MOVIE_S3_data/elevation_000213.asc
nrows	100
cellsize	150.0
xllcorner	0
ncols	100
yllcorner	0
NODATA_value	-9999
[rows 34 to 50 of 100, columns 37 to 73 of 100]
7.650288948919309462e+01 9.698463872697642785e+01 1.052620656571757252e+02 9.703007090141950641e+01 1.052620656571757252e+02 1.119295512643421660e+02 1.145818525348182106e+02 1.109244307470832354e+02 9.145848530330896153e+01 8.569517174109259372e+01 9.145848530330896153e+01 1.021973821333199197e+02 9.878005165151908784e+01 8.920107304606685261e+01 7.389675562693732047e+01 5.364919773893404198e+01 6.804324691679315151e+01 8.786210014806788138e+01 8.320401461289252154e+01 6.591599156588210917e+01 4.561618072385018507e+01 4.468169880715449693e+01 6.496022816349628215e+01 7.391532169691721776e+01 8.153833799345447630e+01 9.091269081652316686e+01 1.029865855869422688e+02 1.058296397926280008e+02 9.765538349136519969e+01 8.215615819019485855e+01 7.921798507951302781e+01 8.505279479140814658e+01 9.170354984723705627e+01 1.015400705129848973e+02 1.211165264911023201e+02 1.267138517380666798e+02 1.072866784558313071e+02
9.103524755610931152e+01 1.002857666438833064e+02 9.178316752637176990e+01 1.002857666438833064e+02 1.061836238996958315e+02 9.207157886312592154e+01 9.468909038183528537e+01 1.088246187572085830e+02 1.110766567647187344e+02 1.053723550694205500e+02 1.110766567647187344e+02 1.044715527555290748e+02 8.533431825227478384e+01 7.130396555551324411e+01 6.113139681402869030e+01 6.802203180666747073e+01 6.201090198982037549e+01 8.228862152997086810e+01 8.352885522738691293e+01 6.335133363765734060e+01 4.890298960135411477e+01 6.496022858424214519e+01 4.722725615472464256e+01 6.755943869512505273e+01 7.843571922754080106e+01 8.674678628314802609e+01 9.490616910670055972e+01 9.435181711580133879e+01 7.771483206746661665e+01 7.198342660039084251e+01 9.206419685224358318e+01 1.047867156171080154e+02 1.113282985020435376e+02 1.194990794115523158e+02 1.293211875259569865e+02 1.349514436835196989e+02 1.236573505732318523e+02
1.033252779281262974e+02 9.011665863623774442e+01 7.152318572058497637e+01 9.011665863623774442e+01 9.624869749443107025e+01 7.808340857268755997e+01 8.070400393395279082e+01 1.005155455199129477e+02 1.047367786511550349e+02 9.645169847741949809e+01 1.047367786511550349e+02 1.067380272496256310e+02 8.784357209900002772e+01 7.393222215610198589e+01 7.130730165203340221e+01 8.753548195460768966e+01 6.847397451576817673e+01 8.834958200030986575e+01 8.697148372948457506e+01 6.686686660374850533e+01 5.236989503974996296e+01 7.275537262671738858e+01 6.755943869512505273e+01 4.982771197339381075e+01 7.019577311576347256e+01 6.657592576624021774e+01 7.735633734320083477e+01 8.090851617110071459e+01 6.587079102133159836e+01 8.614270075822004458e+01 1.002446999445294864e+02 1.123214017623803329e+02 1.137492720865791682e+02 1.205977506131452941e+02 1.228490775242544686e+02 1.312535850285529193e+02 1.320600404847747598e+02
9.367987055860200485e+01 7.448455296143031035e+01 6.137724701064423272e+01 8.165317662347841576e+01 8.798562644575721947e+01 6.805571253354416683e+01 8.619385511289681290e+01 9.446287213348576017e+01 9.479134887064996917e+01 7.660685529271617611e+01 9.281290719506191067e+01 1.010840237146209688e+02 1.016390515388687561e+02 9.364521585910088675e+01 8.285442256800602934e+01 9.531056079489762567e+01 7.562209009988148978e+01 9.531056079489762567e+01 8.806386172986228189e+01 6.798715012247942013e+01 5.610002764607853720e+01 7.647256687889723992e+01 7.817122049159453923e+01 6.403386691003869657e+01 5.251905405340229294e+01 5.467743842217804939e+01 5.690025957539273804e+01 6.049955758398591144e+01 8.090851617110071459e+01 9.435181711579713237e+01 1.067360271213677123e+02 9.285704989886791338e+01 9.483072829754966904e+01 1.083016051253368062e+02 1.033153903653324477e+02 1.229912191951688811e+02 1.238377567159655968e+02
8.519639529114499510e+01 6.490952016518217249e+01 5.421151539428389299e+01 7.448455296143031035e+01 8.223235586468604197e+01 6.221267922821643026e+01 6.622638234439159532e+01 8.245864574687279003e+01 7.500632795608375147e+01 6.657094388704594223e+01 7.294232343424853582e+01 8.700498768887803180e+01 1.068344652267231254e+02 1.103395348617068521e+02 1.023757623881866863e+02 1.033497544195266471e+02 8.708128910594138006e+01 1.033497544195266471e+02 9.615478182028616061e+01 8.063984094113676804e+01 6.022455507118740314e+01 7.968096219523283708e+01 8.995007780577529388e+01 8.053617341941431107e+01 6.702002574981513305e+01 5.900877908989780707e+01 7.731302525415752314e+01 6.108132230686262432e+01 8.159495627304769982e+01 8.928728295225803890e+01 9.281420086683363024e+01 7.844716296571495207e+01 8.349233159587015507e+01 8.900550518861034277e+01 1.093102271273350112e+02 1.279908996351882422e+02 1.320600406563399645e+02
7.603266735852749036e+01 6.863223111308862201e+01 4.840327609122729768e+01 6.269284560576496546e+01 8.297117615703255922e+01 7.466562933496780374e+01 5.460682834802727825e+01 6.246521229311586154e+01 5.495080420806262822e+01 6.130982909948212978e+01 8.134062031268129545e+01 1.010840237141742364e+02 9.576551650481798106e+01 9.802496696949506827e+01 1.066687439628121723e+02 1.145733352655339701e+02 1.065519549766558498e+02 1.037905776993522835e+02 8.383600571764546316e+01 6.946489201524133250e+01 8.063984094113676804e+01 6.903893246302105524e+01 8.924794561279801997e+01 9.521305787181705682e+01 8.366805943817988123e+01 6.374637247045370714e+01 7.958494805645963766e+01 8.132282916701534248e+01 6.542197579974728683e+01 6.882538618848300871e+01 7.239539490338330552e+01 8.437102165991568370e+01 1.034940263310687811e+02 1.030805233993589809e+02 1.007453443541666616e+02 1.144794175654915733e+02 1.335079857835760322e+02
5.579426388425547145e+01 6.172195502148036184e+01 4.382140975630933610e+01 5.805926768892059187e+01 7.838821579884209712e+01 8.279538274981955226e+01 6.832115337361103968e+01 4.832776225605442733e+01 6.832115337361096863e+01 8.134062031268121018e+01 8.959522302332928234e+01 8.986416229107145170e+01 7.533267476083688052e+01 7.756235656865696626e+01 9.349928640620811393e+01 1.021148755268652906e+02 1.163084859969536069e+02 9.651593515921700828e+01 8.233934306859084984e+01 8.383600571764546316e+01 9.593133817760653415e+01 7.588116048318100582e+01 9.593133817760653415e+01 1.024891700427808416e+02 8.305253061724235408e+01 6.890431050647407574e+01 8.798991317597278794e+01 7.630554337060365810e+01 8.590112538061350733e+01 8.928728295225803890e+01 8.307001137957254855e+01 1.009615869104117252e+02 1.043477981521878917e+02 1.212733786724444087e+02 1.200527561602818878e+02 1.279909004450519916e+02 1.363237289285742406e+02
6.172178091857879423e+01 4.160341557008704427e+01 3.960072476120556928e+01 5.377106189866286456e+01 7.412011830282803260e+01 8.002055482485123150e+01 6.526663201798797331e+01 4.529116107280701442e+01 5.941621284833949801e+01 7.940877663113096219e+01 8.778348613973101067e+01 7.924135458186707126e+01 6.095346190142299037e+01 7.906232584315792167e+01 7.308234097678987951e+01 9.349928639360022942e+01 1.056035572482484497e+02 1.104880523806499752e+02 1.023130390699629260e+02 1.037905776993522835e+02 1.041046600629002370e+02 8.599612522261436709e+01 1.041046600629002370e+02 1.010932649531841463e+02 8.159454184454760650e+01 8.051301969288321914e+01 8.342762168020095714e+01 9.500177076713187319e+01 8.795922852372179079e+01 1.048653467671331470e+02 1.004250089657274145e+02 1.122215676412577210e+02 1.238245120669705130e+02 1.208324258643327340e+02 1.122103298227667239e+02 1.208324258643327340e+02 1.278250553371363765e+02
4.942611060784800259e+01 3.421980522797237967e+01 5.411712148597918315e+01 6.803541347663605166e+01 8.089163949621062955e+01 6.661658195351263601e+01 5.252807224787331819e+01 4.232873857274108076e+01 5.650289842364406923e+01 7.652068753812409341e+01 7.598871084291329225e+01 5.889230420355382734e+01 5.329729535390367090e+01 5.870088669422898420e+01 6.639165951689626866e+01 7.655599532532508533e+01 9.696668915780716702e+01 1.133324501212308206e+02 1.048319488056078512e+02 1.133324501212718616e+02 1.140085466303233659e+02 1.058665511325987580e+02 1.140085466303233659e+02 1.091005446381711437e+02 9.543668051882197290e+01 9.437039426896512850e+01 9.787002288718542786e+01 1.102838905046805422e+02 1.041346434732370341e+02 1.032933437493641122e+02 1.147079021095651967e+02 1.277024459928823035e+02 1.230316214255370824e+02 1.103922001230320546e+02 9.130300818916420269e+01 1.103922001230320546e+02 1.192400602815022808e+02
3.001136726362187801e+01 4.942605081858516058e+01 6.237401710859160175e+01 6.369816810702660348e+01 6.950758392754877946e+01 5.253653856404778111e+01 3.823205937507049157e+01 5.838503211909981161e+01 7.064547291225790104e+01 7.065099817319493525e+01 6.217528806557414356e+01 4.724424797940893228e+01 6.749282486925137903e+01 7.906232584517115924e+01 8.676134224156609775e+01 9.533369324202020323e+01 1.056035572482484497e+02 1.031101237148559733e+02 8.441934483574014791e+01 1.031101237148559733e+02 1.112643610292830800e+02 1.027724647121438721e+02 1.054314830765514017e+02 1.139240545070220065e+02 1.147494678113302342e+02 1.136880319841811939e+02 1.176963850223513646e+02 1.069609643321676344e+02 9.727966372829800434e+01 1.054766421560503176e+02 1.079767980704756525e+02 1.172005756197810911e+02 1.134408766631061809e+02 9.196327989062355357e+01 8.138164218780519832e+01 1.017566654404381978e+02 1.073982844572159223e+02
2.790784598686544626e+01 4.642831181261271922e+01 5.733025656041250073e+01 4.340603247220619920e+01 4.931617672031816113e+01 5.205765467145981518e+01 3.555093303990334874e+01 5.573667071513323634e+01 6.572225172575134877e+01 5.728151136780078900e+01 4.199775131037144860e+01 6.217528806557414356e+01 7.598871090385718219e+01 8.436642300641733527e+01 8.436642300641733527e+01 9.280095060963350306e+01 1.068389868881338032e+02 9.462564682067403510e+01 7.426162194297064900e+01 9.462564682067403510e+01 9.947842848458958542e+01 8.239484015192206812e+01 8.503280246215717852e+01 1.054314830765514017e+02 1.067982353302600131e+02 9.830171971679308740e+01 1.067982353302600131e+02 9.359230667418584915e+01 7.374791932408476214e+01 9.353621359198113794e+01 8.376581011123293763e+01 1.012819409380135198e+02 1.008766459750530800e+02 9.455299990511524300e+01 7.450398806677397090e+01 9.455299990511524300e+01 9.888832920297238616e+01
2.611015540602179996e+01 4.529839767803832729e+01 4.613371909665239201e+01 2.931927919069111255e+01 4.805800137029443420e+01 3.210187118119344518e+01 5.205765467145977254e+01 6.113919917407643823e+01 5.273411195271203411e+01 3.720113082897057666e+01 5.728151136780078900e+01 7.064756013358737619e+01 7.851504447886648563e+01 6.422913834809928346e+01 6.422913834809928346e+01 8.436642300641733527e+01 9.835348594871668126e+01 7.793863340482340618e+01 6.743107674437455046e+01 8.783763852810625394e+01 9.100743768685467217e+01 7.067253030062772723e+01 8.457697535194890293e+01 1.049786199702320033e+02 9.657370675419153372e+01 7.787890136796532659e+01 9.657370675419153372e+01 8.426868074452127644e+01 6.308755090724994830e+01 8.409639887195962160e+01 7.093240572081163009e+01 8.770226562560651473e+01 8.577078222486736081e+01 8.909448699951531125e+01 6.913703681767191256e+01 8.484015171385503606e+01 8.876940023644253586e+01
2.792115425182558397e+01 2.654775563246784387e+01 2.686087159488845089e+01 2.717679108383994802e+01 2.919807620434041340e+01 4.852902465358236839e+01 6.010028023201596881e+01 5.239958299246843154e+01 3.307278738048796640e+01 5.273411189314729342e+01 6.573239992010594790e+01 6.947285908705221402e+01 6.112927845068055888e+01 5.000722034593034948e+01 6.422913834809928346e+01 8.436642300642847658e+01 9.611460346254710885e+01 7.570782021568258813e+01 6.119930926444830988e+01 8.168482864648407826e+01 8.457697535194888872e+01 6.418695972080503509e+01 8.457697535194888872e+01 9.954447291302639655e+01 8.809031054237908620e+01 6.764184769501223116e+01 8.809004443781645932e+01 7.690294820543481080e+01 5.621055972026246650e+01 7.180853579802277409e+01 6.157581659437576604e+01 8.211758436639578917e+01 7.336262916503510212e+01 7.815264383336013054e+01 6.397485366241216553e+01 6.448819139333323847e+01 6.855925175085700118e+01
3.092986760302245131e+01 4.579816690950028146e+01 4.614071150442526204e+01 4.648533723051652800e+01 2.763378889223348622e+01 4.696483583210873292e+01 4.791402608234736249e+01 3.666211409027921775e+01 3.098596758749889801e+01 4.972031565993955837e+01 6.787073134130646679e+01 6.109748520231961066e+01 4.105333753234781113e+01 6.112541708593086298e+01 7.290755699592544659e+01 8.135505917156572764e+01 9.130467852386355787e+01 7.087164989860448827e+01 5.631582979119737331e+01 7.685634542276210368e+01 7.267606682274643504e+01 5.885806406206952346e+01 7.070282272051714756e+01 9.107305510428227535e+01 8.127410500847480535e+01 6.078716376808920785e+01 7.253837492342879045e+01 6.879420130252520948e+01 5.010919379712635191e+01 5.133343734914075895e+01 6.983883450650144198e+01 7.475033487926633313e+01 7.202279153997521632e+01 5.758440161099458976e+01 5.893518313550435295e+01 7.951733513260322184e+01 8.321313428281830227e+01
5.072801243622698308e+01 3.630664085572816902e+01 5.614994157805901409e+01 5.039838074905738807e+01 2.993484182469815025e+01 2.809385647364083027e+01 2.842004286821747527e+01 2.874482202873840109e+01 2.906776617871192414e+01 2.947032447927878707e+01 4.872581359836933501e+01 5.495887953909560508e+01 3.597944586782610799e+01 5.586073602039996189e+01 5.315595091435938002e+01 7.290755699593798056e+01 8.492160509082677322e+01 7.247709277579875220e+01 5.192672494316717291e+01 6.666454343079340106e+01 5.217353056606545181e+01 6.669733754450092533e+01 8.710998779188501828e+01 8.834018508867237074e+01 7.985978257943035885e+01 7.253839133887710489e+01 5.208715511946562060e+01 4.842539076074134385e+01 6.879551210766895508e+01 7.180851342165418316e+01 5.312346127912614691e+01 5.440570932187615938e+01 5.570381588929091521e+01 7.625867080164340450e+01 7.951405157324862216e+01 6.109886242951208146e+01 6.265920701022520944e+01
5.445058353418988162e+01 4.029548217352203210e+01 6.030222680052493445e+01 5.348500296501528339e+01 3.380674063758850423e+01 3.646138695159797294e+01 4.765227560395379669e+01 4.268913044124047218e+01 4.852983173097653946e+01 2.950209978389759513e+01 4.786567421921104426e+01 3.092040227473533420e+01 3.156248653961801054e+01 3.932963676023221922e+01 5.894106239629156363e+01 6.569393960380375574e+01 6.569364038887509594e+01 8.094402199446180646e+01 6.666449263723775687e+01 4.617230079448733449e+01 6.666454343079089995e+01 7.839331301740085678e+01 7.614308305636028251e+01 7.985978257929883739e+01 5.941755586412426737e+01 6.540494544637601848e+01 4.676660216337428011e+01 6.707252761459066903e+01 6.490645272612914596e+01 8.234958199312630711e+01 7.459769817965721472e+01 7.494281999487117218e+01 6.597495787379894239e+01 8.426064851481088169e+01 7.792243086679833652e+01 8.167059429578486629e+01 7.459281222955881674e+01
5.632589167509843264e+01 4.471024875080745886e+01 6.486949335011475171e+01 5.848755576994951610e+01 3.873988294401840449e+01 5.574704101220336838e+01 5.215232365031528161e+01 6.360583568172474855e+01 5.731223619258690860e+01 4.902714925135346391e+01 2.995713347163497176e+01 3.239923917702132172e+01 5.028561008844852864e+01 3.252445045387660372e+01 5.246003163170657757e+01 4.615387282902316457e+01 6.562900570648380949e+01 7.013191365961615986e+01 6.156487162150560266e+01 4.338954420409763912e+01 6.188410718046249315e+01 5.570741966781748289e+01 5.575577135673376006e+01 6.274113462345999181e+01 6.376139289855004932e+01 4.515345730471700136e+01 6.540494483697324313e+01 7.555145647041777579e+01 8.489223594708781206e+01 9.314353352042635947e+01 9.453358164776757633e+01 9.403168354655795724e+01 8.577308152643071537e+01 9.403168354676606100e+01 9.235284911544513875e+01 9.498871319636444355e+01 9.104866897196397701e+01
