MOVIE_S3_data/elevation_000737.asc
nrows	100
cellsize	150.0
xllcorner	0
ncols	100
yllcorner	0
NODATA_value	-9999
[rows 51 to 67 of 100, columns 37 to 73 of 100]
1.040756615342872919e+02 8.396425729829832107e+01 9.335109000095653187e+01 1.136020343212615273e+02 1.131686874984139166e+02 9.273956174906447814e+01 9.648837617272758393e+01 7.762037129262050428e+01 9.690933944925924948e+01 9.502456233543937003e+01 8.005646461461945762e+01 6.012837354116914668e+01 8.005646461462065133e+01 9.684086842966733855e+01 1.011894963493562756e+02 8.115829060477862811e+01 6.854554907065464420e+01 7.632827257107921071e+01 8.898006527131992982e+01 9.720753262307242437e+01 1.025314055962572155e+02 9.442204598750711853e+01 8.738046287026561743e+01 7.319813948165906936e+01 5.624968957282379023e+01 4.214793888557841939e+01 5.935715669120776283e+01 5.953382958016972282e+01 4.408518714342665845e+01 3.800943952983665497e+01 6.625973043699337950e+01 6.374745249452991658e+01 7.919877017217213222e+01 8.765714112850395168e+01 9.938690027555338702e+01 1.029453766461982127e+02 1.114596775357281899e+02
8.921499543666377008e+01 7.685852247755082089e+01 9.706720752317463052e+01 1.105537984608906044e+02 1.196807262578300310e+02 1.131686874984139166e+02 1.064667319735903988e+02 8.938102617937454397e+01 1.064667319735903988e+02 8.658664163410288950e+01 6.645928430372603657e+01 6.515319618771697208e+01 7.928451166180374798e+01 9.963181841736900424e+01 1.029425194592476345e+02 8.297324551156677330e+01 8.297324551156677330e+01 9.643706863122675088e+01 1.046241804148850463e+02 1.024345600732551418e+02 9.389203938841146169e+01 9.080277157216801243e+01 7.607857921867896778e+01 5.901585953938809581e+01 4.504738201022479416e+01 6.207344738454122535e+01 6.834554865931282563e+01 5.475341359965627674e+01 5.254209899541925211e+01 3.853440562212792742e+01 5.832776132272551450e+01 5.252259567170761301e+01 5.937940911114493048e+01 7.065411368993846963e+01 9.087096238569596096e+01 9.646983205172566045e+01 1.050407208249228290e+02
6.902518087807948177e+01 7.503698185594595316e+01 8.173407410918198934e+01 9.081884637959866780e+01 1.053155070040356946e+02 1.257174637381107374e+02 1.182541253506622496e+02 1.098224347994376728e+02 1.060857167729415380e+02 8.567528226387626944e+01 7.138648616254837975e+01 8.524409983162595950e+01 7.359799890980910675e+01 9.390231937409132001e+01 1.111094436379184600e+02 1.029425194592476345e+02 1.029425194592476345e+02 1.001179604955994904e+02 9.156881933999392231e+01 9.389203938663908389e+01 7.356802425069975016e+01 7.063458095139742454e+01 6.770437626296620692e+01 4.800262969916339983e+01 5.901585953938809581e+01 7.319816120482677491e+01 7.735894864755667300e+01 6.963128039284784165e+01 5.891502189633945363e+01 3.906114792417783121e+01 4.440680884264546791e+01 6.429825500798483517e+01 7.919877017217218906e+01 8.765714112850395168e+01 9.315595933632407366e+01 7.592944664421538903e+01 9.310003767527790330e+01
8.921499543666340060e+01 9.533511192671596746e+01 1.021356308354829423e+02 1.105537984608906044e+02 1.196807262578300310e+02 1.245062685370399862e+02 1.161553751048269447e+02 1.245062685370399862e+02 1.083163762120776852e+02 8.790843271704542872e+01 7.771015648127595910e+01 9.810174735082416930e+01 8.261558690999777355e+01 8.792258884429305965e+01 1.083386659184665888e+02 1.127100865721905762e+02 9.202668402446067830e+01 8.019736575190826500e+01 7.124114424266157641e+01 8.198626139565210735e+01 7.622868682285282205e+01 5.965062192764401061e+01 5.097806124377862602e+01 6.770437626296620692e+01 7.607857921863205775e+01 8.738046287026561743e+01 8.009320171066495675e+01 6.951217151214763135e+01 5.726149745055446516e+01 3.959326541395676458e+01 5.894745403494700753e+01 7.170826189715501187e+01 8.525915007522846167e+01 9.141413421882967327e+01 8.291571702874026073e+01 6.448988637024061177e+01 8.043060314161134272e+01
9.180594529160210016e+01 1.030736269703736951e+02 9.469491943124000954e+01 9.732585895461265579e+01 1.057009192837371785e+02 1.102264624757256826e+02 9.591987254570217658e+01 1.143994513094606447e+02 1.167552621843135370e+02 1.053320327185115275e+02 8.488169746488894418e+01 1.053320327185115275e+02 9.281978410864296336e+01 1.083386659184665888e+02 1.167871008121795597e+02 1.212687785286014304e+02 1.093307434377032621e+02 1.001179604955852795e+02 8.198626140383949235e+01 6.204143802867303492e+01 5.651128742657147797e+01 5.421654454871957540e+01 5.830591900894535229e+01 7.027856454416517806e+01 8.926867250962992273e+01 8.650821557559473263e+01 6.513461481188181779e+01 5.012384779097183696e+01 4.436390843001794337e+01 4.012877513180966105e+01 6.014526964874639248e+01 5.720907977676053235e+01 7.697821795415843837e+01 7.977404286475841388e+01 6.290184869220192354e+01 5.661939721715323515e+01 6.053517997068596657e+01
8.515852489002821812e+01 9.132633050642579065e+01 7.429874477630242779e+01 7.695174172911424648e+01 9.732585895461265579e+01 8.997326984745096468e+01 8.577296142992595662e+01 1.001137113951899238e+02 1.203392135562617540e+02 1.137716039826282781e+02 9.670461417295682338e+01 1.137716039826282781e+02 1.072797816130248805e+02 1.217283253725859851e+02 1.265248965919732598e+02 1.179747365852136198e+02 1.044851788571640299e+02 9.263885541719710659e+01 7.998045938470164629e+01 6.012777154976499361e+01 7.622868683034955950e+01 7.388867833785518258e+01 7.241820559726309625e+01 7.205601921661106246e+01 9.171045356331015341e+01 8.650821557559473263e+01 6.513461481188180358e+01 7.124498457346979308e+01 6.435104466312741067e+01 6.012831236001417778e+01 4.089516620012181392e+01 6.088316534599523067e+01 6.994956714457437386e+01 6.678084952865918922e+01 5.169448632432047219e+01 7.136070475937208357e+01 8.047334670604786311e+01
6.463837333589505363e+01 7.322355145316545588e+01 6.235164311247056190e+01 8.281227437371050826e+01 8.792966096835239398e+01 7.557134189574117045e+01 8.997326984745096468e+01 1.102264624757256826e+02 1.139199189781509318e+02 1.222733129059901245e+02 1.171173056208203178e+02 1.255460852403576268e+02 1.276976619740775334e+02 1.326211961349504236e+02 1.145806047861794639e+02 9.726747632887219197e+01 9.592727349644277979e+01 7.546773110132137674e+01 6.407205165263664526e+01 7.998045938469222449e+01 7.139611435284010099e+01 9.170689277307012333e+01 9.405692690502090159e+01 9.177736314480080182e+01 1.001210299926688236e+02 9.505473849993214230e+01 8.650821557559473263e+01 7.888374929509504341e+01 6.435170487501757464e+01 5.475504253358886331e+01 4.324741360230530773e+01 4.168818489347977874e+01 6.162557967469761877e+01 4.707583392786034437e+01 6.678084952865918922e+01 7.354663248944495990e+01 7.847690653112017856e+01
5.012418621299629251e+01 5.262383226562280925e+01 5.731438863234153303e+01 6.222570502272782988e+01 6.746011458978519215e+01 8.792966096835239398e+01 9.469091344099341256e+01 9.960852149298064262e+01 9.368054655811084785e+01 1.139199189781509318e+02 1.271283295604164039e+02 1.384694750905055969e+02 1.265525411338341684e+02 1.119615486275511955e+02 1.060193943020352663e+02 8.533962802642123791e+01 8.896062688175031496e+01 6.868943291580423249e+01 7.144410075432487872e+01 9.181407945007478588e+01 8.300694035871167387e+01 1.002530951645528887e+02 1.124044982920475348e+02 9.175890638272701949e+01 9.175890301680823313e+01 9.290811163525908967e+01 9.215869996364112637e+01 7.490353203100497126e+01 5.464845040167454471e+01 4.655551120289900524e+01 6.430731104342294202e+01 6.163061193882748512e+01 4.248417140082583643e+01 5.960653542949076211e+01 4.965003501612449099e+01 5.408087504600975137e+01 5.865423809342467365e+01
6.712868091991953179e+01 7.322355144983183095e+01 5.766384044558127187e+01 6.146314761182734543e+01 6.557710215258346409e+01 6.984658104978383619e+01 7.436553358906407141e+01 7.933270406924957285e+01 8.841436635014783008e+01 9.854934314714807897e+01 1.187802233352561387e+02 1.299489297781761934e+02 1.092790675982142687e+02 9.730552581069383677e+01 1.069460898399847224e+02 9.407992567603096745e+01 7.360242486151916808e+01 8.896062688175031496e+01 8.150484410065878649e+01 1.003694912025003845e+02 1.035912487827995676e+02 1.121511819855539045e+02 1.018909856211171387e+02 9.004262355848426580e+01 7.129720114634072559e+01 7.248234921159557587e+01 7.556057275973587650e+01 6.359412396900353315e+01 4.990816552192102051e+01 6.604246101194715379e+01 7.454779735949054498e+01 7.070574052078985972e+01 6.237829048063279203e+01 4.329215869004245576e+01 5.202622309802362111e+01 6.911445771253453074e+01 7.847690650194552120e+01
5.844648188292498503e+01 7.898878540063056164e+01 7.232147650577081777e+01 7.344869170547151782e+01 8.608958819517469863e+01 8.431727147412101431e+01 8.875927718473627692e+01 9.368054655811084785e+01 9.368054655811084785e+01 1.139199189781509318e+02 1.271283295604164039e+02 1.288354811452207969e+02 1.215843799073001321e+02 1.008827115641513643e+02 8.622171052193274932e+01 8.031183390753649576e+01 8.265372320145516483e+01 1.026430260125127631e+02 9.606094510645309015e+01 1.106869092972797262e+02 1.174241455326058343e+02 1.089098722338832772e+02 9.335712780677091871e+01 7.286855441994396188e+01 6.144325072412182465e+01 5.855242776689161843e+01 5.580863492071169674e+01 5.330504412893403554e+01 6.359412286522874069e+01 7.787564180053831819e+01 8.555306609707815824e+01 7.625594586445332368e+01 6.367084133794460854e+01 4.386747895092974403e+01 6.367470029326942438e+01 6.628216624805590129e+01 7.945984360125719093e+01
7.034472485180440060e+01 8.741217528866620512e+01 9.275074662443910256e+01 9.383925717070977157e+01 1.022172150913907842e+02 1.045918291487437273e+02 1.090111501379133898e+02 1.139199189781509318e+02 1.139199189781509318e+02 1.222733129059901245e+02 1.231519966818290612e+02 1.092442386629953432e+02 1.231519966818290612e+02 1.155033849676528490e+02 9.716375808511813261e+01 9.489739594194104200e+01 9.456971759216632734e+01 1.118875847383795303e+02 1.167591699325854080e+02 1.143503422874837128e+02 1.058267830254299326e+02 8.821600228548099665e+01 8.652970933585649504e+01 6.621285051203561522e+01 8.152804444657498095e+01 7.846514185805726527e+01 6.255688828669234880e+01 6.185687235472628487e+01 8.138572085615992080e+01 9.215715914388820806e+01 7.688115970228626850e+01 5.640319912762972621e+01 4.952191454189478748e+01 4.444122614868347654e+01 6.421482780075159269e+01 7.192396723496827349e+01 8.000571378246216625e+01
9.079679170349353967e+01 9.918697433212871317e+01 1.008911848862647531e+02 1.007397162065014413e+02 9.234919644017395512e+01 1.007397162064823277e+02 1.150361805103137982e+02 1.147971955885329720e+02 1.232506070416504969e+02 1.238890111783643277e+02 1.144175269969080802e+02 9.553117832378575258e+01 1.144175269969080802e+02 1.264178624351058318e+02 1.178715233604224295e+02 1.156090665539029203e+02 1.152823773404183925e+02 1.238351457559284086e+02 1.204498608306579399e+02 9.976970587486751185e+01 8.506735401895517157e+01 7.730996041139204067e+01 7.149765923736755724e+01 8.048590591781648129e+01 9.506316092242403215e+01 9.039023469168871827e+01 6.997109138842381526e+01 7.327095706823892840e+01 9.041733118314473927e+01 9.804942151983317444e+01 7.686499583577288774e+01 7.628105139600916118e+01 6.843740919620269381e+01 6.420668990516750796e+01 4.524971511266684132e+01 5.521969171034641732e+01 6.283359956315653250e+01
7.772116255808040819e+01 8.607232942596448311e+01 8.076398278504500183e+01 8.076398278504500183e+01 7.228301777294994679e+01 8.644325190230495082e+01 1.056103572088139657e+02 9.457784598349844885e+01 1.115450013567518113e+02 1.157178187460457508e+02 9.622034722128719864e+01 8.682752259318601773e+01 1.062835385674241735e+02 1.217365599875103328e+02 1.152809151324493087e+02 1.071365169383823286e+02 1.152809151324493087e+02 1.251120734257567904e+02 1.264592741319433884e+02 1.058267830254299326e+02 9.418071464753533917e+01 9.798045638102524890e+01 7.730996041462115898e+01 9.797470531495355317e+01 1.094939655790074511e+02 9.892408278680656508e+01 8.007166020305413667e+01 9.372140871446102039e+01 1.022465795102038442e+02 1.018062770126699519e+02 8.160855560944415288e+01 6.754155639855535753e+01 6.808320386421151227e+01 4.844960110741102000e+01 6.497953636782345654e+01 4.607708721953586917e+01 5.430888172877647690e+01
5.772308859039356577e+01 6.915221391658967320e+01 7.223425647584851106e+01 6.076000143122706731e+01 8.076398278504500183e+01 8.545323931141714979e+01 8.545323931141714979e+01 8.299334284049116661e+01 1.031235486512271251e+02 1.143072214408557699e+02 9.979819990934475982e+01 8.028148172694322682e+01 9.409244117349071246e+01 1.094100488045927051e+02 1.012809917468387511e+02 8.765568491186523659e+01 9.739610092512454287e+01 1.128952075484912569e+02 1.241897010734433451e+02 1.233855595310931506e+02 1.148873682494136972e+02 1.058304913647720014e+02 8.506735504940728276e+01 9.418210328793597341e+01 1.149103691700503163e+02 1.092348150706372678e+02 1.007088091803232857e+02 1.092348150706372678e+02 1.011259690046582449e+02 9.261020167961362404e+01 8.296806402935042968e+01 7.124187426922050292e+01 5.163854185437273259e+01 6.808320473389798622e+01 6.633432479491867184e+01 4.665954568510227318e+01 6.367866012840846679e+01
4.620526077888180794e+01 4.918226145774770686e+01 5.226033782783473214e+01 5.651028872364246070e+01 6.085876082961252109e+01 6.542978002521681447e+01 7.144199235371927159e+01 8.299334284049116661e+01 1.031235486512271251e+02 1.061698139799764391e+02 8.668286780314602424e+01 7.535100360707200196e+01 9.491902036366589357e+01 9.812076393227279425e+01 8.175706125733282192e+01 7.785125946632211935e+01 8.527696342041090816e+01 9.652395503414184930e+01 1.160106336359592660e+02 1.126581545429959732e+02 1.208224388431027023e+02 1.143646838256226204e+02 9.707606550897530440e+01 1.143646838256226204e+02 1.234679050570497481e+02 1.178563212241246987e+02 1.093534623390383445e+02 1.112515359691738723e+02 9.261020167961363825e+01 7.228872167591984521e+01 7.453854067904022429e+01 5.489638352589559389e+01 7.124187426922050292e+01 7.485730921758951695e+01 4.951258456423464338e+01 4.723886962195889794e+01 6.688469443017959293e+01
6.617526916909422141e+01 6.915221391658967320e+01 6.636590371162100155e+01 6.487356407475623143e+01 8.085954270464620208e+01 8.545323931141714979e+01 8.175949971640386593e+01 9.988883557755244169e+01 1.115450013566727847e+02 1.044491371626970562e+02 8.493269565088283457e+01 7.105629368385426403e+01 8.510729410067943945e+01 8.396103925268825208e+01 7.041247890533114173e+01 9.000884522309937097e+01 1.047599944995882595e+02 1.128952075484912569e+02 1.095308512004773291e+02 9.316381073275449864e+01 1.095308512004773291e+02 1.139825043772581381e+02 1.177892594793375594e+02 1.262920661357443066e+02 1.239377418717938326e+02 1.033124950095498917e+02 8.865551788015490331e+01 9.626292530364958111e+01 8.223176417636993563e+01 7.824074536525483836e+01 5.847638069115558324e+01 6.065545823388740843e+01 8.053134646396989638e+01 8.326166874140297125e+01 6.508301661197580756e+01 5.900466233268301153e+01 4.805448703217099649e+01
7.212743811027112883e+01 8.861818535651372031e+01 8.640171330803595140e+01 8.490023579102519591e+01 8.120632111182997903e+01 1.013362712668207735e+02 1.018884957519404395e+02 1.103042913684103468e+02 1.141572935887353140e+02 1.062145792773972346e+02 9.875856899275828482e+01 8.510729410075475698e+01 6.552189697302753757e+01 6.437993775981531996e+01 8.396036018566594805e+01 9.809420603444944220e+01 1.016273337852612570e+02 1.073659161365860086e+02 1.014030898964779510e+02 8.189287081845003513e+01 1.014030820727104043e+02 9.447345042001386162e+01 1.083124082191138484e+02 1.196018390455272566e+02 1.235138561141237687e+02 1.116011383183727759e+02 9.626292530364958111e+01 7.570545390972286270e+01 6.870578033817506025e+01 6.227667000248729323e+01 7.824074536525483836e+01 6.706756981997806122e+01 8.726323478596592054e+01 9.387253782801550983e+01 7.805071926386146686e+01 5.832834945578139951e+01 6.767771069090123603e+01
