MOVIE_S3_data/elevation_000783.asc
nrows	100
cellsize	150.0
xllcorner	0
ncols	100
yllcorner	0
NODATA_value	-9999
[rows 68 to 84 of 100, columns 37 to 73 of 100]
8.963099962856573200e+01 1.026537062321582141e+02 9.937812648163064466e+01 1.052633076860299326e+02 1.022605128397680119e+02 1.038228773928838535e+02 9.555064590399020119e+01 1.038228773928838535e+02 1.138083441186724514e+02 1.068158708365076421e+02 9.847279573166572675e+01 9.125572959502623860e+01 7.908868998453039012e+01 8.053289734329106864e+01 6.334772967251597464e+01 4.911390620814051289e+01 6.661881349111823170e+01 6.751214660733269568e+01 4.999831089538947282e+01 7.170653430438086673e+01 5.578374543557902143e+01 5.674006112709081151e+01 8.227419621626090418e+01 9.160561182583253981e+01 9.998719052737614277e+01 1.091179351194996343e+02 1.207555358394114222e+02 1.289034466198312998e+02 1.088502098963760147e+02 9.734692860261552028e+01 9.580615686401186792e+01 1.141095229761967431e+02 1.085545297321463067e+02 9.178228711179825439e+01 1.085545251288513953e+02 9.188769413864395119e+01 7.126894347177396583e+01
8.963099962856574621e+01 1.098741038185026326e+02 9.905073102706600707e+01 9.077936163690610272e+01 8.237457562703056624e+01 9.386108834766038456e+01 7.564668304637403651e+01 8.559866447518210464e+01 1.053622541571916713e+02 1.008923857181550972e+02 9.255234748402294542e+01 1.008923855946430450e+02 9.949459714518673081e+01 9.083711828377278152e+01 7.779729461175860195e+01 6.661881349111823170e+01 4.621645467140176322e+01 4.730938100461565909e+01 5.337374866239493798e+01 5.255106278414599785e+01 7.244639455500184511e+01 8.227419621626088997e+01 7.154881094834667010e+01 8.165791262445634402e+01 9.363273085260797757e+01 1.079674858595401048e+02 1.280325012595049259e+02 1.372807024146471235e+02 1.256740024470174149e+02 1.173257049994211343e+02 1.098996394210406180e+02 1.241199663044893811e+02 1.201256655086185958e+02 1.117929377066254517e+02 1.027207813615754048e+02 9.438124171655732653e+01 8.559212977539557698e+01
9.572875571736337008e+01 1.015981216082902137e+02 9.077936163690610272e+01 7.070630615414989961e+01 6.808392243210492722e+01 7.699485692350101829e+01 6.542094720241496475e+01 7.719026046407961417e+01 9.708475793689679278e+01 9.077480741425740973e+01 7.227555306753217224e+01 9.077480742952900528e+01 1.065611009031403142e+02 9.263313857604353529e+01 7.221727285105011163e+01 6.455855913700027315e+01 4.421260543680775612e+01 6.456568541184299193e+01 7.030941255568036752e+01 5.698944682836149411e+01 7.717217579881022971e+01 9.387505834810480110e+01 9.299958148417508141e+01 1.013825034528012310e+02 1.105046394262213312e+02 1.192637009797198147e+02 1.275882196882407982e+02 1.257831969184092600e+02 1.174590237395991892e+02 1.257831969184092600e+02 1.299619333725515276e+02 1.312879816970621221e+02 1.196162199515524520e+02 1.085960756677929595e+02 8.849326494964873291e+01 7.451762864976251421e+01 6.987265391159979799e+01
7.564451888070529151e+01 8.152705565520579967e+01 8.705534448061715125e+01 7.658556798591537529e+01 5.595018182082919367e+01 5.638198433383728769e+01 6.849804656099280464e+01 8.860171572982625321e+01 9.547577402621895715e+01 7.522719859317166424e+01 6.208674670773780235e+01 8.241395027565137354e+01 9.219965627661244412e+01 7.783821162974707875e+01 7.222317135352987805e+01 5.173541980815206642e+01 4.276704981325953270e+01 5.705829049367545736e+01 7.755333242239095171e+01 7.717217579881022971e+01 6.505033349126085795e+01 8.553500993951550413e+01 1.039753535918715102e+02 1.139929551538441785e+02 1.159746661483074774e+02 9.914093941491042017e+01 1.159746661483074774e+02 1.157222865588459086e+02 9.732664515778026271e+01 1.140144540303558642e+02 1.223422238737918519e+02 1.229545448376688910e+02 1.026981210212271094e+02 9.107525356527349913e+01 8.221513451938426442e+01 9.438124188808362192e+01 8.351625439154653918e+01
6.102912665792011637e+01 8.073386313046829343e+01 7.258591471595987343e+01 5.811648495130265246e+01 4.858095387330426718e+01 6.375020243406795828e+01 8.408834314265392607e+01 9.686808234090760550e+01 8.929816395577833532e+01 7.522719855777940268e+01 5.491611705217014361e+01 7.522719855777940268e+01 8.198568844485082252e+01 6.331019258604997191e+01 8.064762324872432941e+01 6.159271384424813789e+01 4.137394705087831426e+01 6.159271381489348585e+01 6.559411646420321063e+01 8.605221522789452138e+01 8.553500993951550413e+01 7.540740455664248998e+01 8.565889917106107987e+01 1.056663314737158572e+02 1.076458191734384684e+02 8.742702060168173261e+01 1.076458191734384684e+02 1.073928344486897117e+02 8.717130861483288129e+01 9.384120959764683789e+01 1.140144540303558500e+02 1.293246816971551141e+02 1.090828689195724053e+02 9.480660948114154962e+01 9.631379429207065357e+01 9.765586647348260385e+01 7.765947586918389334e+01
5.133149671773352196e+01 6.441203698804186217e+01 6.415910659797849291e+01 4.259206739436129396e+01 6.415910659797849291e+01 7.806004422399340115e+01 9.078239524987307618e+01 9.248570563958431023e+01 8.093008594962404345e+01 6.064095987648609309e+01 4.932205317330414829e+01 6.959391810797717426e+01 7.355997238924503279e+01 5.311292267124202482e+01 6.263116144244077077e+01 5.818137254384759416e+01 4.000195242439265542e+01 4.533840753467437423e+01 6.559411647565977432e+01 8.368859699884936276e+01 9.283831950613074468e+01 9.566261532238846144e+01 1.039753535918715102e+02 1.139929551538441785e+02 1.004973943846716367e+02 8.022075116256618799e+01 1.004973943846716367e+02 9.349088504372207353e+01 7.946856150219180392e+01 9.384120959764683789e+01 1.140144540303556937e+02 1.289281458868469770e+02 1.233604311772303959e+02 1.150115586186179257e+02 1.165226352275830379e+02 1.060075141337910622e+02 9.765586647348196436e+01
6.441203698804186217e+01 4.282585950573101741e+01 6.051361160931136851e+01 3.870118753406135426e+01 6.051361160931115535e+01 6.196267625026234072e+01 8.247526576800174780e+01 8.415990975903379478e+01 6.388414553951906072e+01 6.437146113751381904e+01 4.401956037982866832e+01 6.437146113751384746e+01 6.741859111015331507e+01 6.263101698094560987e+01 4.241260889938595113e+01 3.811409197520136871e+01 4.155544593568771461e+01 6.450555120021419953e+01 5.476228429894588601e+01 6.390435642461461185e+01 7.846072566919272617e+01 9.886182003585498990e+01 1.087996383875967013e+02 1.082154605613755223e+02 9.438375640549078582e+01 7.409507635174075801e+01 8.775253400442225882e+01 7.320275038013343760e+01 9.349088504372203090e+01 9.034975919676774936e+01 1.004855723078840271e+02 1.206028223258032170e+02 1.356390829678464343e+02 1.255779357860431134e+02 1.172395175245952430e+02 1.105536676340364863e+02 1.047642211185803092e+02
5.303109544792379637e+01 3.729110087516818339e+01 5.697516917778257550e+01 3.502330641802477373e+01 4.428976055855003580e+01 5.969939142143550015e+01 8.027827393628729169e+01 7.932569315315916469e+01 5.902454118261587723e+01 4.728324480702423926e+01 3.905975862514893038e+01 5.449229893088604371e+01 4.713676968388457311e+01 5.437828203286701267e+01 3.621087983499194252e+01 4.336961164344963748e+01 6.274010418419626234e+01 7.921046484483760253e+01 7.525400737028805054e+01 8.368859699884936276e+01 9.283831950613074468e+01 9.934586541590977049e+01 8.860203574326733644e+01 9.986849603321336133e+01 7.962933154388174728e+01 6.850159462448955594e+01 6.750579050857541574e+01 8.775253400442225882e+01 1.018456321886379783e+02 1.105441973168437357e+02 1.188721775608059517e+02 1.289281458868469770e+02 1.272971736764199449e+02 1.071818613727704701e+02 9.718196785291905826e+01 9.049843660909125731e+01 8.468209036880165286e+01
4.836886654423359033e+01 3.230849517199501264e+01 4.943391385393113069e+01 3.178915255989641153e+01 4.298856792177048192e+01 5.843396178458706203e+01 7.910551403509440149e+01 8.766500940386556806e+01 7.208216905159385135e+01 6.366245132047059485e+01 5.433398863745612317e+01 3.281210934187977557e+01 3.304663479033311546e+01 3.434737387233893458e+01 5.437828203286701267e+01 6.341781622004357644e+01 5.591042856207356238e+01 7.034686745160155397e+01 9.079580554478532406e+01 1.001252810459750009e+02 9.934586541590977049e+01 7.912837476716534013e+01 7.428842226433884832e+01 9.119996314418814620e+01 8.334328791081885868e+01 6.315688422381680311e+01 6.373233097619464615e+01 8.392625913664564052e+01 9.533174741175584188e+01 1.007501697856272784e+02 1.090906414814150480e+02 1.207288825398084811e+02 1.356390829678464343e+02 1.255779357860431134e+02 1.172395175245952430e+02 1.105536676340364863e+02 1.047642211185803092e+02
4.968709214068528723e+01 2.789921203416406925e+01 2.766741078907134366e+01 4.943391385393113069e+01 6.234528470045347603e+01 7.293182463797239734e+01 7.748708581917402682e+01 7.770594590672651236e+01 6.382216829151368387e+01 4.362473374890070232e+01 4.954953795918995496e+01 3.123214756502339640e+01 5.126066594001584775e+01 5.430996203676814815e+01 6.274975391605345010e+01 7.823914139441950510e+01 7.633622275103115840e+01 8.476240428466134347e+01 9.419763813566751764e+01 7.992601389895133934e+01 9.419763813566751764e+01 8.283834762254636530e+01 6.267431645347246416e+01 7.333310109668606458e+01 7.551130860772360620e+01 5.859486039645909017e+01 7.871220929931865840e+01 8.815991056950566929e+01 7.504672955288141623e+01 8.047628968576998432e+01 9.222113044323575082e+01 1.124010541972111241e+02 1.299222722811176993e+02 1.317394626977155383e+02 1.218885878725532308e+02 1.137175546264633539e+02 1.071355164412908891e+02
4.531799833360848595e+01 2.392938296623255923e+01 4.531800504957351450e+01 5.781177577992385608e+01 5.855125512272914534e+01 5.974748254467707653e+01 5.976324720277394675e+01 5.754867741441625384e+01 5.661977107180337043e+01 4.822567159439199003e+01 2.948443904556679485e+01 4.954951749289524798e+01 5.234332778947371168e+01 5.293111328034630958e+01 4.989151926026605111e+01 6.983589426120614974e+01 7.367268352334848203e+01 6.815936910571988960e+01 7.719426150954200239e+01 6.567334512130287294e+01 8.517746467852529690e+01 7.878450155898292451e+01 7.043104835230057859e+01 5.326509336882816825e+01 5.542922764652072232e+01 7.551130860772360620e+01 6.391372153775988352e+01 6.790966616885702933e+01 8.815991056950566929e+01 1.007501697856272784e+02 9.135418450135438206e+01 1.014838171026376585e+02 1.215959337940027751e+02 1.235581281131796061e+02 1.038769811397470164e+02 9.397144007114653164e+01 8.727256629844845293e+01
4.181437412806601372e+01 2.184614974886198979e+01 4.202593048551462118e+01 4.304612966654669037e+01 4.124774150016964569e+01 4.261760118479450199e+01 5.975407341553339791e+01 4.338158474384041341e+01 4.706993788140592727e+01 2.826375138949485333e+01 4.514698978742077884e+01 3.126150578665376756e+01 3.252664655773168079e+01 3.379190132542993297e+01 5.357486345493764190e+01 6.349574139069860479e+01 5.690479902285726155e+01 4.826619035205369812e+01 6.692863527626359144e+01 5.672133009587734165e+01 6.607795495624851867e+01 6.760052974583851437e+01 5.038309826764675137e+01 7.043650874332725209e+01 6.959400196504873293e+01 8.387430000248714634e+01 7.817962922769598322e+01 8.223004186754184275e+01 8.223004440753780386e+01 1.024759271613540363e+02 1.115398754483201884e+02 1.198677600295313255e+02 1.299222722811176993e+02 1.317394626977155383e+02 1.218885878725532308e+02 1.137175546264633539e+02 1.048445219442732395e+02
2.106853211971302642e+01 3.260609010394145457e+01 2.264098292617275732e+01 2.319858490435620268e+01 3.109554769854527834e+01 4.419178532087561706e+01 4.502445474637627854e+01 4.584279318240210443e+01 2.707195919515653415e+01 4.118226664796105752e+01 5.442873442354777325e+01 4.527956087372960070e+01 4.650039562325100917e+01 5.357486556147350143e+01 3.557032873870120682e+01 5.533915297126840471e+01 3.926112306504096949e+01 4.062533433182208853e+01 6.050997846520272105e+01 6.398575756729641739e+01 4.606511495449697691e+01 4.756525026607565820e+01 6.760052974583851437e+01 7.345763800897866247e+01 8.181397372409077207e+01 9.815459900056634979e+01 9.842658739981889937e+01 1.024753075151452606e+02 1.024759077522755604e+02 1.108183688687385455e+02 1.197157318046103995e+02 1.197157318046103995e+02 1.280428451268306844e+02 1.400167258333056566e+02 1.203109654202159220e+02 1.063971643117943131e+02 9.650252135743178883e+01
3.031191585303175273e+01 3.887942963157097864e+01 3.944228992351883534e+01 4.292676445972436738e+01 2.398514929465579471e+01 2.454741432689075609e+01 2.511132316785527863e+01 2.591343528263595175e+01 4.586791636750781720e+01 5.534862624269393905e+01 6.926630446605054203e+01 6.521774150240612755e+01 6.644930345811623340e+01 6.265800078730273270e+01 4.733862637412946128e+01 3.733695553637457465e+01 4.043670933562987813e+01 6.030337728290078303e+01 4.259847410240945464e+01 4.400888249116132300e+01 6.398577922074657209e+01 6.636805881236143989e+01 5.093423484220480901e+01 5.339179585063880040e+01 7.345776142686990795e+01 8.545845699203646006e+01 9.973834873854411853e+01 1.043895747282642219e+02 9.604270491277878818e+01 1.002682602160869862e+02 9.959737544941877729e+01 9.959737544941877729e+01 1.197157318046103995e+02 1.320832312488677758e+02 1.342683329920370738e+02 1.244143868053401434e+02 1.139230801082735098e+02
4.475693472609145829e+01 4.316947132014808375e+01 4.712919398839341767e+01 2.931639288295387402e+01 4.487847027099295616e+01 4.443299871253255162e+01 4.503223369694087097e+01 2.611115290903849839e+01 4.605945671473825342e+01 5.539886483213884105e+01 6.675671352870416797e+01 5.864418469604731854e+01 6.693335229979312828e+01 7.373425689780923165e+01 6.385121864155476601e+01 5.126248767879818047e+01 6.030343229852920928e+01 4.504427487456476342e+01 6.254009658836928764e+01 5.547709677886492585e+01 6.387344996520042884e+01 7.858020092573093507e+01 6.508357410407467114e+01 7.345776142686990795e+01 5.700005940788008729e+01 7.117856524577140931e+01 8.933828533682731177e+01 9.041893449807585625e+01 7.576591232113830188e+01 8.000320888898049532e+01 8.526655998966298000e+01 9.357010335982113247e+01 1.036713614428888519e+02 1.237553439809126274e+02 1.366474825948178307e+02 1.169596790909728838e+02 1.056087077676261288e+02
5.261725981563880339e+01 5.711016381356967742e+01 4.913706363571581193e+01 4.954561236365713484e+01 3.534270602990927301e+01 5.564777987512373159e+01 4.603746319751680716e+01 4.606270753665794615e+01 2.711168015755126248e+01 4.726774202591447249e+01 4.937827969656691351e+01 3.993408878739828793e+01 5.637310587420849828e+01 6.385309276995911176e+01 7.251877194051067477e+01 7.128440343925677780e+01 6.837709160146513909e+01 4.837865438841547672e+01 6.837829871989715969e+01 7.526385330496128745e+01 8.311585626284362149e+01 9.166195367678858474e+01 8.524190186441732919e+01 8.545845699203646006e+01 7.117856524577140931e+01 6.082748613384720926e+01 8.097385925647522242e+01 7.015854493131941183e+01 9.041893449807807315e+01 1.002682602160869862e+02 9.285731408489152727e+01 1.054899055995270061e+02 1.220381183458694210e+02 1.320832312488677758e+02 1.448504422884161045e+02 1.334640858933275354e+02 1.252807239421205310e+02
4.688456294420455350e+01 6.649109544479978240e+01 6.916207552924583979e+01 5.992980128761443837e+01 3.983367380515551304e+01 6.020714814766297707e+01 6.601897918061865767e+01 5.552267152555759822e+01 4.686054709394123563e+01 2.830343377964945972e+01 2.925701235583465376e+01 3.024769474106632927e+01 3.936051021556599494e+01 4.407314911375775779e+01 5.816242161381877906e+01 7.847070630325369223e+01 7.669865561839723966e+01 6.752951817665962153e+01 5.350925844268852671e+01 5.775544563599942194e+01 7.784703435157553031e+01 9.270332735513787270e+01 1.027683684247781599e+02 9.973834873830169556e+01 8.933827879013833240e+01 7.504923502788226131e+01 6.489276683910109966e+01 7.158983633816518477e+01 8.593194153028397864e+01 1.061460783568631001e+02 1.045250249411144523e+02 1.213487076441012817e+02 1.339310034246817054e+02 1.270604330142035678e+02 1.330016792627409075e+02 1.387335659832616557e+02 1.360980835931091804e+02
