MOVIE_S3_data/elevation_000866.asc
nrows	100
cellsize	150.0
xllcorner	0
ncols	100
yllcorner	0
NODATA_value	-9999
[rows 0 to 16 of 100, columns 37 to 73 of 100]
7.499735065699739778e+01 8.352312369359134436e+01 9.983311116772244986e+01 1.046279807984349048e+02 9.276893520454387954e+01 8.449102021309657573e+01 8.449102021302897469e+01 9.022665511367218016e+01 8.184820164274886167e+01 7.915646578092349728e+01 8.411331143929201914e+01 8.961167686708901670e+01 9.590691101696083365e+01 1.034822177837153134e+02 1.118266584432144981e+02 1.234670377412678022e+02 1.079875402782387113e+02 9.961264640271974713e+01 9.998962721998680081e+01 9.105958641209869597e+01 8.809703596708762063e+01 9.205252867613481271e+01 9.629123768013390361e+01 1.010039898775323621e+02 1.061922677165807158e+02 1.120204757195602951e+02 1.187885963002248957e+02 1.272428396723994126e+02 1.374613558361853336e+02 1.538044993380292169e+02 1.455859949214966775e+02 1.481694038116213790e+02 1.455859949214966775e+02 1.538044993380258632e+02 1.395954735182027662e+02 1.313214997660236918e+02 1.313214997660234928e+02
5.448126622030245869e+01 7.325527650890245468e+01 7.985344118609155828e+01 8.462772863237597676e+01 8.449102021308070221e+01 6.448790568679234525e+01 6.448790568679234525e+01 7.819570652558925872e+01 6.346053643631329066e+01 5.923885074685213681e+01 6.428592880581790325e+01 6.978703838592866759e+01 7.599963269929213538e+01 8.343983997385835494e+01 9.495404804858057446e+01 1.151319142896951035e+02 9.961264640271974713e+01 7.969700054646290255e+01 8.541933090753587976e+01 7.191152842339516837e+01 6.838471194683374677e+01 7.227506515757498562e+01 7.640993019688872323e+01 8.100947565653892468e+01 8.609815405044972181e+01 9.183097096307955098e+01 9.848423455823123618e+01 1.085590275438759846e+02 1.290181650565738494e+02 1.422372484961843213e+02 1.254706370487298557e+02 1.280917909948001068e+02 1.254706370487298557e+02 1.422372484961837245e+02 1.313214997660236918e+02 1.110927562080414788e+02 1.110927562080414788e+02
4.426640043289983595e+01 6.473930843864674500e+01 6.570604085647366333e+01 7.048935170968738362e+01 8.180537992627051835e+01 7.034668222081215561e+01 5.001138710458364756e+01 6.696526195174641316e+01 5.238130945016357742e+01 7.254571470306041192e+01 8.411331143929201914e+01 8.961167686708901670e+01 9.590691101696083365e+01 1.034822177837153134e+02 1.048361421994743381e+02 9.646115345284360387e+01 9.775877832225509678e+01 8.552756142463397282e+01 6.573439410515088355e+01 6.302894034472760865e+01 7.695026988301653148e+01 9.205252867613481271e+01 9.038864092599767730e+01 1.010039898775323621e+02 1.061922677165807158e+02 1.120204757195602951e+02 1.187885963002248957e+02 1.272428396723994126e+02 1.374613558361853336e+02 1.339723876388091526e+02 1.136984345377876764e+02 1.136984345377876764e+02 1.136984345377876764e+02 1.339723876388091526e+02 1.369934984387473946e+02 1.170176180212906587e+02 9.680895467280161881e+01
5.379607878570627832e+01 6.406846211430426763e+01 5.397818030167234582e+01 7.415874392102470836e+01 6.754086923657618513e+01 5.327632299102103275e+01 4.303157640346537960e+01 4.656817024106113223e+01 6.696526195174641316e+01 6.888578204309730779e+01 8.883054753284324079e+01 9.565485849837560295e+01 8.766455809084305884e+01 9.565485849837560295e+01 9.326623832508306577e+01 7.649578133416547132e+01 8.942383816801815044e+01 6.962198654186329350e+01 5.813517900585911491e+01 7.799123410455406713e+01 9.107675130995531276e+01 1.052033488700261188e+02 1.105413681072069210e+02 1.127542258928572778e+02 1.043137508582526323e+02 1.027349937333185323e+02 1.111766387331418144e+02 1.202968403869207350e+02 1.320760328915510513e+02 1.238393300633530885e+02 1.154985585549514298e+02 1.019612449480613776e+02 1.163396646595753907e+02 1.365775886471444096e+02 1.287096552926628590e+02 1.084584526945685496e+02 9.680895467280160460e+01
5.965255728491154485e+01 4.365050773671026718e+01 6.406846211430426763e+01 6.345756301178854386e+01 5.509590336010241884e+01 3.866750941964239985e+01 5.920300184553484968e+01 6.109699462937336278e+01 6.109699462937512493e+01 8.113251253021928733e+01 9.712825099442963506e+01 8.587639820674762348e+01 6.799719617128133109e+01 8.587639820674762348e+01 8.433615833334908984e+01 6.502684586370631337e+01 8.433615702927909297e+01 7.506361848824946037e+01 5.506683280269394487e+01 6.925250797428699912e+01 8.909224026852963618e+01 1.085825471783520584e+02 1.068724101655945589e+02 9.843216452566598207e+01 8.393933815318722225e+01 8.236616266348985960e+01 9.145623044094639909e+01 1.032230216731935144e+02 1.236576336215477170e+02 1.154985585549514298e+02 9.528149214327133620e+01 1.154985585548878930e+02 1.199874689966106303e+02 1.283064579072334368e+02 1.296797781136724836e+02 1.174533812717505015e+02 9.726955344332968423e+01
5.791178275294807065e+01 3.732078568623825987e+01 4.984135922762120430e+01 5.128593888790484101e+01 3.457861676940876094e+01 4.489385927387839104e+01 6.529794744632643244e+01 8.113251250825179284e+01 8.113251253019129194e+01 8.941855244681032389e+01 8.754936166967021904e+01 7.783087713106235128e+01 5.793585788051527175e+01 7.783087713106235128e+01 7.603114915273424401e+01 5.594407322200944321e+01 6.656527719840559598e+01 6.829802722630432754e+01 5.206923736771842215e+01 7.223558698142055334e+01 8.014745216575174425e+01 9.436512877986547210e+01 9.514855151870089855e+01 7.815493746091951266e+01 7.237053676865181728e+01 9.255057819840412492e+01 1.080313358408397306e+02 1.080313358408397306e+02 1.284475562570752061e+02 1.112830087982657545e+02 9.113658408968066738e+01 1.056953959284826112e+02 9.977542542949439053e+01 1.199874689966450489e+02 1.213715793758335195e+02 1.011555265118228277e+02 8.956991764434367553e+01
4.843864873819078554e+01 4.727173841165889456e+01 2.952640301194919559e+01 3.085296647271732695e+01 5.128593888790484101e+01 6.345756301178854386e+01 6.529794744632643244e+01 8.538333179763907310e+01 8.467353898954240776e+01 7.638634322873441818e+01 6.741495401371977891e+01 6.738946670365309899e+01 5.102452135829639701e+01 7.066635822116698762e+01 6.255829792142515799e+01 6.407764514427579172e+01 4.605452239712695217e+01 4.786908898593511452e+01 5.021798240482154085e+01 7.052024392889214255e+01 6.614617005231818325e+01 7.878360938407753622e+01 8.158401175976730713e+01 6.681374505342064651e+01 8.672510202257889489e+01 8.087035626189825166e+01 8.763757655427779980e+01 1.020483928393217496e+02 1.224754379780097793e+02 1.196287065829034049e+02 1.056953959286068567e+02 8.563444214712788494e+01 9.977542542949439053e+01 1.199874689965725736e+02 1.205851311022547918e+02 1.122616044973632938e+02 9.674587094253675446e+01
2.659699003748321999e+01 2.698697107906192372e+01 2.737755770074851824e+01 3.750957327525728857e+01 5.431204872237083237e+01 7.105355723247969024e+01 6.765305604397123318e+01 7.595938052641143656e+01 7.638634322890592898e+01 5.688102574623510321e+01 6.259359735332282781e+01 4.699872808731333151e+01 4.438082235569964240e+01 6.024987522986951660e+01 4.195378864347527070e+01 4.360978141569204070e+01 6.419670042992916592e+01 6.829798913181593889e+01 6.865839903944915079e+01 5.357692784769681538e+01 5.609925708100551134e+01 5.869079829277256266e+01 6.180938880803217472e+01 6.790950707932546493e+01 8.771070605812164445e+01 1.012334160786525246e+02 1.080313358408397306e+02 1.080313358408397306e+02 1.284475562570752061e+02 1.165710100730778436e+02 9.639508387285366098e+01 8.228972378740134275e+01 9.639508387285366098e+01 1.165710100730778436e+02 1.122616044973632938e+02 9.212893957393461619e+01 9.400425837078924474e+01
3.100862214043922904e+01 4.718359576977676539e+01 4.774043766153690882e+01 2.793881510330246343e+01 4.233854225319928588e+01 5.340398375533209929e+01 4.750182476214880722e+01 6.765305604397123318e+01 7.577321204162547019e+01 6.251047364363622449e+01 4.286027058538063983e+01 3.662103235262674872e+01 3.811153838589889631e+01 3.965868558916282893e+01 6.026215006756428494e+01 6.259071209694553772e+01 5.832713507832023936e+01 7.850812392084762337e+01 6.316781078803298044e+01 7.369350787126299451e+01 7.608188922893253903e+01 7.147128586969795094e+01 6.468497203254062811e+01 8.531651093563836241e+01 7.763287337905954644e+01 8.655868309803260274e+01 9.825339784996057801e+01 1.186492110145532877e+02 1.263347639708606494e+02 1.061628518448548846e+02 9.913980827208241919e+01 7.917335023433319918e+01 9.324102947303535416e+01 1.133809160382690919e+02 1.096417072732470643e+02 8.952212426361037956e+01 7.805857740435536130e+01
3.540651310884421576e+01 5.341076320667204413e+01 3.896382688663126714e+01 2.833606951951149000e+01 4.871065301872705078e+01 2.950717164275031834e+01 5.340398375531019326e+01 6.389890510733941653e+01 5.639956530280918656e+01 4.709377386015539457e+01 3.454172781502513345e+01 5.509954034271619605e+01 5.276196650782559772e+01 5.433336437437245081e+01 5.010542381843404058e+01 7.035804568902827327e+01 7.843713084928249657e+01 8.683595674446625878e+01 7.017464210873758645e+01 8.991910904955462058e+01 8.848643457746139518e+01 7.060449802732198066e+01 8.528790642137109046e+01 9.891354725334802822e+01 9.778853873718374246e+01 1.062167408261075963e+02 1.153081068843151513e+02 1.270741156603464788e+02 1.188396929442027954e+02 1.061628818382680635e+02 8.609668626211912112e+01 7.622029960627826028e+01 9.024179018500849736e+01 1.103447154059582260e+02 1.179714059520567560e+02 1.063570353379563329e+02 8.898531646175449339e+01
3.993140820703074922e+01 5.882864184466725987e+01 5.433984590814771565e+01 4.186565461499245089e+01 2.889754803983916531e+01 2.929476739306783628e+01 4.968382180994795050e+01 4.987990699845866516e+01 3.253324856956928102e+01 3.255547006664055942e+01 5.305900613294173951e+01 6.346339637385460719e+01 7.309327048494859014e+01 7.457570738805654287e+01 6.460042035332773480e+01 6.460042035332773480e+01 8.469325075245259882e+01 9.826710225091815687e+01 7.997261308281397874e+01 9.826710225091815687e+01 9.668093713441649584e+01 8.036179548619307411e+01 7.840771858201917155e+01 8.754200934812465107e+01 1.014671971196666078e+02 1.217482323878919175e+02 1.224397337282163392e+02 1.247972323480224190e+02 1.045863294548848756e+02 9.038040410842413053e+01 8.150872178523184175e+01 7.349735436450340842e+01 8.746512128836494071e+01 1.075297403350831615e+02 1.144499846238031324e+02 9.436190439675470998e+01 8.667583487657473995e+01
4.486129895954474733e+01 6.460493293659058622e+01 6.077534487555401199e+01 4.058960276089447206e+01 4.928023333001545581e+01 4.074819749102204725e+01 2.985445564883089631e+01 3.025329806676955613e+01 3.065193586149536031e+01 3.250613207092724366e+01 5.817631847104519238e+01 6.956898733821532232e+01 8.480371687285033033e+01 8.480371687285033033e+01 8.469325075245259882e+01 8.469325075245259882e+01 9.304090758645105552e+01 1.082726906172816257e+02 9.986560501629512032e+01 1.082726906172816257e+02 1.079394794797313040e+02 9.958489797271417387e+01 8.905644062792454463e+01 1.058175464106154209e+02 1.158127695262359254e+02 1.165753209045047356e+02 1.023949380864345926e+02 1.165753209045047356e+02 1.188396929442027954e+02 1.065779299540461267e+02 9.077998903975704081e+01 7.100298661390743860e+01 9.077998903975704081e+01 9.908540634401343539e+01 1.074032962039801333e+02 9.436190439675469577e+01 7.450807620317077351e+01
5.851737547919707083e+01 7.311549854124793058e+01 5.720239391748652480e+01 6.089486380026242784e+01 5.429844998861341310e+01 3.385466459802295702e+01 5.025622990274516155e+01 5.066300429348628143e+01 5.107572481186710434e+01 3.124297908021276982e+01 4.213829761602845281e+01 6.104740572127534648e+01 6.469543709535111020e+01 6.469543709535111020e+01 7.894618209764004746e+01 9.894505676923495230e+01 9.900351484370676758e+01 9.071589743956243979e+01 9.900351484370676758e+01 1.016789617480165901e+02 1.018535932755422948e+02 1.101625814719429997e+02 1.089742374288832281e+02 1.173809989056346978e+02 1.154447566053956962e+02 1.082659228024139253e+02 8.827670724784395873e+01 1.082659228024139253e+02 1.124722318097854554e+02 9.236099742481539465e+01 7.832523162795213523e+01 6.857829407055112370e+01 8.500296029657528152e+01 7.916982015233899972e+01 9.908540634401343539e+01 9.373077918889951832e+01 7.390214402300486540e+01
7.930159671218140716e+01 8.541714907798542811e+01 7.724937550037834910e+01 7.011147848155705731e+01 5.725715714179967364e+01 3.675863268573660747e+01 5.725715714180013549e+01 6.493864810947742683e+01 5.097628158371549034e+01 3.166218015912708239e+01 5.210533904339623490e+01 6.087547264011418946e+01 4.999747715684785021e+01 6.469543709535111020e+01 8.480371687285033033e+01 9.385756361602867059e+01 8.907943190300569825e+01 7.093396946599710873e+01 8.178217295890468108e+01 8.178217295890468108e+01 8.192829439647032075e+01 9.597713287467291821e+01 1.160406236740697210e+02 1.095901912061593606e+02 9.538997503361453312e+01 1.007107094794630768e+02 8.081042896684620302e+01 1.007107094794630768e+02 1.130050881184122744e+02 1.024483044093505555e+02 8.243798166637016323e+01 8.493339037435792704e+01 6.537430139954227570e+01 8.189939682011753064e+01 9.016587300002969130e+01 1.020426119511348020e+02 9.055431399869317488e+01
9.104950368059975574e+01 7.906982766151914177e+01 7.079258192511527170e+01 6.178910972018240955e+01 4.126982170767090707e+01 4.866281177402652247e+01 6.560716848113395372e+01 5.765221524843396139e+01 3.426874758580347446e+01 3.208186885748043693e+01 5.250730543835680209e+01 3.984224538059558540e+01 5.467031010784604206e+01 7.521159927454876026e+01 8.807724219316393999e+01 7.400304468326858398e+01 8.082493345277983110e+01 6.109314531083825273e+01 6.204688651951163081e+01 6.948914333210387895e+01 8.925172777204878116e+01 1.066301503955711780e+02 1.181474696897727625e+02 1.012638845607742155e+02 8.135176780998963864e+01 8.867035616724010083e+01 7.462010891123328804e+01 8.479526553938428890e+01 1.047034936759166470e+02 1.108072525550869472e+02 1.024394808690966698e+02 9.326397298522448409e+01 7.608504838072641974e+01 6.232892319613843313e+01 7.891492757172886741e+01 8.716413746120483097e+01 9.650457436644381914e+01
7.114468988231323010e+01 7.079256482257017069e+01 5.051776709354633255e+01 4.639565208929535345e+01 5.057755620904412552e+01 6.899725124307593660e+01 7.729704541297921594e+01 6.591739180615314808e+01 4.716851911029959865e+01 5.253769397494490789e+01 3.267571426733907458e+01 3.391903783329446043e+01 5.743145500171589646e+01 7.387568156606741354e+01 7.815283738196400520e+01 6.000651639595176334e+01 6.708085632405958165e+01 5.348842818297153912e+01 7.336701854618108598e+01 6.974336527963137655e+01 7.852175521903812694e+01 8.993591421426718568e+01 1.099106136879903630e+02 1.014280475079976043e+02 8.867035616626796468e+01 6.896147322205172259e+01 6.875593121067635138e+01 8.262200057105712858e+01 1.025148916480699057e+02 1.178025654863094900e+02 1.091400661001190429e+02 1.042466976193331334e+02 9.016587300002966288e+01 7.311832612635080864e+01 5.937396081854062402e+01 7.603375360240795544e+01 8.250179440460631497e+01
7.114469085546366500e+01 5.694252125071515991e+01 7.079255271486846368e+01 5.490486278833289191e+01 7.085944704403742378e+01 6.719026371968284650e+01 8.718544061014421231e+01 7.606826095196284143e+01 6.772760738527296098e+01 6.149543219596463928e+01 5.314884478458912298e+01 3.326867861558899619e+01 4.512794930244062641e+01 6.554843314859877523e+01 6.991211465711734263e+01 4.984310195606342830e+01 4.689313334774701048e+01 5.249572213176379165e+01 5.836100816950987991e+01 6.974340237705750667e+01 8.950662753564354546e+01 1.005298477591182262e+02 9.215374082241085318e+01 9.312385729470912565e+01 7.334099039932068820e+01 6.208359582497921991e+01 8.170221377686623043e+01 8.570978624418521008e+01 1.060245568409736023e+02 1.058877752597413746e+02 8.861740903891772803e+01 1.058877752597413746e+02 1.012099488839509434e+02 8.716413750515089021e+01 7.603376920848094755e+01 5.646955894256107200e+01 7.320241325206534100e+01
