MOVIE_S3_data/elevation_000584.asc
nrows	100
cellsize	150.0
xllcorner	0
ncols	100
yllcorner	0
NODATA_value	-9999
[rows 17 to 33 of 100, columns 37 to 73 of 100]
1.628254424012121504e+01 3.605129655845309600e+01 3.958813688984270129e+01 2.392814524566765755e+01 4.424558872200255166e+01 5.350339071153140225e+01 5.884377049298900886e+01 6.462956115211977703e+01 7.132388051363449222e+01 7.964339833184527606e+01 8.968881918410338017e+01 8.923602298363765328e+01 8.111057835021026108e+01 7.580054488953527425e+01 6.222981374293888734e+01 5.018008658930569510e+01 3.072158184236187140e+01 4.466679509600071185e+01 2.492910047773559157e+01 4.536927181239184392e+01 5.976473275631655468e+01 5.975668047484178658e+01 5.837379671040928741e+01 5.279818463838584819e+01 5.116135548038970171e+01 5.410058098502540957e+01 6.254886995837813402e+01 4.318627719492832284e+01 6.245149832889046593e+01 6.044809218099573656e+01 5.383859444922013182e+01 3.588264085403744730e+01 4.540512176359381868e+01 3.618458053272710373e+01 3.684222571607292451e+01 3.750078454753136015e+01 3.816069694763057640e+01
3.621379497406797299e+01 1.674909259971362729e+01 1.730278628300509780e+01 3.930520917705577233e+01 4.974813143494640855e+01 6.082385257078617968e+01 6.442415677353795900e+01 6.902258661506202486e+01 6.642616058545580415e+01 7.471289206266146721e+01 8.626565961951727957e+01 8.111057835021026108e+01 6.188137305336336880e+01 6.751347688798152546e+01 4.865908259634259281e+01 3.495525370045996283e+01 5.013344096864863531e+01 4.234401137850802854e+01 2.541993534960198531e+01 4.569399747130745482e+01 4.036336267232142205e+01 5.565047205985329981e+01 4.960585824140161293e+01 3.790183098953870200e+01 3.674700119480331750e+01 5.315154250299146810e+01 5.435774624865386784e+01 3.964669240880201784e+01 5.742245000147172362e+01 3.668042421341829851e+01 3.348626650614277622e+01 4.519328074833391895e+01 3.525295217657351543e+01 5.351581930246670993e+01 4.821435385203015045e+01 5.724199680554284697e+01 5.800655777573379623e+01
4.435253268013500616e+01 3.326247858204106223e+01 1.718907635500599085e+01 2.311174715477390862e+01 3.244651712099243213e+01 5.250134723991293129e+01 4.435588844198836966e+01 4.897849563689683805e+01 4.637440475961391684e+01 5.796727398824049970e+01 7.798121456498361681e+01 8.111057835021026108e+01 6.188137305336336880e+01 4.851462387027815026e+01 4.171767806665244649e+01 3.901942037903479132e+01 5.813365024647978174e+01 5.327097244818705235e+01 4.510538533595389055e+01 2.611496585402729664e+01 4.635829932757931005e+01 2.739412254091376298e+01 2.794803486757648514e+01 2.852510468392221910e+01 2.905912513001264230e+01 4.901049317358512525e+01 3.466265056857498195e+01 5.417847133316041663e+01 5.209144859066338995e+01 3.269541119082533953e+01 4.435838081650310016e+01 3.431793938793736487e+01 5.462672319557329104e+01 5.999611555347158998e+01 6.565465293600772156e+01 7.370370758949144374e+01 6.636963353073990390e+01
5.216471523115565390e+01 4.388930535376448461e+01 3.722070185313465629e+01 1.763051431006023151e+01 3.772148225318547787e+01 4.414776857728968906e+01 3.004883742642237721e+01 3.473066337563732020e+01 4.637440475961390973e+01 6.056537128464260178e+01 8.057535760169017180e+01 8.462898042240379937e+01 6.532772931582701403e+01 5.192735497203855743e+01 6.079636798618923166e+01 4.320680826399117791e+01 6.223021660645663644e+01 6.123541763929722492e+01 4.069906061138904363e+01 4.147366705887861826e+01 2.681440177778945966e+01 2.760735500656207719e+01 4.479464278368906349e+01 4.600249086487350070e+01 4.931442731624448328e+01 2.979735372155764495e+01 4.638495752714505471e+01 4.992296116976419995e+01 3.190199325848798750e+01 5.143076275148150245e+01 5.664149807541488713e+01 5.474293975466410700e+01 3.608009638336052660e+01 5.651334818212436772e+01 6.657600374112959685e+01 8.217973310877597726e+01 8.527935417546189001e+01
4.425029363183030995e+01 2.388273246895252910e+01 1.988457752749306451e+01 1.795340263063090447e+01 3.767274435347611927e+01 2.388029068522068599e+01 4.414776857729216175e+01 5.484927396168134806e+01 4.637440475961391684e+01 5.796727398824049970e+01 7.798121456498361681e+01 8.676858122338703083e+01 6.743274232892737530e+01 7.098093481621287992e+01 6.647743606406729100e+01 4.751188595653900393e+01 6.647743766951252553e+01 6.972847640493287713e+01 6.100025887828949323e+01 5.426496466354577564e+01 4.711496636531948923e+01 2.865000491613027123e+01 4.245419078009766167e+01 5.473176196616682887e+01 5.035028504930798476e+01 5.006666449520508877e+01 3.054834773069005038e+01 3.110826597899619728e+01 5.137472996475295872e+01 4.455976676922549728e+01 6.361537995598428097e+01 6.485893189049241414e+01 5.651336133628379343e+01 3.784662146818881467e+01 5.310798385781138364e+01 6.848698155160965939e+01 7.852117108094432751e+01
3.138099543657188661e+01 4.425029363183028863e+01 3.656859067768164095e+01 3.807731315995364696e+01 1.842743839690477969e+01 2.124500676520245079e+01 3.714300238047599834e+01 5.868210146172900465e+01 6.642616058545580415e+01 7.471289206266146721e+01 8.626565961951727957e+01 8.796604424072724271e+01 8.676858122325458567e+01 7.883137934685470327e+01 5.942912991203114359e+01 6.647743766951252553e+01 5.551572834381739341e+01 7.462621548415529560e+01 7.607296390609749892e+01 5.454732493897606105e+01 4.162275990485647270e+01 5.092928287506821050e+01 3.423545944452764900e+01 5.472055679920068627e+01 5.298054142353820595e+01 3.299487008593818871e+01 5.146741626381016488e+01 4.170933669788347231e+01 5.998847748844266903e+01 5.818213780862502915e+01 6.794104144973786674e+01 7.813601939423836029e+01 6.350046070776235752e+01 4.294242663694625151e+01 3.968158528120339668e+01 6.015640452035840724e+01 5.834515213773653386e+01
5.171467861907382257e+01 6.007131605817517794e+01 5.604696745666230839e+01 4.422634971865976183e+01 3.411748530494958231e+01 1.891506152645852268e+01 3.411978378478096374e+01 5.674441916675276332e+01 6.893980243221753312e+01 7.349133311808107294e+01 8.103481550980387738e+01 7.006693376830990871e+01 8.278706154148773066e+01 8.711774130780310088e+01 7.311370907337357039e+01 8.106174478114208171e+01 6.175526943315686168e+01 8.106174478114407123e+01 8.454471573099773707e+01 7.229994238346040447e+01 6.364688940401314454e+01 5.890370912198737585e+01 3.839494030351428222e+01 5.890370912140797799e+01 6.186792664352536519e+01 5.343282768821298134e+01 3.544791185218875995e+01 5.316254244941196561e+01 6.942600554799462031e+01 7.673528775637065280e+01 8.074186805724173155e+01 6.432447315151780742e+01 5.109238407628812695e+01 6.350046277733550681e+01 4.889722151178406762e+01 4.154823705473629047e+01 6.204752059707674761e+01
6.888400424517688236e+01 6.227672273731907637e+01 4.777518672889438989e+01 3.695811709285229796e+01 3.874791341816034418e+01 1.926606574764244684e+01 3.955772411088233298e+01 4.126815029415036662e+01 6.093781657970932741e+01 5.472617379162520734e+01 6.747944122638831743e+01 5.690271052701851318e+01 7.530946183390902604e+01 9.299230546101989603e+01 9.370419444302530110e+01 8.923187215099450498e+01 7.128275609965695025e+01 8.923187215099450498e+01 9.181454873951805951e+01 7.987244144284191805e+01 6.482306091106480039e+01 4.431773322709103269e+01 5.890370912198737585e+01 6.743574540797388295e+01 6.861503942125580124e+01 5.760960966607348865e+01 3.718189716982856652e+01 5.760980727616582442e+01 6.788267059583890273e+01 8.825681893034942505e+01 8.252197596008186053e+01 6.218836092261023651e+01 6.574912433992368221e+01 6.559173801258272363e+01 6.926838052706145277e+01 6.204565256456330502e+01 4.344588131167515144e+01
6.227672273731904085e+01 4.219800932090966938e+01 4.314283250315715890e+01 2.181137003698222543e+01 1.977401465817318282e+01 2.731428347126944089e+01 2.764063257805504747e+01 4.530051490673353953e+01 5.629877573757465115e+01 4.252595636832164416e+01 4.816035683891103503e+01 6.747944121648637861e+01 6.773709958299346567e+01 8.032045812787515615e+01 9.770001884822433169e+01 9.905194344469133227e+01 9.084101920613457537e+01 9.904930814226156599e+01 8.329127183784353861e+01 6.256247940909357652e+01 5.076726892673727320e+01 6.482306091106480039e+01 7.336453013327324868e+01 7.441975015642299240e+01 5.732342754590002443e+01 3.973017681790883415e+01 5.760980696294805625e+01 4.733694388779572648e+01 6.188879258739453348e+01 8.235317217529980383e+01 9.089097213453882773e+01 7.242740246842976148e+01 8.611270360902300069e+01 7.978725649850950674e+01 7.822475734655714064e+01 5.805949657017612964e+01 6.396320240782036137e+01
5.173561491055806272e+01 4.619625758330695220e+01 2.478826864574017463e+01 4.017659346103054929e+01 2.014342833030301350e+01 3.539447902530179135e+01 4.282356284525928203e+01 4.971050919043747740e+01 3.504573289507538902e+01 5.629902647613925382e+01 6.747944122835511394e+01 7.502665378680616470e+01 8.554822852465565575e+01 9.299230555619961081e+01 9.288551117535951107e+01 1.011032991931851370e+02 1.074168527900748700e+02 8.676488594930066256e+01 7.198567683638214021e+01 6.167784132260413088e+01 5.796541172665671837e+01 7.862927789603871531e+01 8.489623759640890910e+01 6.209474172059324815e+01 4.829475548418927389e+01 4.155163692918555540e+01 6.212434955700850736e+01 6.788267059584573815e+01 6.788267059587604990e+01 8.825681893136500378e+01 1.009890336958777652e+02 9.264392773614802934e+01 1.009890336958777652e+02 9.973090363178543782e+01 8.649732225936230634e+01 7.822490880825573356e+01 7.421983774617315532e+01
3.036794150723306984e+01 2.796079650563657282e+01 4.619625758330715826e+01 4.371687611895161751e+01 2.837020588403571963e+01 2.067102552133541948e+01 4.294109985121094297e+01 2.824603848014843166e+01 5.017074483793155082e+01 6.410438453533214442e+01 7.477630687599325654e+01 7.566701912206940506e+01 8.377561023717456123e+01 8.572011135706080154e+01 7.352269771012575461e+01 8.983465724116901185e+01 1.010682886846395547e+02 1.012833998542196241e+02 9.092648014237337861e+01 8.239978206683034045e+01 6.711124864916465071e+01 8.717478453242755165e+01 8.330784587234424521e+01 6.617932128913265899e+01 4.569538985556583555e+01 6.212434960125355587e+01 4.505631987811063510e+01 6.565740687330639958e+01 7.765171231260229945e+01 9.201593553413773918e+01 9.458093454176658099e+01 1.028330766546516060e+02 1.170953166500621307e+02 9.712908270705007396e+01 9.712908270705007396e+01 9.087845655707501180e+01 8.518370588352155437e+01
5.143052933121095549e+01 3.691674314535345758e+01 5.716865053993824830e+01 4.481741532999169664e+01 2.120818727723955632e+01 2.340520005708012619e+01 2.302478925859696446e+01 4.440084698470805336e+01 5.818949259597828672e+01 5.733948561229442475e+01 5.499229208039232475e+01 5.603794646528938728e+01 6.811773274580107795e+01 6.638944504675610858e+01 6.240091865903490742e+01 7.352269169716323916e+01 9.288071264259460236e+01 1.022920747280301441e+02 1.048582813859062099e+02 8.414696123695918573e+01 8.794755929801780781e+01 8.935295912697057474e+01 6.897977769112372926e+01 5.438504562008908749e+01 4.911818690651043795e+01 6.964979677679150427e+01 6.565740687333156700e+01 4.867511763235478384e+01 6.328746981764847845e+01 8.028326262365489185e+01 7.436097312569563655e+01 9.458093454176658099e+01 1.112222380570786981e+02 9.129150662443719000e+01 7.736286727091969340e+01 7.111401197357206172e+01 7.694593068654380374e+01
5.171135903073130891e+01 5.759361278911224247e+01 5.490534460917542248e+01 3.569946011164238087e+01 2.158765248443861040e+01 4.130252552853480097e+01 2.500201760994174194e+01 4.545935043379968477e+01 5.252806552758911351e+01 3.642721458486330022e+01 4.010243439913665497e+01 4.395663742862205225e+01 4.809699388673175946e+01 5.237601357115740797e+01 5.883427879671566529e+01 6.621364795435503936e+01 7.473052960533686928e+01 8.831298944734326994e+01 1.080147091319098536e+02 1.048582813859062099e+02 9.838969596965824849e+01 7.821159808262386548e+01 6.631392678623025461e+01 7.494694437933932818e+01 6.964979677679150427e+01 5.418624102170203827e+01 7.480431536182126706e+01 6.926998571502733171e+01 5.244311348242833759e+01 5.976316191287917690e+01 7.436097312569563655e+01 9.458093454176658099e+01 1.134155840075099633e+02 9.346877506685918036e+01 9.712908270705007396e+01 8.280965584389210221e+01 6.292479637014757543e+01
7.014887817800355663e+01 6.306504835684046384e+01 4.519008190057603258e+01 3.167461847063534108e+01 2.196535440870654199e+01 4.214801606352050811e+01 4.549652924230763062e+01 2.859143547669334851e+01 3.145725147494916740e+01 3.967663415601091970e+01 5.036843831830913132e+01 6.433416873973476413e+01 6.811773274580107795e+01 6.638952424277904640e+01 7.205290369989144494e+01 7.816602004267721782e+01 9.357634879228891123e+01 1.022920747280301441e+02 1.055032924117197126e+02 1.138851341635384813e+02 1.066362184667486162e+02 9.503191578781404303e+01 8.673986572284434260e+01 7.375988185516125384e+01 6.527428487299833648e+01 5.847039446859014333e+01 7.910743598056129144e+01 7.645815184094657013e+01 5.587910967431788833e+01 6.000424649614614481e+01 8.051937854039746867e+01 9.676749902527041058e+01 1.067891158926969268e+02 1.134155840075099633e+02 9.423165259771026570e+01 7.444817389621051973e+01 7.700930698724604895e+01
7.091323961333671377e+01 6.804256563263463420e+01 5.345675631909527681e+01 4.223418549184859927e+01 2.234009148425064240e+01 4.240372269059258059e+01 5.485020471401313102e+01 4.962261879557208033e+01 4.659806833422241112e+01 5.254188160763131776e+01 6.035913035301462770e+01 6.676646193678203645e+01 8.629394651265454286e+01 8.572719206907785860e+01 9.146301648476874391e+01 9.761099615490911674e+01 9.947714978128811936e+01 9.105418263342514251e+01 8.506916539903770058e+01 1.055032924117197126e+02 1.207229550933653854e+02 1.008504204913915743e+02 8.666565754231619678e+01 8.575582767423563268e+01 6.526410824738219674e+01 7.910743598056157566e+01 8.743917619344105674e+01 7.873325967789655522e+01 5.942860235443514938e+01 7.998324376013582082e+01 6.815492340884244982e+01 7.844370291105379067e+01 9.272008150155672013e+01 1.126391359975995670e+02 1.024997572691269028e+02 8.583424329630760496e+01 9.681293672010244222e+01
4.882982030474182267e+01 4.593778945289150073e+01 4.624229043118203464e+01 4.275284393279403616e+01 2.271160395392284315e+01 2.492604527436024853e+01 4.036179494175162574e+01 6.107918704538706578e+01 6.689151622453715618e+01 7.265329457112970601e+01 8.012353793524830792e+01 8.629394651265818084e+01 8.680802507944527235e+01 7.838132034925364167e+01 8.436502479109569208e+01 8.986013342553383154e+01 8.142429246553037103e+01 7.062610071402485801e+01 8.506916539903770058e+01 1.055032924117197126e+02 1.177286671486091478e+02 1.148961472308471912e+02 1.066709511169454601e+02 9.068669778089505940e+01 7.035619950493750707e+01 9.068669778089505940e+01 1.022640957598030269e+02 8.252880402097733281e+01 6.317434745818482611e+01 8.367860134446598863e+01 8.849897019983851010e+01 8.000916102020201492e+01 9.167529080494745131e+01 1.115995301778454660e+02 1.139972611706168948e+02 1.057027270294020695e+02 9.889821447663720733e+01
3.353998635492332170e+01 2.849680589485658899e+01 2.391263030382247834e+01 2.324620050747668998e+01 4.171584016956704488e+01 2.531093769124901982e+01 4.529387920159732062e+01 5.619943966910837219e+01 7.018104036248395516e+01 6.925378673745277069e+01 7.164052020450193936e+01 7.408297036295556381e+01 7.510956295590597165e+01 5.815280151023535637e+01 6.405339167941095013e+01 7.345856385972120961e+01 6.111558966502790469e+01 8.142429246553037103e+01 8.893924363433859526e+01 8.893924363433859526e+01 1.045984168670893837e+02 1.147972575932172532e+02 1.101639772948542912e+02 9.023761253363717572e+01 7.591680857187640186e+01 9.607390964780100262e+01 9.592910803525830943e+01 7.672311532078629170e+01 6.745333061206582670e+01 8.781541996012721540e+01 1.017108175951612736e+02 1.000962652125043206e+02 1.083290420361857400e+02 1.198184308463895178e+02 1.156625296165441625e+02 1.056928061176838014e+02 9.064060737762841313e+01
