MOVIE_S3_data/elevation_000132.asc
nrows	100
cellsize	150.0
xllcorner	0
ncols	100
yllcorner	0
NODATA_value	-9999
[rows 17 to 33 of 100, columns 37 to 73 of 100]
4.560557518347658856e+01 5.660558683560230264e+01 3.758649742561439666e+01 4.672028776684384610e+01 4.577955075336388546e+01 4.984363253230384316e+01 4.267039234960165572e+01 2.485818430281182501e+01 4.444896351227082221e+01 5.454776437054779592e+01 6.404121062684448873e+01 7.678110304607054104e+01 8.850429257449646059e+01 9.435323731221164678e+01 8.797946043141668326e+01 7.544147987328338445e+01 5.529699571902071398e+01 7.544147987327561111e+01 6.870538787158500327e+01 4.830085395483585131e+01 5.908659833872651745e+01 5.829388794852160061e+01 3.753539351443458116e+01 3.279614790116279011e+01 5.245588582379513554e+01 4.113637252393515098e+01 4.246643719585810572e+01 6.033153327106097663e+01 6.610978532497171045e+01 4.776842525530422279e+01 3.718787569643310320e+01 5.125469283291302958e+01 4.442645291000051344e+01 6.478248868753162526e+01 7.865818577263399902e+01 8.543992776947710865e+01 9.377115486181068604e+01
3.883607050771503566e+01 4.749102753259534637e+01 4.094220842999138199e+01 2.727301049310665348e+01 3.941722954614280638e+01 3.744779575646103353e+01 2.308482173675513849e+01 4.267006135098408492e+01 5.269200533185153290e+01 6.096248590661585354e+01 6.078150581127603402e+01 8.012317104782377442e+01 6.823487595697582719e+01 7.417165063355233201e+01 7.989304346511170252e+01 5.984565693737781800e+01 4.815739893867775834e+01 6.008838793787018773e+01 6.831823341256296089e+01 5.908656876449335016e+01 3.887279076773440778e+01 5.106512213494887931e+01 3.212173726932132212e+01 4.825106560815111578e+01 3.980232173674458096e+01 5.905990890129273652e+01 6.105101988707430394e+01 6.939250934356832090e+01 7.392564586228895962e+01 6.208727291743916510e+01 5.722357726692077762e+01 3.789623647895328418e+01 5.806079115906903354e+01 6.478248867441480741e+01 8.509270286548974127e+01 9.275003871683082934e+01 8.436862146764845249e+01
1.990050057527397342e+01 3.935976077842185106e+01 2.100316810027772618e+01 2.139685365212216084e+01 2.179520981644569844e+01 2.219561582587213522e+01 2.261674222218021413e+01 4.188665850407897295e+01 4.876117091968099970e+01 4.161319629277888765e+01 6.096248590661585354e+01 6.242513244325519395e+01 5.382608431592566944e+01 7.417165063355233201e+01 7.423168777279667552e+01 7.167480996341375032e+01 6.008804836953302697e+01 4.010378712879874286e+01 6.008817449307062475e+01 5.918326477698416710e+01 3.583754873498875781e+01 3.144177887368100954e+01 5.106567331233238605e+01 5.949031821666988407e+01 5.979223867822533833e+01 4.782170254155197142e+01 5.947375830767037286e+01 7.976671758950932656e+01 8.319431868480225489e+01 7.255419914234742862e+01 5.863194928206259249e+01 3.840791689887555549e+01 5.863276126337021310e+01 7.446381323335359070e+01 8.279356611023662538e+01 8.250645057509724722e+01 6.380287464916383300e+01
2.094161591417276469e+01 2.045051884276966092e+01 3.663724223713168016e+01 4.074391202888079988e+01 4.002522342032438729e+01 3.592899458628257747e+01 4.209458590450458360e+01 2.320837893413986919e+01 2.995712514065950671e+01 4.878199936728420028e+01 6.242477019035770525e+01 4.260112896318536713e+01 6.242513241564978443e+01 7.414853166042593102e+01 5.463478402573838366e+01 5.238528188388840334e+01 5.480564884287298355e+01 3.548896407334282799e+01 4.903455928032869338e+01 4.941261833910048296e+01 4.989384849385496778e+01 3.096010510300205709e+01 5.057724242830671812e+01 6.370875528364130957e+01 7.522962336026208163e+01 5.492434819384182987e+01 7.522962336027356400e+01 8.809231806920938368e+01 7.564720914835794474e+01 5.360182370241465577e+01 4.326352945182357956e+01 3.892961498203124648e+01 5.921296415407872615e+01 5.407695138657607714e+01 7.446383151687611246e+01 7.386782086497215971e+01 5.373938059543438328e+01
2.512155959867734012e+01 3.993827512132593682e+01 2.738474858733330919e+01 4.550706072663629698e+01 5.927423590129399855e+01 5.583198813741039146e+01 5.088119074481539883e+01 4.263853004076714370e+01 2.380120670204410516e+01 4.326854592837788260e+01 4.836872196144166480e+01 3.684092894412822261e+01 5.615613905035424835e+01 6.645011912318956604e+01 5.683434966362411700e+01 3.849509059684215373e+01 4.702289274151790011e+01 4.296940039328539029e+01 2.932956528044618594e+01 2.980688115948231953e+01 3.028435676018724010e+01 3.935501740284892236e+01 3.548688709440395428e+01 5.532552830167159641e+01 6.892731100074965411e+01 7.522962336027363506e+01 6.929808074322893674e+01 8.954963399213714581e+01 8.423830988188593949e+01 7.289426238436618632e+01 6.344270657983135209e+01 4.439444535680965487e+01 3.969151798463682468e+01 6.004822032309318303e+01 6.187056641288919678e+01 6.213279492715891905e+01 4.767066544539295592e+01
2.990200323525692738e+01 5.004413575520597846e+01 4.564296750726961704e+01 3.475269317205642494e+01 4.497625628654800778e+01 6.326089278313330766e+01 5.946597166971497472e+01 3.964600487633886416e+01 4.324097326005527719e+01 2.439652852804316652e+01 2.935254063001238123e+01 4.836235561627337631e+01 5.975694701204313475e+01 5.032357132825387680e+01 4.030151836487367945e+01 4.094056475820330832e+01 2.818532651488318663e+01 2.865874766270946949e+01 4.773431406249951436e+01 4.659072573590535882e+01 3.366124347782944426e+01 5.346657130289479198e+01 5.532552830167164615e+01 4.034498723001926379e+01 6.053981214071013994e+01 7.468349335711030790e+01 8.954963399213714581e+01 9.784517292846773273e+01 8.768716208657100708e+01 6.753798169512650418e+01 5.310056388109153147e+01 6.453784661757811136e+01 5.229790808637453381e+01 4.046932147374293010e+01 4.375457979366279915e+01 4.201900802658962419e+01 4.254140157672951972e+01
3.559567667419683090e+01 5.613924776664605076e+01 5.907280742447124311e+01 4.102026562944374177e+01 5.907280742447124311e+01 7.155204087009568070e+01 6.783623691259326449e+01 5.802903119655569242e+01 4.615285602451143632e+01 2.691027213547984687e+01 2.500235036830388680e+01 4.402021294414736730e+01 4.768693862627142011e+01 2.665215589892414982e+01 2.708488600448538008e+01 2.751792536110161080e+01 4.711517818721247863e+01 4.448647375076023991e+01 5.540936065577403724e+01 6.059973971047617880e+01 4.813053302590527238e+01 5.040162944794035127e+01 6.892731100591954885e+01 6.053981214071013994e+01 4.590294005889305851e+01 6.631251494338977182e+01 8.128514551490737006e+01 9.838221093845291421e+01 7.837348916635959029e+01 6.403945980617640998e+01 7.343953999645465558e+01 7.157521914358714810e+01 5.126526961138375071e+01 6.055158725234358741e+01 4.124999126864534560e+01 6.200197346299313494e+01 6.273604819816570455e+01
4.230838814018525085e+01 6.305467757987649691e+01 6.716589245615237758e+01 5.121827168038073097e+01 6.716589245615237758e+01 7.604976237296678221e+01 6.187146585211871042e+01 4.975486346000846538e+01 3.044850387896100585e+01 4.615262357251643976e+01 4.441223399946760964e+01 2.560643835954218872e+01 2.603996121194274238e+01 3.386290372297170848e+01 4.631588750682021072e+01 4.003595161551251636e+01 2.907327991882258189e+01 4.867743754331363704e+01 5.850275410859728709e+01 7.230519310240823927e+01 6.879706883684784202e+01 7.101481651612800761e+01 7.936532250235313768e+01 6.631251494338977182e+01 6.631251494338977182e+01 5.250968912918536802e+01 7.294146265877732560e+01 8.894419760415819098e+01 9.249222017156897380e+01 7.576579533180090209e+01 8.446545454105675788e+01 6.415031193708652779e+01 6.839429857844891103e+01 4.659620337450936489e+01 6.377469615330818442e+01 7.209373376533574174e+01 7.106767459617181260e+01
5.269369245427103721e+01 7.154378614337757369e+01 7.874870154986545856e+01 7.008852236169941818e+01 7.297468927408399963e+01 6.478800228416510265e+01 4.769316933127070968e+01 3.403392895032138910e+01 4.975486346000846538e+01 5.802480897565654772e+01 4.681226856696617489e+01 2.788129794355160485e+01 3.895035179347252807e+01 4.776885695250574315e+01 5.587831203220999043e+01 5.506414074411004123e+01 4.868159264428607003e+01 3.063019807575333076e+01 4.433799764581925729e+01 5.922939931233315036e+01 7.046806397356671425e+01 7.937390072925691697e+01 8.793273108889255241e+01 8.659049477240954218e+01 8.128514551490737006e+01 7.294146265877732560e+01 6.028730751503987051e+01 8.063045948282767483e+01 9.901890494389498087e+01 8.997639328201501030e+01 9.274796428861212405e+01 7.856655815665011744e+01 7.149853785924098304e+01 5.055115952421125058e+01 6.561727954505418836e+01 8.543904044358998817e+01 7.849341095298595405e+01
7.341566270548194950e+01 8.185324471243686162e+01 8.504149964859070110e+01 6.529111338760621663e+01 5.365299811455675894e+01 4.467656443029857627e+01 3.784625958389419509e+01 5.356956758167150667e+01 6.187146585211871042e+01 6.087245986810179232e+01 4.251965356039869448e+01 4.043814167685727767e+01 3.118149854752275729e+01 4.157583995712359837e+01 6.029725180451469413e+01 6.447329954087445003e+01 4.435881574597525656e+01 5.026387833784182391e+01 3.218952450288990264e+01 4.363607316999749486e+01 6.043745139912702058e+01 5.884141689457784707e+01 7.542717917294362451e+01 8.319499966790796464e+01 9.176333597976994838e+01 8.894419760415819098e+01 7.472257678592748675e+01 7.052313508095889460e+01 9.073782276198221552e+01 1.098644403393908959e+02 1.069293704205740454e+02 8.879552087301540553e+01 6.885350089633820403e+01 5.435385949552730978e+01 6.279053245857049603e+01 8.289016059055632013e+01 8.710474350577582925e+01
8.402631477362525914e+01 9.531748363086315123e+01 9.301565475483720036e+01 8.176297221774390778e+01 6.320574650839827058e+01 4.314984047881448248e+01 4.427171337597492595e+01 5.768679714063880937e+01 7.778241590436185504e+01 6.893266161069587383e+01 5.238007724768389295e+01 3.452925554049706136e+01 5.043659114128477938e+01 5.906377142236885902e+01 6.845224614338140157e+01 7.279118615692972583e+01 6.441962339355441713e+01 5.996046992336017212e+01 5.169396566301450235e+01 3.373737553983625048e+01 4.232635399542623134e+01 6.260919788028760280e+01 5.490019319448298774e+01 6.264327840924158153e+01 7.448213576435706784e+01 9.509699309987504989e+01 9.489335001459343744e+01 8.486092674981090056e+01 8.705886586544055206e+01 1.071073037372865429e+02 1.016738856296961586e+02 8.366927627399171286e+01 6.360080555841673089e+01 5.881943887334810483e+01 7.899605152659239593e+01 7.711226853771974277e+01 9.685429781405014182e+01
6.765988133109392777e+01 8.709123833087132027e+01 9.149001305526178385e+01 7.152917107765797766e+01 5.731408137605703956e+01 4.757146832697748806e+01 6.439433902295837697e+01 5.501336036374681271e+01 7.516681210572447469e+01 6.551426138693641121e+01 4.687862399428838245e+01 3.693333010821006468e+01 4.116671914837970547e+01 5.462588291652757988e+01 7.557177820166707249e+01 8.546313658335550656e+01 7.367056228885398639e+01 5.521257564494154479e+01 3.533178331392647920e+01 5.351150316750242553e+01 4.024985035628257179e+01 4.532165899613137583e+01 5.707133062272171031e+01 7.760685668379353785e+01 9.176333597976994838e+01 1.036856005569807309e+02 1.074278614524216948e+02 1.049259048192230779e+02 1.071073037372865429e+02 1.073685616468664961e+02 8.786454648023354252e+01 7.376141253202636960e+01 8.348608682175384388e+01 6.340603793169518099e+01 8.348608698674001971e+01 9.685429781405014182e+01 1.049515366734953545e+02
8.149796880284768008e+01 8.965536068487324428e+01 9.775888608560732962e+01 8.561763940013103991e+01 7.212354780603408244e+01 5.217829568751098179e+01 7.212354780603408244e+01 6.512691874843568485e+01 8.343464714771101853e+01 7.349916494760341834e+01 4.201638423931080979e+01 3.943664789416938987e+01 4.455034854151136159e+01 5.615129313607339157e+01 7.762146048662134490e+01 7.718421842499378727e+01 5.692259256928441147e+01 4.519840284612048720e+01 3.645675336842765546e+01 5.643834593346396389e+01 6.047591846801284277e+01 6.575066518448308273e+01 7.428717988410015494e+01 8.616435897218556761e+01 8.851680018463839872e+01 9.684491229237916343e+01 8.734590014169077676e+01 1.014774806473533744e+02 1.114357617934451099e+02 1.094934228628746240e+02 9.000003763435414328e+01 9.357713968763873424e+01 8.833147740913348400e+01 6.835341785934895142e+01 8.833147844064954768e+01 1.062520944350169145e+02 1.021827749716560589e+02
6.220102071778195096e+01 7.820383850591318264e+01 7.820383850591318264e+01 9.100108827458737437e+01 7.122579364232178989e+01 5.719262061837005717e+01 7.701784334015042077e+01 7.936244322171131671e+01 9.344747629003546763e+01 7.360781804703327680e+01 5.436736307361550047e+01 4.187545740108481596e+01 4.870199544297631178e+01 6.773009977678376003e+01 8.600995533648776359e+01 7.806228254593638383e+01 5.816531948298813859e+01 4.642350614954123245e+01 3.759767938179412994e+01 5.768689506301822689e+01 5.987492627594290440e+01 7.867541158842227844e+01 8.179234683160314034e+01 7.383339538869725516e+01 6.775132998040430721e+01 8.851680018463839872e+01 7.263703866449343138e+01 8.293240454728569944e+01 9.811869999979755619e+01 1.071444360841261698e+02 1.094934227048101576e+02 1.021912169249781783e+02 8.259058699157739625e+01 8.259058699134834569e+01 7.848667924131736129e+01 9.817627763998163459e+01 1.021827750117134741e+02
5.261562865694856583e+01 5.903052676804150423e+01 7.001401777377830626e+01 8.939134167844984802e+01 8.260488019215368638e+01 6.292632552209582286e+01 8.260488019215368638e+01 9.931600262802966483e+01 8.856635828776707342e+01 7.689429578668702447e+01 5.725400596004489984e+01 4.451564683405626965e+01 6.300651366579923263e+01 6.192455425477444919e+01 8.174598423819567472e+01 8.601085953120995953e+01 7.483513624296455191e+01 6.594335934650891318e+01 5.766752288535322180e+01 3.926400755136768339e+01 5.949681509843827598e+01 4.208438022797641054e+01 6.631541813389821982e+01 5.285681850658901482e+01 7.379515326385501339e+01 7.551029422773194710e+01 6.193950639660130264e+01 6.910813645992516285e+01 7.860255249807812561e+01 9.310887629282616729e+01 1.130158585078246603e+02 1.102805333254737974e+02 1.021912170948640153e+02 1.021912164376641812e+02 8.846781471481928349e+01 1.062520944350966232e+02 1.021827750117134741e+02
6.644640556206847748e+01 7.820383850591318264e+01 8.634532149076643748e+01 9.761225442237217464e+01 8.896301336207217503e+01 6.946602465176609087e+01 8.896301336207217503e+01 9.186531161200376516e+01 7.181069192305258753e+01 6.036400943873689329e+01 5.325635207252135217e+01 4.777663139459978225e+01 6.682457785196474731e+01 8.174596370374277399e+01 9.001482248191595659e+01 8.740658378764550207e+01 7.727873028615304918e+01 6.411830523379451563e+01 4.370943233349911594e+01 5.947262857767363187e+01 4.114406831586204305e+01 4.363897346888727213e+01 4.383559575504028771e+01 4.535047383288111433e+01 6.586361406501616500e+01 5.438975076041209178e+01 7.551029422773194710e+01 8.984453859096603878e+01 9.811869999979755619e+01 1.071444360841261698e+02 1.185869617758636849e+02 1.104254016234029052e+02 1.185869617758636849e+02 1.159786399886944253e+02 1.078847405651439999e+02 1.159786399886944395e+02 1.104677091096358055e+02
7.063771005082095655e+01 8.371868945344817803e+01 9.057571406152827365e+01 9.881300164203649672e+01 9.709623247913216915e+01 7.901324089393972372e+01 9.709623247913216915e+01 1.001260581394829359e+02 8.856635828776707342e+01 8.028677153609223183e+01 7.091180771305546671e+01 5.135642696092947546e+01 6.243236731979256859e+01 8.249480178269014630e+01 9.337469274596099922e+01 7.320689981783566225e+01 5.876065146572206999e+01 4.849209775504047570e+01 6.411830523379451563e+01 6.928312498399454000e+01 4.885572313115966381e+01 6.074502023597769806e+01 5.484222039016265171e+01 6.567677419135101502e+01 4.757453449555288216e+01 6.244729071328188041e+01 8.275750271368644917e+01 9.969703987105091869e+01 1.079335250165029692e+02 1.132966141048022450e+02 1.051123265552890871e+02 9.045020796871359892e+01 1.062339940194046761e+02 1.128640333245008520e+02 1.210150356640866676e+02 1.308660244109419182e+02 1.200595376218938810e+02
