MOVIE_S3_data/elevation_000144.asc
nrows	100
cellsize	150.0
xllcorner	0
ncols	100
yllcorner	0
NODATA_value	-9999
[rows 17 to 33 of 100, columns 37 to 73 of 100]
2.364949611945100116e+01 1.815021232074798974e+01 3.836012453675360234e+01 3.931325890761704756e+01 2.446766570846406808e+01 4.316228988863294802e+01 4.229458379092088904e+01 2.400318906970422717e+01 3.835030458208442639e+01 5.464412081215828465e+01 6.892866204813869047e+01 6.821884103743641958e+01 7.653111248864371419e+01 7.894908053784772051e+01 7.472585995973805950e+01 5.727083646244833659e+01 7.472585995973805950e+01 6.747684469313141165e+01 4.745605751350781532e+01 6.747684469313141165e+01 6.604127688215965009e+01 5.712103841990810338e+01 5.084513953278826648e+01 3.137969009331786552e+01 5.156114457106219362e+01 6.061001073560326091e+01 6.778190233948365062e+01 6.186135653631278331e+01 3.753813902464516161e+01 3.544467523769979067e+01 3.598032397738583654e+01 3.656694514095791959e+01 3.871028137900167820e+01 4.406219110113462989e+01 6.480780217306727309e+01 8.026541314610059885e+01 8.864027887637664094e+01
4.314273979822895910e+01 3.011827473534982147e+01 1.871635839817179203e+01 1.911863860457828324e+01 1.952103781694997053e+01 3.583235951928304530e+01 2.203472875308339241e+01 4.229458379091973796e+01 5.263936656361426714e+01 6.692832908283924098e+01 7.644309154797053907e+01 6.779889291538724194e+01 7.087772703500982630e+01 5.954155936331041232e+01 6.679405246463205970e+01 4.789214290528146734e+01 6.679334214599374775e+01 6.231151767879547521e+01 4.227877919222869707e+01 5.544536876480099608e+01 5.771407846251771900e+01 3.975243942220198790e+01 3.064570863015289248e+01 5.084622332168284231e+01 3.876849372200089761e+01 5.287404815906338484e+01 7.289699439790031477e+01 6.963796180336859720e+01 4.832965189180172416e+01 5.550410479667542774e+01 4.628250229619117562e+01 5.662777093338506518e+01 3.739643961582932263e+01 5.684619920367665458e+01 6.322639967130967165e+01 8.204144320486238939e+01 8.986972824092487144e+01
4.436541519889547658e+01 2.417602535410305720e+01 3.893667991143709628e+01 3.887206089663379771e+01 3.975666950462839822e+01 2.009224906566910107e+01 4.034076612433371167e+01 5.023058675843723364e+01 6.896117007465134918e+01 6.643208832869318314e+01 6.499649018080231144e+01 4.641842556764545691e+01 4.676700998116169927e+01 4.461601038580535317e+01 5.250284954479668897e+01 4.177141806780488054e+01 6.047707899751083716e+01 6.168544495402105099e+01 5.544533873157811854e+01 3.535793417179402809e+01 4.912983007594972662e+01 4.962832659460386964e+01 3.012955299203822435e+01 5.034132264711705318e+01 5.874165897518783197e+01 4.720536276783309404e+01 6.022352976101328892e+01 7.812238444781407054e+01 6.398999009402284344e+01 7.407416774522627634e+01 6.036873713958285492e+01 5.884010508205483347e+01 3.798033848980742277e+01 5.020907315475152188e+01 6.601731646280796895e+01 7.877395539935596958e+01 6.968695646335733329e+01
3.025286238178967935e+01 3.844523721697891006e+01 5.267023926118937283e+01 4.756198676262495439e+01 3.019170641319780657e+01 2.807068721127109612e+01 2.069305956401407443e+01 3.684685478536664505e+01 5.700903575072652529e+01 4.395447784130816160e+01 4.033395147380728929e+01 4.520841608021926561e+01 3.026731978763787723e+01 3.092397319858599403e+01 3.386492011504423516e+01 4.846984095754730504e+01 4.718857427438389607e+01 4.154533683547606415e+01 4.793540147951955532e+01 4.490369287841709678e+01 2.889837285711307757e+01 2.940282595387265019e+01 4.126701025493841257e+01 5.694014329424162923e+01 7.404348627627020107e+01 5.414969154164715093e+01 7.404348627627020107e+01 8.726902735895131968e+01 8.617764261613176302e+01 8.554996768660336670e+01 6.809614830957718823e+01 4.862317426429818568e+01 3.856268962413610524e+01 5.856764889480502490e+01 5.325971144753159336e+01 6.757484745305301033e+01 5.804312566673282703e+01
3.500735695743102838e+01 5.522199654587534212e+01 6.701943962406177491e+01 4.938871129502274471e+01 3.030781721231044301e+01 2.562216716334538091e+01 2.111959176230244495e+01 4.136737955301721570e+01 4.506653086824478294e+01 3.517862121357210725e+01 2.357616778615904707e+01 2.401518627439342879e+01 2.445350803749649415e+01 3.664047530540020858e+01 4.463480422763449695e+01 2.621575756478174313e+01 2.670812275064904995e+01 2.720152315801344756e+01 2.769616202815737083e+01 2.819203023906659666e+01 4.842931897797639351e+01 4.589887780242420945e+01 3.404370731465862576e+01 5.416145496734091580e+01 6.729549267277243985e+01 7.404348627627020107e+01 6.816530487125817217e+01 8.823467154633956966e+01 9.217197917762619852e+01 8.052219606535889795e+01 6.505369266183021182e+01 4.500999494477660789e+01 5.605090459736955211e+01 3.939198004906150885e+01 3.997840688910966378e+01 5.918730865500842953e+01 4.900808117519979135e+01
4.040456655352260640e+01 6.062654730593872188e+01 5.935415082482948890e+01 3.942476998715721237e+01 4.938946040397757997e+01 4.768610810596424443e+01 3.939461647409323319e+01 2.172735810678709711e+01 4.003083187786157282e+01 2.294940154479373717e+01 4.104406187599576583e+01 3.711340000431722075e+01 4.319565885282970896e+01 2.507549926457539513e+01 2.552385948401512294e+01 2.667720536515590979e+01 4.595190194307038212e+01 4.741951057331367991e+01 4.652463990959222429e+01 3.134619597504054767e+01 5.240109053291944008e+01 6.039149791695553660e+01 5.416145496734091580e+01 3.887971832832429442e+01 5.896205426023730212e+01 7.248490723663017832e+01 8.823467154633956966e+01 9.656465843113915071e+01 8.382325241334910970e+01 6.363595494641664629e+01 5.204549758570980345e+01 6.505369266183021182e+01 6.716295368197685889e+01 5.953305974033966663e+01 5.286245429973041610e+01 4.080938930209292437e+01 4.141245863328087040e+01
4.650081951156679594e+01 6.672409398383851453e+01 6.770632701572304768e+01 4.927259529974419650e+01 6.770632701572304768e+01 5.604283019395486320e+01 3.511592784540813739e+01 2.203618144486096497e+01 2.231714117609194403e+01 4.261523041520788269e+01 4.969854191003945942e+01 4.747988471306269531e+01 2.845813642411870603e+01 4.669651310057353299e+01 2.745241445707807415e+01 4.014734238076486150e+01 2.832565109331887143e+01 4.822164712087384686e+01 5.985244700505523952e+01 4.640338616064497046e+01 4.640338160575372228e+01 6.688526872127403067e+01 6.729549267277243985e+01 5.896205426023730212e+01 4.406168866234883552e+01 6.414843283031827070e+01 7.854768183112402369e+01 9.596561473969111944e+01 7.576717562476808610e+01 6.149869088290378727e+01 7.216811078660332157e+01 8.052219606663862805e+01 7.711623233885950413e+01 6.476871714260944657e+01 4.458290080065287242e+01 6.088979103368689749e+01 4.769052479547803358e+01
5.365090156478147065e+01 7.387406033586002252e+01 7.778806966025848624e+01 6.943570634991490920e+01 7.778806966025848624e+01 6.499971521888190296e+01 5.396268825246551160e+01 4.418446361358422081e+01 2.197789517858250719e+01 4.563002986207529688e+01 5.227586028209690738e+01 3.195789813389236755e+01 4.882696272392374226e+01 5.679159107493744330e+01 6.192344442501723734e+01 4.803159761177965947e+01 2.950030341559991598e+01 4.356189160181405384e+01 6.336399395292172443e+01 6.688680045726493972e+01 6.688613407531835264e+01 7.523128253139462629e+01 7.837237293789485193e+01 5.825668392737730983e+01 6.414843283031827070e+01 5.011126283858728669e+01 7.020776048953653969e+01 8.589337991245145076e+01 9.003394865850610529e+01 7.158327171689181512e+01 9.003394865850610529e+01 8.306324229769774092e+01 6.282030960952737075e+01 4.852071836827128948e+01 6.476871714260944657e+01 7.297661632848648594e+01 5.756321490673909125e+01
6.532773037881911193e+01 8.222872981545506832e+01 9.097440630714656606e+01 8.272781825747654239e+01 7.793965637158227366e+01 6.331133321868460229e+01 4.984244528758874537e+01 2.921117316884733484e+01 4.563214257968984811e+01 5.230917631842464033e+01 5.475303193376024780e+01 3.449398362638981297e+01 4.906596134304562895e+01 6.848283488400929286e+01 6.448982268653637107e+01 4.470818453122111436e+01 3.068790184140387467e+01 5.050832986027613458e+01 4.850943680888438081e+01 6.248675897205845331e+01 8.247724074752535728e+01 8.753749100763351976e+01 8.671313054588306102e+01 7.837237293789485193e+01 7.854768183112402369e+01 6.170351237904528574e+01 5.744393626932657071e+01 7.754914426677029837e+01 9.596562529256144103e+01 8.586801318282877560e+01 1.001249589546781635e+02 8.182048025341183006e+01 6.154775364380195413e+01 5.142550717985155728e+01 7.168411694860681393e+01 8.573346812060896127e+01 7.169966120994021708e+01
8.554856416630174465e+01 9.388869465534706649e+01 8.272781825747654239e+01 6.229912796919046514e+01 6.815221531752523276e+01 4.868301006578826673e+01 3.416230095951511458e+01 3.543279113029808514e+01 5.606255232316959791e+01 6.696446587353455016e+01 4.877502237000602747e+01 3.713748912903127319e+01 5.730455364860013390e+01 6.900991449407727885e+01 6.451067497418831920e+01 4.470859907891319551e+01 5.050839320273040300e+01 3.239525627630381877e+01 5.199062299288819844e+01 6.241004114923561730e+01 8.173409784723752125e+01 6.746413206098637261e+01 8.173409783136725082e+01 9.072953861999057779e+01 9.017026116852289874e+01 8.182494544892517752e+01 6.747791413017621664e+01 6.747791418465892832e+01 8.762043378713327968e+01 1.060632162965533780e+02 1.020247692511778865e+02 8.182048025341184427e+01 7.482870934676154206e+01 5.453429899755393251e+01 6.483282794621436551e+01 8.083849740021362607e+01 9.232990906962817235e+01
7.333989346499697604e+01 8.553945211946961535e+01 8.556795391096717651e+01 6.828255282386963643e+01 4.734773607039658572e+01 3.941211322670250894e+01 5.476819618440151771e+01 4.222184633281894861e+01 6.298290531834497585e+01 7.384568488916632134e+01 5.664833570343249391e+01 5.730455364854714873e+01 4.119727439232031685e+01 6.109947428001525083e+01 7.281388170679177563e+01 6.451107393750437780e+01 5.966690038661923978e+01 4.122287071567027539e+01 3.412543252547030903e+01 5.398152970787219829e+01 6.443087539807760322e+01 5.341428682310476717e+01 6.228345712500846787e+01 7.637882622318394965e+01 9.656504045253365121e+01 9.595962229026704904e+01 8.170676636541293192e+01 8.170679734516875214e+01 8.391604528644394634e+01 1.041030724242342131e+02 1.023726623646503242e+02 8.390519665171632369e+01 6.360955404117587619e+01 5.849692772697112275e+01 7.881655841828205666e+01 9.430577557353029761e+01 1.103765530540420201e+02
5.565675832885717966e+01 7.698179813061143761e+01 7.714403838842716254e+01 5.625908586664680655e+01 4.585996643310325283e+01 6.011319130540063327e+01 6.864927152668175836e+01 4.999244301503506449e+01 7.087623781394952971e+01 8.233351045201153795e+01 7.230090335158904224e+01 5.334875205429329981e+01 4.416788921002743962e+01 5.829424748887487340e+01 7.717825281721574981e+01 7.294070835975500700e+01 5.477308857958674082e+01 5.491336330378965158e+01 3.534585332610240727e+01 3.995598175418458453e+01 4.464126772875648896e+01 5.599741817869707461e+01 7.595119220148079364e+01 9.072953861999057779e+01 9.803194398247832453e+01 1.062660647156078539e+02 1.018955443000066481e+02 1.018970873461344553e+02 1.041030724242342131e+02 1.083135084408151414e+02 8.811099912735254236e+01 7.378221619546616239e+01 8.313822020233941146e+01 6.303115858888498479e+01 7.285944822750798266e+01 8.727309352957711042e+01 1.081860071421690606e+02
7.065559659424050665e+01 7.913332800518718102e+01 8.556795391096717651e+01 7.521027772252880084e+01 6.670369453126023984e+01 5.398650567183744897e+01 7.491092697276151569e+01 6.046418229259852950e+01 7.935257204612487669e+01 8.766859450692653866e+01 6.884709357958668363e+01 6.674280653433355326e+01 4.738804218352341024e+01 6.124947751599744095e+01 8.000487595330660895e+01 8.007969016131181661e+01 7.209578638776223158e+01 5.618294139591730385e+01 3.659879407500690718e+01 5.581497271564863638e+01 6.390337461052837398e+01 7.271639198948406602e+01 8.435588140560916770e+01 8.921530754129469187e+01 7.832914431172470415e+01 9.486086471989753477e+01 9.628813638688259857e+01 1.045701414132484786e+02 1.130244306224298327e+02 1.105174750263263377e+02 9.032229196835271523e+01 9.402817710773901183e+01 8.786746945855574609e+01 6.780297699884027907e+01 8.786746946351244958e+01 1.016868035185770225e+02 1.114206412959638186e+02
5.025852213444327532e+01 6.719919427266496825e+01 7.569799389607786111e+01 8.600178132656542118e+01 8.120689452889450877e+01 6.032552988814651940e+01 8.120689452889450877e+01 7.529736284753059294e+01 8.968297542829314750e+01 9.571128888038512628e+01 8.245860102254643209e+01 6.975238584967651434e+01 5.071609067095668877e+01 6.428311128459095869e+01 8.295638268103481039e+01 8.164911846619855851e+01 6.022671622416451243e+01 5.745599657063939247e+01 3.784213091421359820e+01 5.173740666945213462e+01 7.217174016628696620e+01 8.143919007164630841e+01 8.346388114946149983e+01 6.950388397578036859e+01 6.694699977184882300e+01 8.665652728877942934e+01 7.655107081843361527e+01 8.489309207819025005e+01 9.809417514822705186e+01 1.063882540076956218e+02 1.105174750263263377e+02 9.947344988882096573e+01 7.937134523930672003e+01 8.197533525295081347e+01 7.851330663639485863e+01 9.860914908219361052e+01 1.055268350892302038e+02
4.024467309215320654e+01 4.669249197159467002e+01 5.685827161388773732e+01 7.754011695299713836e+01 8.852034201121348644e+01 6.783478539954231223e+01 8.852034201121348644e+01 9.575167897010861395e+01 9.484590208262653732e+01 8.679496283808479973e+01 7.456493063953543299e+01 5.592327126775843738e+01 6.975238584967651434e+01 6.290133132200117672e+01 8.154140109528081837e+01 7.515735895494175622e+01 5.140401035004776986e+01 3.958700536099306788e+01 5.629636787047953561e+01 6.462078601560533286e+01 7.447373675548911365e+01 6.073490512532562491e+01 6.783768427968068693e+01 5.547471428339051158e+01 7.527722627127917576e+01 7.791814013140501061e+01 6.516492575180788549e+01 7.142450252282630174e+01 7.837383496777572134e+01 8.968798220926537113e+01 1.095772482519620041e+02 1.078173569265819083e+02 9.094361209757121856e+01 1.020923397859729249e+02 8.852215792331448085e+01 1.069529017406398737e+02 1.055268350892302038e+02
5.505272903954447372e+01 6.719919427266496825e+01 7.569799389607786111e+01 8.600178432627005520e+01 9.685009732481380240e+01 7.995250284510615302e+01 9.685009732481380240e+01 9.781569444675751868e+01 7.872722736395607512e+01 6.823484534132539636e+01 6.133888428757157385e+01 7.456493063953543299e+01 8.245860141054754422e+01 7.598973898754594813e+01 8.952188461350191062e+01 8.190362400389979314e+01 6.826446646678773789e+01 5.926367512583887986e+01 4.133401649288664714e+01 6.094690512564361029e+01 6.432374949962962773e+01 4.657133226830842432e+01 4.800461183795339082e+01 4.946499645602226991e+01 6.931748113771826070e+01 5.812577821766895170e+01 7.791814013140501061e+01 9.112198201377563578e+01 9.809417514822705186e+01 1.063882540076956218e+02 1.179097372617710136e+02 1.194603368591522354e+02 1.111255650811473572e+02 1.170330102491393802e+02 1.086961402410730386e+02 1.170330102491393802e+02 1.138462073473642988e+02
5.969743001676693694e+01 7.316704466121743167e+01 8.005228580023779728e+01 8.848851466535938926e+01 9.870984438776467584e+01 1.002241986731700081e+02 1.085072614162944689e+02 1.059661427044889734e+02 9.484590208262653732e+01 8.425293885320154175e+01 6.580528908594428117e+01 7.867266540153796939e+01 9.772491070195832208e+01 9.494429904948768240e+01 8.981284461126449514e+01 7.041988489078781299e+01 6.151019061933089205e+01 4.598744421786588532e+01 6.094739077970611874e+01 4.322210321982669257e+01 4.458602472617359780e+01 6.432365584980684048e+01 6.783776022996823940e+01 6.931748113771456588e+01 5.164189224654526100e+01 7.149662829569862765e+01 7.021570254289213153e+01 8.417114525269219882e+01 1.040025504885056051e+02 1.218024714208193160e+02 1.134695861358228655e+02 1.111836564897875803e+02 1.195144659734637855e+02 1.156685563853316978e+02 1.240110211102070252e+02 1.340880074517378944e+02 1.219398294684489201e+02
