MOVIE_S3_data/elevation_000488.asc
nrows	100
cellsize	150.0
xllcorner	0
ncols	100
yllcorner	0
NODATA_value	-9999
[rows 34 to 50 of 100, columns 37 to 73 of 100]
5.293383132810225078e+01 4.515150319842080506e+01 4.225544666741634359e+01 2.274986579511098483e+01 4.274850238362105870e+01 3.660524160106020020e+01 4.409776079748412769e+01 5.404400152474196517e+01 7.359167350548165132e+01 8.651625513837765880e+01 6.848279114145067581e+01 8.651625513837765880e+01 7.314881813835869195e+01 5.330384937180425453e+01 6.879689142679525560e+01 5.308828247587550919e+01 6.063473902523034553e+01 8.040939176080807727e+01 9.089236152229636900e+01 8.105048553527947774e+01 9.088512443058220924e+01 1.105833505880443823e+02 1.122881781564040153e+02 9.852499900701513980e+01 1.122881781564040153e+02 1.111092292239946886e+02 1.030218424258758745e+02 1.030218558569454501e+02 1.111096699951231415e+02 1.223127171738427137e+02 1.152499669286296609e+02 9.547519412139544670e+01 8.142966704189868210e+01 7.244619523752766099e+01 8.608699339146711793e+01 9.430971251848305315e+01 9.803649067358637126e+01
3.300893560414371564e+01 2.434117485452593144e+01 2.322684403199966141e+01 4.246080188600711836e+01 2.908084171154436248e+01 4.313095169342345514e+01 5.636487077025277159e+01 7.179985580717173832e+01 8.150954350579790741e+01 7.834543180169082177e+01 5.855069822686468228e+01 7.834570006971704004e+01 6.891785658127452052e+01 4.904004470405792659e+01 4.891815626360398994e+01 6.300563308170445964e+01 8.040939176080807727e+01 7.463840459117926684e+01 9.434178725400698795e+01 9.496009438595957874e+01 1.089072953657112635e+02 1.187639479449769624e+02 1.165374032410062881e+02 1.178804576924588758e+02 1.173544819694436825e+02 1.091828966528615439e+02 1.149858505606392214e+02 1.068160636413902580e+02 1.149858505606397756e+02 1.234600402330333537e+02 1.152826863635318944e+02 1.094753737405436880e+02 9.239552351973668465e+01 9.239552329902451788e+01 8.142966704189694838e+01 1.012670793504949529e+02 1.019797158736131877e+02
4.378302145694457437e+01 2.370817614953549324e+01 4.225946997990708809e+01 5.087929552996033777e+01 4.225118914762909128e+01 5.695926263815788104e+01 7.079026701696749058e+01 8.380877997752557462e+01 8.571622955849701953e+01 6.596107422643494544e+01 5.189716041270188640e+01 6.364520371322216619e+01 6.165304695013156078e+01 4.495973867465618667e+01 6.486031527441846833e+01 7.697774385934799568e+01 9.094985463699160277e+01 9.434178725400698795e+01 1.025158317776639052e+02 1.146742521487971516e+02 1.097091711739832931e+02 1.015530031343752313e+02 9.687774155022620448e+01 1.107932266148113030e+02 1.059941085635523592e+02 8.952736383752726113e+01 1.003863737374036162e+02 8.717015372131815809e+01 1.051515166313827763e+02 1.120849332781101850e+02 9.559683242388753399e+01 1.120849332781101850e+02 1.122069072957707334e+02 1.082593436092931114e+02 8.848222404472818425e+01 1.082593436092931114e+02 1.077901833229696820e+02
4.845456542761313301e+01 3.829500500318315659e+01 2.419235650630319157e+01 4.500980673495401163e+01 5.973324670354533339e+01 7.083885281492077013e+01 8.003227576477101479e+01 8.851704782816383954e+01 7.822824679232320477e+01 6.999048068160512059e+01 6.363512601183664685e+01 4.374193207086319291e+01 4.174318307464363897e+01 6.165304695013156078e+01 7.120357752815341712e+01 7.614235002982934475e+01 8.236343997924389271e+01 8.929251862292335318e+01 9.743264625447315552e+01 1.087590969529703528e+02 9.837662111414336152e+01 8.195020604357270599e+01 8.302885267241417466e+01 1.026359231436194790e+02 9.783476949086281138e+01 7.823336211803358253e+01 8.077337830485012660e+01 7.739577212268780215e+01 9.699310868135427199e+01 1.039170532922505004e+02 8.428385309760568589e+01 1.039170532922505004e+02 1.124921298535547152e+02 1.164725264699722231e+02 1.024681639392652670e+02 1.082593128865580212e+02 1.049438488555991142e+02
4.608776926461327150e+01 3.658883105872687480e+01 2.453945843691936091e+01 3.169786765245171267e+01 5.705134660892692722e+01 6.412017755973312205e+01 5.752902348275215161e+01 8.003245479120165840e+01 6.999176784921850469e+01 5.011950945966683690e+01 5.593092232883029169e+01 3.859376473423244391e+01 4.266176575298219120e+01 4.691973454077729144e+01 5.139025125483808409e+01 5.638726002312561292e+01 6.269062621031211080e+01 6.969412463764089694e+01 8.101507214425602399e+01 1.005997207912489415e+02 9.023532295713076223e+01 7.066316124482374050e+01 9.023532295713076223e+01 1.051076902077920607e+02 1.003863737374036020e+02 8.077337830485012660e+01 6.698252431921191885e+01 8.651789166766437233e+01 1.027615889759571672e+02 9.460687542826046581e+01 7.737840016007459099e+01 8.469317355099836675e+01 9.855878258381797252e+01 1.182464739913502001e+02 1.222404718591768216e+02 1.280562803600610380e+02 1.142166029641530258e+02
2.783625786863350982e+01 2.534632447543855349e+01 2.489834845251202466e+01 4.475211662335291862e+01 5.368050106330635884e+01 4.048670308314104460e+01 6.395200090775784219e+01 7.188219628285396823e+01 6.119539386037213546e+01 5.342788735982041004e+01 3.602193188706349503e+01 5.593556065175648939e+01 6.255626082153973755e+01 6.678393814018978958e+01 6.534068551432063998e+01 7.614235002982934475e+01 7.253990144509828042e+01 8.929251862292335318e+01 9.743264625447315552e+01 9.624749663484011819e+01 8.458532654051899158e+01 6.500891936082047096e+01 7.736071017678096950e+01 9.123420019228659328e+01 9.731056930341318889e+01 8.203617103098810048e+01 6.253896299224594912e+01 8.203617103098810048e+01 9.143798456831926558e+01 7.502453612807170202e+01 7.088341926845681940e+01 9.044324591684971892e+01 1.086650882204203015e+02 1.204928775022727052e+02 1.120436553700102422e+02 1.131259889957694185e+02 1.215726808553331608e+02
4.849125073128892893e+01 3.871515343476040982e+01 4.003565059225881839e+01 2.541634481598842754e+01 2.957923245836150272e+01 3.971162258771853004e+01 5.791804141620490043e+01 6.390642315347876945e+01 4.492934245445569275e+01 3.350306274921244665e+01 5.343755000868135596e+01 5.411610835962544996e+01 6.247937172863206712e+01 7.061669784440027797e+01 7.927415480592516417e+01 9.234018896714292168e+01 9.217140805649398771e+01 1.003174964564043705e+02 1.019734360169829301e+02 8.236569066079542267e+01 6.853109811086646630e+01 5.975252221295826160e+01 6.350810707458121129e+01 8.143154596261705080e+01 8.916445887752188071e+01 6.961808093408059506e+01 5.840040921338898272e+01 7.478925872478772874e+01 7.799172481764739473e+01 6.379346054135665156e+01 7.113321455544206628e+01 8.088686941591915058e+01 1.005020582614249207e+02 1.086297708096924026e+02 9.143431934125480609e+01 9.252777121167795826e+01 1.097151461466335860e+02
6.509268479171133492e+01 5.483260402211052309e+01 4.696104292046592121e+01 4.219750804992020221e+01 2.594449889511744800e+01 3.997255685371788303e+01 5.866248746731648822e+01 6.409027721210347295e+01 5.171288537767424032e+01 3.171178828888088574e+01 4.933719042581778780e+01 3.441792741778405684e+01 5.294912512414568795e+01 4.960244026709374765e+01 6.581652878931750195e+01 7.513036092442004588e+01 8.554851298687118799e+01 9.925181227903281922e+01 9.869017429969512989e+01 9.624749663391256149e+01 8.748269349136228357e+01 7.330437299271537199e+01 5.363440154026688589e+01 7.330437644272086573e+01 8.903488923833427293e+01 7.405921728871058463e+01 5.455165189950060523e+01 5.528597486454632559e+01 5.851188177965102000e+01 7.799172481764739473e+01 9.069446383867210670e+01 9.884400477744701163e+01 1.086650882204203015e+02 9.940190933254496031e+01 7.944871060938078244e+01 8.054490739773439145e+01 9.252777121167795826e+01
7.208948899996559589e+01 6.320823129916568206e+01 5.560549915976991997e+01 4.622871647479389168e+01 2.632279717562459354e+01 4.631852951881531055e+01 4.847757238666398649e+01 4.265455033538910357e+01 4.841975622524941514e+01 3.240718363224495846e+01 2.906375743684212409e+01 2.949963200849071399e+01 3.965831755890555854e+01 3.780570963280361951e+01 4.415989590369743212e+01 5.354132668856573929e+01 6.781915296671517979e+01 9.022167227901208264e+01 7.836492502575040930e+01 9.271926998069307047e+01 8.352086549501285617e+01 6.390697047186505841e+01 4.990656184315357535e+01 6.965175372663456699e+01 7.519778003223315466e+01 6.136100845341224641e+01 5.078521666580090255e+01 7.037263389952354942e+01 7.799171838922333677e+01 6.973015632313251899e+01 8.098787399083380478e+01 1.006007166864194460e+02 1.054947429040026350e+02 8.483946369146539723e+01 7.032011296527592492e+01 8.483946369146539723e+01 1.054947429040026350e+02
6.078558795263060688e+01 4.492230510359602391e+01 3.636825663525247165e+01 3.071528063504091577e+01 3.019492243910920237e+01 2.686782175193927458e+01 2.726520769629254559e+01 2.766564800635559251e+01 2.806876793654847901e+01 2.847522080214738693e+01 4.879774621444339289e+01 4.972021801132654417e+01 3.013568600751191440e+01 5.018792582180356021e+01 6.547075124107398381e+01 7.205731883874786092e+01 7.747073040335452276e+01 8.238291017431230046e+01 6.436170351742937612e+01 8.306898742365439148e+01 8.010653692696243411e+01 6.046030814327108516e+01 4.639241568407283722e+01 6.618811104761047659e+01 6.389165331332881692e+01 4.739927694775419553e+01 6.708502983494504690e+01 7.037203574173125276e+01 8.992314432299110649e+01 8.927723451048002801e+01 9.742340824039065694e+01 1.087623251854970903e+02 1.029695058485749257e+02 8.617037011220806164e+01 6.580698479578023807e+01 8.012876427406855839e+01 1.007560968651570619e+02
6.726977189929095857e+01 6.227337097880283068e+01 5.010867296956991623e+01 3.092662531793472525e+01 2.906502381674552637e+01 3.035163799829605935e+01 4.341418985132722952e+01 4.685558224434750230e+01 4.837456606564046524e+01 3.218048685383397611e+01 5.177339397970148127e+01 3.953957128204888249e+01 3.059315674264306040e+01 5.019091119882576635e+01 6.143377398098042619e+01 5.797555039184185688e+01 7.401051928815934389e+01 7.471473839316509213e+01 5.459299517684529945e+01 6.533696278383347078e+01 6.460530622155195601e+01 5.854660052681256133e+01 4.307225204715102507e+01 6.067480517508307969e+01 4.411373143180328782e+01 6.261413694643533745e+01 6.356111259487959586e+01 7.146107697440446316e+01 8.413938136929431266e+01 9.589968369253155345e+01 9.548539060474359985e+01 1.037027476626147262e+02 9.417305349946505544e+01 7.332333732237418644e+01 6.177977222083333686e+01 8.066763542789168184e+01 9.114723163398767269e+01
6.626378856777675708e+01 5.388131543019945013e+01 3.402659155093591892e+01 5.010867296956991623e+01 3.094480485027461114e+01 4.767164903689676692e+01 4.103461951712659328e+01 5.779817628444109090e+01 4.780889784950675647e+01 4.588423735339360121e+01 5.522043149133825324e+01 3.474578990370327602e+01 3.105095503055960648e+01 5.096852120212177795e+01 4.263114656485112874e+01 5.723050764052585748e+01 7.820970327675708234e+01 8.306898742457063634e+01 6.533696964947345975e+01 4.525931605613303788e+01 4.409127037668795168e+01 3.847262353389329803e+01 5.286464700772337011e+01 4.093425955462961952e+01 4.182214484999286697e+01 4.279381612901101306e+01 4.377019248857563838e+01 5.766625570664849221e+01 7.269466222300114566e+01 7.623739148825329437e+01 7.584305187555925443e+01 8.414762466037961985e+01 8.735996359007090462e+01 7.639110897032412595e+01 5.814272034447628101e+01 6.929052106207318218e+01 7.374107793843741376e+01
5.786198547822376526e+01 3.768128881574379108e+01 5.388131543019945013e+01 5.294106230450239536e+01 3.301712523846180858e+01 4.266216882127077525e+01 5.903166366191370429e+01 6.741650765343220542e+01 6.140229837875184415e+01 6.600830088213672298e+01 6.359373320119318862e+01 5.522403233575006709e+01 5.097876682137206217e+01 3.167960856648894108e+01 5.133414161338663462e+01 5.976888898982282683e+01 7.192984762622701567e+01 7.736049069039543724e+01 6.440224876051409808e+01 5.614347016515687017e+01 3.730605283144439710e+01 5.735916450675085088e+01 3.969015536401644084e+01 5.992445159984836067e+01 5.591066186086858636e+01 6.261445209861899741e+01 6.357002290965991165e+01 4.516074314040840676e+01 5.665000488851895710e+01 7.449872227749071385e+01 6.459307296408113075e+01 6.459314252426347025e+01 6.627207106118834190e+01 7.248129710403725312e+01 5.457616730431892904e+01 5.575553875415008775e+01 7.518550150352569972e+01
4.174793603570183365e+01 5.786198547822376526e+01 6.626343056357603700e+01 4.974881815034329691e+01 3.551073780586717987e+01 5.579479307250814202e+01 5.919822339842365011e+01 7.949891087807208123e+01 7.995115952622430200e+01 8.140967971169310147e+01 6.997641180129436123e+01 5.653003931813199046e+01 3.673720022818685038e+01 4.383732753061856613e+01 3.228154839960019018e+01 4.570799456774147274e+01 5.933112558902286793e+01 6.319397937382239405e+01 4.917260962699067761e+01 3.616702459387411750e+01 5.424828094280982071e+01 6.497466752160931946e+01 4.656370870166384179e+01 6.855928985013075305e+01 7.554442393169010472e+01 8.120154017428865245e+01 6.820615581081359835e+01 4.853756406898969544e+01 4.662491509037491966e+01 6.635473174866390877e+01 6.878322979641448853e+01 5.072602000988489124e+01 5.185056484257701470e+01 5.297828742520989920e+01 7.249053262702393852e+01 7.518575440622407768e+01 5.741911520004649816e+01
5.612141232302022331e+01 7.048698895251122565e+01 7.889992412235953623e+01 5.879984348075671363e+01 3.830132694520415271e+01 5.273775451019987770e+01 7.343512916133968815e+01 8.789062315840811834e+01 8.632228412357484615e+01 7.321685486531210074e+01 5.340400723867857380e+01 4.198350237639238003e+01 5.653003931813199046e+01 5.895120010656635401e+01 4.628344116925936902e+01 3.285303181184445975e+01 4.835243839364643037e+01 5.385740096852321557e+01 3.509854902707062507e+01 5.502299465160847802e+01 5.036506572311217411e+01 7.032140655901702075e+01 5.546080467827120231e+01 7.682835405338110490e+01 8.689301183820737151e+01 6.731810887542155797e+01 5.347152013393273506e+01 6.820598618271003488e+01 6.632311834564498554e+01 4.809938390822458132e+01 4.915037602249316961e+01 6.880202467646134323e+01 7.140341145912526599e+01 6.408684316494149869e+01 8.013283088198981829e+01 8.499888021733534060e+01 7.683574818810927809e+01
6.527812343451064692e+01 8.485256558200225641e+01 7.662533662021660064e+01 5.589330855227285610e+01 4.131953392911082545e+01 4.979710021857307822e+01 6.683793555262059272e+01 9.000990322756337036e+01 7.559601605279445380e+01 5.921388373561949692e+01 4.821132090772981371e+01 6.177790195466214840e+01 6.177790195466215550e+01 7.389619286481917015e+01 6.061520466425031373e+01 5.265403997750564713e+01 3.340152155060515327e+01 3.412665851775383175e+01 5.387280069207514543e+01 6.326465169406646538e+01 7.039926758218146574e+01 7.860585294834127978e+01 7.107952306825015398e+01 7.278902452360776465e+01 9.240713053773232843e+01 7.670561869559048773e+01 5.714336945334597573e+01 7.670538935879388021e+01 7.589649214055135928e+01 5.952215887773717640e+01 6.879250368449594077e+01 5.381495309102627544e+01 7.337095417493192429e+01 8.260546202467966737e+01 9.056294518661458426e+01 8.648459950030208176e+01 6.689070229015558766e+01
7.729727532567537196e+01 9.402886880417121063e+01 7.750467348020208647e+01 5.675064240664670479e+01 4.478310032928347795e+01 6.552232805311501807e+01 6.715041013537302206e+01 8.803730945229766292e+01 8.406967349044782623e+01 6.432850913196912757e+01 5.367788911753736159e+01 7.342907310497326989e+01 8.157351511785013543e+01 7.262878274567492554e+01 6.117950949984800957e+01 4.028348287173778886e+01 4.508938198001342812e+01 3.400712617920723346e+01 5.681693985422231208e+01 6.879243929742472119e+01 8.468394916635327263e+01 9.280342064054875095e+01 9.184475707637909636e+01 9.209698328741268369e+01 9.786762139779915515e+01 7.604557796431946315e+01 6.097607582679663096e+01 8.057463780643544737e+01 8.725050939445662834e+01 7.907354695354213447e+01 8.076869968154076673e+01 6.121147453172445552e+01 5.906205936051473060e+01 7.287145531659176356e+01 9.255390784742589005e+01 9.244210038926323136e+01 7.277597746654011246e+01
