MOVIE_S3_data/elevation_000338.asc
nrows	100
cellsize	150.0
xllcorner	0
ncols	100
yllcorner	0
NODATA_value	-9999
[rows 17 to 33 of 100, columns 0 to 36 of 100]
4.336683913182175498e-01 5.792514255720250027e+00 2.147613467680542598e+01 1.352609111500119532e+00 1.447710531929058675e+01 2.052068800896887524e+01 2.134656511450207006e+01 2.530825819600899695e+00 3.338694982263237243e+00 1.760774845531330612e+01 3.187394644388591303e+01 5.132434688215396790e+01 6.678665484636118777e+01 8.005837378806967308e+01 6.530611352140005010e+01 4.625820195142480884e+01 5.033468900479493868e+01 4.445346154911442227e+01 5.378178899999597462e+01 6.598800762713777601e+01 8.680102299803566268e+01 9.150337185761387104e+01 7.252832229468501168e+01 5.917993128227187327e+01 5.225389732185280423e+01 7.123600723617445851e+01 8.067808893741225518e+01 8.754231200823582526e+01 7.010698475428334575e+01 8.757314899586067725e+01 9.713349583445868518e+01 8.608886620478538987e+01 6.627221819713621187e+01 5.437955790106314424e+01 5.762867122903571726e+01 7.592151345369663318e+01 7.248897784085943385e+01
5.385724909496417689e-01 1.964438693778922129e+01 2.591051664660471587e+01 2.364337768079249003e+00 1.697785145071215807e+00 1.941692749800160600e+00 2.185553879350332185e+00 1.963730766995056598e+01 1.259016730923583793e+01 2.620476470330553198e+01 4.981152876333260338e+01 6.642311592446905877e+01 7.382125933513835037e+01 7.478609506090896275e+01 7.572376228200856474e+01 6.109205033443110011e+01 7.126045062189051293e+01 5.489819371685766924e+01 7.392507677360956109e+01 8.324084974054886743e+01 9.514355012136275036e+01 9.150337185761387104e+01 7.252832229468501168e+01 7.457440273031727429e+01 5.569162320487219375e+01 7.457440273031727429e+01 9.257230718335051733e+01 9.709947231712681059e+01 8.907402059538904382e+01 9.718803730025103960e+01 9.701872646037419656e+01 7.736481970485546356e+01 6.324904852274912059e+01 7.464805806608738692e+01 7.198039160760997390e+01 8.592620184388863436e+01 7.703176969685432596e+01
8.336531950628578436e-02 2.008336531950592985e+01 2.355802867763430086e+01 2.273371992953113718e+01 2.285857986707326361e+01 2.306392380845995405e+01 2.329164024591078519e+00 1.709710308655781219e+01 3.338924516505007034e+01 4.449262057816769556e+01 6.211588073641024721e+01 5.998593439531628491e+01 5.261896159358529701e+01 5.459075119031985679e+01 7.478609506049681954e+01 8.196515152081884992e+01 8.433122465844402882e+01 7.588554643341953465e+01 8.433122465844402882e+01 9.258801085569425027e+01 9.479201913327273132e+01 9.950557298334641132e+01 9.150337185761387104e+01 7.858651946543498923e+01 5.976825046600426816e+01 6.579251526360094715e+01 7.417118926079017172e+01 8.504433313856873156e+01 1.042523263893280756e+02 1.083538620506059686e+02 8.872319886713346193e+01 7.481209236134093032e+01 8.312127538249202985e+01 9.126397708373703210e+01 9.172499153642112901e+01 9.573334353504412775e+01 7.703176969685432596e+01
4.524162703296725763e-01 2.009414140783145619e+00 3.571151501180261256e+00 5.147370387645051615e+00 2.485592587847584056e+01 2.896595670623049301e+01 2.324501009280262309e+01 3.294595141299445373e+01 4.874882043615158267e+01 5.955887298113948702e+01 5.574910115910891761e+01 4.114873468844815818e+01 3.824651002928051469e+01 5.829666583811853542e+01 7.136347682017435545e+01 7.710941567799400786e+01 7.822077208841207607e+01 8.622387621175805350e+01 8.653847180379244719e+01 7.217350965271070606e+01 7.441319465143202194e+01 9.479201913327273132e+01 9.762743135308930675e+01 7.858574395745183949e+01 6.815495064087103572e+01 6.712755004361451938e+01 8.598422010437248275e+01 1.012098292844987526e+02 1.123623719129760588e+02 1.141119353597436543e+02 9.447288699438347237e+01 9.447288699438347237e+01 9.393397016449573300e+01 8.598431313746014837e+01 9.166524713753133824e+01 8.097400403869728791e+01 7.261410619592561488e+01
4.402443450947634007e-01 2.044024434509440979e+01 2.355802869077741235e+01 2.512662619677459475e+01 7.397505379829583561e+00 9.014331270358235670e+00 2.897867152350880104e+01 3.955348789143196342e+01 4.896464915914876315e+01 3.769518477001915358e+01 3.981387096127880909e+01 2.757477095895236019e+01 4.749211181909004864e+01 6.543579607278769572e+01 5.130117574590209273e+01 5.716280354864726121e+01 5.991559143348045779e+01 7.507145540080441037e+01 6.842650571142728211e+01 5.752023803144447811e+01 7.217350965271070606e+01 9.258801085569425027e+01 1.026334114338617098e+02 8.351317363674871785e+01 8.702180264599387272e+01 7.372758217075875109e+01 8.247325589506687038e+01 1.015883861142982596e+02 1.096511299823222885e+02 1.016186154860722013e+02 1.024299042025869397e+02 9.145782852843422006e+01 8.299868958216109149e+01 6.715246011364870071e+01 7.819616188848104343e+01 6.472707750762215539e+01 5.357408193997341783e+01
4.237187090225543740e-01 1.196665144526972568e+01 3.165443748164771165e+01 3.576995842088468436e+01 1.894638066128767306e+01 2.890157143209240331e+01 1.133105570416548957e+01 3.128933155134803101e+01 3.069624178308713169e+01 1.796445541210017183e+01 1.977172969269144787e+01 2.169646369897336058e+01 4.179195722571125771e+01 4.696293958794075252e+01 3.692635268250546687e+01 5.697702375302115030e+01 5.075486635242556588e+01 6.019379251991058055e+01 4.795198323390999917e+01 6.842650571142728211e+01 7.750232223505766171e+01 8.478184194746629032e+01 9.311812251441760679e+01 1.026334114338617098e+02 8.915204917507458049e+01 8.458384529577627120e+01 1.006870145387212432e+02 1.096453463168077178e+02 9.863324948812586968e+01 8.266294472457725817e+01 9.442176664749742088e+01 7.555391738170901306e+01 6.470768241437460233e+01 5.610343080129734972e+01 6.700641163700004199e+01 5.086869613535068879e+01 5.357408193997341073e+01
9.142864485297492738e-01 2.091428644852939556e+01 3.998592639982654617e+01 4.782050050733629121e+01 3.942036677701355529e+01 3.937249920972263340e+01 2.026032573877529330e+01 1.372043575218252620e+01 1.543418005481992594e+01 1.906220655187830104e+01 3.735357845359030904e+01 4.179195722487366993e+01 2.478808614951901745e+01 2.700209251911743280e+01 2.923914875213789699e+01 4.916350104501333362e+01 4.302960173445677583e+01 4.020255417171117074e+01 4.540303375234756089e+01 5.078605982140462771e+01 5.683199870170837897e+01 6.419225093776513802e+01 7.620957873662655402e+01 9.649177126140006067e+01 1.026913269485617519e+02 1.037415236164254395e+02 1.117965579646892564e+02 1.070780094862278844e+02 9.067455386925325911e+01 7.189472962927561639e+01 7.983201728896830218e+01 8.771729446621610293e+01 8.299868958215938619e+01 6.700641163700004199e+01 4.754092938965760595e+01 5.655731666140531644e+01 3.619010297357015560e+01
9.064013007315497861e-01 1.245340668452416821e+01 2.659554230825537147e+01 4.659554230825607846e+01 5.606696163110535736e+01 3.645195860552060196e+01 4.005137872582842107e+01 2.524285577607101061e+01 2.257617182527706490e+01 2.956915614198591413e+01 2.552254689886328975e+01 4.498346088086885430e+01 4.481048104307939184e+01 4.112397930164369342e+01 4.905373475601084010e+01 3.256863084554416332e+01 3.500045808759541188e+01 3.902111341064500749e+01 5.973353986956306727e+01 7.126998519366007656e+01 7.750232223505766171e+01 8.478184194746629032e+01 9.311812251441760679e+01 1.047832921797955947e+02 1.221209090305157616e+02 1.098255113610196645e+02 1.002768649403378589e+02 9.228719358260272543e+01 8.013345173868722782e+01 7.983201728896830218e+01 6.104132496024987375e+01 7.142960827081465425e+01 6.849168989581076517e+01 6.559105391525497453e+01 5.964890476826843013e+01 3.951550115014827469e+01 5.424097255655573235e+01
3.063610709598194592e-01 1.444849669469089548e+01 3.444849669469159892e+01 4.536757990733821799e+01 5.367900320593151520e+01 5.606696163110535736e+01 5.345135421829262157e+01 4.518612494449617145e+01 3.070790889275254187e+01 4.589869091237041943e+01 4.498337680268947025e+01 3.401569030454677289e+01 5.385657366751910757e+01 6.106785202785840738e+01 4.881782437064386215e+01 5.248330449343747972e+01 4.264876496193033262e+01 5.973337807888223949e+01 4.526010184970336070e+01 6.598118000538293870e+01 7.808754557964985565e+01 8.391534359683768685e+01 9.060361979732522286e+01 9.886129017200684643e+01 1.088454382250232584e+02 1.017565263450526487e+02 8.281786082015278794e+01 7.355665265205419701e+01 6.735389733446677951e+01 6.139048823416133160e+01 5.605763056552667223e+01 5.238972108932631500e+01 4.925137501505075477e+01 4.609555438517914894e+01 4.332629177485302563e+01 5.401849063636350934e+01 6.697767537874241839e+01
2.739570439748240105e-02 2.002739570439712580e+01 3.122247514029757554e+01 2.536338090460101213e+01 4.536757990733821799e+01 5.981656628397563225e+01 6.802973424358694388e+01 6.137044792842613816e+01 4.204523181958172984e+01 6.137044792842613816e+01 6.210969459226042488e+01 4.543941451181179048e+01 4.802318449113315779e+01 6.793962093175041161e+01 6.290684557272352606e+01 7.126458249542424994e+01 5.285956594742619785e+01 7.126458249525767030e+01 6.001865922869370706e+01 5.228424144095935588e+01 5.772380080443451789e+01 6.372725907280081969e+01 7.053879119586241586e+01 8.060600305438954649e+01 1.006012365402609277e+02 1.098255113610196645e+02 1.002768649403378589e+02 9.228719358260272543e+01 8.201488731615631878e+01 6.328354808926833641e+01 7.493510655650854346e+01 7.142960827081465425e+01 5.381516330185338859e+01 6.559110329091198821e+01 5.751546264892962768e+01 6.309280403588385866e+01 8.113765995345684701e+01
1.758338105654860817e-01 2.016191753867571990e+01 1.122126843920220907e+01 3.122247514029757554e+01 4.569907271562671980e+01 3.985141541290168021e+01 5.981656628397563225e+01 7.193975957738062732e+01 6.356953457772156924e+01 7.193975957738062732e+01 7.361048662162646394e+01 6.535462690191209845e+01 6.793962093175041161e+01 7.619620469338757118e+01 8.282276966772235482e+01 8.133062029340435117e+01 7.304592123697766226e+01 8.133062029308959495e+01 8.037597853039703466e+01 6.691625796767790746e+01 7.808754557964985565e+01 8.391534359683768685e+01 9.060361979732522286e+01 9.886129017200684643e+01 1.088454382250232584e+02 1.139269811509879702e+02 9.467028565067828083e+01 8.139338420229401549e+01 7.210575098692109464e+01 7.407562503159378764e+01 8.218851300624105249e+01 6.338942957479549989e+01 7.278897129051820514e+01 6.751618484658072816e+01 7.655922271702280568e+01 8.211317301727711992e+01 8.230102011821736596e+01
4.683972685643240652e-01 4.732411595676551563e+00 2.471902368531598171e+01 1.938623352128541555e+01 2.571078644187161899e+01 3.985141541290168021e+01 5.981656628397563225e+01 6.597623543280673175e+01 5.770527053441863075e+01 6.597623543276495184e+01 7.461752364469819554e+01 7.461752364469819554e+01 8.282642067231260796e+01 8.316288533471841049e+01 7.487385516108646755e+01 8.316288533471841049e+01 8.566089094467740495e+01 7.737097180033794075e+01 8.566089094467740495e+01 8.710583881175703880e+01 8.282375435076104964e+01 8.351461545968030009e+01 8.351461545971910994e+01 9.180690179901776560e+01 9.363377261535534046e+01 1.019291743661061957e+02 1.083646053339577406e+02 9.882883865441706916e+01 8.284055938793935070e+01 8.727560702498887224e+01 9.010335758043734700e+01 7.278399988021745060e+01 9.010335758043761700e+01 8.056259320553488124e+01 9.401793380323756821e+01 8.135116214234950860e+01 7.260818937152154717e+01
2.051881798473268459e-01 2.020518817984697080e+01 3.300160436151133325e+01 3.937822160077213596e+01 4.569907271562671980e+01 5.394057482824430139e+01 5.484850870093528385e+01 5.598214043232557913e+01 3.770866604621249962e+01 5.598214043229113202e+01 5.465574033465808412e+01 5.465574033465808412e+01 7.461752364469819554e+01 7.316758106310786047e+01 5.489189561280382890e+01 7.316758106310786047e+01 7.566397229884459819e+01 5.738533508292282193e+01 7.566397229884459819e+01 7.697443883455075309e+01 6.283295341511583132e+01 6.352245067702097714e+01 6.352245067702097714e+01 8.351461545967573841e+01 7.361857859778174884e+01 9.037142204167437853e+01 1.020381152385506027e+02 1.098591197212732880e+02 1.017956248213994144e+02 1.063423313479734560e+02 9.957562883796676090e+01 9.159302613226455492e+01 9.957562883796676090e+01 9.950157968750370685e+01 8.728657629522172101e+01 6.667473037502112732e+01 5.244319352299331882e+01
8.187695587851057111e-01 2.081819695522204938e+01 2.357658599367920971e+01 2.481327473962205943e+01 2.607736126817804490e+01 3.436362754879475290e+01 3.486888394222284404e+01 3.770782698713297520e+01 2.770868568392855735e+01 4.770696829031553676e+01 4.043775810695105122e+01 6.050241130159237457e+01 6.552508992091780726e+01 6.488287538694511625e+01 4.489814356310559873e+01 5.489050947502540367e+01 5.738651086700581772e+01 4.739486829238130383e+01 6.737815344163043108e+01 6.698507156777147031e+01 4.872024140941045545e+01 4.940909825380028764e+01 6.566394819079545186e+01 6.943570894350845890e+01 6.208878563746568346e+01 7.372478208542871414e+01 8.666071215631333757e+01 9.495682260094149285e+01 1.049703710442684468e+02 9.975903815416945974e+01 9.125044615749580146e+01 8.858679491329395717e+01 9.709452089110477857e+01 9.164403920795919589e+01 8.315067592387781303e+01 8.135079064570093976e+01 7.260818914476361385e+01
2.311624522989861319e-01 2.023116245229862997e+01 3.554935232119412536e+00 4.812324459043280100e+00 6.077235523110637416e+00 2.607710606695625444e+01 2.072764403431111191e+01 1.770868742735492773e+01 3.770782698707616021e+01 5.340848513352645455e+01 3.312843205271371261e+01 5.338111136132698675e+01 4.536050522494726067e+01 5.544367626983999742e+01 5.489050947502277467e+01 3.485856075292497280e+01 3.736814195248479820e+01 5.738651086700581772e+01 6.290527678701901948e+01 5.462488783765994782e+01 3.871981977409345888e+01 4.211194305682523265e+01 4.570543346382635264e+01 4.947742703128142239e+01 5.445932698970423758e+01 5.960351774865502961e+01 6.665532684513405570e+01 7.664777901220256240e+01 9.667364530042405590e+01 9.125044615749580146e+01 7.089162395514684079e+01 6.826601112200542332e+01 8.532533105465812184e+01 7.992207146877514390e+01 6.293016832527322180e+01 7.992207118377461939e+01 7.408453010384531012e+01
9.845726073866658545e-01 1.783705461039217788e+00 2.174135082949388575e+01 2.480617419838997506e+01 2.607673145904988488e+01 7.884251328921147106e+00 9.180658776025486745e+00 2.918026609998620557e+01 3.929778277631830008e+01 4.003608200442376841e+01 2.666838488875506741e+01 4.488258781200331526e+01 3.112172382061841347e+01 3.537655142732080549e+01 4.291999118410224412e+01 2.873880820867739061e+01 4.672093396494381068e+01 4.871063872931824790e+01 5.073683010941735461e+01 3.460990173125811253e+01 5.462488783765994782e+01 5.363832750877143241e+01 6.566344377933910437e+01 6.358010582330729221e+01 6.576633725603709024e+01 7.958774034942101139e+01 7.591407198831829817e+01 9.495682260094149285e+01 1.049703710442684468e+02 9.125044615749580146e+01 7.089162395514684079e+01 5.677584041871166676e+01 6.829297949832050563e+01 7.147637506546597308e+01 5.149144129769611311e+01 7.147637478924340826e+01 6.674688858257935919e+01
3.295302290958179725e-02 2.003295302290922564e+01 1.592297041222766119e+01 3.578730574387190444e+01 3.615084527615506005e+01 1.682854140764557016e+01 2.918061976048261741e+01 1.108326475264347977e+01 3.105853557654159047e+01 2.273550260469273354e+01 3.586937712360253983e+01 1.796892066389686704e+01 1.952074400521023989e+01 2.109431010043558530e+01 2.272185048325132328e+01 2.456768023959159564e+01 2.657838681373473122e+01 2.861560563563624271e+01 3.067855933384451106e+01 5.073683010941735461e+01 6.290527674483487885e+01 7.360917484398230215e+01 8.188825166546692458e+01 8.357238541217216721e+01 8.576254062937098865e+01 9.405620566827457196e+01 9.593369004053482740e+01 1.042291892148821120e+02 1.017896824412588472e+02 9.327583516991633417e+01 8.256941490558904206e+01 6.237948620662775312e+01 4.835845796018661247e+01 6.101392174207884977e+01 4.451367278461483323e+01 5.509645468760020037e+01 4.671261725406198906e+01
