MOVIE_S3_data/elevation_000495.asc
nrows	100
cellsize	150.0
xllcorner	0
ncols	100
yllcorner	0
NODATA_value	-9999
[rows 34 to 50 of 100, columns 37 to 73 of 100]
4.922602176600726409e+01 2.942012680201738206e+01 4.009194215742375178e+01 5.866254382875584383e+01 7.508593727128234718e+01 7.173729479431864320e+01 5.925944077774249763e+01 6.498500248914638178e+01 7.129836172044120701e+01 8.529968800812977747e+01 1.050136913973504278e+02 9.549538645495067613e+01 8.736213272097944582e+01 8.005552423829611541e+01 6.047091768854953386e+01 5.996989364025571945e+01 6.792382862226631346e+01 8.757325614750264720e+01 9.544396280288957257e+01 8.625326777699871172e+01 9.769819599148945599e+01 1.173355708751435600e+02 1.103972150512306740e+02 9.225628975863362768e+01 1.103972150512306740e+02 1.131720325504929150e+02 1.049821142187154237e+02 1.049892953557895368e+02 1.131775730422916837e+02 1.245601549278089522e+02 1.178786417160417557e+02 1.079811766044044816e+02 9.848423153064943847e+01 7.887367964561640576e+01 9.811305746714357667e+01 1.063231882526977188e+02 9.936619723784538394e+01
3.268543467548548875e+01 2.981988201961257090e+01 4.550465255678892618e+01 4.753638285802280450e+01 6.651430820921757459e+01 6.581358159691569654e+01 7.398957046759015554e+01 8.482024773759638947e+01 9.107378595734114413e+01 9.919909801950586825e+01 8.984646619938581580e+01 8.171088151683602518e+01 6.771689239832687690e+01 7.132186104630405055e+01 5.536931470463014193e+01 6.669992472206166667e+01 8.633527599249062234e+01 8.179878953309757605e+01 1.015140517634697233e+02 1.002527135365023270e+02 1.141029909185973423e+02 1.254206252852432755e+02 1.203188165454617149e+02 1.120265649549293840e+02 1.203188165453652374e+02 1.213741318569758647e+02 1.169241130403761701e+02 1.086954738549600989e+02 1.169241130403761701e+02 1.283464142845299989e+02 1.202123152130644144e+02 1.146446268045505121e+02 9.485226557334905806e+01 9.848423153074585912e+01 9.013388909582577924e+01 1.098910114270758669e+02 1.017666448697648747e+02
5.134000454952022352e+01 4.912148114798859666e+01 3.037722770643853920e+01 4.480999377119529470e+01 5.317749490084659669e+01 4.604477179540038634e+01 6.004444716441891217e+01 7.974151280252225149e+01 9.288520056329194574e+01 8.475694121608864862e+01 8.171088135682359166e+01 6.205119424355780922e+01 6.780938275484255939e+01 5.160810865690455529e+01 7.132186104630405055e+01 8.313511044055127286e+01 9.447371135188464564e+01 1.015140517634697233e+02 1.096321498972686896e+02 1.198680999447658877e+02 1.192656108857966899e+02 1.111114242009156783e+02 1.136721499270761058e+02 1.218226193474733208e+02 1.155380376154307243e+02 1.017254163614109075e+02 1.068919172148891619e+02 8.876196765417471113e+01 1.069672910527038852e+02 1.169477985245120522e+02 1.004256218984394167e+02 1.169477985245120522e+02 1.146446268045706915e+02 1.181278565580374078e+02 1.040706612187661761e+02 1.181278565580374078e+02 1.058744901369344404e+02
5.724601140951252631e+01 5.276683216943692400e+01 3.258009655828396944e+01 3.093247721472796385e+01 3.348037173125028687e+01 5.330987340171672884e+01 6.690107641119720938e+01 7.705056141953100735e+01 8.153766060766349710e+01 6.508951953662767664e+01 7.301894117138581919e+01 6.487642983652344242e+01 4.802812114495844042e+01 5.231028470078069148e+01 7.201383349563197100e+01 8.344701465447570854e+01 8.966840284834049157e+01 9.664571852991008427e+01 1.047487025880316622e+02 1.160827162156887908e+02 1.078236721074862032e+02 9.123869921077225342e+01 9.382472486745325568e+01 1.136721499270761058e+02 1.074803918884567082e+02 8.766084281766096353e+01 9.490566722193112525e+01 7.882185728818333814e+01 9.872844974684846875e+01 1.087884625014930862e+02 8.889656751381572519e+01 9.815579738469676840e+01 1.063454297782941040e+02 1.152221300160463926e+02 1.239425798374317935e+02 1.147379599157377044e+02 9.493066397901132802e+01
3.763020765013575897e+01 3.556032661570003484e+01 4.727740746675144834e+01 5.059283192592483402e+01 3.147896413501288393e+01 4.064575540857458691e+01 5.014688134572840283e+01 6.908005185273279380e+01 7.340194882601879556e+01 5.368809066214993919e+01 6.202014818918382133e+01 4.508763071022599433e+01 6.486175207146541766e+01 6.625516662494955256e+01 5.893395074759428098e+01 6.383683209656792457e+01 6.999464594764680214e+01 7.691088959824185167e+01 8.832016609017796327e+01 1.080186346631235637e+02 9.963790107832491572e+01 7.973153261990564999e+01 9.963790107832491572e+01 1.125163256088702752e+02 1.072457065117609432e+02 8.746860568098074395e+01 7.515056391249585488e+01 7.191041178034555514e+01 9.170051193350666097e+01 9.865270539407877948e+01 9.089640119939306828e+01 7.827512216190829974e+01 8.715153916787895128e+01 1.012648694649379877e+02 1.210453200029577090e+02 1.229799918489965478e+02 1.115288911417897566e+02
5.724602609444070112e+01 5.509290723322362027e+01 5.893140144908691980e+01 5.145611601962803405e+01 3.186121229749061001e+01 3.480092779465926611e+01 6.478742824641967957e+01 7.467546688773610697e+01 6.576263400131888659e+01 5.929510373438422732e+01 4.227532524844396278e+01 6.200333098193432591e+01 7.296971637669066979e+01 8.585338133486766310e+01 7.854446901499878209e+01 8.344701465447570854e+01 7.983534694095796169e+01 9.664571852991008427e+01 1.047487025880316622e+02 1.056828763009967247e+02 9.363590515876654763e+01 7.381409594151151055e+01 8.449667462192950040e+01 1.043418078846921304e+02 1.014844219726358858e+02 8.166564694130109103e+01 6.781869783379681849e+01 6.581707282182905772e+01 8.543312975170491086e+01 7.884655572239303467e+01 7.114656575070918620e+01 8.249330853109343309e+01 1.023752392546448959e+02 1.152221300160483111e+02 1.191282206812354048e+02 1.160203232294753946e+02 1.241113957770863720e+02
6.866159505563344112e+01 6.729035309765987449e+01 5.910437492096015433e+01 5.167400373960600035e+01 3.224000769164994296e+01 4.690247165778663430e+01 6.509391872294762038e+01 6.938683891248136604e+01 4.869961963414696982e+01 3.963205521336024617e+01 5.929510373438422732e+01 5.942735576611546122e+01 6.765716296166975496e+01 7.592627914020626179e+01 7.808452501463524698e+01 8.621810476008118940e+01 9.951709310011440834e+01 1.076097409236374602e+02 1.115155813504090077e+02 9.169024959911614303e+01 7.769612628842561719e+01 6.844114492358643531e+01 8.813832442759134267e+01 9.210785189261598305e+01 1.002968233753611145e+02 9.564617492094006934e+01 7.976642104400868050e+01 6.025807035514990417e+01 7.921798657348476524e+01 6.506163412812307456e+01 7.627844155606807419e+01 9.608802071783441079e+01 1.105530483129296613e+02 1.132826954595800117e+02 9.935449935650508735e+01 9.620295417160923535e+01 1.127178296015278676e+02
7.618930173381046700e+01 5.911904739540764098e+01 3.954953923240844915e+01 3.548009509482609758e+01 3.261531499244813403e+01 5.212732983650185759e+01 5.288588002129732502e+01 5.861339771376329821e+01 5.739730717614446576e+01 3.784026874557053333e+01 5.485327777997166265e+01 3.920311823063029522e+01 5.842857425608727340e+01 5.619639848697415374e+01 5.836323194867846098e+01 7.342162449806464508e+01 8.037308170965819443e+01 8.851118680661494409e+01 9.986932918329424069e+01 9.492256405408774356e+01 7.513057650453085046e+01 6.389853753527162894e+01 7.816199497529397888e+01 7.238543190122453552e+01 9.210785189261598305e+01 8.074279341994137837e+01 7.258183076300116454e+01 5.645728880709263109e+01 5.971605656078861557e+01 6.937636595372039494e+01 8.905960719324858132e+01 1.042786997538080840e+02 1.148076688675323567e+02 1.033650770121250133e+02 8.523143442995507257e+01 8.465956479027364878e+01 9.465886634948859069e+01
6.216483454833237943e+01 4.822587289567015034e+01 5.911888545304467613e+01 5.396958050188032985e+01 4.280138141645743133e+01 3.314134204542462214e+01 3.351849672623195175e+01 4.339032709952467570e+01 5.198551624479934929e+01 3.535889787276519769e+01 3.531416264974762242e+01 3.568760390464127852e+01 4.141092242419644975e+01 4.226917968692642091e+01 4.767777364879301416e+01 5.370474998453995852e+01 6.071139173963513258e+01 7.204772720798085572e+01 9.174572769990355425e+01 1.031134754081082292e+02 9.168950129472464994e+01 7.816199497529397888e+01 5.860045506967521334e+01 7.816199497529363782e+01 7.741170680381661384e+01 6.925041738436055994e+01 5.287292342447817362e+01 7.258183076300116454e+01 7.089006255167498693e+01 7.921798657348351469e+01 8.905960719324743025e+01 1.088763861473162819e+02 1.066781316830781634e+02 8.677781553713511187e+01 7.533466847461066607e+01 8.936798437580368670e+01 1.092413600188701253e+02
6.216483454833237943e+01 6.797273404857722312e+01 7.613652953273724222e+01 6.326877767477586900e+01 5.293034504007199104e+01 3.491077366992293918e+01 4.613733598776182276e+01 3.404816986585954197e+01 3.442123628422991288e+01 3.479270284055183282e+01 5.433460712933766956e+01 5.522728651571153335e+01 3.620998966615316306e+01 5.575735940423645332e+01 6.745468969570282525e+01 7.342162449806464508e+01 8.037308170965819443e+01 8.851118647597715494e+01 9.745101355743938143e+01 9.471657526644331426e+01 8.877415445749308276e+01 6.909019216360842108e+01 5.520850370222208170e+01 7.485061855238805606e+01 6.920701824620388720e+01 4.932659201576259278e+01 6.925041738436055994e+01 8.074279341389777187e+01 9.059414234806118316e+01 9.878896794783672419e+01 1.071506952043353067e+02 1.030453120443605854e+02 1.012298240977292636e+02 9.074908902544474643e+01 7.100060825913820395e+01 8.493024918347188645e+01 1.047970110892126598e+02
8.199424396804826642e+01 7.057408239301246056e+01 6.215292337521234600e+01 5.649519650790562508e+01 3.737577012698048406e+01 5.411688363070955887e+01 5.713892538308000724e+01 4.951671414921658254e+01 5.244097920493644693e+01 3.921813915829585540e+01 5.724320968780862273e+01 5.360187604037459863e+01 3.657777983072611505e+01 5.019237521833438365e+01 6.884605331094267910e+01 7.010328166140065775e+01 8.914129923825984747e+01 9.266111552853205069e+01 7.931818620057838132e+01 7.542043840504612717e+01 8.914315978768685511e+01 7.170908168651767767e+01 5.191482943123910587e+01 7.156733169029538999e+01 6.362877466886435229e+01 4.689901433930526053e+01 6.694963097265745944e+01 7.494548471406305623e+01 8.684682494901043981e+01 9.918458455572745436e+01 9.723105108060026680e+01 8.325650248551821164e+01 8.147074096704025692e+01 8.147074096704025692e+01 6.708469906952016970e+01 8.090910821478442472e+01 1.007417253055286892e+02
7.450355067199811288e+01 6.242219823087336295e+01 4.357358764019905806e+01 4.099374306008125757e+01 3.975962339273513635e+01 5.888599597267489116e+01 7.045027257079252081e+01 7.068524621184040768e+01 6.465380389402052685e+01 4.620912977398344879e+01 6.136040688274623278e+01 4.431903001997002178e+01 3.694326943944965080e+01 5.650636620955718570e+01 5.105582023776074152e+01 6.868695312034684264e+01 7.808179454724341895e+01 6.478045160111997802e+01 7.712821435874633380e+01 6.249138960842591217e+01 7.108619963631173277e+01 6.865240446192318302e+01 4.870345920955617203e+01 6.439618620085931866e+01 4.558893490449133168e+01 6.567083966750739421e+01 4.835318962759266981e+01 5.641442831183776718e+01 7.537494121138999503e+01 8.026108015805844786e+01 8.890206830271755223e+01 6.944179952240882869e+01 7.667332156582098435e+01 6.197982216364423635e+01 8.147074096704025692e+01 9.490046499476916608e+01 9.364453885619801099e+01
6.630499934183335142e+01 4.728323635251943102e+01 6.242219823087336295e+01 5.983430640750451346e+01 5.888592977331701661e+01 4.321751836546007297e+01 5.665618411397958454e+01 7.609845959627004675e+01 6.585454571713847827e+01 6.007631969831026453e+01 6.967776611012109811e+01 6.076524797823697099e+01 4.341286172064810245e+01 3.745732079346224452e+01 5.704199982984401629e+01 6.252290742281634550e+01 6.081521755255860739e+01 4.569062364176850366e+01 6.377460418625285143e+01 6.943518033352428631e+01 5.201735738053566394e+01 6.232737170199015253e+01 6.317687745609678984e+01 4.431185923794735260e+01 5.477370722609720133e+01 7.203804495033402588e+01 6.833395181161044718e+01 4.983585187012688067e+01 6.135411540426756716e+01 7.879458880883137795e+01 7.406651401874627538e+01 6.992506703641797117e+01 5.721933336026265948e+01 7.664705856141334550e+01 7.952894950327329582e+01 8.073125674668004592e+01 8.194872746994629154e+01
5.110885274296244773e+01 6.630499934183335142e+01 7.450355067199811288e+01 7.690386988750015007e+01 6.488557725490056782e+01 4.574550294250133931e+01 5.917100731896185550e+01 7.868181409343290511e+01 8.555107880613959992e+01 7.980441736306049449e+01 7.559351578593445709e+01 6.205220887603073976e+01 4.232945558088581350e+01 5.435346572901523388e+01 3.797299768617764215e+01 3.833756902129060506e+01 3.870233217596030784e+01 3.906751069107508556e+01 3.956633021897751945e+01 6.002605855005096913e+01 5.412356262504779636e+01 4.229999475676152088e+01 4.311956136259589556e+01 5.738034834859934108e+01 7.133067825070462220e+01 8.272436295690951624e+01 7.335445831041089093e+01 5.372217939773499040e+01 5.138882896017588564e+01 7.114277792258540956e+01 5.450148493646852899e+01 5.559374299016559462e+01 7.511198000323071255e+01 5.891957507843216035e+01 6.010561664413778260e+01 6.128149381629578585e+01 6.247067065022212518e+01
7.048342761878176077e+01 7.871316949129692375e+01 8.129347583959439305e+01 6.875395450208412740e+01 4.956039841321213402e+01 6.488559030903540759e+01 6.129939772623585270e+01 8.084231747906942189e+01 9.318025716240417466e+01 8.137690153287705641e+01 6.167361514220464613e+01 4.763175910333608698e+01 6.205220887603073976e+01 6.082238231451514565e+01 4.436774773115526926e+01 4.549986201216011494e+01 5.495972347274049241e+01 5.690746216830196857e+01 3.958909373076333083e+01 4.036522748714197917e+01 4.115939694974803587e+01 6.113740028948593164e+01 4.992328127788087500e+01 6.880753990988715429e+01 8.535214187794001361e+01 7.872432817951727202e+01 5.925990485175232436e+01 7.333116739205260615e+01 6.782134912430538520e+01 5.294414563288441400e+01 5.848213126802289707e+01 5.853001777179913745e+01 7.766952780699149628e+01 7.835727355425508733e+01 7.952654609081734804e+01 6.762715178370660851e+01 8.194733279834620987e+01
7.969760533797158075e+01 8.712350426079923693e+01 6.736204757871561810e+01 5.378919070875541308e+01 6.876563414410087205e+01 6.048482635929556039e+01 8.007742792343347560e+01 8.899922949912767933e+01 8.504392040778049022e+01 6.537095691889902582e+01 5.394946294401319165e+01 6.744457411438973793e+01 6.744457411438973793e+01 6.992186444090413033e+01 5.690411917913117179e+01 5.717156356665165617e+01 5.980706058857015961e+01 4.017571613331223546e+01 5.284003264918824527e+01 5.686973413528047416e+01 5.049895421400517392e+01 6.786461704522913863e+01 6.301828659259518162e+01 6.301828659259533794e+01 8.278403378476150465e+01 8.270573952487141867e+01 6.321900299443054649e+01 8.265065829153354571e+01 7.989170401179839587e+01 6.180404776999320404e+01 8.005467179156966040e+01 7.766952780665857858e+01 6.263934477423785552e+01 8.180232169552986932e+01 9.537923429048774437e+01 8.725716489486951843e+01 7.888342275786646951e+01
8.607291978012212041e+01 8.790163520594144586e+01 6.806289925648771089e+01 5.693833003567804951e+01 7.644773566780692420e+01 8.007742793694352201e+01 7.644368327780988182e+01 9.624573752565156326e+01 8.975165902884249647e+01 7.007499440782130762e+01 5.947824840889379772e+01 7.913850325113044448e+01 8.713712994059648054e+01 8.557115564089653503e+01 7.197961661467630279e+01 5.475676648128401069e+01 4.731503601188563835e+01 4.059175964420699501e+01 5.932899697182388365e+01 6.730168379649984445e+01 6.926966147253102690e+01 7.790469983508899077e+01 8.278403378119216427e+01 8.278403378476150465e+01 9.104534326512124665e+01 8.697991137634754466e+01 6.739319533370887427e+01 8.697991137634754466e+01 8.964898928408396728e+01 7.557656157582324852e+01 8.964898907643113546e+01 8.481057273169346900e+01 6.554836760921921268e+01 7.900430159600496438e+01 9.882815125447585558e+01 1.066816204515747017e+02 9.032498897043804220e+01
