MOVIE_S3_data/elevation_000630.asc
nrows	100
cellsize	150.0
xllcorner	0
ncols	100
yllcorner	0
NODATA_value	-9999
[rows 34 to 50 of 100, columns 0 to 36 of 100]
6.278687791629389281e-01 2.062786875715194057e+01 2.315536957516576777e+01 2.781292235370602128e+01 2.205880838559956203e+01 2.645873715820699346e+01 1.390716668233469377e+01 3.370229345715985403e+01 5.113286771582726686e+01 5.027703540814509608e+01 3.062030156458688523e+01 4.924143890160186743e+01 4.108423343922640925e+01 2.378396173729921870e+01 2.566291097664548815e+01 4.540158552265794611e+01 5.003075580912886977e+01 3.350411094908348275e+01 3.588976028653941341e+01 3.831464790949651444e+01 4.701417101145916888e+01 6.412227863826015550e+01 4.920054218908693144e+01 5.249122843829015039e+01 5.830474883733521096e+01 6.962778544666055325e+01 8.366783948096507117e+01 1.036240856074149264e+02 1.124380752559267762e+02 9.234837452704971383e+01 9.603490329893743649e+01 1.043451579503279874e+02 1.091270849426380494e+02 1.010216339570628463e+02 9.808489986793735227e+01 9.288979689384002825e+01 9.741628836057989815e+01
5.760807145981240440e-01 1.864393967368052962e+00 3.155388415515189671e+00 1.648683462702960512e+01 2.405320114095644968e+01 8.199095030572317810e+00 9.547424920565212858e+00 2.941203752126867954e+01 3.141422466525985868e+01 4.332732931425079670e+01 2.357807530486767433e+01 3.866734080948825181e+01 2.130110905044688252e+01 4.108423428569298608e+01 4.540159462479332575e+01 2.840082975110943408e+01 3.037662316638499505e+01 5.003075779812466806e+01 5.536841706859618739e+01 5.780425686436815624e+01 5.780425683436419604e+01 6.075689654697654873e+01 6.872400237609396356e+01 7.208416291823355948e+01 5.859145806063897055e+01 7.249553827289597052e+01 9.239585326162318779e+01 1.014310467810746701e+02 1.114151553434048481e+02 1.124380752559267762e+02 1.140172501173786230e+02 1.057813669577876823e+02 1.010216339570628463e+02 8.118641198208078436e+01 7.810401567237846621e+01 7.230402676770306414e+01 7.796949744040645669e+01
7.930105716671143057e-02 2.007930105716635438e+01 2.114355924307381684e+01 5.000450012704406255e+00 6.313512327087132725e+00 2.635295301238534549e+01 2.941203749933482214e+01 1.156717999846799749e+01 3.141421985787277649e+01 3.491414005854920077e+01 1.727234332348693613e+01 1.886775254598322249e+01 3.866734080948827312e+01 4.924145274814085838e+01 5.624666557106179710e+01 4.236363653750685643e+01 4.428990106360469525e+01 3.739819145345447993e+01 4.431883123575548922e+01 6.385566981465964886e+01 7.746407775387702088e+01 8.047986269341825505e+01 8.047986269342216303e+01 8.657980389354693784e+01 6.991871847850605093e+01 6.625380976010313816e+01 7.323021129974866028e+01 8.317583186929947203e+01 1.031449908086628824e+02 1.147692733547438593e+02 1.047879902465640782e+02 8.579043561776367710e+01 8.945883986909721841e+01 8.410758191741092560e+01 6.705005393970118632e+01 5.810939213035696582e+01 6.985342792001796397e+01
6.786017468061785740e-01 2.067860174680582475e+01 3.445313778025354878e+01 2.910933549477886118e+01 1.962620513434333702e+01 3.634075930349690253e+01 3.307923450663827225e+01 2.942039708767699580e+01 1.361740760175315579e+01 1.508964980168087244e+01 3.491414113890046167e+01 3.860455958551705891e+01 2.551570137712532471e+01 3.949746919048116922e+01 5.913205533740996600e+01 6.203556636146694814e+01 6.370092851740215423e+01 5.698604159817404025e+01 4.866615337754789294e+01 5.553348099757487688e+01 6.682304266221441935e+01 8.669990020939907538e+01 1.003749648352652599e+02 9.807425254211059951e+01 8.980631450447171460e+01 7.614321612146174800e+01 9.316041133898113458e+01 1.014310467810746701e+02 1.114151553434048481e+02 1.065349055826167870e+02 8.653794147179692686e+01 7.651799393094930224e+01 6.943626602563732320e+01 6.408913303759300106e+01 5.924217614424089362e+01 5.453678456367347138e+01 4.996362127960706090e+01
1.053273305859350195e-01 2.010532733058558108e+01 2.984998666986623306e+01 3.430728843762739189e+01 4.481625165683823298e+01 5.294050559931798006e+01 4.802855724204156473e+01 2.908469620787010967e+01 3.345287773856163938e+01 2.041926728623599274e+01 4.015491095946197220e+01 5.332552974690923264e+01 3.949746620920796403e+01 3.363096692134035237e+01 4.243153134820737193e+01 5.370685600545182581e+01 7.339011599261888819e+01 7.664189631200066799e+01 5.839422952455073101e+01 7.522399115388816426e+01 8.352150630874778869e+01 9.504174212253882104e+01 9.489470754314997691e+01 9.710420832136276204e+01 1.043553244748786000e+02 9.608482695835495235e+01 1.043553244748786000e+02 1.077943467362907484e+02 1.161674726395228276e+02 1.147692733547438593e+02 1.047879902465640782e+02 9.653642352720679298e+01 8.945883986909721841e+01 8.410758191741092560e+01 7.520941169793989900e+01 5.519958641746227812e+01 6.995457413548676584e+01
6.652624653148981881e-01 5.252665658441897811e+00 9.960815288905463305e+00 2.984998666986623306e+01 3.764902241442462838e+01 5.759317583277741903e+01 5.851696155559574208e+01 5.052929641873928546e+01 3.663236938350876670e+01 4.000299127567005542e+01 3.035010939161596610e+01 4.979726440790524578e+01 5.913142789754010664e+01 4.346215635979408631e+01 5.326308147222643186e+01 7.023507393715418345e+01 8.163785758153255756e+01 8.662187666805829167e+01 7.819315920356109473e+01 8.662187666805829167e+01 9.562908157622912597e+01 8.726297318998072683e+01 7.470303637255577200e+01 7.691163339631455642e+01 9.710420832136276204e+01 1.068500636710579670e+02 9.847784575695249032e+01 8.758656426145344653e+01 1.003128203989572995e+02 1.086851310124726808e+02 1.127011084165203556e+02 9.265049168473255747e+01 7.847321430656032248e+01 6.690911159280285858e+01 6.136321802412982152e+01 6.413633679180729530e+01 8.350726327479276279e+01
8.924248754756384239e-01 2.089242487547528171e+01 2.984998666986623306e+01 1.776530457947483654e+01 3.764902241442462838e+01 5.657194264683583640e+01 6.810128031711546726e+01 6.502007903403897160e+01 5.648902169712169297e+01 5.143657773899119690e+01 4.071088227198737286e+01 5.796458832781768677e+01 7.127703246883068289e+01 6.306400658465887687e+01 7.127703246883068289e+01 8.119103170767532163e+01 8.549533843982344195e+01 7.703372282327435983e+01 7.890682799740652342e+01 8.743137706660748165e+01 8.726297318998072683e+01 6.708781277660114029e+01 6.045625756268636763e+01 8.061703993493385667e+01 9.224044725747202733e+01 9.518340800900720922e+01 7.827271029428158045e+01 7.592290947902942833e+01 8.010699435227682841e+01 1.003128203989572995e+02 1.111507879365765916e+02 9.109897096143249939e+01 7.692264278929876298e+01 8.694732748381971987e+01 6.892364922882987344e+01 8.416771747374504287e+01 8.048907314682760727e+01
8.870506738290029336e-01 1.502918629756007896e+01 3.502918629756078417e+01 3.181153696961915500e+01 2.837708504196201176e+01 3.986004552035257831e+01 5.982038941575992652e+01 6.059185780121127607e+01 6.841069794038088503e+01 6.665921421740429764e+01 6.095720469441619827e+01 6.979554303670416004e+01 7.389579502047304516e+01 6.851780232349339883e+01 6.851780232349339883e+01 7.685221902067202393e+01 7.371989488028098947e+01 5.665151022400178960e+01 5.842703787486626510e+01 7.559040517554521443e+01 8.741202869085564942e+01 7.299698045015357195e+01 5.287117796040819684e+01 6.371562601947920967e+01 8.387580153147551698e+01 8.615219317807523680e+01 6.662419910496974751e+01 6.583846101754629387e+01 7.748554291890243917e+01 9.177111561628055370e+01 1.119810061237208174e+02 1.052666558987307468e+02 8.694485381530327572e+01 9.726206435828353847e+01 7.893911726974732801e+01 9.726206435828267161e+01 1.005358076623797245e+02
9.587146228554132010e-01 1.510085024658648933e+01 3.510085024658719277e+01 5.174195894542950214e+01 4.829627972979829309e+01 5.657194264683583640e+01 5.644269244978094235e+01 3.916107979953478946e+01 5.298625136146306858e+01 6.139407884594769627e+01 7.280626715480944711e+01 6.814310181890203921e+01 5.400816907585617344e+01 4.843272321777622125e+01 4.843272321777622125e+01 6.851780232349339883e+01 6.472214675713146903e+01 4.526651699862368616e+01 4.698500962188145991e+01 6.708281565721082984e+01 7.904827993428661159e+01 5.889899895995948498e+01 4.731247493341672339e+01 6.741508715502770599e+01 8.007166600165135151e+01 7.170816332320778486e+01 5.763281041422131779e+01 7.186905279052912476e+01 9.206382645797918940e+01 9.656245973716224285e+01 1.049354405475608161e+02 1.152871821944977739e+02 1.011278969153042908e+02 1.072832169358000840e+02 9.898974106905855308e+01 1.072832169004615679e+02 1.065547260031861185e+02
4.749594815986911134e-01 1.461709510532976708e+01 3.461709510533047052e+01 4.505160732650922029e+01 4.720682697930304528e+01 5.529726247814264184e+01 4.688117739893234415e+01 2.696708551998469616e+01 3.236846255498353742e+01 5.298625147999121054e+01 5.267751771612543621e+01 5.987301862883393966e+01 3.985183003029436577e+01 3.426738806254625302e+01 5.431550668717255803e+01 6.974732744791413097e+01 5.632198522029769094e+01 3.661982491971768638e+01 5.632198522029769094e+01 7.537042486280765274e+01 7.227935098565073702e+01 6.302833749361535354e+01 4.293866363156666210e+01 6.302833749361535354e+01 7.170814961501923790e+01 5.158921948220748277e+01 7.170816332320778486e+01 8.615219317807357413e+01 9.326898001916731573e+01 7.635856516215460488e+01 9.326898002466997184e+01 1.049354405475608161e+02 1.211736789578488924e+02 1.201348782407100515e+02 1.082498305731445356e+02 9.972562952859858854e+01 8.608800548138529507e+01
5.246131949027718067e-01 2.052461317809509111e+01 3.915092162631388817e+01 2.507764935455668009e+01 2.726417180710947363e+01 3.879163409385297001e+01 3.042464868541630452e+01 1.815364010155858665e+01 3.236846255270695849e+01 5.298624812913306670e+01 3.849396231424245940e+01 4.847213730288257238e+01 4.014926130361520507e+01 2.719823134134838583e+01 4.135005559029914224e+01 5.307477275906266811e+01 4.483125203197658237e+01 3.171975678838379054e+01 5.139303050042610010e+01 6.573415160598575824e+01 5.222102127376782477e+01 5.335838892168264636e+01 3.884765420064804431e+01 5.892754998853639137e+01 6.273011741950433162e+01 4.773332524833465840e+01 6.193136826004037943e+01 8.209196614360303101e+01 7.587259141822796948e+01 6.471689949881761095e+01 7.635856516215460488e+01 9.656245973716224285e+01 1.132771000352643540e+02 1.116142218126758365e+02 9.102257594738159696e+01 7.930770339644512035e+01 7.220878404982229881e+01
4.470077517107070575e-01 2.044700775171035190e+01 2.232907163413879204e+01 1.093291267264046951e+01 2.443784456570972097e+01 2.549860995753040172e+01 1.103725004263541720e+01 2.446760460571199403e+01 4.480622529429282253e+01 4.698037117596351209e+01 2.693919872726564790e+01 3.430523087694193407e+01 2.013193330149236360e+01 3.687001505923183231e+01 3.819547094902100071e+01 3.950854167317132948e+01 2.511192268753517709e+01 4.483125183622836119e+01 4.503624345600918133e+01 4.654232866182408657e+01 3.804857419851440170e+01 3.329212317902471341e+01 5.335838743176463339e+01 5.785810753184696154e+01 4.264230604365261001e+01 6.273011660207078677e+01 7.619580687969457244e+01 6.797342435129770877e+01 5.573358790607551327e+01 7.587259141822792685e+01 9.326897982707383505e+01 9.306499151245787971e+01 9.306499151245789392e+01 1.131065545999879589e+02 1.082498305979915187e+02 9.972562952923723856e+01 9.250680251527222708e+01
2.599182575669619633e-01 1.295479003723958522e+00 2.332430698454385887e+00 3.373589111045094846e+00 4.427681664434558684e+00 5.486193912484488955e+00 6.553716311405012540e+00 2.657150206506719670e+01 3.644481208787219373e+01 4.087315608536244582e+01 3.255517210521875882e+01 1.428701085281416461e+01 1.554213864242028009e+01 1.685474219237867288e+01 1.818066559859435216e+01 1.951412346539535392e+01 2.085535451513760918e+01 4.088165046291149451e+01 2.499613469020306056e+01 2.651027382751131967e+01 2.803815819657863173e+01 3.124005093264420552e+01 3.448673885227194802e+01 3.778014091819034093e+01 5.785810753184901500e+01 6.089670141327539454e+01 6.353426990698382326e+01 4.787429776790192193e+01 5.180201212201243521e+01 7.191861469477007063e+01 8.226432198049307942e+01 7.285878904426766667e+01 8.452362445824186921e+01 1.047327158915644674e+02 1.143169460216419822e+02 9.372530398354658132e+01 7.933969866307860741e+01
3.519420047721200095e-01 5.697165977747238763e+00 2.231630645166071503e+01 2.338982762783652802e+01 2.443915337748445538e+01 1.548655817114722488e+01 2.657147849495328629e+01 8.110817784755743887e+00 2.812995399167975208e+01 3.082356274444013167e+01 1.253605786975833603e+01 3.246027797728679332e+01 2.964755460430452416e+01 2.838564901936046780e+01 3.806906216833200318e+01 3.952985367412192375e+01 4.079539792503673112e+01 2.286747184413944467e+01 4.289996006522849825e+01 4.655573971803140410e+01 4.808902249065393875e+01 3.090912681449400878e+01 3.333532804095501945e+01 3.578139214662231637e+01 3.826680595381387207e+01 4.081339177535419793e+01 4.344714670772280130e+01 6.353426990265965202e+01 7.191861469710887889e+01 5.770914175878145613e+01 6.208624335465632527e+01 6.879510919264430413e+01 8.307956859376446346e+01 1.032895270374357608e+02 1.165731571574813472e+02 9.597698902945941768e+01 9.975645630073873349e+01
2.695761837762450375e-01 2.025341941022726289e+01 1.354143215101677811e+01 3.337972425416486999e+01 4.382739369131175522e+01 2.963632571663112003e+01 3.643942900240912763e+01 2.812651872690060628e+01 9.680268682488964771e+00 1.080257178469957680e+01 3.082356274240666494e+01 4.087510526455656645e+01 4.939645040452865032e+01 4.820186321125490281e+01 5.602865748290994219e+01 5.710427220051614228e+01 3.702017738856982731e+01 4.290004803147639478e+01 3.042363541159339135e+01 5.048102429099705546e+01 5.931076646928185880e+01 5.096958186719228934e+01 3.646240091592123633e+01 5.585558633147880414e+01 5.245218235846355270e+01 5.500021015906983024e+01 6.353426990698071108e+01 5.130808052387072138e+01 7.142462963494430994e+01 7.786110423374702805e+01 7.372408537144593765e+01 8.899892837441744575e+01 8.157090296273651120e+01 9.586118893046904077e+01 1.160719083246930836e+02 1.165731571574813472e+02 1.100264657752445316e+02
4.879649418637075353e-01 2.048796494186335337e+01 3.337972425416486999e+01 2.247981968616995374e+01 4.219793214469019205e+01 4.969089450743420144e+01 4.386957792891911367e+01 2.383154863681017588e+01 2.401970498127736420e+01 2.969037199591084075e+01 1.493415424885188436e+01 3.496185633855467501e+01 4.399197235232291092e+01 4.399197234283462166e+01 6.410504901622104512e+01 6.546866581387993733e+01 5.711040468551368576e+01 3.937867571178691151e+01 5.048103303751258863e+01 5.882200636214216161e+01 7.651382975261783770e+01 6.055411763399130365e+01 4.047025632176089260e+01 6.055411763399131075e+01 7.257533920070491718e+01 7.513209056959289001e+01 7.904242886717578642e+01 5.888762656107272164e+01 6.551583147920128170e+01 8.568973027986672264e+01 9.393050214278146370e+01 1.023032224719038510e+02 1.017807715883787694e+02 1.101541166433236754e+02 1.117005849321613340e+02 1.034809313867023945e+02 1.117005849321613340e+02
9.938951651180888414e-01 1.513603078884916364e+01 3.513603078884986530e+01 4.219793214469019205e+01 3.312274984780179921e+01 5.261924935527067504e+01 5.220456016315191761e+01 4.386980344983978597e+01 4.466448227704356100e+01 3.993906728505302794e+01 2.010069817416001925e+01 2.010067428914123511e+01 2.394843044260346687e+01 4.399197235232296066e+01 5.868344192896933009e+01 7.030590467271946409e+01 6.781313611247385609e+01 5.356682697097836154e+01 5.095808743571944888e+01 7.108093134658054169e+01 6.815398215217564371e+01 4.804663063927623057e+01 6.055411763399131075e+01 5.118863232870864977e+01 6.540140218975176367e+01 8.557051721717026282e+01 8.741134749769022960e+01 6.894685157577046652e+01 8.568973027986672264e+01 9.406029334955590571e+01 1.022037299739546512e+02 1.080251911432099661e+02 1.032821917135531180e+02 9.504974048395877162e+01 1.017420373511114775e+02 8.353355883084459776e+01 1.017420373511114775e+02
