MOVIE_S3_data/elevation_000249.asc
nrows	100
cellsize	150.0
xllcorner	0
ncols	100
yllcorner	0
NODATA_value	-9999
[rows 68 to 84 of 100, columns 37 to 73 of 100]
1.125329957647425800e+02 1.046168640077712126e+02 1.025813975632648720e+02 1.108041166062230474e+02 9.855537523908888886e+01 7.878101560251496949e+01 6.476906209924590030e+01 5.599144346536920835e+01 7.078508169692476315e+01 6.653913871027336313e+01 8.308752157207240430e+01 9.401564972097054351e+01 9.045428904919224067e+01 8.055606095059444272e+01 6.627965682910635792e+01 4.677440514696509410e+01 4.857294973961722917e+01 4.191083317793061269e+01 4.234768817069654290e+01 6.177966012373358495e+01 6.261723836250516229e+01 4.628216084789866613e+01 6.492890003230766638e+01 7.012528164260389474e+01 7.846257424155635363e+01 8.172307399478916068e+01 8.993975225456865985e+01 8.242211339666813785e+01 6.292542709757092467e+01 6.330537450418857048e+01 6.936380491642518109e+01 5.422456904117402843e+01 7.403944587929017018e+01 7.262144954533134467e+01 5.404589809364475173e+01 7.318169447250532755e+01 7.150353038127184391e+01
1.078128987396593743e+02 1.068893775769367807e+02 1.151388691780657041e+02 1.165483486107969213e+02 1.051497711489336524e+02 9.276059202825841510e+01 7.967466659637622683e+01 5.988280581837808114e+01 7.387732619901431974e+01 8.631735584533416272e+01 9.450456184358151290e+01 9.624940320649386649e+01 7.647520551179512438e+01 6.245787220819317298e+01 5.265205251796696473e+01 6.627965682910635792e+01 6.702241982782128105e+01 6.134294580795527452e+01 5.479865938741145470e+01 4.296503540408842525e+01 4.340599898423252512e+01 4.384670232510366361e+01 6.328644962182416123e+01 4.942149487895377291e+01 6.960265073588178097e+01 6.249219131362463031e+01 7.873434563609532688e+01 7.505002944167972601e+01 5.215142073150505553e+01 4.940920814385945192e+01 5.006969036782487592e+01 6.971071226695910639e+01 7.145244339794925281e+01 5.288871459919099038e+01 7.262026252585245345e+01 8.186925160021678494e+01 9.168604949332144827e+01
9.629362384250217133e+01 8.697411121448314475e+01 1.036428621252562152e+02 1.083614945167057186e+02 8.862765003564317112e+01 7.719172804091360263e+01 6.830873497217066870e+01 6.611958845012500774e+01 8.594355536859602296e+01 1.018554059981607054e+02 1.075269131571859447e+02 9.764916055421615226e+01 8.013359857651673224e+01 6.032085980079061471e+01 7.236240306612099005e+01 8.055606095059384586e+01 7.915323880600197981e+01 6.651781472769970094e+01 4.703367678060148194e+01 6.239887944942906728e+01 6.258806897640449307e+01 5.454793214911001087e+01 4.447742215730516335e+01 4.492402756494190186e+01 6.437383670156961557e+01 5.281183752653852537e+01 7.036106220577497083e+01 6.706705427839568756e+01 4.847996368382853660e+01 6.803845396638352838e+01 6.836204731144739810e+01 5.104255390320726349e+01 5.174350141124001823e+01 5.322701770200681182e+01 5.467712632523494420e+01 7.443733632028326497e+01 8.486233401145327093e+01
8.542155017593226773e+01 7.545155550690054724e+01 8.697411137110879054e+01 1.068897197691279359e+02 1.020964970747264147e+02 8.233621481729795732e+01 8.812386749233847638e+01 7.605220207852644876e+01 8.015346787576987708e+01 9.992206312110381816e+01 9.934459110411656013e+01 7.958840976341431883e+01 6.966842585953808964e+01 8.013359857651673224e+01 8.832224898932345525e+01 8.401677620387505385e+01 7.096005241401833530e+01 5.134366193554056679e+01 6.651781472769970094e+01 6.651448840444814437e+01 7.248682349187481577e+01 5.293683546116452732e+01 6.392255703935321520e+01 5.684487277022578411e+01 4.555422909706386747e+01 4.599922914339178703e+01 6.454356271144214929e+01 4.755536720266963613e+01 6.706705416946783771e+01 7.621696899333205977e+01 5.872612536020316298e+01 7.072608517615326207e+01 6.091503668977211561e+01 7.285124030043496646e+01 7.443733609925736516e+01 5.672321685405961489e+01 7.666681404499719577e+01
6.548840398571341836e+01 7.699528533400878416e+01 9.693204200901483603e+01 1.151425990753819519e+02 1.102811084520661211e+02 1.020964970747264147e+02 1.040164474305912137e+02 9.005479938637174087e+01 9.992206312110381816e+01 1.081057194662032686e+02 1.075269131571859447e+02 9.764916055421615226e+01 8.946650043376530448e+01 9.764916055421615226e+01 8.982726137453272486e+01 7.001842664957719364e+01 5.607788093757035597e+01 6.516495160899837913e+01 7.915323880604584872e+01 8.624734461116347006e+01 7.954504449487616569e+01 5.972623620115304277e+01 7.534390014644583289e+01 5.573020769691754595e+01 6.501361992620761043e+01 6.546730909502764462e+01 4.662563021930100149e+01 6.303503184707330576e+01 7.433303615053161195e+01 8.421130131720688894e+01 6.445270059275134145e+01 8.406929223266577367e+01 7.918123064938538391e+01 7.918123160219778356e+01 8.486233416435725019e+01 7.666681404499719577e+01 5.889918759355466449e+01
6.935476183782863302e+01 8.929008891122126101e+01 1.051849134113602133e+02 1.204151834526664544e+02 1.115758088740210781e+02 1.032884926083185064e+02 1.115758088740210781e+02 1.097893268558359097e+02 1.158391125942068669e+02 1.075821864675588984e+02 1.158391125942068669e+02 1.165991173402570809e+02 9.687195992344319961e+01 8.289503813899301576e+01 7.296498688851968950e+01 6.486156675670694938e+01 6.054683089514750094e+01 8.036746543091680905e+01 9.314152600309330410e+01 9.358789813662848189e+01 7.372830444443692954e+01 7.372830444443687270e+01 8.363383761034219788e+01 6.699098245966177956e+01 8.344118749452219674e+01 7.289251459126502652e+01 6.460071813466379353e+01 4.745874174154354819e+01 4.762398452802018767e+01 8.076014063689936506e+01 8.427299919232980585e+01 7.442187418904907759e+01 9.412412251949375275e+01 9.877000254907130739e+01 9.872147391791719429e+01 7.894339554615376642e+01 6.667142290565743679e+01
8.926198182419916805e+01 8.086818490443650376e+01 9.238134910610340000e+01 1.122414465170027853e+02 1.016025244080566949e+02 8.336710056767772414e+01 1.016025244080566949e+02 1.118223854015329835e+02 1.035630027748039623e+02 8.761052266001266275e+01 1.058587989113053709e+02 1.176626508653075263e+02 1.108336436824333617e+02 1.009558549641017891e+02 8.468610145436758785e+01 8.468610145436757364e+01 6.582345510018245704e+01 7.673488677651440071e+01 9.653058689353356669e+01 1.017843999561676043e+02 9.358789813662848189e+01 9.358789813572290939e+01 9.511573832878137580e+01 8.686967917452699339e+01 8.327256777116268438e+01 6.836880152815497524e+01 5.959946574730001601e+01 6.039513168391594888e+01 4.823150516742974503e+01 6.420751213680672720e+01 8.840959881967212652e+01 8.837481267419913422e+01 8.837481267419913422e+01 1.080041890291231965e+02 9.901250582668112088e+01 7.939411904090052019e+01 8.615990279040612165e+01
8.837549911180873607e+01 1.007752139306878121e+02 1.089704185055349512e+02 1.043083494032806158e+02 9.332779658799819344e+01 7.356643362683526277e+01 9.332779658799819344e+01 1.035630027748039623e+02 8.361916597917006300e+01 7.766785952757092559e+01 8.946058053373342034e+01 1.084728189236545148e+02 1.156534381005744052e+02 1.126467552850253355e+02 9.965562281028758207e+01 7.988020331753118342e+01 7.335102011384576315e+01 8.567228958615091017e+01 1.047165464038612157e+02 1.132612598892310842e+02 9.389943804868784127e+01 9.389943587519712764e+01 9.640544847107726412e+01 9.366586299267515869e+01 9.024488652404518518e+01 7.821068327461061642e+01 6.841436257038812130e+01 4.911540781101226827e+01 6.803357475690741296e+01 7.129613918023682118e+01 9.501052627864707745e+01 1.080041890291231965e+02 1.080041890291231965e+02 1.161840741143462452e+02 1.071557291288066978e+02 9.327651466773113498e+01 8.876710168598523865e+01
8.837549911180873607e+01 1.082750041756832076e+02 9.850208543746947498e+01 8.441775748871974372e+01 8.674067560094383111e+01 6.709312759802701009e+01 8.674067560094383111e+01 9.706838837509950224e+01 8.881325407206938394e+01 6.962845439776795331e+01 8.030724668777601494e+01 1.002136426276086354e+02 9.569608464383880175e+01 1.098017818983473859e+02 1.078391472384188177e+02 9.965562281028758207e+01 8.224272237757712389e+01 1.013400611434974365e+02 1.136257728555562068e+02 1.075598527471874348e+02 8.824110901292863218e+01 7.450044861325223167e+01 7.702190286546334619e+01 7.425677150970457774e+01 7.736032452881950405e+01 7.179381044255465838e+01 5.201727286584243615e+01 4.970862566682411909e+01 6.921877977639147161e+01 8.471583032896967325e+01 9.295812644023276050e+01 9.890988746270453191e+01 1.039885891404952503e+02 1.039885891404952503e+02 1.121481482318364300e+02 1.128604134762705655e+02 1.096322215148610866e+02
1.029102387130574670e+02 1.043083494032806158e+02 8.441775748871974372e+01 7.054254794621807889e+01 7.971293400634310444e+01 6.152856904049511400e+01 8.106891703674379812e+01 8.561687681848520981e+01 6.901802827780730354e+01 6.423314858496489421e+01 8.396013840414167362e+01 8.893014022037517918e+01 8.160121368061588498e+01 1.015414581367798235e+02 1.113766850308692540e+02 1.101721085339484461e+02 9.621422237749719386e+01 1.101721085339484461e+02 1.174617772859832456e+02 1.104957819606484435e+02 9.515199135726243185e+01 8.269944533066171743e+01 6.319619905289057016e+01 6.045556935191405046e+01 5.788516416488894833e+01 5.541641296797140370e+01 6.816037082408894321e+01 5.032232309930385838e+01 6.874106211348551199e+01 6.502796303678060497e+01 8.478290130668580105e+01 7.921663003995936947e+01 8.431886212205603215e+01 8.431886212205603215e+01 1.039885891404952503e+02 1.155044059834888799e+02 1.212568768235573771e+02
9.187956285149385849e+01 1.001389049249931844e+02 9.850208543724477295e+01 7.971293400634310444e+01 6.021241423416615390e+01 5.642852768804304731e+01 7.584653936386546036e+01 7.738447513108279452e+01 5.782643683506456256e+01 5.997952382258821302e+01 6.439088303481136677e+01 6.910497843227771853e+01 7.565372388826081362e+01 8.314601954308339771e+01 9.467625521597121008e+01 1.146460146480442575e+02 1.159355335961616902e+02 1.157461295818082760e+02 9.790492914184022766e+01 9.123836861746177362e+01 8.711540606880633675e+01 6.761505145161360986e+01 8.269944533066171743e+01 7.022160931838901377e+01 6.914461198436639222e+01 6.919544918075938256e+01 7.665881650860922036e+01 6.985870050926436647e+01 5.120237191786780073e+01 7.076948664447130000e+01 7.841534875817036720e+01 6.527674308365277511e+01 7.034582409710156981e+01 7.782778801711883432e+01 8.770645210654431878e+01 1.073430274361388115e+02 1.197379081908003116e+02
7.194052031172364536e+01 8.276423457749297086e+01 9.102335747371044761e+01 8.484123474212316296e+01 6.525305655374221203e+01 5.169120316033313856e+01 6.710858328504568249e+01 6.934030285956909267e+01 5.395994081725383751e+01 7.339220728149467732e+01 8.412183221465244287e+01 8.893014022037517918e+01 9.556834838643230512e+01 1.031164686642848238e+02 1.113766850308692540e+02 1.228982773001814337e+02 1.215833478567662382e+02 1.015686745532596831e+02 8.837902164305705810e+01 7.954228918556155747e+01 7.239938222612015295e+01 8.711540606880633675e+01 9.515199135726238922e+01 8.149146948465889295e+01 8.291521387359490802e+01 8.862749330784261304e+01 8.394744000243092330e+01 6.543177511454129558e+01 5.183225518312968205e+01 7.141216465049919293e+01 5.877290999545724759e+01 7.841534875817036720e+01 9.007999178166852516e+01 9.752473977134158645e+01 1.056763451387396344e+02 1.155044059834888799e+02 1.219086852918365764e+02
6.225823689924509807e+01 6.309069315199393202e+01 7.961989168473134271e+01 8.346021548502552889e+01 6.740714601805062500e+01 4.815265353630336165e+01 4.780087287813559982e+01 5.001304440300933152e+01 5.372517231897232648e+01 7.314978229502645490e+01 8.357739567977520778e+01 8.869538770955142581e+01 9.444133691933765817e+01 1.010962553863999460e+02 1.093584007831881735e+02 1.193408451953954881e+02 1.224403206570357412e+02 1.030116656194624767e+02 8.947271004092617375e+01 7.834976831061145219e+01 9.182739010225570553e+01 9.986174828020322991e+01 1.088900088606322072e+02 1.008206166142655462e+02 1.022669172850036432e+02 9.731393471617855084e+01 7.785139522894166930e+01 7.404165272488009464e+01 5.447677640961025958e+01 5.276333727697207365e+01 7.108245391999751917e+01 8.105153600468628383e+01 9.132577859289635569e+01 1.052562513539366904e+02 1.036933445106991627e+02 1.118690640384161554e+02 1.177604458737177282e+02
6.668500544214329295e+01 5.237379785480318617e+01 7.140571013192571570e+01 7.525200467864834764e+01 5.576221688906169049e+01 4.467041896444518301e+01 6.399975556102629071e+01 6.934030285766887403e+01 7.314978229154117173e+01 5.933015399455024408e+01 6.385692595072137578e+01 6.887348981220584676e+01 7.453678498121739437e+01 8.113149998521346618e+01 9.110622864863748305e+01 1.110862821241623237e+02 1.183928207400276449e+02 9.902356819804325028e+01 8.799841370532686824e+01 8.520689733535941457e+01 9.760419563811912269e+01 1.169475507527474463e+02 1.175117858925246139e+02 9.786047562860869675e+01 9.721770184320463670e+01 8.906744088553703875e+01 7.795491586399799644e+01 5.833616991651467742e+01 7.405988503565049541e+01 7.236129941723461911e+01 5.371556078540983492e+01 6.347582908466232254e+01 7.739136387647131698e+01 8.753318319240375445e+01 8.390126981525611427e+01 9.792313574344811400e+01 9.792313574345070037e+01
5.115757013883450810e+01 4.731757020742939801e+01 7.134146562676002645e+01 7.597893775498451419e+01 5.646716163119031506e+01 4.280346896768345744e+01 6.218140536677615415e+01 7.829021661095261209e+01 8.716645371942435361e+01 7.055311747356863350e+01 8.357739567977520778e+01 8.869538770955142581e+01 9.444133691933765817e+01 1.010962553863999460e+02 1.093584007831881735e+02 1.193408451953954881e+02 1.265453853876430799e+02 1.153096505695300493e+02 9.902356819804325028e+01 9.621903213801589061e+01 9.871429384451893441e+01 1.180735996068474662e+02 1.117421726620572286e+02 9.211048844860002305e+01 7.819865221458310600e+01 6.936220316692201493e+01 6.243594113087362274e+01 7.795491586399799644e+01 8.550588493814264268e+01 7.341349338858793772e+01 5.439394259024674483e+01 7.400048250225131596e+01 8.137698799800183735e+01 6.768825467601729429e+01 7.262757606963342027e+01 7.796750497523463252e+01 8.465773432740843418e+01
4.035208474163339787e+01 5.988137012929969671e+01 6.846356304233134438e+01 6.607555301739576237e+01 5.793112464698517527e+01 4.094762448054213166e+01 5.067809476781022937e+01 6.434385010027543217e+01 8.400249627884281267e+01 9.037122761159506013e+01 9.862796274224454862e+01 1.041863251400880443e+02 1.056194425732588371e+02 9.978916417672427031e+01 1.012728915890912162e+02 1.095187991272070889e+02 1.245598955652968556e+02 1.265453853876431793e+02 1.183928207400276449e+02 1.098169352131631911e+02 1.180735996068474662e+02 1.262242283982948692e+02 1.114635622295697743e+02 1.001183187286138718e+02 8.688123117490472680e+01 6.717013142815871163e+01 8.210058727767413700e+01 9.025382717413398836e+01 8.368046529968268032e+01 6.329284979348965123e+01 5.507491300683367541e+01 7.468384839645456452e+01 6.166037490352621120e+01 8.137722179405760414e+01 9.254746118729292448e+01 9.792313574344811400e+01 1.046827559740593045e+02
3.625782938092057606e+01 5.329753621429316013e+01 4.891186030669878448e+01 5.599051231180003185e+01 3.835809640270763055e+01 4.065109537384940808e+01 6.013024740042450134e+01 7.144734373609028921e+01 8.548247544070790127e+01 8.538782029120893924e+01 8.427248482003135166e+01 8.427388148448393679e+01 8.570610819748371512e+01 7.987271541122285612e+01 8.134745903243936027e+01 9.801789769344397030e+01 1.046665344457451852e+02 1.187386855568420145e+02 1.303150136698473602e+02 1.293524129191426653e+02 1.265593612280603679e+02 1.183725463777170006e+02 1.033042364512832449e+02 8.367350464460102444e+01 7.226005299602461207e+01 8.688123117490472680e+01 9.503211854370982792e+01 9.531750529500683911e+01 7.553493829106422197e+01 6.167726139154009246e+01 7.466651339454443814e+01 5.605113538431565701e+01 7.534367081241353503e+01 7.662008360568871979e+01 9.621576560036945125e+01 9.470849345864407098e+01 1.017199394628580507e+02
