MOVIE_S3_data/elevation_000605.asc
nrows	100
cellsize	150.0
xllcorner	0
ncols	100
yllcorner	0
NODATA_value	-9999
[rows 17 to 33 of 100, columns 0 to 36 of 100]
4.336683913182175498e-01 2.043366839131786250e+01 3.249964613572661420e+01 4.015001610733703785e+01 4.904402165988691564e+01 6.174936021531349439e+01 5.931408359614235337e+01 5.070440805185082667e+01 3.647412802505322560e+01 4.286399010432672441e+01 5.031827089599420333e+01 6.112554454032106577e+01 8.155159139655850709e+01 9.505708854028212329e+01 8.706201857098359653e+01 8.524871681737769791e+01 7.163585312833664887e+01 6.777494813272588203e+01 8.438818111287963575e+01 8.650115943912740590e+01 6.543211427717345430e+01 5.122746297547102756e+01 4.242407075167830754e+01 3.540686628821224247e+01 2.969546539081170877e+01 2.601089204900426211e+01 2.238928185256539294e+01 1.891302188442055154e+01 3.684384606985604904e+01 4.354384733095663762e+01 2.967381710460389144e+01 2.991406921645670991e+01 4.096202531141467773e+01 4.030326210053066660e+01 2.029829711792091373e+01 3.561495369544157086e+01 1.625469949597345476e+01
5.385724909496417689e-01 6.312267368786440791e+00 1.234443230675337766e+01 1.945513461882053008e+01 3.144567898539933282e+01 5.346959556348884490e+01 5.070440404937454559e+01 2.918638513145096880e+01 5.070440805185082667e+01 6.433098541956054817e+01 7.133769294060647326e+01 7.964068948944094473e+01 8.977915449360416744e+01 8.486636254351559217e+01 7.655816361561106476e+01 8.486033007365047354e+01 9.091236800654681360e+01 8.171144071634843442e+01 9.341093136982861722e+01 9.121482116815509755e+01 7.978971462550997273e+01 7.062711225129780246e+01 5.682871938032702985e+01 3.692674970153809966e+01 4.391124711746635256e+01 4.355200341888927795e+01 2.300285334698748230e+01 3.973612213863309250e+01 3.385747335665720925e+01 5.392843575650746857e+01 5.292478411625818069e+01 5.399401359587789528e+01 4.528361525592640646e+01 2.527154196581822276e+01 4.030255630510418996e+01 3.642381153847990305e+01 1.659978043881092091e+01
8.336531950628578436e-02 2.008336531950592985e+01 3.249964613572662131e+01 4.015001610733703785e+01 4.916494811048712421e+01 5.728437329962444835e+01 4.611664650828701895e+01 2.491901502668042312e+01 3.985761464964679845e+01 6.122728650774156733e+01 7.162803785499076525e+01 7.162803785499076525e+01 7.979773858841838319e+01 7.486237501528248117e+01 5.657873700428444153e+01 7.314691133908776521e+01 8.144100770521724542e+01 9.635502889798159742e+01 1.004628210943471913e+02 7.769312964619020079e+01 6.179193907039135780e+01 5.261924811945951319e+01 4.505702316611367308e+01 5.097998921057659061e+01 6.375253381669634223e+01 4.626154575488646259e+01 2.598518706888204832e+01 4.626154575495227306e+01 5.392843575650746857e+01 6.217885016849065494e+01 6.430545332757084509e+01 5.048241075489418961e+01 3.059093081473132969e+01 4.528361525612153571e+01 4.104370658711926012e+01 1.881313511908516389e+01 1.694542704727998483e+01
4.524162703296725763e-01 1.199945087267840194e+01 2.614326307598222243e+01 4.619370500752836506e+01 5.360142782268671624e+01 3.647401441426032420e+01 3.651496345445751501e+01 2.106067968948200786e+01 3.571438938564805454e+01 5.703618837469996095e+01 5.172807967655392503e+01 5.172807967655392503e+01 7.162803785499076525e+01 6.656810754583784728e+01 4.662883547543408724e+01 5.318473274524498606e+01 7.314690646947209984e+01 7.550343041717322023e+01 8.668069075922339550e+01 9.122495986690552172e+01 8.146088398270624964e+01 6.513475948701113794e+01 5.922750005091334202e+01 7.094880307871295599e+01 5.888048996509249378e+01 3.913906280787188763e+01 2.900235488018007857e+01 4.900977638657646196e+01 6.210736042302341531e+01 7.008103089067776637e+01 5.028783658084581987e+01 3.627652975140333069e+01 5.048241075489418961e+01 5.869965630783092791e+01 4.402575429208700086e+01 2.389651924740971012e+01 3.628726620038634820e+01
4.402443450947634007e-01 1.458237997239888628e+01 3.458238604040028008e+01 5.360142760286112207e+01 3.402568374265299411e+01 3.600400844715937865e+01 1.597324621730060024e+01 3.524839469429027616e+01 4.600281704776143243e+01 4.756850656279394940e+01 3.758036472763431135e+01 5.755664248168938713e+01 6.310156861515643101e+01 5.903152089717298168e+01 3.911699375754594143e+01 5.903152089717140427e+01 6.444091441894332206e+01 5.781090845319573646e+01 7.837143674365003676e+01 8.092646966935033959e+01 8.918837508583486340e+01 8.530357906947754998e+01 7.939614533409482533e+01 7.875242385755205987e+01 5.888048996505118282e+01 5.428761978454073756e+01 3.453973804795003133e+01 3.411932807923473376e+01 4.808130726403760491e+01 6.785445035758051802e+01 6.040019133732686640e+01 4.062609260851203175e+01 6.040019133733682821e+01 5.253268222942220689e+01 3.258452668136884256e+01 4.402187626959052835e+01 4.478105513988489150e+01
4.237187090225543740e-01 1.456585442824031595e+01 3.456590548456217959e+01 3.509898847296177848e+01 2.675794485906969555e+01 1.801895203227622844e+01 1.265714270515816331e+01 2.680914694304386714e+01 3.747368634972798418e+01 2.754006351757779214e+01 4.756832477749010479e+01 5.627171386432186750e+01 4.366685036837726841e+01 4.667047028751451876e+01 3.380091266899740532e+01 5.370911280524295961e+01 4.418821873321590488e+01 6.139807724861888971e+01 6.691592541193784882e+01 6.111256796428915550e+01 8.092646966935033959e+01 9.548494335631941965e+01 8.412663703147627814e+01 6.417927406500795939e+01 5.278036434101540664e+01 4.297768604841025564e+01 5.428761978467890970e+01 3.784885434890800582e+01 5.172549039798666826e+01 7.153250003827140802e+01 6.505933519540856480e+01 4.529226328620071484e+01 6.505933519543984289e+01 5.916904626706564585e+01 3.926288412721065413e+01 5.916439498167670052e+01 5.078855139373077776e+01
9.142864485297492738e-01 2.091428644852939556e+01 2.345816003786305615e+01 2.473998125507850787e+01 6.698761976603922363e+00 8.073187466893898545e+00 9.617692649938435423e+00 2.953601389306747649e+01 1.896738902764428758e+01 3.504186607768303219e+01 3.673912286789349224e+01 3.792941102208881432e+01 3.015128633837262839e+01 2.675248224525776664e+01 4.667047028751451876e+01 5.055666174334570684e+01 3.640319079836635296e+01 4.144335312993503351e+01 4.702104092889243958e+01 5.596139660299815688e+01 6.741379400292451862e+01 8.720448774068631792e+01 9.244307254860770229e+01 7.525302394574235620e+01 5.539734981119357116e+01 6.269519299708901627e+01 4.363353972562400429e+01 5.172549043140875114e+01 6.577412038856698473e+01 7.350138646284698041e+01 5.370303799068680917e+01 5.668670363868488238e+01 7.329229984404202014e+01 6.743503123381054820e+01 4.922700790561135165e+01 6.743503123381054820e+01 5.725812867225396019e+01
9.064013007315497861e-01 2.090639497469897634e+01 3.453088796877913591e+00 4.769126914572312970e+00 2.465967497016117704e+01 2.807158400802680376e+01 2.959350742526532585e+01 1.182288263409252416e+01 1.340199502016381494e+01 1.506650442426305325e+01 1.677323743005100809e+01 1.850577309316511787e+01 2.025851325644577372e+01 4.022945820555040086e+01 4.509737739881849450e+01 3.059046330336865438e+01 5.055666174368091959e+01 6.139807724862608751e+01 6.691592541193784882e+01 7.515047152506204498e+01 8.402494462144012743e+01 9.014196093194107107e+01 9.842765438045231008e+01 8.355238066320360701e+01 6.940188462916353274e+01 6.754989220031156094e+01 4.779013889834012474e+01 6.754989220031156094e+01 7.982275034572469963e+01 8.011067991011792344e+01 6.028274281427347603e+01 7.649652508824772212e+01 8.474796483114479884e+01 7.739332986205194231e+01 6.911108462851987611e+01 7.739332986205194231e+01 6.702797920562805700e+01
3.063610709598194592e-01 1.600055054918432473e+00 2.160053911623478484e+01 2.477564709686511790e+01 1.293843687804686482e+01 3.292279641805155421e+01 4.020113201801000002e+01 2.598570430137345255e+01 2.752661313234505158e+01 2.401573521858246707e+01 3.090382032597482009e+01 3.847507230254272059e+01 3.959300697702607152e+01 2.302745299454941730e+01 2.513004721359338589e+01 2.771664041864696060e+01 4.767384090251684370e+01 5.969229788261230851e+01 7.382655098642234748e+01 7.864316861730900143e+01 7.600230256001948703e+01 7.014546429504724756e+01 9.014196093194107107e+01 9.770287669724382340e+01 8.383603115921367532e+01 6.388966599452758999e+01 5.320346139063975244e+01 6.388966599452758999e+01 8.383603115921367532e+01 8.836849474602026078e+01 7.171595124947914712e+01 7.646281487000874222e+01 9.634181809871104463e+01 8.409578652524488973e+01 7.579453430166735473e+01 8.409578652524488973e+01 7.946129293625068613e+01
2.739570439748240105e-02 2.002710954127627119e+01 1.574387341631667425e+01 3.574734169522381677e+01 3.292279746546393682e+01 2.236971221709450930e+01 4.233132062714118860e+01 4.633018670267360051e+01 4.733336827460720286e+01 3.399103204794995747e+01 5.085003237383315167e+01 5.111387583845422000e+01 3.118692347164438061e+01 4.299696801756116571e+01 3.924760613896717132e+01 4.767384090251684370e+01 3.145885204800764967e+01 4.555804477880226955e+01 5.864364193217066656e+01 5.864364193217066656e+01 5.599701241049812950e+01 7.600230256001948703e+01 8.927958256226702360e+01 9.756482519120498864e+01 9.215237712499394718e+01 7.881166773614236831e+01 5.887342937318274494e+01 7.881166773614236831e+01 9.215237712499394718e+01 9.985705034272460523e+01 9.157809256600012304e+01 9.634181809871104463e+01 8.287069568381434692e+01 7.408874025994929013e+01 5.579158542989284797e+01 7.408874025994929013e+01 7.117988383316183842e+01
1.758338105654860817e-01 2.017583381056513048e+01 3.574837305646688179e+01 4.403658766795098956e+01 5.053198253931367390e+01 3.650404314848424292e+01 3.650404314848425003e+01 5.639961294881358356e+01 6.220825460050520661e+01 5.393335125685283060e+01 6.220825460034606635e+01 5.741430663165083104e+01 3.749059508770527316e+01 5.741430663165105841e+01 5.921997451113190891e+01 5.969114796146322988e+01 4.142202309817619010e+01 3.552515509870200106e+01 3.867106403971667561e+01 4.531287543719095368e+01 6.530902517966052301e+01 7.295114680156923725e+01 6.928141460650535066e+01 8.557152953505558912e+01 9.385461813704925760e+01 8.712236482978615015e+01 6.880851835965626151e+01 7.294844483803375113e+01 9.296673997597289940e+01 9.896581388171328797e+01 8.740764036484156918e+01 7.909764935250605333e+01 7.456421178305660646e+01 5.453948001545054325e+01 4.574076364618049695e+01 5.576880211214096761e+01 5.338192240545423317e+01
4.683972685643240652e-01 8.633363077841513800e+00 1.863336307779523082e+01 3.277549852083387094e+01 5.277543753110176539e+01 5.639961294881358356e+01 5.639961294881358356e+01 6.456141611183771545e+01 6.748634926209597040e+01 6.748634926209601304e+01 7.588914574876702090e+01 6.567568218071379249e+01 5.157930164743084589e+01 5.157930164743084589e+01 7.150125480107006126e+01 6.140035052450490838e+01 6.140035052450490838e+01 4.305305702951990554e+01 5.864364193217066656e+01 4.419500697329280570e+01 4.835499546809668203e+01 5.294046042172044508e+01 5.849175891130979466e+01 6.557192393116066853e+01 8.557152953505558912e+01 9.713854005616946097e+01 8.294311148936014888e+01 9.296673997597289940e+01 1.012962848215386344e+02 9.063163423203968705e+01 7.065418640695629904e+01 5.911276369729599622e+01 6.841527863312765589e+01 5.821418200617415550e+01 3.819798945112289346e+01 3.579875148996549683e+01 3.341515499633830188e+01
2.051881798473268459e-01 2.020518817984697080e+01 3.691751113204772139e+01 4.691709330862529725e+01 4.932639754155083978e+01 4.932634120292244972e+01 5.751162015774560388e+01 5.753678431009726069e+01 4.758721935809882098e+01 4.758721935809882808e+01 6.748634926209601304e+01 7.641026884634536032e+01 7.150125480107006126e+01 7.150125480107006126e+01 7.977206271496370960e+01 8.139667884248420648e+01 7.132488308862437520e+01 5.303868690626924831e+01 7.132488308862437520e+01 5.833003755476089935e+01 5.990526540672335187e+01 7.295114680156923725e+01 7.264480095947533300e+01 7.850060116327045989e+01 7.971767798778991221e+01 9.970397733258332096e+01 1.029903684625856783e+02 1.023928341050005173e+02 9.405040856034388241e+01 9.872231449519186697e+01 8.740764036471153986e+01 6.841527863312765589e+01 4.836908445092332443e+01 4.200894381782890719e+01 5.821418200617415550e+01 5.576880211214096761e+01 5.338192240545423317e+01
8.187695587851057111e-01 1.496090518251618029e+01 3.496090518251688195e+01 4.346289323678159633e+01 2.941415738597921958e+01 2.941415731600534755e+01 4.932634042793051066e+01 3.768402045555139779e+01 3.358198115923791960e+01 5.341553956726754393e+01 7.042184848443271505e+01 5.618831667481978798e+01 7.042184848629700866e+01 7.573740513243421901e+01 7.573740513243421901e+01 8.402742754129830871e+01 8.132593587047571759e+01 7.304148751215139157e+01 8.132593587047571759e+01 7.833368199365510520e+01 7.991028251047893605e+01 8.819429446358978453e+01 9.263775343381946925e+01 9.849402876512466776e+01 9.970397733258332096e+01 1.079915582863086598e+02 1.082360224200455150e+02 8.817453490906768820e+01 7.407995580817954817e+01 8.141998524002043780e+01 7.041756858653369022e+01 6.667824572614378553e+01 4.661805784598028879e+01 5.206411584038840346e+01 7.037524927985629120e+01 6.892741222890344943e+01 4.890705122663275262e+01
2.311624522989861319e-01 2.023116244906828598e+01 3.412287978023925206e+01 2.585237419058570651e+01 1.528033992290192167e+01 3.524629486926890820e+01 4.349086380200645152e+01 2.362665738525115700e+01 4.347598119947748785e+01 5.723355180743907056e+01 5.038108679645965537e+01 4.179405575876976542e+01 6.211118933702950784e+01 5.573490587007509589e+01 5.573490587007509589e+01 7.573740513243421901e+01 7.934770641920154333e+01 8.763960114134290791e+01 8.602631195288471133e+01 8.016188319328543344e+01 8.235219058342866560e+01 9.064477840855155932e+01 8.888066554358833571e+01 9.740350152780789017e+01 9.390394123062355902e+01 1.021404567575335989e+02 1.071250579155468756e+02 8.707304638900275506e+01 7.298225098065437066e+01 6.146303201344854727e+01 5.628477001346718112e+01 5.166445407499922027e+01 5.668157349889111885e+01 7.208811502606283739e+01 7.208811502676603311e+01 7.723017432405295324e+01 6.047493844908929361e+01
9.845726073866658545e-01 2.098457260738565466e+01 2.387868527537278140e+01 5.852380192682150373e+00 2.561570428838554037e+01 2.929805558533152521e+01 3.075940529540811141e+01 1.808502775817524721e+01 3.787962013696287045e+01 4.898312356182002958e+01 3.012160813086086364e+01 4.557925812715645009e+01 5.160223968190590682e+01 4.161097710047067721e+01 6.159350226334113643e+01 6.928932514735770098e+01 5.933864937849331511e+01 7.608578596565938312e+01 6.600969334159898949e+01 6.014766436775158809e+01 6.233680090076653357e+01 7.349032395159728992e+01 6.780398106239266554e+01 8.886515527537008552e+01 7.416795343361502546e+01 9.072073009554912915e+01 1.020940589811399519e+02 9.554802366290503812e+01 7.556796011553426240e+01 8.141998524001395765e+01 7.626712207418309220e+01 5.747280768889336144e+01 7.082196738119770885e+01 8.498084047225601978e+01 9.209657757032492498e+01 8.878957718177281322e+01 8.047370613695161978e+01
3.295302290958179725e-02 2.003294722041194120e+01 3.886487443950180420e+00 2.388648699305329259e+01 7.883072522949380101e+00 9.326448195923433104e+00 1.078508887802759730e+01 2.873562232384688997e+01 3.340124466480775567e+01 3.606108428200831639e+01 2.378611211384541946e+01 2.559930114643457699e+01 3.162624900578101261e+01 5.160223968190590682e+01 6.013809319535362619e+01 4.929780821925174195e+01 4.780626583419537212e+01 6.453838936256616421e+01 5.625208386463670962e+01 4.602556289565237080e+01 6.192122530853580287e+01 5.322167434910605266e+01 6.861708807474836647e+01 7.276141854696038536e+01 6.274896443478734653e+01 7.416792174041363239e+01 9.389453726710723913e+01 1.038938998937225335e+02 9.554802366290454074e+01 8.685688740036384559e+01 6.690144271335370263e+01 7.744972838313729824e+01 8.575501449823448752e+01 9.913963327815969251e+01 9.400628887307938442e+01 8.557083416044007151e+01 8.318366708229444839e+01
