MOVIE_S3_data/elevation_000700.asc
nrows	100
cellsize	150.0
xllcorner	0
ncols	100
yllcorner	0
NODATA_value	-9999
[rows 0 to 16 of 100, columns 0 to 36 of 100]
7.773770046158816616e-01 5.338332903855730338e-01 7.934422244615482178e-01 1.053094911623546626e+00 1.351439953014055817e+01 2.672549967665646875e+01 3.332871788015783210e+01 3.139220425940676762e+01 3.712673749593756156e+01 3.594326531802541069e+01 3.608964644753591244e+01 2.473836708929934147e+01 4.950429739465714185e+00 4.246898688316021797e+00 4.487252232348961201e+00 4.717042062438097538e+00 4.942793943751691899e+00 5.173827557420990431e+00 5.416385371202645516e+00 5.670121770649579673e+00 5.930672280364233551e+00 6.194251118562237757e+00 6.458335070636293196e+00 6.722264435513209513e+00 2.539808806093816429e+01 3.309634565333879408e+01 4.511831971668774344e+01 4.654075110450346386e+01 5.467716471966291181e+01 5.909780736887233843e+01 5.072247233152346979e+01 5.909780736887234553e+01 6.171370990485494445e+01 7.003321587696724748e+01 6.933853479780249529e+01 6.100374680852055320e+01 6.132555731862571236e+01
1.667217412783970065e-01 1.483022855412260377e+01 1.743163628315907232e+01 1.875073338492990160e+01 1.420392136313246345e+00 1.712493505447300279e+01 2.024373020072442841e+01 1.318366016841128641e+01 2.188143416993055013e+01 1.769746789572767298e+01 4.395357109925312145e+00 2.321747292756084136e+01 3.893688042314923603e+00 2.361897422460880591e+01 2.186943712788843186e+01 7.759981419290406635e+00 2.097633812242092688e+01 2.043392311900317537e+01 1.308339459830585305e+01 2.401331058635026849e+01 1.044819167516602043e+01 2.397332982781079380e+01 2.053894173795345779e+01 2.608516656383074306e+01 7.095344280996759068e+00 1.369607503402698612e+01 3.316167304989171782e+01 2.566894329074439085e+01 4.308705465586739081e+01 4.888169160728198648e+01 3.020226843924324100e+01 4.888169160728207174e+01 4.158773906164307732e+01 5.842039859568161120e+01 5.775566111641661848e+01 4.096640452329458526e+01 4.128820077196909466e+01
2.375235533300354973e-01 1.221470144153519044e+01 2.691338666050044282e+01 2.180497692129245735e+01 3.785893137645615969e+00 1.787997740940355795e+00 3.702286379342353051e+00 2.521429972635673700e+00 2.777169794028703897e+00 3.029326137506208827e+00 3.279932369890963706e+00 3.532362077947240664e+00 2.272527583835477927e+01 3.075459235668176206e+01 3.139634918687792720e+01 1.109101373625818532e+01 3.166133007235706742e+01 3.616404623763577320e+01 2.668769089619475565e+01 3.500939841134190544e+01 1.490394971006880454e+01 3.493241409990805835e+01 3.974091708459697259e+01 2.748397155615339216e+01 1.158154971299033598e+01 7.469011733809013620e+00 2.697993391881886893e+01 1.489180671613368112e+01 3.447981923256105574e+01 3.935705906553481270e+01 2.013515675952790573e+01 3.843795429441532008e+01 2.997485140808462134e+01 5.009397522082398524e+01 4.881126849365433173e+01 2.947100814168066307e+01 2.720678257315123361e+01
2.578281697790204552e-01 1.201935080965918878e+01 3.018880897545118813e+01 2.779555155560134239e+01 8.672171622158938220e+00 2.262291621738665626e+01 2.155352743858811149e+00 3.101613001736704955e+00 2.268261145293887893e+01 2.306150626063882925e+01 2.322121405207562361e+01 5.347830416009975885e+00 1.721741742072654446e+01 3.641485006867426222e+01 2.851813102806936584e+01 3.246203278433085160e+01 1.872093204567251234e+01 3.996456710569999160e+01 4.883777630397568004e+01 3.202426197788841478e+01 2.969927636588015929e+01 2.690083384140185174e+01 4.822483902965743141e+01 4.412528380963551911e+01 3.313439476150473695e+01 1.330935373234568253e+01 7.843839891718202395e+00 8.065097761678693189e+00 2.821666271600744125e+01 2.756543080804869916e+01 1.420887293277216479e+01 1.853190832421832468e+01 3.829808605638220342e+01 3.776489208824310140e+01 3.560744379401130999e+01 2.060511700128322943e+01 2.760862558473594675e+01
6.835178870107115889e-01 2.068347012840281351e+01 3.844156658610376809e+01 2.812725515165610446e+01 2.877792057468621323e+01 1.792838037736645163e+01 3.209403268183882574e+01 2.437284509325960613e+01 7.455600246917096108e+00 2.834836237702064210e+01 3.271660577230761646e+01 2.410811796701405285e+01 1.998687410871897541e+01 4.353071135968650651e+01 4.288519538220217697e+01 3.625358224536930862e+01 3.997023578859335657e+01 2.863176314014945945e+01 4.914325285143997490e+01 4.708650458434565422e+01 5.094575220724883735e+01 3.948419439793540420e+01 5.658350949986252232e+01 5.399914915485788214e+01 3.423413465061618410e+01 3.212197367452009189e+01 2.742626864600136116e+01 8.260709756177412544e+00 8.654163397746069464e+00 9.119659642924091258e+00 9.573280767681300318e+00 2.953361913326427413e+01 2.905552672218879096e+01 1.922800108069862191e+01 1.574980817448185455e+01 3.560744379401130999e+01 4.756124993181583704e+01
8.765780624806145394e-01 1.501832501812954668e+01 3.499040305287781649e+01 4.750234330825518470e+01 4.839739743163524111e+01 3.390224721675915731e+01 3.615551018091129265e+01 3.689121560748127138e+01 2.242989211608447775e+01 1.217123221863142746e+01 3.237839564889557664e+01 4.022430178323794792e+01 4.446582122073718324e+01 5.513633015755613087e+01 6.148033237692324349e+01 5.069638280493959570e+01 5.626294848607086863e+01 3.612541103755765448e+01 5.626294848607086863e+01 6.745825604647214391e+01 6.848975103341328463e+01 6.033343278013323641e+01 5.522564841979558992e+01 4.457732139854155662e+01 3.264461580880080049e+01 2.263610463019950458e+01 8.728900168302240914e+00 2.580273801437505554e+01 2.860341849367694067e+01 1.833608752844058642e+01 2.209147301343057279e+01 1.021566423363367981e+01 1.066747148965269254e+01 1.111156699653854396e+01 2.545270546093968278e+01 3.851733916361186516e+01 4.006088222122163245e+01
3.336530771559016451e-01 1.447578870088697656e+01 3.447578870088768355e+01 4.333699868515942200e+01 5.360108884279582497e+01 5.567217140864747904e+01 5.118398050465596327e+01 5.224342968614605809e+01 3.953869222646070369e+01 1.928611579171193924e+01 1.674137995558997360e+01 1.997915019920357338e+01 4.022430178328174577e+01 5.266666278104169407e+01 6.134236090615823400e+01 7.053658912268878112e+01 6.438703321881413899e+01 4.786232903467140432e+01 6.438703321881413899e+01 7.202836113027008480e+01 5.727662893358993301e+01 4.874287420402984594e+01 4.661037802666923113e+01 2.421140327482657639e+01 1.382336165000044481e+01 9.226150038868109249e+00 2.830296311441528800e+01 2.429695885502837527e+01 4.278953337654117917e+01 3.728225183435185386e+01 2.059272416486476942e+01 3.014433519359468505e+01 3.057466814163492330e+01 3.100971547979339249e+01 1.172767183866323215e+01 2.004867228759927045e+01 3.421443795960385614e+01
2.692912384917900415e-01 7.340374170516112073e+00 1.489992644191660531e+01 2.490582648658620357e+01 3.915733973538038981e+01 5.995141284927721159e+01 7.050642674164218704e+01 5.262843995106062778e+01 3.193216951913324664e+01 3.953896922392318203e+01 2.817124405172129187e+01 4.022430178287412161e+01 2.487044411456162152e+01 3.195076571154189793e+01 4.380196570584438831e+01 6.477720332001595693e+01 7.578739273595948589e+01 6.773841023139674178e+01 6.694558143240999470e+01 5.849725741412639479e+01 4.265133189308880191e+01 2.801049597230460719e+01 3.553642704999099777e+01 3.118833505825650221e+01 9.725744625837004165e+00 2.435066851097029073e+01 3.442656673136717416e+01 4.339922824111922495e+01 5.155267187667040218e+01 4.834730560243038866e+01 3.022090366588747301e+01 4.833965184157263195e+01 4.137407689222508367e+01 2.067530603617142049e+01 1.215670402971023911e+01 3.206306911609271992e+01 4.747664985660732384e+01
2.740426242073276120e-01 1.441617824793840263e+01 3.441617824793910785e+01 4.328504900473131300e+01 4.428199918030060900e+01 5.254814749543290731e+01 6.252760793196028288e+01 6.129251115049670773e+01 4.649006738134222161e+01 5.738837001365025259e+01 4.873510982341312570e+01 3.089420451720690508e+01 4.534169825704832846e+01 5.266666412028590827e+01 6.134236512306606670e+01 7.344345054297743047e+01 7.617785028063653385e+01 6.425904289427211324e+01 5.495928232137776348e+01 3.758526455468256700e+01 4.310029790064537281e+01 3.562679421005532276e+01 1.532380257364174447e+01 3.052530849386803879e+01 1.007890491632488228e+01 2.673641989703656918e+01 3.389682083382556499e+01 3.838456108532137279e+01 5.442082719073424357e+01 5.826148655632333373e+01 4.410357828792505330e+01 4.829771014757120184e+01 2.867788116948861088e+01 1.326645630750084237e+01 1.258239565940804816e+01 3.250335858591134297e+01 3.357152228412075345e+01
8.627856460739585787e-01 2.086278564607360408e+01 2.726587877364348245e+01 3.357581178444169723e+01 2.428112805405694985e+01 3.428126915398213725e+01 4.842423092341634572e+01 6.840798335935963337e+01 6.744778225977393049e+01 7.166035431588954907e+01 5.062483100848013606e+01 3.594722140877749439e+01 4.387274952129365602e+01 5.594135528584115491e+01 7.698266201703052047e+01 8.369142016826855013e+01 6.781260558537503869e+01 4.698285384152867294e+01 3.485061824071125614e+01 2.567042151259693838e+01 2.246513996017641190e+01 1.941596330034424867e+01 3.168707470402245363e+01 1.224185421904253346e+01 1.157911372026788754e+01 1.057345353513018260e+01 2.258599135363976984e+01 3.973753963410659651e+01 5.210412691358184389e+01 6.374086215479589157e+01 6.408556151624260622e+01 5.658167928613863751e+01 4.519000140756754291e+01 3.687402870272498490e+01 1.378570065473881812e+01 1.318883198927462708e+01 1.362044897789848541e+01
2.490127916613376069e-01 3.730565910775287097e+00 7.266099816708010195e+00 1.359065514671970298e+01 3.358457640940177669e+01 4.376536083615496864e+01 4.954067550177976642e+01 5.620610568884699632e+01 6.447684406433077697e+01 7.446745863790745545e+01 6.260609149140059060e+01 4.161747534603867393e+01 6.260609149140059060e+01 7.348465394920131644e+01 8.558773964178243432e+01 7.537534935044732265e+01 5.470335037355345520e+01 5.201612123196900939e+01 3.109328142761238922e+01 4.642371270765121238e+01 3.699500301022585091e+01 3.953078618346315665e+01 3.856560321997415741e+01 2.683675782141768806e+01 2.665084460644410314e+01 1.091482602273003444e+01 3.154281758613217335e+01 2.294934138467766260e+01 3.536018254530537064e+01 5.559528330060620505e+01 6.945164458275684183e+01 5.943092658198672495e+01 5.111101305081353985e+01 3.832202555246420417e+01 1.818133083908762515e+01 3.307424353024208585e+01 3.354087231054474927e+01
8.485705281016824308e-01 2.084856417257251238e+01 2.726587877363044754e+01 1.375495666117635452e+01 1.860566915965182133e+01 2.376964694322593630e+01 2.954314954982370978e+01 3.620981528536277949e+01 4.620976515220915815e+01 6.620244662796569912e+01 7.126319926829138751e+01 5.369642792817942478e+01 5.369632519846130236e+01 6.863225102025567992e+01 8.957421312301774208e+01 7.453045164684181145e+01 5.849673286487201551e+01 3.749989597523382656e+01 4.154722204940861019e+01 6.052359270243272960e+01 5.783978392054898876e+01 5.339825836027524275e+01 4.062884965050896824e+01 2.598342634870741819e+01 1.963723339729668282e+01 1.124862162426449608e+01 1.430331508437787313e+01 3.691641077430676177e+01 3.802966994055086047e+01 5.811506870407441738e+01 6.111325188694782184e+01 4.110877421484036631e+01 3.119148730392508284e+01 2.416238700387705407e+01 3.831659982898787575e+01 3.830713188721567519e+01 4.093217817977404138e+01
5.097248530424480784e-02 2.003084736561068624e+01 3.591039518229685967e+01 3.375828855224375502e+01 3.860423774283019327e+01 4.376788697265852335e+01 4.954067550177976642e+01 5.620610568884699632e+01 6.447684328982496993e+01 7.446747386115691825e+01 8.338228101340909859e+01 7.477690405259210138e+01 6.863062812151349590e+01 8.334649215974154401e+01 8.421346736836871116e+01 6.613725278120422502e+01 4.521670833797035982e+01 5.849673286487201551e+01 5.644579086624651154e+01 7.090211443676271585e+01 5.732010203066212028e+01 3.788969207915820903e+01 2.938509708529242559e+01 3.094036054727505203e+01 1.172039446967636245e+01 2.761038411813826343e+01 3.310882575208924550e+01 4.394771709730033393e+01 5.811501453960929808e+01 6.627862121992583866e+01 6.945164441897595964e+01 5.943092658198672495e+01 4.920800138826747627e+01 2.930240818096331168e+01 4.920796506905986689e+01 5.821335652455664444e+01 4.930828942293502593e+01
2.550521787762166648e-01 1.096931540586662379e+01 2.829430648843624851e+01 4.031985428564843232e+01 4.804277914684535489e+01 5.774746286165042619e+01 6.492178705745914158e+01 7.351398456692010086e+01 7.075369105165054862e+01 6.239802153856041400e+01 7.075369132572438957e+01 8.084193938680894576e+01 8.953040303721397208e+01 9.032639776198178083e+01 6.995448096680112826e+01 5.520808372169461364e+01 6.012194226341540571e+01 7.453045164684181145e+01 7.706501029627845867e+01 6.932587994338162218e+01 5.755527384381527156e+01 4.153905547564293954e+01 1.755003514318736890e+01 1.288769294669728893e+01 1.205746646504585051e+01 1.284264974310791274e+01 2.003196731369228800e+01 3.944222492097360799e+01 5.326053999210021317e+01 5.326053735121096366e+01 7.222120713668775238e+01 6.075487885222830187e+01 4.075510041587609322e+01 3.816566094692484512e+01 5.752358080788189909e+01 6.780908856762066250e+01 5.770522462387702944e+01
8.916207294569349351e-01 6.895980728157647732e+00 1.317550707001487709e+01 2.027842679357130251e+01 3.183293420686225161e+01 4.901583824003986933e+01 4.462177907537144961e+01 6.160069200265557043e+01 6.064828739236325106e+01 4.217129318547131334e+01 5.228467064421951704e+01 6.968702569113723655e+01 8.135108920356258011e+01 9.241072213852589812e+01 7.217696057120159026e+01 6.995074757210112182e+01 8.065949701513571313e+01 8.136355084730433873e+01 7.296137124219225711e+01 6.146214387587110650e+01 4.049390103334263813e+01 2.591074825990171604e+01 4.148822948296576385e+01 3.512849686586859832e+01 2.706341499599986733e+01 1.253134643046507612e+01 3.206294030197181399e+01 2.834442414205672023e+01 3.470581304464580796e+01 4.776657208971066382e+01 6.652415181362022167e+01 6.909212797984662302e+01 5.225996357890679178e+01 4.965368758893306023e+01 6.647614653119009631e+01 5.941802401103726083e+01 3.923162741368332007e+01
5.108012481754142797e-01 2.051080124817505990e+01 3.336684910632185108e+01 4.031985428564843232e+01 4.804277914684535489e+01 5.297656582363517686e+01 3.270538609399137897e+01 4.135117516715649089e+01 4.436426768044734104e+01 3.209154790078564901e+01 4.110402539855323312e+01 5.278008524593818862e+01 7.300935018754607597e+01 8.910435606624886873e+01 9.241072213852589812e+01 9.022836769406242752e+01 8.664800568408527681e+01 6.818768476691359126e+01 5.479352598533611030e+01 4.520812957207060379e+01 3.701933191244191335e+01 4.935612322630391446e+01 5.724305736530499189e+01 4.775693051052857641e+01 2.956821796311789541e+01 1.286401407672602382e+01 3.231159055976736028e+01 4.673294827128141549e+01 5.326053999216639312e+01 5.326053999219649171e+01 7.222124719721971076e+01 8.070460366982142375e+01 7.235914891858192277e+01 6.973593124204084859e+01 7.808192644513144387e+01 6.780919260747366195e+01 4.932482926278719759e+01
5.195627768054871254e-01 2.051956277680513097e+01 4.026494502257152419e+01 5.053040028854569954e+01 4.220885479539881402e+01 3.435964726168164418e+01 3.696656591923838420e+01 2.104669485028063036e+01 2.421380024994834201e+01 4.436426768017503264e+01 5.495239395501998558e+01 6.056353413414711184e+01 6.056353413552661635e+01 7.566352691366903116e+01 8.576382889366810502e+01 9.030620973494021086e+01 8.191397628164051525e+01 8.136355084730433873e+01 7.296137124219225711e+01 6.518649722540646962e+01 5.852704134096114785e+01 5.449607073429162085e+01 4.506378171109499675e+01 3.680399059525181116e+01 3.293969256855309879e+01 1.319563068252272053e+01 3.310761407990951000e+01 4.229786811231141996e+01 5.054738501258967887e+01 6.771512218111747927e+01 7.581146484931593932e+01 8.299069581762243786e+01 7.419223133422460137e+01 8.299069688023325853e+01 8.842170148704089172e+01 7.793909804821774401e+01 6.546656154399066452e+01
