MOVIE_S3_data/elevation_000703.asc
nrows	100
cellsize	150.0
xllcorner	0
ncols	100
yllcorner	0
NODATA_value	-9999
[rows 0 to 16 of 100, columns 37 to 73 of 100]
5.612422740030170587e+01 6.187574198360248090e+01 6.848053220316403156e+01 7.664640158371287271e+01 8.649877048538650115e+01 9.460016762984238881e+01 8.612406832151515346e+01 9.460016762984238881e+01 9.731900284905972853e+01 8.882198870735743412e+01 9.731900284905972853e+01 1.115343228961302913e+02 1.030154810944489014e+02 9.707216832287318198e+01 8.880010105633527928e+01 8.620801528632102873e+01 9.448046790256944405e+01 8.922437006013245764e+01 9.749598865869650410e+01 9.592872961611068661e+01 9.006337753106060973e+01 9.006337753109858113e+01 9.835699024750957165e+01 1.016791934750528270e+02 9.340353885976327319e+01 8.915842725316480255e+01 9.744804509352354671e+01 1.118129427231704653e+02 1.200678724891767786e+02 1.316155333449875400e+02 1.233447166000088657e+02 1.207616018268454354e+02 1.290285575350094973e+02 1.425430351980009505e+02 1.342460796110564161e+02 1.294673114322541778e+02 1.377585842079033114e+02
3.610423049139541973e+01 4.195191102610183265e+01 4.866616154447950748e+01 5.863206304088687659e+01 7.832900136544111547e+01 8.455316018412452195e+01 6.618293924784704529e+01 8.455316018412452195e+01 8.723657635416655864e+01 6.880159426764436148e+01 8.723657635416655864e+01 9.971289617877754097e+01 8.257785940691172755e+01 8.880010105633527928e+01 6.880962735906740591e+01 6.621440940014471721e+01 8.027613443124428727e+01 6.923363378674267210e+01 8.595793059774456424e+01 7.589744339275331697e+01 7.002972134898236334e+01 7.002972134898236334e+01 9.006337753108054756e+01 9.012421331524306822e+01 7.337115832565527285e+01 6.911155167157096457e+01 8.915720535296689775e+01 9.184522996838575182e+01 1.118129427231704653e+02 1.233447166000088657e+02 1.034833031695776242e+02 1.009105236182376046e+02 1.167242454565318468e+02 1.249847031026744872e+02 1.143372572471467379e+02 1.095890541176151203e+02 1.230512905466647879e+02
4.855737981898057143e+01 6.187574198360248090e+01 6.848053220316403156e+01 7.664640158371287271e+01 8.649877048538650115e+01 7.615350378468103543e+01 5.646818376485921220e+01 7.615350378468103543e+01 7.881179148750086938e+01 5.908978157913601592e+01 7.881179148750086938e+01 8.571814639224562882e+01 7.111103920557930280e+01 8.880010105633527928e+01 6.880962735906740591e+01 5.471910685879167602e+01 6.031272379539006323e+01 5.772456582570278272e+01 7.768271309139201719e+01 7.519733876343474321e+01 5.592429965506856604e+01 7.589744339275237905e+01 8.434463218367335458e+01 7.605642095881874809e+01 6.181016380986542202e+01 8.183653401169229369e+01 7.767354133181365228e+01 8.925266054586209918e+01 1.092242267584573341e+02 1.220265981261669452e+02 1.093005764794013430e+02 8.940656427666841921e+01 9.684746481746530833e+01 1.167242454565318468e+02 1.172832598244635562e+02 9.814190345590199627e+01 1.031877655479627549e+02
3.526379107779370514e+01 4.430406302095246218e+01 5.584848593368766956e+01 7.558956895064780213e+01 8.319371516071669248e+01 6.959173044474052006e+01 4.996641692387672862e+01 6.959173044474052006e+01 7.223778818471268437e+01 5.261299006406502343e+01 7.223778818471268437e+01 6.577210205345429017e+01 6.237421566062683809e+01 8.222468577080285002e+01 8.294089784095713469e+01 6.615987139502011871e+01 4.627748528624610458e+01 6.016520171934941885e+01 5.905080916413566428e+01 5.524625696498797822e+01 4.966684346818309592e+01 6.749256081440221067e+01 7.080998441099524143e+01 5.607858577738645067e+01 7.605642095887692733e+01 7.816433096885624821e+01 9.184522830473763122e+01 1.059565512287812936e+02 1.174805311438414890e+02 1.137684793163638233e+02 9.385174966226746562e+01 8.267418242656732730e+01 1.026692390784904489e+02 1.114773738484713732e+02 9.740462065957072468e+01 9.060197144167860017e+01 1.104884942758143609e+02
5.529776336975418616e+01 6.349253117746493302e+01 7.236750759398690036e+01 8.376477414418569367e+01 7.481785934468901189e+01 5.504628477309148593e+01 4.427537751243757214e+01 6.392639042263972016e+01 6.657259694583861176e+01 4.695277354917664070e+01 6.358906582373897720e+01 5.195676951740965421e+01 7.161416318080992482e+01 8.256077482762468378e+01 7.427087451563369314e+01 7.442381807445478614e+01 6.016449390933922814e+01 4.027945339338563002e+01 3.915086926557520997e+01 4.121623221593918629e+01 4.440421504171673917e+01 4.761004915537602500e+01 5.089377415884728606e+01 7.080998441099524143e+01 8.434463218458951417e+01 9.818364061298944989e+01 1.064617164999323649e+02 1.200655404842929812e+02 1.215169349905231542e+02 1.015901853122080780e+02 9.750653765053222344e+01 7.736998998699937147e+01 9.750653765053222344e+01 1.032269392702073247e+02 8.326153506305560370e+01 1.032269392702073247e+02 1.187435302985565500e+02
4.709226143873233639e+01 5.750311011573416664e+01 6.767196268833906458e+01 8.130617914260086820e+01 7.395518103748649708e+01 5.867443630742204164e+01 3.894451158405421154e+01 5.867443630742204164e+01 6.132897857874431224e+01 4.165273227390375865e+01 4.392815705835356965e+01 6.358906582342221725e+01 7.997407565414829378e+01 7.102845320756593139e+01 5.431247130805634526e+01 6.192861203410063808e+01 5.365916703141496669e+01 3.624016281408192697e+01 5.619354544207933344e+01 6.108979353135292456e+01 4.560360033998430396e+01 6.548269593762981344e+01 7.080998441099511354e+01 6.709205411961120546e+01 8.110490165501191484e+01 1.006817113437975735e+02 1.115013238164816158e+02 1.198417229323679294e+02 1.156796711251136998e+02 9.575412920163932995e+01 8.148461259411963908e+01 7.278727424454120865e+01 9.311238270275958939e+01 9.887012099068550697e+01 7.883906704271488763e+01 9.887011887862341553e+01 1.115880653023017999e+02
2.649729709661674448e+01 3.345668475490190730e+01 4.617966485123868381e+01 7.183425094785702925e+01 6.563892229154342317e+01 4.593471173089084658e+01 3.444674295057160407e+01 4.854232433332165897e+01 5.168360280659678097e+01 3.663832619967979554e+01 5.063458776160668862e+01 7.035279518315127234e+01 7.347971195355358986e+01 6.274788505082538848e+01 4.280403982964442378e+01 5.123330064355700841e+01 3.365284952351414205e+01 4.127041645805894632e+01 6.118735250958409466e+01 7.377324299121319484e+01 6.548269593762995555e+01 5.019298346505971153e+01 7.011789241598967237e+01 8.548697978347057358e+01 9.058210092282691051e+01 9.728689068153552455e+01 9.139907969559526180e+01 1.115013238164816158e+02 1.145829953445019243e+02 9.465515595194834475e+01 8.036964554203770206e+01 6.832024673870651554e+01 8.887430462194771508e+01 9.478128569878262510e+01 7.468918028288801736e+01 8.335067915940845751e+01 9.748024423849953735e+01
4.462888054679952177e+01 5.584106007061070898e+01 5.791743712321755311e+01 7.559661374657981980e+01 6.477987119974557118e+01 5.332074902840905395e+01 4.507881418698651288e+01 2.864619254331183384e+01 3.181641332571467373e+01 5.168360280248372618e+01 6.466744583983604855e+01 7.363738918742114947e+01 6.519027287640059853e+01 4.522432580458139029e+01 4.888792272402761085e+01 3.119438290692155391e+01 5.123330064355700841e+01 5.365945832816470329e+01 5.385417717165905316e+01 7.380598123538436539e+01 7.349530237435230617e+01 5.352682333873058695e+01 7.349530237435230617e+01 6.546156666920042255e+01 7.046856453713657231e+01 7.717252140540968242e+01 8.879207221955424245e+01 1.088910285011389760e+02 1.113658364619875982e+02 1.030954712821846329e+02 8.529630240525533225e+01 6.459369965598975227e+01 8.034743378653385548e+01 8.870799212299753833e+01 8.920872149690870856e+01 6.905366185302806059e+01 8.408933122099433888e+01
3.913773533542197214e+01 5.811490419557655684e+01 6.519352339824089881e+01 6.841161558574633261e+01 5.651074037368575631e+01 3.670991907406551746e+01 2.517908888247473342e+01 4.507885192075201530e+01 5.168360280659678097e+01 5.992966038083673652e+01 7.231245541261431242e+01 5.297861216136168849e+01 5.272902875792579636e+01 4.668837518488526683e+01 2.885252444722106446e+01 4.888792272402761085e+01 5.950588461286289288e+01 7.361245752937448117e+01 7.380598055155218162e+01 7.380598123538436539e+01 8.180617833114244775e+01 6.501697957358608448e+01 5.881768466449049981e+01 7.792342090308207503e+01 9.013357869553786372e+01 8.469261580230468667e+01 1.048005757761856103e+02 1.172302310338442339e+02 1.030954712821846329e+02 8.294268453220176696e+01 8.884529911146533721e+01 8.034743378653385548e+01 5.968765474656208880e+01 8.034743378575960548e+01 8.763480819520611931e+01 7.933901600312231039e+01 6.393545057670179688e+01
2.898505440245905973e+01 4.922619210448454652e+01 4.605008875812161051e+01 5.041852485220946534e+01 6.009351983631535887e+01 4.272111797823026080e+01 2.283127865936807055e+01 4.257676681183752976e+01 5.074778039524552042e+01 4.765722139931790480e+01 5.550024135948897452e+01 4.411710207265576855e+01 3.396680696597082516e+01 2.668583210680040096e+01 4.668875162616728147e+01 3.646302999530447408e+01 5.643760115785932641e+01 7.322006411912745705e+01 8.215369021469005872e+01 9.382064705336489396e+01 9.338901211143353009e+01 8.507690670168349811e+01 7.036083925086592217e+01 7.146820001639120790e+01 9.156489622477444357e+01 1.048005757761855676e+02 1.131377276268347458e+02 1.123232973272445747e+02 1.007513377259105738e+02 8.884529911146533721e+01 6.841333458323950367e+01 7.708083590042519972e+01 5.679361070357994379e+01 7.708083590042519972e+01 7.490898469234117840e+01 5.928119615563117861e+01 7.933901600188137593e+01
3.425697759481312943e+01 4.075651521780020659e+01 3.228209918028390035e+01 5.025114652526055181e+01 5.205629381719251114e+01 3.277501660016431373e+01 2.049125064036986998e+01 3.744357990701751504e+01 2.643560962571134354e+01 3.342584742285723109e+01 4.698341616024764278e+01 4.243020720834381621e+01 2.454810267761999754e+01 4.452429111393746552e+01 5.496549650067849768e+01 5.643760115785932641e+01 4.500516762078167687e+01 5.390313975007184411e+01 6.800040630281822018e+01 8.801383607298286904e+01 9.723187349733935037e+01 9.877683690230180957e+01 9.045736283087778418e+01 8.567901191449793430e+01 9.988397561256132917e+01 9.789450017373182789e+01 1.062051794436583805e+02 1.040618157961726524e+02 8.397790097987567037e+01 7.207946757578405084e+01 6.425018344969636530e+01 5.774690951889552792e+01 5.419492038510345822e+01 7.076687037397003621e+01 5.504410227092977692e+01 7.490898469234117840e+01 8.763480819802690291e+01
1.477909047150561861e+01 2.140446144676329965e+01 3.974394309781548174e+01 3.668897221128685970e+01 3.717274578388251172e+01 2.952005582489053026e+01 1.820219083912835956e+01 1.866932897794895752e+01 2.744907832397874969e+01 3.376187501188056928e+01 4.003868817222506493e+01 2.244618302807586474e+01 4.243021707086852956e+01 3.867110342342650142e+01 5.865578019113473118e+01 7.322006411912745705e+01 5.908451208873520244e+01 7.322006411912745705e+01 8.215371777541646736e+01 9.115453131665471176e+01 7.674499730491837113e+01 8.274546441634926452e+01 1.031343724517183915e+02 1.057746779532030672e+02 9.463975924768784864e+01 7.787580130265135381e+01 9.154061943367430842e+01 9.985173560722330421e+01 1.007513377259105738e+02 9.246636217060220986e+01 8.476084029877705461e+01 7.100328358110999716e+01 5.161599480818099295e+01 5.114305391190260508e+01 7.076687037349807952e+01 7.490898468959278489e+01 9.496358828854899059e+01
3.314474925384705983e+01 1.541282382229014658e+01 3.129327563606167573e+01 1.665787696360828463e+01 1.711109843353646198e+01 1.756084039608210645e+01 3.762890641258189106e+01 3.909642761715014814e+01 1.934202783347727816e+01 1.982327083001419510e+01 2.030921509570536188e+01 3.908002939203123560e+01 4.888903022747037141e+01 5.865567715550809424e+01 6.694043999844615200e+01 8.511317025831164074e+01 7.906356310966555156e+01 8.206506476997580535e+01 8.074457578448372885e+01 7.222805446737611135e+01 6.171064443325727922e+01 7.674499730491837113e+01 9.723187349733935037e+01 9.832175412826917693e+01 8.571214475391538201e+01 6.640816337543550674e+01 7.157745760186540451e+01 9.154053546209075876e+01 9.399747098233513043e+01 1.021732529751435408e+02 8.754682341412207336e+01 6.728472657437846749e+01 6.796204815291615375e+01 4.848165476795713857e+01 6.796298398665649643e+01 7.502057277220716003e+01 9.503236899292475925e+01
2.828061371178133143e+01 1.589932598235780326e+01 1.602363551948071319e+01 3.622559083395216106e+01 3.715327472132830167e+01 2.111346368174150712e+01 2.973536905251113538e+01 4.810613462793739359e+01 4.591906629063916512e+01 4.250132406609009905e+01 4.035540711486753906e+01 2.103916044909092165e+01 4.105201805668239246e+01 4.681662122482173061e+01 7.011078926962322555e+01 6.514091689623279535e+01 7.574848495624686961e+01 6.100000930146451594e+01 6.381684204759811507e+01 5.078358627326975494e+01 6.611410443866198250e+01 8.698843554636924580e+01 8.682404791123963150e+01 7.854367621469089045e+01 7.011234601570201619e+01 5.771840788892814800e+01 7.742438692569446346e+01 9.068436304543169513e+01 7.402735547261001159e+01 9.068436194441684961e+01 9.585793354465907612e+01 8.412911741456277070e+01 6.616997849284506117e+01 4.673969336869266300e+01 5.522960834508165817e+01 7.502091632659707443e+01 8.318806122120538760e+01
2.520255567769708094e+01 4.084180967907371240e+01 4.033208386059590822e+01 4.508207169652775548e+01 2.708622089011457845e+01 4.009057568597723531e+01 4.812481966976912418e+01 4.518021290111946087e+01 6.478344481364906926e+01 5.640250028833705898e+01 4.289981794507988155e+01 2.155571993052488011e+01 2.538273100476326150e+01 4.608926971755671076e+01 5.472907257433018202e+01 5.111805846947862619e+01 6.513515596186543632e+01 4.572897255153718987e+01 4.233723385129820826e+01 5.761026300410686218e+01 7.880084931907998680e+01 8.802696225432561050e+01 7.541485235341799864e+01 5.887742638520074934e+01 5.635462041478174910e+01 5.228601687284957933e+01 7.173574385807005172e+01 8.246781592582881615e+01 6.258112147090670874e+01 8.246781590489659663e+01 8.685129615410289716e+01 7.585328859072028251e+01 5.607193862598030165e+01 4.502547443375139835e+01 6.443174880620648537e+01 8.329798172160634806e+01 7.486499464955663541e+01
3.287805105738379297e+01 5.513070113827085805e+01 5.826441373819660186e+01 3.841203491485167376e+01 4.680263748048402306e+01 3.630244096983214774e+01 5.616677376329876381e+01 6.478568388789233268e+01 6.227275498234863704e+01 4.227066083596750445e+01 2.962982814654948527e+01 2.207121016646696532e+01 4.193048172418595243e+01 3.935430468514059754e+01 3.497479880160461363e+01 5.474959853492937611e+01 5.026952670289723812e+01 3.504122195869829426e+01 5.644245200500775894e+01 6.540926072586108830e+01 7.376366430348114989e+01 6.822480034948007699e+01 6.673912599482139285e+01 4.798111939157480066e+01 4.555090776166705524e+01 6.463369091182146065e+01 7.999766106444728564e+01 7.543683315144433266e+01 5.572517566101472397e+01 6.703177336647398477e+01 6.703170502773244266e+01 6.857438935401908964e+01 6.035971243154757104e+01 4.332829574922370597e+01 5.693968740503897408e+01 7.670939983661267547e+01 6.782946205430936004e+01
4.440665070733300723e+01 6.383400155199978343e+01 5.826441373819651659e+01 5.246061507191836881e+01 5.616677376349203143e+01 5.036511028068979101e+01 5.253020623257089028e+01 7.234764373862654452e+01 6.833794696090541265e+01 5.015040907429253991e+01 3.031964910253618939e+01 3.152542706603856715e+01 2.279811659947707980e+01 2.330988267886682053e+01 4.338097877876835895e+01 4.926322033655542754e+01 2.476172962536705313e+01 5.026952670289714575e+01 5.110879465347269246e+01 4.519331973931018354e+01 6.540538095016790976e+01 6.822350699025714960e+01 4.897280886595324034e+01 3.973640551894362716e+01 5.859917399910920466e+01 6.512451878869009647e+01 7.311541478909491332e+01 8.365788877841552562e+01 6.703176749364951093e+01 4.755984515379344657e+01 6.620342990414981443e+01 5.803147112351204129e+01 4.094994537448520333e+01 6.035971237789924970e+01 7.096154543699869066e+01 6.685004233840722065e+01 5.853274933807284697e+01
