MOVIE_S3_data/elevation_000273.asc
nrows	100
cellsize	150.0
xllcorner	0
ncols	100
yllcorner	0
NODATA_value	-9999
[rows 68 to 84 of 100, columns 37 to 73 of 100]
1.054792792574096723e+02 8.766005130994984995e+01 1.054792792574139639e+02 1.172774702384633088e+02 1.073432034616338058e+02 9.910771264954094306e+01 8.618405440303259013e+01 7.211874151555502976e+01 8.555093486893591148e+01 8.004895523823124392e+01 9.667950044166703094e+01 1.076660228122986496e+02 1.029021607238684624e+02 9.300966259308825101e+01 7.851766175200357623e+01 5.817382161735030621e+01 7.246846481572241316e+01 5.244033469342313936e+01 6.442542840399873683e+01 7.645416977079473497e+01 7.927789085036037875e+01 6.325714605739071317e+01 8.318663501364696344e+01 9.595941816426014270e+01 1.102692596050754759e+02 1.176759901722997057e+02 1.078830910402742944e+02 9.389357412119584012e+01 1.049982198825235855e+02 8.521180335609348333e+01 9.097953607137675647e+01 8.714220705390273736e+01 6.680551328857194449e+01 6.655540942831891016e+01 6.741014874222832987e+01 8.692162707424832035e+01 8.234422477748488234e+01
9.469690112999178666e+01 7.781775051434084389e+01 9.594502259219291318e+01 1.040532559495303389e+02 1.153493847553148015e+02 1.142833518618762128e+02 9.696834258198209966e+01 7.710247261509107375e+01 9.115093641030057370e+01 9.991914686513995036e+01 1.081528794608958464e+02 1.086753381365933535e+02 8.891777740363571070e+01 7.492194969089365486e+01 6.485000969612444521e+01 7.851766175200357623e+01 8.144327797752316656e+01 7.321454594866916921e+01 5.314819191717600688e+01 5.610617033191511638e+01 5.909506195021599240e+01 7.927789085036037875e+01 9.140878058447600552e+01 9.728646240982982363e+01 1.020411980714359856e+02 9.870158797411878027e+01 9.963815214007618692e+01 7.964093612333661554e+01 8.698720171268304568e+01 8.226174211460869401e+01 7.140208055782451879e+01 8.373112002450952218e+01 6.533256733733169597e+01 8.488132601226782015e+01 8.365676130923178277e+01 9.440846972369037360e+01 1.020913583406875915e+02
7.530513091209827792e+01 7.034038623156045844e+01 7.631000838550777132e+01 8.767807610555050246e+01 1.072377710661952079e+02 1.110128008826509074e+02 9.115093640888400728e+01 8.412917265512608367e+01 1.039903177830110508e+02 1.192507250165557338e+02 1.205444209562693629e+02 1.106550067702800391e+02 9.257631087707626705e+01 7.278441680314860207e+01 8.481329133156783939e+01 9.039044825819965467e+01 7.725080588642013879e+01 5.414843005019838529e+01 5.366821767890913009e+01 7.438622593729819243e+01 7.852983699043394950e+01 8.001641989883722772e+01 8.733048848969265521e+01 7.745473068458528587e+01 8.233615641377613770e+01 8.500153343976603537e+01 1.014374839732929559e+02 8.695126891270172109e+01 6.336907723792703706e+01 6.254002775090508948e+01 6.333476336525649231e+01 6.411740454075598450e+01 6.588653028624914043e+01 7.497472272898937717e+01 8.797594132734842276e+01 9.125546438453221754e+01 9.949889863586405170e+01
6.387739039805342145e+01 8.364525025102057043e+01 9.594501173039665787e+01 9.021838280188885051e+01 1.097701816347976234e+02 1.192503194112216391e+02 1.110128009175039949e+02 9.559668637783535416e+01 1.003450156388972658e+02 1.202100522825902686e+02 1.123288477365192080e+02 9.257293362476710286e+01 8.270173107350929342e+01 8.679029747864137789e+01 1.007720313694981655e+02 8.280566235376790019e+01 6.141592196846303153e+01 7.432732496878581685e+01 7.267423437770290207e+01 5.441604620048761376e+01 5.495153574833253884e+01 5.549746449021295547e+01 7.616822082899844304e+01 6.557398263482224365e+01 6.891482365696420231e+01 8.857592721013492110e+01 8.582425465622871741e+01 7.441160484605634906e+01 6.137228183613198951e+01 8.124091789824811372e+01 8.300121675847128699e+01 7.252807685216309608e+01 8.538964846697081157e+01 6.832319986005344958e+01 7.002900175126056581e+01 7.172335941881887322e+01 9.125546511121247306e+01
6.960580346239332528e+01 8.356899340723310843e+01 1.031688261849407979e+02 1.097701864465495447e+02 1.178876871978360725e+02 1.160266355876057389e+02 1.236963607633326916e+02 1.154562315124837681e+02 1.202100522825902686e+02 1.183119829278237916e+02 1.205444209562693629e+02 1.106550067702800391e+02 1.024508906806431838e+02 1.065449828956502500e+02 9.898434695120583626e+01 7.933393508752935475e+01 6.546454342058208908e+01 8.433504621058416717e+01 7.904817787983058963e+01 5.894141157291490885e+01 5.791301173520935919e+01 6.907379901720358362e+01 5.628283996035124659e+01 5.684684604174357503e+01 7.745521597750958165e+01 7.868587380631019812e+01 6.860086695627900610e+01 6.013873310792580185e+01 8.020772731251662435e+01 8.943118784856717696e+01 9.881645732428053464e+01 8.282107334028667367e+01 9.749857267386937565e+01 8.540647966216573650e+01 8.369523452791318618e+01 9.125546511121247306e+01 7.413751479142672451e+01
6.702895433403757863e+01 8.675569709776875982e+01 1.053631620203906891e+02 1.166655628803597864e+02 1.102099319814896603e+02 9.607517403816288493e+01 1.102099319814896603e+02 1.180217883407143660e+02 1.097248101349220235e+02 9.836335790342705820e+01 1.124935299335649290e+02 1.224972523954274237e+02 1.157222151816636995e+02 9.606962645151992319e+01 8.473790746438317001e+01 7.594217650127407637e+01 7.006420271657117382e+01 8.972161729614219894e+01 8.929658573422881318e+01 7.843187354778390841e+01 6.070684344619908757e+01 7.829782928509915507e+01 7.694561967091132715e+01 5.820321326402804374e+01 5.766597293808418812e+01 5.825715480538753610e+01 5.886012122321323403e+01 7.843116505420006490e+01 8.657529387094000128e+01 9.212048979890987255e+01 1.004663227384314723e+02 1.016272212728558770e+02 1.098644257148020529e+02 1.082534516685457646e+02 1.034945317763265535e+02 1.007409708695899866e+02 8.143273651315524830e+01
8.675569709776875982e+01 7.761827951747494581e+01 8.898044790504187063e+01 1.085428250206272338e+02 1.012823723496481136e+02 8.197860106148176840e+01 1.012823723496481136e+02 1.064953679369661472e+02 8.978793979072624154e+01 8.427351277518251038e+01 9.423984383645387197e+01 1.112733996442637192e+02 1.239093461195171244e+02 1.125438281580640592e+02 1.037508239750600865e+02 9.463574347847742274e+01 7.497408799282561631e+01 9.463574347847696799e+01 9.775169112073828614e+01 7.802187643448674237e+01 6.421132306625426622e+01 8.373157228538038055e+01 8.691042811608801344e+01 6.708364144106815274e+01 7.817957641668705548e+01 7.284791238568631400e+01 7.916825012919180438e+01 6.000523999330663827e+01 6.890140335488416667e+01 7.251415892744093128e+01 8.639362628810600597e+01 1.062776533035349047e+02 1.170725119505899414e+02 1.253373699224845979e+02 1.144757865779114496e+02 9.505183569890809281e+01 1.007409730147016091e+02
8.549339389805383860e+01 9.724848132695498748e+01 1.053631620203906891e+02 1.049173531926769982e+02 9.300128261811799746e+01 7.303856235583194234e+01 9.300128261811799746e+01 9.821425267490191402e+01 7.826056124766621735e+01 7.427537411178482785e+01 8.303258269155398352e+01 1.029853491577998454e+02 1.082624146340370999e+02 1.165577139431114233e+02 1.106632872364784106e+02 9.103363521786238266e+01 8.121466465738130580e+01 1.008390198407050491e+02 9.962041116945546548e+01 7.986746892033848155e+01 6.848153416232403856e+01 8.821794633863734703e+01 9.396983347272026776e+01 7.427412522810294604e+01 9.389183075997836170e+01 9.207713327725865327e+01 8.827079398888278661e+01 8.010131576121216312e+01 6.111700562251544966e+01 8.102418772852200846e+01 1.004660985986390500e+02 1.030332487774579278e+02 9.721798982533582034e+01 1.170724962543640828e+02 1.228192724214562332e+02 1.144757865779114496e+02 1.040870666320465290e+02
7.967262052935839733e+01 9.970052050180906633e+01 1.049173531910791439e+02 8.496016782284083035e+01 8.668851606420690814e+01 6.673966779894584533e+01 8.668851606638000362e+01 1.008020651359946811e+02 8.085022482941437261e+01 6.673401633228999685e+01 8.669398355806075074e+01 1.027796622446938102e+02 8.832158967985684228e+01 1.050303644833125531e+02 1.188203207887838602e+02 1.077607547492234090e+02 8.817355970815843591e+01 1.077607547492234090e+02 1.077659161793638702e+02 9.332580472583768483e+01 7.355000059153223901e+01 9.332580472097848201e+01 1.022299991916103181e+02 8.556905024077538258e+01 1.022299740097937644e+02 9.744812033125772643e+01 8.921435442290446360e+01 8.167554653324911840e+01 6.188037450433105136e+01 8.167554587145757239e+01 9.248527855908403694e+01 8.329979694698535297e+01 1.030332097142983940e+02 1.104028092413361577e+02 1.186643879621434650e+02 1.247064737987189886e+02 1.240094705825822956e+02
9.968957246492615809e+01 1.080869299355501312e+02 1.057840567665959952e+02 8.862237956729286736e+01 6.869048479649876526e+01 6.125105146832265746e+01 8.115570095556421393e+01 9.634069801582131731e+01 7.638628775174083785e+01 6.231439293351154163e+01 7.455242481145761246e+01 8.523020736747032799e+01 7.679744573690751963e+01 9.674957397887796162e+01 1.094887902456518987e+02 1.158831480075802034e+02 1.020153937820716834e+02 1.077341527159060348e+02 1.096078171826506775e+02 8.971827431416592447e+01 8.014066999014984560e+01 9.990898503480252657e+01 1.137243568397577747e+02 1.054456021792666860e+02 1.038986344651614360e+02 8.921663656913077034e+01 6.897055873334794285e+01 6.547597034535469618e+01 6.261787914229046947e+01 8.232373346629201194e+01 7.289292976618226305e+01 8.994475124833360269e+01 9.422584742616422204e+01 9.059010584470468075e+01 1.048078831133725544e+02 1.048078831133725544e+02 1.200841009448017900e+02
9.233936576418409459e+01 1.005950686421045788e+02 9.749715213747907683e+01 7.754837756532737103e+01 6.605275235592080207e+01 5.614369281574936821e+01 7.601634248751435052e+01 8.144085720028793673e+01 7.807794141999980297e+01 5.820452353127802780e+01 6.049959889297536364e+01 6.529254530009377788e+01 7.232693067612521531e+01 8.126440019331656117e+01 9.536339683868428097e+01 1.153075752925800970e+02 1.216312831168471575e+02 1.272061274564887157e+02 1.180755901467034903e+02 1.080533057387961406e+02 8.901249698122192910e+01 1.080533055443573147e+02 1.186754323078335744e+02 1.096603291147594916e+02 8.987359562322924944e+01 7.578148921011565164e+01 8.921435494609340822e+01 8.507790507072104447e+01 8.225726530200131492e+01 6.363468114391650943e+01 8.257692784600278912e+01 7.040557121843639266e+01 7.460741438539530179e+01 7.959422418021431156e+01 8.501558235745447689e+01 9.198791926238421013e+01 1.018731276262328720e+02
7.249385381550709440e+01 8.589368906700649120e+01 9.414147233825573835e+01 8.664484570451244849e+01 7.211877853951476425e+01 5.222072842147899507e+01 7.211877853951476425e+01 6.153067675563321615e+01 7.004832963706154203e+01 5.423696462062012813e+01 6.826781000551743261e+01 8.523020736716026136e+01 9.228724372221302019e+01 1.005634546066455783e+02 1.094887902456518987e+02 1.149401617224826424e+02 1.066410363070831266e+02 1.092333536743243059e+02 1.175368531794542832e+02 1.168592114271271498e+02 1.029821148413045790e+02 1.168592063398231886e+02 1.104056646342861256e+02 9.060289492915383391e+01 8.368302231001987934e+01 9.566899568656810970e+01 1.038986344668832658e+02 9.860275079505645124e+01 9.037150675419792378e+01 8.325518543979696062e+01 6.462857111064352011e+01 8.418917671158907012e+01 9.422584738108452029e+01 9.931848655684422056e+01 1.048078831133725544e+02 1.118193541627137648e+02 1.200841009448017900e+02
6.251491557854571823e+01 6.600897975471183088e+01 8.265643033453656585e+01 7.837516649664658530e+01 5.847248131314510999e+01 4.844580151203577145e+01 6.364814654167745545e+01 4.736126271317897363e+01 5.012770821882515548e+01 6.163626924959022091e+01 8.145866052297293436e+01 9.646785707842420265e+01 9.391152444763430651e+01 1.021818376067871554e+02 1.056805626912918967e+02 1.034355490932869373e+02 8.675973099469082683e+01 8.933424548389071163e+01 1.092333536743411742e+02 1.231138113972364039e+02 1.225876019140528399e+02 1.245009189144881105e+02 1.045672190423291568e+02 1.104056646392835006e+02 9.501517347060163843e+01 1.116573011689303030e+02 1.036084461356374788e+02 9.038537742294552402e+01 7.101429497090428811e+01 6.825647518240374723e+01 6.532998094670652733e+01 8.486032712987882576e+01 9.402461211067023328e+01 1.079702600115530089e+02 1.127903123288979259e+02 1.152483156296309090e+02 1.162892842560396218e+02
5.488709923020059023e+01 5.439968155811454409e+01 7.372086222859965687e+01 8.664266620132748642e+01 7.668383364201091013e+01 6.364814626796694341e+01 4.351384121854094644e+01 6.364814654148768369e+01 7.004832963711963600e+01 7.824788227335841384e+01 8.961433142886461667e+01 9.070713122968068376e+01 7.407467522580193986e+01 9.070713479407702096e+01 8.579996922734574127e+01 9.516255930061423385e+01 7.535338764601112871e+01 9.487055266271755727e+01 9.487055266772976836e+01 1.106638756741934912e+02 1.195890940236854476e+02 1.311529958060120009e+02 1.186463609357404465e+02 1.231386709335120457e+02 1.148641268826346078e+02 1.090332152792834677e+02 9.534928952330527352e+01 7.549364097857382205e+01 9.038537742294552402e+01 8.246189895646487855e+01 8.312983712189324592e+01 6.633015730954862477e+01 8.006058234394684803e+01 9.462382313860230454e+01 9.561267383942600873e+01 9.290256452419406230e+01 9.639005852005618635e+01
5.961544611124288195e+01 4.527303145190006006e+01 6.546288763798420973e+01 7.852738266164328707e+01 6.681365059317445798e+01 5.884823260121913080e+01 4.141001144797478872e+01 5.575685408822061362e+01 7.571963561990338576e+01 8.138701185020244111e+01 8.345177064695670310e+01 8.245871416866620507e+01 6.258613807362392834e+01 7.754229134162838477e+01 7.179674433022756830e+01 8.292803609530606934e+01 6.909706075623023480e+01 7.506299442485284601e+01 8.252264887122204584e+01 9.136510282421646423e+01 1.028273637157359559e+02 1.228250750932522237e+02 1.386350721860158046e+02 1.265421453355837400e+02 1.150327009134998519e+02 1.007729064747097283e+02 8.084526516992589507e+01 9.534928952330527352e+01 1.036084461356374788e+02 1.045057584960612616e+02 9.401719770900061235e+01 8.582824835676844089e+01 6.732073455313206978e+01 8.134374159104650914e+01 9.168510759778071417e+01 7.763417251643888051e+01 8.219998014582664325e+01
6.083104260052655121e+01 4.058901656340844966e+01 6.071097898414896576e+01 6.507209479654630968e+01 5.097341709852144476e+01 3.853449642450379997e+01 4.031211317228723345e+01 6.064549052774749072e+01 6.524281320158284814e+01 6.144900883267405334e+01 6.353995807360792014e+01 7.149631509382314221e+01 5.497190962636109646e+01 5.761198483808108506e+01 6.029031853611537173e+01 6.308460245538171307e+01 6.693568006027730632e+01 8.673923138891812812e+01 9.872338412337751379e+01 1.057497643670021006e+02 1.140482684578253156e+02 1.240415461773911261e+02 1.343776964770697475e+02 1.182591271420133410e+02 9.834987927855614487e+01 8.689259157092456576e+01 1.007729064747097283e+02 1.090332152792834535e+02 1.175277141390743481e+02 9.992719644558023617e+01 8.027678277842134946e+01 7.477292390129252908e+01 8.679876000749034404e+01 6.831181473009770855e+01 7.201151091381437652e+01 9.112485672461203023e+01 1.019719872468070179e+02
4.800867853660187023e+01 3.633981379296117353e+01 5.382377533028568450e+01 5.509874862314219257e+01 3.671799429594223341e+01 5.695814335196383382e+01 6.064521877641244174e+01 4.292914396415598333e+01 4.502579172799212870e+01 4.713892169326435067e+01 4.928158524014725117e+01 5.145551266396023493e+01 5.638258989865608584e+01 6.159104172510598829e+01 8.017624692935453368e+01 8.292803609525833508e+01 8.673923138891812812e+01 7.265776618451049274e+01 7.889745949892608223e+01 8.587615989677797756e+01 9.577628841024956330e+01 1.157232403244225907e+02 1.260893358229694883e+02 1.061261416338645773e+02 9.467979337454387689e+01 9.834987927855614487e+01 1.150327009134998519e+02 1.233494888394621540e+02 1.034330909288691771e+02 8.945488033801305505e+01 9.992719644028612436e+01 9.335339658177326783e+01 7.509059614217279943e+01 6.902074032793673553e+01 8.503814526839843779e+01 7.797337366762644706e+01 9.826823032268180214e+01
