MOVIE_S3_data/elevation_000561.asc
nrows	100
cellsize	150.0
xllcorner	0
ncols	100
yllcorner	0
NODATA_value	-9999
[rows 34 to 50 of 100, columns 37 to 73 of 100]
7.821971156458070595e+01 8.521426289258376130e+01 7.506182015184609213e+01 5.649931642522129493e+01 5.910668361613482347e+01 4.317577241267917287e+01 3.488790686564879451e+01 3.219201727548632164e+01 2.877998702668077868e+01 5.179891717852552802e+01 5.144873314618114790e+01 7.179042499496524954e+01 8.572475358160325243e+01 7.573118123358193543e+01 6.730718048310734503e+01 5.247765578405390841e+01 7.235798586634248863e+01 8.386981454645273004e+01 7.303103767189830364e+01 8.321319178160121055e+01 1.038584989007151336e+02 1.200276483547564652e+02 1.057539610038772224e+02 1.200276483547564652e+02 1.196185725736268637e+02 1.123002812542188451e+02 9.539338555038395384e+01 1.036695856239672935e+02 8.340604840101275386e+01 8.857472941997440330e+01 1.088061835277186589e+02 1.175284019602964207e+02 9.713481846179919899e+01 1.006710840981938588e+02 1.150179619696543085e+02 1.157962094148653733e+02 1.073869441627505807e+02
9.872773820297760494e+01 9.703100072408200560e+01 7.690206113692555334e+01 7.690206113692552492e+01 7.058434802324849500e+01 6.188701232405011154e+01 5.623804431693514516e+01 4.875150434992475823e+01 2.914295495190074803e+01 3.714282685263748363e+01 5.739350835573054610e+01 7.080068091425701482e+01 7.145601288752570213e+01 5.718727219344799551e+01 4.739685960553141797e+01 6.730718048310734503e+01 7.235796693310798844e+01 9.271653009567934589e+01 8.748248955476924493e+01 1.021198020110448539e+02 1.124601705023885927e+02 1.249259896467084303e+02 1.259194705087590478e+02 1.254002503985567927e+02 1.340933937211874820e+02 1.239643139167557990e+02 1.155879799489346880e+02 1.120385990999265715e+02 9.357493491185384471e+01 1.028965551813248567e+02 1.171779991319771597e+02 1.258842109512759322e+02 1.090007243676755451e+02 1.210078094772481592e+02 1.249072954789027960e+02 1.073869441627505807e+02 8.671816850246121078e+01
9.042041242956072722e+01 8.171211219471979348e+01 7.363075019796856679e+01 6.784114271186328438e+01 5.905256905133915524e+01 5.608150481789853359e+01 5.255451056642834118e+01 2.966248494110240941e+01 3.433627288878992800e+01 3.199086074257122192e+01 5.316652875590673943e+01 5.076113609803986293e+01 5.904673931551582911e+01 4.299127309836452326e+01 6.306148615644916333e+01 5.673329981801200006e+01 6.415585215275403641e+01 7.837510433073420302e+01 9.891750027176574633e+01 1.167518296803461197e+02 1.167096132745544566e+02 1.038943001457471382e+02 1.187569749630160487e+02 1.043685130280760518e+02 1.219582619939823331e+02 1.307250505930937834e+02 1.221147184362975935e+02 1.221367123570437485e+02 1.137642363360805859e+02 1.221367123570446864e+02 1.314594430826451799e+02 1.375320937097890805e+02 1.291774261870999965e+02 1.308122596055710858e+02 1.106026463540458451e+02 9.609551155870842365e+01 1.073869441627505807e+02
7.276678474377334283e+01 6.033083809662765873e+01 5.220396056234180548e+01 5.905256905133915524e+01 3.804886699822371554e+01 3.515128235777761034e+01 3.296136571733158149e+01 3.002875182322591741e+01 4.515864732559463590e+01 3.864554669871186832e+01 3.470831561988060798e+01 3.668716597636305465e+01 3.890534100366729575e+01 5.904673931551582911e+01 7.145601288752570213e+01 7.673916434788129948e+01 8.439366166893167076e+01 8.061659129021978742e+01 1.011744317979519536e+02 1.167096132745544566e+02 9.569147157047338226e+01 8.904240548065436656e+01 1.011220124672353933e+02 9.223816692137036455e+01 1.132575711661842064e+02 1.188614397715169986e+02 1.016652575732696846e+02 1.103082167022456446e+02 1.188614397715167144e+02 1.258216250278334343e+02 1.251537428921609916e+02 1.190833602434147025e+02 1.190833602434147025e+02 1.276837404952915733e+02 1.249072954789027960e+02 1.064057544995794871e+02 1.249072954789027960e+02
9.042041242956072722e+01 7.766552933230168776e+01 6.353006469769567843e+01 4.229669700519260545e+01 5.905256905133915524e+01 5.593276465377941520e+01 3.039958516488068696e+01 3.039716671125196967e+01 4.995958626780093681e+01 5.059541863239535076e+01 5.431952504298580919e+01 5.182267845342115464e+01 5.038653945963697112e+01 4.660629715734173573e+01 5.418252801265354179e+01 6.301143362368264178e+01 7.458088531113165232e+01 9.540961536030314960e+01 1.098504553276846991e+02 1.100430325826574318e+02 9.954837243571958538e+01 7.857014675804450121e+01 8.013874781326749996e+01 9.223816692137036455e+01 1.132575711661842064e+02 1.103082167022456446e+02 8.999419759973761757e+01 8.999419759973761757e+01 1.053071911431135277e+02 1.053071911431135277e+02 1.046308340563009835e+02 9.864440169904601419e+01 9.864440169904601419e+01 1.190833602434147025e+02 1.350261242410235809e+02 1.266380555609406571e+02 1.350261242410235809e+02
8.220403206473969249e+01 6.888864819770169845e+01 4.746158952599962788e+01 6.353006469769567843e+01 7.231303616369764597e+01 7.208828609632418249e+01 5.551545603399009821e+01 3.727997609380594213e+01 3.091462278926763574e+01 5.251366576809137854e+01 6.551492271675724055e+01 7.388027856376757541e+01 6.390255729276146468e+01 5.662220416989504912e+01 6.704424937923249672e+01 8.273429681764380916e+01 9.197922734497663555e+01 1.040921082078724993e+02 1.066202508363500954e+02 9.479362941668978237e+01 8.034606926114545900e+01 7.156351434996481942e+01 9.255563054390219691e+01 1.098250839881651189e+02 1.219582619939823331e+02 1.127069230612455328e+02 9.857991230508946501e+01 7.816529894776991227e+01 8.493814429645129849e+01 1.053071911431135277e+02 1.046308340563009835e+02 8.426592382888173915e+01 9.819088398995064892e+01 1.186638292788297093e+02 1.189331707640251494e+02 1.105643432064217535e+02 1.189331707640251494e+02
6.090712690939006535e+01 5.324043532415702629e+01 6.824186769909537986e+01 7.751563496962400279e+01 7.750278848384630237e+01 6.022039309878487501e+01 4.801669770810534033e+01 5.250511526689779629e+01 4.037860272632961056e+01 3.142838260236937842e+01 5.944920297977889589e+01 7.463836792684988097e+01 8.315852149481261790e+01 7.120527231583707817e+01 8.585825912187733877e+01 9.765233815704270626e+01 1.045307593998027045e+02 1.076971449789576525e+02 9.802377656417468188e+01 7.758801237287100605e+01 6.547583012388261636e+01 8.649572857644220392e+01 1.012553768972496187e+02 9.907984225908137432e+01 1.077363042968070062e+02 1.041833094888701794e+02 8.381675675012149895e+01 7.181816652562051218e+01 9.242467478268889636e+01 1.092396384658535879e+02 9.819088398995064892e+01 7.766159639804298820e+01 9.221415091291331123e+01 1.126199940430931150e+02 1.089227446779581641e+02 9.061941009192658214e+01 1.005918766491740968e+02
6.090712672217390633e+01 7.475256589534151885e+01 8.294496338604157870e+01 8.391979070717802358e+01 7.563905384053147429e+01 7.245123597761359235e+01 6.493286434958520204e+01 5.463539551147149353e+01 4.227631757858407724e+01 3.179014446098724633e+01 3.347051820696569990e+01 5.586280095796880829e+01 8.874757571141753942e+01 9.338157595305959546e+01 9.666025797666830499e+01 9.527469612302421353e+01 8.730425767206331500e+01 9.176497593097040806e+01 9.938854010703464326e+01 7.721909704747326941e+01 6.177278456321138833e+01 8.276226367840813225e+01 8.429791753501203289e+01 7.817504383632434894e+01 9.907984225908137432e+01 1.040679956721685642e+02 8.792796602570075493e+01 6.726014775280613378e+01 8.792796602570089703e+01 9.471633550963453274e+01 8.019303255366813232e+01 7.234430402938644988e+01 9.099327474383436254e+01 1.129488667839899136e+02 1.005918766491740826e+02 8.085982989189560044e+01 9.036325408038536011e+01
8.263792298921732993e+01 9.070712945051232623e+01 8.700227389986410742e+01 7.564385374439129350e+01 5.526769437984979305e+01 6.122247758838864939e+01 5.820924354614695773e+01 5.218118404468119564e+01 3.230093507092487926e+01 5.213822453197935403e+01 6.184564872859092333e+01 7.191704417555220630e+01 8.286684813631677571e+01 9.666025797666830499e+01 7.860743331835229242e+01 7.669349505001723344e+01 7.419154190268720583e+01 9.225139019089237991e+01 8.993620778117227132e+01 7.925255987004507574e+01 5.832983707371501225e+01 7.443773807196093628e+01 6.338131824936251490e+01 7.546127736625790305e+01 9.636899248963212017e+01 9.556314517956229793e+01 7.503144973363556858e+01 6.311637976542156281e+01 8.370916528693739167e+01 8.037201744550200999e+01 6.548499166956747786e+01 8.019303250655684678e+01 1.007112697716997047e+02 1.050679966680798714e+02 8.611164852133931902e+01 7.459715715083436294e+01 9.401452773008119834e+01
9.280722111146138786e+01 8.115405170621565389e+01 6.690275450220556763e+01 6.930066817489182540e+01 6.122740089899819083e+01 4.086205421671112958e+01 3.790026317911421927e+01 5.260427149450109852e+01 3.266197290908632311e+01 4.251168400144178605e+01 6.072373766753418778e+01 6.039800835571099213e+01 7.829232141395284827e+01 8.246380889611040743e+01 7.451971912950222077e+01 6.235124668320610652e+01 8.213580284171025880e+01 8.321247397116935929e+01 6.833893894711424366e+01 7.905430639565349793e+01 7.041283358321260266e+01 5.365180665782841629e+01 6.559803204956604361e+01 8.651300106105422572e+01 1.050250224613441645e+02 9.437365309985507622e+01 7.387048406548458956e+01 5.944040059608970950e+01 7.500010701227587617e+01 5.983063998356136182e+01 8.037201298440770358e+01 9.471626478434319552e+01 9.673039380404236454e+01 9.087194254491042500e+01 8.883928152146737034e+01 6.995005159896834357e+01 8.883928152146737034e+01
8.458948207580974099e+01 6.426290304814453691e+01 5.243503340524802780e+01 4.890058842285056073e+01 4.552050070655641889e+01 6.122740090009835967e+01 5.410761672935939259e+01 3.431816924264499136e+01 3.302359746604804513e+01 5.304961159937209203e+01 4.578275598153533821e+01 6.470388774525346776e+01 7.920983515466176073e+01 7.451971912707458046e+01 5.381127025240945727e+01 7.451971912950216392e+01 8.092123073422044399e+01 6.904328780646541475e+01 5.361266630097629360e+01 6.656720150639290523e+01 4.968044698090056954e+01 5.573837763450041649e+01 7.978155072446669749e+01 9.517044073778188817e+01 1.006231690688460816e+02 9.088179290263575183e+01 7.026693067972125561e+01 5.595798772690550038e+01 5.468751904777089834e+01 7.500010699941921644e+01 8.889156742063616434e+01 8.795580308082273291e+01 7.645731835623931261e+01 7.051275764334236840e+01 7.881769225757015818e+01 6.598258989177175238e+01 8.156332342749064424e+01
6.506346287070343237e+01 5.820766184074422256e+01 7.285392620248306628e+01 6.930066817512762611e+01 6.590173564754036306e+01 5.906626053867329063e+01 3.867513946034156191e+01 5.411947973601352402e+01 5.298806511176342582e+01 3.354484544783172595e+01 5.365937740383450461e+01 6.022258336525455746e+01 5.971861391532355867e+01 6.312420583072763236e+01 4.873641670699664985e+01 6.917220855669950197e+01 6.390473525287429624e+01 4.913463715051459957e+01 4.340063171834906797e+01 4.594142709850174811e+01 6.656720150639290523e+01 7.720225796362463200e+01 8.709806765283103402e+01 9.503425244720358478e+01 7.995238242283561192e+01 7.995241845593075425e+01 7.846594696375071010e+01 6.861756916841434872e+01 5.121436505952391371e+01 7.142415992542917991e+01 7.256832167266483680e+01 6.760284562544174491e+01 7.474327325784837228e+01 5.595744137281888442e+01 6.022721878125842210e+01 7.850274079002244321e+01 6.090040959365670403e+01
6.627795613506052064e+01 7.863032869012830872e+01 8.689064961438337775e+01 7.859323318479987108e+01 6.434835523134920265e+01 4.389089045313333060e+01 5.906626053867328352e+01 6.756209480887086727e+01 6.081610949350885420e+01 4.544709070566974418e+01 3.406749125258424726e+01 5.416641228876462577e+01 5.038261146375695176e+01 4.200096380153461695e+01 5.844365810586054266e+01 5.713973114064425118e+01 4.193458988509071617e+01 3.994470506560034551e+01 6.047288656849518418e+01 6.656720150240795419e+01 7.519180589341091547e+01 8.319691899398095813e+01 7.105768696877561297e+01 7.479777685958787004e+01 7.993371862577299680e+01 5.940926532169898167e+01 6.700711436668609622e+01 4.784013859021072079e+01 4.884082850235654405e+01 6.924722495821384882e+01 5.190462857594606305e+01 5.307319918653823265e+01 5.425512558835934129e+01 7.473595306637963631e+01 5.775955219610042946e+01 5.904351279505581829e+01 7.727877349312507249e+01
7.249718840504610284e+01 9.269069356521843872e+01 8.495134776594618131e+01 7.003747612460495020e+01 4.952505903122003161e+01 6.434835523134920265e+01 7.289249526821858183e+01 6.963245186959527189e+01 5.761784511292996314e+01 3.739337139076729954e+01 5.394752331551917024e+01 3.459860534769715912e+01 5.397296072507207754e+01 5.550126961217363686e+01 3.606005210279777629e+01 3.644966538769071462e+01 3.684176678628935520e+01 3.833167199132235936e+01 6.484982499024607705e+01 7.693260300097652760e+01 7.524048062496653699e+01 7.479711260396290129e+01 5.475404889747767356e+01 6.378374378075496764e+01 6.468898061032734859e+01 6.548196067962400946e+01 4.654228240710808251e+01 6.448213425041829794e+01 5.751983105075778724e+01 5.026546042967100902e+01 5.254188099880224883e+01 5.487429742333934257e+01 7.474008595887455897e+01 8.309012023112775580e+01 8.299813019113585710e+01 7.945411083799314156e+01 6.998823851456199918e+01
9.269069356521843872e+01 9.275056807719879259e+01 7.638583279147594851e+01 5.581480608145048450e+01 7.003747612460495020e+01 7.859323318479987108e+01 7.138673024866953654e+01 5.087614462877327526e+01 4.083765581762037300e+01 5.761784511325888758e+01 5.975377558454658100e+01 3.712901375311753327e+01 3.513356066363067498e+01 3.551518109661217437e+01 4.923874526772712557e+01 5.498833899700034777e+01 5.634202534051959788e+01 3.740824554684799352e+01 4.961972195283345144e+01 5.918334865994187766e+01 5.477875114596699291e+01 6.162702682759839945e+01 6.227793098157653162e+01 4.348150616742407237e+01 4.436960149318453261e+01 4.525883058846274309e+01 6.542170215962899249e+01 7.343935416488349688e+01 5.787908141614425261e+01 7.070264562927874863e+01 7.299056200685878082e+01 7.533371498990270254e+01 5.826046971755005899e+01 7.868683501008652570e+01 9.040824138945437483e+01 9.801650489000843436e+01 8.412532239042089088e+01
9.876531545629754305e+01 7.812998394995959472e+01 6.356855729357725693e+01 6.767448446842431053e+01 8.495134776594618131e+01 9.192944097909165180e+01 7.138673024866940864e+01 6.374278375984885514e+01 4.339427195489857070e+01 6.374278375974199662e+01 6.950105804017368882e+01 5.990371031469183549e+01 4.691418219813606783e+01 3.606117766285109383e+01 5.355606824121579734e+01 5.705149631021425449e+01 4.314253539709375218e+01 3.780959730924377027e+01 5.806234974303566077e+01 3.961116570454753827e+01 4.048466068878241231e+01 4.135891551826863832e+01 4.223236707092009112e+01 6.250796509604683138e+01 6.468863523013804695e+01 6.559945418603619771e+01 5.220405226719906722e+01 7.258792266993575026e+01 7.773654582450166117e+01 6.619918813966894788e+01 8.579773872719512440e+01 8.699486277311369520e+01 7.868683646985672908e+01 6.176253441346234041e+01 7.624405300331548574e+01 9.631536811068886550e+01 1.038200465123735086e+02
1.010324713231203333e+02 8.038506250258168961e+01 7.135342545925473701e+01 8.828575590197930012e+01 9.687062031240000692e+01 9.284272104274781157e+01 7.230000350906097140e+01 5.772825219895047155e+01 4.601400215116574088e+01 6.040221838622650807e+01 8.098237754147912426e+01 6.968373038766755201e+01 4.795375350452489727e+01 6.556095429981638745e+01 6.784729097934490483e+01 5.777877764797412397e+01 6.241113287474486526e+01 4.784280690807371883e+01 3.838060522834087607e+01 5.558713036444902400e+01 6.054826923238826453e+01 6.162702522078589595e+01 4.710669054052115712e+01 5.762906689472308130e+01 7.836779819020537730e+01 7.786657597697912081e+01 5.748282861939240718e+01 7.786662204407627996e+01 9.194823430279457455e+01 7.267626538527602520e+01 9.194823553756697265e+01 9.876986755741565105e+01 7.875586029514209940e+01 6.431579796913287339e+01 7.458434031172902223e+01 8.624149405369144006e+01 1.003212226884403151e+02
