MOVIE_S3_data/elevation_000498.asc
nrows	100
cellsize	150.0
xllcorner	0
ncols	100
yllcorner	0
NODATA_value	-9999
[rows 51 to 67 of 100, columns 37 to 73 of 100]
9.067410397593413052e+01 9.001974012199221420e+01 7.741842094762176885e+01 7.112569654431122501e+01 5.596162646407816510e+01 7.704003326418747122e+01 8.948870842587368202e+01 9.867998902524054472e+01 1.068823691423272351e+02 9.832246970951079845e+01 9.868158470610714517e+01 9.267385217531418107e+01 7.674992417588615012e+01 5.929635576363364891e+01 6.434918112037848914e+01 5.275191173538217981e+01 5.712348754897215031e+01 3.746260479338336324e+01 5.657549733952885163e+01 4.251256782481537044e+01 6.302882982231790265e+01 7.497966840313092973e+01 8.240880975309447365e+01 9.142006426901046723e+01 1.022962643993730865e+02 8.991995058263857743e+01 6.899978328444669273e+01 8.874252022581728738e+01 9.397129261460636940e+01 7.478743050964773431e+01 9.400115951064398701e+01 8.792396278336246951e+01 6.726730085108859214e+01 6.715582516857942608e+01 8.791648267953513596e+01 1.065512487406173108e+02 1.056865030655809505e+02
8.402584560276268633e+01 1.067244195066049883e+02 9.798885720783826514e+01 7.551747015930219220e+01 6.048473960211266842e+01 6.892932202735592284e+01 8.149810474323305698e+01 1.040421431030661381e+02 1.018809412320870820e+02 8.945030449873939915e+01 8.173705826740304303e+01 7.524495473832226367e+01 6.432534534196273057e+01 6.431359276325029839e+01 4.856026897916691354e+01 5.192811849286233894e+01 3.808622836149414326e+01 4.887502475024584214e+01 6.440037191568312380e+01 6.302882981773334592e+01 4.925794331253599267e+01 5.443615478396277041e+01 6.139602484528494131e+01 7.153372493648718944e+01 9.328389456970208471e+01 9.588684357629507815e+01 7.437290493245986056e+01 9.588684357629507815e+01 1.093812951889461544e+02 1.004639033160720203e+02 9.157455632876948926e+01 7.654474250814045888e+01 8.799981204341217733e+01 7.268015725869643973e+01 7.592637992467250285e+01 8.650163403050987654e+01 9.942891853882652242e+01
1.067244195066049883e+02 1.157113516065892611e+02 1.004358258999793776e+02 7.797812150151889909e+01 6.614614561787668379e+01 8.845020038026719078e+01 1.001365040981632291e+02 1.129950718657901518e+02 9.264510271389391960e+01 7.115292649667017599e+01 6.228621301130960575e+01 5.689906078479329210e+01 5.224852965857647291e+01 4.824314232104442368e+01 5.221973530180376599e+01 3.870781003084041316e+01 5.848994355384461841e+01 6.486445123916458044e+01 7.488352356222748085e+01 7.848381393262040717e+01 6.347233896414559950e+01 6.868703400773161150e+01 7.103339355831495538e+01 9.142006426901046723e+01 1.022962643993730865e+02 1.048376450014086316e+02 8.941647709508492881e+01 8.557489693235771711e+01 1.077283765003313931e+02 1.211744873868725136e+02 1.069426808623690732e+02 8.594070515547556965e+01 1.007499815847577054e+02 7.868758304531151282e+01 9.761487619123779780e+01 9.357110707221589507e+01 1.156079322880101756e+02
1.079500786857262824e+02 1.101352147004562454e+02 1.094436737164580364e+02 9.749197844046882722e+01 7.510009639540912474e+01 8.207696944349586943e+01 9.886455358652743541e+01 1.219270130608136071e+02 1.020201077494564004e+02 9.080120582904575599e+01 8.173937128141882624e+01 6.917187501476803391e+01 6.432838255123118643e+01 6.255343189506549351e+01 4.322743464909123645e+01 4.311329632119325339e+01 3.933259326324010630e+01 6.596087602894523627e+01 7.772950484555428829e+01 8.972158135857712580e+01 8.448956287753415495e+01 9.008229137763031247e+01 9.253857784734300651e+01 1.015093643563863992e+02 1.106450033429618145e+02 1.193893941756294907e+02 1.115076900887567746e+02 1.077283765003313931e+02 1.013144944801180287e+02 1.232128574609914011e+02 1.166555752047210035e+02 9.874794073996065435e+01 1.007499815847577054e+02 9.424843818162162279e+01 9.256435059898365125e+01 1.148354815761524037e+02 1.242824520043744627e+02
8.798189083791258724e+01 9.016602262937627188e+01 1.101352147004562454e+02 1.069746184264418360e+02 9.486490102669149849e+01 9.719632204772553052e+01 1.146116931584399197e+02 1.187105929417840287e+02 1.164293807268192182e+02 9.490215607977208379e+01 9.492145250483129360e+01 8.957801617962249452e+01 8.385956854882896039e+01 7.668935753948903766e+01 6.455285003538624267e+01 5.969578992712643384e+01 3.977401967728444276e+01 4.878923071887533780e+01 6.048591559778252247e+01 8.110153051011940306e+01 8.859742528149753582e+01 9.194737823791261633e+01 9.550249549280329120e+01 9.941593421182469115e+01 8.832225777710831949e+01 1.067062888270567527e+02 1.030808857354204662e+02 1.119969746742548722e+02 1.232128574609914011e+02 1.317698585318487687e+02 1.290100154854612811e+02 1.205195876466608951e+02 1.226517690744305611e+02 1.164460958449660382e+02 1.085162571418574373e+02 1.235058656962242907e+02 1.347269902262190442e+02
7.386970613477289760e+01 8.798189401523964648e+01 1.079503805332550854e+02 1.112562660899042584e+02 1.183603739788880631e+02 1.179157458194838739e+02 1.144480060332553535e+02 9.671313702202792228e+01 9.671313702202792228e+01 9.025932399612349855e+01 7.316631744773140156e+01 7.955335491965368533e+01 7.544621124535524359e+01 7.159255053707344985e+01 6.794486302729964677e+01 6.081635316417067116e+01 4.021587064713384052e+01 5.684787891378945801e+01 7.342545582693064432e+01 8.136184371334930177e+01 6.709866520770657417e+01 7.026066915623950138e+01 7.361150161129353364e+01 7.730688834757401651e+01 7.566136370395189203e+01 9.342227955985627830e+01 8.042944642359891816e+01 1.030808857352272980e+02 1.237863323924775472e+02 1.345139545209421783e+02 1.343784209162280945e+02 1.261259214008837120e+02 1.234653020376127870e+02 1.317551422661493632e+02 1.300914389122771126e+02 1.306894321357505078e+02 1.261536861019608864e+02
8.385005751601265445e+01 9.163396018666922771e+01 9.698607766171086553e+01 9.208212973264105017e+01 1.112556985306022739e+02 1.211114408544259931e+02 9.935748182347050772e+01 8.310797204029894658e+01 7.435970407338734844e+01 6.835817202232279044e+01 6.316447462715367323e+01 5.860711140391673979e+01 5.469015017297632397e+01 5.095500812047949779e+01 4.750439798073357167e+01 6.115050037847595377e+01 4.065771543908228836e+01 4.814244389799139867e+01 6.579550046182367851e+01 6.907252894354968475e+01 5.268387269202124656e+01 5.577188725700089833e+01 5.900703313372134318e+01 6.252708111527486778e+01 6.668542649881543127e+01 7.131408643955820992e+01 9.342227955910178139e+01 9.259462150521046908e+01 1.041716571087656007e+02 1.260735289491746443e+02 1.261259214008837120e+02 1.046552150891011621e+02 1.017774925138887738e+02 1.195168180026645786e+02 1.306894321357505078e+02 1.091854546383014792e+02 1.131315080330832075e+02
6.741708090350046234e+01 7.181296080267163973e+01 7.722875598953211806e+01 8.414676562595808207e+01 9.816404102739070936e+01 1.181165828601401273e+02 1.057290689059830555e+02 1.054600852647315605e+02 9.671313702202792228e+01 9.026025675692301320e+01 7.517081008090828220e+01 7.955335491965368533e+01 7.544621124535524359e+01 7.159255067065542733e+01 6.298808845040830562e+01 4.312725424029327570e+01 4.109954015595823051e+01 5.024976162089834730e+01 4.564328189750772680e+01 4.847780055356015083e+01 6.907252895864075981e+01 7.661255918464172510e+01 7.080126214295265186e+01 8.378247795564865896e+01 7.886813055322554078e+01 9.342227955985627830e+01 8.684524299699099004e+01 1.095378593947166337e+02 1.237863323924775472e+02 1.345139545209421783e+02 1.253535752184958199e+02 1.038460078537003426e+02 8.849852532829631002e+01 1.109438393709575337e+02 1.214383983208282416e+02 1.119873488015251155e+02 9.071119086477797566e+01
8.143223931990065978e+01 8.579846767955470455e+01 8.797681487490554275e+01 1.040080058277314663e+02 9.816404104693722843e+01 1.181165848595553598e+02 1.271381258760667663e+02 1.190882115380417758e+02 1.103609985580494310e+02 1.060770948934917328e+02 9.718111036465168695e+01 8.495800323805171672e+01 7.600178256438185542e+01 6.752785716856814702e+01 4.709105804605756163e+01 6.298805245646309459e+01 6.162444551145098615e+01 4.173721379429710510e+01 6.229663028855144091e+01 6.907252895805123671e+01 6.907252895845668661e+01 9.048118004925200353e+01 9.262066117969183665e+01 1.016072664615730901e+02 1.012390062687856300e+02 1.101604447886930274e+02 1.095378593951446220e+02 1.183372891004083556e+02 1.152389747201248156e+02 1.234922728306661099e+02 1.192910660381244412e+02 1.038460078537003426e+02 8.153288150157275993e+01 1.038460078537003426e+02 1.060044648415740767e+02 9.057053136231984070e+01 8.089937132592947933e+01
1.013635696016367689e+02 1.057220853404716365e+02 1.079063907392292947e+02 1.161789125076616784e+02 1.181165848595553598e+02 1.263902063708668635e+02 1.189157885082900918e+02 1.090390883506532873e+02 8.812965532690340353e+01 9.220918282038793734e+01 8.672864126217388048e+01 7.600178256473301985e+01 5.514718951336515573e+01 5.164433923381089642e+01 6.752785716824236317e+01 7.609115855313802967e+01 6.277966236908494579e+01 4.219572552564425649e+01 6.275568618065523907e+01 7.999381674048679258e+01 7.141404680300747998e+01 8.011900710101575385e+01 9.069326459904931426e+01 9.069340318602407081e+01 9.961189237526600948e+01 1.201323883670246033e+02 1.116489877834166862e+02 1.113140208132599867e+02 9.335496469055438240e+01 1.113140208132599867e+02 1.106948756494857236e+02 8.860797408374334339e+01 7.618808239874404364e+01 9.808478340279283714e+01 9.171857944865675449e+01 7.535914304804704500e+01 9.706127500986617918e+01
1.051412047518918911e+02 1.134103444305240060e+02 1.155867991134124964e+02 1.155867991134124964e+02 1.238541650344361926e+02 1.255909984976997009e+02 1.038060704678409110e+02 8.768292024361376491e+01 7.773985805131570714e+01 7.028701658753168147e+01 6.521438224335543055e+01 6.049524470000039145e+01 7.600178256399634336e+01 6.756964678625661236e+01 8.128854547010809029e+01 7.308510750522148669e+01 4.356409858392274259e+01 4.266486648922169422e+01 6.326298982096506052e+01 6.445442369426309881e+01 5.313896033397093532e+01 7.114658924335441270e+01 6.915792843266653733e+01 6.915792991148929048e+01 9.069340318602407081e+01 1.076746690665917612e+02 8.961733272214239321e+01 1.026503245215471907e+02 8.044871632760921898e+01 1.026503245215471907e+02 1.085504100563914278e+02 8.661777696513868818e+01 7.173526579876913445e+01 8.678435261564710856e+01 7.049566736916791854e+01 9.171857944865675449e+01 1.060044648409674295e+02
8.517341948569487897e+01 1.018826680938410760e+02 9.561569975294031565e+01 9.561569975294031565e+01 1.155867991134124964e+02 1.220882713824146890e+02 1.189157885082900918e+02 1.090390883506532873e+02 9.220918282038793734e+01 9.220918282038793734e+01 7.239738781517563382e+01 7.522754289424467800e+01 9.065828077868781065e+01 9.136132196303267961e+01 7.968855946103104770e+01 6.697287586176034324e+01 4.616393471171430463e+01 5.997416531424934050e+01 4.333801238683648194e+01 4.382195403843576287e+01 4.431368601765606030e+01 6.494694080171758799e+01 5.464562760498377259e+01 6.915773621896160250e+01 9.069006104465348983e+01 8.869457730015427899e+01 7.694958416263553147e+01 8.503230803277745053e+01 7.291268527907578800e+01 9.481303213196224533e+01 1.044804336073684965e+02 8.304235506145866452e+01 8.288124252472763942e+01 6.592931441013635663e+01 8.678435261564710856e+01 1.006697990622406422e+02 9.700045158808312351e+01
7.364136644586815805e+01 9.148163952611724881e+01 8.149817972436233049e+01 1.014650993278722240e+02 1.162362620309327639e+02 1.021128403419358506e+02 1.162362620309327639e+02 1.229545103903185037e+02 1.099689399276735173e+02 8.782028888904800112e+01 9.430747858412694029e+01 9.718141028833598227e+01 9.620773453856597257e+01 8.369581843286736955e+01 6.838730487149271653e+01 5.019967578939593267e+01 6.697287586173800378e+01 7.021136385151355341e+01 4.983893019055745555e+01 6.445249318983216824e+01 6.494957933873894262e+01 4.502217039211949867e+01 6.552466085441542987e+01 7.510500733270792750e+01 7.803061773671799983e+01 6.749906113376270866e+01 7.787493526308593061e+01 6.354061034395743945e+01 8.503230803277745053e+01 9.099227044910259110e+01 9.741359063904846494e+01 8.306653909746451347e+01 6.241906703559546088e+01 7.955124312521316199e+01 8.838668587159115475e+01 8.549275962451426381e+01 7.547153126791647537e+01
6.547655104372756796e+01 7.150847960609323195e+01 9.148163952611724881e+01 9.278829504485605639e+01 9.855149049471101819e+01 8.799760307829457417e+01 1.021128403419358506e+02 1.220882713824146890e+02 1.186925799195076081e+02 1.099689399276735173e+02 1.141835498616590314e+02 1.053691135139880402e+02 8.723825059965713535e+01 6.583843435266126676e+01 5.420308169120962560e+01 7.082381451890618962e+01 7.969693533690204390e+01 7.815992608757029814e+01 5.700292290017820562e+01 7.815926327536087115e+01 6.565087229896870724e+01 6.565120581125459864e+01 4.573972853991929810e+01 6.635532588783262042e+01 4.689101814990156214e+01 5.542144072526465948e+01 5.624050876296085022e+01 7.636042288561667135e+01 8.362960857021413119e+01 6.950950326018816838e+01 7.578908729579488579e+01 9.189439273845049172e+01 7.955124298116164994e+01 5.906738692216379150e+01 7.616857156281874097e+01 6.464324126413539773e+01 8.549275785339280276e+01
7.879850854303133190e+01 8.039387248419588161e+01 8.524033352433913535e+01 7.281826595644200495e+01 7.858719582851371399e+01 9.855149049471101819e+01 1.079635086365678802e+02 1.279385664665213795e+02 1.244955338825969875e+02 1.118598408745267392e+02 1.019468052391060269e+02 8.320420668746540116e+01 8.727154287355075724e+01 7.791682387095204376e+01 5.711838379860230219e+01 6.878627555767904767e+01 9.038896521545305518e+01 8.724571537022671919e+01 6.898387496902772398e+01 8.723295864679518274e+01 8.688346833333069696e+01 7.294440796166777830e+01 5.236782561188983465e+01 4.646069681773663262e+01 4.698408235524372856e+01 6.755280721201590666e+01 7.007400888146048601e+01 4.899503786836950781e+01 6.984803091817116183e+01 5.705330029164736771e+01 7.257356409636990691e+01 7.496472020222546462e+01 7.288998909671917659e+01 7.212928580416010504e+01 5.583922169703357952e+01 7.517804134965298601e+01 7.635182313198701820e+01
7.603114098469761473e+01 6.040132551502478009e+01 6.525785254115503164e+01 8.524033352433914956e+01 8.175383849745449538e+01 1.017184863178145804e+02 1.206640759090889645e+02 1.306506897531573941e+02 1.158752086369383676e+02 9.354453346637176026e+01 8.051206974018306539e+01 7.100493099468700109e+01 6.582089993245715220e+01 6.178103897602942851e+01 6.715599847853016513e+01 7.791682387093912610e+01 9.935907967431536747e+01 9.985341658035130763e+01 9.089529727126183900e+01 9.764174913129477318e+01 8.248198019301193540e+01 7.025278664854234023e+01 4.972561538143918369e+01 6.706110840016391705e+01 6.750487459918794286e+01 4.772499594764029496e+01 4.824981816761476239e+01 5.239609193766462170e+01 4.973803857743190093e+01 5.025636513044875642e+01 5.100005999446572957e+01 5.170999481609901238e+01 5.239666703373901413e+01 5.307946670208597340e+01 5.377470518201295135e+01 5.453558920822401035e+01 5.531203794077080715e+01
5.602944692179832487e+01 7.603114098469781368e+01 6.630525691158071311e+01 7.233682501274152798e+01 9.230706475478068285e+01 9.242325339109052607e+01 1.024042802722285188e+02 1.223806861339329117e+02 1.197977800704364739e+02 9.769130972672326152e+01 8.170078773407850292e+01 8.320420668746540116e+01 8.727154287355075724e+01 6.778649918028534671e+01 8.220142980356429518e+01 9.766598397176893798e+01 1.085158638219103011e+02 1.081987102160826026e+02 9.559332873581956846e+01 8.600086200947720272e+01 6.730930901150858858e+01 5.297994091942840811e+01 7.025278664836454823e+01 7.911991047498726459e+01 6.232798610624649882e+01 6.313001608170743140e+01 5.334082114288232646e+01 6.101920840801243173e+01 6.997891767540843944e+01 7.049886746982666352e+01 5.119753974578421207e+01 6.496885683401109191e+01 7.252310354314487029e+01 6.450695383302743835e+01 7.601660832910521037e+01 7.549302739553212405e+01 6.336426023758011183e+01
