MOVIE_S3_data/elevation_000197.asc
nrows	100
cellsize	150.0
xllcorner	0
ncols	100
yllcorner	0
NODATA_value	-9999
[rows 68 to 84 of 100, columns 37 to 73 of 100]
1.139526498362772884e+02 9.580999155852786942e+01 1.065983574182540110e+02 1.148019791480751053e+02 1.137642732722649725e+02 1.055427701890039884e+02 9.083817992182532919e+01 7.041852782605559469e+01 5.839874754192485540e+01 6.557823902326815357e+01 8.263147592853546541e+01 9.439648216872862463e+01 9.647399393620112562e+01 8.631539000537513573e+01 7.176239572122669585e+01 5.114669179274398658e+01 5.636603433266533614e+01 6.228722716483621724e+01 4.631769479737346273e+01 5.256642835252625190e+01 6.773456629396468998e+01 7.504109831906768591e+01 7.865403785618572385e+01 7.022778817954859676e+01 5.090365289426357975e+01 7.146361013008626628e+01 5.275869048887931712e+01 6.318473821738977847e+01 5.469937211700445800e+01 7.505991629270550902e+01 7.594462980814923014e+01 7.224550992306136266e+01 7.884888103522493452e+01 6.332001293297180666e+01 6.067228400692686563e+01 6.155442372268547757e+01 8.116739408901749186e+01
1.238751991313539378e+02 1.156856719500211170e+02 1.238751991313539378e+02 1.156204550163847671e+02 1.066959987765819164e+02 9.846833706648160955e+01 8.436002500715453323e+01 6.379121519535189577e+01 7.308460903877713122e+01 8.609124526798095189e+01 9.439646469330551781e+01 1.024472044069502772e+02 8.227248008056561446e+01 6.774112302869974656e+01 5.740181052380426507e+01 7.176239571051125665e+01 7.083888782106403426e+01 5.111021512203866024e+01 6.994743904406485058e+01 4.702260782726015975e+01 4.751972319332592321e+01 4.943225058074222744e+01 6.945614438590736484e+01 4.998014737141279085e+01 7.051059097527365793e+01 6.841873174251617229e+01 7.797155491463841770e+01 5.372721146452375507e+01 7.458829895300752355e+01 5.570350171709709741e+01 7.605817236197262332e+01 5.777786254352867701e+01 5.853158961480159661e+01 5.941741387728388446e+01 7.971442199749341739e+01 7.079136959932051809e+01 8.833686559084276269e+01
1.044346653235562883e+02 1.126167628885820449e+02 1.214329093607491501e+02 1.016209564633843030e+02 8.739884642010599691e+01 7.822987360237100063e+01 7.167400122863138279e+01 6.937640054075481544e+01 8.982519528652004226e+01 1.017136090939295485e+02 1.083692541157198690e+02 1.001439235176184610e+02 8.544247613813264763e+01 6.495449045722072867e+01 7.796132152794704950e+01 8.525647524743219208e+01 7.574127518800924008e+01 5.461924963410442047e+01 7.574127477450313961e+01 7.410558506256951716e+01 6.821302280228285042e+01 4.823905175131883283e+01 4.898942004328664979e+01 6.954909227104410263e+01 7.890375618533190050e+01 8.676158834720982327e+01 8.007977751526412646e+01 8.200285475177146566e+01 8.236384343622457038e+01 6.998559796262563282e+01 5.671755066258950251e+01 7.688548294940109429e+01 7.882368720203896828e+01 5.863607950650187917e+01 8.063750642956864567e+01 8.076965367373573201e+01 8.896711510245334864e+01
8.484557113970272724e+01 1.039192204683017877e+02 1.178179625743406547e+02 1.156204550163847671e+02 9.846833706648162376e+01 9.206837297761256877e+01 9.206837297761256877e+01 7.594879192027445924e+01 8.982519528652004226e+01 1.098696062090474044e+02 1.001439235176184610e+02 7.992757059566349653e+01 7.339942647354008898e+01 8.544247613813264763e+01 8.525647534381870685e+01 6.498727771278421983e+01 6.014844709543319112e+01 6.980080558400476320e+01 8.406880719851861272e+01 8.422683913423759350e+01 6.353521059556614148e+01 4.895522269479801736e+01 6.900836469960225372e+01 6.938858470817079649e+01 8.919029316383594619e+01 1.003705783441591137e+02 1.037969605545518448e+02 9.518857561107125775e+01 7.498350292616450474e+01 6.063040765704940327e+01 7.706817318301833097e+01 7.333906558400741460e+01 8.876788899559964818e+01 8.058897699979435458e+01 6.249190799833750987e+01 6.401666668761224344e+01 7.691876139229958653e+01
7.612626388380878950e+01 9.002047836226277866e+01 1.089499163562509807e+02 1.170987623717048223e+02 1.183661144759309707e+02 1.120738847770405329e+02 1.029513206471415288e+02 8.282542581021358785e+01 1.029513206471415288e+02 1.127629382199121153e+02 9.281052407671241156e+01 1.001439235176184610e+02 9.375095139610077410e+01 9.210776568323650793e+01 7.213233907761399166e+01 8.525647534381870685e+01 6.673183378892647966e+01 8.692065154126760262e+01 9.833680880043458217e+01 8.506492267192159318e+01 6.974696982298506498e+01 4.965401150626294680e+01 6.937313803852131855e+01 7.983842213551160683e+01 7.266911040317917525e+01 8.422487564581945207e+01 1.039007600402612752e+02 9.798708443489806541e+01 7.779848757119522418e+01 6.344477580596694821e+01 8.371159068993750907e+01 9.337851455913833831e+01 1.014000478737565487e+02 9.089691525055746979e+01 7.412125777052119702e+01 8.409378762865580370e+01 6.602008207721303279e+01
8.187682314113141047e+01 9.513145179496648041e+01 8.940765636251049386e+01 1.089499163562509807e+02 1.144751944659475384e+02 1.226382597816898254e+02 1.111580650424495502e+02 9.299823255799176991e+01 1.111580650424495502e+02 1.127629382199121295e+02 1.127629382199121153e+02 1.185398872265452468e+02 9.965738310150673840e+01 7.968220584329189649e+01 9.210776568323650793e+01 9.357795810611236220e+01 7.360603841158086880e+01 9.357795810611236220e+01 9.710661035321037104e+01 7.684438126326487861e+01 5.661367909175759650e+01 5.030783259982495537e+01 7.078766825496607851e+01 6.084733944216883827e+01 8.027737443524945604e+01 9.940322493929660652e+01 1.118139739362200373e+02 9.453230869197712138e+01 7.428859894986702272e+01 8.371159068993750907e+01 6.794961816616662986e+01 8.825100144761421461e+01 1.012838396190835510e+02 1.025532028937819717e+02 9.431178236727765807e+01 8.025899077658600334e+01 8.616748283574503375e+01
7.833341343194666706e+01 7.552133395586859876e+01 9.450494301747906434e+01 1.006794105658189267e+02 9.496500977081727513e+01 1.144751944659475384e+02 1.210900072230704581e+02 1.129044087362912592e+02 1.210900072230704581e+02 1.325438936420128755e+02 1.243936919764340132e+02 1.045293688940177930e+02 9.034668849887653153e+01 8.965306857120063455e+01 1.078894403160394830e+02 1.018246483628978609e+02 8.358096267142772717e+01 1.018246483628978609e+02 8.882390779044581564e+01 6.868190136234574084e+01 7.413046020414792281e+01 6.991549970465452191e+01 5.117524958115205180e+01 7.206813268870756417e+01 6.654242998967082201e+01 8.120800957996220859e+01 1.044100779550734330e+02 1.027770436381698858e+02 8.448834144345889285e+01 9.652723644509362089e+01 8.825100144761421461e+01 7.272775141559731082e+01 9.303481956163510347e+01 1.067519869961888901e+02 1.086468452076908733e+02 9.459695621076089367e+01 9.657875974914222184e+01
6.406506696792483524e+01 6.939379525339316501e+01 7.490025773790364383e+01 8.115401865900042822e+01 9.244186755349173268e+01 1.061917051863904504e+02 1.257906512537986572e+02 1.183760012053009234e+02 1.103358982914664921e+02 1.183760012053009234e+02 1.216798781912412579e+02 1.184733008748172409e+02 1.045293688940177930e+02 1.038399728688822989e+02 1.178632432081674182e+02 1.118024513852646038e+02 1.035749535407969120e+02 1.118024513852646038e+02 9.710743921308127824e+01 8.873040859732353169e+01 8.395639287706727316e+01 6.749579507529591638e+01 6.046532457996771370e+01 5.203486629206646086e+01 7.819215340442366369e+01 1.002477669482829015e+02 1.128124122090391808e+02 1.127794618060521117e+02 9.876268775342701645e+01 1.057350333879639663e+02 8.565961833773373257e+01 9.303822588761883594e+01 7.830183572723639429e+01 9.271297629630781501e+01 1.126376556217743001e+02 1.145185109364646223e+02 1.013142890272573737e+02
7.806952159584676565e+01 8.021420922184425706e+01 9.450494302290793769e+01 1.006794105658189267e+02 1.037236723281407507e+02 1.037234358778939622e+02 1.117652668088325356e+02 1.086293751973560404e+02 9.080837982967308619e+01 1.086293751973560404e+02 1.021446809918865455e+02 1.159457333727702348e+02 1.243936919764340132e+02 1.237165845108824982e+02 1.285668375357022342e+02 1.212412123278326845e+02 1.156187960229904519e+02 1.099954679612894921e+02 1.056712275090327466e+02 9.752810590333373852e+01 8.861751283557843806e+01 7.159516400602889519e+01 7.015762003116461187e+01 5.264986907555176998e+01 7.516560781810221670e+01 9.025494268787306851e+01 9.922224147722108967e+01 1.100924508521012228e+02 1.186115192699255942e+02 1.139300565839767074e+02 9.992944473569079378e+01 1.027513114145438777e+02 8.259667650058678134e+01 9.435881113653988450e+01 1.142156807052311791e+02 1.153626828694886370e+02 9.549525388310630092e+01
9.766718737686491636e+01 9.980695193225277251e+01 1.079380645063069011e+02 9.799592477759483700e+01 8.422658338071840944e+01 8.422658274635728048e+01 1.037234358778939622e+02 1.005721390605697962e+02 8.107592728519290404e+01 1.005721390605697962e+02 8.833901013150618553e+01 1.014679780330850889e+02 1.096425217714403146e+02 1.204895994417405802e+02 1.127738933365016152e+02 1.006933673248713035e+02 9.606207034502523356e+01 9.031063828247890513e+01 9.083572772679802654e+01 7.725446897006038682e+01 8.128041172006311399e+01 7.481695289551895200e+01 5.354120065395089512e+01 6.761616001838852696e+01 6.178973806848064498e+01 6.868726263243485164e+01 7.934325134427987791e+01 9.494099362593635760e+01 1.166666531088558401e+02 1.279306324136697839e+02 1.189279876489082710e+02 9.911568644467472211e+01 8.791773513620869096e+01 1.079144382673457159e+02 1.223875305181601476e+02 1.235261729566861959e+02 1.153626828694886370e+02
1.090731221388692660e+02 1.070490017493582968e+02 1.029252771200827539e+02 8.343412883087852094e+01 7.042824402318181853e+01 8.993707881678625427e+01 8.887896569934488866e+01 9.407340180211085112e+01 7.458936254897535889e+01 8.576537954957211696e+01 7.860131941211014350e+01 8.189074763725531625e+01 9.167227015110066191e+01 1.119810852700181272e+02 1.106118101156599067e+02 9.210965786143930245e+01 8.243289821779652016e+01 7.575916893610168756e+01 7.025720876478263222e+01 6.517850876977436769e+01 6.076894723911689056e+01 5.353831998039041906e+01 5.417995154753455012e+01 7.459709785125873793e+01 7.762346555361006040e+01 8.789277905666379809e+01 9.922224147722108967e+01 1.050720462431018518e+02 1.050705694673160195e+02 1.131020915921522487e+02 1.271037252481271338e+02 1.160879976463834566e+02 9.956975108286859211e+01 9.746861874293345807e+01 1.114681717534966339e+02 1.311405598846386340e+02 1.235133252247511706e+02
9.316271390843034794e+01 8.741061256636359644e+01 9.722446768699182940e+01 7.772198344695569006e+01 6.385245963452059215e+01 7.603294992835239441e+01 6.932610282118245948e+01 7.781108752335465795e+01 8.064369804858712598e+01 6.625515002855412661e+01 7.215875436162880874e+01 9.165587285285262453e+01 1.074896896748956721e+02 1.201533162439259570e+02 1.184519503492540338e+02 1.101453384554892097e+02 1.023215971386639325e+02 9.212868850509474328e+01 7.152599146727882840e+01 6.595610470988371787e+01 6.076894752991899651e+01 7.700253805015171338e+01 7.359370208322765450e+01 5.513170217798479200e+01 7.582895752571202763e+01 8.442605207387387622e+01 9.580121760927956132e+01 8.538241269044868886e+01 8.538240378103685657e+01 1.050705694673160195e+02 1.202872009099372406e+02 1.274839415010351900e+02 1.193134929479759165e+02 1.114681717534966339e+02 1.114681717534966339e+02 1.311405598846386340e+02 1.235133252247511706e+02
7.355265773514065586e+01 7.355265744522245086e+01 9.316256108828667948e+01 8.968339054175412173e+01 7.600693379335646682e+01 5.628526720713617948e+01 5.529719808672684422e+01 5.815550231337983433e+01 6.106996248891009316e+01 6.634622520369305221e+01 8.585737942939620382e+01 9.971690980712776309e+01 1.086878206954405925e+02 1.173918344927906219e+02 1.255443159501491834e+02 1.060314310397476447e+02 9.204304135659734243e+01 8.018189807971756977e+01 8.691028322042076582e+01 6.624729574822482903e+01 7.531860845336036903e+01 8.949707641022634164e+01 8.375167061237286248e+01 6.984638067992959520e+01 5.609636266976293939e+01 6.920953984047493179e+01 8.265597791880600198e+01 7.089164064024629397e+01 8.124034448518700913e+01 9.285442115965363996e+01 1.122631697285418539e+02 1.170201542801588062e+02 1.250572008263814752e+02 1.311405598846386340e+02 1.311405598846386340e+02 1.393272724529774962e+02 1.316487385965072008e+02
5.955682748733720189e+01 6.999100504174612070e+01 7.814302507220192240e+01 7.601153853411993566e+01 6.217023907961718976e+01 5.132637106544056849e+01 7.124346187366818128e+01 7.778061952674028134e+01 7.304036372690644896e+01 8.584849403925062461e+01 7.467980961095389603e+01 8.116612784550551396e+01 8.986732610797105281e+01 1.036856847719582930e+02 1.231476918860526126e+02 1.109113525231566939e+02 9.119169969146736321e+01 1.003707547113983480e+02 9.104042430436365407e+01 7.039033828820072358e+01 9.104042430436365407e+01 1.039058537271229596e+02 9.852745542270898227e+01 8.515885359705265500e+01 7.680579740141479306e+01 5.707231466570411271e+01 6.231828127894033287e+01 8.293713535650078938e+01 9.924224768659459528e+01 1.038698799811224376e+02 1.119977800341082030e+02 9.723828938781440456e+01 1.137001777890207848e+02 1.225284661738666614e+02 1.337471764032367787e+02 1.389164050088966178e+02 1.308039901222938681e+02
6.999101027407188269e+01 4.997839712247392896e+01 6.999081486235887439e+01 6.794111600385652139e+01 4.786793936360209756e+01 6.473029677102731227e+01 7.165780620222864172e+01 8.002004989749107722e+01 9.169369222582591306e+01 9.980922667857188912e+01 9.416173197727577815e+01 1.006569696728998906e+02 1.086878206954413031e+02 1.173918344927908350e+02 1.247073107753818135e+02 1.051968795091521116e+02 1.109113525231566939e+02 1.114051112480235872e+02 9.541071860979548092e+01 7.493027161580529594e+01 8.700260653660859589e+01 1.068671041808376856e+02 1.069824489990792102e+02 8.566770742083315326e+01 7.867463736218438441e+01 5.777269562285433580e+01 7.794565615722933671e+01 8.869409341830409232e+01 8.821273732256774736e+01 8.355125691804754240e+01 9.651937838263744140e+01 8.529623852280241181e+01 9.461096703694450127e+01 1.062670607691379843e+02 1.257195896726775857e+02 1.277158841767374611e+02 1.114808441166937030e+02
5.625162137526237416e+01 4.440251730778474837e+01 5.789573734047853293e+01 5.952957625271944408e+01 6.163532054030463314e+01 4.448461555001057377e+01 5.167408354045890206e+01 6.347676764084803125e+01 8.074719788496452111e+01 1.039063326953456254e+02 9.846139756477096228e+01 9.779118189847599751e+01 1.059411953106937716e+02 1.172684090655456401e+02 1.328586887472805529e+02 1.247073107753818135e+02 1.218998781477894795e+02 1.032660939319208495e+02 8.323914611186512502e+01 8.700281232845273394e+01 1.035500643380672017e+02 1.149353160145475243e+02 1.009481210462577252e+02 7.935084659274305352e+01 6.508470388296269959e+01 5.847746834601770161e+01 7.897766505404078430e+01 7.867654048076470019e+01 6.807801006229504992e+01 7.173790245388344999e+01 7.597321465216947445e+01 8.384882084848372585e+01 9.427113559676976706e+01 1.084752650338865152e+02 1.279030166846669943e+02 1.191092713424991132e+02 1.004993846813074043e+02
6.396042673846253024e+01 5.571296638256056610e+01 3.736363749561238734e+01 3.906154785221264092e+01 4.129143981511099781e+01 5.981026852192706400e+01 7.162149828420820086e+01 8.013839124612397313e+01 8.904377754619436303e+01 9.469932252044645793e+01 8.014263361182577228e+01 7.839331331838680228e+01 8.952251515872370646e+01 1.090863907204051770e+02 1.205026177077983505e+02 1.275599230307548879e+02 1.080347328441616526e+02 9.413333486300193442e+01 9.497736163890265004e+01 1.068961321827484312e+02 1.150365096040876693e+02 1.082010095510517829e+02 9.795602736856722004e+01 8.424558556435850676e+01 6.361284416581134593e+01 7.920568544118479792e+01 5.950371638623642667e+01 6.308630690077541203e+01 8.406012335912548394e+01 9.213891748609360377e+01 8.798801662561464809e+01 1.042183286729809311e+02 1.123299711219742818e+02 1.222066762314063482e+02 1.222313517989585279e+02 1.110843498599672188e+02 9.189036559074129684e+01
