MOVIE_S3_data/elevation_000974.asc
nrows	100
cellsize	150.0
xllcorner	0
ncols	100
yllcorner	0
NODATA_value	-9999
[rows 34 to 50 of 100, columns 37 to 73 of 100]
9.344964876396015541e+01 1.143207676311770342e+02 1.048085087312979624e+02 9.321531060341787622e+01 7.509389695499510253e+01 9.104581448718816716e+01 9.910781268017173318e+01 9.030176034033878807e+01 7.379812892945365377e+01 7.867515651186823789e+01 5.872111335252186137e+01 7.867515651186823789e+01 9.160333770372716344e+01 7.139911528911254379e+01 5.693565661533544642e+01 6.669855210949508262e+01 4.599504301288629904e+01 5.809917808848974374e+01 7.844551531283241275e+01 7.437456430068864677e+01 5.450129894291782051e+01 6.032197739163037653e+01 4.341456873267828342e+01 6.330019229770903166e+01 6.434729785622747045e+01 8.238238965028217820e+01 9.439318659445969217e+01 9.836725500832950786e+01 7.831761691035659112e+01 6.385040627617590303e+01 7.331814500362912668e+01 5.563396089121118138e+01 7.030412691301849293e+01 9.049164625988919397e+01 1.037628354771127022e+02 8.336734698938678889e+01 7.839517486540115954e+01
1.143207676321623012e+02 1.108156327596563671e+02 1.025738271858884758e+02 1.031262409631330996e+02 9.510674636654381686e+01 1.031262410943162848e+02 1.119380685252627075e+02 1.016875817959497823e+02 9.357190431371151362e+01 8.683387208739486596e+01 6.874349283219142137e+01 8.683387208739485175e+01 8.899334127950787376e+01 6.876896991107442147e+01 7.731679502575190099e+01 7.007185037071653255e+01 4.955287810414775862e+01 7.007185037071653255e+01 8.677780865965641510e+01 8.266873066392618341e+01 7.437457418689477606e+01 6.574230313971636974e+01 4.602834673152446499e+01 4.863850339857213356e+01 5.277278342871799310e+01 6.497286267705118235e+01 8.601061350354601132e+01 1.005457747676768747e+02 8.051373288681000417e+01 8.419002683366748840e+01 7.831497391695394583e+01 5.777608418539281132e+01 7.242034209859234295e+01 9.254693601160872163e+01 1.085411345616587226e+02 9.307988428769833433e+01 7.253726659459823622e+01
1.035730958216256568e+02 9.538094425424863232e+01 8.308958632416469925e+01 9.536890312143404458e+01 1.035603089881564074e+02 1.062641912742395647e+02 9.232824271955907136e+01 1.021331556233824216e+02 1.103459366241560389e+02 9.672782903561905243e+01 8.860682019154522493e+01 9.672782903561876822e+01 9.730145034021127515e+01 8.048472739100878925e+01 8.786317976610330049e+01 6.764386824116968455e+01 5.319193872096013820e+01 6.764386824117092090e+01 8.786317978811021590e+01 8.080682284297206763e+01 6.082650175237582602e+01 4.959939054023304550e+01 6.574231309373841725e+01 5.945935431455073683e+01 7.382264393979797035e+01 6.330603005663069638e+01 7.574744206976581040e+01 9.627704345577797085e+01 1.005457747676768747e+02 9.463966038837244810e+01 7.457248128422425282e+01 5.999415044561330745e+01 8.044899982164834285e+01 8.031444773687597660e+01 1.002970888714090165e+02 1.014392776099071227e+02 8.421511189711596046e+01
9.229534900826979538e+01 7.594837068060532204e+01 7.191498013205378470e+01 7.592452970324708872e+01 9.536890312197203912e+01 9.648303906208349190e+01 7.859891476817344369e+01 8.262014182400018569e+01 1.021331556234001283e+02 1.120474445803674683e+02 1.038478439557138984e+02 1.120474445803674683e+02 1.089032730043114583e+02 1.006163240021909644e+02 8.900317780791206701e+01 6.879023271577639775e+01 5.704590693544891877e+01 7.141822347452290387e+01 9.161331391495598098e+01 8.912260073090361345e+01 7.185932908187140811e+01 5.212195509855823161e+01 7.185932908200295799e+01 8.039505861482797400e+01 8.883662494050126668e+01 7.574744042457191995e+01 9.282007451971888656e+01 1.046226123572347291e+02 1.103962012456363908e+02 9.047945151686013787e+01 7.632500761960858426e+01 6.457149038372912742e+01 6.369285700944767825e+01 7.812573739793549521e+01 9.813130452099058232e+01 9.923206990551908291e+01 7.866694793234523786e+01
7.445279389033785833e+01 6.461092032253303330e+01 6.200910493298980697e+01 8.161965482137627248e+01 9.483739109679228818e+01 8.833537124432321264e+01 6.877948416071518523e+01 8.833537124432321264e+01 1.046811540730074341e+02 1.024263590247554845e+02 8.483490522537046274e+01 1.024263590247554845e+02 1.135652375185642740e+02 1.106905448976287545e+02 9.730949966918349503e+01 8.155601114218147529e+01 6.130425711631598062e+01 7.302228823328044882e+01 9.321329342459758038e+01 8.615243723423731126e+01 6.602858631307987025e+01 5.466960390409201409e+01 7.453425796478050813e+01 8.728960369677432141e+01 9.734349183594203225e+01 9.627478962679019503e+01 1.045984497584187096e+02 1.173956482697427930e+02 1.074253395018885300e+02 9.164987022585863485e+01 7.170037837374374590e+01 8.477344281008628002e+01 6.641953842563810895e+01 7.814715425486559752e+01 9.810812660206862290e+01 1.075558443650920850e+02 9.071642932174228235e+01
9.229534900826979538e+01 7.541823855598093473e+01 5.554168732735624303e+01 6.716641939555184138e+01 8.669043315697925323e+01 8.269007290834720436e+01 6.296919449184495221e+01 7.696971483632705713e+01 9.391344847417521180e+01 8.591836068519342007e+01 7.550694292275655073e+01 8.628066890187125182e+01 1.053525033336962480e+02 1.024122012486009510e+02 8.229200778945988759e+01 7.215446325313527609e+01 6.742478677230469941e+01 8.765593048549048660e+01 1.015097461817959186e+02 9.446094863843350709e+01 7.453414765311299561e+01 6.202900048825762269e+01 5.888614140843738909e+01 6.852332300062236925e+01 8.242040550051338244e+01 1.018975293603877077e+02 1.230941041432362084e+02 1.042844496430265195e+02 8.964268453949189563e+01 7.935817679172012618e+01 9.164987022585863485e+01 8.926500882849924778e+01 6.920635284898172301e+01 8.926500882851979668e+01 1.063388542106277015e+02 1.086183698703332823e+02 8.825303471616673789e+01
9.016426859798595217e+01 7.144292454877539456e+01 5.140837427033458340e+01 7.144292454877219711e+01 7.929363287348395772e+01 7.112713110915311177e+01 5.786171713633051183e+01 7.775982688745529003e+01 8.591835521518761709e+01 6.688521263933301952e+01 8.591835521518761709e+01 9.738094677825614554e+01 1.083669740317198347e+02 1.106905448976287545e+02 1.006501458151466863e+02 9.235210451903030560e+01 7.914075100697934317e+01 7.914075100697934317e+01 9.928788197092309531e+01 1.029494589024882600e+02 9.045580164516255195e+01 7.097884268540980202e+01 6.220330803424734967e+01 7.383812185303638387e+01 8.813737840437752880e+01 1.082238942848626948e+02 1.238944489626780694e+02 1.039992155904892144e+02 8.992703683089649758e+01 9.919002121322839116e+01 9.680305979825554630e+01 7.685915239821866862e+01 7.248866103405769934e+01 8.404489358028939705e+01 1.039636512040453766e+02 1.122581890608299915e+02 9.199476539164275835e+01
8.201030301186824545e+01 6.765674729929519060e+01 4.751374232410280740e+01 6.305907019818963022e+01 6.491677920748301744e+01 5.100327175849129446e+01 6.913338754282057153e+01 7.571924316996768312e+01 7.500086820826133760e+01 6.168168821831460491e+01 7.052849728525920625e+01 8.144962916564389843e+01 1.002946419375801952e+02 1.063161760398271127e+02 1.142524094597178106e+02 1.075711215486276728e+02 9.928788197092049472e+01 9.081282239341371110e+01 1.075711215527478970e+02 1.053703274853634895e+02 8.526891542001598623e+01 8.599974704302380246e+01 6.578129568364047941e+01 7.747625526277820995e+01 9.176736993985755930e+01 1.118282076298791026e+02 1.260634741949753277e+02 1.061760933949835390e+02 1.098263945319144312e+02 1.049345343192197504e+02 8.501645632199658564e+01 9.583223512409719547e+01 7.590283189865409952e+01 9.583223514943566101e+01 1.122027569890627205e+02 1.161381497434957737e+02 9.598054762649847760e+01
6.607535022908898270e+01 6.397915176389359004e+01 4.377859397573852362e+01 4.279466751235735700e+01 4.465740399820123940e+01 4.677594268839585823e+01 4.893007324855857121e+01 6.686628935639421911e+01 5.534454874609964037e+01 7.425427229067969392e+01 8.103442537386011679e+01 8.659699177316036867e+01 9.362488661462110429e+01 8.871188197252018881e+01 1.063161760398271127e+02 1.112149183216765067e+02 1.151923389877871529e+02 1.108650286523923398e+02 1.191326377736860991e+02 1.136579104192355345e+02 1.053703274853634895e+02 9.122156001927440627e+01 7.099917510500826268e+01 7.441727078547461360e+01 8.872907653900922753e+01 1.088091727037323437e+02 1.236852865860656152e+02 1.260634741949753277e+02 1.143216072026795729e+02 9.440847011180443360e+01 1.049345326600255248e+02 9.935233487526720353e+01 7.943964386965521385e+01 9.093523027265776193e+01 1.108503135887426083e+02 1.177410024071883754e+02 9.764397988645656312e+01
4.588106160243187048e+01 5.815449855443927873e+01 4.019243414556405014e+01 5.856139212564660568e+01 5.654721265303130195e+01 6.701551508517620448e+01 6.841585084210828427e+01 5.208445660062605498e+01 7.205600740428155859e+01 5.922054807943109722e+01 6.199644394183160756e+01 6.901205475653571852e+01 7.694672583263771060e+01 9.101265171478013372e+01 9.438594002447111109e+01 9.235975350748238100e+01 9.611600149231037449e+01 1.097626113605715119e+02 1.208311794015885994e+02 1.128712323185522024e+02 9.281779331454151816e+01 8.115363268741191405e+01 8.008565296622060714e+01 9.461040055976839369e+01 8.525398648084559738e+01 9.534050750946455821e+01 1.153744508218162821e+02 1.283862569063674641e+02 1.084952747289417090e+02 1.059122732581876249e+02 1.146832361714546380e+02 9.476677639979075707e+01 8.327213801832762385e+01 1.031844639453855166e+02 1.190864968354490685e+02 1.259749086685376511e+02 1.109061001829252575e+02
5.600782557387467619e+01 3.790277582917395449e+01 4.508418999763947710e+01 6.501624588767072055e+01 7.666240125067636768e+01 8.488539021879651614e+01 8.090712658917425415e+01 7.376311268351425099e+01 8.161820668937266987e+01 7.906835627971931046e+01 8.005057298261786514e+01 6.631763126258229590e+01 6.943426276734351177e+01 7.260525028680638115e+01 7.613054733232938531e+01 7.966515463245960404e+01 8.337792957666172811e+01 9.368758795919802651e+01 1.126440925448591344e+02 1.211906090468755650e+02 1.095976932502760945e+02 9.281777873492079323e+01 9.175668416893731205e+01 1.085446246657907210e+02 1.053559883256108094e+02 1.136653161241287648e+02 1.237155182566122420e+02 1.366002134156277350e+02 1.283869233666534342e+02 1.199883350577805601e+02 1.229171329551030709e+02 1.074311425594161733e+02 8.751244795372174679e+01 1.074311442354909616e+02 1.241586073528823704e+02 1.341037296060320045e+02 1.160944647394167646e+02
3.577035309141012931e+01 5.600782557388646410e+01 6.501624588767072055e+01 5.783391918630412931e+01 7.168297121515854542e+01 9.111780001865339784e+01 9.553377951282804759e+01 8.738630639955283641e+01 9.553377936043710861e+01 9.755897429760116779e+01 9.354847482513608270e+01 8.740730485146089279e+01 8.299291586516659436e+01 8.518684228293224692e+01 8.396692186587434037e+01 9.707244060160995502e+01 1.017033313845402205e+02 8.980480307170483911e+01 1.028552018975924085e+02 1.222895801408439098e+02 1.211741218513753040e+02 1.128652110409367992e+02 1.118194170424790599e+02 1.201598374017131192e+02 1.215963626124089672e+02 1.297588906427937161e+02 1.306701294176515091e+02 1.224972183488424236e+02 1.306701294176515091e+02 1.398612292325314286e+02 1.236844072255946685e+02 1.037783067350864314e+02 9.641938207060896104e+01 9.600435399495830779e+01 1.059746760663065999e+02 1.258764962956656888e+02 1.227540525646789860e+02
5.011252512439525475e+01 5.012588977255327904e+01 7.021280693842076914e+01 7.737530078050258453e+01 8.551747453569252855e+01 9.300228717750948704e+01 8.485421477400440438e+01 6.778810187664946341e+01 8.063894498192570381e+01 7.807983788088442623e+01 9.191433878762445886e+01 1.031974905740911765e+02 1.031709105555988089e+02 1.021908829981988163e+02 9.402780113872157131e+01 1.100989258871982486e+02 1.145955734115727722e+02 9.546845449493149260e+01 1.085470473262247566e+02 1.281236120733576627e+02 1.287012360455542535e+02 1.205020712312144155e+02 1.219885899700967826e+02 1.182596222909522794e+02 1.015589522515788587e+02 1.182596222909522794e+02 1.207088556017151291e+02 1.024953923596334135e+02 1.169739200609662646e+02 1.251693607926488738e+02 1.319138359106639484e+02 1.163398469648955142e+02 1.105136454154657883e+02 1.075157073529514236e+02 1.159255861809861301e+02 1.341037296060320045e+02 1.309673041774123590e+02
6.998093141231636594e+01 7.020435423199245406e+01 7.840877842651411811e+01 9.575274090504575497e+01 9.179559159038836924e+01 8.163369551797480028e+01 6.515503845663543814e+01 5.768110792054611835e+01 6.086140389229475289e+01 6.413713292883190320e+01 7.555952740626479169e+01 9.502154725875598729e+01 1.042489255260408640e+02 1.130082976627138720e+02 1.127295862253288590e+02 1.210741933195893125e+02 1.214828517104730423e+02 1.020026869541876948e+02 1.214828517104730423e+02 1.345825788255617965e+02 1.146697340205382858e+02 1.004470447038118692e+02 1.019485739665142319e+02 1.026139292224581396e+02 8.989137004572162937e+01 1.100296011016698543e+02 1.108860527693382636e+02 9.239689415322797572e+01 9.692007544032092881e+01 1.111447142058365785e+02 1.310468678942853273e+02 1.362243761654462162e+02 1.304055417626482551e+02 1.274136943028303790e+02 1.356405099208680554e+02 1.440348787253792295e+02 1.408937648961511115e+02
6.974026739839158040e+01 7.796123493135482363e+01 8.599484425509052699e+01 7.609912451369665121e+01 7.609912451369665121e+01 6.386136919661299061e+01 5.341346438284377030e+01 6.771939058879858919e+01 8.063894498192570381e+01 8.378514485794637778e+01 6.924563495449856987e+01 7.666606633650654601e+01 8.530873083781118282e+01 9.646570163852774726e+01 1.102982259849149642e+02 1.301935638658100629e+02 1.297695402586252840e+02 1.130981793930601924e+02 1.297695402586252840e+02 1.283397691430413659e+02 1.083569900213287553e+02 9.671264732765038730e+01 8.766226443448721284e+01 8.241072776459340332e+01 8.221436708734030674e+01 1.024186432211071036e+02 9.077482295168282178e+01 8.411560676635268408e+01 9.842181051180796203e+01 1.184596406946413794e+02 1.273026087284624310e+02 1.353797382970502099e+02 1.417890031865854041e+02 1.360478763922613723e+02 1.417890031865854041e+02 1.438390363649760388e+02 1.357266240023230068e+02
4.964103581338195426e+01 6.975252030188853780e+01 6.623648157420555549e+01 7.430791231761794791e+01 5.612771260180376487e+01 4.946872427538134787e+01 6.965418210220508399e+01 8.163369554479322687e+01 9.554800050073927764e+01 9.687709632355046097e+01 8.051926209358528297e+01 7.563033320455885189e+01 9.502953265336861932e+01 1.075299012329989665e+02 1.137331477213014921e+02 1.220214125878508753e+02 1.309137771797834660e+02 1.329365270984669962e+02 1.412710779194261193e+02 1.365087289713206928e+02 1.250158296714014341e+02 1.160655775476698892e+02 1.078181587588765495e+02 9.568428829171240579e+01 7.540582311492916290e+01 9.026474997184762117e+01 7.640625910243328178e+01 8.815420118939346139e+01 1.082900810371888838e+02 1.239755416425996941e+02 1.074452755672914464e+02 1.239755416425996941e+02 1.220681163216528518e+02 1.162775101016849248e+02 1.220681163216528518e+02 1.324578065670755791e+02 1.159608307147607320e+02
5.552238051708066990e+01 5.893827690423855614e+01 5.195236098774563516e+01 6.276134434415443764e+01 4.586230172529086246e+01 6.611341707748658791e+01 6.127692417639751454e+01 7.281886538639129469e+01 9.240686732287677785e+01 1.081623326016329116e+02 9.995932925572355998e+01 8.930766061660104072e+01 8.269798173574511679e+01 8.803246567792155020e+01 9.411675993082447178e+01 1.027936512846429906e+02 1.167238552223934107e+02 1.367295455207440966e+02 1.329947719797146704e+02 1.264178151510618449e+02 1.148852346953912757e+02 1.066415158113296400e+02 9.902296992402945364e+01 9.227907212284884508e+01 9.026474997184762117e+01 6.994498989046394399e+01 8.430283539897416745e+01 1.039881314637640202e+02 1.165181306831699715e+02 1.158379720824723051e+02 9.582668227310334430e+01 1.158379720824723051e+02 1.220681163216528518e+02 1.020681644539252773e+02 1.220681163216528518e+02 1.243148379270024577e+02 1.043573410044753302e+02
