MOVIE_S3_data/elevation_000944.asc
nrows	100
cellsize	150.0
xllcorner	0
ncols	100
yllcorner	0
NODATA_value	-9999
[rows 51 to 67 of 100, columns 0 to 36 of 100]
8.885398060199247716e-01 1.503139822774979173e+01 3.505905187128825418e+01 5.000222138866497801e+01 5.357770738535375443e+01 4.545835783280481479e+01 4.931320162314773370e+01 3.041752131168859563e+01 4.931491911901272829e+01 4.316282316644990402e+01 3.484347394857576319e+01 1.979233230744572580e+01 3.981649019312110482e+01 5.392763426957213824e+01 5.108164588729138700e+01 5.680200217669748497e+01 4.654825146475594977e+01 2.640127850469593440e+01 4.047371055839640519e+01 3.678101628775907272e+01 3.891628011698753653e+01 3.893808340388252276e+01 2.250829689402228340e+01 4.422557153374329886e+01 5.123747147126181289e+01 4.030177888807757824e+01 2.671657352283855502e+01 4.619028205168330459e+01 5.749384471274603214e+01 5.755819637524397336e+01 6.522844171167602667e+01 5.637596170503481829e+01 6.240802631433723491e+01 7.223636415426678070e+01 5.142212873688508523e+01 3.556587396159115144e+01 3.449991451207711890e+01
1.344321116831868057e-01 1.427656773386455669e+01 3.427656504136191273e+01 4.425024849302129581e+01 4.643840045613046641e+01 5.472398888368336145e+01 5.965064706507193648e+01 5.118771199816664819e+01 5.965109475933402905e+01 5.406109136794076164e+01 3.398092884735529395e+01 3.986227228230684005e+01 2.559093005646432317e+01 3.976936524481728696e+01 5.986482339117529250e+01 5.388166419902177040e+01 3.380231666809156366e+01 3.650894112325315888e+01 5.486325881075246969e+01 5.099247461225169786e+01 5.977990835666168579e+01 4.876073556907755346e+01 2.721026314592404205e+01 4.876093728537247785e+01 6.790041593153486588e+01 5.444693083994881988e+01 4.619029553848703529e+01 2.951694825260137378e+01 4.927638437999477361e+01 6.109981403207603279e+01 7.523323876351381045e+01 7.697069234245201130e+01 8.298393535225294215e+01 7.445850931639178327e+01 5.313678682476478343e+01 5.938177475597443333e+01 5.440506071059130733e+01
8.052006432555327553e-01 2.080520064325517637e+01 2.672747773552491779e+01 2.425022675694588514e+01 2.643802896682158732e+01 4.100016450995887141e+01 4.703032522030026286e+01 5.410127298539826768e+01 6.238346783162079134e+01 6.238825640981232112e+01 5.406109136794076164e+01 5.014122723115865199e+01 3.007905286318841220e+01 4.425089532771811918e+01 6.436174639932376351e+01 5.944595033261806805e+01 3.937500720581269320e+01 5.070021111948815928e+01 6.489141377671964506e+01 7.099030825191242400e+01 6.990548577013366582e+01 5.293493013340416553e+01 3.206497848649558335e+01 4.701136447196465440e+01 6.723568269086479177e+01 5.656807579784810969e+01 3.659899097544855096e+01 4.927639699120772576e+01 3.289984573838144399e+01 4.696667606412825791e+01 6.365165232313771071e+01 7.191589018992735305e+01 8.191000114730766768e+01 8.274389105475343342e+01 7.445850931639178327e+01 6.806220548926134484e+01 4.815940062968709867e+01
2.804825088837598068e-01 3.483045584985509091e+00 6.727474007600773298e+00 1.010809102651486846e+01 1.545331586476330976e+01 2.100031782701533345e+01 2.703054471855492835e+01 3.410161252893150419e+01 4.564861480984055220e+01 6.564781878271639926e+01 6.656522214113284974e+01 4.645001860738043575e+01 3.825316516513714049e+01 4.078507286548148159e+01 6.088519379625620331e+01 6.550211983103514513e+01 4.541676088458916638e+01 6.550124532659670251e+01 7.905364525701027389e+01 8.066729309144388083e+01 6.158260957394054458e+01 4.130203424775152143e+01 3.903593034940956130e+01 5.936287416669360795e+01 6.473998393793760897e+01 4.472297876982628395e+01 5.656807579784980788e+01 6.109995741665306923e+01 5.282687955103587996e+01 3.657647053513878888e+01 4.362871295572884378e+01 5.364238662773028921e+01 7.366091801854541643e+01 8.955670965411157169e+01 6.959009425160476781e+01 5.809543210185432116e+01 6.746316186138849957e+01
7.810880442414250835e-01 2.078108804424106992e+01 2.672747773552665862e+01 3.010809749884626285e+01 1.766738048670000794e+01 3.766739089178222599e+01 4.703032522030026286e+01 5.410127298539826768e+01 6.238346783162079134e+01 7.392880860074380678e+01 7.489711234264991901e+01 5.834277686282089803e+01 4.983227371035741982e+01 5.081568219632189454e+01 6.922091211250648257e+01 7.383751929142650283e+01 5.699829555304118855e+01 5.960790825759200118e+01 7.973200535113831222e+01 7.234901092433217684e+01 5.220692195667479041e+01 6.158260957393981272e+01 4.633645932398791700e+01 6.648725701269522403e+01 7.107126285743602523e+01 5.105000097001101977e+01 7.107126285743602523e+01 7.361166016251573296e+01 5.360058564495412270e+01 3.944459410370105701e+01 5.946169367685612883e+01 7.191589012681704673e+01 8.191000114730766768e+01 9.785845678577203444e+01 8.631794610698561598e+01 6.959009425160476781e+01 7.229577724812401129e+01
7.232205343510359485e-01 1.486535615808211119e+01 3.486535615808281818e+01 4.595181368891490337e+01 3.766739089178222599e+01 2.661165239690405926e+01 3.368272020951628321e+01 4.262699213247125130e+01 5.417399811775607077e+01 7.417412126031075559e+01 8.680445566184656059e+01 7.830153809482460758e+01 6.996834036807342727e+01 6.505106115179634685e+01 7.928706660512227700e+01 8.545486520382470985e+01 7.711855982409385035e+01 7.973200535113831222e+01 8.806713032526091922e+01 8.066730551548698713e+01 6.383936641465863460e+01 7.481034764657501057e+01 5.642101360574307733e+01 7.481034764744575227e+01 7.932420914178916860e+01 6.001505806738467186e+01 7.932420914178916860e+01 7.876294954233263468e+01 6.383178913336587357e+01 4.380549590610692690e+01 4.534031646756058365e+01 6.536734103215509606e+01 7.995361208747135606e+01 9.147691543076402354e+01 9.785845678577203444e+01 8.955670965411157169e+01 7.934519916984623933e+01
9.494692443194679976e-01 2.094946924431911128e+01 3.208739600973515138e+01 3.915846382160075478e+01 4.744273506906295523e+01 4.661167121950396108e+01 5.368274932538270861e+01 6.196730726201671757e+01 7.091172521805258100e+01 8.245904880804802417e+01 7.714954683805331115e+01 6.880946468993718668e+01 7.142376063280283915e+01 7.976285726316831415e+01 9.352307205844840610e+01 8.418816485490117429e+01 7.575321697111516528e+01 7.688476073082362916e+01 8.531473184109118790e+01 9.227686629592651002e+01 8.397340150180339435e+01 8.486780839768498197e+01 7.655350041964732100e+01 8.486780839778380425e+01 8.825421449221271075e+01 7.418062930223771900e+01 8.825421449221271075e+01 7.050796200772309419e+01 5.047944338933002939e+01 6.383178913089525963e+01 6.536734103215509606e+01 5.167287660517135350e+01 6.325070208838937447e+01 8.324359410158942296e+01 9.843285783229215724e+01 9.346907759739970345e+01 7.349489717184482629e+01
2.836664262828419991e-01 6.057169118179124290e+00 1.208739600973444972e+01 1.915846382160005135e+01 3.070546920539277025e+01 5.070546920539347724e+01 6.607955267745670369e+01 5.774157725961365628e+01 6.035412740239780049e+01 6.869175337629239664e+01 6.553596399852416710e+01 4.870219479566381438e+01 5.130907073388002715e+01 7.142376063280283915e+01 8.000361544687523008e+01 7.155683670551508158e+01 5.516448682698689510e+01 5.630077973789953205e+01 7.087973203394119537e+01 9.138218245344258150e+01 9.671648317389988847e+01 8.832329820499617767e+01 8.565870390196022299e+01 9.292678982528683207e+01 1.012951268607023536e+02 9.410355939696302130e+01 8.681363001956768244e+01 6.684334674744715699e+01 5.626416489762218731e+01 7.628848543269533877e+01 6.803717318144353499e+01 7.170069251588928694e+01 6.022277136499416628e+01 7.025555168799576222e+01 9.021073657888487674e+01 1.017753562431961143e+02 9.346907759739970345e+01
1.404418693552202946e-01 2.014044186935486636e+01 3.208739600973515138e+01 3.915846382160075478e+01 4.744273506906295523e+01 5.898974045285567058e+01 5.447946273189697308e+01 3.766525134044597678e+01 4.026717208750155663e+01 6.035412740239780049e+01 5.720052700380998090e+01 3.715194299854616133e+01 5.720052700380998090e+01 7.493744079196227403e+01 7.155683660126489087e+01 5.102668110240267652e+01 4.338685695322227076e+01 5.703982480934595856e+01 7.755198402403902946e+01 9.554623560865186960e+01 8.487019504854528407e+01 6.769912156837999362e+01 6.499122034844521067e+01 7.236953845476394065e+01 8.432757120155702069e+01 1.046735409179982668e+02 9.504543144632256713e+01 7.628848543381138825e+01 6.335750031617195077e+01 8.336067603010579319e+01 8.217788822246150460e+01 8.847067570719127616e+01 7.025555168799576222e+01 8.847067570719151774e+01 9.843285783229215724e+01 1.080064389413367820e+02 9.980153579890051674e+01
6.646099058385387393e-01 1.480677682278536977e+01 3.480853465540574376e+01 4.113171765316036499e+01 4.251218165490170264e+01 5.013507819077823058e+01 4.615050508584351974e+01 2.612854745339337370e+01 4.615050508584351974e+01 5.088923605465523536e+01 4.358851992914025431e+01 3.113501371647243943e+01 5.115565148350261637e+01 5.444726867746175714e+01 5.852445078148144830e+01 5.006045184970915329e+01 3.669163055147785713e+01 5.703982460403422294e+01 6.660459086584999966e+01 8.107543443672730632e+01 7.641592427205655724e+01 5.570025335490807095e+01 7.641592427205655724e+01 9.292678982528683207e+01 1.012951268607023536e+02 1.130010087019671943e+02 1.044383149688164849e+02 9.159200604843495341e+01 7.339318050154516015e+01 9.159200604843495341e+01 1.020608886482839779e+02 9.843285783229251251e+01 9.021073657888487674e+01 9.843285783229293884e+01 1.080064389413367820e+02 9.665784324313133880e+01 8.020817018358924599e+01
6.164072599657668405e-01 2.061640725996540979e+01 2.328801362208783843e+01 2.249349310583001227e+01 2.508047563049937523e+01 4.251263387470315536e+01 4.011365771900445054e+01 2.002574619606300743e+01 3.226728544087244188e+01 3.086419692641386803e+01 2.359099596940123789e+01 4.358851992914025431e+01 5.948165057013539325e+01 4.008339333998071652e+01 4.382074013879603314e+01 2.983995099634145731e+01 5.006045083767744330e+01 5.962145121837152573e+01 5.206733592877974104e+01 7.262026553478879976e+01 7.139163607812126600e+01 5.073598320555858976e+01 7.139163607812126600e+01 8.532661928253314443e+01 9.373516297363258332e+01 9.922225167046988759e+01 1.038266407151899529e+02 1.015452742430402111e+02 9.332817155866622727e+01 1.015452742430402111e+02 1.040030349061559320e+02 9.821322798122969289e+01 9.821322798122969289e+01 1.064078775414287463e+02 9.980153579890051674e+01 8.020817018358924599e+01 6.919546051164975609e+01
7.616414269703414286e-01 2.016553037246660907e+00 3.273942264170526695e+00 1.210053970879449103e+01 2.609772686516678775e+01 2.768830119175905935e+01 2.901166965190232361e+01 1.237958173549557728e+01 1.227244374369593594e+01 1.673799048064377715e+01 3.609390671832201036e+01 3.783518723756998980e+01 3.955306190478796680e+01 4.128936043881515872e+01 2.368155273886845436e+01 2.566934981208888900e+01 4.582920716592177257e+01 3.922372071677574468e+01 5.536981183321753264e+01 5.793555735947980168e+01 6.057228049548524496e+01 4.620779090114732668e+01 6.677289168385425455e+01 6.466407203626904732e+01 7.875212364024271494e+01 7.875212364024272915e+01 8.344826093783164822e+01 1.038266407151899529e+02 9.803647851618735842e+01 8.986849225673161357e+01 8.437504929481238491e+01 7.864308800435613023e+01 7.864308800435613023e+01 9.821322798122969289e+01 9.687670952919134493e+01 8.889275655973369794e+01 7.884238069911364732e+01
8.582653206718614536e-01 2.034842457678136185e+01 2.324900343898867305e+01 5.088379110433885799e+00 6.382071564537286967e+00 7.683960672200433883e+00 9.008493021246493981e+00 1.034791888464920184e+01 3.034378463930375247e+01 1.436881780216432603e+01 1.604701635560843442e+01 1.773727070557200847e+01 1.944584446591889915e+01 2.117324699479167904e+01 4.129096789966113334e+01 4.582920716592983723e+01 2.851987731466505238e+01 4.871840579736758770e+01 3.505737666245893536e+01 3.757058360012413800e+01 4.014831101045206196e+01 4.353124941232860579e+01 4.803371096039359145e+01 5.269718854504347405e+01 5.801217554160731282e+01 6.652475047652187357e+01 8.121051456497393417e+01 1.016181182690502567e+02 8.986849225673161357e+01 7.044263643902884553e+01 7.613233787768190552e+01 6.504417752751950843e+01 8.437504929481238491e+01 1.023441524899465662e+02 8.889275655973374057e+01 7.074886343171782244e+01 7.606308669178959292e+01
9.616989121453964895e-01 2.093199270981408944e+01 3.412514771044611450e+01 1.971681038294522637e+01 2.638651516700273092e+01 1.586940703396164487e+01 2.901161628825991201e+01 1.926010935754815279e+01 3.828834231634751006e+01 3.426044866046292015e+01 1.901724681553562135e+01 3.763844749218798569e+01 3.955306190415188183e+01 3.272274242777230313e+01 4.661956710878047261e+01 5.609685791705377511e+01 3.977182899956525830e+01 3.156010392481044136e+01 5.180676240489562900e+01 5.793554234836609851e+01 6.057228044900024599e+01 6.403866672574064012e+01 5.148581062359747307e+01 7.213984618763973344e+01 7.875212364024271494e+01 7.273168471525079326e+01 9.328674894439681964e+01 1.011918341629141906e+02 8.157923066993210170e+01 6.793974400086412402e+01 5.685138617247244497e+01 7.613233787768190552e+01 9.252548277289238854e+01 9.418230634425512449e+01 7.481288668017737109e+01 7.606308658071664297e+01 5.845384696219625198e+01
2.866789980725219511e-01 1.178458377030243653e+01 3.154166425300688559e+01 4.175469642033137063e+01 4.490553976533315961e+01 3.030043893196399907e+01 3.631221808949629803e+01 3.081992871633737607e+01 4.503824103606049789e+01 4.674614945044789494e+01 3.875715714761278008e+01 2.386150492716274840e+01 4.350483394302865747e+01 5.299523048756818611e+01 6.145695874344036724e+01 6.684752325092723879e+01 5.664526120235548490e+01 3.738406887147290547e+01 4.228770052414056835e+01 5.403891373093133410e+01 7.462077215073689729e+01 7.996204573394385307e+01 5.926645351910806170e+01 6.610150851433039065e+01 8.671768289273174446e+01 9.328674894439686227e+01 1.016582424101574844e+02 9.161858504313032370e+01 8.190028185686095696e+01 7.192488927482902739e+01 5.257382082029331372e+01 7.192488927482902739e+01 7.710713290312180845e+01 8.522095920499532440e+01 7.836724141398129007e+01 5.923929475673152467e+01 5.189587241230049841e+01
7.776801193288799263e-01 2.077768011932852588e+01 3.979743801569526340e+01 4.523094125599524773e+01 5.351166289712639212e+01 5.100626954272637192e+01 5.686046474866984823e+01 5.113821678837116025e+01 5.833326370331851507e+01 4.939279552203896628e+01 3.272465791198467855e+01 4.350489005702632284e+01 3.000623063387385159e+01 4.386455303141472939e+01 6.320794299437311281e+01 7.078403157007217317e+01 5.027677958971998606e+01 4.648426457498130304e+01 5.671176454446675308e+01 7.121974363121441343e+01 8.307286759032552936e+01 8.839742322567173005e+01 6.966592199737277724e+01 8.671768289273180130e+01 9.512202708737235923e+01 9.862603425275669622e+01 9.729994688092499189e+01 7.774799310077017367e+01 6.413107270424400497e+01 5.447362307092178924e+01 4.850332216888314463e+01 6.338538137345670975e+01 5.770164579035813546e+01 7.710713290311956314e+01 8.644896876354513893e+01 7.836724110040130142e+01 6.164559245236711860e+01
5.059075238208947667e-01 2.050590752382053950e+01 2.889076329920698072e+01 2.521839210579293677e+01 4.031074364691587419e+01 4.716786035982504188e+01 5.535510202736296748e+01 6.585992150186490335e+01 6.202380604276748244e+01 4.310203171275770728e+01 5.204797815128056016e+01 5.410901546441785115e+01 3.468237774950230090e+01 4.845564095595297971e+01 6.775746887592543999e+01 7.923086808115085944e+01 6.477875758376600857e+01 5.829881855001896440e+01 7.543831231346037214e+01 8.572772246741568836e+01 9.683992302205508906e+01 9.864202546952942896e+01 9.025817269891531680e+01 9.864212461518069119e+01 9.269959144534554696e+01 7.852045000118333462e+01 9.269959144534554696e+01 8.752396999084773199e+01 6.811937634950908205e+01 7.380285024088783530e+01 6.338538137345032197e+01 4.373132357564433903e+01 6.338538137344701084e+01 7.025044358655928534e+01 7.834980615660576575e+01 7.335706826663785307e+01 5.930391758156223858e+01
