MOVIE_S3_data/elevation_000261.asc
nrows	100
cellsize	150.0
xllcorner	0
ncols	100
yllcorner	0
NODATA_value	-9999
[rows 68 to 84 of 100, columns 0 to 36 of 100]
2.958550950857541384e-02 1.417172113322422078e+01 3.417172094040685693e+01 4.220768110065112211e+01 2.807047544568812469e+01 3.963827356851543016e+01 2.119475287592170432e+01 3.275723915425621158e+01 3.916559660474995042e+01 1.935525292278335385e+01 3.331978342611858324e+01 2.486758351814561152e+01 4.459307533885741748e+01 3.257888685032681764e+01 3.628703794996074095e+01 2.146632424775716430e+01 4.122787348686233599e+01 4.549548869703487242e+01 2.432362081960622646e+01 2.106133101009761432e+01 4.029005524373560121e+01 5.047839258717186794e+01 4.367510974135800694e+01 4.148414764567223756e+01 5.551535777737876032e+01 3.718236252127562125e+01 5.431248846337933145e+01 3.863333448080562960e+01 4.143857884102330758e+01 4.442364910648502985e+01 5.849749543620175984e+01 7.308222524945449550e+01 7.145946643386741925e+01 7.367513500770849078e+01 8.895390574926497607e+01 8.043554909159530553e+01 9.208983063767418287e+01
9.835479489548564214e-01 1.512568357268593111e+01 3.512568357268663277e+01 4.545073164227829210e+01 4.807079519531645673e+01 4.721902878951060956e+01 2.823968805123107018e+01 4.721902879431036126e+01 4.386601285020302043e+01 2.384922822096901740e+01 4.386419597668059112e+01 3.637805300289033283e+01 5.256788401841462388e+01 4.681558105845124373e+01 4.965820327932431866e+01 4.122787348704340360e+01 2.632956702669719462e+01 4.666266463871671988e+01 4.286040438500611316e+01 2.381699576360370330e+01 3.492439954183998907e+01 5.485329003612604026e+01 5.783847744162644489e+01 6.154748561666203699e+01 6.029127135532578308e+01 4.080422733342528119e+01 6.005515390062207359e+01 5.254151636531713621e+01 5.547826617708958707e+01 6.396162672900663893e+01 4.911453139536098433e+01 5.293928231113049065e+01 5.720272659514319002e+01 6.238449481709436384e+01 6.875616501925085799e+01 8.895390574926497607e+01 1.010409793760010189e+02
5.722010782348829760e-02 8.222185917100819808e+00 1.716645782710013535e+01 3.130859345084518353e+01 5.130859354225236046e+01 5.579062893458151251e+01 4.165740042112888375e+01 5.577500088534410594e+01 4.870189021276762276e+01 2.873283674905830409e+01 4.871110450761754151e+01 5.587406156841232274e+01 6.381943161519790664e+01 6.715155563547750717e+01 6.543438623981015212e+01 5.069800476924746846e+01 3.012394468668595593e+01 5.069636369214602922e+01 4.636606526005889606e+01 2.673876453217743787e+01 4.640891979920728971e+01 6.323803591856210460e+01 7.802637502894282306e+01 7.666664163573280177e+01 5.661099207074762774e+01 4.569987682818904062e+01 6.561337989923131886e+01 7.345943317442443288e+01 7.644759409847378606e+01 7.705265580178297569e+01 5.670731257509352474e+01 6.453943828400382188e+01 7.738933527945154367e+01 7.666670703987898605e+01 8.238708602127198333e+01 9.700571690841175609e+01 8.087615690829703397e+01
9.757004629446797139e-02 1.423970567002529286e+01 3.423970567002458409e+01 4.545073513826278599e+01 5.201919857414686987e+01 6.027300758653086632e+01 6.166176386810954568e+01 6.276568359156485855e+01 4.288923731114253712e+01 4.871110450761754151e+01 3.819214218508169978e+01 4.970729229986505260e+01 6.954357843941782846e+01 7.311497910241148190e+01 5.703744745075488254e+01 3.649443841935689647e+01 5.069800476924746846e+01 5.902857163249381500e+01 4.373840333812399450e+01 2.980172234147632437e+01 4.962513466537102858e+01 6.363992446211768339e+01 7.527733581376517691e+01 8.496733111826425500e+01 7.393096539162630165e+01 5.449219645569962722e+01 5.710632600024523242e+01 6.871848103572267519e+01 8.886696328971471814e+01 8.558874238643988974e+01 6.694305644185375570e+01 8.475188926337875728e+01 9.309655376213066802e+01 9.692982860511574472e+01 1.018161203702870381e+02 8.872851928513837549e+01 6.935777594141895008e+01
4.225409065741109194e-01 2.042254090657375443e+01 3.037623254333022871e+01 3.571602997052504946e+01 3.205197643942933894e+01 5.061154241867993164e+01 6.097731212736767503e+01 7.096665318905351683e+01 6.276493815364470663e+01 6.629431467636780440e+01 4.970729129762768395e+01 6.629431467636780440e+01 7.773766738654734354e+01 6.473661472490843494e+01 4.436864484985827062e+01 4.844418287857050842e+01 6.542979987415003507e+01 7.186315511997699446e+01 5.627343996714480312e+01 3.628804624313652738e+01 3.528873641109468906e+01 4.677161607535621357e+01 6.690107800464974730e+01 7.923188340466960256e+01 8.292091580086912472e+01 6.608976041249044897e+01 7.723423163661010449e+01 8.553824959294554731e+01 9.714217341577088405e+01 9.578640664783300451e+01 8.742054738534302771e+01 9.578640664783300451e+01 9.499226999031665741e+01 8.664809487448458469e+01 8.370476954599783426e+01 7.531892745420957169e+01 6.052952672269952927e+01
8.169748314230130815e-01 5.531020037930258759e+00 1.038173250201346143e+01 1.572695656127680763e+01 2.279798713502656682e+01 3.279661399697560853e+01 4.691992708387720512e+01 6.681945354957625227e+01 6.612171677487650356e+01 7.439013804738345925e+01 6.954258341267976107e+01 7.772974487882083849e+01 8.499441793528067990e+01 6.473584370276036282e+01 5.122075220147619490e+01 6.877587400808812390e+01 7.714284746948108307e+01 6.793238506387433517e+01 4.778276400315724004e+01 5.629899592040035827e+01 4.416291733356712967e+01 4.252155318110355608e+01 5.068324372114380338e+01 6.229739880160916243e+01 8.253417402653728630e+01 8.625029825024537899e+01 9.453269537514921694e+01 9.274888933553914683e+01 9.053552658031163958e+01 9.273848930895050557e+01 8.683348376514715028e+01 8.610952383217902195e+01 8.341920630580050045e+01 6.664757219506202546e+01 7.070663105755987488e+01 5.554153272204933955e+01 7.538255096310926717e+01
7.482281904641915338e-01 2.074822819046383771e+01 3.037623254554888774e+01 3.571602997052504946e+01 4.277248872012742709e+01 5.101393075408202549e+01 4.914211344696682460e+01 5.743065822081501892e+01 4.612443250436423625e+01 6.020512078657709765e+01 6.847291578613101137e+01 7.034434111830765346e+01 7.865150647016560015e+01 7.986831757120909003e+01 6.555927332158147181e+01 6.404683777809593437e+01 8.430691874495160221e+01 7.632847473774123159e+01 5.937867838590756975e+01 7.264755909079617879e+01 5.573638757915043840e+01 5.068324372114380338e+01 6.261723221966609287e+01 7.923188340466960256e+01 9.091494959218492511e+01 9.672642852146003634e+01 9.274888933553914683e+01 7.258412242666706504e+01 7.038142700123917450e+01 7.269062975470778554e+01 6.683246781292110938e+01 6.576609449272019958e+01 7.416537430071922188e+01 5.525190185252658637e+01 5.091128600649016533e+01 7.070663105755987488e+01 8.370476954607805453e+01
6.697973685351282791e-01 2.066979736852363914e+01 2.598375657506047176e+01 2.868057069538733828e+01 3.145408990484861889e+01 3.446922930020581788e+01 2.913963508766009980e+01 4.092609507196021212e+01 3.457744247606341048e+01 4.020693546191142786e+01 5.400645258664800252e+01 5.033558067850761120e+01 6.897426393077539331e+01 7.792699383616088937e+01 8.581936456426784332e+01 7.837283295263041794e+01 9.266834105825213896e+01 8.802210446932392074e+01 7.961696568249737993e+01 8.431454162437000832e+01 7.593350229581389499e+01 6.073447833057119283e+01 7.923188340474848701e+01 9.120570147745378620e+01 9.083936417611360525e+01 7.658545252803089909e+01 8.509803060991197299e+01 7.628442609924063333e+01 5.631845483158940624e+01 6.561216554528007805e+01 5.285620076024753189e+01 5.176991847824366744e+01 6.255555115765540819e+01 4.646307679802435331e+01 5.213354747945162870e+01 5.908191584428957555e+01 6.895644563802035520e+01
9.239707316362346656e-01 3.443733885031088349e+00 5.983736425034908990e+00 8.680535874887899794e+00 1.145403685601406885e+01 1.446915030179173201e+01 1.759262553956390818e+01 2.092595887289730072e+01 2.457744258959847272e+01 2.865992549423717506e+01 3.400515033254531971e+01 4.067181701925505166e+01 4.961609312658420379e+01 6.375899104292479791e+01 8.377589050465891773e+01 9.863309094670168520e+01 9.396324278009291220e+01 8.569899513959595083e+01 8.828302526501859404e+01 8.938059459101755522e+01 8.934845016536753803e+01 8.096645447521895278e+01 8.934845016540593576e+01 9.672642852146003634e+01 7.658545252803089909e+01 6.245794910690609925e+01 6.505039428763774367e+01 7.925269999316442693e+01 6.561028412147153688e+01 4.591902270333756775e+01 5.695222563110122138e+01 4.045569088136600300e+01 4.283126564757867527e+01 6.255555115765540819e+01 7.194295311225320688e+01 7.194295311225320688e+01 7.528851635351144012e+01
7.344999525375345284e-01 2.073449978442641850e+01 1.492800833583264364e+01 2.868057069533432824e+01 1.961900266579933927e+01 3.446922930020581788e+01 3.759273770822853322e+01 3.092595893705518151e+01 4.457844535852828471e+01 4.280215555729425603e+01 4.280215446850917971e+01 6.067497673237971867e+01 6.897426393077539331e+01 7.792699378273098887e+01 8.161281897041862976e+01 8.987825433111706275e+01 8.247881675266874879e+01 6.583225902416532449e+01 6.840753270362283445e+01 6.950142574863353673e+01 8.357514356346440820e+01 9.372062330259859664e+01 8.528582755259510861e+01 9.372062330259859664e+01 8.234748698922544463e+01 6.187885272829227290e+01 5.112622947054973821e+01 6.401428977030350609e+01 6.642838563405341290e+01 4.694545417048563252e+01 3.729911164821812974e+01 5.695222667690168805e+01 6.255555003879523213e+01 5.525627741485516253e+01 7.511584373461633390e+01 9.198230095487870983e+01 9.538825958660822835e+01
8.205962881864476977e-01 2.082059628818609198e+01 3.492804472400576543e+01 3.125794690580243085e+01 3.961909231202684367e+01 3.376114273120993658e+01 5.376143363784359508e+01 4.506811274382443600e+01 5.921242538084413098e+01 6.280724840606112025e+01 5.694517740189115784e+01 7.110928245597170871e+01 7.962833434616833017e+01 7.839815519324650950e+01 6.175759921089672844e+01 7.839817561727016937e+01 7.422892969543283925e+01 5.439694109464837624e+01 5.439694109464837624e+01 5.548855436387461992e+01 7.532389949821548214e+01 7.943086886912459477e+01 6.525336061827503897e+01 8.365592605964658901e+01 9.073809046978935555e+01 7.296995247017771646e+01 4.546104915977511496e+01 4.744524835684295994e+01 6.395715538128455080e+01 5.487087244571608835e+01 3.523988804120322271e+01 4.907510455662807658e+01 6.886309495219634869e+01 7.511584371288716966e+01 7.511584373461633390e+01 9.518601362514604602e+01 1.000178207849591701e+02
1.503081736372913202e-02 1.415716644109480526e+01 3.415716644119884648e+01 5.125810741655608638e+01 5.954298984865968691e+01 5.376143363784359508e+01 6.204704464435210554e+01 6.506898025042524125e+01 7.073566536345651912e+01 7.892314745770116247e+01 7.695918652637794821e+01 7.412450547970708215e+01 6.018583017836685656e+01 7.014930753680640407e+01 5.031717054012799650e+01 6.475530814129442092e+01 7.299532615671806468e+01 6.277892573820432176e+01 4.294432760423150341e+01 6.277892573820432176e+01 7.366986440131704228e+01 5.950967918746859198e+01 5.541999442944139531e+01 7.526959408543511643e+01 8.037943101111223143e+01 7.209894819339858429e+01 5.876412332536129668e+01 3.922560027394832360e+01 5.876412332536129668e+01 5.285266886254555629e+01 3.320003749899623102e+01 5.285266885328909581e+01 6.171089236876002104e+01 6.830221140405018332e+01 7.661197697316221422e+01 8.660115209156357707e+01 9.004508632842227200e+01
1.711296032766891351e-01 2.017112960327633431e+01 3.198392619423032812e+01 3.865059286089746138e+01 4.693486410836063527e+01 5.693486410836359113e+01 6.895556200361572508e+01 6.073298589094219579e+01 5.073030219477693947e+01 6.741346629639595278e+01 7.892265815603393264e+01 6.450402988328767151e+01 4.691179527744883160e+01 6.265337521869626158e+01 4.279966683085338275e+01 4.490415992401034373e+01 5.975235405094191776e+01 5.152019200326919446e+01 3.809383583049473998e+01 5.796832908243676741e+01 5.761726416619040947e+01 4.564428878167695558e+01 6.534446055592219693e+01 8.365049454640730175e+01 7.210776725371302120e+01 5.251425585993964518e+01 5.455001394936611092e+01 3.497439448113347993e+01 5.455001853627838670e+01 4.826173581726480677e+01 3.116747582588903143e+01 3.613004701600475954e+01 4.202278845535170859e+01 4.852825429852872929e+01 5.834749823283740966e+01 7.825692457526308488e+01 8.175994994321280274e+01
6.634215400813491259e-01 6.210423502333664025e+00 1.198392619422997285e+01 1.865059286089675794e+01 2.865059286089693558e+01 4.865059286089763901e+01 5.737546832160630572e+01 4.059024130906521322e+01 3.902156843081007764e+01 5.073030219474502189e+01 7.073566283450044523e+01 5.639613407616437257e+01 3.739752496203172427e+01 5.639613407616416652e+01 5.329424237432231592e+01 3.335714843025158416e+01 4.575870735362975239e+01 3.156182372286185611e+01 5.152019200326919446e+01 5.761726416619040947e+01 3.794813960886890669e+01 5.181853806181081268e+01 7.161662737187045025e+01 6.858145212857419892e+01 7.200849498692539896e+01 5.226830714236885456e+01 3.847257094710044356e+01 3.091612512795861178e+01 4.570498082302475495e+01 2.848893865985925444e+01 4.248346390294594954e+01 5.577460110886873679e+01 5.213751764836175795e+01 6.830221140405018332e+01 7.661197697316221422e+01 8.660115209156357707e+01 8.603039016424006036e+01
1.702428053490451232e-01 2.017024280534868907e+01 3.198392619423032812e+01 3.865059286089746138e+01 4.693486410836063527e+01 5.693486410836333533e+01 4.910356688437765627e+01 2.884575950683984757e+01 4.910356688437765627e+01 6.325807729887607422e+01 5.544854376855094813e+01 4.967913669435125712e+01 3.045253766031499865e+01 4.967913669435125712e+01 5.982807445373409649e+01 3.993098468676051738e+01 2.569868970532769836e+01 4.575870735362975239e+01 5.975235405095520491e+01 5.298114233684927399e+01 3.325780201533836333e+01 5.298114232943822799e+01 6.285306172206299635e+01 4.879243152247157411e+01 5.699528142643573148e+01 4.877296943357072223e+01 5.695791699052491452e+01 4.570352078221868197e+01 2.584798031619339298e+01 4.570498082302475495e+01 5.648536026661286513e+01 7.047875801106552274e+01 7.195833655048853927e+01 8.027401443669754144e+01 8.256420021858127711e+01 8.603039016424006036e+01 6.617087007488025563e+01
1.450734497938095391e-01 8.310039259071141160e+00 1.725431116907045492e+01 2.880131655286317383e+01 4.880131655306230698e+01 5.812979025519072707e+01 3.796767774393323691e+01 2.359923411331863363e+01 4.385929457282068711e+01 5.224603910131732221e+01 3.636339859087959780e+01 4.387244786094055371e+01 2.442297105882432362e+01 3.841754433322758189e+01 5.832091074684419141e+01 4.269958074292372885e+01 2.258156452658995050e+01 4.269958074292372885e+01 5.951485758035424567e+01 4.867710593751065318e+01 2.886725952701109676e+01 4.867710593751065318e+01 5.458547279237927796e+01 3.448501063584966886e+01 4.187270206196085098e+01 2.893084837262594888e+01 4.036322841390820315e+01 4.191056553487203473e+01 2.421143551546926886e+01 3.320899937713839023e+01 4.459280776088629494e+01 6.433901542096081982e+01 7.524474439958316907e+01 6.889143078445842150e+01 6.094565365002255675e+01 7.625121839770226018e+01 6.981515991241234076e+01
2.896770308316644060e-01 1.183668241462428128e+01 3.183668241462503445e+01 4.553858247774999057e+01 5.708558790801291849e+01 5.350526312724530698e+01 3.330596089146731487e+01 1.893769535665217418e+01 3.324046047502948653e+01 4.128583985596884531e+01 2.498619057038871105e+01 3.246739371502238214e+01 1.923115548564850030e+01 3.882173269292975704e+01 5.330566203806105108e+01 3.973333614138707759e+01 1.956559450420832036e+01 3.128407517271135063e+01 5.127528675435650740e+01 4.463339686617146640e+01 2.473589568623850354e+01 4.463339686617150903e+01 5.035523431626587865e+01 4.184838909522154893e+01 2.098165769166157801e+01 1.885345789255443805e+01 2.039927677757484759e+01 2.196028704003794019e+01 4.191056020390021075e+01 5.233718560851868773e+01 6.118380367891187177e+01 7.263028793014946416e+01 5.395101107083711156e+01 4.776249259079023091e+01 4.620643150664715648e+01 6.727757931293042759e+01 7.393583899707914497e+01
