MOVIE_S3_data/elevation_000770.asc
nrows	100
cellsize	150.0
xllcorner	0
ncols	100
yllcorner	0
NODATA_value	-9999
[rows 34 to 50 of 100, columns 37 to 73 of 100]
8.876807937393303405e+01 6.612547310176428539e+01 7.140293479935108678e+01 5.854744806851002892e+01 3.525383274775382603e+01 5.534822111907121212e+01 4.847545751416144100e+01 7.194054022502849932e+01 6.332180447238467735e+01 3.947717122452482386e+01 2.968160459832464326e+01 2.586069290272265420e+01 4.763823552358547886e+01 5.655768736372623096e+01 5.570554073327849665e+01 5.205846894322325369e+01 3.221110051699034926e+01 5.494850303433587158e+01 5.968474102051968089e+01 4.128930895416303315e+01 4.426465371611843835e+01 4.748900859380361084e+01 7.164295512264938282e+01 8.010501032743171379e+01 6.298825858963257218e+01 6.754554980905216155e+01 7.353877853155991318e+01 8.015500635073212266e+01 8.669360723582742878e+01 9.579360427977660208e+01 1.105334580613267974e+02 1.315108985403314819e+02 1.295744412708785092e+02 1.209690416310579337e+02 1.159167788143991942e+02 1.245637219114619256e+02 1.270508890274997782e+02
7.790572124018702027e+01 7.171868800987725479e+01 4.884411903437099767e+01 3.834502959716991910e+01 4.536370720216371666e+01 6.794286105341238624e+01 7.194054022502849932e+01 8.106319461306831897e+01 7.309508701999854452e+01 6.086869153463364057e+01 5.011830344040310337e+01 2.886629518305331388e+01 2.637027116238706981e+01 4.823759148390227125e+01 3.129504497683499054e+01 2.970567070448926472e+01 5.205845989308753730e+01 6.436766868529115015e+01 7.513598651214824997e+01 6.720373662988743035e+01 6.161247489994370596e+01 7.164295512270609834e+01 5.261704175093349534e+01 5.666515792015579933e+01 8.010501032744423355e+01 7.888877777799960711e+01 9.461530709009294071e+01 9.092136026410469185e+01 1.073388957572625344e+02 1.159438306829582359e+02 1.252563935768559418e+02 1.304238121226676697e+02 1.183519890420157878e+02 1.000673664669956366e+02 9.510812221270938949e+01 1.125384669534533373e+02 1.145861471841793247e+02
5.399225189470688946e+01 4.745357930144990632e+01 4.174419759530795204e+01 5.519578844102242954e+01 6.921331873835148940e+01 6.503838179917296713e+01 8.778966415976515236e+01 8.423738361407366426e+01 7.092031736573504475e+01 5.594809871596562090e+01 3.332511941885945106e+01 5.067330242749709157e+01 3.670917083140246717e+01 2.689241441312302427e+01 2.726685744300543135e+01 4.667864568626612254e+01 5.433613348075456884e+01 6.388034921250493170e+01 7.624568901659377218e+01 8.558140486463270236e+01 8.448372445592227109e+01 8.537728566135697861e+01 6.493396279736585086e+01 7.092715790025961553e+01 8.888892360957531480e+01 9.367368111605657077e+01 1.083726138596779975e+02 1.123318875220545721e+02 1.211575726084328863e+02 1.182539144637290747e+02 1.264029824717481176e+02 1.218196329215064253e+02 1.008540053104038208e+02 8.913727872001564378e+01 8.353159231663319417e+01 1.014675624988464619e+02 9.384355902419920881e+01
7.765504143096671896e+01 6.802185771854216512e+01 4.456742368768891538e+01 6.889053760260435411e+01 8.761600076565584061e+01 8.778966415976515236e+01 9.122722077021440157e+01 7.521057762282333670e+01 5.161736643480436726e+01 3.817454643058066210e+01 5.594809871596562090e+01 6.409987518431155706e+01 4.492483803400764941e+01 4.886134665875783156e+01 4.929201482720785066e+01 2.781785251623376709e+01 3.605400674021486651e+01 5.377585220509929087e+01 5.418655160056331965e+01 7.653870150154754981e+01 9.355213762783390052e+01 9.553121615411258460e+01 7.929806533460703122e+01 9.249546280717650859e+01 1.011448143647813112e+02 1.145120431157335759e+02 1.166068732697035415e+02 1.081390113343511672e+02 1.102951814150703598e+02 9.797255650328712306e+01 1.150201693386792527e+02 1.228149007306753333e+02 1.019403330779644108e+02 8.740993679305610442e+01 7.611285303016514092e+01 8.092868354134634501e+01 1.014675105403464244e+02
5.491666076972104804e+01 4.913568846441221183e+01 6.889058199173301489e+01 6.211894711929227952e+01 8.523878252768257369e+01 9.735388559736969682e+01 8.235886673168171512e+01 5.919576265485428479e+01 4.501788155652953805e+01 4.842973113243332506e+01 5.642508857997334104e+01 7.783138306599853706e+01 6.927880378317180998e+01 6.694353359494770928e+01 4.541876012444011934e+01 2.821081485299590597e+01 3.209316919532734147e+01 3.958253485790853432e+01 6.055992421954449867e+01 7.122446999702764003e+01 7.120738416406430815e+01 8.837179239285364929e+01 9.844551713421948591e+01 1.074289038707357520e+02 1.147960845031371093e+02 1.062969533209603270e+02 1.046439752687993234e+02 8.730387732303336179e+01 8.956010624881061233e+01 8.595760772519402337e+01 1.066462294676697695e+02 1.177006486605400823e+02 1.057708900687336353e+02 8.516207667051064334e+01 6.980231861699095930e+01 8.547998201042442190e+01 9.140601847943651137e+01
7.108295720965594455e+01 5.346366127552370529e+01 7.763608677343732722e+01 8.523870578223707639e+01 9.412134702251167084e+01 8.860291292644463113e+01 6.610319708988825482e+01 5.368643811615456229e+01 6.898564224862447247e+01 6.072901623026387341e+01 7.872326401112823646e+01 8.756519746927975234e+01 8.587235537773426586e+01 6.845695942463757433e+01 2.877375378800590866e+01 3.127543099199954568e+01 4.939469376006236701e+01 3.820413470419113366e+01 4.279742761350370728e+01 4.818792559557741839e+01 5.592825387678146853e+01 6.717997767544950705e+01 8.377976431615469721e+01 1.058233540648535040e+02 1.027342532001138977e+02 8.525075244720073897e+01 9.516704242495062260e+01 7.467528233606461185e+01 7.421264323514293437e+01 9.563326915659523308e+01 1.150201693382414163e+02 9.686505084981577340e+01 9.686505084981467917e+01 8.931664768858013304e+01 8.056306313040418843e+01 6.268132974070059760e+01 7.003967442841044999e+01
8.234736022391210497e+01 5.879071313621128070e+01 6.810822649649681182e+01 8.150069265539140417e+01 1.031517238403361603e+02 9.735388559736969682e+01 8.427341943130410584e+01 6.132116724626794735e+01 8.427341936458725513e+01 7.736171620046170005e+01 9.257934060498341466e+01 9.400790224224937219e+01 7.061487023197217638e+01 4.961561425227488087e+01 2.917304878688976544e+01 3.274857574775954561e+01 5.088741598240060426e+01 5.919718948214774201e+01 6.493085232062341561e+01 7.122446999702346204e+01 7.926579123291784867e+01 8.838898205738009040e+01 9.926895991927305829e+01 1.089924373765727950e+02 8.799629512553613608e+01 7.227336430623751085e+01 8.245454908102820468e+01 6.376000221843990801e+01 8.031336308931847157e+01 1.015178543515904011e+02 1.115799077597333593e+02 9.076995754934860372e+01 7.562080855957269421e+01 8.056309269022763431e+01 5.640923940770660749e+01 8.056309269022763431e+01 9.140601847943651137e+01
7.796620043092197250e+01 6.466070071668337960e+01 8.715853231253464628e+01 9.065149021882530178e+01 1.119448420767345880e+02 9.956064123712936009e+01 7.794124482832556566e+01 7.508981026318458873e+01 9.307504648754125753e+01 9.914094658575024255e+01 9.531226527330912290e+01 8.233482367779740230e+01 7.270002209274237259e+01 6.121728224670127361e+01 4.049850400693846098e+01 2.973668847375580171e+01 4.549364118096132614e+01 7.003102299952688270e+01 7.963287688213208071e+01 8.837397779334344250e+01 8.367688726762895612e+01 8.753566633685747433e+01 8.783616137206361429e+01 9.605767823942581174e+01 9.673072792901240291e+01 7.461964401092292576e+01 5.894983354360412164e+01 5.778028313329426879e+01 7.508129541047284761e+01 9.679628428725997935e+01 9.602686469326575036e+01 9.884700868475830760e+01 8.062267549145724388e+01 6.174480168464786800e+01 5.222298339493643482e+01 7.707678215510578923e+01 8.994312845425135095e+01
8.322033520463041611e+01 7.173483238362463510e+01 8.322034943574193733e+01 1.046814366280284503e+02 1.209190567518821950e+02 1.082088559680394013e+02 9.956064123712936009e+01 9.681846285338309599e+01 1.054830306716160209e+02 1.042158440003165509e+02 8.658759145333976903e+01 6.352561510138671252e+01 4.861876908678602405e+01 3.909297206376412959e+01 3.197980195870064790e+01 3.013285639709875952e+01 5.243068224900565610e+01 6.172605607137185757e+01 5.261489758583574172e+01 6.571852726370434539e+01 6.143630048524302367e+01 6.605515087424454634e+01 6.608293862049160339e+01 8.760874852155681936e+01 7.811628869795252683e+01 6.892300469600792212e+01 5.009420790417085101e+01 7.461964394668943612e+01 9.021763884274987788e+01 9.602686469326575036e+01 7.368743541523957674e+01 7.468952431551367965e+01 8.672366803950134795e+01 7.365464348391195415e+01 4.863431603547201831e+01 6.365353696167817077e+01 8.587202019017017562e+01
1.004924977570227327e+02 7.925092448403584910e+01 9.341747066085130768e+01 1.134560041351478787e+02 1.278523702730471712e+02 1.069514329488302735e+02 1.051241375551847170e+02 9.643105475867594123e+01 8.832194579539080337e+01 8.270857803756938154e+01 8.665544871488445722e+01 8.233510430448852446e+01 7.270011294783213884e+01 6.347870719612748758e+01 5.592077816194462514e+01 5.220890525005911087e+01 3.068650568902902265e+01 4.908841147402829819e+01 3.593280289556504670e+01 4.110438146825357109e+01 5.675448590984582609e+01 4.875385572013188096e+01 6.017901543756056526e+01 6.983180559525111164e+01 6.348530072351482545e+01 4.429011764438757837e+01 6.890348618872448583e+01 6.522105876078271081e+01 7.529087841439229578e+01 7.803147449043537165e+01 7.776601760242961348e+01 5.340813655081784361e+01 6.517008743684381500e+01 6.629317117804095005e+01 4.564546217855731669e+01 6.895044152498917356e+01 7.022173315875096478e+01
1.092177127394665206e+02 8.871070320693955580e+01 1.092177127394665206e+02 1.234717155845187051e+02 1.184586951602654779e+02 1.069514329488302735e+02 8.604072296789691165e+01 7.525291067483517793e+01 6.572637376378996521e+01 6.618007251623309628e+01 6.362310433607291316e+01 6.708289955222470269e+01 7.612677665472898525e+01 6.742947322419141187e+01 5.549388656610969406e+01 3.266957124225706366e+01 4.269851082578867363e+01 3.125181739324571950e+01 3.164623395875262801e+01 4.524661444741723670e+01 5.414799819557904215e+01 5.576254923274733954e+01 3.708587105908342352e+01 6.009589489288442365e+01 3.934497411405417466e+01 5.851107218465715221e+01 5.888758086959567351e+01 3.604487740053243527e+01 6.000852370291035953e+01 5.439368647598683992e+01 6.245245618733468973e+01 5.800363405632760561e+01 4.087911245607575950e+01 4.187304135183541831e+01 4.288033969149093139e+01 4.398822447604444363e+01 4.511291010130622681e+01
1.183711738528142092e+02 1.035382477799550145e+02 1.183711738528142092e+02 1.184586951602654779e+02 9.756553977652654908e+01 1.006789817330523817e+02 9.202938714763071459e+01 8.433641776265618262e+01 7.767022866501133649e+01 5.345490442608900139e+01 4.569443102785216837e+01 4.256482972113766294e+01 6.225734658330815563e+01 5.798794324587302640e+01 3.472312984908003841e+01 5.549388656610969406e+01 6.112194920829541900e+01 5.380160145199830879e+01 4.719944556863958240e+01 3.219643552218377636e+01 3.258578094583090490e+01 3.297606001239650197e+01 3.337108274137978015e+01 5.578214905533920387e+01 3.945424153849486970e+01 3.497531613845259812e+01 3.541562340782893159e+01 4.424053593233352188e+01 3.667748566796599619e+01 3.761147397437232343e+01 3.855275918846690075e+01 3.950394100386596108e+01 6.356730224105319849e+01 6.632715439664295332e+01 5.408460722391548359e+01 6.567352647060235427e+01 7.002403726439007414e+01
1.153669096078673704e+02 1.246581058712163923e+02 1.283992986780883427e+02 1.198207825115797505e+02 1.013995052246508806e+02 8.048430087707403402e+01 7.044248448855252320e+01 6.115154713041504664e+01 5.629103186168703132e+01 5.168512878151928192e+01 7.033889946435451179e+01 6.230763610630407356e+01 3.848671871513376885e+01 3.689093218196790502e+01 5.798681214852158661e+01 6.742946964990142078e+01 7.757217099168803998e+01 6.159303959215491631e+01 3.732018383609538859e+01 5.726906659559846702e+01 4.858123101427954538e+01 5.591229467370821027e+01 5.124793577946794443e+01 3.394783173689464917e+01 3.436709714035316665e+01 5.335029748618713086e+01 5.516755269464775324e+01 5.989258010590488368e+01 3.718877260833714615e+01 6.045803640421110714e+01 6.245217645736119749e+01 5.340314058065659708e+01 7.281375183242498395e+01 8.642606559682046452e+01 6.852235965939935625e+01 7.947058664822849039e+01 5.732810176933475077e+01
1.070681288419606290e+02 1.207998814918716164e+02 1.198207825102010275e+02 9.888301315293610116e+01 1.050155438155321832e+02 9.125048405808081498e+01 6.938634611707672661e+01 7.808416749415013669e+01 8.023792741025312125e+01 7.613105292115281486e+01 6.582749227117632529e+01 4.145989303283555216e+01 6.243274387824006055e+01 5.045583373594143950e+01 6.997375194532455112e+01 8.486916804497728606e+01 6.834906131827912645e+01 4.352592791488208235e+01 6.159303959216163804e+01 7.101608032107979795e+01 7.287652047093031626e+01 6.469847729941079706e+01 4.067960376977053016e+01 5.720604185690884691e+01 3.415203629746120839e+01 6.352400660527175802e+01 7.957146145200756848e+01 6.104939059416838631e+01 3.770134912942150152e+01 5.433542449219522297e+01 7.872605391532424335e+01 7.695209732377551859e+01 8.568124606272058941e+01 9.759707464137825639e+01 8.941508869580107444e+01 7.719212474616986697e+01 7.486485231752659786e+01
9.254848114305551121e+01 1.124928479620358956e+02 1.170916662870674116e+02 9.617520860794415682e+01 8.427752335704609266e+01 7.744541545368930713e+01 9.125048405808081498e+01 9.943073904204864277e+01 8.287919396349683154e+01 5.941762418937135237e+01 4.466307610222372659e+01 6.582747996839707127e+01 7.512764740010292996e+01 7.436945702494806199e+01 8.343913513652621816e+01 7.590489472232363255e+01 5.142129605532431214e+01 6.152463248832504661e+01 7.757217106420819164e+01 8.649979547513298428e+01 6.355264915174839757e+01 4.913755591954063107e+01 6.471070254439335656e+01 6.331758289850473176e+01 6.559798206577089275e+01 7.379500091149698449e+01 6.662385947345659076e+01 6.156803361324035961e+01 3.821548250420835302e+01 6.163161835967285640e+01 7.416722922964135023e+01 8.284297754559038651e+01 8.780769519659077105e+01 9.688332297851896158e+01 1.066282565098944843e+02 9.818420386302676661e+01 9.596261189932324953e+01
1.108115031303543248e+02 1.207998822654863886e+02 1.256908775745084057e+02 1.136411561770002407e+02 9.462939570042821913e+01 9.235123954727822593e+01 1.070752483249333267e+02 1.079665608704892321e+02 9.171803877634525293e+01 7.853100933791736793e+01 6.933360964587254216e+01 4.820337377052685213e+01 6.630613091087580813e+01 8.903848913797142473e+01 9.685013672747093949e+01 7.513804079541358760e+01 5.777051830350242767e+01 8.149736646014032715e+01 9.361970964009135798e+01 9.543354471511780446e+01 8.009865269725067094e+01 5.643266392870120285e+01 8.009865290698023443e+01 8.657609290518762180e+01 7.980928724129127261e+01 6.662905956782191197e+01 4.302920571639263869e+01 4.093957999690231020e+01 3.873131390076054714e+01 6.224253810604983528e+01 5.274845381263180144e+01 6.898355141974023752e+01 6.321005948897070681e+01 8.780769519659077105e+01 9.451127063276496187e+01 9.656377429417310054e+01 1.048116121348758725e+02
1.161484529265573400e+02 1.244547738326020578e+02 1.329302685778444015e+02 1.240765991817643368e+02 1.154911881037181871e+02 1.131996784830358820e+02 1.141357720997564229e+02 9.322582949379619777e+01 7.809595806885923253e+01 6.625085697688005837e+01 5.445196940638735583e+01 5.171201399534152188e+01 7.631110896577274616e+01 8.983799820229327793e+01 1.022690233381354830e+02 8.753886697493214797e+01 6.493364192081018871e+01 8.753886697493214797e+01 1.061679581219596287e+02 1.020131194511770332e+02 8.009865290698023443e+01 6.664746534579388992e+01 8.850355534717506600e+01 8.287464443508373790e+01 7.064205825784198112e+01 4.621451928404205489e+01 6.662905956782191197e+01 6.393269532405093969e+01 4.569834616052505538e+01 3.948560829521030513e+01 4.002286952824996291e+01 4.583845795874017170e+01 6.979218090772135952e+01 8.714663198957667589e+01 7.376726680603091779e+01 7.598994426859431428e+01 9.109761804168577726e+01
