MOVIE_S3_data/elevation_000985.asc
nrows	100
cellsize	150.0
xllcorner	0
ncols	100
yllcorner	0
NODATA_value	-9999
[rows 0 to 16 of 100, columns 0 to 36 of 100]
7.773770046158816616e-01 1.077737700461596937e+01 2.491951262834717085e+01 4.491951262834787428e+01 5.949863354979528651e+01 6.787071606055683048e+01 5.621258770356415368e+01 4.784096639588405964e+01 5.621258770356415368e+01 5.795851561049970968e+01 4.958223245557019254e+01 5.397758921209706529e+01 5.873421163322301908e+01 6.395708398714679532e+01 6.981133781216573198e+01 7.658534108547036112e+01 8.496147437313624096e+01 9.509961640411650308e+01 1.061361911670928038e+02 9.795436422009089483e+01 1.061361911670928038e+02 9.970326793459140902e+01 9.152939268241395609e+01 9.970326793459140902e+01 9.027460158157607850e+01 8.211320966495561890e+01 9.027460158157607850e+01 9.958898454539652789e+01 8.821763899382726493e+01 8.004122283864678877e+01 8.004121827955438562e+01 8.821757710383305096e+01 8.596104212592824467e+01 7.778201879192234003e+01 7.778173177539686378e+01 8.595416552009838540e+01 9.731486517348345444e+01
1.667217412783970065e-01 2.016672174127804240e+01 3.906164825207887503e+01 4.302603959486862095e+01 3.932390858498280295e+01 5.381531154250134108e+01 4.545569532877861008e+01 2.773267721910366745e+01 4.071406682971922919e+01 4.377630477783915808e+01 2.946990900976923555e+01 3.383553416897687782e+01 3.855357181609011974e+01 4.372898634103297866e+01 4.953160768149127335e+01 5.626333126555643815e+01 6.642462048916257800e+01 8.674606168177822951e+01 9.628490803760844585e+01 7.827255475010458952e+01 9.628490803760844585e+01 8.987449593395747627e+01 7.190330260505263027e+01 8.987449593395747627e+01 8.046879779614968697e+01 6.253960017493712087e+01 8.046879779614968697e+01 9.138774755739797229e+01 7.173499025518459860e+01 6.044981223249522628e+01 6.044981223161956763e+01 7.490316066451661925e+01 7.462402776715106256e+01 5.819428538652022098e+01 5.819428527601088064e+01 6.948261932658667206e+01 8.911787948590084341e+01
2.375235533300354973e-01 2.023752355332968023e+01 3.142698966234625857e+01 2.293589579221149322e+01 4.302603959486862095e+01 4.220037451912902782e+01 2.535867273293905555e+01 1.772858328452092280e+01 2.064588602659884842e+01 2.369586803021350008e+01 4.377630477783915808e+01 5.397758921209706529e+01 5.873421163322301908e+01 6.395708398714679532e+01 6.981133781216573198e+01 7.658534108547036112e+01 8.496147437313624096e+01 9.509961640411650308e+01 8.811345948509780612e+01 6.852448067145407151e+01 8.811345948509780612e+01 8.171634764373332871e+01 6.214436789428110330e+01 7.193035776900718758e+01 6.627568082635670521e+01 5.274023268337862902e+01 7.232640491994635568e+01 8.614855595719618009e+01 8.259400843235829370e+01 6.298750464842690633e+01 4.910810999494301399e+01 5.528859949099187787e+01 6.647293801518128475e+01 4.683209962140971072e+01 6.073210728305559059e+01 8.033095513771425544e+01 7.920143132690087384e+01
2.578281697790204552e-01 2.025782816977866574e+01 1.138352666823130654e+01 2.624182246019608655e+01 2.818773896525413747e+01 3.016216154429827867e+01 1.380625941417438085e+01 3.385308047123402275e+01 3.481193354748041457e+01 3.786847700004408779e+01 3.125739162989445674e+01 3.703637706212647629e+01 4.337770093550828676e+01 5.049195131139702397e+01 5.954102136049948513e+01 7.127893636852064674e+01 9.156717561346860634e+01 9.468212955761842409e+01 8.158379988054987564e+01 6.203432483547524612e+01 8.158379988054987564e+01 7.744680927660199643e+01 7.192930037455778347e+01 5.234182669246120412e+01 4.662428078427294054e+01 4.574124657509719327e+01 5.843394510503607364e+01 7.229125053111617660e+01 8.208983639958672995e+01 7.688147118861675722e+01 6.103373235689290510e+01 4.134448817197213799e+01 5.447058397391148077e+01 4.153588572656865097e+01 5.547839336862697479e+01 7.509320195946233412e+01 6.785436062434114035e+01
6.835178870107115889e-01 2.494232807861086254e+00 4.312414626042912147e+00 6.210730617547918442e+00 8.153302342262463753e+00 1.012396089859132609e+01 3.016216154429827867e+01 4.220302651614421308e+01 5.496307967244035808e+01 5.803905622341256532e+01 5.138311196475621756e+01 5.720541036937283508e+01 6.360038437691432733e+01 7.076962447847812143e+01 7.915190775615712937e+01 8.822145823846231849e+01 9.991006931991103102e+01 8.652067292943868893e+01 6.692100776221036540e+01 5.638833999402329766e+01 7.170290261039326651e+01 5.782003420749516920e+01 7.170306465254884642e+01 7.193035776900718758e+01 5.884820058358067030e+01 3.910667519675253345e+01 4.449625662557420469e+01 5.437525034504998445e+01 7.397047751165622742e+01 8.059097967602386348e+01 6.917852606811200644e+01 5.447065760984143168e+01 3.478278829307356546e+01 4.871528183276828372e+01 6.836483343665138079e+01 7.358123636998064399e+01 5.395490144230173968e+01
8.765780624806145394e-01 2.039694697020195946e+01 2.426888118759077173e+01 1.776027712304246364e+01 2.818773896525413747e+01 3.016216114547825455e+01 1.459609759448525246e+01 3.464529934629327812e+01 4.317773688044086100e+01 4.728053037839981698e+01 5.178109576445611140e+01 5.667159200425330567e+01 6.306566058270028918e+01 7.023510755308610953e+01 7.861909262786251418e+01 9.032575885639772650e+01 9.336499677442043321e+01 8.203517242163127321e+01 7.051761333306852464e+01 5.092476588406516669e+01 6.356702734749287487e+01 4.387738493692646813e+01 5.219919944128849920e+01 6.034730719346107719e+01 5.489986676929547826e+01 3.513685922203352874e+01 5.489986676929547826e+01 7.229125053111616239e+01 8.208983639958667311e+01 7.242796464889728725e+01 5.278692836754934348e+01 5.135772541247470713e+01 3.169742553130853224e+01 5.135768016776270883e+01 6.447868932617495830e+01 7.267846504686676212e+01 5.612356214449051350e+01
3.336530771559016451e-01 9.277923622298221318e+00 2.927392062305810683e+01 3.782782898262964011e+01 4.618352805630892988e+01 4.299655031577907494e+01 2.614911410878649178e+01 1.944682783179563756e+01 2.309835603863488274e+01 2.718102920037021519e+01 3.165395548604582032e+01 3.650755944872494041e+01 4.284584036448501365e+01 4.995684927898536642e+01 6.165040000741461057e+01 8.196203614453324349e+01 8.520171182235097262e+01 6.561270823472831637e+01 5.431458499025475106e+01 4.624792956222496088e+01 6.034124750689997541e+01 5.219937217880754332e+01 3.243425337159247590e+01 4.807805230652496675e+01 4.717484818850385864e+01 3.188528453199468515e+01 5.165085720006501191e+01 6.506551846342470924e+01 7.321279963692821013e+01 7.027820071643665756e+01 5.063890810840631929e+01 3.671788530213824941e+01 2.866852954848598856e+01 4.835955855214449173e+01 4.415120339818275852e+01 6.103003284881901891e+01 6.328375031989099142e+01
2.692912384917900415e-01 2.026909070622165032e+01 2.560501709043026253e+01 3.973529765109137912e+01 5.964031706069539496e+01 5.461955571867387960e+01 4.625130287530555506e+01 3.100416815063277554e+01 3.310693076047503070e+01 4.136556334267735480e+01 5.178109576445611140e+01 5.073791308663219013e+01 5.295365071491446685e+01 7.023510755308610953e+01 7.861909052690121769e+01 7.425543783475636417e+01 8.234928175748338219e+01 8.203517242163127321e+01 7.166628039027102659e+01 5.205074803888413015e+01 4.061774744442174523e+01 3.710430350603565586e+01 4.807791723616263369e+01 2.829701111229736554e+01 2.738940841151857697e+01 4.717484818850385864e+01 5.114587204818528932e+01 4.538016571955509448e+01 6.506551846342470924e+01 7.084799441838083567e+01 5.120603335952210955e+01 3.728853359770761244e+01 2.577093206686493687e+01 4.185448922670995131e+01 3.076853568678696149e+01 4.688641990776610413e+01 4.873047241531531171e+01
2.740426242073276120e-01 1.441620296631000819e+01 3.441915756185596109e+01 4.465791486184333081e+01 4.907375311410942942e+01 5.391628619131825673e+01 5.950800513681332404e+01 5.113334723214526178e+01 5.324854300040676947e+01 5.324854300040677657e+01 6.994092031361056172e+01 7.099676012194152008e+01 7.321453363543676573e+01 8.158967008352423989e+01 7.114163471838357111e+01 5.489626070542717429e+01 7.114163471838357111e+01 7.966388863281164845e+01 7.980802953057022364e+01 6.847616681366552882e+01 6.034124750689997541e+01 4.855012083478262497e+01 5.622927929072594111e+01 4.412189619967680443e+01 2.426862964557517444e+01 4.125632400235435426e+01 3.136677595652339079e+01 4.538016571955509448e+01 6.506551846342470924e+01 6.989758806881201281e+01 6.181598811397861226e+01 5.373448903493477502e+01 4.185395450419877506e+01 2.170153613404575310e+01 1.915370218738060970e+01 1.878825838938017156e+01 3.900675849981104903e+01
8.627856460739585787e-01 2.086278564607360408e+01 2.695509864549857681e+01 2.463589877541345530e+01 2.910386526241035909e+01 3.395004663148486657e+01 4.533658620788493465e+01 5.361446008805442887e+01 6.360025990202255031e+01 7.348454062638516859e+01 7.075547764292370800e+01 6.192474239485127896e+01 7.075547764294144315e+01 7.403655495871339554e+01 6.307841171449465634e+01 4.347487839759133976e+01 5.209569331326888886e+01 7.156824201071374603e+01 6.981655344565234600e+01 7.799422113116477817e+01 7.633857014309339206e+01 6.819872847282172756e+01 6.382826297790857240e+01 4.412189619896479797e+01 4.125632400235435426e+01 2.129382205149307694e+01 3.853976948091023047e+01 4.671508923291752780e+01 5.839738476110984067e+01 6.181598811424512263e+01 4.217338119816330533e+01 4.792603555419700001e+01 4.376928135423749922e+01 3.048974094248860567e+01 1.825839345112641254e+01 2.719507896246610557e+01 1.932431751456469371e+01
2.490127916613376069e-01 3.582346119521630623e+00 6.962963031963562699e+00 1.049849570351254613e+01 1.497060597706248153e+01 1.982112149119073052e+01 2.536702588247217349e+01 3.535615284590957685e+01 4.946736571970676977e+01 6.943933323008880620e+01 5.997689527831040834e+01 4.026904291656855861e+01 5.997689527831040834e+01 6.594700139966558083e+01 4.638015505772961689e+01 3.592970987874195998e+01 5.566897257730140325e+01 6.663045478882446560e+01 5.015879203620674787e+01 6.663045478882446560e+01 7.289885758365929291e+01 6.474905709822390065e+01 5.653765949801902480e+01 4.834112810852396791e+01 4.941707712860846158e+01 3.853963887153010859e+01 1.847478445429776173e+01 3.016683663668640492e+01 5.002972354730252391e+01 5.359446657863900043e+01 4.792243513933222943e+01 2.811314508014159586e+01 3.733355218887061255e+01 1.773616392251555851e+01 3.779138707967814526e+01 4.067954109819168451e+01 3.806510623775773183e+01
8.485705281016824308e-01 2.084857052810132672e+01 2.695509864546309942e+01 2.463453623122360625e+01 2.118152693924083252e+01 3.979802280375584900e+01 4.533658620788493465e+01 3.799945209221738907e+01 5.796209712605948994e+01 6.391298778849706252e+01 5.109689265570992234e+01 2.992184156453778954e+01 5.109689265570992234e+01 6.476170847661511232e+01 4.997073826193668822e+01 3.032142954114250344e+01 4.997073826193668822e+01 5.846713960424347789e+01 3.881470157360349305e+01 5.846713960424347789e+01 6.167161202770459738e+01 4.539783475464036400e+01 4.834112810578874075e+01 2.845879555084051660e+01 3.428161145656908815e+01 3.404794763258558277e+01 1.656746580448989903e+01 3.660739390585226971e+01 4.760211794197667245e+01 3.363314698514529510e+01 3.647134614678827091e+01 3.594238053037020819e+01 1.721707752381088596e+01 2.683914963502732220e+01 3.260847827850324876e+01 5.214609364458086560e+01 4.462072121456709795e+01
5.097248530424480784e-02 1.433021058233994793e+01 3.526458614410370984e+01 4.460834368029962604e+01 3.526142403110181789e+01 3.522516626088835778e+01 5.482183489990359959e+01 5.211084788250083477e+01 6.624842684472082510e+01 5.508511810950103893e+01 3.388606061802571645e+01 2.326857042928671859e+01 4.403854229198582715e+01 5.667680414087548968e+01 3.703960160057334861e+01 2.596164230321623023e+01 4.533935178176366776e+01 5.151895350508650040e+01 3.181972690719750219e+01 5.151895350508650040e+01 5.357662366900766671e+01 3.475872131522337583e+01 4.271210267893118839e+01 3.428218683817679846e+01 1.378696402570843205e+01 1.392038525222800160e+01 2.454299778778115737e+01 4.119001612797166700e+01 3.954757718689472057e+01 1.998415095597270863e+01 1.633476890391926162e+01 1.669960704748306668e+01 3.682808796750402536e+01 4.407361572662500038e+01 5.179268199582211452e+01 6.049415347441964741e+01 5.289470564004741249e+01
2.550521787762166648e-01 1.965711462651089647e+01 3.113820064800346188e+01 3.957595661417526145e+01 5.508509367380612076e+01 5.439310682285000809e+01 6.296231193875098597e+01 7.208858052556594487e+01 6.003775106618569879e+01 4.919203501743206175e+01 3.777616014882114825e+01 1.728329029389834304e+01 3.777616014882114825e+01 4.398530544774805406e+01 3.592755449218070396e+01 2.226359524428612247e+01 4.129831709077163993e+01 4.557941320641494798e+01 2.576295041210907044e+01 3.780675701576423364e+01 4.597870460612570298e+01 4.269391803841096333e+01 2.464462413069578517e+01 1.889172420525779472e+01 1.343488320286341420e+01 3.354133087144400349e+01 1.443279789219084996e+01 3.454361194176759398e+01 3.542192972268745876e+01 1.581908589479843563e+01 3.594771217498188776e+01 2.058449421759230091e+01 2.384619128173694591e+01 4.376292801632205709e+01 5.999519307701293513e+01 7.136200236714192613e+01 6.983765565016962285e+01
8.916207294569349351e-01 5.891629329017902705e+00 1.105573112518285583e+01 3.116288429632448143e+01 4.783958637875580422e+01 5.693278666332890481e+01 7.032428349837039150e+01 6.663922585640477791e+01 4.458935313572708026e+01 2.951515537771096831e+01 1.932302867398752255e+01 1.245400589369474176e+01 2.781113394403077166e+01 3.379687223483311698e+01 1.728303453954642777e+01 3.306408998435366442e+01 3.718529176293313299e+01 3.859037399391561962e+01 3.107598748313998627e+01 1.788369959255026842e+01 3.780675701525295551e+01 3.969187131762593168e+01 2.581982773813592047e+01 2.159989248016379904e+01 1.308466979666565244e+01 3.595638955212447030e+01 2.495431922434976002e+01 1.494502853469267301e+01 1.530521154830495512e+01 3.532071703415204666e+01 4.375547989356009992e+01 3.480547515020458604e+01 4.376292801632205709e+01 3.205795923079377729e+01 4.351912014638730142e+01 6.320218460668121452e+01 6.170217107851820515e+01
5.108012481754142797e-01 2.051080124817505990e+01 3.115873172024583582e+01 2.000933604519302023e+01 2.711330196100469436e+01 3.901209342586378170e+01 6.105208483927884799e+01 6.241034161182811602e+01 4.971079616793206668e+01 4.151422991410425567e+01 2.886805028353440861e+01 7.429937314619809108e+00 7.633438730819395168e+00 2.055142628184880849e+01 2.557780521832756193e+01 1.236670997646390724e+01 1.807727550739188516e+01 2.899074489311576386e+01 1.211687198370760754e+01 2.939871353665568776e+01 4.513962592283864694e+01 4.690768166933943206e+01 3.346132354051989211e+01 1.757902407801723754e+01 1.273472282222117258e+01 4.041284383009804770e+01 3.962722788327864976e+01 2.908985078934043855e+01 1.696439763760160702e+01 3.666930684928972539e+01 4.985435193507331064e+01 5.496320993024293955e+01 5.999519307701293513e+01 4.351912014638720194e+01 4.822774323405923980e+01 6.790268317515163687e+01 5.734234042116833052e+01
5.195627768054871254e-01 2.051956277680513097e+01 3.605507420225148962e+01 4.028716300071751277e+01 4.783849244242605181e+01 5.678424194926401469e+01 5.186657880288097289e+01 3.995259790151840207e+01 3.643166203190207142e+01 2.217215090185094439e+01 2.292325745634045830e+01 7.177835148247982744e+00 2.555126319142967262e+01 8.110842865000568835e+00 8.444616568265461254e+00 8.774367490181804285e+00 9.106148676753411664e+00 9.438674904235035967e+00 9.771428578392088227e+00 2.425411648428742240e+01 3.699566214529734509e+01 4.785697846734170469e+01 3.281341912637672920e+01 1.223993246969612159e+01 2.680852128274944235e+01 4.079199318657902040e+01 5.607519471170554226e+01 4.419191687214268427e+01 2.449331080749930578e+01 2.171637935984138323e+01 4.176141357625107275e+01 5.538100185495244432e+01 7.136200199212110817e+01 6.320218446764802422e+01 6.790268317515163687e+01 7.327995192302851990e+01 5.376044397389355822e+01
