MOVIE_S3_data/elevation_000299.asc
nrows	100
cellsize	150.0
xllcorner	0
ncols	100
yllcorner	0
NODATA_value	-9999
[rows 17 to 33 of 100, columns 37 to 73 of 100]
3.412390234863123339e+01 3.534316963895725650e+01 4.617078003081228132e+01 5.469047582122192352e+01 6.339552596641631510e+01 7.310503619465632141e+01 8.933849144482395843e+01 9.593682169618790567e+01 1.038594874556805934e+02 9.465714055692073714e+01 7.847505011944423359e+01 9.465714055692073714e+01 1.033956586904101158e+02 9.715975255102085839e+01 7.754342862908565337e+01 6.775751816373968950e+01 6.029599122324743377e+01 5.399569115103584949e+01 4.881686223045997508e+01 5.399589724399571367e+01 6.959249225041799036e+01 8.006261266602353999e+01 6.750542157618309602e+01 4.744424879067953071e+01 3.322468739027206652e+01 5.319503293638828723e+01 5.229366673490699924e+01 7.218566054393640741e+01 6.967171696163551076e+01 4.985091564828515942e+01 5.565448749787077531e+01 3.755585539868816625e+01 5.059940860060196854e+01 6.445318462267421467e+01 5.989695692995638154e+01 7.765665789336630098e+01 8.579536363055424886e+01
3.659094245983737181e+01 4.201565526474748680e+01 4.371043089114895963e+01 6.179967825125722669e+01 6.632628517103047727e+01 7.345984545482298245e+01 8.136851290694536942e+01 9.242231827642304154e+01 9.147294815076712382e+01 1.002273788121067781e+02 9.703990964066130687e+01 1.049495742901158479e+02 1.042871568127971074e+02 1.054322891965319258e+02 9.557208798311269504e+01 7.994572733263841258e+01 7.012627160639398483e+01 7.373193518115945722e+01 5.879320682294675748e+01 7.334796151043585155e+01 8.130318511722332175e+01 7.589963148425459849e+01 5.690081868551140332e+01 5.402781460188346330e+01 3.483087422312846115e+01 3.720676110348929910e+01 6.839664211256213378e+01 8.043390812650292787e+01 7.780981407148172480e+01 6.967180071331519287e+01 6.572126454416951447e+01 5.756298204020070131e+01 3.949603524349916484e+01 4.636038952597890983e+01 5.758338915203120223e+01 7.018549720498448607e+01 8.782318690653718818e+01
1.889703426012461307e+01 2.465773861077436990e+01 4.518947994000134116e+01 5.717686775951698763e+01 4.752825185272012476e+01 5.568681357733014181e+01 6.737484576518939150e+01 8.330846917490225678e+01 6.812572358199702194e+01 8.151290184498652991e+01 9.034821732285486462e+01 9.810337388060338526e+01 8.336436244159160935e+01 9.810337388060338526e+01 1.079170290834570665e+02 9.801301384500042957e+01 8.977529827300595855e+01 8.666529625449852858e+01 7.847441949319171783e+01 8.666529625449445007e+01 8.399689111187895207e+01 6.992880218281727878e+01 5.717382868865122703e+01 3.722283262833108353e+01 5.482248379570306440e+01 5.048529525011993968e+01 5.812309175844866616e+01 7.986569248586808101e+01 9.493317149530633969e+01 8.320283228180433355e+01 7.460938720775597233e+01 6.126055767293462395e+01 4.090590750478919091e+01 6.092640342396772013e+01 7.028494405962241842e+01 7.534784054653398755e+01 8.368182285209014992e+01
1.808578514674602644e+01 3.925865760194606224e+01 3.213828739776522525e+01 3.759410081715181207e+01 5.163154689611512538e+01 7.056445659563965478e+01 8.136851290694407624e+01 7.541339730876002534e+01 5.543756791245125726e+01 6.047857729466897325e+01 8.151290184498652991e+01 8.881739524062034263e+01 6.873852022059882927e+01 8.881739524061246982e+01 1.008184550020277044e+02 1.062307632776747255e+02 9.630342826785589239e+01 8.800179000444012445e+01 8.061092509020996033e+01 7.519144248053834190e+01 6.438585317596692903e+01 6.173399004795282252e+01 4.185670751651799293e+01 5.717382867979299732e+01 4.006721944361788701e+01 5.420280963588124479e+01 7.391126036855477821e+01 8.821502585830786813e+01 8.669663801928813029e+01 6.619982640586827927e+01 5.275778557546421865e+01 4.366168103381556875e+01 4.237052401070316421e+01 6.270221518971779773e+01 5.042262266037020169e+01 5.486500794989177621e+01 6.675957129030648218e+01
1.849740840625943150e+01 3.939724099878448271e+01 5.197563120606793063e+01 5.717686775951698763e+01 6.504400680436849314e+01 6.256738848349738191e+01 6.550885053730345930e+01 5.884233900588986188e+01 4.626390211836518063e+01 6.252576166330767649e+01 6.683805428789774794e+01 7.148322473483915473e+01 5.974249615906623490e+01 7.142199075032772271e+01 9.221710931079510942e+01 9.785156034891775789e+01 7.815201965996251943e+01 6.844739946771436223e+01 6.107070265455379143e+01 5.558775911766253586e+01 5.042562775231911587e+01 4.674829491823238214e+01 6.173399004757149555e+01 6.198353901897124274e+01 4.210280185910647788e+01 5.621947759870238315e+01 7.589921427413580091e+01 8.759508516677671253e+01 9.146235426091217846e+01 7.113213325053388303e+01 7.460938720775597233e+01 6.769246657061476924e+01 6.270229655574960503e+01 4.445462385576420417e+01 6.481492060047040127e+01 7.534783888387707407e+01 6.264759108624868844e+01
1.891447721596328790e+01 3.969017438663664166e+01 4.500945590612246860e+01 5.308562367200944720e+01 4.606875255684384740e+01 4.218891095124771340e+01 4.945649213382964149e+01 3.768432101400284040e+01 5.413698374914464750e+01 4.227811000858712021e+01 4.661160899883179098e+01 5.123539611238664548e+01 6.122650398481854239e+01 7.563864940620230470e+01 9.646977722510500541e+01 1.062307632777176281e+02 9.451526065675881227e+01 7.485156072275886174e+01 7.847975536536493735e+01 5.889735830120935844e+01 7.012979320128896177e+01 6.078133847096102471e+01 7.472713324598515783e+01 6.403046497925744518e+01 4.418478142591530400e+01 5.089860397615500176e+01 5.977363776962945963e+01 7.105937224316831191e+01 9.068039065973395907e+01 9.146235426091011789e+01 8.795258414630697530e+01 7.503220678304039382e+01 6.642116990564956325e+01 4.604015231893319537e+01 5.781184862860799711e+01 7.818146211665941792e+01 8.230787403323915896e+01
3.910253371161105207e+01 1.951353101720699001e+01 2.358142035736003095e+01 4.263749760615395701e+01 2.564565248774551520e+01 2.781717414513532205e+01 3.001036403893265003e+01 3.247041097660974884e+01 3.638932687857720794e+01 5.668076809710154151e+01 6.683805428789774794e+01 7.148322392601158981e+01 8.005096298316024672e+01 9.034643668272005357e+01 9.529806871752981579e+01 1.038891284136546460e+02 1.028656221094702090e+02 9.451526065675881227e+01 7.847975536536493735e+01 6.631032467590742385e+01 8.587420834719819140e+01 8.041642182734942423e+01 8.008016107077008883e+01 6.045574053535963799e+01 4.640539577635315283e+01 6.620360023332487742e+01 6.699334500110664692e+01 8.662813163297276731e+01 9.900303959069580628e+01 9.089200836293265695e+01 7.119369211789421570e+01 6.188069851960345602e+01 4.834162253642567464e+01 6.642116990564956325e+01 7.477970728593757599e+01 8.648435018308394717e+01 9.871986677822518175e+01
4.399049098992433215e+01 3.915929174372826793e+01 2.010851967071168289e+01 2.250333884327016776e+01 4.287314070759936868e+01 4.813712396218176082e+01 4.438733981359797554e+01 5.275649149117548120e+01 3.708357172399114887e+01 5.734474335548125623e+01 6.574622025550712578e+01 6.963051458165479346e+01 7.375997765166951581e+01 7.831119136548518611e+01 7.449347779965523841e+01 9.191044384828622071e+01 1.005286701223809871e+02 1.066056504353936418e+02 9.416106193155646054e+01 7.754555213527534363e+01 9.416106193155646054e+01 9.640180931816802001e+01 8.228556011628289468e+01 6.268354439510668641e+01 4.868201424712244574e+01 6.779336449889954963e+01 8.487852729884839675e+01 9.492149719768522687e+01 1.030092557394468002e+02 8.302125532582186906e+01 7.174281585595790034e+01 5.131273496946762691e+01 5.102460045382786546e+01 7.145225714467434841e+01 8.049873348401484918e+01 8.593775442190951708e+01 9.175924149860746581e+01
2.479470942644303122e+01 2.565563071051360566e+01 2.053032533531188975e+01 2.353075192969527052e+01 3.497031729902531083e+01 5.614513124967290736e+01 6.478283032237359862e+01 6.582662216221868334e+01 5.734474335548125623e+01 4.196074856564835898e+01 4.555827665041841357e+01 4.944712919157143460e+01 5.352982280642312674e+01 5.795754487704311231e+01 6.343641177614234294e+01 7.103448053136783358e+01 8.303060668731592386e+01 1.040405269916407320e+02 1.056240680542335042e+02 9.725136431207181431e+01 1.021039555705483082e+02 8.230565221721681723e+01 6.849946763975916042e+01 7.071638560637497051e+01 5.101455179656768024e+01 5.906932620511803833e+01 7.238062543882178090e+01 9.198521065670989572e+01 9.719446554393647375e+01 7.715051943111386379e+01 6.264811905785654034e+01 5.346355247962745239e+01 7.145225714467513001e+01 5.493563976567652674e+01 6.005610240180723736e+01 6.558678789410711829e+01 7.159306374728711830e+01
4.134279118323097180e+01 2.111453535258678471e+01 4.103459662657137841e+01 4.439700403461927181e+01 5.365549432672337105e+01 6.495250510518289389e+01 6.885002921346465143e+01 7.133192947741275702e+01 7.068127886744451871e+01 6.217746229203988406e+01 5.713474288426358783e+01 6.963051458597398380e+01 6.771090418148008894e+01 7.222159190864161360e+01 7.789124328964523158e+01 8.018150219415107927e+01 1.005286701223809871e+02 1.126005481899461529e+02 1.095622795694015252e+02 1.006614701397120228e+02 9.233050556281165200e+01 8.579929970117760263e+01 7.424173689955367195e+01 5.462154875692804268e+01 7.071784069601973499e+01 6.475818102026134682e+01 7.748035912719514329e+01 9.605663368906142807e+01 1.018754775853666104e+02 8.777724135222726431e+01 7.615620623002300249e+01 5.569442739054206015e+01 7.603123596087976921e+01 7.538793398230804144e+01 5.976046590359214861e+01 8.020796248974733089e+01 9.175924149860746581e+01
4.193387720455984180e+01 2.152392876949531342e+01 4.171120453407579021e+01 4.574329070069367020e+01 5.399238101938783529e+01 5.243477473406372269e+01 4.909787163993289738e+01 5.163247552469841395e+01 6.555850936060737411e+01 7.715284774210788044e+01 7.750971786234539707e+01 8.609211482392852588e+01 8.836373286319218323e+01 9.301278496361678094e+01 9.881637125891182905e+01 1.010997455702283361e+02 1.096728594110033583e+02 1.153482422420214135e+02 9.528441227665838653e+01 8.141544875247812740e+01 7.273688797790947547e+01 6.626518723840443670e+01 6.121398359647432841e+01 7.424173689955367195e+01 5.923979864722496558e+01 7.878617768315467629e+01 8.006645361596945065e+01 9.896212246603964502e+01 9.118987002458207769e+01 7.360022264990683993e+01 5.902916418843811641e+01 6.599881506158889977e+01 8.437786151922470879e+01 8.370845728068059088e+01 6.329625268362342183e+01 8.370868896769520973e+01 9.526437662419014885e+01
2.355561422842462704e+01 2.192507623121357341e+01 2.631939507360103292e+01 2.568517874568405901e+01 4.579351435650597324e+01 3.235802264088933811e+01 3.484237674419876640e+01 3.740704656416470186e+01 5.740231200181052174e+01 5.752970938977161808e+01 7.715284774210788044e+01 8.248429497164522672e+01 9.066087234707610776e+01 9.217135155639793709e+01 9.369062765724237352e+01 1.019192797764075067e+02 1.033557363265967268e+02 1.116099060071798306e+02 1.095622795694015252e+02 1.006614701397120228e+02 8.216943784002918960e+01 8.579929970117760263e+01 7.499671019444758713e+01 8.208513338289535000e+01 6.256824810644928192e+01 8.208513338289535000e+01 9.896212246603964502e+01 9.850719173128895534e+01 7.759294837181224125e+01 6.250831107214836635e+01 7.949890012207067969e+01 8.631359739845716206e+01 8.631359739845717627e+01 9.197569753951195537e+01 7.522427730469853202e+01 6.896020555717682043e+01 7.522978080547716218e+01
3.465770474849889382e+01 4.207627189078362306e+01 2.247590370002712135e+01 4.277998965207502380e+01 2.890650369588676583e+01 3.904766668442206878e+01 5.488314457682265868e+01 5.740231200181052174e+01 4.122689639815133944e+01 6.113062266074042839e+01 6.805640110524284125e+01 6.299958473482521981e+01 7.468193967984662152e+01 7.263071776192367679e+01 7.413433367501811233e+01 8.725889497326991773e+01 8.364121243350561485e+01 1.004047225982324676e+02 1.086635357121687235e+02 1.103491438597388026e+02 1.019503328200773069e+02 1.030060744900621472e+02 9.043019869057003746e+01 7.085928577263345574e+01 6.682443393685832689e+01 7.802557447331479068e+01 9.770915401722851357e+01 9.663768938525278429e+01 7.880984930308306957e+01 6.505959857678800518e+01 8.547317175212674556e+01 9.846850293691090883e+01 1.062460997901642372e+02 1.035324679949600295e+02 9.529861083551344336e+01 8.081061289871485087e+01 7.740675679983715440e+01
5.445956253749474740e+01 4.296697081396755635e+01 2.286150192995777175e+01 4.315699980766922295e+01 4.071759878184704462e+01 5.721152680307872629e+01 5.537220415544732077e+01 6.927307114777531183e+01 6.113062266074030759e+01 4.530200971530037890e+01 4.836476796715997040e+01 5.164187326016135415e+01 5.518192921338282275e+01 5.892312486671277583e+01 6.299701669610330867e+01 6.782249932920528579e+01 7.389264856150154515e+01 8.070679563655001232e+01 9.200186916016122041e+01 1.118832338589151902e+02 1.118342228606506978e+02 9.184991699961273071e+01 8.056411888892748152e+01 9.043019869057003746e+01 7.152610961987447524e+01 9.108970175774086897e+01 1.060818354524917311e+02 1.014895792016864107e+02 8.138258565822937385e+01 6.916451204967084720e+01 6.999453652562304740e+01 9.024663783025270902e+01 1.012194777270948833e+02 1.094285062671654174e+02 1.089473940537844925e+02 1.007162349512162507e+02 8.419246579500567407e+01
4.954256320601398755e+01 4.329360510505510007e+01 2.323918580901645470e+01 4.347538424275073510e+01 6.111259111005454514e+01 6.957524133531651955e+01 7.506217848296961392e+01 8.321218658898530407e+01 7.322182916731888724e+01 5.530459343119776605e+01 5.830025569509763983e+01 6.552088939918550636e+01 6.896720946111963713e+01 7.263071776192367679e+01 7.413433367501811233e+01 8.725889497326991773e+01 9.344045373327097082e+01 1.004047225982324676e+02 1.086635357121687235e+02 1.201583852859334485e+02 1.203075573671172407e+02 1.086897743364480533e+02 9.184991699961273071e+01 9.852919733612002062e+01 7.884613963389382718e+01 8.122191834193002080e+01 1.009574867718712028e+02 1.100405637895487132e+02 9.377661594030988113e+01 7.364191215046295724e+01 9.024663783025270902e+01 7.522608774564132261e+01 8.143252847452538390e+01 1.012194717013474872e+02 1.199753065227919393e+02 1.122005760999266073e+02 9.308133773249622323e+01
2.941410635149008357e+01 4.374093989799499127e+01 2.360994163874322638e+01 3.772477009316862961e+01 5.669637688714919221e+01 6.986468038406700032e+01 7.188716714273168407e+01 8.004205482523295245e+01 8.302085725490817936e+01 6.914369412692147421e+01 6.955677489026268745e+01 8.502937407936209979e+01 8.847851887920063518e+01 9.217135155639793709e+01 9.369062765724237352e+01 1.019192797764075067e+02 1.004563397470176795e+02 9.703367846723445211e+01 1.053449192422501852e+02 1.168442995310227417e+02 1.195694774770440603e+02 1.203075573671172407e+02 1.118342228606506978e+02 1.069102923934704705e+02 8.858010304036342575e+01 8.993907379541502678e+01 1.093572593508360455e+02 1.121650566882278497e+02 9.246154411790519134e+01 7.830494004818866927e+01 9.823256910694453836e+01 7.985657220512317167e+01 9.968789311785619134e+01 9.206961323315341872e+01 1.117265486539954367e+02 1.210427515184988323e+02 1.069652826178183602e+02
4.517196384972034906e+01 2.458705248161658119e+01 2.397748257275902617e+01 4.395845486266514257e+01 4.190424027086967840e+01 5.612589007881381065e+01 5.222211422281665705e+01 6.867962408591333201e+01 8.003550463535138704e+01 8.869773732168738434e+01 8.909014028315272071e+01 9.729476577695692185e+01 9.453628100158431380e+01 8.632212977505832896e+01 9.453628100158431380e+01 9.484377931806612594e+01 8.089639337859529178e+01 7.756151452289465453e+01 8.867668546531128015e+01 1.084495432071103949e+02 9.942898965511895426e+01 1.079413614114452145e+02 1.163698028082947502e+02 1.169352801529699803e+02 1.025507797610984113e+02 1.013275031856109507e+02 1.183377302991456759e+02 1.170859711560178198e+02 9.740231328485769779e+01 8.342770775593939447e+01 1.031675231967645914e+02 9.968791346108135087e+01 8.677547489701832717e+01 1.064290041947910055e+02 1.059312053767971094e+02 1.257177377109432399e+02 1.268031548827332671e+02
