MOVIE_S3_data/elevation_000555.asc
nrows	100
cellsize	150.0
xllcorner	0
ncols	100
yllcorner	0
NODATA_value	-9999
[rows 51 to 67 of 100, columns 37 to 73 of 100]
1.035377977562174436e+02 9.282001286481238367e+01 7.317251535426838416e+01 7.694062171697576957e+01 9.727015399262985795e+01 9.286355979531550986e+01 8.334490634660855335e+01 6.858066974261990367e+01 4.836397891232800816e+01 6.858066974261990367e+01 8.667678957369658121e+01 9.694927933707576528e+01 9.842103706863849766e+01 1.068077809788047148e+02 9.673033388691605694e+01 8.848328751742640463e+01 9.413569113784330966e+01 8.543640350872796319e+01 7.534396389176048103e+01 5.974534979221672160e+01 3.991005485141033660e+01 5.975080190121103385e+01 7.555408822912730216e+01 7.900988918531022875e+01 5.996075015778385620e+01 7.779788351181045414e+01 6.962978009768325194e+01 5.815733777051340780e+01 7.802978334531819371e+01 6.488559785587706585e+01 8.519361264234453301e+01 8.095535262498728457e+01 7.259584396135606710e+01 5.574577604599396352e+01 7.614729502977357356e+01 7.532507418682617129e+01 8.785427418353546614e+01
1.089629911872954295e+02 1.019064950832958516e+02 8.491725359913564830e+01 9.132076519347276644e+01 1.056667101637394239e+02 9.633272407959975681e+01 7.187292024483748776e+01 5.352252335502001301e+01 5.711967672507349647e+01 5.467295477545709304e+01 7.298905565858028410e+01 9.684892645255303023e+01 1.111277458102165951e+02 1.008704905219509840e+02 9.232217250811856957e+01 8.547179439775023013e+01 7.350084159769902215e+01 7.437141754811599981e+01 7.450131666529884455e+01 5.428027443639168581e+01 4.034626898091254787e+01 5.437073631865937529e+01 7.519733315153931130e+01 9.034167837179745675e+01 8.232215015641655498e+01 9.005366207235289266e+01 7.404896377151587217e+01 6.715537238293579492e+01 8.619220756902392111e+01 7.500978009508753530e+01 9.362436295031729117e+01 8.409985395438559408e+01 6.382479498087422343e+01 7.614729502976774711e+01 5.994639671475530918e+01 6.363537103897596836e+01 6.762103937775158613e+01
1.006606657457436285e+02 1.136273379307512812e+02 1.052386153453997650e+02 1.116332491193852690e+02 1.041144859798644688e+02 9.496586813617703626e+01 7.736951843960235919e+01 5.735832870097199532e+01 7.305429805872489624e+01 6.049834899179640502e+01 7.426555347798282014e+01 9.472730141633897460e+01 1.027497664604026113e+02 8.211584672743950364e+01 7.170126982509515301e+01 6.484781648377527574e+01 5.902984178069732479e+01 5.407360957785197542e+01 6.764197874378538700e+01 6.066627828628304542e+01 4.078210496088544801e+01 6.019597085580662110e+01 7.075258444184683526e+01 7.946828425407791485e+01 8.871022333589196762e+01 1.010253837916036304e+02 9.295211775606620108e+01 7.853142385490623667e+01 9.512283566788465805e+01 8.940768372568220457e+01 1.037789507741864412e+02 9.020440662027029077e+01 6.995797687887755956e+01 8.515956234502286293e+01 6.491300545477334083e+01 8.388620957924902655e+01 8.785427418353546614e+01
1.034871731827637262e+02 1.018609640210982406e+02 1.102708953659244742e+02 1.101101449245679191e+02 8.967315791217446019e+01 7.518401615135384475e+01 6.608075990120161691e+01 6.312795459830946498e+01 8.351706719267770040e+01 7.022419668496640099e+01 7.442888024876147313e+01 9.478603581076093576e+01 1.111277458102165951e+02 1.008704905219509840e+02 9.243280659392107168e+01 8.550278911427511730e+01 7.954464507342989066e+01 6.764197996298710791e+01 4.739008645157188937e+01 6.099758782346628294e+01 4.121741810851013810e+01 4.563708685010345789e+01 5.080806219065238594e+01 5.961632029259798315e+01 7.414000415163152979e+01 9.479669275288357255e+01 1.040948652629453761e+02 9.838664190993759462e+01 1.070118003949274623e+02 1.097833971503196295e+02 1.045559610888522855e+02 8.426005552479973915e+01 7.900070337737346904e+01 9.038469608376053088e+01 7.014784013193410317e+01 9.038469608376053088e+01 1.028424302048182852e+02
8.738335956989054409e+01 8.138772261676457731e+01 1.018609640210982406e+02 1.146722742350327024e+02 1.041144859798644688e+02 9.496586813617703626e+01 8.050942005112327138e+01 6.985044058261442501e+01 9.035038049770932389e+01 8.193247720596437489e+01 9.478603581076093576e+01 1.032356618912351394e+02 1.008753253550340787e+02 9.254419976481371179e+01 9.072663982859641862e+01 8.238735090421926088e+01 8.219312138165639681e+01 6.497220817910583435e+01 4.270779216506727494e+01 4.183599996111657049e+01 4.500069899439188958e+01 6.409077918550309505e+01 7.084556582998200724e+01 7.951559472752784075e+01 8.872521741317441979e+01 9.817490452938270096e+01 8.383770905286360176e+01 9.526683918083524816e+01 1.013254501766379576e+02 1.097241849039557025e+02 1.129848474514184034e+02 1.045559610888523139e+02 8.910785381056352605e+01 9.713571865707702102e+01 7.688265093712762166e+01 8.665908428274271103e+01 1.069617675779821582e+02
6.655316630545468115e+01 8.738419619122475979e+01 9.459646160034421314e+01 9.459646127722039921e+01 1.110733492501853874e+02 1.094223162212307017e+02 9.880932406446510186e+01 7.904270653843548189e+01 9.880932406446510186e+01 1.023418886278842450e+02 1.107906746648980345e+02 1.086458453851048489e+02 9.254419976481371179e+01 7.250643716856986032e+01 7.837521683700811082e+01 6.235922877283582721e+01 6.234169683417296426e+01 6.242263817919261726e+01 4.245349751609170852e+01 6.177128226828123303e+01 6.862955890981501739e+01 6.961351689575670321e+01 7.275428267364357282e+01 7.599766772805530479e+01 7.940188147672260754e+01 8.290402888309571949e+01 6.911806996273185177e+01 7.477572722008750361e+01 8.107909215308666262e+01 9.549641679533149841e+01 1.156392739567038745e+02 1.178593064224355373e+02 1.034553026531590518e+02 1.055589330997057118e+02 8.591647840356034749e+01 1.055589330997057118e+02 1.153844883383079889e+02
7.725991750842526073e+01 8.075384282427998528e+01 7.423886002806044360e+01 8.256905306963705016e+01 9.682122709252142556e+01 1.084792356228485062e+02 1.079508963473189311e+02 9.351560930093617685e+01 1.079508963473189311e+02 1.132547165679459766e+02 1.130587211869381150e+02 1.003064789368367116e+02 8.026488359642547721e+01 7.837536195320350885e+01 5.837677377533839262e+01 5.093163539239195359e+01 4.834951888027859468e+01 4.587248076268903674e+01 6.030267586014749526e+01 4.308987997384176794e+01 6.317176117299338500e+01 4.849368031895799191e+01 5.121182616843514523e+01 5.447586816845002033e+01 5.813194564059409686e+01 6.190681211026133468e+01 8.289630188181784831e+01 9.526353881868614337e+01 1.013961230653971768e+02 9.399339722929805419e+01 1.082302029017913014e+02 1.283885012862337192e+02 1.238505492481205437e+02 1.146430831411098268e+02 1.002420819137329460e+02 1.146430831411098268e+02 1.212432418150049074e+02
5.691824951886928119e+01 6.038093238334791124e+01 6.401838546885463188e+01 6.808720964546793653e+01 7.992305928374902635e+01 1.002169664233478699e+02 1.119946366756446281e+02 1.139424106482469057e+02 1.132547165679459766e+02 9.319575293244147929e+01 9.687664134260316473e+01 8.469976926768981684e+01 8.394258486505395922e+01 6.389768425303641664e+01 5.501937732477293963e+01 7.081652373814208090e+01 6.083042007375532734e+01 6.508434019830757222e+01 6.435957427748743953e+01 4.354745731667262021e+01 4.548623974148682692e+01 6.539303402507619012e+01 7.266171004345345352e+01 6.719036853020026001e+01 7.940188147672260754e+01 7.420847437318940365e+01 7.069514532194671119e+01 7.863749302520382400e+01 9.909487959160969694e+01 1.141344318014127452e+02 1.224774488219467656e+02 1.249975713445991801e+02 1.165655856716359722e+02 1.249975713445991801e+02 1.206255950472927907e+02 1.178321826530436738e+02 1.006913982151715601e+02
7.246534038307179060e+01 8.075384282427998528e+01 8.441766087841801891e+01 8.850027369659792953e+01 7.511599159213082544e+01 8.350754112324332823e+01 9.529033659190645267e+01 1.153127825569627589e+02 1.084282562564832944e+02 8.842027231617230143e+01 7.690266073047348527e+01 7.052110960931587158e+01 6.492854041029455914e+01 5.959735364768224741e+01 6.910845415700619299e+01 8.329110942018223795e+01 7.592422538462119519e+01 7.457393213104255381e+01 5.599526931730017765e+01 4.401762117295070453e+01 6.319916316237069509e+01 6.146310394596309834e+01 8.241995828977597682e+01 8.808829818687415525e+01 9.655471793706489336e+01 8.866355584937228684e+01 8.549897967000222820e+01 9.136335614185094300e+01 9.163754547797799432e+01 1.059854280868784855e+02 1.262717561960537438e+02 1.147439612699596836e+02 9.599598248291781033e+01 1.147439612699596836e+02 1.221227008309416533e+02 1.015911497595743640e+02 8.877654071519077661e+01
5.840336024349446120e+01 7.875619977408281613e+01 9.619317630563197952e+01 1.019014802591238009e+02 8.161938416129051177e+01 1.019014802591238009e+02 1.119946366756446281e+02 1.235188990354899516e+02 1.167909322225373927e+02 1.052086588164321910e+02 9.687664134260316473e+01 8.598329628867021768e+01 6.591601181661002329e+01 7.963746375004625122e+01 8.795269957539068173e+01 9.747376468335841082e+01 9.312045649797474312e+01 6.986812597714140338e+01 5.211492013814011415e+01 5.309921301700414631e+01 4.469659877970346429e+01 6.956953112311107645e+01 9.071735892517503430e+01 8.992240123760041115e+01 9.842027367537946247e+01 1.079989115004565008e+02 1.065855744110000529e+02 1.117198957703166968e+02 1.119271560246805990e+02 1.203125872479754008e+02 1.184472985858340479e+02 1.062807840772768486e+02 8.564468738286230121e+01 1.062807840772768486e+02 1.153932136426165727e+02 1.015911497595743640e+02 8.089635659958788949e+01
7.875619977408281613e+01 6.749204695502169216e+01 7.929829574687720140e+01 9.957701464876612363e+01 9.603828786182262434e+01 9.453620522273999427e+01 1.087641361957751798e+02 1.286048447447726915e+02 1.200166681815948948e+02 1.116417432283185320e+02 1.045596732395570854e+02 9.070632598658214363e+01 7.066820802374810739e+01 9.070632598658214363e+01 1.050275198664663918e+02 9.665205126535616387e+01 8.838972026961221218e+01 6.864125643753583006e+01 6.744346747542823550e+01 6.376442526521006471e+01 4.518808272057896858e+01 6.577206301610800665e+01 7.525479545151401339e+01 6.945482835007824463e+01 8.992240123760053905e+01 1.062157112161276302e+02 1.160683187597627040e+02 1.075050498079051238e+02 1.101429393271328507e+02 1.186841152257975409e+02 1.099984574057656346e+02 8.936742347910821138e+01 7.867717201129890725e+01 9.940208517913858088e+01 1.069348606453786346e+02 8.627130027391315537e+01 7.483612456051304207e+01
8.786909083193987158e+01 8.194078682490130916e+01 9.619317630563197952e+01 1.078489197442261940e+02 1.160564788634913640e+02 1.145753451862306065e+02 1.227835972166814003e+02 1.233062401011032705e+02 1.031027388727116403e+02 9.161062437275482750e+01 8.459574605812082382e+01 7.856747162579020483e+01 9.070632598658214363e+01 9.902566639607211130e+01 9.665205126535593649e+01 7.623315547572664741e+01 8.154415557861911168e+01 6.960709826801355860e+01 4.935911120978641975e+01 4.686109608654646053e+01 4.570682819648815354e+01 6.318413950495629905e+01 5.535158521328484937e+01 6.523929327654241206e+01 7.696401462717091135e+01 9.762929189137585695e+01 1.001993652951506277e+02 8.632441303468912963e+01 8.908418200106984841e+01 1.101429393271328507e+02 1.085574226772648103e+02 9.315328874364594469e+01 7.236678350018904382e+01 9.315328874364594469e+01 1.025333059153207529e+02 9.006313425228331937e+01 6.926024362019551006e+01
1.080356502832980823e+02 1.021812827676026956e+02 1.062348838694564819e+02 1.062357789556683088e+02 1.144769711275659176e+02 1.158698426562511941e+02 1.240699186923307309e+02 1.316855533138252383e+02 1.200166681815948948e+02 1.116417432283185320e+02 1.045596732395570854e+02 9.854032271202963500e+01 1.031700105424493330e+02 9.138150506362504188e+01 8.295812399444666596e+01 7.986874908458982247e+01 6.189969581184787017e+01 5.320607740673782615e+01 6.960709826212683993e+01 6.752827926077566190e+01 5.571207152725133227e+01 4.646946255330542641e+01 6.651044331606398430e+01 7.389451160585333866e+01 8.408989868150445091e+01 9.215378780582400964e+01 7.864076382054062719e+01 7.342021119411272423e+01 9.525214921851188876e+01 9.836632067945967606e+01 1.000732465266486315e+02 7.935550646238321804e+01 6.735981258060371601e+01 8.185485198086260539e+01 8.185485198086260539e+01 8.540742861151360898e+01 6.468349472235364317e+01
9.212933776923648566e+01 9.542010512137217404e+01 8.602337304182854893e+01 8.602338583235605540e+01 1.062357789556683088e+02 9.588092640695495561e+01 1.125618107819269369e+02 1.240699224886781309e+02 1.294789683316734852e+02 1.178472486175096066e+02 1.095066344297946728e+02 1.121226947380484660e+02 9.479328163042229960e+01 7.429418728932601823e+01 6.246554254723876198e+01 5.954086709714285064e+01 5.684989460288706198e+01 7.312901002432019482e+01 8.154464614940306433e+01 7.210729523657865059e+01 7.489133683235016292e+01 6.651153802168202844e+01 4.724305705848528447e+01 4.926988363694814410e+01 7.429831572187826794e+01 7.459479736872073374e+01 6.289327855602481065e+01 8.041545676479033489e+01 7.736087961735111662e+01 7.738034883385223850e+01 9.695019790687960892e+01 9.663422290048198704e+01 8.185485198086134062e+01 6.130436863936274960e+01 7.626267686715848981e+01 7.709970046012507794e+01 7.786803014059096029e+01
7.173735840934291730e+01 7.504761167140452471e+01 7.150403545790108240e+01 8.891226320600519273e+01 9.420084190904063348e+01 8.407244734090926386e+01 9.588092640695495561e+01 1.158698426667766199e+02 1.211444139642092068e+02 1.009871885180019717e+02 8.928093775565294266e+01 9.190881458989407804e+01 8.774671508439318757e+01 6.715020707882315776e+01 8.295812399444689333e+01 7.120553316431974622e+01 6.673419868319115267e+01 8.539397800594042565e+01 1.008080607780466948e+02 9.246969899394402148e+01 8.147912261048094251e+01 7.297649725956551947e+01 6.720472481466586601e+01 4.800366462104160092e+01 6.790939516598685088e+01 6.239245275523320799e+01 7.034188837344969158e+01 5.539188853414336933e+01 5.468124765878592086e+01 6.783180155323759664e+01 8.574496920891249374e+01 8.045501491215699730e+01 8.293880179206243497e+01 7.498295171538951820e+01 5.606516426975049683e+01 5.685480060693312510e+01 5.762792589701692947e+01
5.739466410152066800e+01 6.061764941480586799e+01 6.440813082185357530e+01 6.839398444252434217e+01 7.371826466825974933e+01 8.298875715761782601e+01 9.481523012549372709e+01 1.148232374083916199e+02 1.195835424182671716e+02 9.942972644087447520e+01 8.771091468215189479e+01 7.736243795037702853e+01 7.300266905367455195e+01 7.370007642424933181e+01 9.424293887150948024e+01 8.574497094200091851e+01 8.122319940040750907e+01 9.560120855854947308e+01 9.766081160754771417e+01 8.577324943409436742e+01 7.298061232495031447e+01 5.257300736883128423e+01 4.993587444792034802e+01 4.853462126128275855e+01 6.840479075967925837e+01 5.991248138401719814e+01 5.050640737826877569e+01 5.101237134454591171e+01 5.151279144227137152e+01 7.137242675766296429e+01 5.286301562341542137e+01 5.331216603718078062e+01 5.397650502039940079e+01 5.488508922688671277e+01 7.510991767853829515e+01 7.709970045161479391e+01 6.757085307113779038e+01
7.770846049391241195e+01 6.528312088142259029e+01 8.488829767493832890e+01 8.891226320600519273e+01 7.872557040027447783e+01 9.909895601331976422e+01 1.115078187822708315e+02 1.230240029197921672e+02 1.279201244657503338e+02 1.086434245799491691e+02 8.841209307031390097e+01 8.928093775553617206e+01 9.356168175906803697e+01 8.107392684987348730e+01 1.014453165595647306e+02 1.060867027414692245e+02 1.016147465369645602e+02 1.023933140830067430e+02 8.916290601244347158e+01 6.853640182450466511e+01 5.696986945197431140e+01 7.298061232541562049e+01 6.999060432040954538e+01 5.429248375623625122e+01 4.927071122232682399e+01 4.978219726247790078e+01 6.961752267846804898e+01 7.085615724023180917e+01 6.406586987543998646e+01 5.220463150380077622e+01 5.399748918364030459e+01 5.911977183606557418e+01 5.403410391244994315e+01 7.396888835666169371e+01 8.363834715193009117e+01 9.612655802703075381e+01 8.199610483198351574e+01
