MOVIE_S3_data/elevation_000060.asc
nrows	100
cellsize	150.0
xllcorner	0
ncols	100
yllcorner	0
NODATA_value	-9999
[rows 34 to 50 of 100, columns 0 to 36 of 100]
6.278687791629389281e-01 2.062786877916258277e+01 3.822636251786094874e+01 3.677335341510971745e+01 3.354435179396101141e+00 3.048097768549587361e+00 3.273361850933690143e+00 3.497873451096627395e+00 3.722798816893919671e+00 2.428525902318301632e+01 3.280199637639132959e+01 2.511715761048260731e+01 3.602983231045334378e+01 5.501485988280860084e+01 5.811580666765420489e+01 3.689145608899201534e+01 3.967133250875897943e+01 3.480035537674741875e+01 1.555932108964821303e+01 3.441306861943863282e+01 4.075658323682819884e+01 4.534300098495642573e+01 4.857021464545390188e+01 3.430698315448160685e+01 3.770221889891405453e+01 5.641783915939822691e+01 5.271171156510514777e+01 6.206490888361885538e+01 7.525751090136932930e+01 9.291492380767618897e+01 9.359884632107454649e+01 9.841711381652322643e+01 8.606974256684800650e+01 6.572264358343234392e+01 4.743382057640291549e+01 5.755380750167675785e+01 4.481535911147197027e+01
5.760807145981240440e-01 1.119196987306135149e+01 2.543368722431020501e+01 3.897970177779020418e+01 2.788715197726267547e+01 9.396890136794999293e+00 2.337189848875224030e+01 9.459622241388721875e+00 2.402649145457336743e+01 8.340755182793785139e+00 1.430129009778235805e+01 3.433959338106063797e+01 5.206902520949891766e+01 6.309524287580632773e+01 6.599624231719107570e+01 5.058472063413390885e+01 3.150001471569606792e+01 2.452364823814638939e+01 3.501484365916968500e+01 1.595890032920895329e+01 2.941475174667496972e+01 3.748381993217120112e+01 5.651161630456629581e+01 4.752351561900333365e+01 5.641783915939225835e+01 4.286691502114638297e+01 6.156420394286704578e+01 7.464670753109848533e+01 8.267722001146093191e+01 9.233036553419661630e+01 9.460297619738982178e+01 8.677641645482135857e+01 8.155070580945022130e+01 6.159737892736475828e+01 4.766612566433393994e+01 3.803228700992852396e+01 5.267921250206027395e+01
7.930105716671143057e-02 2.007930105716635438e+01 3.652216245542387441e+01 4.652216245981959020e+01 3.679272204075641639e+01 1.612243400983634345e+01 3.451527055163879254e+01 2.139079214596776168e+01 2.978534262521998244e+01 1.241517353279266089e+01 3.279474509777410418e+01 2.610968135754184516e+01 3.740398421050574740e+01 5.760186005720179736e+01 6.229572292932216016e+01 4.363032382488862737e+01 5.049570685208387744e+01 4.359987582750196822e+01 4.225818487455248373e+01 3.173264743812669408e+01 1.636728938601913441e+01 1.797020197650646978e+01 4.797721251102178286e+01 6.664726729873601130e+01 6.953082841264574654e+01 6.156420394286671183e+01 4.963122019595362389e+01 5.567200460311596544e+01 6.502714689857485553e+01 8.426626816362200145e+01 8.677641645482135857e+01 6.893330706589316037e+01 7.415943268610038785e+01 7.566721368932823566e+01 6.576282854740563266e+01 5.267923684554411778e+01 3.298133260719500726e+01
6.786017468061785740e-01 8.237891206990790138e+00 1.823789120699096600e+01 3.823789120699174049e+01 4.536713563972223540e+01 2.531302469105269992e+01 4.536713564617552663e+01 4.546267255975458710e+01 3.636707066353211104e+01 1.647851459892908821e+01 3.636714686456004841e+01 4.575213545931714521e+01 5.409215036255893949e+01 6.596003501417736459e+01 6.233997281477447672e+01 6.239248638300561112e+01 6.209039410575734763e+01 4.719924636045407595e+01 3.553280786937546765e+01 2.659799431701873829e+01 2.983877692184070085e+01 1.677983586872463562e+01 4.034666361176746818e+01 5.404172494230884638e+01 6.281803809059346122e+01 7.630337614149115666e+01 5.901326903743243690e+01 7.464670742730338304e+01 8.267722001146299249e+01 9.233036553419663051e+01 8.677641645489251232e+01 6.893330706589317458e+01 5.641011473850780789e+01 6.528520817405184573e+01 6.010052950733063426e+01 5.431833162118906699e+01 3.373909662512963337e+01
1.053273305859350195e-01 2.010532733058558108e+01 3.652216245542389572e+01 4.652216245962171115e+01 5.463426434946579491e+01 3.996484713984344239e+01 5.463426435973045159e+01 5.627031603713127339e+01 4.098307377324630352e+01 2.139936066964536465e+01 2.557289333805324816e+01 3.535400360488831950e+01 4.654299203073790636e+01 6.613957961147150399e+01 8.023589768198033312e+01 6.874970257811818897e+01 5.908863000150380174e+01 5.865396929635124224e+01 5.095335405359455194e+01 4.236570029383927505e+01 3.212500737211063750e+01 1.707197679892961162e+01 3.811275857967159197e+01 3.266798892347843974e+01 5.404176389278227788e+01 7.142768653600651874e+01 7.675684345931625785e+01 7.512354960864013265e+01 9.303816054000732549e+01 8.420298772672158805e+01 7.616124294419691410e+01 7.760112722949487818e+01 6.528520857675763978e+01 4.732630028851610149e+01 4.197062480570880894e+01 5.321438185100318208e+01 4.757455565049674107e+01
6.652624653148981881e-01 1.480739808904597332e+01 3.480739808904667854e+01 4.628593384341808559e+01 5.783293922775063578e+01 6.075051514931491425e+01 6.192108842198584284e+01 4.235967514144117985e+01 2.862848679511769845e+01 4.098307377324630352e+01 4.508063841466453425e+01 3.937075304480276117e+01 5.886552378456207890e+01 7.447654446441521259e+01 7.608249398205896341e+01 5.477181456775799262e+01 3.973896072349226216e+01 4.693260339524309899e+01 4.231676898019889421e+01 3.723606075197113796e+01 3.419184258822838274e+01 1.736418364078609855e+01 1.825144784772765760e+01 3.892792462855857849e+01 5.345009466146687771e+01 4.803028228761054663e+01 6.769569794566785959e+01 9.117748491308208258e+01 8.978209841519002055e+01 7.052869022353996797e+01 5.720809190453580584e+01 5.861444007363753173e+01 5.898312707516323883e+01 6.528212933749236413e+01 5.325710482817218150e+01 3.479216744776363868e+01 4.603987131062991978e+01
8.924248754756384239e-01 9.057390684752970600e+00 1.800166259475228614e+01 2.954866797854500504e+01 4.954866797854570848e+01 5.535877822043683949e+01 6.364304947555328340e+01 5.627102052734063875e+01 4.808908044171986518e+01 3.778996921520737828e+01 5.727388769618426778e+01 5.886552404979085651e+01 6.705947517489700260e+01 7.647482976632856833e+01 6.833565818169847716e+01 6.111584722030726624e+01 4.694248801416574679e+01 2.751583925894322391e+01 2.422881262179713602e+01 2.117945498902918544e+01 1.777818365793104505e+01 3.598646941029981150e+01 3.866941825142982481e+01 2.339821475186650090e+01 3.149118738978535603e+01 5.409466379160927829e+01 6.668494847069801779e+01 7.628655791889489990e+01 8.847155060902026946e+01 7.509677363266168015e+01 5.617333804071341774e+01 4.546622851913198815e+01 4.027574670530659517e+01 5.215192995313304181e+01 4.955126249629714152e+01 4.680702554089241119e+01 2.817851513884216175e+01
8.870506738290029336e-01 2.088705067382864655e+01 2.921148580863594901e+01 3.368362176363591232e+01 3.902884660188288990e+01 3.535877822043755003e+01 5.397978451755749774e+01 6.292405643174468821e+01 6.551154597428151760e+01 5.149908699390901745e+01 5.149908699390851297e+01 7.121548986635310996e+01 7.985819317986656074e+01 5.990062721988625327e+01 4.791604071530679221e+01 4.064887290354439386e+01 3.469678991099362975e+01 4.691409235690705515e+01 3.920553647889794746e+01 2.393346690427303258e+01 1.807172523143985288e+01 3.569695655537313428e+01 4.945895836934801792e+01 4.471273975235408926e+01 3.034072871267479599e+01 3.617606131350640197e+01 4.592369024517775955e+01 5.862453271619676087e+01 7.995910010344938712e+01 8.308855700104840025e+01 7.210299345857056608e+01 6.417155262754987177e+01 5.215209533462410718e+01 3.326889058703189050e+01 2.928894121511794069e+01 2.778635438761290999e+01 4.558219070597696998e+01
9.587146228554132010e-01 5.041197527494061248e+00 9.211485808635593742e+00 1.368362176363521066e+01 1.902884660188360400e+01 2.569551326855015461e+01 3.463978517854899764e+01 4.878192080227945127e+01 6.878192080228402006e+01 7.121548987993065793e+01 7.121548986811095006e+01 7.952400370207269020e+01 8.790933994372373661e+01 7.647482978079646898e+01 6.833565818169856243e+01 6.111585625644741526e+01 5.468828562251412251e+01 5.054890498093571694e+01 4.104685623473925205e+01 2.301426277000960141e+01 1.836620967299686669e+01 3.434566636808950335e+01 5.370816446824965595e+01 6.070619412001849469e+01 4.272867939684986993e+01 5.792904529653858248e+01 4.999162917382209059e+01 6.539091595156531866e+01 8.642524722779991464e+01 7.818889265443836223e+01 6.994948231111182224e+01 6.268223159784700016e+01 5.270933246052370436e+01 4.173902562236809644e+01 4.173652470825396676e+01 2.750536988418305739e+01 4.790407262476711026e+01
4.749594815986911134e-01 2.047495948159833645e+01 2.921148580863594901e+01 3.368362176363449834e+01 3.001355338219002178e+01 4.569551326854944051e+01 5.397978451756202389e+01 6.292405643090595646e+01 7.297822614050957668e+01 6.465516682371780632e+01 6.311493248747078866e+01 7.143164216404801437e+01 8.141862325650684795e+01 8.247180511153435134e+01 7.245966869715495307e+01 6.409335479574390604e+01 5.058754881600265918e+01 3.395046227125524041e+01 2.946262080310316023e+01 3.548101715960928715e+01 1.866256559933328418e+01 3.759936890601117909e+01 5.294895134994470709e+01 6.177154442926457989e+01 6.442134444046340036e+01 7.310857155333559376e+01 7.156885429096439566e+01 8.014281541355627780e+01 8.364660450036708994e+01 6.459548543929368236e+01 5.178976551500113601e+01 4.434875302508335437e+01 3.711518784442134944e+01 3.855192817962883822e+01 3.815165004806731019e+01 2.721913307543692184e+01 5.007113745556881668e+01
5.246131949027718067e-01 1.207161857869538935e+01 2.621375420242659260e+01 4.621375420242729604e+01 5.001355338219340041e+01 5.829782464122064312e+01 6.786706930290641537e+01 6.194095504574728039e+01 6.149040860771437167e+01 4.483893492696303440e+01 4.331358752013402835e+01 5.317117504084776414e+01 7.305868993409380607e+01 7.403350269303510345e+01 5.415320690300848838e+01 4.574913634019004860e+01 4.064405147298811016e+01 5.057931241688208956e+01 4.601816350592550009e+01 3.688361089677771076e+01 1.895988239284175236e+01 3.619389683752156373e+01 3.608484891026206753e+01 4.627925447332514608e+01 6.450285146445737894e+01 8.310123206429597076e+01 7.496335600138809241e+01 7.609330451389857330e+01 8.419960278065242676e+01 7.818978108837552554e+01 6.996190580547359161e+01 6.268220096222522386e+01 5.082224022392550467e+01 2.817295319555061539e+01 2.680437890854255656e+01 4.185963313249064299e+01 4.953246695734768679e+01
4.470077517107070575e-01 9.391408820151212922e+00 2.094501051868093455e+01 4.115266943930786425e+01 6.076991403214464782e+01 5.489498230178669758e+01 4.776352903807752170e+01 4.189104690615972970e+01 4.597687084645784950e+01 3.339385350919773998e+01 5.321426000380236587e+01 7.143164216404801437e+01 8.141862325592610716e+01 8.247180510697810973e+01 7.245966869614986194e+01 6.409335479548090575e+01 5.797861372195335150e+01 5.947108464708548325e+01 5.130685721983781633e+01 3.617973904971675125e+01 1.925774460999469184e+01 2.608833347944985803e+01 4.635206668514366868e+01 6.176795981041279759e+01 7.246142099574502993e+01 7.194011123553204357e+01 5.576218106471061731e+01 5.689871398226473787e+01 7.305737785942211815e+01 8.421626405861006504e+01 7.644606843032406118e+01 5.769538002181247549e+01 4.247056320116062267e+01 4.570371122750995596e+01 2.649871090542578500e+01 3.745559100619233561e+01 3.325358881285714574e+01
2.599182575669619633e-01 2.025991825756660702e+01 3.773071493976252100e+01 4.937518133745153648e+01 4.072822416402910761e+01 3.486016080851072729e+01 4.768704992784709162e+01 2.777316487966954739e+01 2.609717783831194282e+01 4.597687084645784950e+01 6.149040860771437167e+01 7.600469738362309613e+01 8.190966478305531950e+01 8.161023852859226224e+01 7.191131271897937438e+01 6.389002315031977730e+01 5.947625952495769042e+01 4.037469183289191221e+01 4.363854522471505959e+01 2.979508962873971711e+01 1.955633824688652211e+01 3.251815863874267620e+01 4.997351027494390507e+01 6.144167500731286680e+01 6.549632517636088380e+01 6.345373341376536303e+01 4.486678148404742927e+01 4.591783240086607520e+01 5.689871967178088141e+01 7.610057608372862603e+01 8.196127833480835534e+01 6.318732834535838094e+01 6.036951078372024426e+01 4.433642597246424089e+01 4.170558243733741222e+01 2.605630922187434706e+01 4.644398398612936063e+01
3.519420047721200095e-01 1.460585897189848126e+01 3.512545667649799697e+01 3.771547947777011700e+01 2.945645694990424701e+01 2.069579246783514037e+01 3.418202055425057750e+01 1.959311418076061884e+01 3.952704674360842318e+01 5.423590927551367002e+01 7.006748629025391040e+01 5.578175192288477291e+01 6.170491551276755615e+01 7.355789999940849100e+01 5.505091545607525916e+01 4.521518537801409821e+01 5.366547030698855281e+01 4.387432081465586009e+01 2.454693803469726276e+01 2.121522375459573695e+01 1.985589462502743530e+01 3.950231036575602417e+01 3.636060880676044604e+01 5.472230390741567874e+01 4.708398300751822063e+01 4.920595664670856451e+01 3.666854956095295393e+01 5.546694904038069041e+01 6.460497383235288282e+01 6.824593805872075336e+01 6.696260595082182476e+01 5.854285669139331105e+01 5.166742271288563870e+01 4.384650301068844414e+01 2.560818404011902416e+01 2.598525689680470308e+01 3.889001139988622668e+01
2.695761837762450375e-01 1.987130733338791089e+01 2.429812815822642591e+01 2.625032954608436597e+01 9.420096739062390867e+00 1.172294206490553314e+01 1.412499512664543566e+01 1.730737472534431021e+01 3.739387806426019978e+01 4.563450032702906611e+01 5.166906745762688047e+01 4.124609606681569574e+01 5.919769709431958660e+01 8.096430930319718300e+01 7.064120053635866725e+01 5.366547036474130294e+01 3.480662127121854610e+01 3.051858315874134675e+01 4.387432083042514819e+01 4.031785103223435129e+01 3.849448777263452826e+01 2.028506592832632904e+01 3.991678536869832783e+01 4.611143092254275899e+01 3.505380462428510668e+01 3.087155295883518491e+01 4.675458409332271970e+01 5.677165432374676612e+01 4.509230100158249144e+01 5.021529608376528842e+01 5.819341512288715990e+01 3.861044178313611752e+01 4.262685142736162192e+01 2.514072733371244084e+01 3.370202183285652353e+01 4.506565480462654705e+01 5.636381688068054530e+01
4.879649418637075353e-01 2.386414368331676972e+00 4.294054278365917021e+00 6.229525182136881334e+00 1.032042968699390606e+01 3.032238862523523082e+01 3.418202055425130226e+01 3.739387806426019978e+01 2.200034772726743881e+01 2.546989561895558651e+01 3.137321659789013495e+01 5.166906745762688047e+01 7.006748629025391040e+01 7.620565038118401446e+01 5.697441533145335768e+01 4.363902382522355339e+01 4.808415432730015482e+01 4.951766958679105812e+01 5.718637167957360390e+01 4.454505557271222926e+01 2.523913770270507584e+01 3.766411483422983508e+01 2.072260517967626114e+01 3.798627204925642786e+01 2.612180035303514813e+01 4.106362806290806589e+01 4.416786411624408970e+01 4.398599028871387873e+01 3.133614730470831589e+01 4.224069826870739774e+01 4.305997135554749633e+01 4.221223908453208651e+01 2.466383432944016718e+01 3.719718732206608536e+01 5.009339113707842017e+01 4.615870937684550057e+01 6.316273561121156632e+01
9.938951651180888414e-01 2.099389516511773479e+01 2.430814136405219728e+01 2.023698817555263219e+01 3.029154514006641818e+01 1.650093786627367720e+01 3.646225016609349012e+01 5.043204133594962002e+01 4.213161380959209623e+01 4.563450032702906611e+01 3.202784755943223161e+01 4.367767125611783996e+01 6.387778769975857784e+01 7.620565038119758583e+01 5.697441533145335057e+01 6.260711366693087143e+01 6.713995923809123667e+01 6.226862937707318935e+01 4.923460005480560397e+01 3.018979684630236804e+01 4.454189273175916952e+01 4.336874097745085521e+01 2.676617064085277420e+01 2.116877242628598310e+01 2.777786394456673946e+01 3.727787085901537267e+01 2.243956609947329639e+01 2.278440843177370567e+01 2.313223165778947887e+01 2.348170021869074020e+01 2.383081860629030757e+01 2.417862689882251104e+01 3.037425319758418496e+01 4.855584503772668370e+01 6.192159709567025061e+01 6.316273605033182292e+01 7.070031646926237556e+01
