MOVIE_S3_data/elevation_000043.asc
nrows	100
cellsize	150.0
xllcorner	0
ncols	100
yllcorner	0
NODATA_value	-9999
[rows 51 to 67 of 100, columns 0 to 36 of 100]
8.885398060199247716e-01 6.459872726144598731e-01 1.654090987408884672e+01 1.933660157839518234e+01 1.854784780332427019e+01 2.037496450885231880e+01 8.361592321252873106e+00 1.471383033811420482e+01 3.142436423367519893e+01 4.626161508269572664e+01 5.713391608483145490e+01 6.340165509707425429e+01 5.548051839205915314e+01 6.340165230251582074e+01 7.203194787682203071e+01 8.305289670068015084e+01 9.037037688409046154e+01 7.103812792836677659e+01 7.103812792855370617e+01 5.280535364697817613e+01 3.210951831946502466e+01 2.067571039611887329e+01 2.075807988970005269e+01 1.258286953412170384e+01 4.162793680118772244e+01 4.849170245924327816e+01 3.652122104528523039e+01 2.719518955715418329e+01 3.083619989711809950e+01 4.916912853286769547e+01 4.419451239540581611e+01 6.308847648050125656e+01 7.418302394537388977e+01 8.393968381899247788e+01 9.292089227684328989e+01 8.330564404526676014e+01 6.606237304573791391e+01
1.344321116831868057e-01 2.010005177642050000e+01 1.320849148972914477e+01 2.641518014568498884e+01 2.404391314092523402e+01 1.158196827465143386e+01 1.061417709510362961e+01 1.656980502145750123e+01 2.165280539312686869e+01 3.060153991959162312e+01 4.914454710092952894e+01 4.636716361738390191e+01 3.614817351039832261e+01 4.474055623446245988e+01 5.605719262545001413e+01 7.525071637538229652e+01 7.668279881916281226e+01 6.570860091297291206e+01 5.765690726476171335e+01 6.101350543051697173e+01 4.909572289967538694e+01 3.651326349526137705e+01 1.206112817391067260e+01 2.908252380933765480e+01 3.940710393490203245e+01 3.780145496767793389e+01 2.205507441415567271e+01 4.183732093003897745e+01 4.915646411323273668e+01 3.581879888326130157e+01 4.067884700211710225e+01 4.700325703243083808e+01 5.642032595892418101e+01 7.583284209302063061e+01 8.820431951819929850e+01 7.796761857764083459e+01 6.938557401376215239e+01
8.052006432555327553e-01 2.077817512928601218e+01 3.209998341403138511e+01 3.293182185433516906e+01 2.779278338605790921e+01 1.331249713685696001e+01 2.187908400231504658e+01 1.351463521742275198e+01 2.837878933883542487e+01 3.932966426196787069e+01 4.012131221439435080e+01 2.762834021972823706e+01 3.436006475330555787e+01 4.394232746062829875e+01 5.777376254540414635e+01 7.692710963672335822e+01 6.838793915470915863e+01 4.980124098522105669e+01 3.904996785512625479e+01 4.691483508189507035e+01 5.467445073155419522e+01 4.356241659673240463e+01 1.198358759301906495e+01 1.159067601821707427e+01 2.947777004652627042e+01 1.591887856263781487e+01 3.259850648097175707e+01 4.953008952211583704e+01 6.185551528040315361e+01 4.616400139733137564e+01 5.934352989683590351e+01 5.582637768037479020e+01 6.619322333660164759e+01 8.387859469862594608e+01 7.958430321854667966e+01 5.913085230928176372e+01 4.920154039964612736e+01
2.804825088837598068e-01 1.541608939782103960e+01 3.749270684102039297e+01 4.185756423672054893e+01 1.498482889117393491e+01 1.529492328614010077e+01 2.452264928753097450e+01 2.388435636199280765e+01 1.608853366584118660e+01 3.157270946677717305e+01 2.234556372155585890e+01 4.012131221439435080e+01 5.366299455877049951e+01 6.159665893809135184e+01 7.125175236487122277e+01 7.041725129736809663e+01 6.098709402397452806e+01 6.013291270195178129e+01 4.146317683866214310e+01 2.687941461598794390e+01 3.841304457065991329e+01 4.347920165180894969e+01 4.122738709648145772e+01 3.026551938209040316e+01 1.113735383347765229e+01 1.136942253839249872e+01 4.074446266356040525e+01 5.888699566437668409e+01 6.148245560695190193e+01 6.510956535874431950e+01 7.309347786073068676e+01 7.513095862890557441e+01 8.331679714091448830e+01 9.428586273653615990e+01 8.820241580092947231e+01 6.939194194729179799e+01 6.405241975562435641e+01
7.810880442414250835e-01 1.448606660900772347e+01 3.355421202987629670e+01 3.758613532999356011e+01 1.610014456538460337e+01 1.738365348794422260e+01 2.633433008264394104e+01 2.946767067433235709e+01 3.104425982514407423e+01 1.872526732465394517e+01 3.537082253479164251e+01 3.129312787374262683e+01 4.058119202690144078e+01 5.430618161761034202e+01 7.353394068660510641e+01 6.084244540158803005e+01 3.787745905564335658e+01 4.327820231182158039e+01 3.869444407358184179e+01 3.301053843136089228e+01 9.001945048637217894e+00 3.030540444947452272e+01 3.541886782542346168e+01 3.417810415595970142e+01 1.083015671155775017e+01 3.229891266726207988e+01 4.957464452889241358e+01 5.387564952301137566e+01 4.121547125969127734e+01 6.148274033880983325e+01 7.639340568607144633e+01 8.346449216440855423e+01 9.174170812824901589e+01 1.023073577309955624e+02 9.869377451144762858e+01 8.455668228369516726e+01 6.403209691336789433e+01
7.232205343510359485e-01 1.437717738373451049e+01 3.122177557471735909e+01 3.725681299824731951e+01 1.700027391757005901e+01 1.743687035336781932e+01 2.535759727212904124e+01 3.448315965427575946e+01 2.509871313780242374e+01 3.536408374982524805e+01 4.313867774633619945e+01 5.025775190353497379e+01 5.820246870346593937e+01 6.783954874417690917e+01 7.145370327917382269e+01 5.021408909585590408e+01 4.324951978081245585e+01 2.067541219368061434e+01 9.722875126443410565e+00 8.870844667835910968e+00 9.132712580894637000e+00 1.175320963572277577e+01 2.286805811568099855e+01 2.714638278312641262e+01 1.053260750564727388e+01 3.618478080063739810e+01 4.690812139548284421e+01 3.344437281792346539e+01 5.387564983996713153e+01 4.979173485158512591e+01 5.613189958387560097e+01 6.324047528408946306e+01 7.483725726436954062e+01 9.432953893474608265e+01 8.573765845540968655e+01 7.387998596566313836e+01 6.472256205210605629e+01
9.494692443194679976e-01 2.094946924431911128e+01 3.825338983223868183e+01 3.289541773774512023e+01 1.758533774148722983e+01 2.185951019490328662e+01 1.929525923483637939e+01 2.249537964070430007e+01 3.861623787539251396e+01 3.246519401008196581e+01 3.849206091844670397e+01 4.665446656431576855e+01 5.907212526445570688e+01 7.766869188358855070e+01 6.570521983502777630e+01 4.380626841455168119e+01 2.298651268979827123e+01 9.876444085792581262e+00 8.521705345663114883e+00 2.742949351197331254e+01 3.283994259615696620e+01 9.528261398161385287e+00 9.817551421890428287e+00 1.011328940887077010e+01 1.069872155544411818e+01 4.175037133488866914e+01 2.580294644370118107e+01 4.690812169499585593e+01 5.866035254834878998e+01 6.433338551105798331e+01 7.291131229126894198e+01 8.345334371337901302e+01 9.174170826395845779e+01 9.410985529964470686e+01 7.017610410846057789e+01 5.464006173059770077e+01 4.458195437547382056e+01
2.836664262828419991e-01 1.152379579530846776e+01 2.947597283073908514e+01 1.838168330866833244e+01 1.815865283804532737e+01 1.976373288904768089e+01 2.718751744925257796e+01 3.674871548280423639e+01 3.470335943750850305e+01 4.867280401943646950e+01 5.549173375985350987e+01 6.315622866432281768e+01 7.221066202819389446e+01 7.388966816180536057e+01 7.143734627012749172e+01 5.021149506245323124e+01 4.021966879092285296e+01 1.956039859611556153e+01 8.291662547145676854e+00 2.471115537656259065e+01 3.861719736299003358e+01 4.434130357350323237e+01 3.822221077846369752e+01 1.085998208871266790e+01 1.592645505539955053e+01 1.942058654830653808e+01 4.219994187401918140e+01 3.289252054724030927e+01 3.826410949174836418e+01 4.388258885529861431e+01 6.433519807158715764e+01 8.336715573479558827e+01 9.383345793673204582e+01 9.556636460727148119e+01 8.347277514216365546e+01 7.340845391200966219e+01 6.465705177827700822e+01
1.404418693552202946e-01 2.014044186935486636e+01 3.825338983223866762e+01 3.043894388129387707e+01 1.864877982445623061e+01 2.598700112203895429e+01 2.390120340520225994e+01 3.807617938167437899e+01 5.137891991868671226e+01 5.167832232399943138e+01 6.591465977959596501e+01 6.822604230291686633e+01 6.043096142471885912e+01 5.492248114782751145e+01 6.827057779982241925e+01 6.107815499197609199e+01 4.042956070107263145e+01 3.452509275119999188e+01 8.063367924434057699e+00 2.360692669241239017e+01 3.278654096426340914e+01 4.591565656604289103e+01 5.681818048439765079e+01 4.681368579090298709e+01 3.004498469605696087e+01 3.613005452445313637e+01 3.839882610625047477e+01 5.339229049573917507e+01 4.961724830784282148e+01 6.433519806025174148e+01 5.398852674831584153e+01 6.423249733501413061e+01 8.514643917798638029e+01 8.678867679263078116e+01 6.594324807501884322e+01 5.423308865836703063e+01 6.507734826529991778e+01
6.646099058385387393e-01 2.066460990583818358e+01 3.963171881324789325e+01 3.011196424169825647e+01 1.912797767753190925e+01 1.911295392894882639e+01 3.263680814381543627e+01 3.146330653648670506e+01 4.151721923433956363e+01 5.768649399346708151e+01 6.167032174332545935e+01 5.299823008649372014e+01 3.982696578844541335e+01 4.085681658147822759e+01 6.048112272290872227e+01 5.849654320291966769e+01 5.356831947971332397e+01 2.771477981667131019e+01 7.828075088726198949e+00 1.870440238747123018e+01 2.327428934228024104e+01 4.301761539957625047e+01 5.802598700329151171e+01 5.983765782757116369e+01 5.127351659024400732e+01 5.685394513955500884e+01 5.911296665912209392e+01 6.768528122721014029e+01 7.018930312630931212e+01 7.879455159782898477e+01 7.468619978758745503e+01 8.337408824031628285e+01 9.387360043299423751e+01 8.953809698369322234e+01 6.862960866496011647e+01 6.509415282793294466e+01 4.507889819508538665e+01
6.164072599657668405e-01 1.180302630939272923e+01 3.148959449734293514e+01 1.970905549913882737e+01 1.972853672321312146e+01 1.952014327684342376e+01 3.341209920964305979e+01 4.527586118471813847e+01 5.335355797843690340e+01 5.021823665462222408e+01 4.690206035243815563e+01 3.012896471701018797e+01 2.678939316062005460e+01 4.809408481998389817e+01 5.281668778355902560e+01 3.893453124971956214e+01 4.649030170286776809e+01 3.936392046307616965e+01 7.580773653496306608e+00 1.310459485624468456e+01 1.307453780956081069e+01 3.072159808606464182e+01 5.028047255178793762e+01 5.485723412195218174e+01 6.296212021708071660e+01 6.092189329279582211e+01 6.894578284541252344e+01 6.270200115963294962e+01 6.890112627399430778e+01 7.588627768208544921e+01 8.407011230838202209e+01 9.292131511242064335e+01 1.043260923026630280e+02 9.831591537225523325e+01 8.953809698369322234e+01 7.257852741536869701e+01 5.736955772440985868e+01
7.616414269703414286e-01 2.076164142696998738e+01 3.301406252465567093e+01 2.021755024070699847e+01 2.327742830553919617e+01 2.848080419514368344e+01 4.083170197032531945e+01 4.438512959047252338e+01 4.422541680570434153e+01 3.035774325588863576e+01 3.720296952115850786e+01 1.498981311189767496e+01 3.577734124894007550e+01 4.111151296789972776e+01 3.856271432647888275e+01 2.433164645832458817e+01 2.655617055790997583e+01 3.949681197297918089e+01 2.733803638626318389e+01 7.214408403004751058e+00 7.652340239794742871e+00 3.998356445070756848e+01 5.061043204891827685e+01 3.499606519776398272e+01 4.650181821074450994e+01 4.152780468368152356e+01 5.475962799365068179e+01 4.326499997901336769e+01 4.929777144122076749e+01 5.612928600704673698e+01 6.493137020972696405e+01 7.639020966131063517e+01 9.616728238407132778e+01 9.018927749414366701e+01 8.012938922806276310e+01 6.786397682208610149e+01 4.200459189324198661e+01
8.582653206718614536e-01 2.043881572050819528e+01 3.102732126397143375e+01 2.021009047127219205e+01 2.403323508200691094e+01 3.529033215465957340e+01 3.454859008025221812e+01 2.134849810090505784e+01 2.569556535005526143e+01 1.470645363258335436e+01 2.309974902145227205e+01 3.630901379609701163e+00 1.950849315101866566e+01 2.478242053391135613e+01 1.578917721976326227e+01 1.758478920448328964e+01 8.756370265251872453e+00 3.029107706052607440e+01 3.002497618902619081e+01 6.945424184656863176e+00 2.978963747707060605e+01 3.511644020360161278e+01 3.890040242229068213e+01 2.201852199972453761e+01 2.606376373726118345e+01 2.991683350583286582e+01 3.535689268284355791e+01 5.476687864642708803e+01 6.533592484203828121e+01 7.128944886926117874e+01 7.802464278567616418e+01 8.622069778263806938e+01 9.614895205451091442e+01 8.176662655996335616e+01 6.173808729229349268e+01 5.122685836050665387e+01 4.960340209826815538e+01
9.616989121453964895e-01 2.096169891214504233e+01 1.668324248753533467e+01 2.021898464956531072e+01 3.015033663547486853e+01 3.934381562003900257e+01 2.678033528865680424e+01 3.299406375892225629e+00 2.882934976348153100e+00 3.162469093338522885e+00 3.443408299274104856e+00 3.825893781178133501e+00 6.273879222528886856e+00 4.530031315095446764e+00 4.809615373803247884e+00 5.084025455059752119e+00 8.571803845060451010e+00 1.630605214836701933e+01 1.988157662358062083e+01 6.678418686016978079e+00 9.250980528765479605e+00 1.240464837649744645e+01 1.622062150620754295e+01 3.898095403054579577e+01 4.651525977054849648e+01 3.756040900433488616e+01 3.546843005444638663e+01 3.942109723521376452e+01 4.442593000332279729e+01 5.066583535003158545e+01 5.781906382207161244e+01 6.806760837057403535e+01 8.798167720077826459e+01 9.018797443098820565e+01 8.012427598764793402e+01 7.126406787977252577e+01 6.512823935992084046e+01
2.866789980725219511e-01 2.013275391692015148e+01 9.015298028475029923e+00 1.887365137367664047e+01 2.298555143972349057e+01 2.199674163154041295e+01 2.469775531786662270e+01 2.486094662941053191e+00 2.428497653994815053e+01 8.435232636131210882e+00 2.422448041759083637e+01 3.750335016437988500e+00 4.085369901116895797e+00 2.546438455035418613e+01 2.151204650238986460e+01 2.584296985909259448e+01 5.455880855474908309e+00 5.709876848678133499e+00 8.310981395678762595e+00 6.418792715126034665e+00 2.438944342289104483e+01 3.550711456169085523e+01 3.894268805120058374e+01 4.710726898549206965e+01 4.733556405860716154e+01 5.438614100555766839e+01 5.495254032078931772e+01 5.991574053062996796e+01 6.533592378444073745e+01 7.128944886926117874e+01 7.802463486972270346e+01 8.622036698018206380e+01 9.614895205450844173e+01 1.009068088450864735e+02 8.904146491525759188e+01 6.943370843752700239e+01 4.961004016051352750e+01
7.776801193288799263e-01 6.832836317090721368e-01 9.637543261741724487e-01 1.244504086929112630e+00 1.525341530410845525e+00 1.806295291702465278e+00 2.087428681574946765e+00 2.402488214289391522e+01 3.296715165372764744e+01 1.442292813855024747e+01 3.673968235806226090e+01 3.632004384843568801e+01 1.259964881143284110e+01 3.648870481304886937e+01 4.353688016321357424e+01 4.240148053819513763e+01 2.465871239446008190e+01 2.067212667041629359e+01 6.059559341691148404e+00 2.299529208596997165e+01 3.603758394247765295e+01 4.962342172932436313e+01 5.196339993615222141e+01 4.438810408138001407e+01 2.786023377105608745e+01 4.733558030717568244e+01 5.824543157185735964e+01 6.702499183252635362e+01 7.498494450609557305e+01 7.719086637134802231e+01 8.501354173034040684e+01 8.672188744093540436e+01 9.442429798959734910e+01 9.260516054582915046e+01 7.184325218899287790e+01 5.969411032068556722e+01 6.934476486884211965e+01
5.059075238208947667e-01 2.050590752382053950e+01 2.755380398564889433e+01 2.507359441711988879e+01 1.775255268166418787e+01 2.440063718160980955e+01 3.194583522759922189e+00 9.074688624410994109e+00 3.173224745211956588e+01 3.766269860867377162e+01 2.731487147934377546e+01 4.526553074379100394e+01 3.681471572377573409e+01 2.351052059291311735e+01 4.489818012033450856e+01 5.370651284626968902e+01 4.319169470982606640e+01 3.395465785722245755e+01 2.972504324187357128e+01 8.364511222113920397e+00 3.242553805152207502e+01 4.359483633824743976e+01 4.141369088424101363e+01 2.403125221211404394e+01 4.441806263097979013e+01 3.119334064735455314e+01 5.025660828380885903e+01 4.752822755454759118e+01 6.369040900477614287e+01 5.766296597151666248e+01 7.092875958616743048e+01 6.737934298132699951e+01 8.453215484996987072e+01 9.222515167798420066e+01 8.903946714014416841e+01 8.061182240328051307e+01 7.593847516559105770e+01
