MOVIE_S3_data/elevation_000738.asc
nrows	100
cellsize	150.0
xllcorner	0
ncols	100
yllcorner	0
NODATA_value	-9999
[rows 51 to 67 of 100, columns 0 to 36 of 100]
8.885398060199247716e-01 2.088853980601956906e+01 3.193816169513515035e+01 3.900922950700110192e+01 4.729350075447190704e+01 4.178413999953854585e+01 3.314401318532995333e+01 5.358677271966622158e+01 5.568995923766378553e+01 3.567763247528919379e+01 5.275759205206094293e+01 6.108140975305160936e+01 6.515548643104857263e+01 4.702556224445507382e+01 6.515381533450043605e+01 5.223065661817091154e+01 7.173822619886573193e+01 6.616858774610683724e+01 4.602090298867962304e+01 4.985919177025894555e+01 6.079184746612423140e+01 8.435367216000493329e+01 7.639776595371678525e+01 7.483409874270290629e+01 9.134734998253600224e+01 8.252414535211721613e+01 6.247025484797879358e+01 8.252414535211721613e+01 8.906456814871970096e+01 6.965422200760193050e+01 7.486205131192210160e+01 9.492418509943365734e+01 1.141585591506645301e+02 1.059382347464297709e+02 9.754884777648331351e+01 9.535878673052323506e+01 8.952061872611437821e+01
1.344321116831868057e-01 5.907934803579468763e+00 1.193816169513479508e+01 1.900922950700039493e+01 3.055623489079311383e+01 5.055623489079381727e+01 4.509095403450461248e+01 6.189554748325298306e+01 6.403320038978995399e+01 4.716108865054027177e+01 4.978222155941411131e+01 6.995250022785164390e+01 7.507568778102081808e+01 6.676562084181155399e+01 7.507206436219773593e+01 6.386382461406203959e+01 8.075788149351758705e+01 7.464206157442320944e+01 5.710836155882675769e+01 6.220956263129900776e+01 7.882235574785597976e+01 9.449335481658130220e+01 9.446763697334985466e+01 9.455912896058201511e+01 1.027398081368973237e+02 9.088194113811097452e+01 7.142934006655754331e+01 9.088194113811097452e+01 8.970517144373204133e+01 8.382347160380940920e+01 9.492418509943365734e+01 1.032670849855174140e+02 1.059382426787093863e+02 8.603785066114727442e+01 8.345079215874442014e+01 9.534746571939847115e+01 7.534887132986756342e+01
8.052006432555327553e-01 2.080520064325517637e+01 3.193816169513515035e+01 3.900922950700110192e+01 4.729350075447998591e+01 5.884050613828491549e+01 6.519227686954340584e+01 7.348900202987283592e+01 7.567323566651673161e+01 6.734061351639999771e+01 6.995250022785164390e+01 7.828417922016583930e+01 7.920721219396450863e+01 7.060757543609437903e+01 7.920721219396450863e+01 8.404060541985646182e+01 9.241305667745299957e+01 8.513493574148343157e+01 7.663769479391335437e+01 8.410855331321282335e+01 9.327545939709318645e+01 1.002429481155095630e+02 9.207662083194243507e+01 9.315485399808002853e+01 1.012846816755231174e+02 9.991894027730656092e+01 8.560764728348425479e+01 9.992056411014269202e+01 1.098073215737936863e+02 1.039048509670810461e+02 1.106070361430294042e+02 1.022705423208713000e+02 1.059380011021551127e+02 8.603784969058447984e+01 7.185280555568861871e+01 8.290156386802307509e+01 6.772787555118712532e+01
2.804825088837598068e-01 2.028048250888340576e+01 3.258481762769232404e+01 3.965588543955934142e+01 4.794015668702153476e+01 5.948716207081425722e+01 7.329723907517819725e+01 6.806709498015294457e+01 7.638990173305165854e+01 7.999171585087425740e+01 7.141787412755245157e+01 7.141787412222880960e+01 6.892133551891930665e+01 5.011435960447248306e+01 6.892133551891930665e+01 7.382621950841257785e+01 8.241953688144397461e+01 9.639108438012739555e+01 8.829128348050461739e+01 8.828625622485812130e+01 1.079945926004520516e+02 8.877406783189486816e+01 7.215004349825001384e+01 7.325153798683659545e+01 8.736688441956927420e+01 1.070629086862495996e+02 1.058453809725877619e+02 1.075525155168117379e+02 9.931005507082738859e+01 1.075525155168117379e+02 1.022705423208713000e+02 8.235034236835669219e+01 8.818483385185624002e+01 9.639301399290799566e+01 8.255828934155695720e+01 6.285200614893209092e+01 8.291590678900026035e+01
7.810880442414250835e-01 6.554590736137707374e+00 1.258481762769303280e+01 1.965588543955863443e+01 3.120289082335135333e+01 5.120289082335205677e+01 5.319015400844217112e+01 4.796995974992633194e+01 6.478750900335849394e+01 7.141787412755245157e+01 5.092323094314524923e+01 5.092323094314350129e+01 6.036087311151968748e+01 4.007379010758348414e+01 5.929839396690982056e+01 5.328077159582913680e+01 7.382621950841257785e+01 8.829450668673362657e+01 6.832882833538556611e+01 8.829450668673362657e+01 9.852913155679087254e+01 8.057200604430735780e+01 6.056742788864914218e+01 7.474239597839343219e+01 9.464592972878095622e+01 9.297560719067129753e+01 1.011626890039673299e+02 9.757009432883241118e+01 7.931796465808997709e+01 9.757009432883241118e+01 9.929081707715332072e+01 8.818483385185624002e+01 6.827126618196793117e+01 7.818452169629394177e+01 7.608933410841613920e+01 5.996063621996903237e+01 7.416549368591672931e+01
7.232205343510359485e-01 2.072322053435068057e+01 3.258481762769373802e+01 3.965588543955934142e+01 4.794015668702153476e+01 5.579096290259222712e+01 3.895982999207453190e+01 3.633793225015038786e+01 5.579096290258412694e+01 6.740272696942864172e+01 5.692597295385946410e+01 3.664904394859944858e+01 4.677877619993022051e+01 3.294977062634203691e+01 3.903188684442494605e+01 5.063421514961260073e+01 7.113753099896239007e+01 8.074980636951421786e+01 6.074128892484437614e+01 7.042225130914260944e+01 9.036316167881108186e+01 7.502469077715610979e+01 5.500609925669398592e+01 7.285338287020469750e+01 7.888620469528090950e+01 7.305018309595691051e+01 9.297560719067129753e+01 8.931400986445872547e+01 6.926883606996251785e+01 7.929142296721067851e+01 7.929142296721067851e+01 8.886232524667688892e+01 7.818452169629394177e+01 5.825959195068157470e+01 5.604211985476656821e+01 7.575117977257916380e+01 8.798256898510983604e+01
9.494692443194679976e-01 1.101896462316984149e+01 2.544525291440823267e+01 4.565703665228685537e+01 5.203278135731125076e+01 4.369842724293039993e+01 2.725865324739696050e+01 2.725865324739696050e+01 3.895982999207453190e+01 5.907938287459441540e+01 5.532231210952384259e+01 4.678750591044282459e+01 2.644953785309942518e+01 4.678750856816387227e+01 5.929839396664355888e+01 6.785015414094497999e+01 7.974761706140090212e+01 7.408147654139048655e+01 5.405622832471064498e+01 7.408147654139048655e+01 8.238520927750121814e+01 6.985669514343184971e+01 4.983202738975116119e+01 5.283277717766539183e+01 5.887759827443592542e+01 7.045664251651848531e+01 9.040120077425093825e+01 9.345053705787896092e+01 7.342652587966773581e+01 5.923461329712129242e+01 7.171066147000891533e+01 6.884152823614066108e+01 6.884152823614064687e+01 5.225476851946631029e+01 7.227337868395437681e+01 7.834492208679405678e+01 6.990834879355632836e+01
2.836664262828419991e-01 2.028366642628248684e+01 3.923344514303125408e+01 3.474926128612376885e+01 3.986789213938732956e+01 2.345275598971380049e+01 1.813218620083944543e+01 2.989613745944138046e+01 5.008164529015114397e+01 5.532231333740527646e+01 3.494941811242652818e+01 3.868791145474946802e+01 2.279833859500918436e+01 4.319219571115660017e+01 6.256241601740172342e+01 7.438961383074173739e+01 8.303800432459088654e+01 6.305807696475799418e+01 4.888223341039477532e+01 6.891157593378068213e+01 6.826041457948582547e+01 5.413561988147044701e+01 4.497374254847338193e+01 6.500065524711209264e+01 7.888620469528090950e+01 8.710643604996218414e+01 9.859309445257625271e+01 9.588794288818840528e+01 7.587640156256256319e+01 6.168367662517427163e+01 5.171737475126607819e+01 6.554059921749964701e+01 4.889179113466287419e+01 6.884152823614064687e+01 7.431160924409161339e+01 6.601015590565840796e+01 4.924960120385479456e+01
1.404418693552202946e-01 2.013472632077619906e+01 2.208506602274837149e+01 1.625365009615447320e+01 2.649048788470649640e+01 1.169738943833339562e+01 3.200958328900373573e+01 4.676825436096567756e+01 5.840829319902434946e+01 4.300662367493870164e+01 3.454393088218158425e+01 1.838675609138745415e+01 3.868791265955839975e+01 3.374121224531371155e+01 4.541901414249664981e+01 6.582845018318940333e+01 7.845974334052445442e+01 5.845890148069225489e+01 4.428721805062529171e+01 5.841107592051771036e+01 5.582133887625831647e+01 3.996825762387009462e+01 4.630035795333493809e+01 6.042611676502940554e+01 8.021974685815216333e+01 9.721163635349162746e+01 9.487833438893291316e+01 8.594814466131133202e+01 9.000626489887856962e+01 7.999270179209464970e+01 6.554059890031683722e+01 4.569843385736368191e+01 6.270719626629107069e+01 7.048802708899218317e+01 6.288070822858230713e+01 4.597831184117021053e+01 5.410418247831457705e+01
6.646099058385387393e-01 1.140443257355944873e+00 1.847995597763452791e+00 2.556886159345484799e+00 6.212037017828285990e+00 2.592541642386611045e+01 3.871554436067604854e+01 4.847516983496677767e+01 3.907476865366256646e+01 3.063264014780230937e+01 1.451531094227085816e+01 3.454393088218158425e+01 4.715988585512153008e+01 5.404505679106669191e+01 6.256241602843430627e+01 6.357809028621864655e+01 7.190961962645624794e+01 7.256721335982011567e+01 5.841107592051771036e+01 3.838300398235210764e+01 3.579449840386774895e+01 5.582133887625831647e+01 6.622353679500692181e+01 5.784870634166541947e+01 6.933581900893759098e+01 8.903995775705979554e+01 8.594814466131133202e+01 6.473235156007505964e+01 7.094631349117635466e+01 7.967295901550181725e+01 7.300882652371021209e+01 6.256317620243186184e+01 4.291661291319296367e+01 5.903707084816286255e+01 4.302203670609537767e+01 5.700122574148113586e+01 7.335973717109386882e+01
6.164072599657668405e-01 1.096571654627844872e+01 2.155185102261594565e+01 2.272322353712034015e+01 3.581572114315436650e+00 2.377720874767869219e+01 2.716038335125609038e+01 2.517636742711565745e+01 2.780306457411163734e+01 1.080732586430819175e+01 3.063263818793144821e+01 3.908913252637153590e+01 4.421427694543787368e+01 5.303736128951614148e+01 6.039202811881183663e+01 4.369739918950253355e+01 6.039202811880996080e+01 7.349663630307389894e+01 6.665658865800463673e+01 5.296049974811335659e+01 3.293121156965462859e+01 4.709648685797008483e+01 6.711747919742714430e+01 7.766376794668180139e+01 8.583138154694893274e+01 9.078168374594666545e+01 8.702827970553752834e+01 6.488585815536019652e+01 5.028816449403075239e+01 6.113719093187295783e+01 6.978971977034828456e+01 7.090469900533899761e+01 5.994837439926168798e+01 3.997826496687993370e+01 4.214336837389279822e+01 6.836920932299568676e+01 8.530010536781583141e+01
7.616414269703414286e-01 2.075495899022316593e+01 2.655567029704956283e+01 3.200934344779965812e+01 2.178234534284971957e+01 4.609715640514335355e+00 2.469393686730949966e+01 6.686121241145317029e+00 7.426497435997136520e+00 8.168543007197168748e+00 2.843230947433166023e+01 1.874540524657201246e+01 2.490041395820285075e+01 4.472857985599768682e+01 5.199412097078133144e+01 3.196207374543694613e+01 4.149238264879100058e+01 6.357568653302966766e+01 6.177822864463284702e+01 5.072061691900309910e+01 3.068241962680955481e+01 4.485677029888552170e+01 6.487944960747172729e+01 8.021722523623212453e+01 7.205232440575788644e+01 7.178539675476552873e+01 8.067844398228588432e+01 7.234319625425064260e+01 6.113719093186998066e+01 4.082155816308618768e+01 6.113717247606577843e+01 7.657457262148578536e+01 5.839839453015349591e+01 3.835891212590720301e+01 5.226441287751845266e+01 6.324787474019199607e+01 8.405570481395538707e+01
8.582653206718614536e-01 1.500022617659588420e+01 3.498656643302829394e+01 4.977036317904394735e+01 3.147172331409334589e+01 1.166697872213606146e+01 5.641466914972694369e+00 2.190542999870530494e+01 2.689035138638067579e+01 2.808117468447882814e+01 9.263441638211451945e+00 1.004303451446372719e+01 3.026340697980429439e+01 3.970114725248433984e+01 4.430503229874544502e+01 2.270268479445265086e+01 4.430503229887875705e+01 6.160865696098494482e+01 4.427247133038817140e+01 4.549005348295415274e+01 2.847637113696209354e+01 4.853706880250208400e+01 6.548161612177584345e+01 6.069831981547886102e+01 5.227791514635146086e+01 7.205232440580343223e+01 6.905923724163722000e+01 5.221734196880983347e+01 5.568048113208291738e+01 3.546630541736305986e+01 5.568048112953782436e+01 6.302468926015108508e+01 4.910338210512497881e+01 3.693894227448792833e+01 5.708012836817594859e+01 7.687763202917793137e+01 7.960015459761926593e+01
9.616989121453964895e-01 2.096169842892702562e+01 3.934042788949227543e+01 4.751000697436634113e+01 3.827175948042261666e+01 1.843399007946280221e+01 2.586887528467741504e+01 1.455983137976946473e+01 3.324047792572012838e+01 2.007080102042047542e+01 2.952272731882497325e+01 3.031218455692957647e+01 1.115411665018730858e+01 3.143635929809834906e+01 3.340446212796774006e+01 1.678466776862539689e+01 3.735724850318968748e+01 5.454640850182746448e+01 3.655222710138033904e+01 2.538951141342522888e+01 4.549387496558022548e+01 5.682133079706028411e+01 4.547356834513354329e+01 4.075757515099403605e+01 6.069831981502274232e+01 5.974718750257978428e+01 6.072348619102463374e+01 4.063302294820002203e+01 4.912434104065712148e+01 3.060944634222106586e+01 5.068293673508549801e+01 5.337487218780416498e+01 3.494195400794914974e+01 5.499571612864946957e+01 6.007272227127021580e+01 5.686564266228334930e+01 5.959378127993707608e+01
2.866789980725219511e-01 2.028667899807216557e+01 1.939498386468343583e+01 3.934095941677443875e+01 4.705433193539386849e+01 3.267967801753923851e+01 4.106645044441382453e+01 2.151546038845635778e+01 4.078734522431506804e+01 2.894075738821174681e+01 4.732577831620838538e+01 3.905971833387985015e+01 3.092192653072687136e+01 1.227187782607654221e+01 1.307407882465210136e+01 1.388185107859429301e+01 3.421836235493208278e+01 4.372450136935341192e+01 4.342829931916617880e+01 2.327844326506742689e+01 4.342830847645370795e+01 5.133378986060760241e+01 3.130957815405637845e+01 4.351173815728102312e+01 4.452469426356885407e+01 3.965978588369928559e+01 4.656641656999947543e+01 4.759507782450466351e+01 2.906059818611009149e+01 4.873658104117465939e+01 3.220032076542606347e+01 3.332962596916576814e+01 5.292044100687033392e+01 3.774618769641835314e+01 4.003045044947698727e+01 4.268752049552155370e+01 4.541795719233616069e+01
7.776801193288799263e-01 7.848747207200659659e+00 2.783851498437305239e+01 3.929384983629144301e+01 5.882466118791933241e+01 5.306626457611986325e+01 4.995723101092178098e+01 3.303161051743213505e+01 4.974317859848020618e+01 3.981551084627309223e+01 5.527256951757996717e+01 4.102376812006468754e+01 2.098578798051268279e+01 2.246311122274626371e+01 3.337586754092981067e+01 3.421835788616849072e+01 1.504931808036776530e+01 3.538346063594001834e+01 3.853823836563528715e+01 2.118868830305484963e+01 4.139409483384207533e+01 5.022156554917876292e+01 4.125951358535413505e+01 2.338353191500887007e+01 2.441990845808660282e+01 2.545597564734135432e+01 2.649222710095081368e+01 2.752842835218394768e+01 4.171333571247606642e+01 5.695244521461630427e+01 4.638533768543947389e+01 4.749057746772449207e+01 6.113947626457244411e+01 4.183911188132989878e+01 6.007271931156019917e+01 4.690898285113858179e+01 6.545351235773651410e+01
5.059075238208947667e-01 1.464804314753837389e+01 3.464804303792733009e+01 4.358317709337629964e+01 5.182567705114183809e+01 5.522905436049635597e+01 6.110356381732135134e+01 5.450870025282390685e+01 6.197319764106897821e+01 5.255383513895573344e+01 5.109628589995493542e+01 3.116611173810224855e+01 4.106680187677115867e+01 3.643670459611178813e+01 4.970587825025061335e+01 4.371654962115007947e+01 3.537882253498015928e+01 1.622755856160967269e+01 1.825934710657980986e+01 3.853783041126703068e+01 3.975202565243258590e+01 4.070204213062788767e+01 2.193357475641867893e+01 4.210305748099373346e+01 3.603775080375555007e+01 4.554324960624738594e+01 4.654230040936094071e+01 3.107704459308495970e+01 5.079787537242023632e+01 7.014275783124872987e+01 6.658512504363808659e+01 6.733236358110852393e+01 6.603325405653940550e+01 4.602109436060963077e+01 6.603568126105521685e+01 6.694502939782981343e+01 5.422890290272909652e+01
