MOVIE_S3_data/elevation_000357.asc
nrows	100
cellsize	150.0
xllcorner	0
ncols	100
yllcorner	0
NODATA_value	-9999
[rows 0 to 16 of 100, columns 0 to 36 of 100]
7.773770046158816616e-01 2.077737700461552706e+01 2.707815789580352828e+01 3.072957394240274098e+01 3.472947086534177430e+01 3.899333636960792404e+01 4.370714719448266550e+01 5.003112119079646192e+01 5.710110608084413286e+01 6.537510543590489931e+01 7.689926378224842551e+01 6.680104481713686937e+01 5.792189796163527404e+01 5.792189796132654322e+01 6.414038606107973806e+01 6.475240526369296390e+01 6.191105985245785348e+01 6.800579356759254779e+01 6.358226226988073648e+01 6.158244608316903879e+01 6.340033902973124214e+01 7.171415762981894204e+01 6.955934899504042335e+01 6.064589761416380753e+01 6.935531267397276167e+01 7.470582989183833433e+01 6.539827929632932069e+01 5.681031100918805521e+01 5.692136051130165697e+01 4.845905151638850583e+01 5.191470289152353956e+01 4.568144604958411747e+01 4.876110151300611051e+01 5.327976918359861713e+01 5.282465581648968822e+01 4.884706529376737194e+01 4.671744171580292004e+01
1.667217412783970065e-01 3.596693444128566952e+00 7.078246563242509559e+00 1.072973027994358475e+01 1.472973027994355100e+01 1.899374460705562839e+01 2.370778981495952209e+01 3.003234513231373626e+01 3.710341283127978329e+01 4.865036613813568067e+01 6.864259714373984878e+01 5.792189796165997961e+01 3.820603632528918325e+01 3.820603632528917615e+01 4.398067850084815689e+01 4.463568372267359763e+01 4.153247001868039945e+01 5.681288252399897942e+01 4.844591730304389188e+01 4.484205173312533788e+01 4.514854804042327885e+01 6.209392105835724607e+01 5.846962921137948399e+01 3.835570107602596579e+01 5.839277438115600205e+01 5.119326453431309432e+01 5.633175729493750339e+01 3.547109981181858274e+01 4.151308206525842337e+01 3.081413659660784532e+01 3.552802709904867129e+01 2.812915027699884263e+01 3.833836529052828013e+01 3.806596905086341565e+01 3.270391607584227955e+01 3.380316534264654393e+01 2.263669515885500516e+01
2.375235533300354973e-01 2.023752355332968023e+01 2.707815789580352828e+01 2.227673459349000140e+01 3.472947086534177430e+01 3.313585234886718922e+01 3.784987754030725426e+01 3.784987754030853324e+01 5.710110608084400496e+01 6.537510542623169840e+01 6.200917496094521653e+01 5.792234180683071543e+01 3.820603814146481625e+01 2.582303201784396762e+01 3.623822213735304842e+01 3.225291217529803589e+01 3.243209202153189352e+01 4.497869160024363566e+01 4.196521582010295504e+01 3.125127884121246424e+01 4.850795418964556660e+01 5.429477846630592097e+01 4.926633770064664475e+01 2.653770011801919537e+01 4.924831618425568536e+01 3.439049983738627247e+01 4.852653239904876870e+01 3.953557799316962473e+01 2.100424702692511048e+01 2.472942585995966169e+01 1.653848313827534255e+01 3.043777663379519538e+01 3.153659189909733129e+01 3.139388654113150778e+01 1.448202978936489593e+01 1.476594658838352103e+01 1.505922060878059909e+01
2.578281697790204552e-01 1.439996379351009637e+01 3.439996379351079980e+01 4.227636722712626494e+01 5.055911273700582598e+01 5.313455373383523295e+01 5.784784703060549305e+01 5.199159310758741270e+01 6.612614733264649658e+01 5.597433171102790794e+01 4.126098178846210374e+01 5.222874244964562251e+01 4.110398463285716986e+01 3.371446012088439659e+01 1.856903036910532734e+01 3.086465156850062641e+01 2.587428808422927773e+01 3.310409130875109440e+01 2.120643852014758224e+01 3.971370476063388111e+01 4.165039758792588032e+01 3.305236468218247836e+01 3.571142160955378841e+01 1.855761607756796394e+01 3.503918064756161499e+01 2.177413061761659208e+01 3.508507914284272999e+01 1.269039384128870829e+01 1.291348085431151738e+01 1.313732722470360059e+01 1.336419253703468257e+01 1.359754906923927109e+01 1.384105078703083436e+01 1.409634481088994917e+01 2.075376456917943102e+01 2.699525604050270644e+01 3.045796566514409065e+01
6.835178870107115889e-01 2.068351788701035687e+01 3.087657806248017067e+01 5.087657806247946013e+01 5.503112993240018369e+01 5.371288651578132800e+01 6.205791954111099784e+01 7.198609478115257332e+01 6.199609137468709008e+01 4.126077150152015349e+01 2.577046662528429266e+01 3.488631591901674511e+01 2.258413648934820728e+01 1.973101797209170982e+01 1.398786536446468531e+01 1.637175542859269584e+01 2.730992278727719480e+01 2.821053895700455527e+01 1.542236868168253672e+01 2.964391823779961754e+01 1.115877031872428837e+01 1.135779369653296911e+01 1.155026127806055314e+01 1.174389381106490582e+01 1.194527052931421274e+01 1.215651176268332456e+01 1.237530932615934631e+01 1.722191913231628035e+01 2.574227818986145877e+01 2.856416779881854140e+01 3.435384683614904588e+01 1.731709330924895696e+01 3.435641158176559884e+01 3.538414702994936789e+01 1.955790966088240168e+01 2.351868415356768693e+01 2.974709319677105057e+01
8.765780624806145394e-01 1.087657806248052772e+01 3.087657806248017067e+01 4.920588339145847812e+01 3.516412461044993876e+01 3.369121370806624327e+01 4.789109307858795006e+01 6.861882087936028540e+01 6.047370086403135048e+01 3.935241733988351598e+01 2.413091032398843439e+01 8.671344582585527760e+00 8.950142810216613398e+00 9.202539252681546600e+00 9.454217906292083029e+00 9.704793907351128013e+00 9.953687839597282760e+00 1.038348762808137593e+01 1.063396906397959185e+01 1.086125819719121033e+01 1.305795218445133088e+01 1.542761067566101474e+01 1.564118558151111493e+01 1.951349709109373265e+01 2.389893515451037942e+01 2.495596048552997104e+01 2.753831194762959811e+01 1.574687743173814347e+01 2.282639658346218070e+01 3.890166053875807251e+01 4.124598429984697390e+01 2.085084854668883381e+01 4.126148948399885086e+01 4.890317161310574079e+01 4.160099708414995234e+01 3.474622396759841791e+01 4.775680262132430443e+01
3.336530771559016451e-01 2.033365307715554593e+01 2.872535855001129335e+01 3.247462110941350488e+01 2.107283208657859319e+01 3.516412461045634785e+01 5.503112999963083496e+01 7.010141865209671153e+01 5.904985011327650568e+01 4.635693589071576781e+01 2.886906370470294547e+01 8.593830780059533936e+00 1.297033059254227538e+01 9.747328865064355696e+00 2.708786590329260591e+01 2.999471052152769346e+01 1.894844074877399365e+01 1.029984689892327587e+01 3.054406761791425851e+01 3.065433604972192327e+01 2.069504092036331144e+01 1.555587098239327126e+01 2.751730018064250771e+01 1.929102760396693483e+01 2.192619069838545443e+01 3.195662357703999490e+01 2.914869504132020950e+01 1.813144378667496071e+01 3.555067007397912704e+01 4.700271982118099601e+01 4.993616310619659515e+01 4.129598253179211298e+01 2.607661331527182469e+01 4.089917929333185498e+01 6.344847446686849679e+01 6.055381205095014252e+01 6.776759088546013743e+01
2.692912384917900415e-01 2.026929123849143366e+01 8.771299566074471699e+00 1.255080791177911692e+01 3.247462110941349778e+01 4.599994134167862825e+01 5.273177120791137185e+01 5.245372843882228864e+01 5.012662924378181373e+01 2.958710941470515365e+01 1.748597199870686936e+01 8.344311027598136477e+00 9.810396107177881575e+00 1.633249140665385468e+01 3.961897532185441406e+01 4.821799787296156836e+01 4.081920871036686549e+01 3.903678393231040644e+01 3.877229581061802577e+01 4.611040615128871423e+01 2.679531549989665251e+01 3.845097204013586634e+01 3.391510728046049650e+01 3.133148557978456594e+01 3.997977370866079383e+01 2.885399917753166577e+01 4.168820167558051537e+01 3.668955908288369017e+01 2.298236623920650601e+01 3.652696307088595518e+01 5.548277908632503141e+01 5.193712134819168114e+01 3.009563414478472865e+01 4.541574458405849413e+01 6.815115194353542449e+01 6.793059144400113780e+01 5.722538720407123947e+01
2.740426242073276120e-01 3.607375848609784441e+00 2.359383240869282972e+01 3.247462110935574486e+01 2.038932358212237972e+01 2.640586466511248886e+01 3.343150473968907477e+01 5.273177120791137185e+01 5.584428635474475300e+01 3.463306367616470993e+01 3.716458463819589042e+01 2.660725080298890077e+01 7.986573067048720276e+00 2.567158885986339101e+01 3.512175723807895622e+01 4.716549446658783040e+01 5.345950044393333656e+01 5.913308411885538618e+01 5.972341007866310036e+01 5.740608480726035623e+01 4.897902979781788702e+01 5.761584755506179789e+01 5.501688963933971621e+01 5.366346710507543349e+01 5.506842484182983100e+01 3.808743011012349200e+01 5.508112517090548721e+01 4.601063828106134679e+01 2.715822187724527126e+01 4.042296067052477326e+01 5.975298545838642639e+01 5.714367436209897733e+01 3.482027427259342289e+01 5.065356679019079422e+01 7.305730030278337495e+01 5.926404494955004054e+01 3.959490596136695473e+01
8.627856460739585787e-01 2.086278564607360408e+01 1.774474353143476790e+01 3.771478210480632498e+01 4.012315086216936777e+01 4.599994134167862825e+01 5.273177120791137185e+01 5.223491996471607024e+01 6.357483105753569674e+01 4.846859332989686919e+01 2.815547709475429983e+01 1.414923874694309980e+01 9.412729732701658136e+00 7.631427195694509003e+00 7.408875930383318931e+00 3.456182664779408498e+01 3.281824134415890626e+01 3.879733268942604241e+01 5.083793454008444712e+01 6.016154111552715023e+01 6.638744702647787221e+01 5.775829095839458205e+01 5.186455889451388401e+01 5.634838177092474609e+01 6.114368443028629940e+01 5.791329574066442376e+01 6.700575583999277285e+01 5.379379666542183003e+01 3.568296130217439810e+01 3.444550814641972636e+01 5.392201967582769129e+01 6.328211063777701639e+01 4.059016392699776077e+01 6.328211063777708034e+01 7.539443109066532145e+01 6.588079996611712374e+01 5.695860128239883835e+01
2.490127916613376069e-01 2.024901279166098078e+01 3.771478210491957839e+01 4.597667160523443641e+01 5.355458113296512579e+01 6.104506754657052170e+01 6.901689167549193371e+01 6.988047889585496364e+01 5.819890448875760569e+01 3.578156779667767040e+01 2.401023172404647354e+01 3.419534587360302424e+01 2.867175866961155961e+01 7.477067504422670652e+00 7.356844243807199923e+00 2.375431644267713693e+01 1.851383154900748096e+01 3.881618687042630000e+01 2.983907013253036666e+01 4.722780089514657931e+01 5.438607005126159066e+01 3.698314832862539703e+01 3.151054283477771989e+01 3.617513290944835092e+01 4.125777206504069028e+01 6.114368443873444647e+01 7.669904855329025395e+01 6.329685470598113994e+01 4.641921555226691254e+01 3.965328755491020729e+01 6.032940692915165926e+01 7.011829564077261523e+01 4.745515927260456834e+01 7.011829561278278788e+01 6.771157508507911871e+01 4.952788846190640015e+01 5.328314828707126338e+01
8.485705281016824308e-01 1.500177895890503521e+01 3.511810916735220900e+01 3.787368750294317010e+01 3.432032348702092861e+01 5.097716826981875471e+01 5.093799779756300694e+01 6.822043739572144716e+01 6.644602495462572733e+01 5.373386782029358955e+01 3.572749783173100013e+01 4.874998503310109044e+01 2.952181444544980238e+01 3.410926830096741469e+01 2.292092704005604986e+01 7.081769121345528717e+00 2.415451357000735655e+01 2.676283173097823820e+01 1.831600519708917929e+01 3.849144867968274042e+01 4.061027346085564460e+01 2.534472306469084302e+01 4.576572114921749801e+01 5.634838177092474609e+01 6.114368443873444647e+01 4.935954011857384671e+01 6.869506917315874261e+01 7.531586955687812690e+01 6.675003419862441945e+01 4.531097662965259332e+01 6.879379831133151413e+01 7.803805192463460116e+01 5.566701204930532043e+01 7.803804830950547000e+01 6.449414237994744781e+01 4.531401934423146116e+01 3.342916808724132949e+01
5.097248530424480784e-02 2.004582175927514243e+01 2.657627899775628322e+01 1.818912793239946168e+01 3.773878925737977852e+01 3.187226336670368454e+01 4.310177362922438249e+01 6.099346881660289199e+01 7.247155365377760461e+01 6.565501131969679705e+01 5.745941272202001926e+01 5.716841553663309128e+01 4.874823859264206760e+01 4.334764071717428635e+01 2.361934290593621810e+01 2.344801291765845974e+01 6.817065319448246008e+00 6.688937537724124027e+00 2.675791165998423438e+01 3.600085127259036710e+01 2.039503048233184401e+01 4.057718460937861238e+01 4.193830271538593024e+01 6.277771311888100314e+01 7.663577789958912945e+01 6.370072549518214089e+01 6.013140887769003484e+01 7.751717845692343190e+01 7.534053389072083462e+01 5.322481450067381559e+01 7.866181462583878670e+01 8.674800932728388148e+01 6.886201911721533975e+01 8.673427263956041600e+01 7.231159527000407650e+01 6.128857147542622386e+01 5.321759968797945817e+01
2.550521787762166648e-01 3.457083875494348479e+00 6.698471955568590097e+00 2.645863496238789381e+01 2.134382466091612685e+01 4.067535651661411578e+01 4.905515894425325030e+01 5.641430868027953949e+01 5.616605967071456718e+01 7.029704569673664594e+01 6.113783376559344873e+01 5.265444605914201048e+01 5.072952811589859579e+01 5.205084929771771840e+01 3.715776571440694909e+01 1.907833460747118437e+01 6.607589071742305364e+00 2.291955005691839986e+01 3.101765273478322271e+01 1.592394212956638277e+01 3.600086827260519584e+01 3.448736779085219695e+01 5.537958140055074097e+01 7.137703480708408676e+01 7.740324889736241687e+01 8.177942148180632387e+01 7.843602824416110764e+01 7.394048402943063536e+01 8.549325748320151774e+01 7.487432762283205534e+01 8.040245522608653062e+01 9.918019802021703413e+01 9.066623637594645402e+01 9.225568359648657690e+01 7.189040805458810723e+01 5.789689389394138885e+01 4.915673326381573105e+01
8.916207294569349351e-01 2.081627389539660200e+01 2.652207834246711471e+01 1.201746661010781736e+01 1.771522127501553356e+01 2.359599404977929282e+01 3.001075875298189288e+01 3.937392813898021871e+01 5.764397960522369146e+01 5.301000703417591353e+01 3.933291641437849506e+01 3.219082571394122994e+01 2.961725103059479025e+01 4.450782080790265383e+01 3.934846559445588099e+01 2.502167905079159382e+01 7.259849757952673954e+00 6.292263556519154477e+00 1.088479783961488678e+01 3.164738595460152482e+01 4.471511245464504469e+01 5.537958140055074097e+01 6.394896476035122390e+01 6.993410644545328125e+01 5.417205987487638907e+01 6.998435600010093083e+01 8.365425813768818841e+01 9.035466122393390265e+01 9.281372258448170953e+01 1.009707946875617495e+02 1.065957412762250414e+02 1.024544414324258952e+02 9.191446448546371073e+01 8.348554842988616542e+01 7.629326005711298819e+01 6.156490163944157956e+01 4.194224632003054865e+01
5.108012481754142797e-01 2.050462170062514033e+01 3.926759789482419905e+01 2.598115402880905478e+01 2.763148673138713107e+01 4.277445209855353170e+01 4.899402955808200488e+01 5.620247233397886788e+01 4.517255364546253560e+01 3.649048139308731464e+01 2.104165721378888421e+01 2.656316148705488445e+01 1.574212916737056744e+01 3.543794181038913393e+01 3.450720733177211486e+01 1.364895674653159929e+01 6.370144821777747879e+00 6.068875796068946116e+00 3.051640828115173321e+01 3.129110571713219002e+01 5.115558754332664648e+01 5.283447811003993166e+01 5.468315746017372447e+01 5.986467612970259466e+01 3.981280600926486102e+01 5.204088814751592906e+01 7.087954272203754158e+01 8.657489226243687597e+01 9.623269061004087632e+01 8.845765615952547023e+01 9.818747775486764340e+01 9.400504646277914844e+01 7.476239332373080515e+01 6.401520884509196208e+01 5.700283059997271096e+01 6.017760649937810058e+01 4.077325072078438239e+01
5.195627768054871254e-01 1.467340309061327019e+01 3.473137637567374014e+01 4.514475436159731458e+01 4.571778838839941272e+01 4.987700864032030523e+01 5.365086667936763121e+01 4.618056216141387438e+01 3.113024822680598191e+01 1.500242337364542955e+01 8.237585364170266544e+00 8.271592504775403754e+00 1.862510194190760515e+01 3.157174652290786554e+01 3.907029032508572186e+01 6.549585828766536721e+00 5.735458534537857922e+00 1.275733854992186167e+01 2.620570906229845676e+01 4.618925099387114841e+01 4.708928793440471594e+01 3.275188876897018275e+01 3.498830145941580838e+01 4.335891332323995329e+01 3.107445841834199740e+01 4.112154670536173739e+01 5.571365734649679524e+01 7.229205193843448285e+01 8.105276754266516548e+01 6.505107916073002627e+01 8.548422328124460989e+01 9.957379083228615002e+01 9.191446448546371073e+01 7.871274339303209899e+01 5.905789743472968922e+01 4.812071993286470928e+01 6.015942523689302845e+01
