MOVIE_S3_data/elevation_000388.asc
nrows	100
cellsize	150.0
xllcorner	0
ncols	100
yllcorner	0
NODATA_value	-9999
[rows 0 to 16 of 100, columns 0 to 36 of 100]
7.773770046158816616e-01 2.077737700461552706e+01 3.390222348740827130e+01 4.217775344656038783e+01 5.369164048075668205e+01 6.030434772407412680e+01 5.010513832349955265e+01 3.959739853747482385e+01 3.270644579982802469e+01 3.295158520523871459e+01 3.625922146403235047e+01 3.746177601822787295e+01 3.795967580428453658e+01 2.539558303744640355e+01 3.264156489926723737e+01 4.018424600232837918e+01 4.909573692918822729e+01 6.025677605695322825e+01 5.565204006158133865e+01 5.887928552954966221e+01 5.039107564488416102e+01 5.381147607690914469e+01 5.732773494907688416e+01 4.986375091195545650e+01 4.689440204555585723e+01 2.396591831371083714e+01 2.421169733943372293e+01 2.445976042570786646e+01 2.470916345536383218e+01 2.496018745647162973e+01 2.521398039873553643e+01 2.547172240673484467e+01 2.573476139497197579e+01 2.600423670085388039e+01 4.473704386809867373e+01 5.411931953260308603e+01 6.262648485084027783e+01
1.667217412783970065e-01 6.833388406567596718e+00 1.390445616422911002e+01 2.545139289043940423e+01 4.544045263119414102e+01 5.192457751518550424e+01 3.142744715096869612e+01 1.954094848460325196e+01 1.937173884197030560e+01 1.961988521229867288e+01 1.986801230166697252e+01 2.011450270192733214e+01 2.035705619045604564e+01 2.529882770854220553e+01 3.327611840325270975e+01 3.661725865383330358e+01 2.149704780727229547e+01 4.240518416651285349e+01 2.288678908753559327e+01 4.348606926850935395e+01 3.176913302372607717e+01 4.125232134833612463e+01 4.547325150571631269e+01 3.097010476255085720e+01 2.362474769465010738e+01 3.031124000636636140e+01 3.820437086785113223e+01 4.044628585608451488e+01 3.838064785153159164e+01 2.844833942835197149e+01 4.159673396386771316e+01 3.555922530715000818e+01 4.521009773066874970e+01 4.563079703677948373e+01 2.640019161832580963e+01 4.554177124621542561e+01 4.213851840412037575e+01
2.375235533300354973e-01 2.023752355332968023e+01 3.390222348740827130e+01 4.217775344656038783e+01 4.688659287478987636e+01 3.865290009559878115e+01 3.589559481742753633e+01 1.901818522119984323e+01 3.140498869456908082e+01 4.115415439076512172e+01 3.997374073379355508e+01 2.815931120297643275e+01 4.109105829649098496e+01 2.069374005487521373e+01 2.092987484299468548e+01 2.116500114866563820e+01 2.157447415577610172e+01 2.182643965440560052e+01 2.205615677694664356e+01 2.720646138331612462e+01 3.139019187141841627e+01 3.517665629397517080e+01 3.717289639500769738e+01 2.329845654665661669e+01 3.824642996373159320e+01 3.824700455004440869e+01 3.685139890575360511e+01 4.204451860485632864e+01 4.614716846572724762e+01 5.608810573430292834e+01 4.797729307651874109e+01 5.447177624402168306e+01 5.686150613679334498e+01 3.734158409477444707e+01 4.595236282144447415e+01 2.681180968010734844e+01 2.838354548030244473e+01
2.578281697790204552e-01 1.180500417333681717e+01 2.595391528586303309e+01 4.606462431648867550e+01 3.864928521126534378e+01 1.934595841664487637e+01 1.866008912387200169e+01 3.755187375681345685e+01 3.658660255783085802e+01 5.445600659654508746e+01 4.836227051163253066e+01 4.278788666701075982e+01 4.677196506857069380e+01 5.418045913545764591e+01 4.285481041647663858e+01 2.566870331930275029e+01 3.632736803780041157e+01 3.382744699698043434e+01 4.012961546360227771e+01 2.236795959780624798e+01 2.258075686013060235e+01 2.278738232637779504e+01 2.299311351216718435e+01 4.238641951751998249e+01 2.735148998479285609e+01 4.001321877477723632e+01 4.957931132253325046e+01 5.793720942099337634e+01 6.380807997426008171e+01 7.263542043709863094e+01 6.731358438961999013e+01 7.119949316386625071e+01 5.141239316465141940e+01 5.720770853431497471e+01 5.484217886005690445e+01 4.679883624659149888e+01 2.723809385462871901e+01
6.835178870107115889e-01 2.068351788701035687e+01 3.676476223198893223e+01 4.676562077156770414e+01 4.511327654757035788e+01 3.004399841685978956e+01 1.840705164765349267e+01 2.758154132666959057e+01 4.712584310845210211e+01 6.301861239752771127e+01 6.852882112060061104e+01 6.571795763521454603e+01 6.911393227491620905e+01 6.589614968965018704e+01 4.239087966337528002e+01 4.065852078774554457e+01 4.681816297654332004e+01 4.791424301333242397e+01 3.722967127005357213e+01 2.831994707953460733e+01 4.085923941486401390e+01 4.491468938877132899e+01 2.285666687329469227e+01 4.781172330711093821e+01 4.698884384124748692e+01 3.156493666739007509e+01 5.012426854984194335e+01 5.889155796445231061e+01 6.599472830220292963e+01 7.389414403529856656e+01 8.448352399507513155e+01 7.934232834058896344e+01 7.119948265869342663e+01 6.931472987037719236e+01 5.577377457005530204e+01 4.703821429272703369e+01 2.762977887761386242e+01
8.765780624806145394e-01 8.435869987557094163e+00 1.843628381262662330e+01 3.850816356984798716e+01 4.965893145582116830e+01 3.234912579289063217e+01 1.815543690478738625e+01 3.543371344019571012e+01 4.578839819584804616e+01 6.525463735579454294e+01 6.304805242936403431e+01 7.063387984651643592e+01 6.440404053116851912e+01 7.167750521010988507e+01 6.603196068921992889e+01 6.273146030985660815e+01 6.424161078929493840e+01 5.168113611638791838e+01 5.091490971897866302e+01 5.165692169552686863e+01 3.868055283158182789e+01 5.610546964270294268e+01 5.335227375159788465e+01 5.957419189753722577e+01 5.389481559348143236e+01 3.587855703165060817e+01 3.724704306790031438e+01 4.242025790883808156e+01 4.903462466648961282e+01 5.854523064644704533e+01 7.659527142555066348e+01 7.220205735174261008e+01 6.401281816868650765e+01 5.602117832604928793e+01 4.212368134342470682e+01 2.819481592449660212e+01 3.420698217117872275e+01
3.336530771559016451e-01 2.033365307715554593e+01 3.676476223198893223e+01 4.675959925872535194e+01 4.699017108893625760e+01 3.037593143694143905e+01 1.790523735503812830e+01 3.125284802929247974e+01 4.892912168922377703e+01 5.932725502616993651e+01 4.552461586938148486e+01 6.042525981909254540e+01 4.679835940566616870e+01 6.132487487849798669e+01 7.387303499046473121e+01 7.311722076486248056e+01 6.334483887400386948e+01 6.477631192344115618e+01 7.097498635406570600e+01 6.571262152230043796e+01 4.724878423300440033e+01 6.571383331389444038e+01 7.143178146085848823e+01 5.448693841957288697e+01 4.228497963669406090e+01 5.402526341781637598e+01 5.502278921920551369e+01 4.586921551396774532e+01 5.134730029567883491e+01 6.127944826989840976e+01 7.679919026589226405e+01 6.273553181682085267e+01 4.570621047476332421e+01 4.059660237527451443e+01 2.875924214698640924e+01 3.137793469256879675e+01 3.763364196218127944e+01
2.692912384917900415e-01 1.182223543705584312e+01 2.607223316461704599e+01 4.672659989175315332e+01 4.960397568385458555e+01 2.141339880073957502e+01 1.765724920705206102e+01 3.137654479987726930e+01 4.846630702319790629e+01 5.291682329369772475e+01 3.554234610378663461e+01 4.382647469385992167e+01 3.589995678966938186e+01 4.814701788296772378e+01 6.248219767438943251e+01 5.975413880178583526e+01 4.105159215731903544e+01 5.829428405208732755e+01 6.769512202828065028e+01 7.382364884602529287e+01 5.856209412775267253e+01 7.386110099601206969e+01 7.737780768745432169e+01 5.766271209351471327e+01 4.747857385249601947e+01 6.532668154292298368e+01 7.035276785943742084e+01 5.226192855413573568e+01 6.531663443785599554e+01 6.941057590661904442e+01 6.555019770570568483e+01 5.052004088460868303e+01 4.097783651581850251e+01 2.930324717191109585e+01 4.839433008211036480e+01 5.417764491945651173e+01 3.576693237911991474e+01
2.740426242073276120e-01 2.027404262420697378e+01 3.663374139718268907e+01 4.644108882748763989e+01 5.114562506798987584e+01 3.621664445863662962e+01 1.741452884743782903e+01 3.204065708377346766e+01 4.157642656930133285e+01 4.729734808960968451e+01 4.286666037102273918e+01 2.777690462691231232e+01 3.909229475973615564e+01 3.810125152442754626e+01 5.005144625440772899e+01 4.306251741288082258e+01 3.118894835121143316e+01 3.715573517316502716e+01 4.894654550080218058e+01 7.135099459935418054e+01 7.662943037347136510e+01 8.465374719809086912e+01 8.570074648188474953e+01 7.149623892022447080e+01 5.302784428032690300e+01 7.149593520464935636e+01 7.624877290246841710e+01 5.924945096578084502e+01 7.624878001329045674e+01 7.511454277514775413e+01 4.919961857488988954e+01 3.440844739852727940e+01 2.981701826145155465e+01 4.052001460006552946e+01 5.690981863634551274e+01 6.408454214543156979e+01 5.591270857056704813e+01
8.627856460739585787e-01 8.422074993682983290e+00 1.842201288889253163e+01 3.836773070539805985e+01 4.671460205324054016e+01 2.904032903724896997e+01 1.717832409214838307e+01 2.898610641346453320e+01 2.714467386503010715e+01 3.901467103245877865e+01 4.201403023543760185e+01 3.047788151344149554e+01 2.409947871320132506e+01 3.265663044721249264e+01 3.780998905423940215e+01 2.614832066578535930e+01 4.306251741288092205e+01 5.833563387446327653e+01 6.769512202828065028e+01 8.053912805939631880e+01 8.729683894800166399e+01 8.928797031998513489e+01 9.704026842489642490e+01 7.977467634056939971e+01 6.156215924048021293e+01 7.976678614155032676e+01 8.265962799153895446e+01 6.978663064472743827e+01 8.273469815259736038e+01 7.801960040844473099e+01 5.222049145461461706e+01 3.519584674923000023e+01 3.016466386892975393e+01 5.103343435806298345e+01 6.020967247974932945e+01 7.966015568031048133e+01 6.952543487303191228e+01
2.490127916613376069e-01 2.024901279166098078e+01 3.663374139718268907e+01 4.653744966527202820e+01 4.979813324593077795e+01 3.183672204179251253e+01 1.733624335912289638e+01 1.684903587941444769e+01 3.477751569084029626e+01 3.332957586213628787e+01 3.141670203669972494e+01 2.940019103898855235e+01 2.458515391528139205e+01 2.038789637251661446e+01 2.229934378371135750e+01 2.601120076972160433e+01 3.456300804747170474e+01 4.915351015645463661e+01 7.111954073655684283e+01 8.172890817518631934e+01 6.835851285298362257e+01 7.042855513244622045e+01 8.699507335098293481e+01 8.937634589216825987e+01 7.987281211659735902e+01 8.992072556763807256e+01 8.767671653751209249e+01 6.545386247403095581e+01 7.363462606604601035e+01 6.472653386461479386e+01 5.351675675450919556e+01 4.934151493227017937e+01 3.049888787295400050e+01 5.005460213360788657e+01 6.490460884767118444e+01 7.221035204534061336e+01 7.360767431589711407e+01
8.485705281016824308e-01 1.499070615183275734e+01 3.499070615183346433e+01 4.962368760387474254e+01 5.634572720991263139e+01 4.234669550304320040e+01 3.098434854294519880e+01 3.259037205320452557e+01 1.652153605692641136e+01 1.628923643792408527e+01 1.605236509419504642e+01 1.580666563231768684e+01 1.554824777137833358e+01 3.085294460808895067e+01 1.886866248073908281e+01 3.727853543356598465e+01 5.538288769370497278e+01 6.471669261564174747e+01 7.514488966032723738e+01 6.723805423634425438e+01 5.498652160953515278e+01 6.142922911959735188e+01 6.870163985270500007e+01 8.269902084966189193e+01 9.964600453510460909e+01 1.017537573720615143e+02 8.205817619644116689e+01 7.619908069907610582e+01 5.002328706294719041e+01 4.259222491156052115e+01 3.686597128814268132e+01 3.268552456670349216e+01 3.082322181382776449e+01 4.672503781412984836e+01 4.515326938827661962e+01 5.578183936258849229e+01 5.350209756337002176e+01
5.097248530424480784e-02 2.005097248530389109e+01 3.078950316541897436e+01 2.856632278524898894e+01 4.515941009558251551e+01 5.047170986608595200e+01 4.267445648786163304e+01 2.652726286031655434e+01 1.696893242691511006e+01 2.831972889294433315e+01 3.482574329263437107e+01 3.208049676507642545e+01 3.173707122588342955e+01 1.516267881361991599e+01 1.567589274240744679e+01 3.113224935180161168e+01 5.748130618133054526e+01 6.940020001172631225e+01 6.142835682127535790e+01 4.819347784796644163e+01 6.723805423634425438e+01 8.010626607227048623e+01 8.699510246421671411e+01 8.632083375758132604e+01 1.029386125528337317e+02 1.093958231268388630e+02 1.017537572228904281e+02 8.710319433615258333e+01 7.371871755102277746e+01 6.470389077979793058e+01 5.772618304257954236e+01 5.192825788424065081e+01 5.038734622105432237e+01 3.127060156499966581e+01 3.361195295103328817e+01 3.597022156501267176e+01 3.941594617412639678e+01
2.550521787762166648e-01 5.363087705632534785e+00 1.067581594829906066e+01 1.772075462984398797e+01 2.731585224067462647e+01 4.120918826904976129e+01 4.956173136410424718e+01 3.913087972684246552e+01 3.730828912773714023e+01 4.278157815521986151e+01 3.738210146111037346e+01 2.422651527138739525e+01 2.313473274663495971e+01 1.487148733512824350e+01 2.997780053370199482e+01 3.209456297283053061e+01 5.795204174150950394e+01 6.142835590629888998e+01 4.220606429497393464e+01 6.142835682127535790e+01 7.104412634704915774e+01 8.508338261389316415e+01 9.386547283910556416e+01 9.329432186703660079e+01 9.406802356240378060e+01 1.041202901173495690e+02 1.078935569314940039e+02 9.817850226095299604e+01 8.430824159121424088e+01 7.367827004862932938e+01 6.668070008630974144e+01 5.643887980918169944e+01 3.673270245730731887e+01 5.076591314337877492e+01 3.171135632636453039e+01 5.137197139788307965e+01 5.926218432310079720e+01
8.916207294569349351e-01 2.089162072945658011e+01 3.078950316541897436e+01 3.760301147397670007e+01 4.515941009558251551e+01 5.356830478405579044e+01 6.448492245511080512e+01 6.282756845481548424e+01 5.487293646695442106e+01 4.900316762413110183e+01 3.464219748147847611e+01 3.357564969663607002e+01 2.037510033109198204e+01 1.457575369560307443e+01 4.185638775211259599e+01 5.553611643394791741e+01 6.698868553525218772e+01 5.769431713779489002e+01 3.832362881514139019e+01 5.202810099939768662e+01 7.137381196729970156e+01 6.396473232664840936e+01 8.019064840273408379e+01 7.191374928109694054e+01 7.204430222332601375e+01 9.393518693503011718e+01 9.853882272892484195e+01 8.116497561054960386e+01 7.081062563429098589e+01 5.699210353904655335e+01 4.720600507688153868e+01 4.273787451329675235e+01 5.632123386908865115e+01 5.161177173463288881e+01 3.262498234356311144e+01 3.206163256830699027e+01 6.627582589449757222e+01
5.108012481754142797e-01 2.051080124817505990e+01 4.035083940805879621e+01 4.868743735254056304e+01 5.695938882789940294e+01 5.730016090349435842e+01 6.553342759731998513e+01 6.359944732518619048e+01 4.814742098043908669e+01 3.828215852959679211e+01 2.957887440781056654e+01 2.095000277604861338e+01 1.416137955514091296e+01 3.486970778566420393e+01 5.213651549280110942e+01 6.764868429443001219e+01 6.698585301418562210e+01 4.830013533116837010e+01 3.463526413239631552e+01 5.418699136361188806e+01 5.850530162207510898e+01 5.161796042239610927e+01 6.784843430020832500e+01 5.741004262840773720e+01 7.135276676663947626e+01 9.077451083685637911e+01 9.077948645257703220e+01 7.202365828232785816e+01 6.194434307984523258e+01 5.532481393288470173e+01 6.667985149026060299e+01 6.219447949692585098e+01 5.456190557266562280e+01 3.401567065423253666e+01 3.237442546228412255e+01 5.141573722514110045e+01 6.011834256593836301e+01
5.195627768054871254e-01 1.206656816059790316e+01 3.206656816059719262e+01 2.869088735227547460e+01 4.317141796151894795e+01 3.731589505564519982e+01 5.729250801682789529e+01 6.396810643222233494e+01 5.555124512336402631e+01 4.907577764121240449e+01 3.790016292944114440e+01 2.294678948029099175e+01 1.388021255669322684e+01 2.414033217683185484e+01 3.740340447410962099e+01 5.742986674362877153e+01 5.438156747380582345e+01 4.624678361964961937e+01 3.109675400470953832e+01 5.086533136180725023e+01 3.879015059094522400e+01 4.334864220474627672e+01 4.812317098758862244e+01 5.795235655070904102e+01 7.176601998586804143e+01 9.066970770326530271e+01 9.822251913327842487e+01 8.899238237867398027e+01 8.019898190940602944e+01 6.896386975884905723e+01 7.624501094719559546e+01 5.697596813702514851e+01 4.298646538377813897e+01 4.742764581505971933e+01 5.096891104419317742e+01 3.275242997820625135e+01 4.515650691076628931e+01
