MOVIE_S3_data/elevation_000800.asc
nrows	100
cellsize	150.0
xllcorner	0
ncols	100
yllcorner	0
NODATA_value	-9999
[rows 0 to 16 of 100, columns 0 to 36 of 100]
7.773770046158816616e-01 8.318043384231827986e+00 1.672079123653832866e+01 2.746525075948443018e+01 4.409286933495849325e+01 5.411481593349050456e+01 4.312178486443983871e+01 3.212728898742982864e+01 2.828209293600656338e+01 1.894111347617487695e+01 2.696684501134864931e+01 3.236714399891735638e+01 3.349877977830821152e+01 3.537407792332146528e+01 3.898146209924672689e+01 4.588442900804113833e+01 3.946652652379071213e+01 3.211581697320396245e+01 3.109613086025149542e+01 3.144763123962426477e+01 3.127319355288933878e+01 3.164468257934418816e+01 1.290564524622969955e+01 3.298798357440868045e+01 5.003472277582706340e+01 4.958703382395788850e+01 5.741530136517087612e+01 5.562213198512584711e+01 5.598289318000774983e+01 5.267092878277996704e+01 5.979979069395606928e+01 5.575543121168099248e+01 5.952388245133239764e+01 5.177137723061991181e+01 5.162200321771833700e+01 5.695780850697040165e+01 5.892825464627171073e+01
1.667217412783970065e-01 2.016672174127804240e+01 3.576947862191153149e+01 4.386716440895607860e+01 5.362745654995115530e+01 4.777081681201617869e+01 2.198792369394314861e+01 9.448616910775038846e+00 9.276768712915837156e+00 1.850809784395807966e+01 2.389247155228538233e+01 2.637825967960612061e+01 1.388306939702838072e+01 1.880175462471235548e+01 2.571516102317518815e+01 3.784265572692535784e+01 3.042946555486614102e+01 1.145245217116474734e+01 1.033806910707988358e+01 1.064019447886013658e+01 1.093281530749423247e+01 1.121926201101502585e+01 1.150339863679599972e+01 2.554275554884307908e+01 3.581019713921644865e+01 3.308307346146957428e+01 4.315908272967884329e+01 3.727160539727699273e+01 3.574780099079398354e+01 3.187610191101595802e+01 4.375938964614794457e+01 3.569827706086412888e+01 4.271040424461365603e+01 3.406645728034889942e+01 3.575156412213031842e+01 4.037938005852100787e+01 4.019250159556695223e+01
2.375235533300354973e-01 1.021241368315070730e+01 2.157602985745043966e+01 3.499573688738804123e+01 5.248957484776278193e+01 4.850403482077062733e+01 1.201075457886054032e+01 8.964901858658770095e+00 6.901857621666811049e+00 7.178199815454795463e+00 7.455927134174386239e+00 7.736705349497549733e+00 1.444829317712233596e+01 2.202296055682789344e+01 2.514430769218136774e+01 2.754588488050401196e+01 2.846300361248171740e+01 9.894573153782577180e+00 2.878653085621233743e+01 1.640536941055444231e+01 2.988078750852597665e+01 2.681573955000659026e+01 3.092678400337413436e+01 1.190753130129239779e+01 2.097622046150789998e+01 2.785789261198915412e+01 2.618098634340848818e+01 2.457218033618942599e+01 2.479201256631587569e+01 1.391527344160978785e+01 1.421509611698318665e+01 2.911062525556123148e+01 2.260616250491822754e+01 3.221401102278582584e+01 2.641156494058994397e+01 3.607191606341164913e+01 3.750525756715146031e+01
2.578281697790204552e-01 2.025782816682701437e+01 3.215881865693577879e+01 3.889991352279118786e+01 4.712946841937958453e+01 5.167597804811428830e+01 2.828857989426570185e+01 6.512382951354986460e+00 2.079153238714648211e+01 2.646507802759646566e+01 2.803498184030519269e+01 2.856982268957998272e+01 8.149407352293128071e+00 8.452431047253730512e+00 8.768654323044481558e+00 9.096583722700426478e+00 9.430513978065539149e+00 1.742891264511700200e+01 2.418325424735010287e+01 3.449717616473004256e+01 2.891671999109011892e+01 4.550867333744539422e+01 3.391575723063599668e+01 1.253011944122022214e+01 1.230886751176807259e+01 1.259396443725592007e+01 1.288765766178433303e+01 1.318881377912299335e+01 1.349098931122098755e+01 1.696201376432674124e+01 2.161342355250686253e+01 1.463922667253089571e+01 2.391454680356725504e+01 2.763169085846883988e+01 2.828032612833306203e+01 1.574102993504511261e+01 1.845710683312106681e+01
6.835178870107115889e-01 6.443425419104643836e+00 1.241527454695867227e+01 1.932286178766591433e+01 3.017045800669830058e+01 4.919141718725429513e+01 3.460950927717976100e+01 6.237882085174591751e+00 1.559546236484090542e+01 2.582526832180499810e+01 3.119075849752367446e+01 3.876323263832883725e+01 3.758096543230347208e+01 3.286934365221031129e+01 2.500446974989684534e+01 3.058922197491191852e+01 1.079213616502041617e+01 3.160844606870069029e+01 3.498943925600077165e+01 4.111118958330297346e+01 3.997447144766294969e+01 4.518417164128836561e+01 2.637853949389373653e+01 3.426392384618650055e+01 1.615965579274825004e+01 1.700877542989190871e+01 1.747157123351219354e+01 1.652208468591074109e+01 3.231396714007573223e+01 2.824385244237899784e+01 3.170707794572946980e+01 1.541170521595145892e+01 1.505985105998660067e+01 1.535533931511901429e+01 1.565152959743959293e+01 1.594952771346828335e+01 1.746574848134264002e+01
8.765780624806145394e-01 2.087657806248025949e+01 3.215881865729798506e+01 3.889991352307943373e+01 4.712946882342609456e+01 5.735135290747420100e+01 4.607164962649979856e+01 2.913392072443827274e+01 5.850482959222028434e+00 1.723153439203609238e+01 3.020555428969397127e+01 3.445347652320432275e+01 3.446125262847493786e+01 4.779821886648430507e+01 5.223538440508993830e+01 4.198582198324233872e+01 2.051775373436465344e+01 4.200609179107696178e+01 5.470160449720458473e+01 5.782000091967218225e+01 5.228312835778508827e+01 5.389685238852391080e+01 3.732526186338522933e+01 4.749160710829354315e+01 2.531176201700428408e+01 3.639023437485196411e+01 3.550440349713529287e+01 2.061044978340122924e+01 4.065268035571900640e+01 4.686083339517625035e+01 3.801188294919351307e+01 3.376709103419118208e+01 3.598965149948585918e+01 4.099891387705440593e+01 3.740701839384655614e+01 2.907515054473418914e+01 1.637527233221808132e+01
3.336530771559016451e-01 1.033365307715581416e+01 2.447578870088651470e+01 4.447578870087917124e+01 5.537524640258223485e+01 6.357464739404628062e+01 4.913817504997104635e+01 2.528275993077225436e+01 1.299235870736141862e+01 5.463347504499405538e+00 2.455176437933784328e+01 1.684075675038925013e+01 3.073105945443886711e+01 5.147016092598309456e+01 6.059388179408632169e+01 5.373183970682551802e+01 4.429941353667764758e+01 5.452898847686782346e+01 6.570775590279207279e+01 6.794088652212873569e+01 6.979564876681938301e+01 6.532927733522384983e+01 5.690371580629156512e+01 5.591377888676299790e+01 3.917136986778054109e+01 5.557186981692229466e+01 4.470146759410592807e+01 2.470971616263975790e+01 3.918046206790994290e+01 5.833455615889145918e+01 5.668547368158184696e+01 5.679890794182568214e+01 6.193035444018086366e+01 5.067903080201521959e+01 4.176937486416045431e+01 3.058627915913037043e+01 1.667554935596087518e+01
2.692912384917900415e-01 2.026929123848935888e+01 3.861792430421021294e+01 4.143662302109178341e+01 3.566305617406766970e+01 5.537524640243513829e+01 5.336464944468902871e+01 3.176979171227791454e+01 2.910953225890382257e+01 1.744457991935156471e+01 5.072476401902542342e+00 2.326409979807295514e+01 2.620469868520157419e+01 3.861785811142981828e+01 4.023274904911064453e+01 5.586705410785329207e+01 6.135043341098462832e+01 5.990751445673481612e+01 4.549673552023340051e+01 4.773916754077941960e+01 6.794088652212873569e+01 7.675255669385950341e+01 6.851971856888603440e+01 6.744411778380167277e+01 5.944663151796774514e+01 6.273066953619169084e+01 4.403231372780732045e+01 2.983216450619811155e+01 3.919094383915863489e+01 5.299706848920065028e+01 7.240963045188485125e+01 6.424268395355456107e+01 4.552181578414239027e+01 4.235497178003998897e+01 2.292193183193024097e+01 3.528449676678850722e+01 1.697599407755931367e+01
2.740426242073276120e-01 2.027404262420697378e+01 3.167136293025688332e+01 2.170517828534254789e+01 4.042102843758624431e+01 5.067007709827748840e+01 4.203026877267616612e+01 4.613183502166612016e+01 3.543777823420170847e+01 2.950065979983890685e+01 2.413150203302454955e+01 4.678736283855890576e+00 5.712988964749226461e+00 1.577033423964174474e+01 2.906863552506619186e+01 4.661516315172968916e+01 4.112543622256882969e+01 4.121363917952938749e+01 3.079156411569033125e+01 5.153905908761135635e+01 5.872565224509637005e+01 6.480344663420417817e+01 4.797340918958954603e+01 5.663048757261996258e+01 7.681877312464963836e+01 6.583043925433793220e+01 4.625791416506421427e+01 3.682377502717562123e+01 4.963451600744738101e+01 6.673681820216923199e+01 7.382088230730825273e+01 6.223538835260586666e+01 4.771283903557466743e+01 2.815282071887751059e+01 3.784947111413553955e+01 1.842115302653300901e+01 1.727780284947655076e+01
8.627856460739585787e-01 6.207764523739102813e+00 1.175258537724471353e+01 3.167136293025669858e+01 4.961885337862490530e+01 3.835666040154826817e+01 2.009310341105281594e+01 3.735385914961754850e+01 4.493935297367510628e+01 3.790429185412513391e+01 2.072953434397487626e+01 4.423464199568211797e+00 2.511527443089215694e+01 2.821836035786789054e+01 2.000972488223264634e+01 3.173976223656950069e+01 3.353977121698690667e+01 2.032914989725921728e+01 4.121197386111833083e+01 5.251600384842902969e+01 3.790868344813892321e+01 4.634968345606543494e+01 3.597320829464028691e+01 4.885429862078763108e+01 6.936912711819809374e+01 7.415632637835342678e+01 6.268453309142351770e+01 4.384828688668611818e+01 6.268628849920714430e+01 7.680828391172219938e+01 6.536689421860830862e+01 4.528550587753779411e+01 3.402166250270766312e+01 4.771283822110982697e+01 4.594765379557339458e+01 3.064762372086665465e+01 3.649660807816058394e+01
2.490127916613376069e-01 2.024895005394844461e+01 3.165967030832444706e+01 3.972879342385898127e+01 3.179372344309948772e+01 2.411253952400575784e+01 1.149099057517677913e+01 2.391027321952838847e+01 3.321551198840552388e+01 2.927594396930341603e+01 2.230328706508867498e+01 4.209657563035220207e+00 2.458512943251767879e+01 7.581235729976162574e+00 9.606547441246478414e+00 1.134001074319975544e+01 1.302045465620876641e+01 1.472642025914314345e+01 3.544216705636225129e+01 4.065206691852213083e+01 2.310503364490089950e+01 2.558206640465227011e+01 2.810036174254329921e+01 4.891356876472847404e+01 6.119771755333092500e+01 7.459190124275615119e+01 7.063155792896881735e+01 5.477565273060592688e+01 7.094979054189050771e+01 7.884894613525864315e+01 6.138445292074432302e+01 4.132565158155847485e+01 5.381344471447309274e+01 6.223515077341926371e+01 5.779075054487331897e+01 4.782641523810445960e+01 4.121559633096040898e+01
8.485705281016824308e-01 1.582178455713255083e+01 3.253435492542980967e+01 3.164771283400682478e+01 2.190125277811491245e+01 9.027003222110357328e+00 1.057101624130549311e+01 2.879405435193029827e+00 2.481273882204270720e+01 2.224098156663313119e+01 2.024848603746988118e+01 4.460997768657610330e+00 3.933721742224489670e+00 2.575194641467436796e+01 2.385518685507994618e+01 2.563143021965510115e+01 2.745364788526421052e+01 3.544623311679272604e+01 1.743117693928318346e+01 1.971335544963482178e+01 4.065312605051179418e+01 4.643435960334753076e+01 4.891356876472847404e+01 3.197749751788201777e+01 4.664378481182232150e+01 6.485598010163873539e+01 7.545780098022869709e+01 7.419241622114058998e+01 8.240108817587579892e+01 7.020456868345419821e+01 5.016265971834756954e+01 6.138445292074432302e+01 6.982323647010102263e+01 6.398786916348329612e+01 5.516014864747607760e+01 4.216079498897203592e+01 2.741727250578759012e+01
5.097248530424480784e-02 1.919477795587523161e+01 2.008016555771341771e+01 1.064091871537535372e+00 1.329007273055305083e+00 1.593982519541377263e+00 1.859061379068183584e+00 2.124354391651705143e+00 2.154667620628966418e+01 2.619056756535185926e+01 1.233779266647639261e+01 3.620778359519093659e+00 2.446058392857000996e+01 3.435342246137756206e+01 4.466309422396753348e+01 4.648658027469857501e+01 4.833482319695423968e+01 3.449263415757823736e+01 3.832490489660732180e+01 2.401503137810163224e+01 3.611632225999110091e+01 5.698950257125722629e+01 6.122144563033801745e+01 5.274669204605369544e+01 3.605234777297835791e+01 4.641987582506025944e+01 6.111642950008459252e+01 8.152232143445075963e+01 8.484727493627441675e+01 6.446172094139129172e+01 6.446172094139129172e+01 7.884894613551540488e+01 6.984227395897286783e+01 4.939030760269739773e+01 3.620484757254027386e+01 3.993090835384990811e+01 2.287324987855544478e+01
2.550521787762166648e-01 4.249512815472553662e-01 6.894975329234008798e-01 3.671970643059487838e+00 5.880906371878802830e+00 2.064408166872915729e+01 2.477091232687675415e+01 1.938685615909548687e+01 2.499614374170701314e+00 1.995032154547897818e+01 3.245455914544441711e+00 3.924480899893834085e+00 2.569045933935988302e+01 3.757328467797639604e+01 3.757328424541803713e+01 5.849454190863982461e+01 6.377334323247823278e+01 5.534874982508650021e+01 5.016148922729349380e+01 2.926899413564871466e+01 5.016148922729349380e+01 6.545923468075670826e+01 6.149178415800179920e+01 4.080642763585632338e+01 5.678787006285038075e+01 4.713832888890098616e+01 6.184969772873687788e+01 8.239999998785316393e+01 9.323617133982413918e+01 8.484727493627585204e+01 8.484727493627217143e+01 7.215654352248810710e+01 6.395220575172207589e+01 5.456002806937116389e+01 4.309031526917839017e+01 2.464247805712508566e+01 3.653001618535163431e+01
8.916207294569349351e-01 2.044370032983641039e+01 1.486710952867650981e+00 2.128418959627581231e+01 5.906108642032208422e+00 2.237994283534578344e+01 3.315767698335291414e+01 1.457448893216881203e+01 2.909201818239587123e+00 2.871108142205939906e+00 1.519533631902254456e+01 2.548360514599836435e+01 1.036345973318889868e+01 1.559660841930572417e+01 3.757328469820658512e+01 5.381265524443110593e+01 6.207074263461063168e+01 7.219320952207394271e+01 5.595177561273070665e+01 3.507470012928217784e+01 5.595176658876685138e+01 6.792543279663708233e+01 4.733195579620826976e+01 4.597397975906363854e+01 6.662704589262430943e+01 6.786874190493928438e+01 6.410928879531563496e+01 8.459638971168365629e+01 8.856652641437392504e+01 8.263004962328919589e+01 7.752433843042649642e+01 6.395220575172207589e+01 4.503819258124853775e+01 4.662337903247232873e+01 2.871121354796707337e+01 4.154619479397167225e+01 2.006593205502422350e+01
5.108012481754142797e-01 2.051080123052482662e+01 3.403033025812712964e+01 2.487899119398944237e+01 1.184250349597284924e+01 3.060869987406866954e+01 3.906399561916749974e+01 2.465457945646616977e+01 4.885444719721022899e+00 2.273552985985419639e+01 2.887772501142981696e+01 3.906542195887153213e+01 2.610432793260260453e+01 3.135883244457256680e+01 2.520553834666710813e+01 3.267633211321688691e+01 4.356270812186458130e+01 6.406260271138201290e+01 6.255370998064319821e+01 4.167656819425423720e+01 6.255370998064319821e+01 7.269729240291944450e+01 5.217913198604125569e+01 5.219995703190711112e+01 6.287497958804370057e+01 8.332182642658310101e+01 8.459638971168257626e+01 8.348805135163968316e+01 6.864748369893882796e+01 6.285571525627320000e+01 5.798794483876110917e+01 5.924700682318520961e+01 5.057797877942859088e+01 3.246635711296705296e+01 4.652205668073100497e+01 4.051570475169519625e+01 2.042311268279032177e+01
5.195627768054871254e-01 2.051956277680513097e+01 3.870443486516879261e+01 4.124355568972789854e+01 2.889006449222810247e+01 4.366405995402558204e+01 3.787321693770817888e+01 1.918589720992583381e+01 2.529217744262792777e+01 7.955148002718790856e+00 2.271523849323235211e+01 4.452374753321149115e+01 4.755755924517250577e+01 5.257629960499694732e+01 4.676721421399501111e+01 5.381265531577762573e+01 6.207081436375715100e+01 7.219325027132708783e+01 7.099337782989412915e+01 5.103143426968265572e+01 7.099337782989412915e+01 7.772685319430361517e+01 5.730689654324529414e+01 5.874514831384107794e+01 7.920577755940665554e+01 9.149123859533855807e+01 8.932225226539860330e+01 6.924564442992425484e+01 5.569055767996518824e+01 4.952477694414183418e+01 4.477505209989636370e+01 4.050901446129643091e+01 3.658923134137800304e+01 5.057760696008494250e+01 5.786328837342463061e+01 4.043953683380583186e+01 2.076891187839522246e+01
