MOVIE_S3_data/elevation_000277.asc
nrows	100
cellsize	150.0
xllcorner	0
ncols	100
yllcorner	0
NODATA_value	-9999
[rows 51 to 67 of 100, columns 0 to 36 of 100]
8.885398060199247716e-01 1.503068171337871739e+01 3.503124614547041915e+01 3.937914109981103650e+01 3.234312327139097931e+01 2.439286548214477079e+01 3.021185858514970235e+01 4.927030997273637780e+01 5.227753676156179097e+01 3.811566433789700881e+01 2.804450365660886746e+01 2.501195515074430986e+01 4.507857131652947658e+01 5.415530675039040887e+01 5.253613744079328285e+01 3.155996469392522741e+01 4.207199174663133334e+01 3.516576026259946985e+01 5.195453542218822207e+01 4.878046456180824464e+01 4.744176825930923513e+01 5.742853007781436503e+01 7.735942564214344941e+01 8.433392718690686252e+01 9.275245300811650395e+01 9.938003837828175335e+01 9.938003837828176756e+01 1.077926746410689276e+02 9.299097864335367092e+01 7.302726265477123491e+01 6.308398978077054409e+01 7.451301629980594043e+01 7.451301629980594043e+01 7.170549549897948793e+01 5.345234996679261030e+01 7.170549549897948793e+01 8.982474958680893451e+01
1.344321116831868057e-01 2.013443211168283042e+01 2.974947255325512430e+01 4.974947255325582773e+01 5.143392555257318577e+01 3.543078274186748189e+01 4.927030997273639912e+01 5.722385176713535770e+01 6.657629211669159019e+01 4.818683773229970768e+01 4.818683773230002032e+01 3.662850726861262274e+01 3.349975980317877600e+01 5.329066452352231664e+01 6.831342285803717118e+01 6.053724739324338344e+01 5.849193381245914480e+01 4.180052888435284331e+01 5.508897782017733391e+01 6.878772997799805466e+01 6.150859319302313821e+01 7.579705669570601856e+01 8.591687971879782992e+01 9.544919612369561435e+01 1.036999545973670820e+02 1.037759735896276965e+02 9.961777300508585142e+01 1.078810517851902944e+02 1.012978556146486966e+02 9.130269158162194287e+01 7.302726265477123491e+01 9.130269158162194287e+01 9.448547964633226570e+01 8.169451671579061269e+01 7.336088038758299490e+01 8.169066991436125136e+01 8.557655507908455661e+01
8.052006432555327553e-01 9.749472553254769025e+00 2.974947255325512430e+01 4.923496218361849941e+01 5.754165600220829191e+01 5.439202818926043648e+01 6.247446094813994222e+01 6.162431097356761711e+01 6.383240879855339500e+01 6.827809115220486547e+01 6.496186415722651475e+01 5.662125064656383699e+01 4.485549268135024903e+01 4.447721004578639992e+01 5.562120903159502916e+01 7.558492194627744709e+01 6.880120185916352682e+01 4.880988015468877705e+01 6.880120185916352682e+01 8.355395221915593140e+01 8.167512586840038580e+01 8.651501414674022783e+01 7.913768611824711741e+01 7.547175789987001338e+01 8.746502434129328662e+01 8.379922215020165766e+01 7.963747443485256383e+01 9.635065948998772001e+01 1.048047408411269856e+02 1.012978555048321994e+02 9.299097864332088648e+01 1.012978556401455563e+02 1.021210322879430947e+02 9.214442394737527309e+01 8.385241071862623130e+01 7.681504791824406198e+01 6.564445057335339584e+01
2.804825088837598068e-01 2.028048250888340576e+01 3.803374380071566208e+01 2.920188540394073939e+01 4.597199310332759126e+01 4.806619515758909955e+01 5.083598018631984417e+01 4.148286189897032727e+01 4.368571876280718413e+01 6.383240879855339500e+01 6.840269915657626143e+01 7.316130998141137809e+01 6.481308772420072728e+01 6.405886692096113677e+01 7.238442868711905476e+01 8.394933953866943455e+01 7.719047020679411730e+01 6.027901763217693087e+01 7.719047020679411730e+01 8.953926544778238394e+01 8.651501414674022783e+01 6.651754431378994070e+01 5.912367534715253470e+01 7.631638709894053818e+01 6.746747594383778335e+01 6.965551504733038257e+01 6.808842570243575665e+01 8.741335657581119278e+01 8.482951700707936027e+01 9.894739852783250456e+01 1.017877900219266394e+02 1.100501886939295417e+02 9.380189875620489204e+01 7.390292268106185247e+01 6.395099195816063542e+01 5.685893090702577979e+01 5.149562612995044475e+01
7.810880442414250835e-01 2.078108804424106992e+01 2.710750101274904367e+01 1.760992591507250893e+01 3.115099514663691593e+01 2.793626478282653025e+01 3.070956556563795203e+01 2.723177355548223844e+01 4.738270526735595922e+01 6.246206620054665137e+01 4.814534359682603082e+01 5.885551850122342898e+01 6.601321424018662753e+01 7.439288617591478214e+01 7.507349297429873047e+01 9.531701290722132569e+01 8.885764664513519051e+01 8.044272200895835567e+01 8.367128036408638536e+01 6.954336795088508438e+01 8.367128036408638536e+01 7.018708564081327950e+01 5.012361915265491774e+01 5.627558852443517878e+01 5.328508543155091104e+01 6.844279795305261871e+01 5.912677497385464420e+01 7.654534511753513470e+01 7.069052774955493135e+01 8.766162524348251850e+01 8.181037620796050192e+01 1.017877900219245078e+02 1.021210322497228162e+02 9.214442394737527309e+01 7.315924415296051109e+01 7.681619663763515860e+01 6.305930838190638354e+01
7.232205343510359485e-01 2.072322053435068057e+01 6.320203712247094430e+00 8.609413631920070031e+00 1.101765552039337059e+01 1.366895312658341410e+01 1.641957875931130317e+01 3.661126484295873951e+01 4.441345179057671544e+01 4.795597580631805101e+01 3.377218601179317403e+01 3.858870891765079847e+01 4.576819279366240067e+01 5.481409382972828581e+01 6.913898702682551800e+01 8.940065771867261901e+01 8.802667310410819823e+01 7.978362690954405423e+01 7.471686007659408801e+01 5.535491712919095164e+01 7.471686007659408801e+01 6.384247547515148113e+01 4.370418274344341114e+01 4.198267396499565507e+01 4.503156163620590746e+01 4.837404693672468881e+01 5.233678612225151028e+01 5.653084412646060031e+01 6.189024381692784971e+01 6.767051537883800449e+01 7.767131464213696290e+01 9.180295477566889417e+01 1.117726252679117778e+02 1.014020694099005766e+02 9.308776921558576589e+01 9.128309133637986861e+01 8.298869955461849202e+01
9.494692443194679976e-01 3.131707611374465738e+00 1.360856802506619445e+01 2.789715408495824178e+01 1.756717889735213589e+01 3.382897148467229442e+01 3.661126485915455220e+01 2.084311107092272408e+01 2.409920924405175668e+01 2.760010538666763935e+01 4.795597580631805101e+01 5.885551850122342898e+01 4.942937974482819641e+01 5.954827306833561096e+01 7.388032953057111740e+01 9.413035727740302150e+01 7.651673653578022538e+01 5.983320153990390367e+01 6.643558340538055518e+01 4.631184576529803820e+01 5.695099624973946106e+01 5.453259576255403118e+01 3.778861768938786980e+01 5.802972676909779182e+01 6.514351560948645670e+01 6.258271785068930626e+01 6.651506484570798250e+01 6.809560429962542116e+01 8.189068891260716043e+01 8.766162524348251850e+01 9.593028241099150932e+01 1.059164434404969057e+02 1.178195604605296154e+02 1.097342562440285718e+02 1.041079588725527145e+02 8.398335968636668269e+01 6.992395538478041317e+01
2.836664262828419991e-01 2.028366639417750150e+01 2.932282011167128744e+01 2.952476452918800476e+01 3.780490221195414335e+01 2.820742071986217070e+01 4.845510279968978296e+01 3.522668395561282750e+01 3.619687098738800302e+01 4.201660860998380542e+01 3.901331559620008704e+01 6.029322251222229312e+01 6.967985062669099250e+01 7.805687827723747318e+01 8.817953576731208898e+01 7.911111457510062905e+01 6.755790773352117640e+01 4.818643235312351436e+01 6.751972407210932658e+01 5.694106737219489389e+01 3.668723700033101665e+01 3.422652051440324783e+01 5.453259576204663261e+01 5.064811606006210098e+01 6.487019436321453725e+01 8.259028281277090855e+01 8.651200553541788452e+01 8.808790573019417991e+01 9.635637417190338283e+01 9.989090574847887183e+01 1.082155111946490820e+02 1.065112301355885478e+02 9.834063387936824086e+01 8.997592586319080965e+01 1.064828607098132949e+02 9.823504500180511911e+01 8.819347689935962364e+01
1.404418693552202946e-01 1.448676612472844383e+01 3.560685700853117197e+01 4.696372078151915730e+01 5.436182987175419612e+01 4.261254402900342342e+01 4.476753606302593624e+01 5.589129003105194471e+01 5.250441566461354626e+01 6.229487664361653287e+01 5.077333248714573699e+01 6.887579067679183709e+01 8.051020585767378179e+01 7.224245055426969486e+01 8.051020585767378179e+01 7.086152544823379174e+01 5.081165292039948156e+01 3.907176271291395153e+01 5.066613624801967575e+01 4.811543996284061109e+01 3.074640348251583788e+01 3.725183316953492607e+01 5.750481872048489862e+01 7.073170145553336852e+01 7.901180972671056679e+01 9.315342509020671002e+01 9.486969391242578808e+01 8.660825226774512942e+01 8.576071631161471487e+01 7.991772357473000454e+01 9.988207767870703435e+01 9.504668786136754477e+01 7.854170970847300737e+01 7.854165072880221032e+01 9.833280537163028612e+01 1.147316303467026870e+02 9.714231821615906881e+01
6.646099058385387393e-01 1.221161528894932680e+01 2.635375074148780072e+01 4.635370816722827669e+01 5.849355083132524413e+01 6.256022687336729859e+01 6.450781466694046173e+01 7.255766278239744338e+01 7.569231006481295765e+01 8.044535867825319997e+01 7.400842542234389043e+01 8.224870891019598673e+01 7.052083879815288014e+01 5.225600910747895966e+01 7.052083879815293699e+01 7.432850240990330803e+01 5.469343009277876178e+01 5.053656583282028691e+01 3.032079475483839559e+01 2.773274992840942588e+01 4.811543996284061109e+01 5.750481872048489862e+01 4.814453468568412831e+01 6.238888714385032586e+01 8.241202183620077903e+01 8.721540319195246127e+01 8.336861647462491476e+01 6.669792269757758163e+01 6.584602993403818516e+01 8.576071631161471487e+01 8.107904409835188630e+01 8.687005500125778212e+01 6.711027369751843707e+01 7.539548248867421876e+01 8.682851606809407485e+01 1.065994380071082190e+02 1.087699371557542918e+02
6.164072599657668405e-01 2.061640725996540979e+01 3.396501740577250672e+01 3.031789908981203041e+01 5.019263287219997949e+01 6.178180060643162363e+01 5.332818952560894843e+01 6.174478074950829409e+01 6.443583785876506909e+01 6.420040452674301434e+01 8.163814769688508477e+01 7.394486375632223485e+01 5.914328230355570071e+01 4.224167313973696736e+01 6.224922983087432726e+01 6.500011225725928909e+01 5.458106874736353120e+01 3.503708032933881356e+01 2.481331356918114039e+01 4.523318349745645151e+01 4.219850649636672557e+01 6.240018098526114443e+01 5.978786573873738064e+01 7.653688124807842996e+01 8.704821016866003447e+01 6.732229017119335879e+01 6.732229017119335879e+01 5.525325191597556795e+01 7.511301813075476730e+01 7.525347315298387230e+01 6.124529342124876763e+01 7.523937291325167109e+01 6.140087766551624782e+01 7.539488779154666531e+01 9.513707429494944279e+01 9.649619845425942799e+01 1.046032422004111453e+02
7.616414269703414286e-01 7.391772616484531433e+00 1.432588863808795132e+01 2.815013215865523222e+01 4.800334695467869750e+01 4.658670509331940934e+01 3.299701507255392130e+01 5.157944604480285022e+01 4.830413859877045013e+01 6.535498771558002318e+01 6.457023025299623953e+01 6.565773071397386218e+01 4.555416774375332523e+01 3.516191861274720054e+01 5.517549032523558594e+01 5.689983633217998715e+01 3.700707073791446788e+01 4.079478826469554775e+01 2.295927743334841153e+01 4.336726738337810616e+01 6.240018098526114443e+01 7.069644732901569739e+01 7.981783656034178875e+01 8.809199268831609686e+01 7.879623633275352290e+01 5.892277861762136837e+01 4.751522992989452376e+01 6.732229017119335879e+01 7.190864844567926184e+01 6.369200054493788343e+01 4.730587480968462444e+01 6.704522695766094387e+01 5.687552253151287829e+01 7.665322747063785869e+01 8.128384995020243764e+01 7.691981307976242022e+01 9.154569506683154145e+01
8.582653206718614536e-01 2.085826532067150652e+01 3.396501740469562236e+01 3.990356037186640492e+01 3.307578561547953200e+01 2.627801981257018227e+01 2.284368848546217734e+01 4.315186403929045866e+01 3.956909264488155742e+01 5.617856842840176057e+01 4.194957753040964121e+01 5.724619518842525423e+01 4.924324028432349820e+01 2.914207533156698560e+01 4.222088870919612447e+01 4.665669175032343929e+01 3.830035837042692748e+01 2.052967371652664852e+01 2.201316344062630748e+01 4.244387812404085025e+01 6.353459370817733287e+01 7.739433104270040076e+01 8.562808885520148294e+01 8.935857351335462795e+01 7.704078156853057635e+01 5.718364515537694359e+01 4.317957966437320749e+01 6.299966575551037806e+01 6.045451573353894759e+01 4.393316760147174449e+01 6.368927102004768415e+01 5.080701969385804517e+01 5.427674579473112715e+01 5.786966975463594309e+01 6.160036284361506631e+01 6.555528918927382165e+01 7.213096902879590289e+01
9.616989121453964895e-01 2.096169891212497660e+01 2.206854049159104747e+01 2.290177244721015981e+01 1.177610782545793811e+01 1.210595092640936876e+01 3.229436322362025891e+01 2.871968158214962230e+01 4.826711444841955512e+01 4.320731783831672601e+01 2.369733828690306510e+01 4.409454381829652192e+01 4.696620079155403005e+01 4.222088809575975432e+01 2.213730897201036285e+01 3.585710598880816491e+01 1.815278309152013847e+01 3.830035837042275659e+01 4.848535766113241152e+01 6.258983999274976640e+01 6.326387834057488391e+01 5.741085318971406082e+01 7.739433104270040076e+01 6.996279825545506981e+01 7.206443768208541201e+01 5.882256079159115814e+01 3.914026504906455273e+01 5.734689366854811254e+01 4.062795563088158701e+01 6.045451576835919383e+01 7.188851844299053084e+01 5.736369248747245564e+01 7.401989988154963385e+01 7.759885633598466370e+01 8.129543423041813810e+01 8.519326882542341650e+01 7.396151975865575423e+01
2.866789980725219511e-01 1.116420315139219355e+00 1.946886543812079262e+00 2.779541117226628888e+00 3.615163563752038289e+00 2.374283548047829484e+01 3.329749885711577662e+01 2.194249716765775204e+01 3.298560542231228254e+01 2.559809819121783647e+01 1.099629134913393003e+01 3.149998911013902614e+01 2.681654442685697148e+01 3.362465190534285853e+01 2.718012203849950836e+01 1.592940619585500528e+01 3.585710598880750410e+01 4.585242354818491606e+01 6.014094684936967639e+01 6.326387047645071249e+01 4.314065707269209327e+01 6.326387834116228248e+01 6.208758582826826711e+01 5.584077621601932861e+01 5.922621141876729212e+01 4.588713910401164497e+01 3.518899003592656527e+01 3.741694184933655976e+01 5.734689366854811254e+01 5.465150172161408904e+01 7.446423098265272245e+01 7.134473883632497859e+01 6.877554956909820305e+01 8.020612602063700081e+01 1.000106417493340700e+02 1.016175803863894629e+02 8.527523085746312859e+01
7.776801193288799263e-01 1.088891846592866308e+01 2.186002539567089897e+01 2.119907403822464431e+01 2.374277549860170211e+01 4.815023064213891146e+00 2.494388391856811182e+01 3.298362783576131818e+01 1.356726287093082206e+01 9.725996491315568093e+00 1.551905801962375442e+01 1.225142783943220870e+01 1.312262286271105438e+01 1.396586403146838151e+01 1.478174937792043764e+01 3.453946506721223386e+01 1.739658890407253011e+01 3.156390018366434447e+01 4.751199971201609884e+01 5.614920175022346882e+01 3.591521194920308346e+01 5.546357872814266443e+01 4.126967542646799103e+01 4.862500498484857303e+01 3.907144948420869213e+01 3.244714759862230835e+01 5.255548448271786555e+01 5.728659396582570196e+01 6.551985160878099634e+01 7.446423098265272245e+01 8.269515305180500775e+01 9.114607399132773935e+01 8.857649926220061332e+01 9.676842266673909876e+01 1.081947171462713442e+02 1.128921338009914450e+02 1.048115540968229169e+02
5.059075238208947667e-01 2.050590316159364335e+01 2.457246967488451617e+01 3.967178411706886010e+01 2.494818894698900991e+01 2.494853453547635880e+01 6.021519047713136175e+00 2.615934704533798083e+01 8.454450053146342015e+00 2.860809128487593611e+01 3.155201343889453014e+01 1.934683979580918134e+01 3.271840630447466935e+01 3.362465234470034403e+01 2.219442088287674864e+01 4.126436580633015438e+01 3.749656350185489373e+01 1.894717515831911925e+01 3.915901245978861311e+01 4.266106578488616918e+01 2.952172109032723313e+01 4.505852375540617771e+01 2.686676227773897807e+01 2.827779856346515430e+01 2.976429950525237800e+01 3.249396874289218573e+01 3.528592591290792058e+01 5.580705204645642681e+01 5.982245558464136792e+01 8.000162367400439223e+01 9.085983396604137852e+01 9.911948167929736542e+01 9.841018025922544155e+01 1.005909229867302201e+02 1.088437032832148077e+02 1.110684130341140445e+02 1.193181540440232027e+02
