MOVIE_S3_data/elevation_000023.asc
nrows	100
cellsize	150.0
xllcorner	0
ncols	100
yllcorner	0
NODATA_value	-9999
[rows 68 to 84 of 100, columns 37 to 73 of 100]
2.332344855511709625e+01 3.228765338083226055e+01 4.054860206396131161e+01 4.258808333709331606e+01 6.015315469176606200e+01 7.037568929289552955e+01 7.848945911372828732e+01 7.513248935118758709e+01 8.159251258326433742e+01 8.011222954777383620e+01 8.834862877491465838e+01 9.103625672757787868e+01 9.817300564209803326e+01 8.988625581550687116e+01 8.754799837707389543e+01 7.908662425481284686e+01 8.016678942410838715e+01 7.260381154339388843e+01 5.299357331046208230e+01 6.544318611110578843e+01 6.709014918353845758e+01 6.207501017418361045e+01 4.752370517717065468e+01 6.424766243795873777e+01 7.706400149411480527e+01 7.657174924238688618e+01 6.892414352235860520e+01 5.875965696634913371e+01 4.796860932973154235e+01 6.725713461275691429e+01 6.141532179111779755e+01 6.795021145530898821e+01 5.524927973560820504e+01 7.454729196295325266e+01 8.829942606527778537e+01 8.103622507008505238e+01 8.118522595278528797e+01
3.936965634483041754e+01 4.545009926949509094e+01 5.255644419142709722e+01 5.901485477270814783e+01 6.802257538747321064e+01 6.445506477998527828e+01 7.266842115321178142e+01 7.582618897955151738e+01 6.182105607228209720e+01 6.034760214833419667e+01 7.430435803939604966e+01 9.413367171181978676e+01 8.668442625313231531e+01 7.002856596396973998e+01 7.599580698267777734e+01 5.925403673462361098e+01 6.030282399538686633e+01 7.445377939384171384e+01 6.544318611110578843e+01 4.585109352236130320e+01 5.074875894400918952e+01 4.714243385547273846e+01 5.998415647883525281e+01 4.387421976540410640e+01 6.737379914848411033e+01 5.981668613581447858e+01 4.406931596767381620e+01 4.475001982237518661e+01 4.542795613009783295e+01 4.623267216285831438e+01 4.714668609726203385e+01 4.801691266475349096e+01 6.351133690424752132e+01 6.944643631337248735e+01 7.089737773539540910e+01 6.201965124545836971e+01 7.092411939081694072e+01
2.442252196196761460e+01 5.173254055021754283e+01 6.404926745294413593e+01 5.857917427773929120e+01 5.037210684042179309e+01 4.453875466352478441e+01 6.445506477998527828e+01 5.985088285557342402e+01 4.782498461148781388e+01 5.773586829826849254e+01 7.168357180114635696e+01 9.150145336538240315e+01 7.791049603922802191e+01 5.893471598741444240e+01 6.763069089845056681e+01 4.785814978852332757e+01 4.633164485897162166e+01 5.684221066864087391e+01 5.745478354648783892e+01 5.806715222822432310e+01 3.910787303831792627e+01 3.979825611752169578e+01 4.048227642635649204e+01 4.116012670603785750e+01 6.111722192105717255e+01 4.310244350496019905e+01 5.144173068628624890e+01 6.403606258387304706e+01 5.822375683578500372e+01 4.689439411856048423e+01 6.625458287108534705e+01 6.795021380735342120e+01 4.908909534241318795e+01 4.980264664691308951e+01 5.050319793741197572e+01 5.120538097191568028e+01 5.203152249672731955e+01
2.481229275245106081e+01 4.504529971089179696e+01 4.216913498338526267e+01 4.645579387427908813e+01 3.154663714511135097e+01 4.986267073270703776e+01 5.333864181226849865e+01 3.977880791654431647e+01 5.149163955656821656e+01 7.126982155842937061e+01 8.572011389263451520e+01 8.461354311365160186e+01 6.970691012517549723e+01 5.040129334443825115e+01 6.002284557457998915e+01 5.450923127908666288e+01 3.605936893448345870e+01 3.675255928843463948e+01 3.744378985043952923e+01 3.813112361604859046e+01 4.854746167216986663e+01 5.892595223268994431e+01 6.051494608279148935e+01 4.948675793956325464e+01 4.212951885562965515e+01 6.185299310024021935e+01 6.514024647343853758e+01 7.042063917289510755e+01 5.060134083744968336e+01 6.627455204772250852e+01 6.542366977259317196e+01 7.921829456250576129e+01 7.071429473966225032e+01 5.967955187004596240e+01 5.595667920280835261e+01 7.097533385819072294e+01 5.303924025029466094e+01
3.630670647000385998e+01 2.536180693401149000e+01 2.574907978805894615e+01 2.613736623502869705e+01 2.652993754667345883e+01 2.936642954938162831e+01 3.283396151484129177e+01 5.333864181226849865e+01 6.806005220079767071e+01 7.949056609489137770e+01 9.038073999817848403e+01 7.059737913000064680e+01 5.666341642843671877e+01 6.005386220314132117e+01 4.053162188442141201e+01 3.508372185034208712e+01 5.520874712156072661e+01 5.678968445168926849e+01 5.743789016751899368e+01 4.169075391748668125e+01 6.077779058978333637e+01 7.624897572981025462e+01 7.417809385446786052e+01 5.467708854142204444e+01 6.204910793591791673e+01 4.918478097200081578e+01 6.901363981886930787e+01 7.873311925071453743e+01 7.046674237510880801e+01 5.495366712177258250e+01 7.493468384741257182e+01 9.228441838275354314e+01 8.705220065287649334e+01 7.346893398184144530e+01 6.176738182956906797e+01 8.010441004876423676e+01 7.290184057874479606e+01
5.116715359542526897e+01 3.437942861864930677e+01 3.938029157391154911e+01 4.354086372156369578e+01 4.688191769741219872e+01 2.709753722693833922e+01 4.707738739899994584e+01 6.130974545641329598e+01 7.387243285162450945e+01 8.215091742908089145e+01 7.504034442365930602e+01 6.648325361916610632e+01 6.007569757337164162e+01 4.256643951546649163e+01 3.411766760684871969e+01 5.443556995754989458e+01 5.160148634948107116e+01 7.037417671369857430e+01 6.412297609391353603e+01 4.511510385206229756e+01 6.420351825134291346e+01 8.022395835967290623e+01 8.280796110125282894e+01 6.868914402173572853e+01 7.499151310577181562e+01 5.516381146378849110e+01 6.539767331107047710e+01 8.510314666192380173e+01 7.818092907629322497e+01 5.816966155089894386e+01 7.818093568899351453e+01 9.817648883519954950e+01 9.997766858113024568e+01 8.669264115300190099e+01 6.781760022376015229e+01 8.669264114858968640e+01 7.993696033772830845e+01
6.120115658256281677e+01 4.545570405339314846e+01 5.631835928210956155e+01 4.073202922301369711e+01 4.382603638757692011e+01 2.750479607181259212e+01 4.770430663075713795e+01 5.974585730487522994e+01 5.395560819367987193e+01 7.387243285162450945e+01 6.686034935434651061e+01 4.716271859215267881e+01 4.358974050076844975e+01 3.317865027165478153e+01 5.355182369251040342e+01 6.263851875760948928e+01 7.074001710070481863e+01 7.109954618882802890e+01 5.182457098335378731e+01 6.420431534069069812e+01 5.233814216368291028e+01 7.186264143379744951e+01 8.966311750697549598e+01 8.863494201267759820e+01 8.158490869425705228e+01 6.181062271443042277e+01 8.158490869425705228e+01 9.319142368843222357e+01 8.189594392038911508e+01 6.188978572939844014e+01 6.972033929130485319e+01 8.123450637772897664e+01 1.013547575704225778e+02 9.322088215749008100e+01 7.475622910642276508e+01 9.322088220157314709e+01 9.282052703367544666e+01
7.189044279846504537e+01 6.366409882683150556e+01 5.097778023214962673e+01 5.170017863267365499e+01 3.103918346668398698e+01 2.791267851819553769e+01 4.829009515022099208e+01 3.981940513871163034e+01 5.955717113371854055e+01 5.546117326331112451e+01 5.500783557183663675e+01 5.180567336351556662e+01 3.228006185351561186e+01 5.244748984106065848e+01 4.145987802143468315e+01 6.135391639584486256e+01 7.837896100839080304e+01 7.671850562248025085e+01 5.702420105684052487e+01 7.671850562248864946e+01 7.186264143379744951e+01 6.134564006132118408e+01 7.272688434703148630e+01 9.287330681002562471e+01 8.966841119190947040e+01 7.177553154006638181e+01 8.966841119190947040e+01 9.994554166264582307e+01 7.985896823380700482e+01 6.575675918594606628e+01 8.574219373873910399e+01 9.817648894014114092e+01 1.098647144137930383e+02 1.008830912159211408e+02 8.556846736312587609e+01 1.008830961910800141e+02 9.960373729349217342e+01
8.285458605364371465e+01 6.374741848058360461e+01 6.374741848058360461e+01 6.011197738921826783e+01 5.165697203985498476e+01 4.824137525629322454e+01 2.848680949398973183e+01 4.887779100701011004e+01 4.958581392892705253e+01 3.136143876697712685e+01 3.077937614826227630e+01 3.140459363542942484e+01 4.333890578415086736e+01 6.048492749981419792e+01 6.135391639589891355e+01 5.046035079453247363e+01 7.016699609716526709e+01 8.490683567513249841e+01 7.671850562248864946e+01 6.679653466943007345e+01 8.664047657554723969e+01 7.272688434703150051e+01 8.966311750697549598e+01 1.013473871070947467e+02 9.945435202032876987e+01 9.139428584844753800e+01 9.945435202032876987e+01 9.842976538771051764e+01 7.836895311165196176e+01 8.574219376437437745e+01 7.261324953039718366e+01 9.259633577685632133e+01 1.096667876732203979e+02 1.114487275955714409e+02 1.036742779528869249e+02 1.054404907191923542e+02 8.543307104315779554e+01
9.122501468256282919e+01 8.285458605364371465e+01 8.285458605364371465e+01 7.566721010100404499e+01 6.161261548776383989e+01 5.014892447741057424e+01 2.998147324379197087e+01 2.906775383598903417e+01 2.947751731937039565e+01 2.989301488864929013e+01 4.207948677252080216e+01 5.143520875389902614e+01 5.978506904350731332e+01 6.267531708365847010e+01 7.837896211492325449e+01 6.438663150536959279e+01 6.438663150536959279e+01 8.412203069013992263e+01 9.481168819049284480e+01 7.669757603942909441e+01 9.481168819035802642e+01 9.287330682405908533e+01 1.013473900205648448e+02 1.124840797866429369e+02 1.105958233254933418e+02 1.022288160690525984e+02 1.105958233254933418e+02 1.069214188096561884e+02 9.248257904035688171e+01 1.010490648396499722e+02 8.408848544247565826e+01 8.108476684582683447e+01 9.519082787478441787e+01 1.155496895084000784e+02 1.101573926195674602e+02 9.010682932960187941e+01 7.862194905451622162e+01
8.764795266189699419e+01 7.846099689943127942e+01 7.120946645221226845e+01 6.311879679758713735e+01 4.758027222450543547e+01 3.298555897524785507e+01 5.014949262018944864e+01 4.641119659563720745e+01 4.514203089756762211e+01 5.033656354585435366e+01 3.075093399715762033e+01 5.111158806790908216e+01 6.629178384537448210e+01 7.484917254064650649e+01 8.980943908397658504e+01 8.412203069013992263e+01 8.412203069013992263e+01 9.237129272447702988e+01 1.047186250905043607e+02 9.658337711166522865e+01 1.047186250904809270e+02 9.875609275047541757e+01 8.502810571398379125e+01 9.875609275047541757e+01 1.003244144858314542e+02 8.154389195403545898e+01 1.003244144858314542e+02 1.121633305938986354e+02 1.127875440113987082e+02 1.127501337720924823e+02 1.042182754652163084e+02 9.257341280563174735e+01 9.519082787478416208e+01 1.155496894977428610e+02 1.184971620068178311e+02 9.858119461497017255e+01 8.523100640726637778e+01
7.361182462125874792e+01 6.027589104671113773e+01 5.091372671867381428e+01 4.350409027647854998e+01 3.658111458551848472e+01 5.339725742303684797e+01 6.162249957905179798e+01 6.773763990586533623e+01 5.239440414685615366e+01 3.987249911713317374e+01 3.136413331699323948e+01 4.454931171629257847e+01 4.694293103172125114e+01 6.666820189382649176e+01 7.837460666529237585e+01 8.660564884588171708e+01 9.553626904277705023e+01 8.736888401086167733e+01 9.553626904277705023e+01 9.682096878961328912e+01 8.862032241957221856e+01 9.047485385705032002e+01 7.183179350189651302e+01 8.976949138798894978e+01 8.246675737282615160e+01 7.082349560674217059e+01 8.316402702151711424e+01 1.038012742600354272e+02 1.067196893845809598e+02 1.150498565676881668e+02 1.214596555101326203e+02 1.128748277999604710e+02 1.155496894981258151e+02 1.241429636045132980e+02 1.270068324075866286e+02 1.128449548220286403e+02 9.276723152455517152e+01
7.776830573154082060e+01 7.093085518533487743e+01 5.696200012947031155e+01 4.053474967628780234e+01 5.673278577079171470e+01 5.094187104599449611e+01 7.071329063794323133e+01 8.008316495937378932e+01 6.863200927297104670e+01 5.820738580441442878e+01 5.168042855447890815e+01 3.221635164294934839e+01 5.251090072756325355e+01 6.447422063774500600e+01 5.871649223165110953e+01 7.837460666529237585e+01 8.542131518512212551e+01 6.692685918622935048e+01 8.542131518512212551e+01 8.554127651084137085e+01 6.919147825101097737e+01 8.264277533536332498e+01 6.367747461087213878e+01 7.460843125716230873e+01 6.127855697817394542e+01 7.635064450619900356e+01 9.723236000444200045e+01 1.033485957130808686e+02 8.638773812669693086e+01 1.033485957130808686e+02 1.145182333711129417e+02 1.228318627940480212e+02 1.167284447561223857e+02 1.226083266293194640e+02 1.293010563923790244e+02 1.211870086529624331e+02 1.069573520842949534e+02
5.796550417726543714e+01 5.247029532571477262e+01 4.749181868362747139e+01 4.383964090816041903e+01 6.353576155846673146e+01 7.071329063794323133e+01 7.894470950178492785e+01 7.842844859152266679e+01 7.022573872911064541e+01 6.267366788615291995e+01 5.074380809245300838e+01 3.281589980773753012e+01 5.309935953522337115e+01 4.478111239673530264e+01 6.446251980812931492e+01 7.527750149384056044e+01 6.693907455033046006e+01 5.673027750211528542e+01 7.714787159854546417e+01 7.736197352906552283e+01 5.808633672888264243e+01 7.232094852804969776e+01 6.761400858077017517e+01 5.381688271912295818e+01 7.248725653323106144e+01 7.495135069307961828e+01 7.750295960647851246e+01 8.400835588554691924e+01 7.445303481011994506e+01 9.498103185269131643e+01 9.430354986038595655e+01 1.108122868751510879e+02 9.657635216363910047e+01 1.024787634286141298e+02 1.092228670511498052e+02 1.257454298090392086e+02 1.270588852013303551e+02
7.776830573154082060e+01 7.227599677755812024e+01 6.676007660205542038e+01 4.714733386903722590e+01 6.100089086730373111e+01 8.066398091111840074e+01 8.417079099275105136e+01 6.445034563694848373e+01 5.057444785023108125e+01 5.542586370126743844e+01 3.533063407739771833e+01 5.300762102790731944e+01 3.374152201961607034e+01 5.123204361296558318e+01 6.232783660897826650e+01 6.569801267655770971e+01 4.726810246120446379e+01 6.690484638485963842e+01 8.362983886944267908e+01 6.985615591332179974e+01 5.020932750611943618e+01 5.880604963278710784e+01 6.668260727547286137e+01 5.004368843318162874e+01 5.227443930016556806e+01 5.463136128514845780e+01 5.708950631762957073e+01 6.343647425217321256e+01 8.400835588554691924e+01 7.750772029634188698e+01 9.120436790466125387e+01 9.502903400525212874e+01 8.207683916674596958e+01 8.899055618124265266e+01 9.732758204321267215e+01 1.089560558650078974e+02 1.290042028120764144e+02
9.525941098484148029e+01 8.383548517582273973e+01 7.016942938393957263e+01 5.058418874425745315e+01 6.185834145553303642e+01 8.152258662722896077e+01 8.428987196053087416e+01 7.573060986298813191e+01 5.779731209711584228e+01 3.789830160929241742e+01 5.544398493228169400e+01 6.211275565700736934e+01 5.398806051977233977e+01 3.469752837568831438e+01 5.487828766997770202e+01 5.386075651782509510e+01 4.216031746115077539e+01 5.547783007917487197e+01 6.873016151749850167e+01 6.057967488078578100e+01 4.391210181348482422e+01 4.569281812846364943e+01 4.744631600768872914e+01 6.720175110067602020e+01 6.649226605404813029e+01 6.894744818327002633e+01 7.750295064136248868e+01 6.102784299857955119e+01 6.399394868543273418e+01 6.710509544949101723e+01 7.055194062842103619e+01 7.443257672137609404e+01 8.296825265628793034e+01 9.219105925033652227e+01 1.123773065507715359e+02 1.257454298090392086e+02 1.373283844505766353e+02
8.699013004809617655e+01 6.727662189333378251e+01 5.599757173039153457e+01 7.016942938393957263e+01 7.837602118059076872e+01 8.977153453782051429e+01 7.613992454282204392e+01 5.653664130439089774e+01 5.410505587104272962e+01 3.973438596753855734e+01 5.119653474523105530e+01 7.079322971833200029e+01 6.248765722405214262e+01 3.571490962516667622e+01 3.564658790242659592e+01 3.634128614395361012e+01 3.705721585411739483e+01 5.703079737209986178e+01 5.856267599236072385e+01 4.137327786722472922e+01 6.057846457660331652e+01 6.598081368477052422e+01 6.720176231609927697e+01 7.560564601152950104e+01 8.696044385437211588e+01 8.944605355942765357e+01 8.157096020089491617e+01 7.556497965885756685e+01 7.861331703050520048e+01 8.177767381475051423e+01 7.989391023772672895e+01 9.502903400525212874e+01 8.756772046728454484e+01 1.078681580694395450e+02 1.086941783120257270e+02 1.287653478704260692e+02 1.407527131348764726e+02
