MOVIE_S3_data/elevation_000778.asc
nrows	100
cellsize	150.0
xllcorner	0
ncols	100
yllcorner	0
NODATA_value	-9999
[rows 51 to 67 of 100, columns 37 to 73 of 100]
1.149485023879981611e+02 1.234211471033755316e+02 1.172738520791623102e+02 1.089670053946311299e+02 1.063758227463271169e+02 1.146772270985777880e+02 1.027972821327996940e+02 9.117371054194387625e+01 7.710980137667226586e+01 5.683808468740456732e+01 7.178536075185216703e+01 7.930150651621976010e+01 7.096154369631675252e+01 5.469440710627250724e+01 6.644650296982752025e+01 8.663389305535918083e+01 9.289127656836376445e+01 7.491328256073528280e+01 9.470917200222844201e+01 9.563337309138624676e+01 7.466585092661375711e+01 8.080709598399644733e+01 8.258794019797848307e+01 7.071909360870523642e+01 5.049592906391848146e+01 6.732466949344917850e+01 7.561897259446307373e+01 7.497887871560195094e+01 5.489388064339994600e+01 6.109243139887085050e+01 6.113165485497941631e+01 4.207890245539786633e+01 6.238688935954911585e+01 7.078463410494259733e+01 5.857134665517135375e+01 6.620962849978187137e+01 7.626511719669630907e+01
9.455730030599279701e+01 1.149485023879934289e+02 1.131772830272625043e+02 1.190407965864633439e+02 1.204940007932665225e+02 1.004255151146992802e+02 9.447255117079110676e+01 7.432546274649216400e+01 6.260010727684705500e+01 7.710980137667226586e+01 8.544468452697438465e+01 9.167961794873785664e+01 7.796417090795399929e+01 5.770792458201309927e+01 7.796417244463266627e+01 9.495146596338821610e+01 1.030731430092322682e+02 8.470689670391304560e+01 1.030731430092322682e+02 1.038707706435095304e+02 9.563337309138624676e+01 8.845430515998819487e+01 6.846009159489081242e+01 5.412882831150561458e+01 7.071909360870525063e+01 6.484854490625382084e+01 8.489185190488673527e+01 8.374109139785599609e+01 7.543825930846750794e+01 6.646768781631587331e+01 4.728319089009292497e+01 4.259582987410419008e+01 6.292541734034234224e+01 5.057544097204037570e+01 7.078463410494259733e+01 8.623587833456824114e+01 8.681228899996121129e+01
1.005297451192681280e+02 1.015425771016598304e+02 9.302538123301206952e+01 9.892773661473171387e+01 1.145983912444464323e+02 9.455491760393306322e+01 8.033818389993699327e+01 7.126973357875540671e+01 6.937990529178904353e+01 8.960192752853883746e+01 9.757465991737151967e+01 7.748458671574223899e+01 6.314653438887558679e+01 6.357372721107691405e+01 7.427081389060590766e+01 8.852772716235632799e+01 1.085400485022026658e+02 9.878208995413423565e+01 1.131179766570969747e+02 1.095362321280499316e+02 9.805076311057723615e+01 8.913025083934616077e+01 7.693820371440186534e+01 5.680042361713383059e+01 7.693820371401831437e+01 8.489185190481880738e+01 9.315590492636972897e+01 9.108198731286930183e+01 7.388980249213935281e+01 5.425273474111308047e+01 6.646768746707833486e+01 6.292630743972015495e+01 4.333870930222559537e+01 5.705574823491353698e+01 7.135836623349672436e+01 8.351432493165486903e+01 6.676213064766636762e+01
9.562356586788853008e+01 8.140095742930535039e+01 7.878842779653996331e+01 9.892773661472189417e+01 1.152282349932904850e+02 1.056346773318276888e+02 8.556346572539115414e+01 9.144218749818101344e+01 7.706166932281456639e+01 9.733196505685003785e+01 9.907475572169738598e+01 7.901165449034323274e+01 6.729544889435288724e+01 8.379812610230651160e+01 7.266218293464280009e+01 8.434636759809463058e+01 1.043577898325567759e+02 1.190261822224021273e+02 1.188852621995802394e+02 1.012659960604567573e+02 8.140269357869458133e+01 6.984162643617064248e+01 6.081058708257176448e+01 7.693820371440186534e+01 7.327700579273415826e+01 9.322866617218983265e+01 9.691230689868315551e+01 7.698158222660909189e+01 6.285251415451044465e+01 7.388980249213935281e+01 8.215474055252732910e+01 7.200766377328561418e+01 6.369519452962214956e+01 4.409514703712567041e+01 6.446950751104080268e+01 7.040151336730860976e+01 5.501086267819403730e+01
8.730030124725773533e+01 6.724440610621169867e+01 8.730030124725759322e+01 8.679526706476902120e+01 1.069382961572453183e+02 1.139675557043923391e+02 1.056346773318536805e+02 1.058756486121793614e+02 8.877503946395886203e+01 1.058756486121793614e+02 1.073714124983541893e+02 9.199722723578869932e+01 7.184631771946359891e+01 9.199711766387024170e+01 8.173374655212258233e+01 1.010234000636346110e+02 1.126592572871565068e+02 1.193372359167291279e+02 1.078610075494613199e+02 9.071987863770596050e+01 8.565395088867894913e+01 6.565750375502528868e+01 8.087319021753530990e+01 7.032671622374417097e+01 8.446122451949504750e+01 1.014935962536790015e+02 9.691230689868315551e+01 7.698158222660909189e+01 8.281915632909746705e+01 9.108198731286900340e+01 7.876700369543097224e+01 6.673503534786900104e+01 4.527420208496501175e+01 4.464701642011742422e+01 5.287051620136769259e+01 5.013560649975434558e+01 7.040151378265021265e+01
7.484155476400351859e+01 6.150333825601953919e+01 7.040963693554110137e+01 9.049158177361300659e+01 1.084356612666628621e+02 1.070341539848670322e+02 1.147823219774595032e+02 1.178305445830343814e+02 1.094508598980924603e+02 1.135212362984172216e+02 9.357612517465827295e+01 8.198853344947934829e+01 7.862825324218366063e+01 9.868171423259120445e+01 9.332462141843696202e+01 1.100633482079465750e+02 1.293053860705328191e+02 1.110393999099110403e+02 9.122633224526936147e+01 7.974304949283354915e+01 7.077857078306843164e+01 8.565395088867887807e+01 9.390551707432361184e+01 7.929449010716506052e+01 9.853201825054131291e+01 1.126028078323562056e+02 1.051823923991294691e+02 9.691230689868315551e+01 9.342683068567534121e+01 8.197055856354536729e+01 7.049598808041405107e+01 4.999948777603483308e+01 6.673163469859549934e+01 6.502174766662953687e+01 4.543564149915881956e+01 6.578689202481658072e+01 7.492231442435036115e+01
5.488335763732271744e+01 7.484155476399335782e+01 8.254180177573148569e+01 8.003190786610360874e+01 9.338321274551812223e+01 8.753554096089749237e+01 1.066299529804561530e+02 1.143672365114926919e+02 1.230986826621992947e+02 1.218406541961581127e+02 1.103017085423645085e+02 9.357612517465827295e+01 8.626973510480483753e+01 1.062235457622634840e+02 1.132853375164574459e+02 1.216113614814793351e+02 1.209682245104659444e+02 1.011469013989126182e+02 8.972381937694794374e+01 7.975328333394146796e+01 7.836179071069739166e+01 8.233141967327445343e+01 1.021787266817223099e+02 9.078312330096481730e+01 1.074288982705278812e+02 1.165078399216288290e+02 1.082310961971029144e+02 9.250635517652565909e+01 8.346157491941782780e+01 6.719680263210223359e+01 5.428141202519847752e+01 7.049598808041405107e+01 7.487948214037636774e+01 5.521546812370455370e+01 4.600640129358935582e+01 5.373545551155519462e+01 5.469479221374245270e+01
7.126042337118919079e+01 5.932212222701076598e+01 6.254326064238907890e+01 6.590298304295303922e+01 7.343273438979646528e+01 9.338321274552572504e+01 1.007125395024163197e+02 9.475803970292487577e+01 1.147540738412226204e+02 1.262731010266150378e+02 1.218406541961581127e+02 1.135212362984172216e+02 9.626419663341542332e+01 1.145233155270147449e+02 1.226808221993829591e+02 1.143100141111995924e+02 1.226808221838980586e+02 1.136223986688208214e+02 9.379222301543222784e+01 9.960034568286148726e+01 8.651013821722226282e+01 9.379878012177192659e+01 1.104477876467782380e+02 1.106146828934510751e+02 1.189127842797983874e+02 1.082310961971029144e+02 8.843230177309982309e+01 8.425983078975767171e+01 6.415311901850812148e+01 5.833691009520853754e+01 7.431653639135176093e+01 8.258321854812895424e+01 8.062598123301009423e+01 6.840239893800024618e+01 6.583696353251735900e+01 4.682580109812793978e+01 6.748534550458532522e+01
7.956903245159875837e+01 7.930269224190428190e+01 8.254180177574251331e+01 8.591946197407233399e+01 7.165033805897604680e+01 7.599997251602471238e+01 8.057950098724185750e+01 8.690968576837782678e+01 9.713613326451471153e+01 1.128816260989802913e+02 1.341859354760703127e+02 1.245095592479036952e+02 1.161828948911115873e+02 1.245095592479036952e+02 1.125772096907831354e+02 9.410349058391467736e+01 1.125772096907831354e+02 1.219300857813354924e+02 1.136224001048436207e+02 1.145924446803973495e+02 9.640953374462014835e+01 1.136259465649712013e+02 1.219339037846697806e+02 1.258851043083558778e+02 1.196710809339276409e+02 9.985644613193203156e+01 8.586478391841509961e+01 7.428842717894319492e+01 8.172109061491030957e+01 6.167389053129478071e+01 8.172109061491033799e+01 9.487889035529738635e+01 7.436446603652056808e+01 6.823700903627057812e+01 4.765871703358212841e+01 6.576750429385556629e+01 7.484388003211135754e+01
7.645939609674131532e+01 8.401993401376104487e+01 9.227936713137590630e+01 1.000946039252121835e+02 9.182449779317803973e+01 9.607323813577143312e+01 9.217909337227921185e+01 1.070208203245821750e+02 1.007061648295822351e+02 1.171405411702379666e+02 1.248653913035863354e+02 1.168335251695012289e+02 1.251663743206662360e+02 1.162509074101760973e+02 1.042067523475451480e+02 8.403369509752624822e+01 1.042067523475451480e+02 1.118631733567708864e+02 1.202332287169120093e+02 1.245370088851651786e+02 1.162179837291234747e+02 1.245370088851651786e+02 1.258851043083558778e+02 1.059950847422348090e+02 1.096449713380324482e+02 1.030593432496616231e+02 9.756625264992163693e+01 8.679975769338116720e+01 6.680502541199079758e+01 8.172109061491033799e+01 8.997700524995855176e+01 8.980758684440560558e+01 6.841483361788252182e+01 5.449644203635966733e+01 4.825088149297538820e+01 6.848647696278275987e+01 6.350568363843928665e+01
5.648296881216450771e+01 6.400370061493426022e+01 7.814334847388741423e+01 9.811791415767520164e+01 1.074730729714890884e+02 1.157220757896635206e+02 1.124437671971647319e+02 1.206912671021242858e+02 1.195373987645691898e+02 1.272258282702641878e+02 1.148203060099167345e+02 9.634370157224377351e+01 1.148203060099167345e+02 1.078812958924677048e+02 8.770417891816398992e+01 7.733174500474974877e+01 9.748239993086897925e+01 9.167262518783583403e+01 1.085734111515504594e+02 1.202332287169120093e+02 1.190306301468587549e+02 1.272906000390065202e+02 1.236877407177979222e+02 1.038282658076559528e+02 8.988808707291997280e+01 8.325372343152956489e+01 7.769811306653005545e+01 7.250806014086643358e+01 7.839881715773852022e+01 9.504993888932118296e+01 1.010267673193680196e+02 9.280607701825559275e+01 7.629953616109818881e+01 5.617195392162209089e+01 6.857714212222275307e+01 4.909783693022299644e+01 6.924739128000831556e+01
7.645939625671591955e+01 8.401993401376104487e+01 9.227936713132999103e+01 9.327546095033076767e+01 8.739461749785583322e+01 1.074730729714890884e+02 1.193079974778710692e+02 1.199095753989871582e+02 1.281085740831021837e+02 1.183602975986896126e+02 1.064759062772931628e+02 8.614569695709094788e+01 1.064759062772931628e+02 1.056717374930620252e+02 8.549799711518730305e+01 7.125156603411862477e+01 9.012300759564337227e+01 8.003986025493661316e+01 9.167262518783583403e+01 1.118631733567708864e+02 9.920181324693203351e+01 1.158234008498926215e+02 1.181977004305202570e+02 1.179358061327944682e+02 1.096449713380324482e+02 9.725680253146641974e+01 8.405625329202874241e+01 8.405625329202874241e+01 9.827565581811511208e+01 1.065375062535750601e+02 9.280607699561251422e+01 7.287087757359071816e+01 6.520985106325743175e+01 7.629953616110054782e+01 7.760949215911301735e+01 6.930414693471563226e+01 4.994785902326612614e+01
7.454981638804461852e+01 8.728571281601998066e+01 8.255822569618464968e+01 7.322534972309541956e+01 9.327546095033035556e+01 9.098776181643475525e+01 1.110716866866786319e+02 9.982221785748241416e+01 1.165607175105411386e+02 1.100382221037774571e+02 8.982525947915222275e+01 7.940133052817050441e+01 9.966805444099472311e+01 1.018975575920673720e+02 8.651839900315400200e+01 6.633005413911463677e+01 6.994868540620382191e+01 8.421418490192640149e+01 1.043881674804727311e+02 1.069511627039830728e+02 8.776692036546948827e+01 1.069511627039830728e+02 9.837056359135891626e+01 1.123996046403233890e+02 1.253929881714696108e+02 1.121578351462995045e+02 9.397975002606843020e+01 1.038837065356842118e+02 1.121578351348628928e+02 1.126132428326119594e+02 9.280607701708269985e+01 9.280607701708269985e+01 8.527127986646075897e+01 9.350178952909546126e+01 8.489470575363456817e+01 7.661062319555641409e+01 7.021814747286933311e+01
6.626253715710976167e+01 6.727411135873028059e+01 6.256933811658172573e+01 8.047274007967976672e+01 7.459070427310611251e+01 8.996805280928647619e+01 9.667530789915218747e+01 8.815655987023528439e+01 1.083121341150911263e+02 1.065854261937028582e+02 9.353440723035105009e+01 7.330564647201386208e+01 9.353440723035105009e+01 9.353371740155428427e+01 7.336079470184824913e+01 6.164711102301644985e+01 8.188687505053745497e+01 9.590836651055448669e+01 1.075590431564621383e+02 9.872067982053276580e+01 7.886076120022308089e+01 9.872044683087835892e+01 8.434137000492081881e+01 1.024795206508570971e+02 1.164887713764224344e+02 1.220997600248108625e+02 1.137876630454574070e+02 1.220997600248108625e+02 1.199579865559212379e+02 1.077735773633564378e+02 9.895047476507117779e+01 9.134720215989264602e+01 8.771180977908642262e+01 8.422116472870176551e+01 7.662784894310914297e+01 5.670036231469194377e+01 5.420689608177116270e+01
5.015015731840743030e+01 5.318233160277175386e+01 5.665544249164751278e+01 6.047860662775914875e+01 6.492323597749624753e+01 6.990027567648280638e+01 7.655354262955545153e+01 9.667530789915218747e+01 1.125126279299373664e+02 9.233878140820523583e+01 7.804944196119443234e+01 6.838683373092916895e+01 8.861637317565940464e+01 8.968502099710237019e+01 7.851358104595026077e+01 5.823427672372876174e+01 6.734832362549967399e+01 7.902083021582772915e+01 9.919269644058836377e+01 9.244038560387058112e+01 7.250898352026067073e+01 8.430398338885419207e+01 7.434576077035033848e+01 8.845037912538808200e+01 1.017675648597985401e+02 1.100174344753200302e+02 1.214910115717579657e+02 1.236144878016322650e+02 1.109660441967931064e+02 9.141352688273447313e+01 8.029403856430909059e+01 7.143533771815339151e+01 6.765958060892199910e+01 6.400062303617656312e+01 6.056721536463120970e+01 7.661246030042535438e+01 7.377182124888412318e+01
6.020311881369786988e+01 7.313537372594856834e+01 6.555060060563155844e+01 8.047274007975090626e+01 7.645310610783788263e+01 8.996805280928651882e+01 8.407220220649935527e+01 1.042018952962610001e+02 1.046581346855824961e+02 8.446851509800983138e+01 7.279583247855433115e+01 6.371422715929663383e+01 7.863964170254247676e+01 6.946497600880263690e+01 7.542101612947136857e+01 5.511621167297258950e+01 6.950194428455345985e+01 8.971091692688597163e+01 9.336458910613362150e+01 9.836684583183550501e+01 7.847692975914245039e+01 6.424392122043082054e+01 8.430207535957769949e+01 9.030291976161123557e+01 8.191646199168165765e+01 9.338660216127098579e+01 1.132172845904306371e+02 1.152549127656138808e+02 9.562462049804157971e+01 8.575671625203854376e+01 7.762688255377501889e+01 9.134720223154047858e+01 8.771180977877027374e+01 7.021281846521267767e+01 8.080326935972078672e+01 8.892217190674590199e+01 8.543683171340195770e+01
7.431287991554715688e+01 8.847366966946867706e+01 7.969041070343209299e+01 8.557463510123731965e+01 9.655959571083361936e+01 1.048438788098708585e+02 1.042018952962610001e+02 1.124641548007454332e+02 1.129892226464488090e+02 1.013456925469788104e+02 8.283743843316000266e+01 6.853113167274001682e+01 5.834979265192745146e+01 5.508079107402483032e+01 7.095179377140064503e+01 5.214631728400408406e+01 7.245925600571197833e+01 8.733673866078677861e+01 7.345616061567218935e+01 8.421047112203471841e+01 7.594933525904748706e+01 6.015754710685131101e+01 6.510872019235566199e+01 7.034998063391329026e+01 7.932862448934552901e+01 9.080953737752075483e+01 1.106328317917981678e+02 1.236144878015202409e+02 1.137185753139598035e+02 1.027745297849565844e+02 8.295681552034163531e+01 1.027745297849565844e+02 9.731682983127913644e+01 7.739534447983211862e+01 9.731682983127913644e+01 1.015260211341275607e+02 8.386992324585163772e+01
