MOVIE_S3_data/elevation_000242.asc
nrows	100
cellsize	150.0
xllcorner	0
ncols	100
yllcorner	0
NODATA_value	-9999
[rows 34 to 50 of 100, columns 37 to 73 of 100]
3.154473763454152291e+01 3.439294663911293526e+01 3.734634736444796488e+01 5.823373843877787692e+01 6.839927338493794196e+01 7.317869509876895506e+01 7.833197724612467994e+01 8.645946804914522943e+01 9.626189642653015710e+01 9.671292488035328461e+01 7.817216170962585409e+01 9.671292488035328461e+01 1.045762985319574199e+02 8.905128400502300678e+01 6.882822365969494172e+01 5.717555109648227329e+01 5.313076714634399167e+01 6.802945308678215497e+01 7.636202437792992725e+01 6.300171855326264847e+01 4.270698491341833147e+01 4.212359207211846979e+01 6.242674834605496414e+01 7.336273056272646897e+01 8.764861597304941654e+01 9.694661349404226769e+01 1.053207294158517868e+02 1.001608186589573961e+02 9.715502333276629088e+01 7.865754911028652430e+01 7.592649508171123784e+01 8.177520598881970670e+01 8.853076235477145417e+01 9.866325212059392413e+01 1.192179333281726485e+02 1.249886947023971118e+02 1.058620089515467839e+02
5.227366819892724692e+01 3.821461412027390026e+01 5.823373843900983360e+01 4.333626474378822735e+01 4.782490063590707052e+01 5.290132607517318775e+01 5.837340131110811114e+01 6.853644211555302945e+01 8.241915080458471721e+01 1.019087163030178260e+02 9.253731498960659962e+01 1.068532049712542857e+02 9.620343309125637177e+01 7.597410061552506022e+01 6.430493241119403081e+01 7.737549467080974352e+01 6.741435655678215255e+01 8.170923853807815362e+01 8.128614415964817397e+01 6.599106128215002798e+01 4.572920131173091818e+01 6.242674834605497125e+01 4.471333064360781862e+01 5.907622054742295603e+01 7.597561309863390022e+01 8.534998818879137161e+01 9.297456434079842325e+01 8.104381144195522779e+01 8.266363616464842323e+01 6.853936659640109497e+01 8.877242466948668209e+01 1.020533850734009746e+02 1.088500525460737833e+02 1.173282708762063038e+02 1.278616601796294816e+02 1.331311775828376369e+02 1.219985861067422377e+02
6.391274811775894449e+01 4.317860853682893207e+01 6.391274811775894449e+01 6.410921644415991238e+01 5.996181852461692330e+01 7.317869509876895506e+01 7.833197724612467994e+01 6.921652781563410883e+01 8.056871141897134692e+01 1.000430485317383642e+02 1.127821524045496204e+02 1.052452433448213469e+02 8.502714097819571748e+01 7.333971612580683086e+01 8.452402254086649691e+01 9.289950012906487586e+01 8.763042514023867113e+01 8.719778895173921285e+01 6.700060192821234750e+01 5.272608463403449264e+01 4.967526781932547664e+01 6.987933602034462410e+01 6.499246726140465569e+01 4.736753557848520302e+01 6.760584861988233740e+01 6.442482965968348196e+01 7.470368448341142198e+01 6.893428417173041112e+01 6.242285430832613713e+01 8.266363616264172265e+01 9.414241703782251136e+01 1.095679549190598721e+02 1.079679624841400596e+02 1.084808730706262878e+02 1.167643239211101331e+02 1.256600666948047120e+02 1.371857279780364536e+02
7.216040076480402377e+01 5.537768461602917824e+01 5.225492741006688391e+01 7.257893338308555542e+01 7.992504645328085644e+01 8.806723958924838769e+01 9.693671337630046025e+01 8.879953475739284841e+01 9.693671337630048868e+01 1.082289643486328430e+02 1.123255483867041136e+02 1.136173009498613027e+02 1.019454170173403895e+02 8.346176817816396465e+01 1.019454170173403895e+02 1.091678156150372274e+02 9.905957841347719750e+01 8.115732464604749907e+01 6.097082590976796013e+01 7.291622104651051473e+01 5.374605102543767288e+01 7.391265726907144540e+01 7.593520586436282827e+01 6.168652676214611574e+01 5.008747438719912992e+01 5.230478568084910762e+01 5.456021300142157315e+01 5.684126114887843073e+01 7.699864859961606101e+01 6.550073823893247038e+01 8.066518393866290637e+01 9.440010744552100164e+01 8.998404355108344532e+01 8.849542367465014081e+01 9.752925805082422528e+01 1.089537388859667288e+02 1.288189027558425153e+02
8.373876220662754122e+01 7.557186168403069360e+01 6.419887315710224129e+01 6.419887315710225550e+01 7.575055718041107866e+01 9.533119512555710173e+01 1.084103104985742618e+02 1.003774902857584834e+02 9.966392872646750334e+01 9.626789438945883148e+01 9.265901900699721239e+01 1.123255483867041136e+02 1.120544602430813939e+02 1.036828648237292185e+02 1.120544602430813939e+02 1.007938442936286947e+02 8.057740333077592254e+01 7.047304895151562221e+01 8.115732464604749907e+01 7.811735355346829124e+01 5.795233856680214757e+01 7.811735355346829124e+01 8.996963823842861530e+01 7.856192948483217720e+01 6.436654891287120961e+01 5.582040215952152806e+01 7.470368448341142198e+01 7.699864877101174443e+01 6.096806828428290004e+01 8.116494648360092867e+01 7.030771894213476969e+01 7.412310447740134123e+01 7.821813728278617361e+01 9.282967952760307639e+01 1.131127774583718946e+02 1.233497708663539072e+02 1.333714001384024357e+02
8.484154393751678924e+01 9.217339916376165831e+01 8.402630853702210345e+01 8.402630853702243030e+01 9.217339916443725656e+01 1.035034841586867884e+02 9.989275679266626184e+01 8.034105193797880418e+01 7.976370962644088536e+01 7.629577748367806578e+01 9.050447649238981285e+01 1.101820160421866035e+02 1.104347933796251198e+02 1.078729339390505402e+02 1.160902632705265773e+02 1.091678156150372274e+02 9.905957841347719750e+01 8.476618954258135830e+01 8.892141376317273682e+01 6.870886791777708424e+01 6.801144128589271531e+01 6.743390446112681502e+01 8.764491555098507547e+01 9.293918691553312783e+01 8.010333512855729055e+01 5.992562771336935157e+01 8.010333469228427816e+01 8.955607993114078624e+01 7.102818905884372214e+01 8.955606349592991933e+01 7.857557620129742304e+01 9.440010752958534113e+01 9.282967952760307639e+01 8.750015710376678157e+01 9.483065809855654038e+01 1.050259520711903178e+02 1.250336607866991585e+02
8.580198253797242103e+01 7.760184980591327530e+01 7.760184980591159842e+01 7.760184980591159842e+01 9.738913753242718485e+01 1.013641809987494327e+02 9.251762219740874116e+01 7.936613258055710673e+01 6.544221598502485904e+01 7.972723866266684922e+01 9.959307663947384981e+01 1.046871100332398612e+02 9.071489184280486029e+01 8.815835638040806543e+01 1.046871100332398612e+02 1.160902632705265773e+02 1.133529672843728520e+02 1.032162139990726502e+02 8.300031363404900731e+01 8.892141376317273682e+01 7.967667786363516313e+01 7.506181762932089896e+01 9.529079743022420246e+01 9.620009283260121435e+01 7.595856078887157992e+01 6.430313254506440046e+01 8.451365254502351831e+01 9.968934142613717597e+01 9.130170492314620390e+01 9.968936347402932086e+01 8.873737831192478609e+01 1.072498299240733104e+02 1.131127774583719372e+02 1.078883290496394380e+02 1.150298064289447240e+02 1.233497708663539072e+02 1.333714001384024357e+02
7.239107129534941976e+01 5.775952977299746749e+01 5.775952977299746749e+01 7.180358448843483643e+01 9.160010057360148039e+01 9.341240222698324658e+01 7.347052463648668663e+01 7.841503669809704036e+01 6.058138509541505101e+01 7.456428557174250216e+01 9.435255744595022520e+01 9.480405643861338660e+01 7.673361317087803002e+01 7.673361317087804423e+01 8.815835638040806543e+01 1.078729339390505402e+02 1.220311670597218381e+02 1.115918825380633734e+02 1.032162139990726502e+02 1.082720258418814439e+02 9.989812208654178960e+01 8.518379108276931788e+01 1.036651528318648730e+02 1.045790099609135098e+02 9.061768181110180365e+01 7.037290702614798477e+01 7.707463575129919775e+01 8.876800473256672319e+01 1.089890150051152347e+02 1.173746260714331697e+02 1.089948494760656104e+02 1.173746261075685311e+02 1.155891902185818481e+02 1.237954076914846269e+02 1.299098596822157106e+02 1.213023691851804102e+02 1.299098597228771723e+02
5.256639575036319911e+01 4.632861544697563261e+01 5.775952977299746749e+01 7.760184980591175474e+01 8.895999141025662027e+01 8.076169270313802429e+01 7.808502378390154774e+01 5.845516063776835125e+01 5.615410228927817826e+01 7.598548853796268077e+01 8.883090451198425797e+01 8.063480089451826416e+01 6.678749050613274107e+01 7.382973414002351831e+01 8.270221175297567129e+01 9.409351909276615800e+01 1.137992003859023100e+02 1.193696550858857677e+02 1.112253108745106829e+02 1.193696550858857677e+02 1.137729452065052271e+02 1.053978928730149107e+02 1.137729452065052271e+02 1.049237228659109462e+02 8.469192558234992418e+01 8.469192558234992418e+01 8.690580703554327613e+01 1.056938425146086473e+02 1.173709432780420912e+02 1.208597823869890249e+02 1.126581417875711253e+02 1.124117826735670747e+02 9.591133490024898833e+01 1.124117826735666483e+02 1.194218295174990772e+02 1.002452308705373270e+02 1.194218295982185793e+02
3.859282065699435549e+01 4.999375271062005766e+01 6.981905157185147459e+01 8.580198253211163717e+01 7.750811878661299659e+01 6.090874688298180928e+01 6.509513207531000489e+01 5.018486417047735415e+01 7.006522137687733220e+01 8.343066761611581228e+01 7.522840954467726249e+01 6.077045065915753241e+01 7.484147080450226497e+01 9.360310892259187199e+01 1.017954972048099904e+02 1.106256700376310107e+02 1.104064420179559818e+02 1.022726076666203454e+02 9.164285832839098589e+01 1.095667520819829122e+02 1.258833855145191336e+02 1.180492766234925170e+02 1.258833855145191194e+02 1.133036537167232041e+02 1.049237228659130210e+02 1.049237228659150531e+02 1.071336305514967790e+02 1.155157450594450950e+02 1.135568575831133984e+02 1.053653529294133762e+02 9.296010968832507615e+01 1.042281751534873280e+02 8.449753887941567143e+01 1.042281751534873280e+02 1.003437194913154116e+02 8.991363895478376378e+01 1.107738000278533121e+02
5.211789659458561630e+01 6.658093942300908452e+01 7.802440550821224008e+01 7.585906526499016422e+01 6.765057217013597324e+01 4.944820631431585412e+01 4.526778190729154261e+01 6.509513207531000489e+01 7.827363874809211097e+01 7.040552232511539898e+01 5.534313611798373955e+01 6.684943171147082808e+01 8.667430612258395684e+01 1.028203382194664783e+02 1.169434975640614169e+02 1.096542649940375185e+02 9.907142153608543822e+01 8.264142561337675374e+01 8.179871753011838109e+01 1.014340846014508344e+02 1.163466251057463552e+02 9.890935369214075479e+01 1.163466251057462699e+02 1.077418549649701589e+02 9.955060814348024678e+01 1.077418549649701589e+02 1.057539871302011676e+02 9.983257084880521859e+01 1.053653529294133762e+02 8.563169988625325857e+01 8.153762843745911937e+01 9.725234180023177544e+01 7.748195942329277841e+01 9.156869622871427339e+01 7.989437149334146682e+01 1.002801381251378530e+02 1.115620398363818282e+02
5.396313615582387513e+01 6.527225076666343284e+01 6.633325326718842518e+01 6.441833183623816694e+01 4.783560822095505216e+01 4.066906505057315968e+01 6.042178082305454723e+01 7.330819802962238896e+01 6.584599836325611477e+01 5.053101814495826005e+01 7.040552232511539898e+01 8.343066765014685870e+01 9.487002830877290194e+01 9.721639495955967902e+01 9.721639495955967902e+01 1.015145301629631120e+02 8.187735871285936184e+01 7.126054887689230100e+01 9.093853942366958165e+01 1.067578761619367924e+02 1.084793151578166430e+02 8.919481320402023528e+01 1.084793151578166430e+02 9.796997680274415643e+01 8.010280971121534321e+01 9.796997680274415643e+01 8.572459448972541907e+01 7.988087934415554514e+01 9.407400868672407057e+01 9.141155304501229750e+01 7.162351872767253269e+01 8.256207507007826507e+01 7.121077664160327458e+01 7.135831464800078550e+01 8.359867573089397297e+01 7.901308632142421118e+01 9.477074161359684012e+01
3.685076790610206388e+01 5.425887461421981328e+01 4.694330090630708696e+01 5.230756291761379373e+01 3.650281398387916454e+01 5.616916730423023552e+01 6.856267927405971818e+01 6.151918136684162874e+01 4.601803195876787811e+01 6.584599836331106815e+01 7.861369573166082603e+01 9.285660434921172168e+01 8.465857123126036754e+01 7.736073224139295235e+01 9.721639495955967902e+01 9.937089153076668424e+01 7.972740191156529477e+01 6.579315812043282108e+01 7.897594557897400591e+01 9.286691087045535653e+01 1.020511478398844929e+02 8.266939088581389683e+01 1.020511478398844929e+02 8.982670892734775236e+01 7.076040334182529534e+01 8.827961015132768807e+01 8.113211509198414717e+01 6.599044219965568914e+01 7.453695552818213343e+01 7.584029497425396471e+01 7.711704745735688959e+01 6.274211766287671566e+01 7.982204588446040816e+01 8.122757675397662069e+01 6.347772695872981075e+01 6.500028246799065812e+01 8.485467835232880418e+01
2.753244958736851800e+01 4.770002430644473179e+01 3.555522000366335789e+01 3.254448553076628770e+01 5.230771391837587458e+01 6.439333212231349535e+01 5.739823612410207687e+01 4.175582226586502799e+01 6.151918136684162874e+01 7.405808386436872581e+01 8.391625343086813871e+01 7.568127757687078372e+01 6.458473236606795354e+01 8.465857123126036754e+01 9.976013951201959173e+01 9.161172869630578930e+01 8.096418126481418653e+01 6.125555459624990817e+01 6.503446296703052099e+01 7.727090259434973518e+01 8.546888393536711703e+01 7.698239452107149816e+01 9.645611654248425282e+01 8.321825022047462994e+01 6.413046604803894013e+01 7.478596961823615175e+01 6.164155073198452328e+01 6.686700120298220895e+01 5.462535587930662473e+01 5.593225563490479857e+01 5.724910883068148593e+01 5.857390459031564234e+01 5.998121308886319980e+01 6.140250917219394466e+01 7.983612609700345786e+01 8.320975842159319313e+01 6.718830901031192582e+01
3.327782172663071947e+01 2.810206512119217237e+01 2.850742776223560782e+01 4.850685899037329563e+01 5.725785231574099043e+01 5.345306749119647094e+01 3.767275740380659954e+01 5.739823612410207687e+01 6.973140992250320380e+01 7.644113380399195989e+01 6.820164054352176208e+01 5.546465892901883876e+01 7.568127757687078372e+01 9.285660434921172168e+01 9.161172869630578930e+01 7.192716578713589115e+01 7.769264077853854644e+01 7.488196702859085008e+01 5.512003501184773313e+01 5.746289886305049777e+01 7.726002830823358636e+01 7.167640267355102424e+01 8.693901234783774612e+01 7.877083620220898297e+01 7.481917547773201704e+01 5.550273849143609084e+01 5.152767769853844726e+01 5.280614247141766526e+01 7.266958742557534379e+01 6.860919878228929747e+01 7.711145075509746505e+01 7.265898573192559695e+01 7.402957210561095280e+01 8.122757675397679122e+01 7.076782940460952886e+01 8.996608456864203163e+01 8.577356480661023852e+01
4.280824611366444543e+01 4.821415633431713843e+01 4.034652473769066461e+01 2.908176569463906347e+01 4.909124660531646356e+01 3.368144019473415796e+01 5.345306676309410676e+01 6.552209369566335795e+01 6.928985093798448247e+01 6.820163919455450241e+01 4.812215092818712492e+01 6.820124928294974609e+01 8.329684602273682970e+01 7.815480733586856843e+01 8.369747280770818065e+01 7.769264077853854644e+01 5.795037877889561173e+01 6.713995785816837270e+01 5.127934324142100309e+01 7.102840648264944434e+01 6.436912378580609584e+01 8.301570523869735041e+01 7.434637127302279680e+01 5.890059579731216388e+01 6.830265138639011013e+01 4.997544294067174775e+01 6.980037206642862202e+01 5.464056863634471028e+01 7.756743415860189828e+01 8.602819503730232498e+01 9.236024525998524837e+01 9.269112937757000736e+01 9.380631464104963868e+01 9.864829704424164447e+01 7.963111792139399370e+01 9.843334637815890176e+01 9.420147064121428571e+01
6.248976905635463197e+01 5.485240327816494244e+01 3.511736367303499406e+01 3.970779432549044685e+01 2.965296588318306092e+01 4.818175715658647107e+01 5.771455029903140854e+01 6.294805623716490572e+01 4.918224353544487570e+01 6.273551737530311811e+01 4.381421374117157796e+01 6.366620001773907944e+01 6.847138208619468003e+01 5.897987064784792466e+01 6.458484547604508919e+01 7.170013608686235784e+01 6.354355003976258587e+01 4.735522971419331384e+01 6.713995785816837270e+01 7.914706875139091835e+01 7.735035171043431035e+01 7.325988323864719121e+01 6.034230169534720289e+01 4.743484653025846853e+01 4.847423606212975500e+01 6.830378913875138380e+01 6.042524393294196727e+01 6.272050746412524092e+01 5.769056095339024637e+01 8.297664913822704591e+01 1.003586997932681300e+02 9.907369711888810571e+01 1.074058080542953775e+02 1.074432719611994429e+02 9.357551080433130153e+01 1.074432717719671047e+02 9.224564509750584307e+01
