MOVIE_S3_data/elevation_000687.asc
nrows	100
cellsize	150.0
xllcorner	0
ncols	100
yllcorner	0
NODATA_value	-9999
[rows 17 to 33 of 100, columns 0 to 36 of 100]
4.336683913182175498e-01 2.043366838873900804e+01 2.548109700220468810e+01 1.962323262605168139e+01 3.962323262649881883e+01 3.012586947180679786e+01 3.893906823851735055e+01 2.341068079927025991e+01 2.674401420352940306e+01 3.082649771155243812e+01 3.529863785777499174e+01 4.236979241619498282e+01 4.992942837730484484e+01 6.407281326583255066e+01 8.407797068077148595e+01 7.844512616704759012e+01 7.031048126448216351e+01 7.031048126448216351e+01 6.916028983383735351e+01 6.042574946424858950e+01 5.121804654405038804e+01 4.519680333571960773e+01 3.569171224035159184e+01 1.628683155655864212e+01 2.983410282126572710e+01 1.210668603074089589e+01 3.283827725453400603e+01 2.753775265151095297e+01 4.389272695228240906e+01 5.534475979110142418e+01 6.539858148241083313e+01 5.386310697131883529e+01 4.773208686495338782e+01 4.773208684332562513e+01 6.274661870737713798e+01 4.260705591418863492e+01 6.274661946252334843e+01
5.385724909496417689e-01 3.000402310536301353e+00 5.481097002320480804e+00 2.548109700245143117e+01 3.194909551869928066e+01 1.598970569661527641e+01 1.893854481971327175e+01 3.303512785883083325e+01 4.665940463235623525e+01 4.238324392816186048e+01 5.530005836420660614e+01 5.162935243576712452e+01 6.993218821396393992e+01 6.993218821396393992e+01 8.559222828770452907e+01 7.031048126448216351e+01 5.157568938652060098e+01 5.157568938652060098e+01 5.292628359461264154e+01 4.162339743603225628e+01 4.470388027537837417e+01 3.282433138602003453e+01 2.017040763253413616e+01 3.286536523779010111e+01 1.256648011860431957e+01 1.982921405422782968e+01 3.263611004890011458e+01 1.813960695982953197e+01 2.757963306387684810e+01 4.710868972409046762e+01 4.459867156021584833e+01 4.459867156021584123e+01 3.303467687928711882e+01 5.386310697131882819e+01 5.433063298576659150e+01 3.282597843302453100e+01 4.494989154801223208e+01
8.336531950628578436e-02 2.008336531950592985e+01 2.548109700245147025e+01 9.227440248647289067e+00 1.194909551840639850e+01 3.194909551869928777e+01 3.893906823828480412e+01 4.693479701888281852e+01 5.928901296775982388e+01 6.252648697906677455e+01 7.110497463067986246e+01 7.163282674157174768e+01 7.992200870017759939e+01 8.993992325312788694e+01 7.738013050066919618e+01 5.823282329912055388e+01 4.780053823331513740e+01 3.903152872356844227e+01 3.495168556696973639e+01 3.092700351671348358e+01 2.705839626831338762e+01 2.420240327030774452e+01 3.916494167743032762e+01 2.176101903481116295e+01 3.351345716348601655e+01 1.304967972871782500e+01 1.340063426840927718e+01 1.375937273718177423e+01 3.053756680576815086e+01 4.159040763217955572e+01 4.075509935017974783e+01 2.409419288697031547e+01 4.366931093342818571e+01 5.405560289351173964e+01 5.085302445612189359e+01 3.949594232487186929e+01 2.355943071196682226e+01
4.524162703296725763e-01 2.045241627032931575e+01 3.751171161349846273e+01 2.922744024886506509e+01 3.194909551869928777e+01 4.023336690986267428e+01 5.111352042036092058e+01 5.140514151902562645e+01 5.968941286390572287e+01 5.923803918771521637e+01 6.752231215904465955e+01 7.018757549243382243e+01 7.018757549243383664e+01 9.018757612202284690e+01 8.060936112439696899e+01 6.134192117272309730e+01 4.842241089647011876e+01 5.706298288345685421e+01 5.079857983589015191e+01 3.277693801568222653e+01 4.536485037918034635e+01 4.435312600063790001e+01 5.011490334336966157e+01 2.893839452053768468e+01 3.463390626186441779e+01 3.463390629673003218e+01 3.294473450478510301e+01 3.320349777275706060e+01 1.427580059063534001e+01 3.376180359823332111e+01 1.782600515363174765e+01 2.509481371937245697e+01 3.448653281377132629e+01 4.155996786737251369e+01 3.417682916235071389e+01 1.743807000372940408e+01 2.139306339365561271e+01
4.402443450947634007e-01 1.458237996882583865e+01 3.458237996882654386e+01 4.206433924029341398e+01 4.248215545504858426e+01 3.419788379800303346e+01 3.111352039798874713e+01 3.140514150398849580e+01 4.290810753420883827e+01 3.923803914568027551e+01 5.753846481833210191e+01 5.018757543957925549e+01 7.018757549243382243e+01 7.639967374597758010e+01 8.468394734622529541e+01 7.508969300584418249e+01 5.888061471938218716e+01 5.739852997188795314e+01 3.932382213241145053e+01 4.169973141228992830e+01 5.862475452691847977e+01 6.253808472126135598e+01 4.199388851413688428e+01 4.470495405546659384e+01 5.502220662535471263e+01 5.022513003377287077e+01 3.779171964881926016e+01 1.842930747926568813e+01 2.215547242214389811e+01 1.479740259738591313e+01 1.516499596707536490e+01 2.927274758012281453e+01 3.365238067831595714e+01 3.517302978780215028e+01 1.692928163721537516e+01 2.457180004177689270e+01 1.794255898170383645e+01
4.237187090225543740e-01 2.042371870902220010e+01 2.554864030016639731e+01 2.206433924028357296e+01 3.038403344008693452e+01 1.419788379312140592e+01 1.697138477424759984e+01 1.985813612019577690e+01 2.290810752684792106e+01 2.997917533871352092e+01 3.753846479889833176e+01 5.709356026418181074e+01 6.225753806524404865e+01 5.639967366536374982e+01 7.639967374597758010e+01 8.627230286367345968e+01 7.805632540430825372e+01 6.246901317344838844e+01 4.418712599884340619e+01 5.437160866012456495e+01 6.788135703820425704e+01 7.068898387638452618e+01 5.419564728846631851e+01 6.509441025079550514e+01 5.480553910528188766e+01 4.203963681698954247e+01 2.256577886623928109e+01 3.779171965447510928e+01 3.908399442980064009e+01 3.330799845704829210e+01 2.279892569680924552e+01 1.568077971980808272e+01 1.604947829404290971e+01 1.641520311489770378e+01 1.962902613850812372e+01 3.649345991422226376e+01 3.951223757687360916e+01
9.142864485297492738e-01 3.223687525288257749e+00 5.548640300164653816e+00 7.922203616552370598e+00 1.038403343613900454e+01 3.038403344008580476e+01 3.697138477991523331e+01 3.985813612681968721e+01 4.290810753466248428e+01 2.816036484123691608e+01 3.224284774587568592e+01 3.709356024660251450e+01 4.225753804154591364e+01 5.225753804154626181e+01 6.380454342534731893e+01 8.380454353746726781e+01 7.806848691373501481e+01 5.896311145391123176e+01 5.039374910704066934e+01 6.907319438634962694e+01 8.139110541628436124e+01 8.206770295324348297e+01 7.393406618394158158e+01 5.990203258229205829e+01 4.660276012416274227e+01 2.698894060057165234e+01 4.169493966591065970e+01 5.022515396647407471e+01 4.786158955016396988e+01 3.742167324007897378e+01 1.813716686813860690e+01 3.539483471958951810e+01 3.621392117737522653e+01 1.668541726076955101e+01 3.186050591243171226e+01 2.429414711892549050e+01 4.212812604227794111e+01
9.064013007315497861e-01 2.090640130073119352e+01 2.554864030016639731e+01 2.206433924069133212e+01 2.452616905898975475e+01 2.193103881993131665e+01 3.347804420372025902e+01 5.347804410998536895e+01 4.816036485183450822e+01 4.230250046499363492e+01 4.638498336964288171e+01 4.638498336964288171e+01 6.225753806524404865e+01 5.639967366536374982e+01 7.639967374597759431e+01 9.208881785361066363e+01 8.626914192303210882e+01 7.720741413921776086e+01 5.945820249159975646e+01 7.720741413921729190e+01 8.714854483958175990e+01 6.728777874762944577e+01 6.561131692709672336e+01 5.168993351102178480e+01 3.198739575882004260e+01 3.825869265905359384e+01 5.466222159025156913e+01 5.458184079748051687e+01 3.425094092377780441e+01 2.055425243341436925e+01 3.717367395771714200e+01 3.278074694453788851e+01 5.053408323642536715e+01 3.824358260357504236e+01 4.587103955328414884e+01 3.750773483354064552e+01 2.930621621234996965e+01
3.063610709598194592e-01 1.444849669469064501e+01 3.444849669468993625e+01 4.206434006210934484e+01 4.452616684357487031e+01 4.193103876765934501e+01 5.021530733810298841e+01 6.176231083541365052e+01 6.816036500471319926e+01 6.230250050108824666e+01 6.638498341498180366e+01 6.052711899410759600e+01 7.466925626514512260e+01 7.639967374597759431e+01 8.468394734623741726e+01 8.716761041742211091e+01 9.544126908162616019e+01 8.691478032701796508e+01 7.868818628109940505e+01 8.691478032701765244e+01 8.148595280674069841e+01 6.728777874762943156e+01 4.749445278659376868e+01 3.764164104100126451e+01 4.333227842810750019e+01 5.800096646385547672e+01 6.622111875236045364e+01 5.566870428349788114e+01 3.598209668616497225e+01 2.227050799485335730e+01 4.172826103640574047e+01 5.209093430350540643e+01 6.064035892956105300e+01 6.136183982525121650e+01 6.330833489884640386e+01 4.591349793949890312e+01 3.303611342223287295e+01
2.739570439748240105e-02 2.002739570439712580e+01 3.846239415107293524e+01 4.674666539853454594e+01 4.825298427366830367e+01 5.233101023672950447e+01 5.901752139786765383e+01 5.075395061078471315e+01 5.906351223044090659e+01 7.486167136985069703e+01 8.306237351314715056e+01 8.052711914639915847e+01 8.039190763668358386e+01 8.876255219429046406e+01 8.390943755598959797e+01 6.719416604407601312e+01 8.390943755598959797e+01 9.864952671208313006e+01 9.037603855118656782e+01 8.729702371050369436e+01 6.742801504930922363e+01 5.343033513437324444e+01 4.460330519043071718e+01 5.158920507095098174e+01 6.310670151947464035e+01 7.133333594356766127e+01 6.889638623406189311e+01 4.919619666132299329e+01 3.525938412181403692e+01 2.402575781574990543e+01 4.358848900860841269e+01 5.436712593070435418e+01 6.247579736514325077e+01 7.244241133260690901e+01 7.186082043758356974e+01 5.517707886253059257e+01 3.702354132550593135e+01
1.758338105654860817e-01 2.017583381056513048e+01 1.846239415107364934e+01 3.039694188639496986e+01 2.825298427366759668e+01 3.233540914586696857e+01 4.290746953746387504e+01 3.075202213867871848e+01 5.075206566530597030e+01 5.489307404027477588e+01 7.486167136985069703e+01 7.715611081904488344e+01 6.033269309541238101e+01 7.715611081904488344e+01 7.563593693182671984e+01 5.565390022996501784e+01 7.563593693182671984e+01 8.711724967712680723e+01 7.040133240402353465e+01 8.711724967712680723e+01 8.148595280674082630e+01 7.064832316375357379e+01 5.084196132577656613e+01 7.064832316375357379e+01 7.963342878324246499e+01 7.655305969704713220e+01 6.670760178149804176e+01 5.855272383987752960e+01 4.662074702284074590e+01 2.696946553693362603e+01 2.735244922388173094e+01 3.473113196552765913e+01 4.458284766902057328e+01 6.422282279850490738e+01 7.034135544575420340e+01 5.176898537102960773e+01 4.187869728016410420e+01
4.683972685643240652e-01 3.670960344666073460e+00 6.915388767281338112e+00 1.039694188639532513e+01 1.411084864993639520e+01 1.819333155457509577e+01 2.290737676248549448e+01 4.289997263083771628e+01 4.075201385332550785e+01 6.074174078732395543e+01 7.492690727125039984e+01 6.659991075498724911e+01 4.903249133742346544e+01 6.881071472154829394e+01 6.857122010492423669e+01 4.857033630343117636e+01 6.857122010492423669e+01 7.690016012490767139e+01 5.886484928962043028e+01 7.884363658013819531e+01 9.109987921952777867e+01 7.888448683619149904e+01 5.967922228757863223e+01 7.888448683619149904e+01 8.229902434958061974e+01 6.264219735601449912e+01 4.870589947316096868e+01 3.880029657648243102e+01 3.136453072713148060e+01 4.662074707631651194e+01 2.989312869635857339e+01 4.960056839402304263e+01 6.171947931899421746e+01 7.240944338094475086e+01 7.840368267313453998e+01 6.531297002143416819e+01 4.700415616100351457e+01
2.051881798473268459e-01 2.020518817984697080e+01 2.691538876728169427e+01 2.453907751012652838e+01 2.825298427366759668e+01 2.974033693836781467e+01 4.290746953746387504e+01 5.118107229974376793e+01 6.074174078732395543e+01 6.897772377671098809e+01 6.345997901925065321e+01 4.683878413674633379e+01 4.167184945183127809e+01 6.133524894310873776e+01 6.254072673719245756e+01 4.252280318256769220e+01 6.254072673719245756e+01 5.691237203926375088e+01 5.129781388996146063e+01 6.284893138611895580e+01 8.282630926875991406e+01 8.776644723489312128e+01 7.369692007943893941e+01 8.776644723489312128e+01 8.117437829519487025e+01 6.981817737888486874e+01 5.618975141259177519e+01 3.642690598043822803e+01 5.108700785558541924e+01 5.390459822843175175e+01 3.449662500907405871e+01 3.437283001760032874e+01 5.548756098661807101e+01 7.308864637619191740e+01 8.423536090095281281e+01 7.151747597686083679e+01 5.290419354209385716e+01
8.187695587851057111e-01 1.496090518251618029e+01 3.496090518251688195e+01 4.453907751012723537e+01 4.825298427366830367e+01 4.974033693836852166e+01 5.802460818583071500e+01 6.575730580813315385e+01 6.343760818561477066e+01 5.515487957040619449e+01 5.462621197510858195e+01 3.552515484019703962e+01 3.511688080480269747e+01 5.478078244600487068e+01 5.719071162650616458e+01 3.716594945548698803e+01 5.627221716562302589e+01 4.274944359841349240e+01 5.277063205286802372e+01 6.691141688624328765e+01 8.688890336357208355e+01 9.948081646975354886e+01 9.358673565712096831e+01 8.602851157548828098e+01 7.301876246082520083e+01 5.335748063007308417e+01 4.191768842344230706e+01 5.618952674428030036e+01 6.434637691515418112e+01 5.873182804007414859e+01 3.942290306228503027e+01 3.802402202616662663e+01 4.572037456934548061e+01 5.693158864061336999e+01 7.617181422474183705e+01 7.962851674623874487e+01 6.197054543549285199e+01
2.311624522989861319e-01 1.436836430116449392e+01 3.420761176598063713e+01 3.933099242617090852e+01 3.781760812162291785e+01 4.611016853163661011e+01 4.576413784583690614e+01 4.576413784583690614e+01 5.189480744341308593e+01 3.516363607359370036e+01 4.639006289431449659e+01 2.665675398485559455e+01 4.639278291757224082e+01 5.604653935648081386e+01 4.776282667113610358e+01 3.216444816752854052e+01 3.624667792081517348e+01 5.627221716562302589e+01 7.104315511845891251e+01 8.103672982443885076e+01 9.362868226619289658e+01 7.950219999031412499e+01 9.362868226619289658e+01 7.786747020047300794e+01 5.823998585738893752e+01 4.836948303986834219e+01 6.166731610322810297e+01 6.981713046363519481e+01 6.620481905510061438e+01 4.715251823246258311e+01 5.873162403435429724e+01 4.176816940587907112e+01 6.125274468845844922e+01 7.308864636417831662e+01 8.276410238067448688e+01 8.928825490743054161e+01 8.106501275713050347e+01
9.845726073866658545e-01 2.098457260738631192e+01 3.327630725463882300e+01 1.910764873786146012e+01 1.781580676775106653e+01 3.455627754200751411e+01 2.576854490211361792e+01 3.162520614531695884e+01 3.314229140641276672e+01 2.362147085199748631e+01 3.622865880642060432e+01 2.218676380908869916e+01 4.058325493732767342e+01 4.354439008838421188e+01 2.775302500437407716e+01 4.776282667571037877e+01 5.627221716562302589e+01 6.455213252616563580e+01 7.276805851604858333e+01 6.715938781312758010e+01 7.382167643612646657e+01 6.537957096068232943e+01 8.535380127841665399e+01 8.602851157548828098e+01 7.620277394581826513e+01 5.975634417866105252e+01 5.720509995739536890e+01 7.683045250445638885e+01 7.189666554369665619e+01 5.301853661589869660e+01 6.928956783025611799e+01 6.125274468846316722e+01 4.749568987523493035e+01 5.545503909299445411e+01 6.651197074539516052e+01 8.585363624747583344e+01 9.072423844274663907e+01
3.295302290958179725e-02 2.003295302290922564e+01 2.310808225645162750e+01 4.952853947757431818e+00 6.268757337676975183e+00 2.626910462724597295e+01 2.951571515932636913e+01 1.161276813383398832e+01 1.313021899671284132e+01 1.466234816503925664e+01 1.622874328402195943e+01 1.781134094074117513e+01 2.065007930809063907e+01 2.354110566046281150e+01 4.354439008839739955e+01 4.817629515668986784e+01 5.078226492250991697e+01 5.345813439646017429e+01 5.277231784329917730e+01 4.715369953983153550e+01 5.383480768241096115e+01 7.382167643612646657e+01 8.570679406735000327e+01 9.398077543454668614e+01 8.755083914097940578e+01 7.938816515335032875e+01 6.414209856617534911e+01 8.376994370241274623e+01 7.816749449714750142e+01 5.935500768367964497e+01 7.816749449714750142e+01 7.150066956830956144e+01 5.226652317566362882e+01 7.150066956830956144e+01 8.276410238067448688e+01 9.397038511210730860e+01 8.246545804741309382e+01
