MOVIE_S3_data/elevation_000547.asc
nrows	100
cellsize	150.0
xllcorner	0
ncols	100
yllcorner	0
NODATA_value	-9999
[rows 34 to 50 of 100, columns 0 to 36 of 100]
6.278687791629389281e-01 1.217487416295555569e+01 2.631700978668675717e+01 4.631700978668746416e+01 5.178206676680909482e+01 4.348176623737987256e+01 3.543459798445913123e+01 3.543459798445913123e+01 2.510392263609634966e+01 4.466722707244088042e+01 4.526869357370096481e+01 2.526623010471309883e+01 4.526869357308913067e+01 5.569963128718377732e+01 5.641478521607777452e+01 4.818311381653586523e+01 3.222513263184809773e+01 5.222336735495579063e+01 5.151964120293137483e+01 6.752614980498813679e+01 6.166972442195973514e+01 8.166481140093716817e+01 9.649862820553576626e+01 7.630450099038834821e+01 6.207594142201286047e+01 5.203958723390454821e+01 6.686696446236388169e+01 7.523104022281590630e+01 7.382061602368773379e+01 5.373638026307586557e+01 4.407911043194599898e+01 6.141037964478757516e+01 6.971091594783827361e+01 6.016935792507783987e+01 4.021169132264264334e+01 5.501631056308269763e+01 4.569847626169013211e+01
5.760807145981240440e-01 2.057608071459776866e+01 3.097152785766706273e+01 3.729608317800335016e+01 4.485537263818776665e+01 5.313964388564937025e+01 5.525827992298782476e+01 5.300716650487952819e+01 3.470829841439705632e+01 5.300716650487952819e+01 5.354911543912005101e+01 3.941263404654502978e+01 3.061537771896585980e+01 4.475793597449188610e+01 6.474666351707683987e+01 6.038580126520828628e+01 4.039200182192474387e+01 3.664533280249712277e+01 3.997935281767440330e+01 4.753407806349700593e+01 6.752614980768738917e+01 8.158798961518446902e+01 9.159033342165396618e+01 9.060685129889115785e+01 7.796032117255521143e+01 5.782440439559612599e+01 6.023015228862886516e+01 8.036939347052530991e+01 8.221820886719289945e+01 7.118921812476496314e+01 5.110715581096063431e+01 7.118921812476496314e+01 6.583750013069266060e+01 4.579759117904574595e+01 6.016935792507785408e+01 6.851352433783794993e+01 5.566738399878271792e+01
7.930105716671143057e-02 5.424525895415175825e+00 1.097152785766741800e+01 1.729608317800406425e+01 2.485537263818847720e+01 3.899750826191893083e+01 5.899750826191822028e+01 6.301514978341610629e+01 5.462615573048475426e+01 6.301514978341610629e+01 6.768559683169486618e+01 5.461107785933963754e+01 3.461818218476486209e+01 5.461107785933963754e+01 6.995357170544532721e+01 6.867070288370446463e+01 5.193391854539991925e+01 4.664199907568509929e+01 5.997128313010045275e+01 4.574966505296472974e+01 5.330313940434245268e+01 6.329943288839854176e+01 8.330355729170879897e+01 9.816352597578045902e+01 7.796032117255521143e+01 6.493765673263422400e+01 8.036939347052530991e+01 6.971366214575934350e+01 8.987223660181038554e+01 7.954058149029114588e+01 6.268177139335004000e+01 7.954058149028851687e+01 7.002586510746829163e+01 4.993917232070865708e+01 6.151765706464861694e+01 8.164829343464275269e+01 6.986869323357488781e+01
6.786017468061785740e-01 2.067860174680582475e+01 3.097152785766706273e+01 3.729608317800335016e+01 4.485537263818776665e+01 5.313964388564937025e+01 5.932337101125799705e+01 5.672823374933723528e+01 6.501259942526799307e+01 7.655968167717462336e+01 6.725233278377115198e+01 4.726475376175952903e+01 5.461107785933963754e+01 4.168951712759538708e+01 6.167811408783455107e+01 8.021722606978495662e+01 7.193128656394128484e+01 5.818334995896277206e+01 7.128911754691678482e+01 5.129203158632102344e+01 6.207238120834004746e+01 8.158798961518448323e+01 9.159033342165396618e+01 9.936766961556374156e+01 7.916560517427946309e+01 7.916560517427946309e+01 9.347474055250685865e+01 7.731475284509973278e+01 9.750248041342698002e+01 9.117143999134806620e+01 8.281060648122057444e+01 7.763230996824641750e+01 5.750754850530208984e+01 6.151765706464861694e+01 7.838689557878713288e+01 9.002494862276869014e+01 9.012665601457149478e+01
1.053273305859350195e-01 1.424746295431700993e+01 3.424746295431771159e+01 4.373494610752987910e+01 4.430217062084400226e+01 5.258104106224115526e+01 3.932334691914079627e+01 3.672821640507048357e+01 4.827522214205581719e+01 6.827526234336838229e+01 7.552667223884868974e+01 6.139948073572075060e+01 6.722171012625314290e+01 4.723399035927597112e+01 6.722171012625314290e+01 8.703243300189561182e+01 8.647037271550587434e+01 7.818393161871753705e+01 7.731983183159246664e+01 5.731821533148655590e+01 7.731983183159246664e+01 8.207496537813933912e+01 1.020828397318588117e+02 1.077838759307251451e+02 9.936766961556374156e+01 9.936766961556374156e+01 1.059183269865513353e+02 9.155990816748764871e+01 9.750248041342698002e+01 9.876924552635033194e+01 7.859956743365479781e+01 6.698877485179768598e+01 6.911939498870742682e+01 8.164829343464298006e+01 9.002494862439326084e+01 9.734528035863577600e+01 9.814114641792241400e+01
6.652624653148981881e-01 2.066526246531454447e+01 2.657799485736505929e+01 2.373524270464362829e+01 2.430239119725621322e+01 3.623674430132624025e+01 2.518121099249309580e+01 4.518121835182759582e+01 5.422412227454736211e+01 6.250847417914832249e+01 7.145278888033939779e+01 8.138236757673756472e+01 7.549625850428317619e+01 5.877469189903702329e+01 5.877469189903702329e+01 7.290950475489439953e+01 9.288622828461471670e+01 8.690829700260128732e+01 8.560744341221875686e+01 7.145981909572812185e+01 6.996634485748283794e+01 8.411273588743223684e+01 1.041223369228010824e+02 1.039669478554750555e+02 9.852282901332752374e+01 9.015178724918624198e+01 9.852282901332782217e+01 1.118491189249557607e+02 1.178134520757819814e+02 1.071753668532246877e+02 9.550934559144461389e+01 7.704437732630219671e+01 8.926116809055380941e+01 9.765010037988750469e+01 9.735270713498096029e+01 7.683413486727572206e+01 8.058573312567664004e+01
8.924248754756384239e-01 3.720852000221834377e+00 6.577994857364704018e+00 9.593108303142367177e+00 1.275538596331077379e+01 1.623693908242479012e+01 2.178394104467717796e+01 2.755744373657353563e+01 3.422411040324298170e+01 4.316838231524727121e+01 5.731051952788961756e+01 7.731058741219457886e+01 8.703243300189518550e+01 7.876055161086063094e+01 7.876055161086063094e+01 8.703243300189561182e+01 8.104476091312439223e+01 6.681698549543709476e+01 8.104476091312439223e+01 9.146715405419527656e+01 8.997341234185439873e+01 9.826135795369317805e+01 9.807083639017965027e+01 8.379328682581999033e+01 8.845627497277986606e+01 7.005031451234563633e+01 8.845627497277986606e+01 9.729707130954354000e+01 1.096255765132392810e+02 1.010877364322466576e+02 1.056081720719944883e+02 9.720417557382670282e+01 1.056081720719944883e+02 1.067577195272567820e+02 9.771004695043268384e+01 8.058725108558768113e+01 5.967078659596617030e+01
8.870506738290029336e-01 2.088705067382864655e+01 1.812500024115701436e+01 2.959310830314201013e+01 2.430239135258992889e+01 3.623694315063398363e+01 2.692738876080428412e+01 4.692739749662194271e+01 4.755745165077922820e+01 6.250847417914832249e+01 7.145278888033939779e+01 7.526697689909049416e+01 8.344437779881630490e+01 8.328074508096786133e+01 7.493414480354034879e+01 7.607332737897365860e+01 6.773779588303899857e+01 5.266457271918591942e+01 7.082259539969606976e+01 7.916282429739884208e+01 8.921148775046985691e+01 1.024800876908303309e+02 8.970201534004723953e+01 6.959850417403632150e+01 7.698743848980284099e+01 6.003983068684653546e+01 6.883010523297501493e+01 8.893064149503426563e+01 9.786118096278690359e+01 8.076914195033718613e+01 9.296768839691910102e+01 1.012766053434959446e+02 1.127328001014079319e+02 9.258202068271066310e+01 7.810862436409298937e+01 6.875562044122668226e+01 7.458070674568148206e+01
9.587146228554132010e-01 2.095871462285505871e+01 3.812500024115630026e+01 4.640927148861791096e+01 4.430240343234574141e+01 5.258679023824215903e+01 4.692739749662194271e+01 4.106952483326526249e+01 6.106955312715217588e+01 7.584193732818764033e+01 7.224339274576185232e+01 5.600767980229149146e+01 7.224339274576185232e+01 7.168987195071238716e+01 5.488902023850692302e+01 6.449800836611409238e+01 4.771970218753109094e+01 4.373777002972991568e+01 5.079215671349130901e+01 6.078957547235806658e+01 8.085561532703404453e+01 8.824892645462024632e+01 7.401776521841222234e+01 7.698743848980284099e+01 5.693753621094067086e+01 5.248569268352465400e+01 6.663432149048126973e+01 8.672458133195486596e+01 8.869793366307381177e+01 6.918676862015944096e+01 7.290042503315991951e+01 8.708956414785606626e+01 1.072167758365817178e+02 1.067577195272567820e+02 8.938076210090751772e+01 8.342896757720492928e+01 9.508833189398443153e+01
4.749594815986911134e-01 2.047495948159833645e+01 3.103381038486387666e+01 3.706403126196980935e+01 4.413508652310579805e+01 5.241894727021030320e+01 6.396498830405514724e+01 6.106955312715217588e+01 6.935394065319600543e+01 6.704214079952414806e+01 5.899115172937920448e+01 4.515540575544526547e+01 6.414761653585063073e+01 6.273121930259130608e+01 4.336012481633684956e+01 5.618034409927439299e+01 3.620794607780418062e+01 5.618034409927439299e+01 7.014582840563826949e+01 7.916282429739474935e+01 8.921148775046985691e+01 7.990624402237016000e+01 5.985556556314251253e+01 6.722508150980314667e+01 6.696248735037174526e+01 4.696143171485715584e+01 6.696248735037150368e+01 8.470759926125110439e+01 8.030879189232754811e+01 6.023230333481561871e+01 8.030822211862039239e+01 8.770168271907925828e+01 9.610665159674417168e+01 1.062227506629769209e+02 1.096291903044999003e+02 1.037496651604885045e+02 9.335987357257008057e+01
5.246131949027718067e-01 5.688590989845971002e+00 1.103381582809441142e+01 1.706404271964957786e+01 2.413511053151481889e+01 3.568211589231179914e+01 5.568202143368247192e+01 6.255564167343668203e+01 5.453387059431438644e+01 5.600246126936654179e+01 4.000055902678961672e+01 3.799973640445531231e+01 5.696923559695456873e+01 5.441638464464904246e+01 3.444659810216449358e+01 4.628563134602274687e+01 3.186031399650920193e+01 4.182458409109767672e+01 5.594700429241122208e+01 7.599673675905404480e+01 7.502248643947180540e+01 6.668820462278601724e+01 6.722487479226305140e+01 4.723577544049744148e+01 5.723261545265208383e+01 4.291401553890852227e+01 5.631021419078525270e+01 6.571707397326014188e+01 6.937263677676548923e+01 5.488663924129663485e+01 6.091795629059748762e+01 6.759136074564098351e+01 7.761010166742470062e+01 9.779326377073383014e+01 1.036873222195004303e+02 9.356334802084288071e+01 8.518487156730354570e+01
4.470077517107070575e-01 2.044700775171035190e+01 3.103381038486387666e+01 3.706403126196980935e+01 4.413508652310579805e+01 5.241894727021030320e+01 5.005791942501610237e+01 5.453386754981979578e+01 3.545172749836407178e+01 4.104075426374792812e+01 2.889446169109794482e+01 4.802662214536224639e+01 5.797082512179022018e+01 4.735599890312973059e+01 2.739446065687631560e+01 2.632459424726117447e+01 4.628562300866656898e+01 5.626807844146534165e+01 5.626872965363850909e+01 6.458279264375094897e+01 6.668785561903780490e+01 4.670508148278278782e+01 5.255766942698266320e+01 5.436424494457407519e+01 3.731928669688335276e+01 3.975123608495671590e+01 4.221866340602520040e+01 4.571952391400289173e+01 4.934997131634710854e+01 6.925397128803012947e+01 8.094701961321177919e+01 8.770168271907925828e+01 9.610665159674417168e+01 1.062227506629769209e+02 9.531734414882029682e+01 7.505239898578675195e+01 6.467517516666268307e+01
2.599182575669619633e-01 1.440205388129778719e+01 3.440205388113280804e+01 4.807184068284561818e+01 4.377459913939227931e+01 4.419107460282467770e+01 3.003377515006028275e+01 4.419018213862782574e+01 4.104075354739926951e+01 2.166246092955116609e+01 4.104075419729595353e+01 5.124215192434318311e+01 3.730228483153011609e+01 3.794694270736247432e+01 2.107112881687670836e+01 3.933857776634962278e+01 4.073988354628204434e+01 3.630370847962210235e+01 3.630371143505758624e+01 5.626874982257873370e+01 5.827067890791254001e+01 4.997226964602140242e+01 3.264485756999072663e+01 3.452621728755288899e+01 5.443017842698316144e+01 5.968654264042940127e+01 6.218202654945446994e+01 4.752098232849991888e+01 6.753010857099100406e+01 7.764414652340431644e+01 8.360730021319643868e+01 8.967414819411249027e+01 9.805835446426650037e+01 1.097253661078350575e+02 1.036873222195004303e+02 9.356334802084288071e+01 7.869913609284529343e+01
3.519420047721200095e-01 1.449408788200871356e+01 3.449566061056114563e+01 2.649787481464649730e+01 2.078934006752508523e+01 2.588299457133840775e+01 1.586830351281687079e+01 2.800966828239876705e+01 3.148272991762030415e+01 1.749325706085745225e+01 3.700009132735456063e+01 2.910556611055088183e+01 3.153279282714894904e+01 1.659605444351143078e+01 1.797962074933871435e+01 1.936995407613938269e+01 2.077455658224497270e+01 2.219089213125774052e+01 4.215132106494812092e+01 4.569074151201479594e+01 4.745465162203839071e+01 3.004244980871143866e+01 4.997611584581658661e+01 4.339444192996341343e+01 4.857394301703330086e+01 6.268939944720997204e+01 7.586742890270598139e+01 6.753010857099100406e+01 5.327575573715959223e+01 5.798596500305222179e+01 6.353599095620445780e+01 6.957279007414481953e+01 8.114714075798171677e+01 1.013222569701258919e+02 1.122150738855433190e+02 1.021214376997644990e+02 8.418894461256593331e+01
2.695761837762450375e-01 2.026957618377588943e+01 2.245505649710504059e+01 2.018143763484372499e+01 4.855226031625699434e+00 5.860264710588263704e+00 6.917300926256215732e+00 7.984833469981792220e+00 1.183463169376643975e+01 3.051544437781151586e+01 3.182828696505148969e+01 1.356698667243986556e+01 1.481744726272818902e+01 2.872243285981521765e+01 3.418584351368458130e+01 3.609814990196447582e+01 4.073988686312183205e+01 4.214895253904054329e+01 2.424325575200979443e+01 2.572291808334433583e+01 2.749853972505007960e+01 4.745465162203839071e+01 4.997611584581658661e+01 6.335761075891544891e+01 5.967741283177457490e+01 7.688703806615318115e+01 9.108467599012962523e+01 8.166413454840511577e+01 6.327689740956974873e+01 7.804394754155589453e+01 7.434935837942323644e+01 8.967414819411249027e+01 8.375964632704871349e+01 1.039530188162588473e+02 1.038387410990073079e+02 8.366595951036684653e+01 7.346530325627632863e+01
4.879649418637075353e-01 1.470911316229689403e+00 2.455046978839936944e+00 3.442776575489528756e+00 1.527756323232574687e+01 9.187214294503098344e+00 2.694066686680459100e+01 2.800966797661488172e+01 9.563602959793948699e+00 1.068352881300134349e+01 1.180886936396115416e+01 1.463845465523913525e+01 1.752779764722605549e+01 3.710369721490225459e+01 4.725419757187706438e+01 5.814047216852397781e+01 5.524187624976545408e+01 3.616366280150006673e+01 4.419276131277133146e+01 3.255324523934048386e+01 2.970892842226293951e+01 4.931510540543403920e+01 6.174998304163761276e+01 7.830845701845345275e+01 7.972653267090913687e+01 8.804808415214719730e+01 9.103519916704821924e+01 9.172044846432763165e+01 8.335441716489690123e+01 9.172044846432763165e+01 9.448298412226333198e+01 1.028670110520277206e+02 1.039530188162588473e+02 1.123570626014842588e+02 1.122150738855433190e+02 1.021214376997644990e+02 8.784162417698988179e+01
9.938951651180888414e-01 2.099273542197368769e+01 2.245505167581589134e+01 2.294174720970851666e+01 1.515307766649395660e+01 2.843404329031256950e+01 1.394886470514541088e+01 3.318551686196329342e+01 3.062393475599413151e+01 3.070211199883128472e+01 2.075796773344396584e+01 3.438282007969594645e+01 3.760885241790026612e+01 2.176045728180451277e+01 4.187100488914309437e+01 5.496059932283306892e+01 6.345794301942576965e+01 4.949520967487913481e+01 5.237929613364497072e+01 5.375887487199619841e+01 4.348012865643107716e+01 3.378662527954558215e+01 5.340614447639736539e+01 6.207373346451705487e+01 6.637525225917481464e+01 7.104372816674830915e+01 7.076791877620948412e+01 8.313746350629364201e+01 8.313746350629364201e+01 1.033365282807588272e+02 1.052206663135984570e+02 9.694425922985918476e+01 1.052206663135984570e+02 1.087033668381790221e+02 1.004359649857158558e+02 1.087033668381790221e+02 1.080221054856467191e+02
