MOVIE_S3_data/elevation_000450.asc
nrows	100
cellsize	150.0
xllcorner	0
ncols	100
yllcorner	0
NODATA_value	-9999
[rows 51 to 67 of 100, columns 37 to 73 of 100]
6.101781175027220883e+01 7.501808716722027270e+01 9.467188968481073630e+01 8.021753265824605705e+01 6.066101277811534942e+01 8.021753265824605705e+01 9.267404311014418283e+01 1.008539229893768976e+02 1.035999704142015645e+02 8.604507793903665913e+01 9.643049588202896416e+01 1.044226341704119818e+02 9.169867222975049970e+01 7.219880778336134597e+01 8.127555625161872399e+01 8.489091049924188326e+01 7.021808500686175591e+01 5.386600389439279724e+01 6.348363463849040755e+01 5.765040402142807352e+01 3.771420687879557931e+01 4.209532758035297206e+01 6.452316972308088339e+01 7.743308431711479045e+01 8.598646633684856511e+01 9.642641756784094298e+01 1.085196611728094922e+02 9.754372186714168436e+01 8.193045146469093254e+01 6.229792449064408544e+01 5.635739236548104714e+01 7.616954207119512432e+01 8.704050786332545897e+01 9.526871223853994763e+01 9.684102799164539022e+01 8.233721401482289082e+01 9.693386597365874024e+01
7.246950285210093057e+01 7.162824933584833786e+01 9.127754064389800703e+01 8.494177438237882427e+01 6.546322675282945625e+01 7.302958246013164967e+01 8.425683722523923791e+01 1.039644731291968753e+02 1.132010599176192045e+02 1.051771477385437805e+02 1.132010599176192045e+02 1.077403637739441677e+02 8.809338432674719854e+01 9.169867222975049970e+01 9.447463155594785178e+01 7.723430531560245527e+01 6.069053060404350930e+01 7.021589400236695155e+01 6.008893718075825774e+01 3.836226317403266961e+01 5.452010759469366263e+01 4.394268709009994467e+01 6.404046996935555569e+01 7.567431317303707772e+01 8.189631282821700609e+01 8.981928870337800674e+01 9.922140679168195732e+01 9.235886784800335647e+01 7.284910285582482459e+01 8.193045952582491509e+01 7.616954073438350292e+01 6.083717761343175567e+01 6.746648629503977190e+01 8.127530196833951948e+01 1.009589461248743874e+02 1.029496807999516790e+02 1.072420545653858426e+02
8.635798693596191811e+01 8.145195827725524396e+01 9.943159797784871046e+01 8.996946800317466852e+01 7.049729433999888784e+01 8.996946800317466852e+01 1.007716153203409135e+02 1.121651268490316369e+02 1.173194416437727909e+02 1.121829872630478491e+02 1.041096687748228931e+02 1.121829872630478491e+02 1.077403637739441677e+02 9.717385051331669388e+01 7.878007901472338403e+01 6.911826747618489719e+01 7.723430512359161071e+01 7.552395319757779646e+01 5.350327934049825984e+01 3.882167660752400451e+01 5.806017907614238283e+01 5.532144526304681165e+01 5.107980842754817274e+01 5.667343530441426935e+01 6.323031310100932956e+01 7.262814769671476256e+01 9.116447842788325318e+01 1.004316423236856082e+02 8.411558704322378333e+01 1.004316153689759687e+02 8.403599959772400041e+01 6.443657000775893096e+01 8.403599960236947197e+01 8.127530196833951948e+01 1.009589461248743874e+02 1.170753827251867136e+02 9.906260099981359701e+01
1.060288920443313714e+02 1.011031230105405996e+02 1.011031230105405996e+02 9.649823366369562905e+01 7.691193668213293222e+01 8.634880540913296443e+01 1.060795690774420308e+02 1.116604768068195739e+02 9.789971014945669481e+01 1.024785828541452446e+02 8.473478660340107638e+01 9.442222768911202024e+01 1.024785828541452446e+02 1.053022711576636112e+02 9.447463155595410456e+01 8.655420156314362146e+01 8.892917826314868535e+01 6.962112961651516230e+01 5.937580114815830967e+01 3.928226438771569207e+01 5.912481776533476108e+01 6.679248501333435684e+01 6.902117259265564542e+01 7.157968130292508135e+01 8.189631341413557664e+01 8.981928870337800674e+01 9.922140679168195732e+01 1.116880648765615831e+02 1.036193991864424504e+02 1.016449098417713088e+02 8.196501919354223276e+01 6.818696469619094103e+01 8.772912568299562963e+01 1.009589461248743874e+02 1.092621225087404326e+02 1.088721380773757232e+02 8.925355306510381581e+01
9.815788847838429376e+01 1.063683823120124003e+02 1.208101232506907081e+02 1.047065106637979142e+02 8.555982083651163350e+01 1.047065106637979142e+02 1.142831928694558314e+02 1.035876178153197742e+02 8.422518907709975622e+01 9.134174264622471640e+01 7.503637234730580019e+01 7.503637234730581440e+01 8.978812190492310208e+01 9.784000266031382864e+01 9.637301627269199855e+01 8.674621163236375310e+01 7.866954048385146336e+01 6.960998493643565155e+01 4.984922332245737664e+01 3.974370012450035716e+01 5.494914966822445734e+01 7.511225311752284028e+01 8.287459044379650663e+01 9.151430528952455745e+01 9.377172585540220950e+01 9.593736507353837339e+01 1.042145358318428805e+02 1.052477208151810970e+02 1.135825586570048813e+02 1.056754620845859876e+02 8.592996778894610088e+01 7.219498334320245192e+01 9.171328920442019239e+01 9.887281012080381970e+01 1.188389518081133645e+02 1.170878049878314897e+02 1.030925282100175053e+02
7.873806196654854261e+01 9.540360875878006652e+01 1.066981837614105899e+02 1.135613817009409843e+02 9.952098741060277121e+01 1.135613817009409843e+02 1.134428224648573575e+02 9.670071120590566238e+01 7.737867528037665465e+01 7.198553196710851410e+01 6.767750968978674564e+01 6.368160027451443739e+01 7.033505006233635015e+01 8.661112741503164614e+01 7.693722880021134358e+01 7.867410773456158779e+01 5.895745233176901223e+01 6.468009019723125164e+01 6.005925740792785916e+01 4.020615988555630338e+01 6.029588365657910742e+01 7.974274798074927162e+01 7.190886016144833093e+01 7.579437508978905669e+01 7.415639090539471567e+01 7.629763117734309219e+01 9.131245486018642055e+01 8.554027870635140118e+01 1.052477208151810970e+02 1.056754622262005512e+02 8.592996778896207388e+01 9.171328920442019239e+01 7.926570189137298428e+01 9.887281012080380549e+01 1.178303960186307080e+02 1.294365697256571082e+02 1.228274487034230020e+02
6.808661549652283895e+01 7.903308344636369043e+01 9.847337622618789510e+01 1.120486548596750396e+02 1.194142718825950453e+02 1.191088904229751364e+02 9.967432206504722103e+01 8.598911404293066596e+01 9.670071120590566238e+01 9.134174264622471640e+01 7.893665452986387265e+01 7.855688564004042007e+01 5.886632960697905759e+01 7.426005398345833441e+01 6.301823494271085480e+01 6.934933553143109464e+01 6.473164164630816231e+01 4.472938291254295251e+01 6.068224383073146555e+01 4.066885029850315192e+01 6.069982901205356285e+01 6.666241949365065977e+01 5.194800619485425131e+01 5.598191141929183345e+01 6.020428041708701983e+01 6.520662011809118042e+01 7.177482814897054197e+01 8.300255522262860097e+01 1.026639888679893176e+02 1.140056304247497678e+02 1.056754622303189137e+02 1.071739682098590691e+02 9.048197123687967292e+01 8.963864032884853827e+01 1.010073662773362031e+02 1.210463074664035048e+02 1.331517750819650985e+02
8.724951795852339842e+01 7.700202915847479801e+01 8.419673565126285553e+01 9.541302112341367092e+01 1.152477944096974767e+02 1.191088904229751364e+02 9.967432206504722103e+01 1.053665753476508229e+02 1.134428224648573575e+02 1.063563073424582939e+02 9.829362097892406780e+01 8.661115278291784136e+01 7.426005403836212793e+01 5.445086576730115269e+01 5.144472718832195568e+01 4.944913532634388531e+01 4.745664978077849128e+01 6.212784713094927014e+01 4.249786321217802509e+01 4.113562351480148038e+01 4.374948037489113517e+01 4.650550432568670800e+01 6.666242856311272647e+01 7.579441663575687471e+01 7.990158949707772251e+01 7.905118308287664775e+01 7.905118308287664775e+01 9.867857344557127419e+01 1.109853446125106302e+02 1.080610178060418463e+02 1.164156865892351362e+02 1.186897426788310526e+02 1.103349091953064232e+02 1.094768193766203979e+02 1.178296542783046448e+02 1.138119636898700122e+02 1.223944455842215859e+02
1.042062196202075341e+02 9.638828803337806050e+01 1.037961827135462869e+02 1.120486548596750396e+02 1.235255444472612538e+02 1.272113228646674372e+02 1.191088904229751364e+02 1.226937984632624676e+02 1.089823026488155620e+02 1.009340954106056074e+02 1.023779960845918566e+02 8.892484808406986474e+01 6.943944049291950193e+01 5.536547673733973340e+01 7.130707459759609890e+01 6.360335054808041377e+01 6.166782456697482218e+01 6.973149670313991066e+01 5.938372689179427510e+01 6.114788042510232202e+01 4.181861514090753928e+01 6.180416682186933031e+01 7.486183380320809988e+01 8.666587490843207320e+01 9.495018932890678798e+01 9.867857344557127419e+01 9.867857344557127419e+01 1.069729298859954412e+02 1.049623276562544447e+02 8.836080136248496331e+01 1.049623276548449127e+02 1.112988973359558429e+02 1.030733711715913614e+02 1.112988973332193439e+02 1.051119905597474826e+02 9.433411407327761822e+01 1.109388620066414290e+02
9.308387235207098342e+01 1.012686107537270459e+02 1.100496550103836171e+02 1.214889261882816527e+02 1.357959656757192590e+02 1.243411148834885296e+02 1.162835932805965200e+02 1.088819239074026086e+02 9.526700500681158701e+01 8.160289404987413775e+01 8.304545127458052889e+01 8.532655623340390605e+01 7.793569376231798174e+01 5.822806445802311970e+01 7.793569375501928675e+01 8.322137054549834545e+01 8.132370951169642126e+01 7.492613121360052730e+01 6.673800501776210581e+01 6.224478289438681600e+01 4.230252293096975080e+01 6.227011910925249083e+01 7.263232666547693839e+01 6.683926119367578167e+01 8.666587490843207320e+01 1.055751249310068545e+02 9.721467359183229462e+01 1.055812119697539515e+02 9.668709253926017766e+01 7.721521348406446350e+01 9.668709253925746339e+01 1.017930815293863702e+02 8.441239008296622615e+01 9.983449173649943020e+01 8.624316735721627936e+01 8.386646582154303076e+01 1.025664219650572591e+02
7.375951225730456429e+01 8.228155492460884091e+01 9.346854877310515519e+01 1.132357019199832422e+02 1.276579971477706579e+02 1.081683993630179117e+02 9.680455098942670134e+01 8.944495271999103636e+01 8.333116889330263177e+01 8.870795206149217904e+01 6.930584775846651269e+01 6.583949002403522854e+01 6.258202589282127803e+01 6.971462423289301569e+01 8.597961114579979380e+01 9.293061250051893296e+01 7.895811602303371046e+01 6.686938090916984834e+01 4.685181833789253858e+01 4.474940307240581205e+01 4.278207705015255868e+01 5.462583306313084819e+01 5.281769906831078742e+01 6.683925247132785330e+01 8.666374290564588989e+01 9.544932151626831285e+01 7.693532260795969080e+01 9.545046974045099830e+01 8.980274367807238889e+01 7.033511574555724621e+01 8.980274367807238889e+01 9.374288061570415209e+01 7.555956842625890602e+01 8.404055819535936678e+01 7.364965887830153690e+01 9.176999724949180859e+01 1.041253679419661893e+02
9.308387235206954813e+01 1.012686107537270459e+02 1.036402411951886222e+02 1.119040954113109052e+02 1.105053373970069686e+02 1.127698556484437944e+02 1.162835888710500569e+02 1.088819238601182349e+02 9.441967174791045636e+01 7.508252862345817391e+01 8.870795206540167044e+01 7.714970704261841661e+01 7.246761353704621911e+01 8.916588358540640513e+01 9.720079259893563517e+01 8.304891947708333078e+01 6.498562314009271290e+01 5.074322783746971055e+01 6.686938090916984834e+01 6.424488246047556572e+01 6.274191564924321085e+01 4.346551005038237747e+01 6.333299954904375539e+01 8.033316443438469889e+01 8.532905626462103044e+01 7.695241507496649547e+01 6.682336963437336408e+01 8.707474489136173190e+01 8.393303300440010162e+01 6.436160090015009416e+01 7.625648575759069558e+01 8.416624676672256555e+01 8.389866145644242579e+01 6.579841602879339746e+01 8.401911000419396203e+01 9.831751830835415262e+01 8.545214627971482457e+01
9.063319488246344235e+01 9.374873050106168648e+01 8.395804247615720328e+01 1.004961728396494465e+02 9.087830160486193165e+01 1.075675924684109077e+02 1.192766186921508336e+02 9.992046804071549104e+01 8.624280438413710215e+01 8.624280424804356926e+01 1.024563404461893583e+02 9.083149810865316454e+01 8.619405885689884883e+01 9.992110343110414306e+01 8.735833017119342969e+01 7.485247630698128773e+01 5.499925377986022568e+01 7.075716249635181043e+01 7.895795596069963551e+01 7.265063080805616380e+01 6.283455650178269281e+01 4.394792957155018343e+01 6.311643399406082011e+01 7.290680511016398668e+01 7.671887562128809179e+01 5.670661530670655281e+01 6.971779270893863156e+01 6.919658757326658360e+01 6.980802871967441092e+01 7.055422145242508236e+01 5.647868214366248196e+01 7.194379746260517550e+01 7.499976203305736533e+01 6.159891433757559298e+01 7.243413703606790932e+01 9.056358579371517692e+01 8.545214627948358554e+01
7.117509604294014025e+01 7.425666991561725183e+01 7.281142938915766649e+01 8.810196672744785928e+01 7.979001214758841343e+01 9.929986359327180878e+01 1.089376510600808672e+02 1.136451912054581470e+02 9.992048092371211965e+01 1.055894638092500060e+02 1.136418302804019902e+02 1.101724554679208836e+02 1.055856185124870592e+02 9.193341603982526067e+01 7.915854546938300018e+01 5.942516021871112031e+01 7.485247630698128773e+01 8.304891972542844769e+01 7.303647285099073372e+01 5.246051273717728947e+01 4.667195010914890219e+01 4.442911853843400394e+01 6.436768983531381139e+01 5.174032508532189922e+01 7.050329213879878409e+01 6.506287297535199343e+01 4.838755762511712533e+01 4.913513093370400497e+01 4.988668623327367158e+01 5.064811301329439885e+01 5.141301286161552042e+01 5.218937495244014002e+01 5.602222856149416685e+01 7.352097606753289938e+01 7.473323781346685735e+01 7.553725520391958526e+01 7.632840964721165733e+01
5.750562929022283498e+01 6.064003370908135082e+01 6.467558721887331785e+01 6.876318267373991944e+01 7.426384621959367394e+01 8.102175341458428193e+01 9.483160853148731917e+01 1.147316847711617385e+02 1.192784142436076280e+02 1.173971736447595333e+02 1.090019334990425506e+02 1.027628560311051160e+02 9.674373402544939893e+01 8.372037120091739837e+01 6.409866163177343878e+01 7.915854546938300018e+01 8.735833017119327337e+01 8.196276473473058388e+01 6.200296929118141520e+01 7.297706966128963302e+01 6.706465046283818765e+01 5.187787073071101673e+01 4.511097843302314914e+01 4.560490678529435371e+01 6.330036916402588076e+01 4.734318756317020416e+01 6.337548068105365928e+01 6.858062900896212000e+01 5.573135478705597734e+01 7.054858295642624455e+01 7.130763771747363933e+01 7.073101973869320602e+01 5.331601671454443903e+01 5.411608843016269788e+01 5.492249730412513031e+01 5.573288514559330054e+01 5.654701829372634592e+01
7.687416639550079367e+01 7.174753963726520567e+01 7.281142947624393003e+01 8.234888163445803855e+01 9.371806223016818649e+01 9.371958908354640982e+01 9.483168655299627403e+01 1.147395861769176832e+02 1.231803744522658093e+02 1.031282608628805946e+02 8.927207426810353752e+01 8.316762800902957053e+01 8.860193869597704008e+01 6.907503758121453075e+01 8.372037120091739837e+01 9.193341603982526067e+01 9.263238243765690072e+01 7.267135549155277374e+01 8.196276473473058388e+01 8.200512220272754860e+01 6.225005908462885884e+01 4.812404798973791031e+01 6.505324610613472203e+01 6.554658295953034042e+01 4.630244360916940849e+01 5.238909707839464858e+01 7.137505562234278500e+01 7.637239100857733831e+01 7.565108166407266310e+01 6.528090169095828799e+01 8.506493817639852750e+01 8.300015994457599788e+01 7.540430089954165283e+01 6.314654300270130705e+01 7.475025394889138397e+01 7.553563091052703271e+01 6.178458452707897663e+01
8.258796811282341821e+01 8.542102326537941792e+01 8.395804330622944178e+01 1.004977101286490893e+02 1.102634069960412546e+02 1.135706496199915847e+02 1.147404366647572402e+02 1.230920806991177869e+02 1.231824258482531462e+02 1.031282698701054841e+02 1.090019334990425506e+02 9.476319545954100931e+01 7.527064198198254985e+01 7.560161703563780122e+01 9.503602786095883914e+01 1.067417643639946050e+02 8.678808508706586622e+01 9.263238243765690072e+01 9.550848731005990544e+01 8.156214970009628473e+01 7.020983927905423627e+01 5.028906282180652454e+01 7.020207777414394457e+01 7.243676205859406991e+01 6.585147616369079060e+01 4.724109589129663078e+01 6.284815184324908444e+01 8.407542142120303197e+01 9.229445236043571299e+01 7.935672340550017623e+01 7.930661312228939153e+01 9.795592827814742520e+01 9.264292972612392418e+01 7.491430552390583841e+01 8.814147947656891802e+01 6.950039996907327122e+01 8.091198113899444877e+01
