MOVIE_S3_data/elevation_000551.asc
nrows	100
cellsize	150.0
xllcorner	0
ncols	100
yllcorner	0
NODATA_value	-9999
[rows 17 to 33 of 100, columns 37 to 73 of 100]
5.625948049280611230e+01 6.132783342241885549e+01 6.847882761421342934e+01 7.710418439192395113e+01 8.751746835176898287e+01 9.829402355017177229e+01 7.836415450876347677e+01 7.618960037428439591e+01 8.802173232815394499e+01 6.819618097376418575e+01 8.802173232815394499e+01 8.582316849814939985e+01 7.753237253742730672e+01 7.909688423351416020e+01 6.492283248091911219e+01 5.334104200821412434e+01 3.326861116045911615e+01 5.012803652634429596e+01 3.189490463479548410e+01 2.930954854232803797e+01 3.826906313889536904e+01 5.450716383231244322e+01 5.811828221474767275e+01 5.549910237411247493e+01 3.892382509532017565e+01 5.335851018289474723e+01 5.388278291064037973e+01 3.626487058954103304e+01 3.509927932938433770e+01 3.561586123159059269e+01 3.676163031931808689e+01 5.670018934425517898e+01 6.568864976109981058e+01 5.934924462644881515e+01 5.952546442177593633e+01 5.919504205360136950e+01 6.970569763225206827e+01
6.560167563972176197e+01 6.716642093534676405e+01 6.850582175406835006e+01 7.688957322480122514e+01 7.779970942101940068e+01 8.612996079780695879e+01 9.829402355017177229e+01 9.610042536792757062e+01 9.627748850730137065e+01 8.218686172046452043e+01 9.627748850730137065e+01 9.020842616483038512e+01 7.012326592504578571e+01 6.834419273214327006e+01 5.074878036063200426e+01 3.651152516577266738e+01 4.746086099747403608e+01 6.126573229368568008e+01 5.647940915633238035e+01 4.944224646102813381e+01 3.000468632503597988e+01 5.016208735002266650e+01 3.139140062918649932e+01 3.767641233397875311e+01 3.371885316593353821e+01 3.333435598254664001e+01 3.385070266668785877e+01 3.436720158296675010e+01 5.440858877579786679e+01 3.914410262754437042e+01 5.515744532831721614e+01 3.840981386947572673e+01 5.741817900919405560e+01 6.779103455958083657e+01 7.804714272464414648e+01 7.819518362098712316e+01 7.718491957859271224e+01
4.873139262926617477e+01 4.638605895333439832e+01 4.769998706469606731e+01 6.095843046859878456e+01 5.717233494955160467e+01 7.255899486858747593e+01 7.945919079055997258e+01 8.794656604701461333e+01 9.832878715256821067e+01 1.020579044455715945e+02 9.184359755727739127e+01 8.035719847405533756e+01 7.012054589717402564e+01 5.001759923089931448e+01 3.991456508502579226e+01 5.662537174562294950e+01 6.492283252719164466e+01 7.582558401709228235e+01 6.369186720150590020e+01 4.250288467812551119e+01 3.022674013277387672e+01 3.066797331109233937e+01 4.312145582887939099e+01 3.208906482254276682e+01 3.259728548321155728e+01 5.262045730298198976e+01 5.383681989107601851e+01 4.631642886666006120e+01 4.553431897043367371e+01 6.364863894450244430e+01 6.569288138368636965e+01 5.835730173546139810e+01 4.009665322304780943e+01 5.019565288272190884e+01 6.410972640504111553e+01 8.373192978323257307e+01 8.545773588998834214e+01
2.795316416549714944e+01 3.164876477197546478e+01 3.560616464494014366e+01 4.003246119052404595e+01 4.564767192344600488e+01 5.175576005445162764e+01 5.881096817775834751e+01 6.926626417350263409e+01 8.976045434424501934e+01 9.955062574813493370e+01 8.360236604654608072e+01 6.370778082141097087e+01 5.207664029071591472e+01 4.684143357601148239e+01 4.288005083597219880e+01 6.302387998619860809e+01 7.624954720312594247e+01 8.409474449725324519e+01 6.369215561948540483e+01 5.935222152161956899e+01 3.842459714175116403e+01 4.495743443478194479e+01 4.867588419257607768e+01 5.209888139584685973e+01 3.390006635817214686e+01 5.382633301111038548e+01 6.433830735522906252e+01 6.355330796850135755e+01 5.943139963923689351e+01 6.176971853671290091e+01 7.508407589334773036e+01 5.546913754613992609e+01 4.131461795221601108e+01 6.121716547283512710e+01 7.109100197885420869e+01 7.705838059185656164e+01 8.527570923180493878e+01
4.873139151805886371e+01 5.247248606235471158e+01 5.649356749644509534e+01 5.218924519853842270e+01 6.654841473523359241e+01 7.255934876066669403e+01 7.945855441073717884e+01 8.793453809507657581e+01 9.815891677575093865e+01 9.132578593685910562e+01 7.157737657548221932e+01 6.159467249441293291e+01 7.211622098516492940e+01 6.694536871747902751e+01 4.898636805204151301e+01 4.786260817191495676e+01 6.797527669945419859e+01 8.150639491476057685e+01 7.037127755253690964e+01 4.978503215759518952e+01 5.936746143869910242e+01 6.509736541148846811e+01 6.720098900928633157e+01 6.178317185581385473e+01 5.382614649427854658e+01 3.587203833423934896e+01 5.617936275440809624e+01 7.495041652919576336e+01 7.911355826483540454e+01 7.579412556484065533e+01 7.509361331637744286e+01 5.546927889092998498e+01 6.121716547287152821e+01 4.308384540007358510e+01 6.292417206895870407e+01 5.750387732195819268e+01 7.129570527834341931e+01
5.167733135339819484e+01 6.120115217172691757e+01 7.073125290394474973e+01 7.293569631666598241e+01 8.130036295475250085e+01 8.730555631186430787e+01 7.896284252341014565e+01 8.730555631186430787e+01 9.739761376015364647e+01 9.955062574813493370e+01 8.148974614323984156e+01 7.567979370469893752e+01 7.849530388291755401e+01 5.852952854304488994e+01 6.908334712662463062e+01 6.797527669945419859e+01 5.319740362159991065e+01 7.323826464404315573e+01 7.868490638580995267e+01 6.186059765309708780e+01 7.868490636049780562e+01 7.629627650320134080e+01 6.808166968940595609e+01 6.416264317489198277e+01 5.786292621315647722e+01 3.754212144276618801e+01 4.790812853107651392e+01 6.135084450634298037e+01 8.025852001972799599e+01 9.569236752995965389e+01 8.330659524740548250e+01 7.509387935899404454e+01 6.768941393648498206e+01 4.804147101729063962e+01 4.492979317523596450e+01 6.469102685628465110e+01 7.463447426392966122e+01
3.395528021465219126e+01 4.093715090565531511e+01 5.520416545059374158e+01 7.732165301214591580e+01 8.659112459975840181e+01 7.727380645374222468e+01 5.891579364459029478e+01 6.894105218895649045e+01 8.659112459975840181e+01 9.374163422769304077e+01 1.013364572287335221e+02 9.551621211710781267e+01 8.677007555454004262e+01 6.750291463458661667e+01 8.677007555454004262e+01 7.715476210699655724e+01 5.718446511846074287e+01 7.715476210699655724e+01 9.029196246639183698e+01 8.199708249864927723e+01 8.200702978238470564e+01 6.231359666726135060e+01 4.848642345441881929e+01 4.444151719152299052e+01 4.033223005846763698e+01 5.786295030635819359e+01 4.651954350026641549e+01 6.624230054006778801e+01 8.429108576978364908e+01 9.418766638779301559e+01 8.894326845976293328e+01 6.931203101267043110e+01 5.555615617041522114e+01 6.768941393648498206e+01 6.469102685628465110e+01 4.680171656850853878e+01 6.075315095195526283e+01
5.320609008277177310e+01 6.120115217172691757e+01 7.073125290394474973e+01 8.268852707592397167e+01 7.824247703885484384e+01 5.817451268788731511e+01 4.890399610731360980e+01 5.817451268788731511e+01 7.824247703885484384e+01 7.359744453460912439e+01 8.785168029012146462e+01 9.914041414853170409e+01 9.568066149587239977e+01 8.154317149791164354e+01 9.568066149587239977e+01 8.130226345834324775e+01 6.141154573457274779e+01 8.130226345834297774e+01 9.952420259899902533e+01 8.841989435882787518e+01 6.865342410885436664e+01 5.483608462114173676e+01 6.808159096948126887e+01 6.234606082340963695e+01 4.253420371910142705e+01 6.234880367042965332e+01 6.624230876795078871e+01 5.644144924816212239e+01 6.619591021611547887e+01 8.589042636737353575e+01 8.552243476952351386e+01 6.595254248579561818e+01 6.931203101267043110e+01 7.506188733784055955e+01 7.463453100119454575e+01 6.075315345345764939e+01 4.868858418477383054e+01
5.758229823526595226e+01 6.592568845649387299e+01 7.681895621389091389e+01 6.259372442050026564e+01 7.492449814149721021e+01 6.185702024171213509e+01 4.178035496227356305e+01 6.093758170725806167e+01 6.531221149565133999e+01 5.943645558919782701e+01 7.066434137193239451e+01 8.069030863660921682e+01 1.008703546579511823e+02 1.014998031992859495e+02 1.012363985704996736e+02 8.130226345834319090e+01 6.775063710888512958e+01 7.138277640205166108e+01 9.122175051463491968e+01 9.337632299973132888e+01 7.354978374043054146e+01 5.970078031000809915e+01 7.822220880108864094e+01 5.858753697293724372e+01 4.467936665305101229e+01 6.434562391690172944e+01 7.526222866927408006e+01 7.604316828963602859e+01 8.429108576978364908e+01 9.418766721203644465e+01 9.378789942846853478e+01 7.565049885357703374e+01 8.894326845976293328e+01 9.478556084326339715e+01 8.847768039120579431e+01 7.643796018779381996e+01 6.828646524333055368e+01
3.734732282124797820e+01 5.425700641637551769e+01 6.847935585166824524e+01 4.840577155033770396e+01 5.578362229562304009e+01 4.650953342538267066e+01 3.670904277681307804e+01 4.085352209703206228e+01 4.526513931071418995e+01 5.063850502296964606e+01 6.063837410725557930e+01 8.069030863660921682e+01 1.006887905156126664e+02 1.123956500263159626e+02 9.231689622157306019e+01 7.831415234352166976e+01 8.173181680047133568e+01 8.125783879135254040e+01 9.952420260013207098e+01 8.777788944766341217e+01 6.802878412221232907e+01 7.354973992212637768e+01 7.827155802190202394e+01 5.858866490898808621e+01 6.434056010170552042e+01 4.772548873732251451e+01 6.587995852618776382e+01 6.663133675292773717e+01 8.038930804239512895e+01 1.001253174971824365e+02 1.037075731903688762e+02 9.539437068547002241e+01 1.037075731903688762e+02 1.081437550155960565e+02 9.981813329337579432e+01 8.546597290193319907e+01 7.550987158892814932e+01
2.434783781595649543e+01 4.589957515095656504e+01 5.661975280646978348e+01 4.839741434719660163e+01 3.565498658102287521e+01 3.223346161898927420e+01 5.239223272087613736e+01 6.093758170725806167e+01 6.531221149565133999e+01 7.066434137193238030e+01 6.218451986851012947e+01 7.217896318107408149e+01 8.638960110972394091e+01 1.066270831827930579e+02 1.065216113013050432e+02 8.972290168689019652e+01 1.016631046704971055e+02 9.529418280257368679e+01 1.095144086957241427e+02 9.438808102040059111e+01 7.455750630196948237e+01 9.337268889334956157e+01 8.666179992695434464e+01 7.827842348220085000e+01 7.550718066746036072e+01 6.729598763529537564e+01 5.077735393205298209e+01 7.033507025418964531e+01 8.373169366403075742e+01 9.032638818013525395e+01 9.863895391855521666e+01 1.086337002123870974e+02 1.110252860688376302e+02 9.112741642731027980e+01 8.044127065443086622e+01 7.742713163051293179e+01 5.878123532528154982e+01
2.289306483900431033e+01 4.318021951392331204e+01 4.404775998516786473e+01 2.946409876168146624e+01 2.805070614896978753e+01 4.818885725092177097e+01 6.072054438911119689e+01 6.774020149494162979e+01 7.175446721611076839e+01 7.601241354514550608e+01 8.224799277792941155e+01 8.925577083960030222e+01 8.094574177839160711e+01 8.925577804992154540e+01 9.822179518953382171e+01 1.097747903987731490e+02 1.181110066026878656e+02 1.154089517931624727e+02 1.085623644734670563e+02 8.851690057721990001e+01 8.851690057721990001e+01 1.027116296668581583e+02 1.018168443237309759e+02 9.032694164637544532e+01 8.205165574909506176e+01 7.276349406507047490e+01 5.318491537965213922e+01 5.839447590531357690e+01 6.401895724728899495e+01 7.054230463182149435e+01 8.036428868995646724e+01 1.002884876703141259e+02 1.050922070446256669e+02 8.534303661650176309e+01 7.226208682806765182e+01 6.541460981499646721e+01 7.742711497529811027e+01
2.357645598437864010e+01 2.344591236212501784e+01 2.383290697784653744e+01 2.421455260762871475e+01 4.433102402098150208e+01 5.301299674709427023e+01 6.133374141702665838e+01 4.699451287865183957e+01 5.113535469887343510e+01 5.559202050552279673e+01 6.635088220803568504e+01 7.146824799658750749e+01 6.084094157134464353e+01 6.986877543446202310e+01 8.401567734813167476e+01 1.041305802915946117e+02 1.063229792221343786e+02 1.147170520162576395e+02 1.169063600647436090e+02 1.085623644734670563e+02 1.085623644734557871e+02 1.069217665253772793e+02 9.349786960187191198e+01 7.367244714573783426e+01 6.235370213737201084e+01 5.845948231876513290e+01 5.640695282209356520e+01 7.603480231366582132e+01 8.373169366403075742e+01 9.032638818013525395e+01 9.863895391855521666e+01 1.086337002123870974e+02 1.110251548910489845e+02 9.112740732691683831e+01 7.835097479627960126e+01 8.399698132336780532e+01 8.029129340727028818e+01
2.731860297919029890e+01 4.368827597839276677e+01 3.352241169143241706e+01 4.242093834246465889e+01 2.474838449215919667e+01 4.416732870421486723e+01 4.768789962474561150e+01 3.209791976559962734e+01 3.601251783743163770e+01 4.047873144296171688e+01 4.552464261481297569e+01 5.099878492479930969e+01 6.297486613603727079e+01 8.307042338214097299e+01 9.822179518953095112e+01 1.029488119724355357e+02 8.589085155880584921e+01 1.029488119724525461e+02 1.076722032688217752e+02 1.160579860204927769e+02 1.128026230430664469e+02 9.269345849475277532e+01 7.869286536732484194e+01 6.887880801345635007e+01 8.205165574909506176e+01 7.811206477146497207e+01 7.603480231366582132e+01 6.119387597999527628e+01 8.088157999629711981e+01 9.429676218627929529e+01 1.026267516298721745e+02 1.126474301350347815e+02 1.176924934537905756e+02 9.762766590938315403e+01 9.762767196824509597e+01 8.536164930049540089e+01 6.639011751138872341e+01
4.749197303763940425e+01 5.558721145520187434e+01 5.387344633790275594e+01 4.441989038704249992e+01 3.623515238379523140e+01 2.527450679677821554e+01 2.546580953284614779e+01 4.704193220745407444e+01 5.633915948457927669e+01 6.157301515233371703e+01 6.635088220803568504e+01 7.146824799658750749e+01 7.978415635434650710e+01 9.138085119265110734e+01 1.083830868843502202e+02 9.452648485884843410e+01 7.430141225427881579e+01 9.452648485884843410e+01 8.724120521400836026e+01 1.042935845195737130e+02 1.117348853027101399e+02 9.163969008208590594e+01 7.765270525815103042e+01 8.279354415371736309e+01 9.694134504994268298e+01 8.931163633049534667e+01 6.954140178752075485e+01 8.088157998983244568e+01 6.754181714555780047e+01 7.447335623045621844e+01 8.430467124267225643e+01 1.042888531298974470e+02 1.168064066317462562e+02 1.053185183984013946e+02 9.076177716506651905e+01 7.166944271058798677e+01 8.536164930049540089e+01
4.586969931227403663e+01 6.598197563454132819e+01 7.150768519135033330e+01 5.552106253941163061e+01 5.304373639780025229e+01 4.473249894246448122e+01 2.576513615492660847e+01 3.647165621163403415e+01 5.126956323468811405e+01 6.271555895981911277e+01 6.954629957020168263e+01 6.956361483162297077e+01 8.875607880316387366e+01 1.041810917037027195e+02 9.404135890021925093e+01 7.969963648508172582e+01 6.731066839674667790e+01 8.505533325650927168e+01 7.563207176891185668e+01 8.989188603642556075e+01 1.103241617643540593e+02 1.050839805746252722e+02 8.508595266141513491e+01 1.027480407966835259e+02 1.019265740761454708e+02 8.198060616740320938e+01 7.935966752818478653e+01 9.429676218685094113e+01 7.447335623045621844e+01 8.728812979749142187e+01 1.026267516298721745e+02 1.126474301350347815e+02 1.084626632241158148e+02 8.866737996292330592e+01 7.770203108572526673e+01 8.250538585633655941e+01 9.898284674310345110e+01
6.053330633909376957e+01 7.432880237595226447e+01 8.419851209548043869e+01 7.108304569495945202e+01 5.009120566407831632e+01 3.470695045205401641e+01 2.615747582801468951e+01 3.084177610756046661e+01 4.879158429137156361e+01 4.523133541931230184e+01 5.156576553169927735e+01 6.402967283924266439e+01 8.292373264301394897e+01 8.766934465985721658e+01 7.561471108422527720e+01 6.558809133717149109e+01 6.071605484171045219e+01 6.503918093599259009e+01 8.505533325650927168e+01 1.025146783592428648e+02 1.116240786435559187e+02 1.134397301855072726e+02 9.655140261077482933e+01 1.134397301855072726e+02 1.019265740761454850e+02 1.019265740761454708e+02 9.077204727382903116e+01 1.026267519410440343e+02 8.430467124267225643e+01 1.026267519530321550e+02 1.156270343645782219e+02 1.225452691829732146e+02 1.047490218370522115e+02 8.507910745100116401e+01 9.703384666126952141e+01 1.020402174363807148e+02 1.103506132027038973e+02
