MOVIE_S3_data/elevation_000546.asc
nrows	100
cellsize	150.0
xllcorner	0
ncols	100
yllcorner	0
NODATA_value	-9999
[rows 0 to 16 of 100, columns 37 to 73 of 100]
4.496337833477775092e+01 5.388552787158349133e+01 6.607230087051679845e+01 5.830464343604183597e+01 5.674292035217239061e+01 6.053325939505988629e+01 6.796023647793968792e+01 7.374752039055994146e+01 7.222104849116813341e+01 6.186702185309255242e+01 5.733271060156404531e+01 5.400431102386584570e+01 6.131578815235654645e+01 6.974805296559209467e+01 8.159028283398217241e+01 9.345950481320365100e+01 1.016129300134272029e+02 9.330777108509947482e+01 8.515848975784652453e+01 9.330777108509947482e+01 9.193093583604353114e+01 8.378193612503319798e+01 8.218198341968620468e+01 8.304817256832380679e+01 9.119519361609694386e+01 9.321603122201744895e+01 8.914764862995656358e+01 9.730437367940179172e+01 1.060917742854934858e+02 1.174676871771116851e+02 1.244102847802327432e+02 1.161223650452398601e+02 1.244102847802327432e+02 1.238062001388480553e+02 1.155109330732635442e+02 1.184341244254464556e+02 1.101305732345002610e+02
2.563535286567493188e+01 4.558819829116884392e+01 5.048504129993970224e+01 3.899106171623726169e+01 3.692302294648231964e+01 3.843291386579832647e+01 5.667611312672745072e+01 5.588192783423940568e+01 5.466366152030086312e+01 3.697984424763398437e+01 3.793827812431054980e+01 3.352024624067545489e+01 4.063590824161438775e+01 5.258291339494589067e+01 7.324572871726708456e+01 7.384258760911498598e+01 9.027575781798169885e+01 8.349467311542044001e+01 6.555213860986776808e+01 8.349467311542044001e+01 8.059931935897755295e+01 6.417425750631764458e+01 6.256526432967520179e+01 6.345237674336771505e+01 7.544236042476535431e+01 7.361909498301669430e+01 6.957016080392277502e+01 7.830357365789987512e+01 8.960250523429789382e+01 1.092835406874129660e+02 1.143987140332750982e+02 9.609328651822222866e+01 1.143987140332750982e+02 1.155109330732635442e+02 9.552061233636702298e+01 1.013756417221099611e+02 9.021217156989325758e+01
3.106131139053035994e+01 4.331394940993526887e+01 2.922570033282524804e+01 3.390679022097535267e+01 2.253792461049805240e+01 4.272353898157421526e+01 4.840884376039853976e+01 4.833635503322000915e+01 3.328555900219557628e+01 2.478499541553125596e+01 2.470760072293820997e+01 4.484510352349628448e+01 6.131578815235654645e+01 6.974805296559209467e+01 7.080419422124691664e+01 6.251044149134607864e+01 8.213367275443057736e+01 7.535531418385716051e+01 5.570157488542154312e+01 7.535531418385716051e+01 7.180463429763304362e+01 5.278808316454939131e+01 4.859267685389781377e+01 5.206706933539039994e+01 5.582239021198630979e+01 5.977618325606839278e+01 6.957016080392277502e+01 8.085039046923252215e+01 9.471223748531940601e+01 1.144111454945845310e+02 1.061078257817308952e+02 8.626368534654557152e+01 1.061078257817308952e+02 1.155109330732635442e+02 9.552061233636702298e+01 8.166884141436467814e+01 7.899603254197265301e+01
3.148261761408391024e+01 3.484941577771466825e+01 1.579128453739412663e+01 1.381936162036708637e+01 3.356555800739204898e+01 4.130563697031271886e+01 3.822452824662580184e+01 3.871916608994014553e+01 1.929587377600015685e+01 1.726499370015625345e+01 2.765420877285995260e+01 4.560738040870349863e+01 5.884514363637139667e+01 7.080419489285128520e+01 5.112857523383373604e+01 7.080419489285128520e+01 8.268618052400928775e+01 6.305390817982430463e+01 4.907457429065690491e+01 6.074953579028863970e+01 5.944331271928338367e+01 4.387000434060292520e+01 6.366324602550378131e+01 7.173453457372814057e+01 7.544236042476515536e+01 7.361909498301669430e+01 6.957016080392277502e+01 8.085039046923252215e+01 1.004819140592631470e+02 1.127886236753413698e+02 9.949311230333583467e+01 7.979833115983034020e+01 9.949311230333583467e+01 1.127886236753413698e+02 1.096634062376074752e+02 9.208579577694808904e+01 7.257366378535286344e+01
1.205355546570622316e+01 3.204603023906313553e+01 1.321528011713328077e+01 3.326231685426447626e+01 1.444197593106347988e+01 2.470656288372386555e+01 3.493297451259032727e+01 3.553115427855573216e+01 1.662288806814840214e+01 3.462952514466646647e+01 1.790461270017925344e+01 2.941524876911829622e+01 5.012825475842004153e+01 6.458221764641186269e+01 4.486205256461987290e+01 6.458221764641186269e+01 7.751585756789123138e+01 6.930995313309645667e+01 6.071524415367423444e+01 4.089574867971705885e+01 3.957172638600102488e+01 4.667460183346097580e+01 5.556515685181798148e+01 6.692783008290930979e+01 8.653431003610528194e+01 9.321603122201744895e+01 8.339408679134132285e+01 8.914764862995656358e+01 1.086559429416828948e+02 1.045195336682488545e+02 8.474298014306366156e+01 7.420911964102555203e+01 8.474298014306366156e+01 1.045195336682488545e+02 1.019586249097400810e+02 8.224252222958577363e+01 6.851398677252063862e+01
1.306317161124182391e+01 1.263007056153530350e+01 2.352411847337291562e+01 3.949590627726772141e+01 2.976498899748748883e+01 1.507491193269561514e+01 1.552622198457697067e+01 1.597997840506751821e+01 3.583258802994271264e+01 3.810844738373524621e+01 1.835363046412879129e+01 3.234550821520664954e+01 5.202443242358690156e+01 5.208404670762439537e+01 3.937774709430471631e+01 5.911282792845866396e+01 6.589239997209054422e+01 4.937738590234134506e+01 5.398872714346076407e+01 3.566454448352162387e+01 5.561886275999587781e+01 6.642637780736691866e+01 7.456765640625701508e+01 8.335584300622737430e+01 9.468949543003839153e+01 9.563854788144155350e+01 1.030379756526935751e+02 1.088138702297886056e+02 1.116842488219944158e+02 1.034096555443495475e+02 8.837204533240111459e+01 6.881504417839326493e+01 8.837204533240111459e+01 1.006769031955593334e+02 1.021751938435088931e+02 8.433146753450118638e+01 6.479660730827019677e+01
2.498787069355735468e+01 3.268798841071615158e+01 1.801161868342612138e+01 3.799229901111267793e+01 2.507053343127770972e+01 3.540042627790884211e+01 3.590012409161801088e+01 1.626007278697447589e+01 4.144536860079974616e+01 1.972429640172609311e+01 1.879890346072739504e+01 3.853265265000570849e+01 4.563556361210980583e+01 3.217992790211897614e+01 5.208404670754878651e+01 6.543816507245756497e+01 5.498363121773502371e+01 3.774247737815684189e+01 5.058298100720590185e+01 3.326953236648387247e+01 5.325038197997317013e+01 6.139882746792265777e+01 6.552120030838216280e+01 6.981883375285781312e+01 7.602337895318775907e+01 7.602337895319931249e+01 9.216242215679858418e+01 1.019768640570037945e+02 1.034096555443495049e+02 8.359991088450895802e+01 8.420247867659900010e+01 6.464020600270163186e+01 7.280335182983145614e+01 8.485631804296308189e+01 9.279795448577722539e+01 7.363664044777182482e+01 6.129297651714120576e+01
4.507895100130625821e+01 3.601944236869803717e+01 2.192638405324414208e+01 4.191947792648041116e+01 4.524865486695010475e+01 3.649263926746495201e+01 5.163307512827129386e+01 3.929134065754551841e+01 4.121168266204715991e+01 3.006761073338632784e+01 1.924052267706554531e+01 3.903547966858587159e+01 2.576137479232089333e+01 4.538519086476517117e+01 5.776569290664343015e+01 5.303526551483107454e+01 3.015513602387110836e+01 2.877133533209600813e+01 3.057659141615821596e+01 5.056971143254401824e+01 3.798908807514627028e+01 4.156653986508264609e+01 4.575983625942554056e+01 5.012460318437508278e+01 5.640288427468171761e+01 6.443642587277055611e+01 7.421743037553791567e+01 9.381695785123575604e+01 1.008193408743364472e+02 8.104401431467337602e+01 6.980017697209449068e+01 6.364628015506018954e+01 5.896605874513138446e+01 7.141514604347061379e+01 8.096450403723299871e+01 7.265981602039909149e+01 5.806468137513997618e+01
6.452800762392165268e+01 4.620768986469240502e+01 2.612849247694477128e+01 4.034478307825530408e+01 6.103974417477711967e+01 4.649956927566250187e+01 6.525223344640291145e+01 6.262027288036527040e+01 5.388869308681035619e+01 4.514611285075817193e+01 3.903353305496312942e+01 1.986105881500368753e+01 3.965065143179179330e+01 3.441053675305162329e+01 4.750609651667507194e+01 4.376155829858726776e+01 2.630170024295761166e+01 4.622740800062079813e+01 4.219454353182438666e+01 5.871091975787565787e+01 4.802280923267903034e+01 6.140067106274513264e+01 5.308155288188895327e+01 6.981883375285781312e+01 6.001525441528725935e+01 7.133920322298490646e+01 9.093748819423181828e+01 1.019768640572820431e+02 1.090930512181081724e+02 9.764207985347164254e+01 8.940205076180231458e+01 7.486421263885122812e+01 5.530717620386096911e+01 7.067288819938565325e+01 7.336836190939723679e+01 5.371621639927389680e+01 7.336836190893384924e+01
6.578160371692281672e+01 4.550025915801236209e+01 3.124222552460217273e+01 4.250063254580558691e+01 6.270585960173457352e+01 6.100119762857094941e+01 7.549903833162872502e+01 6.887601832042872729e+01 5.486769733701556362e+01 4.309417758150725319e+01 2.326208078186355976e+01 2.580876537794843628e+01 2.049223965133009173e+01 2.093731036571270465e+01 3.553146121502977195e+01 2.390955135270848686e+01 4.376155828928081348e+01 5.442206492765058812e+01 6.203784242745795297e+01 7.015853945377236300e+01 6.776615294293860359e+01 6.776615294293834779e+01 6.295663507173893692e+01 8.093881849079400581e+01 7.133920322298490646e+01 8.776231253227670948e+01 9.909258195403086233e+01 1.050580138523434925e+02 9.696881404194392928e+01 1.034075230421814240e+02 8.369902985187384559e+01 8.304323190439602342e+01 7.067288732190633027e+01 5.104904253464805208e+01 6.660504645698560466e+01 5.081256650645211437e+01 6.220628344254417641e+01
6.570614962096649947e+01 4.549816163967922478e+01 3.834725271699127092e+01 5.860232382579659571e+01 7.111509035217098074e+01 8.168609164246429089e+01 6.989533062616780512e+01 5.856024341381681353e+01 4.085938921480817498e+01 2.673148164708462460e+01 4.309417767714553094e+01 4.595969282400306355e+01 3.238260362946555659e+01 4.071972671984326553e+01 2.156259710755441716e+01 4.134840441419721202e+01 5.195546509203212793e+01 5.776694626609693728e+01 6.373548491837100016e+01 7.070343485083215285e+01 7.887169396546194378e+01 8.740547729716170977e+01 7.683553731775069195e+01 9.082013723799175864e+01 9.093748819423244356e+01 9.909258195677514891e+01 9.386579448469267106e+01 8.581092720535578167e+01 7.764278713582467617e+01 9.386579441264545665e+01 8.369903006648308974e+01 6.420783864019173848e+01 6.991667519866786051e+01 6.384118747623476509e+01 4.691859543690162582e+01 6.660504645727802142e+01 7.864547943127472251e+01
7.404157570048381842e+01 6.569125735261323484e+01 4.739714737136672795e+01 6.702685332649895145e+01 8.291808361985074782e+01 7.156713823158160892e+01 6.181315043446419111e+01 4.206767980254753070e+01 3.046157760628242173e+01 4.667637067604714218e+01 5.486770376761843693e+01 6.027261716931962354e+01 5.197125386896232868e+01 4.180835632917331424e+01 2.201756544109431957e+01 4.180896800825282611e+01 4.996946127691641948e+01 3.788815994641794305e+01 4.394102160399496881e+01 5.100261611256343031e+01 6.240873396152051811e+01 8.204228700201105084e+01 9.659500434184043627e+01 8.974948495813414695e+01 8.551861482274836135e+01 9.360354335714063723e+01 8.269939314170187572e+01 6.651380894261454557e+01 6.651380894261454557e+01 8.581092720533001739e+01 8.369904391217586692e+01 6.420783865007248892e+01 5.040039051859886854e+01 4.413867784580483544e+01 6.290492048559750060e+01 7.190919944383908557e+01 8.271287854950891472e+01
7.406913582403801399e+01 7.615422412591584589e+01 6.173738426324365491e+01 7.625184989557243398e+01 7.478228005898333208e+01 5.511407386040099254e+01 4.362455643251232118e+01 3.461369275833082071e+01 5.045469808638669917e+01 4.682251664145645265e+01 6.661605216953124398e+01 5.861059450885847610e+01 3.812877193742376392e+01 2.607971560463946048e+01 2.246925062383464322e+01 4.198709890143529577e+01 3.003700830163382918e+01 4.996953629206448255e+01 6.373548491837100016e+01 7.070343485083215285e+01 7.887169396546194378e+01 9.025216760384461168e+01 8.966794873433059365e+01 6.919798523443731142e+01 6.443403593231688831e+01 8.134724449822647330e+01 7.381079800940585756e+01 5.527658347651912862e+01 6.710819607608630122e+01 7.517950255625562761e+01 8.947152388824332547e+01 6.991667700712034161e+01 6.457191521466941708e+01 4.227540641347518857e+01 5.298598663816651566e+01 5.506112541398687910e+01 7.415040608329442762e+01
5.495226210863292948e+01 7.406916122823164983e+01 8.221409674523998490e+01 8.657039975159310075e+01 6.695800501375995850e+01 5.302418685620253314e+01 4.410691449507626771e+01 5.457099992408748790e+01 3.975227913261554846e+01 5.961652288194188998e+01 7.476394767026968680e+01 6.676710014135375104e+01 5.507556171942517409e+01 4.667527837447275374e+01 4.093089369719650250e+01 2.310294858230440340e+01 4.292268814544395639e+01 5.175623185136191751e+01 6.047130285532140448e+01 6.862289292370128635e+01 6.459358245848598301e+01 7.291198521415569189e+01 8.400553346837372715e+01 7.291925487195355515e+01 5.275857519863357936e+01 7.292014232966980103e+01 8.269939311643992141e+01 6.710819607609380455e+01 4.745755715792951435e+01 6.710819607609877835e+01 8.189078171183383859e+01 7.719832887162563395e+01 5.914352981426171851e+01 5.819689325508128519e+01 3.966909970445280464e+01 5.946395099246456084e+01 7.303053904319060052e+01
5.852793631000599817e+01 7.051789851332520698e+01 7.869318472031706335e+01 9.230159404221483044e+01 7.270068823171141048e+01 6.390246425960712884e+01 6.390246425960712884e+01 6.329190986563360610e+01 4.349934522845665441e+01 5.753734659918344363e+01 7.718465454903169132e+01 7.897825994243862624e+01 5.930317402130447135e+01 5.043496011022254777e+01 3.052511499703524223e+01 4.144761560248906562e+01 2.373766048344176127e+01 4.353837279700134388e+01 4.060767505955163159e+01 5.382334036141584477e+01 4.462882871858244727e+01 5.612005238658129258e+01 7.599263629466976511e+01 6.646225204306739442e+01 4.644241640391252446e+01 6.646225786124958290e+01 7.498376777879080635e+01 6.249636060476733235e+01 4.256770425119728429e+01 5.422707451591185901e+01 7.379241547330857998e+01 6.871847693415001856e+01 5.794659866599459264e+01 4.584822403636233901e+01 3.786499324616111295e+01 6.231659580667916032e+01 6.175253562934933882e+01
5.417405497591899177e+01 5.050086119008395968e+01 6.692864747900620159e+01 7.512230986879404782e+01 8.507512640358503120e+01 8.354853414758780161e+01 8.094749106086950974e+01 6.148410867934002511e+01 4.751381764665518403e+01 6.724343673282076850e+01 8.377220987642803607e+01 7.322229193214960219e+01 5.353768660636210086e+01 3.947324487711605911e+01 4.464255262972517357e+01 5.142326123307196184e+01 4.358645627488849783e+01 2.437104927907326868e+01 4.420455532571875068e+01 3.391258885483683372e+01 5.389158572665832025e+01 7.226026574312943751e+01 7.678812755918924893e+01 5.553143562036760983e+01 4.087783847197892584e+01 6.086601395264062830e+01 6.087810673616348112e+01 4.697377065168498689e+01 3.829061070020576807e+01 5.835488915090007112e+01 7.537192135452943376e+01 5.974950767015635478e+01 4.172495698954716659e+01 3.532585112382022174e+01 5.498205261466935667e+01 6.134555645210613051e+01 4.204045521237034677e+01
3.412815138519655278e+01 4.013710775998666236e+01 4.684377809962271755e+01 5.693343301120996358e+01 7.692543497269741692e+01 9.038947452570936036e+01 7.075105687258547960e+01 5.686251030034738108e+01 6.724343673282076850e+01 5.597720945479351684e+01 7.561851945889478088e+01 7.322229193214960219e+01 5.353768660636210797e+01 5.930317402130446425e+01 6.441906879216168136e+01 5.741952144397671276e+01 4.624715707127543851e+01 2.640930764585143820e+01 2.502212049178449149e+01 4.491166565583911563e+01 5.257669771138142067e+01 6.401980201158116301e+01 6.887414351275529611e+01 5.595704232977935533e+01 3.598284285561074114e+01 4.945584300813544587e+01 4.987783659903071509e+01 3.330796839905987383e+01 5.279145208056002758e+01 6.618611768658139738e+01 6.049888199006497302e+01 4.778148635894535090e+01 3.446160490773842611e+01 5.416248493465252523e+01 3.624492510562333791e+01 5.411243472717223568e+01 5.766269927664875183e+01
