MOVIE_S3_data/elevation_000850.asc
nrows	100
cellsize	150.0
xllcorner	0
ncols	100
yllcorner	0
NODATA_value	-9999
[rows 17 to 33 of 100, columns 0 to 36 of 100]
4.336683913182175498e-01 2.043366839070692720e+01 2.362034849093027944e+01 1.867604062432756118e+00 1.714406262814084414e+01 1.162203379643098877e+01 2.856821741558987071e+01 2.428802316553190721e+01 2.950902320738053319e+01 4.226049124461938788e+01 6.189054845391552107e+01 7.360567528292504846e+01 6.749159009843921808e+01 4.963079499507889381e+01 6.749150663874647194e+01 6.718441588514806995e+01 4.851985032990354085e+01 5.403340200554352180e+01 4.801115279940906788e+01 4.777981161216069239e+01 2.667790910486550260e+01 1.196049197973966294e+01 2.771396843320024317e+01 3.520472556136152775e+01 3.697518912563334936e+01 2.582940552349017693e+01 4.047090445412099058e+01 3.718132576596725158e+01 5.042836103088932731e+01 4.979995762026979378e+01 5.200853825722403911e+01 7.096828926606819721e+01 8.115135426403118402e+01 6.150455666212865680e+01 4.149132385567923365e+01 6.044667718462274308e+01 5.455583508057603837e+01
5.385724909496417689e-01 2.053844803300364674e+01 2.351471567406318641e+01 2.175468350551797325e+00 1.910087443989939615e+01 2.675893487841351259e+01 1.765641077205023279e+01 2.678375206256750118e+01 4.470823819461332249e+01 5.620971917281307384e+01 6.436319341209868128e+01 5.509503829753550264e+01 5.509503829758638460e+01 4.389657271144603357e+01 6.202784833654280305e+01 6.764834566259442283e+01 4.854946968248306405e+01 3.404278705364541224e+01 2.795887779929772066e+01 3.964273344088138629e+01 3.393399262242113679e+01 1.163698830217425773e+01 2.159862401718588742e+01 3.430482618669392281e+01 2.792134137491301971e+01 4.049405205882797532e+01 4.875014694890874267e+01 5.694755863778542704e+01 6.519476720466840902e+01 6.996962840636601300e+01 7.216624498346455141e+01 8.036725992525316542e+01 7.834799528398515633e+01 6.216615542953779538e+01 4.222590645916363172e+01 6.225485829900175361e+01 7.466845357187732191e+01
8.336531950628578436e-02 1.965659030599568879e+01 5.227101274602573788e+00 2.482756334605085158e+00 1.996158242548026251e+01 2.451408846848626055e+01 3.261397778063566477e+01 4.219712144479196780e+01 5.282794176587587032e+01 6.436366623587521474e+01 4.570485359042912421e+01 4.912890669870395044e+01 3.638838181159086105e+01 5.509503829758638460e+01 6.974541152716618342e+01 7.088402836034356369e+01 5.325807570281113357e+01 5.396454374587847980e+01 4.029467279720905992e+01 2.086092327574823813e+01 3.273456592092701811e+01 2.717815640863813442e+01 1.118521052216778777e+01 1.241556242317570380e+01 1.450543194050061047e+01 4.233377274485379615e+01 3.474613866971432685e+01 4.349323473377570792e+01 5.287858596245619935e+01 6.455928743325195285e+01 8.437246748456564660e+01 8.650983054669428896e+01 6.466545624908195578e+01 5.005038370732783193e+01 4.296445944864508704e+01 6.300730813592141999e+01 7.432471682722407991e+01
4.524162703296725763e-01 2.045240888644992694e+01 2.702728324085358480e+01 1.282653033834938583e+01 2.918429026431312412e+00 4.936532235587664630e+00 2.715448656743095412e+01 4.553025146256887012e+01 5.360662674600239797e+01 6.131829473231697136e+01 4.912890667196376171e+01 2.959661693654172865e+01 4.912890669870386517e+01 6.281640216936563093e+01 6.606258945292627516e+01 5.822480250759099363e+01 6.520346666567370164e+01 5.257346630467110060e+01 3.640739759797492781e+01 3.152276568042319127e+01 1.558933786819039113e+01 1.941844607716703308e+01 1.087985253386186280e+01 3.868442786227926433e+01 4.233371977940187492e+01 1.991997303233330641e+01 4.637308701350107043e+01 6.399422802314352055e+01 7.218617762656910486e+01 8.107738615980562713e+01 9.239051614710932370e+01 8.365719235109928320e+01 6.409635458483329273e+01 6.350311736758742143e+01 4.371443314818871784e+01 6.362781350683162884e+01 5.726828060868720627e+01
4.402443450947634007e-01 2.044024434509440979e+01 3.357303401334733195e+01 2.314685337167352230e+01 2.051957321020797309e+01 3.356567989687321951e+00 1.527408163029314103e+01 3.596913742269594394e+01 3.570007421688996629e+01 4.793125444574502581e+01 3.997973533091563070e+01 2.505098325540808091e+01 4.534452192526522651e+01 6.179135376497040966e+01 4.304725836517083337e+01 3.359372876182948175e+01 5.254284923695109200e+01 5.318452258308949609e+01 3.534760567482812377e+01 2.877169810160036434e+01 2.656602786339572120e+01 1.046273610144654498e+01 2.412568104536992664e+01 4.357653882160686010e+01 4.921882512846507041e+01 2.459896165871528595e+01 4.921888593518057320e+01 6.160707767678547953e+01 6.797077186627772960e+01 7.506003991673556186e+01 8.322744727269513021e+01 9.166714858140220201e+01 8.354554264468852409e+01 7.193880362665724704e+01 6.376439702088757144e+01 4.479764117141107960e+01 6.484126699249569015e+01
4.237187090225543740e-01 1.562497868984248584e+01 3.659626586718886898e+01 3.406556347637136639e+01 2.090589687424046517e+01 3.667345374429462623e+00 1.182264857205942654e+01 2.061519777028571809e+01 3.898339153802817947e+01 3.996058899920057428e+01 1.850180894447789370e+01 3.467602344505323231e+01 4.264575903083535735e+01 4.295797601594833992e+01 4.243101522111870594e+01 1.950596335092323486e+01 4.265813992256715181e+01 4.609782753681619738e+01 3.943998479398911883e+01 2.002173812243377782e+01 2.107226665185576664e+01 1.018206165754902237e+01 3.396442634961550056e+01 5.282860099984799973e+01 5.240160500539690247e+01 2.995809722868052205e+01 3.409201235981204547e+01 4.117264386405649645e+01 4.783811305637306077e+01 5.499897643115954082e+01 6.664064297709656159e+01 8.652792903216456466e+01 9.700906439460077024e+01 8.162026575623508506e+01 6.620219000672035747e+01 5.869139429313539580e+01 4.590770020722720801e+01
9.142864485297492738e-01 1.505642505512271967e+01 3.505709924499980445e+01 3.399789820859478340e+01 1.526084896654117529e+01 3.978381901399878462e+00 2.229386752286969298e+01 2.978366922595945354e+01 3.648467296337253174e+01 3.875534353642346019e+01 3.154187987001106563e+01 1.230866283499444869e+01 2.073005488298132448e+01 3.014857848918772021e+01 2.936042577549551069e+01 8.060245478440410949e+00 2.921235256163377514e+01 2.328567966091349462e+01 2.949989128259802840e+01 2.929909964482589046e+01 9.790964535464052432e+00 2.393279828946033305e+01 2.646554307261148153e+01 4.760373633496087109e+01 5.543427398131527895e+01 3.445475291339816692e+01 5.540966826639955656e+01 4.497363396276949032e+01 6.528193118424673003e+01 7.506003991673556186e+01 8.322744727269513021e+01 9.457626612772324393e+01 8.860529840983444672e+01 6.816713056261670545e+01 5.846221994270430855e+01 5.144323743600253351e+01 4.671057952046935924e+01
9.064013007315497861e-01 2.090640130073119352e+01 3.786704652290671191e+01 2.932880983945168651e+01 6.552865930157736329e+00 4.288666149592394561e+00 2.400528826126361182e+01 1.155231042550738607e+01 2.181284122079080490e+01 3.065926303818500287e+01 1.544263779571690698e+01 2.701652114276486927e+01 6.987499832398770039e+00 7.301952203744490610e+00 7.616535997508225186e+00 1.024419914200071346e+01 8.500037849462190209e+00 8.806772456096519264e+00 9.106204528469870496e+00 9.395579869904789660e+00 2.253109093510344962e+01 3.483869779992210169e+01 4.646313448349212649e+01 5.557540576428404222e+01 5.844824602446527706e+01 3.820846573537919255e+01 5.844824602446527706e+01 6.528193118424198360e+01 5.680869674432387484e+01 7.103288067673447870e+01 9.088904162411441234e+01 1.025018264263820527e+02 8.348949997780397325e+01 7.565533667329049194e+01 5.872531444803080092e+01 6.685412388815332463e+01 4.753374280793618567e+01
3.063610709598194592e-01 1.029063082269646578e+01 2.910572480364279002e+01 3.375796063525187662e+01 1.908406392109061045e+01 1.073036049305353679e+01 4.726256147819845488e+00 9.741231758981326649e+00 2.030858403681717661e+01 2.309716664231797267e+01 6.230778583197237097e+00 6.544343941181666402e+00 1.305093251384631081e+01 1.280586406394451160e+01 2.441228705812030242e+01 2.682225579829853856e+01 2.232303830616170970e+01 2.731630444742113895e+01 2.816049421864451929e+01 1.039333952900667413e+01 1.241927440831278417e+01 3.262703013374886041e+01 3.704156437304779814e+01 5.804922692515749105e+01 6.152217207521082543e+01 4.157147260586435067e+01 6.152217207521082543e+01 7.437425523830614793e+01 7.684861556989049802e+01 7.683522457232835734e+01 9.651124457107884780e+01 9.678233530050555089e+01 7.798486322189502573e+01 6.595792990739339245e+01 7.499500561572426705e+01 5.836493197166704761e+01 4.836323095000820871e+01
2.739570439748240105e-02 2.002739570439712580e+01 3.786704652290671191e+01 4.411457748061658179e+01 3.352247001933355364e+01 1.678991693045003686e+01 1.980803286503333993e+01 5.164635206117197619e+00 5.475599418361748683e+00 5.787626859252907430e+00 1.231954892581145167e+01 2.333878952209215640e+01 1.396327806726370291e+01 3.003121830786009738e+01 2.064684673376873647e+01 3.663970248184092782e+01 4.064543904281249809e+01 3.549269775631215396e+01 1.654553656714807630e+01 3.035635167419809832e+01 3.293536466725041834e+01 1.620684348029478627e+01 3.704881698297350567e+01 5.043482901682058639e+01 6.974649176622193636e+01 6.152217176490172790e+01 4.623183682956297247e+01 6.613652126548491594e+01 7.657216750191999211e+01 8.260333537291850803e+01 9.080872246725657249e+01 9.902645470240616987e+01 8.004057106176603043e+01 7.872423260251615318e+01 8.621012921482261504e+01 7.533372110373711905e+01 6.824357448891848321e+01
1.758338105654860817e-01 2.017583381056513048e+01 3.411778506018026746e+01 4.221327119463719413e+01 4.253929800331818001e+01 2.961588831532802502e+01 3.270818439549929479e+01 1.533188208761170124e+01 2.667128195834365556e+01 2.624136854466291169e+01 1.134759545350398113e+01 1.741626376083495487e+01 3.038657360658932660e+01 3.970212084152245069e+01 3.715840146673386357e+01 2.900230074498918498e+01 4.524432582339326814e+01 3.320130911286924658e+01 3.684352013839017559e+01 2.482228629114912977e+01 4.436880892320165515e+01 3.666457044534498522e+01 2.032448000833833390e+01 4.075668861887756123e+01 5.562646804369746434e+01 6.685666119190688050e+01 6.613652126548491594e+01 5.111921299617593206e+01 5.659771210961719845e+01 6.262711923247812962e+01 7.674808493829088718e+01 9.637748762954734616e+01 9.903613661705828974e+01 9.945786659152246045e+01 9.503544009796956971e+01 8.711786042282049891e+01 7.654607634434458419e+01
4.683972685643240652e-01 7.135041768712437893e+00 1.420575445877149079e+01 2.572290890871505553e+01 4.498966391284316302e+01 4.811543040417605255e+01 4.507350829015711469e+01 3.679840922206049214e+01 3.326787242658200938e+01 4.014185469782495375e+01 3.070070463240767111e+01 2.483495998836310648e+01 2.900280004278429757e+01 4.660066981702902922e+01 5.291942835313275850e+01 3.678899153837939195e+01 5.289124950595155639e+01 4.683436028952250751e+01 5.202028535727810521e+01 3.111699118533236685e+01 5.202057365680744994e+01 4.146264977107545491e+01 4.150065651103309250e+01 2.478492260141128511e+01 3.536794461901277487e+01 5.759609374798830572e+01 7.555424922466032456e+01 5.573850959972107688e+01 7.555424922465986981e+01 8.260649845318371831e+01 7.528272034983692151e+01 9.524441490160208446e+01 1.084373957529930692e+02 8.950196189241114553e+01 7.613074835792613726e+01 7.943030549038580546e+01 6.056358077635272963e+01
2.051881798473268459e-01 2.020518817984697080e+01 3.411778506018026746e+01 4.221327119463719413e+01 5.300555779015788005e+01 5.172142489087487860e+01 4.348605592565473899e+01 5.137525025924193045e+01 5.052142185339061342e+01 5.770455268092718626e+01 5.326093268044932216e+01 4.426395754849180975e+01 4.701960581565011665e+01 5.547693579108796058e+01 6.174212425391161219e+01 5.384934084030972201e+01 6.174245609688141911e+01 6.492375429784907226e+01 6.027458488218361765e+01 3.968787411672447973e+01 6.027560538961267866e+01 6.291718193261009873e+01 5.029023690655942858e+01 2.819359049888932844e+01 4.979416420860643910e+01 6.704453844883425973e+01 8.045525504319209631e+01 6.078584651987212339e+01 8.037758357557220279e+01 9.665938643034196787e+01 8.932848398042621341e+01 1.034648868649752416e+02 1.138403802808290379e+02 9.502471926817989356e+01 8.431822319416831135e+01 6.547537536868820496e+01 7.490453973994537762e+01
8.187695587851057111e-01 2.080664690026066310e+01 3.668599136921800863e+01 4.485267807663805684e+01 5.004828076677779336e+01 4.021563451018817403e+01 2.353859669309106550e+01 4.149910935694678216e+01 4.987352751369668624e+01 5.793522490902604005e+01 6.399828906912353688e+01 5.909155064055384088e+01 5.136157325794045647e+01 5.500402936735517301e+01 5.878853266078121464e+01 6.292604476398619084e+01 6.738434372278757678e+01 7.244408491644556136e+01 5.466695818625035486e+01 6.277895837960885927e+01 7.124466378210077266e+01 7.074691233847245542e+01 5.459821402964985992e+01 3.176232359214331780e+01 4.240837838875375354e+01 6.141997353542221560e+01 8.721664441828659164e+01 7.363841328327414715e+01 6.954389408771554315e+01 8.091276592494017450e+01 1.005867321712222662e+02 1.171144634359838221e+02 1.107806000108474080e+02 1.024585068831597567e+02 8.836948236624088793e+01 6.958914615709382190e+01 8.317908127188667322e+01
2.311624522989861319e-01 2.023116245229862997e+01 1.655863421053729212e+01 3.601661719812893381e+01 3.829314749683251762e+01 2.374814926691252026e+01 1.364526243359565250e+01 3.335787631851545854e+01 3.038470802272979299e+01 4.991201499945175613e+01 4.064529313899559781e+01 4.451796508575969114e+01 3.271921256088484142e+01 3.680943873417990631e+01 4.109173641559296186e+01 4.577573893258590232e+01 5.119833706173206167e+01 6.265734075341928389e+01 6.739879560588232721e+01 7.676593324992880696e+01 7.459879742259795421e+01 6.063176452645905812e+01 3.766689032604735132e+01 5.483409158360294811e+01 6.556679564575546237e+01 7.918917168514495586e+01 9.861314448116019094e+01 9.248838678790065160e+01 7.938779237152887447e+01 9.737705935986291195e+01 1.087623683442741225e+02 1.163632265102575616e+02 9.748202592910470798e+01 8.428130248309652472e+01 7.607366478372294694e+01 8.836754863883855649e+01 9.562555209944389389e+01
9.845726073866658545e-01 2.389690487172396516e+00 2.150242760133771469e+01 2.634684764790117129e+01 2.808410239149381482e+01 1.090880320790528835e+01 3.069021747759292396e+01 1.648184808355160769e+01 3.611601244086529761e+01 4.101205263680911628e+01 2.481876690855887446e+01 2.718588205558356563e+01 4.637381915781202224e+01 5.500343408010410684e+01 5.241991236163595858e+01 6.292605417436980986e+01 6.241711998587196319e+01 6.094715017938681001e+01 7.615743566882144933e+01 8.249380551084780677e+01 6.956527714898105330e+01 4.664110599358213705e+01 6.168310174847727723e+01 4.778223678584157597e+01 5.872978047007407554e+01 7.424347185571332375e+01 1.012232576062410629e+02 1.073440715249350319e+02 9.911368897952208101e+01 1.072151319879410636e+02 1.176970593013829642e+02 1.122646358011680121e+02 1.109266653394365818e+02 1.007481128968253472e+02 8.264107184102864778e+01 9.613651534305033408e+01 1.039468166932527566e+02
3.295302290958179725e-02 2.003295302118242205e+01 4.795802698696481237e+00 6.508409859511879780e+00 8.238235640623333467e+00 2.808410239974754319e+01 3.886612921250574004e+01 1.648244015464742063e+01 1.941627647097333309e+01 2.153398747090628618e+01 3.841456627486417119e+01 4.591002836843925650e+01 3.153691779760608682e+01 4.796965929971869258e+01 6.828520355533417785e+01 7.671079352476124313e+01 7.903764172902050689e+01 7.937328355859258977e+01 7.452834323704425401e+01 8.855902684263386959e+01 7.990198444589350402e+01 5.458456567834372919e+01 8.017872715031219855e+01 6.328726742410832173e+01 8.429867453569499958e+01 9.604017858504563776e+01 1.108880886591477832e+02 1.108219760954800250e+02 1.011845349314016005e+02 8.988304267460755170e+01 1.038588098285070629e+02 9.212361123640312144e+01 1.064000152013523461e+02 1.074848527799916980e+02 9.023646905811730790e+01 1.074819970900963853e+02 1.133303403786849088e+02
