MOVIE_S3_data/elevation_000529.asc
nrows	100
cellsize	150.0
xllcorner	0
ncols	100
yllcorner	0
NODATA_value	-9999
[rows 68 to 84 of 100, columns 0 to 36 of 100]
2.958550950857541384e-02 1.417172113323965021e+01 3.417172113324035365e+01 4.623786422710573163e+01 5.452213547456792497e+01 6.427819099130704217e+01 5.314038935605380232e+01 3.185369758955028630e+01 5.314038935605380232e+01 6.027002680333550444e+01 4.835916613004867770e+01 2.927998617580562524e+01 2.252654363673774895e+01 4.224748712573609311e+01 5.716344497960223237e+01 6.860996394815781230e+01 6.512476659522093314e+01 4.538465211202844074e+01 3.362384875478358026e+01 4.906400974988886787e+01 4.518885363571881442e+01 5.479423562897737554e+01 4.141743629275307370e+01 6.121839914464236898e+01 7.660317313779619042e+01 8.799276357849642238e+01 8.154753467877810635e+01 6.170883746854644158e+01 8.154754897309582873e+01 7.757337818160254983e+01 5.798297520533566285e+01 7.258818596262061362e+01 6.874638995418487752e+01 5.604524631429503501e+01 6.395351330843601545e+01 7.810477953230734727e+01 8.099422355104336191e+01
9.835479489548564214e-01 2.098354794895450226e+01 2.990793260855056701e+01 2.623786422710502464e+01 4.330355574075338865e+01 5.158782698821558199e+01 6.164359116936740435e+01 4.425767937867310309e+01 6.164359116936740435e+01 6.214592886036326291e+01 4.264850202593245854e+01 4.213099985460533503e+01 4.224748712573609311e+01 2.891460286685391878e+01 4.047349112462477194e+01 6.041901246311517326e+01 7.333294015176439018e+01 5.723713864902956061e+01 3.732714987401976003e+01 5.723713864902956061e+01 6.503005910936796852e+01 6.942084815824890143e+01 6.121830442390976401e+01 4.873186043264666978e+01 6.005613099673446698e+01 7.978420249348182836e+01 8.818844123288168646e+01 6.826576445352397116e+01 8.818844123288168646e+01 8.338636912260407996e+01 6.324956831289236447e+01 8.338636912260407996e+01 8.230391381391859795e+01 6.248478401417679606e+01 8.230106755070028157e+01 7.644923190527660495e+01 9.642909891692121960e+01
5.722010782348829760e-02 4.907932608550169107e+00 9.907932608550211739e+00 1.623248792888708181e+01 2.330355574075268166e+01 3.485056112454560662e+01 5.485056112454631005e+01 6.527439683960535888e+01 7.363809604755400073e+01 7.039770745834456989e+01 6.214592886036326291e+01 6.199978950077991158e+01 4.891426449833165435e+01 4.891426449833164725e+01 3.785822993706651829e+01 5.785798332928752785e+01 7.218398019309225333e+01 5.260399984074921065e+01 4.119223260871987691e+01 6.088285061416853949e+01 7.597991677420652934e+01 8.730988589287980517e+01 6.839690245215685138e+01 6.840024147750921202e+01 5.921475235404846416e+01 7.895002672248273257e+01 9.645848646460912335e+01 7.819716381861985610e+01 9.645848646460912335e+01 9.021010510953118455e+01 6.973888506162363399e+01 9.021010510953118455e+01 9.060436720556245405e+01 7.231493808450443339e+01 9.060436720556245405e+01 9.057131012619407784e+01 1.046864785410145799e+02
9.757004629446797139e-02 2.009757004629411270e+01 2.990793260855056701e+01 3.623248792888778524e+01 4.330355574075338865e+01 5.158782698821558199e+01 6.313483237200851050e+01 6.632227375460247742e+01 6.047007980878610311e+01 6.482753281344886886e+01 6.701365238762289778e+01 7.529319661102174166e+01 6.886540421253714328e+01 6.488833215290163992e+01 4.500352558724382845e+01 6.488833215290163992e+01 8.036773462473711049e+01 6.768436694929373232e+01 4.824258291303997481e+01 4.824552124611753356e+01 5.948952678293718321e+01 7.913275626217112801e+01 8.818014408608782162e+01 7.894873384707311459e+01 7.312889235568896140e+01 8.721481028321659323e+01 1.064459354577016938e+02 9.817971864714365893e+01 1.064459354577016938e+02 9.856189616551336030e+01 8.001641637424498299e+01 9.855894811939538158e+01 1.006070653793718606e+02 9.229291221217899022e+01 1.006076394565645131e+02 1.105710520610118834e+02 1.010512192890184195e+02
4.225409065741109194e-01 1.456467653030518683e+01 3.456467653030588849e+01 4.172007470981314015e+01 4.172221874872224134e+01 4.995646301075382922e+01 5.192311437924646356e+01 4.635157297000389320e+01 4.050363428785395570e+01 4.485803457202283084e+01 4.704212087596305736e+01 6.139773712321944288e+01 6.967682039820881812e+01 7.317610173083174629e+01 5.650456379183536626e+01 7.317610173083174629e+01 8.150139472394367601e+01 6.196322557896432670e+01 6.173849231253337422e+01 6.779371233823518139e+01 5.695206678837566017e+01 7.076729843042514290e+01 9.055977662224528046e+01 9.884730537522089833e+01 9.300630261562713486e+01 9.679721534288670171e+01 8.853992422725762879e+01 8.965115675635809112e+01 9.790170999787198980e+01 1.087048768667562086e+02 1.004037566022122832e+02 1.087044699321183714e+02 9.612582823971629864e+01 8.772635365759850856e+01 9.612582823971629864e+01 9.685043643449569117e+01 8.845117640291965699e+01
8.169748314230130815e-01 2.081697483142265881e+01 2.528648571236931630e+01 2.175400221753389474e+01 2.175401735653723279e+01 4.172111162144670971e+01 3.195718905606037552e+01 4.081517436928738363e+01 2.638982275360154262e+01 3.074816331147511761e+01 3.590096429986255799e+01 4.143292117796588769e+01 5.554515816316429522e+01 7.552711262344415388e+01 7.634077271356245831e+01 8.467776155422950524e+01 8.972092640405394093e+01 8.150139472394367601e+01 7.942432884155324757e+01 8.401895110314173110e+01 6.429753169962982895e+01 8.401895110314173110e+01 9.789673562082212754e+01 8.964030314353198037e+01 8.911497157595508156e+01 8.079655358760918205e+01 6.805289120534867209e+01 6.919212698459013211e+01 8.376155845190329785e+01 1.038699048599026185e+02 1.001468756713749855e+02 9.158453653457118548e+01 8.319889123348458781e+01 6.764036733023941395e+01 8.605469695255858653e+01 8.521927633080007070e+01 6.836002906382456956e+01
7.482281904641915338e-01 3.012782257883100723e+00 5.291993770453657042e+00 7.616946373798821668e+00 2.760744258145956564e+01 3.368484496574405540e+01 1.783246608686240009e+01 2.084698373646024194e+01 2.600737326800236460e+01 4.596937068483729405e+01 5.586049346200306331e+01 6.139773712321944288e+01 5.209795177604473082e+01 6.622173389147815215e+01 8.621277193006847028e+01 9.136025259331218251e+01 8.257401899580348470e+01 8.071571177714248790e+01 8.959226975462607356e+01 9.228204137256035722e+01 7.819681726183281967e+01 9.228204137256035722e+01 8.964030314353198037e+01 6.921165921742702665e+01 7.519507049293774514e+01 6.020467499729688399e+01 5.606454292408974283e+01 6.644844023891073448e+01 8.106749686495381013e+01 1.012370430032741098e+02 8.895446491726345073e+01 7.164878000110493872e+01 6.319340804611006490e+01 5.776765385478610426e+01 7.768336049391889730e+01 7.628022469495317637e+01 5.695151303966971312e+01
6.697973685351282791e-01 2.066979736853477334e+01 2.528648571236931630e+01 2.760784702268298929e+01 1.112516621785329463e+01 1.370712608014785872e+01 3.368489228979584027e+01 4.081483333242654510e+01 4.596934202102331568e+01 3.415773153323518585e+01 4.826813105293991413e+01 6.824162697982160353e+01 7.207697337002298354e+01 6.840843211604475016e+01 8.840011005057650095e+01 8.257401899537620693e+01 6.079909509560989278e+01 5.809276837725212772e+01 7.607967514277284238e+01 8.959933696104594958e+01 9.807630555538165140e+01 9.283179445689758325e+01 8.454195705745141254e+01 7.519507049293774514e+01 5.461406552482877430e+01 4.836099580951685084e+01 6.890782694037227429e+01 8.506239415319774366e+01 9.524270359094516891e+01 9.483609162426608918e+01 7.467113605533147336e+01 6.061200988101062137e+01 5.185396244556969236e+01 5.039076177440080784e+01 7.015593092945275089e+01 6.268195914478927477e+01 4.823336395983005787e+01
9.239707316362346656e-01 1.506610635536731024e+01 3.506610635536801368e+01 3.110916222515310636e+01 2.525846957856989050e+01 3.368489228979595396e+01 2.312054660444191612e+01 4.296154254948159235e+01 6.239382751548445327e+01 5.411823256592169429e+01 4.482267650511803936e+01 5.634694936353185568e+01 7.632960216289193056e+01 8.840011005057650095e+01 8.676845849626445784e+01 8.141139403836974964e+01 5.988781544993506856e+01 4.553836917897066883e+01 5.907104426398182540e+01 7.433519134570688891e+01 8.794229971994910500e+01 8.454195705745141254e+01 6.410162891098728721e+01 7.008846241540830135e+01 6.419406059777259088e+01 4.382547768112586795e+01 6.419406059777259088e+01 8.062684983237166136e+01 8.771029964959086556e+01 9.598500676006709398e+01 8.895446491726345073e+01 7.999346393443936165e+01 6.356754121110205347e+01 4.398000096509214529e+01 5.779148963874858680e+01 4.312008112062655840e+01 6.268195914478927477e+01
7.344999525375345284e-01 1.487663557626861000e+01 3.487663557626931521e+01 5.108609535719216410e+01 4.523422101867062395e+01 4.892944275639113982e+01 3.716206940395581171e+01 3.716206940395581171e+01 5.696270927203993750e+01 7.307297817740239054e+01 6.479261219005857697e+01 7.307297817740239054e+01 8.461223114359094666e+01 8.676845849626445784e+01 6.553993038034761298e+01 6.878353221581126320e+01 5.974094683613154899e+01 3.860999923745462326e+01 4.397189725271079652e+01 5.634916163689633350e+01 7.866221014265276779e+01 7.564617404000584600e+01 7.008846241391525211e+01 4.968702057590539312e+01 6.041170968058921176e+01 4.024587153002746476e+01 5.174404436879166269e+01 7.225196074547508829e+01 6.708316181049336535e+01 8.771029964959086556e+01 8.797810358344449355e+01 7.796727140411219636e+01 6.963492946214759627e+01 5.779148963874768441e+01 3.836268412428784558e+01 5.779148963874858680e+01 7.097986622629609599e+01
8.205962881864476977e-01 2.082059628818609198e+01 3.134852992795542548e+01 3.843845201842700021e+01 4.728764066494381524e+01 5.869832780966373775e+01 5.696270927202838408e+01 5.696270927203993750e+01 6.519679309322060590e+01 6.523329409800892620e+01 7.317034254442882002e+01 8.343065228716329784e+01 7.558634307668687313e+01 8.343065228716329784e+01 6.943543787149020829e+01 4.847086462550650765e+01 3.945530827873454882e+01 3.296735439069178852e+01 4.759313177011517837e+01 6.886262116547091239e+01 7.564617404000584600e+01 5.619057592092256215e+01 6.009158174212266346e+01 4.221148120483787380e+01 5.229449865730903468e+01 3.698019128447892001e+01 5.695329698957465325e+01 5.195968725845070679e+01 6.708316181049336535e+01 8.771029964959086556e+01 7.960666461815775108e+01 5.966319430613889807e+01 4.989363133017201335e+01 4.262497382580556859e+01 3.580685001905042952e+01 5.526207442635303124e+01 7.077041943343900243e+01
1.503081736372913202e-02 5.363159500710834138e+00 1.092907255973707947e+01 1.734133940590940526e+01 2.681916168701843972e+01 4.325903326286670136e+01 6.748680205111936914e+01 6.721987997134775128e+01 5.933233806001103972e+01 4.660591107276824374e+01 6.232545880897892232e+01 7.426511010079170205e+01 5.750658415422461189e+01 7.300556686065561962e+01 6.838133667593801590e+01 6.033108677736582592e+01 4.939030696164781631e+01 2.877185341758974957e+01 4.939030696164781631e+01 6.523198331059207078e+01 7.395813256621011078e+01 6.009158174224163673e+01 4.023683993249295554e+01 4.874991695839710104e+01 3.246083169910342292e+01 3.649379017511534329e+01 4.082805149078434681e+01 5.007331869500124100e+01 6.252651426758051656e+01 8.330344334683496754e+01 8.797810358344449355e+01 7.463171790803626493e+01 6.578194482320060388e+01 5.291994227188842359e+01 3.339167242443109984e+01 5.291994227188842359e+01 5.694621402306398750e+01
1.711296032766891351e-01 2.017112960327633431e+01 3.134852992795542548e+01 3.843845201842700021e+01 4.728764066453934589e+01 5.654852310578136354e+01 6.535898505477693732e+01 5.933233806001968702e+01 4.070097227350559876e+01 3.587290283841301175e+01 5.396042612897152679e+01 5.679356648888936832e+01 4.881954844190482135e+01 5.948923099235918954e+01 4.275193870310252464e+01 4.969796464281897386e+01 3.472269868949787508e+01 2.528237189610851843e+01 3.538560626612070337e+01 5.634537178449997441e+01 6.260144379560703953e+01 4.546713276148517480e+01 4.546713276151861294e+01 2.897414787360377275e+01 4.876090974805111955e+01 5.638590041844852152e+01 6.169089252595164652e+01 7.030878276938294391e+01 7.973606673936495781e+01 9.160903915644500728e+01 8.041202741534377196e+01 6.047301646582136669e+01 4.665262862628598839e+01 3.799948071387859727e+01 3.106948302012419205e+01 5.061851514760697768e+01 3.742971926243527747e+01
6.634215400813491259e-01 1.480555716381242526e+01 3.480555716381314824e+01 5.346615878190909399e+01 4.566011308949969560e+01 4.283724358757158512e+01 5.875437835581164592e+01 4.627771718919883881e+01 3.847831995292821006e+01 2.734674167711169446e+01 4.615797296961079610e+01 3.877134264517476936e+01 5.679356648888936832e+01 5.069742884260804061e+01 2.865599041415041626e+01 3.679410454191773283e+01 2.067789066230422534e+01 3.232088773646693625e+01 5.297470200649833316e+01 6.500823133333740600e+01 5.400463538217518078e+01 3.444498869435911814e+01 2.569503568690352679e+01 4.544287332649824407e+01 5.407438763146316774e+01 6.229821924426686053e+01 7.364018958345219801e+01 6.538203426478445124e+01 7.385726212143811154e+01 8.474593208366779606e+01 7.635091654855808940e+01 7.463365946005951912e+01 6.578194482320060388e+01 4.845968470928119132e+01 2.901523127069635777e+01 4.845296104821279215e+01 3.375608202002100455e+01
1.702428053490451232e-01 1.436718634739611744e+01 3.481409690232186449e+01 3.570537063837158342e+01 2.707475388127610927e+01 4.566007796469153845e+01 4.135002498587807196e+01 3.074369117647464122e+01 1.934649071904477680e+01 2.461300194651568063e+01 3.015758788154167291e+01 4.857101265492480024e+01 4.625786506101252371e+01 4.147732243979617550e+01 3.291522824934458669e+01 1.646538268176711028e+01 3.679410454170906064e+01 4.968948453532898668e+01 6.165858027558183352e+01 7.440003978103941051e+01 5.430277016056085415e+01 4.335940087596578962e+01 2.351763017368429232e+01 4.012836545201744087e+01 3.439152221224554040e+01 5.416245531383089684e+01 6.378505790843941980e+01 4.563156046266745847e+01 6.378505790843941980e+01 7.321284671812671263e+01 5.649168726776805016e+01 6.450911411209241919e+01 5.627834600200214510e+01 4.634920125561973236e+01 2.708272077674566702e+01 2.928318232322498105e+01 4.866131043842636217e+01
1.450734497938095391e-01 1.984108216562719207e+01 2.701413799557433038e+01 1.641358819911885192e+01 3.551767091183685920e+01 3.310436590984972582e+01 3.341954359757262694e+01 1.410070201003956392e+01 3.350757569467134545e+01 4.338881984173533368e+01 4.857101265492077857e+01 4.624543464693899608e+01 2.554807985826056438e+01 2.923847698338837020e+01 1.279840618539621211e+01 3.291522824914274992e+01 4.540023466886210457e+01 6.294324301895962037e+01 5.461130158112416666e+01 5.835186993172822412e+01 5.004993655551548670e+01 5.170858745370713194e+01 4.025937559138996136e+01 2.048708204946466083e+01 3.443373191629874697e+01 5.465562785278967795e+01 5.547918876714575021e+01 3.625875102652118898e+01 5.547918876714575021e+01 6.436386479906393276e+01 4.522215060281659049e+01 5.610040979900932001e+01 3.666216097191519907e+01 4.229441395118958980e+01 2.513141978970623214e+01 4.428124342207261321e+01 5.683721754551452676e+01
2.896770308316644060e-01 2.009522041534144066e+01 7.302712622029764233e+00 2.182272993427496743e+01 2.234137955531926423e+01 1.493487125751058819e+01 2.562691703386601461e+01 1.071072877667445589e+01 3.022464121672819104e+01 3.990259700590714687e+01 3.684038590593960549e+01 3.352791049001709922e+01 2.733297008077277113e+01 9.826352400762210948e+00 2.922516162075320878e+01 4.114427458259796566e+01 5.238858675214043359e+01 5.143436843754682286e+01 3.475241851504191715e+01 4.653813402623537598e+01 2.932304601778501763e+01 4.639100513803869319e+01 3.819542926954423478e+01 1.844695187510141210e+01 3.541608071205466501e+01 4.300915807853650819e+01 4.101931537520482607e+01 3.021348705123759615e+01 4.906445193809250327e+01 5.608777691654420750e+01 3.632071890056014496e+01 4.609406459147354695e+01 3.798108968794871032e+01 2.270610756352737880e+01 2.346200659097255325e+01 4.301604710667732689e+01 5.221340937647062930e+01
