MOVIE_S3_data/elevation_000965.asc
nrows	100
cellsize	150.0
xllcorner	0
ncols	100
yllcorner	0
NODATA_value	-9999
[rows 17 to 33 of 100, columns 0 to 36 of 100]
4.336683913182175498e-01 2.043366839131786250e+01 2.608896708676599729e+01 4.606890218805505555e+01 5.222815351934467998e+01 2.301830969696901619e+01 2.369499944889373566e+01 4.226494661461130420e+01 4.725116241429740427e+01 3.197424157436750392e+01 3.678669035434528212e+01 1.532296508377666733e+01 3.295144373988814124e+01 4.040212916866835258e+01 3.202331715740491802e+01 1.259411544641417713e+01 2.953907184985442314e+01 3.706343400930723675e+01 3.757953559449248360e+01 4.115958225301157114e+01 4.406166093431725272e+01 4.051732741540721605e+01 2.082683540252320498e+01 1.720086644880044702e+01 1.175804011774403612e+01 1.210725023244915022e+01 1.876478807785654368e+01 3.812782814380637575e+01 4.887467901019984851e+01 4.076581310160565863e+01 2.643148108492409420e+01 4.533166570198474687e+01 5.661048159053557072e+01 6.263286580244944446e+01 7.020578681978520308e+01 7.850818784534918393e+01 8.418184736191794570e+01
5.385724909496417689e-01 2.053857249094928505e+01 3.592692602715376893e+01 4.592692602715393946e+01 5.060683325211066830e+01 3.302384460833057744e+01 1.874360540430577515e+01 3.648705608784738530e+01 3.276178106747583740e+01 1.615291836275753923e+01 2.811832562031832339e+01 1.116227935500777768e+01 2.012731927367322982e+01 2.944738569213429358e+01 2.479097063014215152e+01 2.773412868550757793e+01 8.545808635436662470e+00 1.914952581789808406e+01 3.074878063175605902e+01 3.443426587661723204e+01 2.159286152864654795e+01 3.015211321922611631e+01 2.905224055082065959e+01 1.126708535685141221e+01 3.105350977401914392e+01 1.338264187074855549e+01 3.465581660888928894e+01 2.911646641902266097e+01 4.853422224932152318e+01 5.423495081772443172e+01 4.598013960812431833e+01 3.207560184652113833e+01 3.675660105094623731e+01 4.265917863517132247e+01 5.017102591061995298e+01 6.173811656343201548e+01 8.177460960318911987e+01
8.336531950628578436e-02 7.642654779690863265e+00 1.764265477969103912e+01 3.764265477969174611e+01 4.660218928623996248e+01 2.743967883236615890e+01 1.446110913087583150e+01 2.693926126288173251e+01 6.685604432726528046e+00 5.608751648675493584e+00 5.948466620923757553e+00 1.186872736872573775e+01 2.133111695423647802e+01 7.209537375506659629e+00 7.540297819225299847e+00 7.871677268378687309e+00 8.205629442351554559e+00 2.495775103840354703e+01 2.753120350008103401e+01 1.165579902066872009e+01 1.010173954780727890e+01 1.044069362124912104e+01 1.077761939994361029e+01 3.037396041813498826e+01 3.919890255685807290e+01 3.471631872962455390e+01 3.106722978175241323e+01 4.853422224932152318e+01 4.277132538535566653e+01 6.244708601686526350e+01 6.007331932035378941e+01 4.183128751364591125e+01 5.661048159053567730e+01 5.293866757364227738e+01 6.263286580244944446e+01 7.850818784534918393e+01 9.009226762764060936e+01
4.524162703296725763e-01 2.045241627032931575e+01 3.592692602715376893e+01 4.592692602715393946e+01 5.182593512471537167e+01 3.256515440626778002e+01 1.947096692441864718e+01 8.593942340791391743e+00 5.124496685832533593e+00 1.828458657225051098e+01 2.189680838233127247e+01 6.416171305377920575e+00 6.743640381090338920e+00 1.230042486896504705e+01 2.225415397560965403e+01 2.625109879700805138e+01 2.123190954129205110e+01 8.676174138289722393e+00 2.059947964610473292e+01 9.619161617411121412e+00 2.222129663981115755e+01 2.960973641879127527e+01 1.496094701578989650e+01 1.275818496506347799e+01 3.248144417501174530e+01 4.269621266313409791e+01 5.095290257368508691e+01 5.924751341943598248e+01 6.244708601686526350e+01 7.073595474663454752e+01 7.005021780310866575e+01 6.175903614936963493e+01 7.005021780310866575e+01 7.294818039611038785e+01 8.124053677769958881e+01 9.095575003040390527e+01 9.218806818780743129e+01
4.402443450947634007e-01 1.044019689840743226e+01 2.457721179989724192e+01 4.448593531417102298e+01 3.464238528267480177e+01 2.624803822876724979e+01 2.413386256136746866e+01 4.662082499593821261e+00 2.461706813428030927e+01 1.309762312503471371e+01 2.510189570039384321e+01 2.240199600495218490e+01 2.606859336561825202e+01 1.067401495201305472e+01 2.871569196055029138e+01 3.848635115041027177e+01 2.802351690668416140e+01 9.127321676265632178e+00 9.138618753523738647e+00 2.935647743102739327e+01 3.558239702033716156e+01 4.018554496696436473e+01 2.734227089757170859e+01 3.248144522491170250e+01 1.477606565109403824e+01 3.444870939548533784e+01 4.410494537496578005e+01 4.543089696124783927e+01 6.521202309547867060e+01 6.582159277113841256e+01 6.707754194328086328e+01 7.538645581209321733e+01 7.615948072881795383e+01 8.446352690625124637e+01 8.435455638539473000e+01 9.265278153531696148e+01 1.006878921122849277e+02
4.237187090225543740e-01 2.042371870902220010e+01 3.867663104369310645e+01 4.053831409967121857e+01 2.039425971438533480e+01 5.557104141954633647e+00 4.923178074502892798e+00 4.360655547682251942e+00 2.304027969643198048e+01 1.847191498463563875e+01 3.524457267498891611e+01 4.023444298370828420e+01 3.449446326024461484e+01 2.965599257071155037e+01 1.534207583900527716e+01 3.595416417945254750e+01 3.261373549767998981e+01 3.296899018455793851e+01 2.973270282491643002e+01 1.148474063713526050e+01 3.215092462883148272e+01 4.321100948906902062e+01 4.716450728269190051e+01 4.095537439405767799e+01 2.221142560505025898e+01 1.682163004547366469e+01 2.641772177455777992e+01 4.531753136600844556e+01 5.995117324263151914e+01 4.577290281163615049e+01 4.701598220429118413e+01 5.976689975943391886e+01 5.608275125769356606e+01 7.014863451662517946e+01 6.426434901256844512e+01 8.435455638539473000e+01 9.608553496208918432e+01
9.142864485297492738e-01 1.505642207226057394e+01 3.505642207225986340e+01 4.735847618256491387e+01 3.451381404234261652e+01 2.381171740801319814e+01 3.925701470577591667e+00 2.384258753826279786e+01 3.934216668952428364e+01 3.692905309910561584e+01 2.801805362564450874e+01 4.705178409395104921e+01 4.362505848343359816e+01 2.218055766869778012e+01 3.625314269273904699e+01 4.505971181736035192e+01 5.556220571456803725e+01 4.688373950021600933e+01 2.604842291562908585e+01 3.215094585508664693e+01 1.390853757745192532e+01 2.852836930768692980e+01 4.937532182615519361e+01 5.307075796229077724e+01 4.193997231934017833e+01 3.643519252195923031e+01 1.887012415929614306e+01 3.846502180478404398e+01 4.657796705506247292e+01 3.169598867938113429e+01 3.548998029289474943e+01 3.972989048082937558e+01 4.472212545794454286e+01 5.006787027402415191e+01 5.764625170637376073e+01 6.769993083474604134e+01 8.779086437247302399e+01
9.064013007315497861e-01 9.071367110010109869e+00 1.907136711187011713e+01 3.907158886552815602e+01 3.708819913075812735e+01 1.765435014960184290e+01 3.600798418159840253e+00 2.350449331103429529e+01 4.028948250271918141e+01 4.759091997414747510e+01 4.705178411800129368e+01 4.182324528973878586e+01 5.265960965862462473e+01 4.407823256630867803e+01 3.106552999861371234e+01 4.397900070208956436e+01 6.565385535087310132e+01 5.540319705033703457e+01 4.688373950022171499e+01 3.642498868140731361e+01 1.565539362149297453e+01 3.642498868086855168e+01 3.981191166845335516e+01 6.063184291893540490e+01 5.414051247317245696e+01 3.423755297269259756e+01 2.046115784657964198e+01 2.346340654821610983e+01 2.675070812549100552e+01 4.657796705506247292e+01 5.549499502761144498e+01 5.976689975943391886e+01 6.478182452659709156e+01 7.014863451662517946e+01 7.774539760360950424e+01 8.604970837882861190e+01 9.608553496208918432e+01
3.063610709598194592e-01 2.030636061623172850e+01 3.735610700884599567e+01 4.735737719533105405e+01 3.658928208367795776e+01 1.731210869486046988e+01 3.273593132678820350e+00 2.293962180231494585e+01 2.192279835676018607e+01 3.525386176687030826e+01 5.111950897739384914e+01 5.564215205455698765e+01 6.714622283596914087e+01 6.192090478987809377e+01 4.023370146736041875e+01 6.192123936880526003e+01 7.429955305904985607e+01 6.647129434211277044e+01 5.181841343982223691e+01 3.920963945447739007e+01 1.836689181309847285e+01 1.895163122763327479e+01 3.978255566895518314e+01 5.198542215613140627e+01 5.416681716582728967e+01 3.423806687465323506e+01 4.006136381414780345e+01 2.273249485224387811e+01 3.142297380902264692e+01 5.076015539397647558e+01 6.485600192300327649e+01 6.625407066669914968e+01 7.362490159855850891e+01 7.296526573647415148e+01 7.207897436301674077e+01 8.043541498430052172e+01 9.048754429121308362e+01
2.739570439748240105e-02 1.997728373734347329e+01 3.497440491667029505e+01 3.432758218104561365e+01 3.328262580225354839e+01 2.347911849055890343e+01 2.942825388499312300e+00 7.415072691310940378e+00 1.206522499173731156e+01 2.203005289188688565e+01 3.843574020797588986e+01 6.124374623396716544e+01 7.489732851626067145e+01 7.081352759665341523e+01 5.314446652032581397e+01 7.106095125779417288e+01 6.807801575801893534e+01 5.611444780224311302e+01 3.716553335968902161e+01 2.235253142478366684e+01 3.920963945579642029e+01 3.972211707185338270e+01 2.239658676120485126e+01 4.336990244691236285e+01 6.250055797179315675e+01 5.416719528725292321e+01 5.069141554539788075e+01 3.140387648998985881e+01 2.506845484355957154e+01 4.484549150339410062e+01 4.482060480777628442e+01 4.730198415799750222e+01 5.798574675982575855e+01 4.574627463790082516e+01 5.238731788495821462e+01 6.205582909808538972e+01 7.630605789827532703e+01
1.758338105654860817e-01 2.017560736168651303e+01 1.990359292348587772e+01 1.078001282505355718e+01 1.570481928348845813e+01 2.205783202639362983e+01 2.611577750809185527e+00 2.140988407129794169e+01 3.124379653681162239e+01 2.363258385592498456e+01 3.537535296008855568e+01 5.121370038003612279e+01 7.475249511449277406e+01 8.330477572052181756e+01 7.534982416490505841e+01 7.150712084587607364e+01 5.963676422836803681e+01 3.877337877316970349e+01 2.666231684747099706e+01 4.327396695234822488e+01 5.179648934408761107e+01 4.583978294308880663e+01 2.491759402943855051e+01 3.975571638182393031e+01 6.058944025088288043e+01 6.769173281270084885e+01 4.764627664112586558e+01 5.132468614300974963e+01 4.484548771982657200e+01 2.744798172767930922e+01 3.073385049245259992e+01 3.422219466801421817e+01 3.792099649471595058e+01 4.316751828742227559e+01 5.676972867509337561e+01 7.647843294412552950e+01 8.658684630197940635e+01
4.683972685643240652e-01 6.285125408020341142e-01 1.135050412758787530e+01 1.526722980366440829e+00 1.837050684574838444e+00 2.150134502499618350e+00 3.532087407513097688e+00 7.168949629649602251e+00 2.710342179294999099e+01 4.025177895969356712e+01 5.409748119321503879e+01 6.547361614370265670e+01 6.582934466720226396e+01 7.426273806386554099e+01 7.765933451703200774e+01 5.705743380614406135e+01 4.222880681986391949e+01 3.176052353807500594e+01 3.408195533445353220e+01 5.497977963187660322e+01 6.051315530586597902e+01 3.965957629792843164e+01 2.754882848779912052e+01 4.847333631079823846e+01 6.028002469745739234e+01 6.872026761373328441e+01 6.769173281270084885e+01 5.887751260281396526e+01 3.885901020412835294e+01 4.731982495557731738e+01 3.040804229315285312e+01 5.036233384076686548e+01 4.949809269032322590e+01 6.254229396312882727e+01 5.170794054052748123e+01 5.849382870793107969e+01 6.833136327972772506e+01
2.051881798473268459e-01 2.016463172553588024e+01 1.081365300564405718e+00 2.264744200150529352e+00 1.869811421881987457e+01 2.354794975307908711e+00 2.342692123854239128e+01 2.710342179294999099e+01 1.238615114165320641e+01 3.203209622588639149e+01 3.874822516796731264e+01 5.173280716283336744e+01 4.590492142291404321e+01 6.582840879092952946e+01 7.325394958141082213e+01 5.824521511905841464e+01 3.734799758801852931e+01 5.266019881944762915e+01 4.890147023417169692e+01 4.890147023355275024e+01 6.894694837121319608e+01 5.699046023536060801e+01 4.847333631080802263e+01 3.150155171319578784e+01 3.939228856674188961e+01 5.151130471195523342e+01 7.225831895632688884e+01 6.718613957158835603e+01 5.039679959264663012e+01 5.254436694087222293e+01 3.254956737126407518e+01 5.254431464686856401e+01 6.957358244365417477e+01 7.775457701889496320e+01 7.130752041332604563e+01 7.831553143363105107e+01 8.658684630197940635e+01
8.187695587851057111e-01 1.856651607009534999e+01 2.712283996945806663e+01 2.637248473166432294e+00 2.723564414563545810e+01 1.030920144767583402e+01 2.972433554827529534e+01 4.025177895969849828e+01 3.203295998120858457e+01 1.777678805732987399e+01 3.739506486888149084e+01 3.190085990711997610e+01 4.590421730383463483e+01 6.579230940550206697e+01 6.485243783113456573e+01 4.395856356439465173e+01 4.672111686976186462e+01 6.670330398542228068e+01 6.965411801385093327e+01 6.366839181347543786e+01 7.801570191378300478e+01 7.005234132823463256e+01 4.928371746288723187e+01 3.449617828637301642e+01 5.536670655713469813e+01 6.872026761370467796e+01 8.059269581645729374e+01 7.876907078068019530e+01 7.046238213518786608e+01 5.476867071260914344e+01 3.475015441535899896e+01 5.476867071260910080e+01 6.633131957712237181e+01 8.066702396767736616e+01 8.398861658045309753e+01 8.566371160676149543e+01 9.402263933840816890e+01
2.311624522989861319e-01 2.023116228451164744e+01 3.553492827818691069e+01 3.935700090226096393e+01 3.633728296769972843e+01 2.137997694979659613e+01 2.393502559507409799e+01 4.372040906741256805e+01 3.739506486888149084e+01 3.739506486888149084e+01 2.390086414560142103e+01 4.363605457507745200e+01 4.590444073066667130e+01 6.580372844985039649e+01 6.990941323376500804e+01 4.905897223821872899e+01 6.756840644758585768e+01 6.381721598435921550e+01 8.425928993693872826e+01 8.410493263586864998e+01 7.822183352972847104e+01 6.987073490981481427e+01 5.848054467989897631e+01 3.759228353960518376e+01 5.240691627170939881e+01 7.314358075576448925e+01 8.656947522626717273e+01 9.082089735247110696e+01 7.922561841281830652e+01 6.307953203805413978e+01 5.476867071260912212e+01 3.798531715851897417e+01 5.214074344869186461e+01 6.590100335587402469e+01 6.395012871627820772e+01 6.553402716954511220e+01 8.114607241330332954e+01
9.845726073866658545e-01 9.339535472396981675e+00 1.952985259842035148e+01 3.871653341417190575e+01 4.939461008973469802e+01 4.113641517096645828e+01 4.372040906741256805e+01 5.198034240969119679e+01 5.723366072312752806e+01 5.189112467110260241e+01 3.371600142604677330e+01 5.189112467114075145e+01 6.580372844985039649e+01 7.411322816039147199e+01 7.826227462165978466e+01 6.990941323376500804e+01 5.736699432535846910e+01 7.800385655907710714e+01 9.251084810934614211e+01 8.432202075001430330e+01 6.388481632107384911e+01 4.897462177444918296e+01 4.335409730806577500e+01 5.848054467989897631e+01 4.547710362622631663e+01 5.766455537675869181e+01 7.828969098977793806e+01 8.251601730005462798e+01 6.241838052508205692e+01 5.083069777995414285e+01 4.528422583555627057e+01 4.464775931255096708e+01 4.206513511673459504e+01 4.584130858934790353e+01 4.975898801026183094e+01 5.392847013446657201e+01 6.102639061141636745e+01
3.295302290958179725e-02 2.003295302267357414e+01 3.694711074279518215e+01 4.696469228145979713e+01 5.200927945905250027e+01 5.200927907931396987e+01 6.023369090674088255e+01 6.186454083759969080e+01 6.754522335831902069e+01 6.183142964651526086e+01 5.355610772410823728e+01 6.183142964714606649e+01 7.146450917706873440e+01 7.956521407733033868e+01 9.091379259048112260e+01 8.480244266063780856e+01 6.440668435595576113e+01 7.800385655907710714e+01 9.808265001860893051e+01 8.015777847420392277e+01 5.958369134542566314e+01 6.987073490981481427e+01 4.970343050934992846e+01 7.058076779974494741e+01 6.638176339152865069e+01 5.544119706404463699e+01 7.613862403382577781e+01 8.165604114759713639e+01 6.155695127640043296e+01 7.091264129794889470e+01 6.534291688024140399e+01 5.172010981889203407e+01 6.210992466504774256e+01 4.872777841867714699e+01 6.880133826589828061e+01 7.403269069458843887e+01 6.291306505857259879e+01
