MOVIE_S3_data/elevation_000026.asc
nrows	100
cellsize	150.0
xllcorner	0
ncols	100
yllcorner	0
NODATA_value	-9999
[rows 34 to 50 of 100, columns 0 to 36 of 100]
6.278687791629389281e-01 2.062786877916258277e+01 2.909174463240150033e+01 3.409018882022979824e+01 3.963454325874167239e+01 3.961074485937780310e+01 5.546128932220253915e+01 6.699336984923797900e+01 5.972608459493905997e+01 5.134223531282750486e+01 5.933205583926373805e+01 5.299417386527210283e+01 3.668102969660278490e+01 4.501902269997302142e+01 2.576704165548221681e+01 4.501891156724783372e+01 5.776166093346829911e+01 6.399566666184293950e+01 5.447217008124296456e+01 4.664786774333936847e+01 3.124032139964129939e+01 1.373481065785203903e+01 3.037629005919218272e+01 3.134123744262103273e+01 3.712111385159705179e+01 2.173188746203474864e+01 3.675335315204629438e+01 5.240399492463900089e+01 5.106119127777632372e+01 5.591915629500089580e+01 5.254018509890664745e+01 6.638439629510956763e+01 8.608586681382486461e+01 8.561798894586800657e+01 6.733271093922931527e+01 8.561798894586800657e+01 7.472839005754289587e+01
5.760807145981240440e-01 2.057608071459776866e+01 3.470959875368011893e+01 4.299296850344173748e+01 5.299132350476418907e+01 5.946931405017650718e+01 5.833646716912971186e+01 4.968397263894060956e+01 4.886933798992630074e+01 3.089032522983785256e+01 4.786292134594521741e+01 4.458961982563330650e+01 2.516553800303303134e+01 3.348914874649172901e+01 1.997002454606611010e+01 3.024999615622053639e+01 4.946631825990026954e+01 6.399084267440406393e+01 5.618043225083941650e+01 5.715008017546492880e+01 3.239119696491798095e+01 1.342113419648831574e+01 2.597719605406500065e+01 2.477398017964515731e+01 1.753835493912834664e+01 3.826928843532683544e+01 2.707930076499513206e+01 3.166888196335768058e+01 3.651030314940081212e+01 4.175587613850667168e+01 5.186454112613457568e+01 6.570786322357683673e+01 8.540208201106922559e+01 9.561853956074492089e+01 8.734065298646568465e+01 9.561853956074492089e+01 9.473295293306794917e+01
7.930105716671143057e-02 7.150368869032107000e+00 1.470965832920927241e+01 2.470965832008330665e+01 3.885178678172530198e+01 5.885086983455936860e+01 4.974583865172899522e+01 2.906557786124410825e+01 3.475084430905684485e+01 2.094981081986795246e+01 3.768509321510837395e+01 3.644810733159660998e+01 3.169916334504586786e+01 1.259466622678595016e+01 3.071171024308954145e+01 4.307074503749202421e+01 5.776032283579611004e+01 5.298672618326651929e+01 3.643278337631076624e+01 4.867844436154447862e+01 4.198961017425834541e+01 2.928727463355712146e+01 1.299044624352212018e+01 1.336934359364959768e+01 3.597415432080274655e+01 4.665589925983832131e+01 4.217638135306274449e+01 4.065490849438067755e+01 5.684038260895956540e+01 5.591915629432585888e+01 6.983489030431005062e+01 7.966320062357985421e+01 8.604240533767452348e+01 9.430091455894222463e+01 9.680621580055725417e+01 1.050675187213861079e+02 9.858925920337608773e+01
6.786017468061785740e-01 2.067860174680582475e+01 3.178676378500036748e+01 3.870686451588002797e+01 4.682890283912275464e+01 5.798127873256756004e+01 4.674288285549272359e+01 3.485466443166789219e+01 1.490834790885718952e+01 1.745019807885816121e+01 1.177128189153567206e+01 1.786770512045339387e+01 8.105925006074199857e+00 8.375697218603205485e+00 8.640225502335230345e+00 3.166186111486610599e+01 4.513056323104144241e+01 4.396227514434243488e+01 2.291584858038908834e+01 3.789191445083007892e+01 4.274485194354464568e+01 2.515894602500816291e+01 1.268765140433895411e+01 2.789092154760482600e+01 3.523765864483686272e+01 5.671897975741146780e+01 6.233301576041009184e+01 5.249676084036736512e+01 6.904858811613922853e+01 7.555497261723894553e+01 7.802525826283816457e+01 6.976819600992627102e+01 6.611065092756186345e+01 8.271197872422760611e+01 7.687395457591017589e+01 9.680621580055725417e+01 8.904756122945552477e+01
1.053273305859350195e-01 5.878635107527066417e+00 1.190694037417118878e+01 1.896479270690366548e+01 3.040739679434547682e+01 4.996420768609394258e+01 3.843763092273492532e+01 1.878818712963574811e+01 7.532999385987119823e+00 7.232131755446362220e+00 7.467346278477994481e+00 7.724299152007833236e+00 9.469397253267816339e+00 1.321631327972470515e+01 1.614052888692216214e+01 8.999456471885661557e+00 3.040793263970212124e+01 2.965112341089862369e+01 1.065317120105078175e+01 2.596814384863298741e+01 3.042607319050825510e+01 3.087100166770525433e+01 1.237581873981191727e+01 3.144306959324155670e+01 3.079119349483639922e+01 4.494699908738662231e+01 6.502522820202280229e+01 7.227841344263087819e+01 8.046252928911472679e+01 7.096473104976129775e+01 6.270241502354549823e+01 4.978314941053081100e+01 5.613507041600210812e+01 6.279558194727744080e+01 8.271197872422760611e+01 9.251080671148238821e+01 8.111633776553871655e+01
6.652624653148981881e-01 2.066526246531454447e+01 3.178676378500036748e+01 3.870686451588002797e+01 4.488327028934894969e+01 3.728308446825038658e+01 2.668769260229338158e+01 2.551740696003552955e+01 6.930927276350032251e+00 2.590462172604202351e+01 2.672275985599378956e+01 1.909017953328711670e+01 2.001107573712795684e+01 2.341547972884622908e+01 2.363983695717795896e+01 9.246807807148808678e+00 1.225881511105318822e+01 1.016520714763028543e+01 1.307233484121939604e+01 1.118305421755272810e+01 1.155652321424675755e+01 1.191396955112182887e+01 1.502647134655681960e+01 1.496915804226138569e+01 3.446935430274105983e+01 4.603626930097721726e+01 6.023397986375960045e+01 6.284420928423995889e+01 6.518283227291604476e+01 5.691070054799531874e+01 4.263932755437525657e+01 5.271780214221198690e+01 7.268702790487891718e+01 8.271197872422760611e+01 9.097073664864814191e+01 8.455417725219997749e+01 6.536251127535091143e+01
8.924248754756384239e-01 2.089242487547528171e+01 2.983132258382772761e+01 4.983132258382701707e+01 4.405353897330692092e+01 1.899743240673423728e+01 6.795041712267705591e+00 6.657224174971624997e+00 1.586484423627900142e+01 2.234959143521552605e+01 3.932066508059794785e+01 3.654396003804549053e+01 3.641651282139342527e+01 3.126888037355157834e+01 2.836088369722050828e+01 9.550573180768596515e+00 9.267922480258752316e+00 2.800517229257487273e+01 2.996134425105675092e+01 2.326035546861204395e+01 1.447750193738299984e+01 1.278500221163051265e+01 3.249572726784427346e+01 3.446935430274105983e+01 1.790870011441586840e+01 3.183855873819485893e+01 4.943089525839423715e+01 4.276949505399901597e+01 5.153013656811155840e+01 3.677847357482870905e+01 5.691070054799531874e+01 7.096473104976129775e+01 7.268702790487891718e+01 9.262131264172197120e+01 8.723738573069118729e+01 7.928092999572993449e+01 6.888424759979572798e+01
8.870506738290029336e-01 9.831322583828082884e+00 2.397345820755878165e+01 4.397345820755806756e+01 5.074673690908908696e+01 3.557679904919398695e+01 2.584837277852473036e+01 6.458275516775787928e+00 2.556219529983817296e+01 3.835125367852428724e+01 4.677437680660032981e+01 4.951200642375473393e+01 3.183344536038953976e+01 1.592133722320998324e+01 9.974706393038637486e+00 1.239321790332902928e+01 2.505452950230135301e+01 2.440050876494487753e+01 4.056728331483513728e+01 3.529354610068598674e+01 3.960052831531255890e+01 2.686545683379676674e+01 1.984827623523030482e+01 3.986800609154922626e+01 3.772230297399421772e+01 2.113274278736873413e+01 4.112035485882974228e+01 2.849670030610741733e+01 3.136260797688463242e+01 3.613738067001052912e+01 5.041744310349969993e+01 7.042026733668325278e+01 8.023856269398432062e+01 9.172722595092079700e+01 7.928092999572993449e+01 6.001684658720004961e+01 6.416827789918242786e+01
9.587146228554132010e-01 2.095871462285505871e+01 3.631852017228917617e+01 4.631852013770756571e+01 4.932081677239717976e+01 3.082662709486024610e+01 2.594064330988734923e+01 6.612660756380750904e+00 6.157531523193156886e+00 3.361646485433524845e+01 5.014487245035447671e+01 4.149950632747815149e+01 2.239529863070906401e+01 1.039170939281923367e+01 2.872596439652486566e+01 3.289184471974120783e+01 1.769323188639208055e+01 3.687939477591161364e+01 4.747447702276981119e+01 5.604822473415119077e+01 5.546242282910925780e+01 4.530727119394715885e+01 2.506913078546015683e+01 4.530727119705804284e+01 4.872333429893754442e+01 3.504870664777508438e+01 2.460366447778472221e+01 3.881095236136810911e+01 5.153010350059812339e+01 5.627613467851661966e+01 4.380466124849327514e+01 5.203750230060222748e+01 6.358586314476482926e+01 8.349946619138721360e+01 7.928092999572993449e+01 6.001684658720004961e+01 4.622013146037409825e+01
4.749594815986911134e-01 8.034248941783170395e+00 1.803424894178299454e+01 3.803424894173919313e+01 4.615845231097247847e+01 2.581417169611518503e+01 1.357722161932541383e+01 5.836174556297456739e+00 2.462026887218687321e+01 3.577060470507321810e+01 4.571779347472629951e+01 4.024234851904683552e+01 1.385065538292966991e+01 1.068206829715921380e+01 2.975584941194602706e+01 4.424350448700114669e+01 3.816212977076104806e+01 2.440098847257629089e+01 3.633119600289356299e+01 5.069773475305499488e+01 7.005773051140134555e+01 5.152559662237685956e+01 3.104648852007257886e+01 5.152559662237685956e+01 6.193073390921657051e+01 5.161708555567285828e+01 3.167525935644059842e+01 5.177531107010067046e+01 6.718463486431757303e+01 7.207970802222671125e+01 5.387382326655464482e+01 6.385173211787281389e+01 8.023856269398432062e+01 8.350701779518030321e+01 7.553892895370132976e+01 7.362711615894565398e+01 5.593964872229464902e+01
5.246131949027718067e-01 2.052461319490241820e+01 3.631852017228917617e+01 4.631852013712285299e+01 5.175848915767532077e+01 3.012915195858982997e+01 2.542866910169167127e+01 5.603846445260983522e+00 2.382113664614802317e+01 2.583700597983074942e+01 4.139631790932434541e+01 4.310256656403813480e+01 2.615438158890043496e+01 1.096747793977929675e+01 3.005600847466767078e+01 3.884013151870093594e+01 5.201929240473900506e+01 3.896683679095577446e+01 3.284603829224995764e+01 4.728469875946216661e+01 6.671935085629988293e+01 6.011685000654087219e+01 4.290888242660321339e+01 4.548233225990487938e+01 6.611532740726265445e+01 5.998364174023851803e+01 4.584660807703881602e+01 5.150400236165918244e+01 7.053008188594516525e+01 8.200179026072343902e+01 7.379458938599385931e+01 8.200179026072343902e+01 9.200528663984775335e+01 7.553892894940474889e+01 5.621321344446445067e+01 6.187358446692310565e+01 5.269240618788414565e+01
4.470077517107070575e-01 1.199401313550332482e+01 2.613614875923452630e+01 4.613614875923523329e+01 5.146611667043685401e+01 2.823917347326425187e+01 1.091676427992574894e+01 5.372441204591947184e+00 1.379708494461286783e+01 3.072375936728307266e+01 4.077002328221272620e+01 3.355600984146651911e+01 1.136372669456537920e+01 1.324706883002302682e+01 1.308811395566951319e+01 2.637692277066606295e+01 4.845356231113593992e+01 5.883524765994669536e+01 5.297697656863124394e+01 4.314456759565615585e+01 6.190892647975285712e+01 7.244833448263489117e+01 6.422764048220524558e+01 6.611532740726265445e+01 7.475138146946125062e+01 7.307749325707858645e+01 5.933067816758162394e+01 5.137700597110443113e+01 6.096281311947851123e+01 7.529239939173831431e+01 6.981038489883727038e+01 7.754712066294693784e+01 8.246498858785530217e+01 7.553893064451821715e+01 5.621321344526584340e+01 4.249463314838087769e+01 4.957835548359930300e+01
2.599182575669619633e-01 1.180692364135957995e+01 2.594905926509078142e+01 4.594905926509148486e+01 4.252813202374280621e+01 2.923318869252712204e+01 9.279667082980095572e+00 5.144174805855809218e+00 1.899344861749388969e+01 3.243635974278560496e+01 3.395239217907511886e+01 1.443648544882250917e+01 1.164117720405745970e+01 2.979272543361418357e+01 1.713088241102425968e+01 2.721025667371911894e+01 4.046763343903679555e+01 5.942858064035439725e+01 7.030494359336971399e+01 5.717111546662785315e+01 5.920258396231655240e+01 7.769348481939178441e+01 7.059629826122254315e+01 6.313194866232474567e+01 6.413808442491071560e+01 5.607671656611745448e+01 4.899567890858629227e+01 3.009695487699185179e+01 4.401747409579980541e+01 6.581408249462015192e+01 5.203274173746907394e+01 6.778775764752298016e+01 6.315731914494411114e+01 6.630187275964779303e+01 6.163234308350646984e+01 5.219232074417035960e+01 3.281498544450050048e+01
3.519420047721200095e-01 1.449407762850294468e+01 3.449407762850223236e+01 4.671881324066636409e+01 3.539289018099740503e+01 1.959050753083676710e+01 7.465936120043907387e+00 4.919879303584975716e+00 9.325018051012969877e+00 3.399596916583297457e+01 3.199690362412828648e+01 1.203171429344343046e+01 2.991723230832412028e+01 3.677518488241668848e+01 3.611704753557071967e+01 2.490328132587107746e+01 4.435335262849261539e+01 6.196071889230503160e+01 7.149876509765327626e+01 7.609469979701071907e+01 7.769349595303434342e+01 7.425487685366651647e+01 6.079093113255704139e+01 4.526162498464034911e+01 4.858756586859093574e+01 3.209766920706875482e+01 3.715877251567090411e+01 2.092730862118620649e+01 3.448333776912326698e+01 5.530694435265841236e+01 4.160941560141259288e+01 6.004041687179702080e+01 4.939003784021846855e+01 4.703832277833097919e+01 4.195019974399018992e+01 4.239789538523809398e+01 3.781147436796883454e+01
2.695761837762450375e-01 8.434541993053576547e+00 1.843454199305375241e+01 3.843454199305445940e+01 3.597338122654794290e+01 2.114730378536754429e+01 1.593119678759785351e+01 4.698647144620714755e+00 2.211355080744456814e+01 4.094902203967039611e+01 3.208043710023651585e+01 1.230740765159648475e+01 2.314399937481216085e+01 4.134806968035464791e+01 4.979405529346843196e+01 4.413978025399720906e+01 3.489763134064631345e+01 4.450008402468142776e+01 5.823284613574043789e+01 7.722816213759239190e+01 6.827602484475818301e+01 6.004669842681310143e+01 4.779406144806670653e+01 3.350308121664168226e+01 3.953323129355388943e+01 1.959311125665295705e+01 1.893922130165461937e+01 1.919990862891020100e+01 3.331978708183839188e+01 2.590138670418482292e+01 3.494043979519222631e+01 5.164877939187032752e+01 4.717537642816105148e+01 3.329215992004461100e+01 3.619580369946650933e+01 2.270344665422997110e+01 2.321795419241806258e+01
4.879649418637075353e-01 2.048796494186335337e+01 3.671881324062606211e+01 4.671881324074674069e+01 3.651022947764985815e+01 2.090221541190944166e+01 1.404244670275265960e+01 4.478176785593810827e+00 2.540524703362851255e+01 3.953782738254655271e+01 1.491099758721945179e+01 1.258252054884159143e+01 3.132452155381427872e+01 4.640687138409438006e+01 5.021977570528210322e+01 5.207403420349423584e+01 5.417081360794366418e+01 6.115996841331094913e+01 5.996056008165641060e+01 6.415010712607916332e+01 6.004667463577149533e+01 4.023593603197517865e+01 4.602418142219089248e+01 4.275698808812957452e+01 2.034751370455505537e+01 1.857523203952197122e+01 3.775547153835192660e+01 3.849317226492149757e+01 1.957526914011745234e+01 2.629951093069495371e+01 2.628726500624459561e+01 4.095139335197323049e+01 2.344583970535281381e+01 3.621497205023677424e+01 2.198414369079890918e+01 4.167309511180746995e+01 3.747271824482140801e+01
9.938951651180888414e-01 1.245962884204272036e+01 2.627397543783640543e+01 4.562368495761647580e+01 3.480326413981244116e+01 1.910648969915470730e+01 1.730112981926737703e+01 4.256647290173487974e+00 2.694904006273015895e+01 3.352971689178757231e+01 1.450202752292391217e+01 1.285681315080943143e+01 3.175673378958046555e+01 3.852219132254483469e+01 3.295634290186814042e+01 2.967962835316357229e+01 3.496198327043970977e+01 3.856680406020316099e+01 3.955191356164733207e+01 4.636919847592297828e+01 5.931455349749192862e+01 4.572336529604919519e+01 2.636050793727553199e+01 3.708296202952091392e+01 1.821930519903954249e+01 3.749594055764278266e+01 4.455161121681092595e+01 4.144481185672369605e+01 1.969960865622059032e+01 1.993871054776643703e+01 2.023356061555676177e+01 2.051189821329690233e+01 2.079285698196182963e+01 2.127971092697703526e+01 4.078786784652876207e+01 3.354569833166701898e+01 4.525923201068366808e+01
