MOVIE_S3_data/elevation_000656.asc
nrows	100
cellsize	150.0
xllcorner	0
ncols	100
yllcorner	0
NODATA_value	-9999
[rows 51 to 67 of 100, columns 37 to 73 of 100]
6.825490191343270396e+01 7.637305553716770135e+01 8.628827377651971631e+01 1.061267550177926182e+02 1.111922620981027734e+02 1.015394338004428505e+02 8.111524391695658665e+01 1.015393210390481613e+02 9.110072621681631233e+01 8.516326429540330878e+01 8.841497174285989047e+01 6.865937734551970095e+01 8.841497180937471967e+01 9.763377977847680711e+01 9.180121597229829433e+01 1.117148344227593100e+02 1.035377093252538288e+02 8.471922737077875354e+01 7.212891369826103016e+01 6.579940073807634349e+01 6.003968494184903903e+01 6.985655512098372810e+01 5.239437267644046159e+01 4.671948215829505102e+01 4.790913031305344560e+01 6.102816496731524865e+01 8.043660984024457150e+01 8.994447956202489536e+01 9.813646502760816759e+01 9.933523666414612308e+01 8.320798016511311346e+01 9.933523666414612308e+01 1.098282207638227703e+02 9.040625144842219640e+01 8.642808287356172059e+01 1.042267498562536048e+02 1.129210945206691008e+02
7.221641890968494693e+01 9.206533860415605375e+01 1.044448264523976775e+02 1.143749748461510052e+02 1.217076000711552410e+02 1.015394338004428647e+02 8.895020541615156162e+01 1.091889208541388427e+02 1.113412973720456591e+02 1.054356267025313656e+02 9.190451568336843025e+01 7.215085296095983836e+01 8.199927322213648040e+01 1.018097581446003517e+02 1.117148344227593100e+02 1.200066976555059881e+02 1.092922628634757558e+02 9.023103312360775874e+01 9.023103312342486504e+01 8.383096742264740442e+01 7.812894104723879707e+01 7.816366895180821928e+01 6.994431976110777782e+01 6.619592142990043726e+01 4.738219925671636190e+01 6.685297324474873903e+01 7.765538925914817980e+01 7.052321961866734057e+01 8.419886574917751432e+01 1.038156183531594365e+02 1.022795899469317931e+02 1.104613978386759072e+02 1.180472482640849137e+02 1.098282207638227703e+02 1.000103999752571866e+02 1.139611640428144739e+02 1.069908436150045503e+02
8.883482417391118702e+01 1.002998278739973586e+02 1.120489558222218562e+02 1.037171794107665335e+02 1.120489558222285069e+02 1.175183680940865401e+02 1.006798541580341748e+02 1.175183680940865401e+02 1.165937067361713559e+02 9.665783145742851445e+01 8.268035117756323871e+01 7.667135095108582732e+01 9.643287342829539455e+01 1.018097581446003517e+02 1.217668646236275123e+02 1.159368598733642415e+02 1.060444145856772309e+02 9.780080940466226025e+01 1.038598075977352551e+02 9.516726056885747198e+01 8.133918064458373465e+01 7.042808630005997372e+01 5.095208351766091681e+01 4.775440755957251326e+01 4.785091534914669609e+01 6.470347071155893559e+01 5.823779841413939806e+01 7.765933072410382465e+01 8.808901002875900588e+01 9.605715408471603212e+01 1.070864876899581617e+02 1.178958651789783971e+02 1.096052868071628694e+02 1.178958651789783971e+02 1.196460415522711855e+02 1.210140562181978936e+02 1.011822387667413068e+02
1.002998278739734417e+02 9.866388930038367278e+01 9.305856844542051931e+01 8.377674418514821753e+01 9.784284266137385089e+01 1.178990828610967441e+02 1.208129936727694798e+02 1.291352243153110919e+02 1.165937067361750508e+02 9.665783145742851445e+01 1.023857305938545466e+02 8.260410277115174438e+01 8.804462663809781020e+01 9.946245070726479298e+01 1.194056337148403344e+02 1.076448195177217997e+02 8.795679929160246502e+01 7.831982664694335483e+01 8.738778611365727045e+01 7.610972850086507435e+01 6.751110072031011100e+01 5.380171258403376555e+01 7.042808630043573714e+01 6.848489350460002356e+01 6.729003285041770255e+01 4.850708249865920152e+01 5.498292595530658389e+01 6.189892454329920923e+01 6.919601665369511068e+01 8.007024815418365904e+01 9.904326682118316683e+01 1.057011488295467103e+02 9.003729129548666776e+01 1.071884321792149137e+02 1.154688134342526524e+02 1.293043343934000120e+02 1.210140562182056954e+02
9.271555086548166003e+01 7.872801107549143751e+01 7.314429711482161167e+01 9.305856844542051931e+01 1.120489558207905532e+02 1.143320328486484101e+02 1.129853476835909873e+02 1.215027419924932985e+02 1.248782947897739888e+02 1.165937067361748944e+02 1.089732568426316135e+02 8.916497237395469710e+01 1.078914316369186395e+02 1.161618078519233563e+02 1.276826600882379381e+02 1.159368598733642415e+02 1.012127954326497559e+02 8.166127975379330906e+01 6.799446021464781609e+01 7.610972850086507435e+01 5.658901171955124454e+01 7.321578474625634669e+01 8.133918031522443925e+01 7.426342919850146984e+01 5.438876372464707032e+01 4.897573252998806481e+01 6.845040319360099090e+01 7.342656326636826236e+01 8.275797290094332936e+01 9.605715408471603212e+01 1.001177910871422512e+02 8.627739280652635045e+01 8.058101329443908867e+01 8.769680448505297932e+01 1.013644623745973519e+02 1.212487416612666777e+02 1.317935227690272200e+02
8.396852726133272427e+01 6.460901723051104284e+01 8.456709461865318644e+01 1.013630642501396579e+02 1.084880956495496207e+02 9.425496851736271253e+01 9.277398125899178183e+01 1.070492542037525538e+02 1.281945803385773672e+02 1.225882415542067321e+02 1.031342150878662807e+02 1.031523040731818099e+02 1.171995533496059068e+02 1.233764421455608868e+02 1.168143658695980065e+02 1.085246640080119249e+02 1.055378369726263088e+02 9.059604066158939872e+01 7.911844416490002629e+01 5.961973810893280046e+01 7.040844065609154256e+01 8.423753848987526283e+01 8.880622165068673723e+01 6.858560607885911509e+01 6.466881040058248686e+01 6.795598457303498208e+01 4.964729369445476692e+01 5.399634349578822423e+01 7.291713406342680059e+01 9.415438268555327284e+01 8.631399096580176433e+01 7.294326908733603432e+01 8.627739280652635045e+01 1.057011488295467103e+02 1.071884322042612609e+02 1.271395231237062688e+02 1.236139030135506687e+02
7.251082250135101503e+01 5.973236933930356685e+01 7.984910241568285016e+01 9.744177327598553973e+01 9.121045773857285610e+01 8.022745749859419107e+01 1.001354045136776705e+02 1.139646638124914801e+02 1.222802182199174013e+02 1.309379061856984663e+02 1.228454524162472694e+02 1.230262799645702358e+02 1.175238029614584576e+02 1.033219457994288604e+02 1.085246640079839864e+02 8.882939522708927882e+01 8.592669427604947430e+01 8.244982945019117437e+01 6.302468211070599580e+01 7.341987748309450978e+01 8.725252243783714334e+01 9.806952531083859981e+01 9.675232911020302140e+01 8.815179470962429775e+01 8.154185785495451455e+01 7.539767324308259333e+01 6.702535384066587199e+01 5.032552478965405385e+01 7.184664042356597236e+01 8.117150535957900104e+01 6.727408827313225004e+01 8.631399096632158319e+01 8.548042032853319938e+01 9.860311538957924427e+01 1.182342115561379217e+02 1.158671042698675109e+02 1.236136963847570627e+02
5.323576852602485587e+01 7.170321967773590188e+01 7.987105900875654640e+01 7.758345762619995867e+01 7.133400343581065783e+01 9.121045773857285610e+01 9.987793068858088930e+01 9.404301477912682117e+01 1.139646638124914801e+02 1.312113055896046205e+02 1.195984840619951513e+02 1.112559373590508756e+02 1.049879295180146102e+02 8.945521989326950063e+01 9.599267107748630679e+01 9.280988774234624827e+01 7.520801795889576624e+01 6.656833020425189318e+01 7.674835772632434328e+01 9.059604079213265493e+01 1.010851673925797485e+02 1.109741286121564343e+02 9.147418741306762513e+01 7.783546717946653359e+01 6.674354043527272040e+01 7.050511777995380669e+01 5.100630007337277050e+01 6.979616880867055784e+01 7.633101166575750085e+01 6.198775887712933752e+01 8.117451086135660887e+01 9.441941236986967567e+01 1.043529312553203710e+02 1.118394660522778850e+02 1.101551731929285296e+02 9.612389308621732198e+01 1.101551740049976758e+02
6.983736575310845751e+01 5.731315267097281207e+01 6.031098517729702024e+01 6.346129431929363562e+01 6.775765173772943228e+01 7.379370300502836244e+01 8.007226194216502790e+01 9.146843291820532329e+01 1.113655182759824527e+02 1.228536555752130539e+02 1.027658183729531629e+02 9.143475620217070343e+01 8.537268389298972693e+01 7.989195493597419784e+01 7.663430216559400776e+01 7.348868414480278943e+01 7.039506714988749536e+01 8.592669427580538866e+01 9.409148493737562546e+01 1.044437238579409097e+02 1.093350323595243765e+02 9.803155427568913183e+01 8.985896681874615410e+01 8.357397818381826937e+01 7.239915866634822805e+01 5.101020001408968341e+01 5.148790042636927211e+01 6.751775879168441463e+01 5.697993134450987895e+01 7.634232925541999748e+01 8.923185545807592689e+01 9.871853911785827052e+01 9.965440898628661159e+01 8.969219099402442907e+01 1.005798224686958662e+02 8.257335532435014613e+01 1.013923119199891545e+02
7.809241339405919291e+01 7.371187033265698574e+01 7.446390499114653494e+01 7.501002961220081033e+01 8.763853416576162658e+01 7.715979881228103920e+01 9.698467462416410001e+01 1.081616164995286056e+02 1.196782096071628843e+02 1.254778426027137215e+02 1.053650313243407197e+02 1.062752291977412682e+02 8.661841488616933304e+01 9.932549584962272604e+01 9.599156700066910730e+01 7.997981826491421486e+01 8.146937463515141076e+01 9.790675230445417299e+01 1.114497169462627539e+02 1.031641484374253110e+02 1.010763411903540856e+02 8.164727885129360629e+01 7.054800827847033418e+01 7.548440045903855378e+01 5.633108609674948752e+01 7.238574068849605680e+01 7.099496820974002276e+01 5.218723337859341882e+01 7.170406632680960968e+01 7.988078192484242379e+01 9.150221846509866452e+01 7.879136101799406333e+01 8.169263775748717649e+01 7.187591769097619476e+01 8.864112008178553026e+01 7.383769163894808685e+01 8.412190963250652942e+01
9.076033213882345763e+01 9.699451588916291200e+01 9.433526299913430080e+01 9.487097664062775948e+01 1.031355124847424634e+02 9.115111265504866367e+01 8.967420260754099104e+01 1.037011302902766658e+02 1.237186854561218183e+02 1.338319367996496965e+02 1.254778426027137215e+02 1.115748988295949573e+02 9.174535080410815624e+01 1.115748988295949573e+02 1.068815989009764422e+02 8.721797557986539573e+01 1.009806534687425454e+02 1.092468495372431647e+02 1.001412775101965025e+02 8.374980994224888775e+01 8.876103058009721281e+01 8.572549973961250203e+01 7.870977970717653704e+01 5.935750421835496127e+01 7.548440045903856799e+01 8.351337469457578777e+01 7.150391861766055968e+01 6.245219969681694749e+01 5.289569238932682538e+01 7.144337047154989762e+01 7.863070898269833719e+01 6.495006323760055977e+01 7.505618477966332591e+01 6.258586133176837762e+01 8.008012824633684090e+01 7.892187422605523750e+01 6.306669812667806951e+01
7.797852644459956650e+01 8.384386521138497983e+01 9.205765356499770746e+01 1.060579166315115174e+02 1.107351181021893751e+02 1.109670437176467033e+02 1.095629566091563305e+02 1.178810880903961760e+02 1.208553195299864598e+02 1.291199980554859508e+02 1.257995847231571531e+02 1.056828410119842516e+02 9.911432145039761110e+01 1.191462598823999741e+02 1.151562411954784295e+02 9.845314711175998923e+01 1.151562411954784295e+02 1.052398747886523296e+02 9.195527488160072949e+01 7.278980907271139245e+01 6.956264785286677466e+01 6.645792358475199535e+01 6.344620676978424001e+01 6.381208023943354846e+01 8.314503386280142649e+01 9.904591096475289191e+01 8.277361511194236243e+01 6.338918233236213240e+01 6.292321613316511986e+01 5.360918726746173490e+01 6.973346998947093311e+01 5.506734422371309279e+01 5.559511725287215711e+01 5.612884031982530075e+01 5.731789187340051228e+01 7.703976462077302756e+01 5.895778424333246903e+01
6.396619941754448746e+01 6.411946522430673667e+01 7.805739049848391176e+01 9.097247468536225767e+01 9.096201482109476899e+01 1.000111167409300350e+02 1.082556907562039896e+02 1.119469686448206005e+02 1.009502490793261700e+02 1.176197461931724888e+02 1.341533469513004775e+02 1.257995847231571531e+02 1.090468639232274342e+02 1.275061218043762494e+02 1.266796715383844116e+02 1.183950781596184925e+02 1.126553027039810502e+02 9.700255332946136377e+01 7.778308959894964403e+01 9.195527488160072949e+01 8.307460205697543643e+01 8.572549973961250203e+01 8.278722192222126353e+01 6.857470866463181380e+01 8.781036594817427954e+01 9.649082505143242372e+01 7.709528901918797317e+01 8.277407945037722925e+01 7.042165663202830217e+01 5.552907703078987822e+01 5.432674323949791528e+01 7.342623255688948802e+01 7.097081595804360177e+01 7.558171412461386751e+01 5.695620758306500875e+01 5.780079839555767762e+01 7.715186146047058457e+01
5.180963019909584943e+01 7.137833469757623561e+01 7.804807802465542466e+01 7.115207142666335471e+01 8.474640467825186363e+01 8.018349262750257367e+01 9.279017559781230773e+01 9.208833656957280311e+01 8.951671806594906400e+01 1.093631217470592532e+02 1.265243076125590278e+02 1.376018251722155128e+02 1.292456558415724999e+02 1.376018251722155128e+02 1.300598682070889822e+02 1.098959214050254189e+02 9.596792981883299944e+01 8.490931206850071078e+01 8.321956111203017770e+01 1.025960694948491039e+02 1.024892834420829075e+02 9.602451147397745501e+01 7.676063369518857371e+01 7.963619464580474983e+01 9.596105202147298030e+01 1.046431875595232981e+02 9.648974687148809437e+01 9.816316279143637757e+01 8.835504508995327910e+01 7.610959770498463683e+01 5.658475773666064867e+01 7.642519571356226038e+01 9.111594000610348587e+01 7.710960689590253025e+01 5.768534527894834696e+01 7.673300790604858435e+01 8.475624678700889092e+01
7.061631050710025193e+01 5.549980707257118695e+01 5.831526769816662892e+01 6.127995985510283816e+01 6.492275787908970131e+01 6.872874145794055778e+01 7.296593181285915364e+01 7.809595854556300765e+01 8.694173906461914214e+01 9.836561196243602012e+01 1.182602940586242113e+02 1.270064372671236299e+02 1.187960284373482693e+02 1.270064372671236299e+02 1.258563068558640055e+02 1.057473025198661531e+02 9.445505559697187437e+01 1.043507116931560290e+02 8.918980908082463088e+01 1.087961337423707562e+02 1.073152717360240018e+02 8.775910130607960014e+01 8.775910130607960014e+01 9.897649264635089139e+01 1.072235376354260126e+02 1.100162790877676429e+02 9.569236941447840650e+01 8.716211699293870652e+01 8.476492026052977735e+01 7.875832874411943862e+01 5.889887470038063810e+01 7.709118652838067476e+01 8.653663913296023225e+01 6.848223605911204004e+01 5.836713857413275974e+01 7.525693622921528458e+01 8.300516077154512118e+01
6.788149023476348987e+01 7.516983826252561585e+01 7.224225023026160386e+01 7.268495205290322758e+01 7.268495203419465156e+01 8.856362557387411982e+01 8.697904251831297984e+01 8.914783154271749765e+01 1.061467330033755871e+02 1.150285682517039731e+02 1.257945695361009655e+02 1.170641378040647709e+02 9.888536778345846301e+01 1.170641378040647709e+02 1.342424392199930310e+02 1.226093483756322087e+02 1.057473025198661531e+02 1.158198022285447024e+02 9.595386776702522980e+01 1.158198022285447024e+02 1.156256044743812623e+02 9.890820466846662384e+01 1.073152717360240018e+02 1.156256044743812623e+02 1.140915850766778874e+02 9.982717966189534309e+01 8.155806668766925327e+01 6.758903441346231489e+01 6.492470395006584738e+01 6.231639561664501770e+01 7.290919070789695411e+01 8.707163856286577186e+01 9.520145667131184553e+01 8.462778880335129372e+01 7.770158277146730086e+01 5.933240224486114300e+01 6.974084769903181780e+01
8.180944002716962871e+01 8.757782240255865247e+01 9.206458622668364455e+01 8.669849581955487849e+01 8.259359536855964734e+01 1.007426953527217108e+02 1.068194918910943016e+02 1.089967481106435088e+02 1.172504264011280242e+02 1.199534321168442546e+02 1.059109198789246449e+02 1.088406981104033235e+02 8.891015321300342578e+01 1.088406981104033235e+02 1.206670330042789487e+02 1.342424392199930310e+02 1.258563068558640055e+02 1.241976469784560209e+02 1.072941784536012477e+02 1.241976469784560209e+02 1.271589043056826824e+02 1.187995389216270326e+02 1.149796419772688267e+02 1.066008989568882299e+02 1.009888517390512561e+02 8.556255924459627238e+01 7.154683528061106301e+01 8.744126415997992297e+01 8.476492026053219320e+01 6.889656003678449281e+01 8.879266192788416845e+01 1.012342187472263930e+02 9.811953926327359454e+01 8.417930160747906143e+01 6.543241087152971147e+01 7.594417338188692668e+01 6.033492589079488511e+01
