MOVIE_S3_data/elevation_000736.asc
nrows	100
cellsize	150.0
xllcorner	0
ncols	100
yllcorner	0
NODATA_value	-9999
[rows 51 to 67 of 100, columns 37 to 73 of 100]
1.014703910903842683e+02 8.136166695396808279e+01 9.141562714383277921e+01 1.115559986645840524e+02 1.150750997070053643e+02 9.537008602428763027e+01 9.898602340793226517e+01 8.038264300597981560e+01 9.914519509619753990e+01 9.755272087503357170e+01 8.293336336918552831e+01 6.318922134168835925e+01 8.293336339652371691e+01 9.927122876568670051e+01 1.016479154013288024e+02 8.175749003140823845e+01 6.943984573886393719e+01 7.695729920920484801e+01 8.947039234783156303e+01 9.773640141606685461e+01 9.969996180179207101e+01 9.202687768006799729e+01 8.941757648286635174e+01 7.567353880264805355e+01 5.934121583586134818e+01 4.597353852731834678e+01 6.240596748488786005e+01 6.053987608144215216e+01 4.070225927890466977e+01 5.581614739978084572e+01 6.918309790059907982e+01 6.588279856608264140e+01 8.262041057396541532e+01 9.037820165906052239e+01 1.005035457228472922e+02 1.018125419704663273e+02 1.100126924804779662e+02
8.778456936539524236e+01 7.504595373525241087e+01 9.511145417927642143e+01 1.088766832983669417e+02 1.178855473469609194e+02 1.150750997070053643e+02 1.084655232615865970e+02 9.175278657712493668e+01 1.084655232615865970e+02 8.931462746919412155e+01 6.964625076286232286e+01 6.852263274572162288e+01 8.239638727184403422e+01 1.021755664496334930e+02 1.033231335003153077e+02 8.340940542026041271e+01 8.340940542026041271e+01 9.682065125886879287e+01 1.051015093478801390e+02 1.038294025089533648e+02 9.564059913431343318e+01 9.269553920660203516e+01 7.847967798905058601e+01 6.198130000552468744e+01 4.858662662297355439e+01 6.498355760652749780e+01 7.300488426164449152e+01 6.103677168792972196e+01 4.118854482356519497e+01 5.736546347320911821e+01 4.918130176095995409e+01 5.569434524553623334e+01 6.311137947730487241e+01 7.467405547573387992e+01 9.289695640021882639e+01 1.006313915504788099e+02 1.089925242304055786e+02
6.780735866998961114e+01 7.377521277288482793e+01 8.042898955626915836e+01 8.939701782259820106e+01 1.036327948643784396e+02 1.238107981626642129e+02 1.199956060149636841e+02 1.116991995998975256e+02 1.082772568397222557e+02 8.841470294678852326e+01 7.456157877869677009e+01 8.818957472671479536e+01 7.729342467749070522e+01 9.700474528979663091e+01 1.116142503433759430e+02 1.033231335003153077e+02 1.033231335003153077e+02 1.015691850222497834e+02 9.337750547194605133e+01 9.564055910420705686e+01 7.622932285690414744e+01 7.326596657019517522e+01 7.040468468348439046e+01 5.123900303904844122e+01 6.198130000552468744e+01 7.569943824419556222e+01 7.450381592785657858e+01 5.721933305420865423e+01 5.608253674152159363e+01 4.187917053052422034e+01 6.350295508622603791e+01 7.578420873045882900e+01 8.262041057532550781e+01 9.037820165906052239e+01 9.716533776910397080e+01 8.041203382249153719e+01 9.732458788075570055e+01
8.778456935821949969e+01 9.383188296129415562e+01 1.005333296647123973e+02 1.088766832983669417e+02 1.178855473469609194e+02 1.243827094893206748e+02 1.160318125560079494e+02 1.243827094893206748e+02 1.104642811770064270e+02 9.058425808110763455e+01 8.072334637777953503e+01 1.004798723688509625e+02 8.707617139520925775e+01 9.117735720567914370e+01 1.110733046356841101e+02 1.135280179854860023e+02 9.373250712127943984e+01 8.259705333313532094e+01 7.408800261714301882e+01 8.428420459895875183e+01 7.871839456550438285e+01 6.257537864810174710e+01 5.396509350118172677e+01 7.040468468315120276e+01 7.847967793318672136e+01 8.941757648286635174e+01 8.039476572339066252e+01 7.182713089520710525e+01 6.222171939365339455e+01 4.237173586178383289e+01 6.239547008720831656e+01 7.803869114008243457e+01 8.642827951269698872e+01 9.481561116045223514e+01 8.655531458115389398e+01 6.881797491529840727e+01 8.518967324097160088e+01
9.047840949311110137e+01 1.029993601050829568e+02 9.463972955302638468e+01 9.725972493602417046e+01 1.056186187095472917e+02 1.100981622484202234e+02 9.578015884692301540e+01 1.142701807300851584e+02 1.187530129347084369e+02 1.075102489158293082e+02 8.762534119317618320e+01 1.075102489158293082e+02 9.848805023066806541e+01 1.110733046356841101e+02 1.193633138710642640e+02 1.218030979516606465e+02 1.103433272328468888e+02 1.015691850053294445e+02 8.428438951964712089e+01 6.500389738221070957e+01 5.931776388478122897e+01 5.704376140888626878e+01 7.326604864586649057e+01 6.426291428449627574e+01 8.360460199533551418e+01 8.806679503251862684e+01 6.807121018224071918e+01 5.377030962946072634e+01 4.806202250719982061e+01 4.286748232358981170e+01 6.259246176420659680e+01 5.780248839274845096e+01 7.803910318513700872e+01 8.329153193544628664e+01 6.658612648947946866e+01 6.054498913207591215e+01 6.522279458583808776e+01
8.529308734781093904e+01 9.139167262085503296e+01 7.456644843953318968e+01 7.716472653216277422e+01 9.725972493602417046e+01 8.987188258414421682e+01 8.568605977780470084e+01 9.997735277289953615e+01 1.202189717239410243e+02 1.158031020756374119e+02 9.905431908560565546e+01 1.158031020756374119e+02 1.184697711169515628e+02 1.267651195256141960e+02 1.266486628001392916e+02 1.183641735096377658e+02 1.056532105519391109e+02 9.439563741482892567e+01 8.233763004852492884e+01 6.301710332512686819e+01 7.871856388833683127e+01 7.643236827511286435e+01 8.452666744421156864e+01 7.391976956720445457e+01 9.173272976413463198e+01 8.806679503251862684e+01 6.807121018224071918e+01 7.365777404271807427e+01 6.700995542844519548e+01 6.290091229730974476e+01 4.357897426372682759e+01 6.327795799135223120e+01 7.254940787863851881e+01 6.997785674038701131e+01 5.488567195634216489e+01 7.502614946155922837e+01 8.518967324097160088e+01
6.536229544120814694e+01 7.367118621167078629e+01 6.315406583259778017e+01 8.290471077829312208e+01 8.790261199540910297e+01 7.567169503282950416e+01 8.987188258414421682e+01 1.100981622484202234e+02 1.137904418087153715e+02 1.221457142732630672e+02 1.190612638765335021e+02 1.273580531012805039e+02 1.371426725646767011e+02 1.288602710476265827e+02 1.151361928343768568e+02 9.844898570490464351e+01 9.743508640291956624e+01 7.807790068144961992e+01 6.704747020839423044e+01 8.233762983712320249e+01 7.417805458799738005e+01 9.348381729347549651e+01 1.014749611912706513e+02 9.328943442346842119e+01 1.014749611912706513e+02 9.623532747591457337e+01 8.806679503251862684e+01 8.105616606107582811e+01 6.096248013897815099e+01 4.671293373768361334e+01 6.363216145465776918e+01 4.431844278847561469e+01 6.439732854512911331e+01 4.983543176413819964e+01 6.997785674038701131e+01 7.497399824301531623e+01 8.005608966219557487e+01
5.142221646904191346e+01 5.389712395658600741e+01 5.840406643315625956e+01 6.301415289923058793e+01 6.791100712694517938e+01 8.790261199540910297e+01 9.457366708865752969e+01 9.947005342398351502e+01 9.353835433657746989e+01 1.137904418087153715e+02 1.270079136975799088e+02 1.371426725646767011e+02 1.255826255193000520e+02 1.088264559009357129e+02 1.068661344696131295e+02 8.721259034588035775e+01 9.077804389704546395e+01 7.160625541445975273e+01 7.429035412014037831e+01 9.353178882804209593e+01 8.521606198245144981e+01 1.016730430237307132e+02 1.144853313145245579e+02 9.470054067097159134e+01 9.462451817064265924e+01 9.222457422638393609e+01 9.508348958934965367e+01 8.075802091290381668e+01 6.912019234165295245e+01 4.898132635556123660e+01 6.902839622572233225e+01 6.184638487648411598e+01 4.506340853830497650e+01 6.470087864796529686e+01 6.822477120009507701e+01 5.476776924865229290e+01 5.972730983200430188e+01
6.780731902828935631e+01 7.367111091873280770e+01 5.873203508407760864e+01 6.230304993977431138e+01 6.613722349288208591e+01 7.014278795652430176e+01 7.445350242884268255e+01 7.928173537960350359e+01 8.827438371063421130e+01 9.839462736083255834e+01 1.186604536101516345e+02 1.288602710476265827e+02 1.088264559009357129e+02 9.733865764554757050e+01 1.073162000626685000e+02 9.551915547924588168e+01 7.626066919201581129e+01 9.077804389704546395e+01 8.376369248949752944e+01 1.017289146871218719e+02 1.047777810815530728e+02 1.130266804369709348e+02 1.043499937087384666e+02 9.290197258987480211e+01 7.507486844638569323e+01 7.006549809994366740e+01 7.870360111551056548e+01 6.826884078570884640e+01 5.234803245168358643e+01 6.326286101928585026e+01 7.727216669273131799e+01 7.248730760359114811e+01 6.189508705327631333e+01 4.582153791312764923e+01 4.886623339381718978e+01 6.823842024807187556e+01 8.005543072351430567e+01
5.941374335723123323e+01 7.927395760083796006e+01 7.268052795033010227e+01 7.369466197728789325e+01 8.609237825102472641e+01 8.426774178888969402e+01 8.864837437650371044e+01 9.353835433657746989e+01 9.353835433657746989e+01 1.137904418087153715e+02 1.270079136975799088e+02 1.292673527578166954e+02 1.214423208369076121e+02 1.014649692542583068e+02 8.759404522690267925e+01 8.234481730368177921e+01 8.469264126652133484e+01 1.037364298524984889e+02 9.748138629171695868e+01 1.115544209676186966e+02 1.193369752501916707e+02 1.110966859152691057e+02 9.609309198607444102e+01 7.632027284822709134e+01 6.483425492617340069e+01 6.166774382270365606e+01 5.863181454622283439e+01 5.592900442094501301e+01 6.665986478882439314e+01 8.075793521911872119e+01 9.150989016188880498e+01 7.910141313184263367e+01 5.827554168820839209e+01 4.636278247174340095e+01 5.096347759151814216e+01 5.925218926593903035e+01 7.256938890561602307e+01
7.081685104500907357e+01 8.759895149943837112e+01 9.272030355877681984e+01 9.376846737216727945e+01 1.021309966672838669e+02 1.044639943360334797e+02 1.088785891153698628e+02 1.137904418087153715e+02 1.137904418087153715e+02 1.221457142732630672e+02 1.234684077835271410e+02 1.094299585946417608e+02 1.234684077835271410e+02 1.155968749137228713e+02 9.819553284511086133e+01 9.602434523217762319e+01 9.587237437374308513e+01 1.125437116072265127e+02 1.173469850411081694e+02 1.163212151815457389e+02 1.080705813466757661e+02 9.149770676887108323e+01 8.953109884418242359e+01 6.981466974188617769e+01 8.467724953420045608e+01 8.164533942789340415e+01 6.584830621138715401e+01 6.503807918390901932e+01 8.429738311800738870e+01 9.485410763562856573e+01 9.887074251118603740e+01 7.916393316940038005e+01 6.960008165303145233e+01 4.690631080187272062e+01 6.280084673771165882e+01 7.144795030278304182e+01 8.228457535648067278e+01
9.082660971173510234e+01 9.917688815084035525e+01 1.025695699960329819e+02 1.023910608087037417e+02 9.400320584715501582e+01 1.023910607859465358e+02 1.167175136526672219e+02 1.165898731005735556e+02 1.249571020283811862e+02 1.241722236056498474e+02 1.145637985366997924e+02 9.530956088975638352e+01 1.145637985366994798e+02 1.263737960008949130e+02 1.180901247678255999e+02 1.159016004154296553e+02 1.157602732192504504e+02 1.240452329643026275e+02 1.221400320124498933e+02 1.022428240657730356e+02 8.849147582100819420e+01 8.135389113642190750e+01 7.561494718976217655e+01 7.610106752274506903e+01 9.555248310588721949e+01 9.321942781257418176e+01 7.341589338635276363e+01 7.657439269374687285e+01 9.320474560216197801e+01 1.055571033648139974e+02 8.580846727175821798e+01 8.580832320712627848e+01 7.635753137734830887e+01 6.686732348894533118e+01 4.767731674346719473e+01 5.547957289004210679e+01 6.366592776604041148e+01
7.931898339973062662e+01 8.768189527264968319e+01 8.234829643710796176e+01 8.234829643710796176e+01 7.381631059120675786e+01 8.806460750674614246e+01 1.073165868773936182e+02 9.628235025950372972e+01 1.132506836043432230e+02 1.159364348084534697e+02 9.598003245130927041e+01 8.627241061422759572e+01 1.063269454672270484e+02 1.219981238574653020e+02 1.153065897913825779e+02 1.070723748051790238e+02 1.153065897913825779e+02 1.252461719424352680e+02 1.279810551082365464e+02 1.080705813466757803e+02 9.704554375682722878e+01 1.006703750446748415e+02 8.172778185569526954e+01 8.897999196167972968e+01 1.072885377240099274e+02 1.014749140934017930e+02 8.328314015193809894e+01 9.642043817841931741e+01 1.046779919584524805e+02 9.974076171864858509e+01 8.003752195688090865e+01 6.605302194889914347e+01 7.119227705111735816e+01 5.088072980555872959e+01 6.806009681388762544e+01 4.847818227517894485e+01 6.303813348060845101e+01
5.935851133692447235e+01 7.075214015511829757e+01 7.381640886015416925e+01 6.233924646103042733e+01 8.234829643710796176e+01 8.704762217468611141e+01 8.704762217437185257e+01 8.456430404560782677e+01 1.048653193217234048e+02 1.144282012281520196e+02 9.964210051622720243e+01 7.948061779844256591e+01 9.379275136143181157e+01 1.093078228750330823e+02 1.010641550000793956e+02 8.709614465568390074e+01 9.708425974797594904e+01 1.128804244303038047e+02 1.243561895415699183e+02 1.250542229494640054e+02 1.167990246792718523e+02 1.085053572914775657e+02 8.876405421356903958e+01 1.010438460770828897e+02 1.185419073387832043e+02 1.114243256369377235e+02 1.031557154732103214e+02 1.114243256369377235e+02 1.035715490799309890e+02 9.534331694183698858e+01 8.594115151896505722e+01 7.440336644558044554e+01 5.421778206710347092e+01 7.121191975361053039e+01 6.944974811849009200e+01 4.904899245345996661e+01 6.837193930818794740e+01
4.796028202293334175e+01 5.091369581604546113e+01 5.395767795257102506e+01 5.814048097801899928e+01 6.241551197569955178e+01 6.692917689880860621e+01 7.292339130313813200e+01 8.456430404560782677e+01 1.048653193215660906e+02 1.061867454678788221e+02 8.612072808691547721e+01 7.437000052580846443e+01 9.460172806533307721e+01 9.774843014204139990e+01 8.099315033793233454e+01 7.695510776581895129e+01 8.463939884147522719e+01 9.624642061093457812e+01 1.161202069933007550e+02 1.126196927603207882e+02 1.208817705816702244e+02 1.167837388008275212e+02 1.000470671697415241e+02 1.167837388008275212e+02 1.292156043529455474e+02 1.206563497016163922e+02 1.121358200887848824e+02 1.133382728628015172e+02 9.534331694229736343e+01 7.571443386436487799e+01 7.775879098029220415e+01 5.776464306000285376e+01 7.440336644558044554e+01 7.822132376198912596e+01 6.037060359485967354e+01 4.962604081957279334e+01 7.003557111667818447e+01
6.779478890879234143e+01 7.075214015511829757e+01 6.793332183888075804e+01 6.643997235440396310e+01 8.243213428737024628e+01 8.704762217468611141e+01 8.332813228310050135e+01 1.015395181565026235e+02 1.132506835101321201e+02 1.043977998504272051e+02 8.430022788807005441e+01 6.991571701154052221e+01 8.443511135264270706e+01 8.323334901007081044e+01 6.924715067929432166e+01 8.947615542623769613e+01 1.046460710756244765e+02 1.128804244303038047e+02 1.093754529984505552e+02 9.269716368436779419e+01 1.093754529984505552e+02 1.144481464655901704e+02 1.200595964705814254e+02 1.283303343296977630e+02 1.282443301352200251e+02 1.063454478709234081e+02 9.165801882167647818e+01 9.901375705049522935e+01 8.538186767103954367e+01 8.146360061015819554e+01 6.168297544478234329e+01 6.399906872064410379e+01 8.369834680673584160e+01 8.631088175207912627e+01 6.945856613775792709e+01 6.907528074374297944e+01 5.046245273645672569e+01
7.275931569196002613e+01 8.929007473329110667e+01 8.801943733553358129e+01 8.650947998858238464e+01 8.279677488499683591e+01 1.030291232649652358e+02 1.035974542956820272e+02 1.119816631642752753e+02 1.133845296644885110e+02 1.049326576312057568e+02 9.829128183456245438e+01 8.443511305287452728e+01 6.417020901913488728e+01 6.298426514920966923e+01 8.323334901007081044e+01 9.774846485585007372e+01 1.012503328276166599e+02 1.070727577210237200e+02 1.011174152353811309e+02 8.107433682051187418e+01 1.009407079532680029e+02 9.407202404499157922e+01 1.083189479536550692e+02 1.204895430957150353e+02 1.222586702120321718e+02 1.133376424788315262e+02 9.901375705052366527e+01 7.920371017247839518e+01 7.237411963057762421e+01 6.578786027454572150e+01 8.146360061015819554e+01 7.066096586564474080e+01 9.021703727728142042e+01 9.719905509824258161e+01 8.149057820254857631e+01 6.158978576230235547e+01 7.085696908506983505e+01
