MOVIE_S3_data/elevation_000591.asc
nrows	100
cellsize	150.0
xllcorner	0
ncols	100
yllcorner	0
NODATA_value	-9999
[rows 0 to 16 of 100, columns 37 to 73 of 100]
6.000530656360605519e+01 6.000530656360604809e+01 6.845749433580103016e+01 7.286394108929485469e+01 7.052568242680189314e+01 6.224390747459032980e+01 6.224390747459032980e+01 7.052568242680189314e+01 8.208344403232246123e+01 8.649130385490529704e+01 9.227786031916308218e+01 9.017643585546512952e+01 8.202958467424676314e+01 7.945863168730244297e+01 8.764194890809427818e+01 9.038427815538635457e+01 9.853389417826929275e+01 9.129441597254319163e+01 8.300921632392368110e+01 9.129441597254319163e+01 9.363757143649530690e+01 8.535474955894544280e+01 8.364793473934491885e+01 8.823881152568490904e+01 8.002418028908553538e+01 8.554038069655295828e+01 9.159772087593330525e+01 9.829302066325617204e+01 1.064893431884877941e+02 1.164388504422230710e+02 1.257433557203137582e+02 1.175674345859427632e+02 1.201374104530950149e+02 1.283126962684929424e+02 1.323190817453555610e+02 1.262815524727781735e+02 1.181292156424888731e+02
3.903999416684627732e+01 3.903999416684627022e+01 6.000530656360604809e+01 5.281351018193070956e+01 5.281351018193070956e+01 4.215978012902061067e+01 4.215978012902061067e+01 5.377282553006648413e+01 7.381562060834957606e+01 6.662903233027289218e+01 7.244655697006929529e+01 8.202958467424676314e+01 6.217209715849998730e+01 5.959477847626593672e+01 7.619072027731021990e+01 7.051193287474808358e+01 8.709397638066228353e+01 8.127681770054974209e+01 6.296036929522659875e+01 8.127681770054974209e+01 8.206914407395031219e+01 6.530082727180915469e+01 6.360776458495249841e+01 7.288493061074106549e+01 5.995501947166146550e+01 6.547954468845530585e+01 7.150779625784453231e+01 7.820712133879598582e+01 8.829739461827854541e+01 1.082886467086427587e+02 1.142593067305684400e+02 9.761329551431309426e+01 1.002296720145018583e+02 1.168478496257459369e+02 1.125811720959655986e+02 1.125811720959655844e+02 9.821070432652487625e+01
2.384974050563090131e+01 4.517951536289039893e+01 5.623557838035141287e+01 4.794626389292891844e+01 3.267218310714788743e+01 3.049304288148611164e+01 4.476840318106437167e+01 6.484156719755502252e+01 7.244655697006928108e+01 5.255943294070102922e+01 6.096494772468171419e+01 6.917456708174624680e+01 6.799013091631096017e+01 4.810238203087963171e+01 6.744296299386884641e+01 5.904779608662036594e+01 7.891097425818070121e+01 7.298479280957513993e+01 5.297755221705712358e+01 7.298479280957513993e+01 7.312140794737813110e+01 5.377391801231625834e+01 4.949307826825878465e+01 5.291801643262163424e+01 5.866253304593986684e+01 6.466523558679421058e+01 8.472151395644961269e+01 9.829302066325617204e+01 1.064893431884877941e+02 1.164388502379496231e+02 1.052742395730284670e+02 8.584603064590196198e+01 8.849841134115953878e+01 1.086436723066166223e+02 1.125811720959655844e+02 9.252536594172190121e+01 8.643178408823648340e+01
2.733152745698938801e+01 4.383734086016958287e+01 4.447240177312419007e+01 2.765378461998632531e+01 2.223396574387974667e+01 4.274284664453932692e+01 5.894535130626768193e+01 5.928008158640128755e+01 6.676343087521956932e+01 6.096494772468171419e+01 4.101653160108845952e+01 5.204391416601671949e+01 5.582159293979337633e+01 4.176278721055224707e+01 4.755247091265412251e+01 6.162509881088455188e+01 8.148852960847419524e+01 6.631571261206917711e+01 4.630932390149656896e+01 6.631571261206917711e+01 6.483113537304618035e+01 4.483215830417505998e+01 6.483113537304778617e+01 7.290516165346116395e+01 6.922367127024803324e+01 8.472151395644961269e+01 7.468292206588148474e+01 8.891483512249766363e+01 1.088718377058964535e+02 1.112222406400947818e+02 9.112705762920842290e+01 7.669826906836694036e+01 9.701280046531465473e+01 1.118363293542549997e+02 1.146703560040839278e+02 9.989676654431907821e+01 7.959316714419313143e+01
3.075708759238879608e+01 3.297877498337377489e+01 3.366259811303909544e+01 1.556900555587721158e+01 3.623039551023344984e+01 5.039179116361101052e+01 4.761506585295234117e+01 4.277029386344368334e+01 5.926676067489444222e+01 5.580567782517796616e+01 4.756810212988268205e+01 3.202800353198112759e+01 3.583165497800610666e+01 5.582159293979337633e+01 6.744296299386884641e+01 7.564417122157840367e+01 7.522453702096082395e+01 6.054036565828695871e+01 4.050680928914768231e+01 6.054036565795158964e+01 6.188244707283888602e+01 4.186203362371819026e+01 5.601959020042955473e+01 7.603663564870987557e+01 8.926242901867594526e+01 9.750730121897804281e+01 9.476010584701779749e+01 8.891483512249767784e+01 1.088718377058964677e+02 1.074467803073219017e+02 9.193416761573500651e+01 7.163963675088805871e+01 8.338879985290502361e+01 1.036073570644414161e+02 1.064698192919221356e+02 8.629324153785773888e+01 7.450481715425884488e+01
1.240902314891807912e+01 1.283288806829416018e+01 1.325918843429714222e+01 1.369098392445160783e+01 3.411332391819205156e+01 4.104434588241748116e+01 3.097330585113752832e+01 4.290661172808592028e+01 5.026350307063310652e+01 4.329942033819897773e+01 2.753754304088382909e+01 4.756803052181499680e+01 5.582154414921116370e+01 6.404088214066790385e+01 7.025827823771069802e+01 7.830011704315973020e+01 6.692925482172240947e+01 4.690459989819269992e+01 3.529810072551155287e+01 5.291702286764467544e+01 5.512043985885321007e+01 3.900845176511069212e+01 5.905113305048939054e+01 7.020658490543686980e+01 7.849964901988332144e+01 8.745597987386331340e+01 9.902944901535509814e+01 1.088718377058964677e+02 1.170052639156654521e+02 9.919530616633623765e+01 7.894803361275172904e+01 6.727002153087902059e+01 8.158607176328152377e+01 1.017963933535004202e+02 1.050260200998906441e+02 8.484750718891841359e+01 7.047559006722711672e+01
3.290308768061898803e+01 3.325300351841710267e+01 3.356873091994771130e+01 3.255921526509406050e+01 1.432084301033308371e+01 3.225941916189793091e+01 2.852897467916318064e+01 2.200526260871030715e+01 3.899911991527860522e+01 2.330936373594320088e+01 4.328882718690920939e+01 4.493986318022880511e+01 5.311268127422388829e+01 5.620730697124111686e+01 5.038720410815474793e+01 7.025827823771069802e+01 5.631274692453584407e+01 4.801372354559774180e+01 3.065844755361296237e+01 3.282955118365352121e+01 3.504848279202185779e+01 3.900845176513207946e+01 4.312366432339349132e+01 5.020974699754141568e+01 5.913356737387459106e+01 7.068035506493325215e+01 9.075487174733707718e+01 1.040148145795290588e+02 1.056432925614421379e+02 9.557734689846887477e+01 8.361121096477180004e+01 6.344712039265819215e+01 7.768973641045666056e+01 9.790692007943003716e+01 1.026728124952337566e+02 8.699137155043825942e+01 6.676642246560798810e+01
2.641002728410571265e+01 4.629537774010430695e+01 4.738173183529509203e+01 2.730925201729337104e+01 2.414783447732295585e+01 1.496526125177570954e+01 1.542777096296791761e+01 1.904849310064870593e+01 1.933455456051433430e+01 3.741966234176845774e+01 3.785812821464753597e+01 2.740770896731156725e+01 4.444442255031738398e+01 3.609450951718179113e+01 5.620538795571102497e+01 5.362643957029423802e+01 4.532458448680043261e+01 2.788357015142984352e+01 4.801472293365528543e+01 4.709468042158519552e+01 4.664929447150927899e+01 5.903907174475302355e+01 6.313663491746809342e+01 5.069680527389412816e+01 5.671334366726813414e+01 6.563778954212128269e+01 7.566090131779800743e+01 9.574997899191529882e+01 9.738413924167913649e+01 7.717249881993163285e+01 6.709791909813951349e+01 5.989405129676143247e+01 7.998963337144708419e+01 9.672005572477412727e+01 8.254008135726472517e+01 8.341607189081292972e+01 6.325796067093234853e+01
3.214494832657663181e+01 5.169019413426705256e+01 4.748625559520917250e+01 4.726930102148189405e+01 4.033658513171496196e+01 1.999347196922888514e+01 3.691441327845547704e+01 1.608809091261575475e+01 1.655578497379245917e+01 1.703000549526215224e+01 1.750271567080448065e+01 1.797361839875886957e+01 3.831868686064593987e+01 2.835978038834291226e+01 4.796792022972542213e+01 4.268841586373084596e+01 2.516177424188240508e+01 4.532458448680043261e+01 5.631277122949926195e+01 6.745579411526651370e+01 6.642664029633354517e+01 7.448976978697299955e+01 7.898843643996495700e+01 7.069538996560940802e+01 7.673091397109566003e+01 7.085303897870954870e+01 9.092135949565704323e+01 1.040148145795290588e+02 1.056432925619510144e+02 9.557734690112286557e+01 7.649144153421804049e+01 5.645134310342646700e+01 7.226660965511523216e+01 8.058509950883359352e+01 6.826399662873146212e+01 8.000872896469179807e+01 5.991470186974964207e+01
3.932379781129340302e+01 5.845360623302918412e+01 6.763917652611124254e+01 6.361999856571443956e+01 4.617610768014806411e+01 2.520950813022639281e+01 4.600772822994520794e+01 4.079844937200891763e+01 2.220510985739212373e+01 3.649352709861572208e+01 3.784168251733333932e+01 3.535931947112206331e+01 1.863976103743993917e+01 3.889363986444616472e+01 3.615239841132165566e+01 2.248084403983117596e+01 4.268841620791085489e+01 5.362646422747452846e+01 6.123062062354179602e+01 6.939166135870107155e+01 7.182946846761986137e+01 7.640976354709842155e+01 7.103216686397807678e+01 7.779063726872887230e+01 8.609759324707385986e+01 9.092135949565704323e+01 9.919571180003629252e+01 1.136713944913161782e+02 1.071835919736129341e+02 8.707075610107118280e+01 7.279083621272023663e+01 7.226660581949496986e+01 5.226942866839633695e+01 6.822656196176497190e+01 5.827878754949112050e+01 7.232237895820962592e+01 5.670645419622611172e+01
4.907744556544309233e+01 6.624778673401080198e+01 6.733938064849833438e+01 4.578550820940790089e+01 3.353781022536652756e+01 4.617610742463033802e+01 5.114605186114138036e+01 3.124953649972040992e+01 4.233657432947573085e+01 4.930934832307343640e+01 4.582875918085016309e+01 2.570554584183044255e+01 3.564578968179800711e+01 1.931435083213863990e+01 1.979455661786576215e+01 4.000889807545443944e+01 4.755610040481530376e+01 5.673725132095322721e+01 4.141655073370949225e+01 5.376855437865008724e+01 5.216776844549348624e+01 5.671650775363444552e+01 5.122093777650012214e+01 5.780728628988322981e+01 7.190220764337993842e+01 9.200656422806480350e+01 1.076171840838524076e+02 9.333895165997007837e+01 1.076171840838524076e+02 9.915503755127210184e+01 8.753671060358588818e+01 7.922692108530819155e+01 6.822647456169744373e+01 4.823468637075072962e+01 4.938206498467570071e+01 5.232623084320700002e+01 7.232237918880160521e+01
6.782976930991073061e+01 7.563857994331952739e+01 7.592402152698855389e+01 5.489529064831948091e+01 4.410420063970971682e+01 6.361967294331174116e+01 5.813183973483782552e+01 3.838471026089167282e+01 5.813183973483782552e+01 5.342651981889567026e+01 3.337006355583589112e+01 4.584618140155993871e+01 3.936078479101426808e+01 3.374529648144046945e+01 4.001705413392772215e+01 2.049905638496958815e+01 2.512948850047293803e+01 4.409262922443718224e+01 2.901320956659894534e+01 3.363690234074880436e+01 3.809085040829756252e+01 4.274697412726253276e+01 5.416814435051399101e+01 7.384491246302144418e+01 7.219124279436746860e+01 9.309165506529151912e+01 9.929461578614080963e+01 7.877585174450604200e+01 9.929461578614080963e+01 9.088036112405968936e+01 7.069612684880327436e+01 5.913964042847455005e+01 5.211145372815294508e+01 4.543942320350344488e+01 6.545418393605244489e+01 7.232237918631099660e+01 8.063631712885323566e+01
6.876945325796600628e+01 8.027726775275303339e+01 8.468856352298861623e+01 7.429374629640496153e+01 6.568629514339036746e+01 7.429357939441786129e+01 6.632082334413463798e+01 4.987836588612672983e+01 6.632082334397847490e+01 5.920717408172163942e+01 3.918240052622019221e+01 5.920717408172467344e+01 5.926326376244921335e+01 5.415718911382015932e+01 4.907063893970296675e+01 4.075944661466077434e+01 2.120170174679683939e+01 2.308768827961658587e+01 4.432840045298335241e+01 5.358685458521759415e+01 5.792654705231858259e+01 6.248453211026494358e+01 7.066918973257635628e+01 8.205289191748872213e+01 9.309165506529151912e+01 1.006346277768698769e+02 9.139602828958928171e+01 7.111166227132511608e+01 8.183194833340959917e+01 9.017326377959558670e+01 8.753673590852548614e+01 7.922692189682176434e+01 6.358778450752323153e+01 4.354477811508582619e+01 6.097840545748599084e+01 6.928647763441863106e+01 8.182004744265718443e+01
4.898284468569759298e+01 7.095831421982525455e+01 8.160899106561888061e+01 7.344583180042961601e+01 7.089778300678948142e+01 7.905686829921771164e+01 7.766439182370744732e+01 6.940888099893385288e+01 7.338563326120926433e+01 5.333426463225688252e+01 4.918792590034007617e+01 6.750545504023926924e+01 7.235772133644883297e+01 6.406177587527604089e+01 4.867342759256275286e+01 2.830971409558183893e+01 2.758951865678035276e+01 2.190701243990396918e+01 3.021818699171457823e+01 4.581223365921619006e+01 7.014426467647321317e+01 6.398851443353319013e+01 7.123133201589038777e+01 7.937804988551815200e+01 8.927511146376609474e+01 9.042168052025851921e+01 8.088346380150723292e+01 8.171220326455005534e+01 6.169212322621227429e+01 8.183194833340968444e+01 9.157578550066992307e+01 8.146199485145322683e+01 7.189648575513426465e+01 6.097840545173662719e+01 4.088755180202535655e+01 6.097840546573774390e+01 6.105730651920369922e+01
6.876945325836655343e+01 7.936998326564311412e+01 7.344586247703330173e+01 5.377077027975560952e+01 5.121423125538389343e+01 6.769015932406671254e+01 7.389018515883722671e+01 8.205601420991371242e+01 8.167673576123114287e+01 7.338563339881235947e+01 6.334441183020689436e+01 7.752365205069098408e+01 6.406177584840187933e+01 4.384221181224990715e+01 3.645422062968542321e+01 4.865263562636945949e+01 4.301338389642022264e+01 4.000512233832219522e+01 2.260324176852975242e+01 4.415783639219192480e+01 5.468774432297462340e+01 4.271847837715679930e+01 5.074555029740800194e+01 6.128199404056604749e+01 8.118066999121481331e+01 8.258708537428131535e+01 6.338811313981459961e+01 6.923760549057068658e+01 5.640558142091451543e+01 7.653876264577682775e+01 8.324838237900861770e+01 6.296967255678548270e+01 5.315614800053554490e+01 4.599214738030502758e+01 3.904516510532152296e+01 5.914255540475296158e+01 5.780070435606966583e+01
6.776634898524186212e+01 6.963473623678481772e+01 6.078712924088912217e+01 5.953347910450750646e+01 3.978227704366985762e+01 5.782000895086099490e+01 5.420831926551245772e+01 6.923160301593129873e+01 7.616901492082352831e+01 8.433033535272338099e+01 8.342685183896060153e+01 7.824980567638837670e+01 5.818490150830177043e+01 5.691307896756716644e+01 5.453238797166890350e+01 5.855863854362053189e+01 4.319726579503606700e+01 4.183921003102545200e+01 2.309188159320344624e+01 4.361608702482872246e+01 3.223224724374427552e+01 4.850463975446388076e+01 6.930003959631412158e+01 7.937804988551815200e+01 8.927511146376609474e+01 8.352170413727399989e+01 6.364119579909895918e+01 4.959352073805973049e+01 6.947411734821935170e+01 8.470289555005996363e+01 9.157575942816022518e+01 8.146195988790215381e+01 7.181313341287250296e+01 5.725744406365844696e+01 3.728677282223215173e+01 5.615721890900103830e+01 3.712868290377831215e+01
5.630855059303520704e+01 6.163339520471048871e+01 4.232557174717899784e+01 4.819629834548373282e+01 3.356906584882370481e+01 3.806370545544426420e+01 4.355088901416205971e+01 4.954689170477781346e+01 5.654705096934238640e+01 6.788144940657424797e+01 8.749004002684887382e+01 8.653082528963489040e+01 7.824980567638837670e+01 7.702339989946528931e+01 7.380685378283072851e+01 6.002902855228710877e+01 4.908927799389566360e+01 3.184198170699198371e+01 3.307400061883778619e+01 2.378179905630557656e+01 4.625324314583686913e+01 5.990920852454512868e+01 6.928078631872223525e+01 8.387810411184653958e+01 8.962875380513263224e+01 7.972570109252818327e+01 5.976122209587036593e+01 4.565436957159632669e+01 6.563374694061678838e+01 7.174083096325433928e+01 8.016421757339274734e+01 7.612696084034860178e+01 6.169955187681355113e+01 3.823789862461689637e+01 3.556289617009441884e+01 3.620800277803771650e+01 5.081585153747506922e+01
