MOVIE_S3_data/elevation_000264.asc
nrows	100
cellsize	150.0
xllcorner	0
ncols	100
yllcorner	0
NODATA_value	-9999
[rows 68 to 84 of 100, columns 0 to 36 of 100]
2.958550950857541384e-02 2.002958550950252814e+01 2.572145989495828644e+01 3.723101798040491417e+01 4.832270978757033930e+01 3.674216868650529477e+01 1.634472978280916777e+01 2.745202519842636590e+01 3.110121355496652740e+01 1.659768796103890409e+01 3.651835989073965294e+01 4.702144523892275174e+01 3.324963558371383954e+01 3.538086145396882642e+01 4.354499871838357450e+01 2.899307860693838990e+01 4.860878281480331253e+01 4.752278972086546815e+01 3.100078596419604438e+01 2.208986810709045301e+01 4.226754164604086128e+01 5.260075497537864919e+01 6.653015238748709237e+01 4.919777595799817504e+01 6.653011674013461629e+01 6.316057842749167150e+01 4.218214768418199867e+01 3.922347946298960863e+01 4.247821945712312441e+01 4.591007062201493483e+01 6.084440588923461490e+01 7.608736405617959520e+01 7.474403050798477466e+01 7.695918710377591765e+01 9.269572467210112166e+01 8.420067442541284208e+01 9.583525035125394709e+01
9.835479489548564214e-01 2.098349172253498551e+01 3.552464393531455045e+01 4.450492598223469543e+01 5.686899048612326624e+01 4.505872535854875593e+01 2.562944998166986466e+01 4.505885228771183648e+01 4.049973651724307189e+01 2.059355341752369739e+01 3.472257143387807332e+01 5.446548409994312578e+01 5.277656102744153799e+01 4.915826177809585573e+01 5.658779655471742132e+01 4.860878281480331253e+01 3.456821511195430929e+01 5.353262080144148882e+01 4.477018512407048689e+01 2.484873708625018551e+01 3.382753780717647629e+01 4.550734772912189641e+01 6.591627987110564391e+01 6.403580248722686008e+01 7.508406003155451458e+01 5.442304288197934881e+01 6.316342583172917813e+01 4.594937194738807307e+01 6.349999640342043250e+01 6.685365369497120014e+01 5.120370648687781312e+01 5.547375847032654406e+01 6.019282352321883423e+01 6.597237978295315486e+01 7.248367678341810461e+01 9.269572467210112166e+01 9.972920618199462695e+01
5.722010782348829760e-02 7.233613952670737923e+00 1.585941473803368496e+01 2.931038597059419715e+01 5.173625734260924958e+01 5.404437988831295314e+01 3.991115573249378201e+01 5.404451657371768647e+01 4.483664404848509832e+01 2.496251260751704137e+01 4.483664404848509832e+01 6.060908424570059339e+01 7.035203170915529824e+01 6.881344861661708023e+01 7.186957313922141566e+01 5.790530077455617430e+01 3.864137226988373186e+01 5.790530077455231606e+01 4.804709484957759713e+01 2.780536332261230115e+01 4.804709484957759713e+01 6.255532299094034698e+01 7.431668683670709186e+01 8.459601562296998623e+01 8.340544863428179667e+01 6.648465550555660286e+01 7.377526101846557083e+01 5.306802995972400794e+01 7.377526101849971951e+01 7.971789562745662749e+01 5.920471716198479584e+01 6.749410957511521758e+01 8.066510546347259947e+01 8.040495047738659196e+01 9.269572467201773236e+01 9.651132243268816069e+01 7.992007558470103845e+01
9.757004629446797139e-02 1.423970567002529286e+01 3.423970567002458409e+01 4.590446878534479680e+01 5.254462002124403597e+01 6.082886179105627633e+01 5.990147015686244458e+01 5.873798300277019280e+01 3.907852091847478704e+01 4.483664404848509832e+01 3.281625821592398751e+01 4.279564026413795830e+01 6.239289278652416471e+01 7.933309532989615320e+01 6.394207162196700267e+01 4.485212475285814548e+01 5.790530077455617430e+01 6.392003472852209001e+01 4.284872224908104243e+01 3.086043500588460375e+01 5.115323896155378236e+01 6.147433775070935980e+01 6.998206359597428161e+01 8.406887498027727190e+01 9.215732011662437628e+01 8.094485111943666311e+01 8.214710538022760034e+01 6.356111227401109431e+01 8.214710554916256058e+01 8.805465225154978270e+01 6.957244303209562020e+01 8.782596797849794257e+01 9.613217096455014143e+01 1.005459543153821613e+02 9.483879276429256322e+01 8.662682910762299571e+01 6.857483214360415502e+01
4.225409065741109194e-01 2.042254090657375443e+01 3.066768724857209705e+01 3.621468912571785381e+01 3.254462090676923225e+01 5.205822069660523255e+01 6.360515426723889476e+01 6.672456540138601611e+01 5.873798300277019280e+01 6.061079376793244933e+01 4.279564026255614095e+01 5.259423763773601479e+01 7.035588665926134411e+01 7.137616731061213216e+01 5.242286589807510921e+01 5.593085791990209543e+01 7.186957313921870139e+01 7.304480234705025055e+01 5.795181600019449775e+01 3.755644179924922810e+01 3.612842648355122321e+01 4.101388577986512018e+01 6.136196859166535233e+01 6.383778623304204558e+01 8.407391698383521828e+01 1.009242511341779078e+02 9.231212265870493638e+01 8.398940976319275364e+01 9.231212292639882833e+01 9.816290812312027469e+01 8.986334822281767742e+01 9.816290812312027469e+01 9.481126490287725517e+01 8.660483282933098792e+01 8.345687168307684090e+01 6.695791991841115021e+01 6.066933239334684913e+01
8.169748314230130815e-01 5.667687332149652590e+00 1.066768733214960996e+01 1.621468929440180418e+01 2.377397875458621712e+01 3.532098413836006046e+01 5.532098101829367209e+01 6.398874237986976965e+01 6.984658249856582302e+01 7.035424104655258759e+01 6.239278991893307591e+01 7.035426123357557060e+01 7.996767918056177393e+01 7.735382023657437855e+01 5.845078747219442050e+01 7.488559305413372158e+01 8.286566007165063752e+01 6.977671342994436543e+01 4.929539028732688877e+01 5.795161789053234713e+01 4.221148586834812022e+01 6.139321489572446922e+01 4.932547996108514354e+01 5.959972924128175720e+01 7.414266159158987080e+01 9.452065046397827075e+01 9.770709011871875305e+01 8.949970913455001664e+01 8.949970913448782994e+01 9.265854976604815363e+01 8.686704708227462390e+01 8.577948776456936741e+01 8.343829147924688527e+01 6.695328315675131137e+01 7.080048511019229807e+01 5.578415396564581386e+01 7.527109628276961928e+01
7.482281904641915338e-01 2.074822819046383771e+01 3.066768724857209705e+01 3.621468912571785381e+01 4.377397833429737517e+01 5.205821894629404056e+01 5.166355364613264101e+01 4.398855286203196613e+01 4.984643086284162905e+01 6.038063675705322453e+01 6.866494485578982676e+01 7.050879135699473466e+01 7.879312390353311457e+01 8.534742260174536455e+01 7.176635730706317418e+01 7.035332552447556509e+01 8.940003552153555688e+01 7.817732369802743619e+01 6.113607986486480428e+01 7.112952363330984440e+01 5.401151529716591426e+01 5.401120269770972726e+01 6.385702383723288023e+01 7.828416569555662363e+01 8.850346413186613859e+01 9.753077536635660749e+01 8.949970913455001664e+01 6.982796031477995768e+01 6.982796031477995768e+01 7.297563912659502705e+01 6.722162955089503100e+01 6.614271910965541679e+01 7.467706237322713037e+01 5.573285240230952553e+01 5.134468637985518313e+01 7.080048511019229807e+01 8.345803719027462364e+01
6.697973685351282791e-01 2.066979736853477334e+01 2.598373642733863420e+01 2.868053587886378253e+01 3.145403686206456584e+01 3.443546083493146881e+01 3.166366330717567479e+01 2.984641675417250539e+01 4.475114703914886150e+01 4.038063492740394622e+01 5.417885543729171616e+01 5.050878608918511503e+01 6.912982922308404454e+01 7.807411821104382454e+01 9.084321109161392371e+01 8.373775467788092897e+01 9.747790195256440882e+01 8.993404285937978671e+01 8.158003838463561408e+01 8.293920246779089211e+01 7.451348794610343873e+01 6.428988161268655688e+01 8.276684985457613664e+01 9.266382901890732171e+01 9.161632999296465130e+01 7.744222599849655353e+01 8.593264598119351660e+01 7.558968214627395810e+01 5.603282521077031930e+01 6.581125367851642238e+01 5.342837117603324515e+01 5.235435163243825940e+01 6.296624457967115518e+01 4.702553200109228015e+01 5.253228195412899026e+01 5.892029226519586871e+01 6.820430325329249399e+01
9.239707316362346656e-01 3.443733885031088349e+00 5.983736425034908990e+00 8.680535874887899794e+00 1.145403685601406885e+01 1.443546082601381464e+01 1.752152782525570629e+01 2.090214484416983254e+01 2.475114663876740551e+01 2.883362954340610784e+01 3.417885438165478007e+01 4.084552104832167885e+01 4.978979295832859719e+01 6.393192864072777581e+01 8.393193822038057306e+01 1.030699907282517671e+02 9.428446833843163688e+01 8.599566880092405086e+01 8.859211796627461410e+01 8.971345845077692616e+01 9.287223934033680450e+01 8.464520194183931778e+01 9.287223934033680450e+01 9.753077536635660749e+01 7.744222599849655353e+01 6.332232875426930008e+01 6.591337817553416301e+01 8.006535235688478735e+01 6.581125340447987071e+01 4.626321601392459826e+01 5.747596889865214109e+01 4.102290558826985745e+01 4.341764336055950224e+01 6.296624457967115518e+01 7.141064209674713936e+01 7.141064209674713936e+01 7.454574219109576916e+01
7.344999525375345284e-01 2.073449995253717759e+01 1.492800833503414459e+01 2.868053587886378253e+01 2.039830876601338261e+01 3.443546083493146881e+01 2.752152782525588393e+01 3.504428047157558268e+01 4.475114725438224639e+01 4.297576517422970710e+01 4.297576517422970710e+01 6.084552263177699416e+01 6.912982922308404454e+01 7.807411821104382454e+01 8.163096609184029262e+01 8.989859462207142826e+01 8.275334145151344956e+01 6.603909130619410917e+01 6.862570705115736303e+01 6.972948709667278422e+01 8.386634017791242002e+01 9.526874732332457540e+01 8.695975925978862620e+01 9.526874732332457540e+01 8.429438263774771656e+01 7.177644327250551726e+01 5.225066928863713400e+01 7.177688596142138522e+01 7.130774285194738127e+01 5.174549533915265442e+01 3.782888399608516750e+01 5.747596895404558381e+01 6.295802920964672467e+01 5.578185902465713752e+01 7.532870824281646094e+01 9.126299782826025364e+01 9.468759611640471974e+01
8.205962881864476977e-01 2.082059628818609198e+01 3.492800833920162518e+01 3.125793995378990076e+01 4.039830877690314992e+01 3.672824038511716083e+01 4.752152786973428533e+01 4.752152786939097950e+01 6.332858669245513283e+01 6.297576779092891286e+01 5.711790091038665196e+01 7.126008218694906304e+01 8.113910978638371319e+01 7.838471642399818506e+01 6.169546807623591178e+01 7.838471642399819928e+01 7.447373341223804744e+01 5.454489104821367818e+01 5.454489104821367818e+01 5.564268096410341968e+01 7.557477572868498328e+01 8.036751033975936309e+01 6.682543869876027998e+01 8.521251911941899948e+01 7.600066729893781314e+01 5.627991000103662600e+01 4.690555641803364750e+01 5.972582888667211876e+01 5.573855357988794879e+01 5.262322583320884206e+01 3.576660132121077851e+01 4.971573604020061055e+01 6.929991661986365159e+01 7.532855354425909411e+01 7.532870824281646094e+01 9.502960647390585791e+01 9.862253547615789273e+01
1.503081736372913202e-02 2.001160302726560758e+01 3.379660093427104783e+01 5.125793997540399971e+01 5.954221169482185161e+01 5.672824044099685636e+01 6.501251251701346234e+01 6.752152844438921875e+01 6.941986409484427156e+01 7.778864353521994701e+01 7.711790946051002038e+01 7.535619949543557539e+01 6.125299354439675170e+01 7.012120094610185106e+01 5.019159941161625937e+01 6.470019189499848267e+01 7.296213407294403908e+01 6.296781090873096787e+01 4.303497246147063748e+01 6.262992455053326069e+01 7.410081258903953483e+01 6.027324583856017171e+01 5.681134925482752607e+01 7.689259894435349452e+01 8.429454325797512126e+01 7.438796451102567175e+01 5.972863213737337418e+01 4.060406224205505055e+01 3.651473589995907076e+01 3.289349806626869110e+01 5.262322583300139911e+01 5.955253704279784444e+01 6.497342043290011304e+01 7.085957902062735059e+01 7.902556644625337867e+01 9.037721971988224823e+01 8.869041026976074704e+01
1.711296032766891351e-01 5.516354441521968077e+00 2.551910349960032320e+01 4.070518958035012247e+01 4.896428471864803811e+01 5.894738938115121130e+01 6.788015177548501811e+01 5.935222116514653123e+01 4.806316833644031306e+01 6.565326910209223854e+01 7.778864353521967701e+01 6.543393981703928830e+01 4.729181108228280550e+01 6.258851960483617916e+01 4.264967229837573370e+01 4.476266754613698140e+01 5.991395329306489259e+01 5.165885230661027805e+01 3.818944242968046154e+01 5.811995185477807269e+01 5.797506515363801327e+01 4.614041702396475841e+01 6.615871196030929013e+01 6.999541823147059461e+01 7.821082712805221604e+01 7.752929632646724656e+01 6.791020054297122499e+01 5.972582760263930624e+01 5.065025306554733930e+01 3.089181371956620126e+01 3.536406426401750736e+01 3.993857181253630984e+01 4.542814741173932447e+01 5.133739952871051315e+01 6.257146125387917834e+01 8.218135843936620688e+01 8.045406477585866867e+01
6.634215400813491259e-01 2.065496421837165286e+01 1.404438284344215404e+01 2.071104862030151850e+01 3.071100512041918051e+01 5.069937527413141964e+01 5.551221048532999447e+01 3.758526671513240558e+01 3.523041206279784632e+01 4.806316833644031306e+01 6.941986409484427156e+01 5.718465661124677979e+01 3.738905752110383673e+01 5.718465661124677979e+01 5.318925684520859676e+01 3.323066491690013180e+01 4.590140950173540091e+01 3.170167318993886241e+01 5.165885229975352644e+01 5.797506515306743324e+01 3.794993970120934534e+01 5.797506499540517666e+01 6.596764699782508501e+01 4.855734018876204061e+01 6.578481530488346607e+01 5.870261106069627743e+01 7.222400837770928206e+01 6.721690054618743204e+01 4.902060440999297697e+01 2.924133270314870714e+01 4.902060441459697415e+01 5.955253704282102234e+01 5.595909501677496678e+01 7.085957902062735059e+01 6.510955190076326460e+01 8.474137247569201747e+01 8.424391842828849519e+01
1.702428053490451232e-01 2.017024280534868907e+01 3.404047575943772586e+01 4.070518958035012247e+01 4.896428471864803811e+01 5.894725077007847602e+01 4.678505793705963356e+01 2.524697003798486605e+01 4.678506415399260021e+01 6.565326907886620234e+01 6.409634097898651817e+01 4.402826550403601402e+01 3.042872597658925216e+01 5.018585543410162586e+01 6.144974972430485138e+01 4.590140950148515486e+01 2.591458315430191206e+01 4.590140950173540091e+01 5.991395281914635973e+01 5.296365928766015685e+01 3.285095083378753600e+01 5.296365928766015685e+01 5.717681192192524975e+01 3.714126721559983224e+01 5.712141591139246799e+01 4.413656820151747695e+01 6.252408280923482664e+01 5.330604579716473523e+01 3.939441839327395201e+01 2.760821067589490596e+01 4.165017446749931906e+01 6.130054143080989348e+01 7.554152047937536452e+01 8.371739694612304561e+01 8.474137247536481254e+01 9.294157993808100571e+01 7.601406349818192609e+01
1.450734497938095391e-01 1.015909530706318087e+01 2.442965807184189941e+01 4.477936405416018317e+01 4.357711583206946671e+01 4.980378772460313996e+01 4.140053970290836816e+01 2.039421922306439328e+01 4.140054044947412137e+01 5.719237907434453660e+01 6.330959786954817048e+01 4.404263446929854098e+01 2.426617972434366521e+01 4.404263446926598391e+01 5.696793584951132061e+01 3.700860119550420535e+01 2.283353633244917447e+01 4.285455496803017894e+01 5.973553373923387966e+01 4.834555269809742128e+01 2.822897868674809985e+01 4.834555269809742128e+01 4.979012221224023449e+01 3.068112830298651517e+01 4.262939884348163133e+01 3.379809017563032114e+01 5.102583385657244719e+01 4.294098627113215372e+01 2.533691233919802954e+01 4.512693910788277663e+01 4.740042523338443203e+01 6.701356170025948700e+01 6.807289144018541549e+01 6.892318096083776879e+01 6.911194779223680484e+01 7.731740014899634161e+01 7.568592544337057859e+01
2.896770308316644060e-01 2.028512199150888051e+01 3.819367529897242264e+01 3.699476283848683522e+01 2.204039354360440939e+01 2.834941624204926214e+01 3.658135356585906806e+01 1.606595888150464901e+01 2.968449949538685573e+01 4.651316908910974490e+01 4.318544290081668890e+01 3.893426159237347406e+01 1.864650600703761896e+01 3.197476384738508060e+01 4.027284948924550179e+01 3.993516314353797725e+01 1.985430562673326449e+01 3.149082660717405346e+01 5.147034137031612744e+01 4.405356023402413967e+01 2.416168199087614354e+01 3.842367461726692568e+01 3.641392139476333512e+01 3.203101075287079880e+01 2.241413424473132565e+01 3.915185036390289497e+01 4.073576741933601397e+01 2.309982563861304072e+01 4.214169486628172479e+01 4.354145866063423398e+01 4.373106088792126656e+01 5.220070570667412824e+01 4.695845996810535183e+01 4.930867048171787559e+01 4.951773922396286309e+01 6.911194779247958309e+01 6.713265379611151218e+01
