MOVIE_S3_data/elevation_000055.asc
nrows	100
cellsize	150.0
xllcorner	0
ncols	100
yllcorner	0
NODATA_value	-9999
[rows 0 to 16 of 100, columns 37 to 73 of 100]
9.349810948801705024e+01 1.016499203988445714e+02 1.030324282517384233e+02 1.118156368816043198e+02 1.245263612276896481e+02 1.162645254396634584e+02 1.245703587559864189e+02 1.088014946503915326e+02 1.005177590290935541e+02 1.005177590290935541e+02 1.005177588943337526e+02 1.088014732635035102e+02 1.073149045259020369e+02 1.073149048163066652e+02 1.156142595794234040e+02 1.198868471813815404e+02 1.116017157183107855e+02 1.089921327927710450e+02 1.172842843747305892e+02 1.194981718772148582e+02 1.136285342353943975e+02 1.158240446248465361e+02 1.240835317801928142e+02 1.210795385148827989e+02 1.127888321709003634e+02 1.210795385148827989e+02 1.300670437740306227e+02 1.416378400296894995e+02 1.329420663897758743e+02 1.231746959380949846e+02 1.150983622791165430e+02 1.081411464574249095e+02 1.132369478890330470e+02 1.059197135219898485e+02 1.140206357422818542e+02 1.169243007686396822e+02 1.088044212260734156e+02
7.397049052575759731e+01 8.863729814959344822e+01 8.303081642750956348e+01 1.030000932231160391e+02 1.142683177266027741e+02 9.615405244640766114e+01 1.144861625957588842e+02 1.005177590290935541e+02 8.072083331749955448e+01 8.072083331749955448e+01 8.072083331748285673e+01 1.005177587901653169e+02 8.738541443242147011e+01 8.738541443246108997e+01 1.073149048436016386e+02 1.116017157183107855e+02 9.157799405852021835e+01 8.898811259736892509e+01 1.057324206199508865e+02 9.946111920588268163e+01 9.359278375689052609e+01 9.578363563700750660e+01 1.093279520413799588e+02 1.033195522741088439e+02 9.270145608697615103e+01 1.016460566723816044e+02 1.132952932856191808e+02 1.334259901910080828e+02 1.248809536914358631e+02 1.053157708667973793e+02 9.542038433633041450e+01 8.843127958480431516e+01 9.356478205405639414e+01 8.625423937070746661e+01 1.026850518912446546e+02 1.088044211897318689e+02 8.906366155944134277e+01
6.273763658462196702e+01 6.921793937007242903e+01 8.046374133734548195e+01 1.000051072777577588e+02 1.062009850856676962e+02 8.625516335498384990e+01 9.622872620153820833e+01 9.053779075461476111e+01 8.548041699763354018e+01 6.699324432227243165e+01 8.651751704802873633e+01 9.322153936963597687e+01 7.356076597586167054e+01 9.322262695034994806e+01 1.063618085488030403e+02 1.116017157183107855e+02 9.157799405852021835e+01 7.764499674406711449e+01 8.900099196838550597e+01 9.722792496291148723e+01 7.962610194773377259e+01 9.151969166107419085e+01 8.932756110543701311e+01 8.339537260228696880e+01 1.033195522741088439e+02 1.150333049266280341e+02 1.240225589584926524e+02 1.356190315292032267e+02 1.329420663897758743e+02 1.231746959380949846e+02 1.132369478890330470e+02 9.356478205405639414e+01 7.969743011444590763e+01 7.507978115777380879e+01 8.869057689669585898e+01 9.537465631107538400e+01 9.477959730992047582e+01
7.457998717840321490e+01 8.542366420167616070e+01 9.519414215482962049e+01 1.081557592411672459e+02 1.078481078720945163e+02 9.622872620153820833e+01 7.651391045027229154e+01 7.094998317084076689e+01 6.597197254880835260e+01 6.142098026939932254e+01 7.593007334095079841e+01 7.928083423587165157e+01 6.712367793515201697e+01 7.831652987715825986e+01 9.807713211572161072e+01 1.129315482316668380e+02 9.297875430564661769e+01 8.900099196300431004e+01 6.936399539290871985e+01 8.315013440083411922e+01 7.274699068498897248e+01 7.184466821651045620e+01 7.544434260624220201e+01 8.082777383732158683e+01 8.671946359385488279e+01 9.559604175194888853e+01 1.072135909147809230e+02 1.273778209718753232e+02 1.225287750179267334e+02 1.144705332338302384e+02 1.123325602346437506e+02 1.074434560892501906e+02 9.932662602649472205e+01 8.869057689669585898e+01 6.948094367847951958e+01 6.758414693466764334e+01 8.580886493522024239e+01
5.785684187456064365e+01 6.756361092687988901e+01 8.706474328878813651e+01 1.019616607872732743e+02 8.798776561800120533e+01 1.020224175279976890e+02 9.622872620153820833e+01 9.053779075461476111e+01 8.548041699763354018e+01 7.593914277831879645e+01 5.651260156655953182e+01 5.982561947361637067e+01 7.928091792389703585e+01 9.491237147552143938e+01 1.014839161627384243e+02 9.304475033303279474e+01 9.297875430564661769e+01 7.327008707521981989e+01 6.437937969713597397e+01 6.362356325304903493e+01 6.692594607128486928e+01 8.652223070869156629e+01 9.518553998419270101e+01 1.006959923334040639e+02 1.067291353774292588e+02 1.030344113385595364e+02 1.231687720907943770e+02 1.196983214353055303e+02 1.116364937613857506e+02 9.474955847571843037e+01 9.258429047552550628e+01 9.354034815164963845e+01 8.895540602397231567e+01 8.420795013743092738e+01 6.756602261056103487e+01 6.435054977239052221e+01 6.635870557441630524e+01
7.731409372269729374e+01 8.542366420167616070e+01 9.519293557855306176e+01 9.321402061525925831e+01 7.414519586342014179e+01 8.710371105894328991e+01 9.532038916924653904e+01 9.750718561783277494e+01 7.778466090086909901e+01 7.260761526570081514e+01 5.319210383968087541e+01 6.183842097209511479e+01 7.554995582277479116e+01 9.525037999647139486e+01 9.304475033303279474e+01 7.348694137868488951e+01 7.921529099626245340e+01 7.568230726408502562e+01 5.959334106984132973e+01 7.904263312543203313e+01 8.652223070869156629e+01 9.386190899486888384e+01 1.001409826245063925e+02 1.072148794879988571e+02 1.155156755456857240e+02 1.231687720907943770e+02 1.229656749027318909e+02 1.033429575577691395e+02 9.183637734265083452e+01 8.481598044373505729e+01 7.846175490000025832e+01 7.309724038649406452e+01 6.747403460537593389e+01 6.296627483995403196e+01 6.184299942803211536e+01 8.123607863119390515e+01 8.008955331195656413e+01
7.500176338254001962e+01 9.452803212785687492e+01 9.897309050865885638e+01 7.923310803799463997e+01 6.549005377878349066e+01 6.754459610426154370e+01 8.398096913418845588e+01 7.962188388253890992e+01 7.468337866109925471e+01 5.831153087180869221e+01 5.063804667223408273e+01 7.005825834954671905e+01 8.132007647273375994e+01 1.010935165961868734e+02 9.230512861630522536e+01 7.921414285938519129e+01 6.053609081411074300e+01 5.631248742735018453e+01 6.046234800568642243e+01 6.474646304892132775e+01 6.929703162333241551e+01 7.414101894198047660e+01 8.028480835895139478e+01 8.720687772163977058e+01 9.870453083189839560e+01 1.188402319472948534e+02 1.309818534223152255e+02 1.196983214353055303e+02 1.116364937613857506e+02 1.046360954674003949e+02 9.836842477126995732e+01 9.354026534463999099e+01 8.895498589849499638e+01 7.966481480900570489e+01 6.010562908371680635e+01 7.413982591536473876e+01 9.469429432639017818e+01
7.349799537399131566e+01 8.160190982497238110e+01 9.954475410717702744e+01 7.979362219911759269e+01 6.604389780028964196e+01 5.637689823324873828e+01 6.950607461593995140e+01 6.012357288139412503e+01 6.320701728805960329e+01 4.709646860008487579e+01 6.654184403007438675e+01 7.821380322960035869e+01 8.191563180170497560e+01 8.771495356391504572e+01 8.408605401465254658e+01 6.453970073794744167e+01 5.347584325226998914e+01 7.008255387430057226e+01 7.822968030325675670e+01 8.430375394945633616e+01 8.893168648164679269e+01 9.386190899486888384e+01 9.019369895900838685e+01 1.072148794879988571e+02 1.155156755456857240e+02 1.271136497966162153e+02 1.264520746035182128e+02 1.151318429286251899e+02 1.070300426093928934e+02 1.000752517324198720e+02 9.388013548965159316e+01 1.019910524127543283e+02 9.195404447423172201e+01 7.240033918556714809e+01 5.850119086133616975e+01 7.757444918755794561e+01 8.482123600120846163e+01
5.407781315272238487e+01 7.349799537399131566e+01 8.882077770032752539e+01 9.379093154356780815e+01 8.398096913418845588e+01 6.950607791325920459e+01 5.007756615453302373e+01 4.637592857682417247e+01 4.371862085428336542e+01 6.320701728805960329e+01 7.468337825509554762e+01 7.626023062957850129e+01 6.238635835967547649e+01 6.810635004891740607e+01 7.703833450792158999e+01 7.557829694852055979e+01 6.744071435802122494e+01 5.077375776873259383e+01 6.435935338996493726e+01 8.390864584109084490e+01 9.674443408550065726e+01 1.050942609847215294e+02 1.101835719238045783e+02 1.184663435944858634e+02 1.257123035925621366e+02 1.176389763370514601e+02 1.183772869448518748e+02 9.872328322993877237e+01 8.735892344602513049e+01 8.048457403576726676e+01 7.437650549102345110e+01 8.623017616877544356e+01 9.433178177136406362e+01 7.660475867879509337e+01 5.690279799585712084e+01 6.113230189920092528e+01 6.535675001663902606e+01
5.006687669910028404e+01 6.123921672621099077e+01 8.070125064732071962e+01 9.576410760519272003e+01 7.607427942739496984e+01 6.233755287295809211e+01 6.950607461593995140e+01 6.089418847775934296e+01 4.137716179917607207e+01 6.089418847775934296e+01 6.680556179281303741e+01 5.868925240158210954e+01 4.871582050910674155e+01 6.172660515369125989e+01 5.758155189150505038e+01 6.485169709021894846e+01 4.811655005510396421e+01 6.744178769574469356e+01 7.824542250452431347e+01 8.415785705307476405e+01 7.684332131054694059e+01 9.083633698373878929e+01 1.110078422363912409e+02 1.229703400172835615e+02 1.143770660754592825e+02 9.794675556240765957e+01 1.143770660754592825e+02 1.151318429286251899e+02 1.070300426093928934e+02 9.751288725342359953e+01 7.797065842118006174e+01 6.677025764845734557e+01 7.991653654050607258e+01 7.517917980022966162e+01 5.540697585234848077e+01 7.517917980022966162e+01 8.485500948147512190e+01
6.474467410488480823e+01 7.128848479363486490e+01 7.939701171360815124e+01 8.917783090959598269e+01 9.003625632406175328e+01 8.184133689512282217e+01 7.278629734113545169e+01 5.327994003035051662e+01 3.945761981992409773e+01 5.637949951642162461e+01 5.658347036634617666e+01 3.921869880661514429e+01 4.073474124632874549e+01 4.229240291988158873e+01 4.387442935947542111e+01 4.547843939328784302e+01 4.905275729778469440e+01 6.827573280597226812e+01 7.745410800535307771e+01 6.462572368529784228e+01 8.415786521735523706e+01 1.018300458559119335e+02 1.118808311709861556e+02 1.148852622529470011e+02 9.519895423779225041e+01 8.653710297234638915e+01 1.062696673718693745e+02 1.060273817476041103e+02 1.141329112994682049e+02 1.056230207845860463e+02 9.117253121470415067e+01 7.167657654926834709e+01 6.035437356651010532e+01 7.375961845256186677e+01 5.392481246977345677e+01 7.375961845256186677e+01 8.998255186155289209e+01
4.493296949289815956e+01 5.165749338381397138e+01 6.152771383154012597e+01 8.105011036971677640e+01 9.800263284752821846e+01 7.828506921205384117e+01 6.450334805965167106e+01 5.327969085634421731e+01 5.637943134124538602e+01 3.683105393063443245e+01 3.709338622642656702e+01 5.088583740928362431e+01 6.019018772362022673e+01 5.602952823634467450e+01 6.328031158278089663e+01 5.194956927330041196e+01 6.827831011092452229e+01 5.428427333994407178e+01 5.809563807253632461e+01 7.745496055477863706e+01 7.367991415904926100e+01 8.345291736082984357e+01 1.035473392546972065e+02 1.101960164895711785e+02 9.047738461282131084e+01 7.914836800345322843e+01 9.137950921573450103e+01 8.633720902099564398e+01 9.873594509151342891e+01 1.068575712493178855e+02 9.927880807684033471e+01 8.578337630716255546e+01 7.409428165178276515e+01 5.450170746717448367e+01 5.245936916280386697e+01 7.234644720178111754e+01 7.040966596374862263e+01
6.417635089923454927e+01 7.128848479363486490e+01 7.939701171360815124e+01 8.917084680001258334e+01 8.270754573398792786e+01 7.459854366650483826e+01 7.795229594333046919e+01 6.833893923930658332e+01 4.884273021162096029e+01 3.498524166027996785e+01 5.455662027794761570e+01 6.469343560987734065e+01 7.849272208020863673e+01 7.548096523064126018e+01 7.817325349348121222e+01 5.873210745413800282e+01 7.817325349348122643e+01 7.351182330889939465e+01 6.763331849266378981e+01 8.570064118830022437e+01 8.760187972929209366e+01 1.018300458559119335e+02 1.118808311709861556e+02 1.182916487369476215e+02 1.052961464721570479e+02 8.561504932109743038e+01 7.180964043092079407e+01 7.505316583689537424e+01 7.910711767495244828e+01 9.873591956993416829e+01 9.716861379297886003e+01 7.487233628424367282e+01 5.850526830025921754e+01 5.047344826343978497e+01 7.039303236207437919e+01 5.987219836906668036e+01 6.870668766631828817e+01
5.610950628006256835e+01 7.389462278522971417e+01 8.362964595591172667e+01 8.581308165084548989e+01 6.638837477780099050e+01 5.520896403465116009e+01 5.855085788259398782e+01 7.229178404054441387e+01 5.341605441463700998e+01 3.381659413752510801e+01 5.336849310287072967e+01 6.257534607647134806e+01 6.829928350870270037e+01 7.493381090954271428e+01 8.261968022203872408e+01 7.816579405574641726e+01 7.240936152027653350e+01 9.208917102239144015e+01 8.134410378289548760e+01 9.545758788932874950e+01 1.077384327170219933e+02 1.074821402863386339e+02 1.156293568960454223e+02 1.116782532719682450e+02 1.018455448471930254e+02 9.371615626591585624e+01 8.485621962079856928e+01 6.529765111239240127e+01 7.910711586191322908e+01 9.873535192676817474e+01 9.131921851112763022e+01 7.433853196414511899e+01 6.686917850260108764e+01 4.916289769470969162e+01 6.915395497872056296e+01 7.952041198648578302e+01 8.763532771240085140e+01
4.640719897776954639e+01 5.609484235992222523e+01 7.552878480478872802e+01 9.395954108855393372e+01 8.270754573398792786e+01 6.423455386667123435e+01 4.479348913303507373e+01 5.629753831910475270e+01 5.245658054722071029e+01 3.264103344453377531e+01 3.795891286669022691e+01 4.341723383191584418e+01 4.931761249427396621e+01 5.617836056933601441e+01 6.715406942678546898e+01 8.558101096194270951e+01 9.208917102239144015e+01 1.003142281417792958e+02 1.012464791276876497e+02 1.017077333036353366e+02 9.355494350421832905e+01 8.778610971122516560e+01 1.074821402863386339e+02 1.035651584629133311e+02 8.386715406893083014e+01 7.411620839575375896e+01 6.762299621159452556e+01 6.165026217234363770e+01 7.700060333964567860e+01 8.512392154070603567e+01 9.542966628008038299e+01 7.620689063676306318e+01 6.788468252967832939e+01 4.785905354263271505e+01 6.211978803093288803e+01 8.182790836672739943e+01 9.229910807787297244e+01
6.581181358235548373e+01 7.389462278522971417e+01 8.362964595591172667e+01 8.050307041180990097e+01 7.243759331711765981e+01 7.003320273009715891e+01 5.060803965944927540e+01 3.675047339411241865e+01 4.959238970517806422e+01 3.148432425468928741e+01 4.140832905160176125e+01 6.077194778723722379e+01 6.829911072587719900e+01 7.493387291048283316e+01 8.263143884626968827e+01 9.340167022021856269e+01 1.067563057734664369e+02 9.860813528773397252e+01 9.860813528773397252e+01 9.355494350421832905e+01 7.394201640023752020e+01 8.662072662714726334e+01 1.062847813456045145e+02 1.116782532719682450e+02 1.018455448526084979e+02 9.371615626592203796e+01 8.718284030599946277e+01 7.700060332426085097e+01 5.721722272783078722e+01 7.291960352252780808e+01 8.105330067259475868e+01 7.287249307846947488e+01 5.651255524697880617e+01 4.658500060798017017e+01 6.667286552404441125e+01 6.524934218069121528e+01 7.441406855420272848e+01
6.747339094798719827e+01 7.718531877378141814e+01 7.899873440743070319e+01 6.928015046592219051e+01 5.301264312028124692e+01 6.928015046592219051e+01 6.434401361390789020e+01 4.958801022402884939e+01 2.985688027566477487e+01 4.958695956668246652e+01 5.903190830860694405e+01 6.083854201159150676e+01 8.007521911604808906e+01 8.400060135822404561e+01 8.399828381895137852e+01 1.031763463152352358e+02 9.860813528773397252e+01 7.897401351999371855e+01 7.897401351999371855e+01 8.662072662714724913e+01 6.707951844902378014e+01 8.662072662714724913e+01 1.001203182688029187e+02 1.019714368542416594e+02 9.189956444884722941e+01 8.355575048569892260e+01 9.189956336890648458e+01 8.512392088769074405e+01 7.291960344350809464e+01 5.296167315954267707e+01 6.898421907541758458e+01 6.487891080778911146e+01 4.487685532003017386e+01 6.398607843603434731e+01 5.512280737571504119e+01 6.766170668737717619e+01 8.663644164216451315e+01
