MOVIE_S3_data/elevation_000722.asc
nrows	100
cellsize	150.0
xllcorner	0
ncols	100
yllcorner	0
NODATA_value	-9999
[rows 51 to 67 of 100, columns 0 to 36 of 100]
8.885398060199247716e-01 2.088853980601956906e+01 3.431539129075363803e+01 3.064532290933541958e+01 5.015895193391116180e+01 5.431629233254705724e+01 3.422991217303623301e+01 5.431629233254705724e+01 4.559782865003975161e+01 2.612279426488998624e+01 3.402091515876795569e+01 4.523041973914926928e+01 6.479385418361881932e+01 5.585466229725206233e+01 6.183557266199675695e+01 4.432744243440379961e+01 6.474014743386389625e+01 7.685121894276302612e+01 6.009084706943070131e+01 6.269796791724571960e+01 8.272794084320275942e+01 8.504214752521885146e+01 6.570644173653172970e+01 6.824729018279447246e+01 8.746611013436175597e+01 9.230953666824969162e+01 7.402245876883242204e+01 9.230953666824969162e+01 8.720709789417637126e+01 1.013362663919224218e+02 1.101536717780453785e+02 1.045571663374213784e+02 8.534610849225667550e+01 7.400235064256169437e+01 6.734960417426728441e+01 8.692420398674489945e+01 8.952516342922577053e+01
1.344321116831868057e-01 2.013443211163959745e+01 1.431539129078118755e+01 2.187468075096559872e+01 3.342168613475770655e+01 5.342168613465287308e+01 4.580785127969510029e+01 6.264772874347404041e+01 5.373724328274201412e+01 3.588819585131023615e+01 3.989221654781149340e+01 5.937239476887939560e+01 7.302638682763863187e+01 7.627476757990116596e+01 7.323357408628220355e+01 5.611926735615148232e+01 7.323357408628220355e+01 8.841416511522142230e+01 8.013998817404613817e+01 8.272794084320275942e+01 9.100446996828043211e+01 9.398443377497903839e+01 7.726132032182790965e+01 7.969344806940300430e+01 9.635433957205151501e+01 1.023110716771749367e+02 9.403011242752631915e+01 1.023110716771749367e+02 1.071653002915346349e+02 1.092963780733437744e+02 9.126024667650823119e+01 9.149886301657245724e+01 9.928968755002196644e+01 8.224293565448189725e+01 6.251833448382294733e+01 7.682472024868968674e+01 7.007334978799519831e+01
8.052006432555327553e-01 6.150425481503996927e+00 2.615042548151196300e+01 4.187468075092127151e+01 5.015895193391116180e+01 6.170595727319357593e+01 6.593903895734513299e+01 7.426552565968010811e+01 6.349921147379561859e+01 4.955877761732732978e+01 5.937239476887939560e+01 6.758227001767254194e+01 7.654686478946112516e+01 6.822742619692266430e+01 7.654686478946112516e+01 7.651648862299838072e+01 8.504069919036837177e+01 9.437483397493795678e+01 8.851913462827455703e+01 8.851913462827454282e+01 9.677987000735492984e+01 1.055216754397878844e+02 9.721385148703539869e+01 9.955110944577099019e+01 1.078486544408534087e+02 1.131741626683581643e+02 1.079356168905508611e+02 1.156104619462489609e+02 1.114647276367991964e+02 9.259205808752912503e+01 8.282074665625277987e+01 7.203736460931641261e+01 9.090351260635860342e+01 9.026738783618831974e+01 7.682472024821198886e+01 5.702642113983808514e+01 5.855557858152961614e+01
2.804825088837598068e-01 6.053985200779992581e+00 2.605398520078034963e+01 4.206932492264370893e+01 5.035359617008714395e+01 6.190060155386600371e+01 6.768921737153618778e+01 6.510094445900536186e+01 7.334583491413312117e+01 6.918601192043141168e+01 7.037082022232013401e+01 6.818184861877074354e+01 6.652179426448066124e+01 4.819168338911269700e+01 6.652179426448066124e+01 7.109925241744325319e+01 7.943310718330073428e+01 7.430988626899259941e+01 6.842422288745025583e+01 6.842422288745025583e+01 8.851913462827454282e+01 9.458185802560194588e+01 8.612412049224734290e+01 9.458185802560194588e+01 1.097980917929330076e+02 9.589100373437287317e+01 8.933353412879573341e+01 1.048829510861313423e+02 1.052624138246875702e+02 9.267345784688794197e+01 7.314461552819665258e+01 6.315132953476926048e+01 7.519221591415320916e+01 8.331363801679408709e+01 7.318020301299696939e+01 5.338951205888390206e+01 7.318020301411127093e+01
7.810880442414250835e-01 2.078108804424106992e+01 1.499825711077907364e+01 2.206932492264442303e+01 3.361633030643653086e+01 5.361633030643582032e+01 4.771787575278430182e+01 4.512416637037797074e+01 6.182438697710729514e+01 7.037082022232013401e+01 5.036156776373706379e+01 4.817282465717230622e+01 5.820924380627988626e+01 3.818709033250165419e+01 5.691613828346078918e+01 5.104130005247975532e+01 7.109925241744325319e+01 7.430988626899259941e+01 5.422996876519017206e+01 7.430988626899259941e+01 8.736174307620609625e+01 8.420163657036961524e+01 6.522215810075063303e+01 7.671602547202230937e+01 9.991264752218889100e+01 9.371197160272244275e+01 7.827875111397560204e+01 9.719569940056379664e+01 9.745839673441120965e+01 7.819080694217230132e+01 8.175867624842379655e+01 7.519221591415320916e+01 5.534871687620027103e+01 6.837909166005960060e+01 6.725480394283857777e+01 5.088995749505771471e+01 6.076678706165067467e+01
7.232205343510359485e-01 2.072322053435068057e+01 3.499825711077836132e+01 4.206932492264370893e+01 5.035359617008714395e+01 5.029308458176502228e+01 3.357857361627281279e+01 3.357857361627279857e+01 5.356734625199495525e+01 6.769250308289591089e+01 5.403333400296735078e+01 3.402986982134225968e+01 4.494880137227782768e+01 3.111992271604036731e+01 3.688898582498512724e+01 4.844211032445403475e+01 6.849187574784369303e+01 6.825556334341054310e+01 4.819315431748663769e+01 5.900722838345426169e+01 7.908327855661133299e+01 7.567313929649895954e+01 5.452896912696937903e+01 7.567313929649895954e+01 9.006991138452002588e+01 7.535289377974143576e+01 7.138104576525321932e+01 9.065210127752222036e+01 9.500479318057303146e+01 8.175867624842379655e+01 6.207771512351339283e+01 7.040835484747191231e+01 6.837909166005960060e+01 4.860016677393971207e+01 4.750684377724939367e+01 6.719528022928778910e+01 7.876300389481879449e+01
9.494692443194679976e-01 1.094946924431955537e+01 2.509160486818904445e+01 4.509160513891979605e+01 4.965105386806995114e+01 4.202682300331611032e+01 2.203206250370814701e+01 4.202682300331611032e+01 5.628549779909094042e+01 5.923650438063315704e+01 3.940634830851953296e+01 2.648600171894819866e+01 2.496596108081818244e+01 3.909405548146271059e+01 5.106059622240673690e+01 6.523720361789021638e+01 7.682410402684917017e+01 6.269125223169510974e+01 4.263957760259890506e+01 6.269125223169510974e+01 6.892138109541193103e+01 6.045450228614408417e+01 4.810494331305373095e+01 6.898170336040573147e+01 8.218449904172683773e+01 6.275125173373954368e+01 8.218398744713985593e+01 9.289779771483725312e+01 8.695146834697646909e+01 6.729816850153517294e+01 7.040835484747191231e+01 5.063283775770548800e+01 6.109307154487408553e+01 4.419267570581975235e+01 5.816766530592320095e+01 7.537406660415629744e+01 9.164386881501474136e+01
2.836664262828419991e-01 2.028366642628248684e+01 3.923373859322907720e+01 3.741707737577321780e+01 2.962694562466534620e+01 2.962578530755330419e+01 1.648306679363889771e+01 2.803180910534644354e+01 4.802348031573258424e+01 5.094980894771007485e+01 3.095594340941648781e+01 1.944898986866320456e+01 3.940635015456228984e+01 5.324709584081135461e+01 6.766234062334547161e+01 7.983814041798208905e+01 7.228248625013917206e+01 5.221281930527770498e+01 3.804449785218886859e+01 5.805822222743385908e+01 6.044549674679862505e+01 3.989778271809384336e+01 5.444988620614869035e+01 7.495092786331250068e+01 7.746402674390564869e+01 5.809080101635090188e+01 6.544835755090198859e+01 7.918205328375611884e+01 8.752112098837599774e+01 7.090459559258911781e+01 5.112182307238909829e+01 5.839288487586315313e+01 4.129595741355620930e+01 6.109307154487408553e+01 7.207325794543189090e+01 8.599769376267310861e+01 8.062480019029365508e+01
1.404418693552202946e-01 2.006666751250616798e+01 3.062313462918838880e+01 1.716489527102584134e+01 2.372002487235741341e+01 9.602487967713617678e+00 2.376566407650248536e+01 4.373693887076189668e+01 4.291468485555090950e+01 3.962512735036321487e+01 3.215291860389407930e+01 1.634262156372939856e+01 2.589356668230912462e+01 3.969734891000329924e+01 6.040611471658678511e+01 7.186208499020870022e+01 6.354297889413034284e+01 5.396353539226034002e+01 3.386689212929083936e+01 4.815956769180561992e+01 5.554782860881669393e+01 3.519522426376856572e+01 5.560813469424533650e+01 6.796174972251525048e+01 8.003604531101107966e+01 7.117945749997633698e+01 5.194101919579339466e+01 6.002040603840791988e+01 7.377076381735180632e+01 7.237213384524301318e+01 5.260181601940706031e+01 3.854834938288232138e+01 3.969448318253643038e+01 5.952184347547616738e+01 6.468926277029584071e+01 6.691720714007460913e+01 6.918947681486314139e+01
6.646099058385387393e-01 2.066126054589854988e+01 2.290909582031117608e+00 2.964579451905195118e+00 3.644470155211824380e+00 2.370218270440470576e+01 3.285380378604681084e+01 2.894790301246443320e+01 2.197793514514486191e+01 2.674713664562386128e+01 1.218684419662380591e+01 2.369985411770803907e+01 4.340409863365085386e+01 4.769292223034457123e+01 6.333258270378041743e+01 6.043433961733013149e+01 4.400379919966405140e+01 6.043359195145325913e+01 4.824370831116946334e+01 2.819831514933056837e+01 4.571376035347316957e+01 3.087150651214717456e+01 3.914285608731707100e+01 5.086619988395980130e+01 7.155098957453995467e+01 7.918593064955035743e+01 6.574207042874958518e+01 4.655374625442577496e+01 6.087067248892598315e+01 5.760255846986217421e+01 5.460811405361370419e+01 3.668462853646715871e+01 5.655437062619040489e+01 4.273186498906970598e+01 4.490610496989327771e+01 4.713234737032576760e+01 4.938736980592921100e+01
6.164072599657668405e-01 1.319135628891754397e+00 4.103247832147549623e+00 2.178557871378838584e+01 2.370338794373970259e+01 4.668834960930010602e+00 2.466528747206568895e+01 6.781868601975464372e+00 7.525702606519615756e+00 8.265320766989708190e+00 2.825602393084194475e+01 3.760445411579651420e+01 5.004375357091772258e+01 5.059923217661854977e+01 3.813976685181099668e+01 4.969364783192325064e+01 3.307096813924243150e+01 5.210403180711440996e+01 4.435461493254669563e+01 2.441300548554132632e+01 2.559688137696454291e+01 3.793042376287104389e+01 5.744069426840364656e+01 6.796174972251525048e+01 7.077599061559558891e+01 7.550607135965492489e+01 7.377076404298352941e+01 6.087116806145456138e+01 4.156548439951228602e+01 3.810335219891851466e+01 3.472529025312081075e+01 5.456281679265426732e+01 6.470424465964225647e+01 5.674700959958816071e+01 5.632274814380987493e+01 6.691720714008965842e+01 6.340018552390945672e+01
7.616414269703414286e-01 2.026785810389510445e+01 4.112297687693399872e+00 2.182070825211582843e+01 3.157407142950277645e+01 1.888600939480216923e+01 5.721542544618713144e+00 2.089441546516962944e+01 2.726366947298117438e+01 2.824311534685961433e+01 9.346952162953156673e+00 2.933480304188599419e+01 3.839711747318572321e+01 3.796427724453340602e+01 1.884942894609399389e+01 3.768786876443771661e+01 2.601108333797822780e+01 3.647089725535537497e+01 3.697322597235450559e+01 2.076977697877205031e+01 4.081084077655632569e+01 5.407960305171420146e+01 6.543091022886012809e+01 6.547815611084824639e+01 5.218644418895480186e+01 5.598815647808739016e+01 5.769144355626312404e+01 6.397970999388943625e+01 5.934098165689923832e+01 5.142704255619448617e+01 3.345385718174942724e+01 4.748748369657901947e+01 6.748644977997382455e+01 7.666153081204645048e+01 7.609408778182931599e+01 8.412780771119265921e+01 8.315128836291344783e+01
8.582653206718614536e-01 2.078269258157387966e+01 3.354029007767411485e+01 3.947207082533685707e+01 3.698815024066821167e+01 1.724698294128567611e+01 2.581517634338739597e+01 1.559750372312599609e+01 3.451668068431818170e+01 3.518318961366188802e+01 2.932005066222712486e+01 1.043054111605932555e+01 3.024309288921351069e+01 1.264328929725659911e+01 1.342944007504375037e+01 3.040409275046614823e+01 2.552853066787467640e+01 1.649326545065306249e+01 1.731272877178457037e+01 3.729325046126879784e+01 4.680500630902974279e+01 5.073461938364524570e+01 4.288285238080054285e+01 5.161233191133614184e+01 3.915088395983467962e+01 4.538909755523116019e+01 3.682605313307104211e+01 5.336011772236739858e+01 5.146521540507691128e+01 3.166732879661017463e+01 5.150313634939832497e+01 6.156329453060993018e+01 6.736044630728541449e+01 7.567050044799769637e+01 8.962329749998473005e+01 8.681049499970882266e+01 9.497488262872745679e+01
9.616989121453964895e-01 2.096169891214504233e+01 3.411795220768171077e+01 4.566495759259095877e+01 4.553463015226778765e+01 2.869187709470250525e+01 4.310317209410227690e+01 3.507439856308624115e+01 2.907073096915293675e+01 3.673693682347390421e+01 1.675264415673723661e+01 3.041996617690109161e+01 1.153317579172414575e+01 1.973383081384303850e+01 3.256639727894418712e+01 1.454875640742041298e+01 1.534173634296933564e+01 3.531789709987783255e+01 3.729325051169063698e+01 1.854325481058371494e+01 3.853208907226777313e+01 3.934779991401188681e+01 2.192498589350321225e+01 4.200327739034026564e+01 4.000753388386273457e+01 2.556044255952248179e+01 4.502991084566613722e+01 4.471263273253327242e+01 4.825309351391261004e+01 3.041410085810888475e+01 5.029128230198524818e+01 5.469087784675522101e+01 4.740875438815263720e+01 6.148308948272457286e+01 7.058352059509276444e+01 6.693659131938338192e+01 7.849941153937045613e+01
2.866789980725219511e-01 5.833680960324788778e+00 1.738068634411709823e+01 3.738068634411780522e+01 5.306222411477924794e+01 4.867996616357938677e+01 5.715441094471840699e+01 4.859025671259975354e+01 4.882004769643226894e+01 4.144455460009838532e+01 2.146328087178989463e+01 3.983607389192348336e+01 3.159859743939233567e+01 2.224238352346221959e+01 3.921838658026477731e+01 3.378078312235158620e+01 1.875569530187021883e+01 3.873560486656206336e+01 4.666969436524593107e+01 3.811272722680561742e+01 1.977855156508391588e+01 2.066252892884214631e+01 3.763065663337241773e+01 2.320209911693867610e+01 2.417443354759390672e+01 4.402611491263721177e+01 2.696501012617071780e+01 2.795925554884126996e+01 2.895527643738338952e+01 4.886897046133082512e+01 3.300479311388605197e+01 3.485651989300534837e+01 5.460699989136828947e+01 5.952940778539795730e+01 5.069259627345429209e+01 6.399381945618740275e+01 6.634918921895656752e+01
7.776801193288799263e-01 2.077768011932852588e+01 1.583368096032470262e+01 2.477795287032370197e+01 3.892008849405415560e+01 5.892008849405121396e+01 7.029092153703490453e+01 6.878846682490745934e+01 5.407683318371025649e+01 3.410347096491099705e+01 4.144455460009838532e+01 3.040034060327518262e+01 4.844279396712979491e+01 3.466547979483541297e+01 4.785067583239766265e+01 4.183097898802434145e+01 2.208385991985366203e+01 4.222756927895265022e+01 4.919084470532381914e+01 2.920593843402426870e+01 3.977761263126085112e+01 3.481186297127401019e+01 4.495563384629069503e+01 2.571467074289334676e+01 4.384606413141792558e+01 4.387959447183912687e+01 4.121472296086888321e+01 4.864028561436211362e+01 3.235732542243822962e+01 5.220187836627410860e+01 4.704665623990626244e+01 5.470838634747815377e+01 3.757792158940678462e+01 3.969831136898069701e+01 4.185377278017035252e+01 4.415867967321886312e+01 4.650303556787879700e+01
5.059075238208947667e-01 2.050590752382053950e+01 3.583368096032398853e+01 4.411795220650502358e+01 5.306222411477946110e+01 5.488851933925130311e+01 4.829353236808826466e+01 6.307101038982522567e+01 6.232121320307292223e+01 4.823568062981198068e+01 5.702857983284508947e+01 3.706353573431075432e+01 5.702857983284508947e+01 5.430908843152251109e+01 4.813205339661878668e+01 2.744845919292320602e+01 4.222757251713467497e+01 4.222754055939506657e+01 5.744774877914526456e+01 3.815074618308650400e+01 5.744719482418599199e+01 5.480704141392544670e+01 4.806704140701658901e+01 2.825929567501391304e+01 4.806416183925934149e+01 6.330840831229723875e+01 6.264953092204667229e+01 5.663830130780549155e+01 3.584521410422243548e+01 5.663830130780549155e+01 6.691371653110334705e+01 6.210883768098355517e+01 4.225631891399239493e+01 5.953669714491491050e+01 5.069259629319533644e+01 6.399381945618740275e+01 6.051645652521527552e+01
