MOVIE_S3_data/elevation_000983.asc
nrows	100
cellsize	150.0
xllcorner	0
ncols	100
yllcorner	0
NODATA_value	-9999
[rows 0 to 16 of 100, columns 37 to 73 of 100]
9.265484437291770803e+01 8.440576794012682171e+01 8.699666675428723295e+01 9.524176353008502360e+01 9.494988301678787934e+01 8.668625664941313858e+01 8.668625664941313858e+01 8.668625664941313858e+01 9.252876275771720316e+01 9.333698027831400168e+01 1.016003496290274626e+02 1.056889285552991566e+02 9.571787312054507879e+01 8.745758033604687398e+01 9.571787312054507879e+01 9.560593750948247305e+01 9.560593750948247305e+01 1.038734036336241928e+02 1.067289710555274240e+02 9.858070641508416543e+01 9.858070641508416543e+01 1.028328931754813311e+02 9.703656648878035185e+01 9.703656735105226971e+01 1.052729827709956965e+02 1.120012243156154739e+02 1.202574021782491940e+02 1.173505112697506263e+02 1.114990536165000634e+02 1.149238273398144798e+02 1.207757964092399732e+02 1.146861746261190405e+02 1.229597287162489181e+02 1.233041246236359996e+02 1.315757746063871707e+02 1.410946129694802096e+02 1.328238191304614304e+02
7.887441871028877927e+01 6.440073645637849609e+01 6.699854270473315410e+01 8.699666675428723295e+01 8.668625664941313858e+01 6.668745219413506220e+01 6.668745219413506220e+01 6.668745219413506220e+01 7.254496640346229697e+01 7.338480939161138394e+01 9.333698027831400168e+01 9.537350854520111909e+01 7.745837334774203953e+01 6.745916635943720507e+01 8.572691153137429865e+01 7.566915979976647577e+01 7.566915979976647577e+01 9.560593750948247305e+01 9.858070641508416543e+01 7.871457084195264997e+01 7.871457084195264997e+01 8.297654904937429876e+01 7.715873450615646334e+01 7.715873450637623421e+01 9.703656727182661257e+01 9.206118421561089349e+01 1.087463532744398691e+02 9.738594632037840881e+01 9.154010587109812036e+01 9.495413650843732967e+01 1.008031235347488916e+02 9.471229700126551165e+01 1.091746850299654596e+02 1.033220795215357555e+02 1.233041246236359996e+02 1.309203334562795362e+02 1.123174048195935626e+02
6.030284499545345511e+01 5.278974929975240116e+01 6.576141699243122218e+01 8.577421664128611667e+01 7.888921395094514821e+01 7.060743824135776947e+01 5.239678666036878951e+01 5.239678666036878951e+01 5.917756932051923968e+01 7.338480939161138394e+01 9.333698027831400168e+01 8.710877166519766490e+01 6.704059238406051691e+01 5.725276899462966185e+01 7.745837334774203953e+01 6.149764201006209419e+01 8.150850679593345660e+01 9.696695457319765410e+01 8.873726364683716383e+01 8.453322723535160321e+01 6.459575911492487421e+01 7.456964935491264157e+01 6.305298795319677652e+01 8.298057110058324781e+01 8.899637423249411938e+01 8.058330757449625992e+01 1.004888368553210398e+02 9.674811006530353552e+01 7.748705640011101536e+01 8.087772758159303521e+01 9.587112831347269548e+01 8.320859807295086341e+01 8.920716428626928973e+01 1.007297942392393111e+02 1.207106203822826558e+02 1.225706119750274610e+02 1.016278263420183521e+02
4.734514712868238462e+01 4.570588449687865307e+01 6.576141699243122218e+01 7.888921367866750245e+01 6.727781832099502424e+01 5.044721971321271781e+01 4.471242758489669455e+01 6.492967026476870274e+01 7.922866494493372613e+01 8.749257951031948721e+01 9.096969685033955955e+01 8.492602987905534917e+01 6.484015549523364541e+01 5.035937013905549264e+01 7.072317189670452819e+01 5.431635125184144641e+01 7.443359770218509652e+01 8.531845437306944291e+01 6.843407281417576371e+01 8.478862538306034935e+01 7.443667995553981598e+01 5.443809804833477273e+01 5.661324528410757040e+01 7.668786749738491437e+01 6.911943259449361676e+01 8.899637420789440512e+01 9.236026038197216792e+01 8.410613504930280726e+01 6.865217055717057804e+01 7.203593889296550401e+01 7.597656458999789209e+01 9.587112831347269548e+01 1.091746850299654596e+02 1.174489270639613636e+02 1.289834225013829894e+02 1.155896834306911245e+02 9.441470773311847609e+01
3.763161606782298918e+01 5.147958433609674245e+01 5.977738463744399411e+01 7.060743824100603661e+01 5.044721971321271781e+01 3.880121919738456171e+01 5.044721971321271781e+01 6.474058991340466207e+01 8.477126304308818305e+01 8.508753065545332106e+01 7.093796555458995101e+01 8.508753065545332106e+01 6.563222145633821469e+01 4.539215960439646125e+01 5.985564367615466352e+01 4.794616903600273616e+01 6.807196579878274179e+01 7.695100088065063915e+01 5.647576671149470684e+01 7.398883154036931842e+01 6.467324077287160833e+01 4.817018201151060453e+01 6.849191069873901938e+01 5.966851311678772873e+01 7.546736532208007020e+01 7.770098937923059168e+01 7.996930937446060739e+01 6.426661607164287204e+01 8.410613504930280726e+01 8.346680504365137665e+01 9.587112831347269548e+01 8.743671897520300718e+01 9.894916147573223952e+01 1.189268963332560531e+02 1.239626507415667334e+02 1.030924468381495416e+02 8.793309613938446034e+01
5.148128622892763673e+01 3.162882287721824426e+01 5.148223500755625537e+01 5.927798805774337865e+01 5.096260726063655255e+01 3.543141562210899309e+01 4.542292523680931993e+01 5.971640865175523061e+01 7.978994421555471206e+01 7.680512381220819407e+01 5.636703090699251106e+01 7.680512381220819407e+01 6.086159312742093164e+01 4.115957586414612734e+01 4.021785203239247863e+01 5.985564363436790813e+01 6.838668203029496340e+01 6.006134975564840062e+01 4.861277687718024509e+01 6.345294511068915000e+01 4.556366923130651259e+01 6.595192433454479897e+01 5.108090123222122259e+01 5.316270915077735282e+01 5.540209359243813481e+01 5.772284846681389325e+01 6.006488220965568559e+01 7.996930937446060739e+01 9.236026149852375511e+01 1.034015403834131774e+02 1.116740113634804743e+02 1.073927457354658088e+02 1.156662732092315338e+02 1.271993742999645747e+02 1.239143225340160939e+02 1.157026419666251513e+02 1.012456222591828947e+02
4.762089500822944643e+01 2.785436220338711166e+01 4.413369401797987024e+01 4.680487861206700728e+01 3.102284114244626778e+01 4.245503869069005987e+01 6.258416048749013072e+01 7.388869178952789696e+01 8.456021378422295243e+01 6.908025079797469914e+01 4.807246973641680654e+01 6.908025078846937106e+01 5.952519961030061069e+01 4.081014756334563032e+01 3.625155948460580646e+01 5.473449575777067366e+01 5.769952413011679226e+01 3.933788395961991569e+01 4.115816479702875341e+01 4.298205574727966649e+01 6.345294511068915000e+01 7.423862458565622546e+01 7.131083598433534121e+01 6.489440568648818441e+01 6.446977006780493014e+01 7.770098937923059168e+01 7.996930849428569843e+01 6.552895593358071835e+01 8.536911739249481457e+01 9.962060778738009503e+01 1.085346797624076061e+02 1.200617431487338109e+02 1.271040893987074156e+02 1.190577223906456084e+02 1.159202414367028808e+02 9.742841255801560862e+01 1.023013976577785513e+02
4.015987095232726745e+01 2.426756096674858654e+01 2.438714818545167162e+01 2.699491060097924588e+01 4.680487861206700728e+01 5.927795851062638377e+01 7.088401432943342684e+01 8.456021378422295243e+01 6.450682080682771868e+01 6.243700712242323192e+01 4.120247278055656892e+01 5.376804477629240608e+01 5.111351964621232469e+01 3.281683227340674591e+01 3.406779530780588061e+01 3.537505447684265647e+01 3.677803435367057716e+01 3.946081822381386672e+01 6.017554197878764910e+01 6.345294357629366999e+01 5.604993463656550290e+01 6.774956767461421236e+01 8.772397171851882547e+01 7.898935670542262244e+01 7.853551239055865096e+01 8.436460673016509304e+01 8.536911735451090522e+01 8.536911739249481457e+01 7.149968774191289356e+01 8.034590907273050675e+01 9.182631961951607025e+01 1.117886768729372591e+02 1.190577223906456084e+02 9.991528548647247021e+01 1.055219754472691278e+02 9.971463967905152970e+01 8.332855884009079261e+01
2.188171141129250685e+01 2.072067729828341953e+01 4.043482708708117457e+01 4.092685057636900581e+01 4.092687588799562803e+01 6.099562551474792826e+01 7.884797609976024546e+01 7.055937481627515240e+01 6.818668698217952340e+01 4.802305275932442896e+01 5.376804474998712635e+01 3.356866670574020617e+01 3.119377287738880256e+01 5.111351969849211230e+01 5.971625974622601518e+01 5.626878113925212688e+01 4.750501987499506384e+01 6.017330111849671681e+01 4.322797510554443079e+01 6.371531930699799773e+01 7.562361214005586874e+01 8.445872461750693105e+01 9.598638916571921698e+01 9.889794866599537215e+01 9.843728556341493174e+01 1.042820963680364059e+02 1.052883068941945339e+02 9.962060786916579502e+01 8.293363184845114233e+01 7.993248125579003727e+01 9.400041414425794528e+01 1.139655324094082971e+02 1.165641665761046681e+02 9.743853051407516830e+01 8.626122167248082917e+01 8.035893588911176266e+01 7.497496419673389312e+01
1.773082544359668589e+01 2.252204511643510187e+01 4.280583640753044961e+01 6.099244545062293099e+01 6.099550254805438954e+01 6.929684629299994469e+01 7.055937481627515240e+01 5.043177914911314730e+01 5.632701543104392528e+01 5.543408462334592457e+01 3.537207369038449656e+01 2.957611180705726639e+01 4.943094067259161051e+01 5.944146592153499142e+01 6.871160734749993537e+01 7.551757721052088357e+01 6.201270330590050150e+01 7.198295192737312220e+01 6.371531930699799773e+01 4.698956456124613368e+01 6.147090573131342239e+01 8.151440292820475975e+01 9.686982364796375577e+01 1.027149447342355018e+02 1.000678642886465042e+02 1.083373390704284560e+02 1.183174032893561929e+02 1.111329183934705611e+02 1.028612393111934438e+02 8.986862712026683653e+01 9.400041414425794528e+01 1.139655324094150330e+02 1.245971456385039886e+02 1.135096874425899500e+02 1.055219754472691278e+02 9.504797430178761886e+01 7.560183755647068438e+01
3.734381597513257134e+01 1.825244923129708852e+01 3.786578719325810027e+01 5.331413378885844878e+01 6.178223729435330824e+01 7.620569495805722227e+01 7.055937471387142068e+01 5.043177914907354875e+01 3.628391392244287772e+01 4.630546361671870415e+01 2.804563037221212696e+01 4.782085749508873107e+01 3.553808328194687505e+01 4.017821745094321528e+01 6.039830443832047280e+01 7.662250455196335963e+01 8.216395566011367180e+01 8.152698208522483014e+01 6.152436665918379077e+01 4.971056727017253252e+01 6.998044330153597059e+01 7.747183190728829061e+01 7.696327273596746466e+01 8.279376548861294793e+01 8.014834113583209785e+01 9.008951894583162812e+01 1.041943578554496384e+02 1.241738295541063906e+02 1.181008214309523936e+02 1.039754304144141344e+02 1.139655324094150330e+02 1.222380526727848746e+02 1.267202625017262676e+02 1.207958882086248309e+02 1.016198709029602156e+02 8.796480898046799268e+01 9.504797430145887915e+01
2.181969477463823992e+01 1.861876412359857014e+01 3.755143547924615177e+01 3.301339783746328038e+01 5.330348895417604638e+01 5.600523453729934431e+01 5.600523453729934431e+01 5.309317750558705029e+01 4.479031063103106192e+01 2.652125577887199270e+01 3.163707919228344068e+01 5.390562399057343868e+01 4.972475981285036539e+01 5.449806753817056659e+01 4.810955278684395608e+01 6.833020642626262031e+01 8.608208251434234626e+01 8.976260460850146217e+01 7.666886929155870689e+01 5.660226837654668941e+01 5.409579361934936514e+01 5.744961405969979040e+01 6.288090780067526708e+01 6.954043331857491239e+01 8.942043129639756671e+01 9.918620234578069983e+01 1.058368924917214997e+02 1.141096195484694107e+02 1.240966218549835247e+02 1.239556344044157612e+02 1.151667127898341931e+02 1.069943412473678706e+02 1.069943412473678848e+02 1.174213740456537209e+02 1.152118369113609901e+02 1.072363963356343817e+02 9.765376164732838049e+01
4.216173119712500039e+01 3.823220570908840443e+01 1.913179877168568410e+01 3.800126202564647571e+01 4.725773007951895011e+01 5.596557709173559658e+01 3.594178349005589013e+01 4.328792307225011626e+01 2.502096392255709389e+01 4.479031028476856591e+01 4.058422153444430336e+01 5.981673863247799261e+01 6.989359898947898841e+01 7.464273638387643928e+01 6.833020642626262031e+01 5.770929261596660353e+01 7.195009219471572237e+01 9.192975210207232806e+01 8.420375708184160146e+01 6.427042663494302133e+01 6.241799988681295730e+01 7.747183190728829061e+01 6.370740331056079953e+01 6.842368979467725865e+01 7.354780285711183296e+01 7.926606419665374403e+01 8.588482205389915691e+01 9.584911363633641201e+01 1.158246713471065590e+02 1.209450980314694419e+02 1.012157485820245739e+02 8.725684935206891168e+01 9.768999833884763007e+01 9.768999833884763007e+01 1.038727784966630026e+02 1.120460089537492792e+02 1.053625878995654546e+02
5.650793388047988941e+01 4.229990617059986135e+01 2.288432181476441585e+01 1.964213834024758043e+01 3.901493577373227595e+01 4.772514913504229384e+01 4.180697309780596527e+01 2.352924537264350136e+01 3.631827169177026349e+01 5.213084581059631972e+01 6.044481608642682602e+01 6.876277643529350314e+01 6.930064224982696430e+01 7.782898698658101466e+01 8.076384924921461561e+01 7.780199909576226958e+01 7.195009219471572237e+01 9.192975210207232806e+01 9.246290776817872370e+01 7.425042275180310014e+01 7.241704188797727682e+01 9.062568431328814711e+01 7.778430087149716599e+01 8.246460640679916310e+01 8.759329497621475014e+01 9.918620234578069983e+01 1.058368924917214997e+02 1.141096195484694107e+02 1.240966218549835247e+02 1.267202625017262676e+02 1.069943412473678848e+02 9.768999833884763007e+01 7.796166840201081527e+01 9.023339051091892316e+01 8.414032072349546354e+01 1.006535594395306532e+02 1.159305926117984029e+02
3.968715391901590550e+01 2.850937695596130439e+01 4.229362941522477115e+01 3.886048487895163106e+01 2.014802338686449446e+01 3.895601613321092316e+01 2.207298792759268125e+01 4.155446047545484589e+01 5.085677395270345613e+01 6.265468328402008069e+01 6.219223098608847522e+01 5.366920792083580949e+01 4.866729345170041654e+01 6.148962640403991031e+01 6.003121824929809236e+01 7.464536095375929392e+01 9.192975210207232806e+01 1.002140728339689844e+02 1.024236465747110572e+02 8.831512855746629498e+01 8.648025326840794946e+01 1.005843306373735828e+02 9.769377956474919245e+01 1.023903113752153899e+02 1.075406969895615390e+02 1.015255499215380439e+02 1.096285348513656999e+02 1.129944639284376393e+02 1.187176662874631035e+02 1.114301886008717162e+02 1.030843053027562632e+02 1.041847922017516623e+02 8.445421518079008649e+01 7.048471657679834834e+01 7.273636301244226843e+01 8.883827772499191155e+01 9.793284583220585660e+01
3.531036468445945786e+01 4.819755454766345792e+01 5.637333260622239095e+01 4.529341156286763947e+01 2.626830999444693759e+01 2.065206950027345556e+01 2.821822540503224985e+01 4.726006181306189546e+01 6.264309795569539574e+01 5.718371878689885079e+01 4.868431505684409899e+01 3.342047818820027771e+01 3.701945884367959394e+01 4.098135821740570606e+01 4.546905613189852602e+01 6.610366527773462053e+01 8.128412397305059756e+01 8.978244778932464953e+01 9.901830467185486384e+01 1.082608483044340915e+02 1.064189103256893389e+02 1.051487415990826975e+02 9.702922762059068873e+01 9.702922762059068873e+01 9.828420954099024698e+01 8.184072636480553342e+01 9.828420954099024698e+01 9.346894115466876940e+01 9.918763003989762694e+01 9.976859274080842965e+01 8.288370024171140926e+01 9.976832824814013634e+01 9.504814843268935931e+01 7.530685306420618019e+01 6.376830194293366816e+01 6.962916907699076319e+01 8.652342972144994349e+01
4.134545665310842821e+01 6.188069489563801540e+01 5.698566681548432911e+01 3.678573863147839518e+01 4.532004326850803011e+01 4.027016215913466368e+01 2.119298862463147159e+01 3.502697522895214632e+01 4.940214235744340954e+01 4.413445040315134094e+01 2.869288858451463753e+01 4.868431525341428312e+01 5.738797276689737004e+01 5.274092787671385452e+01 6.610366527773462053e+01 5.320607093837268309e+01 6.051341348648608687e+01 6.981196077971726766e+01 8.453705037710984982e+01 1.051187784417311661e+02 1.005419394922618608e+02 9.702922762059068873e+01 7.717214616715968134e+01 7.717214616715968134e+01 8.958267867136035534e+01 7.010598544164909640e+01 8.779050390736134091e+01 7.944699711181515056e+01 9.918783436889323468e+01 9.142089591568138474e+01 7.141794088036925814e+01 9.142089591568138474e+01 1.032210431089215064e+02 9.180282354675853185e+01 7.833679260689780222e+01 5.815612832187002113e+01 7.352099940315004289e+01
