MOVIE_S3_data/elevation_000912.asc
nrows	100
cellsize	150.0
xllcorner	0
ncols	100
yllcorner	0
NODATA_value	-9999
[rows 51 to 67 of 100, columns 37 to 73 of 100]
4.137358747498440437e+01 5.728298965122709774e+01 5.970369762769839639e+01 4.304318515312012039e+01 6.315421217967210055e+01 6.105269404567930280e+01 8.126336605314759254e+01 9.628079210949277922e+01 9.525231140866875990e+01 9.813599518464585003e+01 1.057708330545621038e+02 9.747191747042681698e+01 9.158065923121149865e+01 1.116946730109828536e+02 1.163283072267354328e+02 1.245798919286160640e+02 1.345666494585782118e+02 1.181117577365861138e+02 9.729669542728566967e+01 8.813418342880785872e+01 1.084328156682203144e+02 1.170546803999203007e+02 9.865840391945256727e+01 9.766426237208435168e+01 8.021045853429544081e+01 5.999149093171022429e+01 6.757149077085618671e+01 7.773557482284722653e+01 9.804485256280673866e+01 1.053230032303227546e+02 8.520890540223349774e+01 9.110018825863123482e+01 8.344018438278000360e+01 6.634313581133639559e+01 7.311302368703762511e+01 8.086318503327751728e+01 9.886637652659810271e+01
4.445643173973649454e+01 5.878336651760090348e+01 7.157092404535481478e+01 6.324673413150981816e+01 4.666051164343161162e+01 6.695099246025787920e+01 7.035799631977576496e+01 8.145367919741120488e+01 8.805399877203491599e+01 9.434874708918019337e+01 1.025631509653708662e+02 1.114534172406235513e+02 1.116946730109828536e+02 1.199610068779763168e+02 1.178330120437929764e+02 1.178330120437929764e+02 1.260094964592968125e+02 1.127518002457490098e+02 9.994308257620225788e+01 8.035520010616686193e+01 1.007606538310426458e+02 1.106971361666099227e+02 1.024666656677092362e+02 9.219444983504168079e+01 7.192254900768314485e+01 5.768361714408411700e+01 7.786005128923066820e+01 9.619793193922676267e+01 1.062953303352123129e+02 1.029966809186548460e+02 9.110016073915005563e+01 7.075120594192499368e+01 6.311356359941180472e+01 8.344018438278006045e+01 9.353485545984433713e+01 1.012344819716833513e+02 9.384707705765562480e+01
4.773128807846489963e+01 6.803063939260711379e+01 8.724998728998805575e+01 7.161608821314379725e+01 5.131025964484864232e+01 5.150857207136900229e+01 5.654535037415266174e+01 6.213124900737151535e+01 6.807266162816938504e+01 7.444300510948953331e+01 8.333992680544392329e+01 9.743164855508150879e+01 1.173140523036295093e+02 1.120060223640723507e+02 9.800254826884795989e+01 9.800254826884795989e+01 1.178330120437929764e+02 1.052695328785718232e+02 8.585924894214426217e+01 7.468313061506039219e+01 9.504275868347517076e+01 1.024666656682796031e+02 8.225011905667479084e+01 8.817140846628294071e+01 7.557551998776850155e+01 5.543309228548843492e+01 6.964249513620811172e+01 8.989910905070270530e+01 9.356464273422527356e+01 9.485062794423929233e+01 7.465814097139163152e+01 7.820977877287954527e+01 6.098765920262513873e+01 8.132990664753283738e+01 9.673174156504416032e+01 1.049898689100422047e+02 1.139464270897842226e+02
6.803063939260790960e+01 6.433747601956548579e+01 8.446333193938245643e+01 7.651140534077529765e+01 5.630483703977459697e+01 7.179660734104668052e+01 5.877627777172337886e+01 6.557487988194755246e+01 8.558366092353398358e+01 9.434874708918019337e+01 1.025631509653708662e+02 1.114534172406235513e+02 1.159218780483210054e+02 1.038107566344552026e+02 8.379137263305251793e+01 1.038107566344552026e+02 1.159218780483210196e+02 1.038446300341446999e+02 8.384246641762169361e+01 6.944504913860470197e+01 8.978177478925537969e+01 1.054052947114876844e+02 8.817140846654311304e+01 6.787146557094993682e+01 6.028231299621282346e+01 5.322642716742407032e+01 7.335116095786102619e+01 8.757526542926498792e+01 7.331238607298854504e+01 8.757520915309608256e+01 7.838952921679874919e+01 5.819138769129301636e+01 7.826578766271303778e+01 6.957235041710671908e+01 7.636288197956864110e+01 8.662329310465464971e+01 1.010128312979034604e+02
7.885320611690130477e+01 8.446333193938245643e+01 8.437488530683602050e+01 6.432686641098622715e+01 7.651140534077529765e+01 8.480275872512540047e+01 7.307222745341609027e+01 7.306055529595637665e+01 7.629737886584116779e+01 8.627677040629993144e+01 1.004012933430248040e+02 1.202608111165692435e+02 1.077248266368364966e+02 8.776060615477481974e+01 7.739471559303336790e+01 8.776060615477481974e+01 1.077248266368364966e+02 9.976493769775846943e+01 7.951485982193669599e+01 6.515410902206883748e+01 7.687048253824731603e+01 9.716030446128391418e+01 9.199237923067754252e+01 7.172409362011724454e+01 6.008208928856986830e+01 5.112368089945419314e+01 7.125301242067716601e+01 7.854453047288497203e+01 5.901812821541233944e+01 7.194272119838949209e+01 7.371894140507258442e+01 5.626466540446639186e+01 7.643597390714339213e+01 8.994212170317504729e+01 9.673174156504416032e+01 1.049898689100422047e+02 1.150348829844055700e+02
6.778700545955069856e+01 8.780595051186128330e+01 9.266943719162777882e+01 8.437488530683602050e+01 7.380575486174950584e+01 9.380049727025426876e+01 9.320930661761806846e+01 8.459876790726730178e+01 9.624739091761989584e+01 1.044578874744315726e+02 1.144014703192050888e+02 1.154515036008939433e+02 1.055574849906411146e+02 8.556987280202795887e+01 7.130163042973077836e+01 9.142410887234579775e+01 1.068295230751262181e+02 9.593803269139299061e+01 7.567678772836909218e+01 6.137123712580754642e+01 8.161116898275706433e+01 9.938720585059934365e+01 1.002728336197784245e+02 8.861785932001943422e+01 6.922993848320535903e+01 4.907442105458276416e+01 6.922993838769637875e+01 6.779744087613426018e+01 4.996596508752319465e+01 5.168114060923339537e+01 5.351566857862326998e+01 5.774855153515139250e+01 6.209224240499555947e+01 7.140237005637702339e+01 8.216559863295478294e+01 9.422642399169399141e+01 1.143270140443759715e+02
7.935110895255255059e+01 8.194651428279264849e+01 1.019518809239389725e+02 1.013657262654429161e+02 8.135001173291063026e+01 1.013657262654429161e+02 1.123379557024804853e+02 1.043602468034043085e+02 1.059954029852424497e+02 9.770243170602947202e+01 1.060240392361315571e+02 1.072481974649836900e+02 8.728818559303167035e+01 8.703302408019081327e+01 6.690813495164127289e+01 7.855552563645517239e+01 9.861350231508568243e+01 9.460917045772679046e+01 7.803322071605640531e+01 5.784014668437187368e+01 7.803322071605640531e+01 7.917685575079865146e+01 9.938720585059934365e+01 8.151874816618435204e+01 6.131740988214469468e+01 4.703661150959441528e+01 6.553905634169058203e+01 4.760440271216214114e+01 5.410193169255420287e+01 7.194272171890021639e+01 5.433656397619827771e+01 7.713283416130752812e+01 7.681378661109636141e+01 7.253867433157790856e+01 8.488414889839917521e+01 1.053378337268633658e+02 1.224921216955336547e+02
9.935547886684925345e+01 1.019518809239389725e+02 1.102147705117535565e+02 1.096701549942054328e+02 9.549310163099018212e+01 1.096701549942054328e+02 1.082327788829856416e+02 1.000015071162956701e+02 9.591560273710589968e+01 7.759185145803482442e+01 9.591560273710588547e+01 1.050792466399901315e+02 8.509876986058306159e+01 7.086205681995896555e+01 6.298015268076708395e+01 7.721201159262091096e+01 9.726777469790383179e+01 8.631190076754708684e+01 6.606087957258553445e+01 5.445567690351528967e+01 6.264025761210309184e+01 7.695782337886447522e+01 9.719557346469474624e+01 7.920474913760875779e+01 6.287409100463369072e+01 4.501736889688297083e+01 4.529490099746861631e+01 6.553905634169058203e+01 7.268695463986875893e+01 5.991461115130643833e+01 7.878719308713529301e+01 9.447961959568854695e+01 9.768339343267645347e+01 8.488414889525232354e+01 1.018498267540908842e+02 1.135544131026053947e+02 1.140287300212313681e+02
9.800544009704555037e+01 8.958690111363989672e+01 9.800544009925070554e+01 1.081675157761594335e+02 1.155434963045983352e+02 1.145684070283372904e+02 1.000015071162956701e+02 7.995939579850072221e+01 8.582959429418721697e+01 6.752179237721524885e+01 8.569660614747586180e+01 9.395658759648337366e+01 9.354351297910312724e+01 7.347454233926407596e+01 5.927593541285234124e+01 7.935260775053109228e+01 9.490889561711321676e+01 8.661863871642415802e+01 7.161403340368104864e+01 5.144967580595903200e+01 6.569006128132977551e+01 8.589915347438611093e+01 8.782788618797532365e+01 7.389673053417752158e+01 5.275865395776158806e+01 4.300971569651303383e+01 6.330921486264293918e+01 6.553832853982785878e+01 8.572162124294236207e+01 7.971762748618739636e+01 6.751484812431370131e+01 8.766545344209568214e+01 1.060448210239179616e+02 1.053378129034605024e+02 1.135541000400416181e+02 1.140287300212313681e+02 9.441171818202404609e+01
8.773915973963735837e+01 6.896801428453322558e+01 7.927745769911356888e+01 9.345251545875306931e+01 1.018516018462179176e+02 1.063534169983365700e+02 8.636522526320756299e+01 7.472520798369313866e+01 6.572597450746656023e+01 5.995486054162078204e+01 6.562155491499612481e+01 8.238885894405410681e+01 9.032990576831446106e+01 7.025919103133972499e+01 5.608042010667491439e+01 7.613776727453890203e+01 8.661863871642415802e+01 6.639298692025124637e+01 6.873337235911941434e+01 4.854499170588444201e+01 6.873337235911941434e+01 7.417102834819681334e+01 7.577435452231034674e+01 6.097147021490000185e+01 6.208953084626434560e+01 4.175281586682636714e+01 4.662847355953358175e+01 6.685515464621421700e+01 8.231301024580349690e+01 9.596527016702810897e+01 8.766545344209568214e+01 7.753554597504215451e+01 8.772518737275119349e+01 1.020443597745159678e+02 1.219190932852934282e+02 1.119186208862883802e+02 9.225099171088731964e+01
7.225036246405757367e+01 5.879013083599044620e+01 6.554422700810381741e+01 7.278112229061943594e+01 8.474930001193494888e+01 1.053413327416159291e+02 1.030545478996770328e+02 9.409606103217025463e+01 7.634660735005429899e+01 7.410626991440817335e+01 5.406565449374523524e+01 6.938205205741424209e+01 7.718202748557057191e+01 6.889662222045943452e+01 5.302082908735462752e+01 7.307905050676620817e+01 8.661863871642415802e+01 6.639298692025124637e+01 5.213150666458808047e+01 4.571041151909226130e+01 6.233045852492881522e+01 5.395181587890263586e+01 6.642317162108285800e+01 4.780917121927762281e+01 5.925472322329169117e+01 4.056636766424452389e+01 6.090615927059683798e+01 5.380489915917523547e+01 7.399257444691760099e+01 8.991740727213957030e+01 9.818235410546652986e+01 9.779536090914918134e+01 1.060448210239179616e+02 1.160641613647093209e+02 1.090961639574409219e+02 1.009296713941163404e+02 1.060872837707163825e+02
5.188910511109921231e+01 7.225036214994196371e+01 8.415445843547921356e+01 9.345251545874553756e+01 1.018516017419131146e+02 1.136506671370808732e+02 1.163169046213721742e+02 9.639839653069410019e+01 8.483787287768446106e+01 6.476088262245745852e+01 6.938205205741424209e+01 4.931935560711604438e+01 6.489539074017314135e+01 4.880580261900846040e+01 6.889662222045940609e+01 8.136048124351131605e+01 9.250335091381481334e+01 7.231694316852409088e+01 7.231694316333592099e+01 6.233047172164620520e+01 4.207373402263180395e+01 3.962564485273318127e+01 5.645642410285018542e+01 3.786071813183376378e+01 3.899719147428838539e+01 4.003215156487355841e+01 6.868702957059331027e+01 7.399257444691760099e+01 6.201825640848371535e+01 6.964193833048049953e+01 8.401452483161753548e+01 1.041688288009408723e+02 1.016200570478409304e+02 9.945421013311425895e+01 9.755147217305281515e+01 8.081755984798880377e+01 9.191580200389920208e+01
4.817107054603885530e+01 5.526714478952418119e+01 6.540391121511494532e+01 7.994959732947198461e+01 1.005247541388945081e+02 1.070699987510871978e+02 1.156091643442230179e+02 9.900090460357949951e+01 7.897135400885346712e+01 8.483787287768446106e+01 7.766592861649449731e+01 6.489539074017314135e+01 4.476640165683933503e+01 6.392206121049426315e+01 7.351954017396688812e+01 8.039687186446758460e+01 8.837181619175964897e+01 8.218980249069213073e+01 7.375569083529724423e+01 7.067480405748452199e+01 6.233028583366955644e+01 5.502222672337526177e+01 3.627268648032761433e+01 5.647534775281135211e+01 5.925356604132213789e+01 6.713333809175782108e+01 8.124656128531975696e+01 9.054992018523930142e+01 7.369585383104839593e+01 8.991740727213957030e+01 9.818235410546652986e+01 1.016200570478409304e+02 8.156012036320180414e+01 7.935396052433812031e+01 8.931793837898781874e+01 6.905042304188562241e+01 7.169116669295902966e+01
6.381262206908288448e+01 7.568991095512174638e+01 8.415446452540261646e+01 9.440965661792229469e+01 1.036010925177261583e+02 8.619559080298363085e+01 1.036010162796052327e+02 1.072289088172700104e+02 9.900090460357949951e+01 9.114107730671969421e+01 8.245820974608959375e+01 6.430589685440027381e+01 4.266935726391928796e+01 5.361866561571462597e+01 6.524049692612339868e+01 6.052045547262055436e+01 7.707213067981498966e+01 7.375569447046824223e+01 5.376304550902064960e+01 5.961875439219452488e+01 5.362415160752994581e+01 3.484601449513722571e+01 5.502223860261766220e+01 6.475581686217967103e+01 6.936065160232664084e+01 7.475110230552887458e+01 8.237879943196413990e+01 9.064533878602505013e+01 9.394439468075950117e+01 1.021867118565939876e+02 1.028835572692102858e+02 9.474338966958345054e+01 8.524118733120634772e+01 6.496804818976906404e+01 7.440473864239854151e+01 7.761648294330706221e+01 5.732321541843499091e+01
6.083106135193582276e+01 7.381688943194794206e+01 8.226878520797937711e+01 9.408295853522746199e+01 9.501804298647705593e+01 7.414598156537861939e+01 9.492586333018907396e+01 1.034983233622425303e+02 9.483032469140303533e+01 7.376635803729246277e+01 6.098455439388953891e+01 5.206860193186893326e+01 6.010986607442463026e+01 3.988658831977713248e+01 5.731238090895021031e+01 4.888357211168325733e+01 6.897447428785247325e+01 7.391700312837501485e+01 5.377110845176104448e+01 4.007316744789080332e+01 3.346719315098981440e+01 5.356621295903359936e+01 4.036480480560665285e+01 4.459211478558689379e+01 4.918439773141501092e+01 5.458262241655385338e+01 6.219792776989409333e+01 7.230817102009446273e+01 8.659854554140734706e+01 1.065738471556029907e+02 9.474338966958345054e+01 7.478747505228696468e+01 8.063242711891339809e+01 7.440471027974510321e+01 5.411082105072986792e+01 6.533265344420210852e+01 6.647978546217666462e+01
5.803371456882835133e+01 5.343745940208230394e+01 6.514634178109631080e+01 8.566112848480193520e+01 8.712879096684461899e+01 6.637542371663607810e+01 7.411587744482240225e+01 9.492577700016236975e+01 1.031289620360050492e+02 9.114107730671969421e+01 8.245820974608959375e+01 7.420609022178803116e+01 6.843476930919077006e+01 5.736338531135135099e+01 3.719395662670900293e+01 5.482114281648352261e+01 6.312343446948622727e+01 7.832528800472179853e+01 6.610110095641367423e+01 5.257649679825640732e+01 3.250411911455655911e+01 5.264966909652106608e+01 6.051431937672924732e+01 5.550264889851082728e+01 6.936090707526173560e+01 6.566592070313049589e+01 6.734413383330833369e+01 8.749691405500151120e+01 1.006721411347688786e+02 9.974079751669125926e+01 9.157144648016419808e+01 8.063242711891187753e+01 6.047638235351537617e+01 6.984808374227085892e+01 6.334336464216583096e+01 4.505085018899862348e+01 4.634261448131103123e+01
4.185808976098844170e+01 5.607457398317578878e+01 7.647872829464895972e+01 8.178893218663466769e+01 7.322649824531970353e+01 5.968226238916375337e+01 7.135860115959135896e+01 9.219491156706058632e+01 1.018126660708361726e+02 9.376811915394141295e+01 1.018126668993055972e+02 8.793631346720073338e+01 6.792603513176213426e+01 5.369945438777092761e+01 5.482114273938545068e+01 3.467201214526716768e+01 5.482114054507182743e+01 7.101091135708618651e+01 5.278616171297651505e+01 4.151107868900655973e+01 3.154392605471379341e+01 3.930229459526510993e+01 5.997811185401213407e+01 7.495924836469757224e+01 7.716807929377856112e+01 7.993252439305008750e+01 8.162969862607680227e+01 9.574436641361408817e+01 1.000924799417628464e+02 9.157144648016451072e+01 7.102311401340509178e+01 7.704158125084273934e+01 6.985856800682815049e+01 4.963855426879814559e+01 4.329549002647578249e+01 6.351503096861641495e+01 6.635909271370567808e+01
