MOVIE_S3_data/elevation_000813.asc
nrows	100
cellsize	150.0
xllcorner	0
ncols	100
yllcorner	0
NODATA_value	-9999
[rows 0 to 16 of 100, columns 0 to 36 of 100]
7.773770046158816616e-01 1.081704369811085797e+01 2.521525561061858056e+01 4.567843916185762509e+01 4.471323444286321802e+01 4.520372999773007905e+01 4.616025729438616310e+01 4.729313364056547186e+01 4.535947901109385327e+01 4.594679239851868857e+01 4.800552610135591891e+01 4.484784571190415647e+01 4.250712936749590654e+01 4.361902990727114116e+01 5.162551688418906082e+01 5.338777830805656777e+01 4.973471773840783072e+01 4.983890492846562381e+01 5.706174416761940194e+01 5.758978988236274432e+01 4.609099541757078811e+01 3.795615248568655886e+01 2.805751866802361505e+01 8.954797229309425788e+00 7.861380619208186538e+00 8.141365435309781518e+00 1.419719624845102501e+01 2.136886016895408602e+01 9.226612686487513315e+00 9.509868451839917469e+00 9.792612698002594485e+00 1.007519534788088045e+01 1.035724230146731450e+01 1.063887014467210790e+01 1.092027344816965417e+01 1.120168221649915985e+01 3.075114703584998566e+01
1.667217412783970065e-01 2.016672174127804240e+01 3.693498698649026579e+01 3.665348637782410179e+01 2.313695393925428689e+01 2.156088948451036202e+01 2.590297144958238107e+01 2.645076388162021175e+01 2.928096575126234313e+01 2.668658387829728795e+01 2.594895224490550945e+01 2.484883355624015877e+01 1.646780819247799954e+01 2.526097061231083174e+01 4.230905105948365730e+01 3.693284861485093984e+01 3.215043369885033542e+01 3.215370279105162155e+01 4.984197897618521722e+01 4.806801334672640280e+01 3.311126711057740835e+01 1.965984279350259101e+01 2.382450517379215782e+01 7.468324947020142268e+00 2.344908780562462525e+01 2.660736221564635784e+01 8.541419151876302962e+00 8.825387271391086585e+00 1.365661095090402277e+01 2.182183230713760835e+01 1.515273630464420940e+01 2.804889609917835003e+01 2.908683318959912256e+01 2.868719319374929455e+01 2.140215184533802173e+01 2.656487405809992453e+01 1.159989852939062871e+01
2.375235533300354973e-01 2.002593779625941295e+01 2.181223775658352793e+01 1.807980159231816231e+01 2.359786851278843578e+00 9.343005618999614015e+00 2.410807932673793985e+01 1.190095763127975559e+01 2.114805999390478419e+01 1.566968158601170913e+01 6.232914625464851532e+00 1.026134447385883774e+01 1.721387975011121085e+01 2.630317065700878132e+01 3.536077451042632447e+01 3.183406215009150486e+01 1.824372044257831504e+01 3.130995868636068025e+01 4.092965941886026116e+01 4.101487958976739634e+01 2.271164581030455665e+01 2.589646521415165381e+01 7.076337538851050546e+00 2.721116132909564911e+01 2.087018709054529353e+01 3.086589795869474884e+01 2.924510007255974742e+01 8.714999924368559192e+00 3.049481821751882649e+01 3.480096370340443457e+01 3.423778423062533705e+01 2.306461076673087973e+01 4.106853425080387865e+01 4.461550578465541150e+01 3.974522326420565577e+01 2.542848241785551622e+01 1.272387745936184089e+01
2.578281697790204552e-01 5.291409056533971089e-01 8.006417715641985788e-01 1.072254933199625837e+00 1.439533922783394981e+00 1.170682228535950564e+01 1.697655607031680347e+01 2.388288250636495746e+00 2.663328293642999167e+00 2.940473660599908889e+00 6.911430356467869629e+00 1.418060236560541476e+01 1.918984056869933141e+01 2.169641313796572746e+01 2.271876219831330701e+01 1.525458866243575073e+01 1.087413274027902155e+01 1.189729780175558105e+01 2.595481172403990655e+01 2.627825787968741977e+01 2.634375303268439339e+01 6.681723599352734411e+00 7.789579086880157099e+00 3.362324677382418514e+01 3.944638499197068882e+01 4.238592317300565071e+01 3.370346385336107176e+01 3.492616254862211633e+01 1.990730291701359178e+01 4.298940822278849083e+01 4.877603852830209519e+01 4.132916506204539786e+01 3.214684421103905976e+01 5.051148588646642423e+01 5.181439210584110810e+01 3.871116577509609158e+01 1.896933096204721991e+01
6.835178870107115889e-01 3.671249356274122633e+00 1.360868632132456035e+01 1.717162600815692386e+01 1.380316186522141164e+00 1.690893842341316899e+00 2.001195001495857273e+00 1.116869709156742019e+01 1.669252053126574609e+01 1.980964302270070476e+01 3.340207355663170841e+00 3.628234210202021970e+00 3.921211794207878132e+00 4.218684361383779446e+00 4.519222917995232791e+00 4.820755155386270197e+00 5.120786028993299155e+00 5.417448973089610931e+00 5.710061908253733165e+00 5.997451901134549068e+00 6.283337627316383234e+00 2.549706859971650275e+01 3.270876825889828154e+01 3.578383805470759427e+01 3.898954084724695690e+01 4.549968834359935244e+01 5.441115615726823052e+01 5.129647784116609444e+01 4.302549052998091383e+01 3.009241640420968622e+01 5.194556481045660945e+01 5.886875854613186476e+01 4.478017689968415027e+01 4.689050316816040009e+01 5.331937643181725406e+01 3.319340350686662333e+01 3.058583351488476865e+01
8.765780624806145394e-01 2.069705116325657812e+01 1.045305450136726400e+01 1.671760149973217580e+01 2.165582520471036787e+01 2.218931899033673005e+01 2.316507021733155014e+01 7.613028043097013864e+00 2.491202544195190072e+01 2.860594871054397359e+01 7.311856619755014108e+00 1.688075338804918246e+01 2.418201785167798690e+01 2.594734571534963763e+01 1.091460731077220991e+01 2.566477489858793959e+01 1.442693022521376989e+01 8.886058484399336876e+00 1.603469872342500224e+01 2.569982082466621875e+01 6.893773124968569199e+00 2.650406219567475219e+01 3.149996749383107542e+01 1.622183084773503836e+01 1.950740129811790524e+01 3.928693066910598475e+01 5.182148489194980101e+01 6.294541491449695059e+01 6.002815026734482728e+01 4.608702099729467960e+01 4.247944094432516238e+01 6.280964938660018504e+01 6.434808990188815869e+01 6.053186660889140569e+01 6.169651434590229400e+01 5.331937647648615552e+01 4.479580468115936043e+01
3.336530771559016451e-01 2.033365307671428468e+01 2.175757724053682907e+01 3.365691008425611130e+01 3.206572686640501502e+01 3.186126969564927691e+01 1.568415809738394628e+01 2.711479236219434696e+01 1.625613949717186202e+01 3.779053642010371306e+01 3.014611604824362701e+01 1.281643789264174593e+01 3.289489073658998564e+01 4.408786079080623210e+01 2.925727313876461722e+01 4.141408974431379875e+01 3.392877068609875835e+01 3.022365874583281098e+01 1.355833784971907008e+01 3.210870276935962409e+01 2.660742055449924237e+01 9.271337900789271558e+00 1.165317734893917390e+01 1.539084045604306716e+01 3.517211203572222900e+01 2.442317352715808454e+01 3.589936258186278906e+01 5.509738400009941017e+01 6.772680454580138587e+01 6.608933972842260118e+01 6.278528093461989101e+01 5.725906062282491860e+01 7.620995416517452270e+01 8.132833493748189824e+01 7.569003952090956489e+01 6.727856688915368011e+01 6.496664341262450648e+01
2.692912384917900415e-01 1.442017058390349504e+01 3.455225401852700173e+01 4.782657901631057484e+01 5.105101513761093912e+01 4.382183410009159275e+01 2.483492515790594624e+01 4.495837462146062791e+01 2.552977630892370797e+01 4.601015070917521399e+01 3.670644753734599419e+01 1.654812978208037322e+01 2.818726567765072133e+01 4.834624175777505428e+01 5.736598033703860011e+01 5.119155099734711456e+01 3.749371387819049772e+01 1.851974139470437564e+01 3.227550739362939680e+01 3.378080942037099277e+01 1.383369768980495884e+01 2.925510726585482502e+01 2.580867488680694066e+01 3.529209742780032855e+01 2.094717071137316466e+01 4.073481385543330191e+01 2.975352458659195065e+01 4.121206651286079392e+01 6.026268009824845251e+01 7.048222223453184654e+01 8.078049747171213824e+01 7.620995198514872015e+01 8.407754168901678327e+01 7.832436736338382843e+01 6.412308124507285356e+01 4.735200181873273806e+01 5.922195832536815630e+01
2.740426242073276120e-01 1.441617824890728983e+01 3.441617997055324452e+01 5.089490097831124160e+01 6.416276779385540863e+01 5.562604562727662483e+01 4.067821015245428384e+01 5.423993217599293359e+01 3.875843785441293932e+01 5.554477537137976384e+01 4.094674095196839403e+01 2.060886239046499568e+01 4.094680650726652971e+01 5.674575455493965848e+01 5.505944538922121723e+01 3.676238517319587373e+01 2.406719494510940649e+01 3.749355508741516019e+01 4.547743071931812153e+01 3.709600034261242030e+01 1.714098195878717945e+01 3.708918491025445263e+01 4.572255451740799259e+01 4.475618512439505281e+01 2.502396534187009181e+01 4.475618512439505281e+01 4.937158057062987382e+01 3.563108403925097178e+01 4.374121000210516996e+01 5.502332756146509496e+01 7.345219016600687212e+01 8.121027549436583115e+01 7.582095571935005296e+01 6.713289170867170697e+01 4.992179535998615592e+01 3.646658569589740040e+01 3.975060975285862952e+01
8.627856460739585787e-01 1.086319335626743054e+01 2.241845306420754014e+01 4.261788349353357575e+01 4.185695956145016083e+01 5.651614487917469631e+01 6.195907885033686568e+01 6.636386649937728066e+01 5.775262387086122118e+01 5.102945429722340265e+01 3.085087229507620066e+01 3.507038452711510246e+01 2.981801874583524281e+01 4.996122254820212305e+01 5.900042559600147740e+01 3.966086801212448876e+01 2.888393807988062889e+01 4.819783089640539941e+01 5.458450329583843796e+01 3.470073394257283894e+01 2.057759359995218418e+01 3.213168706413389941e+01 5.225094028536277335e+01 4.903175709214391276e+01 2.937623506656382943e+01 4.903175709214391276e+01 5.994600098268821142e+01 4.060824034292710394e+01 5.994600098268821142e+01 7.048224798548825731e+01 7.491741433087011615e+01 6.113016255319147518e+01 6.713289170866814004e+01 4.593417053675468509e+01 5.214310727994583772e+01 4.545192740475537363e+01 2.716423567654830862e+01
2.490127916613376069e-01 2.024886782193594215e+01 2.843581207317136617e+01 3.246902355387707928e+01 2.670853920495774148e+01 4.261062859213553367e+01 5.085055242088130001e+01 5.991634188352772838e+01 6.923615641367086937e+01 5.952130691071096891e+01 3.921907439232401060e+01 5.513410043770867475e+01 3.711022174503084159e+01 5.700385902897697576e+01 6.696972607868625005e+01 5.358788911110324449e+01 3.413906185935618964e+01 5.359787879559507928e+01 5.835767444988010766e+01 3.847884440069938705e+01 2.435267374937871310e+01 4.430121892004951434e+01 5.998103299439600278e+01 5.288502837438217341e+01 3.407490776719615155e+01 5.364491978769963509e+01 6.564799618387164060e+01 4.659227970743047109e+01 5.988490693862499370e+01 7.832258913131609290e+01 6.701148868033207862e+01 4.740351361656616547e+01 5.449938843714925696e+01 5.211522747670794331e+01 3.132312807051501835e+01 3.987538315065919647e+01 2.209525548200683076e+01
8.485705281016824308e-01 4.562513569971224925e+00 8.342509486644754446e+00 1.234444175455491255e+01 1.706317738245430249e+01 2.241063422107874459e+01 3.006147169587034895e+01 4.056005845662571119e+01 6.251634490379088049e+01 6.902181739941292449e+01 5.104067187734818845e+01 6.556340943422837597e+01 4.703385898183614700e+01 6.557726977991571005e+01 7.244667286752097368e+01 5.349497609737844073e+01 4.100441816596286770e+01 6.051907299474576973e+01 6.314454856853139830e+01 4.838359143379260274e+01 2.842554992070148856e+01 4.278791116718769416e+01 6.339913947026502683e+01 5.785523870469032914e+01 3.921535605618394271e+01 5.874162845320829263e+01 7.188978210144711056e+01 5.316491937193790562e+01 7.188978210144711056e+01 7.396053269484525572e+01 5.424509617431731812e+01 4.307978190480471881e+01 3.508364794220550920e+01 4.684453348215431845e+01 3.881830739815414688e+01 1.946840172081931186e+01 1.803823752745642395e+01
5.097248530424480784e-02 2.005079368434146758e+01 2.843575509805476642e+01 3.251197394283307318e+01 2.861651580304596010e+01 4.261028900968320698e+01 3.665921011355639791e+01 5.738222385176460705e+01 7.149577519639242951e+01 8.090899146584770563e+01 7.317719540466931960e+01 7.559969416692638333e+01 6.704277716641644247e+01 7.588807074798889118e+01 7.449713102740658144e+01 5.488674039932009663e+01 6.048202700171444945e+01 6.853122598111687580e+01 5.503239459605693895e+01 3.508388976461314712e+01 4.838359143379260274e+01 5.653298316645312838e+01 6.826187885286446999e+01 4.909021019495460791e+01 5.059781118017497192e+01 6.679664873756711074e+01 7.936098078290245894e+01 6.280818813656109967e+01 7.936098078290245894e+01 8.241058345367136440e+01 7.092141639945026554e+01 6.246767614931976453e+01 4.686110899977406063e+01 2.732509766277366126e+01 2.288890265454799078e+01 1.854725211901827109e+01 3.680440400179353588e+01
2.550521787762166648e-01 1.180196012473441947e+01 2.594050842205014717e+01 4.585094903629207863e+01 4.881846283353240779e+01 5.739264059431357623e+01 5.735743383042846943e+01 6.582874705492599787e+01 8.275283738899052821e+01 8.135225785421680200e+01 8.860125657149528422e+01 7.573253158455264611e+01 6.751545663513473983e+01 7.653420442105255006e+01 8.313763048735872019e+01 7.457311306290813491e+01 7.529510009448205210e+01 5.560001971186772352e+01 4.403869306292870078e+01 5.503239459605693895e+01 4.923380733412932386e+01 6.903142260640665029e+01 7.596338644496070458e+01 5.776089198785452083e+01 6.990899166581623092e+01 7.797219353741431291e+01 8.842372278257778362e+01 8.097263101574934296e+01 8.841864941074305762e+01 8.479015777158153355e+01 7.614033348984614236e+01 5.686124527522014915e+01 4.327943377350492682e+01 4.631336966142700362e+01 3.709675817125274477e+01 1.891815657086496927e+01 3.872546989120249350e+01
8.916207294569349351e-01 2.089162072945658011e+01 3.234654145262945235e+01 3.953890040393839911e+01 4.811637184184469618e+01 6.049503781990514284e+01 6.960086749308389642e+01 5.684722714964921408e+01 6.938008237397033895e+01 6.400457725983552848e+01 8.166785691384538381e+01 6.586018930757168732e+01 4.730907263636375149e+01 6.604934001859666637e+01 7.867530061535461527e+01 8.511808386931218706e+01 8.327320737082430924e+01 7.197232090438863850e+01 5.405885262048396100e+01 7.197232090438863850e+01 6.903142260640665029e+01 7.705528980293343011e+01 8.427858629598810580e+01 7.098019709354431939e+01 8.427844442595446139e+01 9.159034940453626916e+01 8.883292178440321152e+01 8.341167268302696414e+01 7.491241892668556090e+01 6.450615245544747722e+01 7.158643889177079700e+01 6.318851073134246832e+01 5.489451174289182944e+01 4.544998982108618435e+01 3.833362169979151446e+01 1.928930438749777565e+01 2.101952721624324028e+01
5.108012481754142797e-01 6.284304497587223537e+00 1.231454254565263540e+01 1.938615118794171366e+01 3.097010898090220365e+01 5.152308771597788706e+01 5.422196862646149640e+01 4.314941293940091782e+01 5.056996933090984214e+01 6.938008247966729414e+01 7.220524055318603018e+01 5.733694925256236985e+01 3.761741005122921422e+01 4.712769802201989933e+01 6.885356444821194088e+01 6.698469650048006940e+01 7.929353218891506572e+01 8.176468626945818130e+01 7.379036872992723772e+01 8.178429013939059189e+01 8.514621209642395172e+01 8.366179477358598149e+01 9.188112364538736188e+01 8.954567715702343378e+01 9.159034940453626916e+01 7.124340094978890647e+01 6.843578509498794915e+01 6.843578520034296275e+01 5.420438129303602182e+01 4.994161573456263170e+01 5.492934432141340295e+01 4.281664975129266537e+01 4.668650408512738892e+01 3.176441696672334558e+01 1.981040218132623210e+01 3.298780935309810047e+01 2.906685325168266587e+01
5.195627768054871254e-01 2.051950683151771315e+01 3.234653088250139774e+01 3.953890094126442989e+01 4.811579772222503948e+01 5.422193992246629080e+01 3.470749337882372743e+01 4.690059710692239747e+01 5.490981129783692438e+01 6.063531298855739493e+01 5.966136885821933333e+01 4.438872073394141893e+01 3.065159912844982770e+01 5.039801431955032740e+01 6.557643217847208916e+01 5.350828431065259849e+01 6.163673888556431990e+01 7.425776881643481886e+01 8.295093377168467441e+01 7.933928500695323294e+01 6.530650869205291542e+01 6.382684928992339479e+01 7.784218808590274818e+01 9.770793316619594293e+01 8.939819674989517750e+01 6.900373820043317608e+01 5.429744618672011569e+01 4.777706655810774095e+01 4.240935701172473671e+01 3.833779147679429400e+01 3.480943486696452283e+01 3.142719515198932712e+01 2.832583541486889445e+01 4.026074069184347337e+01 2.017872680631307247e+01 3.898016458035876752e+01 4.278309479491564815e+01
