MOVIE_S3_data/elevation_000901.asc
nrows	100
cellsize	150.0
xllcorner	0
ncols	100
yllcorner	0
NODATA_value	-9999
[rows 0 to 16 of 100, columns 37 to 73 of 100]
6.861122091273767865e+01 7.693102967701820205e+01 8.918780890682263873e+01 8.659547277959693190e+01 9.486857339322696703e+01 9.473807675301948450e+01 8.889395907773423744e+01 8.751039485847334731e+01 9.335538023787707118e+01 9.417637579257691982e+01 1.024402016281509731e+02 9.995268999707684543e+01 9.188967889571416947e+01 9.995268999707684543e+01 1.018434105081373389e+02 9.376477918992512173e+01 1.018434105081373389e+02 1.112263872030378025e+02 1.044062093899624983e+02 9.609753079691677158e+01 1.044062093899624983e+02 1.055106061931746240e+02 1.040092022859323606e+02 1.123204958082860543e+02 1.152683346750408759e+02 1.123909417250208662e+02 1.040872356495798954e+02 1.014744597863367943e+02 1.085818930271669416e+02 1.168801251276351110e+02 1.258405753267117149e+02 1.374058633075168245e+02 1.531101004147957383e+02 1.415223528829200745e+02 1.325999120096593913e+02 1.243026000518667047e+02 1.258438637219983178e+02
4.830209958222061317e+01 6.680917437294462502e+01 6.910781557048295554e+01 6.649266180598887388e+01 8.328415599738332276e+01 7.470088803027469737e+01 6.882192551069202580e+01 6.742141328950170021e+01 7.330533976555814490e+01 7.417843300701152032e+01 9.417637579257691982e+01 9.038239524832830796e+01 7.288380873790053727e+01 9.038239524832830796e+01 9.224998907929145275e+01 7.470911711966843427e+01 9.224998907929145275e+01 9.109910364696378338e+01 9.109910364696378338e+01 7.579450871911589616e+01 9.429044560714477541e+01 8.530361444633420831e+01 8.379048761741822204e+01 1.006731687374442004e+02 9.515886737454881938e+01 9.515886737454870570e+01 8.390491225634944783e+01 8.126153678265052349e+01 8.847903606147998801e+01 9.750514383712011579e+01 1.090768090262014454e+02 1.291084373958901210e+02 1.447712370707347702e+02 1.247260316935053055e+02 1.133071174350448445e+02 1.046166628170855546e+02 1.061257949948438437e+02
3.807200854133907342e+01 5.845666023438436554e+01 5.473862456584085834e+01 5.473862456584085834e+01 7.498910945251606108e+01 7.395771258935450021e+01 5.442335256992054582e+01 5.300491048281978834e+01 5.984462961842828577e+01 7.417843300701152032e+01 9.417637579257691982e+01 8.238674381680731074e+01 6.318297575368985974e+01 8.238674381680731074e+01 8.423694815479672116e+01 6.504180639353454296e+01 8.423694815479672116e+01 9.109910364696378338e+01 7.070221258362360572e+01 6.545316006702049094e+01 8.594521776725316897e+01 7.080857637437969743e+01 7.193967805470526855e+01 9.003374610936887734e+01 8.165715301607063736e+01 7.481760617855042028e+01 7.204126254685377262e+01 9.243496581429434400e+01 9.996331032487002233e+01 1.057682147004384916e+02 1.124459259527095298e+02 1.207416592734058867e+02 1.307520282349442482e+02 1.338217014992978307e+02 1.255260453781185532e+02 1.144596314344760515e+02 9.505361453877729616e+01
4.756060228100114529e+01 5.461307169658158500e+01 4.293072913339434393e+01 6.329748655197372642e+01 6.821547579129847350e+01 5.986645155814314023e+01 4.524644348704355679e+01 6.563249871566330285e+01 8.003569483912302474e+01 8.830931731758128933e+01 8.685251639378927280e+01 7.598548779576809409e+01 5.648236208590166996e+01 7.598548779576809409e+01 7.783856756770930474e+01 5.838132581551364098e+01 7.783856756770930474e+01 9.138712478702137787e+01 7.819875389917001485e+01 5.759281187812312908e+01 7.047129189566065577e+01 5.883209522501467603e+01 7.480826980178831320e+01 7.710732426245385795e+01 6.106155350115809455e+01 6.444478820575079681e+01 6.935719618613782700e+01 7.440070566051311118e+01 7.974225293594290065e+01 8.565943607731163922e+01 9.241279219589657146e+01 1.024384291354118659e+02 1.224534227700070801e+02 1.255260453781185532e+02 1.058452866398650656e+02 1.116096474154031597e+02 1.071248464852851185e+02
4.690889638119529792e+01 3.422973932190880930e+01 5.461307200900957071e+01 6.305022165801236866e+01 5.468233338562305335e+01 3.945655790302771493e+01 5.986645155814314023e+01 6.192988553517419348e+01 8.210723808374368105e+01 9.241947164064113451e+01 7.321025930777373958e+01 5.937313614414126306e+01 5.059350225585264127e+01 7.035542035641455527e+01 6.525473766008332177e+01 5.251607120708080600e+01 6.406423387082323018e+01 8.336511405732248647e+01 7.269165028953854346e+01 5.205351658168049767e+01 4.982416574589281311e+01 5.191164926061881602e+01 5.415295626010140495e+01 5.645917962056605433e+01 5.998056288005464154e+01 6.361124492323374113e+01 8.415206258379829762e+01 9.474225575753543183e+01 9.996331032487002233e+01 1.057682147004384916e+02 1.124459259527095298e+02 1.207416592734058867e+02 1.307520282349442482e+02 1.200299812246031905e+02 1.116096474154031597e+02 9.223443075366536448e+01 1.012531584807264977e+02
2.657188940179374015e+01 4.690889638119529792e+01 5.825465495988827769e+01 4.987270810241050611e+01 3.427682146926784412e+01 5.468233338562305335e+01 5.986645155814314023e+01 8.007940180780425976e+01 9.038808024199725821e+01 8.290196658961674814e+01 7.460210366783073255e+01 6.507382558231122971e+01 4.512586273264763292e+01 5.877857260148320506e+01 4.529385637445540169e+01 6.525473766008332177e+01 7.522225141320824093e+01 7.330913418297311068e+01 6.485289659654274885e+01 4.691562586293652259e+01 6.753723284809184690e+01 6.656881543381702215e+01 6.850254163389612927e+01 6.783105127631904452e+01 7.921244706287798465e+01 8.415206258376069570e+01 6.899198943681481921e+01 8.942883286757458450e+01 1.003363437504773117e+02 1.086314022699379080e+02 1.230353288296004592e+02 1.313276730926281459e+02 1.231417096470248964e+02 1.035049243268001362e+02 9.242533304811539097e+01 8.516939260513612453e+01 8.196747963526088654e+01
3.979487398625096262e+01 4.869855347494527109e+01 4.537224996020626833e+01 2.949601721454756031e+01 4.987270810241050611e+01 6.305022165801236866e+01 7.618435878300928721e+01 8.453826818369786622e+01 8.290196635808723613e+01 7.123156708428022910e+01 5.431544270713713018e+01 6.266130517324202032e+01 5.361227090652575100e+01 3.865892420314008859e+01 5.744071189981243464e+01 5.916107486935256787e+01 5.466332875067570995e+01 6.222903125913112632e+01 4.427332280584238333e+01 6.485289659654274885e+01 7.598410644558880733e+01 8.705236842391875030e+01 8.803041488405625614e+01 8.860595478740275155e+01 9.425951048758631146e+01 9.775659965798945450e+01 8.088979462274409116e+01 7.498707611237998094e+01 8.014974151565513694e+01 1.003363437611330795e+02 1.030277444382382583e+02 1.230353288296004592e+02 1.314305840781790096e+02 1.200299812246031905e+02 1.118044063563741872e+02 9.482459886557363404e+01 7.539655580593601769e+01
2.021681428194379393e+01 4.015621600112692136e+01 2.504657434383466352e+01 4.537224996020626833e+01 5.825465495988827769e+01 6.185888759356350874e+01 5.592508313951005050e+01 7.618435878300928721e+01 7.460210366731399745e+01 5.431544270713713018e+01 4.248932034303047800e+01 5.268945742013493572e+01 3.414186963439200895e+01 3.562057771770856363e+01 3.711049069458285743e+01 3.861714024121359756e+01 4.013432475644331987e+01 4.176096299415213764e+01 6.222903125913112632e+01 7.330913418297282647e+01 9.026003147529043247e+01 9.208617734271288668e+01 1.003579551349742189e+02 9.640036144452351152e+01 1.048969937973227928e+02 1.093929006261955408e+02 1.010933723615244730e+02 8.275921791777174974e+01 1.003363437504773117e+02 8.883281677649803498e+01 1.030277444382382583e+02 1.230353288296004592e+02 1.165935378795586104e+02 1.083912965510893684e+02 1.015502738509427587e+02 9.225139824106318542e+01 7.271806683516901160e+01
4.048422262167986219e+01 2.076857405297824499e+01 4.103571578475884962e+01 4.998858782365741860e+01 6.185711791397112336e+01 4.176686273461571375e+01 6.185838276165775085e+01 7.474460093008740103e+01 7.180414252208886694e+01 5.924999167420876489e+01 5.086533830895690045e+01 3.226343019347613250e+01 5.268945741696649065e+01 5.671748596932514630e+01 5.162980681262315841e+01 5.916107484435124775e+01 6.058049564754831096e+01 4.207380800850526015e+01 4.599533740579290253e+01 6.683368913109384835e+01 6.979792338623508385e+01 7.155962604133031846e+01 8.530403918418834053e+01 7.572144207699057006e+01 8.766688930380466616e+01 1.083305062519892630e+02 1.111967577943063930e+02 9.288729380980656458e+01 1.111967577943063930e+02 1.004328227507075582e+02 1.171777087654333940e+02 1.196847527981242649e+02 1.001239127852036006e+02 8.904196238499031324e+01 8.220213802326132679e+01 8.993321829746946605e+01 7.029771171046583333e+01
4.471348730739508426e+01 2.462746487740631451e+01 2.132708863728955606e+01 4.159378693169707475e+01 4.690496485347162547e+01 3.474538579122400250e+01 4.623516494648801967e+01 6.638946765715101606e+01 5.744952518834314503e+01 4.309495131112228705e+01 3.045547557289026486e+01 4.991860742327661882e+01 4.520104786862510338e+01 5.964829825850823397e+01 7.218454701336773383e+01 7.728009275966356029e+01 5.636181321406797196e+01 6.799113467778731490e+01 6.684233458054262655e+01 5.098094749298977035e+01 5.512770476171623812e+01 5.955658645546633778e+01 6.460856040010875745e+01 8.531754054513616836e+01 1.049937416039250451e+02 1.169475014607217389e+02 1.212105361597096476e+02 1.129197580085888859e+02 1.212105361597096476e+02 1.204375852389911898e+02 1.287299712758073156e+02 1.279558984456508597e+02 1.165935378795586104e+02 1.083912965510893684e+02 9.289752446122381002e+01 7.337656380726265581e+01 6.794205084704057640e+01
3.041322030886658823e+01 4.471340258979422799e+01 4.159234285852949142e+01 2.188363099280879709e+01 2.689407763640690874e+01 4.690481213721928100e+01 6.308529039239707714e+01 5.565341836841854928e+01 4.727582763196867432e+01 2.867340872978626365e+01 4.906091837500917308e+01 5.900458101226460883e+01 6.554175848217285250e+01 7.389299919905876379e+01 8.813769805684282233e+01 8.448495156276304385e+01 6.410653351003239209e+01 8.448495156276304385e+01 8.008406614885045371e+01 6.296430904070955847e+01 6.207734083015429150e+01 8.023743842041749019e+01 8.531228584354735744e+01 7.663860104244741933e+01 9.140041394079490544e+01 1.123135422638355294e+02 1.234574392038519193e+02 1.153165946012773730e+02 1.234574392038519193e+02 1.312832886318689418e+02 1.230020844209388997e+02 1.269588224284700289e+02 1.186895387648293365e+02 1.123740229108743733e+02 9.289752446122381002e+01 8.562126925020307056e+01 6.578653675825761127e+01
5.051707159342637254e+01 5.887180208016057747e+01 4.941941583688945627e+01 2.947730123703492211e+01 2.244024990335332959e+01 4.272163115510603859e+01 5.163816305938355100e+01 4.555141031457384315e+01 2.691391462916038790e+01 3.167856771559100437e+01 5.208560181224140706e+01 6.519516223177599556e+01 7.162519784618082497e+01 7.926626103125627765e+01 8.753867498375001333e+01 9.262332204040464489e+01 7.602256879912889076e+01 9.262332204040464489e+01 9.183580608247957855e+01 8.351028490436542029e+01 7.666704016691333834e+01 7.668543296881510685e+01 9.704087921292942553e+01 9.174217488689471622e+01 1.061811772663948688e+02 1.147825477952017792e+02 1.137195014219142593e+02 9.591439184232879711e+01 1.137195014219142593e+02 1.230020844209388997e+02 1.032650353141074930e+02 1.090458831568865889e+02 9.901248864393183169e+01 1.155497794361997563e+02 1.012028089021005570e+02 8.194095695949879143e+01 8.100541954786343979e+01
6.355915967148656875e+01 6.348724090771187178e+01 4.359466616118263715e+01 4.937336449745328792e+01 3.668847216174059866e+01 2.299560841184475279e+01 4.322138090113613629e+01 2.522526974998563176e+01 4.554806278432027966e+01 5.208518029207453992e+01 3.912628071895480275e+01 4.480312985651259794e+01 5.129163986867766312e+01 5.904990809141543195e+01 7.340469614838463031e+01 9.341733046821499897e+01 9.604478139449544472e+01 1.040761476460558299e+02 1.011387374794557843e+02 9.856628693569523136e+01 9.680287978397421966e+01 9.704052499033736012e+01 1.054085078022093285e+02 1.140839289811496542e+02 1.093397116850636621e+02 9.585431985466428273e+01 9.650883933353847510e+01 8.629736306687082958e+01 9.991967535461041905e+01 1.193664139655865881e+02 1.090458831568865889e+02 8.947726861845288227e+01 8.777911362191633771e+01 1.067679238249489089e+02 1.093419083926367392e+02 9.530740154260669783e+01 7.525093804604350112e+01
7.126048664700894619e+01 7.181643895041982262e+01 6.348724058022894923e+01 6.445599902238815559e+01 5.033163065996733820e+01 3.491167244834916517e+01 2.355087306031249383e+01 4.295988759864813744e+01 4.766566754578164478e+01 5.759097992043484027e+01 5.953943005178421544e+01 6.519516223178111147e+01 7.162519784618082497e+01 7.926626103125627765e+01 8.753867498375001333e+01 9.875443630184722110e+01 9.900395773244818542e+01 9.077911877437718147e+01 8.130225331534599320e+01 7.872915495162257571e+01 8.865963555775992688e+01 1.026705004321788977e+02 1.225902521746276079e+02 1.139838232216137044e+02 9.570991474076078021e+01 8.258544518783104138e+01 7.714875763426354638e+01 9.650883933353847510e+01 1.070293687905062967e+02 1.182901716488332937e+02 1.098896944314298736e+02 9.031115376753818680e+01 7.901049021322837973e+01 9.187166782797990550e+01 1.000357573145260517e+02 9.783701538361320615e+01 7.730565811288600742e+01
7.958092578968057751e+01 7.067274544845159312e+01 6.230349583150978532e+01 5.783235543814647173e+01 4.862274043778950272e+01 2.828017205810739654e+01 4.385743280380017239e+01 2.414509154402949420e+01 2.445991371931727443e+01 4.814075805591559742e+01 6.679736717762878584e+01 7.616769278896049400e+01 8.201628072376870193e+01 9.017122483045434933e+01 9.294095586524672115e+01 7.889176130226810812e+01 8.750591777738119958e+01 7.083962680040045257e+01 6.711674268414333255e+01 7.872843680516123754e+01 9.856469268276039486e+01 1.167400766048711347e+02 1.085771453816356740e+02 1.002720215130822226e+02 1.083559948768804162e+02 9.092006514323365707e+01 7.141094849741233475e+01 7.944862026622922713e+01 9.070695055185758804e+01 1.101567926447663837e+02 1.181214157274246901e+02 1.016571352738418739e+02 8.208619919990044878e+01 7.215306561570803012e+01 8.617939899589796937e+01 9.434424931633941469e+01 7.825607616902415486e+01
7.669067946749522946e+01 5.634413418662911965e+01 4.181417620378916666e+01 3.737494016090832361e+01 3.324393819411339024e+01 4.861754518567611427e+01 5.104391063546763974e+01 4.331256532258648662e+01 2.472154284609703367e+01 4.572054999654417884e+01 4.530475620578055640e+01 6.582119634850570833e+01 6.279225475141052470e+01 8.201628072376870193e+01 8.293873697417291169e+01 6.465040864608474180e+01 7.288170757218038887e+01 5.907857026635571884e+01 7.926704771569725949e+01 9.533555508003482259e+01 1.067927719093076036e+02 1.090719700027081700e+02 9.761916193403619957e+01 7.965911070654104265e+01 9.373699855733879360e+01 8.660794574674667956e+01 6.687663329995147876e+01 8.660794574674667956e+01 9.272185815482750115e+01 1.122472372884285221e+02 1.213708670206174531e+02 1.016571352738418881e+02 9.361916014485335324e+01 7.393526812032600048e+01 6.627019323249807314e+01 8.135070733209478533e+01 8.503668520588269075e+01
6.384861489726439032e+01 4.931625049015173090e+01 6.230349932567566640e+01 5.783236241550918066e+01 4.049229838566580497e+01 6.054448560921106548e+01 4.664332373528334585e+01 2.533340307997401553e+01 3.734063752193053887e+01 3.167370700317720988e+01 5.088005253180273257e+01 4.979958719241858489e+01 6.279225475141052470e+01 8.201628072376870193e+01 7.467990638161246864e+01 5.439977122186791547e+01 5.256106603885739048e+01 7.288170757218038887e+01 8.750591777738119958e+01 9.944359638310423577e+01 1.079270905347235612e+02 1.009064534402584457e+02 8.101843411319798349e+01 6.925068507855186795e+01 7.390739798829014262e+01 7.804154070200591775e+01 6.299551170955163570e+01 7.309788522766460517e+01 9.272185815482748694e+01 1.046965209322406167e+02 1.144888539421593237e+02 1.074774651190176940e+02 8.787886227305196485e+01 9.361916014485335324e+01 8.135070733209478533e+01 6.126884140816629554e+01 7.680869241083365750e+01
