MOVIE_S3_data/elevation_000448.asc
nrows	100
cellsize	150.0
xllcorner	0
ncols	100
yllcorner	0
NODATA_value	-9999
[rows 0 to 16 of 100, columns 37 to 73 of 100]
5.440006646295648096e+01 6.051370256103250966e+01 6.439653772647297103e+01 5.634412115169264723e+01 5.885339519313111367e+01 6.692332554831338598e+01 8.096057441710921410e+01 7.519716886818059720e+01 8.097714749115246491e+01 7.615219576008713886e+01 6.788657585140232698e+01 7.615413194454195889e+01 8.581268877283545748e+01 7.755347021178056366e+01 7.664094580626932895e+01 7.104829513248313333e+01 7.769330867375069261e+01 8.595062744367673702e+01 9.745284893741231258e+01 9.971784239327556065e+01 9.146185672847914816e+01 9.146185672847914816e+01 8.911664650091206852e+01 8.911670409251129854e+01 9.737323137580565913e+01 9.735543059808354371e+01 1.056160927833079057e+02 1.056930839964499995e+02 1.139601779035450591e+02 1.277276749596699403e+02 1.192992183811022784e+02 1.219263610744244346e+02 1.303625236932028031e+02 1.300173879277774631e+02 1.215875519895696897e+02 1.233226999094120231e+02 1.149185527360459815e+02
3.581200423067960514e+01 4.197214410924119221e+01 5.295717607514639269e+01 3.637646560645974603e+01 3.900181905367539770e+01 5.885291110322496877e+01 6.110258756247815626e+01 5.526719686215334804e+01 6.110444830583342224e+01 6.626951102910523161e+01 4.820795715118084246e+01 6.625663945245814546e+01 6.632382347691317648e+01 5.760826354416928297e+01 5.669001806929799159e+01 5.107935280072590700e+01 5.775826804994756714e+01 6.927827536928704433e+01 8.918845794134011840e+01 9.146185672847914816e+01 7.155635410258501850e+01 7.155635410258501850e+01 6.920937484198675804e+01 6.920937496831149360e+01 8.911668420777229471e+01 7.746090359936134462e+01 9.412178493127510137e+01 8.578715910021756486e+01 1.024585911398802267e+02 1.161343245778331550e+02 9.932988211486880914e+01 1.019061254624632937e+02 1.219263610744244346e+02 1.215875519895696897e+02 1.015760834369407632e+02 1.074373068745045430e+02 9.503972378137738986e+01
2.539104352910394979e+01 4.180443472987520437e+01 4.238607355063835058e+01 2.403456881061665840e+01 4.464896619809346134e+01 5.847047071958373010e+01 5.025404269967638271e+01 4.080668098314993841e+01 5.660036032174951259e+01 4.848643796677021811e+01 3.892601055730663973e+01 5.804693445054944334e+01 4.634152441301650782e+01 4.604903440151663574e+01 4.253016362772769554e+01 5.669001806929799159e+01 7.664094580626932895e+01 7.403854913028456508e+01 9.395512377473950494e+01 9.146185672904157116e+01 7.155635410258501850e+01 5.744096102588532915e+01 5.508280956012901441e+01 7.504004493961798516e+01 8.521534550156610521e+01 6.596865126014706959e+01 8.271626239728622920e+01 7.430929538917661148e+01 9.420039289914177516e+01 1.077699167122543287e+02 8.804066154959926394e+01 1.077699167122543287e+02 1.209524925293470403e+02 1.219785206650440870e+02 1.074373068745045430e+02 8.767095943861846763e+01 8.373223827395479191e+01
3.024971067380726453e+01 3.294705498921809550e+01 2.856609856734933217e+01 1.431057341536629934e+01 3.842633164426682413e+01 5.024682678319631890e+01 2.905467367314428984e+01 4.874329917459539985e+01 4.104390107332645243e+01 3.025608823516067858e+01 4.848643789311400809e+01 4.703308588124517087e+01 3.220526652487814090e+01 3.604169145198893176e+01 5.604356711890014253e+01 5.887307056073566969e+01 7.882059508242728896e+01 9.395512377473950494e+01 8.707033151006804417e+01 7.881655541829954359e+01 8.172849711512699855e+01 6.798410434516620171e+01 4.797671472918680990e+01 6.711045930772333179e+01 7.095692416493470489e+01 5.702816066772672343e+01 6.280879104146995928e+01 7.430929538917661148e+01 9.420039289914177516e+01 1.018213224606442679e+02 8.212517462521225298e+01 9.271513664631824270e+01 1.125701197204673178e+02 1.078359642564114154e+02 9.369340784777878639e+01 9.687174974984370124e+01 7.709043593370910230e+01
1.287540649897297662e+01 1.329385301218863269e+01 1.371815060954396870e+01 1.414879931002718472e+01 3.419624002694870768e+01 4.287326261055474674e+01 2.209444166973179335e+01 3.647906405490099502e+01 2.326697044158630945e+01 4.103643994736643918e+01 4.218733734936929380e+01 2.705418250203607045e+01 4.703308588124436795e+01 5.604356711889913356e+01 6.431066612178248931e+01 7.882059508242728896e+01 7.290401386279270923e+01 7.874126350915983608e+01 7.555561655843177959e+01 5.886515537711898816e+01 6.761227369015426802e+01 5.349604977067281908e+01 4.336382672671216909e+01 4.709685021109936542e+01 5.097052417884258091e+01 7.095693801031771386e+01 7.331750341896730561e+01 9.096668927189378451e+01 1.024585911398802267e+02 9.635859392604677964e+01 7.657166695564998804e+01 9.635859392604677964e+01 1.067136422800231799e+02 9.788231094016703082e+01 7.968278122642580286e+01 8.679779250958689829e+01 7.261116934494974373e+01
2.726512096647956440e+01 2.754786692507068935e+01 3.376782709445129882e+01 3.386327707107432872e+01 1.476433614732821020e+01 3.476932588761456344e+01 1.599440611157607606e+01 1.644258637304252701e+01 2.734724767792102540e+01 3.668473264114441434e+01 2.219131054198813402e+01 4.218733419536333429e+01 5.520977800849708927e+01 5.547506371174467432e+01 6.375703077722245382e+01 6.704748525089276256e+01 5.293422039626115350e+01 5.878323748371342816e+01 6.729760923381174109e+01 4.729535922201453957e+01 5.574930480510123942e+01 3.931420054191072211e+01 4.690047436303408546e+01 6.691041426403536718e+01 7.095693801031771386e+01 7.920863934999414369e+01 9.321886015498500910e+01 1.014767049457115888e+02 1.073332959490694378e+02 9.181916155408991642e+01 7.185124045575960849e+01 9.181916155408991642e+01 8.675754739182207231e+01 8.675754739184783659e+01 6.948855307296359740e+01 6.656609903512988069e+01 8.679779250958689829e+01
4.811740821405653179e+01 4.820089405332689125e+01 4.918606801775279536e+01 3.623360153051269350e+01 1.524710253087676115e+01 1.536726953603544032e+01 2.216706441755315993e+01 3.601694520898325180e+01 1.706727793215836186e+01 1.750603871759252783e+01 3.754087086558225650e+01 4.617993868103357613e+01 5.214375115479285938e+01 3.585784017468362350e+01 5.239662490229044067e+01 5.878323748369184898e+01 3.876895742069222450e+01 5.878323748371342106e+01 6.068403134954386502e+01 5.241195949657969066e+01 3.572523295397218845e+01 5.574930480510123942e+01 5.934736787440707673e+01 5.958008164143068797e+01 7.369238001836995977e+01 9.360329402216929395e+01 9.546404382909031483e+01 1.037235609342647109e+02 9.902149540152416307e+01 7.917304370456001550e+01 6.737103923871168831e+01 8.196202529004202120e+01 7.839680630304491160e+01 6.648725393104147940e+01 6.088165067807808128e+01 8.139064498446082041e+01 9.507304588956550617e+01
4.888955342581171237e+01 6.054797693380916712e+01 4.146887787025790573e+01 2.085954844476812653e+01 3.650942465599941755e+01 3.545131358144425349e+01 2.332003224435998234e+01 4.096383467058553407e+01 3.952408234045407909e+01 2.307823561146232905e+01 1.813718361412854563e+01 3.815391111793348244e+01 3.922950075503784717e+01 2.616726755653097314e+01 4.334617083053321807e+01 4.306099619956443547e+01 3.168437542460755196e+01 4.712107636053416826e+01 4.924670927390283737e+01 3.239315936055172784e+01 5.241195949657969066e+01 6.401841480795275174e+01 7.930958631964141148e+01 7.952415171046052933e+01 8.777663853174607311e+01 8.809685103321243105e+01 7.556406230209559283e+01 9.222749375736215427e+01 1.037235609342647109e+02 9.351652433258642816e+01 7.350354414560786154e+01 6.148140147083193341e+01 5.779285893301266697e+01 5.596071196647829282e+01 7.662240066145837147e+01 8.968573907209655260e+01 1.036556982692129196e+02
5.594269896200371051e+01 5.226876599539098578e+01 3.206716617331207431e+01 4.146888031113282835e+01 2.718511280976001032e+01 4.714399447696055034e+01 3.540218311366043480e+01 4.907931463821468299e+01 3.147474023251505670e+01 4.244185488919423221e+01 2.946701434162201849e+01 1.877434496319725099e+01 1.922794134281563316e+01 1.968357622477476809e+01 2.430097032766162357e+01 2.307721791276451384e+01 2.502051454343660453e+01 2.709172772276495422e+01 2.921892036446690355e+01 4.924670927390283737e+01 4.655427987627783892e+01 6.070982201965667713e+01 8.066189562506944810e+01 8.672662611847310643e+01 7.847460262832409228e+01 6.818730869899329150e+01 6.406257313911949325e+01 7.556406230209559283e+01 9.546404382909031483e+01 1.018105428683625036e+02 9.025421662756996000e+01 8.196202529004202120e+01 7.347152267439840045e+01 5.278803297509752923e+01 7.347152267439840045e+01 7.525177072145503132e+01 9.533931461921721962e+01
6.418006689342341531e+01 6.061714654144571313e+01 4.377929357388659781e+01 5.184669596478119757e+01 3.175956519091342400e+01 4.589373916877145376e+01 5.703865842074567638e+01 5.703833524144236833e+01 3.759772031195427644e+01 5.441193379302116995e+01 4.531998233221887062e+01 3.035766232239213025e+01 3.926308715828231755e+01 3.970252442239416268e+01 2.033023808511317654e+01 4.033926002190342786e+01 4.503287241295944909e+01 4.712107636053416826e+01 4.305188521094138565e+01 4.339402057266988066e+01 6.338882071800339446e+01 7.481378282280982717e+01 8.367396550613099748e+01 7.521859153407548604e+01 5.853781344125087571e+01 5.406529450556626415e+01 6.301052133028132118e+01 7.451416312031093980e+01 9.441315096758012260e+01 1.028337824395160283e+02 8.295273804512289928e+01 8.295273804512289928e+01 7.117335715209408420e+01 5.050158259955099282e+01 5.839484447878050588e+01 7.304862258638323169e+01 9.315588606258741322e+01
7.567084767300005410e+01 7.223357892780155964e+01 6.386560122372275572e+01 5.669769705006218175e+01 3.669650606037493645e+01 5.669769739202626369e+01 7.339213021507285362e+01 6.397272965975027859e+01 4.435930039331952912e+01 6.397272965975027859e+01 5.872633376623766566e+01 5.036603057266756167e+01 5.521277131152338313e+01 4.121318554778261500e+01 2.079987242268220271e+01 2.910845316940002547e+01 4.561946332697704776e+01 5.814803571224943823e+01 6.158456325531933118e+01 6.329712050787945543e+01 7.163968896085725646e+01 8.108817642554284078e+01 6.957224727963212274e+01 5.547108405485430183e+01 4.698825773371611092e+01 5.853781344125087571e+01 7.847460262835706146e+01 9.117658056687935186e+01 1.026719481812612713e+02 9.173975507754570913e+01 8.112225966667469379e+01 6.250458164647943704e+01 6.895392102861349315e+01 4.834543208428767258e+01 6.899436078984008702e+01 8.725668305343818076e+01 8.744823089097008051e+01
7.622881320843553965e+01 6.805295601059279420e+01 7.622880327538531731e+01 6.272213782560730522e+01 4.274132930753028603e+01 5.302720068155629463e+01 7.302953485618178320e+01 7.221779118658785990e+01 5.554309721416505141e+01 7.221779118658785990e+01 7.185457057535121805e+01 5.224604827169663679e+01 3.932471318897478341e+01 2.947897583224839124e+01 2.126895912886906714e+01 4.121637475462198097e+01 2.384586548575216725e+01 4.860551711312648138e+01 6.427037332851246276e+01 6.066769353260317388e+01 6.895022179700070808e+01 7.283560435008517686e+01 5.287970979276995820e+01 4.135469311089295985e+01 6.131407286968247661e+01 7.521859155967464972e+01 8.672662616390364576e+01 9.361915848874977542e+01 1.018779156001407671e+02 8.321376347693230002e+01 6.250822329155077739e+01 5.208599683603055297e+01 6.336948795052436623e+01 4.623748364388099219e+01 6.092716317001402615e+01 8.204254714972093154e+01 7.856304478683981074e+01
6.667358255475802764e+01 4.920256278660743021e+01 6.667358255475802764e+01 6.937981909832049610e+01 4.940677524587175640e+01 6.937981909832049610e+01 8.136255418446765475e+01 8.372162835097202560e+01 7.548782172498542309e+01 7.704469649253202590e+01 6.707742074071154548e+01 5.882098158345493033e+01 4.616067943053274547e+01 2.623363235982275299e+01 3.399913981762959025e+01 2.193810783863906622e+01 2.241146474597059424e+01 3.657652163460987538e+01 5.126206820059513092e+01 4.098121098049584532e+01 5.753192094519732791e+01 6.158341331538544949e+01 5.332387895809186062e+01 3.789875928542171835e+01 4.785942296612710578e+01 6.198213579003793683e+01 8.191345678744767156e+01 7.365712316051916275e+01 9.035682533112972692e+01 9.174560627611764119e+01 8.139845253351755616e+01 6.389520526870851569e+01 4.334392383445590724e+01 6.386851607754847038e+01 7.445547752315118828e+01 8.407882686418419382e+01 8.720690242668288761e+01
5.688693881028615351e+01 4.007943576591582513e+01 5.161715228158438862e+01 7.059106978379270458e+01 6.937981909832049610e+01 6.202281973610255505e+01 7.614504973973339474e+01 9.626976914071357783e+01 8.287855803897701890e+01 6.295288546486594328e+01 4.885298339625813924e+01 3.891324156591014827e+01 3.140537129924635096e+01 4.616067943053274547e+01 4.859523920412102171e+01 4.197610468810726303e+01 4.208717604862990669e+01 2.308231805814473958e+01 4.310812242801569028e+01 3.107560637875504028e+01 4.930112325228910208e+01 4.907252966144147877e+01 3.338329258710903247e+01 5.332387895809186062e+01 6.609913419052378458e+01 7.607564379282165135e+01 7.141259893710082451e+01 6.211075514339169246e+01 7.624756129963789419e+01 9.620802970166396051e+01 7.625706995251128717e+01 5.403623004331640800e+01 4.147315725175489831e+01 5.908165096040458053e+01 5.550777344999711005e+01 7.585306409153849927e+01 8.227422884679582182e+01
3.821615369473776269e+01 3.301390318638041776e+01 5.161715203863695223e+01 6.346479395689542713e+01 7.193022504318985000e+01 8.203944358280406846e+01 9.039312309779600696e+01 8.868329406736633302e+01 7.977228797900092161e+01 7.151772024106971060e+01 5.759020527156383196e+01 3.768796110018434575e+01 5.129656305852684994e+01 5.955022112794436140e+01 5.748949436575878025e+01 4.613299239330866897e+01 2.614145147404073555e+01 3.947937520913057341e+01 2.377056721765839242e+01 2.425746197002023408e+01 4.426970272744446078e+01 2.909861230186798053e+01 4.907252966144140061e+01 6.158341331369405225e+01 7.151854373631637429e+01 6.324310210677187172e+01 5.140140623589459068e+01 6.296726363307357133e+01 8.294914150587214863e+01 9.239231072733164751e+01 8.312052187074674237e+01 6.993648099920316952e+01 5.926355934991297403e+01 3.892430128657426991e+01 5.802053695030446789e+01 7.813097457835158366e+01 6.357042290469280488e+01
2.456987422024030465e+01 3.066603226974411811e+01 3.697880221522286348e+01 4.516018143536444995e+01 5.815836265760301416e+01 7.743947936868204351e+01 9.450782042335015376e+01 7.459570736043335160e+01 6.050421858450371815e+01 5.157361273095744991e+01 4.493400976474701025e+01 5.175183789266761636e+01 6.584670845226629865e+01 6.078861950474958320e+01 4.923143727921934953e+01 2.927110237438727225e+01 4.029170292096688399e+01 5.109519721122388347e+01 4.378830917763481523e+01 4.426871259187925034e+01 2.494626830066111012e+01 4.491762620986023791e+01 5.382295630995513136e+01 6.491332371920080391e+01 5.675523143684450389e+01 4.324607973414127571e+01 5.478896747267359046e+01 7.479166478396399498e+01 9.121300705789693097e+01 8.456747106662452040e+01 6.611818909163669389e+01 6.945252838606555201e+01 5.678932802998555474e+01 3.720810082301125021e+01 5.745299943620597105e+01 7.042105726882608963e+01 5.233021302316310397e+01
3.830221000373699525e+01 4.930437045061422907e+01 5.546715456830992252e+01 6.346479395684892921e+01 7.193022504311375087e+01 7.345778636161372788e+01 8.168046591764378661e+01 8.868329406736633302e+01 7.977228797900092161e+01 6.121253433395247612e+01 5.903201808404618589e+01 7.168527097981167628e+01 6.418113722392637044e+01 5.253015384460786663e+01 3.260088188803650411e+01 3.683134592836513121e+01 5.676604556731553686e+01 6.849254393727865420e+01 5.921432812732470552e+01 3.935267762011027060e+01 3.720577910991968906e+01 2.564356156517010987e+01 4.550739560112297966e+01 5.452995038019566465e+01 3.679765811298438649e+01 5.675523143638950785e+01 7.151854373631641693e+01 8.306024408082681987e+01 8.260212368328571131e+01 7.620629198744798316e+01 6.725307502001528803e+01 4.930879939795091360e+01 5.480744396230124238e+01 3.550045692158313670e+01 5.427027791158070613e+01 5.488436326115802188e+01 5.523629794556951111e+01
