MOVIE_S3_data/elevation_000397.asc
nrows	100
cellsize	150.0
xllcorner	0
ncols	100
yllcorner	0
NODATA_value	-9999
[rows 17 to 33 of 100, columns 37 to 73 of 100]
2.302057932235944193e+01 1.702708130892024130e+01 3.170216026761117689e+01 4.851301778259738029e+01 4.677952980235616565e+01 4.677952980235616565e+01 6.698559605070869338e+01 6.156226471515462606e+01 7.879120036811876560e+01 9.424985802396946610e+01 9.266577851107342667e+01 8.435693532690021357e+01 8.315762294888213546e+01 6.298674796961144295e+01 5.130489500267730563e+01 4.303147055380203767e+01 6.325372443805620293e+01 8.111056102560068837e+01 7.746056360057644952e+01 6.912948458286341236e+01 7.746056360057644952e+01 7.858899249645995155e+01 6.533462085534416985e+01 4.461346545674800268e+01 2.854378302391664946e+01 4.795746114903340640e+01 5.210753265626520658e+01 3.829821222208076392e+01 3.488153034477969783e+01 4.777581125696534059e+01 4.893314241420964095e+01 3.096066638964768458e+01 4.826669648934156243e+01 6.506249743905979699e+01 6.544496395569660763e+01 5.223731696675054081e+01 6.090448251367446630e+01
3.812510632228633511e+01 3.762860773872964870e+01 1.956854811379907133e+01 4.012463665784265743e+01 3.263137316017084544e+01 5.269774958539400700e+01 6.967486258007015465e+01 4.996280903842399823e+01 6.967486258007015465e+01 7.340462668594368267e+01 8.299766453341317174e+01 9.158159211143707523e+01 9.147236482614442821e+01 7.984316044147209368e+01 6.325372443805620293e+01 5.067709857088047443e+01 5.257011643471442852e+01 7.278142815332692805e+01 9.189333872217035548e+01 8.182177860376758360e+01 7.349352080671347665e+01 6.675552868212605517e+01 6.089675076711776569e+01 5.261530480545856392e+01 3.066341541651797797e+01 5.261511762013203253e+01 6.475255213189636549e+01 5.715226048798282221e+01 4.373353949857463618e+01 6.092475537714989997e+01 5.202357497040529211e+01 3.225102068379491271e+01 5.203937430204039316e+01 6.703485798596496181e+01 8.167662203205382809e+01 7.344349326541130552e+01 7.169834072194483099e+01
4.998423621051712473e+01 4.851494883996360841e+01 3.566819270501817130e+01 2.218703367421489503e+01 4.266456137278240845e+01 4.851580304410199318e+01 5.177681873119902889e+01 4.121684548757044553e+01 6.119426424912211360e+01 5.906878802012273155e+01 6.228160069654408204e+01 7.685247949931267897e+01 9.783345358603185105e+01 9.173972043021005618e+01 7.922749350157212689e+01 5.973811781147136202e+01 6.162788050581977473e+01 8.111056102560068837e+01 8.358037671865882601e+01 6.340666489476805623e+01 5.327954443295163856e+01 4.646012693320571429e+01 4.031525575593152411e+01 3.403627832295151734e+01 5.261530481172442109e+01 4.300510359227013879e+01 6.365090575751945323e+01 6.992234753132999003e+01 5.704646734680792974e+01 6.961271887045678852e+01 5.333283310122299525e+01 3.354583520595720358e+01 3.904660815694064979e+01 5.881683654801328487e+01 7.433579767930039850e+01 8.260729180407841454e+01 8.114859483979483912e+01
4.935452837878704457e+01 6.457176382958550676e+01 5.104783113358691793e+01 4.266456137278240845e+01 2.500531465684430188e+01 2.847101476844330037e+01 3.193022633236475727e+01 5.177681873100073062e+01 4.319061122135944686e+01 4.988216281945203434e+01 6.381988930135216265e+01 8.456392045743089625e+01 9.387889314109463612e+01 1.043591364604676244e+02 8.824084828440945216e+01 7.141042972240423126e+01 7.329647714161575323e+01 9.012081945756541757e+01 9.189333872217035548e+01 8.182177860376758360e+01 7.349352080671347665e+01 6.675552779613731502e+01 5.745588893496966421e+01 3.655136580135137336e+01 5.745589591054446998e+01 6.365093534324599744e+01 5.772370846846942527e+01 7.796033626552113560e+01 7.506413579838243777e+01 7.172295126861203585e+01 5.467379558429520614e+01 3.488686883029753005e+01 5.467379558359453284e+01 4.784806946440979658e+01 5.440151271472696948e+01 6.432641940875379305e+01 7.848678649186277312e+01
4.443842691641407328e+01 6.141634697133790155e+01 5.797811291392246602e+01 3.794444387796735896e+01 4.530770783272909341e+01 2.860852507113289533e+01 4.864965250475717795e+01 3.754540853142790979e+01 5.703148927136987112e+01 5.128546726331281747e+01 5.735774388605999263e+01 6.435178530903161231e+01 7.471653198201322255e+01 9.585897758233947741e+01 9.985211952368631216e+01 9.154947493897014965e+01 9.342747448024303480e+01 1.017278987071536704e+02 1.024785852638491832e+02 8.238071372671969073e+01 8.238071372671969073e+01 7.223390532537332831e+01 5.951230699023123805e+01 3.894809892139260654e+01 5.951231396086810577e+01 7.180146155380614914e+01 7.796011730353707492e+01 8.627890930821311599e+01 7.498100253573829832e+01 5.507858245581562784e+01 4.371551363736092100e+01 3.624344467909384093e+01 5.602274933513794508e+01 6.621764381766655561e+01 7.433550469206153366e+01 8.260729180407841454e+01 9.260543117936404656e+01
3.982632072355572461e+01 6.112515119801927455e+01 6.642534709980279217e+01 5.202828059167176633e+01 5.704117161939399239e+01 4.864962144258937826e+01 3.220581939051912457e+01 3.478997217471204806e+01 5.456770484955858791e+01 6.668876472921627396e+01 7.788577178958875891e+01 8.528775478217634998e+01 9.387889314109465033e+01 1.043591364604676244e+02 1.013535240930965671e+02 1.097320613902264199e+02 1.060373839109950040e+02 9.774522846598428316e+01 8.492146264565093361e+01 7.659769773741038534e+01 6.220418882616045408e+01 6.389147583878864367e+01 4.358613800668766203e+01 5.951231354584299282e+01 4.314526748135200052e+01 5.491880129271009281e+01 6.922183098588818950e+01 8.937238100649706496e+01 8.320320552867829633e+01 7.172295126898080753e+01 6.349042113700988921e+01 5.602274933513794508e+01 3.821745111661984851e+01 5.796951569278039784e+01 6.825954355529007955e+01 7.976102373689556657e+01 9.334599700521694388e+01
5.342308574154646550e+01 6.833227589173043270e+01 7.192274136446378918e+01 7.234227880014603329e+01 6.630206604353048760e+01 4.615499440734073033e+01 5.205593147786129293e+01 5.456770484955904976e+01 3.839481638196654245e+01 5.821732439810836723e+01 7.071834894772570124e+01 8.473384377637086118e+01 7.933797140407898496e+01 8.669700848134827709e+01 8.062608093782915830e+01 1.013535240930965671e+02 9.774522846598428316e+01 7.762390534438749512e+01 7.659769773741038534e+01 5.640430188905394004e+01 5.208261664727843510e+01 4.824101949869591266e+01 6.389147583878864367e+01 6.638043944140297015e+01 4.613478468065213889e+01 6.046951908485491600e+01 8.065066290074598498e+01 9.605729411169275522e+01 9.395356448279383699e+01 7.395398147549842349e+01 6.545621269000518794e+01 4.566063044452283748e+01 5.797418587868060769e+01 4.028221530893637947e+01 5.161435230299517940e+01 7.149025761194620543e+01 7.331078221058898237e+01
6.272837884797235120e+01 5.456078046871445508e+01 5.323267471194422029e+01 7.192274172149225819e+01 7.478810889265112394e+01 6.630207003837210777e+01 7.108039732011296508e+01 5.074209324892706263e+01 5.821732439810836723e+01 4.222488569977774375e+01 6.221543407269103909e+01 6.400894999843373512e+01 5.863614750162391687e+01 6.588250903552859938e+01 8.062608093782915830e+01 1.013535240930965671e+02 9.514197455229407296e+01 7.500745529701934800e+01 6.334335753248264922e+01 7.659769773741038534e+01 7.229245127688830053e+01 5.466037167665506757e+01 7.486122097425868560e+01 6.942894423580516161e+01 4.920736532270112207e+01 5.748093134735778165e+01 6.759208258316249385e+01 8.775162505058391105e+01 8.810978183775769423e+01 6.809045697920448958e+01 5.402494715809189785e+01 6.545621269000518794e+01 6.147668094645390369e+01 4.175623011859196509e+01 6.147668094645311498e+01 6.065532602259135331e+01 8.067453314470060377e+01
4.724143633865223535e+01 3.803764929604132305e+01 5.121086657253515284e+01 6.982344797635725797e+01 7.466155985014430030e+01 8.283321814438205877e+01 7.958989296424650206e+01 6.503375706481145357e+01 7.071832760838047705e+01 5.620510846985639830e+01 4.630434194212524091e+01 4.966975971710488125e+01 7.007986842196078214e+01 8.233588761756860208e+01 8.928801261509345011e+01 9.775802919518419287e+01 1.034369284351034395e+02 9.023617073713236891e+01 7.007957184651030502e+01 9.023617073713236891e+01 8.199538152918485423e+01 6.181692830841071640e+01 8.199538152429104798e+01 7.279674371580910019e+01 5.258984134048469627e+01 7.279674371903716690e+01 8.599332206182612026e+01 9.605729411169275522e+01 8.661731751060240470e+01 6.659482518709502585e+01 7.395398147549842349e+01 7.679103302845287260e+01 5.770924371838535905e+01 4.323240242952093126e+01 5.010860552402336054e+01 6.893938524178101090e+01 6.680695581183996978e+01
2.806357645534566103e+01 4.724163422719288974e+01 5.661715228179849646e+01 6.272517152604659429e+01 5.578847277994997000e+01 6.895296782132108149e+01 8.844332014818407117e+01 8.567827823125280418e+01 8.523132263935491437e+01 6.652689693159634032e+01 5.324692805366962745e+01 7.007986842196078214e+01 5.630401541710104851e+01 6.154535401599301991e+01 6.843163762251900550e+01 8.322146632715144676e+01 1.039339509402069268e+02 9.853847164196970709e+01 8.017944485510865604e+01 9.853847164121509650e+01 9.031088458046363598e+01 7.348380339295269437e+01 9.031088299851370493e+01 7.631185761102076981e+01 5.611895083219611990e+01 7.631185761102076981e+01 9.364036948204172006e+01 1.052413968727360611e+02 8.661731751060241891e+01 8.661731751060240470e+01 8.588267819435021977e+01 7.477159257824676786e+01 4.556022787443334465e+01 4.683273557060763892e+01 4.674952869081342754e+01 4.928247888284181499e+01 5.293324002733273659e+01
4.724163422719288974e+01 3.218263485993825412e+01 3.816720171964815478e+01 4.440111379330217289e+01 5.717828550053521042e+01 7.611653899777410004e+01 8.487098696776762097e+01 9.312954351126789732e+01 9.563417670372939483e+01 8.232070830856594057e+01 6.231464725312121544e+01 8.232070830856594057e+01 7.088028866689599283e+01 7.624947421406265846e+01 8.233588761756860208e+01 8.322146632715144676e+01 1.039339509402068984e+02 1.085793568101559146e+02 1.002928966191586824e+02 1.085793568034171841e+02 1.019198529452603736e+02 9.362241348913813965e+01 9.813935423304796757e+01 8.082385782688643872e+01 6.064539279356343116e+01 6.516340339697372031e+01 7.682479927348549609e+01 9.695103297864045544e+01 1.065774791008008293e+02 9.178121494963102123e+01 7.173549216360987657e+01 5.755477304337816236e+01 4.746129120923245637e+01 6.494710370110514930e+01 6.053338679535065125e+01 6.893943047370150623e+01 5.454759527100554095e+01
5.890996198473195733e+01 5.105428288041126450e+01 3.698063469719960494e+01 5.547537030363488952e+01 6.426008135671149546e+01 6.904194326518191360e+01 6.548444687399249631e+01 8.189839933726192100e+01 9.015949468680685186e+01 9.157301730845959753e+01 7.699646390829170173e+01 9.157301730845959753e+01 9.166433509226557419e+01 9.702978940252167206e+01 1.030169484741305723e+02 1.039339509402068984e+02 1.122945920630921393e+02 1.116213873300788038e+02 1.121903302078220008e+02 1.039258577789828024e+02 1.121903300092784264e+02 1.014468227675303353e+02 8.134024424559986244e+01 6.968141399557377724e+01 6.778934280069366025e+01 8.533114653119594095e+01 7.944030903148180300e+01 9.955288631674173416e+01 1.042429524733844062e+02 9.424309444984167783e+01 7.594277697618490208e+01 5.590119917796748439e+01 4.956543876757753253e+01 6.960507395979864498e+01 8.042314551376028930e+01 7.829405560718102208e+01 5.842925274457762441e+01
6.778408309622886918e+01 6.337069641230429795e+01 4.766187518603777562e+01 4.200572670246204154e+01 4.598643927472274129e+01 5.052187172199564458e+01 5.607543790638619896e+01 6.249604638648681032e+01 7.609306675206289583e+01 9.591371199853544738e+01 9.774534979833813964e+01 9.834881066209251799e+01 9.006151756311190582e+01 9.834881066209251799e+01 9.889362371319035105e+01 1.071705578896955586e+02 1.057028654512436532e+02 9.150115949676988691e+01 1.021578913958542500e+02 8.381430837845176995e+01 1.021578913958609434e+02 1.097290261095275952e+02 9.813935423367233568e+01 7.978040310721752348e+01 7.945004574369632167e+01 8.206474088383990306e+01 9.955288631674173416e+01 1.078404299326017508e+02 9.600486663045803937e+01 7.595908279600428159e+01 6.590357923913852289e+01 7.176151828157389900e+01 5.176352080654023524e+01 6.588560223579381159e+01 8.594723482659985336e+01 8.265518465017385097e+01 6.266998069518851366e+01
7.606533589234942383e+01 7.420817995013591428e+01 6.614880312661809114e+01 4.879764135212666787e+01 6.426008135671149546e+01 6.075286515983518854e+01 7.503863166036974519e+01 8.189839931278343954e+01 8.189839931929127204e+01 1.017818632160177117e+02 9.279551711048142693e+01 8.449423414059700121e+01 6.989478535310648510e+01 8.828879353807370478e+01 7.880200168690419105e+01 9.558914331697015143e+01 9.565339517439501549e+01 7.727867113114092490e+01 9.387008307863827383e+01 7.376492738717591635e+01 9.387008307863827383e+01 1.091286981939010445e+02 1.081801980157306389e+02 9.402841971928582154e+01 9.369892011773352181e+01 9.630196644587215360e+01 1.104337622036504030e+02 1.147052273821761617e+02 1.042429524733856709e+02 9.424309444984766060e+01 8.598197471323125285e+01 7.397239838892463126e+01 5.395207736199590443e+01 6.809423665961453764e+01 8.816353615764757023e+01 8.803894195877904849e+01 6.789476665643834963e+01
6.637158635045513222e+01 8.720518844564510630e+01 7.533528040657448344e+01 5.773321308497941118e+01 7.533528040657448344e+01 7.986540384701386586e+01 8.808226347193071604e+01 9.014239350345275170e+01 9.811689875070399580e+01 9.870730814064283720e+01 7.860698612676571884e+01 6.418412176475889908e+01 5.957595886993497913e+01 7.560218092934918843e+01 6.704338007094749230e+01 8.729372032785785507e+01 8.733645446063435713e+01 6.715461055929846168e+01 7.893380837705477404e+01 6.698703142838272129e+01 8.126901299325848527e+01 9.305567171429666473e+01 1.124204946692540119e+02 1.140621565463930409e+02 1.137334575522573914e+02 1.163148301076847986e+02 1.173358804039098260e+02 1.064874352210663062e+02 8.650808539359202598e+01 9.017436439777466717e+01 8.543749363440041122e+01 7.624381084140611620e+01 5.618329088848214070e+01 7.036515214159486220e+01 9.043614840305303915e+01 9.569547084802910319e+01 7.543804009942127209e+01
6.015909816479922512e+01 8.136985958434809163e+01 8.496217067927850053e+01 7.675643942750561166e+01 8.496217067927850053e+01 9.201628456748014173e+01 8.404335525056239931e+01 7.094506959699559445e+01 8.702404069870169678e+01 9.232913073429456574e+01 8.401668883519234043e+01 7.164899121227269063e+01 5.114377243550949714e+01 5.515198639057879859e+01 7.560218092934918843e+01 9.072058387412438663e+01 7.970843446611141303e+01 5.930080816483034312e+01 5.849723481280047110e+01 6.546373192957432252e+01 7.315610127202961621e+01 8.743710709895007938e+01 1.082184677933626915e+02 1.115430452004350741e+02 1.115430452004350741e+02 1.197902598108681502e+02 1.091177940128276020e+02 8.915733140117784217e+01 7.909700948650582575e+01 7.007776763755029492e+01 6.532766292662194019e+01 6.094651930589930089e+01 5.936394401605366511e+01 7.946208982464057158e+01 9.246972626107071846e+01 1.039725939266230910e+02 9.569555029965506776e+01
6.631405249843858485e+01 8.691137923264172116e+01 8.073592345356640010e+01 8.076074235196918494e+01 8.890062194406232265e+01 8.404335524789284761e+01 6.467374207004409925e+01 5.957854024879367927e+01 7.834501229696728331e+01 8.401668883519234043e+01 6.371996777167858284e+01 6.596186677271666099e+01 4.558952299672128561e+01 6.596186677271666099e+01 7.467311416418948511e+01 7.633737796419704580e+01 6.195417205425999896e+01 5.213672784481010325e+01 7.290589236568433762e+01 8.565693207803128928e+01 9.325526995425423138e+01 1.013040574224106791e+02 1.056297944347679447e+02 9.146932905866765395e+01 9.146932905866765395e+01 1.115430452004350741e+02 1.173420748940993121e+02 1.008780810966843120e+02 8.085326077047875515e+01 9.017436439777466717e+01 8.543749363440041122e+01 6.651957696933007469e+01 7.946208982464057158e+01 6.409030195171170874e+01 8.420260515031021953e+01 9.738232163799909813e+01 1.062210600909685070e+02
