MOVIE_S3_data/elevation_000188.asc
nrows	100
cellsize	150.0
xllcorner	0
ncols	100
yllcorner	0
NODATA_value	-9999
[rows 51 to 67 of 100, columns 0 to 36 of 100]
8.885398060199247716e-01 2.088853980601956906e+01 3.250122927513657345e+01 3.893059647026163361e+01 3.893425617886222057e+01 4.721902514162160713e+01 5.704806502015001968e+01 6.533239852046894214e+01 6.511285254702764291e+01 5.097814788313699097e+01 6.511285254702764291e+01 6.362405585575854872e+01 4.648426759683552234e+01 3.379215036859253019e+01 5.376130226851277172e+01 4.651182350322647352e+01 4.337429007368270817e+01 6.336246065682332329e+01 7.947741724837854349e+01 7.709206548034153172e+01 6.975144503142580277e+01 8.387934452277299613e+01 1.038325592118950027e+02 1.004642669744332437e+02 9.156935267082489815e+01 7.393720954917333188e+01 5.398824083674230678e+01 6.553894619335005700e+01 8.540941588673722151e+01 1.006013782211515064e+02 8.120798773879933208e+01 6.761678343962620374e+01 6.044622175642862061e+01 4.210664655857043215e+01 6.044622175640903805e+01 7.704351112282624570e+01 8.804296590724896987e+01
1.344321116831868057e-01 4.216915016321834742e+00 2.421691764650578094e+01 3.538909034931774755e+01 4.073432548612705517e+01 4.676457466574198918e+01 5.383568290638008591e+01 6.212121343335906687e+01 7.366916628330946537e+01 7.096584423995977886e+01 7.743098254524173285e+01 7.420257045092806436e+01 6.203677406160716146e+01 4.376949668276512284e+01 6.203664017780645423e+01 5.805386288334985068e+01 5.750829489994099930e+01 5.121050538318338141e+01 6.275930401844556172e+01 8.274182766533822075e+01 8.972350579874570542e+01 9.799241972403027034e+01 1.062768998249943735e+02 8.634059727799001394e+01 7.233607818302040471e+01 6.343244387187625222e+01 6.157012700095659596e+01 8.145182554187786650e+01 9.367723275259649540e+01 8.953785265753727174e+01 8.149490924726084984e+01 7.115315065396522698e+01 5.227306099330468214e+01 4.431821802241738339e+01 5.155447221621649589e+01 6.080714970157652743e+01 8.000424836657585104e+01
8.052006432555327553e-01 2.080520064325517637e+01 1.038904901480556475e+01 1.538904901480560738e+01 2.073427385305418724e+01 2.676450074461095241e+01 3.383556855654291695e+01 4.538257422721212464e+01 6.538284410307431926e+01 7.157587997781095623e+01 5.742751936706041960e+01 7.157377778572404736e+01 7.202663254743281129e+01 6.375315921777231409e+01 7.202829046014622350e+01 7.219210769551813200e+01 7.749566702053016343e+01 5.828234750747020598e+01 7.827249760435708481e+01 9.101120926944692258e+01 1.004391873816052652e+02 9.230243061798186943e+01 1.004391873816052652e+02 1.004642669744332437e+02 9.156935267082489815e+01 8.330542063856601942e+01 7.153142191761737934e+01 8.971252164471371771e+01 9.518952238270924227e+01 7.582241475510538464e+01 6.222709821033212307e+01 5.559045898006658604e+01 5.076479972462746559e+01 4.711416976226162490e+01 6.568223541930441911e+01 7.841365126980542755e+01 8.804296836135424087e+01
2.804825088837598068e-01 2.028048250888340576e+01 3.038905711836708790e+01 2.671896054703309531e+01 4.073421676977098116e+01 4.676457466574198918e+01 5.383568290638008591e+01 6.212121343335906687e+01 6.800558735997029203e+01 5.971694265055751316e+01 4.328522979534344728e+01 5.950579654062006796e+01 6.527974136359068780e+01 7.283982990207653074e+01 8.113127625885668692e+01 9.216066307264392776e+01 8.654244075320022489e+01 6.828595588060528598e+01 8.654244075567801531e+01 9.927260067347638994e+01 9.071247329624864619e+01 7.292788542793182671e+01 9.071247329624864619e+01 9.312323156351655484e+01 1.012570064628089312e+02 9.965609526656110972e+01 9.137226066049866802e+01 9.965609526656110972e+01 9.731762380279946001e+01 7.793883529941052757e+01 6.902475648271877162e+01 7.468270932584422894e+01 6.877307406536804990e+01 4.996723956959245783e+01 6.877307407039367604e+01 8.088247369983545809e+01 8.889176615328447895e+01
7.810880442414250835e-01 1.492322370137894794e+01 3.492325002888714636e+01 4.671798883831708338e+01 5.499274256384970272e+01 5.380671995694211063e+01 6.209719735395223950e+01 5.409425193369737173e+01 5.645631341332530440e+01 3.971583293618017052e+01 3.434095653322120256e+01 3.950493437742021285e+01 4.527843737712246508e+01 5.283773029177638847e+01 6.438483629856568768e+01 8.438956502146949390e+01 9.652724419372566445e+01 8.825903933075530006e+01 9.652724482522168614e+01 9.114688331364790486e+01 7.173691139557169549e+01 6.325764974163562471e+01 7.939030917325909797e+01 7.370194646819726358e+01 9.312323156351655484e+01 1.077350668231581494e+02 9.938192885704060586e+01 1.077350668231581494e+02 1.053824050276750910e+02 9.639557160450088702e+01 8.265773176149698998e+01 7.904303706583920075e+01 5.982969561393788638e+01 6.877307407039367604e+01 5.494933370987192944e+01 6.160862974299630679e+01 7.123371001468038344e+01
7.232205343510359485e-01 1.486535809268282904e+01 3.486575194943321065e+01 4.576035368022414218e+01 3.747213367296028252e+01 3.380091086901434494e+01 4.817167029283024959e+01 3.409414516224786951e+01 4.272585431894518138e+01 2.816882252253837038e+01 4.816930088570322965e+01 5.950586545868999622e+01 6.527974667456558677e+01 6.527974667454012092e+01 8.113127581043499958e+01 9.268454017112750876e+01 9.479862441339622592e+01 8.668338052416441997e+01 8.960823526091670033e+01 8.150784789717809531e+01 7.529870760663544615e+01 5.577870041047844296e+01 5.993722463072721496e+01 7.370194646819726358e+01 9.312323156351655484e+01 9.762190216525736730e+01 7.913071758772714759e+01 9.762190216525736730e+01 1.107153766880524586e+02 1.101334114400664532e+02 9.272275952561911083e+01 7.337671049349940233e+01 7.904303706583920075e+01 6.697964365235549167e+01 6.036060802734836983e+01 7.964185977023569762e+01 8.889176615328447895e+01
9.494692443194679976e-01 2.094929739025666748e+01 2.458454542640809137e+01 2.677983205666887301e+01 1.747028807197501266e+01 3.747204599725003504e+01 3.612963525063223358e+01 1.995201100166290686e+01 2.272551198278900486e+01 2.772551198283894891e+01 4.772604038345918553e+01 5.557102673166197349e+01 7.557626476452658437e+01 8.528687294991574674e+01 8.889455320820162854e+01 8.060042318424488883e+01 8.354394508669030017e+01 6.723040288303793943e+01 8.150784789717809531e+01 6.200872354984816326e+01 6.771988484398141850e+01 4.992816784084524073e+01 6.966376690199318489e+01 7.421825110195106845e+01 9.368213601688451320e+01 8.925632322238388383e+01 6.900474684299595651e+01 8.925632322238388383e+01 9.049765169615048421e+01 1.047760220285991863e+02 1.007753851911741094e+02 9.272275952561912504e+01 8.273061388508637037e+01 8.628669026663327202e+01 6.763249549376529046e+01 7.609177070987179548e+01 9.543794463029142605e+01
2.836664262828419991e-01 2.427891495958427903e+00 4.584546960027187090e+00 6.779832159820984749e+00 2.677983177102396439e+01 3.252083443165458476e+01 1.617236627157069861e+01 3.616839405564190457e+01 3.028480145929097489e+01 4.772552717330745509e+01 3.557015749498449964e+01 5.557102673166196638e+01 7.455331194435532893e+01 8.610606288760190807e+01 7.729504627160730479e+01 6.048168003429437078e+01 7.545219864650174202e+01 5.585116817150512958e+01 6.413553842536060756e+01 6.771988484398141850e+01 4.791594061290118844e+01 4.557352692347168954e+01 5.462553713781892384e+01 7.421825110195105424e+01 8.925113291051161468e+01 8.250579776258791753e+01 6.228289661230451912e+01 8.250579776258791753e+01 7.617061193391853635e+01 9.466248230031378341e+01 1.063385400859913119e+02 1.101616834145765154e+02 1.021094156508794413e+02 9.497841829722399609e+01 7.726777600300093241e+01 9.497841829722399609e+01 1.034859495147630071e+02
1.404418693552202946e-01 2.014044186935486636e+01 2.458454719700589663e+01 2.677983205666901156e+01 1.011316549315428936e+01 1.252088255486965274e+01 3.252083448899541196e+01 4.445095274810279307e+01 3.922907291714901135e+01 5.854032964276634488e+01 4.971237216205830833e+01 4.626061574912959173e+01 5.780771795119068912e+01 7.781186361245038086e+01 6.831408975817493001e+01 4.889476835901096052e+01 6.831408975817493001e+01 6.413553842536060756e+01 4.425305062612748941e+01 5.565352625210828563e+01 4.026583499015011114e+01 6.023469749917700966e+01 7.354875412301178983e+01 8.230027449145498508e+01 6.903917414146857823e+01 6.903917414146857823e+01 5.648410783207282293e+01 7.666794905113223990e+01 6.605996290478047683e+01 7.773815630383083430e+01 9.798374541086492684e+01 1.051449910806123995e+02 1.045646450457266781e+02 1.046646902052070800e+02 9.661032872280198092e+01 1.046646902052070800e+02 1.077882349422139754e+02
6.646099058385387393e-01 1.480674552954660328e+01 3.480674530093581609e+01 3.839737668628171718e+01 3.011313968961994547e+01 2.666301294786499554e+01 2.666301294786499554e+01 4.666286669955420763e+01 5.337061585882927517e+01 5.922197756634951560e+01 6.971507005085828723e+01 6.626246473001357629e+01 7.455331194435532893e+01 7.256501738550775826e+01 6.000029866305223436e+01 3.994461749750502833e+01 6.000029866305223436e+01 5.750804249227998355e+01 3.759657749699092477e+01 3.575554288325857755e+01 4.467044792183762070e+01 5.625431272029960184e+01 7.585614834826525055e+01 8.443756922449573210e+01 6.903917414146857823e+01 4.891627486464995656e+01 5.140114776975611477e+01 5.657119297185956697e+01 6.820295132209349731e+01 8.843988317973131075e+01 9.916211774826030023e+01 8.481696526253880108e+01 8.423461753969155552e+01 9.858144111055263181e+01 1.087347355083174136e+02 1.136393805086113957e+02 9.359402911885310061e+01
6.164072599657668405e-01 2.061640725996540979e+01 3.208214608111810406e+01 3.874881274778465468e+01 4.703308399496376779e+01 4.666286669955433553e+01 4.666286669955464816e+01 5.494693803212582139e+01 7.334841435899529927e+01 7.917790270817569365e+01 6.614825633786939818e+01 5.780870682082711909e+01 6.614825633786951187e+01 6.425793695138008843e+01 4.419304871638087207e+01 3.362485094656206286e+01 5.365813539492543782e+01 4.792554658404047530e+01 3.175390310523611959e+01 4.570469229692350410e+01 6.379740148294399660e+01 7.264314498455188129e+01 8.394976674289843288e+01 7.606812216861023046e+01 5.589759769880775053e+01 4.434336034452701369e+01 6.442266443627377726e+01 7.675608512415200835e+01 8.512830916846934315e+01 9.680507882527095376e+01 8.900994631883783370e+01 7.044744070220832555e+01 6.986695673540796747e+01 8.001688222814613027e+01 9.441713133132439850e+01 1.147121587601289008e+02 1.077882349422139754e+02
7.616414269703414286e-01 6.308643389222608810e+00 1.208214608111881638e+01 1.874881274778536522e+01 2.874881274778518758e+01 4.289094837151564121e+01 6.289094837151493067e+01 6.190042651296358400e+01 6.190042651296358400e+01 6.985052838394892660e+01 5.604354485966958777e+01 3.756781630519513726e+01 5.604290881565970750e+01 4.910285810094502068e+01 4.079805872346936724e+01 2.785833104903845125e+01 4.445932102325027557e+01 2.828294445416872094e+01 4.575894200440217929e+01 5.861692346940144915e+01 7.362101769665233064e+01 7.048517393015013965e+01 7.511248783653874739e+01 7.504982275546568360e+01 6.124784769822087327e+01 4.120169135623727641e+01 5.273333948195353571e+01 6.695877659792520831e+01 8.717128151159754168e+01 9.843901901959050349e+01 8.060917343936284851e+01 6.035282619131759674e+01 8.060917343936284851e+01 9.858144111055263181e+01 9.650977121998627695e+01 1.048890420671954189e+02 1.150126783285484322e+02
8.582653206718614536e-01 2.085826532067150652e+01 3.208214608111810406e+01 3.874881274778465468e+01 4.703308399496376779e+01 5.703308399443288579e+01 5.606425386707130087e+01 4.227797935019373199e+01 4.227797935019373199e+01 6.190042651296358400e+01 4.768826156301116725e+01 2.723573866849223535e+01 3.746198642626300312e+01 3.446725589096263320e+01 2.079337396689975037e+01 4.072121982507067628e+01 2.484049142464571958e+01 4.119744011371751924e+01 4.989779520770331800e+01 6.366428811319482861e+01 6.376313449432077363e+01 4.880094481443355647e+01 5.467900291645315036e+01 5.543969622246095241e+01 5.825954312044825656e+01 3.824273524121468171e+01 5.236232895899121331e+01 7.249638330960083010e+01 8.837624505544523856e+01 8.957905958169776284e+01 6.975016793234301815e+01 5.548718852689398773e+01 7.539066360994499405e+01 7.991872234844913692e+01 7.618996920356399016e+01 8.633966140934158773e+01 1.024171000132838145e+02
9.616989121453964895e-01 1.096169891214530878e+01 2.510383453587600755e+01 4.510383453587529345e+01 4.461801419644956468e+01 5.041708836709408104e+01 4.802526106069428380e+01 2.819268973714391890e+01 4.802526106069428380e+01 5.049235343607855242e+01 4.482448072076042678e+01 3.746198642140466717e+01 1.793274694338306219e+01 1.439775558780131881e+01 3.371254249949182480e+01 3.621825900518179964e+01 3.808430389609598876e+01 2.139848090848012063e+01 3.307820856602619841e+01 5.518417187531404267e+01 5.457622669714517372e+01 3.440432582215609614e+01 4.837356281676498782e+01 4.140490876977323609e+01 5.144760050645511740e+01 3.540163896471897687e+01 5.539997198512904220e+01 6.812435179263241025e+01 6.812435179263238183e+01 7.526575375592764772e+01 6.095005053875286194e+01 5.101227085720289978e+01 5.518453364068097500e+01 5.966862914915216720e+01 6.603486925977887267e+01 7.368376655111458717e+01 8.543261559034594654e+01
2.866789980725219511e-01 2.028667899807216557e+01 3.924597015958061519e+01 3.903671828066737959e+01 2.522352714207449864e+01 3.090404088266472016e+01 4.175339078497971457e+01 2.187643922415769637e+01 3.363932179121427879e+01 2.965673955926958882e+01 2.475449245554215949e+01 3.162058630419962313e+01 1.280879248092215406e+01 3.304035494812509199e+01 1.593345869861191488e+01 1.699205046757772308e+01 1.807845251717064983e+01 1.930256429834551213e+01 3.927693492974592004e+01 4.935029752803944803e+01 4.411441351739632211e+01 2.681132954641460842e+01 2.833795941218781778e+01 2.987970696743112953e+01 3.144205053008496620e+01 3.333199782319006488e+01 5.332873549712878258e+01 4.799440737507833177e+01 6.016084996644192273e+01 6.289331571503202412e+01 4.675563451868261211e+01 6.687817190541866808e+01 7.539066385401577008e+01 7.396633012777192562e+01 7.618996920356399016e+01 9.402970228802109887e+01 1.024171000132838145e+02
7.776801193288799263e-01 2.077768011932852588e+01 2.215192403486606310e+01 2.303408621721806071e+01 1.145556453794559992e+01 3.090404088266067362e+01 2.819102802118963069e+01 2.739706594405699391e+01 1.371785178396585891e+01 9.436579899188000553e+00 1.020289073452203965e+01 1.118164830087957284e+01 3.162058630421585548e+01 4.134629489831406346e+01 3.595467399349839610e+01 2.103485065904763829e+01 3.808502163017585218e+01 3.931134538080670637e+01 2.104043172991336164e+01 4.105635866762219877e+01 2.470663019113413128e+01 4.472923819391375844e+01 4.836945719727198423e+01 4.989952481481475388e+01 5.144760058073062226e+01 5.332870085799519444e+01 3.602033272373925854e+01 3.803631984807431365e+01 4.011410018078191086e+01 4.281387524399886502e+01 6.289331571503202412e+01 6.687817190541866808e+01 8.713223970900327231e+01 9.428906837617219594e+01 9.650977121998627695e+01 1.048890420671954189e+02 1.157890328695929867e+02
5.059075238208947667e-01 1.272325041510974142e+00 2.151924035778057576e+00 3.034086218560517967e+00 3.918834128968136987e+00 2.391899123610359723e+01 6.501243112289672332e+00 7.435781713398599280e+00 8.373396086775887426e+00 1.096309793586889647e+01 2.937275512798060007e+01 1.618524682551256788e+01 3.575859219997700222e+01 5.062954682865268552e+01 4.525340289746409894e+01 2.518718321669980398e+01 4.525340174062970533e+01 4.711374758116878070e+01 2.962545996492975320e+01 2.279704001677160718e+01 4.285174326662740896e+01 2.958895448620024382e+01 4.962043244865294866e+01 6.323348946852479457e+01 6.459445073823150096e+01 4.450046126552626902e+01 5.602634589215870164e+01 5.805937958385539588e+01 6.016084996644194405e+01 4.493411148889076401e+01 6.503630393414952948e+01 7.863211478887826900e+01 8.364819310929790674e+01 8.977466694072673192e+01 9.655657123499710792e+01 1.049354696326958845e+02 1.150789683604967024e+02
