MOVIE_S3_data/elevation_000766.asc
nrows	100
cellsize	150.0
xllcorner	0
ncols	100
yllcorner	0
NODATA_value	-9999
[rows 68 to 84 of 100, columns 0 to 36 of 100]
2.958550950857541384e-02 2.002958550950821959e+01 3.054830565759225180e+01 3.589353049584113364e+01 4.256019716250791873e+01 5.084446840997011208e+01 5.419930103240943708e+01 4.936305686404729443e+01 2.917524271688989401e+01 4.936305686404729443e+01 4.485142430488116361e+01 2.492573054688358525e+01 3.891863840571153332e+01 5.917413900853745901e+01 4.795331287094083450e+01 2.755478869868125713e+01 4.180292640183170505e+01 2.755478869868125713e+01 3.935900129276401316e+01 5.969336079417028884e+01 6.383674319288672905e+01 4.690666452200748893e+01 4.312382618624705088e+01 6.347280157219498165e+01 7.843875521759335356e+01 6.036671398143629119e+01 4.020508737079432393e+01 6.036640170838726505e+01 6.708619412052780717e+01 7.405377809398252964e+01 6.193948966466673056e+01 4.188304028145991253e+01 5.346664492359266774e+01 7.339496358212063853e+01 7.770353960269170557e+01 5.764921893981963308e+01 5.793698562264389551e+01
9.835479489548564214e-01 5.697593156865193187e+00 1.054830565759189476e+01 1.589353049584042843e+01 2.256019716250721174e+01 3.670233278623866369e+01 5.670233278623936712e+01 5.770086041097319907e+01 3.926884447843478654e+01 5.770086041097319907e+01 5.125269073556399491e+01 3.101010890503048500e+01 4.113718048585589315e+01 6.137791407983100100e+01 5.264002309861641749e+01 3.221112680170999454e+01 5.264002309283214487e+01 3.299297284273354336e+01 4.423097991778887916e+01 6.451579511777067921e+01 7.551676973682873495e+01 6.723160518491053494e+01 5.225798624566282058e+01 5.491728023569693562e+01 7.504857299366150869e+01 6.602012177050028185e+01 4.572652721851142132e+01 6.601787758041082554e+01 8.011633186918599847e+01 8.403684882146147572e+01 6.263130350422589032e+01 4.713116831638150472e+01 6.718760086819389699e+01 8.169991824240969436e+01 7.404776978150766809e+01 7.186561641502107989e+01 7.213894125437207094e+01
5.722010782348829760e-02 2.005722010782313447e+01 3.054830565759153771e+01 3.589353049584113364e+01 3.589353049584114075e+01 3.670233278623866369e+01 5.670233278623936712e+01 6.778166466238511134e+01 5.945726924965983784e+01 6.778166466238511134e+01 5.844952697465905089e+01 3.809380014364624145e+01 5.844952697465905089e+01 6.966679001293091744e+01 5.181372652203990725e+01 3.737738481810912106e+01 5.772756919212089599e+01 3.871771069326114656e+01 5.904882756373275043e+01 7.283039216362152501e+01 8.818742672522108705e+01 7.262219385619518164e+01 6.677968529412248699e+01 6.923796910174320374e+01 7.498234532994740675e+01 7.454445939142706834e+01 5.730262844027687663e+01 5.688164561000195363e+01 6.888611266751404116e+01 8.979178820469634559e+01 7.476928395305638730e+01 5.471022018236152462e+01 6.129512105860870719e+01 8.141330563177250212e+01 8.815343088229194279e+01 9.179753293846749784e+01 9.201257210483390736e+01
9.757004629446797139e-02 9.041841956293547256e+00 2.058884734008585937e+01 4.058884734008514528e+01 5.589353049584184419e+01 5.670233278623936712e+01 6.498660403370256233e+01 6.773375062004166125e+01 5.944365120094287391e+01 6.773375062004166125e+01 6.674830767018254107e+01 4.990747604062671172e+01 6.674830767018254107e+01 8.029877389078315275e+01 6.357780807323936045e+01 4.331198611674133048e+01 6.357780807323936045e+01 4.894201387263763081e+01 4.964265812213714213e+01 5.979030933191448582e+01 7.991014669778490997e+01 9.273662321996616242e+01 8.751812590134593961e+01 8.872825533464141756e+01 9.433682384494215967e+01 8.590832668973745001e+01 7.732064170939065662e+01 7.819666368506457843e+01 8.632748728258376048e+01 9.837659270393125155e+01 8.310258715618968495e+01 6.467749373303836080e+01 8.141330563177250212e+01 8.973225004136651251e+01 1.080119276590558002e+02 9.857064282817864864e+01 9.029474353946594078e+01
4.225409065741109194e-01 2.042254090657375443e+01 3.732611320375443853e+01 4.887311858754675598e+01 5.971563824601349069e+01 6.557849757950265257e+01 6.289407388502213792e+01 5.464825195287465931e+01 3.942895924869883117e+01 5.772694301625648450e+01 6.667774023426640895e+01 7.011818555096783712e+01 7.836676286340068032e+01 7.435683860728850902e+01 5.419111899729510640e+01 6.357780807323936045e+01 7.188963921855464889e+01 6.065455028312473473e+01 6.985022801484971922e+01 7.814752958774225533e+01 8.818742672522108705e+01 9.263331345991581145e+01 8.436288109351897901e+01 8.695723140151463326e+01 9.522558115947430224e+01 1.018624019833976178e+02 9.388677186883344916e+01 9.139409460891651804e+01 9.938282316659422122e+01 9.989504754979368784e+01 9.317966225428382643e+01 8.486112150490939143e+01 9.317968991582499427e+01 9.626572046630617763e+01 1.045217373269858712e+02 9.029474353946594078e+01 7.041083078651786309e+01
8.169748314230130815e-01 1.081697483142292526e+01 2.495911045515362403e+01 4.495911045515290994e+01 3.970123921364294972e+01 4.556332096885081029e+01 5.138060453657539739e+01 3.465106884090882744e+01 2.942780831995744606e+01 3.837283415105633821e+01 4.992503907468888258e+01 6.408203298021497574e+01 8.410360943186310578e+01 8.264370643531461269e+01 6.848179678403933224e+01 7.435683860728850902e+01 8.904445408316230726e+01 8.076834747793100178e+01 8.680107158622855934e+01 7.901208331520658135e+01 8.680107203194485521e+01 8.108363184773934051e+01 6.434248681847792284e+01 6.694168253600430774e+01 8.695723140151463326e+01 9.389319317811289523e+01 7.452992332486770977e+01 7.201041959821142768e+01 8.410470121218581596e+01 8.055590077901275947e+01 9.989504754979368784e+01 9.821899907632989368e+01 8.997222221350199334e+01 7.643432652629812196e+01 9.305509988404878641e+01 9.029474353946594078e+01 7.041083078651786309e+01
7.482281904641915338e-01 2.074822819046383771e+01 3.910124607888381831e+01 4.556332096885076766e+01 2.555575640613130517e+01 3.401194818273605591e+01 3.766421936607340371e+01 2.310321833406772640e+01 4.310914216934031629e+01 3.885682119637176157e+01 4.641825569796074547e+01 5.642584376919658951e+01 7.058673338956485566e+01 9.060628647046921458e+01 8.854044425648571348e+01 9.438924360531272839e+01 8.743289179129708089e+01 7.954683661649515614e+01 7.723317664537137262e+01 5.973897839572756396e+01 7.723317664537137262e+01 7.280410106954158778e+01 5.269656749948467223e+01 7.016051131523680340e+01 7.844620920709063228e+01 8.690065953388392472e+01 8.020292462360167463e+01 6.066623262774300684e+01 6.462258114652854601e+01 7.843827120553562793e+01 9.778467338447848078e+01 8.997222343521465859e+01 7.006749208793540618e+01 6.487344927774393000e+01 7.958454893638378280e+01 8.782943724453377854e+01 8.355611505473204659e+01
6.697973685351282791e-01 2.066979736853477334e+01 2.549733959953424289e+01 2.785436220348939074e+01 3.026494451774148686e+01 1.400842251186510445e+01 1.765990623367374823e+01 3.766421936607340371e+01 5.139921113137859976e+01 5.887130030154187210e+01 6.643808424991705408e+01 7.472813831202984147e+01 8.473799557958372475e+01 8.673982302887199580e+01 7.903022028278061839e+01 8.673982302887199580e+01 7.630952192058418859e+01 6.018631138780246914e+01 6.937553085467881431e+01 4.982985558862072395e+01 6.937553085467881431e+01 6.644554064857392461e+01 4.629105798983215436e+01 5.003371866221333875e+01 5.854030215909017443e+01 7.844620919126727188e+01 7.369107028106378721e+01 5.399734985041169466e+01 6.546085280964490494e+01 7.926843407697197108e+01 9.861105447519653922e+01 8.997222443693432581e+01 7.006749208845673138e+01 5.581834849742632798e+01 5.955724650158769151e+01 7.628736370605786021e+01 7.401023054959908620e+01
9.239707316362346656e-01 3.203182260828989047e+00 5.497339599534597276e+00 7.854362203489746008e+00 1.026207926520515024e+01 3.026494451774645356e+01 2.049728284706529635e+01 4.049591682213871024e+01 5.333875417672700792e+01 6.000344462063181794e+01 6.826137296289984135e+01 7.824189794955931632e+01 8.818623580680785778e+01 7.723720620818774307e+01 5.986236385717946717e+01 7.723720620818774307e+01 6.759752384036258377e+01 4.875976501606956504e+01 6.286030576578795603e+01 4.317347295993997847e+01 6.286030576578795603e+01 7.473609129130343831e+01 5.854030215908991153e+01 3.837305380771942964e+01 5.003371866221333875e+01 7.016051131523094853e+01 6.939365932226320410e+01 4.958165329625978757e+01 6.939365932226320410e+01 7.377671418942445314e+01 8.181978199500872506e+01 8.628303086138828348e+01 8.414327563385505471e+01 6.802178048451219183e+01 4.796680889331898356e+01 6.151508853925425058e+01 5.994246474328218000e+01
7.344999525375345284e-01 2.073449995253717759e+01 1.963947522326529693e+01 2.785436220348939074e+01 1.692874474570733057e+01 3.689644644685296981e+01 4.049591682213871024e+01 2.756840589296836797e+01 3.334206529265028962e+01 4.000937328891738076e+01 5.001271035808449028e+01 6.999417888317913139e+01 8.048321993739625668e+01 6.136670011155855775e+01 4.997490118169852735e+01 6.073842134144656768e+01 5.959950129768628102e+01 3.983688761318427396e+01 4.980243244470312192e+01 3.740020157233229980e+01 5.717720665568606364e+01 6.966490670164075993e+01 4.867514954395811344e+01 3.418505709774129286e+01 5.433514018596005712e+01 7.036375884522591662e+01 6.534964225785203951e+01 4.543585928732681367e+01 5.982666824265424310e+01 5.404837001577427458e+01 7.377671418942445314e+01 6.630208307182650174e+01 8.042626055950007924e+01 7.567561696469543620e+01 5.564960561506294567e+01 4.161072619256147931e+01 5.166215184070650679e+01
8.205962881864476977e-01 2.082059628818609198e+01 3.963947522326458284e+01 4.512218956495607358e+01 3.106421440860754402e+01 3.106421440860754402e+01 5.097670013249204146e+01 3.911669381600600559e+01 5.333875417672700792e+01 6.000344462063181794e+01 6.826137296289984135e+01 7.824189794955931632e+01 6.588398549291525796e+01 5.812377099398057112e+01 6.073842134144656768e+01 4.109195407452025961e+01 5.303244288234463966e+01 4.817727256048748075e+01 2.985410595150164070e+01 4.370693206695094801e+01 6.120772586278644667e+01 6.661305446714578693e+01 5.044975509848256934e+01 3.031599417130932750e+01 4.194187771425781364e+01 6.207173173761784568e+01 6.309127435803997486e+01 5.494788844633701075e+01 3.980033639111045574e+01 5.982666824265424310e+01 7.040166961188060668e+01 5.207243681468688123e+01 7.040166961188060668e+01 6.555185026783249214e+01 6.087620779156149098e+01 5.565827679381449400e+01 3.579000876201666159e+01
1.503081736372913202e-02 1.415716644109455480e+01 3.415716644109384248e+01 5.325488129719839492e+01 5.097670013249204146e+01 5.097670013249204146e+01 5.918016472130785388e+01 5.910845742001367853e+01 6.736675178707407952e+01 5.903861448973099613e+01 5.059417658167916443e+01 5.903861448973098192e+01 5.544555124380334377e+01 4.031514786909097836e+01 5.544555124380082134e+01 5.303244288242972004e+01 3.335345160127619835e+01 2.860271446011056540e+01 2.595979969791621045e+01 4.500236395217762464e+01 6.060644722974323884e+01 5.943140493374476563e+01 3.845339329836254905e+01 2.675313759572475192e+01 4.688484451931974206e+01 5.857393905467490924e+01 5.040230305582253578e+01 3.487132365961282687e+01 5.055576229009758293e+01 6.592106938156513252e+01 6.211340199394282280e+01 4.187129475215095198e+01 6.211340199394377493e+01 4.424181494418608906e+01 3.835899359576571044e+01 4.211773862369558685e+01 5.031608846074638564e+01
1.711296032766891351e-01 2.017112960327633431e+01 2.496953617155660865e+01 3.685768973897294387e+01 4.392879228689027116e+01 5.221388051385551421e+01 6.376151702501750407e+01 6.655585753367820701e+01 5.818160461087703084e+01 4.867581074190267287e+01 2.972817928095192386e+01 4.867581074190262314e+01 4.784194669229002983e+01 2.993698514154572976e+01 4.784194669229002983e+01 6.004714120762522356e+01 5.303240529475939269e+01 4.207095942283129375e+01 2.223766295913943836e+01 3.311744382669441222e+01 5.346732819123879210e+01 5.843703652891696976e+01 4.356432708545610666e+01 2.344400822071367685e+01 4.356432877347083377e+01 4.610360256724478489e+01 3.023618144533089591e+01 5.040230305582253578e+01 6.250450823159570035e+01 6.693474673759754978e+01 5.536415418452268256e+01 3.499801618498712230e+01 4.683879488428957671e+01 4.317518885974546095e+01 2.533368598856806031e+01 2.572427395919931925e+01 4.099776185073788071e+01
6.634215400813491259e-01 5.663421540081369443e+00 1.082739933502463714e+01 1.685762622658014820e+01 2.392869403849911336e+01 3.547569983753769662e+01 5.547593131324423155e+01 5.468457085380867255e+01 3.747726258254702714e+01 4.016117793131559210e+01 1.940621101251666403e+01 3.989632413680249101e+01 3.378714488788794768e+01 2.327867614262671481e+01 4.040338615806668798e+01 3.620675461597537037e+01 4.241942628674480176e+01 3.555642462750353872e+01 1.954467892445264710e+01 3.808064814246559848e+01 4.676831087782963436e+01 3.793280344416560723e+01 3.039059076357370515e+01 2.028735886752503248e+01 4.036519120327597676e+01 2.579634709055546793e+01 4.610360256720922223e+01 5.857393890961817107e+01 5.748802236384519659e+01 4.933230902004142848e+01 6.143804161136564801e+01 4.683879486833286876e+01 2.660667581184981501e+01 3.923960377513034103e+01 2.002961595530345562e+01 2.059194362949192580e+01 2.115733520719368954e+01
1.702428053490451232e-01 2.016890759701520608e+01 3.082736658432149923e+01 3.685768973897294387e+01 4.392879228689027116e+01 5.221388051385551421e+01 5.026207050095069917e+01 4.622794715957035550e+01 2.549262062733093614e+01 3.317340653341071999e+01 1.264676940130607896e+01 2.598721115662126380e+01 1.411185702717938106e+01 3.170323658356531737e+01 2.821430780616931244e+01 1.524669352979885240e+01 3.356651684678129755e+01 1.561130389654506168e+01 3.184816277654281080e+01 3.115202919605782839e+01 3.144975484372995211e+01 1.762848184511385341e+01 1.597649789930532727e+01 3.597610863055786012e+01 2.148008290188834124e+01 4.194806547919624506e+01 5.297761905598274268e+01 4.708937117616269319e+01 3.751436844170065399e+01 3.654993335155290168e+01 5.443102447794679932e+01 4.679653118876350959e+01 3.850241677462098266e+01 1.923635809146087894e+01 3.930128008159387321e+01 4.454489828647714234e+01 2.600718926188371682e+01
1.450734497938095391e-01 1.428724106355232060e+01 3.429022074156173971e+01 4.507090086397924722e+01 4.414080665516941338e+01 4.500626731879730613e+01 2.999735598557584382e+01 3.660027338207748926e+01 3.390564617264933389e+01 1.369962567223196892e+01 6.144713052933280295e+00 5.953476354831639838e+00 2.345517244073209184e+01 2.596511168082954413e+01 7.733194404221992002e+00 8.199719496272864561e+00 2.796659559131156669e+01 3.159463589073716605e+01 1.094691684404773824e+01 1.084961155275319555e+01 1.133218380615109844e+01 1.182743911632457667e+01 3.184292059614761428e+01 3.607957053147892879e+01 1.850900580408493923e+01 3.763081016761517361e+01 3.535512136793423110e+01 2.917715096484761617e+01 2.349471684249450476e+01 3.651349757902136872e+01 3.714712084834752659e+01 3.770505512711014262e+01 1.844533406801432562e+01 3.850256873033929850e+01 4.759761732768657794e+01 5.117374846702697511e+01 3.100367642264788159e+01
2.896770308316644060e-01 1.979971314065127075e+01 3.407814958418778417e+01 2.125642096342798837e+01 2.512619271030047940e+01 3.635219219515320788e+01 1.913315837085550442e+01 1.107687333724800283e+01 2.231099161654152496e+01 2.409235204343060133e+01 5.313119617464655775e+00 2.534132838480543271e+01 6.603276967174975809e+00 7.070115227833964511e+00 2.471735400322894449e+01 2.742630633660763806e+01 8.857340913951352590e+00 2.807649726193161044e+01 1.017640071092730025e+01 2.930698253313292057e+01 2.901367697313478544e+01 3.175645300803190452e+01 1.253988696601921404e+01 2.066822512446969640e+01 3.376255286153662638e+01 1.448877071749259393e+01 1.500452011806146757e+01 1.552077711478303357e+01 1.603918221305568537e+01 1.656172573101092027e+01 1.708697349948100097e+01 1.764995066063459106e+01 2.006647537016283422e+01 3.233647755521884903e+01 5.268547741238944582e+01 5.946177146542008529e+01 4.269687303898510322e+01
