MOVIE_S3_data/elevation_000910.asc
nrows	100
cellsize	150.0
xllcorner	0
ncols	100
yllcorner	0
NODATA_value	-9999
[rows 17 to 33 of 100, columns 0 to 36 of 100]
4.336683913182175498e-01 2.024948892365179276e+01 3.889120828873882374e+01 4.773097150576521130e+01 2.666538461151539252e+01 2.974023559709986841e+01 1.668628116621182400e+01 3.654208978346852632e+01 5.007746463002150961e+01 4.135124378874876072e+01 3.501844785183538278e+01 1.565560609226874966e+01 3.657453829518060218e+01 3.052410407943104076e+01 3.380885053383704530e+01 1.532982194985736157e+01 3.580400603337724164e+01 4.913407997320243226e+01 5.715603251348638736e+01 3.726117840784168322e+01 4.067859369725573515e+01 3.342491005435856977e+01 3.099406256904778445e+01 1.097372280502897723e+01 1.762378065137808747e+01 3.803394040175479773e+01 4.715098767163968319e+01 4.715103166221036446e+01 5.215445790595067166e+01 6.304504253379365508e+01 5.505552950154298486e+01 4.393044145488673280e+01 5.088375193488074899e+01 5.955967521545381516e+01 7.061605556830922126e+01 8.970105083172262539e+01 9.786355885246886999e+01
5.385724909496417689e-01 1.192123492127358908e+01 3.145480950561237776e+01 4.001518947314471575e+01 2.915269807961917792e+01 1.016737443434750077e+01 2.824386787830001921e+01 3.500164682752846801e+01 3.064672900153459878e+01 2.470822116090807441e+01 2.580448277155015901e+01 1.070790026757071622e+01 2.565563031913136527e+01 9.448507885530933237e+00 2.834317679316654903e+01 1.220944641617679238e+01 3.234305171670841617e+01 4.101870137371315650e+01 4.940780311796522994e+01 4.091195804093746347e+01 2.081712488719463039e+01 1.436479377278219260e+01 1.045979458337529344e+01 3.026749439006213649e+01 2.195032147290622504e+01 3.525804883731940720e+01 5.495409214470821979e+01 6.580150383762014599e+01 7.054718162135219472e+01 7.844606591631284687e+01 7.129609862128997122e+01 6.332569221229551459e+01 7.013041530408500535e+01 7.810021418342648758e+01 8.667475542274573286e+01 9.775361950880824224e+01 1.021300802570842308e+02
8.336531950628578436e-02 1.990607238048493954e+01 3.063855278497366186e+01 3.192855751119138219e+01 1.762457289790745563e+01 6.169347494419491262e+00 1.656112728695124048e+01 2.031335253947415609e+01 1.206462512647948593e+01 2.239251518118303608e+01 2.743972468527099196e+01 7.049797338026740690e+00 4.938825260309116949e+00 5.272421087635927428e+00 8.142239226705534350e+00 2.414825771881309180e+01 3.349640257628448126e+01 2.087237826085411996e+01 3.792743537820066990e+01 4.914756853921733892e+01 4.063647486810823750e+01 3.043250816103935463e+01 1.009999336611605081e+01 3.052916522799739596e+01 4.117823175278302017e+01 3.581519381859297368e+01 4.910781996976718489e+01 6.796525267076759746e+01 7.170155964128095150e+01 6.310005714081271577e+01 7.143862847260461990e+01 7.207837004353113741e+01 8.021262688050441625e+01 7.751998017943368779e+01 7.496154785738788462e+01 8.313786441488932155e+01 9.452645273499818757e+01
4.524162703296725763e-01 1.994650923085616512e+01 1.184139786958225216e+01 1.898431640647772412e+01 1.884321394506238034e+00 2.212145974098143508e+00 2.541165563627917123e+00 2.870317007510748031e+00 1.438111931113179587e+01 2.044389520930987558e+01 2.380222665250134284e+01 4.468758440000102361e+00 2.125072909943948929e+01 2.478527075279749781e+01 5.746803021046751780e+00 2.497566906814699195e+01 2.622115855958800168e+01 7.364159502261863999e+00 2.959260622070933167e+01 4.611921231289895218e+01 4.589265419512489075e+01 2.483003835668289483e+01 9.740018225231622750e+00 2.482419878412146375e+01 3.613782264454630422e+01 5.019344316778736470e+01 6.257193573886432603e+01 7.346411528773346333e+01 6.129745214036086054e+01 4.303998984476383072e+01 6.069023132028500100e+01 5.235061189564236628e+01 6.883800688445042226e+01 5.780352030041656519e+01 5.524525372371055454e+01 6.663126311038588767e+01 8.634094158793504903e+01
4.402443450947634007e-01 7.670609278620637017e-01 1.093921153092370702e+00 1.420956123176275510e+00 6.633507727735044490e+00 2.066959097843986726e+01 2.306340237873926213e+01 2.282817204477169071e+01 3.336476745937432931e+00 3.666205392347535064e+00 3.999012085229272095e+00 2.104220118447733867e+01 2.996133444417051805e+01 2.872416282921186337e+01 1.045582639463355790e+01 6.220699341609047472e+00 6.555661673803610867e+00 6.891030449504308208e+00 1.975650318432070662e+01 3.330400369744983635e+01 4.458046822787600405e+01 3.030850904977079097e+01 9.379690274774599601e+00 1.226385244045292566e+01 1.935705331184432509e+01 3.541049684142691234e+01 6.063756817899564311e+01 5.363435235910264964e+01 5.293768162173689973e+01 3.298627912421125075e+01 4.881686674190432029e+01 4.086113781253319388e+01 5.514060378497004677e+01 4.379009966381798336e+01 5.780352030041656519e+01 7.751998017943414254e+01 8.777104183687775674e+01
4.237187090225543740e-01 2.038856584667708560e+01 2.115448450109800049e+01 2.152669462992205496e+01 5.989463592953881310e+00 1.325102121274636069e+01 2.658411423557682340e+01 3.409719031091354680e+01 2.480865100680487956e+01 1.419303217445733978e+01 4.334527856574171167e+00 9.674761564298423266e+00 2.871785477831322808e+01 3.700154300346286362e+01 2.976174725793512721e+01 1.841105345758048628e+01 2.604087053762135895e+01 1.241888620573751467e+01 7.366503017651330865e+00 1.454254964351404844e+01 3.267066179705135909e+01 2.859132795418458528e+01 9.019681569445053171e+00 1.248279504942958873e+01 3.300382233526273978e+01 4.970072872489678417e+01 5.797782047907620750e+01 5.033678590163168565e+01 3.365368872930253019e+01 2.579240314139410017e+01 2.877309186224970716e+01 3.184860056009784657e+01 3.523459555574803659e+01 5.514060378497742221e+01 6.601338480029912148e+01 7.220219311651071337e+01 6.858519754719316097e+01
9.142864485297492738e-01 1.505959140387568418e+01 3.513955476358091090e+01 3.338481340020203447e+01 1.843135189134915919e+01 2.365935068647264217e+01 3.114912274990521368e+01 4.476274406555052821e+01 2.655182072322670450e+01 8.631769046525585409e+00 2.748616189407547594e+01 2.949684056508564822e+01 1.754059283574019190e+01 3.655476880066587597e+01 4.908611546954644922e+01 4.196889569279800725e+01 3.741982497679009612e+01 1.757666183199106413e+01 1.160108981047585353e+01 7.844827231329976058e+00 8.184332427161827184e+00 8.527985332595147128e+00 2.652550622710069916e+01 1.092290080318864653e+01 3.116334615102036665e+01 3.816745346129471983e+01 3.840126741900616736e+01 3.850636590292396022e+01 2.192991838354663869e+01 3.625371444797964671e+01 4.881646087446347337e+01 4.602637154026196242e+01 5.514060378497742221e+01 4.144409077063986047e+01 4.629124790421869307e+01 5.256976136291390134e+01 6.242613372534807326e+01
9.064013007315497861e-01 2.090640130073119352e+01 3.533443567774681782e+01 4.274289280856295647e+01 4.081160367039600345e+01 4.361464690321311366e+01 4.980733360742322446e+01 4.876913433495439421e+01 2.669902977763755914e+01 1.154811796507130950e+01 3.224714471486408485e+01 4.445343141364553929e+01 3.655476880112456683e+01 2.633615451561417231e+01 4.461251393390369202e+01 5.163698986052234829e+01 3.159010361671234079e+01 3.129176174304241442e+01 2.907451266991875727e+01 1.421603837001150517e+01 1.031625376860852583e+01 1.047312947870954147e+01 3.495626259250339274e+01 3.115942942014807215e+01 1.284115358831809139e+01 3.265573278368002264e+01 3.643454662252101883e+01 1.828362968684746193e+01 3.850713466419988151e+01 4.921823730537929720e+01 6.431024242213673858e+01 6.584449510688484963e+01 6.938909112163928228e+01 5.547404837871426508e+01 6.026482027214847648e+01 6.241258193248277308e+01 8.027565479229824064e+01
3.063610709598194592e-01 2.030636107095946485e+01 1.547723911394732177e+01 2.301449600460424705e+01 3.444581771280981997e+01 5.407690816646888976e+01 6.460635116476653650e+01 5.288923653495041322e+01 3.530471820245681869e+01 1.456746337951818582e+01 2.927606392589645878e+01 4.986498566002655508e+01 5.113514821540085364e+01 3.286357664642466148e+01 5.110784177027991859e+01 5.992987317537811975e+01 5.163820887114369640e+01 5.157216524349151854e+01 3.768147350006125862e+01 2.933655381450486033e+01 1.225151546052854457e+01 1.254535472974962396e+01 3.196626386569110778e+01 4.133562448739614581e+01 3.297986012029090119e+01 1.481415465560302458e+01 1.623828373077678577e+01 3.649428924214184633e+01 2.078528353724797384e+01 4.097743036237122993e+01 5.510095926728495641e+01 6.260307933044388307e+01 7.080920846218386089e+01 7.515880624069974658e+01 7.989164724833737807e+01 8.203512022643226942e+01 9.015282268015656086e+01
2.739570439748240105e-02 6.057509286995660602e+00 2.602140441462779563e+01 4.274289280856295647e+01 5.089443748336518070e+01 6.224230651965553562e+01 5.637585962923834160e+01 3.590539793890054909e+01 2.386798150861039503e+01 1.822973751297863743e+01 3.897139619738284466e+01 5.340842489074961463e+01 5.942343487780826194e+01 4.309083086301763643e+01 5.942343487780826194e+01 6.723302297827015650e+01 5.582382972049984460e+01 4.689817507808965047e+01 3.474527136926698745e+01 1.511901589887872177e+01 3.103256735756055207e+01 3.197690137449187020e+01 1.564364436641975331e+01 3.591443750277699110e+01 4.362481647257872197e+01 3.423957584698302270e+01 2.805109601069528935e+01 4.245321127217562918e+01 2.257045787417949256e+01 2.872721999902625711e+01 3.515082920102692299e+01 4.275433661332770896e+01 5.680547729636020193e+01 7.659972879037984228e+01 7.996382791573493876e+01 8.819635233650292605e+01 9.795493480270022246e+01
1.758338105654860817e-01 5.339811605508685055e+00 2.533981160550833067e+01 3.921468390259042991e+01 4.628575171445578462e+01 5.457002296191939905e+01 5.898297023566296104e+01 3.858189653301638344e+01 4.455723267703501023e+01 2.610604862392359138e+01 2.436903706489494326e+01 4.507830976256327915e+01 6.003615461009538024e+01 6.215805787088660850e+01 7.069039037616597909e+01 5.905235680334733672e+01 3.921740741237911010e+01 2.763406598123296121e+01 1.863917833838965166e+01 3.474527136926699455e+01 4.292590862940105012e+01 3.879095894793352528e+01 1.824752388195764397e+01 2.870993703039411926e+01 4.882816780773052301e+01 5.444776779619657958e+01 4.627992926107253169e+01 4.459041211993771725e+01 2.445133643236145460e+01 4.459927877737335677e+01 5.510083271054793386e+01 6.260307933044384754e+01 7.080920846213001596e+01 6.967131269565348362e+01 6.067409829430415158e+01 7.012755805823199751e+01 8.389578820218609678e+01
4.683972685643240652e-01 2.046839726856396879e+01 1.318445701103597756e+01 1.921468390259114400e+01 2.628575171445649516e+01 3.783275709824941657e+01 5.783275709825012001e+01 5.311649726943661420e+01 5.510209044623142205e+01 3.545398486224198109e+01 4.507830976256327915e+01 3.115067574450747045e+01 4.318877876790682535e+01 6.348589395423599058e+01 7.209798719783907472e+01 6.064679924107171161e+01 4.305096486494576880e+01 2.299576535511522835e+01 3.283862180469871106e+01 4.691316222768591615e+01 5.653772063458998787e+01 4.183993129472623451e+01 2.138695929211220914e+01 4.183989945174577230e+01 4.886025013980430742e+01 6.866293612223842047e+01 6.051847591614254185e+01 4.064553896931156629e+01 2.635906798833593001e+01 4.647751893812360180e+01 5.745854671200400077e+01 6.856018740671461842e+01 6.963786016447397742e+01 5.049904729147903737e+01 6.963786014866329310e+01 8.579125680930785336e+01 8.825867289814011940e+01
2.051881798473268459e-01 2.020518817984697080e+01 3.318445701103526346e+01 3.921468390259042991e+01 4.628575171445719860e+01 5.457002296191939905e+01 6.611702834571332232e+01 7.314588883402166175e+01 6.418885388366139466e+01 4.743374147667191210e+01 5.724404007261640714e+01 3.675258825902254500e+01 5.724404007261640714e+01 7.165912718743547316e+01 6.387085516287564957e+01 4.404986238012894262e+01 3.253726261829147859e+01 2.666613599144036684e+01 4.663811491067297510e+01 6.098770265103272692e+01 4.837251500835024132e+01 2.825255902818153686e+01 2.642471138417207754e+01 3.448903655587852057e+01 4.610112221471289473e+01 6.594386156892024076e+01 6.055348566204083482e+01 4.064639747879567722e+01 4.647751893812360890e+01 2.917122267832635174e+01 4.923725221889363013e+01 4.872949548284488941e+01 5.694147269206234796e+01 4.456812392094101227e+01 5.821496701305818533e+01 7.429814804158269226e+01 6.851550930956743457e+01
8.187695587851057111e-01 1.236577494257772258e+01 2.650791056630892584e+01 4.650791056630963283e+01 4.712256560221159418e+01 5.554340947193299627e+01 6.563439487487329416e+01 7.984172085305692690e+01 7.574817156107913263e+01 6.760398084400726759e+01 6.400469720386527683e+01 4.372344748846128226e+01 5.724404007261640004e+01 7.718271053653056413e+01 6.644320097955143467e+01 4.662155010176805803e+01 5.033092829194983153e+01 3.044498750744710591e+01 4.195794465877493451e+01 6.176863664033802337e+01 5.335214125050325151e+01 3.339644895337409025e+01 3.145154634068620680e+01 5.144019799129971204e+01 6.267329933822906440e+01 7.410637967881885402e+01 6.876465618629916321e+01 6.055466447941629582e+01 5.381798399671621524e+01 3.384621251081738080e+01 3.232277564177247342e+01 3.457140327932588519e+01 3.701266938456015509e+01 3.981167411067929152e+01 5.967997371510661253e+01 5.451326084440486142e+01 7.429814804258506911e+01
2.311624522989861319e-01 2.023116245229862997e+01 3.084177033025127557e+01 3.639571312020665061e+01 2.707297293203362898e+01 3.707457344330273230e+01 5.124014544708579422e+01 6.974740917763811865e+01 7.782681246139217990e+01 8.082973888888641056e+01 7.217003084415493674e+01 5.818606647839721546e+01 5.818612558944465007e+01 7.805641159416147445e+01 7.467242305123160406e+01 6.644319548069033488e+01 5.437726241235738200e+01 3.455493533578651721e+01 5.437726241235736069e+01 6.999481390566698735e+01 5.866285639062098056e+01 3.879197929251543542e+01 5.144019800117038699e+01 3.908035408139578237e+01 5.895035086368244492e+01 7.554190764366791200e+01 7.226394632546565333e+01 5.247921794298964215e+01 4.097649403306905924e+01 5.381798399671621524e+01 5.232916947345152892e+01 4.094826193739871911e+01 5.694147269206234796e+01 5.970843749090344943e+01 4.386749357633358670e+01 6.373417961437264978e+01 5.941553281386528340e+01
9.845726073866658545e-01 5.835285108132403309e+00 1.083528510886813301e+01 1.638228710102535857e+01 3.052755852606682296e+01 5.062047583103694848e+01 5.568607352434988655e+01 4.990217265379755673e+01 6.974740917763811865e+01 6.086154223977996480e+01 7.498458147988691280e+01 7.805211441573116815e+01 7.805641159416147445e+01 8.616419891396522246e+01 7.331199576077227675e+01 5.348238389003807924e+01 4.206323215369373969e+01 5.437700627783786445e+01 4.600678586930058600e+01 6.581154601195463272e+01 6.438436882684298723e+01 4.456446954297010876e+01 6.438436882684298723e+01 5.895035086368244492e+01 4.758976588010053632e+01 6.739557717645674018e+01 8.046458875004869071e+01 6.655787347805342336e+01 4.675483287991574599e+01 6.655787347805342336e+01 6.742522156545209100e+01 4.761684920866383663e+01 6.742522156545209100e+01 7.122376726077484932e+01 5.140826131020366319e+01 4.878792482942621689e+01 5.393464569395563757e+01
3.295302290958179725e-02 2.003295302290922564e+01 3.084177032845997246e+01 3.639571311914143337e+01 4.472786749831130493e+01 4.506583305359250602e+01 3.578087275134571144e+01 5.571470785737955111e+01 5.408847958431144320e+01 4.675357072616579046e+01 6.671009163023674660e+01 8.579422910216057119e+01 7.753802703895242132e+01 8.230119170153267305e+01 8.155544170255372194e+01 6.812633579167972186e+01 4.831394143891922965e+01 6.812188185176826494e+01 5.743182293098341518e+01 7.404346125253684363e+01 7.097873736569630410e+01 5.119563174913616166e+01 7.097873736569630410e+01 6.739557717645674018e+01 6.161219325215819964e+01 6.161219325215819964e+01 8.135790108290919420e+01 7.314555222634683673e+01 5.338251598146671739e+01 7.314555222634683673e+01 7.563023478155029977e+01 5.753941940245362474e+01 7.563023478155029977e+01 7.944089377087962589e+01 6.132710017185687690e+01 6.283617347605432002e+01 5.873160930995155127e+01
