MOVIE_S3_data/elevation_000903.asc
nrows	100
cellsize	150.0
xllcorner	0
ncols	100
yllcorner	0
NODATA_value	-9999
[rows 51 to 67 of 100, columns 0 to 36 of 100]
8.885398060199247716e-01 2.088853980601956906e+01 3.200346185435994073e+01 3.910874068950608518e+01 4.743783594600306941e+01 5.905915094258720899e+01 6.514818835313478473e+01 5.937535071330231062e+01 5.770248768870782641e+01 4.387475779284773836e+01 5.770248768871326916e+01 4.527693684784046724e+01 2.617251177495049319e+01 4.527693684784046724e+01 4.322743462542761250e+01 5.909143580853889688e+01 5.328438148275453301e+01 3.363064422652162477e+01 5.328438148275453301e+01 5.978786829609286002e+01 4.002348588539142327e+01 5.978786829609286002e+01 6.678953390515840738e+01 6.841802982913026199e+01 4.883715242073603946e+01 3.484168328426365235e+01 5.457225863207138872e+01 4.945446407392479671e+01 2.970054967015015635e+01 4.597309905564829791e+01 4.501489974870958832e+01 3.924396554351136501e+01 5.886280687348521212e+01 5.067002444829678609e+01 6.453691246302078355e+01 5.774782010814919886e+01 3.815056519318078898e+01
1.344321116831868057e-01 5.907952038510885018e+00 1.193842158046325075e+01 1.901197867667137231e+01 3.059288552836662589e+01 5.074161683994147864e+01 6.671598681545876275e+01 6.161340562697431267e+01 6.989767453556532928e+01 6.344178562141669175e+01 6.052564983564718659e+01 4.094794351372971875e+01 3.004425790010200359e+01 4.925020839163274644e+01 6.157619728455251362e+01 6.931837630400639227e+01 5.801901283495388384e+01 3.849762767147493747e+01 5.801901283495388384e+01 6.390457364596367285e+01 4.416154835686329250e+01 6.390457364596367285e+01 8.102793193881703360e+01 7.056107120249087927e+01 5.097885500722929919e+01 4.018812510901890533e+01 5.981876886068211974e+01 5.800462653436019878e+01 4.964317882529347514e+01 3.361265474221046645e+01 4.073822479695975574e+01 5.895265061477724089e+01 6.690126183087323852e+01 6.994522818606240833e+01 7.170327335058750862e+01 5.197360776270196681e+01 5.768700273523194255e+01
8.052006432555327553e-01 2.028185198277993706e+01 3.180862711642692986e+01 3.910874000431645214e+01 4.743779314126678770e+01 4.671598713734827157e+01 4.671598713229401056e+01 4.161340565261424018e+01 5.835067011708048312e+01 6.835066935183044734e+01 6.885770650548269600e+01 5.486417451175600490e+01 3.544559550259552339e+01 4.012300299233925927e+01 5.124582062775230895e+01 7.085147646029038526e+01 6.320063367627130901e+01 4.381278377989416128e+01 6.320063367627130901e+01 7.015394940733919782e+01 5.039168804714364569e+01 5.296838126524414037e+01 7.275213913571958813e+01 7.871355524157040406e+01 6.546569261688885888e+01 4.590417491245337800e+01 6.546569261688885888e+01 7.101029601395585189e+01 5.088699354367667382e+01 3.678516163118390381e+01 5.678097237735320846e+01 5.135093910861777999e+01 6.548545492280479152e+01 8.579025879142875510e+01 8.001936147112404285e+01 7.168992430778017422e+01 6.454189141083384129e+01
2.804825088837598068e-01 2.028047134691606246e+01 2.677762545832808172e+01 2.990110069490425815e+01 3.323443393873176177e+01 2.671598715023787918e+01 4.063830983918177253e+01 3.006640026882213590e+01 4.006640026882178063e+01 5.420853589250764060e+01 7.420853581866300885e+01 6.112892541896370346e+01 4.139696403215178577e+01 5.979578420434978625e+01 5.955343364995901823e+01 7.885260814173514632e+01 6.900553937215457267e+01 4.975284523551292182e+01 6.900553937215457267e+01 7.716087599581737777e+01 5.734229477186039503e+01 7.275213913571958813e+01 6.434951644334779530e+01 8.423033519191498897e+01 7.197270644467882050e+01 5.245166496130881484e+01 7.197270644467882050e+01 7.432780157204508953e+01 5.414820306926022653e+01 4.012121051773647906e+01 6.005867062910399312e+01 7.143259428517050935e+01 6.770526396362876653e+01 8.801731231932991761e+01 8.342759065741572044e+01 6.887793741644115642e+01 4.936607023602147137e+01
7.810880442414250835e-01 3.762512014241138569e+00 6.777625460018762205e+00 9.901100697790857552e+00 1.323443403112416128e+01 1.671598715023805681e+01 2.063830985300166887e+01 3.478044547672821096e+01 5.478044545718550040e+01 6.411727467404934089e+01 7.306154577596285549e+01 6.960762497837914964e+01 5.516747231300713850e+01 5.369043056418295379e+01 6.787199068106508548e+01 8.714715078437511409e+01 7.576475423234906259e+01 5.664680757978757697e+01 7.576475423234906259e+01 8.544941198466543142e+01 6.720655029425988403e+01 8.544941198466543142e+01 7.578829524898570469e+01 9.253433657431648385e+01 8.012228566258455942e+01 6.220784221125958879e+01 8.012228566258455942e+01 7.519479060196191256e+01 5.499017418634024068e+01 4.359039214960976238e+01 5.759619285053202020e+01 7.785428229734853289e+01 8.801731231932991761e+01 9.049377192138179282e+01 7.511777184732899570e+01 5.549947865645857092e+01 5.374575125671088216e+01
7.232205343510359485e-01 2.072322053435068057e+01 2.677762545832808172e+01 2.144810608158316967e+01 3.323443402687268389e+01 3.085812277396584591e+01 3.478044547672821096e+01 2.916633850722593735e+01 3.583300517389236717e+01 4.477727708389120664e+01 5.891941270756500870e+01 7.891941261523830065e+01 7.522173670323405759e+01 7.417958881299190921e+01 8.271371389373318550e+01 9.652953205264601877e+01 8.373959213697490611e+01 6.772316375432414759e+01 8.373959213697490611e+01 9.542676434588567247e+01 8.711520169737472941e+01 9.542676434588567247e+01 9.576237621371947739e+01 1.040873961311068427e+02 8.992002012455373006e+01 8.173757067809808063e+01 8.992002012455373006e+01 8.367520117911055877e+01 6.779584890155506116e+01 4.778560175534178711e+01 5.609460630466997344e+01 6.766599074074301257e+01 8.815004237911179530e+01 8.216389277156721960e+01 6.237870368778233399e+01 7.511777184732899570e+01 7.338304055106429757e+01
9.494692443194679976e-01 1.509160486805054369e+01 3.509160486805124890e+01 4.144810607475344000e+01 4.973237635371788201e+01 5.085812275872083887e+01 5.478044545718550040e+01 4.916633849723931604e+01 5.583300515891241389e+01 6.411727467404934089e+01 7.306154577596285549e+01 7.130364861212353844e+01 7.955686564369334235e+01 8.268714147148195082e+01 7.438800763938984062e+01 7.917590697741115946e+01 8.747754099860033250e+01 8.674977111216192327e+01 9.478929322136998792e+01 9.658046295753283061e+01 8.827556168216754884e+01 8.916582951309283089e+01 8.086508363535655519e+01 8.565327090529508780e+01 9.395696342844443905e+01 9.698481398421358790e+01 9.674600862426775905e+01 7.616937377979752455e+01 6.183105692348581783e+01 5.269206464905546738e+01 7.283044365238825435e+01 8.480367279690803173e+01 9.662692449085233193e+01 8.773041365591137719e+01 6.784075840126170931e+01 8.773041365591137719e+01 8.873869566653385732e+01
2.836664262828419991e-01 2.028366642628248684e+01 3.387817634788815724e+01 4.216244759535035769e+01 5.370945297914307304e+01 6.644507285717003242e+01 5.835527399765717149e+01 5.835527399765717860e+01 5.835527399765717149e+01 6.644507285717010348e+01 6.804092275024648018e+01 5.134868164771844334e+01 6.804092275024648018e+01 7.112956358549111258e+01 5.437697298832954118e+01 5.916201351810671838e+01 7.428741717077345186e+01 8.258688814330196237e+01 9.248216178278121902e+01 8.417903849654422288e+01 6.826204803753587669e+01 7.193459796937266049e+01 6.085870781323841783e+01 6.564231910043143614e+01 8.063670185023224235e+01 7.696254749118536154e+01 9.698481398421358790e+01 9.068250204854527396e+01 7.926014589827555312e+01 5.892764212457151984e+01 6.682933776866799747e+01 7.859636429619298781e+01 9.923291019717187567e+01 9.606596045760642255e+01 7.703758238901176014e+01 8.183163114732136023e+01 1.019713343672816848e+02
1.404418693552202946e-01 6.807108536021915235e+00 1.387817634788745202e+01 2.542518173168017270e+01 4.542518173168087969e+01 5.835527399765717149e+01 3.827083392890075686e+01 3.827083392890076396e+01 3.827083392890075686e+01 5.835527399765717149e+01 5.978264306355416835e+01 3.980612264238756381e+01 5.978264306355416835e+01 6.283463139683730247e+01 4.282884951559979925e+01 6.013724886998909369e+01 5.427605724994234748e+01 7.428741717077345186e+01 8.417903927881567938e+01 6.416922154667156519e+01 7.002995412272807130e+01 5.193582014097021471e+01 4.931765731458153112e+01 5.486145283584299648e+01 6.063039500404168081e+01 6.957194702484541438e+01 8.112455204274155562e+01 1.011499392199503546e+02 8.776529678156647662e+01 7.055129673689819469e+01 7.322194382912047672e+01 9.383765522597104791e+01 1.076766355982444026e+02 9.820202088536208862e+01 9.090143258534745030e+01 1.019713343699442447e+02 1.103002841029851737e+02
6.646099058385387393e-01 2.066460990583818358e+01 3.387817634788815724e+01 4.216244759535035769e+01 3.980739061442955062e+01 4.106224892329029785e+01 4.208865969166264165e+01 2.262562382583966425e+01 3.505334846017198203e+01 4.376692000937214999e+01 4.378275058334450875e+01 3.273585499355881723e+01 5.271987653639493487e+01 5.616603743642477298e+01 3.616214396233796435e+01 4.013202436653592997e+01 5.427605724994234748e+01 7.428741717077345186e+01 7.459692790307899202e+01 7.002996253668912630e+01 5.003034241247035396e+01 4.299264008354018785e+01 5.299101897468253952e+01 7.299072583743588893e+01 8.063670185023224235e+01 8.893723596095144046e+01 9.789320368555803498e+01 1.094618620539978764e+02 9.964120009930360311e+01 9.115665509044445969e+01 9.383765522597188635e+01 1.023086497160376069e+02 1.086606525468036750e+02 1.167742691461339888e+02 1.109960140653212903e+02 1.002396971091938269e+02 9.180703586192173304e+01
6.164072599657668405e-01 2.061638859538690838e+01 2.319832437713606055e+01 2.442455848368422977e+01 1.979996910013313283e+01 2.106477474476127654e+01 2.232823443760690196e+01 2.948653639304959384e+01 1.286226011827707971e+01 3.499752739394361356e+01 2.379525914901941519e+01 4.378275058334450875e+01 5.266673514701253822e+01 5.013463661826249052e+01 3.013192202406692033e+01 5.013463661826249052e+01 6.148692905804627884e+01 5.657205380748887080e+01 5.476579723468203298e+01 6.310061583471209445e+01 5.481029192468788835e+01 3.933831940279429773e+01 5.933971282595528152e+01 7.299072583743588893e+01 9.300918293975142603e+01 9.557747347323316944e+01 1.014475544974081203e+02 1.026579698264085607e+02 1.109719976970569775e+02 1.011631206717834459e+02 9.269330105136462805e+01 9.584118421983785652e+01 8.724415959354544725e+01 1.027431010839302701e+02 9.897902503246977801e+01 9.004063968308892640e+01 7.139240553277946333e+01
7.616414269703414286e-01 1.978802665870711630e+00 3.198224187570098742e+00 4.424502866540035662e+00 5.657755698496455210e+00 6.922666762563801868e+00 8.197820188690467802e+00 9.486133441492139440e+00 1.082412691005681005e+01 1.596584620848870806e+01 3.594567124293725868e+01 3.696172281008912819e+01 3.266296898415808414e+01 4.010306188629143520e+01 2.586797906370959410e+01 4.358930981113956449e+01 4.386398913997972926e+01 3.597937526841047173e+01 4.711199393245975386e+01 5.154362518030460194e+01 3.480612403906061303e+01 3.828993530284510882e+01 5.829224699831753753e+01 7.174840987519262114e+01 7.607329264891998832e+01 7.555642588777257629e+01 8.142045508523472108e+01 8.263130397093188151e+01 1.026579698264085607e+02 8.934183481523855619e+01 7.220700221966892229e+01 7.532118158231550353e+01 7.336363186579006879e+01 9.425801465331798568e+01 9.054239062339674149e+01 6.999700452092108094e+01 6.087669474765264965e+01
8.582653206718614536e-01 2.085725459540545046e+01 2.319802943498822856e+01 2.442443747231603268e+01 1.198231101883306238e+01 2.692263852451246819e+01 2.233995766879516864e+01 2.948656130534991959e+01 3.078982120146871537e+01 1.278600926218340206e+01 3.275768931223640834e+01 1.696803779489290420e+01 1.852473010199564385e+01 2.010319488889326323e+01 2.169820810348667450e+01 2.358758844761079132e+01 2.550312027755042266e+01 2.744566485569612624e+01 2.947636438084182586e+01 3.153928085039017404e+01 5.154362518030460194e+01 5.829224699831753753e+01 4.345765136417961116e+01 6.345572723666644066e+01 5.607200303571873690e+01 6.141320620339848801e+01 6.848154780540545516e+01 8.849697859544382084e+01 9.197581952210059342e+01 8.013243437295817273e+01 6.021915758103432381e+01 6.049423450547870829e+01 8.133135120487993674e+01 9.468341766248227032e+01 8.622983931035953731e+01 7.376715311688529653e+01 5.269352315534536046e+01
9.616989121453964895e-01 1.510193622962262339e+01 3.504726924584427650e+01 3.864827622206517788e+01 1.864897768548796719e+01 3.864832758463512619e+01 4.234040950343127463e+01 4.541720594957388357e+01 2.540818774794459500e+01 3.231471093041445641e+01 1.478358325410127172e+01 3.476242002790413466e+01 3.852161329988578586e+01 4.010306178209511785e+01 2.606204540594449526e+01 4.358930981113956449e+01 4.550515751324659419e+01 3.899745775627057043e+01 4.948033086955000925e+01 5.154257916489962810e+01 3.884539313394799365e+01 5.884755544229974333e+01 6.345572723666644066e+01 4.900523150107351000e+01 6.900176828938612061e+01 8.142045329718176561e+01 8.849697841910608531e+01 9.680165083399441528e+01 8.351230595851008331e+01 6.292002318674600048e+01 5.077772082443986790e+01 7.163219205741462758e+01 8.376788811514116162e+01 8.622983931035953731e+01 6.554380036897555328e+01 6.849874562711507053e+01 4.729463107812004097e+01
2.866789980725219511e-01 1.443185234405002504e+01 3.450033266330826365e+01 4.692428410929333893e+01 3.864832758463512619e+01 3.279109614874905532e+01 5.278893515510931422e+01 4.541720594957388357e+01 4.541484143797402595e+01 3.253910414644376203e+01 1.842142682299027712e+01 3.841746201196151134e+01 5.424604045655902951e+01 5.435466856938804625e+01 4.606413959569003680e+01 3.272864341721517434e+01 5.273188768492634182e+01 5.900851017273436838e+01 6.730234440535944884e+01 6.439373322900574692e+01 4.439486189108693281e+01 6.439408991976191032e+01 7.729685305311379295e+01 6.900176851736115680e+01 6.054621403318200379e+01 7.468863793957194730e+01 9.470833540188588984e+01 9.163918888240576166e+01 8.140860464477410119e+01 6.696360053901867104e+01 4.616275346993412398e+01 5.468214958853462804e+01 6.922501885183778825e+01 8.376788811514113320e+01 7.160260089901791503e+01 5.058487743813548576e+01 4.275262863703041916e+01
7.776801193288799263e-01 2.077768011932852588e+01 3.115354324232157524e+01 3.631752103726523728e+01 4.460179228530127205e+01 5.278893515510931422e+01 6.105747206983747333e+01 6.544917363576240632e+01 6.032910230342313440e+01 4.411683742405610786e+01 2.418939274851296162e+01 2.597494711688414526e+01 4.597857433921041803e+01 6.322422471894042673e+01 6.102402324378090981e+01 4.427601683537208999e+01 4.089367210850944900e+01 6.089904832566516291e+01 8.075047127570309158e+01 7.268718371110878707e+01 6.439408991976191032e+01 5.439312726977117052e+01 7.439505256975272118e+01 8.885298555239772611e+01 8.055227084483858846e+01 8.885305567390047088e+01 9.761743864045341468e+01 7.724335451198136582e+01 6.270273989647809287e+01 5.230412978966548110e+01 4.539703863033621900e+01 4.001496044999382917e+01 5.468214958853462804e+01 7.292263960385278665e+01 7.428674915926417555e+01 5.332989094158325827e+01 3.862870728152427091e+01
5.059075238208947667e-01 2.050590752382053950e+01 1.115354324232121819e+01 1.631752103726453029e+01 3.631752103726523728e+01 5.151221635815667099e+01 5.979648760669459762e+01 6.979648760728385071e+01 5.361608730758076291e+01 3.361652198952273096e+01 4.418820180279265486e+01 4.597857433926301240e+01 3.491856514132923195e+01 5.492631170186678702e+01 7.257843850769596372e+01 6.428282207653768410e+01 5.089432997795176306e+01 5.244171934758499987e+01 6.658881213071457239e+01 8.660690080795615131e+01 8.269253541134501972e+01 6.853306723616913132e+01 7.072202101094990212e+01 9.073816881556440705e+01 9.222365143187089132e+01 8.402980916385995158e+01 9.222365143187089132e+01 8.965304926280046516e+01 6.920292188075572426e+01 6.875207217732952358e+01 4.809638544164521790e+01 3.621542462551006025e+01 5.234100901990314014e+01 5.234100901990314014e+01 7.128304072529969915e+01 5.589411677016807545e+01 3.536778004254289698e+01
