MOVIE_S3_data/elevation_000919.asc
nrows	100
cellsize	150.0
xllcorner	0
ncols	100
yllcorner	0
NODATA_value	-9999
[rows 17 to 33 of 100, columns 0 to 36 of 100]
4.336683913182175498e-01 1.198067377514684395e+01 2.612280942646771464e+01 4.612283012000577287e+01 4.467604106392683860e+01 4.467604107060688534e+01 3.517725768785845020e+01 5.072170760515054866e+01 4.771808108716540886e+01 4.657491939509547763e+01 2.590665248755594874e+01 1.145687148608440253e+01 2.601084904182376789e+01 1.703268304336631900e+01 2.809480554018970722e+01 1.439399163409716031e+01 1.699420808998295840e+01 3.598175576939060250e+01 4.136992943241556020e+01 5.956683064014485041e+01 5.050789673981003602e+01 3.343994191028478014e+01 3.002198438656926172e+01 1.884860790736105329e+01 1.279389534950143315e+01 3.201760717230344966e+01 5.534051884698306623e+01 5.658419275374969004e+01 6.528586106127042399e+01 6.576214831051080978e+01 5.804028952428902954e+01 4.676097549421021426e+01 5.476495301880490274e+01 6.498310920909240451e+01 7.872104123268498199e+01 9.760121303319202468e+01 8.041816555522480314e+01
5.385724909496417689e-01 1.468070811524714436e+01 3.468070939983799406e+01 4.514217297337751233e+01 3.722919803382958293e+01 2.570589778722174401e+01 4.035936175867838216e+01 3.509188916068244879e+01 2.128527852477751736e+01 3.674985662862249569e+01 3.592792715736877085e+01 2.540065237943104748e+01 5.716429908329556220e+00 5.409927012482213193e+00 2.494074515794912372e+01 1.024132477724764101e+01 2.988542587507371451e+01 2.627524604910728101e+01 3.706365261517361631e+01 5.516427932438242010e+01 4.951544982495965286e+01 3.012844156264677054e+01 1.373540586735485114e+01 1.228306900457342721e+01 3.220504658162518297e+01 3.895271860887946502e+01 4.271559130177917751e+01 3.724089057403089242e+01 5.670542462193196798e+01 7.577303525659726802e+01 7.521532800896649462e+01 6.715109387426758758e+01 7.466229724185357952e+01 8.263414304302392566e+01 9.218834582328267402e+01 9.256654512887322994e+01 7.191759043466964840e+01
8.336531950628578436e-02 2.008336531950592985e+01 3.186228295691857682e+01 3.042533349359345607e+01 1.754927615245281203e+01 3.665829200954235034e+01 2.929058311695697725e+01 1.096699257983969389e+01 1.055911254105620145e+01 2.337924295781702355e+01 1.783812429439283420e+01 2.474847012396726953e+01 4.940186556532365714e+00 2.508692151773908563e+01 5.882394375511192486e+00 1.142816194659254059e+01 2.969554267736412356e+01 4.468186376204796773e+01 5.234389208248465764e+01 6.299045916978448645e+01 5.744661622015336633e+01 4.624062822990326538e+01 3.241624176294442350e+01 1.192045778232732367e+01 2.804411394979413785e+01 2.805120389942217685e+01 2.496505770308738903e+01 3.719402318169569099e+01 5.615186460112684586e+01 5.565881512815561649e+01 6.986654109643107802e+01 7.156237113592933952e+01 7.983455719264254924e+01 8.071525732772690276e+01 7.926702928021597927e+01 8.737279621962436238e+01 8.631494474691238850e+01
4.524162703296725763e-01 1.069123632302687366e+00 2.283928219020511108e+01 1.028923435696978750e+01 3.042520241212601917e+01 2.923429657630711986e+01 1.682967654288063386e+01 3.143379850134169651e+00 3.474654497909916540e+00 3.806256100803024012e+00 4.137939520734277288e+00 4.469805658903516665e+00 2.460423678775195100e+01 3.288206727523720474e+01 2.541995475552575812e+01 6.366161528559371341e+00 2.665686502905170130e+01 3.661925463513012602e+01 5.497028986106582238e+01 5.755590631932484058e+01 4.890328721942309187e+01 5.578301024041694944e+01 3.686035617588824209e+01 1.155730594792236765e+01 2.111181427221597673e+01 1.768489195166841910e+01 3.745414094906874425e+01 5.082415208605333845e+01 5.980134469099306216e+01 4.137602764576838865e+01 5.980134382254063752e+01 5.155014357579337059e+01 6.828749346425641420e+01 6.123469421209694019e+01 5.977694720299970754e+01 7.358492506116743925e+01 9.298484234905133405e+01
4.402443450947634007e-01 7.663602009107830515e-01 4.378594720997805112e+00 2.350120510422901177e+01 2.338127388371170667e+01 2.126659083829773067e+01 2.675232529809299376e+00 2.170538163989188618e+01 2.414115650858190065e+01 2.384481802612212320e+01 2.432259676280736471e+01 6.645459904824932984e+00 2.680289743295061200e+01 3.700339075159366331e+01 2.644268609196832642e+01 6.712336433212430009e+00 1.697433328892521942e+01 3.692476220275264609e+01 4.740776225736601646e+01 4.533009690889548438e+01 2.722624608081329711e+01 4.253647446758775885e+01 3.885751196693402676e+01 3.067352444490830621e+01 1.104905144035773112e+01 3.120728857930424738e+01 4.409506771817278548e+01 5.443283183950775594e+01 5.146448229137633490e+01 3.130732529344400916e+01 4.733910826831854024e+01 3.991816760596495328e+01 5.809401625859390350e+01 4.715926933408296406e+01 6.123469421209748020e+01 8.071525733936140057e+01 8.761713731936889360e+01
4.237187090225543740e-01 2.022710042995549173e+01 1.228796209230231806e+00 1.555933905516404980e+00 1.883300011756935621e+00 2.210800726428593599e+00 2.225208512515386516e+01 6.621863437947841824e+00 2.653158408103912080e+01 3.699732206684021207e+01 3.422173879188720491e+01 2.121230827706718358e+01 3.507715536486386299e+01 2.936262027222050364e+01 7.554515459625315010e+00 7.062317865556861918e+00 2.738545468730016808e+01 3.429684127380301106e+01 2.467126427253292675e+01 2.993984649369712159e+01 1.702707884258149562e+01 2.977145573866664563e+01 3.015771450157907907e+01 1.054325009958760972e+01 1.105813114668307229e+01 3.129263467983463798e+01 2.805840611153518083e+01 4.265966810517311814e+01 4.046387168174317850e+01 2.420796202737682634e+01 2.720789372147184437e+01 3.255989294036094606e+01 3.813056344232397521e+01 5.809401996303226667e+01 6.710404415172568804e+01 7.369403527101417239e+01 6.793723827770452317e+01
9.142864485297492738e-01 2.090877674602317171e+01 7.161151241567388581e+00 6.717903069142979078e+00 1.694030551237185378e+01 3.923225514576119899e+00 2.613886907229723633e+01 2.653338947249324775e+01 1.071388109589167748e+01 3.057520827641053529e+01 4.241190429824048636e+01 4.187034767493170762e+01 4.093229542660537135e+01 2.086634185626563465e+01 2.934536290930484270e+01 2.674440155826103194e+01 7.563598597057377582e+00 2.669197980961519434e+01 8.579914516763958332e+00 8.944598018593408639e+00 9.310115492501548573e+00 9.673624101395606800e+00 1.003577968666719933e+01 3.015079156217241163e+01 3.116380102250009543e+01 1.294780451909561414e+01 1.439207156419146827e+01 3.466376327667614277e+01 2.030220401104517691e+01 4.046387168175027682e+01 4.733910826831854024e+01 3.311487152437164383e+01 3.749484937772441384e+01 4.212189649087760301e+01 4.718622637516955365e+01 5.392811310547332226e+01 6.793655384456819490e+01
9.064013007315497861e-01 2.090253182841197699e+01 2.349009706730621616e+01 2.236286685559723253e+01 1.604135068161390976e+01 9.816492984622314566e+00 3.083271800147690200e+01 3.843621132052011546e+01 3.057698855242454528e+01 1.499760462512185022e+01 2.904243177916845653e+01 4.849555668307785794e+01 4.934469226432022282e+01 3.246359487411327649e+01 4.175898857067602421e+01 2.037820807337497442e+01 8.422175221919962596e+00 8.067939498049529590e+00 2.122335213362176276e+01 2.641627286192989388e+01 2.867722022668794324e+01 2.979640010892581259e+01 1.098231260760091565e+01 3.135231319960212915e+01 2.733868069579256144e+01 3.325236163501364928e+01 3.466380295822425950e+01 1.645493892334598485e+01 3.668709747222887785e+01 4.491977513334249750e+01 5.326159845247330793e+01 5.386097170668308820e+01 5.753481806226697159e+01 5.633117037488244705e+01 6.133278525800050573e+01 6.348697787374409529e+01 8.190530959911055220e+01
3.063610709598194592e-01 2.030636107095946485e+01 3.831137659791976091e+01 3.863805815038438141e+01 2.638598892450477962e+01 2.501039486878371321e+01 2.160969906984526290e+01 4.166793060426823558e+01 3.781088953094281635e+01 1.814787823323477056e+01 3.781098471660897786e+01 5.104591931589155962e+01 6.115401439239987980e+01 5.268346326434038929e+01 5.066209574253175418e+01 3.718988594503208134e+01 1.611083545953502849e+01 2.841907518973491520e+01 1.195044956061149222e+01 2.572191061469076701e+01 3.217981512114926801e+01 1.458414510022685917e+01 3.123603279502424002e+01 4.000904575581518685e+01 4.740884551402227487e+01 4.740884551514025702e+01 4.503132196346975746e+01 3.668714697439524031e+01 1.892902834674363532e+01 2.478545109460185358e+01 4.491978089358752868e+01 6.262273552161870072e+01 7.094303869410417462e+01 7.610927678755584225e+01 8.103709564491853712e+01 8.319814345457191962e+01 9.144594371999288285e+01
2.739570439748240105e-02 1.002739570437337591e+01 2.416953113814364329e+01 4.416945259737865825e+01 4.335290452194336552e+01 4.445628074088761394e+01 3.195663625599652491e+01 4.961392670725284404e+01 4.397913415673956905e+01 2.447197089955620442e+01 2.349875154050844728e+01 4.303130588040084348e+01 5.663897996515655109e+01 6.777930628005640301e+01 5.224078138367782742e+01 3.102594312348938388e+01 3.723967157286372753e+01 4.190727646118373428e+01 3.233126057875983150e+01 1.585434832739309741e+01 3.487172821752545815e+01 3.468435680652417830e+01 1.848195205516526229e+01 3.841843618795123660e+01 5.739066316029250459e+01 6.719328662597563095e+01 5.515109842158021536e+01 3.500068786481146077e+01 2.075800301222005828e+01 4.090260647274533312e+01 3.483826379753038793e+01 4.245399049963113214e+01 5.673342316392127316e+01 7.684079328862374325e+01 8.304098102939732939e+01 9.137122218554499398e+01 9.532944532382742864e+01
1.758338105654860817e-01 2.017583381056513048e+01 3.031707213193205774e+01 3.859194751953705094e+01 5.012481320110212124e+01 5.927576517779607457e+01 5.138444954846735158e+01 5.929369170095376518e+01 5.081805049091569515e+01 3.147727419062925236e+01 4.303123199820377209e+01 2.924154416402114265e+01 4.049515973072290365e+01 5.973731469295595531e+01 6.093529334805718634e+01 5.224243696109301283e+01 5.162713715783356605e+01 3.903671201896824527e+01 1.983290714365904250e+01 2.678509641201826952e+01 4.340490468764676280e+01 4.109941017569232713e+01 2.121677494407055775e+01 2.935056975477250418e+01 4.084206717099792172e+01 6.062876830823058327e+01 5.697640583516987078e+01 3.682111435215868056e+01 2.260338725350328914e+01 4.272445376900885350e+01 5.377026195151711363e+01 6.262273552161870072e+01 7.094303869410417462e+01 7.034240638237805854e+01 6.296277156827252242e+01 7.716336190414672558e+01 9.723080883604058045e+01
4.683972685643240652e-01 5.319109769288229650e+00 1.031910976917696310e+01 2.186608152942310213e+01 4.186124761592157739e+01 4.144599531046652885e+01 5.298497406106942975e+01 7.288732111547147952e+01 5.883312815084018155e+01 4.018919631783748514e+01 5.313463586112818859e+01 3.377477739426364423e+01 4.494990936096427703e+01 6.421671712605412097e+01 6.826599269279488169e+01 4.776066921495828410e+01 4.317065571094483545e+01 2.377742699884894861e+01 3.903671201896816001e+01 4.640241164053573897e+01 5.487087632195018472e+01 4.399645185433234218e+01 2.413533474280810154e+01 4.399645185433240613e+01 5.739066342257320485e+01 6.880750602823191286e+01 6.282561970835345022e+01 4.271788738022008403e+01 3.237083173257698121e+01 2.529979854526746408e+01 3.952164410279083739e+01 5.989617123832541523e+01 7.034240536593522108e+01 5.015329636557290627e+01 7.034240536593522108e+01 8.617502286836555925e+01 8.722149000200880664e+01
2.051881798473268459e-01 2.020518817984697080e+01 3.031707213193205774e+01 1.974719393164195935e+01 2.730645949381160165e+01 4.144613453097714739e+01 6.140825298093080420e+01 8.102167227920556059e+01 6.745558979484252404e+01 5.126316165820597348e+01 5.829127842627144673e+01 3.899696650150782062e+01 5.829127842627144673e+01 7.227031065280041844e+01 6.220296260869566396e+01 4.177976630132704372e+01 2.802093440408852487e+01 4.317002722604692622e+01 3.945439731460466959e+01 5.971010278636059354e+01 6.098829941357800521e+01 4.119285517620162551e+01 2.712850448276916637e+01 4.699080655672899809e+01 5.297978685265924526e+01 7.271870336864564877e+01 6.637928144288872545e+01 4.737368908980550941e+01 4.735690421497751146e+01 2.722981193262797461e+01 4.736116389365481183e+01 5.282676156329818440e+01 5.535098097778921300e+01 4.337568269944118526e+01 5.771679538357850703e+01 7.303334966075047419e+01 6.715642950654851973e+01
8.187695587851057111e-01 1.496090518249234336e+01 3.496090494808038329e+01 3.973930929551804780e+01 4.270551003512488819e+01 4.940932251705370959e+01 5.782576489450806179e+01 6.696190621261646925e+01 7.862671274845877178e+01 7.055527037169002824e+01 6.472778101241799220e+01 4.541827325397822790e+01 5.829127842627145384e+01 7.773011462710520902e+01 6.827549260255085528e+01 4.776158060608884881e+01 4.776110424483427153e+01 3.293181979340464949e+01 5.304176700995808602e+01 6.824987029573230757e+01 6.564521959224822467e+01 4.588758056555602849e+01 3.180340439749278048e+01 3.311658633466142021e+01 4.719658810264741078e+01 6.694166370883725392e+01 7.445998426426685057e+01 6.588610420625121833e+01 5.127490784747459429e+01 3.147788195475006390e+01 3.030884456077665945e+01 3.270735250585912013e+01 3.514210606570240003e+01 3.791281078668477988e+01 5.815856144327341326e+01 5.286692972415231395e+01 7.303333690915417264e+01
2.311624522989861319e-01 2.023116245229862997e+01 2.942717524197296086e+01 3.414945020871721937e+01 2.266114881026820882e+01 2.932843218647824912e+01 3.827788722596597637e+01 5.250853502929579975e+01 7.317683090535571466e+01 7.710699149019126253e+01 7.281128125491447634e+01 5.901983674294350379e+01 5.901983674294350379e+01 7.850797748105317453e+01 7.472965464767150934e+01 5.397382163475746353e+01 3.961180057717724878e+01 3.982314494854969666e+01 5.304176690493075341e+01 7.368762572187073090e+01 5.916352897647622910e+01 3.934931241635231203e+01 5.167445905623817737e+01 3.795677232949431357e+01 5.779006749142749300e+01 7.369901847939649997e+01 7.014858106938032734e+01 4.943842724324695581e+01 3.776814315329750116e+01 5.127491115693895551e+01 5.045348616156620380e+01 3.816849703665441496e+01 5.535098097778921300e+01 5.815856144327341326e+01 4.198290302449996148e+01 6.225392666562562027e+01 7.190049908002926315e+01
9.845726073866658545e-01 5.154860888918890716e+00 9.418875226394433753e+00 1.413292068880432062e+01 2.568111004088724769e+01 4.571741379817547113e+01 5.782576489446723400e+01 6.696190621244362262e+01 7.142115802659955648e+01 5.741232009382143531e+01 7.142115802660524082e+01 7.850797748105317453e+01 7.850797748105317453e+01 8.660272576688541335e+01 7.700375743101768933e+01 5.624347985230834013e+01 4.563132367769048159e+01 6.027127122715373986e+01 5.150457550597868561e+01 7.224680028952728605e+01 6.486069600821019776e+01 4.512513049187101899e+01 6.486069600821006986e+01 5.202035829175112980e+01 4.580081508980430272e+01 6.552751629619314144e+01 7.857631909254942570e+01 6.396303898519391851e+01 4.317130262299577481e+01 6.396303898519391851e+01 6.421994159515088541e+01 4.399600234135132126e+01 6.421994159515088541e+01 6.898811340617241683e+01 4.877674960265619575e+01 4.715527137807682578e+01 5.173135217365213379e+01
3.295302290958179725e-02 2.003295302290922564e+01 2.355689351501350259e+01 3.410886691699482043e+01 4.243266022523209813e+01 5.405312644854757309e+01 6.424009702683598277e+01 5.598304117389707812e+01 5.259809234661925359e+01 4.331635373401370970e+01 5.742152992846231996e+01 7.724950683848727806e+01 8.212518421671390456e+01 8.511840700800112813e+01 8.553580950943967309e+01 7.285621887228940352e+01 5.205528144824888415e+01 7.285621887228940352e+01 6.343619913513794017e+01 8.080329286429967794e+01 7.140970717584222882e+01 5.176267367294618538e+01 7.140970717584222882e+01 7.171937750195033345e+01 5.390552178973361208e+01 5.976790680922940169e+01 7.943244361288202526e+01 7.055761977721000733e+01 4.972691404317750141e+01 7.055761977721000733e+01 7.094545933530429238e+01 5.076890611484427041e+01 7.094545933530429238e+01 7.658529772452376960e+01 5.648480672247463730e+01 6.151147059012394180e+01 5.734234543878769585e+01
