MOVIE_S3_data/elevation_000073.asc
nrows	100
cellsize	150.0
xllcorner	0
ncols	100
yllcorner	0
NODATA_value	-9999
[rows 68 to 84 of 100, columns 37 to 73 of 100]
7.930314435787671812e+01 6.140249070351244853e+01 5.322588590976260292e+01 4.941713626409435989e+01 6.838274975133667510e+01 6.160590763172304918e+01 7.239824695854620984e+01 8.507639726622487331e+01 1.062132343669254624e+02 1.090493026117214441e+02 1.045311255985970575e+02 8.380188838909002413e+01 1.045311255985975691e+02 1.107263888101090998e+02 9.000521171463158510e+01 7.546006014917163895e+01 9.607472421258263751e+01 9.377350048281215322e+01 9.373704715395457754e+01 9.140791395496302130e+01 7.687320921195349399e+01 9.710793465861809182e+01 8.870879450931734311e+01 6.959075097219104578e+01 7.045072869534801896e+01 7.128567756824281787e+01 7.208707527854907937e+01 8.627363557926028648e+01 9.331059658293450809e+01 9.457953590371427310e+01 8.246523452887718975e+01 7.641897228270590858e+01 7.716509566262081421e+01 7.790777158833438421e+01 9.708149820617245496e+01 1.005669376367401071e+02 1.016650911181107517e+02
7.930314435995744304e+01 8.489190699109676075e+01 7.791530813217116247e+01 7.294900088535298721e+01 5.002710298843036441e+01 7.354872852698839836e+01 9.251494182262355537e+01 9.539639526516914714e+01 1.040785195080208041e+02 9.429537905640771100e+01 9.719949745526130869e+01 7.640792783063855609e+01 9.719949745525990181e+01 1.083357023753029011e+02 9.092061217319445632e+01 6.975501578400151459e+01 8.390351952860150675e+01 8.465613102737948736e+01 7.406847881201544226e+01 7.501094734762513383e+01 7.191062160395809144e+01 8.819150969201716350e+01 6.832229033302623122e+01 8.921191452603520133e+01 7.431861079341138066e+01 9.080733283409301748e+01 9.238389933146584099e+01 7.317449814949328868e+01 7.392120703637279178e+01 7.465109032585104387e+01 7.537106709538819871e+01 9.551509247772420963e+01 9.748026827260946447e+01 9.827312992223247079e+01 7.965839187941141120e+01 1.001192222613644986e+02 1.106385165219723206e+02
9.999285363227116363e+01 9.338318462350176219e+01 8.392144451892582424e+01 7.229470940120098987e+01 5.046345883128996235e+01 7.356935158827521093e+01 8.912553531968632115e+01 7.308311660436218915e+01 8.778943662900768174e+01 8.197248203418527623e+01 9.093060334185813076e+01 6.951270872536576917e+01 9.093060291709093690e+01 9.973141007934449931e+01 7.884301710583022782e+01 7.930542908106981770e+01 6.083039520902536879e+01 6.189859578692978914e+01 6.297371040801338182e+01 6.404461884527459858e+01 8.613382986857629930e+01 6.696620272821361652e+01 8.819048825204235698e+01 9.777757536717163589e+01 9.479482557836176682e+01 7.958767677477578673e+01 9.988614325127107918e+01 9.268183194432408811e+01 9.453344005789304560e+01 9.490111747598994896e+01 7.755962718416533619e+01 8.875964500897744358e+01 1.084896264931879699e+02 1.087252000121779361e+02 9.427911142915748144e+01 8.143534669329190478e+01 1.020096427721550469e+02
1.035061637701852675e+02 8.462293209389994786e+01 6.113551931831420205e+01 5.233429081913683945e+01 5.090532020612299391e+01 7.471258408192456102e+01 7.435833533545816465e+01 5.464482257164086576e+01 6.542225648121288373e+01 8.810366575961356261e+01 8.352920902016278148e+01 6.246515048049315055e+01 8.021007047285694114e+01 8.098444672756009766e+01 8.175466965182485524e+01 5.936059605643080062e+01 8.283565106800016054e+01 8.465618106638416407e+01 8.539912137872066467e+01 8.137071538831270345e+01 6.552875449525920715e+01 8.715993271174396284e+01 7.948999976272912704e+01 1.000838311827195213e+02 1.038457264886278608e+02 8.341681551190436039e+01 1.001564959334434519e+02 1.172372555572743522e+02 1.128842628649840520e+02 9.168683008857114203e+01 7.975946866936449453e+01 1.005784056975170984e+02 1.169778360921834803e+02 1.248667396527192892e+02 1.106385697740310974e+02 1.020096427721551322e+02 8.324493714528715316e+01
8.591584873728331218e+01 7.313723301095062368e+01 8.449417642749916979e+01 7.816611195358923680e+01 6.823671894606083299e+01 5.154472783682444259e+01 5.200464273781929592e+01 5.247297951768450730e+01 7.651366515331680773e+01 7.779990685350624346e+01 5.443972618377728878e+01 5.519426266082274424e+01 5.609363354389475376e+01 5.701284245846242982e+01 5.795290787743596184e+01 8.175469527613761045e+01 7.897304279817353745e+01 1.000222899688336753e+02 9.252766801839416644e+01 7.193661953239852380e+01 8.716399234676168817e+01 9.574090066559287493e+01 9.400271848671660280e+01 1.000838634473568192e+02 1.081439642427746151e+02 8.753393605986799741e+01 9.941635943176939350e+01 1.200645441836341689e+02 1.217251403114869959e+02 1.037960999010928731e+02 8.257392514921366455e+01 9.758980326544227069e+01 1.187794254109912231e+02 1.326293850987584335e+02 1.128703277101736688e+02 9.190499787285969546e+01 1.039306806912871366e+02
1.035061637701044077e+02 8.868503339951945463e+01 1.035061637701856654e+02 8.592281478184605703e+01 6.344523731829082891e+01 7.545722728655317724e+01 7.588609612195358523e+01 7.156595167186901563e+01 5.315886029565554338e+01 5.365806520663799972e+01 5.429132724603635296e+01 7.835036005600051112e+01 7.870480082178040959e+01 8.029663531121151721e+01 7.112729738500124199e+01 7.152505555453487318e+01 9.264853915747623603e+01 1.086272799730536462e+02 1.011048586056673884e+02 8.224385649433098422e+01 7.823648635173340438e+01 9.869676920048064517e+01 1.147639756488162135e+02 1.208583109974895820e+02 1.130301217462586294e+02 9.229991111830379680e+01 1.130301217462586294e+02 1.285707757998909528e+02 1.192944656332395823e+02 9.810650792039416501e+01 8.589878147193954305e+01 1.008531039711226072e+02 1.220502098589904563e+02 1.240479884771972934e+02 1.031364999893038146e+02 1.067615293166614947e+02 1.145631504735269459e+02
1.041950117983174948e+02 1.097879866245737190e+02 1.009023062972559046e+02 7.972462371596238029e+01 7.972462371596238029e+01 9.454896081329337676e+01 8.598613407676442932e+01 6.353506074866308495e+01 7.726645753624912061e+01 7.778374548582290515e+01 7.835028787183738075e+01 5.527872155855138914e+01 7.940233515137107645e+01 8.905598543211364415e+01 9.333408936708319459e+01 9.263518764594708443e+01 8.654584771774494811e+01 1.073817424993040675e+02 1.028113278958427088e+02 1.028113278958426946e+02 8.340510321321711729e+01 9.106808487656391549e+01 1.057238645718468320e+02 1.265493627328980466e+02 1.183844537569490853e+02 9.765377870207201738e+01 1.123877584309014139e+02 1.328584687553007768e+02 1.281126944361161293e+02 1.105771476947248004e+02 8.948381679127487587e+01 1.016058324109700379e+02 1.228321922776933945e+02 1.326293850987584335e+02 1.152975179692108725e+02 1.276182716352816158e+02 1.293327311190815010e+02
9.543238563128541330e+01 1.069416256794521729e+02 1.095374157318253907e+02 1.009023062972559046e+02 1.009023062972557625e+02 9.597918741335193715e+01 7.482470475492759476e+01 8.600686865317521779e+01 9.465936031033692188e+01 9.035131501226578621e+01 6.845004805101704903e+01 7.940252217521427269e+01 5.641564725392341018e+01 8.045653071809994117e+01 8.983683255998477080e+01 1.033323549778643269e+02 1.073817425007055562e+02 1.160509772613786765e+02 1.236006822732953054e+02 1.095801351618324446e+02 8.877275673386463950e+01 1.095801351618324446e+02 1.118235117616308116e+02 1.326288937871880762e+02 1.256567689114196611e+02 1.050875554688122122e+02 1.146280155737770770e+02 1.350986869223719964e+02 1.332219846412992865e+02 1.143789101466194609e+02 9.321159265101501035e+01 1.143789101466194609e+02 1.316538922481813074e+02 1.445866046760898485e+02 1.360013534861732012e+02 1.426690638267621409e+02 1.307215704974134383e+02
7.874986023423883807e+01 9.860819349089425145e+01 1.030285692763288239e+02 1.114015482264048700e+02 1.129689240873108247e+02 9.216083122958616514e+01 8.988392787857057442e+01 9.597918741335195136e+01 1.035855519430123053e+02 8.266942349918430466e+01 9.035703078284277012e+01 8.920740403849376321e+01 8.045662084586646756e+01 5.765797402067101984e+01 7.501912938417727617e+01 8.875605656955981715e+01 9.540263487140840937e+01 1.032835164222620676e+02 1.120002655799693514e+02 1.182025983956735473e+02 1.095801351618324446e+02 9.852406235577993243e+01 1.106447677832973397e+02 1.314545228325456208e+02 1.341558286492635830e+02 1.154729892622244165e+02 1.341558286492635830e+02 1.436372491934585298e+02 1.244017752664200742e+02 1.031400675870327746e+02 9.841194034927352163e+01 1.104730752788808417e+02 1.254790604172227404e+02 1.466973548674243375e+02 1.499522375509202732e+02 1.341021637185138218e+02 1.134038014645522736e+02
9.543238563128541330e+01 9.570099826917105190e+01 8.306741627883901913e+01 9.983418729703338101e+01 1.112535175994372025e+02 1.129689240873108247e+02 1.106944456484050221e+02 1.167834788770864378e+02 1.122028027951710101e+02 9.749351042183917571e+01 1.059051453531679670e+02 8.510447229852816520e+01 7.247525942531751753e+01 8.150449468685550869e+01 5.898436110237345531e+01 6.712709594591829898e+01 7.458431767355320119e+01 8.253951173703789834e+01 9.719731731191710367e+01 1.180451825462497908e+02 1.280418664156203761e+02 1.106447677832973397e+02 1.280418664156203761e+02 1.400440890728975489e+02 1.443738128030659027e+02 1.358405485606149341e+02 1.443738128030659027e+02 1.378219634600881136e+02 1.166027828000421209e+02 1.244017752664200742e+02 1.071327638437456784e+02 1.084781140700262654e+02 1.234790028104242907e+02 1.446567570107175413e+02 1.413666704000008565e+02 1.208195426541829676e+02 1.087096880014262013e+02
8.937817448427415457e+01 7.585100242375399660e+01 7.173993658477347424e+01 8.297413407494116200e+01 1.022725945802698249e+02 1.205105291525836861e+02 1.118933537283319737e+02 1.164161496356055778e+02 1.246474466888175527e+02 1.182930412059684357e+02 1.145013631807349270e+02 1.025001327409353848e+02 9.388626380470618926e+01 8.346007120941645496e+01 5.996074158210564065e+01 8.241653545223276467e+01 9.489528046178503473e+01 1.032835164222620676e+02 1.120002655799693514e+02 1.141243662648612798e+02 1.231577059064254911e+02 1.314545228325456208e+02 1.400440890728975489e+02 1.476148388359807484e+02 1.390055960278912437e+02 1.400969794919186029e+02 1.487088312535993850e+02 1.466672013638239491e+02 1.315852354895561120e+02 1.371528154107710975e+02 1.177774927643401099e+02 1.234790028104242907e+02 1.234790028104242907e+02 1.446567570107175413e+02 1.462921873627549871e+02 1.257306723606955501e+02 1.157783665727308318e+02
7.365066576160775469e+01 6.197710028942518790e+01 8.166493160035182086e+01 9.516578782682894655e+01 1.051552328830918981e+02 1.106265727192692196e+02 9.284790593413445947e+01 9.712491338454400136e+01 1.129355401515640551e+02 1.236297261004624630e+02 1.216534925153758877e+02 9.901643381110324071e+01 8.395806017185871895e+01 7.275610684012006857e+01 6.096329016294679093e+01 8.399417019740405976e+01 9.260885693189833034e+01 9.420145964503397806e+01 1.003031075759702020e+02 9.227103747121716992e+01 1.076458270824511629e+02 1.297649434234014336e+02 1.361765014783105130e+02 1.356500935601740707e+02 1.183073180078791040e+02 1.194011098958889079e+02 1.281482136095374074e+02 1.488692462334489051e+02 1.528787567113781449e+02 1.477495312351002781e+02 1.326949833632968705e+02 1.446567570107175413e+02 1.446567570107175413e+02 1.535032020718997785e+02 1.548994885300297426e+02 1.363664877109536064e+02 1.261263948798513894e+02
5.396785994122815566e+01 6.018289248767310795e+01 6.711666502895192821e+01 7.693244534637473464e+01 9.679177500297178938e+01 1.030455793056680704e+02 8.379332929062913138e+01 8.513772285873707801e+01 9.577467450040288099e+01 1.127243516211765808e+02 1.240863224816150705e+02 1.075869125242095805e+02 8.748790746655853923e+01 7.319747403005423791e+01 8.380769185880542693e+01 6.241319238650169865e+01 7.904103996415888389e+01 7.307073894420069848e+01 7.916914814131834532e+01 9.107923544216625089e+01 1.129031512320058113e+02 1.301051455417924103e+02 1.154028034763038448e+02 1.248478584613381059e+02 1.062310323615341048e+02 1.073367495655561186e+02 1.220856866820919606e+02 1.427844483400287743e+02 1.440190611470946180e+02 1.526382596138712984e+02 1.539363015796762681e+02 1.592842774378482318e+02 1.592842774378482318e+02 1.679466810054207428e+02 1.656040159785125638e+02 1.552139735318527016e+02 1.466065805420556387e+02
7.365066576160775469e+01 7.987964909919938350e+01 8.686066516862470621e+01 9.516578782682894655e+01 1.051513286899485706e+02 9.485502284343698420e+01 7.523920479905676473e+01 7.611995022884210016e+01 8.492438481806951245e+01 9.625529140126073457e+01 1.158872732556720990e+02 1.075283664053560386e+02 8.751303223321635016e+01 8.984596223646973101e+01 9.235831648021155615e+01 8.371522785465160155e+01 6.385755498457708512e+01 8.629461114237788877e+01 1.002873747806312394e+02 1.093447677556220583e+02 1.219461212085652733e+02 1.196716704423833022e+02 1.005948215652156250e+02 1.039947540273274313e+02 9.681948663178498293e+01 1.177424096010865640e+02 1.349947622660937157e+02 1.293983079919184433e+02 1.233421937429351374e+02 1.440190611470946180e+02 1.532640472987728799e+02 1.385814135920732042e+02 1.385814135920732042e+02 1.592842774378482318e+02 1.626661594426460340e+02 1.541269035025376581e+02 1.626661594421956920e+02
8.937817448438305235e+01 8.562239085285844453e+01 8.562239092426293041e+01 9.383593613608839235e+01 1.045882973868340997e+02 8.798923605735586762e+01 6.840409070195336483e+01 8.798923605735586762e+01 9.886635573852188941e+01 1.077029597194054276e+02 1.191604670558384385e+02 1.158610749446426667e+02 1.075277746746537133e+02 1.066788014576376185e+02 8.388543632566192798e+01 6.528014665384881710e+01 8.586158361521621885e+01 7.844496066712272864e+01 9.339636924954126584e+01 1.149580782518103064e+02 1.232586100108916014e+02 1.110378464952147226e+02 9.017694492560146102e+01 8.925142545641682545e+01 1.087119152520735810e+02 1.055357274322280006e+02 1.182819014005057738e+02 1.086014169223496424e+02 1.293983079919184433e+02 1.444569810741620017e+02 1.358651830811444370e+02 1.240543131279062692e+02 1.385814135920732042e+02 1.592842774378482318e+02 1.524109194020417704e+02 1.336599603416857462e+02 1.524109194020417704e+02
7.323807659773328282e+01 6.592478430711979343e+01 6.592478430724378313e+01 8.562239092426293041e+01 8.620565793078299066e+01 8.380592466438100985e+01 6.441115522573485919e+01 7.101926757097899667e+01 7.975916435890221123e+01 9.109542035738297727e+01 1.108871268316765679e+02 1.238918250484416035e+02 1.030336794902322168e+02 1.014673752412830652e+02 8.767646058740733395e+01 6.625986349492733041e+01 8.767037085445058153e+01 9.967171000787747914e+01 1.085617876211700974e+02 1.201995689656858417e+02 1.085601662490427088e+02 9.386234439066389257e+01 8.254848669837218722e+01 8.516000378755244071e+01 8.785148681702956708e+01 9.068881781664714481e+01 9.729920754673894123e+01 1.182819021215777013e+02 1.241787654480370122e+02 1.283335747899547812e+02 1.152390243042569438e+02 1.358651830811444370e+02 1.532640472987728799e+02 1.557393729651188607e+02 1.438934319221118301e+02 1.234814424361536993e+02 1.366767038305970630e+02
5.345868044177353084e+01 5.192467407833167670e+01 7.169399138496707735e+01 7.026919977113142579e+01 7.285864269154897954e+01 6.715179446697183607e+01 6.055579684717158528e+01 8.035454960985283890e+01 9.137271167147738993e+01 9.799115348005499015e+01 1.064255947877486079e+02 1.165303487467131163e+02 1.030337051764355607e+02 8.281187328477726339e+01 7.353266709378462451e+01 6.720664839450326156e+01 8.835936590618815956e+01 8.931543824115820485e+01 1.099111938736995882e+02 1.055348127211662472e+02 9.087043419991785242e+01 7.951363133871483058e+01 8.956189186355206289e+01 1.058990953498588823e+02 1.025956020324932041e+02 1.116465909989014023e+02 9.552266338222216291e+01 9.931959460215836089e+01 1.032850725238843239e+02 1.075595280825828439e+02 1.169350468736686395e+02 1.315073529497687446e+02 1.521559178425263781e+02 1.472163306963362572e+02 1.267520660313642082e+02 1.162152008862747294e+02 1.350346739355431964e+02
