MOVIE_S3_data/elevation_000066.asc
nrows	100
cellsize	150.0
xllcorner	0
ncols	100
yllcorner	0
NODATA_value	-9999
[rows 17 to 33 of 100, columns 37 to 73 of 100]
5.218126782041947820e+01 7.300377436692714639e+01 7.625739521312355862e+01 5.424008390319526285e+01 4.235576512114376158e+01 4.801067624984747084e+01 3.423563383730766674e+01 4.357519218393637317e+01 2.470053231075610256e+01 2.880756454139862299e+01 4.923077142221863056e+01 6.157122563731172704e+01 6.868034630408867258e+01 6.462070963721789951e+01 8.027280616979869876e+01 1.023656763653938100e+02 1.005290695467156894e+02 7.876209242577175473e+01 6.365687670727191261e+01 7.273565315529044994e+01 5.630877525571900577e+01 6.797219876257376825e+01 8.949401915542944153e+01 9.246911685670123404e+01 7.286076229893880907e+01 6.188063348656981333e+01 8.189845346274024962e+01 8.572950739027243117e+01 7.363437490501125637e+01 6.076316222228580699e+01 4.023798796780714326e+01 5.690770311845886908e+01 3.807258329567987687e+01 5.832299017671279273e+01 6.006009508565707478e+01 8.150032725143606172e+01 8.433933185635532936e+01
6.968846813429905751e+01 6.873590632654133969e+01 7.482209506148154787e+01 7.257106976587300551e+01 5.355664481942957167e+01 3.335736856375617521e+01 2.825626317443136770e+01 2.329030534890398840e+01 4.357531909730150232e+01 4.710683247582744571e+01 3.502925827018189153e+01 4.087512143956641353e+01 4.735503025257597187e+01 5.933708893585379229e+01 8.144347323251007253e+01 9.111720627514793591e+01 8.245176248471577196e+01 8.185034290310916560e+01 7.273565315528578878e+01 5.207535271365338758e+01 5.132820205248384582e+01 6.286039182829554761e+01 8.429926638679376083e+01 8.349590366100416361e+01 6.178382846928077043e+01 5.158268090847125364e+01 7.286076229893880907e+01 7.228759471108040202e+01 6.246567614892149578e+01 5.551144738075448970e+01 4.993097730055878003e+01 3.633151220018239513e+01 3.699170716270055692e+01 5.647381904833370214e+01 6.702668425289819254e+01 7.939933783433410497e+01 6.411596300127979475e+01
5.654313177213956720e+01 4.887472624743027438e+01 5.469169214020752889e+01 7.095232068659507263e+01 6.230019849893447059e+01 5.005616941090779903e+01 4.156441292872115412e+01 2.228009571361561925e+01 3.428724150082401678e+01 5.552266248249219416e+01 5.533147228262328099e+01 4.527602806524297563e+01 6.612421356118539961e+01 7.777587702477758569e+01 9.049682395648046906e+01 8.245176248471577196e+01 6.174166738191403425e+01 6.097837030173695183e+01 6.102655322502970137e+01 4.564693950956390012e+01 6.499234264234557656e+01 8.079815774088335445e+01 9.317338564566676951e+01 8.109041617271427072e+01 5.942134428955887415e+01 4.495032795987857099e+01 5.816672946073144601e+01 6.205221681842405701e+01 4.558832404479694134e+01 3.500593277454688490e+01 3.554768246266429088e+01 5.608821685637223453e+01 5.758260053728260175e+01 3.795662826839611625e+01 5.853800035162355897e+01 6.415583919637535359e+01 5.051444487850051956e+01
3.526896550105868045e+01 3.568122814883037108e+01 5.423302955389969782e+01 4.712125944891829477e+01 4.789176185410669007e+01 4.241386505018782316e+01 2.729035358021091895e+01 2.123588409412187161e+01 4.771463045125558011e+01 6.624602108304898707e+01 7.467253415573031816e+01 6.612421423225269734e+01 6.089616170756319491e+01 8.200543007805653417e+01 9.463518066792335048e+01 7.354785373555284878e+01 5.908838598223682226e+01 4.770854487202620220e+01 4.099002666159706365e+01 6.102655322502970137e+01 7.465324719822869781e+01 9.263035942972108217e+01 9.115618484998522320e+01 7.756976450969072800e+01 6.886751477279943856e+01 5.812967094058128481e+01 3.763703427390376532e+01 5.389014252389413429e+01 3.424466062663672261e+01 5.469887526406061085e+01 4.697191836971369128e+01 6.317093311708154602e+01 5.578825402642277709e+01 4.103601169549758509e+01 3.896773291389312277e+01 3.968902138798510748e+01 4.044165859265467589e+01
2.517804021004245385e+01 4.118261885139698109e+01 4.288934173884663181e+01 1.809048211975513709e+01 1.848309522454966469e+01 3.907640908699675464e+01 1.996997208392286183e+01 4.010143682675123245e+01 5.471937516453525063e+01 6.698658638258807230e+01 6.513276182446793428e+01 7.387354319973503891e+01 8.200543007805653417e+01 8.886995009243416632e+01 7.835709738143853542e+01 6.948187154423384015e+01 7.074074186261876207e+01 5.796396291688124336e+01 3.783390355991510035e+01 5.796396291688124336e+01 7.486030100306848567e+01 7.438611059272497528e+01 8.126225055317780743e+01 5.485831253386657380e+01 4.855431923883726597e+01 4.833689131458256583e+01 3.294383082408714358e+01 3.348430120765608820e+01 5.389014480968977239e+01 5.469886051773864466e+01 6.520726470689653809e+01 7.043251651730683704e+01 4.428137410139562746e+01 4.571029795438406040e+01 4.580954688973976374e+01 4.214029177938905235e+01 6.117761236553282345e+01
3.280363610384507922e+01 3.662399479045018325e+01 1.755006786843791744e+01 1.861066051321486015e+01 2.187329486404646772e+01 1.910654257917587984e+01 1.960266391992211865e+01 3.297168830185347588e+01 3.888314120054933909e+01 5.106361393457078179e+01 4.474332960437771334e+01 6.380598111611524104e+01 7.556320322923079402e+01 6.171759608489774251e+01 6.658555744666725218e+01 4.749627161307522982e+01 5.032632406103120104e+01 5.124834145708070565e+01 3.501714805808352082e+01 5.514922963529230771e+01 5.485738093045219443e+01 7.486026936656136854e+01 7.762267893184422007e+01 5.882207852959290051e+01 3.741177522021074964e+01 3.217914447749856066e+01 5.252605911893546420e+01 4.656006832046939081e+01 4.417049866516459389e+01 6.491915085494208881e+01 8.488796918394430691e+01 6.600408085898995125e+01 4.631186172969976411e+01 6.207471657724051539e+01 6.137706430763486054e+01 5.843645702889822502e+01 4.549222288244391876e+01
1.654929227628171517e+01 1.696203664972911085e+01 2.159269313255429523e+01 3.514411559609430213e+01 3.849148162815932750e+01 3.630866434986056390e+01 3.965032877450289561e+01 2.026593305953330670e+01 4.032773726143116733e+01 3.068271954837901205e+01 4.492599262908819213e+01 6.587152722558293760e+01 6.580234909470041771e+01 4.078997073389771799e+01 4.772177014272202200e+01 3.437606893652090889e+01 4.230224254485825242e+01 3.112219163725862714e+01 5.124411333544100700e+01 4.252466886666418588e+01 6.116670829002457310e+01 5.781028030243457749e+01 5.662943671718505101e+01 4.696430725107745729e+01 5.118126807974516623e+01 3.163648187337891571e+01 5.196469107194415216e+01 6.491378790514285413e+01 6.488861803321685784e+01 5.861802014794527338e+01 8.013145231111417388e+01 6.926895977215509959e+01 4.862006080373696193e+01 6.926895977112741321e+01 7.826279321751319173e+01 5.754302744875612774e+01 6.512736854906606254e+01
1.967048375422581685e+01 2.234079914730758176e+01 2.804894018649356724e+01 2.933508847462249136e+01 4.256930483313367120e+01 5.602130945016472197e+01 4.902950887146815262e+01 4.032935786638051923e+01 2.089570069525449725e+01 4.077651386031243419e+01 5.033685209526232285e+01 5.826159294455669624e+01 5.803669972857910864e+01 4.621338960040294097e+01 2.778755474787867641e+01 2.486934270558936788e+01 2.741982823186699747e+01 4.730372741288024940e+01 5.337159173130498857e+01 3.463137712942083368e+01 4.844643264974121877e+01 2.883359461972928983e+01 3.507496294458536568e+01 3.033544696089782278e+01 3.086799672531538263e+01 3.294630817705551351e+01 5.311009553987840093e+01 5.720096294310704366e+01 7.856255082814604407e+01 8.013145231111417388e+01 8.910952581449664933e+01 7.277651794844700817e+01 5.144088347930496496e+01 7.277651794844700817e+01 8.746761509367327392e+01 7.212555075399852456e+01 7.762810365165917403e+01
2.289776573663722559e+01 4.340884271670599759e+01 4.621795219304163282e+01 4.323020806593742549e+01 4.459364971122354859e+01 6.025274007645509755e+01 4.711637674082261640e+01 2.661156607452647904e+01 4.082432415696678163e+01 2.151183656511456732e+01 4.169099973529295511e+01 3.682712830905798285e+01 3.728706910422672394e+01 4.200625151072687657e+01 2.417275804227381997e+01 4.452504019949527247e+01 2.558422970568611277e+01 3.978775477584402864e+01 4.326394115569837595e+01 2.755425429539472049e+01 2.808450486001116886e+01 3.472824549476150224e+01 2.958343569944981510e+01 3.545098444615516797e+01 5.063391547130261472e+01 5.311119343264076065e+01 3.654657881979519374e+01 5.720135927554304089e+01 7.054311071945839728e+01 8.575665688946511978e+01 9.239795050279494149e+01 6.993955412375125036e+01 5.470418701025405284e+01 7.651746612859781749e+01 9.159197267538752385e+01 9.394015301913175620e+01 8.775373209141663722e+01
2.750569130643718907e+01 3.158892712588182050e+01 5.278823219328734240e+01 6.598863703480542142e+01 6.181683550553558604e+01 5.378464117328104521e+01 3.295754166275331443e+01 4.711637674120956376e+01 4.880736868717161769e+01 3.278187280370758572e+01 2.212620989196499721e+01 2.256923754251807779e+01 2.302211167936940939e+01 2.348816411774332380e+01 4.386407253510226667e+01 5.289088199199824203e+01 4.710210117301095778e+01 2.629918589822908004e+01 2.680396044650765575e+01 4.728995420947020278e+01 4.850158980105329221e+01 5.025620219251504039e+01 5.166588274406603176e+01 4.181634860842552825e+01 5.836929519106820408e+01 5.720134331753450851e+01 5.720135927554304089e+01 4.095808763984892664e+01 5.532956454945169611e+01 7.565392113379168393e+01 8.818364455868297114e+01 8.565012914244940134e+01 7.651746612859781749e+01 6.015103888754681805e+01 8.248670721661143546e+01 9.820954811511033711e+01 9.648512269541257069e+01
3.232564668946732667e+01 5.278823219328734240e+01 4.208497690393309654e+01 6.348888722892620251e+01 7.128711901144066587e+01 4.985104904251000590e+01 3.838108161982086841e+01 5.940297978399495804e+01 5.909247767613602775e+01 4.588039106005516743e+01 2.568781070207849737e+01 4.283345841285247957e+01 4.336638203294258176e+01 2.499009988076208089e+01 4.610341018671181956e+01 6.061854871962952274e+01 6.014175657358029525e+01 4.934058160693585648e+01 4.743164203913836019e+01 2.902790552904312449e+01 4.975141449349752065e+01 5.440417580531966024e+01 6.312742784483108238e+01 5.928092451854877964e+01 6.782780570697877920e+01 7.856644213837830648e+01 7.054311071945839728e+01 4.992658039405725390e+01 4.585319631630608939e+01 5.749221554950057822e+01 7.914977625059582067e+01 9.405195697060386806e+01 9.159197267538752385e+01 8.248700816231027488e+01 6.647299545947031163e+01 8.262183449458431994e+01 1.050270957887008763e+02
3.755503582757766168e+01 5.895970945697608556e+01 5.161004063836272593e+01 7.233476889115492270e+01 8.024592291439256542e+01 6.554347641869043173e+01 4.427217210869392261e+01 6.554347641869043173e+01 6.492746513837983002e+01 4.381059944952601626e+01 2.945797384939572794e+01 4.998369520725360360e+01 5.489740081771309121e+01 4.610718215138369658e+01 3.100806391531121520e+01 5.190223097506610372e+01 6.727510874920677963e+01 6.705948165188318910e+01 5.307066468455991526e+01 3.222297725427794290e+01 3.161071634125849528e+01 3.346921137903029830e+01 5.440421618116114644e+01 6.628654010899992954e+01 7.569464327550484484e+01 8.476083079601760062e+01 8.007774667541409030e+01 6.179982599858795567e+01 6.664577774982785741e+01 5.110170550476920681e+01 6.300010361068317621e+01 8.504025893659579083e+01 1.050792277670264667e+02 9.442552159583684102e+01 7.157907607722695786e+01 8.792522583494860555e+01 1.101186237812097630e+02
4.428260789028389155e+01 6.574750634221985024e+01 6.400439835082468676e+01 8.191944371556128601e+01 7.641810214685524727e+01 5.466885069052561619e+01 6.554347641869041752e+01 7.086542836974963677e+01 4.945619379033085039e+01 3.766158100224595984e+01 4.999558737083098947e+01 3.802948360377666859e+01 5.889087948970221476e+01 6.078439577189161014e+01 5.190223104555646216e+01 3.753500304874857108e+01 5.831511199925208189e+01 5.803692148963516217e+01 3.696728027342924605e+01 5.307077826248094254e+01 4.614027663942525237e+01 5.440421618116114644e+01 3.617592986721106740e+01 5.723440190946374884e+01 5.371038353361173989e+01 7.569464327550485905e+01 9.268764665423739757e+01 8.368389834542645644e+01 7.742230546167371585e+01 5.575541889882253344e+01 6.300010361068318332e+01 7.388939620915353146e+01 9.619112166866412394e+01 1.003043592754119402e+02 7.753574038691559167e+01 9.390095874672520893e+01 1.157635361168219816e+02
5.496798821937564128e+01 6.574750634223384793e+01 8.552263669443483707e+01 9.427899676099218595e+01 8.541176351322340565e+01 6.539214549921311459e+01 8.541176351077348272e+01 7.983417622343044684e+01 6.599724683715237461e+01 4.480526779932510806e+01 6.595395613953898817e+01 4.476489982413323077e+01 6.595395613953898817e+01 7.067860223372892392e+01 4.926440898873332941e+01 4.331984257284292994e+01 6.440060375618524802e+01 6.173721332992320043e+01 4.048065118581970268e+01 5.530721499295648869e+01 6.770821041614914293e+01 6.628654010916935135e+01 5.723440190946388384e+01 3.895438956679260656e+01 6.014942413264580523e+01 7.237323010910753851e+01 8.312764355632594970e+01 9.216626927214379350e+01 8.295315709350585109e+01 6.082976017919353495e+01 8.295315709536190241e+01 9.405195658022894634e+01 1.050792277670264667e+02 1.091359347627749514e+02 8.924229525593516144e+01 9.099782272473447620e+01 1.130174056871820341e+02
7.652702446506411604e+01 8.539688097111555010e+01 9.610374503403019730e+01 1.026527846091135245e+02 9.636085617561215599e+01 8.744405879449752206e+01 9.636085617511221812e+01 8.140521344942088433e+01 5.961536411341942454e+01 5.961536369574938021e+01 7.493029542002358312e+01 5.509970073527202317e+01 7.493029542002358312e+01 6.665279373798894369e+01 7.067860223372892392e+01 4.970134460373045471e+01 7.119864834403055909e+01 6.572983993607572017e+01 4.422888764859466448e+01 6.572983993607572017e+01 8.627688335596204183e+01 7.569464327550483063e+01 5.371038353361173989e+01 6.014942413264580523e+01 4.188174829116677245e+01 6.325482843013710266e+01 6.077792422582934506e+01 8.312764355636699065e+01 9.201132547480011681e+01 7.640773864570354590e+01 7.052188197460733932e+01 8.653588097250182898e+01 1.086408718878792001e+02 1.200161404543212882e+02 1.051479673287360583e+02 1.040277733772848876e+02 1.216506071031851235e+02
8.834013307520017122e+01 9.705425417940587351e+01 9.545224327843011736e+01 7.884068878400390190e+01 9.545224327843011736e+01 1.056276773925985282e+02 1.068056085007751932e+02 9.034246806920775441e+01 8.140528172792529915e+01 8.140510803446062482e+01 8.577600779015939736e+01 7.680821154380578264e+01 8.577600779015939736e+01 8.217429769590756905e+01 7.895436140113837098e+01 5.701789323524073438e+01 7.895436140113837098e+01 7.000526406162060766e+01 4.820479301658131277e+01 6.059331324787712703e+01 8.286222797236376891e+01 8.476083079577925616e+01 7.569464327550483063e+01 6.691177579732844549e+01 4.527699563421045070e+01 4.564575794941335829e+01 5.787517533834628836e+01 7.369367562656032078e+01 9.601468340418607283e+01 9.875519508927671097e+01 9.301028291354876387e+01 8.361355489117208606e+01 9.669463619395192211e+01 1.183482497812711927e+02 1.263791049601189229e+02 1.252976622264635580e+02 1.338105465314768878e+02
6.709156425759870501e+01 8.834013307520021385e+01 8.528554202346235513e+01 6.226091002824326637e+01 8.528554202273249985e+01 8.403998467563955899e+01 8.523632766422791462e+01 1.004090297050254321e+02 9.208245529760174009e+01 8.304099779217744981e+01 9.208245529760174009e+01 9.500295784031798974e+01 1.039378837089582106e+02 1.040836412171477008e+02 8.799408281652566188e+01 6.955828251717724697e+01 8.799408281652566188e+01 7.483436535188350547e+01 5.270464315064499061e+01 7.483436535188350547e+01 9.185321912809926914e+01 8.743261473450807841e+01 7.243124631042230988e+01 5.035337768902858357e+01 6.691177579732844549e+01 4.852082862210522762e+01 7.046759582715769454e+01 8.247091706991011506e+01 8.912921114270974954e+01 9.714616150952724638e+01 1.061450518337192790e+02 1.058464911408540132e+02 1.146009007446804020e+02 1.269546218559373614e+02 1.368577600985929905e+02 1.283874928439643384e+02 1.365754585735801072e+02
