MOVIE_S3_data/elevation_000594.asc
nrows	100
cellsize	150.0
xllcorner	0
ncols	100
yllcorner	0
NODATA_value	-9999
[rows 34 to 50 of 100, columns 37 to 73 of 100]
7.396855140560886355e+01 5.912899959563146268e+01 5.458447579125888893e+01 5.329657799556714792e+01 3.555714969333522646e+01 2.432127753460085273e+01 4.105473859694552630e+01 2.766786044461428062e+01 4.697695354602600304e+01 3.403153125788050204e+01 5.297649294919990837e+01 5.867263283590893508e+01 4.339868974059441342e+01 4.589145475968911825e+01 4.848658220881637959e+01 5.192685406435374063e+01 5.660515557350774429e+01 6.147672986973645948e+01 6.751778693607461435e+01 7.437389651109312183e+01 8.574307630664785052e+01 1.055933309726122928e+02 9.811316136330560767e+01 7.804744650973609055e+01 7.283133789596880092e+01 9.222273320075517233e+01 9.616469277266020299e+01 7.613734902267054849e+01 6.535646181187141224e+01 7.048890553825494010e+01 7.865276557963639448e+01 9.870538520505951396e+01 9.997480511998122665e+01 1.082453158196319691e+02 1.136090459871500258e+02 9.356895077835656593e+01 7.934061109668343192e+01
5.735542587748700782e+01 4.487769057567513897e+01 5.181568613897561448e+01 4.014121018452166112e+01 3.890281723885317433e+01 3.102913407116880862e+01 2.485360539714639927e+01 4.584841445670684834e+01 3.056692370919783741e+01 3.444174591410136799e+01 5.336238415334270968e+01 6.681966219791044637e+01 6.227331004248370050e+01 5.916427839697890079e+01 6.752909855657908622e+01 5.488570350056834002e+01 7.422433542270982798e+01 8.093967076625885682e+01 7.731639843390506428e+01 9.413278109773507651e+01 1.023767213372188962e+02 1.138522389208292793e+02 1.063980198916320887e+02 9.811316136330560767e+01 8.441582686711728911e+01 1.011907744759615184e+02 1.044405936339787644e+02 8.536057891768500383e+01 7.688416708133756572e+01 7.602404014116976327e+01 9.608202028429528241e+01 9.284785318780946284e+01 1.128467184431393946e+02 1.204457581245889486e+02 1.004401491898298389e+02 8.883428200931486174e+01 9.356895077835656593e+01
3.693751816067990745e+01 3.473215479558169960e+01 3.268431846334192414e+01 3.067318317139068640e+01 2.866374539546917433e+01 4.196917202071718123e+01 2.523206150868040609e+01 4.589687293891443431e+01 4.930258581613100688e+01 5.336238415334236151e+01 3.999117059609726965e+01 5.879050400811317445e+01 7.334396471141972995e+01 7.850022369375442111e+01 7.933128443746043956e+01 5.975875162089405279e+01 7.352149988224239507e+01 9.335734510513371731e+01 9.706138384437682021e+01 1.053072538320944886e+02 1.091442843099609945e+02 1.009577285519444558e+02 1.091442843099609945e+02 1.089901967464677313e+02 1.044876136958897348e+02 1.127637764184411395e+02 1.136561772085060227e+02 1.052136174505270105e+02 9.693957281906838830e+01 8.606642196810246048e+01 1.043570321675477715e+02 1.128467184431393946e+02 1.211060834304203269e+02 1.287093631952093347e+02 1.171685049047560199e+02 9.888990750584287071e+01 1.136090459871500258e+02
5.735542587748660281e+01 4.863737476031976570e+01 4.659584405960095665e+01 5.164318876610239784e+01 4.471220039034687943e+01 2.576117368313572698e+01 3.224450745867833490e+01 4.603690869114987549e+01 6.480790900671300392e+01 6.663543076868398884e+01 5.072266482711810198e+01 4.636412126567530834e+01 6.526676533034823535e+01 8.090527335928230457e+01 8.756909286474368059e+01 7.352149988224239507e+01 6.948811015766193577e+01 8.105410005577448374e+01 1.012282706886532679e+02 1.109787207527942172e+02 9.931981547207853112e+01 8.135649016267068134e+01 9.295555668885846501e+01 8.935185357130065142e+01 1.089901967464677313e+02 1.180804184838374766e+02 1.099060625121018688e+02 1.180804184838374766e+02 1.143604990555070344e+02 1.060976186004882322e+02 1.143604990555070344e+02 1.223857706181139378e+02 1.223857706181139378e+02 1.306232682515572776e+02 1.271654017739437990e+02 1.189011213357638894e+02 1.271654017739437990e+02
7.129565629093109180e+01 6.848832693140853678e+01 6.717759331762559327e+01 6.278882383793561672e+01 4.190777176398773918e+01 2.613883815777044006e+01 4.317904628879389151e+01 4.309284431298969764e+01 5.939748788969913562e+01 7.767331695758990406e+01 6.950136295013113852e+01 6.526676533034823535e+01 5.364258731980468298e+01 7.276860774183228386e+01 9.133964277816636468e+01 9.335734510513371731e+01 8.136583665179293234e+01 9.790755613263387147e+01 1.095347209061486069e+02 1.005588471700010444e+02 8.314019891833787312e+01 7.151984172562220010e+01 7.332490034603316076e+01 8.720727038686369781e+01 1.068331474395376830e+02 1.083277142421752330e+02 9.049560526283504203e+01 1.060185775305278071e+02 1.141723263575149616e+02 1.218574650466536582e+02 1.136524413519189096e+02 1.027439489640580348e+02 1.027439489640580348e+02 1.223857706181139378e+02 1.185031290395839392e+02 1.100120847376334297e+02 1.185031290395839392e+02
8.000198775220806624e+01 7.009590487908300815e+01 6.188228715338773611e+01 5.457068199210254278e+01 2.866465623352088343e+01 2.651505146250439182e+01 3.472601969626043683e+01 5.320337463410169931e+01 6.221165697555288432e+01 7.046469875006920347e+01 7.962336714751246802e+01 8.090527335928230457e+01 6.706465864111004294e+01 6.373289620802162858e+01 7.484406163990453820e+01 9.448334559398431054e+01 1.026098945710080130e+02 1.105249743002045761e+02 1.062811445275885944e+02 8.664053908063672793e+01 7.273380181164282021e+01 6.341950604670194735e+01 8.314022851744579157e+01 1.011226435285696112e+02 1.117614439942600484e+02 9.234075059500976579e+01 8.094764048516707078e+01 8.667520917452604579e+01 1.060185775305278071e+02 1.105160755983011995e+02 9.407684792400483786e+01 8.895744684758916776e+01 1.084969051710558716e+02 1.210900407270959391e+02 1.080784473643262942e+02 8.901767662244057533e+01 1.080784473643262942e+02
7.178121429448390245e+01 5.198336007916351775e+01 4.208911296010612091e+01 3.548784923366194022e+01 3.122191914536078983e+01 2.911880802321892503e+01 2.704748735280096383e+01 5.068766697371221852e+01 4.212480995501716308e+01 5.266700080957442509e+01 6.662155632002026096e+01 8.483835905466807503e+01 8.653915901988193582e+01 8.314459971640489755e+01 9.133964277816636468e+01 1.027199103657027024e+02 1.068167141219216347e+02 9.744141046438330989e+01 1.068167141219216347e+02 9.239439700367670127e+01 7.273380821677424990e+01 5.874581761678513914e+01 7.849200540710586438e+01 9.158993633982325377e+01 1.029436938921535614e+02 9.234075059500976579e+01 7.319875525529189986e+01 9.234075059500976579e+01 1.054636601248228374e+02 1.017419116814137396e+02 8.276958303833563946e+01 8.200492425664886298e+01 9.331742224612918335e+01 1.128873816291938255e+02 9.940190914773049258e+01 7.947090807307618832e+01 9.232866427829081601e+01
8.000199396879656888e+01 7.009590487947923521e+01 6.188228715338773611e+01 5.523722914526305772e+01 4.950486484925388453e+01 4.695043452241176141e+01 2.742322315996047521e+01 2.744724772042395244e+01 5.069253710400270307e+01 6.176992441572118508e+01 6.060823850518765710e+01 8.052460065699261804e+01 1.037019102268813810e+02 9.670896477031087102e+01 1.047497524639006485e+02 1.063468507279890645e+02 9.879878964249940054e+01 8.094128962571058139e+01 9.879878964249940054e+01 9.071506255575901889e+01 7.461945910979477503e+01 5.489193521358840400e+01 6.372468820166150039e+01 7.513278122567338357e+01 9.477177389803675567e+01 8.739830865074934252e+01 6.826739333511763164e+01 8.612407379444037758e+01 8.612407379444037758e+01 9.359363739117564762e+01 7.367043653449621843e+01 8.729591633003846596e+01 9.301041003289397224e+01 1.011831973449807691e+02 9.220667666016666431e+01 7.348432339181240991e+01 8.316475697061490280e+01
8.448653968414467386e+01 7.627903951351198941e+01 7.497104468980019476e+01 5.508335033511820455e+01 5.120569481309054538e+01 3.114432975692593075e+01 4.738953898293565459e+01 2.795828814943867968e+01 3.495007033196860391e+01 4.215962389909468300e+01 5.603698381695926400e+01 7.925558658955159785e+01 8.983281896101829034e+01 7.798868189549875751e+01 9.493275186125168830e+01 8.695783057150059392e+01 9.126455851432426414e+01 7.175869829705601433e+01 9.126455851432426414e+01 8.255950064124006360e+01 6.285761490729991863e+01 5.148856164285871273e+01 7.118461160920645625e+01 8.882431834505084112e+01 8.301390846143291924e+01 8.275838014715550628e+01 6.356626995057121121e+01 6.693920093751830791e+01 8.454510950511848932e+01 9.565813257187484453e+01 8.682873966272040889e+01 6.660550344783413834e+01 7.277251310493859648e+01 8.931688401622109552e+01 8.338278093105306255e+01 6.814684968037292379e+01 8.126013281347788109e+01
7.627898902866257913e+01 5.633995338540486131e+01 6.217993032439561318e+01 5.508906129978952748e+01 3.502410517572998572e+01 5.121389923443825154e+01 4.972148898354835467e+01 2.833603131603208425e+01 4.017297471238380524e+01 4.865287275309244563e+01 6.716886176585424550e+01 8.183494729252468858e+01 7.068929195737439386e+01 6.781240141371526420e+01 8.687476991355217137e+01 7.282114415589072109e+01 7.645737431214067215e+01 6.491307614007594395e+01 8.485915888561443410e+01 8.191461141054347195e+01 6.222151620227814561e+01 4.831264514831588031e+01 6.798949024622673676e+01 6.817787583377240423e+01 6.203258990758589420e+01 7.661958174128898236e+01 7.653163736597933564e+01 5.717729397071788355e+01 6.842827954499254872e+01 8.773625573392627075e+01 9.531519229903371127e+01 8.132605479370667467e+01 5.974430581653123085e+01 7.573730785974748869e+01 6.085870880412225858e+01 7.598420309560808050e+01 8.852640674584448277e+01
7.031291567668242237e+01 6.217971176680610057e+01 4.215100013457437456e+01 3.914659242403225647e+01 5.508788888384892601e+01 6.312934295786831740e+01 4.969307490582605169e+01 3.237029642030721277e+01 2.887520805755224984e+01 4.759605539176978084e+01 6.973198873719161384e+01 6.242624869912324925e+01 5.725352825143200874e+01 7.640964251891385572e+01 7.774033540599589287e+01 6.953091071279915525e+01 5.610159796480485994e+01 7.645719183886849635e+01 7.105453164065083627e+01 7.223544268234415711e+01 6.431265201173620483e+01 4.527925231767452630e+01 6.083448518120982840e+01 6.173935943693370376e+01 4.808786206668740704e+01 6.817787583377246108e+01 6.890731672355951787e+01 5.347100136249127900e+01 6.941148888389913907e+01 9.081855013140408062e+01 9.000101773221862800e+01 7.951314702628484099e+01 7.221674476372425033e+01 5.400391179415147036e+01 6.514322024207076822e+01 7.120057455092111809e+01 7.098874798241060091e+01
5.031846200350044995e+01 4.682249717387211518e+01 6.217988303976142106e+01 5.919408825722456413e+01 6.604398931992326993e+01 5.924316577155687469e+01 5.334763883039283883e+01 4.036316567209303230e+01 2.926190952973167114e+01 5.072264323425594768e+01 6.107876118159217071e+01 4.897960974089663466e+01 6.812193305918788155e+01 7.157114948208096905e+01 6.330409706192468633e+01 4.923505958133489457e+01 6.946907478709046302e+01 6.482474600852981439e+01 5.121123841809966848e+01 5.552516093052282287e+01 4.853043415782715897e+01 5.250782639996032941e+01 4.103966347711468643e+01 4.197662313211217366e+01 4.289232055139039090e+01 6.264763729531269121e+01 4.849234869072163434e+01 6.284065010863682232e+01 6.838182033348668654e+01 8.207488668286610789e+01 7.829614111603871152e+01 6.424921873168106856e+01 5.246574071432687703e+01 5.868799898422003736e+01 5.562705402369274310e+01 5.673568332885297849e+01 7.573118537216440416e+01
6.449138529830690914e+01 6.100456508500376884e+01 7.505569267828086311e+01 7.189609372469243453e+01 5.925772883860007312e+01 4.053028560308216299e+01 3.661062282685181657e+01 4.765872468117606786e+01 2.965512284769402385e+01 4.971631577153856796e+01 4.184314993239603098e+01 5.915090363595464140e+01 6.687883849033232764e+01 6.081502422929525409e+01 4.333536926055990079e+01 5.971330450736932249e+01 6.326381368052970799e+01 5.483608214263929881e+01 3.673260137149028282e+01 3.772634621649192610e+01 3.873425363443302416e+01 3.972076783059279137e+01 5.960303053852541666e+01 6.173935943693374639e+01 6.260167135445491482e+01 4.418462601208836560e+01 4.510367108487736232e+01 4.606578556849444794e+01 6.583120431685462393e+01 6.243346827850889014e+01 6.918444699379477925e+01 5.093101252878633289e+01 7.069554195831875631e+01 7.415139287605236973e+01 6.890416379982320905e+01 7.573118537220443613e+01 5.825291549492306586e+01
8.436757795818444094e+01 8.097820987440314866e+01 7.694035893760440104e+01 5.910150202353098337e+01 4.610186863890022124e+01 5.925772799908857280e+01 5.318034200384803967e+01 3.112811944547153686e+01 3.005536808557285511e+01 5.021990143928861272e+01 3.709029990414591538e+01 5.035443217191097176e+01 5.806278777847769845e+01 4.406986835489920651e+01 5.320244572002914651e+01 3.802247804056828073e+01 5.358253686615059763e+01 3.538736275760699357e+01 5.575713761870100882e+01 5.784242354802310615e+01 5.873375568555606208e+01 4.498629917558047708e+01 6.579299505422272887e+01 7.639737015152667254e+01 5.670727230020347065e+01 6.394388095490540991e+01 5.501731810808814771e+01 6.141863526409012763e+01 4.743791358670589631e+01 4.841547581284078916e+01 4.941414924131356656e+01 5.231699105510478631e+01 7.205515007413657713e+01 8.436087578971002188e+01 8.829830101304584389e+01 8.525962943851530440e+01 7.153420803627969349e+01
9.305981415036612248e+01 8.271496150622814980e+01 6.487218037698158923e+01 5.235311470601433825e+01 5.910150202353098337e+01 7.189609372469243453e+01 6.203376017545788557e+01 5.142269797251751839e+01 3.263664700772635996e+01 3.062976312604797258e+01 4.460473635074448140e+01 4.707399978273797103e+01 5.175871100395200131e+01 3.255828863761978909e+01 3.295949211531068102e+01 3.362139122528966340e+01 3.412433446791591507e+01 5.449060535990624032e+01 5.469799754505473288e+01 5.273437607495407775e+01 6.288072805524963371e+01 6.813429311161566204e+01 7.711212199342020313e+01 8.453725679840574969e+01 7.065417043209957626e+01 7.472207052697126528e+01 7.472355273056665226e+01 6.336322420706056846e+01 6.693029991304035775e+01 5.393639416960053268e+01 6.872517552873050306e+01 7.205079018302519955e+01 5.657986428469514806e+01 7.624852475070463242e+01 8.874228343768133698e+01 9.788209155426808650e+01 8.679045533335953166e+01
8.938591961853668977e+01 7.123615264980649897e+01 5.898478337334029220e+01 7.010807879015648325e+01 7.694035893760440104e+01 6.980504469206991303e+01 5.012210987569653753e+01 3.630739306164355895e+01 5.224323947057347084e+01 5.071830232600287758e+01 3.119903818337646584e+01 3.159795891131864209e+01 3.199423243549981066e+01 4.133235105324494896e+01 5.251853753735444741e+01 3.353779960211736011e+01 3.679123768847097864e+01 3.479043516690732218e+01 3.525476797648560989e+01 3.570857269706822024e+01 5.326872435874260958e+01 6.402323592613937819e+01 7.695990374821083435e+01 8.574596427886096706e+01 9.026628265754075642e+01 9.432619848859766876e+01 9.103316022834388832e+01 8.285410273508496459e+01 7.356926378349596973e+01 7.382122139212840750e+01 6.328626605604056721e+01 8.265030732175735295e+01 7.624852475070609614e+01 6.103829554679189329e+01 7.238489410361461296e+01 9.189106662411954574e+01 1.006217360580738216e+02
7.836718898427815816e+01 6.881871659782524375e+01 6.685395780395197107e+01 8.428826779029522243e+01 8.311977203441318807e+01 6.338535863029638762e+01 5.854835358980977844e+01 3.893314290145300305e+01 5.854804468078175006e+01 5.429538433104202255e+01 5.249331432866181046e+01 4.743595152928195091e+01 5.223700076339567744e+01 3.692558393528023686e+01 4.177502893044633936e+01 5.637329688334772726e+01 5.499550001400886146e+01 5.471929079157462894e+01 4.442750674132975774e+01 5.564933418331543891e+01 3.633750320074149442e+01 5.635429262900696301e+01 5.331097239925308884e+01 7.695990374814292068e+01 9.154389642613445233e+01 8.325582967471842721e+01 9.154389642613445233e+01 9.556763028355743472e+01 9.295370583347651916e+01 9.057334540601041795e+01 7.205543100595529893e+01 9.057334540601041795e+01 8.393201976953201893e+01 6.439215138760651769e+01 8.393201976953201893e+01 1.000267962729530780e+02 1.087762476051303935e+02
