MOVIE_S3_data/elevation_000071.asc
nrows	100
cellsize	150.0
xllcorner	0
ncols	100
yllcorner	0
NODATA_value	-9999
[rows 17 to 33 of 100, columns 0 to 36 of 100]
4.336683913182175498e-01 2.039498698471885874e+01 2.872478736393810905e+01 4.883561266843879167e+01 5.794282570167759872e+01 5.415133927404517777e+01 5.718424868884134327e+01 7.213328315438712934e+01 8.122716716407883553e+01 7.390926495168683630e+01 7.249645763694212519e+01 6.746867687551107906e+01 7.508881902630284344e+01 8.070543358944961199e+01 8.418453531725738515e+01 8.558561517874419167e+01 7.464884976945558037e+01 6.108496900184528045e+01 4.895408800437940045e+01 3.982147371570533778e+01 4.330796400727822970e+01 2.857811834028672138e+01 2.097246621219067464e+01 3.027445129039144689e+01 3.855554103826423074e+01 3.967272699027316918e+01 3.165453978994319328e+01 3.625616244124594800e+01 3.175819859282421831e+01 2.979337796295968843e+01 2.744707676142730080e+01 3.954924433350463175e+01 4.887641476812625996e+01 6.223871853372271090e+01 5.776256624911454196e+01 5.469980951680877723e+01 3.955658716987893087e+01
5.385724909496417689e-01 2.053857249093884008e+01 3.026103478184048257e+01 3.625275236660779399e+01 4.375808346278237337e+01 5.327210592828210878e+01 6.557151788646342538e+01 8.108418051578259167e+01 7.940209265654620197e+01 6.668853829369510322e+01 5.841666173472836476e+01 7.265224100677734498e+01 8.240447682381048367e+01 8.746061100253257337e+01 9.328985336187952271e+01 8.019545204176918674e+01 5.694423236216531592e+01 4.509038776328527121e+01 3.753238552311425735e+01 3.155622579674589190e+01 2.568127506071404653e+01 1.841722075187876939e+01 1.815921858266630551e+01 1.782083354081068194e+01 1.748474065159998148e+01 3.351974771535759601e+01 2.918546032338559826e+01 2.406192527644442691e+01 2.155643533566583869e+01 1.560004624840053111e+01 1.529595012658385578e+01 1.540066765903511659e+01 3.949343166498378110e+01 4.411247658338493949e+01 3.877441665290007222e+01 4.819684575891579925e+01 4.549851526861243656e+01
8.336531950628578436e-02 4.723461755268465012e+00 9.590806711498132131e+00 1.505424545827674798e+01 2.139554387600653484e+01 3.142331427885978101e+01 5.094259607971192594e+01 7.511667552822466121e+01 7.564122895894172416e+01 6.841375868968466989e+01 5.300840091196326398e+01 6.027770911175881707e+01 6.546249622271038504e+01 7.457744636233040580e+01 8.722082079561262447e+01 7.964007916236187157e+01 6.947517515415354694e+01 6.052067996275053474e+01 5.417798900543177609e+01 4.272948255721505717e+01 2.458178062002043873e+01 1.861852375711238139e+01 3.759099093943152070e+01 3.124347440039867863e+01 2.852515322218865990e+01 1.701453857747436516e+01 1.668841286659456813e+01 1.636614832347055071e+01 1.604645510818510346e+01 1.559114085146164541e+01 3.633030371166820771e+01 1.487237520344377906e+01 3.585814414526838334e+01 3.541588168632910083e+01 2.378223707346005256e+01 2.889321252794810135e+01 3.503613274361473628e+01
4.524162703296725763e-01 2.045241626214973962e+01 3.026103455609388604e+01 3.625268159757952446e+01 4.156747113123532245e+01 4.950894737888194186e+01 6.469396351804448386e+01 6.626926622840974801e+01 5.946204280527997810e+01 6.489964774331225783e+01 5.844883124194981150e+01 4.620840858479368762e+01 5.331261834085066198e+01 6.352075948923251048e+01 8.097388834447522754e+01 7.137390752671520033e+01 5.088727653201654988e+01 4.251094501252039493e+01 3.725262074242629495e+01 3.227895337149412569e+01 3.587731788700190094e+01 1.896840538945461674e+01 4.266358922224559080e+01 4.929008929972084019e+01 3.716788498138713237e+01 3.470708602648507224e+01 4.348624938278226892e+01 2.822429516934380445e+01 4.730102959727157241e+01 5.243495230364129611e+01 3.760029924560507908e+01 2.655565260920659654e+01 1.444527486755500334e+01 1.414740965139702666e+01 1.385050428296645819e+01 1.355415358129617154e+01 1.325760257424980892e+01
4.402443450947634007e-01 7.544174264838731325e+00 1.528289452028269046e+01 2.487481878976691974e+01 3.892153945720896502e+01 6.394576148229536727e+01 7.705198900079773239e+01 6.429741165749071286e+01 4.735614558096494164e+01 5.417891394657804227e+01 4.111402749492648923e+01 5.845300165998051511e+01 6.962303333068305733e+01 6.943352775853287540e+01 7.629323054346795629e+01 7.818016510309412581e+01 6.901662370294525317e+01 6.006424361839497550e+01 4.921817764094069503e+01 3.065406615604700491e+01 3.823491266904665764e+01 1.931243121952561381e+01 3.060847022831473652e+01 5.426555585927042102e+01 5.952036045679422216e+01 5.919044772496269502e+01 5.208166614312876419e+01 5.263209861812816825e+01 6.051429522445233289e+01 5.204085651408713176e+01 3.990968655711268553e+01 1.816173499880451914e+01 1.589815573531350168e+01 3.565567720322323453e+01 3.554895245753921529e+01 2.757931460351595021e+01 3.114716390275379254e+01
4.237187090225543740e-01 1.197072399158538403e+01 3.197082346277973031e+01 4.522058504112379751e+01 5.611288441186123777e+01 7.112017168987658522e+01 6.574736851766820678e+01 6.364301439958894235e+01 5.417051908859302500e+01 3.634098881540165848e+01 5.420981085203787586e+01 6.527962141297038556e+01 5.959964440245840223e+01 5.193917178421521186e+01 6.404926066090912684e+01 7.986759206955426293e+01 6.739187798266482332e+01 5.165558211519553566e+01 4.004628117065610127e+01 4.216091997504637590e+01 1.999056757610950896e+01 1.964519190476475075e+01 3.885317192646417084e+01 4.453426289534243665e+01 5.451637545594428502e+01 6.987673387600861474e+01 7.191925705648513656e+01 6.807933348354050906e+01 5.677973703533657357e+01 4.419091217216784884e+01 2.282286584663407325e+01 3.993529274670860474e+01 2.983841682641562087e+01 4.619516008460584544e+01 5.088207949909794792e+01 4.019762159078106123e+01 3.123942303116485419e+01
9.142864485297492738e-01 2.091403032697746411e+01 4.022974400446877041e+01 5.774704775123694134e+01 6.584213416814182551e+01 7.595237344205061447e+01 5.935626935188624032e+01 4.719650456401836180e+01 3.935835607951484860e+01 3.331958689216120462e+01 4.797589119412143788e+01 5.117182636063805745e+01 4.140342454253322302e+01 5.959964440245943251e+01 7.629323054346795629e+01 8.213103169294437578e+01 6.320121610026771464e+01 5.077087878956803024e+01 5.177797407067048852e+01 5.290172385239915798e+01 4.071975378663137946e+01 4.151071292782581423e+01 2.010940791078615320e+01 2.141204191529590162e+01 3.631855680166459166e+01 6.001632434297807350e+01 7.209415726560108340e+01 5.989002876602724967e+01 4.023753832752973381e+01 2.795966787687341082e+01 3.832176582829179523e+01 5.254867083751992851e+01 5.245879674800105619e+01 5.688324166407600302e+01 5.005571028299669933e+01 3.912982235519796603e+01 2.011188504683208222e+01
9.064013007315497861e-01 1.504873119564974004e+01 3.506001527236409032e+01 3.756990657444624304e+01 5.427550556651138436e+01 6.641464164563676320e+01 6.937876652316219861e+01 6.349812688593139143e+01 5.709398129466482175e+01 4.794114632822552124e+01 2.946831295105502946e+01 3.259959463158934057e+01 5.118341103376304346e+01 6.573697360841951820e+01 7.279176958923510199e+01 8.180635964144236993e+01 7.533520166217208214e+01 6.750436465757179860e+01 6.829722044260630298e+01 6.531945141527303633e+01 6.229087607020951367e+01 4.949855139105756052e+01 4.144101972157300651e+01 2.056903660192139327e+01 4.113629680022825852e+01 5.403974394100902146e+01 6.382079417617731565e+01 4.481388634454316389e+01 3.330142464763687826e+01 4.856688448353263254e+01 5.687899119701502570e+01 6.680179024164797852e+01 6.661766197860146121e+01 5.024744404617733551e+01 3.406033686693098872e+01 2.832227799083807795e+01 2.268694491163555682e+01
3.063610709598194592e-01 1.445261452603033270e+01 3.452503566138994984e+01 2.594122362035644613e+01 3.753839387813492579e+01 5.561838410983873615e+01 6.951112181747693342e+01 6.845813121538783719e+01 5.090546919704008388e+01 3.767957784697264856e+01 2.677620541170132284e+01 4.558288510945215677e+01 4.134985204584983620e+01 4.780137313073552718e+01 5.787144983567190337e+01 7.490998910194016958e+01 7.215482933643509966e+01 6.388840950937044738e+01 6.131015947235558627e+01 4.654281415925466092e+01 4.807511701324138187e+01 4.493175738596896451e+01 4.248621316784305435e+01 2.089229696699228356e+01 2.312611866485404377e+01 4.254521076928586609e+01 6.758200142325689797e+01 6.003129502557341368e+01 4.060570212009107394e+01 3.923214745349574173e+01 5.844482014553170046e+01 7.258431607392617479e+01 5.893519798514050478e+01 4.267098497494777831e+01 5.023903627086483681e+01 3.908622278968952202e+01 2.554604635630474618e+01
2.739570439748240105e-02 2.002699112233160150e+01 2.881327848189703289e+01 1.699009290571029851e+01 2.701430678420921438e+01 4.154552191882554268e+01 6.125682967366791587e+01 5.316188587190836046e+01 4.831057372605545197e+01 4.084339588368766272e+01 2.457830836267093133e+01 4.351834267885121932e+01 5.686018198802759827e+01 6.573696197207482328e+01 7.278453636257771109e+01 8.023227814378763867e+01 6.034840213847344614e+01 4.562734736376675215e+01 5.096212535791664777e+01 3.850349401892162859e+01 2.286625201859160228e+01 4.193244850376259336e+01 2.135286825605874128e+01 4.138810894094760329e+01 3.837658019251409769e+01 3.838096075954278064e+01 6.012065917819104044e+01 6.844580922676109935e+01 4.921007060910381625e+01 5.861853202535372276e+01 4.511536439800504183e+01 6.440893318446828175e+01 6.663433260487583709e+01 5.156982205602719915e+01 6.391545367807971445e+01 5.225837893573243065e+01 3.354743661207121619e+01
1.758338105654860817e-01 2.017452176538890285e+01 8.839750033963117204e+00 2.037051799073656966e+01 3.451338279069972259e+01 5.428314478874184346e+01 5.311514160517928929e+01 3.301009250495776826e+01 3.794987037877226754e+01 2.182954945218717668e+01 4.091832043049647893e+01 3.059979088221663091e+01 4.941852535667702995e+01 6.486625145725831487e+01 7.541042025907428581e+01 7.821327550986779897e+01 6.320323970586520090e+01 4.644422505695387571e+01 3.328633538983437035e+01 2.233083167468014096e+01 2.217028668552179127e+01 2.182676359734986704e+01 2.332888211537836298e+01 4.599434515854641603e+01 5.739598054226128454e+01 5.970400156840769057e+01 6.945001542660544658e+01 7.737578208624286447e+01 6.026600937784886725e+01 6.882788585248717084e+01 4.945525406009654290e+01 6.882781284885096795e+01 7.702832505133547158e+01 6.902232450340437708e+01 5.867527779635784668e+01 4.536814595420687368e+01 5.198294326569831014e+01
4.683972685643240652e-01 1.993065804836904320e+00 2.188603441216124068e+01 3.209797476384010650e+01 3.946673423334473796e+01 4.751127391017350732e+01 4.358474932137743707e+01 3.522068031979183900e+01 1.913257138608967978e+01 3.276714929285653710e+01 4.841981317718524025e+01 3.832231052131267290e+01 3.869314902339989004e+01 4.958468271750189160e+01 6.805609019686011152e+01 7.114918157993835734e+01 5.642597673444673489e+01 5.201904802222282598e+01 3.694391451948655458e+01 2.265145525879050936e+01 4.445118901209530549e+01 4.443999598898962233e+01 2.771313526863612964e+01 4.897355646239527971e+01 5.863781300528500395e+01 5.871992596821279164e+01 7.937154034411653925e+01 8.918814735554316542e+01 8.050625742359895298e+01 7.421057560085218086e+01 5.464618465414473292e+01 6.512255841523897004e+01 8.531367317116860249e+01 8.664138521866054532e+01 7.265587736735234614e+01 6.444108399289929423e+01 5.498773084479781659e+01
2.051881798473268459e-01 2.020518817984697080e+01 4.275249605319984880e+00 2.399785480642949054e+01 1.961987760535330949e+01 3.583629395301637999e+01 3.578947759373662763e+01 1.653290679816436182e+01 3.585379890413850035e+01 4.593209263432610356e+01 5.907185136178114249e+01 4.662523198073783703e+01 5.739156500484940437e+01 5.061464297327282935e+01 6.905301605550288002e+01 7.010916992044769813e+01 5.253530738681072876e+01 4.381425942250977812e+01 4.327726763813619471e+01 2.304516940687744864e+01 4.598120275493420195e+01 5.729121051248202434e+01 4.892149597608900535e+01 3.448117189768982627e+01 3.887534183189971060e+01 5.873089830324198601e+01 7.313038520708447265e+01 8.190758791717767906e+01 9.244737071095913450e+01 8.012953510098495258e+01 6.031923106837025728e+01 8.012947066000239715e+01 9.389119494136934918e+01 8.882701873793298830e+01 7.581114201931356433e+01 5.635080997826915450e+01 4.336431508953039327e+01
8.187695587851057111e-01 2.081128066818569877e+01 2.415424964078352232e+01 6.579999533683319690e+00 8.221233236667110589e+00 2.787176862686136047e+01 3.177019980879512318e+01 1.472523978101283504e+01 2.268053193903524800e+01 3.393371304339166272e+01 5.329894142733506612e+01 5.689789352660180555e+01 7.154622849786267125e+01 6.378157382447106016e+01 7.639610659552727157e+01 6.987592159157325966e+01 5.371839780557217381e+01 3.404347627085373773e+01 4.462435051406402664e+01 2.342734661401408758e+01 3.877858771364724788e+01 5.643824457799217953e+01 5.627077908620913149e+01 5.463344326613896840e+01 5.849726038589814436e+01 4.539473582400611207e+01 5.267428041640275893e+01 6.263636316809456872e+01 8.367054344263667076e+01 8.864949142708077545e+01 7.144528796375672641e+01 7.412998587944819917e+01 9.461324014626080725e+01 8.053086182930127279e+01 6.075243767115398441e+01 5.143217314730019751e+01 6.205060786088318281e+01
2.311624522989861319e-01 2.022643147451945822e+01 3.458357033084301690e+01 2.637774788021662076e+01 2.791827252682533000e+01 1.058756728114463819e+01 1.227262373923416838e+01 3.182067704678504327e+01 2.850328194760522038e+01 4.212933852003731516e+01 6.123826065068535485e+01 7.230236596654988546e+01 8.056034300051665298e+01 8.177940337265852122e+01 7.493785333345005029e+01 5.717333553629371323e+01 4.417655158998714882e+01 4.694123193375847336e+01 2.611502537758943987e+01 2.382507900112430477e+01 4.528027504770081180e+01 4.844309350864754293e+01 3.959703310704188084e+01 5.648573363030772043e+01 7.114886249518249883e+01 6.536989076551097355e+01 5.453666630287528250e+01 7.515744012912189476e+01 9.244737071095913450e+01 9.961262574011693971e+01 9.040402518987087888e+01 9.461354382823752474e+01 1.031651434560163381e+02 8.883408036876589620e+01 7.064374821333289844e+01 6.226005827656105396e+01 6.905107259811215670e+01
9.845726073866658545e-01 1.512670823111774077e+01 3.512670823111844243e+01 4.405439428382537415e+01 3.843187823664322877e+01 3.024345437241453638e+01 2.206252513395799042e+01 3.185393895870801373e+01 4.226792190076967870e+01 5.600812061026452682e+01 6.952089717507111288e+01 7.987662813641958337e+01 7.775124651895629313e+01 8.448118450089521048e+01 7.204878508658340763e+01 5.783021603541360633e+01 6.237644668606553466e+01 5.337233108132245007e+01 3.323311158921259789e+01 4.583798381082973350e+01 2.442576922439849696e+01 3.197581139282119977e+01 4.941401912337824598e+01 4.094010043016203326e+01 6.315049890551541267e+01 8.091806190785023034e+01 6.894709520479185016e+01 6.743731587631212676e+01 8.298129581484667483e+01 1.062173469711362372e+02 9.876071308665733284e+01 8.996237819885745068e+01 9.901841825282230047e+01 9.890493127383312810e+01 9.038232300238324513e+01 8.209163091712721894e+01 7.610877542563180498e+01
3.295302290958179725e-02 7.592242501515851671e+00 1.575720903577991194e+01 2.730433301572307769e+01 4.731720390710579238e+01 4.962025306247888068e+01 4.160043486528730483e+01 4.957656973159221536e+01 5.957084740026871117e+01 6.986907069681903693e+01 7.174050936297120984e+01 5.810439877945772480e+01 5.476098545409772100e+01 7.145820656709634022e+01 8.068138105957353901e+01 7.427064909378060520e+01 6.399693383332395058e+01 4.415476219737038122e+01 5.338451392777155746e+01 5.379009978765947864e+01 4.564883971236466209e+01 2.506333796945576253e+01 2.624217479225341876e+01 5.693921265462645209e+01 5.226716901758553746e+01 7.220732773928202164e+01 9.022118685903134860e+01 8.903386911931916359e+01 9.801650852382836376e+01 1.016470573766167860e+02 8.831105727705514141e+01 6.938498881917661265e+01 8.831105727705514141e+01 9.963583623414079682e+01 9.213048475996831144e+01 9.964057418157682378e+01 8.460076744082611810e+01
