MOVIE_S3_data/elevation_000330.asc
nrows	100
cellsize	150.0
xllcorner	0
ncols	100
yllcorner	0
NODATA_value	-9999
[rows 51 to 67 of 100, columns 0 to 36 of 100]
8.885398060199247716e-01 2.088853980601956906e+01 1.443356218663623203e+01 2.924506405687870725e+01 1.941626079351413026e+01 3.945465185498817817e+01 4.244123510611309769e+01 3.405373801187468530e+01 2.357639903421512528e+01 4.453107698680046411e+01 5.080601110747127791e+01 3.080728072465970158e+01 5.080599396733904172e+01 3.810848431649406365e+01 5.484353206456555796e+01 5.071591550683627503e+01 3.079021181549386554e+01 5.071591553288717336e+01 5.652563255269684106e+01 4.546989821764198325e+01 5.961259226425516999e+01 7.961072426104365718e+01 7.595998680088680999e+01 8.424452347276226760e+01 8.289922245105597653e+01 9.118466651948702406e+01 8.806286793728671114e+01 9.634990868411345843e+01 1.078979814768335359e+02 1.184068556066381603e+02 9.900361559641785902e+01 8.541750978830934571e+01 7.874948389977745933e+01 8.292388167997061998e+01 9.922804644827211007e+01 9.517154301364192293e+01 7.513117548345179841e+01
1.344321116831868057e-01 2.013353649504344034e+01 3.330935790894654502e+01 4.138175557104118241e+01 3.359372635310018751e+01 3.359372644170873912e+01 5.360417747578473069e+01 5.275875584711321409e+01 3.456222113415915231e+01 5.275875584711321409e+01 5.080601110747127791e+01 4.494966766756916599e+01 4.713710064234471275e+01 5.810845061190595828e+01 6.638902366604037297e+01 5.496020937963481856e+01 3.505425228961294692e+01 4.915124691990283878e+01 6.898428533323624379e+01 6.546990951505088674e+01 5.701748165492591625e+01 7.115951030185343029e+01 9.115529722211498154e+01 9.803259490820248345e+01 9.827518428501448966e+01 9.242820693609431260e+01 9.093775150141762253e+01 9.920618045897363402e+01 1.133223922029710167e+02 1.205688196717376570e+02 1.011174035522548849e+02 1.046868049159775182e+02 8.761158619508971412e+01 1.023590405249357644e+02 1.104762562748525170e+02 9.908077257007184357e+01 7.914752170310745782e+01
8.052006432555327553e-01 1.235220602704815107e+01 2.649434165077935432e+01 4.649434165078122305e+01 5.360415711277840245e+01 5.360417747578473069e+01 6.184776668316214909e+01 6.271076982518264487e+01 5.449993282053220867e+01 6.271076982518264487e+01 7.079790505056519123e+01 6.494447486603615971e+01 6.713079053013689190e+01 7.540805054066386504e+01 6.898428533323605905e+01 4.915124691990283878e+01 4.212183892618816117e+01 4.657630684169698299e+01 5.804226038448064173e+01 7.784724837957848820e+01 7.115951030185343029e+01 8.529706165160260412e+01 9.218955094870119638e+01 7.807890753070032019e+01 7.832426054211958899e+01 7.248221466275217040e+01 7.099407116275574481e+01 8.508996871527138239e+01 9.886045643837368857e+01 1.071293473003703127e+02 1.205688196717376570e+02 1.150234617809389590e+02 1.011813132369192800e+02 1.150234617809389590e+02 1.065637125369651983e+02 8.676569093035695346e+01 7.251340130621561286e+01
2.804825088837598068e-01 1.442261813275784732e+01 3.442261833179691877e+01 3.937598320302936372e+01 4.766076581351445185e+01 5.415940757983545240e+01 6.244493035310855333e+01 6.498967551145926791e+01 5.912941103413329103e+01 6.038336756597039567e+01 6.867393334949974815e+01 6.943375698504337379e+01 7.772842244076984741e+01 8.657744141262372750e+01 7.723238018458248177e+01 6.898428533323686906e+01 4.966168664128288412e+01 6.641283322931148803e+01 7.465481754560200045e+01 8.611578664910584280e+01 9.115529722211498154e+01 8.555772061188315547e+01 7.733035903369784592e+01 6.399422519340858173e+01 6.983128889677988127e+01 5.840647651560196607e+01 7.832426054211958899e+01 8.474454621555723577e+01 7.889754475602585160e+01 9.886045643837366015e+01 1.134698624361467836e+02 1.149500770497697886e+02 1.206424674076194066e+02 1.158730595965184307e+02 9.612491700719111520e+01 8.208607782756448046e+01 9.256439720485471412e+01
7.810880442414250835e-01 2.078108804424106992e+01 2.542111768770756441e+01 1.937578932614222538e+01 3.611352081322198870e+01 3.415876672142367454e+01 5.117939382990596187e+01 4.498581498621148000e+01 3.912734570544697732e+01 4.038117166969390581e+01 5.309953127247840143e+01 4.942849781527210951e+01 5.826430400328935377e+01 7.323181807619891970e+01 8.479165518855759842e+01 7.771186353962272619e+01 5.957856767708288004e+01 7.771186353962272619e+01 8.709012262503613044e+01 7.877323567096436818e+01 8.709012262503613044e+01 7.549662987337693210e+01 5.800166469887955145e+01 6.319036070263843641e+01 4.990850431435560353e+01 6.983128889677988127e+01 5.930429717338264339e+01 6.481850858639241153e+01 7.371339846102371496e+01 8.522572406390487743e+01 1.052025690422331792e+02 9.499692706263584796e+01 1.091033972727519341e+02 1.216990522547434779e+02 1.019090140085383211e+02 9.356882279901320487e+01 1.101283159945140824e+02
7.232205343510359485e-01 3.064043478273651644e+00 5.421066082228819916e+00 7.828783143944214373e+00 1.782878328916822497e+01 3.420809719437355056e+01 3.117846801504703080e+01 3.998554366256355763e+01 2.498514731326214644e+01 2.883414910795043085e+01 3.309816343567731423e+01 3.826214124122837035e+01 4.492880837720968401e+01 5.647595302284333485e+01 7.648517046155893695e+01 8.762929235979343900e+01 7.935688613231521060e+01 8.762929235979343900e+01 7.707202643207953940e+01 5.875466761456116416e+01 7.707202643207953940e+01 6.654171089703490338e+01 4.697872834190040692e+01 4.324433171368752937e+01 4.741726286593464579e+01 5.177718768361545898e+01 7.169136370299042937e+01 8.474454621108448293e+01 9.301344585570144829e+01 1.019392412300172310e+02 9.911716090869521167e+01 8.086099362869583729e+01 9.911716090869521167e+01 1.055200046570186174e+02 1.137783824536717390e+02 1.133018890512959729e+02 1.215518980412914516e+02
9.494692443194679976e-01 2.094946924431911128e+01 2.542111768770756441e+01 2.782886799590783866e+01 1.151108161553753995e+01 1.420788106539053075e+01 1.703630819013676856e+01 1.998514731323476212e+01 3.998554296558136656e+01 4.883509428917440687e+01 4.724044628146888414e+01 5.826430400347644678e+01 5.826430400347644678e+01 5.907167003833930607e+01 7.909271511902286989e+01 9.288748217554892506e+01 8.471625188078613178e+01 8.300368391875183249e+01 6.290144643630396359e+01 4.875316728164907687e+01 5.981231378520738673e+01 5.497097023872760246e+01 3.892384106318960590e+01 5.893346653883723008e+01 6.734573423271342563e+01 7.169136371122031903e+01 6.585402909829484486e+01 8.578393610185467821e+01 9.724194738989316988e+01 8.897544896291542216e+01 8.897544896033413409e+01 7.085770056138498774e+01 9.085088947098432755e+01 8.554864398589033669e+01 1.022531519418723462e+02 1.132802445620215082e+02 1.160282510282240622e+02
2.836664262828419991e-01 1.442580205001391747e+01 3.442580205001462446e+01 3.979631878161585945e+01 2.565322893928373560e+01 2.575488889749424715e+01 3.703660355713100216e+01 2.998514843920744610e+01 3.067559935811080152e+01 4.481786447635451509e+01 6.482031170744743065e+01 7.553845347496171314e+01 7.827582485216167640e+01 7.909271511902286989e+01 8.740940008267335770e+01 8.142573613890873219e+01 6.473321684923074315e+01 7.579103147292930487e+01 7.706658138382741186e+01 5.981231378520738673e+01 3.979985714557955845e+01 3.495277203038515523e+01 5.497097023872760246e+01 6.524266361371439871e+01 7.352454942982045338e+01 8.352338208060903924e+01 8.578393610185467821e+01 9.405123253244450154e+01 8.897544896285135962e+01 6.898459525247172053e+01 6.898459525247164947e+01 6.378636081730611096e+01 8.378221386284090499e+01 7.399852579216586435e+01 8.504925552908048303e+01 1.008699404213722914e+02 1.108526796326548975e+02
1.404418693552202946e-01 2.014044186935486636e+01 3.638886517527744502e+01 4.467313639330419051e+01 4.565371666788833949e+01 4.575539527712479781e+01 5.404142502212236820e+01 4.153218491710059368e+01 4.222264415170365481e+01 5.896358175286530212e+01 6.835256942407474412e+01 6.006446075892491621e+01 6.835257993976782132e+01 7.336861871109836386e+01 6.746772538503778094e+01 7.317765993964751203e+01 5.325312697488870128e+01 5.583667493814795790e+01 6.995045027943083937e+01 6.810322503148989881e+01 5.224683850649297767e+01 3.221888825235930653e+01 3.856348860954292235e+01 4.523982215616424440e+01 5.524241259532055892e+01 7.524291463210815323e+01 8.906506711106268881e+01 8.078101855007732013e+01 8.078101855007732013e+01 7.483978074136176417e+01 5.484531652345728503e+01 7.338382826783541191e+01 7.774723255243701203e+01 6.505184985883245474e+01 7.261287033438260607e+01 8.261722926819579982e+01 1.025946043327896859e+02
6.646099058385387393e-01 8.223899366023017521e+00 1.638886517530013620e+01 2.793587055909244654e+01 4.207800618282289662e+01 6.207800618251902591e+01 6.982230702779091303e+01 6.153397998382746437e+01 6.222455323097265989e+01 7.051307266716511890e+01 5.834793293789364554e+01 4.005519166217515448e+01 5.834793293789364554e+01 5.327284581176814982e+01 4.739777126909662286e+01 6.162976509673042358e+01 6.168235669005517252e+01 4.181721084178266068e+01 6.168235669005190402e+01 6.710244856061822816e+01 5.000673629451049607e+01 2.996802956236333770e+01 5.000757343033084368e+01 6.524266361371439871e+01 7.352454942982045338e+01 8.352338208060903924e+01 8.078101855007732013e+01 6.077322530010261659e+01 6.077322530010261659e+01 6.363991156872182842e+01 5.013239393890746243e+01 5.338994167774602317e+01 5.775160765185653133e+01 7.189234961629946952e+01 9.188217034296697250e+01 1.008699404213722914e+02 1.108526796326549970e+02
6.164072599657668405e-01 8.781373069242956575e+00 1.878137306924277894e+01 3.292350869297322902e+01 5.292350869297251847e+01 5.180911504893881414e+01 5.983516180992850053e+01 6.588983109913721137e+01 6.003822111445456500e+01 5.125032623964670364e+01 5.005982614011627874e+01 3.003749277165937670e+01 5.005982614011627874e+01 5.321118239786733994e+01 3.288112169550169028e+01 5.323169487268774702e+01 5.594918192550196068e+01 3.578106538992236807e+01 5.594918192548096414e+01 5.300010900235731270e+01 3.886794642365937591e+01 2.775748592658374037e+01 4.781039301289929710e+01 6.713941309359759657e+01 7.019891755653409859e+01 7.820835577174274533e+01 7.904328157405862498e+01 6.661832504439395564e+01 4.662995588926495572e+01 4.363991759041157081e+01 4.749295469287061167e+01 6.748795128163104096e+01 7.774723255243701203e+01 8.601957178636956769e+01 9.937652534787214620e+01 9.524190860208268816e+01 1.035037875725615351e+02
7.616414269703414286e-01 2.076164142696998738e+01 3.706564431668297743e+01 4.706564431662888381e+01 4.872000093303918078e+01 3.260868926143142232e+01 4.872000093127455500e+01 4.713776770771107039e+01 4.771166219427416166e+01 3.062186053922219386e+01 4.329547466131855060e+01 2.334993468983093479e+01 4.338190186929281822e+01 4.566838376017428658e+01 2.428056071655620940e+01 4.563613832420487171e+01 5.071042036039543888e+01 3.001920367735900541e+01 4.365475158092068853e+01 4.174263133881860455e+01 2.467710867692468923e+01 4.473223227453414097e+01 4.726811786577935948e+01 4.724794462287645302e+01 5.035496156728790851e+01 7.019914625950190157e+01 6.513655406522622116e+01 5.103417276536534075e+01 3.955017140678401688e+01 5.955742797102377750e+01 6.748795128072056571e+01 7.576341942603087887e+01 8.800487847561480237e+01 9.351526966045526024e+01 7.939429011021714189e+01 7.525199401522891662e+01 8.525568133361865364e+01
8.582653206718614536e-01 1.503551957434100395e+01 3.536906204258259834e+01 3.972878204144269887e+01 3.090427938087485771e+01 2.133702515536259980e+01 4.057669328535446596e+01 3.363006344188636376e+01 3.730873211935611522e+01 1.904297838199372706e+01 3.107559801806157651e+01 1.756914990496538564e+01 3.302596304512186975e+01 3.402642892492924886e+01 1.860453920386072113e+01 3.305490392928528820e+01 5.363534444040905669e+01 4.363477198100166277e+01 2.307899416418466032e+01 2.170064135222786561e+01 4.172259926432664656e+01 2.573013758690042252e+01 2.721296424663237090e+01 3.620180439719436549e+01 5.093528459150508070e+01 5.248905111885741093e+01 5.430131285609508751e+01 3.688366547620341152e+01 5.689568667247549172e+01 4.337100118640319124e+01 6.337134101138001796e+01 7.053601019622155377e+01 6.801262934533315274e+01 7.740297037627253474e+01 6.524864538868844477e+01 8.524695130806155419e+01 1.035037844861421945e+02
9.616989121453964895e-01 2.040576508246473608e+01 3.471222995621416629e+01 2.608833093093709721e+01 1.077137368214160951e+01 2.460388606695050484e+01 3.157197283088505557e+01 3.321365884139925129e+01 1.767156834039510471e+01 1.013546759542583153e+01 1.109653632091111319e+01 1.205712236307180163e+01 1.303119615400503939e+01 1.400795847775257918e+01 1.499050415733311503e+01 3.502584176850023567e+01 3.750402171019462116e+01 3.854909132934236027e+01 2.007231844800595866e+01 4.012187964764124359e+01 2.364964546469434126e+01 2.803026625831374830e+01 4.724908696277549325e+01 2.937618391591517408e+01 3.091374420804994116e+01 3.246631569685909113e+01 3.428423136005918082e+01 5.430131285528878493e+01 6.517354456879112945e+01 6.335709516617147585e+01 4.729761562079792014e+01 5.054303186561033812e+01 5.387494370663956289e+01 5.740742275898710290e+01 7.740297037630573129e+01 9.102881895288460612e+01 9.102881895899203357e+01
2.866789980725219511e-01 1.844531656414040555e+01 2.232771600623808794e+01 3.593508702050454140e+00 4.463073894234582895e+00 5.342672795713125922e+00 2.533443870983379043e+01 7.874125043209176056e+00 8.781761008243764266e+00 2.874285202281214779e+01 3.107474964517849969e+01 3.204118365268896440e+01 2.716747839375906182e+01 3.402340896841434414e+01 3.429423535864079042e+01 1.642341335264837099e+01 1.745511845468306333e+01 1.849470620006048094e+01 3.854902207814032522e+01 4.840784820215557716e+01 3.790412897481063936e+01 4.804234150124182179e+01 3.455208782639561349e+01 4.924025366104581281e+01 4.518513911205543820e+01 5.248905111900692333e+01 3.587354589541916283e+01 4.744856185789164726e+01 6.815388706538330155e+01 7.553742886047962202e+01 5.624000669360633253e+01 5.798580555620655019e+01 7.386820596019551033e+01 7.740297037629446208e+01 6.470682234679316025e+01 7.103250439405731242e+01 8.517898965387435339e+01
7.776801193288799263e-01 1.504968805860028569e+00 2.367230033078132845e+00 1.511843864210989530e+01 2.398910589364128398e+01 2.512672390124283339e+01 6.592670854361487365e+00 1.410448849770591018e+01 2.790601418460022387e+01 1.306743866914519181e+01 3.306633831791964440e+01 4.581533862992051809e+01 4.720543705879487817e+01 4.714339028419312427e+01 2.714785056739813740e+01 3.647232373239837955e+01 3.748591786210889154e+01 2.145766728109254373e+01 4.126021192344821742e+01 5.290290197039313824e+01 5.844598309374097767e+01 5.921201674804625981e+01 3.928132263922525169e+01 5.880147785009563677e+01 6.569528640775821771e+01 5.957397667246393524e+01 3.850138819369135490e+01 5.957397667205313496e+01 7.646355503895834715e+01 8.450671956182060285e+01 6.778477486464531410e+01 7.798014661310203621e+01 7.063321138585553172e+01 9.062243269629439624e+01 7.885248911749384604e+01 8.470542907500878016e+01 8.517898965387435339e+01
5.059075238208947667e-01 2.050383106991696280e+01 2.238110789211699725e+01 1.921333219037693496e+01 3.221721293652041140e+01 1.347234142189048001e+01 2.658500268297602531e+01 1.843958299841507653e+01 3.627936256147210514e+01 3.306633754601251241e+01 1.751821814943621547e+01 3.754417325508083536e+01 5.065936178726917660e+01 5.542578799058376404e+01 3.870721561363898644e+01 5.543153833817452636e+01 4.960747050357550592e+01 4.135463459295925048e+01 2.583659812953793278e+01 4.566711096005538906e+01 6.514853855977271735e+01 6.764311581036564291e+01 5.925328870274064741e+01 4.713304274040154240e+01 6.686988473673763167e+01 6.310204448743181871e+01 4.193363759762426213e+01 5.451412454374404604e+01 6.897407001688101502e+01 8.897894176854579484e+01 8.777714454190434878e+01 9.604320185395434351e+01 8.477330656843570011e+01 9.888717485088182002e+01 9.883567729853156436e+01 1.046781333355926762e+02 1.051515562071553944e+02
