MOVIE_S3_data/elevation_000021.asc
nrows	100
cellsize	150.0
xllcorner	0
ncols	100
yllcorner	0
NODATA_value	-9999
[rows 0 to 16 of 100, columns 0 to 36 of 100]
7.773770046158816616e-01 2.077737700461552706e+01 3.999799837253499390e+01 4.478110330485156965e+01 3.650015134926452731e+01 3.992852288989224974e+01 4.351871239620840726e+01 4.743871807974885968e+01 5.160642840288871014e+01 5.607588438332543745e+01 6.435826700488594554e+01 6.607166232501326419e+01 8.606850932683137501e+01 9.177043455991322674e+01 1.000546044724282808e+02 9.245945991120474616e+01 8.406900744509796652e+01 8.776663133893970326e+01 8.776663133893970326e+01 9.615706340934535490e+01 9.490811550023758514e+01 8.650684768984761774e+01 8.650684768984761774e+01 9.244930068332543271e+01 9.477746971532081943e+01 8.637166079243374384e+01 8.465857630216893881e+01 8.877230753786707851e+01 8.037158756208911825e+01 8.541312290626412107e+01 9.081813426074083395e+01 9.693583186631315129e+01 1.041341202182632770e+02 1.125533975817177890e+02 1.243123052247034224e+02 1.265953144853360612e+02 1.182851533322096458e+02
1.667217412783970065e-01 1.171372712507101532e+01 3.171372712507137237e+01 3.185210591680942116e+01 1.650815201862504722e+01 1.993785335628079736e+01 2.352938320715080778e+01 2.745053260598148626e+01 3.161879185513872770e+01 3.608786959392639915e+01 4.608010644163747571e+01 6.607166232501326419e+01 7.762928890503287960e+01 7.177183458728806897e+01 9.177043455991322674e+01 8.080540947659008566e+01 6.391298290973842455e+01 6.758375328177586994e+01 6.758375328177586994e+01 8.776663133893970326e+01 8.650684768984761774e+01 6.633966352513219533e+01 6.633966352513219533e+01 7.224649467357866683e+01 8.311014523547299859e+01 6.619851821923290913e+01 6.450546253882382075e+01 7.384573662281549389e+01 6.025756410665366758e+01 6.524698153163771508e+01 7.059443360313353821e+01 7.664572433083087333e+01 8.377428619616516414e+01 9.550898156687534879e+01 1.159162787272221777e+02 1.166418174321033092e+02 9.844257343389098480e+01
2.375235533300354973e-01 2.023752355332968023e+01 2.758943593368005764e+01 1.185841144820139093e+01 3.185210591624666421e+01 3.992852288938840388e+01 3.507035199359926025e+01 4.743871807974885968e+01 5.160642840288871014e+01 5.607588438332543745e+01 4.424626129116174411e+01 5.056612208625916338e+01 5.763323016920881514e+01 7.762928890503287960e+01 7.609097346404684004e+01 6.773175817422128375e+01 5.240578682831515778e+01 5.345674194598592521e+01 7.349518140085802997e+01 8.312466679167727079e+01 7.474841358073821596e+01 7.224649500953935899e+01 5.223222322774420689e+01 7.224649500953935899e+01 7.411801857184310904e+01 5.467455373877267988e+01 5.040701246583051187e+01 5.380146790943053503e+01 5.979967898266991000e+01 7.990889268443679327e+01 9.081813426074083395e+01 9.693583186631315129e+01 1.041341202182632770e+02 1.125533960801556219e+02 1.066947522266991228e+02 9.843557005646327696e+01 8.850727672987608230e+01
2.578281697790204552e-01 2.025782816977866574e+01 7.594425148777009582e+00 2.758943593368016423e+01 2.599700781883073475e+01 4.598756315482686574e+01 5.505938732677741143e+01 6.334159906616459068e+01 6.089675420841423659e+01 6.089675420841422238e+01 6.423711708680728805e+01 7.055961454047995574e+01 7.762928890503287960e+01 6.975793072918459359e+01 6.141889922424584114e+01 4.776874534491979318e+01 4.356664564174126753e+01 6.347596167342197049e+01 6.993507035769172830e+01 6.404462502892612008e+01 5.471749638563329654e+01 5.839323818700225388e+01 4.627804458013994093e+01 6.621196503735633598e+01 6.181034289282912653e+01 4.582331868094697569e+01 6.575799755874602681e+01 6.793281848272557966e+01 7.990889268443679327e+01 6.980216847040790640e+01 7.986155570543793658e+01 9.420336951159053740e+01 1.145736211823976163e+02 1.124806639533121597e+02 9.261790159324125682e+01 7.844263133890288486e+01 9.843557005646327696e+01
6.835178870107115889e-01 3.511945003904266116e+00 2.350797144830855245e+01 3.587049525431280017e+01 4.598756315499168323e+01 5.426910973379699499e+01 4.826939074422997322e+01 5.280507889154221601e+01 4.107627851780441119e+01 4.107627851780441119e+01 5.506842984074913261e+01 7.496757394274091268e+01 6.922977841458532566e+01 5.805674786738743620e+01 4.153086581633071006e+01 3.637998758222675377e+01 5.620610734338816172e+01 5.979587067721698901e+01 4.996993777660147629e+01 4.414001147522012047e+01 5.178305277109009097e+01 3.856268188853044165e+01 5.590880634955878037e+01 5.802101397088946300e+01 4.193893440069792433e+01 6.181034289282912653e+01 5.727209371621673739e+01 7.734995778171311542e+01 9.652833518657149625e+01 8.406217571474520867e+01 9.843029856490082352e+01 1.085858812557015938e+02 1.060680326142059187e+02 9.778745690801950730e+01 9.309223225460843310e+01 7.299674899245239601e+01 8.072245391364006650e+01
8.765780624806145394e-01 2.087502542288559937e+01 2.924789083210826490e+01 3.576064965059379119e+01 3.558240837182115257e+01 4.025798586689080594e+01 2.851611763330286209e+01 3.303464307679622891e+01 2.714775735803170775e+01 3.698412731365247197e+01 5.095560545414932818e+01 7.083790296267910946e+01 6.116346073271899542e+01 4.152403784959803090e+01 3.014248095044219156e+01 4.993653778253377595e+01 4.406149868070841791e+01 3.992799424132263653e+01 4.745760955331989805e+01 3.019105363119208008e+01 3.200765326656831888e+01 3.405499313072648704e+01 3.611684352883784754e+01 3.820675015169289424e+01 5.802101395561064834e+01 7.015599379598437224e+01 7.734995778171311542e+01 7.363795897085212516e+01 9.386645841586228300e+01 1.043884953469941195e+02 1.034601306760038142e+02 9.518134433691575680e+01 9.451802171458601265e+01 7.777639836438991949e+01 8.244050150783390052e+01 6.792167552993531388e+01 7.961701413470174771e+01
3.336530771559016451e-01 1.281582652997117933e+00 1.351886465137466864e+01 1.983456407221829210e+01 1.205606311792027263e+01 2.803029884338750577e+01 1.455520820312373687e+01 1.910761404474310154e+01 3.882526965992192913e+01 5.511443231572848589e+01 6.503022537999554231e+01 6.263949822019638702e+01 6.055610875995396469e+01 4.045811954729337856e+01 2.645561381146097091e+01 4.169318577551830174e+01 2.424877240994231187e+01 2.594639708039566273e+01 2.766755362684341790e+01 4.745760954329735881e+01 4.003688257538617279e+01 5.383404489707429974e+01 5.590880634955878037e+01 5.802101394756688535e+01 4.335165637116544701e+01 6.324535524102546447e+01 6.913726280002286728e+01 8.931645946409790326e+01 1.022717958614595233e+02 1.092913098136861834e+02 8.933680527182126241e+01 7.515604439211335830e+01 8.251623260619183498e+01 6.615878876583664692e+01 6.236151533306565398e+01 7.894039778024044551e+01 9.456504957403457468e+01
2.692912384917900415e-01 1.793659744850005922e+01 2.626043811948739481e+00 3.578565160220343433e+00 4.534102610873364192e+00 8.536555984386385632e+00 2.840895641308644315e+01 3.882511886550596358e+01 3.882525990119587078e+01 5.862672490815327819e+01 5.684840084459024467e+01 4.272306490230833020e+01 5.004324162486826566e+01 4.275340339315866345e+01 2.293360467663044844e+01 2.186378461632045855e+01 4.169311259911005152e+01 4.574715032560349215e+01 3.649649974840340150e+01 4.719382274321034032e+01 5.991059694184363593e+01 5.403987014023342539e+01 7.418045743934710856e+01 7.159605879726245803e+01 5.477287329133219629e+01 4.915683215242752624e+01 6.913726280002286728e+01 8.294578093596690849e+01 9.135003191222472196e+01 1.014821372108907980e+02 9.408165245527145260e+01 7.404975766580001562e+01 6.248194256798469581e+01 5.728979329186924474e+01 7.725612957049888507e+01 9.030103989410073950e+01 8.982591796959819419e+01
2.740426242073276120e-01 2.027404253536513679e+01 2.255552941874339368e+01 2.350353671231145469e+01 2.445610220715654037e+01 5.935616994784375322e+00 2.584568592270015941e+01 3.547681577521895235e+01 4.383177632852704164e+01 4.955163949634273735e+01 4.855533488183098711e+01 2.871386848641124701e+01 3.019284854478751257e+01 3.726540639104057817e+01 1.951058664902866013e+01 3.935612844553821077e+01 4.936560229690857682e+01 6.401284849213929817e+01 5.620739114504552703e+01 5.603627938650518558e+01 7.398206298740977616e+01 7.418045744036076883e+01 8.263015307074874727e+01 8.320234513404251686e+01 7.481898081740553152e+01 6.063580224692992005e+01 5.616466174118544785e+01 6.280507985906250923e+01 7.282421575335935415e+01 9.306734611857463335e+01 1.023596054378935349e+02 9.080215848164399972e+01 7.397368410624092405e+01 5.412857681641225582e+01 7.004376726174280066e+01 7.827559858959355665e+01 6.982127721873074222e+01
8.627856460739585787e-01 1.500492126933598769e+01 3.500491999195932635e+01 3.992923252763613107e+01 2.003600164070872935e+01 2.585074668094560835e+01 7.348957951601384764e+00 2.725700922298962681e+01 2.394080025513594379e+01 2.974535002049680443e+01 4.245369032018724909e+01 3.421462180419630528e+01 1.613745810532329727e+01 1.740440907050601993e+01 1.988247866148730125e+01 3.732709734403863422e+01 4.525170919514931001e+01 5.405511610684877155e+01 6.551535914938125416e+01 7.541370201809939999e+01 7.810575837736634242e+01 7.289708810195664057e+01 7.995928175439716767e+01 8.836327812579962426e+01 8.914743061958222370e+01 8.075047388481924315e+01 6.430460315518372738e+01 8.294578093596690849e+01 9.135003191222472196e+01 1.014821372108907980e+02 9.945460902092473532e+01 9.116896791722278692e+01 8.226485746261703014e+01 7.004376726157377675e+01 5.036257492641787081e+01 6.629361166858240040e+01 5.583407438057067651e+01
2.490127916613376069e-01 1.439114841619772989e+01 3.439115024205145232e+01 4.821766253518405421e+01 3.991769109441987240e+01 3.362246458145980910e+01 1.521415246410364830e+01 8.776396603604801783e+00 9.855821312192139416e+00 2.971819170515110997e+01 3.251384203552876073e+01 1.437360712110219296e+01 3.425425766808035632e+01 3.130293797654068655e+01 3.969818882378310576e+01 2.346644372635919851e+01 2.606118077779690267e+01 3.744505501854661844e+01 5.719981824472876042e+01 6.642244487824517307e+01 5.818859267991526707e+01 5.307724898274397418e+01 5.998438166762400670e+01 7.141360059215818978e+01 9.163289931465779148e+01 9.286724734681601490e+01 7.589479473384373875e+01 9.286724734681601490e+01 9.601407674158753025e+01 9.382857322486944440e+01 9.116896791722278692e+01 7.120449168813652818e+01 7.705195139279823024e+01 7.832499019296280096e+01 6.632429245461131018e+01 4.679184588415719048e+01 6.617136311828957673e+01
8.485705281016824308e-01 2.084857052810132672e+01 3.555666488955882443e+01 4.495983306880148689e+01 5.018743393580562184e+01 3.023384387543002916e+01 3.120737573966113132e+01 1.163989475120304284e+01 2.974840919691381202e+01 1.139920397807284225e+01 1.262683128265464205e+01 3.251514821002336930e+01 4.250687963269238168e+01 5.045185012716141415e+01 5.275135575354427431e+01 4.468963002983086596e+01 4.579471310991669242e+01 2.995531841847000365e+01 4.965637116237402182e+01 4.859334597497636565e+01 4.434622861025030716e+01 6.403338658722285004e+01 7.995928175439716767e+01 8.836327812579962426e+01 1.000568258849553587e+02 1.045765075864801616e+02 9.616276781695137288e+01 9.601407674158753025e+01 7.600392916270054400e+01 7.381361375643727740e+01 8.796253900934533476e+01 7.705195139279823024e+01 5.726353737960457124e+01 7.705195139279823024e+01 6.397319705883714391e+01 4.450603587672921435e+01 6.397319705883695917e+01
5.097248530424480784e-02 6.885915740475370583e+00 1.562894677214515227e+01 2.975230018897322282e+01 5.284993993227267595e+01 5.018744524185283495e+01 3.435442617539354870e+01 1.454872147616161371e+01 3.435461773185686241e+01 3.130063981687742825e+01 1.482708892611582208e+01 3.459086217846659395e+01 4.083675163589897750e+01 4.364481556639245952e+01 4.364481556712465959e+01 6.351561375331773007e+01 5.789717842834142658e+01 4.913989162130474142e+01 3.398569464672338114e+01 3.694955516947697305e+01 4.574050666916035368e+01 5.562812313303574996e+01 6.712408912836319530e+01 8.133625165262725432e+01 1.016225320263926761e+02 1.042000979093469937e+02 9.264870217325815815e+01 8.436445663721659116e+01 7.728079924403391487e+01 5.970339685639229543e+01 7.967585965956713778e+01 7.005569052397007113e+01 5.047210133015052236e+01 6.691301914629909220e+01 5.869843505477606271e+01 4.224603179192357061e+01 4.774890782283021196e+01
2.550521787762166648e-01 2.025505217877586261e+01 3.555666488955882443e+01 4.495983420635992900e+01 5.918894590074237527e+01 4.113453906251891112e+01 2.614874744407434193e+01 1.754439695743618799e+01 3.731241018996249181e+01 3.459075903112829309e+01 3.459088129515006926e+01 1.838676472734619338e+01 2.115437827954018601e+01 2.399955797580967598e+01 4.364481556712465959e+01 5.582956666967647408e+01 6.619933106343849261e+01 6.179186372815312467e+01 4.785744428898680525e+01 5.673797919599383732e+01 4.300555487333527083e+01 6.286751234551890377e+01 7.624910098907689360e+01 8.385199190452249240e+01 9.225841163211040907e+01 9.592019021579396565e+01 7.590507253896831230e+01 6.432884792392971463e+01 5.733601240978050129e+01 5.279903819841824486e+01 6.327341637625673343e+01 6.320236689978109723e+01 4.437626254910293966e+01 5.581841417779094172e+01 3.927163214041295447e+01 5.292798752445131072e+01 6.734186884327009182e+01
8.916207294569349351e-01 1.503375635318776027e+01 3.503375635318705150e+01 4.773383598565439456e+01 6.151137946756464459e+01 4.211757126888493730e+01 4.056378553762753825e+01 2.079064908637268161e+01 4.056378553762753825e+01 5.437794754323933688e+01 4.432073317477394880e+01 2.466753133701555356e+01 4.083675223044812697e+01 4.364481556712465959e+01 2.826390729782897893e+01 4.659638236788684651e+01 4.808698117226914093e+01 6.680874350427029640e+01 6.773317449812377333e+01 7.120683204217067441e+01 5.700111770634008934e+01 4.997408658247622526e+01 5.623207332535506708e+01 6.373663329710125680e+01 7.791277043940044678e+01 9.819054091555778996e+01 9.264870217325815815e+01 8.436445663721659116e+01 6.836121941240715216e+01 4.865624298461297315e+01 4.374006714882790448e+01 4.777564273365737080e+01 5.581839289807606974e+01 3.636436633536030172e+01 5.581841417779094172e+01 6.691301679934602475e+01 8.089803645043514280e+01
5.108012481754142797e-01 9.307781201831886619e+00 1.925848444292876849e+01 3.322734632991203796e+01 5.358260395035974710e+01 6.153519905914430410e+01 4.395305039100988154e+01 2.419041007204750215e+01 3.816562239068099416e+01 5.792513756066160369e+01 5.127363082900016167e+01 3.160786651236109890e+01 5.127363082196610833e+01 5.540128915390091180e+01 4.122544497466402902e+01 3.280693379834482215e+01 5.184677773372625609e+01 6.544367138980673815e+01 7.291765959481793402e+01 8.139055277574240677e+01 7.703024184565722976e+01 5.883506367243914781e+01 7.624910098907689360e+01 8.385199190452249240e+01 9.225841163211040907e+01 9.510707486845564063e+01 8.688594066379664582e+01 8.834230468676831549e+01 6.836121941240715216e+01 6.836121941240715216e+01 5.790712998347967755e+01 3.843233153252617029e+01 5.290011619427096434e+01 3.446792056053777742e+01 4.566240551616323273e+01 5.943146461887202037e+01 7.924558533207650157e+01
5.195627768054871254e-01 2.051956277680513097e+01 3.506402566336903703e+01 4.334829691083123748e+01 5.334829691083141512e+01 6.153347797412588704e+01 4.176978357800707187e+01 2.781092732244609778e+01 4.176978357800707187e+01 6.153347797412588704e+01 5.959019594221917515e+01 4.544028516627995629e+01 5.127363082953353768e+01 6.682534861954975725e+01 5.659035863215018480e+01 3.749871231865602539e+01 3.988543204834573430e+01 4.529915118441466859e+01 5.236771236787716077e+01 7.291765959481793402e+01 8.727925783974515639e+01 7.296419799596431233e+01 8.727925783974515639e+01 8.757714955748176067e+01 9.587734723518288149e+01 8.688594066379664582e+01 6.714103472378002380e+01 7.292418377972035159e+01 8.112153541151693048e+01 8.019920687897987932e+01 6.611976157900436135e+01 5.290006746780495916e+01 3.344876417653603795e+01 3.262643698841435480e+01 4.381939218032426453e+01 6.338676404854490443e+01 7.399552522240864505e+01
