MOVIE_S3_data/elevation_000646.asc
nrows	100
cellsize	150.0
xllcorner	0
ncols	100
yllcorner	0
NODATA_value	-9999
[rows 51 to 67 of 100, columns 0 to 36 of 100]
8.885398060199247716e-01 2.088853980601956906e+01 3.455486467805020112e+01 4.273764054235414989e+01 4.948255554142772183e+01 5.444170495512580743e+01 3.638045251109537759e+01 5.444170495512580743e+01 6.226536563415997705e+01 4.283480590860368409e+01 5.016021128790222150e+01 3.709141740318933955e+01 5.487478102117567857e+01 4.473508643244475991e+01 6.469533728756692881e+01 7.790431193669952847e+01 8.337289608111437644e+01 7.512005535344390239e+01 6.427169202477979582e+01 8.251826755873386787e+01 7.933906197212495215e+01 6.110508325675530017e+01 6.375135745662174713e+01 7.669123734996738051e+01 6.935769526596806145e+01 8.347682840123164283e+01 1.033942205794466673e+02 1.046655378397071985e+02 9.648942291404915750e+01 9.463271875822128720e+01 8.056248974256811834e+01 8.640069383936017289e+01 8.670537531528417219e+01 6.844810554232940092e+01 7.561121549531469554e+01 6.245436413144533816e+01 8.248337406448112574e+01
1.344321116831868057e-01 7.204493838066299283e+00 1.475456241524030254e+01 2.864952620156369534e+01 4.773770584107805348e+01 6.431973192135640716e+01 5.619792842561515300e+01 6.431973192135640716e+01 7.024412182572942243e+01 5.664273915618813504e+01 6.239552357574962826e+01 4.738239597141681259e+01 6.632439037732635256e+01 5.881989188400292079e+01 5.738939009200717578e+01 7.146996736342045153e+01 9.126266159387805033e+01 9.249765108843681105e+01 8.425680778175818375e+01 9.249765108843681105e+01 8.931155607297711185e+01 7.523086600791100409e+01 7.528515455843964332e+01 9.194977982846212683e+01 8.931049750667884268e+01 9.753908578801016915e+01 9.994093693253471145e+01 9.273375989378844508e+01 1.009666290228210528e+02 8.640069383936015868e+01 6.640000252816162174e+01 7.570987464148426227e+01 7.845298570670756533e+01 5.844520175518492522e+01 5.560308683575088651e+01 6.044628533342699939e+01 6.578540380352872319e+01
8.052006432555327553e-01 2.080520064325517637e+01 3.455486467805020112e+01 4.273764054235414989e+01 5.240202431308249942e+01 4.648668814928108617e+01 5.357977262005550756e+01 6.188922379490019665e+01 7.190378117960611348e+01 7.583958673343778401e+01 7.772551825346022270e+01 6.947077834137780883e+01 7.856253836274765945e+01 7.829073292709600196e+01 7.726711328556964986e+01 8.546561101718805276e+01 8.371682864283006609e+01 7.533459698744526634e+01 7.533459698744526634e+01 7.723098310480614259e+01 8.561584387484298020e+01 9.517205134677342926e+01 9.522658354219942112e+01 1.034466706157156750e+02 9.664921565137515813e+01 8.841145347390364861e+01 7.997128579716073205e+01 7.273038072668779819e+01 8.118480354696073675e+01 8.703069306535111593e+01 7.570987464148426227e+01 5.570863211667491299e+01 6.676504705749766799e+01 5.089484997096004548e+01 6.501436932627056819e+01 7.460853318277513324e+01 8.583964641711582999e+01
2.804825088837598068e-01 1.442261813261483461e+01 3.442261813261553982e+01 4.651801557357114092e+01 3.231188643112260905e+01 2.631743470858097922e+01 3.344263137367705951e+01 4.357833543037672541e+01 6.358120980973431813e+01 8.196061127243173416e+01 7.358970815972367063e+01 7.093987848727876155e+01 7.930057725741700381e+01 7.598958162272654704e+01 6.761678535430893078e+01 7.598958162272654704e+01 7.533459698744526634e+01 5.520822251174239170e+01 5.520822251174239170e+01 5.709200462182607083e+01 7.397103526233283333e+01 8.879470430580990126e+01 8.045851980736289022e+01 8.879470430580990126e+01 8.841145347390364861e+01 6.839334340402757562e+01 6.579126022990362799e+01 6.116535079195990221e+01 6.116535079195990221e+01 6.702891274825593371e+01 7.140993942727803301e+01 6.314548078238933471e+01 4.677410670453162567e+01 6.676504705749766799e+01 7.915252623295130263e+01 9.272337990375037009e+01 1.028854158608104257e+02
7.810880442414250835e-01 2.078108804424106992e+01 2.764482286499638874e+01 3.130402504695391031e+01 1.814662625761550885e+01 3.777258801383209885e+01 4.434310211309600191e+01 6.105012688949290123e+01 7.190378117960611348e+01 7.358970815972367063e+01 5.336075243465742091e+01 5.073860924804688466e+01 6.766068185354461662e+01 6.592057821445898469e+01 4.751013926362066542e+01 6.592057821445898469e+01 7.376702852103059627e+01 6.110310111497592089e+01 4.104817967531740663e+01 4.552732482488114130e+01 6.560373845645354152e+01 7.876042088935965069e+01 6.041346491333113988e+01 7.876042088935965069e+01 8.717772217645259047e+01 6.717704837231120507e+01 5.423276486951490227e+01 6.702891177173526671e+01 4.702464302392288431e+01 5.808276858045392288e+01 5.964679044158280874e+01 4.315938677803381296e+01 6.314548078238933471e+01 7.435111684342966498e+01 8.300259148888900995e+01 7.473273721906490152e+01 8.353658778724035017e+01
7.232205343510359485e-01 4.153192246183695424e+00 7.634745537000038773e+00 1.128623122477676333e+01 1.835770939231234067e+01 3.251211489384042608e+01 5.254660172205363722e+01 7.012100676387819931e+01 6.820849462631971960e+01 7.587325821884435584e+01 5.928567639020690194e+01 3.904216846777166694e+01 5.928567639020690194e+01 5.756346230896484428e+01 3.754512106298768970e+01 5.756346230896484428e+01 6.540081902495414568e+01 4.531698699643069261e+01 3.397166733780053960e+01 5.401261564190293996e+01 6.497143032902999948e+01 6.966971357615774707e+01 5.042283080507362314e+01 7.043599236034694400e+01 8.325297254634945432e+01 6.717704837231120507e+01 4.716806841873489731e+01 6.422375450894723770e+01 5.594648754373517363e+01 3.809757254401431226e+01 3.966026171751465057e+01 4.171720831456981671e+01 6.170519354059810269e+01 7.293712973706384162e+01 7.103199872415268601e+01 5.447440993931603970e+01 7.447032447532150456e+01
9.494692443194679976e-01 2.094946924431911128e+01 2.764482286499638874e+01 2.283692200945201378e+01 3.838412164043200647e+01 3.251320143800801077e+01 5.255777681652052280e+01 6.526309893190492062e+01 4.933188599103939254e+01 6.526309823261857446e+01 5.318261545905020427e+01 3.285290540355062205e+01 5.318261545905020427e+01 5.089068189363911898e+01 3.106425316266534509e+01 5.089067424097798664e+01 4.944065187188603971e+01 4.900248542304345989e+01 2.896638443043138977e+01 4.900249058261642432e+01 4.493773565937856773e+01 4.964985024621218201e+01 4.335493416024607427e+01 5.489535428196595745e+01 7.492356283611049150e+01 6.140095339110767725e+01 4.140383099949445977e+01 5.384320765632364214e+01 3.596266943586153531e+01 5.594809559873539939e+01 5.378575075197051802e+01 6.170519344970551145e+01 4.467518320696861878e+01 6.466373634675177584e+01 5.104984532821310950e+01 7.051885625509119393e+01 5.802793460887967569e+01
2.836664262828419991e-01 1.442580205001366700e+01 3.442580205001295468e+01 4.287030289264183125e+01 5.117246004650256452e+01 5.255777681659686351e+01 6.085913074113339150e+01 5.741294462208596627e+01 3.829083020245304425e+01 5.474372851939309470e+01 4.774969003666148382e+01 2.727806486462378999e+01 4.774969003667668943e+01 4.516720460407240267e+01 2.518176053175200835e+01 3.761349536019024953e+01 2.938969311616845914e+01 4.358518280043364257e+01 2.469955408988268175e+01 4.463655069280253684e+01 3.078852085407959649e+01 3.550722194161803458e+01 5.551353245712651585e+01 7.167602336828815623e+01 7.802670266599496074e+01 5.798005638992779609e+01 4.384175252821988522e+01 3.385350211152696431e+01 5.384320765632356398e+01 6.422650015937497869e+01 7.379658441088432141e+01 7.293653535216697037e+01 6.464371086804980848e+01 4.772036201159951929e+01 6.770205751100564839e+01 7.872860198802008824e+01 7.790361803582419498e+01
1.404418693552202946e-01 2.014044186935486636e+01 3.788957068565159148e+01 4.942588977058050403e+01 6.599643173730429169e+01 5.791038504726517289e+01 6.134460646517332805e+01 5.021770453982797733e+01 3.107084314600536956e+01 3.527531473162316900e+01 3.609789953079835811e+01 2.217297696253891814e+01 4.278490928580729502e+01 4.624684997680433440e+01 3.761343463533558662e+01 1.499120174306255038e+01 1.519702639135256206e+01 3.526249326510598081e+01 2.052412885777120621e+01 2.461169223781709547e+01 4.463655078624346118e+01 5.551353244535147269e+01 6.069159002438092188e+01 5.287780422271398351e+01 6.143140946150506210e+01 7.162624861864927084e+01 5.241478342002882584e+01 3.243855948782026388e+01 5.046686123228643339e+01 5.809566100618224027e+01 6.663996246207658203e+01 7.679009643699610876e+01 7.597087718402880796e+01 5.664924367712336561e+01 5.925047426640313830e+01 7.079810904781055569e+01 9.080541898248895905e+01
6.646099058385387393e-01 9.608881806982097373e+00 2.115588365413059790e+01 4.115388300733834370e+01 4.688706269779152080e+01 3.815866870980160996e+01 5.159567450975814751e+01 3.558117541557712826e+01 3.559514086381874165e+01 2.184729434152677996e+01 1.539702064880910726e+01 3.044502077176724342e+01 3.124782694576347097e+01 2.619846376404122168e+01 3.289478268090000768e+01 1.404125531939044791e+01 3.407227763807257759e+01 1.640795426819486380e+01 3.646522462068796955e+01 3.744257838110814163e+01 4.674231927139705789e+01 5.121299134001601061e+01 4.278790600003637223e+01 3.315962007677246959e+01 5.118929126384357176e+01 6.027307576171298820e+01 5.649822006594123991e+01 4.839255886831311670e+01 3.044399190034999236e+01 3.801079523003303962e+01 4.800432654882247618e+01 6.822275921714485492e+01 8.491898946012688043e+01 6.818959471795973570e+01 7.925711387158631283e+01 8.749555900091934291e+01 9.900324026933316190e+01
6.164072599657668405e-01 1.475854288369684220e+01 3.475854288369754386e+01 4.071747795705775985e+01 2.670139550454072364e+01 2.667922042171613484e+01 4.371889835810944902e+01 2.402990817473484242e+01 1.744633652791447176e+01 2.845910338514971016e+01 2.176585941833715765e+01 1.037209396802527372e+01 1.120795903793220560e+01 1.203649436301484599e+01 1.286353766811667576e+01 3.288823904819756905e+01 4.122786626997309867e+01 2.190604688524671673e+01 1.770409763613485410e+01 1.861496033684023033e+01 3.863889294472341618e+01 4.054197982212993168e+01 2.219601230007469539e+01 2.317984488268728782e+01 4.320804683766468202e+01 3.982067392753103974e+01 4.636345340309743790e+01 2.851121983239718460e+01 4.860380458760553779e+01 4.309877050348447369e+01 6.322197583916073427e+01 7.689358150882127063e+01 9.646813437230029820e+01 8.821267183524379618e+01 9.166964220838892174e+01 1.000765464354663834e+02 9.862714868581105065e+01
7.616414269703414286e-01 2.076103638089302095e+01 2.930623812529391259e+01 2.331694425791567582e+01 1.300289844779077342e+01 3.250476438250729672e+01 3.454197896605239748e+01 2.646228189236719786e+01 7.520408691687213931e+00 8.371709327348821006e+00 9.200148048061311812e+00 2.923597003675728345e+01 3.124159834321497442e+01 3.206940138386762129e+01 2.042576118780176841e+01 4.007303371386982604e+01 3.194107031868658453e+01 4.162458743250222426e+01 3.773699459765560249e+01 3.757086213197661095e+01 1.989881811149675173e+01 2.081000813897813373e+01 3.981713929143109709e+01 4.306341861086560385e+01 2.458731985012776633e+01 2.558805406512910352e+01 2.659959092868180619e+01 4.665053041798806532e+01 5.639543820329352286e+01 6.306656167043374239e+01 6.317773385043530965e+01 8.345099559543179168e+01 9.235540403132064569e+01 8.838123321053566883e+01 7.142647406763958884e+01 8.838120633405286242e+01 8.847946086432781954e+01
8.582653206718614536e-01 2.085826532067150652e+01 1.148996894068652352e+01 5.730350851619320451e+00 2.304108314035983796e+01 2.479223168183036208e+01 2.555654935049613030e+01 6.301586171375697987e+00 2.664639446460682137e+01 2.851464358436349400e+01 1.208885428928944705e+01 2.738088806817088283e+01 3.995358279980767691e+01 4.818244346294150660e+01 3.183896647762738752e+01 4.826308915271206956e+01 4.133280291612737045e+01 6.095725354047466027e+01 5.412803608910873265e+01 3.406510819385172084e+01 3.990157549841494955e+01 2.332267288279220807e+01 4.291886170801804923e+01 5.235842159348300129e+01 4.461419655893502778e+01 3.562307491669296411e+01 4.664997635923165120e+01 2.879038460165346436e+01 4.295459005163274213e+01 6.305857086238836473e+01 6.790312512754061913e+01 7.621869846846128382e+01 7.220169015865661777e+01 7.220169015865661777e+01 5.996314261278043034e+01 7.831426412888410482e+01 6.994132246669532549e+01
9.616989121453964895e-01 2.096169208702723097e+01 2.044327506317485277e+00 2.776147263056949921e+00 3.522135672109401039e+00 4.289406833604139102e+00 5.089838019565767091e+00 1.045823862435623930e+01 3.052196097617115456e+01 4.160092221660703160e+01 3.247345128227910038e+01 1.605449950467005493e+01 3.593403120844938314e+01 4.890117571114274853e+01 5.137471120703478533e+01 5.966330856087392220e+01 5.345234939805503416e+01 6.997333258882279949e+01 6.254655506758923877e+01 5.418783631663866629e+01 4.553840890326534918e+01 2.584829040226258812e+01 3.967242864445913852e+01 6.001924218682433576e+01 5.569385863453897656e+01 5.563871249049332590e+01 4.431924140875847939e+01 3.035306689324260176e+01 5.038916223968617203e+01 5.698533903202847029e+01 4.845728695671311925e+01 5.855695193546392829e+01 6.045323749891564802e+01 5.255705072899252173e+01 5.213772860793182673e+01 6.649022715074566747e+01 5.031620672155682428e+01
2.866789980725219511e-01 1.013591362257336703e+00 1.515355322723199372e+01 2.901559920095114720e+01 2.409425276331741728e+01 2.479866362928172663e+01 1.007109840329306572e+01 2.940692528888353507e+01 1.812957675843911431e+01 3.797644836733176987e+01 4.433471964774113871e+01 3.593465982669230385e+01 2.028949444126130430e+01 4.051547248816640234e+01 5.429519949753699848e+01 6.595021000276700818e+01 7.331306401709129261e+01 8.125033062303378983e+01 7.188390703827417383e+01 6.234415207402172854e+01 4.224446901618947692e+01 2.839834391664438229e+01 4.785783886478402138e+01 6.184878213397662705e+01 7.568460177274880607e+01 7.129000480130872575e+01 5.829650635261927505e+01 5.021647950679522410e+01 3.259930498289789824e+01 4.475685144983918207e+01 3.747015061016693238e+01 3.940590070223265684e+01 4.133262980004175802e+01 4.324651528518545973e+01 4.516992899166380937e+01 4.714719142120950579e+01 5.416385692346211300e+01
7.776801193288799263e-01 1.896165797128290365e+01 2.882286965647948307e+01 4.304013601467021743e+01 3.765827576834401214e+01 1.754020152461921001e+01 2.944512624518192823e+01 3.778321567296538319e+01 3.797644836733176987e+01 2.663509683859210142e+01 4.640737692350703725e+01 4.770621667697185586e+01 2.736766719866655251e+01 2.560264840412580867e+01 3.737704596206308594e+01 5.760091584498945849e+01 7.221653344309947897e+01 7.792066875249000191e+01 5.756020216769270093e+01 4.324230965731104703e+01 3.661062420045637111e+01 3.297670118579159038e+01 3.376363501495867325e+01 4.792342100801851501e+01 6.851253057168095495e+01 7.356656846976117947e+01 5.351799814070330541e+01 3.944483929482187534e+01 5.263153648002261775e+01 3.500126703030936426e+01 5.531606182330234134e+01 4.321234615799600220e+01 6.045323749791226930e+01 6.237937044382452711e+01 6.437430266190926886e+01 5.297413321638413919e+01 7.270913256764960408e+01
5.059075238208947667e-01 2.050577591113847475e+01 3.707552626172024191e+01 4.920873659783151766e+01 3.765827619689353867e+01 3.765853197653174789e+01 2.821247416235738825e+01 4.850573702547007571e+01 5.298663806794914422e+01 3.324885463462283752e+01 5.298663806794914422e+01 5.610645874290644741e+01 3.649007939678637769e+01 4.595599671018630517e+01 3.177513073543451938e+01 4.350329296073255847e+01 6.381115343505130255e+01 7.783063690228298981e+01 5.755646146393974760e+01 6.349448267517433209e+01 5.673741716695207060e+01 3.783598568947488161e+01 3.800886600304610141e+01 5.231423761546997042e+01 7.245685080747668394e+01 7.577466868683058010e+01 5.570785011418175259e+01 4.542628458050290874e+01 6.418139632682246543e+01 6.231270809006673517e+01 4.879204363261389688e+01 6.208338404616982587e+01 4.900607292101381773e+01 6.813131737165193158e+01 7.978392811322613909e+01 5.977481116625394009e+01 7.978392811328420464e+01
