MOVIE_S3_data/elevation_000896.asc
nrows	100
cellsize	150.0
xllcorner	0
ncols	100
yllcorner	0
NODATA_value	-9999
[rows 17 to 33 of 100, columns 0 to 36 of 100]
4.336683913182175498e-01 2.043366839131786250e+01 2.848844145691947105e+01 1.383477985724105963e+01 2.797734494150091322e+01 4.507425672725081967e+01 5.084545693068770333e+01 5.750786495550089228e+01 6.578374954378895723e+01 5.308680609022925978e+01 3.138292785908518923e+01 1.904599234137709374e+01 3.320511125926972795e+01 4.833911015477969642e+01 4.377343622818200686e+01 2.535175530452628578e+01 4.377388146098621746e+01 5.313110511965148675e+01 3.908337875402546757e+01 4.070881097480889110e+01 1.910405584454052175e+01 9.215520121067264370e+00 2.866771623103305799e+01 1.373912833317118398e+01 2.126242757352213175e+01 3.523924482285722348e+01 5.510394118181370260e+01 4.825894733078538223e+01 4.576190349368528842e+01 6.472471787102934115e+01 4.853099272039492007e+01 6.370665725591223350e+01 5.420273433923749451e+01 6.280368068733982057e+01 7.364343855945310224e+01 9.255583020782253811e+01 9.014084539313469691e+01
5.385724909496417689e-01 2.053857249094928505e+01 8.489445994961942077e+00 2.848844145691947105e+01 4.211271089943152646e+01 5.624807685736242746e+01 5.507132687519294478e+01 4.607825608594470168e+01 5.507099105783138526e+01 5.101915716013707680e+01 2.902143276037538655e+01 1.304261513734958555e+01 1.742124804320430442e+01 3.303473694551671969e+01 3.191210918376649630e+01 2.065084142381589771e+01 3.845581612218943235e+01 4.504257439737932600e+01 2.752928725346086125e+01 3.712980953050480082e+01 2.864831182912797658e+01 8.851892974413408055e+00 1.084443035096070140e+01 2.496364854611731587e+01 4.070221065372213332e+01 3.679661939924103109e+01 5.522755064066824815e+01 6.717533547175085573e+01 5.935872179225745526e+01 6.476069319481652542e+01 5.973497220099657312e+01 7.540746713871834572e+01 7.321434856378186851e+01 8.114014038322790157e+01 8.962030000086927828e+01 1.006427039336757616e+02 9.061173648322410656e+01
8.336531950628578436e-02 3.481397359292260241e+00 2.348905434337337539e+01 3.658003542519438156e+01 4.059471990631528371e+01 4.802915522558748052e+01 4.394348621479066708e+01 2.365663202721350444e+01 4.395477365457274033e+01 4.017137925023632050e+01 3.898161917557945344e+01 2.705342345845148344e+01 6.283222377404481307e+00 1.687069438741341898e+01 1.489333808609174170e+01 3.162632381290565320e+01 4.476048810907623476e+01 3.758554740192138865e+01 1.832662458452273668e+01 2.787236030334453574e+01 8.345867034484610869e+00 1.265855191352179965e+01 2.418500281607458291e+01 3.811034115305696446e+01 5.222124989857495336e+01 5.522760036653659910e+01 6.058448424657292009e+01 6.963569591223138389e+01 7.772030784460291386e+01 8.301402293765829654e+01 7.850898610243383757e+01 8.614366073632947973e+01 8.595825071536057749e+01 8.015696577944633816e+01 8.015665412707799931e+01 8.840042559715773507e+01 9.896695170846385281e+01
4.524162703296725763e-01 2.045240619994193310e+01 3.100754343584598871e+01 2.439599854786054323e+01 1.919658814327967633e+01 3.694456212629341962e+01 3.482441739054274166e+01 1.275966523859025692e+01 2.457453446243718176e+01 1.848998023246354805e+01 2.469114920246583722e+01 4.869357457350174556e+00 5.201785878950167863e+00 9.541283313307475922e+00 2.275944858870350629e+01 2.560087069093003009e+01 2.517123450220989511e+01 2.704835866033161906e+01 2.679527877161541838e+01 7.839987826171165075e+00 2.726998152870497094e+01 3.256843124903455333e+01 4.002066428249897001e+01 5.018085793887338752e+01 5.097655926729605369e+01 4.967736025459217331e+01 3.940080455212930843e+01 5.605673131560946842e+01 6.777039453310841566e+01 7.117673788313416594e+01 6.537304863676513378e+01 6.826208885617144517e+01 6.614832400668389312e+01 6.034784081351012475e+01 6.034784341898559745e+01 8.015596286823974026e+01 8.974150359885777561e+01
4.402443450947634007e-01 1.792546725258685569e+01 2.108642379761409913e+01 4.893913076085244285e+00 1.590091201107844299e+01 3.316411213077275022e+01 2.856662424061835992e+01 5.756877506891616036e+00 3.734624091281883995e+00 4.066998268448356768e+00 4.399543361188215762e+00 1.454358264069179185e+01 2.185982405815021679e+01 5.674644137198496807e+00 6.010801951974003465e+00 6.347147292454994094e+00 6.684124594007077036e+00 7.021934638284118790e+00 7.360390211171131902e+00 2.675457549691725134e+01 9.362246929249709027e+00 2.937119262728160507e+01 3.913487620403509482e+01 4.412919074215959370e+01 3.030998238358536412e+01 3.102383615263319427e+01 2.727452086159559386e+01 3.907789518307396293e+01 5.943415542931629147e+01 5.125986711639138349e+01 4.541893133912577696e+01 4.835127131096849240e+01 5.723714930313990834e+01 4.622309082749228537e+01 6.614481501342521597e+01 7.570583967620733290e+01 6.989855857374027437e+01
4.237187090225543740e-01 7.513674802155807519e-01 1.079104017577311003e+00 1.407015717256531406e+00 2.038990915161792827e+01 2.821753391699228786e+01 2.304755578090020407e+01 3.265384630560050461e+00 2.054036811637636717e+01 1.720258915958041257e+01 2.345365650665591062e+01 2.670263913973775161e+01 1.001724171901036087e+01 2.703692238116632751e+01 2.633626717756102664e+01 2.023478523135784357e+01 2.060181571863253325e+01 2.701531804483673938e+01 1.122056105286615058e+01 2.986975932696004676e+01 2.903828088223780313e+01 1.088944790106746296e+01 3.089436064258910974e+01 3.402473386772060593e+01 1.586604399213423555e+01 1.719098285233017265e+01 3.722778316067697091e+01 4.743708714461695308e+01 5.557937817855005136e+01 4.732408256292614368e+01 3.119650806513157448e+01 3.413536191032298461e+01 3.721084679727789535e+01 4.116824963322613939e+01 4.829479914163701437e+01 5.587752604211954832e+01 7.571042261288526731e+01
9.142864485297492738e-01 1.954825764973104896e+01 1.511435611934207834e+01 2.143019775070038335e+01 1.871431153753697396e+00 2.080963508714118504e+01 2.798385594891303896e+00 5.592019893788864771e+00 2.511838429417896990e+01 3.261095413122941267e+01 3.702521928592993561e+01 3.056857880539449823e+01 1.317342396586051478e+01 3.182181808073114127e+01 4.277964623722288451e+01 3.892638002795199981e+01 3.919360801157173313e+01 2.975848065587305413e+01 2.991604599092216432e+01 3.783843083568233112e+01 3.238903148329881532e+01 1.288614144256192873e+01 1.271355853637030542e+01 1.400822411982259652e+01 3.402934377105503216e+01 3.722778316067697091e+01 1.912013902261166720e+01 3.916764627345592231e+01 4.366005128097928178e+01 2.725134756398156810e+01 4.732182495431354852e+01 5.417716184383235145e+01 4.622309062157719239e+01 6.115894386962529694e+01 4.829479914146234165e+01 5.464692030303939418e+01 6.129798278902465114e+01
9.064013007315497861e-01 2.090567970136024201e+01 3.427291840273399970e+01 2.342801301351111576e+01 3.053567231089815426e+00 2.335243167234264394e+00 2.103092748946105317e+01 2.485036111677775494e+01 9.610756299778994816e+00 2.923959699749202912e+01 4.004973497027969387e+01 3.887051863862389212e+01 3.207006658100043950e+01 1.782252727358473621e+01 3.640572351764831893e+01 4.485171980144114201e+01 5.273582320802247381e+01 4.959229981965602008e+01 4.976841682839428671e+01 2.975952932133999695e+01 1.572762080914404237e+01 3.281273515159827525e+01 3.273770801444099732e+01 2.556204724131770689e+01 4.200283386553911669e+01 4.743708761663778972e+01 3.916764627489025230e+01 2.107221733391566687e+01 2.358991970275235772e+01 4.366005128326109030e+01 4.147429640723409960e+01 6.145238473993227046e+01 5.777642311630157224e+01 7.436052482156149779e+01 6.239936793901949841e+01 6.456264256127509782e+01 8.104106163527676188e+01
3.063610709598194592e-01 2.030636107095946485e+01 3.831100547746056861e+01 3.273321756320010678e+01 1.676400518966573117e+01 2.198471862242117325e+01 1.296142206211855452e+01 3.214746092466835847e+01 2.925674478507980680e+01 1.374319275270532970e+01 2.772308081886057352e+01 4.730695058052391033e+01 3.640929206608576152e+01 3.640929206750826808e+01 2.268649869293744459e+01 2.633730474799512677e+01 4.485673030787177140e+01 5.870779409397215431e+01 5.084618653593960147e+01 3.767990855423807517e+01 1.774657463744108199e+01 3.767990855902983327e+01 4.966228329828152965e+01 4.547388693622797717e+01 5.357455991549826990e+01 5.720537095985982035e+01 3.697837508192049683e+01 2.273042230275011732e+01 3.093228351158060008e+01 5.100397985090674524e+01 6.145354703082232106e+01 6.969954513610977642e+01 7.758004643026167457e+01 8.577785491730037393e+01 8.218545355583827927e+01 8.435483880554563996e+01 9.260172594150712655e+01
2.739570439748240105e-02 1.002739570444616390e+01 2.416953153012805799e+01 4.416959058904059532e+01 3.751498748479220779e+01 3.266641007627803361e+01 2.711374658964655282e+01 4.037990285784267996e+01 2.429533760790033270e+01 1.711425023232954601e+01 3.690226111396829367e+01 5.062599214868771469e+01 5.528749357192165093e+01 4.906169350093335879e+01 3.320378654629532633e+01 4.485673030318214671e+01 3.200951874146337417e+01 5.076167898956617819e+01 4.258317989517956192e+01 2.247294515878034460e+01 3.767990855902983327e+01 2.141268326233950603e+01 4.147080354794591983e+01 4.546019847248423673e+01 6.537515690109606226e+01 6.117325103536362008e+01 4.368528648694255878e+01 2.444511383367059665e+01 4.452507281554125740e+01 4.515197756381940764e+01 5.930686653245384576e+01 7.923062308101768281e+01 7.625911966589031010e+01 6.801757556224460188e+01 7.284106112735382510e+01 7.813579269133082050e+01 8.409258938648294190e+01
1.758338105654860817e-01 2.017583381056513048e+01 3.227885370068627680e+01 3.927272640756252287e+01 4.746436710091224853e+01 5.289093941408409449e+01 4.814375689419537707e+01 3.669828576208242765e+01 4.373005978310226993e+01 2.465784058291543701e+01 2.285436929174179355e+01 3.693678890108500212e+01 5.628340240167318598e+01 6.000203646585485018e+01 5.204262446469120817e+01 3.842715524287827122e+01 5.076167898855421612e+01 4.792837734061863131e+01 2.770650071163931472e+01 3.670850135363804867e+01 4.970858935276589108e+01 4.147080355416050423e+01 2.531474163292208601e+01 4.546019847255456625e+01 6.476512618073198269e+01 5.522706675330954340e+01 3.608612121510648763e+01 2.618256017098213206e+01 4.627300984213940893e+01 5.708669377450892313e+01 7.336432143471114387e+01 6.995306915493230804e+01 6.170567848506307485e+01 4.805760444179120583e+01 5.295332065876660010e+01 5.832472122399118319e+01 6.433612979623444517e+01
4.683972685643240652e-01 6.015384072160397722e+00 1.233959095547156437e+01 1.940750656608127045e+01 3.089561392640297299e+01 5.044867796523811165e+01 6.327515502944125814e+01 4.765469743227403399e+01 5.236115580221846955e+01 3.363080460054339937e+01 4.260328080241206550e+01 2.941909992637606663e+01 4.082108999935636007e+01 6.001906948010857690e+01 6.237948153726466671e+01 4.320806713066038185e+01 6.237948151968224408e+01 5.184625682660714574e+01 3.160694505798421972e+01 5.184392284920389216e+01 6.490666436852376364e+01 4.840053550076839883e+01 2.824260042656483805e+01 3.655678792666891042e+01 5.657151265536222695e+01 6.355090514469617347e+01 5.377440085916150991e+01 4.041377663893572247e+01 2.873429932037288381e+01 4.882916687898114816e+01 5.371044167240446399e+01 5.592076276804029789e+01 4.166550299766040411e+01 6.170567848506307485e+01 7.284106112735382510e+01 7.813579269133082050e+01 8.409258938648294190e+01
2.051881798473268459e-01 2.020518817984697080e+01 2.599500704561775066e+01 3.927272640756252287e+01 4.746436710091224853e+01 5.848367215234829786e+01 7.405167668124281022e+01 6.618291004913901077e+01 6.102348051042286414e+01 4.490266090938472132e+01 5.391719803279219292e+01 3.462165737933905518e+01 5.391719803279219292e+01 6.805978810236602783e+01 6.788093159145057598e+01 4.869777207726640000e+01 6.788093158823932072e+01 5.600626068507037303e+01 3.577646903465574724e+01 5.600626068507037303e+01 6.567032353250503718e+01 4.580225191502575655e+01 3.150671237205229858e+01 5.162147536268533798e+01 5.294053726690940920e+01 7.272750040258108584e+01 6.866918600611853662e+01 5.320888437853351860e+01 3.313081402827209843e+01 3.158170416024173832e+01 3.361771697527774450e+01 3.583205364383861991e+01 3.853043378110866257e+01 5.861416389449094311e+01 6.726217258039010005e+01 7.226727331268421040e+01 7.759397156227433356e+01
8.187695587851057111e-01 1.496090518251592982e+01 3.496090518251521928e+01 5.421404671615183446e+01 5.987817087380361869e+01 6.815678509090656689e+01 6.804578439107079646e+01 7.632805671575238193e+01 7.214520088223071070e+01 6.408020627970680039e+01 5.391719803279219292e+01 4.156923191642079729e+01 5.391719803279219292e+01 7.314847351715206969e+01 7.415280271903048970e+01 5.517009442105699435e+01 7.415280271903048970e+01 6.045796131118972738e+01 4.023089092513676945e+01 6.045796131118972738e+01 6.901949440948970960e+01 4.920553229400963602e+01 3.496858903309171751e+01 5.500890743546059980e+01 7.022416128614513298e+01 8.091781502632134959e+01 6.930806446302682389e+01 4.939016467874210292e+01 3.776069410154837414e+01 5.167664039110100305e+01 3.921828018551374839e+01 5.592076216379459197e+01 5.861416389449094311e+01 4.245788969266181567e+01 4.723357770003740086e+01 5.231143574555643738e+01 5.773599070789929044e+01
2.311624522989861319e-01 1.437329807603006238e+01 3.437329807603076404e+01 4.571983972271338104e+01 3.985526693936235887e+01 5.987817087380361869e+01 4.805902193107220199e+01 6.064604705192183332e+01 6.892736533186024417e+01 8.125554642734242350e+01 6.870947588268037975e+01 5.504749650687517715e+01 5.504749650687517715e+01 7.424571647651814033e+01 8.154186445953833129e+01 6.443990430041141337e+01 8.154186445953833129e+01 6.527953311864486352e+01 4.502938433221682146e+01 6.527953311864486352e+01 6.252885518505036799e+01 4.263294356743594449e+01 5.500890743546059980e+01 4.214223670356089002e+01 6.204592332620098460e+01 7.829208783754498313e+01 7.754219996357142008e+01 6.297218239981658172e+01 4.297631760398309808e+01 6.297218239981658172e+01 5.927247465881324473e+01 4.782711255174211828e+01 6.778072192713338495e+01 6.252756332660410266e+01 4.743965504593209204e+01 6.748524164121995739e+01 7.759397156227433356e+01
9.845726073866658545e-01 1.569493812807893285e+01 3.679855152126752671e+01 2.568539856210479400e+01 4.571983972262026441e+01 5.479522227961876979e+01 3.652548957029313215e+01 4.066308013597208770e+01 6.064604705192183332e+01 6.325603121926670269e+01 7.152821411929943451e+01 7.424571647651814033e+01 7.424571647651814033e+01 8.237145525848576710e+01 8.977452449489095443e+01 7.685456587023318775e+01 8.657698214998649178e+01 7.058697965792624984e+01 5.028585591426264045e+01 7.058697965792624984e+01 6.824531952597071438e+01 4.844290616971106544e+01 6.824531952597071438e+01 6.204592332620098460e+01 5.034397044002793109e+01 6.436233366735179118e+01 8.401708351935475605e+01 6.872202263890956431e+01 4.880399177988370241e+01 6.872202263890956431e+01 7.440286809469768059e+01 5.453642959200465867e+01 7.440286809469768059e+01 7.502651915724560183e+01 5.507417428246718316e+01 5.327457032477523313e+01 5.885966359428685024e+01
3.295302290958179725e-02 1.844408457879010399e+01 2.858686854715568160e+01 1.811960704858720916e+01 3.814753307855926323e+01 3.799691417608010369e+01 2.653703247337460169e+01 4.651595563742719719e+01 4.915185327039294805e+01 4.330971147859094117e+01 6.325603121833688647e+01 7.109045069523929783e+01 7.937114203457194606e+01 7.910294433489123378e+01 8.731930750006522146e+01 9.478520414868054900e+01 8.050391562772087184e+01 5.924226565216970641e+01 6.810246404646898100e+01 7.851871399265692730e+01 7.481304011916644470e+01 5.510987833957948112e+01 7.481304011916644470e+01 7.011907661647818202e+01 6.436233366735179118e+01 6.436233366735179118e+01 8.401708351935475605e+01 7.532993423983798209e+01 5.550619943705251558e+01 7.532993423983798209e+01 8.265154982616593315e+01 6.450450116539443002e+01 8.265154982616593315e+01 8.331132575727238532e+01 6.508591752176661771e+01 6.744995631196017882e+01 6.331875389513436403e+01
