MOVIE_S3_data/elevation_000113.asc
nrows	100
cellsize	150.0
xllcorner	0
ncols	100
yllcorner	0
NODATA_value	-9999
[rows 0 to 16 of 100, columns 37 to 73 of 100]
8.070331514794976613e+01 8.871702161090442473e+01 8.089166320714423364e+01 7.285395137140343991e+01 6.602197679607515113e+01 6.931560394021126115e+01 7.274984068760153377e+01 7.634309840999570440e+01 8.011809398046229092e+01 8.410424743345615184e+01 8.834212493193372495e+01 9.349634473231449761e+01 9.955215313966296264e+01 1.062896268240050688e+02 1.142944927229858365e+02 1.253792956415628055e+02 1.235292279611601316e+02 1.155896163082573338e+02 1.235292279611601316e+02 1.218962554896222343e+02 1.173516900212376299e+02 1.096006277573856948e+02 1.058293406359107820e+02 1.111073492700179770e+02 1.168250494306355591e+02 1.235108108393524873e+02 1.315110131132466904e+02 1.425620089727645734e+02 1.356821860987921013e+02 1.274171554509646427e+02 1.307148064743412021e+02 1.224690546131199511e+02 1.250349085055639051e+02 1.332907416150148379e+02 1.346654881235689629e+02 1.264267220296911347e+02 1.247972177236459430e+02
6.125437648061488005e+01 8.070331514794976613e+01 6.956963492830873008e+01 5.315847031990790583e+01 4.623598987356118784e+01 4.955384107539496341e+01 5.302165254917571247e+01 5.666201531514652601e+01 6.050264160127584745e+01 6.457616344091960059e+01 6.892173050921107347e+01 7.421102014316315376e+01 8.040200549884488623e+01 8.723317350294834682e+01 9.822718459173559324e+01 1.173031277298296828e+02 1.141251325868541642e+02 9.693042952077254881e+01 1.141251325868541642e+02 1.027921671817823892e+02 1.027794458226302510e+02 9.078991208225210130e+01 8.672931826270216504e+01 9.207721850740266234e+01 9.786158333411225385e+01 1.046006219213563497e+02 1.154927079673364290e+02 1.344637430526833839e+02 1.274171554509646427e+02 1.077341562706171203e+02 1.134991732564516269e+02 1.028388605568840291e+02 1.053782568019374253e+02 1.250349085055639051e+02 1.264267220296911347e+02 1.068286036433092079e+02 1.052083314956183102e+02
6.695083872939606806e+01 6.541080549275400813e+01 5.730614953900144570e+01 4.167135674435333925e+01 6.148276008590681130e+01 6.931560394021126115e+01 7.274984068760153377e+01 7.634309840999570440e+01 8.011809398046229092e+01 8.410424743345615184e+01 8.272484386583609250e+01 8.482316373843927693e+01 9.349634473231449761e+01 1.062896268240050688e+02 1.142944927229858365e+02 1.146663482383856945e+02 1.062600229145149342e+02 8.743777400647260833e+01 1.062600229145149342e+02 1.011265200948663079e+02 8.361171155207647132e+01 7.964071494518272232e+01 9.080004130849889066e+01 1.098657536440354932e+02 1.168250494306355165e+02 1.235108108393524873e+02 1.315110131132466904e+02 1.344764414682742597e+02 1.230731722277365918e+02 1.134991732546120033e+02 9.402577661391099184e+01 9.171104915638289867e+01 1.111355567905075361e+02 1.226620541852871327e+02 1.305475955679748949e+02 1.125687596201836413e+02 9.310648828302358027e+01
6.238466592303446845e+01 5.726082287035460894e+01 3.747628769120012038e+01 5.730614953900144570e+01 6.956963531471555484e+01 6.815004407193468694e+01 7.294542136216057315e+01 7.888621136024787006e+01 8.542165347961432076e+01 9.351918431443876045e+01 1.019034410653842571e+02 1.039997066676395434e+02 1.120087408894394798e+02 1.206973889059752310e+02 1.090762584749053872e+02 9.543026806050963273e+01 9.998593994516750172e+01 8.098398761596631346e+01 9.188348024768575328e+01 8.827555337385976486e+01 7.383556337498242783e+01 9.319212492452038532e+01 1.067844131805974968e+02 1.178119938406565836e+02 1.271717330294130903e+02 1.191803264456030149e+02 1.271717362890916263e+02 1.262163049505650179e+02 1.065442477937969272e+02 9.536075903897388173e+01 8.681440028100603001e+01 8.536608233732877693e+01 9.498708680770658930e+01 1.144533925043573248e+02 1.223449588124061052e+02 1.027892361231638745e+02 9.160855929693633470e+01
4.287727856750802857e+01 5.043256993022012580e+01 3.465214518917366604e+01 5.454444410125708487e+01 6.172356355762720170e+01 4.834230083927874233e+01 5.317357427987019491e+01 5.918283997829443166e+01 6.581532712151337705e+01 7.971674296177774011e+01 9.919452582389001805e+01 1.074230517175519424e+02 9.948527749093138084e+01 1.074230517207307400e+02 9.941083564794840299e+01 8.173831437899903563e+01 9.941083564794840299e+01 9.188348024768575328e+01 7.260548749392441437e+01 6.875367054311473680e+01 8.827555337385976486e+01 1.011265069848603702e+02 1.090841303276560410e+02 1.049726551698326773e+02 1.127530336715514068e+02 1.002542410442895715e+02 1.176549599087076530e+02 1.297685514040783232e+02 1.100730374276604664e+02 9.633972537344145337e+01 8.674122207383189220e+01 7.929848333161896790e+01 9.855922045974806167e+01 1.122760010028503501e+02 1.112201520625407625e+02 1.119181890529232533e+02 9.245197797559154651e+01
2.873303590075007108e+01 3.070525229563186898e+01 3.347869807167534617e+01 3.764218180049972062e+01 4.188464489879720531e+01 6.172356355874572387e+01 7.294542136216057315e+01 6.934950600271402266e+01 8.542165347961432076e+01 8.184656909619154419e+01 1.013289547732296398e+02 9.780222257579193013e+01 8.021123761073046410e+01 9.780222257579193013e+01 9.140134994008033686e+01 7.189289276845633481e+01 9.140134994008033686e+01 9.973901865344561202e+01 8.492757808877153991e+01 6.527761139986034777e+01 8.492757806812188903e+01 9.954297303176285538e+01 8.679833486792527708e+01 8.654052825498384038e+01 9.956621663151969415e+01 9.072637615167744229e+01 1.097172837277745003e+02 1.242202210370874411e+02 1.240579633863345350e+02 1.142580863556048882e+02 9.491928328067216114e+01 7.559684277380380024e+01 8.475462958915663592e+01 9.851531529600343617e+01 9.174326026072213836e+01 9.972924450660748619e+01 9.162951351883307893e+01
4.032147610546698502e+01 5.062535880120515941e+01 5.335538269842599846e+01 3.881119469955650203e+01 4.363755495491652425e+01 6.347045693590914084e+01 7.907449915636864546e+01 8.894540986993418130e+01 9.705910498040316270e+01 1.013289547732296398e+02 1.034381771223325472e+02 8.421912855276053733e+01 7.033726870244906593e+01 8.065068920259939489e+01 8.489853088287219407e+01 6.521365060146457893e+01 8.489853088287219407e+01 9.588934087259423222e+01 7.653339175966362973e+01 6.245528740085569552e+01 8.189110398735810747e+01 8.587254464283235222e+01 7.153620158596363865e+01 7.551782892292877136e+01 8.042604435494190795e+01 8.773642544591380954e+01 9.729143344862592357e+01 1.162232787017562856e+02 1.203904266430901799e+02 1.122432742842646292e+02 1.030243711764108809e+02 9.042690709524829629e+01 7.096957952900093858e+01 8.618097014361219976e+01 7.797472192408814351e+01 8.828495929299997158e+01 7.212756407560048899e+01
6.014834770357659721e+01 6.827192529699124179e+01 6.492939018419079389e+01 4.510469671220493382e+01 6.347045693590914084e+01 5.116314149230236552e+01 7.094869217395688565e+01 8.833984560175098011e+01 9.812722373596109549e+01 1.094824495488034728e+02 9.570729894833097262e+01 8.763352493067401383e+01 8.065068920259936647e+01 6.088671142980795992e+01 7.258207906445119306e+01 5.939061860159063855e+01 7.160520716109243722e+01 7.983283150501289072e+01 7.671806598083625772e+01 5.973866126783476460e+01 6.295335934758851693e+01 6.625109272861438114e+01 8.479742492258480979e+01 9.439764805922820301e+01 8.920513190392007630e+01 1.067557127430066117e+02 1.146904969761953623e+02 1.242157275947518684e+02 1.122432742842646292e+02 9.304113668988654240e+01 9.866531257800279775e+01 9.311487030857917091e+01 8.614881334845455285e+01 6.654583072100474794e+01 6.649642745749648043e+01 6.866322117111914736e+01 8.828495929299997158e+01
5.896329600482300748e+01 6.754624572963486173e+01 7.192138660518227766e+01 5.214503426660359509e+01 7.192138660518227766e+01 6.519668070673058935e+01 6.054380629943260317e+01 7.044433794101318824e+01 9.001132180872143351e+01 9.985800022747082494e+01 8.193214800412633281e+01 6.798119524251811185e+01 7.520256922528065502e+01 7.250056938525251837e+01 5.266192562444923908e+01 6.909837064254608663e+01 5.150035092369099488e+01 7.147648290237825108e+01 5.683269642616934902e+01 7.100293459877367752e+01 8.268723020960699444e+01 8.022566797977660258e+01 8.027098051588392025e+01 9.956277602758569856e+01 1.026820554851235130e+02 1.161828621139289481e+02 1.168083973047542088e+02 1.218911925660616191e+02 1.025851936757726293e+02 8.908778054093539822e+01 7.944995166716229562e+01 7.376917461518966945e+01 6.858747470372237842e+01 6.348462254398657478e+01 8.331938649410079734e+01 8.828495918972882350e+01 7.550707930561502224e+01
3.930284095092299879e+01 5.301844139372264664e+01 7.331544457960188765e+01 6.617260287732842983e+01 6.832188192807203109e+01 8.483527608852378421e+01 7.450242952140776254e+01 8.833984560175092327e+01 9.812722373596109549e+01 9.177098397316899536e+01 7.213094419665124235e+01 7.520430030083213069e+01 5.533272842788914403e+01 6.450171336729606253e+01 4.750047632835467937e+01 4.913583052503592086e+01 6.871695254822273569e+01 5.401827932100462704e+01 7.393383400276745476e+01 8.474127897199039694e+01 9.847667744718812344e+01 9.950531092907054642e+01 9.977296195811369728e+01 1.078252158132897449e+02 1.216667795292907641e+02 1.110829039430185787e+02 9.686297187244370832e+01 1.110829039430185787e+02 1.163477704719323782e+02 1.067157816664882972e+02 9.866531049807730369e+01 9.311486051505580974e+01 8.172793951943954482e+01 6.183615832186954719e+01 7.600003663559081701e+01 9.555632591601950310e+01 9.495584852778010543e+01
5.896329600482300748e+01 5.326939928379714217e+01 7.435850997148290276e+01 8.580017827026654231e+01 8.793734568150171071e+01 9.605918451271288916e+01 9.405016905372836789e+01 9.348513143140233694e+01 8.900198171492679933e+01 8.100320142872193685e+01 7.573495864635779640e+01 5.586780845932717199e+01 6.316986960435399823e+01 4.532036964693698167e+01 6.527963326576160341e+01 5.361957868157955431e+01 6.722376389279627062e+01 6.812312857406773503e+01 6.040137175716665752e+01 8.018732551605674530e+01 8.380403640015028088e+01 9.743696931025192498e+01 1.165349189300142285e+02 1.149447796685517602e+02 1.065196983001951310e+02 1.022414550346845914e+02 8.312378757666331808e+01 1.022414550346845914e+02 1.124380081610880637e+02 1.043840421189842829e+02 1.043840561423499338e+02 9.806348742562552445e+01 8.015536075662350868e+01 6.021221884219320231e+01 7.441646705049218724e+01 9.401027594949950128e+01 1.128116530426697324e+02
6.864527837666815913e+01 7.382446394084460906e+01 8.334544939341786574e+01 8.960692918203476154e+01 8.089571217837507788e+01 8.960692904126037206e+01 8.773740316159739905e+01 7.389312662970110068e+01 8.100320142872193685e+01 6.139520695360026536e+01 6.713825556989510801e+01 6.112226771173592965e+01 4.321235022468340503e+01 6.316986960472766555e+01 7.343746471317780333e+01 7.911790099437133961e+01 7.593596642968618937e+01 8.703352074320598319e+01 7.196183137554828591e+01 6.776513183800000206e+01 8.169501458479521716e+01 1.009416003321981066e+02 1.174583476207688051e+02 1.065196983001951310e+02 8.664957037216160529e+01 9.246939609923843761e+01 7.443322413522653846e+01 9.394793362511941837e+01 1.043840421189842829e+02 8.510572643966517603e+01 8.510572645594025687e+01 8.994961756282468457e+01 7.028815567990281465e+01 5.861527131020553583e+01 7.859806616849216709e+01 9.799954643289071043e+01 1.061177447488228438e+02
4.945183312794210195e+01 6.303768322518322265e+01 8.218321262067721023e+01 7.931006124126096779e+01 6.048300169476899413e+01 7.931003731508616283e+01 7.963149197908001042e+01 5.987821388035120407e+01 6.713540347111747053e+01 6.646257028365648978e+01 4.728838210120203200e+01 4.116615294641844258e+01 6.112226771173586570e+01 5.953357342309822542e+01 7.360159970040307087e+01 9.322626868531017408e+01 9.692870658212260082e+01 9.937605413796799780e+01 9.142220467906246029e+01 7.918352203940936818e+01 7.918352203940936818e+01 9.038804964271176345e+01 1.094948235225907922e+02 1.042898119943427986e+02 8.439654534193017810e+01 7.269503097419240589e+01 6.782587911440634798e+01 8.744303046182173489e+01 1.012396319798404818e+02 9.029419936739230934e+01 7.125487220669596411e+01 8.159851181440336632e+01 7.706093027015378993e+01 5.705186776790599623e+01 7.706093107464536729e+01 7.849921391032799534e+01 9.111759156559850226e+01
4.959939366758176504e+01 6.927656002961944637e+01 7.970066559447296584e+01 7.068935691333122406e+01 5.042839114939656753e+01 7.068935691333122406e+01 7.976281929870373233e+01 6.713842196973931209e+01 4.725214062033967366e+01 5.528607512157319803e+01 3.913829531587427368e+01 4.297390218387635485e+01 6.293173416495371697e+01 7.367254047865711186e+01 7.897701839863717055e+01 8.641761969769805773e+01 9.448817937992664895e+01 1.042359674728563874e+02 1.064069447502992318e+02 9.846352247969764448e+01 9.846352247969670657e+01 1.064069447490432765e+02 1.050114211850682864e+02 9.840775254227715152e+01 7.859291329432682005e+01 6.451427134708272604e+01 6.174060003669341512e+01 7.239769501240141381e+01 9.283046601568308631e+01 9.877186729969527335e+01 8.159851182418614712e+01 6.177615074293135677e+01 7.353309952962784735e+01 5.551393529408396432e+01 7.553525888698287361e+01 6.703267851298919311e+01 7.154332393374758681e+01
6.350816450354741249e+01 7.272206889975517186e+01 5.909861630869470872e+01 6.393565535819564616e+01 4.372039377906784097e+01 6.393570165842317010e+01 7.162688476437556062e+01 5.175518283891982207e+01 5.540170808420032955e+01 3.727466232586014172e+01 5.722270990888080888e+01 6.293129860072301796e+01 4.873868638721472024e+01 5.374883141831819700e+01 5.912947940636408362e+01 6.673163905559788134e+01 7.666505921682856695e+01 9.617018017856227630e+01 1.026817695617939989e+02 9.456164265330772878e+01 1.026817695666783834e+02 9.943296553072983102e+01 8.577825662845982890e+01 9.943296553072983102e+01 9.197217055685106857e+01 7.591871522497007163e+01 5.585940593168282220e+01 7.591871522497007163e+01 9.280583863935862610e+01 9.721068137757323768e+01 7.766721556896320067e+01 6.361817109171967388e+01 5.351398867814474158e+01 7.352830629633174908e+01 6.115915607580774349e+01 8.105211982722025255e+01 9.109784892637439668e+01
6.510508297911481179e+01 6.032268835405415786e+01 4.465743512932727555e+01 5.049777065390664887e+01 3.798636590022261572e+01 5.810003342721032737e+01 6.180549258235713950e+01 5.361061286689402294e+01 3.545694293133989561e+01 4.957467816983250941e+01 6.540866527765147964e+01 6.869150656040146430e+01 6.290111909614801533e+01 6.506916922923993241e+01 7.897701839863717055e+01 7.323991442840515731e+01 9.282761261231571837e+01 1.042359674728563874e+02 9.288805998971967881e+01 7.498097576356215654e+01 9.288805998971967881e+01 9.076653675418275213e+01 7.202731141728229147e+01 9.076653675418275213e+01 8.368482205099233795e+01 6.377267289930633609e+01 5.216791376776509281e+01 6.589258018825965735e+01 8.144695182109535381e+01 9.182910032236917175e+01 9.006358609849080210e+01 7.218066998978071069e+01 5.217718243905476072e+01 7.027826249919112911e+01 7.612255856683624700e+01 8.268126738202616366e+01 9.092413727655008415e+01
5.235143908304341664e+01 4.097043687959529734e+01 4.789011601058813028e+01 3.131641949151081050e+01 5.049743133494356329e+01 5.991281596958983613e+01 5.183348070078645975e+01 3.366307243034577823e+01 5.361061285496236195e+01 6.359259817986711028e+01 7.761051983954506284e+01 8.839168753106319798e+01 8.267113005954593064e+01 8.480965459239658344e+01 9.290217178502032880e+01 9.282761261231571837e+01 1.008999494574531326e+02 9.643024411086845760e+01 8.477130920843327999e+01 6.502143201019745788e+01 8.477130920843327999e+01 8.274263844096732612e+01 6.314360005167964118e+01 8.274263844096732612e+01 8.291255075037975075e+01 6.297529857751370486e+01 4.904813516931351813e+01 6.429359563144844003e+01 5.943693471373583037e+01 8.204035003928846947e+01 7.510561546662617616e+01 6.711450259856479761e+01 6.844061178724943773e+01 5.030478757917643406e+01 5.630663296761480296e+01 6.298939947417512286e+01 7.292357033398461397e+01
