MOVIE_S3_data/elevation_000283.asc
nrows	100
cellsize	150.0
xllcorner	0
ncols	100
yllcorner	0
NODATA_value	-9999
[rows 17 to 33 of 100, columns 37 to 73 of 100]
2.722254132033643259e+01 3.203580016344530890e+01 3.837231263207224430e+01 4.547228581155708582e+01 5.697744138263988134e+01 7.675126922802068918e+01 8.348781288042737003e+01 6.529803300214183537e+01 8.281850095822530022e+01 9.101228531569580582e+01 1.009518871513259910e+02 9.252835151203464648e+01 7.319371061693307468e+01 7.442317590803898497e+01 8.464091392043772544e+01 7.668636859522733573e+01 6.331888821680353630e+01 8.211824254243235544e+01 8.265673179858946185e+01 6.269303887718042745e+01 8.265674470326892731e+01 8.091938151945809921e+01 6.034909187382253037e+01 4.849370982314949430e+01 5.457713505232482021e+01 3.395046715232118828e+01 5.458119003643155054e+01 7.046288881917394065e+01 7.126835086153549526e+01 5.168970539641492223e+01 5.453424825381602403e+01 3.715994950066969693e+01 5.333464634388556647e+01 7.665931393433709218e+01 9.326722459068071203e+01 9.037744299838091422e+01 7.617998047927123650e+01
4.089696362425692655e+01 5.200676984098385702e+01 5.831236946596129656e+01 6.533484440086371592e+01 7.358572556965000899e+01 8.504374565278438070e+01 9.343613463845592548e+01 8.525341106387122636e+01 9.343613545263652043e+01 8.891014937793214301e+01 9.715735077392477592e+01 1.006748758208746750e+02 8.681741399903539502e+01 9.397654693728895836e+01 1.003986873589697097e+02 8.611210591420820037e+01 6.752871960108181781e+01 8.516673771495062795e+01 9.169163711685187934e+01 7.730464714795071757e+01 9.229491254720434767e+01 8.941903755072151228e+01 7.755128103060577871e+01 5.718163686185243932e+01 3.655517365718954892e+01 5.457526829263622403e+01 4.131549187328312911e+01 6.195903464518480774e+01 7.848427437518310512e+01 7.021212811387259478e+01 5.940594966303983426e+01 3.871772389857026297e+01 5.314905854469745350e+01 7.247144858497082964e+01 9.114373926913198432e+01 1.021792129183646978e+02 8.021814005840579398e+01
4.873279643297636454e+01 5.154772441180855225e+01 5.690449697753127367e+01 6.292474230100294363e+01 6.994877233463667210e+01 7.814984424072315505e+01 8.955918775464964199e+01 8.796087514916249006e+01 7.981190699393593491e+01 6.961909479121280242e+01 8.591490484662386962e+01 9.567637201780642897e+01 1.063255472318814583e+02 1.056444186013123669e+02 8.753582587156689954e+01 7.472033803836346522e+01 8.611210591420820037e+01 8.303128094047231400e+01 1.020752686346860969e+02 9.880513161110286546e+01 9.779429221457773735e+01 8.333537430536117085e+01 7.304944370300756873e+01 5.907314795909432092e+01 3.847689851134778394e+01 5.907213623943435010e+01 6.195903464518480774e+01 4.978000914269749444e+01 7.056990310699882230e+01 7.663163440260142067e+01 5.540979318031087786e+01 4.029064735852490031e+01 6.102369525557774210e+01 6.356933442931880762e+01 7.552159073551608515e+01 9.445096309760216968e+01 9.091821651203140675e+01
4.361838778097451552e+01 3.150684716167243238e+01 3.686044725123151977e+01 4.295679897982918050e+01 5.008042183263748370e+01 6.157947634477349652e+01 8.137702618381597119e+01 7.682229247877631906e+01 6.067703039375038543e+01 5.866737981655161605e+01 6.814414016040805677e+01 8.166972003011561299e+01 1.013233181293490617e+02 1.102445412894884100e+02 9.264753379967707758e+01 8.132534052488281873e+01 9.876117984382688064e+01 1.025655302690647233e+02 1.004823822851606252e+02 9.110884803913305063e+01 8.250259347333303594e+01 6.878253101378176382e+01 5.418736119091933290e+01 4.392721025222189724e+01 4.070765194493201733e+01 6.128616725117833397e+01 7.749744843252788939e+01 5.670639863128449321e+01 7.749744798945876312e+01 7.672957607944836411e+01 5.667840053429504366e+01 4.188162940236840370e+01 5.034119597276203706e+01 7.025135208937840048e+01 8.606955808284554621e+01 9.613312192593001271e+01 1.020063792349363041e+02
2.456594796182194429e+01 4.446250672207465726e+01 5.690449697467163048e+01 6.292474230100294363e+01 6.994877233463667210e+01 7.814984424072315505e+01 8.056932251943139534e+01 6.876438083924990963e+01 4.969300797635609968e+01 6.876438083924990963e+01 7.617487343756168627e+01 8.443678400954817675e+01 9.341026718189539224e+01 1.051455536323940834e+02 1.051785074650305774e+02 9.016083967345882400e+01 1.051791491839367296e+02 1.065732208802224790e+02 8.265987881700394269e+01 6.956103268579467169e+01 6.141410560841879374e+01 5.544815768004638556e+01 4.997066228312796454e+01 6.352567228620861783e+01 4.294229375870374810e+01 5.748665484266724945e+01 7.826919462345628631e+01 6.605202498004538825e+01 8.594310006328909424e+01 7.674308370266362544e+01 5.667862200178844034e+01 6.255516024928432728e+01 4.424577019610931927e+01 5.886574560322347338e+01 7.498764655754916930e+01 7.628768323517861916e+01 8.210027765207783546e+01
2.423749302961398655e+01 4.192571514329234361e+01 5.211017457521157326e+01 6.088204129074708959e+01 7.371334257684063118e+01 7.350592742771252119e+01 6.687029409823705350e+01 5.326381519511477336e+01 4.482862299795451833e+01 5.067661594760775046e+01 5.702817122758810342e+01 6.549850388115734745e+01 7.652269104659507093e+01 9.668279413192634308e+01 1.121873086634831509e+02 1.058176183014453358e+02 1.085584814662374669e+02 1.119978287976402811e+02 1.006011682677049492e+02 8.252240124031743562e+01 8.250336908200337405e+01 7.631643387062487704e+01 5.723119681546728543e+01 6.582352120689645858e+01 4.521069540250133656e+01 5.976518314145762645e+01 8.044682427353005494e+01 7.807420176553155500e+01 9.509378603553660980e+01 8.501332154121990925e+01 7.674344399971376163e+01 7.305894654016734080e+01 6.480133982853288899e+01 4.666977424409726893e+01 6.706389698556705525e+01 6.234259811257017958e+01 6.933101904963251627e+01
1.876199008302316074e+01 2.667952111438641438e+01 3.588254039437246945e+01 4.803961496966533673e+01 6.039242327714875103e+01 5.436742394486397956e+01 5.886920627739250023e+01 3.953600300014550584e+01 5.886920627739250023e+01 6.976205649959997857e+01 7.617487343756167206e+01 8.127707384651128564e+01 8.525625124138900901e+01 8.763443950644587233e+01 9.522612783420645144e+01 1.050287840104974464e+02 9.961074619834037946e+01 1.094245639480375161e+02 1.126122605585824630e+02 1.019859991755998152e+02 8.125117957870546093e+01 6.922115370884830554e+01 7.800921516810656442e+01 6.818641836047916627e+01 4.752315563026777312e+01 6.211492365653594305e+01 8.284456005080521379e+01 9.854290265317661124e+01 1.068372161383275341e+02 9.236486848762496038e+01 7.256005020967900521e+01 6.961140175524960227e+01 4.943207572899809321e+01 5.160566707961245214e+01 5.439500607155257939e+01 7.435067815090383192e+01 8.908401708014928033e+01
1.910166021901216382e+01 3.515608349000586230e+01 4.252489536984114693e+01 4.489530559766760831e+01 4.121250581007470259e+01 4.072341383878391241e+01 5.097484408993607730e+01 3.614694439100074419e+01 5.555137365672321437e+01 6.036962767476859426e+01 6.373367218881997331e+01 6.153418608756430075e+01 6.533552677844033951e+01 6.846267929612524483e+01 7.213199749507218428e+01 8.703377768957078331e+01 7.755214855362785897e+01 9.069549029875511792e+01 1.155790168798204434e+02 1.105100026878256756e+02 9.855954401441540824e+01 9.001442551954245630e+01 8.793028402973776281e+01 7.062148685873690113e+01 4.989109509453668778e+01 6.022505338929458674e+01 7.225081387092281204e+01 9.299402268017074391e+01 1.024227889134012059e+02 9.095961605300469444e+01 7.256008743643472769e+01 5.261832914350936363e+01 5.320270669556771992e+01 7.166605376093420432e+01 5.866887972448657251e+01 7.845143754543823889e+01 9.161125476746467200e+01
1.943686544192053134e+01 3.833599354381790647e+01 2.461028327772693558e+01 2.634126598714372847e+01 2.804223603694320488e+01 2.979294885325598230e+01 3.166544528052168062e+01 3.448001705455497756e+01 3.752962435025573740e+01 4.077077198943294434e+01 4.423573168573324921e+01 4.781211960655423354e+01 5.158702208084177698e+01 5.565013871252846656e+01 6.021629594086451931e+01 6.561404774592153899e+01 7.755782988131834088e+01 1.018875139992575498e+02 1.246355624767460029e+02 1.129113968926490088e+02 9.298797728843622679e+01 7.912115063482352184e+01 6.750936829596935240e+01 5.967363494004094093e+01 5.236193905827570205e+01 6.707679148629391364e+01 8.789447457934392105e+01 1.015189233862259641e+02 9.411836254455589312e+01 7.434390834139848891e+01 6.304266786672877743e+01 5.488022845932133720e+01 5.692518830322084256e+01 7.668313693838057077e+01 7.845143754543823889e+01 6.618432586630947867e+01 7.184505351321070066e+01
2.718356837248528279e+01 2.207435426680841317e+01 4.089439808247504260e+01 3.930069296549978475e+01 3.871808961742591748e+01 4.885797831464686425e+01 4.283184706881222326e+01 5.397086165998869944e+01 5.224281873348760996e+01 5.155303530897036524e+01 6.348282399077611871e+01 6.735472688451417866e+01 7.128766195199125377e+01 7.566021181605985646e+01 8.074782988706733988e+01 8.701890231053054947e+01 9.732850356221173627e+01 1.126689117367696724e+02 1.290655497067762099e+02 1.150189735431590776e+02 1.054308033530016075e+02 9.639162986295229985e+01 8.793032316898849388e+01 7.599127869285854331e+01 5.506961131933793752e+01 6.936409534556023004e+01 8.975509770895421013e+01 1.108034058691408461e+02 1.008893160636304884e+02 9.095951970804530617e+01 7.686911622636324637e+01 5.718995397121460655e+01 7.668313693837971812e+01 6.227688681946203531e+01 8.193733819602785218e+01 8.590524395996477836e+01 9.161125476746467200e+01
2.036830652855037016e+01 4.119928040045289208e+01 5.050784651445811591e+01 5.839445365335652127e+01 5.791020058983311003e+01 6.585371026489227120e+01 6.209672642142663790e+01 7.009437656570311503e+01 7.236540445123972631e+01 6.902259473021823055e+01 7.714771745243290013e+01 8.597815853239539763e+01 7.974116553458080148e+01 8.555718068844612390e+01 9.191989299020585236e+01 9.895020412064046411e+01 1.058811742434395882e+02 1.162885176585576374e+02 1.194264968066552655e+02 9.654669524999299313e+01 8.377103194117169949e+01 7.615155809857738234e+01 6.939944923952981526e+01 6.328512259683707697e+01 5.834761256586151035e+01 7.325053382297802784e+01 9.418443089408783919e+01 1.025535567162041133e+02 8.292656343169940669e+01 7.301851220071618798e+01 6.612885955710341079e+01 5.948339558712662267e+01 7.908080712741208629e+01 8.193733819602785218e+01 6.782478459822023353e+01 8.750279413535693607e+01 1.000980203266328203e+02
2.069137292278963614e+01 4.155092802445480515e+01 4.708815700124151249e+01 4.940232154242031726e+01 5.172479155214541890e+01 5.982869284276668509e+01 6.900597699745908642e+01 6.120529174015762663e+01 6.371829598274936046e+01 6.642265791557332477e+01 6.907338204422245553e+01 6.636183494667518801e+01 6.016349329031893234e+01 6.613108932527791239e+01 7.267361827047770362e+01 8.001834041648862694e+01 8.958698155989957002e+01 1.027704298806804672e+02 1.210466932774702542e+02 1.150385582593458196e+02 1.057492897797245490e+02 9.765385847874043179e+01 9.069394707300041603e+01 8.293151363399063314e+01 6.178643051785896034e+01 7.678127049090669232e+01 9.770317846831764541e+01 1.108796701795283042e+02 1.008893160636457225e+02 9.259061296810432395e+01 8.145827121111706504e+01 6.190599007469420911e+01 8.145827121111706504e+01 9.496258232128690224e+01 8.750279413535693607e+01 7.369284201006146873e+01 8.019605626211577487e+01
4.026817971569216326e+01 2.350218829989511349e+01 2.556988576905066779e+01 2.777661972362112408e+01 3.015589396963128266e+01 5.154350603949529841e+01 5.742765848288790664e+01 4.065580395857241314e+01 4.354937792386159856e+01 4.641430920270454408e+01 4.935661446199201663e+01 5.233026390674032058e+01 7.210734425111246537e+01 8.136688966426011405e+01 8.574386381096263676e+01 9.078801761848316687e+01 9.642385745804962482e+01 1.029323128534762475e+02 1.111475602767767157e+02 1.210195515391727668e+02 1.203297573249167272e+02 1.089876725321391007e+02 9.136964501017065743e+01 7.015885629315555150e+01 6.694409698518192897e+01 7.909408550973445529e+01 1.001714968470159874e+02 1.087699237500630005e+02 8.719432751855111974e+01 7.528025443908902048e+01 6.656443055972690104e+01 8.140635302038322152e+01 6.711190802972603819e+01 8.672563511479023646e+01 1.017690041393300362e+02 8.760596156794515821e+01 8.292053888359477298e+01
4.171157447830604070e+01 4.498181819042171270e+01 4.104166133215453982e+01 4.337335110984869857e+01 5.162436122456154663e+01 3.381482534010014263e+01 3.652562002834022081e+01 5.732331308351981392e+01 6.372403928146609786e+01 5.654919492213517174e+01 6.922757571049434944e+01 7.210734425111246537e+01 5.759557501284319869e+01 6.174555755684600200e+01 6.617109874749139919e+01 7.125210735596088796e+01 7.690082856867779526e+01 8.339497950539634985e+01 9.312953990052972131e+01 1.127554008097116878e+02 1.117665185446801672e+02 9.055806121528235053e+01 7.980388423110969143e+01 9.139268715857515701e+01 7.233819769325516802e+01 9.387001817071136145e+01 1.089696410118158667e+02 1.165534985001367971e+02 1.039311242313855956e+02 8.964517813499188037e+01 7.014859120527583514e+01 8.962968276857712624e+01 7.097698837683920203e+01 8.478354974057857874e+01 1.047003866236584742e+02 1.076066661281659265e+02 9.038684054118694178e+01
3.623860147010436350e+01 5.554637027592730192e+01 6.181163483118009339e+01 6.415228051838241186e+01 5.500198322921401939e+01 4.918262172856110226e+01 5.745804508875878724e+01 4.630546720338323041e+01 6.647493076570083304e+01 7.629171138028721089e+01 7.629495237294966614e+01 8.540558895678972817e+01 6.748473023932912440e+01 8.136688966426011405e+01 7.748332800499595407e+01 9.078801655075677957e+01 9.642385444203557654e+01 1.029405744949934558e+02 1.111371859924169314e+02 1.209954794446798303e+02 1.205007770916849523e+02 1.097741316856667737e+02 9.273971944199750794e+01 9.994955408257480656e+01 7.817186760987435434e+01 9.410661163155013753e+01 1.170880366124287235e+02 1.100379266949667851e+02 9.280973214320049181e+01 8.215681581584200899e+01 7.433358174609868740e+01 9.386277880566218812e+01 7.508831341086167299e+01 8.638565297180940661e+01 1.063532032672711551e+02 1.104499075835396127e+02 1.045442727832617464e+02
3.843198727946146676e+01 5.638835050419778838e+01 5.632998736604392320e+01 6.456725920023887966e+01 7.485661474045973307e+01 6.992268247462924080e+01 7.465588176012148836e+01 5.810169580396081557e+01 6.067911241764554120e+01 8.049762456488579687e+01 9.593462844652094645e+01 9.520684159935190394e+01 8.706638958694291830e+01 9.520684374259170113e+01 9.702774962119082147e+01 1.051943163058275417e+02 1.023687195191105133e+02 9.978389375278716500e+01 1.079505444239207890e+02 1.194226043867787013e+02 1.241558446183179569e+02 1.230252549018625103e+02 1.151448112060850235e+02 1.088561656085591665e+02 8.811990556138127317e+01 9.440576124639923705e+01 1.171670097962187356e+02 1.186535399898389187e+02 1.090917720017625783e+02 9.830230746978043044e+01 7.872317853883575367e+01 9.830368586969524358e+01 7.965160719008297008e+01 9.950427139149243771e+01 1.146818370341724744e+02 1.306038532996689696e+02 1.247073712127931060e+02
4.242033423933752800e+01 4.472275354903628397e+01 3.629152287210877859e+01 4.786347990837749222e+01 6.206976411125049964e+01 8.197170113849362849e+01 8.604712887772669205e+01 7.790656136739103488e+01 8.049260925188093552e+01 8.878387490551148176e+01 1.013135671454533622e+02 9.303076767188639451e+01 1.013089199754471537e+02 1.016910009093600564e+02 9.344039283757537362e+01 9.653395792635858186e+01 8.247275522505670153e+01 7.989123402093403570e+01 9.137653345447641584e+01 1.112685533677298793e+02 1.043914192401212517e+02 1.082375618380944076e+02 1.180346735130939066e+02 1.195347914397956117e+02 1.016828153191675028e+02 1.171975858707552334e+02 1.251170329165444741e+02 1.079161500891578385e+02 9.520487585288793753e+01 8.572225987667921743e+01 9.830368586969524358e+01 1.052711607260708888e+02 8.529408057467428250e+01 9.362712728110602711e+01 1.077905116783478832e+02 1.279427048782179241e+02 1.255381352778553605e+02
