MOVIE_S3_data/elevation_000632.asc
nrows	100
cellsize	150.0
xllcorner	0
ncols	100
yllcorner	0
NODATA_value	-9999
[rows 34 to 50 of 100, columns 0 to 36 of 100]
6.278687791629389281e-01 2.062786877916258277e+01 3.606913441838314327e+01 4.137635199333574576e+01 2.130432935407155171e+01 2.718321640643669213e+01 1.286681521038753928e+01 3.267666884117073778e+01 4.703769555131592739e+01 4.393799360727882686e+01 2.913969527161535567e+01 4.683252329432504979e+01 3.371729066313739764e+01 2.162802601876956743e+01 4.178440677145930948e+01 4.645139751010751183e+01 2.931130399509498119e+01 3.152607437676042323e+01 3.391255848400012951e+01 5.425143659696868781e+01 6.056580779065910747e+01 6.337074539969250964e+01 4.737428680232362410e+01 5.089906576299834740e+01 5.709406943548312796e+01 6.917711331306320233e+01 8.394943416035867756e+01 1.044768807910941604e+02 1.123968393186535764e+02 9.242335253450774246e+01 9.608855565019328537e+01 1.043659574607456619e+02 1.089161649908223950e+02 1.004967552767275407e+02 9.915144865723264900e+01 9.454636938871708196e+01 9.266576419494423078e+01
5.760807145981240440e-01 2.019912022666137474e+01 2.264806727472719317e+01 2.398603381750157837e+01 2.529764216290649159e+01 7.155892028526189996e+00 8.503248589959770953e+00 2.853903772663066718e+01 2.912457050336898234e+01 1.925477535434520249e+01 2.852739798530124915e+01 3.681900163724784392e+01 1.913448533486730696e+01 3.927642536047275712e+01 2.432049556292156112e+01 2.623816488689169191e+01 3.069478816410419597e+01 5.098947966224630335e+01 5.426835966573840153e+01 5.048819549901971016e+01 7.114085986505345716e+01 6.196549891826985146e+01 6.805416743782636502e+01 7.166990674837016684e+01 5.757244403172293090e+01 7.236882660889139629e+01 9.309830144376415717e+01 1.026862665162266381e+02 1.128943067619645007e+02 1.123968393186535764e+02 1.139228971344299168e+02 1.056255642793714458e+02 1.004967552767275407e+02 7.959664292878660774e+01 7.927517964719025656e+01 7.647119929233438995e+01 7.183226745593543683e+01
7.930105716671143057e-02 1.370290916168663387e+00 2.663948065454764702e+00 3.965699160880763241e+00 5.275582302151085479e+00 2.529919803632994402e+01 2.853903772663066718e+01 1.052239026018847312e+01 1.196174894286171764e+01 1.349181121684356910e+01 1.507979611796019981e+01 1.668447817262023491e+01 3.681900163724784392e+01 4.774362212075126877e+01 4.450642866015003563e+01 4.045556985804221029e+01 4.496969304725440963e+01 3.777355950267595830e+01 4.490137541022009060e+01 6.549982209878301376e+01 7.969325879089761600e+01 8.274520582480225528e+01 8.274520582480225528e+01 8.694621581240768649e+01 6.965901722748009206e+01 6.610920601337306834e+01 7.355097994502573044e+01 8.402160884041900601e+01 1.045272376856203351e+02 1.146825911638807298e+02 1.046305644244081492e+02 8.544978048871298881e+01 8.915210579676174518e+01 8.370971448812346694e+01 6.464447311740049429e+01 7.068450403240035484e+01 5.791302526207775969e+01
6.786017468061785740e-01 2.067860174680582475e+01 2.268368871935717834e+01 2.398607068037613388e+01 1.297243240951843468e+01 3.164504783457471504e+01 3.889364132344534397e+01 3.054747846797347322e+01 1.643658235985442673e+01 3.349887267698350257e+01 3.520881014565048162e+01 3.086894713253482792e+01 2.354873473657598382e+01 3.776470991236991637e+01 5.818923574737382154e+01 6.092665426836650511e+01 6.552253015038047579e+01 5.821764433990005472e+01 4.948885689377257791e+01 5.673614278249201703e+01 6.872132104787314688e+01 8.942909118499100884e+01 1.032676743333411764e+02 9.887261865244045111e+01 9.043587179514459251e+01 7.822901960444131930e+01 9.427442326301959952e+01 1.026862665162266381e+02 1.128943067619645007e+02 1.063911141184596687e+02 8.625116607528242696e+01 7.604404902420630208e+01 6.878854215508103209e+01 6.332299092171911781e+01 5.839247167344854006e+01 5.362825999807514421e+01 4.976092616365522048e+01
1.053273305859350195e-01 2.010532733058558108e+01 3.003179145460872945e+01 3.780371059924559773e+01 3.306268616731887278e+01 4.214139215305861796e+01 4.995315274240401493e+01 3.049629360315939763e+01 3.619435345057617326e+01 2.399602184881806366e+01 4.360636735186162127e+01 5.118320921023503445e+01 3.776470991009219347e+01 3.171636418501146082e+01 4.071594350202310864e+01 5.248677549070791315e+01 7.313465556156857872e+01 7.866080337023537083e+01 5.977465908521236315e+01 7.747345452200912064e+01 8.597142784381415481e+01 9.787224113471664566e+01 9.597891199832781695e+01 9.597891206005576237e+01 1.041552769281043567e+02 9.885735403998535276e+01 1.072503507501383524e+02 1.076908834401949662e+02 1.159176754187811156e+02 1.146825911638807298e+02 1.046305644244081492e+02 9.632114009687103362e+01 8.915210579676174518e+01 8.370971448812346694e+01 7.519599211546139372e+01 5.504503273950430753e+01 6.990409092674522640e+01
6.652624653148981881e-01 5.272213504828356712e+00 1.003392453920779204e+01 3.003179145460872945e+01 3.785354188618332216e+01 5.782234460283693522e+01 5.794350837090798478e+01 4.995439271755800092e+01 4.007267960803248741e+01 4.360636735156383281e+01 3.393283987810826829e+01 5.327989482529650189e+01 5.818923517648766364e+01 4.179030746282766984e+01 5.204676737276360399e+01 6.973385428758756177e+01 8.163257856814948354e+01 8.898997866490014985e+01 8.050812038565184992e+01 8.898997866490014985e+01 9.722481460305705525e+01 8.906855017996568336e+01 7.643345722833095124e+01 7.643345722833883826e+01 9.597891206005576237e+01 1.067941976382043237e+02 9.858122279246099140e+01 8.793218830840702083e+01 1.003780799722830039e+02 1.085932978529400259e+02 1.125902400249612896e+02 9.266493692905123680e+01 7.853236256001137860e+01 6.690121941955891316e+01 6.128458047632853578e+01 6.408782785332066112e+01 8.348322686591487241e+01
8.924248754756384239e-01 2.089242487547528171e+01 3.003179145460872945e+01 1.791191284565753250e+01 3.785354188618332216e+01 5.679919390059896500e+01 6.833771123776871548e+01 6.732077230425885261e+01 5.932947472352282858e+01 6.124559122608541628e+01 4.372209914677719667e+01 6.124559581855583446e+01 7.082175019853315234e+01 6.230322728269965182e+01 7.082175019853315234e+01 8.110451697592877451e+01 8.797102695374564973e+01 7.982351565570539265e+01 8.224582641309704911e+01 9.031873280930247461e+01 8.906855017996568336e+01 6.962419293358698269e+01 6.281492863884654554e+01 8.215818838908811017e+01 9.415503468967528988e+01 9.538570146840750397e+01 7.884920328970589765e+01 7.655762983303876013e+01 8.063895756020326644e+01 1.003780799722830039e+02 1.110485388482105122e+02 9.112418298949481255e+01 7.698424687448017778e+01 8.697206929210940984e+01 6.893374723116107816e+01 8.418268573357924822e+01 8.051632043754092649e+01
8.870506738290029336e-01 1.502918629756007896e+01 3.502918629756078417e+01 3.200732624873764109e+01 2.856590583159341179e+01 4.007423137327648988e+01 6.005435848329798176e+01 6.020848111082678855e+01 6.843745834332850109e+01 7.082951386511727776e+01 6.283769050788053079e+01 7.082951607153181328e+01 7.104743868760563430e+01 6.552402520170258526e+01 6.552402520170258526e+01 7.372590788489856095e+01 7.660441931830665396e+01 6.012863814049701716e+01 6.268137847187945511e+01 7.903583014810548946e+01 8.946788353079870149e+01 7.531931331523760775e+01 5.612495183311999369e+01 6.663333332092619798e+01 8.601210633344194889e+01 8.654928506313410708e+01 6.744249927406615086e+01 6.667176507637744010e+01 7.808153171190647868e+01 9.201819764012876135e+01 1.117978916106542187e+02 1.052190278913835897e+02 8.699844378297237313e+01 9.724638513967288134e+01 7.900230020145990295e+01 9.724638513967288134e+01 1.004961405115978295e+02
9.587146228554132010e-01 1.510085024658648933e+01 3.510085024658719277e+01 5.196755496666233398e+01 4.851882671788415280e+01 5.679919390059896500e+01 5.679567578764434188e+01 3.992103143182078639e+01 5.375116238984770689e+01 6.202331282567617876e+01 7.349382051084320722e+01 6.523652414581465564e+01 5.122424574094223004e+01 4.568579905049244161e+01 4.568579905049244161e+01 6.552402520170258526e+01 6.776460213150140532e+01 4.865046290850009569e+01 5.123526661888788425e+01 7.095028712768858270e+01 8.133884304391547460e+01 6.202744888207227092e+01 5.106559626412135344e+01 7.018940442614832875e+01 8.058173117624581039e+01 7.238841237161047104e+01 5.855897626505306164e+01 7.257499521984318847e+01 9.231961699229452734e+01 9.588287906055941789e+01 1.040909612905836212e+02 1.151841962384350921e+02 1.010845985366957080e+02 1.072244065173341170e+02 9.896473628710249670e+01 1.072244065173341170e+02 1.094425545929698274e+02
4.749594815986911134e-01 1.461709510532976708e+01 3.461709510533047052e+01 3.873584080087277215e+01 4.093173532302653683e+01 4.958234353775929293e+01 4.772198324254144097e+01 2.810214109208387967e+01 3.342065365953808254e+01 5.375116238984770689e+01 5.419283993486691031e+01 5.703032453032879801e+01 3.728880832722411043e+01 3.183422415959710605e+01 5.149628081224943088e+01 6.671583981258494589e+01 5.959685532698873800e+01 3.971143750002669748e+01 5.959685532698873800e+01 7.274408620640507195e+01 7.583422162479784845e+01 6.611219482573058315e+01 4.697604992845374028e+01 6.611219482573058315e+01 7.238841237161039999e+01 5.255332775501862841e+01 7.238841237161047104e+01 8.654928506313410708e+01 9.268469203813532431e+01 7.615142175328834639e+01 9.268469203813532431e+01 1.040909612905836212e+02 1.210124791597255012e+02 1.224302978852677342e+02 1.110954253673482270e+02 1.029708541259862358e+02 8.967029893599162449e+01
5.246131949027718067e-01 2.052461319490241820e+01 3.176718870041511167e+01 1.846170501161001098e+01 2.065935685139474032e+01 3.965203369928757837e+01 3.185428152671280699e+01 1.949111660639211152e+01 3.342065365953808254e+01 5.375116238984769979e+01 4.021644159560219123e+01 4.381890906454923140e+01 3.784200166740698990e+01 2.558664619378555116e+01 3.876001159949979780e+01 5.584453953500203482e+01 4.763226556351494168e+01 3.451943697089228635e+01 5.446802399191800248e+01 5.391537370959694897e+01 5.690161891259516835e+01 5.705856542801810605e+01 4.308194452692909238e+01 6.228496584559619720e+01 6.335747399073578379e+01 4.871806391199177710e+01 6.857112802594794232e+01 8.384362590388559511e+01 7.565258919249802716e+01 6.472781639985410607e+01 7.615142175328834639e+01 9.588287906055941789e+01 1.088836046070353234e+02 1.143159822554099208e+02 9.466564391686900137e+01 8.321164968132310946e+01 7.601633401378484223e+01
4.470077517107070575e-01 1.695766973462689009e+01 1.830747541833782677e+01 4.304212581389434966e+00 2.392061643553832795e+01 2.581477654689194523e+01 1.250796652413429655e+01 3.182873788786619329e+01 4.758385373952810937e+01 5.520881614601927367e+01 3.526917849162096985e+01 1.756696185340346261e+01 2.036529811341566898e+01 3.760368529837265328e+01 4.031084281506031175e+01 4.175840136279809656e+01 2.749485222049905175e+01 4.456824182693233638e+01 4.602552231674662409e+01 4.062568926856107510e+01 5.218651259415203469e+01 3.771715045888406337e+01 5.705856542801809894e+01 5.838823404547411400e+01 4.348051115494612873e+01 6.335747399073578379e+01 6.513394691490184130e+01 6.816179926180606685e+01 5.583379774678675744e+01 7.565258919249802716e+01 9.268467797048650425e+01 9.274894943880160270e+01 8.912302904134139681e+01 1.088835937769388948e+02 1.110954253673482413e+02 1.029708541259862358e+02 9.598492039914989959e+01
2.599182575669619633e-01 2.025878949381933936e+01 2.831792221782168273e+00 2.255891448656051068e+01 5.792858595626000806e+00 6.852856793737445606e+00 7.917350314807623413e+00 2.775925718979773293e+01 3.766399091728317927e+01 4.210004789077350296e+01 3.386035271115704148e+01 1.562855637169074186e+01 1.690545272097421403e+01 1.825082455028227812e+01 1.963681005942665436e+01 2.110113729659931181e+01 2.262382993717072921e+01 2.423837818258776267e+01 2.583966846279442464e+01 2.924708829338369398e+01 3.272558801388269245e+01 5.154233638011368157e+01 5.363107935759166622e+01 3.848769057413660022e+01 5.838823404547411400e+01 6.094536891305411075e+01 4.526619916046009706e+01 4.830608770832963472e+01 5.221168630702124602e+01 7.205300116694201051e+01 8.220851955116269494e+01 7.302948023062546667e+01 8.696461668664949229e+01 1.067130652970653841e+02 1.168812924979488912e+02 9.721697671751516623e+01 8.318248352727313488e+01
3.519420047721200095e-01 1.367288169905740203e+00 2.136738538381798591e+01 3.071818769514381131e+01 1.579115820068041920e+01 2.673188400217599892e+01 2.790348521638268764e+01 9.469672294177508221e+00 2.945462938243324302e+01 3.213796882244038500e+01 1.388515330773896395e+01 3.386035282853746509e+01 3.400988257467761144e+01 3.902112241344743637e+01 2.963278329995488036e+01 4.175840078054847737e+01 4.313290178610070313e+01 3.513550458902863483e+01 4.602552225349395343e+01 2.826296827947771106e+01 3.001817019038816525e+01 3.176004435900640388e+01 3.370830275854962821e+01 3.611623127352079621e+01 3.855900293618710606e+01 4.105795876516383913e+01 6.094518910111051468e+01 6.816174858262789371e+01 7.205300116694201051e+01 5.808690023086055731e+01 6.243558146364431849e+01 7.387344451086067920e+01 8.780580723303094715e+01 1.075042895980584206e+02 1.190284467624936156e+02 9.936893357501101320e+01 1.029765214622105134e+02
2.695761837762450375e-01 2.003934962792801855e+01 9.211925139603209800e+00 2.920705315535460400e+01 3.576578383832607244e+01 3.561902689060137561e+01 3.624743834187027147e+01 1.638618344551758810e+01 1.103761622334026349e+01 1.215750494054051067e+01 3.213796882244038500e+01 4.210005095210352266e+01 5.527596135634576768e+01 5.859420790278930014e+01 4.768219721149788626e+01 5.859421304261195473e+01 5.366488882080098932e+01 5.276649476960229634e+01 3.590509203413479611e+01 4.992231817661876647e+01 4.415829123763385411e+01 5.169602203503582416e+01 3.731095692545015652e+01 5.602821661593684155e+01 5.265023408922793635e+01 6.094536609829984997e+01 4.834107162518938594e+01 6.239902112196741513e+01 8.218769314094696199e+01 7.789371082855203099e+01 7.643034463954515445e+01 7.302945558768810486e+01 8.288494495102679593e+01 9.680863537746952829e+01 1.165594325586260851e+02 1.190284467624936156e+02 1.127542447633976366e+02
4.879649418637075353e-01 2.048796494186335337e+01 2.920705315535460400e+01 1.815602259587813094e+01 3.814752468332796553e+01 5.505621645937357300e+01 4.425604797304494298e+01 2.552165553465017211e+01 2.539599631410036906e+01 3.088362006131385940e+01 1.628868940344836957e+01 3.626709404254878422e+01 4.526557752808613344e+01 4.526557752808613344e+01 6.515806964353355113e+01 7.561902019793279806e+01 6.483294367147586001e+01 4.451181317686852168e+01 5.609092882444443973e+01 6.440352572871761083e+01 6.403033655016162129e+01 6.119439074061870087e+01 4.130719435708811460e+01 6.119439074061870087e+01 7.248411203147334447e+01 7.639192919301511608e+01 6.819500275678990420e+01 5.724547389184375845e+01 6.870351516778070788e+01 8.845943319931478754e+01 9.614361034026700281e+01 9.275665078524369278e+01 1.009292056327846296e+02 1.107693022951464172e+02 1.103597120104297318e+02 1.021341519950530170e+02 1.103597120104297318e+02
9.938951651180888414e-01 1.513603078884916364e+01 3.513603078884986530e+01 3.814752468332796553e+01 2.884481756576985489e+01 4.883011609103229489e+01 5.331387665677497978e+01 4.507986480197199342e+01 4.596728551207294799e+01 4.120987844413004098e+01 2.145361871417718191e+01 2.145357875702476491e+01 2.530015369707651374e+01 4.526557752808613344e+01 5.979568840484576242e+01 7.127031760652990044e+01 7.320135469594255540e+01 5.893322083665351130e+01 5.628895291517375199e+01 7.658398326137496781e+01 6.898005615570357918e+01 4.913042545196670829e+01 6.119439074061870087e+01 5.127518423564352190e+01 6.532030304713345004e+01 8.509984841936538658e+01 8.524693726368360558e+01 6.717432260856641335e+01 8.524687340682385184e+01 9.665982923427255002e+01 1.018527705808987207e+02 1.076735425488902678e+02 1.018859656316629838e+02 9.364312457632044584e+01 1.003544343941899228e+02 8.206051341004143751e+01 1.003544343941899228e+02
