MOVIE_S3_data/elevation_000872.asc
nrows	100
cellsize	150.0
xllcorner	0
ncols	100
yllcorner	0
NODATA_value	-9999
[rows 17 to 33 of 100, columns 37 to 73 of 100]
7.538213947590679709e+01 6.134944389532557096e+01 8.117899266235282596e+01 6.361974907592339434e+01 8.172107709125603492e+01 8.520581781105747154e+01 6.102462584249035160e+01 4.478676484858057449e+01 3.298620983046628652e+01 5.027760171814027501e+01 4.905267670678684766e+01 4.975333768037967985e+01 5.954477436306817140e+01 6.537903162224381504e+01 5.732944972578562215e+01 4.193762235532010862e+01 6.156172079687819831e+01 7.367504225526305106e+01 8.186080272409724046e+01 9.170792293394255523e+01 9.475125793621124615e+01 8.514667478035948989e+01 6.839370292246309191e+01 7.768290793501972757e+01 6.938325092827025742e+01 5.371125461680903612e+01 6.129067851651529253e+01 7.125034753733942239e+01 9.121730809175325305e+01 9.680788371438848117e+01 7.752242851112269761e+01 9.680788371438848117e+01 9.718637264482356386e+01 7.715006881514821657e+01 7.712982906410353223e+01 7.125252191626552190e+01 5.250416718382756187e+01
7.538213947590679709e+01 7.127676254549308510e+01 8.935601833938814309e+01 7.765321975129850784e+01 9.162102211523145456e+01 8.103642580409226071e+01 7.257788667722263654e+01 6.077807479865829521e+01 4.719623541727722227e+01 3.358353582674362769e+01 3.401351475621166998e+01 3.444413114194986036e+01 5.423010060923904518e+01 5.510508561729808008e+01 3.579135307905063001e+01 5.732944962202424222e+01 6.974342657156256564e+01 7.954910880310309551e+01 8.448919634422753688e+01 8.388827763229453183e+01 7.455645850209327818e+01 7.683270182055579767e+01 5.686258293114205742e+01 6.530294843289759399e+01 4.939393270853437912e+01 6.938325092827025742e+01 8.123285402411954692e+01 8.956245570740719586e+01 9.957768022591758950e+01 8.843628945710824496e+01 6.884182952195278915e+01 8.843628945710824496e+01 9.141974974743931170e+01 7.124190416934325754e+01 5.334537214363126623e+01 5.148617821240205927e+01 7.125242880362482367e+01
9.517383424415677950e+01 8.529339613996511105e+01 9.924389148652650761e+01 9.743655040107566379e+01 8.803565592726573641e+01 6.674397878414909258e+01 5.232223764748568584e+01 5.652372385697511703e+01 3.661799839510278787e+01 5.348432315544514637e+01 5.380059592772403221e+01 4.211384779530671807e+01 3.505556699712365543e+01 3.548905210314167391e+01 3.592464616419199785e+01 5.570167684589659984e+01 6.442575111152305567e+01 5.683622660588549280e+01 6.287404013985138818e+01 6.623123166002432072e+01 6.041021061041018925e+01 7.009884371487569865e+01 6.207268816173653647e+01 4.554582982453218420e+01 6.530294843289759399e+01 7.768290793501972757e+01 8.572496139926863634e+01 8.578731567504060251e+01 9.321638208575137696e+01 8.223995862923071343e+01 6.260049734965635082e+01 8.223997716550761083e+01 9.604934462349456226e+01 8.538589070338338161e+01 7.055183803318412572e+01 5.076899084023818887e+01 7.055190516592242034e+01
9.998798285798918073e+01 1.050542723460987986e+02 9.761353306413231223e+01 8.782592370911204682e+01 7.977533791678682462e+01 7.273748779584062163e+01 5.965707394650947748e+01 3.971621315903685456e+01 5.652372385697511703e+01 6.482001780086083897e+01 6.514278228107428959e+01 4.536552652867069213e+01 5.480689368329514366e+01 5.505503807025042562e+01 5.502769157772136310e+01 3.653932314430980455e+01 5.606156871263510055e+01 4.287739942322950526e+01 6.073907846427771062e+01 5.563432496138731409e+01 4.848777494549658229e+01 5.878155807006343991e+01 4.242641991252056499e+01 5.898721966191480703e+01 7.055609871713826919e+01 7.923556277579660900e+01 6.887465459554083225e+01 6.887690019647054385e+01 8.575741536978728163e+01 7.679296451282556291e+01 5.718575959090072303e+01 7.679286732118821135e+01 8.569286644795568009e+01 6.840583451217182187e+01 6.886595766207676661e+01 5.005662773521462583e+01 6.985299030931798825e+01
8.811241552302902846e+01 9.998798233482688147e+01 8.962068038708343920e+01 6.992999545218972912e+01 5.992367003534373993e+01 5.325074312502454887e+01 4.749453092292436907e+01 4.224082088594807516e+01 6.227370292561444387e+01 7.853478013655123391e+01 6.522116842079441312e+01 5.940492252240130000e+01 7.314887344494611909e+01 6.428046910412628279e+01 4.459643371544459711e+01 5.197816259050846099e+01 3.715594482346032379e+01 3.759205924980708602e+01 5.368425964189499666e+01 5.737277670189889278e+01 3.930129320007889504e+01 3.975496964469252958e+01 4.020886197873109325e+01 5.976195380970634830e+01 6.786760893785657345e+01 6.865402540564348044e+01 5.587763841318174940e+01 7.145236709191925684e+01 8.072549100741633765e+01 7.188487859773528044e+01 5.265551578433557012e+01 7.188488687958854939e+01 7.757229894311350904e+01 5.973990916547487018e+01 4.905596337945912211e+01 6.310232096012822467e+01 6.063964038964454772e+01
7.089890248127346695e+01 9.152761511495586433e+01 9.761353167724979585e+01 8.782592370911204682e+01 7.977533791793128159e+01 7.315811528960158228e+01 6.507837124517693894e+01 4.509621305135389235e+01 5.069655624875617406e+01 7.025833785243771956e+01 8.509875320674389343e+01 7.926285420353275413e+01 7.359669654252655846e+01 5.392147973983445297e+01 6.432161983575126385e+01 6.367323928887986995e+01 4.856730322785344356e+01 5.654208517446768667e+01 3.820949541704862185e+01 3.866079080416643876e+01 5.244829836977419291e+01 5.907373398727877856e+01 5.996235038023807107e+01 4.086212396156358295e+01 5.987593050436376529e+01 6.445406223777357013e+01 4.885581131014892264e+01 6.307951852939034865e+01 5.915985740299376516e+01 6.416158032275740197e+01 4.875550123402035751e+01 6.746851940750998722e+01 7.782167543103612672e+01 6.817493140207218971e+01 4.835300277660071089e+01 6.817233889211460962e+01 8.018417653025728953e+01
7.114389904481757299e+01 9.176689618847373708e+01 1.002623019752849416e+02 9.016568900886053939e+01 8.176557938724597818e+01 6.977858290653223605e+01 4.972285012031362328e+01 5.174043076361601834e+01 7.025833785243771956e+01 6.118503326743324067e+01 8.067749911102596627e+01 8.750829394239509895e+01 6.783432480518739283e+01 6.783432480518740704e+01 8.179068561732751164e+01 7.541530550905609687e+01 6.780375880122367960e+01 5.982948098899676381e+01 3.992383911295278409e+01 4.165760683652015217e+01 6.098691248094633721e+01 7.354143095264250007e+01 6.651048247568637350e+01 5.409748892690959821e+01 4.151659029627096231e+01 5.865224935381666427e+01 4.285497736777448807e+01 4.333950588036311302e+01 4.382445772984911514e+01 4.430995932829018358e+01 4.479475381608724405e+01 6.462903620796872417e+01 5.958637512145405424e+01 6.650312713515496910e+01 4.765243519384031146e+01 5.764561641851081930e+01 7.155888539921973290e+01
7.114389904481757299e+01 9.176689619001894016e+01 9.183175191080025002e+01 7.170476807943050801e+01 6.166483467867974610e+01 5.457041973958818204e+01 6.978764715080139069e+01 5.882224409476903304e+01 7.891911710881454667e+01 7.083174106362152145e+01 8.907692386900581027e+01 9.574704642946737465e+01 8.750829394239509895e+01 8.750829394239509895e+01 8.483057629789151122e+01 7.325800685238601773e+01 6.244570682572075526e+01 4.238193301269203772e+01 5.993773510066856858e+01 6.212703287886407111e+01 5.076040366562786232e+01 7.209911167925257303e+01 7.901293590315280824e+01 6.403755056302871651e+01 4.424602383553352070e+01 4.217380137362331993e+01 6.228636534254323465e+01 5.729590134630493026e+01 5.047646396721104622e+01 6.404392317948106950e+01 6.207132936784957167e+01 4.548605521181814737e+01 4.597720740091417468e+01 4.666793692150715600e+01 6.580466104502060887e+01 7.541454815421573699e+01 8.551848183499733125e+01
9.176689619001894016e+01 1.002270198160073136e+02 1.002623021544895892e+02 9.016568900886053939e+01 7.868049419203937589e+01 5.857902844736887715e+01 7.868049419203937589e+01 6.779983848052349060e+01 8.730688986639987093e+01 8.456910713876622765e+01 9.905554569016092614e+01 1.012430667116563257e+02 9.343531228978463332e+01 9.455948172354685255e+01 7.659769679854156266e+01 5.650961246857614384e+01 4.489358424418661286e+01 6.244570682751932367e+01 7.071080682893450842e+01 8.049510246691744442e+01 6.033138303038820993e+01 8.049510215300895766e+01 8.470869103351493834e+01 6.498597813016344560e+01 4.470985310016053660e+01 6.236129851880363617e+01 6.233632792097103703e+01 7.603604870462109488e+01 5.753611314061106441e+01 7.653535404347401538e+01 6.158059818847781486e+01 6.134901749160539453e+01 6.002603364589145230e+01 4.616486471514656387e+01 6.665590339501648032e+01 7.493591434550162944e+01 8.535490645331751125e+01
8.799301030017176117e+01 9.643997320620852065e+01 1.067023924909163668e+02 9.722263681157610904e+01 7.706173466218403689e+01 6.286251608795067369e+01 8.296672618690253387e+01 7.938389872054440843e+01 9.632841922186544537e+01 1.048978468883075550e+02 1.012866155644487947e+02 9.087122209140335372e+01 7.583737849641424589e+01 8.016982432507279555e+01 6.641386726047838351e+01 6.683804717853030297e+01 4.671547832790762556e+01 6.684457955633415338e+01 8.664625892145629393e+01 8.936245100812841713e+01 7.493867417204856451e+01 8.936244511381858047e+01 7.623279375484713682e+01 5.565954993207987656e+01 4.658998564717737167e+01 6.701871970151744051e+01 8.278025522999598707e+01 8.451942565055507828e+01 6.748090109077264742e+01 8.085868888705226709e+01 7.527401091787305631e+01 8.094481308111160445e+01 7.373806217595623025e+01 6.665596459277574581e+01 4.780192170011326880e+01 5.995551094718819485e+01 7.514392949464884452e+01
6.727860698064893086e+01 7.767588742053037265e+01 9.831013317981317812e+01 9.944561967149314796e+01 7.926317939003250501e+01 6.805616713537780527e+01 8.815664803981832165e+01 9.956823374281214001e+01 1.080184091550027006e+02 1.061469145512393339e+02 9.311526965155519520e+01 7.609447803016692546e+01 6.667603586910929891e+01 7.193722631898836539e+01 5.210833394936084773e+01 4.942447661501839207e+01 6.683886619022568709e+01 5.835820435427435626e+01 6.846627268213060802e+01 8.840686224015830419e+01 9.540605857224016972e+01 9.715360428228662215e+01 7.623279374798815411e+01 6.912849527771250280e+01 4.867217592693584294e+01 6.912840684428707050e+01 8.905863237082336070e+01 9.518697178655165203e+01 8.701306007568240375e+01 9.445795268952562651e+01 9.448025230019844400e+01 8.112458379777184803e+01 7.028084522261517009e+01 5.056748160568651684e+01 6.708849830301114991e+01 4.904155607512184645e+01 6.817426992130725694e+01
8.799301030017176117e+01 9.643997320620852065e+01 1.067023924909163668e+02 1.078925006525943786e+02 9.373303839316126584e+01 7.362707704220419203e+01 8.780091395797568055e+01 1.080544536587744489e+02 1.120174087588307685e+02 9.812573561912032005e+01 7.818243624017688376e+01 6.594027762598048525e+01 6.001776982252988546e+01 5.614523199870614434e+01 7.226767586036245916e+01 6.957476640912919663e+01 5.340811658644873461e+01 7.356516758349670226e+01 8.592371348506536322e+01 8.840686224015831840e+01 1.081531014792249721e+02 9.788961938425296694e+01 8.318497476969176319e+01 7.127084333130929394e+01 5.083282361356314283e+01 5.987311931408667931e+01 7.166511827068927687e+01 9.246685112013426533e+01 1.006229425982997014e+02 9.235170250454534369e+01 8.384332718011577867e+01 7.293896048237276375e+01 5.322584296563909589e+01 7.028084522261517009e+01 7.593651878206085826e+01 6.175461550958324608e+01 5.010762933578430989e+01
8.766543414585034100e+01 9.508528017493895845e+01 1.035533054651287159e+02 1.138571185508823618e+02 1.004498600618829585e+02 8.029939505571829272e+01 1.004498600618829585e+02 1.136628490280551489e+02 9.438865887652227116e+01 8.442948901378530024e+01 7.660387070720096858e+01 6.940198250655160450e+01 7.493287261858031911e+01 6.122631905388649187e+01 8.136064603637071002e+01 8.178943975776380171e+01 7.356516546102668030e+01 5.758058654426052669e+01 7.771951039970903707e+01 9.044872905541723185e+01 9.868202310160356205e+01 8.664649434815412121e+01 6.847722861382210624e+01 5.410654869641983566e+01 7.127084333130929394e+01 6.253159647512548958e+01 8.320886777153771163e+01 1.009696671155722498e+02 9.235170250466170216e+01 7.273893291135568973e+01 7.565357325529102184e+01 5.598432757367847046e+01 7.293896048237276375e+01 8.112458379777184803e+01 8.773202452011119590e+01 7.181078125925465372e+01 5.206419189506950573e+01
6.639199573002706245e+01 7.409878640482452283e+01 8.471353413528720466e+01 1.054570262145908117e+02 1.089094863177649586e+02 9.030505117647307145e+01 1.089094863177649302e+02 1.136628490280548220e+02 1.120174087588307685e+02 1.013763427577353724e+02 8.067133659285572378e+01 8.518801244194160915e+01 8.681906474003250196e+01 6.668545314071930363e+01 8.681906474003250196e+01 9.178483528530070146e+01 7.189346274502636902e+01 7.771951039970903707e+01 6.219001622942629126e+01 8.226577437902571432e+01 9.005413960487013014e+01 6.920414977100028864e+01 5.747381123199871666e+01 7.456860178484808443e+01 8.318541887075014074e+01 7.437351647839362556e+01 9.183428020659214042e+01 1.011752280506970862e+02 8.144621093945229973e+01 7.848337973822040681e+01 5.887789280057221220e+01 7.565357325648949427e+01 6.845253637657090451e+01 8.804490572054314157e+01 8.822088258107692127e+01 6.814905731553426449e+01 5.410261073001129972e+01
7.524671084953872935e+01 8.633529342429851283e+01 1.035533054664345798e+02 1.138571185510377717e+02 1.190845897674663831e+02 1.105946689472932860e+02 1.190845897672728313e+02 1.328660318045426152e+02 1.152826698003239159e+02 9.561615349389944640e+01 9.498777582133557473e+01 1.058229724481790015e+02 8.864179456004184487e+01 7.284685144883744101e+01 9.300993244187021958e+01 9.995405994770558777e+01 9.178483580331133851e+01 8.559988950568821053e+01 6.559519874643555681e+01 8.559988950568821053e+01 9.277679802928494723e+01 7.190178955984478648e+01 7.801639232798474666e+01 6.109875712241404955e+01 8.175702478777377280e+01 9.527818628714425131e+01 1.038804252845866358e+02 9.532833981731710082e+01 7.569604524328228479e+01 6.190499130780882808e+01 7.273893232863795788e+01 8.668084667375728714e+01 8.225366647679850018e+01 9.629604955516941800e+01 9.071762896503017259e+01 7.285957003652208641e+01 6.107367579000617752e+01
7.586956224579569152e+01 9.861905681831184722e+01 1.144030764113961425e+02 1.184321616433411180e+02 1.184321616434806401e+02 1.266767858369255322e+02 1.304399410202735226e+02 1.222159318782818076e+02 1.233123927820897165e+02 1.152826698003239159e+02 1.135844262106842280e+02 1.192794449782643795e+02 1.013743993473536733e+02 8.192046164540755626e+01 1.013743993473536733e+02 1.046392207607522664e+02 8.496763920916019686e+01 7.086303630850866853e+01 7.981749167187403771e+01 9.376904826163575990e+01 1.013839276818729900e+02 9.277499213708271952e+01 8.445791787613060819e+01 6.371201597083409496e+01 7.830770839165495545e+01 9.930583705139250128e+01 1.120130718920320589e+02 1.020593582712703551e+02 8.359947440656236495e+01 6.410083381494257537e+01 8.359947424711452868e+01 1.006163260230586047e+02 1.020265817407860709e+02 1.012073332626605833e+02 8.294921780794321364e+01 7.077266504724813956e+01 7.844097364351702595e+01
9.393005628974289323e+01 1.080406794711814484e+02 1.126347452177005550e+02 9.859270459902884909e+01 9.859270459902884909e+01 1.184321616434806401e+02 1.190789423118894916e+02 1.026112912163139725e+02 1.190789423118894916e+02 1.231901937385718639e+02 1.149893619207213362e+02 1.231901937385718639e+02 1.103713649361444737e+02 9.609181048023263827e+01 1.103713649361444737e+02 1.084181217107546047e+02 8.878198977036174711e+01 7.476716373391619186e+01 9.453327965750467854e+01 1.077349271206764598e+02 1.039100160139029470e+02 8.284925773414484240e+01 6.813320631372232583e+01 7.014812575575741960e+01 8.060580817419199207e+01 1.015962221649457859e+02 1.036763545911038591e+02 8.385962986919093964e+01 7.422391160175736502e+01 6.632679779650392504e+01 8.578916027628994811e+01 9.748707653334184897e+01 1.089359188163953149e+02 1.017301797327092459e+02 8.409824142057553331e+01 8.825560490534971336e+01 8.139232141891271510e+01
