MOVIE_S3_data/elevation_000334.asc
nrows	100
cellsize	150.0
xllcorner	0
ncols	100
yllcorner	0
NODATA_value	-9999
[rows 17 to 33 of 100, columns 37 to 73 of 100]
6.283950945810952504e+01 4.764602710643222139e+01 3.814672720982421339e+01 2.612612784971246072e+01 1.873954547735435483e+01 4.035494421762071227e+01 4.358211275554835851e+01 4.437209106394477232e+01 5.621522647849840837e+01 5.266206187653022397e+01 6.653166773545675028e+01 7.345341846592278046e+01 8.183427026776753621e+01 9.190859949736794476e+01 1.018546818607579638e+02 9.164720070104930016e+01 8.135143244186846800e+01 6.077836429721578781e+01 8.013842545486940594e+01 6.140495961616475995e+01 8.014088977185541296e+01 8.548522065859850727e+01 6.498749335810671823e+01 5.486060637780089166e+01 3.449774487742187290e+01 5.450045156709254712e+01 6.396000424788105221e+01 7.244207558253125967e+01 8.450358039624667583e+01 6.399095656100991647e+01 4.946386117011252281e+01 5.903184332548538293e+01 5.120421417365005823e+01 3.505616333858810663e+01 5.645849750223877095e+01 7.223134756192790462e+01 8.073190626573813233e+01
4.664729500227819869e+01 4.837744660453433454e+01 3.367947117694050263e+01 3.118766827171963740e+01 1.905456108205629917e+01 4.161676166347846362e+01 6.250591253724778795e+01 6.344057832686296194e+01 7.168356318311157338e+01 7.202499592953324736e+01 8.034873293216868717e+01 7.779025949282883801e+01 7.515553083968724479e+01 8.358368087797330759e+01 9.531372348713370002e+01 9.583624201928982700e+01 7.535156997830726766e+01 7.267926356842336588e+01 8.976036316530716874e+01 7.596559456483689132e+01 9.038928700458448873e+01 7.950616510037203000e+01 5.897366299294002800e+01 4.453929347779700976e+01 3.627727091934472270e+01 5.663961416078975475e+01 5.967798782661901669e+01 8.017198187860189762e+01 8.450358039624725848e+01 6.399095656100990226e+01 6.999896498023184677e+01 6.462047998093905221e+01 4.453568461237063758e+01 3.641006070776282399e+01 4.460139618034784093e+01 5.566622608902644487e+01 7.517568669486045962e+01
5.246813576940154178e+01 3.325833852283058434e+01 3.802726107282687451e+01 3.425620796387531186e+01 1.936971571830564898e+01 4.055425940428687426e+01 5.448474211893954333e+01 6.290864045867843402e+01 7.870524214274739450e+01 7.028744433100266065e+01 7.192101542528621394e+01 5.762075910117486188e+01 5.501653065116690300e+01 6.658195013208971602e+01 8.686728525479368557e+01 1.041674056471571674e+02 9.583615274305060439e+01 9.319783542890311878e+01 1.015445787362889831e+02 9.644705260615130271e+01 9.399104852348617101e+01 8.559505618073910682e+01 7.344837804093708655e+01 6.018897551728127837e+01 3.979934076244003194e+01 3.929499299906941445e+01 5.367927666233338613e+01 7.426791448013214847e+01 9.287924333990325465e+01 8.450358039624725848e+01 7.399380071866633557e+01 5.556852639318186249e+01 4.399922455892038187e+01 3.782240729881495866e+01 6.047357232262281457e+01 7.223137150906352133e+01 8.368225564917563020e+01
5.340007701775016358e+01 4.224800733625038873e+01 2.199696354283907240e+01 2.000152932470378886e+01 1.968995125208332198e+01 3.813372382120656567e+01 3.418635080392579795e+01 5.112855621659900862e+01 6.706028875444650339e+01 5.018569752666591910e+01 5.498034853375598630e+01 4.348162285970017393e+01 6.352826899274562322e+01 7.113484281384029373e+01 7.785725482838351752e+01 8.630278558006980916e+01 9.648179823325831705e+01 1.125587286958150486e+02 1.024081650247383948e+02 9.405595110209792153e+01 8.559490633035066764e+01 6.503793409084991595e+01 6.547161096475980457e+01 4.501206844521705364e+01 6.018899011896650819e+01 4.148312104372723752e+01 5.584584218382975962e+01 7.605467340083617955e+01 9.122917339283783633e+01 8.528748691558888595e+01 6.572746534180973299e+01 5.328536258121480529e+01 5.935231723550022309e+01 3.930087626300454673e+01 6.037163882888979316e+01 7.562872666403158917e+01 8.184645606221270953e+01
3.920307931235787180e+01 2.481812046697890040e+01 4.224798575049430838e+01 4.228411992508469552e+01 2.797017954636044124e+01 2.014222384771312235e+01 2.125603842002259114e+01 4.273469238158137529e+01 5.796631629979457045e+01 3.860393753843373332e+01 3.488299424225729695e+01 3.995027103394905765e+01 4.531802574252692040e+01 5.106795884090593063e+01 5.769010763121056584e+01 6.769159241345690248e+01 8.802305534815771182e+01 1.042674595698454851e+02 8.384423680873869955e+01 7.350846578024462019e+01 8.307291646168309285e+01 7.105901302987713564e+01 5.052954477916033227e+01 6.547161091691296519e+01 6.414932538453504662e+01 4.370798467144897614e+01 5.046221216226209805e+01 6.229635462737501683e+01 8.285863052382735816e+01 9.116428650008889178e+01 7.145639426916171999e+01 7.145546256583885736e+01 6.189342208871131845e+01 4.080282236842061394e+01 6.189173407844402419e+01 5.474352965403874549e+01 6.120974794373794481e+01
2.770130306492255912e+01 4.508408404339744635e+01 5.339363583948977521e+01 5.609513523720625727e+01 4.189067474801537116e+01 4.009871216579136188e+01 2.059175396571022176e+01 4.057287873141048351e+01 4.495494879587388937e+01 2.954899276798500551e+01 4.970252169637490880e+01 5.999038047091387682e+01 6.534202507802315552e+01 7.113484281384029373e+01 7.785725482838351752e+01 8.630278558006980916e+01 9.648358047779647961e+01 1.125477296929844471e+02 9.492962796021508609e+01 7.439320959471234573e+01 6.247274287565611672e+01 5.698622844229553408e+01 7.105901361341804545e+01 6.761319947842466149e+01 4.711940047120501873e+01 6.414932545449627810e+01 7.098923687198622190e+01 6.497169650595857604e+01 8.551686443647194835e+01 9.723128865949249189e+01 7.679352215920881974e+01 7.483961227828095275e+01 6.343050323169628513e+01 4.231530541982894533e+01 4.714188618316001111e+01 6.824571354024212155e+01 7.188743822043892351e+01
4.120930719344709559e+01 5.584446679178184780e+01 6.718463356498273242e+01 5.502236541762449207e+01 4.660163786696195132e+01 4.090248651110911737e+01 2.090707462503446834e+01 3.771055112178581936e+01 2.480365409985888547e+01 2.779112587874610085e+01 4.795869044193153741e+01 6.061433922520226503e+01 7.486019162974832852e+01 7.581119361037056592e+01 8.425888558146242246e+01 8.256293330698575517e+01 9.104290678183049579e+01 1.028757038855701751e+02 1.032787527678881219e+02 8.307292164197075124e+01 7.155190115316240451e+01 7.756730933181755461e+01 7.136377993051384294e+01 5.081924476341396968e+01 6.761319341799190852e+01 5.803610297721333922e+01 7.861450927457021010e+01 8.551686443647194835e+01 9.387385477404970402e+01 8.814374729594746327e+01 7.679352348949062446e+01 5.588081853846836111e+01 4.517589266294301353e+01 4.495710942002948940e+01 6.610921556519890885e+01 7.670414619963187874e+01 9.227555124503059858e+01
5.810528217402771389e+01 6.788312676532133594e+01 5.507663198195191967e+01 3.864197975135862606e+01 2.648992834317496659e+01 4.123788171794232937e+01 2.122400915571219215e+01 2.167203075809184298e+01 4.205147014123368621e+01 4.795869044193153741e+01 3.211587273975364099e+01 4.636848682065616600e+01 6.046849844624031789e+01 5.567177941046883660e+01 7.087031797857643767e+01 6.231168114546847647e+01 7.393407864070603353e+01 9.435290845784471969e+01 1.117980216829116245e+02 9.208978894251229974e+01 9.208979150276918801e+01 9.365645877494452520e+01 7.406521299200397834e+01 5.348986834242512600e+01 7.406521219199417772e+01 7.861450021732350990e+01 7.260094528087051913e+01 9.314739197687086403e+01 9.422428985969264659e+01 7.375718832766992250e+01 5.893773560714303983e+01 4.818407642177280081e+01 6.633717234034617150e+01 4.767989341583877660e+01 6.884958939310283199e+01 8.123225521694962481e+01 9.571698311907270806e+01
7.019676237537763086e+01 6.532997688676326220e+01 4.626201893414503985e+01 2.757914788795794792e+01 2.198865257825629271e+01 2.167152920848388931e+01 2.529791590771352716e+01 3.596814571148482997e+01 5.042914371648599570e+01 6.060491386997830432e+01 4.377035218800153871e+01 3.691575071790872897e+01 4.044628415275924027e+01 4.417998517656974400e+01 5.081103576611641870e+01 7.087031797857652293e+01 8.375708086226687499e+01 9.222985838888740773e+01 1.015337494500104469e+02 1.123790477678099506e+02 9.710462897409972527e+01 7.658147879258537216e+01 6.464778180429019017e+01 5.624376260828635310e+01 7.684248430045106204e+01 9.033673875657289898e+01 9.314738872906937672e+01 1.015629919350210173e+02 9.543330475648960487e+01 8.712146252300348692e+01 7.152330588664041500e+01 5.040170524088825488e+01 7.152330588664042921e+01 6.885121550772153398e+01 5.172857900923380470e+01 6.676245131255093668e+01 8.394628450061772185e+01
6.477420886887225038e+01 5.261565955478393875e+01 3.663864448504497773e+01 2.244063435941009033e+01 4.134917309295060051e+01 4.171428488496680842e+01 3.595205724083542265e+01 5.266002457554283467e+01 6.391213545712341215e+01 7.221909642882465619e+01 6.383412569897151201e+01 5.109497907313047449e+01 5.457274086167331717e+01 6.418369740073549679e+01 5.144260282201314283e+01 5.717065341089305974e+01 6.346362396276155238e+01 7.245203229576561910e+01 8.689942257646173118e+01 1.076944886340945828e+02 1.054368192016877543e+02 9.365663311334959928e+01 8.234946015525324015e+01 6.173707329579907821e+01 6.130241161706674546e+01 7.590673536188562309e+01 9.642907571986805237e+01 1.014597837943134806e+02 8.117523008837366660e+01 6.659903198257882195e+01 5.954274414481584898e+01 5.268671108262007863e+01 7.372912930908626095e+01 7.649380448063523374e+01 5.558636459148331710e+01 5.841874246190524644e+01 6.332763773529939755e+01
4.366165328274496460e+01 4.410359426782267889e+01 2.364817103283659705e+01 2.276345921393182081e+01 4.281930913622767321e+01 5.043973780764350323e+01 5.646968777307823473e+01 6.527530066611568316e+01 6.562002458808342453e+01 6.841110020897987454e+01 7.136527263811662181e+01 7.119652613968382582e+01 7.470211636736605954e+01 7.995975145588175792e+01 7.151555473617209202e+01 7.734029781255298985e+01 8.376501533212596939e+01 9.228782647838707476e+01 1.015360759121032004e+02 1.129574085267544064e+02 9.280108035235680575e+01 8.088959704608483037e+01 7.054119115654951599e+01 8.234946083006084905e+01 6.512941550868571028e+01 7.974496729661450445e+01 1.002337441658974768e+02 1.035800296249696970e+02 8.339532560458289367e+01 8.712146252300367166e+01 7.608387475933778887e+01 5.515579072042581998e+01 7.608387475934554800e+01 8.027870983547521178e+01 5.954787779241179635e+01 7.921604252116016198e+01 8.394628450061772185e+01
4.946901249699777026e+01 2.903091785232712141e+01 4.410076078728954485e+01 4.162253237650331528e+01 2.322627552490288494e+01 3.740814295830460878e+01 4.629650419524784866e+01 5.596104109427865581e+01 4.520234599576539836e+01 4.807961025342059003e+01 5.113933028547450022e+01 6.021967059158335900e+01 6.855874785202796318e+01 8.278674039721546762e+01 8.638057566653991159e+01 8.791996605291558353e+01 9.638795583376742115e+01 9.773119894710187339e+01 1.062479598842406006e+02 1.210364488964573013e+02 1.040229725881657430e+02 8.362000057296756950e+01 9.112090651334521851e+01 8.978809529196655603e+01 6.917732393836678284e+01 8.112748197145972995e+01 1.016187130785786508e+02 1.116781240254405958e+02 9.417576285728681285e+01 7.354537900237760084e+01 5.876651270353902135e+01 7.007714038494059139e+01 8.444448478030577121e+01 8.866310925004253818e+01 7.163059566749302576e+01 6.566924620122885869e+01 8.620764689172328588e+01
3.527724811995761200e+01 4.946901249699777026e+01 5.641539579195377740e+01 3.846459757258886469e+01 4.331800592115346404e+01 2.369373341021708868e+01 2.477892352733628911e+01 4.589575508491991229e+01 3.044790219616886517e+01 3.326964326393728300e+01 3.630912029689933718e+01 3.953528377189081766e+01 5.433075530683935739e+01 6.854555431844279667e+01 6.648716222701010281e+01 6.801853863574238801e+01 8.124582206954345054e+01 7.754081816335481392e+01 9.634937523618536659e+01 1.054873426597660426e+02 1.122574304228610202e+02 9.813536979459554743e+01 1.086885549917731026e+02 8.831525182141405139e+01 7.368671029112925908e+01 9.428245419313712716e+01 1.099227527366891479e+02 1.135564659812515487e+02 1.019145124414153685e+02 8.198548319013376329e+01 6.134874707606149258e+01 8.198219367467771690e+01 9.874048003870096579e+01 1.004140603710970652e+02 9.209228088802684908e+01 8.024703831839130430e+01 7.223335829902757155e+01
4.538907097887508257e+01 6.404733300754261904e+01 5.893883957238249138e+01 5.595408592951493887e+01 4.705090565799831381e+01 3.782433587038340050e+01 2.416379768085742441e+01 2.662138378520223725e+01 4.727179942096602616e+01 4.541518722791473550e+01 5.706337164467522172e+01 6.021967059158335900e+01 4.453966182592679957e+01 4.835904371483048436e+01 5.239367428063938803e+01 5.671383481137799265e+01 6.182816812590430544e+01 6.804695611302280156e+01 7.662858792144966458e+01 9.086851517475892592e+01 1.115816461128192429e+02 1.182214698752108433e+02 1.060764057123932105e+02 8.564868248934503470e+01 8.405178789697821173e+01 8.476515859827787835e+01 1.052114517443397119e+02 1.053408772957182009e+02 8.503960903715355357e+01 7.321163099880837422e+01 6.395605246615505024e+01 8.449486255963334713e+01 9.793880589149176785e+01 1.096241852159475059e+02 1.088743583682587683e+02 9.911804390286071964e+01 7.872883552320709555e+01
6.586306391420964701e+01 7.430483839804915647e+01 7.475311475786550375e+01 5.306118053643471200e+01 2.549140085277497292e+01 2.464004958818510005e+01 4.371892163990452929e+01 3.397781989988005336e+01 5.435298325273407016e+01 6.580053360920236116e+01 7.400815107367324686e+01 7.329500099953365577e+01 5.654427597543129025e+01 6.271947409856873179e+01 6.648716222701010281e+01 7.057642305257328985e+01 7.270364358622430245e+01 8.784630474918851917e+01 9.634937523618536659e+01 1.054873426597660426e+02 1.152231728040315062e+02 1.224857150371322376e+02 1.023884975993251771e+02 1.060764057130017335e+02 9.597117140306815486e+01 9.509713101604228314e+01 1.134908421211719940e+02 1.044189945616563051e+02 8.410596840924613105e+01 6.962412722332824444e+01 8.449486255653326339e+01 6.916929403001392984e+01 8.100096842016247933e+01 1.013545055345425681e+02 1.152220792256035367e+02 1.063027659627739325e+02 8.598130320463390319e+01
6.784783776671689282e+01 6.795590999481589733e+01 6.203673609655425025e+01 4.237694548822289420e+01 2.511549944116654132e+01 3.625428415118502556e+01 3.446021867495009161e+01 4.880538234426747124e+01 4.844712330851552196e+01 6.216954548499761302e+01 8.058419978590788446e+01 8.486229535942474911e+01 7.649070772437791277e+01 8.261095620073660939e+01 8.638057566653991159e+01 9.056134638911437662e+01 9.310015497488046776e+01 1.017801869168941806e+02 9.811431844145948844e+01 1.063258782807009055e+02 9.444934912055646237e+01 1.090627526387513910e+02 1.224857150371322376e+02 1.244043230594280942e+02 1.161816400351570451e+02 1.094824213706612142e+02 1.235502760869396326e+02 1.085579714102299675e+02 8.828122010252478447e+01 7.381772398893271259e+01 9.422014305882935048e+01 8.960338540259424178e+01 7.485998268657415622e+01 8.667830850168422785e+01 1.069871703648822461e+02 1.145433287497604766e+02 9.623136344664278852e+01
4.608096562360115200e+01 4.625398341864615048e+01 4.927812719457733692e+01 3.952406731940806139e+01 2.545210513443708322e+01 4.330405973352637261e+01 5.522883553146162683e+01 6.681025776538241701e+01 6.740137501184823066e+01 6.823423392276815491e+01 6.564313872705027109e+01 7.395890180243718248e+01 8.125355696484153611e+01 8.125355696484162138e+01 8.979121403827173253e+01 9.053036561748083955e+01 8.195906448484538487e+01 9.084453250872464025e+01 7.790482106258833994e+01 8.743043828287434849e+01 7.981553041507235946e+01 1.005338612062726469e+02 1.071851707330056200e+02 1.094543880313607076e+02 1.179507524114815027e+02 1.294327356300761096e+02 1.246216193821916249e+02 1.046297260144971091e+02 9.021462430092569207e+01 7.838096286457972894e+01 9.878194159500543492e+01 1.035691336188687757e+02 8.509421179383144818e+01 8.187187135874000887e+01 9.634960431300822847e+01 1.165025269180291332e+02 1.105518168340100260e+02
