MOVIE_S3_data/elevation_000791.asc
nrows	100
cellsize	150.0
xllcorner	0
ncols	100
yllcorner	0
NODATA_value	-9999
[rows 51 to 67 of 100, columns 0 to 36 of 100]
8.885398060199247716e-01 2.088853979192885291e+01 3.183622508200940260e+01 1.939551457482638241e+01 3.094251995861869275e+01 5.094251995636321340e+01 6.662405727928641852e+01 6.859971329462044309e+01 5.704512231605134787e+01 4.029684557655624388e+01 3.560830307261795724e+01 5.561628507197656290e+01 7.244287257891689080e+01 6.636029725761736131e+01 6.655318705657761313e+01 4.630890001808523948e+01 5.643104353733148315e+01 5.835323236364242661e+01 3.860471884219236927e+01 4.076099039937062685e+01 4.768731304368161972e+01 5.759237701753336580e+01 7.755715749343045218e+01 9.646622713677068361e+01 8.232199767793191825e+01 8.967607390093617425e+01 7.707615063232788088e+01 9.536197719171072151e+01 8.784158892818007303e+01 7.099538205373484345e+01 6.674806079491077071e+01 7.381848474983563335e+01 8.383555477975596659e+01 9.806126565324748867e+01 1.183167729741134337e+02 1.187002772825919266e+02 1.104011560974674921e+02
1.344321116831868057e-01 2.013443211168283042e+01 1.183622511464197125e+01 3.183622511435777724e+01 2.939551457482620478e+01 3.833978648482504781e+01 5.248192210855157214e+01 7.248192209678798292e+01 6.859974126687679075e+01 6.030575051614312798e+01 4.715895586709027754e+01 4.413948064682614358e+01 5.828461807083991175e+01 7.830313707712711846e+01 7.487399157794487792e+01 5.647438997806475669e+01 7.487399157794487792e+01 6.537678255589410981e+01 4.551118268011313006e+01 5.470581025118091389e+01 6.757476725548193031e+01 7.585667855934266868e+01 8.584575676466785410e+01 9.646650149176285538e+01 1.023306683666664725e+02 1.053628278200459363e+02 9.708319240556778595e+01 1.053628278200459363e+02 9.946375249182050027e+01 9.108013146952229988e+01 7.675241663397876835e+01 8.680965412547459437e+01 1.023053294929785295e+02 1.124067847072718251e+02 1.093941282746108925e+02 1.035119001195289741e+02 9.024824155610804155e+01
8.052006432555327553e-01 5.169558447975362014e+00 2.516955844789653440e+01 4.012049629900874237e+01 4.939551457291918979e+01 5.767978551251783870e+01 6.662405727928641852e+01 6.159138699481425760e+01 6.987616591493815577e+01 7.546495428558345964e+01 6.716921161401927520e+01 5.568839266166180124e+01 5.828461807083991886e+01 7.830313707712711846e+01 8.493706784215984840e+01 7.663198413509056195e+01 8.493706784215984840e+01 7.365686008090368375e+01 5.539876830596953994e+01 7.365686008090368375e+01 8.292286410966978849e+01 8.970025124492597968e+01 8.751631122866267276e+01 7.645326765191390450e+01 9.057506003995074195e+01 8.851891960411283833e+01 9.679490786850141149e+01 9.267056706714049596e+01 1.009385573954984494e+02 1.052639772253928498e+02 9.686689161697034933e+01 1.052639772253928498e+02 1.154001562055237002e+02 1.088174008574908669e+02 8.922953493458142304e+01 8.331358557221075500e+01 7.853625351121291942e+01
2.804825088837598068e-01 2.028048250888340576e+01 3.345382967661490170e+01 4.572710305161003674e+01 3.744499331071683912e+01 4.229399920269777624e+01 4.745565761822455642e+01 4.160044679640532195e+01 6.159138699481425760e+01 7.727945622858624120e+01 8.400175390296469402e+01 7.570381739785617015e+01 7.830313707712711846e+01 8.660112708699409723e+01 8.959882136821849485e+01 8.140331075180178289e+01 8.959882136821849485e+01 8.364254205194127678e+01 7.535479680581853756e+01 8.364254205194127678e+01 8.970025124492597968e+01 6.967443509390029988e+01 6.748104812799834917e+01 6.226694297061147410e+01 7.735616895645178204e+01 6.843351339141071321e+01 7.847621649776176866e+01 7.259672398284676831e+01 9.267056706714049596e+01 9.433766884487910431e+01 1.026026731927034774e+02 1.141483042109118173e+02 1.129498783537525952e+02 1.004985975153779805e+02 8.029458754418045885e+01 6.898373725963897130e+01 8.922953493458142304e+01
7.810880442414250835e-01 2.078108804424106992e+01 2.752708228445045791e+01 3.112215765091738362e+01 1.745043135481705576e+01 2.230103573081790458e+01 2.746464053607806122e+01 3.746097819382708849e+01 4.900022654850127424e+01 6.899340264237660847e+01 7.231831569267076532e+01 8.048884870379123413e+01 8.440300213920032490e+01 7.621863777581405941e+01 7.976030969888701350e+01 6.177130809554940782e+01 7.976030969888701350e+01 8.451754866586703940e+01 7.609494413948854685e+01 8.451754866586703940e+01 8.751631122866267276e+01 6.748104812799834917e+01 5.335160206857884901e+01 5.229928882084686848e+01 5.732794117934967204e+01 5.687232931521934631e+01 5.842123428360087445e+01 7.693288313677783208e+01 8.273443519719099015e+01 7.424027863499064495e+01 8.586739945785093653e+01 1.059082720044572312e+02 1.046364211963354478e+02 8.446052770171249335e+01 8.400209245286552573e+01 6.378322379078190352e+01 8.400209245286552573e+01
7.232205343510359485e-01 4.103837552905942765e+00 7.533809247102980500e+00 1.112591516054136953e+01 1.819701407773430901e+01 3.822068275040202678e+01 4.745565761822453510e+01 4.160044679640532195e+01 6.159138699481425760e+01 6.913614013738934716e+01 5.268050551758301481e+01 6.913614013738934716e+01 7.621863777581405941e+01 5.656484664306570664e+01 6.232130878982358979e+01 5.193115377564882351e+01 7.158730942367560601e+01 7.443045127218695711e+01 5.598692878762594205e+01 7.443045127218695711e+01 7.668577691494034809e+01 6.839615801122744188e+01 6.335042144795258423e+01 4.350073527335466395e+01 4.334058140277507221e+01 4.695408095603511356e+01 5.173538857235281085e+01 5.686847501420238871e+01 6.263726933440780442e+01 7.685206128981164397e+01 9.693574206333599363e+01 1.102094447358805809e+02 1.019655483600846964e+02 8.816287314081395721e+01 6.795255189549710906e+01 5.940321602521152755e+01 7.958997359046706777e+01
9.494692443194679976e-01 2.094946924431911128e+01 2.752708228445045791e+01 3.063537120327625018e+01 3.813690843219939808e+01 3.085255095177623019e+01 4.502308190694589030e+01 6.159138699481425760e+01 6.987616591493815577e+01 6.098042070178908602e+01 4.134755948086326072e+01 6.098042070178908602e+01 6.373657649076567822e+01 5.557887193245218072e+01 4.266389630514122899e+01 6.232130878982358979e+01 7.976030969886700461e+01 6.604093646355724445e+01 4.611380541354477458e+01 6.604093646355724445e+01 6.839615733774783735e+01 4.850469064869957947e+01 5.433076613576719183e+01 3.853538234060897594e+01 5.238269977482185169e+01 6.689746711782288457e+01 7.175227523609494540e+01 7.693288313677783208e+01 8.273443519719099015e+01 9.102377410105556521e+01 8.986597226790023285e+01 9.802681617064467900e+01 8.192264945115417163e+01 8.560058992906277808e+01 7.538074366503559531e+01 5.521442132513271872e+01 7.156788164722540557e+01
2.836664262828419991e-01 2.028366642628248684e+01 3.107121192438756552e+01 3.736404713672854427e+01 4.560634190779678221e+01 5.089946347747616784e+01 5.920170393350297644e+01 7.338032596005990627e+01 6.664535631107160896e+01 5.403915605008351974e+01 3.446148296711080405e+01 5.403915605008351974e+01 5.557887193245218072e+01 3.597651220543146877e+01 5.557887193245218072e+01 7.048392439113297314e+01 7.356553280447899112e+01 5.352727022975730620e+01 3.968784259328469943e+01 5.939855944688638800e+01 6.839613614202943381e+01 4.850469062464565440e+01 3.478404752123448418e+01 5.433076613576719183e+01 6.651271737246260329e+01 8.060412054742343457e+01 8.098690120084098965e+01 7.258189556010978549e+01 8.089515213075515021e+01 7.603277093538892473e+01 7.030287145456854603e+01 8.986597226042925968e+01 8.560058992906277808e+01 6.545188216422896232e+01 7.169265529146787230e+01 5.151434367782597690e+01 5.138201827753465523e+01
1.404418693552202946e-01 5.485668859965120880e+00 1.103270767864785462e+01 1.735774837679424110e+01 2.737039938352791424e+01 4.159760987047540226e+01 6.178815590151566539e+01 6.173770363886637114e+01 5.849007744374990381e+01 3.890575399991480054e+01 2.861009049154256800e+01 4.257218200753521131e+01 4.607771950943692474e+01 3.184566943535874728e+01 4.310055245952831626e+01 6.273639209664886351e+01 6.875672536712083627e+01 5.392490056096455930e+01 3.448937075590100676e+01 5.392490056096455930e+01 5.662770986339368307e+01 4.840083139693047087e+01 3.237433152441446538e+01 4.342088606489321023e+01 5.721507380746820104e+01 7.680020258366253927e+01 7.097929712664532076e+01 5.304416833930288533e+01 7.097484784663241442e+01 5.667491814042868725e+01 6.814595803069188662e+01 8.770614955587542738e+01 9.387805586373187339e+01 7.483065260874273861e+01 5.467498535100556722e+01 4.786158796100271928e+01 6.813125510748938041e+01
6.646099058385387393e-01 2.066460990583818358e+01 3.107121192438756552e+01 3.744084429430553485e+01 3.744084429430553485e+01 5.584910599625702332e+01 5.594529769798810293e+01 4.207701299392767424e+01 5.594499594504771522e+01 4.249954431205949135e+01 2.298063210028326964e+01 2.305182247728052403e+01 2.656442828668803458e+01 4.607771950943692474e+01 5.955158933664619525e+01 7.090112593394573537e+01 6.042309696460718271e+01 4.075205936233945181e+01 2.992721626476358310e+01 4.301379755803589688e+01 4.520919074171246876e+01 2.919996512241937836e+01 4.840083436363685365e+01 6.005646318521705496e+01 6.752377581520806871e+01 5.910352328487807938e+01 6.266987514081102972e+01 4.345988468570821084e+01 6.275607169198924140e+01 4.882893608149470310e+01 6.814595818292359297e+01 8.141642747940167624e+01 8.045110655497606444e+01 6.992645645262103926e+01 6.361909216632282238e+01 4.585406046011550529e+01 6.621548660224453897e+01
6.164072599657668405e-01 2.061640725996540979e+01 3.611698048631328817e+01 4.506125239634797452e+01 5.759539540817503678e+01 5.847723232212531741e+01 4.719238927714083331e+01 2.818386237060009236e+01 4.214245467686478008e+01 3.395251914807320759e+01 1.819873843523055257e+01 3.776551273875868731e+01 4.602974457677433406e+01 4.555864587367589991e+01 5.378972253819657112e+01 6.311829743125750269e+01 5.938156158586556899e+01 4.835252822468909528e+01 4.019956638681616568e+01 2.406138194677986775e+01 2.625311758621686309e+01 2.940162121987679811e+01 5.472081901050441388e+01 5.819200612146507012e+01 5.522575747877731800e+01 3.867949021926826703e+01 4.788928936371942058e+01 3.717045873448894611e+01 5.497588061921576497e+01 4.274013833687938302e+01 5.384900562514539502e+01 7.324135024575710418e+01 7.134921120273334338e+01 5.132539671031383222e+01 4.311983371147093180e+01 6.361909175423399887e+01 5.553471021149239562e+01
7.616414269703414286e-01 7.832709238835847465e+00 1.677698114883516212e+01 3.091911677256636537e+01 5.091911677256707236e+01 5.039170169550908440e+01 3.074000578830908026e+01 1.939508847378704814e+01 3.020939797704266283e+01 1.429623803472998844e+01 3.380811783343408194e+01 3.095742533341180547e+01 3.164908873499133790e+01 2.606130927451296131e+01 4.556188662634136222e+01 4.286758580783824613e+01 4.262811601591565136e+01 3.167755175954483349e+01 2.098073464008921363e+01 4.010076522533218935e+01 4.283371230657325412e+01 2.800281498598624452e+01 4.328370036514395025e+01 3.857633211432467846e+01 4.536313349077096291e+01 2.774441215280741346e+01 2.885777116078484639e+01 4.448996142093053408e+01 3.582321121765097161e+01 5.500204158168385504e+01 7.015830566440943983e+01 6.621959219259278484e+01 5.785417468170406607e+01 5.928700723966332475e+01 4.125591708402486546e+01 6.181542835827618632e+01 7.574062984593597037e+01
8.582653206718614536e-01 2.085826532067150652e+01 3.611698048629673963e+01 4.506125239631143131e+01 4.817675463348588494e+01 4.010504337598622016e+01 2.867476642110995044e+01 2.629744521379069511e+01 1.052074018974256653e+01 2.889304432874087425e+01 2.969421489896756228e+01 1.136449675080257471e+01 1.219600309561528384e+01 3.177072367751881643e+01 4.107713868134901247e+01 4.233313044157667093e+01 2.441604549766758225e+01 1.796676123440808936e+01 3.719601125696607369e+01 2.086888656220988736e+01 2.191187493445909240e+01 2.295517806485907641e+01 2.400609270772968884e+01 2.507433457227479323e+01 2.615653919626764079e+01 2.988763366678475819e+01 4.804276694473553988e+01 3.042501685358696406e+01 3.151699944172361967e+01 5.081081357790717590e+01 5.819047661919002223e+01 5.582683501763087008e+01 3.737635720283520868e+01 3.872240046614468412e+01 4.117989403705998086e+01 6.174481803576293260e+01 7.062584956502807643e+01
9.616989121453964895e-01 2.096169885970465074e+01 3.293577352265460689e+01 2.505685679101998886e+01 2.505685911162301949e+01 2.743064421049258783e+01 6.329671274812432635e+00 7.090541534195187623e+00 2.246953234018934964e+01 9.376674184544308233e+00 1.019066432221978857e+01 2.980751336322641976e+01 3.177069013988835877e+01 1.338019993214724757e+01 3.292736169932211965e+01 3.491850063685846806e+01 1.670348077448860025e+01 3.615093121034046675e+01 1.938717471304151374e+01 2.268540460269505488e+01 3.295121320046179392e+01 4.133790750678956272e+01 3.500481655558532168e+01 4.431951737585613671e+01 3.962702342107061071e+01 4.913026797728276307e+01 3.524825536198103748e+01 5.053265869215226047e+01 5.081093895685601325e+01 3.309710777510330360e+01 3.431745850524296770e+01 3.555026370644033307e+01 5.585097686836314068e+01 5.333134965929824034e+01 6.174413623930841055e+01 4.485627345752858020e+01 5.659292481623157300e+01
2.866789980725219511e-01 2.028667899807216557e+01 2.090423411161227207e+01 3.127629296346276178e+00 2.320589409059988384e+01 5.255987818907893683e+00 1.917350199875064476e+01 1.891793931264026085e+01 8.227496227886783586e+00 2.814645586524629906e+01 1.464550249324643438e+01 3.373425446097493818e+01 4.076806114492957533e+01 3.100027265913798402e+01 1.456963057982539667e+01 1.545598549448472525e+01 3.486546047892805689e+01 4.428209356871970215e+01 3.767969010561952814e+01 3.535439306464080289e+01 2.714084317966361581e+01 4.444937460835036092e+01 5.419420563044194239e+01 6.084754312240288954e+01 5.939591473214653661e+01 5.883951808196570710e+01 3.915571712212854294e+01 5.883953140142240557e+01 6.012889344410923087e+01 4.560436068736743209e+01 3.688872822920543371e+01 5.456998835029096995e+01 5.585097686775439030e+01 7.357939676896039316e+01 6.526833440962556665e+01 6.332266966512981554e+01 4.869804859128697672e+01
7.776801193288799263e-01 1.333526852602242352e+00 2.074267615900982520e+00 1.806895979808499320e+01 4.185403291067934184e+00 1.913035047446342318e+01 2.931450891538829140e+01 1.721561863054729358e+01 2.939982707066701906e+01 3.702725366302487231e+01 1.930909038740198724e+01 3.038256989151340903e+01 5.016464031543572588e+01 4.181232205311145123e+01 3.408742201627276813e+01 1.587604220962237100e+01 3.121062572359943843e+01 5.093216429581804050e+01 5.731391976266056787e+01 3.961434793001836141e+01 4.448428960980610469e+01 3.153875783741327865e+01 3.878930834328503607e+01 5.226133146452363576e+01 7.335992919848524707e+01 6.327535458378973487e+01 4.343773521953901451e+01 6.327535870376992477e+01 7.179337724584677005e+01 5.763518666428112880e+01 3.944477091505456201e+01 5.777393224378910475e+01 7.110556902587528327e+01 8.454067076025442873e+01 8.546818512649707600e+01 7.829874887446386822e+01 7.188445154149437144e+01
5.059075238208947667e-01 2.050590261218555099e+01 1.115111771899323401e+01 2.761598692383577358e+01 2.404457542920631141e+01 1.168217904969199417e+01 3.059369330745496640e+01 3.543242849680033402e+01 2.663833570668803574e+01 4.351975716034523600e+01 2.435110841480671695e+01 4.383965454578286369e+01 5.883322563305761577e+01 5.330801888254724474e+01 3.388667525540557790e+01 1.931487491259827749e+01 3.388667525540557790e+01 5.330801888254720922e+01 6.617187036767778352e+01 5.795222675004660573e+01 4.756384647147660871e+01 3.487580376643492741e+01 5.337402423088414594e+01 5.804065746080004828e+01 7.843508394050475374e+01 6.811066380312395552e+01 4.817419005505543339e+01 6.811066380312395552e+01 6.906698755878865370e+01 4.950682427076058190e+01 5.777393224378910475e+01 4.366977226390175559e+01 6.279698417571601965e+01 7.517648856753221764e+01 8.353158661323566037e+01 9.362262075198709965e+01 8.524228690587365520e+01
