MOVIE_S3_data/elevation_000516.asc
nrows	100
cellsize	150.0
xllcorner	0
ncols	100
yllcorner	0
NODATA_value	-9999
[rows 68 to 84 of 100, columns 0 to 36 of 100]
2.958550950857541384e-02 1.417172113323965021e+01 3.417172113324035365e+01 4.522364548732014811e+01 5.350791696413364917e+01 6.001244151783799907e+01 5.836507133941930903e+01 5.024617598709079402e+01 5.836507305708741455e+01 4.862206408085022247e+01 2.850781280972615761e+01 3.962669744910095204e+01 2.210952307863385968e+01 3.582906494150481791e+01 4.417840906288392944e+01 5.578626840008521981e+01 5.006404978940897621e+01 2.957118762693266589e+01 4.529955494054821230e+01 4.124270787295227336e+01 5.098020037613293454e+01 5.496174077672058189e+01 4.118105894478026130e+01 5.280038233785709423e+01 7.299342333646620773e+01 8.678880093957046427e+01 6.647971133599878613e+01 5.224412723755094135e+01 7.244811292946982917e+01 6.909206750842305667e+01 4.875505669300773803e+01 6.213158880579361920e+01 6.631343475993671177e+01 5.757028489948220340e+01 5.817010770396316133e+01 7.857225310755937642e+01 9.527917005182543164e+01
9.835479489548564214e-01 2.098354794895450226e+01 2.889371386776909389e+01 2.522364548609965595e+01 4.001244139863865712e+01 4.001244140319830933e+01 5.585600208612257944e+01 6.740300745666120008e+01 6.287762574641667612e+01 4.271721709972681680e+01 4.010233575321514365e+01 5.033847038773755145e+01 4.195284794360794223e+01 2.844205052189473193e+01 4.275779874298518735e+01 6.307380870063674649e+01 5.842475158840729677e+01 5.006404971844695240e+01 3.483984396680832418e+01 5.513878496076995361e+01 6.986822333351283021e+01 6.846724415378690765e+01 4.829411425774320321e+01 5.124025221763111659e+01 6.551175311327062900e+01 8.571681642404566048e+01 7.920257167316968605e+01 5.893919544207015804e+01 7.920257167316968605e+01 7.435374900752570682e+01 5.397534528386558605e+01 7.435374900752570682e+01 8.655027185087774910e+01 6.777623486615472359e+01 7.857225310755937642e+01 6.650329051501692845e+01 8.094547879689847036e+01
5.722010782348829760e-02 4.421577912543354749e+00 8.893713867542972551e+00 1.423893870579150622e+01 2.001244139768786567e+01 2.757173085787254507e+01 3.911873624166546648e+01 5.911873624132941529e+01 7.121724971767881129e+01 6.287762574641667612e+01 5.435210482962569500e+01 6.307389827505367208e+01 4.275779892088950618e+01 4.870824665446451007e+01 3.745238100267878423e+01 5.781443196600604750e+01 6.589573829342430145e+01 4.299191656682121021e+01 3.892957255633206870e+01 5.893187357935874360e+01 7.433858035298445088e+01 7.681768697611413188e+01 5.728405001991080780e+01 7.142967914269301843e+01 6.551175311327062900e+01 8.571681642404564627e+01 8.763253175819690455e+01 6.901148203488936872e+01 8.763253175819690455e+01 8.024128439981681993e+01 5.984626493382682355e+01 8.024128439981681993e+01 9.681813362706361659e+01 8.228734100821613140e+01 9.527917005182585797e+01 7.830042531454191135e+01 8.094547879689847036e+01
9.757004629446797139e-02 2.009757004629411270e+01 2.889371386776909389e+01 3.423893870629041913e+01 4.001244139863865712e+01 4.757173085773052890e+01 5.585600208612257944e+01 6.158551300025040831e+01 6.986982863799201482e+01 7.337184958916401456e+01 7.452370389924878680e+01 7.142444322999152462e+01 6.307389827505367208e+01 6.498448971814009667e+01 4.470450390592513656e+01 6.498448971814009667e+01 7.528307906801511251e+01 6.313316587669718416e+01 4.591506340959683286e+01 4.600552066358355319e+01 6.009917735892364732e+01 8.025107232363836829e+01 7.751463825948684416e+01 7.381233499062001613e+01 8.571681642404564627e+01 9.403933166216695838e+01 9.781672202276237726e+01 8.939366131144993233e+01 9.781672202276237726e+01 8.864229171988340283e+01 7.005508335771463635e+01 7.428013364837460131e+01 9.463278719474882905e+01 1.028740547110549386e+02 1.069927712151449697e+02 9.864393839411583542e+01 1.012707252077902780e+02
4.225409065741109194e-01 1.196954629036672912e+01 2.611168191409793238e+01 4.611168191409863937e+01 4.544054190897592349e+01 4.551802063810944787e+01 5.380227856499536898e+01 4.158551158935733838e+01 5.337184027385132623e+01 5.337184027385131913e+01 6.821470308350693301e+01 5.993039269801726476e+01 6.821470308360760271e+01 7.332986116851260761e+01 5.644646504500257578e+01 7.332986116852447367e+01 7.986262601720403609e+01 5.980248841986323072e+01 5.720727720815298767e+01 6.600153074032952816e+01 5.445293158141576129e+01 6.605287542041038762e+01 8.624370224386639450e+01 9.398799867898267735e+01 1.022973324550005572e+02 9.723780811088548148e+01 8.891567782316023738e+01 8.950633803750797313e+01 9.771537576509476253e+01 9.880797373929006255e+01 8.448030731660193737e+01 9.463278719474882905e+01 1.030046687447462261e+02 9.673500100801022938e+01 1.052013068922777279e+02 1.004843881635982825e+02 9.195869264128268128e+01
8.169748314230130815e-01 2.081697483142265881e+01 3.941549141962899228e+01 3.958269657866766522e+01 2.544053844245471296e+01 2.551802062001141280e+01 3.695243945202824420e+01 3.003850620545452088e+01 3.337183953878818699e+01 4.708574675367275830e+01 5.208574690411919761e+01 3.993039170785635150e+01 5.407252733810425127e+01 7.407253069647462951e+01 7.664764831978432369e+01 8.497768151881132326e+01 8.818494945445651467e+01 7.986262601720403609e+01 7.134985408475799318e+01 8.292246879894977951e+01 6.342018667161963208e+01 8.292246879894977951e+01 9.456076666378881157e+01 9.298990689676705301e+01 8.955674988004865611e+01 8.122111508749836162e+01 6.897268822869371263e+01 6.995726261730926865e+01 8.341020574406964272e+01 1.021468265805462323e+02 1.047852435537775762e+02 9.693854259109103566e+01 8.844261869494367545e+01 7.630828428759078008e+01 9.340589655898011756e+01 9.195869264128268128e+01 7.124109180191085500e+01
7.482281904641915338e-01 2.074822819046383771e+01 1.941549140785253869e+01 2.764691916214976786e+01 1.129840281708811922e+01 1.397101523621238606e+01 1.695243920621215850e+01 2.003850620545404837e+01 2.337183953878744092e+01 2.708574630232854474e+01 3.208574630232871527e+01 5.208574690411918340e+01 5.062084138439237790e+01 6.476297703466453015e+01 8.476298420645591136e+01 9.242105778245770864e+01 8.392423171995754672e+01 9.242103960096524418e+01 9.149128603123931214e+01 9.194179249015952848e+01 7.772006000627570188e+01 9.194179249015952848e+01 9.298990689676705301e+01 7.287379589163006699e+01 7.656517103951013326e+01 6.122876663747963022e+01 5.753996975183593321e+01 6.897268822869412475e+01 8.891567799047291487e+01 1.071196705555310444e+02 9.368879876730753153e+01 8.481514256298419241e+01 6.785814182864999111e+01 6.450185948379387924e+01 8.426571854113890936e+01 7.969261858199089943e+01 7.116227659633182157e+01
6.697973685351282791e-01 2.963954707240750608e+00 5.273355783999263302e+00 7.646919100386980084e+00 2.764691648905288091e+01 2.153030469639706368e+01 3.695243943578350354e+01 4.003850650366645425e+01 3.751397516543961075e+01 4.708574675367277962e+01 3.603001821232801660e+01 5.603001851712159009e+01 7.062084351148889994e+01 6.695077318375278708e+01 8.695078378992093349e+01 8.223185390090885960e+01 6.360169663887941027e+01 8.223185390090885960e+01 8.022744062337118010e+01 8.871167433229888388e+01 9.786466686197840659e+01 9.228900680877683271e+01 8.393161928427964824e+01 7.656517103951013326e+01 5.655267968196510253e+01 4.974986259216850470e+01 6.967852732814728256e+01 8.569862083127297581e+01 9.723784352858824320e+01 9.843102163622098999e+01 7.630494488185382806e+01 6.353042881923542495e+01 5.601436136557821044e+01 5.538711623460145717e+01 7.420181498086395777e+01 6.571877238494278117e+01 5.116156499228655008e+01
9.239707316362346656e-01 2.092397073163587962e+01 2.527335582123555113e+01 2.764691916214976786e+01 1.833736877689006661e+01 3.833737099114053848e+01 3.307731008020515873e+01 5.307730837983078231e+01 5.751397957150651052e+01 6.431428786717893331e+01 4.757702359624892807e+01 5.017215383999645439e+01 7.017215486718343698e+01 8.695078378992096191e+01 8.641307763702371858e+01 7.376296397713244346e+01 5.356699798355505493e+01 7.376296397713244346e+01 5.995038031367599274e+01 7.696992521766755146e+01 8.871167433229888388e+01 8.393161928427964824e+01 6.379740715015801555e+01 6.969458135039374724e+01 6.501095376707647233e+01 4.504888701523510264e+01 5.914429535113991676e+01 7.917432008064079696e+01 8.687223376999487812e+01 9.523420582509309895e+01 9.368879849730865317e+01 8.481514146272917287e+01 6.808508625603373332e+01 4.779254383971549203e+01 6.178661752611836278e+01 4.597936790198350110e+01 6.571860887975606147e+01
7.344999525375345284e-01 9.678771862536770243e+00 2.122577724632948915e+01 4.122577724662106391e+01 3.247950443552856115e+01 3.466730053215955820e+01 5.307730930537757530e+01 4.940724168437103714e+01 6.940723677129059865e+01 7.586129215300211115e+01 6.757702431709466850e+01 7.017215486718343698e+01 7.845642189438009950e+01 8.641307763703751732e+01 6.607665769393884148e+01 6.703097525941277013e+01 4.689766901836142665e+01 5.844610457812925119e+01 4.837173476106400472e+01 5.995038031367599274e+01 8.022744062337118010e+01 7.704194867061818286e+01 6.969458135039374724e+01 4.963232971611363809e+01 5.897085677571916307e+01 4.127474928216248173e+01 6.125396407066693172e+01 7.262255081624805086e+01 6.672013887728942905e+01 8.687223376999487812e+01 9.453685652601897971e+01 8.278421006049279640e+01 7.370338707094434483e+01 6.178661752606095092e+01 4.170920361411830157e+01 4.251029997127784554e+01 6.217327842169592600e+01
8.205962881864476977e-01 2.082059628818609198e+01 3.796304314917585288e+01 4.951004866169976282e+01 5.247953183632598950e+01 5.466731235442853176e+01 6.295181258002678248e+01 6.940723677129059865e+01 6.986270483374087803e+01 6.344394164122703472e+01 7.185996823700310188e+01 7.965846059270889157e+01 7.126895627117708898e+01 7.965846059270889157e+01 6.813824972235293842e+01 4.964112675301159072e+01 5.844610457812925119e+01 3.836694208280994900e+01 5.253099986174595415e+01 7.272643060727874342e+01 7.704194867061818286e+01 5.693417843566327718e+01 6.062402302369718399e+01 5.897085677571916307e+01 3.895123856013903207e+01 3.762799061245404886e+01 5.762024027208015298e+01 5.254721059136977601e+01 6.672013887728942905e+01 8.687223376999487812e+01 8.608706962719681144e+01 6.574886965632707359e+01 5.406812709218652913e+01 4.514483960948931696e+01 3.770735404312290484e+01 5.766763329030828089e+01 5.661979160547166856e+01
1.503081736372913202e-02 1.415716644109480526e+01 3.415716644109551225e+01 4.869965205731795521e+01 5.187394221961174878e+01 5.966431420662227225e+01 6.339536358116019699e+01 6.379311729768586758e+01 4.931930041257702868e+01 4.277806703525322973e+01 5.998733112716415405e+01 6.945045894415137866e+01 5.078587184047509595e+01 6.945045894415137866e+01 5.972461748431503281e+01 3.962782776908426285e+01 4.898335349267577499e+01 3.427680394994959556e+01 4.844218857598682604e+01 6.860405552921210415e+01 7.420464011991434461e+01 6.062402302369718399e+01 4.058346678279426811e+01 4.905360248330210737e+01 3.263403662005614336e+01 3.721698432544044977e+01 4.255615792788799467e+01 5.254721058960620184e+01 6.672013814714888724e+01 8.687219626130521988e+01 8.687399720669870362e+01 7.517075628681701005e+01 6.675180761832766052e+01 5.520625468729882357e+01 3.527426740194205479e+01 5.178195145768457053e+01 3.667286705169775729e+01
1.711296032766891351e-01 2.017112960327633431e+01 3.168360450146572305e+01 3.112687868498127486e+01 3.443081800302540785e+01 4.439341623715558427e+01 4.439341622554439226e+01 5.533632471144166942e+01 3.448751717388383753e+01 3.057817528234120630e+01 5.068731407814349410e+01 5.064095263946708769e+01 4.025449122310805450e+01 6.102741405582605694e+01 5.790932965418269163e+01 4.893481854402467235e+01 2.891502340185316555e+01 4.898335349267577499e+01 6.274647143124103366e+01 6.519340191009889907e+01 5.688030276366740168e+01 4.579067937692276757e+01 4.579067937692276757e+01 2.904151646314161184e+01 4.905360248330210737e+01 5.723181460908625695e+01 5.354626792525873924e+01 7.090600042671691483e+01 8.097709061604695080e+01 8.785092320373082941e+01 7.842419280505576751e+01 5.820702861612834766e+01 4.670156742534139482e+01 5.603450340172096134e+01 5.178195179192032782e+01 3.186526575244996806e+01 5.178195179192032782e+01
6.634215400813491259e-01 2.048347657409582823e+01 1.395689339177812016e+01 1.995758214197742575e+01 3.207860505753068736e+01 2.492199044345628778e+01 4.439341635213514081e+01 5.415405527519772733e+01 4.215038080959156730e+01 2.125244314994656847e+01 4.167268450210013242e+01 2.960849953455296202e+01 5.064095263946708769e+01 5.792182440264390664e+01 3.775571333063327017e+01 4.144207125051626406e+01 2.570214254568801948e+01 3.727666583279214052e+01 5.737137802670537212e+01 5.664023267021941166e+01 3.684283375036588382e+01 4.264924796489577830e+01 2.577017734767418489e+01 4.579067937692276757e+01 4.318067637867753206e+01 6.323210033590172685e+01 7.361275115160509586e+01 8.191481997511425561e+01 8.151630085560837813e+01 6.648977734686032193e+01 7.434094833597488616e+01 7.517073495518535253e+01 5.603390631096878849e+01 3.612353777568107205e+01 4.716826239638156437e+01 2.992305527658886177e+01 4.396761142215775919e+01
1.702428053490451232e-01 6.782433133498069200e-01 1.352347659068677643e+01 1.024231941058052264e+01 1.214814964796575225e+01 3.084979804224535371e+01 4.036348809696948337e+01 3.950955914165545124e+01 2.486500197751185581e+01 1.558561180994219342e+01 2.069560757643517590e+01 4.167268450210013242e+01 5.368236032226583632e+01 4.530525373640455911e+01 3.750845885930723256e+01 2.138450493453132495e+01 3.295303555677297425e+01 5.302567040407686250e+01 6.578062864034703239e+01 5.267537023784713313e+01 3.513248518813158938e+01 2.263296445846630434e+01 4.264924796489577830e+01 5.411293579817667165e+01 6.323210033590172685e+01 7.157354034996066616e+01 8.598168321241266199e+01 8.009645512652521404e+01 7.274631211442277845e+01 5.167861054684691169e+01 5.324226703049311737e+01 6.817246756802590824e+01 5.891174793653497943e+01 4.065221342103096447e+01 2.723300550086339911e+01 4.716826235750336593e+01 4.984530548029445640e+01
1.450734497938095391e-01 2.014507305650734281e+01 1.398059064565646104e+00 1.907375639393305677e+00 2.157513451358059697e+01 1.481104247076230429e+01 3.023460598068847460e+01 2.998908846505270631e+01 9.857879096188485235e+00 3.095143245621436279e+01 4.167268436353990779e+01 4.967165399525210745e+01 4.181502950801853302e+01 2.524339591856000098e+01 1.747523139837243278e+01 3.750845885930723256e+01 4.979119190003024897e+01 6.138257824338797519e+01 7.433262089450262522e+01 5.833495323579217029e+01 4.053832448060177995e+01 2.055077761564913885e+01 4.053832448060177995e+01 5.836974009146543807e+01 7.766221648328945548e+01 6.934811555070240274e+01 6.587809596093718767e+01 5.998865875985888607e+01 7.419684307542993906e+01 5.942192771077488089e+01 3.880019772940431722e+01 5.019960969094051251e+01 5.338391825874130348e+01 4.334653645220893026e+01 2.544535717155294563e+01 4.538803721759681764e+01 5.613702440283546480e+01
2.896770308316644060e-01 2.028967645015763210e+01 2.270869430074914064e+01 1.920363253250198809e+01 2.631424276592010614e+00 3.143908007539365723e+00 2.314533259601182280e+01 2.136561758179998805e+01 6.385875808128353981e+00 2.808201471966543394e+01 4.243708942567830178e+01 3.388494183696064965e+01 2.631747257178897570e+01 1.371819610629595765e+01 3.372253472482778847e+01 4.586609029179269470e+01 5.800844414582670083e+01 6.320051156070559983e+01 5.477846202707840462e+01 5.118659288447108224e+01 3.061983577320491179e+01 1.851256387698441230e+01 3.000525000186553015e+01 5.003811241318158665e+01 6.934811555070240274e+01 4.928505381270083063e+01 5.516138854439713413e+01 4.582912260013053185e+01 6.587782143762795783e+01 6.512515883437912123e+01 5.019960969106406168e+01 2.982812632884369108e+01 4.222268485980229968e+01 2.294342429125329019e+01 3.300354239296190428e+01 4.420466894836033589e+01 3.695568417984267029e+01
