MOVIE_S3_data/elevation_000907.asc
nrows	100
cellsize	150.0
xllcorner	0
ncols	100
yllcorner	0
NODATA_value	-9999
[rows 0 to 16 of 100, columns 37 to 73 of 100]
7.689591995144418490e+01 7.938560629197340290e+01 8.762366728520810000e+01 8.667350743747249453e+01 9.490570661514924211e+01 9.543166447719639223e+01 8.954691848085531092e+01 8.815544391701867255e+01 9.404369721926242676e+01 9.486345799618028707e+01 1.031833223197322269e+02 1.014680242163506847e+02 9.316282831755506777e+01 1.014680242163506847e+02 1.033662038253907554e+02 9.506000768674286405e+01 1.033662038253907554e+02 1.119079192037370802e+02 1.090812649248187824e+02 1.007843204524903769e+02 1.066305465610132188e+02 9.834007170395246078e+01 1.019987357540047839e+02 1.019987357540047839e+02 1.102875193499128557e+02 1.118411928635962340e+02 1.035453127690110051e+02 1.118407555236555737e+02 1.125720156217262087e+02 1.084264160344884829e+02 1.167229389624887972e+02 1.256757120560191936e+02 1.372442886087704608e+02 1.467476751436442441e+02 1.350307231107128700e+02 1.266170356181461898e+02 1.266170535264107286e+02
5.758451195713919191e+01 5.977592256493311851e+01 7.742760683320715032e+01 6.673064415156059681e+01 8.340328553067658390e+01 7.531280552400897932e+01 6.941684288893264920e+01 6.802132327574766180e+01 7.391847293021568532e+01 7.473943843731197489e+01 9.486345799618028707e+01 9.142877272990348558e+01 7.307273299993505589e+01 9.142877272990348558e+01 9.332822817290902151e+01 7.497452121236943867e+01 9.332822817290902151e+01 9.185399495915174839e+01 9.185399495915173418e+01 8.071220386576079875e+01 9.504764342701639634e+01 7.825834414272119943e+01 8.192755597989234673e+01 8.192755597989234673e+01 1.019987357540047839e+02 1.018149728996791197e+02 8.348321668041683097e+01 1.018139634867239351e+02 9.254327471631279423e+01 8.839272044623636759e+01 9.736609005080738655e+01 1.089105956557291108e+02 1.289363452111795425e+02 1.383252197175550293e+02 1.180459979862317113e+02 1.065955234357670633e+02 1.065955234367122699e+02
4.345261536720568785e+01 6.342596704314730260e+01 5.771364579719997323e+01 5.512051238927102759e+01 7.515948995093937413e+01 7.463213082733096826e+01 5.515747692554372605e+01 5.376020699734375796e+01 6.048816418789929372e+01 7.473943843731197489e+01 9.486345799618028707e+01 8.311778065874501920e+01 6.301479738594021285e+01 8.311778065874501920e+01 8.501726444955619399e+01 6.491562225444840806e+01 8.501726444955619399e+01 9.185399495915173418e+01 7.176397811917613012e+01 6.910022679441365767e+01 8.606544204946578702e+01 6.664325070147646102e+01 6.770521623991996307e+01 8.780626842931560816e+01 9.354845301221446618e+01 9.351426108958979455e+01 7.339572586804230525e+01 9.020602673263387317e+01 7.831510013004849213e+01 9.840955971108128608e+01 1.085080753857542959e+02 1.168023083661816486e+02 1.268070475981425318e+02 1.377271998855806885e+02 1.293237171728760302e+02 1.150576177395350896e+02 9.540697662827491854e+01
5.277848545947115610e+01 5.458767455100264954e+01 4.343818388865621216e+01 6.358998086142521800e+01 6.893011521443600031e+01 6.058796679728854429e+01 4.610650301277544827e+01 6.629937288443601062e+01 8.063362730137384915e+01 8.896138037852209379e+01 8.776522132733700232e+01 7.641678623447674568e+01 5.630777444062283621e+01 7.641678623447674568e+01 7.831671705118688465e+01 5.820930414014102183e+01 7.831671705118688465e+01 9.243462032639195058e+01 7.914795267005941071e+01 5.905827107130813403e+01 7.058168351776842542e+01 5.767248948542006559e+01 7.477393757222037607e+01 7.701854832991028843e+01 7.345127678100995183e+01 8.172273928369529017e+01 6.627810059373791773e+01 7.007323267513585563e+01 7.567091209297907994e+01 8.176731922652238893e+01 8.848961328942498028e+01 9.850937177845209192e+01 1.185067789930563578e+02 1.293237171728760302e+02 1.092826967652883781e+02 1.151525757407728605e+02 1.070352800931979118e+02
4.666527830894402484e+01 3.437235229375882994e+01 5.458767455100264954e+01 6.379758441868822416e+01 5.544837995350890480e+01 4.035339315874436039e+01 6.058796679728854429e+01 6.260298554066038434e+01 8.274641045591941690e+01 9.365399676297469966e+01 7.356935881417108192e+01 5.934061368768608702e+01 5.047904736628075995e+01 7.061181454831725546e+01 6.539648488346142585e+01 5.238596022313334544e+01 6.401681935469149209e+01 8.411760449359290703e+01 7.624616381024762291e+01 6.793100030498302999e+01 5.048193863570908491e+01 5.248583355414901064e+01 5.469811949141097784e+01 5.694280451933061471e+01 5.925399839119594247e+01 6.162523071025763954e+01 8.172273928369529017e+01 9.020602673263387317e+01 9.578454455850656757e+01 1.018352546869778195e+02 1.085080753857542959e+02 1.168023083661816486e+02 1.268070475981425318e+02 1.332800342574105343e+02 1.151525757407688104e+02 9.546333112095287277e+01 1.020178487339557023e+02
2.634337064205042012e+01 4.666527830894402484e+01 5.902309018274566910e+01 5.067169693240809636e+01 3.518263021871472063e+01 5.544837995350890480e+01 6.058796679728854429e+01 8.074133309621055332e+01 9.107344665066507616e+01 8.523528373729224938e+01 7.692347735854895063e+01 6.523110618811240613e+01 4.505318972372793951e+01 5.885028874170579627e+01 4.521979873002983652e+01 6.539648488346142585e+01 7.185367665517198077e+01 8.016392754892549988e+01 6.793034263285014163e+01 4.780346092567792482e+01 6.793100030498302999e+01 6.407849884167296750e+01 7.476422441886086290e+01 6.852323029767650553e+01 7.933760341642852154e+01 8.172270775934345011e+01 6.679495219260637384e+01 8.691865786596230237e+01 1.010290538871717416e+02 1.126053976955410718e+02 1.218366831475630647e+02 1.301366401535283046e+02 1.391807126453705337e+02 1.189722636688328237e+02 1.049595222039428535e+02 1.046282318019485302e+02 8.507978664477644770e+01
2.014099567652971601e+01 4.304139239877391532e+01 4.619354936554753266e+01 3.040056309022020642e+01 5.067169693240809636e+01 6.379758441868822416e+01 7.579833256462173097e+01 8.416495039745126405e+01 8.103901723065790463e+01 7.272307388589361210e+01 5.739168325268533977e+01 6.097583417468157307e+01 5.437856218169128653e+01 3.860358136609819724e+01 5.727855286206536789e+01 5.874785978354850613e+01 5.171752075943869897e+01 6.172600860448687143e+01 6.352277738172160326e+01 4.594171823397557830e+01 6.608928954840682479e+01 8.415227798180239915e+01 9.237078379756803770e+01 8.862337610392567910e+01 9.693025496112858264e+01 9.522631261544424319e+01 7.842689854090691881e+01 7.260453483167877664e+01 8.424926225013528835e+01 1.043095121734027373e+02 1.018233514254576022e+02 1.218366831475630647e+02 1.216489369451343805e+02 1.133361050408337007e+02 1.107973700036643976e+02 9.117778521363027266e+01 9.541300638042089588e+01
2.010807739143025330e+01 2.300036793181106631e+01 2.594868972735759627e+01 4.619455029793494560e+01 5.902842538535934125e+01 6.146356817615582457e+01 5.552591435303033052e+01 7.579833256462173097e+01 7.272307388589425159e+01 5.251361472372498440e+01 5.830480679484949746e+01 4.131942811557463813e+01 3.409451048125775685e+01 3.554135593868807064e+01 3.701081642804346927e+01 3.849485773137264744e+01 3.999255654474257682e+01 4.151127789640290189e+01 4.333569050478797635e+01 6.225276734978179860e+01 7.384687418448794460e+01 9.044568437263860972e+01 9.872352612647954118e+01 9.592364997217326561e+01 1.041962699095718108e+02 1.068172256533158873e+02 9.851861682190097724e+01 8.084760697034877808e+01 8.052485674384850256e+01 8.765393865446314692e+01 1.018233514254576022e+02 1.218366831475630647e+02 1.133361050408143882e+02 9.374983617137930025e+01 9.948652150512174330e+01 9.946999744375338537e+01 7.981957792997054923e+01
2.048928915229150505e+01 4.067528218913994209e+01 4.606577407336733643e+01 5.387385648846104402e+01 5.128016866231020288e+01 4.112363369598391927e+01 5.554784097239762986e+01 7.610728316593674947e+01 7.156662595774987778e+01 5.843282826821068454e+01 3.813015444593964531e+01 3.224550535408805274e+01 5.253157879877606717e+01 4.572826698847656246e+01 5.727855286199519469e+01 5.874785978354840665e+01 6.022758376734293506e+01 4.739630086104664741e+01 4.596799563693043211e+01 6.610178758916835307e+01 7.467204364463553645e+01 7.039195876752962988e+01 8.521645161600108054e+01 7.589231606166025301e+01 8.748794441152999468e+01 1.074470380668576723e+02 1.092192384283466282e+02 9.091229771492960765e+01 1.006030282879444826e+02 9.692868501342567811e+01 1.159799957894930742e+02 1.195800731065394871e+02 9.985753685102288557e+01 8.872439902100828135e+01 7.994290297805780199e+01 9.150787265196625242e+01 9.007757935583835263e+01
4.058595728590524487e+01 2.104565861716898212e+01 4.114127511498548984e+01 4.817071095555164817e+01 3.091868415699793360e+01 5.123586430268343150e+01 6.477111450439016949e+01 6.922511071930988180e+01 5.711987825295017984e+01 4.302574315639774483e+01 3.044019011004545305e+01 5.072109878478828904e+01 4.882861121012188477e+01 6.591101160852431917e+01 6.591103651196517887e+01 7.653179784929452012e+01 5.642826355531271787e+01 6.754122906112054636e+01 6.611322944091905640e+01 5.056581539503977751e+01 5.460354406993989329e+01 5.879398263420394954e+01 6.513981128800270426e+01 8.521645161600108054e+01 1.041962699095718108e+02 1.157233093944874298e+02 1.192316367709703258e+02 1.109352785034002125e+02 1.192316367709703258e+02 1.169519809993361008e+02 1.252495276121786674e+02 1.279390994875669634e+02 1.164748495491130029e+02 1.076993865670603157e+02 9.150787265196922249e+01 7.165105467222117852e+01 8.437063115788271261e+01
2.709578064429496536e+01 3.933147526326920485e+01 2.160095785908871591e+01 4.139345576427513862e+01 2.572068448570454535e+01 3.663156719914357495e+01 5.697507065098913870e+01 5.524550346965298075e+01 4.123864912349174716e+01 2.866518535200900786e+01 4.894575351454709278e+01 5.906816597722105655e+01 6.900843923111591494e+01 7.732874323473197364e+01 8.601364513829214786e+01 8.363762535002760501e+01 6.353931011974655974e+01 8.363762535693906841e+01 7.896165477049693493e+01 5.956972795769519990e+01 6.132427089517000240e+01 7.886766049627409814e+01 6.883681751577280750e+01 7.889313153011367774e+01 9.306154970321213682e+01 1.130084974000454849e+02 1.239582364364096776e+02 1.156284458622996567e+02 1.239582364364096776e+02 1.315047281459552266e+02 1.230996414659617528e+02 1.271086489362927523e+02 1.187101840201445526e+02 1.086878259771958000e+02 8.781565095152339495e+01 7.400745012803710665e+01 6.421311688834946096e+01
4.731501795473486993e+01 4.725493641212420215e+01 2.906455333655605244e+01 2.215129574365252552e+01 2.253975383815467382e+01 4.015158383682916821e+01 5.109385878722331142e+01 2.563193784654965768e+01 2.683623391369314248e+01 4.719054902653621753e+01 5.729615332272557993e+01 6.304988723012659335e+01 6.864081835245890773e+01 7.624670516991187696e+01 8.456957293452170177e+01 9.194469627873888840e+01 7.514906595518073118e+01 9.194469704268760779e+01 8.792994185506742610e+01 7.117159240951838228e+01 7.552770055565032692e+01 7.552770055565028429e+01 8.889850347660907914e+01 8.889850347577652201e+01 1.071767298882890458e+02 1.162124353772409506e+02 1.139159828615721892e+02 9.555445403176024399e+01 1.139159828615721892e+02 1.230996414659617528e+02 1.030541616852002278e+02 1.089253467808474340e+02 9.874595509094589829e+01 1.155296276609799833e+02 9.988026080644445415e+01 8.282809722616762826e+01 7.439902498258878438e+01
6.014394969949923109e+01 5.647968170091185414e+01 3.739986850653851747e+01 3.597231822645900223e+01 4.220484251545563836e+01 2.309072001087888282e+01 4.302783938426819077e+01 2.528071192127583444e+01 4.552074930933794406e+01 3.303311216579262322e+01 3.758436583847862522e+01 4.284586879095765966e+01 4.848310635914995714e+01 5.612342054269662128e+01 6.775053650955952378e+01 8.785268828010308084e+01 9.523321314477536248e+01 1.035319684746727518e+02 9.949149275886172461e+01 9.121318694312088837e+01 9.555078424627207312e+01 8.970052946437158425e+01 1.038294466764036486e+02 1.088819964104170595e+02 1.154787861494625076e+02 9.611483877220022976e+01 9.611483877220022976e+01 8.548852187385908508e+01 9.970957193273538621e+01 1.197915596213639873e+02 1.089253467808474340e+02 8.915902645782239233e+01 8.745270702740752711e+01 1.066509257723934070e+02 1.083865324871015048e+02 9.936194946144034645e+01 8.912328191914150466e+01
6.775793721171052653e+01 6.664961317431672683e+01 5.783242583233631251e+01 5.555143439723229193e+01 5.130877700219030402e+01 4.225670238553356484e+01 2.364248833722711751e+01 4.385504719238058158e+01 5.098185459997972657e+01 5.330172761109187007e+01 5.783308238925899758e+01 5.413568311751360795e+01 6.864081835245890773e+01 6.495145047787593739e+01 8.456957648965003216e+01 9.617302075066224631e+01 1.033146727992491520e+02 9.495998939402910821e+01 9.281430165049059156e+01 1.004719773343421991e+02 1.088183117443064987e+02 1.096745486803013705e+02 1.142569555082849462e+02 1.059255693799416491e+02 1.071522939878659884e+02 8.703766102386425985e+01 7.596199585522131770e+01 9.611483877220022976e+01 1.071652513256307486e+02 1.187714955733034117e+02 1.097819094193333740e+02 8.999824275601125123e+01 7.867642436422384833e+01 9.160846057901265738e+01 9.986611258828311577e+01 1.115840229343733796e+02 9.211159385073310091e+01
7.608164618823580838e+01 7.112201374974502244e+01 6.279573047137070319e+01 5.828116085048583273e+01 4.891720299917054859e+01 2.866714104597271984e+01 4.376523902104426611e+01 2.423429780402196343e+01 3.480761949620470119e+01 5.121082965803142883e+01 6.489867771333761937e+01 7.428462252582532699e+01 8.260602203666928744e+01 8.507320904516404880e+01 9.343662786712492618e+01 9.583613678919499534e+01 8.755821826349148296e+01 7.471159678651487468e+01 7.256687807996810591e+01 8.021167185432254598e+01 9.454730611188969647e+01 1.147753989521884819e+02 1.026453219406968316e+02 8.581437818752068836e+01 1.026453219406968316e+02 9.072876494614244791e+01 7.056645592156058910e+01 7.870246942089708853e+01 9.034211933639306835e+01 1.104438574456504938e+02 1.181395776233592159e+02 1.014609726720539129e+02 8.175594848597135922e+01 7.180757677554223051e+01 8.589243778194963852e+01 9.413662773687853758e+01 9.211158813849037585e+01
7.701858525925244692e+01 5.690443112250832769e+01 4.260597706710622390e+01 3.805215124033144747e+01 3.398539501549961273e+01 4.891720142684058459e+01 5.275605519742758531e+01 4.446118908077370691e+01 2.482791689463665108e+01 3.650906374654942255e+01 5.669932422332375666e+01 6.657318230816768789e+01 6.657318230816768789e+01 8.723213947751214903e+01 8.965840908168259205e+01 8.131070185479435963e+01 6.734512334483314078e+01 6.306429213350597962e+01 8.326957465250075074e+01 1.004719773343421991e+02 1.088183117443090993e+02 1.052528194837743740e+02 9.431436772983261108e+01 7.416995681138233465e+01 9.431272733742963510e+01 8.610252358928964611e+01 6.595423722311751646e+01 8.610321402474299646e+01 9.229849868101612742e+01 1.124094668910684192e+02 1.214471114885851506e+02 1.014609726720539129e+02 9.336615181567444210e+01 7.359256311242523907e+01 6.595370917984392634e+01 8.105633959616774575e+01 8.930140025186554453e+01
6.451917960455102730e+01 5.027328986432794977e+01 6.279573047137070319e+01 4.976621966955134724e+01 4.832951801092121968e+01 6.257156741069647410e+01 5.832514516421400685e+01 4.511440947357818487e+01 2.524882883960254176e+01 4.515757974945090325e+01 5.456556098472339755e+01 4.611068294761553688e+01 6.052274407876960538e+01 8.118395452873195950e+01 7.803232510299804403e+01 6.113133336203021884e+01 5.572015864049142664e+01 7.589193204969622286e+01 9.163753734187316979e+01 1.024703039120994106e+02 1.104794729022781468e+02 9.691565085045003514e+01 7.678389117182317136e+01 6.704999403642044342e+01 8.547028104633513124e+01 7.718217257475114934e+01 6.209613838143967257e+01 7.215252359671434590e+01 9.229849868101611321e+01 1.049400081454351437e+02 1.149907620438679885e+02 1.073539570387889626e+02 8.757221318442712743e+01 9.336615181567444210e+01 8.105658455374715743e+01 6.105985337443992478e+01 7.658517719297869064e+01
