MOVIE_S3_data/elevation_000336.asc
nrows	100
cellsize	150.0
xllcorner	0
ncols	100
yllcorner	0
NODATA_value	-9999
[rows 34 to 50 of 100, columns 37 to 73 of 100]
3.034022362465281475e+01 2.808865997698714523e+01 4.411642959081022752e+01 2.539788399187452939e+01 3.090408366289221931e+01 5.194546884088019567e+01 6.852383253136409280e+01 6.008214116752155576e+01 4.658183814593510874e+01 5.378267917912163654e+01 4.600880523341311346e+01 6.347431099696657952e+01 6.162665046916929867e+01 6.162938836964037392e+01 8.110325105027398251e+01 7.876936149130722242e+01 6.092130766777729889e+01 7.333825891134284802e+01 6.609390261926786536e+01 6.715006887192615181e+01 8.234005062248630225e+01 8.636401812093055241e+01 8.043064270813457028e+01 8.729173044867383169e+01 9.642945070726436541e+01 1.124581612013079024e+02 1.225741508796397028e+02 1.129854502669702754e+02 9.341519805757802430e+01 8.297020224371433983e+01 1.027026827024123889e+02 1.115758690417052037e+02 9.776570935154057906e+01 8.576060877582092701e+01 9.977868439359794195e+01 1.193212327229917804e+02 1.259671131984988079e+02
4.454387153865800997e+01 4.387427884992621330e+01 4.675208928079487691e+01 4.301114915852748055e+01 2.590106164766966401e+01 4.665387083476403518e+01 4.968376229727613236e+01 4.976874635426777616e+01 3.331184815275584299e+01 3.500158269314384540e+01 3.672709137128912005e+01 5.547826063102584015e+01 4.858230555479952528e+01 6.732208598136658395e+01 7.534102047060532925e+01 6.704027449365091229e+01 5.193621937802154775e+01 5.432062525217604332e+01 5.676263825605484215e+01 5.941761897696387962e+01 6.245058602688598626e+01 6.624418954334299769e+01 7.076063556925170417e+01 7.614957430513970849e+01 8.382986352338708969e+01 9.396181127979372150e+01 1.142084006426797487e+02 1.210436705893855560e+02 1.089046600988119025e+02 8.929228552930847229e+01 1.089046600988119025e+02 1.253860287318696720e+02 1.124410234273209284e+02 9.281609736433955504e+01 1.019187824167870815e+02 1.214485649077221154e+02 1.351968821927063686e+02
6.482327738942650797e+01 6.468250931226792488e+01 5.065858731152074768e+01 3.148013766013468029e+01 2.625829636172818837e+01 4.605581199519024693e+01 4.748662835722370090e+01 3.091621493391821929e+01 4.904249081606084815e+01 5.378305497191432494e+01 5.547826063102579752e+01 3.930361835662316139e+01 5.794747389432190232e+01 6.238186968227436324e+01 6.427163953307673694e+01 4.870774808249809951e+01 5.280289518051777975e+01 7.166136886598857814e+01 7.606844073764575853e+01 7.902513884271473898e+01 8.234005062248630225e+01 7.223841778070558917e+01 9.100935986480678253e+01 9.642936438029636292e+01 9.271357141111434430e+01 1.124581612013079024e+02 1.225741508796397028e+02 1.259947310787883765e+02 1.169508391129901383e+02 1.032209362600254252e+02 1.032209362600254252e+02 1.226263832751937031e+02 1.205153210611748733e+02 1.027001938234640335e+02 1.205153210611748733e+02 1.295343985389123702e+02 1.378395301702519475e+02
7.292096417925665719e+01 5.984839635613217013e+01 4.873735422488672953e+01 2.898785510071258287e+01 4.144522329582428455e+01 2.677344548617700326e+01 3.365837565830998557e+01 4.289937827650147995e+01 2.875900442207763064e+01 5.033337733042182549e+01 6.015918831903646691e+01 5.794747051162230633e+01 4.200801735440534657e+01 4.393145115309696536e+01 4.584981901060511689e+01 6.427163953307673694e+01 7.166136886602158995e+01 5.929001099472376524e+01 7.877701759473545451e+01 9.529461435297093885e+01 1.008223575006571195e+02 8.650877211234001152e+01 8.650877211234001152e+01 1.067649985144465319e+02 1.129627470829778417e+02 1.213277304208189520e+02 1.200401756247729992e+02 1.057316347416344797e+02 1.200401756247729992e+02 1.226263832751937031e+02 1.226263832751937031e+02 1.306807419659549794e+02 1.302587376822686736e+02 1.221818530311777664e+02 1.302587376822686736e+02 1.280736921004878752e+02 1.364192573357098297e+02
5.537665230405027472e+01 5.152434037442689885e+01 3.166529719605136961e+01 4.873735422754657520e+01 4.582052972741848862e+01 4.483341477490601790e+01 2.728791653933993544e+01 2.765067568631119599e+01 2.801974312579691073e+01 2.815513807181592654e+01 5.188734377302773026e+01 6.859516885234873484e+01 5.495289900419460594e+01 5.677895115030793960e+01 5.863368175425743090e+01 5.341689623804531806e+01 7.233070049587792028e+01 7.877701759473545451e+01 6.696557802157103367e+01 8.692570552576218290e+01 1.053923286595514099e+02 1.067649985144465319e+02 1.067649985144465319e+02 1.151359428889741849e+02 1.183644183220551014e+02 1.242868989343668886e+02 1.110059355023979748e+02 9.147139990918962837e+01 1.062918186247120218e+02 1.146629485126354666e+02 1.247718507773165584e+02 1.359611072611419900e+02 1.276107809262424553e+02 1.359611072611419900e+02 1.247342656454192849e+02 1.077969900458365231e+02 1.216341952350171027e+02
4.275998958348701962e+01 3.443868471773865281e+01 4.565963001891419282e+01 5.984535859917330924e+01 6.504996727289267255e+01 5.888526804294070871e+01 5.084484302699507197e+01 4.925967156890887821e+01 4.775747220248646840e+01 2.850699442067051592e+01 4.656391218167496504e+01 6.306733467758872536e+01 7.398675821641961647e+01 7.591129232830364515e+01 7.787643136397760202e+01 7.233070049587792028e+01 6.253791240343625191e+01 8.210542571914196230e+01 8.692570552576218290e+01 7.683167961687996694e+01 8.846433281272379645e+01 1.087066232916906898e+02 1.212970763371377672e+02 1.124327808483948132e+02 9.813849231052063260e+01 1.040625288835217788e+02 1.026350088772406508e+02 8.249070265960050108e+01 8.612634787643339962e+01 9.617955741048407958e+01 1.164040798389399214e+02 1.258308900791230656e+02 1.073085262039493557e+02 1.258308900791230656e+02 1.156811513072328239e+02 9.610580441882252956e+01 1.013708984633073271e+02
3.746036761736873189e+01 4.816830408603492231e+01 6.273977782434013761e+01 7.401372082281845621e+01 7.481000319937717791e+01 5.478794035912653726e+01 5.478659766782684670e+01 5.237537462897313389e+01 2.897349799704585749e+01 2.972054486102540949e+01 3.907572951240428694e+01 5.505645647579005697e+01 6.200965587616990859e+01 6.871615914820245052e+01 7.703379538514911928e+01 8.691493123260654841e+01 7.625011790506880516e+01 7.625011790506880516e+01 9.624138925574625603e+01 9.109131924815849857e+01 1.053923286595514099e+02 1.170709182674529245e+02 1.129327489177624244e+02 9.272675736321953366e+01 8.388099456214141014e+01 1.040625288835217788e+02 9.551292111284477926e+01 7.528975113287556553e+01 8.960168649667785701e+01 1.097839038935641298e+02 1.247718507773165584e+02 1.174596535650959339e+02 9.715738832035431471e+01 1.174596535650959339e+02 1.073058806785456483e+02 8.706791995972402276e+01 1.073058806785456483e+02
5.008749085005166535e+01 6.585295913722107741e+01 7.528542295387340744e+01 8.053940636232503891e+01 6.639199425508400054e+01 5.478831016137817045e+01 3.481075968504611495e+01 3.248668432109104032e+01 3.520556574995218568e+01 2.935489348994686409e+01 3.087404674848745856e+01 3.584591657803039055e+01 4.208638559188290174e+01 4.954846175098331429e+01 5.902478582354075343e+01 7.846017127840077876e+01 9.624138925574624182e+01 9.624138925574625603e+01 1.045372366085816367e+02 1.113321845385972324e+02 1.101036868751092470e+02 1.019689453620743507e+02 1.101036868751043016e+02 9.643462589922359030e+01 7.617589474289329132e+01 8.816403353768477302e+01 9.087340773070116029e+01 7.050629141950176404e+01 8.495828150898272213e+01 1.051537856783222793e+02 1.104301776227321170e+02 1.020435195264148405e+02 9.040920360223381635e+01 1.106922318168487607e+02 1.016928802875812039e+02 8.144391636229455855e+01 9.274846688151593810e+01
7.571793523380824809e+01 8.227194336337177560e+01 8.173497377273596953e+01 6.981512152612864952e+01 5.224458214795134836e+01 3.812120365481548134e+01 5.478824785862781255e+01 4.949021886041937535e+01 2.977075485737304561e+01 4.897552792037994607e+01 4.388223574622622891e+01 5.662157142560418066e+01 6.200965587616990859e+01 5.874031131328005273e+01 7.703379538514911928e+01 8.702312831586515074e+01 1.011053207562134872e+02 9.586391701170447277e+01 1.042070719143170834e+02 1.127201494521372496e+02 1.002117007644288833e+02 8.212492504206254296e+01 1.002117007644288833e+02 1.024722241996938550e+02 8.223738691246052213e+01 6.772740713603938900e+01 8.115432828688209099e+01 6.615131525593812967e+01 8.069662213073418400e+01 1.009427319598652559e+02 1.020435195264148405e+02 8.178418038567704684e+01 1.020435195264148405e+02 1.121118321910581130e+02 9.646462028354179097e+01 7.619459043817153088e+01 9.646462028354179097e+01
8.453796790654034510e+01 6.601594803935023492e+01 6.178773689424519944e+01 6.152106961403382712e+01 4.162151113774254441e+01 5.809129482753357365e+01 6.496409705355789299e+01 3.020404393443854119e+01 3.115582397171317552e+01 4.988197363287589070e+01 6.242213090777379847e+01 7.128150488551382580e+01 7.914589171083619590e+01 7.955278296652087988e+01 8.926916781499397757e+01 9.134575635173396790e+01 8.094813379035338130e+01 7.571420862433576815e+01 8.423047745016465626e+01 1.026472745768252537e+02 9.204693520206841129e+01 7.197786285631029557e+01 8.757650852529465624e+01 9.579872277856004814e+01 9.653824586232128979e+01 8.115432599485825449e+01 6.076576485841068376e+01 8.115432828688209099e+01 8.662657040703896882e+01 1.068627730090438632e+02 9.697868474123036719e+01 7.672964203456503185e+01 9.697868474123036719e+01 1.037372386774445943e+02 8.347933726599575266e+01 7.177107437617860342e+01 9.204133700899957660e+01
7.979910027847526521e+01 6.763014731002158442e+01 4.788911215268233690e+01 4.526843149595300986e+01 6.152090157094738032e+01 6.981512031341949864e+01 6.009672001447147949e+01 4.582175448785191207e+01 3.060331747540823244e+01 3.332851292133839394e+01 6.182122940090590646e+01 6.306408515212631727e+01 5.925424481062366766e+01 7.914589171290552372e+01 9.134630182195225245e+01 7.161513316591103262e+01 6.690801959138252641e+01 6.434546795004827402e+01 7.415832309438695802e+01 9.430263180594228345e+01 8.495144662816394998e+01 6.455581386474348449e+01 6.725058492962023138e+01 8.414399430580368744e+01 9.262704418315348676e+01 7.228305642469645420e+01 5.816827764603544182e+01 7.824167634856726750e+01 8.456021575761732834e+01 1.048284832336509140e+02 9.233323574850442128e+01 7.210717967275705576e+01 8.623485038560052374e+01 8.946868517494404216e+01 8.266001216946570196e+01 6.783852249323868477e+01 8.806601043809160956e+01
7.150494958731776762e+01 5.176673257365308700e+01 6.763014731002158442e+01 6.506750415838190804e+01 7.335859261840386125e+01 6.853992263603734614e+01 4.825720562403492409e+01 3.492315702006550282e+01 3.087384267156878437e+01 5.056251014202871374e+01 4.781806977263666880e+01 4.343366297727804692e+01 5.710765773857345806e+01 7.726615199346792906e+01 7.782906992175769290e+01 7.533763085506681989e+01 5.590905570711311157e+01 7.533763085506681989e+01 9.061542937773451456e+01 1.026472745768252395e+02 8.794452453473498110e+01 7.556105327488567980e+01 5.532688276503041180e+01 6.864733415649463666e+01 7.727233304999140273e+01 7.548438227295018521e+01 5.579073484061845534e+01 6.426603666899701750e+01 7.861837553291653080e+01 9.890508701356688448e+01 1.007207644315327144e+02 8.623485038560052374e+01 6.609240690548919872e+01 7.456648176318975629e+01 6.257458119331990787e+01 8.265927031745411568e+01 8.663175129885831893e+01
5.579550485502074508e+01 7.150494958998008599e+01 7.979910034654291451e+01 7.211417697730593090e+01 6.377031333761609488e+01 6.084780213300064844e+01 5.421039900325995120e+01 3.429669819567763511e+01 5.019208912581038362e+01 3.129688415500914900e+01 3.512053289024426306e+01 4.672245637731530365e+01 6.570278740887603419e+01 7.068399731892652937e+01 5.595588770390445177e+01 6.942449558194101655e+01 5.162168858457091147e+01 6.253337442308936289e+01 8.227486922153725857e+01 9.296986682010948755e+01 8.002376430025047682e+01 6.046953142980292029e+01 6.407254082995315514e+01 4.912357675874559959e+01 6.859086141209250798e+01 7.294192721604304097e+01 5.353211230172083646e+01 7.294194389201206263e+01 8.778923142323654361e+01 9.948152483824131309e+01 9.936765665326807095e+01 8.700354205747393621e+01 7.863191572426124765e+01 6.058702833725769921e+01 8.056808659597544420e+01 6.479668934742127817e+01 6.640215767422911597e+01
7.559338025049152066e+01 8.388603458674968749e+01 7.647891631018676151e+01 6.377031333761609488e+01 4.380637342422447489e+01 4.085044916541919235e+01 3.801850623934378604e+01 5.421039868203325796e+01 5.735568474177524934e+01 3.166790197795269890e+01 3.235850777054804439e+01 5.125582388602466466e+01 5.357773517607131453e+01 5.440575414556184342e+01 3.986071115661006559e+01 6.134393153330857729e+01 4.745728271867766068e+01 6.136919948703163641e+01 6.958515932822210459e+01 7.291055562907702381e+01 7.101228370209869922e+01 6.258426838110759149e+01 4.437655503924940348e+01 4.538731497255452041e+01 6.515589839777103975e+01 6.755550785002998282e+01 5.120914459261990004e+01 5.948474112936591496e+01 7.084254682485881460e+01 9.110221916980125911e+01 8.510338725885613087e+01 7.083990947827751938e+01 5.876159433320970038e+01 7.863191572426207188e+01 8.894671583278433502e+01 7.904007324885874652e+01 8.662836580303932976e+01
8.844043046088565063e+01 8.134088904186194213e+01 6.811864740717062716e+01 4.819207502711500979e+01 6.377031333761609488e+01 6.085827371834238164e+01 4.957067697785588933e+01 6.590690013374168643e+01 5.282258460281270374e+01 3.206152869215491563e+01 4.901697369428010376e+01 3.344563706781962509e+01 3.420196993802820629e+01 3.493387287371751881e+01 3.564301056175855109e+01 5.520981350874265559e+01 5.718853607698944330e+01 3.754518616330496883e+01 6.136921519406299552e+01 6.974308834800180534e+01 5.308743179317405492e+01 4.295655521354928652e+01 6.282055211644553339e+01 6.392603121799274390e+01 4.685318010334248129e+01 4.789284555595590831e+01 4.903425486532464106e+01 6.865769741680979621e+01 7.854007321579994993e+01 8.323685458151319949e+01 7.488656457737960181e+01 5.697905760443907042e+01 7.674164611074483844e+01 7.271745504130515769e+01 9.291068691952402503e+01 9.931081191704639366e+01 8.714342863928843030e+01
8.654018679584437734e+01 7.296244370841263560e+01 5.299095992941592925e+01 5.808279201445287754e+01 7.647891630902607574e+01 7.794300514698865356e+01 6.958274562808956887e+01 6.468184733036375178e+01 4.646092043345549882e+01 3.246698920243944997e+01 5.058598679331245762e+01 4.816957495234335340e+01 4.777978791019408078e+01 5.440585547978243142e+01 5.501778920071961920e+01 3.664916163914136149e+01 3.738146118827739883e+01 3.814674136746427280e+01 5.802129992082604559e+01 6.011709707818260995e+01 4.155347157459492990e+01 6.146572505707755596e+01 6.282165344865958190e+01 6.070843074914322557e+01 6.655875954367921565e+01 6.755553509150885816e+01 6.865769741663039838e+01 5.062580383641553539e+01 7.022161323481427075e+01 7.306002546798984554e+01 5.521343580019584607e+01 7.488663764937547285e+01 8.510378295582984265e+01 9.291068691941880786e+01 1.012896292059662073e+02 1.157633867521187767e+02 1.074003403091159328e+02
7.814868454154465383e+01 5.806246016540293198e+01 7.296244370841263560e+01 7.222654249851392194e+01 8.653960826877661816e+01 8.268823163252486097e+01 7.439312935081495937e+01 6.346251617703543246e+01 4.662624020421942106e+01 3.288054244697672601e+01 5.344316484747027118e+01 7.008884796498809067e+01 6.726714908351709710e+01 6.696001490530754552e+01 4.712721891227032245e+01 5.636298272968009115e+01 5.718853950945009501e+01 5.005542619625624923e+01 3.930782517710421331e+01 4.018017399210220475e+01 6.011709707818260995e+01 6.974364730207456375e+01 8.274495800902057852e+01 8.048867679233461558e+01 8.048867883239827847e+01 8.242972178697456798e+01 6.238027525187375488e+01 6.350910261830888714e+01 5.220976375199135333e+01 5.343827699949325449e+01 7.306002546883345872e+01 8.323187192469337958e+01 8.997602167619530178e+01 9.763621573123988640e+01 1.059788659061025697e+02 1.160578032681641929e+02 1.080852151747202186e+02
