MOVIE_S3_data/elevation_000743.asc
nrows	100
cellsize	150.0
xllcorner	0
ncols	100
yllcorner	0
NODATA_value	-9999
[rows 68 to 84 of 100, columns 37 to 73 of 100]
5.869741779215814859e+01 6.889133034072986561e+01 8.320468051142101729e+01 1.033954694241993195e+02 1.085918339623853370e+02 1.009359053713401408e+02 1.092625544749240589e+02 1.151953416196110709e+02 1.038306679496782152e+02 8.456481840055693056e+01 8.818241935545047738e+01 8.911145011405641014e+01 7.607024980492802513e+01 5.604743263015370758e+01 7.024065451076960187e+01 9.014413682933675886e+01 8.412523237572816015e+01 8.870922717856652184e+01 8.870928028296449952e+01 7.080651335241920208e+01 7.100774954709923747e+01 7.713507544993565546e+01 8.873772880001433805e+01 1.084590047253486347e+02 1.196907200773083275e+02 1.002383355227909902e+02 8.904169633042157272e+01 8.287965291341234320e+01 7.688953079113736067e+01 9.208574156858558979e+01 9.448273161451400881e+01 8.541244225731787765e+01 1.048984303920984189e+02 1.044774521192392456e+02 8.534077893761451605e+01 9.094577683432578397e+01 8.619067356552780268e+01
6.889133034072986561e+01 8.737580997965524432e+01 9.748530758486681691e+01 9.854727633355294358e+01 9.023299485999881142e+01 8.091259328396958495e+01 9.768873128399998507e+01 1.070060690579728231e+02 8.735769003503250474e+01 7.587277097907160339e+01 6.828444510561683956e+01 8.005910538426188339e+01 7.361984562369568152e+01 5.362243896974452184e+01 7.361984547451523042e+01 8.990728513792342369e+01 6.994010600622742402e+01 7.578824705178047338e+01 6.873104540539175389e+01 6.400979619754185990e+01 8.412314540226753934e+01 9.707277735760636972e+01 9.130076638001715139e+01 1.110081341520011478e+02 1.222184531032518038e+02 1.027608525386079492e+02 1.084598806183757631e+02 1.007985335971629581e+02 8.135789876021104305e+01 1.007985335971667524e+02 1.129854861928622682e+02 9.666990901701483097e+01 1.129854861928622682e+02 1.121596693064028614e+02 1.044774521192392456e+02 9.319248747993822235e+01 7.337796965523145332e+01
8.911842566646764396e+01 9.748530758486681691e+01 9.778990574901024502e+01 8.699187134592625625e+01 7.024243034265579411e+01 6.938750007856695845e+01 8.350953450902059672e+01 1.035369911444860094e+02 1.038306679496782152e+02 9.566207213993841663e+01 8.005910538426188339e+01 6.008300903465575260e+01 5.538546063077536274e+01 5.129250756208278261e+01 7.122575728071831236e+01 8.010362201756339573e+01 7.185442098385141207e+01 5.540470910645797176e+01 5.846688020012597065e+01 6.400886892991366039e+01 8.408539967276455229e+01 1.007120405948503361e+02 1.110081341520011478e+02 1.191969058369192282e+02 1.303184198955787565e+02 1.222183406382756772e+02 1.162456483205766773e+02 9.716333372600128371e+01 9.259391508235671608e+01 8.966712178142881839e+01 1.090733972683999298e+02 1.161387996260458664e+02 1.242415694159968211e+02 1.146738031966143296e+02 9.521213564222718162e+01 8.123052222390792565e+01 9.319248747993822235e+01
8.055031349851489608e+01 8.314531924573830679e+01 8.947607847978638063e+01 6.949537488513786343e+01 5.875441600414655596e+01 7.869143705465826599e+01 9.299624239303604156e+01 1.066414420973754886e+02 9.848010364568797570e+01 9.983236620473513767e+01 8.005762155796911372e+01 8.005434209288225134e+01 6.887282918426973310e+01 4.904619470479286747e+01 6.596164375741679464e+01 6.803630502499625266e+01 5.134024392599490483e+01 7.185512785348488762e+01 7.872022107382771594e+01 8.408539959510775930e+01 7.267566173074823155e+01 9.256548162449394113e+01 1.112114102950771723e+02 1.224714094432377465e+02 1.202294481001144533e+02 1.116639242312264031e+02 1.200368687606077174e+02 1.162455846038631933e+02 1.063128744756630653e+02 1.090733972683999298e+02 9.935973179650811460e+01 1.187870627402916028e+02 1.243361759156877469e+02 1.050114304775408840e+02 9.115313481974757792e+01 1.009123260957089201e+02 1.089270592716231363e+02
6.059504233670332951e+01 6.318201624790665250e+01 7.514169903341330325e+01 6.685709647922593035e+01 5.322435567928327060e+01 6.472376676192030232e+01 8.468860985341831338e+01 9.848010364568797570e+01 7.874240056625070849e+01 8.452343995317141889e+01 9.267499499340129887e+01 8.239085415638363941e+01 7.129364028648757312e+01 6.440766383167027698e+01 4.630505732653793416e+01 4.757148636555888999e+01 5.327147699367540667e+01 6.024936560467210711e+01 6.862749658289337162e+01 8.857217848456886600e+01 9.256548148062377379e+01 8.340029158056603364e+01 9.481606801515073357e+01 1.143712789938513907e+02 1.097955651893327769e+02 9.136309797567007251e+01 1.097960101156836714e+02 1.210476476861309152e+02 1.257512775365429718e+02 1.268711093162326478e+02 1.090664772053563212e+02 1.268711093162326478e+02 1.243361759156877469e+02 1.050114304775408840e+02 1.106715173716702196e+02 1.113765086944656701e+02 1.025076245206480507e+02
6.902913232108980424e+01 4.906555502615864839e+01 6.161116072423666878e+01 4.688116826025730433e+01 5.583323033584664330e+01 6.733283670530724407e+01 8.730860869010184899e+01 9.593276837748337016e+01 7.617123186633523346e+01 6.458768372337344488e+01 7.602269256759682037e+01 7.491825738766634402e+01 5.627047545251183180e+01 4.902706562716248584e+01 4.442275210321734846e+01 6.680229866400219407e+01 7.370298600395163646e+01 7.370298604157520117e+01 8.042979621067716778e+01 8.279836578337599917e+01 1.025113951159855077e+02 1.030862335785333102e+02 1.112114102950771723e+02 1.090887527809496191e+02 1.014134353911870363e+02 8.127885625579445161e+01 9.274780445911417814e+01 1.068979877888102124e+02 1.184490025698912774e+02 1.366087859618619120e+02 1.285076482752270408e+02 1.366087859618619120e+02 1.322844522042054507e+02 1.243361759156877469e+02 1.171147512145112586e+02 9.730954939305345874e+01 8.333063440098128183e+01
5.667944669790655610e+01 4.269477732948656268e+01 4.157849402828864527e+01 5.576372064778770010e+01 7.514169132151806707e+01 8.407136916896942580e+01 9.561924044736046824e+01 1.040895111027877107e+02 9.269192133181326199e+01 7.602269256759682037e+01 5.595957025862654177e+01 6.892431936993341424e+01 6.188549726961304032e+01 4.242157979890738062e+01 6.218609303279144740e+01 6.760792971884970370e+01 7.626447678751742387e+01 9.362901163935481463e+01 1.002286183986958719e+02 1.025113953893354477e+02 1.106791273060988345e+02 1.070083853427268110e+02 1.032301798111031701e+02 8.902102603915393786e+01 9.426325754142634139e+01 7.413745210205242131e+01 7.854018368432272723e+01 9.015491034489643596e+01 1.101334413510220713e+02 1.253211718909373786e+02 1.377019037740586214e+02 1.293445500819577205e+02 1.276629247085806611e+02 1.193313191061962613e+02 1.171395748535390169e+02 1.113765086944656701e+02 1.025076218415702982e+02
4.687299542622613302e+01 3.657569205400071866e+01 4.668121659920023347e+01 6.667770160168795712e+01 8.402397978107069321e+01 9.685286483144066949e+01 8.852595618497822727e+01 9.685286483144066949e+01 9.582944041903263610e+01 7.602269256759682037e+01 6.892999652710552994e+01 4.884260072867026992e+01 4.479393213952724295e+01 4.101756068771506136e+01 5.882796077012213232e+01 4.734699330612485113e+01 6.760792974855851867e+01 8.736047684614689501e+01 9.947886090300900719e+01 1.037474339633470777e+02 9.546553439546715936e+01 8.700616638011148041e+01 9.488448239749239121e+01 7.480991801524841378e+01 8.218178232889930257e+01 6.776799551590856652e+01 7.538411889867730054e+01 8.546722260556533968e+01 9.704078369168487939e+01 1.169826501547916848e+02 1.293445500819577205e+02 1.093350920745983501e+02 1.151957266370864232e+02 9.939401593026803994e+01 9.721755458982499931e+01 9.862604921312170347e+01 1.068846783106591687e+02
3.256379239551134930e+01 5.273678600556349494e+01 6.496477938199512892e+01 6.667770160168795712e+01 8.665972441944298055e+01 8.686709934163516778e+01 6.860885485872024958e+01 8.686709934163516778e+01 9.918469147579139644e+01 7.941803019808108388e+01 6.527169958494160085e+01 6.892999644200018849e+01 6.432517237814657562e+01 5.700904973461750558e+01 3.913223274969070076e+01 5.896876486183115418e+01 5.799662752675521205e+01 6.978132621381512024e+01 9.075024015456993709e+01 9.546553978114845052e+01 7.539232967269042263e+01 7.278206223283116572e+01 8.956905349643417935e+01 8.218199949725989484e+01 6.208530216364658827e+01 8.218199949835741336e+01 9.546816058483268819e+01 1.037669741495166704e+02 1.108431531895841857e+02 1.191507699559704321e+02 1.293445500819577205e+02 1.093350920745983501e+02 9.529685757202678076e+01 8.869548284658692694e+01 8.325652786870169564e+01 7.892416856020633986e+01 9.281585414593985206e+01
2.989954291758957083e+01 4.419263611958607640e+01 6.424148410076233517e+01 7.921920877538666161e+01 8.745976717139500067e+01 7.856740552184923843e+01 5.842516314457579085e+01 7.856740552184923843e+01 8.056927464848649834e+01 7.227934364509795273e+01 7.227785791754439515e+01 7.147806597195112488e+01 5.286327049119073962e+01 4.498674883831392179e+01 3.782434359134555280e+01 6.306619829465317650e+01 7.864437217828644577e+01 8.736047830927535074e+01 9.019616854747623336e+01 8.181955222274902439e+01 8.126999487990947557e+01 6.115307735712093518e+01 8.127162702578010567e+01 7.498214729490591424e+01 5.863098979959878676e+01 7.873205841562617024e+01 8.954066688057427825e+01 9.455718501783269403e+01 9.089815812669492345e+01 1.079285899953459023e+02 1.162142907800549239e+02 1.235184979243285568e+02 1.085627143813299824e+02 1.085627702820665661e+02 1.030525792261286142e+02 9.281626147993345910e+01 7.316298662811037445e+01
2.739471367682761027e+01 4.746148343293227612e+01 6.510553267801327593e+01 5.925945662354342147e+01 7.921920877538666161e+01 7.185332472942474169e+01 5.121249499580855513e+01 7.185332472942474169e+01 7.227934365317544518e+01 5.236626734622828394e+01 5.236621158191460523e+01 6.198762965314727325e+01 5.380881487870895796e+01 3.598700659501213295e+01 5.104979598719042855e+01 5.954120877978819237e+01 8.081909956704164699e+01 8.672510723156788970e+01 8.181242630326521237e+01 6.168057319602275612e+01 6.757305048298424310e+01 5.506367383362017165e+01 7.133297604726377017e+01 5.483998656481733036e+01 7.454178303632347991e+01 6.484053977959651149e+01 6.945260886687493951e+01 7.448932412859471697e+01 8.087670318926757318e+01 8.800699880583138679e+01 9.953566153364501190e+01 1.193943919331167507e+02 1.285598081740332361e+02 1.190580279452740058e+02 1.075457897771991469e+02 9.302487066296730234e+01 7.336241922171069518e+01
2.544110498301650125e+01 4.541342732091268886e+01 4.511892228863958110e+01 6.510553267801552124e+01 7.386706239979119459e+01 6.589483042792448941e+01 4.468946500927971499e+01 6.589483042792448941e+01 6.782249509418062416e+01 5.692492987921214365e+01 3.827270162016774435e+01 5.192833364895592752e+01 3.417412098417832311e+01 5.380796573109964243e+01 6.391728740107837581e+01 6.917647185561590106e+01 7.748192351199450911e+01 6.663613251170478691e+01 7.337563007273041649e+01 6.505258037828673423e+01 4.744444335495000331e+01 4.922814193139918615e+01 5.116441112532965008e+01 7.133298770305272285e+01 8.323002536278015384e+01 8.493214751673099272e+01 8.954066688057427825e+01 9.455784175793969837e+01 1.008850697493740114e+02 1.079285899953459023e+02 1.162142907800549239e+02 1.277243607082147747e+02 1.226167503640619145e+02 1.107427133622380637e+02 9.085892024651786869e+01 7.953668378790847271e+01 7.728379423684891947e+01
4.268448102634348373e+01 3.450110091844315008e+01 5.442224004944022653e+01 6.733595040969976253e+01 5.301287982832497647e+01 5.301288113074343755e+01 3.882569988977699893e+01 6.041895425643645723e+01 5.667431104509397954e+01 3.983417630231013362e+01 3.105196404640769003e+01 3.236126582855413147e+01 5.199154604327935658e+01 5.503434086207017373e+01 5.633247013802508008e+01 4.919537443429431534e+01 5.927686439952638864e+01 5.244745382976125825e+01 6.261809742264976819e+01 4.503356182180599632e+01 6.506606933857864306e+01 6.351897852917375076e+01 7.114522717778856986e+01 5.553962175804271340e+01 7.567791026209964400e+01 8.379602359517888033e+01 8.753343324362604960e+01 9.583050707927809242e+01 1.073966152329777799e+02 1.137955204136383145e+02 1.221129417604663274e+02 1.284477201325807130e+02 1.084303790740255238e+02 9.437731323072931389e+01 8.691448709280881246e+01 9.926280005436615284e+01 8.130662730232818092e+01
4.128515166573274797e+01 5.046174435657252388e+01 6.105257878481161526e+01 4.438396697582883377e+01 4.644502605925789140e+01 3.122996508498133039e+01 5.301288113074269859e+01 5.665716772137704993e+01 4.835284799781674536e+01 2.972889146149838879e+01 4.964198150544090282e+01 3.287732662745930412e+01 3.414785577891944968e+01 3.541072845627814303e+01 3.669145189461463730e+01 3.798108490640444046e+01 3.957560836533886572e+01 4.115362480358229647e+01 4.273390720137686571e+01 6.261809742264976819e+01 7.338471723968881122e+01 8.388968148650026535e+01 7.566471617100198443e+01 7.567791026210204564e+01 6.017443023613662945e+01 6.367750117262358600e+01 6.740763223858942865e+01 7.904452804176639802e+01 9.912496472246067469e+01 9.380088962665357144e+01 1.137955204136383145e+02 1.261286533170924002e+02 1.142933457247498126e+02 1.142934609454750330e+02 9.497802032576184672e+01 1.055984879523518316e+02 8.565985478304399692e+01
2.167392269138982996e+01 4.216866243270477810e+01 4.367967265684488609e+01 2.414814711839551364e+01 2.480310072652777720e+01 4.572894890154323377e+01 4.658957291034710124e+01 4.722388125695973571e+01 2.839758440840917686e+01 4.836417727742192341e+01 5.789154573860680131e+01 5.745626197868294582e+01 5.375690209268977071e+01 4.405189264031140794e+01 5.633247013802508008e+01 5.764037976289520770e+01 4.106710098430799860e+01 6.084947153661943986e+01 6.261808452593914609e+01 7.093371776166344489e+01 8.612537828711697330e+01 9.509996865471865135e+01 9.568063591764099840e+01 8.860754449320914716e+01 7.179688009374540059e+01 7.791325865268038342e+01 8.753194631431775008e+01 7.347880080219601950e+01 7.956943669974813815e+01 8.781267099643278584e+01 9.784970025122018455e+01 1.178071637660588635e+02 1.343441780135855197e+02 1.148983220236443117e+02 1.064434295323194988e+02 1.117519662216484164e+02 9.772994959596816500e+01
4.062762491484798488e+01 2.257860470412649079e+01 2.322572097076833941e+01 2.768092828995582266e+01 3.674793800419139700e+01 2.573916871015651253e+01 2.640483187192651826e+01 2.706783060312558575e+01 2.799893990781128394e+01 4.799701419985579776e+01 5.758814087567316164e+01 6.767015803225926618e+01 7.222117561548573406e+01 5.804610286224826865e+01 7.222116583300416437e+01 5.497313737963295921e+01 6.084947153661943986e+01 4.429432827645349846e+01 6.424621598240041465e+01 5.770887485004804773e+01 6.671982202608981538e+01 8.094764711764059939e+01 1.009763838589485232e+02 1.002051874370600189e+02 9.190062612335620429e+01 9.799827450361044612e+01 1.019029970784533816e+02 9.360383914727462695e+01 8.357297748056154774e+01 9.777465335055393325e+01 1.161305156704566599e+02 1.261320071753243752e+02 1.433232004000495010e+02 1.347993131992066935e+02 1.264477388890288836e+02 1.170530672897334483e+02 9.868935595524712312e+01
3.076850148258510842e+01 4.305344616021704240e+01 3.778353501131231695e+01 4.472918260096704302e+01 3.207809789602232797e+01 3.562999503917177435e+01 4.643383498961135558e+01 4.086490510035088164e+01 4.811353225668089095e+01 2.932126717652809589e+01 3.939571468864999559e+01 5.350376923767520765e+01 7.354658167391191625e+01 7.809870068458843662e+01 8.333812344698205266e+01 6.915682274679454622e+01 7.255787497417439624e+01 6.424627990513836551e+01 4.768981511728409828e+01 6.776822598069573189e+01 8.612537828711697330e+01 9.509996865471865135e+01 1.034413128385570815e+02 9.517685349525368110e+01 1.003537940332294056e+02 1.066710043783301529e+02 1.148960902510705751e+02 1.119240742346339061e+02 9.518183533451238532e+01 1.119335796956870581e+02 1.261056715016953120e+02 1.330532718202487388e+02 1.321552678071962248e+02 1.405025403511650097e+02 1.310229722706292534e+02 1.112665431815829606e+02 1.087421412995655317e+02
