MOVIE_S3_data/elevation_000380.asc
nrows	100
cellsize	150.0
xllcorner	0
ncols	100
yllcorner	0
NODATA_value	-9999
[rows 68 to 84 of 100, columns 0 to 36 of 100]
2.958550950857541384e-02 1.417172113323965021e+01 3.417172113324035365e+01 5.081482458023474891e+01 6.235578314339163342e+01 6.408649708240707810e+01 5.614843387847709266e+01 6.107534719925445188e+01 4.938793320688392896e+01 5.394698625601383668e+01 4.008457131662975570e+01 2.787947801862953412e+01 4.761879282404397884e+01 6.244993091245753192e+01 6.537539361385577763e+01 6.000435554236410240e+01 4.386060933715441479e+01 4.766341653271795309e+01 3.232244600691824132e+01 5.288669952941646812e+01 6.037351220143007424e+01 6.864371742771797358e+01 6.593465621823735034e+01 4.607120729555914806e+01 6.593465621823735034e+01 6.200563817569250347e+01 4.100180433123230017e+01 5.322647531845395719e+01 7.387376626622325659e+01 8.478111773279792374e+01 6.466459587663426589e+01 8.478111773279792374e+01 8.759512219004112410e+01 9.594935238480347550e+01 9.488576307000022325e+01 1.032472273732047228e+02 9.899322084622666296e+01
9.835479489548564214e-01 1.098354794895494280e+01 2.253055333274766170e+01 4.253055333274836869e+01 5.524890202318589871e+01 5.415240978599660338e+01 6.243672266706956009e+01 7.243148228374430175e+01 7.559132044513953019e+01 6.602328431017294008e+01 5.462274133294324940e+01 3.481258444917191497e+01 3.441438129187523742e+01 4.839598446302388624e+01 6.828382669679875505e+01 7.310324513404390245e+01 6.458396764936902912e+01 5.710908609454463658e+01 3.642370093185088820e+01 4.523840124891715675e+01 5.724759500292126546e+01 7.806496664793537832e+01 7.425529951587346034e+01 6.593465621823726508e+01 5.745823226493058655e+01 6.707800358338195679e+01 4.616410523574916880e+01 6.707800358338195679e+01 8.223185054540263650e+01 9.311287815538919688e+01 7.627649620343663628e+01 9.311287815538919688e+01 9.906684011257040368e+01 9.079512023389612807e+01 9.079512023331352566e+01 8.898448225303381776e+01 7.908252061703419145e+01
5.722010782348829760e-02 2.005722010782313447e+01 2.835034128458317682e+01 2.696461281099107055e+01 3.782247736292477214e+01 3.415240881178750953e+01 4.414703301171707039e+01 6.137564539716098722e+01 7.292276338816226655e+01 6.868635794297411223e+01 4.879740261286262637e+01 4.879740261328837647e+01 5.422099859012836731e+01 4.214350659985436209e+01 5.618455896540174876e+01 7.609227558092337063e+01 7.361967380697510066e+01 5.270828825265434858e+01 4.073325869687951695e+01 6.154647972805993561e+01 7.455827005235917682e+01 8.649444994828478173e+01 9.395559260127366485e+01 7.381842814322924085e+01 7.161452991133803891e+01 7.433274889152031051e+01 5.381323047885655342e+01 5.845611051244624434e+01 7.032978477015801388e+01 9.050238433738772414e+01 9.639864679147738968e+01 1.047282635251573026e+02 9.079512023394725873e+01 7.086837923387615490e+01 7.086837923387615490e+01 6.905199018353424378e+01 6.756326328385408431e+01
9.757004629446797139e-02 4.180052950933116129e+00 8.350341232074647735e+00 1.282247718707426465e+01 1.782247718707435169e+01 2.414703250741122176e+01 3.309130441741069717e+01 4.463830980125844405e+01 6.463831331361144805e+01 7.690599354272788446e+01 6.868635900027373964e+01 6.868635991965841470e+01 7.024345411187594834e+01 5.360125697464783201e+01 5.360125697464783201e+01 7.350931931593258639e+01 8.209878037465233547e+01 6.895187030166160014e+01 4.800626273394696852e+01 5.048039890807677210e+01 6.099468587192321678e+01 7.582240506838427052e+01 9.635363802994690730e+01 9.395559260127365064e+01 9.175544264486318013e+01 8.267074373487507444e+01 6.314670608460873069e+01 7.885572854699313439e+01 8.718480640713117680e+01 9.881305125735670458e+01 9.349533244369361284e+01 8.493728329410657807e+01 8.760668743297051719e+01 7.670478654576034216e+01 5.668363368993173879e+01 5.484596925316530047e+01 5.927219480778203575e+01
4.225409065741109194e-01 2.042254090657375443e+01 2.835034128458318037e+01 3.282247728528561481e+01 3.782247736292477214e+01 4.414703286696165208e+01 5.243133290018646875e+01 5.989674672447597459e+01 6.818401348951393004e+01 6.826441817781274324e+01 6.826441817781274324e+01 7.655190009240105553e+01 8.172487177632491751e+01 7.350931931593258639e+01 6.509320091129931996e+01 8.172487177632491751e+01 8.366051063019983758e+01 6.285935199351317948e+01 6.285935199351317237e+01 6.262125903940826532e+01 7.991004386130627779e+01 9.025519666257466156e+01 9.230287117156997567e+01 8.402757467185922735e+01 9.230287117156997567e+01 9.170012881798496096e+01 7.749129589191191769e+01 9.170012881798496096e+01 9.899694784956047044e+01 9.073510175375022868e+01 8.493728329410657807e+01 6.522120119999415522e+01 7.099590794692905149e+01 5.931494518797936877e+01 4.949364167803418013e+01 6.377600646190398237e+01 7.924948380151251115e+01
8.169748314230130815e-01 1.236398021521562995e+01 2.650611583894683321e+01 4.650611583894753664e+01 5.450173385287776284e+01 4.864437336129791589e+01 5.663106944304930579e+01 3.988519554564257419e+01 5.663106944304930579e+01 4.825795884211256492e+01 4.825795884211256492e+01 6.826441817781274324e+01 7.465259688078448619e+01 8.051283086114460730e+01 8.500595085791935901e+01 9.319902738717524926e+01 9.207023874373552985e+01 8.366051063019983758e+01 8.366051063019983758e+01 8.342812402437911601e+01 9.183754104297082677e+01 9.322986750138301204e+01 8.223500117185672309e+01 6.382663457596241585e+01 8.223500117185672309e+01 9.471119045397273339e+01 9.760494602717761836e+01 9.899694784956038518e+01 8.745824235834751903e+01 7.073300710383844603e+01 8.745824235834389526e+01 7.099590794692905149e+01 5.226028724233411538e+01 4.496695800219073647e+01 6.517969294145849801e+01 7.789661559608013874e+01 9.201722513398917158e+01
7.482281904641915338e-01 1.489036381419526656e+01 3.489036381419597177e+01 4.253238636022490482e+01 3.445460248017798932e+01 2.857847006608097118e+01 3.719362453968705040e+01 2.829767032635967894e+01 4.341667170497456851e+01 3.409789605521024924e+01 5.128948887951570157e+01 5.565523654243456519e+01 5.464741123498610165e+01 6.050679445174463211e+01 7.390530297176650265e+01 8.219319452313014551e+01 9.374494044427915185e+01 9.382865763248554458e+01 8.556939193661357024e+01 9.382865763248554458e+01 9.063162444281718422e+01 7.900772071111283879e+01 6.478557392084279343e+01 5.368449787107802251e+01 6.627611843024337190e+01 7.814788025989022913e+01 8.644424425621673436e+01 9.073510175375022868e+01 7.073300710383844603e+01 5.910019436562141948e+01 6.971792929671306638e+01 6.451031872572410464e+01 6.221692125963678421e+01 4.202361963322760374e+01 6.221692125963678421e+01 7.565934007097239089e+01 8.395716996235928775e+01
6.697973685351282791e-01 2.066979736853477334e+01 3.207959584833003674e+01 2.247800058342147267e+01 3.075621207208176244e+01 1.436799728968446566e+01 1.706796430709214007e+01 2.004354228609681954e+01 2.333855569111915429e+01 2.716454465487853298e+01 3.127339022753708520e+01 3.564886741203230969e+01 4.050330874285833715e+01 4.682890365789194931e+01 5.390034156994290981e+01 6.544905729918727388e+01 8.545674938115182329e+01 8.383369547778124797e+01 6.555863556330822917e+01 8.383369547778124797e+01 8.234766992171486777e+01 6.215899148090847603e+01 5.057432124858308242e+01 4.623488250878733652e+01 6.389648258612623977e+01 5.799336038688088024e+01 7.814788025989022913e+01 9.283585272713359871e+01 8.389923546887794714e+01 6.384383994729179079e+01 4.954894028160931185e+01 4.434457988183919497e+01 5.759352736560462205e+01 3.935659375230302004e+01 5.949405702379600314e+01 5.557315981871948196e+01 7.012471375713177224e+01
9.239707316362346656e-01 2.092397073163587962e+01 6.161994638864212170e+00 8.452637248333525477e+00 1.077938937664181118e+01 3.075580312659467097e+01 2.531662958947617525e+01 4.015957119157690158e+01 4.341667170497456851e+01 3.874695158283301311e+01 5.128948887951570157e+01 4.979602410396499579e+01 5.464741123498610165e+01 6.683248103946414176e+01 7.390530297176650265e+01 8.219319452313014551e+01 7.937672278595944420e+01 7.110907656034004276e+01 5.561189618644012711e+01 7.556401374996090681e+01 8.425797525973226243e+01 7.263776893252482125e+01 5.993852316658491475e+01 4.028878537197832799e+01 4.404214371783609039e+01 5.275285345735326104e+01 6.438618041043876872e+01 8.455817366684659930e+01 8.013708745014378110e+01 7.800555969409847989e+01 6.971792929671306638e+01 5.759352736560462205e+01 3.750575520156104403e+01 3.673370457798353783e+01 5.671820233627480690e+01 4.407738261853140926e+01 5.001888566539505376e+01
7.344999525375345284e-01 2.927657916410846717e+00 9.267579454373484182e+00 2.615623690726708261e+01 3.075647215402170431e+01 2.227101344833670993e+01 4.234796592380615721e+01 3.802963661931237027e+01 5.804796205316380053e+01 5.875588013995003678e+01 6.704299346184922115e+01 6.980062667621291439e+01 7.465259688078448619e+01 7.415571221261690482e+01 6.590422931429259279e+01 7.415571221261690482e+01 6.789900107820974995e+01 5.126216119230682011e+01 4.869960889076187982e+01 6.850987493586251276e+01 7.595680728237054780e+01 5.579439905221356355e+01 4.444751759494643295e+01 3.609911841164385038e+01 5.543056415007112037e+01 7.041996470095186567e+01 8.122132267669314842e+01 7.360490536458851807e+01 5.836363668254571735e+01 7.360490523142475183e+01 6.732916359667399320e+01 4.720970946909049815e+01 3.303656824107890344e+01 5.100897655010259513e+01 3.726369795716559707e+01 5.676501676341698044e+01 7.012471375713177224e+01
8.205962881864476977e-01 2.071846929875683685e+01 2.144166530533216175e+01 1.934351399988572240e+01 3.805796123383624519e+01 3.387788582731558051e+01 5.064120795592778279e+01 5.804796205316085178e+01 5.804796205315906121e+01 7.804946834995378424e+01 6.893115689922993283e+01 6.030984647206486926e+01 6.893115689922993283e+01 6.447091120533502817e+01 4.676295834585176436e+01 6.447091120533502817e+01 5.965045463002235238e+01 4.007869393492028820e+01 5.293739609410686597e+01 5.822719646984037922e+01 6.646098706742264994e+01 6.627034063029798006e+01 4.644611189567184084e+01 3.306329283913162698e+01 4.239608633688968098e+01 5.622373853047380265e+01 7.631694573422420547e+01 6.400814252044150976e+01 4.325727727684319746e+01 6.400814248331688816e+01 7.219290370033331783e+01 4.891188320055303507e+01 3.081736149199336339e+01 3.663256728827276731e+01 3.311555229058679117e+01 4.708045237818539874e+01 6.985548814720738164e+01
1.503081736372913202e-02 1.857641799025859086e+01 3.916410182802125206e+01 3.805582511150192460e+01 3.805796381847662246e+01 5.391832182771649684e+01 6.220480735189538279e+01 5.997673553548722936e+01 6.798036339482618473e+01 5.950918526952176535e+01 5.092638769504101504e+01 3.978279944521898415e+01 5.862565629113968413e+01 5.633359383007214660e+01 3.721116610242162892e+01 5.633359383007214660e+01 6.789900107820672304e+01 5.293739609410686597e+01 3.351434500235883718e+01 3.868293594415482772e+01 5.512064518393074763e+01 5.363585157746044985e+01 4.545252315284278666e+01 3.021885948589875071e+01 4.359288528595993739e+01 6.328172569980227991e+01 6.589176106311765579e+01 5.513314994723166507e+01 3.416282894087252942e+01 5.513314994723394591e+01 6.119753485044261510e+01 6.225789925926291346e+01 4.804814424895398162e+01 2.786757908080694079e+01 4.804804654246713369e+01 6.558253663869990646e+01 7.835151359078783173e+01
1.711296032766891351e-01 2.017112960327633431e+01 3.694061857758995870e+01 4.675410098162382155e+01 5.780075345019488253e+01 6.405162185313517398e+01 5.607259085070325000e+01 4.109626440363255284e+01 5.700497592974269878e+01 4.768696228687664274e+01 3.055077133663694866e+01 2.968459228802633731e+01 5.004632295864191605e+01 4.995945125418865729e+01 3.064454338017081270e+01 4.433073740311471056e+01 6.350140391012850927e+01 6.115158549650729469e+01 4.694331239422366764e+01 2.754787349963487841e+01 4.175966330781930225e+01 4.173091147634054465e+01 2.629435584168990658e+01 4.545252314513487590e+01 5.758595066628458881e+01 5.989305838081424582e+01 4.513279047676552835e+01 4.850175218261981769e+01 2.784322119327977063e+01 4.015297493089500591e+01 4.014497632639957203e+01 4.608392036115246526e+01 4.352882306011358793e+01 2.616740617160323623e+01 4.024127987321581656e+01 6.039699216150560801e+01 7.252237519665101217e+01
6.634215400813491259e-01 8.288233969653585831e+00 1.756909944767371812e+01 3.416387334641641615e+01 5.619994271626386251e+01 5.143492435629198667e+01 3.708399807799379033e+01 3.005247192554308810e+01 4.848184404639074785e+01 3.916252010561188257e+01 1.895146972648850436e+01 3.915181667811413746e+01 4.365958011994932519e+01 3.744132037975924732e+01 2.507157083351752647e+01 4.455604303980133807e+01 5.827838941342511703e+01 6.396303331513648516e+01 5.512064518392129742e+01 4.175966330781930225e+01 2.230290027614002213e+01 2.248543581880742082e+01 4.173091147634054465e+01 5.363487268270165487e+01 5.027842416637542300e+01 5.100603774030621196e+01 3.075289856506924480e+01 3.817602117100932446e+01 3.340260416283057054e+01 1.968317168720315280e+01 3.981258436379125953e+01 4.142567844724292314e+01 2.380159241280753690e+01 4.350469681132266686e+01 5.438279675105822975e+01 6.019172316596990413e+01 5.392234145524508904e+01
1.702428053490451232e-01 1.431237842908011970e+01 3.431237842908082314e+01 4.675409399695905677e+01 5.143492433921576179e+01 3.461255215042784528e+01 3.852372563363118729e+01 2.126489515469373615e+01 4.056846976715338826e+01 3.375895467698252617e+01 1.367408111333811505e+01 2.699478425984997187e+01 2.506619616995771693e+01 1.767239640496710606e+01 3.727386127881712241e+01 4.543919453556242161e+01 4.004100177944165040e+01 4.047004500836711571e+01 4.796106189530917874e+01 3.788065640429393710e+01 1.873631491492234602e+01 3.826221389583955101e+01 4.478198650360193511e+01 3.638060900634290817e+01 3.001337029980294346e+01 3.620689460728898013e+01 3.590485082664666550e+01 1.803912912667727397e+01 1.871906688279310416e+01 3.730685626968345758e+01 2.065656534237229280e+01 2.134547283748214852e+01 2.209287401747277713e+01 4.215218878591317520e+01 4.812709904885790735e+01 3.923543952963464676e+01 3.303360239529792608e+01
1.450734497938095391e-01 1.428720907352488467e+01 3.428720907352558811e+01 4.617316432078227706e+01 3.763980308537587405e+01 3.562662364140211935e+01 2.049422952161624778e+01 1.525551252321149676e+01 3.474822306764038160e+01 3.079564019032003230e+01 1.120138592024889057e+01 6.926236858300772958e+00 1.110455178220554551e+01 3.059940875086067180e+01 3.256541776696762724e+01 2.853972592566184474e+01 3.369426479802353924e+01 2.057741542846065386e+01 2.616228926926709875e+01 3.312056981379807752e+01 1.663129213035722032e+01 3.477110538507055537e+01 3.439555883597345343e+01 1.519277617024352622e+01 1.582107070584686603e+01 1.645070358693728707e+01 1.708132460095972505e+01 1.883610982502669629e+01 3.879840500370523415e+01 4.580974342559403567e+01 4.073809261706575313e+01 3.137677276474583721e+01 4.217588503234161124e+01 2.315229101301820691e+01 2.390395098850884281e+01 2.466234751218287613e+01 4.514533126864682799e+01
2.896770308316644060e-01 1.443181320340570828e+01 3.443195926927399597e+01 3.753168020980290009e+01 1.771287497671940514e+01 1.723663386565620925e+01 1.192235180886218693e+01 9.712550827540880505e+00 2.514824651327851157e+01 2.544669142054549837e+01 6.174533231792180388e+00 2.612875259021916818e+01 7.688137988404448286e+00 2.165950067224689590e+01 2.541576924590024333e+01 2.922419385520167623e+01 1.036121973802013763e+01 1.091942494921175921e+01 1.148055265311898054e+01 2.203045018424280244e+01 3.261242277463407646e+01 1.368357856783208604e+01 1.430573004897467904e+01 3.204760101731636723e+01 3.573019666895869761e+01 3.654472955854082272e+01 3.100576822334179994e+01 3.893137808217095142e+01 2.133696005437651877e+01 4.144989132758817618e+01 5.977545462744010507e+01 4.559011783986498756e+01 5.038318800442022649e+01 3.492038252967940082e+01 2.947818470981961170e+01 4.348093440445710911e+01 2.575085820851041163e+01
