MOVIE_S3_data/elevation_000172.asc
nrows	100
cellsize	150.0
xllcorner	0
ncols	100
yllcorner	0
NODATA_value	-9999
[rows 34 to 50 of 100, columns 0 to 36 of 100]
6.278687791629389281e-01 7.698936591028444631e+00 1.525822605121305564e+01 2.525822605121323150e+01 4.525822605182337810e+01 6.102697902172280209e+01 4.994278528330222144e+01 3.155197861522424674e+01 4.994278528306115561e+01 4.452723426743649071e+01 3.276637217399047586e+01 4.916239210036249574e+01 4.663596381995939311e+01 3.537920088719604905e+01 5.315831236000869353e+01 3.932267101375118301e+01 5.980826217733283556e+01 7.614794853640677275e+01 8.868242236329929540e+01 9.027464864258217858e+01 8.025148213212884230e+01 7.118851080998526015e+01 6.321207048069875611e+01 5.016867884500501873e+01 3.343479048348030602e+01 3.987627629121082862e+01 2.114168159423858384e+01 4.243660784077916048e+01 5.623156878814676674e+01 6.758266099149894046e+01 5.938436963108358668e+01 6.449090867633735513e+01 5.638481956780499615e+01 6.207365891580173667e+01 7.175719772989688749e+01 5.496753466160703283e+01 4.889926565384558899e+01
5.760807145981240440e-01 1.471821633832919929e+01 3.471821633832990273e+01 4.354249742641314214e+01 5.354249754778096104e+01 3.905499853417842360e+01 3.905499853422528389e+01 2.153986061041999989e+01 3.590078934880776274e+01 2.765317340717774641e+01 4.033117659403804112e+01 2.358315453956277707e+01 2.623550934078727082e+01 2.930363252476825053e+01 3.252396124272597433e+01 5.315831236000869353e+01 6.515290581423313654e+01 7.222922972857315926e+01 6.853145906584511238e+01 8.868242236329929540e+01 7.233275116390765902e+01 5.472017837455258871e+01 4.590269797551889042e+01 4.050400667011626155e+01 4.970864796407681752e+01 4.255401309837237989e+01 2.151025247750674652e+01 3.220067979264837277e+01 4.766141869927226082e+01 5.922768073032904823e+01 6.417018817225334715e+01 7.227280917264076265e+01 7.806445986702354389e+01 8.239915102196812313e+01 8.334035181870207509e+01 7.512448995078551661e+01 5.675377516109527676e+01
7.930105716671143057e-02 1.007930105716679847e+01 2.422143668089800173e+01 4.422143668089870516e+01 5.119206519309382486e+01 3.029631963176597864e+01 1.685777195849379595e+01 1.400140331863688381e+01 1.587271385804764101e+01 1.776518052313506857e+01 2.014622461553439692e+01 2.916121045831106429e+01 4.398457547509218557e+01 4.975557604702049730e+01 4.446548197362177746e+01 3.968920931776336403e+01 4.503910910818281366e+01 5.221436322574008670e+01 6.633127021787342414e+01 8.646816356963162775e+01 8.055431444340250380e+01 7.118853242208786014e+01 6.321207048069875611e+01 5.726592428296445547e+01 5.066568329427604311e+01 3.488325549911547796e+01 2.188355815531823367e+01 4.132422864128218976e+01 2.972895363569470817e+01 3.559179187856879878e+01 4.199983497571515301e+01 5.815709208809326469e+01 7.770311208744421094e+01 8.133594280596180681e+01 1.000599529458179546e+02 8.507401934825713852e+01 6.693286768675001497e+01
6.786017468061785740e-01 2.067860174680582475e+01 3.836357230461737799e+01 3.945135595412369867e+01 3.745524823447261298e+01 2.913069106627062510e+01 1.143605808972829863e+01 3.145839967277892057e+01 3.590078934880776274e+01 3.781238992405527455e+01 2.248166947268951077e+01 4.259614808066689307e+01 5.140494549509872257e+01 5.991289880398670675e+01 6.202778738446487239e+01 5.995954583613426792e+01 5.927281672180670569e+01 6.146594930908707255e+01 8.058571199816068997e+01 9.005906240518233119e+01 8.002146064187085983e+01 7.176027188032243487e+01 6.462126023073420811e+01 5.248021752499970205e+01 3.229465519931456186e+01 2.791537144165108231e+01 3.254714801836659177e+01 2.242528495279797340e+01 4.707837857419138317e+01 4.638370165722060534e+01 6.087546579781383116e+01 5.328259228680122561e+01 6.209942389545690844e+01 7.586116164299693310e+01 9.455323374061613606e+01 9.499609614220753429e+01 8.678404090278696970e+01
1.053273305859350195e-01 2.010532733058558108e+01 2.373409664799643437e+01 1.940782264032361226e+01 2.684165181018414614e+01 9.111105314851824843e+00 2.913069106627062510e+01 1.792492662765137368e+01 3.795798066327552789e+01 5.094677169972314346e+01 4.259614808066691438e+01 2.752890122180166088e+01 3.135977414760889914e+01 5.154607087080359662e+01 6.586012551409754678e+01 7.751804813892536572e+01 7.934869664913111365e+01 8.155798096596817004e+01 8.992196058922166912e+01 8.185210645138577945e+01 6.166843730925939582e+01 5.156809768674813910e+01 4.437912885290448628e+01 3.899260483342740002e+01 5.096708287815839356e+01 3.812204303559525442e+01 4.048983522472657626e+01 2.281565080342808471e+01 3.517137349454689144e+01 5.477620427856917473e+01 6.884437236539552885e+01 7.387980947114702701e+01 8.122493339396962142e+01 8.912955695405959489e+01 9.410482275394873852e+01 8.621613103778626908e+01 9.410482275394873852e+01
6.652624653148981881e-01 2.190248168640947846e+00 3.719686394444695843e+00 5.262719894065621240e+00 6.824457512951688010e+00 2.684165181018414614e+01 3.745524823447226481e+01 2.277567285743003822e+01 4.281926607139965313e+01 5.904672448362371284e+01 5.604654752333853196e+01 4.178291076730003795e+01 5.154607087080357530e+01 3.733100271784631730e+01 4.895843861083356074e+01 6.914611804964577857e+01 7.734318034238002326e+01 8.500768170484121811e+01 9.337896270125291664e+01 9.005906240669573037e+01 8.002146064187196828e+01 6.092139698502035827e+01 6.462126023073420811e+01 5.066822556082173179e+01 6.154921924852617110e+01 5.322382977922760716e+01 4.377635367069232331e+01 2.321200138444054417e+01 4.418069768390130747e+01 6.222685617708187067e+01 6.670676004585958196e+01 5.838454090311029887e+01 6.670676004587085117e+01 7.831929226129636845e+01 8.472672871169366715e+01 6.757692334453653871e+01 8.472672871169366715e+01
8.924248754756384239e-01 2.026269233521973590e+01 2.370013814375986883e+01 2.527843760468442014e+01 1.389553810905407438e+01 3.391254961703587156e+01 5.116291558329382383e+01 4.281926607139965313e+01 3.062124724751223681e+01 4.479192747730741075e+01 6.493414190426437926e+01 6.194006563015021527e+01 6.586069435829124075e+01 4.895843856435323715e+01 4.494583369353140512e+01 5.074780557533890857e+01 5.710582585903240727e+01 6.472931717645299443e+01 7.906964317354736238e+01 9.934337486098469583e+01 8.928228798161910618e+01 8.108376379229528652e+01 7.914033905735746544e+01 7.088141127038251454e+01 6.901094790710131122e+01 5.272830223406636918e+01 3.483941098209840703e+01 2.361333831164058239e+01 4.351933154791014857e+01 5.419963879824697983e+01 4.816212320350879139e+01 3.827825037069447234e+01 4.984425608024058363e+01 7.004682149008549175e+01 7.689663828870821760e+01 5.825347515526161146e+01 7.689663828870821760e+01
8.870506738290029336e-01 1.523049358454531443e+01 3.606271133336802137e+01 4.221548696020588665e+01 3.391254961703587156e+01 2.804309061854837282e+01 4.808267713497724571e+01 5.904672448362371995e+01 4.218377119582731183e+01 4.329089214888180948e+01 5.750890285298626026e+01 7.771119046287215326e+01 7.751943765698321442e+01 6.914609356986827038e+01 6.511378724287860109e+01 7.094356694402014796e+01 7.734318034238002326e+01 8.500768170484121811e+01 9.337896270125291664e+01 9.285951532315623069e+01 8.281494656346308147e+01 7.454111721007384972e+01 6.736287074344042480e+01 6.192819925899107858e+01 5.699514089511322368e+01 4.029954295542908937e+01 2.513850753338466859e+01 2.401949319783986425e+01 4.491499214483690849e+01 3.902104775257096492e+01 2.835572292223094237e+01 4.795372372007914663e+01 6.486761406610949621e+01 7.174113731152083062e+01 7.068225717598186009e+01 5.216965467688717695e+01 6.278846411494221513e+01
9.587146228554132010e-01 2.095871462270284979e+01 3.282974168177587160e+01 4.111401848048208763e+01 5.005829438912481066e+01 4.808267713497724571e+01 5.638796431222944250e+01 7.068044136348090944e+01 6.231314471443805303e+01 6.342601589844085908e+01 7.179346060295229393e+01 6.951695803699944065e+01 6.122611799341139971e+01 6.951695803699944065e+01 7.439116092689214099e+01 8.264409279102990524e+01 8.671504588121528911e+01 8.671504588121528911e+01 9.494715862189373468e+01 8.463299077890016520e+01 6.444924404228304127e+01 5.423796879648578795e+01 4.702819284220134932e+01 4.158867920810266838e+01 3.665858702042210382e+01 3.195663612190057279e+01 4.622415265063629874e+01 3.265115521608487370e+01 2.459778636032181609e+01 2.500766131156806438e+01 2.541581568543784542e+01 3.044646839980654107e+01 5.338232417348594794e+01 4.778901116241678437e+01 5.582389538484562053e+01 5.873758621773564670e+01 4.458528492943838017e+01
4.749594815986911134e-01 6.505186373153989621e+00 1.282974169349080285e+01 2.177401360349011838e+01 3.591614922909798224e+01 5.591615012327674350e+01 6.256571736007778384e+01 7.075815957098204478e+01 7.296352096760774941e+01 6.469915891680024345e+01 6.668988574673988978e+01 5.844244067378055263e+01 4.089270596532936253e+01 5.939674510624642068e+01 5.426794756001945785e+01 7.439116084334966672e+01 6.669842179202169064e+01 6.669842179202169064e+01 8.671504588121528911e+01 9.285949339605186026e+01 8.281494656346308147e+01 6.365951321297753651e+01 6.736287074351274384e+01 6.192819925899107858e+01 5.699514089511322368e+01 5.244774908718062534e+01 5.089091433220884397e+01 3.054436878343318185e+01 4.541998072135834974e+01 4.552611138690215142e+01 4.611267872572716442e+01 2.598740097458540532e+01 4.621760618093137651e+01 3.078773076356511140e+01 4.379170389123805052e+01 4.632252701851501797e+01 5.242455825376112699e+01
5.246131949027718067e-01 2.052461319490241820e+01 3.282974183930254242e+01 4.111401946289051068e+01 5.005829438912481066e+01 5.926717070990685698e+01 4.261110022134271702e+01 5.926717070990685698e+01 6.469915891680024345e+01 4.450973226907652958e+01 5.041674113740424445e+01 3.811011472568109326e+01 3.065203042864738237e+01 3.980811772761012435e+01 5.975220416351006492e+01 6.357845049913054680e+01 5.247521631857882340e+01 6.409741117612696826e+01 7.827159183951459909e+01 9.824900806848502555e+01 9.207901435060962569e+01 8.384094385388873150e+01 8.619450225877075411e+01 7.717997808463842091e+01 6.888172155813433051e+01 5.702184831760794026e+01 3.668760522338422447e+01 5.089091433220884397e+01 5.921498426425551997e+01 5.021839751417599729e+01 2.982366806204619181e+01 3.286474376437571721e+01 2.655566154993874051e+01 2.695283932364915813e+01 4.157571043881343087e+01 4.897487204078888112e+01 3.344456780435368870e+01
4.470077517107070575e-01 1.044706421831542187e+01 2.459149061979679374e+01 4.461056415007293907e+01 3.918433034785184788e+01 4.753049358665780488e+01 3.107167170610040330e+01 5.104491378345315411e+01 5.350496766906559287e+01 5.040041281495818026e+01 3.016760474548065218e+01 2.655808734569359331e+01 4.670844022216289204e+01 3.564562584255119049e+01 3.938302549977539257e+01 4.333305868152795881e+01 6.330282845639936795e+01 7.693948762234394678e+01 8.369056527459686379e+01 9.196692075027331725e+01 1.019880247382945271e+02 8.953984288653381896e+01 6.944451188967973110e+01 5.768778704322693329e+01 4.856005732406153896e+01 4.346287960017944130e+01 5.701708791647483565e+01 6.536186077024852636e+01 5.397725258118927627e+01 3.357336389174357549e+01 5.022915332300119928e+01 5.126226232224247070e+01 3.860334579566295332e+01 4.668425875669039016e+01 2.750577816551455612e+01 3.413030721703719195e+01 3.998735246203106897e+01
2.599182575669619633e-01 2.025991825756660702e+01 3.873320346832367278e+01 3.578102549204060523e+01 1.911784069068551872e+01 3.588651637299177111e+01 2.351976295821322793e+01 3.351455990268861740e+01 3.351454431986292803e+01 3.905616310011161829e+01 2.284004224256322857e+01 4.267819607331345821e+01 5.506285269134839666e+01 5.609359957216073411e+01 5.975220416351006492e+01 6.357845049913054680e+01 5.107856445514100585e+01 5.691719290614855709e+01 6.361180541883051376e+01 7.364406239867317083e+01 9.373706815052064201e+01 9.775019784483336593e+01 7.969339931546727485e+01 5.946660234339511675e+01 6.888172155813433051e+01 6.380130556988117263e+01 7.030091802538500190e+01 5.789276451243788557e+01 3.745599993938675709e+01 4.866941464227349456e+01 6.234456964353102393e+01 6.692718439775890715e+01 5.888116943018788163e+01 4.061859495510672247e+01 4.643561113750759972e+01 2.805124044673357631e+01 2.843810097972231432e+01
3.519420047721200095e-01 2.035194200477176452e+01 3.356324461335236720e+01 2.531076977138558703e+01 7.570181947232647701e+00 2.757251028484760980e+01 3.125454135463179028e+01 1.351513004482076319e+01 3.351448360258702053e+01 1.937713994631184988e+01 3.905616310011161829e+01 5.103066058312225550e+01 4.768977833963148072e+01 5.043598187409005362e+01 5.868057646274102268e+01 7.253338475584637024e+01 7.120523903138374067e+01 7.699764498636915278e+01 8.369056527459686379e+01 9.196692075027331725e+01 1.019880247382945271e+02 9.966828379035649732e+01 7.969339931546727485e+01 7.121088397083811117e+01 8.200867299031872903e+01 7.372817197025385383e+01 6.197744103611611877e+01 4.155416650902625264e+01 5.789276451243788557e+01 6.215513713161395515e+01 7.914602769261173876e+01 7.040384972098183880e+01 5.468040079981761181e+01 5.288576458662845425e+01 3.144994313371496020e+01 4.973064383061224447e+01 5.206966698805105409e+01
2.695761837762450375e-01 2.013700658251664066e+01 2.334847154168954830e+01 5.456116256905896300e+00 2.544632177317228638e+01 9.726837411301398006e+00 1.126268215423164243e+01 3.127179506629607175e+01 1.586580026665444976e+01 1.809201608858749211e+01 3.807688852357882325e+01 4.387780070274513378e+01 2.769424693460195286e+01 3.043779465003340334e+01 4.457335165291242163e+01 5.453714975856271963e+01 7.439258387254137972e+01 7.063562530205634005e+01 7.598106503788382327e+01 8.201150175767331518e+01 8.908065143411945996e+01 9.727519627527028945e+01 9.948669785288174694e+01 9.128073076422198540e+01 7.372817197741153450e+01 5.338636058488386027e+01 4.614496079161375519e+01 6.197744105877516319e+01 5.338772221484686042e+01 7.375653648577763022e+01 9.114568794717318667e+01 8.092139288946289355e+01 7.339224866287190707e+01 5.537120531252509181e+01 3.384680347119054744e+01 4.922592378843440031e+01 7.026675420541199912e+01
4.879649418637075353e-01 1.927596443361095035e+00 3.370972116335156699e+00 2.337388818351341513e+01 3.370334240083264632e+01 2.972774265704338248e+01 1.661767433924436688e+01 3.647045887555641741e+01 3.585369191198187622e+01 2.474833777477827823e+01 2.146813061562152214e+01 2.388784862409725562e+01 4.387780070274513378e+01 5.043598193891939019e+01 3.456096957734889941e+01 5.456066180104959784e+01 6.356451828972090823e+01 5.063551442638367917e+01 5.598026096477004643e+01 6.201080583615014774e+01 6.908607674036838375e+01 8.065272512294220064e+01 1.005934128764107669e+02 8.796939113416931377e+01 6.782926585795490837e+01 7.019386999135815586e+01 4.982445978426858346e+01 7.019386999135815586e+01 6.519080472298584539e+01 8.213213676654153517e+01 9.345484729756618947e+01 7.344529083586229490e+01 7.209223175025034891e+01 5.177122421947758113e+01 3.633828261320559960e+01 5.166720898220371794e+01 7.178138102035750023e+01
9.938951651180888414e-01 2.099389516511773479e+01 2.337729259178522767e+01 1.751357555009581546e+01 3.753355779975007778e+01 4.468107474332750684e+01 2.567096170441690717e+01 4.515242983989431735e+01 3.542794427939822555e+01 4.472461263553287125e+01 4.145016736110585498e+01 3.020284142061630916e+01 5.019269874597053160e+01 6.282455856150874496e+01 5.456066169825761136e+01 3.897722283334342563e+01 4.356509438917650101e+01 6.356451828972090823e+01 7.598106503788382327e+01 8.201150175767331518e+01 8.908065143411945996e+01 9.727519627527028945e+01 1.087430050232033381e+02 9.618808012269114727e+01 8.796939113416931377e+01 7.403844218440671909e+01 5.368972580400598105e+01 7.403291505283398521e+01 8.552095573049739130e+01 9.415525437326455460e+01 8.768221418293617830e+01 6.754816421642496493e+01 5.276047975443012916e+01 4.580054211471097858e+01 3.928121987488612632e+01 5.205462672769508004e+01 7.299498759930729364e+01
