MOVIE_S3_data/elevation_000874.asc
nrows	100
cellsize	150.0
xllcorner	0
ncols	100
yllcorner	0
NODATA_value	-9999
[rows 68 to 84 of 100, columns 0 to 36 of 100]
2.958550950857541384e-02 5.029585509499428397e+00 1.019356330409712896e+01 1.596706598177585334e+01 2.263373231195122415e+01 3.263373057831515922e+01 5.263399438668613328e+01 5.658470991815467244e+01 5.656014853562297873e+01 3.796254029629925242e+01 5.722183745518587727e+01 4.824627084805572963e+01 2.813229427742005839e+01 4.815444666737211321e+01 4.699899334978332632e+01 4.699913691799742566e+01 3.315819378776174631e+01 5.324867776040240841e+01 4.697471492030187790e+01 6.648823490815104265e+01 7.891754658068170158e+01 8.133874772655083518e+01 6.745845347965486383e+01 7.322604687124969303e+01 8.795619299092609822e+01 7.965086617781727796e+01 8.795619299092609822e+01 9.798160930700014148e+01 8.973125655363574538e+01 8.152156487739058832e+01 8.973125655363411113e+01 7.817742893150425232e+01 5.839227593181450260e+01 5.251005663811583446e+01 6.646573003988939377e+01 4.688533987107727086e+01 6.065689424742569003e+01
9.835479489548564214e-01 2.098354794895450226e+01 3.019213204506859327e+01 3.596412264575184281e+01 4.263386248250061072e+01 5.091736712997519021e+01 6.091702000331459033e+01 7.553857719195926279e+01 6.532601915554516836e+01 4.913358025209642932e+01 6.532601915554516836e+01 5.383496883211470418e+01 3.368463168750770365e+01 5.383496883211470418e+01 6.692527762562221483e+01 5.790954805330839150e+01 3.777131240491590347e+01 5.790954805330839150e+01 6.648823490815104265e+01 5.667847255142304164e+01 6.779088263311598439e+01 8.705594068090228177e+01 8.715024905949168499e+01 9.286353333460453996e+01 7.790309265835071528e+01 5.952173132247512655e+01 6.958629875014621291e+01 8.760983408959820906e+01 7.981818759686152021e+01 6.169286342682031687e+01 7.587763087708066223e+01 6.767671627901239617e+01 6.418721307861018488e+01 4.469957891813116646e+01 5.776825021068257371e+01 4.319593252691232266e+01 5.683735225444836203e+01
5.722010782348829760e-02 2.005722010782313447e+01 3.383530452482580841e+01 3.016523614338075276e+01 4.430737176711120640e+01 6.430737176710007930e+01 6.958280049241527365e+01 6.129852924601674147e+01 6.958280049241719212e+01 6.838607003001045825e+01 7.649714953716119226e+01 6.022956929981678798e+01 4.000806709510020198e+01 6.022956929981678798e+01 7.422098745898793482e+01 5.424363516617501091e+01 4.337577758079629575e+01 5.890307253624055051e+01 8.125075573542108032e+01 6.779088263311598439e+01 8.390569576763188309e+01 9.502327229050783330e+01 9.424441749074169650e+01 8.005482126315719427e+01 6.958629875014621291e+01 4.960749387393186538e+01 5.924563492335346382e+01 7.930554563236414367e+01 7.160721415210548457e+01 5.192474923964054057e+01 6.176598169587307297e+01 4.811679557498682414e+01 5.856161767611846614e+01 3.926331073868892219e+01 3.849593969831527573e+01 5.776825021068257371e+01 5.899718114821930470e+01
9.757004629446797139e-02 6.764236712961105624e+00 1.383530452482651896e+01 2.538230990861882930e+01 3.952444553234928293e+01 5.952444553234442992e+01 5.958280049278876334e+01 4.129852924601756570e+01 5.836959705788243724e+01 6.665386830442372457e+01 7.665386830391929607e+01 6.876795440471485676e+01 4.895802685687829836e+01 6.876795440471485676e+01 8.238237166238960185e+01 7.071292807182854290e+01 5.056321272008567291e+01 6.358874986082252434e+01 8.352435550252076268e+01 8.705594068090228177e+01 9.502327229050783330e+01 8.637682201342582289e+01 7.807400288087217177e+01 6.586522503557257835e+01 5.180192031471494118e+01 4.316029596264711898e+01 6.292669712474140908e+01 8.250779398477614279e+01 7.981818759686152021e+01 6.176598169587307297e+01 4.236021642921513575e+01 3.711058625053535565e+01 4.977313617406564816e+01 3.419159219017139151e+01 5.340392814946173417e+01 5.201438200805365852e+01 7.165931690663332176e+01
4.225409065741109194e-01 2.042254090657375443e+01 2.862455105854457571e+01 3.205452276139229184e+01 3.564662880192775418e+01 3.956895150469136979e+01 4.373923978583279393e+01 3.129852924601791742e+01 3.836959705788314778e+01 4.836959705788279251e+01 6.836959705788137853e+01 7.784635855612702926e+01 6.324722125917757864e+01 7.784635855612702926e+01 8.693462604780745551e+01 6.706718464646388611e+01 6.488400050826462007e+01 7.889786186572223414e+01 7.700624204875467171e+01 8.537551380180158844e+01 8.916807647768344225e+01 7.757324145549929995e+01 5.804963494740458430e+01 6.172417492795709393e+01 5.625160159800400805e+01 3.803521599476579240e+01 5.764390420202089871e+01 6.247256042865483749e+01 7.663824440212938782e+01 6.995636789066601580e+01 6.176598169587302323e+01 4.977313617406554158e+01 3.053561044498590604e+01 4.977313617406564816e+01 6.154610719937899432e+01 7.165931690229506046e+01 7.986742097062872858e+01
8.169748314230130815e-01 2.081697483142265881e+01 8.624551058542852644e+00 1.205452276139300061e+01 1.564662880192846828e+01 1.956895150469208033e+01 2.373923978583350447e+01 3.528624516962560875e+01 5.528624516962489821e+01 6.665386830442372457e+01 7.665386830391929607e+01 9.244549585278623738e+01 7.773120609799994440e+01 6.910150537449470676e+01 7.773120609810351311e+01 8.693462604780745551e+01 8.478519300608006404e+01 7.389974631503176283e+01 5.727075100720281853e+01 7.390004881330033015e+01 8.086686977711087820e+01 6.076613864890575911e+01 4.931925832968497048e+01 4.199252870982189023e+01 3.662571457056986901e+01 3.368134840347405401e+01 5.325926822391884485e+01 4.847317170142262910e+01 6.834074447458652912e+01 8.020454746755245878e+01 6.164306263102739791e+01 4.192209347446235768e+01 2.831138165270855112e+01 4.460531894406647524e+01 5.192767534364657678e+01 6.003717190891613598e+01 7.130545445619003431e+01
7.482281904641915338e-01 3.910505850632577385e+00 1.805264147436327704e+01 3.205452276139021706e+01 2.719363418572077862e+01 3.956895150469136979e+01 3.528624516962560875e+01 5.202351103278822109e+01 6.357051641623039728e+01 7.697912349543234711e+01 8.287450314963628273e+01 7.966184665718435554e+01 6.736099879776200794e+01 4.839983048106231678e+01 6.495148071154403624e+01 7.356861357485223607e+01 7.786153411335672558e+01 6.561187078127881023e+01 4.621809146806334923e+01 6.122736731243320918e+01 6.947966582138474223e+01 7.757324145549929995e+01 6.926171242968426611e+01 6.172417492795709393e+01 4.908524169344728705e+01 2.938192549843123302e+01 3.608498395315871932e+01 4.995112649282044259e+01 6.983639804299620835e+01 7.233999432479630798e+01 5.297552355933864732e+01 4.188816046002741444e+01 4.460179234933349335e+01 2.530527113547289275e+01 3.262271686771161683e+01 4.370391193801908969e+01 6.318011499552314802e+01
6.697973685351282791e-01 2.066979736853477334e+01 3.219477708784970815e+01 4.633691267908290001e+01 4.719363418572006452e+01 5.547790543255251805e+01 5.528624516962489821e+01 6.357051641623041860e+01 6.567121932551820862e+01 5.739325894602094991e+01 6.312982585714229344e+01 7.033546045351081943e+01 5.046218295842260204e+01 3.844810901212879628e+01 4.446051931981772753e+01 6.495148071154403624e+01 6.954682828299840480e+01 5.003508686521993098e+01 3.907162297059851142e+01 4.193803225130076129e+01 5.823459285318249812e+01 7.744323534150338162e+01 6.617748285052425672e+01 5.777805347931226976e+01 4.593018618937701092e+01 2.601770779660658306e+01 4.190725840374825140e+01 5.013806243109825544e+01 6.496260590863209927e+01 5.754718802165572811e+01 6.369047613941620511e+01 4.784435193373648332e+01 3.957260613910720792e+01 2.330456192738236254e+01 4.262284998979576045e+01 6.003717190529243908e+01 6.334972763262017281e+01
9.239707316362346656e-01 1.506610635536731024e+01 3.506610635536801368e+01 4.731482919908839335e+01 5.560034223995610603e+01 6.292581417327558313e+01 7.120901527109153051e+01 6.025629510125496324e+01 4.657835074096986006e+01 4.414775558731382432e+01 6.312982585714237160e+01 6.173946248113217194e+01 4.148001978571708293e+01 3.076427939437765247e+01 5.046218295842260204e+01 6.537969041998614728e+01 6.297146648959776627e+01 5.180526083867589193e+01 4.372146696290673162e+01 3.098369448176697105e+01 5.009063587416961383e+01 6.919500901648105184e+01 4.984783994982952038e+01 3.930218720055626136e+01 3.192140424477590344e+01 4.035064151307766167e+01 2.172815009356960303e+01 4.171225208609238422e+01 5.483830715365890995e+01 3.896178968651091878e+01 4.987966083045364485e+01 3.983916115702335503e+01 2.051475953490503201e+01 3.983919194247870621e+01 5.074522737974779574e+01 5.946700545013525385e+01 4.192320515123877556e+01
7.344999525375345284e-01 2.073449995253717759e+01 3.098464269552458816e+01 2.731451701025333278e+01 4.593662756021721805e+01 4.292547704466935699e+01 5.284300809796410903e+01 4.485810297966033033e+01 3.352743762261962246e+01 4.657835074096986006e+01 6.567121932551820862e+01 5.947504092201003090e+01 3.928382721419085044e+01 2.597635881496105625e+01 3.670716164319511421e+01 5.679482890997658018e+01 5.479104196166795759e+01 3.561303730580879545e+01 2.458097421791514137e+01 4.372153195151186367e+01 5.823006769761839507e+01 5.626083712864464559e+01 6.234945008461247795e+01 5.301322538490555303e+01 3.423901597210490166e+01 2.186203113102866524e+01 1.893940503905877293e+01 3.934318635383698393e+01 3.799246645271434630e+01 2.847472980927531339e+01 4.698019131024493333e+01 3.790219344307974580e+01 1.856513562118992411e+01 3.775732891138851954e+01 5.249858002312537764e+01 5.082844015822045947e+01 2.924436401939637520e+01
8.205962881864476977e-01 5.820596288186467682e+00 1.098457408312973449e+01 1.765124074980821689e+01 2.659551267498916260e+01 4.659560711200671790e+01 4.485810264662734426e+01 2.610643609863904757e+01 4.485810297966033033e+01 6.025629510125496324e+01 6.635105696775866591e+01 5.526202085538793796e+01 3.535951195026677851e+01 2.223745644784219166e+01 4.118882184595091189e+01 5.484713340505335566e+01 5.346716688922932548e+01 3.426495414880685786e+01 2.067001189584986776e+01 3.988917284433752286e+01 4.938836637886564063e+01 3.401878471648436175e+01 4.053325286798286697e+01 4.959122764782418358e+01 2.952441235070384096e+01 1.528918942618440902e+01 3.194172251400050655e+01 3.403329299266179220e+01 1.748440935294399523e+01 3.183449195892479366e+01 3.381909276693917832e+01 3.330815114984523717e+01 1.660372075421851790e+01 2.775975199224099299e+01 4.541345443668948434e+01 4.690922413952657166e+01 2.989268180044964396e+01
1.503081736372913202e-02 2.001503081736337464e+01 3.098464269552458816e+01 3.765142022761350660e+01 4.593195571254606335e+01 4.990768556144693235e+01 4.043829270214406790e+01 2.148259701379373965e+01 3.531425866611981235e+01 5.564990295082819927e+01 4.804061786004759682e+01 5.316899562461374984e+01 3.211754632389172315e+01 1.867739247161346583e+01 2.707382998050156786e+01 4.096048169289478125e+01 4.146241612364292450e+01 3.182883993840505710e+01 1.699493885874850108e+01 3.599366308906363088e+01 3.800991480652577792e+01 1.716475394645014774e+01 3.461978450899336224e+01 3.372432922443066161e+01 3.317940077141096822e+01 3.005879188719368500e+01 1.210279830036126114e+01 9.945394297685799856e+00 1.038672539580277920e+01 1.690582775519400727e+01 1.973251822197635974e+01 1.381473500342239191e+01 3.072721798086158174e+01 3.228439423576752887e+01 3.314791283755093332e+01 3.332557918554287824e+01 3.271690858492259224e+01
1.711296032766891351e-01 1.589034625537591516e+01 3.388877952604839550e+01 3.866325886279653901e+01 3.738683489369840629e+01 3.095069188118400660e+01 3.095110109689519007e+01 1.724279102131798780e+01 3.638227852377326599e+01 5.105809792838507377e+01 3.474990236036244085e+01 5.105809792828850391e+01 4.566324960721823345e+01 3.272296603484934252e+01 1.379628381435902540e+01 2.831156021319337768e+01 2.967095454457611936e+01 1.184142764722824914e+01 2.669471475684268569e+01 2.728964743576077723e+01 7.761020111338141625e+00 8.093145917311575843e+00 8.426352576422473817e+00 8.760077123139259569e+00 9.093525810163214373e+00 9.426738732536353638e+00 9.762600540083758105e+00 1.021976473073725700e+01 1.921846296038559387e+01 1.106112101245394896e+01 1.144716656153580026e+01 1.181228106349722751e+01 1.218909231472808230e+01 1.396408984729082370e+01 1.317140493722973815e+01 1.348129449798142687e+01 1.379209993942744461e+01
6.634215400813491259e-01 2.021997044363712703e+01 2.242272536049462772e+01 1.721604601167612048e+00 2.049396376123992880e+01 2.608045529368023452e+01 1.158148985212446824e+01 3.093723945916831397e+01 4.396505529747030039e+01 4.300195648756562150e+01 2.369462877598261841e+01 4.304451421890950513e+01 5.216530760287820812e+01 3.843516560503460511e+01 2.770288308305172364e+01 9.091748662304553363e+00 1.938532206622809184e+01 2.454670196431263918e+01 6.961490924428751725e+00 7.292429244114283726e+00 1.071721128301038206e+01 1.863292878688930898e+01 1.716127602475243208e+01 2.039445560056156381e+01 1.397698803935705669e+01 2.550402477364009357e+01 9.524880559285010762e+00 3.079380455563570607e+01 1.184919656981753278e+01 3.161157326781465926e+01 3.677947606667478198e+01 3.437731936207568140e+01 2.725704421747816042e+01 1.270386494944153455e+01 2.776433799391437773e+01 3.367961129478575799e+01 1.357559574893569909e+01
1.702428053490451232e-01 4.832782289887311844e-01 7.963902861368389319e-01 1.109803379943604895e+00 2.107363081767477553e+01 6.462508284935869263e+00 2.575292767799811955e+01 3.671375161580257185e+01 4.414394614022791075e+01 3.618790638086017708e+01 1.716645331434159161e+01 3.633540769133240644e+01 3.858478819795581671e+01 2.376056675053990475e+01 7.448606270754632774e+00 5.831300277742156979e+00 6.164053904868216804e+00 6.494325162360159887e+00 1.980151152114934021e+01 2.528904251372369671e+01 2.747272627266193368e+01 3.099607797472577886e+01 2.675173116096398118e+01 3.372841180693967544e+01 1.961913972584588350e+01 2.443189645869691518e+01 3.794493162979180312e+01 4.025468255520654992e+01 3.183975210719145466e+01 1.363828563698514884e+01 3.214577792558309000e+01 4.321898583809458927e+01 4.812696052265960844e+01 4.641300482421306839e+01 4.768652095406074665e+01 2.940313386314448607e+01 3.537185243637586041e+01
1.450734497938095391e-01 3.950738390546900458e+00 1.514089185370141166e+01 1.923957645942157768e+01 1.553193608057857444e+00 1.930275553089968810e+01 2.671468265865354397e+01 3.068044044965763817e+01 2.306315205627575793e+01 2.722578145660946802e+01 1.147620070373071854e+01 2.512030974573390552e+01 1.884234274894694039e+01 2.488666566057980489e+01 5.359005554149754325e+00 2.552853886835387343e+01 2.003544825849352762e+01 1.143474644858854106e+01 1.052537667222191686e+01 1.345205886229036985e+01 3.076333008071036090e+01 4.231967282493186389e+01 4.328682597842840352e+01 4.274925721972321924e+01 2.536271744434381503e+01 3.802036366441385695e+01 4.458721972338116046e+01 4.796458695202173317e+01 2.758810545670929315e+01 3.355623741597970167e+01 1.543025740512617894e+01 3.528339682476872241e+01 4.391268781592117421e+01 5.682096134076638805e+01 5.909857468923550528e+01 4.390910280137503463e+01 4.834082320040067771e+01
2.896770308316644060e-01 5.074254146168257762e+00 2.137482201309509833e+01 2.627880378266092976e+01 9.426872274028319509e+00 1.998949390277953153e+00 1.679070465991929950e+01 1.707573431889074556e+01 9.199693954378727057e+00 1.050333870321752983e+01 6.149625002976465638e+00 4.202602648572947963e+00 4.541951603613801680e+00 4.881632607356081621e+00 1.917912433071773037e+01 3.376919930776824685e+01 3.723320556817213145e+01 2.181497936349494182e+01 3.318833145508452276e+01 3.220319246691075676e+01 1.765898029888116127e+01 3.617030479907527507e+01 4.848017959820354150e+01 5.057898420393625116e+01 4.293307879043048558e+01 3.474833973522135722e+01 5.234906295258042519e+01 5.644364433219593735e+01 4.796459011622064139e+01 4.376268917305339556e+01 3.528077846884638546e+01 1.717616313052156585e+01 2.314948473256484007e+01 4.521057754825971386e+01 5.962352743775757347e+01 6.524998693313445131e+01 5.947152434703640722e+01
