MOVIE_S3_data/elevation_000089.asc
nrows	100
cellsize	150.0
xllcorner	0
ncols	100
yllcorner	0
NODATA_value	-9999
[rows 51 to 67 of 100, columns 0 to 36 of 100]
8.885398060199247716e-01 2.088655492753584042e+01 2.502494125209284803e+01 2.107937590982753306e+01 2.303117599315300623e+01 3.336091465994642391e+01 2.022112189370283986e+01 2.599462458487443328e+01 3.306569238062076721e+01 5.306534873537806618e+01 5.986367931803822273e+01 6.069858548878839599e+01 6.898042363600876570e+01 5.294093462838420550e+01 5.294093462838420550e+01 6.448787431376341317e+01 8.448592772384199634e+01 1.018180406855314430e+02 9.215792204287433265e+01 7.528606888291903942e+01 5.486844522759156462e+01 6.829452032355219160e+01 6.582644457757803025e+01 5.685753527685047715e+01 4.053894366011647321e+01 3.466094716003335208e+01 3.509291243635262703e+01 3.552636093019609831e+01 4.129384373329482116e+01 4.203834203754601617e+01 6.268895406170910434e+01 7.744544182161045853e+01 8.469856503123072855e+01 7.875486980363726275e+01 9.904791466029929836e+01 9.389452311850672572e+01 7.011023449396800800e+01
1.344321116831868057e-01 1.427656773684116231e+01 3.427657071920152276e+01 4.107926339024083973e+01 4.303107175311040322e+01 4.850209591952686594e+01 3.176812671094564422e+01 4.599476940649149981e+01 4.599433816923828289e+01 4.461269278335084465e+01 5.615965906999700508e+01 7.615785570694757212e+01 8.122051267822975262e+01 7.294004620426466090e+01 7.294004620426466090e+01 8.122051267822975262e+01 9.276432555981499206e+01 9.393635340311821835e+01 7.378494772358321541e+01 6.345068053013468301e+01 7.528606888291903942e+01 8.366653837665000992e+01 7.626089361849476234e+01 6.160504444953613046e+01 4.103722130404951685e+01 3.915139820962601647e+01 5.604113056673042337e+01 3.683241053250003461e+01 5.739823441045616192e+01 6.268895406170910434e+01 4.843483745988004330e+01 6.905134705039255039e+01 8.466978708172187851e+01 9.904791466029929836e+01 1.072503320677501506e+02 1.029377776104277586e+02 9.133036812879039701e+01
8.052006432555327553e-01 2.080520064325517637e+01 3.078965702994901932e+01 3.681985296742156777e+01 4.389085644381204787e+01 5.217360393097782634e+01 5.176916310795643028e+01 6.006777364085515813e+01 6.599190114001511631e+01 6.461189149529703002e+01 7.289056295519436901e+01 8.443317922309034884e+01 8.459957381246830721e+01 7.636594605571696093e+01 7.772352773359170897e+01 8.602065167406151147e+01 9.715257391069683024e+01 1.007482257079953740e+02 9.215792204287433265e+01 7.540865107316072624e+01 9.230963276957994879e+01 8.321668297882133913e+01 6.798591064058736322e+01 4.758070825579466145e+01 6.138700162540177274e+01 4.343164576850511338e+01 4.041015620895682048e+01 5.743310264136277254e+01 6.589186533190651573e+01 7.744544182161045853e+01 6.905134705039255039e+01 5.577240604238513555e+01 7.631384104224406428e+01 9.334844617342486117e+01 1.050079663959127743e+02 1.069626607770731255e+02 8.483048704639568882e+01
2.804825088837598068e-01 5.444460303826959446e+00 1.078968514207540075e+01 1.681991203363056897e+01 2.389097984548096676e+01 3.543798491444530185e+01 5.543750627327148095e+01 7.097527832180367113e+01 6.266234433487100830e+01 7.097527832180367113e+01 6.938745632237478844e+01 7.769053576781699633e+01 7.338714712254595440e+01 5.648976784148341324e+01 5.674135016206538040e+01 6.617779818937083292e+01 8.502704797459134056e+01 9.878352780221202067e+01 1.039695853705329966e+02 9.584623316129975024e+01 9.109429357449046449e+01 7.502500334309387142e+01 5.483811267469140915e+01 6.798591064058736322e+01 4.959773996145859343e+01 6.410025869193805192e+01 6.117390194671722270e+01 4.434020826819043748e+01 6.495274421617295957e+01 7.721628715933658782e+01 8.466978707867303910e+01 7.631384104224406428e+01 6.456459028284461965e+01 7.644809120515573397e+01 9.679567859078699144e+01 1.131482620303365678e+02 9.131284217153475424e+01
7.810880442414250835e-01 2.078108804424106992e+01 3.078965702994901932e+01 3.681985296742156777e+01 4.389085644381204787e+01 5.217360393097782634e+01 6.371704323601032627e+01 6.096357847341458580e+01 4.265791490580258483e+01 5.530492253960945703e+01 4.947174605421083982e+01 6.938745632237478844e+01 6.474914194382620281e+01 4.478108268362893796e+01 4.452694748103261446e+01 5.315608357066594181e+01 6.499144684166897434e+01 8.407550078699605933e+01 1.091159849487458899e+02 1.016638353408422688e+02 8.301247056466843333e+01 6.308957011567169815e+01 7.502500334309387142e+01 7.430782480372843679e+01 5.401575170710126628e+01 7.430782480372843679e+01 7.334883641791059006e+01 6.495274421617295957e+01 4.833750743268886652e+01 6.884535257650695428e+01 8.133675215564441885e+01 9.334844617342486117e+01 8.504799353633335102e+01 7.910391011213857837e+01 9.939828035490145908e+01 1.129332421657142191e+02 1.010506169254013855e+02
7.232205343510359485e-01 1.512526074577271196e+01 3.643779498262897931e+01 4.831418524544584869e+01 3.998973647446031521e+01 4.456004710036106786e+01 4.542300187875123640e+01 5.249965943086972686e+01 3.304450002670328246e+01 3.586721878913410677e+01 5.530492253960945703e+01 6.007718823179720857e+01 5.170898725853767530e+01 3.690328435914506855e+01 4.633969567298454706e+01 5.827892882497125271e+01 7.287678994646036301e+01 9.233481380229335400e+01 1.055930609224711105e+02 8.752969333355456172e+01 7.447534700827254994e+01 7.723258888870448402e+01 9.109429357448777864e+01 7.890399385353545370e+01 5.873293724593200693e+01 7.890399385353545370e+01 8.544286622396239750e+01 6.510549575342344042e+01 6.884535257652331097e+01 5.257013324922701258e+01 7.299201209563813109e+01 8.443312713222191235e+01 9.312385130085188223e+01 9.939828035490145908e+01 1.075929822347168283e+02 1.048602352105843210e+02 8.382708209062481330e+01
9.494692443194679976e-01 1.497640762334848752e+01 3.436964657862104389e+01 3.670358221512644548e+01 1.990752916290805885e+01 2.447905918370623368e+01 2.769227781208531525e+01 4.067537272176241459e+01 2.624699736182614984e+01 4.491503285105381593e+01 5.560515048965417151e+01 4.723902389368837618e+01 3.133827879298469199e+01 3.648244382435186139e+01 5.678450173659961564e+01 7.079742186932180914e+01 7.792739514104495413e+01 8.628011173860868155e+01 9.792573413926943715e+01 1.016638353408422688e+02 9.336657770081922081e+01 9.696633929569206600e+01 9.542890476984264581e+01 7.778406599281676392e+01 6.390443974240742619e+01 8.431596165968669254e+01 9.366327218023019441e+01 7.949551298599915583e+01 5.921695372409382685e+01 7.291854671332566795e+01 5.837337160873588005e+01 6.403252858464091446e+01 8.454135994189172720e+01 1.018659845455075157e+02 1.117184911019212876e+02 1.074758698804493946e+02 8.660329720361686157e+01
2.836664262828419991e-01 2.028285052274431521e+01 2.380221581977327006e+01 2.566206502320493499e+01 8.320219384251295480e+00 1.026544684723474710e+01 2.318938071170084214e+01 2.593415250560521201e+01 2.174745113746739023e+01 4.022944413996653878e+01 4.296683997851160086e+01 2.685337597213610294e+01 4.723902389368837618e+01 5.678450173659961564e+01 4.449812229632315308e+01 5.062001915056415413e+01 5.776078534058793679e+01 6.939990152052483552e+01 8.957616805728513043e+01 9.395748635874120680e+01 1.024278412349269161e+02 1.064823320060856986e+02 8.972848845666061379e+01 7.665693073400655067e+01 7.173001100990759937e+01 9.188633138487089980e+01 9.592372299765945343e+01 7.578606250835227343e+01 6.465341230638769332e+01 8.473288836945538094e+01 7.875751988587248320e+01 6.749883333466037527e+01 7.365145491824091550e+01 8.385139436634878507e+01 1.037248834096257326e+02 1.154981991958122478e+02 1.074758698808098671e+02
1.404418693552202946e-01 1.958631097484049732e+00 3.784435347192414145e+00 5.633708139604790333e+00 2.180130269647110808e+01 3.035895455209470128e+01 1.311636421130305763e+01 1.519919553171489746e+01 1.758805720142222384e+01 2.006218738978830984e+01 2.259911594074699082e+01 2.941447093122123846e+01 4.120250603645418863e+01 5.551176919908868257e+01 6.471370604550219241e+01 7.079742186932180914e+01 7.792739514104495413e+01 8.628011173860868155e+01 9.017072258576708066e+01 7.298846189623185410e+01 9.017072258576708066e+01 1.060232168212273365e+02 1.017976415575246705e+02 9.611521393295964799e+01 8.194340287745811224e+01 9.997054116334693674e+01 1.041081671813491454e+02 9.040462837439420696e+01 7.048702410629267945e+01 9.040462837439420696e+01 9.437858055410954705e+01 7.430323373664036524e+01 9.376047699639657651e+01 9.378813889168921492e+01 1.117184912472896343e+02 1.181176494466896116e+02 1.070132508213918925e+02
6.646099058385387393e-01 2.066460990583818358e+01 2.380232524577101927e+01 2.566206502431214531e+01 2.565967670415479773e+01 2.762013079564490781e+01 3.695670156138730533e+01 2.954485875275049267e+01 3.004193277059470546e+01 4.041033387355391682e+01 3.041372553866069950e+01 4.974302450001243869e+01 4.382830475120257319e+01 6.402242114568547038e+01 8.397929423291172668e+01 7.680727589005685729e+01 6.843074001416735541e+01 7.483008395869815388e+01 7.890382412881186269e+01 6.092247461223362848e+01 7.465282655754342045e+01 9.146507912608355184e+01 1.065706456339367634e+02 1.098299104769536001e+02 1.018292598922835595e+02 1.098299104769536001e+02 1.101083723919705193e+02 9.040462837439422117e+01 7.803855472498453594e+01 9.755156984618059823e+01 1.023630584714365739e+02 8.864209167342440310e+01 8.864209167342447415e+01 1.082276898138139387e+02 1.213676345758772612e+02 1.100356941783878000e+02 9.091754198880235549e+01
6.164072599657668405e-01 2.061640725996540979e+01 3.375286341439587545e+01 4.203713451154767711e+01 4.566443439287766637e+01 4.822098862511609241e+01 4.822098862528375918e+01 4.980670667541984642e+01 4.812556517225840480e+01 5.901830220875856980e+01 4.054640213228578460e+01 5.902563584162949439e+01 6.402242114568547038e+01 7.235747580411623403e+01 7.180929645273550932e+01 6.345246601513734674e+01 4.813726180749526407e+01 5.448597385561662065e+01 5.849207214216049522e+01 5.211615415638377158e+01 6.166624104394922057e+01 7.397541570989591264e+01 9.685066409255925635e+01 1.043187438316450226e+02 9.594919078443111005e+01 9.331828366590714552e+01 1.016857579782735996e+02 1.055533074452960562e+02 9.601944328482454694e+01 9.361764286290251391e+01 1.121975975765770386e+02 1.082276898087479537e+02 1.082276898136381078e+02 1.160840271187807815e+02 1.195731986682840073e+02 1.074492855409218635e+02 9.897415251722938478e+01
7.616414269703414286e-01 7.086196747307127453e+00 1.375286341397385215e+01 2.375286341397402978e+01 3.789499903770548173e+01 5.789499904058538249e+01 6.844800034846880976e+01 6.653057455406583642e+01 7.051242203089643112e+01 6.914588561019331792e+01 6.079529509582540925e+01 6.921709562628264223e+01 6.995558814299545247e+01 6.161504761796770424e+01 6.014210895240631771e+01 4.323064573286188761e+01 3.647206952000134095e+01 4.014224944204689649e+01 4.409378048351161539e+01 5.174673843982635901e+01 6.222132402104644200e+01 7.574791316203751990e+01 9.540285158905921037e+01 9.594919078443111005e+01 7.571126840125883461e+01 7.308107097309616051e+01 8.595140525925909003e+01 9.515254831808570657e+01 1.088510815649836445e+02 1.121975975765770386e+02 1.157249395830110501e+02 1.140029751251544639e+02 1.057611214707167164e+02 1.140029751251544639e+02 1.114368317403312147e+02 8.984872262775040497e+01 7.645200410515866452e+01
8.582653206718614536e-01 2.085826532067150652e+01 3.375286341439587545e+01 4.203713477984512537e+01 5.203713484460555350e+01 6.064166201358226260e+01 5.247272720028099258e+01 4.687702627032600589e+01 5.542847520407133288e+01 5.965965223533702044e+01 5.930549339798059094e+01 6.769174626821714469e+01 6.161504761793766249e+01 4.144905173579360991e+01 4.735553518027503372e+01 3.160437952243248461e+01 4.585556681733405071e+01 6.044462574760342477e+01 5.583901413217981258e+01 7.081681999234574221e+01 7.934132545162511008e+01 8.631333070662581974e+01 9.446506414597109824e+01 9.641568302726454931e+01 8.163881863016301565e+01 6.131821590577690273e+01 6.622084720661845836e+01 7.837109559501718081e+01 1.006152264648490302e+02 1.068672341783194923e+02 9.331037401248066487e+01 9.923612912103958195e+01 8.584416830596482839e+01 1.040473334991689427e+02 1.094501219459245931e+02 8.765124750502396012e+01 7.122399337095662020e+01
9.616989121453964895e-01 1.250876766168816268e+01 2.665401028620256341e+01 4.672910258692307650e+01 5.534791268945789255e+01 4.892239399016147416e+01 3.196345377457825165e+01 3.269357243517112011e+01 5.263346509792483374e+01 3.907642818990336764e+01 3.904660327258520880e+01 5.930549339798059094e+01 6.161504761700672361e+01 4.144905173579360991e+01 2.723304082217992672e+01 4.735553518027503372e+01 6.014211343046623170e+01 7.442866964041749611e+01 7.626141335962847734e+01 8.467494549992747466e+01 8.312678920918448000e+01 6.669207598745671817e+01 8.312678920918448000e+01 8.218033488651657592e+01 6.794498674576855990e+01 5.451597506390768189e+01 7.403261522849966525e+01 8.005996807105125868e+01 9.895673267455508437e+01 9.847086718144393558e+01 7.789446995001758012e+01 7.923025611446740868e+01 7.576082334110058980e+01 9.580264488834072267e+01 1.079180152775473971e+02 8.596915368546461877e+01 8.597124752223147937e+01
2.866789980725219511e-01 1.442881618258756049e+01 3.442901122138425762e+01 4.573088315119919400e+01 3.544055921049769609e+01 3.544807072968377071e+01 2.042096106666368271e+01 3.185088489144249380e+01 3.541547186404073244e+01 2.473080975867090459e+01 3.904660327258520880e+01 5.930549339798059094e+01 5.876667089812767841e+01 3.862939390501136216e+01 2.443253454914598422e+01 3.862939390501136216e+01 5.876667089777249942e+01 6.164600114189893532e+01 6.179156921827554783e+01 7.028740276679555166e+01 7.498499401267528697e+01 5.522266266063780904e+01 7.498499401267528697e+01 7.208126572467308790e+01 5.361585373447077529e+01 4.958677031403887270e+01 5.989055264006751855e+01 8.136052061414596892e+01 9.048462730806966192e+01 8.460983655709078732e+01 8.508984065453554990e+01 6.491225792127218597e+01 7.923025611446740868e+01 9.923612912103918404e+01 1.161357318564089809e+02 1.019022564790983836e+02 1.078069997089205145e+02
7.776801193288799263e-01 1.821675324093664017e+01 3.950577252466487010e+01 2.713765395124085700e+01 3.302842480067101150e+01 1.543934515987876743e+01 2.647296550679732263e+01 1.264526317511696263e+01 1.542806527849138654e+01 3.542087401247282941e+01 4.885275608430455208e+01 4.174800450715731159e+01 4.956508572007216173e+01 4.176049271334520085e+01 2.176166110530644460e+01 4.183281949512948472e+01 5.584287553747982713e+01 4.174152600451207462e+01 4.174995343442476781e+01 6.174865639094126379e+01 5.867175846112515814e+01 4.813922808025336764e+01 6.685678455563115108e+01 5.856381203537605984e+01 4.347978301257209921e+01 5.781275962495589482e+01 7.801658161699361926e+01 7.679947986887434297e+01 7.038178793829288793e+01 6.448833723428303699e+01 7.391356315969105140e+01 6.011960074485757843e+01 8.030036149900661258e+01 9.594755017331051761e+01 1.060970781868779085e+02 1.224413417878632657e+02 1.111592621919216270e+02
5.059075238208947667e-01 2.049669661808143317e+01 2.200135920596649797e+01 1.377373688236504989e+01 2.359158000999461535e+01 5.442110142013054208e+00 6.462455073257298288e+00 7.486660416687439756e+00 2.750416087751548844e+01 3.009693781495748865e+01 3.081116844140294120e+01 2.220058706948797322e+01 3.996211306810406683e+01 3.515148215240775897e+01 1.915899155112145991e+01 3.824184473201834322e+01 3.960439945091223279e+01 2.759296188685166840e+01 4.753130968713908544e+01 5.053695394650929984e+01 3.867767477281388722e+01 5.867175846112402837e+01 5.370795188743171167e+01 3.835252333967063265e+01 5.856381203536624014e+01 7.208126549074660261e+01 7.089354091620407416e+01 5.667680906699912669e+01 6.573222450309290821e+01 5.018133553793217771e+01 5.370190124742209292e+01 6.011764165095841150e+01 6.729347419015350340e+01 7.738987784993148011e+01 9.760481595027678736e+01 1.141317162898219095e+02 1.025988373414416372e+02
