MOVIE_S3_data/elevation_000396.asc
nrows	100
cellsize	150.0
xllcorner	0
ncols	100
yllcorner	0
NODATA_value	-9999
[rows 0 to 16 of 100, columns 37 to 73 of 100]
4.734580038269321278e+01 4.616194543624855129e+01 3.829741649621580279e+01 4.648751881258141339e+01 5.077837463500833337e+01 5.902315326885658209e+01 7.772061008140168781e+01 6.957391663155662798e+01 6.672936430954118237e+01 5.840444578344376936e+01 6.102480297314651381e+01 6.934240366053772675e+01 7.546428162527050176e+01 6.715072930778744364e+01 7.546428162527050176e+01 7.648665744449301940e+01 7.230690808286166771e+01 8.067562751245384334e+01 9.076551645622060960e+01 9.361781047183421833e+01 8.549715697145381910e+01 8.895673049923578901e+01 8.087060102465743228e+01 8.726855972851794263e+01 8.903359587672355246e+01 9.719090145899031086e+01 9.402445161028954601e+01 1.022179241300272423e+02 1.135840782609882496e+02 1.188561494591426992e+02 1.106305238290699009e+02 1.131912352605577610e+02 1.214262612905157539e+02 1.234884402980453757e+02 1.121264833827147669e+02 1.039331029750578779e+02 1.064775898088845736e+02
2.634785691640069416e+01 3.216910123424617751e+01 2.071382549409105067e+01 3.591366730852114841e+01 3.074003033473742263e+01 5.077838927041420902e+01 6.151585377165521606e+01 5.022764771984203236e+01 5.513058657832624476e+01 3.831828330122458226e+01 4.091877528861926550e+01 6.102480297314651381e+01 6.546944497578039091e+01 4.719461453844553489e+01 6.546944497578039091e+01 5.638775797552088420e+01 5.224227058833049853e+01 6.222700088199410828e+01 8.238681528372931950e+01 8.549715697145381910e+01 6.646576456172839187e+01 7.203993034311477572e+01 6.197473264592021991e+01 6.818588258340942332e+01 6.988247997532712930e+01 8.369995102323503033e+01 7.470907966713741644e+01 8.574280030230663385e+01 1.053373976822787625e+02 1.074729701499363017e+02 9.097316850098003727e+01 9.351967900935703426e+01 1.131912352605577610e+02 1.152378642204450614e+02 9.565744337599876701e+01 8.437776144930228384e+01 8.691227252455365715e+01
1.171673795238809035e+01 1.214380267383079648e+01 1.257090497011343722e+01 1.739154061962199194e+01 3.660902322603401871e+01 5.535834078203343722e+01 4.152365730016218492e+01 3.894086722295823932e+01 4.464093842108113819e+01 2.641920352359101543e+01 4.664816271835393735e+01 6.264668314995589782e+01 5.542850132796104390e+01 3.727415518137785710e+01 5.412379381901870090e+01 4.230929932221658873e+01 6.227458933559612575e+01 8.067562751245384334e+01 9.076551645622060960e+01 8.385761105868071752e+01 7.203993033991068273e+01 5.335900771562487677e+01 5.132064983213837905e+01 5.509034692897078855e+01 5.918645733492150640e+01 6.471805475170577893e+01 8.369995102323503033e+01 1.022179241300272423e+02 9.867484752791870051e+01 9.050232649061099721e+01 7.965086353090791249e+01 9.928134443884101756e+01 1.119242658170036577e+02 1.093342829797093287e+02 1.011447726802655467e+02 9.264282128106776781e+01 7.303145462057177895e+01
2.716590849370313876e+01 2.743229910757392886e+01 2.329008758411325530e+01 1.318191787499779366e+01 2.734474594967835870e+01 4.295196523386463383e+01 2.743731868776012561e+01 3.627522008302115353e+01 2.494145227850734514e+01 1.914344913634964485e+01 4.029464568371549404e+01 5.101950506416183373e+01 3.587956649593719050e+01 2.974508045773276166e+01 3.421332605028347729e+01 4.413203351109518735e+01 5.822427705256940556e+01 7.833835513959071761e+01 8.491548859178655562e+01 7.582046778121120667e+01 5.704285063910003828e+01 4.631459947732771099e+01 6.497920547375217382e+01 7.377506931601821805e+01 7.234789443520243424e+01 7.444088307636860691e+01 9.182055822951831203e+01 1.032427147694239125e+02 9.050232649061099721e+01 7.086286410586703255e+01 8.766558282832161808e+01 8.405836959474895309e+01 1.037158411111353189e+02 9.799383219811785750e+01 8.155596511166342566e+01 8.814366520644549041e+01 6.848969658038045338e+01
4.698964769086902749e+01 3.988282101021059134e+01 2.116025818554462390e+01 1.361773468725542102e+01 3.360089867709270806e+01 3.059199155834988204e+01 1.590696109020486126e+01 1.633543082134901425e+01 1.676179256594026157e+01 1.718723030145668673e+01 3.709680984504398538e+01 3.910414856932980854e+01 2.447947083085620790e+01 3.849993924051318572e+01 5.412379381901870090e+01 6.244948015086136905e+01 7.246762437540023427e+01 7.574700735545941654e+01 6.778143460405478038e+01 5.798632105192869091e+01 5.798632105315122232e+01 4.328609284225731102e+01 5.652052791806185894e+01 7.532446011205479408e+01 9.156581809820556828e+01 9.370924819609135170e+01 1.018900949199571215e+02 9.506342914194480898e+01 7.543498535191525889e+01 6.557263265619363324e+01 6.799571066195218805e+01 7.886894857377501467e+01 9.854169662835595034e+01 8.983516935742932219e+01 7.018037531561752473e+01 7.848746872652259299e+01 6.424563934448569569e+01
5.108535011418688754e+01 3.331543235012498627e+01 1.374088509782467504e+01 1.405709918692337901e+01 3.402829842460128162e+01 1.529683417155899328e+01 3.514352647075790514e+01 3.627230626119202839e+01 3.668793597690386576e+01 3.713883772362087399e+01 1.778920923510112218e+01 2.035709037728019766e+01 3.977862396727840633e+01 5.265785761301528112e+01 6.684874175849830635e+01 6.849513710976606262e+01 7.680104267810655472e+01 6.778143460405478038e+01 4.897210762923405269e+01 5.448123195060402679e+01 3.911083857224329563e+01 4.491167425548364633e+01 6.362019011182184158e+01 8.096197618242739225e+01 8.244034966000135967e+01 1.017891814521891547e+02 9.737140512724997166e+01 1.032427147694239125e+02 9.098622324801699790e+01 7.272465426501332786e+01 5.908417601056346058e+01 7.377559490552094701e+01 8.194955916744739000e+01 8.210298954228765922e+01 7.394262812557933273e+01 5.867696783250993775e+01 7.018037531561752473e+01
5.907802426775688787e+01 4.892918884987208372e+01 3.525338489141400089e+01 1.586188468559756970e+01 1.467903948367349720e+01 3.458629556679147043e+01 3.517834650593111689e+01 5.474628303304724142e+01 4.354358813196130740e+01 2.372595054537801929e+01 3.769745539526741140e+01 1.840127613506986748e+01 3.839590311690339774e+01 5.559504159941395329e+01 6.368556354432381283e+01 4.853191740046485592e+01 6.526726365946845476e+01 5.912649258949532083e+01 5.125028293072939789e+01 3.550370341995782297e+01 5.448123195060402679e+01 6.362019011182184158e+01 5.425985597363267487e+01 6.352069884002060718e+01 8.244034966000135967e+01 9.157792291140557950e+01 7.759744953744055351e+01 8.822068785880721009e+01 9.599058621999883201e+01 8.672570993723162758e+01 7.373782420820067784e+01 5.380593879871931051e+01 6.894555845342993905e+01 6.968642817290414371e+01 5.397928079059244766e+01 7.394262812557933273e+01 8.663903597394586598e+01
6.654225972359044761e+01 4.988444133722545359e+01 2.899956541033651547e+01 3.533052867440786571e+01 3.462721037312971362e+01 2.154164467631128588e+01 4.144524135611242599e+01 4.971126567408798991e+01 2.990158316613572609e+01 4.276416644058819116e+01 2.215769928762253116e+01 1.883595345971916046e+01 3.881304813177061419e+01 3.578827405857686017e+01 4.461489361084737482e+01 3.739917781127974905e+01 5.599293218064105560e+01 4.813108323361946361e+01 3.227693188863177198e+01 5.125028293072939789e+01 4.897210762923405269e+01 6.778143460405478038e+01 7.298052425001093013e+01 8.096197618242739225e+01 8.447257076453553282e+01 7.627050789065414449e+01 6.339423231153945437e+01 6.777592669657630609e+01 8.822068785880721009e+01 9.143692650579394865e+01 8.132032458506108696e+01 6.894076265342137333e+01 4.867626067187960359e+01 4.947682949708043765e+01 6.968642817290414371e+01 7.394262812557933273e+01 9.362468911462607934e+01
5.953276357270994623e+01 5.879959977188421760e+01 4.758329039814672967e+01 4.921672934413714984e+01 2.938285689164084857e+01 4.144801767030659079e+01 4.963670718764797840e+01 5.430380183549336692e+01 3.448196234556933604e+01 5.311578755874563029e+01 4.374503737759818733e+01 2.820027969507696497e+01 1.945801407295945040e+01 3.943028045458489572e+01 2.644863301462333638e+01 4.450110298319955859e+01 4.812738871901550652e+01 2.933658734047314809e+01 4.813108323361946361e+01 5.912649258949532083e+01 6.778143460405478038e+01 7.574700735545941654e+01 7.457783418993611235e+01 8.280438461907638725e+01 7.295682369258251754e+01 5.626486643130115084e+01 5.322721379535033037e+01 6.755425832234027439e+01 8.748442733234506363e+01 8.316739244707146383e+01 6.330303803721243838e+01 5.312923395554932426e+01 4.505603385966191610e+01 6.562163065329868061e+01 6.968642817290414371e+01 8.942845961240635688e+01 8.551199298671551219e+01
5.946996455903754253e+01 7.401702738474966736e+01 6.552459174037434764e+01 4.561322788302268094e+01 3.642180771138527007e+01 5.623631959087560972e+01 6.833417109790299548e+01 4.849194314217420754e+01 4.016014839262798830e+01 6.004373275245941244e+01 5.730000767650956561e+01 4.292789891087615928e+01 2.478291129845679919e+01 2.008905508333852907e+01 2.053889971774657042e+01 4.049095163011010357e+01 4.358642271807017465e+01 2.721592004672924858e+01 4.526662943896281632e+01 5.583247004303332517e+01 6.498821384923195410e+01 7.130423509282216799e+01 5.463488631404369755e+01 6.640616753695103114e+01 5.815636127956563683e+01 4.458505274699786725e+01 5.887130388965439209e+01 7.884083934979896924e+01 9.039872533530737542e+01 9.134302218357701975e+01 8.122482512950418254e+01 6.348484334641003812e+01 4.278271991201832236e+01 5.764459477521662478e+01 7.768047727085598808e+01 8.536135965420196214e+01 6.561761135374943876e+01
5.424781807354793273e+01 7.155156629297424331e+01 7.379697168042288524e+01 6.437632015576143374e+01 4.634435283931896521e+01 6.437699188652062787e+01 6.833415659755333138e+01 6.632895896307800854e+01 4.645342320835460725e+01 6.632898270376257699e+01 5.775169922514913168e+01 3.782120591976683244e+01 4.365871227675904720e+01 4.006656357781407252e+01 3.842632279786375449e+01 2.118192262921095192e+01 2.768368865626199593e+01 4.080790236532928361e+01 2.269958233026444461e+01 3.638186841193153498e+01 5.672989342455399253e+01 6.236442607953774342e+01 4.303407646440062706e+01 5.233599337667941853e+01 3.806958557408767518e+01 5.815636127956563683e+01 7.295682369258251754e+01 8.469717041399199786e+01 7.097130926380700089e+01 8.469717041399491109e+01 7.567013863855082434e+01 5.553328224450827832e+01 4.059927559942674691e+01 6.143123093054362016e+01 7.932193479727257568e+01 7.709249262050998652e+01 5.721738556476059756e+01
3.462156030151353292e+01 5.931940504056763075e+01 7.162298607877308143e+01 7.423973712240814393e+01 6.612837179282161060e+01 7.424007258498475892e+01 8.802110289816896227e+01 7.447151988839117109e+01 5.537762325285575571e+01 7.447151988839117109e+01 6.601768654632778066e+01 5.775169923914445036e+01 6.011561644405343685e+01 4.639258554590830386e+01 2.658276884657723116e+01 3.831276688646692463e+01 2.183322003444780890e+01 2.229995440918990468e+01 2.277434912509185949e+01 4.269221465710781871e+01 5.157247880461481060e+01 5.396855208380821267e+01 3.414858881172055760e+01 3.244941087765096199e+01 5.233599337667941853e+01 6.640616753695103114e+01 7.272534537657467979e+01 7.668282185313917410e+01 5.697926899751484342e+01 7.668282185312156685e+01 7.368978419660598433e+01 5.345328095428703108e+01 3.850457580015469006e+01 5.079447559219462960e+01 7.110857530597927223e+01 7.752019290452562927e+01 5.725649908360927043e+01
3.747882601632469601e+01 5.510013061378982968e+01 5.144146368104211575e+01 6.572345573965569088e+01 7.099704456231246752e+01 7.691114592289243035e+01 8.300215807282491198e+01 8.330197537863692503e+01 6.942198060038883511e+01 8.330197537863692503e+01 7.359105205337445454e+01 6.531822223304605757e+01 5.187628397398308522e+01 3.210452811247520799e+01 4.616911165456111377e+01 2.625091718167446331e+01 4.269030630821087158e+01 3.754794804515135809e+01 4.115267260319148335e+01 2.344584944350538080e+01 4.334886959057369893e+01 4.442762365192378127e+01 2.778622151229295056e+01 4.694570441789350923e+01 5.931786771523732682e+01 5.182903493775872050e+01 5.176349870868356362e+01 6.804900402571894347e+01 4.946308172212665255e+01 6.923933361076713311e+01 7.175886063181584973e+01 5.142935660765649430e+01 3.647613584192740177e+01 5.738218460408933197e+01 6.806192486272918529e+01 7.541598623589786143e+01 6.054761863376179321e+01
3.942620196031846547e+01 4.316543373024451569e+01 3.728989454775784651e+01 5.190113834051525288e+01 5.085715999831961653e+01 5.675295989845693612e+01 6.279855316496998086e+01 7.877767950798829588e+01 8.911119714841350969e+01 7.677868145676323763e+01 5.692858380326934054e+01 4.552507554232228415e+01 3.806727278969938055e+01 5.187628397398308522e+01 4.953754041183578494e+01 2.941393832944600462e+01 4.953754041221203863e+01 6.009812454052357822e+01 4.871092579923173815e+01 2.961023738444835018e+01 2.412022449708117477e+01 2.459786433157031027e+01 2.507403306898907402e+01 4.494995336091749039e+01 4.608015990559493247e+01 3.259458915142091229e+01 5.154454593537545293e+01 4.840731806014066763e+01 4.284334868919099648e+01 6.264809280081193066e+01 6.997982889324269706e+01 4.944760263437601111e+01 3.450442300322344380e+01 5.271639705096670525e+01 4.688703188303777836e+01 6.718567629474171099e+01 5.815739456045991318e+01
1.936272115729379806e+01 2.310404512489423112e+01 2.741901743514466006e+01 3.189786994899557016e+01 3.673890627562944644e+01 4.274713502743566096e+01 5.027774739852244323e+01 6.184760406922423215e+01 8.209819423890020573e+01 8.508645471701188967e+01 7.359105205337445454e+01 6.312434290699791006e+01 4.334135120102906313e+01 6.312434290624976541e+01 5.285381764953332606e+01 3.268169079275745759e+01 5.285381764955450024e+01 6.971963554228229043e+01 4.921180029880193985e+01 4.820656913935518872e+01 3.022900060503787145e+01 3.882680178733816945e+01 3.936702442941204794e+01 2.575070639595730526e+01 2.622804927431392841e+01 2.670406128557376491e+01 4.655338206652514543e+01 3.439052343498620701e+01 4.840745387990770610e+01 6.789988665459415529e+01 6.718032573679228392e+01 5.746680994388337638e+01 3.278626515694376309e+01 3.214794685606638325e+01 5.115575125394844491e+01 5.325694441782106026e+01 5.355871594230400490e+01
3.462889048195211927e+01 4.316543261428851253e+01 4.742827154856470173e+01 5.190113834051525288e+01 5.675599561479881316e+01 6.279855316496997375e+01 7.040651054042783130e+01 7.877767950798829588e+01 9.045770382200218762e+01 8.452339909450746802e+01 6.463283451785211753e+01 5.320910953393617859e+01 5.730964773765163045e+01 7.139098656237840146e+01 5.632462168258524571e+01 3.608653039741244584e+01 4.773520605900921510e+01 6.805798275065323821e+01 5.940240096012356474e+01 4.001144953778940305e+01 4.970692524895647324e+01 5.503663560003529653e+01 3.956524254156350651e+01 3.979098436435989328e+01 4.598987996956869750e+01 4.431599383426467398e+01 2.737655031912775172e+01 4.706489931063978105e+01 5.500486261721028569e+01 6.177066625209685924e+01 5.311702109221275947e+01 3.917183427973408527e+01 3.135099482956956152e+01 4.025712139442557458e+01 3.294018868882214690e+01 3.671049504415096010e+01 3.449429103927302265e+01
3.486627062195196913e+01 3.756380280018702678e+01 3.888449674662761879e+01 5.552780922031710276e+01 6.685995158934261440e+01 6.685995158934262861e+01 7.535794998817033274e+01 8.203890491463555179e+01 9.057283581123439831e+01 9.285776800688618948e+01 8.133498716153178520e+01 6.463283451785211753e+01 7.716225883326225699e+01 7.445252579423070927e+01 5.414959982044898368e+01 3.978567674661514530e+01 6.009618915244360693e+01 7.641582392701123183e+01 6.763631081927825051e+01 4.961135694113551153e+01 6.763631081927790945e+01 5.917539720537037340e+01 5.916598985984438031e+01 5.949277872070810247e+01 4.959652660385641099e+01 2.979047813766460706e+01 4.686588237899346154e+01 2.807935151799717133e+01 4.694252591156929100e+01 4.317715214346388564e+01 4.937621878702314859e+01 3.058586329817650196e+01 4.897247667298235996e+01 5.355612033560778684e+01 5.185379600789119081e+01 3.372553536354369896e+01 5.323812885919196702e+01
