MOVIE_S3_data/elevation_000209.asc
nrows	100
cellsize	150.0
xllcorner	0
ncols	100
yllcorner	0
NODATA_value	-9999
[rows 0 to 16 of 100, columns 37 to 73 of 100]
7.950326218354643970e+01 7.128398673639337346e+01 7.950329523638710327e+01 7.692870230229395645e+01 8.278981068708519331e+01 7.683066445904562158e+01 6.861317014619078236e+01 7.423313669318895336e+01 7.744195282965969795e+01 7.826403886640076735e+01 8.648682644661428753e+01 8.589285714876481848e+01 9.411897829723216091e+01 9.823848549825775933e+01 1.040513678497535039e+02 1.053989474984767298e+02 1.137009624788933309e+02 1.103179854037636005e+02 1.020420492454870498e+02 1.103179854037636005e+02 1.109524788253444569e+02 1.109524788253444569e+02 1.192362778451509229e+02 1.179178848621546081e+02 1.179178848621546081e+02 1.262098712004474947e+02 1.279942272287012628e+02 1.177878530511448929e+02 1.093326158371480972e+02 1.177878530511448929e+02 1.162396472495677955e+02 1.078575076092776186e+02 1.052354642643852145e+02 1.136157502109798969e+02 1.151876810870425771e+02 1.068386112813564921e+02 1.068382381890157120e+02
6.962208039222612399e+01 5.155542668749531998e+01 6.962220966063904370e+01 5.676659725381066579e+01 6.267194109947899960e+01 6.541130681502923494e+01 4.885906537129134364e+01 5.445470068037005262e+01 5.765464427341883180e+01 5.847815108029587350e+01 7.051354709652306951e+01 6.610553632420038639e+01 7.912803093123316955e+01 7.843097880360252816e+01 8.423246319606909083e+01 8.545010656922019621e+01 1.053989474984767298e+02 1.003644474190199816e+02 8.216512858052301738e+01 1.003644474190199816e+02 9.102990470504003895e+01 9.102990470504003895e+01 1.109524788253444569e+02 9.795886927909072028e+01 9.795886927909072028e+01 1.179178848621546081e+02 1.177878530511448929e+02 9.909847412188705107e+01 8.886433240662606181e+01 1.048475034513780173e+02 1.078575076092776186e+02 8.779494750108997891e+01 8.520545895789852864e+01 1.020172973753289511e+02 1.068386112813564921e+02 8.672454437987370568e+01 8.668844136929500621e+01
6.141970649814553695e+01 4.170599629489189653e+01 5.156285141743077105e+01 4.278892854415750691e+01 5.068026658018768416e+01 5.315492810839690918e+01 3.755767783616948918e+01 4.054718430435178789e+01 4.370618253147487309e+01 4.706868318093777503e+01 5.073150387117362925e+01 5.468983367443271248e+01 5.935535427337379843e+01 6.445766222083605612e+01 7.143800309953753924e+01 9.129298680058765569e+01 1.029722436100109064e+02 9.210358891300501227e+01 7.227223419755806333e+01 8.693841849325558258e+01 7.701174542032561021e+01 9.686509156618551231e+01 9.491220118128615013e+01 8.392043156692031403e+01 9.537438955368119764e+01 1.153207882600446652e+02 1.093326158371480972e+02 8.886433240662606181e+01 7.881398441538196664e+01 8.448514067216673595e+01 9.889403838408340164e+01 9.367113530881545103e+01 7.386354367737870064e+01 9.367113530881545103e+01 1.051346262741342485e+02 8.504419668603435412e+01 7.265809881113278834e+01
5.141806615159639193e+01 4.336528425951356525e+01 3.184015337697463011e+01 3.684070192492323770e+01 3.112302999716780860e+01 3.355901497526942734e+01 5.315492810837395155e+01 6.024767046727070863e+01 6.345021276811115740e+01 6.684065122693735361e+01 6.471675177695838954e+01 6.610553632420038639e+01 7.912803093123316955e+01 7.843125074810600950e+01 9.114531145621550934e+01 9.950642477857891777e+01 9.469707776847783975e+01 7.485184053269084359e+01 6.529495481528157086e+01 6.713234977159149253e+01 8.693841849325558258e+01 8.766615997565591556e+01 7.506810007660830308e+01 8.650219184750434920e+01 1.064004875772961327e+02 1.236125516355221237e+02 1.177878530511448929e+02 1.021893236429701659e+02 8.185472674353232492e+01 7.039888347496200538e+01 8.394397687241308859e+01 8.769892172317375412e+01 6.801167921567444807e+01 8.769892172317375412e+01 8.771425270576671096e+01 8.504419668603435412e+01 6.526216377312191241e+01
3.484733444516908207e+01 2.366407839065158214e+01 2.562032502010289292e+01 2.779195319697670286e+01 4.419364372148754683e+01 4.345532128110848902e+01 4.087920780749385585e+01 6.044727882193208757e+01 7.544266571288540035e+01 8.370101246880932422e+01 8.450824897531667546e+01 8.589285714876481848e+01 9.411897829723216091e+01 9.824953267121706801e+01 9.765926834741473783e+01 8.932352752324473499e+01 9.328036360828363627e+01 7.849212033475002670e+01 5.873636685254668066e+01 7.774588023862793307e+01 8.155220849666572747e+01 6.785469288666459420e+01 7.773792689227968822e+01 9.759439305903228501e+01 1.146828607239600899e+02 1.182891533707192053e+02 1.100221587677363715e+02 1.106494245297169385e+02 9.889403838408340164e+01 8.394397687241308859e+01 6.415956748765205475e+01 7.810987283029609785e+01 6.293344465505941798e+01 8.032298476387613562e+01 6.790765018555744348e+01 7.578269568218479435e+01 5.954293140448601207e+01
2.092279199284434199e+01 4.063327105806516215e+01 4.532598668729553282e+01 3.142856997988569390e+01 3.594130206147537621e+01 4.297233910098604781e+01 6.044727882193208757e+01 4.915192240548555702e+01 5.564671523383088925e+01 6.549171121750730151e+01 7.955215645550653392e+01 9.949616122428011522e+01 9.866845419816738172e+01 9.040188347843307781e+01 8.932352752324473499e+01 6.936713976063916220e+01 7.519426797166632070e+01 6.525861905393570339e+01 5.481714705773932650e+01 5.799435359712508387e+01 6.177394669704626295e+01 7.163786243017698041e+01 9.146655456315457400e+01 9.759439305903228501e+01 1.175430097722087481e+02 1.067972792435462281e+02 9.013992557085333601e+01 1.067972792435462281e+02 1.054009880840777811e+02 9.235680150885197293e+01 7.810987283029609785e+01 5.869679948681181259e+01 5.819279249110819308e+01 6.893070337792345015e+01 5.460733018913578718e+01 5.651934640980494606e+01 7.578269568218479435e+01
1.908225923612092600e+01 3.297920674273809993e+01 5.269566399585338701e+01 5.511454594224352377e+01 6.313832000505850317e+01 6.246035596873313267e+01 5.299680712131314664e+01 6.884401555320054911e+01 7.544266571288540035e+01 8.370101246880932422e+01 9.366001001640346146e+01 9.712813330465245087e+01 8.720124981184366675e+01 7.057965467546925709e+01 8.717757677127475802e+01 7.518078087117788755e+01 5.543184189953267094e+01 5.136165564586395504e+01 7.105489337908576886e+01 7.774588023862793307e+01 6.784123878928788542e+01 8.764799238574423157e+01 9.146655456315457400e+01 1.113867330003029537e+02 1.114616148954943782e+02 9.854314607942500004e+01 7.868198545059122750e+01 9.854314607942500004e+01 9.695441221952332000e+01 7.675271630056830929e+01 6.705592230894251315e+01 6.005508589341735615e+01 5.369491613710808053e+01 5.195366083365104970e+01 7.090955842627674599e+01 6.075733680400345094e+01 6.317997809366614348e+01
1.745950659605588129e+01 3.113852093204727822e+01 5.084925762574588504e+01 5.394477906663557576e+01 6.213719699914435779e+01 7.200826637350161263e+01 7.192390481615316844e+01 6.377353261285986719e+01 7.728333837898691172e+01 9.699762859217543109e+01 1.029301619802566421e+02 8.303811676490235527e+01 6.905066676939675574e+01 5.920537134160890247e+01 7.012337887587217722e+01 6.769169111404316652e+01 4.803549056475397805e+01 6.770209393264782705e+01 7.925239234237361075e+01 9.587221650176896048e+01 7.925467203802216432e+01 8.764799238574423157e+01 1.075351657050238572e+02 1.056463960144275092e+02 9.156487736337031436e+01 9.152116539798312544e+01 7.165037766041052691e+01 9.152116539798312544e+01 1.054009880840777811e+02 9.527229446038046490e+01 8.684620672392431118e+01 7.786940501682354920e+01 6.800519710432007514e+01 5.000869517213558169e+01 6.506446627321186327e+01 8.125550902075775639e+01 8.309203686360903873e+01
1.606416014048045326e+01 3.512072705576535725e+01 4.343863035510743487e+01 3.429600909685157717e+01 4.408866600481820086e+01 5.801267860654107267e+01 7.777487571496381236e+01 8.305752029615021570e+01 8.305752029615021570e+01 1.028320311188664107e+02 9.011937694999352289e+01 8.187867440090610671e+01 8.406070271336110977e+01 7.012357977632332506e+01 5.043421544955009495e+01 6.240040279551728730e+01 4.583224223661373742e+01 6.548931214566636072e+01 8.326765882898661175e+01 9.212413159876622615e+01 9.911348120283351193e+01 1.073663541648292465e+02 1.086918634380357815e+02 9.739249686304057718e+01 7.751684028422278061e+01 8.482202790696571526e+01 6.565028968123822040e+01 8.552989746940831139e+01 1.017563535005876645e+02 1.075653046048090289e+02 9.316532094551942578e+01 7.661194871262506467e+01 4.773904348155229371e+01 5.541295206744256774e+01 6.891226816706624447e+01 8.646656392081655440e+01 9.488923507895295018e+01
1.455350647098621586e+01 2.773559462955595123e+01 2.388258411108721191e+01 4.344206973828354990e+01 5.998681078596484184e+01 6.819157538676006425e+01 7.026450326313482719e+01 7.847714506393131728e+01 8.685705137714414548e+01 9.011937694999352289e+01 7.868612161907111613e+01 6.211373529027812879e+01 7.583265301397285896e+01 5.610536534402751840e+01 5.972539008048477172e+01 4.274408309003807460e+01 4.840573007009693640e+01 5.532906213397160400e+01 6.411750561263902171e+01 7.808321734221685517e+01 9.791869643439009963e+01 1.028839582148599732e+02 8.877230569821746542e+01 1.028839582173622773e+02 8.482202790696571526e+01 6.494772002860133853e+01 6.014241179790791136e+01 8.001628629891905575e+01 8.189686150212585858e+01 8.771357203755540866e+01 8.475972713363567834e+01 6.428203527835833597e+01 6.539919689186292828e+01 4.550824964871816292e+01 6.539919689204788256e+01 6.619098347576253616e+01 8.646656392081655440e+01
3.427567513698788559e+01 1.512111917067425182e+01 3.482711244109967907e+01 4.594924704691698736e+01 4.023973511075433862e+01 5.998681078596484184e+01 5.054514190999531564e+01 5.887952467765227738e+01 7.694682032339046884e+01 8.187867440090610671e+01 6.211373529027812879e+01 5.076761305473080199e+01 6.061749726979959263e+01 5.717507178734581430e+01 4.005392478834638581e+01 4.884439475477395831e+01 6.807540470388765641e+01 6.807699560773242808e+01 8.326765882898416749e+01 9.212413159882923708e+01 9.961268545298004540e+01 9.137126053050334917e+01 7.516236445518627818e+01 9.411762054950628453e+01 8.893887209674311123e+01 6.906351733720237007e+01 5.503873108411558945e+01 7.488408115412956079e+01 6.785083781569035466e+01 8.705051009588540012e+01 8.519636407486082419e+01 6.585500455160945421e+01 5.307546556877881017e+01 4.397929373521814256e+01 5.205229943441069196e+01 7.194842421270382715e+01 8.633927913042938940e+01
2.034619141074163196e+01 1.552265389986657418e+01 2.462863041403907616e+01 2.638410900131419368e+01 4.602351966741955636e+01 5.047714912691228761e+01 3.917420732607934042e+01 4.902213324934567851e+01 6.873691610595885493e+01 8.307104936279395702e+01 7.167239491795434958e+01 6.061671196206018664e+01 4.093755794000535531e+01 3.747961577149590084e+01 5.717507178734466322e+01 6.791220806189019754e+01 6.273778629016619135e+01 8.249093095216232996e+01 9.609411298042788019e+01 1.053517726435621427e+02 8.558034280435688856e+01 7.227350897685846576e+01 6.719207453744057545e+01 8.591087853064664159e+01 8.511376459436635855e+01 6.524645291664360514e+01 5.125837100415422043e+01 6.890489709695717124e+01 5.898604402009370062e+01 7.883363347996541393e+01 9.190250938159799432e+01 7.967405777285584634e+01 6.231668366036102924e+01 4.251703623785531505e+01 6.231582131564709215e+01 6.267773727216918900e+01 7.422254089752013329e+01
2.095831843648150183e+01 3.521783164365880481e+01 1.608992540787797410e+01 3.577324197832398767e+01 4.328348525064252783e+01 3.077648924619725079e+01 5.047714912691228761e+01 6.707395252710573175e+01 7.694682032339046884e+01 7.486796001160712422e+01 5.515016221862948953e+01 4.380246824391449678e+01 3.496375625779111829e+01 5.468368350745087270e+01 5.355673473246552874e+01 7.327482539896610092e+01 8.249093095216215943e+01 9.069911818998731690e+01 9.031120064582111695e+01 9.856513567260888919e+01 9.370093112103970157e+01 7.929278191099747630e+01 6.144884302873975201e+01 7.928943068056068455e+01 8.150735621674218123e+01 6.163503318697185307e+01 4.768487445019248838e+01 4.913115393033037748e+01 6.746811827730141431e+01 6.382620747710252829e+01 8.367129963623976607e+01 7.921842522681171772e+01 6.082582414606297050e+01 4.106915049905808246e+01 4.495013399653480946e+01 4.948381942253242016e+01 5.448021104624227462e+01
2.511564685387217466e+01 2.173621625372094712e+01 1.648897709372828047e+01 3.598863515627965626e+01 2.359766388451763675e+01 4.328348525064252783e+01 5.866186283816726643e+01 6.207107551328022765e+01 7.027411251403091796e+01 7.033170236670311226e+01 5.894483259447039813e+01 5.076274046729939471e+01 3.330415404435780147e+01 4.726280024166830174e+01 6.696883455708533006e+01 8.149725859522692417e+01 9.587321043370448592e+01 8.722740105138187516e+01 7.079347101151557808e+01 8.722740105138187516e+01 8.552526033766029911e+01 6.700378748140281004e+01 5.754895291985423000e+01 6.950338660151211911e+01 8.380020392286691333e+01 7.568550825381731784e+01 6.265430649991731116e+01 4.293364484571133488e+01 4.770476714988512867e+01 5.862996646175965765e+01 7.844520250451687104e+01 7.091686728426796549e+01 5.103205866714039729e+01 3.970752069372296233e+01 5.943651185495777156e+01 5.737613877637053861e+01 7.498307081010777608e+01
4.486207771386250442e+01 4.305670275219013376e+01 3.038293523330930412e+01 1.704799701426496128e+01 3.652115675602642142e+01 4.345448849799181801e+01 4.803760534901640966e+01 4.239114362678539294e+01 6.207107551328022765e+01 6.213690514498308204e+01 4.243582797372187798e+01 3.102923095185275315e+01 4.968004605754823189e+01 4.579369094066401402e+01 5.970486089637901728e+01 7.943850476946775530e+01 8.764445767659248077e+01 6.818564770206539549e+01 5.976508604650376810e+01 7.904263418748446668e+01 8.409506375211290674e+01 6.540876599277800096e+01 5.944544739916595688e+01 5.233650386449553338e+01 7.629112078784207540e+01 8.249511864996178190e+01 6.265575081244066524e+01 5.862996643215237214e+01 3.889971804075058515e+01 5.862022709767577311e+01 6.813061949492012559e+01 6.092180911058043336e+01 5.806878940254944155e+01 3.834251007629024599e+01 5.806878940255437982e+01 7.693453179455643465e+01 7.332991588479383438e+01
5.944793220651427390e+01 5.783273098261933853e+01 4.480608881849293823e+01 3.672211396919236392e+01 1.760520215537484745e+01 1.954566172958924497e+01 2.828014974405163429e+01 4.815526222305037862e+01 5.367390705469546930e+01 4.549255922163141008e+01 4.700752805051693883e+01 2.946736599539503132e+01 4.919253889759630027e+01 6.545173105759155874e+01 7.368641217136701016e+01 6.670086354191469979e+01 7.506589478369548374e+01 7.175640586346845851e+01 5.252541194924626922e+01 6.390538559863493617e+01 6.955104953057529826e+01 6.148065084257424218e+01 4.712792981645582557e+01 6.387622843744897239e+01 7.934193600434608129e+01 7.039844525523359664e+01 6.215005254782815314e+01 5.603229143650445110e+01 3.627345769232456973e+01 5.247415483727699836e+01 5.247453772763442004e+01 4.290651492783355536e+01 5.483050370023835285e+01 3.696958346208813140e+01 5.088971456724181763e+01 7.076323374016284617e+01 7.792051199832299346e+01
6.935413299518241104e+01 4.961243921919929534e+01 4.321912252186886150e+01 2.353080964457506497e+01 3.728239232078207266e+01 1.816465181499387427e+01 3.784481157796214745e+01 5.154956668318620672e+01 4.337074589871456709e+01 2.580430541329881322e+01 2.730247575178530184e+01 4.700752510927241445e+01 4.557455542078516686e+01 6.528882720470723200e+01 6.360356934566344478e+01 4.698904619554409123e+01 6.360356934563662890e+01 7.657759171143318611e+01 6.390538559863493617e+01 4.460817414929117319e+01 5.685904035120333333e+01 4.214689715684428961e+01 6.148065084257424218e+01 7.445953764351449422e+01 6.677814634142021077e+01 5.734938035420586289e+01 4.235074558784730669e+01 5.114850768366412836e+01 4.385498815057119515e+01 3.261758393290545399e+01 3.314092525805141776e+01 3.366805263289680283e+01 3.503131649749841614e+01 5.398538524223042856e+01 6.379539521632372612e+01 6.611212565385160644e+01 5.890885662838353198e+01
