MOVIE_S3_data/elevation_000029.asc
nrows	100
cellsize	150.0
xllcorner	0
ncols	100
yllcorner	0
NODATA_value	-9999
[rows 34 to 50 of 100, columns 0 to 36 of 100]
6.278687791629389281e-01 2.062786877916258277e+01 3.135346577260941459e+01 3.802014257906886030e+01 4.630465958772315105e+01 4.246635922444330191e+01 2.251766030388177953e+01 2.836044851717581494e+01 2.678167372153671622e+01 8.578726040107300221e+00 2.773597018561916627e+01 3.103772372763638288e+01 2.149097048742795835e+01 2.850367065925313170e+01 3.777015931164446272e+01 6.017825584480929990e+01 6.434322587453858944e+01 4.288878545325673741e+01 3.584684547879057703e+01 1.385952048960560745e+01 2.774740499302041385e+01 2.756390027384350461e+01 4.277674499038108991e+01 5.373012332056236318e+01 4.860997550109770060e+01 5.192939728495655061e+01 5.567169350750841517e+01 5.990427796344643951e+01 6.422290186287222014e+01 5.544660387686366221e+01 6.439576338256648569e+01 7.734120039831978488e+01 9.583454025478872040e+01 8.343878553489422245e+01 6.456331217892430629e+01 8.343878553489422245e+01 7.070512174958540186e+01
5.760807145981240440e-01 2.057608071459776866e+01 3.580355331966710963e+01 4.408770495814061974e+01 5.563444648737240072e+01 4.246755205540386413e+01 2.251766548401581503e+01 9.981674908883833908e+00 1.006691259526360760e+01 8.376800906067424890e+00 2.981159510698717341e+01 4.537812927556080922e+01 4.005090192393401338e+01 4.719726149577890340e+01 5.694025919798096425e+01 6.859487746515998197e+01 5.829832072285289257e+01 3.626610563695386702e+01 1.588647625780398087e+01 1.413776365013305458e+01 3.072608503164404326e+01 3.388909309807734616e+01 4.701239056841021835e+01 4.390347908925430431e+01 2.884991602603997407e+01 3.250536588980248354e+01 3.636440272008986341e+01 4.095417675377247946e+01 4.564455040537338704e+01 5.332320592856933672e+01 6.248253365033429674e+01 7.556533136545559159e+01 9.412936140016918785e+01 9.376212470466845161e+01 8.512119489304062370e+01 9.376212470466845161e+01 9.143319039427899497e+01
7.930105716671143057e-02 7.638590517351222964e+00 1.580355632662841359e+01 2.735056170991894575e+01 4.735054241702555800e+01 4.433045558757458338e+01 2.456751049402374321e+01 2.516414250280374887e+01 8.092102927552604186e+00 2.163043886514959979e+01 3.869738109685800964e+01 5.185114635844735886e+01 4.408161792727885597e+01 3.820452710344924441e+01 4.225031917758558109e+01 5.137655175351046921e+01 4.827873353496253372e+01 4.464987407807832653e+01 2.135340687977923935e+01 2.128677354959568646e+01 1.455411883860895372e+01 3.524423066067990362e+01 3.955080166733221603e+01 2.399344308562744743e+01 3.830358052493512133e+01 5.216114923852999397e+01 5.023546824230685104e+01 4.883046119941808172e+01 6.422290191641296531e+01 6.422291497323246290e+01 7.940317554746174267e+01 8.865738189133026026e+01 9.014169976285224095e+01 9.831376085401639386e+01 1.006491194022946587e+02 1.088811585582732704e+02 1.073930077420953353e+02
6.786017468061785740e-01 2.067860174680582475e+01 3.384304559934658130e+01 4.212680503457174552e+01 5.367192564875988836e+01 5.258242520207325299e+01 4.218497460669629362e+01 2.669312537513721040e+01 7.888056487357324009e+00 2.259508152835061168e+01 3.600045795539218574e+01 4.396991324004990531e+01 1.842532976539857259e+01 1.764134406414043355e+01 1.735822045230151645e+01 1.707059411470869748e+01 3.086922061034092124e+01 3.837649990278934808e+01 3.056268595941613597e+01 2.743674600350906800e+01 1.485806912484519771e+01 1.721899843826654930e+01 1.974720329490699910e+01 3.950991896994738539e+01 5.177463563292193527e+01 6.524125461926577429e+01 6.896269205289692650e+01 5.972377952240982069e+01 7.524198577134514210e+01 8.269885377773120183e+01 8.101165973453390734e+01 7.446745974092949893e+01 7.094475468304159449e+01 8.680945394579148910e+01 8.107687681500148358e+01 1.006491194022946587e+02 9.748914663998645835e+01
1.053273305859350195e-01 6.771993997252572228e+00 1.384306180911798556e+01 2.539006717973560967e+01 4.538989202408855306e+01 4.916243674201560765e+01 3.015744367380419888e+01 1.714702024910055655e+01 7.678996757886667801e+00 1.496866064403760710e+01 3.617912687863641708e+01 3.916372756672004840e+01 1.803240957545267875e+01 3.158615980423430258e+01 2.773861383054750718e+01 1.999473040542772040e+01 1.665673458350149616e+01 1.635686007343517190e+01 1.605227476161805455e+01 2.950214714514611103e+01 1.516954928500206812e+01 1.705013484109545274e+01 1.924436454680073183e+01 3.948028102963974817e+01 3.895993616819917804e+01 5.281186200475587356e+01 7.180363430160490168e+01 7.829271275575268874e+01 8.594796442776132039e+01 7.561894363140665121e+01 6.212523383920792952e+01 5.581621979773999698e+01 6.157684807231782287e+01 6.766823965592806189e+01 8.680945394579148910e+01 1.010709267342485305e+02 8.929052842325697270e+01
6.652624653148981881e-01 2.066526246531454447e+01 3.384304559934658130e+01 4.212680503457174552e+01 4.674338707315924069e+01 3.821107981180882263e+01 3.313712741213493018e+01 2.624555265137595583e+01 7.462939796738176312e+00 2.258539115690628662e+01 3.940623241472585647e+01 1.885795387915118226e+01 1.830473435695364515e+01 3.644283650135122343e+01 3.825080602636432303e+01 3.457465007649532396e+01 3.274384575620385363e+01 2.150934987540327725e+01 2.218427419508765652e+01 1.560475994405777378e+01 1.534661169836073036e+01 4.148489683225786706e+01 3.557431958627725521e+01 2.245287883829842457e+01 4.252522826250359600e+01 5.365058804901877210e+01 6.724990717801101425e+01 6.782367432025432663e+01 7.019125308278928799e+01 6.227893825781992376e+01 4.902686704295553000e+01 5.828407598559763869e+01 7.702990748066871163e+01 8.680945394579148910e+01 9.497901768663734856e+01 9.286743934713560122e+01 7.292510467089284987e+01
8.924248754756384239e-01 2.089242487547528171e+01 2.983132258382772761e+01 4.983132258382701707e+01 3.501276413405334864e+01 1.920181737655310172e+01 1.150937464453851966e+01 7.137329231405922236e+00 7.794481224179372170e+00 2.263126159410277438e+01 4.581724987445924313e+01 4.031623279946364136e+01 2.769820476157657296e+01 1.868620220016262934e+01 3.902625879939238729e+01 4.173147010243965127e+01 2.850719328340059278e+01 3.662360428838150739e+01 2.015079182508454991e+01 3.566077713737105626e+01 4.155093722747020735e+01 5.683845145189050641e+01 4.251635906762192008e+01 4.252522759700305244e+01 2.571862109860082768e+01 4.005126892002651573e+01 5.177538206826952916e+01 4.890233356216802463e+01 5.723088139745425451e+01 4.339083814942416240e+01 6.227893825781992376e+01 7.561943070576776904e+01 7.702990748066871163e+01 9.638590287130985246e+01 9.560785205967061984e+01 8.739269840691764557e+01 7.658459126826687680e+01
8.870506738290029336e-01 9.831322583828082884e+00 2.397345820755878165e+01 4.397345820755806756e+01 2.675237098517657230e+01 6.999020977228013862e+00 6.763348880069058211e+00 2.595134295571667238e+01 1.910859322056731102e+01 3.507997752103653255e+01 4.795493676090601554e+01 3.728448694293744836e+01 3.387700487264628180e+01 1.895462480342684586e+01 4.014103882508933907e+01 4.710399243623757570e+01 3.350620782160704891e+01 4.527302860211091229e+01 3.811039911302351868e+01 2.454844570534989856e+01 4.396833498164634335e+01 5.924638433603119125e+01 6.180735369714209071e+01 5.363403963470031499e+01 4.004885482113782302e+01 2.915788877084504449e+01 3.198299840631835167e+01 3.489117870475925542e+01 3.792393942617548674e+01 4.321307742134518293e+01 5.660977846308798433e+01 7.538639434864303723e+01 8.542008410026453191e+01 9.667016481628134272e+01 8.739269840691764557e+01 6.740302206895702852e+01 7.170022287331381960e+01
9.587146228554132010e-01 2.095871462285505871e+01 3.631852018924406167e+01 4.631852018924389114e+01 3.406103133971411978e+01 8.685837453166321609e+00 6.472394962570427346e+00 8.638805776068069875e+00 3.588622206247170965e+01 4.630609207086629908e+01 5.174175093226104138e+01 3.613614385691322184e+01 2.016870166021347188e+01 1.922040424494915101e+01 1.946876534035877526e+01 4.931359646138577801e+01 3.832603112765703912e+01 5.424898280143310103e+01 5.240684701902387843e+01 4.396844056629577580e+01 3.023679086876625277e+01 5.083938403599911027e+01 6.902450532279155482e+01 6.706186651587174197e+01 5.679381616620088380e+01 4.887832568695751689e+01 3.692767854757392598e+01 5.439513281384095222e+01 4.928707442944278228e+01 6.210931642944705544e+01 5.141259961866560957e+01 5.840418468229206894e+01 6.911320749691556387e+01 8.846974797255968781e+01 8.739269840691765978e+01 6.740302206895702852e+01 5.323139186603790307e+01
4.749594815986911134e-01 8.034248941783170395e+00 1.803424894178299454e+01 3.803424894178228044e+01 3.711234287691473099e+01 6.774483947004148021e+00 6.204396182886567246e+00 2.528737996162355017e+01 3.965674575310954708e+01 5.122694057145258029e+01 5.579293047407091422e+01 3.631919327386665231e+01 1.958912063991663288e+01 2.828005744379748165e+01 4.070457690231235404e+01 5.452109375026378046e+01 5.424900969296056275e+01 4.682309143109585392e+01 6.438450165370565514e+01 5.926036236608939589e+01 3.930978189834572589e+01 3.982340111058646670e+01 5.202679258999098266e+01 7.250691581183501455e+01 7.040263373936140567e+01 5.249069714842298140e+01 4.321454540117828458e+01 6.162197351020012803e+01 6.808227668004585098e+01 7.605284711659675168e+01 6.207774540560020426e+01 7.725797112888768936e+01 8.542008410026453191e+01 9.308253186323227624e+01 8.493277610151699264e+01 8.150543706431375313e+01 6.324462729032966024e+01
5.246131949027718067e-01 2.052461319490241820e+01 3.631852018924406167e+01 4.631852018924389114e+01 3.652345845640316213e+01 2.119854557608761425e+01 5.966553470510588042e+00 1.808693360620235424e+01 2.311589444817890282e+01 4.285001559862637066e+01 5.628487556055215180e+01 3.971461685967415178e+01 1.984715486144298424e+01 3.554613667400347765e+01 3.591123270352036911e+01 4.651889069049569514e+01 6.622488449597472027e+01 5.637919829710359920e+01 7.237485746084033167e+01 6.848740132006481929e+01 5.152093270483599952e+01 5.202931401268909184e+01 6.902811008725606712e+01 8.074950766533768842e+01 7.784179165189658534e+01 6.881896411105356037e+01 5.391233868770758875e+01 5.552062345656553077e+01 6.690534659603945045e+01 8.378300385856998389e+01 8.095463889810208968e+01 8.901459565882993274e+01 8.814858381986633162e+01 8.493277610151699264e+01 6.531369642319293689e+01 7.105999182033498585e+01 5.994945703754651589e+01
4.470077517107070575e-01 1.199401313550332482e+01 2.613614875923452630e+01 4.613614875923523329e+01 3.315967572190975687e+01 1.027600941408956992e+01 5.739841271414944046e+00 1.137914033702047156e+01 3.394707624053025086e+01 4.960514921467294869e+01 4.913829953540432172e+01 3.121783045625137021e+01 2.010427423349882758e+01 2.554971775946240697e+01 3.180715213629597926e+01 4.383950823531720431e+01 6.105712280805046532e+01 7.529168189326819061e+01 8.336932617182718275e+01 8.019275649357669522e+01 7.197778882661368982e+01 7.261365623794877422e+01 8.087297411587597651e+01 7.868641897320328837e+01 8.682714548978032099e+01 7.981590903950524307e+01 7.215341032691661383e+01 7.276342207622575131e+01 7.782377437336596415e+01 8.777289463253860902e+01 8.468872987714897249e+01 8.230493238203567330e+01 6.868121734184907723e+01 8.230683228345836255e+01 7.105472545151636155e+01 5.157791451877563560e+01 5.680582964837389426e+01
2.599182575669619633e-01 1.180692364135957995e+01 2.594905926509078142e+01 4.594905926509148486e+01 3.999847118906997423e+01 2.470273032274398162e+01 5.514544083333255742e+00 2.474218253942990131e+01 2.874202724822666610e+01 4.647549846327136436e+01 5.067249032064789560e+01 3.408291286987844160e+01 2.036273158790748283e+01 2.965530709378932883e+01 4.650882521030584371e+01 4.168874034840684573e+01 5.123500745024387726e+01 6.796395017088484281e+01 9.011378584624198140e+01 8.025676238289686637e+01 7.236584426441564233e+01 7.466351242505113817e+01 7.460420834210084706e+01 5.668948195815083579e+01 7.460410705390864905e+01 7.086839619703077631e+01 7.922207120004618730e+01 7.100257401459327866e+01 5.562489684567130865e+01 7.102039187407386578e+01 6.472637598015865024e+01 7.349999778476660595e+01 5.441465809228633788e+01 7.087044380121331244e+01 6.307168083754530841e+01 6.064457316624883987e+01 4.135339743085443587e+01
3.519420047721200095e-01 1.449407762850294468e+01 3.449407762850223236e+01 4.671881324051665274e+01 3.827138828759636624e+01 2.007518866506367416e+01 5.290314413596277632e+00 1.498961502451408556e+01 2.665266662419767130e+01 4.564921668606637439e+01 5.150326386944581714e+01 2.072759129992363469e+01 2.147158849381293066e+01 3.931543128183024294e+01 5.233454779030616777e+01 6.039995184922618421e+01 6.856975454263088920e+01 7.964858881718718919e+01 8.367665677840797400e+01 6.572413501599895369e+01 5.394357247017843093e+01 5.576441981797340475e+01 6.566822337021943667e+01 4.402779635557457283e+01 5.403825247898019768e+01 4.857970099441909895e+01 5.987841419490149519e+01 5.465334223551224824e+01 4.346104566249110235e+01 6.108598640746394182e+01 5.094809717912431779e+01 5.497800767913431486e+01 4.553739854059797665e+01 5.933364386045973760e+01 4.336142930538731832e+01 5.658195275368005639e+01 4.819756559529262319e+01
2.695761837762450375e-01 8.434541993053576547e+00 1.843454199305375241e+01 3.843454199305445940e+01 3.571345709555480852e+01 7.832337438876317393e+00 5.066839345655820281e+00 1.621367193115496974e+01 3.290798544810461124e+01 4.979371367611980048e+01 4.723313437498450185e+01 2.098351963533736253e+01 2.588166611960274821e+01 3.155571948982500530e+01 4.345677400016252534e+01 6.246478525041506913e+01 7.602907974689254900e+01 8.385128167308641878e+01 8.162908208794664233e+01 7.420509494275816564e+01 6.129983538276389510e+01 4.269732328242594122e+01 5.289148126895204172e+01 5.043636781088995491e+01 3.366227204133580386e+01 4.822579995943674191e+01 2.840690268381196759e+01 3.506004211010578331e+01 4.655903919728255147e+01 5.216250487680719772e+01 4.863295529148430774e+01 3.530826828578639009e+01 4.920124585370647452e+01 4.948048126957525739e+01 3.144468055662364492e+01 4.803680745815710651e+01 3.187618109678772882e+01
4.879649418637075353e-01 2.048796494186335337e+01 3.671881324051648221e+01 4.671881324051665274e+01 3.258828224234335380e+01 1.188533073997261980e+01 4.844437094446390368e+00 1.364821417963304917e+01 2.342570622816854709e+01 4.224319883210093707e+01 4.869726697527820392e+01 2.507939906791650486e+01 2.135537745732054304e+01 4.005525931186423350e+01 5.455502439300757089e+01 6.337241858600691558e+01 5.812985732780657600e+01 7.602907987448121219e+01 7.420797153653469991e+01 5.562595467871980048e+01 6.106327961078184074e+01 5.283416838053612707e+01 3.411243480963253916e+01 3.034306892458110383e+01 2.770584182675318274e+01 2.802118996075671120e+01 2.833452171389776453e+01 3.921372511883997447e+01 4.385763672168633320e+01 2.950516113197081225e+01 2.980244439134862944e+01 3.009341796858893403e+01 3.037721643162320007e+01 3.065286123032828769e+01 3.092139410894416685e+01 3.106875185337255019e+01 4.766876170244140098e+01
9.938951651180888414e-01 9.938167075117323890e+00 2.148517245891004279e+01 4.148517246159923388e+01 4.153764122968792094e+01 2.460198448376661418e+01 4.624937348789312175e+00 2.291362276895637606e+01 2.798566745161521041e+01 3.402444625498981878e+01 4.182549476954142875e+01 2.917178971187010106e+01 2.163079262439835659e+01 3.470883129005992629e+01 5.138231360938387127e+01 4.582141101960374385e+01 6.337240589431101512e+01 6.182507617275870615e+01 6.133429615667105139e+01 6.104118130358275351e+01 4.042143892199228361e+01 4.878253003687132150e+01 4.113365069739274560e+01 2.726095259135362525e+01 3.657141633621612442e+01 4.434580596844997302e+01 4.615057961162905542e+01 2.877147816992986051e+01 2.907784269113000164e+01 3.241315249376045671e+01 4.207369179818149973e+01 4.641440029998862116e+01 4.830254111185980292e+01 4.912583246934990200e+01 4.956328897587808058e+01 3.132429477521856498e+01 4.385219941816870914e+01
