MOVIE_S3_data/elevation_000583.asc
nrows	100
cellsize	150.0
xllcorner	0
ncols	100
yllcorner	0
NODATA_value	-9999
[rows 0 to 16 of 100, columns 0 to 36 of 100]
7.773770046158816616e-01 5.396452561027128780e+00 1.464002836275825992e+01 1.908514559529760746e+01 2.069215350364146389e+01 2.037631793009569847e+01 2.075186359048848672e+01 1.246685547430415220e+01 2.166323848214826242e+01 2.149052134653141266e+01 2.271146538092877165e+01 3.235991156443599248e+00 1.957387255958581207e+01 3.765033142749339845e+01 4.678619568243003357e+01 4.737291933511058772e+01 5.000533584362020179e+01 4.154199516422652749e+01 2.668764573284186525e+01 7.118403472855265868e+00 5.991681874031081101e+00 6.273504805732224021e+00 6.553599138239465383e+00 6.832392513451895688e+00 7.110644882486791829e+00 2.031183037608378328e+01 3.428353588257960638e+01 4.587271237423163228e+01 5.034020342595088948e+01 4.678342375467526182e+01 4.686608685770831073e+01 5.540961966735711286e+01 7.071326171187776310e+01 6.277821102937269160e+01 7.070067463738600111e+01 6.940221200654848133e+01 6.103814265524202654e+01
1.667217412783970065e-01 4.242134996625661625e-01 6.817479492183053935e-01 9.393464754705574959e-01 1.197073299805269997e+00 1.454885772635274188e+00 1.712762598827576088e+00 1.971393346513809375e+00 2.230090605865235887e+00 2.488880529700971955e+00 2.747755136688704525e+00 3.006854046119890711e+00 9.012236706859885871e+00 3.019081197494766400e+01 2.537899523128967161e+01 2.816516753656193828e+01 4.023972482803971928e+01 2.052041574711955363e+01 2.402692715635014054e+01 5.591956079290476112e+00 2.563550015844994689e+01 2.332520352304793931e+01 1.475810205247843321e+01 2.226121979980312204e+01 2.422937814696599190e+01 7.502457956375444326e+00 1.916496536980922016e+01 2.991361199771944257e+01 2.935516805238469829e+01 2.684628637686325803e+01 2.685085847680703708e+01 4.679607588401387375e+01 6.091950467341463593e+01 4.303661527636819528e+01 6.086891741000876266e+01 5.717048635903201159e+01 3.942578463207866690e+01
2.375235533300354973e-01 2.008842701528174857e+01 1.508057745479752221e+01 7.181722897921283710e+00 9.964591312530037825e+00 2.078206949909985113e+01 5.211000855732972781e+00 2.098698600155708505e+01 1.599862766502858413e+01 1.895897387631035969e+01 1.125501724523236824e+01 2.074826186649142556e+01 3.373899891025430087e+00 2.346833853666273484e+01 1.106225428342545314e+01 1.889850378580554491e+01 2.409017499569469933e+01 2.397328807657369509e+01 5.194198525712014458e+00 6.631760946914308619e+00 2.960988846340536185e+01 3.900304989346216189e+01 3.583171636935946935e+01 3.819066545467962470e+01 2.428190359953574529e+01 2.337515167775355351e+01 7.890828207514321235e+00 9.508434095169308264e+00 2.843958009658724961e+01 1.014990851649241854e+01 3.041006419319148790e+01 4.619029442974986921e+01 5.290215074129856276e+01 3.209769600852585114e+01 4.269504944541729685e+01 4.721108376750892432e+01 2.689553019519403776e+01
2.578281697790204552e-01 2.004136657956910028e+01 3.029871894523437703e+01 2.157312420274889320e+01 2.980134914939835511e+01 2.729741594489487966e+01 8.631615162612744641e+00 2.797840914536728363e+01 3.392882462251753850e+01 2.759924795883198101e+01 3.103474411019889345e+01 1.565243520923359277e+01 4.899416981279244077e+00 3.742417280363798060e+00 4.004114202707416581e+00 4.267391497192669192e+00 4.532764554923161882e+00 4.803466937734076403e+00 2.370435889151669784e+01 2.955133472025673669e+01 1.853705268808697326e+01 3.272990882712210947e+01 5.222480195271238301e+01 5.210906613136972965e+01 4.369622179686063390e+01 3.497252972078699429e+01 2.567183409864826160e+01 8.276379892294064788e+00 8.717759481216592832e+00 9.161000909868535658e+00 2.039884542811663692e+01 3.730549887348602311e+01 4.628615517584727712e+01 4.062095632844585680e+01 2.017915390772119011e+01 3.820633238424494493e+01 1.774692308070568103e+01
6.835178870107115889e-01 1.487864209162327533e+01 3.522893722429652286e+01 4.318603252868336995e+01 4.251683405094394885e+01 2.226219664987473834e+01 2.817654579084657840e+01 1.396288248340518479e+01 3.394484009337149644e+01 4.620689191644503069e+01 3.526026858423317378e+01 3.269813829149081386e+01 2.436173337912125092e+01 1.198121447823591623e+01 1.817369576932170006e+01 1.815180965008251945e+01 2.272111354249130599e+01 4.706913476204829472e+00 1.669239332764844619e+01 3.672940002456400066e+01 3.275065431765235502e+01 3.128353889589715209e+01 5.095784619772779678e+01 6.299899124001114359e+01 5.187036616962044633e+01 4.203575667338372313e+01 2.869315128412138449e+01 8.623504019648759567e+00 2.630047683014960924e+01 2.896744858279340562e+01 9.779067379445594455e+00 2.960875144910561474e+01 1.098301765345613923e+01 3.109118922850862532e+01 1.426391387829777635e+01 3.082439080187900160e+01 1.291956239452340149e+01
8.765780624806145394e-01 1.501871368621169012e+01 3.501871368621239355e+01 5.016492970849314759e+01 5.114104396635114824e+01 4.265505190791925827e+01 3.827394814674179457e+01 1.796863150723497426e+01 3.827394814674179457e+01 5.419023523493990524e+01 5.526777072256761159e+01 4.489577887350415608e+01 2.557622170468932410e+01 3.123478892275128871e+01 3.636628983556070693e+01 2.773902017142165377e+01 8.027947677226295653e+00 2.512773094982019018e+01 3.341385067057421310e+01 4.505848912445623000e+01 5.253198246648392455e+01 4.526615958192721934e+01 5.953316714188176206e+01 5.519398498652918050e+01 3.603456138211884507e+01 2.295642112646490673e+01 9.118104066560276166e+00 1.139810446101531483e+01 2.223344422690360744e+01 3.555566061123457899e+01 1.934938797818501399e+01 1.038506237050260772e+01 1.391554044544912649e+01 1.156835164741397293e+01 1.197433779110521535e+01 1.237185458432346685e+01 2.572069951983504410e+01
3.336530771559016451e-01 1.033365307715598824e+01 2.188065846094870892e+01 4.188065846094941236e+01 5.863792998265829226e+01 5.502271942830750362e+01 3.450974769909920781e+01 3.827394814674179457e+01 2.523874676973563069e+01 4.577142053998021964e+01 6.334838280112899866e+01 5.318992475642619411e+01 4.489577887350486662e+01 4.632128614011757151e+01 3.288614827999050760e+01 1.298322893511337917e+01 1.145023099992586424e+01 1.371025315293998403e+01 3.362541296593251161e+01 4.798262848938551173e+01 5.958367545358250084e+01 6.546555720636739295e+01 6.519833770691951713e+01 5.622213529855523717e+01 4.873548947307055812e+01 3.315794735121153991e+01 9.467769453328577001e+00 1.326467147463279161e+01 2.650424300382893250e+01 4.206599482057164607e+01 3.529125887386017979e+01 1.907241928757028049e+01 1.614660404207753785e+01 3.069732152319434348e+01 3.136773657553602845e+01 1.796628268481412150e+01 3.505708529535984752e+01
2.692912384917900415e-01 2.026929123849143366e+01 3.043802041915096979e+01 3.035365873477817544e+01 4.328259092291327903e+01 5.156686217043117892e+01 5.502271942830750362e+01 5.419023523494207950e+01 4.577142053998021964e+01 3.438777734404489905e+01 5.498098134339262799e+01 5.855351361996788029e+01 3.850207181071396434e+01 2.697358548805445722e+01 1.810480174545247678e+01 3.288614827999251844e+01 1.486552079729434972e+01 3.362405668532561975e+01 1.968793861553726998e+01 3.116702991661843569e+01 5.121825936287427083e+01 6.670073991013309467e+01 5.773499058590621047e+01 3.980827263383995529e+01 2.995376372790455832e+01 2.149931200299410250e+01 2.905312852927960776e+01 9.952905660823875067e+00 1.697540123103834731e+01 4.270954146988814415e+01 4.499495222614880419e+01 2.992471133283025964e+01 3.459035483912872877e+01 2.284574346923133348e+01 4.080203881365958551e+01 4.343213686163863940e+01 4.628566077087668162e+01
2.740426242073276120e-01 5.274042624207347707e+00 1.043802041915061452e+01 1.621152311104697219e+01 2.328259092291257204e+01 3.482959630670549700e+01 5.482959630670620044e+01 7.162164346462944309e+01 5.124107787508431500e+01 4.899868571429270503e+01 5.498098134339262799e+01 6.683667171241928884e+01 5.526911974157086860e+01 4.219433808908428318e+01 2.222812612872628790e+01 3.823378592933185161e+01 1.830745200211811152e+01 3.823378592933185161e+01 3.964167664449500705e+01 2.669797291277174978e+01 3.822722778664832788e+01 5.832310701678206044e+01 6.520110114035063020e+01 5.622210973188973782e+01 4.856799060259444900e+01 3.869708562238604088e+01 2.972425863433901583e+01 1.028920902698215656e+01 2.757988377927615886e+01 4.515197740450951613e+01 5.709917922554690506e+01 4.873889572244100066e+01 4.477911844032194466e+01 2.820830943006679092e+01 4.061742773935485928e+01 5.833115658358928357e+01 5.611219507872961998e+01
8.627856460739585787e-01 2.086278564607360408e+01 3.043802041915096979e+01 3.621152311104767563e+01 4.328259092291327903e+01 5.156686217043117892e+01 6.311386755426327255e+01 6.704593729738033403e+01 7.162164346462944309e+01 6.942352058529085923e+01 7.529455151549714742e+01 7.231868705210600012e+01 5.227046057576231419e+01 3.808294301272449900e+01 2.655012488643454205e+01 4.187866579817592338e+01 2.191173053374913238e+01 4.187866579817592338e+01 5.507694214641511365e+01 4.672078750470130615e+01 3.561787856350125736e+01 5.570271319763583762e+01 6.578336780277025753e+01 5.546630026766334254e+01 4.667125990383060241e+01 3.178384280423863473e+01 1.147958143792732066e+01 1.061995610528569678e+01 2.905126748411430881e+01 3.572595153955237635e+01 4.523216910798540624e+01 5.834960063366882821e+01 5.235313257175670287e+01 3.568169850657024256e+01 4.232827328694319391e+01 6.028276845767248204e+01 6.606457805440891207e+01
2.490127916613376069e-01 1.179601817545375297e+01 2.593815379918445174e+01 4.593815379918373765e+01 4.627149612891253128e+01 4.700969922230741105e+01 5.529397046976960439e+01 4.704593729737892005e+01 6.118807292111037555e+01 6.408444579293038146e+01 7.236871704039286612e+01 7.710083739153495230e+01 5.706768639690946543e+01 4.288107709107809740e+01 3.186858502977136709e+01 4.572933864847367857e+01 2.571720865818275570e+01 3.724630419513424329e+01 5.731737921291401250e+01 6.281537479702131321e+01 4.269913078019254016e+01 6.281511499946541477e+01 5.715449594858681337e+01 3.662005501993902357e+01 2.656862462688195237e+01 1.988995465580562438e+01 3.181979991853494383e+01 3.025827781625554280e+01 1.107867969587691448e+01 1.566811371151290189e+01 2.803897381796020127e+01 4.682584592502471565e+01 5.742070855494549875e+01 4.469578631814862746e+01 5.981641801008445469e+01 6.801694878540595823e+01 7.462895544769116896e+01
8.485705281016824308e-01 2.084857052810132672e+01 2.591711143836045395e+01 2.896708284501257324e+01 2.627149612891182429e+01 2.700969922230670406e+01 3.905479987905025041e+01 3.290380167364747166e+01 4.775451417437457025e+01 4.408444579292896037e+01 6.181228811373322429e+01 7.335929349752714757e+01 6.829531681517465813e+01 4.823982241531795978e+01 3.819564521096764764e+01 5.000367864741943436e+01 2.995104948930815070e+01 5.000367864741943436e+01 6.563439414862278909e+01 7.120161586566719336e+01 5.429558116657249656e+01 7.120161586566702283e+01 6.578334719882741410e+01 5.547056974512509697e+01 4.688670483785103471e+01 4.008724202025817362e+01 4.826197049940838468e+01 3.833380464761759754e+01 3.058843084816413693e+01 1.152987064271222550e+01 1.903281109421742556e+01 2.926652229573426212e+01 5.256763952250285854e+01 5.893662921168043312e+01 6.888183720569560364e+01 6.875955463940718460e+01 5.459516239285479600e+01
5.097248530424480784e-02 2.968272315262141969e+00 5.917111438360096898e+00 8.967082845012216197e+00 1.212936050518062281e+01 1.546269383851398516e+01 1.905479987904954697e+01 2.290380167364711994e+01 2.775451417437386326e+01 3.352801686627032041e+01 4.507502225006324181e+01 6.507502225006466290e+01 7.656631454300428175e+01 6.495757821914870078e+01 4.488669426051986022e+01 5.460949835405815378e+01 3.453169324592657574e+01 4.612356340432018698e+01 6.620114710630821264e+01 8.286505452279730832e+01 7.445362933121529636e+01 7.166793643022219840e+01 6.367122852074429318e+01 5.817111176906632153e+01 5.316349973652022953e+01 4.854869645373842246e+01 4.416350711804658857e+01 4.637319930068533580e+01 2.622516337798989738e+01 1.184479998097078379e+01 2.003079342725824219e+01 3.175981578495129298e+01 5.404728083541652239e+01 7.163125907713460094e+01 6.301399875832935749e+01 5.471961695118055502e+01 4.049742748699588191e+01
2.550521787762166648e-01 2.025505217877586261e+01 2.591711143836045395e+01 2.896708284501257324e+01 3.212936050518132447e+01 3.546269383851468859e+01 3.319693550278099536e+01 3.704593729737857188e+01 3.923373329220221706e+01 5.352801686627102384e+01 4.507502225006324181e+01 5.662202763385616322e+01 7.662202763385758431e+01 7.253851662842056669e+01 5.248123889298969402e+01 5.997510306919499357e+01 3.989241886319659613e+01 5.997510306919499357e+01 7.451397354396388550e+01 9.105850393825787137e+01 8.141355296983783774e+01 6.367122852074429318e+01 4.384148854660266181e+01 3.819498960146653133e+01 3.294218638878492555e+01 2.788839679110759207e+01 2.300226226645588667e+01 3.803249892890930539e+01 3.178333564832456659e+01 1.215483036058709665e+01 3.188680229378624986e+01 4.658557553583044353e+01 5.762596778869654912e+01 4.690228820785779362e+01 5.149469139157145037e+01 3.479775636139268613e+01 3.059009111675126036e+01
8.916207294569349351e-01 2.089162072945658011e+01 3.295612616500311987e+01 3.898785498647993109e+01 4.565693557573605688e+01 5.394395427786538733e+01 5.319693550278169880e+01 5.704593729737927532e+01 5.923373329220292050e+01 6.751800453966612281e+01 6.507502225006466290e+01 7.335929349752714757e+01 8.490629888132006897e+01 8.080413667812780432e+01 6.252406578329574671e+01 6.665513162139522763e+01 4.659190331527646123e+01 5.997458324748033931e+01 8.003234271340311068e+01 8.322511256794938106e+01 6.377271064004783341e+01 5.384278700934042661e+01 6.367122852074429318e+01 5.723311939292398165e+01 5.313810304066752366e+01 4.854873102416216568e+01 3.808094332420894546e+01 1.644791404560420389e+01 1.258218037475973183e+01 1.825710974777618034e+01 3.291385058275693609e+01 3.637986161325567736e+01 3.727442824220241135e+01 2.880873060535360253e+01 4.315789141785084837e+01 2.331139300525640223e+01 3.705495418321151391e+01
5.108012481754142797e-01 2.051080124817505990e+01 1.295253221739381644e+01 1.898278787768065357e+01 2.564959042119431842e+01 3.565095272594670917e+01 4.980049594536457391e+01 6.981605828549045611e+01 6.554584319996091324e+01 7.001482731567286066e+01 7.220185637886061158e+01 8.048979958035589277e+01 8.970800903310050955e+01 9.080183942909198436e+01 7.670380456550410031e+01 7.493339425316823110e+01 5.818981122627673841e+01 6.297550308674499320e+01 8.291422021707350609e+01 9.105850393825788558e+01 8.141158456102716912e+01 7.349943688098153416e+01 7.136606570991706633e+01 6.610075516829445519e+01 5.012692992046091689e+01 4.147654311278665773e+01 3.484092506207927187e+01 1.430844145658765321e+01 1.288053395869348527e+01 2.218865324941420525e+01 1.372665408746269833e+01 1.403656661749321977e+01 1.435194493125844062e+01 2.842411044951424870e+01 3.647133266342890323e+01 3.527774140044871132e+01 1.634319628965214832e+01
5.195627768054871254e-01 5.107877456542395223e+00 1.510794331692219572e+01 2.925166927628192326e+01 4.565693557573605688e+01 5.393153348893480370e+01 6.394872903992095559e+01 5.969483715539478652e+01 4.555822121824659376e+01 5.002892099057757491e+01 5.221500121697303598e+01 6.142637879938139633e+01 7.637296354086332428e+01 8.531278780683608431e+01 9.667409589466792852e+01 8.648292405988954101e+01 7.821884822581183982e+01 8.291421086816986019e+01 8.727073974532274292e+01 7.704693296957898951e+01 6.867134464889106482e+01 6.188451690229546642e+01 5.001013981176510015e+01 5.029937836836283793e+01 3.577391346577002196e+01 2.019960010771633563e+01 1.685647992398154926e+01 3.468907384127723503e+01 1.335943363131514161e+01 1.329877232652618524e+01 1.552934644155261701e+01 2.591589820530880317e+01 2.999897743030933484e+01 1.480901132671905884e+01 1.514015724602336377e+01 1.547792517462407957e+01 1.582353190387919994e+01
