MOVIE_S3_data/elevation_000758.asc
nrows	100
cellsize	150.0
xllcorner	0
ncols	100
yllcorner	0
NODATA_value	-9999
[rows 0 to 16 of 100, columns 0 to 36 of 100]
7.773770046158816616e-01 9.629213021835111519e+00 1.732328995949540484e+01 2.577122673112968343e+01 3.276001255199651752e+01 3.641378499368254040e+01 3.168534622054978911e+01 2.556851057016285012e+01 2.890455379624312826e+01 3.683233914503053796e+01 4.754574370386666260e+01 5.210848942323904964e+01 5.325843872000319124e+01 5.621703487589879700e+01 5.175577760298669006e+01 5.773016905708416147e+01 5.354122834685470167e+01 4.511962143768327849e+01 5.408780183665705721e+01 4.824772319629425255e+01 3.813868557999745690e+01 9.303370495386946715e+00 6.902930133498305310e+00 7.020302320691958364e+00 2.265047297031513907e+01 2.862591306211522379e+01 3.282479777547624877e+01 3.005317490530300262e+01 2.883084920862861367e+01 9.176415568088817309e+00 2.990995163983230398e+01 2.987160573099225758e+01 3.037280522672577732e+01 2.602176731198641946e+01 3.665835580311140518e+01 4.623489762062610708e+01 6.173466091080323537e+01
1.667217412783970065e-01 1.187302557781516477e+01 1.621072168683822667e+01 1.896087987536049013e+01 1.774339062447055682e+01 1.715504557124608098e+01 1.945003480091324732e+01 3.056434038092284311e+00 1.121640010279841171e+01 2.213703360350890037e+01 3.907276518150405309e+01 3.505377751637268346e+01 3.836857383613887862e+01 4.304472963896854054e+01 2.747556758467305116e+01 3.772702208259853052e+01 4.260538099084281072e+01 2.311435755060749742e+01 4.295008421000051158e+01 3.941346397676779389e+01 2.105646115972447063e+01 2.425307366371291096e+01 6.645147089849484878e+00 2.480190991351372887e+01 7.401534121887933360e+00 2.557396663338078113e+01 8.157106794658668392e+00 8.424023336014599295e+00 8.691869323410692516e+00 8.960623278343796017e+00 9.407655134929896690e+00 9.856420879266112323e+00 1.030599540542401016e+01 1.075457331100264291e+01 1.266853554256785230e+01 3.715304982865843897e+01 5.048799025434120580e+01
2.375235533300354973e-01 5.006131338110463291e-01 7.637254797989990740e-01 1.026906157782906615e+00 3.569204963488250559e+00 1.772149923229336288e+00 2.034132871712045265e+00 2.294873601966187948e+00 1.831745423791670291e+01 2.451970237324409396e+01 2.979027544119130511e+01 2.018088520990326629e+01 3.149178586794903367e+01 2.774612390428447739e+01 1.276423240601662101e+01 2.939705802364566978e+01 2.739707177402185678e+01 1.269260590637130193e+01 2.665858625539984317e+01 2.641868082758880121e+01 1.171272022626782494e+01 6.264457349801968000e+00 2.630505351240137557e+01 2.759256497989989043e+01 7.560639260156374775e+00 7.773700855657970976e+00 1.198457028693699300e+01 1.957355431411292912e+01 2.384172610106343981e+01 2.545816454473821722e+01 9.439478209829081479e+00 2.949078679251420709e+01 2.943713274290099946e+01 3.079915848210731610e+01 1.138027082904214460e+01 3.143950349162698998e+01 3.732527263814198193e+01
2.578281697790204552e-01 2.025782750406879273e+01 2.367941029893697191e+01 2.277312927650026353e+01 1.399268258902575113e+00 2.343103237735400413e+00 1.838810533829710181e+01 2.183484314540513438e+01 2.663917881060241744e+00 1.817819650925732944e+01 1.279688588581761977e+01 2.254226122448562819e+01 3.875957435316673028e+00 4.114891157532190924e+00 4.352847780221605234e+00 4.594814491156482994e+00 4.841508154163976840e+00 5.094273049926153263e+00 5.353204553775885444e+00 5.616974376890087939e+00 5.884200334641552566e+00 2.359893221101836502e+01 3.395406498243149684e+01 3.728728859847451815e+01 2.960740159960834816e+01 1.755282406071134815e+01 2.956153420289123446e+01 1.967269873900975341e+01 3.072935833376113024e+01 9.920506071141911519e+00 1.664316244856048854e+01 1.907114431829343815e+01 3.681324005586110104e+01 2.387711288983768654e+01 1.181587066549230336e+01 3.188798353859152712e+01 1.724472898072220772e+01
6.835178870107115889e-01 1.063806411770286253e+01 2.906330388437758216e+01 3.886154886961481481e+01 3.048757449366894434e+01 9.723803512090613665e+00 6.059368263968162971e+00 2.496872035641587928e+01 3.102445402799145047e+00 3.026619968520420478e+00 3.280471627509922605e+00 3.531808463821364263e+00 8.538483645383497134e+00 1.165570510446591435e+01 6.679372915881742756e+00 1.762057079015670524e+01 1.833083685732833246e+01 2.118913361739295098e+01 2.308930798256818662e+01 2.382438889119208270e+01 6.084523331948159530e+00 1.204231466719368449e+01 2.208317259742011629e+01 3.333496029849015230e+01 4.712940328327939454e+01 3.423337702579708974e+01 4.776234168821277848e+01 4.082076006518764899e+01 3.252031487288015654e+01 1.026124826841228099e+01 2.641340300384494455e+01 2.999024456744561817e+01 4.230097484869607882e+01 3.838101462814066878e+01 3.188986270791359701e+01 1.242281970947759007e+01 3.122498248221695150e+01
8.765780624806145394e-01 2.087657806248025949e+01 3.017954932597174889e+01 4.965057549813158744e+01 4.006883410981350124e+01 2.080590775447637597e+01 9.084780346494371273e+00 2.889623606804434175e+01 2.915063816874042502e+01 2.334451485742503607e+01 2.280577471025060987e+01 4.136009987427929246e+00 7.378168536042410963e+00 1.025969413680671316e+01 1.598400126838292046e+01 9.983365374586195884e+00 1.225768965953938050e+01 1.444183777099625132e+01 1.650939209207714953e+01 2.869887132871481228e+01 2.651349826389840914e+01 3.257797925042131482e+01 2.383520812504780650e+01 4.457924626430328630e+01 5.030013979014869108e+01 5.825076147457203746e+01 5.298103661835357769e+01 3.662618210435329047e+01 1.074335459675062232e+01 1.395207154019512608e+01 1.444920877968613127e+01 2.815637390801093787e+01 4.487615592637565243e+01 4.670999227460029601e+01 2.665616247667907501e+01 3.252926293673726832e+01 1.304024456939619014e+01
3.336530771559016451e-01 1.188065846094851885e+01 2.602279408480031364e+01 4.602279457026240550e+01 4.835553990542680936e+01 3.704213192011231115e+01 2.889623606804386924e+01 1.302319482628166014e+01 3.239813452512556324e+01 4.415922097425394099e+01 4.409241333507886651e+01 3.424367095155020024e+01 3.167499643058100389e+01 3.376071768162966436e+01 1.768634256119817039e+01 2.965636318964322626e+01 2.416505084756137123e+01 3.179559895511939516e+01 3.215831026388359248e+01 1.929277758242918495e+01 2.779583318415004811e+01 4.424027184113474931e+01 3.585777940955539123e+01 5.301605333475882276e+01 6.588494557320522915e+01 6.335191373017129735e+01 3.865934501334380968e+01 2.266355264942152914e+01 1.108325392344670135e+01 2.470775952206754411e+01 2.509446720055066038e+01 2.425495647402899735e+01 4.359178452175756746e+01 5.501408460953123836e+01 4.670999257007723315e+01 4.147434451289944946e+01 3.317431741368158526e+01
2.692912384917900415e-01 2.026929123848769265e+01 3.326526461121235911e+01 4.154953586857259040e+01 5.154953587265121229e+01 4.621794874464808345e+01 2.667528154073331947e+01 3.239919624228729589e+01 1.679772507305188256e+01 3.611185716907733223e+01 4.346551707280319476e+01 4.745168770664084690e+01 5.506477921464598069e+01 4.613664807922656053e+01 2.713811524451389090e+01 4.613664807922656053e+01 4.390500262940282994e+01 4.887605800492685404e+01 3.227324805136346697e+01 2.127309887956715428e+01 3.691440591509919500e+01 5.187454350611458409e+01 5.657938766220651416e+01 6.489903708937244176e+01 6.865070388664747725e+01 5.747109740983520965e+01 4.644833183504323415e+01 1.352956218745845440e+01 1.142151946025994391e+01 2.819103713774183362e+01 3.707625843390477627e+01 4.307282810055024669e+01 3.823768269412479981e+01 5.699401640237856270e+01 5.801356681770336365e+01 3.798150840655043936e+01 2.379837960879293490e+01
2.740426242073276120e-01 6.598597944544112970e+00 1.326526461121083855e+01 2.326526461121101619e+01 4.326526461121663658e+01 5.441026982903086662e+01 4.621794874464822556e+01 4.193776131984641609e+01 2.251958064195192222e+01 2.107747515902521585e+01 2.433959310473432325e+01 2.815502851327149259e+01 4.745168770664084690e+01 5.633267665710459937e+01 4.700632824824142375e+01 5.665536251321080385e+01 6.419167135499085930e+01 5.140698876868091105e+01 3.415701340574184997e+01 2.329379002758889428e+01 2.930522063564199442e+01 3.722509705912543865e+01 4.940281469058045616e+01 6.837481451513350805e+01 6.106817749697015785e+01 4.071541110631807925e+01 2.869405567563655168e+01 2.284123646900297189e+01 1.616102765240121997e+01 1.189635293050463716e+01 1.291725537103311261e+01 4.797211292506896285e+01 5.682448690244782341e+01 6.492580853822366294e+01 5.801375987859556460e+01 3.798151037249696316e+01 4.384877631953246890e+01
8.627856460739585787e-01 2.086278564607141917e+01 3.326526461121265044e+01 4.154953586800537124e+01 5.154953587773444923e+01 6.705587044099016225e+01 4.747745466396568048e+01 3.368456300516918134e+01 3.368456300516918134e+01 3.066516593909842925e+01 4.368166914179311533e+01 3.542892247576507003e+01 3.390667935937431565e+01 5.322311606619707902e+01 6.740959310093889201e+01 7.074818598019440685e+01 5.047818622264225041e+01 3.814751169490232741e+01 3.089218317188586838e+01 2.579943848989907096e+01 4.212229888098233488e+01 5.384728083018952560e+01 6.303146389073899769e+01 7.054113037777878503e+01 5.967225917478575781e+01 5.152264696006431421e+01 3.943638058286275339e+01 2.253898379506548366e+01 2.977782511468277349e+01 1.329345887713191843e+01 1.235364408883406995e+01 3.460211498797423957e+01 5.087846346813056897e+01 7.079540638987336365e+01 6.631312801498980036e+01 5.801375987859555750e+01 5.500168829145452065e+01
2.490127916613376069e-01 1.179601817545375297e+01 2.593815379918445174e+01 4.593815379918133601e+01 5.084724178412464113e+01 5.913151303158684158e+01 6.135605461590510146e+01 4.747745466396568048e+01 4.747745466396567338e+01 4.442642338049003570e+01 5.834741178159550401e+01 4.410975445295110831e+01 5.322311606619707902e+01 4.012508534413268535e+01 5.369982385158998284e+01 7.267175024459965016e+01 6.432652938994569070e+01 4.833498794008248467e+01 3.993029628274589982e+01 2.846344311457060172e+01 3.993029628274589982e+01 5.795926189586295152e+01 7.210354559814020092e+01 6.207939865302017779e+01 4.348762733268639380e+01 3.375418904529610842e+01 2.896400377471744392e+01 3.919604690889975274e+01 3.171149503865934705e+01 1.594159651194423155e+01 1.266479239800758627e+01 3.290749268190155163e+01 5.493131494477744070e+01 5.812911610558540332e+01 6.640610074659736028e+01 6.092235489405855020e+01 4.079007121985708295e+01
8.485705281016824308e-01 2.084857052810132672e+01 2.935333237062621592e+01 3.451731016556983178e+01 3.084724178412393769e+01 4.946824807969881022e+01 5.841251998969812576e+01 6.705587044099000593e+01 6.705587044098997751e+01 6.407594115963513559e+01 6.372900199510809927e+01 5.797376071818551679e+01 6.747064282978385563e+01 4.959815575090352979e+01 4.871331729003880184e+01 6.804867437565067689e+01 7.753840689836636102e+01 6.612469222331893093e+01 4.947650730695837495e+01 3.216174475790071341e+01 3.636621044980051920e+01 4.479295280791086498e+01 6.365831006934816827e+01 6.508777243664746948e+01 4.590821608960774824e+01 5.152264696006431421e+01 4.617579041579507049e+01 4.350811569690919356e+01 3.285635786241780210e+01 1.310453357538573904e+01 3.275115058122232625e+01 3.786573403809570948e+01 4.391943194638864867e+01 3.825848049092825676e+01 5.812905738483442519e+01 6.311485819543591447e+01 4.299451952398962362e+01
5.097248530424480784e-02 4.639287162715500124e+00 9.353332370625858871e+00 1.451731016556912657e+01 2.118397683223590988e+01 3.012824874223522542e+01 4.427038436596667736e+01 6.427038436596809845e+01 6.596123897937441427e+01 7.422940277256390118e+01 8.339935950309796908e+01 7.762338354058420009e+01 7.243389540682974825e+01 6.293115438754291091e+01 6.804867437565067689e+01 5.907715411127255578e+01 7.826413720185375666e+01 6.479399033361880811e+01 4.603561561400732671e+01 3.675993780176888492e+01 4.858306413646980815e+01 6.238605116537257089e+01 7.234955979930803949e+01 7.350055385548195375e+01 6.508848963065915427e+01 6.105224063260748579e+01 4.111448754712415621e+01 2.707009445411753390e+01 1.677210128038993986e+01 1.342685164282925037e+01 3.322645628457497224e+01 1.867819816325120641e+01 2.425265869584442768e+01 4.407795675508286593e+01 5.755232890198796980e+01 6.600911026408238058e+01 6.311485819543591447e+01
2.550521787762166648e-01 2.025505217877586261e+01 2.935333237062621592e+01 3.451731016556983178e+01 4.118397683223661687e+01 4.946824807969881022e+01 5.841251998969612202e+01 5.440655761541908220e+01 4.594794358457358641e+01 5.889102502972621522e+01 6.717875831456873925e+01 7.822720772641615383e+01 8.635306107974447798e+01 8.193458948419434762e+01 8.618961615449389058e+01 7.267932182842083932e+01 7.825421131265078145e+01 7.318977394967765804e+01 5.482705626090000095e+01 4.231005194624367505e+01 6.138680576506997255e+01 7.656893270786368078e+01 8.479157747418146585e+01 7.653816376148631662e+01 7.083642502894403492e+01 5.097626431748499698e+01 4.776783316850399075e+01 3.629711979188964222e+01 1.652375570135327365e+01 1.687742480577618309e+01 1.391185578785787769e+01 1.425931440211870083e+01 3.361035634785859116e+01 3.898983416541057778e+01 3.543202729586626987e+01 5.162585964800310023e+01 5.982690485994464069e+01
8.916207294569349351e-01 1.503381510262014942e+01 3.503892186361712646e+01 3.980501922389125724e+01 3.896428552973213044e+01 4.725416913670414232e+01 4.852988334601308651e+01 3.437621823869408644e+01 3.437621823868238380e+01 3.886191059104189094e+01 5.889102502972621522e+01 5.648758582512694915e+01 7.312847149511708267e+01 7.729029806103582700e+01 8.561884042067447353e+01 9.175821431322525257e+01 9.729024633576700865e+01 8.346235009452064446e+01 7.016586487435030506e+01 4.963744006326533054e+01 7.013583818383324342e+01 7.791070495766430781e+01 7.048498040003838128e+01 5.666603874536104968e+01 5.864874712684058267e+01 5.042575834770291721e+01 3.118049685362521828e+01 1.972437769766849058e+01 3.629710430656453468e+01 2.790834380711674001e+01 3.371262019464844428e+01 3.396475596370790839e+01 1.474536785779086223e+01 1.825513755109718872e+01 3.728457062928096377e+01 3.359573134105390579e+01 4.601198581089784057e+01
5.108012481754142797e-01 2.050871802309783831e+01 2.392596602397195937e+01 1.979009208278726817e+01 1.894309639849223359e+01 2.924504730937407260e+01 3.118671769358315871e+01 2.019843787262829338e+01 2.468604180873274601e+01 4.472830238897113020e+01 5.226799517281713747e+01 4.387294895836699737e+01 6.470799091199475583e+01 5.723205434347603671e+01 6.836831858509840742e+01 7.669749297609415351e+01 9.095292354377420452e+01 9.323184572875794629e+01 8.160063301001562763e+01 6.520685419227784507e+01 7.667668117491128044e+01 6.467430018041680739e+01 5.162583862323183581e+01 5.988138916219043040e+01 4.053887477960805086e+01 3.066958855400042694e+01 2.315438994047621080e+01 3.954717324723555549e+01 4.776740125183955143e+01 4.211561890825733201e+01 4.969644226969545997e+01 3.186979252078970859e+01 3.454322594821510961e+01 1.522287006546793009e+01 2.217876841294727797e+01 3.755807028136767656e+01 5.575068607821457789e+01
5.195627768054871254e-01 2.215940675040357632e+00 3.918454268200910473e+00 5.639783950861069428e+00 7.387209953891335168e+00 9.220676951994903447e+00 1.115437333362114103e+01 1.311607867496826607e+01 3.315727049332966914e+01 4.240968043043380931e+01 3.180773019824625436e+01 5.226799517281713747e+01 6.398846151885778966e+01 4.563978284589119738e+01 4.829905562906134975e+01 6.249161190851749836e+01 8.027310030071896563e+01 7.314851416696851061e+01 8.736453553231244484e+01 8.912909354048812816e+01 8.927682950258115113e+01 7.819729036970933578e+01 5.988138916219043040e+01 4.047578646193658614e+01 4.681741783425771075e+01 2.706597107115415213e+01 4.295862886411234172e+01 3.460458952178698411e+01 5.437049953325846730e+01 6.204151933872748970e+01 5.662580417399092170e+01 4.724983041415594442e+01 3.722586623940909334e+01 1.555700463473679207e+01 2.563947492561718633e+01 3.542710869633293669e+01 4.980666294766651703e+01
