MOVIE_S3_data/elevation_000928.asc
nrows	100
cellsize	150.0
xllcorner	0
ncols	100
yllcorner	0
NODATA_value	-9999
[rows 34 to 50 of 100, columns 37 to 73 of 100]
8.522529093829449209e+01 7.931074495568442728e+01 9.950426806479072184e+01 1.122796758547918046e+02 1.118520499041806744e+02 1.035393246829180924e+02 1.118520499041806744e+02 1.048321668971704668e+02 9.069708715100966856e+01 1.041404743514085283e+02 9.587815664336561383e+01 1.041404746110369359e+02 9.501591561423418852e+01 7.472114442704655346e+01 6.343260306251558944e+01 5.478138606180111481e+01 7.449559060527307963e+01 9.021387405543235616e+01 7.331188074962105361e+01 9.037905013051252467e+01 1.025225231225609974e+02 9.391349561123033141e+01 9.018702578225409638e+01 7.804690862712698163e+01 5.753389603611431369e+01 6.661928659277977260e+01 7.864540622308335571e+01 9.910212004719602419e+01 9.198224369920582433e+01 8.002686187497978665e+01 5.940318700858023959e+01 6.724454853068360194e+01 7.764507389790101399e+01 9.794236251159641427e+01 1.128492995756121218e+02 9.277580699915876039e+01 8.378751545132246292e+01
1.013386865489474218e+02 9.950426806479072184e+01 1.077790188201082202e+02 1.102732803676980637e+02 1.185014358051774792e+02 1.080301990746980181e+02 9.926704244814361289e+01 1.080301683868888745e+02 1.107571690881530202e+02 1.171884331839330002e+02 1.089800068328377591e+02 1.171884331839330002e+02 1.035480294106866097e+02 9.177950289671710493e+01 7.252811070075441080e+01 5.867626361263978652e+01 7.850198700847636246e+01 9.418602380798631657e+01 9.351943129189290005e+01 1.022298028901070666e+02 1.042485161765663833e+02 9.406641794721170413e+01 8.175947922080683838e+01 6.111849893030696279e+01 7.804581856047109056e+01 6.771969992814445050e+01 8.837429686052323063e+01 1.073651099359442895e+02 9.087663363890796120e+01 7.038586192722772239e+01 6.187392809601823274e+01 8.251131111732918555e+01 9.611821794072042735e+01 1.062215165755966524e+02 1.109522839536518717e+02 9.934642232394628536e+01 8.667323471382786693e+01
1.129468606239441897e+02 1.070784778120726202e+02 9.886930600819383130e+01 9.052101736882403316e+01 1.070784778120726202e+02 9.737945629026452821e+01 7.790533793735401957e+01 9.641900415587763007e+01 1.059911881669421234e+02 1.073340797954871562e+02 8.931611276321832804e+01 1.045448458168288681e+02 1.127429495051947015e+02 1.015085906361325101e+02 8.701835066844350308e+01 6.991183851969468321e+01 6.528371271150481903e+01 7.946479760919709179e+01 1.002988952887493070e+02 1.102049548782840418e+02 9.008877608783694768e+01 7.543091055425675506e+01 6.494473999490443816e+01 8.178931045183574611e+01 9.018014903551140549e+01 7.704255129081002451e+01 9.671863198974416775e+01 1.051190960741487004e+02 8.497721253664182939e+01 8.515235691539163554e+01 6.452512982700899613e+01 7.655722684326791239e+01 9.102615487822204443e+01 1.110586024983382885e+02 1.026883666867278038e+02 8.252384493615743111e+01 7.053453026219794708e+01
1.034031262730408685e+02 9.520076783594866754e+01 7.917026706077302833e+01 7.917026706077302833e+01 9.886930600819383130e+01 8.857289677081092805e+01 6.755440249450992951e+01 7.759883433315114587e+01 9.730998463134206133e+01 9.914805979802810043e+01 7.953302469104643535e+01 8.490182399513059863e+01 1.001405364747170808e+02 1.083288487579253996e+02 9.882009830682453355e+01 9.023634806643261186e+01 7.146783018520754638e+01 8.174002902343568167e+01 1.025951374471817275e+02 1.132248121385466106e+02 9.311428755174564742e+01 8.863946638280373236e+01 6.786552438773655638e+01 8.268945162821322015e+01 1.030522648750832673e+02 8.900643251596827099e+01 1.058171280571157098e+02 1.133879745344848402e+02 1.051190960741487004e+02 8.790376984102117319e+01 6.731408084652680657e+01 7.666733089728434436e+01 9.113498437581003486e+01 1.111397340613347922e+02 1.084832402696223994e+02 8.844636235821822368e+01 7.390229409228678037e+01
9.520076783594866754e+01 7.550406645013674733e+01 6.781732100595216650e+01 8.588702190312592677e+01 9.407466136749317798e+01 8.099573750879299894e+01 6.040017979039657092e+01 7.693003679700073860e+01 9.011835765802717901e+01 9.173427339076019393e+01 7.213451182534399209e+01 7.360086568461288437e+01 8.052088417070854121e+01 9.182281475525269343e+01 1.115027556451148172e+02 1.001944036554485251e+02 7.825969714151887047e+01 1.001944036554485251e+02 1.112678002123487033e+02 1.115795805974801453e+02 9.313455451445646816e+01 7.242202906618572911e+01 8.862840810431109162e+01 8.864902021234713914e+01 1.088658560160976236e+02 1.091995398742074173e+02 1.174147924247633483e+02 1.132151325483912245e+02 9.326100356936458979e+01 7.884861155761292650e+01 7.031266852884319007e+01 9.083562005971749898e+01 9.699423990276079621e+01 1.169741245330464352e+02 1.119569201220838721e+02 9.200214859560156810e+01 7.755847662001229992e+01
9.520076783594866754e+01 7.550406645013674733e+01 6.156788213924530595e+01 6.618882718195435189e+01 8.268871713715532223e+01 7.509909189490647918e+01 5.504907517898956826e+01 6.536875458347647339e+01 7.924269702922842384e+01 7.941673271284061286e+01 6.558554845468562178e+01 8.520101953562142683e+01 1.001405364747170808e+02 1.083288487579253996e+02 1.197163277551754561e+02 1.095478094873915609e+02 8.940838234209481072e+01 1.095478094873915609e+02 1.148595342512050053e+02 9.481524101947641725e+01 8.296004051828353454e+01 9.309282396957132732e+01 7.791969539855986682e+01 8.647111372237141325e+01 9.560910191672763858e+01 1.097454746776461008e+02 1.295188504865014920e+02 1.153913951644993290e+02 9.544524608039144198e+01 9.402580784183096796e+01 7.359863913221826692e+01 9.402580784183096796e+01 1.138728481945396851e+02 1.238273539250518525e+02 1.156494799540264751e+02 9.576443669881138021e+01 8.143807042234293192e+01
9.982590711012554152e+01 8.011334660602496172e+01 6.618882718195435189e+01 5.475033872769032683e+01 6.892417103613897211e+01 6.746573405929072464e+01 5.004502527336346418e+01 5.187962739574976467e+01 7.165084153914305887e+01 5.975667010993072381e+01 6.960771455998859381e+01 8.090898793656491250e+01 9.475545659577265667e+01 1.144184140235837930e+02 1.162097613932957643e+02 1.189537894164303395e+02 1.130681777511878607e+02 1.236848477659062979e+02 1.231416756028128816e+02 1.115795805974801453e+02 9.742087716059018021e+01 1.038057773281296647e+02 8.356458854718168539e+01 8.776037271303050602e+01 1.078850276645251114e+02 1.155369623651097726e+02 1.352376147439433112e+02 1.236560130626304499e+02 1.120584506420684079e+02 9.761481082411516752e+01 7.731234405234020812e+01 8.553922502619836621e+01 9.567175990519646689e+01 1.155656312134149175e+02 1.171202063556503816e+02 9.729253326253277123e+01 8.566495342719782968e+01
8.900385981603363916e+01 8.366622067320675171e+01 7.181602674353098337e+01 6.362299803386135721e+01 4.908469336723998566e+01 4.760904745587940567e+01 6.746743627152396527e+01 7.165084153914305887e+01 5.453139734297501917e+01 7.425851023314218935e+01 8.549481600347998267e+01 9.485300874412705241e+01 1.032728651890313500e+02 1.121507973277577150e+02 9.890092549882807305e+01 1.044450146851620360e+02 1.217379506087319214e+02 1.318429554459593191e+02 1.334835677267488450e+02 1.256928880996990188e+02 1.123290636562987430e+02 9.234704696050273753e+01 1.037670680279464079e+02 1.078850276645251114e+02 9.947897972145065637e+01 1.193679027001946054e+02 1.304669012823315768e+02 1.205392799480548405e+02 1.038133897095410987e+02 8.372769848200535137e+01 9.761481082411516752e+01 8.761384811474412970e+01 1.076157735334862622e+02 1.238273539251781159e+02 1.253856138925089851e+02 1.108019349083602947e+02 9.093647012867803880e+01
6.940285626651549933e+01 6.971809771341617079e+01 5.572111192769894927e+01 4.367307091675233011e+01 4.519707577166066415e+01 6.510616795167973692e+01 7.564506534198235954e+01 8.241448082945044007e+01 7.425851023314218935e+01 5.766548589297192962e+01 7.734276192161553354e+01 7.489649179641860144e+01 9.487429329622518992e+01 9.537238481780543964e+01 8.709504973704156328e+01 1.050500351818167530e+02 1.156605192717007924e+02 1.120235997349142849e+02 1.136567939665243046e+02 1.276951615088639898e+02 1.205267392804421007e+02 1.123188563814736654e+02 1.030961132793693764e+02 1.228335737259417186e+02 1.110100114878586197e+02 1.274745645307650932e+02 1.221912182385733985e+02 1.023873478162543762e+02 9.241155122904748964e+01 9.144212389640962613e+01 1.113304828024998727e+02 1.018009803762627996e+02 1.018009803762627996e+02 1.216539260360492989e+02 1.233281551698821943e+02 1.035224619202027867e+02 9.801868120523384675e+01
4.953403706229726566e+01 5.946844621128172292e+01 4.153314314267766605e+01 6.148110569355272048e+01 6.510314483791628959e+01 5.590297295907897990e+01 6.734384142600390533e+01 8.705435919199723571e+01 8.549485014940529481e+01 6.753458652652781780e+01 6.095431160941012649e+01 8.058262637042749077e+01 8.781338190830534529e+01 7.809827830205755106e+01 9.480796377377465944e+01 9.826941221340061361e+01 9.590579370492268652e+01 9.806517025967153245e+01 9.970170644650519876e+01 1.194639215518427449e+02 1.336072836440007734e+02 1.307292213277982000e+02 1.145692996868274633e+02 1.307292213277982000e+02 1.307849944183122943e+02 1.388334258989683576e+02 1.304669012823315768e+02 1.122892830274138589e+02 1.039151594839992043e+02 1.055233955460575430e+02 1.076893101363516081e+02 1.216539260360492989e+02 1.216539260360492989e+02 1.299273619898040693e+02 1.316108616909216380e+02 1.174934188802701556e+02 1.119761489765587470e+02
5.748758231245274430e+01 3.944033218689110498e+01 5.946844667195180278e+01 5.789329353095277497e+01 7.771480332431967497e+01 6.990066437184177062e+01 8.385515567942087500e+01 9.524627751082709892e+01 8.715093742352198092e+01 8.715093742065491256e+01 8.058262636591030059e+01 6.439829389058564857e+01 6.991312820409233098e+01 8.781337723630187497e+01 7.556461641925776007e+01 7.871450848407057777e+01 8.203158946267261342e+01 8.723401648042356271e+01 9.420254547156692126e+01 1.055851494629172720e+02 1.253655405501947371e+02 1.417850849844286927e+02 1.340896876888142515e+02 1.307458309190403156e+02 1.224183395360150826e+02 1.308831785734357140e+02 1.404565344034020882e+02 1.320082265527651941e+02 1.237285485221478041e+02 1.253500316148868023e+02 1.275318432322286384e+02 1.358185101496686684e+02 1.335093577372967957e+02 1.418418784017461576e+02 1.432057616826487845e+02 1.374144546531339870e+02 1.318372422383358753e+02
3.743542436660343498e+01 5.748739009581544224e+01 5.365860664657814993e+01 7.349424919600579642e+01 8.595418422962656280e+01 8.961372603122794089e+01 9.618988835133740167e+01 1.044534991899638783e+02 1.068274809626604736e+02 9.998341660007960741e+01 8.038179753372492087e+01 8.154361229298774560e+01 6.835515888756080471e+01 7.120772625360167751e+01 9.052179601759810623e+01 9.826940930026175636e+01 9.590579370492268652e+01 9.037083667253651242e+01 1.101076052700016135e+02 1.081474230001041832e+02 1.279427035281505596e+02 1.303029961508594852e+02 1.219665028493816692e+02 1.206901323774530397e+02 1.022296263304923372e+02 1.206901323774530397e+02 1.294537747185470380e+02 1.211220651676119644e+02 1.242199758348472756e+02 1.242199758348472756e+02 1.325509158301595107e+02 1.302113740722164437e+02 1.133530773431679819e+02 1.302113740722164437e+02 1.230571072628275999e+02 1.372928958037410894e+02 1.403436490314221601e+02
5.093654187076360529e+01 6.501670589769858566e+01 7.349497396007360805e+01 8.169053395281223118e+01 8.557559923548321024e+01 8.214849409987571960e+01 7.633235079876408236e+01 9.618986813997099716e+01 1.006103771469349226e+02 9.240591982709163688e+01 9.998341660073468518e+01 9.691599632345280213e+01 9.235727620549002381e+01 8.478570696420602815e+01 8.478570696276007368e+01 1.043699481231387978e+02 1.156605192717007924e+02 9.694163118533118961e+01 1.166905923123369178e+02 1.279427035281505596e+02 1.361871675387443474e+02 1.219665028493816692e+02 1.018681513878900802e+02 1.077548222402904230e+02 9.222397796083497212e+01 1.123075146758370124e+02 1.178497343957298540e+02 1.010297969729638936e+02 1.041207597950320434e+02 1.041207597950320434e+02 1.242199758348472756e+02 1.218721238258849553e+02 1.017769878661894865e+02 1.218721238258849553e+02 1.088283829721777636e+02 1.272291707805561600e+02 1.287195264486169037e+02
6.822394564392496363e+01 7.084013241568685260e+01 7.905426084074188964e+01 7.950747656755500259e+01 6.571622822198813196e+01 6.228854066793653743e+01 8.214849409987571960e+01 8.766368799398951239e+01 8.922653998435488631e+01 7.272793944112432030e+01 8.442129840321727841e+01 9.260655052251088648e+01 1.065577227665742299e+02 1.043699523282926833e+02 1.043699498224906534e+02 1.125716571455861867e+02 1.241638729105408885e+02 1.043914309698891429e+02 1.241638729105408885e+02 1.304335733416030507e+02 1.203763768523066489e+02 1.120413065500246859e+02 1.053555413163759624e+02 8.773704493100869684e+01 8.519421489839628236e+01 1.052017159570891778e+02 1.080605094632540073e+02 8.949363440101126344e+01 8.997656909915826873e+01 1.041207597950320434e+02 1.242199758348472756e+02 1.147674203729016824e+02 9.473864857594296041e+01 1.081697776703994265e+02 9.883129850957712392e+01 1.188934472413933605e+02 1.203873860714428190e+02
5.618883878459816827e+01 5.285655373290265402e+01 7.101552727732963888e+01 7.095365348303067776e+01 5.158608216654452860e+01 6.833051863334871712e+01 7.099066716139182631e+01 6.794236488537340790e+01 7.657695598075339660e+01 6.131532606311513689e+01 6.473311506605591603e+01 7.865537827814725347e+01 9.360587335499207029e+01 1.018097681442425539e+02 1.034526689897046339e+02 1.232814747326673626e+02 1.324044340585169550e+02 1.183481012814584830e+02 1.324044340585169550e+02 1.220950871076741180e+02 1.019875259923752111e+02 9.198401084907847292e+01 8.535748208072652687e+01 7.966152781145235906e+01 7.895578217194677961e+01 9.887114940676246988e+01 8.806391301828215035e+01 8.063248992107257607e+01 9.209392386890105797e+01 1.121365296665339315e+02 1.226338354489267601e+02 1.025519055123899648e+02 8.846552189587916359e+01 8.820413586695217134e+01 1.081697776703994265e+02 1.190513571200694400e+02 1.140373093815181420e+02
4.179876089748536572e+01 5.721269240756613783e+01 6.011015029944184107e+01 6.186289310445728518e+01 4.578442197221891519e+01 4.839381696030998370e+01 5.108393942981759750e+01 5.385890059163803301e+01 5.677374095817045685e+01 7.657694650614007514e+01 8.442129565480212250e+01 7.001668626263911221e+01 7.395289654066539242e+01 8.375907772027935039e+01 1.034526689897046197e+02 1.162573254095886881e+02 1.261785937007148988e+02 1.382043876531362798e+02 1.417136327272807250e+02 1.304335733416030507e+02 1.203763768523066489e+02 1.120413065500246859e+02 1.053555413163759624e+02 9.311934995817428273e+01 7.329266457777274013e+01 8.830989797324519941e+01 7.408331504378902821e+01 8.806391301828215035e+01 1.080605094632540073e+02 1.204653237347491341e+02 1.170641102107376526e+02 9.702677128650208260e+01 8.298730616156167628e+01 8.195902792757854627e+01 9.075845396622435146e+01 9.987646962138214235e+01 1.032924296924490619e+02
3.679271586406810712e+01 3.844676922541179920e+01 4.012294558003031852e+01 4.244665057077153847e+01 6.249291029939350040e+01 6.833051863334871712e+01 7.099066716139182631e+01 6.794236488824188314e+01 7.080686416968387675e+01 7.080686417271354571e+01 9.050719092270648503e+01 8.390446540161387645e+01 8.782930696554319638e+01 8.088695178661660634e+01 8.829597221686860564e+01 9.811700935420932979e+01 1.179135516725291239e+02 1.358954910418165980e+02 1.218833412208542342e+02 1.274933037402208811e+02 1.356976406302711666e+02 1.197074564643875050e+02 1.113868710112625706e+02 1.014232363435029498e+02 8.830989797324519941e+01 6.851716256104538161e+01 8.830989796428460181e+01 9.392078051526249283e+01 1.139451509540117655e+02 1.266036621129032795e+02 1.150334305594986830e+02 1.067252664574592842e+02 9.585483056614900477e+01 7.604243560179648398e+01 7.678509485369589527e+01 8.000396689391722305e+01 8.337504438365644432e+01
