MOVIE_S3_data/elevation_000972.asc
nrows	100
cellsize	150.0
xllcorner	0
ncols	100
yllcorner	0
NODATA_value	-9999
[rows 34 to 50 of 100, columns 37 to 73 of 100]
8.557271637077010951e+01 1.043607443501772138e+02 1.101718308571065705e+02 9.475236676620330911e+01 7.528641815807814908e+01 9.269458902555351187e+01 1.016552960136660460e+02 9.369549113371790838e+01 7.687142065069112107e+01 8.175716073360035807e+01 6.127382415631092982e+01 8.175716073360035807e+01 9.724258788244360119e+01 7.666350811531800957e+01 6.227031045572141466e+01 6.938595083198890734e+01 4.901481730629899403e+01 5.763616839118666491e+01 7.124534221819652657e+01 7.939074926630785001e+01 6.286312856624214618e+01 4.925270872143575929e+01 6.901501270067447535e+01 7.652345777622963396e+01 7.285385461061800072e+01 9.062263345035010786e+01 1.022967841250031000e+02 9.678860564910141306e+01 7.577535802722306357e+01 6.101357442713835155e+01 7.255889976282256271e+01 5.464902651172243964e+01 6.929990749894207624e+01 9.036203064565262366e+01 1.067608535090808175e+02 8.639908435127404118e+01 8.146278875000415098e+01
1.048633798122115621e+02 1.127714539236746845e+02 1.065466101744084852e+02 1.055951417855028041e+02 9.672404699566656916e+01 1.057816133990930467e+02 1.112001108800016596e+02 1.053045242939942483e+02 9.696972093071065046e+01 9.017655203495785088e+01 7.157500928473314161e+01 9.017655201952754851e+01 9.456475433305389799e+01 7.399877569183553305e+01 8.269098102853023136e+01 7.274493486237632567e+01 5.247066794603428974e+01 7.274493486237572881e+01 7.930126720824934239e+01 8.930686575976351094e+01 7.714170558372198627e+01 6.901607434595985069e+01 5.254524740807149641e+01 5.699708821175502749e+01 6.255540649797369213e+01 7.370107973881758312e+01 9.379383834324929126e+01 9.678860154840663199e+01 7.577535802550580968e+01 8.192759476431392329e+01 7.752940069533123335e+01 5.670580754859072670e+01 7.753282403444039517e+01 9.769191320352246066e+01 1.097884584707801423e+02 9.610402219227766807e+01 7.568102951157442249e+01
1.036993572795544054e+02 9.534523398858974019e+01 8.697368142465460039e+01 9.573630934370683576e+01 1.045495493173667398e+02 1.054622663629416763e+02 9.159887540970835573e+01 1.018171933131374800e+02 1.102303583296353224e+02 1.003500740799001534e+02 9.193931218316016896e+01 1.003500737445682063e+02 1.030794767008671329e+02 8.583877733163093637e+01 9.056162742199407489e+01 7.030749473665345306e+01 5.603410098703988496e+01 7.300808912687922714e+01 9.526965857971842411e+01 8.725484991812601265e+01 6.745871925227120869e+01 5.632596590039207030e+01 7.215646175677271401e+01 6.812823332214446737e+01 8.219306173100009971e+01 7.370107973881758312e+01 9.379383834324929126e+01 1.053153197079336252e+02 9.678860150834515252e+01 9.987496330080199414e+01 7.965151233220656479e+01 5.878488884611622467e+01 6.800706084497238635e+01 8.015809490004292570e+01 1.012487899264346680e+02 1.045031496226056049e+02 8.732453084754801864e+01
9.209758235035296536e+01 7.528092859239642110e+01 7.299302103624727067e+01 7.564937528925790389e+01 9.601074358697326261e+01 9.572400711851230426e+01 7.752323947397124471e+01 8.167819367512797157e+01 1.018261930313715737e+02 1.125188765738997176e+02 1.041208425334746863e+02 1.125188765738997176e+02 1.149737998255932041e+02 1.064846605903688470e+02 9.168378353422008331e+01 7.141610083144749410e+01 5.983391766213971152e+01 7.403755466113126715e+01 9.432994313600673308e+01 9.536589531738138703e+01 7.848411552734879137e+01 5.904031294185884349e+01 7.855123042098156816e+01 8.798848799661679720e+01 9.643040283940652557e+01 8.516466356600724907e+01 1.022967841250031000e+02 1.181726317835949516e+02 9.737489848379289015e+01 8.238506218698942973e+01 7.018731395086068403e+01 6.093728282933705742e+01 8.185662921520005852e+01 9.422162215144358299e+01 1.047373315385449501e+02 1.022266367634236417e+02 8.182259010971206692e+01
7.373583801256525305e+01 6.387411325155784425e+01 6.163770409783884929e+01 8.146419793200277581e+01 9.526055056631423668e+01 8.751075413648176493e+01 6.762786336585841696e+01 8.751075413648176493e+01 1.010023970150984951e+02 1.024291183722015006e+02 8.398073024625574590e+01 1.024291183722015006e+02 1.140842780999414714e+02 1.137052201025975506e+02 1.001478112082684078e+02 8.418228085824124207e+01 6.403396240898236158e+01 7.558944780699250998e+01 9.592030909672564576e+01 9.292761701275945541e+01 7.286851714894370957e+01 6.177999712435529034e+01 8.134649030668860803e+01 9.437660572803723369e+01 1.043013913095401790e+02 1.055815103026576907e+02 1.141161989530792340e+02 1.156215623154890721e+02 1.051805982610627552e+02 8.888573750591646672e+01 6.779487992750513570e+01 8.185075097693624002e+01 6.454897545531422054e+01 7.499441386285015199e+01 9.615298088114991515e+01 1.106116101535972263e+02 9.376737021154531249e+01
9.209758235035296536e+01 7.486737018461845139e+01 5.514302077172693828e+01 6.646152301355992620e+01 8.656280144757461414e+01 8.177387653111176746e+01 6.198077506629954314e+01 7.283385332373799770e+01 9.273737811727140468e+01 8.508424641675573241e+01 7.400099348646865849e+01 8.553508403863138199e+01 1.056834521337041082e+02 1.052663367742495097e+02 8.482132963009865989e+01 7.472314739493062064e+01 7.004138913847947379e+01 9.028659583646241060e+01 1.043729510015342328e+02 1.014160971671594638e+02 8.134649030668569480e+01 6.848704088510031340e+01 6.636148405003973494e+01 7.602601872806830841e+01 9.011730475848598587e+01 1.101301698044447477e+02 1.217913814427579240e+02 1.010787943241312519e+02 8.609005637544977674e+01 7.544282516044989961e+01 8.888573750591646672e+01 8.833478512849765707e+01 6.724019990204708108e+01 8.834525997622192506e+01 1.047373315001165395e+02 1.116023720347344863e+02 9.126622439751358229e+01
8.950979856631280995e+01 7.083953103585815825e+01 5.114444621766133992e+01 7.083789574603125061e+01 7.719601684785655493e+01 7.009048081109591521e+01 5.676684412886668696e+01 7.648621817495532582e+01 8.508424641638671915e+01 6.518411925597935408e+01 8.508424641675510713e+01 9.169690538152629244e+01 1.000587888709887778e+02 1.137052201041230717e+02 1.034932226923585858e+02 9.504383320217392850e+01 8.165386821298319830e+01 8.165387185746496357e+01 1.020804733462442897e+02 1.100774597814701252e+02 9.602539921403128176e+01 7.579640144214565112e+01 7.144534151150325840e+01 7.361113494985687566e+01 8.775695905570512423e+01 1.082307680390176898e+02 1.217913814427579382e+02 1.010787943241312519e+02 8.609005637544977674e+01 9.661771350535481417e+01 9.541622363157382836e+01 7.420265385147567372e+01 7.063649719568337559e+01 8.289574259729795358e+01 1.040328662981545733e+02 1.126233392979160470e+02 9.229498948177101170e+01
8.119514841544288686e+01 6.705085852408483049e+01 4.734271433170608390e+01 6.236084925549891267e+01 6.405017246503432204e+01 5.041168798135882412e+01 6.827287181740618394e+01 7.038352037711399589e+01 7.254185974385003988e+01 5.996972307844870897e+01 7.781966096501483321e+01 7.207414151251373369e+01 9.169690538152642034e+01 1.045673630036161228e+02 1.129658923918010203e+02 1.105311711961978460e+02 1.020791210740865580e+02 9.342334411187427179e+01 1.105370253268327048e+02 1.105312187630594849e+02 9.001689202348711660e+01 9.602539921403128176e+01 7.683039095660262774e+01 8.016346068983743578e+01 9.375458780582054885e+01 1.142566503640234714e+02 1.217913814427579382e+02 1.010787943241312519e+02 1.071453706352598800e+02 1.031468687588266846e+02 8.197562515750789203e+01 9.541622363157382836e+01 7.427527535340182396e+01 9.552917048379751463e+01 1.125648665801679584e+02 1.209868419093429566e+02 1.048816643453540536e+02
6.533970807149538018e+01 6.345613309237333510e+01 4.364945348341113629e+01 4.262197320554617619e+01 4.444435694599073372e+01 4.651160553243300910e+01 4.859595945833894604e+01 5.071842629479136377e+01 5.287838961726764353e+01 5.532242980394411802e+01 6.016775666903553343e+01 7.782151598412504256e+01 8.966477561172375488e+01 8.440208405412988668e+01 1.045673630036161228e+02 1.101956953841138187e+02 1.142156678111750523e+02 1.139087804396948940e+02 1.223573865436928259e+02 1.190499104058405635e+02 1.105312187630594849e+02 1.030525589992649884e+02 8.256587766909549941e+01 8.919364590974808493e+01 9.677769615990274588e+01 1.173356520987158831e+02 1.301643303068466935e+02 1.217913814427579382e+02 1.120901528054514529e+02 9.111629258701810841e+01 9.704556592319580943e+01 9.934917905441128028e+01 7.808027146926124828e+01 9.047165457022117607e+01 1.114761030225332519e+02 1.208350916077585850e+02 1.005523406583190109e+02
4.559628222434529476e+01 5.759582852826380162e+01 4.006434125831893311e+01 5.984208109037081158e+01 5.581792852844490227e+01 6.621223428052886106e+01 6.246672643097034694e+01 6.456634153241635943e+01 6.671405252203253156e+01 7.043371689479356235e+01 5.869243066901019290e+01 6.120338277142459305e+01 7.016273360307398832e+01 8.873983051301532043e+01 9.224150569001886879e+01 9.000575756113634895e+01 9.403370313550075821e+01 1.075742975437139535e+02 1.159875498453788936e+02 1.261115822446236336e+02 1.149452192990696773e+02 9.434652742265053860e+01 9.275321994341919662e+01 1.097377572728617139e+02 1.059622254089153159e+02 1.258503037433764149e+02 1.358122004929658999e+02 1.153889862813218627e+02 1.033562746274530610e+02 1.033562746274530610e+02 1.178767168127178167e+02 1.035116347165962765e+02 8.228719207065022090e+01 1.035116347165962765e+02 1.199510712300847644e+02 1.291829996262663371e+02 1.139162811599742184e+02
5.549106129980270907e+01 3.779373600059230398e+01 4.483284841385663100e+01 6.457613408499057073e+01 7.558506489920385718e+01 8.391794555914518128e+01 8.229812088377252621e+01 8.442743243984524781e+01 8.661143098095978132e+01 8.868756578827040471e+01 8.717713824774062914e+01 8.129896061117661077e+01 6.543897573722797745e+01 6.861284126808664041e+01 7.212575438938360151e+01 7.578389304364931434e+01 7.979197747723543443e+01 8.740051192596629903e+01 9.747649439474670885e+01 1.176755002859288624e+02 1.234652999628718675e+02 1.062406472735261076e+02 1.073201318372835544e+02 1.218730121050074757e+02 1.265369475750422055e+02 1.350480486495104913e+02 1.441741744631179358e+02 1.324226705972190246e+02 1.240208522701558422e+02 1.180484744329651789e+02 1.225548217275871679e+02 1.018520972732490577e+02 8.679422270475761536e+01 1.079157848768814603e+02 1.252356094712323795e+02 1.354701424766015521e+02 1.191565387796388933e+02
3.567366819182702642e+01 5.549708552853208232e+01 6.457613408499057073e+01 5.729806761471284915e+01 7.125323573843890301e+01 9.121511246999673972e+01 9.512321385108066352e+01 8.679849356182889153e+01 9.490659660190250690e+01 9.276967254420642917e+01 1.008039895729830420e+02 9.396510522990254799e+01 8.559654292311665813e+01 7.682427372029259516e+01 9.224150569001886879e+01 9.000565962701304557e+01 9.994887647638893213e+01 8.740051184512851989e+01 1.075735792774113122e+02 1.261115822445181749e+02 1.353485525178577689e+02 1.268358858150337056e+02 1.279138698632525291e+02 1.254503333447349007e+02 1.168962245898778605e+02 1.254503333447349007e+02 1.288188427854162228e+02 1.202749023208337320e+02 1.288188427854162228e+02 1.384394478443154810e+02 1.247849187221690812e+02 1.041245335603428828e+02 9.640121507612560947e+01 9.596076273627981834e+01 1.065225117471369316e+02 1.270832954596402260e+02 1.259037909913038078e+02
4.970221916812602814e+01 4.970222067049974868e+01 6.948713815508666869e+01 7.709993406790214010e+01 8.540014622891541762e+01 9.234360344769078210e+01 8.414536640969610914e+01 6.708978768658047898e+01 7.980881023230280391e+01 7.429061932475764252e+01 9.038689559553657205e+01 1.027157586094353405e+02 1.053456249636887065e+02 9.696034870022491248e+01 9.325417878272304506e+01 1.101893216005981628e+02 1.139548266773516048e+02 9.377555058051193271e+01 1.075735792774112696e+02 1.278292317632075594e+02 1.267712799049926389e+02 1.182217555249596046e+02 1.197705014256660405e+02 1.150900311226628929e+02 9.614697351925815383e+01 1.150900311226628929e+02 1.184550778648799962e+02 9.950568896967861576e+01 1.145460991821272358e+02 1.231003784426641232e+02 1.331896828547568248e+02 1.172312675286232917e+02 1.112317530713890079e+02 1.081249993881743308e+02 1.168029036033886570e+02 1.354701424766015521e+02 1.342420465251448434e+02
6.948671507343460974e+01 6.948712451340954033e+01 7.776144035119041575e+01 9.535525830648003875e+01 9.133018393125669832e+01 8.108001512613616057e+01 6.466691658213518679e+01 5.753066151467010769e+01 6.048215341797252620e+01 6.346416081738880166e+01 7.450551053456071315e+01 9.438051801493919868e+01 1.037957439543710194e+02 1.128000868281461919e+02 1.134509137331616984e+02 1.218628476153802040e+02 1.210961187966185548e+02 1.008974944607479216e+02 1.210961187966185548e+02 1.328916872561993614e+02 1.121452708427928542e+02 9.747737124021249144e+01 9.902590260338813266e+01 9.979148835311357857e+01 8.592694128187814329e+01 1.065215990545679858e+02 1.082719534784032902e+02 8.923983706242721325e+01 9.385481372759655017e+01 1.084706337614485108e+02 1.292135701984589105e+02 1.376467044436989511e+02 1.317153766989305552e+02 1.286571412129794396e+02 1.370401842851871947e+02 1.455939623835499503e+02 1.443217866893797350e+02
6.564424671871101680e+01 6.965221085891900543e+01 7.754685193096621276e+01 7.558447914621952179e+01 7.558447914621952179e+01 6.350839267880872541e+01 5.343843421872655597e+01 6.718133828762910298e+01 7.980881023230280391e+01 8.290567709599690716e+01 6.822331552562053503e+01 7.548330411176895893e+01 8.432585451391071274e+01 9.593009272836958701e+01 1.101928887975665816e+02 1.303530300902822319e+02 1.295282909496765740e+02 1.125222265426226045e+02 1.295282909496765740e+02 1.263759566456291452e+02 1.055836046584472427e+02 9.364396001376641721e+01 8.453489362856618072e+01 7.933116146762407084e+01 7.879099623385232576e+01 9.924028797092540799e+01 8.768396924334443554e+01 8.096650323881171119e+01 9.539784690441001658e+01 1.160945852981933513e+02 1.253664310684963255e+02 1.338558089965835904e+02 1.405539270019598916e+02 1.345508289212859552e+02 1.405539270019598916e+02 1.426767168886574950e+02 1.342231737530839268e+02
4.496379725741453370e+01 5.341549626994961386e+01 6.777871063065791191e+01 7.397962019155723112e+01 5.600800233784563886e+01 4.947528803995601265e+01 6.923616838854381683e+01 8.111813635491581920e+01 9.505486549986608225e+01 9.622892612046643990e+01 7.944034601621719105e+01 7.443052007574060269e+01 9.437591132664739746e+01 1.073125391309424828e+02 1.136928681666117456e+02 1.220351531699072041e+02 1.310478611992688514e+02 1.328082734248874317e+02 1.412607398971252621e+02 1.349014555777095552e+02 1.229324930598498753e+02 1.136706456847776820e+02 1.051018549254388290e+02 9.277365412828410740e+01 7.243130600762786742e+01 8.743149179285606465e+01 7.335623418730541800e+01 8.502459082443100158e+01 1.055840724804162107e+02 1.219085811499416536e+02 1.045911969315405941e+02 1.219085811499416536e+02 1.198254237592961715e+02 1.137259612297611540e+02 1.198254237592961715e+02 1.307181884973042827e+02 1.133844242552563628e+02
5.110244202849171558e+01 4.601563388711638680e+01 5.904423457703760647e+01 6.250260656645139079e+01 4.576184613793421363e+01 6.579624072265140455e+01 6.099178802506533970e+01 7.216128084757023942e+01 9.188665052590192772e+01 1.078113330935666596e+02 9.946739290461496807e+01 8.847764281157103028e+01 8.160866598203026001e+01 8.714569570344207250e+01 9.351649619259106316e+01 1.025471759403980769e+02 1.168065316393358870e+02 1.369619690928588511e+02 1.386142867323241035e+02 1.245742674524036175e+02 1.126329009391070741e+02 1.040733569149427922e+02 9.630923336198102902e+01 8.950612413612519447e+01 8.743149148361149514e+01 6.715280412707292612e+01 8.743149179065714804e+01 1.022561253509533259e+02 1.141441249120389756e+02 1.133718440470474462e+02 9.266142368888561975e+01 1.133718440470474462e+02 1.198254237592961573e+02 9.892696866844764259e+01 1.198254237592961573e+02 1.221919161209379752e+02 1.012839023664074176e+02
