MOVIE_S3_data/elevation_000058.asc
nrows	100
cellsize	150.0
xllcorner	0
ncols	100
yllcorner	0
NODATA_value	-9999
[rows 0 to 16 of 100, columns 37 to 73 of 100]
9.488596867296836024e+01 1.031651666916248047e+02 1.042271244780036454e+02 1.124667730780891191e+02 1.225646636350442975e+02 1.144103580645997766e+02 1.225646636350701328e+02 1.078841577509359979e+02 9.993871353020719539e+01 9.992194975673858437e+01 1.020088654971671218e+02 1.100131724482257312e+02 1.039248343435175030e+02 1.039248343435175030e+02 1.121591139467753493e+02 1.185632106154267973e+02 1.104050950838967680e+02 1.078655665556892842e+02 1.160157220566186993e+02 1.118203517049464324e+02 1.060806215534823025e+02 1.082207418973750208e+02 1.163696642239015802e+02 1.181300159173227655e+02 1.099669700347985781e+02 1.181300159173227655e+02 1.269054823754672015e+02 1.382972355257302866e+02 1.288849235353886797e+02 1.190278104731921189e+02 1.108439941535065145e+02 1.038817036437410621e+02 1.089994109684084691e+02 1.016587195305269802e+02 1.098377924341636032e+02 1.131221329798487432e+02 1.049390777629226648e+02
7.461508541261309801e+01 8.995182159936625510e+01 8.403879754005099301e+01 1.042271244780036454e+02 1.128360686795418530e+02 9.504804177761131712e+01 1.128360686796704897e+02 9.837281114783355918e+01 8.197784114862325566e+01 8.110675446601516114e+01 8.315848904810239617e+01 9.839124471884179002e+01 8.462337551045841622e+01 8.462337551045841622e+01 1.039248343435175030e+02 1.104050950838967680e+02 9.098521186150253470e+01 8.847975661416450066e+01 1.047742112384647726e+02 9.239034893986269026e+01 8.671965235071650113e+01 8.883254931054824510e+01 1.066379091202790335e+02 1.008169032144578523e+02 9.055674714387973268e+01 9.915502083732003769e+01 1.103932530318428036e+02 1.300804006613481647e+02 1.206831907284313417e+02 1.010047975785817016e+02 9.115166282532268838e+01 8.413988542964379747e+01 8.927605771969861337e+01 8.189086560920937075e+01 9.842850733415730247e+01 1.049390777629226648e+02 8.518512601354231606e+01
6.284532573369034480e+01 6.964406309893988123e+01 8.140562817587007771e+01 1.016261389215176933e+02 1.047291999211055753e+02 8.548832762065124768e+01 9.510876377087839728e+01 8.923161815128146657e+01 7.261517767939426449e+01 6.740685273788498932e+01 8.661759757731893217e+01 9.027664191586843856e+01 7.128421485350439468e+01 9.027664191586843856e+01 1.034572418704854755e+02 1.104050950838967680e+02 9.098521186150254891e+01 7.740144665646759847e+01 8.845567609526501940e+01 9.239034836962774477e+01 7.312756999951236025e+01 8.937762426046926123e+01 8.728091801684541906e+01 8.154810540064138991e+01 1.008169032144578523e+02 1.122449462034882970e+02 1.209863059805202994e+02 1.323524758837783679e+02 1.288849235353886797e+02 1.190278104731921189e+02 1.089994109684084691e+02 8.927605771969861337e+01 7.523250531919615014e+01 7.040196366669869121e+01 8.426261893400891267e+01 8.964966253705610200e+01 8.145518000401720826e+01
7.520564576020852599e+01 8.640501055533670183e+01 9.652321967757787036e+01 1.098756044537049945e+02 1.061898765514310128e+02 9.510876377087839728e+01 7.584993517317701617e+01 7.019632832560468216e+01 6.512528141944497406e+01 6.036966990935049182e+01 7.477799236370017866e+01 7.730727886931832415e+01 6.520056996489121559e+01 7.620100209449066142e+01 9.529413395271713227e+01 1.114159915396838585e+02 9.197019652436350157e+01 8.845567600388594087e+01 6.915781688344269185e+01 8.175235995819420509e+01 6.664441891679712171e+01 7.009791689140371318e+01 7.371019698749729798e+01 7.905035827711274976e+01 8.480394914799741457e+01 9.334369923811763670e+01 1.045111592910171368e+02 1.241473399227458145e+02 1.175672233640290045e+02 1.094221237731039196e+02 1.072815109333020018e+02 1.032300459377006803e+02 9.505289413850802305e+01 8.426261893400891267e+01 6.441923949788548498e+01 7.865006366969363683e+01 6.162045741167029433e+01
5.767328283971860969e+01 6.790460254237940774e+01 8.821643231135590213e+01 1.005397490138274890e+02 8.676642982730416520e+01 1.005397490138633998e+02 9.510876377087839728e+01 8.954921883329846821e+01 8.450545995974906077e+01 7.477799236370017866e+01 5.531478002368896085e+01 5.809420428468155251e+01 7.730727886931832415e+01 9.232992857746245363e+01 1.016006856986553260e+02 9.349223889412904498e+01 9.197019652436350157e+01 7.263781505708377040e+01 6.394105520880881954e+01 6.237683410716104504e+01 8.175235538287890336e+01 8.937762270507866447e+01 9.295044944767340667e+01 9.828524799931020084e+01 1.041046188820868679e+02 1.005154600589286389e+02 1.200745442509493444e+02 1.146941029592136090e+02 1.065654559337814078e+02 8.980067616902073269e+01 8.765189853092290662e+01 8.860361520444446626e+01 8.417393300881327889e+01 8.004261229915096010e+01 7.618162042046181170e+01 5.882552890035917414e+01 7.862407839001633647e+01
7.806051742686754835e+01 8.640501055533670183e+01 9.652321967757715981e+01 9.185359964375771824e+01 7.307173290787909536e+01 8.584093167237821831e+01 9.391228098831992099e+01 9.590739722045276494e+01 7.647271689546559514e+01 7.138988198218328307e+01 5.191078834718113910e+01 6.996795586731637684e+01 7.698117155991113236e+01 9.542105237754063296e+01 9.349223889412904498e+01 7.414300235050328070e+01 7.981026252334871174e+01 7.535827353264924966e+01 5.889718671746427248e+01 7.830014202419226876e+01 6.888335134545836524e+01 8.818686426458609162e+01 1.013224655730356574e+02 1.081763021655103785e+02 1.163319119003594437e+02 1.200745442509493444e+02 1.178365676138198808e+02 9.831442952621016218e+01 8.695663771671411268e+01 7.992723403825695527e+01 7.362000475354983564e+01 6.879400455778414880e+01 6.436088602299483341e+01 6.023552902163699940e+01 5.636345523753698927e+01 7.618162042046296278e+01 8.684642539343978740e+01
7.635224484725705452e+01 9.658727101808460702e+01 9.750344702410446018e+01 7.810514300104638608e+01 6.436492645670874424e+01 6.642515477221130027e+01 8.269070870082911995e+01 7.821296570521379010e+01 7.330215376297729790e+01 5.701246096093357352e+01 4.929695197875729917e+01 6.358323684433415224e+01 8.375318121686281359e+01 8.885578823550645211e+01 9.178186314288976178e+01 7.980764156168417855e+01 6.042248273666288583e+01 5.594176375631082720e+01 7.535827353236329884e+01 7.475065514506161435e+01 8.818686426411316859e+01 7.595584690537366157e+01 8.203044552924521327e+01 8.879072483877692434e+01 9.990818772448346863e+01 1.194707565333501265e+02 1.259944060586703785e+02 1.146941029592136090e+02 1.065654559337814078e+02 9.963269176761009760e+01 9.340127889151757756e+01 8.860361520444446626e+01 8.417393300881327889e+01 7.445667055028398806e+01 5.464491057417136233e+01 6.865273631436038215e+01 8.846860729777229437e+01
8.095852309404052960e+01 8.925422804581597802e+01 9.805906282326409951e+01 7.865893048468637971e+01 6.492135632167091330e+01 5.515232849993214614e+01 6.813825807379065225e+01 5.875080108933080680e+01 6.184259475578372900e+01 4.571883066407726659e+01 6.523666319991234275e+01 7.684966103731190401e+01 7.510341926152672443e+01 6.293825658410104751e+01 7.899134391954302714e+01 6.866875189213995156e+01 5.305354746010979028e+01 7.247977861191138516e+01 8.340305047804417882e+01 9.409354748407800173e+01 1.021851964456778603e+02 9.522179317263571363e+01 9.165697486578818598e+01 1.081763021655103785e+02 1.163319119003594437e+02 1.276626055169563045e+02 1.219296127406013710e+02 1.105409803072526813e+02 1.023607976571563967e+02 9.538032593968279116e+01 8.912384059947370929e+01 9.730696277236752678e+01 8.690689788471826205e+01 6.709148509624851897e+01 5.309370948656291489e+01 7.289528512998063547e+01 7.984771202599239359e+01
6.056502019291803407e+01 8.095852309404052960e+01 9.673727319122728829e+01 9.240901323187306105e+01 7.786784610242534654e+01 5.840867110710857446e+01 4.862786171326995799e+01 4.491643694807831366e+01 4.228833194941464768e+01 6.184259475578372900e+01 6.722553973487919166e+01 5.910614843789429784e+01 5.893089178736771316e+01 5.055091045402130590e+01 7.086114351414117607e+01 7.055498901094843234e+01 5.111369834577958926e+01 7.055498901088613195e+01 7.836015872222151302e+01 9.775355725255978712e+01 9.755502221381676975e+01 1.056721305297454165e+02 1.110834156638395029e+02 1.192429344136993592e+02 1.171832099484050360e+02 1.089927101731517922e+02 1.137364059623042891e+02 9.403327441078575077e+01 8.261704210793035941e+01 7.559558211716860399e+01 6.931143972634616546e+01 8.135277762538146362e+01 8.954240170883925032e+01 7.135373455687212640e+01 5.156806719297532737e+01 7.135337180693663583e+01 6.001994754959613232e+01
5.631571318339015164e+01 6.818038324149087259e+01 8.848131034651018467e+01 9.729402881861398100e+01 7.786781851424069600e+01 6.457063059632845636e+01 6.813818147713631390e+01 5.949044294160793811e+01 3.989329479228045727e+01 5.677191907408460025e+01 5.688508042953775146e+01 3.880801884974260929e+01 4.082274589509674456e+01 6.062960444882921962e+01 6.314327083276673847e+01 6.603133532401002981e+01 4.919982179837659686e+01 5.895280058386328648e+01 7.836015872226460033e+01 8.531425427823872099e+01 7.820066872082469445e+01 9.185069023145369727e+01 1.113264978499165494e+02 1.144314946183052371e+02 1.057556862018745392e+02 8.919160774586737261e+01 1.057556862018745392e+02 1.105409803072526813e+02 1.023607976571563967e+02 9.278160264301807558e+01 7.298629704165712440e+01 6.152706422370011552e+01 7.492046681947746833e+01 6.982723934265652588e+01 5.006431825250498946e+01 5.406675880390785949e+01 7.386955368207217987e+01
6.724541739300045151e+01 7.407312336401955122e+01 8.246074885031957535e+01 9.261805602565829076e+01 9.208500669742834077e+01 8.401237598475867685e+01 7.847914564351415834e+01 5.934487732145958461e+01 5.589565989065995666e+01 3.711108638118690095e+01 3.610586421265519164e+01 5.685692326241692740e+01 6.062622112608482183e+01 4.328310981563222981e+01 4.492641431784117856e+01 4.655067625645718721e+01 6.593621027764962150e+01 7.439867135215028782e+01 7.867130593100931435e+01 6.594689815192046467e+01 8.531425427823872099e+01 1.025318108427322841e+02 1.122671393025976130e+02 1.062352680535494045e+02 8.642125083704098643e+01 7.770854656759321699e+01 9.756053835650783412e+01 9.874589361639303320e+01 1.069422008649642777e+02 1.009644243548195135e+02 8.892386782930877587e+01 6.912006820181498767e+01 5.511353649481678474e+01 6.840834252208406951e+01 4.867369789609622188e+01 5.560650882794460870e+01 7.541003407423657734e+01
4.663842686295831186e+01 5.359000545096213841e+01 6.388885289655929256e+01 8.425739383147978856e+01 9.764326035059993103e+01 7.700527794429036987e+01 6.295314399671524797e+01 5.160596290189593560e+01 4.272863790653569538e+01 3.515389230313307678e+01 5.332626738238924702e+01 6.045222299446724179e+01 7.085393308912610166e+01 5.462980632132722292e+01 6.442966257695506727e+01 6.569248067765589383e+01 5.129018296590091808e+01 5.497967873844954312e+01 5.924400234820953415e+01 7.867130593100932856e+01 7.509593627612662203e+01 8.473147221840061150e+01 1.041225471134790439e+02 1.015085969292215395e+02 8.167417959454593301e+01 7.027013989434770735e+01 8.257838849585284891e+01 7.894473093668129593e+01 9.450462252281494102e+01 1.026929615722952605e+02 8.937774437942782413e+01 7.956742137554998351e+01 6.882972691376512842e+01 4.933362479793477462e+01 4.732612016360287299e+01 6.702611772549697378e+01 6.703443473012941922e+01
6.376453237693292664e+01 7.407312336401955122e+01 8.246074885031957535e+01 9.261805602565418383e+01 9.080604447685436753e+01 8.261870301027173014e+01 7.992456307455260855e+01 6.799803325458867675e+01 5.636822499621386839e+01 5.183802320206893199e+01 3.345723903326023674e+01 5.412996561168493059e+01 7.466375537653867411e+01 7.429227055115320866e+01 8.210142044030247632e+01 7.751495571030945086e+01 6.104935249053236390e+01 7.443381445975965960e+01 6.875407699125850058e+01 8.673143364964228397e+01 8.873334695158698082e+01 1.025318108427322841e+02 1.122671393025976130e+02 1.097021395806362563e+02 9.658155013090404850e+01 7.677808871414487157e+01 6.291924640996291629e+01 8.052294383020023361e+01 7.473256095390846099e+01 9.450462252281494102e+01 8.098968965550666610e+01 6.162996109057163352e+01 5.259624075377919183e+01 4.547664449143252341e+01 6.340042062028238945e+01 5.711957880474741955e+01 6.593993089722894752e+01
5.579544687572202832e+01 7.155598725278289862e+01 7.933542498054153214e+01 9.019681986240286165e+01 8.261870300626684127e+01 6.289046629712968439e+01 6.866873305116605763e+01 6.803058122726409351e+01 4.960341947701171250e+01 4.642138823659438174e+01 3.226180500774567150e+01 5.271920852594792706e+01 5.459097913234483457e+01 6.563914623512606283e+01 7.302131244189925496e+01 8.099992858604845480e+01 7.476896531460781148e+01 8.872074062245218329e+01 8.245528229676342846e+01 9.623467773494111555e+01 1.081727274105086138e+02 1.085229587756491725e+02 1.166959907512086545e+02 1.037840773086309127e+02 9.387928897006371187e+01 7.828868515102978165e+01 5.868658109959066849e+01 6.088917220833249644e+01 7.250803777279536178e+01 9.222582958755002380e+01 8.937774433027257714e+01 7.956742084172661578e+01 6.387173877301886904e+01 4.427001296644455408e+01 6.387173877301906089e+01 7.684548130315864967e+01 8.503327425378054727e+01
4.480994556137361684e+01 5.211597252646084399e+01 6.359194428927703768e+01 8.243507226693202483e+01 8.261870303417077821e+01 6.289046629713087100e+01 4.894694862857184603e+01 5.880784084049774663e+01 5.113167890117097869e+01 3.056434944688808386e+01 4.762474363696141921e+01 3.552167378248815766e+01 4.029349093234012713e+01 4.566163618728425888e+01 5.323462352159992150e+01 6.464158944894352032e+01 8.477546702103843757e+01 1.019925787804888557e+02 1.018742389196228117e+02 1.028209344763592128e+02 9.467987234583978307e+01 8.894587820150981372e+01 1.085229587756491725e+02 9.558755209759117122e+01 7.576910530695771229e+01 6.596536960853214282e+01 5.910067209227344165e+01 5.295231787755744080e+01 6.824071910338010127e+01 7.640575535650960148e+01 9.087094113862212907e+01 7.109454104549290321e+01 6.263448881100227794e+01 4.307156270977652213e+01 5.684839437833448272e+01 7.660335646352048400e+01 8.941363032408948186e+01
6.468290413156655916e+01 7.155598725278289862e+01 7.933542498054153214e+01 7.984023749956722327e+01 7.165907651025970893e+01 7.275458465887669490e+01 5.303091040009819324e+01 3.902369521061608992e+01 5.073098680960599438e+01 4.730866906014374251e+01 2.885064944654056873e+01 4.888280686903281236e+01 6.011570116807269670e+01 6.196523441733707216e+01 6.290803162408921878e+01 8.157905246620535422e+01 9.365190398301433561e+01 1.030665388377782818e+02 1.009493212783755212e+02 9.467987234583978307e+01 7.523388218907784619e+01 8.780467659247321421e+01 1.073616881669199898e+02 1.037840773086309127e+02 9.387928897006371187e+01 8.567832870227445596e+01 7.870876226883690663e+01 6.824071910338010127e+01 4.872921350997955869e+01 6.421580282027407804e+01 7.236871681537439827e+01 6.790072225120438532e+01 5.139694090829287632e+01 4.187782455516572355e+01 6.140941085807315858e+01 6.144719521672409002e+01 7.133970557285336156e+01
7.442957737347563807e+01 8.599613459819235572e+01 7.984018890273466695e+01 6.844398434380579488e+01 5.192523228836927274e+01 6.844398434380579488e+01 6.470242836194941560e+01 4.494384093985372175e+01 3.074795456367318991e+01 2.715049612771379728e+01 4.503347630057151463e+01 4.623854535509983066e+01 6.725274757034200945e+01 8.354824537068402890e+01 8.441833392469591502e+01 9.518152336906837263e+01 1.030665388377782818e+02 8.362792437465245143e+01 8.150332622735018617e+01 8.780467659247320000e+01 6.837951420112301548e+01 8.780467659247320000e+01 1.012570386851881068e+02 9.950752486868988456e+01 8.962350556541990443e+01 8.143531587307607822e+01 8.962350556541989022e+01 7.640575535650960148e+01 6.421580282027407804e+01 4.478934284017690004e+01 6.040596056954509407e+01 5.805860444206982862e+01 4.021557030054304960e+01 5.968806133158713578e+01 5.010692564295792550e+01 6.401521655553645473e+01 8.379798214455192351e+01
