MOVIE_S3_data/elevation_000863.asc
nrows	100
cellsize	150.0
xllcorner	0
ncols	100
yllcorner	0
NODATA_value	-9999
[rows 34 to 50 of 100, columns 0 to 36 of 100]
6.278687791629389281e-01 1.913386445003494885e+01 2.618825582622292814e+01 3.126252033022845467e+01 1.884365629868955594e+01 2.458259777524851586e+01 4.388615760320514170e+01 5.043540728672026319e+01 4.217899050670248329e+01 2.669876203528749414e+01 3.004062926289812552e+01 4.995676262422656322e+01 5.358585517207608717e+01 6.455678857398945070e+01 7.159763471344643904e+01 7.974256291120360629e+01 8.802505847854604326e+01 9.054490919159827911e+01 8.215744991662469943e+01 9.054490919159843543e+01 8.960850202937947984e+01 7.275633401162654934e+01 8.960850202937947984e+01 7.884046665503655049e+01 9.308021903834661259e+01 9.235785412718655607e+01 1.006751896425743382e+02 9.102391241402116862e+01 7.242039655957064781e+01 9.102391241402116862e+01 8.549007467596247523e+01 6.680758669112368864e+01 7.326704500939798947e+01 9.371111320998117833e+01 9.947344215664585931e+01 8.215683293699639478e+01 9.947344215664585931e+01
5.760807145981240440e-01 1.531019595504069564e+01 3.687211291071564290e+01 4.632153131156509573e+01 3.834906415452489625e+01 4.388615760320514170e+01 3.380061034282203281e+01 5.273430191851105775e+01 5.489336541420055937e+01 4.080636197523411113e+01 4.995676263735391842e+01 3.537835238036128516e+01 3.953320710881155264e+01 4.466608924679175630e+01 5.168311450380036831e+01 5.979164482517985135e+01 7.388779936770518475e+01 9.387721240304335879e+01 8.893528914206648039e+01 8.060363920680246963e+01 8.893528912704515221e+01 9.289053536919607268e+01 1.012347781292429971e+02 9.898731370857869649e+01 9.437343029069948841e+01 9.703972799025179086e+01 9.698092404150678192e+01 7.661932758927089537e+01 6.241844022607796916e+01 7.356519061646665136e+01 7.702345081022205875e+01 5.677803842585475991e+01 7.702345081022205875e+01 8.836017109787685797e+01 7.978449111335595489e+01 7.003775369730951184e+01 9.097267837128708834e+01
7.930105716671143057e-02 2.007930105716635438e+01 3.303338395869901234e+01 4.131765520883804044e+01 5.026192712450635014e+01 6.063238161976119756e+01 4.721917633441110951e+01 4.710474597549977460e+01 6.549536977968674023e+01 6.071479523004401813e+01 5.527413391527394282e+01 4.944195533287118849e+01 5.358585517207675508e+01 5.576400975686194528e+01 5.722929372297769390e+01 7.716564289878181171e+01 8.802505847854604326e+01 8.819775092619781276e+01 7.889545423512977607e+01 6.053834783981449874e+01 7.889545423512977607e+01 8.126750084047327505e+01 8.959746197796586387e+01 8.848635820056665580e+01 7.425739082458220253e+01 7.691854910519624866e+01 9.114729693748550687e+01 9.102391241402116862e+01 7.356519061646665136e+01 5.364103557683010592e+01 6.575029405193167520e+01 5.092484218995831213e+01 6.887422169386253756e+01 7.286107026105770501e+01 5.900907500080811730e+01 6.624485612541059254e+01 7.560882382293345927e+01
6.786017468061785740e-01 6.708828638361477026e+00 1.303338395869829114e+01 2.197765586869760668e+01 3.611979149242905862e+01 5.611979149245242837e+01 6.604899290182997618e+01 6.453420981508017462e+01 7.333239192282067620e+01 6.800546648533259031e+01 7.520155431522834988e+01 6.935425860705876744e+01 7.350839535335032338e+01 6.984382232639200083e+01 7.716564289878179750e+01 7.716564289878179750e+01 9.715073435864476892e+01 7.986975427629000990e+01 5.980282197762409879e+01 5.052926530733849120e+01 7.057099352329225894e+01 6.119630482612995337e+01 7.800273812353169944e+01 7.844290555651727459e+01 6.008550187610882887e+01 6.273941419689270305e+01 8.281190595516144981e+01 8.974750188055871547e+01 7.808813162115289686e+01 6.575029405190757359e+01 4.616473522325514978e+01 4.547358093732024287e+01 4.883248294228790343e+01 5.242171615185834810e+01 7.286107026105750606e+01 8.718538116840873897e+01 9.552074493621420004e+01
1.053273305859350195e-01 2.010532733058558108e+01 3.303338395869901234e+01 4.131765520883804044e+01 5.026192712475219082e+01 5.383047972520537172e+01 6.213696955619789009e+01 7.206885332612857553e+01 6.211745578931001432e+01 4.789472395874921062e+01 6.211745578931001432e+01 7.323745616887646293e+01 8.329567633824443362e+01 8.981387544640314502e+01 8.150370044289584825e+01 7.317673195103334649e+01 8.150370044293599392e+01 7.627122117568664805e+01 6.348517247823863840e+01 4.345322270532876274e+01 5.810741667122083243e+01 4.963614394426092957e+01 6.967939041863446903e+01 7.011694750094399353e+01 5.007718342825391744e+01 7.011694750094399353e+01 8.409081994089950740e+01 8.130090345309410793e+01 6.118799402283303124e+01 4.993752752058558997e+01 4.149733412003420341e+01 6.067446321141152055e+01 6.791443433946032826e+01 6.928739497057510732e+01 6.397311754108425674e+01 7.569782830750644109e+01 9.574963538823456588e+01
6.652624653148981881e-01 1.066526336156160859e+01 2.480760003773110967e+01 4.481459896252891184e+01 5.058613126139518812e+01 3.384330963252843105e+01 5.058613126139518812e+01 4.904534038704099430e+01 5.311183151449804996e+01 3.363917132920215636e+01 4.477552483142419959e+01 5.484673358453504477e+01 6.494711863781471095e+01 7.328586140469374755e+01 7.144342213104086170e+01 5.304893638319619953e+01 7.144342213104086170e+01 6.794899800670708601e+01 4.790962060810966250e+01 3.792568408517313117e+01 3.810299551941877638e+01 5.810741667087414442e+01 7.131666679508659001e+01 6.455889520704410245e+01 4.452556246093216430e+01 5.570563308083701060e+01 7.576335411807669118e+01 7.495441621487674411e+01 6.677462447544789370e+01 5.862168874020105847e+01 3.919211037244247109e+01 4.577600154896672535e+01 5.264249636060292659e+01 6.996575383651455127e+01 8.409368019363203928e+01 9.245174302845543934e+01 1.042216773859646253e+02
8.924248754756384239e-01 2.089242487547528171e+01 3.893887775673213980e+01 4.049906374962903755e+01 3.218861118227083296e+01 2.208634069560121560e+01 4.229088169185947521e+01 3.357372138880012358e+01 3.686610921346491665e+01 2.461039254287926070e+01 3.470431607831335441e+01 5.484673358453504477e+01 4.491182805819444468e+01 6.170221079742078274e+01 6.311283416711475525e+01 4.305242244193510004e+01 6.311283416711475525e+01 7.627122117568664805e+01 6.624388047206319641e+01 5.143927627701058469e+01 3.149998640531844174e+01 4.297747759657440980e+01 6.299830825849938520e+01 5.938629346996836489e+01 3.937277200619035256e+01 5.351322144497955691e+01 7.356514360549043374e+01 6.677462447544802160e+01 4.745198873648894988e+01 5.311145771403145233e+01 3.701248356370939518e+01 4.837122886537481747e+01 6.790107950615542620e+01 6.360430800406583529e+01 7.567696349996049321e+01 9.357566426578111418e+01 9.895240547945196852e+01
8.870506738290029336e-01 1.506382590276147226e+01 3.536859192749967207e+01 3.209443662583937851e+01 1.165415643226999087e+01 3.209664615972164370e+01 5.058613124622927160e+01 3.686610921345988601e+01 1.695009804072789450e+01 3.096407633199769549e+01 5.111487704147497624e+01 5.337973822787933642e+01 3.348821469611512214e+01 5.337973822787933642e+01 5.642603025872152500e+01 3.639873064244434886e+01 5.642603025872152500e+01 6.999438407925654815e+01 6.211501114543604274e+01 4.210852827885199900e+01 2.798366701871696449e+01 4.796829144243697129e+01 5.623991430225193255e+01 5.511938666074239990e+01 3.514222489248341219e+01 5.511938666074239990e+01 6.933921596806152365e+01 5.837769319395550838e+01 5.030423965312363777e+01 3.396896182236033468e+01 4.249149136973961305e+01 6.170370673889920710e+01 7.701477638579696361e+01 8.087630349662498475e+01 8.856544682795208701e+01 9.412880221606859266e+01 1.018272773138455847e+02
9.587146228554132010e-01 2.078168111618430558e+01 2.167075298560642338e+01 2.227404124705385868e+01 6.823699038003756989e+00 2.642105777297009439e+01 3.849999051548429918e+01 3.250109881701627046e+01 1.300797900937152640e+01 3.250119862716471175e+01 5.086156078277679882e+01 4.586144901775012528e+01 2.602876134403650710e+01 4.586144901775012528e+01 5.064464684642205583e+01 3.053187826652980874e+01 4.158273438409896983e+01 6.167254509172369836e+01 5.882596562162373033e+01 3.882456474070233554e+01 2.448907070492289861e+01 4.468283942549364696e+01 3.620011768427915655e+01 4.568769674111128865e+01 3.114970679658140185e+01 5.112394631714614235e+01 5.563555693468006069e+01 4.192792180014295411e+01 3.108509390792200122e+01 4.465573146835007634e+01 6.120278640899603317e+01 5.811700633939619820e+01 7.766729580833057867e+01 8.703209456432034585e+01 9.063112987684110067e+01 7.350742611023522954e+01 9.063112987684110067e+01
4.749594815986911134e-01 1.074180999836432893e+00 1.673671657303541949e+00 2.273971945212530876e+00 2.875085507834495679e+00 2.287866059715726053e+01 1.848448829918902803e+01 2.495278109249441556e+01 9.286568112530273922e+00 2.268902379790812063e+01 3.956636751585319445e+01 3.122772350035536348e+01 1.910697568366924060e+01 3.958980250027193648e+01 4.526928333744317712e+01 2.499140496672815814e+01 4.526928333746285205e+01 4.688594891298648548e+01 4.757978270761765316e+01 4.152756141388205435e+01 2.115790136706826630e+01 3.713577613284341083e+01 2.172670323647176716e+01 2.554309626945775591e+01 4.567568005084979887e+01 5.296583506732680746e+01 4.491458172642902724e+01 2.826125858947741420e+01 4.423239802475583105e+01 5.837768814567424869e+01 7.210285001587612896e+01 7.766729580833057867e+01 8.075340472211271958e+01 6.599893131806776125e+01 7.101950252990479839e+01 6.118981563433187887e+01 8.227744494332760894e+01
5.246131949027718067e-01 2.052414986642246930e+01 2.167707351063848620e+01 2.227709268956862232e+01 2.167826938166163941e+01 3.732200916239530208e+00 4.339970268774839823e+00 4.949758908936977342e+00 5.560480299705488960e+00 2.556670547642332991e+01 2.707388469831297684e+01 9.442785460414247822e+00 2.530000876644846741e+01 4.553849252528777924e+01 4.073501188971346920e+01 2.054557892566122490e+01 3.484757005608383906e+01 2.686743827636312432e+01 2.755737470838287351e+01 3.411199760585712681e+01 3.480142402274845637e+01 1.716649897689573834e+01 3.713574351709648624e+01 4.568769674111105417e+01 5.035863442784043542e+01 4.230394783506804401e+01 2.550321883677585788e+01 4.491458172642902724e+01 5.563555910938201521e+01 6.800635858660058375e+01 6.357149781655024157e+01 7.226837228700239280e+01 7.021763609480522916e+01 5.095739893059480607e+01 4.971973124966072533e+01 7.101950252990479839e+01 7.420365435496898954e+01
4.470077517107070575e-01 1.458914894517724647e+01 3.459024008253017257e+01 3.790291100528656898e+01 1.789660093468244639e+01 2.373547695067476226e+01 1.434180644750191114e+01 2.495319965953662233e+01 1.989372686518080258e+01 6.436735363105162477e+00 7.062787195073847890e+00 7.693877369914439157e+00 2.769877013348427042e+01 3.676047571143647019e+01 4.819510454983024772e+01 3.437964182625510290e+01 1.523431356493778210e+01 1.273286906452219469e+01 1.342368870397007186e+01 1.411491915536806552e+01 1.480684592681092759e+01 1.553593746317033641e+01 3.550545816832709534e+01 4.394535110303800707e+01 4.224133666559079359e+01 2.280404909076641218e+01 4.230394783506789480e+01 5.297343751991770944e+01 5.688392917644019064e+01 4.495277741107378944e+01 4.195203956639866050e+01 6.343219336496253646e+01 6.155775008513468549e+01 4.046607078123526691e+01 6.155839790046412929e+01 7.475973924734928744e+01 6.612087913450181986e+01
2.599182575669619633e-01 1.440205388129778719e+01 3.440205388129707842e+01 4.627772342742434120e+01 3.796767721945647622e+01 3.433564424396945469e+01 3.434155031385559198e+01 3.303122353847537340e+01 1.309144903405608140e+01 2.058253862542082402e+01 1.706591668957972630e+01 2.769802435896341208e+01 8.592198095265528579e+00 2.851154423319471576e+01 3.009493720967742902e+01 3.079351027095952276e+01 1.175615712452834671e+01 3.175597447409776564e+01 3.341950260398001404e+01 2.826124909756835990e+01 2.895046457826550323e+01 3.526775293249701804e+01 1.656729696180472189e+01 3.572065786480893479e+01 3.778526857859277044e+01 2.094268590767104854e+01 3.979280913345893111e+01 4.107332486864991239e+01 4.158990367341468897e+01 2.805462507229085034e+01 4.277623807987085769e+01 5.957766794629502982e+01 5.660579337323739679e+01 3.569426859701660248e+01 5.545056956017916860e+01 5.807789331649832576e+01 6.590839299341246260e+01
3.519420047721200095e-01 2.035194200477176452e+01 3.681671353688402348e+01 4.511661154007975227e+01 5.512126364198789474e+01 5.428239438998246413e+01 4.032406341128896798e+01 2.035232036672532629e+01 3.302398358812784807e+01 4.057249820916673855e+01 2.861450750537836996e+01 3.532627397844665751e+01 1.304715529154736231e+01 9.490866404920963006e+00 1.014211370135663692e+01 1.079565267393628325e+01 3.074410572971861910e+01 3.173901313654253897e+01 5.162134661335954178e+01 4.847388339131162383e+01 4.887051813977256387e+01 3.069251154687620087e+01 3.630938864540969035e+01 1.760127324972300045e+01 1.833334161391610095e+01 1.913240234573032339e+01 1.993749828273320901e+01 2.074691374518502585e+01 2.158041671567179165e+01 2.241894172018205111e+01 2.971889105044607149e+01 5.092255921425869758e+01 4.709845895730109078e+01 3.132069403220501869e+01 3.980065693607015476e+01 4.923364534452680630e+01 4.452459093013552405e+01
2.695761837762450375e-01 2.026957618377588943e+01 1.681252514062777692e+01 2.681258732751852847e+01 4.682629379435388728e+01 6.006068214408757910e+01 3.999902147713149247e+01 2.586095460717508843e+01 4.587494584461950353e+01 5.684915577308727563e+01 4.860651942856875252e+01 3.366420212731700445e+01 1.357057316511042799e+01 2.950330387692070389e+01 2.596088511273465471e+01 2.625579144484766303e+01 1.436298067918479759e+01 3.437538655643307806e+01 4.629972558632655932e+01 5.772249120801039624e+01 5.916195069036782428e+01 4.487716862727622669e+01 4.649159417757838497e+01 2.917168496143125012e+01 3.855246539985124343e+01 2.673845066236349766e+01 4.001025740744758252e+01 2.453205101945829725e+01 4.172024837472276459e+01 4.260566157503041751e+01 2.362306431720309519e+01 4.381253798863232163e+01 2.615122099744875683e+01 2.708545175507506286e+01 2.804592772998615047e+01 2.901040428645303848e+01 2.997969908669058725e+01
4.879649418637075353e-01 6.812520262800618731e+00 2.681340223059687844e+01 4.511661154007975227e+01 5.515452650158195524e+01 6.593653014008818047e+01 4.587494584461950353e+01 3.339723069510440467e+01 5.345672023885872193e+01 5.873472734624441927e+01 3.853569590722835159e+01 2.430850679673575243e+01 1.686855899081235322e+01 3.702297842258818861e+01 4.645935076797763230e+01 3.363881689905679195e+01 3.437540232490238168e+01 1.807603289881637920e+01 2.962926029276624007e+01 4.952018045488868836e+01 6.557071492227251497e+01 6.513576744105837690e+01 5.957664672316219878e+01 5.021974624931220177e+01 3.988217644771586379e+01 4.764759231104048354e+01 4.849141613700175668e+01 2.839392949883768935e+01 4.847369017759199750e+01 5.189876824921471865e+01 4.257350758583262262e+01 2.483315654373656400e+01 4.350946287245785271e+01 4.719173519685164564e+01 4.826241103268642263e+01 3.903594905543698701e+01 4.986351972652747122e+01
9.938951651180888414e-01 2.099389516511773479e+01 3.269161298812533545e+01 3.976183396240568158e+01 4.803635292613365948e+01 5.802345590120953034e+01 6.176759639279492831e+01 4.497574585755105403e+01 6.176759639279492831e+01 5.849199990798651072e+01 3.852202642886116024e+01 4.337568928970408422e+01 2.328665363374591379e+01 2.273024767002316793e+01 4.282336046052238032e+01 5.307390395939138017e+01 4.256871739362935614e+01 2.255064191067745938e+01 2.300287145120062249e+01 3.715605981780113609e+01 5.659619426869868875e+01 6.817358951763687003e+01 7.816655426448969024e+01 5.715547917791779042e+01 6.101108329468799951e+01 5.518879021971115151e+01 3.510587902277281813e+01 4.849448648739840451e+01 4.121353137781159859e+01 6.123863295152556674e+01 5.303605612535258018e+01 4.503817650438240605e+01 2.797220162062983562e+01 4.817311841126873873e+01 5.614266932041054048e+01 5.939498540749988109e+01 6.663435107443569905e+01
