MOVIE_S3_data/elevation_000274.asc
nrows	100
cellsize	150.0
xllcorner	0
ncols	100
yllcorner	0
NODATA_value	-9999
[rows 68 to 84 of 100, columns 37 to 73 of 100]
1.052751527968939911e+02 8.692749188128460958e+01 1.052751527968940053e+02 1.192209230918599019e+02 1.093373189287040788e+02 1.011953696470796586e+02 8.893235861386484942e+01 7.465039729372068678e+01 8.804208925965977528e+01 8.346017126620340321e+01 9.689433904756205607e+01 1.051152231714874858e+02 1.049480297404277849e+02 9.498120716247647977e+01 8.044557904744969790e+01 6.056387113158943691e+01 7.374608946218353367e+01 5.553051653367580798e+01 6.931830381201457669e+01 8.290420572540224953e+01 8.060364724096193356e+01 6.467623881480488990e+01 8.477443202594444926e+01 9.781928428550276067e+01 1.121909252525164362e+02 1.209434836713789849e+02 1.106720971672358047e+02 9.699855328508469654e+01 9.955314502636151985e+01 7.918125887861542367e+01 8.512511590414113982e+01 8.599152702364992251e+01 6.669601982807333229e+01 6.753977949826712290e+01 8.785747483138530356e+01 8.968028381524420922e+01 8.416269141042288027e+01
9.444741163707332987e+01 7.691202371482529543e+01 9.542017092660643129e+01 1.037414883854072514e+02 1.153288049664270005e+02 1.167590983901082922e+02 9.988620185999818091e+01 7.987915508191827030e+01 9.413669068304740506e+01 1.033648779829272684e+02 1.114156513436276299e+02 1.108062912587802060e+02 9.099161654477897798e+01 7.675759841258812344e+01 6.675658518915511763e+01 8.044557904744969790e+01 8.241150856415384851e+01 5.748059268530753485e+01 5.616056190240800561e+01 6.967822193122303531e+01 6.061088387105463227e+01 8.060364724096193356e+01 9.316810401805939534e+01 1.013116427798454140e+02 1.041164361691131148e+02 1.010335892232524202e+02 1.026837148952341039e+02 8.273163158881523316e+01 8.997062492583138749e+01 8.228677329881034552e+01 6.481248014572511806e+01 6.554324274898385738e+01 7.051221852201690865e+01 8.689178420393496083e+01 9.609559078652625885e+01 1.060923019662980238e+02 1.044053370233867213e+02
7.439696490659090955e+01 6.932321727060140404e+01 7.538015254668835041e+01 8.694579054889737790e+01 1.069963897989996724e+02 1.137667497202941433e+02 9.413669068304740506e+01 8.756578387038130984e+01 1.073404023497639059e+02 1.217724711511753810e+02 1.225582450902944629e+02 1.127277921839554011e+02 9.464651541670652080e+01 7.458157786295869585e+01 8.677639940704641219e+01 9.409103529803650190e+01 8.081633674570298354e+01 6.073690270715336936e+01 7.524042367580413782e+01 5.678529847517025075e+01 7.590257373286867448e+01 8.781982521425808841e+01 9.667191063255739891e+01 8.447452997099647121e+01 8.357832839012878878e+01 8.607067751183244297e+01 1.042922997336603430e+02 9.006490768214273146e+01 6.980403770569655819e+01 6.378228213987481610e+01 8.380536212226265036e+01 8.487129549723995581e+01 6.787505230794285183e+01 8.792871305819372196e+01 9.216116714096482099e+01 8.781639369414025964e+01 1.016665841578426921e+02
6.277701724138499628e+01 8.287128720403963200e+01 9.542017092612559281e+01 8.954545726119725657e+01 1.096029843250624509e+02 1.217724708109725782e+02 1.137667497202955360e+02 1.016425392336134621e+02 1.037940061628034130e+02 1.231200558074901608e+02 1.144776166457390190e+02 9.475352544146483069e+01 8.467745978981110966e+01 8.883055772602907041e+01 1.028105020587373559e+02 8.611308758907161121e+01 6.625765262620240037e+01 8.045413406493595687e+01 6.560619324436909494e+01 5.723179636783185487e+01 7.699419142436673269e+01 7.824555215511607287e+01 8.205903828523354093e+01 7.279626185241603764e+01 6.838001652259835339e+01 8.131730947635429629e+01 8.341638185040561382e+01 7.637764866081084847e+01 6.275123578067506003e+01 8.293574732547365613e+01 9.192574349660947064e+01 8.197588301652150733e+01 8.792872973264542225e+01 7.026172705101242855e+01 7.198886467006947498e+01 7.373561763463006002e+01 9.398028681980314047e+01
6.858699107439312570e+01 8.278509670133095710e+01 1.028410739531141473e+02 1.096029843252755853e+02 1.179375191389738404e+02 1.110163550924082188e+02 1.198109911317066150e+02 1.207334610584064052e+02 1.231200558074901608e+02 1.176698807801839308e+02 1.225582450902944629e+02 1.127277921839554011e+02 1.046155710436018893e+02 1.086874793517281717e+02 1.034648568825643622e+02 8.999611962097849016e+01 7.032250101183620927e+01 8.958234693777571067e+01 8.199224628840622131e+01 6.322636843887906366e+01 5.786464623641825966e+01 6.006591447898539826e+01 7.044710343005263553e+01 7.456693120626275118e+01 6.002779250614874940e+01 6.049957245549504137e+01 6.098437696358832483e+01 6.171940676043568175e+01 8.188045267103542812e+01 9.117895951901961382e+01 1.087581073329181152e+02 9.587983836524840342e+01 9.854477753722103728e+01 7.922479180990708869e+01 8.630627076561447097e+01 9.398028681980314047e+01 7.627967081215020073e+01
6.597120135801509377e+01 8.605014946967854428e+01 1.050900292142912491e+02 1.166807457794367338e+02 1.074148791402799503e+02 8.999212472053015688e+01 1.074148791402799503e+02 1.173557939448339056e+02 1.089857736898754581e+02 9.749279098794693255e+01 1.117691268111891247e+02 1.218685100855706196e+02 1.145128934077438458e+02 9.553240793275300291e+01 8.420470446577284918e+01 7.664913969212595646e+01 8.990275179742498324e+01 9.781585434878527963e+01 9.295186821180215020e+01 8.111390646365455837e+01 6.306433469573721595e+01 5.849522738842431124e+01 5.894010815413356852e+01 5.938275197489897295e+01 7.238628008373474643e+01 7.862266957012357693e+01 6.918753029844329205e+01 6.187220688220309484e+01 8.557882614008084943e+01 9.925072804530448423e+01 1.070393490275151436e+02 1.142782233226754869e+02 1.075135263941916861e+02 9.102937519406074784e+01 1.062963669019842854e+02 1.035733050782834397e+02 8.448239694943606537e+01
8.605014946967854428e+01 7.671774619944739015e+01 8.828940444160583922e+01 1.083472368372247985e+02 9.872033791239874745e+01 7.818030889380396786e+01 9.872033791239874745e+01 1.056858710625254218e+02 8.877043754554829036e+01 8.315663265637682855e+01 9.327957820993009364e+01 1.105188810644132644e+02 1.225614173434779417e+02 1.115268704586177648e+02 1.035309981291381831e+02 9.371506487875261371e+01 8.540086360929146281e+01 1.040921550587215876e+02 9.986942744717741505e+01 7.980695115665390915e+01 6.524069805125722610e+01 8.497928510569180105e+01 8.227136781046225167e+01 6.310984805494842220e+01 8.217780588190625224e+01 8.241681375854805935e+01 7.985462222773055885e+01 6.246108398357202418e+01 7.966643548133976083e+01 7.985890979307733062e+01 9.208435110002183421e+01 1.105749814866489942e+02 1.189059215776461400e+02 1.108546087207987796e+02 1.171239463740738671e+02 9.811162025508923534e+01 1.036802016489361620e+02
8.458556909067867480e+01 9.676684190425372378e+01 1.050900292142912491e+02 1.040680413441916983e+02 9.134382715100350936e+01 7.099124439568549860e+01 9.134382715100350936e+01 9.731444392518939424e+01 7.702082495999390233e+01 7.295581445518033092e+01 8.187861370552985818e+01 1.021469218715340048e+02 1.068103363812919895e+02 1.153098999275898251e+02 1.202860610645361277e+02 1.054782975440791688e+02 9.270353444025826661e+01 1.108227908823042753e+02 1.018796049529623247e+02 8.196314261338734752e+01 7.038558143854608318e+01 9.045643817177487733e+01 9.402930526347370233e+01 7.150784324231773326e+01 9.378633273890689281e+01 9.737041242987423573e+01 8.988756930182722726e+01 8.222442793659047311e+01 6.327956725145008932e+01 7.313804512842307304e+01 9.251573905610918303e+01 1.085022327944917606e+02 1.084979545366506954e+02 1.277388803176105796e+02 1.251953033329526335e+02 1.171239463740738671e+02 1.070319214272633275e+02
7.871047090570745297e+01 9.876931765126332152e+01 1.040680413441915988e+02 8.378571726835620836e+01 8.519458697384688151e+01 6.489087216530903390e+01 8.519458697384698098e+01 9.993672484902558040e+01 7.965858910245204072e+01 6.527484188372403651e+01 8.559791755280204484e+01 1.017660381194194912e+02 8.609209796197760056e+01 1.033817822240169875e+02 1.197925385557203128e+02 1.177811567398505588e+02 1.032352028186072914e+02 1.177811567398505588e+02 1.100237600647492116e+02 9.562318107284913538e+01 7.561247216597654131e+01 9.562318107284876589e+01 1.030157460891284984e+02 8.547749128352131720e+01 1.030157460680072177e+02 9.996756940222276455e+01 9.171974463895141128e+01 8.449575503938686438e+01 6.389265469706224820e+01 7.664886092777332749e+01 9.251920600997269162e+01 8.913991055396505203e+01 1.085022327927621433e+02 1.128300826557489529e+02 1.208696638806438699e+02 1.268485334989570390e+02 1.263790029888348698e+02
9.876931716653587046e+01 1.070953694582142077e+02 1.049144695136211283e+02 8.750759308300362704e+01 6.724228770498093866e+01 5.951243436034131662e+01 7.975949285041204462e+01 9.540239585039488190e+01 7.511004885252280872e+01 6.077261507529492945e+01 7.297517373750622482e+01 8.366817917052827625e+01 7.415364656967270207e+01 8.914396054880819520e+01 1.076413628170698615e+02 1.197721287187215466e+02 1.190148817962250405e+02 1.255929162353466211e+02 1.117345481340931741e+02 9.200223624678775991e+01 8.234958491097090416e+01 1.022599787381733876e+02 1.151153521034190987e+02 1.068655315359343660e+02 1.065568890112643317e+02 9.173214711967419532e+01 7.082616358530530931e+01 6.722391370878287375e+01 6.455941323943910959e+01 8.440545548360421435e+01 7.683561953453992999e+01 9.226831281105098981e+01 9.664814294924988758e+01 9.301133498872718519e+01 1.074057843323231936e+02 1.074057843323231936e+02 1.223819385239832087e+02
9.151842906033610348e+01 9.986159494358865629e+01 9.651950876253832234e+01 7.624840121489094713e+01 6.456012325515116856e+01 5.449495675334232914e+01 7.469068858832275737e+01 8.033501787918910964e+01 7.682467457110429621e+01 5.658714378766309494e+01 5.862845873076478398e+01 6.324455314178937471e+01 7.000753374482184199e+01 7.788391121238136350e+01 9.025564126767025641e+01 1.119672300048997187e+02 1.135065242007914037e+02 1.209600226499956079e+02 1.198630676195374605e+02 1.103855594013437127e+02 9.137151572724616244e+01 1.103855594011806573e+02 1.214013261943724302e+02 1.125285237601144104e+02 9.255563146942709807e+01 7.792581431942679160e+01 9.172623208583236476e+01 8.211198410769645761e+01 8.455125199358853649e+01 6.556720742660637313e+01 7.836580876182983957e+01 7.231031451379492125e+01 7.657723981053568707e+01 8.171408211053197590e+01 8.736058044064272110e+01 9.464190385663556526e+01 1.047131029126854855e+02
7.140887550405741990e+01 8.498650537350145839e+01 9.332682295374503667e+01 8.557839819997712993e+01 7.079420619099731482e+01 5.063807417566238200e+01 7.079420619099731482e+01 6.013080437079842255e+01 6.872498529301356029e+01 5.257546628596356442e+01 6.683892621761270902e+01 8.366817917052827625e+01 9.058955264618687409e+01 9.888329489348531354e+01 1.076413628170698615e+02 1.104916949564275654e+02 9.239039088746318384e+01 1.052836701255075411e+02 1.148378413177977535e+02 1.191790848712868467e+02 1.053581394768000479e+02 1.191790848670199665e+02 1.134062593990910699e+02 9.362122314971411186e+01 8.623062177066357492e+01 9.840555618146095185e+01 1.065568890112657954e+02 1.037410378803632369e+02 9.351411935376245310e+01 8.549922627468029646e+01 6.656040851598207553e+01 8.645090465591019324e+01 9.664814294924786964e+01 1.018462450662782715e+02 1.074057843323231936e+02 1.143865823652003542e+02 1.223819385239832087e+02
6.130040462799547640e+01 6.484029777537472228e+01 8.169724774841961334e+01 7.720639143834937101e+01 5.701678772221276859e+01 4.698310258902696290e+01 6.236445216382725221e+01 4.591952753118262365e+01 4.856967902726994879e+01 6.017522945602856765e+01 8.040416538693573045e+01 9.549698034894721843e+01 9.326571996496215888e+01 1.016247102294143758e+02 1.045245003509960355e+02 1.009507836889737433e+02 8.143177272888601692e+01 8.641732019031110212e+01 1.063086211070055924e+02 1.216445624703627431e+02 1.248559991506151476e+02 1.271329127694822461e+02 1.081236225691339996e+02 1.134062593990913115e+02 9.799289894680981661e+01 1.144055366449731679e+02 1.060194765058422632e+02 9.751799556640958144e+01 8.775905989145155672e+01 6.972447984723829961e+01 6.725030241896455152e+01 8.713652870335690181e+01 9.630835417884222238e+01 1.103394390433096248e+02 1.188063612439950560e+02 1.139631223908521491e+02 1.184780581364922512e+02
5.363159347125877474e+01 5.314099984785880082e+01 7.266696926936671730e+01 8.557839637191784732e+01 7.546196942797999441e+01 6.235932206836035618e+01 4.224482364182989613e+01 6.236445216382723089e+01 6.872498529301356029e+01 7.710334310539296609e+01 8.878193525270096131e+01 8.998869136043281003e+01 7.312240137407647467e+01 8.998869136342236175e+01 8.435773084978281133e+01 9.246532075097341874e+01 7.258531380781445819e+01 9.244680932271197094e+01 9.307426368343404022e+01 1.089788945136747742e+02 1.180009554923412765e+02 1.297965636208905948e+02 1.223722589872911470e+02 1.257285817233444192e+02 1.177446678200929284e+02 1.114479639016227139e+02 9.791006960500571665e+01 7.742688407609675494e+01 7.380556954806013437e+01 8.908437655240194886e+01 8.713645208539632847e+01 6.821754366279299120e+01 8.227725389657675237e+01 9.707886710732242364e+01 9.964392271729316519e+01 9.409904269541826238e+01 9.879671725314850050e+01
5.840256591499124994e+01 4.406175821962100514e+01 6.431507240047268681e+01 7.726073253001251828e+01 6.566521215199367134e+01 5.762768241527376034e+01 4.018965707719807057e+01 5.444604648862875962e+01 7.460032970784992301e+01 8.030007164650842810e+01 7.952905569389982077e+01 7.116454158369671745e+01 6.141902307845448661e+01 7.598425839113463098e+01 7.010385366574709565e+01 8.137835816650421350e+01 6.698535586011111320e+01 7.322975218046816792e+01 8.057608662268175692e+01 8.919112806903078194e+01 1.004415478552279666e+02 1.200586926197719890e+02 1.405203769157315605e+02 1.285693647766342167e+02 1.173903386563653157e+02 1.033955096550091213e+02 8.324071594929857554e+01 9.791006960500571665e+01 8.924488263740705918e+01 1.025963847325826492e+02 9.340016500801888810e+01 6.839601790675239101e+01 6.912607035703558722e+01 8.765669629176223054e+01 9.400754287769277084e+01 7.965021040452062095e+01 8.431750948012259528e+01
5.966864346549658649e+01 3.937490887239273007e+01 5.966863814964417401e+01 6.393051145890185438e+01 4.973383343339362739e+01 3.728284968432073754e+01 3.912022567388110161e+01 5.940700574749207163e+01 6.396147835041990959e+01 6.007427883734530383e+01 6.808037274083031321e+01 5.083369317958231903e+01 5.304740455563065638e+01 5.566581944270053128e+01 5.834496133716575628e+01 6.114573482673878146e+01 6.509835666494998918e+01 8.525810319518156177e+01 9.744528319974304509e+01 1.045806883530436551e+02 1.129666416545179288e+02 1.230782116539997020e+02 1.361064921264631948e+02 1.205864403719341738e+02 1.011864549607303303e+02 8.951813043298440675e+01 1.033955096550091213e+02 1.114479639016227139e+02 1.122973931177014890e+02 1.018938142519002241e+02 8.183898369871857881e+01 9.338822704557807697e+01 8.913024154033259094e+01 7.015988621598664565e+01 7.391740120155397165e+01 9.403069321420336735e+01 1.045612376247367479e+02
4.678452007200224472e+01 3.503272664061659469e+01 5.262121838419617603e+01 5.389908418031278359e+01 3.536852800566953192e+01 5.575355643713300680e+01 5.940700573546025964e+01 4.170554290310922596e+01 4.372042560462337235e+01 4.573387983137659774e+01 4.778318106242119967e+01 6.807897279738268992e+01 7.337996526104089412e+01 6.054248570015330699e+01 7.862472042570389874e+01 8.137835816650421350e+01 8.525810319518156177e+01 7.093428536504143267e+01 7.728834993415122767e+01 8.439871487139434691e+01 9.447837279369554153e+01 1.146830039123917970e+02 1.281084629893554734e+02 1.089309929353628661e+02 9.753134170000456038e+01 1.011864549607303303e+02 1.173903386563653157e+02 1.249684592083408745e+02 1.059611874866356800e+02 9.207957884073871924e+01 1.018938142518999541e+02 9.876862139812870112e+01 7.798281916397101554e+01 7.087195612272346068e+01 8.952477524709287593e+01 7.973928758522906435e+01 9.984749861022984874e+01
