MOVIE_S3_data/elevation_000533.asc
nrows	100
cellsize	150.0
xllcorner	0
ncols	100
yllcorner	0
NODATA_value	-9999
[rows 68 to 84 of 100, columns 37 to 73 of 100]
7.835949551724718276e+01 7.284699233329713763e+01 6.931179525034394828e+01 7.866445211127896187e+01 8.911596703608915959e+01 1.037551261649248886e+02 1.243161967976477627e+02 1.202136487411521415e+02 1.005829283960821101e+02 8.946871611149724401e+01 9.197469137622650237e+01 9.885524452153889285e+01 8.267417009860476185e+01 8.186292459853804360e+01 1.010462715691277822e+02 1.076031909813405036e+02 8.797656971300317252e+01 7.694276523797633160e+01 7.028310232608896513e+01 8.083626445350024881e+01 7.195628452839792999e+01 5.265849910064029871e+01 5.075341595377366133e+01 6.626230556622125789e+01 5.221002677278406168e+01 5.272753961389338428e+01 6.144453463786059189e+01 7.336458028496885220e+01 7.388437052570314734e+01 6.661243723914591897e+01 5.616380570727422139e+01 7.543240937765723686e+01 8.456052824394272704e+01 9.184602117860880810e+01 7.502786349484081541e+01 8.470226071399609680e+01 9.179875278532561822e+01
8.254436206962145661e+01 8.760055926701446083e+01 8.408177285572482162e+01 8.408177285556490688e+01 1.048087581028940178e+02 1.182885033585110364e+02 1.321864681714133951e+02 1.284031529240867542e+02 1.170455938202023844e+02 1.088798470655396500e+02 1.114293377856089506e+02 1.100185346755640268e+02 1.018819693894358664e+02 9.130094098547709791e+01 1.091802067268848475e+02 1.158390838289454763e+02 1.044642600730867770e+02 9.627175590878314893e+01 8.087143327963623562e+01 6.180654459546400403e+01 5.640501353055591949e+01 7.190267456813914748e+01 5.648064114366690802e+01 5.147996995371509144e+01 7.098322600815802730e+01 6.804470092951503091e+01 5.347000718583289114e+01 5.399596014688728474e+01 5.452469666341576726e+01 5.505201153422933658e+01 7.437783593327006315e+01 8.280665620805437754e+01 9.394319895546443888e+01 1.024530863935118532e+02 8.844935102253323578e+01 8.844935102253323578e+01 1.082751481078379641e+02
1.032791035295682462e+02 1.082948629855236646e+02 1.048087587066894173e+02 1.048087581103197437e+02 1.133298977877024072e+02 1.262116048985839143e+02 1.118874865108714118e+02 1.262116048985839143e+02 1.248262304298763468e+02 1.208222578476450906e+02 1.124263296880340022e+02 1.208222578476450906e+02 1.189587018604493238e+02 1.107916021527783528e+02 1.189587018604493238e+02 1.164300054982912798e+02 9.691529474494868168e+01 9.642603879812644152e+01 8.166332501392996335e+01 6.269953699983481954e+01 6.033421864946304680e+01 7.936192002137471491e+01 7.773038537405130910e+01 6.961546537888150965e+01 8.053327670128956584e+01 6.440486923191126323e+01 7.302820113952908798e+01 5.833518503431411517e+01 7.286841044572304327e+01 7.437768969116616802e+01 5.604003056906332603e+01 6.883578818104535912e+01 8.353697200676458579e+01 9.551617473724884633e+01 1.082751481078379641e+02 1.082751481078379641e+02 1.164568218345286681e+02
9.297587309822657176e+01 1.012819256323328148e+02 1.036954525770667743e+02 1.120071181233739566e+02 1.187254715666540505e+02 1.103452726774661414e+02 9.758590476257603541e+01 1.171593636939137753e+02 1.045768445210379269e+02 1.045768445210379127e+02 9.220859248682133114e+01 1.107057994420245279e+02 1.203943295850576618e+02 1.119855822846101034e+02 1.172632623021278420e+02 1.106406292441326684e+02 9.123007504727925721e+01 7.779264112371680540e+01 6.939416490146206229e+01 8.166332501392996335e+01 6.752780835926604652e+01 6.706880440346755279e+01 8.613934478304611275e+01 9.443083320835063432e+01 7.865752638717988532e+01 7.747551113041744486e+01 8.207295603652050886e+01 6.265983845513532913e+01 8.163097949981295187e+01 8.337208046391957339e+01 7.531572722300512623e+01 5.701918440397820120e+01 6.809902990348565766e+01 8.739359471697591175e+01 9.059628715550869060e+01 9.530445812130028571e+01 1.005265054326867045e+02
7.293100097576858332e+01 9.125836009355008116e+01 8.366341729520448212e+01 1.004358507148545669e+02 1.070603416739659224e+02 9.015185554627996112e+01 8.859501587923257659e+01 1.087781798426023272e+02 1.028648601724480329e+02 8.441218128597405723e+01 8.216253852887321329e+01 1.023174610874275743e+02 1.087579831908933414e+02 9.189121844908001435e+01 9.709070407331820718e+01 1.113808544696623670e+02 9.793559877390708834e+01 7.879116935308739755e+01 8.836338406349727848e+01 9.475837278550473286e+01 7.594490332086365925e+01 8.613934478304611275e+01 7.443858858321399907e+01 9.369060810908240455e+01 9.150307623187458717e+01 9.691412798770950587e+01 8.095993991728798278e+01 6.729531727074346747e+01 8.681763555511885500e+01 9.425642660548373897e+01 7.691846389383223936e+01 5.770717838850942627e+01 7.691867428551088892e+01 8.432811150168764414e+01 7.127647226878647757e+01 7.589217192587534555e+01 8.098739353595466639e+01
6.289904926839256660e+01 8.055554250078085943e+01 7.208248696182752724e+01 9.212995161466749039e+01 9.868659786091740216e+01 7.855191385790521963e+01 9.133445078312524856e+01 9.969949726341839380e+01 9.449451290350587840e+01 7.436014598518265473e+01 7.456242606459159106e+01 9.469961640392855884e+01 9.979983829186915045e+01 8.042985124148728460e+01 8.301328158512509958e+01 1.029991095846561819e+02 1.060708691588043138e+02 8.826073731882054574e+01 1.060708691588043138e+02 1.034865453143448946e+02 8.697859300286008022e+01 9.955371090314093863e+01 8.010799882796449367e+01 9.955371090314093863e+01 1.113285701188666366e+02 1.093418235060465236e+02 9.228337208813913151e+01 7.257637876015772349e+01 9.228337208813913151e+01 8.653091401096347113e+01 6.898530444206387813e+01 5.839000013781123499e+01 7.758401232381672230e+01 6.509824925533006024e+01 8.432811150169399639e+01 9.530445812130028571e+01 1.005265054326867045e+02
5.474675433561322535e+01 6.050090566916906454e+01 7.468450046165993683e+01 9.472949181688920817e+01 1.070603416739600249e+02 9.133445078312524856e+01 7.120280737854042741e+01 8.480288316895619971e+01 8.085395553432556426e+01 6.674950937138180507e+01 6.785071874581959150e+01 8.798721962357328152e+01 9.146028636412636104e+01 7.150034610117425871e+01 9.146028640914941832e+01 1.113808544696623670e+02 1.158115537061614191e+02 1.076104602289937731e+02 1.158115537061614191e+02 1.148753477489090074e+02 1.066459795389222904e+02 1.065043415377628264e+02 8.684498931670651700e+01 1.065043415377628264e+02 1.156817444212357486e+02 9.530245659447543005e+01 8.376787523998582685e+01 8.376787523998581264e+01 1.006581750721121296e+02 9.255527910608678610e+01 7.252225825892192290e+01 7.756775876756218224e+01 5.934938468099173292e+01 7.851975888335641685e+01 8.321467276293255111e+01 9.355646270921819507e+01 1.044328601666106380e+02
6.827107975782377025e+01 8.055554250078085943e+01 8.886063843378126137e+01 9.178937930394674538e+01 1.000807927158847690e+02 9.643212142815497145e+01 7.628968992477742006e+01 6.466722417338601758e+01 6.072808173030895063e+01 5.964198756597135542e+01 7.976281066699073108e+01 9.632161398569131450e+01 8.630665198297272411e+01 6.631199162556085014e+01 8.630665198297272411e+01 9.808662386928752142e+01 1.081093111018965516e+02 1.229521052283560323e+02 1.145636234006692860e+02 1.119318732014427837e+02 1.203223224739928412e+02 1.147383359956234159e+02 9.811909258274464207e+01 1.147383359956234159e+02 1.240447507158723539e+02 1.123107582768024741e+02 1.039157571085627865e+02 1.039157571085627865e+02 1.123107582768024741e+02 1.020130062516762308e+02 9.328759836937938132e+01 8.659485438384065503e+01 7.853010475551617731e+01 6.031347499096965947e+01 6.546235099825555892e+01 8.371821383179720044e+01 8.487729986615899236e+01
7.657353663489188023e+01 8.590905567330172232e+01 7.761043122514311676e+01 7.173731863071873249e+01 9.178937930394674538e+01 1.048020170442879788e+02 9.316190772330500636e+01 8.480288311056567352e+01 7.547509125705290955e+01 5.538340051878038395e+01 7.545820008987782046e+01 8.424062647819791039e+01 7.593302098898364250e+01 6.157975806585953649e+01 6.977189959170263478e+01 7.976087067033779476e+01 9.973875782839915871e+01 1.145636234006692860e+02 9.434241703682526747e+01 9.172437947186374174e+01 1.078232212793879370e+02 1.162087370524012755e+02 1.179588046273746471e+02 1.262039179327318408e+02 1.318729168324671264e+02 1.218527072785600893e+02 1.138004306803960617e+02 1.067512346904318008e+02 1.014699608584864450e+02 9.655233114747875334e+01 8.795780843457120568e+01 6.876917791332127194e+01 8.400521976163869908e+01 7.920565410893036074e+01 6.127257559757571670e+01 6.521269019905048481e+01 6.935755179255050962e+01
7.694117664693713721e+01 6.863866963958230372e+01 5.754891529240882164e+01 6.913293054692175588e+01 8.332550760996473116e+01 1.033501742510683385e+02 9.702648863245229904e+01 7.687224096009809671e+01 6.265522223218885500e+01 5.265883251025788780e+01 6.901413364929544514e+01 7.108002361696539140e+01 5.592370780268695540e+01 6.487701327770197679e+01 7.642895927376373777e+01 9.641844548096072742e+01 1.081093111018965516e+02 1.088306578082607814e+02 1.002650712570226261e+02 8.011078002850555890e+01 8.763355901284637639e+01 1.078232212793879370e+02 1.151518906754795921e+02 1.235567979300125216e+02 1.238861040901277022e+02 1.053156100812117586e+02 9.462033513580932720e+01 8.740962313129620043e+01 8.216056925651992060e+01 7.731193256266567460e+01 7.274098908462219981e+01 8.406315707260988290e+01 6.487627214471709181e+01 6.224188154129090123e+01 8.045860914045788093e+01 8.448183796963863301e+01 8.871914907364180181e+01
6.231184461526326857e+01 4.863146775079825801e+01 5.616050081875398803e+01 7.034654363366381347e+01 9.040223521329654943e+01 9.398390778219041408e+01 8.557376156824545888e+01 9.112455792753314654e+01 8.106210124143133555e+01 6.902256163471957962e+01 4.902751244184665325e+01 5.111199247079048291e+01 7.108002361696539140e+01 8.424609562553639819e+01 9.320379333916206122e+01 1.047769606483410882e+02 1.062069277323300582e+02 9.455608004529700850e+01 8.028150228233324981e+01 7.339636237402152119e+01 9.354697418085028460e+01 1.007225729155226048e+02 9.474575380355750553e+01 1.151518906754795921e+02 1.305684819353930095e+02 1.218527072785600893e+02 1.031803902604030299e+02 1.067512346904318008e+02 9.720352278859704143e+01 7.787503651996091492e+01 9.194297513764831820e+01 9.134572561610768560e+01 6.289001595990345095e+01 6.295124879489164726e+01 8.214352651534223071e+01 9.089507655201573755e+01 9.529064624351570956e+01
4.237717732917430880e+01 6.231184461526326857e+01 7.622071969595231167e+01 7.254121613116319622e+01 9.259263306601529564e+01 8.233188677692282909e+01 6.545826331431257472e+01 8.233138086343957696e+01 8.068925856016431908e+01 6.059894264741109282e+01 4.654193309684171709e+01 6.370446763316819272e+01 6.988994420198584123e+01 7.691974630154730619e+01 8.520000619421526267e+01 9.668075951242485644e+01 9.782852459939822154e+01 7.766829582821345923e+01 6.606861331108198954e+01 6.914179764928458383e+01 7.455550940271083959e+01 8.023490329486904216e+01 8.807334492159567674e+01 1.007076728494265865e+02 1.225572127250409835e+02 1.307510417309543698e+02 1.226396703549190477e+02 1.149466403874666156e+02 9.535579385704309630e+01 8.164233411650856453e+01 1.010938199566191429e+02 1.021147268572376419e+02 8.967351642697985881e+01 8.214352647146405673e+01 6.395544453164534815e+01 6.564672547168545691e+01 7.579353357122089108e+01
5.667347483823107268e+01 7.061107442208876250e+01 8.874431263409573489e+01 9.259263306601529564e+01 8.631405120441233692e+01 7.395959792552315548e+01 5.393078060914764649e+01 7.395959792552315548e+01 8.638792879219568022e+01 7.482209176452691679e+01 6.370448183388515417e+01 4.382496248393269411e+01 5.002910567427704081e+01 5.704393819889230599e+01 6.855877202004624849e+01 8.838570923316775918e+01 8.622284828738109752e+01 7.787453683697104623e+01 6.186152047167777823e+01 6.758163943838786736e+01 7.517498022177457528e+01 8.417652521833193191e+01 1.043467194668120186e+02 1.050541527086600695e+02 1.256125406767935715e+02 1.430231060666596647e+02 1.348837789894934360e+02 1.204209572319157502e+02 1.053646980886925775e+02 8.579307576453444995e+01 1.053646980886925775e+02 1.101278671116578920e+02 9.044596411712237227e+01 9.041111650700294433e+01 8.316625990645508182e+01 6.496664402816526263e+01 8.419302696839916678e+01
4.831329955400793352e+01 6.004370860282831046e+01 8.045072490445765823e+01 8.629738113828605606e+01 6.611521988973008490e+01 6.687817702494452021e+01 4.694491078776434989e+01 6.687817702494044170e+01 6.629755215580524919e+01 6.629745975673361613e+01 6.185634416336402808e+01 4.201588303428844284e+01 6.185662972238253587e+01 7.691974630154730619e+01 8.520000619421526267e+01 8.243034964427219791e+01 7.410078199530111931e+01 5.798257820409377672e+01 7.198625878482516782e+01 8.770983842206281622e+01 8.400653363693120923e+01 1.037026186676062309e+02 1.006305768903397393e+02 1.208816577435451052e+02 1.340185935411620619e+02 1.348837789894934360e+02 1.153359877662190058e+02 1.123054311533258698e+02 9.267407348769445719e+01 1.053646980886925775e+02 1.134842362958604127e+02 1.035938387799123603e+02 9.044596760455353035e+01 7.125572539538801209e+01 6.851802429574237863e+01 6.568411964154628890e+01 8.490451043970068667e+01
6.867002509291098988e+01 7.626890892904650343e+01 7.217029161902740952e+01 7.337930759304090600e+01 6.975489479168685136e+01 4.982935075240655465e+01 4.102134669460736660e+01 5.405909053338019987e+01 5.519681691149929748e+01 4.638301363138130284e+01 5.749915394209076425e+01 4.022468368322623888e+01 5.417773427762460869e+01 7.419118692816505245e+01 7.884939261074181616e+01 7.054283749464114806e+01 5.436042707841500743e+01 6.823347432199223306e+01 8.622284828532927747e+01 1.004594377764482971e+02 1.041876550779137887e+02 1.125686077867657247e+02 1.208816577435451052e+02 1.141286890136372847e+02 1.225295551194024597e+02 1.348837789894934360e+02 1.153359877662190058e+02 1.014824544224893685e+02 1.065742439647642072e+02 1.204209572319157502e+02 1.092857310943529257e+02 9.543622539227739310e+01 7.578956083533424248e+01 9.044596760455353035e+01 8.155735308193217747e+01 8.491278593152723886e+01 6.673905911659902301e+01
6.179981762807928902e+01 6.312082190616224153e+01 5.529822508936476311e+01 5.187492568690042560e+01 6.498453280638304363e+01 6.074634428975895872e+01 5.249266370560936679e+01 3.426534925503390383e+01 3.540641471541268714e+01 3.655163987439352979e+01 3.771119856188895625e+01 5.750113503193413322e+01 6.798856751859541703e+01 7.471585721632575883e+01 6.714158328761456573e+01 5.092070119135462392e+01 7.054283749250519975e+01 8.243034921131936699e+01 9.662722496655227644e+01 1.035412635281063558e+02 1.088816766346378841e+02 1.091692843943218918e+02 1.108551200385826405e+02 9.393314613614609243e+01 1.108551200385826405e+02 1.251632754643487857e+02 1.291795469164391648e+02 1.153359877662190058e+02 1.261417409924504085e+02 1.150550858586136656e+02 9.536486359519022926e+01 8.140126741185552817e+01 8.710360497267659241e+01 1.035938387799123603e+02 1.011694988573101170e+02 9.408969923448736949e+01 8.597978678698700605e+01
4.116292019398407120e+01 4.209864836258903154e+01 4.789094652563181853e+01 3.735761248789923883e+01 4.968920176335345928e+01 5.088505100685139126e+01 3.270095718154009035e+01 5.249806673691761461e+01 5.519682585953818688e+01 4.638301361357414976e+01 5.750113502883245786e+01 3.987430141268936978e+01 5.968507740441685172e+01 6.286783732731618102e+01 4.758835384146359360e+01 6.714158328761456573e+01 7.876746636635158438e+01 8.859725554545632065e+01 9.100509205083481845e+01 8.415509913658092955e+01 8.847485187763538761e+01 8.481068758509579197e+01 9.251189316091351600e+01 8.255499942494013510e+01 9.654696461281639586e+01 1.142628397202295929e+02 1.243982802306770594e+02 1.348837789894934360e+02 1.220081436079179156e+02 1.023419264698590609e+02 8.838780072052138337e+01 9.127912138874951609e+01 1.068187965655450000e+02 1.149704172547436514e+02 1.162466985865609814e+02 1.080858575786671736e+02 9.241677337779229617e+01
