MOVIE_S3_data/elevation_000990.asc
nrows	100
cellsize	150.0
xllcorner	0
ncols	100
yllcorner	0
NODATA_value	-9999
[rows 17 to 33 of 100, columns 37 to 73 of 100]
4.603642494940500285e+01 6.614591868515653061e+01 6.144985131736062556e+01 4.462056862785330935e+01 5.696689434084839831e+01 3.687867948111845351e+01 4.275732645369540563e+01 2.334033023685743657e+01 4.229293772074237978e+01 2.821774017038233850e+01 4.824144869195715302e+01 5.278949855765158361e+01 7.287230955812653121e+01 7.991019620079322294e+01 7.279211040897182272e+01 7.815684740804624653e+01 7.224935767070478221e+01 9.241878925151596036e+01 1.041748938009650658e+02 9.892712934203890995e+01 8.230600856009576205e+01 9.655215860763796343e+01 8.540142495997450567e+01 6.531826567940211703e+01 7.747438869926530458e+01 6.448626240890291683e+01 7.608721670893237388e+01 9.619338163210142056e+01 8.996040931402718854e+01 7.452737247610744475e+01 5.451975100620136061e+01 6.863726473261321814e+01 8.843822343851464041e+01 1.045011765436759248e+02 9.298277698632053045e+01 7.841248218598720143e+01 5.844132838321113610e+01
5.609331252694483538e+01 7.449284597785668893e+01 7.306033892053136469e+01 6.472841271039237654e+01 6.531973712782551900e+01 5.698009998597100889e+01 5.165718277304156203e+01 4.333550912863550053e+01 2.391934698812217874e+01 3.485430785887654537e+01 4.382454128766412538e+01 6.474215197223890073e+01 7.368259797784422460e+01 8.249146309332407156e+01 9.042894064032437029e+01 9.259642186902618732e+01 9.241878925151596036e+01 1.007231711100157838e+02 1.076241510686670608e+02 9.000356755623721483e+01 7.070834837950661722e+01 7.658201488233027021e+01 7.781071285511443136e+01 5.777555300265078131e+01 5.743446132979082819e+01 7.747438869926530458e+01 9.269271544664296414e+01 9.735766594987077838e+01 7.587351197732046160e+01 6.126529768584457969e+01 5.124518257485334516e+01 7.125821582049088931e+01 8.399092091660897097e+01 8.608889239963133377e+01 9.430754432304252077e+01 8.418839449752184123e+01 6.419705401797234856e+01
7.619852484336817611e+01 8.455588497016304927e+01 8.146767235916647110e+01 7.024826787797721295e+01 6.218966691598310348e+01 5.800074346246843504e+01 4.905373185587183826e+01 2.893724236060088018e+01 4.268561301631365268e+01 2.450326188956110940e+01 4.502472418319400305e+01 5.888447183898315984e+01 5.295374244627191018e+01 7.368259797784422460e+01 7.042625673953644139e+01 7.261897794838378672e+01 9.259642186902618732e+01 1.017241674255753736e+02 8.759625374447240631e+01 8.178053597018192988e+01 6.176697651515083720e+01 6.242227237677017371e+01 6.609396928219999268e+01 5.109004239542488079e+01 7.113233228582161871e+01 8.567841658616352163e+01 8.491605008281008793e+01 9.113303951090908583e+01 8.246694673153602650e+01 6.236915801356844469e+01 4.815152992989238356e+01 6.404956111793893569e+01 6.404947946311415308e+01 6.571932637946486011e+01 8.608881170892844636e+01 9.242100882216969637e+01 8.010087465300459542e+01
8.827841802616181610e+01 8.098343839321252347e+01 7.339628081327505527e+01 5.398585616235792628e+01 4.254187433292392484e+01 3.823054325502633333e+01 3.427618394484329656e+01 4.795587792591345533e+01 4.457615997269807195e+01 2.491485757449977356e+01 3.113240740874554646e+01 3.873287978967343292e+01 5.884309912465335657e+01 6.568210866314629470e+01 5.644888745647544681e+01 7.628490721214623704e+01 9.431574106876919927e+01 9.346228905782112406e+01 7.334124677478445165e+01 8.073662281685308528e+01 7.177375693188304240e+01 5.174409641569258866e+01 4.598132770200778907e+01 6.609396928219999268e+01 7.896472138699571985e+01 7.226154680338535741e+01 6.671586457602661824e+01 8.502459723139791947e+01 7.149421016712939547e+01 6.298743726896663730e+01 6.030586416256577564e+01 4.386929797793147401e+01 5.117794499849915724e+01 6.688538219308523480e+01 8.866877989106122016e+01 8.692610061846735903e+01 7.388953546822897067e+01
6.897771609809666415e+01 6.168387701436985537e+01 5.552885435226482969e+01 4.983784940533595886e+01 6.218966691598310348e+01 5.229695951668045950e+01 5.411646347440463245e+01 4.683294282026481170e+01 2.549984654898432979e+01 3.852975023839706381e+01 3.027075174692993897e+01 4.917255678918216688e+01 4.193420781703398603e+01 4.641472348107267010e+01 5.474026779930745334e+01 6.606224730666295386e+01 8.610720640040359797e+01 8.195737153519955598e+01 8.073662118813550137e+01 6.058921302085570204e+01 7.066291923523314722e+01 6.281621997360527132e+01 4.262678992534034705e+01 5.876475916723178017e+01 6.299830815614497936e+01 5.437408472261758874e+01 7.223802574105799579e+01 8.008897802191499693e+01 6.303769663604521156e+01 4.001715317481628631e+01 4.003355871010116118e+01 6.008458518335714871e+01 6.694058937893451855e+01 7.323468369667241973e+01 8.055542360849491956e+01 7.145315328088244655e+01 5.868734869137840349e+01
8.827841802616181610e+01 8.098343839321252347e+01 7.488038121327622321e+01 6.929407659205865855e+01 7.735252711414200633e+01 7.177089602124966916e+01 5.436724044847012749e+01 3.754962255103182400e+01 2.591298511818725814e+01 4.546088570820015917e+01 4.611820139579962330e+01 3.578374592239174490e+01 5.438434556066196990e+01 6.568210866314629470e+01 7.391394740063036295e+01 8.278130054075799649e+01 7.592533219020253910e+01 6.101958342892598353e+01 7.592126732941849809e+01 7.066291923523314722e+01 5.043577238487178249e+01 6.240486480486870846e+01 5.801688270195595720e+01 3.851078732649050806e+01 4.459927718785255735e+01 6.258270130671070319e+01 7.224731749651236612e+01 6.622643387561372208e+01 5.292692241390512464e+01 3.932077971952996620e+01 5.957957146559363792e+01 4.078921454603153052e+01 5.759725539892243518e+01 6.225587931983181988e+01 6.375412846961492619e+01 5.620478269711124142e+01 4.431865688809580206e+01
9.624126708634102556e+01 8.610596433287643947e+01 7.765361670999362786e+01 7.098990174828567490e+01 6.522081947533551727e+01 6.752802910878862974e+01 4.772300804552053677e+01 3.634255735613611904e+01 2.632553351061440949e+01 4.783181514509781351e+01 5.982140921360439023e+01 5.438434269266581822e+01 6.110022174160150144e+01 6.914053193869413860e+01 6.441574194956368160e+01 6.398206325717575993e+01 5.575350232905960013e+01 4.665256522612957468e+01 6.711316442553454920e+01 7.896889425811285435e+01 6.240517392229069316e+01 4.196165977932231073e+01 3.742941268250098119e+01 3.568570358490188710e+01 5.113080304295957745e+01 5.450357660969417850e+01 5.253735180506663482e+01 5.777201689709731625e+01 3.859153906329092365e+01 4.594534094703879390e+01 6.661231833843548600e+01 5.505643942344662634e+01 4.156110993131950693e+01 4.210708854754167163e+01 4.265190464452643937e+01 4.319833906687595970e+01 6.330249523561960245e+01
8.773293155906019081e+01 6.757430186092697966e+01 5.766247182486961265e+01 5.100521452869681127e+01 4.516276529931518269e+01 5.767924014548251677e+01 5.304250808018826291e+01 4.670548708665712923e+01 2.673717940748350230e+01 4.198092547041379419e+01 6.410457382448825570e+01 6.561874308098654751e+01 5.614967538909789369e+01 4.572217052189836295e+01 4.427979345439885606e+01 5.090994841278450878e+01 3.615006778031783341e+01 5.424372838772774941e+01 6.773447270010524335e+01 6.012950491727836777e+01 5.423317825617635179e+01 3.722019928265223143e+01 3.500047560616429365e+01 5.518725660635280406e+01 3.637810328496347978e+01 3.686556954423303978e+01 3.735180297570548902e+01 3.786498742541008511e+01 4.699791344911736246e+01 5.630623276504296371e+01 7.329313300245644314e+01 7.031040978273931330e+01 5.464958905261752875e+01 5.990919931817834510e+01 4.984603306799284894e+01 6.332184325022007698e+01 4.427600346676280196e+01
9.624126708634102556e+01 8.610596433287643947e+01 7.765361670999362786e+01 7.098990174828567490e+01 5.767924014548251677e+01 3.743360841780167192e+01 3.258596735354012708e+01 2.850817321718343322e+01 2.714840707508734852e+01 4.727580621488493762e+01 5.228746546300119036e+01 5.559464440795927942e+01 3.224180140747203183e+01 2.994203347036305018e+01 3.037367402229940438e+01 3.080908511721595744e+01 3.124826141315054784e+01 5.155663807973502344e+01 5.900906561064659428e+01 4.174198266366516918e+01 3.383458418033742277e+01 3.431561261979669553e+01 5.451285134154427681e+01 4.937324108760211772e+01 5.903077383701860725e+01 5.810493606356452290e+01 5.773398490163170038e+01 3.872720587842049866e+01 5.704764371682352930e+01 6.765074946731385808e+01 8.310552037719487828e+01 8.808973790382363234e+01 7.704581428311746549e+01 6.102401583448068578e+01 6.220776082655241623e+01 7.240156925278232336e+01 6.450733994610861544e+01
9.738849252843597526e+01 8.742767693464247714e+01 7.918957471817269322e+01 7.254080406991114671e+01 6.592027101962023039e+01 5.193804246448435435e+01 3.159499425199580713e+01 4.829557958626237024e+01 4.254978913084081427e+01 2.773987197219390666e+01 4.785487122859440490e+01 4.881300405266254216e+01 2.933597819558625019e+01 4.917181078348349388e+01 5.016809915232661865e+01 5.094379324708469170e+01 5.142387951430365689e+01 3.187870518953086574e+01 5.204742826045484350e+01 3.315996970672754429e+01 5.331043091008067591e+01 5.049303120683359225e+01 6.196196666870018532e+01 6.926442651216106583e+01 6.926682670489502414e+01 7.447351347360599050e+01 5.333183912273538851e+01 5.925457018429249700e+01 4.076803911504260469e+01 6.131184089485861222e+01 7.957077506103104270e+01 8.973787667096530640e+01 8.767067624796175096e+01 7.339888224412618456e+01 8.317441927089372200e+01 7.571727044864694278e+01 5.735133986908726200e+01
8.916409791798984941e+01 6.921505151835548020e+01 5.924326277354161618e+01 5.256573805208194017e+01 4.645956652318905356e+01 5.448503254766213644e+01 3.417766043006547960e+01 5.447189607288203206e+01 5.313892099543978986e+01 3.552768154617055529e+01 2.832805661709739908e+01 2.874652673896622801e+01 4.853985887738254235e+01 3.229115991147368447e+01 5.250751784473253281e+01 6.327952524589682071e+01 5.426033105488060215e+01 3.356993673337436235e+01 3.251622638703448587e+01 5.075385369645146483e+01 3.566818721634604827e+01 5.593810493964347330e+01 6.654089793300221345e+01 8.047296423826621492e+01 8.894134055719138132e+01 8.221426398296729587e+01 7.447345999974463382e+01 6.289218422742378323e+01 4.250270207464522798e+01 5.095864096313729164e+01 6.098096380587962528e+01 7.526930072036019226e+01 9.575443846176170837e+01 9.350756149359442304e+01 9.831577671755373160e+01 8.381093031634900115e+01 7.141876631112502594e+01
9.738849252843597526e+01 8.742767693464247714e+01 7.918957471817269322e+01 7.111721936206836858e+01 5.834011881321502102e+01 3.811775412471821767e+01 4.442225932343273342e+01 6.278468137691072570e+01 6.266309564311131197e+01 5.383924086121863439e+01 4.851963648780412797e+01 2.903794096960434956e+01 5.008424750224209276e+01 5.248236998742902415e+01 3.536098097180221345e+01 5.558989931168360243e+01 6.268815700877638619e+01 5.437866617371648914e+01 4.432927341427016188e+01 6.074404798212120937e+01 5.575313170629645043e+01 3.820733529208923329e+01 5.258804817544716315e+01 6.917201271003517604e+01 8.082379902863691257e+01 8.954949787439623776e+01 6.867429568689193786e+01 5.440935316415104950e+01 4.425667333571577444e+01 6.450054573183717821e+01 7.492743012014122428e+01 8.773410972740003899e+01 8.931898909035652423e+01 9.779068228701667920e+01 9.012861823962730057e+01 7.017554322575726644e+01 6.018421209661291726e+01
9.629409097153322250e+01 8.630150810998085831e+01 7.803344483269530940e+01 6.284191233752682137e+01 4.270927948291293319e+01 5.834011882574853303e+01 6.454780578558536774e+01 6.454780578558536774e+01 7.765205031905108513e+01 6.591701383073724685e+01 5.329058161698017670e+01 3.287858222787610885e+01 5.321586790008555568e+01 6.362031921005294066e+01 5.558989931202387424e+01 3.854737312783927905e+01 5.872503090733132325e+01 7.023939373544837395e+01 6.514948726427520853e+01 7.359439600642022583e+01 6.673513693622425080e+01 5.846836016338699693e+01 4.081633541128747567e+01 5.257408106556412264e+01 7.258969178370914221e+01 8.993821775324326495e+01 8.271898082482925929e+01 6.442752593369814917e+01 6.450054573183717821e+01 4.666980037072873699e+01 6.060863431064561979e+01 7.468207116506307841e+01 6.886275807026365214e+01 8.931898909035652423e+01 9.831577671755542269e+01 8.015208073269232614e+01 7.172490087372472090e+01
8.803624509487761429e+01 6.803063724149046720e+01 5.805329811849082233e+01 5.136529217483099075e+01 4.672662445629968886e+01 6.677341054771756035e+01 8.259241229088891600e+01 8.455342085824828757e+01 6.916705591932145580e+01 4.890719880974003075e+01 3.721441993242173396e+01 5.329058161698017670e+01 6.172718651516235155e+01 7.026970183089774480e+01 5.027374523494699332e+01 5.872503090748310228e+01 4.193524362633340274e+01 6.197015357686229464e+01 7.353705978578928182e+01 7.789867383209173113e+01 5.788402310100958914e+01 4.358943548764187881e+01 6.103343165923684666e+01 5.171562154132114131e+01 6.174187553917702331e+01 8.172582154424958389e+01 9.259890649831939413e+01 7.763687561835820361e+01 5.742687221500097650e+01 6.683278378901786709e+01 4.915630944184851359e+01 5.472593637395247868e+01 6.886275807026365214e+01 8.931898909035652423e+01 1.081985512349076259e+02 9.984784604233796301e+01 9.166382250230259388e+01
9.629409097153322250e+01 8.630150810998085831e+01 7.803344483269530940e+01 7.137339624262499171e+01 5.311743061039287994e+01 5.434942448929496805e+01 7.432253779124971516e+01 8.405816053199282578e+01 6.367742425609599621e+01 4.942240120423408456e+01 4.030907821700548510e+01 5.466175606767838957e+01 7.494361818311293177e+01 7.026970183089909483e+01 6.444511313428617427e+01 7.023999589003749122e+01 6.203273569026852385e+01 4.544254463094210195e+01 5.961608099232224589e+01 7.950713044397217288e+01 6.566545663468204452e+01 4.558255870562332035e+01 6.560468970889616003e+01 7.173384850622250042e+01 7.996930535920017746e+01 8.993821775324326495e+01 9.211210856565921290e+01 7.164583043666790729e+01 7.763818768127184455e+01 7.106183842696987085e+01 5.100225616442658350e+01 7.106192861170420372e+01 6.734047089660477070e+01 8.175978196805442622e+01 1.023265644423716338e+02 1.077811526533538142e+02 8.804540108367167761e+01
1.049655426292819840e+02 9.722547283842800425e+01 7.722656241036737867e+01 6.309382015276697331e+01 7.308896390558543033e+01 6.036705495240817498e+01 8.034659610958621556e+01 9.009438180965094034e+01 6.964680370573162804e+01 6.407611338562091419e+01 4.382666992451583354e+01 5.813141100646836179e+01 7.842789449364227039e+01 9.010248131048705034e+01 8.433150285816122960e+01 7.978579279155155746e+01 6.791719086625521129e+01 4.798911788518609711e+01 5.951345535407929788e+01 7.939690092512674369e+01 6.761672495103265135e+01 4.760125292910534966e+01 6.177896970004588439e+01 8.190551364313067495e+01 8.989912556799399113e+01 9.812462535872751346e+01 1.006388728914808439e+02 9.210827320173396515e+01 8.797790145291865826e+01 6.698358260762178418e+01 5.284604463228394167e+01 7.288789472641200007e+01 8.778365308759335051e+01 9.625986752424957160e+01 1.070800994075616046e+02 9.698958915639228451e+01 8.804540108367166340e+01
9.652403810898155712e+01 9.722547283842800425e+01 7.722656241036737867e+01 8.308410765840399392e+01 7.102914962661191112e+01 8.034659610958621556e+01 8.861486580082640785e+01 8.643756978968119142e+01 6.601682447365895712e+01 5.180119318156400965e+01 4.879417307381380198e+01 6.897385271960312991e+01 8.518762314963032622e+01 9.538192424233214695e+01 7.558032095434282382e+01 7.160918807954715248e+01 5.175736396075443935e+01 6.791719086625521129e+01 7.610289265529637248e+01 8.754778791602522858e+01 6.959995527361296297e+01 4.964624631111765751e+01 6.959995527361296297e+01 7.722796252783385285e+01 6.986526946721430420e+01 8.406078886442826104e+01 1.040063254222180831e+02 1.003901584327571044e+02 8.049057415001851723e+01 7.191395551677784681e+01 5.468675351987825906e+01 7.474625677470834262e+01 9.407985516660872349e+01 1.024756470249889446e+02 9.878510508607355689e+01 7.869278066974734998e+01 6.873781961448995048e+01
