MOVIE_S3_data/elevation_000924.asc
nrows	100
cellsize	150.0
xllcorner	0
ncols	100
yllcorner	0
NODATA_value	-9999
[rows 68 to 84 of 100, columns 0 to 36 of 100]
2.958550950857541384e-02 2.002958550950821959e+01 2.934240128354073462e+01 1.718704668906788058e+01 2.321727358062326019e+01 2.988394024729004528e+01 3.988394024729039700e+01 5.988394024729110043e+01 7.006756425849053471e+01 5.177132980001144347e+01 7.006756425849053471e+01 6.541281843637023030e+01 4.866180201502154290e+01 5.344840621668613778e+01 7.346429618867857414e+01 8.359163990695890334e+01 7.577995007715892939e+01 8.359163990695951441e+01 8.171866271533116333e+01 7.345302625337480151e+01 8.171866271533116333e+01 8.726875000382935355e+01 7.921009385782807044e+01 8.726875000382935355e+01 7.811308701320614034e+01 5.880900355911172284e+01 7.811308701320614034e+01 8.934952583674875370e+01 8.856440423920570026e+01 7.587895486412968182e+01 5.588335296579550970e+01 5.782513433833069882e+01 3.789668955622248347e+01 5.409219461236835969e+01 6.225872902852476187e+01 5.674717990540533918e+01 3.670894928088914355e+01
9.835479489548564214e-01 1.512568357268593111e+01 3.512568357268663277e+01 3.718704668906716648e+01 4.321727358062396718e+01 4.988394024729075227e+01 5.816821149475294561e+01 6.816821149475430275e+01 8.007410715585588434e+01 7.178680504514294114e+01 8.007410715585588434e+01 7.696931030169729127e+01 6.867740318689544665e+01 7.346429618867918521e+01 7.174580192986070415e+01 8.066500569383929076e+01 8.375719557132089221e+01 7.549075752626262670e+01 7.175273236738843252e+01 5.353075499587867370e+01 7.175273236738843252e+01 7.728282900770730635e+01 5.902430019282523688e+01 7.728282900770730635e+01 6.996308678382509072e+01 4.961152912487998634e+01 6.996308678382509072e+01 6.959117276224712612e+01 8.347930879685797834e+01 8.421553228932860691e+01 7.587895486457659899e+01 6.611635629379479440e+01 5.409219461236835969e+01 3.412685700836528468e+01 5.391986443641042115e+01 5.906202853831114652e+01 5.082963948335798676e+01
5.722010782348829760e-02 2.005722010782313447e+01 3.217187707438722555e+01 4.630560329654156959e+01 4.148273427927784951e+01 4.725000217068048158e+01 5.553356214627698506e+01 7.138969054214223320e+01 7.967383678752489118e+01 7.561943612891143118e+01 6.745256260609185972e+01 6.478647587826412746e+01 7.300667263709067356e+01 6.861423873701185983e+01 5.114677565782050550e+01 6.861423873701185983e+01 7.224617887081511469e+01 5.556107823442598459e+01 6.349189062462674826e+01 4.356015367545951023e+01 6.349189062462674826e+01 6.911719702532667498e+01 4.874384368296558279e+01 6.911719702532667498e+01 6.352735917029368551e+01 4.327513803941658921e+01 6.263113498947806335e+01 5.522328544571923459e+01 7.537826039269013734e+01 8.229341503562567084e+01 7.073306094744339134e+01 6.243028562579844731e+01 5.155636626147860113e+01 3.156861193666817300e+01 5.134109004701836909e+01 4.832997902405857360e+01 3.083267452527373109e+01
9.757004629446797139e-02 3.938348259094196724e+00 1.803814990256703510e+01 3.394486475939315540e+01 2.153940600423658580e+01 2.727160002480171741e+01 4.725000217068048158e+01 5.139017139121472866e+01 7.138969054214223320e+01 6.745256260609185972e+01 4.607241088068968082e+01 4.321904237298648610e+01 6.084592350480050982e+01 5.977588074647647431e+01 4.072812039797710071e+01 5.977588074647647431e+01 6.332728434662083572e+01 4.404215796355761370e+01 5.684797830823765707e+01 3.688010458179989115e+01 5.684797830823765707e+01 6.232607924453968451e+01 4.206576726840621205e+01 6.232607924453968451e+01 5.768104650943429590e+01 3.762730226989690863e+01 4.245097509748750042e+01 5.500375149065991565e+01 7.504849941771762190e+01 7.397844494072276689e+01 5.397644627337408707e+01 4.245236008041540998e+01 3.487934281658412772e+01 2.908084510252897559e+01 4.587728892659177404e+01 2.832873829646114316e+01 4.832997902405856649e+01
4.225409065741109194e-01 2.042254090657375443e+01 9.778651876116121855e+00 1.407592508704644452e+01 2.474465513555472285e+01 4.407375912284052077e+01 3.725210922841174721e+01 5.139017139100968024e+01 7.138968989490453509e+01 6.568573358000475082e+01 5.233451233826270510e+01 3.021498458293366340e+01 5.233451233826270510e+01 5.290185925595861960e+01 3.472224009990690519e+01 5.290185925595861960e+01 5.506593160455134495e+01 3.507565380410227363e+01 5.108374967268599676e+01 3.106467514516108963e+01 5.108374967268599676e+01 5.647743095789640222e+01 3.638256863680403796e+01 4.888228691051172348e+01 5.232145791893510278e+01 3.241453362412338635e+01 3.502091580922664349e+01 5.500375149065991565e+01 6.478966698146881242e+01 7.482122801777731524e+01 7.073306094744339134e+01 5.120940848685757629e+01 5.452493255178159615e+01 4.387297927709391843e+01 2.589301713307688857e+01 4.587728892659177404e+01 4.832997902405857360e+01
8.169748314230130815e-01 2.081697483100508350e+01 2.967596549612271417e+01 3.394486475996514940e+01 4.222111750099718819e+01 4.609767965087544894e+01 5.724789493005115304e+01 5.443098651662764098e+01 6.267504592026718058e+01 5.728651133034089327e+01 3.550987597496094850e+01 2.345769327701453122e+01 4.566522378332823706e+01 4.742049784030569270e+01 2.954479028833357290e+01 4.742049784030569270e+01 4.799830110930106741e+01 2.794300741513787401e+01 3.902930110752674864e+01 2.584020384161380690e+01 4.591484685591337467e+01 6.313191243591681001e+01 4.297989875915111924e+01 2.885108079401383208e+01 4.236206661661575623e+01 2.736175571128494255e+01 2.900428665545317131e+01 3.652383822015103476e+01 4.644768867994900319e+01 6.664548701335040448e+01 7.951965300563345806e+01 7.120866003713642556e+01 5.968993645535892512e+01 3.903656681035145226e+01 2.454868301378682105e+01 4.451116949980712434e+01 6.090544984583609534e+01
7.482281904641915338e-01 2.074822819046383771e+01 3.643503039781299435e+01 4.609414803789923809e+01 5.924274120432547619e+01 6.291343096327474882e+01 5.125847066856555756e+01 3.471045518362112858e+01 5.125847094620009159e+01 5.499073081088899784e+01 3.309270447868359355e+01 1.743763770575355210e+01 3.950596301856331394e+01 4.264301403990225481e+01 2.479669978851953260e+01 4.264301403990225481e+01 4.243129307219849977e+01 3.414004076273111110e+01 1.887036436387444382e+01 2.900585242884806902e+01 4.320614436430150818e+01 6.316771213513458605e+01 5.681837627184590644e+01 4.234227653158267657e+01 2.189550848498944902e+01 2.206444797268895996e+01 3.403679724359441394e+01 5.405655968682610535e+01 6.478966698145930536e+01 7.482122801728640127e+01 6.995141694146218470e+01 6.164605586504008983e+01 5.727972746269782789e+01 3.731457076753964230e+01 2.321777742118900889e+01 4.316140751851980184e+01 4.094620656060838115e+01
6.697973685351282791e-01 8.223969221738553159e+00 1.815156899616107111e+01 3.182309909250639635e+01 4.197828777697204572e+01 3.876351589140697484e+01 4.304413819516650364e+01 2.365935618912806859e+01 4.304413143337537662e+01 3.815960029129715991e+01 2.966318332061476681e+01 1.294337904532622829e+01 3.422894399750477135e+01 3.247669782939293270e+01 2.031983863343919339e+01 3.831464705834824969e+01 3.414004076273111110e+01 1.391399163969385278e+01 3.414004076273111110e+01 4.730837336802566995e+01 5.731841323112396935e+01 5.949706375987114626e+01 5.103520862744353792e+01 3.306640333928653064e+01 1.679294169699592487e+01 3.798535151512479757e+01 5.075866635612842970e+01 6.229504955283632484e+01 6.286023592059363807e+01 6.871898777310272521e+01 6.164605586504806212e+01 4.170083769268185137e+01 4.754265684285914517e+01 4.183057111959718810e+01 2.189573947743229709e+01 3.993977105539074302e+01 2.683591703628623293e+01
9.239707316362346656e-01 2.092397073163587962e+01 3.595643134563361798e+01 3.360803486185602651e+01 1.978789767205141104e+01 1.842957536006303698e+01 2.818288331729967311e+01 1.698483785076982144e+01 3.390701130309680167e+01 2.603957346634604519e+01 1.210024744409428266e+01 8.941454423013498243e+00 2.728286875917930843e+01 1.414502107132669551e+01 3.239707016513340676e+01 3.477481291885752768e+01 2.653928662204120670e+01 1.074170038596786547e+01 2.501263914801679533e+01 4.510083450776581060e+01 4.410511395920115518e+01 4.256194206096188992e+01 3.133994086340766927e+01 3.225833592796060856e+01 1.389173810361496919e+01 2.943360411726207104e+01 4.977178480336856836e+01 5.705771178272121347e+01 4.293270738868404379e+01 4.876934536332883141e+01 6.166453245679897321e+01 4.754057311590219825e+01 2.761952166311374413e+01 3.690904680071719213e+01 3.815802216112076906e+01 2.002423721907990384e+01 3.994758599751007466e+01
7.344999525375345284e-01 2.073107015258643671e+01 3.584726375466200210e+01 2.037035787615651117e+01 8.615590872224032637e+00 8.769625020131218918e+00 7.970617471595538461e+00 2.135510506360430227e+01 2.268347472152655087e+01 3.076924896391599162e+00 3.390366777737921389e+00 1.114425128087341044e+01 8.229130557275299296e+00 2.312093612631097628e+01 2.440666866344677288e+01 2.531849304838170411e+01 7.135492798905399781e+00 2.653631232248052996e+01 3.775841696856547003e+01 3.613030473334381298e+01 2.385945842836019892e+01 2.319203815265272084e+01 3.061741870244734542e+01 1.345202130760933024e+01 1.142081115789857115e+01 3.799800190428581459e+01 3.304857472259779172e+01 3.810049492209176947e+01 2.883439650094944184e+01 4.876011495502296356e+01 5.295712239326341830e+01 3.472975542075910482e+01 3.315569167666081540e+01 1.697276575707714130e+01 1.822486680116228186e+01 3.749818239182221191e+01 3.649599627191597762e+01
8.205962881864476977e-01 1.991396455269552135e+01 2.056316376441531091e+01 1.051077436304196588e+00 1.346774393507997214e+00 1.664496072198517806e+00 1.993641836683017976e+00 2.317554372822324460e+00 2.633514098209314369e+00 1.165256321570760356e+01 1.906351827217061157e+01 3.835249214720467759e+00 4.157714897642994956e+00 4.481279794470591327e+00 4.804969309376175168e+00 5.128911231074423149e+00 5.452989129406133451e+00 2.467230967005997044e+01 2.647947189795062783e+01 2.737399425093587269e+01 1.239917285204446706e+01 1.265797235176550117e+01 2.013063055973507431e+01 8.298744044455355962e+00 1.143652768423172894e+01 2.926314708405204357e+01 1.498487955087724188e+01 1.818714150693365283e+01 3.808207392879043596e+01 5.345406835591300876e+01 4.579898409537505444e+01 2.657548565385911488e+01 1.528476159027687586e+01 3.517310315820764544e+01 2.866778152223061582e+01 4.525962192757417313e+01 5.705734454158135804e+01
1.503081736372913202e-02 3.252295245047419070e-01 6.355028793925074915e-01 1.413949022053257565e+00 2.001007846475075880e+01 2.238208206158015301e+01 5.540264241584535121e+00 1.571947816950972054e+01 2.101899389001394525e+01 9.710680484268650048e+00 5.869760636297846723e+00 2.084454323252284880e+01 2.320651350630095422e+01 2.477907797673701751e+01 1.461645093374425564e+01 2.382723020651403090e+01 2.407418732889930268e+01 5.914473920932548090e+00 2.291300212216117416e+01 2.407367849493622458e+01 7.162180691344560479e+00 7.495288049929447638e+00 7.829151605356270416e+00 1.556869338175448547e+01 8.771809457650888930e+00 9.106602998572840946e+00 9.441783715462319648e+00 2.976907838519344551e+01 2.655340344846157663e+01 4.590649808981553548e+01 4.041659482110443946e+01 3.229515360920077427e+01 1.418939875105660420e+01 3.396678713653817994e+01 4.705440487581999776e+01 5.532103411905004009e+01 5.958636243155890355e+01
1.711296032766891351e-01 2.014709484304732356e+01 1.991202667612133936e+01 2.825289682891021226e+00 2.158984147808587650e+01 2.804085664081752327e+01 9.125016822820246176e+00 2.699504868280093461e+01 2.215147081744606083e+01 2.906926700171811362e+01 2.563658719762173277e+01 7.894698265620055722e+00 2.722212039189119182e+01 4.109582781478559355e+01 3.530178264878328065e+01 3.995487224687695971e+01 2.416421897896581683e+01 6.791844924493474878e+00 6.373034622795291426e+00 6.696042856959341094e+00 2.749414734808397398e+01 2.536509947813206978e+01 2.925163644238751104e+01 2.112309217305164211e+01 1.787633604266549270e+01 2.937680041345389625e+01 2.965249663864624452e+01 9.917004711236522496e+00 3.010485720964774004e+01 3.102504020854583899e+01 3.143811725688533798e+01 1.267505287747441223e+01 3.207517035647935444e+01 4.168155025075471087e+01 4.795226160363890955e+01 5.140884294988807568e+01 4.084877453488648058e+01
6.634215400813491259e-01 2.062541522960506413e+01 3.098804326753850802e+01 1.629495766405512924e+01 3.098890550551945466e+01 3.175659681249100430e+01 1.287237006253701210e+01 3.171346634568575951e+01 3.781578187951755154e+01 4.516988578704263091e+01 2.840652536628869385e+01 9.315488888078133911e+00 2.868335558487854087e+01 3.890207671843184301e+01 5.278663541635715717e+01 5.196492577737228657e+01 3.755178655507002361e+01 1.755213197551868731e+01 1.776309221934661764e+01 7.995081089573171873e+00 3.084348801140471608e+01 4.709286595127484532e+01 4.671055213546527085e+01 3.826044230817421976e+01 2.571818668458515234e+01 3.751405500543409488e+01 1.727755104139123432e+01 1.228195674367661105e+01 1.039386911688228388e+01 1.073192557643229428e+01 1.107170616449102063e+01 1.456845271348878157e+01 3.181543719510857215e+01 3.565284733038760834e+01 2.751677086648981430e+01 3.316369606818400939e+01 2.905967035166787227e+01
1.702428053490451232e-01 2.017024280534868907e+01 3.804516938964810890e+01 4.048406927992861881e+01 4.495070097027909384e+01 2.684548936725670032e+01 3.176691598149225015e+01 1.880973625806755578e+01 3.755034156321502081e+01 4.474914262663941145e+01 2.507981022803277327e+01 2.866851835090032097e+01 1.131709085678206073e+01 2.496427326750654530e+01 4.099097418629662570e+01 5.387767807716699764e+01 3.439566207632483952e+01 3.760874926622661718e+01 3.021824893640879495e+01 1.023713922748669169e+01 2.610252551849587377e+01 4.789102044440674888e+01 5.657161777465200458e+01 3.784588159335059032e+01 4.332914477944920861e+01 2.607846573907614030e+01 3.755201202152517936e+01 3.360082756134010395e+01 1.887986268067310291e+01 3.059736014878517096e+01 3.140209909875095917e+01 1.158144641749338177e+01 1.194820828905526611e+01 1.233692663060146977e+01 1.273336695582905520e+01 2.083423588034830587e+01 3.137161101424563725e+01
1.450734497938095391e-01 1.012612254914645327e+01 2.397019379365242031e+01 4.295551010086446553e+01 5.329147348340335100e+01 4.525719441725515679e+01 3.195153337871529331e+01 3.755034156338468421e+01 2.579956091500805471e+01 4.468924081512911783e+01 4.474773790227986581e+01 3.072275246538389482e+01 3.072329043250268654e+01 1.332748753795299201e+01 3.012017257619086053e+01 5.187726321492641546e+01 5.387767807716854662e+01 4.753599184402263944e+01 2.636345147666649424e+01 1.319167431147850067e+01 3.531329288574114855e+01 4.836889841773359677e+01 6.477647890486107940e+01 5.657850914008594856e+01 5.237625418501911412e+01 3.243904447460474216e+01 5.237679730996585903e+01 3.892782638322743338e+01 3.346159672798434315e+01 4.510082205302774128e+01 4.191884365926556200e+01 3.234036715363409797e+01 1.337445744411111193e+01 2.073475734954156025e+01 3.027109572127551473e+01 1.330534516097968556e+01 1.371368007515446230e+01
2.896770308316644060e-01 1.443181265456248852e+01 3.443181265456177442e+01 4.430434703542189823e+01 5.431079875416367031e+01 5.915742788029382382e+01 4.536879010288203062e+01 5.021826927867913071e+01 3.106887919377155427e+01 5.021826927868293211e+01 5.869952419562127233e+01 4.779071672290437078e+01 2.936044779454659803e+01 1.476330802607942161e+01 2.815654382713737292e+01 4.086284339669812482e+01 5.801303198236259107e+01 5.582500462673538522e+01 4.380063047287766409e+01 2.916075412402844336e+01 1.811376910245949290e+01 3.997393087332827122e+01 5.338207102959483308e+01 6.764133775146713390e+01 5.990026711303188733e+01 3.999503800266315068e+01 5.990026711304747664e+01 5.912375098122907957e+01 5.552946692965063846e+01 4.854666636128510504e+01 3.499005221649022701e+01 1.539638364606071441e+01 3.319912067310649917e+01 3.499067080859441603e+01 3.033004674947076040e+01 3.648945771406468452e+01 2.711699967316178572e+01
