MOVIE_S3_data/elevation_000126.asc
nrows	100
cellsize	150.0
xllcorner	0
ncols	100
yllcorner	0
NODATA_value	-9999
[rows 51 to 67 of 100, columns 37 to 73 of 100]
7.504412340130078007e+01 5.203889446479246317e+01 3.528056440985807285e+01 3.313671844961348967e+01 3.880113960474730561e+01 4.217800394784099893e+01 6.220671210212579183e+01 7.959834990963770451e+01 8.898422896932454762e+01 8.372894805555596065e+01 7.604549312370068037e+01 6.415850026386777927e+01 4.392742594146810831e+01 4.079588140078567449e+01 4.160293480806027588e+01 4.242232567641593732e+01 4.324303645412447139e+01 6.331064677868840818e+01 7.158580707019970646e+01 6.229724897475823298e+01 5.937177546480091905e+01 7.801476315070875955e+01 6.979475895412993225e+01 5.110457874479106977e+01 5.214440841174729968e+01 7.227730294004857114e+01 6.184474748072143058e+01 8.202717612240013523e+01 9.183536312284084602e+01 8.337049139286001775e+01 6.682325161503302979e+01 8.080835084014466929e+01 9.045995789692116773e+01 1.110586164493557249e+02 1.161807491840783229e+02 1.184834807837305135e+02 1.270293997681502134e+02
7.656392008248680270e+01 5.655552283029040694e+01 5.327882348431236892e+01 4.944616738133634470e+01 3.375430967213520006e+01 5.461761251962902719e+01 5.249652134712821550e+01 6.244403124929476689e+01 8.125869369663809039e+01 8.837484970514121585e+01 6.801379466203206903e+01 5.309056280957858576e+01 6.414880045170232847e+01 5.065034945518435450e+01 4.673888144866049998e+01 6.237700625752575689e+01 6.330208051114405521e+01 4.441233214483461467e+01 6.427595868506799093e+01 6.636110639152207114e+01 5.226687993786035236e+01 6.840943191925711631e+01 4.969278131249398456e+01 6.983566780703263532e+01 6.218482949244241098e+01 8.043820038649232629e+01 6.815596441452063914e+01 8.842010309919916722e+01 1.035121065850645294e+02 8.303874518922738446e+01 8.679574465054331256e+01 7.039023338279835684e+01 9.045995796597117078e+01 1.044422337660974165e+02 1.113950069780008789e+02 1.198946076370977494e+02 1.302378359067509166e+02
7.706178778457855572e+01 5.833784828877888629e+01 5.538957052295418748e+01 5.385574406018170635e+01 3.419409029291857394e+01 5.445128987977899726e+01 7.183656667777910343e+01 7.960085207839955501e+01 8.898422896935601045e+01 8.837484970514121585e+01 6.801379466203206903e+01 6.801379466203206903e+01 7.876696840955425216e+01 6.341429128211458988e+01 5.208716472969551603e+01 7.133385136399705573e+01 6.709593722006916039e+01 4.725210642004987704e+01 4.564082772053892967e+01 4.651327190919820964e+01 4.739278738156632897e+01 4.829206698425125666e+01 6.414940666876843522e+01 7.715487412377572696e+01 8.207100039765026622e+01 8.207099751366267526e+01 7.817366401132159126e+01 8.240723240814568840e+01 1.029383553603205286e+02 1.035121051865963437e+02 9.353880644262605415e+01 7.334934165844744314e+01 7.804609620830062511e+01 8.375877995380433561e+01 9.053668734229061954e+01 1.009827685114223925e+02 1.218072454445793369e+02
6.676693223704499758e+01 5.128544502155172324e+01 3.886091865637490628e+01 3.481682840292063474e+01 4.661704507079426207e+01 4.914806576225002743e+01 6.177799860088064321e+01 8.059276255549958989e+01 9.077180715678419176e+01 9.683682978613460079e+01 8.837484970514121585e+01 8.837484970514121585e+01 8.850820678206348191e+01 7.584405368622391563e+01 5.785260314157833506e+01 7.123618015721781660e+01 5.138900857397457145e+01 6.709766317595288854e+01 6.582323524194070785e+01 5.809431382710349112e+01 6.758467396606609157e+01 6.840904808419897165e+01 5.147015091833142009e+01 6.568635554779235974e+01 8.617817471797944506e+01 1.019754189259913630e+02 8.994651492712944219e+01 1.029380460189489526e+02 1.113946944617873527e+02 1.114079023004848779e+02 9.063308135459905657e+01 7.636907568420045322e+01 9.671656944147615320e+01 1.044422337660974165e+02 1.113950069780008789e+02 1.198946076370977494e+02 1.302378359067509166e+02
6.752976414731062960e+01 4.566186153636560618e+01 5.689084067687431201e+01 3.660943610687385785e+01 3.542954664497240458e+01 5.360786349446161836e+01 7.162325569747706311e+01 6.279155923662410999e+01 7.565045542577720994e+01 8.394710453214379697e+01 9.543552898877534574e+01 9.851553653850044157e+01 8.006928344454387059e+01 6.699458840470482812e+01 7.676169946970831859e+01 7.963916936920816170e+01 7.123239127470128551e+01 5.566632521046125959e+01 7.558034874410103043e+01 7.810157147753456286e+01 8.630087729756631632e+01 7.389827602359466141e+01 5.376731476886012473e+01 6.534673494430016660e+01 7.957048556607261958e+01 9.994505402194143073e+01 1.105775641938949292e+02 1.189769895450525752e+02 1.252170337267834412e+02 1.044403937480246327e+02 8.966061456877933722e+01 7.955275061178902263e+01 1.000934423625741232e+02 1.116497807743651123e+02 1.176971156901487490e+02 1.255541640791837921e+02 1.255541640791837921e+02
5.350200240808485574e+01 6.752976382511273812e+01 6.492150901521399931e+01 5.501514880112524963e+01 3.585268149555854933e+01 5.583784047753989910e+01 6.022592607580915569e+01 4.940077398704401901e+01 5.626526397728724760e+01 6.729475112151840221e+01 8.706455977190594808e+01 1.040985856298326837e+02 8.547206588828039742e+01 7.770682675569509001e+01 9.327917777320951132e+01 9.047692038878277287e+01 7.015930231290155916e+01 5.874134506835311953e+01 7.278399534331096277e+01 9.313709557310738774e+01 8.795321722173710555e+01 6.770676600185834104e+01 5.614873859769489428e+01 7.627214007969639908e+01 8.827075665333423160e+01 1.027106067991128668e+02 1.019119629121592681e+02 1.104172482235659203e+02 1.223240310568071436e+02 1.190284133008022565e+02 1.074651573563718188e+02 8.661363164207183729e+01 8.540445200704243689e+01 9.068430548830578175e+01 9.674853304110374097e+01 1.047663680027962130e+02 1.195464789048768921e+02
7.520178574357629486e+01 7.583056139101847748e+01 5.615920894179740941e+01 4.406099503918836291e+01 3.627187301700682553e+01 5.625307794238572257e+01 4.198229028951078590e+01 6.008726604751986855e+01 7.355026902137205980e+01 8.394710453214105428e+01 8.439914664738167005e+01 8.650658126539894965e+01 9.468914962876463903e+01 9.607957980985285928e+01 1.040225107943961689e+02 9.897401699154232801e+01 8.219572177035050231e+01 6.207636402150737354e+01 7.621251573467166907e+01 9.664045892815886418e+01 9.639272514381865165e+01 8.469583255099655617e+01 7.627213977333018136e+01 5.968782535225314234e+01 7.383090650755579532e+01 9.002237830583320033e+01 8.131859829311385113e+01 9.315848863723620354e+01 1.138694311430775912e+02 1.281859879890301954e+02 1.074651765305419246e+02 9.701668188598489451e+01 9.320606424944207902e+01 1.116497807743651123e+02 1.176971156901487490e+02 1.176971156901487490e+02 1.339579052645896979e+02
8.715072756229236006e+01 7.305245010227400826e+01 6.038312122559123907e+01 4.045832697967896507e+01 3.973672953366233429e+01 3.688599607947302417e+01 3.732767518989432176e+01 4.466212491699095466e+01 6.238536673041887326e+01 7.423187790785082996e+01 6.618962671189262892e+01 6.815560467033648706e+01 8.285775588038896444e+01 9.100741910584640948e+01 1.005998421209969109e+02 9.771001665611271392e+01 7.723629364574217959e+01 6.565781133373545231e+01 8.588950716476142588e+01 1.000924774976021041e+02 1.085824065667512599e+02 9.421087095003503009e+01 7.383090650777259611e+01 7.980005966083899693e+01 6.346995994742723468e+01 6.972972330193863399e+01 8.398525598272983927e+01 1.045972808959747340e+02 1.133297375484916643e+02 1.217906758591371386e+02 1.263654682849872870e+02 1.118640616242511925e+02 1.080828093570231232e+02 1.080828093570231232e+02 1.288114832733128878e+02 1.382509733026421941e+02 1.335552600884930143e+02
7.466609854881794206e+01 5.896315631402963930e+01 4.484777976085604934e+01 6.038312122559123907e+01 6.266108923454389412e+01 5.683973244956069237e+01 5.725522053669935474e+01 3.794970626594581375e+01 5.063680060639738656e+01 6.486137042988596590e+01 5.364068563045793780e+01 5.912915026673896080e+01 6.490367554527016125e+01 7.346837267290668194e+01 9.224713908787127536e+01 1.061963626313467586e+02 9.177083973099335878e+01 7.139730608913299648e+01 7.348031534506618812e+01 7.954762147907966607e+01 1.000924774976021041e+02 1.027106781035369352e+02 9.421087096515894643e+01 9.209555515580092333e+01 8.360527734740135486e+01 6.774141924822421856e+01 8.796730458029897193e+01 9.866669451154723447e+01 9.259306321998452916e+01 1.133297375484916643e+02 1.229799386193293174e+02 1.325187205940955550e+02 1.288114832733128878e+02 1.288114832733128878e+02 1.371952591388186988e+02 1.388872051573002295e+02 1.254950535553869599e+02
5.482420342570597427e+01 4.964719394504236050e+01 6.478694690074318885e+01 7.305245010227399405e+01 7.380273316055657062e+01 5.309789692457571419e+01 4.543656020819356911e+01 3.838234847675588668e+01 4.270721702811542286e+01 4.710656450048379895e+01 6.539577341439454017e+01 7.687306243404385953e+01 8.285775586760712486e+01 9.100741910584739003e+01 1.005998421209980194e+02 1.123374869098470583e+02 9.177083973099335878e+01 7.849983109444602292e+01 9.389797033530082615e+01 1.000924774976021041e+02 9.136703329722435285e+01 1.120116559346216292e+02 1.079505871848694909e+02 8.725118202795054856e+01 7.552091325832405744e+01 8.796730445911116192e+01 7.311435144690031507e+01 7.808552573567989441e+01 8.448741394663396420e+01 9.373330166659323481e+01 1.057765857388700539e+02 1.264653700856572840e+02 1.377965477657489828e+02 1.294919374439779745e+02 1.272855070748322106e+02 1.306632180458067580e+02 1.104856819496401101e+02
5.695000176166481509e+01 6.115060689043439623e+01 7.781340948238340616e+01 8.832935187264463650e+01 6.778561210980545582e+01 7.380034269389572898e+01 5.886528196900110999e+01 3.880981158379656648e+01 4.176045021122435230e+01 6.087593074724547648e+01 6.153902935900510585e+01 7.440490338992474051e+01 9.304343647992037347e+01 1.074827992078540007e+02 1.041858121449337347e+02 1.120998405483594098e+02 1.075218276108321334e+02 9.298582833320652696e+01 9.298582833320652696e+01 1.136184911722438358e+02 1.033057463807249690e+02 1.204592572690347509e+02 1.164374461765183923e+02 9.599978419627521475e+01 8.313907662338756666e+01 1.020459436977842529e+02 8.746387414058209231e+01 8.389907754980593779e+01 1.045710173975623007e+02 9.915067128046329969e+01 1.198872215270018415e+02 1.348496603707552879e+02 1.284823581266455221e+02 1.093423334132893814e+02 1.071391122049451923e+02 1.213684994497827176e+02 1.141883288117409023e+02
6.837883689557976652e+01 8.100708793213591719e+01 8.930904280777343729e+01 9.648557639623363968e+01 8.832935239748840672e+01 7.419973821542549786e+01 5.339986248180875350e+01 3.923570407366518964e+01 5.906933865606936251e+01 4.605639770722560655e+01 6.588330048952418849e+01 7.847402662121550065e+01 9.256702811453116908e+01 8.831666784443464735e+01 8.499950155264335194e+01 1.010361734823671895e+02 1.145788532846957821e+02 1.136184911720865216e+02 1.136184911722438358e+02 1.220578268884577682e+02 1.239041495482941997e+02 1.322934292414234960e+02 1.250978592797430622e+02 1.123214293086439568e+02 9.343647568813747739e+01 1.123213340519263141e+02 1.081455636949510080e+02 9.419777503359763671e+01 1.130733314040355992e+02 1.198872215270018415e+02 1.283114087373609493e+02 1.344237788180357427e+02 1.142554388978538071e+02 1.001288011352069560e+02 9.311849029254693733e+01 1.130398546458732767e+02 1.157005435457393645e+02
8.827049421049829903e+01 9.659422458226009667e+01 9.500232424165793077e+01 8.963569209673883620e+01 8.491489697007483528e+01 7.354787149380391043e+01 5.371179690115673111e+01 3.965817868172637617e+01 5.957531904018510716e+01 6.588114454362647621e+01 5.073325497270845830e+01 7.047181007217753290e+01 7.327734764567038894e+01 7.466022401401077957e+01 7.383180542985157047e+01 8.749349396282492819e+01 1.054354449500788178e+02 1.164809378960378012e+02 1.230262681869611754e+02 1.146570942603579510e+02 1.230262681869611754e+02 1.324393101082163184e+02 1.240856479406548232e+02 1.226499698996985046e+02 1.141920576087345012e+02 1.226500586066160707e+02 1.233967159759246073e+02 1.149442597615272206e+02 1.233967159759454262e+02 1.292635651111514790e+02 1.209374417577928682e+02 1.292635651111514790e+02 1.175452800145334038e+02 9.754235995487437094e+01 8.601220802607761584e+01 9.893104517114572616e+01 1.072325338457623474e+02
9.624819422290548232e+01 8.787719891688445273e+01 7.492258496224631870e+01 6.960005626435643933e+01 6.490432549149477381e+01 6.649414701691847540e+01 6.000246052455067769e+01 4.007895279997543270e+01 6.001893068749269844e+01 7.841255949909019307e+01 7.047180453447784032e+01 5.577508967277485397e+01 5.944195656225328861e+01 6.341695927269311284e+01 6.960106639979166232e+01 7.827339088086837648e+01 8.942511622092247592e+01 1.085710637154903111e+02 1.128448981637179998e+02 9.422900504614226236e+01 1.128448981637179998e+02 1.206556117717358205e+02 1.035750152562045940e+02 1.206556117717358205e+02 1.263970276946511433e+02 1.180130711765440310e+02 1.206579368000685122e+02 1.290306716070258517e+02 1.285097377792247926e+02 1.191815305614075555e+02 1.007472651180273999e+02 1.191815305614075555e+02 1.258711960789684525e+02 1.130796415710028668e+02 9.307050465378175375e+01 7.795009257673487468e+01 9.260505124414579825e+01
8.197451947409182083e+01 6.787065121576635818e+01 6.084050037781148035e+01 5.551282902215341863e+01 5.073387045697367626e+01 4.617110360671447467e+01 4.238263554296575819e+01 4.049918467753968798e+01 6.044768981557022869e+01 6.735262799043536575e+01 7.614614133743251045e+01 7.536770618037628822e+01 7.327734767050552023e+01 7.716622814926201102e+01 8.280471547627537632e+01 8.328657256967878197e+01 1.024898317346404752e+02 1.027071815190117405e+02 9.430707753794676762e+01 8.417110542264336459e+01 1.044430496532500854e+02 1.122438320150456974e+02 9.152643052593352024e+01 1.122438320150456974e+02 1.145574265655340156e+02 9.739637455862177262e+01 1.000840677342563225e+02 1.206579368000685122e+02 1.201885694751122742e+02 1.000166486396963705e+02 9.069238869367354994e+01 1.108423534379100772e+02 1.189241939251424753e+02 1.105701186616058180e+02 1.072326092288656127e+02 9.260505124414579825e+01 6.995524670786140575e+01
8.417674380225204800e+01 8.080381614309033012e+01 8.080380552694437313e+01 7.546835790357633300e+01 7.076479336918524154e+01 6.649417632155683577e+01 6.237914922048860689e+01 4.394389960892765856e+01 4.110228954530342804e+01 5.103167052885961397e+01 6.753935356673439117e+01 8.133824651320296084e+01 9.256705072161796011e+01 9.641722810596165516e+01 1.020227328916434857e+02 1.024898317346404752e+02 1.104055259730758962e+02 9.430707753794676762e+01 7.453990873357176383e+01 8.903519023497730700e+01 9.685068451420065117e+01 1.049191249198737523e+02 8.415986729460013294e+01 1.049191249198737523e+02 9.763811678244205439e+01 8.535818699652077157e+01 9.739637455860140847e+01 1.180130694031166740e+02 1.179817544055900242e+02 9.781013435775929565e+01 8.352340843965833983e+01 1.037182650822502978e+02 1.105701186616058180e+02 9.039162054079920949e+01 9.629460573919133992e+01 9.400371827129458779e+01 8.696077357111003892e+01
1.043423359930032319e+02 1.009236243535100641e+02 9.893463861275674276e+01 7.892863948171061850e+01 7.892857723726936570e+01 6.884963252351109020e+01 4.901112590705013616e+01 6.380500662119411004e+01 6.105874938899425786e+01 4.170645807231907298e+01 5.322192797656465757e+01 7.316174160971446838e+01 8.206433234078839689e+01 9.034287846719756487e+01 1.018560846820452923e+02 1.078242653235411979e+02 1.152188260190233251e+02 9.102202752880582182e+01 6.922421567466994929e+01 7.231151962258776678e+01 8.837178122770507116e+01 9.865997353186436669e+01 7.799684427689389565e+01 9.055522776240729854e+01 7.698812413667288013e+01 9.158207652676067312e+01 1.122586913019853512e+02 1.263968011402000542e+02 1.127734645048385005e+02 9.259335965226752307e+01 7.827891793663896181e+01 9.850397551852995548e+01 1.071486622971279985e+02 9.627358787511933258e+01 7.628878248791633609e+01 7.948091029541420482e+01 6.705299855069709736e+01
