MOVIE_S3_data/elevation_000153.asc
nrows	100
cellsize	150.0
xllcorner	0
ncols	100
yllcorner	0
NODATA_value	-9999
[rows 34 to 50 of 100, columns 37 to 73 of 100]
4.549979251338103836e+01 5.072873107939036430e+01 5.740787214191134780e+01 6.627290712544926521e+01 8.017637208377162494e+01 9.993650377231013238e+01 1.007862321378152473e+02 1.090073650378112120e+02 9.501188543794279440e+01 7.533906546526725378e+01 7.278681422051673167e+01 7.278681422051673167e+01 9.245862802658155033e+01 9.837462234929519411e+01 8.581175621435890832e+01 7.133911844555302650e+01 5.127946571939847331e+01 7.133911844555235859e+01 8.219418617888365475e+01 6.289163013040943895e+01 8.219418618739325666e+01 8.637365038425700448e+01 7.111248127575009903e+01 5.093550565734443580e+01 6.865672869905381503e+01 5.106883566433954513e+01 6.536044029260425248e+01 8.536176690140293033e+01 1.003386025062135474e+02 1.109940068210938335e+02 9.706300184736349479e+01 9.122696535064304157e+01 1.048131054402717552e+02 9.565675148294873509e+01 1.054874124185974864e+02 1.251678573959382135e+02 1.332137772872345352e+02
5.965975014659221642e+01 6.479549046870748441e+01 7.057453395688206399e+01 8.539668851309467357e+01 9.424096496284366253e+01 9.761949765712232363e+01 8.111290069663874647e+01 9.761949765712232363e+01 1.031924344715986166e+02 9.501188543794279440e+01 8.669528119979037228e+01 8.414655509694895841e+01 1.006345339353169237e+02 9.017875982138293978e+01 7.032664298783751633e+01 6.032132398507403082e+01 5.636047383160951085e+01 7.633199998353418891e+01 9.112114150519073519e+01 7.709856480898709208e+01 9.112114150518993938e+01 9.032911432450201517e+01 7.547644915215397532e+01 5.527194253707076399e+01 7.308038576067144731e+01 5.295611013244740661e+01 7.308154383894589046e+01 7.223135978786361022e+01 9.215326123833852989e+01 1.011301594132615804e+02 8.309407100301498872e+01 7.978934580969834656e+01 8.511035945809295811e+01 9.649877938897226670e+01 1.161706860416936422e+02 1.333556482042031917e+02 1.298137546247016587e+02
7.946450453615153720e+01 8.454686387469682529e+01 9.034529512376823845e+01 9.008047312039333576e+01 9.828878795007003077e+01 8.942782893439533609e+01 6.971873188102071595e+01 8.942782893439533609e+01 9.655580761023657033e+01 1.047685075680822138e+02 1.063725781004805526e+02 1.038131308065684237e+02 1.120095567117522108e+02 9.837462234929519411e+01 8.845816414676164641e+01 7.032664298783751633e+01 7.051679722090854341e+01 6.456490641347191684e+01 8.445009369799409171e+01 9.695962037678565082e+01 9.623029862046820426e+01 7.623000168867956461e+01 6.186922432860730936e+01 7.547644915215397532e+01 6.199970976106573772e+01 7.308066286591163419e+01 5.578118867737926223e+01 7.588709679122840157e+01 8.700238865736804428e+01 8.734419310161810301e+01 7.310174378749984214e+01 9.296133198989247148e+01 1.048131054402717552e+02 1.129779449730558412e+02 1.243468875034402998e+02 1.347306250201968396e+02 1.381270490535787587e+02
8.235544055190008805e+01 1.029301827739537600e+02 8.685482545060608572e+01 7.028141408826856207e+01 8.685482545060736470e+01 8.245961084564285670e+01 6.266633638489981450e+01 8.245961084564285670e+01 7.685316295379443829e+01 9.337211585158955529e+01 1.043042173369355794e+02 1.051894163750940265e+02 9.698220233885405150e+01 1.051894163750940265e+02 9.837462234929519411e+01 8.438181652099781616e+01 9.037114136101476447e+01 7.607277050186552003e+01 7.522237472924051360e+01 9.504657385399771385e+01 8.981384501299650935e+01 6.959252239880591162e+01 8.208795303425600309e+01 8.869795331993144316e+01 6.874436967159556389e+01 8.410482412272787656e+01 7.588709681008326413e+01 5.870290352693499614e+01 7.879085332143728237e+01 6.737789373550712924e+01 8.734419310161810301e+01 9.190840126792321030e+01 9.190840126792321030e+01 1.116071160969078875e+02 1.150252627144748203e+02 1.150252627144748345e+02 1.277216991245743287e+02
9.651985005495986059e+01 8.977112457353571529e+01 7.864948105849481408e+01 5.850821752668613840e+01 7.864948105849481408e+01 7.649171404938749674e+01 5.660806011501490786e+01 7.649171404938749674e+01 6.540492546348541225e+01 7.633658338162446455e+01 9.441392223101532011e+01 9.533388815698391738e+01 7.731377303428995162e+01 9.362515674651812958e+01 1.018271720459189993e+02 1.041738189574803357e+02 1.040863463947133170e+02 9.589372999961850041e+01 8.515410387093412226e+01 1.032392265668631524e+02 9.572640698415420957e+01 7.550326729147623439e+01 9.572640698415420957e+01 9.687977860008901132e+01 7.774109859717525239e+01 9.687977860000752628e+01 8.395562686811301489e+01 6.391449948018461669e+01 6.195800331747196310e+01 6.528676987090719308e+01 6.865849776842590302e+01 7.211123553518952178e+01 9.190840126792321030e+01 1.011348419927766855e+02 9.538124134278099575e+01 1.116886964294246383e+02 1.080853613006821661e+02
9.547550397176264880e+01 8.151855257663278564e+01 6.128456162006111185e+01 5.086446899888244388e+01 7.152846904599117295e+01 7.117758400513018557e+01 5.123959167757653432e+01 6.854005939387528201e+01 5.645926940576092790e+01 6.645263326972221307e+01 8.622053349352650287e+01 8.714798768657196604e+01 6.741802917254281624e+01 7.391894998547884654e+01 9.362515674651812958e+01 9.663939252477116781e+01 1.048464620749757472e+02 1.131303086073570228e+02 1.049390438370614618e+02 1.131303086073570228e+02 1.026009914490946073e+02 8.233028635230901671e+01 1.026009914490946073e+02 1.057309452913377612e+02 8.922651275322715492e+01 9.207059138239802110e+01 7.216400860116480942e+01 8.395562686811301489e+01 8.200797591677964249e+01 7.100434684344902792e+01 8.854645367916835141e+01 9.190840126792321030e+01 7.742556503222087372e+01 8.152882943091030654e+01 8.671638716447469619e+01 9.224530139206252954e+01 9.987118903446929608e+01
8.356963569123487900e+01 7.933170123192172696e+01 5.905504268575450766e+01 4.381067099344394933e+01 6.499393847412268599e+01 6.619308592324185270e+01 4.627635856983309282e+01 4.862399773287003768e+01 6.854005939387528201e+01 8.452811371339183211e+01 9.441392223101532011e+01 7.969076431432300467e+01 5.984392842859291051e+01 7.969076431432300467e+01 9.346337446842579766e+01 7.696370574152950894e+01 9.223765055715236372e+01 1.004320343036824568e+02 1.092474697453253896e+02 1.206620624320609920e+02 1.108676143731041748e+02 9.267619304888634701e+01 1.108676143731041748e+02 1.171173194414717642e+02 1.089490519934686290e+02 9.721226119294910006e+01 7.851624526699541207e+01 9.832322162866476845e+01 9.750988708991773990e+01 7.771052229040796533e+01 9.750988708991773990e+01 1.052629339407172040e+02 8.879655952227797400e+01 9.283551003932055323e+01 1.062278825670899636e+02 1.116886964294246383e+02 1.191538260842142165e+02
7.122825513408649556e+01 7.248320305184451229e+01 5.985609055487136487e+01 3.873874361135946032e+01 5.415850759160388606e+01 5.701634442919326773e+01 4.170526213870402188e+01 5.154976548648129864e+01 6.564906192022351661e+01 8.544641041982352192e+01 8.789985560351982485e+01 7.438647430716108033e+01 5.443063485140903879e+01 7.255892199544062748e+01 7.753125179848005644e+01 6.552506500645091592e+01 7.255739496265569244e+01 8.137061518356149747e+01 9.270213472785415831e+01 1.124043408762899929e+02 1.218158229097072791e+02 1.134280727328248020e+02 1.211623370201442782e+02 1.158702848764497588e+02 1.233345616574908092e+02 1.064706454036095664e+02 8.764602941986748874e+01 1.064706454036095664e+02 1.056770754655261442e+02 8.765530331039843759e+01 1.056770754655261442e+02 1.166230518721637708e+02 1.084560905732548548e+02 1.124719402756375501e+02 1.206421520488503489e+02 1.182414509801592715e+02 1.258513120349747538e+02
4.975254854124836612e+01 5.797173895803270227e+01 4.374105776688714542e+01 3.449848906905591406e+01 3.467150980930552606e+01 3.742400227332002061e+01 4.862679134211655452e+01 6.847668707253353659e+01 7.964744041508500061e+01 8.444276916750727935e+01 7.385710018529181298e+01 5.981434392748708717e+01 4.933780510989421941e+01 5.256442504268948568e+01 5.764193258632246852e+01 7.753125179848005644e+01 8.905931545051720377e+01 9.498521348017312960e+01 1.019321049442882838e+02 1.101516778183240319e+02 1.215667697627765307e+02 1.219604024850031010e+02 1.138947489098128756e+02 9.882740930597599061e+01 1.124160280210290637e+02 1.148253526960569957e+02 1.013940981785171971e+02 1.152809403550782008e+02 1.155335099447670757e+02 1.073644708694370706e+02 1.155335099447670757e+02 1.115368545674899536e+02 1.190422335543680248e+02 1.108148678576195607e+02 1.123656791493510809e+02 9.816871161151834713e+01 1.123656791493510809e+02
4.110932729446814449e+01 4.685419472245462202e+01 2.757699843662698314e+01 3.066152054682375194e+01 5.058621898786812210e+01 5.120406279731524535e+01 6.522850995876203228e+01 7.668201653689324360e+01 8.114797091321260325e+01 7.036738485648601227e+01 5.629200054546456045e+01 4.550651747255358970e+01 6.563998661418443703e+01 7.255892199544062748e+01 5.882276685270972649e+01 6.402373903190340343e+01 6.936224255930612514e+01 7.533123316989799889e+01 8.228332869451743647e+01 9.360561913191308747e+01 1.133062960882434282e+02 1.141801980565869599e+02 9.554242831828729265e+01 8.948262720206969334e+01 8.245845464220369081e+01 1.110456323233325122e+02 1.210155779254454984e+02 1.129374188295240060e+02 1.046379602468309429e+02 1.129374188295240060e+02 1.056843070498644295e+02 9.151235913105622899e+01 1.056803138522553951e+02 9.085874089454780744e+01 1.033807881675377018e+02 8.395295911851418680e+01 9.661448851319843811e+01
2.641643647846834853e+01 2.678575100600890124e+01 2.715819139304622354e+01 3.421184102905558433e+01 4.547661837152455888e+01 6.535851463790702098e+01 7.925266809714777594e+01 7.799362757679622860e+01 6.704131866524517136e+01 5.293466641727736999e+01 4.194946286270780433e+01 6.213519949975295020e+01 5.981434392748717954e+01 7.970433219794863078e+01 7.291592879831803486e+01 7.507243014588152619e+01 8.905931545051720377e+01 9.498521348017312960e+01 1.019321049442882838e+02 1.101516778183240319e+02 1.166034617078459803e+02 1.048801553533057955e+02 9.621876853513089145e+01 8.032157030884748394e+01 8.162599064482775191e+01 1.002472616508666761e+02 1.158653718784294995e+02 1.029011320406759893e+02 8.455051310529088937e+01 1.029011320622697809e+02 9.671881973304554947e+01 7.733868628522044730e+01 9.670073115017197551e+01 7.929108508595011529e+01 9.505860823377400948e+01 7.498616277325692181e+01 7.645028980591447976e+01
4.065438473390382512e+01 4.684525162225673256e+01 4.721729435128269614e+01 2.768303301972956731e+01 4.188192883013901735e+01 6.226510403525189474e+01 6.698218952853943620e+01 6.386141432415823260e+01 4.972920107152020819e+01 3.859938959201154063e+01 5.293466641727736999e+01 6.213519949977611390e+01 7.970433219794863078e+01 8.789985682500937969e+01 9.263025212539365327e+01 9.478699615627284913e+01 1.029932913040579621e+02 9.974711992782174264e+01 9.869871602240921504e+01 1.069952354731928352e+02 1.082122137532536925e+02 8.788734304089523164e+01 7.622626670477144728e+01 8.376790694268611048e+01 7.169724087705596105e+01 9.199150736287197105e+01 9.866054031390110879e+01 8.749719767535664516e+01 7.452077906293217779e+01 9.459423667571836347e+01 8.841528429545275003e+01 6.834643508886475161e+01 7.895360255774943425e+01 6.924921324487335994e+01 8.171019001402129334e+01 6.787644243946196809e+01 8.796100985854144483e+01
6.083368200337768172e+01 5.822584071743905554e+01 4.557097974810266550e+01 2.805366504021412766e+01 4.782333670149547089e+01 6.020731966322022544e+01 4.668534521471252674e+01 5.254555863060368637e+01 3.544909663332516914e+01 4.972920107152020819e+01 6.704131866524518557e+01 8.114797091321288747e+01 9.024163857872297001e+01 9.218233583698487621e+01 9.218233583700843781e+01 1.007563260268384653e+02 9.388139753873726079e+01 7.971830710170192447e+01 7.866853156498230248e+01 9.543090702816812154e+01 1.004625039747343607e+02 1.032221458436053325e+02 8.464107319720648093e+01 6.467441720822790785e+01 8.464107319720648093e+01 9.810469712504998085e+01 7.711107731121290954e+01 7.929330426207317828e+01 6.740184501299158626e+01 8.749719748228078231e+01 8.526468248807634609e+01 7.684880284111837057e+01 5.880473985022642580e+01 6.020340910370536847e+01 6.162504729818509475e+01 8.174142276957259412e+01 9.214686777201207235e+01
6.507116977997687002e+01 4.515895617206410151e+01 3.280639659452318568e+01 2.842331892230553336e+01 4.842645777545317287e+01 4.848925174365701452e+01 3.157188499463508080e+01 3.249144766711467724e+01 5.254555863060368637e+01 6.386141432415823260e+01 7.799362757679624281e+01 8.849534117529609034e+01 8.611200254219563988e+01 7.146767905754580852e+01 7.146767905754580852e+01 9.218233583700843781e+01 8.383302707534591036e+01 6.546031396054685558e+01 6.702201904573698243e+01 8.713428363399597743e+01 8.042612711989377772e+01 9.457343245367370344e+01 7.490677618527287507e+01 6.085670869672087946e+01 7.568791175600264864e+01 8.289028830663508529e+01 7.929330425445986918e+01 5.911980273983187573e+01 7.253820398533683544e+01 7.384444768135499260e+01 7.515590118129979658e+01 5.687513951200376283e+01 7.116840470864904944e+01 8.033630480034571519e+01 8.174142276957259412e+01 6.376907502272126749e+01 8.385841675696775610e+01
6.507116683135195956e+01 4.515895617004217399e+01 5.048920463150783888e+01 3.138229745936991932e+01 2.894374782004993207e+01 2.931075994316804056e+01 2.967558734927166597e+01 4.862025161263929363e+01 5.800908839657056859e+01 6.484869723954207643e+01 7.308518201024989480e+01 6.788172575746588677e+01 6.788172575746588677e+01 5.705746817334777177e+01 7.753486155829857296e+01 9.006171262438292047e+01 7.552245435309376376e+01 5.532346744213214862e+01 7.552246217911286408e+01 7.358630407872016121e+01 6.620100355704060746e+01 8.629463884120931993e+01 8.906482965690604203e+01 7.568791175600264864e+01 5.585076023889534014e+01 7.099578892388856843e+01 6.964287538927800369e+01 6.670746203309974476e+01 5.232125320737642227e+01 5.364100238381957553e+01 5.496569974416453874e+01 6.404047149213441514e+01 8.398945532745099740e+01 9.950941843849660984e+01 9.214686551159454098e+01 7.539320454144562689e+01 6.595360862179981609e+01
7.331085291714052232e+01 6.507116683135181745e+01 5.576768037999321592e+01 3.553694082083681849e+01 4.892809599732775183e+01 4.921726804439266090e+01 4.963526515665865446e+01 3.019505203477346100e+01 4.986166879972660837e+01 4.478625360493823138e+01 6.484359806853585440e+01 6.017651971638869668e+01 4.749566675064372134e+01 6.788172575746588677e+01 7.705270718684643327e+01 8.175903884792809606e+01 6.160664193873936512e+01 5.009441147652356108e+01 6.357641863099176760e+01 5.356509457741135805e+01 7.358629927147097760e+01 7.779055843100471179e+01 7.880310599841448038e+01 8.397080162368790468e+01 7.099412599640193378e+01 5.111451890124012465e+01 4.938929045144925567e+01 5.052427983809991474e+01 5.300233918241647757e+01 7.321211774550587847e+01 7.022090248528864720e+01 8.230822558610127260e+01 8.031115452566824331e+01 9.974081539492621573e+01 9.541791984600516230e+01 9.428122226929849603e+01 8.598329987164589738e+01
7.806060502564895387e+01 5.814900254515798395e+01 4.386262272773362980e+01 5.576768037999321592e+01 6.400713174481381884e+01 6.086020407594477888e+01 4.079743076486114717e+01 4.949995213644778147e+01 3.071083890670199068e+01 5.054231550198614542e+01 5.326554885323405841e+01 3.989555168964255216e+01 6.017651971635015684e+01 7.150292149247411544e+01 5.772617448110889882e+01 7.150398823768793477e+01 7.733682227451755864e+01 6.347107284891990275e+01 4.438829401857123003e+01 6.356482519398500841e+01 7.175435537084310056e+01 5.755659655783619399e+01 5.860385025398154113e+01 6.555576558644179386e+01 6.658943275425940556e+01 4.776207701907734560e+01 6.807665049333688501e+01 6.344390927182498530e+01 7.314675852342230655e+01 5.657823723653301329e+01 7.670637874386719091e+01 8.802836017571664229e+01 9.885314772367907210e+01 1.076858147734182012e+02 1.153952967992545666e+02 1.012941341654990453e+02 8.115884693715543108e+01
