MOVIE_S3_data/elevation_000870.asc
nrows	100
cellsize	150.0
xllcorner	0
ncols	100
yllcorner	0
NODATA_value	-9999
[rows 34 to 50 of 100, columns 0 to 36 of 100]
6.278687791629389281e-01 2.062786877916258277e+01 3.937865500008510367e+01 2.793204722540855656e+01 4.468145364419677179e+01 4.412697884229258705e+01 3.582944426664643345e+01 1.983955087098697234e+01 2.296484367839168783e+01 2.617084753141950770e+01 3.375246563840629221e+01 5.384456412705421258e+01 5.383075002533178832e+01 6.452744076533065254e+01 6.571527508730710565e+01 8.002761073403553382e+01 8.864246803376757100e+01 9.732620845362754380e+01 8.910133749454585939e+01 9.732620845362754380e+01 9.660615984243301568e+01 7.997518258356966214e+01 9.660615984243301568e+01 9.395407146752135930e+01 1.019927658471968215e+02 1.007660004824324744e+02 1.009354080776211617e+02 8.903048699438438973e+01 7.218057959781087618e+01 8.903048699438438973e+01 8.348487733992395476e+01 6.525811884624704362e+01 7.154496885551525054e+01 9.148407781278848461e+01 9.602283322937573473e+01 9.007786960635367279e+01 9.922166583321926225e+01
5.760807145981240440e-01 1.471821633832919929e+01 3.471821633832990273e+01 4.794955605694968881e+01 5.623683477206018466e+01 5.993887435030794109e+01 3.988727588834782267e+01 2.879857621400191192e+01 4.302757226029724080e+01 4.625046471014287164e+01 3.143557165970691258e+01 3.537189444165831276e+01 3.956312795236490842e+01 4.430943159078659477e+01 5.187467066617116984e+01 6.071142986536436581e+01 7.462623272034272759e+01 9.441615763578245435e+01 9.631314559693362298e+01 8.806227845723587677e+01 9.631314559693362298e+01 1.000722390468765610e+02 1.080798369358148818e+02 9.780261482169103715e+01 8.918844984893745220e+01 9.557246689144780305e+01 9.241006285657643105e+01 7.218900043150401302e+01 6.087819421491494865e+01 7.130312005297986389e+01 7.520386352242954331e+01 5.534715405528076815e+01 7.520386352242954331e+01 7.388327033225662888e+01 7.419233587734518665e+01 7.276803453374844821e+01 9.132613444607535769e+01
7.930105716671143057e-02 2.007930105716635438e+01 3.118780437999831179e+01 3.721803127155403956e+01 4.428909908341964297e+01 5.257337033088183631e+01 5.715729947653928633e+01 4.298499404242914324e+01 5.715730050635460913e+01 5.986868552949530198e+01 5.154947310671744987e+01 4.961510984740189656e+01 5.383075002533178832e+01 5.860966839148967722e+01 5.709895509491616394e+01 7.731007597375112539e+01 8.864246803376757100e+01 9.561058295640329163e+01 8.644389649834548095e+01 6.839869374561014581e+01 8.644389649834548095e+01 9.058103604926724017e+01 9.883629343434955672e+01 8.580975147562352845e+01 6.860043603117453870e+01 7.504263745426032983e+01 8.954930750103443415e+01 8.531423759803350038e+01 6.549952514181516960e+01 5.159131513678642023e+01 6.384220757325138607e+01 4.934403008035835825e+01 6.716061650923236925e+01 5.412331178932342368e+01 5.924768123712428292e+01 6.622105309903514581e+01 7.498204420359455469e+01
6.786017468061785740e-01 5.842579541749422845e+00 1.118780437999795652e+01 1.721803127155333613e+01 2.428909908341893598e+01 3.583610446721186094e+01 5.583610446721256437e+01 6.303744988233566460e+01 6.840233345685139454e+01 6.008977529763148340e+01 6.840233345685139454e+01 6.975406629795442370e+01 7.399680565460693060e+01 7.881420708796527208e+01 7.731007597375112539e+01 7.731007597375112539e+01 9.743201467510878899e+01 8.736787305239073476e+01 6.768651097004594419e+01 5.862276041780096136e+01 7.823048610142301129e+01 7.087236748333222636e+01 8.742006847018862459e+01 7.664704436313289193e+01 5.696063812456347364e+01 6.069897006109678728e+01 8.105568527980925353e+01 9.013563749347642329e+01 7.959087172869850235e+01 6.384220757325138607e+01 4.406404458529669910e+01 4.357831508279221566e+01 4.729085101929226198e+01 5.393288551287445642e+01 7.377536142960676102e+01 8.585727961207429360e+01 9.407645614445982574e+01
1.053273305859350195e-01 2.010532733058558108e+01 3.118780437999831179e+01 3.721803127155403956e+01 4.428909908341964297e+01 5.257337033088183631e+01 6.412037571467575958e+01 6.580022747500981950e+01 5.836976596378379867e+01 4.002594742861207777e+01 5.836976596378379867e+01 5.484275979409596857e+01 6.315484578926446346e+01 7.319130562694667219e+01 8.707875689838346034e+01 7.857343499105722628e+01 8.707875689838346034e+01 8.486239768652754378e+01 7.129810820415562489e+01 5.164756033129906854e+01 6.786095782399591769e+01 5.955856967518132450e+01 7.920223094735545999e+01 6.818096812570045984e+01 4.802996613099403334e+01 6.818096812570045984e+01 8.274669141498145564e+01 8.183066215101985108e+01 6.187594007919831540e+01 5.915276911850128982e+01 3.921182598169183109e+01 5.915276911850145325e+01 6.712344825461511277e+01 7.376959047755194376e+01 6.537674816773073871e+01 7.681380357829912953e+01 9.676951704206896920e+01
6.652624653148981881e-01 8.830229041549916502e+00 1.883029920669998702e+01 3.297862722100700950e+01 5.310521979692136796e+01 7.036058351595538340e+01 5.994595852916238243e+01 4.580485620891113996e+01 5.005786136312179480e+01 3.005226276679187691e+01 4.482638243010121215e+01 3.481000506708826236e+01 4.480391176159164957e+01 6.488160782817372763e+01 7.672369944390814567e+01 5.779023151584008389e+01 7.672369944390814567e+01 7.665197751640400270e+01 5.696289489638497372e+01 4.612156775921041429e+01 4.815995041793230769e+01 6.786095782399591769e+01 7.934207115702386659e+01 6.279342944012496019e+01 4.269328862785299350e+01 5.405276954454690497e+01 7.429235277718987618e+01 7.945678325212568893e+01 6.553769980601462919e+01 4.560922012669602310e+01 3.667016775666511563e+01 4.374109483376483354e+01 5.128338527095966271e+01 7.119976368788171328e+01 8.524808050189048458e+01 9.354395525474683382e+01 1.050860525753695072e+02
8.924248754756384239e-01 2.089242487547528171e+01 3.714060872490386345e+01 4.720576646383138808e+01 4.989549672541518532e+01 4.991474572020686651e+01 4.997301793290853311e+01 3.173822283323552185e+01 4.298481414854133220e+01 2.315738522951594192e+01 2.495721941377674469e+01 4.482638243017135693e+01 6.315484488674913877e+01 7.319130443525892815e+01 6.818183325344870127e+01 4.753264623995328009e+01 5.785723974743407894e+01 6.640310470841704671e+01 6.057590887546684399e+01 4.075997401804563225e+01 4.149011833079655531e+01 5.141052710207550547e+01 7.114261237174345354e+01 5.776680226833479281e+01 3.769383259485758231e+01 5.184603743080635496e+01 7.206079303871770492e+01 7.062872196997091123e+01 5.119032398077163037e+01 5.119032398077272461e+01 3.437533251895433040e+01 4.591200386830916358e+01 6.585329950983471292e+01 6.386555776504196302e+01 7.795243658844862011e+01 9.798611844260963721e+01 1.037405566871980369e+02
8.870506738290029336e-01 1.502959180506859305e+01 3.504855858720750916e+01 3.608856252073057647e+01 2.804722323969352971e+01 4.991467699232331512e+01 4.169783276377781078e+01 2.209430253902341690e+01 3.123242679433329627e+01 1.733160607026081479e+01 3.671483059554518746e+01 5.313342995686352310e+01 6.373637889828479786e+01 7.188158684363821749e+01 5.836175604526128780e+01 4.983702021958919914e+01 3.740961181219722675e+01 5.785723974786201040e+01 5.602982233977835591e+01 3.614410314720218764e+01 3.513019815379904998e+01 5.503143221448522837e+01 6.530278755882434893e+01 5.358038661290556348e+01 3.351741442910804381e+01 5.358038661290556348e+01 5.752574534216043389e+01 5.649768543819894262e+01 4.236664888993190203e+01 3.121305076029146264e+01 4.011830573056458604e+01 5.954750038809315527e+01 7.413912799119246699e+01 8.382016615139852433e+01 9.213051432480571634e+01 9.016772431875291716e+01 9.847347482093070425e+01
9.587146228554132010e-01 2.095012708317831240e+01 2.459427896451940754e+01 1.309996135539532780e+01 3.608846374999947670e+01 3.721087973048761199e+01 3.663033749678019291e+01 3.065933008796587345e+01 1.241303118784872694e+01 3.123242679433329627e+01 4.499965902958061292e+01 6.050055923021437820e+01 4.400387588842576037e+01 6.050055923021541560e+01 4.983702022065698856e+01 2.953488691850407832e+01 4.983702022022065847e+01 6.640310384765979279e+01 6.133351152713368037e+01 4.151788670710322293e+01 2.996051754892890528e+01 4.549061663052438576e+01 4.549061663052439286e+01 4.928513859956222376e+01 2.957889453208433750e+01 4.459965150152660129e+01 3.753888624119986872e+01 4.535054614197255773e+01 2.823176391973235866e+01 4.236631827182960564e+01 5.898633816352883485e+01 5.599395066271316779e+01 7.535898344164159823e+01 8.353189061734886423e+01 8.689995131304469567e+01 7.012424770050382961e+01 8.689995131304469567e+01
4.749594815986911134e-01 2.046823901782249777e+01 1.957033321268232484e+00 2.209354045009238376e+01 2.314720589343908586e+01 1.903618018055196970e+01 7.632430563072503560e+00 2.505749067163974431e+01 9.411520266539588064e+00 2.565957388808641682e+01 4.160478551840736117e+01 4.184247965349293708e+01 3.269761727860913680e+01 5.234381297439313840e+01 4.505176151048638644e+01 2.484702079335991343e+01 3.905646278207169786e+01 5.952569301188626838e+01 6.951976680804901321e+01 5.808807057889202241e+01 4.549061663042761694e+01 2.559998901964682005e+01 4.138749344665514229e+01 4.613174999535867471e+01 4.359319175117317258e+01 2.423683084920650543e+01 2.342072425240055722e+01 2.536199640908835917e+01 3.949806969470493101e+01 5.648815886838049494e+01 7.055490143801745262e+01 7.535898344164159823e+01 7.766641666424889934e+01 6.349703328907880717e+01 6.789127824763433239e+01 5.856963231075346243e+01 7.859561769771087825e+01
5.246131949027718067e-01 1.117482361631523480e+00 1.229348779295668415e+01 2.800682386653622569e+00 3.397763786424847332e+00 3.996239761052118311e+00 5.701542805299650851e+00 1.172775352082925515e+01 6.236993426750988334e+00 1.587052825528625810e+01 3.365072602479686026e+01 2.238732127714473208e+01 4.150600982159898678e+01 3.969714249406734297e+01 3.496266430880496046e+01 2.070622952616189494e+01 4.059268142353900544e+01 4.995428758428381855e+01 5.889819507625755790e+01 6.278604100719651626e+01 5.369530578503041340e+01 4.138749344663566632e+01 2.158797198250086069e+01 3.756014639368033414e+01 2.025955416142594245e+01 2.076198830115368210e+01 4.066702818209910930e+01 3.949773578926161832e+01 5.363379855871113477e+01 6.776954902354238186e+01 6.634397943510072082e+01 7.481221348166904761e+01 6.763552925688212270e+01 4.929478263597787446e+01 4.781317179054029509e+01 6.202394303491984573e+01 8.205627849315840194e+01
4.470077517107070575e-01 2.044700774617993488e+01 2.453421881148414485e+01 2.255765786644520077e+01 1.248915035809994833e+01 2.373751359800617067e+01 4.795351178699816863e+00 5.362485602630647108e+00 2.536879261437830735e+01 7.148988518628014432e+00 2.649278925982855526e+01 1.625846141899978292e+01 3.014367884139128861e+01 1.613451479511235576e+01 1.530185400786291616e+01 3.496239451475251769e+01 4.616188044959795178e+01 2.921383777819128014e+01 4.623029792214180844e+01 4.221303382343115373e+01 4.147334171815576553e+01 3.590417237890829227e+01 2.579501843687623008e+01 1.775925761239724565e+01 1.844358411160444788e+01 3.827259615981763119e+01 4.764753754914398343e+01 5.946468361730273244e+01 6.052011934793500103e+01 5.215919482380463279e+01 4.628366465847916800e+01 6.634397943510033713e+01 5.932994488820096990e+01 3.925410963159687583e+01 5.932992811966581570e+01 6.392639084759294832e+01 7.211989046063773401e+01
2.599182575669619633e-01 1.440205192605440487e+01 3.440134601630949618e+01 4.023029956857394041e+01 3.198467416609467406e+01 3.153727332379679638e+01 3.648826211476416148e+01 3.027743337219193265e+01 1.245227780660483319e+01 2.647654842360243066e+01 8.043352545813238663e+00 2.726074522537134470e+01 9.783164890728459184e+00 1.038276409753124341e+01 2.968139774171437040e+01 3.115199608549752952e+01 3.177771102873478171e+01 1.902085751271045311e+01 3.777457247208253932e+01 4.108346537178795899e+01 2.181598018987026677e+01 1.620523519079757335e+01 1.684256948979758661e+01 3.658592893210494168e+01 3.827700641455093944e+01 1.953327191637183802e+01 3.939325856511746338e+01 4.147289883081996464e+01 4.215447985007747178e+01 3.215251432774068263e+01 5.215919482380880368e+01 6.633206429246290270e+01 5.472374280633482613e+01 3.474886428584829901e+01 4.868310143030444692e+01 4.334168940835115791e+01 6.276014769861904341e+01
3.519420047721200095e-01 2.035194200477176452e+01 3.326079817078046119e+01 4.154506941914158347e+01 5.154506941982585744e+01 5.185199275143318687e+01 4.012748244031107703e+01 1.998200856772117717e+01 3.277139544449264008e+01 3.276621774857171232e+01 1.373303250365538553e+01 8.921196540303357736e+00 2.422841448232657058e+01 2.889206315168652495e+01 1.122259577751522741e+01 1.181951998626059286e+01 1.240970376312697709e+01 1.299631997724600296e+01 3.242639925940027013e+01 3.399544346245954785e+01 1.531161933489730309e+01 3.494721984642167456e+01 2.366030277123785197e+01 4.283478473729387304e+01 4.730852788631192141e+01 3.775236769617961130e+01 2.062389721225764561e+01 2.139586751821932609e+01 2.219194524461315154e+01 4.214665830228366872e+01 5.133722095696384713e+01 4.648449435478524094e+01 4.650817751309997305e+01 3.611240819654742040e+01 2.868817093292501497e+01 4.862617471632156452e+01 5.142978489649323137e+01
2.695761837762450375e-01 6.594131504113030395e+00 1.326079817077975598e+01 2.326079817077993184e+01 4.326079817078063883e+01 5.983384927065045389e+01 3.982976078978593648e+01 2.563712538839105193e+01 4.568882265437543566e+01 4.285753465492410896e+01 3.251487114309928472e+01 1.479776179809357117e+01 3.303002035330280961e+01 1.526574678546777086e+01 2.851284067401893196e+01 2.653737099897828955e+01 3.178769538210439549e+01 2.957904953446527330e+01 1.383095831696355305e+01 1.443196990279779257e+01 3.399544343004276215e+01 4.320016011832445457e+01 4.283478500795386168e+01 3.581437544193560285e+01 5.518278897572227493e+01 4.823096018991294187e+01 4.033081451989017552e+01 2.505958360366034654e+01 4.209407052740134958e+01 2.334312572182207646e+01 4.316191802552133083e+01 4.528009560572139236e+01 2.652527223405944312e+01 2.736677272721152931e+01 4.735576478588468063e+01 3.005235761956101470e+01 4.724383294054138105e+01
4.879649418637075353e-01 2.048796494186335337e+01 3.326079817078046119e+01 4.154506941914158347e+01 5.154506942045819073e+01 6.569212307474664669e+01 4.568882265437543566e+01 3.324335641341278347e+01 5.325100179850871740e+01 4.505085010422575920e+01 2.509145786025639069e+01 3.438210618629915416e+01 3.742236997492130257e+01 1.821855964918010073e+01 3.738076677482907684e+01 4.761007926675414126e+01 3.926987647393585945e+01 1.951222821705034960e+01 3.333805579633773419e+01 1.733899525348347836e+01 2.551180093728095244e+01 3.686920273912816981e+01 5.685630062923600292e+01 4.955099776120596999e+01 6.360181367801601482e+01 6.244837708207022331e+01 4.867279086004886324e+01 2.882503142582825717e+01 4.867347303976701056e+01 4.326689588233950445e+01 2.450865079878562369e+01 2.534050356372456747e+01 4.528024711433957350e+01 4.731392247263907791e+01 3.016365454960908821e+01 5.006921982211213162e+01 3.142396550568636471e+01
9.938951651180888414e-01 2.099389516511773479e+01 3.269226938947223715e+01 3.976333720133784055e+01 4.804760844923112018e+01 5.804760844946758169e+01 6.153618097458671343e+01 4.479808901992520731e+01 6.153618097458671343e+01 5.344019683725895931e+01 3.655594918998895793e+01 5.344019650754918160e+01 4.059777511883443424e+01 2.136112739716417153e+01 3.236350633863811765e+01 5.136179755397198932e+01 4.371074319670552910e+01 2.385057717426207446e+01 3.990757212838233414e+01 2.040348640535970404e+01 3.990757238836103937e+01 5.358750133506131164e+01 6.512143489301506349e+01 6.942771222949494359e+01 6.774401385824081956e+01 4.894323589467894919e+01 3.499406097653428560e+01 4.867815275736442260e+01 4.504704484509907303e+01 5.285700167020130635e+01 3.452180127231573437e+01 4.535987422458589435e+01 5.362707532023537738e+01 5.211546812299383191e+01 3.215111606401624300e+01 5.212240526563043375e+01 5.274022916481321488e+01
