MOVIE_S3_data/elevation_000540.asc
nrows	100
cellsize	150.0
xllcorner	0
ncols	100
yllcorner	0
NODATA_value	-9999
[rows 34 to 50 of 100, columns 37 to 73 of 100]
6.718286696062868657e+01 7.334581928285724928e+01 4.974265226118471617e+01 3.668175121597730026e+01 2.829283183676371394e+01 2.615646032468842819e+01 4.618537904184260157e+01 3.425763888123288581e+01 5.442148532469875022e+01 6.976843965177334894e+01 6.976843965177336315e+01 9.019995642914484790e+01 8.625144305679617673e+01 6.598362109967318645e+01 6.598362109967318645e+01 5.065911924896132490e+01 7.039718725436408420e+01 8.088072733523155478e+01 8.812376489291654025e+01 8.205885943603250610e+01 1.027657419014366127e+02 1.112166422595295359e+02 9.646899038289055284e+01 1.112166422595295359e+02 1.133011947054524882e+02 1.062606565295787675e+02 9.763756563143094525e+01 9.763756563143094525e+01 1.062606565295787675e+02 1.182399840824826356e+02 1.163967504161294642e+02 9.569093285437534746e+01 8.547140140847717760e+01 9.684356667236605176e+01 1.053839129633947636e+02 1.044925047289702320e+02 9.600876689971015310e+01
7.593807480002463706e+01 8.097899218787898690e+01 6.641196231543239037e+01 5.700013841401315062e+01 4.804649581486089005e+01 2.888510621340402906e+01 2.669130409661212155e+01 4.625002442859410223e+01 5.489311048565425466e+01 6.139506421958100191e+01 6.975458692445515396e+01 8.115227406220770945e+01 7.062598570817912957e+01 6.223820079638559122e+01 4.652184624953270031e+01 5.360332564665571908e+01 6.228998059026632461e+01 7.388525733456218347e+01 9.445798121432400762e+01 1.027657419014366127e+02 1.113563951231409419e+02 1.136324701256533984e+02 1.172827988514558655e+02 1.201764795667123167e+02 1.286859394082785570e+02 1.229212859706369159e+02 1.143663285106364782e+02 1.143663285106364782e+02 1.143035760851111036e+02 1.228603508667349473e+02 1.249308191623396596e+02 1.145929574639183386e+02 9.997542603699612584e+01 1.145929574639183386e+02 1.128659672600312973e+02 9.600876689971015310e+01 7.559135007910906268e+01
8.722483208192225845e+01 7.402935523611958502e+01 5.501458124288523521e+01 5.252579704094103619e+01 3.264394324881334342e+01 4.860299189576248580e+01 4.639938760994332512e+01 2.722469449438433742e+01 3.712001576827375970e+01 4.410452931864183768e+01 5.972664562741566385e+01 6.701644402641404952e+01 5.288061399062012669e+01 4.290056325714559193e+01 6.223820079638559122e+01 6.227819326774413611e+01 8.201658025519469675e+01 9.113965755648214895e+01 1.030434328731599152e+02 1.117895873335098429e+02 1.032239180967660701e+02 9.281536606787862809e+01 1.074911497981426720e+02 9.934680300330761327e+01 1.167082871272631195e+02 1.143663285106364782e+02 9.350807478417785035e+01 9.350807478417785035e+01 9.343731763992164474e+01 1.108484478516270002e+02 1.147275857248842357e+02 1.232800430763495569e+02 1.206942928670306543e+02 1.189768182539808237e+02 9.834873530315475421e+01 8.385944244674394099e+01 9.600876689971015310e+01
8.442012276729880682e+01 6.970339536583068707e+01 5.670098766011810909e+01 3.658206041204899606e+01 5.252579704094102908e+01 5.250654614120870178e+01 5.462366087301460027e+01 4.248213527209899354e+01 2.775471056234639633e+01 3.761718636526240545e+01 5.180107442105641979e+01 5.539354869444944285e+01 3.924764590689770216e+01 5.867785314998548785e+01 7.062598570817912957e+01 8.247088395537730321e+01 9.101268516348518745e+01 9.955840571725482846e+01 1.081181415469249174e+02 1.032239180967660701e+02 8.245427940900044916e+01 7.816257679397017455e+01 9.712193337125519577e+01 8.732680694786886022e+01 1.074170472878652731e+02 1.125734949108176579e+02 9.176323389008577180e+01 7.883736819591339895e+01 8.145585107975789185e+01 1.015536926370251081e+02 9.387086733629719504e+01 1.112737972365173107e+02 1.158372227848466025e+02 1.243893617258391515e+02 1.116849001324254544e+02 9.105339323686850150e+01 1.116849001321019870e+02
6.399472386320329065e+01 6.123203951223922559e+01 4.096855961039955929e+01 5.670098766011810909e+01 6.516001890698581178e+01 7.277672978041225349e+01 6.043002273666678548e+01 4.974493477136841335e+01 2.812784474171433047e+01 2.971197587212429880e+01 4.901305629065451797e+01 3.570623868593464323e+01 5.539354869444944285e+01 5.035452029612532954e+01 6.152314725095820336e+01 8.169254379880202066e+01 9.619083522529314223e+01 7.890232705305477623e+01 9.619083522529314223e+01 1.058015425702689498e+02 8.853756573785261708e+01 6.796536194324177416e+01 8.853756573785261708e+01 7.808662966445909603e+01 9.883783935529184816e+01 1.109333824379238678e+02 9.176323389005952436e+01 7.109309940502437541e+01 7.226763570802857828e+01 8.953414557110666294e+01 8.189111915378470030e+01 1.010805131018012162e+02 9.496808381508142816e+01 1.158372227848466025e+02 1.201368253723846067e+02 1.056440773694410922e+02 1.116849001324254687e+02
4.974372873159390451e+01 4.595903455308440044e+01 5.265030997851980743e+01 6.970339438523197373e+01 8.070106164061249387e+01 7.220696083672864063e+01 5.129744450759387320e+01 2.866036110470754394e+01 3.543803696562569883e+01 4.667183990164797081e+01 3.232226908967334111e+01 4.233369172311347484e+01 6.193541881406903116e+01 7.004773727251208015e+01 7.851147102694719138e+01 9.023168074941790451e+01 8.763261314007684177e+01 6.718673299701674750e+01 8.763261314007684177e+01 9.538439805388755133e+01 7.653920362293249013e+01 6.221202024883196913e+01 8.227700948353080435e+01 7.087530915984544322e+01 9.150117881018593380e+01 9.014452756838707614e+01 8.553095384855031114e+01 6.500040650689547306e+01 6.461411086123156622e+01 6.890206471783882591e+01 7.434308197926819162e+01 8.027672854110232947e+01 9.064543193147754607e+01 1.054038886178953476e+02 1.262705569517978859e+02 1.262687363747146634e+02 1.322131074112268436e+02
6.997718469377265649e+01 5.762446715181445001e+01 7.295490005321731530e+01 8.146828129034709320e+01 7.226674277537742341e+01 5.270280105405333160e+01 4.920255740609430006e+01 2.903581679795296111e+01 4.881275819391093052e+01 4.959777026148637447e+01 5.124174407178134771e+01 6.041695822790647696e+01 6.193561342782638235e+01 8.202420789711302973e+01 9.005428400709452319e+01 8.628474881328948243e+01 7.776633194714747788e+01 6.012681446289363407e+01 8.040390289183424954e+01 8.087879194569484298e+01 6.637318577207872750e+01 5.713446943034683301e+01 6.190065230373309646e+01 7.621870880831220063e+01 9.690304113862161728e+01 9.014452756838706193e+01 6.952908147408044215e+01 5.948627587852746501e+01 7.983680452963558594e+01 8.953414557110666294e+01 9.507497779365992585e+01 1.010805131018012162e+02 1.096787227704602259e+02 1.200883751877665873e+02 1.252383252176013997e+02 1.187059311329713722e+02 1.272283968002587784e+02
8.477018788663541216e+01 7.796154172675996108e+01 8.649378758899189279e+01 7.447201540317284696e+01 6.265571514029134192e+01 5.408757180574750123e+01 3.851131184848444633e+01 2.941039136408353016e+01 4.951133828954814931e+01 6.843557699966171981e+01 6.927985235286418231e+01 6.224063336776490729e+01 6.043969840830077089e+01 6.801607996088127095e+01 6.962358816758276703e+01 6.962358816758276703e+01 5.751238243052457477e+01 5.380211698730005310e+01 7.399172451662448680e+01 7.236198593116176880e+01 5.229503008241624684e+01 7.236198593113890354e+01 8.227700948321205487e+01 8.227700948346385701e+01 1.029835545727456179e+02 9.149779833229823112e+01 7.089523514556672978e+01 5.669887364286389442e+01 7.692958615108224762e+01 8.913964328651722724e+01 8.913964328651722724e+01 1.099216171842442549e+02 1.212119957172483851e+02 1.191092418759724012e+02 1.044891406258641240e+02 9.794762686924596551e+01 1.152745725324571566e+02
9.503661218747041062e+01 8.731655010625357249e+01 7.872113282007973112e+01 6.593416729672384236e+01 4.552810920286593444e+01 3.370634890252114246e+01 3.038792670225156201e+01 2.978762828121216799e+01 4.994121606059926677e+01 5.408451805894161879e+01 5.145737550342273892e+01 4.405048460757980422e+01 4.575817415707395241e+01 5.973743934145160495e+01 6.735985364323539670e+01 4.935188163375470083e+01 4.577645822967153322e+01 6.607270874147675954e+01 8.249696841338207776e+01 6.914870133837627009e+01 4.908265702619722504e+01 6.318515974876824970e+01 8.355096009301566085e+01 8.198895438015527759e+01 9.047899264127717345e+01 8.881215294677305394e+01 6.814629071858563236e+01 5.403794138685378812e+01 6.097496408803030477e+01 6.854792603589102384e+01 8.305365016262102529e+01 1.038325304267368381e+02 1.004003113017905520e+02 1.105664360886924698e+02 8.986962089823033750e+01 8.604979318621636253e+01 9.747662082602128919e+01
8.747187159852924765e+01 6.689815766079024684e+01 5.824313844997401901e+01 5.865634734268759587e+01 3.827624645454022811e+01 5.415272416315580273e+01 5.120661706858670215e+01 4.596149896316172345e+01 3.031890423009631519e+01 3.069671348147117129e+01 3.107440348776345829e+01 3.604997782744999313e+01 4.365272190336143154e+01 4.475561605023908385e+01 5.889548770475309425e+01 3.883266595673717347e+01 5.948773314065088158e+01 7.453824104173492060e+01 7.029602050654271750e+01 6.184193041259558754e+01 4.594475073994994574e+01 6.608864909457844306e+01 6.800312780269776169e+01 6.223903104224392990e+01 8.193721578510181303e+01 8.646156496266684144e+01 6.570000094471518537e+01 5.160942128508263238e+01 6.564271179509512422e+01 8.604517874133826183e+01 9.773234920236734524e+01 1.030914864450871136e+02 8.573334020793464560e+01 9.874998238639061299e+01 9.020213648875113677e+01 7.690127200797390117e+01 8.873160452718208546e+01
7.903922057094730746e+01 6.689815754284357752e+01 4.651475706189672366e+01 4.299468805456076836e+01 5.865634734268709138e+01 6.715756523755979401e+01 5.466832716090058852e+01 3.446739320792796946e+01 3.539731893007829200e+01 3.560865109633065373e+01 5.111740399825525571e+01 3.161029236563663147e+01 3.199570066335169471e+01 3.676629130933567069e+01 5.293031193867482642e+01 3.532813030432686219e+01 5.065580812355007367e+01 7.264970975727575819e+01 6.184184669262307210e+01 4.151952265040671364e+01 5.775789978484409204e+01 5.866235525241492610e+01 4.847419256470404036e+01 6.131408067136054996e+01 8.025477009673046780e+01 7.779428336931160004e+01 6.919248431357604545e+01 4.922763353091133354e+01 6.326240664254749646e+01 8.381128219194837925e+01 9.681650558505413073e+01 9.385428922378962113e+01 7.388017692444101669e+01 8.391285799714641769e+01 6.972454622074323538e+01 8.415715833504133059e+01 1.047960047316862244e+02
5.854796187380298989e+01 5.216309186227955763e+01 6.689815754284357752e+01 6.340180562206765558e+01 7.192646327392040462e+01 5.930092612856051915e+01 3.884417645639806693e+01 5.466832716090058852e+01 5.523106004003371083e+01 5.203506888754051118e+01 3.465349910650668619e+01 5.404025918870235756e+01 5.445093733144685899e+01 3.254294669911788418e+01 3.293090844728133959e+01 3.332018960017981613e+01 5.158762630521734138e+01 6.263600952492007679e+01 6.184740555835708165e+01 5.247146166798415834e+01 3.725116584667932074e+01 3.816709859488184264e+01 4.899752261203214232e+01 6.022501539401852000e+01 6.178298222204543322e+01 5.693103894367362017e+01 6.303747080489831944e+01 4.683747869025093991e+01 6.690381047976845252e+01 7.440523410359672596e+01 7.440523410359674017e+01 8.528331674173260524e+01 6.483723162253538419e+01 6.353179515058026539e+01 8.391285799714641769e+01 9.328925792247322590e+01 1.023856287397911871e+02
6.008938535680791659e+01 7.255523631259308104e+01 8.113393193693387673e+01 7.793042300715730164e+01 6.420720526951413376e+01 4.369132333678920332e+01 5.930092612856051915e+01 6.780743874694890394e+01 6.920794870896126838e+01 5.716223919717442925e+01 3.675997143998784367e+01 5.107166867810917665e+01 6.592501486766101948e+01 5.714022525604391234e+01 4.212416663371337933e+01 5.375206657147769818e+01 3.387629404738959948e+01 5.434540198414519097e+01 4.688254724447382671e+01 3.602756261628996981e+01 5.653421789582090895e+01 5.866230692183918904e+01 3.949546399771460869e+01 4.044731819924222549e+01 4.141486006276451803e+01 4.239579012707933003e+01 4.338596535553669753e+01 6.360972546358232904e+01 6.603349426322459692e+01 5.253315203797176025e+01 7.334797565387545148e+01 7.316494058255256050e+01 5.783119867568027672e+01 7.805453326937362135e+01 8.584672586135248196e+01 6.959268439111579596e+01 8.635289706046050640e+01
6.620198316764663105e+01 8.681546350466183526e+01 8.371828489328878220e+01 6.940310648545518291e+01 4.895700192902198467e+01 6.420720526951413376e+01 7.271941562885048427e+01 7.354647649381234942e+01 6.066014225957624717e+01 3.993197881966300145e+01 5.716224278540617121e+01 6.572105438368654973e+01 8.036379054936276134e+01 7.138454291877761193e+01 5.397999148488615617e+01 5.900460519078289678e+01 3.544737564543752484e+01 3.443395533741797720e+01 3.482871681338190228e+01 5.038365037127018553e+01 6.309465331307741565e+01 7.293850724947870390e+01 6.440701556219130453e+01 5.075796346312807117e+01 5.323136134142591658e+01 6.268800669293141681e+01 6.354309671710698382e+01 4.491078589940475041e+01 4.600316120199928349e+01 4.708238256661651633e+01 6.706306383922220959e+01 5.311763706844698874e+01 7.316494058255256050e+01 8.413728945477025434e+01 7.479092942474534311e+01 5.736590402371106023e+01 7.765418458698403015e+01
8.681546350466183526e+01 8.700620084854193692e+01 6.650665069448982081e+01 5.477897460560652121e+01 6.344594324262853746e+01 7.793042300715730164e+01 7.968834023652448195e+01 5.894646921264145334e+01 4.409798190921577543e+01 6.066014225955138528e+01 4.635062494927036880e+01 6.723147314621367343e+01 8.269426005939729407e+01 8.486085408269599384e+01 7.528968924162710152e+01 6.819348997476217278e+01 5.960215895254733454e+01 4.166917265361735900e+01 5.532343049432099491e+01 3.546629631642615266e+01 4.910605438137030632e+01 6.823126506677084535e+01 7.933761014695970459e+01 6.496556471340758776e+01 6.743603039589028469e+01 7.211913953741311900e+01 5.203905572367231258e+01 6.502342685789453469e+01 6.604230435230084595e+01 6.706306376988266038e+01 4.857942393276750437e+01 6.851754494249099992e+01 7.860445695858125248e+01 7.584818488091252675e+01 5.561599482617590695e+01 7.576629404042290616e+01 5.916099121315311038e+01
1.065533041325350041e+02 9.559255601834729532e+01 7.973237101253556602e+01 5.933231604986630714e+01 7.973237100348825379e+01 9.329151812622512807e+01 8.287521609150000756e+01 6.220135367730988918e+01 4.728442420582559436e+01 6.825658778511615310e+01 6.723147314622785586e+01 5.356626554396945039e+01 6.832674079408107559e+01 8.845957020747621868e+01 8.554578816212580250e+01 6.513785259984510390e+01 5.350027224619199018e+01 6.206424606226346441e+01 5.644452219951850225e+01 3.592163235850753011e+01 5.641526533014349809e+01 6.574074290924885133e+01 7.420110304496785147e+01 8.530242881016373246e+01 8.775980681053640353e+01 7.753227423687827979e+01 5.729710715661887832e+01 7.753227423687827979e+01 7.618926667708547029e+01 5.596842081791918133e+01 6.851754546485663866e+01 5.014691252028685398e+01 7.009000313257423898e+01 7.283085140767661869e+01 5.440441907698974688e+01 7.455013092871246272e+01 7.951231159624308020e+01
1.035713523771966891e+02 8.284346806280687758e+01 7.104166017280529388e+01 6.543114016814858758e+01 8.590567577204282657e+01 9.251504260895906384e+01 7.228257533354822328e+01 6.021509259662953184e+01 5.069385865099832955e+01 7.166344469531573225e+01 8.260213110712298601e+01 7.421384586448907328e+01 6.257070392795434799e+01 8.297024706862723065e+01 9.409233588634390344e+01 8.227170725367253112e+01 7.376325567634368952e+01 6.536152895398129203e+01 4.824222609821932650e+01 3.638193929892294420e+01 5.173139903149425578e+01 4.575804051145622253e+01 6.575195080850286899e+01 8.436517877497067275e+01 9.455984850813763387e+01 8.369301876276807661e+01 6.326014074115557406e+01 8.369301876276807661e+01 8.212864944570758041e+01 6.164452935174347203e+01 7.835928611597815063e+01 6.894906322316305136e+01 5.168945465401520778e+01 5.277304891648786622e+01 7.283085113232840513e+01 6.031706973544692119e+01 8.069400939411973184e+01
