MOVIE_S3_data/elevation_000667.asc
nrows	100
cellsize	150.0
xllcorner	0
ncols	100
yllcorner	0
NODATA_value	-9999
[rows 51 to 67 of 100, columns 0 to 36 of 100]
8.885398060199247716e-01 2.088853980601956906e+01 2.876280424351565657e+01 3.361351674424270897e+01 3.361351674424270897e+01 4.735125122277342768e+01 5.563552247023503128e+01 6.429676224781627525e+01 5.229157641183404337e+01 3.184023913483536816e+01 5.229157641183404337e+01 4.941418507330463683e+01 5.056473232613323177e+01 3.833272302019496180e+01 5.264004437575879081e+01 7.250668273219808668e+01 8.195696905352879469e+01 7.379910961229978739e+01 6.302905270016467654e+01 8.111057493101010607e+01 7.909894046135681833e+01 5.903789268034610416e+01 6.434220732209195148e+01 5.243467776122856350e+01 6.076660012884666173e+01 7.253591578635139570e+01 9.210212839859006806e+01 1.021811904881296442e+02 9.405742383982655497e+01 9.103311131232845810e+01 7.707245660544992916e+01 8.283123558521648988e+01 8.533417926080210236e+01 6.543749060629536984e+01 7.127051389280789806e+01 5.617529952697793050e+01 6.101712093096970335e+01
1.344321116831868057e-01 4.398446438795414082e+00 8.762804243515299518e+00 1.361351674424200198e+01 2.028018341090878707e+01 2.735125122277413823e+01 3.889825660656624251e+01 5.889825660656553197e+01 6.051359183793695706e+01 4.228593692225749834e+01 6.051359183793695706e+01 6.935142637895096129e+01 5.845884803097906257e+01 5.264004437575879081e+01 5.115116591015580383e+01 6.525402515681832938e+01 8.498676012494281906e+01 9.099968781176306720e+01 8.287120135276516919e+01 9.099968781176306720e+01 8.738639222864493661e+01 7.909894046135681833e+01 6.838299513999371015e+01 6.779114452775536392e+01 7.249939358155934599e+01 8.883934411836617073e+01 1.000870458790634245e+02 1.047044752107088073e+02 9.644572083086958969e+01 8.283123558521648988e+01 6.322355373068871387e+01 8.283123558521641883e+01 7.544617682515044521e+01 6.720078095556998221e+01 5.133243020487112318e+01 5.839110301663235703e+01 7.831449759982244530e+01
8.052006432555327553e-01 2.080520064325517637e+01 2.290493986724650100e+01 3.361351674424270897e+01 2.994344836279681488e+01 4.735125122277342768e+01 5.563552247023503128e+01 6.718252785402613370e+01 7.048262733789418633e+01 6.229721590141052445e+01 7.048262733789418633e+01 7.840733795773428483e+01 7.827215135562194348e+01 7.250668273219808668e+01 7.103360941762505831e+01 7.918345854521913907e+01 9.179916315282780204e+01 8.350706751441256870e+01 8.611462661183094269e+01 8.195099114152318975e+01 9.024740517730749900e+01 9.472467085113072471e+01 8.699963360426974646e+01 9.024028828766630284e+01 9.234068181720147095e+01 9.403514694607582669e+01 9.186175808466589388e+01 9.644572083086958969e+01 7.678850643581426993e+01 7.589887318387391701e+01 5.621252243586783948e+01 6.709486948358467373e+01 6.339708951370977275e+01 4.725357910513610449e+01 6.720078095556998221e+01 7.831449759982244530e+01 7.099888402389794351e+01
2.804825088837598068e-01 1.442261813261458414e+01 3.442261813261387005e+01 5.118921111470940133e+01 4.994344836279751831e+01 5.822771961025971876e+01 6.488576046818975840e+01 6.488576046818975840e+01 7.324619924299466334e+01 7.663640564403215194e+01 6.844298051830489271e+01 5.847862307887548639e+01 7.252292488271741888e+01 7.838827341410866723e+01 7.000661127453844301e+01 7.838827341410866723e+01 8.018740214482252782e+01 6.335621102855704834e+01 6.597391841597811890e+01 6.179500060726718402e+01 7.863175965200241535e+01 9.024740517730749900e+01 8.879902182854139880e+01 9.703155275900697063e+01 9.403514694607582669e+01 7.412898056550373838e+01 7.194973305206887915e+01 8.601653249800885703e+01 8.254597123288810678e+01 6.293837581319056795e+01 5.484005481780275204e+01 4.729884147194234600e+01 4.343710482662635286e+01 6.339708951371043355e+01 6.354554574890418905e+01 8.346471251508930322e+01 9.090290711096245957e+01
7.810880442414250835e-01 1.492322366797250055e+01 3.492322366797320399e+01 5.075906102806258247e+01 5.906385960845084782e+01 5.899783882574671878e+01 4.474947840849930714e+01 4.474947840849930714e+01 6.488576046818975840e+01 6.844298051830489271e+01 4.847346529250781799e+01 4.432919324371160741e+01 6.255493546825908879e+01 6.835705441227950985e+01 5.001570149515115560e+01 6.835705440549244827e+01 7.187296591781672817e+01 5.171184857240955779e+01 5.171184857631665466e+01 5.015197952857005959e+01 6.179500060726718402e+01 8.195099114152318975e+01 6.898276217215543227e+01 8.558068195234589837e+01 9.064417919794628631e+01 7.073374548186409072e+01 5.784683628441053571e+01 7.778183015696028235e+01 8.146426832330173795e+01 7.793761846360501977e+01 6.590408219657805944e+01 5.763695622295716703e+01 4.080234281427022580e+01 5.493760400142475930e+01 7.487207140898867408e+01 9.170274119706249394e+01 9.800619192982527750e+01
7.232205343510359485e-01 2.072322053435068057e+01 3.661098894333863996e+01 3.075066560441377206e+01 5.075906102806258247e+01 5.064725887589760589e+01 3.056845574494862916e+01 4.395432449891460891e+01 6.408335111135144757e+01 6.844298049686686625e+01 4.847346529249954017e+01 3.432600079472150867e+01 5.432240088513579224e+01 6.001115638484480286e+01 4.018007651731927865e+01 6.001115622607945710e+01 7.234144997207171457e+01 6.023295205467852043e+01 4.012070753133946965e+01 5.432898715518343380e+01 7.448638418681420603e+01 7.422340404378844880e+01 5.776290017345327499e+01 7.678392696486282887e+01 8.714734490167134595e+01 7.073374548186407651e+01 5.078986822963396719e+01 6.291111322910866477e+01 6.153678766816554457e+01 6.382052711737890149e+01 4.969545419449985957e+01 3.762117318193329396e+01 3.962566909311902918e+01 5.962707762075653051e+01 7.074944403710026108e+01 7.804832643647115731e+01 7.804832649310375814e+01
9.494692443194679976e-01 2.094946924422458778e+01 1.660822386515891935e+01 3.661098890525533989e+01 5.150701946733047265e+01 4.395432449891460891e+01 2.391857466625656770e+01 4.395432449891460891e+01 4.958866781550506886e+01 5.320866698670584327e+01 4.877612030271262000e+01 2.875159378311388636e+01 4.877639734196448984e+01 5.340079639253421107e+01 3.355484415210083426e+01 5.340079481214157653e+01 5.813590037425045409e+01 4.393235732265743820e+01 3.584515386257533009e+01 5.064503818933280854e+01 5.520802514456111965e+01 5.436444159231806594e+01 4.915491235325392694e+01 6.007929819723388931e+01 7.906307754709945357e+01 7.897410844460922874e+01 6.291111322910866477e+01 4.293242029475394617e+01 4.741008323417523229e+01 5.349476752987825989e+01 3.551537319444499730e+01 5.555023541250005081e+01 5.962707762075653051e+01 4.249441289358020413e+01 6.248236117619229191e+01 5.806887596186704315e+01 7.804832170980726858e+01
2.836664262828419991e-01 6.608221746779469719e+00 2.660880344932226294e+01 4.485115120213993833e+01 3.147881689436693264e+01 3.148615747797258280e+01 1.858888790260328960e+01 3.839252494904882695e+01 2.718500803155529866e+01 3.295867579469187802e+01 3.703530008984400013e+01 2.356546717402524393e+01 4.377020353409459830e+01 4.001782834574240866e+01 2.742135448258788699e+01 4.767176341030592113e+01 4.981423090957562749e+01 3.004585592861057819e+01 4.453085143578244498e+01 3.097766897472480352e+01 3.547966440928981058e+01 4.048156464322810422e+01 6.018099702702468790e+01 7.368543936137956507e+01 8.343451351409296990e+01 7.877153608129358986e+01 6.668499798079834306e+01 5.538681710549194293e+01 3.580250578593825850e+01 3.343894742259172403e+01 5.349476752987463612e+01 6.382209729864710113e+01 7.074943461318392224e+01 6.248235978069303087e+01 4.543214965621150014e+01 6.541218185723109002e+01 7.077476919789016563e+01
1.404418693552202946e-01 2.014044147600349532e+01 2.908646728881755195e+01 4.019528449563557615e+01 3.146789875739530729e+01 1.152663035539681502e+01 2.541538149362870058e+01 2.611218509791093467e+01 1.383176830006627256e+01 2.977323371379909389e+01 1.604641915296102184e+01 3.703529919294334150e+01 3.999297841741539372e+01 1.884627658514868997e+01 3.999297859449520587e+01 5.519181586683085072e+01 5.813509161718627638e+01 4.453089347258308806e+01 2.493458962206322127e+01 4.453089348703966266e+01 5.520802514456111965e+01 6.018099702702468790e+01 6.570019334484595674e+01 4.966766474705281098e+01 6.577459909733069310e+01 7.014088616191617120e+01 4.916568510692135874e+01 3.904282275455285856e+01 3.138525234955538323e+01 5.145856942731334271e+01 6.176879046278002505e+01 7.178547767604480612e+01 8.177449809674830306e+01 6.541223431299444258e+01 6.541221740253118355e+01 4.853631272283463716e+01 5.079851622621374219e+01
6.646099058385387393e-01 1.151885344203568584e+00 1.910218962019056477e+01 1.830338296127937170e+01 2.360400137156186773e+01 1.681717289727721365e+01 5.360552622390207134e+00 6.102822355496448026e+00 6.846630728645995312e+00 8.857754344504035871e+00 3.055850847812309468e+01 3.928796821063505718e+01 3.095404617146182602e+01 1.437911384649032165e+01 2.631674186342388921e+01 4.687778745792272161e+01 5.730260313458795451e+01 4.183190677328729379e+01 2.221206452301960965e+01 4.183193322147557325e+01 5.667407616439745510e+01 6.288667623326730194e+01 5.233192437314020395e+01 3.617991084891667697e+01 5.636465154956100321e+01 6.825834437001851995e+01 4.824893143187983213e+01 4.824893143110652716e+01 3.003324139721769725e+01 3.641029829044275345e+01 4.351403462585976456e+01 5.352128333912565239e+01 7.351028259340874627e+01 8.538401096154304071e+01 7.677726621368314852e+01 6.006837246906358985e+01 6.492315681491997736e+01
6.164072599657668405e-01 2.061640725996535650e+01 2.165274528080008754e+00 2.884159682769987576e+00 3.604909652927785757e+00 4.327067797638271429e+00 2.419334741878683559e+01 2.608412268748013929e+01 2.684915660129263770e+01 7.915090517851165686e+00 2.789750038804055876e+01 2.978108637950715831e+01 1.089013330206899255e+01 1.170378909652259125e+01 3.172935610475306234e+01 4.113165015761606469e+01 3.643939460225740135e+01 3.635503235502208952e+01 1.952917412415316534e+01 3.119818518881763580e+01 4.543718049177944351e+01 4.659964681282920651e+01 2.624919850413184719e+01 3.299702756033298101e+01 4.913014465195776381e+01 5.469771972039529118e+01 4.641346865532334220e+01 2.817491522359727085e+01 4.824885762263073019e+01 5.644408849003579576e+01 6.351578267054554061e+01 7.178547768357005054e+01 8.177453462152492136e+01 9.408066997685845934e+01 8.830543181841915157e+01 8.004886420390610624e+01 8.490184545642539149e+01
7.616414269703414286e-01 2.076164142696998738e+01 1.216230655209118972e+01 2.288949201993570171e+01 2.319276648483963399e+01 9.795879379642983054e+00 1.700732835069203475e+01 3.494136854099610900e+01 3.488599463438760750e+01 1.863717461739187797e+01 8.982079861241736296e+00 9.751169441814102612e+00 2.965825049781662415e+01 3.171237847601707927e+01 1.288051905389558804e+01 3.288142505478224820e+01 3.417334033988803554e+01 1.606595642300079163e+01 1.690287969852422378e+01 3.555564837788292465e+01 3.898491105185001970e+01 2.039285756989919918e+01 2.133799613118369010e+01 2.906393797262599676e+01 4.270883814416255575e+01 4.459370745736097064e+01 2.635375279634569523e+01 4.393324175286002031e+01 5.574946591380998484e+01 6.320597132849324851e+01 7.147358476711754349e+01 7.335609219807315640e+01 7.417704453403953835e+01 7.417702455885105906e+01 8.788215003867983910e+01 8.763219354009079609e+01 7.935703543663686332e+01
8.582653206718614536e-01 2.022878681743317841e+01 2.621770972003488964e+01 4.040951907439740154e+01 3.674564622761819521e+01 1.558732562252739129e+01 3.459703959127695327e+01 3.282070432353209810e+01 3.523933585699505500e+01 1.527139730286843999e+01 2.900619674706243600e+01 1.279788335557704038e+01 3.233737652691063147e+01 4.078277402422713749e+01 3.205370275320466789e+01 1.405607253671305301e+01 1.488607939871205410e+01 3.311865835616923448e+01 3.680784404708553836e+01 1.815656857388798784e+01 1.905276465975392952e+01 2.475357391118835793e+01 4.025687500239877892e+01 2.267922862257421102e+01 2.362247073610293668e+01 2.456824304423022554e+01 4.459341732461520280e+01 4.828076107091057878e+01 4.996436130971815714e+01 4.319696773513661725e+01 5.338069781611799414e+01 5.337733171768655183e+01 5.419950545339776227e+01 7.417700009359903390e+01 6.788205077000507970e+01 7.607480436307122318e+01 5.935205682262302673e+01
9.616989121453964895e-01 1.528226816737571347e+01 3.621469623816613392e+01 5.347726675973719068e+01 4.791363463110026544e+01 3.253814562516822662e+01 3.170217486237608639e+01 4.567903923876008321e+01 3.996547442815636941e+01 1.993367897798642829e+01 3.541433141427413744e+01 1.585171173084126828e+01 3.541517493197297028e+01 4.824006448439661909e+01 4.203910715576136425e+01 3.406667442756580755e+01 2.349605580475586208e+01 4.085909604035565224e+01 2.813461087384296988e+01 3.851987877395829685e+01 3.906131006371733605e+01 2.295962301311908149e+01 4.252264591553431927e+01 4.849913541344487555e+01 3.964068026858993221e+01 3.064245659855117410e+01 2.670062219442327489e+01 2.823133720248449308e+01 2.989994057511237102e+01 3.159399711062332372e+01 3.333110337275755342e+01 4.154018700946219411e+01 5.797761799578997710e+01 6.006786966731020527e+01 5.373631268825533880e+01 6.443548107857196783e+01 4.774445512800073743e+01
2.866789980725219511e-01 2.028667899807216557e+01 3.313246762024478187e+01 4.141689449328703887e+01 5.036150851255750638e+01 5.785527395082261393e+01 4.800949204708522444e+01 6.001106432737395835e+01 4.499866001423708894e+01 2.488635230033833778e+01 4.371963792495404988e+01 3.541517494558657120e+01 2.029570603200278001e+01 4.009100909303162297e+01 5.425601700945300365e+01 5.106542310365196613e+01 3.663616446793560044e+01 5.065759457966522916e+01 3.561524831279790249e+01 5.468009492436780050e+01 4.535163913325232699e+01 2.574830711182173104e+01 3.698805493250204535e+01 5.675261467303587892e+01 5.776489822450984946e+01 4.193122040922612115e+01 4.674940195207400251e+01 3.242217591763392903e+01 4.996453075723998438e+01 4.580379129734065913e+01 5.330136336382868478e+01 3.589562395334959888e+01 3.796370565795645291e+01 4.005999214659801311e+01 4.218659825821714549e+01 4.437306037660757596e+01 6.443549354248315808e+01
7.776801193288799263e-01 6.807907010884179044e+00 1.313246233122099227e+01 2.207673424122619110e+01 3.621887023977194531e+01 5.621902695275672102e+01 6.851715954452299684e+01 6.516685327524926663e+01 4.452445746659761028e+01 3.023099116047664126e+01 5.039369161100793804e+01 4.684538345699495920e+01 2.670185150295012377e+01 2.581325751225513088e+01 4.588875264133970688e+01 6.065246703175217391e+01 5.673999473803812776e+01 6.256024093926490792e+01 4.674826700119240286e+01 6.256024093887891979e+01 4.831093186373997383e+01 2.868615249635898934e+01 4.831093186374026516e+01 6.507837135804855677e+01 7.112473754667125547e+01 6.279481933090827539e+01 5.674572488015283511e+01 3.671655583301495085e+01 5.674572294221914603e+01 6.592094611793142178e+01 5.968249249497785769e+01 3.969810232284479667e+01 5.797919928594262018e+01 6.006787063250982328e+01 6.219105503994371986e+01 5.060061005070850371e+01 6.970341710422924564e+01
5.059075238208947667e-01 2.050590752382053950e+01 3.313246762005523749e+01 4.141689426986532396e+01 5.036150890744919906e+01 5.866569343520372826e+01 6.694997158843604268e+01 6.688699439645654365e+01 4.668690639770231599e+01 3.784863387485775377e+01 5.801638505916108102e+01 5.479104693869737019e+01 3.427306934385721604e+01 4.588875264133972820e+01 3.209735907880860850e+01 4.219271666474200799e+01 6.234632841343597676e+01 7.346888932629657631e+01 6.552047900365383271e+01 6.673832932945813923e+01 5.137994856077067851e+01 3.172865378296378935e+01 4.295855561098330355e+01 5.688070401540634435e+01 7.645540283650218782e+01 7.548247752395872112e+01 5.547847255149319068e+01 4.132731056904600564e+01 5.548334338656275122e+01 7.556677649271260577e+01 6.795016958889071645e+01 5.383782536409832176e+01 4.560479987395189738e+01 5.938849824330865346e+01 7.722661489838743876e+01 6.389142431332118122e+01 6.244101091300161244e+01
