MOVIE_S3_data/elevation_000464.asc
nrows	100
cellsize	150.0
xllcorner	0
ncols	100
yllcorner	0
NODATA_value	-9999
[rows 17 to 33 of 100, columns 0 to 36 of 100]
4.336683913182175498e-01 1.720416980511020455e+01 3.241212650177016030e+01 4.508742701556379018e+01 4.526930009642513397e+01 2.995076968456418953e+01 4.327664378729546257e+01 5.628081605107813346e+01 5.617081865567649146e+01 6.443562684136828977e+01 7.082112929080597041e+01 6.256961668113463304e+01 7.082112929080597041e+01 7.426459368030981523e+01 8.249586127396004542e+01 8.377484568241936813e+01 9.204287406334636046e+01 9.437001959349990443e+01 7.374429812684957142e+01 5.889846142482910807e+01 4.965415201022130987e+01 4.203648821322180140e+01 3.655274158045546784e+01 3.236472953180891210e+01 2.832978055531984651e+01 3.535652305915607485e+01 5.238989718367609072e+01 5.286457032166440229e+01 5.007230890621637798e+01 2.986168718912829689e+01 3.727891359999656373e+01 1.748662472852275940e+01 2.324747414910847354e+01 4.061815853032019419e+01 2.728806784485421133e+01 3.133010452298480075e+01 4.276345687295606268e+01
5.385724909496417689e-01 1.468070811505208439e+01 3.468070934474256717e+01 5.089996056601749075e+01 5.628942481947552068e+01 4.899837121938143270e+01 5.625773203748467211e+01 5.297455895732490916e+01 3.635619135452569139e+01 5.297438394206681522e+01 5.853798058527434733e+01 4.254404423788593448e+01 6.012844315999823408e+01 5.427306261254454967e+01 7.426459368030981523e+01 6.378287619562457422e+01 7.649651502647395773e+01 8.476786120378204714e+01 8.820138982110135828e+01 7.893499023657606983e+01 6.997389480791436256e+01 4.928160326982978034e+01 5.672742150094297386e+01 3.640004363320321801e+01 3.979826005807852596e+01 5.565154553960028494e+01 6.414026433173877706e+01 7.057671888926364545e+01 5.009377241865836794e+01 5.009234148924435459e+01 4.278464229067141389e+01 3.482447471645063075e+01 1.795214353593947720e+01 2.174566780011299372e+01 4.178002939218505674e+01 5.125229352665783011e+01 5.951979529711763206e+01
8.336531950628578436e-02 2.008336531950592985e+01 3.043065667783039885e+01 3.265563461831074932e+01 4.416135690134186120e+01 4.411391143304629736e+01 4.473284736278940699e+01 3.942101338905539620e+01 2.513367566022623478e+01 3.940069061679653828e+01 3.851668784598073358e+01 3.252972491763657104e+01 4.009586448565512740e+01 6.012844649599147573e+01 5.808405505229334409e+01 5.222358691235507422e+01 5.649640254716144483e+01 7.649651502647397194e+01 9.424839331682251498e+01 8.686638998519832455e+01 6.617739315181268012e+01 6.775757970486743886e+01 4.712204324436789449e+01 4.800228023889154372e+01 6.021834683347719874e+01 6.871567952764308984e+01 7.266181978333966640e+01 6.416270101268518999e+01 5.569462342744039773e+01 4.344621640567240917e+01 2.325780060975723984e+01 2.635004070049448899e+01 1.828467900034894456e+01 3.781296737475099690e+01 4.806749469354868154e+01 6.109728905453874148e+01 6.448682680340196782e+01
4.524162703296725763e-01 2.161131585763190976e+00 1.365190753603738472e+01 2.637964300115129390e+01 2.268541053438325150e+01 2.410702422554226487e+01 2.903112050469437833e+01 1.496168524842998693e+01 1.722822880483305497e+01 1.958302957072979567e+01 2.445255137049894500e+01 4.438079969352573784e+01 4.912138319251844365e+01 5.272554597247913932e+01 3.803434997289431152e+01 4.232507628814472156e+01 6.235429986785836576e+01 6.599222509009432258e+01 8.598130201090975788e+01 9.522411747385952197e+01 8.240378836801988882e+01 6.169092143924340377e+01 6.775757970486742465e+01 6.864618611651306423e+01 7.712174491121861308e+01 7.885022017246522807e+01 5.807891147234072093e+01 4.348920703649897490e+01 4.718748349876202042e+01 2.702123155179475944e+01 4.039221367936546869e+01 1.995373978023390649e+01 1.862080741051110522e+01 3.870344805477333239e+01 3.809945478039929156e+01 5.097035208377440796e+01 4.089649634192669225e+01
4.402443450947634007e-01 2.044024414478410279e+01 4.622961406587301703e+00 6.377077448265467297e+00 8.151790478117614924e+00 9.962505440092801479e+00 1.180365482758780971e+01 1.580562155271707780e+01 1.980376465014371945e+01 3.852587437905527423e+01 2.343429077977207697e+01 2.621260818879425614e+01 2.907792439169123710e+01 3.265841688944230015e+01 5.272554597247913932e+01 6.235429986785836576e+01 4.965201365398488775e+01 6.966028904916248621e+01 8.792802555950592591e+01 9.791651528563880902e+01 9.078691283157426994e+01 8.240378836801988882e+01 8.246001241445357266e+01 7.401119415300809123e+01 6.793715869661907902e+01 6.234315208426347255e+01 5.873339074853912223e+01 5.108762104401636606e+01 3.082975792372107193e+01 4.684482911272220917e+01 4.940288940041090626e+01 3.363363050596295523e+01 3.808659076688222456e+01 1.911126437564293568e+01 3.833220189339462536e+01 3.967535985608572702e+01 2.358533199169185579e+01
4.237187090225543740e-01 2.042371870902220010e+01 2.462465897323366093e+01 2.637971713727848666e+01 2.229600529246917873e+01 2.996690557212507144e+01 1.757731416223520426e+01 3.462342397685711148e+01 3.854590438957263387e+01 2.550780172645309207e+01 4.334345073675682869e+01 4.619774424494737275e+01 4.912138319251844365e+01 3.693416039178697474e+01 5.112471513044025073e+01 7.113842568325624427e+01 6.380494472616370416e+01 5.966259507871009760e+01 6.966480000899602487e+01 8.965116602629126419e+01 1.004387403957791634e+02 8.007885775934819605e+01 6.520393832762708541e+01 5.297011812017287724e+01 4.700630253555209492e+01 4.160668297881496613e+01 3.815401179986682934e+01 3.496347096223660600e+01 5.108762516031388401e+01 5.950025757558601924e+01 6.180384161335229010e+01 4.877425898044206320e+01 2.985760807527964644e+01 2.581209029874601057e+01 1.961378953766823585e+01 1.997505718372244488e+01 2.034139269199569711e+01
9.142864485297492738e-01 7.985354260395194359e+00 1.554464372057967303e+01 3.554464372057896071e+01 4.230262210646591114e+01 4.361659941668614948e+01 2.360833814645648232e+01 4.361659941665249818e+01 4.095747924625103309e+01 3.627730147073954470e+01 3.270737482059639234e+01 5.223483217958442992e+01 6.526854693091432580e+01 5.698659523394683646e+01 4.697605651439988605e+01 6.699713393006653916e+01 8.379634059009259772e+01 7.965798301749921961e+01 8.792802555950592591e+01 9.791651528563880902e+01 9.784220486375915016e+01 7.740387450144577031e+01 6.520393832762708541e+01 6.975200408269526520e+01 4.879660612573984935e+01 6.234315208426347255e+01 4.991035516978978848e+01 4.930542952900979259e+01 4.930542870322048543e+01 7.009639774035932192e+01 6.328900087082296011e+01 4.338563025367230352e+01 4.656504302194648659e+01 2.852979572000073460e+01 3.978222374140134576e+01 3.419266989379353561e+01 4.055786619850740493e+01
9.064013007315497861e-01 2.090640130073119352e+01 3.554464372057896071e+01 2.968677934431037357e+01 4.968677934430919407e+01 5.069083285520120086e+01 3.068187911091867548e+01 5.069083285520120086e+01 5.483758159964018120e+01 5.008041468513392402e+01 5.223483217958442992e+01 4.127277057259248494e+01 6.110332631302612327e+01 7.527304123842833405e+01 6.114046302693799362e+01 6.332828693459567404e+01 8.332163111104689790e+01 9.605328065876793175e+01 9.283366753040753849e+01 1.011772565634130103e+02 1.060663454035607884e+02 9.436494321751790437e+01 8.604212933996018364e+01 7.537288429343790597e+01 5.434147629328551687e+01 7.537288430725945432e+01 6.470591456751297699e+01 7.009671952928816552e+01 7.009639973135610092e+01 7.856263125889636001e+01 7.213965235748158022e+01 6.311673837055480618e+01 4.491061614680194225e+01 3.991305572186085016e+01 5.695168925953684180e+01 5.340402013694492211e+01 4.396219158456995757e+01
3.063610709598194592e-01 1.444849669469089548e+01 3.444849669469159892e+01 4.968677934430919407e+01 5.797105058894955221e+01 5.897497806104133389e+01 4.223527292063047867e+01 5.897497806104133389e+01 7.476445404729268773e+01 6.998771741551698256e+01 6.937440229694772142e+01 5.266822562628773596e+01 5.525646530966330516e+01 7.521889744465502758e+01 8.113638832166260784e+01 8.332163111104689790e+01 8.999047250013836674e+01 7.560124778101277343e+01 7.234615906545204211e+01 8.940701030242780689e+01 9.960901148771033320e+01 1.028439052633547135e+02 8.255925919875251395e+01 6.774392029135394466e+01 6.382714920196951880e+01 8.380672581944958210e+01 8.546426371517900122e+01 8.637526238862531613e+01 7.783530225789384360e+01 7.667828533390937196e+01 8.522858807878141363e+01 7.481045528163653557e+01 6.594015259430187825e+01 6.072996335143699298e+01 6.913598722044152112e+01 6.009546540329854736e+01 4.108712115531231035e+01
2.739570439748240105e-02 2.002739570439712580e+01 3.105924540458332572e+01 3.739166489936027205e+01 4.567465428744105083e+01 5.461795267654962771e+01 6.224134252904662645e+01 7.052366629685370469e+01 6.837851298238068409e+01 7.676940071727764803e+01 8.089995931026084008e+01 7.262588813459029780e+01 7.521889744465502758e+01 8.349233928423232953e+01 9.594575863477165001e+01 8.474366267140148068e+01 7.632330417986180748e+01 6.102240219627454110e+01 6.043211852483713642e+01 7.075339461053867751e+01 8.529695412196093685e+01 1.056458351849279325e+02 9.680180846901888003e+01 8.850049447710540562e+01 7.605803541902659504e+01 9.304678642106725306e+01 9.262755776898582383e+01 7.170814940711149177e+01 5.669422480301542322e+01 5.552340740746591763e+01 7.310149885179562546e+01 7.722178571348482023e+01 6.617949200477541183e+01 5.727908079473088065e+01 6.494495857665782523e+01 5.231167719588397347e+01 3.322474769000442762e+01
1.758338105654860817e-01 5.521058629094996562e+00 1.106806011735393547e+01 1.739260788607912644e+01 2.633675997245194367e+01 4.047811303633329771e+01 6.047570070266194620e+01 6.498141063880309787e+01 4.789483993202421885e+01 6.498141063880309787e+01 6.998729752305295904e+01 6.156785042006087139e+01 6.431487541678238529e+01 7.301667872495721667e+01 7.559794195253635962e+01 7.288136762876429486e+01 5.573558740779163401e+01 5.069702936037472085e+01 6.261838569900566398e+01 7.719065645388442931e+01 9.762508983080162750e+01 9.564871309658121845e+01 1.040158301792503437e+02 1.047672908859146617e+02 9.653727430170152957e+01 9.610181160886720875e+01 8.779188548037528506e+01 7.939696222364680978e+01 5.827928699758535203e+01 4.356805603615357114e+01 5.626821868530124959e+01 5.626749757438515331e+01 5.556504856610536791e+01 3.694906539113231503e+01 5.332649817620412591e+01 4.967102080240294981e+01 2.285832761533705693e+01
4.683972685643240652e-01 2.046839726856396879e+01 3.105924540458332572e+01 3.729394953822299641e+01 4.567465428744105083e+01 5.461795267654962771e+01 6.049327165531631323e+01 5.655225883276514054e+01 3.608788451464736369e+01 5.655225883276514054e+01 5.822788194293953268e+01 4.108740114485472361e+01 4.375066198753030022e+01 6.433320507668705091e+01 7.210311064958622751e+01 5.503178052720533486e+01 4.383227687599636369e+01 6.443698035950441749e+01 7.974871303588973603e+01 8.346157806812405511e+01 8.805530527416841835e+01 7.515450171591109552e+01 9.223324217357603061e+01 1.040158301792503437e+02 9.747696885306380921e+01 8.713288533521260604e+01 6.685780120870221310e+01 7.069927724770127497e+01 7.310117533785741273e+01 5.626821868530124959e+01 3.581254879195723362e+01 4.963153293510526964e+01 4.703313599305432291e+01 2.973768969942570450e+01 4.384981440634336991e+01 4.287385605364318053e+01 2.323084241227417124e+01
2.051881798473268459e-01 1.020518480493826630e+01 2.434651473926175669e+01 4.432009714966963543e+01 5.033192208776311816e+01 5.277768803764076466e+01 4.018013685163596449e+01 4.019926972005335131e+01 2.892912304876400498e+01 4.931700990622465497e+01 4.975186661698584345e+01 2.934400388393845560e+01 4.331602548179739642e+01 6.386016646525808937e+01 6.288340516088903343e+01 4.314412048629088048e+01 3.965440472641675029e+01 6.023149955335809835e+01 6.470638114985321465e+01 6.289319005530254003e+01 6.751153266855763491e+01 6.324095406805108155e+01 7.515450171591109552e+01 9.564871309658121845e+01 8.919853425109420186e+01 6.821948245056344717e+01 5.751725178345444789e+01 4.960703389139825248e+01 6.208843268660631054e+01 6.490321402720002197e+01 4.963146814050267608e+01 2.978070787830762001e+01 4.297471320907003900e+01 3.001095748093630888e+01 2.410222869637395959e+01 2.374545201996115651e+01 2.684601308317422408e+01
8.187695587851057111e-01 2.081876955878475144e+01 3.847056195060367401e+01 4.415008399578628229e+01 2.966210170647607569e+01 3.246428950311130990e+01 3.280421468591513445e+01 1.994376300524789869e+01 4.019926972005307420e+01 4.140551780563000506e+01 3.563466410956797148e+01 2.299838918979748215e+01 4.331497096477310293e+01 5.803666835835838356e+01 4.954841285207126589e+01 3.400770301489642833e+01 5.452410434208641732e+01 4.014299096013654378e+01 4.408477563497277174e+01 4.828719261181034739e+01 5.290705099565731473e+01 6.483706680366795183e+01 7.941154110180823977e+01 9.986290671793406659e+01 9.747696885304993941e+01 8.713288533515026302e+01 7.697834385983082939e+01 5.592082953612606389e+01 4.130946395187582709e+01 5.496124127810679738e+01 4.540508848172777334e+01 2.678526339355851960e+01 2.616358251511851307e+01 2.459329643756322525e+01 4.395364497668304438e+01 3.172079861511267396e+01 3.599515985355641590e+01
2.311624522989861319e-01 1.807077134528093509e+01 3.339072454017210134e+01 2.781614156544921101e+01 1.541491283108793731e+01 1.822623923209514274e+01 1.266064268456110398e+01 3.265913237948239356e+01 3.995862936001007171e+01 2.177444897804471324e+01 1.547009350804258254e+01 3.563466410956792885e+01 4.642711733258811790e+01 4.485913551094098040e+01 2.910673920778168622e+01 4.954645281781512978e+01 3.469825567762815410e+01 5.523203262395043112e+01 6.470638114985308675e+01 6.891753142618185279e+01 6.751153266855763491e+01 6.751153266855763491e+01 8.805530527416858888e+01 9.587260828342598984e+01 8.390419992163752738e+01 7.544806430872408498e+01 8.088629045898994718e+01 7.065688769688068760e+01 5.496111951100650828e+01 3.458624465829612404e+01 4.527327492877501669e+01 2.656381936070302174e+01 2.508339236566157737e+01 4.794081944704385734e+01 5.689347901265751517e+01 5.497795057849622680e+01 4.976423642990153695e+01
9.845726073866658545e-01 2.098457260697907500e+01 2.251397222890373939e+01 4.180590264224604446e+00 5.425725686270838288e+00 6.685572201329355480e+00 7.958028648866319443e+00 2.728157989545482565e+01 3.121816849077037759e+01 1.330741628527948528e+01 3.345231948424468271e+01 1.774522637421637938e+01 3.795277031182991578e+01 2.450385070514311536e+01 4.430448929161925520e+01 4.636490776611490361e+01 3.100513936093156886e+01 5.148233867354283433e+01 6.953671467063817602e+01 7.799489039463061602e+01 8.805530527416841835e+01 8.805530527416858888e+01 9.645430815721472584e+01 8.759469327724683296e+01 6.655611476307741725e+01 5.421698179993526168e+01 5.976774512403132178e+01 6.053122395155476454e+01 5.133557499440806993e+01 3.119891192701974347e+01 2.855333976324038048e+01 2.635908149452071569e+01 2.544551462443437728e+01 3.437087707861003594e+01 5.031430987214268669e+01 6.670276386495176268e+01 7.205702924215087535e+01
3.295302290958179725e-02 1.230321703150537349e+00 2.429841992174671006e+00 7.677558477546434723e+00 2.479575501562615969e+01 2.675829459987404846e+01 2.759661556150591366e+01 9.838483414000574356e+00 1.117624743088105888e+01 3.129827045005901809e+01 4.190873159636340972e+01 3.795271987559914351e+01 2.004954877156105653e+01 2.198606699106275997e+01 2.395585846657836981e+01 2.597274473544791462e+01 2.852054582862778531e+01 4.896138319811493034e+01 4.895790500924313449e+01 6.439348267978137130e+01 7.127332781863249522e+01 7.974538660309407589e+01 9.001033949208061813e+01 9.024427555509321053e+01 6.931927293873485496e+01 6.595323556361280737e+01 4.495512996181636112e+01 3.980445462454539296e+01 3.507936926446924986e+01 5.133708433635629120e+01 4.246253442397013345e+01 5.385330545201174601e+01 4.566801548435915947e+01 2.600453717871717174e+01 3.754229425979195156e+01 5.812807184415640194e+01 6.307757988209715450e+01
