MOVIE_S3_data/elevation_000484.asc
nrows	100
cellsize	150.0
xllcorner	0
ncols	100
yllcorner	0
NODATA_value	-9999
[rows 34 to 50 of 100, columns 37 to 73 of 100]
4.261214251563055200e+01 2.266574791360386243e+01 4.008952992132632431e+01 5.065997339356995610e+01 3.938468311515171649e+01 4.618997688918634026e+01 5.633173731599441680e+01 7.627846347875450306e+01 9.265974236659866392e+01 8.389344528781106192e+01 6.716842028288297684e+01 8.389344528781106192e+01 6.950003906321900615e+01 4.941365559536639296e+01 6.505672466222398498e+01 4.911115460528628063e+01 5.675146569051887724e+01 7.676553622273056021e+01 8.688210207897814996e+01 7.633853171177264585e+01 8.630008592506324305e+01 1.062697529076994130e+02 1.120763077326604815e+02 9.587879501312977482e+01 1.120763077326604815e+02 1.121112519015152458e+02 1.032233543040396455e+02 1.089624679086167447e+02 1.172175343355059738e+02 1.303471786292230377e+02 1.220524471995221347e+02 1.196662281181559848e+02 1.038701215735995618e+02 8.348217628270543855e+01 6.873750781283486333e+01 8.945366720394802940e+01 9.832958588688941859e+01
2.703263388071134443e+01 2.302260394694453538e+01 4.219013487659195505e+01 3.080450298568244349e+01 5.098019389062759643e+01 6.630510039731794336e+01 7.455043113710509317e+01 8.451456575261839532e+01 8.437065077829413440e+01 6.436872331576542194e+01 5.557833931992268361e+01 7.561064540625525865e+01 6.521760771869799100e+01 4.508828050126885501e+01 4.492580247508657010e+01 5.919325988158448837e+01 7.676553622273056021e+01 7.091868428964728821e+01 9.088108545676745109e+01 8.784216485568089183e+01 1.045830960607618749e+02 1.145824063358358416e+02 1.223693025893657023e+02 1.145131151907360731e+02 1.187378507849653317e+02 1.107560590505716362e+02 1.139324174222870738e+02 1.064180073372863689e+02 1.150987487915461145e+02 1.212247563013999070e+02 1.128602044268709221e+02 1.181798073338899826e+02 9.794285565839008711e+01 8.348217628270543855e+01 7.486815530661579032e+01 8.571652491550807440e+01 1.060820434836827957e+02
4.571178580992145157e+01 4.310621629918739472e+01 2.352820431109965682e+01 2.853565417961047501e+01 4.253054795791401688e+01 6.514962806167049791e+01 7.801533054182858962e+01 8.632188039242358002e+01 8.218497888250409744e+01 6.217974482085870847e+01 4.794069346574877954e+01 6.618238451322356752e+01 5.788092592945866244e+01 4.095112098780445820e+01 6.110872600618390038e+01 7.334508962031320323e+01 8.749691935904193940e+01 9.088108545676745109e+01 9.917242224713388055e+01 1.078179366242149655e+02 1.161326301560749670e+02 1.079234327226180881e+02 1.079234327226180881e+02 1.162816765209908141e+02 1.053239778587885525e+02 8.797571045382377974e+01 9.859480526310504445e+01 8.516732179522180957e+01 1.039687512609612838e+02 1.096480550387643547e+02 9.286774530330896482e+01 1.096480550387643547e+02 1.122148797219014398e+02 1.015185659033999173e+02 8.113559141920022455e+01 1.015185659033999173e+02 1.144211524176573107e+02
2.917505697449644586e+01 2.681717937658699569e+01 4.178148183489693679e+01 2.404003427049416075e+01 3.850140987120146008e+01 6.052316553948269018e+01 5.786138883539426558e+01 7.470293336607947765e+01 8.086753507267580687e+01 6.246482700491002760e+01 4.232267274361922205e+01 5.510995217534163260e+01 3.770793249917448264e+01 5.788092592945866244e+01 6.797963652348943242e+01 7.284273877294937449e+01 7.887180749252176781e+01 8.552467111551172252e+01 9.380915467570902422e+01 1.037952260083108911e+02 1.020970332796541413e+02 8.791239003831753962e+01 8.791239003831753962e+01 1.079234327226180881e+02 9.662808340879071523e+01 7.575478677980564157e+01 7.828940387491418562e+01 7.484642170116454452e+01 9.543939961193541421e+01 1.013175527701198462e+02 8.145581246403233422e+01 1.013175527701198462e+02 1.141355035518771786e+02 1.098683096349402319e+02 9.295075003861055052e+01 9.558712727800605080e+01 1.158383254772094944e+02
4.910421143310004766e+01 4.487775951337798830e+01 4.364662490784770199e+01 2.440107021963949663e+01 4.469150455676783906e+01 5.466451797327786721e+01 4.612784876589748961e+01 6.637944687238642416e+01 7.241636209313452355e+01 5.256303518893188453e+01 5.256608906075776133e+01 3.491866515632862900e+01 5.510995217534163260e+01 4.355676291354127017e+01 4.787851982365138070e+01 5.279165453024707233e+01 5.887564871443190384e+01 6.556608024654158839e+01 7.555035098152897888e+01 9.549899124949455143e+01 9.377348874193562267e+01 7.379343799265396342e+01 9.377348874193562267e+01 1.068580507826758179e+02 9.859480526310504445e+01 7.828940387491418562e+01 6.405165611216720833e+01 8.423671824680049269e+01 9.448718267594800579e+01 8.621246865872544163e+01 7.449639021552295048e+01 8.587939219452434259e+01 1.057918027174381734e+02 1.215396992950326194e+02 1.132224200296494416e+02 1.158383254772094944e+02 1.241494919918742994e+02
5.993959717348427318e+01 4.280706187056149759e+01 2.557339212106839454e+01 2.476126505090025276e+01 2.644295136767531318e+01 3.420919371891168481e+01 5.468591194622340623e+01 7.220497260002112228e+01 6.417774297266311123e+01 4.405919504049571600e+01 3.237403560802329849e+01 5.256608912217326690e+01 5.510995217534162549e+01 6.369406404353622264e+01 5.952323907605723008e+01 7.284273877294937449e+01 6.917725083833776978e+01 8.552467111551172252e+01 9.380915467570902422e+01 1.037952260083108911e+02 8.745524192858727019e+01 6.744318180859752943e+01 7.851563293478795913e+01 9.268684183722290015e+01 9.378802933173706435e+01 7.363576085688109174e+01 5.938354589462340982e+01 7.953822363687349650e+01 8.621246865872544163e+01 6.639394962329876648e+01 8.621246865872544163e+01 9.669265997897954890e+01 1.066490265845140755e+02 1.219013496995646761e+02 1.136048750033190657e+02 1.146587806258209952e+02 1.229567856986880798e+02
7.109069841092529884e+01 5.676806198943577186e+01 3.762959121425976150e+01 4.483812599820468847e+01 2.526821711980487351e+01 3.506095092663956336e+01 4.594837056430111488e+01 6.434536333027507737e+01 5.671633929137802710e+01 4.840676506111311284e+01 3.076192830910670040e+01 4.492848208951708244e+01 6.504936465996843253e+01 8.347096750902530005e+01 7.953129026117966305e+01 8.781464349961119353e+01 8.915228974029936637e+01 9.744265804978797973e+01 1.055386746009790073e+02 9.582269600022755185e+01 7.581943963693395006e+01 6.167124985196696940e+01 6.437026288206264724e+01 8.267541924491642646e+01 8.947716945730034865e+01 6.940782483592627727e+01 5.507804124292623982e+01 7.528599978155095584e+01 7.587714187388404241e+01 6.147202362876011250e+01 6.860009505160377330e+01 7.849068849730730335e+01 9.832828914176695889e+01 1.103782542724755587e+02 9.367564564579822672e+01 9.472572474798889175e+01 1.114315033277122922e+02
7.766171591576393496e+01 5.753535619639487919e+01 5.527286451330346750e+01 2.925506043660251265e+01 2.562520444740177439e+01 4.272220213609745088e+01 4.648587856770289051e+01 4.698289428263839795e+01 4.731856978643164524e+01 2.884368844133796372e+01 4.827360145850690998e+01 5.902932786091857764e+01 7.046413844961827522e+01 7.867311619899403752e+01 9.389036197084860191e+01 9.287348530917154221e+01 8.457430701102236981e+01 9.287348530917154221e+01 8.486563944885111255e+01 9.946365680664246156e+01 8.851853951107112550e+01 6.851334584811274908e+01 5.446663530474225468e+01 7.437273140761595869e+01 8.906351339511948595e+01 7.135858028617418825e+01 5.108480726221356605e+01 7.135858028617415982e+01 5.576177189748432994e+01 7.587714187388402820e+01 8.840944877963131887e+01 9.669265997897954890e+01 1.066478168901774808e+02 1.014584844360448272e+02 8.217149271149440892e+01 8.322357064948566574e+01 9.472572474798889175e+01
7.706718454974772214e+01 6.869417671387293467e+01 6.020366345553114940e+01 5.218885435723336741e+01 3.407001713061433890e+01 2.612774795224627056e+01 2.648993197267898836e+01 2.685183955068648132e+01 2.721393438160299993e+01 2.757686501403260237e+01 4.769603114445996539e+01 5.467613663578615046e+01 4.877709145018596359e+01 7.046413844961827522e+01 7.389232300537609888e+01 7.389232300537608467e+01 6.459014483095862147e+01 8.287381438579548387e+01 7.017533324060175914e+01 8.910867070507597987e+01 8.630049738490578193e+01 7.030941656084431202e+01 5.048532414978630101e+01 7.030933300694594834e+01 7.522245573173906052e+01 6.093986444508343681e+01 4.731916613595648613e+01 6.729622165929725952e+01 5.191465100063162197e+01 6.215747202256101644e+01 7.630462845469469357e+01 9.618053996565930674e+01 1.072809529243155851e+02 8.734900325772642304e+01 7.322227566840547297e+01 8.734900400575614299e+01 1.072811624460522637e+02
6.275450177119276418e+01 4.835869592806132999e+01 4.081801200194838231e+01 4.880576304418995903e+01 2.857372336361481402e+01 4.631538239097468335e+01 4.065319952394958136e+01 4.102429515139454708e+01 4.730144431508154668e+01 4.766503389031588966e+01 2.810619096840046538e+01 3.290983520194874501e+01 5.476772129563271818e+01 6.959121238603783866e+01 7.217576180825354015e+01 5.387754766644660975e+01 5.456942775292615266e+01 7.458222592099049564e+01 5.985443538788097584e+01 8.054798224890170388e+01 7.799566264023273732e+01 5.807465105092332180e+01 4.669320306861506253e+01 6.154670819552425343e+01 5.769233980265649109e+01 5.228069514645138582e+01 4.376973422048053664e+01 4.698846438760160282e+01 6.730659215673729534e+01 8.041305824563713145e+01 9.039736101165246396e+01 9.160841612638834874e+01 9.980158191101295984e+01 8.860677724647374021e+01 6.861007176143201036e+01 8.276568813173358308e+01 1.027084138063095082e+02
6.869417671387293467e+01 6.366027286631401694e+01 5.136772892867876550e+01 3.107678976382833014e+01 4.880905757877512485e+01 5.718519477769368109e+01 6.039578964292642382e+01 6.073001961474588484e+01 5.828774209176811638e+01 3.816529511203052039e+01 4.741907815339033760e+01 2.863850251995904372e+01 4.265469008510572024e+01 5.673685363740272436e+01 5.655363323613342885e+01 4.380786838985212484e+01 6.388493533591135787e+01 7.272655671488423934e+01 5.212669433710254197e+01 6.342780007786512897e+01 7.192388063152803568e+01 7.469217142703548973e+01 6.152835540867407360e+01 4.170566060559929866e+01 3.955947019463704351e+01 4.045122610996504164e+01 6.061473336617018504e+01 6.730651182614914774e+01 7.559431096234624192e+01 8.352252324637423442e+01 7.552482940782516607e+01 7.178730174222783944e+01 8.706077064202074212e+01 7.878085155110704818e+01 6.441265264523356393e+01 8.408521163179075586e+01 9.073478520024553973e+01
6.769561413858579613e+01 5.525098796161701387e+01 3.488736672356110802e+01 5.136772892867876550e+01 3.475478713241002993e+01 4.914726759008821233e+01 6.952801841578524034e+01 7.101762144221848416e+01 5.093168027437030076e+01 5.831314390692715222e+01 4.525298652057787052e+01 4.763822157219604492e+01 2.917128227559988929e+01 4.618345841028389742e+01 3.642493371384053091e+01 5.655363323613342175e+01 7.215605011919335254e+01 8.079730799893886228e+01 6.342046632553007157e+01 4.303341644347296580e+01 5.620886840538210549e+01 5.654721082533855991e+01 5.725029515067090102e+01 3.829793965137952227e+01 5.846473990210246541e+01 6.061473336265561329e+01 4.181783073685048890e+01 6.198537509948405244e+01 7.166183567411486877e+01 6.618451723734420966e+01 5.541324221653128035e+01 7.489296649133342498e+01 7.351782872684427161e+01 5.871209835684938838e+01 7.878183883117783637e+01 8.398297212812356349e+01 6.943107316275774110e+01
5.929151829429955711e+01 3.888106346295375459e+01 5.525098796161701387e+01 5.784287286111898396e+01 3.744169878627291581e+01 4.655681226934206052e+01 6.697348767941187475e+01 7.933308429770349335e+01 6.514554506331042205e+01 7.403734940627116146e+01 6.560509131023050600e+01 5.729748312105043340e+01 4.907042864466226462e+01 2.970470820496232989e+01 4.930698147277448129e+01 5.847978754142021529e+01 6.264726817831794392e+01 6.834278013944872043e+01 6.211912765672588677e+01 5.328565582058169525e+01 3.537935469406421873e+01 3.622257353211839614e+01 3.707492497816414101e+01 5.136585079294344069e+01 6.675357198541018988e+01 7.028947989949087116e+01 6.198520367985834412e+01 4.319154872894464603e+01 6.336236472100632966e+01 4.608296671597918959e+01 4.711388405513790190e+01 6.730084923579332212e+01 5.339267963630818059e+01 7.107054959316575093e+01 7.223959138844419670e+01 7.341525207421840094e+01 5.504421658815851259e+01
4.311921497377472434e+01 5.929328717542099270e+01 6.769561543789846780e+01 6.076119525227336027e+01 4.033293851419293219e+01 6.076119525227336027e+01 6.325033042332310629e+01 8.353963770114764031e+01 8.519406787546881787e+01 7.858713118352733318e+01 6.798760099295252246e+01 5.491685300249934443e+01 3.473931694514549662e+01 4.986936711499995312e+01 3.024506224653188369e+01 5.040677688033966319e+01 4.297445321535108320e+01 5.237767521242098212e+01 5.321023591551863774e+01 3.420390859923144689e+01 5.294993885036469550e+01 5.586845118409890176e+01 4.285034122999275041e+01 6.239529779463352810e+01 7.966503420030274185e+01 7.928827571855759970e+01 6.593972830348050707e+01 4.598641969408871688e+01 4.463134343959236361e+01 6.102974007859149452e+01 6.234171309506469072e+01 4.859947421477924223e+01 4.971847201746775369e+01 5.090233005748395811e+01 5.209542865832528236e+01 5.329383557797080329e+01 7.301270958555033985e+01
5.759658344061104884e+01 7.194673173615638007e+01 7.815908248664545965e+01 5.781723338275835289e+01 4.333309195323403173e+01 5.781723338275975976e+01 7.815908250574760530e+01 9.188811298924025550e+01 8.468098070424339596e+01 7.046880222388924153e+01 5.152131141195207675e+01 4.005642190145808001e+01 5.491685300249934443e+01 5.724358689515778309e+01 3.912040300176629160e+01 3.078885129146513933e+01 3.134602188523484401e+01 3.207314726889966749e+01 3.297961623897569439e+01 5.320482148006076528e+01 4.705586506557574467e+01 6.627096006793519223e+01 4.967095615709145306e+01 6.222524919517844211e+01 8.186813132555867867e+01 7.118582812578867447e+01 5.074501770630475761e+01 6.600452794266377055e+01 5.891927613001043795e+01 7.114526797070263342e+01 5.322196571858816583e+01 6.880342454092496496e+01 6.990796829458855655e+01 6.519221318883157323e+01 6.636307257670983972e+01 7.341525207403269349e+01 6.003044614886723451e+01
6.693736660063103727e+01 8.629224505832716829e+01 8.133140859362472952e+01 6.101861019851234147e+01 4.652376017901482896e+01 5.570775735705212384e+01 7.607789250004431381e+01 9.051035602406372504e+01 7.056111535516443212e+01 5.639968084495537681e+01 4.630770573655107114e+01 6.020924314038584413e+01 6.020924314038585123e+01 6.470016722541393506e+01 4.570282852318720046e+01 5.095996404770796318e+01 3.139793888838650915e+01 5.159704272766610700e+01 3.622535092598345585e+01 4.927850962159595127e+01 6.688854701379456458e+01 6.675169652463718251e+01 6.328251871563078623e+01 6.180512378802896478e+01 8.155080479861480569e+01 7.501294254531454442e+01 5.476197861321296756e+01 7.501214727028973073e+01 7.886311298645578916e+01 7.298574267966033347e+01 7.299441215144531725e+01 5.804880785235074825e+01 7.768941533792266796e+01 8.526213585953603058e+01 8.642676287421843995e+01 8.504810796436777309e+01 6.506414965410534990e+01
7.795533998532377495e+01 9.553055101518712888e+01 8.224450736524715921e+01 6.194570398235953235e+01 5.009217217752799201e+01 7.052498776388777912e+01 7.237074076302114634e+01 9.257282612886920958e+01 8.273480862415026138e+01 6.273959894412675453e+01 5.192056368119665422e+01 7.196931006093286953e+01 8.024076099782938343e+01 7.350942845826543248e+01 6.529616938695522776e+01 5.203312079914601895e+01 3.183214618872570512e+01 5.199513838638339536e+01 6.441132635085047298e+01 6.843094744850104405e+01 7.763990964428590758e+01 8.557346181450498079e+01 8.301345683570416156e+01 7.580046118980769165e+01 8.959866768490569200e+01 7.901002585256773614e+01 5.902460931630182728e+01 7.316800427935761775e+01 9.311391356628753613e+01 9.262784617611298188e+01 8.508326529162091845e+01 6.552097760683942340e+01 6.355788028175562232e+01 7.734782439956126154e+01 9.703150544298735269e+01 9.057801989460382686e+01 7.064366671425676714e+01
