MOVIE_S3_data/elevation_000677.asc
nrows	100
cellsize	150.0
xllcorner	0
ncols	100
yllcorner	0
NODATA_value	-9999
[rows 68 to 84 of 100, columns 0 to 36 of 100]
2.958550950857541384e-02 1.157659089330099000e+01 2.571872651703169055e+01 4.571872651703098001e+01 4.414387188523630812e+01 3.827027595497270340e+01 5.244208302314644499e+01 7.252415880714760021e+01 7.466239410421616185e+01 5.745061509303042868e+01 7.466239410421616185e+01 7.155161068204226638e+01 5.482086750114660134e+01 6.467724979107880756e+01 4.469487132534634810e+01 6.467724979107880756e+01 7.934184421513307939e+01 7.661973901884699956e+01 6.840120646569421581e+01 6.417255436192100149e+01 4.413419050664547427e+01 5.659876550391217620e+01 4.245728436566000852e+01 5.665750581225317717e+01 7.662825491143158274e+01 7.394192175776835541e+01 5.404943569245741486e+01 3.997378889843166405e+01 5.987499843893760243e+01 6.309806839199699624e+01 7.112251384052380843e+01 6.990333708248378741e+01 5.010726504944111781e+01 6.990333708248378741e+01 8.661354838211134677e+01 9.129980493590051083e+01 7.452716889346372398e+01
9.835479489548564214e-01 2.098354794895450226e+01 2.912455222810692135e+01 3.413105600314023036e+01 2.411824012104417037e+01 3.827027595497270340e+01 5.832398683997822531e+01 7.332923969545242926e+01 8.118495674382255345e+01 7.812340218017281757e+01 8.653676513504338175e+01 8.309411608036994323e+01 7.480575443944486835e+01 6.100924551611340974e+01 5.882333519423320212e+01 5.537545774176962254e+01 7.535879039710908955e+01 8.678753469093176420e+01 6.685717829644271148e+01 5.270857422031534867e+01 6.417255551736033681e+01 6.767383581479474230e+01 4.766203223955872659e+01 6.183144332229593942e+01 8.177861491022375162e+01 7.135387070504953044e+01 5.147328633322226921e+01 5.987580996632810582e+01 4.779659012322908040e+01 6.767132063680092813e+01 8.046141893587345351e+01 6.070905645742375611e+01 6.990333708248378741e+01 5.858143782663323407e+01 7.250067830362281995e+01 9.236842033313945421e+01 9.455156865366245711e+01
5.722010782348829760e-02 4.529356064940996518e+00 9.117670794324855166e+00 1.411767175543160668e+01 2.411880249495877493e+01 3.831045063720392818e+01 5.881177659970148142e+01 5.392633392385440771e+01 7.005667057717131740e+01 7.533186213623892513e+01 7.533186213623893934e+01 8.341801758028385905e+01 8.928866387081129119e+01 8.099799718902241352e+01 7.880984980375740179e+01 6.536322013160975075e+01 8.364727754361780399e+01 8.678753469093176420e+01 6.685717829644271148e+01 6.426785229018069856e+01 8.094132354387377859e+01 7.522194602466439051e+01 5.525152354084180217e+01 6.183144334530462771e+01 8.177861895134428494e+01 7.965323110855001687e+01 6.293347751017034852e+01 7.365971140315937760e+01 5.379846613313058867e+01 7.365971140315940602e+01 8.876612365450627351e+01 7.054462208830847203e+01 8.661354838211134677e+01 7.250067830362281995e+01 7.250067830362281995e+01 9.236842033313945421e+01 9.961256263628870045e+01
9.757004629446797139e-02 2.009757004629411270e+01 2.912455222810692135e+01 3.413105600314023036e+01 4.243762984565046281e+01 5.260337802895771375e+01 5.744803708794579933e+01 4.225832397750068736e+01 6.133253049757615827e+01 5.566795554203356033e+01 5.566795554203356033e+01 7.533186213623893934e+01 7.356677803130529014e+01 8.164641971415387900e+01 9.364716059312469554e+01 8.535436066260841415e+01 9.364716059312469554e+01 9.502546879130474622e+01 8.678753469093176420e+01 8.420585680892483538e+01 9.244431715711466779e+01 8.346428151134597329e+01 6.525555677055874071e+01 8.177861895134428494e+01 9.001676621144387980e+01 9.118815481515350996e+01 8.285634171910776047e+01 8.068885887225521003e+01 6.080742750687535647e+01 8.068885887225580689e+01 9.873179377588314765e+01 9.037821578343837814e+01 9.873179377588314765e+01 9.236842033313945421e+01 9.236842033313945421e+01 1.007264184605997315e+02 8.769153116938223036e+01
4.225409065741109194e-01 1.456467653030518683e+01 3.456467653030588849e+01 4.033712539376438855e+01 4.853119018156762365e+01 5.087134885777343385e+01 3.730201253699596720e+01 3.307396948021914085e+01 5.330971544706113008e+01 4.147443323807762994e+01 5.536139130161841848e+01 6.112559857166857569e+01 5.389554609562780740e+01 6.785981941921295402e+01 8.734459491252059138e+01 8.656634080021913746e+01 7.842285542317020486e+01 7.842285542317006275e+01 8.023805277792929758e+01 7.878493948507650657e+01 8.693369898468350243e+01 9.342296375486965587e+01 8.518833527876996925e+01 9.342296375486965587e+01 1.040793026329023689e+02 9.571302608530359635e+01 1.010264568848245545e+02 8.901759881793945794e+01 7.223554533850874293e+01 8.901759882723644068e+01 9.988560717741714257e+01 9.142043888606282565e+01 9.142043888606282565e+01 8.917507084845773591e+01 9.765020997783707912e+01 9.381783942061831283e+01 7.310887735186425118e+01
8.169748314230130815e-01 2.081697483142265881e+01 2.523458838456495457e+01 1.984262905261892485e+01 3.828701294517636455e+01 4.042142022817163394e+01 2.283810758798900764e+01 4.051795572721184868e+01 4.383693641271344177e+01 3.378799756029314239e+01 3.526332767577500960e+01 4.115780147607019757e+01 5.126824314991547737e+01 6.527181251455269262e+01 8.477086908845436142e+01 7.842285542317020486e+01 5.912344430359461001e+01 5.912344430359461001e+01 6.092116999623505791e+01 5.948558183028579549e+01 7.308366811354608217e+01 9.254902615299452862e+01 9.503254704867835301e+01 8.662764491702922953e+01 8.662764491702922953e+01 7.522910936631180334e+01 8.062081697345614373e+01 9.500148916695059143e+01 9.223629990557984115e+01 1.005955032145487564e+02 9.142043888606282565e+01 7.071550586615754241e+01 7.071550586615754241e+01 6.845323347808209746e+01 8.573059423509852195e+01 9.470041363021583436e+01 7.399897692829338780e+01
7.482281904641915338e-01 2.970455001371238080e+00 5.206569039909392238e+00 2.386148529752578540e+01 2.722855384152660108e+01 3.287703711895627379e+01 1.724227400104160779e+01 2.034118210432748697e+01 2.364836506134051675e+01 2.828229260430305558e+01 4.846781014175432034e+01 5.173751090815383691e+01 6.923563344405235398e+01 7.906266106382254577e+01 8.192429847761083295e+01 7.093540903958025012e+01 6.302273980509241369e+01 4.534888321405855294e+01 4.718087176602818289e+01 6.657895397160767459e+01 7.265560408561702843e+01 8.131882985528922347e+01 8.662764491702922953e+01 6.600052163773395364e+01 6.600052163773395364e+01 6.321532731799700855e+01 6.596914500515136126e+01 8.659749052904513178e+01 8.835569969275769608e+01 9.675170497644836587e+01 8.874438613406324805e+01 6.802118493562576873e+01 5.611605777053770083e+01 5.654436783606371364e+01 7.301487757423453218e+01 8.153748465805300327e+01 7.966465582970047876e+01
6.697973685351282791e-01 2.066979736853477334e+01 2.523458838456495457e+01 8.540811241854404656e+00 1.096779785928304918e+01 1.345188646574959890e+01 3.361886428701608764e+01 3.202209761356178319e+01 3.535574303843997512e+01 3.646958946070028418e+01 5.651436660217390084e+01 7.148576430370147250e+01 7.957741351163234356e+01 7.356055452562321761e+01 7.397227118684926950e+01 5.500712651457664037e+01 4.373728203550264482e+01 3.782251894475317755e+01 5.743461032522451859e+01 5.802645533577697989e+01 5.196686351761983502e+01 7.265560408561702843e+01 8.511883235544966908e+01 7.204206616986863310e+01 5.139241692176790366e+01 5.289048717117466936e+01 7.355095790308259041e+01 7.380820947452424718e+01 6.778244172764193820e+01 8.835569969275769608e+01 9.722155953142812734e+01 8.530055652178742776e+01 6.796877384925581111e+01 4.738754501917222939e+01 5.239219153700685183e+01 6.963896856631764365e+01 6.668642325753569366e+01
9.239707316362346656e-01 2.048074404989253594e+01 3.650545512734598930e+01 2.500827816572465778e+01 3.243974105875426517e+01 2.255151510385922364e+01 4.219073292413616372e+01 4.630821290966917303e+01 4.962597428258866472e+01 5.072316304887464611e+01 6.465894227450831977e+01 6.930849670389460471e+01 6.772931764100886198e+01 5.367057575526978042e+01 6.772931763773731006e+01 7.093540893150827742e+01 5.280931876149172410e+01 3.311573628169043104e+01 4.785031690992827436e+01 3.767939870997835072e+01 5.196461105543549053e+01 7.260207577549994085e+01 7.666749144112662862e+01 5.601074385837133462e+01 4.429618904863165341e+01 6.474128344713969341e+01 7.380787126304444712e+01 5.318133471448729921e+01 7.380820526143075710e+01 8.685736098827493379e+01 8.640892746742457575e+01 7.789704406338024967e+01 7.569845299324049392e+01 5.506495160108887887e+01 4.057468237870019578e+01 5.541334556059738503e+01 5.480759294284010252e+01
7.344999525375345284e-01 1.487663557626835953e+01 3.487663557626764543e+01 4.844383964647617091e+01 5.199186591842338601e+01 3.866596933427655358e+01 5.217294774692290815e+01 6.616289186500777930e+01 6.941642128781630561e+01 7.049556875333156825e+01 6.347240944624526549e+01 4.945946786983068222e+01 5.877733516993951923e+01 3.942066528925447244e+01 5.877733558910943401e+01 6.329836181489189073e+01 5.086791805906554487e+01 4.205590888285562556e+01 2.768717504350622605e+01 3.661950759624262730e+01 4.823557988111227957e+01 6.903029178551187783e+01 7.512205683606508444e+01 5.453946643192245602e+01 4.025041530195693440e+01 6.056777113200249119e+01 5.815571953426053398e+01 4.603845053581999736e+01 5.780009462720270363e+01 7.842081123662759978e+01 7.446359944209636694e+01 5.714896899520277884e+01 6.949681303158141077e+01 6.963896856631764365e+01 5.541334556059738503e+01 3.492158671070229303e+01 3.432097961532241470e+01
8.205962881864476977e-01 2.082059628818609198e+01 3.517069004001366750e+01 3.366654652191445507e+01 5.179363882950149645e+01 6.183376281253996609e+01 5.804735539495320040e+01 4.958924793969234202e+01 5.804735974878823868e+01 6.717355047875835794e+01 5.346187106828192270e+01 3.515833197848046865e+01 4.941224834311488934e+01 3.024732928497414974e+01 5.051815659645954071e+01 5.497531818513482449e+01 3.492053634656216587e+01 2.338408409387941234e+01 4.339668449218105195e+01 5.635564043032074011e+01 6.562687434214366533e+01 7.762241517351989728e+01 6.863790665431872640e+01 4.806695397753368582e+01 3.649761853881079787e+01 5.174679175900497086e+01 3.788954279287425919e+01 4.682890474063751896e+01 6.128718114240541581e+01 8.188195010332087520e+01 6.591813733760143634e+01 4.519285375916624758e+01 4.876895955843987451e+01 5.741554245965796355e+01 4.889956042709749084e+01 3.115893403090305469e+01 5.160812147089443158e+01
1.503081736372913202e-02 2.001503081736337464e+01 1.590238223903141090e+01 2.669741494024419737e+01 3.925603319613783526e+01 5.737419313261165144e+01 4.793478932608179122e+01 2.944469980566977796e+01 4.793478932190408415e+01 4.958304032382253013e+01 3.933021680937246600e+01 2.499788307197080073e+01 2.920437477155503458e+01 2.350309683304275055e+01 4.376121415926690617e+01 5.428031720383422964e+01 4.056607811342969683e+01 2.055546289229691581e+01 3.209487127502286086e+01 4.626731904356651626e+01 6.646876117589920341e+01 7.681094788713558330e+01 7.700900891644302249e+01 6.520903453599841271e+01 5.174692904601369747e+01 3.159197338402276500e+01 5.174696357994172757e+01 6.663446981966802696e+01 6.731924931408732959e+01 8.785513825047162584e+01 7.446359944209636694e+01 5.483920345998926393e+01 3.434386501123977808e+01 4.628521972490842273e+01 2.849108492470994491e+01 4.889956042709749084e+01 6.012882093963893482e+01
1.711296032766891351e-01 6.181767027021281002e+00 2.594328632973111937e+01 4.330589762925556130e+01 4.516400734467628553e+01 5.359545128551194892e+01 3.951697386213655250e+01 1.932730571151400412e+01 3.950411635231999696e+01 2.954950287881106874e+01 4.032645586147303618e+01 3.207449916736334927e+01 1.523385742232293261e+01 3.300301434670227962e+01 4.217972253802170002e+01 3.424270437098756048e+01 3.424270598125504961e+01 1.785437669223013302e+01 2.785202947189731404e+01 4.202296463231167678e+01 6.231752158004324116e+01 5.589597877751124599e+01 7.069305423445970860e+01 6.583030113561805763e+01 4.907712815027677777e+01 2.894462526850296413e+01 4.048542380574162536e+01 5.480475033333058832e+01 7.532029602513233613e+01 7.540904892990687358e+01 7.093795108259580218e+01 4.756700257179664959e+01 3.279974089268563375e+01 2.592669546574093431e+01 4.628521972490842273e+01 4.299209105659863184e+01 5.782884990813132475e+01
6.634215400813491259e-01 2.066337382339277084e+01 3.415104309936213411e+01 4.184111286136505470e+01 2.485436439802867881e+01 4.186287481932599519e+01 3.278267727292550404e+01 1.269207193589765659e+01 2.442089615492914234e+01 1.600911521962408202e+01 2.527401098255953116e+01 9.748714705191716234e+00 1.964929427266173789e+01 2.163338052104165854e+01 3.412726896727699000e+01 3.080908725274620608e+01 1.422706134203569484e+01 2.838153895817856309e+01 4.617601708131698501e+01 5.629205326578644986e+01 4.911933467846380097e+01 4.153884599517993337e+01 6.209039336195882441e+01 5.146909294883015207e+01 3.710788476204221809e+01 2.640609036584928759e+01 3.794677423841259412e+01 5.822523009526923943e+01 6.938010415786401097e+01 5.500068511832599683e+01 6.939081801971857999e+01 5.931649161364324385e+01 4.142138031408845933e+01 2.424097157891681675e+01 3.879641654190103850e+01 6.043297439447314190e+01 7.228858608043606182e+01
1.702428053490451232e-01 1.430268770653970201e+01 3.407432601994795363e+01 3.323123311845045436e+01 1.336083166649343923e+01 2.287193720927893281e+01 2.329425160085670043e+01 1.119364644483934867e+01 4.406400529959233481e+00 4.882161426426315565e+00 5.357769709099535760e+00 6.601163585374932197e+00 1.136451252895035680e+01 2.248996063581369498e+01 2.282507105728936381e+01 1.079458514506193723e+01 3.080908634764501741e+01 4.254524096371397235e+01 5.701222312107659462e+01 4.909838860755918688e+01 2.958312896792861935e+01 4.909838926473808840e+01 4.815318173623953868e+01 3.974127545914345205e+01 2.295271169577316428e+01 3.710774924178979717e+01 5.494621854585184906e+01 6.668035855022219494e+01 6.023443573079305224e+01 4.045556545361146306e+01 6.023443573079305224e+01 5.675438198146628110e+01 4.029117749230198342e+01 2.257948630140271362e+01 4.285290898522298875e+01 5.812113788911049994e+01 6.648326591585812650e+01
1.450734497938095391e-01 2.001370435843398354e+01 2.115496874569732455e+01 2.143579469129706894e+01 1.364649341794099335e+01 2.801742241398822220e+00 3.268221089984369332e+00 3.735665070087216044e+00 1.373183835550946874e+01 2.483324413510552375e+01 1.989112101706319180e+01 5.994602789840045354e+00 6.441511931318956385e+00 6.918822973041869773e+00 7.424341066389160027e+00 2.746933875217813537e+01 3.643914580704158368e+01 4.359365853068806729e+01 4.302700159768500754e+01 3.500887975705764887e+01 2.378795905811768208e+01 4.244954325257634764e+01 3.974126689091393416e+01 1.966467052284466277e+01 3.974127545914345205e+01 5.146505064842970256e+01 6.577588252998526741e+01 6.962059933438588644e+01 5.179941766835675310e+01 3.176405814287738139e+01 4.441103533214234744e+01 3.927159370292307727e+01 2.973158669316912395e+01 2.093446617243793995e+01 4.104425254516796429e+01 3.971736289303780154e+01 5.901380024293899851e+01
2.896770308316644060e-01 7.527938601692515386e-01 1.216034743208533442e+00 1.679648079121920601e+00 2.143633042811600831e+00 2.160519863144417840e+01 2.321995307619434712e+01 5.395050230261850821e+00 2.562978244212973777e+01 2.985875937825291260e+01 3.988580508688271209e+01 3.263556527363218862e+01 3.231888548003756512e+01 2.813018236710546915e+01 1.416098749922241140e+01 8.152971608892755739e+00 2.816341916406634382e+01 2.351838831459295420e+01 2.989618132622950952e+01 1.659838820140666016e+01 3.478391292077226638e+01 4.893334669391018110e+01 3.748063780068007134e+01 1.740999765707224611e+01 3.728555196604659017e+01 5.286522971131784487e+01 4.937902490676373901e+01 4.938011786009374049e+01 4.885348837031183677e+01 3.295809939021960133e+01 2.304145824015368405e+01 1.804833315900994606e+01 1.862082445316382007e+01 3.867674733490595429e+01 2.360539694105137798e+01 3.956425002106715283e+01 6.187139899304694524e+01
