MOVIE_S3_data/elevation_000117.asc
nrows	100
cellsize	150.0
xllcorner	0
ncols	100
yllcorner	0
NODATA_value	-9999
[rows 51 to 67 of 100, columns 37 to 73 of 100]
6.207192694538992583e+01 3.959987527060291512e+01 3.153041032728885540e+01 3.646016251163416655e+01 3.936912865128385874e+01 5.969986166980706344e+01 7.498102129883034195e+01 8.277919078875193293e+01 9.226311691160168493e+01 8.147345769813547633e+01 7.331578528782419824e+01 6.838093927256147708e+01 6.007945502724376041e+01 4.042380345856822998e+01 5.261977847860328694e+01 7.303107734024014519e+01 6.534366917305710842e+01 6.282572956405171283e+01 8.221935602568767365e+01 8.244897484233555929e+01 7.898379527654594767e+01 5.915967864583334546e+01 7.218481428127886090e+01 7.291848087234023978e+01 5.445807535216446382e+01 5.556847520588262768e+01 7.553476753681225375e+01 7.226174896961225613e+01 7.899234734659650314e+01 6.261717650659063850e+01 8.216147901504027118e+01 9.348478644745615895e+01 1.073054288661945463e+02 1.168744125738479624e+02 1.095407724886904504e+02 1.095461022765591110e+02 1.176716417255414910e+02
6.346954710224897411e+01 4.821580205389514617e+01 4.890395996801254341e+01 3.209719973524719450e+01 5.256264515012350813e+01 4.847010732990877813e+01 5.537182968825599971e+01 6.543852301664456661e+01 8.452363251716990078e+01 8.861958270472541699e+01 6.865342139463764681e+01 5.479973215279431997e+01 4.777290228168056530e+01 4.120104671983782652e+01 6.205916871985566985e+01 6.409055889400077888e+01 5.096383619549813915e+01 7.102243598480386311e+01 6.752349979737037700e+01 6.249297170885397179e+01 7.573544125652269088e+01 7.078741795479271559e+01 5.187595186519799739e+01 5.294486521900728349e+01 7.315588792115231342e+01 6.225741137929947655e+01 8.099767886241512826e+01 9.182980741875101671e+01 9.021913810139155032e+01 8.216147901539716258e+01 6.588636245533663782e+01 7.966414428350955745e+01 9.735053060794052726e+01 9.734841492795035833e+01 1.104514949698038464e+02 1.185405692161138802e+02 1.298155854076270828e+02
6.827226125482644647e+01 4.880295679741455217e+01 5.203683917575281725e+01 3.249750782836895979e+01 5.266616751260816898e+01 6.479202205026972194e+01 7.498101406742992481e+01 8.277907136142044919e+01 9.226311691160168493e+01 8.861958270472540278e+01 6.865342139463763260e+01 7.435693954328944244e+01 6.746571179231682436e+01 6.183047590264331461e+01 4.234435633292459045e+01 4.319069287015235403e+01 4.405733049521276001e+01 6.494933882580825468e+01 4.670352824501764388e+01 4.766915549673473862e+01 6.758754043928803412e+01 5.040245633682037862e+01 7.083458570265676713e+01 5.564028535364329286e+01 8.077603350035177243e+01 7.529966492113135246e+01 7.386807111875219789e+01 9.326601712277648915e+01 1.049057155704343813e+02 8.806907615899446284e+01 6.856279017529189446e+01 7.275879438760303231e+01 7.778065368671184387e+01 8.396621623302092985e+01 9.090489934806458905e+01 1.022039986255177695e+02 1.217195530444240035e+02
6.855879789977082339e+01 5.684543143124983544e+01 3.306549659577191136e+01 4.306266470034383076e+01 3.786574841200800989e+01 5.686229484995018169e+01 5.873238468487612352e+01 7.255322255921839769e+01 9.230971289584657313e+01 9.682190523506191937e+01 8.861958270472540278e+01 9.237975159968932815e+01 8.079577785844554683e+01 6.708357998129928035e+01 4.634401150699763150e+01 6.409055955378885017e+01 4.811053531279683426e+01 4.534095598947993011e+01 6.591959182292734454e+01 6.832492196150263908e+01 4.903395823201165626e+01 6.961665987153527624e+01 5.418069591158334219e+01 6.897665127230524718e+01 8.793420808315336501e+01 9.475390139865587003e+01 8.742832224722232581e+01 1.014680066583395046e+02 9.681687138677277460e+01 7.725541402208591535e+01 7.158603066887837940e+01 9.111972336693749241e+01 9.735053060794052726e+01 1.035405892189278632e+02 1.104514949698038464e+02 1.185405692161138802e+02 1.292670112659212123e+02
6.441932389921191771e+01 5.349436966466221577e+01 3.346619195910697186e+01 5.163420913973160253e+01 4.989504847956757061e+01 4.357538062430506187e+01 6.233317730287524228e+01 7.690438559203579416e+01 8.517099473845183866e+01 9.511518932668226967e+01 9.725912068496968743e+01 8.420788465360483599e+01 6.433648553981880980e+01 5.239042861084187308e+01 6.709077487208610080e+01 7.062678186935529823e+01 4.996250766582059555e+01 6.617646515797176221e+01 6.232376240266512468e+01 7.717865650538819011e+01 6.655217629024748760e+01 7.672433299663489947e+01 5.685426683516626412e+01 6.844745432814998765e+01 8.230565964610916296e+01 1.018556171076305219e+02 1.073594592655014139e+02 1.081074796691731876e+02 8.855157247569755441e+01 9.681687138677277460e+01 8.538918523283845730e+01 7.609420791409176843e+01 9.567129974210087084e+01 1.057199044665069323e+02 1.107654197942401737e+02 1.169326708386965663e+02 1.097645825221432858e+02
4.389605527383077543e+01 5.398396730035700841e+01 3.386405171964726435e+01 5.383574624966307454e+01 6.630353830600118670e+01 6.233304732926088576e+01 5.081461280963935678e+01 5.710357637810910347e+01 6.698875961957722325e+01 8.682163215035936332e+01 8.908955600614356740e+01 6.933520528161221819e+01 5.924814420226831402e+01 7.273512702922113249e+01 8.093113828666541565e+01 7.390490800677157779e+01 5.346301105257647635e+01 7.390490800677157779e+01 8.164946793815003900e+01 8.761898798243481679e+01 8.931255308825880945e+01 7.250015077271480379e+01 5.957003041781359798e+01 7.925557672439870771e+01 9.114787653700030035e+01 1.024297008583180713e+02 1.111153868887546992e+02 1.161884058769644952e+02 9.985532055722781308e+01 1.130449490827827503e+02 1.022007084661890417e+02 8.261246456925341874e+01 8.151237417339663693e+01 8.614228016243056629e+01 9.122417219336367111e+01 9.743005282366193853e+01 1.112196957177895627e+02
5.095264479683821435e+01 3.745885376862976557e+01 3.425797154897026076e+01 5.433562639458151011e+01 6.318224385042437774e+01 7.811951585787829799e+01 7.030436477290052721e+01 7.690519588331717671e+01 8.517099473845183866e+01 9.511518932668226967e+01 9.725912068496968743e+01 8.738652573299889070e+01 7.086407528284757973e+01 6.829109537185945555e+01 8.804788602944267950e+01 8.207382717096524516e+01 6.809743542042777165e+01 5.882491945182704995e+01 7.333734396060719973e+01 9.425828428485185384e+01 9.902561995081504165e+01 8.731855501278799636e+01 7.353105732306630671e+01 6.350225333526470450e+01 7.479499228324591797e+01 9.433496823485643290e+01 9.156144046861415120e+01 1.111153868887546992e+02 1.193801386521619889e+02 1.274565679327826189e+02 1.095908966990909619e+02 9.003833377020308149e+01 8.893894809012086000e+01 1.057199044665069323e+02 1.107654197942401737e+02 1.107652366200385927e+02 1.250147423002518536e+02
6.583197445159257200e+01 5.666193860042618269e+01 5.395416692107787782e+01 3.481006660620953852e+01 5.473082668171205967e+01 6.393575804576055077e+01 7.424133969882991835e+01 6.672831725908619660e+01 7.303306660990438104e+01 8.036400518545258365e+01 8.886468485522010496e+01 9.878533041453802355e+01 9.061637784572094745e+01 7.529636492938166725e+01 9.502192449533512786e+01 9.598902751038771441e+01 7.667607661978797751e+01 6.265512184009382679e+01 7.667619806101660629e+01 9.641181140951255202e+01 1.049249966821299438e+02 1.011698623812293505e+02 8.305355785936330903e+01 8.305355785936330903e+01 6.765230312990891548e+01 7.559813694903274950e+01 8.942169969738597501e+01 1.089781674738837864e+02 1.171994293618972165e+02 1.252870075841843374e+02 1.176760035649237608e+02 9.983506936256732445e+01 1.027828030515645139e+02 1.027828030703225721e+02 1.222959217671259609e+02 1.302727655357106187e+02 1.203979084270859801e+02
6.936287404163942938e+01 5.953211426275047558e+01 3.904963766034907735e+01 5.493726533111985333e+01 3.536206181846042540e+01 5.480071575030963515e+01 5.845705116465814655e+01 4.566621209822773153e+01 5.212257861600162556e+01 5.962897966852138865e+01 7.169025783015679565e+01 9.221256441878691135e+01 1.031914657347191024e+02 8.514528349193805923e+01 1.031914657347191024e+02 1.045362770120688793e+02 8.792151083219216900e+01 6.821756153882132878e+01 7.079098866584850214e+01 7.700727913873961938e+01 9.674695911988384012e+01 1.106892971943949391e+02 9.953481453923468791e+01 7.998081927854174467e+01 8.716778206325498957e+01 7.251311957173408018e+01 9.205266956042835602e+01 1.033831503062131247e+02 9.766026013981748122e+01 1.171994293618972165e+02 1.274329659793602048e+02 1.136312496473081666e+02 1.222959161964016346e+02 1.222959223866454437e+02 1.303826620250438282e+02 1.231577972624551762e+02 1.109347845059446342e+02
4.861344465168241413e+01 4.363089220163747228e+01 5.953222203260486367e+01 6.387294906055579702e+01 4.952302160311237600e+01 3.591138573021875402e+01 3.827812177975735608e+01 5.880281735435912083e+01 7.303306660990438104e+01 8.036400518545258365e+01 8.886468485522010496e+01 1.007132868128959444e+02 1.130612505342013066e+02 1.048985654987321254e+02 1.130612505342013066e+02 1.076766668899601882e+02 8.792138736009934519e+01 7.477180820535554062e+01 9.050472421751416618e+01 9.674695911988210639e+01 8.838315868298495559e+01 1.081721229888709814e+02 1.076283257974068448e+02 9.380864823137076769e+01 9.897223823767239992e+01 7.940074249939574713e+01 7.838211288224775330e+01 8.380711843446242426e+01 9.122242440930450869e+01 1.050530295552048159e+02 1.245798881985577822e+02 1.331447923815179308e+02 1.351198652474037942e+02 1.268622769376547694e+02 1.310011185088891921e+02 1.144780486179871559e+02 9.321765290280782779e+01
5.073218551964223622e+01 6.434217374280376589e+01 7.269205311908118006e+01 7.811079427521848118e+01 6.438828968109636719e+01 5.598646451836913229e+01 3.646087609623786108e+01 5.071791102746701796e+01 7.154845157711021386e+01 7.991077712782104925e+01 8.820545564045913522e+01 9.985416672989791209e+01 1.006826518736685330e+02 1.019322623621135477e+02 1.026220648949308583e+02 1.107798695329422713e+02 1.026756295052521182e+02 8.613439820483419851e+01 8.870174408199768834e+01 1.084858076634621398e+02 9.980978467129844489e+01 1.163371767830962824e+02 1.214480033017116654e+02 1.127969581795321972e+02 9.324585174168429091e+01 9.324585174168429091e+01 9.222661091826581981e+01 8.968751937301561838e+01 1.092455977777088947e+02 1.050530295552048017e+02 1.245798881985577822e+02 1.351198652414564663e+02 1.236055577261582386e+02 1.069156870788615663e+02 1.110435436756375083e+02 1.129752176715916079e+02 1.049312058537214654e+02
6.284034200449204377e+01 7.972373888132730713e+01 8.678569056530629666e+01 6.873863063179324229e+01 5.445641285683022659e+01 5.716923298362891614e+01 3.684882623494313236e+01 5.717365081672669902e+01 6.776142601376110974e+01 5.940361478776557647e+01 7.181437792791038532e+01 9.176879078940093848e+01 8.223333470885231122e+01 8.323899160941051889e+01 8.305245125221537705e+01 9.941209081338260489e+01 1.140873910389493631e+02 1.059190173142300893e+02 1.084858076634646409e+02 1.166495148323273412e+02 1.195952895657153476e+02 1.277393906960166703e+02 1.253599354940124755e+02 1.208855009516224328e+02 1.127969581796219103e+02 1.127969581796573948e+02 1.117802388611128350e+02 1.009894679951405010e+02 1.173346966383258803e+02 1.245798881985577822e+02 1.326672069214889689e+02 1.268622769376525952e+02 1.069156870788615663e+02 9.542271954212246499e+01 9.696248522717563390e+01 1.045183053891484803e+02 8.692964429968520790e+01
8.320498128383938763e+01 9.137156361001463267e+01 9.150190673867321323e+01 5.920622414821450974e+01 5.624588641750176521e+01 3.985911394999573787e+01 3.723631781117219930e+01 5.033795593104828470e+01 4.724100982896916179e+01 6.782107014065147155e+01 8.123739001426999096e+01 8.308750755712090097e+01 7.398686282462563213e+01 6.858134148739378588e+01 7.190897403449027081e+01 9.130603080541686722e+01 1.010910694420059741e+02 1.108587246702611964e+02 1.215803406740878501e+02 1.137805524460090112e+02 1.215803406740878501e+02 1.199440312396452839e+02 1.065563793874865155e+02 1.199440312396452839e+02 1.225825147343734614e+02 1.145006998783728420e+02 1.225825147339697168e+02 1.205236807976382920e+02 1.286112363479487612e+02 1.303315682546982828e+02 1.224078313185809463e+02 1.303315682516896743e+02 1.168889820082589779e+02 9.696248522717563390e+01 8.546644112008374350e+01 9.773187609055717928e+01 7.756925347208918708e+01
9.169170996461636491e+01 8.347571087756372776e+01 7.820827223410955753e+01 7.348383498576453121e+01 6.304258241228037463e+01 4.226336657381671102e+01 5.759831287366164077e+01 3.778776162683573148e+01 5.583467565164347945e+01 6.387140467136593713e+01 6.140044929205127033e+01 7.027367597302433921e+01 5.581798119084397314e+01 6.050266730550972483e+01 6.632528327092271070e+01 7.367276726396839592e+01 8.323162375368592336e+01 1.027438997277334778e+02 1.119053135926614146e+02 9.421523164432734632e+01 1.119053135926614146e+02 1.115086236043208601e+02 9.326893017590255397e+01 1.115086236043208601e+02 1.130401009090880819e+02 9.559249263839302557e+01 1.130401009090880819e+02 1.219368256148136567e+02 1.296088273594321834e+02 1.207371369597286019e+02 1.031944185439144377e+02 1.207371369597286019e+02 1.251481824291676901e+02 1.122003819060471983e+02 9.227554415479627892e+01 7.827088552938087673e+01 7.362010929768942447e+01
7.343192962963193793e+01 6.307500873426538135e+01 5.761492770344912628e+01 5.273373724920724470e+01 4.821184544830676799e+01 6.304258241228036042e+01 5.952213401559096440e+01 4.079114485257531442e+01 3.833924513702473291e+01 4.198924552970028401e+01 4.606637928009079985e+01 4.995595480124252674e+01 7.041435787173686833e+01 8.009691633006791278e+01 8.568677513130651846e+01 8.211656589292721264e+01 1.010910694420059741e+02 1.108587246521061758e+02 1.039978920451681574e+02 8.397820795545186456e+01 1.039978920451681574e+02 1.036584861298461533e+02 8.452713468438653877e+01 1.036584861298461533e+02 1.050465962583827775e+02 8.593336059115843284e+01 9.478968353784436829e+01 1.138594287386383996e+02 1.216774569876484975e+02 1.023831136286201655e+02 9.334880595914029300e+01 1.128011249312467612e+02 1.244636510256034541e+02 1.078215304469152045e+02 9.963538470786140522e+01 9.497164708269639277e+01 8.676871189202680057e+01
7.499992999874233135e+01 7.761642648861001703e+01 7.230665147383625424e+01 7.348383498576453121e+01 6.905989928388623866e+01 7.057132762393709413e+01 5.915260294546066433e+01 3.889036020071422683e+01 5.898036344258934349e+01 6.401808146186193937e+01 6.720959738518729409e+01 7.041533467590473094e+01 6.037737546189995896e+01 7.165190920608152680e+01 9.096985632866282856e+01 1.015771201592705353e+02 1.096832533331341182e+02 1.109806942628546551e+02 9.118232362016402703e+01 7.692347273566232957e+01 9.732466401526275490e+01 9.760862160136208843e+01 7.815535250509086040e+01 9.760862160136208843e+01 9.119652012152829457e+01 7.888410554374431172e+01 9.024534531620336963e+01 1.094340571859647753e+02 1.195837461477570542e+02 1.002655117488393159e+02 8.618195812316703552e+01 9.708004066794184439e+01 1.165208268193016750e+02 9.954306970906841912e+01 7.968468560272347645e+01 8.547983216253904004e+01 6.660212298916418661e+01
8.667862034290016027e+01 9.762127471517671040e+01 9.245604511354420652e+01 8.250804576916762301e+01 7.412850916351425212e+01 6.196254649823253402e+01 4.000093324006944329e+01 3.927553750917690678e+01 5.850972073135842777e+01 6.072553280879159843e+01 7.204948887892356879e+01 8.691928413588193791e+01 7.165195693694568035e+01 8.787302968817532189e+01 9.906131399770353596e+01 1.094486003362138717e+02 1.174785964552742428e+02 1.053737512604406845e+02 8.532157933049246878e+01 7.042616623052391844e+01 9.119472450845402989e+01 9.213486359761681399e+01 7.249063373068734961e+01 8.502484439037716868e+01 7.147834573810912673e+01 8.471337721383537200e+01 1.029360638283658176e+02 1.174535019709695263e+02 1.144207308307185684e+02 9.494242882461492172e+01 8.071194058449694353e+01 9.988740666393515255e+01 1.104034314499459413e+02 8.967814194941588823e+01 7.546631717603042944e+01 6.528308569813667361e+01 8.547983216209593138e+01
