MOVIE_S3_data/elevation_000176.asc
nrows	100
cellsize	150.0
xllcorner	0
ncols	100
yllcorner	0
NODATA_value	-9999
[rows 51 to 67 of 100, columns 37 to 73 of 100]
6.861248009978721996e+01 4.867946594667157001e+01 5.084885565354866088e+01 6.899417537893059205e+01 7.192565548449239543e+01 5.739517806855188553e+01 3.774814844205102560e+01 3.068220834708300870e+01 5.072866634883693138e+01 5.583806817525876198e+01 6.146645410729676939e+01 4.801536856511314966e+01 3.481179056820030837e+01 4.109392790181365029e+01 5.514174532861185440e+01 5.790027421325162038e+01 5.884282981980918947e+01 3.974195134788991624e+01 6.010295582213698395e+01 6.232071070754113862e+01 6.332822350335509753e+01 4.454302372774039043e+01 6.475172082053983047e+01 4.773188775812036511e+01 4.889384248279446155e+01 5.005386628419532258e+01 6.978091649166594834e+01 7.265844901982765691e+01 7.347498375151620564e+01 5.749512114585480305e+01 7.666033503539864569e+01 8.296096192284822735e+01 9.034960372550004593e+01 9.862933732917805685e+01 1.084296134623831449e+02 1.114818256223266815e+02 1.012126250053087375e+02
7.457926633907860037e+01 5.478967517909340046e+01 6.496955432487541771e+01 7.891818026805121633e+01 7.140699785096977337e+01 5.171001289382435573e+01 5.743819613877212760e+01 4.494634888856687382e+01 3.120224521122084127e+01 3.136559166456983050e+01 5.257309660227851822e+01 3.366421901473404432e+01 5.393613848363116148e+01 4.550600582921125437e+01 6.306836569952245242e+01 7.428396905373175230e+01 6.308655849084837541e+01 4.326134250211382692e+01 4.104490041760659125e+01 4.198055377820677592e+01 4.302547272231478814e+01 6.332822350822289081e+01 7.287246220381642559e+01 6.195965812552591956e+01 6.303136524974409127e+01 6.407729491038004710e+01 6.156321643886664674e+01 8.102804012066968653e+01 8.415234265704128802e+01 7.221844193435954651e+01 6.102448206849026491e+01 6.366522841696011170e+01 7.076543571279324851e+01 8.045359894016058888e+01 9.440637082929016799e+01 1.141988594361399976e+02 1.105326204318704839e+02
8.113747861613602197e+01 6.146284178496373585e+01 8.113747861613602197e+01 9.286680621122702917e+01 7.968168506711661792e+01 7.140699785096977337e+01 7.271096429376731862e+01 5.691775795031724527e+01 4.273681997826947310e+01 3.171834483328606780e+01 3.251284317278364711e+01 5.276814193344817738e+01 6.215177085679687963e+01 5.846297528639613716e+01 6.400087032457034297e+01 6.797036778439623106e+01 4.841642133499508560e+01 6.313949649519899054e+01 6.140006849638491104e+01 6.232071592917952074e+01 4.538839140799756677e+01 6.523898148828433818e+01 7.653116923308385822e+01 8.149687635811079645e+01 8.263267992707218923e+01 8.338635838542825240e+01 7.530814767019322176e+01 8.102804013688417228e+01 9.131157454369726167e+01 7.192690942431627832e+01 8.025922867103328429e+01 8.296121470266461984e+01 6.777475506547243356e+01 8.726126038820729036e+01 1.019362597974099174e+02 1.134352095870060140e+02 1.221088912353002911e+02
8.931815190375914426e+01 7.133100614816044072e+01 8.931815190375914426e+01 9.103250605057364453e+01 7.055172580099710444e+01 7.055172580099429069e+01 7.207960351737798987e+01 5.488692412563219847e+01 3.230859786453508065e+01 4.823110705504596041e+01 3.713652494509040736e+01 5.600658027140698891e+01 7.107020955625537795e+01 7.737065962625592874e+01 8.316893651096860651e+01 6.797036778445252025e+01 6.797036923158451316e+01 5.387700412921232385e+01 7.327256270361318968e+01 7.333617804626264558e+01 6.523898148828433818e+01 4.886546863577510891e+01 6.843470940134304215e+01 7.984150707975533123e+01 8.894641593611950725e+01 9.710702870442536039e+01 9.482530678865165896e+01 1.006300091860102697e+02 9.958475795626827676e+01 8.555752235182220033e+01 9.958475795626827676e+01 9.166589525132957306e+01 7.196776931131533672e+01 7.392299827676052359e+01 8.526865002461170207e+01 1.051395709287493929e+02 1.212619980410497647e+02
9.915564857625876982e+01 9.094395108411150375e+01 9.915564857625876982e+01 8.731734339147439528e+01 7.055172580099713286e+01 5.016893860491718726e+01 5.168793903260773703e+01 5.309192818500266497e+01 3.272183529596559737e+01 5.141674656845854230e+01 5.367373744041467631e+01 4.429663345097770843e+01 6.415368065350010340e+01 7.775531952178870654e+01 8.851607405469093237e+01 8.746342141215754395e+01 8.134765408829979094e+01 6.758007967322176057e+01 5.980237478025490105e+01 7.913337353166892285e+01 7.653116930716076638e+01 6.273914638950612499e+01 5.234781890449212227e+01 7.173559961844216559e+01 6.944796702411538547e+01 8.894641444170333955e+01 9.456548153617967500e+01 1.027424772436265528e+02 1.125541926923136202e+02 1.052824819503823903e+02 1.104122017121226236e+02 9.051355159720296228e+01 7.650383910039589352e+01 9.366708939569977588e+01 8.159990137272369282e+01 9.304207897939041061e+01 1.129468735631381549e+02
1.060780152728885781e+02 9.420881381858653469e+01 8.570910342791189862e+01 7.882785955920043364e+01 5.841730623990886784e+01 5.766051928057186871e+01 3.723758617218567935e+01 3.495454910769034029e+01 3.313387980406759681e+01 5.250622597618876597e+01 5.610087345087713118e+01 5.817588820509935488e+01 5.184180266436554518e+01 6.216112631551516188e+01 8.048584935944707297e+01 9.723008063109490706e+01 9.511522902006493041e+01 8.346921118770798387e+01 6.419764794410049547e+01 8.346920966948088960e+01 9.032342810189065574e+01 7.984150707975533123e+01 7.173559961734373758e+01 5.579425388713796252e+01 7.515892952132654159e+01 8.482243428217796577e+01 7.507951344213981315e+01 8.479981245174113269e+01 9.855314887591021034e+01 1.182799678816092381e+02 1.078204433986721114e+02 8.793873080264393138e+01 9.634173127940447046e+01 8.640495430522764764e+01 1.014548350520471871e+02 9.150888476590824894e+01 1.014146807284369629e+02
9.759977451620849820e+01 7.700452805518843036e+01 6.520733369193335704e+01 7.387240115198098067e+01 6.216271255915584959e+01 4.177816550720024225e+01 5.766051928057186871e+01 5.479678348559031775e+01 5.316561868552467729e+01 3.372146712705003324e+01 3.748282836340965929e+01 5.621947110585071528e+01 6.990596891397738943e+01 6.139825707273857347e+01 7.025770378115637982e+01 8.909363964796759205e+01 9.926205441361238968e+01 7.991906031202405813e+01 6.949624764096910212e+01 8.298549090208020118e+01 1.022442411433794689e+02 8.894641264784893053e+01 6.944796702060394011e+01 7.515892952046928599e+01 5.948680867915073378e+01 6.530412210507203952e+01 8.482244410381014177e+01 1.027404995646896566e+02 1.038907519816731764e+02 1.236759746032309266e+02 1.161222354536587460e+02 9.938852613473609665e+01 1.026126204596755827e+02 1.004325829018193303e+02 1.062785082535813928e+02 1.055396986525730370e+02 1.197128676805663758e+02
9.888142356227936602e+01 7.832319534264134120e+01 7.387240115198098067e+01 5.352199766052621044e+01 4.677760478325643589e+01 6.216271255915584959e+01 7.063189916242782829e+01 6.750708672889540196e+01 4.999828939985358289e+01 3.413692309169022110e+01 3.724295252222303532e+01 5.050080735927374320e+01 7.548976157660008823e+01 7.967567203009247123e+01 8.769391568176708063e+01 9.723008063109490706e+01 1.073572417199724214e+02 8.862624777565329737e+01 8.862624825057871192e+01 7.937568696277328684e+01 9.818265908443844125e+01 9.710693757548958160e+01 8.894641264795507141e+01 8.198658137401100987e+01 6.246406489906850368e+01 8.198657151258900910e+01 9.155049513573673892e+01 8.437937949262014570e+01 9.811611281339487789e+01 1.178324996926071719e+02 1.276667871845264983e+02 1.193386565838173681e+02 1.167046047584750283e+02 1.203918205224259168e+02 1.262796186836813206e+02 1.255506977976743457e+02 1.288175427268488704e+02
9.487976078757338882e+01 7.832319534264134120e+01 5.791943009243613005e+01 5.288033052076695384e+01 6.708893332149611410e+01 7.556970332563821557e+01 7.449910920927098346e+01 6.591764570604767925e+01 5.491601573722767426e+01 3.455315919812171899e+01 5.082082637234896794e+01 6.173387576525131237e+01 6.837735761306288396e+01 7.420683341530154564e+01 8.104759439917839359e+01 8.919781006939700774e+01 1.004904762943987748e+02 1.079464441598034341e+02 1.061624130736871905e+02 9.752512732828704145e+01 9.341941934735464770e+01 1.118649810973290784e+02 9.793530813204941410e+01 7.840218683000951216e+01 6.898061907759986866e+01 6.788085617849628761e+01 7.208255881238694940e+01 9.155077695085076073e+01 1.050587549505708154e+02 1.119975699175170689e+02 1.202764586268321096e+02 1.317701852145061139e+02 1.367980492435539475e+02 1.247068351310804957e+02 1.164195612886442035e+02 1.247068351310804957e+02 1.205177575494614075e+02
7.424467284242088283e+01 6.654289340513182083e+01 7.832319534264134120e+01 6.298326008394264619e+01 8.171789211540442466e+01 7.770963210451417069e+01 5.807447821589659753e+01 4.645189668060712762e+01 3.541496455940839638e+01 3.497169960152016444e+01 5.016912942555009636e+01 4.333378746933922088e+01 4.893197803875766994e+01 5.487265106511360813e+01 6.169900047847554703e+01 7.282920620827320590e+01 9.227412144611699318e+01 8.867489018253191091e+01 9.697748171168773013e+01 1.051688302432210804e+02 1.113476448696916634e+02 1.198447580152351435e+02 1.061318197105763375e+02 9.537537445734461983e+01 7.591101637814193737e+01 7.916454924978717145e+01 9.155100966536753049e+01 7.973106843810401756e+01 8.555656027664217333e+01 9.237440984259467314e+01 1.036164198316439808e+02 1.234470290922287461e+02 1.244698037751262376e+02 1.149039475365705272e+02 9.698008195793055108e+01 1.149039475365705272e+02 1.205177560681546396e+02
9.487976078757338882e+01 7.836043173013683827e+01 9.196420260703149552e+01 8.346124797623748748e+01 9.196420260703149552e+01 8.583041586059923134e+01 7.449902764753707629e+01 6.597783898934312674e+01 5.893176445619545234e+01 5.534765919308706117e+01 3.557316101505985984e+01 5.595679816597283462e+01 6.768425858558016728e+01 7.420683341530154564e+01 8.104759439917839359e+01 8.919781006939700774e+01 8.421218305635272827e+01 6.895863093598730131e+01 8.299429364571811618e+01 8.221836126235521647e+01 9.866071172965533265e+01 1.104216099552961907e+02 1.092654633654986043e+02 8.963366966580935014e+01 8.963284963937650218e+01 9.865058037724230644e+01 1.068501900514901024e+02 9.917929147206844220e+01 1.050598195164042608e+02 1.119978214974358366e+02 1.202764586268321096e+02 1.187943276567989415e+02 1.048042303918232818e+02 1.066998216232874199e+02 8.751756534069502891e+01 1.066998216232874199e+02 1.182498277069436625e+02
1.074677893813561411e+02 9.899217068813521792e+01 1.049876635825264515e+02 9.660542754225771489e+01 8.839050251626721888e+01 8.560592055901244635e+01 6.608257746344854411e+01 6.223281061464550135e+01 4.235142935931499153e+01 5.002260048759156064e+01 3.600857482812947552e+01 4.240012518939514052e+01 6.560762745680840169e+01 6.389197275091139971e+01 7.185603369759171244e+01 7.850196373119317172e+01 6.456327104452067545e+01 5.744410304678581980e+01 6.308307909942582370e+01 7.062549289994102253e+01 8.180254677251915041e+01 1.016541786584355407e+02 1.175963727205760279e+02 1.092654633654986043e+02 1.092390557551472909e+02 1.125981777090428011e+02 1.044680663784850907e+02 1.061698647970976168e+02 1.143055728132043640e+02 1.178020222088522928e+02 1.095082429992557280e+02 1.105641434798709781e+02 9.124341710597090582e+01 9.834464320178894070e+01 8.118231049470564642e+01 9.071383889155448799e+01 1.100297684480156590e+02
1.129208360997964320e+02 1.054163047062108092e+02 9.404151119905475298e+01 7.709414318281743306e+01 6.882463421017719440e+01 7.353006236853086364e+01 6.608258147635534385e+01 4.679838625828418941e+01 5.939152357729147269e+01 3.781097111693563306e+01 3.645929971785040635e+01 5.678427092523589437e+01 5.792331830210655141e+01 4.694994169922188121e+01 6.371712617947293467e+01 6.449238859692434289e+01 5.047195787189422589e+01 7.031830412984842837e+01 8.299429364562296030e+01 9.016308704848081845e+01 9.845250453594260875e+01 1.048000758697673405e+02 1.100122461490030759e+02 1.017525314032133394e+02 1.099823961566248727e+02 1.013464272686554892e+02 8.503713041794996741e+01 8.672900408991652910e+01 1.030474857750629383e+02 1.063716746177325803e+02 8.980350302795820028e+01 1.063716746177325803e+02 9.834464320178894070e+01 7.917495837970145089e+01 7.508551906145135035e+01 9.425837800772430342e+01 9.959137176763445609e+01
1.046712175160206755e+02 9.715752668433256645e+01 7.755386468415500190e+01 6.628447660051429580e+01 5.757286859525631684e+01 5.410874889647582364e+01 5.085936377187129409e+01 6.608258147635510227e+01 6.851511466598471145e+01 5.944748354771051169e+01 5.093739565614154685e+01 3.712956221408482094e+01 3.761665025470001211e+01 3.810648478482146828e+01 5.835270226802985150e+01 4.453260207008032268e+01 6.449238859692434289e+01 7.031830412984824363e+01 9.000177598862883599e+01 1.054067055709824388e+02 9.621218458697040887e+01 8.604666762996892260e+01 9.927396950317900348e+01 8.245125999368077885e+01 9.960095892998074874e+01 9.260682228742834354e+01 7.370936967862694189e+01 7.542408706210309788e+01 9.494567863452859058e+01 9.813170607251548461e+01 7.824404626050349520e+01 9.813170607251548461e+01 1.064731858900654515e+02 8.930796711451776559e+01 6.998208299092434004e+01 8.400266401501794178e+01 8.017008109286406636e+01
1.106298199534249704e+02 9.922697853105435684e+01 8.361199904535558858e+01 6.405843145693270912e+01 7.709414318281741885e+01 7.353006236853086364e+01 5.655030618803584019e+01 7.601939756142624560e+01 7.412959754520264255e+01 6.162524549000710294e+01 4.162187450372448438e+01 5.748223599003383555e+01 5.213825264843404739e+01 5.836475270375856894e+01 3.879034466822895411e+01 5.737744927185470800e+01 6.555360128565507694e+01 7.124216504293418950e+01 7.348002563151479194e+01 9.411519885678201547e+01 9.115851410857725057e+01 7.265450332161329072e+01 8.089404523530753011e+01 7.273229871176533834e+01 8.562299601597685239e+01 7.749665084391089920e+01 6.467151780078062018e+01 8.451094901878578014e+01 1.030474852497249714e+02 9.110035651501303278e+01 7.095355453393285927e+01 9.063670425021233257e+01 9.109459764827717265e+01 9.682149111611671799e+01 8.400266401501794178e+01 6.431155850359780857e+01 7.884239896637726019e+01
1.023428648455701619e+02 8.269867676055703498e+01 7.145106777381231211e+01 7.786745891769476202e+01 8.731225878410751307e+01 6.775244938362047264e+01 7.028474855249606890e+01 8.418613829464200649e+01 6.599475841367438989e+01 4.621094749112661049e+01 6.162524549004604069e+01 6.162499830971260906e+01 7.188411224930860044e+01 5.538204944878177116e+01 5.898767353293157356e+01 3.946385288837007010e+01 4.569077611863141186e+01 5.032163579025378652e+01 6.258253093125227906e+01 8.452275403409210242e+01 8.888413123358145640e+01 8.089404523530753011e+01 6.122046038747164687e+01 7.379191503141827013e+01 7.749655705461638888e+01 5.737670634335581354e+01 7.749655705414208740e+01 9.260681981008291075e+01 9.930284870029539945e+01 7.918612335845088523e+01 6.429002488323442321e+01 7.969372169749664181e+01 6.730147252615101650e+01 8.342584205612320147e+01 8.572142027363278771e+01 7.761932014469252294e+01 5.872759793966185526e+01
1.023428648467563988e+02 8.269867676055703498e+01 8.269867676055703498e+01 9.748054573253131139e+01 9.552370662472007723e+01 7.901441684254533016e+01 8.986406497427530837e+01 8.238523685687562192e+01 6.918786402765725541e+01 4.950423936111959478e+01 6.346306870891591956e+01 8.125502151417619245e+01 8.337562378056396994e+01 7.514257989670986149e+01 6.755211427749630104e+01 5.945790832826445893e+01 4.012572603166461249e+01 5.952318866444404932e+01 7.648619718820491187e+01 8.032183094916740629e+01 6.935324812341212919e+01 8.173094075871172492e+01 7.379191502276684389e+01 5.383036933207289110e+01 6.728197146271428153e+01 5.294432594482939436e+01 6.764521867437441927e+01 8.854526299788413723e+01 9.503678656450954065e+01 7.869615395888602905e+01 6.826530925694866880e+01 5.465055421637656252e+01 5.413516871450219980e+01 7.415585130539696479e+01 7.636486733236768032e+01 5.738781854563312379e+01 7.761932014462453822e+01
