MOVIE_S3_data/elevation_000125.asc
nrows	100
cellsize	150.0
xllcorner	0
ncols	100
yllcorner	0
NODATA_value	-9999
[rows 0 to 16 of 100, columns 37 to 73 of 100]
7.502343659191529923e+01 8.309302672678684587e+01 6.993199957298381264e+01 6.161354091273072697e+01 5.458962017954615931e+01 5.795902451227748742e+01 6.148077364583770077e+01 6.517252843972703147e+01 6.905770635052552109e+01 7.316929049262296303e+01 7.755480432865795137e+01 8.291539023458838642e+01 8.924878411706093573e+01 9.631949453945776440e+01 1.045984426117030921e+02 1.161279874244317796e+02 1.180078555916200145e+02 1.096925768265268886e+02 1.180078555916200145e+02 1.155365679164981714e+02 1.113468297672192762e+02 1.030716698128562712e+02 9.861255199883791533e+01 1.039824657374333441e+02 1.100359835310116523e+02 1.171509497964113535e+02 1.253958221778191984e+02 1.369601232360949439e+02 1.237975379659786626e+02 1.152794569760716996e+02 1.170115526838631723e+02 1.085058584218112685e+02 1.111626318309617432e+02 1.196728482407555418e+02 1.196898588148389706e+02 1.111169540881996056e+02 1.119567771375640319e+02
5.539684942395156497e+01 6.943746048291006900e+01 5.805331585014928919e+01 4.142873188166360165e+01 3.440885874556639124e+01 3.774259851588971770e+01 4.124986512270987049e+01 4.495195466581689914e+01 4.886972973668370201e+01 5.302672412730758111e+01 5.745785521375150040e+01 6.285791438222716465e+01 6.922083412947124259e+01 7.632050538952472607e+01 8.788648566669361628e+01 1.078391988899934546e+02 1.079637032233924003e+02 8.959870258824130929e+01 1.079637032233924003e+02 9.550407971744448332e+01 9.550407971744446911e+01 8.307099433859805515e+01 7.860476838204755268e+01 8.393678000771441816e+01 8.994994099177978342e+01 9.701513545707885555e+01 1.086334864194474505e+02 1.287860211451528869e+02 1.152794569760716996e+02 9.499144095725702641e+01 1.009336632723465073e+02 8.838883392502799552e+01 9.097990512352612313e+01 1.111626318309617432e+02 1.111169540881996056e+02 9.086861737944079209e+01 9.679850297891218247e+01
5.902965591665821421e+01 6.132304809752235286e+01 4.141577538005689263e+01 2.985185769274584899e+01 4.995983598510297696e+01 5.795902451227748742e+01 6.148077364583770077e+01 6.517252843972703147e+01 6.905770635052552109e+01 7.316929049262296303e+01 7.169078160654481735e+01 7.388195121873117444e+01 8.291539023458838642e+01 9.631949453945776440e+01 1.045984426117030921e+02 1.071886245727014710e+02 9.964563970738409182e+01 7.960823510799578173e+01 9.964563970738409182e+01 9.378775381578576287e+01 7.550510833926003329e+01 7.154069608752045895e+01 9.100780215459818123e+01 1.039168405388501810e+02 1.100359835309134553e+02 1.171509497962863549e+02 1.250821634946696008e+02 1.228089173438280568e+02 1.109790412548025671e+02 1.009336632723465073e+02 8.105211938796752236e+01 7.713701533238820218e+01 9.689128891329914950e+01 1.102651131737405166e+02 1.111169540881996056e+02 9.086861737944079209e+01 7.691031790933716650e+01
5.238595303558748384e+01 5.129544456786479856e+01 4.289076196637105909e+01 2.698159858394117450e+01 4.702297623563506335e+01 5.615208575047807926e+01 6.105309688076677332e+01 6.713742991639786339e+01 7.384290330744420316e+01 8.212171939852959213e+01 9.171180751444735790e+01 9.389712656802649349e+01 1.021823199990610647e+02 1.111976396757683148e+02 1.013039351896838127e+02 8.707449076984676140e+01 9.296650484092134548e+01 7.294622985651979263e+01 8.442983090429983406e+01 8.034581567624309173e+01 6.550228697411155565e+01 8.550620073349129768e+01 9.980328202885672795e+01 1.092110531211269233e+02 1.007719543052616018e+02 1.094543322914304611e+02 1.220235168725971846e+02 1.142058979860811831e+02 9.390440215835907622e+01 8.252427826586418291e+01 8.985454413355726899e+01 7.067304483133433735e+01 8.189259343169464955e+01 1.018001835895502154e+02 1.171660627685632932e+02 9.679921789368771101e+01 8.790475145105327215e+01
3.232485680650721349e+01 4.013782280020004833e+01 2.302817892846337244e+01 2.720200929433480752e+01 3.151077247781200796e+01 3.596671611187396422e+01 4.084571031825863940e+01 4.695798013764549950e+01 5.372648313430508438e+01 6.798268019474487289e+01 8.799073342465533187e+01 9.900280364852119419e+01 9.069727493070261914e+01 9.900280364852119419e+01 9.126765049080252368e+01 7.291703531569261543e+01 9.126765049080252368e+01 8.442983090429983406e+01 6.441151918543963006e+01 6.032601020565652306e+01 8.034581567624309173e+01 9.379821956963142782e+01 9.824373334576768002e+01 8.979773772004628540e+01 8.038369726991871289e+01 9.202452635275173520e+01 1.129228785959485037e+02 1.141150522231471740e+02 9.385498617530940635e+01 7.992006613368067747e+01 7.019175654399984410e+01 6.630130652328067242e+01 8.009628740202404629e+01 9.996722429791846309e+01 1.027698214362747535e+02 9.878293873412930282e+01 7.881006700564458356e+01
1.835254078956786472e+01 2.025956709335188322e+01 4.013782280020007676e+01 2.858071079992199870e+01 4.864899994670904704e+01 5.615208575047807926e+01 6.105309688076677332e+01 5.736537264155290927e+01 7.384290330744420316e+01 7.017284876219943612e+01 9.017277336196580961e+01 8.903152929678864780e+01 7.079978080379487437e+01 8.903152929678864780e+01 8.294140973935100192e+01 6.291317394208423508e+01 8.294140973935100192e+01 8.110901272692312602e+01 7.277941832702849467e+01 5.684049737545924330e+01 7.379019203783333580e+01 7.739279454664735169e+01 8.118532774799338370e+01 6.967929633192302674e+01 8.979773771987484565e+01 9.944271884502478542e+01 1.079929418397172753e+02 1.181123325701030780e+02 1.082470548532875938e+02 9.823195194617309767e+01 8.182633075839059700e+01 6.221072437661334931e+01 7.732604793219913120e+01 8.281370007156114355e+01 8.281370007156114355e+01 8.649536834668442964e+01 7.818903079699913405e+01
3.604286091795926694e+01 2.160209033895337427e+01 4.698439312358170383e+01 4.864899994670904704e+01 3.457010428825056181e+01 5.472633094872189474e+01 6.995509436145820814e+01 7.746158805736197905e+01 8.574231085186289647e+01 9.017277336196580961e+01 9.483067898326905265e+01 7.491550988760572238e+01 6.083144585594173748e+01 7.135952536615282327e+01 7.626533114026204885e+01 5.624982825653436436e+01 6.773069203884050182e+01 7.277964729396838095e+01 5.276349021351169455e+01 6.885314885165006160e+01 5.376397236364844900e+01 5.735227120080790542e+01 6.113701972869036894e+01 6.649431928571827655e+01 7.282536972231801542e+01 7.948698687301653365e+01 8.949037341416277513e+01 1.097137569777756738e+02 1.104804901433500390e+02 1.020521664497769621e+02 9.012995748538884300e+01 7.732576388230761211e+01 5.771782886716808036e+01 6.317666398385772908e+01 7.298923207543306546e+01 7.500089188595408984e+01 5.849495814001974736e+01
4.809853368204273494e+01 4.971101879168267601e+01 5.858154995614818716e+01 5.472633094872187343e+01 5.472633094872189474e+01 4.146380635262842418e+01 6.165021042313592403e+01 7.942988065494957084e+01 8.944705932643771007e+01 1.010763756744202198e+02 8.687550449951406506e+01 7.855119137430979492e+01 7.135952536615282327e+01 5.143648698528075158e+01 6.322597900631589596e+01 6.049902669462033344e+01 4.776010854096821845e+01 6.398888219771868791e+01 6.598495193392751901e+01 4.886296596656973890e+01 6.885594219297919949e+01 7.739279454658057489e+01 8.118532774799338370e+01 8.653871908787419898e+01 8.653871671776100527e+01 9.960206481615421126e+01 1.079929418650982740e+02 1.181123325701030780e+02 1.020521664497769621e+02 8.206589524856389062e+01 8.791973822861169197e+01 8.167506139385208996e+01 7.299517220684698771e+01 5.342253951440397941e+01 5.336425040379325679e+01 5.533888546843446932e+01 7.500089184349603499e+01
3.809435580983897296e+01 5.095058736744583427e+01 6.266706471013904434e+01 7.483770565932437080e+01 6.995509436066369346e+01 5.158364673943577827e+01 5.100552177433635137e+01 6.111419945857156222e+01 8.117221180504672873e+01 9.109606936304803071e+01 7.267463332460783931e+01 5.854305317426262434e+01 6.589693367929233148e+01 6.322597874956659325e+01 4.336471675458227537e+01 4.064963159485235877e+01 4.229947583378834963e+01 4.405917482788836281e+01 4.602368782254950474e+01 6.593224592707812803e+01 5.827041521640652633e+01 6.583448223442714209e+01 7.998596128082820655e+01 1.000520895103617818e+02 1.066792953963150552e+02 1.027604143967783017e+02 9.446304713399554487e+01 1.027604387981198357e+02 1.020521664497769621e+02 8.206589524856389062e+01 6.817235516636836223e+01 6.198232677085664477e+01 7.018033029229243880e+01 5.061506338722253417e+01 7.018179223832635216e+01 7.500089186031100041e+01 6.240167281030149837e+01
2.303621570710640043e+01 3.396767363779326132e+01 5.404463603476834521e+01 7.030728075883838812e+01 8.000277269590826279e+01 6.584994353672458089e+01 6.527540143815259910e+01 7.942988065494957084e+01 8.944705932643771007e+01 8.276851253837098454e+01 6.274895219814179370e+01 6.589693368399561280e+01 4.598755342312106364e+01 5.594224113688127886e+01 3.834596536251348908e+01 5.812534841169608057e+01 6.219172214286612643e+01 6.398888246539667080e+01 5.031758089756219476e+01 7.031055363194795405e+01 7.829298752366204894e+01 8.586319416709773122e+01 8.217949810422270218e+01 1.022537601113110242e+02 1.038381157971536481e+02 9.271910378489887705e+01 7.435935279949137566e+01 9.042009942844505588e+01 9.871937079658492564e+01 9.627319269595697904e+01 8.791973855276572181e+01 7.363633559523714212e+01 5.401936584473027381e+01 4.904319902122476549e+01 6.279631681394414500e+01 8.251199135226066517e+01 8.217016772274206460e+01
4.203628656628215765e+01 3.238941638180574500e+01 4.101011897540556106e+01 5.534907165913174509e+01 7.646632007006184040e+01 8.588055603734304100e+01 8.530933809748432850e+01 8.456113332166314933e+01 7.965853959184967437e+01 7.134439388340034327e+01 6.642260996889753244e+01 4.652799240903631528e+01 5.384014903546897557e+01 3.622270994699610469e+01 5.594224358816404674e+01 4.884023921979560612e+01 6.878986626792092807e+01 7.502906450425130913e+01 5.501159542533699209e+01 7.502906450425130913e+01 9.152711614949701868e+01 1.015598315264072511e+02 1.022537601113110242e+02 1.012413641623564473e+02 8.967655774017183035e+01 7.551528733657154646e+01 6.441267969032764995e+01 7.037608064274988351e+01 9.042009942844505588e+01 9.911545632067480938e+01 9.335128703272081907e+01 8.190502319563846356e+01 6.705245546772444243e+01 4.755873069512828266e+01 6.705303774784019311e+01 7.431768822007531128e+01 9.418851546318768442e+01
5.414190448953632995e+01 5.244566244108007425e+01 6.106286388356925698e+01 7.030728075952519873e+01 8.294015989520745791e+01 9.106564218045470227e+01 7.871413778244260584e+01 6.453696223308641322e+01 7.134439388340034327e+01 5.140435728344933608e+01 5.724465878646702777e+01 5.179871853918066904e+01 3.415317463999664938e+01 4.800957252619584636e+01 6.422852985691005756e+01 6.292412769768822045e+01 6.511345247498526589e+01 8.333664113011855079e+01 6.915874900139935733e+01 6.317767384312718093e+01 7.318302721949621059e+01 8.733843309349707340e+01 1.074455676756065543e+02 9.296769642801139355e+01 7.291357000968493196e+01 6.145492617914418787e+01 5.638177143159958149e+01 7.037595146050202288e+01 9.041668831732810929e+01 7.966042311767785122e+01 7.398948160346263592e+01 8.430034208421129449e+01 6.555137006947941813e+01 4.607849239054764467e+01 5.471550859980369808e+01 6.852395638557018742e+01 8.830516178314361753e+01
5.298492712537257177e+01 6.249735112814375526e+01 7.464780200047212588e+01 7.985780199454782746e+01 6.372893898218071485e+01 7.985780199454782746e+01 7.040190615729088108e+01 5.047465622592054046e+01 5.779880669997804432e+01 5.724465878587530199e+01 3.747389451865462462e+01 3.209675223438451752e+01 5.179871852011906697e+01 6.211759624777592848e+01 7.622543301605811905e+01 8.295101460444098507e+01 8.514456344578385938e+01 9.345062645673282020e+01 8.920133502892640820e+01 7.473061654895381878e+01 7.952214130567554662e+01 9.959375933806282433e+01 1.039077291926023037e+02 9.643011897294800860e+01 7.637401718615883794e+01 6.230492723522898757e+01 5.097972934770806575e+01 7.073399402919905299e+01 8.654210572229872867e+01 7.966042311767783701e+01 6.031516702558573684e+01 6.851082337095805030e+01 5.640030960921043146e+01 4.460737777951923988e+01 6.408141132630576919e+01 7.369317276940633121e+01 7.808678297708512162e+01
3.249082108216732934e+01 4.487754007752814545e+01 6.604243064286850995e+01 7.178336524535251328e+01 5.309322625296491083e+01 7.178336524535251328e+01 7.059767546325024057e+01 5.779880669997804432e+01 3.800227282657273520e+01 4.790053976327538976e+01 3.001035749983390843e+01 4.977201228764813834e+01 5.957865450956181519e+01 6.471805453325059432e+01 7.025750833213375302e+01 7.733289151662228278e+01 8.565625444830193658e+01 9.568821381561619432e+01 1.031149867668441260e+02 9.478205554012097878e+01 9.959375933806282433e+01 9.730014699965980185e+01 8.245063073864355374e+01 9.730014699965980185e+01 8.085790902131778068e+01 6.095318123893038376e+01 4.711393160809876690e+01 5.838176360583654656e+01 7.825963601452161811e+01 7.445718868708803484e+01 6.851082337095805030e+01 4.912968455368466891e+01 4.262554755644706717e+01 6.211436910106314713e+01 5.007063176370415647e+01 5.409488960998124440e+01 5.843822913608848779e+01
5.350013926752522764e+01 6.120914865022349716e+01 5.539213800842232160e+01 6.302684466360590676e+01 4.692958067125014310e+01 6.516169137817385604e+01 6.228619458154560107e+01 4.242869527018893905e+01 4.607160647112758767e+01 2.807527108002373950e+01 4.790053974209502030e+01 3.561516601397138260e+01 3.976979318095297344e+01 4.481324382044630994e+01 5.028472359823773274e+01 5.732068579964200694e+01 6.731354782675293791e+01 8.735223520649155660e+01 9.191889842353309348e+01 8.370691371234504174e+01 9.191889842353309348e+01 8.715095842653752811e+01 6.520559470603934926e+01 8.715095842653752811e+01 7.728291422453280290e+01 5.743800831744659519e+01 4.359189372691109554e+01 6.325044668367559098e+01 6.772261933123684230e+01 5.390413037896456672e+01 6.723331688431233033e+01 4.714438112433587236e+01 4.121181092138447610e+01 6.081612368931698143e+01 6.960673492465016921e+01 7.369323277067269373e+01 7.808678297708512162e+01
4.673213673202694451e+01 4.661594694224078239e+01 3.890684133199538053e+01 5.507285378554430366e+01 4.138098511695385184e+01 5.938814164364271164e+01 5.251995860202742961e+01 4.426772729741751533e+01 2.621090240499007251e+01 4.026171516209597456e+01 5.615629278186996487e+01 4.952024219998295962e+01 5.372914519524371713e+01 5.591181717582120569e+01 7.025750833213375302e+01 7.025750820403462171e+01 8.565625444830193658e+01 9.568821381561619432e+01 8.222168505287682194e+01 6.449103709151742692e+01 8.222168505287682194e+01 7.821247896326059390e+01 5.355514730639433196e+01 6.658890134957010787e+01 6.945782716029283677e+01 5.992754469610745360e+01 3.984878464441947443e+01 5.551128709662491190e+01 5.373266036258370804e+01 4.173392473828392468e+01 5.875194632898517000e+01 5.948297335307884737e+01 3.976729225511682841e+01 5.949030047906234842e+01 6.896937868703180641e+01 7.550843863271947498e+01 8.378354642429516730e+01
2.038228743412370747e+01 2.731195884572374410e+01 3.957824304490340239e+01 5.113995071386744939e+01 3.609502476770596502e+01 5.069363122530747034e+01 4.248494276372881728e+01 2.435424549651464687e+01 3.845899570583097926e+01 5.432431928512774277e+01 6.838737682212949665e+01 6.944268667612762158e+01 7.370061923925717906e+01 7.589420963020214117e+01 8.421468831885698592e+01 9.031179864950821923e+01 8.550222865030507080e+01 8.950627516758801505e+01 7.409897540193119880e+01 5.498570874921196605e+01 7.409897540193119880e+01 7.564081885039645670e+01 6.653026879620288980e+01 4.238068961899170262e+01 5.730016426951858932e+01 6.350442210548229127e+01 5.426963791113065128e+01 3.405224011883192503e+01 3.366986752301455255e+01 3.417968679935321319e+01 3.928364771995600790e+01 5.625464624516070700e+01 3.830027326356745476e+01 4.348275130876518801e+01 4.941396297930644721e+01 5.589125879607468761e+01 6.564790206517038484e+01
