MOVIE_S3_data/elevation_000096.asc
nrows	100
cellsize	150.0
xllcorner	0
ncols	100
yllcorner	0
NODATA_value	-9999
[rows 34 to 50 of 100, columns 0 to 36 of 100]
6.278687791629389281e-01 1.477000440289376471e+01 3.477000440289305061e+01 4.986422965416269903e+01 6.446259010963589731e+01 5.617638847700522575e+01 5.877245907041370288e+01 6.705846408882391074e+01 6.098049004727018030e+01 6.941321384371811121e+01 6.909113644657875852e+01 6.652237391937944722e+01 7.478250870151271101e+01 7.479560591825084259e+01 8.321594224588068300e+01 9.458865340279035649e+01 7.498572567474649020e+01 6.418572777480694924e+01 7.212309293268197052e+01 6.239352518869382180e+01 4.225388516911515069e+01 5.646742217016368670e+01 5.844350571825308549e+01 4.986676261399852450e+01 2.999739405479970245e+01 3.045571408262870960e+01 5.224602164107308511e+01 3.578309252918158023e+01 5.611956537280744328e+01 6.077575670495828319e+01 8.051389202280837765e+01 8.691108052077900936e+01 8.691113425369158563e+01 9.505767052337237999e+01 1.022559608603080648e+02 8.845975641598568018e+01 1.022559608603080648e+02
5.760807145981240440e-01 1.471821633832919929e+01 3.471821633874736790e+01 4.088208328584903484e+01 4.915962139873195014e+01 3.617568586727902158e+01 3.877055553134382393e+01 5.877245907041370288e+01 6.344821539354358464e+01 5.744345317010386509e+01 4.926087035279439164e+01 4.668693445736045788e+01 5.814683280412197774e+01 7.213823416377185538e+01 9.207366664710835380e+01 1.028852024053058329e+02 8.562043200762653328e+01 6.658234338706752453e+01 5.339402981444207086e+01 4.730077247456256373e+01 5.646744661888163819e+01 3.620677868481324424e+01 5.027619874707130521e+01 3.042780256598097210e+01 4.984734759164785345e+01 4.371165768284265596e+01 6.048081473073678183e+01 5.611956537280744328e+01 4.047988922622612051e+01 6.077575670495828319e+01 7.041421784345946833e+01 7.607101677498086190e+01 8.223426290663786631e+01 9.037589674051649524e+01 9.912631688584845335e+01 1.078831951014751098e+02 1.104708419398811401e+02
7.930105716671143057e-02 2.007930105716635438e+01 2.455416127258981263e+01 2.088429791061835772e+01 3.520113291431678704e+01 2.462949905116870042e+01 4.462897744129582378e+01 5.386052188070723901e+01 5.167686610924886992e+01 3.760948824868908247e+01 3.517367366822399788e+01 5.506902081893014156e+01 6.440238757407065862e+01 7.271581567790327938e+01 8.275270795164696835e+01 1.002146887978443885e+02 8.958530093650402648e+01 7.947810814238324895e+01 7.090092234330435872e+01 5.848991120562605062e+01 3.888316956343832231e+01 4.912320863624308487e+01 3.085846830677960995e+01 5.041507681323011525e+01 5.862719406397356892e+01 6.386416980977951852e+01 7.204178588126229954e+01 6.894366545796478363e+01 5.498030226011403698e+01 4.581499998711171884e+01 5.060486441512454547e+01 5.647529045978796347e+01 6.274436735037990331e+01 7.145505874317785810e+01 8.520044685219046698e+01 1.048471134149583577e+02 9.822044230769579087e+01
6.786017468061785740e-01 2.612074724897502254e+00 4.554646449612023140e+00 2.455249332843628451e+01 1.520151697728919515e+01 3.518535829131573678e+01 4.633391554432854775e+01 3.274230045809583345e+01 3.992712044549178785e+01 2.623203584773584041e+01 3.070422819702224970e+01 3.737182646871296754e+01 4.444421801515826331e+01 5.443208098813549611e+01 7.438450944979949497e+01 9.260876186273588928e+01 7.194357856218469749e+01 5.817162082154830216e+01 6.280751712758112859e+01 4.638692153240957339e+01 4.610758737522552764e+01 3.129160296698587018e+01 5.071891221402733407e+01 3.779044055121361367e+01 5.814220922578802941e+01 7.237126962196693114e+01 8.016985582239647101e+01 8.290700189075907645e+01 7.182666110754300348e+01 5.206945880788979508e+01 7.041421784345946833e+01 6.468698659013229246e+01 8.223426290663786631e+01 9.037589674051649524e+01 9.912631688584845335e+01 9.688353692467586598e+01 8.960607738358038432e+01
1.053273305859350195e-01 2.010532733058558108e+01 2.455416127258981263e+01 7.397322667685453546e+00 9.428014997949249576e+00 2.935225240782162359e+01 3.478651685805191107e+01 1.820669213932329455e+01 2.145112020328887681e+01 4.160327486391265239e+01 5.068627702037093741e+01 4.013289729839674180e+01 6.009707619067299333e+01 7.271581567461154805e+01 8.275671781447340436e+01 9.772096910194653674e+01 8.820766037195308229e+01 6.806299182370784706e+01 4.321703939043243281e+01 5.314709342639987000e+01 3.172526228829337214e+01 4.888201429368245243e+01 5.734875819795206553e+01 5.785393469913709197e+01 4.594875430749159761e+01 5.257762057938304423e+01 6.676863320933553325e+01 8.589723043438718264e+01 7.834643646123431893e+01 5.878711048793879712e+01 7.834643646123431893e+01 7.850352289840390085e+01 9.239014803704137080e+01 9.353883056153337350e+01 8.542116793124851881e+01 7.703009405020229394e+01 8.192590704488125652e+01
6.652624653148981881e-01 6.438765157211130408e+00 2.643876282563772406e+01 2.739705918009283181e+01 2.940557719070108078e+01 1.255149023543255993e+01 1.480166603658705249e+01 3.479939989267150224e+01 2.364999556897765132e+01 3.778595481650602750e+01 5.773562882015176001e+01 6.009707619067152251e+01 5.166871161325953210e+01 6.318112670247793972e+01 8.311789689125316727e+01 9.013272673647399813e+01 6.263097653975852097e+01 6.701028206652135566e+01 5.662357568591826151e+01 3.215796900560686566e+01 4.408089687240258314e+01 5.386609795421831137e+01 5.917365700105828807e+01 6.956269597590846843e+01 6.611143243136633885e+01 7.237126962196693114e+01 6.676863320933553325e+01 8.589723043438718264e+01 8.647855734644679160e+01 6.859465712436535512e+01 8.647855734644679160e+01 9.809241721244254109e+01 9.149650034197304649e+01 8.542116793124851881e+01 6.506796706201993175e+01 6.237954017511992078e+01 7.207262479736553473e+01
8.924248754756384239e-01 2.089242487547528171e+01 1.538303706720709485e+01 3.538302733573050318e+01 4.088206403424320001e+01 3.258716275997339551e+01 2.236090707147367240e+01 4.231329118521410493e+01 2.773245884250998472e+01 4.771055926852769602e+01 5.967681276965379311e+01 6.635590755877954905e+01 7.160872027190440292e+01 7.989257319814905145e+01 9.140698360556662294e+01 8.574817112649712669e+01 6.054110733941806899e+01 4.158506827647893545e+01 3.571562821973219570e+01 3.578364842095272280e+01 3.259008935102295368e+01 3.744032407206928781e+01 5.761919729902080434e+01 6.852084087291635228e+01 6.873779870956052207e+01 8.689844670154649009e+01 8.589723043438718264e+01 9.357107852930641911e+01 9.625958716165690987e+01 8.809821579810326853e+01 9.625958716165690987e+01 8.614026154151933667e+01 7.247810794793042533e+01 7.862036594806200185e+01 6.830179067043847851e+01 5.008325961011190941e+01 5.774871463438901031e+01
8.870506738290029336e-01 2.088705067382864655e+01 3.538302733573050318e+01 2.607348674225231022e+01 4.607341208462250393e+01 5.055952956187787350e+01 3.390395188574158425e+01 5.055611447099360589e+01 4.729040545025964803e+01 3.390430059338432756e+01 3.967679129756320577e+01 4.633993305759518933e+01 5.527369813821836431e+01 6.680940648181228880e+01 8.701166059934560337e+01 9.254594314522536536e+01 6.790693574450834546e+01 6.582143161579674029e+01 4.727945938999029352e+01 4.807488453124412331e+01 3.289515575014389981e+01 5.301847657012110915e+01 4.509561882894183782e+01 5.033298442850722410e+01 6.875666546961292624e+01 8.328664673919850259e+01 8.329149083798884590e+01 1.017827781326262198e+02 1.014711491029830910e+02 8.190471782503722409e+01 8.190471782503720988e+01 7.804846611051397076e+01 6.010023671738557027e+01 6.517327409352122913e+01 4.669573350017610380e+01 4.241235659850806883e+01 4.281873173291960910e+01
9.587146228554132010e-01 1.510085024658648933e+01 3.510085024658719277e+01 4.607345497765899722e+01 4.021562174178983184e+01 6.021551542181419592e+01 5.386410220624140521e+01 6.210321616737092398e+01 6.055028622316897469e+01 4.100719072669390641e+01 5.967849683447379050e+01 6.635590755927067619e+01 7.477578016639439795e+01 8.383888810908165112e+01 9.568344143039250582e+01 9.013975262088882801e+01 8.151612847600721068e+01 7.636058563390980680e+01 6.327763054486162986e+01 3.332297461544306572e+01 3.689480941820716708e+01 5.374820483110431724e+01 6.412521663473327749e+01 6.875602786757231399e+01 5.872800306927780412e+01 6.513634689904606034e+01 7.792368106619829859e+01 9.625052998928434533e+01 9.570783222032663673e+01 7.618728063952093521e+01 6.236416027702579612e+01 7.062293864278670696e+01 6.663827485181867871e+01 4.924107399631959936e+01 4.183595972694249099e+01 5.547618313944866486e+01 6.068453380803885011e+01
4.749594815986911134e-01 2.047495948159833645e+01 3.775315635236491119e+01 4.930016173615762654e+01 6.021551542181419592e+01 6.849859704384417114e+01 6.444767905935418639e+01 7.300707011625539167e+01 6.941094390073124032e+01 5.534087606728309794e+01 5.755985566604643822e+01 7.785956035458103486e+01 8.224017575343506792e+01 8.228573352257915019e+01 9.080721194408869223e+01 8.142804238537617323e+01 6.152550169112186751e+01 6.720745246703486941e+01 6.040190864212416244e+01 5.365503675516831805e+01 3.374655956660828338e+01 4.791541324994668827e+01 6.749882640335674466e+01 7.551224711677399171e+01 7.685356735614040247e+01 8.328664585660854414e+01 9.104367999613066331e+01 9.162556204950676886e+01 8.348366449656111854e+01 8.348272252361708468e+01 7.062292969351186400e+01 5.076509402093135748e+01 6.121754259138714360e+01 4.125841651625894002e+01 4.376192523263111411e+01 5.002693572093643581e+01 6.086671491876057871e+01
5.246131949027718067e-01 9.468885104902007299e+00 2.101589048869472620e+01 4.101589048869543319e+01 5.336163627122390096e+01 6.100174855789965278e+01 4.397675910874841776e+01 6.100174855789965278e+01 7.135259623420773778e+01 7.563525650363874320e+01 7.785961701065663476e+01 7.606944747940511320e+01 6.148147386568704320e+01 6.148244871990348770e+01 8.228644355958397227e+01 7.847487010158538112e+01 5.895303262394234878e+01 4.723081678740753375e+01 4.005723291342548720e+01 3.502788935916563418e+01 3.404425331285084866e+01 5.412255260872984053e+01 6.214472307515432448e+01 5.866588779009862975e+01 7.070836521330969049e+01 7.470975876806849669e+01 8.234907573481467580e+01 8.348366449656111854e+01 6.391657696574905145e+01 6.391655464252630026e+01 6.887265872856205817e+01 6.071382078043735220e+01 4.068400874222656682e+01 6.121533857554022973e+01 6.914155171827671609e+01 7.047130119135586312e+01 5.963047409915661490e+01
4.470077517107070575e-01 7.518075563576212872e+00 1.507736502376082477e+01 2.507736502376100063e+01 4.507736502376170762e+01 5.252394820845982792e+01 3.238517603692564961e+01 4.300332014433165284e+01 5.717795818926956741e+01 6.875039711012796317e+01 7.249166913795276912e+01 6.740978107292094990e+01 4.637406067770429985e+01 6.755372907913924507e+01 7.950247827274714041e+01 8.655885648988798664e+01 7.375783635171534058e+01 5.342573688015214373e+01 6.056713248557695550e+01 5.555790363128883058e+01 5.405081089661906191e+01 3.446272706820326448e+01 5.454847214837097624e+01 4.738738766833788674e+01 6.255914153611202266e+01 5.801130105460956088e+01 7.470999197842490958e+01 8.348261533166345316e+01 6.391655231709307117e+01 4.971052610363142321e+01 6.023062918663195831e+01 4.011538180194336434e+01 4.531591906931144820e+01 6.498994320477952158e+01 8.028945806548833275e+01 8.461001362310675233e+01 7.142643679883680363e+01
2.599182575669619633e-01 2.025991825756660702e+01 3.507736502376152998e+01 4.336163627122373043e+01 5.336163627122390096e+01 4.486080987857125990e+01 2.481339760628668145e+01 2.884251644612136189e+01 4.040382667450066378e+01 6.044381450969781611e+01 5.158399565120677721e+01 4.667162425250184299e+01 3.939667006615426459e+01 4.998323840450205324e+01 6.499677315887262807e+01 8.564860251403328562e+01 8.206082008070913503e+01 6.858617620557241423e+01 7.701718400332217129e+01 5.922120828193332187e+01 4.775233413446945718e+01 3.596402194320500456e+01 3.487870004745087016e+01 5.096514567070295953e+01 4.567091503088877857e+01 6.255761406583051354e+01 7.651922716677782432e+01 7.879850542250527212e+01 6.723577678136936697e+01 5.972416135215294020e+01 3.955735420920100154e+01 5.795479215908506632e+01 6.495260881971975664e+01 5.263704373517704482e+01 7.220413912321207306e+01 8.964344010131240736e+01 8.970408184548544739e+01
3.519420047721200095e-01 1.449407762850294468e+01 3.449407762850223236e+01 4.952907477388150426e+01 3.805221251434103635e+01 3.147886050263429425e+01 1.812023925270390734e+01 3.816659231779862438e+01 5.335627207128958815e+01 5.425568800571080885e+01 3.688742816143980718e+01 3.183479819097606267e+01 5.257782965919577833e+01 6.678925276572347514e+01 7.651761093105351108e+01 7.887098466907202976e+01 8.714263958046338132e+01 9.052902106498176238e+01 8.178988304131902964e+01 6.884019229021905062e+01 4.963896779353804334e+01 5.929569277047207265e+01 5.509929259685129210e+01 3.529187584077948969e+01 3.566325945799581376e+01 5.250970708754717720e+01 6.788849301683990234e+01 6.258602330229708599e+01 5.273840509804058740e+01 3.901399539054095555e+01 5.955178210730063171e+01 6.803011783747957963e+01 7.950892983411927162e+01 6.643740929738166301e+01 6.178904391642699068e+01 7.317818450294649324e+01 9.284978596583108867e+01
2.695761837762450375e-01 2.026957618377588943e+01 3.861200052654273662e+01 3.586940780629025483e+01 1.206414729579158163e+01 1.145573252371823081e+01 3.147874810390170097e+01 3.683099124843337790e+01 3.334695155645435705e+01 4.001966574406291244e+01 2.526531809329529921e+01 4.568711528280559975e+01 4.132664807248016103e+01 4.992271563171152593e+01 6.274868505825927656e+01 5.912528090629830757e+01 7.791809805850306248e+01 8.786207972524442766e+01 8.032356567846191808e+01 6.217444583155974414e+01 6.884505393731546974e+01 7.268351887666010214e+01 6.140862491023558789e+01 4.913355430590664241e+01 3.569327730409013100e+01 5.466078332548278951e+01 6.231814061048306286e+01 4.383535055177178918e+01 3.849085962501527547e+01 5.906891576505335451e+01 4.675711162335550597e+01 6.684056383105514954e+01 8.266730508199229632e+01 8.612625647927329453e+01 7.317818450294649324e+01 8.964344016591437025e+01 1.010027862702564363e+02
4.879649418637075353e-01 2.048796494186335337e+01 1.861108507313554483e+01 2.623794497907311651e+01 8.807956002859917533e+00 2.880978969775419785e+01 1.443153407952831913e+01 1.678656843601764237e+01 1.918238541458254431e+01 2.164017101216591854e+01 3.675576654504497043e+01 2.990152419790244664e+01 3.335151877850081092e+01 3.842337167258977360e+01 4.354727720068216001e+01 5.011301141709068219e+01 5.973620314841792833e+01 7.958252797567855907e+01 8.837394870562665972e+01 7.481257583989741988e+01 7.977442536047354338e+01 6.458950816659891814e+01 4.479665452959270056e+01 5.639235730765649635e+01 3.598411400675309579e+01 5.616320046268015176e+01 6.963291367144866229e+01 5.881868353425517171e+01 3.813721897981505293e+01 5.876837870598907898e+01 6.682540582843571997e+01 5.488361828486615224e+01 6.884662453370037838e+01 8.834362207143138335e+01 9.284978596583108867e+01 1.010027862702564363e+02 1.108529561336452645e+02
9.938951651180888414e-01 2.728115104166325633e+00 4.468891663723296936e+00 6.236658616689658707e+00 2.623794497907311651e+01 2.145747154029227488e+01 3.448503915757797245e+01 2.202966723078006694e+01 3.920754584831448142e+01 3.579138489681372448e+01 4.765830776801635693e+01 4.335391537665557138e+01 5.234526210601676866e+01 4.047242224248321918e+01 5.955949902243963123e+01 6.965936481222351517e+01 7.791809805850306248e+01 8.786218642678494462e+01 1.019352316421615967e+02 8.805293809452382447e+01 7.164880998740983387e+01 5.231611602569171993e+01 5.888012751654107291e+01 3.635640870340002806e+01 3.628349649714380831e+01 5.681545959011440061e+01 5.716140079113431938e+01 5.801323661906310036e+01 3.779543781041617478e+01 5.851811972324541955e+01 7.216996191224801294e+01 7.455716289972440336e+01 6.481426877066333248e+01 7.858159250513767802e+01 9.810565163772500341e+01 1.089616877328940348e+02 9.929018633048525544e+01
