MOVIE_S3_data/elevation_000349.asc
nrows	100
cellsize	150.0
xllcorner	0
ncols	100
yllcorner	0
NODATA_value	-9999
[rows 17 to 33 of 100, columns 0 to 36 of 100]
4.336683913182175498e-01 2.043366839131786250e+01 3.403475198852052586e+01 4.227019597467919709e+01 3.986500326951927775e+01 2.853783387331920096e+01 4.248566037089157277e+01 6.228717293501195229e+01 6.413187799859360894e+01 4.413180143220072438e+01 2.998157960775028741e+01 4.998968823517732574e+01 6.571534543694605190e+01 7.398765281047040787e+01 8.552210648273864990e+01 7.016904123187038067e+01 6.131397655855752049e+01 4.420600100675349609e+01 5.832769798762826952e+01 6.721018960338871295e+01 7.950661888725720416e+01 7.715699175482320982e+01 5.763294897154106167e+01 5.793058131731756788e+01 3.807511654651708710e+01 5.367823733322494206e+01 6.738179419867891795e+01 6.909513204108867512e+01 4.963102654626536747e+01 6.909513204108867512e+01 8.078581005420139149e+01 7.625174736138539799e+01 6.702851383496128790e+01 7.248355506766937140e+01 6.847851338038401536e+01 6.375665194696190952e+01 4.810590369957643020e+01
5.385724909496417689e-01 2.053857249094928505e+01 1.421382427534087256e+01 3.080973632584383637e+01 2.019342324416064827e+01 3.215318283169835922e+01 4.034733186829080864e+01 5.428272415049774935e+01 4.865603360653175002e+01 4.037494290511103401e+01 2.581966400891057134e+01 3.995912875417224797e+01 5.996159603013989425e+01 7.026956615809017137e+01 7.855515630278374317e+01 8.561635359060707628e+01 7.556537302778303911e+01 6.683811480201033817e+01 7.556550985712219415e+01 8.650470716326039167e+01 9.469171184663328233e+01 8.531188659247280270e+01 7.348259089853380033e+01 5.395461251759443400e+01 4.232268649286922368e+01 5.178635771463303428e+01 6.922201752611242398e+01 7.720809728459637711e+01 5.839314945618032482e+01 7.720809728459637711e+01 8.520230872822057222e+01 6.054465118072352681e+01 4.438250521566632756e+01 5.558301678943599455e+01 4.995077191360624624e+01 5.118225381190334389e+01 3.604673139759443501e+01
8.336531950628578436e-02 1.377267198526211045e+00 2.673675526491475996e+00 2.267080019743978880e+01 2.585890464930974630e+01 1.248752921413144357e+01 2.637524835184982308e+01 4.365382644247902277e+01 3.538202579243426982e+01 2.040325115094815445e+01 4.037494290510990425e+01 5.409805665540436337e+01 5.613540906721463131e+01 5.028084950746215753e+01 7.026956615809017137e+01 6.562568053136800472e+01 7.407472776694545757e+01 8.235934329444447144e+01 8.323479913829761756e+01 6.664622283444317929e+01 8.323479892378497880e+01 9.192829760662250749e+01 8.157549627377670731e+01 6.683035374423219821e+01 4.701009240864978267e+01 6.488820716325177784e+01 7.689132133538198843e+01 8.590954584275752381e+01 7.203273470285093083e+01 8.590954584275752381e+01 9.219800540223376117e+01 6.776671186821842241e+01 5.563156117593767647e+01 3.415074969386043335e+01 2.927503350311047470e+01 2.700650450355367127e+01 2.241263518694316659e+01
4.524162703296725763e-01 2.045241627032931575e+01 2.267234590833452401e+01 4.534650326380641694e+00 5.862100770284207840e+00 1.829365395536061456e+01 2.834674319672511444e+01 3.068170048451915122e+01 1.543745716274888302e+01 3.538202579243426982e+01 4.865602555040114652e+01 4.545134802045372169e+01 3.614736109909786421e+01 5.613540906721463131e+01 6.465907543728364715e+01 5.151101576389199010e+01 5.410110500616890050e+01 7.407473045741772921e+01 7.502885958680546707e+01 5.513821446371513701e+01 6.386114241107112122e+01 8.373526266527991879e+01 8.053605315688427879e+01 6.115326734251200946e+01 6.683035382635040378e+01 5.568561788683838643e+01 6.956483781961020441e+01 8.900596900736982775e+01 9.156368576449661134e+01 9.633244009129805363e+01 8.864418918766364186e+01 6.491761824895375810e+01 4.889623796764918495e+01 5.538070405309149180e+01 4.304454725154263173e+01 2.288923368708138995e+01 3.602515234650327614e+01
4.402443450947634007e-01 2.044002719391720646e+01 3.281323269270536969e+01 1.867542276992749706e+01 2.351870189034779912e+01 7.837536985246063459e+00 9.244623151108005032e+00 1.074329807931889569e+01 2.985128921145921410e+01 3.466739850773537768e+01 3.651659516670062544e+01 2.547263355147694952e+01 4.545134802048660561e+01 5.881544214665542825e+01 4.469082771734308324e+01 3.998568907130505323e+01 5.995124523653515070e+01 6.619504581459420933e+01 5.970161430590574980e+01 4.760928195537897523e+01 6.168471592077842303e+01 8.156703192176669859e+01 8.863618046924997884e+01 8.053605316106657597e+01 8.337662891520764674e+01 6.562217101999750923e+01 7.168634550635056257e+01 9.115556205980377058e+01 9.035261855468114334e+01 7.593693383834693122e+01 9.035261855468114334e+01 8.137074590673060470e+01 6.728974695359008251e+01 5.239190582874530833e+01 2.303492434581852066e+01 2.323143534017430412e+01 4.238692197490326663e+01
4.237187090225543740e-01 1.456585643955332010e+01 3.456637311305998850e+01 3.867576365894727530e+01 3.812062130623029788e+01 3.001126509436150869e+01 1.349595203420342671e+01 3.068169938140654196e+01 1.314672479816345962e+01 1.485521140247996996e+01 1.658444806439360875e+01 3.651659529086391132e+01 4.097210233817776270e+01 4.296844585555579954e+01 3.055384227788407969e+01 4.743526076537695246e+01 4.990981094753400527e+01 4.658344978185890284e+01 3.978703192175040471e+01 4.461725913600199078e+01 6.440181589291056241e+01 7.790697077471283194e+01 8.469337812858455550e+01 9.271628750368293481e+01 9.384820215834729140e+01 8.020287804340630089e+01 9.115556205980377058e+01 9.142865996616583857e+01 8.123738403900890148e+01 6.152771561628932062e+01 7.733360353484313521e+01 7.663056883278045461e+01 5.165674967921672334e+01 3.669155830687564901e+01 3.326094708395218191e+01 3.413383811035737381e+01 2.372203490890673550e+01
9.142864485297492738e-01 2.091428644852939556e+01 3.813494445819368650e+01 4.968194984198640896e+01 5.185640685701712727e+01 3.188668006355517903e+01 1.782812429860789294e+01 3.773567725822016428e+01 3.352435569263403892e+01 2.893148772832012838e+01 3.651659183421494248e+01 1.916169156809048602e+01 2.100570186481523294e+01 2.298597384103752006e+01 2.500376704059625510e+01 2.744400368372141230e+01 2.993017196969588056e+01 3.247909141207308181e+01 3.733631114567709375e+01 5.729020885001799712e+01 5.239519116060385784e+01 5.834513280823401260e+01 6.527697106921938541e+01 7.628511307264908226e+01 9.344125769810491988e+01 1.021919457464959180e+02 9.740997923851817575e+01 7.701260558922760424e+01 6.260337943161177776e+01 5.236846927215135139e+01 5.782188674330662792e+01 7.253307891232127247e+01 6.424051291581976386e+01 5.086620324901127788e+01 4.621012556686432760e+01 4.231695553731838544e+01 2.407146427765473007e+01
9.064013007315497861e-01 9.850673210730786167e+00 2.139767859452350507e+01 4.139767859452420851e+01 5.404368269142574377e+01 3.407053711894143788e+01 3.773567762112057977e+01 2.560864937631746585e+01 4.556204280645800253e+01 4.890985917748692913e+01 4.738819980624282380e+01 3.911177111366248482e+01 2.652571957127126012e+01 4.296844197156855927e+01 4.499639798425572224e+01 3.231149817574061700e+01 4.990981094753400527e+01 5.245428430183618929e+01 3.803174689347657988e+01 5.798839219541454071e+01 7.205878952236540158e+01 7.790697081538488078e+01 8.469337812858455550e+01 9.271628750368293481e+01 1.023144886411141385e+02 1.008334861625026235e+02 9.061509953871934897e+01 8.215810694354240695e+01 7.492462336457720085e+01 6.408516613118669625e+01 4.365036099461471508e+01 5.690525824413625600e+01 5.417729697563500935e+01 5.157198283558829388e+01 4.791368529510580032e+01 3.850845262101992716e+01 2.442274095041956983e+01
3.063610709598194592e-01 1.444849669469089548e+01 3.444849669469159892e+01 4.556621606153187543e+01 5.385048730908363268e+01 5.404368269142574377e+01 5.384457136216015982e+01 3.711411343227248238e+01 3.625846096165710719e+01 5.624563832972516053e+01 5.545256531808806955e+01 3.547104815823057322e+01 4.651657290994992167e+01 5.479561993651481089e+01 4.862764269213261059e+01 5.229238701106279308e+01 4.125607233598443457e+01 6.122095314847896219e+01 4.210969852152775417e+01 6.206091776876508703e+01 7.353349903248751218e+01 7.931280267316540744e+01 8.600335093733110625e+01 9.438023392645538934e+01 1.044730827125578543e+02 9.238468962243453575e+01 7.193152426465049132e+01 6.169872578239078820e+01 5.441847981698484205e+01 6.575398534191518252e+01 5.690522708346952641e+01 3.665799805161729097e+01 3.419669398039830810e+01 3.193265985918931804e+01 2.994935769799914382e+01 3.781850162123939896e+01 2.477531380190275101e+01
2.739570439748240105e-02 2.002739570439712580e+01 2.923628444297671436e+01 2.556621606153117199e+01 4.355078258208770592e+01 6.159644295308766715e+01 6.538687996640275912e+01 5.710212894097215752e+01 4.624662553072451487e+01 6.453042504776982469e+01 6.373277743428511144e+01 4.700951194551740997e+01 4.960087381558194863e+01 6.957987283148978008e+01 6.274509118915255357e+01 6.827952732380376233e+01 4.831486471286098094e+01 6.827952731850304247e+01 5.620013027526388782e+01 4.841103341952994299e+01 5.354949766901107466e+01 5.929270759712153449e+01 6.593170614483415193e+01 7.592619543998408460e+01 9.608050643467807106e+01 1.008334861625026235e+02 9.061509953871934897e+01 7.350786161805343966e+01 5.299306461213490138e+01 4.517078841608246620e+01 4.126779735969834206e+01 5.690523530211012115e+01 5.418669470893316742e+01 4.560725962315029136e+01 4.701816204014314593e+01 2.743210549741859339e+01 2.738748715703939851e+01
1.758338105654860817e-01 4.647969765565083122e+00 9.236284442976359088e+00 1.526651133453168541e+01 3.526651133453238884e+01 4.159644295308696371e+01 6.159644295308766715e+01 7.453016704983804175e+01 6.624465622471186066e+01 7.453016704983804175e+01 7.527012398815404026e+01 6.698604235597375123e+01 6.957987283148978008e+01 7.786468105298837372e+01 8.273032028604491472e+01 7.656259464801384240e+01 5.983385157122274478e+01 7.656259464800865544e+01 7.621011042176229466e+01 5.836483956678420526e+01 7.353349903248751218e+01 7.931280267316540744e+01 8.600335093733110625e+01 9.438023392645538934e+01 1.044730827125578543e+02 1.009058106502504160e+02 8.045666343796494857e+01 6.598896053177247722e+01 5.822242722823099825e+01 5.709176770299067272e+01 6.179277337773687861e+01 5.271318872265325695e+01 7.357671461412523684e+01 6.597349853549708598e+01 5.434997680210802429e+01 4.207289591889381342e+01 3.891895202410101007e+01
4.683972685643240652e-01 2.046839726856396879e+01 2.923628444297671436e+01 2.923628444297671436e+01 2.526651133453186304e+01 3.940864695826331143e+01 5.940864695826401487e+01 6.405077368349006406e+01 5.578231903625572841e+01 6.405077368349006406e+01 7.152861184083997159e+01 7.322884019851555593e+01 8.149474634643168258e+01 8.170172996291323386e+01 7.333429794779674182e+01 8.170172996290783374e+01 7.981653495395578091e+01 8.810372017860827043e+01 8.674129361947426275e+01 7.838246456868010625e+01 8.674129361947426275e+01 9.250797795786445477e+01 9.678807786373697297e+01 9.085937675180792894e+01 9.307689117832481429e+01 1.014339758596928505e+02 9.489913425921281487e+01 8.644607998696142204e+01 6.848601253134158640e+01 7.159592674552503411e+01 8.205069425045162745e+01 6.488803549779045454e+01 7.833013244294599531e+01 7.013929761122871298e+01 5.476835186751897311e+01 3.629067698166601019e+01 4.291093770144981079e+01
2.051881798473268459e-01 1.434732380357815096e+01 3.434732380357743864e+01 4.923628444297742135e+01 4.526651133453256648e+01 5.355078258225051968e+01 5.911350827167880340e+01 5.407526077325432112e+01 3.583576238492355515e+01 5.156544529827216650e+01 5.156544529827217360e+01 5.325555355657575518e+01 7.322884019851555593e+01 7.163581122474755603e+01 5.323101236841985440e+01 7.163581122474755603e+01 7.336276249780215153e+01 7.364757877640425932e+01 7.127746142199467272e+01 7.427315958181061717e+01 7.742427906400847348e+01 7.215219516427293911e+01 7.643633033079439087e+01 7.046210889247376485e+01 7.269644962323221193e+01 8.880149462041266872e+01 9.717036237268044374e+01 9.739258040810473460e+01 8.295319081266659111e+01 9.205012484901276082e+01 9.389117751831304304e+01 8.544567101306601842e+01 7.108313787340732404e+01 5.527582932396074966e+01 4.681147010786749973e+01 4.498111342251670663e+01 2.648232617702729996e+01
8.187695587851057111e-01 2.081876666811266929e+01 3.734727461758976830e+01 4.572749602145298553e+01 5.275227484287424318e+01 5.289446435126667723e+01 3.916101869523495083e+01 3.916101869523495083e+01 2.586497466452558669e+01 3.162467486869477540e+01 3.915623606297463510e+01 5.910559377141724013e+01 6.907461343389206831e+01 6.328265515810826969e+01 4.329869772165444175e+01 5.329067643988137348e+01 5.328930164070536080e+01 5.008224928398975351e+01 5.124878341415262639e+01 5.417740540554285644e+01 5.724726953250060291e+01 5.787163011328232187e+01 7.002482687892745616e+01 5.616137598032533162e+01 6.191198125334749847e+01 6.833907572709013323e+01 8.285055542103651760e+01 1.031683327444043101e+02 1.034003281886751040e+02 9.457334310046324788e+01 8.612333139058952725e+01 8.612333139058952725e+01 7.863014856821703802e+01 6.728828294905520124e+01 4.653533046420976405e+01 4.168984598609042536e+01 2.682677138606477030e+01
2.311624522989861319e-01 2.023116245229862997e+01 1.647413760784736425e+01 3.666995086355519362e+01 3.500021508353404442e+01 3.099240920064278626e+01 3.327687832154250458e+01 1.920692662581446797e+01 3.916101869523495083e+01 5.156544529827216650e+01 5.910559377141643012e+01 6.312382817580908778e+01 4.876765569715676918e+01 5.440273168220624456e+01 4.655197629384298352e+01 3.335722446647549333e+01 5.047713572160797924e+01 3.448886687096714354e+01 3.733412510896892655e+01 4.028573155786590831e+01 4.334786853682356167e+01 4.653534970107214974e+01 4.999394754473124181e+01 7.002482687892745616e+01 8.233070716045551762e+01 8.880149462041266872e+01 8.285055542103651760e+01 1.031683327444043101e+02 1.021973312144740760e+02 8.612333139058952725e+01 6.559051316971614654e+01 6.559051316971614654e+01 8.008192813508959773e+01 7.602703943014985555e+01 5.591288674380596291e+01 2.910235754128385821e+01 2.716806805963498661e+01
9.845726073866658545e-01 1.878015438967354234e+00 2.183029928721435908e+01 2.280380496247463640e+01 2.641195294503731716e+01 1.664551759411714471e+01 1.331178995909212048e+01 3.327687832154250458e+01 4.439364787357872899e+01 5.267626016328181748e+01 5.028464397276372466e+01 5.471542591164465108e+01 3.452001991545775894e+01 4.093827696516988368e+01 2.520661991995737949e+01 2.787741403038424437e+01 3.057284844818801872e+01 4.500934087848583687e+01 5.572498103870972130e+01 6.006331553071358087e+01 6.315697880021364341e+01 6.049216262597774119e+01 6.406662670485377475e+01 6.142886822767613353e+01 7.315179949601636622e+01 9.353588349767670707e+01 1.031683327444043101e+02 1.114901693243242136e+02 9.378953429620254667e+01 7.310500813083628202e+01 6.136155523290997849e+01 5.173200290998111228e+01 6.380982669005764052e+01 7.220343283294346293e+01 6.344984380439957050e+01 5.187144647860068147e+01 4.622693973200912865e+01
3.295302290958179725e-02 2.003295302214699092e+01 3.747092671564808963e+00 5.074539242368275360e+00 6.413838120911213636e+00 7.765312265453230722e+00 2.773694341068116742e+01 3.133306496235305616e+01 2.438936495890431644e+01 3.468926108696787480e+01 3.012489299741283233e+01 3.762693336665071797e+01 3.940151106784219337e+01 2.185249056478030028e+01 2.476748843461866656e+01 2.781541881117268389e+01 3.093753453188007896e+01 5.079331342892081835e+01 5.884072671023828605e+01 6.258058505447164066e+01 7.090259415110533325e+01 8.075556016892866751e+01 8.440918839619639868e+01 8.176712603634491927e+01 9.015761616377895393e+01 1.018901676254273667e+02 1.053377262223427095e+02 9.499626471331264099e+01 8.649774310357487650e+01 7.914261983002973011e+01 8.008192813508928509e+01 6.380982669005764052e+01 4.455927861749668750e+01 5.719889523509023377e+01 5.214553678084187993e+01 4.949139850947504726e+01 3.069792740074098347e+01
