MOVIE_S3_data/elevation_000535.asc
nrows	100
cellsize	150.0
xllcorner	0
ncols	100
yllcorner	0
NODATA_value	-9999
[rows 0 to 16 of 100, columns 0 to 36 of 100]
7.773770046158816616e-01 8.942140123796736617e+00 1.893513412603095958e+01 3.294204687842840684e+01 5.180086324449597157e+01 5.630878814764541573e+01 6.471547553817221399e+01 5.864508734629129805e+01 4.937718052299295834e+01 5.710729061252138905e+01 6.073732626848142502e+01 6.024733259638623650e+01 5.257900375283803385e+01 5.651142883174632203e+01 5.687734842077729525e+01 6.497433754588215038e+01 6.045976707417393214e+01 5.189963245394183389e+01 4.922076369828293707e+01 5.777936207163079274e+01 5.980813103219532678e+01 5.409635080004354535e+01 5.409635167486933227e+01 6.229920202101521198e+01 6.152845465901705779e+01 4.917974221828004033e+01 4.003255511682679924e+01 3.426342015041552713e+01 1.052965599931478202e+01 9.525947656922996387e+00 9.774557114735531016e+00 1.002760292183185165e+01 1.028420607598730108e+01 1.054323268394442614e+01 1.080405948889457157e+01 1.106606398478523623e+01 1.132848003703696449e+01
1.667217412783970065e-01 2.016672174127804240e+01 3.699445459324827112e+01 4.661275574910878561e+01 5.318021411735453086e+01 3.814981650183520401e+01 5.352325904890587793e+01 4.780120006976807900e+01 2.889962656853487033e+01 4.516284995661853685e+01 4.390307390100749529e+01 4.874781113466986682e+01 3.253440506774025209e+01 3.669826183544997633e+01 3.675117048884914084e+01 5.664362003298742820e+01 5.189963262259828269e+01 3.124429634336705064e+01 2.856318199285792758e+01 4.585192409361347643e+01 4.157059124123605898e+01 3.638225184839633641e+01 3.638225184864747064e+01 5.409635124539612860e+01 5.228231300653732916e+01 2.989731893827274334e+01 2.043058310771695574e+01 2.087536102322511056e+01 9.181281367607780908e+00 2.131483609800399392e+01 2.491747144025981697e+01 1.598853326958142240e+01 2.826947839579905164e+01 2.917050196321251221e+01 2.535542644433042625e+01 2.529306647501752536e+01 3.069883263017503339e+01
2.375235533300354973e-01 1.511027891943354184e+01 3.556764812979881185e+01 4.037759820417515044e+01 3.642742525255165731e+01 2.828972157659007181e+01 4.564983400685122916e+01 3.865288781179150135e+01 1.898963537677430935e+01 3.736878319520388203e+01 3.166379431834220881e+01 3.530915004191644613e+01 1.953483781372523964e+01 2.083944621826138643e+01 4.231877876468739430e+01 4.061521252600478249e+01 3.852562009066661375e+01 3.005881171806265328e+01 1.725407817210311023e+01 3.481040773981809622e+01 3.980382869725141148e+01 2.448700078765962118e+01 4.072912425008444615e+01 4.837781857108927142e+01 3.982189649360525863e+01 3.146834697057137475e+01 1.190832262139029041e+01 8.843723830953956977e+00 2.743315020528614667e+01 1.846154295531747636e+01 2.445428374498990109e+01 2.234855342291831093e+01 2.730167207404283403e+01 3.742164502209880084e+01 4.231078459227596511e+01 4.354844091437925613e+01 4.335183500846154914e+01
2.578281697790204552e-01 2.024820186547668754e+01 2.728280382894547174e+01 2.366669683471647190e+01 1.937241382323688654e+01 3.540724991699984514e+01 4.449728929118435161e+01 3.126597661555010532e+01 1.074025911922286802e+01 2.676482160070800376e+01 3.019088796862977375e+01 1.512953721032926602e+01 9.473044649225904834e+00 2.523726504548145755e+01 2.480988165607198681e+01 1.943868560651927879e+01 5.092352700779048114e+00 1.035113836839744650e+01 2.044487507953856209e+01 2.369595631684686765e+01 2.847735962881064964e+01 1.893120956856620296e+01 3.100896736167337764e+01 3.731580986786696030e+01 2.624574252534363339e+01 8.340001075476227044e+00 8.502122137258032453e+00 2.547473126033614577e+01 3.188607193783933269e+01 3.309150828276487744e+01 3.847227351533512518e+01 3.129991491050158459e+01 3.608802869136620473e+01 4.836721784868186091e+01 5.460279434545179100e+01 5.122319839202643976e+01 3.779418327661511512e+01
6.835178870107115889e-01 1.903399618703945606e+01 1.589396436701966842e+01 1.167764174822640832e+01 2.575478245967158486e+01 2.733637459843853534e+01 2.775876869703174066e+01 1.846376898126306187e+01 5.394528001082198543e+00 1.808410101397704040e+01 1.812779682209427889e+01 4.154826064296547550e+00 3.980938100166239835e+00 4.233489626820534646e+00 4.487882387974891252e+00 4.742726512208768064e+00 4.995722001673222223e+00 1.257689004868849025e+01 1.669242084114778635e+01 2.075821438812027964e+01 1.131559105573061430e+01 2.360916053473813037e+01 2.470272037934734044e+01 7.237965939902283097e+00 2.359783393975139276e+01 2.653244808581241543e+01 8.244507294389810781e+00 1.553689556172966668e+01 2.738454990923991517e+01 4.129286860533295567e+01 5.293203531999185429e+01 4.167207269470092257e+01 5.251288983929280363e+01 6.040665220359155541e+01 5.660105902621467777e+01 4.320323367689778848e+01 2.831884572985705262e+01
8.765780624806145394e-01 9.731637400524700610e+00 1.549055290401826213e+01 6.852267153100759067e+00 1.064919856439111712e+01 2.129002864957534413e+01 2.496327792156464387e+00 2.402033076638341313e+00 5.576767331325653387e+00 1.158277104479827457e+01 1.517705641718584353e+01 3.623474205667728487e+00 1.534879665990207442e+01 1.953435145630256287e+01 2.154058741462496940e+01 2.303402441009827584e+01 4.998836930167144033e+00 5.351702531941328722e+00 5.604031377083368071e+00 5.857920729634059853e+00 6.113805671402682052e+00 6.372324960496383639e+00 6.633735533591834432e+00 7.315207647050404383e+00 1.442934438976102562e+01 1.646504667876834915e+01 7.964438889927887288e+00 2.599141351885769780e+01 2.683405843702017535e+01 3.432538607996184510e+01 4.945115067380119456e+01 5.864909647277194438e+01 6.601272064322500910e+01 5.829249176914266428e+01 4.422684495747947153e+01 2.979093475888006992e+01 1.620244839605419429e+01
3.336530771559016451e-01 5.842214155995667513e-01 8.348290928202140027e-01 5.682605494828115056e+00 1.099289526023107122e+01 1.442593152709255477e+01 2.047527323355599727e+00 1.522619688377070979e+01 2.757955880736634224e+00 3.010559408550052218e+00 3.264684081793854720e+00 2.344383094073963036e+01 7.380226378480850613e+00 1.002541218634907416e+01 1.263364568338101535e+01 1.515436689591068919e+01 2.964745340450470934e+01 3.000302042176705086e+01 2.759910584291391444e+01 2.699413602813743296e+01 7.691063294793387684e+00 2.754953575783581243e+01 2.778608402387451548e+01 6.987779731830067398e+00 7.246477145059643021e+00 7.539669816918742384e+00 8.783841522901877141e+00 2.059521250342287857e+01 3.116960916242291546e+01 4.509339552143838148e+01 5.741337605879297712e+01 5.781598301662621253e+01 4.945674919581023943e+01 3.929733319913700029e+01 3.048214136963131793e+01 1.666729105093467567e+01 3.589724857459592755e+01
2.692912384917900415e-01 2.024894351684609362e+01 2.347972448082982311e+01 1.189855570882631941e+00 1.440956551034701993e+00 1.692136729579226229e+00 2.031164440343838962e+01 7.550479307275783647e+00 2.469205966160769705e+01 2.799008962693434555e+01 3.711672770334881744e+00 6.045833452976977718e+00 2.755544693957052971e+01 3.002992960127340538e+01 3.089182252942812212e+01 3.189289865374896138e+01 1.853553652306736765e+01 3.494475664613387522e+01 4.448865097378508437e+01 3.998248272883800070e+01 3.262727216745152248e+01 2.102264966532018775e+01 4.367726567608843879e+01 4.208577631360846283e+01 3.332289247402776056e+01 8.035685418269540747e+00 3.071973495162072609e+01 1.790231177570370846e+01 2.987553147210401505e+01 4.892499244854860763e+01 5.783201786736188410e+01 4.040239496318005763e+01 3.884287885865542478e+01 2.085924998611544723e+01 1.712474448723443388e+01 3.632885355185755571e+01 4.460050397840615943e+01
2.740426242073276120e-01 1.596653040998545769e+01 3.357715198141156066e+01 3.096874991902671326e+01 2.225771324965979758e+01 2.705826199677971999e+01 2.923242644840290438e+01 1.270993756590663715e+01 1.486692713914823472e+01 3.240124724947504120e+01 3.509674200221072482e+01 2.781629040842880940e+01 9.811662540127215948e+00 3.144549437437001060e+01 4.358080522711298954e+01 4.237104262973740276e+01 3.501608373681018094e+01 2.193483700374930478e+01 3.854191891141491766e+01 5.003086038046349415e+01 5.216523438809914381e+01 4.376764754951765468e+01 3.726103046013211895e+01 5.783869731815153159e+01 4.559260175535050763e+01 2.105523202631384194e+01 4.231267800556591396e+01 2.616172910450953282e+01 4.168023034657738890e+01 5.751543109486637917e+01 5.633039990142407305e+01 3.855810141666479751e+01 2.526904574266998438e+01 1.757264148580770780e+01 3.389000199781600031e+01 3.100046972915498955e+01 5.119708595857714073e+01
8.627856460739585787e-01 1.241606303531856881e+01 2.667145934291071896e+01 4.741267647793237217e+01 5.218758952069279644e+01 5.291711160035693240e+01 3.541811400262090359e+01 1.761489948161773000e+01 3.271032372352821227e+01 2.273782974180623739e+01 4.160588410456974628e+01 4.000251826445899184e+01 3.144553991857346276e+01 1.357190198560800276e+01 3.517869429284562699e+01 4.830035720911860864e+01 3.854196357165676545e+01 3.854197741309869230e+01 2.555589115299230940e+01 4.237367988475223513e+01 5.158548444573880687e+01 5.931432776744621549e+01 5.736597247474386307e+01 6.270882691714668766e+01 5.655413321437660557e+01 3.741742985855041326e+01 5.254449747740546428e+01 3.490068219909379366e+01 5.307053799394184779e+01 6.839267456270043510e+01 5.930170395397583860e+01 4.286824135693499471e+01 2.432856002799026385e+01 1.788416804298818619e+01 3.868494142849785078e+01 5.106024238172943797e+01 5.939160345336848934e+01
2.490127916613376069e-01 1.439114859447583683e+01 3.439123253365598742e+01 4.639041663425666684e+01 5.452315099544676968e+01 4.519218768883818171e+01 2.600084655858777083e+01 3.541835812361163960e+01 4.400884925670242609e+01 2.924041831920286683e+01 4.922795254976778523e+01 5.449473808511815776e+01 3.366713041600362288e+01 1.824652560020038905e+01 1.835799879212498453e+01 3.987381622338644149e+01 5.630507894646142830e+01 4.237415396764751563e+01 4.237367988475224223e+01 2.951805056882392009e+01 3.400708519094375504e+01 5.158548444573884240e+01 6.790692569651059785e+01 7.595748133174166128e+01 6.977239698575795046e+01 6.092276411933215030e+01 6.302119909388319741e+01 5.426891659454484795e+01 6.303047338486605611e+01 6.196832005021031620e+01 4.585929601326203198e+01 3.461175958796032859e+01 3.712551394657263160e+01 1.819061847243380470e+01 3.831421390822149675e+01 4.971859058387607178e+01 6.902234816637781023e+01
8.485705281016824308e-01 2.084857029002345641e+01 3.493690658819107142e+01 2.651286189202738086e+01 4.639041404138345825e+01 5.418802996397555205e+01 3.901689554686074501e+01 4.519240832799228968e+01 5.821478674844755830e+01 4.026254638149467269e+01 5.820989877134474000e+01 5.921582713595766023e+01 3.862535517916875705e+01 2.334307956724987676e+01 2.191445569136233829e+01 4.329789445707135087e+01 5.657359369220834111e+01 6.047352529840254931e+01 5.059886512733589825e+01 3.322437495386274264e+01 5.059886512733589825e+01 4.190704007765178574e+01 4.988373076726968947e+01 6.380833322174760269e+01 8.466638180938029734e+01 7.769246382953069485e+01 6.821736158865513744e+01 5.977981257376391255e+01 6.377354636755199380e+01 6.723045408750238039e+01 5.351759435898448203e+01 5.107077124985960381e+01 3.772911954248023392e+01 1.849197433323657336e+01 2.972484301629268799e+01 4.525531252962267104e+01 5.130940481229998085e+01
5.097248530424480784e-02 2.005097225543507378e+01 1.497255821745124393e+01 3.493690447784371855e+01 4.629825706685925013e+01 6.551323188741712045e+01 6.056699545779052585e+01 6.672814833856810424e+01 7.057755143066655990e+01 6.158912324781867653e+01 6.663882857977132801e+01 4.637442031925514385e+01 3.136918148889438740e+01 4.465712206226047698e+01 4.329789445707135087e+01 2.715066606422991669e+01 4.827676104999485318e+01 6.187979683398216224e+01 5.503506574367317938e+01 3.729025819467252489e+01 5.503506574367311543e+01 6.065598984080608602e+01 6.903619682985797112e+01 7.853736402462241983e+01 8.388600160817161111e+01 6.326936451446765375e+01 4.802927617626230017e+01 3.814921122801490583e+01 4.113084846589857335e+01 5.450773151481894274e+01 4.721080519170113377e+01 4.093988460744007796e+01 3.861804017687633461e+01 1.878884800087207196e+01 2.091968386049391881e+01 2.446799218874291171e+01 2.953013606603258623e+01
2.550521787762166648e-01 6.028554281449626018e+00 2.601986422410913136e+01 4.316481721541952510e+01 5.086297173743542999e+01 5.483362589501298601e+01 5.919805181304874964e+01 6.139179516049934193e+01 6.971592670893672050e+01 7.908084227879724892e+01 5.936349183366946392e+01 4.484047217292819454e+01 3.951891072359432400e+01 6.006705716824569663e+01 5.657417983485716917e+01 4.229659910006392209e+01 3.280295569111272869e+01 5.366374240663891015e+01 6.309325789104332927e+01 5.503506423436813577e+01 4.444002182003761448e+01 5.472389186922110582e+01 7.409526828112329611e+01 8.879315565416521849e+01 8.100821095367491864e+01 7.756497654695897381e+01 6.196451991607379739e+01 4.895877583991688908e+01 2.738148374241611194e+01 4.411625504248663532e+01 3.684469823389228083e+01 2.166779991754770052e+01 1.920299760193048400e+01 3.811001585903488831e+01 3.088350474887862873e+01 4.499813879998731636e+01 5.130940481229998085e+01
8.916207294569349351e-01 2.089162069943668598e+01 3.186899424144478843e+01 4.492095366959817682e+01 3.081011214118490216e+01 3.480945580397585104e+01 3.917421752445080330e+01 4.136374551499461916e+01 5.912773164952849214e+01 6.808997381460638110e+01 7.326653721120112550e+01 6.513823675021291137e+01 5.005214527682633729e+01 6.822012773513975503e+01 7.085274866925595916e+01 5.764327580192006195e+01 3.696492497776966957e+01 5.764324885357610384e+01 7.233334621021606381e+01 7.114183225242052799e+01 5.229392583089368429e+01 7.114502622627747996e+01 8.247393317393670031e+01 8.100821095367953717e+01 6.072870485082943048e+01 6.622767665831381123e+01 5.339523249523657711e+01 3.162976044523267305e+01 4.506333636624140127e+01 2.385943897088408505e+01 3.987221058092320192e+01 1.961306102555550268e+01 3.810156486239430507e+01 4.462343656496791056e+01 4.928664176155444210e+01 5.265312792676335363e+01 6.674192979083019850e+01
5.108012481754142797e-01 3.596868247417258857e+00 2.358185915672684985e+01 3.141580344162200333e+01 1.666621345863973502e+01 2.066621350056783513e+01 2.503057152445929390e+01 3.080407778776623928e+01 3.974855834868246518e+01 5.129856894645006093e+01 7.134080868210297410e+01 7.815652728208371514e+01 7.008196905977506219e+01 7.815652738487611373e+01 7.176765551663400799e+01 5.179266708768563632e+01 5.764069311384754712e+01 4.389570653737799688e+01 6.424588964272420810e+01 7.986179054599229232e+01 6.563542372936201730e+01 7.986396164278978915e+01 8.901839270457648468e+01 7.546916691209169414e+01 6.671800745442928360e+01 4.538383947365834103e+01 3.624456608094463661e+01 5.339523249523656290e+01 5.383836593240711466e+01 4.221220898739809968e+01 2.109519167356936364e+01 1.990188254303529192e+01 3.907927795679809435e+01 4.685442058505992691e+01 5.178775587123674029e+01 5.211425320284277518e+01 6.231376765180634436e+01
5.195627768054871254e-01 2.051956277680513097e+01 8.125976384031078581e+00 1.141395613023206224e+01 2.555652435901612307e+01 4.067273538497750707e+01 3.657802349981862733e+01 5.081581568103037228e+01 4.494875649674807505e+01 6.498014953566367069e+01 7.967470389019590016e+01 8.639856157504220846e+01 7.818720013500470145e+01 8.181798720990879303e+01 7.982099714332366602e+01 7.176763084433621032e+01 6.979967736292006464e+01 4.977031192975175600e+01 6.064679896453239394e+01 8.025927075110810449e+01 8.566105239635410840e+01 8.667444029808748951e+01 7.852011641181893253e+01 6.135526855985617090e+01 4.603285923057859463e+01 4.175068421735638680e+01 5.187378707980107606e+01 6.651005397258009566e+01 6.512768862581609142e+01 3.901555960888808272e+01 3.307839123565751294e+01 3.841635365240885847e+01 2.031493510268522584e+01 3.674928590436581288e+01 4.193823513648148804e+01 3.049239380050732606e+01 4.064761150616654817e+01
