MOVIE_S3_data/elevation_000767.asc
nrows	100
cellsize	150.0
xllcorner	0
ncols	100
yllcorner	0
NODATA_value	-9999
[rows 0 to 16 of 100, columns 0 to 36 of 100]
7.773770046158816616e-01 6.551344313398105079e+00 1.258595275764830568e+01 1.927684041264777903e+01 2.700996173355728658e+01 3.764405867875272094e+01 5.356318622293311194e+01 7.719182412202984267e+01 7.722032195685660838e+01 6.652700697010371300e+01 5.891854771144026870e+01 6.132489366177593837e+01 6.542684001189452658e+01 4.824825668108669419e+01 3.360094774522218586e+01 8.102554307547796597e+00 7.555776107329314151e+00 7.825713801033447936e+00 8.095438370162021613e+00 1.403180187312058003e+01 2.864337424493529127e+01 2.979836080130410991e+01 3.576994796867056436e+01 4.312433769740562894e+01 5.057838060153540738e+01 5.270547186784503424e+01 6.911045746733198314e+01 6.877542491034556349e+01 6.286282858867353696e+01 6.824090799670403840e+01 6.547419448924232199e+01 7.233004824780174147e+01 7.182301668784916160e+01 6.363009325636886615e+01 7.096737290195598291e+01 6.297900964425936365e+01 5.309647239135296815e+01
1.667217412783970065e-01 2.016672174127804240e+01 3.282176788362475151e+01 3.975550338369638581e+01 4.797635675412535505e+01 5.709272866909159916e+01 6.813969938819047911e+01 7.715771965212705652e+01 6.967909377541911908e+01 5.104193833270998937e+01 3.957499417564787336e+01 4.212761744803511732e+01 4.969114494727344322e+01 3.082736880681374458e+01 8.300699847414849231e+00 7.172546719123237047e+00 2.386823182810535471e+01 2.792009427104710539e+01 2.878056762609803343e+01 8.479764958683750464e+00 8.753358893118877049e+00 9.833724555503748022e+00 1.681358405263938849e+01 2.510234966155700320e+01 3.485826310559547636e+01 5.224676514761870294e+01 5.560725021413806957e+01 4.932742903637279852e+01 4.171789727061405983e+01 5.657371650738078017e+01 5.009407970090572348e+01 6.376272853510359795e+01 5.994398234519199065e+01 3.987816584190712632e+01 5.650119200215721804e+01 4.916940514780884541e+01 2.651514219673043371e+01
2.375235533300354973e-01 1.437965756654534388e+01 3.437906683052315060e+01 4.796718451135112105e+01 5.595071189362617048e+01 6.822625082765765114e+01 5.984613469412970943e+01 6.038879998844694796e+01 6.501235899192208478e+01 5.816836088089240775e+01 4.774977956683942892e+01 2.782286596935061951e+01 4.774037747005817778e+01 4.302187899775623237e+01 3.028079400540978483e+01 6.894866113922974549e+00 2.285480826886390560e+01 3.013386050086242918e+01 3.862916584769585882e+01 3.541542306371479043e+01 2.997027959564292487e+01 9.143836036415310176e+00 2.911833987090072995e+01 4.180599179159913348e+01 3.929029000236013758e+01 3.716049320834305547e+01 3.360316479647129739e+01 4.032959008931237577e+01 3.260540064863636189e+01 4.624491487377055421e+01 3.955467318062266457e+01 4.919064548153372129e+01 4.240651855093722844e+01 2.603234665227741473e+01 4.136408030638476419e+01 3.599010976436893827e+01 1.476580767703038255e+01
2.578281697790204552e-01 2.025782816925982033e+01 3.492506856032308349e+01 2.952360968831371579e+01 4.796675540670253213e+01 6.069970440082908425e+01 4.228486987622135729e+01 5.024330841814126103e+01 5.516187844106298854e+01 4.029914561495039038e+01 4.191580582228835539e+01 2.185873762269227072e+01 4.190496222911372115e+01 5.176530661303434755e+01 2.975253144068787847e+01 6.597281165434744743e+00 1.715995452716957459e+01 1.678756135744366773e+01 3.280969611458218793e+01 3.111395729133684540e+01 1.065884304466521648e+01 9.421849667828629649e+00 2.984876271487461352e+01 3.143639183025051054e+01 1.440573033129317260e+01 1.747479983133280612e+01 2.119583070066446595e+01 2.553582086341783253e+01 3.508544517554366848e+01 2.481494343440577310e+01 3.661436962365207393e+01 3.496270093161900405e+01 2.399031729267683133e+01 1.384079585451756067e+01 1.411512398758807763e+01 1.438306325295277155e+01 1.812951970321454453e+01
6.835178870107115889e-01 2.067684410434026887e+01 1.666988786880217788e+01 3.060090177789936305e+01 4.919957830899813445e+01 4.627931126857388477e+01 4.055062865124896376e+01 3.059951510766536487e+01 4.818081524620572509e+01 2.893881520030868870e+01 3.625576102781569432e+01 1.655009343742757721e+01 3.042811423312304697e+01 3.757446226292619684e+01 3.420871521952041405e+01 6.298069456840841518e+00 1.108479256610782038e+01 2.523713777278183912e+01 3.701776436662041192e+01 3.844825420359187973e+01 3.109999877243287614e+01 1.018405752172581380e+01 9.822100253737694686e+00 1.011150730197187464e+01 1.523325830159821415e+01 2.078439945705885350e+01 2.626935596530773509e+01 3.036795956102995930e+01 3.331814910008176867e+01 1.402338791726644374e+01 1.284084066880678776e+01 1.314210972140819678e+01 1.343849936394085454e+01 1.446588548121804152e+01 2.386636342332074534e+01 2.967746852698308402e+01 3.104461630549396389e+01
8.765780624806145394e-01 6.941564296769031195e+00 1.940592363952786670e+01 3.357902250290761970e+01 3.909825675008119106e+01 2.701025086971595002e+01 1.818590263133154750e+01 3.477303860912867606e+01 4.276933168212853786e+01 3.611119150129344746e+01 1.731982713292745402e+01 1.175938649666023572e+01 3.151888099572641622e+01 1.819078323287158483e+01 3.160748903913911079e+01 6.043080534893388922e+00 6.261895911633184042e+00 2.000775062668415671e+01 3.672258654830395130e+01 3.658072854625551429e+01 4.038539404120572840e+01 3.271059090405629632e+01 2.151122430096982541e+01 2.371367061075710581e+01 1.054276046247898790e+01 1.085844509499007238e+01 1.293183888991078412e+01 1.886385872693840327e+01 2.149813470730248710e+01 1.240764983682041311e+01 2.271068832757594436e+01 2.749910837257833407e+01 3.047042748537445078e+01 3.236314406231650054e+01 2.216537653147903697e+01 3.658888014883097384e+01 3.528130174966070598e+01
3.336530771559016451e-01 9.845989722506452324e+00 2.365635115598577443e+01 2.965828554002225204e+01 2.547780938032340003e+01 1.376878985907880804e+01 2.944170374259693546e+01 5.512759818329019623e+00 2.988691151349555497e+01 3.455564393318566374e+01 2.330777555626576003e+01 7.257648072421907237e+00 2.266464820829349947e+01 4.717325397983128887e+00 2.251559654302396396e+01 2.553988559179283158e+01 5.709467118248443107e+00 2.294269040085413636e+01 2.937690028263403264e+01 1.969580229847983688e+01 3.699872771262334936e+01 4.701225408084092550e+01 4.076673854671700781e+01 3.434667220680603350e+01 2.734660885946302145e+01 2.631845054964258068e+01 1.131585164139595179e+01 1.164076221349118434e+01 1.196315507526479927e+01 3.286390744121741392e+01 2.060280843277353924e+01 2.587943766624437814e+01 3.368966243784414871e+01 3.522987753499755570e+01 3.982389979319789575e+01 4.885000789221209772e+01 3.594927030595784601e+01
2.692912384917900415e-01 1.114712749819820559e+01 1.638593575159553239e+01 2.055032544780083370e+01 8.238618575966176749e+00 4.158199122564686157e+00 4.161747521809853190e+00 9.948123909900127515e+00 2.439839216540670463e+01 2.584067617263315952e+01 3.242246379791756450e+00 3.504482960500051814e+00 3.766932855491823329e+00 4.030082321747298302e+00 2.230583084831357965e+01 2.564540686921881019e+01 5.429747830967289524e+00 1.910901063485127338e+01 1.348915876518511325e+01 3.051366456381004610e+01 2.735208434662919430e+01 3.955778078399033859e+01 5.671716817300860214e+01 5.566195947324840887e+01 4.547826439412166621e+01 4.344383977606270975e+01 3.940020311902662087e+01 4.018162250851764838e+01 3.503803070803036235e+01 1.924833630375311344e+01 4.153139338961369731e+01 4.478705765361601010e+01 4.057754166105210913e+01 4.965086957693144143e+01 4.830361529779399632e+01 4.097436991257031735e+01 3.631911201436563630e+01
2.740426242073276120e-01 5.376573113288098948e-01 8.013178086317316318e-01 1.065047066008088628e+00 1.328845137281305488e+00 1.592849974045213335e+00 4.178846180018000567e+00 1.033837575641847017e+01 1.718281206051646492e+01 2.870058475391881192e+00 1.251038609245311939e+01 2.002614946010706731e+01 2.408357695234243678e+01 2.441898974088339003e+01 4.405886300531740574e+00 2.153327310066403300e+01 5.149700647972458079e+00 1.147663866991090487e+01 1.036676118872397545e+01 2.908488936047428197e+01 3.927946957892552149e+01 3.707650938080362835e+01 4.539382958942626800e+01 5.921195525866134801e+01 6.708027732394124598e+01 6.824290224695985785e+01 6.482292428568665343e+01 5.100273916709368649e+01 2.833605382617641411e+01 4.243552866664991541e+01 3.834733653054934166e+01 6.062647540511640187e+01 5.987581505338492605e+01 5.049347070501996626e+01 4.059420386622767296e+01 2.109954499590740085e+01 1.687532636942946240e+01
8.627856460739585787e-01 2.063929089247733728e+01 2.167134217161184395e+01 2.139351428836956259e+01 7.494966146354268943e+00 2.167727472911436237e+01 1.966990159098701341e+00 2.231558884908955154e+00 2.496315974563088069e+00 1.964962783406739177e+01 9.680104551722060080e+00 1.863624888684790193e+01 3.039557643430376999e+01 2.576523245446480459e+01 4.925216522819254372e+00 4.783177269159279099e+00 5.011143497278570891e+00 7.859041229296256148e+00 2.725036116224571003e+01 1.309731576545736687e+01 3.334511964690300800e+01 4.764525807752252717e+01 5.994295831712549472e+01 5.947538591880604031e+01 7.312731997442915599e+01 7.630695156763223963e+01 5.449669422143432485e+01 3.878790973281328291e+01 5.100273916709368649e+01 5.996235112667508815e+01 6.062639915294867876e+01 6.120411687778005927e+01 5.864152130454267819e+01 4.019686000617384281e+01 2.706429326048982276e+01 1.735035309785555668e+01 3.681065064375126639e+01
2.490127916613376069e-01 1.439114057038264960e+01 3.438930958418972494e+01 3.718243745732234373e+01 1.969416077889765759e+01 3.604876752833961007e+01 3.049869806520231208e+01 1.728115248229718404e+01 2.411140647299703232e+00 8.011050054407665044e+00 1.503164626205588661e+01 1.467374403065597477e+01 2.662013961576736421e+01 1.125689874148234360e+01 2.764976606911121593e+01 2.746249407414913435e+01 1.026216958919398614e+01 2.554494633539060544e+01 3.637769306739357944e+01 1.671161617753329764e+01 1.924071197863861471e+01 4.063212133350024402e+01 5.713332735089433356e+01 6.458052040672849614e+01 7.532334321834231616e+01 7.631937688447794699e+01 5.449739409786244693e+01 5.449123062681582041e+01 6.971595045331315532e+01 6.712237157578016422e+01 4.683666189404542024e+01 4.088525813774855067e+01 4.431193530832504024e+01 4.120016886358959596e+01 3.454018542535241920e+01 1.767269263790028333e+01 3.804371926497470469e+01
8.485705281016824308e-01 1.239557591189429964e+01 2.653771153562550111e+01 4.653771153575669217e+01 4.339057854229340450e+01 5.117444426989496975e+01 4.725685568844030371e+01 3.557400124775216455e+01 2.514823218226234047e+01 1.482074387111508784e+01 1.414574553175963345e+01 2.379211187843877440e+01 1.779840338728637406e+01 3.099214958471279502e+01 2.004110874617001770e+01 3.530240606955442217e+01 3.660331626038554020e+01 4.397479739113350661e+01 4.282128886948004265e+01 2.118956105130038381e+01 4.063212133350028665e+01 2.709610045401992906e+01 3.466294555355801776e+01 4.604593555368182933e+01 6.995160777583014067e+01 8.504264351508844300e+01 7.631561231339887286e+01 7.618779880856649811e+01 7.183446146088068929e+01 5.898090532708595646e+01 4.683664047862049529e+01 2.657068122290651502e+01 2.410000298284958120e+01 2.173684949434743530e+01 2.326325479445617361e+01 1.798848933748942613e+01 2.308310765731871683e+01
5.097248530424480784e-02 1.419310810903531994e+01 3.419310810903765230e+01 4.049354189342672328e+01 4.689204591019100121e+01 3.580506051974128923e+01 4.586088219140491873e+01 4.928946902188917534e+01 3.036922683532108280e+01 2.698343152533935196e+01 1.834166860221998974e+01 3.008899093985347051e+01 2.156349285883234401e+01 3.596899650034593066e+01 4.004531523849837527e+01 2.849768529910575410e+01 3.969217829567374878e+01 5.709670176102618910e+01 4.786694647520379675e+01 2.612098377711322783e+01 4.786694651003487877e+01 3.844114309223702008e+01 4.877734431829533435e+01 6.679582846751299030e+01 7.941728897043897462e+01 8.743984645020714197e+01 8.010928444877589527e+01 6.581950445374222625e+01 5.152983009819384819e+01 5.061770937203901610e+01 3.035628281114958327e+01 4.683664047862049529e+01 3.836242299140547374e+01 3.907619844730691483e+01 1.844362198842288336e+01 2.738838002786402015e+01 3.752780519885319421e+01
2.550521787762166648e-01 2.025504725886040092e+01 3.464356150541647850e+01 2.052751822988373576e+01 2.818247646493554015e+01 1.971454351267480121e+01 2.996151642628312217e+01 4.977483537420651771e+01 4.753184181530934183e+01 3.923253947351443571e+01 2.339840778592319381e+01 3.814742813619236017e+01 3.608212889037580595e+01 2.766505768996300318e+01 4.305035921432698132e+01 3.501632420362148679e+01 5.281698351672898184e+01 6.469926807349817466e+01 5.341974909958756967e+01 3.143930585720970328e+01 5.341974923720692914e+01 5.503107724949689583e+01 6.901079611411209669e+01 7.998663174928744013e+01 8.743984645020714197e+01 6.732354052928110377e+01 7.024065266455833978e+01 5.152984613706728823e+01 3.724701319745702222e+01 3.433343818050371254e+01 5.061770937203878873e+01 5.898090532691247745e+01 5.874883469945659442e+01 3.977778583535645396e+01 1.877658048004433766e+01 3.747185929598451537e+01 3.977852679466531072e+01
8.916207294569349351e-01 2.089162072945525139e+01 2.385946442019542246e+01 6.402707868269161828e+00 8.219999929276101014e+00 1.005943531569367622e+01 3.001188392289505913e+01 4.095809992095692564e+01 5.152149195199359610e+01 4.705064723263996740e+01 3.246678284097449563e+01 4.735641668343403410e+01 4.896813253995971849e+01 3.279114288187371784e+01 4.896813257785454709e+01 4.763482457068478482e+01 4.544381645190931351e+01 6.336724520197036270e+01 6.196382786940087328e+01 3.961674433728282452e+01 4.381171341512699513e+01 6.012543294076965594e+01 8.429019049288648091e+01 9.533097348167740392e+01 8.716799090996461530e+01 7.101755030976376304e+01 5.068577751404756526e+01 4.167471383333889889e+01 5.747702600994494304e+01 4.862193101902190051e+01 6.292196376788399448e+01 6.513356721487177481e+01 4.412017601503947617e+01 3.957148028996242317e+01 1.911683485116442682e+01 3.829522754548329999e+01 4.605400976201120500e+01
5.108012481754142797e-01 2.189159784944860743e+00 3.873427629106995784e+00 2.385944863992322595e+01 2.818247435946052448e+01 3.001188392289007822e+01 1.276386470471827295e+01 3.270811462242097889e+01 3.183220416307811718e+01 5.143296012309626519e+01 4.982315784322609176e+01 5.834098581573322662e+01 5.684647109093518225e+01 4.194466715894051134e+01 5.684676963942915506e+01 6.533346413265064712e+01 5.553592296990960619e+01 7.155518056001575644e+01 7.147294763154366137e+01 5.062096865371424315e+01 6.146081435396565951e+01 7.718507383904211849e+01 9.613778664064597024e+01 8.716799090996461530e+01 6.711465782898109467e+01 6.730569364662181897e+01 4.703338284678185488e+01 5.068577818532474311e+01 7.024914804560175696e+01 6.893025025538680950e+01 6.831096415460076798e+01 5.922473043817592497e+01 4.411588562270112845e+01 2.575190028827060473e+01 3.004380120156067946e+01 1.960876435624999203e+01 2.954759186347874333e+01
5.195627768054871254e-01 2.051956277680513097e+01 2.385946442019420033e+01 1.203420006107145568e+01 3.201768866948801673e+01 4.095809990711757109e+01 2.274092754125371840e+01 1.557159701423596943e+01 3.550749649197936009e+01 4.664055402902904035e+01 5.740251941419616344e+01 6.452022877855756633e+01 6.550455193793715125e+01 6.068389828075637382e+01 6.786523380192049615e+01 7.676936101939212165e+01 7.538246703675962124e+01 8.303876358025277682e+01 8.286053492203731707e+01 7.357171656358936218e+01 8.309054292500380257e+01 9.627985617049273515e+01 8.973969800401505381e+01 8.586956407199488694e+01 7.298814310301375485e+01 5.273831697340406066e+01 6.730569364662181897e+01 6.246451462639699770e+01 7.929672330319964146e+01 7.187433697111775643e+01 5.008952144922093197e+01 3.892997216318809706e+01 3.305796381061345812e+01 3.875515453933013532e+01 3.812568185244329300e+01 1.996031728626184432e+01 4.051753805750191617e+01
