MOVIE_S3_data/elevation_000662.asc
nrows	100
cellsize	150.0
xllcorner	0
ncols	100
yllcorner	0
NODATA_value	-9999
[rows 68 to 84 of 100, columns 37 to 73 of 100]
1.018265087069665498e+02 1.077289106032486359e+02 1.019488655527267156e+02 1.020850627858355182e+02 1.005900676963534863e+02 1.005900676963534863e+02 1.206246535941384934e+02 1.174844579376522802e+02 1.106017449566530075e+02 1.019938449752842899e+02 8.875179174224284395e+01 9.712805857062582504e+01 7.628981548746789088e+01 9.712805857060942571e+01 1.033608609495032482e+02 9.413119023133582175e+01 7.840754198764196303e+01 9.876198664011388928e+01 9.174526699995216461e+01 1.063811046370624780e+02 1.271308290954809053e+02 1.301783813474350779e+02 1.256896965602950331e+02 1.049881159309853729e+02 9.355213834459476629e+01 8.632196971067484981e+01 8.185787842475104981e+01 1.009677914353149788e+02 9.708082244873395439e+01 7.873119502845686668e+01 9.495412853405517239e+01 1.040019714875805050e+02 1.037047515116901053e+02 8.846576207614930354e+01 8.542469038189433661e+01 6.162516608051909373e+01 6.403161516239120488e+01
9.803163139809875304e+01 9.603350484505132556e+01 8.181134183610033972e+01 9.603350484505132556e+01 9.827241432727292647e+01 9.827241432727292647e+01 1.065837745787056434e+02 1.168187665466574288e+02 9.585316138387301521e+01 8.108845604807390828e+01 7.838452311693839647e+01 9.207404225979227874e+01 7.138883842142317349e+01 9.207404225979227874e+01 9.264600968871256725e+01 7.385551762076967464e+01 7.143194128311728264e+01 7.894822699475622585e+01 9.935832260050938203e+01 1.162230885860056304e+02 1.254989991771809201e+02 1.374280304773352555e+02 1.344092221003285204e+02 1.223981063665232512e+02 1.137376334115661507e+02 1.061082334062029844e+02 8.651107856728640400e+01 1.063624655968530277e+02 1.061161867159023302e+02 8.702876847348906608e+01 1.061161867159023302e+02 1.141316592275267965e+02 1.034106995871821937e+02 1.035670054530956179e+02 8.472658551067928556e+01 6.229797483166802152e+01 7.021190061933158688e+01
7.789945862842027680e+01 8.703741171199773419e+01 6.758531191435542951e+01 7.845186005419903097e+01 7.812651445741005318e+01 7.812651445741005318e+01 9.827241432727292647e+01 1.129699272873837259e+02 1.106017449566530075e+02 8.992411305425166290e+01 6.929726277770100751e+01 8.212789646071212246e+01 6.690663783079494920e+01 8.744867635747844758e+01 8.596915165333045650e+01 6.593169705650450396e+01 8.596915165333045650e+01 8.033873533569742165e+01 8.701812038004723604e+01 9.616600107639735029e+01 1.082079906722048008e+02 1.289822865058644368e+02 1.404389833771045915e+02 1.329862566986065815e+02 1.120111829080579184e+02 9.772999495911093959e+01 9.329498281050234709e+01 1.135093092469779492e+02 1.159823918859378722e+02 1.015440594147735851e+02 1.149609963281575062e+02 9.813010921161243516e+01 1.026507674145842941e+02 9.439414470875108520e+01 8.279738421584582397e+01 6.297035031127135341e+01 8.167291175338876030e+01
6.632625033282499771e+01 7.370730248521410033e+01 5.870016504345675656e+01 5.844611528377227927e+01 6.392525545416172150e+01 7.288423828782946146e+01 8.453142570245168486e+01 1.046673910772135798e+02 1.091355817807176010e+02 9.855299624728367291e+01 8.212789646071212246e+01 6.175160018468957901e+01 6.266958341939520949e+01 8.306909848269960150e+01 8.248107852579546773e+01 6.250348730780662265e+01 7.652436377031558834e+01 9.686186007566301726e+01 1.076762523357322578e+02 1.162230907084659464e+02 1.110642912360534922e+02 1.110642912368278843e+02 1.317628708019733779e+02 1.391915932693841853e+02 1.181546397854046546e+02 1.181546397854212955e+02 1.074063007418105258e+02 1.074063007418105400e+02 1.282432751518893497e+02 1.240317153357807314e+02 1.154206769663688874e+02 9.901939123866819159e+01 7.993122416754611947e+01 7.217397384518349668e+01 6.650785805727375077e+01 6.365234714973475150e+01 8.323147373141476635e+01
6.952788287881372753e+01 5.380578437872423336e+01 5.130055700884805958e+01 5.781635006175454095e+01 7.781201782872082617e+01 9.235514451805779856e+01 1.013599576319813877e+02 1.060929457314377373e+02 9.569625465683266441e+01 7.982846381997991614e+01 7.718591870805452970e+01 5.699247832524043389e+01 7.711141432530675388e+01 8.308692648813469361e+01 7.468684723295379513e+01 5.928144670870307209e+01 7.919678276075717349e+01 9.782512944994792292e+01 1.065371048023784510e+02 9.961992880236643089e+01 8.965384961774088879e+01 1.021364588172257726e+02 1.232599371209022792e+02 1.313120105328530940e+02 1.230373990526433232e+02 1.313120104500864613e+02 1.282432751509805087e+02 1.282432751518526572e+02 1.369839121400562760e+02 1.407040526505539049e+02 1.317623120572083337e+02 1.157389416222094951e+02 1.010650224979231950e+02 9.439414478642385120e+01 8.755665883153018569e+01 8.333648979789117561e+01 6.467633597730767292e+01
5.002897729742124255e+01 4.643111654965753132e+01 6.618523568201109697e+01 7.781201782872082617e+01 6.930572942479086862e+01 8.091955903255930593e+01 1.010597939063062682e+02 9.748322844487209693e+01 7.668666268841808176e+01 6.656051576415173088e+01 5.955035003537130223e+01 5.407091843693376632e+01 7.414096054281131387e+01 7.067187471582720093e+01 5.487204386370260067e+01 7.468684723295380934e+01 8.155374250129392522e+01 7.641817682538824386e+01 9.000531257974139976e+01 7.812099335110461595e+01 9.961992880236643089e+01 1.139627562410826442e+02 1.261386456100869253e+02 1.214251102965062046e+02 1.033476339376679505e+02 1.214251102965062046e+02 1.266324504054195330e+02 1.349141510243120763e+02 1.422138783661715138e+02 1.339895411273055856e+02 1.363082820484976878e+02 1.284189384675022438e+02 1.182088885537755800e+02 9.818974757343450221e+01 8.449460960615596150e+01 7.322622235562772630e+01 8.342644387451096577e+01
4.214655699507903819e+01 6.187453348147845844e+01 7.448531066534863498e+01 9.004729004570057782e+01 8.943182388040621333e+01 9.775368296914004418e+01 1.093675105387353881e+02 1.060929457314377373e+02 9.569625465683266441e+01 8.708494556664513198e+01 7.118184704954158804e+01 5.122452313568017246e+01 6.753411734029914726e+01 5.070354043081282924e+01 5.392034440139110529e+01 5.724675003557413078e+01 6.071008193545877418e+01 6.439863973076268167e+01 6.871320311735236430e+01 7.567274252865308881e+01 8.378187935031580480e+01 9.631392949144827753e+01 1.175930122370279634e+02 1.131925164951076965e+02 9.365440955284829272e+01 1.131925164946970881e+02 1.068841033273361631e+02 1.234709316502788710e+02 1.339895411272746060e+02 1.147679572364281313e+02 1.203978288129004568e+02 1.124856665290556919e+02 1.209297158104555336e+02 9.998058801279489671e+01 8.563356952169064584e+01 8.672693758786168416e+01 8.613500013417070988e+01
3.933985733119894235e+01 5.913827185935739550e+01 6.171788415046756171e+01 8.172971354818062650e+01 8.394753238183700716e+01 9.226153762655694379e+01 1.038631453994504881e+02 1.095718536267215910e+02 9.742953730520642353e+01 8.867043515195294390e+01 7.261754500905107079e+01 5.323599495266817172e+01 4.766628657411379066e+01 6.753411733993581834e+01 7.517728389709101577e+01 7.786906906857552713e+01 8.155374250129392522e+01 7.641817682538824386e+01 9.000531257974139976e+01 9.717159760528558365e+01 1.053075280857592304e+02 1.139627562410826442e+02 1.061166721477523964e+02 9.795430857219162135e+01 8.716899043281364357e+01 1.039305557654730023e+02 9.565824903819692793e+01 1.152307369034344191e+02 1.294020157400024686e+02 1.203978288128510030e+02 1.015154442658088385e+02 1.019590934810199911e+02 1.143446211865586264e+02 1.130582138271782355e+02 1.048488146534999430e+02 1.040707274525581312e+02 8.696439298377222826e+01
3.669893692406623131e+01 4.554677422090049532e+01 6.539012326683889853e+01 7.235997243105343557e+01 6.387728981135023787e+01 7.544512632265212915e+01 9.556203505206445925e+01 1.008802111168640891e+02 7.982937397349634523e+01 6.845195898553998859e+01 6.175882609344060370e+01 6.590290818035308007e+01 4.610259234122579386e+01 6.559379011331358811e+01 7.427966550787662925e+01 7.456827216930953739e+01 9.482149100396063091e+01 9.782512944994792292e+01 1.065371048023777831e+02 1.095144694180892202e+02 1.013306150864305550e+02 9.918171059170440174e+01 9.795430856058835900e+01 7.838737913736274265e+01 9.680814286002097901e+01 8.442502488269252581e+01 9.179154673515691343e+01 1.014792162877614317e+02 1.211338312723716797e+02 1.284909177618035301e+02 1.116553122889726239e+02 9.206482452928490545e+01 9.773254111165471159e+01 1.004623268826923663e+02 9.721967249602931815e+01 9.413089205817570360e+01 8.773551614984008040e+01
3.739541266648372897e+01 4.207314505641581093e+01 4.699680765074929667e+01 5.243779345225284771e+01 6.647938746359169215e+01 8.655696041418707409e+01 9.708872785566946106e+01 1.053502942067528636e+02 9.742953730520642353e+01 8.867043515195294390e+01 8.140241993360385209e+01 6.556160087353534038e+01 4.454530080710732420e+01 5.965368040980141728e+01 5.470365790855351662e+01 7.456896480104460068e+01 9.112755605482348642e+01 9.930039503027089154e+01 1.035036080663579554e+02 9.533389248427218376e+01 8.170725063474499450e+01 7.956161097521855652e+01 8.821605837032340958e+01 7.307156119251865789e+01 7.722524622877773481e+01 9.680814294491712246e+01 1.113065237800331317e+02 1.195298153258174096e+02 1.294020158109992167e+02 1.263110260585516897e+02 1.094657430103209208e+02 8.999084927089378994e+01 8.481327413173738705e+01 8.156196252683767511e+01 7.844187771172084922e+01 7.534888895583455337e+01 7.221519764166974653e+01
4.880661374781286810e+01 6.187460326146005229e+01 6.097173505863472087e+01 6.647936572319007098e+01 8.067371695457104863e+01 9.072519137252433552e+01 7.707581471175222987e+01 9.380728623739911143e+01 9.732548852348817547e+01 8.567991109103346048e+01 7.672455874503575046e+01 6.839745404910387094e+01 6.204575531430475621e+01 4.234451313594819055e+01 6.212797604863381906e+01 7.716430777712922406e+01 7.138057391710664490e+01 9.112755605482968235e+01 9.533389248427303642e+01 7.567842613089651138e+01 8.143537893816791495e+01 6.556058890691085139e+01 6.849403798465982618e+01 8.821605837032340958e+01 9.680814294258539121e+01 9.108011796495308943e+01 1.048636718417762239e+02 1.245744277075645812e+02 1.319988150290709541e+02 1.124609918830450823e+02 9.869001784855171877e+01 1.094657430103209208e+02 1.040851303666251653e+02 1.004623268826923663e+02 9.721979710623912752e+01 9.266780336915088867e+01 7.341311012859456753e+01
6.868310369389885750e+01 7.698219568306045346e+01 8.098632138878147657e+01 8.655641525588688978e+01 8.485563532190612079e+01 7.076133431082450898e+01 6.558217979182300894e+01 8.490070385155348731e+01 8.896861593199736262e+01 6.880222751290575900e+01 5.733966568688391163e+01 4.857311660539270548e+01 5.787966348547938367e+01 4.081874736096654743e+01 6.072397746262063833e+01 5.743026788190659460e+01 7.138057391711600985e+01 9.112755613715917491e+01 8.598773478830322858e+01 7.782857871916560555e+01 6.168012053479544221e+01 8.143537893830102803e+01 8.247732863091152922e+01 8.461909347686879812e+01 1.042207166904320133e+02 1.106368185660055445e+02 1.157029756776754397e+02 1.239393749388155470e+02 1.341474298736697222e+02 1.145956736830584504e+02 1.124609918830450823e+02 1.263110260585405484e+02 1.201210168175372388e+02 1.104977721281643568e+02 9.707419641179457415e+01 7.786717443338967826e+01 9.266780336915088867e+01
5.666180059140022252e+01 7.664413500197328233e+01 9.080252030299537580e+01 8.246033072075245229e+01 7.494564005482379798e+01 5.676406513379376406e+01 5.676407114913799035e+01 7.664322694096064481e+01 8.058206572255740241e+01 7.386504295504124684e+01 6.512647008212908872e+01 5.663085935630586931e+01 3.874642475779106832e+01 5.846350636368050857e+01 4.821986913210046310e+01 6.786159109509321752e+01 8.534048446138167776e+01 9.174531166324985065e+01 7.206407916763689059e+01 5.810242684589640305e+01 7.782857871931659588e+01 8.959101693021578683e+01 1.020705775380050682e+02 1.042207167162572858e+02 1.078602925208068939e+02 9.968871108745823051e+01 9.608958725169887316e+01 1.135161510341640110e+02 1.248844573477516491e+02 1.341474298736697222e+02 1.319988150291068791e+02 1.256971242603652712e+02 1.065008100769156556e+02 9.290237050967476762e+01 8.328436783650094810e+01 8.364278219258227409e+01 1.028720341902956363e+02
7.341809203321464850e+01 8.497866432691242267e+01 8.246033072075245229e+01 6.251134790952210807e+01 6.669748167842809039e+01 4.696852852558297542e+01 6.669748167842809039e+01 7.688894168903608772e+01 6.069629981964083498e+01 5.399651499555238132e+01 5.478504353753941558e+01 3.672573904115220245e+01 5.576247825903743660e+01 6.353241605864858599e+01 6.706209482845289926e+01 6.786159109509003429e+01 8.759577574764395536e+01 8.932271947666906442e+01 6.963366745820522397e+01 5.571393057968442974e+01 7.540044574201398575e+01 8.289944257536099315e+01 1.025559799738694835e+02 1.013244700310075643e+02 9.316952275888739621e+01 8.013114610174594077e+01 8.580821620360393354e+01 9.703790763980130407e+01 1.166377991449392226e+02 1.339415751714165310e+02 1.383220321330386469e+02 1.271969620156124847e+02 1.089254351129376346e+02 8.968760602982773378e+01 1.025128254185676724e+02 9.004816500588972872e+01 1.092839686462049684e+02
8.752851936935287824e+01 8.402654025638099711e+01 8.246033072075245229e+01 6.251134790952210807e+01 4.859766091290964596e+01 4.205367687634270624e+01 5.629543289504304227e+01 6.453473899286646542e+01 5.147235471165953413e+01 4.326674328639705180e+01 3.525773879140456302e+01 5.425169983130508200e+01 3.885683097200487879e+01 5.773442934482299194e+01 6.831121201102608609e+01 7.908135936007968780e+01 7.971585562620141729e+01 7.799693107479266985e+01 6.983992177966945292e+01 5.340531622458488670e+01 6.319495546966292920e+01 8.289944257536099315e+01 9.576442567824639696e+01 8.761300003435897565e+01 7.352424826723132867e+01 8.490367128338408520e+01 1.044608858583340805e+02 9.620456034821141600e+01 1.059218606742417137e+02 1.256609508808317912e+02 1.302590836641140299e+02 1.110712869926596937e+02 9.999459138009801507e+01 9.612504177076951351e+01 1.153256317840216525e+02 9.734534059627186764e+01 1.165381801299079001e+02
7.022136012220104817e+01 6.219170161820432696e+01 7.738466433108364129e+01 7.665693410625868864e+01 6.832331202277278237e+01 5.621491031596509202e+01 3.653638841721156183e+01 5.119293083638478237e+01 5.218111607664666707e+01 3.379142448383863950e+01 5.359197729392298726e+01 6.241266216605578876e+01 5.843481283981055441e+01 4.099245288549608546e+01 6.057229126440165601e+01 5.861456673812089946e+01 6.006698203084553001e+01 6.742929978569144112e+01 5.025593612121016918e+01 5.287928197369024019e+01 5.555684182871266330e+01 7.524127195670500612e+01 8.252099435761235213e+01 6.789174684952570260e+01 8.187168098473247824e+01 1.013244700307811854e+02 1.126531454000048882e+02 1.157914057775367240e+02 1.240351101074848685e+02 1.339415751714165310e+02 1.334255929391190989e+02 1.271969620156124847e+02 1.191810040906940031e+02 1.034103268394168396e+02 1.225656715546095796e+02 1.069570512158773994e+02 1.245436430955266047e+02
4.859637607241160140e+01 4.707596605621881025e+01 6.822047002026566531e+01 6.256944680038610329e+01 5.691213083798938754e+01 4.889209114695135838e+01 4.979924130981654429e+01 3.128496952670669984e+01 3.232699395718450575e+01 5.218119526199870251e+01 4.996299499421213852e+01 6.976105801044256793e+01 6.850862721527265364e+01 6.004586021191028067e+01 4.314425837677271147e+01 4.469002389189150648e+01 4.627681367405975976e+01 4.787605468913185547e+01 6.164494610433794719e+01 7.251153264380295127e+01 7.524127195594415696e+01 5.949201569367442488e+01 6.276711039779320345e+01 7.268856182474549144e+01 9.235342689047919862e+01 1.096571703717603583e+02 1.216626049883989253e+02 1.299229130555733889e+02 1.309533900760387439e+02 1.276458669360336700e+02 1.135796018255053070e+02 1.276458669360336700e+02 1.305914563896094194e+02 1.144550522676577060e+02 1.305914563896094194e+02 1.204788959124753802e+02 1.341620695789393665e+02
