MOVIE_S3_data/elevation_000473.asc
nrows	100
cellsize	150.0
xllcorner	0
ncols	100
yllcorner	0
NODATA_value	-9999
[rows 17 to 33 of 100, columns 37 to 73 of 100]
4.961553214790072985e+01 5.529402879505027357e+01 6.078691433607863814e+01 4.793121350727221142e+01 6.654915963961013858e+01 5.827374191155769978e+01 6.052272581068827151e+01 8.100980256449680894e+01 8.659235376249162641e+01 8.454576949168024669e+01 8.454670439073794341e+01 6.317326473785190188e+01 6.485966624577275752e+01 5.373906065794889741e+01 3.540401191910756040e+01 4.570228002431036174e+01 5.744486008699379909e+01 7.768279825933795735e+01 6.858324967657466686e+01 6.018662824566177250e+01 5.102191154536385653e+01 3.153843281698657464e+01 2.707688965899354372e+01 4.707630931384984763e+01 5.429753352409602485e+01 3.817013512402938602e+01 3.710673012365116108e+01 4.979057385028070115e+01 3.089270325360496372e+01 3.143980733518346682e+01 3.200044514423419173e+01 3.257475196180373445e+01 5.325394200461783356e+01 5.610382540933302664e+01 5.603385561017753247e+01 4.439983073742828878e+01 5.883263493697940305e+01
3.551034228369452705e+01 4.301884022468582458e+01 4.043724689345361867e+01 3.780185314763236448e+01 5.463322968182684747e+01 4.381367162106095492e+01 5.560047153102500062e+01 7.016843104941507647e+01 9.056210938907750574e+01 9.270252988125257332e+01 8.253320103313086520e+01 6.641419036891849714e+01 4.601054890293146826e+01 4.151234930409410850e+01 3.853430208949286140e+01 5.892319462134018693e+01 7.186408677003301193e+01 8.611395804548877209e+01 7.614487040377136395e+01 5.857453204521655010e+01 3.859307879406865993e+01 5.102173335946515920e+01 4.723724880799280612e+01 2.777843142829798495e+01 4.793733727501298603e+01 2.916809425983985804e+01 2.965427453906857380e+01 3.013465996613946984e+01 4.435973544078475328e+01 5.181343303622605845e+01 5.268342930988287520e+01 3.897269506046648502e+01 4.270997224333137865e+01 6.310837830484670263e+01 7.328206156272267435e+01 5.929867848908937589e+01 7.354667038372083709e+01
3.743755142066701325e+01 2.271388622746690800e+01 2.614967562930028677e+01 3.013521236852712804e+01 3.432019691865275490e+01 4.191497257948962840e+01 5.099558956128362297e+01 6.287358447945103279e+01 8.330864665152471105e+01 8.429772146279297829e+01 6.393950163996841241e+01 5.373462922111168183e+01 6.641419036891849714e+01 6.199148510513339261e+01 5.299243680582090832e+01 4.316547521632116258e+01 6.346153056575420237e+01 8.216448576103050527e+01 6.169437301041615740e+01 4.730728025498201816e+01 5.857453204521655010e+01 6.700382532656377066e+01 5.098748277714039290e+01 3.234788781358645338e+01 2.846735870114624589e+01 4.866343707756139736e+01 5.257082274140855560e+01 4.625521471353400216e+01 3.175327206804796276e+01 5.226946780920795987e+01 6.243162883580391309e+01 6.247567538108243923e+01 6.306731970550400490e+01 5.555879659923557767e+01 6.906069005343549350e+01 8.217195172334344022e+01 8.578848964829515467e+01
1.821483154869573440e+01 3.871932956738378095e+01 4.639751068676665824e+01 4.493388633502438978e+01 4.596610171463959915e+01 5.459175019776985494e+01 7.077218871186376248e+01 7.988307605030209402e+01 9.161788939102369511e+01 9.270253982158997985e+01 8.132165443496279522e+01 6.094837235750703996e+01 8.132165443496279522e+01 8.166043690137033195e+01 6.678925846629024932e+01 4.654747987313043467e+01 6.678925846678674816e+01 8.438980870365158182e+01 6.393671818212260405e+01 6.169437301041615740e+01 7.614487040377136395e+01 7.130335393192741833e+01 5.099175930490982012e+01 4.998391398705950905e+01 3.005824723221386208e+01 4.583162967284152955e+01 6.619247360382134104e+01 5.972948257457696286e+01 5.226946842603722132e+01 3.346298600106049292e+01 5.401875356939522987e+01 6.422224845449503050e+01 7.440993697350087643e+01 7.521667194636688691e+01 8.336466440745056161e+01 9.555373400894055180e+01 9.451769023171249273e+01
1.775966195716937079e+01 3.753449705190871555e+01 4.953482769236082106e+01 6.497367316045341568e+01 6.614681186803252899e+01 7.426144307650909582e+01 8.315782811580695011e+01 8.425294160707291269e+01 8.425294160707291269e+01 9.244906649375137420e+01 8.972822242331062625e+01 7.273629631571265008e+01 8.972822242331062625e+01 8.427663375504289434e+01 7.025486035085069147e+01 5.004710247818905344e+01 6.171107436825040082e+01 8.192588904757997170e+01 8.438980870365158182e+01 8.216448576103050527e+01 8.319006363424392703e+01 6.297052080931912599e+01 6.274666626148639637e+01 5.163695054053224709e+01 3.169096058424234741e+01 5.213855612190175037e+01 7.124664711977470688e+01 6.818906439333662206e+01 4.935173225709948497e+01 5.403481440107633205e+01 3.525606940299919501e+01 4.566525866100008102e+01 6.004877457462342960e+01 8.031775757934347837e+01 8.598954468991273359e+01 8.822052408999472561e+01 9.666988736003393967e+01
1.809349341616981732e+01 2.130119422282575314e+01 3.536839039609701274e+01 5.913956794621628177e+01 6.469787747884284101e+01 7.291742633984472377e+01 7.844034990303431698e+01 6.443163331231733082e+01 6.443163331231733082e+01 8.425294160707291269e+01 1.014509173869683991e+02 9.304947172644536124e+01 8.753744826348945196e+01 6.730468377522574031e+01 5.566065725843130707e+01 7.025486035085069147e+01 7.025486035085070569e+01 9.036076713596591503e+01 9.074993986151994818e+01 8.231539766864331398e+01 7.593730635089201542e+01 6.297052080937287855e+01 4.266517002210218834e+01 3.802037478275558158e+01 3.356112582459818583e+01 4.384122115056618441e+01 6.346921729335824836e+01 7.633400424684657537e+01 5.869751136239737832e+01 4.581948747548020151e+01 3.656020513264140703e+01 5.710559493242654838e+01 6.735577118728208745e+01 8.009868166747168061e+01 6.576599138931891275e+01 6.797403259621509619e+01 7.982691682704854941e+01
3.751696558703746120e+01 2.211494012815931143e+01 4.249540722814840876e+01 4.841363002295261708e+01 4.468614213643758859e+01 5.680604187975059460e+01 6.081646657293342173e+01 5.025285127074761959e+01 7.023716009986215170e+01 7.901279316911666228e+01 8.719803356435909336e+01 9.707165410709959019e+01 9.598554722912471959e+01 8.026430642877645028e+01 6.006316625521356656e+01 8.026430642877645028e+01 9.051435570545376663e+01 9.663491626966919057e+01 7.638405885744455759e+01 6.214610198000449515e+01 5.577335885355449818e+01 5.014944640670626796e+01 5.689739466991831307e+01 3.640497072642261145e+01 5.407508970178464125e+01 6.189096412630942723e+01 7.178648378667251961e+01 8.830045879360029915e+01 7.173015095681974174e+01 5.433614831574342219e+01 4.746804438107583479e+01 3.846358415778298223e+01 5.894444272352314584e+01 6.513398378307115877e+01 5.168204002472496228e+01 5.759786631590088746e+01 6.451362944813237732e+01
4.454273227890725195e+01 4.146511345776326607e+01 2.642104805472445150e+01 2.963370638045135053e+01 3.306620570103690682e+01 3.674874204271166889e+01 4.076434310701934294e+01 4.634015772753868134e+01 5.242564839182457348e+01 5.915254675956055763e+01 6.914483794456101862e+01 8.888074839367224911e+01 1.005715568699177140e+02 8.026430642877645028e+01 6.907787634669732313e+01 6.865802671791394118e+01 8.889217717216241965e+01 9.663491626966919057e+01 7.638405885744455759e+01 8.231539766864331398e+01 7.593730635089201542e+01 7.034483353411636131e+01 5.890725920526790560e+01 3.846588512625713463e+01 5.890725920536895899e+01 6.990441784306435125e+01 7.830716849401672164e+01 8.840276879310448521e+01 8.074298231968963080e+01 7.218323669918167695e+01 5.830087347025845190e+01 5.894444272239125837e+01 4.039568736375780844e+01 4.495910021727745942e+01 6.513398378467397265e+01 7.753565550542174378e+01 8.465763804497585454e+01
4.103953152899617152e+01 5.264301231236718337e+01 4.605930427653679970e+01 4.171714568149874225e+01 5.314409669195362795e+01 4.835699359087464444e+01 6.081646657293342173e+01 6.637241512850987135e+01 7.239271103259791573e+01 7.901279316911666228e+01 8.719803356435909336e+01 9.707165410709959019e+01 1.059221335468530754e+02 8.558179720837480886e+01 8.931431847156564174e+01 7.538011627690076466e+01 9.564820761979325425e+01 1.051158208655953104e+02 9.663491626966919057e+01 9.059644747176479029e+01 7.890053626448343493e+01 6.453261437054119654e+01 4.425010787980944826e+01 5.890725920536895899e+01 4.192154392723700340e+01 4.968754474237191943e+01 5.980299378345754491e+01 7.407073989182039497e+01 9.431503843707010049e+01 8.729603439997704584e+01 7.159989357597645210e+01 5.138897194691454473e+01 6.079670154645208413e+01 4.245274693846317859e+01 6.277007113662311610e+01 7.316396659726882490e+01 8.111420146733212277e+01
4.033517183898084824e+01 4.478023680856473732e+01 5.235285942287219285e+01 6.194567401724248157e+01 7.080308727144728209e+01 6.834765648015653028e+01 7.655818442075639041e+01 8.173020592320645505e+01 7.344939519402775829e+01 7.901999269987655339e+01 8.533021306393185057e+01 9.360359677642929910e+01 1.025013465846093226e+02 1.059221335468530754e+02 1.033273774815111636e+02 8.301020375198332601e+01 1.033273774815111636e+02 1.038827011765943809e+02 9.371873801778946245e+01 8.215804000833169596e+01 6.194743293702610032e+01 5.028886008907375782e+01 6.453261437054119654e+01 6.226443079544369397e+01 6.226443079544390713e+01 4.562380062640872325e+01 6.589188169830677566e+01 8.455590376349393011e+01 9.469593373011747417e+01 8.594184870991392700e+01 6.565926124856011370e+01 7.159989357598138326e+01 7.117770130729903144e+01 6.277007113662311610e+01 4.451546444192324969e+01 6.475465541266657965e+01 6.089723278000210627e+01
3.928477237378283604e+01 2.473666853152202449e+01 4.187170578438026070e+01 5.570195700118713944e+01 7.082798888020684558e+01 7.153076416038291541e+01 7.461593874153616923e+01 6.631630221544331505e+01 5.327399509778822306e+01 5.893495947476748142e+01 6.537554417594104450e+01 7.436419114043404477e+01 8.837916102991472656e+01 1.082592734968534955e+02 1.118154061681915152e+02 9.734383312206561811e+01 1.118154061681915152e+02 9.540727944735898802e+01 7.513467208330959579e+01 6.505034910935964376e+01 5.792869733299396273e+01 6.194742958780995679e+01 7.889414502451633382e+01 8.250822756251584167e+01 6.849498100363648234e+01 4.825919605094898657e+01 5.592535699645852532e+01 6.601559884160032254e+01 8.624960423413104138e+01 9.440157791178118885e+01 8.594184870991392700e+01 7.874420358596965741e+01 5.855814356528779996e+01 5.250862524642946738e+01 6.475469053655680796e+01 4.664884155320070391e+01 6.681864433282143523e+01
2.197683088352441416e+01 4.155307499498174195e+01 2.813512901135691990e+01 4.240069198837490205e+01 5.444996955570913855e+01 5.139662118580588412e+01 6.091415327584171280e+01 4.610331640016939758e+01 6.631594934303797118e+01 7.901984964479927953e+01 8.533021306393185057e+01 9.360359677642929910e+01 1.025013465846093226e+02 1.062521006486444577e+02 1.145977770883273905e+02 1.177729314251455008e+02 1.138394870065081221e+02 1.038827011765943809e+02 9.371873801778946245e+01 8.527097576533431322e+01 6.693893086405188342e+01 8.215512778634253266e+01 9.057688264510244380e+01 8.557764152035196048e+01 7.131526462152352508e+01 5.108982786666557985e+01 7.131526462133020061e+01 8.455590246518465847e+01 9.469593324979761917e+01 1.033690775707161009e+02 8.291309229873100151e+01 6.858389550289598446e+01 7.874420358596965741e+01 7.265787748740643792e+01 6.848414055868734351e+01 4.835987310007681117e+01 5.126257706411335135e+01
2.743501349401328326e+01 4.759904147659311491e+01 4.829367109000895653e+01 3.176549333958647026e+01 3.435505501252109184e+01 3.718503307184742823e+01 4.075674507602038688e+01 6.091415327584171280e+01 5.625316041198588835e+01 6.533385239278388212e+01 7.691516069582850434e+01 9.679039309819125947e+01 1.030927193742702883e+02 8.641625622761578995e+01 1.030927193742702883e+02 1.080421708333234250e+02 9.374716360242859992e+01 1.035485384849542640e+02 1.057354830728337447e+02 9.562089674643274861e+01 8.121964293423026504e+01 9.562089674643274861e+01 9.147980314847299610e+01 7.121622288315730032e+01 5.693470966375110720e+01 7.131526462152352508e+01 5.695212107246852185e+01 7.129936868232236691e+01 9.159742424851366138e+01 1.033690775707161009e+02 8.291309229873100151e+01 8.890451166904318825e+01 8.823757925494567189e+01 7.977747989899216918e+01 7.015849337206324776e+01 5.006625960822412225e+01 7.015849337193364477e+01
4.168281483586773106e+01 3.819259215598877688e+01 5.840077637420588985e+01 5.187704715828331814e+01 4.101670350636004514e+01 5.729377512968000019e+01 4.448248056254242755e+01 6.466245806509421357e+01 7.637945673032847083e+01 8.465818867928038571e+01 9.359493949026882831e+01 1.051022846629315097e+02 9.479987053256007812e+01 7.503150343945075917e+01 9.479987053256007812e+01 9.817538159443638790e+01 8.013467651590168828e+01 8.373747006278412641e+01 8.590014537509968306e+01 1.057354830728337447e+02 1.015319099533367222e+02 9.806327083236975284e+01 7.777166064400981327e+01 6.348441527889643510e+01 7.715128813184732337e+01 8.174876815619377624e+01 6.139180645880492193e+01 7.579239995453951906e+01 9.612871305111562492e+01 1.118423742675580428e+02 1.033690775707161009e+02 9.451575515452195475e+01 7.977747990135570433e+01 5.958965435534054222e+01 5.561581229429815210e+01 5.351279824733605750e+01 5.322733018956518691e+01
6.188198061337328681e+01 4.829759149470606161e+01 6.672982024222815767e+01 6.830135362255161624e+01 4.812111753885777432e+01 6.830135362034131674e+01 6.466245806509421357e+01 5.273417694633568686e+01 6.181724389971304845e+01 7.343942907056207048e+01 9.334191570901415957e+01 1.008161012268586916e+02 8.781069732029870067e+01 6.796860231347606884e+01 8.781069732029870067e+01 8.981334434731959959e+01 7.057894081950199450e+01 6.972199146671000847e+01 8.953999766108708513e+01 9.199701063479200513e+01 1.119100008411530212e+02 1.002944628054339660e+02 7.998877197252265603e+01 6.908207301789269650e+01 8.933096893675507033e+01 8.733391653547496958e+01 6.687072895245951543e+01 7.801551780560289728e+01 9.835982729838964644e+01 1.133490130131449121e+02 1.015191433097495946e+02 8.604070377919427415e+01 6.574553883497402751e+01 7.864569893481332485e+01 5.847869811701130516e+01 7.360394883582931413e+01 5.546779258537157631e+01
7.681069001426000398e+01 6.850398832824798490e+01 7.681094272163353764e+01 7.659556219005948208e+01 6.243163677075854423e+01 6.830135362255161624e+01 8.117654825608065039e+01 6.288150805913540609e+01 8.117654825608065039e+01 9.012974826040378673e+01 1.016443652302312159e+02 9.252505461831084688e+01 7.263630074720417440e+01 6.184566293940439863e+01 8.182808057555196513e+01 8.255073389066214418e+01 6.307481603603869758e+01 6.207175689700702037e+01 7.215401708331916097e+01 9.199701063479200513e+01 1.096203875537916872e+02 1.087747597204549379e+02 9.544293190881641920e+01 7.517184399794345495e+01 9.544293190881641920e+01 9.341941809116305251e+01 7.285102598091867776e+01 9.341941809116305251e+01 1.068382531531350850e+02 1.048688889410699403e+02 8.437186851621669348e+01 7.264343420854622480e+01 8.604070377919427415e+01 8.234031561457364035e+01 6.210406665723605357e+01 8.234031560532380922e+01 7.557741184326630446e+01
5.792590778231015491e+01 6.621611068513077214e+01 7.773073521132077701e+01 8.127821918868657747e+01 8.247210365344024297e+01 8.831712244546366719e+01 9.118243799012452655e+01 8.290198757531112506e+01 9.118243799012452655e+01 9.854936198884408327e+01 9.027285028072473949e+01 9.034940889427538480e+01 7.046068178146599337e+01 5.615313364043512934e+01 7.628595508363916622e+01 7.165305295869561064e+01 5.626792793098972822e+01 7.639768133791136506e+01 7.000957030690773308e+01 8.148666101718838206e+01 1.013040058367801208e+02 1.180529625381660992e+02 1.026209507223519779e+02 8.231844760820915496e+01 1.026209507223519779e+02 1.005569698121793891e+02 7.984483678349194236e+01 1.005569698121793891e+02 1.167199332956818836e+02 9.617889002963869416e+01 8.171218306260942654e+01 9.303492868119556647e+01 1.015191433097495946e+02 8.624800013324411907e+01 6.594307573949856760e+01 8.624800013171650903e+01 8.724694476221500850e+01
