MOVIE_S3_data/elevation_000563.asc
nrows	100
cellsize	150.0
xllcorner	0
ncols	100
yllcorner	0
NODATA_value	-9999
[rows 17 to 33 of 100, columns 37 to 73 of 100]
4.139318567209325295e+01 4.715655893082532657e+01 5.160169123838243621e+01 5.743494261163886705e+01 6.372514636185631787e+01 7.068410624693194677e+01 7.897705255806347679e+01 9.038554709104892027e+01 9.892609193027809056e+01 8.435988881054795741e+01 9.892609193027809056e+01 9.471207569346064759e+01 8.618843068942015861e+01 7.793859276389703439e+01 6.431008386076737793e+01 5.271138115526758128e+01 3.285385418064881691e+01 3.183108566693504926e+01 2.837411557738657208e+01 4.786869617738273064e+01 4.931033318506614904e+01 4.938134477076429363e+01 3.036914163189985771e+01 5.526602974752193376e+01 5.978868017689025294e+01 4.019165931526526947e+01 5.246030735553227942e+01 3.793765792907241519e+01 5.539460533609995707e+01 3.796926725061759811e+01 5.772828860985153909e+01 6.380388024494438071e+01 5.680363930110173243e+01 5.157961297926463828e+01 5.806435505158278687e+01 5.870268412209471620e+01 5.875567146456369727e+01
4.564374915090622409e+01 5.376156334668094416e+01 5.573089036026880905e+01 7.452135833930849174e+01 7.695650230244287116e+01 8.499590522625618405e+01 9.033203709052783381e+01 9.056881321805320795e+01 9.873441261803873203e+01 1.048496440596107533e+02 9.471207569389422076e+01 8.311658554905700669e+01 6.630904152220053049e+01 6.791673088011000914e+01 5.050064844220515425e+01 3.661861396543221048e+01 5.271138115526758128e+01 5.300671318972734980e+01 4.007970631730910327e+01 2.904462455047204372e+01 2.951724006688179713e+01 2.998713901151132788e+01 3.045596209021925915e+01 4.994610198324023287e+01 5.120698471944617580e+01 3.285531302768125528e+01 3.280179499334391835e+01 5.208080667039577349e+01 3.571130755605049956e+01 5.540127548557543236e+01 6.310137295050152773e+01 4.926245091211756488e+01 3.695786556016700075e+01 3.757282170617083494e+01 3.819217115246102168e+01 3.881571989914486664e+01 3.944346029683521948e+01
2.894556108686309059e+01 3.700741819191998161e+01 5.458369957966791475e+01 6.312642438149722324e+01 5.811911797738599006e+01 7.270601894392144970e+01 7.236033857251247525e+01 7.244438922774048706e+01 9.056881321805320795e+01 1.038085199019455871e+02 8.618843068942018704e+01 6.630904152220053049e+01 5.508141380327825942e+01 5.977711669851797893e+01 4.037548729685892823e+01 5.617063477174291108e+01 6.431008572665184886e+01 6.420049823739431361e+01 4.726560090785306301e+01 3.455937150237982536e+01 4.767046294942853990e+01 4.860410707730913060e+01 4.548096007757968096e+01 3.111728472984288629e+01 3.161084527110235953e+01 3.210397038847489171e+01 5.172592581743653994e+01 3.351029385609250255e+01 5.093789822387832089e+01 5.413967033399813999e+01 5.506876967802182321e+01 3.609363984524298274e+01 5.587517366688436482e+01 5.742558767270444520e+01 5.806427827268746711e+01 5.870268052942015657e+01 5.317586088175452375e+01
4.273297152245537234e+01 2.968234699266225718e+01 5.095822094483584408e+01 4.226824549377892026e+01 5.855463502924477126e+01 5.591825578505009275e+01 6.099763069413813810e+01 7.019272292984449280e+01 8.808040575672357875e+01 9.520524311399680073e+01 7.504303759227852311e+01 6.376749715052746126e+01 5.405616073918844222e+01 4.531407038882390026e+01 4.449694716952750895e+01 6.361164199044217327e+01 7.790666982484073344e+01 7.324921931709209844e+01 5.984432807190250969e+01 4.040809871445998169e+01 5.924875307700747840e+01 5.263268629368311480e+01 3.315662024637040162e+01 5.069984583702064640e+01 5.121560021675921348e+01 4.107191109047909805e+01 5.757393968044269883e+01 5.272611467828221521e+01 3.426157127423709881e+01 3.479485890772795642e+01 3.533012736928159114e+01 5.510296192440144836e+01 3.779468278619030741e+01 5.763185064051976525e+01 6.677992207998065055e+01 7.640362982977106299e+01 7.172750448418692315e+01
2.322522464744490378e+01 4.959019092104717430e+01 3.603232626104017555e+01 5.305918375610437465e+01 4.894516755826868604e+01 6.792857797360451855e+01 7.775291010940294711e+01 8.558936697826055706e+01 9.621255598165582512e+01 9.916393863177069079e+01 7.922324003470468767e+01 6.565275721139086329e+01 5.454022889588163281e+01 5.182859363268239150e+01 5.734298573185361647e+01 5.081004363850790639e+01 6.411978347175154624e+01 8.331553309163105325e+01 6.669525946430471208e+01 4.736627374508941557e+01 6.669136754749109741e+01 6.103445810082240541e+01 5.278366620316548818e+01 3.522990612165693847e+01 5.493416605485951010e+01 5.887974856188974115e+01 6.708991051493545399e+01 6.455471503707494207e+01 5.061832058614981378e+01 5.138201292743169546e+01 4.240183354165414187e+01 6.108297632280823564e+01 5.765308701852703877e+01 3.952719394732469738e+01 5.130192377961954975e+01 6.800787808595053718e+01 8.385842812106814392e+01
2.356833574580429058e+01 4.996179992482684185e+01 5.615572714496398277e+01 5.245299873733374341e+01 6.728918402514811703e+01 7.715229491157595021e+01 8.375756536397732077e+01 8.094654964968620448e+01 8.893637158988376257e+01 9.930532178621410822e+01 9.109335398153615415e+01 6.919252945802092825e+01 7.432875597438295756e+01 5.862822404600102999e+01 7.394791306161843636e+01 6.974208836545584234e+01 5.796682523664284048e+01 7.686658553959297535e+01 7.477199385364762918e+01 5.862937105720585862e+01 7.477199385364762918e+01 6.824236439655904007e+01 5.358636018980246263e+01 3.671469077615187615e+01 5.647153828451602209e+01 6.723639644416458339e+01 7.205936435985955768e+01 8.029444896966528233e+01 7.446973713786536564e+01 6.073439706796084891e+01 5.557187408339423484e+01 7.021355375762838946e+01 6.454210823729492574e+01 4.464590562801808460e+01 4.134704039439832712e+01 5.540798988608615616e+01 7.151609045652099894e+01
2.391059466863511673e+01 4.306252432921874629e+01 6.796944776125050680e+01 7.125619537299068895e+01 7.918248839764331137e+01 7.797023993612732795e+01 6.407703958755988083e+01 6.145707307898800309e+01 7.280831339580447548e+01 9.039479492188884535e+01 1.002815903528259867e+02 9.151467360848720034e+01 8.661569479383280168e+01 6.713482026485225163e+01 8.661569479383280168e+01 8.233656927405327508e+01 6.332964504828207453e+01 8.233656927405327508e+01 8.590875620523651435e+01 7.773179034524436304e+01 7.527400870723138837e+01 6.152877504652615670e+01 4.167987148404190378e+01 5.647153828451602209e+01 3.911187689388292199e+01 5.892182999801844545e+01 5.238095458353460288e+01 6.619803582396838237e+01 8.620986323930048911e+01 8.022916925871631122e+01 7.716481223369606823e+01 7.208097236899791938e+01 5.277455750461050599e+01 6.454211351788677575e+01 5.035492877860056637e+01 4.321549848724367138e+01 5.728262303192023097e+01
2.425271218589105260e+01 4.565511808437122454e+01 5.408477526550650083e+01 6.482332445523893227e+01 6.938486327083140282e+01 6.107486708512580265e+01 4.913622661930276792e+01 6.984133213015583408e+01 7.330465971837332972e+01 7.549169706773558630e+01 8.407815399624851693e+01 8.833136774573389971e+01 9.562511799966826231e+01 8.097574889904592510e+01 9.562511799966826231e+01 8.872969232549210972e+01 6.947445924706569542e+01 8.872969232549210972e+01 9.287231725524495118e+01 8.128729260390763045e+01 6.693239867686509115e+01 4.707821769230105957e+01 6.152877504652615670e+01 6.723641498434459152e+01 5.892183146788879355e+01 4.158509672915015898e+01 6.142404518043154837e+01 7.205936436998426586e+01 9.220205059701231676e+01 9.684386892687093962e+01 7.663858145993839344e+01 6.266511347800750542e+01 6.675784749322198763e+01 6.676158542504938964e+01 7.005875356420335720e+01 5.552043431600706924e+01 4.511718861034962202e+01
2.459505824712084276e+01 4.407336776314199511e+01 3.819215301107637117e+01 5.699383981736025362e+01 5.317109724855591679e+01 3.931908712215218316e+01 6.106993314881954404e+01 6.753714807466650427e+01 5.328883819980713099e+01 5.546445344460756388e+01 7.177252587849895349e+01 6.805101109265352477e+01 8.833136774573389971e+01 1.015631617411541470e+02 1.088615646242509456e+02 8.872969232549210972e+01 8.033067585700737823e+01 9.713048561802600034e+01 8.440730741172454543e+01 6.449491820022014110e+01 5.308249104359871495e+01 6.693239867686509115e+01 7.527400870723138837e+01 8.010932433986974388e+01 6.326063081114159559e+01 4.340598942760160384e+01 6.326063081114159559e+01 7.921853208742855657e+01 8.768939401756718155e+01 9.934931965111351815e+01 9.101800088795143040e+01 7.251232458686652649e+01 8.674122519340455995e+01 8.088396976590419740e+01 8.099454894321698362e+01 6.389217313825627542e+01 6.503953418030747002e+01
4.387733405061389647e+01 2.509221086170922987e+01 4.434020722652117286e+01 5.172452458253220442e+01 3.119337621566177532e+01 5.315531425588410031e+01 5.159263919678171106e+01 5.257377375568160005e+01 3.944548630520914401e+01 4.528534520821728648e+01 5.181942813318620722e+01 6.585172742110310651e+01 8.606659781442172630e+01 8.765993345467086328e+01 9.658159648187596247e+01 1.083125015408546403e+02 9.953537006396068421e+01 9.605042931607283663e+01 7.588387451445566967e+01 6.449491819806222281e+01 5.906540686730877354e+01 7.888746966639676828e+01 8.582955941751066575e+01 6.588109797804824552e+01 5.189619610544448136e+01 4.526162330990467098e+01 6.234532986365240959e+01 5.946623152891167763e+01 7.078845141012682518e+01 9.080475269714322906e+01 1.011390913326437015e+02 9.260082169949217246e+01 1.011390913326437015e+02 1.012216853116689350e+02 9.084508742850647423e+01 7.845438309591207826e+01 6.327054367500497278e+01
4.920264107077411353e+01 4.457297486775377848e+01 2.559046084164844714e+01 4.433100186299834888e+01 2.658965541177503411e+01 4.620211402614924623e+01 2.998434790184981935e+01 3.302101047699805036e+01 5.257377375568160005e+01 6.512068660706277967e+01 7.177252587849895349e+01 8.029737673463310443e+01 8.408937414629879470e+01 6.660959074137059588e+01 8.434557637654164353e+01 9.306682023966790496e+01 1.037935280569465846e+02 1.045906338954643928e+02 9.287114845343377567e+01 8.440726347273185581e+01 6.563166926167568249e+01 8.551538178894713838e+01 8.594111101170098266e+01 6.588470228026085351e+01 7.173460868506354871e+01 6.512353056556250408e+01 4.804969032492473957e+01 6.791281544238876222e+01 8.119905825206127759e+01 8.785505477749485692e+01 9.637505637983176143e+01 1.065755350191259652e+02 1.132857855093302817e+02 9.255055426124532403e+01 9.255055426124530982e+01 8.177442533114113132e+01 6.640435497613775340e+01
3.377936464970801467e+01 4.782427352827703260e+01 2.666317156503638230e+01 2.608877533912913904e+01 3.602684663067367410e+01 2.709803609456294282e+01 2.746068255753553444e+01 2.970637622262453803e+01 5.169472795351855865e+01 6.565233703981920144e+01 6.615616259831259072e+01 7.471858580083328150e+01 7.503783956001811362e+01 5.490384144543568112e+01 7.173668003103004764e+01 6.999322750559167616e+01 8.900016885184594173e+01 9.989521031923592886e+01 9.984177833518540979e+01 7.958119472483819834e+01 7.958119472483819834e+01 9.399478832219921287e+01 9.468223225203112747e+01 8.595072805833403606e+01 8.329601228164032989e+01 6.996473221817771559e+01 5.010718269562011074e+01 5.562751992505337029e+01 6.133719480079606257e+01 6.788708769707702118e+01 7.772422455035210476e+01 9.798588603074209402e+01 1.071325407324068237e+02 8.651049769854915894e+01 7.276986207685017405e+01 6.737431137810281712e+01 6.240531255417992895e+01
3.672771933682844292e+01 5.533923072781437469e+01 4.650510577073529106e+01 4.553970981974219967e+01 3.655998979259334192e+01 4.625894014029299228e+01 4.668673043180898929e+01 2.797769250237944405e+01 4.726364125157886065e+01 4.570206684745639336e+01 4.611198303824244960e+01 5.782499854546061613e+01 6.120952453793417902e+01 4.738269664304650775e+01 5.267698885783784135e+01 5.968140957486571807e+01 6.956861219822945941e+01 9.063134437399385490e+01 1.084083819195602700e+02 9.984177833518540979e+01 9.984177833518540979e+01 1.034285702864829233e+02 9.323667802681545425e+01 8.467048449748388350e+01 7.488032481787908523e+01 5.541674570009523393e+01 5.290130748423292317e+01 7.275133091227415605e+01 8.119905810642767108e+01 8.785505475560026412e+01 9.637505637983176143e+01 1.065755350191259652e+02 1.071325407324068237e+02 8.651049769854915894e+01 9.255055426124530982e+01 8.658645116404943565e+01 8.062918464382443062e+01
5.647223888260275260e+01 6.474818848302372487e+01 6.772496607059325413e+01 4.937762297129953026e+01 5.448930384893764511e+01 5.262511015269141978e+01 4.760064986874937176e+01 2.834576528831644637e+01 2.856332027672850415e+01 3.212760605953430115e+01 3.501560411951489016e+01 3.804914163144730566e+01 4.147630666033378333e+01 6.143104434606954101e+01 7.294745480434517049e+01 8.003057484837862035e+01 8.900016881919994205e+01 9.976332968549529312e+01 1.053799385804484103e+02 1.138551689952616925e+02 1.095339304382859211e+02 8.863006170963804209e+01 7.460189451331933697e+01 6.514736211685335832e+01 6.105752193629835745e+01 7.489678803671078811e+01 5.820875620544739348e+01 5.765192180890426243e+01 7.750724537288343186e+01 8.854127006733249061e+01 9.713980235402203789e+01 1.073484059809175761e+02 1.158054571548369154e+02 1.071325407324068237e+02 1.030685415981513131e+02 8.732655532402583276e+01 6.740088475739106855e+01
5.848964070941671167e+01 7.845160825363244328e+01 7.608476654093246339e+01 6.799762633294527348e+01 5.281436582247905420e+01 3.463076012822065763e+01 2.886170757979772716e+01 4.756836006133188732e+01 3.501988330694211982e+01 5.149341478330043742e+01 5.456057719974462117e+01 4.778617132928914657e+01 6.139732187541794417e+01 5.397168249167925325e+01 6.820944367621484616e+01 8.932532679733905923e+01 9.949065966856265675e+01 9.080954154504100018e+01 8.512615098220352650e+01 1.053799385805159261e+02 1.045051703615942529e+02 8.375097343025964847e+01 7.252067692138184896e+01 7.871064955750246384e+01 8.051336580893119788e+01 8.357042203439509365e+01 6.367830380275682955e+01 7.750725771961360522e+01 6.258819153974661020e+01 6.850580924774267544e+01 7.834730115293713482e+01 9.260802821458854339e+01 1.135579709194873175e+02 1.115806743130052325e+02 9.461264711642681391e+01 7.457999774267921111e+01 8.732655532402583276e+01
6.200011437967742722e+01 8.197301046243745759e+01 7.320510193766439500e+01 6.327113814955184523e+01 4.604724298936123006e+01 2.937267574998672259e+01 4.788854724571149291e+01 5.601813622957714500e+01 5.444705798020279275e+01 4.405059672742429910e+01 6.375858977106332048e+01 6.785122056382608946e+01 6.783883648582366277e+01 7.430975561208033753e+01 8.316273827138167007e+01 9.005519517162653642e+01 8.163540174458513832e+01 7.102347635718814445e+01 8.512615098220352650e+01 1.053799385804351800e+02 1.132170350365215370e+02 9.935881169499717203e+01 7.885056413942695031e+01 9.908199607396201714e+01 9.636341742807985611e+01 7.613591565803673689e+01 7.168838192879702831e+01 8.698079906339907552e+01 6.698006483437406189e+01 8.692845912990102875e+01 8.254523022734255733e+01 1.033145506209454396e+02 1.175286790973776050e+02 9.719849736017445707e+01 8.299708231925866642e+01 9.461218458155560995e+01 9.696716251024024302e+01
7.620833155506380763e+01 7.789316342389918191e+01 5.889301449096413421e+01 4.523094180841806633e+01 3.947937875881395087e+01 2.973086731296804786e+01 4.323753017493897488e+01 6.334009551002504423e+01 7.161687904938854388e+01 5.794578267767548851e+01 5.795173839748369460e+01 7.782515622853453863e+01 8.833672289036815073e+01 9.063482497852812969e+01 8.219577223487426920e+01 7.587393011999901660e+01 6.165816395381778392e+01 6.739481600693866881e+01 8.741462190748828220e+01 1.054217618046263993e+02 1.156436473240709972e+02 1.080760877307889274e+02 8.773260545371995534e+01 1.080760877307889274e+02 9.636341742807987032e+01 9.636341742807985611e+01 8.050286538701679717e+01 9.188897473445774722e+01 7.172889244315392432e+01 9.188897473445774722e+01 1.033440816117184795e+02 1.124351651698715528e+02 1.147479709632767424e+02 9.454958348857778105e+01 1.031735519421419127e+02 1.036098587712334762e+02 8.837177360311851260e+01
