MOVIE_S3_data/elevation_000729.asc
nrows	100
cellsize	150.0
xllcorner	0
ncols	100
yllcorner	0
NODATA_value	-9999
[rows 17 to 33 of 100, columns 0 to 36 of 100]
4.336683913182175498e-01 2.043366839131786250e+01 3.880383402426847539e+01 3.941326458865283655e+01 3.034457469878656610e+01 3.044981849527347606e+01 2.223169854283331759e+01 1.529972067442684036e+01 1.757893220422960923e+01 1.990388498127099126e+01 2.244388753560986771e+01 2.514068713615861128e+01 2.972903151271643196e+01 4.971836635562551265e+01 6.280549640592066396e+01 6.986181189007599812e+01 7.812180128351542407e+01 8.963359806844447064e+01 8.219222147260926192e+01 6.170421158903719316e+01 4.987524542486593049e+01 4.113297595499938097e+01 3.422205321752952756e+01 2.878413600175961662e+01 4.389266463039058408e+01 4.152055331306100072e+01 3.908742950074137923e+01 3.504700605983768469e+01 1.636306716687774809e+01 3.552671196155947797e+01 4.414710724208290316e+01 3.667566632029775064e+01 4.718779237220477540e+01 6.569087424511327811e+01 5.891919304868040541e+01 4.048319744327402958e+01 5.887045808161654037e+01
5.385724909496417689e-01 2.053857249094928505e+01 2.371246806257805417e+01 1.967515149114427686e+01 2.743551546169766198e+01 1.022178508827088983e+01 1.223186071879467995e+01 3.222920818185423286e+01 3.757472393449675252e+01 2.746044127553532377e+01 4.176730259983056470e+01 4.513249841345975000e+01 3.006439198777458799e+01 5.002962600438959129e+01 6.349342524255908415e+01 6.053361416690055563e+01 7.456153474039010121e+01 9.435837593470370166e+01 8.701437659865148078e+01 7.520984208093550194e+01 6.608638210947998459e+01 5.244519838870473194e+01 3.316676928087327525e+01 4.776844141534697741e+01 5.608740099532752765e+01 5.662034821457673672e+01 3.791092654440741683e+01 1.854445068344392666e+01 1.669972410651443084e+01 1.868444337019646184e+01 2.551920762866929593e+01 4.417111232469832061e+01 5.082201617298327534e+01 4.921217716826836863e+01 4.071969408581583849e+01 3.059853305497956910e+01 5.032906378371588829e+01
8.336531950628578436e-02 1.894080240356658562e+00 3.712262058538480236e+00 5.553411294335134585e+00 7.434853031102337084e+00 2.700408260772186608e+01 3.159686789114975625e+01 2.292136630701369526e+01 4.290044601601684349e+01 4.763915374861394270e+01 4.001977328807074485e+01 5.826580405411318253e+01 5.002962600438959129e+01 3.531696351869388195e+01 4.426129078999515087e+01 6.417180453866721734e+01 7.817439120559195942e+01 8.944098038208670687e+01 7.864439280213082384e+01 5.809929037917618189e+01 4.635892842976132755e+01 3.783892184683023885e+01 5.244519838870473194e+01 5.244519838870473905e+01 5.980354634720022489e+01 4.010878996112823103e+01 2.874820035500830429e+01 3.788235780293914701e+01 3.370242413575360985e+01 1.715546247667593605e+01 3.386195462161538217e+01 3.918287720118605932e+01 3.188336819914777465e+01 3.808688934924089864e+01 2.056457636224111951e+01 3.981278913193109048e+01 3.717504583684227981e+01
4.524162703296725763e-01 2.045241627032931575e+01 2.371246806257805417e+01 1.973062028002659574e+01 2.159418206435293897e+01 2.005292537051077773e+01 3.395696275630788818e+01 4.289832104347447483e+01 3.705294929609444665e+01 5.701755190318573341e+01 5.136387679684840890e+01 6.780868086808901296e+01 6.349342525804792814e+01 4.685905140813019898e+01 4.198471716094920936e+01 5.014745401609545183e+01 6.165017159995552731e+01 8.135491984648976427e+01 8.115928383585342942e+01 6.444123765139823945e+01 4.407261330764084306e+01 4.900524511746999679e+01 6.608638210947998459e+01 7.270660380447768034e+01 6.801163838117703619e+01 5.662034821461978851e+01 4.843277344607747636e+01 3.997582098947366802e+01 2.059865129055543775e+01 3.041570315259786739e+01 1.759190857970387967e+01 1.789808828045788758e+01 1.820081328317503377e+01 1.850683263266875755e+01 1.882107224041931559e+01 3.799322808826687492e+01 2.882984825727156419e+01
4.402443450947634007e-01 1.468121335725196985e+01 3.533412173437606185e+01 4.012929754087619472e+01 4.161516976391057199e+01 3.984795168892184591e+01 4.755861184891253401e+01 6.032082979017052793e+01 5.701755190318573341e+01 6.529207351911595936e+01 7.093412052180089233e+01 7.915391746125369821e+01 7.496944565263032700e+01 6.675377764543453907e+01 4.801544481433798950e+01 6.790060745919075202e+01 7.817439120559195942e+01 8.688074881151808881e+01 6.682261784023241091e+01 5.224484908268622974e+01 5.414363718305132522e+01 6.945634367764647266e+01 7.787062347928257111e+01 7.976882726489573372e+01 6.975950110777571922e+01 5.582838096066321754e+01 4.375410191161067530e+01 2.428974327628612073e+01 3.997582098947366802e+01 4.089513884280546563e+01 1.905965893053853577e+01 2.331136044817895581e+01 3.615207648043960376e+01 3.765741915669476469e+01 3.698951343728504071e+01 1.928478464087217503e+01 3.737451977397388703e+01
4.237187090225543740e-01 2.041057196115085404e+01 3.021850007444658814e+01 4.313581002288918143e+01 4.414566785676145599e+01 5.266477855413791076e+01 5.243175458542239653e+01 5.563079272684637289e+01 5.910820632127393282e+01 6.281746201332006763e+01 6.500431312026694286e+01 7.329095197903710357e+01 8.230537113174734998e+01 7.539491755123285088e+01 5.556683679968774925e+01 6.790060745919075202e+01 8.768895042736977530e+01 8.382952709061609653e+01 6.330646976716365515e+01 7.286441635638918513e+01 6.875362029176022816e+01 8.313944097192418781e+01 8.023990072534085982e+01 6.882802743557087410e+01 5.182889973142707873e+01 4.189726081355065901e+01 2.814397588519732807e+01 4.375410191161067530e+01 5.085086101392700897e+01 3.994442931784591622e+01 2.055138230976878688e+01 3.656454707174748364e+01 4.526260565646990131e+01 5.146950290074107670e+01 3.410594703617543644e+01 2.717671966273945472e+01 1.976246684178680724e+01
9.142864485297492738e-01 3.414286448528463858e+00 1.747399618398594612e+01 2.956255939706752756e+01 2.396839965426378427e+01 3.529048986979923797e+01 3.245189629079012406e+01 3.565280593685383081e+01 3.913198608016188729e+01 4.284250879984968208e+01 4.502716152026579266e+01 5.403127522012526640e+01 6.833600792612531905e+01 7.727283661153704486e+01 7.539491755123285088e+01 6.960948745375431201e+01 8.936218135672720564e+01 9.220218192456488282e+01 7.522966770938091940e+01 9.220218192456488282e+01 8.918843217382355704e+01 8.674576846699923749e+01 7.202695195616058754e+01 5.228663415610804321e+01 4.095029706896496435e+01 3.225923606175194180e+01 4.765663341821399257e+01 5.582838096066321754e+01 4.317684374036421957e+01 2.265361150341258423e+01 3.826586333379543703e+01 3.429941299955248724e+01 5.479622351239429179e+01 5.891121545449438202e+01 4.526186368978000019e+01 2.563375783097698957e+01 3.995886423647507968e+01
9.064013007315497861e-01 2.090640130073119352e+01 7.065770155938721153e+00 9.691898789487414234e+00 1.241355396622537022e+01 1.530030489839433194e+01 1.831541653456364926e+01 2.151797166247541071e+01 2.499948952972126648e+01 2.871325923120193480e+01 3.405741728346515629e+01 4.008356183510028359e+01 4.901210290690749360e+01 6.053358872788350453e+01 8.052612249822971080e+01 8.936218135672720564e+01 9.757703080425224584e+01 1.039114846634686700e+02 9.558003162139796416e+01 9.869798999468757472e+01 8.674576846699923749e+01 6.696969212548164307e+01 6.996840934958325420e+01 5.659305880306340697e+01 3.694992773346230308e+01 5.182889973142707873e+01 6.001231503773023945e+01 5.846382507076285151e+01 3.820899344049970381e+01 2.414579304370296953e+01 4.393456181278388328e+01 5.451043086955723282e+01 6.314355080382029684e+01 5.882506831276646864e+01 3.813599489483779337e+01 4.574014937649494783e+01 3.313342842534575539e+01
3.063610709598194592e-01 2.014371557329623386e+01 2.726340338218412285e+01 2.383090572901293669e+01 2.655214606253316489e+01 2.943798868001605840e+01 3.245189629079012406e+01 3.306068961193548006e+01 4.498288552630761927e+01 4.869303714219114454e+01 3.870693212907882952e+01 5.867914215530348088e+01 5.419968865058648078e+01 7.418066031631572343e+01 8.882120938685072531e+01 8.721818639137755724e+01 9.543735027787825231e+01 1.038239115102379060e+02 1.028156399788458089e+02 9.045631286593682319e+01 7.067398540309977761e+01 7.059866974998449507e+01 5.085354941073678248e+01 4.206133420898893149e+01 5.081243535980963344e+01 6.478619559381829163e+01 7.180489292992190542e+01 5.184807803391844061e+01 3.737070699824463560e+01 2.570956816551513668e+01 3.115610234741567197e+01 5.164176147247661675e+01 6.851432795493280992e+01 6.745868042646267781e+01 5.264805730875012557e+01 5.994036384837330189e+01 3.890646073053763132e+01
2.739570439748240105e-02 1.416953132812855820e+01 3.416953132812925986e+01 4.381333039944161101e+01 4.653556924446819210e+01 4.941967761597857134e+01 5.243175458542239653e+01 5.303830361647430180e+01 6.132016570458053195e+01 5.867914215530348798e+01 5.282667408665843567e+01 5.867914215530348798e+01 7.418066031631572343e+01 8.247232720166415731e+01 8.413485685141608883e+01 6.775200856188497767e+01 7.597938338142691350e+01 9.323019105365023051e+01 9.456542671136446643e+01 7.477256396930017956e+01 6.338480681363395774e+01 5.455486524541144888e+01 4.860619804929994103e+01 5.342173075322862985e+01 6.996697015032104616e+01 7.875995582782699955e+01 7.960829366479978830e+01 6.223715343858710014e+01 4.201227783281772332e+01 2.749379216036814100e+01 4.793629417234077295e+01 4.001174207005540495e+01 6.028734044472846421e+01 7.914302535032268793e+01 7.373769206494557693e+01 6.735458402529961575e+01 4.576179568724394642e+01
1.758338105654860817e-01 1.431796943429656110e+01 3.431796943429726809e+01 5.027797522053126755e+01 4.616051901093123888e+01 4.616051901093123888e+01 6.618289337041775866e+01 6.477379470482610202e+01 7.313309506182582709e+01 7.866919329882608736e+01 7.280824993998166406e+01 7.866919329882608736e+01 7.426283237250591185e+01 8.241456687441670681e+01 7.597938338142691350e+01 5.665459103972548149e+01 6.557730595572516563e+01 8.503052153519227829e+01 9.058074952007184777e+01 9.136710213860061458e+01 8.251832339996302323e+01 7.430411012973782192e+01 5.666255073405488218e+01 7.316976750224085890e+01 8.137955474300085257e+01 7.963091392409820912e+01 6.558045560900468729e+01 5.153393950719206629e+01 4.996083268191852511e+01 2.941401739805314008e+01 4.996083268192170124e+01 6.028734044472846421e+01 5.102744258785610754e+01 6.514468615274314800e+01 8.486547883266710812e+01 7.602124496832462341e+01 5.695098721673397080e+01
4.683972685643240652e-01 2.046839726856396879e+01 2.203114377308627780e+01 3.206114750657931012e+01 2.622099660854003744e+01 4.244590314715226498e+01 4.849839106168854386e+01 4.484057756306540199e+01 5.831545919821867585e+01 7.834529510222830595e+01 7.692769755954626021e+01 7.115331805474306748e+01 5.483025339969695011e+01 7.115331805474306748e+01 6.914703752650736135e+01 4.977308967694470709e+01 6.914703752650736135e+01 7.822112901626410064e+01 7.103847361639661528e+01 8.492192360469735490e+01 9.621895277682016001e+01 7.641227176916362396e+01 7.061869163220744383e+01 8.462983806046237589e+01 7.951769691357824854e+01 6.939367929181500472e+01 5.153396156497856140e+01 3.690559164823352489e+01 3.370442784823807614e+01 3.218583916138282319e+01 5.276071921921618468e+01 6.505112905631798981e+01 7.092077259831884817e+01 7.092077252218160766e+01 9.069460615894307409e+01 8.795505614702774722e+01 7.936439490613705061e+01
2.051881798473268459e-01 4.052152119590553880e+00 7.964639172748372964e+00 1.220085239740780558e+01 1.729808031579946004e+01 2.273210354631010333e+01 2.887146879255352516e+01 3.857669514495528063e+01 5.831545919821867585e+01 7.146204945411616904e+01 5.795024526389410369e+01 6.304342767150597382e+01 4.353557618028868603e+01 6.304342767150597382e+01 6.396913216348672648e+01 4.450176361997207408e+01 6.025351283276727088e+01 5.881610020195148536e+01 5.737344471585385008e+01 7.676227370876473799e+01 8.581294085789951964e+01 9.560322777600613620e+01 9.039921151049831849e+01 8.363065878048178092e+01 7.118729075498809777e+01 5.299359016495079544e+01 4.190521740626876834e+01 5.736015654349731818e+01 4.837912458084800704e+01 5.276071921921618468e+01 3.633505177308145306e+01 5.681668747300938094e+01 6.937926032724422498e+01 7.757434181517285765e+01 8.894531951449107510e+01 9.691443422360033821e+01 8.738591486471155179e+01
8.187695587851057111e-01 2.081876955878475144e+01 2.787608770119754453e+01 3.206114750657931012e+01 3.708395363155047875e+01 4.244590314715226498e+01 4.849839106168854386e+01 5.581634773821930651e+01 5.071518538564460243e+01 5.785793864879077830e+01 4.453993330705267795e+01 5.614636063359604634e+01 3.652740751131685215e+01 5.614636063359604634e+01 5.910229006799196583e+01 3.953695840896897096e+01 4.071085377386327764e+01 4.504122032910215268e+01 5.097429064383066333e+01 5.830951620697288718e+01 6.791211469778571086e+01 8.738187188345820289e+01 8.672365951450444754e+01 6.716220520193955679e+01 5.584049953699650359e+01 4.753133487357479936e+01 5.634833364433345793e+01 7.031788181219233991e+01 6.839228849644261743e+01 6.187667399631623510e+01 4.163672790308889660e+01 4.163672790308889660e+01 4.952927185297546941e+01 6.109224043840576712e+01 8.069954192192361120e+01 8.913216324286653958e+01 6.996371161025005847e+01
2.311624522989861319e-01 1.437329807602981191e+01 3.437329807602910137e+01 4.715843583857810728e+01 4.134237396159370803e+01 4.679153976011944138e+01 5.121814853626526798e+01 4.312863579708481865e+01 2.593134573178750912e+01 4.439102962457957346e+01 3.485027478085155650e+01 4.218635511352331235e+01 3.051780304956092493e+01 4.753984617566793958e+01 5.030103780095678445e+01 3.483945307418150605e+01 4.878746826232952571e+01 5.881610020195148536e+01 7.033811395537254896e+01 7.033811395537254896e+01 8.581294085789951964e+01 9.560322777600613620e+01 9.499221112021832880e+01 8.363065878048178092e+01 7.174228636227749689e+01 5.205089702121932049e+01 7.174228636227749689e+01 8.428742998005135689e+01 6.965895969957928457e+01 4.981794636893300066e+01 6.187667399631623510e+01 4.595575358905094987e+01 6.596002440532203082e+01 7.757434052062815510e+01 8.840159190953177415e+01 9.691443422360033821e+01 7.970559470928985490e+01
9.845726073866658545e-01 1.512670883023564450e+01 3.512680653762839000e+01 2.716086789233835574e+01 2.130492115809781950e+01 2.709727325024922351e+01 3.245473223304306742e+01 3.285312178038009279e+01 1.507632773632871626e+01 3.512457013126304872e+01 3.895162447966978903e+01 2.235759865385466583e+01 2.505833496087164391e+01 2.778204328740370954e+01 3.058218543146463020e+01 4.204188457103101939e+01 6.158325092678361301e+01 7.638490667138547963e+01 8.638763841857445414e+01 8.986000105957572259e+01 9.114256595014576590e+01 9.950248353606232854e+01 1.090757172078448320e+02 8.916125773060005599e+01 7.678174674739901207e+01 5.726400060195174291e+01 6.814533745220623473e+01 8.774687364295532177e+01 7.557455002425010093e+01 5.595475650386048017e+01 7.414818155235231245e+01 6.596002454325623887e+01 5.249201026563630279e+01 6.063239011612262885e+01 7.185895310641851097e+01 9.150248678735013641e+01 8.750383445896309809e+01
3.295302290958179725e-02 2.003295302290922564e+01 3.347959604109340148e+01 2.519701629905298290e+01 7.155115879413444624e+00 2.693457338173747928e+01 3.056505027722388590e+01 1.280881773374888155e+01 3.179564364825533218e+01 1.740519270463917323e+01 1.906353309410830121e+01 2.149365696056136343e+01 4.135687868925290189e+01 4.753984617566793958e+01 5.030103780095678445e+01 5.840320986966132466e+01 6.969085462886638993e+01 7.402891197258708189e+01 7.492711307522361608e+01 8.317209874850590268e+01 7.143523618947646980e+01 8.804407778879223656e+01 9.743902303022285594e+01 8.916125773060005599e+01 6.958753221760727570e+01 6.419329246181088422e+01 8.366660101105235015e+01 9.601318333651551029e+01 8.208430531389171847e+01 6.255503944496653901e+01 8.208430531389171847e+01 7.760555340252078338e+01 5.807462475931421864e+01 7.760555340252078338e+01 8.840159190953177415e+01 9.981432448351287690e+01 9.392002056058746007e+01
