MOVIE_S3_data/elevation_000894.asc
nrows	100
cellsize	150.0
xllcorner	0
ncols	100
yllcorner	0
NODATA_value	-9999
[rows 0 to 16 of 100, columns 0 to 36 of 100]
7.773770046158816616e-01 2.077737700461552706e+01 2.911099349023886873e+01 4.911099103993596060e+01 5.877137602024993868e+01 5.048787568892485922e+01 4.710594700556044501e+01 5.343036417521136627e+01 6.171380269884673453e+01 7.065749471767786360e+01 8.220333281475907938e+01 1.005277381489091226e+02 9.231644334808729013e+01 8.973847206407235433e+01 9.795258894698754659e+01 9.552537645646772546e+01 8.792251216474153352e+01 8.792251216474153352e+01 8.442371823038590151e+01 7.563981806110652428e+01 7.520280310239753874e+01 7.738680233728182145e+01 7.156621546192532435e+01 6.714263353645415577e+01 5.889212370112834805e+01 5.889074772622994658e+01 6.449078875718328163e+01 5.986447635118967270e+01 5.397091157183939458e+01 5.367878693729006301e+01 6.188276018253056066e+01 6.411840044634037383e+01 6.992459768580289392e+01 6.085389867360719052e+01 5.261285144188458673e+01 6.085389871042843168e+01 7.731127474884179662e+01
1.667217412783970065e-01 9.110993651277476957e+00 2.325312927469335733e+01 4.325312872605636016e+01 4.622310933657975340e+01 3.048827995763280185e+01 2.710624710111547131e+01 3.343080104603895819e+01 4.237505724710197086e+01 5.392192082412341136e+01 7.392045369377241570e+01 9.231644334808729013e+01 7.242502392268714573e+01 6.984173538248202817e+01 8.647638103579805602e+01 8.792251216474153352e+01 6.934604463457330326e+01 6.934604463457330326e+01 7.544889305181656880e+01 5.448040249191524964e+01 5.441854186034186824e+01 5.751254389616256901e+01 5.169132253248653086e+01 5.889136287413359838e+01 3.909044686214994613e+01 3.909041778296834480e+01 4.396137448456223495e+01 3.839180333363832887e+01 3.372531539046491389e+01 3.371066773923180193e+01 5.365367294384647323e+01 4.426597835023375183e+01 4.910007874564980312e+01 4.991966683742817423e+01 3.321476510095504864e+01 5.115276873221762344e+01 6.240446995209372005e+01
2.375235533300354973e-01 2.023752355332968023e+01 2.680486076757130576e+01 2.940862462714787284e+01 2.622345958542001298e+01 1.894128176429925858e+01 3.894110370978050639e+01 5.343036417521136627e+01 6.171380269884673453e+01 6.517737849692476004e+01 7.346046073668743759e+01 9.231644334808729013e+01 7.242502392268714573e+01 5.832267412928372607e+01 7.011534579487073415e+01 7.834910590521718632e+01 7.478696600366788516e+01 5.574565625609537278e+01 6.530517518646536246e+01 6.050611103618719255e+01 4.015010507252630134e+01 5.027110117952074120e+01 3.762153272370866119e+01 4.493294586921599176e+01 4.487586408797478299e+01 2.495935377046830439e+01 3.621301782424075100e+01 1.925870280567720272e+01 1.996564689256236136e+01 3.954013668336887122e+01 4.975355521899546574e+01 3.041427377448026093e+01 3.881141361229838083e+01 2.126247087279705283e+01 2.565612694691214912e+01 4.293241169930960410e+01 4.263740795887979118e+01
2.578281697790204552e-01 2.025782816977866574e+01 6.804947728711432831e+00 9.408725948327887778e+00 1.208133836745210843e+01 3.208122137627925241e+01 4.071150494060919556e+01 4.471145722399370470e+01 5.103590233755836891e+01 4.517831112037296748e+01 6.517737849692476004e+01 8.086464937680891296e+01 8.647638103579805602e+01 7.011534579487073415e+01 5.018414057245131943e+01 6.306860060987396110e+01 7.130786457202572137e+01 6.530517518646536246e+01 4.595948353861094660e+01 5.708089190754962772e+01 5.027110117887098539e+01 3.018593111151594854e+01 4.487853303838361541e+01 2.500283498311141628e+01 3.529859082620558297e+01 1.814583209193100188e+01 1.617861864585745479e+01 1.656047741374622362e+01 1.694291381466299029e+01 3.695965412998420874e+01 3.788539318221811669e+01 2.125615650208833429e+01 1.879054287832300929e+01 1.917239609839052861e+01 1.955424559147045116e+01 3.192656734492233639e+01 2.868047780286412518e+01
6.835178870107115889e-01 3.183517887010706371e+00 1.732564641778336068e+01 2.940862416036040372e+01 3.208122137627925241e+01 1.693205086814359461e+01 2.071169559811342609e+01 2.471169559743407262e+01 3.103625084198540662e+01 4.103624013065648768e+01 5.258313724280544221e+01 7.258179496215282711e+01 8.347853070494208794e+01 6.356497450282476791e+01 5.205147918405933183e+01 4.316070699522173726e+01 5.743779798024957728e+01 6.567843166235515184e+01 5.708089190754962772e+01 3.755768188782654704e+01 4.412784192176980014e+01 2.407691322165649694e+01 3.619518292687712346e+01 2.177784310189513661e+01 1.526030661063695781e+01 1.563940869413469592e+01 3.567570456395245060e+01 3.658165016146656257e+01 2.587969151141299307e+01 1.748407946519698086e+01 1.786716062760891788e+01 1.824971705401258859e+01 3.826702759011119070e+01 3.918043186594893257e+01 3.957580020326985704e+01 2.009339930737640145e+01 4.011817195288227822e+01
8.765780624806145394e-01 1.087647204274759005e+01 3.084512402828269018e+01 4.560888168465306336e+01 4.521564224519897124e+01 2.693204936998186483e+01 4.071150494060919556e+01 4.471145722399370470e+01 3.287666065015866224e+01 4.182092238538231044e+01 5.336781046699933029e+01 7.336641160290589880e+01 9.169654860220278181e+01 8.021188156807413350e+01 7.130704072425730544e+01 5.743779798024957728e+01 3.755711638355071358e+01 5.230461671225622666e+01 6.044851798840896606e+01 4.972270761838296949e+01 3.004659783433114484e+01 3.605659654354985122e+01 1.528411858230031051e+01 1.472604335108163554e+01 3.476697710275200137e+01 2.018445520311131247e+01 3.857695593036905279e+01 4.509303996703793160e+01 2.524106584186622726e+01 3.751368629707867797e+01 3.789036029037515618e+01 2.035280471863504914e+01 4.165436062286249808e+01 4.574766579823366897e+01 2.717549553688301600e+01 2.047482541893226937e+01 2.381841338415387810e+01
3.336530771559016451e-01 2.029040486133394339e+01 3.082236840761617103e+01 5.057722202066398154e+01 5.521516428441798041e+01 4.693173566357831561e+01 5.521516428441798041e+01 6.115967587328731270e+01 4.442362941885392047e+01 5.287625880868777983e+01 7.010337160864399664e+01 8.164920090820879750e+01 8.882575290668268053e+01 6.878842896329784651e+01 6.878842896329784651e+01 6.567007839904816535e+01 5.230298798063279975e+01 3.244010431607286193e+01 4.755509210271391396e+01 4.441394875357784144e+01 4.278728034227988530e+01 2.288518503172122820e+01 3.416127035784381150e+01 1.434926644966428277e+01 3.425977328198029426e+01 3.858427576445453866e+01 3.091603355875439618e+01 5.013198215998168195e+01 4.509910389507034267e+01 3.411402993285446428e+01 4.995333406996798686e+01 3.579616496639962264e+01 4.998425664124241052e+01 4.711999757738433203e+01 2.728110723400598658e+01 2.712199661227380076e+01 2.101583520175491415e+01
2.692912384917900415e-01 1.441515830585255387e+01 3.450598003066185981e+01 4.396484981897867073e+01 4.727599683899912009e+01 5.078813867345434829e+01 5.200299918689830037e+01 6.031538853589633931e+01 6.442276329986512451e+01 7.270574225494574705e+01 8.115761369343620402e+01 9.306065906442282198e+01 8.292430515000600622e+01 6.293315733073659857e+01 4.898360308582549294e+01 5.735409723264830717e+01 6.054154339798382978e+01 4.755509210271431897e+01 2.769243031700684554e+01 2.454507400455284127e+01 4.007743223755225870e+01 3.710659743301361857e+01 3.568899405850837070e+01 1.397516556921728714e+01 2.218673338263674211e+01 3.943008652634690492e+01 4.332789081314230373e+01 5.830139251562236069e+01 6.058232749471508072e+01 4.073557971607705497e+01 6.068172978167419984e+01 5.584689931783244532e+01 5.460127503419659689e+01 3.479503569633219229e+01 4.711999761422033117e+01 4.780621730147702664e+01 3.499607427922028080e+01
2.740426242073276120e-01 2.027404262420697378e+01 2.674088325360958152e+01 2.393175896413552550e+01 2.722687112449335700e+01 3.071888996607169275e+01 3.190659291033723832e+01 4.871680527155398011e+01 6.087898604457039653e+01 6.803643387145278609e+01 7.771744599984307911e+01 7.296976320773714519e+01 7.296976320773713098e+01 6.544360068357634930e+01 5.735410741168551851e+01 3.768833353776894768e+01 4.808356698801107854e+01 5.579009009556614274e+01 4.755508907712413702e+01 4.007744283760894888e+01 2.019373481836442608e+01 1.720995188507614415e+01 3.278799955902091057e+01 1.360061525458635678e+01 2.048329679300238126e+01 3.420888919017406948e+01 5.906660426968846167e+01 6.995391767207226508e+01 6.784966199455207914e+01 5.065207951324718749e+01 6.918689166742153418e+01 6.854737824625017595e+01 4.878706037112399230e+01 4.179959577407808524e+01 6.160274353578998330e+01 6.163096414790908284e+01 4.947129681381115063e+01
8.627856460739585787e-01 3.780085525824913972e+00 6.728925436869614529e+00 9.778903795700124135e+00 1.306693165030662307e+01 1.654871922809874718e+01 2.032929455436368116e+01 4.040025811827104718e+01 4.344903121079740771e+01 4.784752650396615081e+01 6.926251558836119671e+01 7.296975977663522883e+01 5.305740776256469360e+01 4.569456418668325881e+01 3.956546868143274054e+01 3.389034873285014982e+01 2.830193038206448719e+01 4.237309578157576340e+01 3.942314785565660884e+01 3.655641253368434462e+01 3.387110285849086466e+01 3.229701431467709227e+01 1.306906580585188493e+01 1.702595447075972501e+01 3.612493074053024600e+01 4.972670286233571346e+01 6.716607579040963572e+01 7.821378927363917910e+01 7.958561188869529701e+01 7.111100912938708518e+01 7.985150729888246701e+01 7.621899153459287390e+01 6.854737926106918167e+01 5.062877535996571510e+01 6.983497362758973281e+01 7.140169949536935690e+01 5.984033727692834503e+01
2.490127916613376069e-01 2.024901279156103939e+01 2.674088325360743568e+01 2.133253035358307059e+01 3.309918774800078722e+01 3.071889028138951971e+01 4.040031852107829025e+01 2.650939778097717436e+01 3.211999646423893751e+01 4.671986749577145304e+01 6.741042465891891311e+01 8.131411963406361565e+01 7.296976320773713098e+01 6.544360068357634930e+01 5.919840724764208773e+01 4.702931170243418535e+01 2.736187552374980214e+01 2.239755779357679089e+01 1.938789775727522624e+01 1.668903920354982517e+01 1.454499112376780623e+01 1.254098518156445330e+01 3.233449682722067564e+01 3.109080965801587482e+01 3.004605548109416802e+01 4.268845320834659418e+01 6.068773186924946117e+01 5.804776739812528774e+01 7.233205671570775053e+01 8.066050803342645281e+01 7.228706207933409189e+01 8.066040167052820209e+01 7.871706323551354956e+01 6.465521331190876708e+01 7.871706323551354956e+01 6.311630550545061169e+01 4.309284034680804609e+01
8.485705281016824308e-01 1.499070615183275734e+01 3.499070615207963897e+01 4.136500928208429428e+01 4.966035595448155249e+01 5.078823852212241263e+01 5.496597277200716292e+01 3.655672761797723069e+01 5.276481918864055132e+01 4.524194698272658144e+01 6.059848086720565874e+01 8.338687295296901425e+01 7.791563991388582622e+01 6.982684404861626604e+01 5.408364805808749054e+01 3.485757938401187062e+01 4.702931170243418535e+01 3.658926895560534120e+01 3.942316903946867512e+01 3.613921108797079285e+01 1.866891642179376376e+01 1.217524274187246469e+01 3.211955342028971927e+01 5.018341792448509864e+01 4.933550970260948532e+01 5.752343339346701612e+01 6.228121470893164258e+01 4.393834365960982780e+01 6.228121830269677162e+01 7.060272783154786680e+01 5.221322168516204698e+01 7.060272783154786680e+01 8.108507385036550374e+01 8.454514424842155051e+01 7.302007575487242264e+01 5.300428197813155151e+01 3.884471958090491484e+01
5.097248530424480784e-02 2.005097248530389109e+01 3.205878200102639397e+01 3.912985064429719984e+01 4.741422849685638141e+01 5.896144895568854594e+01 6.503466561633842957e+01 5.670912676904866601e+01 6.503468371808374116e+01 6.640535857665085473e+01 7.517472757493116831e+01 8.250029462915826173e+01 6.403593415494427177e+01 5.117623025585590568e+01 4.373402912130313069e+01 4.838886332099252741e+01 6.223942108725710654e+01 5.633650109562383790e+01 4.721485950609559268e+01 2.786824097581555293e+01 3.176796977189350812e+01 1.181389939780228460e+01 3.122501906642217406e+01 3.903403738917235444e+01 4.327359887892823309e+01 5.177678781737818525e+01 5.394187646036829875e+01 3.401416508491017510e+01 5.394187646036832007e+01 6.225013669574672548e+01 4.226776634914103425e+01 6.095022216188584707e+01 6.095024926792711284e+01 7.689178906755691401e+01 7.887332029999143401e+01 5.886676920042260974e+01 4.514406398754275784e+01
2.550521787762166648e-01 6.028554870672499177e+00 1.205878176222782550e+01 1.912984957409342712e+01 3.067685495792851924e+01 5.067685921911190405e+01 6.439499810501028776e+01 7.266275938607431328e+01 8.027265972929255611e+01 8.609856905993359533e+01 7.861479594289401973e+01 6.969955101350885229e+01 7.692171985198773143e+01 6.982684404861626604e+01 5.658803701625171811e+01 6.783207382091283932e+01 7.349854190603224424e+01 5.381160564973085769e+01 3.984799575768202828e+01 4.721485949624454292e+01 2.923565992047085516e+01 1.216368185641551314e+01 1.130091017012262355e+01 3.013766999753986298e+01 2.319115720636067479e+01 4.002262998910013891e+01 4.729888182552446096e+01 2.739519916717575043e+01 4.505728171560775053e+01 4.903617518288193367e+01 3.525994375843180961e+01 4.097995008524708993e+01 4.848426543696383817e+01 6.001166097616984274e+01 8.015407125447103454e+01 7.228054779782101491e+01 5.229102942766739659e+01
8.916207294569349351e-01 2.089162072593882158e+01 3.205878200053897586e+01 3.912985064458595730e+01 4.741422600808828491e+01 5.032513234957423265e+01 4.449720462937293775e+01 6.439499810623445342e+01 6.050631641905390978e+01 6.629574433277061019e+01 6.633365590939976641e+01 4.676569731085093906e+01 6.633365680809684761e+01 8.287267576995037643e+01 6.979255141340371438e+01 6.159716239245281599e+01 7.117172509914054501e+01 6.601250405503799357e+01 5.957777525576614863e+01 5.741067173443673965e+01 4.341972449505306741e+01 3.508373929067558805e+01 3.067733517825987022e+01 1.078307839498639176e+01 1.231775598463510235e+01 3.163921731527154435e+01 3.684572463341580573e+01 2.138693014587867225e+01 2.515844856763842685e+01 2.913776712240675337e+01 4.903619975785900920e+01 6.095022216188584707e+01 6.852484217888459739e+01 7.689178906755691401e+01 8.853757844670883514e+01 8.056050952723717273e+01 6.384939997770052855e+01
5.108012481754142797e-01 1.465293687190649052e+01 3.465293687190719396e+01 4.709600085929405822e+01 3.885022020079708227e+01 3.045000008524485224e+01 4.903998223155848279e+01 5.493193052116524200e+01 4.661304144036292030e+01 6.629574433536143374e+01 5.738918577521515374e+01 3.531378728687761992e+01 5.738917660004967303e+01 6.748953013305055038e+01 5.820938113294031524e+01 3.747873686174491326e+01 5.820938113294031524e+01 6.431184441731670631e+01 5.587008335624111055e+01 6.431181182772698435e+01 5.912337402800334729e+01 4.018009730247635503e+01 3.026476919143674849e+01 1.042382053713425094e+01 2.954400291891271024e+01 1.482224760606264446e+01 1.691600364587765171e+01 3.684572463366953343e+01 4.505728171556320660e+01 4.903619975785900920e+01 5.624983627115678075e+01 6.096264233253554465e+01 6.854820940191828527e+01 7.693601760010818680e+01 8.704111567491466417e+01 9.208946972356761762e+01 8.379770990316718837e+01
5.195627768054871254e-01 1.466169840053656337e+01 3.466169840053726858e+01 3.323936725438911566e+01 1.894633949109877236e+01 2.394119357749725552e+01 2.926450052960569792e+01 3.524470987633610264e+01 5.392847321501368185e+01 6.529145636564567212e+01 4.980674014379200543e+01 2.822050599962260975e+01 4.601040989321266750e+01 4.601044310618741662e+01 4.860241265525328203e+01 2.736857356324706814e+01 4.860241265525328203e+01 5.404699491073710504e+01 3.527852897622195627e+01 5.404699474440891294e+01 4.933897871458245987e+01 3.937390956983548307e+01 2.018507966852873992e+01 1.006647328458337576e+01 3.016172758724512448e+01 3.464483030912654016e+01 3.684572463377811147e+01 2.150279075933875816e+01 4.141431018395670094e+01 4.994169916991953784e+01 3.630369762812937040e+01 4.097392934261221598e+01 4.847868538293062812e+01 5.845958218191157840e+01 7.268855958582301469e+01 9.299724771523455047e+01 8.394218852293860778e+01
