MOVIE_S3_data/elevation_000718.asc
nrows	100
cellsize	150.0
xllcorner	0
ncols	100
yllcorner	0
NODATA_value	-9999
[rows 51 to 67 of 100, columns 37 to 73 of 100]
9.255345626157344441e+01 8.668651591101185261e+01 1.067175032255332638e+02 1.133725856891614825e+02 9.404596899447597025e+01 8.036293615243731381e+01 9.276828836364434494e+01 8.306749179301682773e+01 8.790734954344580387e+01 1.019521368801823797e+02 8.999213201208438306e+01 6.990041693994348293e+01 8.420361448519264513e+01 1.039667796079570081e+02 1.049177670474368966e+02 8.541766138501556327e+01 7.167504176412022332e+01 8.195837433970426389e+01 7.839461817205419436e+01 9.796090632744927973e+01 9.389991035502868044e+01 8.601358981688133554e+01 7.409751651693997587e+01 6.591036850477588871e+01 5.935305562907052490e+01 4.371658441948056861e+01 4.425455382288472350e+01 5.774585683743380571e+01 5.905075020358437854e+01 7.844980888364635518e+01 7.059410410727286944e+01 7.219892483635616998e+01 8.849319199905953326e+01 9.973457413561084195e+01 1.055245654057252409e+02 9.171296554015992797e+01 1.055245654057252409e+02
7.259581208329356627e+01 9.255345626157344441e+01 1.035486651090204191e+02 1.135657011680081752e+02 1.054691842296803515e+02 8.634976718700568199e+01 1.054691842296816446e+02 1.029771109189040743e+02 1.077655891867738802e+02 9.643166140073000747e+01 7.658369883276371581e+01 7.585882043252489382e+01 8.636527259218311769e+01 1.061299186487475623e+02 1.049177670474343955e+02 8.541766138501556327e+01 9.112911009968445342e+01 9.925007380862923867e+01 9.798794373020605519e+01 9.572839811814327504e+01 8.721470759660550698e+01 7.812971514902758940e+01 7.058913420688290330e+01 6.591510494953158172e+01 4.650521319818609811e+01 6.326509249307551386e+01 6.375494950494325508e+01 4.500110219094269581e+01 6.444731333691555619e+01 7.080243313413814121e+01 5.693523402165070735e+01 6.106525334421363027e+01 7.219892489896436416e+01 9.158424413357765559e+01 1.058790712551039803e+02 1.111346478599925263e+02 1.147498964315950758e+02
6.827116468277878880e+01 7.524417308548616745e+01 8.523324467325437581e+01 1.052826460977224059e+02 1.137251529114240753e+02 9.730903431761866784e+01 9.979246268749150772e+01 1.192976317695327850e+02 1.151312497882448156e+02 9.544066787492046444e+01 8.151494567356019161e+01 8.197886819807158076e+01 1.016627119890420943e+02 1.143615406380328636e+02 1.130824862243966180e+02 1.049177670474327613e+02 1.055464363973746629e+02 9.737251761318040622e+01 9.050812998631782591e+01 8.770188322302757911e+01 6.829309246946041867e+01 6.592250110660422990e+01 5.123437822073908166e+01 4.924733471875722302e+01 6.591510276527013446e+01 7.242902429834110478e+01 5.745575581441838153e+01 4.552228487647448674e+01 6.492998204321651201e+01 5.144740379748657233e+01 7.080243313429527063e+01 8.039212485514688922e+01 6.862793751470810832e+01 7.826888580813418628e+01 9.196488048743047727e+01 1.115449944218005101e+02 1.229769501117098827e+02
8.818200833026052976e+01 9.525794538548805690e+01 1.035486651090204191e+02 1.135657011683245088e+02 1.250505994525718165e+02 1.167018305938569398e+02 1.192976317695327850e+02 1.276578431353791245e+02 1.204084647500910279e+02 1.006629344064240001e+02 8.684611588396973048e+01 1.016627119890420943e+02 9.184227235932928579e+01 1.056763492850800361e+02 1.255020125667318496e+02 1.086480676209711334e+02 8.911824212419692515e+01 7.795709745459187445e+01 7.114265749080672663e+01 8.184762740304375939e+01 7.347149531536018685e+01 5.412123970472150347e+01 7.058913564927523510e+01 5.792739639096660653e+01 7.667770541230702008e+01 8.163254675517474368e+01 7.184829819570454390e+01 6.493660517388579478e+01 4.624681491390580135e+01 6.562165833742777465e+01 7.282141920837773341e+01 8.236965406318147132e+01 8.798432444526825691e+01 7.893646806876759570e+01 8.860527208675748057e+01 1.023701505754909675e+02 1.220807564103329099e+02
9.448661779781205894e+01 1.065455407123707090e+02 9.825500902857922370e+01 1.065455408019755481e+02 1.161115250110242272e+02 1.102518333470647036e+02 1.087573065560338250e+02 1.170386057220151201e+02 1.262572678457020459e+02 1.064462663459594296e+02 9.336565596632675579e+01 1.129865715357575056e+02 1.031175373165214495e+02 1.114831516187548317e+02 1.313607807428889203e+02 1.168802139584468875e+02 1.055464364153633596e+02 9.737251761317976673e+01 8.184762740304387307e+01 6.252926739185696192e+01 5.716387741832733127e+01 6.779996643977449367e+01 8.154616388154285289e+01 6.907393887962149392e+01 8.534933963256958123e+01 8.901488019625851678e+01 6.962549355155047692e+01 5.595474271492280138e+01 6.562925084535494591e+01 4.696762387130162608e+01 5.749994156402573964e+01 6.625343836348552884e+01 8.534334375158147168e+01 9.837426272498908020e+01 1.065569620099889647e+02 1.163750672476352719e+02 1.115547754566181737e+02
8.680389616715122258e+01 9.652928381703171112e+01 7.821529059272309325e+01 9.652928445857514816e+01 9.607125255231018457e+01 9.019746366518114655e+01 8.869889397063001013e+01 1.028935498554599945e+02 1.229136675097294784e+02 1.212486556555335540e+02 1.020514369155242491e+02 1.212486559983746446e+02 1.229107932738678812e+02 1.311996077768331475e+02 1.180724133905188893e+02 1.098347115490688282e+02 1.053775807753689264e+02 9.157950103853333701e+01 7.985139257349099751e+01 6.053981473659937507e+01 7.648967835856622344e+01 8.457299522216587206e+01 9.529236132331097053e+01 8.844045061087840054e+01 9.657770522396560864e+01 8.901490713975199753e+01 6.962549367300758263e+01 7.530452103573452405e+01 7.439122326997765811e+01 6.633037541332359410e+01 4.767845737458796407e+01 6.136077047033114695e+01 8.072377445807262575e+01 8.764515442273477674e+01 9.597643731042454363e+01 1.032823202219700107e+02 9.305126384374638349e+01
9.508285430498254698e+01 8.823514981039342331e+01 6.831650260944101660e+01 8.428961735125551513e+01 8.752162824308656752e+01 7.602060625199250410e+01 9.607125255252432794e+01 1.123426384025089533e+02 1.206204570616994118e+02 1.301268955679198029e+02 1.159796912221069647e+02 1.301268955679198029e+02 1.311282949297737446e+02 1.228233091804340376e+02 1.098347115490688282e+02 9.029188059445046122e+01 9.546401547679973021e+01 7.778142130169767654e+01 6.415117524519376957e+01 7.985139257349197806e+01 7.166376000990706530e+01 8.532519976461239253e+01 1.048227728031053516e+02 1.058670672948771028e+02 1.037479288657046084e+02 9.715619849659462659e+01 8.901490713974423841e+01 9.223769390818596037e+01 7.615216727992995516e+01 6.095969535790401039e+01 4.817691406720391711e+01 6.752799952483871948e+01 7.334473490596609224e+01 6.749536675598484692e+01 8.764518797346013912e+01 8.475726513833635067e+01 8.235850068316865702e+01
8.551330404259330464e+01 7.724526916114295716e+01 6.145496757989013759e+01 6.446059641107389382e+01 6.759817504332484361e+01 8.752162824316810941e+01 9.816438585378188009e+01 9.229156135734845634e+01 1.123426384025089817e+02 1.280290367730325443e+02 1.359650977839616530e+02 1.337218895825600384e+02 1.196903578817886142e+02 1.031111854516927053e+02 1.035462412208690210e+02 9.538441188304173579e+01 7.661299446202447427e+01 6.799635962836030956e+01 7.778142130169767654e+01 9.157950103853333701e+01 8.532519976460312705e+01 9.917998112192719873e+01 1.058670672949317009e+02 8.681775117761202409e+01 8.474858761031511278e+01 9.779275455310136067e+01 8.369847437460778394e+01 7.561322132418507636e+01 6.475580248997511035e+01 5.108063631650920655e+01 5.703642480735661735e+01 4.889662883765964807e+01 5.123717619464421347e+01 7.320913475331367692e+01 8.898938436771815930e+01 7.143847484751573518e+01 9.018312815047843856e+01
7.359919568016894686e+01 5.761056256718334367e+01 7.724526916114295716e+01 8.428961735125551513e+01 8.752162824316819467e+01 7.339219271744700279e+01 7.808082701701846418e+01 8.813187961591403052e+01 9.973442151021406232e+01 1.197568418846699814e+02 1.327659473333775111e+02 1.213127136744956687e+02 1.056588260057132942e+02 9.189470907292998447e+01 9.538441188304098262e+01 7.598975138084892933e+01 7.241071058076106226e+01 7.763253875209971966e+01 9.546401352157585052e+01 1.053775807753689264e+02 1.048227727119221555e+02 1.097932182660453577e+02 1.015983413875060819e+02 9.031321286546840099e+01 7.124089946353726077e+01 8.095610268589570069e+01 7.561322132407360641e+01 5.630428398483892494e+01 5.409717712332086137e+01 7.042635742268679167e+01 7.463933867251917320e+01 6.825319827016286922e+01 4.961356097348733840e+01 6.318635558597181756e+01 7.730988005485349390e+01 6.537361443281236006e+01 7.492452380770282616e+01
5.403355765863084770e+01 7.359919568016894686e+01 7.141335237092076227e+01 9.132476177072857126e+01 1.017268107217155801e+02 8.494840057326246097e+01 9.229156135734426414e+01 8.968632548127709470e+01 1.012845251544250402e+02 1.213037181746438762e+02 1.244517787005080294e+02 1.047113692213197851e+02 9.349214406254111509e+01 8.738436317220055116e+01 8.156238158827325435e+01 9.538441188304034313e+01 7.923031445989975907e+01 9.131689316722071226e+01 1.052161836727500202e+02 1.218748240513382086e+02 1.136217515901667241e+02 1.015983413875060819e+02 8.206803496168208767e+01 8.382239320026879170e+01 6.444495238904987389e+01 6.195175579354980044e+01 5.950938815377151769e+01 7.561322132420568209e+01 6.775514214109892919e+01 7.341152060256339951e+01 8.377712829386273086e+01 6.388919333361780417e+01 5.011886870999425270e+01 5.417042658150319312e+01 5.833296947143833933e+01 6.941830963753277217e+01 8.824779038807770348e+01
6.522824200329978339e+01 8.184930538559061119e+01 9.132476177072857126e+01 9.961325574547321082e+01 1.133021999841836305e+02 1.050176078647679958e+02 1.123426383465887852e+02 1.097456316953115163e+02 1.180253791275000452e+02 1.295748599406108497e+02 1.270374893194339450e+02 1.072627654479058066e+02 1.130546479737520542e+02 9.739231949994876913e+01 9.525413159497436766e+01 1.068272722202827509e+02 8.786861346968440500e+01 1.068271627574598455e+02 1.191148849514561761e+02 1.136217515901667241e+02 9.401175189808520827e+01 9.975520861209118095e+01 8.778832927515480833e+01 6.835922763057017448e+01 8.382239320014737416e+01 8.125788485892617530e+01 6.558219876956054861e+01 8.492572079094135518e+01 8.715689719141275305e+01 9.272676371517177074e+01 8.337614877581656003e+01 7.003608197514883216e+01 5.062742235931346357e+01 6.999993531405915803e+01 7.736528394927789520e+01 8.518134214961902728e+01 9.612899567534198297e+01
8.503475050710693495e+01 9.332048015995346191e+01 9.357956668119911114e+01 9.576749330812185690e+01 1.040385389371407712e+02 1.132513835285076453e+02 1.095359079306038979e+02 1.177916762875950951e+02 1.293029759076393930e+02 1.391783212142083528e+02 1.353626621072941703e+02 1.270374893194323818e+02 1.252931313406406275e+02 1.170183900076656158e+02 1.148504785126390857e+02 1.155953184476889248e+02 1.016022969794234854e+02 1.155954078968278509e+02 1.197982741589668194e+02 1.115612943299672395e+02 9.975538782882975397e+01 8.023991620466310337e+01 7.290338475330138124e+01 7.701060204301930412e+01 9.592885612633693881e+01 9.306179071846365503e+01 7.671037480478612736e+01 7.922529342367944594e+01 9.870082294809233758e+01 8.676313815271041108e+01 6.667994728553803441e+01 5.579651820697868203e+01 5.113700905238517436e+01 6.905174779821612674e+01 6.415218390886072086e+01 7.377067751391945194e+01 8.487660774962829180e+01
9.512855765781073103e+01 8.683087044808914357e+01 7.345239676794291483e+01 7.565720094163117437e+01 8.495878322741448585e+01 9.800567513256193308e+01 8.956495890129816928e+01 1.011061655622369813e+02 1.210511501531511271e+02 1.201300891992504489e+02 1.336301533489746305e+02 1.174507536380966002e+02 1.089092326853186989e+02 1.174507535726227019e+02 1.110020208345549690e+02 1.194807188274777729e+02 1.212910782321561101e+02 1.229311616609787734e+02 1.032379703530695281e+02 9.199081206416632028e+01 8.510996494534653323e+01 7.862311547253329991e+01 8.158756906218742699e+01 9.650703911073679819e+01 9.290925668728196740e+01 1.043570254418171572e+02 9.615073261384320347e+01 9.871087032880876677e+01 1.069909079765325259e+02 9.505268347943901119e+01 8.339110413242181608e+01 7.514004227741382635e+01 7.055815090162344916e+01 5.186883517314101510e+01 7.130010747637408031e+01 8.873276091715213454e+01 8.079487956064723164e+01
8.347842366674997550e+01 6.659154416275377741e+01 5.905595360174334019e+01 6.472704393407070711e+01 7.119406976235150353e+01 7.796251920184792539e+01 9.800567513256193308e+01 1.051483893328598782e+02 1.122967325375651910e+02 1.066520388195318816e+02 1.194582305628179881e+02 1.070905169167395741e+02 8.814757915948865730e+01 1.033477764112993924e+02 9.034056211734166197e+01 1.075842827334469689e+02 1.194806904269947552e+02 1.312230921214589614e+02 1.197982759715475112e+02 1.115612943299672395e+02 9.239265498496939699e+01 8.510996494534653323e+01 1.011089192797557956e+02 9.750421758189442301e+01 1.125120513363737160e+02 1.207309686766019752e+02 1.130291696834117090e+02 1.047862838766164799e+02 1.042198802749971378e+02 9.567903169065064617e+01 7.631355361382406954e+01 7.322473894334726197e+01 5.333029655379772294e+01 5.241030887169831232e+01 7.183160946005159531e+01 7.314470589234676368e+01 6.327088702652669383e+01
7.118929434241171350e+01 5.484686045770408214e+01 7.514569233702574991e+01 6.461545930544859573e+01 6.929955340560660204e+01 7.420517501986296338e+01 7.994959742265548641e+01 8.584505194726570210e+01 9.312887490943299440e+01 1.122956713023469746e+02 1.107633166967712270e+02 8.976812316160402361e+01 7.772189427926490168e+01 8.262577845489965966e+01 7.831710032892948448e+01 9.034056211734146302e+01 1.110020205997259808e+02 1.264784665934616896e+02 1.281189520310960290e+02 1.083600556728878956e+02 1.115612862675128696e+02 9.199081206416630607e+01 1.115612862675128696e+02 1.171480025101836020e+02 1.254115715505693345e+02 1.178041435024486674e+02 1.047862838766164799e+02 8.517251696124385774e+01 9.036706787452989431e+01 7.651401675930402746e+01 7.633367275867171031e+01 5.668058543431276775e+01 7.314164173540724789e+01 5.779202566082536663e+01 5.318655615529726788e+01 5.373984200341296713e+01 5.429639288059130564e+01
5.095369366262164590e+01 6.261341604567527952e+01 8.290399406512349856e+01 7.230909191155878091e+01 8.927785718627187350e+01 9.398916088991165907e+01 9.037070419083434558e+01 1.051483893328598782e+02 1.085596454343490223e+02 1.171229224741132242e+02 1.085503141364767572e+02 1.033477764112993924e+02 8.262577845489965966e+01 6.798853824090073772e+01 8.869511113659535795e+01 1.018339104363355005e+02 1.137305221846298195e+02 1.060440810256941688e+02 1.204661358624632754e+02 1.281189520310960290e+02 1.197978537445814737e+02 1.032379703501089381e+02 1.197978537445814737e+02 1.242899252753245634e+02 1.159983026277087106e+02 1.094044722750166159e+02 8.987306723311979795e+01 8.987306723196495284e+01 7.148222609015878959e+01 6.299550850861317031e+01 6.051588391864233785e+01 6.243286767143220573e+01 8.163021780756723444e+01 7.868943117726755077e+01 6.189447641648752807e+01 6.745569828404541113e+01 7.368567738616613383e+01
5.617860195517624078e+01 7.649160089256899653e+01 9.122060783604510448e+01 9.233997316570574299e+01 8.501524728789445362e+01 1.049440627543332312e+02 1.100894468571610361e+02 1.182792980583249260e+02 1.230449718204034042e+02 1.040491625331110868e+02 8.647617840208017981e+01 1.040491625331110868e+02 8.437338502869086199e+01 6.379312845811729460e+01 7.265856638298697590e+01 8.458989373623572305e+01 1.052530755392496360e+02 9.149066841093532787e+01 1.102217596327641616e+02 1.155706097466979543e+02 1.240006733297500290e+02 1.229310984271258462e+02 1.312217791735667163e+02 1.159983026277087106e+02 9.624122532938605445e+01 1.011724600714627229e+02 8.160133758077299149e+01 7.043152987884035099e+01 6.669971778117339056e+01 8.222564655971791581e+01 7.976312514585072222e+01 6.817794411850805147e+01 8.749847217459556248e+01 8.125188112223987957e+01 7.554701594153972621e+01 8.682424094152446514e+01 8.121104905510755145e+01
