MOVIE_S3_data/elevation_000849.asc
nrows	100
cellsize	150.0
xllcorner	0
ncols	100
yllcorner	0
NODATA_value	-9999
[rows 17 to 33 of 100, columns 37 to 73 of 100]
7.799066686433316420e+01 7.429799227874276824e+01 7.153124307494790912e+01 5.270774875186894803e+01 7.168403924183397180e+01 6.621296314678909312e+01 8.079567703276894974e+01 8.672769777954664505e+01 7.479079251063309641e+01 6.193198759431904676e+01 4.199551421362968995e+01 3.893971857505263756e+01 3.899131476971715671e+01 5.851242604253314283e+01 5.101734137044441297e+01 4.577851183312967720e+01 4.503466439470297189e+01 6.494666273758475938e+01 7.492832665450147545e+01 8.360008347524653516e+01 9.277107524690076445e+01 1.013839930078508047e+02 8.553767026446799093e+01 7.664092948485708234e+01 5.970903402851779163e+01 8.116401820244978182e+01 7.599119164172100227e+01 8.859211554452218707e+01 1.105223118502809569e+02 9.788206929189280459e+01 7.742114537564273746e+01 9.788206929189280459e+01 1.078829098409755574e+02 9.105110545606240180e+01 8.062980686664057828e+01 7.401254125193266020e+01 5.547292334496237487e+01
8.670584573174794230e+01 9.494235739146633080e+01 7.813529491077923694e+01 5.896788423292166215e+01 7.813529947936251574e+01 8.666428396796622735e+01 8.805271960898986094e+01 7.803459291341150106e+01 5.748837075179842770e+01 4.609983729049972823e+01 6.193198759431904676e+01 6.388823420240611739e+01 4.313725016804363577e+01 3.954459972885103980e+01 3.994154471141527551e+01 4.034068071652001208e+01 5.999635091008347842e+01 6.917059924739082533e+01 8.101770536157717117e+01 7.803075931770460727e+01 7.192533211946306437e+01 9.277107523275724077e+01 7.664092948473957279e+01 5.521183583624298308e+01 7.664092948485708234e+01 9.006227604869668824e+01 9.786090711212519011e+01 1.066541595454071540e+02 1.032946183666452953e+02 8.871977113652884839e+01 6.674620999323158799e+01 8.871977113684124561e+01 8.711529383821947192e+01 8.205163029393268914e+01 6.184934595917362543e+01 5.449446515499206356e+01 7.436337280917571491e+01
7.883470114528317652e+01 9.937814153663737216e+01 8.684056881269853534e+01 6.818702632256552931e+01 8.684056881269853534e+01 9.145880160478451160e+01 7.044789561871083095e+01 5.869867466877330031e+01 5.059498187808109293e+01 6.013214021440344226e+01 7.479079251567172548e+01 7.338454022291513468e+01 6.419253085450380070e+01 4.723787279074954171e+01 5.955020892754129846e+01 4.911755631418368040e+01 4.092079190383135057e+01 6.062791703178631053e+01 6.085195544894156683e+01 5.800083165030706311e+01 7.803090880706956511e+01 7.844839845723706162e+01 6.955083416901793214e+01 5.220601102642901026e+01 6.402882140643450271e+01 7.836772522826066734e+01 9.951068513627754442e+01 9.645260513224481258e+01 8.074464479829977392e+01 8.139525075559222955e+01 5.994895271880521648e+01 8.139525075559222955e+01 8.711529383716978714e+01 6.671605276387880679e+01 7.269085214283505536e+01 5.380063600382068500e+01 7.366964272961726579e+01
7.883604761560094687e+01 9.435734411581043446e+01 9.707620728783344077e+01 8.823941465977020471e+01 9.728786287556141588e+01 1.001982515645840124e+02 8.805271878918495077e+01 7.465636728791477594e+01 5.417874870926319630e+01 7.465636729091514212e+01 8.944944481694007266e+01 8.191109052659241740e+01 6.128637415360027063e+01 6.732721371920047204e+01 6.673425411764500836e+01 4.665808361353818157e+01 6.060736366783488904e+01 4.151306785485891027e+01 4.777629135351963896e+01 6.732447688299419042e+01 8.094045277567367691e+01 6.787047983099134285e+01 4.834012247660194106e+01 6.955059119002913803e+01 8.249215232146163146e+01 8.534552892630125598e+01 8.411991702835776152e+01 8.453141076059660008e+01 6.502109069821314336e+01 7.231770353911274185e+01 5.415473414523113860e+01 7.518007479888356670e+01 8.017420523815547995e+01 7.171864611676714674e+01 5.281914123263402416e+01 6.004203990295548721e+01 7.929338977539356392e+01
6.713315169555124839e+01 7.378537393422111279e+01 8.288805433982298609e+01 9.489707339393466157e+01 1.155740558382494783e+02 9.556581639328351230e+01 7.424109810351031058e+01 6.235985086716208770e+01 7.465636729091514212e+01 6.174067931937075571e+01 8.250426501684168556e+01 9.058499939229317022e+01 8.191109052659241740e+01 7.356044687499021961e+01 5.308793620191703155e+01 6.673627665083724025e+01 6.979207263362999925e+01 5.527689671416619888e+01 4.210676668821756863e+01 5.839626523995045204e+01 6.426977294559220866e+01 4.528051637324701773e+01 5.334124122173435012e+01 6.860091026224800714e+01 7.915074562969218164e+01 7.004897340983626464e+01 5.368539919977745001e+01 7.232705331291768402e+01 6.711690374074795784e+01 5.149267663826519481e+01 4.883764755728631002e+01 6.913143005555043885e+01 7.111855793646303425e+01 5.184520727468491685e+01 6.575426875730320830e+01 7.928874263878068973e+01 7.343294259721528761e+01
8.751232964475973120e+01 9.435572047674268958e+01 1.028000890594252610e+02 1.120089132018583911e+02 1.238143363813746731e+02 1.043990673549001968e+02 8.327451917996684472e+01 7.069580861374866743e+01 8.856099371902330120e+01 6.757987003934492520e+01 8.856099371902330120e+01 9.659409351298373281e+01 7.553238484311849277e+01 6.094624493900099083e+01 6.744145017611852211e+01 8.223550999929651084e+01 8.429509328627747777e+01 6.943390593380087239e+01 5.521880739742633182e+01 4.269364119214400688e+01 4.310846372777200486e+01 4.352064453345003869e+01 6.347992039186033963e+01 6.897864577769772154e+01 4.591128178975776564e+01 4.593867398238892008e+01 4.638303883889072665e+01 6.128295716099142254e+01 6.723446801525820149e+01 4.817000333398807044e+01 6.635571772664651746e+01 4.951298594129202257e+01 5.838695133704120366e+01 5.115973439973841863e+01 7.632600283928270812e+01 9.470022729691550012e+01 9.344176083452238402e+01
9.145113450558682189e+01 8.309390729571683210e+01 9.066886745500131894e+01 1.001582572814394894e+02 1.124483925666342969e+02 1.137531346852971552e+02 1.011703989366626502e+02 8.125689277061231053e+01 9.563331525531950206e+01 7.441635064643061526e+01 9.563331525531950206e+01 9.293725109907472870e+01 7.191655516499720591e+01 7.281128872846912259e+01 8.833301158723514845e+01 9.036360081221963014e+01 8.104284334735150708e+01 6.722682653907165218e+01 4.706170613944873082e+01 5.800668805317373256e+01 5.379199331197849432e+01 6.205622909130156017e+01 4.411478344798841533e+01 6.284753392924074689e+01 4.533526677003191452e+01 5.797462772212467996e+01 6.156611885639068760e+01 4.704124947761454223e+01 4.750706821023556614e+01 6.775567586371646200e+01 7.524029525514110617e+01 6.978048936602979779e+01 5.019229219112752105e+01 7.055662935094548516e+01 7.882375121613921465e+01 8.689854878146488204e+01 9.599119843575410016e+01
7.408806150057934303e+01 6.207856077900817127e+01 6.969580835999022383e+01 8.155565708395670299e+01 1.031496725550078253e+02 1.190739139921151803e+02 1.128888721196408653e+02 9.739125981336303539e+01 1.043999906237043120e+02 8.492077178076954169e+01 1.043999906237043120e+02 1.016410491775761642e+02 8.234013689738917208e+01 9.384508365959928256e+01 1.025449697154326429e+02 8.159841818702348348e+01 6.088877722703026052e+01 5.194078443451233795e+01 6.659137110340473953e+01 6.594355149735773125e+01 6.596508011730169585e+01 6.520667719282597830e+01 4.766333073233243312e+01 4.471705791995803736e+01 6.136339596167611887e+01 6.948296756972207788e+01 6.102164354368534305e+01 6.322383020651103180e+01 5.024702476023426811e+01 5.962851991134416352e+01 8.048861772573395967e+01 7.910063595079942900e+01 6.450945440201955705e+01 5.115487712937444797e+01 6.222936193390482629e+01 6.700444404924984099e+01 8.741278617733318868e+01
5.323265093961943251e+01 7.408236313827752895e+01 9.037975102761151902e+01 9.965296471088204555e+01 1.044174687730699560e+02 1.008494517118665499e+02 1.183191899834306184e+02 1.213208708368881759e+02 1.150535291647271663e+02 1.063458587298696187e+02 1.150535291647271663e+02 1.121970734357895196e+02 1.035343653277580529e+02 1.121970666732724879e+02 1.027722408825246987e+02 8.159841804574986668e+01 7.645821836453873743e+01 5.590750879794072148e+01 7.645821847983992825e+01 8.611322384126981433e+01 8.390377951141542212e+01 7.660695056489807087e+01 6.728960693180567887e+01 4.800226484938860239e+01 5.861617658588617985e+01 7.609789707500215172e+01 7.349194117045558983e+01 5.455277196285033625e+01 7.171609002713098846e+01 7.966566134200728300e+01 8.049748123159081103e+01 9.376822718998990069e+01 8.014225260544900209e+01 7.155322473507494863e+01 5.212214164019847829e+01 7.255360030344786537e+01 8.313498338609019811e+01
5.104637997532812221e+01 6.525220237558380632e+01 8.711342917177003642e+01 9.405973245939296135e+01 8.604612577342136603e+01 1.040714324428180788e+02 1.100025724271596914e+02 1.197232524303515930e+02 1.248584802257003048e+02 1.235202226811499600e+02 1.150185657759731583e+02 1.199907920988279670e+02 1.206701532631275740e+02 9.925325493489393125e+01 8.411352730682563106e+01 7.364913252119659148e+01 6.449423005153445843e+01 6.259942277104563146e+01 7.645821847984002773e+01 9.755725862747497956e+01 8.681079563307058322e+01 6.526625770601771137e+01 5.341585384805981107e+01 6.239640116501850287e+01 7.586810765798379919e+01 8.593839660679485348e+01 7.847491869714554014e+01 5.804869528452708494e+01 7.241188102620948541e+01 9.311238678748212294e+01 1.015050710074373654e+02 9.717682226628541287e+01 7.578605774736408307e+01 5.365703932432994350e+01 5.283833274584242190e+01 7.326441335576936353e+01 6.246776006022005134e+01
5.168674655541936147e+01 6.737639279610729659e+01 9.042100015896050991e+01 7.604930322040075907e+01 9.405973245848835518e+01 1.001190233394428759e+02 8.826099606344844517e+01 1.061396292466836826e+02 1.039093268091083075e+02 1.039093268091082933e+02 9.383767498971981524e+01 9.892393190398192360e+01 1.199907920988279670e+02 1.143007563447489758e+02 1.003851380443478689e+02 7.912507402784733301e+01 8.535200256177252243e+01 7.446381980285943314e+01 7.568748596071804968e+01 9.738423011331283874e+01 9.593243402775942741e+01 7.880370275736905228e+01 5.762811882589632972e+01 7.878499345435619716e+01 9.267684865674621619e+01 9.719155767946054425e+01 7.639178410514844586e+01 6.204203948243155509e+01 7.371848344088061822e+01 9.445767397595506054e+01 1.026268502663016875e+02 8.873143933424900354e+01 7.660793244028387505e+01 5.585740213103981944e+01 7.326511505114494582e+01 5.384766977365406149e+01 7.432167753847143388e+01
5.232775673343260792e+01 7.235341961599775118e+01 8.182873565824863249e+01 7.034798611799504897e+01 8.209292912536344033e+01 7.952223756209077976e+01 7.698100378486904560e+01 9.726358338905295398e+01 1.020208258913923345e+02 8.283936169788577786e+01 8.173626576595140136e+01 9.660337124683570664e+01 1.177250672597376422e+02 1.199604158851876576e+02 1.091705952546495979e+02 1.003851380482626610e+02 1.046190329852750267e+02 9.577043121946749693e+01 9.124604058391668104e+01 1.063952597200950549e+02 1.007794752401105995e+02 7.879931910248663485e+01 6.486922601919970077e+01 6.682588352704834733e+01 8.852560969011614134e+01 1.018752793788456614e+02 8.092903916442786283e+01 6.658097885198361610e+01 8.706405088393276515e+01 1.031305375793956927e+02 9.234415257092614127e+01 7.392183526854175568e+01 5.941024886014585604e+01 7.660793244053587614e+01 8.291402408176190875e+01 6.824617824178434944e+01 5.487179190715620791e+01
7.235341797961628174e+01 5.325626066441448359e+01 7.329234680413078706e+01 7.188077064112351877e+01 6.247857547229081376e+01 6.713945330080846929e+01 8.544066254579148278e+01 9.495489303652632884e+01 8.634750907595544334e+01 7.288779369576432998e+01 9.337434425215239742e+01 1.114013698278975113e+02 1.137103582437645741e+02 9.937956361887245293e+01 1.096699839823614582e+02 1.179077942684573372e+02 1.236707978436680833e+02 1.151923336371442304e+02 1.146062763852982442e+02 1.161098400615239399e+02 9.303199479886535528e+01 7.713426447532995667e+01 8.653107202468744674e+01 7.421985176897470637e+01 9.628137351965112600e+01 1.041828989377272876e+02 8.321667757885215622e+01 7.211710774339969987e+01 9.280062697354064483e+01 9.852139400874193598e+01 7.764358366108777432e+01 6.304831372128644063e+01 8.010042114999379237e+01 8.873143940997231027e+01 9.751856193453878063e+01 8.283817677143754565e+01 6.975444249671127750e+01
8.108728759030017841e+01 5.552925820444711746e+01 5.419044119618919808e+01 5.485225943787028058e+01 6.019719351047196199e+01 7.602627948735975849e+01 8.508815541695797435e+01 8.634316358288590720e+01 6.651280357307608426e+01 8.634306467925730999e+01 1.008126023186449913e+02 1.155184236807167935e+02 1.034193301453925784e+02 8.460448139787712307e+01 8.893200278217828725e+01 1.096699839823377971e+02 1.117581840360359564e+02 9.449097251213578375e+01 1.063939103123285435e+02 1.154302529968270079e+02 1.090815990852373005e+02 9.338535051995800984e+01 1.054143189302734811e+02 8.504279719547808725e+01 1.054143189302734811e+02 1.128290849444853308e+02 9.912227767694804470e+01 7.815573422861703534e+01 9.912227768606965128e+01 9.909659144980643930e+01 8.643170804518092609e+01 6.569323674910117461e+01 8.030558767542972021e+01 1.012214709263449208e+02 9.492293632169401008e+01 7.391388368159159938e+01 5.933635838926434047e+01
8.581527754695643750e+01 6.483213962972160971e+01 7.423458000197248907e+01 6.819887667934014530e+01 5.580445675037644548e+01 5.648045246125788310e+01 7.653778504015765805e+01 7.820657626227055914e+01 6.252692309254955916e+01 7.195386218350853369e+01 8.608694136368924887e+01 1.055095377179480209e+02 9.499616058044301781e+01 7.445496055283226156e+01 9.500599714342024527e+01 1.016140010084073850e+02 9.395821190575178150e+01 8.293813460188127351e+01 8.686501020680054808e+01 1.011794944037393549e+02 1.214189720147651030e+02 1.178582826543340616e+02 1.165558741276802692e+02 1.075200675235026893e+02 1.165558741276802692e+02 1.125572223929274571e+02 9.131470966800820577e+01 9.290510975984207676e+01 1.078174483611047805e+02 9.042503562493149616e+01 6.964002104159219186e+01 8.643170804518092609e+01 9.508851679463317907e+01 1.056484188459375275e+02 8.435812241837597014e+01 6.963113035854755140e+01 6.184631493210540754e+01
9.452934728315958068e+01 7.709774813387460313e+01 9.310322211638057865e+01 7.349728888607062061e+01 8.049034595843760087e+01 7.617221390079839693e+01 5.743785944207444771e+01 5.812967009772155080e+01 5.882039793096873836e+01 7.891081740524603561e+01 8.847321164854925257e+01 8.794228954369744145e+01 7.666852318139659417e+01 6.872508382766859825e+01 8.423870286562237197e+01 8.354156792299386325e+01 7.453668230612343848e+01 7.375388612050402060e+01 8.843361446108740154e+01 1.089542515337224557e+02 1.199989204445189728e+02 1.108658147082710315e+02 1.166862371302300403e+02 1.251600440750649739e+02 1.338064346077249240e+02 1.211684556109922397e+02 1.063791955607969584e+02 1.141318488022010769e+02 1.082033379643495437e+02 8.717716362853199996e+01 7.251354218746756430e+01 8.717716362853199996e+01 1.082033379643495437e+02 1.056484188454540032e+02 8.435812241837597014e+01 8.549074747796615270e+01 6.456906544410671245e+01
1.065553717763127821e+02 9.795809855990961523e+01 1.041137331618142809e+02 9.540923366895393087e+01 9.401547778909286990e+01 8.071555305889816623e+01 6.056591405273447037e+01 7.820657331301877946e+01 7.891015597459350772e+01 5.981141341324048710e+01 7.992242925023067812e+01 6.183129056303500448e+01 6.255822507518397657e+01 6.328740641693172364e+01 6.402637889548928740e+01 6.476813163799567974e+01 6.551115964246520207e+01 8.578413412090348800e+01 9.548096607621337739e+01 1.101504399678259887e+02 1.085224647786195789e+02 9.097627909347984598e+01 9.555336546583409074e+01 1.044851679860412332e+02 1.210098670583094247e+02 1.303559987483264706e+02 1.274722987169184876e+02 1.180382518445343294e+02 9.686996817956020323e+01 8.477528978024191986e+01 7.553765526458018087e+01 8.476664298840992728e+01 1.056322677863450394e+02 1.144370080543486381e+02 1.056484188454540032e+02 8.840487976187860397e+01 6.737789603980284880e+01
