MOVIE_S3_data/elevation_000640.asc
nrows	100
cellsize	150.0
xllcorner	0
ncols	100
yllcorner	0
NODATA_value	-9999
[rows 0 to 16 of 100, columns 37 to 73 of 100]
5.060855360739980568e+01 5.791508992463161576e+01 6.605163186094387129e+01 7.583035476267109232e+01 8.694536060648461273e+01 8.117209642973092798e+01 8.117209642973092798e+01 8.935813915199651092e+01 9.617649159641688072e+01 8.796253267924635111e+01 9.617649159641688072e+01 1.026282622970925615e+02 9.439720492276661901e+01 1.006364674550708003e+02 1.064581096131895350e+02 9.814082437530448999e+01 9.000383683285555492e+01 9.253499892592944320e+01 1.006824310778083031e+02 1.111209323868658032e+02 1.007425851919377493e+02 9.260302488560260770e+01 9.122804224731459044e+01 9.476976591039345976e+01 9.857602946362908369e+01 1.029232800044741936e+02 1.086976813386371390e+02 1.098331798262737209e+02 1.180487680618630861e+02 1.236439734971769155e+02 1.154271495513501264e+02 1.128643912068115895e+02 1.210731687478013896e+02 1.195415356856778146e+02 1.116484273741434237e+02 1.091949065900169415e+02 1.170770893607529217e+02
3.144438907155083029e+01 3.858483664602476892e+01 4.817194966204896645e+01 6.765823018721438586e+01 6.729005775665056888e+01 6.153992906487292913e+01 6.153992906487292913e+01 8.117209642973092798e+01 8.632934934803444094e+01 6.832456735985768148e+01 8.632934934803444094e+01 8.303194888229634785e+01 7.471200401964311766e+01 8.090618693323978050e+01 8.668505230337117951e+01 8.689745320746476409e+01 7.060030202537690514e+01 7.311247533712129609e+01 9.253499892592944320e+01 9.154307542264281494e+01 8.950122975382602419e+01 7.320700035130332139e+01 7.182548424527749376e+01 7.537094648321193802e+01 7.916781733180343394e+01 8.348178455536965714e+01 8.917606673600499789e+01 9.028903174101711215e+01 1.098331798262737209e+02 1.122899854870698704e+02 9.583249632673668827e+01 9.329830453722540540e+01 1.097341279159678038e+02 1.116484273741434237e+02 9.263058336887668531e+01 9.015213942865879915e+01 1.009125294700773452e+02
4.182589406762349427e+01 5.742505918589719016e+01 6.556358401942208047e+01 7.583035476267109232e+01 6.729005775665055467e+01 4.767833516906554792e+01 6.108828653503663730e+01 8.072980809589724061e+01 7.814355001955198077e+01 5.857469318230429423e+01 6.835912160092813394e+01 6.342824534478313581e+01 6.342824534478313581e+01 6.705557287336988281e+01 8.668505230337117951e+01 7.880120078852755228e+01 5.937694933750861992e+01 7.880120077496899000e+01 9.265137635075501521e+01 7.783744438131716947e+01 8.080113807463015974e+01 6.198912385127054847e+01 5.806527261682322916e+01 6.163943028108438682e+01 6.547800480089249220e+01 6.983982237758763745e+01 7.667453736972225897e+01 8.777165844986765819e+01 1.072717814406113348e+02 1.041141712374421786e+02 8.461596373560213635e+01 8.208945076029732490e+01 1.009921134167734493e+02 1.104801019430129827e+02 9.140087826469276422e+01 7.896918734264532702e+01 8.180893969108061015e+01
4.355930856069178958e+01 3.791148397337011744e+01 5.742505918589719016e+01 5.969121225983278833e+01 6.108828653503663020e+01 4.149632378059924065e+01 6.108828653503663020e+01 7.551002358116740254e+01 8.193301380310221305e+01 6.835912160092810552e+01 4.884841207376718586e+01 4.965496120100705468e+01 5.580298826401004675e+01 7.535196707040768160e+01 8.687006548967453057e+01 7.294456857318948551e+01 5.349789700353491639e+01 6.509780811595737759e+01 7.887459762220471760e+01 8.140472379693412108e+01 6.198912385112457457e+01 5.325541055739228824e+01 7.272180421157817420e+01 8.105272914642013404e+01 7.666303049361626165e+01 8.917606673600498368e+01 8.097608738480784041e+01 1.003774468402480551e+02 1.154813231408677012e+02 1.066602357454099632e+02 8.713933702809346471e+01 7.337603303737637361e+01 9.285687588753968669e+01 1.042600707695392401e+02 9.140087826469276422e+01 7.205528434555625950e+01 8.546041434226818012e+01
2.446568794655307855e+01 4.362687782792561109e+01 5.300067696861982114e+01 4.011001339775834396e+01 4.967772751794983321e+01 3.645168193507902288e+01 4.774294847777049711e+01 6.734952674345163359e+01 7.375993341027411532e+01 5.421631721280662930e+01 4.293971273088671836e+01 6.247642133772765760e+01 7.535196707040768160e+01 8.352976785917357461e+01 7.876887799414983249e+01 5.933899931966549701e+01 4.810422227140786333e+01 5.134789001823631338e+01 6.914243927698409209e+01 7.490534067194940349e+01 6.985163467175524943e+01 5.038743346147592916e+01 6.985163467175524943e+01 8.638422273408902186e+01 9.603917098042073519e+01 1.041934708288948883e+02 1.003774468402480551e+02 9.677193451329250706e+01 1.164201369565148383e+02 1.054578911933085834e+02 8.798666517499880513e+01 6.846654694391213525e+01 8.798666517499880513e+01 9.613446713770456142e+01 7.658856042833429001e+01 7.972181547292646542e+01 6.583087727659045640e+01
3.360664584082574180e+01 4.764644116465251500e+01 3.924149769792511933e+01 2.635236760349417651e+01 3.013566508372418795e+01 4.139780445456730718e+01 6.098831276391103273e+01 6.993610796695112697e+01 6.265381458369819256e+01 5.452064339998263165e+01 3.948201178930258237e+01 5.081629303319130742e+01 7.035782651372136343e+01 7.864024088646330313e+01 7.055209001935082824e+01 7.562939226352854405e+01 6.106875274417286192e+01 4.163760285522810278e+01 5.915494181253406225e+01 5.546482901887653583e+01 6.329227118818750597e+01 4.761666620974246911e+01 5.885687742703938596e+01 7.829153252928243489e+01 9.285883231523959580e+01 1.009800068900921985e+02 1.104886906184229929e+02 1.164201369565148383e+02 1.075850795154951669e+02 9.629046522113783624e+01 7.779378039130193656e+01 6.392629644152273727e+01 8.350844292577397709e+01 9.877236864964999086e+01 8.019848094813316663e+01 6.051317419748266957e+01 8.020807090165541808e+01
1.576434417423399381e+01 3.943447696069149089e+01 2.132575364279291108e+01 4.080109088322483757e+01 4.967772750897201206e+01 5.781418865382267569e+01 6.913981966885421571e+01 5.032927752719800196e+01 5.032927752719800196e+01 3.486139485508748237e+01 4.624969654810880826e+01 6.569599749617377427e+01 7.852132429648008838e+01 6.740411272986455060e+01 5.111744938018723161e+01 6.277266576398647402e+01 5.470466781838657511e+01 3.775212527446377209e+01 3.972888109046994032e+01 4.173047664317225269e+01 4.385562833825552076e+01 4.758158278815573539e+01 6.703633666208402531e+01 7.700097605737195749e+01 7.343580904494979222e+01 8.284949915213243798e+01 9.782810122493022220e+01 1.075894296244451880e+02 9.942491398487446475e+01 7.991903765277473326e+01 6.862463497005298052e+01 5.974900743461145680e+01 7.425803997972609238e+01 8.237843736766829750e+01 7.112256926577261140e+01 5.708792661435460047e+01 6.860784107371837592e+01
3.435556124370745579e+01 3.544971911419971633e+01 1.845342013041587848e+01 3.178557125898382907e+01 5.160646990471299489e+01 6.222368323279166447e+01 5.453690693874050766e+01 4.640253487372030605e+01 3.069556425980971426e+01 5.032927752719800196e+01 6.256963085092939991e+01 7.370454216641411449e+01 6.851924170892597488e+01 5.814587698291062168e+01 3.988882936673349633e+01 5.229316838301748049e+01 3.526125160933601421e+01 5.470484994177039084e+01 5.915494181253406225e+01 4.858649234601261924e+01 6.329218327407463818e+01 6.703633664260736680e+01 5.319498568821164497e+01 5.755866832629094176e+01 6.345084142069562461e+01 7.033269265988313634e+01 7.998865780462027431e+01 9.940437683303252925e+01 1.008375415304585658e+02 9.105338536587869669e+01 8.292991717967717591e+01 7.425803997972531079e+01 5.440465915227171934e+01 7.425803997972609238e+01 7.377838498989943616e+01 5.387547836892752429e+01 7.377145529251743028e+01
1.680637084123505787e+01 1.713940782097760263e+01 1.745686939386264669e+01 3.570136854234901591e+01 4.441390019086691154e+01 4.267646947476885799e+01 4.268668458860265247e+01 2.691612069663185025e+01 4.639179596129263672e+01 5.846394966297670237e+01 6.796017821148167570e+01 5.988316645653132753e+01 5.613625192681804066e+01 4.243491585915155895e+01 3.116291885411226659e+01 3.283096364485063390e+01 5.229316838290824876e+01 5.113789471553647559e+01 7.057598063383355225e+01 6.803490551685810317e+01 5.982274224995400402e+01 7.925274174341596733e+01 6.444831632856509884e+01 7.700097605737195749e+01 7.343594976556279619e+01 8.969651731882647994e+01 9.783108316455482623e+01 1.075894296244451880e+02 9.269606551754637280e+01 7.316376884180799323e+01 6.328766046901262143e+01 5.656660505481600154e+01 5.085748470547371625e+01 7.085319613463315136e+01 7.077271062518087774e+01 5.075353092843297986e+01 5.847617380971944812e+01
3.501913026574871424e+01 3.422834943285884179e+01 3.482531695328211896e+01 1.788919614101114774e+01 3.628923627322048162e+01 3.918865962494268018e+01 2.342113263093369824e+01 4.268668458860265247e+01 5.453690693874050766e+01 6.380244180233152917e+01 5.988316645653132753e+01 4.043160071222805385e+01 4.612883241403851287e+01 2.886691207591663400e+01 4.834955033312707684e+01 5.205665069571489312e+01 4.660133708285599141e+01 6.605202617658434860e+01 7.866681464474174845e+01 8.735316311070938866e+01 7.925274175593844461e+01 7.925274175593844461e+01 8.386208609365120026e+01 9.197410852460191677e+01 9.286352397552894899e+01 1.010094563991143133e+02 9.823305342589878819e+01 1.041859589968994726e+02 1.008375415304585658e+02 9.105338536587869669e+01 8.292991717967717591e+01 6.752056142057935517e+01 4.743601538741253165e+01 6.751649306857976285e+01 6.425178310531772752e+01 4.793442279446552590e+01 6.801890204122507555e+01
5.110642689876107880e+01 4.321785014272850134e+01 2.416756066633930899e+01 3.524661233554879658e+01 1.831386944158144203e+01 2.024188369313079505e+01 3.919032389308558351e+01 5.035950418952638330e+01 4.409453024306785807e+01 4.400145339149654689e+01 5.201120491976804061e+01 4.396401427218253133e+01 2.664936194196263841e+01 4.612875549675662512e+01 4.273467959618288603e+01 6.241983371330353947e+01 6.604383411662166736e+01 7.414503372560413652e+01 7.191946068364519817e+01 8.011065960763967553e+01 8.994250425673938310e+01 9.874587379348884042e+01 9.709992729860374538e+01 8.858464449919610217e+01 9.709992729860374538e+01 9.225041889122024941e+01 7.783819829539359603e+01 8.381171306180135616e+01 9.440287076339524219e+01 8.627643854735089235e+01 7.870811701583474473e+01 5.885212155315839055e+01 4.458972933211165213e+01 6.073914875592961948e+01 4.418546031856028833e+01 6.425178292622170773e+01 6.801581686936935967e+01
5.139793570543410084e+01 3.193677076458937947e+01 4.345294838683673078e+01 4.475864284606900156e+01 3.699515520330495377e+01 1.875009165896620900e+01 3.761805356661670174e+01 3.868062725767191523e+01 2.557331780975480484e+01 4.375384856992902627e+01 4.182599114078954017e+01 2.450172109897313533e+01 4.396401359476211468e+01 5.419551829791087272e+01 6.248126568669405145e+01 7.041986662202025116e+01 6.808870679468867593e+01 6.151590190233543609e+01 5.245618440223294954e+01 6.213384816494838248e+01 8.170507320234186466e+01 9.640194124572185785e+01 8.698359678457990185e+01 6.848662366984085281e+01 8.698359678457990185e+01 8.381171306180135616e+01 6.323898201343585157e+01 8.381171306180135616e+01 8.308525993914810215e+01 6.665116374142760947e+01 8.308525993914810215e+01 7.252932261474711595e+01 6.047556674740560112e+01 4.085970341644123494e+01 6.075488320584517510e+01 5.585490759379456449e+01 6.741596753731809599e+01
4.165193625878272599e+01 5.139793562650575609e+01 5.951456505539568553e+01 4.599839991156189711e+01 2.652214855776430014e+01 3.143058530145498608e+01 1.920607959240840401e+01 1.954231523091976541e+01 1.989467519362414194e+01 3.906364852434253265e+01 2.241159123379989992e+01 4.183015538424060509e+01 4.898792855779569066e+01 5.806319809318936365e+01 6.307501809413649596e+01 6.529254691758752926e+01 5.668786591950249232e+01 4.214990818996420074e+01 6.151590190233543609e+01 7.489301829917613418e+01 8.994250425672831284e+01 8.790100518235523452e+01 6.782687451645045940e+01 5.866568475612247369e+01 7.853563408451843486e+01 7.653815424588820804e+01 5.608156879869692091e+01 7.653815424588820804e+01 7.494739239971910649e+01 5.527397637682980758e+01 6.511127110160191478e+01 7.313257644531275048e+01 5.895749419724067764e+01 3.918071903819878088e+01 5.895818996291573910e+01 7.572212719729260755e+01 8.386479960492698638e+01
5.138260115464060362e+01 6.928384560895725031e+01 5.726339887450839683e+01 3.775185171688692520e+01 3.767385093978241173e+01 4.474351601164705272e+01 2.842014453804675256e+01 3.862918241649084194e+01 3.889013043698603411e+01 2.042675482806216891e+01 3.929141856086972950e+01 4.083693390389227318e+01 2.923280874472238722e+01 4.362613550239090898e+01 4.660612109822034199e+01 4.405886841353276395e+01 4.903720316485133424e+01 3.650554875603444316e+01 4.746630086256779180e+01 6.670409976835071575e+01 8.162583793266021814e+01 7.598327816957177561e+01 7.151053775326558082e+01 5.182509675863985166e+01 7.151054612854753145e+01 7.037026166223563450e+01 5.014769364923628814e+01 7.037026166223498080e+01 8.308402802869456139e+01 6.511127110123614159e+01 4.526271738954157797e+01 5.705979587115637486e+01 5.472056060300310065e+01 3.748206222130445298e+01 5.719683911590757930e+01 6.472502227000708785e+01 7.272676209036957573e+01
7.090526941114650583e+01 7.907453025991884488e+01 6.539329365844645281e+01 4.900999211841638470e+01 5.136549337612157728e+01 5.598720722037362663e+01 4.223553700490781893e+01 5.137998022975508405e+01 3.704004167416990612e+01 2.366860727711753043e+01 2.102089545098716883e+01 2.145492259799878099e+01 2.190049842255726276e+01 3.890579033163941602e+01 4.187954251068053679e+01 2.818007519542122097e+01 3.020929292656543907e+01 4.903695018774223513e+01 6.108670647589329405e+01 5.124359749984551371e+01 6.321100358915010275e+01 5.973171741035695703e+01 6.619816473767096454e+01 4.669647980496705486e+01 6.624938874726771587e+01 6.496555302042290236e+01 4.496716454382605832e+01 5.789505496812042651e+01 6.472444460153887746e+01 6.396248006832732358e+01 5.677413686042714147e+01 3.788558731056586026e+01 3.499516908751547817e+01 5.429352853813156088e+01 5.543255204313280871e+01 4.737902500840143460e+01 6.319195159840234766e+01
8.023082051172097806e+01 8.852387400171491549e+01 7.669609978149796348e+01 6.853776217109613356e+01 7.089277617540525966e+01 6.971136539441744162e+01 5.501843168961133301e+01 3.527794105951307557e+01 2.859078094523598068e+01 4.312955901913885270e+01 4.061727303438284054e+01 4.088590677301909437e+01 3.677327474285800690e+01 2.254801577147861735e+01 2.301332978444308353e+01 2.573142120477663752e+01 4.277638137614416536e+01 4.864417678073473184e+01 4.551237300236373784e+01 3.277881208257476686e+01 5.202716988776432316e+01 4.855068262767765930e+01 6.119365105421002227e+01 4.201293127625002199e+01 5.514983548418078385e+01 6.336312315129634953e+01 5.789505496799342410e+01 3.807181221262335669e+01 5.157000007117125762e+01 3.232375760999037340e+01 5.055770014034735738e+01 3.406884453465181650e+01 4.463446851859395537e+01 3.596928747533246451e+01 3.664725865043892838e+01 3.731161312752933412e+01 5.606632616043632567e+01
6.079052590883159723e+01 8.023082052090060756e+01 8.416311809658961351e+01 8.630427359825840483e+01 8.117998514359669571e+01 6.171576648244742103e+01 4.781331414833943683e+01 5.501843165914811351e+01 3.823271906764352224e+01 3.712053246597334777e+01 5.704512687925284808e+01 5.416148416244925556e+01 3.264985871059554512e+01 4.290359520545541727e+01 4.272731904259739366e+01 2.368398380005347903e+01 2.416017133826840535e+01 2.463611781475862728e+01 2.511556133181940709e+01 2.559152603244401547e+01 4.538544177101348964e+01 3.833060834571030284e+01 5.680949062576273434e+01 5.512370750483448489e+01 3.561668587435089961e+01 4.944130371322029305e+01 4.995290248859956961e+01 5.011747883891759159e+01 3.151330816408440327e+01 3.919499974295016642e+01 3.314564833283020562e+01 5.247218805609914938e+01 5.683110270947593534e+01 4.920126742179080281e+01 5.544122747315270061e+01 5.606630083716958524e+01 3.822193110455752674e+01
