MOVIE_S3_data/elevation_000129.asc
nrows	100
cellsize	150.0
xllcorner	0
ncols	100
yllcorner	0
NODATA_value	-9999
[rows 51 to 67 of 100, columns 37 to 73 of 100]
7.321138172485505891e+01 5.133113837646748578e+01 3.472180859052390645e+01 3.328214159528100424e+01 4.900934901421795331e+01 4.889266931488209167e+01 6.208514344246081862e+01 8.088330925842218733e+01 9.352356097915240696e+01 8.633022936655964941e+01 7.410063540606765287e+01 6.377691012871871123e+01 4.536834742017786937e+01 4.020089426897272489e+01 5.999081482578789348e+01 4.257510708127184529e+01 4.341970928914057737e+01 6.327464799832954867e+01 7.235444451005527355e+01 7.698958546606478137e+01 7.366171118960137676e+01 5.461122954779425953e+01 5.039839190306427952e+01 5.138390755162574663e+01 7.115952995016354521e+01 5.868073826474790877e+01 7.250004663320859777e+01 9.235805000662996633e+01 9.125907063593027146e+01 8.285934231060097943e+01 6.585196592540090421e+01 8.044973651213916810e+01 9.030361939750820000e+01 1.105533008996783479e+02 1.156302198383489213e+02 1.214117479775802906e+02 1.155036159758122523e+02
7.839912102463136989e+01 5.731662949569992094e+01 5.624600658916116913e+01 5.329680809809285336e+01 3.386764526234942707e+01 5.414859485096166480e+01 5.064512627234243070e+01 6.497043363973294561e+01 8.578205564512225578e+01 8.881626384411106301e+01 6.907614540727450958e+01 5.518050109446677709e+01 6.503485817630242138e+01 5.307970968201364315e+01 4.137969009818253596e+01 6.131002284366775967e+01 6.327464800072161211e+01 4.463068865840202903e+01 6.218197379678671410e+01 6.013236626931089290e+01 6.732010556327998074e+01 4.900318009170152322e+01 6.880364552096666841e+01 6.271084640434708746e+01 7.891881074958698150e+01 7.831665654723228442e+01 6.661156630013653057e+01 8.639573809305841223e+01 1.031150387360088985e+02 8.269715819437379878e+01 8.644390908397315343e+01 6.951824534225876562e+01 9.030361947282428048e+01 1.047889687071442069e+02 1.119053063648495652e+02 1.201232744675451158e+02 1.237637535670254181e+02
7.998453014350018009e+01 7.137967256310250264e+01 6.326431638827406800e+01 5.528334624298818056e+01 3.728913948627241837e+01 3.445674277387785622e+01 5.937624002898125042e+01 7.420394882425041772e+01 8.740467947145727123e+01 9.097279818875269086e+01 7.123614944600866750e+01 6.907614540727450958e+01 7.849364433388855389e+01 5.899918368953734671e+01 4.622675269995112046e+01 6.615454334578738838e+01 7.133859553341100934e+01 6.256297811422044219e+01 4.584153603001850286e+01 4.673290142985816686e+01 4.762576371695468680e+01 6.744855665459169813e+01 7.709873909541367709e+01 8.249391354652071584e+01 9.044982012627569645e+01 9.462752888727212053e+01 7.538192985571924964e+01 8.054445567259189431e+01 1.005219834698235104e+02 1.031150387360088985e+02 9.349982944817197961e+01 7.278597022049831367e+01 7.817205496531987308e+01 8.450260835190424302e+01 9.177616762712976595e+01 1.034633386105320767e+02 1.234337577562426844e+02
6.376654547064520528e+01 5.330241215642336527e+01 4.544700933976915280e+01 4.210296559262535254e+01 5.255054847031363607e+01 3.487141284141433317e+01 4.311029079585525636e+01 5.521736723491094523e+01 7.914427966332648623e+01 9.669553769487932016e+01 9.097279818875269086e+01 8.881626384411106301e+01 8.761152480726917702e+01 7.174123315752564167e+01 5.180100145002005263e+01 7.147112546158392377e+01 6.786740012834448521e+01 5.006565905844298925e+01 6.562995416453622965e+01 6.089463731670448965e+01 6.744195692477346427e+01 5.074657357692676385e+01 7.053972357013530825e+01 8.202514544708279232e+01 9.204500603974163653e+01 1.036166803634374389e+02 8.682780802575278756e+01 1.005219834698235104e+02 1.088302518656338691e+02 1.110069709646927549e+02 9.084274594057825425e+01 7.620092831324100757e+01 9.674871071277000567e+01 1.047889687071442069e+02 1.119053063648495652e+02 1.201232744675451158e+02 1.315977594693642061e+02
6.913719868725324602e+01 5.072140927853234160e+01 6.357653800204449368e+01 6.031962082266156955e+01 5.518412000911651916e+01 3.528644798488355150e+01 5.414110415776664809e+01 7.078111318144078723e+01 8.493623004042055413e+01 7.654199163863439992e+01 9.074789406641430389e+01 9.643870800969634161e+01 7.579139533766937120e+01 6.164361310902388880e+01 7.174123315752574115e+01 7.964310483568272048e+01 7.260902704706583677e+01 5.309070471258263524e+01 7.308951221534007914e+01 8.163899344459777296e+01 7.882565349853021530e+01 7.053972357867516507e+01 5.391287538289357428e+01 6.370458727520109932e+01 7.780169572518491350e+01 9.799076730403557178e+01 1.068903929161597546e+02 1.152114339336956590e+02 1.243408048334004690e+02 1.043716579301911338e+02 9.007228342018053979e+01 7.976028307094436798e+01 1.001463845319056816e+02 1.116393477732013508e+02 1.176922603776272069e+02 1.259053781225514257e+02 1.347901968741509791e+02
5.656329696717809696e+01 6.913719868725324602e+01 7.651016601045749610e+01 6.478788915305035800e+01 5.583936413131616661e+01 3.570270404781846452e+01 4.737268741158527519e+01 6.586370090624009777e+01 6.626928260949948424e+01 6.238750696122323092e+01 7.654199163762390867e+01 9.669553557661843968e+01 9.047411485150041699e+01 7.314042597500122156e+01 9.047411486803754599e+01 8.808984169621773219e+01 6.760337925754119226e+01 5.619754747701374953e+01 7.024936364324837257e+01 9.077771002574824877e+01 8.764416062373737759e+01 6.755453060767605677e+01 5.622587757843336220e+01 7.604553198429876204e+01 8.787280227696987822e+01 1.021204585276601051e+02 1.014244283404212297e+02 1.097124222091473484e+02 1.213139848023939322e+02 1.184537468406957288e+02 1.071405142515285291e+02 8.709380980706256992e+01 8.603145402652901907e+01 9.150449707161760671e+01 9.761683598692094677e+01 1.066395045715052845e+02 1.208267006549092315e+02
7.542434197177782096e+01 8.358486661859700462e+01 7.032631719830260408e+01 5.784384666851214973e+01 3.799194710251207141e+01 3.612073654952059343e+01 5.625520013778426431e+01 6.204669428114447527e+01 5.136414552045055615e+01 7.086472812385078157e+01 8.278448519094192193e+01 8.497234191733555519e+01 9.327157786345036072e+01 9.372112577657868826e+01 1.024325912762622295e+02 9.661225076116434707e+01 7.972327190088425652e+01 5.954062837715159873e+01 7.367823751106021746e+01 9.431727590980926834e+01 9.596792318142425415e+01 8.436900332812405168e+01 7.604553198429876204e+01 5.963680701003864471e+01 7.362514602627958027e+01 8.971194730785443028e+01 8.113781610932882415e+01 9.289607622997914405e+01 1.130743739757038355e+02 1.266152761367643649e+02 1.070725460094583354e+02 9.722312142898685750e+01 9.374671268539641744e+01 1.116393477732013508e+02 1.176922603776272069e+02 1.176922603776272069e+02 1.348119152787634505e+02
9.230361107763448558e+01 7.495006760491462217e+01 6.208064740196021347e+01 4.177029361221972437e+01 5.784459403510717834e+01 5.624744988046346350e+01 3.672185589522327120e+01 4.255791569071686808e+01 6.147065886404394064e+01 6.410702915059016505e+01 6.274495479783435314e+01 6.493803322124233546e+01 8.247916955544855000e+01 9.775387909467633563e+01 1.060555333891572332e+02 9.541132296394363266e+01 7.467419408625396215e+01 6.308830089917536554e+01 8.343873602556230651e+01 9.784387817596028469e+01 1.063460700865761623e+02 9.380640062652896916e+01 7.362514602627958027e+01 7.953609864584043976e+01 6.329724161125122350e+01 6.949900789130576584e+01 8.377788238810033761e+01 1.040380473171275213e+02 1.136122266038604636e+02 1.218479280066081714e+02 1.246001452730657348e+02 1.110757697733295970e+02 1.080102780976883849e+02 1.080111046054237676e+02 1.279764551540894502e+02 1.375731479507686856e+02 1.323261995101171351e+02
7.662249797483218572e+01 6.664841033733017639e+01 4.646974532747419318e+01 5.358887286547253126e+01 7.036485238444082313e+01 6.517734511329274483e+01 5.680796206882350674e+01 3.732744599398613161e+01 4.547563962804301241e+01 4.401421057948446958e+01 4.849757531569179037e+01 5.409623888878894604e+01 7.418629157675002261e+01 7.776900185555861356e+01 9.775389361034579849e+01 1.039211495867738506e+02 8.939388298340277572e+01 6.876464878742723386e+01 7.086409039401688403e+01 7.698263721173633201e+01 9.784387817596028469e+01 1.021204585276601193e+02 9.380640062652896916e+01 8.836685993677470208e+01 6.817966380149472627e+01 6.843014236818791574e+01 8.862293962696003291e+01 9.934159975378844365e+01 9.343051256892307777e+01 1.136122266038604636e+02 1.230051211309307320e+02 1.300654490310331823e+02 1.279713396707903712e+02 1.279764551540894502e+02 1.361621810674351991e+02 1.373581082658883474e+02 1.239497778653925906e+02
5.659642542633149986e+01 5.136745716161401987e+01 6.665071484716699501e+01 7.368062714125068169e+01 8.198070474966954180e+01 7.725472904962296639e+01 5.748200051027025381e+01 5.754461166192378840e+01 3.793488635358745853e+01 5.815667283176518509e+01 6.856064404688409297e+01 7.418639358612814760e+01 6.360530171374885100e+01 7.776901286049599094e+01 9.775582156704612657e+01 1.101264166982537631e+02 8.939388298382937137e+01 7.591254300489677576e+01 9.155397736327633140e+01 9.784387817596028469e+01 8.904812467645747631e+01 1.098591009017069666e+02 1.048968171376506291e+02 8.465183676879848917e+01 7.418126993697148919e+01 8.862293962696003291e+01 7.394729733600624400e+01 7.899674522481231520e+01 8.545810968173165634e+01 9.461551327268536227e+01 1.063395005462459579e+02 1.263108078588983005e+02 1.360683397688437140e+02 1.276837628951477939e+02 1.254648241793438643e+02 1.289884096424321740e+02 1.088530906836309953e+02
5.874771014847360817e+01 6.299938856638956253e+01 7.974710334960943214e+01 8.823277753403831980e+01 7.787917272289534765e+01 6.919813127798433072e+01 6.279579496071594491e+01 5.857763719871942243e+01 3.836681653154636962e+01 4.753982671687840167e+01 5.935338828839968528e+01 7.941638635993844275e+01 8.362263353211352523e+01 9.191716060768162322e+01 1.019031080860028169e+02 1.099789351394110071e+02 1.052766630548090632e+02 9.068175042108792638e+01 9.068175042108792638e+01 1.114583401016095507e+02 1.011659354597681499e+02 1.182798871392618167e+02 1.131731974723184493e+02 9.449026264910916950e+01 8.134956117015416055e+01 1.016771733012146512e+02 8.832740518537822538e+01 8.481248801070964305e+01 1.050989632596700289e+02 9.988032199066479677e+01 1.199628932486457131e+02 1.345026985837286304e+02 1.267071063620115012e+02 1.074786696363121763e+02 1.052720453413279813e+02 1.195620860217840402e+02 1.125479905566817820e+02
7.031550340473214078e+01 8.299798100419208424e+01 9.130131742156454777e+01 7.976943511927797203e+01 5.894836433112772056e+01 4.836427865455966923e+01 4.012829164629427225e+01 3.898356335899579506e+01 5.797547496833873026e+01 4.300549388037433829e+01 6.295083233563471481e+01 7.573615112785815029e+01 9.012421729729283015e+01 9.409264476821034862e+01 8.260789861607291584e+01 9.880475627053422727e+01 1.124972253125407349e+02 1.114583401016095507e+02 1.114583401016095507e+02 1.198715756885301431e+02 1.217341857346964957e+02 1.300867672946419020e+02 1.228967427202971834e+02 1.099644109785771207e+02 9.157234399847368422e+01 1.099644109785770354e+02 1.085667980951261598e+02 9.502175997228569315e+01 1.133693941994041552e+02 1.199628932486457131e+02 1.281747557289824897e+02 1.326365275822170133e+02 1.123978179455485531e+02 9.827555274151114872e+01 9.127906014169435878e+01 1.111863733319825656e+02 1.140499539210093900e+02
9.029257683970763537e+01 9.860585472232384063e+01 9.385444044107224215e+01 8.823277769382745817e+01 7.381090188499729265e+01 5.983336461065204759e+01 3.959758249506764827e+01 5.852495095650208867e+01 6.663547201569791412e+01 6.295082596729168500e+01 4.777695094615467042e+01 6.762824597155700701e+01 7.060651351606011872e+01 7.465139592399944490e+01 7.127382878685503442e+01 8.511228722852793283e+01 1.032461077567748475e+02 1.143984119603570804e+02 1.274563710999748594e+02 1.195195682527547518e+02 1.274563710999748594e+02 1.267288814876331458e+02 1.184203053670350840e+02 1.200233664224023045e+02 1.117820156664656253e+02 1.200233664224023329e+02 1.234040485636929958e+02 1.151761665470543221e+02 1.234040485636929958e+02 1.317351273833748451e+02 1.234835020097671929e+02 1.317351273833748451e+02 1.157010274036777986e+02 9.569072730640822044e+01 8.446344728758391796e+01 9.718850829516949830e+01 1.054843589781687854e+02
9.471567963725483708e+01 8.626268033768694465e+01 7.383422919465894552e+01 7.476224893600233656e+01 6.507793468439162154e+01 4.545338926004834690e+01 5.431215796300444509e+01 4.021594833608184416e+01 6.275127018603661355e+01 7.572599696018507132e+01 6.762824597155700701e+01 5.285950353877321106e+01 5.656383485563006275e+01 6.063951224111328742e+01 6.695535120178632837e+01 7.582559629456854111e+01 8.708095720528487504e+01 1.063026535929858056e+02 1.178832483665326407e+02 1.003794910921828034e+02 1.178832483665326407e+02 1.152198526160216687e+02 9.853763331722547036e+01 1.152198526160216687e+02 1.211494599412505835e+02 1.128718833417709675e+02 1.154574492286516403e+02 1.237394000056427075e+02 1.309863861842185599e+02 1.217348422897882330e+02 1.034500497694793353e+02 1.217348422897882330e+02 1.240820305753469057e+02 1.112368370058086526e+02 9.136950001454756887e+01 7.756020084995387265e+01 9.127035092557657947e+01
8.030604785230981690e+01 6.657812896082235454e+01 6.058737308580529657e+01 5.595696231903716011e+01 5.157971352325586878e+01 6.212750783957741874e+01 5.668165236413702956e+01 4.065718937935415056e+01 6.083736305675726186e+01 6.727133721654303145e+01 7.597606857592268170e+01 7.265391009911938625e+01 7.060651351606011872e+01 7.465139592419396308e+01 8.034560617458404863e+01 8.087762689409136385e+01 1.002042655570962353e+02 1.082434725951650876e+02 1.002836873853970587e+02 9.061784509832544643e+01 1.099495296724687137e+02 1.069410393068684044e+02 8.695454821374030985e+01 1.069410393068684044e+02 1.096122421136805229e+02 9.288916321236278861e+01 9.548508422171831000e+01 1.154574492286516403e+02 1.227426785496624007e+02 1.027217004553171620e+02 9.346652221094390711e+01 1.134667758896232073e+02 1.228268841947897698e+02 1.144799526776675975e+02 1.054843589857171509e+02 9.127035092557665052e+01 7.155664294682310356e+01
8.030829396344117299e+01 7.969801330794629735e+01 7.969801330794629735e+01 7.476224893617239786e+01 7.032872686870851453e+01 7.375547796633306064e+01 6.399471210797301524e+01 4.405058138750985819e+01 4.129500327406500304e+01 4.928856510618624043e+01 6.739467029556425359e+01 8.194738362788807251e+01 9.012421729729283015e+01 9.409264578807957946e+01 9.975912069537405102e+01 1.002042655570962353e+02 1.082723344539932953e+02 1.002836873853970587e+02 8.069424449611479133e+01 9.898083520936752677e+01 1.069550758214443391e+02 9.987474761483079533e+01 7.964246126846623497e+01 9.082670841452822685e+01 9.267996945134252940e+01 8.103734988939775974e+01 9.548508422171816790e+01 1.154574492259835381e+02 1.067910040172291275e+02 9.850079946778051010e+01 8.626770052074657258e+01 1.063956183888006564e+02 1.144799526776675975e+02 9.444489588817603476e+01 1.003130281603605169e+02 9.946477430795418684e+01 8.674465426091134646e+01
1.006960663675508414e+02 9.982963628675935297e+01 9.866334937105057179e+01 7.865873217376159232e+01 7.865873217376157811e+01 6.883745768005285015e+01 4.894966816295183065e+01 6.399733262980044657e+01 6.144959526342856293e+01 4.193651726227127341e+01 5.361106553734335023e+01 7.364265393682330796e+01 8.453468534378119159e+01 9.280932659359777404e+01 1.043398035280431770e+02 1.102488104217766391e+02 1.083458093862005001e+02 8.894689054046997967e+01 7.488629409652283186e+01 7.935301331639848854e+01 9.568658099139086914e+01 1.050203573826631640e+02 8.486852564737687032e+01 7.023327324948191119e+01 7.212821403342950077e+01 8.677277261243776252e+01 1.069412041754338389e+02 1.126996521707021515e+02 9.261944211405850069e+01 7.788567081245217594e+01 9.181236853129486519e+01 1.001471194240137805e+02 1.142925284881297614e+02 1.003130281603602185e+02 8.032086484907513579e+01 8.962676737001072524e+01 8.460868775821387544e+01
