MOVIE_S3_data/elevation_000587.asc
nrows	100
cellsize	150.0
xllcorner	0
ncols	100
yllcorner	0
NODATA_value	-9999
[rows 51 to 67 of 100, columns 0 to 36 of 100]
8.885398060199247716e-01 1.503067542975099968e+01 3.503067542975170312e+01 4.804416278738739265e+01 4.620013544253889393e+01 3.747753910650878595e+01 2.289678077422489011e+01 3.875502120824670271e+01 3.606237437936918866e+01 2.421470047141686877e+01 4.423606031900663993e+01 5.141189354256541577e+01 4.334168780375335928e+01 2.873475494791725993e+01 3.298673112677958130e+01 4.430446131889547701e+01 5.793939265384618409e+01 7.733820035498165169e+01 9.007217254493528458e+01 8.688165318287094863e+01 7.273933706007288436e+01 5.340617022119756996e+01 5.176817033890615960e+01 5.807895896297400640e+01 6.961120028909999746e+01 8.375918374603770644e+01 1.037905447082903265e+02 1.077242405499024613e+02 1.037316272136947788e+02 9.540158448599019891e+01 9.287699921058035102e+01 7.570169054320041369e+01 9.287699921058128893e+01 9.353722780513533053e+01 7.330191793659844279e+01 9.353722780513533053e+01 1.032410730943158939e+02
1.344321116831868057e-01 2.013443211168283042e+01 3.945613441736509941e+01 4.774040566482671011e+01 5.544688778950530406e+01 4.721297363263547453e+01 3.940804121662935700e+01 4.721297363263406766e+01 5.252887438933495901e+01 3.576924382651023393e+01 3.576924382651039025e+01 5.580194676119428010e+01 5.518114769222599136e+01 3.576103691764159720e+01 5.246866383877651430e+01 4.020079418304577246e+01 5.952478912496315644e+01 7.417970531251249611e+01 8.233854483293376347e+01 9.213324872032286805e+01 8.168044910828895411e+01 6.493450002183531922e+01 6.588897108966149574e+01 7.174865294028090545e+01 7.220740362642604282e+01 9.222543306449927059e+01 1.018352815066876786e+02 8.787039065551050498e+01 1.018352815066876786e+02 9.587218277906602282e+01 8.439508037005643359e+01 6.396007192989443269e+01 8.437402860942876259e+01 7.734047606602642588e+01 6.614265232518273763e+01 8.638296539140850427e+01 9.977466009615019971e+01
8.052006432555327553e-01 2.080520064325517637e+01 1.945613441736581350e+01 3.619340028103439977e+01 3.544688778950601460e+01 4.685175412802703931e+01 5.317630944836358253e+01 6.073559890854786403e+01 6.409130913319476974e+01 5.580194673693780771e+01 4.733947947220742236e+01 6.409131396587817164e+01 6.324834721013083083e+01 4.553067964229273912e+01 6.324834654522766186e+01 5.386020965825006357e+01 4.847258060472077545e+01 5.486291343294475809e+01 6.442964256637448273e+01 8.392976805865072265e+01 9.323344502966718039e+01 8.493979696081655106e+01 8.589517633523809081e+01 9.176051183675369316e+01 9.222543306449927059e+01 1.005193174436222989e+02 9.368355927834836905e+01 7.370791107516451746e+01 9.368355927834836905e+01 8.738171438411632153e+01 6.693314971489228071e+01 5.681990629834350415e+01 6.944193109062501890e+01 5.710765462178059693e+01 7.734047606602642588e+01 9.387516016893037829e+01 7.979659338305758354e+01
2.804825088837598068e-01 4.060127238976015462e+00 7.909129033573504053e+00 2.790912903357314789e+01 2.130475216577556097e+01 2.685175412802775341e+01 3.317630944836429308e+01 4.073559890854857457e+01 5.228260429234067885e+01 7.228260429233925777e+01 6.736189214803825109e+01 7.564837021762197367e+01 7.293846256659715266e+01 6.483161647835984809e+01 7.293846131595280724e+01 7.320029354773420494e+01 6.774077468598908069e+01 7.417970531251249611e+01 8.233854483293376347e+01 9.213324872032286805e+01 8.900600522217547450e+01 8.094201007813468607e+01 8.900600522217547450e+01 9.376276264816466721e+01 8.550313045931417832e+01 9.375781385648375021e+01 8.612946859836995372e+01 6.611821447374643412e+01 8.612946859836995372e+01 9.577651229378264475e+01 8.557220578853670645e+01 6.944193109062501890e+01 4.921338662618472171e+01 6.808551412420368365e+01 8.204621040912203966e+01 8.321728330527567152e+01 6.565704077525892046e+01
7.810880442414250835e-01 2.078108804424106992e+01 2.790912903357314789e+01 1.423368435391020803e+01 3.423368435390949571e+01 4.685175412802703931e+01 5.317630944836358253e+01 6.073559890854786403e+01 6.901987015600846576e+01 8.056687553980057714e+01 7.243582589578788600e+01 6.415703319160911633e+01 6.415664202695789697e+01 6.836418711335801390e+01 6.010531526066386476e+01 6.269114150869010160e+01 7.096553025773647505e+01 8.536929822635072185e+01 7.685093964627212415e+01 8.536929822635072185e+01 7.938863959025275108e+01 6.180398740024336490e+01 7.938863959025275108e+01 8.375801001804342150e+01 6.546913194378777234e+01 8.374227867685486615e+01 7.980135441134493135e+01 5.976436864115824221e+01 7.163677548468869816e+01 7.995867577283921435e+01 8.418323558127165995e+01 6.571664191820026701e+01 4.562976703095788622e+01 5.701293010630934077e+01 7.620700215688684409e+01 6.328571553896793489e+01 5.561640892728745200e+01
7.232205343510359485e-01 1.486535615808211119e+01 3.486535615808361399e+01 3.423368435390949571e+01 4.251795560137311014e+01 4.773433347096865020e+01 5.480540128283437440e+01 6.308967253208555803e+01 7.463667791711347377e+01 7.622620491817754385e+01 6.415698567369354066e+01 4.432039915787679973e+01 4.432039730159167590e+01 5.423773027784234557e+01 4.030565871424363422e+01 4.286810556421698948e+01 6.269116583570215084e+01 7.523164066359478852e+01 5.669567259446350249e+01 7.523164066359478852e+01 7.137299873918901483e+01 5.208167841791777164e+01 7.137299873918901483e+01 7.548595732629843269e+01 5.543692844396667141e+01 7.548539873526227950e+01 7.279238336965764233e+01 6.451399606407370868e+01 5.157295232379519945e+01 7.163597945198605998e+01 6.922899996528984445e+01 5.646894799087641559e+01 4.233591329674213455e+01 5.791628908669103026e+01 6.325624095381377998e+01 4.910165766937939225e+01 6.912353657804024465e+01
9.494692443194679976e-01 2.094946924431882707e+01 2.891203855811459889e+01 3.362608376602602078e+01 3.879006156096933466e+01 2.773433347096794677e+01 3.480540128283367096e+01 4.635240666662659237e+01 6.635240666662801345e+01 6.205800996440797945e+01 4.788512825813047158e+01 5.013030167336290788e+01 3.007768826256256389e+01 3.424927893341195073e+01 2.857540250125229875e+01 4.286810451747491157e+01 6.269099360715083691e+01 6.677330612036780622e+01 4.680424610993313905e+01 6.677330612036780622e+01 6.494255863209856727e+01 4.552098155107130140e+01 6.494255863209856727e+01 6.880280981815528207e+01 4.877434351868244988e+01 6.880248835192506363e+01 6.454328671896440994e+01 4.452767893901562957e+01 6.454320141723134441e+01 6.336019553602373833e+01 4.923681142960060697e+01 5.672383134101477253e+01 3.920790652021396738e+01 4.119292333248102977e+01 4.322618469436660860e+01 4.566136721556345179e+01 6.572603024592366694e+01
2.836664262828419991e-01 4.547680753395069608e+00 8.912038558114955933e+00 1.362608376602531379e+01 1.879006156096862767e+01 3.879006156096933466e+01 5.480540128283437440e+01 6.308967253208555803e+01 6.360466040524895703e+01 5.219119427392109145e+01 3.414893563399500920e+01 5.219161339655104825e+01 4.009881391827060781e+01 1.948897217118317471e+01 4.009881391827057939e+01 5.691465672221912797e+01 5.994904036887766097e+01 5.156810154620481512e+01 4.006811949752649582e+01 6.011695278355623628e+01 5.933603225418953997e+01 3.985674813087933188e+01 5.933603214092523359e+01 6.302103226606914887e+01 4.305463249109899238e+01 6.302103226614202924e+01 6.017510095719024577e+01 4.024134538312072351e+01 6.016789849716488447e+01 5.282229577261845321e+01 3.529380976595955843e+01 3.686648725641082791e+01 5.672397782976715064e+01 6.118024720422668850e+01 5.738194001028196567e+01 6.572603024592366694e+01 4.921997758429463232e+01
1.404418693552202946e-01 2.014044186935486636e+01 2.891203855811531298e+01 3.362608376602602078e+01 3.879006156096933466e+01 4.707433280934231590e+01 5.520101344605777172e+01 6.317951358471239587e+01 5.529136602106302689e+01 3.564269397202320988e+01 2.491606539066743764e+01 3.565448037520449986e+01 3.211446800400788959e+01 1.605469728425318365e+01 3.588599540992194648e+01 5.241868381933680610e+01 4.412083161240133933e+01 3.117291360056776739e+01 5.156810154610526808e+01 5.410752934777260492e+01 5.430650269750549342e+01 3.482484248800709992e+01 5.430650239840353777e+01 5.786573001249306003e+01 3.799765355811216239e+01 5.105103648298305785e+01 5.610768320658484498e+01 3.627795304684988764e+01 5.059227704647162227e+01 3.309875303849854333e+01 5.283304804901841578e+01 5.085750436051738177e+01 4.671389675182300039e+01 6.673435014335493065e+01 7.743805796114936868e+01 7.757723642032364353e+01 5.927498171930107418e+01
6.646099058385387393e-01 1.474793432326109688e+01 3.424037159947203435e+01 4.999681202827744642e+01 4.892671345710237318e+01 4.096211201782342215e+01 3.676102542265689976e+01 5.213812917230512767e+01 4.514097726458780357e+01 5.086321654152836658e+01 3.565198693500218496e+01 1.660566794981475880e+01 1.229457477247860098e+01 1.311176449160418755e+01 3.288345869549388567e+01 4.230776849776279391e+01 2.380527705235119740e+01 4.407613624414828735e+01 4.625936409741711941e+01 3.415462357837126461e+01 4.715582074839768723e+01 3.023816442074310373e+01 4.357132698997934028e+01 4.454765621805459830e+01 4.553560455491538761e+01 3.133297234371866580e+01 4.754831084004162989e+01 4.857338478416085792e+01 3.092185586545752329e+01 5.060577005710290877e+01 6.110870889971773323e+01 7.085531270978449925e+01 6.086344794916458767e+01 6.086348006912686515e+01 8.090788429948653970e+01 7.933215939990058985e+01 7.933215939990058985e+01
6.164072599657668405e-01 1.535300521397751261e+01 3.558135001599059422e+01 3.082724353673710382e+01 3.090060241655709206e+01 2.166407853750670043e+01 4.096210719729216976e+01 3.952140914738820499e+01 1.939736483657835109e+01 3.664975519596821840e+01 2.977263995219709969e+01 1.114179364758223834e+01 3.097384050038185777e+01 3.292714988341422355e+01 1.429947433723748951e+01 3.409894930257645029e+01 2.001423738363192584e+01 3.935134706781409619e+01 2.517824763953651157e+01 2.022729602641518198e+01 3.890853642643891419e+01 4.097439818910595477e+01 2.388616379193975092e+01 2.487766204252512381e+01 2.587031557192360509e+01 2.686469805096800911e+01 2.788617038668672166e+01 2.890920916439176125e+01 4.030162217632715738e+01 5.691306107153737770e+01 6.693182211894813349e+01 7.521124670613168917e+01 8.090656939294947847e+01 8.090788429948653970e+01 8.916965602277173275e+01 9.930151112512464806e+01 9.514270893366230553e+01
7.616414269703414286e-01 1.872693435200019252e+01 2.214407298437433269e+01 2.307315823934852617e+01 1.120005681851733748e+01 3.089632851573466610e+01 2.615321846569565523e+01 2.672341511081431165e+01 7.786539431882353313e+00 2.789604351913238389e+01 1.000586955771694342e+01 2.984792881490130156e+01 2.734068441801363747e+01 4.177324374089413084e+01 2.542335993598150523e+01 1.549523642861923101e+01 1.634359958552743208e+01 3.610467478484478931e+01 1.889362307277909991e+01 3.848552599176922939e+01 2.156725012700224653e+01 2.251548362039266493e+01 2.715721607483646949e+01 4.454439056943849806e+01 4.553560352676361589e+01 4.070993039301025362e+01 4.754831629294211837e+01 4.845967276745932395e+01 3.097670887682931351e+01 5.065956004429725823e+01 4.695518869456201827e+01 6.693181907926380347e+01 7.963375047164538501e+01 8.278797469146947208e+01 8.129983822037856100e+01 8.955956125370431664e+01 1.033780101257008965e+02
8.582653206718614536e-01 1.593479942765668511e+00 2.329191835543376943e+00 3.066401616317861123e+00 2.218568408036847828e+01 2.482125684811068567e+01 5.943913650392183001e+00 6.705852968877191955e+00 2.216345097327802804e+01 8.873592331792945487e+00 2.819596113351578026e+01 3.783665310763356615e+01 4.132044649942760373e+01 4.380967699025639206e+01 4.264804699323246950e+01 2.693087487027997895e+01 3.482937233416056699e+01 1.756705228589961010e+01 3.732416129324901988e+01 4.617367739660673465e+01 4.164024068157618075e+01 3.640042645399326915e+01 4.682686062170830610e+01 3.405241242810928526e+01 5.381742314101531122e+01 6.063294872689874637e+01 6.325989910928115734e+01 4.333473330320330064e+01 5.065956004429725823e+01 3.307345676603493700e+01 5.280619945477916843e+01 5.134786630415612763e+01 7.135965784770489506e+01 6.283140306329327984e+01 6.134144833788682405e+01 7.545473874801929526e+01 9.541756222367752116e+01
9.616989121453964895e-01 2.096071059036540163e+01 2.238923965751652645e+01 2.281467648726600572e+01 4.120494169711689025e+00 4.867929262474268270e+00 2.445253522228902199e+01 2.669886591738736215e+01 3.052968992672767001e+01 1.167402926926918383e+01 3.128016229295163697e+01 4.345319266124185020e+01 6.118808649364284946e+01 6.283695587459151710e+01 5.499152540441344428e+01 4.672308050221665354e+01 2.896478390779952505e+01 3.732487324046362431e+01 2.089318962409716463e+01 4.061109854491120785e+01 5.225661995725391762e+01 5.618735728258715056e+01 6.198048027263887150e+01 5.381742314105117231e+01 4.205109333773173574e+01 6.192729878583541847e+01 7.154228585774895066e+01 5.739929647576325067e+01 6.108285391527782338e+01 4.695518863676389287e+01 3.521832827996370696e+01 5.502003589377200399e+01 5.927362838129144507e+01 4.873036735729520075e+01 6.867654753686890956e+01 8.651335871450922355e+01 9.468860147079905687e+01
2.866789980725219511e-01 1.442881567280533694e+01 3.442914507528107038e+01 3.303305371552880843e+01 1.854083986092240011e+01 2.488763009947906468e+01 1.104016133524666898e+01 3.099860462944467798e+01 3.944360530797459319e+01 3.128593207087084949e+01 1.583556692988198478e+01 3.535706131046331535e+01 4.784426879948544808e+01 6.178752032260161542e+01 6.483334127361167987e+01 4.501191320825481057e+01 4.284947155152364218e+01 4.885657187028445492e+01 3.481144982826415202e+01 2.432284367343131493e+01 4.401416817717471730e+01 5.582616505455332856e+01 6.588907797287451729e+01 7.009392995562159001e+01 5.609674052308660208e+01 5.265620788016804710e+01 7.257358430223091261e+01 7.742128206675695878e+01 7.521051862052060244e+01 5.965608934450101941e+01 3.868266956716141181e+01 3.766016156411932769e+01 3.940912987796823330e+01 5.927363726030552016e+01 5.831007308927695476e+01 7.826493254401604815e+01 7.578653524894481563e+01
7.776801193288799263e-01 1.232468550312129452e+01 2.646682112685199328e+01 4.646682112681465071e+01 4.042891309162553171e+01 3.690194030131602432e+01 1.736574613171321246e+01 2.046859553043456614e+01 4.038932892161692223e+01 4.352802958835869873e+01 3.535706131046331535e+01 2.020686776234117588e+01 3.390126401841772719e+01 5.258791960027991053e+01 6.400265174450666450e+01 6.483334139815033836e+01 6.265102485661108034e+01 6.290178835848391969e+01 5.225958753350089125e+01 4.401416817722838459e+01 2.785637233028719706e+01 3.762831074699446532e+01 5.164135418519580867e+01 7.192578132090532961e+01 7.590244257523700355e+01 6.264188182760612023e+01 8.068952964190424382e+01 8.648670400808950376e+01 7.641784379040650776e+01 6.229620816467055278e+01 4.230511283899367214e+01 5.747520789889395587e+01 5.927363683812505712e+01 4.205232720229913213e+01 6.197185466328532755e+01 6.693142210001050785e+01 5.583602565491752046e+01
5.059075238208947667e-01 2.050590752382053950e+01 3.302080749651278779e+01 4.130507874397498824e+01 5.130507874397516588e+01 4.444113151819961161e+01 2.444332705634926484e+01 4.038932892161692223e+01 3.200558440560859452e+01 5.184173690932273360e+01 4.784426879948517808e+01 3.390126401464238626e+01 2.492792659419105306e+01 3.604272205830573483e+01 5.573623328242921104e+01 6.754242561998805172e+01 7.907615604074193527e+01 7.062782175444877453e+01 5.062256535329781570e+01 3.919688387187826351e+01 3.046675578049062594e+01 5.018726789023267543e+01 5.504610696729491082e+01 7.500673088402812994e+01 9.056011598906492566e+01 8.250528677685572632e+01 9.056011598906492566e+01 7.818060510200496083e+01 5.800766665311692094e+01 4.800952512288551333e+01 5.640027962674770379e+01 7.061901681141141296e+01 7.023010979340816107e+01 6.197185601490384954e+01 4.481273539876811185e+01 4.696556638998586664e+01 4.916900749542978133e+01
