MOVIE_S3_data/elevation_000499.asc
nrows	100
cellsize	150.0
xllcorner	0
ncols	100
yllcorner	0
NODATA_value	-9999
[rows 51 to 67 of 100, columns 37 to 73 of 100]
8.810279794043475476e+01 9.477444844940715996e+01 8.684692802569112757e+01 8.188149243540343036e+01 6.246283758154665833e+01 8.188223528611085555e+01 9.357505781136002554e+01 1.015054274790199145e+02 1.078551971472181350e+02 9.996264134618419916e+01 9.996265996614235405e+01 9.687121487235879158e+01 8.622124722711529898e+01 6.608827665607678625e+01 7.190051242971756551e+01 5.590660391122970196e+01 5.891490968847605814e+01 3.849463469339788446e+01 5.716776995002140183e+01 4.434500161126661055e+01 6.453845002661141450e+01 7.625448010882243466e+01 8.336038976414195645e+01 9.154023533723704986e+01 1.014584960527999584e+02 9.029497512109163893e+01 6.978938911480014440e+01 9.029492299001175581e+01 9.724669206112449160e+01 7.935615126900128757e+01 9.724671711199651725e+01 8.914094918764941156e+01 6.872532587517970626e+01 6.833953899497002737e+01 8.876167567738264097e+01 1.058643529818917699e+02 1.055238660398784134e+02
8.251550651752033616e+01 1.015917126705658973e+02 9.971260647800421850e+01 8.059962297294808309e+01 6.689853234447940622e+01 7.483243385362870015e+01 8.594328472621324977e+01 1.050370214591980442e+02 1.051995128718621402e+02 9.522542308847087611e+01 8.693663207924555536e+01 8.027924337776562425e+01 6.846095161806404406e+01 6.958215998064159180e+01 5.190149266846778886e+01 5.432003726291029011e+01 3.924871653580246544e+01 5.915367317783478285e+01 6.703949494750062854e+01 6.453845002661111607e+01 5.096145917884577159e+01 5.613221004603760633e+01 6.326184214904019143e+01 7.340541841459736361e+01 9.331536111368657771e+01 9.592780355430028294e+01 7.561835181247485593e+01 9.592780355430028294e+01 1.070355578223594648e+02 9.335085265625237128e+01 9.917669068839190061e+01 7.910484880803602437e+01 8.914095254589808803e+01 7.429850206522876022e+01 7.762457119776496484e+01 8.795343653165195974e+01 9.940584443750871912e+01
1.015917126705658973e+02 1.096635158993714327e+02 1.018014769188127815e+02 8.269081430193945437e+01 7.214900681212925804e+01 9.132191059393639421e+01 1.019397431159392369e+02 1.129756669216172043e+02 9.688103509923747936e+01 7.699224340058367488e+01 6.696446710229078292e+01 6.022722158175637475e+01 5.411992718363777044e+01 4.952885236519556145e+01 6.048531970101984712e+01 4.000405022768180885e+01 5.967312646369200024e+01 6.782100050486069165e+01 8.158633939114294265e+01 7.929673126124225746e+01 6.519353928099882012e+01 7.040535488517383556e+01 7.259574880790756879e+01 9.154023533723704986e+01 1.014584960527999584e+02 1.041491363355961113e+02 9.009368096246542734e+01 8.663354863631828096e+01 1.066006890351785614e+02 1.127018116243921924e+02 1.072642267297624272e+02 8.833044079745930333e+01 1.006526025913680513e+02 8.068196241477201625e+01 9.777178238967735524e+01 9.418610837616444087e+01 1.137262021491253421e+02
1.070605927042494443e+02 1.092559240135458793e+02 1.097366662275125577e+02 9.852809327197853406e+01 7.945567327156656745e+01 8.431140468839090829e+01 9.779931987273369032e+01 1.169463569051556107e+02 1.051996295978389639e+02 9.522655615754699454e+01 8.693663218165498563e+01 7.426508125268634330e+01 6.846095162014762536e+01 6.324140970451558985e+01 4.404748438576727665e+01 4.053709888022903129e+01 5.409212135618676598e+01 5.392726512047660492e+01 6.782612448101436087e+01 8.747914200436648002e+01 8.521923660420044655e+01 9.037551360505885611e+01 9.253396750384258951e+01 1.006920360325820525e+02 1.087335402201876917e+02 1.167481941057865384e+02 1.100126214400551419e+02 1.066006890351785614e+02 1.008102904895690273e+02 1.205799477355346738e+02 1.160206349746574404e+02 9.976884410935443270e+01 1.006526025913680655e+02 9.496482119715452086e+01 9.351246055341127317e+01 1.129390678356927964e+02 1.218171317849237028e+02
8.692912274024658359e+01 8.913283884712981830e+01 1.092559240135458793e+02 1.064457861256595805e+02 8.899966286107050450e+01 1.033914669626882272e+02 1.113910065760733517e+02 1.154313893553196522e+02 1.140269723527154753e+02 9.441726716748210890e+01 9.441726802183708855e+01 9.426598065292741069e+01 8.857361231651798050e+01 7.156883807135668008e+01 6.321403368860101324e+01 6.078602770668805277e+01 4.128509649507972057e+01 6.157077085177710529e+01 7.942756979038158249e+01 8.780598297087894366e+01 8.722473292509135945e+01 8.089474742989429501e+01 8.908308244862583081e+01 9.930301925377861494e+01 8.996423224112150763e+01 1.058136874626673745e+02 1.021663599637217601e+02 1.101263092208654513e+02 1.205799477355346738e+02 1.287738077878593401e+02 1.272327121530014864e+02 1.191304933754070419e+02 1.200766519022816965e+02 1.143841215730920027e+02 1.072694180266379504e+02 1.210171918630425409e+02 1.297915146544167442e+02
7.272676329035905951e+01 8.692912274024874364e+01 1.070605927179482251e+02 1.160183928594113212e+02 1.080648198453549327e+02 1.160184249430329260e+02 1.114017937134379252e+02 9.597488181310474431e+01 9.597488181310473010e+01 9.030934788798604984e+01 7.450389740654397031e+01 8.033638929230237125e+01 7.637860479396807989e+01 7.263230786034256425e+01 6.906921193994170949e+01 6.199137896761565969e+01 4.180721691572612997e+01 5.613663313047756986e+01 7.629031022524320349e+01 6.599768268207922972e+01 7.331683493045919420e+01 5.859275796217177401e+01 7.790227561565292547e+01 8.057933590601948026e+01 7.918635355550030397e+01 9.426762201426542731e+01 8.364217748329910762e+01 1.021663599637217601e+02 1.202884235676651059e+02 1.299365509221866262e+02 1.300533034968922266e+02 1.218238565098645978e+02 1.192670250693028748e+02 1.274860162538249426e+02 1.266268132986190409e+02 1.260563364906502102e+02 1.215616987910413940e+02
8.277612853326779430e+01 9.117577366276267981e+01 9.699630805454020788e+01 1.033769840069562633e+02 1.116831849769814085e+02 1.170732271048879340e+02 9.763831570971120755e+01 8.386913922342819205e+01 7.634889673554467038e+01 7.049348227362919772e+01 6.522839221804829890e+01 6.015556873478256250e+01 5.620417823660449130e+01 5.251133847725699155e+01 4.917264594712788295e+01 6.244450578658774020e+01 4.232028219750554143e+01 6.246659674148159525e+01 6.737636013653943223e+01 5.129675694393293384e+01 5.418899651512926141e+01 7.119982584596806419e+01 6.333501083927905029e+01 6.691343562580415494e+01 7.112406688559057955e+01 7.566153557712758015e+01 9.426762201426542731e+01 9.340199620954625459e+01 1.026475258096527341e+02 1.218139836736045964e+02 1.218238565098645978e+02 1.022272359227496281e+02 9.969472647006929833e+01 1.161402697098209273e+02 1.260563364906502102e+02 1.064190575227477780e+02 1.100225653546339686e+02
6.652522222727361623e+01 7.107136564449807281e+01 7.683320434186067871e+01 8.319634721531637922e+01 9.749021884050212350e+01 1.175947718786398184e+02 1.033306694655987457e+02 1.033306575562679654e+02 9.597488181310473010e+01 9.030934792928432842e+01 7.663317906262908252e+01 8.033638929230237125e+01 7.637860479396807989e+01 7.263230786034843334e+01 6.425028827540944576e+01 4.494213254116414902e+01 4.282286083186504300e+01 5.514655088911580094e+01 4.733900545206504518e+01 6.125340818499840623e+01 7.428928603460016689e+01 7.479778700935071356e+01 7.471483185989882259e+01 8.606337578978850900e+01 8.213396596405952721e+01 9.426762201426542731e+01 8.879447672950466597e+01 1.074809740920707526e+02 1.202884235676651059e+02 1.299365509221866262e+02 1.214058289092411371e+02 1.017791991876772784e+02 8.839955691075294908e+01 1.079669532043756845e+02 1.179755222302022446e+02 1.094302018643235641e+02 9.045866177559814503e+01
8.066626284735571062e+01 8.527430368259179261e+01 8.748012277375427459e+01 1.033787060926745625e+02 9.749021884050213771e+01 1.175947718787303558e+02 1.227844491435077288e+02 1.161594774961402550e+02 1.080136942212385236e+02 1.045262179316597013e+02 9.642515791631818445e+01 8.506420774562083409e+01 7.683983275487392461e+01 6.864686406641919802e+01 4.878468773623139754e+01 6.425028827381569840e+01 6.292481227494458551e+01 4.352510486925159228e+01 6.358022619790014573e+01 7.522043812579494215e+01 8.551258465342073123e+01 9.524542528259462415e+01 9.355615632467349485e+01 1.014434872469612401e+02 1.007430535865434535e+02 1.086848007923747446e+02 1.074809740920707526e+02 1.154877976868994978e+02 1.148680697294306583e+02 1.229348601491774957e+02 1.162025713247323608e+02 1.017791991876772641e+02 8.208446827264761225e+01 1.017791991876772641e+02 1.040679616449378955e+02 9.016040105967350371e+01 8.156718435681483470e+01
1.008008035569425118e+02 1.054231825268289384e+02 1.076195343863129494e+02 1.159185108669853292e+02 1.175947718787303558e+02 1.258778645942945076e+02 1.158450228103279045e+02 1.070805564423907015e+02 8.835987530382948307e+01 9.196641827300146588e+01 8.697130969180248883e+01 7.683983275487392461e+01 5.665879015666726559e+01 5.319775742744461411e+01 6.864686406641919802e+01 7.644041872876890409e+01 6.407916304566138876e+01 4.401777909845900894e+01 5.794175774046021843e+01 7.679856538376331798e+01 8.925651752201008549e+01 9.646838691414431821e+01 9.073316804396233692e+01 8.858213755624927899e+01 9.718173308503791930e+01 1.113729250839857201e+02 1.156759808037736406e+02 1.116542764035740447e+02 9.530292863910776191e+01 1.116542764035740447e+02 1.080248534806319611e+02 8.839930062063243099e+01 7.683629149229459188e+01 9.669404153154756898e+01 9.101517032865604051e+01 7.602713715501465686e+01 9.590999044026580123e+01
1.039249321580997929e+02 1.122458495468556663e+02 1.144628622511775973e+02 1.144628622511775973e+02 1.227683851561220507e+02 1.215389758833911884e+02 1.019757888648018138e+02 8.812934661170322670e+01 7.919580942100846244e+01 7.198598394820589874e+01 6.686015111368158159e+01 6.205892336080853511e+01 7.683983275487389619e+01 6.745695435257630379e+01 8.156774254248851719e+01 7.331464242661346020e+01 4.716268745266016538e+01 4.450065216211685737e+01 6.451591947641057345e+01 6.146865742135236133e+01 8.124839390270962269e+01 7.641932584726718858e+01 7.052285831618165446e+01 6.793086610536700221e+01 7.988540355123228665e+01 1.017759811506865191e+02 9.732168571479989794e+01 1.035721322947987630e+02 8.339377154436486705e+01 1.035721322947987630e+02 1.061822948822020720e+02 8.648429718336082317e+01 7.227059863286444852e+01 8.636101105131214695e+01 7.099687435448841200e+01 9.101517032865604051e+01 1.040679616449374407e+02
8.374384771477551226e+01 1.006099560241110566e+02 9.430774030204753444e+01 9.430774030204753444e+01 1.144628622511775973e+02 1.207376243314699451e+02 1.158450228103279045e+02 1.070805564423907015e+02 9.196641827300146588e+01 9.196641827300146588e+01 7.380591591773018934e+01 7.640619785233057826e+01 9.042486726475226533e+01 8.749806613673544575e+01 8.010952648507623053e+01 6.810877946582375841e+01 4.794916772439656683e+01 6.426764807099642951e+01 4.518073086783180514e+01 6.519782559462531424e+01 7.399858379149722509e+01 7.625853984374272443e+01 5.669563645762352877e+01 7.627512247703130299e+01 9.267776025932428752e+01 9.460860185170423620e+01 8.310515815114111149e+01 8.704154543931325350e+01 7.542688137995179432e+01 9.643800497332108534e+01 1.026148879424309115e+02 8.278737156364482530e+01 8.278736443033926662e+01 6.630401567402201124e+01 8.636101105131214695e+01 9.918668064667056683e+01 1.015395154938408666e+02
7.214145858454988058e+01 9.011906973423886313e+01 8.002710062317190420e+01 1.002110388453059073e+02 1.148225460767303900e+02 1.006082082453976483e+02 1.148225460767303900e+02 1.197681934285747332e+02 1.076553283773913279e+02 8.797612564867954177e+01 9.374003067957440294e+01 9.629353538453227657e+01 9.554256652632518865e+01 8.401516732375364427e+01 7.186300078176964234e+01 5.164544718924744160e+01 6.810877946582375841e+01 7.329858686425404812e+01 6.502666258082709305e+01 4.585152528569306440e+01 6.583525470442033622e+01 6.703550650511621711e+01 4.716016605420293928e+01 6.500251933855072650e+01 7.443657897115389233e+01 7.443561267443678275e+01 7.929293526013979942e+01 6.502793505258874518e+01 8.704154543931325350e+01 9.152198831025890513e+01 9.734859737495766296e+01 8.278737263440032734e+01 6.276851431680078264e+01 7.937913551838578030e+01 8.759547162569887746e+01 9.076842126113878351e+01 9.313408154457506782e+01
6.401599456751583261e+01 7.000535344613156497e+01 9.011906973423886313e+01 9.114527325112555900e+01 9.697659135696511612e+01 8.629333921198242763e+01 1.006082082453976483e+02 1.207376243314699451e+02 1.158043697655009510e+02 1.076553283773913279e+02 1.117036333070902288e+02 1.035593799147982992e+02 8.737486655646837619e+01 6.730655401902353674e+01 5.558166540820418788e+01 7.186310865895991640e+01 8.010953351034574155e+01 8.403118344873101364e+01 6.442258432236461374e+01 4.676026572103303636e+01 4.650455521286607308e+01 4.696528168541058790e+01 4.744022309354233613e+01 6.666037533885942423e+01 5.543212941760246792e+01 7.413326829073078272e+01 5.718573721120009878e+01 7.210947005284999989e+01 8.069143167404710937e+01 7.111864031560639887e+01 7.709464202766689311e+01 9.098823491800311558e+01 7.937793155024377256e+01 5.940802730921704011e+01 7.609721484557211113e+01 7.105298210153706862e+01 7.771784243541196702e+01
7.567084764743539438e+01 7.867916027388534417e+01 8.353446453946524741e+01 7.100896612398850039e+01 7.677631288814433219e+01 9.697659135696511612e+01 1.065039777156826801e+02 1.266058398309111936e+02 1.208622608045528608e+02 1.095355612935184126e+02 1.007199905424252080e+02 8.377717608572396557e+01 8.740727812514373340e+01 7.870468491556201229e+01 5.850024324254729180e+01 7.284388574945036510e+01 9.265931855072361145e+01 8.481570708473422826e+01 6.509637103874445074e+01 6.485850740498119649e+01 6.658609258497978090e+01 6.704691142594739972e+01 4.883024487070464659e+01 4.813243365194597345e+01 4.861732116767080214e+01 6.871667988197621924e+01 5.627922355776067320e+01 5.049822910206003002e+01 7.084309759423103969e+01 5.805480997055755665e+01 7.696290840541925604e+01 7.508146955039096326e+01 7.425277315676970602e+01 6.985632835701727572e+01 5.612933575368418815e+01 5.693528383853869457e+01 5.774308470580794506e+01
5.571229649148990148e+01 5.872212588574068803e+01 6.351553220751584661e+01 8.353446453946524741e+01 7.985220194258232596e+01 1.000576754960258938e+02 1.191621039948095557e+02 1.292128136120765589e+02 1.127178825923481895e+02 9.311762653268668544e+01 8.165827884570258277e+01 7.256866780150511431e+01 6.725747249513837289e+01 6.308859186938951069e+01 7.783261091220644801e+01 7.290924721748635307e+01 9.335425661326358693e+01 9.303122199280481652e+01 8.483706513813068284e+01 8.560615697364357857e+01 8.302386006384760719e+01 7.144581661584265930e+01 5.107014526175464653e+01 6.821820099079015165e+01 6.024726074303801227e+01 4.930298048419454915e+01 4.979311425166426375e+01 6.239204633845151449e+01 5.121339351403873508e+01 5.172148984250812020e+01 6.830909279436372117e+01 5.352399056831597335e+01 5.428738030400882764e+01 5.505034732843901679e+01 7.498831228759688372e+01 6.845443107881501987e+01 7.770780104945566791e+01
7.149208197634941087e+01 7.867782781613134091e+01 6.442810091054643351e+01 7.040086568398035638e+01 9.053272391837170119e+01 9.066057351837289957e+01 1.007851139076507394e+02 1.209122130770710868e+02 1.162957544742711917e+02 9.669566110618167443e+01 8.270791799247507470e+01 8.377717608572396557e+01 8.740727812514373340e+01 6.899591161321644961e+01 8.306291930897573650e+01 9.322677314739144094e+01 1.019262846126535180e+02 1.045412095842514901e+02 9.427586190903934948e+01 8.595871089052901937e+01 7.478677566068044769e+01 5.457265994217869576e+01 7.144581661584265930e+01 7.963181491055512140e+01 6.317288092421284773e+01 6.915842234060848170e+01 5.124908269678120121e+01 6.855252621185549344e+01 6.477865786168031548e+01 7.143035590128346257e+01 5.244411127504781689e+01 6.898784844364131175e+01 7.405670374547005963e+01 6.761044922395220169e+01 8.270154530985134045e+01 8.253982046012775697e+01 7.888208168417061472e+01
