MOVIE_S3_data/elevation_000410.asc
nrows	100
cellsize	150.0
xllcorner	0
ncols	100
yllcorner	0
NODATA_value	-9999
[rows 17 to 33 of 100, columns 37 to 73 of 100]
3.106577766191903578e+01 3.323811473247253900e+01 4.675510110773308270e+01 6.432978157506397565e+01 7.231556223871434952e+01 7.231556240933508661e+01 9.256565512521814298e+01 9.560697383008478312e+01 1.038645797857602133e+02 9.647360023417466834e+01 7.618872493499853249e+01 7.984121399553352205e+01 7.441630977461362306e+01 5.792420154075621497e+01 4.613008011485553084e+01 3.668781082438196961e+01 5.659280088749264337e+01 7.387702006082011508e+01 6.486139724958059105e+01 4.319491154482133766e+01 6.486139724958059105e+01 6.160671148721028345e+01 4.196356511062855787e+01 4.713113714321104197e+01 2.820845637040594767e+01 2.865800854393901176e+01 4.874441554775007290e+01 3.491019153889693172e+01 5.341490045428533051e+01 6.429747685809353186e+01 5.779458275205028173e+01 5.329840841482685931e+01 3.539691433912950913e+01 5.518216560996320652e+01 6.337661282633579418e+01 5.290822766272152222e+01 3.681386164392709048e+01
4.447896266349214756e+01 5.259663865613933353e+01 3.646616967988638436e+01 5.599030176339432074e+01 5.217676763088930159e+01 7.231556269394052094e+01 8.126562454436249539e+01 7.532524316748667559e+01 9.560697383008478312e+01 1.064702537485892577e+02 9.775569119571291310e+01 9.616804897266838736e+01 8.384258819719669020e+01 7.355516462125872579e+01 5.938684363962938306e+01 3.946758204335925058e+01 5.090003753615067694e+01 7.098003637397413002e+01 7.378635885251972582e+01 5.428787848631670698e+01 7.378635885251972582e+01 7.030919736919200602e+01 6.194397623280701026e+01 5.911266083487262080e+01 4.964155113551461795e+01 2.838917157893468968e+01 5.059667797891856367e+01 4.007986192809847381e+01 5.924196954481683264e+01 7.710766247859918110e+01 7.065134093137420734e+01 5.072502818567716076e+01 3.676983721877687117e+01 4.822878189592518794e+01 6.811513473273092245e+01 6.373155673524969700e+01 4.815819370600631544e+01
6.435109782506462750e+01 6.432978157506413197e+01 5.011606486355629642e+01 3.989306799260400993e+01 5.957867049841718199e+01 5.320244506293120423e+01 6.069373032867219564e+01 8.126562454436249539e+01 9.814125906866257765e+01 1.033499046074702363e+02 1.050332289177103746e+02 8.149443151913607153e+01 6.520569781497795248e+01 5.549931566449203757e+01 4.853946969675968148e+01 4.272483996390042904e+01 6.266978825000896336e+01 7.940569415557865796e+01 8.589515243759618102e+01 7.703411072013690841e+01 8.519795093835661248e+01 7.698050336899889601e+01 6.862792682440989722e+01 5.330678774111913043e+01 3.257313666186860956e+01 5.059667858371482652e+01 5.909640356753335055e+01 5.932661229885914622e+01 4.936842691796930893e+01 6.950152812015082304e+01 7.188970113547085816e+01 5.206914292819255508e+01 3.815392101343660869e+01 5.787445002020170648e+01 7.656936724470935474e+01 7.519993979648084803e+01 6.731449381947463451e+01
6.425308173225849373e+01 7.854350335025223728e+01 6.793170556123250492e+01 5.957867049841718199e+01 4.364417916402834408e+01 6.350451797940588961e+01 7.637520866178566337e+01 8.592559900533963457e+01 7.901111536774445199e+01 9.608490902892884833e+01 1.071654748447240451e+02 9.672474313529680501e+01 8.594192869752544084e+01 7.697491321714976209e+01 6.605592136569799777e+01 4.604934639802358731e+01 5.593945440192399587e+01 7.017578260812639712e+01 9.064947426644691575e+01 9.209762240595864569e+01 7.217813740863199712e+01 5.827046406220839714e+01 4.838781337521346160e+01 5.479443794765634834e+01 3.448293497779864936e+01 4.920210061285853698e+01 6.973871169635052070e+01 7.814684455495286386e+01 6.079280809527888607e+01 7.814684455495286386e+01 7.623701682239020272e+01 5.923991354962263500e+01 3.954690284622901686e+01 5.923991354962263500e+01 7.666656844951428695e+01 8.508465028606396174e+01 7.715907811174631092e+01
5.901195910235828990e+01 6.082062425560867780e+01 6.930133364726953005e+01 7.186045125478521811e+01 6.350451797940588961e+01 4.802730725693240288e+01 6.803614540748748141e+01 6.967660663987409464e+01 6.656513441776098716e+01 7.786157155882210645e+01 9.900439674515222066e+01 1.024630225771726657e+02 9.188453060039485365e+01 8.319683161927548554e+01 6.979635598340880165e+01 4.968544132761154941e+01 6.979635598421958775e+01 8.464689186549820477e+01 9.528988300447757354e+01 8.698344020698323220e+01 8.626777769632224135e+01 7.055328395336763947e+01 5.814777243222373926e+01 3.738232293326790057e+01 5.524703074791927548e+01 4.562974705930377439e+01 6.028160887590679806e+01 8.080509317311002349e+01 7.525272438530953423e+01 7.938681727340524219e+01 5.959676648548547462e+01 4.836660699267689978e+01 4.094578888349320778e+01 6.060912918156256524e+01 5.677774588242829168e+01 7.666690677505401652e+01 8.509190727495146689e+01
4.454699828293288277e+01 4.069059873876626909e+01 5.480403432903485594e+01 7.534595725558071422e+01 7.637519388839990597e+01 6.803614414190936088e+01 5.278955804871829827e+01 5.643303863709640922e+01 7.686415936456795350e+01 9.233460166931020296e+01 1.071654748447240451e+02 9.379731175430083567e+01 7.279181517427520021e+01 6.258378296865707568e+01 5.548650953217974546e+01 6.302022206583731645e+01 7.827403643378103482e+01 9.528988698054368456e+01 8.346566261184705127e+01 6.632657443353895133e+01 7.079468728275844569e+01 6.197423420171676156e+01 4.152566099001121103e+01 4.040734898322522639e+01 6.106989816014365147e+01 6.629475740893350633e+01 6.253274308872489939e+01 8.303380153890526572e+01 9.620833705868392371e+01 8.772545080436896114e+01 7.623701682246532130e+01 6.796072043355269443e+01 6.061373490841425138e+01 4.296128580699310362e+01 6.260292138308454213e+01 7.763314212578423223e+01 8.606559338387931746e+01
2.860403268637859853e+01 4.792915906780867630e+01 5.734091648703154220e+01 6.551759213624035283e+01 7.537014286599736579e+01 8.122238576438907387e+01 6.698758407708353957e+01 7.686415936456795350e+01 6.366004917338228353e+01 8.410804228889917056e+01 1.012638740520351774e+02 1.026190484580603908e+02 9.188453212537250181e+01 8.152954743082540290e+01 6.078941064688154938e+01 8.141856300088299747e+01 9.061052060859454116e+01 8.698344022179632873e+01 6.632657443353895133e+01 5.369626167834996266e+01 4.933970640477806313e+01 4.563388503129601759e+01 6.197423420171676156e+01 6.106989816014365147e+01 4.471528507198893010e+01 5.502128513433157764e+01 7.561953683348134803e+01 9.139637956321642775e+01 1.045618206777375292e+02 9.427261087246061777e+01 7.569051300322772136e+01 5.585566548274964305e+01 5.003757256177620860e+01 4.440215695915886585e+01 5.089940556202504496e+01 5.772654961934409101e+01 6.906128062599064776e+01
2.459214223419478174e+01 2.989769104821420243e+01 3.726694747384650697e+01 4.779677533720067117e+01 6.132899129505798896e+01 8.104947216851928715e+01 8.707799224686655748e+01 9.233460168706896809e+01 7.820448620346313362e+01 7.297582754558447959e+01 8.735556594813060372e+01 1.070852744189144374e+02 9.868313399112140871e+01 7.770618778731231657e+01 6.793534097692818818e+01 8.899967868245204272e+01 9.410635720191029918e+01 7.380814162238053200e+01 6.158154914708525496e+01 7.505719319833207237e+01 7.079468728275844569e+01 5.214003300271375707e+01 7.350441285024481886e+01 6.850204002031141215e+01 4.788272813120242688e+01 6.850204002031141215e+01 7.561953637267725981e+01 9.595452646557028231e+01 9.603682082922296104e+01 7.556214397520973591e+01 6.559123830873026861e+01 7.569051300322607290e+01 6.554891813074057438e+01 4.592902394419595424e+01 6.554891813074333129e+01 7.763313996471838152e+01 8.606552542185328036e+01
2.481477514478945778e+01 4.365375463982058335e+01 5.728029629508498033e+01 6.551759213623735434e+01 6.845176563530058900e+01 7.629199182397012180e+01 8.464487303245694250e+01 9.562309500317091704e+01 9.833956592909935068e+01 9.313429327088118725e+01 8.605805504848633802e+01 1.056976824776086943e+02 1.073184443268944221e+02 9.687673326327470136e+01 7.848134188211967910e+01 9.766702936087429521e+01 1.023474592017145852e+02 8.825810352651996027e+01 6.782456459921405667e+01 8.825810352656944247e+01 8.093018607955393406e+01 5.992692765556223122e+01 8.093018607955393406e+01 7.207154739997092463e+01 5.145007834284815829e+01 5.980735570737736850e+01 7.439819088669074176e+01 9.469806031955398851e+01 1.045586262197782332e+02 9.411432567272349559e+01 8.579106746004808315e+01 8.030554975448319510e+01 6.708063234506683159e+01 4.746511696726101093e+01 6.708063255188714891e+01 7.495467310267501659e+01 8.335409129244246174e+01
2.696393983385701176e+01 4.516579585615357217e+01 5.605944290198196711e+01 5.975204833580259134e+01 5.006497159919876339e+01 5.828103910975492852e+01 6.877881658917141294e+01 8.750082768797089727e+01 9.071491770422123579e+01 9.886900016935921087e+01 1.057283133171381166e+02 1.062493244196473228e+02 1.248765812790242933e+02 1.087275587629303999e+02 9.991859197931756853e+01 1.085330915734486297e+02 9.479969354533953663e+01 8.085287003602623201e+01 7.977968149822292787e+01 9.649850218400364099e+01 8.929826902091157592e+01 7.227393729652355603e+01 8.929826902091153329e+01 7.577393985244188457e+01 5.515989106879433024e+01 7.577393975395813186e+01 7.662557103684517301e+01 9.688846373356427932e+01 1.107725440245449420e+02 9.472582352970712805e+01 7.433249530965262863e+01 6.031741872936461846e+01 6.881850477634881713e+01 4.922452403269755905e+01 5.197623226027832999e+01 5.526934368367217587e+01 7.495473337253443447e+01
4.275183448133689978e+01 3.010322269908846238e+01 4.886184604334821557e+01 4.119693706871353100e+01 5.965285571914871809e+01 7.578881841927163521e+01 8.324496015713695840e+01 7.534935653188502158e+01 7.193240538901868319e+01 8.770670878980671148e+01 9.583382325965456516e+01 1.069581280216727492e+02 1.141926557321091877e+02 1.057588400513872671e+02 1.142109188772931674e+02 1.213988372137325484e+02 1.086999857402186507e+02 1.006290111023861300e+02 9.983984340123743095e+01 1.080327822151535742e+02 1.010433205531146115e+02 9.275484181865145672e+01 8.867917940690283274e+01 6.827420403072397903e+01 6.006467483531770313e+01 6.827420403071147348e+01 8.867917832849508386e+01 1.051549174477440687e+02 1.023260154975156695e+02 8.180246439115771295e+01 7.169760406702636146e+01 7.136726287521824474e+01 5.171979865585559821e+01 6.884026216180505742e+01 6.571271578066181007e+01 7.495473306427432192e+01 6.029435931431975604e+01
5.283904026956635391e+01 3.943642992471050945e+01 3.344393542119032503e+01 5.216287326927974277e+01 5.863142275207395926e+01 6.665207305184431164e+01 6.892900857197625442e+01 5.719747131207541457e+01 6.283786943139228498e+01 6.912932542348094955e+01 7.966823671068537749e+01 9.871715014194610660e+01 1.038248172714223188e+02 8.486065527276950604e+01 1.038248172714223188e+02 1.166026001433023396e+02 1.170042479388029761e+02 1.086076228380452307e+02 1.133241195402862900e+02 1.049022960663137098e+02 1.133241195402862900e+02 1.050867513571362082e+02 8.499166175424322489e+01 8.558375002981739499e+01 6.511162326324553362e+01 8.558375002832390521e+01 8.499166173874066033e+01 1.050867496889006247e+02 1.107725440245449420e+02 1.005300741444038266e+02 9.124354866860420543e+01 7.325261316953761082e+01 5.356323066669747135e+01 7.325261315195631084e+01 8.573424385270089942e+01 8.862958745622212575e+01 7.999889653500942188e+01
5.660202188353237318e+01 5.757731403927933655e+01 5.158427949879552443e+01 3.734354695721890494e+01 4.054068352253722196e+01 5.912184338052941257e+01 5.075649472529104145e+01 6.892900470432172710e+01 8.112883022594338911e+01 8.770567986184700260e+01 9.583260069281280380e+01 9.977672431422428190e+01 9.124087791876246456e+01 7.427781448876311288e+01 8.735950268292239684e+01 1.079480164569545622e+02 1.050730123245508452e+02 8.777880868296293215e+01 1.029474808904093663e+02 8.397455331928441069e+01 1.029474808904093663e+02 1.133189760584224217e+02 9.837183989333604472e+01 7.815209445201558935e+01 7.702788677634961800e+01 7.702788677634961800e+01 9.727127658820072043e+01 1.133189321771983771e+02 1.075275395765857240e+02 8.697307964534716973e+01 7.254718718382638087e+01 6.266381226046403441e+01 5.541738518438273786e+01 7.517064620233782080e+01 7.859049690835803403e+01 9.907579112270349242e+01 9.499914956050064063e+01
7.261948972002380742e+01 6.920985520275789327e+01 5.069704153641498579e+01 4.513240371696778652e+01 5.912185193311813691e+01 4.542511086357360739e+01 6.378715450061030623e+01 6.120306140511483761e+01 7.160126758524697266e+01 9.030511332079446163e+01 9.962352839208023170e+01 8.773516379463259796e+01 7.030427141124789614e+01 6.643772560963415685e+01 7.849679975428463763e+01 9.946618002960038041e+01 9.574023511664721298e+01 7.556017945266860636e+01 9.443842469279906027e+01 7.339742477696168521e+01 9.443842469279906027e+01 1.053138356610465962e+02 1.066067044508387625e+02 9.253265769422500853e+01 9.142764099078206641e+01 8.882260564577040896e+01 1.055086303960498952e+02 1.194233173073905050e+02 1.109933324712606577e+02 1.014715750559162046e+02 9.123248925844106338e+01 7.831686478747090518e+01 5.841800015282726832e+01 5.895968246264118306e+01 7.859049690835803403e+01 9.057130104735738030e+01 9.894768465971608862e+01
8.474736640554799294e+01 7.724536225530505362e+01 6.934122303079386995e+01 5.441515887861415735e+01 7.126324508999388740e+01 5.608523116287643973e+01 7.151774116543946036e+01 7.949452922538178257e+01 8.746949687339599677e+01 9.846330142024504539e+01 9.117028231336006172e+01 7.030373343115367391e+01 5.851308676521411201e+01 7.915312251573188007e+01 9.529217518856326308e+01 9.749027651021498286e+01 8.718081208984443720e+01 6.625905526578564775e+01 7.978385402752847710e+01 6.649928057854179997e+01 7.580545359211522793e+01 9.074619862978778428e+01 1.115004319360865708e+02 1.124688727525395961e+02 1.113790608931131914e+02 1.088123757246843155e+02 1.170202846408330970e+02 1.109933324712606577e+02 9.040985028734124285e+01 9.643861263857868948e+01 8.299874891050946246e+01 6.286158561722692184e+01 7.831694824891216911e+01 6.208466485416637681e+01 6.538708278053952938e+01 7.010807199046895732e+01 7.904480442985591537e+01
7.465286711278581322e+01 9.038494779746145014e+01 8.047781086715990284e+01 7.265738629241896263e+01 8.047781086713033005e+01 7.430818685360313225e+01 8.216473110320670514e+01 9.014112432091434357e+01 9.892976281427529273e+01 9.450236905412393185e+01 9.130088969386811470e+01 7.474520647470488655e+01 5.432440423145014563e+01 6.594968302643162872e+01 8.676011494903812604e+01 7.665939267680354874e+01 7.978385402753053768e+01 5.911924335711420042e+01 5.911924335711420042e+01 7.365541403267185672e+01 9.457921697891042356e+01 1.053138354360002182e+02 1.085065046313810768e+02 1.154062163173260558e+02 1.178547238126883343e+02 1.261864826840395608e+02 1.185899155594782144e+02 9.808886236302745942e+01 8.612359829936046651e+01 7.584162545998960070e+01 7.028155568374172901e+01 6.709250838500517489e+01 8.743827102709389010e+01 8.189165978759045572e+01 6.658278950363340698e+01 8.679353040326284940e+01 8.016421975672031408e+01
6.642600842138648432e+01 6.984834103153885110e+01 8.434665281879669863e+01 8.979656771283792693e+01 8.413857637855294058e+01 8.979656762673802461e+01 8.671407247975682253e+01 6.900741960727702917e+01 7.952004201255017790e+01 7.331415895601899990e+01 8.275569916915068802e+01 6.207459470796876388e+01 5.057312101253891257e+01 7.081545793858360582e+01 8.276060038657536211e+01 6.211583483811396178e+01 6.816253390163632275e+01 5.290274452769164526e+01 7.324913035961705532e+01 8.836994014745836523e+01 8.376650557913677630e+01 8.766519135530069207e+01 8.766519135533702922e+01 9.470708125463954730e+01 9.726340973080645824e+01 1.178547238126875953e+02 1.269961663401571172e+02 1.132259883676941996e+02 9.266573603933632342e+01 9.449425820244718466e+01 7.392380223790358684e+01 8.743865001520501323e+01 9.592798302259734555e+01 8.430850321878173759e+01 6.987299070223056674e+01 9.042715883669481514e+01 1.009783886302434723e+02
