MOVIE_S3_data/elevation_000550.asc
nrows	100
cellsize	150.0
xllcorner	0
ncols	100
yllcorner	0
NODATA_value	-9999
[rows 34 to 50 of 100, columns 37 to 73 of 100]
6.025193225823858967e+01 8.032941094180236519e+01 7.684983780289904587e+01 5.542749724538385436e+01 4.177215463636002823e+01 4.445001625661011246e+01 2.715484297254568702e+01 3.963965534871345398e+01 3.378450753572064258e+01 4.527209778171842203e+01 6.614026058538006225e+01 7.516224865555480505e+01 8.590614022874319744e+01 6.597609910557608259e+01 6.963332979422160918e+01 5.411822120750590415e+01 7.396400065197447304e+01 8.335744973164911187e+01 7.232423447623932589e+01 8.118516221875815120e+01 9.535819563485163997e+01 1.155159289269281828e+02 1.145574412861086131e+02 1.228418271483753443e+02 1.198004609883387559e+02 1.169442758064224819e+02 1.086324924089170452e+02 1.103568956603361357e+02 1.020146746148132593e+02 1.103569409671725907e+02 1.250347033295550716e+02 1.046248857655310616e+02 9.253206376628818930e+01 1.034840471898839809e+02 1.119212243751601790e+02 1.116743850628483017e+02 1.032901466573375302e+02
7.674177901219054831e+01 7.930804782857828172e+01 7.077399012013835033e+01 6.084926037964120837e+01 5.050862491894927331e+01 2.888999597443922340e+01 2.750256057197329085e+01 4.556309643245266017e+01 4.056150116802326977e+01 5.774124821361201043e+01 6.689442692933883450e+01 8.593746413569338927e+01 7.402105437417367284e+01 6.575621202735541715e+01 4.986370736998147635e+01 6.963332979422160918e+01 7.030116682854171017e+01 9.026174217885771611e+01 8.639438224514313447e+01 1.006089906086588712e+02 1.095920313844622598e+02 1.103494342386422886e+02 1.184979846432754300e+02 1.150658581059427661e+02 1.231870058378735848e+02 1.271815635322580675e+02 1.191183669809152832e+02 1.181218277133438477e+02 1.181218277133438477e+02 1.262377127185308865e+02 1.333378047825021042e+02 1.216158046795963088e+02 1.072872537477067709e+02 1.216158046795963088e+02 1.177771163586793648e+02 9.728944763416771480e+01 8.232134420643618000e+01
8.681161028375119315e+01 7.077399011380735772e+01 5.089519714519835958e+01 5.249828630199633039e+01 3.250527452761487268e+01 3.776249257984116525e+01 4.119383153414319310e+01 2.800043586029050147e+01 4.886804997317199906e+01 5.523195524029581804e+01 7.035009561061222882e+01 7.030932546284915929e+01 6.205495487770912888e+01 4.599679865521136435e+01 6.575621202735736404e+01 6.380035178805881202e+01 8.371538440572385298e+01 9.857448542816203485e+01 1.065011165202153620e+02 1.121484564016087262e+02 1.039603892876157545e+02 9.025827199838963111e+01 1.069691702328101428e+02 9.505080927097721144e+01 1.117004516892829713e+02 1.157928482644183532e+02 9.917704938605700704e+01 9.813535682163031026e+01 9.813535682163031026e+01 1.181218277133438477e+02 1.184283461042523413e+02 1.265863603741461674e+02 1.276490632198011497e+02 1.264009535005666010e+02 1.061761866083579520e+02 9.143919713802561944e+01 1.032901468728735779e+02
8.256075484988708979e+01 6.214547923326398404e+01 4.836675394417716944e+01 3.694219675196909947e+01 5.249828628823913590e+01 5.135482879087031449e+01 4.649040862420584830e+01 2.835252577913318817e+01 4.834349042255031748e+01 5.904271165092853124e+01 5.625412148532167578e+01 5.861057576665398727e+01 4.211907320875479854e+01 6.205356016935086672e+01 7.401543617911005413e+01 8.371538440572385298e+01 9.202004210453374355e+01 9.654667872337641654e+01 1.046558450368512325e+02 1.039603892876157545e+02 8.379446474972095871e+01 7.851591006452053989e+01 9.186154535710566904e+01 8.333416447249331327e+01 1.035101642732318368e+02 1.076316319636336942e+02 8.746229789338133287e+01 8.377911380164792376e+01 1.039892586138255552e+02 1.083717519977846706e+02 9.842879808358938476e+01 1.150910837053965707e+02 1.195065685237188831e+02 1.276584617270853812e+02 1.193122676796599535e+02 9.891260301042498781e+01 1.193122676796599535e+02
8.786379540926495224e+01 7.341739561506486211e+01 5.997829544302573623e+01 4.043196820843638051e+01 5.975745589188422002e+01 5.033449041433122062e+01 2.885890705594511729e+01 4.086710323296239977e+01 3.125761617982494300e+01 3.346863148261645193e+01 3.581489360739598737e+01 3.834158551466000375e+01 5.861057576665398727e+01 5.367691122966907358e+01 6.508002684822228900e+01 8.499896850721519570e+01 9.355041591323265493e+01 7.745321030934212558e+01 9.355041591323265493e+01 1.006305916671558549e+02 8.970092729171948065e+01 6.942196915608255381e+01 7.159213041166186997e+01 8.333416447249331327e+01 1.035101642758145175e+02 1.157203302496703117e+02 9.683445046177222082e+01 7.652265540182962411e+01 8.987635635816049273e+01 8.822245153691051200e+01 8.671013345185843946e+01 1.053736542651417096e+02 9.951962663252429309e+01 1.195065685237188831e+02 1.275745673532975530e+02 1.134397703790560428e+02 1.193122676796599677e+02
7.477511143548126427e+01 5.897099581472491536e+01 4.547363519772933671e+01 5.997829544302573623e+01 6.774631507658018847e+01 4.942646312191516245e+01 2.921809287837970004e+01 4.711254295807344761e+01 4.412578172452823111e+01 3.789930450795473149e+01 5.391956867481565752e+01 5.022004696279149272e+01 6.686486665192938972e+01 7.349876337919437219e+01 8.177676570025381864e+01 9.329578629010285340e+01 8.552305959477010333e+01 6.641459630223961597e+01 8.552305959477010333e+01 8.638986621381665998e+01 7.214914076047763558e+01 6.333276001243823572e+01 8.358659135677547170e+01 1.001199634262215739e+02 1.117004521260251977e+02 1.038579589403683343e+02 9.373843795395504230e+01 8.541292283771466032e+01 6.942233622986738339e+01 7.375284839520988101e+01 7.926925524872522999e+01 8.517299661875259176e+01 9.534622125594724196e+01 1.095951182248500118e+02 1.294179364963244154e+02 1.334897303077773358e+02 1.393065467739829728e+02
5.467046684223283393e+01 5.075974814138918845e+01 6.491374598220352254e+01 7.341739561516696710e+01 6.395154030669660017e+01 4.346552833678604344e+01 2.957880835538735909e+01 4.854803901501212948e+01 5.242989864058220917e+01 4.298273667684675559e+01 6.018441763172218373e+01 7.016637071917023150e+01 7.836695864184819982e+01 8.640313345018599023e+01 9.425786067325047668e+01 8.424654286433253958e+01 7.624255053729865494e+01 5.956056081794498880e+01 7.876719760866888009e+01 7.807419667532819574e+01 5.789758708029253143e+01 7.807419667532819574e+01 8.358659135677548591e+01 1.037267207344048074e+02 1.098237192237985766e+02 8.969450696075328722e+01 7.523562897072343958e+01 6.494320322681535629e+01 8.541292294183709544e+01 9.412404500644561267e+01 9.954222527461837444e+01 1.053736542651417096e+02 1.135887829147157930e+02 1.235659711831850700e+02 1.271166047576624436e+02 1.208986679067831176e+02 1.290480332782404389e+02
7.477522257418452512e+01 7.049156862825972780e+01 7.907061863163134774e+01 7.375370667817512071e+01 6.219040377151662113e+01 4.970443654999704108e+01 2.994116872647377647e+01 4.940533494864013164e+01 6.325265263535516880e+01 6.259587219233444699e+01 7.161190525754253144e+01 7.747625643412291652e+01 7.025077343461879309e+01 6.670127266480820083e+01 7.928612763482740888e+01 7.071557430390696197e+01 5.700374628539134392e+01 5.342063130990391784e+01 7.269352576364141783e+01 7.456189977171968053e+01 5.447877332193422006e+01 7.456189977171968053e+01 8.566979112469039137e+01 9.394441523481233958e+01 1.055364721593008568e+02 9.976934901729616456e+01 8.251806725622485317e+01 6.213585393452014927e+01 8.251806725452276225e+01 8.505182572635030169e+01 9.225329061844944079e+01 9.225329061844965395e+01 1.123483949613385704e+02 1.212322177828618521e+02 1.072111866476737418e+02 1.008709270331097514e+02 1.175447778234473191e+02
8.556014080366971086e+01 7.711262602551127543e+01 7.863247418283835088e+01 6.508577497814823687e+01 4.479807422921042104e+01 3.184302069195573992e+01 3.030526173974832460e+01 4.987325026598893629e+01 5.791367423142700233e+01 5.618242772296552090e+01 6.265188922583914888e+01 6.884941392910384650e+01 5.051263437233743048e+01 6.740004029414220099e+01 5.960391866439475450e+01 5.073582764313051996e+01 4.578293205586178516e+01 6.513386929779929346e+01 8.065917661518902548e+01 7.121471202994024452e+01 5.124788316250914733e+01 5.792042827784521108e+01 6.545746864626626405e+01 7.713342364889872727e+01 9.733003905925082222e+01 9.147800025117548728e+01 7.110969704430402771e+01 5.948153915147894111e+01 7.596015154424917171e+01 6.472222424156589682e+01 7.188447197972895708e+01 8.634322799745899601e+01 1.065214439525191921e+02 1.130413486297359213e+02 9.267578279929807650e+01 8.882058918353482113e+01 1.001610338572794348e+02
7.114952126894267792e+01 5.696350182267171647e+01 5.846115974414434646e+01 6.119330466524974099e+01 5.392610468027469750e+01 3.410676303678643961e+01 4.960881190092491977e+01 3.082781307729367626e+01 4.977415257221745293e+01 3.686395051827083336e+01 5.501433393726713206e+01 6.117319603672941497e+01 4.232965680108902262e+01 5.351213387475251437e+01 3.610455506613381260e+01 3.934212952064336832e+01 5.886987504918948844e+01 7.295665450049861533e+01 8.295676934234407440e+01 6.797566467609168228e+01 4.812989797887247789e+01 6.797566467610081986e+01 8.566979111711658845e+01 8.319493417141379155e+01 8.361115210996543112e+01 9.211098084562011934e+01 8.796386453903240010e+01 7.596015155126443119e+01 5.595541540667823455e+01 7.596015155132654684e+01 9.225329061844944079e+01 1.005383529305862140e+02 1.062794488942231936e+02 9.791745288119454926e+01 9.260650223773770051e+01 7.879253222215436381e+01 9.153675186015992438e+01
7.599467009796352102e+01 6.436920095779171902e+01 4.453698276404657719e+01 4.141863744618304821e+01 3.837049829925451405e+01 5.392675590003695163e+01 4.872558926747642261e+01 3.317211812421446382e+01 3.135520651386570279e+01 3.172786990513014871e+01 4.972510178836263606e+01 5.061572057682710835e+01 3.667197011262631889e+01 3.353867888913673312e+01 3.391452879881376958e+01 5.243865489829574500e+01 6.023478753475955472e+01 5.460218475913745095e+01 6.837070710059288103e+01 6.122696691761729682e+01 4.537774079653815562e+01 6.513965269031054106e+01 7.142291639026200301e+01 6.315426417084135124e+01 6.319800294156188158e+01 8.353926278415870854e+01 8.726757494067196319e+01 7.358681332341718928e+01 5.373698592599467361e+01 6.765758917591068666e+01 8.776422088369744756e+01 1.009256733886506225e+02 9.211865085914125473e+01 7.610995649241039018e+01 7.016799894445512109e+01 9.248120198568183525e+01 9.086555128064772191e+01
5.582785697345580900e+01 4.963296033104112581e+01 6.436920095779171902e+01 6.119350380683172830e+01 5.814258575124739536e+01 5.682784306005009256e+01 3.688931367856446286e+01 5.318101341792372239e+01 5.113064434522393498e+01 3.877745528347482207e+01 3.225409080845565057e+01 3.263109838610535007e+01 3.300739376611165454e+01 5.154040144053257677e+01 5.360926980210361847e+01 3.444913916420529176e+01 5.158953939768419161e+01 4.273666002880003134e+01 5.998546686920206383e+01 4.149623734704793776e+01 5.753704644859898565e+01 5.829301445821483441e+01 5.276030384559206965e+01 4.920174234539344837e+01 6.905772227921667650e+01 7.591996634850498538e+01 6.801855294092013082e+01 6.806773501309467633e+01 5.157376599670421058e+01 6.544435358636945921e+01 8.610594850925852484e+01 8.998395118394545023e+01 7.415780748818706059e+01 6.230519924211188965e+01 8.038716906215996971e+01 7.504822110212947450e+01 7.037583796894934096e+01
5.657054756642645543e+01 6.961736383592143795e+01 7.804765052993820973e+01 7.543425688764762072e+01 6.166967893338457429e+01 4.141481072687159326e+01 5.682784306005009256e+01 6.534411203657745659e+01 5.534074552489045118e+01 3.561913856309528370e+01 3.730991128227616827e+01 5.301206026776073088e+01 3.970596349067227493e+01 5.697145215376026783e+01 5.265525713618514203e+01 3.789281293734521938e+01 3.498735850306783846e+01 3.536991200753964648e+01 5.512076482272426858e+01 5.576311484967212095e+01 3.762883420566318904e+01 3.851640182418208269e+01 3.943884178403058627e+01 5.910497960152856223e+01 6.124190281062102059e+01 5.622270590275798696e+01 6.818149589626027307e+01 4.859021355717594304e+01 6.817640682609928149e+01 7.971883640139016336e+01 8.429275814118894061e+01 7.617011653604855326e+01 6.686625195786336917e+01 7.865099781456009964e+01 5.653207471056509803e+01 5.477166622075169755e+01 5.599242956731821153e+01
6.187808246378850185e+01 8.217838999463629079e+01 8.128050969285476413e+01 6.686645241174045395e+01 4.639493109466858556e+01 6.166967893341261231e+01 7.022134781603631382e+01 5.886452136165488724e+01 3.908783758130408614e+01 5.534083650602930504e+01 4.256803810959540613e+01 5.949655341593203417e+01 5.438915853507612752e+01 6.624124215753509759e+01 4.722692095746311480e+01 5.969936734267268008e+01 5.547387644288953368e+01 5.507975758004136679e+01 3.591654944633638991e+01 3.659325126950774631e+01 5.571059649484516285e+01 5.824221339433767497e+01 5.914617085662571583e+01 4.070286096994184533e+01 4.158001874420099853e+01 4.245337258312545003e+01 6.211793153395170464e+01 4.655310793280798976e+01 6.608696214486907650e+01 8.098113479463103204e+01 7.617010470845299608e+01 5.887382411901157298e+01 7.038778310921810544e+01 7.157973430572309326e+01 5.306695603230141245e+01 7.317065974604052769e+01 6.748036714809127545e+01
7.619450399585139166e+01 8.745621420666412860e+01 6.663112488523968580e+01 5.201195751774025666e+01 6.078345515727762916e+01 7.543754147122530185e+01 7.568491628066787769e+01 5.548452056898520368e+01 4.158992718823072465e+01 6.140107949028537604e+01 4.817421684248235891e+01 6.811875961811938396e+01 7.923409998152914113e+01 7.697887629628766604e+01 5.669213500553092189e+01 7.697480542477515542e+01 7.504662311764617755e+01 5.562956511022660067e+01 5.568413772768789016e+01 3.654095529025072153e+01 5.549181512984371523e+01 6.694793118204900395e+01 6.855672536391669780e+01 5.452408336698679392e+01 6.124467150119261305e+01 6.207956665991086709e+01 4.368294833405796851e+01 4.463819894661877186e+01 6.433620249865765572e+01 6.082188965589281082e+01 6.774073053117658105e+01 6.240419742885904952e+01 5.038110498207148424e+01 5.147837475418387498e+01 7.157965851124815515e+01 8.143003375381059072e+01 8.078391612166633706e+01
9.662476872859735977e+01 9.318862034796522664e+01 7.728369547789405658e+01 5.641903455576075999e+01 7.728369547789405658e+01 9.009162778517324455e+01 7.837111536283778435e+01 5.809075703227866683e+01 4.417726170133762054e+01 6.403073646240632399e+01 6.811875961811938396e+01 5.737535419447918628e+01 7.769940345154461170e+01 8.633563219657769139e+01 7.170772130385917364e+01 8.631818786829367696e+01 7.117940765983041729e+01 5.128100861488358220e+01 5.013541942799275120e+01 3.698292394501625324e+01 3.976576486052140069e+01 4.747402664237153402e+01 6.828169135249360977e+01 7.466947300377366048e+01 7.604377305654485042e+01 5.598801481940654412e+01 6.335986449818464195e+01 6.424415122821262969e+01 4.597521361033327025e+01 4.693057321655022918e+01 4.788747864578645164e+01 4.885954020023416433e+01 6.877114373286300975e+01 7.022323587631325381e+01 6.781899612723238135e+01 8.797089893802076688e+01 9.723315629910889868e+01
9.665193619975845252e+01 7.591006175396860556e+01 6.376629159483990605e+01 7.728369084734568162e+01 8.583301302749487149e+01 8.768771699153049326e+01 6.714002307812869219e+01 5.557094209873975643e+01 4.684774477178978458e+01 6.676683375903908768e+01 8.620768212515694984e+01 7.166820513203813903e+01 7.166820513203815324e+01 9.226114391774768819e+01 9.251339812955212949e+01 9.141892987575883467e+01 7.113962953962361269e+01 5.750905728307969156e+01 3.762259127825559091e+01 4.839005904361997068e+01 6.027623130409865837e+01 6.771089220518706497e+01 6.211879966539941478e+01 8.326521133997545121e+01 7.604466030713206237e+01 7.604466030713206237e+01 7.393085216727652664e+01 5.385018823885259565e+01 6.572577920991732014e+01 6.672654794125277533e+01 5.398882926640276025e+01 6.866633300291238129e+01 5.232597870211004931e+01 7.241912723120529449e+01 8.448931249373455898e+01 9.627815228033450978e+01 1.088301296717370832e+02
