MOVIE_S3_data/elevation_000042.asc
nrows	100
cellsize	150.0
xllcorner	0
ncols	100
yllcorner	0
NODATA_value	-9999
[rows 0 to 16 of 100, columns 37 to 73 of 100]
1.178969040562034962e+02 1.278210683916551034e+02 1.347868697657377766e+02 1.234583675265910756e+02 1.152836374150332404e+02 1.152836374150932670e+02 1.234583675781448875e+02 1.104593042160106791e+02 1.023608820956571606e+02 1.023608820956368533e+02 9.734517852481974387e+01 1.041398402292843457e+02 1.122468174053793462e+02 1.209306643998098565e+02 1.322362649562277568e+02 1.241355943787691700e+02 1.159116977711541523e+02 1.159116977711541523e+02 1.160234203604291139e+02 1.077879242839203755e+02 1.060762439383984770e+02 1.060828104287731293e+02 1.143319485081924967e+02 1.264871377519772153e+02 1.182033905918698196e+02 1.264911367605136263e+02 1.353986029321594629e+02 1.469818669002965805e+02 1.381743508773029419e+02 1.280974219378594512e+02 1.197509672133167271e+02 1.126340834528100032e+02 1.178690529542763556e+02 1.171413835330650954e+02 1.254862489871336351e+02 1.232856606053015156e+02 1.149259005756167511e+02
9.990675525995777662e+01 1.154387098147097674e+02 1.265476340329999942e+02 1.070378195943183073e+02 9.595304322739684721e+01 9.595304322739684721e+01 1.122293659332979274e+02 1.023608820956471845e+02 8.314275115517568793e+01 8.314275115517568793e+01 7.817409959254958096e+01 8.492163476090267693e+01 9.346992904500154964e+01 1.045433123572783813e+02 1.240125483432674400e+02 1.159116977711541523e+02 9.628815649303390956e+01 9.628815649303390956e+01 1.047005353832900028e+02 8.828812975021294562e+01 8.660497441149563258e+01 8.660504719501648196e+01 1.060792031407197129e+02 1.089261919868644242e+02 9.852376610131071288e+01 1.072274446962520216e+02 1.186087806223948604e+02 1.386535719449979069e+02 1.298294426957924657e+02 1.096724917308411591e+02 9.962138014143371834e+01 9.252844180308368038e+01 9.774976380023696265e+01 9.702237004083433192e+01 1.138659190673360513e+02 1.132271406042034272e+02 9.483586979939353512e+01
8.773754973606129681e+01 1.014623942654909996e+02 1.211616785117962962e+02 1.178211001991912354e+02 9.844922185434732853e+01 8.490936022514127046e+01 9.686099746674986477e+01 9.234388534994300812e+01 8.816721723576591785e+01 6.963690179586014040e+01 8.877161138589987388e+01 8.869605220111678534e+01 9.547205560784601630e+01 1.035335780810176090e+02 1.147086092159636195e+02 1.159116977711541523e+02 9.628815649303390956e+01 8.263800623521576938e+01 9.289156851091658496e+01 7.721450914149292544e+01 7.305800262652020649e+01 9.230469040516912571e+01 1.009605564723406417e+02 8.941474267194304559e+01 1.089238875617709681e+02 1.205122338791004495e+02 1.293909412386736903e+02 1.409419244307693191e+02 1.381743508773029419e+02 1.280974219378594512e+02 1.178690529542763556e+02 9.774976380023696265e+01 8.346137254619118551e+01 8.536029416451599161e+01 1.048516489854030738e+02 1.048808851875051147e+02 8.494817272737053315e+01
9.344739504716825707e+01 1.063109650288916441e+02 1.176936064187948148e+02 1.095547872456699281e+02 1.122293659332979274e+02 9.686099746674986477e+01 7.769651381166467274e+01 7.320398756412996022e+01 6.903351695612504102e+01 6.510707260643879124e+01 8.013053437118487921e+01 6.954297207098173317e+01 7.630662377488705772e+01 8.733548507563071439e+01 1.065868176545382227e+02 1.147514876253896716e+02 9.515134367769941548e+01 9.289157047372788156e+01 7.362676814210379916e+01 6.868517094314239557e+01 8.789177161196582233e+01 7.797305403253714928e+01 8.157705943618303479e+01 8.689208212201907600e+01 9.269567380370359899e+01 1.013499408952413603e+02 1.126479095826704082e+02 1.326061749821748776e+02 1.275198286213054928e+02 1.191674105419704688e+02 1.169617304529707980e+02 1.119817411318070839e+02 9.650743737858368831e+01 7.612239761972737995e+01 9.073890601216928076e+01 9.012457694357129867e+01 7.855274310488481149e+01
7.878164176865480783e+01 9.814587796108496320e+01 1.095547872456699281e+02 9.026582599930114270e+01 9.591543194631803715e+01 1.039797161458555763e+02 9.686099746674986477e+01 9.234388534994300812e+01 8.816539908893052768e+01 8.012899282653177124e+01 6.091919770296336623e+01 8.013053437123707567e+01 9.547205560784601630e+01 1.035335780810176090e+02 1.061997174313391668e+02 9.802808393688664523e+01 9.515134367769941548e+01 7.583450450118637320e+01 8.148379981349764023e+01 6.582434037610082100e+01 8.503349526051532337e+01 9.729749307889831300e+01 1.009594672185206434e+02 1.063585019442495678e+02 1.122582542208382961e+02 1.086140135853230220e+02 1.284692762554688272e+02 1.245529142169405077e+02 1.161971181096460981e+02 9.908009328817622929e+01 9.688619710153942322e+01 9.795193803481026862e+01 1.046530863146606549e+02 9.072290508309120582e+01 7.114006258745186528e+01 7.132456734728879155e+01 7.285628582487262861e+01
9.352606269069255518e+01 1.063109650288916441e+02 1.068124366578440316e+02 9.591543194631803715e+01 7.674497278076837858e+01 9.269261264328119410e+01 1.007434454017795389e+02 9.326212690612730682e+01 7.403665929245687494e+01 7.403099637745229700e+01 5.831522954484895394e+01 7.758712009698756162e+01 8.973888579726171599e+01 9.936735754069465543e+01 9.496700401890205967e+01 7.868530114395124997e+01 8.662868040381572143e+01 7.855906714148304104e+01 6.226395623050057537e+01 6.647742382933725480e+01 8.569747178874375493e+01 9.701896356512629893e+01 1.032452604918780281e+02 1.105890637581446896e+02 1.192769499055762168e+02 1.284673026889951757e+02 1.278419307852303177e+02 1.076725235864962826e+02 9.609749197273892207e+01 8.909055159513344790e+01 8.291653724087474586e+01 7.826728983477589452e+01 9.154637999311481167e+01 8.713772703208788073e+01 6.920991958467210736e+01 8.693162937278071922e+01 9.201205052394075778e+01
1.016663570619158037e+02 1.123973308660264792e+02 9.307288818841261957e+01 7.954241577185784706e+01 6.997886851170329692e+01 7.351940887845650252e+01 8.962927903160708354e+01 8.636057042999024702e+01 7.403795049937747308e+01 5.466681183775431663e+01 7.061357473977719224e+01 6.247503861785364165e+01 7.213392689171674022e+01 9.132668759370537259e+01 8.685780073095811815e+01 6.760293140973566040e+01 7.574570586552179918e+01 5.928167443274516302e+01 7.855906714132764534e+01 8.569776697722485892e+01 7.284727395177709752e+01 7.761374090542015836e+01 8.366325234370214048e+01 9.048703235091609542e+01 1.019979736123863603e+02 1.231523662962344901e+02 1.361986610837186333e+02 1.245529142169405077e+02 1.161971181096460981e+02 1.090908271392853948e+02 1.027661846842370039e+02 9.156539482387523776e+01 7.212751239751628418e+01 8.578128570564234678e+01 7.209323217277999163e+01 6.719243252036889658e+01 9.533436935225365971e+01
9.875621588327803124e+01 1.069811376230154281e+02 1.012848110006819127e+02 8.207206468207877492e+01 7.103063351757755584e+01 6.241654042939696012e+01 7.607854302788463485e+01 6.713465141249206170e+01 6.961613548037450983e+01 7.061357147255237976e+01 5.112986449256427335e+01 6.497581844347742219e+01 8.422433607437299941e+01 9.936735754069457016e+01 8.899591236074101630e+01 7.006618377407833975e+01 5.639943388043840855e+01 7.574570586552179918e+01 7.290720576603200698e+01 9.220386752675727848e+01 9.215147475742932670e+01 9.701898372575197982e+01 9.339859040371905508e+01 1.105905383378457003e+02 1.192849412994222433e+02 1.319799587504444389e+02 1.303098042082919505e+02 1.186778473482432901e+02 1.103257457298282418e+02 1.032527502711072742e+02 9.726993295983106691e+01 9.984285484111418896e+01 8.583249469100523754e+01 6.659528920862021550e+01 6.502312195706547016e+01 8.415713639072106389e+01 9.550018273304515048e+01
7.915706435487493309e+01 9.875621588327803124e+01 1.093783215520402479e+02 9.823058886591134353e+01 8.962925161819688924e+01 7.607854302788463485e+01 5.676205534349793425e+01 5.335000152910539839e+01 5.009866856039828775e+01 6.525188044804396270e+01 4.880584830906493465e+01 6.271478368607159126e+01 8.200175645828052495e+01 9.043713941841214421e+01 8.766811602404300174e+01 6.822248041250662709e+01 5.445270856696969730e+01 7.385660906880828236e+01 9.220386752676408548e+01 1.003501550512858103e+02 1.041151476882100297e+02 1.123052830317362805e+02 1.131287682576463425e+02 1.214657466268726154e+02 1.305395203456450588e+02 1.218867108341285217e+02 1.219483004713416392e+02 1.018174451911064864e+02 9.032029427643911390e+01 8.340999003591359440e+01 7.763226134435075210e+01 8.956739819339466635e+01 8.200896361728811712e+01 6.288830296176254109e+01 8.200894514282042280e+01 7.156251823297347414e+01 7.647384867161929378e+01
7.662647340656036477e+01 9.041690282258055333e+01 1.101479293743023788e+02 9.824605744872012281e+01 7.904060700623217883e+01 6.796797465392674553e+01 7.607854302788280165e+01 7.276579271993536224e+01 6.525189726889460928e+01 4.560093369178618872e+01 6.525189724686119064e+01 7.636742399571235751e+01 7.776123413991950883e+01 7.109481986902021333e+01 7.744839964759337647e+01 6.939524268666164630e+01 5.253231735176281347e+01 6.634207428969371279e+01 8.564998614023895129e+01 9.185458464169555270e+01 8.472943784566678005e+01 9.837393380424465761e+01 1.179753712941384691e+02 1.284660021655987805e+02 1.195702091931178472e+02 1.029382121163121155e+02 1.195702091931178472e+02 1.186778424593358778e+02 1.103257450984843473e+02 1.032527502711072742e+02 8.956740444740684381e+01 7.023750060541375717e+01 6.582976363499989247e+01 6.148334327595102167e+01 8.061075397460656689e+01 9.082750300143345612e+01 9.589627144791720070e+01
8.640588480757172363e+01 9.454584185872025159e+01 1.033045171368156900e+02 1.063252855949710352e+02 9.518636220526248337e+01 8.715778546584159869e+01 8.327302602126842146e+01 7.527817878417886277e+01 6.348002953994254227e+01 4.378759269507614249e+01 6.100569648742851570e+01 6.250948880140529695e+01 5.833418508443056538e+01 5.735122324566104623e+01 6.710615926273176512e+01 4.984371325733200564e+01 5.344962859702343394e+01 7.287889732464608983e+01 8.223233249847029924e+01 7.261004273844315549e+01 9.185458464169555270e+01 1.034458906246247949e+02 1.131996240198490256e+02 1.201636276909137706e+02 1.002603325550049078e+02 9.157138337513531212e+01 1.113354705647069807e+02 1.102732601367694372e+02 1.185987309759816100e+02 1.174509516223999839e+02 9.782917545126716163e+01 8.956738432122986637e+01 7.928448431583900913e+01 6.013995848180270087e+01 7.741619324274191172e+01 8.292043800772887607e+01 8.963028703969858668e+01
6.690520384842801604e+01 7.560715397222475076e+01 8.937851910533950672e+01 1.090570985175165646e+02 9.985244276200789670e+01 8.059478055717734435e+01 6.725706848093447832e+01 5.620255072390064299e+01 6.500690852064336411e+01 5.910351046394695373e+01 4.124911977654811324e+01 4.277748039981862860e+01 4.432229054092838538e+01 4.588905332701789064e+01 4.748285080380020418e+01 6.710615926222686767e+01 7.287889732390156894e+01 5.873938693878138650e+01 6.300303258448070665e+01 6.881326770655506664e+01 7.604166111331106492e+01 8.561189991725427717e+01 1.050003411238505464e+02 1.153249357343729997e+02 9.537201306911144627e+01 8.419085107374364441e+01 9.648278306589341469e+01 9.039431072822236501e+01 1.070844136685045385e+02 1.091186345443830703e+02 8.924121048305920567e+01 7.804102181168387631e+01 6.849526884926476100e+01 7.560591890713465091e+01 5.823378922027585958e+01 6.377261211473518188e+01 7.043311116707612030e+01
7.093645114546312413e+01 9.046265665375541687e+01 1.033045171368156900e+02 9.682341900151668312e+01 8.704488106768378941e+01 7.890146625256130619e+01 8.327302602400588682e+01 6.508211726169393785e+01 4.565860579785137219e+01 3.961126622205389936e+01 5.938533105919805877e+01 6.250948883373868625e+01 6.402423503931403559e+01 6.555435927632491655e+01 5.633309884583486848e+01 5.890932328473761714e+01 7.821362649706959758e+01 7.239119181351540533e+01 7.239119162674039387e+01 8.802483927288704990e+01 8.802483927288778887e+01 1.034458906246247949e+02 1.131996240198490256e+02 1.236352002801817633e+02 1.068036581405958714e+02 8.268244960281113265e+01 7.689800694494591937e+01 7.916292099822368300e+01 9.825494114591452899e+01 1.004050572688957601e+02 8.916112634280720783e+01 8.105348371741636981e+01 7.384195737662398074e+01 5.636653818695664597e+01 6.361361253215275013e+01 8.224339848850252110e+01 8.307178457758274703e+01
7.387678831982826466e+01 8.199411215164859357e+01 9.177297640916631849e+01 8.863739523050746527e+01 6.916553727474435220e+01 5.943472976067762659e+01 6.916809800657563301e+01 7.304447611049899081e+01 5.826749911591382158e+01 3.847856783510933809e+01 5.651278182619552837e+01 5.687849938709053532e+01 7.707970415500001593e+01 8.292912760872980016e+01 6.714076239229541443e+01 7.820073853314980283e+01 7.467660782220578142e+01 9.166438314677432686e+01 8.597719378801309631e+01 9.978453426508363577e+01 1.074644695752979828e+02 1.062304835712868254e+02 1.145365176512444378e+02 1.170037711801069236e+02 1.069859411051307774e+02 9.868902629522035852e+01 9.001590547619535698e+01 7.067736038198160031e+01 9.001559500448557571e+01 9.222318926517999671e+01 7.287731311879865359e+01 6.188423038916534580e+01 5.453412734208339430e+01 7.384030586564081489e+01 8.129411062311244507e+01 7.702120226406773895e+01 9.791423486436373480e+01
5.421943184068659605e+01 6.411417471009417568e+01 8.363940193429272085e+01 9.682341866933997210e+01 8.704488090715180704e+01 6.916809800657563301e+01 4.958531291123563989e+01 6.081798026653694222e+01 6.268144843166246005e+01 5.466320703634527689e+01 3.687925269065331690e+01 4.871266555773691209e+01 6.465442250088175058e+01 8.781993518138992272e+01 8.501458129223509275e+01 9.280341291292772610e+01 9.395155481198412417e+01 1.020990469490512282e+02 1.053943414511241485e+02 1.005572252397040387e+02 9.233403160477020322e+01 8.657793273136456946e+01 1.062304835712867828e+02 1.086808847082921261e+02 8.894346837209484136e+01 7.935074724224978127e+01 7.286596709602426358e+01 6.707735370489434956e+01 8.196609525786649897e+01 9.014404305651780192e+01 8.916110356835427808e+01 7.261563587552994647e+01 5.325131029135287264e+01 7.261563597150373539e+01 9.042635226853683150e+01 9.775418401526638945e+01 1.069116251176808845e+02
6.692686325928588076e+01 8.199411270922622919e+01 9.177297646939167919e+01 8.555888160465042347e+01 7.739921452763806542e+01 7.463164212633202510e+01 5.509280612399779642e+01 4.107631649307344190e+01 5.362690553487055212e+01 3.530546654745847235e+01 5.516631452670542757e+01 4.959088448750034672e+01 6.394924506185179069e+01 8.490557969761249524e+01 9.880051886300492470e+01 1.070264737975342797e+02 1.045206374418240216e+02 9.632779537179777662e+01 9.632779537179891349e+01 9.233403160477013216e+01 7.309759834183145699e+01 8.553292540168693847e+01 1.051020189273433374e+02 1.170037710131826856e+02 1.070829558964894233e+02 9.881217654013268259e+01 9.222666529328991203e+01 8.196609525786649897e+01 6.278100395875011230e+01 7.788043334546270557e+01 8.602804241297891963e+01 7.139316294957517073e+01 5.196909646857398712e+01 6.484006591508608608e+01 7.613628609235651368e+01 9.518113791985020100e+01 1.001712159991352280e+02
7.851935098378480404e+01 9.466247301845685058e+01 8.555888127825373601e+01 7.425147816957918678e+01 5.786151336045440274e+01 7.425147667617741831e+01 6.544308096258254182e+01 4.733715761007436384e+01 3.374256251214180224e+01 5.361055605113440947e+01 5.466855907585602381e+01 6.976986471030868131e+01 7.887954543839103394e+01 8.500198388553619111e+01 7.928644355923721321e+01 9.880051886300492470e+01 9.632779537179777662e+01 7.702914056536174314e+01 7.702914056536174314e+01 8.553292540173804070e+01 6.647248553130951620e+01 8.553292540173859493e+01 9.955304634492696891e+01 1.080347902087350320e+02 9.843545222039759324e+01 9.048310026104152826e+01 9.843545221715353932e+01 9.014404301426546340e+01 7.219070318274458486e+01 5.866649313501909546e+01 7.404144489277845764e+01 7.017814605840169406e+01 5.069375054053224261e+01 5.886659328530447510e+01 7.934481850081502330e+01 9.498129598793798323e+01 8.188698432295656460e+01
