MOVIE_S3_data/elevation_000353.asc
nrows	100
cellsize	150.0
xllcorner	0
ncols	100
yllcorner	0
NODATA_value	-9999
[rows 34 to 50 of 100, columns 37 to 73 of 100]
3.945133659605235721e+01 4.631090231042984584e+01 3.500125883639045554e+01 3.036751105533912565e+01 5.306510233060551229e+01 6.628100414557685838e+01 5.851384132712195196e+01 4.312227981361673557e+01 6.342404013270772367e+01 7.792258420440491307e+01 5.742725115745096787e+01 5.895982706731133050e+01 6.038121310332211067e+01 7.746630571807797594e+01 7.289719372591089552e+01 5.226016663381937377e+01 4.912300676826553314e+01 5.183726934542035281e+01 7.230918031390841350e+01 7.918951887263924050e+01 6.396534439994893972e+01 6.795898719900593221e+01 7.354702806474757892e+01 9.399732539303471412e+01 1.092705537142419274e+02 1.173751721798438155e+02 1.271943111557594790e+02 1.224207585556460742e+02 1.076717220055517856e+02 8.739314464969523044e+01 1.076717220055517856e+02 1.137438749906041835e+02 9.949974000470986368e+01 8.736749461441544895e+01 1.017569451534687346e+02 1.218741191695638406e+02 1.305846202715933373e+02
2.964829647492425835e+01 2.998909018566055451e+01 3.033187288692516503e+01 3.067611100046667616e+01 4.354386170015405355e+01 5.385250934892351182e+01 3.849444434270007775e+01 5.851384132712162511e+01 7.186362313318797135e+01 7.117551620588452010e+01 6.496019736527294697e+01 4.450414197520881743e+01 4.857293713600699192e+01 6.168527804250707902e+01 6.350285590204340025e+01 4.598548373723824056e+01 6.643803359884684312e+01 7.230918031433748183e+01 5.575485623278717640e+01 5.858102340087535254e+01 6.354805138724531588e+01 8.413645876559834846e+01 9.399732539303471412e+01 8.241368851341228208e+01 8.928398432911929206e+01 9.942159213462679190e+01 1.191195152938569350e+02 1.218911691376052318e+02 1.017818341540080667e+02 9.463797325486679313e+01 1.148001158990159496e+02 1.279880099764986312e+02 1.147794223335172035e+02 9.461190727425218938e+01 1.039581951690229289e+02 1.240719012466001487e+02 1.382617981930087012e+02
4.199319899588736149e+01 4.987541105454500467e+01 5.027909383552449185e+01 5.062962058847926272e+01 3.116509947506405709e+01 3.418639671271358793e+01 5.397409484060674600e+01 6.687084291061394481e+01 6.497890479666881447e+01 5.052870625709108765e+01 5.575825651945058326e+01 3.772961320037070720e+01 3.944734308713098869e+01 4.123722603483999904e+01 4.305504757476318645e+01 4.762771686103319269e+01 5.241990330465610981e+01 7.300254837920169848e+01 7.630174062175710503e+01 7.048119842585222727e+01 8.390440946346807038e+01 7.141395601208552080e+01 9.186685399508196781e+01 1.026083639192009969e+02 1.092705537142419274e+02 1.173751721798438155e+02 1.271943111557594790e+02 1.302198243142713636e+02 1.218911691376052318e+02 1.089256950531493828e+02 1.089256950531493828e+02 1.289822223761946134e+02 1.231060493477438200e+02 1.047475050008816169e+02 1.231060493477438200e+02 1.324080385826052293e+02 1.372317071447392607e+02
6.319151930784102689e+01 6.502704469849354041e+01 5.422638457414917212e+01 3.403825859030006740e+01 3.493129144083121673e+01 3.166490045304379208e+01 5.170864830574027593e+01 5.489492834054951231e+01 5.305465009729731207e+01 3.618091492234512430e+01 3.544180451208669069e+01 5.575825948746650340e+01 5.988988529314589471e+01 6.168527804250700797e+01 5.067537669066000916e+01 6.808701931276046082e+01 7.300254837920169848e+01 5.989036654455759390e+01 8.064669302315112986e+01 9.095472173047302533e+01 9.857764411357599954e+01 8.600783613950308393e+01 8.071389189971020528e+01 8.990995218507696052e+01 1.015348677045974597e+02 1.210257057285870275e+02 1.254170755898379639e+02 1.171746230404602329e+02 1.254170755898379639e+02 1.289822223761946134e+02 1.289822223761946134e+02 1.373178674013121849e+02 1.331466706546559351e+02 1.248113396661529038e+02 1.331466706546559351e+02 1.411473085626777504e+02 1.454225287236063195e+02
6.904698243976704930e+01 5.733719827686378068e+01 3.697133433641953815e+01 5.422987692736496967e+01 5.659779785147312481e+01 4.349295358503683673e+01 3.216466974848170679e+01 3.251835365873250083e+01 3.287157632987617006e+01 3.322408660858206986e+01 5.344293094773498609e+01 6.229805737091166407e+01 7.615102354645264882e+01 7.882004424162089151e+01 7.059335720614517129e+01 6.402739775324522498e+01 8.277609430076221031e+01 8.064669302315112986e+01 6.841257310182786000e+01 8.923985620485775883e+01 1.084384011631897522e+02 1.060117373001580034e+02 9.253024686296329548e+01 1.089751818204831579e+02 1.177923795313088533e+02 1.290084035891921701e+02 1.153750833637628403e+02 9.701403239111651544e+01 1.102486602184308708e+02 1.185178792363549576e+02 1.285379613574688165e+02 1.360948605445089186e+02 1.278233092847628001e+02 1.360948605445089186e+02 1.353469727016103548e+02 1.213018992783123338e+02 1.312246042733838749e+02
6.057730920712671718e+01 4.008504838136381920e+01 5.733719827686449122e+01 5.733719827526966384e+01 6.721100604194411687e+01 5.452930392346844712e+01 3.602248982323325777e+01 3.735397244510744486e+01 5.279865768323840314e+01 5.345458383421473059e+01 3.373361830910142345e+01 4.796613420879077694e+01 6.273808140984039028e+01 6.955810185829299996e+01 7.787083518225620082e+01 8.277609430076164188e+01 8.446510105896821585e+01 9.677433113789699348e+01 8.326432283345566532e+01 7.968911520926596381e+01 9.433733983839404402e+01 1.143785443003628473e+02 1.123091379765713498e+02 1.203205087118223418e+02 1.267609379552621220e+02 1.193753987181282810e+02 1.070943277157883671e+02 8.676131161343593590e+01 8.996983089605545558e+01 1.001968892939261906e+02 1.203004311429355226e+02 1.261097206999301648e+02 1.078526201637185125e+02 1.261097206999301648e+02 1.253885360250567658e+02 1.071802602855791520e+02 1.113163925851910818e+02
4.345755864635321331e+01 4.918236353592200771e+01 6.904698243991657591e+01 7.786811441489379604e+01 6.749827799583765398e+01 4.461714143267925436e+01 5.570272569794794748e+01 5.786411885746097283e+01 6.160049039297003759e+01 4.174787857084641729e+01 5.377873738416222693e+01 3.424242673611971810e+01 5.442269079783634567e+01 4.909371894431724570e+01 6.931270765747940743e+01 7.510819065589780053e+01 8.540379686620788391e+01 1.034632368345330349e+02 1.036660699125095846e+02 9.433733983839404402e+01 1.084384011631897522e+02 1.103726561099486361e+02 1.185580999753945264e+02 1.208633866989995767e+02 1.067228136811124983e+02 1.111086495044878859e+02 9.084455658056009497e+01 7.904541387089344084e+01 9.348610408401825111e+01 1.137087160651061737e+02 1.285379613574688165e+02 1.178379647242406207e+02 9.777269826320818424e+01 1.178379647242406207e+02 1.171473726839298450e+02 9.696144254187240108e+01 1.171473720252236461e+02
4.801540293039608542e+01 6.863126677238578566e+01 6.377375430527751377e+01 8.433503470715869810e+01 7.644483537069116608e+01 5.628733688987414041e+01 7.644481289564498638e+01 7.067461141870252561e+01 5.071676480822412714e+01 6.192742322784531694e+01 6.285555216468078754e+01 5.452101461032247443e+01 3.474996507799406231e+01 5.365783870266329814e+01 5.793534724375439282e+01 5.135421917730916164e+01 6.853166913352939105e+01 9.565004429733048141e+01 1.071716376090158462e+02 1.143785443003628473e+02 1.070325134867498491e+02 9.032629409190371916e+01 1.070325134867498491e+02 1.107897589716949227e+02 9.237086479049570187e+01 1.107897589716949227e+02 9.485569570178928700e+01 7.448988403054090668e+01 8.891955687818057186e+01 1.091868025578747563e+02 1.253733675797026166e+02 1.111495425689932546e+02 9.098401777474497010e+01 1.111495425705631703e+02 1.113201965033378684e+02 9.088110757295945064e+01 1.054558007329177087e+02
5.285211440441123898e+01 7.349742309058042622e+01 8.433503470715869810e+01 9.269400157274128560e+01 8.888053822863695075e+01 7.549727741144138804e+01 8.167329180142004930e+01 6.199492417385447851e+01 7.067461141870252561e+01 7.902647971324108767e+01 7.498265078060929056e+01 5.497130152365188849e+01 5.494120754457985356e+01 3.525767286476258988e+01 3.978526209469793429e+01 5.928773726267884570e+01 7.663205150534707855e+01 8.023422181746873605e+01 9.535950618954595370e+01 1.062589472523471130e+02 9.879888360255769442e+01 7.848070016487450573e+01 9.879888360255769442e+01 1.024813545946239373e+02 8.215229559809293391e+01 9.231682509635840006e+01 9.069854180244114161e+01 7.029428413935282549e+01 8.475406912672907822e+01 1.050497683573015877e+02 1.111752194429589196e+02 9.697706893878053336e+01 8.505971577784185911e+01 1.053282569856603459e+02 1.062098040477693388e+02 8.556877224257034698e+01 1.062098040477693388e+02
5.938050638373796630e+01 6.480503641456867570e+01 7.677033597373882401e+01 9.712093886967066680e+01 1.088772299072637821e+02 9.314810329061675986e+01 7.731573430740289155e+01 8.167329180142004930e+01 8.749526574701472725e+01 7.924042914182633979e+01 7.020477302585926793e+01 5.869465973877833420e+01 3.836671855164815526e+01 5.534773628280405688e+01 3.577478203425218339e+01 4.748197594483487194e+01 6.804828815055545022e+01 6.764683281883873178e+01 7.794678493076871462e+01 9.545538567254396867e+01 9.161532095746876792e+01 7.114164625298192846e+01 9.161532095746876792e+01 1.046233080300012119e+02 9.231682509635840006e+01 7.190602132481858177e+01 8.361362912538623959e+01 6.638100989153006992e+01 8.684249955505433149e+01 1.032105702319131382e+02 1.010505098292499753e+02 8.253821488941052564e+01 7.952451501329714745e+01 9.991126149796183142e+01 1.014745500288579194e+02 8.077695540442046251e+01 9.508728387507805735e+01
6.672819970896557606e+01 8.537151280953321475e+01 9.369784608656186720e+01 1.053761005875701926e+02 1.086140386543052614e+02 1.005193167672434811e+02 9.624224044327618799e+01 9.011322236771226812e+01 7.581160074450153274e+01 5.887061878232206880e+01 6.188336207741605222e+01 4.156255091738942298e+01 5.869898147732544658e+01 5.650602650024202944e+01 3.614202732619383340e+01 5.651302755377836462e+01 6.969816340079431427e+01 5.778917398132225003e+01 6.686475012439251486e+01 8.715149458150604289e+01 8.544227576887109876e+01 6.490171789359105503e+01 7.601098748036783093e+01 9.636135787338864134e+01 9.855030072028220900e+01 8.361362912538623959e+01 6.312250065524459330e+01 6.261202779271931718e+01 7.449066252561100043e+01 9.487656741340734357e+01 9.270345815089075359e+01 7.212060904948565110e+01 8.675882296641782432e+01 9.513652794501032872e+01 9.724015067511389532e+01 9.508728387507805735e+01 7.452548068066190012e+01
7.712409263382194524e+01 9.560909897302116178e+01 1.110747794204775829e+02 1.030523836199005245e+02 9.712624989170049616e+01 8.050222026073785742e+01 9.147772077747038111e+01 7.928637357891932425e+01 6.152317059815108991e+01 4.719735187197565551e+01 4.484547262414603352e+01 6.188187838397112728e+01 6.266281957485396958e+01 3.666693345266050841e+01 4.171645012952430420e+01 4.370611676453488315e+01 6.129692594852561172e+01 4.901299528845777331e+01 7.047756270039255355e+01 8.147841683777615174e+01 7.308777061895594329e+01 5.922531216284940569e+01 7.377299080736126768e+01 9.416390065398701381e+01 8.991110575684631101e+01 6.953844454661293639e+01 5.768020440443924457e+01 7.421760655231372539e+01 8.281443526737902516e+01 9.362847764959605001e+01 1.008626943142376291e+02 8.675882296386765802e+01 6.600373391975998061e+01 8.121681946603952440e+01 7.675531109626393800e+01 8.431792454922283753e+01 8.589204004315516272e+01
9.747411456588864098e+01 1.057188846401777340e+02 1.030524083819949226e+02 8.311855248904922178e+01 8.807335997204022249e+01 6.866169435780693675e+01 7.124939361082626021e+01 7.097086070985987760e+01 5.070388782174622122e+01 6.748087933395612481e+01 6.514565464770451797e+01 6.522261003324520345e+01 5.751236495357219525e+01 3.708884573550464125e+01 3.708762371166792349e+01 3.809505661260363496e+01 5.824950524122581896e+01 4.246262085340428172e+01 6.443913505174327838e+01 6.707345414942757600e+01 5.267445775925408924e+01 7.285743408455429915e+01 7.745148022342536365e+01 8.442113884469488028e+01 8.458488484938931151e+01 7.624885959049123585e+01 7.051961181835372372e+01 5.379290558628056118e+01 6.547273694877380024e+01 8.539819098248972296e+01 8.623660561460718554e+01 7.780559767537991434e+01 7.916486749093782294e+01 6.039119649336313955e+01 6.191272668407422231e+01 6.347754330435415682e+01 6.507779683904828971e+01
1.092745861669934726e+02 1.096612366280983650e+02 9.566734135877766221e+01 8.750646323805194982e+01 6.866169412280194706e+01 5.960540062623406499e+01 5.690424921827391103e+01 5.431921017038813204e+01 7.097086069888798932e+01 7.735338642745639959e+01 6.502639370535685259e+01 4.895457644696961097e+01 3.769470118523329916e+01 5.748722063336600030e+01 6.276238723916591056e+01 4.629299336125696129e+01 3.946062572358144394e+01 4.029070754870466686e+01 6.025961516183949840e+01 4.682676781763692020e+01 6.707345421083172710e+01 6.616036375999145491e+01 5.727957012612231580e+01 6.665139068032584646e+01 6.304630933763706224e+01 6.691734610643203496e+01 5.017555524639106324e+01 5.119630356979721597e+01 7.139682721865383996e+01 7.451322943390078990e+01 7.587156877497110941e+01 5.712038488666324554e+01 5.843300427206575876e+01 6.535893506833666322e+01 8.275214630508835967e+01 8.431792454855877850e+01 7.991860252928620412e+01
8.964127912541675869e+01 9.878583160584885547e+01 8.167344608945700202e+01 6.738140034183287241e+01 6.402773904650044301e+01 7.988315830437136356e+01 7.124913679368771113e+01 7.457955855544837220e+01 7.439755855608176205e+01 6.504454113446278996e+01 5.256012396957791566e+01 3.830843529331486508e+01 4.545133273149725284e+01 6.533297216138748809e+01 7.689148946808428775e+01 6.553680035235242940e+01 4.928040595357311560e+01 6.025961595396744030e+01 4.144474789263250614e+01 6.146242392595269166e+01 6.366173200505759411e+01 4.487698489786946965e+01 4.581191354475937061e+01 4.676592662653843036e+01 4.774157804751217071e+01 4.873530749287937169e+01 6.889758195594566814e+01 7.143397814642760579e+01 5.275065852436055280e+01 5.402229990984199759e+01 5.529231364194744458e+01 7.587128180452040738e+01 7.918655807799565594e+01 7.917958230754790350e+01 7.585854634376093486e+01 9.629558623869154133e+01 1.003799732658863206e+02
9.878583160584885547e+01 7.887144179202094563e+01 7.257158289525308703e+01 8.750846257304652909e+01 7.837456049205650288e+01 8.424034430636604043e+01 9.145550340914492438e+01 7.886853183202130424e+01 5.863352163031228770e+01 4.749178419629927106e+01 3.891602353445852458e+01 3.935757502031765398e+01 6.497945026307687044e+01 5.947296893213758295e+01 7.951600135221976018e+01 7.797624522120975143e+01 6.357864049183805832e+01 6.853108204609618781e+01 4.523734424319604841e+01 4.263651850482362704e+01 4.356590038538242027e+01 6.061212452709853693e+01 6.577709791565892772e+01 5.597592194817431022e+01 6.804415982189048862e+01 5.332349199017387775e+01 7.003997009603672552e+01 7.538075273518394681e+01 5.485361361177537987e+01 7.453156990571919494e+01 7.587167286294599933e+01 7.210070794012746376e+01 9.265096802833777190e+01 9.958687404922640951e+01 9.042437860721915399e+01 9.042437861160900070e+01 1.105367137625009661e+02
9.328988371685667857e+01 7.954979518057170651e+01 8.671142562988529789e+01 1.005898484392444914e+02 9.843941021712196005e+01 1.041346646242492540e+02 8.630718030166553945e+01 6.521893343290318512e+01 5.300294054328842464e+01 3.952441004401335789e+01 5.897202340715958258e+01 6.720470872635657145e+01 8.324009913856785658e+01 7.951289490287983597e+01 8.799074770405719903e+01 9.238125357172491192e+01 8.344175137717651580e+01 6.286427863867335475e+01 4.831920612704114149e+01 6.269766010089178110e+01 4.568574554369214979e+01 6.536538403126218100e+01 7.742451103932039302e+01 7.414479278038612620e+01 6.266985219133621854e+01 7.926668164573003139e+01 8.643447171758886327e+01 7.765026929026623748e+01 5.698301712598850344e+01 7.765027577794907643e+01 8.947844033968158328e+01 9.265110361621488266e+01 9.828398883566840993e+01 1.048945861316961867e+02 1.105367116305387469e+02 1.105367137625015630e+02 1.186560605276791733e+02
