MOVIE_S3_data/elevation_000475.asc
nrows	100
cellsize	150.0
xllcorner	0
ncols	100
yllcorner	0
NODATA_value	-9999
[rows 34 to 50 of 100, columns 37 to 73 of 100]
4.052402246088541204e+01 4.147608728882356388e+01 5.707671114321212968e+01 7.937330439934778781e+01 9.229698518632801552e+01 8.411353664301684319e+01 8.572022210246667839e+01 9.376231824132040060e+01 9.591072979805237253e+01 8.685520625995296484e+01 7.027555743925060483e+01 8.685520625995296484e+01 7.242381682421674327e+01 5.297393373443819087e+01 6.832418224618695035e+01 5.284823252562514995e+01 6.027719656580132579e+01 7.985994232674535453e+01 9.027608450821601593e+01 8.045114227006456531e+01 9.020558396642493904e+01 1.099964695263102072e+02 1.115069528780937560e+02 9.319508721840763599e+01 1.115069528780937560e+02 1.093607837252942545e+02 9.107344845312167081e+01 1.093607837252942545e+02 1.174420036010475599e+02 9.754766315719372471e+01 9.754766315719372471e+01 1.116748593491710153e+02 1.043098249728870570e+02 8.494716731436287205e+01 7.189424745840489095e+01 9.061835844075098123e+01 1.004734847744064865e+02
2.818570458554352243e+01 5.421661626708361581e+01 7.307719798469062766e+01 8.622286926403690188e+01 8.089951135643872249e+01 6.446312451618820205e+01 6.616754667137630008e+01 8.249679992215001789e+01 8.743159308462378476e+01 6.765593547712154532e+01 5.912770026874292739e+01 7.861103300446070818e+01 6.827708781644307123e+01 4.880379889550046357e+01 4.872327813254091922e+01 6.258373939684642551e+01 7.985994232674494242e+01 7.411694781710757240e+01 9.372475756054694784e+01 9.429308132634427864e+01 1.083474801000409258e+02 1.182696125646500462e+02 1.215220861664723770e+02 1.131838289386712262e+02 1.215221026487227221e+02 1.193624605113690933e+02 1.110268444286948721e+02 1.193624606530245273e+02 1.258020555411481922e+02 1.174420036010475599e+02 1.174420036010475599e+02 1.205696422028335064e+02 1.006555144406919879e+02 8.705168677782667430e+01 7.674136978430377098e+01 8.705168677782667430e+01 1.064882274208079309e+02
2.631215048104638399e+01 4.308207145245249592e+01 6.645439842254563700e+01 6.818661992300799568e+01 7.210282551616698754e+01 5.319068630249148555e+01 5.489481789792032629e+01 6.870143937905152143e+01 8.817340934711060640e+01 7.124702541454060167e+01 5.184513267235216460e+01 6.727389711387085924e+01 6.122474714746753932e+01 4.476622891650470137e+01 6.441165627618214273e+01 7.647372828591915095e+01 9.036371717499184797e+01 9.372475756054694784e+01 1.019426258455915928e+02 1.141226473489103057e+02 1.214959173555522369e+02 1.132455669701155472e+02 1.158341622642475244e+02 1.240820464711653699e+02 1.201928840665008664e+02 1.118690492935553209e+02 1.118704549349080253e+02 1.118693729337942528e+02 1.201970053213979810e+02 1.224290313185611438e+02 1.140929030702951650e+02 1.224290313185611438e+02 1.095535903721018656e+02 8.993321683162012903e+01 8.280251123586771200e+01 1.021185811703872588e+02 1.147916203931074506e+02
2.667282315814699700e+01 4.429110615525669914e+01 5.538697206337884182e+01 5.391393816197555111e+01 5.684219410150732443e+01 4.439413650498085673e+01 6.399833028657698009e+01 7.525730054861708140e+01 7.891960980232083500e+01 6.634597579469016182e+01 4.617490684933177647e+01 5.544129465536890677e+01 4.145258227016195463e+01 4.577418312007653611e+01 6.541141965079765441e+01 7.683706777865617710e+01 8.302788819127223974e+01 8.994552520757399350e+01 9.814910630935402480e+01 1.095432937303172451e+02 1.099751816399515434e+02 9.327599339087274188e+01 9.586824583938629019e+01 1.158341639363628985e+02 1.118690424609352618e+02 9.134205585549563011e+01 9.134206270578236797e+01 9.134205723129677779e+01 1.118693560909718627e+02 1.122398661973281975e+02 9.360972031114806668e+01 1.122398661973281975e+02 1.178876481406840782e+02 1.095535903721018656e+02 9.373519134258926044e+01 9.629242152875062288e+01 1.161841747937774585e+02
4.604233272610898098e+01 2.718422278605953224e+01 4.724756374927596880e+01 5.588721993817956957e+01 3.718729456125958421e+01 5.081715002790321023e+01 4.721137263688960672e+01 6.699630753409937256e+01 7.086276438446115833e+01 5.201031754627153703e+01 5.588144984291744777e+01 3.848381481672667093e+01 5.843834821927495682e+01 6.541141965079765441e+01 5.216188070510089148e+01 5.723036368806406671e+01 6.345079510234211995e+01 7.037949303151771119e+01 8.163334851531885761e+01 1.013001697299395545e+02 1.017161282885375755e+02 8.177647682253284245e+01 9.878478018533185434e+01 1.070427371658852138e+02 1.118690211077099832e+02 9.134205626318099291e+01 7.664500721000666772e+01 9.735427472773341151e+01 1.025409089671600213e+02 9.410490937841890968e+01 8.318213333794274433e+01 9.788112970377137856e+01 1.183628962845315868e+02 1.219306760005004264e+02 1.135705046449874800e+02 1.161841747937774585e+02 1.245474136514655754e+02
5.461955826504362932e+01 4.458322114834516725e+01 2.769213197508791424e+01 4.775342218298478514e+01 4.166487769560323073e+01 3.160876876847689232e+01 4.925108302687864636e+01 6.571885165538625984e+01 6.727465881475686160e+01 4.945228662647424045e+01 3.573234860865412088e+01 5.588144984291744777e+01 5.268502554067135435e+01 7.232809785866849950e+01 6.349182899887813392e+01 7.683706777865617710e+01 7.683706777865617710e+01 8.994552520757399350e+01 9.814910630935402480e+01 9.681549171266667031e+01 9.541065693612107168e+01 7.550331819081246465e+01 7.886401322806354131e+01 9.553882129179892502e+01 1.063828394592188999e+02 8.578709328959112668e+01 7.120380576305446141e+01 9.181951316825009712e+01 9.410488376074185624e+01 7.345302929112931167e+01 9.410478797715960297e+01 1.059771652471241481e+02 1.179144988258615996e+02 1.215489516406002792e+02 1.132998781654522276e+02 1.158821345031756351e+02 1.241322904240773681e+02
6.167134814949793764e+01 4.218596459197880222e+01 3.308072132577936486e+01 2.819835163775977804e+01 2.856315869725271739e+01 2.892790694827740694e+01 4.107519328614166909e+01 5.695311450153398880e+01 5.968713607645975827e+01 5.189577348359642883e+01 3.391052000605049699e+01 5.411217370254485104e+01 7.232809785866849950e+01 8.048920371689446540e+01 8.308916681358559231e+01 9.127103394850155382e+01 9.648773566381635192e+01 9.183644803078227881e+01 8.354230143244046758e+01 7.508279241334024334e+01 9.041869455698571301e+01 8.728352002008951160e+01 6.740576979773581456e+01 8.728352002008951160e+01 9.891211611665390535e+01 8.696033126614605635e+01 6.644882376447446859e+01 8.063034192642760445e+01 8.224411458889929349e+01 6.803952401929275595e+01 7.716475147501817844e+01 8.913797517272956838e+01 1.096493129243286404e+02 1.100655029002371919e+02 9.342036173930452492e+01 9.599871537639711505e+01 1.158821345031756351e+02
6.673671255078312470e+01 5.037853948781564384e+01 4.748239507841170592e+01 2.997627488526923756e+01 4.553632466752623742e+01 4.900286853551673971e+01 2.944675414297645233e+01 4.954180867683356837e+01 4.891629073108886416e+01 3.179558718993246558e+01 4.742061110235634658e+01 5.964444677932524996e+01 7.567630305608687991e+01 8.188284055947430318e+01 8.188284055947428897e+01 9.020971477277677764e+01 9.312427526371375563e+01 8.118155339376245649e+01 6.608855479718388892e+01 6.272939198693174490e+01 8.144815266462475734e+01 8.272325139941582961e+01 6.285174001725425796e+01 7.076400237240225977e+01 8.483803906435123565e+01 9.542000276097864742e+01 8.063033822106210380e+01 6.022006644207166204e+01 6.180870935526360910e+01 8.224409231275912191e+01 9.702242599767089359e+01 9.465407112860623329e+01 1.028134484645444928e+02 1.018224340054562589e+02 8.213211998391886937e+01 1.013046165433860324e+02 9.766203316367361253e+01
7.473783656987447443e+01 5.922952344817131376e+01 3.959063195578948324e+01 3.179254762532549350e+01 5.192473826528877368e+01 5.354326604090034891e+01 3.233260945972372014e+01 2.996710015126743798e+01 3.033581424853969821e+01 3.070887094965159392e+01 5.079858868899469826e+01 4.775399604741377857e+01 6.746299642383068829e+01 6.155483954672276070e+01 6.155483954672275360e+01 8.188284055947428897e+01 7.382867973689874930e+01 7.331385484666667196e+01 5.717226490472035039e+01 7.322475979038756577e+01 8.605940400087565934e+01 7.942995054066406624e+01 7.118720057826730852e+01 5.673678844702774171e+01 7.659076989832799143e+01 9.097291775804107772e+01 7.045430558329069015e+01 5.605653219805319765e+01 7.646411144065989163e+01 9.071050770832401611e+01 9.129318200555159990e+01 7.459467393912467514e+01 9.129318200555157148e+01 9.559580999025546078e+01 7.601788377391349627e+01 8.162771043461077625e+01 1.013046165433860324e+02
6.577318929892913957e+01 5.215190241276742000e+01 5.401746297168548949e+01 3.371429723078881580e+01 5.401746297224585902e+01 6.172670894106604322e+01 5.354754867582617095e+01 4.110311868987175643e+01 5.043280207100151102e+01 5.081574988580525343e+01 3.125027267320295721e+01 5.132739234614045643e+01 5.815975358695923347e+01 4.685677550391086044e+01 6.748375323389100799e+01 7.651276399327490196e+01 6.067931594197551703e+01 6.870802656233001926e+01 5.293103024157049674e+01 6.572814110408648958e+01 7.413185546599162024e+01 6.623317089244862643e+01 5.137112338286447510e+01 7.118720058307333431e+01 8.483803783356994188e+01 7.823318005426354205e+01 6.977015159507658382e+01 5.325764773223110637e+01 7.366088145649617047e+01 8.200814169803864218e+01 8.265865792739421636e+01 6.169399429154629644e+01 8.265865792739421636e+01 8.994414950466560299e+01 7.039260454904220410e+01 8.994414950466560299e+01 1.063006943057594640e+02
7.140898920926758819e+01 6.830218398238086763e+01 5.594422024196033050e+01 3.569811947889278514e+01 5.590802355890496500e+01 6.805752629576564061e+01 6.259152203561891525e+01 6.019008353944594347e+01 6.118612238197050601e+01 4.148259936327438879e+01 4.861188773665285368e+01 3.179127507290414201e+01 3.736571259951158197e+01 4.663169041416566074e+01 6.198490445714011088e+01 5.807045836712121201e+01 4.961497197464833420e+01 5.974653577706899199e+01 4.878166209707212886e+01 6.466601783778666857e+01 6.155498715953915934e+01 4.643171639368087256e+01 6.623317089244861222e+01 7.942268752927942899e+01 8.380597675672780156e+01 6.934348856288309548e+01 4.952793697102003279e+01 6.654273905351392671e+01 6.691377617245738918e+01 6.213189303796434615e+01 6.900959669046356737e+01 5.261270259982669728e+01 7.519961796083748595e+01 8.567765221044371060e+01 6.610777556558532808e+01 8.567765261359525653e+01 9.806935319591225664e+01
7.251204602781017172e+01 5.999502941260631417e+01 3.994445409955199722e+01 5.583528593746956403e+01 3.961004395838183711e+01 5.674465321003939522e+01 7.881622178610037111e+01 7.354044666645702932e+01 5.401038991480290008e+01 6.118636520468730566e+01 4.818007243496074921e+01 5.187837911970196814e+01 3.233522647670542227e+01 5.242259466993503736e+01 5.341267526337146876e+01 3.547389391983624307e+01 5.442327783052942891e+01 4.262008814844473648e+01 5.190146475693367734e+01 5.681443054268671489e+01 4.166791391356508711e+01 6.156365441780522474e+01 7.212932959697570823e+01 8.023566426606279833e+01 7.688573305389959955e+01 5.926945511834876612e+01 4.722006187825945744e+01 4.631134208644586892e+01 4.725308371272743102e+01 4.825037890127905627e+01 4.924863205049440751e+01 5.026943949305086079e+01 7.007583752268477895e+01 7.984683668381964594e+01 6.211275248942992988e+01 8.168230684948598253e+01 9.990732085332857082e+01
5.832703293502198250e+01 4.427026685843206621e+01 5.999502941464985639e+01 6.238208720344224645e+01 4.244402367063932502e+01 5.654521153168855818e+01 7.656363087983304183e+01 8.173346303849041306e+01 6.778408600638637438e+01 7.597634840940058609e+01 6.771298214265452486e+01 5.871286545044305427e+01 3.345375266592228058e+01 3.288602274133950232e+01 3.327755099244753012e+01 3.367194087104071798e+01 4.870600591888375419e+01 5.479100706769519036e+01 3.624666826380098428e+01 3.707284543820986045e+01 5.705929997287555011e+01 6.611289483743475159e+01 5.237272511159871868e+01 6.159594266509740379e+01 6.246532242351042186e+01 6.320050606303735208e+01 4.495918051048778352e+01 6.226594478997021298e+01 4.989028919085497904e+01 6.795214353863305234e+01 6.900959669038465449e+01 7.007584156033207989e+01 5.174077241070251887e+01 7.161340408604246477e+01 5.831528358728655803e+01 7.209938992316916995e+01 8.133160758669660595e+01
4.878580916039501858e+01 6.419564827603936408e+01 7.251204579708260667e+01 6.522273756398348610e+01 4.532295677742228435e+01 5.521522668086416274e+01 6.672374866427568918e+01 8.685034324773127423e+01 8.743753064191061242e+01 8.250797609954720713e+01 7.121976530901739011e+01 5.776411834545544366e+01 3.773709094603911041e+01 5.300151977190296293e+01 4.476358347444681129e+01 5.375704039448307014e+01 3.423602814222441992e+01 3.507767627620570039e+01 5.599321125555278655e+01 5.706738681572849714e+01 3.829927952133731139e+01 5.803504072623969989e+01 4.088774794917451771e+01 4.182306810766732497e+01 4.275187961367346645e+01 4.366481384093908957e+01 6.333739355944852889e+01 7.101239125741918201e+01 6.944081703988111087e+01 5.379681520004466933e+01 7.335013316065617062e+01 7.869046028599011322e+01 6.274997917222757593e+01 5.324870476252989704e+01 5.850235171604791162e+01 7.456915455059848341e+01 5.762608632718693258e+01
5.297999216483488993e+01 7.296833901388758647e+01 7.981587666012912052e+01 5.973808713271209569e+01 4.832169607699438529e+01 5.973808318620675095e+01 7.981357718752749975e+01 9.518315810601022520e+01 8.703415317704745746e+01 7.430797131533221034e+01 5.485761955326797334e+01 4.355273513678913844e+01 4.802302532525469303e+01 6.557680874936698956e+01 6.387317535229414744e+01 5.916126089303649138e+01 3.469275073918197450e+01 3.699986976320747090e+01 5.510471199602147863e+01 6.619629778878504567e+01 5.698757129576069502e+01 3.957376816192399360e+01 5.944255841005233520e+01 5.580421281804361655e+01 6.246586091070227553e+01 4.705959765502660730e+01 6.645315384104992518e+01 7.986377228343815204e+01 7.616219967039384642e+01 5.667092928617753245e+01 7.616243251390686453e+01 8.701162107748420738e+01 7.953414291038836836e+01 6.868218950475105089e+01 5.484374096634826401e+01 5.597184221605650833e+01 6.833480689943338859e+01
5.749612678298105095e+01 7.757090299672228184e+01 8.814675882188468847e+01 7.150399582106791740e+01 5.154640082257276390e+01 7.150399582106794583e+01 8.815020574421133404e+01 9.275018625358455893e+01 7.303373757396389010e+01 5.931750972485937012e+01 4.967030456042030551e+01 6.307830548967153561e+01 6.178035483842414521e+01 7.566711549839970985e+01 7.497278036126732559e+01 5.287061307998163073e+01 3.515599435851500232e+01 5.291005470194847504e+01 5.369495927946989866e+01 7.025095620406786168e+01 6.749283439404939600e+01 5.375291568336243131e+01 5.616098041919892836e+01 7.558445236893126662e+01 6.616661608401862793e+01 6.645345214927228028e+01 5.220307779139171345e+01 7.168925627044514215e+01 8.414776380790547705e+01 7.616243251311270512e+01 6.101169690721506811e+01 8.032579221653399770e+01 9.265991178239781334e+01 8.649443697913079632e+01 7.373043577082063393e+01 7.590099591655125266e+01 6.317178725179568488e+01
7.757475855639049200e+01 8.590823700913449557e+01 8.657903582271900689e+01 6.642031402955292663e+01 5.490330718356546669e+01 6.486141367156088222e+01 7.649720288487800701e+01 9.666051284272842281e+01 8.505725158845447709e+01 6.546841159331620474e+01 5.503124870738064800e+01 7.444837166452973065e+01 8.132430207261911903e+01 7.983544643393952356e+01 5.954798685931607594e+01 5.262793514016799890e+01 3.563326111791231909e+01 5.554679146970703840e+01 6.200826007782918481e+01 6.703816437349108526e+01 7.552175760883929456e+01 7.432952676276229909e+01 7.755510534563920544e+01 8.608856252625506045e+01 8.508420579135616890e+01 7.562823863571880167e+01 5.605450925617918756e+01 6.981086296551585235e+01 8.967262558999324540e+01 8.032579221647711165e+01 8.032579221653399770e+01 6.564075342964677873e+01 8.472748682762257033e+01 9.746441291120595452e+01 9.553404574576374841e+01 8.829459109548108131e+01 6.861870606504005821e+01
