MOVIE_S3_data/elevation_000382.asc
nrows	100
cellsize	150.0
xllcorner	0
ncols	100
yllcorner	0
NODATA_value	-9999
[rows 17 to 33 of 100, columns 37 to 73 of 100]
4.677365637120443154e+01 3.198566684705559382e+01 4.531441488385296168e+01 6.096028706863308599e+01 5.818836211076023801e+01 5.818836211076027354e+01 7.707441319085978648e+01 8.288520471134911816e+01 9.084578553759017439e+01 1.040739701830643895e+02 9.600820674049731451e+01 9.979200309924129897e+01 9.602404267655205672e+01 8.226246515343954968e+01 7.986598079796549143e+01 6.075861904934699709e+01 7.421686248021762822e+01 9.350415885612260070e+01 9.475977282557060732e+01 8.667596240282017561e+01 9.475977282557060732e+01 9.095296978519532161e+01 7.136434601514720555e+01 6.173307383986131924e+01 5.381514917316165025e+01 4.291018461590429922e+01 6.267301367220847652e+01 6.534093304965178106e+01 6.861590323297619420e+01 5.375663905685941302e+01 6.087782607237743093e+01 4.264598613753572920e+01 5.704130754348807386e+01 7.074984349893988167e+01 7.778225517303134495e+01 8.484916301169886310e+01 7.436857448073511989e+01
5.297234383322941653e+01 5.087339521778500284e+01 3.418724707416311759e+01 5.307731838866626362e+01 4.461446335595088897e+01 6.371995840190169957e+01 6.955022509260751917e+01 6.402669568055594596e+01 8.288520471134911816e+01 9.306526017699066244e+01 7.710824794191216824e+01 9.306526017699066244e+01 1.097803472189189904e+02 9.563156330318663834e+01 7.632141785206712825e+01 6.550217115788530009e+01 7.898308707750005908e+01 9.834460962339802848e+01 1.032926744804717174e+02 9.360772253434087986e+01 8.553978954094672815e+01 7.917852625271447664e+01 7.191687963225658109e+01 5.393296943397604792e+01 4.565574120854629570e+01 6.297397647843467183e+01 7.096346473215598394e+01 8.500971726608405277e+01 7.249337029166760260e+01 7.255575856720145111e+01 5.630649938497384710e+01 6.268306772709080121e+01 4.468029853830229570e+01 5.134992908970087910e+01 5.840523773926094719e+01 6.965840126897769835e+01 8.885496888481685573e+01
6.225570878124075591e+01 6.061729349214730433e+01 4.722311100646911086e+01 3.637727175213309749e+01 3.793205001045022584e+01 5.696761718895113091e+01 5.054231162103760511e+01 6.955022509260751917e+01 7.107302010106012347e+01 7.507666240477472286e+01 6.635126539766035592e+01 8.509631044046130910e+01 9.935821838767473935e+01 1.037230046493933742e+02 9.271826750025665831e+01 7.399109373241888932e+01 7.566318593552099969e+01 9.497831822258368106e+01 9.518008538772181737e+01 7.589949369417159630e+01 6.645599967624970361e+01 6.016925303133258041e+01 5.441874216242181461e+01 4.865702585996044860e+01 6.551130594891978376e+01 5.478349720234493248e+01 7.419028583805530275e+01 9.263835756873558580e+01 9.182138202364630786e+01 8.479698675160284438e+01 6.844896252231993117e+01 5.703262936319566023e+01 4.616428394186608131e+01 6.578905297206709690e+01 7.778225210156571734e+01 8.575732150036768076e+01 9.678623046512846884e+01
5.689045204436688863e+01 7.276818949272296777e+01 6.259333962780929284e+01 4.729245509316343998e+01 5.696761718895113091e+01 4.023891299052379367e+01 5.939006797145611216e+01 6.561491296339372070e+01 5.216558234987532927e+01 5.629791544673599901e+01 6.176866019820439391e+01 7.252977438087837925e+01 9.133409303884153019e+01 1.081094410506887158e+02 1.013915140187379080e+02 8.505655708154294814e+01 8.524799294886480538e+01 1.030950180025246823e+02 1.032926744804717174e+02 9.360772253434087986e+01 8.553978954094672815e+01 7.800180284840921274e+01 6.041212981915433033e+01 5.086497778282925708e+01 7.024699070177268823e+01 7.419028583805530275e+01 6.517556805806360387e+01 8.454217002428973160e+01 9.781577632608197348e+01 7.811944385579718642e+01 6.349731592334860153e+01 6.709569281446920286e+01 4.764432735548086129e+01 6.709569282448872229e+01 6.611754509629757592e+01 7.442885312931088038e+01 8.536897428041055491e+01
5.933981486899301672e+01 7.138416881931530611e+01 7.430530364038681057e+01 6.636118946896233695e+01 6.727129091196282218e+01 5.939006797145611216e+01 4.272695762512140760e+01 4.648894436234582628e+01 6.561491296339372070e+01 7.507666240477472286e+01 8.047741459973900646e+01 7.173218236459521790e+01 8.103367410936104420e+01 1.000060059949036742e+02 1.126609672994696467e+02 1.045143104050790157e+02 9.896420051492991377e+01 1.128558801184471463e+02 1.162637690895860345e+02 9.659396885436134994e+01 9.659396885436133573e+01 8.568481378802516701e+01 7.012958461346396177e+01 5.303973762972909611e+01 6.664941130306084460e+01 8.601541611776515595e+01 7.632348115168825586e+01 9.263835756876228800e+01 1.034850183501227860e+02 8.388836500025662701e+01 7.454414895605121671e+01 5.024139154385579076e+01 4.990795053046935692e+01 5.628638739776151567e+01 7.490478991460386737e+01 9.300757310480697981e+01 1.015965391110788545e+02
5.476100669797197895e+01 5.467203147989160783e+01 6.619882534565418553e+01 8.390272796861989946e+01 7.390258890285699067e+01 5.497877575447067500e+01 6.193411858998840813e+01 4.580847341178697008e+01 6.496266167162370664e+01 7.506748615475419228e+01 8.502374076126407942e+01 9.051984005213243734e+01 9.853671184566908892e+01 1.081094410506887158e+02 1.052811767423059308e+02 1.135705878753601752e+02 1.185769556502109765e+02 1.157863501270720263e+02 1.059766699955414566e+02 9.659396885436133573e+01 7.650265963481682263e+01 8.386606843869306260e+01 7.444767121979420210e+01 5.519511034593757159e+01 6.876935162646692845e+01 8.815634739349394522e+01 9.576910781006390039e+01 1.038939573398580194e+02 9.726474043321586294e+01 8.767490203422137540e+01 7.092676087960232678e+01 5.204997780591244805e+01 5.241296512143846087e+01 5.710457777945529756e+01 7.573508397984883800e+01 8.914085641045556940e+01 9.552217438736002464e+01
4.316661331497540033e+01 5.957605761466052030e+01 6.531220002503648914e+01 8.291715351969726555e+01 8.180442162557361030e+01 6.837850636885096378e+01 7.282856630574559631e+01 5.944196416468457045e+01 4.904796427469103293e+01 5.648460993914839179e+01 6.833745916985901658e+01 8.678469458290192051e+01 9.556437875486469125e+01 9.574485535569412775e+01 8.550370296747203724e+01 1.021941586599722740e+02 1.137068775542342678e+02 1.076298516278023811e+02 8.804038475796724583e+01 7.806879123886406546e+01 6.988195105404878404e+01 6.256459905580644687e+01 5.852650632120980134e+01 5.798204572757131814e+01 7.706395711318528186e+01 8.769920114445386616e+01 9.580466641443402409e+01 1.055568890215990194e+02 8.924020894503752288e+01 7.014110658704669277e+01 6.077939080056587784e+01 5.379466284130037934e+01 5.480676584726690947e+01 7.332596769115033908e+01 6.459749962828374237e+01 7.015312194658883982e+01 7.637822045664670156e+01
5.957605760442061182e+01 4.912177402670046433e+01 6.531220184224387992e+01 7.868182070341607925e+01 8.655632179145040084e+01 8.723890387612260611e+01 8.621516844482006547e+01 7.401536372215315396e+01 5.521049175914505724e+01 5.267662456772132629e+01 7.148736038156991413e+01 7.780029991544266466e+01 7.552081900450686192e+01 7.816353304261467372e+01 7.457205675202907003e+01 8.550659071119328303e+01 1.053512324472441151e+02 1.157863501270720263e+02 1.059766699955414566e+02 9.036414884238028833e+01 8.021788828190851461e+01 8.386606843869306260e+01 6.666430992457974014e+01 7.706395711318528186e+01 6.182541847761755349e+01 6.836154258260675931e+01 7.797343807293371754e+01 9.742496421597394374e+01 9.726460267484898736e+01 8.767415190877916586e+01 7.429060161664882855e+01 5.552819421983894443e+01 7.332917028064278497e+01 5.811536404898789954e+01 7.670913548050664588e+01 8.815503302803081453e+01 9.552217438736002464e+01
6.947565141531595145e+01 6.531220184224387992e+01 5.578538340679094887e+01 6.120047143339516538e+01 7.322672581086573018e+01 9.185158477704335667e+01 8.403387270111329599e+01 6.529095917264520210e+01 7.401536372215328186e+01 7.148735847619238370e+01 5.632500448168850937e+01 5.915264443069566624e+01 6.214694145417393401e+01 6.528251864925579184e+01 8.397206854395857079e+01 9.678035202713438423e+01 1.048856568907486206e+02 1.145687824989694548e+02 1.182030549479651285e+02 1.083662029463195751e+02 1.002132699990606142e+02 9.402839580810552889e+01 7.404695199806474193e+01 7.105161619724491118e+01 6.510443330175786514e+01 8.438186841446912467e+01 9.580466641443513254e+01 1.055568890215990194e+02 9.818943389459434457e+01 7.893333875391384424e+01 6.552759543123245578e+01 5.723127218422941098e+01 7.605581240026725709e+01 7.670913548050664588e+01 6.146960926406976711e+01 8.020189648266169513e+01 8.762835629853918817e+01
7.170448479362677574e+01 7.977882178055045870e+01 7.250123039685499293e+01 7.868182070341607925e+01 7.868182070341607925e+01 9.751340241133748066e+01 9.199398909306118810e+01 7.605345584779881563e+01 9.199397626599572675e+01 8.091984926555595337e+01 6.226437894823607877e+01 6.844397456216798048e+01 8.078473546070793532e+01 8.397206854395857079e+01 7.086262465051143522e+01 7.786474237622771000e+01 8.718076737635357176e+01 1.006355046962977582e+02 1.202482222760664712e+02 1.145673982799743413e+02 9.496172552596982541e+01 8.369020121345802465e+01 9.402839580810561415e+01 8.804383526479325894e+01 6.866689243225255268e+01 7.831676011859305220e+01 9.203850069016922930e+01 1.116099423224502658e+02 1.038903440761515355e+02 8.457331844144587762e+01 7.788629140584740185e+01 5.897598520051592885e+01 7.788629140584740185e+01 8.810916240488587903e+01 7.799619897707428606e+01 6.501849166882436748e+01 6.865029772171634193e+01
5.859748255583140519e+01 6.156023945763378435e+01 6.572859695599100860e+01 6.572859695599100860e+01 8.489865268108752616e+01 9.670833488620201024e+01 9.930764224237259441e+01 9.493532485553025424e+01 1.029913302778665383e+02 8.753405805984819210e+01 6.882625049733748313e+01 8.715662526871683724e+01 8.715662526871682303e+01 9.766401371998837533e+01 8.158788366670840730e+01 7.915325717746134160e+01 8.748840693231824162e+01 9.842901896101726322e+01 1.179950290922312064e+02 1.227329621657400764e+02 1.113954022835031736e+02 9.345107491121923715e+01 1.059862661777641932e+02 8.646506634444162387e+01 7.276972797966183748e+01 9.218269339872415458e+01 1.059044966611064638e+02 1.123958235100725034e+02 9.295073982041817828e+01 9.295073925692548755e+01 7.975068649378212626e+01 6.076259712585326156e+01 7.490066008912810958e+01 9.605420347524770364e+01 9.155331627646674519e+01 8.390645279802664902e+01 7.041625121798011833e+01
3.929630814320263710e+01 4.259141848509784012e+01 4.612867323793852137e+01 6.572859695599100860e+01 6.985585791179455839e+01 8.039177858578896974e+01 8.039177858578898395e+01 9.394490293245304713e+01 1.017066981423342895e+02 9.552090535200893839e+01 7.809392078152724537e+01 9.552090535200893839e+01 1.062784123509966321e+02 1.087549028644757954e+02 1.006179204578152024e+02 8.995445732412368045e+01 1.062247813232967388e+02 1.148898916077546204e+02 1.262462138781907441e+02 1.218925467874466904e+02 1.212094808045570602e+02 1.072775756961171680e+02 1.026011278714494637e+02 8.311002171970298491e+01 8.244031028803468075e+01 8.311002171970298491e+01 1.026011278714494637e+02 1.066670096436200765e+02 8.726927483447914824e+01 7.377105467470416045e+01 6.807013316915269741e+01 6.261636091881499055e+01 7.354670160317148486e+01 9.273060912469490802e+01 1.047246055604473298e+02 8.540054488143135814e+01 7.436668603770648645e+01
5.913619577528087490e+01 5.882463340087879544e+01 6.572859695599100860e+01 5.157890915172158230e+01 5.620628376427575290e+01 6.120680837802117935e+01 6.764246992089699972e+01 7.495245648089817792e+01 9.394490293245303292e+01 1.050520396994847943e+02 9.697419533816906778e+01 1.050520396995646024e+02 1.022217912217049189e+02 1.102758395340521673e+02 1.121648097178292289e+02 1.092448433518624711e+02 1.174496444726779742e+02 1.223891758088250299e+02 1.142962175551489281e+02 1.024342619035938640e+02 1.162169072834062291e+02 1.269689331527373639e+02 1.107476521323509644e+02 9.280966319199866632e+01 9.364533705661324348e+01 9.280966319199866632e+01 1.107476521323895469e+02 1.066670096436200765e+02 8.726927483447914824e+01 9.294943810207442425e+01 8.373284344552301661e+01 6.467092115382985185e+01 8.373577381730640923e+01 1.007985650186843287e+02 1.127805333207665797e+02 9.808793665442605914e+01 7.876216917838945619e+01
5.989627314634957145e+01 7.562243557093650281e+01 7.876946095988289187e+01 6.507683833230828441e+01 6.325878653233638005e+01 7.483054209439590920e+01 8.676643291823515369e+01 9.394490293245304713e+01 9.394490293245306134e+01 1.126469600774316859e+02 1.041678354615942368e+02 9.613869993379115897e+01 8.303544784301286086e+01 9.915499619461944292e+01 9.285979575150602727e+01 1.065528035205480677e+02 1.121380948212066073e+02 1.040669640905105808e+02 9.491225140461598642e+01 8.880508934102539342e+01 1.065253661075518465e+02 1.177233895423055827e+02 1.205582640498714397e+02 1.066254096889954752e+02 1.074671500629983996e+02 1.066254096889954752e+02 1.205582640499310827e+02 1.147797008281784201e+02 1.066670096436200765e+02 9.955534546668299356e+01 8.585144424042219669e+01 6.677865295187382344e+01 8.585537621976054368e+01 9.760061397965445451e+01 1.087976707229741749e+02 1.038962467590985028e+02 8.438989012086592822e+01
4.613661280564762990e+01 7.081952307085325060e+01 8.689001468189660216e+01 8.341982964205865869e+01 7.324739260186325396e+01 8.983547655337073934e+01 1.015947969205559787e+02 9.803914664241183630e+01 9.803914664749480323e+01 1.063574842309404289e+02 9.613869993379115897e+01 7.691346215187000723e+01 7.191403789297368121e+01 8.636016550986148843e+01 7.929704024525700845e+01 9.851410343134108416e+01 1.009628332397011690e+02 8.476440620438995666e+01 9.091460522673776268e+01 7.920856997787163323e+01 9.029394599943078958e+01 1.096369832073668675e+02 1.249604301762982601e+02 1.263158036327964169e+02 1.271612245759721134e+02 1.263158036327964169e+02 1.207933127775925044e+02 1.120351253474432127e+02 1.038932937650548922e+02 9.150410210128170263e+01 7.235345036303138500e+01 8.585537621976172318e+01 7.042112709355930633e+01 8.137059508706215638e+01 1.006856268637764202e+02 1.119643766603005304e+02 9.566323927744606692e+01
5.360393406594671006e+01 5.716483178883277816e+01 7.677066677388863525e+01 9.868751709294009800e+01 9.159767808396632915e+01 9.934985166534353596e+01 9.236791368349463482e+01 7.837834460324171459e+01 7.837834460324191355e+01 9.803914664707433246e+01 9.650780605148919733e+01 8.254440392827090989e+01 6.300646669226861718e+01 6.694682289407423070e+01 8.636016550986148843e+01 9.816663580459741922e+01 9.233767177546862115e+01 7.368767782601358363e+01 7.168963918419194670e+01 9.091460522673776268e+01 1.065253661075518465e+02 1.091484778885014606e+02 1.055948227051305821e+02 1.249604301762982601e+02 1.278535856068096166e+02 1.265206294773469722e+02 1.068724670668609207e+02 9.309749232366405636e+01 8.449724972783747035e+01 7.848516487592925728e+01 9.150410210128170263e+01 9.227098749902542352e+01 7.311509744387845444e+01 9.227098749902546615e+01 1.051903983874871216e+02 1.232104978998717968e+02 1.151427441285831605e+02
4.160801831427261988e+01 5.408634829522674181e+01 7.393610537603876764e+01 9.229164378407757852e+01 1.003002578712729047e+02 8.917930648769127799e+01 8.097396402976042395e+01 6.477217540108064497e+01 8.413686019694830520e+01 9.650780466818851266e+01 7.716345722856713962e+01 7.665349420196726271e+01 5.690747651559017584e+01 7.665349415891724050e+01 8.720903320894875321e+01 7.888743087525848807e+01 7.888745960888729769e+01 6.511181092897375322e+01 8.432049627531898750e+01 9.894905002086258605e+01 9.800398827882334274e+01 8.984565566011552562e+01 1.091484778885014606e+02 1.083658310215981970e+02 1.083658310215982112e+02 1.276915564540601338e+02 1.207933127775925044e+02 1.120351253474432127e+02 1.038932937650548922e+02 8.521349949222826581e+01 9.985176374487880935e+01 8.053400255213662717e+01 9.227098749902546615e+01 7.782800283681100950e+01 9.708531571976354257e+01 1.120714710278415538e+02 1.218587596417827683e+02
