MOVIE_S3_data/elevation_000047.asc
nrows	100
cellsize	150.0
xllcorner	0
ncols	100
yllcorner	0
NODATA_value	-9999
[rows 17 to 33 of 100, columns 0 to 36 of 100]
4.336683913182175498e-01 2.043364665586091533e+01 1.366204770781519784e+01 2.182701342557043489e+01 3.337401304773698740e+01 5.337084127682387447e+01 6.211871424406064079e+01 5.383596098535632279e+01 6.212090362442995684e+01 6.709367419187250903e+01 4.705789946412672720e+01 6.601624548065446163e+01 7.425079772576475534e+01 8.161158610201721331e+01 6.165371683963196148e+01 5.905352910961115498e+01 7.237537562271094771e+01 8.058682706966607157e+01 8.609516628765312873e+01 7.166164735389200757e+01 8.609517465175092354e+01 8.517313902266630521e+01 7.687028388801395806e+01 6.318824568112802353e+01 7.996333508480807950e+01 8.239973582875003899e+01 7.027696078764091681e+01 5.060599121888292018e+01 7.027696078764091681e+01 7.399363593754655710e+01 6.593244141218166021e+01 6.593244141218166021e+01 4.802310717994890865e+01 2.779600365079317825e+01 4.579008851853853912e+01 3.518082072220548184e+01 4.280348963721966271e+01
5.385724909496417689e-01 3.662047728721756545e+00 2.366204410420271387e+01 3.245594199667631585e+01 3.645593835851636300e+01 4.082029125123514035e+01 4.567099683561087176e+01 3.383599568491912635e+01 5.383593848390525949e+01 7.280648142107325782e+01 6.709367419187250903e+01 5.975301207963695305e+01 7.972518620281857693e+01 8.979733570207802984e+01 8.161158610201721331e+01 7.903629896195526783e+01 8.722750291073920437e+01 9.058552184623123082e+01 7.701294446984191211e+01 5.737465711549483416e+01 7.701294446984191211e+01 7.687028388801395806e+01 5.684002844507017471e+01 5.163960038004805142e+01 7.100658373386819733e+01 7.431178173114145125e+01 5.468357451976311268e+01 4.406499760751073325e+01 6.405645402552737266e+01 6.593244141218166021e+01 4.749827797682452513e+01 4.749827797682452513e+01 5.195261924579723001e+01 4.363382164439847344e+01 2.540615652830426185e+01 3.755056132771104416e+01 5.948800273390337878e+01
8.336531950628578436e-02 2.008333970257629275e+01 8.742052808729333435e+00 1.245595957227033956e+01 1.645595957227027029e+01 2.082031737699004381e+01 2.567102987771648870e+01 4.567089167333659105e+01 4.452644503394893150e+01 5.607344560340991535e+01 7.607275979570644608e+01 7.391236068288446859e+01 8.792053332994547077e+01 8.276969357070734645e+01 7.437799691074823727e+01 8.276969357070734645e+01 8.920775680174617150e+01 7.751021630837323073e+01 6.197784855846381191e+01 4.877350185478933753e+01 6.858002192793807694e+01 7.687028388801394385e+01 5.684002844507016761e+01 4.274045251439846993e+01 6.270192800504994324e+01 6.671558736600196937e+01 5.823878939655612186e+01 3.815687932640794600e+01 5.828541765331008406e+01 6.593242905825159994e+01 4.749827792775087687e+01 3.496370718308043024e+01 4.315120309167124191e+01 2.318159499632263376e+01 4.363020960911794788e+01 5.409205319900866016e+01 6.765158669228964072e+01
4.524162703296725763e-01 2.045241627032931575e+01 2.874203801289979410e+01 2.659809464480469288e+01 3.059809443367524651e+01 3.496245190657870694e+01 4.567099683561087176e+01 5.395437510423234784e+01 6.452615036317614283e+01 7.280648142107325782e+01 8.435056850480374635e+01 9.375858840875190481e+01 8.204286489650426972e+01 7.270391861080284457e+01 5.429938264252244551e+01 7.270391861080284457e+01 8.076707720930542678e+01 6.055475134743810628e+01 4.932642695408401323e+01 4.256311438268834735e+01 6.197784855846380481e+01 7.235659887712316163e+01 5.737009336961301642e+01 3.747198171715066906e+01 5.735613016569652700e+01 4.713679035980663201e+01 4.708382586138431236e+01 3.344026161934433361e+01 5.354632776269664163e+01 6.341177675829040794e+01 6.063007629055969971e+01 4.487510678544383325e+01 2.702779280574386433e+01 2.180990347274205732e+01 4.209704440706795481e+01 5.299034967011353814e+01 6.074183858272240144e+01
4.402443450947634007e-01 1.458237996882583865e+01 3.458237996882654386e+01 4.659803651987594009e+01 5.059802460813254754e+01 5.496236644330743104e+01 5.739345420185354385e+01 6.165744499121274913e+01 6.384531446501251395e+01 7.213059148716600077e+01 7.346118961213304033e+01 8.174548143678096324e+01 7.365416230594811964e+01 5.360079091165655285e+01 4.437554746775646919e+01 6.433868977663529165e+01 7.646491527128166865e+01 7.060854995123565914e+01 5.078780971701844038e+01 3.730186279693382545e+01 5.659317012348360976e+01 6.406337263750533850e+01 4.410979224013613020e+01 3.271409271800082053e+01 5.254316762378741856e+01 4.718537453247238034e+01 2.713641079974768644e+01 4.159701945173581095e+01 4.949970732489101266e+01 4.270549287797101812e+01 5.142142885833571597e+01 4.114000490270714749e+01 2.566332620908897511e+01 3.836769859530391358e+01 2.016510395071047057e+01 4.328978944145834618e+01 3.899568976835684708e+01
4.237187090225543740e-01 2.042371870902220010e+01 3.814282960598988126e+01 4.968983498978460744e+01 5.742577210004895960e+01 4.914146818695976293e+01 3.739345166333047388e+01 4.165746595701667587e+01 4.384526253613054081e+01 5.931905817775218992e+01 5.346119553676881253e+01 7.346118961213304033e+01 7.164383828899721607e+01 5.728065312643521168e+01 3.739933672301683032e+01 4.809743056239378234e+01 6.809235778225260560e+01 6.638275392490028537e+01 4.672164372823739598e+01 3.305441465808271317e+01 5.248024957918397604e+01 6.255959195504776460e+01 4.831497589216662902e+01 2.851729368140211562e+01 4.831497589216662902e+01 5.448359788162543538e+01 4.152600596181355286e+01 2.152022432617815539e+01 3.937812284494124526e+01 2.823878734042333605e+01 3.118019729856514033e+01 3.733449767720781409e+01 2.656921200496475421e+01 1.853027853277093584e+01 1.942030982850912579e+01 3.852924849904577798e+01 2.018877249029457843e+01
9.142864485297492738e-01 9.858558358528984655e+00 2.140556374232170356e+01 4.140556374232240699e+01 4.587875296544856951e+01 2.914146717012228649e+01 2.325131603578997996e+01 2.751533036290211598e+01 3.328883305479816812e+01 3.931905994635322799e+01 5.086606532903204680e+01 7.086606673474409490e+01 6.328431552364059343e+01 4.333496675605753978e+01 3.190991551808066617e+01 5.176656807133921490e+01 5.844195233515623755e+01 5.172041576603802326e+01 4.350136129196943813e+01 2.898692597048144393e+01 4.867052991044747756e+01 5.428218000733428283e+01 3.442767613317634101e+01 2.451034779531593699e+01 3.931374620924083985e+01 4.126736717494519979e+01 3.321749564600484206e+01 2.558081967102711118e+01 1.626193938001256711e+01 1.667542092642926832e+01 1.709194957377757618e+01 1.751152869555527403e+01 1.793314566676690447e+01 3.760181499883005785e+01 1.910024580492429891e+01 1.953235904507995002e+01 2.522440009486634693e+01
9.064013007315497861e-01 2.090640130073119352e+01 2.630289850711030297e+01 2.942637375916980247e+01 3.267080240164273874e+01 1.759446178629769975e+01 3.759446221609585592e+01 4.751533142879056015e+01 4.384526204390141402e+01 5.931905817775218992e+01 6.760333848677474577e+01 7.915044480265540017e+01 6.319662053117478706e+01 4.743346344592590924e+01 2.756980087340833308e+01 4.743346344592590924e+01 3.863285657831371367e+01 3.863285657831371367e+01 2.342800042744017830e+01 4.350125936092555889e+01 5.690353358787129423e+01 6.255959195504776460e+01 5.257259179794426984e+01 3.929485140366964657e+01 1.932112731385139170e+01 1.666433920003372648e+01 1.528017091644309566e+01 1.568383348192238813e+01 1.881030302411631183e+01 3.409964169485575525e+01 3.689588335473878544e+01 3.734488188377386564e+01 2.275204757947893697e+01 4.124470496000359532e+01 2.557410148134694694e+01 3.949282983064481556e+01 4.075121448246394351e+01
3.063610709598194592e-01 3.287785040959533056e+00 6.302898486737157135e+00 9.426373724509252483e+00 1.267080214712447628e+01 3.267080240164273874e+01 3.759446221609585592e+01 5.759446783106281487e+01 6.384526751215749130e+01 7.212963951974718668e+01 7.484709597469577602e+01 6.633439475789293738e+01 5.486598867163485238e+01 3.496961210005472509e+01 2.351197885508659979e+01 4.337881030172492558e+01 3.863285657831368525e+01 1.828019368105621467e+01 3.863285657831371367e+01 5.172018497259929148e+01 5.966998451908942513e+01 4.672330355242679190e+01 3.827962547960220263e+01 3.358414378401496947e+01 3.398086916636306398e+01 1.471003167727091743e+01 3.455264168542052516e+01 3.562006665613170497e+01 3.611345916680666335e+01 2.285302951054338649e+01 4.099087975921473515e+01 4.960725080670332687e+01 3.546700164050928095e+01 3.762678103190128809e+01 4.003674540202886334e+01 3.323856408367262105e+01 5.315636029404851826e+01
2.739570439748240105e-02 2.002739570439492311e+01 2.630289850710961375e+01 2.942637375916980247e+01 3.267076807606000699e+01 4.095477198773903638e+01 5.418858617838701974e+01 6.247251294970961055e+01 7.899045153920575046e+01 6.729431084816665987e+01 5.880389423107143188e+01 4.597524725790344746e+01 5.376366933319561525e+01 3.385997608171710027e+01 1.983557093579206665e+01 3.480190027445427603e+01 3.519235286687293041e+01 1.511949721809369684e+01 3.541481823557818132e+01 4.473340478354435135e+01 4.843465385849793847e+01 3.134403637101875617e+01 1.556942902104136373e+01 1.374418480173302370e+01 1.414465662474021279e+01 2.617252200573403442e+01 2.722656607733995671e+01 4.705596436281692974e+01 4.370555544994598307e+01 2.562577269925346357e+01 4.391788814688500509e+01 5.715068023044337053e+01 5.572687621120060442e+01 5.169975837970821431e+01 5.998461270858760486e+01 4.470130389031249507e+01 4.211248421743331249e+01
1.758338105654860817e-01 2.017583381056513048e+01 2.759603545431594895e+01 3.137567881472273612e+01 3.545815829382853934e+01 4.004647086309802262e+01 3.418861503707265115e+01 5.418858617838701974e+01 5.899072044632143985e+01 5.880389483230330683e+01 3.857993307682922079e+01 3.442673752168713008e+01 5.293691683632463452e+01 4.797527066355188197e+01 3.480190027561393151e+01 1.496557032371258522e+01 2.717572773863011903e+01 1.267545550655771613e+01 3.151420385066700902e+01 2.834721395964967527e+01 3.115267364996138966e+01 2.343912872687342741e+01 1.317597560228445452e+01 3.301928155733325809e+01 1.921286270006359942e+01 3.854058448631364797e+01 4.701988526162143955e+01 4.716764728042836197e+01 5.204258398559418453e+01 3.829365274798241359e+01 3.012005787171265325e+01 4.895052579108563151e+01 6.286771520447373263e+01 7.176858472331790040e+01 7.299792666683751463e+01 6.470615693151810888e+01 4.911614101761743711e+01
4.683972685643240652e-01 4.003931174497046719e+00 7.596037215032529488e+00 1.137568194512476971e+01 1.545816484976336547e+01 2.004647952717452242e+01 2.899075143714792446e+01 3.899075143475756278e+01 5.899072044631896006e+01 5.615483192338031415e+01 3.597394445063625312e+01 2.446456586995039828e+01 3.664351747747819843e+01 4.497872498449765288e+01 3.617487278720405897e+01 1.841474929103980784e+01 1.026280735261258137e+01 1.065909034351884266e+01 2.225605226123379055e+01 2.521494531731976707e+01 1.220531556666728257e+01 1.260903714681335153e+01 3.245321912553708188e+01 1.782500964333620530e+01 3.712351495802982271e+01 4.814094525706028804e+01 6.210381666462848216e+01 6.741924104400042950e+01 6.579151522320596257e+01 5.715068023044413081e+01 4.895052579108563151e+01 3.544843319493474354e+01 4.884822702777189107e+01 6.847475027078934318e+01 8.323514829815796645e+01 7.735854385862350568e+01 5.909035236988225392e+01
2.051881798473268459e-01 2.020518817984697080e+01 2.759603545431594895e+01 2.551781753276687681e+01 2.700517023133608419e+01 4.004647096082832292e+01 3.073692920219157898e+01 4.228393451917575874e+01 6.228384714737583039e+01 6.463970865637668339e+01 5.087139678399133658e+01 3.075013611178594175e+01 1.650497046769940113e+01 3.082757777497841900e+01 2.902252679494849374e+01 9.711441398844000261e+00 2.963977855949883633e+01 3.128302709793071656e+01 1.122966711845375798e+01 1.163434951388171967e+01 3.167531642049547003e+01 1.357607680221667046e+01 3.459820408985850548e+01 3.761169983622279034e+01 2.261677721835492960e+01 3.398134310656964630e+01 5.384189057423456148e+01 6.404662167592580602e+01 7.401800040626133637e+01 6.501642829046311078e+01 4.552374947956759854e+01 4.884823919483361010e+01 4.386084626872132475e+01 5.487685676572608884e+01 7.476602405618297098e+01 8.734974954655974955e+01 7.913915827960283877e+01
8.187695587851057111e-01 2.081876955878475144e+01 4.006243908355229877e+01 4.551780696812083704e+01 4.700515802616946104e+01 5.528924353837511063e+01 4.487906374246299634e+01 5.902051837089221920e+01 7.056705306191138050e+01 6.258316070521642160e+01 4.229778418046164035e+01 2.815486142402594538e+01 3.082932458001173615e+01 1.100772954887470334e+01 9.166627516122138886e+00 2.909801890346314934e+01 3.748836582419659891e+01 4.528786796942257808e+01 3.629214653570601001e+01 3.593069755671524490e+01 3.942090718370003799e+01 1.955551484812799856e+01 3.945497142864746110e+01 5.062286511187866012e+01 4.237539814772355840e+01 2.786145133705959509e+01 3.590077319434421099e+01 4.581468233426330272e+01 6.575838501196697905e+01 7.340634616299146842e+01 5.506657178521200535e+01 6.847625934674324810e+01 5.743034155649157668e+01 5.743034155650398276e+01 7.741259467665277327e+01 9.058305485235956667e+01 8.224535436438509350e+01
2.311624522989861319e-01 1.177816783609140217e+01 3.177816783609104689e+01 4.520369327078899602e+01 4.694193794089877514e+01 5.519573602267917067e+01 6.487883018359904952e+01 6.108215230407810026e+01 6.936112742706573897e+01 6.858942305344588419e+01 4.823922653502189917e+01 4.823923343632493754e+01 3.921313923792923362e+01 2.289952210859433990e+01 8.785567152897707288e+00 2.766926315525268620e+01 3.467183099742106833e+01 4.347211201934066338e+01 4.360223502713552790e+01 5.163369738393311081e+01 4.471944842676601439e+01 2.502892248994293922e+01 3.889569891810332081e+01 5.887461295650075499e+01 5.391434840075284995e+01 3.408004239120611345e+01 3.626044061239596772e+01 5.614852616087131310e+01 7.401800040626133637e+01 8.343670182667227664e+01 7.496628479570318859e+01 8.343670182667227664e+01 7.741259459156862022e+01 7.741259467665277327e+01 8.588551350557023056e+01 7.954242507767240511e+01 6.114724426799404000e+01
9.845726073866658545e-01 2.098457260738631192e+01 2.726073728443680011e+01 2.525428540795325816e+01 2.702164001339244948e+01 4.094172486956147594e+01 4.698928853118171389e+01 4.115201536070733113e+01 6.108210267616315292e+01 6.877020817191170465e+01 5.627558496914182484e+01 4.727294949634890742e+01 5.127765107222796104e+01 3.366553453103873039e+01 1.591826241941766895e+01 8.246574659531452411e+00 2.716530032169374564e+01 2.433300544400804100e+01 2.471577734350348976e+01 4.334163506337038996e+01 5.221078748047811757e+01 3.238563049019585804e+01 4.106976351906397582e+01 6.105588710656973461e+01 6.099636512896629625e+01 4.107045519288976720e+01 5.614852605771122995e+01 4.617618258716381519e+01 5.768258664549664871e+01 7.764804845378954212e+01 8.704040473768451136e+01 7.756413024521485511e+01 6.971372746613771199e+01 7.756413024481548746e+01 8.136090277953137218e+01 7.116100201898861144e+01 5.055228551398078451e+01
3.295302290958179725e-02 3.625058926441429463e+00 7.276540462856980973e+00 1.112552171269648937e+01 1.548970797611907813e+01 2.103515377353354765e+01 2.705905241318523835e+01 3.856767991373351379e+01 5.849331760206407438e+01 6.008549319409894451e+01 3.779452754913977230e+01 2.482635004194314732e+01 3.437402147970063027e+01 4.163088611452688070e+01 3.381437115329448773e+01 2.763336726548822853e+01 7.707124613183458983e+00 9.449293173485235897e+00 1.804769356770691502e+01 4.317054283661676806e+01 6.050612588893910981e+01 4.377951170317450647e+01 6.050627135433059323e+01 6.957905113606324221e+01 6.929853636364660474e+01 5.101676430070946111e+01 6.929843452628931288e+01 5.768258661186889924e+01 7.438150074933919598e+01 8.590433186019306788e+01 7.756315077468319430e+01 5.996441797743186441e+01 5.021510848871545107e+01 6.789479087334242990e+01 6.223835797330499275e+01 6.375514211021211963e+01 4.377960032995040507e+01
