MOVIE_S3_data/elevation_000768.asc
nrows	100
cellsize	150.0
xllcorner	0
ncols	100
yllcorner	0
NODATA_value	-9999
[rows 34 to 50 of 100, columns 0 to 36 of 100]
6.278687791629389281e-01 2.062781255274306957e+01 2.386886519181775412e+01 2.514716615062202010e+01 2.064456464527685498e+01 1.419553499075059122e+01 2.931875491727611305e+01 3.075992072453598070e+01 3.223217778272572076e+01 3.371388982519444255e+01 1.590425070590904966e+01 1.751100810295022470e+01 3.749908938953821291e+01 4.410835497368785241e+01 4.123101810593217209e+01 5.064217207010691624e+01 4.849304376321565968e+01 4.988096796663873533e+01 6.269136539466963853e+01 5.904775619284727384e+01 7.567438580027636874e+01 6.983250814555238151e+01 8.977792606403539821e+01 9.825589680987690144e+01 1.024371308331938053e+02 1.048560805515766106e+02 8.763422028712139422e+01 1.049709409194499727e+02 1.066782089428897677e+02 8.643172836193758712e+01 9.236178522893671072e+01 7.609074470071874430e+01 9.638690474716736389e+01 1.100813583519925771e+02 9.992567032655652781e+01 9.152176527327588929e+01 8.439412179728140018e+01
5.760807145981240440e-01 2.057608071459776866e+01 3.381703568364804369e+01 4.210129908116502406e+01 4.064064757336546307e+01 3.419126290242191146e+01 2.419318559374697131e+01 4.418933874944151796e+01 4.441825927672672236e+01 2.442898043221910953e+01 3.589483185430452750e+01 3.749892424515230971e+01 2.125638096712508229e+01 2.414166225902951624e+01 2.712058981385896672e+01 3.070797996650563277e+01 3.441477699406717505e+01 3.840358799723327365e+01 4.285674041768141507e+01 4.858921814644929071e+01 5.566036072288312653e+01 7.567438580027636874e+01 9.232428228186383024e+01 7.804438212846761758e+01 8.223227388068731614e+01 9.650676820212669327e+01 1.083446221591662919e+02 1.169315089183929643e+02 1.149521030838632782e+02 1.066782089428897677e+02 1.046964052892566741e+02 8.625169829415619915e+01 1.046964052892566741e+02 1.016867956761627170e+02 8.135673487038921792e+01 7.136174513025275701e+01 6.439766229675539932e+01
7.930105716671143057e-02 6.745967723833406815e+00 1.381703553569894360e+01 2.536404091949601636e+01 4.536404126953658533e+01 5.247207366116126082e+01 3.419072079499218830e+01 5.247207366116126082e+01 5.108190008180020669e+01 3.109098288070012117e+01 5.108189198429248279e+01 4.829547197797286628e+01 2.832095863883784403e+01 4.410835496768803665e+01 3.604703709646567233e+01 3.864267045436177739e+01 5.432452397668589583e+01 5.828174849876995012e+01 5.430662171905409252e+01 6.833893892768229250e+01 6.595028894314167189e+01 8.315490503099762520e+01 8.225163820099575673e+01 6.383454254562227703e+01 6.799650819986470651e+01 8.781047025429522535e+01 9.789589664859829554e+01 1.112579084679497186e+02 1.053551560877250921e+02 1.075614006585561953e+02 1.147841505132620625e+02 1.065221112001784576e+02 1.147841505132620625e+02 1.100813583519925771e+02 9.992567032655652781e+01 8.965719185841001604e+01 6.956721536584568355e+01
6.786017468061785740e-01 2.067860174680582475e+01 3.381703568364804369e+01 4.210131588353094401e+01 5.364832754564702100e+01 6.247047754543243769e+01 5.418795670389108210e+01 6.247047754543243769e+01 5.108190008180021380e+01 4.522611019675209576e+01 5.108190006898409763e+01 5.657299587283625186e+01 3.830679197184710461e+01 5.657295936750062992e+01 4.601958995165848876e+01 5.859448238838762535e+01 5.274784443235158449e+01 7.270951503613520117e+01 7.414513826539378272e+01 8.239925568656261134e+01 8.378327952760652408e+01 8.915642816365107137e+01 7.389937013311168812e+01 5.392484923740242664e+01 5.940098508728153348e+01 6.937000307032040780e+01 8.954007448203211084e+01 9.105166795374290700e+01 8.512696917940479580e+01 8.734119020029008595e+01 1.075614006585561953e+02 1.142340816197261546e+02 1.041614772763322350e+02 9.583419943209413816e+01 8.871112277562237125e+01 8.237176743442172722e+01 7.802623494292532769e+01
1.053273305859350195e-01 1.424746295431675946e+01 3.424746295431604892e+01 3.768576281658404525e+01 4.401031813692069505e+01 5.108138594878604266e+01 5.936565719624056214e+01 6.936565719623597204e+01 7.107413480716144250e+01 6.521902744069046776e+01 7.107413454118254492e+01 6.656313082244611223e+01 5.828425698209206729e+01 6.656311819556707121e+01 6.012647603679050690e+01 7.425011697273622246e+01 7.270951503613520117e+01 8.098631435534548473e+01 8.607601284177978584e+01 7.774785522960051765e+01 8.607601284177978584e+01 8.063302814426381815e+01 5.961821619594341115e+01 4.800431303738720601e+01 6.199633265764706636e+01 8.207359100703889965e+01 9.789589664859829554e+01 9.105166795374289279e+01 7.088308283292155920e+01 8.432880624680245774e+01 1.045224949632141431e+02 1.059239445861537661e+02 8.574445427803459552e+01 7.568709620528296966e+01 6.866432100027464003e+01 6.245803589589498728e+01 5.819100409966918619e+01
6.652624653148981881e-01 2.066526246531454447e+01 2.952079700730728362e+01 1.768576281658475935e+01 2.401031813692140560e+01 3.108138594878675676e+01 4.108138594878640504e+01 6.108138594878569450e+01 6.791419853466646828e+01 5.954063060446159028e+01 6.791419853466646828e+01 6.943996700710370362e+01 6.108305238091104172e+01 6.943996700710370362e+01 8.009495619477323203e+01 7.561929551018710072e+01 6.734429496820824568e+01 7.561929551018710072e+01 7.610110317120967238e+01 5.786270776264611726e+01 7.610110317120967238e+01 7.708616264482661506e+01 6.371053261026025183e+01 4.391820674687096471e+01 6.371053261026025183e+01 7.805191058505225499e+01 9.483657951243546336e+01 8.432880624680244352e+01 6.428180241392911398e+01 7.841233676203894731e+01 9.861242711828495544e+01 1.142340816197261546e+02 1.041614772763322350e+02 8.651215484829670288e+01 7.232819066952467324e+01 8.237176743442172722e+01 7.802623495135847520e+01
8.924248754756384239e-01 5.156439202587829840e+00 9.520797007307640669e+00 1.768576281658475935e+01 2.923276820037706969e+01 4.923276820037635559e+01 5.936565719624001503e+01 6.936565719623592940e+01 5.787924675367320759e+01 3.953106872178509690e+01 5.787924675367320759e+01 5.943586972840680716e+01 4.114410690543783033e+01 5.943586972840680716e+01 6.743506238625995763e+01 6.577563119712361583e+01 4.777720836022229633e+01 6.577563119712361583e+01 6.780528149609342847e+01 4.807092480202130957e+01 6.780528149609342847e+01 6.303268739959970901e+01 4.897921215437290954e+01 4.008662377606214733e+01 4.988551918933904261e+01 6.973498852419793081e+01 8.064269561705674505e+01 6.644881172283639614e+01 5.922623628374461902e+01 7.915269211439752439e+01 9.201513895868762916e+01 1.010311680585988796e+02 1.149750673364833062e+02 1.007436110923900827e+02 8.389463463232544882e+01 1.007436110923900827e+02 9.643021562879833652e+01
8.870506738290029336e-01 2.088705067382864655e+01 2.952079700730728362e+01 3.768576281658404525e+01 4.597003406396839864e+01 5.751703944782079958e+01 5.185008397222308218e+01 6.044779238637757146e+01 4.953584966312331517e+01 2.972372352288873998e+01 4.953584966312331517e+01 5.111357964317443958e+01 3.137423642992768080e+01 5.111357964317443958e+01 4.800584778183375079e+01 4.800584778183375079e+01 3.845094395213789795e+01 5.756075136740823694e+01 5.244178062192172973e+01 4.158245125184996027e+01 5.854701947702545084e+01 5.032181155253754667e+01 3.515430334865299500e+01 4.642264717288227160e+01 6.619710738477276379e+01 7.805191058483059408e+01 7.231797415067389068e+01 5.254511635862912300e+01 5.711568176081900816e+01 6.364614890468303088e+01 7.251998065252135461e+01 8.675859122588900618e+01 1.069692878489143766e+02 1.123676853874674606e+02 1.040548499261009709e+02 1.031428902947340589e+02 8.299583906591347215e+01
9.587146228554132010e-01 1.510085024658623887e+01 3.510085024658553010e+01 5.264019142277541619e+01 4.515939689486580733e+01 4.785608534862160468e+01 3.118276326481961647e+01 4.279183938956019517e+01 3.457741630830267354e+01 2.330013054735480793e+01 4.290640773485541359e+01 4.453217638223524233e+01 2.490833671814791828e+01 4.453379766191982725e+01 4.800584762583656584e+01 2.976549688631490298e+01 4.800584677719848514e+01 4.478540223508492346e+01 3.292197204213431405e+01 5.244161578396396095e+01 4.620085875170695289e+01 3.080114253561621851e+01 5.032181155253754667e+01 6.303268739959926137e+01 7.449192007745421051e+01 8.253392324243763767e+01 6.810238670501249203e+01 4.839329767756071732e+01 6.810238670501249203e+01 8.366315212323095807e+01 9.201513895868762916e+01 1.010311680585988796e+02 1.009049389847886289e+02 1.093180593827178910e+02 1.064824561782399286e+02 1.114571610373082535e+02 9.983787499814476973e+01
4.749594815986911134e-01 1.462060436460388857e+01 3.466195077075485642e+01 3.761224661053458362e+01 2.616650682002927653e+01 3.949165359745160941e+01 1.949762476906378339e+01 2.792407012848739356e+01 1.508707276562486932e+01 3.297375750062096245e+01 3.134673840955305124e+01 3.240995977741595624e+01 1.926253929273672583e+01 3.447585176886090608e+01 3.697597097125205323e+01 2.542796423491256519e+01 3.858613924093564407e+01 2.536508079616823252e+01 4.099296068979288066e+01 4.222058546714630012e+01 2.676823446518869076e+01 4.616285847295604583e+01 5.030609864641219531e+01 6.999768287318649129e+01 6.694098015205592844e+01 6.846082135882060982e+01 5.438772278476193378e+01 4.508925996838188865e+01 6.476660213132910826e+01 7.904026904757492389e+01 7.918093491002116480e+01 8.742657689890977224e+01 8.044774933348399770e+01 8.980030064757877994e+01 8.605107174830583006e+01 1.064824561782399286e+02 1.049234715917956891e+02
5.246131949027718067e-01 2.052461319469140832e+01 3.179555092426054941e+01 1.794157693150009436e+01 1.472807146894595753e+01 2.566189848447108446e+01 2.487658370703482547e+01 7.914169740866938696e+00 1.914786457116099427e+01 2.357980379757592715e+01 1.169747034341708236e+01 1.272977220276555244e+01 1.376598279288617199e+01 1.482757494216492233e+01 2.134398766779874634e+01 3.400796108772523496e+01 1.909497657440136109e+01 2.031780635677866442e+01 2.157520954666244961e+01 2.282824226316035165e+01 4.210647108778482561e+01 4.554937655043324440e+01 4.696814974266609255e+01 5.517107349510160219e+01 4.719947080210690160e+01 5.590604147822756431e+01 4.054002643254720084e+01 6.019509015620283066e+01 6.194168912253316250e+01 6.019335834537018570e+01 6.086869534603294341e+01 7.918195740934520188e+01 6.872665466878832774e+01 6.942700274832574792e+01 8.381261853464773992e+01 1.042558440117956877e+02 1.132359489290427064e+02
4.470077517107070575e-01 2.044700775159713402e+01 2.201059375919288286e+01 3.817616614249200513e+00 4.736362723435827426e+00 5.661071939065760894e+00 6.588882314559121767e+00 2.660819221817563474e+01 9.276031851001347306e+00 1.024135435640933345e+01 3.040948343598680381e+01 3.241003695082540048e+01 2.314044169311284449e+01 3.447585355278558694e+01 1.633977155141333526e+01 1.741805060554434093e+01 3.712145478290734246e+01 3.977105222643428561e+01 4.099296083877879937e+01 4.218474660809594212e+01 2.478538254100165972e+01 2.616850923376363980e+01 2.755115952422575631e+01 4.696829338529621367e+01 3.341743950066410207e+01 3.628829698000380688e+01 5.590604152230933721e+01 5.844872156735775093e+01 4.221066017242598178e+01 4.964059196375823291e+01 6.609683428259837967e+01 7.103361355902741536e+01 5.882858805233556154e+01 7.891031485076649687e+01 9.733865249404182407e+01 9.898482664178878565e+01 1.074827006514025101e+02
2.599182575669619633e-01 2.025991825681283487e+01 2.523844138017327765e+00 2.252675917285515439e+01 2.483126417141849629e+01 2.567839396733701918e+01 1.514720451994381811e+01 3.377031234730138465e+01 3.182384351689015034e+01 1.309923096171409007e+01 3.391529627203156849e+01 5.002361774889346435e+01 3.618682121386738260e+01 3.879559764554382184e+01 3.304541813819533047e+01 3.727849864336474184e+01 2.124020661421998568e+01 4.113250750336699468e+01 5.383687186172613792e+01 5.245976692014128417e+01 3.844212611849601302e+01 4.556251736815620035e+01 4.696829302332363199e+01 2.952087446893771627e+01 4.898813332192814585e+01 5.323916727405319449e+01 5.506314943518654559e+01 3.873409325764681910e+01 5.844872156735775093e+01 4.595503441175652171e+01 4.862535287677688700e+01 5.132831234099019468e+01 5.460902852053852286e+01 6.854613200933401629e+01 8.441271469207015343e+01 7.837686945095796887e+01 9.898482664178878565e+01
3.519420047721200095e-01 1.249968810673020458e+00 2.125121080654599837e+01 1.069011396599410801e+01 3.069283641910341842e+01 4.229261831994421073e+01 2.829284460112947031e+01 4.229185219747449764e+01 3.697222599041486291e+01 1.601378939092251841e+01 3.080019202115551025e+01 5.187303333282397233e+01 5.557265440153961578e+01 6.054033168301022982e+01 5.633303695066614125e+01 4.963497954681781721e+01 3.100559060252870225e+01 2.527558627484229703e+01 3.927352514817214768e+01 5.982942518275635280e+01 5.836184355508554233e+01 5.775029514041579404e+01 4.068727813168119667e+01 3.369722682256691826e+01 3.193562003828323981e+01 3.365674778808681111e+01 3.540743451285122489e+01 5.506314943518654559e+01 6.674086613157994918e+01 7.057587349177084945e+01 6.824178105478395651e+01 6.511155770271501808e+01 7.450699592541968741e+01 5.962881533243523080e+01 6.400399787612781211e+01 7.411265253298036271e+01 8.598837982435000526e+01
2.695761837762450375e-01 1.642482782927654128e+01 2.881506483893069159e+01 3.069283641914736904e+01 2.011955458336209546e+01 4.012215061691930629e+01 4.784965241587322282e+01 5.239725674547999290e+01 3.126055132948045667e+01 1.906793825975210410e+01 4.019397369416855526e+01 5.669527495276849294e+01 6.514527412929136574e+01 7.541059865993111089e+01 6.816746817197440578e+01 4.745942828213446063e+01 4.839475241524726812e+01 2.823557985524719527e+01 4.233743834932057837e+01 6.301840218476082356e+01 7.721077122126372672e+01 5.739891145394550165e+01 4.325454828846401512e+01 5.703367463230235046e+01 5.145728127862885515e+01 5.323916164087941638e+01 4.013100003056768372e+01 4.043874765441020713e+01 6.014873808485990736e+01 7.384728436998851464e+01 8.383914153442141526e+01 8.533072112446774327e+01 8.705380228637606876e+01 6.661591697477304308e+01 8.441144869567833098e+01 7.353283594753877139e+01 8.134877866173432892e+01
4.879649418637075353e-01 1.608928250566659912e+01 3.659068543207644808e+01 4.840734738920080815e+01 3.426355080497381067e+01 3.426355080497381067e+01 5.426606173943486766e+01 6.088982652656002159e+01 4.421914418946318648e+01 2.291994395909449977e+01 2.846414869616714682e+01 3.566025447025037209e+01 4.637587631314727332e+01 6.701467359238969834e+01 7.671368186179959991e+01 6.638986067506702682e+01 4.559116352136834394e+01 3.134048205733851944e+01 4.559116352136834394e+01 6.638986067506786526e+01 7.885051489196530383e+01 7.276332532585944080e+01 5.415930563329322212e+01 7.276332532585944080e+01 6.697922144087371521e+01 4.729539669864144713e+01 5.979170769090704596e+01 6.014873808485990736e+01 4.578388161872146611e+01 5.557162409428476479e+01 6.957851183211573698e+01 8.972726513588693820e+01 9.553122683551856653e+01 8.103271616164758484e+01 8.328272304059612452e+01 9.432179770062403179e+01 1.026097542889380350e+02
9.938951651180888414e-01 1.513603078884916364e+01 3.513603078884986530e+01 4.918749762855566132e+01 5.426606173943486766e+01 5.426606173943486766e+01 6.255114397342788379e+01 6.047595361340853515e+01 3.957415736900662040e+01 2.704772947945608053e+01 4.840829592515634516e+01 5.669527495276849294e+01 6.514527412929136574e+01 7.541059865993111089e+01 7.492845388709810095e+01 5.401325739643195334e+01 3.942576289870712003e+01 5.168296087784159454e+01 3.745986759104347641e+01 4.933883724821475170e+01 7.029494622662843994e+01 8.293820155733546073e+01 6.870881890978166950e+01 7.951390539396672352e+01 5.969483021414499291e+01 6.117098949345145797e+01 5.860672935690018903e+01 7.384897553658443314e+01 6.552632123014609533e+01 5.212804174147377978e+01 7.197218033844048080e+01 8.703018106621816230e+01 9.550629348777124505e+01 1.016057887385011895e+02 1.038177667477561101e+02 1.122061227920974318e+02 1.174263163517189952e+02
