MOVIE_S3_data/elevation_000116.asc
nrows	100
cellsize	150.0
xllcorner	0
ncols	100
yllcorner	0
NODATA_value	-9999
[rows 17 to 33 of 100, columns 0 to 36 of 100]
4.336683913182175498e-01 6.675311781249954057e-01 9.108393141103492407e-01 2.973943903940986289e+00 8.095213876745933845e+00 1.939630364717522593e+00 2.538322180172804821e+01 1.352974967987947608e+01 1.887972091757755777e+01 4.039457339722300588e+01 5.051482219852414346e+01 3.089659461044753286e+01 1.743622660182691320e+01 3.679283645936605751e+01 4.783024849829587311e+01 4.121657423096306871e+01 2.853318037450477362e+01 9.758115898426666490e+00 1.003709773047460452e+01 1.124276111889948027e+01 1.170449069236190631e+01 1.603308238650226514e+01 1.939969058255011447e+01 2.529891086529060118e+01 1.269996344979615444e+01 3.510853303568898554e+01 4.628599623248711481e+01 2.735194132644657827e+01 4.634124384321997780e+01 5.706472957322180406e+01 5.310647581336483114e+01 4.455191218849078894e+01 3.446354142591277991e+01 2.068642318181701967e+01 3.943860552284231602e+01 2.182055163318259972e+01 2.222386031674529505e+01
5.385724909496417689e-01 2.053856802389997682e+01 2.781003618333544480e+01 1.288698022471916671e+00 1.566288665134641267e+00 2.169971317652463760e+00 3.151637044452516889e+01 3.473739564748724007e+01 4.042752709198641270e+01 2.847848137053537343e+01 4.994910846250180469e+01 4.481544616526072389e+01 3.679283645942565073e+01 2.011499953651286177e+01 3.965400843761500482e+01 5.082269344535843203e+01 4.190590971134907505e+01 3.285275442006499702e+01 2.940764878665378035e+01 1.043080796001053123e+01 1.070228366909188367e+01 1.095828237392863436e+01 1.120586491629885373e+01 1.147079402292872174e+01 1.177593297477106482e+01 3.084331288805444871e+01 3.888040460627856021e+01 2.179276263302766381e+01 2.811073805818613991e+01 4.207310511680815068e+01 5.449536422906838595e+01 6.207232719417040556e+01 4.544832577059050749e+01 2.306063674528728669e+01 2.125148534776355902e+01 2.495802738437627610e+01 3.601301904790783937e+01
8.336531950628578436e-02 1.018355919913599372e+01 2.956379219337605591e+01 3.670477343299747730e+01 3.408468707323015678e+01 2.419571235649081231e+01 2.485179635103264317e+01 4.760850974248379686e+01 5.750223939001737250e+01 3.620747604954988219e+01 5.750223939591086975e+01 5.385113834336194572e+01 3.377337129188302356e+01 3.965400775023388746e+01 2.288032073599118732e+01 3.682798652866920008e+01 5.719384834321270006e+01 4.880321075007363874e+01 2.905171802035676265e+01 3.632018960693768150e+01 3.491822620803406352e+01 1.425894601090760716e+01 3.325358236225789454e+01 3.323673190737965655e+01 2.150570821928592480e+01 1.225007416337333588e+01 3.103723418836347392e+01 3.197531923843953194e+01 1.503236862613151104e+01 2.584488681884316463e+01 4.549072431704192354e+01 5.373948954355939378e+01 5.486780513150686289e+01 4.585219635916883618e+01 3.346617041313630381e+01 3.021100046527851646e+01 3.196267450157586154e+01
4.524162703296725763e-01 2.045241627032931575e+01 2.967510209399529231e+01 4.958869235620435489e+01 5.036264185306777108e+01 4.787092928907194533e+01 4.761459959712217227e+01 5.620411808573651058e+01 6.553247818159007920e+01 4.876768478398402351e+01 6.553248411263029993e+01 6.190781003023549545e+01 5.385113437847956419e+01 4.491021073105511618e+01 2.489557995397376189e+01 4.491021085322206829e+01 5.846389570005547398e+01 5.677620974668858622e+01 4.321422989216458888e+01 5.134238775196255489e+01 3.072989827765094617e+01 1.795484163991358884e+01 3.829554198986327407e+01 4.979109759125533685e+01 3.140182275545045698e+01 1.512358180631438032e+01 1.270749686244077026e+01 1.301202596605426898e+01 1.329882039836647678e+01 2.803672400375061713e+01 2.922121846919949562e+01 3.489981722453369173e+01 5.567985185020491201e+01 6.248987130139794033e+01 5.382389173998537757e+01 5.039981066999823867e+01 4.600215924879224616e+01
4.402443450947634007e-01 2.044024434509440979e+01 2.779995162012417964e+01 3.173763217835734807e+01 3.022867805991706902e+01 4.102038551792753651e+01 4.714046867622943182e+01 5.556461541632808832e+01 6.603828198514857206e+01 6.851764577388101429e+01 7.657332423915633512e+01 6.299629796199624820e+01 4.314376722821919685e+01 2.877469690482976716e+01 4.491021084353346993e+01 3.010981510960275997e+01 5.039385049731678379e+01 6.426768627718772109e+01 6.238074698520156147e+01 5.962736064340279540e+01 4.332632213667697840e+01 2.228733702740093747e+01 3.481188117594383158e+01 5.447852111507071982e+01 4.300373428929326280e+01 2.523939084143115608e+01 2.657307667094570292e+01 2.849639809260161627e+01 3.253330111901276922e+01 1.368495598267931612e+01 1.630583867456984848e+01 3.552240394128428136e+01 4.280875747621186633e+01 6.266451721688506638e+01 6.499286513667682641e+01 7.254608218917685747e+01 6.735737543054365517e+01
4.237187090225543740e-01 4.027701937274360766e+00 7.711652332253009057e+00 1.161444964476036468e+01 1.595667806210946438e+01 2.078026444634712888e+01 2.674826157629565060e+01 3.647706365146462559e+01 5.063449003875594912e+01 7.351392675074998806e+01 7.603363403554745048e+01 6.823442118305842996e+01 5.191115978099573169e+01 3.173827639107156529e+01 5.191115977858552810e+01 5.039385049731678379e+01 3.614151776095827984e+01 5.056705896444633908e+01 7.010081597500479234e+01 5.910268746881607882e+01 3.918944014372136309e+01 2.708928088995618921e+01 4.760669709601774002e+01 6.263758889389296058e+01 5.584686569051969229e+01 4.625745514653618073e+01 4.723525829497919659e+01 4.915507294637203728e+01 3.713331169535737786e+01 1.395267521496407070e+01 1.555934348201666317e+01 1.623895597360093745e+01 4.292567366101405923e+01 5.149821974410358649e+01 4.651796878473650310e+01 6.499286513667682641e+01 7.090523382660333596e+01
9.142864485297492738e-01 2.091428644852939556e+01 2.779995162012417964e+01 2.324728722366534228e+01 3.612732062695027935e+01 3.510085481424212617e+01 4.102038558551490155e+01 4.117898773846292215e+01 6.153275680801387892e+01 7.909377176770547635e+01 6.100722905933512408e+01 4.899259153719824411e+01 4.167664403548459262e+01 3.530526381182873763e+01 5.529397077354015977e+01 6.080659819457764570e+01 4.092394246333704899e+01 6.080659819457764570e+01 7.587222070661752582e+01 6.717568232642874193e+01 5.234751618908710924e+01 3.223392421456166801e+01 4.656941507117067403e+01 6.629708627275535093e+01 7.214874997424914227e+01 5.968615686048858748e+01 4.738680868165566551e+01 3.800007015940651911e+01 3.364728917006181774e+01 1.422078507970557482e+01 3.268308332539834282e+01 1.796015210419805186e+01 3.748185376917066236e+01 3.224173722360679051e+01 5.149821709191128605e+01 6.579582617347129769e+01 5.214233237717191116e+01
9.064013007315497861e-01 1.504853692446262592e+01 3.504853692446332758e+01 4.333565907335970024e+01 5.165594821041444362e+01 5.531139705640652693e+01 6.123183417224974079e+01 6.153275680801387892e+01 6.995024309419326869e+01 8.718815401174440183e+01 7.610872510806818525e+01 6.823442118305842996e+01 5.872448686644344207e+01 3.904343867972669813e+01 5.872448686644344207e+01 6.872018217234315784e+01 6.080659819457764570e+01 4.864940093063125204e+01 6.804286351838386793e+01 7.155878314478489699e+01 5.192403104700847649e+01 3.775880488497990939e+01 5.192403104700847649e+01 7.155878314478781022e+01 6.364187159111681069e+01 4.140533653157681471e+01 3.073336652167047589e+01 2.470713873978846209e+01 1.974989094364763531e+01 1.449085783645628744e+01 3.418748720055284451e+01 3.695545613253779749e+01 2.155908319310668020e+01 2.433415351579938246e+01 3.848425528817625008e+01 5.315538333821145045e+01 4.112925214655305695e+01
3.063610709598194592e-01 1.211003121962779261e+01 2.788353824656950053e+01 5.082934273280057624e+01 6.196465908951136470e+01 5.455588547754904027e+01 5.566615264572643440e+01 6.421715064949252394e+01 7.729183439381837672e+01 6.881028667302442159e+01 7.729183439381837672e+01 7.563603011914503327e+01 5.671253382674191101e+01 4.294374284985117640e+01 5.423910775883032187e+01 6.771801774544698560e+01 7.587222070660384077e+01 6.804286351838386793e+01 5.790866224563676212e+01 7.675096940175789939e+01 6.514708526975553582e+01 4.538145742228427082e+01 5.767638015650653216e+01 7.725081426723052402e+01 7.214874997918060728e+01 6.127931191504287511e+01 5.223274855600099897e+01 4.363876175992749751e+01 3.347613472444857052e+01 1.476679014776051524e+01 3.427306342708239839e+01 4.849709731290646886e+01 4.127288099676718502e+01 4.413443923107369926e+01 2.887929276189874983e+01 3.372400774074687035e+01 5.315538333821145045e+01
2.739570439748240105e-02 1.416953089411452460e+01 3.416913690019725180e+01 4.459152121534955171e+01 4.919443564172913597e+01 3.239810571211323520e+01 3.470288656224693824e+01 5.566615264572643440e+01 6.678932287566101422e+01 4.758624593790310087e+01 6.678932287566101422e+01 7.895375769187558035e+01 6.222874090855105322e+01 4.722654745669487397e+01 6.611923522243743889e+01 8.020429321508321152e+01 9.424531257089658709e+01 8.354654954448555770e+01 6.510503237612201133e+01 8.354654954448555770e+01 7.320883150586129773e+01 5.689460746286033554e+01 7.320883150586129773e+01 7.665721749292345066e+01 6.877946007821060448e+01 6.669982744705339428e+01 5.919876765338046454e+01 4.577450525897332767e+01 2.809686169779564224e+01 1.505167619303996140e+01 3.452370519098057144e+01 4.345044304479817754e+01 5.170451768803329173e+01 5.654841634220470326e+01 4.857536418729475969e+01 3.569973650974542068e+01 5.492210627932865208e+01
1.758338105654860817e-01 2.017354854755232552e+01 3.296095927956478988e+01 3.097611956928886556e+01 4.065672735689584272e+01 2.000587107561837286e+01 3.855255875769146456e+01 4.340151339064591696e+01 4.876304044768821910e+01 3.659200413350966130e+01 4.979045611570067820e+01 7.495386609037318237e+01 6.414583897618055630e+01 6.611923522243743889e+01 5.405654639436956188e+01 7.253482032146634140e+01 8.788868921506686149e+01 9.126743305073473778e+01 7.815076165100447270e+01 8.725299291142749780e+01 8.446398120542110632e+01 7.642017959832278962e+01 6.765052645991302427e+01 5.921108282959429658e+01 4.979405401882187476e+01 4.771841352066463315e+01 5.099615001965897676e+01 3.176942331127179031e+01 3.487343510445634820e+01 1.534932116071562014e+01 1.555636342245545123e+01 2.426275453229837353e+01 3.534696988641017867e+01 5.480506938312252174e+01 6.288599672628013337e+01 5.492210627932865208e+01 4.320557308234300820e+01
4.683972685643240652e-01 1.940012009012239957e+01 1.412973752413351036e+01 2.657472527739067303e+01 2.865737393957101986e+01 1.355926016861325856e+01 1.791465528833671428e+01 2.254489306365112000e+01 2.765579450972313325e+01 4.876304044768821910e+01 6.678932287566101422e+01 8.369116629250324024e+01 8.078026032309743698e+01 7.328162566215820561e+01 7.253482032146634140e+01 6.230838687012111166e+01 7.834405056883252882e+01 9.748753912023420298e+01 9.657313385661612415e+01 1.000676597507457473e+02 8.828548464064971313e+01 7.348667165364167886e+01 5.329794032781207136e+01 3.948393033360493831e+01 4.671094359945564634e+01 3.351310823149680829e+01 4.187493005129932300e+01 3.527257041965530959e+01 1.580030773521698784e+01 3.369353527257100467e+01 3.648492013466940165e+01 4.349083302191549194e+01 5.170451768803329173e+01 6.299006510993668684e+01 6.116066715952999289e+01 6.883466739298377490e+01 6.189647388354584479e+01
2.051881798473268459e-01 2.238688366934681984e+00 4.287783352804683368e+00 6.409584991730824299e+00 8.572506322780323984e+00 2.878590863823142598e+01 3.592562264148553908e+01 4.340151339062338565e+01 4.876304044768821910e+01 5.731848586689879710e+01 7.076918337732074349e+01 6.883425586116548800e+01 7.724343941049085061e+01 9.087670628008007156e+01 8.788868919711057970e+01 8.030787099477923618e+01 7.385620355369552215e+01 8.941081404937813204e+01 9.728355626233758358e+01 8.584451145899129187e+01 6.905107425533464038e+01 6.001266293337955204e+01 6.071819684187914845e+01 4.094231417224865766e+01 2.742946308930730481e+01 3.761430457831889385e+01 1.807253028840933595e+01 1.628558009020788333e+01 1.918037388530844822e+01 1.843766737247885246e+01 3.791324415433619066e+01 4.266584789558812219e+01 4.427169949148782990e+01 4.622480970756263474e+01 4.044335442698994143e+01 5.632815294740534995e+01 6.963743851185896006e+01
8.187695587851057111e-01 6.848996450340353093e+00 2.440801826280706166e+01 2.657472527786640981e+01 2.878590863836555158e+01 1.262520596820681362e+01 1.562133920937633036e+01 3.592562264157994179e+01 4.395242670170593868e+01 4.183581932311260942e+01 5.206645204590314790e+01 4.829797413392256544e+01 6.326744998535054521e+01 7.296661215885714569e+01 8.269935015549826574e+01 9.547289592075426867e+01 8.539277758141881236e+01 9.468286615669855166e+01 8.219368462908876438e+01 6.563652097091515714e+01 5.816291680423100985e+01 4.524272096542381405e+01 5.226651528588491402e+01 5.504000328248073259e+01 3.816958394963643997e+01 1.693325061257843345e+01 1.678474295476489786e+01 3.226992338177618791e+01 4.209758548735902650e+01 3.791324415413666316e+01 2.103879125359519620e+01 2.289393229188456758e+01 2.485999105517009156e+01 2.683008085438094881e+01 2.881378390252504573e+01 4.235004455410842183e+01 5.505033674098406493e+01
2.311624522989861319e-01 2.023116245229862997e+01 1.579326836033943415e+01 3.579326836025200009e+01 4.131649760037225860e+01 2.693423901744768045e+01 3.592562264113032455e+01 2.007198698736561226e+01 2.353152443633606694e+01 2.734971722159434648e+01 3.148436484021733150e+01 3.655865538723746511e+01 4.282019206948960033e+01 5.110331062879317443e+01 6.522934461050688526e+01 8.825375138258249308e+01 1.026993864503905201e+02 8.677363981222971745e+01 6.546368590934859810e+01 5.331660653859675847e+01 4.401249303996583251e+01 3.740378016437348663e+01 3.173709153002431904e+01 4.580138005730272255e+01 3.681164599619133782e+01 1.725431909368512251e+01 3.622465004582959125e+01 3.143138506296624968e+01 5.058129253447246754e+01 4.843402637300383162e+01 4.025434541090470475e+01 2.851716143381416657e+01 4.406975449534897393e+01 4.043824504846772783e+01 4.822002486496305096e+01 3.170491855789309810e+01 3.549314304229240946e+01
9.845726073866658545e-01 2.098457260738631192e+01 3.579326836025200009e+01 2.648371803683622261e+01 4.648371803664836932e+01 4.727007876823237353e+01 4.888178274092099684e+01 2.915784874501745705e+01 3.372222117039484601e+01 4.784283338668769403e+01 4.337102380564161308e+01 5.729159590100260147e+01 5.164646711672963875e+01 6.595652519464516672e+01 7.385815353286325546e+01 9.507050999249051415e+01 9.490913669312678280e+01 8.280659044946189340e+01 7.415895892532250855e+01 7.267278831929692728e+01 6.439667553344419559e+01 5.781163841551877169e+01 4.580186973007519668e+01 2.521414288412122673e+01 2.213528500873465887e+01 1.762791145962561501e+01 3.705504112015885454e+01 5.002968761237543305e+01 5.797788548515853080e+01 6.195610027825296129e+01 4.578611829813866052e+01 3.488612932468699768e+01 5.356660889770557077e+01 6.019489551175745845e+01 5.367492345218823147e+01 3.413011415941117832e+01 5.367492353086858259e+01
3.295302290958179725e-02 1.417508864664065804e+01 3.417508864664136325e+01 4.648371803664836932e+01 4.062585366056666913e+01 6.062585365992561748e+01 5.800361505225214387e+01 4.091713930995526738e+01 4.818757208210096366e+01 6.262234193060666598e+01 6.394462791888491893e+01 7.237092893300659568e+01 7.029163903150643478e+01 7.845013459553469204e+01 8.760329738097156849e+01 9.588299251407866564e+01 8.630903060015577921e+01 6.526449244436730623e+01 5.341683485593129177e+01 6.218348724395907823e+01 6.473324468697124701e+01 4.506375185809169182e+01 4.485034865533688020e+01 4.042282041194385300e+01 1.809505549793688672e+01 1.861506357387067467e+01 3.066647883614437831e+01 4.232898790799521294e+01 5.037088188266510969e+01 6.403762056892645660e+01 6.035398669008378647e+01 4.820278944892145034e+01 4.820281830094203457e+01 6.651594490415251926e+01 6.201020849646124589e+01 5.367492353088165657e+01 3.770838213362774383e+01
