MOVIE_S3_data/elevation_000951.asc
nrows	100
cellsize	150.0
xllcorner	0
ncols	100
yllcorner	0
NODATA_value	-9999
[rows 51 to 67 of 100, columns 37 to 73 of 100]
5.469833636828416701e+01 3.720401567606161564e+01 3.873021502021390461e+01 4.118780457791296357e+01 6.259090998653825721e+01 7.458488782423459895e+01 8.426118952489731839e+01 9.251048788697035263e+01 1.047431688386596136e+02 1.068623441507259884e+02 9.864340218643464198e+01 1.068623441507259884e+02 1.046180177605431965e+02 1.106066586894184525e+02 1.172054932932859828e+02 1.254358575007093606e+02 1.342932719842467009e+02 1.347979940755871553e+02 1.207793391995611358e+02 1.269309340626466991e+02 1.071398362975382668e+02 9.564656657718698796e+01 8.811044180632806899e+01 9.862340705515133266e+01 9.233221523373488537e+01 7.232366958099511578e+01 8.650703908116761909e+01 1.063955646619654090e+02 1.196716427884655616e+02 1.082398808774902221e+02 8.833792432982578191e+01 1.082398808774902221e+02 1.171841817097700726e+02 9.728200401417797138e+01 1.108905605182258824e+02 1.135664647735775077e+02 1.018131468853811583e+02
4.074997827097794101e+01 5.838826087859721525e+01 6.003212427345092550e+01 4.178923107705833218e+01 6.316058214447211583e+01 7.465237327992410599e+01 8.889651848045316740e+01 8.487315352241314770e+01 8.487315352241314770e+01 9.692069454533506700e+01 7.874311274211618183e+01 9.444614315778848379e+01 1.010770672977277940e+02 1.092915296742186086e+02 1.191984896922768087e+02 1.328660785938591005e+02 1.246503108765571994e+02 1.248611303170855393e+02 1.066922990861339855e+02 1.231797353914203370e+02 1.236811761245386805e+02 1.101003514729666364e+02 9.022170062566655702e+01 7.867820859216219276e+01 8.963426348858000381e+01 6.956298348854292612e+01 8.380237624525838669e+01 1.037136847656378080e+02 9.983155301505253476e+01 9.983155301505252055e+01 8.232527439137042791e+01 9.642102689418111083e+01 1.162855644799712138e+02 1.108905605090275799e+02 9.097469566922796957e+01 9.365770244526564170e+01 1.077650763737412660e+02
4.364014207816277491e+01 6.284489131781472082e+01 7.152459884592349226e+01 6.316058214447211583e+01 4.514501017439503272e+01 6.040822807939520089e+01 7.221638070983365765e+01 6.491605355905764441e+01 7.770025116946462163e+01 8.205070261345309746e+01 6.876559291180869593e+01 7.451756253518693995e+01 8.118429487790962185e+01 9.117737525342485583e+01 1.109767593420307605e+02 1.213885142151639513e+02 1.047519023761116301e+02 1.166388354143072377e+02 9.670706647660449562e+01 1.032755272940573121e+02 1.173366402501417411e+02 1.182867163223966003e+02 1.068292216423489833e+02 9.134045031375359258e+01 7.129648717056042528e+01 6.689771826369168650e+01 8.118360989112410664e+01 1.011893167460874565e+02 9.804451498623554073e+01 7.989041114547065092e+01 7.695958463380333114e+01 9.691699064543237796e+01 1.106483894012013423e+02 1.024451660038410523e+02 8.683361844601343194e+01 1.067378156397263496e+02 1.217460165343060083e+02
4.681075648411940193e+01 5.789522410152025600e+01 7.775322716499327669e+01 7.465121479438555241e+01 6.620010659325612323e+01 4.874562365231899008e+01 5.172128690124302608e+01 5.467446460799614982e+01 5.766391945851478340e+01 6.211442956412534500e+01 8.205070261345309746e+01 9.444614315778848379e+01 1.010770672977277940e+02 1.092915296742186086e+02 1.191984896922768087e+02 1.131619593723798118e+02 9.322966020075767801e+01 1.025076973108243408e+02 8.916924931771497143e+01 8.916924931771497143e+01 1.073779636818400292e+02 1.156239392809680737e+02 1.043407533775391443e+02 9.621773349203277803e+01 8.446542559826826846e+01 6.430370868622388514e+01 8.446542776042174694e+01 9.506982366940290774e+01 8.681173099690650474e+01 6.978884900447148709e+01 8.986098207989095954e+01 9.585503373739902599e+01 9.842563522494539541e+01 8.254950344895152625e+01 1.024451660615862920e+02 1.149336002463757183e+02 1.168094224563886456e+02
5.077769786474328839e+01 7.049111166086900937e+01 8.606950456100821611e+01 8.555073711733918174e+01 6.546806767342876299e+01 5.355591957214600995e+01 7.221638070983365765e+01 7.489460350172477376e+01 7.770025114820303713e+01 6.319126287252260710e+01 6.984030268559693866e+01 7.689415471039356476e+01 8.688979873469554605e+01 1.009377173388561317e+02 1.207118527860495902e+02 1.213885142151639513e+02 1.025076973108243408e+02 8.256992004455241840e+01 9.545862855744040587e+01 7.919955523924434715e+01 9.913729209467088310e+01 1.074629941530905910e+02 8.798562877438786245e+01 7.659411521534555334e+01 8.219281352305367250e+01 6.205144088297310390e+01 8.196379833403848636e+01 8.391563121863761410e+01 6.672068215751885134e+01 8.685202017133904917e+01 7.334552169197499438e+01 7.590769853229470243e+01 7.851384173644662212e+01 9.260348694396270730e+01 1.024451660485221680e+02 1.222821025038224576e+02 1.085994602375097458e+02
5.507908806709591687e+01 7.492988473860015119e+01 9.177797126477136658e+01 9.390564697884161660e+01 7.909093199567307408e+01 5.903483533388664029e+01 7.025008281252493703e+01 9.020822463409638203e+01 8.795898841521177758e+01 6.803093049880860121e+01 8.795898841915233390e+01 9.680961312696661025e+01 9.680961312696662446e+01 1.149481563484060729e+02 1.255001785865022015e+02 1.056058179899676759e+02 9.408437897572189001e+01 9.545862855744040587e+01 7.549248923444368131e+01 7.401455326782482302e+01 9.398939057452865597e+01 1.046192537105593914e+02 9.779387815452922439e+01 8.488789970502848803e+01 6.496863087323480102e+01 5.982694192767442587e+01 6.177078555133854820e+01 6.374203235575378557e+01 8.391563121863761410e+01 9.508625793629779821e+01 8.751465953731496938e+01 9.585503373747665989e+01 8.604725693007415543e+01 1.059470496413018878e+02 1.206650248382616155e+02 1.148201817406693124e+02 9.518312210446556776e+01
6.906661271939925939e+01 6.347253541259841825e+01 7.756421560172452700e+01 9.764944659205251298e+01 8.462491370977190286e+01 6.467185884023786002e+01 8.462491366520877989e+01 9.844395737284628467e+01 9.426145877382042215e+01 7.433131055195575243e+01 8.213634345603374243e+01 9.364231803753143879e+01 1.134548322744433051e+02 1.248690396508282561e+02 1.337157508175400835e+02 1.222399187956296203e+02 1.140141641407375914e+02 1.037015808589369641e+02 8.914478092334819337e+01 6.909350108237771337e+01 8.466117844732009701e+01 8.466118267086261540e+01 8.957755255007175776e+01 6.950080398881993915e+01 5.776515935658606793e+01 7.698309179461338658e+01 8.196379833403848636e+01 7.019329061457530372e+01 9.017766616086170472e+01 1.088616539372312531e+02 1.074101225274578155e+02 1.141431984217996956e+02 9.754851752031071044e+01 1.141429750133736292e+02 1.130778294834167923e+02 1.048569367060893569e+02 9.518312210202050494e+01
8.908507556723752430e+01 7.496250583775058374e+01 7.756421560184344344e+01 9.764944708037940302e+01 9.286102431474280650e+01 7.620912303862380099e+01 7.620912303862354520e+01 9.612109708650174866e+01 1.024822960849141396e+02 8.587096218374661305e+01 8.845074770281199505e+01 1.082896902697695651e+02 1.216866501930780942e+02 1.370464931530856063e+02 1.243787395307440420e+02 1.129634673356444949e+02 1.047791463023373950e+02 9.727351417826321267e+01 9.739383621334397390e+01 8.466117844732009701e+01 6.451638974721549857e+01 8.466113587775220140e+01 9.544135798058231046e+01 8.055864063396435881e+01 5.635802279313369212e+01 6.514504778404497642e+01 7.828414690368813922e+01 9.017766616086170472e+01 8.096974781405815236e+01 9.501369413322677815e+01 1.146034768170738971e+02 1.255918347375925492e+02 1.174196578783257650e+02 1.105024124275571467e+02 1.017277513555505664e+02 8.527666238288318823e+01 9.019808273971170820e+01
1.033789426636289619e+02 9.503713797424899212e+01 9.764944709673139300e+01 1.059917467029670064e+02 1.043491360592393704e+02 9.612109755732397787e+01 8.772987897713237260e+01 1.043491333122093323e+02 1.139424555891086186e+02 1.057230938793675818e+02 1.082896967294753097e+02 1.165125862958723673e+02 1.171963009833225016e+02 1.171963009833225016e+02 1.162018492597154449e+02 9.641714737776946720e+01 8.492111026969962495e+01 7.734809726780159167e+01 8.788058256802551682e+01 8.168639926575821164e+01 6.149120486967893129e+01 8.169099126869507188e+01 8.783014654897380069e+01 6.875266067450975527e+01 7.120325712643885652e+01 5.438271091234196319e+01 6.894523035519490861e+01 9.026935754552859237e+01 1.007514086393468631e+02 1.007514086393237847e+02 1.203193369406380384e+02 1.162445701658597699e+02 1.162589226448060629e+02 9.650080927327458369e+01 8.275449775440199573e+01 7.431868964821127577e+01 8.535068707027059531e+01
9.453051285109242485e+01 1.028936844581780150e+02 1.042004210418332377e+02 9.619298562131865538e+01 1.009160570065253779e+02 1.091597516267861749e+02 1.075837150987058948e+02 1.158147288037797296e+02 1.305166454197833446e+02 1.190467179499646875e+02 1.108175066391611381e+02 1.154864402520192357e+02 9.731698355919114363e+01 1.154864403310889713e+02 1.229930969498949622e+02 1.129634673356444949e+02 1.019447484122363505e+02 8.205501433188898375e+01 6.782381749874471666e+01 6.271933873924149339e+01 5.856967537801432400e+01 7.880508561406296053e+01 8.821907465148231609e+01 6.701988353110695584e+01 5.244129676249072247e+01 7.225257890154807683e+01 8.353761107606342762e+01 8.775234692375101986e+01 8.964875507864903170e+01 9.788003482912215247e+01 1.032082517133597861e+02 9.639879974936231122e+01 1.104185835024969435e+02 1.105024124275571609e+02 1.017277513555505664e+02 8.535103545791078261e+01 6.654628821642697289e+01
7.402864728669169381e+01 9.006164661547985872e+01 8.267532441696246792e+01 7.732757653634440942e+01 8.155771003998940216e+01 9.726838346403511082e+01 1.055055985991705825e+02 1.153786116017141126e+02 1.222870796968562956e+02 1.024211964955961918e+02 9.091788901397887912e+01 9.932845709854086635e+01 8.734595042265377174e+01 1.067711359772704469e+02 1.031253334447752934e+02 1.229930969498949622e+02 1.077374794340397699e+02 8.788058256802553103e+01 8.764662944201209882e+01 7.545962495957364524e+01 5.572038209219724791e+01 7.597194807823994722e+01 8.557684162693681174e+01 6.544570678460101476e+01 5.109637041793678947e+01 6.944578774301912460e+01 7.774352518090385900e+01 6.765118127307485452e+01 6.957652567446798741e+01 8.326503947405117856e+01 8.326503947405232964e+01 8.228342051013106584e+01 1.022114913264601057e+02 1.111682048365645272e+02 1.030002596964534121e+02 8.701245796039060565e+01 6.780056521630477562e+01
6.196390317526875435e+01 7.542435098366449608e+01 6.091124895295210706e+01 6.604199483063980836e+01 7.181526855162034906e+01 7.800988453788809807e+01 8.745351382234812831e+01 1.070832531371954417e+02 1.213095650955559535e+02 1.098289402584266554e+02 9.932845709854086635e+01 7.938071621659975108e+01 7.978532848970054658e+01 8.685893037531965888e+01 1.009511062071455711e+02 1.208219307817675343e+02 1.026586066678695062e+02 9.268226642871593413e+01 8.443947282041038704e+01 7.356070964215751928e+01 5.331785600174918471e+01 6.767510478086055059e+01 8.776980272276435358e+01 7.962220921000589158e+01 6.354496854077285661e+01 4.921335097636487177e+01 6.757129427361739715e+01 5.330229908471250155e+01 5.783985932267088970e+01 6.310619428986566248e+01 6.955007289626905731e+01 8.377362074651819057e+01 1.036930028784108373e+02 1.030002596964534121e+02 8.351171919681829081e+01 8.903230044615303029e+01 7.547229247116523254e+01
7.542435098366449608e+01 5.455151681091322047e+01 6.677918703874836126e+01 8.210571057073455847e+01 9.084888383024595271e+01 9.726838347977185606e+01 1.055055985991705825e+02 1.153786116017141126e+02 1.130805551756249656e+02 9.318792592430814636e+01 8.165801999361406160e+01 7.266467501591399980e+01 9.267921014747334141e+01 1.067711359772704469e+02 1.075428853575469503e+02 1.133641927188603091e+02 9.443769031106670298e+01 7.444125532975391479e+01 6.431153718553345300e+01 5.660987177347320909e+01 5.098871923991053734e+01 6.818997950919229822e+01 7.648899631456680481e+01 9.188457344992222886e+01 7.412982219386918814e+01 6.582437507429203549e+01 4.735373561310571944e+01 6.757129427389223508e+01 7.806004802890858230e+01 8.326503947405126382e+01 8.960787269590417736e+01 9.783615607166323969e+01 1.074162338607927012e+02 1.030002596964534121e+02 8.351171919681829081e+01 6.958536975663432145e+01 7.198886772327884387e+01
7.180142587887263517e+01 5.127203513951482705e+01 7.179918364334126579e+01 8.891031359937920797e+01 9.925421249808202617e+01 1.071230751372122825e+02 9.884830377774798649e+01 1.071230751372122825e+02 1.138230347012593882e+02 9.391888665831527305e+01 8.914110677278630135e+01 6.906690316361492421e+01 8.914110677278630135e+01 1.016960266805704407e+02 8.761509745822452544e+01 9.345181139988888219e+01 1.026586066678683693e+02 9.101101523257693771e+01 7.095861667775976400e+01 7.683182429133528046e+01 6.229010829647076264e+01 4.797379978362808117e+01 6.525670791195867082e+01 7.240630924353493469e+01 6.409409321192151765e+01 4.562347362798372785e+01 6.510083963691855047e+01 5.689095507751093805e+01 7.122752059022114679e+01 9.130164065613351454e+01 1.041502962497623059e+02 9.589451994454378791e+01 8.746003996757610821e+01 9.807586071480800172e+01 9.733996201669125981e+01 7.985132153990022630e+01 5.996420301099212935e+01
6.876456772332484491e+01 4.807304582589632247e+01 6.874608313369797941e+01 7.016045979389032539e+01 9.109256338706636313e+01 9.446254518626678021e+01 7.885670704030741263e+01 9.712940485679406777e+01 1.080032983020262947e+02 8.808493233744459872e+01 7.390418374062836904e+01 6.560988702137660766e+01 8.135354875065016245e+01 8.343458003304552051e+01 7.341734866620151934e+01 8.761509745822452544e+01 1.075428853575463393e+02 9.924112351667940857e+01 9.101101523257693771e+01 9.068684809051345042e+01 7.648882321128112949e+01 6.525670791195865661e+01 4.506698881684881286e+01 6.238975248501358095e+01 4.391459049832148764e+01 6.409533686004168374e+01 7.392862429731761154e+01 7.122147296212753531e+01 7.122752059022114679e+01 9.130164065613351454e+01 9.589451994454378791e+01 7.587385106418983582e+01 7.326991452917955883e+01 7.806586694252648329e+01 9.807586071480800172e+01 8.798905008795409799e+01 7.985132153509685793e+01
6.186078725609587536e+01 4.497251094645889680e+01 5.396663353985952938e+01 7.484190304596125998e+01 8.714181116798141602e+01 7.441388938971502398e+01 6.876228048715391594e+01 8.299888481735777646e+01 1.029843956304235917e+02 1.021601104847714510e+02 8.893790997121928399e+01 6.885782663468353348e+01 6.113460494399043910e+01 6.325298854249167135e+01 8.343458003304277781e+01 8.813279278065374456e+01 9.636803161079333790e+01 9.688318175638346474e+01 8.527930917422384027e+01 7.698768964891343103e+01 8.527930917415802980e+01 7.250882756684902120e+01 5.988378744821321931e+01 4.223601654336893318e+01 6.238975248501387938e+01 6.039774396418710012e+01 8.054773852313431348e+01 9.125886094444106789e+01 9.130164065613351454e+01 9.953364590492546427e+01 8.821077949777689753e+01 7.993084867654629022e+01 6.160739239125780387e+01 8.173776921535501572e+01 9.572221698526921330e+01 8.432121836171759810e+01 7.614422487408566553e+01
4.095079484579767382e+01 6.186078725609587536e+01 7.413441789839536966e+01 8.119292260577117304e+01 6.697599556700629364e+01 6.001046993660995099e+01 8.028600471885002321e+01 8.518530802473641472e+01 1.051696625551930424e+02 1.030286780483069577e+02 8.310132272943569376e+01 8.893790997121928399e+01 7.734960124700910455e+01 5.707008844900131805e+01 7.384583509034594329e+01 6.800150233809138456e+01 8.792832001918749540e+01 8.863725641520744603e+01 6.845961488982045751e+01 5.673128348961567724e+01 6.616018511528064039e+01 6.822962979687628149e+01 5.991407250953177055e+01 4.122911720751046261e+01 5.545180966436615222e+01 7.561827291306467203e+01 8.881031447952494773e+01 9.096702523041538768e+01 9.699845820118483175e+01 8.821077949777689753e+01 7.660887999859737363e+01 5.979204567773528822e+01 5.575826713592913109e+01 7.592662997621448540e+01 8.754867594766881211e+01 6.779558730165864233e+01 5.623344382417290177e+01
