MOVIE_S3_data/elevation_000005.asc
nrows	100
cellsize	150.0
xllcorner	0
ncols	100
yllcorner	0
NODATA_value	-9999
[rows 17 to 33 of 100, columns 0 to 36 of 100]
4.336683913182175498e-01 8.612810729749583061e+00 1.871314730635133827e+01 3.305122826012745918e+01 5.307722725047193535e+01 4.253053008864075224e+01 2.512182795681405878e+01 1.728165754149907940e+01 2.019750675259894734e+01 4.015528215052827932e+01 4.848005624196020591e+01 5.668904361013359505e+01 6.670688449009307419e+01 7.488950853013898268e+01 7.168795520601432258e+01 5.277154364874360937e+01 7.168795520601432258e+01 7.152435197148751911e+01 7.152435197148751911e+01 7.048507843487143987e+01 8.388505848708049939e+01 1.032639139628743408e+02 8.706423332531129233e+01 7.030180303997536839e+01 8.706423332515569768e+01 8.291776767383399260e+01 6.864429732609985990e+01 4.902044448938460164e+01 6.864429732610267365e+01 8.433450357564463218e+01 6.436664658076193746e+01 6.510087033080608876e+01 4.642008874574790411e+01 6.348126570915725608e+01 5.784571251263419356e+01 7.708670022826623835e+01 6.965641389863212396e+01
5.385724909496417689e-01 2.053857249094928505e+01 3.382109979803774991e+01 4.210537104549935350e+01 5.210537104549953114e+01 5.327564949826377472e+01 4.248231466834769776e+01 2.379148416374321684e+01 4.015528215052827932e+01 2.445822939973814769e+01 2.853479450709328091e+01 4.848005624196020591e+01 6.314189151485751950e+01 7.458540006780947351e+01 7.967399577397112864e+01 6.612039669890833693e+01 6.612039669890833693e+01 8.512923046317560249e+01 9.064646633707663170e+01 8.956099384430569899e+01 9.769865360797044218e+01 9.372120674571823429e+01 7.874124339096701419e+01 5.892262672253582423e+01 7.874124339096701419e+01 7.461698662877657284e+01 5.490788695728740976e+01 4.389949039809535236e+01 6.339960204584030379e+01 7.814343595607732595e+01 8.430479489318314279e+01 7.363072404438082685e+01 6.348126570915725608e+01 4.432728968308293105e+01 6.348109448633755392e+01 6.599539721212197207e+01 5.741678122795693895e+01
8.336531950628578436e-02 6.750031986172923659e+00 1.382109979803846045e+01 2.382109979803863808e+01 4.382109979803792754e+01 5.431110539202143173e+01 3.448704657149878727e+01 4.371470023178576980e+01 4.898435113279224851e+01 2.903975397420976989e+01 4.848005624196020591e+01 3.501457960012830029e+01 4.655464324590205649e+01 6.641112828802820900e+01 8.081344176102682297e+01 8.512923046317560249e+01 8.512923046317560249e+01 9.322759484903485827e+01 8.769068856358924791e+01 8.924053438561972484e+01 9.513045375962552441e+01 8.470974634055754393e+01 6.551114872180427540e+01 5.205495850214438747e+01 7.173430427095239281e+01 7.411392421542613818e+01 5.852457413389310403e+01 3.908161605858471432e+01 5.022615977201264315e+01 6.986041896335085255e+01 8.518095803399114629e+01 7.311224402712575454e+01 5.390860146222896532e+01 4.286636797688657907e+01 5.999420329623200132e+01 5.695435683775830427e+01 3.726504676118142356e+01
4.524162703296725763e-01 1.045241627032958576e+01 3.045241627032923049e+01 4.210537104549935350e+01 5.210537104549953114e+01 6.251215537418968182e+01 4.850695632051382233e+01 5.431110539202143173e+01 5.719226873907707898e+01 4.316279205954224096e+01 3.659041678046299495e+01 5.494698130379691037e+01 4.285785256157171830e+01 5.284986194590035780e+01 6.688398866313252711e+01 8.656325295045942880e+01 9.192587867960010328e+01 8.190806885126865211e+01 6.777623507605521525e+01 6.930970005527647970e+01 7.514730627592840051e+01 7.640246884342791134e+01 5.666661977221817637e+01 4.596872225791281608e+01 6.551114872180427540e+01 6.585259258864806498e+01 4.628596855551522538e+01 3.503648050723511176e+01 5.455579693598667745e+01 6.532934536453200280e+01 6.532934536453201702e+01 8.121650522253317206e+01 7.006530090325497895e+01 5.436458747641925981e+01 4.080283669468865781e+01 3.934489813048791262e+01 5.161856584124516445e+01
4.402443450947634007e-01 2.044024434509440979e+01 3.045241627032923049e+01 5.045241627032851994e+01 4.783990245174725686e+01 5.612130328419900849e+01 6.832356079849056130e+01 7.411431076983134858e+01 7.122174541861262753e+01 6.203379190399743948e+01 4.213629145342147098e+01 6.203379190399743948e+01 6.274888683501434627e+01 5.353651520524694973e+01 6.756459117839486339e+01 8.724122283111405807e+01 7.948085123436506194e+01 6.375925578698432616e+01 5.390946811503884106e+01 5.542262422991770876e+01 7.514730627592840051e+01 7.551126293987744020e+01 6.028821555507948915e+01 4.080090334737420221e+01 6.028821555507948915e+01 6.478033317245930789e+01 4.519463173362208153e+01 3.126859249036063204e+01 5.093115087076234460e+01 4.571283411703671362e+01 5.953420149018151619e+01 7.932006030189239709e+01 8.168306035775655971e+01 6.802134703202263211e+01 5.188111821977694404e+01 5.858617730320968775e+01 6.084568401655798198e+01
4.237187090225543740e-01 2.034268788239424808e+01 2.984713550205307087e+01 3.370503996359734344e+01 2.785018821872691674e+01 4.783990245174725686e+01 5.535973378612322904e+01 6.364147047353641540e+01 7.363455118861280368e+01 7.021292914275176145e+01 5.366920017337960047e+01 5.366920017337960047e+01 7.346003670030667365e+01 6.500826288348133630e+01 8.149361306289803508e+01 8.265369909999739662e+01 6.279609150185689259e+01 5.153293901045966408e+01 4.424057661274296294e+01 5.758690747611461092e+01 6.579984505098211400e+01 6.724417575199331054e+01 4.764869571123024627e+01 3.635136638812343790e+01 5.593072007555882408e+01 6.102815547824651787e+01 4.750833866939288441e+01 2.758827999219105465e+01 3.430454485067720327e+01 5.400374731522930460e+01 6.682013797499620011e+01 7.508452392848599288e+01 8.832514420966806767e+01 7.908370934896618110e+01 7.105657432777756810e+01 6.733698371357351675e+01 5.943334824759061519e+01
9.142864485297492738e-01 2.091428644852939556e+01 9.787160043194887749e+00 1.370948274018697965e+01 3.370503996359734344e+01 4.536728106285080742e+01 3.537482833958123507e+01 4.536985096405006601e+01 6.534961660822195029e+01 8.162641382019839398e+01 7.346003670030667365e+01 7.346003670030667365e+01 6.984926226997711751e+01 8.469236456061625518e+01 9.286682233291548982e+01 9.099163274598203088e+01 7.948085123436506194e+01 7.118880964565518354e+01 5.758690747611461092e+01 3.805893266148070353e+01 5.194966671813601522e+01 6.013725502152127689e+01 5.201484933807057587e+01 3.216972336136430499e+01 4.671101632362620393e+01 4.086169340565226804e+01 4.224049264756888533e+01 2.222379383640568307e+01 4.418669429168378571e+01 5.292469154464375691e+01 4.719473077132283834e+01 6.682013797499620011e+01 7.439091316155999323e+01 6.044659535124609562e+01 6.301158891860289657e+01 5.368191892081476624e+01 4.039452510395361884e+01
9.064013007315497861e-01 4.441935206665578839e+00 1.855043450981668229e+01 3.360014838423640526e+01 2.037614060472456856e+01 2.537611538358775931e+01 4.536728106285080742e+01 6.364147056995349061e+01 7.363455119421227835e+01 7.137426600065110449e+01 6.988143222008430655e+01 7.816556839746290564e+01 8.952614049156223075e+01 9.771430202202229509e+01 9.106089950635491448e+01 7.955444547968075142e+01 7.126594312565615041e+01 6.432570067020708393e+01 5.845576847918376018e+01 5.194966671813601522e+01 3.219646036058352934e+01 5.194966671813601522e+01 6.020701788696765533e+01 4.671101632362620393e+01 2.634678613892717536e+01 2.325844911748472299e+01 2.182505640290340310e+01 2.223556758518637366e+01 3.655374057142599753e+01 3.324127932150938136e+01 4.719473062480218317e+01 6.682008735119678988e+01 6.618673453941140394e+01 4.726315514399954765e+01 5.286281988112820329e+01 3.025966406364198846e+01 2.868580691065472621e+01
3.063610709598194592e-01 2.030636107095946485e+01 3.247527320624598701e+01 4.574525916819168003e+01 4.036948964303459064e+01 3.951413050627422052e+01 4.170010424792776149e+01 6.168434668579274671e+01 6.552425117928734721e+01 5.139000243885952557e+01 4.989872377518079816e+01 6.402431802433606833e+01 8.402175674782795056e+01 8.278888948882196530e+01 8.272687540890696312e+01 6.287595839221015126e+01 5.163597311234884302e+01 4.485733804775397715e+01 3.902377175354483541e+01 3.366483686443179124e+01 2.827270105039793435e+01 4.406655765207148789e+01 4.718843900058226382e+01 4.066823671002899943e+01 3.706465093123080123e+01 2.124948569899057560e+01 4.165765435917498394e+01 4.265513188795316069e+01 2.282033101773311046e+01 3.990561444917427991e+01 5.014945462748021754e+01 6.567907653709582405e+01 5.635979384419391636e+01 4.982581033509482893e+01 3.542764004471157335e+01 2.800870788566366443e+01 4.806559629387829347e+01
2.739570439748240105e-02 2.002739570439712580e+01 2.406505488930423198e+01 3.820719051303468206e+01 5.820719051303397151e+01 5.949803651920803560e+01 6.168434668580091795e+01 5.700813299923981958e+01 4.873067536600109406e+01 3.727948250623035875e+01 5.139000243885952557e+01 7.137426600065110449e+01 6.646111776174670638e+01 6.279153480483390126e+01 8.278888948882196530e+01 7.955444547966908431e+01 7.126594312565615041e+01 6.432570067020708393e+01 5.845576847918376018e+01 5.153172257404686007e+01 3.228014083068603668e+01 2.380262470502185934e+01 3.409408050974090543e+01 2.027082764391222014e+01 2.067767313727609846e+01 4.101437584063377528e+01 4.973500059314543620e+01 4.306358834328509744e+01 2.323853858659561666e+01 3.260596202665804100e+01 5.327684846031918653e+01 5.130685411127640094e+01 3.121294291046343972e+01 2.685777345735189670e+01 2.733182983370292618e+01 4.748546021959811014e+01 3.898970866320055961e+01
1.758338105654860817e-01 7.735123270749997282e+00 2.187725889448120142e+01 4.187725889448049088e+01 5.756679692909484913e+01 5.603370949319831595e+01 4.775834089159837248e+01 4.873067536600109406e+01 2.877445094129044989e+01 4.773910344783212878e+01 5.220152830465337246e+01 5.704303470882985749e+01 4.648234658425995747e+01 5.801035411987044910e+01 7.800507557792755620e+01 9.057368198541668391e+01 7.091234139287666949e+01 7.091234139287666949e+01 6.763226178765927443e+01 4.889772753416470152e+01 3.726686731063382041e+01 2.641643573810879175e+01 1.969045013424593193e+01 4.008945426161995584e+01 2.216519318092371194e+01 4.594289121027226486e+01 4.940654145391479801e+01 3.064097482533517081e+01 2.366242925728786872e+01 4.406676215188746681e+01 5.150857387654988173e+01 3.861394283966613017e+01 2.619369518562810484e+01 3.827733956386072123e+01 3.211576689555526087e+01 5.181408157041541784e+01 5.858051577207159966e+01
4.683972685643240652e-01 2.046839726856396879e+01 3.601939451821089477e+01 3.758046813487138138e+01 3.758046813483741033e+01 4.450631677399146469e+01 2.779747921152995360e+01 3.905813396496326106e+01 2.361881073100391504e+01 2.778315416416520023e+01 3.224495765597987429e+01 3.708099241730675288e+01 5.704303470882985749e+01 7.474517071999113682e+01 8.629048636212866086e+01 8.478480313335832363e+01 6.516617959646717395e+01 5.142925372054857291e+01 5.966377548076336979e+01 6.264432271117212281e+01 5.225505074686822127e+01 3.962371029397289846e+01 1.927953947865659856e+01 3.948334122910520705e+01 4.614431897818516148e+01 5.437638288409542042e+01 5.760180102814030079e+01 4.905192092945740967e+01 4.157662883626356631e+01 2.427601697711190454e+01 4.468432413983468621e+01 2.554053227722307184e+01 4.586516034848752099e+01 4.468613946150360761e+01 5.157739623975825793e+01 4.243708293019169275e+01 6.275590133368502421e+01
2.051881798473268459e-01 2.020518817984697080e+01 2.529846570912178194e+01 1.759647227895427690e+01 2.997371992828619014e+01 3.242608489275082917e+01 1.626499439003792702e+01 1.909286717125707611e+01 3.905813396496326106e+01 4.773910344783212878e+01 5.220152830465337246e+01 5.704303470882985749e+01 5.118967115532931444e+01 6.531677730449796115e+01 8.531562570542740787e+01 7.971974068482339248e+01 6.008990009795116549e+01 4.890925264683173879e+01 4.023588653803287940e+01 5.231935664132722508e+01 4.804367132240821547e+01 3.929686748757582393e+01 1.886680703820339744e+01 3.854869277301394703e+01 4.227000836249570881e+01 5.137403702325791244e+01 6.334020239538512698e+01 5.746314446134489629e+01 3.759497002205459637e+01 2.603397337982816495e+01 2.490300072747842108e+01 4.443487429791725418e+01 3.039033544382147412e+01 5.017209499119439187e+01 6.205210204843504584e+01 6.275603206639488008e+01 5.689678308294499232e+01
8.187695587851057111e-01 3.054837533547514195e+00 5.305013285869605077e+00 7.599170143896627039e+00 9.989623933477792761e+00 1.245143615672046522e+01 3.242608489275166761e+01 3.890164937713274895e+01 2.976677534631608069e+01 3.974257194180492547e+01 5.385184395098792720e+01 7.381296699571049658e+01 7.117430438520122493e+01 7.000705001404713812e+01 7.876154630665668321e+01 8.795594905409097919e+01 7.656485573279704226e+01 6.779472392451006613e+01 5.231935664132728192e+01 3.265587587059906127e+01 2.798492299549504736e+01 2.347265047943710670e+01 2.122904415716965687e+01 1.828661698601477781e+01 2.316104212223607917e+01 3.379203327160924175e+01 5.443325039822327938e+01 6.575974429827570589e+01 5.415990753405144176e+01 3.756667553278882821e+01 3.298113519753773204e+01 5.278270152977157892e+01 5.027395237342406631e+01 3.519376377071711204e+01 5.477687635692794288e+01 6.789582207961443316e+01 7.690151044531540947e+01
2.311624522989861319e-01 2.023115867914616928e+01 2.529846499161282125e+01 2.758847020692268615e+01 2.452891578194803301e+01 3.242608489275166761e+01 2.308595632255325469e+01 4.267973048877991715e+01 4.971962073025862594e+01 5.798937058063854266e+01 6.796887613045170440e+01 6.520426342393599839e+01 5.634343172659337995e+01 4.839542499968575839e+01 6.368535104368298505e+01 8.523083451863779203e+01 7.809896308782354879e+01 5.976858155804147543e+01 4.651007390222637383e+01 5.197541711238369544e+01 3.213163890833404679e+01 4.382889645743024687e+01 3.808030185871831463e+01 1.787704060491266489e+01 3.788570934409309388e+01 5.000298867877626918e+01 5.498221860295061703e+01 6.280512628461854518e+01 6.610983486566426848e+01 5.758737098621986661e+01 4.302026687144000761e+01 6.131056428086755261e+01 5.116192830286849613e+01 5.477687635692902290e+01 4.025711851791631801e+01 5.971667661849716779e+01 7.440768443302712853e+01
9.845726073866658545e-01 7.260764848199630528e+00 2.693060466104473250e+01 4.303406227471813850e+01 4.612946772765031511e+01 5.081623497108785870e+01 3.430965153125381306e+01 5.081623497108850529e+01 6.197592114242983286e+01 5.314374142311286420e+01 5.527872655956756631e+01 4.647084378373975255e+01 3.539593404503219887e+01 5.634311042726637453e+01 5.699631588072363542e+01 6.615186366613239954e+01 7.979990522760452620e+01 7.353580782047168896e+01 6.119116566521697109e+01 4.164117641612049425e+01 5.197541711238356754e+01 5.167373709846204832e+01 3.203156559185522667e+01 1.746762513723118460e+01 3.727151709135833357e+01 4.058369699364857297e+01 3.479445790047500253e+01 5.497860832496017025e+01 7.111012322222023840e+01 7.128887880016219469e+01 6.322655794522775352e+01 7.181997794804844659e+01 6.490750461161159990e+01 6.588548156336024419e+01 4.637800749628339503e+01 4.670773055947785934e+01 5.789575749548050965e+01
3.295302290958179725e-02 2.003295302290922564e+01 1.686270535075021471e+01 2.443016976688132402e+01 3.746608425858129010e+01 5.647635031625870994e+01 5.157674055696725901e+01 6.092524133544781506e+01 5.314374142311286420e+01 3.264489254288624664e+01 3.864885951619638860e+01 2.652530815577340206e+01 4.647084378373975255e+01 4.440015102232414534e+01 3.550209806356964748e+01 4.761387973218550229e+01 7.084041295480379574e+01 7.502869362836781875e+01 5.545711455913983912e+01 5.545728671504291896e+01 6.932759192358257394e+01 5.055126146719400282e+01 3.054359346771466832e+01 3.024990932320966053e+01 1.688963847396341578e+01 1.994199123989933753e+01 4.058997340123145392e+01 5.562350821112055854e+01 5.202268385349756130e+01 7.111012322222023840e+01 7.130755582028804440e+01 7.935968267050571967e+01 8.438890594652649213e+01 7.282554697795515608e+01 5.319607771180200473e+01 6.621145322012459644e+01 5.459220509398318910e+01
