MOVIE_S3_data/elevation_000303.asc
nrows	100
cellsize	150.0
xllcorner	0
ncols	100
yllcorner	0
NODATA_value	-9999
[rows 68 to 84 of 100, columns 37 to 73 of 100]
1.130866748072174204e+02 1.135554206499607943e+02 1.044176373312422044e+02 9.596551053177090296e+01 8.003194573100691400e+01 7.781931133849225546e+01 8.691457303693235303e+01 6.690238531050299287e+01 7.960715527507004197e+01 7.336505889745255615e+01 9.029576416017299323e+01 9.213375623707523232e+01 8.379185497768382618e+01 7.489494601610543612e+01 6.664308289778290373e+01 6.066117639888445723e+01 4.180210351439255589e+01 6.129362698009029486e+01 7.740546485448598446e+01 7.127385735487925444e+01 6.723288416351483932e+01 5.190722387601810794e+01 7.139714268119726626e+01 8.432844719405048295e+01 1.009392836533755826e+02 9.103386917164394276e+01 8.258854528513489868e+01 7.919367734650059276e+01 5.921260507481771640e+01 6.994436592033441968e+01 6.645221844227978636e+01 5.237050011545004224e+01 7.206548391646178686e+01 6.584837885126906087e+01 8.001520731605693015e+01 9.509251613613437826e+01 8.148999144716447063e+01
9.299209222690906529e+01 9.957103081852766024e+01 1.079045639727400498e+02 1.087517450870879969e+02 1.003176227133714207e+02 9.808309723636395461e+01 9.251097685734359288e+01 7.233285592464808644e+01 9.251097685734359288e+01 9.353843623982834288e+01 1.019762229885408544e+02 9.346396278330951191e+01 7.338558259965488162e+01 6.758226627839925982e+01 4.760348463170492295e+01 4.397676607319322528e+01 4.227466534426473999e+01 6.174160445853760137e+01 6.219001013965826985e+01 5.445180805894067788e+01 4.780317848623496246e+01 6.719461847731574267e+01 7.488696927513953483e+01 8.180493024156997706e+01 8.534698153558272793e+01 8.254413981992108518e+01 6.263046903822377232e+01 6.844983860191344149e+01 6.325830532082513002e+01 5.053272387082864014e+01 5.129068066050795949e+01 7.111524924941286940e+01 8.038640158456081508e+01 8.610386208599892655e+01 9.469196264253264417e+01 1.091912450284237934e+02 1.021484881266825511e+02
7.879965902003125677e+01 7.949260187774493147e+01 9.108040589435528034e+01 1.111694401589524830e+02 1.161374685763722141e+02 9.563529858859807575e+01 8.388042114077062195e+01 8.388042114077062195e+01 1.009595596555170260e+02 1.019942388724336979e+02 9.353939570337527698e+01 8.639915516598131262e+01 7.338558259965488162e+01 5.370557945604838324e+01 6.758226627839925982e+01 6.368576621173757246e+01 5.564559733077236814e+01 4.293820847385934769e+01 4.340420633180039545e+01 4.386431457054200678e+01 6.322286443229066322e+01 5.583514798523740552e+01 5.620617603486123670e+01 6.735758076179465093e+01 8.006786816953420782e+01 7.247093227985939734e+01 6.681155970597627913e+01 4.886996456903120389e+01 4.955506908429763513e+01 6.544499875588061855e+01 5.216696117487607154e+01 7.239467969793324187e+01 8.355669753571221747e+01 9.446321430586660028e+01 1.029332321425486612e+02 1.033356243801155046e+02 9.746691220698731684e+01
6.873399526349842859e+01 8.883865910979972114e+01 1.079045639727400498e+02 1.195115161172103484e+02 1.245445918203275824e+02 1.127424222799554201e+02 1.043005352149593392e+02 9.829979408146532194e+01 1.053441745095801707e+02 8.489769784512098738e+01 7.334374569019774981e+01 6.643605321621301130e+01 6.059670236419661649e+01 6.753437271947049680e+01 8.173242157334688329e+01 6.899140226931064035e+01 4.950659844730218140e+01 5.255935529002722717e+01 6.274379060429221511e+01 5.619348321725920670e+01 4.451293775411306797e+01 4.496740810207433015e+01 6.287039415293170919e+01 6.529276229321104097e+01 6.596988299028505764e+01 5.061538673638353458e+01 4.791038168516795537e+01 6.745513969601034887e+01 5.937668484753811526e+01 7.431461381185125958e+01 7.239486956055260691e+01 5.472278964638259424e+01 7.513480980492565209e+01 7.417520875382660961e+01 8.381295284139977753e+01 8.242035101949683451e+01 7.866597015962791772e+01
7.090350272590441705e+01 8.251522879019013601e+01 9.670743275628962010e+01 1.168127296150021408e+02 1.107068228329900705e+02 1.023489749232588366e+02 1.107068228329900705e+02 1.187876058437306170e+02 1.137891074545909191e+02 1.019942388724337263e+02 9.353939570337527698e+01 8.639915516598131262e+01 7.033845790934988429e+01 8.751165284855629523e+01 7.643630625435010018e+01 5.673894177518204884e+01 6.899140226931064035e+01 6.377804513772499462e+01 7.751948913604040570e+01 5.837423050058689711e+01 6.393951197622136107e+01 5.396165129452451481e+01 4.560436488052306458e+01 4.605747731904367726e+01 4.650901945058923559e+01 4.695982692045495099e+01 6.552144910748700113e+01 7.534177876993429379e+01 7.744780042485592730e+01 8.598889168819064821e+01 8.356296405856760146e+01 6.921532889154298118e+01 5.786739848569606437e+01 7.789950293400552539e+01 6.390318539773721795e+01 6.596014260126102613e+01 6.807152535628144108e+01
8.608625819072643992e+01 9.318705598527279221e+01 1.015153665768978897e+02 1.131148034296887062e+02 1.006469034400194573e+02 8.225307394915196824e+01 1.006469034400194573e+02 1.099697969557769852e+02 1.169239530905276325e+02 1.163639212701136643e+02 1.080021428299826169e+02 9.886239656356504213e+01 8.445140044226388909e+01 9.286758396838889951e+01 7.274346085770895343e+01 6.316489011188357239e+01 8.307201432558339604e+01 7.776257552410537244e+01 8.615517643616756516e+01 7.810407849386858459e+01 6.934492870098932826e+01 4.977031312976773592e+01 6.539294782005771367e+01 6.560093472337742071e+01 6.146902977983111782e+01 6.645940552845611649e+01 4.782597507490576305e+01 6.221803373795719949e+01 8.346035270377437598e+01 9.508458653439852526e+01 9.791059922558784478e+01 8.438567464860574319e+01 6.402519280750351527e+01 6.093507287744653667e+01 8.072497337515835625e+01 8.602119688282232346e+01 8.831686682486031259e+01
6.596937049488174409e+01 7.310296689584004071e+01 8.470210183671643733e+01 1.047777189021469155e+02 9.230102443620539532e+01 7.219933024909443020e+01 8.150391118325136119e+01 1.016130248721819385e+02 9.678275526372760851e+01 1.047429616702722086e+02 8.789849992900423103e+01 1.047429616702722086e+02 1.048351040421577807e+02 1.012839648248944684e+02 9.068360887737819098e+01 7.054522261267483429e+01 9.068360887737819098e+01 9.782954315197014239e+01 8.867314204912717912e+01 7.420517086176050725e+01 5.446544072930662850e+01 6.934627413705172216e+01 6.200901206757225026e+01 8.196957815060410724e+01 7.986355011797105874e+01 6.806191047933229754e+01 4.844331078139155267e+01 6.627071765023087835e+01 7.573827761344074361e+01 7.374415046617910718e+01 9.551563669902616027e+01 9.745915044298649832e+01 7.815488453306448946e+01 8.073654109967139902e+01 7.060384165130199108e+01 9.086810908980500301e+01 1.005233913512923181e+02
8.371507498880207265e+01 9.318705598527279221e+01 1.015153665768978897e+02 9.735472937613485556e+01 8.519400229968319138e+01 6.506631812903798107e+01 8.519400229968319138e+01 9.941718091567406645e+01 8.257316976385916973e+01 9.639529918941067876e+01 7.630296240364275207e+01 9.639529918941067876e+01 1.001855769646415979e+02 1.085379283209809813e+02 9.911586908718038558e+01 8.471256376397643351e+01 9.911586908718038558e+01 9.456264812062451597e+01 7.426353483988536652e+01 6.029397316672066864e+01 6.091544002548619829e+01 8.085003627623326850e+01 7.601800784023424740e+01 9.042533092494257119e+01 8.305033616180486433e+01 5.215170138205343164e+01 4.906752484881345566e+01 4.996626285143066326e+01 5.758042887782083596e+01 7.707010788690169534e+01 9.530700484870568800e+01 1.045794834796724899e+02 1.003805779497961339e+02 9.937281889419718084e+01 8.057489444008875523e+01 9.937281892272928019e+01 1.104856323697837723e+02
7.783001603289527282e+01 9.792286413551740054e+01 1.032341936268205274e+02 8.311614029162062423e+01 6.888270543282357039e+01 5.966579514976584875e+01 7.981465243141551014e+01 9.041715000634441424e+01 7.095658423027616379e+01 8.929158539386034477e+01 6.918153822212644855e+01 8.376645480068346217e+01 8.007634130158147912e+01 9.791316091970124091e+01 1.095280248247117214e+02 1.050989869716942309e+02 9.890912207084555519e+01 7.847160820024288341e+01 6.699424920839862807e+01 8.021003768295480540e+01 6.831307337559874782e+01 8.850048277081643278e+01 9.633117227386242121e+01 8.987680477089149633e+01 6.948615348555119908e+01 6.026257393485543901e+01 6.804095765944703089e+01 4.996767551363583237e+01 6.982476276202304177e+01 6.556913719530784590e+01 7.511483894989474663e+01 8.986794270003322538e+01 1.109190356540313047e+02 1.096537345699743611e+02 1.011613390106573007e+02 1.096541767012862323e+02 1.189653839313487964e+02
9.792286413551740054e+01 1.062552772675867487e+02 9.954604954854936238e+01 8.792514212010523522e+01 7.477743811100310722e+01 5.462994276679330596e+01 7.477743811100310722e+01 7.200858126139489457e+01 6.194096640472662330e+01 8.207619611806319426e+01 6.279375883397469948e+01 6.363158825781078320e+01 6.946215371535977567e+01 8.107753482558983649e+01 1.011745488632994494e+02 1.187330543474641331e+02 1.074415075785250195e+02 9.273571756435379143e+01 7.245016631868655566e+01 9.273571756435379143e+01 8.248639017786402405e+01 8.473260331155772462e+01 1.053157624847553109e+02 9.808138520129193694e+01 8.692940365310762729e+01 7.888138730164489232e+01 7.020400960757378073e+01 5.061288285544075194e+01 5.244937661584132371e+01 8.540249965034121260e+01 9.530700484870568800e+01 1.045794834796724899e+02 1.003894997251368011e+02 9.494628290149204020e+01 1.023701321977829934e+02 1.109403911379223047e+02 1.229516176608759110e+02
8.519539266470681582e+01 9.352274051775687269e+01 9.119859412198152882e+01 7.108075600074270994e+01 5.944293295134131938e+01 5.046333367746510845e+01 6.529444627208998497e+01 5.188750741875070815e+01 6.874649701776483823e+01 7.197125246276097243e+01 5.670238877912810693e+01 6.835568991319111376e+01 8.847770116566131549e+01 8.021755503716052260e+01 9.025758980066400738e+01 1.103684082822597219e+02 1.133552200478309828e+02 9.273571756435542568e+01 8.138350614451607612e+01 8.895277228169838679e+01 1.030511995702126313e+02 1.053157624847557372e+02 1.086770671734123823e+02 9.552585189122164877e+01 7.539244025884347877e+01 6.166197381187673443e+01 7.094722385388179475e+01 5.126164361008031278e+01 6.606728933814464710e+01 8.476918559700992262e+01 8.267639324394774292e+01 9.107784125840926492e+01 7.956740960306844102e+01 7.419495695746535091e+01 8.137229299625026613e+01 9.352532717569570764e+01 1.144515794335518422e+02
6.509021262711235067e+01 8.519539266454606263e+01 8.876621547243352950e+01 8.127784435766992033e+01 7.293683020912608583e+01 6.529444627208998497e+01 4.525957833368008920e+01 4.560499615330213885e+01 4.865128853233081685e+01 5.183266116343552454e+01 7.197125246276097243e+01 7.686025255241143839e+01 9.682027277270803722e+01 1.003129990414628026e+02 1.086654573094486125e+02 1.187330543474641331e+02 1.179903477208331282e+02 1.104608812577740622e+02 9.316205378637508261e+01 1.095678937949591187e+02 1.180857271142594271e+02 1.148060783169475911e+02 1.001178441119756428e+02 7.965473668697404719e+01 6.849331128429990656e+01 7.492898709769069399e+01 5.173045509663713659e+01 5.191266271972286717e+01 7.154292864855287348e+01 7.306028490995808511e+01 6.461269282882213361e+01 7.786503787377488095e+01 6.564311697980154747e+01 8.566605860134484374e+01 1.023701321977829934e+02 1.109403911828674580e+02 1.109431507091710500e+02
7.097888352070594919e+01 7.235348013672403056e+01 6.866480204112278329e+01 7.293683020907826631e+01 5.286177873979681152e+01 5.874162518248039788e+01 4.177921586318227298e+01 6.175274852723336494e+01 6.874649701776483823e+01 7.197125246276097243e+01 8.031241456483982688e+01 9.698317951354677291e+01 9.724733486171399477e+01 9.945954199786687866e+01 1.078725020560491004e+02 1.052150714495124646e+02 9.779086233301055131e+01 1.121081036509529838e+02 1.138832209888850429e+02 1.223953068427272797e+02 1.182825856729397742e+02 9.743888629096022669e+01 8.553988719395313467e+01 7.662188436432494143e+01 8.830346353169478846e+01 8.330692390897178257e+01 7.482344097545504269e+01 6.715195467772568350e+01 5.283292138784960201e+01 5.350532207552689812e+01 5.418206530064096427e+01 5.878023599443027791e+01 7.809838240103779583e+01 9.007974933913909865e+01 9.857277713829448373e+01 1.077943459739503709e+02 9.925350006180109119e+01
5.707435516713585599e+01 5.229496250120774192e+01 5.448810514368128821e+01 6.672468896306136799e+01 5.874162518150106393e+01 3.880496709000543376e+01 5.874162518248039788e+01 7.008748295120764737e+01 7.548523224276782173e+01 7.768625501112256870e+01 7.710598460175917523e+01 8.537920469468768658e+01 7.709745967344848339e+01 7.929984885970212360e+01 9.934966051535349152e+01 8.507971417553650895e+01 8.357936665691870814e+01 1.037071546266252255e+02 1.116149784657447697e+02 1.199905007254363909e+02 1.267876683452436879e+02 1.116613129813040644e+02 9.090913944579510542e+01 9.698731034955596897e+01 9.930713494518246875e+01 8.917436970184772349e+01 7.650004249981864746e+01 5.679245793608130555e+01 7.249847534295417972e+01 7.318651639817092303e+01 7.387634022105550002e+01 5.515903681986737439e+01 7.486425191341575669e+01 6.996985644208726285e+01 9.007974933964062814e+01 9.594179798470962339e+01 7.876165124845991272e+01
3.711593653410477600e+01 3.820250106977506022e+01 5.128945917851979885e+01 4.670697341482185294e+01 5.386076033517299066e+01 3.678403107376448844e+01 5.670684853652548441e+01 5.920920673387773547e+01 5.537917396295195971e+01 5.747397416114274193e+01 5.700050038374482142e+01 7.221632732107424602e+01 6.284768341449030515e+01 8.299922147094889624e+01 8.197953597045021468e+01 7.085778220164408481e+01 9.097722377758353218e+01 9.518126442306855495e+01 9.148203152404087746e+01 1.091935938930311067e+02 1.175377314769224597e+02 1.201934535958097143e+02 1.116613129813351151e+02 1.053122904933346717e+02 8.477972372046180283e+01 7.064740017792475157e+01 6.092485039232413158e+01 7.650004288555402354e+01 8.491561021228056916e+01 8.641719008736252761e+01 6.640691423371670510e+01 7.486425193221661800e+01 5.614615760086886098e+01 7.585990767305408156e+01 8.398737685583283508e+01 8.248675663575865258e+01 6.737336379874426484e+01
4.827780095495885604e+01 3.006525047616860391e+01 3.134007133919363852e+01 3.264086766165946329e+01 3.394822021774606213e+01 3.571202448073395885e+01 3.748586123128580994e+01 3.927091123542357565e+01 4.130637099568940585e+01 4.336778873122961642e+01 4.547159001521762178e+01 5.208863161557944466e+01 7.126767719620025332e+01 7.375138202915084662e+01 6.182475729010710097e+01 8.012115297557289750e+01 8.357505959897494563e+01 7.507666490144204374e+01 9.516478386766745245e+01 8.908434747521310726e+01 1.032873004812008162e+02 1.234250652198247309e+02 1.191355323324406754e+02 9.846079984638019766e+01 9.783639808308335262e+01 8.394677074667018246e+01 6.405862041253566019e+01 7.798057803432546109e+01 9.835043404972262238e+01 8.641719009489189318e+01 8.044233196924253093e+01 8.427130800570459712e+01 6.996985644197563659e+01 5.714026388006708856e+01 6.680710738078015254e+01 6.266883372584445056e+01 8.248675663575862416e+01
2.834191390380682307e+01 4.102777153960528267e+01 5.128945787353908514e+01 3.585615823934470114e+01 4.024692731095056786e+01 5.557841896941069137e+01 5.740820151802117977e+01 5.920920557132219386e+01 4.473972064306189367e+01 6.336430675314353778e+01 6.551295054237471049e+01 4.873108679144009869e+01 5.111582715899056240e+01 5.357366858382253838e+01 5.657696593339228741e+01 5.995480886123127817e+01 6.343542387462834142e+01 8.356404599694610624e+01 7.638869597832466241e+01 8.642579129995877452e+01 9.801207202078393266e+01 1.181493936788838113e+02 1.130933262349240920e+02 9.239980896446304826e+01 7.801638065875626182e+01 6.922131004077525063e+01 8.394677074667018246e+01 7.647115347901063842e+01 9.681050808412163633e+01 1.068733413246855974e+02 1.008417736153647013e+02 9.857273763648625220e+01 8.528181804826486712e+01 7.686165947303994983e+01 5.813600762673501521e+01 6.677436266315233127e+01 8.551311232264821172e+01
