MOVIE_S3_data/elevation_000471.asc
nrows	100
cellsize	150.0
xllcorner	0
ncols	100
yllcorner	0
NODATA_value	-9999
[rows 0 to 16 of 100, columns 0 to 36 of 100]
7.773770046158816616e-01 2.077737700461552706e+01 3.661874008716677764e+01 4.816766347680701443e+01 6.045706754947729422e+01 6.047423091420596108e+01 6.806630399654675045e+01 5.159519695135306705e+01 4.096110113574277278e+01 3.640750455856754542e+01 2.674908096800827551e+01 2.009733526332821540e+01 2.037678704824801201e+01 2.384974781367272456e+01 2.537223932574359608e+01 7.131268094092718890e+00 7.384316333466801829e+00 7.638892584551498111e+00 7.894795215972496116e+00 9.391122590377072754e+00 1.772366104654521735e+01 2.246885903730836631e+01 9.121001978638719976e+00 9.373298946050059754e+00 9.627113787370053188e+00 9.882909588392662315e+00 1.013976133627209464e+01 1.039694527953873582e+01 1.065426397688732862e+01 1.091184143506749038e+01 1.136864239379168851e+01 2.868224390461537254e+01 3.667543396579137038e+01 4.626505818485830446e+01 5.515088419218071181e+01 6.447392286384456384e+01 5.664565177399450846e+01
1.667217412783970065e-01 8.331687551303582850e+00 1.987869408053484932e+01 3.987935968624772443e+01 4.205446833593138933e+01 4.293632313318308746e+01 5.988228795362216772e+01 3.835495778803141320e+01 1.960597376264707847e+01 5.654860299980397187e+00 5.757683646327895310e+00 6.013779058826456136e+00 6.270037233357371065e+00 6.522769585837407291e+00 6.774686102669461363e+00 1.476346114472994664e+01 2.002987537848323640e+01 2.347546022201411731e+01 1.930947568808251447e+01 8.256603629751099405e+00 8.511505662267230932e+00 8.764634863114817875e+00 1.392892969260525327e+01 2.059588454903747490e+01 1.516952949501667547e+01 2.639350651493265687e+01 2.765237412171038400e+01 2.414364984386590507e+01 2.814602009424224249e+01 2.950725596633781223e+01 1.127519614072694054e+01 1.381051710082110517e+01 1.882229537253318341e+01 2.728795859408564084e+01 4.651863162271741459e+01 5.246097005718306150e+01 3.542890489265246146e+01
2.375235533300354973e-01 2.023752355332968023e+01 3.660971414927755774e+01 3.849624375548511068e+01 2.884973563589647938e+01 4.313953045631588168e+01 6.120682731938387633e+01 3.800059261262304489e+01 5.908417248054181670e+00 5.404009873942863251e+00 1.665353450709336158e+01 2.584104758619184494e+01 2.708544042746004976e+01 2.165649878640041592e+01 2.684232852739389585e+01 1.299397824370574739e+01 1.748657300357369238e+01 2.531528345933563529e+01 3.394687863084181600e+01 1.858900470140995864e+01 3.075202652915456270e+01 1.759150227267737776e+01 1.705136466002937468e+01 2.788644109117963765e+01 3.447967216710556215e+01 2.290813543257936402e+01 3.879565937099362571e+01 4.245164687924540203e+01 3.394854924747297531e+01 1.173348326492350147e+01 1.342040034245678015e+01 1.187268676973476822e+01 1.437845597752917826e+01 3.330714004445532339e+01 4.910805177238165697e+01 4.391988931802645624e+01 2.379131202513374532e+01
2.578281697790204552e-01 2.025782816975571876e+01 3.849597766205921801e+01 1.863922356634638788e+01 3.849624288097991354e+01 5.388768712702071184e+01 5.920891691941745449e+01 4.830232542337435575e+01 3.159130107149685074e+01 5.150563751487542419e+00 1.426719240764330188e+01 1.457710328481123696e+01 3.589703328297443363e+01 4.331100354957068532e+01 4.405771368805243782e+01 3.579116368671420645e+01 3.477425237986424378e+01 3.305715156505584673e+01 4.448066239052589310e+01 2.825117126044882454e+01 4.261388265813740617e+01 3.835254758032834133e+01 2.756873612792151818e+01 4.366522740649239864e+01 3.185305806091810510e+01 4.255353900594693783e+01 4.995288434250163334e+01 5.777337031476204032e+01 3.336543408373725583e+01 1.205765995800352997e+01 2.516528576829940178e+01 2.577584165584088183e+01 1.245791231376667341e+01 3.289823113820207112e+01 2.820599418951622539e+01 3.429429876626616647e+01 1.878316667067979395e+01
6.835178870107115889e-01 2.068284912195385061e+01 2.589738595842568358e+01 1.258890211843382012e+01 2.502590100149863162e+01 4.626873215148949470e+01 4.348184335234693521e+01 5.369515161447875329e+01 2.941915705087977884e+01 4.897095877814083842e+00 8.867543696336504411e+00 2.501838937688431486e+01 3.518835521528654908e+01 4.633011146560922100e+01 5.256382892824773734e+01 5.171407836586492834e+01 5.365934450490604490e+01 5.340389117781242589e+01 5.560068087339652720e+01 3.844222959296510567e+01 5.589308095434290635e+01 5.630076515115593594e+01 4.123520798681661859e+01 5.716185676568955643e+01 3.992006413288262223e+01 5.920478655405549517e+01 5.431687465521468994e+01 4.556187096870981890e+01 3.416795222558734224e+01 1.238011867311879932e+01 2.875106142012507604e+01 3.635472484430674456e+01 2.712386011310271883e+01 1.304354101516061526e+01 1.347237890548058559e+01 1.393140588034456329e+01 1.442726963445527844e+01
8.765780624806145394e-01 1.937801850493391242e+01 5.551526375613944353e+00 2.471176250515431150e+01 3.687849880515970824e+01 3.775432221391034915e+01 3.185707624534193982e+01 4.861463755532429332e+01 4.157804343628924215e+01 2.567226582827699488e+01 4.537994797884470799e+00 4.763459412881907440e+00 2.484527367962531841e+01 4.068029419747286113e+01 3.698537930275897168e+01 3.551339307419974745e+01 4.714824405258545426e+01 6.406414227310500564e+01 6.485344759375097112e+01 5.851358550768593147e+01 6.718661913255596119e+01 6.791858065364077390e+01 6.038172209765052401e+01 6.701899005761127626e+01 5.182675729635727180e+01 6.063637638488096115e+01 3.931780870890951718e+01 2.469599295196195143e+01 1.862786759810988713e+01 1.270118974189832706e+01 2.474583157168344982e+01 4.100658746703677338e+01 3.782640074806618458e+01 1.918245037357236882e+01 3.369374790526014607e+01 3.436041471626242583e+01 3.482279209830370093e+01
3.336530771559016451e-01 1.886872842259782956e+01 9.899105122846503235e-01 1.563936896271793309e+01 2.797982093625469702e+01 1.989024387257146387e+01 3.774337336107768692e+01 4.594863389571295187e+01 3.750312343457021313e+01 2.556207004144451389e+01 4.284042624412694344e+00 2.202294714567672074e+01 2.957038899459330139e+01 3.344872500639808521e+01 2.589414824337287158e+01 4.266819994198800714e+01 5.838391774249049604e+01 5.830750441760601177e+01 6.635036410985547661e+01 7.564543183407477045e+01 6.760293174488559487e+01 6.814185891799888850e+01 7.591408636170746149e+01 8.149423187234944521e+01 7.295073844664922547e+01 5.271454966562070155e+01 3.772560720196759121e+01 4.552779475452941682e+01 3.363908649541358642e+01 1.302457791417703703e+01 3.262069376326091685e+01 4.633231530568365741e+01 4.614199435959394435e+01 2.939081973221267674e+01 3.192621915770669716e+01 5.116164917025422199e+01 4.365090663963221118e+01
2.692912384917900415e-01 5.178391448922701201e-01 7.667910850033075043e-01 1.779430645320050175e+01 9.908257991192559899e+00 2.869530534962982316e+01 3.187137727988992353e+01 2.210687528505914301e+01 1.953837104162921534e+01 2.318660681311899552e+01 4.031612233665154754e+00 2.027410573387609105e+01 2.386520491865183757e+01 1.983465833898333130e+01 3.536065980166302580e+01 4.955274416453784880e+01 5.439929267753608144e+01 3.909801933540887120e+01 5.525762950380188698e+01 6.415250183145883511e+01 4.844544112698928018e+01 4.946334683593705250e+01 6.269515575421183229e+01 8.130561569373334407e+01 8.201298814793628367e+01 6.757659326031799196e+01 5.895708937025285223e+01 4.374348982415899201e+01 2.489903187551171371e+01 1.335432191457287310e+01 3.345549262959324466e+01 4.457593543651092460e+01 5.581170780108315910e+01 4.368462537048767302e+01 4.548311522944231200e+01 5.905318117102549280e+01 5.301819664103832253e+01
2.740426242073276120e-01 2.027360442220612669e+01 2.120606002207927787e+01 1.118944152018638727e+00 1.794819060414506851e+01 2.164163553115428940e+01 2.041657181993837611e+01 2.157272616904991835e+00 1.670444697831946002e+01 2.326318519634739701e+01 3.780828327260689292e+00 1.702510397997792779e+01 1.426987078144716392e+01 3.083758224563002059e+01 4.010076041801425362e+01 3.420467251009198861e+01 3.680486315445115508e+01 2.784065275675404294e+01 4.723329760916107745e+01 4.985976834224540966e+01 3.743428749358259466e+01 5.635497259046240259e+01 7.500593011904861385e+01 8.440042674669535927e+01 7.677825924761157239e+01 5.654142889454942633e+01 4.222842864735989110e+01 4.386873426420326894e+01 3.127972561251904438e+01 1.763919935072735612e+01 1.383815484164528975e+01 3.258664990724348343e+01 5.583193487675644207e+01 6.264905706895481075e+01 6.333748012145012041e+01 6.374812933781916513e+01 4.863212996525827947e+01
8.627856460739585787e-01 1.999089104756020419e+01 2.534754330532090805e+01 2.031046044652996763e+00 1.471039996387704774e+00 1.719604625248110530e+00 1.968081689264872702e+00 2.217288023206768877e+00 1.652109286798511079e+01 2.305806076997267695e+01 3.530685545505145573e+00 8.165419516559587976e+00 2.389897070404691704e+01 3.457852289016072689e+01 3.038291326699501482e+01 1.508461686195579610e+01 1.749566098060107322e+01 3.680523202195710297e+01 4.379848493485566507e+01 3.070548589134462603e+01 4.985977302461052574e+01 4.843238428538428053e+01 5.782877794913162717e+01 7.652608017016595454e+01 7.631094674803746614e+01 5.608436059311177502e+01 4.594258049070921857e+01 2.583324030474237887e+01 2.113425146350344974e+01 2.252277872733126785e+01 1.418733346818973118e+01 2.938836618357368735e+01 4.793729746804413594e+01 6.838466541000903476e+01 7.067315308644845118e+01 5.520834092281307903e+01 3.235933544096326386e+01
2.490127916613376069e-01 1.841798875505142163e+01 3.201703378777305886e+01 2.468939993724405468e+01 2.165725941035217161e+01 1.706329111478737914e+01 1.949682297722463176e+01 1.290990023544014065e+01 2.571205173454859771e+00 1.665330931898963485e+01 3.279144240724067405e+00 1.244143851123202360e+01 2.282833616757813644e+01 2.731237825112240003e+01 1.182538115137567303e+01 1.520645833127205293e+01 3.440992644870291883e+01 2.147493591295374316e+01 2.441652481960241872e+01 2.887349131513799705e+01 4.806013409870200093e+01 6.219791506412785509e+01 7.295543866601366290e+01 8.440042171293313800e+01 7.032280781643423495e+01 5.018660281108484611e+01 3.580065011097671857e+01 4.276840177505962970e+01 2.546828267210423391e+01 1.468568366265729530e+01 2.005840502629643396e+01 4.217696277852776632e+01 5.377288464803601897e+01 6.233284401321564161e+01 6.238012332118031367e+01 4.171173436471022455e+01 3.009027761584558291e+01
8.485705281016824308e-01 2.084857052810132672e+01 3.010056186868434480e+01 3.516614342486685274e+01 4.072808693535148450e+01 3.904422166737901989e+01 2.985602236019633082e+01 2.718875063926601499e+01 2.825430746606487187e+00 2.921762973073009473e+00 2.974606804992747655e+00 5.293259194414822844e+00 7.133864312453902734e+00 9.129931504840298473e+00 2.782938484887495534e+01 3.441462207070155443e+01 2.056223409001461278e+01 4.006967954382251662e+01 3.824699899058969521e+01 4.806013399296582378e+01 3.563406838681603261e+01 4.660500352619513365e+01 6.521245022884036757e+01 8.286265827171857268e+01 7.630631929148189840e+01 5.608390736025305756e+01 5.608435866459512908e+01 4.964245489572014947e+01 3.430377584938891999e+01 1.503828755673077744e+01 3.500326428171472770e+01 4.271513052106897135e+01 3.324307704202586677e+01 4.507920108042038976e+01 6.606099492733909528e+01 5.861037089508024422e+01 4.168687499530533813e+01
5.097248530424480784e-02 4.741736975589729397e+00 9.557706565275891464e+00 1.475194654808807293e+01 2.065956585525819023e+01 4.072808693535148450e+01 4.791316763369524523e+01 3.787505460277223079e+01 1.587466495397394617e+01 2.359584013431332394e+01 7.788525507171772944e+00 1.911381720999819578e+01 2.360733035549580094e+01 1.338358633889725624e+01 3.127321580294537640e+01 4.410059166511446449e+01 2.468941645948540042e+01 4.435002504994587724e+01 5.720095848851489961e+01 6.219476898896781591e+01 4.508577000663679257e+01 4.580597834173264005e+01 5.657692463485646783e+01 7.511545907067475980e+01 6.199394941125422775e+01 5.357128890149332534e+01 5.381178693040509131e+01 4.392303896777754346e+01 3.544545383608899414e+01 1.538928158349218478e+01 1.671041226767804488e+01 2.247756674692008616e+01 4.285905185473804124e+01 6.252210890662279041e+01 7.448032224825243475e+01 7.028585352081178428e+01 6.189703540922852198e+01
2.550521787762166648e-01 9.319829881678918682e+00 2.117935073595655027e+01 3.518684086019712254e+01 4.072808693535148450e+01 3.058836323427010484e+01 4.968383037856795426e+01 4.953309760645397830e+01 3.988721271170127380e+01 2.842720334698069706e+01 1.665931890936601079e+01 1.512633129098624885e+01 3.305034050215124353e+01 3.222317689731079327e+01 2.032034197132870190e+01 3.934952803014517286e+01 4.434981368276381630e+01 3.132200225633338064e+01 4.618348227737324407e+01 6.761332539336642355e+01 5.563101657204766326e+01 5.898000610612683658e+01 7.213559187965219621e+01 6.169332628257162554e+01 5.269237152025896620e+01 3.373248082229738998e+01 3.339950630298019263e+01 3.217385050419713366e+01 1.588292929940891085e+01 3.542567752730337105e+01 3.045230239924279658e+01 4.282302478296518444e+01 5.167232772719912504e+01 6.767493360035477679e+01 5.939622911219336032e+01 6.780323076455466946e+01 7.313428947404960923e+01
8.916207294569349351e-01 2.089162072945635629e+01 3.425932915786175670e+01 4.733930758183401366e+01 5.750245159169643472e+01 4.609120404528287906e+01 4.381795765388618236e+01 5.986217942795124713e+01 6.114406436694716973e+01 4.314562302068385691e+01 3.221747328487889916e+01 2.122273529194293573e+01 4.079750216246075922e+01 4.478507361160795597e+01 2.578602608149648390e+01 4.487443390778611985e+01 5.598098532617064649e+01 3.647052012151543465e+01 5.030987593713419415e+01 6.968398319792126472e+01 6.842284438250695189e+01 7.749700346732993239e+01 6.771420178719566252e+01 4.725957039729195941e+01 3.299630099465478850e+01 2.818404026549282548e+01 2.026449960469087586e+01 1.637247642068145126e+01 3.566389503187977539e+01 4.417532980477763971e+01 4.937917371923145282e+01 5.087972020086480995e+01 5.799907276882915852e+01 5.753953265439965747e+01 3.889984752708180338e+01 5.754087152922263471e+01 5.289601994563719245e+01
5.108012481754142797e-01 2.051080124817505990e+01 3.280757278370650454e+01 4.110947643485349801e+01 5.000939068268021259e+01 6.274858307866509222e+01 6.114621864302577592e+01 6.905513352839709285e+01 7.637942794075219410e+01 6.313215396671547097e+01 5.029730617594812969e+01 3.090782099081776479e+01 4.992406164695393755e+01 5.126023574590209364e+01 3.219583224105627295e+01 5.126017515036142669e+01 6.283691402902620382e+01 4.344509668785677547e+01 5.242961546540142592e+01 7.183144192956318363e+01 8.675152642855753982e+01 7.691504324640006018e+01 6.863108177799560394e+01 6.165645868628438819e+01 4.885836410697352505e+01 2.292935289106264207e+01 1.987445068523700442e+01 1.671653633084463664e+01 4.275937995327027608e+01 4.524241667076788076e+01 4.165922063418334176e+01 2.674037296460020485e+01 4.086406038877188962e+01 4.859547613360475538e+01 2.860642598440724171e+01 4.793657475865079931e+01 3.846697974843480949e+01
5.195627768054871254e-01 6.351205823955959673e+00 1.254238618520901305e+01 2.117698834205911851e+01 3.440471673310084100e+01 5.565551866670946879e+01 6.907190137022533349e+01 6.078882693482884747e+01 6.301605415409248678e+01 7.142404002972065769e+01 6.256858553977816229e+01 5.283307105654197500e+01 6.256858553977816229e+01 5.953605303580602026e+01 4.170605982228588005e+01 5.953600533770878656e+01 7.088215044925745190e+01 5.317514638378037262e+01 7.088219590015120275e+01 7.997017682975553043e+01 7.523503109538900446e+01 6.696765988174993822e+01 4.826714845519578745e+01 5.200399917112394377e+01 5.531279341490510859e+01 3.788454092073482826e+01 2.501886802474819405e+01 1.705849437955124870e+01 3.726917757455254332e+01 1.801875812147834566e+01 1.835678322458118927e+01 2.549283667629261174e+01 3.328741677075606020e+01 3.821463733794186624e+01 2.084467296713974349e+01 2.753507372190867031e+01 4.794273307241662962e+01
