MOVIE_S3_data/elevation_000319.asc
nrows	100
cellsize	150.0
xllcorner	0
ncols	100
yllcorner	0
NODATA_value	-9999
[rows 51 to 67 of 100, columns 37 to 73 of 100]
4.766621851668584497e+01 6.361140851070751268e+01 7.183922586312786507e+01 6.400335283157458832e+01 8.056497660440318498e+01 7.701966587567960687e+01 7.681112882914402462e+01 6.089545672468316440e+01 3.730772804898610673e+01 4.253115882972424799e+01 5.736032225587220523e+01 4.578247767916374755e+01 6.469274423693164522e+01 7.857055870121274666e+01 7.547663547334551026e+01 5.656168554041068575e+01 6.180680295222039433e+01 4.776165548086075319e+01 6.731500760100831826e+01 7.011803443096847843e+01 5.043218584899240398e+01 7.012051773067703664e+01 8.168211003119577640e+01 9.108320460683680153e+01 9.920486740727297104e+01 9.838615379691842122e+01 9.669092163510542548e+01 7.863144840194553353e+01 9.669092160617755383e+01 8.453961760173336870e+01 6.380723089123082303e+01 7.086033847201757396e+01 7.838689957913264550e+01 9.007082548585120207e+01 1.095953657246674879e+02 1.134279939462923323e+02 9.242902240069493303e+01
5.056979247993759685e+01 7.054252487408707850e+01 8.409147690584593704e+01 8.387432785063995766e+01 9.199080774560518137e+01 8.296752239040328902e+01 6.859433329277824498e+01 4.884908080087435422e+01 3.773630513314954271e+01 5.679358754154018385e+01 6.551574684397733961e+01 6.525776537404456690e+01 6.163430068533958206e+01 8.138035569445121098e+01 8.440923548953263378e+01 7.610404994831613124e+01 7.142765309840635268e+01 5.172942349232040726e+01 7.142613986687750582e+01 7.012016698385404823e+01 7.012051773067703664e+01 5.373971889628037957e+01 7.351131906345274558e+01 7.127513813775807705e+01 9.108320460825892440e+01 1.065308543054673578e+02 1.065679844966193457e+02 9.843603855723630147e+01 1.065679746255015061e+02 8.752382705988344469e+01 6.684861744540549466e+01 8.752382705988344469e+01 9.832286682987862036e+01 1.064185812352025664e+02 1.176969393567438829e+02 1.206155446259255797e+02 1.002860813231629464e+02
7.054252487408707850e+01 5.587951827125178283e+01 6.746416270156268524e+01 8.740168698311569528e+01 8.892680734541426091e+01 6.881124309647201187e+01 5.442143250795434994e+01 4.782207522106023845e+01 3.816064097284412071e+01 4.334396419240090381e+01 6.764045766934776793e+01 8.190906073879833116e+01 8.138035569966930893e+01 8.157378786536366988e+01 8.960755951511082174e+01 8.983526489188317043e+01 7.006411685054854388e+01 5.605687186630249386e+01 7.585495342727189438e+01 8.988328007805718300e+01 8.168211003119577640e+01 6.770642572441475693e+01 5.722510331303642062e+01 7.707678648000687360e+01 8.690993562356682389e+01 8.690993562355804158e+01 1.024862491482612654e+02 1.122698076564799834e+02 1.019519664783234134e+02 8.222671474490694266e+01 7.017225623886754704e+01 9.056358720904344750e+01 1.042903556553423243e+02 1.059749465812437847e+02 1.254242066629205397e+02 1.288166020735777408e+02 1.122748133644687414e+02
8.006432927123562138e+01 6.004855536437923291e+01 8.006432927123562138e+01 9.556262686538775597e+01 9.213038877931182924e+01 8.080276248182181575e+01 6.127251983176662975e+01 4.163009610658171056e+01 3.983753068619333249e+01 3.874633678467624520e+01 5.481735184700170294e+01 6.542643179705932255e+01 6.921560345296525441e+01 6.203378370273190257e+01 7.591872032533012771e+01 9.522633691423898483e+01 8.400372632598046607e+01 6.748330454575263104e+01 6.410997150189584204e+01 8.395947149438811152e+01 9.565779433797681008e+01 8.524000069447721728e+01 7.707678648163627599e+01 6.099801953884595207e+01 6.700563713607738237e+01 7.460229301304991623e+01 8.459772540736456392e+01 1.041790139009091831e+02 1.100461906974658177e+02 9.571513353594083640e+01 7.576328015582326714e+01 7.627310024131675448e+01 8.642380004909553293e+01 1.059749465812437847e+02 1.181756339708420285e+02 1.268667031603833379e+02 1.320091954152148048e+02
6.716056743376950067e+01 8.006432927123562138e+01 7.642533506659803777e+01 9.625599665880551470e+01 8.397456048972644282e+01 6.438348435739891329e+01 5.293362614994073567e+01 6.127241480758478787e+01 5.808220430517256005e+01 3.915144617039650399e+01 4.252682116752132657e+01 4.594427097930622494e+01 4.959316577297919792e+01 6.921560345296525441e+01 8.386371056055224926e+01 9.510068669858006274e+01 9.540115184880224319e+01 8.729083847099070681e+01 7.562728496309914306e+01 7.477571696189858130e+01 9.450947998864614874e+01 9.488789251485145826e+01 7.511815121544444196e+01 8.090857437973696165e+01 6.561900031647149945e+01 8.554014593213356932e+01 1.024862491525292398e+02 1.122698076564799834e+02 1.037154366807019983e+02 8.411877640020819058e+01 9.571513362238930256e+01 9.619937331516959489e+01 8.312077593530415243e+01 9.064909173626544714e+01 9.938313100365731145e+01 1.130492807760779641e+02 1.324863989826158672e+02
7.875899289581239771e+01 9.527909162281508770e+01 9.625599665880069722e+01 9.812416686020139878e+01 8.981235954735198845e+01 8.080123853571281245e+01 6.894769919999963292e+01 4.896705999535283382e+01 4.420581917665533922e+01 3.955998088279376645e+01 5.286404803820548182e+01 6.508209623880686934e+01 6.921559999879630709e+01 5.611087178975044765e+01 6.757582890858165570e+01 8.706395751282504136e+01 1.007960772958014104e+02 1.034517453051275027e+02 9.534430601473957267e+01 8.473398315848473317e+01 1.026239973215673160e+02 1.029989470186832108e+02 9.488789251485145826e+01 8.890329398233065206e+01 6.900664046170533084e+01 8.058994645329293860e+01 9.455780860671994503e+01 1.140247300802293609e+02 1.098632117482059556e+02 9.042223999249807775e+01 1.098632117482059556e+02 1.108188557865872923e+02 9.705264591756993298e+01 9.370146152937016382e+01 1.131163852626410744e+02 1.268667031548491479e+02 1.328402561428688102e+02
9.854520639329021492e+01 1.066762738445274863e+02 9.409300861561713702e+01 7.965992142952167399e+01 6.942442467989452837e+01 6.267358622770001375e+01 5.665217505756977090e+01 6.894506447950965367e+01 5.954446368352062535e+01 3.998377318399179359e+01 5.930498562248828165e+01 7.475515691412458352e+01 8.198993017481468826e+01 7.581248121716313904e+01 6.459607343511075328e+01 7.346290178715821639e+01 8.468750911712017171e+01 1.038338170614098175e+02 1.124030472566043244e+02 1.042916222301172837e+02 1.124401614649120376e+02 1.131930646589291314e+02 9.372226854771392368e+01 7.974056866922835241e+01 7.320959289602218689e+01 9.303775068573921203e+01 1.061609996359907768e+02 1.142427635824976164e+02 1.179575795019444371e+02 1.041839246218423227e+02 1.041839246218423227e+02 1.235742237532837891e+02 1.164659533028621325e+02 1.034286476741939538e+02 1.212198162124640248e+02 1.328402561498714078e+02 1.135528841942371230e+02
1.121480405903645305e+02 1.223529112305003679e+02 1.082227244405104472e+02 9.812416686865218196e+01 8.981235954735198845e+01 8.301638087413766698e+01 7.688279996707746022e+01 7.288717369837097237e+01 5.893798194768346832e+01 4.042181733134481192e+01 5.989510978119214712e+01 6.825754027672309121e+01 6.835349274214571835e+01 8.822780784794029785e+01 8.414741674009067651e+01 7.850127523497998538e+01 9.777840813680630561e+01 1.118699382795833799e+02 1.147377091877841764e+02 1.116037736918290193e+02 1.198088451699639307e+02 1.153218807405640121e+02 9.585240720693738581e+01 9.942513269358813943e+01 8.219006187830501631e+01 8.032626789765691910e+01 8.664624214953227010e+01 1.004862237006514363e+02 1.198611206625153329e+02 1.235742237532837891e+02 1.235742237532837891e+02 1.317312343820465514e+02 1.309501293857279620e+02 1.228041228510881666e+02 1.309501293857278199e+02 1.276260795519445992e+02 1.164252921461998938e+02
1.234505542691698139e+02 1.100210695304813839e+02 1.019063828470896311e+02 1.019063828470827673e+02 9.761098750286083714e+01 8.945565580213866497e+01 7.978745599634395091e+01 5.923302821819019925e+01 4.374037920890954467e+01 4.086284764479541565e+01 5.597280201819869205e+01 4.862579483633835054e+01 6.840223193309790872e+01 8.617364696350837505e+01 9.516601649765546256e+01 9.777840813680630561e+01 1.058288360960076631e+02 1.088662885963980500e+02 9.478843254296526766e+01 9.160739685084017481e+01 1.082956521050766412e+02 1.182764304835170464e+02 1.153218807405640121e+02 1.098973882368946704e+02 9.360173289799442387e+01 8.922560789149171967e+01 1.061609996359907768e+02 1.004862237006514363e+02 1.198611206625153187e+02 1.295338089350688620e+02 1.214982859623792848e+02 1.224422583966728979e+02 1.281726068441378175e+02 1.220348642907557348e+02 1.214506765357173208e+02 1.195991376434309075e+02 1.001902674654059950e+02
1.156874394764725338e+02 1.019063828470896311e+02 8.205910057773114374e+01 8.205910057773114374e+01 8.250748802120135394e+01 6.943608741725783773e+01 7.380248201095882621e+01 6.502177982936863998e+01 4.526988591502554726e+01 6.032902775793991879e+01 4.147485672752046071e+01 6.096307975844724325e+01 5.781666177352592229e+01 6.672682126615934806e+01 8.102717751919615807e+01 1.011505493944094383e+02 1.030808098989914328e+02 9.482047614167758809e+01 8.045875139101437412e+01 7.987712460317023044e+01 9.004703264369094029e+01 1.042712326908571328e+02 1.240718630828967406e+02 1.211397274255880347e+02 1.130314918307464467e+02 1.030230891216954490e+02 1.086983798203372373e+02 1.198611206625153187e+02 1.279993034643437255e+02 1.188510580308192033e+02 1.021363980073312803e+02 1.038586914360027862e+02 1.175010921018297267e+02 1.042678995517566136e+02 1.022778828522085348e+02 1.159368138251905833e+02 1.047083613312394590e+02
1.041721481723364775e+02 1.019063828470896453e+02 8.205910057773114374e+01 6.779918993099485647e+01 6.241656188117671888e+01 5.783666558850232775e+01 5.379439596611231877e+01 5.014499175736882819e+01 6.502127143308199209e+01 6.138381621451119230e+01 4.189849947651908479e+01 6.138834869589162935e+01 7.776498549541973659e+01 8.617364696350837505e+01 9.516601649765546256e+01 1.007247052079695209e+02 9.145876912405726955e+01 7.461274023058265925e+01 7.030247453539961100e+01 9.054509589174031703e+01 1.018972800428136054e+02 1.101226028372438606e+02 1.200878011275771513e+02 1.281136251389725942e+02 1.199440534559442426e+02 1.223997435954079833e+02 1.281331088959309454e+02 1.276508247189766507e+02 1.194705397869845882e+02 1.106391177667216539e+02 9.043022482502095727e+01 1.028817640022508613e+02 1.101356481836877492e+02 9.130968609710316741e+01 8.873136027568332906e+01 1.063183412226920979e+02 1.011645719607820268e+02
9.591824626202263460e+01 1.019063828470896311e+02 8.205910057773114374e+01 8.787223496630264208e+01 7.406452761805101659e+01 7.789735260606755674e+01 6.533507250077970241e+01 7.008707371061464642e+01 7.179701911267746084e+01 6.160863928594949357e+01 4.231368943812424988e+01 5.759702295438037822e+01 7.454305079522666233e+01 8.698347106229948622e+01 9.367194347702825041e+01 8.537656289020237921e+01 7.224379732804743526e+01 6.288241714124266224e+01 6.852246182070415159e+01 7.492960485838835893e+01 8.171305118375531151e+01 9.190196397972428599e+01 1.118925961059028396e+02 1.167672181171297865e+02 1.003207175215253670e+02 1.137128592724130982e+02 1.218755022557701153e+02 1.162678162446190129e+02 9.976826221902351222e+01 1.037850718035641790e+02 8.365530952256783337e+01 1.037850718035641790e+02 1.118643042788522450e+02 9.269904490076666548e+01 7.885396893412124086e+01 9.070412840362790519e+01 9.769091681338420585e+01
9.850856004795021192e+01 1.100210695304814124e+02 1.019063828470896311e+02 1.021764025593791558e+02 9.403957988647856325e+01 9.354429096584685510e+01 8.536917851766278886e+01 7.580752269774245633e+01 6.365987472617705833e+01 4.444110085532746979e+01 4.272325382624550372e+01 4.821281156609131813e+01 5.910610352087456931e+01 7.811520374634302755e+01 8.199835877270317042e+01 6.507761748427115833e+01 5.776058495381347058e+01 6.803959230210728037e+01 8.828666751532838930e+01 8.876888061184646972e+01 1.018972800428136054e+02 1.101226028372438606e+02 1.200878011275771513e+02 1.079334250838798255e+02 8.883231175353250819e+01 9.399134791198942196e+01 1.137128592724130982e+02 1.080954245294735045e+02 8.821982274879201213e+01 9.662024049109122359e+01 7.804587811766256777e+01 9.817961844279905392e+01 1.029130332893294337e+02 9.470720067934652775e+01 9.070191107827449173e+01 7.090752069586410755e+01 9.070191124468449573e+01
8.541242813179572124e+01 1.053851377457343403e+02 1.136584098210693412e+02 1.022120315688661663e+02 9.328319655498403051e+01 8.505609755627077107e+01 7.794321075824990430e+01 6.753142334160293103e+01 4.760140703296134035e+01 6.365982518013139213e+01 6.223966297095140732e+01 4.330618386551198284e+01 4.776646074742749448e+01 7.029569066959734869e+01 7.365653727989504773e+01 5.302144066806449274e+01 7.365696129582246954e+01 8.648425126800852070e+01 8.828666751532838930e+01 1.083413305114509626e+02 1.170571693550709824e+02 1.109844058570151901e+02 1.028145689717181455e+02 9.976764485420996209e+01 7.982106792928928485e+01 9.976764485420996209e+01 1.138525272677632358e+02 1.080954245293645357e+02 8.821982274879201213e+01 7.655139883136115486e+01 7.281786079225203423e+01 9.296348217356039356e+01 9.470317225065947753e+01 7.467576035978198945e+01 8.053938824268512064e+01 6.597929121470478719e+01 8.316815882701037310e+01
1.021105395724606524e+02 1.136305324001456398e+02 1.054928592966059995e+02 8.562062370028110081e+01 7.397657607313718131e+01 6.493781560149942322e+01 5.783415125035583060e+01 5.152410620354456228e+01 6.753142334160293103e+01 7.134692568647719213e+01 5.144463866549226339e+01 6.213370830195626127e+01 4.389143294206728285e+01 6.334302008252621619e+01 6.704027961097624200e+01 5.007593332670215602e+01 7.067845784291169764e+01 8.462813162134354172e+01 8.462749076304089613e+01 9.288137639075000607e+01 1.057967089922845361e+02 9.760799809261443727e+01 8.292266880326458534e+01 8.736393553239753373e+01 7.420169610043636510e+01 8.584900763103389920e+01 1.056915664798439138e+02 1.162678162318793937e+02 1.021898864214309697e+02 8.221125065250940622e+01 6.790650739629781185e+01 8.301615837574057366e+01 8.757582417653625839e+01 7.929794226897024600e+01 6.038602763015507691e+01 6.121779326528948673e+01 6.206559227475715090e+01
1.050651430359354634e+02 1.176227952963981238e+02 1.078052672592066017e+02 9.968697476492003773e+01 9.085366936469507948e+01 7.632231328694629724e+01 5.622006443439761370e+01 7.158416779336891977e+01 7.985475877925397015e+01 6.133514511926577484e+01 7.134692684009456798e+01 7.147168357115376125e+01 6.339140780032663969e+01 4.447847436936832111e+01 4.659399300729116788e+01 6.382343713374759631e+01 7.529701110783913975e+01 6.415959720382973330e+01 6.415959425252907522e+01 8.462749076304089613e+01 9.640041261945540896e+01 7.763607088975598458e+01 7.127200057911753106e+01 6.725541283669230097e+01 7.892947349445088889e+01 9.888562494348811072e+01 1.071780513633001135e+02 9.891463643909125381e+01 9.891351257079151083e+01 9.629424891773523143e+01 8.301611884742199265e+01 6.285641223736030270e+01 7.819029117694688580e+01 5.921719080277779312e+01 7.933400566011476940e+01 7.761104086699884874e+01 6.941197443218493390e+01
1.133108743613741609e+02 1.095193168317906185e+02 8.985463269804921538e+01 7.980653386989163778e+01 8.265774812043154895e+01 6.255866247092603771e+01 6.157110573947752385e+01 8.170271115085485292e+01 8.892030866327903027e+01 6.891419527995861927e+01 8.892030866327903027e+01 7.829310214878763929e+01 5.826303396322911254e+01 6.402482498451190907e+01 4.507464168310004027e+01 6.474803913069278849e+01 6.585032646242009946e+01 4.979972987187359479e+01 6.999865201460019648e+01 8.807730340038582995e+01 7.641923185304749211e+01 7.641923185304749211e+01 6.117299233931292690e+01 7.283289415008914602e+01 9.286861888749137961e+01 1.070606761294518350e+02 9.891463643909125381e+01 7.864985983602790043e+01 7.864983458488015344e+01 9.135261419329232524e+01 8.385004260787374619e+01 7.705844732857460144e+01 5.805452212511027454e+01 7.819029117704590703e+01 8.759484089121637851e+01 8.016005711890173302e+01 8.654360365378796871e+01
