MOVIE_S3_data/elevation_000437.asc
nrows	100
cellsize	150.0
xllcorner	0
ncols	100
yllcorner	0
NODATA_value	-9999
[rows 0 to 16 of 100, columns 0 to 36 of 100]
7.773770046158816616e-01 1.962354806828481557e+01 3.144654521876785580e+01 3.385075855224350505e+01 3.724604410715300418e+01 3.905599687604911452e+01 3.994014304222650225e+01 4.031372692591108375e+01 3.904745213447003493e+01 3.606076306325685010e+01 2.974829737022562526e+01 2.661044779833360252e+01 3.567117920140035814e+00 3.817241325132833651e+00 9.490969475456719096e+00 1.289992543294836125e+01 1.686931167231691830e+01 1.937469035870980250e+01 2.398646495002319412e+01 2.496623838455724353e+01 2.517516375779721471e+01 2.573381127708451999e+01 7.046304785886678523e+00 6.469200453400969053e+00 6.852431459177116935e+00 7.116974632862125283e+00 2.715820342096213125e+01 1.027396529161779526e+01 1.598688667482387693e+01 1.912805129162851969e+01 2.885285519245401176e+01 4.046787488489209039e+01 4.445944315265999336e+01 5.353851513338684498e+01 6.386622573379987244e+01 5.836494994865773123e+01 6.672171104306109157e+01
1.667217412783970065e-01 6.180125802614250929e+00 1.153024520890127746e+01 1.798606614920462832e+01 2.661869507292928461e+01 2.452386834614796030e+01 2.223044248277513191e+01 2.035380603477213413e+01 1.812658222909378836e+01 2.003517928424143690e+01 2.961977221254131543e+00 3.212411786617055842e+00 5.329701052633763148e+00 1.351764596478238012e+01 4.168224826191900156e+00 4.414581306582038955e+00 4.659106528805222247e+00 4.902996226341576502e+00 5.148617521081837900e+00 5.398618432769519693e+00 5.655756961228458835e+00 5.917347705760485077e+00 6.183251170710238220e+00 6.458340436920624761e+00 7.716293739042634492e+00 8.282461041290908099e+00 7.438761162517492309e+00 1.041281161269243150e+01 1.526302589699038492e+01 1.808929370751249621e+01 8.465847465892970547e+00 2.539193293586000522e+01 2.324612654612469953e+01 4.455321048411259710e+01 4.507097658642929616e+01 3.742160627567402997e+01 5.379081651267021869e+01
2.375235533300354973e-01 8.567131560744824625e+00 1.333662427395388050e+01 1.691533682762777246e+01 1.201921317870815997e+01 1.931372197896059006e+01 1.857009130887922632e+00 2.106874323859192710e+00 2.356817045508494246e+00 2.607560516082099600e+00 1.133630672708036613e+01 1.727430450316174415e+01 5.194517607747642707e+00 2.213352709628617987e+01 1.294354985890307219e+01 2.323406537193955046e+01 1.623921311847969307e+01 2.436349896291108408e+01 1.272760926340402676e+01 7.770112651999903974e+00 2.579308224264079286e+01 2.615432223530991607e+01 1.790431402014681339e+01 1.822373134175851916e+01 1.909751609847025122e+01 1.210215903669682902e+01 2.247503849310892932e+01 7.731022796125619045e+00 7.935544591757916599e+00 8.146561398588133329e+00 9.944290137310964894e+00 8.801741066092374055e+00 2.916893108585135153e+01 4.227432343062688602e+01 4.498871122500752051e+01 2.687565074083344285e+01 4.507075579379615249e+01
2.578281697790204552e-01 5.068959104723794740e-01 7.560022872849027076e-01 1.005185990306586952e+00 1.254447091591675889e+00 1.503785663307430687e+00 4.151377605995944187e+00 8.916478041479697580e+00 1.450875990179941688e+01 3.097114404633743767e+00 9.020467900019420782e+00 1.217908954858871162e+01 8.150530858117328137e+00 2.718866897496328860e+01 2.902177525755204357e+01 3.380233395832556909e+01 2.969965023098679069e+01 3.460676411338833702e+01 1.891995189616249107e+01 2.641122439662106913e+01 1.120777090975747470e+01 3.134817108217636061e+01 3.615682546071971615e+01 3.396945727764703093e+01 1.949983995206848775e+01 3.506535639499607271e+01 2.891639765568500309e+01 3.617037536571992717e+01 3.438149828211430048e+01 3.044485006079740685e+01 2.531587122071663742e+01 9.042579547290113595e+00 2.882188020138780615e+01 2.380506766707632593e+01 3.285403697792722966e+01 2.051132453345877948e+01 3.557880097831650090e+01
6.835178870107115889e-01 1.621348052581442900e+01 1.776971249283143095e+01 1.769192937670539933e+01 2.193815809997866495e+01 9.388917870710278279e+00 1.555983365445690225e+01 7.528895655379481688e+00 1.408577661321234409e+01 8.795118534575294689e+00 2.192621578359740298e+01 2.520369636894955079e+01 2.801158806885757713e+01 1.356215467870191560e+01 3.215547019193093803e+01 4.288898666462712583e+01 4.707921103398413010e+01 4.354769918357379055e+01 3.008085492247272796e+01 3.292835909086485913e+01 1.359814483921681294e+01 2.732410620746592755e+01 4.715438611049581397e+01 4.664438980576741756e+01 2.586942698672096341e+01 4.662499806299283023e+01 4.974081542985311444e+01 5.002771587192703606e+01 3.930258526774815664e+01 1.154856817454056639e+01 9.443896839932754972e+00 1.137182881987996730e+01 9.565076816470378773e+00 9.914283388187151047e+00 1.946359562289954681e+01 2.833268536953495342e+01 1.138765725366471848e+01
8.765780624806145394e-01 2.085864128545873086e+01 3.746068747883710159e+01 4.129104888257636219e+01 3.915346542590430090e+01 1.882845525335470072e+01 2.926638594704254359e+01 1.201251456832122777e+01 3.041316260683390738e+01 2.807508570145627758e+01 1.387393971095622014e+01 3.079646303710899957e+01 3.906673065204948614e+01 3.218188118705620582e+01 1.849726033150133375e+01 3.109732217638612184e+01 4.924186764210229938e+01 5.539626972354587053e+01 4.836581423273330671e+01 3.563628723715528679e+01 1.599790432345969649e+01 2.982114235144158343e+01 4.967528882798828960e+01 5.549193644249518798e+01 3.767266781619647276e+01 5.549194165212537655e+01 5.429697586427572276e+01 3.129867681112025224e+01 1.791264126822284908e+01 9.815568128116563429e+00 2.305948102122366805e+01 3.226460875834152375e+01 2.272201726235548236e+01 2.972616606995842403e+01 1.042209427638216823e+01 1.080310802107954160e+01 1.790774838387342882e+01
3.336530771559016451e-01 2.033365307715554593e+01 3.676710405162079098e+01 4.672480102025048154e+01 4.868589075909351038e+01 3.338265875688821183e+01 4.248551150423131872e+01 1.941168994671472348e+01 4.249129323989970430e+01 3.149827332999547735e+01 3.149827333761237824e+01 1.831083780266687810e+01 3.642590782858238896e+01 3.955315958557041256e+01 2.180049888799515045e+01 3.419652332178466736e+01 5.248522350230140887e+01 5.858267594999374239e+01 3.876595952288786151e+01 2.724546997851774677e+01 1.847122053613917103e+01 3.242909460662423271e+01 5.228146410759038787e+01 6.547489614672188907e+01 5.894052805874190426e+01 6.777347481827155207e+01 6.305146317778670806e+01 4.993825343784759951e+01 3.301078262442339195e+01 1.007208607007398626e+01 2.152228815910422099e+01 3.553144931570009390e+01 4.109469269535934899e+01 4.315831656983731790e+01 3.412392792160500221e+01 2.195981326347473228e+01 1.662817570156351366e+01
2.692912384917900415e-01 8.434288758386733420e+00 1.843562149413827456e+01 3.260580757081007874e+01 5.278729449939127250e+01 5.538239289100370399e+01 5.151020741541483261e+01 3.284732775206378363e+01 5.151020743340949792e+01 5.103719071667455864e+01 3.424377171123929031e+01 2.150641978375670860e+01 4.015318276207100467e+01 4.291900457376047484e+01 2.510862699307216417e+01 3.751126876465199445e+01 5.597443370584083766e+01 6.670452047825142472e+01 5.529865073020384614e+01 4.109762334962447738e+01 2.120225648976470723e+01 2.869893483631875597e+01 3.761820849909575770e+01 5.164838459920611058e+01 7.118798022252124724e+01 7.057339466245831261e+01 6.233208658243750477e+01 4.938282356502354276e+01 2.540991710462027342e+01 1.033534541901126325e+01 2.250499728678981626e+01 3.741070753419067785e+01 4.758937718042901821e+01 5.519845544161650963e+01 4.139598593208168609e+01 4.076584656993526323e+01 2.085784405858987611e+01
2.740426242073276120e-01 1.441617824793815217e+01 3.441617824793743807e+01 4.163549509431913975e+01 4.993053168029812383e+01 4.967193805177355159e+01 5.798196936727811135e+01 5.566621024698668663e+01 6.438568757193543490e+01 6.304778374187718271e+01 4.435323850627952424e+01 2.509400311729479682e+01 4.435323850707876403e+01 4.659554326366195198e+01 2.858425564394357465e+01 4.113409546378929349e+01 5.978064461230734139e+01 7.357674767305745434e+01 5.822868858737610509e+01 3.842668317759153496e+01 2.431669804195825080e+01 4.422655628102477010e+01 5.672217371265974606e+01 6.548827706933585091e+01 7.123584034752884975e+01 6.133191773494156251e+01 3.912860990725833688e+01 4.463116445358692630e+01 3.184726861318682722e+01 1.061510824992072699e+01 2.878120774858458120e+01 2.305034834864929039e+01 3.009209191753095425e+01 4.771569186501029947e+01 6.090072157768963734e+01 4.814030407559990010e+01 2.614664628590837125e+01
8.627856460739585787e-01 2.086278564607360408e+01 2.669906877622436880e+01 2.162415376673570222e+01 3.373671298942395680e+01 2.964133296744770618e+01 4.296812736307433767e+01 5.128416727599522318e+01 6.286774529775354381e+01 6.365935752135379744e+01 4.290117685550885085e+01 2.915648277901619423e+01 4.905837060633663071e+01 5.068466248307274213e+01 3.239756539766602117e+01 4.517452478841311603e+01 6.398731163606331052e+01 6.548569555977513801e+01 4.582061885328400308e+01 3.583507427394477673e+01 2.796285268597220153e+01 3.789697989930365907e+01 5.136327518958033522e+01 6.958534538717759688e+01 6.319596119848876015e+01 4.540793502505492540e+01 4.418718081430888134e+01 2.056574773764232944e+01 1.104593797281825651e+01 1.742446110772557688e+01 1.497269540167631519e+01 3.205034907707742065e+01 4.426829086910883149e+01 4.446617223785216311e+01 6.217722649089876086e+01 5.466285622153767321e+01 3.302999833157524279e+01
2.490127916613376069e-01 3.451575867768623684e+00 6.696004290540834347e+00 1.007662131226517133e+01 1.372810507306662409e+01 1.809246391072266391e+01 2.294318911575155795e+01 3.449389002472302934e+01 5.454415084528733360e+01 7.042225352981283493e+01 5.453783116352116878e+01 3.403556709419524395e+01 5.453783116352116878e+01 5.583422828860748410e+01 3.726720473037600101e+01 4.721982768062305524e+01 6.610140939701078366e+01 7.357674767305745434e+01 6.376347421908283764e+01 5.189993239212947174e+01 3.195423223376172217e+01 5.189993239212947174e+01 6.529399904053138926e+01 7.230910503944149070e+01 5.738467536996565599e+01 4.611046354857568019e+01 3.249879925618083831e+01 3.226833540157497282e+01 1.136348272275629157e+01 2.759206965693705982e+01 2.735027678101131343e+01 2.016664481262759168e+01 3.940168066510754130e+01 5.488737986482692577e+01 6.998702109904567692e+01 6.199245058379359818e+01 4.126122788910452499e+01
8.485705281016824308e-01 2.084857052810132672e+01 2.669906877622436880e+01 3.008194179199335849e+01 3.373671298942395680e+01 2.527605986051828779e+01 4.296812736321232506e+01 3.188877580297649317e+01 4.189944571486497438e+01 6.209674223616472233e+01 6.087275063403249931e+01 3.986219967322934821e+01 6.087275063403249931e+01 6.148523602834476520e+01 4.274296366824187032e+01 6.148523602834476520e+01 7.421884330755636938e+01 7.557681568007484429e+01 5.615271588684690585e+01 4.465756292038401654e+01 3.680945224042365993e+01 5.097927985487135061e+01 7.047109199485228714e+01 6.437361617233585775e+01 3.953745786564017806e+01 2.636261790172907027e+01 3.427398360910844133e+01 2.037325556785436831e+01 1.168890463714158301e+01 1.367940197652461976e+01 3.493842120609175339e+01 3.940167977703557511e+01 2.707363577852976277e+01 4.689247546070364336e+01 6.403431265299600739e+01 7.041501002782580088e+01 5.346580613229643575e+01
5.097248530424480784e-02 1.159797786909665973e+01 2.574011349282735850e+01 4.574011349282664440e+01 5.359468912629718318e+01 3.682790593526691225e+01 5.359468912629718318e+01 4.345054353721284457e+01 5.195556970451247025e+01 7.056766895230639136e+01 6.843683093465877221e+01 4.704238103860920717e+01 6.843683093465877221e+01 6.956035938106940364e+01 5.343751629441523221e+01 5.587875654447636720e+01 7.502047483546641615e+01 8.368321132369055704e+01 7.244393362597539010e+01 6.190731302747678910e+01 4.221521383162999541e+01 6.043404563157322684e+01 7.340196205060928492e+01 6.543396632740986263e+01 5.394191036548320994e+01 3.473083322955098140e+01 1.545676195960653665e+01 1.215656693806970345e+01 3.168187484305804347e+01 2.532378950097299253e+01 4.388652367881475413e+01 5.488718211740576436e+01 4.689247546052105520e+01 3.659241714802401191e+01 5.050271144330093165e+01 6.953978787384546933e+01 7.364006543952972095e+01
2.550521787762166648e-01 6.579607499113001801e+00 2.657960749911335796e+01 4.486387874657608421e+01 5.380815065657539975e+01 5.685932567524288572e+01 6.516205845368281757e+01 6.357365150889525296e+01 7.194109927447995290e+01 8.047896444102114799e+01 7.709519393213003013e+01 5.934739958627962153e+01 7.709519393213003013e+01 8.068347575145267569e+01 7.247862562742982107e+01 7.502047483546641615e+01 8.324196221766247561e+01 8.260180304730937451e+01 6.348052818869850000e+01 5.225249398155133917e+01 5.626486759378776981e+01 6.993340468353324013e+01 6.095891129163653233e+01 4.401175214761092747e+01 4.416506533310184324e+01 2.614295882521890846e+01 1.262620741925713475e+01 3.177487439282584702e+01 3.990657895966400304e+01 4.554827344794775001e+01 5.370300376927414021e+01 4.842842915458650310e+01 5.673606712672852836e+01 5.607804562465868514e+01 5.050269710145961710e+01 6.393639632878461754e+01 8.305947039019446265e+01
8.916207294569349351e-01 2.089162072945658011e+01 1.657960749911318032e+01 2.552387940911249586e+01 3.966601503284394425e+01 5.966601503284464769e+01 5.550339563138397381e+01 6.378746250983002142e+01 6.105010574414957603e+01 6.933422910251535143e+01 8.088096072840885142e+01 8.085322506249937646e+01 8.933936084273733513e+01 8.702161621580908957e+01 7.873740129974731872e+01 8.702161621580908957e+01 9.558713719114216190e+01 9.072642309443298814e+01 7.960333307700818750e+01 6.348052818850322865e+01 7.552938110519298220e+01 6.681444564622833582e+01 4.635677157082215416e+01 3.272789288872186120e+01 3.706337042970984186e+01 1.644552679776980852e+01 1.295765140991560038e+01 3.237010608277682877e+01 3.730050873313236082e+01 4.364809557263602358e+01 4.471071926480541947e+01 2.842447869076654854e+01 4.517613247418624667e+01 5.677128978140682136e+01 6.953741566925519635e+01 6.511502526989704620e+01 7.035083847551487679e+01
5.108012481754142797e-01 1.465293687190649052e+01 3.465293687190719396e+01 4.486387874657608421e+01 5.380815065657539975e+01 5.224095641630804465e+01 3.550441426876447792e+01 4.950370789351347156e+01 4.105115802244377932e+01 5.259736004811272636e+01 7.259677109666537831e+01 7.904361300154795344e+01 8.733304099127752806e+01 7.702163904892013591e+01 5.873740955013803244e+01 7.702163904892013591e+01 7.558713459162403581e+01 8.972914787671234649e+01 9.072617579199290105e+01 8.260179570824962525e+01 8.237617049231995736e+01 6.704835621512239641e+01 4.688003714724106885e+01 3.346030375724950545e+01 2.277871472177339740e+01 1.709630840379627159e+01 2.828663505410739631e+01 1.342637777834437252e+01 2.121456523880288714e+01 3.047159999601216640e+01 3.421562818847188225e+01 1.469664388955615486e+01 2.842531253555670290e+01 4.844773979103955952e+01 5.921669530575155704e+01 4.503701972246005170e+01 5.733724072214781842e+01
5.195627768054871254e-01 1.507098210611080091e+01 3.517740367200518392e+01 3.322915533886470030e+01 4.189005083619864678e+01 3.729037639843051011e+01 2.395717247897839286e+01 2.950469014265837941e+01 4.105115802244377932e+01 6.105010574416613878e+01 7.572514923303448597e+01 5.889962919412371178e+01 7.572514923303448597e+01 6.873740542494263650e+01 4.873696200427293945e+01 6.873740542494263650e+01 6.144500842600943713e+01 7.972919447390350456e+01 9.599050614833988959e+01 7.935238833661303204e+01 6.928378823248259266e+01 5.400378109937973647e+01 5.400376909561556005e+01 4.855573377179791805e+01 3.899138698599522002e+01 2.037385856851982879e+01 2.893625833921461421e+01 2.718471536171855263e+01 1.389228416072609207e+01 1.422079806673854385e+01 1.454888139778529599e+01 1.487721022674232607e+01 3.471819284563864016e+01 4.223722747544573508e+01 4.878464875050662641e+01 3.082775054822116445e+01 3.722825412647392795e+01
