MOVIE_S3_data/elevation_000948.asc
nrows	100
cellsize	150.0
xllcorner	0
ncols	100
yllcorner	0
NODATA_value	-9999
[rows 51 to 67 of 100, columns 0 to 36 of 100]
8.885398060199247716e-01 1.503095508528056357e+01 3.504221811712622525e+01 3.717613861916865403e+01 3.716493798283666905e+01 3.735619504712141037e+01 2.079430236469628568e+01 2.332050681262465375e+01 4.305032480335331257e+01 4.173793417486950830e+01 3.344000542186543612e+01 1.869623910144867196e+01 3.868959097715296735e+01 4.096186837880609488e+01 4.016268584887773585e+01 5.665267858400457612e+01 4.643978770377801624e+01 2.659876414606945616e+01 4.045749401365827680e+01 3.513111312862658053e+01 3.868017953684625354e+01 2.449393279938730572e+01 4.340892839775987255e+01 5.671907587626461833e+01 5.470987950546673062e+01 3.600195191954529150e+01 2.456232557406892525e+01 4.337512417487889849e+01 5.503013559400073262e+01 6.009767382653834744e+01 4.380140949522472482e+01 6.011201397890216214e+01 6.545262104138809889e+01 6.992645572232576967e+01 5.964016263364501214e+01 4.161099344204815509e+01 3.477585889530170959e+01
1.344321116831868057e-01 1.427656773541401236e+01 3.427656773541330182e+01 4.626948548919131809e+01 5.126608221183824554e+01 4.881152046535411415e+01 4.045241099956820108e+01 4.305048265499341653e+01 5.137416594649842239e+01 5.283334916981929297e+01 3.283358263540301181e+01 3.869134602322943550e+01 2.472783989007845662e+01 4.471886387720146416e+01 5.839956290288594687e+01 5.366802150765840196e+01 3.387268798360550193e+01 3.652909182654912712e+01 5.470106793991753591e+01 4.868703893062497912e+01 5.155930757464528114e+01 4.340892839776164891e+01 2.941613353676400067e+01 4.851269826885391012e+01 6.340715559013277414e+01 4.808745473495755363e+01 2.865801597981737103e+01 2.740714516829276093e+01 4.674065151469351775e+01 5.857807523830828700e+01 6.307665257293805894e+01 7.138483565936708430e+01 8.553034390358452299e+01 7.487775274091188749e+01 5.536487303160981810e+01 6.018469734802931725e+01 4.020226318679276289e+01
8.052006432555327553e-01 2.080520064325517637e+01 2.869763650049273096e+01 2.626979895747626159e+01 3.126976441014825525e+01 4.267502733655869207e+01 4.870540847947884089e+01 5.577675606908944417e+01 6.406404664236612234e+01 6.115362645430900557e+01 5.283332579667413853e+01 4.918711191352549861e+01 2.919976209528722677e+01 4.332574471594133314e+01 6.330144155090141567e+01 5.917246043019287782e+01 3.932592365233514897e+01 5.050870981934801307e+01 6.463965169172604419e+01 6.842479014288150552e+01 6.907021089163799843e+01 5.238087276766692213e+01 3.304001186411504420e+01 4.656725946387015114e+01 6.641617685208575494e+01 5.318187160088143628e+01 3.345128274918560862e+01 4.674065151451904399e+01 3.064113427399612632e+01 5.026432957531868340e+01 6.102038117538041462e+01 6.937525697563675919e+01 7.942431496783710543e+01 8.310703497388881544e+01 7.487778997315729157e+01 6.628983270343493928e+01 4.618580337459057716e+01
2.804825088837598068e-01 2.028048250851104228e+01 8.697696328253437414e+00 1.212766803110358538e+01 1.712766803110349656e+01 2.267466999336591726e+01 2.870489688557823271e+01 3.577596473812610611e+01 4.732299056709973684e+01 6.732481450244389976e+01 6.556246972247720350e+01 4.551574803955996629e+01 3.735619752207136912e+01 3.987781316358880446e+01 5.988775245695447325e+01 6.517784395909019679e+01 4.526024007155734097e+01 6.517784395909019679e+01 7.877059356410410373e+01 7.973608664255792178e+01 6.080995507809767275e+01 4.104200482325107657e+01 3.890451158133248555e+01 5.861335689058248732e+01 6.131595206120739050e+01 4.139160540666587451e+01 5.318187160088143628e+01 5.857807517378010687e+01 5.026524052421896016e+01 3.418529191471361628e+01 4.108326280064777336e+01 5.100128676454998100e+01 7.103947558621092639e+01 8.801458535299472885e+01 6.784030283052469201e+01 5.621270749893076157e+01 6.628983270343493928e+01
7.810880442414250835e-01 3.983651120343161267e+00 2.398363155576724637e+01 3.212757152101033853e+01 1.968695749055427413e+01 3.968680233967432969e+01 4.870540847947884089e+01 5.577675606908944417e+01 6.406404664236612234e+01 7.561366688536413960e+01 7.396809185029779599e+01 5.735818851015447706e+01 4.888650699451945769e+01 4.986401355228491639e+01 6.824201053873375145e+01 7.348872445450464852e+01 5.672335869589392843e+01 5.931522000865106747e+01 7.933147021133373755e+01 7.148154095688143173e+01 5.151683189090960013e+01 6.080995507809767275e+01 4.573312415142189025e+01 6.565779008938923766e+01 6.764277424483780976e+01 4.763560579368556347e+01 6.764277424483780976e+01 7.100725534435542841e+01 5.097143381690010244e+01 3.696799801527605212e+01 5.683979175005720919e+01 6.937525697517183687e+01 7.942431496783710543e+01 9.637719019053635350e+01 8.472705471065175686e+01 6.784030283052469201e+01 7.540203968971056270e+01
7.232205343510359485e-01 2.072322053371278372e+01 3.226773928291898841e+01 4.797009743901236334e+01 3.968680233967432969e+01 2.863122932222587380e+01 3.570229686705345529e+01 4.464656582331777201e+01 5.619352222841061462e+01 7.619179511731856280e+01 8.587300473884501173e+01 7.731646765811916566e+01 6.893072067328282060e+01 6.401516468637515800e+01 7.829327084750859456e+01 8.505511589817186291e+01 7.672688560453751450e+01 7.933147021133373755e+01 8.766222890035821536e+01 7.973608664255792178e+01 6.302783877201720486e+01 7.392019703277615861e+01 5.565671177479188003e+01 7.392019703277615861e+01 7.601757686964586469e+01 5.654525147607560598e+01 7.601757686964586469e+01 7.624385341327997878e+01 6.119433118471609134e+01 4.123932454465577990e+01 4.275755735462874441e+01 6.272906933864596368e+01 7.744205125970717063e+01 8.908415480819120091e+01 9.637719019053635350e+01 8.801458535299472885e+01 8.145523364986063086e+01
9.494692443194679976e-01 2.094946924431911128e+01 3.160417109234918698e+01 3.827083777400407882e+01 4.655511319467370868e+01 4.863094879334319387e+01 5.570186332491608994e+01 6.398436262750875159e+01 7.292761592028199402e+01 8.447243282925860797e+01 7.954949468039770011e+01 7.123642312477957717e+01 7.384130150071570142e+01 8.215394768549116122e+01 9.257137700864207375e+01 8.390774251937200745e+01 7.560098980839050853e+01 7.670673724759501511e+01 8.501314484621676115e+01 9.126307257241961679e+01 8.302951289743391783e+01 8.390882879764329516e+01 7.565886840398634661e+01 8.390882879764329516e+01 8.502304631155556081e+01 7.071043439522851770e+01 8.502304631155556081e+01 6.786881978444749564e+01 4.784535453348034650e+01 6.119433127263014427e+01 6.272906933864596368e+01 4.903223094285986150e+01 6.056694008797327200e+01 8.067006097934614672e+01 9.613721628189659896e+01 9.569708594163297732e+01 7.555606527729423760e+01
2.836664262828419991e-01 5.830668388535157121e+00 1.160417108043146506e+01 1.827083774709824837e+01 2.827083774709842601e+01 4.241297337100008491e+01 6.241297399777820232e+01 6.523313940224863927e+01 6.523313952773068536e+01 7.375383485144186579e+01 6.796766671731376164e+01 5.117992588214446670e+01 5.378138574913651837e+01 7.384130150071570142e+01 8.555297993283561198e+01 7.230660995282073600e+01 5.554340656550714073e+01 5.664841238326118145e+01 7.083000484334750979e+01 9.089442432036669572e+01 9.407776183505941958e+01 8.576312748134259323e+01 8.314789007963307199e+01 9.025374588848899293e+01 9.856660885026808216e+01 9.088988542159484041e+01 8.430675596597887989e+01 6.417447793138607892e+01 5.359896873972682840e+01 7.365991661140320446e+01 6.536771390521914782e+01 6.906351872417005211e+01 5.754397071615623105e+01 6.755338912490539371e+01 8.770044066720028297e+01 1.040646255290717477e+02 9.569708594163297732e+01
1.404418693552202946e-01 2.014044186935486636e+01 3.160417109235459421e+01 3.827083777400407882e+01 4.655511319467370868e+01 5.655512259898214467e+01 5.937078586614812536e+01 4.498773713327893375e+01 4.498773713329917712e+01 6.523313952773068536e+01 5.965679904274319512e+01 3.962275059226166718e+01 5.965679904274319512e+01 7.301513509057613760e+01 6.727252639776477849e+01 5.764591117573154122e+01 4.398295696708057534e+01 5.768189615290534533e+01 7.772237843151350489e+01 9.402366779325849677e+01 8.248160489369290360e+01 6.567309435147807051e+01 6.305961744158206272e+01 7.015535057418541953e+01 8.176168570175774164e+01 1.018541158340304946e+02 9.273106843514314335e+01 7.365991661140320446e+01 6.066687199023283483e+01 8.076604867722123515e+01 7.957584816740758527e+01 8.603130739090498480e+01 6.755338912490539371e+01 8.603130739090498480e+01 9.613721628189659896e+01 1.110937766728587377e+02 1.028925461704219231e+02
6.646099058385387393e-01 2.066460990583749435e+01 3.624799158470597149e+01 4.507594910324913684e+01 5.641223755085499647e+01 5.569567654555851988e+01 4.725819798446065079e+01 3.081637167348124606e+01 5.091747820677777270e+01 5.406641277262082923e+01 4.576202384431289971e+01 3.359173676801216857e+01 5.361630615710247838e+01 5.304280705249250616e+01 4.719236975989926464e+01 5.060321526859883079e+01 3.765720572424154255e+01 5.768189615290534533e+01 6.563248527245411879e+01 7.982807653285637173e+01 7.416414144578683931e+01 5.409794428535108324e+01 7.416414144578683931e+01 9.025374588848899293e+01 9.856660885026808216e+01 1.101602908560773244e+02 1.023116977057700439e+02 8.918014800441663681e+01 7.068245420855753025e+01 8.918014800441663681e+01 9.982935971692162980e+01 9.613721646210420602e+01 8.770044066774264024e+01 9.613721646210420602e+01 1.095615522696907078e+02 9.963834710654057858e+01 8.303381945098725225e+01
6.164072599657668405e-01 8.175631557563882268e+00 1.711835058750557081e+01 2.864440771197312330e+01 4.837795166887029552e+01 4.405001554926487728e+01 2.716974913815170112e+01 2.414920602549765860e+01 4.421710936703605199e+01 4.576202384429493009e+01 2.574676188156231049e+01 3.889684948533295739e+01 4.061277775586913918e+01 4.234804074935741625e+01 3.304147503389778251e+01 3.058579068147933100e+01 5.060321526859883079e+01 5.882806426547527678e+01 5.145615036778215767e+01 7.151335307439055100e+01 6.929737377537819043e+01 4.924501962477820172e+01 6.929737377537819043e+01 8.303343459066839216e+01 9.134793368753682330e+01 9.692694552658791451e+01 1.014453839165932578e+02 9.929687267203335921e+01 9.084964314588489742e+01 9.929687267203335921e+01 1.071503448114955432e+02 1.013334013720646851e+02 1.013334013720646851e+02 1.095643256637047926e+02 1.013585747358335141e+02 8.149566257519146006e+01 7.153481078071530419e+01
7.616414269703414286e-01 2.041946334548474695e+01 2.336563637578209551e+01 3.169050003852065700e+01 5.133728822662118318e+01 3.565992599455456968e+01 1.562102298770221509e+01 3.218457816370679581e+01 3.360287983307080850e+01 3.503203677934317994e+01 3.662367625885333666e+01 1.888680128302760863e+01 2.060178713443813336e+01 2.233600707343510194e+01 2.409690888590914426e+01 4.411025307705131127e+01 4.894543187460194389e+01 3.879714260932691161e+01 5.370319376862806138e+01 5.620637131399453068e+01 5.877084160451286721e+01 4.477219737348683992e+01 6.481353107641407973e+01 6.295514824549784549e+01 7.683743637864019149e+01 7.683743637864019149e+01 8.135397013841595992e+01 1.014453839165932578e+02 1.010929648949355908e+02 9.286232656897884397e+01 8.728568606954915765e+01 8.146693187089107369e+01 8.146693187089107369e+01 1.013334013720646851e+02 1.095604836902381720e+02 9.963799317433267788e+01 8.253099425091197361e+01
8.582653206718614536e-01 2.120654126867465461e+00 3.385565190934814783e+00 2.339149874590028588e+01 3.349870870966289260e+01 2.300698922428170690e+01 1.077031044964477857e+01 1.217750553910535061e+01 1.359526794912201098e+01 1.502383937769342559e+01 1.661495394604476772e+01 3.662386022181478751e+01 4.061277775586625438e+01 3.648143389896020494e+01 4.411025308486182439e+01 2.689746904939568140e+01 2.892816137002865773e+01 3.123756241089143870e+01 3.368095118828249923e+01 3.618095095106251335e+01 3.874168834912000392e+01 4.212231198449029534e+01 4.659459712111318197e+01 5.159559546496661397e+01 5.676302157341928023e+01 6.494672573189942000e+01 7.915529357280919953e+01 9.924971471284442259e+01 9.286232449238698905e+01 7.299375184919793469e+01 7.881311787077324027e+01 6.741575236669056892e+01 8.728568606954914344e+01 9.985400401555153849e+01 9.161545862433716536e+01 9.161701154636772060e+01 9.074710994987520962e+01
9.616989121453964895e-01 2.096169891214504233e+01 2.339149830077294467e+01 5.192580996745309818e+00 2.519904432538219297e+01 8.863385271153610745e+00 1.463688751065490656e+01 3.217123549588878717e+01 3.360287973505381132e+01 3.503203677936374305e+01 1.980458511510157393e+01 3.968217286020431800e+01 5.298274751179805264e+01 5.651128398211764647e+01 5.521843723001356352e+01 3.844638697734615818e+01 4.894543187010075513e+01 3.541708220031635790e+01 5.370319376862801874e+01 5.620637131399453068e+01 5.289562040735479087e+01 6.215738746108265644e+01 4.996900103207515542e+01 7.002335047005848878e+01 7.683743637864019149e+01 7.095197310506085842e+01 9.104620163456404214e+01 1.043300480833637067e+02 8.446725700246156521e+01 7.041514026747078958e+01 5.900115682369142434e+01 7.881311787077324027e+01 9.551562876729798290e+01 9.161545992151445716e+01 7.176251043522135831e+01 7.176252272862494408e+01 8.577980975691347965e+01
2.866789980725219511e-01 2.028667879741726665e+01 3.345458492295428954e+01 2.511873381358890356e+01 7.018322855095855850e+00 2.702535374071052487e+01 3.460112787280079516e+01 2.358089647858484383e+01 4.350706442871941704e+01 4.793579338630032538e+01 3.968217286020594514e+01 2.488249545496611503e+01 4.472121186765918566e+01 5.910841452972141497e+01 6.678944604838527255e+01 5.847857546381534632e+01 6.148360502379374282e+01 4.144769488937398449e+01 4.611142959033986699e+01 6.615777269736709343e+01 7.295488030063678764e+01 7.761087693602247839e+01 5.753616884096085471e+01 6.414134062685445770e+01 8.422377840753335931e+01 9.104620163456404214e+01 9.935852376899697447e+01 9.871493594013298889e+01 8.725437729143595789e+01 7.448977710558993692e+01 5.475130713013725625e+01 7.448978428218738657e+01 8.393402010219438125e+01 9.216132978359517836e+01 7.757730282182552628e+01 5.781136361235441257e+01 6.873730779559852522e+01
7.776801193288799263e-01 1.492003491468353538e+01 3.492477641517244535e+01 3.525286198327427201e+01 2.702535456067818487e+01 3.532592776652627009e+01 5.053057261874560169e+01 3.065109620404670920e+01 5.053057261874579353e+01 5.616092787212379989e+01 3.634675852823115605e+01 4.472121186765918566e+01 3.103708086745426797e+01 4.500791768268048543e+01 6.488298132747090108e+01 7.417262314417774860e+01 5.410952387839671474e+01 5.145435425250387595e+01 6.615777269736815924e+01 6.027878161379705091e+01 8.035091270439568234e+01 8.592771255557015309e+01 6.756475483882708488e+01 8.422377840753335931e+01 9.253816601833111122e+01 8.726745032435755434e+01 9.546625481813913439e+01 9.048611017392565259e+01 7.064214463144841716e+01 5.926839978342909632e+01 5.081415229994973259e+01 6.993381688935691898e+01 6.413474284363145728e+01 8.393402010118930434e+01 8.580814301008577161e+01 6.873731672328817410e+01 4.912777398317091127e+01
5.059075238208947667e-01 2.050590752382053950e+01 3.020088374547613697e+01 3.623988614420129295e+01 4.332951354200766048e+01 5.162109979076167576e+01 5.715096994141834585e+01 4.217128602824266892e+01 5.848204371414131231e+01 5.616092787212123483e+01 5.031808450195906346e+01 5.562385272512648271e+01 3.585494799912745378e+01 4.978634870181324601e+01 6.971683410861700736e+01 8.248752831030441257e+01 6.829081768373603722e+01 6.563129094469188374e+01 7.982794781171871534e+01 8.035091270439569655e+01 8.866468349055772080e+01 9.597074761461973935e+01 8.765699903321771558e+01 9.597074761461973935e+01 8.430115658654545996e+01 6.811791062135711172e+01 8.430115658654545996e+01 9.043252953790137383e+01 7.058909418116405732e+01 5.666165474962070192e+01 4.698730958815661296e+01 5.031580392573750515e+01 6.192479690271915160e+01 8.166001036786434497e+01 7.780621980268443849e+01 6.960464786081075772e+01 6.104556647480593057e+01
