MOVIE_S3_data/elevation_000279.asc
nrows	100
cellsize	150.0
xllcorner	0
ncols	100
yllcorner	0
NODATA_value	-9999
[rows 51 to 67 of 100, columns 37 to 73 of 100]
8.966999207582597364e+01 8.143431532021651265e+01 6.554954786573813408e+01 5.373595009238153608e+01 3.300666604844270324e+01 5.151474907084339350e+01 3.686752733089066680e+01 4.187814982600909275e+01 4.750716178690296942e+01 3.001999742713780250e+01 3.083420385155339716e+01 5.075775178126399112e+01 5.992445219142520330e+01 4.975025512109831993e+01 3.545614317190607068e+01 4.390113489449214512e+01 3.771543673131846930e+01 3.851928602612512265e+01 5.773159490620140843e+01 4.092778552425601646e+01 5.961676113545320277e+01 4.528299570616668035e+01 5.874501591140631263e+01 7.924369347020495979e+01 7.604019508853080822e+01 8.179579160015869377e+01 8.667124894948327096e+01 6.794801894660528774e+01 5.860522508263802166e+01 7.787898566599255901e+01 8.990027393997499416e+01 1.000468967069782167e+02 1.082459163990947957e+02 1.132728551724963353e+02 1.049759234770179432e+02 9.701685916167286905e+01 7.710666908789680463e+01
8.316709736179204526e+01 6.919850444869629769e+01 5.732112372885571716e+01 3.688248936310102977e+01 5.373595009238153608e+01 6.014982758657508555e+01 4.493088478817792009e+01 5.656796280886248240e+01 5.082462638564910407e+01 3.045230771785500679e+01 4.812780458161419261e+01 3.201620900315889884e+01 5.182225986773452320e+01 3.433605640606079845e+01 5.380272152548496223e+01 3.658284334550612016e+01 5.646871838412184275e+01 5.354744515560942375e+01 3.971282307769262587e+01 5.891830896916044225e+01 6.673704270540908112e+01 4.768089133934301316e+01 6.685957279100962580e+01 7.872779926980184939e+01 9.569103075955375459e+01 1.014599450473128570e+02 8.667124894948327096e+01 8.528741309873716148e+01 7.210235127546596345e+01 6.223849719790918300e+01 8.167017291274845547e+01 8.052415732371356683e+01 1.000468967066582309e+02 1.124153507383769863e+02 1.224685628628528775e+02 1.000110677520809759e+02 8.347469389754428448e+01
6.926348248713631506e+01 5.520149131150701294e+01 4.086519709464153038e+01 5.732112372885571716e+01 6.554954786573813408e+01 6.907116464313980941e+01 5.445435161016708747e+01 6.583967712900933122e+01 5.014442208485706942e+01 3.408324354514606114e+01 3.107737474344535045e+01 4.972046004274084652e+01 3.318939382962173568e+01 4.059649760672446206e+01 6.017195143445577799e+01 6.442562751451316672e+01 6.441120634067524975e+01 4.535368180243570180e+01 5.891832157758035038e+01 5.322527081499185186e+01 7.300342845641952749e+01 6.685957279100962580e+01 5.122737522394649545e+01 7.054289857178179091e+01 8.264536703914424720e+01 9.405895194831994388e+01 1.057170703651376158e+02 1.000735328659813490e+02 8.743579710567256313e+01 6.674256211542682138e+01 6.684579847724758395e+01 8.624223530146494454e+01 8.540940411142375410e+01 9.756051594802634952e+01 1.158477161559391817e+02 1.118792932493159498e+02 9.352559675240803472e+01
4.951964608517632627e+01 4.517363532925696035e+01 6.099659782960855381e+01 5.178543176694808636e+01 7.157406976250580044e+01 7.910865410689005728e+01 7.164022542002716420e+01 6.220462208869997767e+01 4.268049131180180922e+01 4.718976021787600672e+01 3.152970925770528154e+01 5.244393004382121859e+01 4.530371108143229719e+01 6.016929201137095617e+01 5.445367212729330930e+01 7.398140837154272731e+01 6.883982791304197235e+01 4.943512181644306480e+01 6.883982791304197235e+01 7.303472382842954858e+01 8.146999090703691593e+01 7.872779926980190623e+01 7.054289857178179091e+01 5.494397962442558025e+01 6.610149277813914637e+01 8.583683133964841261e+01 9.453758167195266537e+01 1.044332981989742848e+02 9.502159860118476331e+01 7.175803636312785727e+01 8.098040496514443021e+01 7.223064182520744225e+01 9.169162597457076913e+01 9.835536621131079471e+01 1.180043287790665545e+02 1.219172630284099910e+02 1.135507274610523183e+02
6.900478351997229254e+01 4.925622316554412805e+01 6.900480367864874154e+01 7.157406976250580044e+01 6.578204363170767976e+01 8.555725780109808909e+01 7.633526699875403665e+01 5.890007069092413161e+01 5.498256728851963260e+01 4.996670661660387225e+01 3.199699905032866809e+01 5.227482666520067056e+01 6.451185955483552448e+01 7.370732283751642910e+01 7.398140837154272731e+01 8.216608892426810939e+01 7.705623585320529401e+01 5.800215761058053232e+01 5.724576292150453583e+01 7.103788592304660199e+01 9.084259040404681684e+01 8.840383301085034873e+01 6.865970797389030622e+01 7.444262830862078317e+01 5.915680276246683889e+01 6.654681054676169083e+01 7.644398515514734527e+01 9.619157321894515178e+01 9.788780383176825239e+01 7.737723652803099128e+01 9.483700382023660325e+01 8.598379072134299861e+01 7.892739183096212230e+01 9.835536621143991454e+01 1.145199079626332406e+02 1.243866407371827165e+02 1.291484614788904253e+02
7.320330965677837298e+01 5.351068585204840389e+01 6.485641369508803677e+01 8.460503413790534921e+01 8.555725780109808909e+01 9.380891169971975785e+01 7.999915649445119925e+01 6.164852559749783723e+01 4.717997725622760186e+01 5.251682403687475897e+01 3.248340568700305653e+01 3.863247512132451078e+01 6.182678453807913144e+01 7.196006338907976385e+01 7.904385473330593470e+01 8.749376081994414278e+01 8.586828173747970538e+01 6.924640281711339185e+01 7.683854956613589593e+01 6.696204093913551958e+01 8.671505819313630070e+01 9.663102612420354376e+01 8.840383301085034873e+01 8.234165614641922559e+01 6.256189560438540553e+01 8.234165614641922559e+01 9.453758167195266537e+01 1.044332981989742848e+02 1.043714358978858456e+02 8.386839105845085385e+01 1.043714358978858456e+02 1.054715592547044309e+02 9.835536621143991454e+01 8.686143985236850540e+01 9.647930613048519888e+01 1.160906987243749029e+02 1.191448783761370009e+02
6.153389022608917003e+01 6.333537053603063072e+01 8.142730314826478377e+01 9.285737345618296956e+01 1.003937010331679005e+02 9.186709401596613134e+01 8.534615132534071336e+01 6.742009573446766524e+01 5.479598156293166511e+01 3.321597908859308035e+01 4.876361463514175654e+01 3.866930727649467059e+01 5.828219909588731440e+01 5.334268080003369050e+01 5.991170341444930614e+01 7.065186534518616668e+01 9.056539847827204426e+01 8.318476700068276841e+01 9.501358883232865082e+01 7.677323532150430196e+01 9.501358883232865082e+01 1.068997901594305660e+02 8.710461370460490116e+01 7.314498191490996248e+01 6.677144388501260153e+01 8.656075049099568730e+01 9.977011050579606888e+01 1.080218375303108331e+02 1.128153255398325285e+02 9.837607438145160188e+01 9.837607438145160188e+01 1.188455189821910665e+02 1.145199079667958983e+02 9.647930613048519888e+01 1.145199079667958983e+02 1.243866407559006859e+02 1.108629855444808214e+02
7.031044474090971619e+01 7.725630581481688353e+01 9.132451486682745667e+01 9.361826951540068364e+01 8.528757331244618456e+01 7.195016195373817425e+01 7.553970767135112396e+01 7.067470083414079340e+01 5.038838104573677157e+01 3.375205535177803995e+01 5.333635761564054434e+01 5.638381790669070881e+01 4.479760818533011957e+01 6.382176028879781171e+01 7.904385473236564508e+01 8.749376062640351392e+01 9.911295278930549557e+01 1.031396426484116517e+02 1.049895694245855964e+02 9.665688106476839891e+01 1.049895694245855964e+02 1.090800107803612491e+02 8.926667107409961943e+01 9.290248665343904122e+01 7.669396854323935031e+01 7.380627326723246995e+01 8.005740510459456516e+01 9.395875054008533311e+01 1.137999745508469118e+02 1.188455189821910665e+02 1.188455189821910665e+02 1.272545766982135831e+02 1.243866407406356842e+02 1.160906987243671722e+02 1.243866407406356842e+02 1.179163670982443790e+02 1.038218562086629078e+02
8.170002994224432769e+01 9.710976291258749882e+01 9.418797932463481004e+01 8.528757331243798490e+01 6.603593847548717122e+01 7.167461177030756403e+01 5.551402128213125309e+01 6.236178545036456455e+01 5.131288275232395790e+01 3.429940318042073955e+01 5.364354713272897612e+01 6.839073590622038523e+01 6.363505820770256349e+01 5.496273778292819401e+01 6.424713585861790932e+01 7.776537408212701052e+01 9.843470805732010831e+01 1.012007563811928463e+02 9.296328848796271416e+01 9.211505921892648985e+01 1.003509167722283593e+02 1.102684623558181585e+02 1.090800107803612491e+02 9.642753243875206692e+01 9.642753243875205271e+01 8.262883218495153415e+01 9.977011050579606888e+01 9.395875054008533311e+01 1.137999745508469118e+02 1.221599980448427658e+02 1.138799647348075865e+02 1.221599980448427658e+02 1.285923518168225996e+02 1.203203764094088939e+02 1.229176426824316906e+02 1.096463057354732911e+02 8.974221506486861699e+01
1.015924481505269767e+02 9.721212049952816869e+01 7.749296503409551917e+01 6.673307508327449966e+01 5.895965108482101869e+01 5.188071808069322799e+01 4.640680948883358781e+01 4.104816092446743170e+01 3.745256651762615974e+01 3.484887778257709101e+01 5.297079981662103876e+01 5.574189608684778108e+01 7.514577892535805859e+01 7.398643317439687905e+01 8.255746191813739188e+01 9.257170441981593001e+01 9.312146945122800901e+01 8.490034205641107690e+01 7.321318326702419199e+01 7.236939936797162432e+01 8.221740741628617855e+01 9.618783658998115982e+01 1.160752018903100549e+02 1.162888647612704460e+02 1.106205627766615862e+02 1.023608180675271058e+02 1.023608180675271200e+02 1.137999745508469118e+02 1.220849245205364468e+02 1.121766030532942438e+02 9.392269285369181375e+01 1.121766030532942438e+02 1.170548144458895621e+02 1.003312723697447666e+02 1.029235183898343422e+02 1.074608188872030041e+02 8.756829981511822325e+01
1.140162054834549537e+02 1.057058356238528916e+02 9.418797933058311855e+01 7.803209211640178466e+01 6.812687746274443157e+01 6.603593847548718543e+01 6.724856258731705339e+01 6.059948599357004184e+01 4.547707655807695915e+01 5.109194681185665132e+01 3.561086140687947932e+01 5.635323492146164881e+01 7.477265919846780662e+01 7.379324837460627862e+01 8.201195092249271568e+01 8.753170746253371703e+01 7.932051694431605426e+01 6.517268129014018996e+01 6.184219632302669112e+01 8.156056007877538150e+01 9.528143463833070825e+01 1.051844064973248294e+02 1.192706495204822232e+02 1.110038404223317343e+02 1.084203025094554107e+02 1.166840813976269970e+02 1.222778272854208126e+02 1.210089843258729587e+02 1.127361124628223479e+02 1.039013287942496930e+02 8.402988046501531016e+01 1.039013287942496930e+02 1.087796618112494258e+02 8.886733298855587293e+01 8.886733298855587293e+01 1.035578843915871090e+02 8.958144469553822375e+01
9.403671779572039213e+01 1.112485570589759760e+02 1.061322326912629848e+02 9.580991068793025534e+01 8.746021918193177669e+01 8.528757331245529372e+01 8.409019223711746349e+01 7.035091399666295331e+01 6.161330111160430789e+01 5.588660158610421291e+01 3.613233173651997987e+01 4.785198101124291981e+01 6.713054638129686680e+01 5.447524415360023653e+01 7.076178753892359907e+01 7.612577670404047581e+01 5.959299706270940788e+01 5.378319855425628049e+01 6.036650477473652643e+01 6.733167130826711855e+01 7.717457227574749368e+01 9.693807302860162167e+01 1.110038404223317343e+02 9.118786129829176446e+01 8.862560263406687966e+01 1.043985140476517017e+02 1.126514728583031513e+02 1.094915353964818934e+02 9.279711131030038018e+01 9.727751268450482769e+01 7.744832516376244769e+01 9.727751268450482769e+01 1.113740296398897982e+02 9.144669106880424181e+01 7.745119724295624053e+01 8.368338789733743965e+01 8.596866956032499729e+01
8.299597483105112872e+01 9.711642452027305694e+01 1.170979112419072550e+02 1.037608907164582348e+02 9.552725853074281304e+01 8.967860835467695324e+01 7.040766826938714473e+01 5.672285725213715324e+01 5.820143676125754695e+01 3.615951271722767757e+01 3.663313949458724039e+01 5.642559996982797799e+01 5.708921286812488916e+01 4.480934893365420635e+01 6.263978363959449069e+01 6.314186223828789934e+01 4.818541623447367073e+01 5.959299706270940788e+01 7.932051694431605426e+01 8.705632265217461452e+01 9.528143463833070825e+01 1.051844064973248294e+02 1.126514728583031655e+02 9.699182720787200651e+01 7.726195604591733002e+01 8.462312660621485350e+01 1.043985140476517017e+02 1.012243247800415276e+02 8.136437962029245341e+01 8.975818009596927993e+01 7.175791789045685221e+01 9.155331930804875640e+01 1.029779288661350307e+02 1.055473233284511849e+02 8.950449314783477917e+01 6.972429019035141096e+01 8.271993950570681875e+01
9.589553224374283502e+01 1.112485570589759760e+02 1.110954864156994404e+02 9.552725853074281304e+01 7.578612751344785181e+01 8.156817092012153125e+01 7.567520164586579767e+01 6.257171609853014616e+01 4.324132116375098889e+01 5.817075119150793938e+01 5.261021983489239773e+01 3.730895351597916232e+01 3.777468284234458906e+01 3.822819395432251355e+01 5.792755242147934069e+01 4.340290593709601552e+01 6.314186223828789934e+01 7.612577670404047581e+01 8.753170746253371703e+01 9.024445284577038251e+01 9.842830632370194621e+01 1.039286174069744959e+02 9.569381906073638788e+01 8.462312660621486771e+01 7.069991028523881482e+01 9.041520348722048084e+01 1.052625290794115500e+02 1.012243247800415276e+02 8.136437962029245341e+01 6.997606889256326212e+01 6.650391092405232030e+01 8.626277574102815038e+01 8.315120516570726750e+01 8.687629132989573577e+01 8.760749155743305039e+01 8.271993950575465249e+01 6.299166389199698557e+01
8.855335705653266132e+01 1.085296478921189163e+02 1.028465244188376460e+02 8.306832953523904450e+01 7.170876356407244145e+01 6.186923422728185784e+01 6.748879274959588770e+01 4.782048614545635701e+01 6.257171609853014616e+01 6.148599468236179177e+01 4.178207801330042770e+01 5.704506434091177169e+01 5.380985039856208374e+01 5.039276677136847837e+01 3.885631260614200500e+01 5.759777725292454420e+01 6.706654376044185994e+01 8.130850402164247726e+01 7.644113531050514609e+01 7.072361398165597279e+01 9.024445284577038251e+01 9.439307129121698381e+01 7.593472437005262066e+01 7.956058580356589971e+01 6.592681220223511218e+01 7.728998289895632468e+01 9.702578878678139063e+01 1.094915353964818934e+02 9.275601570381518002e+01 7.295355473701889082e+01 6.159505077609750145e+01 7.639105547997256451e+01 6.920023872025836909e+01 6.704533046201312629e+01 6.786276744003029648e+01 7.447767815494617594e+01 7.530396345187172358e+01
1.026762447900082265e+02 1.168105689111107921e+02 1.035758165168838758e+02 9.473233078974702437e+01 8.651721690783799090e+01 7.275853861399669142e+01 5.304095507418367816e+01 6.748879274959588770e+01 6.649333678101722001e+01 4.677941459445090544e+01 5.058988497674644691e+01 6.966686742461432402e+01 7.240185611457845027e+01 5.687690330794345073e+01 4.907357474304556888e+01 3.948391022128836170e+01 5.340568660206610474e+01 6.597936442084309761e+01 5.686960552851632400e+01 7.644113531050514609e+01 9.227439938809635578e+01 7.463116478809344301e+01 7.463116478809342880e+01 5.984290173790321887e+01 6.857327705846086019e+01 7.954643848030387687e+01 9.283984441338627391e+01 1.123695839288790381e+02 1.010108787406202282e+02 8.955412593275504207e+01 7.639073451079654831e+01 5.667353549879140218e+01 7.154735896621282620e+01 5.310555552811377567e+01 5.393337764383727517e+01 5.476294780619425495e+01 5.559439877738637392e+01
1.226610130479095346e+02 1.093553482451214194e+02 8.953625226356798805e+01 7.561025916394365254e+01 6.681828473536711499e+01 6.025379638475743604e+01 7.275853861399674827e+01 7.206666384032662620e+01 5.236197705328615370e+01 5.663833203081276935e+01 6.196497049576912985e+01 7.849874585843967623e+01 8.334890136055362575e+01 7.414902934446594429e+01 6.601483068949161748e+01 5.915235820309582948e+01 4.010938062327070952e+01 4.631843622634862356e+01 6.597080668446798768e+01 8.124519926689769989e+01 7.829704602373581679e+01 6.431969265937779312e+01 5.488635592224670035e+01 7.463116478260255349e+01 8.712394850727042694e+01 9.567844809441213272e+01 9.082738516055749756e+01 9.670273677388428268e+01 9.167940000403500278e+01 8.342617059602625318e+01 7.876403439668133899e+01 7.055769433900846366e+01 5.193920876546309984e+01 7.167261256639037015e+01 7.365379382090077343e+01 6.462223315030286130e+01 6.310543360957138503e+01
