MOVIE_S3_data/elevation_000313.asc
nrows	100
cellsize	150.0
xllcorner	0
ncols	100
yllcorner	0
NODATA_value	-9999
[rows 17 to 33 of 100, columns 37 to 73 of 100]
6.808545665984215134e+01 5.005963451029846567e+01 3.725327647556285626e+01 4.251394282922493773e+01 3.502603995761501210e+01 1.536832246988335804e+01 3.579080906996936307e+01 4.482954410690135205e+01 4.800686903989937093e+01 4.732309449718266592e+01 4.955203319437466547e+01 6.707079027969194840e+01 7.613894657397248977e+01 8.780426186885947004e+01 9.253790583588417462e+01 8.251921569454553662e+01 7.289580783917469375e+01 5.304751336281771046e+01 7.289580783917442375e+01 5.911222709683172383e+01 7.168399592799573838e+01 8.000762120274453082e+01 8.041347340843367419e+01 6.821707153289494840e+01 4.830621178353774781e+01 3.397567872040160353e+01 5.183282196066111425e+01 6.007221831758070607e+01 7.129777196482783097e+01 5.972356895875891070e+01 4.021689816310368570e+01 3.304522387542773032e+01 4.736794235177403323e+01 6.295245029903470879e+01 5.701925374099632648e+01 7.750669385132354705e+01 8.552822429889577904e+01
5.904988214914659039e+01 6.001295238953578348e+01 5.525101617970840806e+01 5.007362259529721626e+01 3.007611702120261299e+01 1.567945676757048012e+01 3.601969159594951009e+01 4.749843971834553003e+01 5.868737710650205486e+01 6.767977405873246255e+01 6.989712906294144545e+01 7.821074038536301032e+01 8.803614544538403663e+01 8.803614544539183839e+01 9.640616506881956127e+01 8.554365560959971049e+01 6.554565243527919449e+01 6.703345336738000526e+01 7.289580783917469375e+01 7.906661389702289000e+01 8.741223194961560239e+01 8.621966803615548258e+01 6.639959820770968690e+01 5.235412631458680721e+01 5.578060659329164395e+01 3.566249689335076312e+01 4.995670727967277713e+01 6.983456353443170883e+01 7.472197540373100821e+01 5.451993277176975283e+01 5.331558945001380323e+01 5.332154341992268343e+01 3.494468678025708641e+01 4.266909794973292946e+01 6.301988585840578594e+01 7.929830631210951708e+01 8.778544512130157784e+01
3.886659787217893580e+01 3.783990961483279136e+01 3.994075773718328293e+01 3.784713852654198263e+01 3.595556024540712059e+01 1.599424263581153660e+01 1.763739612791746225e+01 2.691212547010925249e+01 4.608533049220633870e+01 7.109919031091612851e+01 8.189952765192056461e+01 8.209224328341218779e+01 6.777832150359647301e+01 6.777832150359647301e+01 8.803614544539189524e+01 9.390614860896995708e+01 7.963830513840484571e+01 8.704878351241994494e+01 9.296290273113804403e+01 9.228602145108887100e+01 8.409593492285773664e+01 8.285409473096636646e+01 6.892598226260705019e+01 5.816815002793705247e+01 3.812062766674564784e+01 5.578060672071522674e+01 4.995677522404751159e+01 6.984053085153892937e+01 8.305477631846218856e+01 7.472197540373852576e+01 7.359983611302097017e+01 5.669565456864379627e+01 3.634921361750102875e+01 5.121261597474328653e+01 6.309362291561306080e+01 5.890125158732679722e+01 7.929830044493500907e+01
2.417230660966523104e+01 2.162922692740326625e+01 1.919923143573177171e+01 1.700842732720662198e+01 1.644548364707231514e+01 1.997129132313002131e+01 3.779943019197320098e+01 4.739583656064636585e+01 5.815372297867396156e+01 5.500508767784435804e+01 7.011269335319838092e+01 7.371170076406491489e+01 5.347214856406803563e+01 7.371170076406491489e+01 8.471717270782262688e+01 9.639014875013599237e+01 9.980043324007951355e+01 9.334959768574854877e+01 8.520022088058495058e+01 7.863896268286228519e+01 6.437458481761618145e+01 6.313723284196411356e+01 6.071480319884478405e+01 4.074497300180335202e+01 5.816795012394720743e+01 4.676987095212393797e+01 6.664154852495151715e+01 6.984073309465743762e+01 8.966323603482504723e+01 8.695872328968209786e+01 6.653711936850740472e+01 5.823503724944776394e+01 3.791220600789431217e+01 4.124958937996854758e+01 4.473537531543045276e+01 6.487536898548962938e+01 7.048136604784083659e+01
4.477814497376513714e+01 4.230193882043300846e+01 3.612084261632697491e+01 1.690350568301469281e+01 3.665540855876021453e+01 1.943244870472465990e+01 3.968063111742811344e+01 4.596145645558588910e+01 4.849294913591020872e+01 4.217048121792414150e+01 5.624643315883370320e+01 6.014006553106870712e+01 4.706153576112529180e+01 5.612284769392696404e+01 6.779731366673563286e+01 8.803117021391584274e+01 9.908614099030702960e+01 7.945000728590967753e+01 6.550518464662305007e+01 5.893322782573535790e+01 5.298703028536294823e+01 4.916152084732100747e+01 4.560703589437347460e+01 4.296929806876958224e+01 6.287281585299582787e+01 6.664147235225330235e+01 5.673350141607778596e+01 7.074307041699870524e+01 9.056778756254963980e+01 8.095821646275767591e+01 6.056370536778498348e+01 4.627489988007199884e+01 3.948177901551254365e+01 5.978304620660249213e+01 6.487539877614761963e+01 5.026894585155322659e+01 7.048135566138255115e+01
5.642884270032408978e+01 5.300780735020416046e+01 3.332575099805880825e+01 2.359313202433763124e+01 1.736749720514649198e+01 3.897665054779874083e+01 2.251703987449698019e+01 2.572726046104461517e+01 2.901300859378604358e+01 3.236773324588367728e+01 3.603491033464742799e+01 3.990815824695067704e+01 4.706142838134660877e+01 5.533240196770653796e+01 6.697698812649997535e+01 8.704174943638740558e+01 9.908614118076559407e+01 7.945000728594605732e+01 8.108036270823193092e+01 6.139644541145454326e+01 7.270987822308528337e+01 6.313723284196411356e+01 5.968817725557037335e+01 6.268893979152608154e+01 4.614210417195102565e+01 6.596963730629545353e+01 7.654959563382533361e+01 7.074307041699870524e+01 9.056778756254963980e+01 8.095821646275767591e+01 6.056370536778498348e+01 6.138134738062786511e+01 4.110190661786506894e+01 6.138134738079494213e+01 7.897198691550826766e+01 7.048140398700003573e+01 5.653544068298509728e+01
5.279531375839432883e+01 4.446594568013448878e+01 3.760113937989888910e+01 1.783940100516412031e+01 3.772887819808078547e+01 4.941552720052951031e+01 4.278735099881566128e+01 2.694497093157777101e+01 4.720956276357298265e+01 5.255633083472126543e+01 5.624643315883370320e+01 6.014006553106870712e+01 6.721541852109788806e+01 7.542797350316079985e+01 8.378416701810230904e+01 9.537940526107911410e+01 1.072491880855510828e+02 9.908614118076559407e+01 8.763584106128807605e+01 6.797162934411984736e+01 8.763584106128807605e+01 8.285409473096636646e+01 7.988166981707010450e+01 6.818191198153877508e+01 4.839413138258271374e+01 5.828382545547891880e+01 7.808000833710495669e+01 9.056778756254963980e+01 9.877387705993072586e+01 8.942239137060117571e+01 8.095821646275767591e+01 6.299280244232090098e+01 4.273788473482322559e+01 6.299239355238887583e+01 7.501423858282461765e+01 8.542043648766737363e+01 7.693119018041723223e+01
4.458721467280419404e+01 2.568869150557462078e+01 3.211610597536197531e+01 1.817437747118939839e+01 2.771492121010024334e+01 4.758671291943104364e+01 5.558291088643959910e+01 4.720956276357298265e+01 3.158725596471138886e+01 5.186058295246998284e+01 6.042737684361507178e+01 6.433254838729476432e+01 6.865488981131197477e+01 7.330006170737581783e+01 7.852108924969424208e+01 8.566369469002208348e+01 9.400645139908205294e+01 1.040961637814848046e+02 9.576969069395417478e+01 7.783724979460814097e+01 9.576969069395417478e+01 9.335485769907937481e+01 7.352532884385165346e+01 5.953368276222111888e+01 5.071402593392499369e+01 7.047939202085309773e+01 7.807981297482436389e+01 9.789928877512947736e+01 9.926791327441522128e+01 7.874447830568433915e+01 6.432833149190805955e+01 6.507912448554145612e+01 4.485280756362189436e+01 4.642900383816510868e+01 6.658830941177616580e+01 7.528229340020510563e+01 8.052379776975132586e+01
2.983731509707755691e+01 4.020809736869667717e+01 2.201390746957780920e+01 2.374738662027911928e+01 1.865188620311485224e+01 3.951871305504207044e+01 4.842932025694964437e+01 6.024087676960976978e+01 5.186058295246998284e+01 3.649093904334331029e+01 4.012995507156763608e+01 4.404068180951837519e+01 4.838131147676402577e+01 5.305222683705833475e+01 5.830013652820031922e+01 6.546135572124299529e+01 7.555814759820934512e+01 9.576924178183499237e+01 1.055989571500166022e+02 9.744416408949240349e+01 1.055883900188516975e+02 9.910569625697590368e+01 7.932877417656459329e+01 7.289393562750767330e+01 5.313217853006347724e+01 6.193971996049064899e+01 7.594528751002216893e+01 9.578458176098098420e+01 9.167758739583894112e+01 7.120184768191008118e+01 6.807681493354247948e+01 4.785765962331461765e+01 6.507912448554145612e+01 6.659702070103539029e+01 5.020013880836937403e+01 5.505163649109348256e+01 6.022776268487140072e+01
4.950531466445264073e+01 4.805507714193187496e+01 3.168465042761214434e+01 3.869308195649755078e+01 2.447233535089695522e+01 1.913194391878051448e+01 3.952394662821347993e+01 4.997360662906471163e+01 6.515707938659899412e+01 5.678185227588166839e+01 5.449544789253245369e+01 5.577643419973333749e+01 6.865488981131197477e+01 6.738035017748329381e+01 7.260302754097192235e+01 7.481389159595882177e+01 9.400645139908205294e+01 1.040961637814848046e+02 1.152842707723190756e+02 1.064290087061773420e+02 9.823529661183057726e+01 9.161499011849247154e+01 8.562370071983845321e+01 7.544669083925442976e+01 5.567313399517605177e+01 7.544669083925442976e+01 8.175608226217276808e+01 1.015828526909022145e+02 8.566809132867955157e+01 6.520973369483407112e+01 5.095081064985725305e+01 6.807681441837443970e+01 7.653947776615498810e+01 7.361260415810845359e+01 5.340253030827906855e+01 7.361260415836134996e+01 8.052379776975132586e+01
6.287091547620796206e+01 5.768157522505889290e+01 4.958292010236350222e+01 4.698171675633450661e+01 3.899581592948984365e+01 1.947594664503271034e+01 1.972420625074811795e+01 4.144346897301942079e+01 5.357601786574558389e+01 6.810505121789002203e+01 7.474832016835240722e+01 7.602041772518423102e+01 8.437152922161556035e+01 8.759150956817846634e+01 9.280855408985753741e+01 9.501622718446751037e+01 1.033393702719942411e+02 1.210667230113974284e+02 1.013107291336922202e+02 8.728147336562243197e+01 7.837437713181626009e+01 7.174413117272304419e+01 6.577165054563099034e+01 6.147048121097303408e+01 5.904044179129260073e+01 7.045246783989979633e+01 9.030411336273452605e+01 9.721464274673427042e+01 8.537481856082615650e+01 7.349390990586690009e+01 5.319528262678117869e+01 6.393073163102195622e+01 8.238249243742338024e+01 7.698852276100187453e+01 5.673301114515645338e+01 7.698852276100267034e+01 8.797551672888843655e+01
6.407012172868591904e+01 5.348455568369878677e+01 4.779117689158032078e+01 3.997975755405185794e+01 1.996386280478955300e+01 3.714328085112813227e+01 4.143043790165823026e+01 2.410192355083549387e+01 3.904693349698907667e+01 4.879572468657853790e+01 6.931602362436265707e+01 7.624164242695546534e+01 7.973719031871559082e+01 8.345543885208651602e+01 8.486184848661386582e+01 9.343371089745825486e+01 9.461525768052946717e+01 1.032229951351071549e+02 1.152842707723190756e+02 1.064290087061773420e+02 9.623806803981661062e+01 7.638040509545250245e+01 8.562370071983821163e+01 8.129162821396377581e+01 6.262934180091716030e+01 8.246406979016573757e+01 9.850724129575785071e+01 8.873995417110914730e+01 6.821311596520392584e+01 5.652131004184369090e+01 7.349391011945377272e+01 8.069406452205181779e+01 9.097174020432279917e+01 8.544605907573495074e+01 6.837089360947402383e+01 6.200661096705371733e+01 6.759932156795795777e+01
5.227812436728363110e+01 2.463794011147050611e+01 3.820717604473023243e+01 2.045433464020326397e+01 3.991242188823668613e+01 3.616902621103843529e+01 5.302443639806847386e+01 4.506319061971329631e+01 2.816040279615940989e+01 4.879572478570398886e+01 6.126333227858855679e+01 5.582286775554852198e+01 5.935481816778558795e+01 6.308975226590968077e+01 6.452674267888981774e+01 7.789900372853055899e+01 7.414211138393943656e+01 9.110602052531713468e+01 9.971886093506878979e+01 1.100703892082481872e+02 1.044351066700366459e+02 8.632761856080338703e+01 1.043468165619487422e+02 8.621762119428331061e+01 6.635569409709809463e+01 7.782452721764445869e+01 9.768280078272213984e+01 9.392373553648117479e+01 7.336046123906218952e+01 5.896660093393918345e+01 7.938330513123096921e+01 9.167862348882492540e+01 1.062023416652456405e+02 9.722618070217329489e+01 8.876042310238398159e+01 7.368116968262866351e+01 7.024618855795895911e+01
3.322800857515592554e+01 2.374191132505239921e+01 2.094697319540635405e+01 4.002662268381294552e+01 4.849203370232788046e+01 5.596398882447678602e+01 6.390774967651508831e+01 5.710937723402073374e+01 4.265234602558552979e+01 3.217387449849875480e+01 5.275297541413114999e+01 4.119641094342099308e+01 4.479221355340368405e+01 4.862441470436691304e+01 5.278813989898044667e+01 5.762921880020223853e+01 6.403138253578197236e+01 7.072526676504222110e+01 8.079184585781027295e+01 1.014201951928239822e+02 1.143384207612377992e+02 1.003591126747809881e+02 9.615003499712881307e+01 7.628520739143752394e+01 7.147125423678954803e+01 9.135039266577835804e+01 1.058785438114079795e+02 9.392373656487897904e+01 7.336046123937093455e+01 7.938330513123096921e+01 6.270633223806132150e+01 7.715490531240411087e+01 9.578582163279726558e+01 1.076581826666082691e+02 1.025954226930873148e+02 9.413074456498364384e+01 7.699048168303136208e+01
3.569844356118680651e+01 2.144066554623169196e+01 3.933888762748038204e+01 4.605035293060262092e+01 4.513003915199087146e+01 6.102781532210593696e+01 7.877874101842067489e+01 7.067608031842674166e+01 5.927715617262969516e+01 4.486630244914204724e+01 3.636851057461029768e+01 5.701236348699539747e+01 6.532467675412520691e+01 6.308975226590968077e+01 6.452674267888981774e+01 7.789900372853055899e+01 7.789900170359764786e+01 9.110602052531713468e+01 9.971886093506878979e+01 1.100703892082481872e+02 1.283177288476944113e+02 1.101548946015477384e+02 9.034903220984743655e+01 9.615003499712881307e+01 8.037460213710787116e+01 8.142561951992293245e+01 1.012751658116338547e+02 1.023851808235313854e+02 9.392373659428649546e+01 7.940896371279956156e+01 8.318684417558569066e+01 6.675732570169644475e+01 7.857695609166928818e+01 9.920372746751171178e+01 1.090705143578681060e+02 1.059562707693324910e+02 8.609983464695309863e+01
4.279243905453468955e+01 2.178923209366662306e+01 4.011409148077505904e+01 3.327645733476013845e+01 5.388104726201088113e+01 5.754568248222889082e+01 6.846550810978344259e+01 8.389154846317734382e+01 7.098466397690656038e+01 5.281922165666571090e+01 5.101371838007496962e+01 5.101371838007496962e+01 7.149437385998605521e+01 8.345543885208651602e+01 8.486184848661386582e+01 9.343371089745825486e+01 9.842797935447570978e+01 1.012559654701202163e+02 1.094779598977532089e+02 1.232473085965237942e+02 1.149454868226016799e+02 1.183446009176836640e+02 1.101548946015477384e+02 1.084217146675163974e+02 9.186436532399694954e+01 9.032998167820015567e+01 1.094663256588701898e+02 1.204716953024050952e+02 9.999648454421325994e+01 9.458322943951989714e+01 7.396859478382187092e+01 8.729485546115623151e+01 7.220025671511470478e+01 7.994917964506535668e+01 1.006119682056771723e+02 1.151393819340812996e+02 1.006809431749696842e+02
4.234025312068264668e+01 2.214525172785750584e+01 2.295797342576980427e+01 4.241160467370220033e+01 5.205282550174901957e+01 6.613820661887660890e+01 7.373344113933417532e+01 8.831308526005437898e+01 8.073378788945360895e+01 7.241966155732272625e+01 7.149437385998605521e+01 7.149437385998606942e+01 8.001478624604045820e+01 9.524113975135570342e+01 1.033521881060991490e+02 9.574831072000134213e+01 8.765326080461950653e+01 8.201883757354522686e+01 1.012559661610640944e+02 1.117782196422180760e+02 9.515389284388425040e+01 1.108476407156456531e+02 1.191310781138283943e+02 1.198445960131461163e+02 1.116576546516288460e+02 1.017827771270327872e+02 1.183164119975413513e+02 1.172351191868322360e+02 9.666233605108915583e+01 8.202486304048029808e+01 9.458322943951989714e+01 9.742099430817962968e+01 7.677143563239148705e+01 9.742099430817962968e+01 9.457768348727036312e+01 1.151800202120756467e+02 1.212471486238346756e+02
