MOVIE_S3_data/elevation_000179.asc
nrows	100
cellsize	150.0
xllcorner	0
ncols	100
yllcorner	0
NODATA_value	-9999
[rows 68 to 84 of 100, columns 37 to 73 of 100]
1.082479048270810438e+02 8.956438933385727807e+01 1.006118121735728721e+02 1.091241438838210058e+02 1.059223430112206188e+02 9.744548764452405010e+01 8.629196175584449691e+01 7.283054082245162419e+01 5.319706695252318696e+01 5.976106290123495768e+01 7.642746932863981613e+01 8.792557190976255299e+01 8.970822321720403636e+01 7.973584473175384346e+01 6.551397667030573757e+01 4.594313405192249888e+01 5.998988410492957968e+01 4.095205865044844273e+01 5.132696338080950937e+01 6.690343661068773429e+01 6.991506506851507652e+01 5.065433479947264317e+01 6.436402843587588052e+01 6.499083908180500657e+01 6.102091013848423984e+01 4.691062151369465028e+01 4.759996232018190199e+01 4.835812587910677252e+01 4.911780509141995310e+01 6.351659333855843670e+01 6.708535325978581909e+01 5.188598489034654193e+01 5.259220772775426411e+01 5.328893283196600805e+01 5.410705500920891353e+01 7.359997163220411664e+01 7.114279955373923769e+01
1.184661066005881622e+02 1.099124660682327459e+02 1.184668504263810149e+02 1.110006225347296436e+02 1.008897817940056996e+02 9.250996842300598644e+01 7.794229229651915603e+01 5.814456661627056633e+01 6.697660082669040094e+01 7.957931637339754616e+01 8.792567085815269934e+01 9.556925476231057814e+01 7.546752934464778662e+01 6.150207741318058652e+01 5.181193667976177863e+01 6.551397667023852023e+01 6.883094951153150021e+01 6.060209516027462939e+01 4.159673170679486276e+01 6.046663602582674457e+01 6.264594730386840382e+01 5.858610282571496697e+01 4.478863270656909634e+01 4.544948527602139876e+01 4.610987589729331404e+01 4.731351544537845655e+01 5.140186070930532480e+01 6.800116967855855421e+01 5.046766907528963486e+01 7.277491510197130253e+01 7.490072520774917564e+01 6.115625244794018300e+01 7.089058659429564102e+01 7.277143188805432317e+01 5.508823201476739229e+01 7.443431627696763542e+01 8.474135599205064295e+01
1.075224853465235526e+02 1.109804615923694087e+02 1.194138389500350570e+02 1.026170905163350255e+02 8.240284632967698997e+01 7.236666999196127392e+01 6.577361515566620653e+01 6.330847057180861270e+01 8.327987663729896894e+01 9.532908769159169537e+01 1.015597290336391438e+02 9.317653034225337194e+01 7.865543133679776133e+01 5.886402770481275581e+01 7.142863290955507694e+01 7.547051151850665462e+01 7.074152431109168049e+01 4.270768047824627445e+01 4.222375610364234433e+01 4.254011258220955938e+01 4.320306238049148106e+01 4.386144735565237340e+01 6.329880790878496555e+01 6.498306987645921140e+01 5.218957045821455409e+01 6.350712907493699788e+01 6.874506560981431846e+01 5.280931401554477134e+01 7.157620807925952988e+01 8.313140202346224328e+01 8.689829574362650533e+01 8.103536615006117927e+01 8.718827312972626942e+01 7.041353347076622526e+01 7.441359957104212697e+01 5.689501911575325721e+01 7.635618331761810396e+01
9.712654553190122897e+01 9.027404410208440311e+01 1.075175675188914965e+02 1.110006225347296436e+02 9.250996842300598644e+01 8.579553561265778683e+01 8.579553561265778683e+01 6.952638769057618617e+01 8.327985264547741906e+01 1.034704120765380821e+02 9.317653034225367037e+01 7.306568297578618854e+01 6.682543234006240596e+01 7.865543133679776133e+01 7.547052176781366484e+01 5.550759832854506470e+01 5.081603400235089651e+01 4.849207886714407323e+01 6.053144694579361840e+01 4.310198949667027080e+01 6.270776185798296609e+01 5.523702137173663829e+01 5.529471116780015905e+01 7.435909257054430554e+01 7.243446048831444273e+01 6.125743388261604139e+01 7.917796815715364289e+01 7.198063001068604194e+01 5.580881912213353502e+01 7.543346922499198115e+01 8.774196599587332912e+01 9.938004962771294970e+01 8.962161725274627599e+01 8.617905110575448191e+01 6.807180785331635775e+01 5.817338064581591794e+01 7.771530396963765952e+01
8.857072830587942747e+01 7.814907772713020506e+01 9.823043560075446123e+01 1.072927617936951208e+02 1.127431154043806316e+02 1.059987330772556930e+02 9.637045478644149910e+01 7.618011852713415522e+01 9.637045478644149910e+01 1.059671660650397769e+02 8.574339253690551743e+01 9.317653034225367037e+01 8.681692248639863863e+01 8.220856610409278176e+01 6.199442763523467903e+01 7.479813272289014492e+01 6.871791605788585855e+01 6.539148299301704981e+01 4.397410929440699334e+01 5.003351701255171236e+01 6.512454434306644657e+01 7.387070615623419201e+01 6.871846492731476985e+01 7.335756361474683729e+01 8.725695244516424509e+01 6.921706905664025555e+01 8.771984658855340911e+01 8.144488338400626048e+01 6.150832070126196527e+01 5.949813241290816990e+01 7.087272806813194848e+01 9.100261335475920532e+01 1.093088236813248102e+02 9.593329364091027855e+01 8.487741835692081338e+01 7.771530396963765952e+01 5.999567746619567998e+01
8.118706627889761762e+01 6.882348745682345736e+01 7.798358056044942543e+01 9.879631346258898361e+01 1.052990563019545647e+02 1.137590443824350501e+02 1.047513149452470316e+02 8.625565932269448410e+01 1.047512941774256205e+02 1.059671654426186080e+02 1.059671660650397342e+02 1.071922475643196861e+02 8.970908969972298053e+01 6.916805322135725476e+01 8.220856610365743222e+01 8.276654092522582573e+01 7.456159126497375667e+01 6.412037322584490084e+01 4.458760989126422203e+01 6.354953639479025895e+01 6.530663141956914330e+01 8.503389944842913906e+01 8.807480508318650436e+01 9.056303677499379035e+01 9.576660644565068026e+01 8.248982868493361309e+01 9.683744702472486665e+01 8.814546210553024252e+01 6.804503961391191069e+01 7.937798319893488497e+01 6.356236336705918433e+01 8.362131600942301191e+01 9.541759741822524177e+01 1.048381862728837888e+02 9.036786379050052176e+01 7.217735204037046515e+01 7.964973338374038292e+01
7.336243149132991448e+01 6.112822274312776472e+01 8.180278820823001240e+01 9.059172405777768233e+01 8.449974757591255070e+01 1.052990563019545647e+02 1.148667441205195558e+02 1.064852695929300097e+02 1.148673717916587833e+02 1.262375492830447854e+02 1.183475130205694654e+02 9.858066544415720500e+01 7.777496707655674868e+01 8.360074279259910668e+01 9.010505987515719539e+01 6.943194064895166662e+01 5.519294226798326264e+01 4.993298249718077386e+01 4.519891456444224787e+01 6.472578620510087433e+01 7.378838168662598207e+01 8.659653030996958023e+01 8.449040033654308957e+01 8.449061730083955979e+01 1.045824283399746548e+02 1.026488652946758862e+02 1.082772791628021309e+02 8.813471457289588784e+01 7.699399286870317383e+01 9.198752961501838854e+01 8.362131600942301191e+01 6.791151065104173767e+01 7.825073735725173663e+01 9.741153061148914105e+01 1.002331844603020556e+02 8.604212307099295742e+01 8.756819745507532105e+01
5.303577058042307613e+01 5.807503765906492532e+01 6.356877045562081463e+01 6.969643217096859189e+01 8.178258050894262965e+01 9.658975406158550925e+01 1.171960039524259969e+02 1.144848330756723414e+02 1.060797441239722758e+02 1.144846630588087351e+02 1.097742619956408134e+02 8.883289275707112154e+01 9.858066544415720500e+01 1.044559436465812894e+02 9.010506027708565568e+01 6.943194064922634823e+01 7.529963345080638248e+01 6.002668154112922139e+01 6.354640615716656527e+01 4.606802059388878234e+01 5.977546866088047040e+01 7.133476593239969077e+01 6.370939983169196807e+01 8.449069370060719564e+01 9.300160539026572337e+01 1.016742748648037349e+02 1.053171053443066825e+02 1.054126852037538384e+02 9.124314272451697150e+01 1.055339959767707398e+02 9.582516095270517553e+01 7.550492024544733738e+01 7.316751481594995710e+01 8.742580705430917476e+01 1.076368863495850121e+02 1.059765809632571916e+02 9.394718779505966211e+01
7.336242504933400710e+01 7.487505319128557346e+01 8.429155868976339150e+01 9.059172405777768233e+01 9.912939597917379331e+01 1.025768585779526916e+02 1.110273948389882435e+02 1.043366651489071728e+02 8.578374735121748529e+01 1.043366651489071728e+02 1.183475130208378232e+02 1.036540313544465306e+02 1.183475130208378232e+02 1.151188835197305735e+02 9.856115617038847176e+01 9.010506027708561305e+01 8.866460609853896813e+01 8.020460120994557940e+01 7.362251922997212716e+01 6.557647882250977034e+01 4.694106750875083378e+01 4.756053352471540308e+01 7.041082376317051228e+01 7.600302573853713284e+01 7.218900908522174120e+01 8.816607898127176668e+01 8.431120160351005666e+01 1.053164104563428793e+02 1.114923467652114368e+02 1.103250947112747156e+02 8.987710528991813419e+01 9.586618272980275890e+01 7.712056734221445708e+01 9.138091621264246101e+01 1.116027055126713492e+02 1.105745978891192465e+02 9.021026268338154352e+01
6.865298302607838821e+01 8.940778542270243179e+01 9.968531800014787336e+01 9.233616371302152004e+01 8.829111628054774030e+01 8.237376807239573395e+01 1.025768585779526916e+02 9.593171457548820058e+01 7.573998284184177976e+01 9.593171457548820058e+01 1.117693059307714236e+02 1.245500171603261634e+02 1.206256334827501320e+02 1.015208398814888824e+02 8.802182141311419628e+01 9.361452456778822295e+01 8.861017357650170823e+01 8.401212953509795511e+01 8.153874110372973405e+01 7.342757261021405668e+01 6.612303404976084664e+01 5.168834069532301356e+01 4.843324773246306592e+01 5.404667790014589457e+01 6.085780173575361118e+01 6.744222062653571470e+01 7.776235696935360409e+01 9.269061929705705438e+01 1.144411609046558453e+02 1.187760326172551970e+02 1.103250947112747156e+02 1.015112144061421873e+02 8.133288163102727708e+01 1.015112144061311312e+02 1.194351413803290853e+02 1.190759454748607169e+02 1.040867654579085269e+02
8.598442227939017357e+01 9.794136650271883582e+01 9.535641683594849383e+01 6.872277203743297491e+01 6.892905843566155966e+01 8.829111628054774030e+01 8.779173350583322133e+01 8.920112204315431370e+01 6.913418182501843035e+01 8.321329016059303285e+01 1.006219854449006306e+02 1.122692206594583979e+02 1.228615310774060134e+02 1.118086930178620833e+02 9.361452456778822295e+01 7.423275651310011369e+01 6.910661284594615950e+01 6.447625574117513736e+01 7.349411261287639263e+01 5.427283048146077249e+01 5.172508791529864425e+01 4.927826236166580287e+01 6.820217477643311099e+01 7.599576075731128810e+01 8.187002474759205484e+01 8.816607898127176668e+01 9.689781529192624987e+01 1.074798219587382562e+02 1.095572026673329873e+02 1.178297722377379273e+02 1.180432595184634295e+02 9.779572205353358072e+01 8.845476993937769805e+01 9.082638384590072178e+01 1.050964317143543099e+02 1.253890718590265294e+02 1.246021243682148452e+02
9.222907034631205647e+01 1.038983022177453535e+02 9.346662969733679915e+01 7.629858205598631571e+01 6.195084877626744913e+01 7.394306974279272993e+01 6.799271108321396184e+01 7.698312589055692001e+01 6.369388295091927432e+01 7.238301886698799592e+01 8.373943746961616341e+01 1.038765045228250301e+02 1.148105657664546015e+02 9.578770895868781565e+01 8.472058589786085747e+01 9.361452456778822295e+01 8.861017357650170823e+01 7.783515189666033507e+01 5.838486552898918092e+01 7.344706376246990942e+01 6.859072500656729687e+01 4.985737217639982788e+01 5.924780728939369112e+01 6.977919368755324570e+01 8.407707722626068403e+01 1.039450952336391509e+02 1.007091146446706489e+02 9.458599612840764337e+01 8.958987278351224859e+01 1.095572026673329873e+02 1.264321223121155526e+02 1.163056895416018648e+02 9.605598596029319935e+01 1.110400084047106901e+02 1.050964317143543099e+02 1.253890718595881850e+02 1.256634806175792107e+02
9.798074315287473723e+01 8.975508486492846316e+01 7.541635132981033962e+01 8.293830037265418298e+01 7.394306974279231781e+01 5.453992858839895774e+01 5.408428150087603825e+01 5.730992395582493515e+01 6.258363909861544983e+01 8.223523611780683495e+01 9.735964045057477279e+01 1.057493972727012306e+02 1.158684016526447209e+02 1.118086930178620975e+02 1.038277142842320728e+02 9.984085818509332455e+01 8.453395732733989121e+01 6.500375123894650642e+01 7.783513545021047264e+01 7.913703183177466371e+01 5.544400652645825289e+01 5.095214401388795267e+01 5.053813644851156539e+01 6.981361779889147101e+01 9.038562418813728527e+01 9.325987707507054836e+01 8.065593053857563177e+01 7.542526701071200534e+01 8.699661602597959131e+01 1.011285421265571927e+02 1.210709670859083786e+02 1.247032253477828050e+02 1.163056895416020637e+02 1.125774185350145160e+02 1.253890718595905582e+02 1.337738511286333676e+02 1.341978804521209554e+02
9.478144073990951313e+01 8.144852082041983010e+01 6.161598144767763330e+01 6.316632780191743279e+01 6.586842455661484053e+01 4.974434691465533831e+01 6.945669650997065503e+01 6.862145146604474633e+01 8.223523611780683495e+01 7.086453092788605090e+01 7.734467589252847119e+01 8.724753588605781829e+01 1.074717450510829906e+02 1.199538677676754617e+02 1.054109048630359950e+02 8.626502688796044538e+01 7.245617129587496663e+01 8.453395732733989121e+01 8.841787173483652396e+01 7.441687139207188295e+01 5.498267735048991511e+01 6.885794436296346532e+01 5.101738391820779128e+01 7.035855673896280393e+01 7.593339478019477440e+01 7.312619787782135461e+01 6.653511505843835039e+01 8.654849122029021657e+01 1.037098225106251022e+02 1.104982644245627910e+02 1.188600784232487371e+02 1.185244674792106565e+02 1.269708746519011981e+02 1.328945931437266950e+02 1.412673854877137387e+02 1.441449229061460358e+02 1.358786001981530944e+02
8.071197579621652096e+01 6.664250806577207698e+01 6.895740449037104725e+01 4.927769392269344451e+01 4.626628408151957927e+01 6.586842455661484053e+01 7.771089883379764274e+01 8.840538557261508856e+01 9.675366990362948627e+01 9.068798559320444497e+01 9.735964045057477279e+01 1.057493972727012306e+02 1.158684072142102792e+02 1.119130756901153774e+02 9.286567459060245255e+01 8.173225613251889854e+01 9.187272469180662426e+01 9.432291872784601594e+01 7.428737377129931474e+01 6.026062524890961924e+01 7.427235767194419225e+01 6.432692788991494126e+01 5.154329009283726037e+01 7.080277174250045391e+01 5.626655002028434183e+01 5.919627541261961312e+01 6.319233777599997381e+01 8.314246619573408736e+01 9.401684177962350475e+01 9.031272656693617762e+01 1.057094591544277762e+02 9.828244100729500587e+01 1.125852546742673610e+02 1.330354337180990001e+02 1.385090796512676263e+02 1.341401435022540340e+02 1.158471334630761049e+02
7.244676814316545688e+01 5.280594830140634599e+01 6.002482295701296522e+01 4.294067598125192831e+01 6.241268479040908090e+01 7.410858775382736496e+01 8.835449684084717603e+01 9.054052676589374471e+01 9.882204235116674340e+01 1.055058973042235522e+02 1.041136005877843331e+02 1.124129019097842956e+02 1.240111824444540503e+02 1.144006075132103319e+02 9.533056839884348221e+01 1.009160535379488124e+02 1.009922095498230590e+02 8.098433860861780431e+01 6.677793086017467772e+01 7.428737377126370234e+01 8.505167483539985085e+01 6.515027772099037406e+01 7.081556701907864237e+01 5.233614732083598398e+01 7.173509404825215086e+01 7.902321601610012181e+01 8.314246619573219732e+01 6.938040197349721439e+01 7.391454883662618158e+01 7.944242304089286222e+01 8.549839686526496507e+01 9.978991811453718697e+01 1.200004954159557400e+02 1.385090796512676263e+02 1.187278636925428685e+02 1.223766049745588731e+02 1.057850589418692806e+02
6.591209609044591389e+01 5.772055949596475699e+01 4.060932054329099827e+01 6.002482296901369807e+01 4.645634776986877057e+01 6.606647495643485968e+01 6.855889344126570961e+01 7.071974100981978495e+01 8.550978748461712087e+01 8.550978748461713508e+01 8.404734667425532280e+01 9.560131324085885751e+01 1.157416013479972889e+02 1.224597500239176355e+02 1.144006075132103319e+02 1.091220033183985834e+02 8.920816459574014345e+01 7.496408015646336764e+01 7.837534105809065466e+01 9.432291884326194520e+01 9.409271192203982537e+01 8.539518580600167752e+01 7.973041306118764737e+01 7.172140188556461737e+01 5.317873235613427596e+01 7.269186559514577084e+01 8.036331621856722052e+01 8.842372983448981927e+01 9.401684177962350475e+01 9.961309752876799450e+01 1.057094591544277762e+02 1.140890639554239669e+02 1.192486479646078266e+02 1.275730069501819202e+02 1.216379236289393901e+02 1.023226916092028205e+02 9.811989800106601933e+01
