MOVIE_S3_data/elevation_000995.asc
nrows	100
cellsize	150.0
xllcorner	0
ncols	100
yllcorner	0
NODATA_value	-9999
[rows 68 to 84 of 100, columns 37 to 73 of 100]
4.784746924151921377e+01 3.114629927916629271e+01 5.136155876039003232e+01 5.708109014065894371e+01 5.953145389167546853e+01 5.208503638275220027e+01 5.839852210637942420e+01 7.321020828497374566e+01 6.144548279769185228e+01 7.292928246534604853e+01 9.279782942087075526e+01 1.010728322791712230e+02 8.204266346960187661e+01 6.880970853832170064e+01 7.741160936254753722e+01 9.381165147034316476e+01 1.002701941798429175e+02 9.232239928713062227e+01 8.394875380317137115e+01 7.667017842390185933e+01 7.035625709388304472e+01 5.892121811187086422e+01 3.699815654892832129e+01 3.556606426495085316e+01 5.571132290085324712e+01 4.541378565780328813e+01 5.758368796007654566e+01 6.751061465889461033e+01 4.789652147225802281e+01 6.028937169453040923e+01 6.096655148440237326e+01 4.184133059296270574e+01 6.222951615258544678e+01 5.140745180678547399e+01 4.415204638541479909e+01 4.476001548589646717e+01 4.576816931107820352e+01
2.882951131763390507e+01 4.909406270323256649e+01 3.837629353636530283e+01 5.846343946856568863e+01 7.335221721091173208e+01 7.202262586201501904e+01 7.202239551709992327e+01 7.831777348367550928e+01 7.292928246655021951e+01 8.132693207034712657e+01 1.010726544312799859e+02 9.379290956413947811e+01 7.490318582120880819e+01 6.419592722598805778e+01 7.734611397286582246e+01 8.242420694699011108e+01 8.159103849220069549e+01 8.159103849159164668e+01 8.843436896371187572e+01 7.046928626379678917e+01 5.991988562638603355e+01 5.334569825205797855e+01 3.479673596305134708e+01 5.379138707961624277e+01 3.646963155787695143e+01 3.710606692160924780e+01 5.408727269946520977e+01 5.855030580801353324e+01 4.681797734898528063e+01 4.021541812121800774e+01 4.089648978236112953e+01 4.448796728067612349e+01 4.273095988539386525e+01 4.332667775878891803e+01 6.303524119831921979e+01 6.469860684090774328e+01 4.525149721337074737e+01
4.687516433034807761e+01 5.737752587314512454e+01 5.846343946856568863e+01 4.631314333654143667e+01 5.341917747741366895e+01 7.335222703396183874e+01 9.191799536444679575e+01 9.822469053618974044e+01 9.279785477375030212e+01 1.010734953497790798e+02 1.095299616434592593e+02 1.019229980753100335e+02 8.816678063083911354e+01 6.942483620746246231e+01 5.851853161463151309e+01 7.248485311075363313e+01 8.037642653113471169e+01 6.363587208163145448e+01 7.621361872782449609e+01 5.853282645925227712e+01 4.193470217496848562e+01 3.403048889018159429e+01 5.394534400123030338e+01 6.202637580403875006e+01 5.654764307243573285e+01 5.632326133328697182e+01 3.800154998547683505e+01 3.863228555990166058e+01 3.926240261931168618e+01 4.115882994333158251e+01 6.096591783065990455e+01 6.188552354522617094e+01 6.236112502731143081e+01 4.866206611906079615e+01 6.832043270960117809e+01 7.400756652811544711e+01 6.525546281295146400e+01
4.319305726211127450e+01 6.325866155565698534e+01 7.455843745207403117e+01 6.630482525641612312e+01 6.630482525641612312e+01 6.604224700651936075e+01 8.010110725908073448e+01 1.000053845511886976e+02 9.567060195682405777e+01 1.014904124481191019e+02 9.823684968477105883e+01 1.069006438272127184e+02 9.621871537348771142e+01 8.528016000965452292e+01 7.248485311075363313e+01 5.335883634039343804e+01 6.825099009244426895e+01 5.454202234556257878e+01 5.720549142166397871e+01 6.874145267872438581e+01 5.389475402470193188e+01 3.348906292447344413e+01 5.327895856536767383e+01 6.177821454842909077e+01 6.965214141712216644e+01 6.792495906780825976e+01 5.915336776138456543e+01 5.869703527323620307e+01 4.392175033483299273e+01 6.104922338612890087e+01 4.387892829226442615e+01 6.390234261344105704e+01 7.447103057172789420e+01 6.842335743562155415e+01 6.237528046272780813e+01 8.349441330166681041e+01 7.537870536516982156e+01
5.741131960002494594e+01 7.152287905880402263e+01 7.412998983448107992e+01 8.240578890145401658e+01 8.621823524280922868e+01 8.593093861142223489e+01 9.419526376517171684e+01 8.964416401708359672e+01 7.541481036582749198e+01 8.134754744468602894e+01 7.732981702759381903e+01 9.482923511414705331e+01 9.396235547643998132e+01 7.459143631466631064e+01 6.375186425568546866e+01 6.825098956024277186e+01 4.879015444471817631e+01 4.559580790541768636e+01 4.289759240004175922e+01 5.934130971037802027e+01 5.367184006080972836e+01 3.294811562919357328e+01 5.159824585395377738e+01 4.486831145664808673e+01 5.259782340942857104e+01 7.098072120573732491e+01 7.498625193339866257e+01 5.423321537820960714e+01 6.389977456145879131e+01 7.130759976562623592e+01 5.806469661064266319e+01 4.665377654213229164e+01 6.663995497201432272e+01 7.763390602607275071e+01 8.366866424133884550e+01 9.219646070623342382e+01 8.722123001217484273e+01
5.397789838322733402e+01 6.001084169736284224e+01 5.416249904981364693e+01 7.412998983448107992e+01 9.323235572468456667e+01 8.496065473021862147e+01 9.323235572468456667e+01 8.134754715200028841e+01 6.095145572730969263e+01 7.565538595824185109e+01 6.537858876596779112e+01 8.615383659564427887e+01 1.021508214423150918e+02 9.084059754196378833e+01 7.712713307044364797e+01 7.347940767973224752e+01 5.434863307367433549e+01 6.531098702299330228e+01 5.934130971049272318e+01 3.920269060395906280e+01 5.437116556377951326e+01 3.240803778498436571e+01 3.734600870406769246e+01 5.406113722925481824e+01 7.043171631126476484e+01 6.873186688914094589e+01 8.318379808957180899e+01 6.911735439807809200e+01 7.504395911914240003e+01 8.618552345061242193e+01 7.485064230057355417e+01 6.663998699936959724e+01 4.948842017267133997e+01 6.943553410964238992e+01 8.851531378528891025e+01 9.665830463231763758e+01 1.007710760208099003e+02
3.388586291511800397e+01 4.000183244314388276e+01 5.157108702699738245e+01 7.153976097879059637e+01 8.310996732863901570e+01 6.460191781809311351e+01 8.310996732863901570e+01 7.363926368483396345e+01 5.329390657741253534e+01 5.518304721084835052e+01 7.563598067039639261e+01 8.568877119825222621e+01 1.046456394377539141e+02 1.053679938261858808e+02 9.246499713555874678e+01 7.347940414471086967e+01 6.177240389904827111e+01 7.301481139375475493e+01 5.367762583384394048e+01 5.600199448493976462e+01 3.574704899906828359e+01 5.014435001297030681e+01 3.166456765382147864e+01 4.450342455620290849e+01 6.322808705665153894e+01 8.578684951273021397e+01 9.476749678153187517e+01 8.935204861556007927e+01 9.528931998921203217e+01 8.958975137686573476e+01 6.898804842999417986e+01 5.882557847920923422e+01 5.151668518782133788e+01 7.145753438000278379e+01 6.871586544322278201e+01 8.851531378528891025e+01 1.002868805853422600e+02
4.812437052058372444e+01 6.001084169736284224e+01 6.828414397563382465e+01 7.981444767860828904e+01 7.478128627415586038e+01 5.442125281309337481e+01 7.478122620813326193e+01 6.685832709155269526e+01 4.651819248419757002e+01 6.685842231427726290e+01 8.038276973130265901e+01 8.882854034134359722e+01 1.000361548291833174e+02 1.069397450852592470e+02 8.699621197096378467e+01 7.366105362317586014e+01 8.061864776540892308e+01 8.095070497944060151e+01 7.301483275718531729e+01 6.400922415298315116e+01 5.428432903008187793e+01 3.964496830466524102e+01 3.114205299392542869e+01 5.200264391560585153e+01 6.050078298162695489e+01 8.041066067565998310e+01 9.188827574690161271e+01 9.406730548478572018e+01 1.022879987399715560e+02 9.816950910416368004e+01 8.625622767069548047e+01 7.723494484329638965e+01 5.964035637549552860e+01 5.460379103928909927e+01 7.451498959886127693e+01 7.342209442163347433e+01 8.987053517429228577e+01
6.122407820200525208e+01 7.638429927281785581e+01 7.678919898414577005e+01 7.678919898414577005e+01 6.799459480797014521e+01 4.761110852248828706e+01 5.930303174159973878e+01 5.809716568611327858e+01 4.218274391260570155e+01 6.260217573543862102e+01 6.116648373116964876e+01 7.279958546792778407e+01 9.226988904810372105e+01 1.054360041476193572e+02 1.009616454299599155e+02 9.269865335936124495e+01 8.350429462791485946e+01 7.511989555636762361e+01 7.296376419466504615e+01 7.266309036777832375e+01 5.503212440823833873e+01 5.044783719319798365e+01 3.062064480662177957e+01 4.075097745698115403e+01 6.101454206917899370e+01 7.210598618367681922e+01 7.167581845280800223e+01 7.389404849659987917e+01 9.354313521439061674e+01 1.050869907304520581e+02 9.309105225645802761e+01 7.354127647535561607e+01 7.926727323096359612e+01 6.354193404361377162e+01 5.791196668714811580e+01 7.778632628320322340e+01 8.934036898699574181e+01
6.938253936506443154e+01 7.074894573462727010e+01 5.638641859505499809e+01 5.638641859505499809e+01 6.219473620052961849e+01 5.930303281420076900e+01 3.874188442393874254e+01 3.750191335034099893e+01 5.809770442075547692e+01 4.946541428437917176e+01 5.663841065840826872e+01 6.572163377767218151e+01 7.746525420059369083e+01 9.738651671105006358e+01 9.215295958957409539e+01 8.053807468515702794e+01 7.217215846841385485e+01 5.503377381752589059e+01 5.283843642054704048e+01 6.567558255145286239e+01 5.729187734151980749e+01 4.915353355354515941e+01 3.010025417046899676e+01 5.058852746113073096e+01 6.474743870418983249e+01 5.150022171055288567e+01 5.705449564986052025e+01 6.492547544428215645e+01 7.681043505168867114e+01 9.688462438802501708e+01 1.012046300266864023e+02 9.309105225645799919e+01 7.977764298976309476e+01 8.339237802327669158e+01 7.778632628320288234e+01 6.136485883235031480e+01 7.543526186304073633e+01
7.678919898414577005e+01 5.638641859505499809e+01 4.178872514033276531e+01 4.178872514033276531e+01 4.160335472817899927e+01 5.010965846613056840e+01 3.303530109720144736e+01 5.380782731362833715e+01 5.809770432651479410e+01 6.971553799500551918e+01 7.686765653726240544e+01 8.506934967567991634e+01 9.401701777750950839e+01 9.738226553437988287e+01 8.374175223092743181e+01 6.370263041846155971e+01 5.211935864869442980e+01 4.496155661220462463e+01 3.875117557963366011e+01 4.578978731332272645e+01 4.886189672575777365e+01 2.936435731285746087e+01 3.292595196919011613e+01 5.363669686483606824e+01 4.424038161845720651e+01 6.482626551282582739e+01 7.759591012775568686e+01 8.529478577092773151e+01 9.354313521439061674e+01 9.265471107612280832e+01 1.010928694588399139e+02 1.076106227688591161e+02 9.947610447777424270e+01 9.051029374382400761e+01 7.076787337498393526e+01 8.120362753059583838e+01 6.524497663429704630e+01
7.709859236571638519e+01 6.453788563615458429e+01 5.048391966820339860e+01 2.965187067395183718e+01 2.674754267977700550e+01 2.923810617750335794e+01 4.409670368225428660e+01 6.221363914200572509e+01 7.840223608833200331e+01 7.466988197994814414e+01 7.466988163553295976e+01 8.291963312543714437e+01 9.154270538527994461e+01 7.737125469444033854e+01 9.154270538527994461e+01 8.053807468515702794e+01 7.217215846841385485e+01 6.508242235650442353e+01 5.168609545582086184e+01 3.247876087524964106e+01 2.863426110516944689e+01 4.479144675263097497e+01 4.602630470517877370e+01 3.805589139910214413e+01 5.831129415190029874e+01 7.322444641469431303e+01 7.964673623911045297e+01 7.279908632343897068e+01 7.836962127081805818e+01 7.245254333374323608e+01 9.265471107612280832e+01 1.045471957201188786e+02 1.029101555630945768e+02 8.330425255296758280e+01 8.477003883915460847e+01 9.314831597382534767e+01 8.503305379794923624e+01
5.736636142177803777e+01 5.615154218818391740e+01 3.545043126609276385e+01 2.334359142920426322e+01 4.420301702822599310e+01 4.141842422601021667e+01 5.854508491209330856e+01 7.299374235691179535e+01 6.882223197580185570e+01 5.472483082622798634e+01 5.472483082616655992e+01 7.466988163553295976e+01 8.323234433002416210e+01 6.326055444661637495e+01 8.323234433002416210e+01 9.734301245871526476e+01 8.450408133894229934e+01 7.609851598048891219e+01 6.010481886175305988e+01 4.834389783467503321e+01 2.812001424858489429e+01 4.835152685971046793e+01 6.083277518438657694e+01 5.831129283802803087e+01 6.674051701221262078e+01 7.381426285717866165e+01 5.957685252005853016e+01 5.272580208536494695e+01 5.828477188627859817e+01 6.584792502903462719e+01 7.586037030680010673e+01 9.609586906491425395e+01 1.110226698571459991e+02 9.718837953670492880e+01 1.043684949861557527e+02 1.014834290378288273e+02 8.145033211662210704e+01
5.736636074385972961e+01 5.667483319792915353e+01 3.594397310308120552e+01 2.119976732609726611e+01 4.200552127891266707e+01 6.198209505170885336e+01 7.036059823884815501e+01 6.064620255801271753e+01 5.237429820676587156e+01 4.049963941591320093e+01 5.213206335995456442e+01 7.208839358402229891e+01 7.568371734003720519e+01 5.571439277129650947e+01 6.902727570825115322e+01 8.810969626920912390e+01 7.609851598048891219e+01 5.592385733382124613e+01 6.183287804330635851e+01 4.786726681487787260e+01 2.760432484106085838e+01 4.712986174220659308e+01 4.913969640802900329e+01 5.251602067319787182e+01 5.596059572661771142e+01 5.955447097722779404e+01 4.540910867018996555e+01 5.697645758707349017e+01 7.707223459839335078e+01 8.597811968585712350e+01 9.440487132988269536e+01 1.045471957201187934e+02 1.104819899620655974e+02 1.167237448468655998e+02 1.207088579842905176e+02 9.982635062319614860e+01 1.014834290378287704e+02
5.545464265400471504e+01 4.746102044040240031e+01 3.759330496380275122e+01 1.919499808976347310e+01 3.379294466146549780e+01 5.450977119807888727e+01 5.374279600067622198e+01 4.544864779424692358e+01 3.218273101958687477e+01 5.237429820676587156e+01 6.882223197580185570e+01 8.033674506493923673e+01 6.902727585130351429e+01 4.903489618189311727e+01 5.981445229793213514e+01 7.980282562816361747e+01 7.347380400711909942e+01 5.331118188278092163e+01 4.172335553089111926e+01 3.562245762519224712e+01 4.398199601411896253e+01 2.687422631397541295e+01 2.826022601702078063e+01 3.188666149670510919e+01 3.587568239492102151e+01 3.954962822175734516e+01 5.955447097772799481e+01 7.376423679442993375e+01 8.547554128199539036e+01 9.154783922777538407e+01 8.446899695275227771e+01 9.002176117093938501e+01 9.002176117093938501e+01 1.055454969027076118e+02 1.154177169551151394e+02 1.202452702512158140e+02 1.039250345706158356e+02
3.124646960461046419e+01 3.557061147364268550e+01 1.686362561150136941e+01 2.948845408831704873e+01 4.282992175347500563e+01 4.728343196667430703e+01 3.914015025282785132e+01 2.500677942165584611e+01 4.544864779424692358e+01 6.064620255801271753e+01 7.793698071028393315e+01 6.965240722237005855e+01 6.348238740443066774e+01 4.343696282175917389e+01 5.762890910907362496e+01 7.761393389790002573e+01 8.187577075798462545e+01 7.021396933638177984e+01 6.177293613840647168e+01 5.553422848396267852e+01 4.660580875079465102e+01 2.636027170639211548e+01 3.412161699450494723e+01 5.247185994692732436e+01 5.596059429231760163e+01 5.106823418103228818e+01 5.955896753885900807e+01 7.972547391747110623e+01 8.559620194593993858e+01 7.124198897563397281e+01 6.409466773856745192e+01 6.949274130830328033e+01 7.632180367446515845e+01 8.571253912169567002e+01 1.019579516405854207e+02 1.251539006083255003e+02 1.211348989154997042e+02
1.485482581064704277e+01 1.522992022741506268e+01 1.560416081961291468e+01 3.327224275911069640e+01 3.598175306344340640e+01 3.693864827233234394e+01 1.858850428282966050e+01 3.913716390353921781e+01 5.222269060908489280e+01 6.054393146861111319e+01 6.829417199235739133e+01 4.962895554701367473e+01 5.330332739106997764e+01 3.888430792474918007e+01 5.056223315672603036e+01 7.088079139423298614e+01 8.193885424664708239e+01 6.995861185821188144e+01 6.064635331886779568e+01 6.055527361269980702e+01 4.586384046515220092e+01 2.585097343388195412e+01 4.620373288371374088e+01 4.579316619357430795e+01 6.569740571010265739e+01 7.111890369329111650e+01 7.944796552838506898e+01 7.883845145242858621e+01 7.718943481655622918e+01 5.700551648821335959e+01 7.718943481672764051e+01 9.002176117093938501e+01 9.706990613300709470e+01 1.055454969027076118e+02 1.154177169551151394e+02 1.151237529824794166e+02 1.067690020943919080e+02
