MOVIE_S3_data/elevation_000514.asc
nrows	100
cellsize	150.0
xllcorner	0
ncols	100
yllcorner	0
NODATA_value	-9999
[rows 17 to 33 of 100, columns 0 to 36 of 100]
4.336683913182175498e-01 1.457580401504929313e+01 3.457580401504999656e+01 4.669089361347150202e+01 4.669089361347150202e+01 5.490804634447371058e+01 5.601203187040410825e+01 6.429630311789630071e+01 7.002732509009909734e+01 7.384803463146992897e+01 6.557462089579800590e+01 6.288112642969628041e+01 6.812044416012227543e+01 6.227402812398842968e+01 7.476854720890139561e+01 8.304742661066065068e+01 9.303582038531979492e+01 8.522140840770961745e+01 6.587100568915364818e+01 5.666519949433270398e+01 5.066585678152808470e+01 4.527361921815953849e+01 4.027333468992607379e+01 5.411891153272662791e+01 6.199896863436689642e+01 6.957860469792071001e+01 4.806214790247603474e+01 4.063601630657354491e+01 2.019675519673243613e+01 2.287875346385441233e+01 4.757519599205559047e+01 5.879465414294358538e+01 6.426357256487919756e+01 5.598307526732742900e+01 4.603723432478469135e+01 6.592974130962089419e+01 8.043933008955151820e+01
5.385724909496417689e-01 1.487226380601478759e+01 3.599371921072908265e+01 2.678876711926842447e+01 2.678876711926842447e+01 4.669089361347150202e+01 5.217972562505973855e+01 6.039611476612149232e+01 6.795851235724427397e+01 5.980535739394923667e+01 4.562764202178500739e+01 4.878355061351198430e+01 6.058447733882230324e+01 4.818215006252925292e+01 5.482423806256642251e+01 6.478437652595410157e+01 8.475271789184915860e+01 9.352849576663342646e+01 8.375009480121018157e+01 7.554620704332593562e+01 6.469055821865021016e+01 4.627543427679746912e+01 5.855218357136597973e+01 6.649614327819176651e+01 6.573218496761842289e+01 5.576046232708360151e+01 4.737114244686378584e+01 3.476404621590115340e+01 2.052067860132908450e+01 2.941295237346134428e+01 4.789140329092502668e+01 3.926421951607336780e+01 4.823713669521399083e+01 3.623523092301581272e+01 5.598307526732742900e+01 7.422631003184613974e+01 7.029768753751675092e+01
8.336531950628578436e-02 2.008336531950592985e+01 2.386122662535463590e+01 1.266247172070163174e+01 3.258303868600891917e+01 3.811199781696676325e+01 3.228495416709291277e+01 5.217972562505065781e+01 5.751094297009542089e+01 4.108984960913259954e+01 3.409726168605926944e+01 3.725980177942387428e+01 4.063928572375145620e+01 6.058447733882326247e+01 7.476854720890139561e+01 8.304742661986473706e+01 9.303582038798265330e+01 9.624495063410989815e+01 7.650546986673610661e+01 6.308372209233709782e+01 5.393586632811854997e+01 5.528240448414035058e+01 7.273202043890050561e+01 7.159668594070646463e+01 5.153323433277620325e+01 3.753346637264299801e+01 2.763535913389747023e+01 2.318305470072834851e+01 2.084213787656903705e+01 4.053012382378774703e+01 3.446516141802600686e+01 2.640817623337412101e+01 2.859996323893814463e+01 4.823713669521399083e+01 6.426357256487892755e+01 6.483799781307304499e+01 5.647874214814387273e+01
4.524162703296725763e-01 2.154929331847166285e+00 3.863644647280629396e+00 5.591381498442280495e+00 2.414704072978299010e+01 1.814538724988168283e+01 3.215760239252421826e+01 5.141261611179479019e+01 4.980928455749468498e+01 2.983227320517717374e+01 4.980928455749468498e+01 5.721312462785254382e+01 6.058447733882326247e+01 4.748539506793334652e+01 6.742302954748721788e+01 8.187831021120494768e+01 8.943068780873927892e+01 9.771524134503414416e+01 9.055991667360682129e+01 8.084561491879728123e+01 6.209518938691623902e+01 7.409871195316004844e+01 7.409871195316004844e+01 7.053921885970858341e+01 5.048276455017133202e+01 3.906174239618580657e+01 4.746867294648060209e+01 4.199818673457860996e+01 2.537406566507862493e+01 2.129322433622872168e+01 2.161247162133764022e+01 2.192995497835912033e+01 2.633938527940853547e+01 4.542761331784539180e+01 5.983008375362145870e+01 5.148810844944950560e+01 3.647485864308858083e+01
4.402443450947634007e-01 2.044024434509440979e+01 2.386122662535463945e+01 2.558755541727517624e+01 8.141688349405320935e+00 2.607344182737053373e+01 3.112190847407864780e+01 5.220600950833026843e+01 4.701194344398949454e+01 2.703109547432802628e+01 4.116413113862450501e+01 6.112981122181392379e+01 7.569730424239216404e+01 6.157706773895075258e+01 5.561981477935803753e+01 6.191716924974546288e+01 6.944897487840808026e+01 8.357272702418634935e+01 1.035730561826569129e+02 8.951722350878878842e+01 7.548043128808836855e+01 8.951722350874322842e+01 9.367717605652785551e+01 7.887548366148536161e+01 6.728420462265620472e+01 5.895961956510780055e+01 5.704264404482585604e+01 4.474883634482076644e+01 2.499758766312753977e+01 4.101166869155290584e+01 3.208497096268754234e+01 4.166719491813783094e+01 2.237868936911999285e+01 4.215371126512275168e+01 4.679592415860341248e+01 3.158072046783679809e+01 5.148810844944950560e+01
4.237187090225543740e-01 1.456585433275362895e+01 3.456585433275433417e+01 3.641727427811990481e+01 2.813732945581445222e+01 1.082631262315963383e+01 3.082221970561684543e+01 4.891149918926144124e+01 4.063848559619788148e+01 2.433392580098597335e+01 3.587756632964359937e+01 4.999992255824427900e+01 6.996377511808663030e+01 8.153642964763544398e+01 7.556604319781543211e+01 8.187831021120494768e+01 8.943068780873927892e+01 9.771524134503414416e+01 9.155732810086425388e+01 9.983446840424134905e+01 9.518927158091044305e+01 9.536305546845632364e+01 8.378119310884771664e+01 7.482179067315932741e+01 6.651844159466986639e+01 5.946817254750060044e+01 4.878243756385533203e+01 2.902190793884969011e+01 4.474883634482076644e+01 4.447901044107148749e+01 4.539275919120680669e+01 2.506469301372804281e+01 2.269631665356335049e+01 4.079365202628335396e+01 2.688273392666591732e+01 4.679592415860341248e+01 5.238261402447422910e+01
9.142864485297492738e-01 2.091428644852939556e+01 3.734169601649119130e+01 4.676791693106563486e+01 2.689537754906302780e+01 1.275978574622932094e+01 3.275447574072396861e+01 3.760946927824790009e+01 2.065136038840229205e+01 2.512389719158617396e+01 4.510455139974574479e+01 5.675161295021316477e+01 6.306101635134716332e+01 7.011348948679169268e+01 7.837306383696969192e+01 8.988747768087213785e+01 9.167091006161959399e+01 8.339144166134900615e+01 7.155507303439786426e+01 8.828945358915102304e+01 9.934005914757844380e+01 8.705811393124047015e+01 6.699340241627922410e+01 5.544907493802181619e+01 4.657726938489783919e+01 3.963947329160912858e+01 3.345148031610619199e+01 3.887241993027040365e+01 5.704056538648950436e+01 6.442343485987473173e+01 5.225264103208183997e+01 3.248752371207259415e+01 4.217948317299757832e+01 2.315025001378169378e+01 2.346959255565018765e+01 4.422674653179056747e+01 3.247274706083707230e+01
9.064013007315497861e-01 9.071366739537575441e+00 2.061822464324428239e+01 4.060051830150504060e+01 4.096979586224360759e+01 2.690025905466531242e+01 1.558821607119509878e+01 1.761891493005963127e+01 3.760946927824790009e+01 3.327612902823755547e+01 3.179109131440877078e+01 3.679028691901721970e+01 4.310893092695066997e+01 5.016608317395670724e+01 6.168303907607248249e+01 8.162969891317909799e+01 8.012055181872030118e+01 6.337842602016652904e+01 5.999154793213477177e+01 7.105693476042272039e+01 8.934508842769366765e+01 9.145861483843435735e+01 8.143122622332657556e+01 7.312618668746635819e+01 5.891896993817292127e+01 3.909976349057544098e+01 4.221571021123850187e+01 5.284309296401061573e+01 6.697033812207303072e+01 6.652699307261762840e+01 4.660695169900186130e+01 5.244026985164585852e+01 4.754771028950086276e+01 4.105083860866107415e+01 2.359951166558226276e+01 2.682082238321289580e+01 4.663514556684698675e+01
3.063610709598194592e-01 2.030636107095946485e+01 3.734169601649119130e+01 4.883637707946447648e+01 5.512970206222045988e+01 4.384638739667042273e+01 3.558062353051499116e+01 2.517854409985527653e+01 4.515967163448686250e+01 4.320780370299054596e+01 5.176128144241419449e+01 5.090872210151157873e+01 5.675161295021274555e+01 7.011348948679169268e+01 7.837306383696969192e+01 7.668906888263248334e+01 6.840466922384331383e+01 5.181311766843427336e+01 5.103252645131143339e+01 6.104888594854676853e+01 8.106498357229865803e+01 8.315549648584041620e+01 6.309687688909235703e+01 5.311404866460390650e+01 4.563229084278422221e+01 4.893838305053996862e+01 5.363134503200798520e+01 7.035307200388166393e+01 8.105261118746258830e+01 7.483954740598746014e+01 6.652634230370892965e+01 4.998144458689935732e+01 2.502869361747482557e+01 2.407687655316756548e+01 4.330197874093149579e+01 4.658063258213525160e+01 3.479485603504650726e+01
2.739570439748240105e-02 2.002739570439712580e+01 3.065475663060431799e+01 3.694178101777578149e+01 4.441936867087799357e+01 5.259538205558364155e+01 5.342093125612764482e+01 3.672089116346022308e+01 5.342093125612764482e+01 5.698876157656518870e+01 7.077858767863739331e+01 7.085759928061406754e+01 7.669795261102240147e+01 7.151742415153007926e+01 7.928422854224841387e+01 6.513144422813570600e+01 4.837965756559872688e+01 4.285364615018517043e+01 5.441997669216406308e+01 7.444134898143248336e+01 8.934508842769366765e+01 9.145861483843435735e+01 7.557405090066292530e+01 5.555056807107152395e+01 5.969412354750539151e+01 6.042955857693048927e+01 7.362497214659474309e+01 8.194147313884649009e+01 8.419052930422451198e+01 7.453525445962895901e+01 6.339278719354253866e+01 4.445373883368607437e+01 2.455761730746214155e+01 4.216076334624231947e+01 4.752392833499054348e+01 6.083639069145512224e+01 5.497512846877224746e+01
1.758338105654860817e-01 5.339809582128111742e+00 1.068500293788922306e+01 1.700911041408932078e+01 2.456426133984674109e+01 3.859258504622680164e+01 5.799760195835617083e+01 5.665404866099754599e+01 6.489431945190548845e+01 7.587782715796276989e+01 7.323937077027025566e+01 6.978626542289740087e+01 6.149544442829395763e+01 5.147348222960965813e+01 6.563756895435922445e+01 5.097869618777238543e+01 3.678165597030929490e+01 5.684322721312776849e+01 7.116895518725594627e+01 8.272404109143903383e+01 8.653812248932067064e+01 9.481673881181944807e+01 8.387862153129849219e+01 6.448473444056327253e+01 7.972936356478751918e+01 8.046754838762117856e+01 8.876075085122738528e+01 8.927974214449091050e+01 7.453525445970076646e+01 5.030339612200766197e+01 5.372310781050102690e+01 3.839648243680590411e+01 2.489662232441291678e+01 4.376966000957748548e+01 5.396739778211814098e+01 6.157210224617769967e+01 7.085944221320967529e+01
4.683972685643240652e-01 2.046839726856396879e+01 2.481550245413622591e+01 3.694178101777458778e+01 4.441936867087799357e+01 5.259538205558364155e+01 6.010969436186454118e+01 5.150321785088060977e+01 6.052100012398769024e+01 6.534869750797089694e+01 5.109443152217001938e+01 6.149544442829395763e+01 4.132300535283914655e+01 3.711854018598231164e+01 5.555463538786831634e+01 5.318050194022534072e+01 3.299625760929342988e+01 5.318050194022534072e+01 7.214541451303669817e+01 7.758183679402637267e+01 6.652922476533160534e+01 8.326842999698017422e+01 9.284781519592007726e+01 7.866755417782492543e+01 9.284781519592007726e+01 9.051784064885485748e+01 8.230323507224423452e+01 6.961010085917240531e+01 7.728897568130604157e+01 5.138888812545069129e+01 3.413857626254032596e+01 2.823478859486369075e+01 2.524046834694633645e+01 3.478741705749887103e+01 3.496811515958012961e+01 4.375739534998044178e+01 5.783434362582903532e+01
2.051881798473268459e-01 1.434732380357840142e+01 3.434732380357910841e+01 5.300156089521146896e+01 4.761066379571128238e+01 5.346748762196871496e+01 4.955033841378661918e+01 3.082930820415429096e+01 4.968004274786698460e+01 5.676437087717160068e+01 3.641071746807366338e+01 4.390390480705474374e+01 4.722319902684700565e+01 2.656767600503830806e+01 4.348372942305061173e+01 4.601767894363458566e+01 2.918580765968566126e+01 4.378848895946976683e+01 5.915680213505892482e+01 5.756357111772462787e+01 5.496486799764763731e+01 7.498598029386978681e+01 8.804885066589233134e+01 9.873610413904572169e+01 9.368088479833565430e+01 7.397421740202319995e+01 6.269649434072952232e+01 5.577360026046244457e+01 6.711228517180848030e+01 6.686856838240106526e+01 5.551978324303750867e+01 3.455889192986144565e+01 4.054717455229684475e+01 2.574014617940772354e+01 4.611748820091550982e+01 6.253783896504931050e+01 7.055351528217936163e+01
8.187695587851057111e-01 1.495793029677340868e+01 3.487347125747331233e+01 4.179430542666482751e+01 2.764878344735191718e+01 3.349205393856431812e+01 4.080459563528397382e+01 2.138834861041096858e+01 4.091974297776988578e+01 5.552703435851378089e+01 4.376075942199543789e+01 2.368537066007200309e+01 3.820174305810423476e+01 2.066845224350474197e+01 2.262948262103349961e+01 2.512219564069665623e+01 4.601767861121419401e+01 3.501111003070597860e+01 3.910896717560517288e+01 4.339878760084368281e+01 4.973391479505348656e+01 5.975047401651335832e+01 7.391065889171116510e+01 9.390998798595077801e+01 1.019312523885380699e+02 9.051784064885485748e+01 8.230323507224423452e+01 6.711227740558157961e+01 4.741502539289840712e+01 6.711227740558157961e+01 5.806626854356221656e+01 4.974249934999174627e+01 4.573206463601108140e+01 2.609739752674945379e+01 3.742330772827854446e+01 5.108399798512872536e+01 7.171042577440981347e+01
2.311624522989861319e-01 1.994349595918128415e+01 3.290745119347314329e+01 2.460893216210752854e+01 1.352179343248005949e+01 2.660207313979910282e+01 2.782813109708255084e+01 1.505307142829670752e+01 3.433076607056623430e+01 4.266877090086455837e+01 2.855430278852776738e+01 1.662092494448867441e+01 1.820714031657547594e+01 2.054242232294117798e+01 4.054276543712705916e+01 4.601767893933790532e+01 5.434084999453085629e+01 5.514723514316818154e+01 5.915680213505892482e+01 5.496486799764836206e+01 6.975940039037284635e+01 6.389789614360357461e+01 8.391032343883098576e+01 9.457078310350421191e+01 8.452200945121526843e+01 7.620680040906908914e+01 6.922404630980808804e+01 6.151970915349058799e+01 4.241786849921206226e+01 5.535441781069723532e+01 5.020544243067590173e+01 3.063899207461357932e+01 3.628339719085084880e+01 2.645526718627089124e+01 4.477334347786882773e+01 5.701754776853909590e+01 6.728694136165148620e+01
9.845726073866658545e-01 2.098457255214556483e+01 2.241697137750823288e+01 4.131047111317156073e+00 5.352885291541549684e+00 6.593537595390790429e+00 7.841652440915236610e+00 9.097514677794592330e+00 2.911556583890022054e+01 3.228568858843343037e+01 1.443058847318805427e+01 3.443036593940156820e+01 3.169925025636218407e+01 4.049228876158053225e+01 2.391718949938870864e+01 4.392656933266884067e+01 5.570367835299985870e+01 6.535103879136613614e+01 7.364303101853153066e+01 7.498598041846402396e+01 8.326845014077773044e+01 8.391032343883098576e+01 9.218983116283408208e+01 8.626504168320285260e+01 6.614855913493533990e+01 5.556752274792893331e+01 4.765119230463839273e+01 4.114848745829151255e+01 3.808624223116979834e+01 3.567086474008248587e+01 3.355455241790654952e+01 4.773382739203464808e+01 2.817903290540746752e+01 2.681279035412526923e+01 4.654684678319480895e+01 4.011439903495730874e+01 5.682274125781677299e+01
3.295302290958179725e-02 1.221830076863037018e+00 2.412817276157643409e+00 1.057392496271977578e+01 2.526258029944734673e+01 2.660206877738232123e+01 2.785234244495475053e+01 1.612244908423706136e+01 1.093101566737701802e+01 1.226880587113650556e+01 3.228568858843343037e+01 4.271759465400642597e+01 4.985799503841845848e+01 5.195332989192375095e+01 4.392656933266910357e+01 2.739711555285910549e+01 4.741044234926369683e+01 4.532479087585183208e+01 6.208215828181066342e+01 7.794247660021274271e+01 7.529984808562005583e+01 8.358850438018828299e+01 9.359641884659498601e+01 9.457078310350421191e+01 8.452200945121526843e+01 7.620680040906908914e+01 6.189163586318466059e+01 4.195174321536253359e+01 5.786404968800235338e+01 4.952659321166712658e+01 4.737767285050019694e+01 5.605524480585221880e+01 3.944182297148717709e+01 4.398955890317662920e+01 2.732611258832237766e+01 4.296689831159279294e+01 4.616008679096877643e+01
