MOVIE_S3_data/elevation_000483.asc
nrows	100
cellsize	150.0
xllcorner	0
ncols	100
yllcorner	0
NODATA_value	-9999
[rows 34 to 50 of 100, columns 0 to 36 of 100]
6.278687791629389281e-01 2.062786877895051063e+01 3.986422912266839091e+01 4.121939794052448036e+01 2.151004048020487147e+01 3.254776208169329976e+01 2.279461446495289323e+01 2.102338004585943310e+01 2.539552528600526671e+01 3.257822454529900114e+01 1.710781191824566250e+01 3.703645327136358389e+01 4.896012662843717322e+01 4.896010859824025374e+01 5.540085663156053641e+01 3.867559845578088584e+01 4.965507319536521891e+01 3.345286497965773265e+01 3.861546907992165956e+01 4.416003393264194443e+01 5.047804949496041615e+01 5.939745271372019886e+01 7.349549826211945458e+01 9.353528632525708986e+01 8.337114786686272794e+01 7.184711181146982995e+01 5.755052271329237357e+01 3.689600203219872299e+01 5.232060936954393071e+01 5.232060936952352392e+01 5.714529626387145811e+01 4.061977897643846802e+01 5.107997494836462948e+01 3.495225867589099522e+01 5.326259157115508458e+01 6.419383058557515653e+01 5.477953601443783072e+01
5.760807145981240440e-01 1.471821633832919929e+01 3.471821633832990273e+01 4.938019937206935595e+01 4.121939794052448036e+01 3.315966074194599145e+01 4.293404240622451340e+01 3.497799335799305709e+01 4.539826368548300195e+01 4.030952880044131348e+01 2.039611534776067359e+01 4.031040905179527556e+01 5.407635422777470779e+01 6.900813584474677498e+01 6.693904025934632784e+01 5.864927444236763421e+01 5.658870131923253410e+01 3.661441622981927679e+01 5.658870131923253410e+01 6.412422933565059679e+01 7.043525039093344731e+01 7.873590843547060558e+01 8.767946646133697186e+01 8.777361639403231663e+01 7.518505682567848680e+01 5.514683910333987171e+01 4.304545787901574272e+01 4.693382844604833082e+01 6.581165725775765907e+01 7.239292771740457511e+01 7.130508256308209525e+01 6.140762861866021183e+01 5.701182980670839129e+01 3.775339125832530129e+01 5.721106965050864801e+01 5.861840348338523654e+01 3.637128415638159140e+01
7.930105716671143057e-02 1.007930105716750724e+01 2.422143669204941219e+01 4.422144452053118613e+01 6.062294362399345715e+01 5.255342556246720420e+01 4.954065987850685104e+01 5.515542215012248306e+01 5.435792534871644222e+01 3.449339723524300183e+01 3.037985687918915900e+01 2.594191940557340814e+01 4.582522042313552646e+01 6.007002217451222492e+01 7.155341682747868504e+01 7.139850657756299768e+01 5.143366196639550481e+01 3.990148705921686911e+01 5.987180082149781413e+01 7.370228221670620883e+01 8.264048187850995930e+01 9.420163295975257256e+01 9.348210245874557245e+01 7.383431428873214486e+01 5.959689877217219589e+01 5.014531413088035805e+01 6.361598646150667236e+01 6.084199469397677262e+01 7.587167315856254390e+01 8.420505427240544805e+01 7.242016714042942738e+01 6.114218791813044618e+01 4.191251889859494639e+01 5.728806278707370581e+01 5.690701741600820185e+01 6.736608417601910048e+01 5.495919841014417528e+01
6.786017468061785740e-01 2.067860174680582475e+01 3.836366315296053386e+01 4.546353516152525032e+01 4.625043060376441417e+01 5.454229354860575540e+01 6.828259405880159250e+01 7.599266691665887663e+01 6.264950527219642140e+01 5.435745651681127555e+01 4.185383972440697420e+01 4.582522042313552646e+01 3.196449705855917856e+01 4.342745390463117161e+01 6.325777908701410013e+01 7.970055368379131266e+01 6.816065395558651119e+01 4.883766490836008245e+01 4.544606265147141499e+01 5.437541276575894500e+01 6.588271197148219471e+01 8.587906853388962247e+01 9.854887277134471901e+01 8.777361639403231663e+01 7.684598039455896412e+01 5.630577814071045850e+01 7.684598039455896412e+01 8.180220203586536343e+01 8.432080282099755664e+01 7.569220183933323653e+01 5.979002856963163737e+01 4.620163597126234833e+01 6.114218791813044618e+01 6.854911040038339820e+01 7.471724334123113920e+01 6.176558645424994864e+01 4.966471696076601461e+01
1.053273305859350195e-01 1.424746294878191755e+01 3.424745567727404705e+01 2.543557372225654589e+01 2.621965731436186076e+01 4.297962572454567010e+01 5.714036106532078207e+01 6.168543040234501262e+01 6.980266767428052788e+01 6.997326674946148728e+01 6.169631094599595400e+01 5.881393416886908199e+01 3.900244898955699568e+01 4.133340937501551338e+01 5.531727320665843450e+01 7.523362162866978053e+01 7.709724292355359410e+01 6.035478424019556343e+01 6.540834058571539344e+01 5.210490454269556437e+01 6.024547356995650915e+01 7.020229474678245651e+01 9.021953861298661081e+01 9.040861316149612037e+01 6.940945155781935227e+01 7.035012391393721032e+01 8.506826939365849682e+01 8.519790462942000886e+01 7.009807977487075448e+01 6.753913671859309886e+01 5.076151782948584668e+01 6.366892386030882278e+01 7.180816552698208000e+01 7.723082276003181335e+01 6.556699707554126633e+01 5.337871311553023901e+01 3.292384255813881566e+01
6.652624653148981881e-01 2.066526246531454447e+01 2.670945344812811584e+01 1.128480547905615339e+01 1.466546127968208602e+01 2.881889040353856757e+01 4.568947893509816538e+01 4.209447087980144175e+01 6.115907049868288681e+01 6.986613917742727153e+01 8.105401226197531628e+01 6.709961017733157007e+01 4.784924969931490324e+01 5.531727320808968784e+01 5.531727320808968784e+01 7.523362415447223839e+01 8.864783082299655348e+01 8.033307699122549650e+01 7.807737695284693302e+01 5.812019012135139917e+01 7.807737695284693302e+01 8.852684399904393331e+01 9.854887277134471901e+01 9.875115706262445769e+01 8.494745390014358577e+01 9.081657029073828369e+01 9.481604201298245016e+01 7.923469938244839739e+01 7.242050372112666423e+01 5.573853151618566670e+01 6.807775941943664577e+01 6.500404452570015224e+01 8.072490323293254733e+01 6.883179594818223279e+01 4.866040138426119910e+01 3.692032676586382678e+01 5.337871311553023901e+01
8.924248754756384239e-01 3.779176221444354944e+00 6.696476066122295734e+00 2.670945331150492663e+01 3.468565821372679636e+01 2.010939564819704373e+01 2.588510150315882896e+01 3.344226420533362898e+01 4.233197044158703903e+01 5.364943189781462962e+01 7.302176132971985112e+01 7.601905585972978940e+01 5.924593721474618491e+01 7.523362415447223839e+01 7.523362415447223839e+01 8.355910666233458528e+01 1.007538126980416564e+02 9.490643917047121647e+01 8.638982779959106040e+01 7.221102943598940271e+01 7.071914690308048534e+01 8.485046106718692727e+01 1.049555973723063431e+02 1.167891293917980846e+02 1.028182807760131112e+02 1.010957664544205983e+02 9.170097201158884559e+01 7.879185356168464693e+01 6.130209101615033518e+01 7.377938738989708156e+01 7.357478720129437022e+01 8.116349106584975459e+01 7.394871805373412599e+01 6.121286814131708809e+01 4.111716687247665902e+01 5.718583586677227260e+01 6.556699707554128054e+01
8.870506738290029336e-01 2.088705067382864655e+01 2.057032419450619898e+01 2.087052594342475942e+01 4.097213971474165106e+01 3.956452106353577847e+01 2.795002537391617636e+01 3.425462017116268498e+01 4.231106838075646692e+01 5.201774321675948443e+01 6.564945613224361409e+01 8.509533183224846198e+01 7.922928784966980231e+01 8.763357372369814868e+01 8.682367024637126462e+01 8.465999092849891383e+01 8.082323124856097252e+01 7.498977552558544346e+01 8.908326394818173810e+01 9.223999637486554093e+01 9.073911915427666486e+01 9.906767495829504355e+01 1.080696364406254730e+02 1.131255995060422492e+02 9.663642206015681779e+01 8.576775376774396875e+01 8.452283269816388156e+01 6.776918655993191010e+01 7.194111129693528994e+01 8.595463542727715378e+01 9.041907768805839396e+01 7.988533152885159438e+01 5.961853012003422947e+01 4.552731529366706553e+01 6.121931669808773790e+01 5.529935066722629244e+01 7.551137898030123097e+01
9.587146228554132010e-01 2.095871462285505871e+01 3.927608046004350939e+01 4.089931833627925784e+01 4.927085044935677871e+01 5.557395352739784755e+01 4.900800643595082562e+01 5.383781387826454079e+01 5.378250858728628714e+01 6.973203996415429629e+01 7.942031055894439362e+01 7.882679875558982019e+01 8.689402531962819864e+01 8.682367024637126462e+01 6.690713634309514646e+01 6.472720891528541642e+01 7.085138212052302720e+01 6.087953278218296305e+01 7.498977552482179476e+01 9.490643753527902504e+01 1.040796531900025457e+02 9.583090086893594162e+01 8.757853040810773848e+01 1.022353191793518192e+02 1.030562378043766785e+02 8.654692640417752614e+01 7.563503694179762249e+01 7.570087753866840785e+01 8.868932169685946576e+01 9.618364831262400116e+01 9.405809045493515441e+01 8.231705767728092837e+01 6.877508689000971742e+01 4.874400892043926348e+01 6.877508688990496921e+01 7.551137898020395767e+01 8.390856530694455273e+01
4.749594815986911134e-01 2.003244143951030409e+01 3.187270521512625265e+01 2.450621047514575679e+01 3.453208479809511999e+01 4.875326767636619962e+01 6.889270334853563327e+01 7.144605738540464301e+01 7.322088794584415439e+01 7.552496394753711684e+01 6.740613339456869824e+01 5.904562609405670770e+01 7.552496394363346610e+01 8.280314338665577623e+01 7.056538559904240060e+01 5.046899598127428987e+01 5.075886298539069941e+01 6.242409420373758877e+01 7.652864335629199388e+01 9.644930988927286819e+01 9.255554754254752936e+01 7.585147461181198025e+01 7.370691407561712083e+01 8.919742058577173793e+01 9.745306685466545105e+01 9.860309736575960926e+01 9.138239176185163615e+01 8.670279973207865964e+01 1.002404501538123469e+02 9.614298223312135860e+01 8.567710045581853251e+01 6.529855109638317856e+01 5.379188749486139187e+01 6.877508688738564047e+01 6.282447914155194013e+01 8.314112482343222155e+01 8.431032720164786554e+01
5.246131949027718067e-01 6.071620974327021081e+00 1.184521069809375149e+01 2.340086694198575046e+01 4.348316220058153903e+01 6.298456399759560043e+01 5.665627031834268479e+01 5.047386886339975121e+01 6.510737034407615909e+01 6.218285631329270302e+01 4.763701777307480967e+01 4.763701777307480967e+01 6.740613339456713504e+01 7.454248284533376534e+01 5.449913015982571096e+01 4.262521147502512520e+01 5.709747171618513306e+01 6.401130732433398407e+01 7.229742929430993570e+01 8.386500114357528446e+01 8.362273612151312818e+01 6.430751754331313919e+01 6.378150117941785879e+01 6.920493245165066298e+01 8.919742058577173793e+01 9.148140746717713512e+01 9.971796481743997731e+01 1.051888411015602287e+02 1.021907420826624815e+02 8.180069019724007262e+01 6.735546896139344142e+01 5.982480817090416991e+01 7.391153949745442731e+01 7.017270168342709269e+01 8.314112482327915643e+01 9.152876625627091300e+01 9.032040909757560598e+01
4.470077517107070575e-01 2.044700775171035190e+01 3.188864193007088588e+01 4.021580339134563786e+01 5.181658060002234834e+01 5.068147663922532331e+01 3.635965736054661335e+01 3.537959673909022484e+01 5.616297890162635298e+01 4.283693211084185748e+01 3.648146552121352926e+01 4.763701777307480967e+01 6.740613339456315600e+01 7.109262945638333520e+01 6.276470700675625380e+01 5.709690078058395102e+01 3.658017389469910796e+01 4.368984707486859520e+01 5.553034380169470552e+01 7.559651924515421229e+01 7.535675381913068804e+01 5.537177983824660998e+01 5.496745464916541835e+01 7.506059665330103314e+01 8.819938295680233864e+01 7.150331669839991378e+01 8.701281328756130051e+01 9.525657038829353951e+01 1.043959022416753442e+02 8.403684072906861502e+01 8.553623353942438712e+01 6.526725258065900448e+01 8.553623353942438712e+01 9.054745999993099304e+01 9.890655618103326674e+01 9.390957104066900740e+01 8.349816836585739566e+01
2.599182575669619633e-01 2.025991825756660702e+01 3.863875309838649486e+01 5.413943054438765046e+01 4.700713378180866187e+01 3.873957462044233324e+01 2.188407092780035867e+01 4.230436597978411584e+01 4.226489773656257398e+01 2.927080886507659230e+01 4.861797834652204386e+01 6.413975759121818498e+01 7.552496391720957547e+01 6.276842971376743918e+01 4.244598371128920888e+01 4.839253490304837868e+01 3.270670564486577803e+01 5.315001622122719738e+01 7.229735624471331334e+01 8.058487433889288809e+01 6.829099850727071441e+01 4.830958707621331172e+01 4.896354611353437747e+01 6.903612670188567790e+01 7.210826879508726961e+01 5.996199869227159951e+01 6.702782066232894920e+01 8.116739153023290498e+01 1.011249097718942664e+02 1.043959022416753442e+02 9.173269095212539526e+01 7.148826292173576746e+01 9.173269095212539526e+01 1.021969980148988384e+02 9.032992078643569300e+01 8.116778009137826189e+01 6.501870373213523635e+01
3.519420047721200095e-01 1.035194201083770160e+01 3.035213939759896107e+01 3.495205709440246977e+01 3.427064448605528213e+01 1.874197207524494502e+01 1.542801084652093735e+01 3.565388947003275888e+01 2.280555318891047278e+01 3.623444989103510494e+01 4.358194220916011830e+01 5.191668251196820449e+01 6.343318004325453785e+01 6.276228927945597036e+01 4.244590712376510311e+01 2.827299216752620126e+01 4.839643768798626411e+01 6.149414723973215757e+01 7.465872705239866036e+01 6.043830179633734900e+01 6.197226776603929466e+01 4.198140490308101391e+01 4.343708762408468971e+01 6.349549977591917838e+01 5.212741580662307683e+01 7.210826879508726961e+01 8.701281328756130051e+01 8.701281328756130051e+01 1.069457726152530057e+02 1.119349715604391378e+02 9.173269095212539526e+01 8.106816751668186782e+01 1.000306543789770330e+02 9.372697521465330794e+01 7.310126713280911304e+01 6.179096031371036446e+01 5.270297502882906571e+01
2.695761837762450375e-01 2.026957618377588943e+01 3.863830282136634509e+01 3.321625078978048862e+01 1.659200696056394975e+01 7.191094361830659309e+00 2.717231051521469709e+01 2.996298710093346429e+01 3.101195578139441267e+01 1.654906888015226585e+01 2.378598320394833721e+01 3.522363738999540317e+01 5.513166583191208048e+01 4.971361925741878451e+01 4.137450799575505300e+01 2.556364917841538542e+01 4.542944561552130267e+01 5.736288724364037250e+01 6.503949528263206048e+01 4.626560573877139149e+01 5.211632180224044930e+01 3.616224387313537392e+01 4.067831831076379245e+01 4.527561304496229155e+01 6.525489276016315898e+01 8.036774166059117874e+01 8.620344236367769497e+01 8.807142176588882876e+01 9.592340672141577329e+01 1.060005994282026336e+02 1.091285490006689542e+02 9.507018954029139479e+01 1.088954904278388938e+02 9.175886492801387817e+01 7.105514538143761172e+01 5.628993131272589778e+01 4.994953638960516429e+01
4.879649418637075353e-01 2.048796494186335337e+01 2.300957899986250155e+01 2.405940819794063046e+01 5.615144887958839703e+00 2.561875331689365964e+01 8.813075568400533299e+00 9.963838710315572555e+00 1.112232658927349505e+01 1.228670842773711414e+01 3.229186166390149992e+01 3.531524059601781573e+01 3.660129388454660671e+01 3.789803402267570220e+01 2.172968362505769235e+01 4.137334242595866840e+01 4.395281248703737731e+01 3.727466693366653772e+01 4.757068176211568300e+01 4.916493200609863834e+01 3.203539597810932094e+01 3.473638305117518854e+01 5.476890169480488879e+01 6.159634877468324277e+01 6.467903903926688258e+01 6.845478963786800364e+01 6.650051719529042771e+01 6.861641835679174051e+01 7.832307951669861268e+01 9.398375236942845845e+01 1.030966383029114439e+02 1.150210088252655112e+02 1.008737084090659550e+02 7.931307993947189061e+01 6.790366178654322482e+01 7.508399901732687454e+01 5.449321223982700957e+01
9.938951651180888414e-01 1.962685860951150163e+00 3.007181136850769931e+00 4.056319313086839351e+00 2.405940811569977811e+01 3.390316269588988973e+01 2.882634413202340440e+01 2.410807270223276433e+01 3.112222267260041164e+01 2.710277842347941757e+01 1.402713809071890871e+01 1.530451511242264573e+01 1.658981020813464369e+01 1.788582700119698288e+01 2.583586710369934991e+01 3.998713786935488201e+01 2.389677459309576335e+01 2.564441780038150043e+01 2.744884621365806510e+01 2.930343301158316294e+01 4.942177705817642419e+01 5.476907893858868448e+01 3.862260310440349542e+01 4.161532635489226806e+01 4.470235059698426738e+01 4.847628641698567975e+01 5.239075536584206105e+01 5.841157164883495057e+01 6.547755758829656259e+01 7.443067192325187875e+01 8.868717528874201150e+01 1.090951507615239677e+02 1.095766812587094279e+02 9.757946507706705574e+01 8.900012332263126780e+01 8.025344448616809245e+01 5.957570580418143891e+01
