MOVIE_S3_data/elevation_000335.asc
nrows	100
cellsize	150.0
xllcorner	0
ncols	100
yllcorner	0
NODATA_value	-9999
[rows 0 to 16 of 100, columns 0 to 36 of 100]
7.773770046158816616e-01 2.077737699285079742e+01 3.031530621832786210e+01 2.101982731571752439e+01 2.918149429020817465e+01 3.916910498791045825e+01 5.326910859888380401e+01 7.318398240127460497e+01 7.510862379588705551e+01 6.835972276626831956e+01 5.529932121439050263e+01 4.621822945977331187e+01 4.911647649417177064e+01 4.810404852241236995e+01 3.951347651620267953e+01 4.174174009293800225e+01 3.487775007811998051e+01 3.731179687389833788e+01 3.789573992813359382e+01 3.643034512643920664e+01 3.420998611475316409e+01 3.492338177965379487e+01 3.257821869199406706e+01 3.319871784148349292e+01 3.186857985991147402e+01 3.198212455975665591e+01 3.120238764635445605e+01 3.140273307185061569e+01 3.095063737936911608e+01 2.972534833076958094e+01 3.000628466564588592e+01 3.084867962455049195e+01 1.379048202161537340e+01 1.612487846901331068e+01 2.091461022229900379e+01 2.632615510318482066e+01 3.741995674765504987e+01
1.667217412783970065e-01 5.166721606757548990e+00 1.033069678741358288e+01 2.032872436543909700e+01 4.023559391707240707e+01 5.738828154111257618e+01 6.733912768411802574e+01 6.675011672046072420e+01 4.970759996814833670e+01 5.944172247096371819e+01 3.656869410465274939e+01 2.160231905690671894e+01 2.490267593409891234e+01 3.184128117798767121e+01 1.856010865950690913e+01 2.599999373847649053e+01 1.152972189879561604e+01 1.855238621103822538e+01 2.485414145450603129e+01 8.610702274519354660e+00 8.499358695560724541e+00 8.785385560978303587e+00 9.063786703642300324e+00 9.333686636810742954e+00 9.595866220482482944e+00 9.853144749053095452e+00 1.010874979381363126e+01 1.036287761850204348e+01 1.061633200784052455e+01 1.086951735690583121e+01 1.131712409770441141e+01 1.133231232278064837e+01 1.386906383360100925e+01 1.622938359156827559e+01 2.181855812425864727e+01 2.469496379962656007e+01 2.755208396202123922e+01
2.375235533300354973e-01 2.023752355322528018e+01 3.031530622289075438e+01 3.857881744972209503e+01 4.011947217081129935e+01 5.949704705933152837e+01 6.239704008000200020e+01 5.359196163062411244e+01 2.925978930889459306e+01 4.975834216210616745e+01 3.990392111056969071e+01 3.196141418516754484e+01 6.833500610280264453e+00 6.049906181068535282e+00 6.322592874096622850e+00 6.602998333567575706e+00 1.131748509324015828e+01 1.765568556691186330e+01 1.958624562928369173e+01 8.080975129566127180e+00 1.918351509372652330e+01 1.564836057593841545e+01 2.025726298204093467e+01 2.297972029747650424e+01 2.463759503679025187e+01 1.250946596344257422e+01 2.730029237313689094e+01 2.828767784173767552e+01 2.646835821710015324e+01 3.067153587610331300e+01 1.103933663347997118e+01 1.867982286646741130e+01 1.172395098962238080e+01 1.199015742921413796e+01 1.224580774833140495e+01 1.250189817330851128e+01 1.275763909645768734e+01
2.578281697790204552e-01 1.174994808236110444e+01 2.565303735812353025e+01 4.527383154046847125e+01 4.889569479767728666e+01 4.788897301134168316e+01 4.426197653848446834e+01 4.250207159333526619e+01 1.468487315486253841e+01 2.963365130328276464e+01 1.824028174917516409e+01 2.527580539609943955e+01 5.667124989626888265e+00 1.702431743746296888e+01 1.711403492775157886e+01 2.203494414275795421e+01 7.021575368996940014e+00 7.327509052356484531e+00 7.642390049138038322e+00 2.643518316088891851e+01 2.992339366155134428e+01 2.205402243259797146e+01 2.186884191333925287e+01 2.596748485490047997e+01 2.296419183230633720e+01 2.872461127629469146e+01 1.631264421657031605e+01 1.972523011864632636e+01 2.391729384580571605e+01 4.056184597947203230e+01 4.030307985737190535e+01 2.176917825700584430e+01 4.098204725135436632e+01 4.009534643550374255e+01 2.595189599392016788e+01 3.636073311782324424e+01 3.276677752885012040e+01
6.835178870107115889e-01 2.067990545782875600e+01 3.028134784253378342e+01 3.222631224645663650e+01 3.032549521377304558e+01 3.113109367554112339e+01 3.280975121739572842e+01 3.431454384016556958e+01 5.436453398659450542e+00 4.669360976410249719e+00 4.980609829572419045e+00 5.275765274431872598e+00 1.988658184716182831e+01 1.508803927089712893e+01 2.997789877843315054e+01 2.368363678750293388e+01 3.276145631947461823e+01 2.822123370859776870e+01 7.415640795419569997e+00 2.574352747176739342e+01 3.668935885604556546e+01 4.012995168233936027e+01 3.336439276702487433e+01 3.889107762165871662e+01 3.211786676157984033e+01 2.296786933925323382e+01 3.615166205126749333e+01 3.911655217175130872e+01 3.080418610424320391e+01 3.010546184474682008e+01 4.524921586191680944e+01 4.256961506985972221e+01 3.275492629572040215e+01 5.371879765604506218e+01 4.967515286165325250e+01 5.888127188581378846e+01 5.593599130056393420e+01
8.765780624806145394e-01 3.203368709795939573e+00 1.276838485832478831e+01 1.396286478430728373e+01 2.572863522045686935e+01 1.997017037224740577e+01 3.627905584714541476e+01 3.076176021943778593e+01 4.212384541913496427e+00 1.773445776797316142e+01 2.331789003426671059e+01 5.855965954309518828e+00 1.984204021235481008e+01 2.193930800074644338e+01 3.283738789571086159e+01 3.509483513215087669e+01 4.681520469695079356e+01 4.070736759490304024e+01 2.972158402554149603e+01 1.034666271841968666e+01 3.185822672043121528e+01 4.290474644399900228e+01 5.276453598602109452e+01 5.474741651944455612e+01 4.492674380540115919e+01 2.767384047872402775e+01 4.497624434805941718e+01 5.429288387684658090e+01 3.927575590018452800e+01 4.615909951468685790e+01 3.593313907752525438e+01 4.647899825578614497e+01 5.371879318561654060e+01 4.764283768113334361e+01 6.801845821789295599e+01 6.493458362722947186e+01 4.598707487327995125e+01
3.336530771559016451e-01 5.338278931979347774e+00 4.294960616861354552e+00 7.227801247297411358e+00 1.166099278603542722e+01 2.253335741692723104e+01 3.781927888245348157e+01 2.927914896128750755e+01 3.883626449543362114e+00 1.311921635022502208e+01 2.119800007194394453e+01 2.468642629580660497e+01 3.162654419070000600e+01 3.617307617059460512e+01 3.237237421216283195e+01 4.596786991180206172e+01 5.575532095052390957e+01 4.630398581232490329e+01 2.460298878946386125e+01 3.184172424110775168e+01 1.283650819374590135e+01 3.449952109103827524e+01 4.471305078935446886e+01 5.669000261690139553e+01 5.001117934744998905e+01 3.256965928015181078e+01 5.001117934744998905e+01 6.193618451864786323e+01 5.008724923658893857e+01 5.443855711006753495e+01 3.990949160175640031e+01 5.443848147687176464e+01 6.881656442780703742e+01 6.763261766582878920e+01 7.564766947872635683e+01 5.902258289902820110e+01 4.029076404790902899e+01
2.692912384917900415e-01 1.891696722952466558e+01 4.444054543580898020e+00 1.218487820270513033e+01 2.183984015579073557e+01 2.992296938506902038e+01 2.905945488151522937e+01 2.070421761295189000e+01 2.716781033543676926e+01 3.429369571005664419e+00 3.598323004891224031e+00 1.174202751630442165e+01 2.145267914504515261e+01 3.789282945821165782e+01 4.594456826934744242e+01 5.042930406107823416e+01 5.882470042924162357e+01 5.489224934250638199e+01 4.228572695489959443e+01 4.291327723583512466e+01 3.449952109103827524e+01 1.549554970328058090e+01 2.967773836760612127e+01 4.665442230963799375e+01 5.798289730292058408e+01 5.001117934744998905e+01 4.144588409758041081e+01 5.984697413113405418e+01 6.627954874260166207e+01 5.886166009597636162e+01 4.425830754202528539e+01 5.156102180156019443e+01 6.724216448450881956e+01 7.266763406680939852e+01 6.398168676477941119e+01 5.539681174895898152e+01 4.249004292863872934e+01
2.740426242073276120e-01 5.188938463134015189e-01 4.643687026620650471e+00 1.514302451823901841e+01 1.956971587266887980e+01 2.103530277177162588e+01 2.482343815001368803e+00 4.912466382440534574e+00 2.195290718534628027e+01 3.126911082198478020e+00 1.249048003877548396e+01 2.257840167483210436e+01 2.319911013487859108e+01 3.822827238787263582e+01 3.697518177515794235e+01 3.220916587634167882e+01 5.115947796381981050e+01 5.935446916369914305e+01 6.461541928253841149e+01 5.388550361911125464e+01 3.344437424185949226e+01 2.681679142170624885e+01 1.843041267794537674e+01 3.999518366818526260e+01 5.105581476164461918e+01 6.264620086128446275e+01 5.984697626175934460e+01 5.416095511821362862e+01 7.357424558598484055e+01 6.397085631487315993e+01 4.872598262912716649e+01 6.397085631493037994e+01 7.471769313129998125e+01 6.569814934286036134e+01 4.636816010914693464e+01 3.790603243761935914e+01 3.210972490299902660e+01
8.627856460739585787e-01 2.077383372980416354e+01 8.653129541050443851e-01 1.110331889427864649e+00 1.355487307457205803e+00 1.600992437690869519e+00 1.847320927949367642e+00 4.101509258057136620e+00 2.170636923457180245e+01 2.840813999787098254e+00 7.233265235664918968e+00 7.791506653568268881e+00 2.997380893810540670e+01 3.142511361006564385e+01 1.855407377822945847e+01 3.698764734642755059e+01 4.636281838273966116e+01 4.230320666233981797e+01 5.935447274073933954e+01 6.209708781094786900e+01 4.757392149759639466e+01 4.757399269017876975e+01 3.999518366818526260e+01 2.153814444701674802e+01 3.428958890594876152e+01 5.443735647614884243e+01 6.932027218537034230e+01 7.357424558598484055e+01 8.190130174140671215e+01 7.144528963027595125e+01 5.567099237443726878e+01 7.144529005905327779e+01 8.558267900586490384e+01 7.398133915028404317e+01 6.379711063924411718e+01 5.541250503246224213e+01 4.692209084282762888e+01
2.490127916613376069e-01 1.940202311745616015e+01 2.541013062419621349e+01 2.367584425724131592e+01 1.180029421932789191e+01 1.599876147448557617e+01 2.214480923209983132e+01 2.200967307101320714e+00 2.456061703188129552e+00 2.194714277504122180e+01 6.716189673031547791e+00 1.906687933307757987e+01 2.619828961529737299e+01 1.325160069453449196e+01 3.217891134476505499e+01 2.450003687287373566e+01 2.873132992087693793e+01 4.636282029812728922e+01 6.029497541568110108e+01 6.789412673347393934e+01 6.748749358421970612e+01 5.898062042046387177e+01 3.911762559919780813e+01 2.401562408720569763e+01 2.940202737733716276e+01 4.139167746541525617e+01 6.115018185602087897e+01 7.160163849342814046e+01 8.147924323239709565e+01 8.041545431849851866e+01 7.248170313196760617e+01 7.996656801114944813e+01 6.701852259379465693e+01 6.716794585411167873e+01 6.826268817572157843e+01 6.150580401948345610e+01 4.334495963311111666e+01
8.485705281016824308e-01 1.499070615183250688e+01 3.499070615147490315e+01 4.211140263822282748e+01 2.665621244090723252e+01 3.526144226383773628e+01 3.640644791713632600e+01 1.842251125994017613e+01 5.724093939405100251e+00 4.896360526452306239e+00 6.165703913149037874e+00 7.275682135464752065e+00 8.617123144601809059e+00 2.752367746869413168e+01 3.902715458246234448e+01 4.240559999943729963e+01 4.636282026382743027e+01 3.598945674454691357e+01 4.385519140706701791e+01 5.476199441091145559e+01 7.119692004475828639e+01 6.585188015184681376e+01 4.712836366229629448e+01 2.652026451336572421e+01 4.712729807649197511e+01 3.771921261807515435e+01 4.378426885585300710e+01 5.354169473959021985e+01 6.748286175037466705e+01 8.736238478422109210e+01 8.162794614803446791e+01 7.285049124878706550e+01 6.373534938222309876e+01 4.735219306943105266e+01 5.343049200784312092e+01 4.092078400944371452e+01 4.127882368924979062e+01
5.097248530424480784e-02 1.159797786909022754e+01 2.574011348706430624e+01 4.574010758434923218e+01 4.835179320719218055e+01 4.573460386172541803e+01 2.392054068031993452e+01 1.186921698994486896e+01 2.446540521036314075e+01 1.711987020769950263e+01 8.907629295078359988e+00 2.071715100520180997e+01 2.637055719051379654e+01 1.198097345807320835e+01 3.127232198987405454e+01 4.312542403458098761e+01 6.039705148050461503e+01 5.122059747260453122e+01 4.907027473586541788e+01 6.745662117720235074e+01 7.524120000096273486e+01 5.334025538856954540e+01 3.771032133861621105e+01 2.901529672490820388e+01 4.930914431729794245e+01 5.750208644664652979e+01 6.342355479141346564e+01 5.762496797499104417e+01 7.742258172621836820e+01 8.511657910043558672e+01 6.501305598066231539e+01 5.284815285315490030e+01 4.419441662137737836e+01 3.719562300219643447e+01 3.277489930285917552e+01 2.901787235526363773e+01 2.567911343774556698e+01
2.550521787762166648e-01 2.025505217877586261e+01 3.917331037169940089e+01 5.330830832479843195e+01 5.524402457814040446e+01 5.451803099241669770e+01 4.082985554759134317e+01 1.872332037218204448e+01 3.858936084497278785e+01 3.094136585671044060e+01 1.266224803087285977e+01 2.491259118568406450e+01 3.483280315213922762e+01 3.127226069701860922e+01 1.599205182177690077e+01 3.288526906949962125e+01 4.736775204574125553e+01 6.422666955571536107e+01 6.756590625133561900e+01 7.525627856687145822e+01 7.741258892450987616e+01 5.771254093860989087e+01 4.920506191447116606e+01 4.930914431729227942e+01 3.262849207518040373e+01 5.253959059907226248e+01 6.414384660940515914e+01 7.742258172621836820e+01 8.557830901187099926e+01 9.309022337188136476e+01 8.162794614803446791e+01 6.683563878498232214e+01 4.610684716823130458e+01 5.760926909485475278e+01 5.138066536002559559e+01 4.959694106826211168e+01 4.606691552495086484e+01
8.916207294569349351e-01 1.089162072677838466e+01 2.503375087644662855e+01 3.897755324194741178e+01 3.530441278418943796e+01 5.524402457814048262e+01 4.959390806564768184e+01 2.997021524883183474e+01 4.959396650163542830e+01 4.338638490678797410e+01 3.245054278222245614e+01 1.923986879608249723e+01 3.669378486535873662e+01 3.309466510772397640e+01 3.519484809414053927e+01 2.036631441530692044e+01 3.541278208475058875e+01 5.284173154960600982e+01 5.919459215411444575e+01 6.731982803751380118e+01 7.702269111548385183e+01 7.629676186708924490e+01 6.303012813306685302e+01 4.341043770599662110e+01 5.253959058655819092e+01 3.632775194538049135e+01 5.595652065845055745e+01 6.873045611319820125e+01 7.689052229856908127e+01 8.821350457253075206e+01 8.681991866843094385e+01 6.683563878498232214e+01 5.469294609971159815e+01 7.407662928905727995e+01 6.253948446321815879e+01 5.480960050618212165e+01 4.669902511123459732e+01
5.108012481754142797e-01 6.284303935419307763e+00 1.231453069340065554e+01 1.898119462086451747e+01 3.312283469984564022e+01 5.314364409002480727e+01 6.033968113244944931e+01 5.173131805737894950e+01 6.039635437428745490e+01 5.173263818112185675e+01 3.330058128997213629e+01 2.449144111060791928e+01 4.196110299897756590e+01 4.351425777755033408e+01 3.105794295623900325e+01 2.455705410217760942e+01 2.825013004450896403e+01 3.390775298479282185e+01 4.013601034057327865e+01 4.957884994567773873e+01 6.881033436257607150e+01 7.711935587028811767e+01 5.723649992629959371e+01 6.306005360219003819e+01 5.873996249792607927e+01 3.925586954031249576e+01 4.380463582440099657e+01 4.934578440898982166e+01 6.047797563423039691e+01 8.002992140622181694e+01 8.922790763090856103e+01 6.940763374117642570e+01 7.521285755850418298e+01 6.755662930596380988e+01 5.480960050624754842e+01 3.477905721613441870e+01 3.125650618935901548e+01
5.195627768054871254e-01 2.051956277680513097e+01 3.231286897650377199e+01 3.897763899494254503e+01 4.723871039543616490e+01 5.193839332017547150e+01 5.765278951961811771e+01 5.781031719279228298e+01 6.625998428897922565e+01 6.015180966847213284e+01 4.798084673014673029e+01 2.992170032754025755e+01 4.798082579817837257e+01 5.237726722612150354e+01 5.008122652214812121e+01 3.195899999495411947e+01 3.136403293307755646e+01 5.018115159873886455e+01 5.919459215410263653e+01 6.731982769808531941e+01 7.702269117596431158e+01 8.541239514910061814e+01 7.711935587029374517e+01 6.298559955864541848e+01 4.352964637526941516e+01 4.790255582313265847e+01 6.313593046441940970e+01 6.873045611319820125e+01 6.155244412314643654e+01 8.111240694399879203e+01 9.714169787728204142e+01 8.922790763090856103e+01 7.314364431336811379e+01 5.988700359175939525e+01 4.055319152197362342e+01 5.480960050624502600e+01 4.580552161508843056e+01
