MOVIE_S3_data/elevation_000034.asc
nrows	100
cellsize	150.0
xllcorner	0
ncols	100
yllcorner	0
NODATA_value	-9999
[rows 34 to 50 of 100, columns 37 to 73 of 100]
6.742519573476488404e+01 8.124105101688789432e+01 1.011515870686279897e+02 9.495133670735647513e+01 7.511325142814681044e+01 8.092369208067030684e+01 6.857387793813710175e+01 8.675319545993845338e+01 9.109635447220176729e+01 7.373059393384936300e+01 8.686371749533842035e+01 8.049439940360649359e+01 9.363260804149552996e+01 1.032141288676094746e+02 1.051228407645218965e+02 9.013277617690393129e+01 1.051387475288230320e+02 8.745908719487070471e+01 6.736819046386170839e+01 8.745908719487074734e+01 9.702702963694609650e+01 7.733156724311012908e+01 6.342368468847732998e+01 8.310023461966004277e+01 8.255382095963823019e+01 7.011441237721135167e+01 7.990142597049508311e+01 9.373386757737185349e+01 1.134727767168433985e+02 1.132121654674380551e+02 1.139008809066238115e+02 1.023802402875966351e+02 9.414755061568246219e+01 8.071785387998552608e+01 9.900073023432618413e+01 1.100351405524311446e+02 1.040927278525807935e+02
8.707271200938333777e+01 8.707271200938333777e+01 1.071097734557109504e+02 1.032465406781135897e+02 9.495133670735647513e+01 9.669579436132771377e+01 8.842775059759435408e+01 9.669579436132771377e+01 1.005940042846024483e+02 9.254093705920247714e+01 1.005940042846024056e+02 9.881509794960878423e+01 9.731999995382300028e+01 8.302305862843105899e+01 9.731999995382885515e+01 1.115392550817200004e+02 1.098772003756905917e+02 9.600414004126942302e+01 7.884298539139987838e+01 9.600414004126942302e+01 1.019598987140764450e+02 8.222842240555482363e+01 6.837802443814280196e+01 8.800763801349914672e+01 9.789143528170386332e+01 7.887065641974312769e+01 8.395286348376160390e+01 1.036036188999044043e+02 1.073346883175059929e+02 9.330064062078399445e+01 1.057128144579884435e+02 8.568118988017492654e+01 7.409079171396767549e+01 7.070037462324226851e+01 9.007295524032193157e+01 9.007295524032193157e+01 9.910990856160285034e+01
9.037516380192803922e+01 9.302092493009226359e+01 1.012966117788880069e+02 9.824947310533876532e+01 9.016224739365179630e+01 9.824947310533728739e+01 1.010608073103941393e+02 9.296262535192036580e+01 1.010608073104207989e+02 9.840560418924209785e+01 9.002691006445280664e+01 9.840560418926195041e+01 8.832892468222719629e+01 6.888772348565758818e+01 8.832892468222718207e+01 9.556386540189124901e+01 8.963508793302420941e+01 1.039580508320062080e+02 9.922890114000492190e+01 1.078435854290027578e+02 1.041369247967573557e+02 8.438266352975767859e+01 7.490880536754465879e+01 9.455705433647629832e+01 1.066880756079373214e+02 9.014973071056536469e+01 1.036036188999044043e+02 1.118300070796150436e+02 9.736261687724376657e+01 7.912946589245636630e+01 9.736261687724172020e+01 9.674319100694647489e+01 7.669612609483547772e+01 6.262524377993024416e+01 7.006471960250182462e+01 9.007295524032193157e+01 9.353776985029585944e+01
6.997986668898451512e+01 7.262656330011932937e+01 9.302092493009226359e+01 8.855335138934970018e+01 7.082469943899545228e+01 8.855335138934970018e+01 8.663298792946561377e+01 7.362042453273664933e+01 9.135916694017890904e+01 8.835508027147815824e+01 6.997842972231882186e+01 8.789350690308695846e+01 7.953823984884633091e+01 6.000732606955908466e+01 7.698184467014964127e+01 7.544981125021634227e+01 7.544981125021634227e+01 9.295073682909510637e+01 1.000797460725365795e+02 1.084900506036338186e+02 1.123987459572831966e+02 1.027969525545005780e+02 8.619884192328767369e+01 9.091865884078501381e+01 1.107460577747434058e+02 1.098508056907467534e+02 1.180978458251436791e+02 1.022269195121310474e+02 8.913102808194626903e+01 6.906221102614796337e+01 8.913102808194626903e+01 9.563755904013180498e+01 7.741863592494922841e+01 5.759854286745172658e+01 7.740980617522342300e+01 7.850210266385407465e+01 7.954701177218248631e+01
5.834619507983929765e+01 7.219735242860996038e+01 9.251567698570187304e+01 8.049347340251135563e+01 6.110875036937645888e+01 7.080111191760308031e+01 6.726496237381229548e+01 6.392134027325763412e+01 8.329152494232855020e+01 8.000266989338585688e+01 6.004991245364998775e+01 7.633323026179175486e+01 5.957671193582151403e+01 5.301234329236118725e+01 5.704637983422847469e+01 6.136454942101556753e+01 6.686889174585856210e+01 7.286761879663770003e+01 7.991586295582152388e+01 9.413193172374147366e+01 1.144390401398762833e+02 1.142479550323814692e+02 1.059745848231184056e+02 1.107460577747434058e+02 1.130440009546995412e+02 1.048588540974285763e+02 1.048588540974284911e+02 9.401004789359029701e+01 7.397260067755885871e+01 6.225546573700781039e+01 7.481184786262599573e+01 8.309211706485538684e+01 6.744011948840177695e+01 5.355757055510896691e+01 6.788420200749759204e+01 6.051719049952072282e+01 6.979317893477585244e+01
5.198664978977591034e+01 6.624075305969915917e+01 8.658199562464189114e+01 8.405706905446021437e+01 6.463758167545974231e+01 5.131031805412198565e+01 5.347216257044932064e+01 7.293772572039424062e+01 8.661461349066951243e+01 6.659871572509226212e+01 5.256723381816020435e+01 6.356436800839119883e+01 4.814297743363117377e+01 6.801344642738399671e+01 7.698184466842870677e+01 8.134108131408848408e+01 8.689544890781499475e+01 9.295073682909507795e+01 1.000797460725355990e+02 1.000797460725367642e+02 1.203924501563414111e+02 1.170560429276992664e+02 1.093130307369118270e+02 1.093130307369117560e+02 1.048588540974285763e+02 8.467189115445826531e+01 8.467189115445826531e+01 9.885794605438809413e+01 9.069214214969622390e+01 7.481184786262599573e+01 5.476337382879601279e+01 6.828016428870957100e+01 6.600050841130094170e+01 5.785815693263343462e+01 4.814595647989634131e+01 4.894717076866800198e+01 5.008286822977131436e+01
4.694374132941182154e+01 6.120708122994207656e+01 8.161483207962275799e+01 7.837443397743257378e+01 5.894759114539593270e+01 4.505821545633097003e+01 6.463758170499765754e+01 7.426449765148714732e+01 8.223401314370842385e+01 7.766323189621647316e+01 5.772442737042511851e+01 4.370398807084559678e+01 6.348527884541406507e+01 7.529853978644869983e+01 8.255312264995450278e+01 8.480759502521944171e+01 8.659879282193612937e+01 9.483444151105915410e+01 9.971127853003071095e+01 9.971127853003071095e+01 1.079241218775036231e+02 1.093130307369118270e+02 9.069781985219833587e+01 9.069781985219833587e+01 1.038769313897179956e+02 9.058451570889266691e+01 7.000223318730125754e+01 8.088193468001620090e+01 8.923937509862258821e+01 8.235134829882777296e+01 6.822310993345429608e+01 4.897919206913280021e+01 4.625051647851622505e+01 4.703436624449329173e+01 6.677803068624231742e+01 6.868523228939424996e+01 5.049790185249550944e+01
5.203808958120593076e+01 6.629679699360413281e+01 8.638607230118898883e+01 7.463573640312179691e+01 5.516738189162032313e+01 4.123186748541697000e+01 6.051635405349745866e+01 5.482168651775728563e+01 7.426449765148714732e+01 7.785510166893617168e+01 6.094683554262577729e+01 4.101284939543785413e+01 6.040022981681272540e+01 6.959585493376850707e+01 6.142781030562681366e+01 6.492076572001120383e+01 6.666425915228307986e+01 8.006525082430769658e+01 7.975055617236016303e+01 7.975055617236016303e+01 9.971127853003071095e+01 1.093130307369117560e+02 9.069781985219833587e+01 7.718892372748395303e+01 8.767039804120693702e+01 9.543744234720281838e+01 8.088193468001620090e+01 6.017996011743085916e+01 7.295681059507552391e+01 7.673062846111309909e+01 5.859120235330373561e+01 4.514398027924928414e+01 6.490723042621726790e+01 5.792927653116673525e+01 7.418533803193157894e+01 7.117836009264331665e+01 5.155407901484689148e+01
5.646460729673665924e+01 6.944372114781964456e+01 7.332070183186471013e+01 7.121280342789729900e+01 5.157408419487961027e+01 3.759887957684236426e+01 4.088789497932860684e+01 5.250600383971296026e+01 7.201461098595983401e+01 6.966551606756252113e+01 4.986460737297411328e+01 3.837955941755948430e+01 5.736930125900367017e+01 6.157068255088445596e+01 4.694696220474586568e+01 5.091009160936298628e+01 5.522339819410398576e+01 6.016258529344631256e+01 6.565221254495446601e+01 7.560848149764242976e+01 8.975040902842590640e+01 1.096721480316355155e+02 9.857644321376332641e+01 7.968661886525431726e+01 6.850973830529619590e+01 8.109834597099538200e+01 8.840917135987224640e+01 7.295681059507552391e+01 5.280141112405475212e+01 6.596949883071850707e+01 6.307259934956250902e+01 4.437876349589156177e+01 6.414586659737653918e+01 7.615295348595920188e+01 8.424323067544676746e+01 7.124354801752173216e+01 7.115993400258970780e+01
4.928676025683849815e+01 4.928667582584967732e+01 5.314918033092494909e+01 7.332071473858513855e+01 6.536862010956647850e+01 5.250215988982228055e+01 3.281821858079807441e+01 4.677748759220764185e+01 6.635092660175571666e+01 7.288508854748184262e+01 5.571358779184591015e+01 3.581040528828428648e+01 3.817450939623355310e+01 4.172214276919642373e+01 6.154210760105092248e+01 7.061955289512069101e+01 7.508661715159223604e+01 8.006525082430769658e+01 8.559691639353992798e+01 9.383733902492949142e+01 1.038070322550142350e+02 1.122152137883593639e+02 1.063039031554766609e+02 9.543744234720281838e+01 8.109834597099538200e+01 6.195996562339141178e+01 7.523902313966361532e+01 7.372003643372885051e+01 6.485816675406016429e+01 4.657487442225264118e+01 4.330335782953454782e+01 6.041498934449673897e+01 6.383729706255904546e+01 8.337866556677029450e+01 9.937244717580692566e+01 8.698719431076504804e+01 6.702945636045009792e+01
2.949986184134832712e+01 3.681735050569217549e+01 5.094389396521815172e+01 7.114399064526256211e+01 6.346449911563829005e+01 4.386676246881274466e+01 3.004726122681568157e+01 4.960680663675980639e+01 6.632458989874183430e+01 6.468290023617849727e+01 4.484232221620008119e+01 3.325391849347434459e+01 5.043104871275671997e+01 5.630878977127156304e+01 6.299918042903967574e+01 7.155844528237795998e+01 8.290008253778798064e+01 9.649954152623779180e+01 8.844457642581282641e+01 9.679441549673195766e+01 1.119934787109118588e+02 9.240679466247098617e+01 9.240679466247098617e+01 1.005535141692192695e+02 8.890651481658593980e+01 7.523902313966361532e+01 5.622613710378139729e+01 6.502622804718039617e+01 4.579143252836771438e+01 4.224504249643005949e+01 6.201352638996580424e+01 5.105127466698835548e+01 7.078301280803181328e+01 8.666219560516367437e+01 9.490194914870608045e+01 9.523922300690607301e+01 8.699244841708312492e+01
2.705068382036835217e+01 4.671159003485464467e+01 6.521240174028970671e+01 6.172233236904069997e+01 5.124768648067601617e+01 4.317003699420513385e+01 2.759495289775562554e+01 3.855538553197407481e+01 5.819727728079079299e+01 5.400776283085452434e+01 4.598269622917496235e+01 4.779583145835552926e+01 3.039172718265449546e+01 3.627035485695910211e+01 4.302175402697526607e+01 5.341196847562098782e+01 7.479650578529658844e+01 8.671604514347988868e+01 6.852916950917328620e+01 8.671614081600549184e+01 1.039297540896342582e+02 8.397140290823276132e+01 7.226198487510785640e+01 8.233438976878940707e+01 9.055094805144210568e+01 8.308978165684557382e+01 6.990140783940981350e+01 5.099441296659087186e+01 6.125866321217849730e+01 4.152445524408207689e+01 6.128781152105770502e+01 7.078301280803181328e+01 5.984065272301928218e+01 6.678744123035771452e+01 7.821839754937568046e+01 9.819663825379589639e+01 9.900287925087920371e+01
2.455975592944472652e+01 4.421098382253441628e+01 5.099474751314036780e+01 4.234097823849986497e+01 3.412758198587764724e+01 2.460513176014352865e+01 4.316990708110719766e+01 5.492791560973888920e+01 5.158485894205133349e+01 4.319340630107045342e+01 2.611234121813555120e+01 2.779868896287297630e+01 4.196903727665051775e+01 5.630357224843683639e+01 6.340158213265529952e+01 7.198473112809976726e+01 8.285832817358398472e+01 7.625204840219996072e+01 5.868990486135195539e+01 7.846351059115067983e+01 8.958710991610766428e+01 9.654483319315659173e+01 8.233438976878940707e+01 6.178671060577931939e+01 8.233438976878940707e+01 8.520450149695784603e+01 7.676014434906407757e+01 6.699868804747988804e+01 5.891623651108329085e+01 4.080391406412750399e+01 5.480426945962578600e+01 7.509021895431388316e+01 7.963540880874261063e+01 8.666219560516367437e+01 9.490194914870608045e+01 1.064118971717227566e+02 9.900287925087924634e+01
2.197840860290713749e+01 4.591236127862428873e+01 4.229926343953405166e+01 2.376523592442206834e+01 2.192496535694954218e+01 3.879901407008697589e+01 4.058118765351001400e+01 4.118421326828202211e+01 4.170662482554102013e+01 2.380705973147999543e+01 4.346567160056526546e+01 4.752451642988767588e+01 5.586113385549326438e+01 6.993487808072406153e+01 8.004216947465810961e+01 7.747405250856805026e+01 7.220919074392938342e+01 5.761899245365234634e+01 5.177774236073958747e+01 6.157154922603314873e+01 8.135869818903356077e+01 8.837034193210463684e+01 6.804498032513069461e+01 5.567098638821380518e+01 6.964732056132275773e+01 6.752192163286819948e+01 5.648042494461130758e+01 5.817796397614402082e+01 3.978295959654455061e+01 4.364601798513310627e+01 6.554309555057974990e+01 7.332060267706816603e+01 7.826241952551644943e+01 8.678846432312715820e+01 9.768758704806336368e+01 1.062067292406728853e+02 1.072748888202126523e+02
1.970665670650707213e+01 3.750508617277590417e+01 3.792953443100312683e+01 1.932387136945919437e+01 1.982326424767281381e+01 2.032705764798664916e+01 2.082123799648640627e+01 2.130576968060616849e+01 2.177960717176318894e+01 2.224590953759124190e+01 4.221910221344688097e+01 5.124036341609479450e+01 5.556421640175633314e+01 5.189914202518784947e+01 7.186403249700113349e+01 5.769881765155837883e+01 5.769881802157070183e+01 4.436086861600306719e+01 6.401968804226962106e+01 7.968211344476010538e+01 8.958710991610766428e+01 8.866963811812914287e+01 8.490981698131335520e+01 6.964732142069887288e+01 4.840664331657690411e+01 5.160219649749977577e+01 4.784086432569101532e+01 3.877436525530868039e+01 5.855089795266071917e+01 5.342676018329617449e+01 4.921064972547321759e+01 5.325916185934990921e+01 5.788678667690698632e+01 7.826241952551644943e+01 7.704533610062856042e+01 8.893023667927649001e+01 1.096503501216674152e+02
1.760721920326857770e+01 1.810983066698822697e+01 1.861342865201702423e+01 3.800926540814405996e+01 3.680177104302380542e+01 4.032473214614000057e+01 2.663453977450009447e+01 3.271781729195232913e+01 4.170075912879118363e+01 4.226021328608811700e+01 2.294780460950672563e+01 4.307419356776200203e+01 3.567936229076394028e+01 5.418080304029494698e+01 6.000803471298762304e+01 5.251075362677853064e+01 3.782674591040031942e+01 4.678617185515734889e+01 5.816327816605858914e+01 7.795284727735122488e+01 8.866963811812914287e+01 6.878630462101232013e+01 7.243496430028748989e+01 7.801815850857971668e+01 6.667002814439452152e+01 4.235083552081195535e+01 4.776528122977791213e+01 3.805839380217005896e+01 5.785378871589622918e+01 6.813071549842264574e+01 6.894283738673141215e+01 6.730977733437639188e+01 7.826241952551644943e+01 6.609914191040797959e+01 8.665383979990463104e+01 1.062067292406728853e+02 1.181257460170348565e+02
1.762794538545821510e+01 2.159221043048155053e+01 2.939194011759966330e+01 4.484302316022179724e+01 5.821595094502836787e+01 5.294984140874701239e+01 3.301609954225272503e+01 5.256998744665795442e+01 6.003404829252628616e+01 5.129286866277123380e+01 4.307298500230719895e+01 2.368689163703356471e+01 4.389172619390802055e+01 2.703994950712184320e+01 4.742955304374371650e+01 3.247200407026132751e+01 5.251075362677853064e+01 6.589186627143591579e+01 7.472777794375598148e+01 8.615559235925616122e+01 8.390735972173882828e+01 6.403658796726460878e+01 5.263748502597151457e+01 6.310234305379123754e+01 6.415041540813102472e+01 5.594121015207468872e+01 3.704163454766683827e+01 3.886343151166403942e+01 5.836430469469260629e+01 6.920155441675066754e+01 8.323068298119032704e+01 8.783201874045052193e+01 9.518475865028509020e+01 8.665383979990463104e+01 9.518475865029107297e+01 1.016232421576304858e+02 1.016232421576304858e+02
