MOVIE_S3_data/elevation_000006.asc
nrows	100
cellsize	150.0
xllcorner	0
ncols	100
yllcorner	0
NODATA_value	-9999
[rows 51 to 67 of 100, columns 0 to 36 of 100]
8.885398060199247716e-01 2.088853980601956906e+01 2.985092872771960870e+01 3.527284214397603535e+01 4.139435751237356698e+01 3.724136145513708129e+01 5.614642740071895588e+01 5.408528978342805971e+01 2.893497702078844114e+01 1.106657396111115865e+01 1.909688610468321812e+01 2.276281676408732935e+01 6.727886246133671477e+00 1.668533330837247419e+01 2.413516519769948943e+01 2.555210597894878788e+01 1.138590950543011537e+01 2.715187183643618951e+01 2.758869222892713324e+01 8.772664139643799430e+00 2.791044883967463619e+01 2.960633936510543762e+01 9.957616871169431505e+00 2.197803887230915620e+01 1.040906508814955167e+01 3.318849663496457936e+01 2.197515073186748324e+01 2.664323282640294011e+01 3.225257286961420533e+01 1.347300220096129841e+01 3.299038811434760987e+01 3.121156906350181970e+01 1.415209324295890525e+01 2.427670006436277461e+01 1.556036631428457895e+01 1.952738753471103905e+01 3.819848816593079732e+01
1.344321116831868057e-01 4.984056158006752391e+00 9.976960047454555891e+00 1.549646283418955228e+01 2.174551124813801550e+01 3.305914107426436743e+01 5.278049534557749922e+01 6.291649555219297696e+01 4.904332387816767636e+01 3.953085328431745893e+01 3.706647625883646668e+01 2.751785584960820685e+01 7.276048103925573329e+00 7.010872917500083901e+00 7.225830538805665171e+00 7.451989210612364190e+00 7.683339537500749827e+00 7.914694177603654346e+00 9.303090441883501427e+00 8.557286288656042572e+00 3.335731817219409834e+01 3.861940394489528927e+01 3.028571852456105162e+01 1.033032712984120138e+01 1.059583102093988494e+01 1.839527191132627593e+01 1.140322907458109647e+01 1.176929059539943978e+01 1.213143062544822826e+01 1.246194146338986997e+01 1.298706369125235582e+01 1.348169900083718531e+01 3.355045604181694330e+01 2.439030654494164452e+01 2.279817559812321193e+01 3.786191575489655037e+01 2.473900539870178150e+01
8.052006432555327553e-01 2.080520064325517637e+01 2.985092877817514534e+01 3.527284213967638493e+01 4.139435883583299614e+01 4.961102590612032515e+01 6.103010078000426120e+01 6.975208249467105759e+01 4.809009819990221501e+01 3.286599872139716183e+01 2.053516154156880091e+01 1.362047181932201667e+01 2.795385733840381448e+01 2.840065616706188223e+01 1.481134214351924960e+01 9.759045994560006321e+00 2.048665784677846702e+01 2.625899043586700543e+01 8.239607860155787833e+00 1.093597848806685136e+01 3.102322260762573336e+01 4.258065229174213329e+01 4.097693783417177826e+01 3.175461210641996246e+01 2.342909001055623364e+01 1.100444357290750119e+01 1.142467534341320423e+01 1.861685883821128229e+01 3.210678810966666674e+01 3.250609865930761799e+01 1.300589358129200335e+01 3.121578179312444590e+01 4.116039259375294534e+01 4.502377968273464148e+01 3.239030094535958426e+01 4.889733097022271124e+01 4.388565873421359242e+01
2.804825088837598068e-01 2.028048250888340576e+01 3.063183165261009222e+01 3.617886683616107746e+01 4.250348923002348300e+01 5.079036932650794256e+01 5.973806358931321370e+01 7.129081155430853300e+01 5.724600315369682590e+01 3.565967463058871800e+01 4.198213636980560892e+01 2.053614871957726962e+01 4.208797499146849930e+01 4.399530774216977136e+01 3.212738435449500685e+01 1.199489820880082824e+01 2.631630945169579050e+01 3.779101931687734606e+01 2.976342602833379658e+01 3.132714747340742889e+01 1.479759357417023580e+01 3.516229334874361712e+01 4.784381788642587452e+01 4.830988066931048053e+01 3.594270964358075560e+01 1.489218500982823734e+01 3.465091171518396607e+01 3.996447046956541982e+01 3.818507892811904014e+01 2.065191371496335648e+01 1.337327825104920365e+01 3.340588763732149857e+01 4.184890103459697741e+01 5.296259467205545235e+01 5.249039396439661687e+01 6.182738900124515879e+01 5.855563157872926183e+01
7.810880442414250835e-01 5.631800544968106337e+00 1.063180054496814897e+01 1.617880250722053859e+01 2.250335782755794156e+01 3.144762974076436635e+01 4.299463619535154635e+01 6.299604945775711684e+01 6.621062993222794546e+01 5.724600675172621322e+01 5.111500025049465989e+01 3.008231120816131821e+01 5.075962773183779575e+01 3.673134893631652176e+01 1.595224522914286602e+01 3.247538935945521388e+01 4.110708414991863435e+01 5.514908847503046019e+01 4.807445077469577654e+01 2.765849994671584255e+01 3.516229354586251077e+01 1.902509684622789976e+01 3.343150797993801859e+01 5.385558975928170611e+01 4.494785190824953247e+01 3.656371893993414801e+01 2.124510705737692362e+01 4.215071647868532523e+01 4.564210314736143914e+01 3.342385232200862077e+01 2.172918075298302298e+01 1.386808924536063614e+01 2.804428454661199765e+01 4.039941850044444749e+01 4.348148760620168929e+01 5.021825769910419979e+01 5.808294908090008590e+01
7.232205343510359485e-01 2.072322053435068057e+01 3.063183156997913414e+01 3.617886497505439536e+01 4.250348882488101054e+01 5.079003562910659753e+01 5.730314968055381541e+01 6.559422368869684306e+01 7.405598464943096815e+01 6.965488098731609057e+01 4.778810526466646991e+01 5.180073371437029550e+01 4.345066989005263025e+01 2.268298109046374478e+01 3.673134895943438494e+01 2.181426807129883727e+01 3.653044577937408377e+01 5.730336965707331842e+01 4.807436880546848101e+01 4.807445077948781886e+01 4.256026921334014901e+01 2.216744326282041655e+01 3.657563270710357983e+01 5.700845983256983374e+01 6.009514116042672782e+01 4.031538670449782558e+01 2.592602441929931345e+01 4.610873062781330134e+01 5.525846742127422573e+01 3.624049847071709252e+01 4.135422979983496106e+01 3.393986837796154532e+01 1.435321259379128911e+01 2.681986689954381120e+01 2.428702258498042710e+01 3.136982820313283682e+01 4.181831930701874711e+01
9.494692443194679976e-01 1.094963687047731504e+01 2.509499296890603404e+01 4.510885601756945107e+01 4.748732287878013381e+01 5.046891025774998951e+01 3.730005472001136013e+01 4.575440003846167514e+01 6.559521861662182118e+01 7.867357988947495073e+01 6.273101793384712010e+01 4.202132039205677216e+01 3.005987912650894955e+01 4.345067003045478771e+01 4.704265141754019197e+01 2.627308002540946319e+01 4.704265146673232323e+01 6.548134643663709653e+01 6.841709279142331468e+01 5.768427261483665802e+01 3.722007995694576010e+01 2.547124304307151377e+01 3.722007995694576010e+01 5.768427261483666513e+01 6.585515091121740738e+01 5.029094509461620532e+01 3.067360294113754193e+01 5.029094509461620532e+01 6.419180515417501454e+01 5.604612194364806754e+01 5.133292467405860293e+01 4.137411092823698056e+01 3.423713868300046670e+01 1.484772453099975209e+01 3.508746153525778055e+01 4.771609348112961868e+01 5.808294850626901251e+01
2.836664262828419991e-01 2.028366642628248684e+01 3.924146683799301627e+01 4.115023439441916508e+01 2.748469298774670122e+01 3.046630100504602723e+01 2.575168806880743233e+01 3.730005472358516982e+01 5.730325070221052641e+01 7.310877247579699656e+01 7.138815937754851859e+01 5.674525998220731537e+01 3.606097342491104030e+01 5.674525998220925516e+01 5.360093115662336061e+01 3.286182976983636195e+01 3.607866038771842909e+01 5.071716922760693791e+01 7.155491143301492230e+01 6.607473173401369593e+01 4.953707877608572119e+01 2.911555916251209908e+01 4.953707877608572119e+01 6.607473173402573252e+01 5.743250019042444876e+01 3.787299432308005009e+01 5.029094509461620532e+01 4.663637299164674488e+01 6.655192601543818398e+01 5.764043559272714390e+01 3.823283938899936629e+01 2.584910619734965920e+01 2.146293005751036276e+01 2.447518456891761218e+01 1.536988329391697228e+01 3.725247761500475008e+01 4.567403445243486715e+01
1.404418693552202946e-01 2.014044186935486636e+01 3.741706545632153080e+01 2.865797101259864732e+01 1.334188096989525718e+01 1.632330520740316615e+01 3.632500932986199160e+01 4.847813036785471041e+01 4.480708044504127940e+01 6.481242590853017305e+01 7.757771859742346976e+01 5.674525992642062988e+01 4.387844938012069207e+01 6.456329361266490707e+01 6.093029317370671549e+01 4.019972694696484439e+01 5.682040261495366451e+01 5.071716922760693791e+01 7.155491143301455281e+01 6.786141302507174089e+01 4.741717145357047514e+01 3.293723656822832879e+01 4.474462350285136836e+01 6.523565206336095912e+01 6.315886213672726512e+01 4.332024889238519449e+01 6.315886213672726512e+01 6.655192601543818398e+01 6.903496077916842921e+01 4.930993433312834640e+01 3.574371532757869829e+01 3.796343006853601310e+01 3.846305039003689075e+01 2.914850950577089961e+01 1.575612104262939361e+01 2.220417642972831374e+01 2.813740340301429299e+01
6.646099058385387393e-01 2.066460990583818358e+01 2.552159901084228721e+01 9.301270696536198201e+00 2.930121075743875991e+01 3.632500932986199160e+01 2.140332455750458962e+01 2.847465366367264750e+01 4.002342203204781867e+01 5.416766986923439475e+01 7.417430336202966146e+01 7.322658306102263737e+01 5.575990574307994052e+01 7.322658306102263737e+01 6.960329936850928334e+01 5.052699011001335094e+01 6.960329936850925492e+01 7.155491143301455281e+01 8.024559757302631624e+01 7.221200121142885564e+01 5.180592902873375039e+01 3.725006685528501293e+01 5.778272993551142633e+01 7.359536182654656500e+01 5.941293229189735570e+01 5.719568489647524245e+01 5.719296562840701625e+01 7.756181039882810069e+01 7.480791903362134576e+01 5.508714180882999045e+01 5.508672991776415984e+01 5.718484405734496789e+01 4.523030756183336365e+01 3.572322892465349042e+01 1.616186431368324250e+01 2.745077522001137638e+01 4.139561787824929695e+01
6.164072599657668405e-01 3.059796147091866647e+00 5.521625966678510800e+00 1.706861635798202315e+01 2.563109629693185454e+01 4.563134740430443514e+01 4.140583344602722349e+01 2.757562401607236069e+01 4.171987008047526757e+01 6.172589766467515204e+01 7.026721933819177934e+01 7.924150069312949540e+01 7.658816318609868290e+01 8.527018591582954343e+01 8.003647684351794567e+01 7.133359642530891165e+01 8.003647684183444255e+01 9.135065366166399770e+01 8.642681274312715800e+01 6.632406219102283274e+01 5.180592903942220318e+01 4.269976352623936577e+01 5.733906483180356162e+01 7.763680198476103556e+01 7.377124789281189976e+01 7.762469455492971804e+01 7.756181039882810069e+01 8.606859480456516565e+01 7.291336058534000131e+01 6.445629125243210922e+01 5.396597975224675281e+01 4.534722996808512363e+01 3.872462182139819475e+01 1.640074068223965753e+01 1.658795958777809076e+01 3.455811489407808779e+01 3.498159884394991792e+01
7.616414269703414286e-01 2.076164142696998738e+01 1.552161913211160105e+01 3.380478128157373163e+01 3.706858805239853893e+01 5.391811062281598765e+01 4.757949989528236756e+01 4.757949989528236756e+01 3.487939536743543556e+01 4.195198987380714328e+01 5.089836838609476644e+01 6.504234866835732021e+01 8.510266534496142299e+01 8.943429684558095971e+01 8.943502017238293433e+01 8.329861993917462826e+01 7.502351882629496060e+01 7.135407581479917383e+01 9.135065356651372781e+01 8.055091381887400814e+01 7.154747899785429865e+01 5.195773048654393733e+01 5.581042330522395645e+01 7.614459036585169827e+01 9.420261478494484209e+01 9.152828108410456309e+01 8.337723948220948955e+01 7.501696176332262667e+01 6.445639935042525792e+01 4.337161686981946218e+01 4.534722988338901928e+01 2.443766270058762302e+01 2.190097119185346486e+01 3.826761773810524403e+01 3.226169089462166539e+01 1.721688320275460526e+01 3.806223388941013752e+01
8.582653206718614536e-01 2.085819521956448952e+01 3.552136741134805931e+01 3.552139395423868962e+01 5.552048311212457321e+01 6.535607428248691519e+01 6.759012385040762183e+01 6.318697684754715027e+01 4.642878941536832826e+01 5.488853542595427371e+01 7.026721933807458242e+01 7.924888167443849341e+01 8.304204729957960751e+01 6.842750190031964053e+01 6.842753743953170442e+01 7.502351882629601221e+01 5.504992360192961343e+01 7.502351882629601221e+01 8.378674791029192193e+01 9.378221335776326839e+01 8.054328640025882180e+01 6.381757109267471861e+01 7.028992366564980898e+01 8.446284985272136225e+01 8.775443855845442442e+01 7.102374026474655011e+01 7.100559919810703491e+01 5.420553003675811254e+01 5.802449891408865312e+01 4.954705186555714391e+01 2.833971526558284992e+01 4.534722996902586800e+01 4.255297563906233904e+01 4.780246563114868508e+01 3.753060667479571322e+01 1.766917842246797576e+01 3.687303167640423140e+01
9.616989121453964895e-01 1.510383453587647118e+01 3.510383453587717639e+01 5.007573834945633706e+01 4.178593686421181275e+01 4.756022196206899366e+01 5.388611155966010102e+01 6.218398517226304278e+01 6.643675392672366797e+01 7.474841597866961251e+01 8.332936524254364485e+01 9.320797788589733557e+01 7.458024968879151118e+01 5.382336386051782995e+01 5.382336491878562157e+01 6.090498599943798297e+01 4.800214080790084381e+01 5.553649338634811272e+01 6.551132338893920348e+01 8.551210919559470369e+01 9.208231242046747411e+01 8.375198679440948979e+01 9.027900698871206941e+01 9.119387804925381147e+01 7.084667728402379794e+01 5.876183141762016504e+01 5.008742067880165649e+01 4.328077156775430012e+01 3.673090390802866523e+01 3.287782243459019327e+01 4.337374190270793406e+01 5.813855996237583668e+01 5.521206577106590885e+01 3.513865094233850783e+01 2.177890604323404844e+01 1.812116743978128142e+01 2.558702362240437367e+01
2.866789980725219511e-01 2.028667899807216557e+01 3.011776765770562747e+01 3.448232765504380382e+01 2.178481778856806628e+01 2.755832054086242167e+01 3.388287624205856474e+01 4.282716090371254580e+01 5.437452041348601739e+01 7.439717086972345328e+01 8.726823694100350792e+01 7.327758819871803553e+01 8.310567809088175295e+01 6.255435887472239642e+01 4.349092104842634399e+01 4.093120273778617957e+01 5.505505154291072500e+01 7.502797708249363495e+01 8.378674717177595710e+01 9.378208768980690024e+01 9.235049865238181610e+01 1.006071761823631476e+02 1.031470538865348630e+02 9.941954191192147050e+01 8.775443831768932057e+01 7.448496190615763624e+01 5.366469389474042373e+01 4.492312849246141582e+01 5.802449891422829609e+01 3.969755077741160676e+01 6.090582426214368184e+01 7.299059047245951604e+01 5.759993429823985167e+01 3.735647339652580001e+01 4.093137686275932197e+01 2.420924027689683555e+01 1.874432324864616817e+01
7.776801193288799263e-01 2.077768011932852588e+01 1.011749253357089451e+01 1.448185033832790936e+01 2.602886062037088166e+01 4.602997837446142171e+01 5.388611155966010102e+01 6.218398517224634503e+01 7.114699867600138816e+01 8.274561005566984306e+01 7.910983773756893811e+01 5.892087871977175695e+01 6.591264111290772121e+01 5.672314098090065215e+01 3.829852623854168314e+01 3.647384323888885405e+01 5.647713510238673962e+01 6.933636715653847205e+01 8.345163426977117638e+01 8.908222507659465350e+01 7.237638932933947444e+01 8.683923343547333218e+01 8.317411396492890674e+01 1.031470427124005766e+02 8.892988483523809862e+01 6.850359451320113635e+01 7.386140582866711668e+01 5.302340727989314217e+01 6.832620321591181778e+01 4.733531772722426467e+01 6.832620321591124934e+01 8.345434993624493814e+01 6.607805140919560927e+01 5.296140810376786590e+01 3.344498493253603044e+01 4.376509708310381086e+01 3.854003649245049701e+01
5.059075238208947667e-01 4.219814287361947969e+00 1.421981437088422062e+01 2.836196477859441956e+01 4.276923451868789527e+01 5.431838412920785686e+01 6.952310990611181296e+01 7.782689922477165112e+01 8.048103690735695182e+01 7.210735856982012137e+01 8.045642976615931730e+01 6.634745181995545238e+01 4.436766595321508788e+01 3.294705035754887490e+01 3.288645210991813173e+01 5.278068565712575122e+01 4.105309594116805982e+01 5.522110004312300191e+01 6.969508120260580597e+01 7.376508920611560427e+01 6.086848353289742164e+01 6.687046881417472832e+01 8.098823084053420018e+01 1.009654323003500167e+02 9.721219274775575059e+01 8.892938666295535199e+01 7.386397060662953606e+01 6.519372058879787346e+01 7.672347200885715779e+01 5.959776119645992765e+01 7.672347200199232020e+01 7.534925738958374097e+01 5.596275110014605758e+01 4.475042437078464275e+01 5.296140810376786590e+01 5.946155210875816977e+01 4.077084984848803373e+01
