MOVIE_S3_data/elevation_000582.asc
nrows	100
cellsize	150.0
xllcorner	0
ncols	100
yllcorner	0
NODATA_value	-9999
[rows 68 to 84 of 100, columns 37 to 73 of 100]
6.416603017017993693e+01 8.430083466934064518e+01 7.053621777090087619e+01 9.063692854089264017e+01 9.660311634015982918e+01 8.666310775346529738e+01 1.033900750823971038e+02 1.078465737191775702e+02 1.161246148918929606e+02 1.179229795045754514e+02 1.094956254582880177e+02 9.551018685737102487e+01 1.126151170201152922e+02 1.240628538831347072e+02 1.156518059055634779e+02 1.240628538831347072e+02 1.133628919454491211e+02 9.364292496860059600e+01 7.944139576798166047e+01 7.017310752109736427e+01 8.280758765311131242e+01 6.669081021290864442e+01 8.663715581562745172e+01 7.853993856467090495e+01 6.025175043002658271e+01 5.112238839976745197e+01 6.725718751206134982e+01 5.534260296702588278e+01 6.072811900753762870e+01 7.936349078717044847e+01 8.296756310575213433e+01 6.413111523964455785e+01 5.735399217850916642e+01 5.237830267359031922e+01 8.059478855890186821e+01 8.467267466568240764e+01 9.256569521808657441e+01
7.842782858756038422e+01 8.062261402139846211e+01 9.063692854089264017e+01 8.477919843110156251e+01 1.047787400166716196e+02 1.066514743763327004e+02 1.149299755282702478e+02 1.100990402064043252e+02 1.185021014071779177e+02 1.094956254582880177e+02 8.901249356839380766e+01 8.368856006766918654e+01 1.034677365364845656e+02 1.138630634275593962e+02 9.521348989185824507e+01 1.063080485422179180e+02 1.147366157497720422e+02 1.076170985135628939e+02 9.756824583088302916e+01 7.753271621850865358e+01 9.565871650901642909e+01 7.890561246864501754e+01 9.172067227427864111e+01 7.552330805885695497e+01 7.394698693355466901e+01 5.394892707271305454e+01 7.447985701306420481e+01 7.566203840572480033e+01 7.304163302001279590e+01 7.961456027024543403e+01 9.012611858559543521e+01 7.669802779130861836e+01 6.897377717300457789e+01 5.304578153107416938e+01 6.658816964706420549e+01 9.055194979671495048e+01 1.043595839493855095e+02
9.847952560387433607e+01 1.006670397140526063e+02 1.089511930076321278e+02 1.047787400166716196e+02 1.130572336577798893e+02 1.193803325498010537e+02 1.067146752443620557e+02 8.962892192749896481e+01 1.067146752443620557e+02 1.094956254582880177e+02 8.901249356839380766e+01 7.459707041359163782e+01 9.501186399900547030e+01 1.054326478987108828e+02 8.505699786276039731e+01 8.592762380147094348e+01 1.029753940368908474e+02 1.137278975884693466e+02 1.057653065649947592e+02 8.769494014924374881e+01 1.057653065649947592e+02 9.321106090835914415e+01 9.929724386175661266e+01 8.984903288175483738e+01 7.765543130581578168e+01 5.693975066608105351e+01 7.765543130581578168e+01 9.453585504601605294e+01 9.282695176999435205e+01 9.872794054838145428e+01 8.652364011929408605e+01 7.311696511232618434e+01 5.400095768190921319e+01 7.309819601865875427e+01 8.393402621483161852e+01 9.551163030322501868e+01 8.775678791549583480e+01
9.373474242319748839e+01 9.373474242319953476e+01 1.019631405785241753e+02 1.133869894124666047e+02 1.118190821578114509e+02 1.034029437862875085e+02 9.055877046336951253e+01 7.785053978247243833e+01 9.828061190773486544e+01 1.049591677059083992e+02 8.955578091198191260e+01 6.921492664043374532e+01 8.955578091198191260e+01 1.018793513245726245e+02 9.345015315686734425e+01 7.425342683094439167e+01 8.494926623840783009e+01 1.053058559539005188e+02 1.156483181278753705e+02 1.074415515125221248e+02 1.156483181278753705e+02 1.129907884724841551e+02 9.847959643749723568e+01 7.734205617800145660e+01 6.250547785470226358e+01 7.765543130581578168e+01 6.488647653880923372e+01 7.972981696201732404e+01 1.007827320870666625e+02 9.327246972544992332e+01 7.282800404709577435e+01 5.836275984811329920e+01 5.467933730143344206e+01 7.468343355516931581e+01 8.391655703869524530e+01 8.774580180390375972e+01 6.857763923046805132e+01
7.398706255721766922e+01 7.398706255721766922e+01 8.540438888886274071e+01 1.051142169736138925e+02 1.034029437862875085e+02 8.298235579960922337e+01 8.896340754509080284e+01 7.021738272545862003e+01 9.055877046336951253e+01 9.641845373147442899e+01 7.599811787479944769e+01 6.437880404923802757e+01 8.462239910745914528e+01 9.016399128095645210e+01 7.318269706468664992e+01 6.846291772627530747e+01 8.868477005185225437e+01 1.088415252134851841e+02 1.076200272033875365e+02 1.160418056373392517e+02 1.250555099313301781e+02 1.133002642941721803e+02 9.234067480783555482e+01 7.734205617800145660e+01 6.735687967487531580e+01 8.853353291281790405e+01 8.589607303839935071e+01 7.534587194440381097e+01 9.644627413223228984e+01 8.921243068405225074e+01 6.842326427549471646e+01 7.872228963555679115e+01 7.039272877085572588e+01 5.564929282122599119e+01 7.573079599074607415e+01 7.755509012574742655e+01 6.312134023908851077e+01
6.243088204581729173e+01 8.233341413670342490e+01 8.569049390710833336e+01 1.054571985870682340e+02 1.034029437862875085e+02 8.298235579960922337e+01 6.867029495615155099e+01 6.420293946440096988e+01 8.442561108683020166e+01 9.319053252652544472e+01 8.025397891672197659e+01 6.018318319411994111e+01 8.030543312832892866e+01 8.174873192625787510e+01 6.165015474288596664e+01 8.065200450016516243e+01 8.009032936585460050e+01 9.320965538721605981e+01 8.724068394211869304e+01 1.076200272033875365e+02 1.046602602343809139e+02 1.190291322282838706e+02 1.070718982534921224e+02 9.385841365111815549e+01 7.260248477619941809e+01 9.385841365111815549e+01 1.050312052038138120e+02 9.031359648023753550e+01 9.261131175404680960e+01 9.734699665292767179e+01 7.827764009804540990e+01 9.050708054905000211e+01 7.065725096966298224e+01 7.156524927993110907e+01 5.662649599328169359e+01 5.733681710273238963e+01 5.805484736059388240e+01
5.682308926380505198e+01 6.584080890685615373e+01 7.991088509561390651e+01 9.964370388503908771e+01 1.034029437855333811e+02 8.298235579960898178e+01 6.867029495615155099e+01 5.875116325948241069e+01 7.335566262924581338e+01 7.917507389210520330e+01 6.492912723609249781e+01 5.629668788890060682e+01 7.629857664500629255e+01 7.755788888148623528e+01 5.758013317657375296e+01 6.059939873172729108e+01 6.587108089163469060e+01 7.293997478959053637e+01 9.320965538721605981e+01 1.088279143622281566e+02 9.017573091048629408e+01 1.088279143622281566e+02 1.182548391020884111e+02 1.025128288507834782e+02 8.326133662042583694e+01 8.325457847479218287e+01 1.044622488274440570e+02 1.112518676934754467e+02 1.074639767666041621e+02 1.061661029971495367e+02 8.988633314376365036e+01 9.881359990278856742e+01 9.066493383014325502e+01 8.033022377009849890e+01 6.010036733845053902e+01 7.755328094446574028e+01 7.832580604806605606e+01
7.032771710538824550e+01 8.214298372515654023e+01 9.037404028575953419e+01 9.131701168479830244e+01 9.956232572125155400e+01 9.740071894490320403e+01 8.724296657865271243e+01 7.335566248487275232e+01 5.347290285673580712e+01 6.822195615961118165e+01 5.104689590918336961e+01 7.084072567137341991e+01 7.778115550203537509e+01 6.942299564208525453e+01 5.371453953383326052e+01 7.356233774050370755e+01 8.604324108568279428e+01 8.604324108568279428e+01 1.016412447897290434e+02 1.004048107385553408e+02 7.995420508849089458e+01 8.942424362725115827e+01 1.098608445527137434e+02 1.133977711268051962e+02 9.855438976998217981e+01 9.832823579671745051e+01 9.832823579671745051e+01 1.192710662779976900e+02 1.281060495109573196e+02 1.173974829074336270e+02 1.092227442629251044e+02 9.992111057464769885e+01 8.590762667334747960e+01 6.577592312057809920e+01 7.524720338003807285e+01 8.855401371132923316e+01 8.747462465807113574e+01
7.855805837570018468e+01 6.224258466584421967e+01 7.730675732886932394e+01 7.150351996234677188e+01 9.131701168479830244e+01 9.599758680570336367e+01 8.584983557839935031e+01 7.742998196042505299e+01 6.822195615961118165e+01 4.849008657038076819e+01 4.763398013792188834e+01 6.734163786875201652e+01 6.562496857777496473e+01 4.969443016100683508e+01 6.930451780729164568e+01 6.985570508931671441e+01 9.000104328429918610e+01 1.063857408541839931e+02 1.076313479107055144e+02 8.718617820782530714e+01 7.271544533702959257e+01 9.317442977128906989e+01 1.062008579609087633e+02 1.143789761209658877e+02 1.207266345187078400e+02 1.192710662779976900e+02 1.192710662779976900e+02 1.277627956518777808e+02 1.237998737648036069e+02 1.139477363927971822e+02 1.057382374540437127e+02 9.178315698341941697e+01 7.196276742144361549e+01 8.590762667338265146e+01 9.404384204237949518e+01 1.046780963867589662e+02 9.690919726241867238e+01
6.275236101053543791e+01 5.050949544272107516e+01 5.734693425610615947e+01 7.150351996234677188e+01 9.131701168479830244e+01 8.755701288519526315e+01 6.730335692108830870e+01 5.741836445295886193e+01 5.095160141864974435e+01 4.511142478731578365e+01 4.430022922528433327e+01 6.197465237394322202e+01 4.596741422198735449e+01 6.543686535001992866e+01 6.356916411491898344e+01 8.388825492427739050e+01 9.836517296385970610e+01 1.023226747396360565e+02 9.388204066977371554e+01 8.789194270497074513e+01 6.737885073287439752e+01 8.789194270500887285e+01 8.615495737769910534e+01 1.058149022338104146e+02 1.104158059592356977e+02 1.188208998129880314e+02 1.191511221225610626e+02 1.275273150520013274e+02 1.155426526770172728e+02 9.593382223451966695e+01 8.622271704744017029e+01 7.876096295337320896e+01 9.178315698341941697e+01 9.992111063885570843e+01 1.126619286155629993e+02 9.926672000981992028e+01 9.082575399909289615e+01
4.220976762593160458e+01 5.427152018569716319e+01 7.433740502271673734e+01 8.553292284179923399e+01 8.977746497991249441e+01 9.599444792901877577e+01 8.584983651795806736e+01 7.742998196536217392e+01 7.075938982432924718e+01 6.063908037434162424e+01 4.102098235600139020e+01 4.236310622387664893e+01 6.197465237394322202e+01 7.394243540815867277e+01 8.385193030823322147e+01 9.253457256290349164e+01 9.626048866654322467e+01 8.780192076649549904e+01 7.335187299407662920e+01 7.711922895633358621e+01 6.246072051375862344e+01 7.173062715277515622e+01 8.923682151664166895e+01 9.370189208728996277e+01 8.994552558104764728e+01 1.046706609672154684e+02 9.867265756725446124e+01 1.191511221225610626e+02 1.237998727641160883e+02 1.096529507364408147e+02 9.009687875452679862e+01 9.030755197547716762e+01 1.065379128016292327e+02 1.151556292248662743e+02 1.042491253939805347e+02 8.587151704906226257e+01 7.227569538237280256e+01
5.608746311792863537e+01 7.101809537519915239e+01 8.257177830952538500e+01 8.386715064554496735e+01 6.948140334337821855e+01 8.386715064554496735e+01 9.082070414988180573e+01 7.057868046011157048e+01 5.654160694896049222e+01 4.679788922986657695e+01 3.892497957364455630e+01 5.847115638094833656e+01 7.028050097010721231e+01 7.674174454816204616e+01 7.674174454816233037e+01 9.722491475686953777e+01 8.780182666839000660e+01 6.722124644181667463e+01 7.324912555936954561e+01 5.644674526327553110e+01 6.037701092049056939e+01 6.448943356468616628e+01 6.874234397530541685e+01 7.324036834377443483e+01 7.851903980730205035e+01 8.417645290316029616e+01 9.333259170932051063e+01 1.051996873120826592e+02 1.256508167707829813e+02 1.096529507364408289e+02 1.038750834491134754e+02 1.108125361870515917e+02 1.191612760696456377e+02 1.071612462546876401e+02 8.844026012972526019e+01 7.763918440724474124e+01 8.705327027416781505e+01
4.560319115342248608e+01 6.609588227608962541e+01 7.313648252165062047e+01 6.476111553342400384e+01 5.547341282355053238e+01 6.948141094112540372e+01 8.977852966674068114e+01 8.490995780276124094e+01 7.488023116747396557e+01 5.688575141530995438e+01 3.742558709164855912e+01 5.499137708057299534e+01 6.340578836381910577e+01 5.633337708138842714e+01 7.500180433621713405e+01 8.679537458689850382e+01 8.779901293584364907e+01 6.722122125586255947e+01 5.265628893351092188e+01 7.324912555954257698e+01 8.102047745233744536e+01 8.505340381596587918e+01 8.923682153762166536e+01 9.370189208728996277e+01 9.898659034999438688e+01 1.046706609672154684e+02 1.130999860360542186e+02 1.222419162868444005e+02 1.339993144806156238e+02 1.294509574777783314e+02 1.236051830802159230e+02 1.248433183289024413e+02 1.139927461139011768e+02 9.607168302645006008e+01 8.335202617616538134e+01 9.635267987589797656e+01 9.621175883022466735e+01
4.341879400357561281e+01 6.400960839660673685e+01 6.476111553342400384e+01 4.525024019687501919e+01 6.476111553342400384e+01 7.893858702018351892e+01 8.070912414003225877e+01 7.234872012169239497e+01 7.440888582522630657e+01 5.850303733772849313e+01 4.768139664386985999e+01 3.534768333562361420e+01 5.499137704282677674e+01 4.633414652851050164e+01 5.790713951693728490e+01 7.832693553587864699e+01 7.655361305415195261e+01 6.815778080061595290e+01 5.023460452570943602e+01 7.071557671678061752e+01 8.679826928587590373e+01 9.526273442982099482e+01 9.721291509716807866e+01 1.056579013524814599e+02 1.101457308043938923e+02 1.017017522196163668e+02 1.078932560132363392e+02 1.151559099096428866e+02 1.235559578476035369e+02 1.353187681636822788e+02 1.278589100172641224e+02 1.086584897957546616e+02 9.788316364325143581e+01 8.965530780527849686e+01 1.019218866168485675e+02 1.098528011699079912e+02 1.093831508927575982e+02
4.734173209454892373e+01 6.072435728807872124e+01 5.251334859296889590e+01 3.984726970841479954e+01 5.078419778218165703e+01 7.052782888151929797e+01 7.234872012169239497e+01 5.249536932313591109e+01 5.831028113778848621e+01 4.611037948751468463e+01 3.396715592622597768e+01 5.340001292550610401e+01 3.720450418836727380e+01 5.701357999534340593e+01 6.072052023553597877e+01 6.229637592147304304e+01 6.390712719842775158e+01 5.240075663750998558e+01 4.786242200112508982e+01 7.062796851425684963e+01 6.624663048794843689e+01 8.270733199276349978e+01 7.669892298978348322e+01 9.721291509716927237e+01 9.394989204245533188e+01 8.119225799270324728e+01 8.735836104173652927e+01 9.461402263140317359e+01 1.065058849481433185e+02 1.269720637504208867e+02 1.360037872703713049e+02 1.217814692355148338e+02 1.027522386866386057e+02 9.659767440195038546e+01 1.154520586980194281e+02 1.166769928781394299e+02 9.720417869091087937e+01
4.527798429806835401e+01 5.250893400842232950e+01 3.337783349722768378e+01 5.251156921341429040e+01 6.731162249314795076e+01 6.461445230964457664e+01 5.748200906553392286e+01 5.156978176891868770e+01 3.882796400739373155e+01 3.256334096644282994e+01 5.194164247271221768e+01 6.065212420418374251e+01 4.325256377944416641e+01 3.921138764880991801e+01 4.067072209369030134e+01 4.216962530372169482e+01 4.371601250077905121e+01 4.540504886334772294e+01 5.373208132482861288e+01 5.149317015228594840e+01 5.438692429885219326e+01 6.213778832993090617e+01 8.270733216882865690e+01 8.712057211285443259e+01 7.346193225365264823e+01 9.394989204245533188e+01 1.078932560132363392e+02 1.151559099096428866e+02 1.235559578476035369e+02 1.336738317731248458e+02 1.253255808576978581e+02 1.298865351199640088e+02 1.217814692355148338e+02 1.058921204220220034e+02 1.235127410388300433e+02 1.249251043856667991e+02 1.136080838607069552e+02
4.270161988440965928e+01 4.599139150626008643e+01 2.920278014597454685e+01 4.835154877693474873e+01 5.177434290355407143e+01 4.287113495898547910e+01 4.537124648936888605e+01 3.009376195888790306e+01 3.112526131073358826e+01 4.379947238582539626e+01 5.935467621010437966e+01 5.314513819413796369e+01 6.329478627453789841e+01 5.330771586788880256e+01 5.896144538670585433e+01 5.124565123202938111e+01 4.803077705638645511e+01 6.621170405649671409e+01 6.992439209713867854e+01 5.746808225931168579e+01 7.493277513300559178e+01 5.926413068491547165e+01 6.286879749790104910e+01 6.660037761244834087e+01 8.712057211285443259e+01 1.024075897030638345e+02 1.160517916670068672e+02 1.280009693022143153e+02 1.196978515152801066e+02 1.219294698120551459e+02 1.049061376139455888e+02 1.219294698120551459e+02 1.331497784565810605e+02 1.250119969740168528e+02 1.331497784565818279e+02 1.292555155215798663e+02 1.209446413348203322e+02
