MOVIE_S3_data/elevation_000925.asc
nrows	100
cellsize	150.0
xllcorner	0
ncols	100
yllcorner	0
NODATA_value	-9999
[rows 17 to 33 of 100, columns 0 to 36 of 100]
4.336683913182175498e-01 1.456689031789571587e+01 3.331725232425971228e+01 3.689968632170950968e+01 1.765676845774722992e+01 1.913519482203225763e+01 2.699108716507896943e+01 2.341162873775178355e+01 3.249738538189760551e+00 1.088358755018822066e+01 2.671459544397115238e+01 1.560152065800532561e+01 3.427018419442550368e+01 2.904019479744118115e+01 1.362106068083527965e+01 2.762539635553538986e+01 4.504493383056015432e+01 5.333218767547302974e+01 5.202373362170269644e+01 3.462965446565556249e+01 5.164813842333661853e+01 5.015102282495701758e+01 4.279606829762762743e+01 3.711823605136451931e+01 2.972111600062723724e+01 1.038706670035453428e+01 1.921028376280793282e+01 3.340322531610096490e+01 5.346794923009974809e+01 5.821232799138276448e+01 4.155858849743606953e+01 4.600051798221048216e+01 5.976108038760293084e+01 5.388428097963953434e+01 7.394892964082762887e+01 8.708322997914447683e+01 7.205634518653107534e+01
5.385724909496417689e-01 1.999022632083132578e+01 2.328000546076492228e+01 1.128929699056788083e+00 1.452902748310272996e+00 6.350067481808698844e+00 1.217027383200974988e+01 2.781856836956797530e+00 9.669071793522041602e+00 3.718464070168205904e+00 8.258441874119966997e+00 2.915560962015155155e+01 2.135523756182708510e+01 9.427068238590141647e+00 2.903844371270396607e+01 4.175715039448682830e+01 5.594319478595044615e+01 5.210303219373007266e+01 4.190652790314486253e+01 2.293035510079406691e+01 4.075232350354087174e+01 4.309621540773594006e+01 2.307129663585781998e+01 1.116798835053293182e+01 9.908820825600873405e+00 1.091875474993674011e+01 3.145025796736689117e+01 3.931289432817469987e+01 5.940059563284803090e+01 6.971177569322334477e+01 6.139809179923096139e+01 6.598170122023729789e+01 7.430116803040434093e+01 7.394892962005737047e+01 8.226892974335591191e+01 7.875642104439523905e+01 5.851583902990764585e+01
8.336531950628578436e-02 4.092405743621020386e-01 7.352648248477924309e-01 1.353004061221090737e+00 1.368917657038038804e+01 1.965721286172458671e+00 2.311443832848777191e+00 2.102238947719742157e+01 2.399145513481323277e+01 2.325014100448918342e+01 4.188309597452256838e+00 2.379838113225008556e+01 2.463145996788367853e+01 7.193761337955509205e+00 2.610640832411929324e+01 3.921527944636302010e+01 4.806043077942065622e+01 3.855212451296689125e+01 2.438181077914048345e+01 1.483252905616891049e+01 2.208053556002020201e+01 2.838657536235570333e+01 2.869780722255841354e+01 9.421442086921786085e+00 2.375631537664717641e+01 3.086794381152552447e+01 2.375827921111752516e+01 3.867531916346995047e+01 5.919812820305761392e+01 6.615334453886035249e+01 7.446992378943491531e+01 7.137435675196238094e+01 7.968925107864571089e+01 8.681916448746167703e+01 8.901455470162628103e+01 8.708322992357057046e+01 7.629632544040936182e+01
4.524162703296725763e-01 1.079197524408166053e+01 1.067415926890642019e+01 1.408155412613522506e+00 1.750430595412762713e+01 2.517178288265771968e+01 2.208051755550200923e+01 5.773716520078530756e+00 2.669093431904221347e+01 2.667385692808650433e+01 4.895372876365589043e+00 4.651774783397482516e+00 4.979213010087545577e+00 5.312036077462579442e+00 1.097831850014669719e+01 1.992938270134329315e+01 3.972772588938585869e+01 3.026150581296827369e+01 1.196163131108799860e+01 7.902869387450419225e+00 8.245273740408688212e+00 8.587130228384914687e+00 8.927728342886167567e+00 2.640421057837663810e+01 3.694199208207260199e+01 5.125337421950573713e+01 4.468631076216340148e+01 5.315544239504997392e+01 6.287549105065431121e+01 4.606947972240223521e+01 5.717156715740612327e+01 5.128857908380943087e+01 7.137435675196238094e+01 6.673183358891498074e+01 6.892962294373742793e+01 8.901455470160780692e+01 8.462650478444894020e+01
4.402443450947634007e-01 1.943340118602531774e+01 1.086820969979416063e+01 1.726622487339469458e+01 2.466936051746587211e+01 3.862718835341298274e+01 2.902324216494262288e+01 8.301731436232120842e+00 2.909833728224100113e+01 3.487443473631052626e+01 2.093217534008002900e+01 1.631619345396796916e+01 2.485786287949828477e+01 2.187970121175577987e+01 5.790226261459499035e+00 2.550547436314602834e+01 2.640346740881887300e+01 2.673147779181847028e+01 7.418929531822212375e+00 2.721208829207282776e+01 2.805601087272802374e+01 2.838388018904860033e+01 1.220112328006392488e+01 1.074710144552030044e+01 3.057767811708518124e+01 4.078578694624672352e+01 5.446066428806051363e+01 6.147336794469813270e+01 5.315872863292052131e+01 3.449993937641871611e+01 3.710775230574968475e+01 5.651059698966387401e+01 6.256611824424295065e+01 5.251695989531447850e+01 6.673183358891498074e+01 8.681916448746167703e+01 9.469351216590909814e+01
4.237187090225543740e-01 2.040372083445652152e+01 3.477325508047717051e+01 1.944429338776113880e+01 3.652362634750024739e+01 4.596035850126489919e+01 3.186909491595119093e+01 1.097792679833491647e+01 3.186721161710633510e+01 4.347866096534612268e+01 4.119939205816738337e+01 3.219628660635631690e+01 3.973761631185155352e+01 1.977645664890682298e+01 9.875806016995918313e+00 6.265908923507191197e+00 6.600713547304802198e+00 6.935608260461204821e+00 2.673985316566695758e+01 3.149281799585832431e+01 3.966656511917206274e+01 3.946328221574586337e+01 2.536103206929151099e+01 3.057767809508919399e+01 1.257772584451632270e+01 3.248439081534976935e+01 3.442202491133690501e+01 4.989354666681878570e+01 3.310763592122163601e+01 2.556041096936650092e+01 3.089839813835323667e+01 3.644550989426402765e+01 4.248222633277439542e+01 6.256611824424295065e+01 7.070282684955890318e+01 7.830095749132811989e+01 7.461681489818718660e+01
9.142864485297492738e-01 1.244462898387214977e+01 3.234305477482459423e+01 3.643579120055959208e+01 3.209403733308278106e+01 4.968345316505173059e+01 3.986390196429821486e+01 3.188118646977512682e+01 1.513180796778395987e+01 3.569189301760530952e+01 4.750872894541508629e+01 5.571858474564506025e+01 4.823925841651710300e+01 3.649585580649350192e+01 2.227267191128419910e+01 2.608221539778651987e+01 1.247641113648779054e+01 1.097601412283114364e+01 9.319334454935187750e+00 1.161216886070744359e+01 3.149537787567280489e+01 4.326141224036594224e+01 4.545192194323882262e+01 4.078577849015582757e+01 2.662199035083933296e+01 1.447270993964587049e+01 3.442204115241136009e+01 3.780183582287784816e+01 2.157824252452705238e+01 4.158225720553070204e+01 3.132670118144283578e+01 3.559023379349591920e+01 4.006488693108267540e+01 4.523698328503422061e+01 5.059889734127866490e+01 5.819819338373871886e+01 7.241999916744366317e+01
9.064013007315497861e-01 2.090313037099408433e+01 4.055125946670761294e+01 5.614960846147783968e+01 4.969831345160915959e+01 5.421079447489645986e+01 5.140114449336336122e+01 3.216048030969523097e+01 3.569189301760500399e+01 1.964611681235265550e+01 3.819489402361663366e+01 4.392117749155887907e+01 6.276761305504631139e+01 5.058981239237873240e+01 3.510683511654622890e+01 2.145328807024559126e+01 3.176651673499793560e+01 3.001728508045985677e+01 2.910260560080957148e+01 1.282830936622679729e+01 1.504042831674464153e+01 3.499588676942678234e+01 4.691536751218719559e+01 5.494958862184383008e+01 4.272581353106845370e+01 3.442188594186708173e+01 1.642289256706054701e+01 1.782673873436687728e+01 3.780183854115148279e+01 4.850237748060082055e+01 5.137523000971829390e+01 5.565252483050878851e+01 6.014187608324428425e+01 5.645465968471066986e+01 7.070282684955890318e+01 6.481812421546315761e+01 8.490975575932560560e+01
3.063610709598194592e-01 2.030636107095946485e+01 3.414617147841361344e+01 4.252849504931472779e+01 5.215720597670666336e+01 6.351729203378820188e+01 5.925892981592484432e+01 5.062185053226717457e+01 3.160079738608008171e+01 3.963565601232625113e+01 2.454024667155056250e+01 3.841217845236664630e+01 5.727616908996637335e+01 6.347073278766215765e+01 4.929543219438887292e+01 3.100475538807472731e+01 4.929542583828863656e+01 4.949491717196481488e+01 2.946989901088588937e+01 1.537691390487220211e+01 3.499588676942678234e+01 1.863314678776372801e+01 3.861381650195068715e+01 5.066458056714392200e+01 5.055677170715288327e+01 3.052109154099279920e+01 3.638939967143283383e+01 3.780185361311707481e+01 2.019713513099943469e+01 3.431852573315116217e+01 5.437066994204665349e+01 6.269526490460270196e+01 7.101286702471354317e+01 7.654810762794141965e+01 8.486165548313275053e+01 8.490975575932560560e+01 9.321957651889285046e+01
2.739570439748240105e-02 6.699592074472704439e+00 1.380632747539570815e+01 2.292685632986732003e+01 3.514809705368352155e+01 5.681955411334654826e+01 6.604831254596774670e+01 4.716285332849780332e+01 5.060856588864204042e+01 4.708868648703267468e+01 2.808773261329666937e+01 4.706455390373138670e+01 6.019508562739060409e+01 6.965118186828048863e+01 5.929894332051106431e+01 5.092253100383442188e+01 5.929892726167985728e+01 5.031313408283319433e+01 3.800470245074937026e+01 1.802716719969581405e+01 3.800421753463951546e+01 3.861381484414800269e+01 2.235864241268496144e+01 4.236050948236240288e+01 5.887159164621553487e+01 5.055678360170689700e+01 5.609058794857665475e+01 3.603255013329896173e+01 2.189834240738127136e+01 4.190742020324174888e+01 5.110303052532431423e+01 4.261695673266683571e+01 5.681089556098096693e+01 7.690139045946098406e+01 8.502991061254087413e+01 9.332756350227343489e+01 9.622350606781417071e+01
1.758338105654860817e-01 2.017583381056513048e+01 2.977075715388629362e+01 3.805502840134884224e+01 4.960203378514155759e+01 5.651245785857091875e+01 6.479672910603011360e+01 6.604365676150997899e+01 5.709312793236297523e+01 3.837994787518820061e+01 4.709086748385703913e+01 3.369396521830957170e+01 4.300686869692610514e+01 5.617017723111968763e+01 7.519875536700388352e+01 6.456696793617824426e+01 5.453695393895052490e+01 4.200473499783691977e+01 2.200457222142492952e+01 3.213626855690397122e+01 4.630791150907749909e+01 4.508457979147060257e+01 2.506683294851854171e+01 3.505835677572612497e+01 4.662765766724137961e+01 6.669899455105063169e+01 5.609061061489346400e+01 3.603255015798643512e+01 4.190742020325329520e+01 2.439543993668974053e+01 3.105502450275742277e+01 5.110305032840263095e+01 7.101286702471354317e+01 7.343144018752875013e+01 6.494077054812890992e+01 7.915257656462210889e+01 9.921905018162344447e+01
4.683972685643240652e-01 5.056711945975579603e+00 9.770757153885938351e+00 2.131776253767865725e+01 4.131776253767936424e+01 3.651245785857021531e+01 4.805946324236313671e+01 6.805946324236455780e+01 6.498328527977695046e+01 4.766743038224026918e+01 5.698602305193778506e+01 3.841370868963790031e+01 4.890467253810810888e+01 6.772841321815754156e+01 7.044884622901606974e+01 5.037471675779902114e+01 3.619774800998364839e+01 2.620270308829238459e+01 4.200473499783691977e+01 5.031313408283482147e+01 6.048313068616334931e+01 4.797593495490679771e+01 2.794403877177518680e+01 4.209924544221151166e+01 6.216351847556350663e+01 7.499802265532036927e+01 6.440707463769443564e+01 5.609061138486633524e+01 4.627264988733426065e+01 2.623914993626128833e+01 3.123611925347726270e+01 5.128439191570043931e+01 6.444228490214338478e+01 5.333107790670685944e+01 7.343144018752875013e+01 9.332756191942984003e+01 8.860431568866906105e+01
2.051881798473268459e-01 2.020518817984697080e+01 2.977075715388629362e+01 1.829878580811050881e+01 2.496545247477729390e+01 3.910758809850874229e+01 5.910758809850944573e+01 7.634373448982704247e+01 7.445364079090535370e+01 6.093180093374331108e+01 6.197297280965482713e+01 4.331351541122223381e+01 6.197297280965482713e+01 7.563449464623337803e+01 7.260414672853806906e+01 5.252696067020594484e+01 3.834357354145308250e+01 2.939702101336976625e+01 4.095320446278757487e+01 6.102040624886927134e+01 6.518918958004087472e+01 4.511915801361330836e+01 3.095451249542179184e+01 3.990468019679314438e+01 5.409201879468464824e+01 7.416698933460476439e+01 7.252733169828957216e+01 5.243652942133108752e+01 3.825221844349977829e+01 2.824664419693874962e+01 4.828651223172023776e+01 3.879912155645086358e+01 4.435385553814126069e+01 6.444228489615015576e+01 8.173869680859664300e+01 7.439887175922218887e+01 6.851478422411477709e+01
8.187695587851057111e-01 1.496090518251592982e+01 3.496090518251521928e+01 3.829878580811121225e+01 4.217215570232792032e+01 4.849671102266456302e+01 5.556777883452979694e+01 6.385205008198947496e+01 7.539905546577932682e+01 8.002621959569950150e+01 6.826211103511735701e+01 4.939469635872984554e+01 6.197297280965483424e+01 8.099627212080928018e+01 7.848079804869253451e+01 5.840743231954741788e+01 5.309523742087841924e+01 3.304511090193501133e+01 5.309523742087841924e+01 6.933292305315754334e+01 6.593077481679100060e+01 4.585451412666108695e+01 3.428650344982034426e+01 5.433974030220304030e+01 5.997184153300507603e+01 8.003763197557459819e+01 7.772149261121086283e+01 6.664116457994647647e+01 5.266236013222601287e+01 3.261012554550917741e+01 3.157901883134658405e+01 5.162812079806720789e+01 5.770121845361396851e+01 6.043345917087578556e+01 6.365060744683160010e+01 5.429071049086029177e+01 7.439887175922218887e+01
2.311624522989861319e-01 2.023116245229862997e+01 2.941887521563996089e+01 3.400718989305079987e+01 2.217215570232863087e+01 2.849671102266527711e+01 3.556777883453050748e+01 4.711478421832261176e+01 6.711478421832119068e+01 7.975798826923150386e+01 7.617689162560844807e+01 6.266995042585578801e+01 6.266995042585578801e+01 8.176278102096500788e+01 7.417801187715501499e+01 5.409786147872841156e+01 3.990917006647141108e+01 4.012075911290859409e+01 5.309523742087842635e+01 7.316859243604868368e+01 7.423142811065544322e+01 5.970347528066046294e+01 3.963421668091680061e+01 4.115193587777223172e+01 6.122461110646240456e+01 7.740134091325987242e+01 6.940211949678125336e+01 4.930520638264579247e+01 3.927975451727905920e+01 5.266236013223796419e+01 5.162812080105658907e+01 3.498418336588868982e+01 3.763356987025048994e+01 4.035567231851691616e+01 4.355952293626673111e+01 6.365060745303595269e+01 7.332178811168654420e+01
9.845726073866658545e-01 5.154860888528144613e+00 9.418875215640317933e+00 1.400718989305151396e+01 2.555419527684382430e+01 4.555419527684311021e+01 5.556777883452979694e+01 6.385205008198947496e+01 7.389765744216646226e+01 5.974706790301023318e+01 7.389765744216646226e+01 8.176278102096500788e+01 8.176278102096500788e+01 8.968383282536123602e+01 7.637292040227222856e+01 5.629479708611161470e+01 4.595103101606459717e+01 6.019121523283021702e+01 5.170338034605629929e+01 7.178581331129126397e+01 6.826765739567616720e+01 4.818287001454331886e+01 5.970347528066093901e+01 5.534401835091612298e+01 4.901745208060737014e+01 6.910268930010559529e+01 7.772149261121086283e+01 6.492618244502699554e+01 4.483417763509574883e+01 6.492618244502699554e+01 6.109760898322892331e+01 4.101738440801245389e+01 5.770121846231945284e+01 6.043345918395195326e+01 4.853750927417952710e+01 4.882204453490337670e+01 5.320363903341444711e+01
3.295302290958179725e-02 2.003295302290922564e+01 2.941887521563996089e+01 3.400718989305079987e+01 4.229146114051225425e+01 5.383846652430350588e+01 6.622307806493745375e+01 5.793427256829541960e+01 5.491429673564584135e+01 4.560179920707491164e+01 5.974706790301023318e+01 7.975798826923150386e+01 8.190294267380717486e+01 8.490309924952798326e+01 8.468210437094631970e+01 7.238728692854785152e+01 5.229844129360043326e+01 7.238728692854785152e+01 6.330218462135539426e+01 8.009579814428886380e+01 7.496277564690781503e+01 5.487742089321298522e+01 7.496277564690781503e+01 7.542161789169513497e+01 5.721969974904600775e+01 6.322488315665763992e+01 8.329296860861734331e+01 7.128402813472808930e+01 5.117875474338864450e+01 7.128402813472808930e+01 6.779778257316984025e+01 4.769726180345281819e+01 6.779778257316984025e+01 7.470406054235708382e+01 5.459334154919866933e+01 6.893164806437285108e+01 6.043429183680002836e+01
