MOVIE_S3_data/elevation_000828.asc
nrows	100
cellsize	150.0
xllcorner	0
ncols	100
yllcorner	0
NODATA_value	-9999
[rows 17 to 33 of 100, columns 0 to 36 of 100]
4.336683913182175498e-01 7.100335057984913156e+00 1.417140286985044995e+01 2.571840825690694032e+01 4.571846321386940559e+01 5.040221073220325110e+01 5.871607873276838063e+01 5.683766958584894979e+01 6.501098049334737539e+01 6.986693448517613092e+01 6.159650713141764555e+01 6.412229088911107056e+01 7.245379559836698036e+01 6.377282420105292005e+01 4.744568582761073827e+01 6.377281511696377692e+01 6.182485779553677929e+01 5.369052045942665785e+01 4.080743698574266176e+01 1.998034975339811936e+01 4.080743698573996170e+01 5.000880571920179563e+01 4.919120270260636829e+01 4.094025001080195381e+01 2.375855004065080323e+01 4.446566299991098958e+01 5.697308765158173571e+01 6.508455801117351314e+01 7.487091184675517752e+01 7.325558652859152176e+01 5.475875556220580620e+01 4.457504230726373606e+01 3.716802617232472272e+01 3.567586325909887535e+01 4.091178984817099007e+01 2.546231999615601538e+01 3.750950940289396840e+01
5.385724909496417689e-01 2.053857249094928505e+01 3.417141553333134141e+01 4.245620183906601142e+01 4.714397928613899325e+01 3.038513687269809438e+01 4.714412963442780580e+01 3.662993351859441304e+01 5.346897349950577905e+01 5.823066099012631014e+01 4.146440277034020738e+01 4.406252532652075615e+01 6.412227636227015637e+01 7.503688345393182146e+01 6.659582063320871725e+01 6.501484147462257113e+01 4.540192837085344024e+01 3.362666412055502718e+01 2.558565547635662085e+01 4.080743698574274703e+01 3.492396252519870359e+01 5.501141401806414422e+01 6.080334251524216427e+01 4.736720652409599097e+01 2.685019520327616860e+01 3.135921419670722088e+01 3.699536861341506722e+01 4.719092350078387454e+01 6.106459499473531594e+01 8.049371271087107971e+01 7.068852267133340206e+01 6.257138998839160138e+01 5.574195328276422856e+01 5.028816491150411139e+01 4.284290916572766150e+01 2.581941201050602785e+01 4.530803759995330182e+01
8.336531950628578436e-02 2.008336531913079881e+01 3.572687123976368184e+01 4.401290011263711222e+01 3.884435175772840410e+01 1.883731898137905603e+01 3.369088134304809046e+01 2.507365670415261150e+01 3.871897175203525165e+01 4.139317075622584241e+01 2.991192348831035375e+01 4.406252438034711361e+01 6.412192832485378347e+01 6.586334792994566101e+01 7.416836622203184959e+01 7.315501236071195024e+01 6.182485785200535844e+01 5.042196266431540153e+01 3.017683111110922667e+01 5.042196266431539442e+01 5.501141401806509634e+01 6.315773897638199941e+01 5.267483355364507958e+01 3.246394784318552951e+01 3.176467134278020055e+01 5.163381765247516597e+01 5.697308765158173571e+01 4.871331106999045346e+01 6.004975574978755759e+01 7.946629849365736220e+01 8.474153431776234413e+01 6.671065753708249702e+01 5.209332237964444801e+01 3.874380807016047612e+01 2.632976019897060738e+01 2.948078083875373068e+01 2.915833510688913677e+01
4.524162703296725763e-01 2.045241088970315246e+01 1.572546735940163209e+01 2.610404064009914293e+01 2.805733827504300493e+01 1.127801848404904561e+01 1.368573554580241769e+01 1.612912443308615451e+01 1.871111333135060661e+01 2.138372575457173852e+01 4.139316153973737755e+01 4.940786638289558397e+01 5.319095319534508803e+01 4.582653254501023099e+01 5.998916971714358226e+01 8.004486863964399390e+01 7.440436787367868021e+01 5.500304360278980198e+01 3.503457473979960213e+01 5.500304360278980198e+01 7.206909955666613143e+01 5.260107460331415297e+01 3.840409213200583594e+01 5.267484920596300668e+01 3.673656581097421281e+01 5.672324566976768523e+01 7.198060852994866821e+01 6.825615231375361702e+01 7.637904759557247303e+01 8.764459253692270124e+01 8.333316032837038279e+01 7.436877381037757573e+01 6.239956033180177997e+01 4.776539197082065158e+01 2.669812879432147668e+01 4.184314733873264203e+01 3.844147884320712194e+01
4.402443450947634007e-01 2.305253961575394861e+00 4.178425584738790555e+00 6.102926482037551281e+00 8.054726627934634564e+00 1.290543916171334082e+01 3.291273656743809539e+01 3.613567624297397884e+01 3.285528326233299623e+01 4.139316741538493005e+01 2.580098736757812006e+01 2.939309546483243096e+01 3.317274948053930217e+01 5.319095319534508803e+01 6.799315295044605989e+01 7.956775033336515435e+01 6.627907153043369703e+01 4.674841825218918245e+01 4.157320848761857235e+01 6.121401056719226830e+01 7.725779668834033487e+01 6.249611505675859036e+01 4.282939522193282045e+01 6.249611692122189766e+01 5.672324566977388116e+01 4.427321914801319025e+01 5.420687033318937864e+01 6.786481734703571078e+01 8.731421608601016260e+01 9.092842135451114416e+01 6.851501016076905159e+01 5.286846877800767430e+01 5.382752344574949177e+01 3.241866389707661966e+01 3.168916660536669383e+01 2.723115735765588141e+01 4.765201320796001028e+01
4.237187090225543740e-01 2.042371870886785956e+01 1.831753416608355778e+01 2.610404063994106494e+01 1.472138675017893661e+01 3.276169426965502396e+01 2.046475579424596702e+01 4.047644360476678571e+01 5.287516802940537985e+01 5.248578401062938070e+01 3.246772192756493070e+01 4.940786229298912247e+01 5.319095319534508803e+01 3.966187844791598138e+01 5.121589276704689553e+01 7.126211183750216094e+01 6.627907153043369703e+01 6.627907153043369703e+01 4.867150252854583670e+01 6.807373599397813280e+01 6.914650934633790769e+01 4.975746692627077294e+01 6.249612064435368097e+01 7.058871032588557171e+01 7.034072206984168929e+01 5.097098288162109014e+01 7.034072206984168929e+01 8.170138875152954938e+01 8.486975258508483932e+01 8.268829009598618995e+01 7.560727846249571371e+01 5.430347308458101452e+01 3.992917128246134695e+01 4.178678455529311719e+01 4.253600271036600589e+01 2.760875226945621819e+01 3.924637565817047857e+01
9.142864485297492738e-01 2.091428644842061502e+01 3.825274709808433471e+01 4.293123969013331021e+01 3.477213466973638845e+01 2.626442442079357065e+01 4.047644360476678571e+01 2.899318257908591079e+01 4.901286477592027779e+01 6.078788542506855919e+01 4.141335016285518833e+01 6.078836438239894591e+01 6.504306011262110587e+01 4.500783834471849332e+01 5.916829375412354608e+01 7.922600073107922469e+01 8.580426944358698904e+01 7.619981841842049164e+01 5.839061517337844975e+01 7.619981841836673198e+01 7.557136084914498042e+01 5.629680634058782829e+01 6.203401333354029390e+01 8.138540243784031247e+01 7.845978020718624180e+01 6.067864523632605511e+01 7.845978020718624180e+01 8.486975258508483932e+01 6.506425258363736930e+01 6.290392241933967910e+01 7.694129065550420421e+01 6.931499465874767907e+01 5.879462782216058514e+01 4.750965086909710067e+01 2.813599678628875367e+01 3.540791249580684763e+01 3.538483711217989480e+01
9.064013007315497861e-01 2.090640130073119352e+01 3.566170014054159765e+01 4.460597205528336673e+01 5.433441222519601155e+01 3.778771135087087174e+01 5.433441222519325464e+01 4.901286477592027779e+01 3.899613769594945722e+01 5.902959185589110547e+01 5.296997292344670427e+01 6.974911199165332221e+01 7.334915913979588709e+01 5.501614878438383016e+01 5.767132366299254898e+01 7.185082788675335053e+01 9.191689740246030738e+01 8.593999510042043255e+01 7.775685681457825638e+01 8.593999510039552092e+01 8.287692318667600944e+01 6.354822205392908785e+01 8.138540243791415207e+01 8.138540243791777584e+01 8.818460584021730142e+01 8.000279890335727373e+01 8.818460584021715931e+01 8.501127395607258563e+01 6.869862955033892149e+01 4.902761268215410695e+01 5.886312111625016996e+01 5.604918562023183171e+01 5.231596186874816823e+01 2.865597316614696055e+01 3.220999675275165686e+01 4.527784527770463541e+01 5.277740598198204225e+01
3.063610709598194592e-01 7.377428882825324941e+00 1.632170079282463959e+01 3.046383641655584285e+01 5.046383641663595654e+01 5.758655825252466798e+01 6.574994721377314022e+01 6.733563299065527019e+01 4.900503808246958926e+01 6.733563299065527019e+01 7.301885336040740526e+01 8.132500561335565692e+01 8.337581544306910075e+01 6.919245845300828535e+01 7.772804357614324999e+01 8.603279447556076320e+01 9.121248947930384077e+01 8.294079771831769676e+01 8.404104732852492532e+01 9.231283580206451234e+01 9.108205049662377917e+01 7.460302709930864751e+01 9.108205049662377917e+01 1.010640774582914361e+02 9.794945482044980167e+01 8.644678397205527176e+01 7.816818308639101076e+01 7.322952707249531556e+01 5.702021625671380178e+01 4.313148454425908085e+01 3.896559247408429627e+01 3.583068984445338145e+01 3.274613579673018648e+01 4.296373778921333297e+01 2.917791937707105632e+01 4.741492352625570561e+01 5.375915372232183387e+01
2.739570439748240105e-02 2.002739570439712580e+01 3.566170009259612073e+01 4.460597205528336673e+01 4.924516959642711811e+01 5.752944082604305720e+01 6.627912531270096963e+01 7.736096824197424837e+01 6.905414562931261457e+01 7.736096824197424837e+01 7.913465272619490065e+01 7.096239748328950725e+01 7.913465272619490065e+01 8.925954300914996509e+01 9.051141150499394428e+01 8.223932900226355969e+01 7.968151237237296414e+01 6.296747933160928312e+01 6.406833823286449103e+01 7.819290954891343404e+01 9.815970087227387353e+01 9.417927542942304342e+01 1.024508945855140780e+02 1.073773777611681766e+02 8.963515018335027662e+01 6.977378056269616025e+01 5.841355903080804524e+01 5.354798867956669284e+01 4.908568357267804316e+01 4.663618631700376227e+01 5.886312111625016996e+01 5.604918562990434339e+01 5.021658741114843139e+01 3.286791172224472035e+01 2.954659928105869682e+01 4.865915766913376217e+01 3.360462722376071554e+01
1.758338105654860817e-01 2.017583381013701072e+01 2.855088017313507009e+01 3.291523797791349892e+01 2.924516959647694492e+01 3.799485408849245260e+01 5.092378627660034596e+01 5.920805750858658456e+01 7.075506288168168112e+01 7.270649332469369597e+01 6.451960474870178075e+01 5.130462780631437170e+01 6.660365702011537792e+01 7.509018619737298650e+01 8.223932900226355969e+01 6.226285499386558797e+01 6.811382876672853115e+01 5.141995151108682904e+01 7.140919697114145492e+01 8.052404407740114323e+01 9.205594831774199349e+01 1.020749902648674663e+02 9.380223064176037440e+01 9.903615793718805094e+01 7.909360893901002498e+01 6.767919693286982863e+01 7.816818308639101076e+01 7.322952707249531556e+01 6.291858542517013575e+01 5.208104071727521500e+01 7.174682118856678414e+01 6.619544505556523006e+01 4.665663759139376054e+01 5.009493835106063386e+01 3.553205249284036427e+01 3.006724993087260245e+01 3.043693188862792809e+01
4.683972685643240652e-01 4.468397268564307190e+00 8.550880173202902057e+00 1.291523797792271289e+01 1.807921577286584380e+01 2.385271846476199897e+01 3.092378627662735013e+01 4.247079166041945797e+01 6.247079166035553754e+01 6.130289999960297820e+01 4.477350844401335195e+01 4.143390037173625728e+01 4.659147528987145392e+01 6.661638877534826975e+01 7.993372246512758750e+01 5.995132615920816477e+01 4.811986235416644320e+01 4.538415497041369662e+01 5.226258447844959676e+01 6.380866716626935187e+01 8.378379300581259770e+01 9.054796933582832708e+01 7.383967085835008959e+01 9.054796933582832708e+01 9.583057749164701988e+01 7.909360893901002498e+01 9.583057749164701988e+01 9.099777772268593878e+01 7.769841829326688298e+01 5.795920379354270580e+01 7.769841829330496807e+01 7.436453087243731375e+01 6.498582006644578257e+01 5.287798156854870513e+01 3.352894860337883642e+01 4.918678732640022133e+01 4.179460886430645417e+01
2.051881798473268459e-01 2.020518817984697080e+01 2.855088017319569005e+01 3.291523797791349892e+01 3.222135139659629743e+01 4.385271846474454094e+01 5.092378627660034596e+01 5.920805750858658456e+01 5.706017521682786509e+01 5.245371404307171304e+01 3.331215991606172366e+01 3.253691863160466369e+01 4.657133909879465250e+01 6.650888715449917754e+01 6.802573240840472124e+01 5.974966314778772158e+01 3.994762662271101306e+01 3.960519441310769650e+01 5.375520862761086960e+01 7.374222671583186184e+01 7.785615745805890242e+01 8.227684137692251909e+01 6.230629356926881712e+01 8.227684137692251909e+01 9.347177056576801135e+01 9.903615793718805094e+01 1.073773777611648228e+02 8.830732453566083962e+01 6.845987833200922523e+01 7.769841829330496807e+01 8.052441858512260353e+01 6.913557129046184002e+01 5.679404814784236777e+01 3.721371525290777527e+01 5.287798156854870513e+01 5.737041889616904911e+01 3.793743740605191306e+01
8.187695587851057111e-01 8.746324397667857298e+00 1.801055093526744244e+01 3.011410798807906630e+01 4.908426682835658283e+01 6.050562262555173731e+01 6.040528947470851051e+01 5.120343494237815207e+01 3.706779624681915664e+01 4.426681335666393835e+01 2.437875536181465819e+01 4.425784471454529267e+01 5.510459263513463668e+01 5.716751337558985568e+01 5.628466640589912373e+01 3.974762976138053006e+01 3.327579950072542658e+01 5.328342633768081527e+01 5.709344354579270231e+01 6.029677248831517034e+01 5.787456642094342385e+01 6.737805629401232466e+01 5.523279708440130520e+01 6.523213097656845605e+01 7.935287066860604455e+01 9.931704516624884604e+01 1.024335446329766057e+02 8.245605258628543766e+01 8.830732453566083962e+01 8.352125967583386057e+01 7.227973084881917032e+01 5.262755395478000509e+01 4.129820148708314065e+01 5.679404814784236777e+01 6.498582119936486379e+01 4.656493193481998105e+01 5.737041889616904911e+01
2.311624522989861319e-01 2.023116245229862997e+01 3.671381949345457940e+01 4.569525580288524935e+01 5.657137198330867989e+01 5.843967684367564175e+01 4.078764738498027498e+01 4.081879917557446191e+01 2.291648402841423504e+01 3.437334526600056250e+01 2.000743771121690884e+01 3.992635386858757585e+01 3.510118201518746162e+01 3.716508576451928292e+01 4.513254428564918186e+01 2.819385684327544439e+01 3.105160372635088351e+01 3.403437996176572966e+01 3.708654842993990286e+01 4.029198965406307309e+01 4.372532028910969615e+01 4.738061065024761831e+01 5.316054251046227108e+01 7.314791322532036588e+01 9.083334762943523799e+01 1.008159280314901451e+02 1.107791481010968084e+02 1.024335446329766057e+02 8.927234071847379937e+01 6.946203998382581801e+01 5.560097135223416842e+01 4.582146587763339340e+01 6.093354122888352009e+01 6.913557129049070227e+01 7.264622131759264789e+01 5.304428180600677223e+01 7.264622131759264789e+01
9.845726073866658545e-01 1.489915138388117555e+01 3.303870824088987490e+01 4.358712298709939859e+01 3.392264382623163499e+01 4.152019459613786978e+01 3.082677963688056266e+01 2.088109208321122168e+01 1.287070849026319941e+01 1.433976023724415150e+01 1.581953277171871974e+01 3.584616184298648278e+01 2.094926235378115820e+01 2.301563298802890145e+01 2.512536862548968131e+01 4.513254428564918186e+01 4.260679912055049101e+01 5.404242064382903976e+01 5.123832676311987910e+01 5.184821471490433709e+01 6.372703893681820375e+01 5.893424198919977641e+01 7.314791322532036588e+01 6.259153035059904369e+01 7.258092684735852629e+01 9.254338681543788425e+01 1.053614338112354858e+02 9.536808489135010802e+01 8.705556120824708444e+01 8.005425121623298423e+01 6.885270204714693421e+01 4.924204718791725810e+01 6.300174392157453696e+01 8.216735232342431061e+01 8.088561705924696810e+01 6.279235981968206204e+01 8.088561705924696810e+01
3.295302290958179725e-02 1.417508864664065804e+01 3.417508864664136325e+01 3.394230039977714597e+01 1.522112173206694763e+01 2.628627700734245920e+01 2.874811916695775693e+01 1.081404330442648032e+01 3.088965334939229379e+01 2.914403712918825562e+01 3.170668591132196568e+01 1.806846012934219559e+01 3.808673888514537964e+01 4.302366117160879355e+01 4.513254428520898642e+01 5.341352708509186442e+01 6.260680942659370629e+01 7.088212321231340241e+01 7.122894589179968250e+01 7.183771703213484727e+01 8.011040028941644664e+01 7.891252113922456601e+01 8.718401196025935462e+01 7.671495939299146016e+01 9.083334762943523799e+01 1.008159280314901451e+02 9.701514775731560292e+01 7.709597465917858017e+01 6.725286611807773340e+01 6.032648331979353173e+01 5.511724504360389432e+01 6.885270204714693421e+01 6.051392961562608974e+01 8.021609152939186060e+01 9.078114802938421235e+01 8.250008281550333322e+01 9.078114802938421235e+01
