MOVIE_S3_data/elevation_000701.asc
nrows	100
cellsize	150.0
xllcorner	0
ncols	100
yllcorner	0
NODATA_value	-9999
[rows 68 to 84 of 100, columns 37 to 73 of 100]
5.971152838203640556e+01 6.618439410202810791e+01 8.568942557833604212e+01 1.048709742497311055e+02 9.672309396156806827e+01 9.672309396156808248e+01 1.164128965891853795e+02 1.176158024413056893e+02 1.076116691492326822e+02 9.933188725399772068e+01 8.635823932452804286e+01 9.088806669391740911e+01 7.074394457583223073e+01 6.949477693730216288e+01 8.964699513392319830e+01 9.595153942802316749e+01 7.779748047199922212e+01 7.958878022318756962e+01 9.139055931064289950e+01 1.114704994033857446e+02 1.183830969687428194e+02 1.016968640294545452e+02 1.183830969687428194e+02 1.143160854675341795e+02 9.422906841581107074e+01 8.408089273794830376e+01 9.347966776487727714e+01 8.230988909857427416e+01 6.215017742015447766e+01 7.718886212916737577e+01 7.127369562149992532e+01 9.147055701779285641e+01 9.927759314739832064e+01 9.586767493744805790e+01 8.705346118854573945e+01 7.041885841486011088e+01 5.076054615234604483e+01
6.972217979404909727e+01 8.568942557833604212e+01 9.386035164994908087e+01 1.101993502366247242e+02 1.018589507143260420e+02 1.044771938954941248e+02 1.128143539006260738e+02 1.093439340295655740e+02 8.931984047842993846e+01 7.924574802989536693e+01 7.210121491105715563e+01 8.327429526327917131e+01 6.310774545079821962e+01 8.327430419332181089e+01 8.990537114797994889e+01 7.554958393981365816e+01 6.847266569019902249e+01 8.903263305174715470e+01 1.081674739126719231e+02 1.085535573316335132e+02 1.168213090122927724e+02 1.216396618094618276e+02 1.298948948426960612e+02 1.225678216635739233e+02 1.125485588287391323e+02 1.042725769405648890e+02 8.729509174685236417e+01 8.606594706799299388e+01 6.583794189759805704e+01 8.606584288136485839e+01 9.147049072256615432e+01 9.978561680965425751e+01 1.017258424843427207e+02 8.185767196526816747e+01 6.774473671513968043e+01 5.846246391549613719e+01 5.146052063727734094e+01
8.984164642632744346e+01 9.818194002789672936e+01 1.054574778805727533e+02 9.857175321004234547e+01 8.171767058679488116e+01 8.432915251945856028e+01 1.044771938954941248e+02 1.176158024413056893e+02 1.076116691492326822e+02 9.785799731438645210e+01 7.776092969491602958e+01 6.349247282886663868e+01 5.943764374712774412e+01 7.959240380745539767e+01 8.152517835159410708e+01 6.100396102493339612e+01 8.152516693149723892e+01 9.735772848527220447e+01 1.052404893300670921e+02 8.846632101423095662e+01 1.023469604133042736e+02 1.106207051629037039e+02 1.259039099528063161e+02 1.341591476660674971e+02 1.216132777775660685e+02 1.015894984532761072e+02 9.470450739478641822e+01 7.444528775973108736e+01 8.606594706799299388e+01 7.346025760386429226e+01 8.519619789689016898e+01 1.053767009944842528e+02 1.026890578802544240e+02 8.310102501809092246e+01 7.610252824949883177e+01 5.755993546781733272e+01 5.911995980746132773e+01
8.866896311844136847e+01 8.503674771279155209e+01 8.577347511370649613e+01 9.023037721087221996e+01 7.014001999771055296e+01 8.387724843087380577e+01 1.040096923024948836e+02 1.084766898897128016e+02 1.001933264719750412e+02 9.446226221611429708e+01 8.024105140551093029e+01 7.191896166629692289e+01 5.589193539742075956e+01 7.602950525569001172e+01 7.311809086931953061e+01 5.682140328232739535e+01 7.704674360794827237e+01 8.624685883165142286e+01 9.035892774583382447e+01 7.662308804385939709e+01 8.217648883607949983e+01 1.023469599924863473e+02 1.059403041411220556e+02 1.259039100087932752e+02 1.298554145456886317e+02 1.216132777775660685e+02 1.030093576386871632e+02 8.617954431263103743e+01 1.001244779113338126e+02 7.988907691604656236e+01 1.001244779113338126e+02 1.136494905271235041e+02 1.012281457433338971e+02 7.816395503995909166e+01 6.419498831985795562e+01 7.610252391714617204e+01 7.220224181869657798e+01
6.871920105026332237e+01 6.606394459864971225e+01 8.433179674671755777e+01 7.629359321370866098e+01 6.381278269739724607e+01 8.387724843087380577e+01 1.028822888720097808e+02 1.001933264719750412e+02 8.010932014005486224e+01 8.599178940128062720e+01 6.602275660932879475e+01 5.179810725969324636e+01 6.846817385891358754e+01 6.938205741528642534e+01 5.317313401868476319e+01 7.311804656345235287e+01 6.181370703393248078e+01 6.562229626655434345e+01 6.979815857931144762e+01 8.444586300567570447e+01 1.023469604133042736e+02 9.176101771690036912e+01 1.059403041466720339e+02 1.259039192119687272e+02 1.332695893670284306e+02 1.274148103925008542e+02 1.146202113269246752e+02 1.063498235313352041e+02 9.644125380938872638e+01 9.162329242673965268e+01 1.084112450205854259e+02 1.252148121599757644e+02 1.021956964333983251e+02 8.244488023012790734e+01 7.210487882556299155e+01 8.931315124308055431e+01 7.483999202832612241e+01
7.605162573566660456e+01 5.607986282209139262e+01 7.024556296748752970e+01 5.623454616627252278e+01 6.441889689273619979e+01 7.443103154665686816e+01 9.454081214390433274e+01 9.759494790940024700e+01 7.749768784506211716e+01 6.584152621057764065e+01 5.912955623365449043e+01 6.846818265383065238e+01 4.835605293816207961e+01 4.956762658528015209e+01 6.938205741528138049e+01 8.151373470536942989e+01 8.234948148961963454e+01 8.624715067396701329e+01 9.035935540040514979e+01 9.868199877450264523e+01 1.129258291222155748e+02 1.117875098368866276e+02 1.200498318655297396e+02 1.196183332676480973e+02 1.132995654425833294e+02 1.074528395486300809e+02 1.215772528778023229e+02 1.247625619092153499e+02 1.165129458156943656e+02 1.117373161571072018e+02 1.199932859591728089e+02 1.180182651194643029e+02 9.884580025517989554e+01 8.658774326340794403e+01 9.180509215390988231e+01 8.570075421964799034e+01 7.365935520209789900e+01
6.108619482326383832e+01 5.024316999337088419e+01 5.013838024016058625e+01 6.176310631213534208e+01 8.183281424519913116e+01 9.282325037798958078e+01 1.028822888720097808e+02 1.058800598757018605e+02 9.349865769466829590e+01 7.338341757998436776e+01 7.927503500437961748e+01 6.608141794523673695e+01 4.597886109340107907e+01 6.608123898848103295e+01 7.675519613800646823e+01 8.594531589879927935e+01 8.986152800974087995e+01 8.463457922581586956e+01 9.175774573134579271e+01 9.175787684350879658e+01 1.118077274892375925e+02 1.185699360822278265e+02 1.196183332674991959e+02 9.964202650170514630e+01 1.033077471288001732e+02 9.331592881158903197e+01 1.074528395486285319e+02 1.274148103645742651e+02 1.294925682932080804e+02 1.197158798577803793e+02 1.116639575797871657e+02 1.197158292071544992e+02 1.099497359984680713e+02 1.019716496358523870e+02 9.092187060906918816e+01 7.819473581885027613e+01 5.805289386204682955e+01
6.073883380444129898e+01 4.457715669696870719e+01 5.288370459044939764e+01 7.297553736837954830e+01 9.016681413662139732e+01 9.631159770461778180e+01 8.795886393408223114e+01 9.631159770461778180e+01 1.017904367182430150e+02 9.349865769466829590e+01 7.857571164406169828e+01 5.845529274014477039e+01 4.426180272030474327e+01 6.344707455573605870e+01 6.136751093641750998e+01 7.802520065650867309e+01 6.971824056131907810e+01 6.447298366866648678e+01 7.161043690893831126e+01 8.587769487002884716e+01 1.059538919131057924e+02 9.858351444201308311e+01 1.040181497349803834e+02 9.573473104942115697e+01 8.327142989537509266e+01 1.033077471287152207e+02 1.174199608439160301e+02 1.274046606767925027e+02 1.214879874770043244e+02 1.018399277115415060e+02 9.165817855479346576e+01 1.016610678348019405e+02 9.595094156484709913e+01 8.213698005952483072e+01 8.262889693926338452e+01 6.230259022233050814e+01 7.601986033603151327e+01
4.047435961806588267e+01 5.222914527407328222e+01 7.236328451521703187e+01 6.709275603178923575e+01 8.717782785565094628e+01 8.624160844960069028e+01 6.782936694982448955e+01 8.624160844960069028e+01 9.624324120847185782e+01 8.794848612680976885e+01 8.561925693407007998e+01 6.610062962267083719e+01 4.257462746899017247e+01 4.908381707185236564e+01 6.408890220798176074e+01 6.862437951230684519e+01 5.545010488559282180e+01 7.561807285957195290e+01 9.175787684350879658e+01 1.000522911113420719e+02 1.044374018086474365e+02 8.440543310648908459e+01 9.027266089877696231e+01 7.566580382795584114e+01 8.202923269357529534e+01 8.914456762163823100e+01 9.916364612789141120e+01 1.191245163991326308e+02 1.294925635432286413e+02 1.157132224634200242e+02 9.584047480706448141e+01 8.131462683074909137e+01 7.556643758724246140e+01 7.026265455805749127e+01 6.688542078749500774e+01 8.262878009422522041e+01 7.683852421583867454e+01
5.697978509068424557e+01 6.073883380444129898e+01 8.069634406192582787e+01 8.717782785565094628e+01 9.551359051239759879e+01 7.789411544195336035e+01 5.771328153516110149e+01 7.789411544195336035e+01 8.794848612680976885e+01 6.784913317420820533e+01 6.551907465871381930e+01 6.551909558407903944e+01 6.028644087847875710e+01 4.021027403892416885e+01 6.028644087847875710e+01 4.854363203778765978e+01 6.870052215727768896e+01 7.192340382996037818e+01 9.205746480980775459e+01 1.051910737254996775e+02 9.367574551639921765e+01 8.540852700699855404e+01 7.021732307864536438e+01 9.027266089877696231e+01 1.020731854498557567e+02 1.091440813286798317e+02 1.174199608502398746e+02 1.274046606767925027e+02 1.322770473320190661e+02 1.211130610729825747e+02 1.097959639379969019e+02 9.792717030214517138e+01 7.754345314543660095e+01 9.073460572089686593e+01 8.731407725625882676e+01 8.922187290474673205e+01 7.649791174796081350e+01
5.327912756368861835e+01 7.344497753182872657e+01 8.919912063467792507e+01 9.205041595877587213e+01 8.377413093481992235e+01 7.116717080635604020e+01 5.104656272754082380e+01 7.116717080635604020e+01 8.675782678729326847e+01 7.373609735656334863e+01 5.360863579841307569e+01 4.541417806573307558e+01 5.652790547954059264e+01 3.858569217842472909e+01 4.221247389308621223e+01 5.118217465214168271e+01 6.282021809508944443e+01 8.296846170897586603e+01 1.003523895047022734e+02 9.696524334171486714e+01 7.693546990083844150e+01 6.538843739015149481e+01 8.540852700699855404e+01 9.345224760180208534e+01 1.005378575525106726e+02 9.686992494990259672e+01 1.110085347239417644e+02 1.309808350209290779e+02 1.243304491800399916e+02 1.049309775936152107e+02 9.329645994369759876e+01 8.600169830807796245e+01 9.792717030967941128e+01 1.060781066671924435e+02 9.394729479706197139e+01 8.144217217360586858e+01 6.104587357140098192e+01
6.781654413380479696e+01 8.177762530945479114e+01 9.114037249176796252e+01 8.045809950361149276e+01 6.365515570675416512e+01 6.535885156107457306e+01 4.547252782565183082e+01 6.535885156107457306e+01 7.845383981958215713e+01 5.834441782251771258e+01 6.203456551446225120e+01 5.449538397035777848e+01 3.649379545258774016e+01 5.621422059071820598e+01 5.381241289198101896e+01 7.065378176955054812e+01 7.965951900164854749e+01 9.127724970058361009e+01 9.111771703158595415e+01 9.943525706334700942e+01 8.228175692807398889e+01 6.227014747602149214e+01 6.737685328056828382e+01 7.340444064749654274e+01 8.049672617255501450e+01 9.208666923763276202e+01 1.062335727744512326e+02 1.262027025892116825e+02 1.289015149399386360e+02 1.095856276834601033e+02 1.061178874748317469e+02 1.061178874748317469e+02 1.105258511898049107e+02 9.820397335984651477e+01 8.546210255517412691e+01 6.485444583494960114e+01 8.144217217367454964e+01
5.354955137295248591e+01 7.373043594150369984e+01 7.162139307102081887e+01 7.148457180865706562e+01 5.208131334095481435e+01 6.022182054270723484e+01 4.062783483626740377e+01 6.022422485143577831e+01 7.088833377948938619e+01 6.033463923463572343e+01 4.195424067239431309e+01 3.447540512701751680e+01 5.038701821244375623e+01 6.365531189653278688e+01 7.406430767843626484e+01 8.247566204505889687e+01 8.703501035313939838e+01 7.874057361980742087e+01 7.105609926132051157e+01 8.380035928729731154e+01 7.550921354169911126e+01 5.919563103234794710e+01 7.923008566523043328e+01 9.345224760180208534e+01 9.734825787796157215e+01 1.020460493210384669e+02 1.079623026862708457e+02 1.144993282586088128e+02 1.226460787193290685e+02 1.289015149399386360e+02 1.255965951923002564e+02 1.161948797397189850e+02 1.020657938335046708e+02 8.099898677440437211e+01 6.897585621887328955e+01 8.546209765327800767e+01 9.394718738539675940e+01
5.320207041921420910e+01 6.065407514421234936e+01 5.763897943444891325e+01 6.317967332997270802e+01 4.316504081658439418e+01 5.558254494373436927e+01 3.576860800913737393e+01 5.559166243345980263e+01 5.928407822850097375e+01 4.454152827463393294e+01 3.303980444129972227e+01 5.305437920993870904e+01 3.652186995432769123e+01 5.655289557598884898e+01 6.695339080335193671e+01 7.895787595770265455e+01 7.111964611340566478e+01 5.864111648790021292e+01 5.944217765096055928e+01 7.192875098757859575e+01 5.541341218145112180e+01 7.481616375313633682e+01 8.704368500384201468e+01 9.106160439134514206e+01 7.745043461424420173e+01 8.216026318485450020e+01 8.819975062806923916e+01 9.485222257015762182e+01 1.087587250702071202e+02 1.283583703322504448e+02 1.194725794527170137e+02 1.077402816686288389e+02 8.702197058403761787e+01 7.493593129218815818e+01 8.971486673319019189e+01 7.588146197417280803e+01 9.663156453089288789e+01
2.959578958833743556e+01 4.474508072819327253e+01 4.626512303912097224e+01 5.610220676097119963e+01 3.612441565664249765e+01 4.722209109182745834e+01 2.768342968802339854e+01 5.125763322729469706e+01 5.022388386825259943e+01 3.161547315483209530e+01 3.848043198658361774e+01 5.886855184247521322e+01 5.655289557598914740e+01 3.857999922866278553e+01 5.685657469638527317e+01 6.229770791754405224e+01 5.280865916618490985e+01 4.694531585162435050e+01 4.929200919572510742e+01 5.176240324264274761e+01 7.192876926576543894e+01 8.361899531376673167e+01 8.531515077392100466e+01 7.114272639934776521e+01 9.106160439132669637e+01 9.620641089815620717e+01 9.844865353062910174e+01 1.144993282586088128e+02 1.109368299538369200e+02 1.300270476629005998e+02 1.104576216894037799e+02 8.963423605708038622e+01 8.171667558981208401e+01 9.577855918678561409e+01 1.018088032227967688e+02 8.109984141925589540e+01 1.018088032227967688e+02
2.345402723884357954e+01 3.233463469016419367e+01 4.646606441028676926e+01 4.565016124070248793e+01 4.315803477661744836e+01 2.720157621201309794e+01 2.786064397708076967e+01 4.787538468649017886e+01 3.020443341688238093e+01 5.022388386824918172e+01 5.813021326950440937e+01 5.983766955612367866e+01 6.694980709244570960e+01 5.274024751829502122e+01 4.067071194879575557e+01 4.219717858327972237e+01 4.373972301889035208e+01 6.395365646301100071e+01 6.948332606376503406e+01 7.192876926576516894e+01 8.022565998301162438e+01 7.989294890794063519e+01 6.537808340466628465e+01 8.531582269980040678e+01 9.930802201694267239e+01 1.158076844606989084e+02 1.186079745543461712e+02 1.271273909515071807e+02 1.300342688875919350e+02 1.275138882863985827e+02 1.048529590850269528e+02 1.082368949779125842e+02 8.807888225080716893e+01 1.091640947120099696e+02 1.075276823983052168e+02 8.690796172171104672e+01 1.075276823983052168e+02
4.305064903916148467e+01 2.435595503524472605e+01 2.499469066043159415e+01 2.563752047567025372e+01 2.628402261398259299e+01 4.629948918276047465e+01 4.787919990335528553e+01 2.879832502594639365e+01 4.353733291334548738e+01 4.949784039243580480e+01 6.941261310842384091e+01 8.215726324768476729e+01 8.114454299803107062e+01 6.711545645663646553e+01 4.698611277696423372e+01 6.229691637149791461e+01 6.395360092464102308e+01 4.686993316318051939e+01 6.711476689199884049e+01 7.292011956392819627e+01 7.576548125082497620e+01 5.987774132539227878e+01 7.989294890794063519e+01 9.189605070583807844e+01 9.945117050497248101e+01 1.077961467834693678e+02 1.179158910509485736e+02 1.368200689424236316e+02 1.449832484497892438e+02 1.374645210641930078e+02 1.272086711703531847e+02 1.177274676037458079e+02 9.620646060978603487e+01 1.177274676037458079e+02 1.159306110889407080e+02 1.075276750029176327e+02 9.730781544207225409e+01
