MOVIE_S3_data/elevation_000214.asc
nrows	100
cellsize	150.0
xllcorner	0
ncols	100
yllcorner	0
NODATA_value	-9999
[rows 51 to 67 of 100, columns 0 to 36 of 100]
8.885398060199247716e-01 2.088853980601956906e+01 3.248921352947162688e+01 4.077343975692817679e+01 4.069259387092629510e+01 4.160258065025495000e+01 2.194324877929532747e+01 4.160258065025495000e+01 4.634684135043101350e+01 4.744824750527612167e+01 6.158514236728523628e+01 7.534522338842403144e+01 6.531240922117984837e+01 4.560786539546283791e+01 6.377421001531793365e+01 4.705276792075473224e+01 4.258517750965123838e+01 6.255634736210310365e+01 7.899571521013015740e+01 7.341044034598915857e+01 6.410293360537920648e+01 7.564428146705691347e+01 9.564727976225680095e+01 9.530401037071500525e+01 8.384914401994706168e+01 7.563590220251477092e+01 6.301034946388506341e+01 8.287618691197249632e+01 9.085560890796419642e+01 7.645273135844185219e+01 5.627434591829943145e+01 4.451358928481137411e+01 4.133325907832412582e+01 6.168063739082195696e+01 6.935688449527553701e+01 7.773364229131011882e+01 7.878025426486745175e+01
1.344321116831868057e-01 6.164659003238433854e+00 1.248921432357513872e+01 2.663134994396986244e+01 4.663134600745659242e+01 5.027078540924768646e+01 3.306589418708011863e+01 5.027078540924768646e+01 6.633657187002940248e+01 6.743834898019389357e+01 6.975712488610042783e+01 7.804638740383384743e+01 7.366678625742495967e+01 5.687378944505125133e+01 7.366678625742495967e+01 6.117369484623498721e+01 5.670283507444892734e+01 5.073386172198201649e+01 6.226293437820938692e+01 8.225519027685230355e+01 7.823985259951368221e+01 9.238341035655720646e+01 1.039317010380484589e+02 1.057369982646959272e+02 8.596446365535580014e+01 7.453293231987441914e+01 7.057959771749003153e+01 9.038054289136577779e+01 8.233197340607880221e+01 6.210431802652286137e+01 5.198181821459513685e+01 6.480273509273938259e+01 6.168063739073873819e+01 4.601987973956521216e+01 6.035914427813234795e+01 8.052411954912710712e+01 7.843761151200234849e+01
8.052006432555327553e-01 2.080520064325517637e+01 3.248921352947162688e+01 2.663134994161585922e+01 4.077348545381104117e+01 6.077346455108941825e+01 5.370752019736494987e+01 6.214040456856115213e+01 6.542205997987161936e+01 5.714633567687364746e+01 4.981864874450841540e+01 6.652246135250355508e+01 7.343443505668842874e+01 7.689255346594896423e+01 8.525224030839987677e+01 8.116298213586726717e+01 7.668797611447551787e+01 5.827911672902872908e+01 7.826758793932135916e+01 9.053962637972023231e+01 9.824267388757282049e+01 9.661459546061342962e+01 1.048842627329292583e+02 1.139486843109099823e+02 1.025241744109661823e+02 9.432132008603579720e+01 8.049961772616440214e+01 9.858030088088092668e+01 9.080737023385469797e+01 7.843856641956298859e+01 5.839843270624189131e+01 7.857018877942735458e+01 6.963323242323721729e+01 4.942581063894610338e+01 6.963323242326747220e+01 8.395029100261439226e+01 8.678773183871795993e+01
2.804825088837598068e-01 1.182748789267617440e+01 3.182748789267581913e+01 4.663134370781471461e+01 4.991593119495548336e+01 4.294743911586483875e+01 5.116221335477550980e+01 5.124766249761870540e+01 4.614847779510564862e+01 3.741148785545943412e+01 3.849282664012107347e+01 5.432366081501142929e+01 5.342395054095395324e+01 6.594755904534963520e+01 7.424107969212072078e+01 8.319860815546495303e+01 8.655194691911059124e+01 6.981483409816273422e+01 8.655194691911059124e+01 9.858394941331860650e+01 9.032873176552290317e+01 7.680002880101336871e+01 9.341892224123739652e+01 9.462049982884286692e+01 1.028895433661209324e+02 1.084689548556606269e+02 1.002614680570033272e+02 1.084689548556606269e+02 9.286414335460965219e+01 7.264943893464395330e+01 7.264943893464395330e+01 8.698047040942741148e+01 7.600867523452873797e+01 5.584775485945876738e+01 5.541540092189931244e+01 7.557921756075063513e+01 9.254541597824511712e+01
7.810880442414250835e-01 2.078108804424106992e+01 4.011175914013706745e+01 3.883872216633391616e+01 2.723327239585332293e+01 2.366637375320936343e+01 3.522335769397241023e+01 3.592272243969506462e+01 2.268029345324876189e+01 2.622354970593943335e+01 3.036210027157567737e+01 3.464479581261561947e+01 3.943998597772402093e+01 4.595953919165341262e+01 5.487241600550920140e+01 6.904305498167042288e+01 8.906565236989699486e+01 8.981426441828040197e+01 9.809884671904329423e+01 9.032873176552290317e+01 7.056132315309052672e+01 6.544450978068879010e+01 8.058662523734744809e+01 7.477360404890690404e+01 9.462049982884286692e+01 1.080590104863429701e+02 9.977239672968295281e+01 1.080590104863429701e+02 1.013115021097096218e+02 9.286414335460965219e+01 9.286414335460037250e+01 8.676671857578953961e+01 6.664026240923136868e+01 7.600867523453294439e+01 6.216584047664434109e+01 6.403861140786547423e+01 7.563839410483271308e+01
7.232205343510359485e-01 2.072322053435068057e+01 2.502140304483539524e+01 2.692033036707355365e+01 1.032983902448320279e+01 1.267057778112654631e+01 1.523074433115252901e+01 1.785532280236139258e+01 2.220570047744475772e+01 4.152400852470655934e+01 4.992333282450240972e+01 4.847987245568605630e+01 5.928488576077513272e+01 5.561258490106509811e+01 7.424107969212072078e+01 8.319860815546495303e+01 9.282302179503335537e+01 8.457008437784307375e+01 8.641196574036038669e+01 7.575366607754455117e+01 6.755595512694094396e+01 5.668460381615567201e+01 6.081235502729399656e+01 7.251381322892262915e+01 9.234653346528803297e+01 9.814527723512753710e+01 8.001873845110698369e+01 9.814527723512753710e+01 9.732520564040844135e+01 1.056004066979424181e+02 1.032723528964184254e+02 8.305716191315572416e+01 8.085007222177829078e+01 8.939528942981915804e+01 6.928691677841176499e+01 7.302753790305656878e+01 9.254541597824511712e+01
9.494692443194679976e-01 2.980161574586710049e+00 5.021403026906034128e+00 7.106547167476790605e+00 2.636192330093768277e+01 1.973719584226052248e+01 3.522335768675422685e+01 3.784860414508019488e+01 4.152400853412595438e+01 2.872895345023351155e+01 4.792153606912668096e+01 6.367422898762718120e+01 7.672298517457650746e+01 7.562475076851821143e+01 8.391609699532752131e+01 8.694644958227726761e+01 8.139452348096286016e+01 6.482903239930288919e+01 7.818725390581808199e+01 5.849508921318758325e+01 4.791548483040769213e+01 6.414790551971491084e+01 5.278930069106299783e+01 6.664987102428557364e+01 8.646418731505025335e+01 8.989556759039497535e+01 7.032744431875724445e+01 8.989556759039497535e+01 7.762278387840436267e+01 9.417859001062326740e+01 1.051599996598706781e+02 1.032723528964184254e+02 1.010507664582571010e+02 9.779557691283324061e+01 7.824530244657583467e+01 8.461057970190766753e+01 1.015719524100504429e+02
2.836664262828419991e-01 2.028366640990011049e+01 1.916353859169753449e+01 2.710654730671125634e+01 1.563446240693277112e+01 3.561407598758859194e+01 3.040027727542866032e+01 5.001207556512054708e+01 5.605644879447716278e+01 4.222947183393347359e+01 3.620792158937891259e+01 5.548109769607673769e+01 7.418708767767738266e+01 8.565409121095528633e+01 8.119427298650178670e+01 6.718399246292881344e+01 7.256987904515827381e+01 5.348854749087430349e+01 6.845213001233889827e+01 6.210866876321966856e+01 4.240601916498623325e+01 4.435927159325048308e+01 5.163610530490350214e+01 6.504931328210018648e+01 8.656672324489568382e+01 8.337285983318233207e+01 6.388631055379823209e+01 7.506376730185513679e+01 6.642820687561142279e+01 7.721959264896359798e+01 9.340955745552997769e+01 1.048251445906028891e+02 1.101933169397798764e+02 1.068370959834966953e+02 8.983994883988786739e+01 1.048463384121690893e+02 1.132735686461027598e+02
1.404418693552202946e-01 2.014044186493883259e+01 3.916349591011759657e+01 4.227070868496290501e+01 2.230076471975948849e+01 4.227074524056968130e+01 5.001207556512054708e+01 4.435506402014165417e+01 6.366930955950979865e+01 6.166339476692416355e+01 4.720299168219641217e+01 4.637268903879178339e+01 5.756578367573241906e+01 7.738074102601403581e+01 7.132258904010252820e+01 5.327293434558447416e+01 6.436961454238802105e+01 4.463069918515871848e+01 4.872106036374444216e+01 5.291105391929192336e+01 3.760916216029268355e+01 5.481688201874167277e+01 7.007734248117363052e+01 8.010052844802615368e+01 8.901246674253228264e+01 8.122358718758547980e+01 7.506376730185513679e+01 5.558310880328428283e+01 5.774090918411726392e+01 6.567454268767323811e+01 7.686278099539416075e+01 9.655217703936745011e+01 9.014522931232251324e+01 1.043335298270816054e+02 1.101306740799108894e+02 1.185633929291876427e+02 1.090391091320028494e+02
6.646099058385387393e-01 1.480674552956917367e+01 3.480674552188322934e+01 5.052506415301306220e+01 4.227074553637535104e+01 3.643062374948886628e+01 5.637004676018720062e+01 6.366930955950979865e+01 7.162378184775636214e+01 7.503770885568363269e+01 6.678920080625802314e+01 6.594057006584799296e+01 7.418708767767738266e+01 7.656925418368990677e+01 6.312260824293107930e+01 4.333762883966161183e+01 6.312260824293107930e+01 5.450015686376958968e+01 3.446135121657088973e+01 3.278965371864477873e+01 4.198128452804020583e+01 5.342575914221968958e+01 7.304162451919383159e+01 9.226450469558298551e+01 8.122358718758546559e+01 6.291682949987070117e+01 6.827875468506337597e+01 5.030115016126674732e+01 6.324930605832172859e+01 8.166799792434036931e+01 9.340955745552997769e+01 9.202345404621368630e+01 7.610342299286573109e+01 9.435267980821009814e+01 1.032754646291219416e+02 1.148522295235471233e+02 1.010014226100309855e+02
6.164072599657668405e-01 2.061640725996440793e+01 3.304447643244054689e+01 4.050619138539898501e+01 4.869586107596697389e+01 5.637004676018720062e+01 6.462108395565101659e+01 6.531028846289876810e+01 5.710529730032963869e+01 6.531028841283561803e+01 7.600595024331627769e+01 8.376400470155721223e+01 7.080185565779591172e+01 5.680629611343960050e+01 5.612756169208793011e+01 3.611208938294812754e+01 5.329812943286505345e+01 4.505538620821424445e+01 2.833706836350431146e+01 4.289955848189891441e+01 6.100226116796351761e+01 6.994362736828739457e+01 8.128129154434567738e+01 7.827686096263410320e+01 6.428921722880605216e+01 6.827875468506309176e+01 4.946139565562765483e+01 4.672416403655928008e+01 6.380370536020801353e+01 8.733407054564675320e+01 8.624997251171440382e+01 7.217247436913065428e+01 6.628407840496205949e+01 7.505914152346301194e+01 8.649506266004027566e+01 1.065243256475569069e+02 1.090391091320028494e+02
7.616414269703414286e-01 6.791823150057262559e+00 1.311581536167509832e+01 2.066962656245481611e+01 3.465955712464804606e+01 5.395817220268080661e+01 5.550806384673917648e+01 5.528695726385730325e+01 3.696002671497882375e+01 5.528695724652182264e+01 5.787091924019031808e+01 6.553568521254652524e+01 6.088332475043056036e+01 4.274801380177027710e+01 4.979811359799742121e+01 2.956266928503932689e+01 4.153702806919547186e+01 2.469141621677103515e+01 4.505538620815578099e+01 5.692935320817336020e+01 7.095914800648861842e+01 7.390806919848462542e+01 7.088597322935424927e+01 7.006986734370947545e+01 5.032200147403249701e+01 5.758022032857321193e+01 4.195249718183307408e+01 5.582617607460274201e+01 7.389186237543059121e+01 8.962660773174440010e+01 7.784737796774878404e+01 5.828672512777013281e+01 7.798669170335169554e+01 9.435267980497890505e+01 9.996721387700794992e+01 1.082887919297173909e+02 1.186619696468623175e+02
8.582653206718614536e-01 2.085826532067150652e+01 3.304447643256165179e+01 4.050619138539898501e+01 4.869586107596762758e+01 4.777572476152445091e+01 3.077937259583612573e+01 4.456677341673515969e+01 2.725211221198167877e+01 4.699701226555885114e+01 4.718638196079709246e+01 4.718638196079709957e+01 5.267129980569917080e+01 3.273242635995408989e+01 4.201357723714191650e+01 4.153702600410266399e+01 2.153770182632677077e+01 4.153702806919547186e+01 5.329812941972031837e+01 6.229334265407474902e+01 5.399799453362995649e+01 5.398041216887273919e+01 5.123369957866341906e+01 5.126885649436405146e+01 5.383114150734022019e+01 3.773843247585291749e+01 4.923283832680982641e+01 6.898295578327605426e+01 8.264752646516329548e+01 7.706724042358219151e+01 6.319294502815730397e+01 5.363653133711870424e+01 7.334218617561300846e+01 8.368230946304365148e+01 8.002236071490213476e+01 9.029320559927973022e+01 1.067664754495647799e+02
9.616989121453964895e-01 1.510423649385726996e+01 3.512310119664270758e+01 4.794556029596196112e+01 4.584510712846359581e+01 3.550601651923700786e+01 5.441172604383787359e+00 3.108388263052724554e+01 2.099546397496158434e+01 3.989528557468869963e+01 4.287237713011503359e+01 3.365499909777261678e+01 5.199049592618628424e+01 4.173656096506474000e+01 2.202159336976295023e+01 3.669214356139580957e+01 1.960610446526219874e+01 3.346399641377688994e+01 5.353214664791052257e+01 5.325055927651320786e+01 3.404538903042842435e+01 4.638984521779384096e+01 4.751505858688302908e+01 3.137209291066471195e+01 3.395793676846322029e+01 5.383114150734022019e+01 6.577505644891273562e+01 7.718745389076137542e+01 7.330773574966528372e+01 6.509446083545994099e+01 4.935288653848147788e+01 6.908098105176088666e+01 5.944632110542733727e+01 6.394178675424076630e+01 7.046051719056909235e+01 7.848467955767661408e+01 8.995598110912180800e+01
2.866789980725219511e-01 1.456899729573554936e+01 3.541150970489052696e+01 2.850236868996494977e+01 2.533829110663951667e+01 5.481593324772819464e+00 6.350501333440053742e+00 2.644406559684513880e+01 1.541683980267739962e+01 3.361582898468400771e+01 2.392535564840702378e+01 4.287012971951346429e+01 4.194936604097254929e+01 3.059248776965833017e+01 1.570928812459856161e+01 1.674846479736928373e+01 1.793988817888759968e+01 3.788403425811340242e+01 4.780480531944179035e+01 4.314578729451432082e+01 2.509896302355089759e+01 2.645778676731404033e+01 2.782905044140061790e+01 4.775522614629991125e+01 5.383114065873909482e+01 5.619434941419452656e+01 5.724440164229720551e+01 5.926861106262560952e+01 6.132331835370960249e+01 4.532213076108873651e+01 5.931344534913478839e+01 7.730331170660825535e+01 7.076981405383787660e+01 8.368230946303235385e+01 7.784610442184148837e+01 9.777215482629317478e+01 1.067664754495647799e+02
7.776801193288799263e-01 2.075114619618321754e+01 2.211954726934355620e+01 1.451615268710202145e+01 2.386284006827587589e+01 5.143993010292150281e+00 2.454257721470021281e+01 7.719313866691366322e+00 1.930407655270306222e+01 1.568838857030402067e+01 3.083336416865273932e+01 3.185014341080039557e+01 3.281106398113578848e+01 1.425989879645957537e+01 3.420749765576298529e+01 3.669214354208279616e+01 3.788403425811340242e+01 1.963130830193122023e+01 3.957902915287483125e+01 2.321094227496170959e+01 4.314586593762089706e+01 4.638984521779384096e+01 4.775522614632741636e+01 3.018355531322011132e+01 5.009498077757143619e+01 3.538705973635386215e+01 3.739715062445588245e+01 3.943759476301134015e+01 4.151061752212626743e+01 6.132331835370960249e+01 7.330773574966575268e+01 8.730202620691756010e+01 9.060588230089794592e+01 9.891118739482965339e+01 9.777215482629280530e+01 1.060922160720103875e+02 1.177393859834554917e+02
5.059075238208947667e-01 1.253565632232785942e+00 2.119861795881207822e+00 2.988606281407348408e+00 3.862310338068387860e+00 2.322099409134582970e+01 3.225733088211397614e+01 2.770273719602102247e+01 9.053624793020992101e+00 9.991013387018496061e+00 1.094341392029781268e+01 1.190012354760349922e+01 1.286009292045410390e+01 3.168346518139512114e+01 2.002134575199355737e+01 3.994939504856807844e+01 4.673189620092162500e+01 3.264774701204255791e+01 2.133794344772522678e+01 2.635592808472065940e+01 3.618411867771254720e+01 5.573342549749425245e+01 5.830473678984936470e+01 4.969479409547516013e+01 3.257045267783851727e+01 4.995459765909115646e+01 5.681869110489194696e+01 5.926861120496768365e+01 6.132328075613888529e+01 4.635556419076750245e+01 6.611590340260630683e+01 7.550088340420485622e+01 8.027620811217789765e+01 8.622778644659884151e+01 9.283508644125690523e+01 1.011307217226627984e+02 1.111196019961265478e+02
