MOVIE_S3_data/elevation_000280.asc
nrows	100
cellsize	150.0
xllcorner	0
ncols	100
yllcorner	0
NODATA_value	-9999
[rows 17 to 33 of 100, columns 0 to 36 of 100]
4.336683913182175498e-01 9.377940301317297056e+00 2.092494568510960917e+01 3.506708130879812302e+01 5.506708117275629633e+01 4.575093001527363157e+01 3.718899695628540769e+01 2.330402209806797487e+01 4.377017237026639407e+01 4.775545998577486984e+01 6.733659327272847861e+01 7.340962934080151570e+01 5.922548609543175502e+01 6.142384874956084673e+01 8.149763453038734440e+01 7.924625451463089121e+01 8.134740875088944279e+01 7.497955633748385651e+01 5.525469813791757900e+01 4.270731765162225457e+01 5.164897848513246714e+01 7.111960087022315236e+01 6.951051145663248576e+01 5.044016563029666855e+01 6.951051145663194575e+01 8.397224872665039186e+01 7.239025834531517489e+01 6.406609262543908301e+01 6.666798736740129527e+01 6.260679953117499963e+01 5.535917669833440158e+01 4.371143363490383393e+01 3.447368775929794538e+01 1.500482115839952790e+01 3.086063349629600694e+01 4.005263048117222269e+01 2.580431528454919743e+01
5.385724909496417689e-01 2.053857249094928505e+01 3.766220984389363480e+01 3.883066812489353481e+01 4.021433215466574040e+01 3.718899695628540769e+01 1.698103426928935278e+01 3.525900765939951498e+01 2.602172409116667851e+01 4.195994776072468113e+01 6.174706420039024124e+01 6.320722222113665367e+01 4.493874116591542389e+01 6.510745707555618367e+01 7.333454612855894084e+01 5.917255894198938648e+01 6.136333713334420992e+01 8.134697965207621451e+01 7.022122066598269896e+01 5.234163133345020213e+01 6.202602685501900481e+01 7.946131212266301702e+01 7.750669289825202668e+01 6.154504811221288207e+01 7.750669289825202668e+01 7.562766951710436558e+01 5.560243165144476052e+01 4.420556286714780470e+01 4.677229814521454188e+01 4.274030395047395814e+01 4.708575674836875180e+01 2.729461298849340167e+01 1.512860212208171617e+01 1.528917499862131280e+01 2.494072651866145307e+01 2.057221231371332948e+01 4.019048558783623548e+01
8.336531950628578436e-02 2.008336531289019433e+01 2.322350227526079536e+01 1.868984552156389967e+01 2.006717046174440355e+01 2.737798997879429663e+01 1.698101646518413688e+01 1.224660357916608255e+01 3.525900765939951498e+01 5.581582530025660560e+01 5.727279903505175440e+01 4.303095925938435329e+01 3.777098199714182414e+01 5.797673918206475463e+01 6.504520224715007259e+01 4.488931149603491377e+01 6.504010626125312911e+01 7.801834837524101829e+01 7.996020957716577016e+01 7.172127921997159206e+01 8.004438072216805722e+01 9.000616871068750413e+01 8.851849044977932124e+01 8.039153269085113607e+01 8.240927093551756855e+01 7.405572187698005848e+01 6.666798188137104830e+01 4.677229814349655612e+01 3.280506053694460178e+01 2.874264270521727127e+01 3.935380827444652851e+01 1.962786417909707026e+01 3.565933405376797793e+01 3.494617182573585978e+01 1.569486010973606227e+01 2.068815749270509841e+01 4.427939663190754516e+01
4.524162703296725763e-01 1.800815995256155322e+00 3.152290752055108669e+00 4.513118386934615422e+00 5.886724026424809963e+00 7.290448839184998420e+00 8.704662402386638576e+00 1.026094891757906424e+01 3.033271622366938658e+01 4.088251928699125415e+01 4.155874984019190777e+01 2.872483178837658002e+01 4.894044986187860502e+01 5.679131107504511533e+01 5.040292824903553992e+01 3.811584004487946942e+01 4.982361549959967562e+01 6.993404971127463909e+01 7.655820567004364818e+01 8.485441924449625617e+01 8.762943534417867397e+01 8.762943920851282087e+01 9.592842366340056515e+01 8.570944626599829519e+01 6.552460828287942718e+01 5.403563431494194447e+01 4.708773201559801436e+01 4.087580755275643440e+01 5.259961024995036638e+01 4.316571763355874936e+01 2.335847198222440113e+01 3.935380827444652851e+01 4.070064122072548685e+01 2.551926739899428398e+01 2.450399754526194585e+01 1.611134627119207963e+01 3.688183140533666204e+01
4.402443450947634007e-01 5.290177198658569502e+00 2.295517446105908732e+01 2.458884646049979139e+01 1.405752943983943837e+01 2.737798997879483309e+01 2.879884647179661883e+01 3.033271622366938658e+01 1.247733211985986479e+01 3.253063369096655322e+01 2.138399881485326404e+01 4.155874984019190777e+01 5.465966445644186678e+01 4.142183134012736190e+01 3.016539320416476855e+01 5.040292824903553992e+01 5.759132597926333119e+01 6.121983472256676606e+01 5.647634196737516987e+01 6.907136100093501341e+01 6.758426212732813099e+01 6.758426212891679086e+01 8.762943925851446636e+01 9.405819539064511048e+01 8.240927936935013065e+01 7.405572306043754338e+01 6.697755184079983337e+01 6.068783823327267868e+01 4.900871544553834980e+01 2.919418523104372909e+01 4.316571763356009939e+01 5.142542153145571149e+01 4.908852328792504238e+01 4.064323681686973799e+01 3.533203512238274158e+01 1.641177193567602188e+01 2.060526327843350458e+01
4.237187090225543740e-01 2.042371870902220010e+01 1.232812440561850131e+01 3.142670024609238766e+01 3.418524156351072918e+01 2.827649276529103872e+01 4.845022305150539665e+01 4.091124187336654927e+01 3.256460241516889909e+01 1.472456984267539681e+01 3.483439939079433856e+01 4.197445926984161702e+01 4.402409056047962821e+01 2.694872885431859189e+01 4.716165669131292759e+01 3.382303165639959275e+01 3.735869727109268723e+01 4.101861784080236362e+01 4.480290755012424597e+01 4.895108607661515521e+01 5.336755961680787408e+01 7.345535781899380368e+01 8.995233544393671821e+01 1.015263198464007246e+02 8.838971460173289074e+01 7.832582573585455066e+01 6.998110802732291802e+01 5.543094570398905319e+01 3.563635111614739515e+01 4.900871544553834980e+01 5.728245499401243990e+01 6.243844206520946472e+01 4.210648034776745163e+01 4.153213152701716382e+01 3.420266303380938666e+01 1.672057699789744234e+01 3.244719670801866584e+01
9.142864485297492738e-01 2.091428644852939556e+01 1.760196746840871285e+01 3.646917306860301977e+01 5.236542151763184449e+01 4.845022305150538244e+01 5.678034458899685433e+01 4.212893062414516976e+01 2.237246449499845014e+01 1.642696326791284633e+01 3.656745982637482939e+01 2.180046061725751372e+01 2.383716308332294886e+01 4.402409056379894281e+01 5.550012282426026644e+01 5.406903608930301885e+01 3.946218406489743558e+01 5.967508577695073768e+01 6.496393625547864303e+01 6.907136100093501341e+01 7.345535781899380368e+01 6.158778072528254910e+01 7.317596376943258463e+01 9.321511583129537826e+01 8.003747770169258047e+01 5.992473835305144547e+01 5.003569418213502473e+01 4.309023203367909360e+01 4.959204036564234741e+01 6.372725435901728730e+01 6.894444777625368204e+01 5.442860721708218819e+01 4.210648034778307647e+01 2.279840380056160498e+01 2.028695838560354758e+01 2.839976294326410411e+01 1.717723504431721793e+01
9.064013007315497861e-01 2.090640130073119352e+01 3.646917314154127610e+01 2.577509589558700398e+01 3.889840273155689943e+01 5.774666603402655340e+01 5.748847684099905564e+01 3.576679826922796934e+01 4.211685995535589910e+01 3.065069530112295837e+01 1.894866577416492603e+01 3.910712007124470091e+01 4.401756732946734729e+01 3.284641325789528565e+01 5.306682068479553038e+01 6.798629930044279490e+01 5.967508577695073768e+01 4.559642746357892662e+01 5.985834160505312695e+01 7.970895697220247200e+01 8.995233544393671821e+01 7.577601092227632762e+01 7.577703700295957390e+01 9.584650134001557831e+01 8.838971460173289074e+01 7.832582573585455066e+01 6.292990425094972551e+01 5.446958118636290891e+01 6.952731015664093661e+01 7.145381913103258853e+01 5.857208268289131325e+01 3.991276665791058775e+01 2.641703705412772152e+01 4.180166586659848349e+01 3.477865760464035816e+01 3.403147169461782084e+01 1.751116036287409727e+01
3.063610709598194592e-01 1.444849669469089548e+01 3.444849669469159892e+01 4.441893123926067233e+01 3.648693338589055912e+01 5.525424176983101887e+01 6.611441189518929207e+01 5.748847684099905564e+01 5.890959924300829442e+01 4.518697847937193046e+01 2.500156532998720493e+01 2.654248491959577905e+01 4.674164620016684069e+01 5.306681853716900577e+01 4.367361426247160949e+01 6.385333529284125120e+01 7.405333191258084469e+01 6.575231432599514392e+01 5.254653081954152327e+01 7.264230554385447647e+01 9.162865999464220579e+01 9.581572060059767182e+01 9.584650134001557831e+01 1.042099168424387727e+02 1.024533645656155159e+02 9.137586616052016097e+01 8.283753588075111907e+01 7.448614247987552517e+01 7.145381913128498752e+01 5.059339041237696222e+01 4.999108345184372837e+01 3.015900111693227714e+01 4.590023146662176146e+01 5.313506939073570123e+01 3.942157213075380895e+01 1.799266364504349269e+01 2.962840460635042561e+01
2.739570439748240105e-02 2.002739570439712580e+01 3.740437696802545986e+01 4.895138235181777020e+01 5.525424176983101887e+01 5.171908887844895020e+01 7.098386807075065974e+01 6.955441169611307828e+01 4.940147249142645336e+01 3.509110912658161396e+01 4.519762042372110500e+01 4.674174708236889586e+01 3.514882417041451390e+01 5.535968865487530621e+01 6.385333529284125120e+01 5.796780115467126393e+01 7.806227163102120414e+01 7.973279283251328309e+01 5.967786625760268038e+01 6.331336786336622424e+01 7.490073476885550008e+01 9.490378445156753173e+01 1.091906020914085786e+02 9.731641669231201774e+01 8.191426947006708303e+01 8.193023420507073240e+01 7.637018068032529072e+01 7.174594203559094296e+01 6.314536259262406759e+01 5.442135040487476516e+01 3.411827100855098394e+01 4.999108345184372837e+01 5.857208268289129194e+01 5.226605105309941024e+01 3.242644683865587041e+01 1.833522084368959071e+01 3.539205021905521420e+01
1.758338105654860817e-01 9.120105720564565033e+00 2.066711110435687715e+01 4.066711110435616661e+01 6.029318846908953589e+01 7.098386807075065974e+01 6.777799519013996132e+01 5.949195417893148630e+01 6.363225333973355191e+01 4.678111302482741962e+01 6.363225333973355191e+01 6.368311196397373664e+01 4.527592317305465741e+01 4.945950501863244142e+01 6.960399200998460856e+01 7.806227163102116151e+01 8.635173658163073185e+01 8.800935861556554585e+01 6.866553876009353985e+01 8.335501833264032712e+01 9.162865999464220579e+01 1.031692212915212536e+02 1.007707711918386480e+02 8.010490675241565839e+01 6.811204502580919495e+01 6.112084986333535142e+01 5.545534395358006918e+01 6.314536247197086283e+01 4.217922863009806633e+01 3.863529066691795322e+01 5.442135040335729457e+01 6.303246516254235132e+01 5.967215403728829415e+01 3.971331641096849552e+01 3.839391497016348609e+01 1.867791526821739012e+01 3.749432976066190548e+01
4.683972685643240652e-01 2.046839726856396879e+01 3.200891776306738024e+01 3.200891776306738024e+01 4.923746027144945714e+01 6.078446486182591002e+01 5.622025045215455208e+01 3.946743505624917248e+01 5.622025088547908922e+01 6.694679180253207562e+01 7.525782037362034771e+01 7.375033780075580125e+01 5.955956504952408181e+01 6.960399200998460856e+01 7.790671890931631083e+01 8.458079942434416409e+01 7.615812498703347444e+01 8.458079942442772392e+01 8.868638945816618957e+01 8.502049452844552491e+01 1.049977513460794682e+02 1.000742637558079480e+02 1.056756464568405107e+02 8.505545274701613323e+01 8.883932879470148691e+01 8.189105142355417399e+01 6.897819598957215703e+01 4.794597053938142039e+01 6.314536255010097676e+01 5.325067440087703119e+01 6.799335334528588248e+01 6.432884446070970341e+01 4.371684988354634527e+01 3.984808427104663053e+01 1.901018053923862183e+01 1.902119276031373118e+01 3.830862199928373713e+01
2.051881798473268459e-01 5.978690871743559399e+00 1.200891776329877914e+01 2.095318967329777848e+01 3.250019505708988277e+01 5.250019505292924293e+01 4.742201159650319653e+01 2.792753731114585847e+01 4.553585348782862496e+01 5.221225935831618870e+01 6.050060569393629351e+01 7.050975325067786059e+01 7.964841897044512109e+01 7.322641456654115188e+01 7.916948769715523326e+01 7.447556172362544658e+01 5.599887100983606558e+01 7.447556172362544658e+01 8.758051889612302432e+01 1.049977513460794682e+02 9.410877915276866190e+01 7.971664192668939108e+01 9.410877915276866190e+01 1.056756464568405107e+02 9.700111460178894163e+01 7.610976215279862345e+01 6.131646135204313453e+01 6.287644594553645305e+01 7.755084908055533788e+01 7.417744553872762481e+01 6.838753516801823196e+01 5.645729716276476040e+01 4.371707518477541043e+01 2.362063626683730178e+01 3.984688174015901296e+01 3.709553163756590521e+01 1.950220031988603253e+01
8.187695587851057111e-01 2.081876955878475144e+01 3.200891776306738024e+01 4.029318866442095981e+01 4.095050871295821793e+01 3.671053137896050345e+01 2.744545714388037894e+01 1.982864958706788627e+01 2.554329135799427064e+01 3.218304267124548090e+01 4.219972376252979274e+01 6.222479598776975251e+01 6.735408973554103795e+01 5.307411293047883305e+01 5.897658542316469976e+01 6.607849793973349506e+01 4.598699698764183807e+01 5.897507967170420073e+01 7.776128326995095108e+01 8.918140325221010301e+01 8.087755281690149900e+01 6.545099891135458847e+01 8.337122720445157142e+01 9.180262816557147687e+01 1.019659594473733506e+02 9.076285903384574283e+01 8.218939705825341946e+01 8.370912422958497245e+01 8.382561531147445066e+01 6.274877289127055491e+01 5.972373043576875773e+01 3.916453954473838195e+01 2.755071089435951848e+01 4.371046653566607887e+01 5.139080541766965382e+01 3.388731735597009731e+01 3.899991095251386497e+01
2.311624522989861319e-01 2.023116245218315257e+01 2.334410857977287534e+01 2.472752923015223203e+01 2.384184142429716502e+01 1.659970927257480255e+01 1.340714540505855545e+01 3.329645447827059712e+01 4.553585348640378072e+01 5.221225895177878584e+01 6.050036166805561777e+01 7.050963493219677503e+01 5.897658542284956695e+01 3.890779517865894377e+01 4.824936581584475448e+01 5.056325361418186048e+01 3.891179620341975465e+01 4.923249931794276790e+01 6.935934203149365374e+01 7.748046094142789286e+01 6.072133595033901798e+01 5.645042945311749349e+01 6.316067354567652359e+01 7.321971759926677237e+01 9.352273680964378855e+01 9.540381374272583059e+01 8.679710187959072698e+01 8.802423197688294465e+01 7.934354475704753895e+01 6.274877289127057622e+01 4.207636212810870546e+01 3.198057442271424122e+01 4.181827533085589721e+01 5.645705946921432883e+01 5.983906772804547813e+01 4.818110246419782072e+01 4.237779689595991073e+01
9.845726073866658545e-01 1.970959355355616394e+00 3.344564994842504024e+00 4.727993922574647456e+00 6.124854514113798665e+00 7.535546920841807328e+00 2.754346000809093553e+01 3.798281188510799922e+01 4.510385486351652418e+01 5.345933780935479263e+01 5.961980051868418684e+01 5.441458031429811371e+01 5.350513497855413902e+01 4.515807327880207112e+01 2.821550076884294711e+01 3.052439746551572952e+01 3.288070844069532228e+01 5.292584413912997121e+01 5.980977265409153887e+01 6.304122513457427601e+01 4.910209556562588062e+01 6.926302215136708185e+01 8.337122720421092481e+01 9.180262816557147687e+01 1.019659594404829051e+02 8.679710187957063283e+01 6.534287591119563388e+01 7.162667321221422867e+01 5.796310324982671602e+01 5.746505880819758261e+01 3.689017917203118202e+01 5.241256750968966571e+01 6.105841341176441972e+01 7.144295582870128669e+01 7.153195779502637208e+01 5.545332394858800740e+01 3.638593503287975750e+01
3.295302290958179725e-02 1.991440775804880303e+01 2.322231967247190099e+01 1.889203530613317383e+01 2.028232159867318529e+01 2.741433217727506033e+01 9.692348056137694456e+00 2.970094097392063048e+01 2.507080159277535714e+01 4.131016399124315086e+01 4.007636701535725621e+01 3.435296857093261025e+01 4.213854972952827893e+01 2.512881969469925636e+01 4.515807332618798142e+01 5.056325361417560771e+01 5.292584413912997121e+01 3.669443456208049525e+01 3.974516343552195963e+01 4.290953676407175266e+01 4.827216087075059647e+01 5.991712135318823584e+01 7.419426302988566135e+01 9.448715796711701387e+01 1.013426184542386608e+02 8.679710187951639000e+01 6.534287591119563388e+01 5.042249004578362559e+01 4.598777417144916768e+01 4.210217259297765224e+01 5.743661841047470062e+01 6.613735429689999989e+01 7.230615915135042826e+01 7.360250741010840159e+01 5.184537753469566468e+01 4.981308296930678381e+01 2.113139456908310976e+01
