MOVIE_S3_data/elevation_000809.asc
nrows	100
cellsize	150.0
xllcorner	0
ncols	100
yllcorner	0
NODATA_value	-9999
[rows 68 to 84 of 100, columns 0 to 36 of 100]
2.958550950857541384e-02 2.002958550950821959e+01 3.821209110294306299e+01 4.975909647638007982e+01 4.932936650949353208e+01 5.519124998025945672e+01 5.209321203312912019e+01 5.492072178845076991e+01 3.515016640135944925e+01 5.492072178845076991e+01 4.593370150629528581e+01 2.566867714481603713e+01 4.009341916082989599e+01 6.003339035280608016e+01 6.011374241873785707e+01 4.336479317776977638e+01 2.290297417532174862e+01 3.138425726054943254e+01 4.198407300061381164e+01 6.307231753659524287e+01 7.152830406829325227e+01 5.048067741744188197e+01 3.598370187681786803e+01 4.763907946426351714e+01 6.856702102224292616e+01 6.589025170608832127e+01 4.612791380508559769e+01 6.589025170608832127e+01 7.883862351995566087e+01 8.702729104295428897e+01 7.562790978598110314e+01 5.601878351758623609e+01 6.656673920257499333e+01 8.624786044113314176e+01 8.656701800817337755e+01 9.128465464070499991e+01 8.891027710560636876e+01
9.835479489548564214e-01 9.927819858953935039e+00 2.147482524274624538e+01 4.147482524273484472e+01 5.700085960495268722e+01 5.537712481145722876e+01 6.366019204882903892e+01 6.292050222231227252e+01 4.511230446530519345e+01 6.292050222231227252e+01 5.147687629857434644e+01 3.149067535615273528e+01 4.227556342602399297e+01 6.221054937214702107e+01 6.101120164305579152e+01 4.095409600726661381e+01 2.637431721253717143e+01 4.682868623701433819e+01 6.042531943815890116e+01 7.163191933997303806e+01 7.152600141309581261e+01 5.048065989842931600e+01 4.270124375410183148e+01 6.361642469648164422e+01 7.720749475972331766e+01 7.209188546019004207e+01 5.248059758304814437e+01 6.589025170608832127e+01 8.560691993146545542e+01 9.545220944757782888e+01 7.562790978598110314e+01 6.251949406156315803e+01 8.218277053403748766e+01 9.443681490718493876e+01 9.067073352033985145e+01 9.918806019699452747e+01 9.884348239938407232e+01
5.722010782348829760e-02 2.005722010782313447e+01 2.945041978434431229e+01 2.879373225296415839e+01 4.125612270028437223e+01 3.540701211153835715e+01 5.537712481145722876e+01 7.266012898456510527e+01 6.472913911159641032e+01 7.266012898456510527e+01 5.747292452096527882e+01 3.758628234241717081e+01 5.747292452096527882e+01 7.043267737511831683e+01 6.199989536756216069e+01 4.201184192515646032e+01 3.024344718752660910e+01 4.460090463459571453e+01 6.460412207464966627e+01 7.333544443253282452e+01 8.016522142182196831e+01 7.152600141309581261e+01 5.466445753554690157e+01 5.741838843337386322e+01 7.857980790295682993e+01 8.030313351649358822e+01 6.377755976144418781e+01 6.632065598883471580e+01 8.602486592150327738e+01 9.622925987905324519e+01 7.636560609614545569e+01 7.636560609614545569e+01 9.044798340735282238e+01 8.718891898379736460e+01 7.024128301275379727e+01 8.718891898379736460e+01 9.975944502252239943e+01
9.757004629446797139e-02 4.797801386860511386e+00 9.600706723621529548e+00 1.484476454404494206e+01 2.137812700985666581e+01 3.540701211153835715e+01 5.537712481145722876e+01 6.454001472896089808e+01 6.454001472896089808e+01 7.281680352814069579e+01 6.570558383280923920e+01 4.904896068558747402e+01 5.163626531560618105e+01 7.156386633349306692e+01 7.035710304649354896e+01 5.622585314179608673e+01 3.625161525713443922e+01 3.832115877296059381e+01 4.497572454312690837e+01 5.906577258096181993e+01 7.917606422764801266e+01 8.446547402686056216e+01 7.584503925216257869e+01 7.857980790295682993e+01 8.718013154701885981e+01 9.170409294882355766e+01 8.344946558001468873e+01 8.602486592150327738e+01 9.428561104415231853e+01 1.045303607185602175e+02 9.622925987905324519e+01 9.622925987905324519e+01 9.253217691113678711e+01 7.873244821816639671e+01 5.832745894872700632e+01 7.873244821816639671e+01 8.830764615315408150e+01
4.225409065741109194e-01 2.042254090657375443e+01 2.945041978434431229e+01 3.463012415713033931e+01 3.714526180217532669e+01 4.953360208018368382e+01 5.871230070316970995e+01 4.460779787819877384e+01 4.460779787819877384e+01 6.454001472896089808e+01 7.719695397195847875e+01 6.898027312065276817e+01 7.156386633349306692e+01 7.977490235001219787e+01 7.038470908138366156e+01 5.036106298393208647e+01 4.440810692840893381e+01 5.829489678212671322e+01 5.829489678212672032e+01 5.756913966307200781e+01 7.767663210074587710e+01 9.236414893932266068e+01 8.407070965508232518e+01 8.665433426361363445e+01 9.495619575678368562e+01 9.103972782502381733e+01 8.298441452539418606e+01 8.048326940718443723e+01 8.852756402855231954e+01 9.444152530713196825e+01 8.929539944618838376e+01 8.112009233433178679e+01 7.276586660383738092e+01 7.145192653947570705e+01 5.080746397972365003e+01 6.832756769401433417e+01 7.659715948335400526e+01
8.169748314230130815e-01 2.081697483142265881e+01 3.797676994480412560e+01 4.952377114210609221e+01 5.235649860651300713e+01 4.481333223358998907e+01 4.088596095851915635e+01 3.088868080967597152e+01 4.924467315375598275e+01 5.429767219886056751e+01 6.036574857215104828e+01 6.705444029631163971e+01 7.532974895219182088e+01 8.532639478767382002e+01 7.876804268114955221e+01 7.038470908138366156e+01 5.434608317195708338e+01 7.274459126127460706e+01 7.838954215399931513e+01 7.174930583061637890e+01 8.613079607134051230e+01 8.088586559661681008e+01 6.424821162661363871e+01 6.681553543645637205e+01 8.665433426361363445e+01 8.298441452539418606e+01 6.376732521847359436e+01 6.127934825730140744e+01 7.514171255828158280e+01 7.514171255828158280e+01 8.112009233433178679e+01 6.097718028136847579e+01 5.832773348994941642e+01 6.491020899341212669e+01 4.400767949083850539e+01 4.760427198185058018e+01 6.010278961112060614e+01
7.482281904641915338e-01 9.692500100463270485e+00 2.123950548425558082e+01 4.123950542862630897e+01 4.182300009498031557e+01 2.158421029499955068e+01 2.397178563331556234e+01 2.417565267865952094e+01 2.893559942622654191e+01 3.408567601844229245e+01 4.024021604272594743e+01 4.698836512382985120e+01 5.705161055011563320e+01 7.121082698479054329e+01 9.117183216409084423e+01 8.280706946470395735e+01 7.441170084999276924e+01 8.280706946470395735e+01 9.376109336333117028e+01 9.203155843427259697e+01 8.621825125895728092e+01 6.639697345563669728e+01 5.292768831476568892e+01 7.262618508233499881e+01 8.572080398303290849e+01 8.190977614915067306e+01 6.939588036180305153e+01 5.018970394875498897e+01 5.593421039324244504e+01 7.514171255828158280e+01 8.394703691733882067e+01 6.687690262883727144e+01 4.615519487608469262e+01 5.710859591567908211e+01 5.636296733610037535e+01 3.523128727296977303e+01 3.874901207833589467e+01
6.697973685351282791e-01 2.066979736853477334e+01 2.567849067920030137e+01 2.812511547527284606e+01 3.065593415036487457e+01 1.515493488666309752e+01 1.864145666317397598e+01 4.245484100195417199e+01 4.924467315375598275e+01 5.429767219886056751e+01 5.429767219886056751e+01 6.705444029631163971e+01 7.532974895219182088e+01 7.820169392520659812e+01 8.643473571099178798e+01 9.790233358710258926e+01 9.292803492326639514e+01 8.437359653875546428e+01 7.286675508987828209e+01 8.754434979481631274e+01 8.038075523004420120e+01 6.060470139141133217e+01 4.682033239319792983e+01 5.772276375747701138e+01 7.744742463387036935e+01 7.388242822457934267e+01 5.466271192085812203e+01 4.377691761420328476e+01 6.299382155745374945e+01 7.729176126639615063e+01 7.576153055601250230e+01 5.541973328019110312e+01 4.481397173224969777e+01 3.611806714743971014e+01 4.990890394538670449e+01 3.006077659620771669e+01 5.123232864144947030e+01
9.239707316362346656e-01 3.281183569005917899e+00 5.655829408259171132e+00 8.084428613336136493e+00 1.059119157427449132e+01 3.065593415036487457e+01 4.174040430227049114e+01 5.247641210017184221e+01 6.295050756968360162e+01 7.289008414064561237e+01 7.434304570062447226e+01 7.497067248997325351e+01 6.674240912941391457e+01 5.835363044049216086e+01 6.981257021521462036e+01 8.966145002854601387e+01 8.112371138686164329e+01 6.401346550034908489e+01 5.852139567893534178e+01 7.708469001836498080e+01 6.399290226086515787e+01 5.530772963185246738e+01 4.189133483560011939e+01 6.134230646833628242e+01 7.511330982832079428e+01 6.710944057143552754e+01 5.818959558015615130e+01 3.895350269387137132e+01 5.007037542523243445e+01 6.928065657070051486e+01 8.394703691733882067e+01 7.386111199194149890e+01 6.194354134680119017e+01 4.109893791688266163e+01 2.890898647265198562e+01 2.635400911026387050e+01 4.740219541842967743e+01
7.344999525375345284e-01 2.073449995253717759e+01 2.567849067920030137e+01 2.205116148379912744e+01 2.453881199494294307e+01 1.690234710188090261e+01 3.684825743242212326e+01 3.510409106281290548e+01 4.477496414004444603e+01 5.877282431139740737e+01 7.873080278992097192e+01 6.674240912941391457e+01 4.687762110928628090e+01 6.046061159141103047e+01 8.031748058855100680e+01 9.000826642694877933e+01 7.261866940299549356e+01 5.252343325539258245e+01 4.857333926332659502e+01 6.859201087170600886e+01 5.527234890752748697e+01 3.588711568685696562e+01 4.951067961060017808e+01 5.786022231853576159e+01 6.710944057143552754e+01 4.788765440860949241e+01 5.351758522918346728e+01 3.497663464231649044e+01 4.863358915228443635e+01 6.785375216139199495e+01 7.653748994480473300e+01 7.347935756606813129e+01 7.026093322834560695e+01 5.812479469178337155e+01 4.370600116801426793e+01 2.284345326033348300e+01 4.227805761905413107e+01
8.205962881864476977e-01 1.082059628818636021e+01 3.082059628818600316e+01 4.097950205905448939e+01 4.333743197357969024e+01 2.840286790394089422e+01 2.409624315080951007e+01 3.397274741795128250e+01 4.806329473770767891e+01 6.804484883186911759e+01 7.519036801816416471e+01 6.046061159141111574e+01 4.053721958595907893e+01 5.464495502707885777e+01 7.450084854312594018e+01 7.013655062061906165e+01 7.013655062061906165e+01 6.101667940374782262e+01 4.103069944232878186e+01 6.101652872695285623e+01 6.237282901823697756e+01 4.919836209208715161e+01 3.048573041821753549e+01 4.983277394898924229e+01 6.489838294713264588e+01 4.562859155516451182e+01 3.419357614379268995e+01 3.117874400801559887e+01 4.491663765299203703e+01 6.415507089879864111e+01 5.623968845625472568e+01 5.354477379511804003e+01 5.837366321983862605e+01 4.722012245944998199e+01 3.949153219661786807e+01 2.023167626933091512e+01 2.077505069395152404e+01
1.503081736372913202e-02 2.001503081736337464e+01 3.082059628818600316e+01 5.082059628818529262e+01 5.665908972676050581e+01 4.837942892922739446e+01 3.809977371522798251e+01 4.394430771943277847e+01 6.219242644258116570e+01 6.834389235868925994e+01 6.696087917716927507e+01 4.707500365270440312e+01 3.544946075718359424e+01 5.547976359004810121e+01 7.085207311116765538e+01 7.013655062061906165e+01 5.032579342400953237e+01 5.598521407937117544e+01 3.598946522979878182e+01 5.602052863750606093e+01 5.740486987227603777e+01 3.802966521613364392e+01 2.693004610800226928e+01 4.161024829148237103e+01 4.970296869681678231e+01 4.562859155516451182e+01 2.611230425154248636e+01 4.562859155516451182e+01 5.822897684033366517e+01 6.205112174804512648e+01 4.193747118478751190e+01 3.930577859333202895e+01 4.667571714259941018e+01 3.245260007158356075e+01 1.948045889723571378e+01 3.570636636857329194e+01 2.479938839762747094e+01
1.711296032766891351e-01 2.017112960327633431e+01 3.198392619406838122e+01 3.865059286053765675e+01 4.693486392305564436e+01 5.693486357559571331e+01 5.805426487479332565e+01 6.390790179081223954e+01 6.265421734629345707e+01 4.875468479744595385e+01 6.265421734629345707e+01 5.110879316507233483e+01 3.094268334659853892e+01 4.268096145875271219e+01 6.262142537472496429e+01 7.428307857381727786e+01 5.760712763784737689e+01 3.770574931046710532e+01 3.134319985152644250e+01 5.141814193109899378e+01 6.557444302969892647e+01 5.434002013389891061e+01 4.161024829148237103e+01 2.221341111598436058e+01 4.160256906866746363e+01 3.854565742522268579e+01 2.301449217399752101e+01 4.258869866132226889e+01 5.207682347632192688e+01 5.105413814768483860e+01 4.779005545800212218e+01 2.753329094881770800e+01 3.823583635920317647e+01 1.873133702412166812e+01 3.899802682222762940e+01 4.473031682908965934e+01 2.930178035819912452e+01
6.634215400813491259e-01 6.210423502333616064e+00 1.198392619422982364e+01 1.865059286089637425e+01 2.865059286089619661e+01 4.865059285835724268e+01 5.859838895187899510e+01 5.047862788018471036e+01 5.401612555211320910e+01 3.533817263886296445e+01 5.401612555211320910e+01 4.715389364670109984e+01 2.685420126766423365e+01 4.715389364670109984e+01 6.323580286863946043e+01 6.663015760087026251e+01 4.758104004747106330e+01 4.661313257203740790e+01 2.692903128659729006e+01 4.703600584731839263e+01 6.212518618807293791e+01 5.339743751647742442e+01 3.854309243148222208e+01 1.906450329822350298e+01 3.712951823856605671e+01 1.874381183574265464e+01 3.486073749329475646e+01 3.388232768680165208e+01 3.074496702647042667e+01 3.054246299987977764e+01 3.694472371857870030e+01 3.669824039002026694e+01 1.798416813034088690e+01 3.401565683036494647e+01 4.657601506053398310e+01 4.268094296994244274e+01 3.403161284598030534e+01
1.702428053490451232e-01 2.017024280534868907e+01 3.198392619406838122e+01 3.865059286053765675e+01 4.693486392305564436e+01 5.693486356627677480e+01 5.047862788014236202e+01 3.173334694368261921e+01 3.722371261416430599e+01 2.746535168444731312e+01 4.592627561122809254e+01 4.338433540548572864e+01 2.297293183458925725e+01 3.488569487104685862e+01 5.499369427316133141e+01 6.460019870756174498e+01 4.547491853312626375e+01 3.142829996910085910e+01 2.331439844863796296e+01 4.344069488887836883e+01 5.344008534160221302e+01 2.977833187748658972e+01 3.385282322302951741e+01 1.598840170019413520e+01 2.776587580875757766e+01 3.330418704478552883e+01 1.462470092262576848e+01 1.514734331310858906e+01 1.567018887854765019e+01 1.619328233738790246e+01 1.671673747788670639e+01 1.724020825141782254e+01 3.747748858322834309e+01 4.596951421716254771e+01 5.748777797009717716e+01 4.026125855378752050e+01 4.690604460444578194e+01
1.450734497938095391e-01 1.428676111360069001e+01 3.426881815165659617e+01 4.932279176080552219e+01 4.722208906496585001e+01 4.587833362686706806e+01 4.397745395682223801e+01 3.665707363737728741e+01 1.975009490794105815e+01 3.722371261416426336e+01 4.351422610143025338e+01 3.518528984682628646e+01 1.940344080178937958e+01 3.398044438071539020e+01 5.413579029869158887e+01 5.084939974862012946e+01 4.844257559988298567e+01 3.842416122789741451e+01 1.982727443457552852e+01 3.545248941141132093e+01 3.916778531215346248e+01 3.242637460372999669e+01 1.247402252224813424e+01 1.294434854311435856e+01 1.342064823824560449e+01 1.389742879855075763e+01 2.990711234497817017e+01 3.520052136513502461e+01 3.588541377422779988e+01 3.050392213854366474e+01 3.694477306907189984e+01 2.211564515235077977e+01 3.418665559347581961e+01 4.992299247006648244e+01 6.648182820233672885e+01 6.203052161503048723e+01 4.731404856611083432e+01
2.896770308316644060e-01 2.028966889986471145e+01 2.918818049760054834e+01 3.089788446957524215e+01 2.920747896679843691e+01 2.481530023595713175e+01 2.551754362874345006e+01 3.299122158983843889e+01 1.583196221015997374e+01 3.299814442126474745e+01 3.073999609517666798e+01 1.467285956755494247e+01 3.518525657610268098e+01 4.818237955008482487e+01 4.523586573356529072e+01 2.599379657173159686e+01 2.463703173940072588e+01 3.359368260315389421e+01 3.543361654362000479e+01 1.541451161041435292e+01 2.297111779758179395e+01 1.180978232396012828e+01 2.229321004607077938e+01 3.268391957446826979e+01 3.564546096066679581e+01 2.370234916010112869e+01 1.571631373821956323e+01 3.584971989827553074e+01 4.602108175371847665e+01 5.067932881882402540e+01 4.951860971485405116e+01 4.127380932422707360e+01 3.071895134559714435e+01 4.222911370360055372e+01 6.224455948203289068e+01 7.378789772256335766e+01 5.761688092680735451e+01
