MOVIE_S3_data/elevation_000752.asc
nrows	100
cellsize	150.0
xllcorner	0
ncols	100
yllcorner	0
NODATA_value	-9999
[rows 0 to 16 of 100, columns 0 to 36 of 100]
7.773770046158816616e-01 1.167897689347651280e+01 2.512997611698056133e+01 4.440080498764513095e+01 3.784700658954429997e+01 3.213940043588111450e+01 3.074374804386351201e+01 3.363651154599671145e+01 3.749242158659064472e+01 3.945400871925024688e+01 4.467849793351084742e+01 4.973173380679010336e+01 5.122897833619397545e+01 5.092736785282134093e+01 3.863263117603484176e+01 1.032700288361422203e+01 5.954335515645440502e+00 5.509855409834617745e+00 5.774847102837012081e+00 6.043064209499203976e+00 6.315113425783884793e+00 6.589123906241113104e+00 6.862476425998863760e+00 7.133835708927176888e+00 7.403312540685554666e+00 7.671973443699029005e+00 7.939683404109534770e+00 2.395906104591444219e+01 2.535067649949719382e+01 2.443594744606430424e+01 2.443791450390819264e+01 2.912344607970835852e+01 3.045485473480977490e+01 2.043860197498562670e+01 3.529314534136198489e+01 4.618958316712956957e+01 5.857804031175135151e+01
1.667217412783970065e-01 2.016671368661569019e+01 3.612258237385514548e+01 2.964080547714215896e+01 1.963091749541118247e+01 9.259822556667188564e+00 1.458535900192271306e+01 2.105057670241746948e+01 2.461656627980512724e+01 2.275704452204830375e+01 3.017934223026984597e+01 3.178512297511182183e+01 2.743573036803539722e+01 3.056699376485231312e+01 1.970855055034289549e+01 2.189467554749337808e+01 5.137094101721444872e+00 2.419874846448733763e+01 2.523806108446262542e+01 2.578699777471242172e+01 2.619391093229578260e+01 1.801713888351237713e+01 1.766849126435721828e+01 2.451602862417993478e+01 1.143982453046338499e+01 2.401280166119331128e+01 2.697642560393605038e+01 8.317273913447726486e+00 2.151397201585988483e+01 2.499169373216679801e+01 9.600212314487329479e+00 1.006404473274193023e+01 1.054050425407356961e+01 1.102145439994546194e+01 1.514738012051063620e+01 2.895940527978126866e+01 4.949814231206966753e+01
2.375235533300354973e-01 1.878344275404347030e+01 2.793113581076801211e+01 1.319166637864711333e+00 1.595648357289368491e+00 1.118936297721779027e+01 1.634732239945467924e+01 1.904192599458736979e+01 2.082366728912074549e+01 1.108801483638350049e+01 2.273899290340730062e+01 3.706018160978453047e+00 3.972073138618677834e+00 4.237781573500109644e+00 4.502599451258600283e+00 4.766071419702006651e+00 2.435085090375427441e+01 9.447530926738400225e+00 2.092039972927381442e+01 3.437766803180456066e+01 4.299054670074845319e+01 3.693790549396408096e+01 3.288661261140786252e+01 1.728526823166225768e+01 3.334608343858283064e+01 3.847711475509343870e+01 2.902938047616081008e+01 2.957499121915247997e+01 8.694804506106713404e+00 8.962025460865625348e+00 3.013118961738387824e+01 3.052794135964706967e+01 3.066590792479235716e+01 3.105788081635737896e+01 1.168497074576710482e+01 3.168821539998949177e+01 3.691622520856279266e+01
2.578281697790204552e-01 2.025781695415902206e+01 9.693718958510850747e-01 1.401929001529303553e+00 1.602046994622279286e+01 1.996111084022867965e+00 2.559965136548538300e+00 2.505976639508250337e+00 2.772287168426383452e+00 3.058226801692503827e+00 3.329679713380790940e+00 5.243588160798618780e+00 8.272994433158055827e+00 1.137786263603491044e+01 1.476614907411219413e+01 5.661748953092675229e+00 2.995149111900241934e+01 1.264446280921843524e+01 3.241744407577063924e+01 4.409048871113982671e+01 5.717047056655769666e+01 4.445801627168678039e+01 2.497463899093150630e+01 3.653555497269089614e+01 2.819546179363400640e+01 4.738563624523236228e+01 4.981714130913817939e+01 3.658744940145385982e+01 2.614805695648246697e+01 1.071190621537049736e+01 9.438800609292476551e+00 4.584025005001396380e+01 3.889883544236329982e+01 2.162788470183324563e+01 1.214089423820521318e+01 3.213514067746119451e+01 1.750624197900302903e+01
6.835178870107115889e-01 6.289310331061100934e-01 1.280051098738172799e+00 1.599470979716410746e+01 2.535104739597927903e+01 2.297093091732559600e+01 2.230674898839353659e+00 2.308379652518978276e+01 2.322280865562058594e+01 1.728258550187188547e+01 2.120762379528778752e+01 1.205334310626170513e+01 7.720025945355334152e+00 1.048209734648251512e+01 1.501723657380491517e+01 1.199219697679958152e+01 3.133911993986017563e+01 3.251216193801960941e+01 1.734663501582848255e+01 3.717607474812935209e+01 5.015919600935716716e+01 3.469812974462706023e+01 4.450192700851460614e+01 5.253726558628819987e+01 3.934020448400018921e+01 5.179187439494212697e+01 5.183906424619372189e+01 3.685525031998260204e+01 1.305370791676511821e+01 1.362184644758087160e+01 9.774898483716830455e+00 3.779132793381288025e+01 4.698099388351297989e+01 3.805745148582335702e+01 2.587043367620292855e+01 1.276776067243393697e+01 2.943704854751917921e+01
8.765780624806145394e-01 2.018335355726269853e+01 1.285913821143126912e+00 6.720329659083012608e+00 2.443625791101881006e+01 2.699465907937989684e+01 6.312428604093719642e+00 2.708314879396801800e+01 3.817546520661340281e+01 3.767712312589541312e+01 3.737724526611051346e+01 2.210251800227840846e+01 2.800968642492729899e+01 3.036999371488832367e+01 1.580144313162153225e+01 3.126723838895053831e+01 2.148159168020248444e+01 4.041345054248429136e+01 3.719211579083328445e+01 2.234084974839963067e+01 4.213627440330709106e+01 5.428853422410477947e+01 4.603525781976883025e+01 6.551864934213750757e+01 5.352977309784561299e+01 5.944352002810355629e+01 3.840198417271729170e+01 2.450514098762592496e+01 1.772596928357215873e+01 2.127101034969549076e+01 1.010539696464383219e+01 3.370487962577148977e+01 4.967667069639881561e+01 5.143250138642367375e+01 4.031309402597807434e+01 3.063486101984056020e+01 1.339495846834465986e+01
3.336530771559016451e-01 2.033358429795039157e+01 2.449431759247438833e+01 2.492394771530972619e+01 1.504155675159977790e+01 3.230783169602647575e+01 2.708320122085267556e+01 9.795198215963646149e+00 3.031981338305276807e+01 3.766593511701309183e+01 5.227493667214804418e+01 4.501176672091077791e+01 5.115853097872839328e+01 4.118602275216009900e+01 2.140905198626737160e+01 4.097697088993018610e+01 2.859104966912417467e+01 4.786829996597870007e+01 4.580134473604742595e+01 2.605429997867513947e+01 4.006434814099357311e+01 5.967183994413187520e+01 5.736259995396417111e+01 7.330403554514074926e+01 7.465488896299133614e+01 6.013813322531883188e+01 3.983383078453569937e+01 2.721828055331734575e+01 3.299971699759274202e+01 1.385814034235141179e+01 1.042414417690521411e+01 2.884262677564006339e+01 2.675152374134334465e+01 4.060545374732824797e+01 5.326734018041915419e+01 3.726939493236036327e+01 2.257845730604988788e+01
2.692912384917900415e-01 1.441746674858982757e+01 3.448320214796484606e+01 3.833925038576287392e+01 2.088258424723949247e+01 3.837399305736022370e+01 3.859946475072659666e+01 3.030906638587527979e+01 1.310885421167301423e+01 3.366780871042887924e+01 4.004401483842865161e+01 4.276673690274266448e+01 5.087007757736358116e+01 5.126317932554584189e+01 3.557550977172471107e+01 5.127518371443061795e+01 3.845215181078697242e+01 5.627498973344533084e+01 4.948499624658693818e+01 3.005344577497329439e+01 4.401101825865805495e+01 6.355509910746368973e+01 7.649219620536813125e+01 8.416130669962285538e+01 7.425239961000364985e+01 6.597792662211585935e+01 5.404736405150573120e+01 4.561203042574614130e+01 3.528891949242392201e+01 1.500439618817912013e+01 1.410885046869453063e+01 1.085295496301432294e+01 1.163682754910806949e+01 2.353290601862075704e+01 4.566075882915352224e+01 4.543277581118459096e+01 3.432597414659232982e+01
2.740426242073276120e-01 1.441617139244632817e+01 3.441450579466819448e+01 4.598158813765027020e+01 3.305249936231358276e+01 3.503306874561504003e+01 5.328422648694228769e+01 4.017801073567072478e+01 1.959092577106105537e+01 1.678081457013993116e+01 1.947886406558785310e+01 2.227619244720566272e+01 4.278723040017748502e+01 5.162562917331545265e+01 6.002658492453208083e+01 6.661025961101513815e+01 5.816498486299447279e+01 6.647134669803463680e+01 5.447617643552621303e+01 3.488915782723139358e+01 4.401841168980050867e+01 5.791306217696777736e+01 7.790770953649580122e+01 8.016751904717705202e+01 6.010040500448351963e+01 4.579742254084143127e+01 5.321282153155576111e+01 4.050631837026426751e+01 2.017835865214997071e+01 3.528863292875121971e+01 3.781919688355115738e+01 3.090845945046773124e+01 1.127306242166933359e+01 3.071010836791470666e+01 4.805171808931073940e+01 4.126584277156185721e+01 2.345510759057674122e+01
8.627856460739585787e-01 1.500492126980503471e+01 3.500492126980574170e+01 5.008028942292951058e+01 5.122637881114391689e+01 5.328998611946386177e+01 5.288721878849236191e+01 3.279219643655742544e+01 3.166252549999066090e+01 3.116098869743357724e+01 4.004401484058234928e+01 4.278723040017748502e+01 2.649104501399794032e+01 4.681660067648041945e+01 5.829174939325747573e+01 6.615207404750252351e+01 7.471848982269804651e+01 7.328619945056661322e+01 5.381052370183880385e+01 4.000492286193010472e+01 5.951496274834440214e+01 7.182538192137513988e+01 7.994124870221918400e+01 7.171245099459009964e+01 6.460951248869335473e+01 5.321465521249525210e+01 3.291410121939160405e+01 2.571552400659323823e+01 4.050627265704095237e+01 4.452620875609903806e+01 3.326633644363093367e+01 1.170574612255623492e+01 2.881075280986610920e+01 2.167803544736464616e+01 4.110318229655020872e+01 4.945055581157878777e+01 4.095009844590138215e+01
2.490127916613376069e-01 1.024901279166142487e+01 2.179601817545414377e+01 4.179601817545484721e+01 5.129088665074533537e+01 5.957515789851056809e+01 6.089852833520284747e+01 4.718433686919934900e+01 4.609871226401566702e+01 5.102420388143803365e+01 5.660022336271195087e+01 3.754615378197255637e+01 4.681660067648041945e+01 3.128723518616640931e+01 3.869330012282799203e+01 4.772589335986049974e+01 5.887077737211898665e+01 7.772542728916891974e+01 6.639629747466912590e+01 4.693221581445276769e+01 5.594472496411574980e+01 7.546250559949547210e+01 7.171156251175337104e+01 5.161910793698481115e+01 4.443176500293211717e+01 3.797071616562371332e+01 3.269854853293929864e+01 4.603664475080387319e+01 4.330186748620070603e+01 3.370943703953363269e+01 1.216192237178840152e+01 2.433590234401292207e+01 2.737636913277129125e+01 3.524129092582563771e+01 3.838316582838167790e+01 5.620463439588917964e+01 4.521777652812435377e+01
8.485705281016824308e-01 2.084857052810132672e+01 2.961573019394164064e+01 3.496095503218910494e+01 3.129088665074462838e+01 5.031629409151806698e+01 6.031629409151771881e+01 6.665519366266174472e+01 6.559956535341605388e+01 6.867672848327353563e+01 5.200290778974616757e+01 5.242062508218690198e+01 5.931208839336610339e+01 4.163845541428701580e+01 3.724366401160866502e+01 5.693129120780613306e+01 7.062049368629345736e+01 8.565203586987958317e+01 7.443207648137955346e+01 5.664996049415065471e+01 7.443218990880531294e+01 8.355264181823120850e+01 6.804453571832428338e+01 7.171245073646636570e+01 5.454249207905142782e+01 5.822957939128117744e+01 5.299952991319540985e+01 4.657530615389852358e+01 3.450695669886032135e+01 1.324011206280562902e+01 1.250018008315092999e+01 2.853988304163692646e+01 3.819034489287895440e+01 4.439555668060292959e+01 5.459826527313212097e+01 5.375257240041232620e+01 3.352526690594925896e+01
5.097248530424480784e-02 4.765017693214581129e+00 9.615730193941283588e+00 1.496095503218981726e+01 2.203202284405516664e+01 3.203202284405481493e+01 4.617415846778526856e+01 6.617415846778385458e+01 6.729274884073218743e+01 7.454464272972531091e+01 6.683150756683984639e+01 7.351171627641883788e+01 6.108713802601513976e+01 6.108713802601513976e+01 5.693129120780613306e+01 4.345518206535794548e+01 6.274841412386179229e+01 7.778842077126130050e+01 8.415788826055819527e+01 7.614277183228864487e+01 8.415973375894343178e+01 9.611600961816237998e+01 8.800126875993765907e+01 8.286718121652015157e+01 7.463523656779328519e+01 7.248122906358037199e+01 5.116920152500836139e+01 3.778938375680699835e+01 1.621889779839009904e+01 3.447210526454378510e+01 3.237606499997392717e+01 1.298948784377273036e+01 3.321867538159614242e+01 4.204806230414968837e+01 5.732876483759729780e+01 6.182169570234054845e+01 5.061937933760692232e+01
2.550521787762166648e-01 2.025505217877586261e+01 2.961573019394164064e+01 3.496095503219051892e+01 4.203202284405445255e+01 5.031629409151806698e+01 5.450857054024087489e+01 6.036997227447486125e+01 4.548211443144336386e+01 6.198763843380894656e+01 7.810677517517699187e+01 7.493078658579545959e+01 8.008152876795331565e+01 7.610530125578195282e+01 5.721581032151289747e+01 6.274841412386179229e+01 5.096771942910231701e+01 6.051547119732288849e+01 7.130905803199532045e+01 9.021046021851356045e+01 9.714455655856050953e+01 8.878785210758080382e+01 8.888298543316830091e+01 8.049648795519840405e+01 7.546381394204472315e+01 5.457342639224562930e+01 5.115744104575978923e+01 2.927838917290336695e+01 1.850537484203722016e+01 3.932492173218727771e+01 2.805263109828903723e+01 2.959075675248913839e+01 1.348122699983312245e+01 1.788435069047004333e+01 4.294588654665319183e+01 5.644094222877074429e+01 5.322350987145158996e+01
8.916207294569349351e-01 1.503375635318776027e+01 3.503375635318705150e+01 3.988876195835870675e+01 4.174316503087045049e+01 4.363082901712594008e+01 3.448452965798072967e+01 4.034943544555009254e+01 3.258284167850717239e+01 4.650254570586641023e+01 6.210757663927348204e+01 5.490400614565111681e+01 6.906245832764535919e+01 8.402520198952903741e+01 7.610530125260272882e+01 7.778844153760971381e+01 6.196153766077662084e+01 6.439068942976348353e+01 8.322333793166680493e+01 9.822056855851688795e+01 8.878785092498742415e+01 6.843811802253154042e+01 7.439840974216146208e+01 5.986269694033907030e+01 6.364907030517843367e+01 5.457342639224562930e+01 3.284090243672920906e+01 2.185368909230372836e+01 4.016030738807373268e+01 4.575674894023702421e+01 3.853683063285957644e+01 3.784820127979040194e+01 2.640691688227004619e+01 1.397260479135229616e+01 2.583291769159839291e+01 4.743421346882676914e+01 6.195835918378295304e+01
5.108012481754142797e-01 2.051080124817505990e+01 2.398020195871984583e+01 1.987158037979078173e+01 2.171945810770050755e+01 2.360064237570614765e+01 2.030570846689809983e+01 3.337210276614326432e+01 2.306784028571310330e+01 4.318733649820077147e+01 4.208651654897791872e+01 4.076088535153931502e+01 6.076971430258951301e+01 7.020595776163325752e+01 7.850063566068661203e+01 8.870738694823165815e+01 8.075986214356920811e+01 8.322333794346644709e+01 9.118619989929925396e+01 1.005050506734458367e+02 8.021023663103834167e+01 6.579239472200141847e+01 5.372963196691065235e+01 6.364907025882990865e+01 4.232503308444250223e+01 4.745266119781066294e+01 2.546890028055792499e+01 4.370727193144185918e+01 5.243769834576126954e+01 5.665971825236049852e+01 4.994128570348301821e+01 4.774563313939312792e+01 3.324889876736730088e+01 1.431993630704499409e+01 2.996546076463936004e+01 5.272638033680957648e+01 6.454702717421739067e+01
5.195627768054871254e-01 2.240889033136258757e+00 3.968629660570466289e+00 5.716060459613191647e+00 7.557313049826352547e+00 9.430813365577153107e+00 1.133856438867592864e+01 1.331099594283041654e+01 3.337210276614521831e+01 2.937001391268314521e+01 2.808969189383353537e+01 4.811501972022093554e+01 6.693725420796837966e+01 5.017626291186000032e+01 6.693725725618043043e+01 7.778014206907111827e+01 8.062128558243665566e+01 8.062128564411487730e+01 8.891492064979939869e+01 1.017282833673976796e+02 9.245560227741880510e+01 7.806682745021629444e+01 6.465505555121646353e+01 4.344140751684932411e+01 5.133763258937177199e+01 2.935955866646534673e+01 4.145942393056655106e+01 5.613694789624117476e+01 6.937885143081082617e+01 4.780966631901665664e+01 3.246600210669739539e+01 4.271778293767214052e+01 3.483743027003169601e+01 1.466793479952195156e+01 3.487522949202260492e+01 3.915223548330919101e+01 4.929624733851237295e+01
