MOVIE_S3_data/elevation_000186.asc
nrows	100
cellsize	150.0
xllcorner	0
ncols	100
yllcorner	0
NODATA_value	-9999
[rows 0 to 16 of 100, columns 37 to 73 of 100]
7.037796322927131598e+01 7.816093229558336475e+01 7.735135504076960444e+01 6.900594838070254866e+01 7.161920144364506768e+01 7.996521055702415026e+01 7.568769278397957123e+01 6.948323043425395440e+01 6.114617261460144704e+01 4.727540327232695461e+01 6.733745672957823558e+01 7.874011782804589643e+01 7.503392351460193765e+01 8.932039597121153918e+01 1.094997482389365189e+02 1.164116164618778555e+02 1.247107172330803451e+02 1.147183672024605130e+02 1.063952271830300731e+02 1.147183672024605130e+02 1.221706683061987064e+02 1.138503361245019079e+02 1.215463497202476049e+02 1.156699682969359628e+02 1.156699682969359628e+02 1.239928307656542188e+02 1.328902816262499584e+02 1.228214378039065338e+02 1.144801344666442446e+02 1.228214378039065338e+02 1.259148934236021091e+02 1.176340638760144230e+02 1.194865624171509211e+02 1.277614663848894310e+02 1.233862525759075481e+02 1.151183376855312304e+02 1.151183376855312304e+02
5.244991360183119866e+01 7.037796322927131598e+01 6.576631709611282872e+01 4.897392342557886025e+01 5.156742363520140060e+01 7.161920144364506768e+01 5.558429019648360736e+01 5.558429019648360736e+01 4.109252035792943047e+01 6.114617261845719298e+01 5.376139998514975815e+01 5.860852324339331432e+01 7.874011782804589643e+01 9.451277272013003028e+01 1.021584901699498147e+02 9.625465195361691428e+01 1.164116164618778555e+02 1.046394192080109491e+02 8.621079730605335101e+01 1.046394192080109491e+02 1.105607644277769026e+02 9.373232784130604500e+01 1.014502444655993258e+02 9.556024200145994030e+01 9.556024200145992609e+01 1.156699682969359628e+02 1.228214378039065338e+02 1.040252133773902301e+02 9.357029228813614452e+01 1.124795961280686640e+02 1.142908979382331296e+02 9.744203571203259173e+01 9.934729008630793601e+01 1.161614274860547908e+02 1.151183376855312304e+02 9.488062619614953519e+01 9.488062619614953519e+01
5.770091776425947216e+01 5.683817401436817818e+01 4.853759179536266544e+01 3.753304968192502145e+01 5.744045338044863058e+01 5.889556860756471934e+01 5.056800715833964688e+01 3.551915804390781517e+01 5.558429019648360736e+01 6.948323074425002233e+01 7.385748895247917289e+01 7.874011782804589643e+01 6.757717954221010359e+01 7.428782838507716235e+01 8.192982320306049360e+01 1.021584901699500421e+02 1.105698123052555388e+02 9.630301224454177600e+01 7.602213295549938721e+01 9.630301224454177600e+01 1.015323122970326608e+02 8.201029194882472950e+01 9.319034539260297834e+01 8.121770640987031697e+01 9.294474975455867138e+01 1.130689663126352542e+02 1.144801344666442446e+02 9.357029228813614452e+01 8.276399701120979557e+01 9.534535814271471565e+01 1.039014415534439166e+02 8.569027486832175100e+01 8.761916705153444695e+01 1.071355722317754555e+02 1.151183376855312304e+02 9.488062619614953519e+01 8.046429176064077637e+01
4.931562958073838843e+01 4.103643261784532115e+01 2.869139006694192062e+01 4.853759179536266544e+01 5.422614166594342322e+01 4.590055895893237903e+01 3.049255336915282300e+01 5.056800715833964688e+01 6.391535434945541994e+01 6.344199564471887953e+01 6.792467987335358259e+01 7.294230942719417499e+01 7.930373322272482994e+01 8.643478622518783538e+01 9.477656446786961908e+01 1.064225489004904688e+02 9.628646205034337413e+01 8.200311179542889306e+01 6.919146162023609747e+01 8.954271914819425149e+01 9.319034539260297834e+01 7.288267878375249609e+01 7.288267878375249609e+01 8.727957521679388719e+01 1.074602069151116979e+02 1.213887514494461612e+02 1.228214378039065338e+02 1.075484550659754603e+02 8.641207118520044617e+01 7.466101972274910281e+01 8.845057866939275470e+01 7.667512071609776569e+01 7.856818186030868389e+01 9.880755341111888868e+01 9.778431326630014553e+01 9.286572489315180690e+01 8.450212283539222824e+01
3.435757975458741953e+01 2.100049629593407374e+01 4.103375140671292343e+01 3.845447165078232388e+01 4.146961820853589131e+01 2.583862144937840810e+01 4.590055895893237903e+01 5.889556860756471934e+01 5.739921544829206823e+01 4.340036104258100380e+01 4.787750655956661916e+01 5.287179121183161357e+01 5.918714486725462365e+01 6.626512248501869351e+01 7.789582948817302110e+01 9.809921804976660553e+01 8.612790850553717803e+01 6.755373365602561364e+01 6.297986137009554852e+01 8.340658412709125002e+01 8.074712129512921877e+01 6.562551903526802732e+01 7.479428014818304860e+01 8.917851746603199103e+01 1.093431933645046428e+02 1.265268400827514483e+02 1.182693351262381896e+02 1.159673222920423257e+02 1.005029937723838032e+02 7.962759846009306841e+01 6.887837525936747340e+01 6.860193314762834405e+01 8.868786763571372944e+01 9.778431326629934972e+01 7.763352700416545815e+01 8.133126404497318163e+01 6.470012994649391658e+01
1.413977061411503477e+01 3.432641480851233950e+01 3.555554400523580227e+01 1.855170089891612051e+01 2.146939856163135474e+01 4.146961820853589131e+01 4.811033924133205630e+01 5.183772131244498382e+01 3.734696317330302406e+01 5.739921544829206823e+01 6.203054949659463091e+01 6.703964073179187722e+01 7.294230942719291022e+01 8.643478622518789223e+01 9.477656446786961908e+01 8.938561281212808751e+01 7.774123224685786226e+01 5.724713957888004501e+01 5.724713957887997395e+01 7.592444146942592909e+01 6.028622364565113401e+01 7.057990304760204481e+01 9.091433954265644957e+01 9.508461429626564154e+01 1.152240319611250357e+02 1.149240347314416368e+02 9.810588738720836943e+01 1.149240347314416368e+02 1.090010827996026421e+02 9.549254770711274887e+01 7.675378317370014258e+01 6.382716787502695865e+01 7.936435542337420657e+01 8.664390118456239520e+01 7.832254659979727762e+01 6.171681945846655282e+01 8.133124861177680032e+01
1.267118196345525583e+01 2.508665099078282879e+01 1.578776199564720528e+01 3.561185738140262202e+01 2.236549100052419803e+01 2.515743209908505307e+01 2.803630603816417377e+01 3.176515456034298523e+01 5.183772131244498382e+01 6.572460121026000479e+01 8.215436936732025686e+01 8.719261224582946568e+01 9.309594313789695263e+01 8.775660978326784800e+01 8.626005157641422727e+01 7.497300512328199318e+01 6.055942734055007293e+01 4.945774326266774779e+01 5.238490152650631870e+01 5.539723530360353010e+01 6.322087755653888763e+01 8.364344940181541688e+01 9.091433954265646378e+01 1.110856783779116768e+02 1.122564526921333652e+02 1.066279631462812461e+02 8.634387266938266237e+01 9.896129757866663113e+01 1.191169464297126410e+02 1.040329092457971711e+02 9.192985623001352735e+01 7.348832993223847154e+01 5.983238503127230246e+01 7.541830297647437931e+01 5.884028780717930829e+01 7.832254659979689393e+01 8.967643321744129992e+01
3.235167343254901340e+01 1.320964028692526959e+01 1.346121416942689564e+01 3.616076381907141979e+01 4.237770250406968131e+01 4.499134562864350784e+01 4.811033924133205630e+01 3.514124209146364564e+01 5.520337400019122498e+01 7.097590863593863730e+01 7.931391976229488705e+01 9.093597538283962933e+01 8.175147694189068659e+01 6.738101870171516339e+01 7.183582615788414216e+01 5.741160073935390074e+01 4.604866337465047366e+01 6.654826333009583550e+01 7.293024071653174190e+01 6.996386474080739504e+01 8.364344896651232375e+01 7.770704919159189217e+01 9.797518730101131723e+01 1.063011704945361799e+02 9.206390976937458959e+01 9.896129757856293452e+01 7.871488468647795855e+01 9.896129757866661691e+01 1.074807181300244139e+02 1.157749927866236419e+02 1.018981031756265594e+02 8.767407087796730991e+01 7.541234248053268630e+01 5.599958081278445832e+01 7.541830297647736359e+01 8.664390118644556082e+01 9.021907661248843624e+01
4.088191486675403041e+01 3.290094760220924996e+01 1.374777845289695222e+01 3.351560093239719862e+01 4.849994227314067530e+01 5.810107245108611806e+01 6.352752739330859555e+01 5.520337400019122498e+01 4.333725083659582111e+01 5.090492009179256883e+01 6.246786935003012786e+01 8.259810643688595633e+01 7.334889115881590271e+01 5.288277882901829230e+01 6.040498519661207411e+01 4.295479423306134237e+01 6.340376823985386778e+01 5.571463336087477813e+01 6.492981482276006489e+01 8.533542315543550671e+01 9.866791699963113160e+01 9.797518730101131723e+01 1.063136237683341534e+02 9.797816866201260666e+01 7.782411889127330085e+01 8.523162839162252169e+01 7.301369248415784341e+01 9.100509376400253814e+01 8.730228168476494943e+01 9.798058117836139047e+01 1.062811807642882087e+02 9.035640617130091812e+01 7.379441539584965426e+01 5.437963916787879981e+01 7.379441539585781129e+01 8.446236471241724075e+01 7.612586619127037579e+01
3.452127885385991846e+01 1.432161043609426798e+01 1.725139784699523204e+01 2.522770240820080900e+01 3.457228750743919932e+01 4.436043810971739987e+01 6.353020709148783141e+01 7.172129522843304983e+01 6.338978802807613988e+01 6.338978802807614699e+01 7.931391976189557624e+01 7.463837035027619038e+01 6.509851152781419614e+01 5.754579255745419886e+01 3.998626560064969482e+01 6.040498519661213095e+01 5.965299436247221365e+01 7.620975771712186031e+01 7.620975771712187452e+01 8.162098921120733053e+01 1.018627612025159266e+02 1.094087752341024782e+02 1.011463348667750921e+02 9.948878981766999630e+01 7.932748101653703543e+01 6.543550350342394495e+01 7.926284809460632630e+01 7.101519578458565718e+01 8.383793222066651651e+01 7.797985521450748081e+01 9.798058117836139047e+01 8.203083786100972929e+01 6.234501455281759519e+01 5.276941839994612593e+01 6.995996119279411118e+01 7.612494081212605579e+01 5.666652213376535485e+01
2.371569215341814996e+01 1.472217311941866846e+01 3.418080849007143485e+01 2.216290988442715815e+01 2.938481777227323732e+01 4.934814069608705722e+01 6.295239349454289624e+01 7.048597506225821974e+01 7.852893228633585920e+01 8.350366975392701363e+01 8.011322209899459779e+01 6.065353946997367984e+01 4.711820451692935308e+01 3.709565769128912649e+01 5.754579255745425570e+01 6.884100265245518813e+01 8.009279813476815946e+01 8.847788387994093284e+01 9.651324559279188975e+01 1.018627612025159266e+02 1.015389652682805632e+02 9.324283852364237646e+01 8.099170779628516925e+01 9.781079508543672318e+01 9.078926326627050969e+01 7.082492655924747282e+01 5.974091019939492497e+01 6.242051112426850779e+01 6.427265908572913133e+01 7.585044291086975932e+01 9.568812075479516466e+01 9.036095954140066056e+01 7.828981546110900069e+01 6.090714030607156815e+01 5.053582416647439146e+01 6.776507335358171247e+01 5.319528513150569182e+01
2.029259316629951471e+01 1.511862593626161377e+01 3.694135776097416368e+01 2.590643776909820417e+01 4.394188608996611833e+01 5.365207242277609367e+01 4.389777155182920865e+01 5.096143149408561612e+01 6.474287030545973209e+01 8.435153979651376233e+01 7.320091622673541565e+01 6.139608934607662860e+01 5.294607899572129384e+01 3.506086215423453467e+01 5.559304413249648036e+01 5.455106240334078649e+01 6.505192380062220536e+01 7.964582675115327959e+01 9.994290806267446214e+01 1.074551734704331949e+02 8.735589663569254526e+01 7.304253587226070010e+01 6.928819395542575421e+01 8.879235718716736869e+01 9.911922946029747550e+01 8.756812897198457790e+01 7.404537438391344040e+01 5.466404042645321937e+01 5.656518489863272237e+01 7.420244367800661678e+01 8.351339584579137920e+01 9.553948886548386099e+01 8.799469431288333965e+01 7.716280353472359366e+01 6.776762632133765862e+01 4.833785181530058850e+01 5.274062366568978177e+01
3.385380895782569866e+01 1.551413330234422183e+01 3.568359189957536870e+01 4.416142842809619395e+01 3.134130980717483794e+01 3.539597916977598402e+01 5.406582636340591819e+01 7.048597506225821974e+01 7.852893228633585920e+01 7.700255518925651188e+01 6.479020573293212237e+01 4.427347635934264503e+01 3.235499494672230725e+01 3.844631029553407586e+01 4.262742135286820400e+01 6.332960365579312167e+01 8.374406700160244554e+01 9.396713958021290125e+01 9.935059588892102056e+01 9.898721172442881766e+01 9.068112705415269659e+01 8.046704536302142685e+01 6.029102105586722615e+01 8.046704536226648941e+01 9.481668304841792860e+01 9.983302680103291493e+01 8.230906919890277607e+01 6.953930066551615141e+01 5.010948203203646756e+01 5.630238398141033684e+01 6.608169736799078464e+01 8.678224559925797621e+01 8.536572827719018619e+01 7.707920252104989345e+01 6.639055056571332614e+01 4.698011660274271151e+01 6.639055056537627308e+01
3.549052390946255997e+01 1.590687177673335562e+01 2.984537195850342428e+01 4.998061734093194985e+01 4.414110802395448729e+01 4.839353127136416077e+01 4.695956642045606344e+01 6.054424876627074070e+01 8.017304414348762975e+01 6.720180030544975125e+01 4.839718357442339425e+01 4.865908242712814058e+01 3.063684618933848114e+01 5.112564387411849509e+01 6.332960365579312167e+01 5.726238351869488952e+01 7.797716879667883916e+01 9.353180574211667420e+01 7.949895583892245554e+01 9.068112705415269659e+01 7.051875637443707490e+01 7.507480444382959206e+01 5.497982158734953373e+01 6.635340581114236613e+01 8.650389095304956300e+01 9.135071049075088467e+01 7.161999707049213271e+01 6.679938320167100585e+01 4.715249070163928735e+01 6.679938320166111509e+01 8.351339581777801868e+01 9.075745766727335706e+01 7.707920252104989345e+01 5.745887183389919528e+01 6.320553364304305433e+01 4.562102804521907018e+01 6.505428118389642123e+01
1.644137088349960507e+01 1.792418203455778070e+01 3.572988448240479897e+01 5.286405992854811586e+01 6.332204071128059297e+01 6.774472597308088950e+01 6.629328973181428353e+01 7.437394274003742112e+01 7.354364099525498943e+01 5.893808593864756062e+01 3.972412777935340245e+01 2.841552556047985334e+01 4.865903043861582944e+01 4.511017887903630452e+01 6.564827121770336760e+01 7.797716879667883916e+01 8.638976204302190354e+01 8.364648130346789401e+01 6.557188596292603222e+01 8.364648130346789401e+01 7.642417802172896302e+01 5.632926503836524290e+01 5.003367294015534128e+01 7.005115138555366627e+01 8.303605770938703756e+01 8.303777261722277103e+01 6.326160504475521407e+01 5.204042918239812110e+01 4.437821955230646864e+01 5.845078624399682354e+01 7.814680338442165919e+01 7.087901455532717421e+01 6.958264330086180394e+01 6.138496226499544406e+01 4.372456918217456945e+01 6.310655429746024225e+01 5.528206487907296207e+01
3.648843286324721191e+01 1.693153970300419431e+01 2.541531732823708012e+01 4.031285462609164227e+01 6.276496427786062782e+01 6.941785634735849442e+01 7.292845474219913626e+01 6.647595742517212614e+01 5.818891808623671125e+01 4.469776627711611638e+01 4.469776627711652850e+01 2.699952806167380004e+01 4.698246315514742122e+01 6.564826734977640399e+01 7.407638587078938031e+01 9.324519558411097364e+01 8.183804589705290766e+01 7.364196272003354693e+01 5.581774619057970455e+01 7.544262627740931748e+01 8.475298384057163048e+01 6.568299522154042336e+01 4.568722487336350468e+01 5.464198792618883260e+01 6.883892717333959865e+01 8.075961578099237670e+01 7.988340549114039391e+01 6.181349041479845852e+01 4.177515565886300664e+01 6.179285807337060987e+01 7.953366814196986923e+01 6.769721997679938852e+01 5.133076300576745865e+01 4.183506652716130247e+01 6.138496226499544406e+01 7.135986740783580728e+01 7.482138848442384926e+01
3.686873988633379184e+01 1.725286742384354710e+01 3.625136559684029436e+01 5.235159425360239993e+01 5.584937294466103452e+01 4.808113381584759338e+01 4.551360377974160087e+01 5.333808632960333540e+01 3.846230941808596526e+01 4.249161130910339779e+01 2.505124075488214430e+01 4.469761432545634960e+01 3.944913022953902981e+01 5.394780184790295152e+01 7.442527400561802153e+01 8.503251552557352966e+01 6.530349934003699275e+01 5.399148135373810931e+01 4.887456183683501365e+01 6.850418338272429253e+01 7.484384860528972183e+01 6.731093644989455527e+01 6.052012290569773256e+01 4.036170878627246594e+01 5.204922426705473271e+01 7.215422567883361182e+01 6.786424798005386094e+01 5.943524231643206690e+01 3.923891451625388527e+01 5.720681554378386124e+01 6.488529191440950683e+01 5.207119694814910105e+01 3.995729538137413783e+01 5.959282625982685744e+01 5.419164042976441920e+01 6.794570159930326270e+01 8.780698607603994787e+01
