MOVIE_S3_data/elevation_000557.asc
nrows	100
cellsize	150.0
xllcorner	0
ncols	100
yllcorner	0
NODATA_value	-9999
[rows 34 to 50 of 100, columns 0 to 36 of 100]
6.278687791629389281e-01 1.477000440289376471e+01 3.477000440289305061e+01 4.636420482551035605e+01 3.648707377764214499e+01 3.043872087876581745e+01 1.582972604292234031e+01 3.460740894549437741e+01 2.916794958477964528e+01 4.345670208397970669e+01 4.345670208397970669e+01 4.540016903893248923e+01 2.533109992176180825e+01 4.419936294069889016e+01 4.304371305247467916e+01 2.666873377818401281e+01 2.931135333486022532e+01 4.931372819351693693e+01 4.642263779675083413e+01 6.284092082910702004e+01 5.461625888921456351e+01 6.615675839444408268e+01 8.614973349886822973e+01 9.913673442083407394e+01 7.897872104531465709e+01 6.465107664257901376e+01 7.772984857729377950e+01 8.608309893403728097e+01 8.613559893094628706e+01 6.581014734347108686e+01 6.049234604807040228e+01 8.014785522911890325e+01 8.490926555911413232e+01 7.096510027488226058e+01 4.998893355822208662e+01 5.678146067733730717e+01 7.069184811726371720e+01
5.760807145981240440e-01 2.057608071459776866e+01 3.186237330730820005e+01 3.891659367410053960e+01 4.712037153039600668e+01 4.339043599537974671e+01 2.605485071328800117e+01 4.340729773277037395e+01 4.069729234474795732e+01 5.725327643595151983e+01 6.345259402738685850e+01 4.942142483677240961e+01 2.931514584624233066e+01 4.942142483677240961e+01 5.493833029971747806e+01 4.081316200931745897e+01 4.931372819351689429e+01 3.331905682685992076e+01 3.641802322375177425e+01 4.310086344527962865e+01 6.306524892096092572e+01 7.640184876947114390e+01 8.450578157767171206e+01 9.587106470025598526e+01 9.322710636451526511e+01 7.374739126122297250e+01 7.550361071678673852e+01 9.565336108075329946e+01 9.449212004476279958e+01 8.613558901843654780e+01 7.233497322645236238e+01 8.923900129746979815e+01 7.655708024989669980e+01 5.550794131027087985e+01 7.096510027488226058e+01 7.767306381057427700e+01 8.573467014286089238e+01
7.930105716671143057e-02 5.852803572535467680e+00 1.188302665901403543e+01 1.895401624528769702e+01 3.049496034407295753e+01 5.022400342305281384e+01 4.684546077631782168e+01 5.603082918802257950e+01 6.046018305937654702e+01 6.848858186939739312e+01 6.963143938238027886e+01 4.942142483677240961e+01 3.747726013361888420e+01 3.686920759018552474e+01 5.704846853279671848e+01 6.079036374039548463e+01 6.087633347691216557e+01 4.089894227660663262e+01 5.639462755785349657e+01 4.187968885708481537e+01 6.174225240007874760e+01 5.653308816255502478e+01 6.803192026765913170e+01 8.783538373080590134e+01 1.022359933646061734e+02 8.536264193130558908e+01 9.565336108075329946e+01 8.974171995521670908e+01 1.099253252619062380e+02 1.009001683933431792e+02 9.255625210970323735e+01 9.466039164555807872e+01 8.073537156351021338e+01 5.970523582087393777e+01 7.201088435854818215e+01 9.265324272048060550e+01 9.525479925877287712e+01
6.786017468061785740e-01 2.067860174680582475e+01 3.186654100272830803e+01 3.891659365695722528e+01 4.712037153039600668e+01 5.835629336344455709e+01 6.194346096948164870e+01 6.780127783280009623e+01 6.760112080834478832e+01 7.588597728379160401e+01 7.198148848855268511e+01 5.173022049502134223e+01 5.766167956270057005e+01 5.704846858261100806e+01 4.543300324783098887e+01 6.568316772851022733e+01 6.920773244756104248e+01 5.241991952696428569e+01 6.918793928255225012e+01 6.175562269842762220e+01 4.764557852690479933e+01 6.170469082278076201e+01 7.061196176806117819e+01 8.464002307216205168e+01 1.040367441955957446e+02 1.055425038766138357e+02 1.138768839036985412e+02 1.099253252619062380e+02 1.182509786052844447e+02 1.129438295992582084e+02 9.114966944186519981e+01 7.434707928756809281e+01 6.724529869039608343e+01 7.201893351546637234e+01 8.901384673004461945e+01 1.007441555895256187e+02 8.692891478544240158e+01
1.053273305859350195e-01 1.424746295435600629e+01 3.424746316988183992e+01 4.325357576551239447e+01 4.617088408379380127e+01 4.929433412043643159e+01 4.194346110719757093e+01 4.780132250404930261e+01 4.760110204861148731e+01 6.433857164580444987e+01 8.031649539652849512e+01 7.198148848855268511e+01 7.651894276454926569e+01 5.624706390943141088e+01 6.568316772851015628e+01 7.403460242528416302e+01 8.078961014223348513e+01 7.243959595745246816e+01 7.698438757699467772e+01 5.701525556043200282e+01 6.762826507566217060e+01 7.620189693933636477e+01 8.949305114321882115e+01 9.827202905263359867e+01 1.025923830630916882e+02 9.426253042970834883e+01 9.519096160509718629e+01 1.035515689043711518e+02 1.172589712571590610e+02 1.049246316670578381e+02 8.813865526866852917e+01 9.446687986446298169e+01 7.593731859010144092e+01 9.279294288327348283e+01 1.009994177674730480e+02 9.329273607112189381e+01 8.491757614011977751e+01
6.652624653148981881e-01 2.066526246531454447e+01 2.631087959658390929e+01 2.325357538696077953e+01 2.617087522590988513e+01 2.929435043932600991e+01 2.780132547172833668e+01 4.340498650703417383e+01 3.605409665805514408e+01 5.434246743502340848e+01 6.100913456883770891e+01 6.929345401801076321e+01 7.929348248073610250e+01 7.060485535759347897e+01 7.281705336229467207e+01 9.299046168879863217e+01 9.141607005729494517e+01 8.306472220826871933e+01 8.523694937157513607e+01 7.698438757014139355e+01 6.963223623069579560e+01 8.379531120096049790e+01 1.037355427163447956e+02 1.021296290301697667e+02 9.096174409778083714e+01 7.410325221554867881e+01 7.481031548518890872e+01 8.620174678970538196e+01 1.035515689043725587e+02 1.143403751872348977e+02 1.067023733870079951e+02 9.606574242082321291e+01 9.055979293944820085e+01 1.042441787410619867e+02 9.923974262492838250e+01 7.898514344565306544e+01 6.513808031845550772e+01
8.924248754756384239e-01 3.589224325328612242e+00 6.310879595087710570e+00 9.111439763143753368e+00 1.202873959310166896e+01 1.515221483087381671e+01 1.923469773551251905e+01 2.340498601665408884e+01 2.856896381159740272e+01 3.434246650349385988e+01 4.100913317016075865e+01 5.100913317017308657e+01 7.100913597392116117e+01 9.079681279148010731e+01 9.299046168879863217e+01 8.341625527464647405e+01 7.502694498423848302e+01 6.257233076776302738e+01 7.194151786350694522e+01 8.034527297022275150e+01 8.963566979338686735e+01 9.786142749489251003e+01 9.624880562876070655e+01 8.204294124983113079e+01 8.193046431313004518e+01 6.240232979204911601e+01 6.294844682849653594e+01 7.481031548518890872e+01 9.519096160509718629e+01 9.936497890694789703e+01 1.078158576932162447e+02 1.146709975764799623e+02 1.104721208428103267e+02 1.030769881168686055e+02 9.399617235808295845e+01 8.559502593129093384e+01 7.240792577280599573e+01
8.870506738290029336e-01 2.088705067382864655e+01 2.631087959658390929e+01 2.911143976565528746e+01 2.357574497689438786e+01 3.515221496822511682e+01 2.515221483087399434e+01 4.340498650729519881e+01 4.271109943848460233e+01 5.434246743509826416e+01 6.100913456883770891e+01 6.929345401467995202e+01 7.929348290737948446e+01 8.498922541684892451e+01 7.313103782776346407e+01 6.467610253797789710e+01 5.432526006491586656e+01 5.043297138522225964e+01 5.115976357035216182e+01 6.595724303543039468e+01 8.638883542068931831e+01 1.013105694728757413e+02 8.792619588911533413e+01 6.782494602759925328e+01 7.358035409857727416e+01 5.334569508823952333e+01 6.766529149634075679e+01 8.786057845518229215e+01 9.596457058944680796e+01 7.898741828873841087e+01 9.122639592597032276e+01 9.959116524343703247e+01 1.091368110767480886e+02 8.869688767865685008e+01 7.436092730675572682e+01 6.569992889037882833e+01 5.979960781532584235e+01
9.587146228554132010e-01 2.095871462285505871e+01 3.421269396013163089e+01 4.249696520759382423e+01 4.357574498402802732e+01 5.186001705516726190e+01 3.669922021470888041e+01 3.929435045621258382e+01 5.929435138738087119e+01 7.099543006786778676e+01 7.493121278903048221e+01 6.664622983327940631e+01 7.493121278903048221e+01 7.660613493524107298e+01 5.594271267343942355e+01 4.385735637771740159e+01 4.223796604160565948e+01 3.998634834494769308e+01 6.083320292958998010e+01 7.194151781251281363e+01 9.229858191508782284e+01 8.713172694944780972e+01 7.295288442601976442e+01 7.521304921340832550e+01 5.510018710216914428e+01 4.874278008475639723e+01 6.889614181973142593e+01 8.439808876707975571e+01 8.685129205210787973e+01 6.738370390093102458e+01 7.110394276289798654e+01 8.531815055899873812e+01 1.054901620207407547e+02 1.030769881168686055e+02 8.559502593129094805e+01 7.930364383935507533e+01 7.340029952667937607e+01
4.749594815986911134e-01 7.141626148265386220e+00 1.421269396013092390e+01 2.575969934392364280e+01 4.575969934392434624e+01 6.498351011175959968e+01 5.669922086370527836e+01 5.929435138738087119e+01 6.757864377239603471e+01 6.576170206179105548e+01 5.746629811309070135e+01 4.656700310159980205e+01 6.490295029371876012e+01 6.685032548278852005e+01 6.100591305926779029e+01 5.265638293055169328e+01 3.215013464236027119e+01 5.265639383889450897e+01 5.831652432512861139e+01 6.616944995072124414e+01 7.692879619558118520e+01 7.882534137610899450e+01 5.877968223114416446e+01 6.614735335660950000e+01 6.446227220070362307e+01 4.440274559545854061e+01 5.596189780764142085e+01 7.607399956372273664e+01 7.849983910489672212e+01 5.840429593276469689e+01 7.849983910241446949e+01 8.587968520020321250e+01 9.422584129933059671e+01 1.042915771715945681e+02 1.059402540461863254e+02 9.950652801030986438e+01 9.355557774238370428e+01
5.246131949027718067e-01 2.052461319490241820e+01 3.421269396013163089e+01 4.249696520759382423e+01 5.404397059138654669e+01 5.654385590638280945e+01 4.776500570554706115e+01 5.654385590638280945e+01 5.839087350401851495e+01 5.424785518123601946e+01 3.755865222789534386e+01 3.671221840766992273e+01 5.660661646745542441e+01 4.700996948731540925e+01 4.121268185904549597e+01 4.863478560874739998e+01 2.837856396667779180e+01 4.717931697912233346e+01 4.046114532250476259e+01 5.057392284608976496e+01 6.889311478725994675e+01 6.422139783960884074e+01 6.614720590567939951e+01 4.615757170680917199e+01 5.615421205846554642e+01 4.097811588955915596e+01 6.095230540919455109e+01 6.382682140777325941e+01 6.755211456135543813e+01 5.304293621846073137e+01 5.909205872537642534e+01 6.578506946713778802e+01 7.582137679995250323e+01 9.593799360045416336e+01 1.108915230619329151e+02 1.002940121809989904e+02 9.168265070570434716e+01
4.470077517107070575e-01 1.098394864741646160e+01 2.468185267968580021e+01 4.466026284233529253e+01 5.577861740139184121e+01 4.546991095918667014e+01 2.523081378984034373e+01 4.547302369628921070e+01 3.865010057592764525e+01 3.865010057592763815e+01 2.659906641501448732e+01 4.597261340234135929e+01 5.816817903789139876e+01 4.631904108571434620e+01 2.742365418358753359e+01 3.948649111753476859e+01 2.478652648891897670e+01 3.013537273143913708e+01 4.274595281372146616e+01 6.071073747525178987e+01 5.827975284933395983e+01 4.405087696407397857e+01 5.164105116846204169e+01 5.339823040703028312e+01 3.633085744846468401e+01 3.875991798565901547e+01 4.125527706938339634e+01 4.381541998189545239e+01 4.749923861423661009e+01 6.755211396202264496e+01 7.918147968841351769e+01 8.587968520020321250e+01 9.422584129933059671e+01 1.042915771715945681e+02 1.024480655799022202e+02 8.091723583150654520e+01 7.000155446768718548e+01
2.599182575669619633e-01 2.025991825756660702e+01 3.559923958754597351e+01 3.558491569862494686e+01 3.616196397980477428e+01 3.634487472811708386e+01 1.424065136896958350e+01 3.634506534813554879e+01 3.864337688300499707e+01 1.955457415371834529e+01 3.864337688225924694e+01 5.424773489534046433e+01 4.464128484055881785e+01 3.075324430811764032e+01 1.866024718855105391e+01 1.992353332840102809e+01 2.119283352081299654e+01 3.688731747646105674e+01 4.357772640556689225e+01 4.569349042252309090e+01 4.731696148994632978e+01 3.029009858720017689e+01 3.200205747156546465e+01 3.373560373909344179e+01 5.345148906263506916e+01 5.866287282043953866e+01 6.122031569796388339e+01 6.382682140777325941e+01 4.922749245261846340e+01 6.929053226202283611e+01 8.087304316686223160e+01 8.668687523959953012e+01 9.507819603283657273e+01 1.053308442320928862e+02 1.108915230619329151e+02 1.002940121809989904e+02 8.527876734817800752e+01
3.519420047721200095e-01 2.035194200477176452e+01 5.839409499711807783e+00 1.616062776347654761e+01 3.415315487314077814e+01 2.601223554319396669e+01 7.438106066774105685e+00 2.756677143901518079e+01 2.964133462307282230e+01 1.519198581701627937e+01 3.437452227211712596e+01 4.300363259379023617e+01 3.481819974183217425e+01 1.689765242232097364e+01 3.076875542949412790e+01 3.948649134670846195e+01 3.952497119043504625e+01 2.315013814628932565e+01 2.453470975941209886e+01 2.621940006269982604e+01 2.789563945145081547e+01 4.155610048163177339e+01 5.160535765430990551e+01 4.760301814715114688e+01 4.501885315596504000e+01 5.650345278629225021e+01 7.653678507701609135e+01 7.761970235004211816e+01 6.079915673012018829e+01 5.540486633206020883e+01 6.076830740266940012e+01 6.656436068836504205e+01 7.660210635231794640e+01 9.087654350137276538e+01 1.115770437503831971e+02 1.114971839479622560e+02 9.179640485861833099e+01
2.695761837762450375e-01 1.239724219608518752e+00 2.211894079219352438e+00 2.203487473177301936e+01 2.457722482411216447e+01 6.010269737354684061e+00 2.095032882542969332e+01 8.886359961421193887e+00 9.914622128046362448e+00 1.094715464227656199e+01 3.066524184027501221e+01 3.325524554739532590e+01 1.515896983418421939e+01 3.481819973612253705e+01 4.471505020290839383e+01 5.866124297619788308e+01 5.212378782388498877e+01 4.422710631614199173e+01 3.094055606947841497e+01 2.811798444622883864e+01 4.739138818220400395e+01 5.530349587590139038e+01 6.855810489110437800e+01 6.756335354608101795e+01 6.497048987284757970e+01 7.327611877488989478e+01 8.484754663224934745e+01 8.919039426779086455e+01 8.087624105608850300e+01 6.960177725727909603e+01 6.960595767222028485e+01 8.668687523959953012e+01 8.077075244443699376e+01 1.009696591283456542e+02 1.175295541620366748e+02 9.716868252455077481e+01 8.182367350883434653e+01
4.879649418637075353e-01 2.048796481554779447e+01 2.221478359962873483e+01 3.602722899412001745e+00 4.590561197269193983e+00 2.458784950241278366e+01 3.115479431862839022e+01 2.286780854936905882e+01 2.964129329555012404e+01 2.185896987477685727e+01 1.245887962669590898e+01 1.356999870065117619e+01 3.325524573414976004e+01 1.923236087501933866e+01 3.306057743749135369e+01 5.274188246409828196e+01 6.096707508484758620e+01 4.126374917251661856e+01 5.043520437184579919e+01 4.763059205036859822e+01 3.172051907249883840e+01 5.133798700110340718e+01 6.352508595422294491e+01 7.478443692086102601e+01 8.309134622497379041e+01 8.306471740116539593e+01 9.135929418223678056e+01 8.951348600063299443e+01 9.770662845470985758e+01 8.974068910741240757e+01 8.386068832067797985e+01 9.828954753965332714e+01 1.009696591283456542e+02 1.093856396212362085e+02 1.117108657894587935e+02 1.114971839479622560e+02 9.718181925394706866e+01
9.938951651180888414e-01 2.094054890684427761e+01 3.202786041395552985e+01 1.775435228494753659e+01 2.459063806455714740e+01 1.353392716359211434e+01 3.353499202469948415e+01 4.252281902549053427e+01 3.771012346050351027e+01 1.816300838266545270e+01 3.216079708865402864e+01 2.471782292346413712e+01 4.088470432614617067e+01 2.218948094630925993e+01 4.174634332616255250e+01 5.459385362209523151e+01 6.921563321010980019e+01 5.514821581755611390e+01 6.096707511934850743e+01 5.960087060363258615e+01 4.550990496870258539e+01 3.550262333493991918e+01 5.524522142260041591e+01 5.476219186014324691e+01 6.722166022966044352e+01 6.302036566726068401e+01 7.684731442880170960e+01 6.948087248739111033e+01 8.365278185949402712e+01 1.036461836508276093e+02 1.044193151261340802e+02 1.075835127432336833e+02 1.156586320698242361e+02 1.056498521013541279e+02 9.145163665895508132e+01 1.056498521013541279e+02 1.177379543645338345e+02
