MOVIE_S3_data/elevation_000019.asc
nrows	100
cellsize	150.0
xllcorner	0
ncols	100
yllcorner	0
NODATA_value	-9999
[rows 51 to 67 of 100, columns 37 to 73 of 100]
4.944503265435659500e+01 5.483414586205946506e+01 4.661109440751980060e+01 3.333636914462204714e+01 4.744602001931222901e+01 6.725677916223156672e+01 8.071975227822143495e+01 7.979480690986818558e+01 6.003616579411118437e+01 6.003615798574224272e+01 5.111738635374602779e+01 3.118742237761104619e+01 4.465123869046102101e+01 2.519805429703080435e+01 4.451782409765053217e+01 5.072383738507976858e+01 6.862858430719853686e+01 7.719750669835734413e+01 6.922385381027564222e+01 7.740836185740828057e+01 6.287864738367447615e+01 3.667094071867211369e+01 3.593065423343774256e+01 5.569994859850783087e+01 5.647052765136227492e+01 7.579592157926893492e+01 7.104472520192477702e+01 5.690587632584981748e+01 4.518066455053336483e+01 6.546165117522467369e+01 7.644445550109875853e+01 8.512865006219898589e+01 9.339084909518619781e+01 9.866835192396212051e+01 8.201891212661024610e+01 8.047148891047312702e+01 9.460651317056502307e+01
5.359949022068141744e+01 6.325009458402740137e+01 6.146389606641196224e+01 4.487722155566128635e+01 4.277985594233210520e+01 5.267918936449382272e+01 7.248964329883075663e+01 8.136633236349803155e+01 6.379484993646025259e+01 4.405609546198085269e+01 3.835610595606367923e+01 5.111715807613011719e+01 4.752533780620349546e+01 2.584367238841572600e+01 3.502571233019305197e+01 5.213181755339403622e+01 6.258125471881263024e+01 5.837868038990549735e+01 4.789697237136428498e+01 6.718795270593211910e+01 7.130243344703654884e+01 5.532082702805392671e+01 3.528209862785477213e+01 4.179537604414365148e+01 5.588136968314702102e+01 7.610273416989072359e+01 8.518357419812811315e+01 7.372357197218735791e+01 5.944638305605162998e+01 4.812509941043494877e+01 6.819380583574972832e+01 6.521947315410230317e+01 8.512865006219898589e+01 9.044345880424872064e+01 7.055021531913121180e+01 8.461233946667442751e+01 1.045444645666967034e+02
3.445235088590484196e+01 5.443186986536940708e+01 7.290701340973147637e+01 6.468377776352451747e+01 5.420942833903045255e+01 7.080591618162941359e+01 8.071975234923017695e+01 7.313259406556282727e+01 5.332424748147337112e+01 6.379484993646049418e+01 4.973761816951554948e+01 5.854931458005048484e+01 4.052442166123793754e+01 2.650026325844580910e+01 4.662702220427672728e+01 4.867105073411187277e+01 4.537551053427712588e+01 3.473713669926450365e+01 4.251481808227654113e+01 5.961802223702110837e+01 6.849450141589024099e+01 4.859129103955221041e+01 3.463242991463997811e+01 5.371275167260893824e+01 5.321665337770659931e+01 6.459385889551928983e+01 8.500557517217411885e+01 8.424657768237204891e+01 7.518899056413061999e+01 5.534003197194833490e+01 5.114332318549407574e+01 7.105073606264117814e+01 7.653928057154602982e+01 7.905964544746797174e+01 6.562177186613304514e+01 7.965064331359408811e+01 9.959103806836124306e+01
3.951276049456658512e+01 5.035198483769517708e+01 5.774175294314621709e+01 6.597415500950492628e+01 7.402486268595457375e+01 8.225579918540420010e+01 8.717727421457611570e+01 6.731509706869121601e+01 6.731509706869121601e+01 7.774506529962411605e+01 6.951556561171609872e+01 6.472658046558656508e+01 5.047318766705078730e+01 3.129283529301249445e+01 2.745188974456360143e+01 2.813521241071804369e+01 2.882130391353508969e+01 2.950638175812514774e+01 4.858963721302370686e+01 5.733215542465308090e+01 6.083405072349760445e+01 5.286855278395441360e+01 3.397619197637980193e+01 5.377810266645833792e+01 7.253737720013677404e+01 8.070939499041277543e+01 9.385693677776013999e+01 8.800294098444126689e+01 6.793226902568616765e+01 7.530911940829027174e+01 6.110819959838777038e+01 5.420358751810751841e+01 5.667447962560469676e+01 5.918765519361603111e+01 6.480176638421220048e+01 8.241104287412120755e+01 9.028212114825649337e+01
3.895218086201256824e+01 2.998808001166803550e+01 3.852124178032406121e+01 4.974905747654989341e+01 6.309284677665735330e+01 8.267140160317988773e+01 9.541756772256971431e+01 8.717727421457611570e+01 8.717727421457611570e+01 8.414726098382219277e+01 7.405600634535427673e+01 5.751727099562604195e+01 3.791053121146108396e+01 5.051143645453921494e+01 3.237697995110131899e+01 3.677421904340310732e+01 4.888511787683856369e+01 4.959339856845374328e+01 3.046932283490157900e+01 4.909839935855593041e+01 5.192208662755516713e+01 3.303609178390833989e+01 3.715297043617860595e+01 4.706570299001610636e+01 5.920869803149099653e+01 7.342989240412650531e+01 9.328868498696240863e+01 9.631954096571119806e+01 8.210115338820874342e+01 8.099311023740378346e+01 8.099311023740378346e+01 6.822531045010883588e+01 6.054716404431684396e+01 7.905964544883308065e+01 6.309095450070513067e+01 6.635560184200608091e+01 7.021408629743272911e+01
1.956287076907330658e+01 3.222011150255784884e+01 5.240760095678163566e+01 6.597419348239321835e+01 7.540865777518189361e+01 8.360672277724529522e+01 8.218301797041655732e+01 8.218301800000357105e+01 9.038662510480722290e+01 7.580944494151449931e+01 5.560488264730482655e+01 4.564610538929829175e+01 5.751727099562604195e+01 5.710732068296940867e+01 3.725507001280006847e+01 5.268631765189661564e+01 4.503290142300639332e+01 5.453023207295365182e+01 3.393795654484260638e+01 3.143123484595829353e+01 3.210349042331475289e+01 5.198380626762634193e+01 3.695203239689269026e+01 5.682182530986058566e+01 6.919052556858687808e+01 8.383725088330299968e+01 8.383725088330301389e+01 9.211732920903253330e+01 1.022511166415112456e+02 1.009588220714642119e+02 9.640524719028272216e+01 8.728225883713221833e+01 6.747927408012093053e+01 6.905488253773565077e+01 8.778934967330815198e+01 7.824976620598791044e+01 7.916178436248046069e+01
3.610186895975949994e+01 4.843008055393207201e+01 6.055630556374807583e+01 7.221356255008822700e+01 5.569929995317613702e+01 7.221356254186851231e+01 6.244175067982204297e+01 6.244175067982457961e+01 8.218301799999569823e+01 8.414726099192938591e+01 7.405599823303225548e+01 5.453806236699797694e+01 6.477129874752152716e+01 4.523191207273106329e+01 5.710732075226065518e+01 5.642127069631933978e+01 5.699159478815705882e+01 3.892503839448045255e+01 5.642621506746408500e+01 5.185643393945183277e+01 3.394895775547728789e+01 5.805174186602732078e+01 5.682182530975121892e+01 4.094598561561493000e+01 6.092307330276248933e+01 6.382234296229875525e+01 6.382234296229875525e+01 8.383725088330301389e+01 9.508246888488018556e+01 1.066310678160558609e+02 9.957708319648433815e+01 7.995378071810829113e+01 8.728225883713221833e+01 7.553115041792852935e+01 9.545479548086947830e+01 9.251111209072774955e+01 9.079010856277294295e+01
2.676315458725056828e+01 4.033045454913089145e+01 6.425540479709961517e+01 6.315400062270449411e+01 4.435205507575984285e+01 6.019221013734242831e+01 4.855045371543435095e+01 5.732402856802379176e+01 6.868476210944201910e+01 8.845810898913755693e+01 8.308253718169376612e+01 6.620648683227193487e+01 7.058813667071366638e+01 5.129586781317537003e+01 7.058813667071366638e+01 7.520213443416200505e+01 6.810741365375926648e+01 6.002808407833722271e+01 4.488405081541847608e+01 6.492926329943516350e+01 4.926047772664647795e+01 6.676502699549294562e+01 6.641511488425443588e+01 4.646029133675986600e+01 4.591306706049734032e+01 4.958582541098761709e+01 5.783451454601848241e+01 6.680801553916583657e+01 7.834289319062405355e+01 9.835515903612781585e+01 1.076540234952252746e+02 9.375852650699829383e+01 1.036998431291692953e+02 8.440522285339493180e+01 1.036998431523856965e+02 1.125285090379752404e+02 1.108306765372724385e+02
3.636705986828166459e+01 5.083191230988435905e+01 5.900909195298321919e+01 4.694665026738307034e+01 3.622426145134936348e+01 4.051113238185097032e+01 4.931488714015162600e+01 6.899214929496369564e+01 8.524291477880102263e+01 9.666635023730870557e+01 9.472528970367251588e+01 8.640446215404897146e+01 7.732942906545945050e+01 5.826217480031520779e+01 7.732942906545945050e+01 8.358941406477953251e+01 6.476680705274884531e+01 5.447241599782806531e+01 5.103798144121379465e+01 7.115100611932858499e+01 7.031408373058357597e+01 7.884138479036462854e+01 7.241044298321213546e+01 5.252341100049491729e+01 6.598102991106074455e+01 6.382234296229875525e+01 5.699530741570129777e+01 6.472649994753267322e+01 7.414078289909721775e+01 8.742158289239640112e+01 1.113234984792796922e+02 1.126900489202890867e+02 1.126231284206939591e+02 9.855698657989738365e+01 1.126231284479358834e+02 1.160598969910345772e+02 1.079180740097465474e+02
2.920891993205109216e+01 4.776456941228828157e+01 4.615996373359279659e+01 3.090124709105154821e+01 4.507462391724816086e+01 6.019221013734242831e+01 6.019221013734242831e+01 6.536752202989607952e+01 8.511989112747022546e+01 7.929879425827809314e+01 8.774670422721220575e+01 9.316598353422669732e+01 8.531174343576924457e+01 6.929038423922756351e+01 8.531174343576810770e+01 8.358941406477953251e+01 8.201322997803487169e+01 6.376038810080101626e+01 7.115100611932858499e+01 6.024023140800422027e+01 7.379664747570026861e+01 9.245602521641824012e+01 7.901409340574434736e+01 5.921288749439525390e+01 7.901409340574434736e+01 8.383725088330299968e+01 6.465684726584466091e+01 8.483360569234285720e+01 9.382157260073378779e+01 1.042841824293751074e+02 1.191493960880603566e+02 1.122660770088039044e+02 1.206181755698292619e+02 1.184860957648380406e+02 1.160598969955102575e+02 1.061971072609221380e+02 8.816371499271626533e+01
3.550536413583059669e+01 4.170187158396333871e+01 2.591673296667286408e+01 4.615996373359279659e+01 5.900956530016694757e+01 7.294450668308576269e+01 7.991658048240741152e+01 8.511989112895217602e+01 7.602048782289936923e+01 5.902345961807873920e+01 7.602048761160435220e+01 7.270256778990867019e+01 8.713898754542063330e+01 8.831096852025406463e+01 9.636484627855415397e+01 1.024365569729797443e+02 9.045471842027947673e+01 7.472117610296106704e+01 7.926185268323609989e+01 7.379664747570026861e+01 7.379664747570026861e+01 9.245602521642067018e+01 8.722275406528680719e+01 6.914300278236429165e+01 8.722275406528680719e+01 9.316010937974594697e+01 7.631275398483889205e+01 9.316010937974594697e+01 1.016043420164645283e+02 1.102198959619679073e+02 1.101462908425548335e+02 9.279610390422743649e+01 1.101462908425477849e+02 1.194723322447665907e+02 1.079180740097478974e+02 8.816371499271626533e+01 7.817173703366404425e+01
2.064031925616959029e+01 2.141269181318061499e+01 4.176241293334030047e+01 4.252843399698961946e+01 5.653685515727241295e+01 7.625365220940526001e+01 7.115935236608788728e+01 6.627435009224727480e+01 6.759282434092723690e+01 4.769124484715933221e+01 6.438357465603085927e+01 5.845510624364014518e+01 7.515363379269015809e+01 8.159637041581815708e+01 9.006126323245172216e+01 9.923266274658372765e+01 1.013092569885264993e+02 9.337740226891263262e+01 9.802861323495356771e+01 9.245602521642067018e+01 9.245602521642067018e+01 1.003768397449978949e+02 9.711089838245896999e+01 8.888518402912426097e+01 9.711089838245896999e+01 1.047830653052969438e+02 9.647330558667309219e+01 9.845570510673388753e+01 8.140363112992831418e+01 9.845570510673388753e+01 1.017228669518325290e+02 8.186341666850340459e+01 9.071063402401378539e+01 1.110118497924482170e+02 1.160598969931435960e+02 1.061971072609221380e+02 8.992934493213954283e+01
1.737375335675978150e+01 2.131672549537720940e+01 4.078472135668337728e+01 4.996102604972070793e+01 6.153203400299791781e+01 6.757983215381338482e+01 4.937016607932660861e+01 4.656800694671504459e+01 5.495927827116818065e+01 4.060688971518816004e+01 4.461965768815226596e+01 4.953767340974493294e+01 5.495301902183931730e+01 6.122264890681450566e+01 7.023027739414804671e+01 8.476194527162893166e+01 1.053489418873490422e+02 1.068396814429222559e+02 9.864817734680789840e+01 1.024314892616789336e+02 9.422305133614074180e+01 1.024338039692152051e+02 1.025425238994063193e+02 1.003974661470890481e+02 9.219848885346451084e+01 1.003974661470890481e+02 1.025023755199428450e+02 8.985672079726212758e+01 7.033317612244914585e+01 8.218893249531268452e+01 8.673532229232981194e+01 7.447893808459917864e+01 8.849873363167382934e+01 1.087697488543006159e+02 1.093676560227030734e+02 1.011475191848272317e+02 9.810687973782847848e+01
2.226914505980889203e+01 1.791286686031440212e+01 1.921304299870137910e+01 3.124455829392416817e+01 5.290196412816249705e+01 5.507960621188233574e+01 3.596266944028555201e+01 3.337984480333479809e+01 3.588963440784932857e+01 3.979051881366459753e+01 5.919331566480251183e+01 6.955099118230599231e+01 7.515363379284644907e+01 8.159637041581815708e+01 9.006126323245172216e+01 9.923266274658372765e+01 1.126261074994185378e+02 9.285832910369282445e+01 7.896174117199613818e+01 8.619777426118122321e+01 7.456844776470755676e+01 9.257735770779682127e+01 8.285654567354471567e+01 9.057186170134379211e+01 7.260646001571623742e+01 9.057186170134379211e+01 9.359875920375094438e+01 7.248949173846510519e+01 6.292812719214125394e+01 6.206308815932999323e+01 6.669456939074679269e+01 8.081156669353281075e+01 1.010365333991287571e+02 1.019924668270642911e+02 1.011475191848272317e+02 8.149537554353777580e+01 8.725135515122009622e+01
3.908704427967914796e+01 3.753957629367947391e+01 1.844312934696176498e+01 3.875219242194282998e+01 4.324710447948765335e+01 4.547672831530054793e+01 2.976528425342321782e+01 4.310013763091601646e+01 5.495927827130103083e+01 5.919331566480251183e+01 4.597515426189842458e+01 6.580239636625461230e+01 8.080900036320595348e+01 8.080900036320595348e+01 1.013090535429099788e+02 1.028826129613180314e+02 9.457783023840455883e+01 9.458038127433012221e+01 8.619777426118122321e+01 6.673705882831185932e+01 6.497699447671422490e+01 8.336954582795301860e+01 6.919904945043603561e+01 7.276335130169375986e+01 6.312422816879725929e+01 8.240247443459033150e+01 8.937782086291834105e+01 6.991487239678097865e+01 5.578267534076315570e+01 7.606196596219511719e+01 8.673532229232981194e+01 9.515584183596577361e+01 9.595421265264334920e+01 8.158898985953624106e+01 9.595421265264334920e+01 8.725135515122009622e+01 6.767577794598757635e+01
4.085802453737513673e+01 1.897516490498046338e+01 3.080762655308212317e+01 2.153621453128311103e+01 2.381494593445610164e+01 2.620403933459945378e+01 4.547672831530054793e+01 5.704399235927148482e+01 7.098784708762681817e+01 7.422262164918153360e+01 5.725197900559253839e+01 5.387875597987024889e+01 6.046747349803233362e+01 7.479333563487182346e+01 9.533209973703964124e+01 9.457783023840455883e+01 7.463954300466741643e+01 7.463956314465902153e+01 8.876020426291844956e+01 7.646764836261183973e+01 5.747119905208433011e+01 6.410922725208070005e+01 6.568985583946680151e+01 5.404875447569462210e+01 7.276335130169375986e+01 8.933761817337341427e+01 8.791478348677718202e+01 7.270203425435262545e+01 5.237339371213905537e+01 6.675980325789085157e+01 8.704784891676436587e+01 9.130873363428814571e+01 8.677508754039270400e+01 6.692724662733449748e+01 8.677508754039270400e+01 9.540299488133162242e+01 7.746274551552143350e+01
3.321358091129989276e+01 1.935023226377447969e+01 3.940196353326878409e+01 4.106450283988060335e+01 3.757388821570340554e+01 3.979079694059912953e+01 3.836424676430497271e+01 5.188960058735502656e+01 7.177933699885548435e+01 8.593063319468132022e+01 7.748248369387830792e+01 6.804005945933673161e+01 8.080900036320595348e+01 8.080900036320595348e+01 1.013090535429099788e+02 9.457783023840455883e+01 7.463954300466741643e+01 6.061275522527920856e+01 7.200630592011421527e+01 8.025532517748320060e+01 6.975082531494204829e+01 5.123735560413455659e+01 4.736103966847788627e+01 6.141630579297872572e+01 6.909907490960442544e+01 7.056470036147314318e+01 7.351477175907689343e+01 5.911476046361514847e+01 4.911575050261553343e+01 6.950485334437240681e+01 8.541040758427442370e+01 7.132042387711467768e+01 7.833406930490673403e+01 5.752915784375514363e+01 7.644790779148939919e+01 8.451306732762934359e+01 8.176365959939732875e+01
