MOVIE_S3_data/elevation_000501.asc
nrows	100
cellsize	150.0
xllcorner	0
ncols	100
yllcorner	0
NODATA_value	-9999
[rows 51 to 67 of 100, columns 0 to 36 of 100]
8.885398060199247716e-01 1.598936163559613544e+00 1.891525172720951176e+01 2.390531014041522084e+01 9.179696661823495418e+00 2.897803304466462038e+01 3.746899193459024247e+01 2.948236651110042317e+01 2.093716106165001989e+01 4.023745618943262059e+01 4.354882076720897999e+01 3.528665212809919183e+01 1.706698889671656971e+01 1.833958987161103948e+01 3.830712002521607928e+01 4.160559093556029353e+01 2.382736255640780598e+01 2.535957462164189025e+01 2.703475584840262869e+01 2.873999760500698386e+01 4.870266042673554097e+01 3.898603634775442828e+01 5.587548144695681174e+01 4.012627706946449990e+01 4.319236255799295066e+01 4.687089478419130728e+01 5.117935998119924079e+01 5.598824518359282365e+01 7.608362310139722240e+01 9.330910659850798083e+01 1.048232111145044172e+02 1.011470250276393159e+02 1.095406857229308883e+02 9.474495745205064168e+01 7.467584628445784745e+01 8.055395285305910136e+01 6.503778664690494793e+01
1.344321116831868057e-01 2.013443211168283042e+01 1.418800833940529849e+01 3.341820159258536904e+01 2.903914987596879627e+01 1.520492690666592139e+01 3.501094877139996697e+01 4.849866587270543050e+01 4.043180059990506692e+01 4.042670348805312841e+01 4.458624173830642690e+01 2.461231299927799299e+01 3.703369156986440203e+01 2.539801680881993207e+01 4.526918082787027942e+01 4.377758502273800190e+01 4.378996313131491291e+01 2.926917469407166905e+01 4.699605900199110664e+01 3.395328045811632478e+01 5.472088656766266013e+01 5.886875063343225634e+01 4.831166680598380481e+01 6.257428181431483694e+01 6.313083882533216240e+01 5.206251106816830543e+01 6.272401411696948514e+01 7.608362310139717977e+01 7.240881516643761984e+01 9.243464331469824913e+01 9.789038015724099751e+01 8.100338173948378540e+01 9.789038015724099751e+01 1.032293651064559299e+02 9.474495745205064168e+01 9.327943578140749992e+01 8.484485747249853205e+01
8.052006432555327553e-01 2.079034323376982840e+01 3.377006686865921381e+01 3.376347633722004815e+01 4.325815597703598314e+01 2.664856332104576353e+01 2.223938080562866659e+01 4.199594725291026975e+01 5.837650398564776566e+01 5.992421696924559882e+01 5.035857344519370571e+01 3.037169208873654824e+01 5.034192099808142018e+01 3.430316627586098122e+01 5.338646561554377001e+01 6.366335581370181984e+01 5.323433618592000016e+01 3.325009968635708901e+01 5.323433619476495693e+01 5.675373963423547252e+01 6.584389532979611204e+01 7.492881323664384752e+01 5.526029915514598656e+01 7.492881323664384752e+01 7.877598657413128080e+01 5.870393909230633511e+01 7.877598657413128080e+01 8.280154717135634712e+01 9.243464331469824913e+01 9.663178187858984813e+01 8.951708715276292594e+01 6.943619717011728198e+01 8.903988879550742297e+01 9.741106989486350187e+01 1.003992180523471234e+02 9.202371277928884297e+01 1.003992180523471234e+02
2.804825088837598068e-01 1.442262579770294373e+01 3.442396421787460525e+01 5.314539516677628939e+01 5.472265859875812311e+01 4.643417527410343837e+01 3.617660326423137462e+01 3.029122036061220058e+01 4.421618582157388033e+01 6.420582070102662442e+01 5.702736978672957946e+01 3.702252963294991162e+01 5.701695414496057168e+01 4.824409641077859590e+01 5.397227932322803667e+01 6.736275221618660680e+01 4.737748040199458188e+01 4.737721964127756280e+01 4.030163666592995497e+01 6.030746443368599330e+01 7.709079581354525601e+01 8.311282476979449996e+01 6.658210168446588284e+01 8.311282476979449996e+01 8.703455279660553856e+01 6.875334899094544028e+01 8.703455279660553856e+01 1.027515009224976410e+02 9.663178187858984813e+01 7.650705605327543424e+01 8.020001205011277534e+01 6.186950408589288486e+01 6.895220195983151257e+01 8.903988879550742297e+01 9.033316447304292751e+01 7.192811906949471279e+01 9.033316447304292751e+01
7.810880442414250835e-01 2.078108804424106992e+01 3.305812897695823693e+01 3.908835586851340338e+01 4.615942368037875809e+01 5.444369492784036169e+01 5.604508643449317162e+01 4.010524486357614649e+01 4.421618582157388033e+01 6.420582070102662442e+01 6.529380908089351010e+01 4.702002783802582542e+01 6.529380908089351010e+01 6.785258262045854849e+01 7.359589162152823860e+01 7.564403561061588732e+01 6.738258911849872845e+01 6.736166046085173775e+01 5.185669369369490767e+01 4.883401737288443911e+01 6.883659010425118652e+01 8.860907175512645040e+01 8.633081929122793952e+01 9.451733671452039687e+01 9.703287515697724075e+01 8.879862415731717817e+01 9.703287515697724075e+01 1.006362023562520704e+02 9.442216808999540945e+01 7.430900213220692763e+01 6.013616492597353158e+01 5.477928862653799058e+01 7.483574921564918725e+01 8.028575233607814710e+01 7.194542553371996974e+01 6.191493514304820422e+01 8.197591592439181341e+01
7.232205343510359485e-01 2.072322053435068057e+01 1.305812897695895103e+01 1.908835586851411747e+01 2.615942368037946864e+01 3.770642906417157292e+01 5.770642906417086238e+01 5.153458520801877540e+01 6.420582070102662442e+01 7.253682214972170073e+01 7.528807190687516027e+01 6.703471173543341877e+01 7.528807190687516027e+01 7.272181851016698317e+01 8.102688626047566345e+01 8.396934420778912056e+01 7.566232575675604721e+01 8.010226120016272944e+01 7.185143194607198325e+01 6.298921529356116622e+01 6.039517298167717030e+01 7.453137995263449511e+01 9.445809730251967551e+01 8.756453001447111717e+01 8.756453001443250628e+01 9.625252391463544654e+01 9.475680194009201784e+01 8.048832216300095865e+01 8.653356008102997521e+01 7.817993342740386709e+01 6.947543465023585441e+01 4.938813464913494755e+01 6.947543464537518787e+01 6.793281704363653262e+01 5.188214459776609289e+01 7.194542553371996974e+01 8.259191098268216535e+01
9.494692443194679976e-01 5.213483571431659414e+00 2.521348357143201468e+01 3.908835586851340338e+01 4.615942368037875809e+01 5.444369492784036169e+01 6.599070031163147121e+01 7.165100302933886667e+01 7.998368292696001447e+01 7.794718024924132749e+01 7.315831583727990051e+01 8.146445384647483934e+01 6.946615534293816552e+01 5.270899445889147472e+01 6.946615534293816552e+01 6.560080783081653522e+01 5.564687714798827045e+01 7.240674544890634934e+01 8.366332738725748186e+01 8.295340167649783325e+01 8.036778033762821849e+01 8.860907175512645040e+01 8.133440000708334594e+01 6.641627607472541683e+01 6.641627607472541683e+01 8.756453001443189521e+01 8.638949964507011714e+01 6.630291476825074426e+01 7.368562792010824580e+01 5.809560423856134292e+01 6.537512284443734245e+01 4.522585716977424397e+01 6.402797224921347663e+01 4.783115844059483379e+01 6.793281865134700581e+01 5.649567804328656706e+01 6.253649706025788646e+01
2.836664262828419991e-01 2.028366642628248684e+01 1.590393324792854202e+01 2.590393324792836438e+01 4.004606887165881801e+01 6.004606887165810747e+01 5.823713311356106459e+01 6.653566091279427042e+01 7.794718024924132749e+01 5.791998853133238612e+01 5.313014616564255732e+01 6.989702117429798989e+01 6.116740915691845260e+01 4.115813907214570122e+01 5.047200441168352114e+01 4.558974941200064990e+01 4.409622213849170436e+01 5.534048454275912832e+01 7.535652969046633132e+01 7.860031289166936119e+01 8.680509802933434571e+01 7.753295668705688115e+01 6.882665639655513701e+01 5.176628057863943155e+01 7.261045624340474092e+01 7.306791030942906673e+01 8.144084115393806655e+01 7.368562792010824580e+01 5.359987488908132036e+01 4.642338004065193502e+01 5.835351272030074199e+01 4.117581524000444659e+01 4.385387304100618167e+01 5.554205973752616643e+01 7.561994431445802434e+01 7.654497616486847278e+01 6.216286820461661478e+01
1.404418693552202946e-01 2.014044186935486636e+01 3.590393324792783147e+01 4.418820449538943507e+01 5.418820449538925743e+01 5.494546791371770667e+01 3.814560204467871074e+01 5.494546791371770667e+01 6.374307331963549927e+01 6.159504668598459176e+01 4.158988611113516498e+01 6.159504668598459176e+01 6.399370053327888996e+01 5.047200441168352114e+01 3.046071009949573138e+01 3.143987698161662081e+01 3.900462055812655393e+01 5.901349726366840542e+01 7.523783443459446119e+01 5.847120450195001240e+01 7.523783443385833891e+01 6.549044667621680560e+01 4.803495194395011936e+01 4.493114123290731499e+01 6.566239768837058932e+01 5.312036951048227706e+01 6.987905682455965461e+01 7.308326645342548034e+01 6.385614098213191880e+01 5.550483720489833672e+01 3.800921486496638835e+01 5.835360406733322236e+01 6.402797224918738550e+01 7.236331622964168275e+01 8.396826663279072989e+01 9.057273002325295863e+01 7.632540658409050138e+01
6.646099058385387393e-01 8.829575717197389650e+00 1.882957635122538065e+01 3.297195265637142114e+01 5.298711793080451571e+01 4.663728223307610676e+01 2.649903976840459308e+01 3.533703262926443500e+01 5.543861661347411030e+01 5.526885944859184718e+01 3.537580683691379591e+01 5.526885944859184718e+01 5.569694394335743937e+01 3.568644590836299102e+01 2.413009014612869763e+01 4.414387751623495149e+01 5.901349726366840542e+01 6.731112644677084234e+01 6.697876674431770994e+01 4.673531781149812048e+01 6.697876674431756783e+01 5.682256023393150457e+01 3.614199056931462195e+01 5.682256023393214406e+01 6.147807791400871480e+01 4.144157337899602567e+01 6.147807791400871480e+01 5.288967320539318706e+01 5.288967320547424578e+01 3.507965203512297592e+01 4.013895716753661702e+01 4.546807526276653277e+01 6.563092469007375485e+01 8.017442053625271114e+01 8.776400898860997302e+01 9.613449436282910199e+01 9.644058871170824432e+01
6.164072599657668405e-01 2.061640725996540979e+01 3.711969441802835945e+01 4.713485820318602038e+01 5.588314822478902499e+01 3.902574183246878903e+01 1.913944859576829671e+01 3.306920817251024403e+01 5.315262934571175890e+01 4.975151935498352174e+01 2.998269965899254785e+01 4.975151935498352174e+01 5.945117926978232248e+01 4.048987656112312550e+01 2.047891788683922698e+01 4.048987658166186066e+01 5.945260837900417528e+01 6.872553659562862549e+01 5.982162673681747123e+01 3.948396455629139012e+01 5.972862155072262880e+01 5.163825174313840449e+01 3.128144168675601478e+01 5.188939263371897681e+01 4.573729222263646932e+01 3.365823143221192737e+01 4.862809228581043186e+01 5.036065730928353190e+01 3.242055448009929819e+01 5.288967320547424578e+01 6.042490790775410403e+01 6.563092469007420959e+01 5.374767555136191532e+01 6.010892558266603203e+01 6.768384539035658065e+01 8.186140315589217664e+01 1.020141600433002225e+02
7.616414269703414286e-01 1.490468534579344606e+01 3.493651114308441663e+01 3.737162621427214049e+01 3.776939365367910995e+01 2.768231630702502244e+01 1.412750075370164815e+01 3.359549729458717593e+01 5.128986370579785614e+01 4.480931443098347700e+01 2.503549023297852827e+01 4.480930951049746369e+01 4.592598714981192387e+01 3.114517091877317156e+01 1.700164073060124181e+01 3.114517109961822783e+01 4.779571395932181588e+01 4.779571396235304093e+01 5.367354282574800806e+01 3.328777844822109699e+01 4.565998997558166650e+01 4.638400926795942780e+01 2.683136430801238959e+01 4.412550056352279881e+01 2.530441720429041297e+01 2.642214645782265947e+01 2.814340206822890167e+01 2.988673126623438492e+01 5.036065730928353190e+01 4.696380237112659728e+01 6.126557753101293002e+01 8.124875623786624601e+01 7.382915389306033660e+01 8.017442053625704546e+01 8.776400898860997302e+01 9.613449436282910199e+01 1.020500544021295610e+02
8.582653206718614536e-01 2.085826530782084021e+01 2.530312237910045070e+01 1.709877395787892951e+01 1.786017217074781982e+01 2.450824693685647304e+01 9.621608304160174541e+00 2.318169610550644322e+01 3.842577136155163942e+01 4.014802483720923476e+01 1.993693169886309846e+01 3.398671805472498164e+01 2.582493505742510465e+01 3.029153276013434137e+01 1.374802236301489522e+01 3.376120727327956672e+01 2.638914810242777875e+01 3.731530925968662160e+01 3.833855496804117280e+01 3.936696897266217832e+01 2.528096197457352545e+01 4.057518433141240877e+01 2.262934811152985759e+01 2.373038758507074419e+01 4.403235848562825083e+01 4.683958881059474066e+01 2.857297843170476881e+01 4.902058300528901924e+01 5.872197475436083636e+01 6.711824821451058654e+01 6.854128406103930615e+01 7.633712726975497276e+01 8.478716828438780340e+01 8.460967619102041226e+01 9.289239200201814128e+01 9.881890516868716645e+01 9.071231624428524754e+01
9.616989121453964895e-01 2.094385343766302299e+01 2.166304040792766727e+00 2.947768703233724086e+00 3.731630495492951560e+00 4.517911596956979636e+00 5.307248523654009453e+00 2.530081786862682591e+01 2.047471213872227480e+01 3.482167737890165427e+01 3.398364399093703980e+01 1.148519020843609617e+01 1.161907707273001478e+01 1.248577997066169054e+01 3.251870730364990436e+01 1.505215721387741823e+01 1.605327970405979698e+01 1.705689076638372725e+01 1.806325649526275612e+01 1.907358803381751144e+01 2.008856431090047678e+01 2.112787222542180388e+01 2.786521099790373768e+01 4.406264907920592577e+01 4.408586754579319233e+01 5.729730835582828519e+01 4.902058300528901924e+01 3.076662650307383728e+01 5.122689786808174972e+01 5.526265685087523138e+01 4.857119646262174228e+01 5.700389026557718353e+01 7.046909588385082657e+01 6.461187574079744422e+01 8.460967619102041226e+01 8.746192582646442304e+01 7.100010076090997302e+01
2.866789980725219511e-01 1.062829523778855645e+00 9.806721999108543031e+00 2.250547853664595266e+01 2.372288063994558271e+01 1.393531940091417631e+01 1.788380658008153290e+01 6.445006899230735442e+00 7.254116659889305652e+00 2.724727238527724538e+01 2.921891598504008769e+01 1.042634540471963156e+01 3.041740593744774301e+01 2.623513894259796331e+01 4.008398899263832504e+01 2.564815254933867195e+01 1.831180624049312300e+01 3.682229208762640127e+01 3.833841678398599129e+01 3.936752784507655889e+01 4.040282227739802323e+01 3.280633912335054703e+01 4.811603514583480035e+01 3.881210559219833556e+01 5.896330931695358402e+01 7.236382544491291924e+01 5.956024772538685852e+01 5.122683323051958126e+01 3.301097088978785621e+01 3.484574220006530254e+01 3.671586379646601017e+01 5.708486079297530580e+01 5.038987689511633050e+01 7.046909588385237555e+01 8.164195177257033720e+01 7.348239374854568950e+01 5.947284486733749986e+01
7.776801193288799263e-01 1.951060330497332629e+01 1.905847337543383091e+01 2.169375739005966608e+01 3.768814129758332854e+01 3.388588570246996312e+01 1.865746766746378782e+01 2.643837500137605190e+01 2.697348737103711969e+01 8.404008829490809518e+00 9.225960590299685293e+00 2.921891695756596263e+01 3.870971821079696440e+01 4.468859008881929640e+01 5.084674482230686010e+01 4.359346652644278208e+01 3.754790278333911147e+01 2.160356368295354912e+01 4.070935898756109594e+01 4.758664841056839379e+01 5.130530253543583541e+01 5.258314498683633786e+01 6.062494530955842720e+01 5.884873245119949559e+01 5.318521244698515460e+01 7.291286914524187068e+01 7.214603711500470240e+01 5.672033312086637835e+01 3.634660222345438285e+01 5.526265685087523138e+01 5.708486160139857901e+01 3.945661478033051850e+01 5.973624275364786484e+01 6.446108919475854293e+01 6.806462881530329412e+01 5.355649745623493629e+01 7.348239374474113106e+01
5.059075238208947667e-01 2.050590752382053950e+01 3.699838580565505453e+01 3.799182008285280432e+01 4.582696290892334900e+01 3.812733739414868950e+01 3.232525249922054655e+01 3.703912331160768900e+01 1.694684010961704956e+01 2.839688224609799860e+01 1.803950734709475157e+01 1.447188005602684235e+01 3.445009844312041736e+01 4.828021264819821567e+01 5.983149830969357907e+01 5.428656437419321179e+01 3.508552758569238961e+01 4.070938060190148633e+01 2.502943819084704558e+01 2.866185289700791117e+01 3.232238878315534691e+01 3.613691193923086331e+01 5.529827900785526396e+01 6.949548657405613028e+01 7.291286914524187068e+01 8.074799626506104744e+01 6.385716606907208615e+01 4.367119723707610035e+01 5.672034629334599032e+01 4.290875409216462089e+01 6.310785124625835607e+01 5.973630693422490623e+01 4.230764135091385469e+01 4.432948083430460429e+01 4.806195449669252895e+01 6.806462765419364302e+01 5.451297267648127587e+01
