MOVIE_S3_data/elevation_000221.asc
nrows	100
cellsize	150.0
xllcorner	0
ncols	100
yllcorner	0
NODATA_value	-9999
[rows 68 to 84 of 100, columns 0 to 36 of 100]
2.958550950857541384e-02 2.002958550950821959e+01 2.276488438389528923e+01 2.359611989460557879e+01 1.388192012073223225e+01 3.262802427680137640e+01 3.502239935673276250e+01 2.088928773652673243e+01 9.170304150592562209e+00 1.008312063795670177e+01 1.102067520311138082e+01 1.525785734715421782e+01 3.522656061035653607e+01 4.981396445643026283e+01 4.322291488525532088e+01 2.948494927150165879e+01 4.935492141651259601e+01 5.572144552353697122e+01 4.753879778661490008e+01 3.236788126476940164e+01 5.249619651647234519e+01 5.852561052449026135e+01 4.089291690661107737e+01 3.762735245205907830e+01 5.054408035383156061e+01 6.075044730240647084e+01 5.370114616443804323e+01 7.400609443143906674e+01 7.374459114312323038e+01 5.654389562837398131e+01 5.091349982141323238e+01 5.551037862577783244e+01 6.064291815672820718e+01 6.695697194536950292e+01 7.381813778988055219e+01 8.395182696642424958e+01 1.041698744660659912e+02
9.835479489548564214e-01 1.512557515052085222e+01 3.511431717732310176e+01 4.063099631522779021e+01 3.263861071331367469e+01 2.898561692800619483e+01 4.602551386856786308e+01 3.646141034175472129e+01 2.914249540187470444e+01 3.002993644766478099e+01 1.323648596491393192e+01 3.428294980230466393e+01 2.155689464713933745e+01 4.154840460478531838e+01 5.390810623001099344e+01 3.406123375670754427e+01 5.390810623001099344e+01 6.892856169389170873e+01 4.976078477043255077e+01 3.565793975251879999e+01 5.585488692941368072e+01 6.761053166359792499e+01 5.342316783837720351e+01 5.904089009786606823e+01 4.330270252708641010e+01 6.274526314702444552e+01 7.400609342012454306e+01 7.000124817592976001e+01 8.454658308136960443e+01 7.569085748311215411e+01 5.886022431048119330e+01 7.022920205229436874e+01 8.117562200675423867e+01 7.745421563433019685e+01 9.406085071624511329e+01 1.024354703884662001e+02 1.125445106514778928e+02
5.722010782348829760e-02 2.005722010782313447e+01 3.248253904536819903e+01 4.077485594294594051e+01 4.979287100793238352e+01 4.761710444943712872e+01 5.569846683370904117e+01 4.535736890330781534e+01 3.110077877053501538e+01 2.003048703575548473e+01 3.429242197162550099e+01 4.268580612732488788e+01 2.640119939194730136e+01 4.639840951097519905e+01 5.886799195400856632e+01 3.902844905801823217e+01 5.886799195400856632e+01 7.010694629881524520e+01 5.069681493815439666e+01 3.914827557563823035e+01 5.272098020970592813e+01 7.178864884954222703e+01 7.352506415701613207e+01 6.693969563769307740e+01 4.739846748655070741e+01 6.702707666541788001e+01 8.483491618067007778e+01 8.928380301893547255e+01 9.738638903199503716e+01 8.760457511055477653e+01 6.919087524768336550e+01 8.760457511055477653e+01 9.897950247904311993e+01 9.773398148958236220e+01 1.061070637961435352e+02 1.095753636092966161e+02 1.012615421421381967e+02
9.757004629446797139e-02 6.127858813926601478e+00 1.245308614487134946e+01 2.140701461893002389e+01 3.560955775437953008e+01 5.569426226406763902e+01 7.338117666771520931e+01 5.939568326137899845e+01 4.071410979262478236e+01 2.650766748594269018e+01 4.663186122824868818e+01 5.156025590415288207e+01 3.156851078769511787e+01 5.156025590415288207e+01 6.437890452983648970e+01 4.450902666308944333e+01 6.437890452983648970e+01 7.753878760898307121e+01 6.288447419348535306e+01 4.300514980534394738e+01 6.246885994513643681e+01 7.685457581793940562e+01 8.929398243763142773e+01 7.368852208441431628e+01 5.370418582742505720e+01 5.643062684784504057e+01 6.637704401441926905e+01 8.066334069191427147e+01 1.008540436157329623e+02 9.767536197083362026e+01 8.933653999595009054e+01 9.767536197083362026e+01 1.042086882703567170e+02 9.588449939792617727e+01 1.042086882703567170e+02 9.796985533572743066e+01 8.114779013340360336e+01
4.225409065741109194e-01 2.042254090657375443e+01 3.248253904536811376e+01 4.077485594294594051e+01 4.966490466227500633e+01 5.483569206406704666e+01 6.318618796419053041e+01 6.892518218328807222e+01 5.290082558675931068e+01 3.307660793335988103e+01 5.290083243294310478e+01 5.732744320800329518e+01 3.734932035393300254e+01 5.732744320800329518e+01 7.068771638634031262e+01 5.073750159031318674e+01 7.068771638634031262e+01 7.554612440071838364e+01 5.567305219665193761e+01 6.297728994675187408e+01 4.968726465881391618e+01 6.129782351907405769e+01 8.119070957780945719e+01 8.132026014497137112e+01 6.112857916555091009e+01 7.647705233789857004e+01 7.647705233789857004e+01 9.492986283867981001e+01 1.023495147320020777e+02 1.071970957732036993e+02 1.041708287762015743e+02 9.584633891595321131e+01 9.415192377783390043e+01 7.576386279252096756e+01 9.062486445071758112e+01 8.229987344561121176e+01 6.952282796003906640e+01
8.169748314230130815e-01 2.081697483142265881e+01 3.910886694517775908e+01 5.187824475464363871e+01 4.280449618965828051e+01 3.477392365268278951e+01 4.633704782947414458e+01 6.645844828271454219e+01 6.117807089483430616e+01 4.192709976865136667e+01 6.117807089483430616e+01 6.398016496441017154e+01 4.402199969518954248e+01 6.398016496441017154e+01 7.901026830338926743e+01 5.959139726485201294e+01 7.901026830338926743e+01 8.366000209932366261e+01 6.978096272828801716e+01 7.786459841917704239e+01 5.974519476024540410e+01 5.974519476024541120e+01 7.966589815343465375e+01 8.967734151952024035e+01 7.277895209518086972e+01 8.967734151952024035e+01 9.666761679870074886e+01 9.645470051156229374e+01 8.224346985371811058e+01 8.714888809431961647e+01 9.584633891595321131e+01 7.571975202808827987e+01 8.161469284540372371e+01 6.567752580962809361e+01 7.592460569974846862e+01 6.213939469842836871e+01 7.640727574204737493e+01
7.482281904641915338e-01 1.228377864494270533e+01 3.209424622611223299e+01 4.413138561364087309e+01 2.408339837384280813e+01 4.413138561364087309e+01 6.318618796419053041e+01 7.481037517807484960e+01 7.008116945650729690e+01 5.591751074252707099e+01 7.008116945650729690e+01 7.222908821314146621e+01 5.401818949099043010e+01 7.222908821314146621e+01 8.799101642665534939e+01 7.376701012533655444e+01 8.799101642665534939e+01 8.907890557787646912e+01 8.946445589957339450e+01 8.777442934145359743e+01 7.390423762756253723e+01 7.390423762756253723e+01 7.390423762756253723e+01 9.357577713678458053e+01 9.298790392253364701e+01 1.013355057172830840e+02 9.818142962255569728e+01 7.805857860965915052e+01 6.798476316359189298e+01 7.291668491146188558e+01 7.660587201159195558e+01 7.812816167690471048e+01 6.143078341272401843e+01 5.739152833633871609e+01 5.570220485989934645e+01 7.592460569974846862e+01 8.320965118477181477e+01
6.697973685351282791e-01 2.066979736853477334e+01 2.737448599270314276e+01 3.075768716433713834e+01 1.831056199539134255e+01 3.833572217434395668e+01 5.496167930992302075e+01 6.326082596425720794e+01 7.482985648500751097e+01 7.592909698306971222e+01 7.943496255241066706e+01 8.218895944655430696e+01 7.394214043783000534e+01 8.218895944655430696e+01 9.016753083819605763e+01 9.390341693321083483e+01 8.322788760028744548e+01 6.910900377458759181e+01 7.909395467623201625e+01 8.736321293004996846e+01 9.357577713678456632e+01 9.357577713678458053e+01 9.357577713678458053e+01 1.016446210554823892e+02 1.062568987806258889e+02 9.792512145339772189e+01 9.229649229286003731e+01 7.216104166217988336e+01 5.784520264977857806e+01 6.852990180172255918e+01 5.638822539281610347e+01 5.790198672492108045e+01 6.625611770994677840e+01 4.966625266669475991e+01 5.394004897746685145e+01 5.839984309618682801e+01 6.306419178894786626e+01
9.239707316362346656e-01 4.126533800969499843e+00 7.370962101836304292e+00 1.075157786223495293e+01 3.075768716433710637e+01 4.339841518924224317e+01 3.493351835156585850e+01 4.649163489048432041e+01 6.653197515805889850e+01 6.991890368126058775e+01 6.040284481011059370e+01 7.386499113668283201e+01 8.486685379621725644e+01 8.431638659191327179e+01 7.019785523663161086e+01 8.070664226368215566e+01 7.243656157889898850e+01 5.498492993443047538e+01 5.912177538423298273e+01 7.909395467623201625e+01 8.950151512964235678e+01 8.123318389031575748e+01 8.382347847780357597e+01 9.209171733075993416e+01 9.792512145339772189e+01 7.778623392617279819e+01 8.368477751734369008e+01 8.280395950462445853e+01 6.261712720267605192e+01 4.822985221539658340e+01 6.043892879720011990e+01 4.348267715654171894e+01 4.592511001845371510e+01 6.625611770994677840e+01 7.418270417876293266e+01 7.858793399277857361e+01 7.731747223901327004e+01
7.344999525375345284e-01 2.073449995253717759e+01 2.737448599270318184e+01 3.075768716433713834e+01 1.761137199217299454e+01 2.338450837145653338e+01 3.493351835156585850e+01 5.496167930992301365e+01 6.423180980019562014e+01 5.065565709398083527e+01 4.661823974696341821e+01 5.791790406017845072e+01 7.698645749533228866e+01 7.433097896684795103e+01 5.607338881353113180e+01 7.243656157889898850e+01 5.246129398418450762e+01 4.499276069240951159e+01 5.831191440666052017e+01 7.828501263434174007e+01 7.797444753194866962e+01 6.126608128472327763e+01 6.385717773313734114e+01 8.382347847780357597e+01 9.286993023788174639e+01 8.368477751734369008e+01 6.350682255366891127e+01 7.289920691165428934e+01 7.480145115395728794e+01 5.463340681529490439e+01 4.022399240616944383e+01 6.056813567833086864e+01 6.625443001335192150e+01 5.771051210021904865e+01 7.203035286724539787e+01 9.217155346065854360e+01 9.743462950755134955e+01
8.205962881864476977e-01 2.082059628818609198e+01 3.448888173991449690e+01 4.267730751589093074e+01 3.762089794484997185e+01 3.394616017913548234e+01 5.169625105793189590e+01 6.326082596425720794e+01 5.629773139172644392e+01 3.670046949870537389e+01 5.629773139172644392e+01 7.386499113668283201e+01 7.880028875572577363e+01 6.606011330788270186e+01 4.608208526079517497e+01 6.606011330788270186e+01 5.831191440666052017e+01 3.832925013554936555e+01 5.831191440666052017e+01 7.340783781241320582e+01 6.970517182604004347e+01 4.972838481624484075e+01 6.829825418121616565e+01 6.463417542435459495e+01 8.460153502662130620e+01 8.667994839763650816e+01 6.649647995845444370e+01 5.265315917082026687e+01 7.289768584523746142e+01 5.849165627388869382e+01 3.816784792095197076e+01 5.255631106052199186e+01 7.282288124235874704e+01 7.792956143518964041e+01 7.792957393981757264e+01 9.806012776604865167e+01 1.007985609673658303e+02
1.503081736372913202e-02 7.085676634038220456e+00 1.464049397619926296e+01 2.861806986310279299e+01 4.787127853237152664e+01 5.397160594081463358e+01 6.226980439379223498e+01 5.968993021965857793e+01 5.106014284011462934e+01 3.136967279341073223e+01 5.106014284011462934e+01 6.550565183657920443e+01 7.053002598661291245e+01 5.055391642606197422e+01 3.901510898296199059e+01 5.115934432794767162e+01 5.360195526923489240e+01 3.361781338995916713e+01 4.515789868809628160e+01 6.513675107006331189e+01 6.338795709773834375e+01 4.340493790691958509e+01 4.831986569214115690e+01 6.244970461700818731e+01 8.241790185933828639e+01 8.378435252429272850e+01 6.649647995845445791e+01 4.621159412493527441e+01 5.882920830838934734e+01 5.645928618174501423e+01 3.617467056777766032e+01 5.645820773020861338e+01 6.700527508630842988e+01 7.416324690988192003e+01 8.250192441329274118e+01 9.413472613910518305e+01 9.083915232977510357e+01
1.711296032766891351e-01 2.017112960327633431e+01 3.448888173991449690e+01 4.267730751589093074e+01 4.290026366644413969e+01 5.138958561022465688e+01 5.305070524597702786e+01 4.018687995311289995e+01 4.018687995311289995e+01 2.652594746709927165e+01 3.802166549994911549e+01 5.757174746566119694e+01 6.747323796222141823e+01 6.726875554033475169e+01 5.115934432794767162e+01 3.117292992464091839e+01 4.409307981251774322e+01 2.944744154215484500e+01 4.099010965568721332e+01 6.097094551617146863e+01 5.761935634321797295e+01 3.763320453604421090e+01 5.761935634321797295e+01 7.316470576872450238e+01 7.785690989189276934e+01 6.359510097935611839e+01 7.101554869707810269e+01 5.882920830840459558e+01 3.855596877809141887e+01 5.187531787450675580e+01 3.422995762937827635e+01 4.027253529963955714e+01 4.670246857271287411e+01 5.391802106419030594e+01 6.564029763189726907e+01 8.580581213877545110e+01 8.259415174009372151e+01
6.634215400813491259e-01 1.481865274695052115e+01 3.503042919099140562e+01 3.731630329615816066e+01 2.132817145766743039e+01 3.815874733288343634e+01 3.446339063248833412e+01 3.488704929211460382e+01 2.035672941173766048e+01 3.444361186902377625e+01 5.405235565406555764e+01 6.140617638124538047e+01 4.725978958744268965e+01 6.140617638124538047e+01 5.822291287367538359e+01 3.824030932152147244e+01 2.408234984969280745e+01 4.409307981251774322e+01 5.770857593345582615e+01 6.924385046203136085e+01 5.335829446073660876e+01 3.337118543788584191e+01 4.491340234101051010e+01 6.489423162850144422e+01 6.950839584978710661e+01 4.926487412053888448e+01 5.077775642363266684e+01 5.787042473942526044e+01 4.950001922571129853e+01 3.172024048827742604e+01 4.976741392246705686e+01 4.434140315267968191e+01 6.478021212535360007e+01 7.416324690988192003e+01 8.250192441329274118e+01 8.838970662636374698e+01 7.591317157733519139e+01
1.702428053490451232e-01 2.007055942377937185e+01 2.328724765893554860e+01 2.190161070493449458e+01 1.121850347740224763e+01 2.895914993143928839e+01 3.480185838704265677e+01 1.501569964292244208e+01 3.488704929211460382e+01 4.822776065699109438e+01 5.227267223339757862e+01 5.237690081244271312e+01 3.287304632885989264e+01 5.237690081244271312e+01 5.536825994397774764e+01 3.537996956438526297e+01 2.116963274164237774e+01 4.123440371603745547e+01 5.097993521022349483e+01 5.925020574649646221e+01 4.951177353584814966e+01 2.951974461088795110e+01 4.951177353584814966e+01 6.567293352658295191e+01 7.306801206156227124e+01 5.670526854428012342e+01 3.648946189992918931e+01 4.717544590069573474e+01 2.936862369827381869e+01 4.357155584920302260e+01 5.982255207927393315e+01 5.877324428421203351e+01 5.883483583459165089e+01 7.324256436984371987e+01 9.335588624270489788e+01 8.013976636727190339e+01 6.004441641730556967e+01
1.450734497938095391e-01 2.013144010851614496e+01 1.669189760136787326e+00 2.241553681389013786e+00 8.111610472833033825e+00 3.742881352719592325e+00 2.668782377444639664e+01 1.158162161958834879e+01 3.148489691033462279e+01 3.712375835181565975e+01 3.172371378642906947e+01 3.554291967823314025e+01 2.411490762741778582e+01 4.282453900188828300e+01 5.264875938184088255e+01 3.847829487128064585e+01 1.833892641380750987e+01 3.847758183671773224e+01 2.975579445166492931e+01 4.720243376864967644e+01 4.586174513168266742e+01 2.584289521782919152e+01 3.741475120195466531e+01 5.740056836559601550e+01 5.285296147442656434e+01 5.285296159158409779e+01 4.494577511668564540e+01 2.698491821730085150e+01 4.125222674116367472e+01 5.787042090232516500e+01 7.216926622292434956e+01 7.889973457569176674e+01 7.913361995421703909e+01 7.861132152355989433e+01 8.692207130791284442e+01 8.838970662636374698e+01 7.729515399657185526e+01
2.896770308316644060e-01 8.604071763670143591e-01 1.698651165493500415e+01 2.189828285870478908e+01 3.054432485097835048e+00 3.630661362927279701e+00 6.879891492343383597e+00 2.481780202186892481e+01 2.561572721235292960e+01 1.946532102798596142e+01 1.809362736074202260e+01 1.491019774231174466e+01 3.362603079643938742e+01 3.695011780301501148e+01 3.185974361448859682e+01 3.578706092198627431e+01 1.565371134945482723e+01 3.211645922340581905e+01 1.701818936797167936e+01 3.820116155975091488e+01 3.792640112671159613e+01 2.237888299489295107e+01 3.662232432959156370e+01 5.661457364334057019e+01 5.110751193900963329e+01 3.262072786971477001e+01 2.464043198899089759e+01 3.902404749696693642e+01 5.554326248106495711e+01 6.983429822103138918e+01 7.635548044937860368e+01 7.279320104715735340e+01 6.450668718884624298e+01 5.866435654043598902e+01 7.861132079085179214e+01 7.564006934011146654e+01 6.734432263011989050e+01
