MOVIE_S4_data/elevation_000522.asc
nrows	100
cellsize	150.0
xllcorner	0
ncols	100
yllcorner	0
NODATA_value	-9999
[rows 34 to 50 of 100, columns 37 to 73 of 100]
6.712496112033113604e+01 7.633397909896407896e+01 7.229238179055386126e+01 5.806218115053269457e+01 5.765254259843870699e+01 7.508515449803438457e+01 8.950914108928198232e+01 9.287427475874068250e+01 1.006830834346358046e+02 1.038524155677471299e+02 1.059160471087496376e+02 9.796573496291445338e+01 1.059160471087496376e+02 9.166212674622364887e+01 7.161824022158015168e+01 5.964013322134076134e+01 6.470267718517956723e+01 8.159169647823610205e+01 8.543451175667894404e+01 7.172507549303884389e+01 5.740494871314159298e+01 4.314768277438234634e+01 6.422871699405129675e+01 7.301555321113110608e+01 7.748423534951858471e+01 7.382364961934190717e+01 9.383468440509506081e+01 1.017203979336395605e+02 1.020905759693119705e+02 1.020905794052599305e+02 1.103698128532560219e+02 1.075332356118550052e+02 8.721606243971849892e+01 9.468352704384987817e+01 7.933526807760571842e+01 9.124934182621140621e+01 1.114795014984437103e+02
5.530974413671065548e+01 5.967003804821982982e+01 6.233139155582313862e+01 4.371647631589475225e+01 4.537534855929276034e+01 6.644179785753875933e+01 6.823975573648758086e+01 8.287635859655541992e+01 9.806147202994252154e+01 8.434020861589492313e+01 9.151181233881496269e+01 7.830766144095051118e+01 9.615500874711172230e+01 9.991014647635935830e+01 8.756717913620940408e+01 6.735123304671887468e+01 5.252949342241758757e+01 6.752006547848125706e+01 7.114272020835491617e+01 5.671623015215800478e+01 4.240745970785030750e+01 6.348975558497541272e+01 4.716958724483197329e+01 6.811959282062247212e+01 7.208640327067217868e+01 9.224993395734502144e+01 1.020943801690718686e+02 1.020752310657534707e+02 9.864040940946634350e+01 1.042057477908165168e+02 1.131985680982677565e+02 1.158486851864751515e+02 1.016308965483916182e+02 1.065629063083250117e+02 8.627302748114374253e+01 8.627302748114374253e+01 9.197727896530723513e+01
4.078572114588968844e+01 5.038069784503136361e+01 5.100505258818255072e+01 3.332865061863542877e+01 5.410041951142754613e+01 6.112107699650206172e+01 5.356463013136060880e+01 7.427926889546375833e+01 9.005520171616649350e+01 7.009537709340590084e+01 7.159924397096807525e+01 6.810910663972093460e+01 8.813669820193260307e+01 8.789815839231336270e+01 7.958577717968132959e+01 8.158808625959210303e+01 6.752006547848125706e+01 4.656462033905165754e+01 6.201689287708665432e+01 4.167743432134173531e+01 6.269908561307269679e+01 7.186227799590120924e+01 6.811959282062247212e+01 5.128427377554251620e+01 7.208640327067216447e+01 7.934449956605813270e+01 8.299243624130423314e+01 8.316365827414313117e+01 7.879868501193389818e+01 8.627495098789268013e+01 1.050179687648912932e+02 1.202199513539957820e+02 1.217827426286082328e+02 1.141854821502915200e+02 9.401804212271945005e+01 1.065629063083250117e+02 1.028691793797101752e+02
2.950259282142243578e+01 2.991758481818164839e+01 3.033461565920151060e+01 3.075309176097971076e+01 4.506396027032474905e+01 4.056889250563642690e+01 5.509609087216025358e+01 7.568555547823247309e+01 8.838493850673178542e+01 7.743150021498969693e+01 5.697412177400852329e+01 7.019872470460686031e+01 7.840952105007482942e+01 7.958577717968124432e+01 5.864480273392874210e+01 6.477827214443541948e+01 6.077716836745400997e+01 6.128961857530250512e+01 4.095573058248022136e+01 6.201690485296143152e+01 5.238032484672429234e+01 7.312170326892740491e+01 8.041202531858029090e+01 7.208640327067216447e+01 5.562215643595112624e+01 5.885146030482356139e+01 6.268098529469142477e+01 6.660774233681966905e+01 7.107970046437574752e+01 9.097190094656062342e+01 1.040567306147128619e+02 1.004241296483866819e+02 1.202199513539957820e+02 1.224849951673563879e+02 1.056847985765409845e+02 1.224849951673563879e+02 1.229981063898383979e+02
5.057784667867610295e+01 4.455957184955156691e+01 5.099904610968062002e+01 5.143304402819046572e+01 3.134908052178089122e+01 5.203238297909612697e+01 6.945981985860611019e+01 7.896387216272925968e+01 8.026687323856710066e+01 5.992083984002514541e+01 6.365440590853382474e+01 4.949854139151526056e+01 7.019872391587148286e+01 7.549397852292747757e+01 6.437509339248182982e+01 4.387128947308320903e+01 3.974128163848240547e+01 4.024328755180636108e+01 4.898063915491599118e+01 6.912638270481257052e+01 6.719196134985908486e+01 6.719196135365885425e+01 8.743772407056387408e+01 8.454205557853151731e+01 6.773702067274001593e+01 6.823776408985062858e+01 7.087711838667924269e+01 8.672882682148237166e+01 9.097190094656048132e+01 7.831160555803676004e+01 8.457493771055131049e+01 9.422443212960287440e+01 1.080353584348658131e+02 1.280210402088272019e+02 1.257976318615676945e+02 1.340754163307078386e+02 1.313988559297224015e+02
5.433318973475149249e+01 6.525592198519704823e+01 5.797872092350199580e+01 3.930948557370979302e+01 3.177282319626734619e+01 5.220541697033691975e+01 4.941762249053589073e+01 7.031074486272629542e+01 6.832595795243611292e+01 6.344283066785982328e+01 4.277179186920757559e+01 5.803113205701800581e+01 6.702709684409737179e+01 6.722877418247266235e+01 3.924146016405330073e+01 3.903132462898989985e+01 6.003786552654157305e+01 5.107980423843949325e+01 5.738417652475403941e+01 6.814689740118252814e+01 8.743772152135163367e+01 8.743772407056387408e+01 9.570393197715168299e+01 9.613335808668730920e+01 8.788991096394451574e+01 7.841194474092881705e+01 9.091040738878471927e+01 8.509869249866926566e+01 1.049412475572969896e+02 9.214513801546736715e+01 9.428576394086940127e+01 1.122994669950121533e+02 1.221851156636292899e+02 1.241650366624818389e+02 1.325410053097064917e+02 1.253254573133714018e+02 1.109260915736296056e+02
4.766107880892153759e+01 6.781072314463517614e+01 6.646103710833787659e+01 5.646371685531421747e+01 3.701871151615254973e+01 3.237711966177497658e+01 5.305874579015046066e+01 5.602427128718099425e+01 4.848986953150270551e+01 5.443402377477080023e+01 5.547240159714944241e+01 3.755723468186780423e+01 5.809617343663019540e+01 7.543505681982314570e+01 5.963992414350684612e+01 3.852973448534066137e+01 5.768390932036591323e+01 6.631597969237861889e+01 7.466149693034539325e+01 8.362888084307603265e+01 9.672696169863051807e+01 9.286467208189102962e+01 8.441309392385721821e+01 9.286467211176446312e+01 1.064819631682771472e+02 9.824574160995791772e+01 1.064819461535811485e+02 1.049412483333821484e+02 1.132036924547996222e+02 1.117799356423450661e+02 1.139599525856412470e+02 1.222385362223695893e+02 1.207294029464959664e+02 1.036086064751887221e+02 1.207294029464959664e+02 1.169224254238948646e+02 9.675910604980083463e+01
5.805896684943582642e+01 7.594118673375589879e+01 6.569043015625848625e+01 4.479451058624206894e+01 5.658624287493998395e+01 3.643284850833362043e+01 3.298510341381325617e+01 3.341639333162111569e+01 3.385853439021508393e+01 3.430172609801974914e+01 3.474558939819576153e+01 3.518954538928014841e+01 5.596640880288303066e+01 6.382926593858964992e+01 6.328272717517603496e+01 3.802866765556111517e+01 4.413673445164055664e+01 5.204096714947718283e+01 6.718174145620314164e+01 7.793623113436810002e+01 8.620760575380609225e+01 8.261873033823334822e+01 6.388477318928577375e+01 8.261873055127522036e+01 9.619792256611786740e+01 8.786087369965787275e+01 9.619792256612420545e+01 1.046189168773379521e+02 1.104571760658266584e+02 1.106119380159961167e+02 1.106119380159961167e+02 1.190075804389790477e+02 1.122967761602703973e+02 9.191036082963857723e+01 1.122967761602703973e+02 1.096486308385962474e+02 8.961169668838262226e+01
5.416299556056615216e+01 7.413107239851454722e+01 7.249317987141577646e+01 5.131689313420373111e+01 7.107466936203100261e+01 5.747626677865373068e+01 4.393511762250250996e+01 3.548302957126087165e+01 5.444134679099338570e+01 4.922433087587964451e+01 5.553959564758119427e+01 5.500673645768252129e+01 3.582051874644983513e+01 5.533252558559790657e+01 5.688358042265255676e+01 3.752764670500035749e+01 3.849632850458414879e+01 3.946496781685623745e+01 6.001085757016338817e+01 5.755227277899292204e+01 7.433326865683049789e+01 6.596348025005487159e+01 5.337277176928690636e+01 7.414858639067652746e+01 8.620371496740345663e+01 6.793003470372576658e+01 8.620371496746247431e+01 8.475031383306195210e+01 9.056969293199928472e+01 9.026422767909085110e+01 9.026422767909085110e+01 1.106119380159961167e+02 1.050890898980828183e+02 8.490141167821853685e+01 1.050890898980828183e+02 1.032116230118813007e+02 8.328370897689760000e+01
5.616604995784807386e+01 7.607361366062023933e+01 8.095139550173679766e+01 6.089981069657988400e+01 8.095139550173679766e+01 6.821267166013755912e+01 5.705023216607182235e+01 3.754929061100914112e+01 5.743182638712802657e+01 7.115583817573724446e+01 7.129221728369185485e+01 5.171001767123271975e+01 3.821844922349774976e+01 3.645181267946524173e+01 3.689747265503171292e+01 5.783614300525695739e+01 5.948916850399036349e+01 6.001085757024745959e+01 4.083412188682753907e+01 6.138052311092723556e+01 6.399932683739655204e+01 4.496401743109323945e+01 4.607028032706995901e+01 6.681589088556769696e+01 6.971758882886969388e+01 5.752471495175812066e+01 7.789545420169176282e+01 7.046017698527826667e+01 8.991955941833190025e+01 7.592161226695428411e+01 9.622393405515080644e+01 1.043018686929724907e+02 9.900227589410835094e+01 7.890913684400469208e+01 9.112109834750748405e+01 9.951406123015610206e+01 9.496780878948011662e+01
6.528517980949268917e+01 7.819848138691321537e+01 9.022475811122679090e+01 7.591476840439239027e+01 9.022475811122679090e+01 7.356787892968615949e+01 5.357512193426752134e+01 3.963416600797227574e+01 4.947741513169102490e+01 6.922839194725337109e+01 7.895127906769572235e+01 6.739387487220685102e+01 4.592338250422145052e+01 5.796431357367210779e+01 4.027867355798055371e+01 6.288609431935385885e+01 7.653809827221641626e+01 6.399040804369087709e+01 4.361324348735753631e+01 4.228075935402529240e+01 4.339938448589460762e+01 6.321408275347278050e+01 6.673373601395540788e+01 4.767903629866493986e+01 4.883829570033264389e+01 5.002579216529932893e+01 7.093538051827847823e+01 6.111164164020591727e+01 7.988023655509128673e+01 6.862997310102124970e+01 8.904591387654456014e+01 8.403537345479371368e+01 9.834103132020602800e+01 9.111871530819038867e+01 7.096482856518007054e+01 8.816367216135647311e+01 9.010481014221980445e+01
4.995708095024176032e+01 6.435246055796932296e+01 8.398010169563079330e+01 9.625543786633312493e+01 8.919782756848304928e+01 6.893654735461758776e+01 6.149788009352439389e+01 4.177981802488079666e+01 6.149788009865766725e+01 6.922839194219973535e+01 8.919090474087583686e+01 7.761574304465509044e+01 5.513373101639015772e+01 7.343376154182195137e+01 5.868048341215379082e+01 7.303775450024113525e+01 6.807828359989098033e+01 4.762846184671406036e+01 6.399040775362350786e+01 6.284565578624039262e+01 4.557528244859731359e+01 6.588552763672878143e+01 7.659077303377971191e+01 6.851010818450174611e+01 6.368361895382155780e+01 7.092619046297187424e+01 5.177771096373927406e+01 5.304261038940776984e+01 5.922770544528650305e+01 7.710502827445510832e+01 7.844666946160288035e+01 6.960674564953676224e+01 8.818182172318695677e+01 8.372623437043040440e+01 6.589247489024533877e+01 6.790789940917542822e+01 6.993191255204041568e+01
5.367412067422880995e+01 6.798822070997589151e+01 8.747640246206266568e+01 9.756831236005105268e+01 8.742293906627438105e+01 6.893654736176037545e+01 4.908718888700290250e+01 4.408947043740384686e+01 6.370768443075238707e+01 7.308523616324576722e+01 8.147905754356857244e+01 8.745215370654663900e+01 6.957836298101750572e+01 8.745215370654663900e+01 8.397778231808773342e+01 6.994490037141132177e+01 5.191022648773696346e+01 6.807846443272347869e+01 7.653852016906306233e+01 7.446595081184104004e+01 6.593358976214567235e+01 4.890662525531423910e+01 6.948978615898035116e+01 8.181505522381337414e+01 8.430419797856181674e+01 7.268857076026714026e+01 7.269032844528859982e+01 7.393744685394356964e+01 5.492627663028135743e+01 5.630872724994445377e+01 5.770539630797576791e+01 5.910984516451958370e+01 7.979304990352682125e+01 6.323815207136109962e+01 6.570767759191812729e+01 8.612760705043928056e+01 9.010479622585074821e+01
5.766433929219712695e+01 7.184872808497587471e+01 9.120177665105519793e+01 8.926425938229222368e+01 6.887286334525741438e+01 5.880453334752954220e+01 6.299514212093168908e+01 6.370768443075238707e+01 4.728561832331725157e+01 5.296844942629321906e+01 7.308523617235547931e+01 9.236110606680816204e+01 9.374093321079485008e+01 1.010185095973513114e+02 8.208530274790520309e+01 6.110157166101900117e+01 5.521481668799614084e+01 6.961366451246678366e+01 8.996608731518344371e+01 8.422215652020599919e+01 6.341374732432373662e+01 6.948967626868990521e+01 5.244480057579723109e+01 6.722820392301592562e+01 8.794773922948304801e+01 9.315037599299074600e+01 8.353963279543482656e+01 6.298553696981431926e+01 7.577094517707840282e+01 7.112634702845450363e+01 7.844666946160288035e+01 7.972022102318446457e+01 6.112219795617944840e+01 8.172248665916914945e+01 8.612760705043928056e+01 6.924181116593365459e+01 8.953324576267550583e+01
6.197785679659738634e+01 7.348191205803961168e+01 9.271519237427466464e+01 9.756831236005105268e+01 8.742293906627438105e+01 7.906856136377481903e+01 8.328036842375523463e+01 6.960947076039282422e+01 4.971781720955313233e+01 6.960947074039945903e+01 6.356989480860996622e+01 7.805993901295424564e+01 9.838155370767108820e+01 9.955008692409386128e+01 7.849114110205341888e+01 6.976217090753048922e+01 5.863968936744845450e+01 7.300832537398174793e+01 9.331579730350993884e+01 9.278350287344834157e+01 8.422112718400832421e+01 6.735429344093239479e+01 5.509257309184987150e+01 7.005600267677203874e+01 9.070732757986853301e+01 1.038630606528858635e+02 8.353963279543452813e+01 6.961671412385699398e+01 8.997863872332925439e+01 9.153884162365724819e+01 9.128423339942925452e+01 7.097917555517364008e+01 6.699361779338762801e+01 8.153778927924319930e+01 9.792535263894815500e+01 8.953324578966864067e+01 7.283607059332724987e+01
6.708449262356083409e+01 8.645300587681953175e+01 1.007837545019970378e+02 1.090642234870704641e+02 9.741202721890468297e+01 8.909637516880965791e+01 8.338920314148876400e+01 7.229446256727101172e+01 5.220183432712780558e+01 7.229446255843487279e+01 8.401200213825320873e+01 8.401200215202483434e+01 1.042499541173794171e+02 1.078918691945259809e+02 9.667892511668983957e+01 8.273942691089337131e+01 6.236710513052484828e+01 7.416707901482081411e+01 9.444936978438195752e+01 1.083334599627230688e+02 8.802562250469938476e+01 7.908380815098010430e+01 5.801379547951216864e+01 7.038500463528471585e+01 8.499801065589917926e+01 1.053760827213086344e+02 9.714173685750006371e+01 7.688143579759237412e+01 9.714173685750006371e+01 1.029400635437261542e+02 8.273660815646782396e+01 9.128426234718982357e+01 7.357403119724064311e+01 9.405042596375596986e+01 1.101939198526295911e+02 1.005536571257495524e+02 8.458191188459574050e+01
7.456118895018109072e+01 8.293010507422107480e+01 1.021281168628240863e+02 1.008075784626373093e+02 8.052320486570516778e+01 6.851887846315402442e+01 6.280388482121922777e+01 5.764000891691738815e+01 7.229446254296399843e+01 5.742614029743404558e+01 7.186464341929261934e+01 9.231465222467369358e+01 1.047658739400754371e+02 1.129146806324200298e+02 9.262743774091646287e+01 7.833861214072321388e+01 6.653954806170816028e+01 8.689660780679159302e+01 1.028579993294955699e+02 1.031007428029360966e+02 8.278298539211502316e+01 7.089009617889936976e+01 6.123228800945534545e+01 8.221128777612211991e+01 9.378528624532135893e+01 1.022156489803712702e+02 1.055468424916970633e+02 8.855621326363376511e+01 1.055468424916970633e+02 1.112177828269167037e+02 9.439354720762909778e+01 1.025789859937131752e+02 8.538259449460548467e+01 8.803724844365794411e+01 1.085759958793191089e+02 1.116675114910935491e+02 1.019037795334991046e+02
