MOVIE_S4_data/elevation_000072.asc
nrows	100
cellsize	150.0
xllcorner	0
ncols	100
yllcorner	0
NODATA_value	-9999
[rows 34 to 50 of 100, columns 0 to 36 of 100]
6.606448164489217567e-02 1.420820010537596723e+01 3.420820010537666889e+01 4.729144911945645902e+01 4.336116156471473460e+01 2.538227257569790041e+01 3.196319983044850233e+01 4.085130320128405401e+01 5.964566553013735017e+01 6.093416041804182015e+01 4.424904948572272900e+01 5.009449351425348596e+01 3.041363281215680558e+01 4.085559161998310174e+01 6.060668292935304891e+01 7.027440967987588749e+01 5.181781899929383428e+01 6.194577389674297763e+01 4.212307018811421244e+01 4.623513868085036904e+01 6.701448600485068141e+01 6.776614256178149276e+01 6.776614244893899297e+01 4.951560116045570936e+01 5.542546252844700660e+01 7.558705450192806552e+01 7.741090353070892149e+01 6.903922276492605192e+01 5.593902534556210782e+01 3.552476335589518897e+01 5.593902534556210782e+01 7.134178289975803011e+01 8.088643776227824844e+01 9.273922916985962672e+01 8.860202035698623035e+01 6.828722822986203767e+01 5.389497962890686011e+01
6.290596198942818851e-02 9.007177871988663043e+00 1.900717787198884068e+01 3.900717787198954767e+01 4.719904529202980115e+01 2.919652969719852109e+01 4.719904529202980115e+01 5.823085119974507506e+01 6.773604158658214658e+01 7.244518717718064238e+01 6.392553481693565942e+01 5.009449293106928991e+01 3.704367685800987431e+01 5.710197894525253304e+01 6.912415523919750626e+01 8.112410655163422746e+01 6.676879931209836627e+01 7.076647328070855281e+01 5.182191767183272191e+01 6.108469710801247743e+01 7.039926491915832685e+01 8.762098211630861044e+01 7.911387067797926420e+01 5.993229702344669363e+01 7.558705442471323011e+01 8.396389292055960141e+01 8.935161371235676597e+01 7.515485718212957522e+01 5.439927403979136500e+01 3.978438116894459853e+01 4.269249132940224456e+01 5.179546952682684946e+01 6.370593735371862465e+01 8.434414107697772067e+01 8.598338640259990484e+01 6.563855598698090432e+01 7.342874434559008989e+01
5.954267593782444634e-02 1.420167829966890061e+01 3.420167829966960227e+01 4.729144911945338237e+01 5.138311496927376254e+01 3.314374710910837507e+01 5.138311496927376254e+01 6.491877735322142939e+01 7.305056109329359515e+01 8.436476190852059176e+01 7.893092451354647210e+01 6.587561917136487466e+01 5.714798844389105170e+01 5.026861808317882208e+01 6.855246712914252782e+01 8.966918177467577777e+01 8.872160664746262171e+01 8.169522029243849204e+01 7.252364201159619483e+01 8.005877700322065493e+01 9.080220473927482772e+01 9.938565898575117785e+01 8.954492324020955607e+01 8.313544962741720212e+01 8.941318929571463059e+01 9.852587569218908925e+01 7.739618252227498374e+01 5.927194197837845024e+01 4.960417236321933387e+01 4.614446702342860362e+01 6.320122145742301711e+01 5.229470365850951907e+01 6.422085515248929255e+01 8.494692545118664384e+01 9.430396667217554807e+01 7.744063673115473989e+01 8.169426130690335697e+01
5.541180393181056874e-02 1.160241718772422637e+01 2.574455281145492691e+01 4.574455281145421282e+01 5.940671329808159840e+01 5.138311496626396746e+01 3.967283009971539087e+01 4.565184267004438823e+01 5.664183611524408946e+01 7.622346916840469078e+01 7.567609364810132888e+01 6.748293025633107334e+01 7.562465198411092615e+01 7.242309035023575348e+01 7.982728144439641937e+01 7.849807853844865235e+01 8.312431279581275589e+01 9.104774927384715966e+01 8.883541596081374792e+01 8.144567818398348891e+01 8.883542171542285359e+01 9.116306058401404755e+01 8.231830422024515315e+01 8.796864178281376212e+01 7.724570337867068304e+01 8.807682177098844534e+01 8.880189002231118423e+01 7.041337534998361036e+01 6.804777610106046382e+01 5.322356347465097315e+01 7.582652399205730376e+01 6.261431318806369717e+01 8.148502381988274124e+01 9.339554005063637021e+01 1.059379434814818381e+02 9.765299947209125264e+01 9.261755711874427277e+01
5.132731495283296419e-02 1.419346293697229555e+01 3.419345812542309204e+01 4.405937709705665384e+01 5.405948531020390391e+01 6.659846316456746251e+01 5.029677224102012900e+01 6.491877735322142939e+01 6.490917412659553065e+01 7.492069153396293757e+01 6.550555259620055892e+01 4.690135954040610500e+01 6.550549897316639658e+01 7.951642036125551272e+01 7.868517052094415476e+01 6.519148930341536641e+01 6.227644338952673309e+01 7.854589094625431756e+01 7.997896389710570020e+01 6.321193674198214296e+01 7.997896349382780556e+01 8.434893909469525397e+01 6.577459925027518750e+01 7.194481733562251691e+01 6.128870220662308554e+01 7.521507058364802845e+01 9.382232868738290676e+01 9.101764209314680443e+01 8.435484644827995737e+01 6.341297755646225198e+01 8.548536895844044636e+01 7.746869530422441130e+01 9.209139772247381472e+01 8.927077773749722667e+01 9.858363165654213844e+01 9.621609314097349852e+01 8.684256102103861963e+01
5.077994834438732952e-02 7.610069408528964630e+00 1.577503521780629647e+01 2.577503521780836238e+01 3.991717085746926585e+01 5.991718369735907856e+01 6.969971066331359566e+01 7.784486112926666124e+01 8.446545773125164658e+01 6.639169296084911309e+01 4.568253861004616567e+01 3.661518750164125890e+01 4.985822938983587704e+01 6.978982646805044965e+01 6.982174699540338736e+01 5.342054374257151750e+01 4.987206761923665965e+01 6.914325859489905213e+01 7.278225993829342144e+01 5.309502833432520674e+01 7.278225992324938431e+01 7.289657351276795794e+01 6.510295527803344839e+01 5.198220621666869334e+01 7.194248620836447117e+01 7.727618013017007570e+01 9.064487565525932666e+01 1.075600540157980305e+02 9.604222988551346418e+01 8.248522797622347014e+01 9.676071237097242772e+01 9.893901051917194422e+01 8.604669922085729183e+01 6.787455517526980486e+01 8.604670391049639022e+01 8.479033476227455424e+01 6.517514284264210289e+01
4.095169275885861271e-02 2.004095169275850452e+01 2.944857644994025492e+01 3.472109001490396452e+01 4.069128817977744461e+01 4.787764843858620623e+01 5.727883094965643096e+01 6.948482055993568451e+01 7.263321780345059153e+01 6.079926433094433946e+01 4.941932427351800783e+01 2.918023900191817788e+01 4.043143926200499294e+01 6.153829351068680609e+01 6.333571962069423478e+01 4.395897530894193039e+01 4.055397283176507273e+01 6.096516740209943208e+01 5.777691665894373330e+01 4.621931532241656981e+01 6.626850048265086457e+01 6.504241844957476815e+01 4.480277007811073986e+01 6.517165247386775206e+01 7.386553422600853480e+01 8.226552549082593657e+01 9.283947022363149415e+01 1.067133714167766243e+02 1.061513063902664840e+02 1.064093470493849054e+02 1.035136461159348613e+02 9.047306764159723969e+01 7.691766288209547042e+01 5.612882178222393748e+01 7.691766288209547042e+01 7.575194016570807776e+01 5.497803428627008770e+01
3.794593529682660504e-02 4.626290138501855331e+00 9.340658982450397829e+00 1.450683774876560861e+01 2.029084153855002270e+01 2.699932555954100621e+01 3.728955563787258143e+01 5.948884465465734905e+01 6.434652665971850638e+01 4.371733926400196424e+01 3.225173826198124516e+01 2.465086898765690293e+01 4.415950673935423509e+01 6.069730344050562820e+01 5.249318564415609956e+01 4.685258894946668562e+01 3.343185615810251932e+01 5.353657725939876144e+01 3.739545353641681658e+01 5.777611039427622330e+01 6.409906438137845441e+01 5.599467259458903357e+01 4.030618810491058923e+01 4.604753450560727401e+01 5.239103077146810250e+01 6.152650064972549870e+01 7.668942519600227570e+01 9.996060060423594962e+01 9.732012059546329397e+01 9.623686648726956605e+01 9.511951209590696976e+01 7.334974023899714268e+01 5.697990001253749881e+01 4.901954737676181395e+01 6.956769762539946100e+01 6.876234342310473835e+01 4.814170501835661753e+01
3.760068892276602348e-02 2.003760068892241009e+01 2.944857644994025492e+01 3.472109001490396452e+01 4.068945273106485416e+01 4.785834117831736734e+01 5.632538880984690621e+01 6.622082634357208519e+01 5.653863462374779658e+01 4.786734805745737020e+01 3.906182220003260142e+01 2.130060082011615563e+01 3.965941021140807266e+01 4.915449161602850126e+01 3.246428008885561667e+01 2.696977877890169140e+01 4.392937967202274763e+01 4.549864630980572855e+01 3.198577164311055654e+01 4.923257308171656632e+01 5.136742813019681364e+01 3.540343853963745602e+01 5.599467250898730697e+01 6.691612017497072884e+01 7.386789022252304449e+01 8.227167349879287883e+01 9.106838017573744537e+01 9.303557546135461109e+01 8.891779044536903598e+01 8.393653165423323514e+01 8.559619332025835092e+01 7.285401570087327627e+01 6.292609383605582707e+01 4.275775869581363509e+01 6.324389782174804253e+01 6.271641031380640641e+01 4.192643659726078198e+01
3.621519728617531020e-02 2.003621519728582001e+01 2.989643088125672321e+01 3.539560619548552722e+01 4.226674309487327719e+01 4.981817040974452482e+01 5.360255837417554403e+01 6.464495138626310222e+01 4.819659135493684943e+01 2.863998370383801984e+01 2.039053202444294755e+01 1.861256974194036928e+01 3.607019826012430030e+01 3.906387919536052777e+01 2.229828770466767551e+01 2.329848468019734042e+01 2.444505125444353766e+01 2.569892075881424631e+01 2.707606222145393460e+01 2.890316534283605066e+01 3.086038791722467778e+01 5.136756684092609504e+01 6.328587122658078101e+01 7.358148962411917182e+01 8.101050331558809603e+01 9.278260420051429946e+01 8.780375383704914327e+01 7.619189428090759009e+01 7.248464958052829843e+01 8.909693519131650419e+01 7.905394249061809830e+01 5.528533233142697867e+01 4.500647464285276556e+01 3.822870768049768486e+01 5.260363233142053474e+01 5.898623564404650210e+01 3.633610579270857244e+01
2.661327423881425236e-02 5.022205842031737255e+00 1.016379385369621247e+01 1.586781970513827744e+01 2.321485720913013040e+01 3.371994754438008357e+01 5.111809987649110099e+01 5.300283071806505575e+01 3.643031871164056668e+01 3.295805294453552392e+01 1.716399013133574769e+01 3.450429338052664718e+01 2.000706001378597421e+01 2.093997367304498880e+01 3.906086866274996083e+01 3.226013554028956065e+01 4.392116014157273440e+01 3.956803657389798445e+01 4.712422762050215397e+01 3.184101398132592919e+01 5.107265164879112973e+01 3.481509624970188810e+01 5.524511324723369654e+01 5.378380660053684892e+01 6.987816745120677808e+01 7.529238161202319191e+01 7.522990003289486083e+01 6.330170244472988372e+01 8.143138158144370209e+01 9.516568350293790957e+01 8.724963803113242022e+01 6.878651627975914096e+01 5.678292746128064294e+01 4.263750234165177488e+01 3.306245669121931741e+01 4.772753086822906710e+01 3.202066172640591901e+01
2.753285331545040487e-02 2.002753285331509403e+01 2.989643088125672321e+01 3.539560619548552722e+01 3.540440125150650630e+01 4.981815368773108332e+01 5.041757144019309322e+01 3.935716402889623566e+01 2.584592376222366639e+01 1.560117252010852340e+01 3.296821343229107271e+01 4.265148856882033357e+01 3.783025116262949439e+01 2.466117223556363314e+01 4.371572642526470531e+01 5.252385325054022047e+01 5.251835124529081611e+01 5.995228251062212621e+01 5.516753035854763709e+01 3.540001733677308948e+01 5.381295952848404340e+01 5.501745441807885584e+01 3.901345347287924881e+01 4.212727688494845069e+01 6.217818468278294830e+01 6.997816419875523763e+01 5.655490038533748987e+01 7.526172147227468656e+01 7.770859488300555995e+01 9.250358784076566110e+01 9.710052067995077607e+01 8.614012137988800077e+01 7.166450424993132629e+01 6.113627160779053327e+01 4.771517921292512909e+01 2.823677745418255469e+01 4.772752905202198548e+01
2.210104741296625708e-02 1.156552265401909274e+01 2.565036763955202304e+01 4.521452300725828621e+01 5.502298257103284129e+01 5.847140647986716999e+01 4.223367167689503532e+01 2.348283517066345638e+01 1.394461608617799619e+01 3.057210585128951408e+01 3.685878436235818612e+01 4.836197474922926176e+01 4.938926215988292512e+01 2.940470175340367476e+01 4.326574469732761941e+01 6.348587551284081343e+01 7.242373934310863604e+01 7.214421984278152422e+01 5.318606279052634278e+01 3.919644843030344816e+01 5.854093364728407067e+01 6.609281612650335092e+01 5.367252086172049985e+01 6.217818403648616510e+01 4.688735162911742549e+01 5.063946090978211600e+01 6.994804068674450548e+01 8.236625975695677937e+01 9.366825958331641289e+01 8.607190255896570363e+01 7.950950479866139631e+01 8.277232533945405635e+01 7.237744645199161653e+01 6.358441053818588529e+01 4.569887977220435005e+01 2.589079896063877939e+01 4.281530136815392495e+01
1.884200952422735234e-02 2.001884200952387260e+01 3.351931536699130731e+01 4.252870918254401289e+01 5.333400877544786312e+01 5.038652307906430394e+01 3.103028821278488891e+01 2.662604998810715529e+01 1.274011163188946760e+01 1.989304900094313666e+01 2.213980692524217275e+01 4.042343651378189406e+01 5.784101593285419085e+01 4.943545196822724819e+01 3.984158638690283993e+01 5.176630060094922214e+01 7.328733185207219947e+01 7.513043167779468945e+01 5.699713348688791825e+01 4.329471749242421197e+01 6.242636942917011567e+01 7.532598258270476776e+01 7.466738470176264286e+01 7.420770368325490551e+01 5.516264774006859284e+01 6.997816412180722523e+01 6.502249131523916503e+01 8.180207063473876872e+01 8.314309770526310217e+01 7.333354641731474999e+01 5.253746494519695176e+01 7.151850545268160886e+01 6.098061538192842335e+01 4.727098451471999851e+01 3.761131647173885284e+01 4.275911351544933581e+01 2.235381942417019729e+01
9.934550753332892920e-03 6.335429814145679295e+00 1.301129452365166017e+01 2.313895287409564716e+01 4.480543359907351686e+01 5.359104972568602676e+01 3.809217318148645148e+01 1.780421935076723727e+01 1.967468192102279190e+01 1.101694080840736945e+01 3.253800186956586060e+01 4.899777234732012232e+01 6.439923256386876460e+01 6.881459102216729207e+01 6.034595075936667996e+01 6.881459330589937906e+01 8.095076015307787998e+01 7.963130058480224704e+01 6.226550755510571378e+01 5.228448022730083267e+01 5.079348605413185425e+01 5.746009559009278433e+01 7.533871247188342579e+01 8.334107779980081432e+01 6.862212296759385310e+01 8.318457562117545478e+01 7.891335345857936545e+01 7.966377523906837155e+01 6.751004082982265686e+01 5.241088664213218351e+01 4.066411691634161230e+01 6.288357205528443927e+01 5.996127417996912357e+01 5.166127067383870752e+01 4.484978558893725165e+01 2.572051769923858089e+01 1.985239313457930521e+01
8.364784840791048004e-03 1.912759210636764351e+01 3.329498268797875227e+01 4.258879434268445152e+01 5.298655312755476388e+01 4.517601229162556820e+01 2.493362138150252960e+01 2.266611228943450485e+01 9.299011215102590100e+00 2.728075008936963641e+01 3.726859080663468404e+01 3.809829350414760540e+01 5.048767990415329621e+01 5.873011228624513080e+01 6.291398825934724215e+01 7.187639268367438206e+01 8.267481383291324448e+01 8.202087134232930055e+01 6.672378265625280847e+01 7.000222903423745890e+01 5.945833232802858248e+01 7.527233113163845246e+01 6.993866931613031568e+01 8.498400350596548947e+01 9.128170720582312470e+01 9.635910672642056340e+01 8.963124089176208997e+01 7.238619568188308051e+01 4.944069177133557957e+01 3.784664855881354129e+01 3.372409241256808343e+01 5.406717886938427142e+01 5.167327857912295030e+01 3.452719138033157975e+01 3.732769684515533015e+01 1.658654515587551259e+01 3.798299087318656575e+01
5.219006137575642711e-03 1.174654254734018544e+01 2.724509936249490494e+01 4.949659343643542542e+01 5.711848737148883259e+01 5.276482637753609595e+01 3.201501051180421342e+01 1.344000555865451396e+01 8.098074571175192915e+00 1.505211594100320838e+01 2.178310335527475061e+01 3.824068963264726051e+01 3.132402673949322747e+01 4.419085823540601865e+01 4.124258414332916090e+01 5.282013001588985901e+01 7.240777638525274540e+01 8.696206620530230680e+01 8.089431760835809371e+01 8.267907701082383198e+01 7.200810949865584121e+01 8.161106306340722938e+01 8.606672083799055883e+01 8.931346248355445994e+01 9.259526679084990519e+01 8.405888659784180561e+01 7.279394212550801058e+01 5.925326699362442184e+01 6.271914084727034577e+01 4.707939089545864420e+01 2.775161742720728242e+01 4.680587954953061569e+01 4.601145165185985775e+01 3.546526541730725768e+01 2.297160788787534713e+01 1.503236623328567845e+01 3.571339735646284907e+01
