MOVIE_S4_data/elevation_000297.asc
nrows	100
cellsize	150.0
xllcorner	0
ncols	100
yllcorner	0
NODATA_value	-9999
[rows 51 to 67 of 100, columns 37 to 73 of 100]
8.399448607774398567e+01 8.435782125286799271e+01 6.466573403752802562e+01 8.435782125286799271e+01 9.002233280669385351e+01 7.053531713650077961e+01 9.002233280669385351e+01 8.785222794675229352e+01 6.839042345484115515e+01 8.785222794675229352e+01 1.008415464600077343e+02 1.043774668372296048e+02 8.447722682705249042e+01 7.040067409875969417e+01 9.030587217879350703e+01 8.031233267541834664e+01 9.700675569251947650e+01 9.582084238833853362e+01 7.590918981735509874e+01 6.171009931632809042e+01 5.341625665712175675e+01 7.356358249666328675e+01 8.370744987034598239e+01 8.945042027548251440e+01 9.572590628923899203e+01 9.572590628923899203e+01 1.139967943981381922e+02 1.066740353962852481e+02 8.881966108456570907e+01 1.066740353962852481e+02 1.029341987165880994e+02 8.347273593563393490e+01 1.029341987165880994e+02 1.102864320540927707e+02 9.230122041652191456e+01 1.081958347333433181e+02 1.024179598645632296e+02
8.616505912690330149e+01 9.091923070096537174e+01 7.123500235667329150e+01 9.091923070096537174e+01 9.827762738439383838e+01 8.016502400409821405e+01 9.827762738439383838e+01 9.609398349960861196e+01 7.952343277237098107e+01 8.206817788192167029e+01 1.018161600587111195e+02 1.043774668372296048e+02 8.447722682705249042e+01 7.794986572460661023e+01 9.781369330043922616e+01 1.002092619813889200e+02 1.085242038843543497e+02 1.016747392762263331e+02 8.174112281027581162e+01 7.711881463392168712e+01 5.700726699848529933e+01 5.827741732833143118e+01 6.371994891222893642e+01 6.955618742220619311e+01 7.588107706400209906e+01 8.578714922262021503e+01 1.056646633637903250e+02 1.164389169549077678e+02 1.082402238149592648e+02 1.164389169549077678e+02 1.111492397745779925e+02 9.465814250739849456e+01 1.111492397745779925e+02 1.201228709223181710e+02 1.118470226346348539e+02 1.201228709223181710e+02 1.221448586032472434e+02
9.443853679104070409e+01 9.916342855381546428e+01 8.105806580174773046e+01 9.916342855381546428e+01 1.081837391102357202e+02 9.987964160928964930e+01 1.081837391102357202e+02 1.075259724527834209e+02 9.922957373787403412e+01 1.018161600587111195e+02 1.101197891172954684e+02 1.127044949199065087e+02 1.043774668372296048e+02 9.197280104505227882e+01 9.415049818368918011e+01 1.141130423982319115e+02 1.070820713617988673e+02 9.817585837911667568e+01 8.237442883265684657e+01 6.236172223653172608e+01 7.711883767740387441e+01 7.836556554804067787e+01 6.487461813284691914e+01 8.484472319450703992e+01 9.572590628923899203e+01 1.040231776298364252e+02 1.139967947736103469e+02 1.193975194467983130e+02 1.111395124394864524e+02 1.177069365551630256e+02 1.225264139350060049e+02 1.142395017414821865e+02 1.142665447080804739e+02 1.060148175186539703e+02 1.142665447162336250e+02 1.249358857988559635e+02 1.116291050904354734e+02
1.041006791583461535e+02 1.090655802485848227e+02 1.007803956001829562e+02 1.090655802485848227e+02 1.135055339453011669e+02 1.052955953277014061e+02 1.041983326562179712e+02 1.124107689990434125e+02 1.102666006552742601e+02 1.020488715458617008e+02 1.102666006552742601e+02 1.109434818929267834e+02 1.109434818929267834e+02 1.119148545997544346e+02 1.141130423982319115e+02 1.102754140659827584e+02 9.035447802264627626e+01 7.891815300996100291e+01 6.999871214968257505e+01 6.798466790649825953e+01 8.789716064824786201e+01 9.036044110555151576e+01 7.047323735628570773e+01 7.901950830386520863e+01 9.048277772149650389e+01 1.104171528116724943e+02 1.120925544639322311e+02 1.038648485078853980e+02 9.147237599462343383e+01 9.795355464810161550e+01 1.119678225390931487e+02 1.159534107928960083e+02 9.618620728401396036e+01 8.635759704938017478e+01 1.043992416322049053e+02 1.050667803961780891e+02 1.035797177976001961e+02
1.128237841077586125e+02 1.044538059558760921e+02 1.128237841077586125e+02 1.193614920131870889e+02 9.946931015363459494e+01 8.531321710273086012e+01 8.420924873964318635e+01 1.008975465646611838e+02 1.002899054563611116e+02 8.204824533934367992e+01 1.002899054563612111e+02 9.099586903862699216e+01 9.099586903862699216e+01 1.051296852746516350e+02 1.249792285376455396e+02 1.186224036907699855e+02 1.013665006308359864e+02 8.149593875945726040e+01 8.989422638607251770e+01 7.403268375644516652e+01 9.388193511389431478e+01 9.864294794862064464e+01 9.036044110555151576e+01 7.986429832641672988e+01 9.972096224424285538e+01 1.187624431006429120e+02 1.038648485078853980e+02 8.425278779313542543e+01 8.020936884803116129e+01 8.413363860337048550e+01 1.021269524342215504e+02 1.077198544355994301e+02 9.618620728401394615e+01 7.657119236310472843e+01 9.477648024621076672e+01 9.115587938688071290e+01 1.017239298204167568e+02
9.360848915750534616e+01 8.416407610061246203e+01 9.588288105742539358e+01 1.161619071010882891e+02 1.041983326562179712e+02 8.420924873964318635e+01 7.262749466126092557e+01 8.480116434530545177e+01 9.204855833255446385e+01 7.201672237960822542e+01 8.683018577255052151e+01 7.682198196993351758e+01 9.683838957516742596e+01 1.061288509565679306e+02 1.143377243637435612e+02 1.258068977640367621e+02 1.096833002021269863e+02 9.293611648877470088e+01 1.004956271116663800e+02 8.065455111835015600e+01 1.004956271116663800e+02 1.138311497075768273e+02 9.387633122930310492e+01 9.387633122930310492e+01 1.080322727597225878e+02 1.161923741616237038e+02 1.031103606701630468e+02 8.345829373219476111e+01 7.038082642969756364e+01 7.433364731713427886e+01 9.393641243034137744e+01 9.949493915102044639e+01 7.981911639836916095e+01 6.998428311035860361e+01 7.512327541511825757e+01 9.477648024621076672e+01 9.376186682618707380e+01
7.332175651503386860e+01 8.766722298607638209e+01 1.079519745262377626e+02 1.245112783688802693e+02 1.124107689990434125e+02 9.894657292212951916e+01 7.894194426747614557e+01 6.475215846615138560e+01 7.811816238555213943e+01 6.491760437839151621e+01 6.678611445387687695e+01 8.683017744507068869e+01 7.856168717574142590e+01 8.614244093811113601e+01 9.771327498343237039e+01 1.176247515357330116e+02 1.212371469872797576e+02 1.128826195257230580e+02 1.088091144195498998e+02 9.053904064297566379e+01 1.088091144195498998e+02 1.221882142901419996e+02 1.138311497075768273e+02 1.138311497075768273e+02 1.104614611485774844e+02 9.646000470117746772e+01 9.732749493630220172e+01 7.771348249417236786e+01 6.373523084995585464e+01 7.771348249417236786e+01 9.732749493630220172e+01 9.909218488768935629e+01 8.342969714654070401e+01 6.367294919800670527e+01 7.767040932149289745e+01 9.733384792338129898e+01 9.170305742174107877e+01
7.481457988451984420e+01 8.652718737965712137e+01 1.068149734545102660e+02 1.081312396286590314e+02 9.988980780895691680e+01 9.988980781006868881e+01 9.305684476506412750e+01 7.811816238555205416e+01 5.806251620292523796e+01 5.822777400630146616e+01 6.295679085734697367e+01 6.852764031350126572e+01 8.011267072598273842e+01 1.001186451580200441e+02 1.143377243637435612e+02 1.069581013420466036e+02 1.069581013467721107e+02 1.153485597008937873e+02 1.188013495648858964e+02 1.104522135803572240e+02 1.188013495648858964e+02 1.130674734864469002e+02 1.048592404897449626e+02 1.130674734864469002e+02 1.022394819072637659e+02 8.264366055867003524e+01 8.984599629060204506e+01 7.934575083189395173e+01 5.954313576452033629e+01 7.374472547214716656e+01 7.940544274148341231e+01 7.940544274148341231e+01 7.931013042437862737e+01 5.948002593758869239e+01 7.354278351787898771e+01 9.323373754496067534e+01 9.017809089029567815e+01
7.901658121751785302e+01 9.930252740732174743e+01 1.151808253102967967e+02 9.988980780895691680e+01 7.981612951153684321e+01 7.981612951153684321e+01 8.790844008565673562e+01 6.787359379440168539e+01 5.369840498565515219e+01 7.374164222952350656e+01 8.300990566895562495e+01 7.933987063156220643e+01 9.681744854417276258e+01 1.083424705397873140e+02 1.009852551155793208e+02 8.662195161925882303e+01 8.662195161925903619e+01 1.069581013467721107e+02 1.252268716847784162e+02 1.138344214118963009e+02 1.050645940414849662e+02 9.689245688593280192e+01 8.534468576905040038e+01 1.032659878922637802e+02 1.037125279362320924e+02 8.410229081990645739e+01 7.022957640763614506e+01 6.392354409826151596e+01 5.873339403773350398e+01 5.385849265581779122e+01 5.960449003869929641e+01 7.768696261241223056e+01 7.043620438454281896e+01 5.561165399359848038e+01 6.991161302029453850e+01 9.069613478732547662e+01 8.221441629658335160e+01
9.930252740732174743e+01 1.076778189162184134e+02 1.114585135270913554e+02 9.731466730493417572e+01 8.569557376149087702e+01 6.558921297286791230e+01 8.569557376145152716e+01 7.123625698525701466e+01 5.120979376951421358e+01 7.123625698525742678e+01 8.862135390813867275e+01 9.933994821263397057e+01 1.075666003894322671e+02 1.051845384600436404e+02 9.257827196958528759e+01 7.250794747794753903e+01 8.588816380538274586e+01 1.061306814093704816e+02 1.169618101542775435e+02 9.732118159618633513e+01 8.610179223491142864e+01 7.731133956994455048e+01 7.550588621158243541e+01 9.221379512403889578e+01 1.003771928148568264e+02 9.802096252786427044e+01 8.364273965376338538e+01 7.789822432825087617e+01 7.855126525462566178e+01 6.371673398986684589e+01 4.960753759634778959e+01 6.560275955587503915e+01 5.053399099266663796e+01 7.043620438218086122e+01 8.368010658039554528e+01 9.186882794461523360e+01 7.408840427551675134e+01
9.381848663047053094e+01 1.031137319506223520e+02 9.485793517852383161e+01 8.317082097257384987e+01 6.894195978501868183e+01 5.890256942798583140e+01 7.165729989475947548e+01 6.878963510179433172e+01 4.878423975694601467e+01 6.031990048943695371e+01 8.035950774560146215e+01 9.685025825386810538e+01 1.051099444427967740e+02 9.679395543176285344e+01 7.668227007752048507e+01 6.600235611534297675e+01 8.588816380538273165e+01 9.834745148989567554e+01 1.126523436298591037e+02 1.107375773102378815e+02 9.115762023349678600e+01 7.731133956994455048e+01 6.729264893549478188e+01 7.250975729012402837e+01 8.764490615116427819e+01 9.746433618584129022e+01 1.032945499298501630e+02 9.751122646187585019e+01 9.165719123497963494e+01 7.704709327142575148e+01 5.722492581731862771e+01 4.574283240020136532e+01 6.265867183834471632e+01 7.085230119999808096e+01 8.203074191602387089e+01 8.407704913386666590e+01 7.441504782003563889e+01
9.650866046153055322e+01 9.154650501351302694e+01 7.477992821572756554e+01 8.586967186983329725e+01 8.728340034409391990e+01 7.165729989476135131e+01 5.160603435953049001e+01 6.515181031256919653e+01 4.644994290522313918e+01 6.643197665040469246e+01 8.273478699432241967e+01 7.688796735319039044e+01 9.685025823910164888e+01 9.457390677521523514e+01 7.449055579280769734e+01 6.057477692363442401e+01 6.997568094420782359e+01 8.404255934993227584e+01 9.740042700177552604e+01 1.057903916639020707e+02 1.050645940414849662e+02 9.525233682307394645e+01 8.083766357768533339e+01 6.085083676119388230e+01 7.175749463230958725e+01 8.936020376077794936e+01 9.110731970489571552e+01 8.293725094470070758e+01 9.110731970489571552e+01 8.522335976610226282e+01 7.201140113571734958e+01 5.270097828331222445e+01 4.285251137719662040e+01 5.404053778992859947e+01 6.803565144114905650e+01 7.430758949401474922e+01 5.759343849469370014e+01
1.005110282853934081e+02 8.326589245376220561e+01 6.318668409910440431e+01 6.579276673681422949e+01 7.996865659752202760e+01 7.995549863605126006e+01 6.515181030576309240e+01 4.516126516162218962e+01 4.415162666822428150e+01 6.410911241670395100e+01 6.281535659706474206e+01 8.273478697631129819e+01 9.548381183168427810e+01 8.712401269854564134e+01 7.583084750805467422e+01 5.604685478526043596e+01 7.583084750805493002e+01 8.316285757851366611e+01 7.726546322817023338e+01 9.740042700177552604e+01 1.029788717613598124e+02 9.478978314731452315e+01 7.700799589100518006e+01 5.709291454594266213e+01 7.700799589100518006e+01 7.992405921459594254e+01 8.129490765452828782e+01 6.335362730245000762e+01 8.129490765452828782e+01 9.113555198114717371e+01 7.201140113571734958e+01 7.045005155775571382e+01 5.984229179611904215e+01 4.009422382116908778e+01 5.711562252919494398e+01 6.123598646785432464e+01 4.908349984797988697e+01
9.224855040513257620e+01 7.216271660723880643e+01 6.057470846756516636e+01 5.163895780028424554e+01 6.435770121637591501e+01 7.265395702908161013e+01 6.088981171373024637e+01 4.094834458036252300e+01 4.643417981125399763e+01 5.216851549469477334e+01 6.366737359705951604e+01 8.358937845108526687e+01 8.712401269854564134e+01 6.715920345743469966e+01 7.195079008937938170e+01 5.216056818616878132e+01 7.195088731717167718e+01 6.328392415963423900e+01 7.726546322817023338e+01 9.740042700177552604e+01 9.478978314731452315e+01 7.508616428198384085e+01 7.348747362426132668e+01 5.354462954688865040e+01 6.865062350739515296e+01 6.013275347537340565e+01 6.336855947193213012e+01 5.344078220221016551e+01 7.314282365902005267e+01 8.540312191583443280e+01 7.516920105022707332e+01 6.701023195175254443e+01 6.799624191506451609e+01 5.711210505336606502e+01 3.740423780373627949e+01 4.613625567953771878e+01 3.545199744110058049e+01
9.638250285917695237e+01 8.893787850525001204e+01 7.853862265242969443e+01 5.848377123060323157e+01 4.438506363141514299e+01 5.804179865055896670e+01 5.642708948547256398e+01 3.909151558285230266e+01 4.900467083300318905e+01 6.313621200211736806e+01 8.034655894047891422e+01 9.185349469249983656e+01 8.408027787158428623e+01 6.415143753993541509e+01 5.320552114550918077e+01 4.849582439057372341e+01 5.343356315382381894e+01 6.224589551855108738e+01 7.361728466735070242e+01 9.369794692092757771e+01 9.224030692777493812e+01 7.252422311953777978e+01 6.095653654910881869e+01 5.424544032671298055e+01 4.870909152218588645e+01 4.607283327230209125e+01 4.353904149979897653e+01 5.834582512475005700e+01 5.650032061967872465e+01 7.682020179381822800e+01 6.665784748455594411e+01 4.718825914663131016e+01 5.275046461368386730e+01 5.320554659175537182e+01 5.374024544005792592e+01 3.470397711051383283e+01 5.444478356003172337e+01
8.479705571336705816e+01 8.835025267775489510e+01 7.678462206041750449e+01 6.849872301395141960e+01 5.804142346933585372e+01 3.812902301763724466e+01 3.652815306290910513e+01 5.641451539497897016e+01 6.728214383865781656e+01 7.730894881674694830e+01 9.148168561304363777e+01 9.387547089178539750e+01 7.972107500512179001e+01 6.415147268156859184e+01 4.443579569394574946e+01 6.415124008114334231e+01 7.322317837075787850e+01 8.154153399508392397e+01 9.046621193772483593e+01 1.020902522969358301e+02 1.004215568088219470e+02 8.903251802167179108e+01 7.422365927218551462e+01 7.393145562827017159e+01 5.623268343268534153e+01 6.592949271784773657e+01 5.932516996047908009e+01 4.022868536415685270e+01 5.643908899196529205e+01 6.466254051471881326e+01 5.794429461568191186e+01 4.654591550354913920e+01 3.296115086347150225e+01 3.347069967315405847e+01 3.398033096967201772e+01 4.927281596444158396e+01 5.345425854789245079e+01
7.650105938482468559e+01 8.008093060501464322e+01 6.002035911852480865e+01 4.849498281378297548e+01 4.099958889836414500e+01 3.399316765134012286e+01 5.388968227085096174e+01 6.470676575026040211e+01 7.518587932876360469e+01 8.523258289807669996e+01 8.555889398109349031e+01 7.723709442357201738e+01 6.556662583625092111e+01 5.162383563334354619e+01 4.190971563606387207e+01 6.151684784157470887e+01 6.899752859391038839e+01 8.895096834776924766e+01 9.119029885152016845e+01 9.926041178181878877e+01 1.040561425674679441e+02 1.021904605753038453e+02 8.885811933469389601e+01 6.986718901775350332e+01 7.012779926643700890e+01 7.436864221172264422e+01 5.465478974121418787e+01 5.687673016569987539e+01 3.711997776940729210e+01 5.377796236354044623e+01 4.332748559398427091e+01 3.224121525000280997e+01 5.205118657962331952e+01 5.324951534584165103e+01 3.952159309330154713e+01 4.297487984143692330e+01 6.268863043479275632e+01
