MOVIE_S4_data/elevation_000037.asc
nrows	100
cellsize	150.0
xllcorner	0
ncols	100
yllcorner	0
NODATA_value	-9999
[rows 34 to 50 of 100, columns 37 to 73 of 100]
4.926413259639961950e+01 4.453733082969234403e+01 4.063861751166100333e+01 6.254843609165916973e+01 5.707939849797192977e+01 8.687938426643292189e+01 8.345608421965796708e+01 7.550059649665607253e+01 4.553660434935052592e+01 7.549794886824984985e+01 7.831596161959245705e+01 8.974801410001109048e+01 9.023259083053395102e+01 6.368947653665779285e+01 9.697525016470233084e+01 8.788868911476811263e+01 1.136357366419221080e+02 1.302635138731185407e+02 1.313550319799793726e+02 1.358727758206788394e+02 1.228962726181404719e+02 1.116358115042001629e+02 1.018570027951777064e+02 8.532029926185310842e+01 6.297529528866448345e+01 7.821565241032767801e+01 7.500765383413821041e+01 8.387059044784332684e+01 7.928146176736279926e+01 6.180285413931232341e+01 4.200050314801959672e+01 6.158185829550550494e+01 7.240300901264076572e+01 5.246064304879146789e+01 7.250209050055323701e+01 8.756565607202686863e+01 9.278957335652660277e+01
7.996238331864130089e+01 6.043587473680898370e+01 6.836174132400074654e+01 4.975319750543810216e+01 8.022559463932033452e+01 9.766960359057578955e+01 1.028161571517591995e+02 7.108876074524366118e+01 5.347036505320190969e+01 6.991792108651731041e+01 1.004454452079773858e+02 1.103290806568998903e+02 8.031092858968247583e+01 9.697178388487849077e+01 1.069225142096256178e+02 1.148582388108022627e+02 1.025380839504891100e+02 1.140759840565368251e+02 1.305158646355903613e+02 1.307087027259700278e+02 1.009402802381355428e+02 8.616017104383730896e+01 7.732969689638849786e+01 7.025066790800796923e+01 8.532029926185310842e+01 9.446564157369482473e+01 9.099513210316540324e+01 6.961196377285081383e+01 7.592452266450277421e+01 6.124317232583661053e+01 4.205296563047809144e+01 4.152046346578791258e+01 7.583455908501571230e+01 7.250347323977943859e+01 5.804661033975450835e+01 7.862220283084822370e+01 9.484013092719548865e+01
1.014960257199368812e+02 9.089260110148096317e+01 8.011134426298050926e+01 7.135823625255338243e+01 6.570154961383602199e+01 9.652444513272456561e+01 1.116194772499902683e+02 9.195973127270626435e+01 6.523090222421203066e+01 9.519333058687927007e+01 1.102427208848826723e+02 1.103290806583348029e+02 1.041750016849356228e+02 1.031411000158842199e+02 1.259733715342185008e+02 1.269474813986937960e+02 1.231835164044527318e+02 1.302645016702024350e+02 1.337239506781852185e+02 1.355388796574223704e+02 1.226252527409582171e+02 1.102145383924689668e+02 8.727501589192112874e+01 9.362921639453905698e+01 1.032506680392936573e+02 1.115863866274279133e+02 9.107821701986185303e+01 7.593266498237380802e+01 5.341877742003958929e+01 6.056056233944001832e+01 4.115906790184864406e+01 5.472194812557242471e+01 7.538765660038728811e+01 8.756565607202686863e+01 7.862220283084822370e+01 6.433613970336922705e+01 7.651771906706763104e+01
9.304718959969140712e+01 1.019550999326577738e+02 1.082797146068560323e+02 1.016214954406393076e+02 9.551005987005108011e+01 8.853060087028408986e+01 1.154609921372682351e+02 1.058243613879644585e+02 8.499838668393745422e+01 9.696296299330353463e+01 1.223104346771839488e+02 1.326529367192943027e+02 1.294536963028064349e+02 1.254103390796780815e+02 1.330805277078972892e+02 1.385886220612300406e+02 1.256310031085298533e+02 1.177759893524372785e+02 1.257312731025509720e+02 1.293698095812727047e+02 1.210095757148703228e+02 1.196569003998165499e+02 1.103947889990313911e+02 1.114047268385589149e+02 1.021889914323245137e+02 9.334283513000805499e+01 9.726667085773152621e+01 7.593266484966454755e+01 6.533543526508803723e+01 4.046339390926402046e+01 4.269436571183529594e+01 5.428134819176114689e+01 7.532490370527023060e+01 8.742329971314566706e+01 9.395619750963925298e+01 8.569212466112311688e+01 7.313763510852736260e+01
6.899254752590562134e+01 9.053786577908692834e+01 1.044027037546581056e+02 1.052695453386153588e+02 1.127536226735020080e+02 1.150737423948069846e+02 1.238822277919586838e+02 1.188851038388694832e+02 1.105292238733098742e+02 1.111161330841109987e+02 1.063261147840331233e+02 1.177861015875697319e+02 1.169403599410564851e+02 1.066727462716474122e+02 1.169403599410564851e+02 1.264814880240674597e+02 1.072084027175583287e+02 8.863869541535515850e+01 1.120902677581124038e+02 1.160588500074533727e+02 9.675549582584388020e+01 1.133452921567753435e+02 1.109522789792103623e+02 9.855462142271881021e+01 8.096432611614584118e+01 7.188576205406410224e+01 8.981656880025246892e+01 8.477741133066729162e+01 6.311832650229897013e+01 5.090149338744446084e+01 3.972026918988738231e+01 5.944576492826166714e+01 7.279024122816332465e+01 6.875589592628048763e+01 8.744244528270867534e+01 9.568290009655554229e+01 9.533883630831378753e+01
5.816725438602794185e+01 6.955878873562737397e+01 9.372690277258357128e+01 7.925125580149382643e+01 9.948175718623083696e+01 1.151505196149290668e+02 1.100700008587911327e+02 9.910402846128637577e+01 1.077485771739935672e+02 1.021704075176525350e+02 8.028354362157905655e+01 1.033558317680829930e+02 1.043011955860901026e+02 8.273302959945696955e+01 1.043011955860901026e+02 1.141529861089113638e+02 9.117494275029719120e+01 7.544363695213577614e+01 1.011235082093071327e+02 1.054372933180986678e+02 8.350400692427913896e+01 9.101951486327118346e+01 1.021441932799726402e+02 8.058434396004599876e+01 6.828269080957798565e+01 5.993299637383035616e+01 7.270869461790613286e+01 8.152499380674748863e+01 7.669419916013772820e+01 5.881531629291549734e+01 3.917953115869213576e+01 5.876791989431377061e+01 5.398785408890510951e+01 6.977305120800153304e+01 7.469646242029479311e+01 7.479498429614193356e+01 8.832354294203716449e+01
5.085238962248288175e+01 6.920124742925898431e+01 7.691435774783430190e+01 6.603650745173059988e+01 7.918809658829016485e+01 1.047744464924799246e+02 9.722564496208882190e+01 7.555831168650446727e+01 9.657071836027725453e+01 9.182143221657632637e+01 6.881200809264817053e+01 9.194320054491836913e+01 9.391047431418846259e+01 7.229478040613636836e+01 9.391047431418846259e+01 1.035688421714202008e+02 8.460004998256401620e+01 6.754134610714609721e+01 9.184351645763716476e+01 9.605149705614050504e+01 7.362080247754308004e+01 7.532554272125769046e+01 9.387596727762884541e+01 9.855462142271881021e+01 8.770807592436898403e+01 6.649574745356368055e+01 5.211903392221815068e+01 6.602793234245166332e+01 7.100846723591999421e+01 3.841292328956426161e+01 4.244867485290599518e+01 4.235374981795014548e+01 4.610059623045439281e+01 5.021501083249754771e+01 5.505133969778851366e+01 6.143060776515306287e+01 6.816905052209756377e+01
4.544689362026245760e+01 5.020244961774766779e+01 5.547243594424877244e+01 6.756183915412619001e+01 8.785714898143008611e+01 9.995770564977918582e+01 8.661730308902950526e+01 6.505742884886359434e+01 8.657680053044992974e+01 8.355572674679332579e+01 6.181541066924794592e+01 8.357955241443931982e+01 8.638305961065138661e+01 6.547113444955601835e+01 8.638305961065138661e+01 9.478410721354256907e+01 7.397196290230695581e+01 6.191157724847074917e+01 8.412367681551043574e+01 9.443064190186296969e+01 8.469630759802079467e+01 6.302383543859922099e+01 8.469431499644441885e+01 9.251732496607287715e+01 9.308746365073379536e+01 8.151483962410135575e+01 6.602793234245166332e+01 4.578373464185894903e+01 6.002788010260109530e+01 5.690790945729199279e+01 3.764988645372197595e+01 5.129423055060969716e+01 6.534998694772141903e+01 6.134532216393623827e+01 7.469646234963035170e+01 7.467667567856049970e+01 8.832354521447086881e+01
6.135686908392835193e+01 7.131272256437351587e+01 7.691577930063898805e+01 8.615859788572016953e+01 9.796053697250296466e+01 9.047870479505310470e+01 6.894638774314715590e+01 5.825924862017173922e+01 7.916740162188909835e+01 7.699386107628146192e+01 5.590274536894429502e+01 7.699386107628146192e+01 8.020826581994259641e+01 5.958405899789928384e+01 8.020826581994259641e+01 9.456003484919241941e+01 7.211485499902263996e+01 5.689237767312311433e+01 6.494091422255311841e+01 8.107727439828951788e+01 7.906837522348324399e+01 5.781549865768618446e+01 7.174389552657949309e+01 7.097598822952998887e+01 8.434107526988556458e+01 6.328867557755378925e+01 6.715471727871174323e+01 6.002779081039474107e+01 3.999113626036312041e+01 3.690289235668413426e+01 4.216832726621487382e+01 6.176493909028152984e+01 7.800647974549140429e+01 8.122729131098120092e+01 8.980270856142321634e+01 9.504972232317398095e+01 1.004507189173574488e+02
7.010444506211230475e+01 8.813593945176006628e+01 8.727020092342417001e+01 9.615318471712119219e+01 1.002371401333818142e+02 8.844879958538815856e+01 7.257266435233124469e+01 5.218102867643052889e+01 7.273503280589584108e+01 7.138812279059118282e+01 5.069472402919539178e+01 7.138812279059118282e+01 7.480420585274289635e+01 5.435354309966771780e+01 6.875252036852471349e+01 8.939302697418960975e+01 8.457565224603187914e+01 6.282035876567395150e+01 5.091001400619816764e+01 6.645293356480686953e+01 7.537434342963875622e+01 7.174384136786542854e+01 5.100031661336424804e+01 5.628207301828850007e+01 7.398165411987875473e+01 6.715467695626578859e+01 4.670277931205311006e+01 5.534886280670703940e+01 3.616439047869380374e+01 5.008186985092049781e+01 6.200481298858781543e+01 5.404140099121360663e+01 6.951939075536353130e+01 9.197381028926814395e+01 9.401539459802948784e+01 9.683679508525793267e+01 7.874656642816921703e+01
5.932299960143615181e+01 7.248424714096707078e+01 6.655662707645058163e+01 8.728651170298549289e+01 7.748293865678040504e+01 7.957937735366012078e+01 5.897950909830397848e+01 4.734732276768200876e+01 6.135761630436733327e+01 6.640506561887049486e+01 4.600302534170437241e+01 6.640567531525672962e+01 7.006077128173970436e+01 4.974612640612379266e+01 7.006077128173970436e+01 8.431431703284526691e+01 9.367268304020238645e+01 7.875083412594698018e+01 5.745024552762243530e+01 4.577711442872490011e+01 6.156602127889819087e+01 7.037251170324358895e+01 6.515808115781871379e+01 4.479911203671256459e+01 5.949444834620100409e+01 6.328069004418745891e+01 5.473946977510535561e+01 3.543613469412191108e+01 5.525271849722962259e+01 6.467365059613953804e+01 7.916904739981087857e+01 7.609613796923653695e+01 8.523194686239862961e+01 9.401539459802948784e+01 7.248439644691021044e+01 7.643540822367948806e+01 6.643432546764006474e+01
4.537306603119837689e+01 5.208358006049508049e+01 7.249898183462583745e+01 8.031167887885992229e+01 6.135216930097327293e+01 8.034265507542886553e+01 7.310676339748721375e+01 5.275664368660332570e+01 4.127171567507468097e+01 5.585984032002774313e+01 4.171961272062609538e+01 6.187588376018394598e+01 6.569533910938689303e+01 4.551015697907770630e+01 5.553267437638791648e+01 6.982702429311753178e+01 9.011386369504462834e+01 8.774025798766987805e+01 7.537441218272637400e+01 6.156602127889819087e+01 4.125447356264415077e+01 5.706857883310131996e+01 6.551818916376261370e+01 5.895703182816897936e+01 3.941603654964132630e+01 5.403053608728330204e+01 3.490978005900804959e+01 5.391534898220258043e+01 3.619464138940821840e+01 5.611407086487021445e+01 6.556139490622160793e+01 7.234839712943643519e+01 8.113447019724651454e+01 7.699455047585914258e+01 6.815321285276303342e+01 5.548802202230369573e+01 7.613540771694275122e+01
5.932881810142253443e+01 7.255112635028027057e+01 8.108323073173698958e+01 7.097073261980590075e+01 4.846665570958383285e+01 7.097073261980590075e+01 8.176162650775329155e+01 6.992039185613209895e+01 5.585984032002774313e+01 3.602131611998115801e+01 5.418869567068328763e+01 6.449767392627637719e+01 5.677337952559675216e+01 4.180355688923296498e+01 5.328646435936036596e+01 7.341694877043742906e+01 9.021389678975216952e+01 7.957172357041108057e+01 7.079532879199042839e+01 7.037251170324358895e+01 5.706857883310131996e+01 3.707790928538697983e+01 5.290434921005425650e+01 4.704431652088589999e+01 5.358858885208659473e+01 3.437988570329762439e+01 5.391403738298937043e+01 6.274331095805845848e+01 5.603138545280521754e+01 3.695651460122279275e+01 5.689585756096136038e+01 5.170390477425023334e+01 7.234886834682193069e+01 6.815312376489242752e+01 4.768770076097273147e+01 6.117405575373781801e+01 6.176688855328609407e+01
7.981707264078158914e+01 7.321782084024539472e+01 6.383814539224571405e+01 6.301114498273598485e+01 4.094963158247226431e+01 6.301114498320825419e+01 8.094051019506525790e+01 6.727659067785828029e+01 4.724630543670627247e+01 3.346481497652019499e+01 4.943694570059108173e+01 5.230756767598423096e+01 3.696831660289117139e+01 4.689520611630968006e+01 6.251364521000616037e+01 8.191303649682335219e+01 8.147737123238758272e+01 6.011328635277011756e+01 4.982460964693454741e+01 6.030248375461568600e+01 5.465952398203175733e+01 4.176171981702270131e+01 3.308465725647162259e+01 3.346780801780669634e+01 3.384810901492107860e+01 5.346942506000931417e+01 5.051291072349028610e+01 7.130974980230024585e+01 6.428934663038957353e+01 4.708296037292065961e+01 3.772614611719273370e+01 5.775087036890278824e+01 5.932151568070417369e+01 5.974067740710327712e+01 5.336074936291490189e+01 4.100318446812654827e+01 4.158345219079499344e+01
7.116792851403654652e+01 6.378610219974522266e+01 4.178370987080672450e+01 4.821416909025951725e+01 3.478194088484924151e+01 4.977227798697188632e+01 5.963891905744814892e+01 5.498521758019798966e+01 4.618179130713632219e+01 4.663665228022786380e+01 2.997875493214223397e+01 3.274524352524663584e+01 5.230756767598423096e+01 6.513903158925374726e+01 7.612261671317033063e+01 9.344947506207479648e+01 9.021389619095471346e+01 7.957172356987639716e+01 6.030996921919689413e+01 3.970929655701001337e+01 3.311875939248424316e+01 3.254116194534372397e+01 5.233520932585228991e+01 5.325932344157307341e+01 3.467089458885614306e+01 4.368177745297791859e+01 6.409565532217756356e+01 8.026848999494914949e+01 7.620726447261951364e+01 6.409800594076361335e+01 5.378948492811338156e+01 3.850528698397538108e+01 3.906296694051606977e+01 3.962399496295747525e+01 4.018737467804550079e+01 6.029823449506397992e+01 6.176445031649952710e+01
4.724240511715106550e+01 5.037442987888459101e+01 4.456034484367126680e+01 2.708215061903695542e+01 4.411875451682100646e+01 4.425815366544865270e+01 3.783646803734829689e+01 4.403893200650797013e+01 2.939555468298327057e+01 2.736674722522745995e+01 4.623108955849028234e+01 5.142346037366034750e+01 5.940932005769546720e+01 7.591455233512364487e+01 7.499447889426625125e+01 9.049392226279326223e+01 9.252219736982780773e+01 7.099232630396627997e+01 5.627693122070395759e+01 5.973596501071654785e+01 4.982843884973370052e+01 3.214912661296396834e+01 3.993222260453725170e+01 6.154207847037184820e+01 5.248378462890079277e+01 6.392312043925831944e+01 5.797712154170578458e+01 7.886710255683037474e+01 8.538015850847305899e+01 6.669770302378813653e+01 4.620955861056023650e+01 5.824613332634412188e+01 5.231369225675360468e+01 5.969528523145363863e+01 4.293102351471404887e+01 4.770379762692639503e+01 6.834531736807099378e+01
4.184412240239046810e+01 2.165907015418794757e+01 2.197370461413006737e+01 2.229400763939765184e+01 2.262151982992868682e+01 2.295539288938551081e+01 2.329466764389851718e+01 2.363812752224928104e+01 2.496232733759557121e+01 2.844994348062217782e+01 3.270829233675485170e+01 3.834858601543164269e+01 5.675201657682902834e+01 5.907978620095125422e+01 7.591442294412770764e+01 7.963301536885813903e+01 8.838350212009613927e+01 7.947439379019134265e+01 6.382759344279310909e+01 5.457802370328159469e+01 5.098561160766266909e+01 3.175151230565484894e+01 5.159721315732444680e+01 6.195213896130999132e+01 7.067974458655186254e+01 8.155900050356069642e+01 7.886710255683037474e+01 8.766175186632810323e+01 7.655268819199048380e+01 5.565373829676026673e+01 6.670088343169923917e+01 7.250412790197904656e+01 6.493065287772085981e+01 4.677350996957217433e+01 6.393083819103834742e+01 6.834571522708529301e+01 5.709804890224482676e+01
