MOVIE_S4_data/elevation_000094.asc
nrows	100
cellsize	150.0
xllcorner	0
ncols	100
yllcorner	0
NODATA_value	-9999
[rows 68 to 84 of 100, columns 37 to 73 of 100]
8.927302102360744129e+01 6.965438041888225484e+01 7.540054721217737210e+01 6.662983273999643075e+01 4.738249881985915835e+01 3.944203157351407185e+01 5.298033330599933066e+01 3.382219367170188207e+01 3.188542412433561779e+01 4.646402956335916201e+01 5.228672510806661222e+01 5.293655850021711728e+01 5.342180342660850556e+01 4.656854676820254468e+01 3.563947204898560273e+01 5.088285662016323130e+01 7.332268149998955664e+01 8.474339211553481732e+01 8.584751747180888515e+01 6.697882821684349608e+01 7.205706846014209077e+01 9.153346550350444488e+01 8.786340494705052606e+01 7.726759878792032055e+01 5.778219919709966490e+01 5.830506699839649087e+01 7.778855598544978989e+01 7.518111344246484862e+01 6.138795650804220116e+01 4.866725179537674251e+01 6.803152254303012114e+01 6.963139073221893227e+01 5.294886300360563780e+01 7.398723286086904238e+01 9.033048101909948002e+01 8.257727371714724995e+01 6.704558260481567800e+01
9.742571358320817865e+01 8.927302102361755942e+01 8.019398330115177487e+01 6.101137761549526317e+01 6.313108075692134236e+01 4.390770365647541240e+01 6.216061067002758733e+01 5.610691575079545146e+01 5.175501941756436253e+01 3.683115271101166144e+01 4.750799904649749550e+01 6.410046456533298453e+01 6.921461597226789308e+01 5.443305706535898025e+01 3.646979675619181194e+01 5.113927171200891308e+01 7.319207489719708803e+01 8.620225970152038997e+01 9.457382011209794825e+01 7.827755199960245136e+01 9.153346550350444488e+01 9.963796648347558005e+01 8.765434659692493824e+01 6.822252076441498048e+01 7.726759878792032055e+01 6.334389681799164862e+01 8.281631200077050892e+01 8.893041277014756929e+01 7.573980402921405641e+01 6.656904520639955081e+01 4.955392155445413493e+01 5.018408487651247896e+01 5.081562415526660459e+01 7.029330486043858173e+01 7.933884166676715211e+01 6.250782813732410403e+01 7.845485114847386399e+01
8.450439505072441193e+01 9.552952716054620907e+01 8.822560466536445745e+01 8.019398330115177487e+01 6.778343755001240822e+01 4.860127911509808740e+01 6.778343755001240822e+01 7.524742840606398886e+01 6.016307324973058002e+01 4.058372932712311609e+01 5.418649638819522352e+01 7.115975721476641525e+01 6.773452468046357922e+01 5.446594269219733064e+01 3.731203195669073835e+01 5.712147624484167352e+01 5.967677528415744348e+01 7.289197993549498733e+01 9.158150497816126290e+01 9.769657518668385876e+01 1.058165820520374751e+02 1.034925625503862676e+02 8.409478878939201252e+01 8.197604634669509949e+01 8.820172613526409577e+01 6.878433933373892728e+01 8.820172613526409577e+01 8.788694475818758178e+01 6.840032906378100108e+01 5.705428835803920151e+01 6.895981496789082144e+01 6.958909143900672234e+01 6.471442551071413618e+01 5.172076894531371494e+01 7.124920769268143772e+01 7.455049047750719637e+01 5.813793758431955183e+01
6.746486318934651649e+01 8.332517562108891696e+01 9.162043588850411879e+01 8.342322240693442836e+01 6.426847611375131919e+01 5.440304669240128987e+01 7.355925025936207362e+01 6.661722221119600817e+01 4.672507663692792335e+01 5.417176482500182289e+01 6.875295256964957957e+01 8.186852946998826042e+01 6.600437115657804554e+01 4.691882260150775608e+01 3.817065889479132323e+01 4.620018964825969476e+01 6.545968519080535941e+01 8.082297139308732881e+01 9.082225476186260948e+01 8.368242371651821543e+01 9.176662354069750904e+01 1.000154719365804965e+02 1.034925625503862676e+02 1.013629760722561315e+02 9.432244579794706851e+01 7.496703074449133908e+01 9.432244579794706851e+01 9.596537110195089326e+01 8.318127447427345089e+01 6.360131717239656979e+01 8.317260736201650673e+01 7.987230839851348208e+01 6.035695645091441008e+01 7.124897404950276325e+01 5.263582837128422653e+01 5.469953017436859000e+01 7.455838156009822626e+01
6.746486318934650228e+01 6.363222062103501742e+01 8.332517562108891696e+01 9.146581001061736060e+01 7.993339380161977203e+01 6.081096323635918566e+01 7.993339380161977203e+01 7.169642803619659333e+01 5.137710247728397661e+01 7.169640173861259314e+01 8.332728309602673278e+01 8.239197139991230756e+01 7.278983460599076238e+01 6.444145744274320009e+01 5.773615449312122649e+01 3.943388031013687112e+01 5.329258773923969272e+01 6.831638481517268247e+01 7.148164975611973659e+01 6.442677380206299631e+01 7.256516905498634173e+01 8.545261541584245890e+01 9.354369640574245182e+01 1.047720587253996740e+02 1.023922229394723331e+02 8.864739628253119008e+01 8.864739628253119008e+01 1.080232273052029370e+02 9.126887369924833138e+01 7.242835423900000080e+01 9.030696797652926477e+01 7.082176573634410488e+01 7.989168918734436886e+01 8.030671901598212514e+01 7.221501328912991369e+01 5.359053846411308797e+01 7.321805911497234831e+01
4.979857680635861072e+01 6.109203576317973727e+01 7.493474709083508856e+01 9.478671414205351198e+01 8.794768041761831512e+01 7.038349950395678434e+01 8.794768041761831512e+01 7.749350681220563786e+01 5.658879505870058324e+01 7.747991207514412793e+01 9.066081594408950650e+01 7.432100520626906359e+01 5.496838439553132361e+01 4.999749113576019255e+01 4.554288767385283876e+01 5.899174790671349200e+01 4.075887567788696231e+01 5.205764614283550173e+01 6.578151573854790968e+01 5.338440952139740858e+01 5.942491872922420981e+01 6.618988059635350396e+01 7.726830039718015541e+01 9.663259764390983264e+01 1.063138114273725705e+02 1.080232273052029370e+02 1.080232273052029370e+02 1.161370495980285114e+02 9.998214933588586462e+01 8.368573585066599207e+01 9.030696797020998190e+01 8.460542905818567760e+01 9.840521510804198613e+01 9.049531781160204957e+01 7.691473205724436468e+01 5.722862936627506514e+01 5.457054311407443237e+01
4.959161231167043127e+01 6.919325645035867467e+01 8.500427169260034077e+01 9.331107129786782650e+01 9.755386670484890033e+01 8.384392385372862577e+01 8.899544639304210136e+01 6.747731121222834361e+01 7.119619669599117628e+01 8.626199855410557404e+01 8.257427459281154825e+01 6.322929785092729560e+01 7.432006837697427670e+01 6.116461888371966893e+01 6.494505123343138564e+01 6.834349975252703757e+01 6.027892640463757346e+01 4.210826299263408856e+01 4.662103226794000932e+01 6.578374648773174727e+01 7.864221020831298858e+01 8.545261541584245890e+01 9.354369640574239497e+01 9.737149928262216747e+01 8.734430275625311424e+01 1.008795708124880974e+02 1.093778024526168622e+02 1.205374491766687868e+02 1.112250120402448204e+02 1.030749208962137260e+02 1.098065501189886533e+02 1.040717005595926992e+02 9.648687943359198016e+01 8.245635637794214290e+01 6.286374344811017068e+01 7.691474205027077460e+01 7.424707859512739105e+01
6.088624371218958942e+01 5.794173100516652397e+01 6.530170331874569456e+01 7.917004701758303042e+01 9.908933602895905324e+01 1.030979191984656040e+02 9.767658090943901072e+01 7.821641081890982150e+01 9.267706266703189044e+01 9.291765662990530927e+01 7.357584023021726694e+01 8.257427459281154825e+01 8.859853629343636783e+01 8.055193085339166714e+01 8.203461139799773605e+01 7.684869734708988176e+01 6.646674211491843209e+01 5.084159819833321592e+01 4.348902786917646068e+01 5.472592525571593569e+01 6.894604745646715571e+01 9.035385297402973492e+01 9.084249393934049976e+01 7.870039257668898358e+01 7.437843748690693246e+01 8.250403438610148044e+01 9.320200899301983100e+01 1.123884041178502997e+02 1.248246667228215472e+02 1.150968672557692116e+02 1.069669437053753995e+02 1.001837928284342780e+02 8.844721042423091717e+01 6.903456379602543791e+01 8.245635637794214290e+01 8.755112580410539636e+01 7.602571892536057874e+01
8.054084685038662883e+01 6.920392582217503730e+01 8.500427169260034077e+01 9.330912514443944872e+01 9.132419501196098111e+01 9.970896529049745993e+01 1.083205999411542280e+02 9.977452587692121710e+01 1.083193388721259964e+02 9.292146937557104991e+01 8.720073601963392207e+01 1.011224194994910874e+02 9.565536772443739721e+01 7.639270940250709430e+01 6.262780991040624912e+01 5.765073131828277297e+01 5.363162601340943780e+01 6.385735512515342549e+01 4.446277274696260662e+01 5.816374860244214773e+01 7.764538568731437351e+01 8.577316115675107255e+01 7.197161329912441374e+01 6.570882815857879677e+01 8.416903311859915959e+01 9.832967858825197993e+01 1.065585656950697029e+02 1.180604272591969703e+02 1.166235925646321192e+02 9.731029484611893565e+01 8.778129577378896897e+01 8.098953329298772985e+01 7.579218047286533988e+01 8.844707226106930875e+01 9.282914433260080500e+01 7.943599892074450963e+01 6.014974497229351158e+01
8.351326741355255479e+01 8.896846926452516868e+01 9.729253326330808704e+01 8.799847795945328244e+01 7.102713089170187288e+01 8.799865986829563269e+01 1.036728854779534430e+02 9.529905056007689268e+01 1.036727808700590288e+02 1.126040635866363999e+02 1.067329718107350942e+02 1.027299845243564818e+02 8.358433004545830158e+01 7.238136870477893581e+01 7.639270905775065046e+01 7.680574210743648678e+01 7.037577330996752778e+01 4.882111988118781909e+01 4.543014298697580244e+01 6.483579818743072565e+01 7.396772013981782834e+01 7.260666923460716760e+01 5.819366378355958602e+01 6.388991322730450406e+01 7.033195456285463365e+01 7.780968923238168600e+01 8.988673533495497736e+01 1.098629535549659124e+02 1.248246667228215472e+02 1.150968672557691264e+02 9.663548175044017796e+01 1.001837928240371554e+02 8.941352486862986382e+01 9.850875231208613059e+01 8.473708974378828884e+01 6.490227850409834787e+01 7.943292786212219880e+01
6.913497485460743519e+01 8.948585795131735665e+01 9.467828133462144535e+01 7.960564939406843621e+01 5.923708939846655142e+01 7.960564939828547892e+01 9.354822378334822019e+01 7.503639896976295631e+01 9.354822378334822019e+01 1.066351619386326206e+02 1.090767449401101743e+02 1.105680378788304665e+02 9.958266133824432131e+01 8.358445979472736553e+01 9.565532332239942548e+01 8.225851585854515235e+01 6.259522090201825506e+01 4.887113794348732654e+01 6.483579818743072565e+01 4.693090910732848897e+01 6.443001655359458368e+01 5.310610285070767134e+01 7.260666923460716760e+01 8.445730454729405778e+01 9.106869264706237743e+01 9.832967858825197993e+01 1.065585656950697029e+02 1.048473711426113795e+02 1.129636411875328150e+02 1.241582573170117172e+02 1.159719665846837273e+02 1.168047253477903382e+02 1.051661239664995122e+02 9.043955991392370208e+01 7.068567995679788396e+01 8.473708974378828884e+01 9.168048080760672747e+01
8.351316450332315355e+01 8.194550155342123787e+01 8.470515079372859191e+01 6.594541039336570520e+01 5.197961378186937509e+01 7.240425141116156738e+01 8.516772206874418316e+01 6.484571290279980360e+01 7.798290506138003764e+01 9.625951398752212640e+01 8.881094505514548132e+01 1.031362237527441579e+02 1.106197877637123526e+02 1.027455434707189852e+02 9.402328712632018437e+01 8.277020044509606578e+01 7.088174987527351334e+01 5.132432796554255106e+01 7.085307117392822818e+01 6.315030200609131583e+01 4.841754318916883193e+01 6.782604993473910326e+01 8.054867521499687655e+01 9.307500889300821711e+01 1.023339303366102229e+02 9.930161957922804561e+01 9.126542448141879049e+01 8.563959797092478254e+01 1.048473711426113795e+02 1.201440433552336913e+02 1.240188237199813841e+02 1.127596367813149243e+02 9.708515935875799130e+01 7.771013906006577088e+01 8.226730195625245301e+01 9.850997986025295461e+01 9.986463423929869521e+01
7.595949743959198486e+01 6.158143734512052703e+01 6.435416021917549756e+01 6.594541031767954564e+01 4.546581071982202360e+01 6.594541031767961670e+01 7.798283456795601865e+01 5.760675461546762932e+01 7.798283456795601865e+01 7.596731886414251278e+01 7.445133444360745045e+01 9.474665400965365336e+01 1.099183984600104935e+02 1.002322488240148033e+02 8.596243804543058786e+01 6.645897043462758802e+01 5.503562048797203943e+01 7.088174994649659766e+01 7.593509793741880287e+01 6.189852653736887333e+01 4.951744291489176675e+01 6.894801376504119617e+01 6.599067499664215575e+01 7.970510556530034307e+01 8.307228394426589091e+01 8.307228604833875352e+01 7.205081166695208594e+01 8.169067644204125145e+01 9.268359977352912438e+01 1.119822581013791449e+02 1.158154147652839612e+02 9.643956080163958688e+01 8.539627615533450467e+01 9.708515935875799130e+01 1.016030718903821679e+02 1.097157700256392872e+02 1.049204444392371727e+02
6.053309640139832482e+01 4.709807334058989881e+01 4.987484501443673679e+01 5.362586379975151374e+01 4.015674748279792539e+01 6.065759869438622331e+01 6.487512740139902689e+01 5.191135164017671855e+01 7.233152357169960567e+01 6.155177545917115367e+01 7.596731886414251278e+01 9.625951398752212640e+01 1.018107043676204171e+02 8.252183009520993551e+01 7.280592995945251289e+01 7.754259062464902286e+01 5.786313428033145811e+01 7.754259062468203467e+01 8.729818114434635845e+01 7.571662449430402830e+01 5.736797865784066630e+01 5.108678433072334002e+01 5.219606142008352379e+01 7.172055362363599329e+01 7.721391120224224380e+01 6.364225657973418038e+01 7.111315426901427372e+01 8.076873407535555316e+01 9.425022575517871815e+01 1.135924980486137343e+02 1.205186499340467492e+02 1.010575890531818004e+02 9.893987303619765328e+01 1.010575890531818004e+02 1.205186499340514530e+02 1.114370089680430880e+02 1.010461798072702209e+02
4.013635410875032505e+01 3.690174781520411784e+01 5.037502766296864820e+01 3.321060537098592391e+01 5.361999467704808353e+01 6.029352805545576643e+01 4.438623408033518558e+01 4.869300213594000581e+01 5.318254173561957998e+01 7.359924204525910341e+01 8.191076521061981452e+01 1.021929096474308665e+02 1.099183984600104935e+02 1.002322488240148033e+02 8.181773166514473417e+01 6.222657424068779619e+01 7.185297843014635077e+01 8.560120713505538959e+01 8.988930576907257830e+01 7.101432650813424630e+01 7.654267993680760185e+01 7.056807713453476083e+01 7.172056562669116886e+01 5.378572398053186276e+01 5.765783022834251170e+01 7.721391131008749653e+01 9.034146810656709192e+01 9.837811218225873233e+01 1.080090008622426438e+02 1.102067861786855474e+02 1.183670017155823331e+02 1.205186499340465076e+02 1.183629489627898437e+02 1.205186499340514530e+02 1.161925966202823588e+02 1.037271363849506542e+02 8.541234816721222955e+01
2.591840727556738955e+01 2.796931362334911597e+01 3.008958650687918990e+01 5.037754896223026435e+01 3.699342588650523567e+01 3.976706881905409574e+01 6.029496362501288331e+01 6.913566062753916697e+01 7.327964372991772279e+01 6.500162958275744529e+01 7.676410126323962402e+01 9.702043229618828946e+01 1.130991433416833729e+02 1.019106741105365899e+02 8.521030474770661556e+01 6.572145614185335205e+01 8.521030474769196417e+01 9.934943576630200823e+01 9.783812139985762713e+01 8.988930576907257830e+01 8.595733913642685309e+01 6.644548011606417504e+01 6.093728584418536087e+01 7.337302195352098977e+01 5.552848711163058937e+01 7.516841872014350656e+01 8.459385473844768910e+01 8.928699937992658420e+01 9.441162532228312898e+01 9.086174392700829117e+01 1.093162652494362987e+02 1.190449371185583090e+02 1.357942618692562746e+02 1.216367275962405898e+02 1.026810267740766136e+02 8.938641940978777711e+01 7.986490688825773532e+01
4.323911349100768575e+01 4.107728568995362650e+01 5.037754949958624451e+01 4.662737809391908428e+01 5.750378909348011547e+01 6.029496362501288331e+01 4.899040316634880554e+01 6.084443206886857780e+01 8.128880395885562393e+01 8.532309255242043378e+01 9.370256000460852874e+01 1.053883679419902251e+02 1.049757471012002554e+02 8.569310272254404026e+01 7.453982132052199461e+01 7.017949568268227267e+01 8.389162392651694233e+01 1.031739460237835857e+02 1.082902216758390210e+02 8.895026693536233608e+01 7.525611845160175051e+01 8.595733615056664689e+01 8.042406208434891823e+01 6.339427454097580750e+01 5.677906791438328327e+01 7.325593376072262686e+01 6.521081264201481531e+01 7.008412088425757247e+01 7.523703081061303521e+01 8.199853907327910463e+01 9.152809772849033720e+01 1.108730375153637908e+02 1.276736434679955323e+02 1.086159795574210705e+02 9.780698902551777962e+01 8.938648471206033719e+01 8.539392463073941997e+01
