MOVIE_S4_data/elevation_000569.asc
nrows	100
cellsize	150.0
xllcorner	0
ncols	100
yllcorner	0
NODATA_value	-9999
[rows 51 to 67 of 100, columns 37 to 73 of 100]
1.077743032454457648e+02 1.066070389755349339e+02 8.658322855856583544e+01 7.614297468811115266e+01 8.353226287173221465e+01 6.555718532634739404e+01 8.577221325275868935e+01 8.276458808920530430e+01 6.253532758939355318e+01 6.556714118487636256e+01 7.325496721054878435e+01 9.337099871304748433e+01 1.032620142466058866e+02 9.464453813248491088e+01 7.446234264801216796e+01 6.297121652030836714e+01 5.319332135701687037e+01 6.710260465727093049e+01 8.717536255533367751e+01 1.050881751686009125e+02 1.047305628129912236e+02 9.076617555481668376e+01 7.033749820538413644e+01 6.066786314021196347e+01 7.455050151701226469e+01 9.501207096786004058e+01 8.674660424540174120e+01 1.035065364379787667e+02 9.571096838341107116e+01 8.566136412870368133e+01 1.053766902451804413e+02 9.993482616146455655e+01 1.170923984094306576e+02 1.123021321316859655e+02 9.342694476517581847e+01 1.123021321316859655e+02 1.037221079962243380e+02
1.159262303777678653e+02 1.149572495248045243e+02 1.045742372966625879e+02 8.779165472688823968e+01 9.410046586872849161e+01 7.572157899770766676e+01 9.410046712020573523e+01 8.885040333067433949e+01 6.866503691538387955e+01 8.576785346716849290e+01 8.576785346716850711e+01 8.603082594613755418e+01 1.060016686785127575e+02 1.030844424777397705e+02 8.654698742354187857e+01 6.643759404680758962e+01 5.663319726170372803e+01 6.798716191350199267e+01 8.218436014552395363e+01 1.024175108020070297e+02 1.117574414795746520e+02 9.085691739019783597e+01 8.457371047949172294e+01 6.432406753274841549e+01 8.457371162140898946e+01 1.024434984103845778e+02 1.097954897217783667e+02 1.182965854829292596e+02 1.042740490976973433e+02 9.700957353943721273e+01 1.136738794431762472e+02 1.205352501589245406e+02 1.289293723055147041e+02 1.226253148886307400e+02 1.140772377224968892e+02 1.226253148886307400e+02 1.243715746151416255e+02
1.161143646985206459e+02 1.279786337833321426e+02 1.161525083110514487e+02 1.077982779433504419e+02 1.041695028484150214e+02 9.582576965529554514e+01 1.041460272713825645e+02 9.553565328146112279e+01 7.546502979120921850e+01 9.554599311865241873e+01 1.057954587472968200e+02 1.001609027842033726e+02 1.142960461780866410e+02 1.068105112907931016e+02 8.654698742354187857e+01 8.149913354831798529e+01 6.147051519656468344e+01 6.643759404682414527e+01 8.062297642572559653e+01 1.008488383535201791e+02 1.079504540625236046e+02 8.730706680774544282e+01 7.276323882838327961e+01 8.457371125950130875e+01 7.290460373501065305e+01 8.264548621504430059e+01 9.670950175714001773e+01 1.207972590608821122e+02 1.224149811242676407e+02 1.168063842216547954e+02 1.251705499002858488e+02 1.270609219915123873e+02 1.270609219915123873e+02 1.353632921861564000e+02 1.326595163735287599e+02 1.243755819245672996e+02 1.326595163735287599e+02
1.022054387325225662e+02 1.151516129536275201e+02 1.172692067033528787e+02 1.090980415120514522e+02 1.067684261301031370e+02 9.842058677391204924e+01 1.067640382087839441e+02 1.038233325869784380e+02 9.554530353196730630e+01 8.970541404212765713e+01 1.096463983373109556e+02 1.201025249152004619e+02 1.140615974762019107e+02 1.085532977220185131e+02 8.833909895409837532e+01 7.407520628807476726e+01 6.804963941074674949e+01 8.654699310821484914e+01 8.062297642574039003e+01 1.008488384493671077e+02 1.079504537114003995e+02 8.730706680749432280e+01 8.463030687633428784e+01 1.019154728913952681e+02 8.498522428541856755e+01 1.024434984103845778e+02 1.132476545529122660e+02 1.274709553831072810e+02 1.172765579827878071e+02 1.088929811014514115e+02 1.172726472915304754e+02 1.068131074182244618e+02 1.068131074182244618e+02 1.270609219915123873e+02 1.225982934358945613e+02 1.042020805086054054e+02 1.151527652897059539e+02
1.057553711548368938e+02 9.157995851794372300e+01 1.048895286666406577e+02 8.949333363060459590e+01 9.673471591437619566e+01 7.839892938024777891e+01 9.673471591437619566e+01 9.256485717809839286e+01 1.009103427583689836e+02 1.096463983373109556e+02 1.179491996150562727e+02 1.081545169895078402e+02 9.387434976418026622e+01 1.081513535411955473e+02 1.026803769660461114e+02 9.426786889309491357e+01 7.626089924174495138e+01 8.822387609906382977e+01 1.008488384251587462e+02 1.093057226151105681e+02 1.165238620975833470e+02 1.079504537690690569e+02 1.052693078388263501e+02 1.138404627301662657e+02 1.058583017607218295e+02 1.144879048987122729e+02 1.207272771174537667e+02 1.102364509624117659e+02 1.071491534736440201e+02 8.864731526629485359e+01 1.071480689194388134e+02 9.248239399361345647e+01 1.019137678296397667e+02 1.102804559741084773e+02 1.142888312165863880e+02 9.414786180654174075e+01 9.500947327194948855e+01
9.475912367237003764e+01 7.507911225375652009e+01 9.462625469150054869e+01 7.845924434583845652e+01 8.840947292494469423e+01 6.850375062323250575e+01 7.845648477696786927e+01 7.261379134862770002e+01 9.256468628923002484e+01 1.109524690848900690e+02 1.050646722990282314e+02 9.915370921399983217e+01 7.974362112300590866e+01 9.915043165797047209e+01 1.124905882140356681e+02 1.049124354221018223e+02 8.792444934907429399e+01 1.049124354198885811e+02 1.169635992822856707e+02 1.215124219533710601e+02 1.131522085961448170e+02 1.131522085961448170e+02 1.106755996474900883e+02 1.106755996474900883e+02 1.190412190142177593e+02 1.207272771174537667e+02 1.004680324674756662e+02 9.477819346316654503e+01 9.706772667868403914e+01 7.875288012461481912e+01 9.876959639221625764e+01 9.333226352516105351e+01 8.178817382593507546e+01 1.019137811976243881e+02 1.039764289029545807e+02 9.565836271696302617e+01 8.347183459639805392e+01
7.591979601746528772e+01 6.570401093107675194e+01 7.755318973869300692e+01 6.885360455813970759e+01 8.855749915353871415e+01 7.845648477696786927e+01 5.864943716448448896e+01 7.261375252703987826e+01 9.255989744902090877e+01 9.089125807115266298e+01 8.502043767283475972e+01 9.081495641648771766e+01 7.089795554394829935e+01 8.417314665316179401e+01 9.266129290293372378e+01 1.009811651247704134e+02 1.081602310817983295e+02 1.166319599887813752e+02 1.237412428792690235e+02 1.131522085961448170e+02 9.283586339908163154e+01 9.283586339908163154e+01 9.035209254980232174e+01 9.035209254980233595e+01 1.106755996474900883e+02 1.185133384861853330e+02 9.825095982030012465e+01 8.405308224965531849e+01 7.723036681562545880e+01 7.205789325020037950e+01 8.585514871920618418e+01 7.354608782015435509e+01 9.333230920808750852e+01 1.069455210422863018e+02 9.565836271696302617e+01 7.574655740697326678e+01 9.565816626980708293e+01
8.918745415878763083e+01 6.903631834369149090e+01 5.750333875817496221e+01 7.169431652601255678e+01 8.004177625255921669e+01 7.365237527737180301e+01 5.386161091299104697e+01 6.782403760096102019e+01 8.772322709694734044e+01 9.027784021276802662e+01 7.098011172235729305e+01 8.417469070320296964e+01 6.434111791036869477e+01 7.639466360111958920e+01 7.273890419764289561e+01 9.170440536876355964e+01 1.016985096499657999e+02 1.178153293118661367e+02 1.035615246242774390e+02 1.164082129757279347e+02 9.878638313837468843e+01 7.851948628294152854e+01 7.606001556007085185e+01 9.603758006893113475e+01 9.603758006893113475e+01 1.044223965827237066e+02 1.125584900859909538e+02 1.041856731285683111e+02 9.706772736190140449e+01 8.585514871920618418e+01 6.648333251844182712e+01 8.000103960747324550e+01 9.987198096602355690e+01 9.282203773910624989e+01 7.869930515061756182e+01 7.115296098734691554e+01 8.593023118852006803e+01
9.760542850995025788e+01 8.590617117140762105e+01 7.171487372940107718e+01 5.176672343157542144e+01 6.684538540977735011e+01 6.933364234312315943e+01 4.953797768924670208e+01 6.351513829342545847e+01 8.338075373262614676e+01 8.198672272198204780e+01 6.217007894885734487e+01 7.207840083541974252e+01 7.091279892595662204e+01 5.663033537632730230e+01 6.358010982638265318e+01 7.343133780004482958e+01 9.337500639332570529e+01 1.077589033053192651e+02 8.937146121694571832e+01 1.022022268291457436e+02 8.799624068256319731e+01 8.865293471065805875e+01 6.865218946165563807e+01 7.589232794962732953e+01 7.589232794962732953e+01 9.603758006893113475e+01 1.078741825900116851e+02 1.137744435315537856e+02 9.688902236943819446e+01 7.703726784780208448e+01 6.352600514000840093e+01 7.891672526990831216e+01 8.665636684659294531e+01 7.869826025692158566e+01 6.478202451467822698e+01 8.283125803974235168e+01 6.624100293849301124e+01
9.719953699618703524e+01 7.537612899299023184e+01 6.335411624086332694e+01 6.684538540977735011e+01 4.693924998389604042e+01 6.224311397308620286e+01 4.555430486979118854e+01 6.537448343208751567e+01 7.907957401536079090e+01 7.082161869984315672e+01 7.207840083541974252e+01 5.232203947538985744e+01 5.115893264412353147e+01 7.091280144691242526e+01 8.340316681669172283e+01 9.170432535298510857e+01 1.016982556822917161e+02 9.942174333953148846e+01 7.942529189462068473e+01 8.942351810309584437e+01 7.392122008277186751e+01 9.136999972680396809e+01 8.179273568665875871e+01 6.201641538948178578e+01 6.938630130970398113e+01 7.927242882965553861e+01 9.949154111567213477e+01 1.054022730532635990e+02 8.492816161831973432e+01 7.427645799253302528e+01 6.511301833838426489e+01 5.930727612541188876e+01 7.569862837530939714e+01 5.878413058931523949e+01 6.096684577622704637e+01 6.312157950393261530e+01 7.052473911682682228e+01
1.054395132103104089e+02 9.259293524785276475e+01 8.393325237237930025e+01 7.514877708561179759e+01 6.224311397308620286e+01 4.234634547534312787e+01 4.169438963118834351e+01 6.156006520292209672e+01 6.762651267086411622e+01 5.102541772854981161e+01 6.204178411546013194e+01 4.634426689553841072e+01 6.612161269063359725e+01 6.362327212340922244e+01 7.760674145495110565e+01 9.757898529739586024e+01 1.056583732184494835e+02 1.077588681151192702e+02 8.942351810309584437e+01 6.950268532389219445e+01 6.392575222211979025e+01 7.138843462650079630e+01 7.783747162722335133e+01 5.802565168839680609e+01 7.783747162722339397e+01 9.776193557112389954e+01 1.078741825900116851e+02 1.137744435315537856e+02 9.925670662669024580e+01 8.932552152142604029e+01 7.616889693184101873e+01 5.619331963542494890e+01 5.601101715417345872e+01 7.612699616582538908e+01 8.076564793142883047e+01 8.283150151986218646e+01 9.027944567812660637e+01
9.750871515500878672e+01 8.479218483105043447e+01 7.959207970841289637e+01 8.778305330543634000e+01 7.051359597713386052e+01 5.787108118099462928e+01 3.795589205682772160e+01 5.786629220843904875e+01 5.579502558285921765e+01 3.952613741905914679e+01 4.221504967761794802e+01 5.367874897968490444e+01 7.346590256367097993e+01 8.345640354325892929e+01 9.175307686770743487e+01 9.752962859086177616e+01 8.487267483753973352e+01 9.949786585979657616e+01 9.774145994187172448e+01 8.942351810309584437e+01 7.724089954565920380e+01 5.709913764268641501e+01 7.130141800282423503e+01 5.449803044724128398e+01 7.443977253861646659e+01 8.366895187456974270e+01 9.203606421019432560e+01 1.021150082171975697e+02 9.099933912962839599e+01 7.116707329501603851e+01 6.117009814405040657e+01 5.326931372468467885e+01 7.356663966612343586e+01 8.439406777850439312e+01 8.817573615719015834e+01 9.035854417374105196e+01 9.864711964791484888e+01
8.367261314472675338e+01 7.000040063569703364e+01 6.036927167200148858e+01 7.018310057389311396e+01 6.533954157517790406e+01 5.556091255669219464e+01 3.564762133608756756e+01 5.228442478451616182e+01 3.591075468387551695e+01 5.579502558285921765e+01 5.367874897967767112e+01 7.027857760696439016e+01 8.173083714332838667e+01 9.394037017799479372e+01 9.752962859086177616e+01 7.665802057052205498e+01 7.001533779857723516e+01 8.907467251314309920e+01 9.137773752480167389e+01 8.300841813561828531e+01 8.553828035661807405e+01 7.130141800282426345e+01 5.095769380632370371e+01 5.103312324603349026e+01 5.674163670108148949e+01 6.377989068893826641e+01 7.360744959899159312e+01 9.373045415014776438e+01 9.925670662659571519e+01 8.932552152001598245e+01 7.208067469521824933e+01 5.171693408777776568e+01 7.001086716690598166e+01 7.828145225394540319e+01 6.822094312714115460e+01 7.040223783262098323e+01 8.419629636150905583e+01
9.389718808326162502e+01 7.419204255249231039e+01 6.040265509359919349e+01 5.065122421938482944e+01 4.571478617368759956e+01 5.884482221971536120e+01 5.230704581932572950e+01 3.253464850089176963e+01 5.230704581932572950e+01 6.402819911656787610e+01 7.346590086503879036e+01 8.173073031515143327e+01 8.778990671991621753e+01 7.308132131305008272e+01 8.189295221063193253e+01 8.048803413061447998e+01 5.955074810972937627e+01 8.048803413061447998e+01 8.300761541763483820e+01 6.280204304236908541e+01 6.872047296615150458e+01 6.408329766372622771e+01 4.689354925228101223e+01 6.731168544371341511e+01 7.663393262696354213e+01 7.295675673956469609e+01 9.203606420983165037e+01 1.021150082171975697e+02 9.881677883764753290e+01 7.885952829770386074e+01 6.474426451793866022e+01 7.001070365273093898e+01 4.959512087198798724e+01 6.794809631304103448e+01 5.382200605072743116e+01 5.904881702826087064e+01 6.433275160244889435e+01
8.249255657242528628e+01 8.815023374721020843e+01 7.833998323348446036e+01 7.018310057389311396e+01 5.884482554026360646e+01 3.909543968750912768e+01 5.066181357679828068e+01 3.105753536852037300e+01 4.963075505221138428e+01 5.883703385889054971e+01 6.029515026287995028e+01 8.181513276412647429e+01 7.919079527649084582e+01 5.836533635165923073e+01 6.106568585350582623e+01 7.417520828435864644e+01 5.332062438222302347e+01 7.417520828435864644e+01 8.067523799855293021e+01 6.870503216369618826e+01 4.832607014442935878e+01 4.366038659081660711e+01 6.408329766372622771e+01 6.731111998408694319e+01 8.741179743342939901e+01 9.301278695260842255e+01 1.013851768302801304e+02 9.823190277147307370e+01 8.991584129813325887e+01 9.299589080370009242e+01 8.470486607540767920e+01 7.830267295638920189e+01 6.796208551641538520e+01 4.753604849167820845e+01 6.603019700904000899e+01 7.434816051987739627e+01 8.419054917389733816e+01
6.236559251172864293e+01 7.920247583264560376e+01 7.789834052639253059e+01 6.905193440596718801e+01 6.703963139794180393e+01 5.292500035629979038e+01 3.319875763643048572e+01 2.965175747478734181e+01 4.697514838339342447e+01 3.975230322222522972e+01 6.003780329332321486e+01 7.463017619223212762e+01 8.775865828660039369e+01 6.716585093592961186e+01 4.659884135241616576e+01 6.128997958749319253e+01 4.792122704923077947e+01 6.860158872488139536e+01 6.641366250029751939e+01 5.211539337613429979e+01 4.056931521848138544e+01 6.098678968318607474e+01 5.816841789654495187e+01 7.836308061746146336e+01 8.972595604877213304e+01 8.159609998973613187e+01 8.973233300903430631e+01 8.664221768244698296e+01 6.984308802443463549e+01 7.832683179218639680e+01 8.664221768232715704e+01 8.426484197598578874e+01 6.413850959788815942e+01 6.413756224484183122e+01 4.561029073480620610e+01 5.751016225011408523e+01 7.181751746805790049e+01
5.065970681536488485e+01 7.087224845400187689e+01 6.905129144659350970e+01 4.817095087739908621e+01 5.425270444741244802e+01 6.104343603872865742e+01 5.283579774038776833e+01 4.498859137436742373e+01 2.784733384997321082e+01 3.606463078813301593e+01 4.715170017903149358e+01 6.614856339118155404e+01 7.617443020198220438e+01 6.066157278054598834e+01 4.046461081137331206e+01 4.100110986366352961e+01 6.128997945199352415e+01 7.239437770967688834e+01 5.211545083609254192e+01 3.760841589144988006e+01 5.805501098003550453e+01 6.933833676348714903e+01 7.836308061746146336e+01 8.667520447111957083e+01 7.957401677705871634e+01 6.101009438842220334e+01 7.957401677705871634e+01 7.832683179218639680e+01 5.811337465527753210e+01 5.811337465527753210e+01 7.499523156984429306e+01 7.062557840489577643e+01 6.228959788919909357e+01 4.372927854892004262e+01 4.890619890572355644e+01 5.764380532181925787e+01 7.260414390526351269e+01
