MOVIE_S4_data/elevation_000731.asc
nrows	100
cellsize	150.0
xllcorner	0
ncols	100
yllcorner	0
NODATA_value	-9999
[rows 34 to 50 of 100, columns 0 to 36 of 100]
6.606448164489217567e-02 2.006606448164453838e+01 2.642547828956736211e+01 2.130776261954813222e+01 3.346847990161848685e+01 2.894326590092240892e+01 4.185337269748278288e+01 3.341338616334102340e+01 5.333822054214495267e+01 6.867576185151207824e+01 6.547057713793996925e+01 5.186941904427823147e+01 4.076459124799305300e+01 3.721842580862138306e+01 1.825746424378728960e+01 2.086210606383368216e+01 4.007619218366245661e+01 5.413187401744852423e+01 5.703562766109365612e+01 4.892814676889500447e+01 3.326293474746417189e+01 5.279633701424847203e+01 6.498996794057856619e+01 7.258370687945010502e+01 8.065467458284572899e+01 9.192595078568837152e+01 7.530614295955844284e+01 5.866018379233143065e+01 7.530614295955844284e+01 6.423475813965650616e+01 4.432504296348120221e+01 4.450260207649805011e+01 6.441623370637626067e+01 7.579869811580350358e+01 8.220972921532366229e+01 8.939377569946340429e+01 9.775512661024910699e+01
6.290596198942818851e-02 3.225183622156934327e+00 6.427746698231906919e+00 9.761080031039336191e+00 1.347498678228687830e+01 1.739730932972387123e+01 2.186944318504297868e+01 2.894037357482255146e+01 4.048273079527979235e+01 6.043437287165549776e+01 5.843076945137273981e+01 3.445277115695861880e+01 2.370105924756232341e+01 1.876970791513996417e+01 3.798995138334519339e+01 3.902742141914597340e+01 2.579047943179802616e+01 4.573257700282190541e+01 6.069152252689764282e+01 6.090651407621830060e+01 5.279633701424847203e+01 3.729469266677976691e+01 5.688019725510250879e+01 5.290151740195726404e+01 6.431707533874921978e+01 8.387613556777323254e+01 8.679015604078594492e+01 7.845326310441191708e+01 8.069961489639929653e+01 6.053436602537973243e+01 5.052681033464261162e+01 6.441623370636879997e+01 5.070546158806016734e+01 5.563241402996172269e+01 6.193626879066625435e+01 6.907422375828512884e+01 8.082662178942723585e+01
5.954267593782444634e-02 2.005954267593746820e+01 2.642547828858407044e+01 2.130776261954813222e+01 3.346847990160000563e+01 3.153669813956263468e+01 3.600686242928508562e+01 4.185336653855861044e+01 4.307334943099138513e+01 6.302017062498288169e+01 6.025189399769060117e+01 4.017221932063384315e+01 1.927850039794486747e+01 3.725254227426414388e+01 3.077906363581669069e+01 4.845633111356330147e+01 4.566693556671935283e+01 3.219728060536755976e+01 5.224549445681058302e+01 6.834047561636921841e+01 6.498996794057856619e+01 5.688019725510250879e+01 4.157004014708869732e+01 6.122018948637842328e+01 7.104986914724317160e+01 7.598023610057944666e+01 8.218404153869211370e+01 8.905922146814488372e+01 8.906789269144414334e+01 7.057434535249602447e+01 7.057434535249768714e+01 6.202324466299918981e+01 6.220525104086544843e+01 7.579869811580350358e+01 7.207840299487952507e+01 8.939377569946340429e+01 9.775512661024910699e+01
5.541180393181056874e-02 1.419754742766288658e+01 3.419754743097206529e+01 4.129924601174207766e+01 4.957353892907394766e+01 5.151157720605953472e+01 5.596809707951927493e+01 6.180401180103317671e+01 6.302017062498288169e+01 7.126384399890453381e+01 5.157443665304692360e+01 3.121998954664446657e+01 1.963607832972312650e+01 3.925454985823328968e+01 4.254995271198081497e+01 5.233719720075765025e+01 5.988411439854564833e+01 5.224549445681058302e+01 3.974878187654287842e+01 5.984341096959177975e+01 7.795000829270017562e+01 6.932393568052592059e+01 5.290151739268922171e+01 4.668416322717884270e+01 5.130960794596407482e+01 5.625876828723480116e+01 6.256588619371724747e+01 6.961327606816993807e+01 8.905922146814488372e+01 9.081061534256794232e+01 9.062701944384414787e+01 7.211355556957565227e+01 8.243920703341218825e+01 9.081061406858968610e+01 9.235211309648093447e+01 1.007084200870597073e+02 1.079247724754911246e+02
5.132731495283296419e-02 2.005132731495247711e+01 3.053579529288931838e+01 3.524984049981328127e+01 4.041381829316838292e+01 4.618732098241934381e+01 5.285398764410583539e+01 6.113825475092632900e+01 7.113824861473966621e+01 6.576558308099681938e+01 5.716103448984000579e+01 4.010731326586984125e+01 1.999167444340445954e+01 3.641570128035780840e+01 5.672400309054028611e+01 6.518521297117814584e+01 7.078296828120208772e+01 6.817868590928802064e+01 5.984341096959177975e+01 4.909642064517090176e+01 6.942559609101179774e+01 8.065326348090198394e+01 7.258362364943121747e+01 5.808919823982419928e+01 5.724112441523961792e+01 7.598023610057944666e+01 7.241155882469537630e+01 8.905922146814488372e+01 8.342161497133523085e+01 1.026696075320655126e+02 1.007523690537381356e+02 9.239717667974927906e+01 1.007523690537381356e+02 9.980245961333783100e+01 1.036136526359908032e+02 9.539567157143611098e+01 8.811452453004682184e+01
5.077994834438732952e-02 2.005077994834253019e+01 1.053579529423704031e+01 1.524984050214731646e+01 2.041381829709044737e+01 2.618732098898660254e+01 3.285398765565303592e+01 4.285398765565268064e+01 6.285398759150766779e+01 5.716759764072507011e+01 3.713786878500553712e+01 4.039733845237933707e+01 2.034535634653678215e+01 4.024737782984161782e+01 5.273361554661428130e+01 5.378797537620020819e+01 5.135513726697936931e+01 7.201832902617412913e+01 7.795000829270017562e+01 6.338788179037801029e+01 6.564090907827539922e+01 8.624316521225338761e+01 8.580048476121397982e+01 7.774577461776415532e+01 6.715439854419582844e+01 7.691107672850883148e+01 9.185902903492865335e+01 9.990759412455518884e+01 1.026696075320655126e+02 1.107438312213690921e+02 1.022134996752321285e+02 9.397648132152484379e+01 9.396041798439421200e+01 7.989180980854960978e+01 9.396041798439421200e+01 7.544251151418508528e+01 9.539567157143611098e+01
4.095169275885861271e-02 4.211239973900337219e+00 2.421123997351120494e+01 3.524984049981328127e+01 4.041381829318491015e+01 4.618732098241934381e+01 5.285398764410583539e+01 6.113825475092632900e+01 7.113824861473966621e+01 5.462941655650756445e+01 3.456880117482619852e+01 2.058463237337315377e+01 2.069763600318773200e+01 3.974317868323200287e+01 3.753177077980216580e+01 3.653422644724569324e+01 4.930117067774207129e+01 6.700249670394684642e+01 7.990772523038017994e+01 8.400192784133567159e+01 8.624259823546310599e+01 8.640280185193678619e+01 9.445070144496639841e+01 9.470852675036695700e+01 8.666775491282197663e+01 9.470852675036695700e+01 1.044145969614412763e+02 9.909834518233422784e+01 9.083863573497546895e+01 9.909834518233422784e+01 9.397648132152484379e+01 7.400092570193204722e+01 7.985163048494163718e+01 6.566241124119495964e+01 8.019991792248784179e+01 6.870551975211016327e+01 8.874461821901915926e+01
3.794593529682660504e-02 2.003794593529609358e+01 3.249551108072659389e+01 4.374407294061268203e+01 4.727492975026756028e+01 5.111714771132576374e+01 5.547064833889363911e+01 6.030448958289287020e+01 6.235250061823718681e+01 6.318686333656552989e+01 5.111461486360639839e+01 3.233854430939452129e+01 4.058733249002410304e+01 2.119312313378242152e+01 2.805763629130924741e+01 4.553479521130352481e+01 3.643790112132973746e+01 4.914573119349191899e+01 6.570868143226829261e+01 8.610705117204106784e+01 8.303813560927363824e+01 6.660581800985704604e+01 8.304841829573484802e+01 9.040396230400271804e+01 8.213537043406624605e+01 9.040396230400271804e+01 8.996138703822889227e+01 8.169309926295812829e+01 7.083517065844554850e+01 8.910580100321074326e+01 9.208204915700555659e+01 7.985148306166244936e+01 5.976236728336242976e+01 5.665488225588887161e+01 6.009476371008300788e+01 6.460364397181758989e+01 6.937465117487511179e+01
3.760068892276602348e-02 2.003760068892241009e+01 2.632036448705411402e+01 2.375149051716628534e+01 2.728661595517507976e+01 3.113496417117953996e+01 3.549815833911721086e+01 4.034679262206446282e+01 4.251682356927263839e+01 6.235250063058790460e+01 6.031535808952571642e+01 4.534501510415191206e+01 4.830168124473146918e+01 4.015184949791386515e+01 2.168750701737650033e+01 2.183981271320925899e+01 5.098328907445698377e+01 7.019001398109830347e+01 7.990769569948265882e+01 8.560954064063152202e+01 7.495828964909399872e+01 5.500660514387066513e+01 7.496523985081171304e+01 8.037913501229280655e+01 6.204946887123442423e+01 8.037913501229280655e+01 7.839650371059910583e+01 6.163332395071533654e+01 6.077166567222938909e+01 8.083690315592124875e+01 8.383817711400917005e+01 6.378085547494975316e+01 5.218100957921005545e+01 7.225807707506191946e+01 8.019991792248784179e+01 8.469176181582615470e+01 8.941542191282739793e+01
3.621519728617531020e-02 3.159690435058205793e+00 6.321968095223532202e+00 9.609947841263631219e+00 1.314548174585021023e+01 1.699448351767430765e+01 2.135884093737543310e+01 2.620954889762934314e+01 4.034679262211563611e+01 6.030448989753651290e+01 7.322941432286819463e+01 6.444718099007282319e+01 4.913318245150741603e+01 3.164949467797253035e+01 3.727631313227237797e+01 2.216251263523556503e+01 4.264963283856042864e+01 7.014898193275557503e+01 7.560136072187222567e+01 7.772612587760401937e+01 5.797486501678214665e+01 4.801386056418683523e+01 6.790317330130034179e+01 7.209240770698450262e+01 5.199237494476046351e+01 7.209241965265033514e+01 7.011158258655139264e+01 5.002671344429468547e+01 7.011158258478879191e+01 8.107538946443104066e+01 7.525222664162990327e+01 6.947388785559968483e+01 4.940255063335744978e+01 6.947388785559968483e+01 7.752361743382012094e+01 6.750618484454847135e+01 8.754092552761527202e+01
2.661327423881425236e-02 2.002661327423846060e+01 2.632036448705411402e+01 2.375149051716628534e+01 2.728661595517507976e+01 2.854091790819985519e+01 4.134796523143480584e+01 4.619226681722517469e+01 3.620858026622539683e+01 5.617595336808099660e+01 7.226749176957191878e+01 5.359156878716213157e+01 4.182347290677731877e+01 4.296026910301130641e+01 2.267432510041524907e+01 3.388469524703862135e+01 4.021100140474820250e+01 6.169934790056698404e+01 5.711428284708188841e+01 6.252313518652496072e+01 5.440766065880322344e+01 4.188405414661497161e+01 6.161061428910886661e+01 6.539240341008257928e+01 4.531666971946321354e+01 6.539240340857593026e+01 6.474367551341595117e+01 4.466758179343713664e+01 6.473745358142041084e+01 6.106099829260600842e+01 5.518762299669800342e+01 6.339790426594941408e+01 4.669097557288789346e+01 5.187322459927425911e+01 5.743380564940770938e+01 7.752361743382012094e+01 7.912543280831411607e+01
2.753285331545040487e-02 1.416966847704652643e+01 3.416966847704723165e+01 4.374407294061268203e+01 4.727492975026756028e+01 4.852600651284397060e+01 5.679368793639593349e+01 6.442601282996800194e+01 4.620360105636113701e+01 6.442601282996800194e+01 7.415089195690873680e+01 5.792444661367212433e+01 5.571770278600643422e+01 4.292747301743770549e+01 2.302278996796726673e+01 4.223585277028928431e+01 5.620663245682420239e+01 5.844069421012137155e+01 4.085162518642518137e+01 5.399437431235463691e+01 3.509712757672738803e+01 4.815199953394952104e+01 5.656509717363368139e+01 5.959698875483596936e+01 3.958108905580219528e+01 5.227143834726494021e+01 5.357831174932779561e+01 3.983680962570296202e+01 5.683202314114534914e+01 5.856284635735278954e+01 4.098798520833464920e+01 4.331251505910007182e+01 6.339790426583905969e+01 7.195170869188807217e+01 7.752361743382012094e+01 8.578055837523405103e+01 9.903697300762277678e+01
2.210104741296625708e-02 2.002210104741261176e+01 3.724742341910778975e+01 4.879455413794448049e+01 6.036884583533338144e+01 6.036884583533324644e+01 6.865597955781903750e+01 7.439218076030067550e+01 6.614830568003910116e+01 7.439218076048570083e+01 7.344092804983043266e+01 6.184775659787424473e+01 4.973835438035114009e+01 2.664171156966538945e+01 2.337244781764761825e+01 4.346698413139466766e+01 4.502798831492557241e+01 2.473551861286737363e+01 2.508875769653679555e+01 4.519592062152599965e+01 4.594084606347816901e+01 2.597606201872331511e+01 4.817433134833574826e+01 5.785411676355638377e+01 4.942915950324502461e+01 3.213615873671463419e+01 3.366896821830074771e+01 3.520964872709846105e+01 3.685725198561396354e+01 3.852812330637701876e+01 5.856338950501488938e+01 4.499776823948142379e+01 6.507335573180169774e+01 7.747440681895614034e+01 8.901796071977705083e+01 1.029730390675768490e+02 1.111800568934004048e+02
1.884200952422735234e-02 8.963113919523463480e+00 2.051011930359184987e+01 4.051012473248179901e+01 4.036106922141784281e+01 4.036106922141783571e+01 6.036884583533324644e+01 6.502186685370750752e+01 6.502186685370749331e+01 7.332409932563633959e+01 6.682986520417320264e+01 4.702753488032819007e+01 3.552820873949653446e+01 3.795405381865636940e+01 3.274398909222519904e+01 2.387232557684300360e+01 2.423057729755112177e+01 2.597161875729342739e+01 3.146409317107180925e+01 2.559032754795362052e+01 2.595358659805793167e+01 2.633096691343397566e+01 4.635570905258720131e+01 4.785215834939994295e+01 3.005422759986810988e+01 4.396855354913574132e+01 5.350457802358786807e+01 4.667371775496780373e+01 5.684601702833254677e+01 5.268717037447348872e+01 5.856340386812063770e+01 6.507335573180203880e+01 4.914401876894822863e+01 6.074214386402652366e+01 8.078521089567175295e+01 8.314835685496477424e+01 9.973616327391330572e+01
9.934550753332892920e-03 2.000993455075297689e+01 3.098294364601798989e+01 4.496094160988363342e+01 2.621714063487064550e+01 3.866038328245011968e+01 5.866692652157672683e+01 4.499398416920050181e+01 4.499398416920050181e+01 6.502186685370747909e+01 7.040193719408124196e+01 5.144101639504659573e+01 5.487933428518864076e+01 4.907261337850169269e+01 3.138431805487396531e+01 2.762211964889054983e+01 4.300063416236057634e+01 4.442836619421094468e+01 4.498527877105127004e+01 4.047609229436510958e+01 4.601063834540315867e+01 4.063272572015445405e+01 2.688675558562352563e+01 2.700567183518940695e+01 4.782465238050498613e+01 5.706600443378779630e+01 7.020757916725987968e+01 6.672837702625723466e+01 7.499977025538601083e+01 7.275034696346152430e+01 7.860044596108109261e+01 7.747440682694764291e+01 5.918570372897257670e+01 5.380601044961228041e+01 7.388058438776154446e+01 7.156217211862727368e+01 8.767940183007210919e+01
8.364784840791048004e-03 2.755576063814577203e+00 1.689667334437922364e+01 2.970841049382433496e+01 1.865777583305380460e+01 3.685087361687581620e+01 4.085340408789855360e+01 3.084679298111318957e+01 5.086001519468395315e+01 6.121410202576745974e+01 7.290640607830657416e+01 7.040117299540824547e+01 5.683373690457976579e+01 3.962627670950118386e+01 4.402915836823211748e+01 4.672628442300715790e+01 3.308903765625009896e+01 4.155458192394900863e+01 5.861918241403790120e+01 6.210629243648860864e+01 6.232578621933578944e+01 4.307511446445618475e+01 4.686327805516823020e+01 2.742720812702359368e+01 3.868959940083519911e+01 5.283129675322791030e+01 5.900728811080458058e+01 6.451955393020379859e+01 7.122105835800194029e+01 7.980775315071569764e+01 9.019450324997667678e+01 7.924097777016861244e+01 7.924097777016126543e+01 6.541836517930057937e+01 5.882165204319631613e+01 6.301745537511539652e+01 6.765065638640334100e+01
5.219006137575642711e-03 2.000521900613485116e+01 6.796186242091267538e+00 9.713486072225224532e+00 1.319503919275580550e+01 1.684652292038798294e+01 2.084652302372998989e+01 2.619175108674428643e+01 3.285848611157459231e+01 4.441077744304193686e+01 6.455130022097935694e+01 7.506603702314691873e+01 5.683397725727100891e+01 4.656965234894533978e+01 6.147096397348783370e+01 5.529882357725695385e+01 3.729830951350501067e+01 5.510518333852512995e+01 5.566031316687603692e+01 7.221873908355625815e+01 7.117028995552387016e+01 6.058922208075728832e+01 4.641748216342037381e+01 2.787922807635582600e+01 3.257201910118742205e+01 3.683283206870032700e+01 4.091343267322307753e+01 4.542450500215444720e+01 5.111654507460745123e+01 6.081633753126668296e+01 8.162577918473724026e+01 9.913856708264951578e+01 9.366102537866271405e+01 8.544019079882154699e+01 7.045632738446001042e+01 7.466175377138033298e+01 8.767940183007210919e+01
