MOVIE_S4_data/elevation_000240.asc
nrows	100
cellsize	150.0
xllcorner	0
ncols	100
yllcorner	0
NODATA_value	-9999
[rows 51 to 67 of 100, columns 0 to 36 of 100]
1.045510899316130261e-02 2.001045510899280444e+01 3.829626685115778173e+01 3.736951230218118525e+01 3.427951719449476542e+01 2.022105846931966866e+01 7.980713697906964832e+00 9.384438510486475593e+00 2.938339315546413033e+01 2.207474276970655325e+01 4.207933077814020351e+01 5.153797827985054170e+01 4.897866834317255069e+01 3.586088746586662523e+01 2.563973588446226870e+01 4.564022010080275038e+01 4.749090842699398252e+01 5.760976444921963946e+01 6.516571800637105127e+01 5.931256429251466500e+01 7.929648108469524459e+01 8.059005803596389228e+01 7.473422857301889621e+01 8.887164051424014133e+01 9.615693782231558373e+01 1.006491188359413229e+02 1.008072719390733596e+02 9.264750515725437197e+01 8.072847295749927810e+01 9.872218480427595466e+01 1.100848446903898861e+02 1.100881176227539129e+02 1.031648586937161411e+02 9.508935143675427071e+01 1.031648586937161411e+02 1.007389940836397244e+02 1.088563857612302428e+02
1.199560344128819747e-02 1.001199560344137574e+01 2.415413122717257721e+01 4.415413122717328065e+01 4.729176933649459613e+01 3.589402899808575853e+01 2.797979095108423664e+01 1.202112013769222898e+01 2.606400147677474521e+01 4.208162723586782050e+01 3.621816939411164782e+01 5.626442687087280348e+01 6.413791408280771122e+01 5.392134378654666449e+01 3.978372392681720271e+01 2.981018541342139727e+01 3.334615267866047361e+01 3.761150881096427412e+01 4.517454397612549144e+01 6.516571800637105127e+01 7.929648108475458912e+01 9.928618308920999880e+01 9.472728093861894649e+01 9.887030141121498161e+01 9.070966795098382818e+01 9.887030141121498161e+01 8.942531825519303368e+01 7.292729391933968941e+01 7.083158576664540362e+01 8.225212584861999687e+01 1.019181648465871888e+02 1.175969966089508176e+02 1.091677557193244610e+02 1.091677557193244610e+02 1.126119828809158889e+02 1.043684787752384864e+02 1.089368583414205034e+02
1.680456789927393946e-02 2.001680456789891949e+01 3.301692949984892778e+01 4.130120074731112823e+01 5.130120074731130586e+01 4.881862575471240007e+01 2.898628508776864265e+01 1.496942718037390030e+01 3.479658756599931024e+01 5.416996791965274838e+01 5.626442687087280348e+01 6.461987338491989874e+01 7.292681636369459852e+01 6.805860823326834463e+01 5.535729882820606207e+01 3.535836337904917315e+01 5.334612202128610647e+01 4.489646642190110271e+01 4.545993770023429903e+01 6.545084237447586872e+01 8.266768572039575247e+01 9.266056906725981435e+01 9.765468089615519887e+01 8.901319452255769704e+01 7.099019291581416269e+01 8.901319452255769704e+01 8.126203588999221950e+01 6.151883317467477497e+01 8.126203588999221950e+01 9.146862974210256425e+01 1.013238668633860584e+02 1.091677557193244610e+02 8.899326011629644029e+01 8.899326011629644029e+01 1.011651532937101052e+02 8.457309121966704879e+01 9.185603220258774115e+01
2.570751284471603157e-02 6.350262833181501421e+00 1.301692949984822611e+01 2.301692949984840197e+01 4.301692949984910541e+01 5.188323097565616138e+01 3.203911441396397919e+01 1.805351312079665149e+01 3.785132158822730020e+01 4.692587167966875938e+01 5.146578242979578022e+01 5.639447572229602201e+01 5.276239084857728301e+01 7.293437319164530663e+01 6.138593530182603786e+01 4.139121735742191532e+01 6.138593530182603786e+01 5.384067395850928506e+01 6.545084237447586872e+01 5.440429522769517945e+01 6.439642675456492782e+01 8.437894673620601793e+01 8.948905961109265661e+01 6.977602530471531850e+01 6.112189654225493030e+01 7.891585365947032926e+01 7.074988522428574811e+01 5.661086076202026618e+01 6.356251862126648433e+01 7.344904686874188826e+01 9.316484035461191127e+01 1.091677557193244610e+02 8.899326011629644029e+01 7.564446168420151650e+01 8.628989588801752575e+01 7.323202769872297324e+01 7.215433953109926790e+01
2.050012024463924304e-02 2.002050012024428227e+01 3.301692949984892778e+01 4.130120074731112823e+01 5.130120074731130586e+01 5.188323097565616138e+01 3.203911441396397919e+01 3.785132158822730020e+01 2.295624342396681428e+01 2.717549640112921949e+01 3.167489441331721878e+01 3.654458892972038342e+01 5.644247862493487133e+01 7.422111082607082722e+01 6.845263687303558697e+01 4.846498646653989084e+01 6.845263687303558697e+01 6.537996106862986778e+01 8.210659453217547821e+01 6.594171166493774194e+01 8.266768572039575247e+01 9.266056906725981435e+01 8.733550304158733013e+01 6.761844062284475854e+01 5.367627912601049189e+01 6.565972988444947589e+01 5.103579836382105128e+01 7.074988522427351256e+01 8.330694361167350337e+01 9.146862974210256425e+01 1.013238668633860584e+02 1.068926840287124946e+02 1.032951283626236147e+02 8.628989588801752575e+01 6.739395687668574908e+01 6.439175173341372727e+01 7.834478631414211236e+01
2.927968592160756431e-02 1.002927968592152119e+01 2.157628506971383331e+01 3.571842069344428694e+01 5.571842069344357640e+01 6.016894707216358285e+01 5.188323097565616138e+01 4.896930026965812743e+01 2.919281041547874267e+01 4.692587167966875938e+01 5.146578242979578022e+01 5.644247862493487133e+01 4.582494770811921825e+01 6.591125441037209498e+01 7.673198946111078556e+01 6.000697322748234086e+01 7.673198946111078556e+01 8.536468395646836882e+01 9.364626464493433389e+01 8.592510326500737960e+01 9.420690090886773760e+01 1.065925129884957840e+02 8.705436377200199161e+01 6.733682573598399301e+01 5.339521419157924953e+01 4.585517210542485600e+01 6.565972988444947589e+01 7.891585365705645927e+01 8.631115601269908666e+01 9.447552541476369470e+01 1.011105788472179512e+02 8.708166463052975814e+01 1.011105788472179512e+02 9.455121981002939435e+01 7.981550389749502017e+01 5.994994153085500699e+01 7.981528129275773153e+01
2.800573862316051849e-02 2.002800573862280586e+01 2.909698268711660418e+01 3.409698268711699853e+01 3.964398464936938637e+01 4.720327410955406577e+01 5.548754535701625912e+01 5.725648103734361172e+01 4.896930026965812743e+01 4.053427212952922076e+01 6.049176299071088891e+01 7.422111082607082722e+01 6.002025825608285459e+01 6.222254429565514044e+01 8.232413222990560087e+01 7.998962796468018155e+01 8.827054385026744399e+01 9.433745143594046567e+01 8.607911928917363298e+01 8.791557616912571405e+01 9.617316346792787840e+01 9.842377633011075488e+01 7.873137607152438022e+01 6.733682573598211718e+01 6.293936465901597188e+01 4.301730435723588641e+01 6.293936465901597188e+01 7.236938474160747603e+01 6.659451399761847767e+01 8.631115601269965509e+01 9.288417787003919557e+01 7.310141128982274950e+01 8.146259225963576966e+01 8.967588407459555810e+01 7.659336485048180521e+01 5.656424845392793799e+01 7.211361061473027689e+01
3.653205470537677219e-02 4.508668009704973834e+00 9.096982687116248911e+00 1.409698268711629154e+01 1.964398464936867938e+01 2.720327410955335878e+01 3.875027949334628374e+01 5.875027949334698718e+01 6.879309865818014202e+01 6.049176299071088891e+01 6.049176299071088891e+01 8.055059223824370918e+01 8.013337722194495427e+01 8.232413222990560087e+01 8.206315895777900948e+01 7.379751136767158926e+01 8.206315895777900948e+01 8.281042423541445885e+01 6.610211654346908006e+01 6.794307409036885304e+01 8.464827773989719617e+01 8.363862122783000075e+01 7.547313173376707596e+01 7.547080533747754316e+01 6.027716736906089068e+01 4.021031772900305157e+01 4.623743733663962985e+01 5.260827549628477584e+01 6.659451399761847767e+01 8.631115601269721083e+01 9.303010987812091059e+01 8.146259225963576966e+01 6.152773159559438199e+01 7.254745154627914872e+01 7.648876388017284000e+01 6.824431007242851877e+01 5.181923364355456840e+01
4.500159517621803856e-02 2.004500159517586155e+01 2.909698268711660418e+01 3.409698268711699853e+01 3.964398464936796529e+01 3.597391626792377650e+01 5.548754535701625912e+01 6.703455074081018950e+01 6.377625875898049657e+01 6.292237227122866017e+01 6.033518497137190195e+01 6.860041510983822377e+01 7.171879471404292872e+01 8.000441667881767671e+01 7.206580509162903070e+01 5.378637210707448446e+01 7.206580509162903070e+01 7.386943798006137740e+01 5.453654314023938099e+01 5.638091232378050677e+01 7.570935192317683970e+01 7.547333684872656079e+01 5.567169910893369433e+01 5.567168509893580364e+01 5.764192573279106568e+01 3.742184430005781337e+01 5.764226092499551868e+01 7.236938474160747603e+01 8.053501970386678011e+01 8.722090560535164627e+01 7.319993883270957724e+01 8.048840849927651675e+01 7.254745154627914872e+01 5.225222433934246880e+01 6.458700850475203481e+01 4.771775593289321193e+01 5.822377520192787159e+01
4.567435126880908108e-02 7.604963811453385958e+00 1.654923572145269972e+01 2.809624110524541862e+01 4.809624110524612206e+01 5.597391626792447994e+01 6.425818751538767515e+01 5.798156105495214518e+01 4.399705817348240089e+01 4.295274189872103676e+01 4.035862244110629860e+01 5.707075153319354399e+01 5.169320822988773756e+01 6.844641422857598911e+01 6.379194173737305817e+01 4.375622978948806008e+01 6.379194173737305817e+01 6.559716241486005117e+01 4.556546560805268342e+01 4.741154033545584667e+01 6.743859417861351346e+01 8.018128455138916877e+01 6.147189847417448050e+01 4.138215384203925851e+01 5.199969069894663676e+01 3.491372359436142858e+01 5.526023383586350946e+01 6.932500853187974599e+01 8.905944359638012031e+01 7.900806145982143391e+01 5.891679735340778024e+01 6.042470872072333066e+01 7.456291704571238199e+01 6.458700837954930307e+01 4.390499203358823621e+01 6.458700850475203481e+01 7.639386550703031276e+01
5.351880592384315738e-02 2.005351880592348834e+01 3.588923505891629162e+01 4.483350696891560005e+01 5.638051235270832251e+01 6.585898803249617117e+01 5.720504492262764984e+01 4.979025189844740140e+01 2.985817869037087036e+01 2.875910605437855949e+01 2.875910605437855949e+01 4.880171121703964587e+01 4.010639618733774370e+01 5.948451363451829366e+01 5.711337108807806118e+01 3.706994497352410178e+01 5.711337108807806118e+01 5.851488808947683395e+01 3.847297870091929184e+01 4.031897598933590388e+01 5.189853164133207741e+01 7.191375732530268294e+01 6.965010257197688759e+01 5.200109676309457285e+01 3.153299580798656621e+01 5.200138028958769354e+01 4.943340181634212627e+01 6.932500853187974599e+01 7.708739662013660165e+01 8.284225076657155284e+01 6.630119509375616360e+01 4.578282846380074034e+01 5.712910837297548028e+01 5.921954022417935448e+01 4.155987748683899952e+01 6.227468876746628723e+01 7.845584189954064414e+01
5.706225480597197641e-02 9.013547325035087709e+00 2.074855579624072632e+01 4.193659645524309809e+01 5.361923768281052816e+01 4.771773228428742186e+01 3.629486730896435631e+01 5.374875080555317197e+01 3.723010772961331583e+01 1.711280436394240212e+01 3.723010773111590055e+01 4.972209600574476696e+01 3.111175968225336064e+01 5.119010675597504445e+01 5.132733235671805261e+01 3.127806602327612140e+01 5.132733235671703653e+01 4.650653413331728814e+01 3.212867318623083435e+01 4.631155732822568183e+01 6.633770389576201865e+01 7.413269120594877393e+01 6.404318416687223703e+01 4.397906050462401595e+01 2.937211400524084581e+01 4.397904914745899418e+01 6.404135618102122862e+01 7.111295459538709451e+01 5.689050333762646972e+01 6.431374930869866091e+01 5.433784540542745134e+01 5.420213486272242420e+01 3.648525282218766819e+01 3.852164546818102053e+01 5.907500177392734741e+01 5.102066514532456409e+01 5.842066905047316538e+01
5.506323356023958698e-02 2.005506323355988485e+01 3.749186465349317388e+01 4.959007041436692020e+01 3.318657396851885721e+01 2.720381281028464571e+01 2.456875378269787547e+01 4.513249422525943544e+01 3.235661199815253752e+01 1.223082296605348063e+01 3.235661199815253752e+01 2.963545486817853813e+01 2.398670862892102207e+01 4.409133907055218060e+01 4.615063404917905387e+01 2.608837282971714444e+01 4.141094520414654312e+01 2.644518045781563131e+01 3.803661195993512933e+01 5.807666299023441070e+01 6.827473737099485618e+01 5.426761055862299798e+01 6.540624096107481478e+01 4.776510838589283026e+01 2.732108669599552542e+01 4.187072938125964328e+01 6.199539812064551825e+01 6.280602164847769586e+01 4.233425482874784507e+01 4.387099879277883474e+01 5.168109173947602386e+01 3.379425549798951778e+01 5.434535107464954251e+01 5.324864111069271644e+01 6.746704625926835774e+01 7.137229983779864995e+01 7.845584189954064414e+01
6.166659562896406599e-02 1.970063312565337199e+01 3.072838543769526254e+01 3.079488054576505363e+01 2.883726076894394197e+01 1.356973033098172721e+01 3.225146075328806461e+01 3.929399918952317705e+01 2.769923925147648802e+01 7.737051491792729330e+00 2.786081057292036078e+01 1.539391304919975312e+01 3.551869584611099384e+01 5.239132514645202576e+01 4.128482098467341643e+01 2.120185615667502432e+01 2.132852288947173847e+01 3.554004738739926239e+01 5.479437154315806424e+01 6.635551550202885096e+01 6.008595797140705486e+01 3.994434955827946254e+01 4.734728630646851144e+01 3.697946257409143556e+01 2.536433573408371345e+01 3.981309919205951786e+01 5.998293898013794490e+01 5.575430120938686684e+01 4.736484503924997114e+01 2.945027445146324041e+01 3.122302100438405148e+01 5.168109173947602386e+01 4.838568104297940664e+01 6.899999421788520237e+01 8.134989024740387720e+01 7.695447734124631722e+01 6.879795127761302354e+01
6.211000661219646946e-02 1.838493215230933586e+01 4.759482030031555233e+00 1.280667653030454822e+01 6.356225398188531273e+00 1.482574681516211434e+01 1.997572560030099709e+01 2.144680636145600161e+01 1.586377448227168507e+01 2.998745935177292932e+00 8.283237724282077608e+00 2.840351065330986202e+01 4.382701102803551407e+01 4.133724623306328994e+01 3.303703463939498874e+01 1.657250204886645761e+01 3.667745599213010621e+01 4.970270651606039536e+01 6.386536564472152122e+01 6.927010536005538199e+01 4.927143899704285701e+01 4.734728630646851144e+01 2.705516226182361805e+01 2.271145449515280745e+01 3.697891630426250487e+01 5.397213145586525229e+01 6.181622564445347479e+01 4.137947703976590219e+01 2.700358334818290729e+01 4.736527454280817295e+01 4.301697941549583959e+01 6.005806628719302154e+01 6.900323973721012294e+01 7.745275291979974952e+01 6.980345131601012554e+01 6.170167015505590058e+01 4.960090061576368470e+01
7.336735264618567121e-02 3.792412553923157348e-01 6.851937474882299206e-01 9.913565683942974216e-01 1.661087018806586713e+00 3.093487432823991412e+00 2.101648369398082306e+00 2.393344006444079408e+00 2.656909580424540618e+00 2.911129619912186328e+00 1.947330323155521725e+01 3.073133356606895461e+01 2.716245586274149204e+01 2.953475448902726086e+01 1.291796706227778380e+01 3.303689775108266957e+01 3.080287313727376031e+01 5.086022575875519180e+01 6.421651892102129011e+01 5.297519602680626605e+01 4.477533384619503209e+01 2.908087636564063772e+01 2.017986317408627883e+01 3.182359107572188606e+01 4.935453306385436179e+01 6.531112822798742457e+01 6.046812423730845154e+01 3.969358063056501607e+01 2.529554468312523241e+01 4.564439754045385911e+01 6.351626624702007717e+01 7.181339193195999826e+01 6.802348127930962107e+01 6.528967628877911977e+01 6.170167015505590058e+01 4.245885282948020745e+01 3.847535815966718786e+01
7.164818186532601052e-02 1.326535122675816858e+01 1.819060368339960476e+01 2.026204567966127357e+01 1.381137642890133188e+00 1.666314240955873327e+00 2.034597506767785191e+01 1.594626864023683233e+01 2.243165507180434659e+01 2.236638033150573079e+01 3.294790909113253008e+00 2.130703072137919563e+01 7.025668175365773038e+00 9.409720791241207749e+00 2.953475448902726086e+01 4.133724319730332297e+01 5.086016579136816063e+01 5.914837075974431002e+01 5.601523373626736912e+01 3.668181162689015906e+01 2.527367204352816188e+01 1.775963684615366489e+01 3.761441222671275852e+01 4.764909222432935820e+01 5.887047484725036384e+01 6.357517553277368449e+01 5.458795972041242095e+01 4.394473816137465860e+01 2.360450805055602430e+01 3.796818393265531455e+01 5.838629872577452318e+01 6.197919653540233043e+01 4.745372158379917948e+01 4.473836964578226372e+01 5.925953953756279446e+01 4.809494353500729602e+01 2.842395217316501999e+01
