MOVIE_S4_data/elevation_000355.asc
nrows	100
cellsize	150.0
xllcorner	0
ncols	100
yllcorner	0
NODATA_value	-9999
[rows 68 to 84 of 100, columns 37 to 73 of 100]
7.716131446087615586e+01 5.630334388513841759e+01 4.206756781785914256e+01 6.241250202498412136e+01 6.170462481183179193e+01 5.334202943760294602e+01 3.669918153068510946e+01 5.631759997416543229e+01 6.735615753532430006e+01 7.903787534707136331e+01 8.116461692118156179e+01 6.108925059575760486e+01 4.704383171564783339e+01 4.464170183924044721e+01 6.452117791183376028e+01 6.541766557293657058e+01 4.851238658842085982e+01 3.457873239053653691e+01 3.834553791214023022e+01 4.865574477626428518e+01 6.771641012114436364e+01 8.276092463863393789e+01 6.690657648604694430e+01 4.767632298807004076e+01 3.967050997073133800e+01 3.998500380364382067e+01 3.325485819210974370e+01 5.775848775348028852e+01 6.770558133865790751e+01 6.239236229587294957e+01 7.083506752617562086e+01 8.137665611266812959e+01 8.772833411982466600e+01 7.989130294083570050e+01 5.922813021893640695e+01 6.955912737804040091e+01 7.815076659947219184e+01
7.281212694913055827e+01 5.210544254365309058e+01 3.837161205481591963e+01 5.284977529805382801e+01 5.048878818404845958e+01 3.399684647033279816e+01 5.334202943760294602e+01 5.044332923343948494e+01 6.487686804482945035e+01 8.559572699524983364e+01 8.576220553297974902e+01 7.529207413648006764e+01 5.700547424895992776e+01 3.747177217042496977e+01 5.030504624172412065e+01 5.513018692139640109e+01 5.114497832385552556e+01 3.304342633181465771e+01 4.073365308564895315e+01 6.100742371489648974e+01 7.586764672136031606e+01 8.333340329516411771e+01 7.525036520237578941e+01 6.441356364393766398e+01 5.044782965504056449e+01 3.261961500235141642e+01 4.670734098838225634e+01 5.549112882729511398e+01 7.662264249958066387e+01 8.450152574460099686e+01 7.631295354403899012e+01 8.463757446095617354e+01 9.107164798768253888e+01 8.851570420466957501e+01 7.989365879440282470e+01 7.381302335782920920e+01 9.457361133026117272e+01
7.609256213161039284e+01 6.561267714874813350e+01 3.530810604549760257e+01 3.398392435110401522e+01 3.134356290950971413e+01 5.048878818407789737e+01 6.170462482841234220e+01 7.085220596575656771e+01 6.958084650413977101e+01 7.725498926982237435e+01 6.583452896155581868e+01 6.952579178449218489e+01 5.795871887894049479e+01 4.831566254548840078e+01 3.106555480036845651e+01 3.630817307330629262e+01 4.831892294575877145e+01 3.134971371103500815e+01 4.885084396951098995e+01 6.153233465514960443e+01 7.171933648263505745e+01 6.288427987689874499e+01 6.271379626751945580e+01 5.737032364054340405e+01 5.072049140019247915e+01 3.216059018654851087e+01 5.136611703904220860e+01 6.431349923711803740e+01 7.246392276037431657e+01 7.453493517084920938e+01 5.639731822355776103e+01 7.125261118920630565e+01 7.096577273034881728e+01 8.357181971008337484e+01 9.187319293260780739e+01 9.457361132744645715e+01 1.032183839686954201e+02
5.591315038489603495e+01 6.182022040924869088e+01 5.590018448266540929e+01 4.852322185512208108e+01 2.941936228883065851e+01 4.271995476796389823e+01 6.252301154173274966e+01 6.588552805825165137e+01 4.906103527695548649e+01 6.583434153612829220e+01 5.173113267650147407e+01 4.955040206246608392e+01 4.892894265655813513e+01 2.829472099706571697e+01 2.660758239385405588e+01 3.591219904558280973e+01 3.545731573568119899e+01 4.414086829252399014e+01 2.909372616309908466e+01 4.367373881221509180e+01 6.149999981883842537e+01 6.272591236831578243e+01 4.286676602570848615e+01 4.132254658398012737e+01 3.150003755655500726e+01 3.231196958795094076e+01 5.138364366346589662e+01 4.498381918045527073e+01 6.141245726879268574e+01 6.013920578166358410e+01 4.613612930751172314e+01 5.106246699936779265e+01 5.665622248664799798e+01 6.342030478743734534e+01 7.353025755892683435e+01 8.774911645860279918e+01 1.077709709451124098e+02
5.065277766250402181e+01 4.191005656039538252e+01 3.655997646187984174e+01 4.682661985647705194e+01 2.771409086009565215e+01 4.684454009357363446e+01 5.303920588351132892e+01 4.592394986826932524e+01 3.546490733376765547e+01 5.775900552359358642e+01 5.520917218986934216e+01 3.578079912597142709e+01 4.487396128978648591e+01 2.602966990630703137e+01 4.542852725649135692e+01 2.718878285935958772e+01 2.759992248144257942e+01 2.801114715610219719e+01 2.843597681774357255e+01 4.774115452565050077e+01 4.275784475316391564e+01 4.888564287201877789e+01 4.953103245171872260e+01 3.090829546615670154e+01 4.985325428129749525e+01 5.106695033516028559e+01 3.336328712491226156e+01 3.411903982822990145e+01 5.341083226829927355e+01 4.030381466085071196e+01 6.013920578318572296e+01 7.125261118920630565e+01 7.685464806899511814e+01 8.357181971008337484e+01 9.187319293349241889e+01 1.019052780751436131e+02 1.093772968334041167e+02
7.006011736599350570e+01 5.239187799077193830e+01 4.936240194341292664e+01 3.021461030662821301e+01 2.599529750479558032e+01 4.309173653054747177e+01 2.369362899628859864e+01 2.317437037159293212e+01 4.284201852745233907e+01 4.353774519469732240e+01 4.328816474557586247e+01 4.375355726733889838e+01 2.545321628123121016e+01 3.185532397151697737e+01 4.244346454129819790e+01 5.230816488587669255e+01 5.202566013339689022e+01 4.198770744265588206e+01 3.926142429169541259e+01 2.903475459196069153e+01 2.946150425287568808e+01 2.988689287265570371e+01 3.031090839903935930e+01 4.950224573661615324e+01 5.811657953113422792e+01 5.253731317079936503e+01 4.674848219980281527e+01 5.347239524061989613e+01 3.525860173798307784e+01 5.473068739476676114e+01 6.013931654288382589e+01 8.026755180934509326e+01 9.199711773453144303e+01 1.002463714814142008e+02 9.285348506507071420e+01 1.010990438346527753e+02 1.069808430392000389e+02
8.060892223516411548e+01 7.244344915716980893e+01 5.748601444866938692e+01 4.838338220109717724e+01 4.150674778696767930e+01 2.371483940163609816e+01 2.263865166129680517e+01 3.229763728910236864e+01 2.370646680471523382e+01 2.408487675808381212e+01 2.446742454260558119e+01 2.487676784999769808e+01 4.424048475370548061e+01 5.139421873211994551e+01 6.025957319354081676e+01 6.972864163469422749e+01 7.230521465434676998e+01 5.899493326090554746e+01 3.932888167294222370e+01 3.170730667144345105e+01 4.843973541571156005e+01 4.904685438003523501e+01 3.290810774799761163e+01 5.216948626453024929e+01 6.940874653586689647e+01 7.233933999278785620e+01 6.661405335627532054e+01 5.565239740209730712e+01 3.610210130171042664e+01 4.977350990844949763e+01 6.984642284970179560e+01 7.571165343663844283e+01 7.205191624944026785e+01 8.960854169889672960e+01 7.295890476338668407e+01 8.712495373519531938e+01 8.712495373519531938e+01
6.897576848792880355e+01 6.386938037334191876e+01 5.552638718058530287e+01 4.904039929474016191e+01 3.993868265809253870e+01 2.209598645006472495e+01 4.178068706554133627e+01 3.489566866023271530e+01 4.321805177099911077e+01 4.356680457485379776e+01 4.387686726491006084e+01 2.546304851421916737e+01 3.903914082626616988e+01 5.901509899253579050e+01 6.756481187134276922e+01 7.588170112527569700e+01 7.309810486854381395e+01 5.315321184050925041e+01 5.385553912020188250e+01 3.446348331825502953e+01 5.381026954742832658e+01 6.028108128267483323e+01 5.216977553142422153e+01 4.109162319718190304e+01 5.523948339201454161e+01 7.537435543280476224e+01 7.206336397604080446e+01 5.657772045776275149e+01 3.694552745481968259e+01 5.658166393828913243e+01 7.487936234864952212e+01 5.558858036047244155e+01 7.046130085904654550e+01 7.449309915983630503e+01 6.132566549727693683e+01 6.718000776401591168e+01 7.428742920080112810e+01
4.910060113880054899e+01 5.285495616990409928e+01 3.547403447698221157e+01 3.983837002928470383e+01 2.156931656081687620e+01 4.127763005434610477e+01 3.600594748641382381e+01 5.303752362345649374e+01 5.307262323837295526e+01 5.697100292103845476e+01 3.753844508119942702e+01 2.635261599486590001e+01 4.583607622570341533e+01 5.718549075714247465e+01 4.754149127785404971e+01 6.756481187134276922e+01 8.133197230884086082e+01 7.309810486854358658e+01 5.688031483536531852e+01 3.727752775382853656e+01 5.688031483507158725e+01 7.002806712609859119e+01 6.947182622300277899e+01 5.523948339201454161e+01 5.744202387170796698e+01 7.757694572322814963e+01 6.349858316702169958e+01 4.071744369512869355e+01 3.779234864278032546e+01 5.749395146876992868e+01 6.194211890970850476e+01 4.655859458088141167e+01 5.027248304254076317e+01 5.433530617240131733e+01 6.449397140080495205e+01 8.449222691886770065e+01 9.414602904120521032e+01
4.909288357309807083e+01 4.446491485888137163e+01 2.290700359960317201e+01 2.104835626650090674e+01 4.071985424695627387e+01 4.116396845042251584e+01 4.988685092674140975e+01 6.413308737000885174e+01 7.238784246318864746e+01 6.408197511128432211e+01 4.690732092177404411e+01 2.751094074642470844e+01 3.270253992494957629e+01 3.788815286331772114e+01 5.772687082696295846e+01 6.167025862800301894e+01 8.179552225554405709e+01 6.950728241313954925e+01 4.954229366970840687e+01 5.688031483536641986e+01 4.188970782526185133e+01 6.177597551535004783e+01 7.580260387269969158e+01 7.537435543279902106e+01 7.757694572322814963e+01 7.871870221191727524e+01 5.718581383243490990e+01 5.599381590428191657e+01 5.752102775823807690e+01 3.902772283619399474e+01 4.195863415270987673e+01 6.196675177075828600e+01 6.459876084177793132e+01 7.449309915983630503e+01 8.275050055498218171e+01 8.449222691886770065e+01 1.043668609560754987e+02
3.918998902062205758e+01 3.853108826021555444e+01 3.990071096551001517e+01 2.068700848265025982e+01 4.040910363993918253e+01 5.302022410774893757e+01 6.839542774522739421e+01 7.824772003773763629e+01 7.059003286601480909e+01 5.845516777132118591e+01 4.768784089037972507e+01 2.871540718663028358e+01 4.221062354549046347e+01 5.745995149095165289e+01 6.617558975678026911e+01 8.179552225554405709e+01 9.009314362254832531e+01 7.774037213164989168e+01 6.367072509439606876e+01 7.002806783671907453e+01 5.069491738010492554e+01 4.751327029703683280e+01 6.756417237001426201e+01 8.212779946152994626e+01 9.207398141182652296e+01 8.700047127488312526e+01 7.871523963510759359e+01 7.711745742010604943e+01 6.065991339823251138e+01 3.996030315805696631e+01 5.697054660071808740e+01 6.101656371534840417e+01 7.918034557820107011e+01 9.285142517186953626e+01 9.152332855091452757e+01 9.507708173574980037e+01 9.900468092383452756e+01
1.950347225639075077e+01 1.984327275261875911e+01 2.018748127148689875e+01 3.033489390915920580e+01 2.526651430321564362e+01 4.481312399893477050e+01 5.777571619709740958e+01 7.182099104341246232e+01 6.135262143858706452e+01 3.978655826646095051e+01 3.031705839974275563e+01 4.692061514647696896e+01 5.519889182160551400e+01 6.907585613827667714e+01 6.555117183519685398e+01 7.182357404859152439e+01 8.010371086139853958e+01 8.893442986196818367e+01 8.359797824961799506e+01 7.896917230763411055e+01 6.230659110345958140e+01 6.756417237001426201e+01 5.384066484631023997e+01 6.394193059595071560e+01 8.387998054075907817e+01 9.359697263915033716e+01 7.359556829949825385e+01 5.876506650660576980e+01 6.098558970016556202e+01 4.090724149027940371e+01 6.083875541072385573e+01 7.582897392512519730e+01 7.045946400645330243e+01 7.373289907537358090e+01 7.111778219781257349e+01 7.466231440360648719e+01 7.859627688724755501e+01
3.867897031857435053e+01 3.924019001193492073e+01 2.164313627140329288e+01 4.164767245500171811e+01 4.481312399893477050e+01 3.000586608618059614e+01 4.374099053248735913e+01 6.312079531499794882e+01 6.937702587294441514e+01 5.863372892707937467e+01 4.927257246658260215e+01 3.188186123135522365e+01 5.108285834198473907e+01 5.757124790546937021e+01 4.594691624847467892e+01 5.213594808764106858e+01 6.092904552057451895e+01 7.479924833901623060e+01 9.468014171829484837e+01 9.046465289805222199e+01 8.226200132645537622e+01 7.926049301175372364e+01 5.924435672083667015e+01 7.926049301175372364e+01 9.207398141184506812e+01 9.359697263957431801e+01 7.359556829949825385e+01 6.840496359579452701e+01 4.161498797239861602e+01 4.187707762107667264e+01 6.202890393081996478e+01 6.585996596754151255e+01 4.953848093653007112e+01 5.302997825554832190e+01 5.664704652548095254e+01 6.026435651809858030e+01 6.414197575898877801e+01
4.117981097989979844e+01 4.680916097565520317e+01 2.702994174287048423e+01 4.684558851663944523e+01 5.777571619529100388e+01 4.374095991970258979e+01 3.523625373714669706e+01 4.644461531503976204e+01 6.598435346002830215e+01 6.718776967283176305e+01 4.746295767245945996e+01 5.108285814313593676e+01 3.342230846512081399e+01 3.814952445348180987e+01 5.757932624299404267e+01 7.182357404859152439e+01 8.010371086139853958e+01 8.893442986196818367e+01 8.658280044917339069e+01 9.479264714827073135e+01 9.903790432154234225e+01 7.926049301175372364e+01 6.827959574463666570e+01 7.346086139854229202e+01 9.326204230913661775e+01 1.018070682809269414e+02 9.359697263957431801e+01 7.365248497118983551e+01 5.312179632889286296e+01 6.202889806102930237e+01 4.327443825984062187e+01 4.544617001143728174e+01 6.594791228769226166e+01 7.373265314618062405e+01 7.709442786443685236e+01 7.200469139408627939e+01 8.457376003636893813e+01
4.954082178284699012e+01 5.251989058206599736e+01 3.286237455783937378e+01 5.252160017740956022e+01 7.181047239391523362e+01 5.909253348760078950e+01 3.932732098468553517e+01 5.909253348760194058e+01 7.406535421910325567e+01 7.539686324408117457e+01 5.936649526561093637e+01 4.541928938199556143e+01 5.268248229238766811e+01 3.499019828249324604e+01 5.435413063654353749e+01 5.990271762778065323e+01 6.658696365311877230e+01 7.391365952199623734e+01 6.655114665664792994e+01 8.079226738298095256e+01 1.005623839109447601e+02 9.633056200507529354e+01 7.981799789167348536e+01 9.326204230913661775e+01 1.014592738213039667e+02 1.046719898288545636e+02 8.443736514827642736e+01 7.003307022956533956e+01 7.376385567687398748e+01 7.195467581979123395e+01 6.352817845766890059e+01 4.479520121012813405e+01 5.914068610472573795e+01 7.946203079858820217e+01 9.678158591138463862e+01 9.243998164778913917e+01 1.008232408028596865e+02
5.963475191672050357e+01 6.080085212512261705e+01 4.152434593382577788e+01 4.885785369913952536e+01 6.882340255265705764e+01 6.365444366451421843e+01 4.376953821384385890e+01 5.780997331212401491e+01 7.776424325414207317e+01 8.741299142500272978e+01 7.339498643687433344e+01 6.518027715471843919e+01 5.748344144182296134e+01 4.358290077261012385e+01 3.655405786639745003e+01 3.900169641071234850e+01 4.544930006856746729e+01 5.319062897072394236e+01 7.391367019799866966e+01 9.145352998984840553e+01 9.320063026800480088e+01 1.014081498712383649e+02 9.951806396458671600e+01 1.077225461123211403e+02 1.050573449502605001e+02 9.481767967374510420e+01 8.632123241294621607e+01 7.949598766694369090e+01 7.717837013171542537e+01 6.676791894687201534e+01 4.634614674247682586e+01 6.513312499474945128e+01 7.186618178512905786e+01 6.806662434888902169e+01 8.246144972464466605e+01 9.686388005013097313e+01 9.798017057205235858e+01
6.971613504929084115e+01 6.972609046135544020e+01 5.293970314582714565e+01 6.882340255266559836e+01 7.627790390913087037e+01 5.631846074634350430e+01 6.365444366451421843e+01 5.309878752821259695e+01 7.306803916104519203e+01 8.498271793530149409e+01 6.518015191486850313e+01 5.374461513073102736e+01 4.518762917189422268e+01 3.831763362593499522e+01 5.652819769638747260e+01 5.990271762771964603e+01 4.330927542264394958e+01 6.453443687073148283e+01 7.336863612094373366e+01 7.163632115049334459e+01 7.347257935846407406e+01 9.000349475052661319e+01 9.883963718997338788e+01 1.102347827033317884e+02 9.654821014961075321e+01 7.609519604664545511e+01 6.585411488040361405e+01 5.902820899521663733e+01 6.874821337304921087e+01 4.826850835446972354e+01 6.676743471850355149e+01 4.925868022824648307e+01 5.139200192492128139e+01 5.357885785966674774e+01 6.806723204709651043e+01 7.968668324600672292e+01 7.723225951632169028e+01
