MOVIE_S4_data/elevation_000812.asc
nrows	100
cellsize	150.0
xllcorner	0
ncols	100
yllcorner	0
NODATA_value	-9999
[rows 34 to 50 of 100, columns 0 to 36 of 100]
6.606448164489217567e-02 1.173300270106542520e+01 1.659765082320996399e+01 1.302209404786352209e+01 2.143864347392929659e+01 8.247891890569825080e+00 2.046915079175665841e+00 2.358094668309687059e+00 2.669369196332943783e+00 2.981977050912528515e+00 1.264384978693023598e+01 1.651182658231225986e+01 4.174392034146289454e+00 1.678235058891646858e+01 5.032480070645273251e+00 1.765922774928440120e+01 1.007565190261280108e+01 1.515934434287341581e+01 3.447763699324071496e+01 4.177286151810636738e+01 3.356635706127225660e+01 3.526359412845923913e+01 1.819321841168417464e+01 2.010756239124084033e+01 3.964671644368839765e+01 4.457291928453782504e+01 2.785856402892319039e+01 3.015770232379938420e+01 3.255192767312806268e+01 5.270643997256442503e+01 6.047439974414551500e+01 6.486118675960204882e+01 6.944995969857613716e+01 6.452448516291968872e+01 8.525945587644952184e+01 9.558210479944814608e+01 9.998439739065541687e+01
6.290596198942818851e-02 3.717333317308145757e-01 6.805975258173794229e-01 9.895722720261099781e-01 1.298916726234351504e+00 1.608374426905271992e+00 5.552405640669036302e+00 6.498983429650622590e+00 1.942911917871878913e+01 3.663931686895024686e+00 2.608856663863829795e+01 2.386946451443397521e+01 4.429403822526936985e+00 4.597470205179039482e+00 2.355453005998978711e+01 5.470360625975347446e+00 1.009881247305753860e+01 1.005476838493865266e+01 2.899418832054946549e+01 3.119124255005960222e+01 1.405637111934720984e+01 1.576125515082978090e+01 3.526357684900613521e+01 3.964670112289435622e+01 2.284842560752278118e+01 2.480136265059154610e+01 3.209674235533950082e+01 5.022552089238023854e+01 5.270649586436271505e+01 3.926528275066280571e+01 5.942260212338364056e+01 7.533090376814107003e+01 8.396243341110164238e+01 8.558492327099553165e+01 9.443751528590320277e+01 9.886396443922582478e+01 9.671691105037453440e+01
5.954267593782444634e-02 2.002652247106472316e+01 2.110154440253056052e+01 7.866937957134077841e+00 1.486998181807178732e+01 3.902086652833774760e+00 5.128322003479962810e+00 1.719453437041899235e+01 9.891697899508313796e+00 2.707434148410162322e+01 3.774894915480791013e+01 3.885966335102849456e+01 3.170250915158056770e+01 1.250173434675423145e+01 2.924273484155687086e+01 5.782515753742416109e+00 2.041972363757667353e+01 8.469623879091022545e+00 1.007558691626936387e+01 1.166023041130122984e+01 1.565691372295625783e+01 3.517557125487619629e+01 4.347571420973560663e+01 5.074520296837822286e+01 4.249784969241578381e+01 3.197447652180779443e+01 5.091306540654758805e+01 4.361623925780392597e+01 6.351418311691649876e+01 5.098939283018047064e+01 4.725420809362510965e+01 5.629831167663008529e+01 6.777002098552667064e+01 8.709845076563036059e+01 9.886396444255237270e+01 7.876490622822093712e+01 7.656410768466116679e+01
5.541180393181056874e-02 1.937547140225832010e+01 1.843266522113154693e+01 2.721869928296553809e+01 3.062793372236609812e+01 2.331925404563480697e+01 2.623749282973804142e+01 3.094977537243456922e+01 2.808516702841810186e+01 1.511442652837966705e+01 2.183419101978456212e+01 3.930951490665898262e+01 4.675953416067278567e+01 3.705117123801424128e+01 3.074898763623122733e+01 1.281423190356825437e+01 6.234936699038452268e+00 2.716046688898873285e+01 1.919462668564817065e+01 3.119129390380735956e+01 3.517557217198540798e+01 2.159427171288505320e+01 4.123767479855030160e+01 5.628287405411054323e+01 5.934682289993944693e+01 4.531925203733455021e+01 5.108029820821904821e+01 5.772875071771861855e+01 6.351418311691899987e+01 6.516343267500924696e+01 6.148119951527958449e+01 6.148119951527957738e+01 8.123740989900903742e+01 9.498516169195244174e+01 9.671691140877793202e+01 7.656410768470831840e+01 6.235786216360349243e+01
5.132731495283296419e-02 2.005132558033040624e+01 3.653291935714507588e+01 3.028697405733329973e+01 4.307077982218579848e+01 4.734178681267579947e+01 4.764323901905777348e+01 3.087174579274877573e+01 2.058740703929921878e+01 3.246373903959838003e+01 3.928901696485851147e+01 3.596333022798108914e+01 5.420798778555914055e+01 4.757905718013017804e+01 2.794870284961765705e+01 2.144221625059382319e+01 6.567305777222482099e+00 2.741015510176681147e+01 3.814840342724819777e+01 3.483468839779417436e+01 4.946627448717556774e+01 4.123767479868393337e+01 2.819015500617803127e+01 4.804930813232924436e+01 6.520633250244678436e+01 6.498869400742616165e+01 7.093304238866728895e+01 7.748145247926117918e+01 8.324643732496410564e+01 8.489467671586820074e+01 8.123740989900905163e+01 8.123740989900903742e+01 8.934444462559041256e+01 8.711424751037309022e+01 9.547369058315885582e+01 8.403381618131770381e+01 6.391089740045678269e+01
5.077994834438732952e-02 1.419296914431770062e+01 3.419779220539914633e+01 4.773175971873241252e+01 5.531670274214876315e+01 6.721556948348619187e+01 5.607848772531285420e+01 4.551262988756724326e+01 3.253491856209108590e+01 2.687613702681582595e+01 4.444224597348566874e+01 5.420789160324846989e+01 5.725449153341373432e+01 4.589510117431760960e+01 3.760760847371615512e+01 2.737522818537666325e+01 6.903478868398791768e+00 1.061026561875550200e+01 4.048999005600144585e+01 5.462444018745602392e+01 6.278593609406659937e+01 5.628287478461292892e+01 3.959648457982225978e+01 3.698788150812183062e+01 5.116033366922848558e+01 7.109202279390667911e+01 7.981026865644999191e+01 7.152485009106783309e+01 7.981026865649083391e+01 8.190090714843728392e+01 7.356031299188298078e+01 8.190090714843728392e+01 8.383254719245135789e+01 6.695882925335268965e+01 8.383254719245135789e+01 9.237926632040215225e+01 7.876048175601407308e+01
4.095169275885861271e-02 1.418308466754569075e+01 3.418223088511631147e+01 4.546475801186330301e+01 4.734562139035266171e+01 5.563768670704543240e+01 5.729196170984496916e+01 5.849034674258168565e+01 4.962323937367621340e+01 3.167576937144428584e+01 4.962323937367621340e+01 6.534988102717207425e+01 4.917897727110054973e+01 2.963653429650056381e+01 1.667140789284404079e+01 1.104068474301353397e+01 7.242168016140126063e+00 2.482497888365883654e+01 3.665948823019935787e+01 4.429840780179493009e+01 5.301989933899075425e+01 6.779477823095538724e+01 5.959608004192705266e+01 5.116033366922848558e+01 5.116033366922848558e+01 7.109202279390667911e+01 6.986258274538560897e+01 5.167396399717331690e+01 6.986258274538562318e+01 7.185807670449635509e+01 5.349549311156778941e+01 7.185807670449635509e+01 7.547751135405289347e+01 5.535680488029524327e+01 7.547751135405289347e+01 7.953976176604625437e+01 7.118250888095967355e+01
3.794593529682660504e-02 2.003794593529647017e+01 2.740300139919680689e+01 2.546742484779550253e+01 2.734445671804764544e+01 4.096155738763759047e+01 3.729138276509230820e+01 5.729196170984496916e+01 5.576606122563267576e+01 3.733761925400233395e+01 5.576606122563267576e+01 5.726691866909510509e+01 3.809092374377834744e+01 2.810105649259034521e+01 3.324707193061690447e+01 1.885680532197387294e+01 2.271128383969249498e+01 7.727353071067146750e+00 2.895585787936789757e+01 2.335442144732781600e+01 4.429845198251968696e+01 5.463613863090571243e+01 6.272126938562958287e+01 7.109202279390666490e+01 7.109202279390667911e+01 7.925233133714307598e+01 6.159940704412056078e+01 4.156773356795849850e+01 6.159940704412056078e+01 6.352790305172538154e+01 4.348009407307897334e+01 6.352790305172538154e+01 6.836376735912385527e+01 4.823395862063544115e+01 6.836376735912385527e+01 7.118244428444708660e+01 5.104231254649967298e+01
3.760068892276602348e-02 3.689084405623881402e+00 7.402991169164934604e+00 1.132531387192864969e+01 1.579744982692826660e+01 2.096142762187157871e+01 4.096155738763759757e+01 5.993806424475500449e+01 6.385261562056793849e+01 4.625068217209179977e+01 6.385261563616549552e+01 6.535236607134160636e+01 5.571323028808924960e+01 4.203418455401109810e+01 4.103667037481528013e+01 3.360222148872549042e+01 2.513905554193921787e+01 2.104709139467487233e+01 8.224692356801197590e+00 2.939072212169263665e+01 3.998877979858058040e+01 3.409463272774192433e+01 5.463613862892999151e+01 7.156026215687846559e+01 6.332161342721009589e+01 7.156026215687874981e+01 5.492218255206651634e+01 3.406294193676220061e+01 4.602777246945209555e+01 4.830274886012470148e+01 3.681135369651089917e+01 5.684530005884146675e+01 6.229440166028899029e+01 4.216363302621022768e+01 6.229440164221220044e+01 6.237498829541333123e+01 5.403603422675674040e+01
3.621519728617531020e-02 2.003621519728582001e+01 2.740300139919680689e+01 2.287231936856167636e+01 3.579754608752482881e+01 3.510356882882049234e+01 3.165187747722242051e+01 4.319888727365903947e+01 6.319953552437318223e+01 5.955526583923688833e+01 7.348057184707593592e+01 7.117374993587343113e+01 6.273495215138940750e+01 6.122082536461398661e+01 4.722881281969616651e+01 3.405807577413861509e+01 1.455874542584358977e+01 1.224185725129643743e+01 8.587432866870422288e+00 9.333811884857407648e+00 1.787684355753142285e+01 3.135040913467148371e+01 5.207842744741527952e+01 6.165892786902823985e+01 4.355505968594377464e+01 5.816397642962903092e+01 4.749956546117134337e+01 4.005918845091809999e+01 2.249866616541697795e+01 2.799189158519543952e+01 4.243150896379473380e+01 6.247733282597235416e+01 5.691422743161129461e+01 3.683081496343901051e+01 4.981369422214134346e+01 5.121204794903096058e+01 3.396724905784395787e+01
2.661327423881425236e-02 1.416874889796988946e+01 3.416874889797059467e+01 4.287244423265732252e+01 5.115762337800284598e+01 5.510399281456034970e+01 5.165215587286069621e+01 5.993806424475501160e+01 7.148638807971848053e+01 7.910622168972254542e+01 7.579367173997820828e+01 6.274852462080011861e+01 4.292463917267039619e+01 4.870847995559296351e+01 3.907516916428426867e+01 1.988691050454048082e+01 3.123898247464654787e+01 9.132708879344123787e+00 2.053071443091928217e+01 2.091861768097301066e+01 3.774974306940706015e+01 4.834641460123864221e+01 6.017590472730012152e+01 5.343833655657697790e+01 3.380298565770875285e+01 4.294026327677089228e+01 3.200218269558121875e+01 2.095436575834771276e+01 2.207218864799742519e+01 4.118492003190910822e+01 4.411218583970156715e+01 4.536540376097736527e+01 4.663716504339562618e+01 4.792353464046766476e+01 2.991511083184906994e+01 3.123925214554037311e+01 5.121204849297441086e+01
2.753285331545040487e-02 1.002753285331553812e+01 2.416966847704674137e+01 4.416966847705210597e+01 5.566239259704371989e+01 5.566239259704860132e+01 6.394666045808160248e+01 6.675271587717753619e+01 7.503913263151049762e+01 8.166118577354160379e+01 6.156310494990427884e+01 4.752838060227069406e+01 3.785506011114760128e+01 2.946852494545231949e+01 2.535700739927605696e+01 3.907516903414410336e+01 3.659618868848843221e+01 9.538792500546094288e+00 2.089815812430352437e+01 3.271883506553261611e+01 3.585220821166382876e+01 4.887304092509433673e+01 6.368457829435240569e+01 5.755140608961058746e+01 4.301222313150354637e+01 2.370287008540398688e+01 1.940170985297597639e+01 3.848365864054315466e+01 4.118507054001474899e+01 2.360487949344465974e+01 2.471010456040459502e+01 2.582967758089688104e+01 2.697595295649395553e+01 2.815198807668002345e+01 4.792502910044256481e+01 5.121204849297441086e+01 3.399513394415651391e+01
2.210104741296625708e-02 2.002210104741261176e+01 3.831180410207106490e+01 4.519570163513794370e+01 3.566239261190789023e+01 3.566239261190789023e+01 5.566239259704860132e+01 4.673542892013472283e+01 6.348419397754561544e+01 7.687255617828438403e+01 7.267347302740625992e+01 5.269281284555345479e+01 3.897766085105411804e+01 4.292129190952609008e+01 3.875770165939299261e+01 5.271103113695119902e+01 3.766912690961886057e+01 1.940894587240343228e+01 1.014452200237990454e+01 2.821725917920187854e+01 4.524127987817110608e+01 5.351729904038612773e+01 4.341260443347496789e+01 4.361099862746704758e+01 2.967358333019321392e+01 1.780918012588329802e+01 3.692312357844699733e+01 4.672314494167618193e+01 4.834173133897898822e+01 2.862992498370221384e+01 4.411220277276594715e+01 3.950294848815874360e+01 4.663716504339573277e+01 3.394068748317126705e+01 5.374000520522555746e+01 6.240888995496589331e+01 5.406385022755218728e+01
1.884200952422735234e-02 2.001884200952387260e+01 2.519570166798205690e+01 2.519570166640052378e+01 2.152025698817807609e+01 4.152025698382483654e+01 4.253899436030847880e+01 3.518367389696000203e+01 4.857174891438953779e+01 6.393624541533116457e+01 7.394398257147882703e+01 6.685952367601898061e+01 4.879750642089419443e+01 6.268003873249600133e+01 5.836444813424758138e+01 5.112594186292262322e+01 3.836080034824087903e+01 1.904903407884187416e+01 1.058220791160769636e+01 1.848400671619097935e+01 4.072500884771217500e+01 4.207483866973482378e+01 2.529331289753367429e+01 3.389968440234368074e+01 1.622433892711765324e+01 3.540730493211222552e+01 2.783169430679721046e+01 4.736309798427992490e+01 5.436568838602405407e+01 3.438867707535847984e+01 5.436605452527850701e+01 5.951862278986212829e+01 6.034361732695265346e+01 4.054049383845747911e+01 6.034361732695266767e+01 6.731208926190355157e+01 4.696939656658702944e+01
9.934550753332892920e-03 2.591923448224949578e+00 5.195701667841437832e+00 1.152025698817825194e+01 3.152025698600097670e+01 3.587036716246178258e+01 2.253309572937406813e+01 2.856336560619488196e+01 3.563477320882023491e+01 4.563782734170053601e+01 6.565660588952245291e+01 7.686318802184332810e+01 6.851867052669523162e+01 7.682558596794979167e+01 5.611996654578212684e+01 3.669084769797222378e+01 2.337440355892421806e+01 1.155010438402891637e+01 1.102276514113118822e+01 3.085618420337356937e+01 3.346832694062047153e+01 3.129848338147985842e+01 1.343383504183145227e+01 1.457364113341732903e+01 3.390016394196680949e+01 4.361251305206837969e+01 3.741418565556288200e+01 5.566561528002196013e+01 6.271068101411963625e+01 5.436605582298555817e+01 4.586789634189963039e+01 6.597475755956035925e+01 6.863860293411480029e+01 5.048918285497420300e+01 6.863860293411480029e+01 7.566706224610123854e+01 5.717167170867649872e+01
8.364784840791048004e-03 2.000836478484043468e+01 2.519570166798205690e+01 9.459715994953684870e+00 1.262199365511265547e+01 1.586642207754138667e+01 2.103040029984796178e+01 4.103555752382903421e+01 5.564721644079109808e+01 6.393624541533116457e+01 7.394398257147882703e+01 7.769684425011162432e+01 6.932252769744708587e+01 6.762846187173050794e+01 6.095862843590276725e+01 4.690783993321394973e+01 3.461281729960282405e+01 1.513190347051885176e+01 2.067466227605562068e+01 1.162124288889356549e+01 1.206344468941757953e+01 1.295722164010195598e+01 1.299513105853576533e+01 3.057628873221488064e+01 4.044921401737642697e+01 5.370002354935702016e+01 5.731201031733942841e+01 5.731201031733942841e+01 7.742173317818044609e+01 7.433048360755290673e+01 6.007380353150022501e+01 7.433048360755290673e+01 7.856485038117129704e+01 7.024743440587114662e+01 7.856485038117129704e+01 8.578252721985131757e+01 7.745251066509540294e+01
5.219006137575642711e-03 1.414735462986865144e+01 3.414735462986935488e+01 2.101319988069436917e+01 3.256144713169410920e+01 2.740405792455772271e+01 4.094303051851753850e+01 2.919550400587625205e+01 4.920398615666543662e+01 6.749275796285107276e+01 7.749584488004579441e+01 6.932252769744708587e+01 4.922284705736086607e+01 4.757192821569881147e+01 4.757192821569880437e+01 3.285705144022612956e+01 1.929948943073365442e+01 3.461281729960775522e+01 3.425102231756707738e+01 1.239445939908256911e+01 1.272161151810913715e+01 1.251381889800451752e+01 3.223418381578989056e+01 1.355353711775508607e+01 2.707775870512679361e+01 4.095808114690928647e+01 5.346906354449414778e+01 5.048793822127804987e+01 5.880353207612044741e+01 7.677693554413080790e+01 8.022092080504357625e+01 8.309536320660292574e+01 7.474722661785033040e+01 8.309536320661834452e+01 8.136625662756158306e+01 7.301223401112815736e+01 8.136625662756158306e+01
