MOVIE_S4_data/elevation_000523.asc
nrows	100
cellsize	150.0
xllcorner	0
ncols	100
yllcorner	0
NODATA_value	-9999
[rows 34 to 50 of 100, columns 37 to 73 of 100]
6.823514437268794097e+01 8.019659026932809809e+01 7.205068213303896130e+01 5.785231802538189783e+01 5.680114166981368840e+01 7.360446649739989766e+01 8.756638795376905193e+01 9.433208928120151882e+01 1.026174872240440408e+02 9.903053019660504219e+01 1.012960722112289744e+02 9.283433370500043225e+01 1.012960722112289744e+02 9.009452852312409732e+01 6.993012457374767621e+01 5.836758441931722530e+01 6.325448890307139749e+01 8.009255123603841753e+01 8.396724742193831048e+01 7.026143526536343131e+01 5.612703553243895982e+01 4.324823930590666521e+01 6.305056118031758672e+01 7.143951872880732878e+01 7.705210581067008491e+01 7.712560515024497931e+01 9.723133709394629420e+01 1.004913349333506858e+02 1.008496608798829897e+02 1.008496608800361543e+02 1.090111110758046777e+02 1.054484142945762812e+02 8.634548322546326915e+01 9.353187366996628782e+01 7.890228774639044218e+01 9.018832051105016490e+01 1.096385874273709788e+02
6.031197244537946034e+01 5.612833401217643114e+01 5.881656400072193946e+01 4.389878068142898826e+01 4.542014543221223022e+01 6.528141521048677021e+01 6.757963050655085624e+01 8.171044957576526713e+01 9.313658677614596115e+01 7.875890157891785748e+01 8.620962653401653597e+01 7.259141268072802688e+01 9.114744250839484607e+01 9.842552467172249919e+01 8.598871891026126946e+01 6.586287435827280490e+01 5.180833837015522647e+01 6.622466873730930104e+01 6.997000226624010111e+01 5.584407809660687150e+01 4.254453581782283322e+01 6.239052053325621472e+01 4.689709844003005657e+01 6.672227264811728276e+01 7.046288706927018097e+01 9.061692345076426136e+01 9.503568317859253511e+01 9.616468715182551819e+01 1.044863244627359506e+02 1.029011101076694530e+02 1.112337269574508696e+02 1.133879988461709019e+02 9.990945929481554799e+01 1.048753931178094518e+02 8.547096626284448462e+01 8.547096314556284824e+01 9.084959281854517599e+01
5.273017587302499010e+01 3.430925497838184413e+01 3.543801231314884603e+01 3.137088787973230097e+01 5.380800831000424722e+01 6.082821708873886024e+01 5.350311428411053782e+01 7.343360781015813643e+01 8.469632413534321813e+01 6.449156941567227364e+01 6.599781174908335402e+01 6.251698194407295972e+01 8.271287319286420825e+01 8.647844800798446840e+01 7.813382497279502559e+01 8.009254820796597585e+01 6.622466873730930104e+01 4.636691353225825907e+01 6.100731645045984664e+01 4.185821101391350396e+01 5.456915985963613736e+01 6.936352680348137767e+01 6.672227264811728276e+01 5.055813665805094104e+01 7.046288706927018097e+01 7.747851463843130659e+01 7.483808750387998998e+01 7.597090853310101011e+01 8.863144210341695839e+01 8.272169532200177855e+01 1.029011460828980518e+02 1.186028931462672915e+02 1.188356377031068689e+02 1.122313004901763236e+02 9.278423207995034261e+01 1.048779743083532310e+02 1.012846137319211266e+02
4.350202953267110217e+01 3.050193522715521155e+01 3.089528782492840975e+01 3.127891462341284168e+01 5.062893487656013036e+01 4.096285211311365515e+01 5.484428298803926793e+01 7.475174417918057657e+01 8.700959189871743149e+01 7.191771523950377798e+01 5.185110470997230436e+01 7.189647000665344478e+01 8.671076712324436642e+01 7.813382497279502559e+01 5.828950407327452865e+01 6.410177109670215145e+01 5.984517884077128969e+01 6.032378330579624048e+01 4.120134459283674033e+01 6.100730506896104544e+01 5.216541614702954632e+01 7.188784539748618840e+01 7.772992672212514265e+01 6.083396048497217379e+01 5.446455991509319006e+01 5.736967166458522627e+01 6.057440532010842560e+01 6.429477207930834481e+01 6.841930765770167966e+01 8.863208314316149483e+01 1.021529022019742143e+02 9.845585110280620711e+01 1.186028931462672915e+02 1.204406808638980237e+02 1.039285091705679775e+02 1.204406808638980237e+02 1.208665953353094267e+02
2.993792690824737690e+01 4.851995730007924124e+01 4.415447288581300000e+01 5.088367227350966004e+01 3.181225884556176098e+01 4.158143513090431753e+01 5.854026641518587581e+01 7.292900795831944549e+01 7.865724435649303814e+01 5.853692573212975958e+01 4.703261831858906561e+01 5.853625052010931995e+01 7.857644851394235275e+01 7.418047304075132331e+01 6.326340088189770938e+01 4.576147244513964552e+01 4.014411124125101082e+01 4.057767077537963019e+01 6.032465988139512092e+01 6.930802943003126870e+01 6.608152302363751573e+01 6.753103122313565621e+01 8.603977629970241026e+01 7.937435548800227991e+01 6.595596330951570962e+01 6.631587524784535503e+01 6.879586849654579339e+01 8.450615739570601193e+01 8.863208314316149483e+01 7.557783827748976080e+01 8.197372708335552716e+01 9.207158894411388417e+01 1.063381585274437242e+02 1.264685560705359819e+02 1.235731243550823422e+02 1.318323942413416603e+02 1.296528099564016543e+02
5.004357233119672799e+01 5.750337005713984695e+01 6.191051422640110502e+01 5.777211551380143817e+01 5.105310246672151209e+01 3.233940904788975956e+01 4.362106873757744552e+01 6.390969283378387900e+01 6.994621663212566887e+01 6.294225869325741485e+01 4.310930922002263799e+01 5.745553640064621703e+01 6.578970280625911471e+01 6.605249790055249548e+01 4.895060574132608622e+01 3.951913772579720074e+01 5.916884646422197847e+01 5.348938548909767121e+01 5.299795542385004410e+01 6.710096437734580377e+01 8.598470566275372562e+01 8.690665662159382521e+01 9.503052482950897684e+01 9.446593150942295836e+01 8.612609243593261965e+01 7.641503621345526653e+01 8.900146210021063098e+01 8.309177637265788974e+01 1.032687055383115080e+02 8.986555087043871026e+01 9.207235191906012517e+01 1.104858234299958610e+02 1.205569027556340274e+02 1.225752025831167060e+02 1.308936592000756889e+02 1.237146060656802575e+02 1.094739966832385534e+02
4.531513563443188275e+01 6.622274091338239543e+01 7.064046279773342008e+01 5.485570169804194052e+01 3.498137554522942594e+01 3.270892966558275816e+01 5.243106922872330244e+01 6.028293564874120847e+01 4.898777808431071890e+01 5.388067801800426793e+01 5.499849076649430657e+01 3.836462116467984629e+01 5.739960006097358303e+01 7.100820546057950367e+01 5.800926810115790033e+01 3.905929199134423158e+01 5.860281483582169670e+01 6.883603195452660373e+01 7.284997279474028176e+01 8.136543880134023254e+01 9.562596417290785666e+01 9.122691481249471224e+01 8.276574256179401345e+01 9.122691481251978018e+01 1.049317601217976232e+02 9.660352289579167007e+01 1.049317601075265287e+02 1.032687055383458699e+02 1.115945724725697232e+02 1.100303600360806797e+02 1.122318390485490909e+02 1.205545015730664318e+02 1.192363703669269910e+02 1.023392497746172012e+02 1.192363703669269910e+02 1.153842342546508348e+02 9.512053892013227596e+01
5.607600656214655999e+01 7.467679240371562344e+01 6.288704710079724691e+01 4.257873191930565326e+01 5.486627207765873493e+01 5.181282679848512629e+01 3.322968130092250760e+01 5.244146020575497147e+01 3.429335644916146464e+01 3.468057943796208775e+01 3.507354102746581503e+01 3.547325345094102289e+01 4.541928797113983052e+01 6.277476054760936108e+01 5.838971550682777689e+01 4.096648922622720335e+01 3.838890174862641658e+01 5.937350411123493643e+01 6.978264142140261583e+01 8.006308623091867105e+01 7.994933803597346866e+01 8.038519639724478338e+01 6.056190436848976333e+01 8.038519639742348488e+01 9.092450289308946765e+01 1.026799753267679307e+02 1.069650588967055569e+02 9.924786885124613889e+01 1.067875390067443675e+02 1.092218356934045005e+02 1.092218356934045005e+02 1.175396975522352250e+02 1.108919697818209897e+02 9.065260107750212626e+01 1.108919697818209897e+02 1.082197917342816140e+02 8.799656468592205272e+01
5.210146336150265967e+01 7.338390272604641495e+01 6.929193027184011555e+01 4.908925528204823507e+01 6.917175695317797590e+01 5.563724963247361188e+01 3.555419081181774033e+01 3.375243893567883191e+01 4.827916877834451981e+01 5.320861994338002887e+01 4.635249438636555652e+01 5.535187093534275249e+01 3.605688011020806272e+01 5.605794572960012090e+01 5.709232176706295547e+01 3.769901838487228218e+01 3.851352184287453895e+01 4.792597808011249327e+01 6.233087953712348650e+01 6.188607854090823679e+01 5.827275481691059156e+01 6.495009976142742403e+01 5.070993543736700815e+01 6.111652588567555711e+01 8.220053468546387876e+01 8.480688818896267378e+01 9.436865064376091539e+01 7.779417828692552916e+01 8.624756940761766089e+01 8.905275141305294540e+01 8.905275141305294540e+01 1.092218356934045005e+02 1.037362723529416542e+02 8.356879773531925082e+01 1.037362723529416542e+02 1.018245821180434802e+02 8.170069175517883764e+01
5.393506780848586857e+01 7.379069182656240855e+01 7.782402134751912115e+01 5.800965966555715880e+01 7.782402134751912115e+01 6.554744926906647606e+01 5.472401773254478030e+01 3.562917040345639208e+01 4.716638716913335116e+01 6.487815350359065292e+01 5.980984722449056079e+01 6.130614924620357442e+01 4.888101857945358830e+01 3.665417275441992473e+01 3.708320010864802185e+01 5.038363003572140997e+01 5.856948833183464131e+01 3.974809114865642101e+01 5.065294678363012082e+01 6.156774290579284070e+01 4.398932243269644005e+01 4.513931153223438741e+01 4.627127183513461972e+01 6.607064483416478140e+01 7.600481373066897106e+01 7.163637110373888106e+01 8.606440932615984707e+01 6.577276289812395760e+01 8.619128413949300693e+01 7.472012558065200949e+01 9.496013942844489009e+01 1.006015672751386631e+02 9.765554996424440048e+01 7.755367094957804852e+01 8.977094432150083492e+01 9.808161383820925039e+01 9.339822179169119920e+01
6.352357398219859164e+01 7.676406548152355924e+01 8.698767412299986290e+01 7.235513490738945563e+01 8.698767412299986290e+01 7.187206473577973043e+01 5.176782913467484804e+01 3.763401932736807254e+01 5.699228294239059522e+01 7.378023214953101672e+01 7.978853783771872088e+01 6.584996757749151186e+01 4.604226748690719973e+01 5.666332874605081571e+01 4.284876119562640184e+01 6.118229834973903536e+01 7.067981051291218364e+01 6.137075181887197317e+01 4.119703449832403663e+01 4.231840339860149669e+01 6.192094422467446435e+01 6.491953986867677884e+01 6.607064119673327696e+01 4.787703962969793992e+01 6.768241316115664574e+01 6.034084400807395099e+01 7.165833133924033405e+01 5.902914521015040350e+01 7.864031918846809788e+01 6.752012301786048454e+01 8.777834002598609686e+01 8.028768887769113860e+01 9.479540382592490744e+01 8.977094421599112195e+01 6.967460142668139156e+01 8.681628174966861877e+01 8.875005060388424738e+01
4.760670373338329142e+01 6.255656122931844720e+01 8.302951485389893094e+01 9.306010050761049968e+01 8.758073069081132189e+01 6.729391200144011975e+01 5.973030691450237128e+01 3.972870373397051935e+01 5.973030691450264840e+01 6.299270125330607328e+01 8.324059962426791515e+01 7.339949841882905446e+01 5.345491457992554274e+01 6.978661282082178730e+01 5.556221813615338334e+01 6.978628066974410160e+01 6.640691452216552193e+01 4.545950502078225242e+01 6.218264935083096390e+01 6.227072831212397830e+01 4.578556190833973716e+01 6.562019426207938011e+01 7.601227440646523803e+01 6.767724539013052265e+01 4.946903812076261886e+01 5.058713617931118733e+01 5.170754603561502449e+01 5.282765365071145425e+01 5.847212254570952439e+01 7.591500720569392513e+01 7.722478542843713001e+01 6.750378720164347612e+01 8.551154096929874981e+01 8.246014673016301799e+01 6.471910694087178229e+01 6.667844440589024657e+01 6.865334854579791113e+01
5.146595543196867339e+01 6.633272429724701169e+01 8.668486750769592675e+01 9.599704129131549735e+01 8.581893352658281060e+01 6.729391200144037555e+01 4.728236211547479684e+01 5.971906751670154279e+01 4.302939804771772714e+01 6.299509489422285924e+01 8.012599653997972382e+01 8.173778842803771738e+01 6.489514317000227095e+01 8.173778842803771738e+01 7.566290744588890504e+01 7.083619106230274554e+01 4.982614297723056751e+01 6.640691453017193169e+01 7.490726814876973094e+01 7.393664815282814118e+01 6.562019639004429905e+01 4.920083439895628885e+01 6.908086088633255883e+01 7.765074819635745484e+01 6.931868829114840480e+01 6.457090426974677655e+01 7.165990202658150565e+01 7.284726107807790640e+01 5.449199885770191543e+01 5.571932194324243426e+01 5.697465242928151241e+01 5.825774595963024893e+01 7.854674703975393868e+01 6.215480411496822200e+01 6.453934256614414267e+01 8.481742743680349861e+01 8.875005060326812156e+01
5.560835057455583552e+01 7.034298340684847517e+01 9.057936004748067660e+01 8.757073159998569167e+01 6.720900521095570923e+01 5.719795559740960300e+01 6.136331366184118963e+01 6.535492533339257193e+01 4.540810771500917298e+01 5.163623446053826171e+01 7.170257441166464218e+01 9.098575526187703133e+01 8.501689156888812704e+01 9.335853091832096595e+01 8.247679264585057979e+01 6.180866791631578394e+01 5.303696317170577856e+01 6.802773189668357645e+01 8.855204920401371282e+01 8.330851057731933906e+01 6.318757658846127612e+01 6.908086088146714587e+01 5.276197820127110560e+01 6.685782142751759238e+01 8.702079703112826792e+01 8.475768788549378030e+01 8.227297751113172808e+01 6.202371716745291508e+01 7.461954475858485125e+01 6.999051161695115297e+01 7.722478542843713001e+01 7.754250980918843084e+01 6.013906497456914479e+01 8.044961932152527595e+01 8.481742743680349861e+01 6.798428549268921017e+01 8.821244657545942403e+01
6.008393825377812902e+01 7.202087744304029115e+01 9.216378002371173750e+01 9.599704129131549735e+01 8.581893352658281060e+01 7.738986840547067914e+01 8.161164294588596135e+01 6.795727433261234296e+01 4.798604203977117066e+01 6.795727433261144768e+01 6.225353437122036127e+01 7.656712599999762858e+01 9.700487647146374570e+01 9.685069434637044594e+01 7.652312951582325695e+01 7.762011596949940895e+01 5.673781035299786879e+01 7.164270290929634655e+01 9.205246941626676005e+01 9.163005080246742295e+01 8.330851053174514220e+01 6.691675732140316768e+01 5.535195813223338490e+01 6.953890176424357605e+01 8.971724103217866286e+01 1.024518083778534532e+02 8.227297751113172808e+01 6.844003030230622642e+01 8.867037386019656253e+01 9.021800480625626051e+01 8.994127818907155358e+01 6.975462396363505491e+01 6.580793577211156276e+01 8.016080433990732956e+01 9.655189597671194690e+01 8.821244657546057510e+01 7.151466187308152200e+01
6.537022369727213800e+01 8.558895183103830107e+01 1.005292143646543792e+02 1.075018938690322159e+02 9.569757404623740626e+01 8.725521457743099063e+01 8.159257881635593890e+01 7.063373153940237614e+01 5.060495978353140600e+01 7.063373153940203508e+01 8.255320452089083005e+01 8.255320452089154060e+01 1.029652522421806395e+02 1.052057049074806372e+02 9.685056259271902945e+01 8.139679046622757141e+01 6.071406490293435354e+01 7.280188660850826921e+01 9.313764747443524072e+01 1.072152271750348831e+02 8.710426001391211059e+01 7.830249199937152582e+01 5.812525994535865692e+01 6.976884041417876858e+01 8.406542310479140667e+01 1.041896641901359857e+02 9.580726980262510040e+01 7.562107973256892990e+01 9.580726980262510040e+01 1.015517738013557931e+02 8.144441271848852182e+01 8.994278385130127162e+01 7.225892533176114796e+01 9.245811234364047948e+01 1.086717786326168351e+02 1.000356540191476853e+02 8.579860114946816907e+01
7.311250739828876988e+01 8.189607465711756618e+01 1.020203709377568799e+02 9.909575921936449561e+01 7.858733431137837044e+01 6.683829098680573111e+01 6.127114539589039310e+01 5.615107696044517382e+01 7.063373153940129612e+01 5.593921770428296014e+01 7.015036862707894727e+01 9.056125882592503729e+01 1.031490549064124735e+02 1.114799323343122097e+02 9.127128689570059805e+01 7.692832913305170450e+01 6.501631757306718384e+01 8.549202997940174953e+01 1.014969155696040275e+02 1.019711553161725988e+02 8.183925991288975865e+01 7.015431072903493259e+01 6.109445104613948274e+01 8.131710766322515838e+01 9.274795948922107414e+01 1.010540662365133642e+02 1.041412263791509361e+02 8.728916253239935941e+01 1.041412263791509361e+02 1.098721219234638227e+02 9.306174385159390283e+01 1.008006750828910896e+02 8.393712820186100032e+01 8.655364969212311621e+01 1.067127465307009260e+02 1.142686323307498526e+02 1.017208442491215266e+02
