MOVIE_S4_data/elevation_000908.asc
nrows	100
cellsize	150.0
xllcorner	0
ncols	100
yllcorner	0
NODATA_value	-9999
[rows 34 to 50 of 100, columns 0 to 36 of 100]
6.606448164489217567e-02 1.985307524727036821e+01 2.269076591306943058e+01 1.422203852651946576e+01 5.980220834297772292e+00 9.483866095903140447e+00 2.234611023946528263e+01 3.179268556711515004e+01 2.612067471661522333e+01 4.548766390206973398e+01 6.294086128682529591e+01 4.301966071456108409e+01 3.186513531393002197e+01 5.183023575731030519e+01 5.909643626574389685e+01 3.942499959713641289e+01 2.519562309929434107e+01 4.527626499413802463e+01 5.607709900714149143e+01 4.787173370257927729e+01 3.292180612070970369e+01 4.049080501631139128e+01 5.197097542865014930e+01 7.183909166413080527e+01 7.254226545870602649e+01 5.279818200780666615e+01 6.362490442345227137e+01 8.346399050690646959e+01 7.700333341778637930e+01 7.700333341778639351e+01 9.697422801917346646e+01 9.598276070306124552e+01 7.901985571803446362e+01 7.066295971310447044e+01 8.726379673978109963e+01 9.598276070395390036e+01 1.013589179089752861e+02
6.290596198942818851e-02 3.748354393536298401e-01 6.868036773462449229e-01 9.988885308069972435e-01 1.311092946853885222e+00 1.540111893883540528e+00 8.697833587610123374e+00 1.438906152965146212e+01 2.376048218217832897e+01 4.276555512281980498e+01 6.054886349933688905e+01 4.667526922665507527e+01 2.660424527723404253e+01 4.667221224719735773e+01 4.562299603339560150e+01 3.753733537082803906e+01 2.183732169242808752e+01 4.125858360367971045e+01 4.313768973434840603e+01 2.787706360223046431e+01 4.787172599443648124e+01 6.036812619927301427e+01 6.862158012092878323e+01 6.908929641508424879e+01 6.085973241183263838e+01 4.752171703985241891e+01 6.726542734745929408e+01 7.398352628058260905e+01 6.302065848431634265e+01 7.700333341778635088e+01 9.697422801778202484e+01 8.771637847632794660e+01 6.802243441523496870e+01 5.948487504754928068e+01 6.802243441523496870e+01 8.771637847632815976e+01 9.870738764008777366e+01
5.954267593782444634e-02 6.656269010090591465e+00 1.450187736066914290e+01 1.732923058651235948e+01 1.995331595008033432e+01 1.733634909590205941e+00 1.298520736629989614e+01 2.752357322716004973e+01 4.025548803032335599e+01 5.163445464665662854e+01 5.229075953257063958e+01 3.229958870835932316e+01 2.205264797216700146e+01 3.678455840940865329e+01 3.496171563588138298e+01 1.703522810799093179e+01 1.903153436778561414e+01 2.102989885137898085e+01 2.304152689981343372e+01 2.547215158973912708e+01 4.550415452089810486e+01 5.137342808827781937e+01 5.394557700243397846e+01 5.673355420623268230e+01 4.107127668262794629e+01 4.514319086655500257e+01 4.946754847522012710e+01 5.424283989098442760e+01 7.398352649339078368e+01 9.114128549988151917e+01 8.937268521881921401e+01 8.142866572555682581e+01 7.163634048546379063e+01 5.222467622853027081e+01 7.163634048546379063e+01 8.629211490397943862e+01 9.761985554341605109e+01
5.541180393181056874e-02 1.045017224795881638e+01 1.415299634528500938e+01 2.370687746594935774e+01 2.153973917331270016e+01 2.059020616568065787e+00 8.108784114113047892e+00 2.707592239887482322e+01 4.217933500516645040e+01 5.173503882979861856e+01 6.055110864628786516e+01 5.056140249213840576e+01 3.678550559104881046e+01 1.625244176596453727e+01 1.464624693848586112e+01 3.526642554240199701e+01 3.939638178673182267e+01 3.126869054400691894e+01 4.315958605511824686e+01 4.550415452091215940e+01 2.890752728233427504e+01 3.142714459843081087e+01 3.402179701797457767e+01 3.689156295099762417e+01 5.673355420623268230e+01 5.909094674713819018e+01 6.082311454496736758e+01 7.398352649339059894e+01 7.033191726780788144e+01 9.023132428727389254e+01 7.851396075400639063e+01 6.277434590309161422e+01 6.678342859252002484e+01 4.737779450720863395e+01 5.852986377442891097e+01 7.805800778519964922e+01 9.447614957096779165e+01
5.132731495283296419e-02 1.879856150226159883e+01 2.925170473678026895e+01 3.517974106098441922e+01 2.255321992328869385e+01 2.381305065423489520e+00 2.172416489304861642e+01 1.729073777525810129e+01 2.684631414475256861e+01 4.428774424032899049e+01 4.872358053342288997e+01 3.842026920722850036e+01 3.099427785678878422e+01 1.241165863122360946e+01 3.303643526156692900e+01 2.786674542512534458e+01 4.215823851274407730e+01 5.124847666174309779e+01 5.124847665931478957e+01 5.713133241053485989e+01 3.893218965803167464e+01 4.555037623644166445e+01 5.394557700243397846e+01 4.351870515614350410e+01 6.208653053747055139e+01 7.889243920454602232e+01 8.063288027598244412e+01 8.891373122729258682e+01 9.023132428727389254e+01 8.664572680038824615e+01 7.065858917277951434e+01 5.190965395099411239e+01 5.983388634320026966e+01 4.309521619666589487e+01 5.683103021716017622e+01 7.635263214345661709e+01 8.611636008720596180e+01
5.077994834438732952e-02 1.460222427100102216e+01 3.622902052404886319e+01 3.502857024617598114e+01 1.343588272276086393e+01 2.695235089687072705e+00 2.271423568523208303e+01 2.920181658248895218e+01 3.677947553637028477e+01 5.090691719662523695e+01 4.042113714413152792e+01 2.178223985489238856e+01 1.046338164464772547e+01 3.099427785678872738e+01 4.135253538539262053e+01 4.799951735268908948e+01 5.626316036486515060e+01 7.036788465314847940e+01 7.115931450096697120e+01 5.882809568808600176e+01 5.882809568855940796e+01 6.543151884269184393e+01 7.042764769202811692e+01 5.632930607518609634e+01 5.845506902040222741e+01 7.824468130897788853e+01 9.122349160512695221e+01 8.260296400415128915e+01 9.122349160451337013e+01 7.844833018684050785e+01 5.890221932662040416e+01 4.765181287549156508e+01 4.074507013661926180e+01 3.904862171659577541e+01 5.322223368733257587e+01 7.474308493862633895e+01 9.447614957096779165e+01
4.095169275885861271e-02 1.418308738837669658e+01 3.418313046899314145e+01 3.501265372865700698e+01 2.067971369356584432e+01 3.009263923961852605e+00 1.855121426487628256e+01 3.846940259351900693e+01 4.718385192158426378e+01 5.092314745034514090e+01 3.611472264640305241e+01 2.760801941006850768e+01 9.126123797863886722e+00 2.958017581178768296e+01 4.082513661740385658e+01 4.688420103937474437e+01 5.393490105616723440e+01 6.211860573303435729e+01 7.354451009921028515e+01 7.873536861770111273e+01 7.741882612624414151e+01 6.926463950236433220e+01 7.741882612624414151e+01 7.598569991594384021e+01 7.824468130897788853e+01 8.161624817127533049e+01 7.295792009199026040e+01 6.150490523673255439e+01 8.071638462818022219e+01 7.859315330670813182e+01 6.727822051421722449e+01 5.346026312588676177e+01 3.370699669084623906e+01 5.290199007760232064e+01 6.694382188415499968e+01 7.606605806146242799e+01 8.434008842038733178e+01
3.794593529682660504e-02 1.418008155902790257e+01 3.418008156185133828e+01 3.208968965635813930e+01 3.556919402397795693e+00 3.323603512048967090e+00 2.067170187748327592e+01 3.610003540466787086e+01 4.550692218071276329e+01 3.372494245364519827e+01 2.112555210433242436e+01 7.218910720163638217e+00 2.724970270338233647e+01 1.490679041072607447e+01 2.053756645490083343e+01 2.678855777142347705e+01 3.399250988094566139e+01 4.555687594188249534e+01 6.537949620085984748e+01 7.116258626224488637e+01 6.782930994595197660e+01 5.029557844871322914e+01 6.782930994595197660e+01 7.582017793048017040e+01 6.717219031437785759e+01 6.753526613489212593e+01 5.221826195236793211e+01 5.134374548293342144e+01 7.205393462044190755e+01 7.040739679958662123e+01 5.087734295906865611e+01 3.955669161625923635e+01 3.062171663113717912e+01 5.044791929193885949e+01 6.205888904805183159e+01 5.625692967224497920e+01 7.606605806146242799e+01
3.760068892276602348e-02 1.417973631265384071e+01 3.417973631268848322e+01 3.217933467545612558e+01 1.071592287212339123e+01 1.321275703957357628e+01 3.767737986334208866e+00 3.149635208447101320e+01 3.320914946205348173e+01 1.806107128346501156e+01 6.244343743462644980e+00 5.860076548007302044e+00 7.659762629100514530e+00 2.794390125362508925e+01 4.082513461869950788e+01 4.688420103937508543e+01 5.393490105664037770e+01 6.211860571416606547e+01 6.559275655594643695e+01 5.185241800551381885e+01 5.978010897553878777e+01 4.142159936496330630e+01 5.978010897553878777e+01 6.396316282289753019e+01 4.677654104443139005e+01 4.721575995880115784e+01 4.105519993732379191e+01 6.098384635968577783e+01 6.943759259274060014e+01 6.093215831854828934e+01 6.204537163953558832e+01 4.764428963662078331e+01 2.772763757656239392e+01 4.764423592922524620e+01 4.234091787677088803e+01 6.205888904805183159e+01 6.797117569946450999e+01
3.621519728617531020e-02 1.417835082101725064e+01 3.417835082114115153e+01 2.849966899587740343e+01 1.466240091856379202e+01 1.575651815008736278e+01 2.409503896499304076e+01 4.211924606425737849e+00 2.292669896373049099e+01 2.028777364412762552e+01 5.412663125803098829e+00 2.589189341250758503e+01 6.322466685377348128e+00 2.088638562867872395e+01 4.136064816246825870e+01 4.486270669803952416e+01 4.487836247394830025e+01 5.330226319257170076e+01 5.703794041435990891e+01 3.824118895204144764e+01 4.608293652934042939e+01 3.579446745573879696e+01 5.350282361693464850e+01 5.262150231868037054e+01 3.604481763014688767e+01 3.409605317799635316e+01 5.316720552741631423e+01 6.961457055432623520e+01 6.091176739170461474e+01 4.099092974787166099e+01 4.118797907704985306e+01 4.141864018904599476e+01 2.488195650492560773e+01 3.169372224197180188e+01 5.151919012153984312e+01 4.755901890104598095e+01 4.886994391221930556e+01
2.661327423881425236e-02 1.416874889796988946e+01 3.416874889802820547e+01 3.607235701189939192e+01 2.298670643786344669e+01 1.620665626787774016e+01 1.248940971594046090e+01 5.211469515055917157e+00 4.655669828689645406e+00 4.968209162791081823e+00 2.504212595961770660e+01 2.336985573719476861e+01 6.649898046026499365e+00 2.701042056675832015e+01 3.774768634541482726e+01 2.458724236361209847e+01 2.458831596002316999e+01 4.486698849198726435e+01 4.756501712960582751e+01 2.867753357809568371e+01 2.873624974598060433e+01 4.608293652934042939e+01 5.452441457390933266e+01 2.998320548285225939e+01 2.846815985951420203e+01 4.681015553311799238e+01 6.169367379871669499e+01 6.429684669506762873e+01 5.899442699412681179e+01 4.635767343709145649e+01 2.683565020305692528e+01 2.116012526177020803e+01 3.453201712954432168e+01 4.376604661410476638e+01 4.570928047173385522e+01 2.756296058763911105e+01 2.891419712966457212e+01
2.753285331545040487e-02 1.416966847704652643e+01 3.416966847705482024e+01 4.834851466288638733e+01 3.638771197826964254e+01 2.821916856882669578e+01 1.232808896768249340e+01 1.170150634417847790e+01 2.510185911390724556e+01 6.821163513558165192e+00 2.764334304982020285e+01 1.108128128994463601e+01 6.976979692370123054e+00 2.748780095560247005e+01 1.010589980671212906e+01 8.673183657607097530e+00 2.967660434003207826e+01 3.943617019602658047e+01 3.572018899431868277e+01 2.243678852437919957e+01 3.953837277181293786e+01 3.844661500645365493e+01 3.628215574288203271e+01 3.848943806376712473e+01 2.500500074407349871e+01 4.324299103740618477e+01 5.845677637518009817e+01 4.442483879112659650e+01 5.112970341087869031e+01 3.135337758572050859e+01 1.950970171267419317e+01 3.982464691049619177e+01 2.301032812753442869e+01 2.432459695846927872e+01 2.564411304445215123e+01 4.570925651361862663e+01 4.886994126915204362e+01
2.210104741296625708e-02 1.156910450239978516e+01 2.571108256721614183e+01 4.570318651718053360e+01 4.242970771048238987e+01 2.340116426690445195e+01 3.041502877387761217e+01 1.941179382878453552e+01 3.586903776107808284e+01 2.774547390636820055e+01 3.381887302555095687e+01 1.336239396439389004e+01 1.127631137874107559e+01 7.438600093253611156e+00 7.764552598455863652e+00 8.091650867156523930e+00 2.859415890481650635e+01 2.186598114779668478e+01 1.638865503759336306e+01 3.112957511513495490e+01 3.066405467192679879e+01 1.131434941139243122e+01 2.659713225931312763e+01 2.025537849388594580e+01 3.602194922361082519e+01 3.631145024636575158e+01 4.456869180959014898e+01 3.018484273158734865e+01 3.598451288492309885e+01 3.716242535601131891e+01 1.835560763608569346e+01 3.871589737618638338e+01 4.668602232199872759e+01 4.444274961405952951e+01 3.152275917753697598e+01 4.184599838859519849e+01 6.139475642371975539e+01
1.884200952422735234e-02 2.001884200952387260e+01 3.645917160749356611e+01 4.645917160749374375e+01 5.043489796119858681e+01 3.675396456820675439e+01 4.529878753075245612e+01 2.590894202436498261e+01 4.527710017665265951e+01 4.100429328638427506e+01 2.070739887709800797e+01 3.383166206722393099e+01 3.130713542388567916e+01 1.936911579234482161e+01 2.825817033360045727e+01 2.207326556946632223e+01 8.557776126430429287e+00 1.587621507132846688e+01 2.595824842072692817e+01 9.841543189021059845e+00 1.018094994918365082e+01 1.052121859997094333e+01 2.357856803730446060e+01 3.180584747362688702e+01 1.525701763393290022e+01 1.838937482216142172e+01 3.364198651951453201e+01 3.451954051452543126e+01 1.553274953098484445e+01 1.671866583941413253e+01 3.676640558624526278e+01 3.026309652893515079e+01 5.066470488957026674e+01 5.688584950645827121e+01 3.751960235560086687e+01 5.686412483061581469e+01 6.951116282548179015e+01
9.934550753332892920e-03 8.174900360030664004e+00 1.817490036003083986e+01 3.231703598376228825e+01 5.231703598376299169e+01 5.615366627128929622e+01 5.328117819618467621e+01 3.551795314375459611e+01 5.274095215198060771e+01 4.638911242753211184e+01 2.626214234337182774e+01 4.638980550350964904e+01 4.781337265382802570e+01 3.965316751277772056e+01 3.566335741547622007e+01 1.546467383443884280e+01 2.151691513155803648e+01 9.028756113069661637e+00 9.364120268508930423e+00 1.385898049140225297e+01 2.562052505185430107e+01 2.989021602502884889e+01 1.100347072262999859e+01 1.134546095260861875e+01 1.168786572041675953e+01 1.203210094618568959e+01 1.250100197058290341e+01 1.374825132892742374e+01 3.453234137037105000e+01 2.841708537302926274e+01 4.470576000848360110e+01 4.205525840757291434e+01 5.918606700270125742e+01 6.523146328096572688e+01 4.864517644263601426e+01 5.115246001114835650e+01 7.082130069749301526e+01
8.364784840791048004e-03 1.155537016863340938e+01 2.569750579236461263e+01 4.569750579236531962e+01 4.906525288727361556e+01 5.734915982789311784e+01 6.314391330623151788e+01 5.514132663806212520e+01 6.306969238308757042e+01 5.241852384850423618e+01 3.242352713142476262e+01 5.241852384850423618e+01 5.689437993162877660e+01 3.718978218420187432e+01 2.299508154263519799e+01 3.566845804801070585e+01 1.605885661383539187e+01 3.237838584382154750e+01 2.111926001118530749e+01 1.343143504933502719e+01 2.679782137706798295e+01 3.569050103288731179e+01 1.718107352953095557e+01 3.182721406473939041e+01 3.223643902230636371e+01 3.259753850916260376e+01 1.253767976376127891e+01 3.312019113661563097e+01 4.282205273742827245e+01 4.735702852718331002e+01 5.544514709517353879e+01 6.311530909181215065e+01 7.217083005810967222e+01 7.665424436696373789e+01 6.824741185977177338e+01 7.082121016609809772e+01 7.930929483321803275e+01
5.219006137575642711e-03 2.000521900613722082e+01 2.826322190676958002e+01 3.273535407962658894e+01 2.906529307226428571e+01 4.535331181901307218e+01 5.363827190843113613e+01 6.363858289813989444e+01 6.649789695891632846e+01 4.658665655646054660e+01 4.400450184062091097e+01 6.068068028247039081e+01 6.261217914660196726e+01 4.296103893982573396e+01 2.941478434689520682e+01 4.253027873797687164e+01 2.139849639921895275e+01 4.219640861590423953e+01 3.804408208964532889e+01 1.844981253422836076e+01 3.766238277396341516e+01 4.354368013219003331e+01 3.846175432168944042e+01 2.817343851800079335e+01 4.446090219638781349e+01 3.335304223366225784e+01 1.289818074090292299e+01 3.348450793651344526e+01 4.426697863442508663e+01 5.201198194077169035e+01 5.231326152242449723e+01 6.951468446765835552e+01 6.524355090577226690e+01 5.743827920403760601e+01 6.603002047647936479e+01 7.473027378725680592e+01 6.642636043624480635e+01
