MOVIE_S4_data/elevation_000820.asc
nrows	100
cellsize	150.0
xllcorner	0
ncols	100
yllcorner	0
NODATA_value	-9999
[rows 17 to 33 of 100, columns 0 to 36 of 100]
1.372224685174658065e-01 1.013722246851737907e+01 2.427935809224807784e+01 4.266419551587165415e+01 2.847925134380637857e+01 2.967040892735704816e+01 4.247388626272645240e+01 4.712420177052209169e+01 3.485322665427215583e+01 4.124045090539384972e+01 5.553343448325513521e+01 7.565542440439874383e+01 6.686518209553733527e+01 5.297858862342306452e+01 3.294235705676179293e+01 4.450933280805686110e+01 6.454780694082091941e+01 6.642674236650074704e+01 5.801159450756409086e+01 5.801159450756418323e+01 4.389767978081641076e+01 2.426985293216484152e+01 4.120474487307411238e+01 2.545463390899539391e+01 3.924980362834634917e+01 5.742718882217481280e+01 6.740504777565314498e+01 5.686186729713358545e+01 3.637894847009044952e+01 3.903320760185722804e+01 5.618624129963129832e+01 6.091955033295466393e+01 4.110550726197686089e+01 3.017248109291135805e+01 3.779872652479442507e+01 2.014241189262966714e+01 3.399986264070160757e+01
1.353332760910071209e-01 2.013533327609065182e+01 3.842149371597827212e+01 5.256362933970897444e+01 4.854990578090800568e+01 4.977041453845651375e+01 5.807559914543967494e+01 6.336852186146165167e+01 5.504342686595839496e+01 6.142648985862890498e+01 5.553343448325513521e+01 7.565542440457225837e+01 6.931094249837343568e+01 4.930797585227715985e+01 3.848991722106451618e+01 5.853928187816190842e+01 7.276872852900046951e+01 7.830951487440231062e+01 6.816720004896713192e+01 5.971702349213590111e+01 4.719352716241655799e+01 2.769346992167814037e+01 4.719352716241655799e+01 4.504725930533504652e+01 2.956339364477767973e+01 3.918335882683346938e+01 5.895955728701390086e+01 6.414333925246747015e+01 4.354818533157319393e+01 5.954329746303720583e+01 6.802531246361031947e+01 6.977064712753336551e+01 5.779193042138789593e+01 4.724676474915563062e+01 2.865112906590049846e+01 2.159790125205529776e+01 4.122345790752707018e+01
1.303432743768621893e-01 1.427247889810793779e+01 3.427247889810864478e+01 4.854880623096499903e+01 4.416483539314644702e+01 5.244955282256922402e+01 5.413181616466741275e+01 5.561917458716212792e+01 6.390480166898099412e+01 6.780449484673269467e+01 7.565542440462888862e+01 8.395127787477220238e+01 7.752024511887520930e+01 6.563366003419697847e+01 4.556772842443091776e+01 5.487304901586076511e+01 7.485214739382328730e+01 6.981133051861927186e+01 4.962271646559801042e+01 3.992420236198008610e+01 3.270463977408301304e+01 4.719352716241655799e+01 5.552473103663759701e+01 5.212110985143851138e+01 3.259376126336023560e+01 5.212110985143851138e+01 6.740513953854870977e+01 7.261311800769450997e+01 5.383157674170227835e+01 7.261311800769450997e+01 8.151066175256192992e+01 7.150678942528159610e+01 6.319818383837061049e+01 5.505673026296529571e+01 4.321253037526534513e+01 2.387719975124697669e+01 2.432585171985688888e+01
1.234970534698958955e-01 2.012349705346954210e+01 2.026430874819004657e+01 2.928446300858474771e+01 2.416478937525610959e+01 3.620991964616897008e+01 3.413167151679378719e+01 3.561902315022250320e+01 4.866042828563452360e+01 4.780248203759303749e+01 6.032721939456278193e+01 6.861364628983426428e+01 7.861494570515836244e+01 7.385079955207496027e+01 5.563856807075164568e+01 7.385079955216447445e+01 8.304527290131028394e+01 7.830951487440231062e+01 5.847732013096743486e+01 3.873795466776483920e+01 5.223604231680015175e+01 6.061903214861885658e+01 6.276604732129658970e+01 4.285119285718473492e+01 3.602297411033247698e+01 5.564538888457575894e+01 6.998304041319863700e+01 8.288508401158928507e+01 7.445510176323267615e+01 8.288508401158928507e+01 7.318136494391366398e+01 5.321503700836409934e+01 4.342977631942648742e+01 3.664317412701693399e+01 3.090698803651966742e+01 2.639375279729258494e+01 4.388451208098413048e+01
1.256355554530943219e-01 3.107059525452819493e+00 6.122172971230468441e+00 9.284450631398874165e+00 1.261778396473223651e+01 1.620989000526779833e+01 1.998953473536013803e+01 2.407201763999884037e+01 2.866033231741015541e+01 3.366033231741032949e+01 4.032699898414831807e+01 5.032699915193800422e+01 7.032743963718421298e+01 8.381139971759174045e+01 7.562875199765160517e+01 8.381139971859757054e+01 9.430264150405393764e+01 8.251949307312730753e+01 6.317643153593483873e+01 4.323679167001498769e+01 6.317643153593483873e+01 7.717357133930288171e+01 5.679825547282221976e+01 6.276604732086249072e+01 4.382875506623065576e+01 4.163343250341672785e+01 6.150524250343426758e+01 7.447632170178177091e+01 8.175049996562157162e+01 9.024025461254873903e+01 8.151204550261196857e+01 7.150709480569989296e+01 5.620898852337875695e+01 4.679257050763675352e+01 4.845770789036774318e+01 2.887011412211391814e+01 4.845770244439605534e+01
1.208450475705237920e-01 2.012084504757016745e+01 2.612218010985395011e+01 2.342658653316690476e+01 3.261780344091254591e+01 3.620991964616897008e+01 3.998957825944246736e+01 4.407208133509391956e+01 4.866042828563452360e+01 5.366047814266303106e+01 4.999028689213776033e+01 6.032724222752988652e+01 7.861494570693410822e+01 8.852037386560503762e+01 8.041053018368567962e+01 8.852037386560503762e+01 8.589816692178617075e+01 6.534341928098122310e+01 5.370931925564504894e+01 5.009523849942058149e+01 7.033077357093050352e+01 8.568137690051462130e+01 7.717357133930288171e+01 7.228730232713515136e+01 5.362294092075245544e+01 6.150524250343426758e+01 4.788550553867162307e+01 5.409344907334238428e+01 6.117580301192305825e+01 7.569687853362333385e+01 9.636523492822459502e+01 8.447339166903147145e+01 7.499314155658275638e+01 6.667757307300048808e+01 5.106508132305828696e+01 3.137989223606986400e+01 5.101711025232801688e+01
1.160239911856559974e-01 1.425815961491673178e+01 3.425815961567057855e+01 4.342662784225370842e+01 4.641272078179397198e+01 4.984373858461463414e+01 5.732627223593844690e+01 4.902942083619571179e+01 5.569740156031372180e+01 6.399764905639951706e+01 6.999095646673043802e+01 7.827868793514144841e+01 8.862207943255151577e+01 7.896246160213456733e+01 6.148651555056959239e+01 7.896246160213456733e+01 8.803197031102806136e+01 8.251949307312730753e+01 7.403951598437423343e+01 6.164549552566151647e+01 6.655488591448808222e+01 8.713154696800312138e+01 9.460147894465862350e+01 7.397237970691912778e+01 7.397237970662989426e+01 7.656134831558259179e+01 5.672838529449004596e+01 6.804433920961692195e+01 8.175049996562157162e+01 8.174981982913382694e+01 9.452089079271902960e+01 8.295734397011291605e+01 7.400938137889173163e+01 6.573106505885708373e+01 5.501811407432976608e+01 3.520152076127962459e+01 3.642438076906616828e+01
1.085988230417786332e-01 2.010859882272992394e+01 2.597388804783732397e+01 2.902403690768176148e+01 2.641006359222924971e+01 2.984006102405714600e+01 4.086338190063555942e+01 2.902679487180644102e+01 3.569346298384222393e+01 4.569351724802542236e+01 5.983724677991947516e+01 7.985832926202930082e+01 8.425110802639190410e+01 7.094852286713120293e+01 5.230875333997062882e+01 6.090363476367239315e+01 7.985524717547356488e+01 8.623079614756970557e+01 9.068907689854147236e+01 8.219508401969919476e+01 8.713154696800312138e+01 9.140716733884504208e+01 8.337947300677535623e+01 8.270981340304523144e+01 9.073856920074257459e+01 8.573360368685325739e+01 7.114065757670786638e+01 8.573360368685325739e+01 9.710305169590056096e+01 1.023470335231212687e+02 8.625511951896520202e+01 6.620830491729763878e+01 5.466929468357493249e+01 4.576779582885306752e+01 4.110099404742577889e+01 5.501811407432976608e+01 4.025370176965924429e+01
1.073404342885239532e-01 3.024640264246421406e+00 5.973479387344376335e+00 9.023450793996495634e+00 1.226787921661177450e+01 1.569785091946198108e+01 2.086182871445181775e+01 4.086338190063555942e+01 5.569740127891720505e+01 6.399764560604466368e+01 7.400852074625451849e+01 7.923086985871047716e+01 6.491940213151872285e+01 6.401815751627417228e+01 4.608582103300507526e+01 6.435836914955065424e+01 8.012509228715141774e+01 6.562454578608212330e+01 8.012509293329500792e+01 8.724432113742655304e+01 9.391875975331117843e+01 8.012936638333219719e+01 6.378230968269859602e+01 6.309894560798226593e+01 7.757118359335930791e+01 8.562477561373451351e+01 9.183713891458189948e+01 9.430042968536034209e+01 8.640288091730184306e+01 9.430042993930689477e+01 8.673766134486743340e+01 6.669357177035652740e+01 5.515237669119333219e+01 6.573106505885708373e+01 5.257437817228581167e+01 6.424260340989063423e+01 4.428932535728933573e+01
9.951591839399596962e-02 2.009412147913115376e+01 2.597319777275788866e+01 2.057045981713276817e+01 3.226870624126645737e+01 3.569900253287529068e+01 2.300081838134448020e+01 3.454786313464240521e+01 4.869104758756610352e+01 6.870750785063091826e+01 7.272665095592601858e+01 6.419660825071790100e+01 5.398734325041645832e+01 4.591782192371421445e+01 4.125782098934031694e+01 5.941876123767949736e+01 7.088639462069752994e+01 5.090976425255770721e+01 7.088639462069752994e+01 6.664791876660737557e+01 8.114088332127671777e+01 6.633764254350505496e+01 5.219486257977180799e+01 5.150052446480878388e+01 5.781949643143516937e+01 7.711230129329052829e+01 8.842841452025054139e+01 8.479396603209468708e+01 6.741208981699163871e+01 8.479396604011908778e+01 9.498975033191365469e+01 8.343788382190609809e+01 6.514165815909839807e+01 8.084256780806542508e+01 7.257030505016707878e+01 6.860136530224009732e+01 4.862709791455780106e+01
9.660808524269255682e-02 1.423897811102663802e+01 3.425121506087811696e+01 4.057183801439081350e+01 4.886361033739849091e+01 5.130344573170359013e+01 3.714318987449226483e+01 3.300083023287185569e+01 4.454814067398309163e+01 6.457029805442525117e+01 6.419661028533786862e+01 4.027234757725830860e+01 4.698225698035371067e+01 5.492690994244277647e+01 3.660961509721560958e+01 5.492690995416417366e+01 6.238019962909944383e+01 4.142176273567761058e+01 5.953957582336146004e+01 5.190294175916557862e+01 7.268046535297365551e+01 7.603239587412809897e+01 6.144399903359044401e+01 4.132786708693479483e+01 4.908611444092931464e+01 6.070998634284419637e+01 8.038626596644488131e+01 7.690748536705959282e+01 5.813436420614457489e+01 7.690748536705984861e+01 8.827189176021852290e+01 9.344442224016735565e+01 8.518874350827323383e+01 9.344442196212712304e+01 8.495039107002625656e+01 6.492700560779229590e+01 5.462612907573234367e+01
8.961064364900331314e-02 2.008961064364864768e+01 3.053702606662912089e+01 3.655546396122834807e+01 4.369216485726646937e+01 5.223210249075437162e+01 5.715210203930109856e+01 4.454821240075686006e+01 6.133634161063473300e+01 7.292398107643118976e+01 6.630186310156767604e+01 4.991907422365782310e+01 3.643436145290024086e+01 4.654664757381433304e+01 3.260825339105667808e+01 5.090170835369900004e+01 5.539405399783687756e+01 3.421843922354590717e+01 3.847918384004918835e+01 5.953957582336104082e+01 7.243692358363875883e+01 6.794189597921175050e+01 4.797667265040538354e+01 3.621446809125256294e+01 5.641496891590046658e+01 6.249311698720283204e+01 8.217192859969769358e+01 7.064977831339109571e+01 5.210465022625640330e+01 6.161330137013409569e+01 8.038630546861033110e+01 8.517681606524115523e+01 9.294181785276693120e+01 1.030654147497306923e+02 9.321251994885409431e+01 8.097423222987525548e+01 6.092670260677617478e+01
8.602227843884299729e-02 5.103790915976979647e+00 1.033019091862083272e+01 1.624131504008419924e+01 2.315860541673526285e+01 3.506647524149437345e+01 5.566366885259487418e+01 6.459178093924343500e+01 7.300870844361361378e+01 6.612228749927999161e+01 5.808428390608935388e+01 5.842626911724953942e+01 4.494771175572073929e+01 2.856163969063895181e+01 2.864269523677913298e+01 4.764723660276931838e+01 4.900936591490401639e+01 2.770594842707938099e+01 4.900936591490401639e+01 6.654936904235367479e+01 5.258248684032385967e+01 6.654936903267112314e+01 5.245332620886455288e+01 3.221448993310227848e+01 4.241353342999299514e+01 6.249311799855084359e+01 7.747966996202255530e+01 6.505821180846099594e+01 4.665347688968049766e+01 6.505821180846099594e+01 8.221683568510269424e+01 6.667108403770670577e+01 8.221683568510269424e+01 8.429364560624911462e+01 9.761673810907588233e+01 8.925143907118730624e+01 7.510465082412368076e+01
8.664218773200615953e-02 2.008664218773165189e+01 3.053702606662986696e+01 3.655546396123450847e+01 4.044975171759739396e+01 5.223174018312891320e+01 6.400564183516266326e+01 7.142448719436511340e+01 6.167128555557120251e+01 5.544132633714053071e+01 3.999352686898088649e+01 5.178287264446650084e+01 3.339553534533235535e+01 2.298396217295536559e+01 4.189032103340392865e+01 4.711386708069501594e+01 3.844684866120572053e+01 2.318139722885301879e+01 4.446746000867500470e+01 5.760534868791982177e+01 3.826588660964389987e+01 5.253385130211190557e+01 4.429061035789847267e+01 2.862892255418893583e+01 3.773327352903844911e+01 4.946849054939673351e+01 6.939371610741356733e+01 6.059440792130073561e+01 4.215424469362452697e+01 6.059440792130073561e+01 7.448111132842514337e+01 5.611217972061353976e+01 7.448111132842514337e+01 7.104276483332863279e+01 8.822141964782937862e+01 9.860687155796247794e+01 9.513939233174701826e+01
7.759125536472052942e-02 8.242697997649798936e+00 1.824766340061584913e+01 3.251856141473214734e+01 5.345401251102209272e+01 6.705535459846559831e+01 6.965400637805689144e+01 5.750321403191672687e+01 4.036116637796817486e+01 4.477151287053217743e+01 2.972279869090594318e+01 4.273846838881767951e+01 3.487026880552427599e+01 1.958216034893695578e+01 3.883724825451890439e+01 3.296384087765401461e+01 1.725635456021513647e+01 3.844684866063579420e+01 5.309554313215488719e+01 4.939448750274945610e+01 2.917463571401389544e+01 3.997779849259633522e+01 2.406172527979549969e+01 4.429060958202957465e+01 5.709144288952755630e+01 6.604416333930784333e+01 6.962688543529745289e+01 5.642223946009604418e+01 3.782941303372894737e+01 5.647106207196727468e+01 6.006791010145200005e+01 4.974616027611357794e+01 6.798536182533678129e+01 6.186888415353865156e+01 7.216566377030706292e+01 8.322188765018299250e+01 8.976308831071281702e+01
7.818929607037834739e-02 2.007818929607002190e+01 3.667735054891515745e+01 4.704834204924849672e+01 5.331730724387478659e+01 5.439991629535269624e+01 5.864146845141330289e+01 4.209668612674018107e+01 2.899512939368674580e+01 3.981094675533530847e+01 2.083195602253380230e+01 3.081680333635858915e+01 1.441820142075013855e+01 3.493013705046984541e+01 3.296384087759805226e+01 1.182157255955847575e+01 3.228118965788370076e+01 4.611889121306816008e+01 5.093770441765674661e+01 4.224563977662833736e+01 2.203814137118366290e+01 1.978287313910746192e+01 3.997779849257936036e+01 5.253381184902949030e+01 5.640176711108354368e+01 5.812713560409164870e+01 5.714472460154350841e+01 4.399159368281097926e+01 3.362039051960763913e+01 5.258313883876112982e+01 4.159138021440220001e+01 4.472822199034150970e+01 6.289662820551667011e+01 5.459922187676902183e+01 5.930214730325609196e+01 6.491101479977520228e+01 7.164426717838357206e+01
7.024788420635796893e-02 1.421238377893966209e+01 3.421250747569805384e+01 4.177537555800633129e+01 3.524446406106303442e+01 5.321810937610292314e+01 5.104115906470870812e+01 3.143620309332595752e+01 2.078216764463060073e+01 3.127501029310406011e+01 1.719386575290948471e+01 9.010556705105809527e+00 2.959449787828331324e+01 3.568832486598918052e+01 2.784440131678680785e+01 1.078696671068727220e+01 7.363255969674010970e+00 3.023710099902466553e+01 2.969243694377769316e+01 3.220321368873675993e+01 1.568564012240621963e+01 3.585549768506599833e+01 4.823718413830967222e+01 5.070609749893761631e+01 3.736939526550801816e+01 3.918077052944430960e+01 4.654295665233674129e+01 3.026660617604989056e+01 4.954022725835908147e+01 3.761313219859308532e+01 5.588358577252123638e+01 6.281418294997553886e+01 4.918072455489031825e+01 6.730879203521315901e+01 7.762166365035429294e+01 8.322188765018273671e+01 8.976308831071337124e+01
