MOVIE_S4_data/elevation_000987.asc
nrows	100
cellsize	150.0
xllcorner	0
ncols	100
yllcorner	0
NODATA_value	-9999
[rows 17 to 33 of 100, columns 37 to 73 of 100]
5.696234942755418729e+01 3.675166973862592812e+01 2.251923196610509237e+01 4.266649220515333951e+01 3.402312630228225743e+01 5.399654087067312247e+01 6.925586333578316101e+01 8.068105758364494307e+01 8.561036126605311836e+01 7.717810058280420549e+01 6.254420611953005249e+01 4.325784662729758878e+01 5.668872360241516617e+01 6.982517845934422951e+01 6.382308189931361397e+01 8.431552137725888940e+01 9.100327585254603946e+01 8.262432092879731726e+01 8.262432092879731726e+01 7.711257902105209894e+01 6.882033568882536656e+01 5.979858421270739655e+01 4.066674125250705885e+01 3.075528819462779850e+01 4.891934990112284964e+01 3.125373937517055012e+01 2.911149338005498777e+01 3.856847125332082271e+01 3.086903640501403956e+01 3.148508006619782762e+01 5.027278453206902498e+01 3.456598012085943594e+01 5.360532419292275108e+01 5.315779092121577776e+01 4.862886757854514030e+01 6.874851262060430201e+01 6.387271635830333594e+01
5.550790434287210928e+01 3.530428107195464094e+01 2.112314298047368055e+01 4.120078156427942417e+01 2.935307354765043542e+01 4.937925089807286128e+01 6.401915241619485641e+01 7.292223043276214867e+01 7.717810058280420549e+01 5.719180521354132196e+01 5.876183983499341679e+01 3.964081031634601970e+01 4.404462010595442933e+01 4.994635551288992303e+01 6.412861421854945831e+01 8.582108957319921672e+01 8.262432092879731726e+01 6.217081998320169589e+01 6.217081998320169589e+01 7.658704791787386057e+01 7.981043076708746753e+01 5.992912928922529403e+01 5.851524096425492161e+01 4.891931148799039875e+01 2.879653430669486269e+01 2.825422675329339839e+01 4.844768095601904179e+01 2.999110001059340291e+01 5.045138814487903289e+01 3.233783671002878179e+01 5.600321821721304616e+01 5.359352470672128987e+01 3.676608925176110887e+01 5.663612708436843945e+01 6.875264469050080152e+01 7.715840709140356068e+01 8.410291198548323166e+01
4.581154152628499787e+01 3.984886661992526768e+01 1.974561625628468420e+01 2.309391520987352564e+01 2.862114158345927706e+01 3.574415773396817286e+01 4.476822948235079025e+01 5.898481995159717428e+01 7.878975281985414370e+01 6.304565559640106898e+01 4.370117268477709160e+01 3.609043234519177190e+01 5.514830491226068432e+01 6.982517845934891909e+01 7.832816563074239014e+01 8.399711561625751699e+01 8.475122033021433765e+01 6.285828506083068135e+01 4.765996510860983193e+01 5.888635527650925638e+01 6.727322580902311699e+01 6.866201142690509585e+01 5.519823559882998865e+01 4.688859989146767759e+01 2.740886853280306212e+01 4.678863489849603496e+01 5.611856332004774117e+01 3.511645742904425305e+01 5.529317368451262382e+01 5.590081172046561875e+01 6.654383461550951040e+01 5.785999998325921467e+01 3.831745908954954416e+01 5.793098738840699724e+01 7.574024908384828336e+01 8.381012551917146425e+01 9.127568978141937350e+01
2.571305309433215314e+01 3.663285288462874689e+01 1.847243561963438907e+01 3.256667857370960917e+01 4.872850052441074098e+01 4.506359469029604981e+01 6.401915269124970109e+01 7.292223050310315102e+01 7.216030339611572231e+01 6.477168755814039969e+01 5.236441672334706254e+01 3.328861099303125570e+01 4.665514129012216671e+01 6.614782690556211264e+01 8.107899334846209172e+01 6.841749158638961603e+01 8.107899334846209172e+01 7.113129184278785999e+01 5.033592916215452817e+01 3.858368652229955131e+01 5.185469973810766930e+01 5.446264081419697334e+01 4.026104994878606647e+01 2.664354575286784055e+01 4.689511542302260239e+01 5.570705731163972985e+01 6.346018204986000910e+01 4.128219079129874558e+01 6.351811492900048961e+01 7.925887522394725693e+01 6.955584403800173732e+01 5.101077160277179701e+01 3.987453446445692151e+01 5.953042182971455532e+01 5.610088935577294222e+01 7.574024480880331112e+01 7.193066759311699343e+01
1.493540796315179975e+01 1.662391138359033960e+01 3.056512048803971382e+01 4.652911238838203190e+01 6.090217167092248474e+01 6.504904466580312317e+01 7.319186404721024530e+01 7.483087391524240672e+01 6.135089361127690211e+01 4.702344443435302423e+01 4.940771538418011488e+01 3.055418043447481935e+01 4.400671288146678961e+01 6.340984300351348679e+01 7.329368144191489876e+01 5.598211554545483892e+01 7.230703176510291996e+01 7.925408130830899722e+01 6.727322580902311699e+01 5.185469973810766930e+01 3.162714665975192219e+01 4.540557359212655797e+01 2.589116688072779482e+01 4.614838069655162656e+01 4.100886054921321033e+01 6.110616814698677501e+01 6.351824049394856075e+01 6.351824049399723293e+01 5.249249331260966756e+01 7.335106499901726806e+01 7.743917446182183539e+01 6.700918836720065030e+01 5.953042182980583874e+01 4.213303631588141940e+01 6.185311787426147845e+01 6.801215914511598726e+01 5.796706755374115261e+01
1.479726286048984463e+01 1.968084210544951773e+01 3.953287186984623247e+01 5.730015396627849356e+01 6.484731897053080729e+01 6.755253221274431041e+01 5.963236949061697345e+01 5.138602835476790176e+01 5.745105191373811948e+01 3.383490990940753562e+01 3.623952336904931570e+01 2.789007044753511622e+01 4.730196867059767385e+01 6.304822791287293882e+01 5.752479974541760299e+01 4.742536180100858445e+01 6.621640701414639807e+01 6.884189988673685434e+01 6.044008829881974521e+01 5.289650996521234561e+01 4.467059417266657562e+01 2.515127217728658238e+01 4.540378577981572050e+01 5.445821975212457744e+01 6.110609868140988254e+01 6.940533506898339056e+01 8.384199958736564895e+01 8.154569797238919193e+01 6.228867250492105256e+01 8.154569722805895537e+01 9.162660145607839013e+01 8.039294960049856797e+01 6.410330155006587916e+01 4.433707036178943639e+01 4.565424186950600927e+01 4.821487059635932582e+01 5.086823258927715585e+01
3.485883336643966857e+01 1.534038026743336758e+01 3.536674271585940943e+01 4.509427625551783336e+01 4.418534976778843060e+01 5.207614171836166861e+01 3.432948844293215984e+01 3.148422419308064590e+01 4.027000469898344903e+01 1.969349906361903990e+01 3.587243205018329206e+01 2.526859433261193999e+01 3.708105435756454682e+01 5.537049211429084750e+01 3.808763374693988624e+01 4.946939554465566147e+01 5.657607040301030565e+01 5.244087211038033303e+01 4.015219769205481981e+01 4.371719988413947533e+01 2.443096401657939154e+01 4.466897691342980181e+01 3.287395298696716139e+01 5.296778222799638058e+01 6.799189024006146553e+01 7.590562562230827837e+01 8.441690265168115559e+01 9.039719028328171646e+01 7.653113920886448795e+01 9.039717652769165568e+01 8.357902518116623014e+01 6.410987177577543150e+01 5.259770171811324957e+01 4.659441013565513146e+01 6.543481805670212736e+01 6.801221239958599085e+01 7.065653610225938053e+01
1.752702605391090174e+01 1.571944497105180893e+01 3.572733184129410233e+01 2.081609011120204755e+01 3.953372604680643576e+01 3.852984698890944770e+01 2.180316830430097497e+01 1.853475775593679487e+01 1.890597742411635451e+01 1.927629309409409686e+01 2.172168932666236074e+01 3.905580175631094875e+01 3.396690548660847497e+01 4.845648336439373338e+01 4.883900760599903634e+01 2.940137094213005042e+01 4.236004470777788811e+01 2.859726851838977169e+01 4.302958061298736681e+01 2.372181903324308649e+01 4.393726035524996831e+01 5.298485527618991853e+01 5.296778222799638058e+01 4.147992988306748430e+01 4.816699802678964204e+01 5.772850556786362830e+01 7.085332043792168122e+01 8.985535918413741285e+01 9.613318329312225785e+01 9.829543746040337737e+01 7.898712937541588985e+01 6.518823745425530092e+01 7.233784375325316773e+01 6.635680353762076322e+01 5.015333841389963254e+01 6.993454238780851995e+01 8.180303653792998375e+01
3.603288105119281681e+01 1.976449082558415427e+01 1.624493042762719952e+01 1.661159860032251245e+01 2.912118437245194968e+01 3.360337883157927052e+01 1.800869920276033298e+01 2.010622220768975055e+01 3.555604728102577639e+01 3.808954525863556739e+01 1.980103594464259231e+01 2.016952491738894437e+01 3.044580396204079165e+01 3.856079342485105599e+01 4.073165681409832928e+01 2.513786172512200778e+01 2.228978130529701573e+01 2.265578353195272499e+01 2.302332984066456589e+01 4.319925005068091650e+01 5.224635055869143940e+01 5.468104343721314820e+01 6.267018868800641229e+01 6.142716356326319982e+01 6.799189024006146553e+01 7.590562562230827837e+01 8.120931475379407516e+01 7.267017662842701498e+01 8.148758596651900632e+01 9.134307653382984427e+01 9.269399049331620688e+01 8.464239607918491970e+01 8.092921581186473645e+01 6.164883133861660269e+01 6.993454241068120325e+01 5.404345721693559312e+01 6.808713018866683342e+01
5.097483922273884360e+01 3.934805319257900891e+01 2.318412040311054056e+01 3.248558357991099399e+01 1.712631225625948161e+01 1.748994923034099003e+01 3.752290255397926444e+01 3.979843212238219508e+01 2.308801381367522865e+01 4.090075498501263951e+01 4.072497714834305071e+01 4.046158176846618915e+01 2.068642453855443719e+01 2.105015004345651874e+01 2.141270032962881942e+01 2.177477730461637861e+01 4.186745851071116675e+01 3.248053310442700337e+01 3.173905630154525781e+01 2.382216728688511864e+01 4.403528544911029030e+01 3.641300132677312007e+01 5.124942875618213378e+01 6.497757379412078649e+01 7.793597720607968427e+01 7.497026248897034861e+01 6.639811560083303732e+01 5.153392078353301997e+01 6.189482541101102697e+01 7.759367935289161267e+01 8.742191438338754494e+01 9.558288581631516934e+01 7.720400605703581220e+01 8.092935102992166208e+01 7.657239018906361139e+01 5.692086078064032506e+01 7.091463603513160763e+01
5.307771883048026496e+01 3.498108081906364930e+01 3.631371327080766065e+01 4.241916115721696201e+01 2.407262365735091691e+01 3.742550713798608086e+01 2.121079129451786471e+01 4.183683149388142652e+01 4.266134926534067517e+01 2.616064315644232252e+01 4.541586041020931930e+01 5.273756861320354261e+01 4.672662262668966093e+01 3.560880272423929682e+01 4.177681463154056019e+01 2.317892132113153636e+01 4.276655317585482408e+01 5.146342272843050125e+01 4.808449483456842444e+01 4.041776563729633409e+01 2.463450345491162707e+01 2.521693087204162254e+01 3.151709676811634608e+01 5.257227698953509787e+01 5.791274231344065981e+01 6.309966472444035190e+01 4.589335502404920675e+01 4.135573920032967266e+01 4.807959414776253482e+01 5.731084895438416282e+01 7.280271332415735230e+01 9.587880568967428019e+01 9.558288581631516934e+01 9.060378520291651228e+01 7.134872114957180145e+01 5.993316589743960776e+01 7.948699973890084891e+01
6.113784126435415800e+01 4.760817498698555283e+01 5.446366728442745142e+01 5.312835755646255365e+01 3.285765110128700428e+01 4.970894384309528391e+01 4.187824499317974158e+01 2.511087559043077277e+01 4.600135645705994136e+01 4.542701681782769896e+01 2.932555109946541805e+01 4.688524819084951645e+01 6.026253179904996671e+01 5.810154030314991758e+01 5.343403728130696351e+01 3.800223825729589322e+01 3.051113972278863784e+01 5.152969311010819098e+01 5.908437129644952535e+01 3.908853755055854151e+01 4.487169109079934515e+01 4.230963031376740702e+01 2.605744615373406603e+01 3.780450246659304270e+01 4.855527599943313533e+01 4.846505191314057015e+01 3.429022755104867315e+01 5.455968656215809887e+01 6.890588395079414852e+01 7.759367935289161267e+01 8.742191408572864475e+01 8.965739270001019179e+01 9.797266137742028036e+01 9.863805778978640149e+01 8.749808166596014303e+01 7.948699973889083026e+01 6.455247310456223886e+01
6.918235837464618498e+01 6.628242713198932279e+01 6.753572009520635788e+01 4.765760248012515632e+01 5.347977785324618338e+01 5.034591811910721759e+01 2.928900048680606361e+01 4.404358195735802184e+01 5.450960316465202737e+01 5.350593544688372560e+01 4.173428008122124311e+01 3.257935884087325462e+01 5.402297990118530890e+01 6.726886986447654238e+01 6.821810212919901062e+01 5.723022698265024388e+01 3.611997042032115957e+01 5.723243117608964781e+01 6.757688569587767802e+01 5.929025137591108319e+01 5.448062774572598244e+01 3.439169415538605534e+01 4.286862415509903457e+01 2.691810496522343854e+01 2.753479159920874508e+01 2.815838105837086403e+01 3.895514710345508291e+01 4.842101339346964295e+01 6.953397477096541479e+01 7.821185642748970679e+01 8.324678174880109793e+01 6.959128702260272803e+01 8.638601346090331390e+01 9.661131946589851793e+01 9.749623747049122358e+01 7.831428818311826490e+01 8.393255105301182084e+01
5.496223875568328765e+01 7.509427997436952751e+01 7.576672824811740270e+01 6.753573806984390160e+01 6.828558124051113509e+01 4.737573309484683648e+01 3.234127188207564529e+01 5.350008486350738224e+01 7.069271022361159851e+01 5.562100491216003917e+01 5.277752661310742610e+01 3.492724183088864010e+01 4.174999561958463090e+01 5.103438490560910168e+01 7.011445304667309131e+01 6.379642749741292107e+01 4.232523934217275041e+01 6.379642749741292107e+01 7.868298185203155981e+01 5.864000422023310222e+01 4.445079903803549826e+01 4.859651085114674629e+01 5.415941906399609707e+01 3.853617546802649230e+01 4.560111488313940242e+01 4.792456759702309910e+01 2.905776146616162947e+01 4.358304114147982489e+01 6.518512707287388253e+01 5.810011802874763021e+01 6.315910868201444828e+01 5.791147780228443054e+01 6.803631558468261176e+01 8.819351357966533556e+01 1.055609933685562112e+02 9.749623747049307099e+01 9.698439125261664628e+01
5.645060108348025096e+01 7.659689198383924236e+01 8.556661438078249660e+01 6.555888878198030056e+01 5.333322507374253263e+01 4.368948180477943311e+01 3.589287846201348486e+01 5.714475208029318765e+01 7.032046423858882633e+01 5.158022121566601470e+01 3.847756435467461245e+01 5.373558691339027860e+01 5.889475102013055618e+01 6.726864545341045698e+01 7.901512444849295491e+01 7.200921903407191849e+01 5.046350475620108256e+01 7.257758577966498592e+01 7.868298185203155981e+01 5.864000422023310222e+01 6.451045645341656609e+01 6.863387965186410611e+01 6.537938380379370074e+01 5.734288968329755676e+01 5.282655694755703024e+01 4.983729466985784740e+01 2.969606357303107913e+01 4.985559534367044421e+01 5.695407593276387814e+01 4.381355639048548056e+01 4.885297202143503625e+01 6.904265190617103087e+01 8.638601346090331390e+01 9.641075082491420289e+01 9.979785749456998190e+01 9.127259006382452355e+01 9.980471450099240371e+01
7.035044629259785154e+01 8.490301548091495931e+01 9.356203642966102052e+01 8.212979927488814269e+01 7.302352294634617635e+01 6.091003045389360437e+01 3.961039948567028546e+01 6.091003045389360437e+01 7.276770528175309494e+01 5.396658696594344207e+01 4.103573649733899487e+01 5.947351146432664137e+01 7.021421466072010276e+01 7.839683295831520127e+01 8.814329942760431891e+01 8.201290125766161054e+01 6.391354317558904086e+01 8.201290125766161054e+01 8.698103567177591344e+01 7.868298185203155981e+01 8.205386301825440398e+01 7.387976820841562642e+01 6.498304480073367984e+01 5.382755844926487754e+01 3.332618078384658844e+01 3.166038235614739804e+01 3.036495148866323746e+01 5.047608144997107615e+01 3.730780273772386124e+01 5.743951617101056684e+01 6.904265190617103087e+01 7.734306448522832511e+01 8.535084462241020731e+01 8.125087807859189581e+01 8.388625681525114430e+01 7.147131734822933424e+01 8.971261704113658197e+01
6.097185645911741858e+01 8.112017621158297231e+01 9.900975990157118645e+01 8.927571258763890683e+01 7.929042235328115851e+01 5.888053705265539861e+01 4.359554211105949406e+01 6.485845408487017494e+01 7.276927826849660619e+01 5.396659689637678525e+01 5.947295090680532326e+01 4.481433430319474809e+01 5.178053295667995570e+01 6.106643585393405971e+01 7.511935606271380550e+01 9.367383409491715440e+01 8.784677116049624601e+01 9.493624197544718868e+01 8.830500001048008585e+01 9.090036383310452095e+01 7.387976820839934078e+01 5.383197013517432339e+01 5.673359305926320673e+01 3.644680853347765037e+01 5.369612035498219171e+01 4.719148353857194422e+01 4.838646385993846621e+01 3.129589439364240988e+01 5.107352516221231298e+01 5.885925073252834494e+01 7.194330371844715444e+01 8.334723131477009872e+01 6.664677176112921586e+01 6.129052694967655412e+01 6.431654472661263355e+01 6.180155141693525422e+01 7.755970839163546771e+01
