MOVIE_S4_data/elevation_000356.asc
nrows	100
cellsize	150.0
xllcorner	0
ncols	100
yllcorner	0
NODATA_value	-9999
[rows 68 to 84 of 100, columns 0 to 36 of 100]
7.700916269626027766e-02 3.836508901832434981e-01 6.903286656016376366e-01 9.972526027417387695e-01 2.044029249241425816e+01 1.085722482482157147e+01 3.071459757295142978e+01 4.158307186347521167e+01 3.365249504131819691e+01 2.076676908270886912e+01 4.069997924712276927e+01 3.440745700620948355e+01 3.691592512587180863e+01 2.084067507866019042e+01 2.839711592823042352e+01 3.842518524441532435e+01 5.276793626131242831e+01 7.323011170072116727e+01 6.828500805631945525e+01 5.881011468942316611e+01 4.051784347331421543e+01 3.551476415288434652e+01 5.426019012447175527e+01 5.244972272174733519e+01 7.125413973480570462e+01 8.681532646359833905e+01 8.685342422883303470e+01 7.853957080387371548e+01 6.863650219568170030e+01 5.443755110666449326e+01 6.181369078609175460e+01 5.411357397530199620e+01 3.624749157387878284e+01 5.571437288139345867e+01 4.923762208491335457e+01 6.081144526777007542e+01 8.087746658690036838e+01
8.069533752736411658e-02 1.987636220707185331e+01 2.057282781980484643e+01 2.091812056806523401e+01 1.431506014027481566e+00 2.132069924215028323e+01 2.924297341837423048e+01 2.734212649827601638e+01 1.373727300543245100e+01 3.365249507635290627e+01 3.091695086217050914e+01 1.435498734422302469e+01 1.684708968768102011e+01 3.691592512587180863e+01 4.859190435746394598e+01 5.708530223094227551e+01 6.723982025931125861e+01 7.388640692345047967e+01 5.469304570963684142e+01 4.149773125975556809e+01 3.204766934375690113e+01 4.844221804679759913e+01 5.791924290540975306e+01 7.117279015935081077e+01 7.946926073583985328e+01 8.048176843441396500e+01 7.216806725508024556e+01 5.846842847515086561e+01 7.526529823756825976e+01 6.181846998119869596e+01 4.175915174245712080e+01 5.178241005382275119e+01 3.435804863429957834e+01 4.330645561100563867e+01 6.344242619282857021e+01 7.760593794331295214e+01 8.919242398721928566e+01
8.761414646403616058e-02 1.160217948561695067e+01 3.046835552925336543e+01 2.890071615266510108e+01 1.465944929178898981e+01 1.866579256682767030e+00 2.048572449710982468e+01 7.661238336075766320e+00 2.520429787867205462e+01 2.751711303891461213e+01 1.090190583892726650e+01 3.091695098359168270e+01 3.099895029433226767e+01 2.626792272589084831e+01 3.628134555933731065e+01 5.055159697945521202e+01 7.100549509529312786e+01 6.827563522168954080e+01 6.000523884426709742e+01 5.129684259168563187e+01 4.166438704020278294e+01 2.872016498709557553e+01 4.306881133794416172e+01 6.807386999113768411e+01 8.815961879834883064e+01 7.216806725508024556e+01 5.210583498435288874e+01 4.689493518821123530e+01 6.629380170938335937e+01 5.765389201763530735e+01 4.934431604412591099e+01 3.175470822294936113e+01 3.931447861972809932e+01 5.933080095025994183e+01 5.980458182559110725e+01 8.051329187423746703e+01 8.736311327010074024e+01
8.635282826207266171e-02 2.008600781557577264e+01 3.867332472494057072e+01 4.017345927562819696e+01 2.930422955388295847e+01 2.174085051176470529e+01 2.301932021903129399e+00 5.357850856778052950e+00 5.586246478394560455e+00 7.627312133231443525e+00 2.753395276925735757e+01 3.931279682137053300e+01 5.120076573888767513e+01 3.783910893488506844e+01 5.486465450917032882e+01 6.502819186098720650e+01 7.409837968768336225e+01 5.417249711823269820e+01 4.029906840814653890e+01 4.519856630170215794e+01 2.541673759984269765e+01 4.409650716730799047e+01 5.728465309225808966e+01 6.777057869411805768e+01 6.819331412440732265e+01 7.516880237888381089e+01 5.798192677070930756e+01 3.794281935841439690e+01 4.980099542721822559e+01 4.695061704961890570e+01 2.932035768730527181e+01 4.347179304239048037e+01 5.933080095212523730e+01 5.347380868693169731e+01 7.347083111346967144e+01 8.914770488780818880e+01 7.926656001639544513e+01
9.478645523280027074e-02 1.165855349691310927e+01 2.603731355705511774e+01 4.708727381559903336e+01 3.902355155701804534e+01 1.878614530763536195e+01 2.120783844036730770e+01 2.738755319331419358e+00 2.284420537078064939e+01 2.753395274942610627e+01 1.793182734813819934e+01 2.921499431148485471e+01 4.932148055686415233e+01 5.812249237072317243e+01 6.661054805119856326e+01 7.344543047733762364e+01 6.203168624746812299e+01 5.380264205430822955e+01 4.753869927380398508e+01 2.777892577714050049e+01 2.309937997315021363e+01 3.721069789065199984e+01 5.563353123769368835e+01 4.809442157371916693e+01 6.636011854631981066e+01 5.511011876917968522e+01 5.511011876917968522e+01 4.980099542721822559e+01 2.977635662296327368e+01 2.692921397625895352e+01 3.448943387046085007e+01 5.452935234289731170e+01 7.183599145254660812e+01 7.347083111346967144e+01 8.172330324667179013e+01 8.853529666475697013e+01 6.941286630567061877e+01
9.525764315303594798e-02 2.009524117688373934e+01 3.747521196276139932e+01 4.926097480520971317e+01 4.594533723199609199e+01 3.004686015042043934e+01 6.787926393787912183e+00 6.545624396205632856e+00 3.180581284359326855e+00 3.152645516379539004e+01 3.057187780752977346e+01 4.614370673334727968e+01 5.782279059138701882e+01 7.180190022539254358e+01 7.971035482424100849e+01 6.516122660720371584e+01 4.548758105952172315e+01 3.411614087141231266e+01 4.006263873732762448e+01 1.989189750823035396e+01 4.005970166165695190e+01 5.127391175114421173e+01 5.808408339635473538e+01 3.825052052623730248e+01 5.808408514761370611e+01 5.511011876917968522e+01 3.507607424965673459e+01 4.243947648379847237e+01 2.461066614223859261e+01 3.876096113372253882e+01 5.452709101783056411e+01 4.864866578691881216e+01 6.872658558240564730e+01 8.050409112057563732e+01 7.203476194896015272e+01 8.050409092380105847e+01 8.313752920725301010e+01
9.788009848798670531e-02 9.042798569650699392e+00 2.061073758758602992e+01 4.095378822264261487e+01 4.446902990069706618e+01 2.362022119707631873e+01 1.380232272518484926e+01 1.570323543194367133e+01 3.493143340910885186e+00 2.301843954034882600e+01 4.797919544071989151e+01 5.828730457330651404e+01 6.856870210239799235e+01 5.241899501623240809e+01 6.856870312670690737e+01 6.192755249870339895e+01 5.204733706892997702e+01 4.223761529115085267e+01 2.231317418099940397e+01 1.775845557537920172e+01 3.224011106309693275e+01 5.202690511998372358e+01 5.099924996219170481e+01 3.129166139530794055e+01 4.217469475584826455e+01 3.889420649139213282e+01 4.032887053309834613e+01 2.241897088254381032e+01 3.058858257203019804e+01 5.061524380527997380e+01 6.707076798901364612e+01 6.872658558240564730e+01 7.706624765734834170e+01 7.070721703660569801e+01 5.279434708533570841e+01 6.390747797858034573e+01 7.222352373678506865e+01
1.029007262483629948e-01 2.010290072624800928e+01 3.595264986286434095e+01 4.595266634802628403e+01 4.935762951186485026e+01 2.982365653430073849e+01 2.756073541593325871e+01 1.074031403915637917e+01 3.805944860223281268e+00 1.955697709898507242e+01 4.503523282378247927e+01 5.466519934477767606e+01 5.016474198615427582e+01 4.106768840757928984e+01 6.061117468469559810e+01 5.371333101801664611e+01 3.474467883390129685e+01 2.387929562220531210e+01 1.482503435883949017e+01 3.521013897476016297e+01 4.625731413118273849e+01 5.740708161771422624e+01 4.910121029766553846e+01 4.217469475573133053e+01 2.240365915150860232e+01 1.885643899128779211e+01 2.030278327856723308e+01 2.738680368135078069e+01 4.748059418446235469e+01 4.474315911157717096e+01 5.891531576360993228e+01 7.898205295626166844e+01 7.620196217083211820e+01 5.669644268876292159e+01 4.392091086144075263e+01 4.530245494150251062e+01 6.123304342365090491e+01
1.090813040483475660e-01 7.668370764232924408e+00 1.766837076423310293e+01 3.766837103822922472e+01 5.010852651451195783e+01 3.581236846149517561e+01 2.039050842749361792e+01 2.022961437254414108e+01 4.119208957340007693e+00 2.087609744484725027e+01 4.544342300525816825e+01 3.562099562771746264e+01 3.055098263350299348e+01 5.016474198587164324e+01 4.579000898294015087e+01 4.187376443917253965e+01 3.531614252034926693e+01 2.795998628718980328e+01 1.289766878725698795e+01 2.748649722238164017e+01 4.742295421654443288e+01 4.910121029746733257e+01 2.906235588205407439e+01 3.493160045061500796e+01 1.680532418369061531e+01 3.687683257114704105e+01 2.924038008676959421e+01 4.728703000246142096e+01 4.008260565236951578e+01 6.021075116335654087e+01 7.310624979944205393e+01 7.617214608437417667e+01 6.794875374905176102e+01 6.594182549817151084e+01 4.761375223848971672e+01 3.496274789962606633e+01 4.652963841709312476e+01
1.124699208350869450e-01 2.011246992083473017e+01 3.595264986286434095e+01 4.595267535858448582e+01 4.347295957876852412e+01 2.966791278536529930e+01 2.800052983391896078e+01 2.254291450590427459e+01 4.432484055930099309e+00 2.520456520836115644e+01 4.139095409433574702e+01 2.176015032622548162e+01 4.138080778800289039e+01 3.757699380546934265e+01 2.377793442089703291e+01 2.354506356124835165e+01 2.481111338883238560e+01 1.024015982076047493e+01 3.069973603669646778e+01 4.157341238861427257e+01 4.548289893876813750e+01 4.132584980040582678e+01 3.302091978911593628e+01 1.480427248644235227e+01 2.906235588205399267e+01 4.517931089410863876e+01 4.061685022686738478e+01 5.691257165832558940e+01 5.432189801098693493e+01 6.852437586858390262e+01 7.617214608437417667e+01 6.471107883735848532e+01 4.809837942146108247e+01 6.470127000017572527e+01 5.535991804062179256e+01 4.573494077907054844e+01 2.803083219935165360e+01
1.143247760050987577e-01 2.011432477600474300e+01 3.548107903426340215e+01 4.442829933705297663e+01 5.054059554485013450e+01 4.225139082747706709e+01 2.403645790965834195e+01 5.252012530393217915e+00 4.745920341380422514e+00 2.474271844569677725e+01 2.969291207447793823e+01 1.670689762503643649e+01 3.607682432554599927e+01 2.808458527073157640e+01 1.215614295606368422e+01 1.245004854513871884e+01 1.967868242195192607e+01 8.758646058820959368e+00 3.160289382089651866e+01 3.923491282708394579e+01 2.533161411608525171e+01 3.112927678081333838e+01 1.282753237720564776e+01 2.714833915806124054e+01 4.323471840398732269e+01 5.740708088009586874e+01 5.996007181431292565e+01 6.815495644413893217e+01 7.442770031063078306e+01 7.121639763759134212e+01 6.794875374905176102e+01 4.809837942146108247e+01 3.654171018770434642e+01 4.708328755981604274e+01 4.384346649971001852e+01 3.159869534989350370e+01 2.400251672772909828e+01
1.246997244282603834e-01 7.195767536296509448e+00 1.614003945077688940e+01 3.028220348274112439e+01 5.028542439080014503e+01 5.098843610540055948e+01 3.246050233564234588e+01 1.219760923989822921e+01 8.905273850031104388e+00 5.187101173117234509e+00 9.834689641577156749e+00 2.591548310260303012e+01 2.624069762335940581e+01 6.686955327266139726e+00 7.005181958423907673e+00 7.326375982229742512e+00 7.648422649868036771e+00 7.975002061629572481e+00 2.817906921912853946e+01 2.837682309318900309e+01 1.115954686211911806e+01 1.091070569879469865e+01 3.112712865629170267e+01 4.132506816724519894e+01 5.550401800973336464e+01 6.494065367125712385e+01 7.324334997901154054e+01 6.975413854014767878e+01 6.152220612326627247e+01 5.144760541479215021e+01 5.144760541479215021e+01 5.335177765769589087e+01 4.675751214617976359e+01 2.717104383291813718e+01 2.721295236726919597e+01 1.965524433990445630e+01 2.001453731607531950e+01
1.222495852330377081e-01 2.012224958523268370e+01 3.548107903426340215e+01 4.442829933705297663e+01 5.700710651151256769e+01 3.666138576632175017e+01 2.230039759848260417e+01 3.245496139285063464e+01 2.663308742607104662e+01 6.290757860731882367e+00 5.626135408153484896e+00 5.934619661375648114e+00 6.242745177321109118e+00 9.723074810875409923e+00 2.653238060875390758e+01 3.284367870408335222e+01 2.851572520191367488e+01 1.203301073118895737e+01 8.432548913190400341e+00 8.754972101726423261e+00 9.075339166884926811e+00 1.107875005273508862e+01 2.691491166354503406e+01 4.702116278272404770e+01 5.077561580177236777e+01 4.490826500470325300e+01 6.494065367125712385e+01 6.152220612326627247e+01 4.165993084935652746e+01 4.743256209526374079e+01 3.136457236385420089e+01 3.265786957101781240e+01 3.598733884886973300e+01 3.669054336316175124e+01 1.914793367783226330e+01 3.906062159145806589e+01 4.140334452700168555e+01
1.242739267172789652e-01 2.012427392671692417e+01 3.312751884168804395e+01 4.141126806567869068e+01 5.141000859525441058e+01 5.098917783871164033e+01 3.401453210663763116e+01 3.658136402932294118e+01 1.623734662275860430e+01 2.692298745885548428e+01 1.950236872801996668e+01 2.550664661028605806e+01 1.585611772659282437e+01 9.375544579906977205e+00 2.182298505603808536e+01 4.141404400625875581e+01 3.324913033076175140e+01 1.315379925801341088e+01 2.863579099611950340e+01 2.875482503224797171e+01 2.929988328550034993e+01 9.543637555946034468e+00 2.978034465311364798e+01 4.006779295823426423e+01 3.074326794626917803e+01 5.077561580177236777e+01 5.559768375255081452e+01 6.389471862295343385e+01 4.726794154365807543e+01 2.750714619297146513e+01 1.906184007895488008e+01 1.792801833668637457e+01 1.828561583862413897e+01 1.864277670982824375e+01 3.401942874202246969e+01 2.917406786469343771e+01 4.904567338073496785e+01
1.363277786145862258e-01 6.460883098951317294e+00 1.312754976561790521e+01 2.312754976258948503e+01 4.312727524428917292e+01 6.269659930816952453e+01 5.437635416495514562e+01 4.501746430128565635e+01 2.528625007353484122e+01 4.442642053488736309e+01 3.852235442823851486e+01 3.222222938328322073e+01 1.308920726571409787e+01 1.280836745906782603e+01 3.560997623036073634e+01 3.843032015942664259e+01 1.835919455996079463e+01 3.325303770431161610e+01 4.150743273189406324e+01 3.295455022659091071e+01 1.204958576279155835e+01 9.876844069938465864e+00 3.003173262715549541e+01 1.998351402091788387e+01 3.510597489147810535e+01 4.126567313562991757e+01 3.556140057017527312e+01 5.559768375255081452e+01 4.130402051858761325e+01 1.920159161875171705e+01 1.742175278357628443e+01 3.735608535908706784e+01 3.744763732072357243e+01 2.285274648093638206e+01 4.178856155704201569e+01 4.321569613638510532e+01 4.328610311469088856e+01
1.385108665542580109e-01 2.013851086655390432e+01 3.312751884168804395e+01 4.141126806567869068e+01 5.141000859531564515e+01 5.353225760554076373e+01 6.181590067436926716e+01 5.407146303173699664e+01 3.967297944523388509e+01 5.366387130405647810e+01 4.384342447312480573e+01 2.385180125587318756e+01 3.228992790356991804e+01 1.783361166461914493e+01 3.791363173482696425e+01 4.672668746971596221e+01 3.843662273776451599e+01 2.396655071009545424e+01 4.399017736825757652e+01 4.129825576268237342e+01 3.295997475953927847e+01 2.997006340265264157e+01 1.035467160758215144e+01 3.060139459738748258e+01 1.419199906705749825e+01 2.131335017587764469e+01 3.454306468300364230e+01 5.444455115592946726e+01 4.890073911752828906e+01 3.594279209934070707e+01 1.706373085913929444e+01 3.432553525550991935e+01 4.742883733857161133e+01 4.198692812372544125e+01 5.027004381699222080e+01 6.310660775557876434e+01 6.298928677402929566e+01
1.449534828613714132e-01 1.428708910659244680e+01 3.428708910659315023e+01 4.284161900548028257e+01 3.939015655567627761e+01 3.353230710207283494e+01 5.353225760554076373e+01 6.142675743571336255e+01 6.010133732220621283e+01 6.050283350242787606e+01 4.016405962020624543e+01 4.384399528889959896e+01 4.208804044701977176e+01 2.206827399864950578e+01 4.208804220730751666e+01 5.778174259466955220e+01 4.807390780683986264e+01 2.806779616364240582e+01 4.807390780683986264e+01 5.609476288579244141e+01 3.380941171758792763e+01 1.798607075360020957e+01 1.123732688798695811e+01 1.083688038113753471e+01 1.117778772110245988e+01 1.653168680123251377e+01 3.467711854599326671e+01 5.173990543293009381e+01 5.281856867581699078e+01 3.157064857711427663e+01 1.670414308858489605e+01 3.035897299563485774e+01 3.781728959674105539e+01 3.977112318981501460e+01 4.821637321335093418e+01 6.263542160933867109e+01 6.239439807964581064e+01
