MOVIE_S4_data/elevation_000167.asc
nrows	100
cellsize	150.0
xllcorner	0
ncols	100
yllcorner	0
NODATA_value	-9999
[rows 68 to 84 of 100, columns 37 to 73 of 100]
3.221860804555292646e+01 3.530765117119613450e+01 1.811950083730097205e+01 1.847795584864891438e+01 3.840211764678667805e+01 4.629334039929914724e+01 5.273674344836909711e+01 4.988988454219305169e+01 5.828940167552331530e+01 4.584001018601926347e+01 5.688384705344439141e+01 3.954446406035972927e+01 2.624644149862220033e+01 4.674915788430418218e+01 5.535512923305260102e+01 6.353190663973080632e+01 6.079513618478658543e+01 5.828360828498081503e+01 4.223428386288887992e+01 4.612358500697121144e+01 4.657890039719691089e+01 3.887523657128557630e+01 2.807477596005132980e+01 2.853768093614509382e+01 2.900216378681494689e+01 4.549027166490644447e+01 4.818797752149258429e+01 3.181738001592078291e+01 5.145914810004215667e+01 3.539258870084218245e+01 5.490289630905332530e+01 6.605627079847465666e+01 7.498945542889008209e+01 8.330012791498486990e+01 8.181515407016966890e+01 6.776812256453597172e+01 4.914594430061179509e+01
2.976224586893405544e+01 4.636800772541558047e+01 4.396305052664223467e+01 3.806873507757149611e+01 1.898945480938214914e+01 3.820455500195598120e+01 3.634003364129101499e+01 3.641652058420337568e+01 4.090606868358590731e+01 3.121137179305373976e+01 4.144069664940104047e+01 2.267035381153239015e+01 2.871156605337062118e+01 4.497796510206489273e+01 5.157015293974395576e+01 4.471987229092878380e+01 3.934759825414986523e+01 3.933411220316772727e+01 2.680286421350594850e+01 2.651553837947331971e+01 2.697643850858822034e+01 2.743246470088109845e+01 4.672612839225696746e+01 4.225705337260705363e+01 4.859917418848350223e+01 2.966163754375634198e+01 3.012907258166826097e+01 3.061183085623927980e+01 3.258224344887718615e+01 5.210693278865031175e+01 5.490288503500868700e+01 7.476311260247089763e+01 7.257471554356378363e+01 8.092725719619278379e+01 7.352534356078889743e+01 5.366320452515066819e+01 5.731824637173858150e+01
4.220213501268122513e+01 5.737427500105618350e+01 5.053996938555737017e+01 4.006631884296031387e+01 2.047610558291438210e+01 1.951628556251119306e+01 2.986305455238496265e+01 2.056087521950425057e+01 2.136303762444336840e+01 2.128804173634467034e+01 2.172583871609365858e+01 2.216461354467960732e+01 4.176557501405407891e+01 4.930656530288321449e+01 2.498469452931523804e+01 2.452059293679374363e+01 2.494924141597984502e+01 2.538152131802333855e+01 2.585476451544875687e+01 4.547723905097364394e+01 4.657494197539473646e+01 2.963997501437859228e+01 5.059548841106504113e+01 6.115039140013306707e+01 5.925691590658737340e+01 5.076496760937017427e+01 5.022656360416218746e+01 3.652519763216118776e+01 3.132023228361889267e+01 5.096964511433521494e+01 5.992832355271765721e+01 5.824166011954127242e+01 5.276959139731682313e+01 7.224546099055001491e+01 6.399039090023571674e+01 5.618147853366976818e+01 3.762380186212192967e+01
6.615199198632087985e+01 6.092427583621298481e+01 4.235887207150928191e+01 2.259689630475406119e+01 4.006712319704675451e+01 3.977051463819618249e+01 2.005456205928388869e+01 2.093616587029400833e+01 2.082093942961903110e+01 4.108505590104977045e+01 4.153747056793401526e+01 4.175792911048323930e+01 2.273430176039576267e+01 4.208687058001314796e+01 2.391080034165990753e+01 3.464220216302427247e+01 4.431321827631202837e+01 4.501455589493933473e+01 2.539001879192534261e+01 4.578900281501405090e+01 5.527163406271341017e+01 5.060460163405249290e+01 4.137437029924877407e+01 5.564433615693297241e+01 7.533823485657028129e+01 6.532447824362957078e+01 4.574064218105444724e+01 5.608564245509644763e+01 4.504387457028141739e+01 3.202995023419504150e+01 5.168272918649743985e+01 4.012750057062012132e+01 5.823878929539353067e+01 6.329907478091088535e+01 5.324061585340216851e+01 3.658718990858432107e+01 5.443261295429690705e+01
5.667438655701449335e+01 4.491901776278803737e+01 3.255237416803124972e+01 2.423862276114110870e+01 4.399086791647768280e+01 4.709505850327855114e+01 2.460200509119655266e+01 4.148249415236959692e+01 4.643892061972262297e+01 3.651563705956174744e+01 5.632213237159414376e+01 4.380384372911724000e+01 2.457858423545969728e+01 2.329446672662213302e+01 4.294515253152709988e+01 5.039149203303111335e+01 4.921994741798533823e+01 5.376637793185192038e+01 4.548392056350692769e+01 2.818019111619277695e+01 4.755892465649803569e+01 5.626772768528783075e+01 6.129868451877472069e+01 5.779403568422334558e+01 7.751306431767068261e+01 7.270649697641781017e+01 5.312600826753627103e+01 7.172391081363163323e+01 5.822034616070549617e+01 4.140984974286325127e+01 3.274120357559804972e+01 3.324558866241043376e+01 5.290275521120250346e+01 5.396511200950819642e+01 3.556049991207512306e+01 5.446661473545800902e+01 6.240584328040007733e+01
7.228774009777866638e+01 6.092427764754297215e+01 4.565726103176334050e+01 2.603517793464284225e+01 4.565726103176334050e+01 5.232523128806508339e+01 2.956874430955214805e+01 5.232518687970188864e+01 6.414375076425243094e+01 4.666693136664476071e+01 6.413889512604364995e+01 5.240305982987685951e+01 4.322906434712312063e+01 2.425823557868785230e+01 3.270040085597066337e+01 5.329669104409327218e+01 6.032064152478658769e+01 6.325489717797978528e+01 4.159850866522643997e+01 4.755898128710833106e+01 2.956147152004851719e+01 4.291830376139991188e+01 4.990954522781377278e+01 6.955817812520008658e+01 8.580006842928500532e+01 8.083335457344442432e+01 6.443415020171626395e+01 8.083335457344449537e+01 6.604019301105491024e+01 4.715738942838326153e+01 5.239684138338198949e+01 4.837072273575617487e+01 3.396314832793014915e+01 3.447510499975714993e+01 3.514600096107491822e+01 5.466649335666738097e+01 4.802870004365887269e+01
5.789956094216606175e+01 4.394355400092773323e+01 4.732592400624300666e+01 2.784055340583159222e+01 4.733027575409492727e+01 6.094445973918450221e+01 5.232523128806508339e+01 3.848499232481362498e+01 6.073253419922072283e+01 6.049111044370160784e+01 7.385821755675979716e+01 6.017678758454345456e+01 3.927553950535145333e+01 2.522204010265153329e+01 4.350258575153409168e+01 4.769070131850552485e+01 6.453119386762996612e+01 6.319411546683413405e+01 6.505096446618509276e+01 5.734365239842096429e+01 4.911494175355603886e+01 3.106137200263021114e+01 5.068864052775579410e+01 6.452202406877067631e+01 7.295532457479134791e+01 8.452976465015296981e+01 8.400673283645329548e+01 9.214713202746084164e+01 7.491651167925586208e+01 6.661923823918783683e+01 6.011265142574377052e+01 4.049364182313976102e+01 5.362062546490058423e+01 5.412989778209018255e+01 5.435419660246238038e+01 3.609802997525650881e+01 3.677359984087872391e+01
6.603292340439934094e+01 4.974887765915647009e+01 3.030017873979172549e+01 4.731868417847282871e+01 4.732790497303688682e+01 6.714937719281729755e+01 6.701926610538660611e+01 4.545826633291414254e+01 6.701926610538681928e+01 7.955994274650097964e+01 6.773013835858274945e+01 4.732390714569073253e+01 4.488236793421034321e+01 2.617542881406463096e+01 3.998168259675136937e+01 5.975967586189224079e+01 7.506196787172736151e+01 8.227605340994108474e+01 7.190544213199409285e+01 5.223107921939332243e+01 4.094318346484409687e+01 3.217407212413520767e+01 4.251154014997806030e+01 4.490559233189487998e+01 5.617829240709595240e+01 7.616038496995433604e+01 7.578832977716922414e+01 8.419138855363048890e+01 8.834205359528043289e+01 6.826968545755046591e+01 5.429871070250602827e+01 4.610649901046053856e+01 6.579673139649297298e+01 6.975599890031168115e+01 4.994612507233821219e+01 5.573860022371353296e+01 5.640864136778817084e+01
4.929260368448208851e+01 3.802109587023140591e+01 3.201616370563166925e+01 5.149469189588759832e+01 5.412338087277288423e+01 7.409544412928069335e+01 7.524075579609832687e+01 5.679914311492877488e+01 6.133135144192802102e+01 8.130664793168811855e+01 6.284979012681150579e+01 4.154450784768149418e+01 2.749347466332430301e+01 4.422130222546807232e+01 5.263867654484375436e+01 6.404827627137606783e+01 7.136742854973945782e+01 7.955001467004464644e+01 8.012709080276096074e+01 6.873699394058941436e+01 5.994998935752301605e+01 5.181043900814064074e+01 3.379700631970310098e+01 5.342163463045510241e+01 6.334997778025086035e+01 6.517288589145448441e+01 5.592865276273466435e+01 6.731026825618187104e+01 8.736957718968498909e+01 8.249148344839952074e+01 7.206421191306418450e+01 5.224470177952048999e+01 7.206421191306418450e+01 7.812803157702447265e+01 6.978320092144939224e+01 6.279016233483246623e+01 4.304595243389456272e+01
5.186711220682436618e+01 5.772080475721196535e+01 5.149621694079572620e+01 3.453459433155121872e+01 4.828952813824896850e+01 6.824581473070952597e+01 8.530377718347109806e+01 7.150157746978499063e+01 8.130656229301102655e+01 8.936673682227142024e+01 6.867540630733391538e+01 4.743527671153092484e+01 4.715100720016555158e+01 2.879161125847611657e+01 4.837343700676400005e+01 4.476153938003989907e+01 5.200275562392421591e+01 6.560988058019621860e+01 8.526724965278117452e+01 7.211426223298838067e+01 5.232197341430057946e+01 4.358334747746503979e+01 5.341704895281097265e+01 3.546465212449465554e+01 5.507865564255545365e+01 4.548035623655506043e+01 6.517288589145448441e+01 8.419138855362587037e+01 9.583763881451423572e+01 8.625879504641629580e+01 6.618462306699740338e+01 6.618462306699740338e+01 8.040945760751101545e+01 8.397820632562120124e+01 6.860412827151716897e+01 4.870422247082178302e+01 6.279016233483246623e+01
7.176815385820640358e+01 7.023035772911569552e+01 5.019248319574383999e+01 3.635990730917728087e+01 4.761370205244280385e+01 6.165213270998074790e+01 8.183333525022344190e+01 9.108787743889365629e+01 8.297080917843726411e+01 7.414116337223430264e+01 6.589214058108295546e+01 5.971403032724288096e+01 4.935190044703970358e+01 2.970193183842319939e+01 3.559807247675617248e+01 5.496919336437103709e+01 7.136742855662501483e+01 7.955001542018744942e+01 8.847789935399785577e+01 6.843646963661922200e+01 7.155961668063372372e+01 6.326104735121982259e+01 4.523367087598749947e+01 5.507174912381464083e+01 3.716304768210127918e+01 5.676987746453805528e+01 7.346499226296333518e+01 8.463391764295258213e+01 9.040891812701248398e+01 9.463429214802545175e+01 8.625879504641629580e+01 8.625879504641629580e+01 8.987182203738308317e+01 6.971108980749059469e+01 5.551877072751309328e+01 5.860103577730242819e+01 7.693485758463558000e+01
8.222326967205492565e+01 7.379654818114569537e+01 5.802378279349829171e+01 3.825825847734665786e+01 5.215614310005938137e+01 7.218951812056424444e+01 8.503416106843482680e+01 8.873425259557259892e+01 6.883633293507487849e+01 5.504916024155549081e+01 4.635524128300758662e+01 4.013458092711685765e+01 4.796610388913865108e+01 3.062832722860405710e+01 3.918410514757243135e+01 4.884238264061366408e+01 6.269684717878327973e+01 8.369300702628515864e+01 9.687323365468864722e+01 8.789968597439008136e+01 6.791620289617658557e+01 5.653191922609489239e+01 6.490840369929965448e+01 5.219765148546107980e+01 3.839189168846132105e+01 5.756890029386561025e+01 5.619866099684394811e+01 7.620748014263847381e+01 7.028235416358442933e+01 8.460736231080869629e+01 9.479428348896664147e+01 9.846312760463320046e+01 7.818202968036467837e+01 6.378821675670619840e+01 7.561603156393988456e+01 7.271148897355493546e+01 8.696195768570078144e+01
6.260518923794091251e+01 5.372263337848723097e+01 4.675291431574273560e+01 4.022069602240036090e+01 4.763307656455515371e+01 5.646989553572883125e+01 7.063943874859228345e+01 9.097941417292706490e+01 8.297081144503971473e+01 7.414116337223430264e+01 6.589214058108301231e+01 5.175951303936028580e+01 3.201231329269092640e+01 5.033259362080395505e+01 3.756963277956707969e+01 5.711413802980072774e+01 7.075379422796535778e+01 7.777880637502182992e+01 8.617372379150697270e+01 9.619165819271714213e+01 8.464883631282624776e+01 7.636227467798612167e+01 8.003968432372576558e+01 6.620333460183792340e+01 5.799424782935839318e+01 4.014517603382420674e+01 5.911839515630180131e+01 6.675890473383316248e+01 5.631359636879310671e+01 6.615353098715740998e+01 8.623198653141650993e+01 1.003440091461165053e+02 7.915452903726173872e+01 7.397822812462786146e+01 9.251370302849333882e+01 9.284077641851965268e+01 9.785190479511624062e+01
7.487207638694958689e+01 7.097664190556169217e+01 6.229140935515366806e+01 4.241009652394811269e+01 6.229140935515366806e+01 7.600134190197742612e+01 8.503416294921619567e+01 8.720715735451726403e+01 7.562089043409076794e+01 6.730825915589292663e+01 6.200689686689278091e+01 5.278731568810458441e+01 3.303337977513408674e+01 5.278731568810458441e+01 5.711413802980072774e+01 4.519624044872583823e+01 5.103166696870130181e+01 5.792733842049425164e+01 6.931251532452435526e+01 8.936245227476982222e+01 9.985312084288456447e+01 9.150981390935736215e+01 9.008800116553872783e+01 7.006921664353509982e+01 5.610978361764987454e+01 5.974211491597958457e+01 4.192456436201655379e+01 4.711412396639597944e+01 6.680689004202936587e+01 8.458066320106678404e+01 9.467469222035600751e+01 1.077019437740775345e+02 1.003440091461165053e+02 8.833090440974977753e+01 1.026510908702090461e+02 1.081824166298476229e+02 8.948666753499232129e+01
5.470714781239577462e+01 5.091757996312715306e+01 4.732334517777385230e+01 4.536958386512461061e+01 5.678488966361230439e+01 7.692850188751602047e+01 9.567164826986999060e+01 7.889426478346207716e+01 5.882671538717938375e+01 4.685995177001885281e+01 4.204515625469369411e+01 3.811618002207738698e+01 3.408083618786220370e+01 5.382429316164333954e+01 6.352909135658928363e+01 6.480669537392209634e+01 7.075379422796643780e+01 7.777880637502182992e+01 8.617372379150636164e+01 9.784814972685937562e+01 9.149738911289746568e+01 7.097573337107606051e+01 7.699311667045807894e+01 7.216881290448814923e+01 6.338719685155381711e+01 4.376044821067888080e+01 6.153626499401051575e+01 6.680679704801536900e+01 7.513721009565688291e+01 7.417549586485594659e+01 8.342678352263759223e+01 9.522732498625660469e+01 1.137873269400979837e+02 1.085953507995165381e+02 1.039934825792644943e+02 9.391013312612643915e+01 7.963784914981751228e+01
7.487208497073321212e+01 7.097667161026345184e+01 6.730195518318409142e+01 4.848238233273919207e+01 6.846063542884874664e+01 8.538507031191915075e+01 8.729639234761643252e+01 6.743089863055445221e+01 5.725919250784653514e+01 6.730825973754150482e+01 6.200651406309188474e+01 5.730057712645529477e+01 5.382240715912877249e+01 3.563232346479518498e+01 5.532605221801270545e+01 6.225246347630524468e+01 6.791146219702743281e+01 7.446452782206361576e+01 8.277762687581562773e+01 9.275990177017726523e+01 9.459449541253671612e+01 7.699311669135370551e+01 5.654988927719962533e+01 5.243410997173975119e+01 4.881656481634698963e+01 4.506626784551569642e+01 6.473126342604808769e+01 7.254977896661169723e+01 6.307479054468323199e+01 8.194765325337992579e+01 1.001929015123334352e+02 1.027615785382742359e+02 1.146014094514869583e+02 1.099210076253434920e+02 8.969156486378125237e+01 7.547346374885023579e+01 6.551142932877016278e+01
8.930523199097177667e+01 8.609358312658504531e+01 6.575914546201799737e+01 5.167521336474726468e+01 6.570617217184987169e+01 8.565119925257572220e+01 9.567164826987004744e+01 8.568703555893955581e+01 7.736364548934876950e+01 8.566555702004420425e+01 8.093355023285847949e+01 6.925320660970619713e+01 5.766764544810883564e+01 3.805379049934012414e+01 3.737443282083681595e+01 4.266580583877738064e+01 4.830933671841571453e+01 5.480637366461358795e+01 6.455579237577615004e+01 8.437592642281197186e+01 8.622442730651306420e+01 6.557609460218152719e+01 7.699311669135370551e+01 6.610141103561190334e+01 6.794515111474231617e+01 6.473126342604808769e+01 4.704976439053847059e+01 5.316481806173550950e+01 7.253527969734827252e+01 7.682718432416885435e+01 8.281073937683257213e+01 8.122344564392001587e+01 9.846489556597691717e+01 1.086120438912298312e+02 9.412912839315360713e+01 7.399767449620289028e+01 8.554504760893399862e+01
