MOVIE_S4_data/elevation_000580.asc
nrows	100
cellsize	150.0
xllcorner	0
ncols	100
yllcorner	0
NODATA_value	-9999
[rows 0 to 16 of 100, columns 0 to 36 of 100]
2.082717056534231503e-01 1.435040733014507275e+01 3.435040938732389293e+01 4.261785263011341840e+01 4.249003977266418275e+01 3.420570219924660194e+01 3.666752574591109948e+01 4.495177000142626866e+01 5.734838657012933538e+01 6.039835634670246378e+01 6.399045974580430141e+01 6.777010092708712818e+01 7.185257878515905361e+01 7.632470726641861347e+01 7.851249059914778172e+01 8.679635384993896707e+01 8.842273839825300286e+01 9.670645251384824803e+01 1.072201938412108859e+02 9.516336206219297367e+01 8.655799832119676296e+01 9.516336206219297367e+01 9.017359309422893432e+01 9.876131065138788756e+01 8.542658421500132704e+01 7.710098771070592250e+01 7.710098771070592250e+01 7.865775375284587767e+01 8.346899410230447813e+01 7.098007404556553013e+01 6.240198426837253010e+01 7.098007404556553013e+01 6.775620301211829144e+01 5.955933869064907071e+01 5.478720583620512485e+01 6.323926672294890494e+01 5.881484649861013025e+01
2.038130619680232347e-01 2.020381220954015689e+01 3.675987958390286536e+01 2.261785351710662439e+01 3.080066696177624053e+01 1.420569679306079003e+01 1.666752661264740354e+01 3.666752574467516013e+01 3.734839189474094212e+01 4.039836329643223678e+01 4.399046932852699854e+01 4.777011404624974489e+01 5.185259693163123984e+01 5.632473285502812388e+01 5.851252826736892132e+01 7.428063974491318788e+01 6.842279068228161520e+01 8.842273839825300286e+01 9.867585976118685664e+01 7.768710806804425317e+01 6.544952678089383369e+01 7.527504568372788185e+01 6.910386528663981665e+01 9.017359309422893432e+01 7.710098771070592250e+01 5.693582007938709921e+01 5.693582007938709921e+01 5.849780843206782777e+01 6.332121811460049088e+01 6.089917694978381491e+01 4.246699125808141417e+01 6.089917694978342411e+01 5.710194574229940656e+01 3.896225049566097454e+01 3.399878741229621681e+01 5.128839930614352483e+01 3.846300944062208060e+01
1.945267862640465417e-01 2.019452678626369035e+01 2.527315235946397110e+01 8.475717895149458059e+00 1.080067067002582526e+01 3.080065861672713368e+01 3.666752352719321095e+01 2.028895645434808159e+01 2.320625628430592258e+01 2.625622769095796372e+01 2.984833373149340119e+01 3.362797846158554194e+01 3.771046136622403111e+01 4.218259732122345440e+01 4.795610001311951009e+01 5.428065533345604621e+01 6.842279068228161520e+01 8.842273839825300286e+01 8.811941654089173426e+01 7.598750388241296605e+01 6.731155017086081216e+01 5.420561698990281485e+01 7.527504568372788185e+01 8.470304252235582965e+01 7.306467152613093674e+01 6.284206093483689415e+01 4.254455775386327332e+01 4.412157244151914881e+01 4.897848883981228596e+01 5.243448761871090369e+01 3.333099886555787350e+01 5.055238558354688649e+01 3.461612081551040632e+01 3.667009904950833032e+01 2.228165468547386041e+01 3.575552641903753681e+01 3.605497387058902348e+01
1.884163169627051937e-01 2.018841631696234984e+01 5.273154819047743302e+00 1.283244427923222197e+01 3.080067028928428741e+01 3.908466894020661186e+01 4.583595354408155487e+01 2.583595841660027403e+01 4.320625471146642127e+01 4.625622563717257663e+01 3.625622769093257602e+01 5.362797458000504491e+01 5.771045599292160944e+01 5.632473277863989836e+01 6.795608929765975859e+01 7.428063974491318788e+01 8.256462159806487477e+01 9.325785886523695467e+01 7.948198540033665438e+01 5.840215933712644869e+01 4.638268718813013436e+01 6.114041660242858001e+01 8.220998452698563597e+01 7.637608262391513847e+01 5.619497214440047372e+01 4.444226971693552031e+01 5.189689605416350560e+01 3.227125306407006633e+01 5.269330934434965741e+01 4.592401865779000758e+01 2.717886325567658545e+01 3.742424952945847139e+01 1.836413663630322546e+01 1.490766969240925555e+01 1.528053528096252478e+01 1.564353798188771982e+01 1.599739045834467355e+01
1.898839224935668091e-01 2.275028063064310491e+00 2.227502803740009796e+01 2.527315469609379761e+01 2.437944966297848737e+01 4.437944919541020994e+01 5.186618338381027371e+01 3.186618530815544048e+01 5.186618338612262136e+01 6.454040211120967285e+01 5.039836325252929328e+01 5.039836325232023739e+01 7.039834906314550267e+01 7.632466500533251974e+01 8.300380123931206811e+01 7.492109397765769074e+01 8.300394127793212817e+01 8.464984203891749814e+01 6.364561957069909681e+01 6.284949798951593181e+01 4.201518668480595409e+01 5.683515038843756173e+01 6.550093143067405776e+01 7.758207186643730324e+01 6.361242765856334813e+01 4.332053168206393678e+01 3.151087950167337581e+01 2.719001473365358024e+01 4.758779527428009715e+01 5.374498536193284792e+01 3.806781460577595766e+01 1.936503890144117079e+01 1.436625851584910407e+01 2.928094698843312926e+01 3.339789655775773980e+01 3.530928935715127892e+01 3.597381945484696786e+01
1.812560074098455432e-01 2.018120782670595759e+01 3.055890185544628324e+01 4.527315319274542560e+01 3.852158527786777142e+01 4.437944919541020994e+01 6.015041850372421095e+01 4.341319069099613159e+01 4.600832090628092885e+01 6.600831456883432224e+01 7.039834998252746345e+01 7.039834906442894180e+01 7.868237858779238536e+01 7.788669497711416057e+01 6.980171722241789212e+01 5.540980221298409703e+01 7.324765610696944407e+01 8.236003354914056729e+01 6.134472654937616198e+01 4.660102456477979160e+01 5.543395683977061594e+01 3.612571921277717735e+01 4.798943088930973744e+01 6.891862788024224074e+01 7.195384586786050818e+01 5.716507718881235434e+01 3.682149503440141558e+01 2.249757018727405367e+01 3.786078237094503862e+01 3.369220395259223721e+01 3.287585018943916992e+01 1.380996929558358133e+01 3.405398689306118598e+01 2.532559723981144018e+01 3.417286130280896828e+01 4.892301106172183012e+01 4.068051810021975712e+01
1.855941142937577448e-01 2.018559411429340145e+01 2.417977939621633965e+01 4.418032107758430271e+01 5.852158371167714535e+01 6.437944440003384727e+01 7.169738897918729492e+01 6.341318609038030019e+01 6.600831451612010881e+01 7.429253263490534209e+01 7.212709145902243790e+01 6.402228692636532514e+01 7.212209855831623884e+01 6.658926470419717702e+01 5.021387720714503189e+01 4.564875071057899447e+01 6.516543499730767053e+01 7.577818914314977405e+01 6.896591288148195531e+01 4.812247041165528572e+01 3.475395064797955769e+01 3.242347683633162347e+01 4.693656764591634101e+01 6.782327634870803479e+01 7.367516540912967571e+01 5.345451953507332377e+01 3.904989777572244947e+01 3.786078237094503862e+01 1.793514307546992370e+01 1.550546467943801332e+01 1.325069856516245004e+01 2.086554101065114253e+01 2.326846331796572187e+01 4.285116679630972669e+01 4.910310041127257108e+01 5.696017415568749698e+01 4.931611067973457807e+01
1.797113411273130179e-01 4.179711341127330115e+00 2.417978065712090796e+01 3.482454942032362766e+01 4.016611571954459237e+01 4.593837051212448586e+01 5.260286969188500450e+01 6.088017882081034315e+01 7.087295757358252501e+01 7.363344017637840011e+01 6.228676258399575261e+01 4.430667184001697478e+01 6.226166873571165894e+01 5.777094848623458745e+01 3.871880487872134324e+01 3.818988022945908511e+01 4.889161466528999966e+01 6.774622072091641201e+01 6.576526810405339063e+01 4.812247042241008899e+01 2.760102760008075151e+01 4.812247042241008899e+01 5.305414287105883631e+01 7.396442704728832496e+01 7.170982716994693362e+01 6.010296108818403127e+01 5.181513330222122704e+01 4.598392734329006970e+01 3.774421853668290083e+01 3.314995735075083161e+01 1.286461475093268447e+01 3.325625127520295621e+01 4.364148179308412523e+01 3.508298117483266765e+01 4.950092262092810813e+01 6.951917043374098171e+01 6.656866503471154317e+01
1.682297228869525374e-01 2.016822972287546634e+01 1.035184533961366959e+01 1.482398129462026759e+01 2.016920613054582034e+01 2.594270872064147326e+01 3.260937215409273904e+01 4.260910940214372999e+01 6.259662998468572681e+01 6.553521125480752119e+01 4.583986979998358890e+01 3.413912834637728366e+01 4.520856994171912646e+01 4.964832370452308652e+01 2.957850736125808666e+01 4.387907966302784502e+01 6.357955556537073250e+01 7.515644296795819912e+01 5.711381021849773987e+01 3.640990918528788711e+01 2.471488264615579666e+01 4.516045526662676224e+01 5.544252896322306157e+01 6.407251374857133897e+01 6.347592402539680734e+01 4.327892775709985784e+01 3.153764716429414960e+01 4.090044599333055686e+01 4.020898790938982614e+01 3.223172733298400061e+01 1.248915932633624060e+01 2.090688295921880524e+01 4.123454008922580272e+01 5.536409995846285170e+01 5.536399241718378761e+01 7.096274566700833475e+01 5.884409512074131499e+01
1.736477300190079065e-01 1.017364746061388558e+01 2.431560569883086487e+01 3.481637365886358992e+01 3.115437272665352353e+01 4.593835240951519694e+01 5.260286969188500450e+01 6.088017890322488768e+01 7.087295945687937149e+01 6.962850597805945085e+01 4.991540886153197221e+01 3.566493713346859806e+01 2.487751379233810312e+01 3.967703988191637876e+01 2.510934545292165510e+01 3.951552195239722920e+01 5.937224192375851572e+01 6.923905205911917449e+01 4.517802594237890190e+01 3.135332011841571997e+01 2.198730156205223452e+01 3.861025947600670349e+01 3.482729323543622968e+01 4.957473192944041784e+01 5.818656368664420597e+01 6.010223509802067099e+01 4.102753870522033708e+01 2.071378075756496173e+01 3.191392646121892440e+01 1.197475673264080065e+01 1.768718734364446732e+01 3.583031368587150922e+01 3.522779039444172611e+01 5.573611664553773437e+01 7.532654871234926475e+01 6.253091803226661938e+01 4.127280378530158345e+01
1.635824339929259352e-01 2.016358243399256978e+01 3.843936291559067087e+01 5.247919055882276496e+01 5.116166120268823647e+01 5.947316957884076771e+01 7.195843332040793427e+01 6.408532247430478890e+01 6.198959073125319463e+01 6.477289752703565284e+01 5.681546396087983908e+01 3.933950478400257822e+01 1.916666432942994547e+01 1.954708769748183883e+01 3.967793902766315028e+01 5.349419252962409388e+01 6.136223208918141125e+01 6.523403579783742146e+01 6.171142752505981122e+01 5.095935319026273191e+01 3.861025947665456926e+01 1.838152722720383281e+01 3.509530604885893723e+01 2.909773147358418299e+01 4.957473192967610487e+01 4.249921429011728691e+01 3.399713248348336947e+01 3.125064200132411329e+01 1.148100341760327936e+01 2.661543830422206725e+01 3.557218104929722813e+01 4.437658707755027621e+01 5.573611661930809191e+01 6.443105774787360929e+01 6.848595458299200800e+01 5.857067547511823591e+01 5.020714363178123563e+01
1.578132703760624089e-01 1.429994889410713732e+01 3.429994889410784253e+01 4.660757377474739371e+01 6.018373142667251585e+01 5.237882569588432347e+01 6.018282798155967583e+01 4.408915482494968074e+01 4.186577261564980290e+01 5.580577405223977649e+01 3.694578436903945828e+01 3.444668381616313013e+01 1.486167744815780267e+01 3.444648334432207548e+01 4.787710914786275396e+01 5.615560024429499464e+01 4.279979653188059530e+01 4.784496257966736010e+01 6.294386944060355660e+01 5.512335803932147371e+01 4.718777808677984353e+01 3.509530604885946303e+01 1.497509265106366350e+01 2.909773147358407286e+01 4.957473192596632572e+01 3.401472569424825565e+01 1.378517638593051764e+01 1.100157163923225490e+01 3.143174627953225553e+01 4.007798646336808446e+01 5.227376643121866806e+01 5.349054219519005926e+01 5.591164587964525623e+01 6.452869378289182123e+01 6.004620681832704321e+01 4.055798507297920708e+01 3.167331201097490379e+01
1.543728846943814847e-01 8.319338694621986718e+00 1.831933891727796748e+01 3.832027882927861384e+01 5.054331332535979016e+01 3.293461051611837576e+01 4.482698228541567431e+01 3.655711803806811133e+01 2.641337339055970901e+01 4.633013904378280756e+01 4.059428405144079477e+01 2.060333085978680145e+01 1.254317560131666021e+01 3.165556067311390720e+01 4.636498854006013914e+01 3.922910404048386113e+01 3.119788089826494470e+01 4.825572922312984758e+01 5.172994747980531827e+01 3.549874679040734549e+01 5.167695653402735445e+01 3.277176500946530524e+01 1.271243433009702350e+01 2.679821738383045826e+01 4.720683116516492106e+01 4.246813146694584162e+01 3.109327465934400081e+01 1.066703268532477544e+01 3.093310814102914463e+01 4.281824088526315819e+01 4.201337495432242974e+01 3.059170076709442654e+01 3.784227494855700513e+01 5.634482187726849389e+01 6.842502521030671403e+01 5.857346336841305856e+01 5.020018747359350186e+01
1.561752203313827581e-01 2.015617522033102915e+01 3.660580565905091532e+01 4.661169717744543561e+01 4.265408497546733457e+01 2.253730392441660513e+01 3.187945540591224258e+01 1.471244164587375280e+01 3.602197743236374805e+01 2.796044495589703516e+01 3.108476643987907195e+01 2.562298652967558255e+01 1.033136321064949925e+01 2.885179544279050035e+01 3.346951724430768849e+01 2.311834018149308889e+01 3.874280036940596261e+01 4.677687011325348720e+01 4.324963120974197750e+01 2.415004026134478110e+01 3.438357863080886290e+01 3.047833950957223692e+01 1.063279137621214687e+01 3.044066150802316884e+01 4.826865308282538791e+01 4.709834513385624888e+01 3.218575238163003149e+01 1.033314377807986340e+01 2.160269551291619905e+01 3.155223792001806871e+01 2.839674123097720226e+01 2.461326107704841704e+01 3.505824254580210919e+01 4.812861361110250158e+01 6.746397967851073929e+01 7.236057197512920425e+01 5.099415652304166002e+01
1.531247021631862160e-01 1.429526032589426165e+01 3.429526032589496509e+01 3.890633518853832840e+01 2.909851155085294749e+01 3.142269801171514487e+01 1.067199270625300578e+01 8.418544489032347755e+00 2.362291892555967721e+01 1.475715589719583676e+01 2.020170938082795331e+01 7.058500906625371663e+00 2.503431797354094712e+01 2.119165665831481249e+01 1.634638942954611096e+01 2.719187862781772580e+01 3.433057636157847270e+01 2.903976374890381607e+01 2.890950271884165090e+01 2.539933581386874906e+01 1.364864683897411446e+01 2.717559955446253284e+01 7.395572052001514685e+00 2.225495636130214905e+01 3.823156758844810810e+01 2.661213635307948877e+01 2.953610876481521785e+01 9.999377505278635780e+00 1.251881635009118021e+01 1.507480246836220772e+01 1.851445049442927271e+01 3.932547794582461620e+01 3.364594716009768405e+01 4.666008638306750100e+01 6.602084236314362897e+01 7.793129904888100157e+01 6.477590198687396139e+01
1.422398637851068903e-01 2.014193988264846524e+01 2.167610776528820082e+01 2.157814660939445162e+01 9.464513823348225330e+00 2.222482898896359060e+01 3.591767015868287061e+00 2.672608620295539250e+00 2.982868973744862817e+00 3.292318151869759291e+00 3.601813849989092375e+00 1.197400618157056051e+01 1.820547771036122597e+01 9.589951533118840743e+00 2.114942106296262025e+01 2.256801100514248049e+01 2.191288549069408376e+01 6.043470815798143825e+00 6.341206779729219534e+00 6.671785418187519134e+00 7.017434035741579201e+00 7.353019267416231131e+00 7.677961679136504181e+00 2.734171532454173459e+01 3.199305716081392248e+01 1.515309210676895191e+01 9.531572029109712574e+00 1.298918736675682695e+01 1.254192233222990183e+01 2.526167137625780157e+01 3.361857431303698718e+01 4.569364022030423911e+01 5.233072052073380576e+01 4.666008638306750811e+01 6.602084236331347711e+01 7.677308310074948849e+01 5.748538104299698404e+01
1.377665891220937744e-01 4.443002490465171594e-01 7.508699189919935124e-01 1.057547696441039964e+00 9.822793827127805244e+00 1.362565465723298175e+01 2.233478536236882306e+00 4.640037106928724953e+00 1.957070152105004723e+01 2.259282226959255269e+01 2.264038576707811146e+01 4.045871588379913675e+00 4.361586466399901774e+00 4.678212617106400018e+00 4.995252150002989389e+00 5.311701364061101494e+00 5.627788033816433000e+00 6.317604427498104691e+00 7.886572429627920933e+00 2.346929402680148158e+01 2.611533371252966873e+01 2.703767445693767968e+01 2.759166644390865386e+01 8.138881865865375431e+00 2.775080777943674448e+01 9.064899809591995705e+00 2.873148931638731796e+01 1.803454339232887804e+01 2.424718035878392186e+01 1.592020435378556620e+01 3.474802274223212351e+01 4.812858467938993812e+01 5.953982461865663112e+01 6.602084236331347711e+01 7.430005226278152008e+01 7.587191152117877380e+01 5.760132147370494948e+01
