MOVIE_S4_data/elevation_000601.asc
nrows	100
cellsize	150.0
xllcorner	0
ncols	100
yllcorner	0
NODATA_value	-9999
[rows 17 to 33 of 100, columns 0 to 36 of 100]
1.372224685174658065e-01 1.710036931004893646e+01 1.864041155777302805e+01 1.183857165845636938e+00 1.491256434574265821e+00 1.798759697322412032e+00 2.106356731465216292e+00 2.414275973834031586e+00 2.722203421454468586e+00 3.030282190989123769e+00 5.685221638449497128e+00 1.506835598558385136e+01 2.977342075623231921e+01 3.238118508657933603e+01 1.212864005041610582e+01 3.233515143951708382e+01 4.536043749177392925e+01 5.128488101497940477e+01 4.164098266927566527e+01 3.041850437749512537e+01 1.101368594688048219e+01 9.916703640903390848e+00 9.437856766060619407e+00 1.409318162348093395e+01 2.961836871572701213e+01 3.715581554483351567e+01 4.822687457221163498e+01 5.576892706552196444e+01 6.100939777425666222e+01 4.745410957502316762e+01 5.689130355146311047e+01 4.421620765172686163e+01 5.518575614257071749e+01 7.425978579416634773e+01 7.479454998121211418e+01 6.632865295477328971e+01 4.982506547644039330e+01
1.353332760910071209e-01 1.273881104980437584e+01 2.339503574606494851e+01 1.400914376861662980e+01 2.272610802461031909e+01 2.220643843020057773e+01 9.385985471472581665e+00 2.247558409157252868e+01 1.746194212973556503e+01 3.648152397113026968e+00 2.486798800628575634e+01 9.484099609563434896e+00 2.966145490262917050e+01 4.138425026433308318e+01 2.645073408342815924e+01 2.490399338326793099e+01 4.590814737574351057e+01 4.354601135410224799e+01 2.362576141993906376e+01 1.388309343311211208e+01 3.042391738270394441e+01 2.853525682776765038e+01 1.025467862734462621e+01 2.960714957764673372e+01 3.157329057594558819e+01 3.397247087566553603e+01 4.200354591846805619e+01 4.908855903528393583e+01 5.707455612323563798e+01 6.654341132179634144e+01 6.899023585599037744e+01 5.000542042047222679e+01 5.972476367963373889e+01 7.892127771987399854e+01 7.549787623202223585e+01 5.478291881760089410e+01 4.024015036420656344e+01
1.303432743768621893e-01 2.013034079020671996e+01 3.568140944546991022e+01 3.519005976231429145e+01 3.433409444632478369e+01 3.826477002827324014e+01 2.190299801631173793e+01 2.609958856307700614e+01 2.541284597147717506e+01 2.537321022945464577e+01 3.233617696372022010e+01 1.219081933570478782e+01 2.656289527266446626e+01 4.688854063197501887e+01 4.752740370363251543e+01 3.955493193932071705e+01 5.495467406540947053e+01 5.183159750544621147e+01 3.586614714464042919e+01 1.611643188823235207e+01 3.586562270648673945e+01 3.643445014180346675e+01 2.806491930964291370e+01 1.186805760340309313e+01 1.318688785448342138e+01 1.466982059530956839e+01 3.465328005099497233e+01 2.972657900007788712e+01 4.348675628339795196e+01 6.263217392154477636e+01 7.538769707743308857e+01 5.627278695936310982e+01 7.538769707743308857e+01 8.707934544544097832e+01 7.774483660696033382e+01 5.705320405233485559e+01 6.084715625539953265e+01
1.234970534698958955e-01 1.129380471362587102e+01 2.572714110139634158e+01 4.562725800454350633e+01 5.034073287037101352e+01 5.086730382903960646e+01 4.385411153029133402e+01 3.991097640659744172e+01 4.715119388779758225e+01 4.339314853843196573e+01 2.291528958549811179e+01 1.506523614873451677e+01 3.572371569209323638e+01 4.878197827506907203e+01 5.884325363250712826e+01 6.124616692912254479e+01 5.976780406683242575e+01 3.997524245244797214e+01 2.582872940439016318e+01 1.841971875281655713e+01 3.823434141423740584e+01 4.175377362151321137e+01 2.245372444121128197e+01 3.164656385517818649e+01 3.221143683316405060e+01 3.465284890845148169e+01 1.699206786861386220e+01 3.684320658371412804e+01 4.707016117293674284e+01 6.615485390767099716e+01 8.359920972212870538e+01 7.538066329802185805e+01 6.968106350106276636e+01 8.965293327604253193e+01 8.617661682490005148e+01 7.740501365125921041e+01 5.946005893935160458e+01
1.256355554530943219e-01 2.012563555545273886e+01 2.968567817939235809e+01 3.503097910824928363e+01 4.106134706535356571e+01 4.813259092750279677e+01 5.642037861338428684e+01 5.910333873992968989e+01 5.759743729341273877e+01 3.750953952911383027e+01 4.339314852951266488e+01 3.572371569209323638e+01 1.990521835245304771e+01 3.038566950198850947e+01 4.480084393860493464e+01 6.475524788884931127e+01 5.976733521587340903e+01 3.997524097919666275e+01 4.078237120732554644e+01 2.088096637796439126e+01 4.076070780699265583e+01 4.998146776223530452e+01 3.631618475530716239e+01 4.175019774537629047e+01 4.765766829725638587e+01 3.013771985623161953e+01 1.869665774417307702e+01 2.769383788372293154e+01 4.148480626732686716e+01 6.065354813050453942e+01 7.076596572608414704e+01 7.910705436630787801e+01 8.965293327604253193e+01 9.756822188900743242e+01 8.518558319217549979e+01 6.343067976558148047e+01 4.849689719202071814e+01
1.208450475705237920e-01 4.834890255480860155e+00 9.685602756207561725e+00 1.503082759445609540e+01 2.106105448601324781e+01 2.813212229834256561e+01 3.967913243325045158e+01 5.968184407382673839e+01 6.572408881620575016e+01 5.759743732274955619e+01 5.007267357694453125e+01 2.979887128212326175e+01 4.051551152154216595e+01 2.643261060557658837e+01 4.093879366978281809e+01 6.095526221587186910e+01 6.795776709636645307e+01 5.976733360010842944e+01 4.340743511382462572e+01 2.341568898592399250e+01 4.340743792009055113e+01 6.093979397413722410e+01 5.579357028786016315e+01 6.042077903535190586e+01 5.594423419388178331e+01 4.002288320035734870e+01 2.042419022351759850e+01 3.985242404664832350e+01 5.019500322570488748e+01 5.498680330451592368e+01 5.148593731494342762e+01 6.738990449696490259e+01 7.584397992581003223e+01 8.618590252769324422e+01 8.251903098893116351e+01 6.303129538630629014e+01 6.914007444026857740e+01
1.160239911856559974e-01 2.011602399118530116e+01 2.968567817939235809e+01 3.503097910824928363e+01 4.106134706545950763e+01 4.813315772795011327e+01 5.642786850121358810e+01 6.798278715540367045e+01 7.561351437360495709e+01 5.582531231327061505e+01 4.161860756886405710e+01 5.007267357694453125e+01 5.201229143876746264e+01 3.183091160268439168e+01 4.313442937811421984e+01 6.311799269235716281e+01 6.825518786871073473e+01 5.805590677859311199e+01 4.636317232232790531e+01 2.631638234449853542e+01 3.288411216156088557e+01 4.702166862160933647e+01 6.669664765003538776e+01 6.624983712599377839e+01 4.389089389378519712e+01 3.122641060570376936e+01 2.212472293432565351e+01 4.164157188190767300e+01 3.092440282773252491e+01 3.571333432983605860e+01 4.164891325933263744e+01 4.808767512151217005e+01 5.756635133845029628e+01 7.779521455926253282e+01 9.069406515811517977e+01 8.295946405743255525e+01 7.547353753257118569e+01
1.085988230417786332e-01 2.010859882304142232e+01 2.916779118693095185e+01 3.416779129987246222e+01 3.971479345531481187e+01 4.603934913644295790e+01 5.359863938624320667e+01 6.188294447037408474e+01 7.342997428678867777e+01 6.976372981233821235e+01 6.162114250925295522e+01 6.976372981233821235e+01 5.757157196762191376e+01 3.752730096614861566e+01 5.757157196762191376e+01 7.125677246261915343e+01 6.006584353012735988e+01 4.183589368544155462e+01 3.068428736438819726e+01 4.636317232232790531e+01 5.278433655933218915e+01 4.702166862160933647e+01 6.669664765003538776e+01 7.386778755314990974e+01 5.972942756047026336e+01 4.590139633709699041e+01 4.147359304685743808e+01 2.453746134563328241e+01 4.405063153792767849e+01 5.499988869324410246e+01 6.080811247385970830e+01 6.738238165183305739e+01 7.584397992581003223e+01 8.611709865005934716e+01 8.638552241235791485e+01 7.819814584069611385e+01 6.873385757417150899e+01
1.073404342885239532e-01 4.579476389288121396e+00 9.167791066699397362e+00 1.416779106669943999e+01 1.971479302895182784e+01 2.603934834928869790e+01 3.359863780947350875e+01 4.514564319404669135e+01 6.514564692287700609e+01 6.431321892106512905e+01 7.259746743922777057e+01 7.734155908017829972e+01 5.757157196762192086e+01 4.468407214765316837e+01 6.461997966489767009e+01 6.955315206342120860e+01 4.995012075617059821e+01 3.588512076556713026e+01 5.067433445259324287e+01 4.234744638460665556e+01 6.204907508793240822e+01 6.669664765003538776e+01 7.485792073809764702e+01 6.745607100115422838e+01 4.921019776007873503e+01 5.509192481459183455e+01 4.576946892064702155e+01 2.636607264839739884e+01 3.162072918566464352e+01 3.733457186861237886e+01 5.651323936424530814e+01 6.584863120536120107e+01 8.567855338718706548e+01 8.451275057315855577e+01 7.510090335729492494e+01 5.734353147873395073e+01 6.118709833154071021e+01
9.951591839399596962e-02 2.009951591839364227e+01 2.916779118693095185e+01 3.416779129987246222e+01 3.971479345531481187e+01 4.603934913644295790e+01 5.359863911739534359e+01 5.701018933678621181e+01 5.017108306139179774e+01 4.431321858739173081e+01 6.431321892106507221e+01 7.666900151309376099e+01 7.274655573972142975e+01 5.471630891200433666e+01 7.274655573972142975e+01 6.955315206342120860e+01 4.995012075617059821e+01 5.569171569425213875e+01 4.186052001526500987e+01 6.147599915767092682e+01 5.629317938949458977e+01 7.594503654670579351e+01 8.646278985710247866e+01 6.745607100115422838e+01 5.514119861721604821e+01 3.611671286353047350e+01 2.916249093602487719e+01 4.018112164697752320e+01 5.104308389024167525e+01 5.648024309468545567e+01 4.652503372906372903e+01 5.774850714138628405e+01 7.882494741530319970e+01 7.750818914309076035e+01 5.814872654266812191e+01 4.582431041970618679e+01 4.014407845647603068e+01
9.660808524269255682e-02 1.423874370897376807e+01 3.423874370897447506e+01 4.208653733443676259e+01 4.486003826290345842e+01 4.791000908679372117e+01 5.115218067040249394e+01 3.701025104063703708e+01 3.017108295812935737e+01 3.683774962479625970e+01 4.838475500914483263e+01 6.838475537431123996e+01 8.260762517130217475e+01 7.452365041779098931e+01 8.260762517130201843e+01 7.776334719102904103e+01 6.955315206342120860e+01 6.573409241616384691e+01 4.622103650369519556e+01 6.573409241616384691e+01 7.594503654670579351e+01 8.417546353323143649e+01 8.364590075896542487e+01 7.400284379006286883e+01 6.308457224723476031e+01 5.061558807991017517e+01 3.124110586173357618e+01 5.061466259435029968e+01 6.732298138620676298e+01 7.340771999112692470e+01 6.590054062931933743e+01 7.438546019008522592e+01 8.776888020777684574e+01 7.812778878860643772e+01 5.729215614166118087e+01 6.699067467427120448e+01 5.223874091657343399e+01
8.961064364900331314e-02 2.008961064364864768e+01 2.527178937717999574e+01 2.208653743817431803e+01 2.486003841918245527e+01 2.791000982466246683e+01 3.697043787305618423e+01 2.286811552472701337e+01 3.441512090866230977e+01 5.441512276426332306e+01 4.948686026774034019e+01 6.362899596908377475e+01 8.362899712185168255e+01 8.142187278744718526e+01 7.313506450941504511e+01 8.142187278744751211e+01 7.961476998598290322e+01 5.998452751181684306e+01 6.573409241616384691e+01 5.387505926001721690e+01 6.759495761762011057e+01 8.737186819538160876e+01 7.545472293241932960e+01 5.637121686125889397e+01 4.721771740738947187e+01 4.393481868895801057e+01 3.336877301936587514e+01 5.271751355433531216e+01 6.475885622238973838e+01 7.187205254681576605e+01 7.995934794633866716e+01 8.961140782359883872e+01 9.228714218271484526e+01 7.226279257794415400e+01 7.812778878860643772e+01 8.163067777777858680e+01 7.333631738683175172e+01
8.602227843884299729e-02 2.668011175910448340e+00 5.271789395526914390e+00 7.944401814651146587e+00 1.071790279577726857e+01 1.376787420242933635e+01 1.697043727853102268e+01 3.697043787305618423e+01 5.115240900951854286e+01 6.269942973470075742e+01 6.948686068299073781e+01 7.777110502446866747e+01 7.635881180739008300e+01 7.136669870663050119e+01 5.298154567322528408e+01 7.136669870663200754e+01 8.786821229973989489e+01 7.961476998598290322e+01 8.032924008164205532e+01 6.069492652588035497e+01 7.338748061492637476e+01 9.322718759904100239e+01 8.364590075900328259e+01 7.400284379025536907e+01 5.632504294481709195e+01 3.704843844376765105e+01 5.271751400477285898e+01 3.937864180584006135e+01 4.590850170288616994e+01 5.305230478583750653e+01 6.231131872665265092e+01 8.143278700729912600e+01 1.002025657454472309e+02 9.228714218320043017e+01 8.776389599320127388e+01 8.607722201347674229e+01 7.560047976081018817e+01
8.664218773200615953e-02 2.008664218773165189e+01 2.527178937717999574e+01 2.794440178405934816e+01 1.888286860505467502e+01 3.376787398481477709e+01 3.111257276521259030e+01 2.549846593275529116e+01 4.549846518814941732e+01 6.378270048566009365e+01 7.532968055447960865e+01 7.043233746018127306e+01 5.622024260190255518e+01 6.305830509132011485e+01 4.279989986542599922e+01 6.230481188302884021e+01 7.061501893250654405e+01 7.961461588394615774e+01 8.859674028010631730e+01 7.449498812669564529e+01 7.667097840546621512e+01 9.660607824439044578e+01 8.335638742879781660e+01 6.423792234246771216e+01 5.106288243084298983e+01 3.990898556156545851e+01 5.899805409692474001e+01 5.292735951883734202e+01 4.805379594173572855e+01 5.886975797047193026e+01 7.788528012288449531e+01 8.961138701299880438e+01 8.946034596506200387e+01 8.128130029487145691e+01 6.758257477124845991e+01 6.534267764142120427e+01 6.258111463128786056e+01
7.759125536472052942e-02 9.021881138706026704e+00 2.056965971708539342e+01 4.058973356307571834e+01 3.302500427925870241e+01 3.521280058663774071e+01 5.111249050759554535e+01 4.549846518591861155e+01 3.549846593275067619e+01 4.704547131578429742e+01 6.704546779408885016e+01 6.211869295879522213e+01 4.183220145461523032e+01 4.928838918142240999e+01 3.553023129259559454e+01 4.203798102227877109e+01 5.115539149396524010e+01 6.544981063499970730e+01 8.550856052348414948e+01 9.441437027757569922e+01 9.660607824438716307e+01 9.096138228341686727e+01 8.129137503041751245e+01 7.318139606463019220e+01 6.177905318425164438e+01 4.291745952030966293e+01 6.177905318425164438e+01 7.186957058917192853e+01 5.742419376126249375e+01 6.690666328940771734e+01 8.602533759564678917e+01 9.280297539844833921e+01 7.284684841517497489e+01 6.094691680397591682e+01 5.350736775343418117e+01 4.680748140943151725e+01 5.939292803699437684e+01
7.818929607037834739e-02 2.007818911877046020e+01 3.728099833202470137e+01 4.889452446235226546e+01 5.302502403586508706e+01 5.521282343216970645e+01 6.349734643680552182e+01 6.378270048566009365e+01 5.549846444354815844e+01 6.378270048566009365e+01 6.321488859077545186e+01 5.209065444708639347e+01 4.370335544640509795e+01 2.876371412247615211e+01 4.928838918142240999e+01 6.230481188302884021e+01 7.061501893250644457e+01 7.961461588392533884e+01 7.837340652077756431e+01 8.595431618491745951e+01 9.423670719290522868e+01 8.273951296862138349e+01 6.362455746564548775e+01 5.452183891319575082e+01 4.797728253216009620e+01 6.177905110391769483e+01 5.074708783496750897e+01 6.938998066897703154e+01 7.070341966225544184e+01 8.451835124517064912e+01 9.433118127670198305e+01 1.009219307288552017e+02 8.946034596506200387e+01 8.128130029487145691e+01 7.409201011329240316e+01 5.997253138035048892e+01 3.912322260984106492e+01
7.024788420635796893e-02 1.998956103639828896e+01 3.419984988757677513e+01 4.350656562381674064e+01 4.680315012945615649e+01 5.514803485916920778e+01 5.595471169723362692e+01 4.757515274834270969e+01 4.493276516404362297e+01 5.331523956962683997e+01 4.882548358861449600e+01 3.443600039572348237e+01 2.306861522408847520e+01 2.604132855074099595e+01 4.664702208370511727e+01 5.091477401091764676e+01 7.111951868337176563e+01 6.889320054601296306e+01 5.826276366937172213e+01 6.589700379504658656e+01 8.009417230968415424e+01 9.095537708138122923e+01 8.128264483534232454e+01 6.502543274790538419e+01 5.207538337782548865e+01 7.063234849879272303e+01 5.768625099664331657e+01 6.587385793799199973e+01 8.503494572457547918e+01 9.833328281420007499e+01 1.046515574586068169e+02 9.645789713187265590e+01 9.645789713187265590e+01 8.327744656479940488e+01 6.285664387291857480e+01 5.875979631826077565e+01 3.813441059747252382e+01
