MOVIE_S4_data/elevation_000587.asc
nrows	100
cellsize	150.0
xllcorner	0
ncols	100
yllcorner	0
NODATA_value	-9999
[rows 34 to 50 of 100, columns 0 to 36 of 100]
6.606448164489217567e-02 2.006606448164453838e+01 3.729027027566694841e+01 3.596519495495994079e+01 1.920451014885190588e+01 3.596737169587392913e+01 3.484951361829101302e+01 4.070326026168779521e+01 3.684544528773394489e+01 4.958356389377239282e+01 4.131513498241017146e+01 2.502126060884921799e+01 4.502410749868325013e+01 5.274057244169774350e+01 3.893947112044556036e+01 5.890075989733453099e+01 7.088608955845796800e+01 7.912707098348155910e+01 9.061916472499045483e+01 1.008794420380728525e+02 8.749996192265784600e+01 8.998831925607937876e+01 1.033886855426131888e+02 1.050986594469762423e+02 9.664029011518485390e+01 8.800718195928463672e+01 8.535894740916239698e+01 1.024486083314105258e+02 1.153349932489830962e+02 1.034397803129641744e+02 8.469286113577381059e+01 6.453398267944241695e+01 7.609708648014277799e+01 7.226784456089097830e+01 6.425948897116039404e+01 4.447436802140155265e+01 6.013402413820187320e+01
6.290596198942818851e-02 2.006183987649638567e+01 3.360035141472894793e+01 2.531784515807872893e+01 7.650569382435243426e+00 2.765631070640316480e+01 2.070932842832101173e+01 3.351517658516787890e+01 2.530060973393544188e+01 3.775543619770319737e+01 2.130927696946194771e+01 4.131513498241017146e+01 3.917527803557494792e+01 5.914443091411234832e+01 5.306355632418381418e+01 4.579954191488757687e+01 5.095702447994768391e+01 6.246939897599897051e+01 8.238350270988871671e+01 9.797926783483657687e+01 1.063171146692328364e+02 1.088285294617983112e+02 1.097136461495339574e+02 1.020276854225101317e+02 1.097136461495339574e+02 1.084333351697630832e+02 1.057799146610929739e+02 1.142387303431980996e+02 1.134471187996248602e+02 1.015483754124735896e+02 9.046025337088202889e+01 7.014766795537042299e+01 5.619976180429287638e+01 5.242355411801418796e+01 4.877085085674612230e+01 6.425518031171259281e+01 7.262652237005391953e+01
5.954267593782444634e-02 2.005954267593746820e+01 2.300734014891125767e+01 5.310514710551849760e+00 2.531171920322336177e+01 1.004912813029355867e+01 1.175763281097843738e+01 1.351140396448335323e+01 1.529281721072367439e+01 1.774893799584951992e+01 3.775543619770309789e+01 4.958356389908881567e+01 5.914443091414117504e+01 6.740146642204615546e+01 7.299301583503729773e+01 6.574042708148776626e+01 7.088608955845796800e+01 6.092865607452144161e+01 6.983767434344663627e+01 8.391774840649922851e+01 1.038215662363534193e+02 1.076434514215976321e+02 1.004041162478758906e+02 8.338231925704876346e+01 1.004041162478758906e+02 1.072199228471480410e+02 9.953349999661681125e+01 1.072199228471480410e+02 1.049835053304938555e+02 8.430126892078867229e+01 7.258998497328904875e+01 6.453398267944241695e+01 7.609708648014277799e+01 5.858392377643232862e+01 6.011242865297677440e+01 7.697424796690884818e+01 6.807300401655763267e+01
5.541180393181056874e-02 1.526577097762405577e+00 3.003034216916763199e+00 6.658252826530464574e+00 1.043912074820652514e+01 3.005381400063149755e+01 3.176188370959452811e+01 2.766025474316336386e+01 3.529598949204800107e+01 1.914878148739966335e+01 3.912777830315042138e+01 5.141328011080108951e+01 6.518021884003478306e+01 6.887573718149292290e+01 7.331879861752922523e+01 7.550485678452740501e+01 8.377006036241625964e+01 8.084352304239538967e+01 8.908011459339320481e+01 9.797926783483657687e+01 1.021922768898251377e+02 8.902596116660714642e+01 9.270500233977945470e+01 7.365278613765435978e+01 9.270500233977945470e+01 9.787151510615187533e+01 8.077863281932737038e+01 9.787151510615187533e+01 1.099127085968115836e+02 1.015483754124735896e+02 8.469286113577382480e+01 7.867505604201367930e+01 8.622237312618867122e+01 6.600726622738940819e+01 8.015366626834133967e+01 8.861602260910865425e+01 7.640670606906628848e+01
5.132731495283296419e-02 2.005132731495247711e+01 2.290162617891623142e+01 2.665847246002218185e+01 3.043786708392199714e+01 1.598637327078723835e+01 3.598429158360850977e+01 4.765021426253205306e+01 3.912777830315042138e+01 3.912777830315042138e+01 2.319131922427435555e+01 4.316258290060827107e+01 4.526661768718111034e+01 4.897359296150993657e+01 5.343397753351493407e+01 5.560994916968667212e+01 7.281440493662820757e+01 8.170393079924753010e+01 9.317804096336286079e+01 1.067984511229407616e+02 9.447889781361941175e+01 7.547644869933903067e+01 8.246069374910433680e+01 6.700737132128972462e+01 8.635426360573769955e+01 9.015606640797207660e+01 7.098853489271652961e+01 8.337932065145011507e+01 9.513531255082948235e+01 1.028549873731351170e+02 1.052471628468318272e+02 9.922112780884759786e+01 8.622237312770070616e+01 8.020530786940842916e+01 9.471200940554157910e+01 9.282961447977764635e+01 7.311699612118681557e+01
5.077994834438732952e-02 8.995131833687485923e+00 2.054609467246081067e+01 4.064061782293487113e+01 4.006623652628551469e+01 2.006887167564621777e+01 4.006623652628551469e+01 5.519695321794073806e+01 5.906332653811062272e+01 5.141314502528089037e+01 3.318909806711160826e+01 2.760885985240093277e+01 3.114429344735426852e+01 3.485784874057129201e+01 3.932888265387399684e+01 4.467064169665857065e+01 5.359277400703803096e+01 6.507232580879805539e+01 8.493656471592882440e+01 9.910572352005229391e+01 8.032216946551598369e+01 7.052364353671050878e+01 6.298123767945868678e+01 6.096881010259488676e+01 8.052058795370989230e+01 8.337928713573063533e+01 6.393032873086262668e+01 8.170510367401435303e+01 7.614212901173398507e+01 9.513531255082948235e+01 1.123109069265223354e+02 1.084874954639201690e+02 1.067658896483205240e+02 1.007488537089949148e+02 1.011821451619774450e+02 8.885957286680103095e+01 7.313334316315356887e+01
4.095169275885861271e-02 2.004095169275850452e+01 3.732708045834618105e+01 4.902991170762741291e+01 4.834090700498203574e+01 3.161539751353432237e+01 2.692871264877501147e+01 4.692485746603928476e+01 6.215581960066698741e+01 6.138019638351409668e+01 4.730465147150123073e+01 4.757161870143363558e+01 3.829354007976707663e+01 5.480287401548658011e+01 4.748708244461654715e+01 6.457921628418377225e+01 5.618030321899330204e+01 7.023150128387848667e+01 9.010736662279681752e+01 1.067984511229407616e+02 9.743767197265572122e+01 8.971394649278414590e+01 7.509815140123436095e+01 5.542444126469963805e+01 7.509538656496704334e+01 7.776472573961083867e+01 5.815479669281062058e+01 6.222871164352194739e+01 7.614212901173398507e+01 9.513531255082948235e+01 9.389994886269329299e+01 9.009729179897517781e+01 1.031492667042061271e+02 1.011821451619774450e+02 8.126697116010832644e+01 8.072784391257638958e+01 6.059260314962384086e+01
3.794593529682660504e-02 1.418008155902765210e+01 3.418008155902693801e+01 5.202737977711731787e+01 5.987980169169634337e+01 5.161029730144570493e+01 4.106942490232976439e+01 3.509322217565745916e+01 4.216352952753395300e+01 6.215581511592385056e+01 6.721434209672375459e+01 6.646802628075924702e+01 4.827485614936865232e+01 6.646782532755582906e+01 5.898828979789279003e+01 7.562217228525280177e+01 7.023150128387848667e+01 8.429023759364686441e+01 8.817929419841544814e+01 9.618737384415933889e+01 9.614185122031736341e+01 7.717143552952636298e+01 6.329148009749220449e+01 5.178807232522549242e+01 7.150370426219086539e+01 6.695143662355511083e+01 5.282243962855135777e+01 7.252384442214177795e+01 8.949855819243450128e+01 9.929239363144766628e+01 8.075949660060670965e+01 7.689165518678018429e+01 9.386579912333914422e+01 1.028985839307711245e+02 8.097973173050337437e+01 6.437924241128018821e+01 5.576488063227890990e+01
3.760068892276602348e-02 2.003760068892241009e+01 2.374310852965441754e+01 3.626763957259070281e+01 4.382692903277538221e+01 5.211120028023758266e+01 6.106112217490785099e+01 4.663861341906398650e+01 6.215581960066698741e+01 5.630260975754892172e+01 7.628671818733835153e+01 7.641820142592180787e+01 6.817703521725933058e+01 7.641820142592180787e+01 7.886829790321039013e+01 8.709785368981464160e+01 9.010736662279681752e+01 8.489409586418385345e+01 6.852460526982450517e+01 8.489409586418372555e+01 9.640140717966558270e+01 8.539294031681812669e+01 6.817321520192373896e+01 4.842651291540504133e+01 6.358217206556843593e+01 4.719460571903765356e+01 6.695143662355511083e+01 7.618121202836566397e+01 8.399007015089819106e+01 8.636475785574774022e+01 7.860859635698543002e+01 6.728869028407015662e+01 7.997279641689277696e+01 9.747058771396082477e+01 8.774490966776330936e+01 6.756253168146093913e+01 6.771415493437909561e+01
3.621519728617531020e-02 4.750260405196511826e+00 9.600972905923214284e+00 1.626763957258999937e+01 2.382692903277467877e+01 3.537393441656760018e+01 5.537393441656830362e+01 6.662884157264679175e+01 7.488857631748587096e+01 7.628671818733835153e+01 8.453652582353282696e+01 8.861865424243944744e+01 8.033265307824743218e+01 8.292754175184398946e+01 9.121400186795753484e+01 9.316068728665464960e+01 8.185062925961959479e+01 7.377471123040871248e+01 5.706105981397271165e+01 7.683165425465516307e+01 8.865491057574662648e+01 6.943628051470066964e+01 5.797157658460005791e+01 5.043514889054856809e+01 4.380082383808963442e+01 4.343414019218680977e+01 6.173333155797377714e+01 5.672050342654448229e+01 6.833769561074045384e+01 7.187906193723404158e+01 5.931395406922572988e+01 7.860859635698543002e+01 9.187742190496570061e+01 1.002757871480667262e+02 9.584199364655167130e+01 7.911817760580515824e+01 8.775212150207943296e+01
2.661327423881425236e-02 2.002661327423846060e+01 2.960097290592356956e+01 2.374310852965441399e+01 4.374310852965511742e+01 5.211120028023758266e+01 6.365820566403050407e+01 6.627333398021845312e+01 6.408776612190867183e+01 6.408776613797081723e+01 7.236606989114582689e+01 7.707735110458204986e+01 6.034835058790674367e+01 6.294070034120672119e+01 8.292754175184398946e+01 8.513716720376163494e+01 6.545681615914993756e+01 5.399235915088447513e+01 4.954394020019569211e+01 6.718059519857108342e+01 7.528439782420969095e+01 8.539294031681812669e+01 7.755902678967915165e+01 7.015566685225434185e+01 5.954430171546119510e+01 3.972835436623633854e+01 4.202030086305042289e+01 4.529784979395081024e+01 4.875410166622293673e+01 5.236898248081805463e+01 5.838532245827383349e+01 6.502057705647764863e+01 7.391979421323514998e+01 8.771805188313035728e+01 1.056425320424544907e+02 9.912389678768413148e+01 1.071721599583618456e+02
2.753285331545040487e-02 1.416966847704652643e+01 3.416966847704723165e+01 4.374310852965511742e+01 5.202737977711731787e+01 6.522463274357100715e+01 6.627333398021845312e+01 4.631071238247660915e+01 4.412777592224333034e+01 4.412777592224446011e+01 6.408776613748628392e+01 5.986503244873959062e+01 4.882733561549484591e+01 6.879466329248319312e+01 7.819094371251671305e+01 7.015359289104554819e+01 7.632416946637172828e+01 5.656643312876197882e+01 4.249906713324963192e+01 4.735670391073369245e+01 6.388296452743102094e+01 7.429387211403626168e+01 6.640059353088204830e+01 6.341984684382510551e+01 5.694752244978027278e+01 3.747860484559021899e+01 5.482258982570122186e+01 6.286517485886463419e+01 6.833769561074045384e+01 7.187906193723404158e+01 7.774188164448688099e+01 8.415673467276077702e+01 9.187742164547714196e+01 1.002757870455711924e+02 9.485430400131518525e+01 1.027331818176007516e+02 1.054119146385906731e+02
2.210104741296625708e-02 2.002210104741261176e+01 3.023439673195372990e+01 5.011618572541991767e+01 5.109767418502040215e+01 4.524609635498606508e+01 5.937579669862539333e+01 4.997392169930828487e+01 3.002715228187073393e+01 4.811890660927109309e+01 5.257906572669682532e+01 3.991183057689898561e+01 5.401462477058284151e+01 7.398916549626144956e+01 6.683109380281315737e+01 5.036659581807399633e+01 6.683002458585771421e+01 7.047715612743579072e+01 5.573526622715228740e+01 3.584165653494310533e+01 5.475652226972757575e+01 6.011319043407598173e+01 4.473294297651816009e+01 4.225723641919207552e+01 5.583810221395116713e+01 5.182424561845379429e+01 3.488885873245484959e+01 5.513781944256458445e+01 7.242312578018501767e+01 7.216507246646442297e+01 8.018459221499531964e+01 7.969584255089952762e+01 7.978190694010712036e+01 8.774874201644774985e+01 7.547024348320618969e+01 9.160313378310299015e+01 8.630080767842149214e+01
1.884200952422735234e-02 1.019733448868961467e+01 3.004159409270454262e+01 4.090646029994792343e+01 3.112750514383041178e+01 3.112750514383041178e+01 4.746021097963102875e+01 3.919089186230468158e+01 2.401028907174426763e+01 2.817239842429296459e+01 3.263278129716552911e+01 5.257906572669682532e+01 6.813898013501004414e+01 7.364206071925049457e+01 5.872828183048388695e+01 3.881951757779406620e+01 5.872941903961760346e+01 6.186811675362700669e+01 5.177258044234995538e+01 3.185139230899759255e+01 5.177267368108010714e+01 3.904016462788683128e+01 4.603283154717163228e+01 2.794964242039329960e+01 4.791603504454926110e+01 3.234501507105732543e+01 5.227843398950552256e+01 5.618987198386973603e+01 5.263207675506566119e+01 5.234988926228379569e+01 6.320824519657186613e+01 5.997512079439746913e+01 6.003546299222381322e+01 7.121683173424489155e+01 6.398392468593424098e+01 7.958278652688967725e+01 7.242575105182693562e+01
9.934550753332892920e-03 2.000993455075297689e+01 1.553019647218388855e+01 2.473562187940050094e+01 1.700443111948137442e+01 3.207012693159128958e+01 3.478334402492790645e+01 1.923489898638219842e+01 3.919089186230468158e+01 4.811890660973082134e+01 5.257878468364189928e+01 6.085356236817759878e+01 6.904920199164666883e+01 6.093489312471967168e+01 4.588278564430797957e+01 3.175580886758227450e+01 4.319109910788819207e+01 4.293497522667659183e+01 4.800821854702591907e+01 2.810315562105398257e+01 4.289522197807098536e+01 2.482419230177566760e+01 2.610340030822574775e+01 4.566100336789966008e+01 2.984028650595081089e+01 3.192644521758327869e+01 3.405958779380137713e+01 3.623892417973373625e+01 3.848994485641564722e+01 4.079929198060738571e+01 4.329223405753312903e+01 4.583965248458520136e+01 4.847035189321975679e+01 5.130492665461924418e+01 5.549091819982886875e+01 5.977501668381462707e+01 6.875768076348987279e+01
8.364784840791048004e-03 2.302477335188188867e+00 4.611669789237216932e+00 6.984820706926378797e+00 9.446342856862530724e+00 1.209574381195705683e+01 1.481831933588523142e+01 3.478334398661736770e+01 3.919022461930560297e+01 5.914221433198289191e+01 5.786125061656420598e+01 4.829271096483406467e+01 5.283952784909853051e+01 4.104090991326910398e+01 4.466831490097909096e+01 4.317284771412685984e+01 2.327283281330721820e+01 3.874692798760239754e+01 4.029039517861149022e+01 4.137649395264256924e+01 2.304321349448680678e+01 4.254967055858394787e+01 4.599916659141426578e+01 5.374412630165261362e+01 4.977226525475235519e+01 4.607010380940075578e+01 4.820989665033805238e+01 4.780174914884948123e+01 5.842874080772773482e+01 4.836644958830825658e+01 6.320824519657177376e+01 6.575118646698065561e+01 5.849052338685603303e+01 7.121683173424489155e+01 5.787689150169673269e+01 7.780155444206194204e+01 6.875768076346643909e+01
5.219006137575642711e-03 2.000521900613722082e+01 2.460780779507025429e+01 1.852728486634453731e+01 2.942784976526082730e+01 3.207012693047259688e+01 2.297075661125306212e+01 2.893905232520935300e+01 4.889271217787086243e+01 6.341840520132156200e+01 4.677146175493138713e+01 2.602959491938018033e+01 3.613216265851547604e+01 3.477857785760402720e+01 2.474793653732739784e+01 3.677097467900104988e+01 1.835909889599314937e+01 1.941019412729542637e+01 2.046394150885093666e+01 2.152048853546619966e+01 4.137710093342924722e+01 2.658229630623617012e+01 2.900411023756360507e+01 4.841994327830216349e+01 5.980520789828590011e+01 6.593834176049226414e+01 6.803687910635605363e+01 6.764826086657171800e+01 7.569589562605659694e+01 6.823414934286746814e+01 6.099621283052005083e+01 8.068954161164607797e+01 7.002219335866296035e+01 8.272539310263498180e+01 6.283789639674147764e+01 8.272558954342912330e+01 7.767367055731348557e+01
