MOVIE_S4_data/elevation_000907.asc
nrows	100
cellsize	150.0
xllcorner	0
ncols	100
yllcorner	0
NODATA_value	-9999
[rows 0 to 16 of 100, columns 0 to 36 of 100]
2.082717056534231503e-01 1.435040732938449892e+01 3.435040732938520591e+01 3.313721828636568745e+01 3.313876137014040069e+01 3.644947081894841290e+01 3.989885356601828192e+01 4.357119120302653670e+01 5.185287247663747934e+01 6.187497413142299507e+01 7.604249026781282339e+01 7.592470525685283178e+01 8.422320077501146329e+01 9.275143120262980290e+01 8.444324370611788311e+01 8.185188428607222022e+01 9.015449713994469505e+01 8.506219123867644782e+01 7.920222704474737441e+01 7.920222704474737441e+01 8.750312547067599667e+01 9.016757868738218917e+01 8.757298311438033522e+01 7.927277195336782256e+01 7.927277195336783677e+01 8.757298311438033522e+01 9.911952845497603448e+01 9.287863911126046901e+01 8.456763489341203410e+01 8.717798205821883073e+01 8.290554844799348189e+01 8.879208054988127685e+01 8.927706369334246972e+01 9.758146973693246196e+01 1.129952059524334089e+02 1.069650577314515232e+02 1.015924598412826612e+02
2.038130619680232347e-01 2.020381306196766857e+01 2.571516234037516568e+01 1.002594067812021450e+01 1.318052353003142407e+01 1.658489259769473279e+01 2.008330817518262634e+01 2.374436597275250449e+01 3.359032364774773072e+01 4.770745799503313123e+01 6.175426222586894198e+01 5.588467253760007480e+01 7.592470525685283178e+01 8.444324370611788311e+01 6.447719483175889366e+01 6.188693450143848906e+01 7.861431301719430564e+01 6.506887779494702784e+01 5.921465285392415012e+01 5.921465285392415012e+01 7.920222704474737441e+01 7.017603547702097444e+01 7.017603547702097444e+01 5.929276363903159819e+01 5.929276363903159819e+01 7.083638407860540553e+01 9.079709210647204998e+01 8.126010186300354121e+01 6.441911398386862686e+01 6.703519515570867782e+01 6.275754858017957361e+01 6.865876111411661498e+01 6.912856376690457694e+01 8.927706369334246972e+01 9.239578110989350535e+01 8.636098913927897058e+01 8.101898985682889531e+01
1.945267862640465417e-01 2.941738065237821331e+00 5.715239046363954856e+00 1.624457450626490740e+01 2.250586820182634540e+01 3.644947081894841290e+01 3.405353869423341706e+01 3.513310897055054483e+01 3.010170776265671932e+01 3.503623131189953455e+01 4.169253108764255700e+01 5.328311106073562797e+01 7.332606991673920049e+01 8.152664468523252594e+01 7.032511514889961290e+01 5.029933648644039579e+01 7.032511515355659526e+01 6.506887779494702784e+01 4.501366006803275610e+01 6.506887779494702784e+01 7.368385045573589309e+01 6.539046731365331766e+01 5.015006368719833318e+01 4.769770258560255627e+01 5.929276363903159819e+01 7.927277195336782256e+01 9.119396715433721567e+01 7.293488100705518207e+01 5.279584802830262191e+01 5.279584802830262191e+01 4.852679089621340580e+01 5.488254072380773607e+01 6.651108159570073042e+01 8.666687686489925113e+01 9.173600088941509512e+01 7.188222135646758204e+01 6.656980253241223977e+01
1.884163169627051937e-01 2.018841631696234984e+01 2.571516234037516568e+01 2.111774606750326200e+01 3.926659741719772256e+01 3.693324114871860075e+01 5.401069200542548288e+01 4.925540819527194714e+01 4.418995814122585841e+01 4.919443324964527164e+01 4.919443289838431355e+01 6.924469435043528165e+01 8.162409483029085777e+01 7.323486709157987207e+01 5.322708671799887981e+01 4.422810678942506257e+01 5.740693240404590370e+01 5.354285921976948259e+01 3.894717053260264805e+01 5.902200213230512560e+01 6.211367077823672389e+01 4.534281416426269828e+01 4.009175637839762629e+01 6.016304958210967868e+01 7.602763185962626835e+01 8.757298311438033522e+01 8.288176196461255074e+01 6.274159097153310682e+01 6.130760090040772781e+01 4.119711801719499533e+01 6.130760494272103500e+01 7.502992276461978349e+01 8.335501674919663628e+01 9.497566165265831728e+01 8.322183829606065331e+01 6.273996593278228318e+01 5.933109042383739506e+01
1.898839224935668091e-01 1.433201954622962759e+01 3.433201956271048516e+01 4.081757429946558347e+01 4.895650528143048774e+01 5.557931046462489633e+01 6.370216892262689612e+01 6.923203212863116107e+01 6.426815037820256293e+01 6.924484271438491589e+01 6.924469435043528165e+01 7.754374561317158054e+01 9.322078964810748403e+01 7.323486706774521338e+01 6.157465929859748854e+01 4.738628508669736306e+01 3.732861916616597853e+01 3.347017436096427900e+01 3.338161208660505253e+01 5.345424561853110390e+01 4.879766602896238936e+01 3.374281600255351776e+01 4.272724482387919664e+01 5.433119642291593010e+01 7.433760540961748120e+01 8.078061272213511756e+01 7.245785269584038701e+01 6.643738516183380227e+01 4.631266954562493510e+01 3.734129037723887024e+01 5.743733991374713810e+01 7.131643476095176482e+01 8.293600052604878670e+01 9.568586263335097897e+01 7.515205424827331626e+01 7.298090203023457434e+01 5.249304798688346096e+01
1.812560074098455432e-01 2.018125600740949110e+01 3.034956614014835097e+01 3.589656259671046712e+01 4.192678028863046791e+01 4.899782952813466608e+01 5.728138574082303336e+01 6.882701010797734398e+01 7.585623789293036623e+01 7.535360045421265340e+01 6.732573213687035718e+01 6.851739802948161184e+01 7.666063390603525818e+01 8.986307464196590900e+01 7.571887109040642372e+01 6.570179063881012382e+01 4.893968445117582178e+01 4.827151392628764626e+01 2.822213226525161289e+01 4.413564228236565157e+01 2.874567859570393225e+01 4.879766602906213535e+01 5.381594937121855082e+01 7.107941390553580163e+01 8.263397482030840990e+01 7.245785269584038701e+01 5.233032495056455247e+01 5.822554126490377513e+01 5.399089199403195494e+01 3.390925086994784010e+01 4.287230268370882413e+01 5.447399336913835555e+01 7.461366390459572528e+01 8.155514354243516095e+01 7.182396348405042374e+01 5.467010079860343552e+01 4.832432653026217650e+01
1.855941142937577448e-01 5.185594114293735402e+00 1.034957190923691250e+01 1.589657387148915468e+01 2.192680076304432291e+01 2.899786857490897063e+01 4.054487391915117911e+01 6.054473847853505220e+01 5.613788068439043855e+01 6.144269570441009876e+01 4.738517318074605100e+01 4.850860247868884301e+01 6.283054649354519228e+01 8.286904926361386003e+01 8.336469132169438012e+01 7.726593562871610743e+01 6.897340820962273256e+01 5.657241913060249061e+01 4.413564228236565157e+01 2.412417559833694014e+01 4.412499946549610996e+01 4.879450184110131516e+01 6.881297006799249516e+01 8.214614243952227923e+01 7.815326001579218484e+01 6.393153938585723495e+01 5.560276454731608453e+01 3.813164932488131598e+01 4.662432738615846262e+01 3.078805422597833896e+01 4.235547292680770681e+01 6.246478095097960903e+01 7.889273590994368135e+01 6.706877356807818558e+01 5.258240359878318770e+01 4.289926814269222888e+01 5.467010079860695981e+01
1.797113411273130179e-01 6.846378007793950893e+00 1.391744581965936334e+01 3.391744580341487847e+01 4.192678028863046791e+01 4.899782952813466608e+01 5.728138574082303336e+01 6.161473059452912793e+01 4.134140511170654975e+01 4.113851680111091724e+01 3.528128610247843255e+01 4.988590486204559227e+01 6.912783834064974542e+01 7.569285206927406762e+01 5.938898427651277956e+01 7.495466290052701197e+01 7.619481568451026021e+01 5.617553031414670528e+01 4.200234309678860711e+01 2.201936762375649792e+01 3.908752304274591438e+01 4.738519771652304513e+01 5.905450122036621252e+01 6.910554546180007662e+01 6.078834906384697945e+01 4.970981875592230637e+01 3.552255418623877148e+01 4.290292442005281970e+01 2.658395911902245956e+01 3.813160913193961932e+01 5.821466195192083148e+01 7.079394875722711333e+01 7.039009777261588852e+01 4.993006143145011322e+01 3.821656341784250088e+01 5.857749028341506659e+01 7.182396348399981889e+01
1.682297228869525374e-01 2.016822972288659699e+01 3.391744580341487847e+01 2.656655646033189200e+01 4.070869208388352689e+01 6.070869171503632344e+01 6.185328870409186663e+01 5.351327832077436852e+01 4.397937619368119044e+01 2.636579717799793698e+01 4.708547311546234937e+01 6.074507579878028452e+01 6.165159467718115849e+01 5.142806136615569557e+01 3.991648893498236106e+01 6.181325470648823739e+01 7.198801749735001465e+01 5.617553031414670528e+01 3.613138166831479481e+01 3.908746024372433681e+01 1.914475677724715297e+01 3.062599934311550243e+01 5.071878916718475949e+01 6.078834906384697945e+01 4.069318468036904335e+01 4.657892205922797046e+01 3.949784203518346004e+01 2.290259397254404305e+01 4.290292442005281970e+01 4.662097971085996306e+01 6.648543447054359490e+01 7.828306393983626776e+01 6.977819287720312502e+01 5.554226251634260336e+01 3.522849708618653608e+01 4.690564924928105484e+01 6.133682078445995245e+01
1.736477300190079065e-01 1.431578335375008315e+01 3.431578335375078836e+01 4.656655638181990753e+01 5.485081779728977835e+01 5.329150410093043888e+01 4.934853905519262440e+01 3.319775330344934616e+01 3.206478032582204918e+01 2.182188824907671432e+01 3.211380897670631640e+01 5.257385133041408665e+01 4.939087751365239143e+01 2.508523449815112016e+01 4.904935833303610337e+01 5.756544567222579190e+01 5.440534104280587258e+01 5.486831372916508798e+01 4.023812476500174995e+01 3.435315228190893322e+01 1.717834788690798575e+01 3.113761831143449044e+01 5.046077365222483735e+01 6.078834906384697234e+01 4.069318468036905045e+01 2.654915834624595306e+01 1.956379352403327587e+01 3.949784203518346004e+01 3.921648210057779238e+01 5.930571170790520341e+01 7.497355361544811103e+01 6.977819287720319608e+01 4.931320795119606970e+01 5.266946226178861679e+01 3.239788983416895007e+01 4.404534280443922967e+01 5.845058647744374269e+01
1.635824339929259352e-01 9.458477021504931415e+00 3.060640978217232089e+01 4.971273661550981871e+01 4.736044878259077251e+01 3.366956183010722015e+01 3.960382559018488990e+01 2.031732874909308251e+01 1.623851590239057074e+01 3.654943290697558211e+01 5.062231921068686802e+01 6.074487098571791677e+01 4.081489078066694987e+01 1.861211908743696597e+01 3.862842159568159417e+01 5.141620768262351504e+01 4.359654352913383235e+01 4.516230207184872114e+01 1.967889684832907449e+01 1.442017748724947523e+01 3.435371217633043273e+01 4.526028603962781460e+01 5.392511959651316999e+01 4.572960900708885390e+01 4.256159190503785794e+01 3.425666323999811169e+01 1.740055298119499483e+01 3.139851877534485070e+01 5.144203568035398177e+01 6.763285619535839999e+01 6.684184141305379967e+01 6.663074218800015558e+01 4.620960637892558509e+01 3.496428403900820570e+01 2.969468825911122778e+01 4.396359334930727414e+01 6.435481534701563078e+01
1.578132703760624089e-01 2.006759778530743077e+01 2.148384175398170726e+01 3.991937029112921209e+01 3.894072604092424683e+01 1.929405606753279656e+01 2.676325198733055188e+01 1.104973816359626504e+01 3.136751820606297159e+01 4.484662755175627780e+01 5.920900105494655463e+01 4.840207501294843695e+01 3.414916349549348240e+01 1.356668736469863568e+01 2.135298773255725635e+01 3.478779915343693574e+01 3.603361621027087836e+01 4.249167291158380522e+01 3.245440479945863643e+01 1.248993481032230335e+01 2.663592375856689642e+01 4.702175226794320650e+01 4.572960900575446175e+01 2.553682555142632893e+01 3.133871693828726634e+01 1.446618856218877802e+01 3.425666296816360301e+01 3.139851877536719371e+01 5.144203575819227581e+01 6.087861562675319504e+01 4.641703453159062320e+01 5.127694222537833468e+01 4.281852959318540996e+01 2.600493966536784995e+01 3.518725805955884312e+01 4.763382629348841846e+01 6.693171438354619340e+01
1.543728846943814847e-01 1.917104812379856682e+01 3.013683032265562645e+01 3.574710788368673064e+01 2.874852634556994602e+01 2.252292412382183784e+01 6.545234216197330923e+00 2.676296942405789636e+01 3.812862163136515647e+01 4.168519916203730702e+01 4.163543271809855639e+01 3.457818759307383516e+01 2.026869010244062252e+01 2.469093541080458465e+01 8.130739342621069454e+00 2.631351357408762937e+01 4.138721694559199449e+01 2.566715851153483285e+01 3.059428726271661247e+01 1.059305430002511095e+01 3.055446555924487129e+01 3.937472934626772769e+01 3.831855042580183124e+01 3.133448154451403767e+01 1.144550530014305600e+01 3.133871690521300835e+01 4.256157679040330066e+01 5.144203573837688737e+01 5.976763891002738660e+01 5.239932076687804141e+01 3.211800219915132004e+01 3.957228946437590622e+01 2.267889938106311476e+01 3.688331526180812148e+01 5.396041475186242309e+01 6.414339248125342863e+01 6.733376426676019832e+01
1.561752203313827581e-01 1.316051860924195971e+01 1.975612449414858673e+01 1.634813543931744206e+01 2.076931733133890745e+01 1.541623868818152499e+00 1.984491207606316721e+01 2.901282341870081893e+01 2.888545019113541912e+01 2.292746346622201514e+01 4.155845040222391873e+01 2.617488503425949276e+01 4.628584312348396956e+00 4.620074269486904583e+00 8.600830081105543812e+00 8.236089929520602482e+00 3.246485941171659562e+01 3.256592259631602815e+01 1.597402143713938472e+01 8.724047709034934428e+00 2.665582922145442168e+01 7.726034062026716498e+00 8.050919187297498780e+00 2.794924124428054668e+01 9.322291227234757116e+00 2.934971048510550062e+01 4.377124436960041010e+01 5.231772022175649539e+01 6.591927128817609116e+01 5.392396382414331413e+01 3.362759101733119849e+01 1.951818122990320603e+01 3.957228946433461658e+01 5.127694222537833468e+01 6.590374921144494635e+01 6.731012771273206852e+01 4.817655504163759872e+01
1.531247021631862160e-01 4.633607264420351313e-01 7.736340813298007157e-01 1.084019508951901356e+00 1.394629446858418831e+00 1.706016164483373121e+00 1.981687978282425533e+01 2.068575036900559994e+01 1.037406498272409472e+01 2.286796853203653157e+01 2.337758179681587478e+01 2.372766382011130304e+01 4.176212093601844977e+00 2.420590524593298198e+01 5.071796127211670502e+00 5.393637359599800618e+00 2.544348134465336386e+01 1.488083543687938537e+01 1.170933611613185832e+01 6.941283222790606722e+00 7.266511765253499178e+00 1.129751340557552375e+01 1.367774152780489771e+01 8.512839190377439635e+00 8.845993340311666842e+00 2.859108784673073700e+01 2.270602234305337319e+01 3.752495071183273012e+01 5.281064722533625400e+01 4.287671586458310458e+01 3.446254356774890937e+01 1.746391469733219637e+01 3.149117651441547849e+01 5.181399311498456228e+01 6.343718502686193972e+01 6.938281225110516459e+01 4.828230272894669639e+01
1.422398637851068903e-01 1.981451004971248508e+01 2.127202360775055823e+01 8.317629224187990999e+00 2.173791681116369645e+01 3.174177536059237248e+00 2.150911230554156006e+00 2.466123900255567936e+00 2.781341168463890678e+00 3.096587101198513992e+00 3.411590692659657087e+00 3.726524075245209566e+00 2.362295298266421995e+01 3.236845201443852460e+01 2.741523574168727251e+01 5.448549409523972820e+00 5.847163292902884280e+00 6.167370929654192757e+00 6.487764515709482538e+00 2.654431192906952219e+01 1.386193588391684806e+01 1.570357026251075716e+01 2.650152722414554063e+01 2.253697820643519734e+01 2.871866469451451920e+01 9.321578999062136717e+00 2.525566158637442982e+01 3.666986897630377484e+01 3.197561745909267472e+01 3.176365409780594717e+01 1.471308646545949728e+01 3.444033924363840526e+01 4.561859575618331064e+01 5.080545392273020155e+01 4.745879491838793030e+01 6.288197905296729573e+01 4.795208005102851700e+01
1.377665891220937744e-01 1.768757491873322962e+01 3.425451129503943548e+01 3.103821992084827741e+01 2.611903225641979986e+01 5.780133622543509375e+00 2.237812910547253153e+01 2.305668843468930973e+01 1.700334863080956893e+01 1.727930233712814712e+01 2.344491862151663497e+01 6.980787493631781082e+00 7.145993213733230931e+00 2.712704902145938490e+01 3.645219679609855490e+01 2.824594078177288381e+01 2.589969096756185607e+01 2.545636274504226293e+01 8.586383773218344118e+00 1.862397277026684250e+01 2.216404510470498579e+01 3.621278316788021101e+01 4.126555019680445469e+01 4.216453685909132787e+01 3.664082189970804393e+01 2.912409026813754664e+01 9.802202793587646568e+00 2.964047258493129533e+01 3.067953626488844776e+01 1.077976494726625134e+01 3.040412513060185518e+01 3.803240327196153459e+01 4.180581680244614518e+01 3.458335475888254962e+01 5.078732316943408165e+01 4.560747437109309743e+01 3.527319293770383979e+01
