MOVIE_S4_data/elevation_000392.asc
nrows	100
cellsize	150.0
xllcorner	0
ncols	100
yllcorner	0
NODATA_value	-9999
[rows 51 to 67 of 100, columns 0 to 36 of 100]
1.045510899316130261e-02 9.574825566139074651e-01 1.905573482893563986e+00 2.189751756685673101e+01 3.103914262094771459e+01 1.820210366586217887e+01 7.398893622598539999e+00 2.739586468570797706e+01 2.476393936231682602e+01 1.126576892563906718e+01 3.117482183423414099e+01 3.390438124128619535e+01 1.548916303175498754e+01 1.660694294733807297e+01 1.772974192676729643e+01 3.772037619397926989e+01 4.807541823642574030e+01 5.682252840777518799e+01 6.506834040330817004e+01 7.871409696893555008e+01 7.048731373230538111e+01 7.871409696893555008e+01 8.432612647222241264e+01 7.610558591720975130e+01 8.086306310539796982e+01 8.907574107826920340e+01 8.633746853566849211e+01 9.453890946122511707e+01 1.001697906828779026e+02 9.184338082058876296e+01 8.821166821752295562e+01 6.822336897798872712e+01 8.821166821752295562e+01 9.845690795905940718e+01 8.426349806306106416e+01 8.645320121225137200e+01 1.064989059181821602e+02
1.199560344128819747e-02 2.001199560343514605e+01 1.550755541597781395e+01 1.258796215569730492e+01 3.253001981589463298e+01 3.405871758777401226e+01 1.894316705658081190e+01 3.569563022872721092e+01 1.791904176898904311e+01 3.126399364408524306e+01 1.833650094278367249e+01 3.828241578563285685e+01 3.357173614422543295e+01 3.213926476740828519e+01 3.772050644830240174e+01 1.982450594677269962e+01 3.981882036675564507e+01 5.937181317525023871e+01 6.116546545580942507e+01 6.298864581083223868e+01 6.225440355251160440e+01 7.049496806237989688e+01 7.282280785098491549e+01 5.614886550153433120e+01 6.092483498224708427e+01 7.568437123647474607e+01 6.640734843486846728e+01 8.052270950237033276e+01 1.003755386556322406e+02 1.082572468125578808e+02 8.821166821752295562e+01 7.715995569382613439e+01 8.234885811039438863e+01 1.023657441954297980e+02 1.042986466013408489e+02 1.064989059181821602e+02 1.028309591683838136e+02
1.680456789927393946e-02 2.001680456789891949e+01 3.412719704195107084e+01 3.252592316283838869e+01 2.669258855141988107e+01 4.664145816660958133e+01 3.309382640569587153e+01 4.267003768950641529e+01 2.274533018806996054e+01 4.267003581340453877e+01 2.368191353472509064e+01 4.366638340653690165e+01 5.601932336301693027e+01 4.779529634730079835e+01 3.043722041495353636e+01 2.131782638952861220e+01 4.131778269109518220e+01 3.939931677271972177e+01 4.119656540532952960e+01 4.302305246887939916e+01 4.228797888066468147e+01 5.457057344169954405e+01 5.856356980179696592e+01 4.461749270764256181e+01 4.995134460627944151e+01 5.571796856997315928e+01 7.568437123645468034e+01 8.633746853562068679e+01 1.061624303374799183e+02 1.053972230065405711e+02 1.054883453669479394e+02 8.868060107270409276e+01 1.023657441875172935e+02 1.107114482353554052e+02 1.067509458790471655e+02 9.778417960356266292e+01 8.279137337723012990e+01
2.570751284471603157e-02 1.154631500390430432e+01 2.552821294366249560e+01 4.510399734206713163e+01 4.664153468880410713e+01 5.490080409545608120e+01 5.327619274435699737e+01 4.800393539394494269e+01 2.804631764783583137e+01 4.800393539394494269e+01 4.367275904722168178e+01 3.221323620943745425e+01 5.219153373544034480e+01 5.662652514310601504e+01 3.942093643397842584e+01 4.129081697950827845e+01 2.347922479151598552e+01 2.524702210568733207e+01 2.704515550903266430e+01 2.887529270007675564e+01 3.073843154485703622e+01 3.459731104305286919e+01 3.859859006892895650e+01 5.856356980179696592e+01 6.992056725935266570e+01 7.568437123647474607e+01 8.390617885225280759e+01 9.450509753395822088e+01 9.793811478052610653e+01 8.473504831194782128e+01 9.937000911727585617e+01 1.087257820072139793e+02 1.170840038743460383e+02 1.125985569459027857e+02 9.251292300332289642e+01 7.839554074335875100e+01 6.947121297599335321e+01
2.050012024463924304e-02 2.002050012024428227e+01 3.019319950366012151e+01 3.596675688104495805e+01 4.263342374532282264e+01 5.091766421723080072e+01 6.091764569348743663e+01 5.403681723176570983e+01 3.402801177116456444e+01 5.403681723176570983e+01 5.884613401638509345e+01 3.888233317355086882e+01 5.884613401638509345e+01 6.623590730720916042e+01 5.288888104196767159e+01 3.291732918360090565e+01 2.696409169407800377e+01 4.524912553109712121e+01 4.704532081727690951e+01 4.887078532878293657e+01 5.072680008681424368e+01 3.383374576491618768e+01 5.380943943070875690e+01 6.521754774220701734e+01 7.967634059885207876e+01 7.857533426950882927e+01 8.151494249443392448e+01 7.503421803276512492e+01 8.667037069544852557e+01 7.036506872558963721e+01 8.725007587129168485e+01 9.394743146766566610e+01 1.022855706526766255e+02 1.123449997547604511e+02 1.067509458790471655e+02 8.945145027921282121e+01 7.544042387915752101e+01
2.927968592160756431e-02 5.029279685921585141e+00 1.019325748086476224e+01 1.596676017276097070e+01 2.263342683942752132e+01 3.263342683908738451e+01 5.263342065155818261e+01 6.112281364745606282e+01 4.108058917946318900e+01 6.112281364745606282e+01 6.709030471520323147e+01 4.888011030349056796e+01 6.709030471520323147e+01 6.439846778053387766e+01 4.446331983931001020e+01 5.288890475033330318e+01 4.696229119177846911e+01 3.205445489998506758e+01 5.203815661964287642e+01 6.321486684910296816e+01 6.206054851242101478e+01 5.380919598962931616e+01 3.699995568101052612e+01 5.118732857369987954e+01 6.282548895307220960e+01 5.944582262043358867e+01 6.221241277677421522e+01 6.099906918942483713e+01 7.464918422663511421e+01 6.139225425220559629e+01 6.717401644615432588e+01 7.385536467874072741e+01 8.389263794968974253e+01 1.040022249861378754e+02 1.179011682572065638e+02 1.037883911667220644e+02 8.696554991983863658e+01
2.800573862316051849e-02 2.002800573527566286e+01 3.019325587539850630e+01 3.596675811002442913e+01 4.263342374532282264e+01 5.091766421723080072e+01 6.091764569348818981e+01 6.936402379425260278e+01 5.266965037949773176e+01 6.936402379425260278e+01 7.704979074844639797e+01 6.881215772927964736e+01 7.704979074844639797e+01 7.258245184723237742e+01 5.599609228015288664e+01 6.356505372262316200e+01 4.359988228667869947e+01 5.203815661966437034e+01 3.808884590554424676e+01 4.324841509941242634e+01 6.321486678451992702e+01 6.521577688814038254e+01 5.696679235587311041e+01 4.028509684317761241e+01 4.286139948021983770e+01 4.547970075943002399e+01 4.819287281252899646e+01 5.101382095201621070e+01 5.472243815308717529e+01 7.475845229903266898e+01 8.724267724454401218e+01 9.394743146766566610e+01 1.022855706527069231e+02 1.123449998657821851e+02 1.230115813346547071e+02 1.153944348357116354e+02 1.070176961901306498e+02
3.653205470537677219e-02 1.003653205470529031e+01 2.417866767843598907e+01 4.417866767843270281e+01 5.344894367745354202e+01 6.186867276220885969e+01 6.064881603137491339e+01 6.909063298212952020e+01 7.267004941382472794e+01 8.088143776547440211e+01 8.320385759449872864e+01 8.221233312569917473e+01 9.003802236334955467e+01 8.402534728658339702e+01 7.587632616619025328e+01 7.180184328215094069e+01 5.513474343818653267e+01 6.630392109975153403e+01 5.805955093588914195e+01 5.221571200482461705e+01 5.140222244497956439e+01 7.136438497295191041e+01 6.849720164262318178e+01 6.024845549093959818e+01 4.879472521952804698e+01 6.544839256649095205e+01 6.816890032864039028e+01 7.100894512305193018e+01 5.831308845300674193e+01 6.472649316132077502e+01 7.366993642954938082e+01 8.516938571611260045e+01 1.049396524652863008e+02 1.167117780634470705e+02 1.024663341135785828e+02 1.124680317944991970e+02 1.207576988009051604e+02
4.500159517621803856e-02 2.004500159517586155e+01 3.832080330041384286e+01 4.918157500682109884e+01 3.312024647409845812e+01 4.768102074799202938e+01 4.014493136823567454e+01 5.465023325595021220e+01 7.513067592282284579e+01 7.757376607388835055e+01 6.411911024472040310e+01 6.311670225451778293e+01 7.904743945188857879e+01 7.788627243140940948e+01 6.959989777239353259e+01 7.788627243140940948e+01 7.508107173294888526e+01 8.330044127289060896e+01 7.216782613955189163e+01 7.216782613955189163e+01 6.294032277410251908e+01 6.208483318509806281e+01 8.202038988907253270e+01 7.700269190878101710e+01 6.876292410389720544e+01 5.878435639540300883e+01 7.874149181239151574e+01 8.370111409321309281e+01 6.366169399083716485e+01 8.364530045624918841e+01 8.467451035000004822e+01 1.016612754539058585e+02 1.131204814621174108e+02 1.050376102488651924e+02 8.762662876509962473e+01 9.193943907996896314e+01 1.124680317944991970e+02
4.567435126880908108e-02 1.418780997499963448e+01 3.418780997499892038e+01 2.899302244714108667e+01 2.146243212646956167e+01 2.727330992776957430e+01 3.750108348652914003e+01 5.308243102345906550e+01 7.613600449114308333e+01 6.797247361524695464e+01 5.041721005124589539e+01 5.191942423336069368e+01 7.118746550187677258e+01 6.787633289550933569e+01 4.957388793099986657e+01 6.787633289550933569e+01 7.517576064722629781e+01 8.346149047442668234e+01 9.205130289079964712e+01 9.107790930605774804e+01 8.287187179692676864e+01 8.202038988907253270e+01 7.620141327778478058e+01 9.606864214317525352e+01 8.696663045837294703e+01 6.877944380701798366e+01 8.696663045837294703e+01 9.078887024434691000e+01 7.074056232329260752e+01 8.002175242414301692e+01 1.000911403526841212e+02 1.130903325033886517e+02 1.093175051852449968e+02 9.795212467783821353e+01 7.678769549781638659e+01 9.795212467783821353e+01 1.068777563848320824e+02
5.351880592384315738e-02 2.005351880592348834e+01 2.879572961208544868e+01 1.477522677349960389e+01 3.490611258953253326e+01 4.094806972786153665e+01 5.572064582930568832e+01 6.737606454871772144e+01 6.863513704833616202e+01 5.892280236845011387e+01 4.060209432103562222e+01 5.443040370277330453e+01 7.366148391960953745e+01 5.958689285169669603e+01 3.951872160894404828e+01 5.883055818021000505e+01 5.515705775389091770e+01 6.592705344881022711e+01 7.421206185003670441e+01 7.796220705237038828e+01 8.381796928607589336e+01 8.984261147607290354e+01 9.606864214317525352e+01 1.042542810181752202e+02 9.691353312963994426e+01 8.870353981776503360e+01 9.691353312963994426e+01 9.908213404260314405e+01 8.075714486738696962e+01 9.908213404263685220e+01 1.084408601797175322e+02 1.153658856272943751e+02 9.497973224405578208e+01 7.999123013462327947e+01 7.050925868615939862e+01 9.184497006521124263e+01 8.608483738076061798e+01
5.706225480597197641e-02 2.005706225480561500e+01 8.739027927566965559e+00 1.769566336101801696e+01 2.927859338439682801e+01 4.932326221378379216e+01 6.756399643274158962e+01 6.863513704833616202e+01 4.958341743289020087e+01 5.314244127718867361e+01 3.548940052693502167e+01 4.939791457467315894e+01 6.876563749489467625e+01 5.249172286581507052e+01 3.244622325279478048e+01 3.878506685308608581e+01 5.016799179763503247e+01 4.587937608298210534e+01 5.896039656034068344e+01 5.797116698593845996e+01 6.382640705842440809e+01 6.986113383570808821e+01 8.569363116492667132e+01 9.723127033565894806e+01 1.122162019069941863e+02 1.038413643404096121e+02 1.086765226849135075e+02 1.091085465161142878e+02 1.008209593689443153e+02 1.091029386434196624e+02 1.091809742354579527e+02 1.175521983591654589e+02 1.009977741478717661e+02 7.999242568609012949e+01 6.486495337460722510e+01 7.255399318876648351e+01 8.772392271682871012e+01
5.506323356023958698e-02 3.575822215716468300e+00 2.351366372416254080e+01 3.704887579442726064e+01 4.609077706394183593e+01 5.766856413253128721e+01 6.037458823488017146e+01 5.317576367221634115e+01 5.240075384606466002e+01 3.355649011628237588e+01 3.080645045066810184e+01 5.048023599488670499e+01 6.000745831800818308e+01 4.615277625051314203e+01 2.618484520097520019e+01 4.450315441556712415e+01 3.014129927661175756e+01 3.428067940878351294e+01 3.887514936745962046e+01 4.376333179946090013e+01 4.984620940314771786e+01 5.743796898501423698e+01 6.896994153101685754e+01 8.893877138335558641e+01 1.005908744748835630e+02 8.374008160554325286e+01 8.854089004033613719e+01 1.086765108133488553e+02 1.030880653863778633e+02 9.463028951573585346e+01 8.860205847993350403e+01 1.091820766867997605e+02 9.641927791111106671e+01 7.532422978168128225e+01 6.040903559590067573e+01 7.931479393169621517e+01 6.925881456383093848e+01
6.166659562896406599e-02 2.006166659562860843e+01 3.080823391853407500e+01 4.283678253902918698e+01 4.374138557124653914e+01 5.130926813269990561e+01 5.316007153995301593e+01 3.356765770623240996e+01 3.934948686132953100e+01 2.466010739742215563e+01 4.440130523214592273e+01 5.841339680665026179e+01 4.586766550198817072e+01 3.172729541065820769e+01 2.140580890754361221e+01 2.456104048696755626e+01 3.051309386552704694e+01 3.716066055488678188e+01 5.723234606907676181e+01 6.382640705842440809e+01 6.986113383570807400e+01 7.740976209270600350e+01 8.569363116492667132e+01 9.241606624399103964e+01 8.408559193178872704e+01 7.227181158511844217e+01 8.634222849585790982e+01 1.064644712226678678e+02 9.463033355576403949e+01 7.420728531363138814e+01 8.441878334337731360e+01 9.287633552920284785e+01 8.623539239070505857e+01 7.847222477302568677e+01 5.681307227423333472e+01 6.114099989641278654e+01 7.946607530843098743e+01
6.211000661219646946e-02 1.802530029187635385e+00 2.285246730867268283e+01 2.514675987324599760e+01 2.527709619567191979e+01 4.375177891436573674e+01 4.260532900763828223e+01 3.480164033971972515e+01 1.950517932780421049e+01 3.934948686132953100e+01 5.246861654770290073e+01 5.173302296754221885e+01 3.172778591849075625e+01 1.769709765578789629e+01 3.758148679323722519e+01 4.450315441556712415e+01 5.054178422890080924e+01 5.723234606878349240e+01 4.876601266705628035e+01 6.034913037236802325e+01 8.033835924181191501e+01 9.183302309161335586e+01 8.350609934702178805e+01 7.763480712812220474e+01 6.420292682740971202e+01 8.408559193178872704e+01 9.223586254503884163e+01 1.123878257112465349e+02 9.889321733011475146e+01 7.842342381179688005e+01 6.455763363958224943e+01 7.661759400623220984e+01 6.632581440944360907e+01 6.942298470222293361e+01 5.336099516334141413e+01 6.224901526295607823e+01 7.380461179935343807e+01
7.336735264618567121e-02 3.834541891192067564e-01 2.035628736023096153e+01 1.148432142329735406e+01 2.351378743827195450e+01 3.306865079052955281e+01 3.481175695291063477e+01 1.491951313295179027e+01 3.481181804012099690e+01 4.743452244084613767e+01 4.835586242471346452e+01 3.991316670860083349e+01 3.163553955459939715e+01 1.520774715469106653e+01 3.509591376881810021e+01 4.758556794883924823e+01 5.572143408213727866e+01 6.450811984747447525e+01 6.879757257314540198e+01 7.707582379034430176e+01 8.861553526590880381e+01 8.031450105910414550e+01 6.361852152096011537e+01 5.779760297239768363e+01 7.763480712812220474e+01 8.040635269998303158e+01 1.004563291549537922e+02 1.008061665296393983e+02 9.245900908849206701e+01 9.086471471455918447e+01 7.073206977862061251e+01 5.716805655957548282e+01 5.273868237891341693e+01 4.949482337971076618e+01 6.942298470222365836e+01 8.159116291443659463e+01 9.054141415172144036e+01
7.164818186532601052e-02 1.947032151381493748e+01 8.220886524257192685e-01 1.999315277757617082e+01 3.976992621239283210e+00 2.343628313946808817e+01 3.178379163367550930e+01 1.186987770407878351e+01 3.177819938654455711e+01 4.186943264957906052e+01 2.858691342165624505e+01 2.864962769471978632e+01 1.173324364837485945e+01 1.619123553996702825e+01 2.086480965295810108e+01 2.785226264335750912e+01 3.672218015538505398e+01 4.812252258679209405e+01 6.191816511195507644e+01 8.147517174953931374e+01 8.610436139322153792e+01 6.619172467097314438e+01 5.222519011539288414e+01 7.202400093561544736e+01 7.396776440997473401e+01 9.395127608886657811e+01 1.088216400372803179e+02 9.245903335083281149e+01 7.235513095914721760e+01 7.824325935389396136e+01 8.502379186415141987e+01 7.661759400623220984e+01 6.673605349954212329e+01 4.685318397361272247e+01 5.568106018596473206e+01 6.718846758786808948e+01 8.136525112664490678e+01
