MOVIE_S4_data/elevation_000920.asc
nrows	100
cellsize	150.0
xllcorner	0
ncols	100
yllcorner	0
NODATA_value	-9999
[rows 68 to 84 of 100, columns 37 to 73 of 100]
5.257145009683247139e+01 6.087853331757195008e+01 6.008473432211509646e+01 4.911901337091705955e+01 4.217887207623005708e+01 2.283688211586396122e+01 4.278764767708148753e+01 5.120829429531750066e+01 6.015740773543775788e+01 5.569715318453721409e+01 3.648155493603690758e+01 5.571442734962388954e+01 5.662469070061804644e+01 3.658593383288270928e+01 3.457295294418069886e+01 5.462043016016392727e+01 5.425184173242721641e+01 7.432147244830653676e+01 8.681484541078111761e+01 8.452002656706636685e+01 8.706799260364542192e+01 6.725228885442459159e+01 8.706799260364542192e+01 1.053406871750047173e+02 1.153604214421808365e+02 1.123178128748255773e+02 1.039872635233559777e+02 1.039872635233559777e+02 1.088105906948358665e+02 1.071281025818141330e+02 9.595297768300930841e+01 7.607595631122721613e+01 6.193852605595709804e+01 5.296738713369244778e+01 7.297156038587930027e+01 8.524277533508046645e+01 8.932339110498682544e+01
6.845208889254801932e+01 6.801130888700227217e+01 4.796762685422181249e+01 4.536389199534151828e+01 2.535084553803079288e+01 4.258717034208785179e+01 2.337761923543225961e+01 4.220360371845684710e+01 3.901253316220366685e+01 4.480422622239530028e+01 3.067993581283002413e+01 4.811239932607239211e+01 4.858447994348946963e+01 3.138712405168589470e+01 5.145062027418886430e+01 4.874640814168127179e+01 6.880194634630625217e+01 8.264677125121050949e+01 9.094883365306181133e+01 8.262427669626018201e+01 9.094883365306181133e+01 8.706799260364542192e+01 7.710607648575867756e+01 8.702033325815105513e+01 1.070394841849134480e+02 1.039872635233559777e+02 8.396068034263083746e+01 8.396068034263083746e+01 9.641792656527771044e+01 1.047390504171959549e+02 1.017585182225191005e+02 8.189707920701809485e+01 7.116838974395292894e+01 5.117306464476550332e+01 6.868899147668453509e+01 6.710459142724366188e+01 6.705117751653955338e+01
8.003538390412255410e+01 6.213231059393403655e+01 4.210042497289970953e+01 2.795996905581696979e+01 4.536389357780072373e+01 4.908547940855549285e+01 2.573588050289380291e+01 2.394685030125974023e+01 2.435988715317030895e+01 2.477773896568866974e+01 2.519691262619594596e+01 2.920082582673700600e+01 2.855491093168081207e+01 4.858447994348946963e+01 5.976467297791494815e+01 6.880193784809883084e+01 7.712706332336428261e+01 8.559095663764061612e+01 7.725858265190828433e+01 6.243526784570450161e+01 7.836865375207388240e+01 8.669636552021222542e+01 9.702990872153227997e+01 1.053406871750047173e+02 1.153604214421808365e+02 1.022975752584966784e+02 8.227072403125104927e+01 6.983607436424782122e+01 7.641076087201815881e+01 9.641792656527771044e+01 9.783766646074047912e+01 7.796224230918819842e+01 6.383706778919390956e+01 6.868899026182913303e+01 4.870937196042935113e+01 4.700208378719625557e+01 6.450643130422749039e+01
7.198728397802295831e+01 6.019395709845914411e+01 4.984840791693898154e+01 2.984715455967554121e+01 4.386606378267021711e+01 5.853063574447457285e+01 4.867861643886983813e+01 3.013017220000540064e+01 4.440482971724499350e+01 4.480608711422981827e+01 4.522521733998668481e+01 2.579235159646490416e+01 4.582063317457694751e+01 5.682951994593724976e+01 6.050079782608182910e+01 8.064784927415837501e+01 8.261097408590229918e+01 7.394712909586084493e+01 5.706952050720082070e+01 5.233324972459929825e+01 5.814217498282685170e+01 7.836865375207388240e+01 9.675781315136404714e+01 1.067989088462582998e+02 1.070286898069603438e+02 9.701355890499080203e+01 8.227072403125104927e+01 6.225330475742428149e+01 7.496139597837529323e+01 8.326229973967427611e+01 8.953511559352500626e+01 9.200853770438722279e+01 8.378361925696098922e+01 7.693622703675698915e+01 6.865423609082459677e+01 6.335784427725995727e+01 4.460503456632243768e+01
5.901020760802066434e+01 4.563478326677013541e+01 3.258323230327002307e+01 4.984840791693898154e+01 5.814361747698067973e+01 7.154387144913566488e+01 5.691776855699409055e+01 3.678135375338995772e+01 5.691765018936568765e+01 5.226003309889697590e+01 3.488629281706842278e+01 2.622465890998375571e+01 3.445542783530638076e+01 4.039741263187981701e+01 6.050079782608182200e+01 6.904642585788863585e+01 6.838375286227689287e+01 5.415653163807004233e+01 4.557936511718972383e+01 5.706952050720082070e+01 7.725858265190842644e+01 6.829974175720104768e+01 7.839840142064728923e+01 9.847673007324610239e+01 9.870302258001237306e+01 7.870162190594587059e+01 6.871217391387077100e+01 6.161471288960514414e+01 5.488460122064503821e+01 6.949718455315050392e+01 6.949718414100225061e+01 8.061740150539385752e+01 6.956475237337460271e+01 6.200717817601631765e+01 6.266846986403892572e+01 4.363320195907342480e+01 6.360689740256670177e+01
3.927105371834315406e+01 3.543577265111040475e+01 5.258267550053484030e+01 4.811550882982839994e+01 6.883329354421177015e+01 7.125718494926434232e+01 5.097818855027917806e+01 5.691776907988430878e+01 6.535363682048043188e+01 6.043244004858235030e+01 5.201951335203542470e+01 4.625075422113103230e+01 2.684040700140991120e+01 4.685992321117310411e+01 5.859518542226614102e+01 4.877717796979243303e+01 5.969221153408731340e+01 4.024119677953127194e+01 6.004902534487852250e+01 7.394712909640502119e+01 8.559095663863875814e+01 8.843756574694674555e+01 9.675781315136404714e+01 1.067989088462582998e+02 1.070286898069603438e+02 9.701355890499080203e+01 8.870232224297915025e+01 8.106828916939467433e+01 6.102654807436497464e+01 4.934984069049532707e+01 6.468104259268061185e+01 6.775047836892075281e+01 5.461366621932175747e+01 4.203750297652066337e+01 4.269825272104329628e+01 6.266816532544232388e+01 4.706351432220908038e+01
5.780986143755760054e+01 3.781750646186559806e+01 5.178094249456883347e+01 6.802771533947428395e+01 7.718387747885581973e+01 7.973642033471341506e+01 7.125718494926434232e+01 7.196358909941345416e+01 5.191171478531728667e+01 5.190306171808470737e+01 4.809511788961563639e+01 2.780158329344857293e+01 2.729465873069777260e+01 4.730096829077777443e+01 4.147379586314469435e+01 3.214958431025520724e+01 5.134377683315745600e+01 3.677587670203328685e+01 5.065835086656519337e+01 7.070661178528759194e+01 8.256316298747751148e+01 8.256316298747751148e+01 9.089973480672125561e+01 9.567594120958540316e+01 1.042386369977877649e+02 9.782272475351645369e+01 8.951134980630509119e+01 8.937367537230541359e+01 7.780100911335968306e+01 6.468104811219815531e+01 4.456198349350978560e+01 4.358859889062279080e+01 4.110585619911339705e+01 6.107382807340692921e+01 4.243362698016615298e+01 7.045788782252067506e+01 6.685472468406929636e+01
6.031001626919535852e+01 4.034245066542883507e+01 4.476657056092148679e+01 6.187842683856545278e+01 8.633487621234213805e+01 8.586222812761421608e+01 6.577194092572474915e+01 6.251233904206742409e+01 5.191257442420484125e+01 3.193537294063373011e+01 3.017117625010543946e+01 4.809025364977152606e+01 4.123436240731754054e+01 2.793397012308374983e+01 2.838513487995142981e+01 2.883631924258770240e+01 3.210351430761795655e+01 5.183395526361091044e+01 6.433358836982019113e+01 7.664279750628453769e+01 6.238586020584777003e+01 6.238586020584777714e+01 8.256316298747751148e+01 7.381207089725565140e+01 9.181704340255987518e+01 8.626090647211690055e+01 6.950216946530514406e+01 8.055563211161214099e+01 8.079134164218145031e+01 6.633635013362342647e+01 4.357268128206577984e+01 4.018197995109209586e+01 6.014776463414686702e+01 5.003844475585095353e+01 6.977631840949786124e+01 8.337309668309146105e+01 7.059511688449016731e+01
4.419574192793200496e+01 4.772491485345483397e+01 6.524320039706545060e+01 7.900593706750818512e+01 8.152316278172347097e+01 7.319529273199535169e+01 6.489421217490209415e+01 4.572258840275563330e+01 3.421930823240833774e+01 5.191257442420474177e+01 4.446486647468508835e+01 5.856412995735475846e+01 4.183640760933995040e+01 4.206609124031043478e+01 4.838252755166696062e+01 4.878124255014174793e+01 2.948263990563301107e+01 4.144287600913610703e+01 5.703297703351321246e+01 5.881983160881343764e+01 4.819439765953947585e+01 6.829565536453294783e+01 7.024282098434895261e+01 6.086524368644735006e+01 8.305282979923472908e+01 7.795904415016502753e+01 5.795263272532037746e+01 6.054818431644885379e+01 6.661586393534992112e+01 5.249587555944875561e+01 3.927927429200146037e+01 5.924103777031903206e+01 6.844140567441804990e+01 7.005304176289926943e+01 6.071766194447516085e+01 8.076017355164293576e+01 9.056330881374124431e+01
5.171665804365326835e+01 6.748363108891729212e+01 6.014397516633700747e+01 8.011341490523162179e+01 7.319548560008092863e+01 5.311724260345823723e+01 5.657706497190373796e+01 3.657275999547705680e+01 4.190669600534624806e+01 6.198062202996481318e+01 6.461996824398515571e+01 6.167511174282204678e+01 6.167467246592110541e+01 6.205559643234261102e+01 5.502578494224957950e+01 3.502137780677820444e+01 4.947664024764382162e+01 3.013351581543178170e+01 4.260642799879375531e+01 3.886566548030256030e+01 5.881914774022633452e+01 5.996014657663263847e+01 4.775971490686671217e+01 7.022800284381682445e+01 7.999691487117674171e+01 7.170258042597815518e+01 6.640833060333612536e+01 4.641855696348864058e+01 5.743162968326764428e+01 3.839302629263027455e+01 5.835365628458257703e+01 4.396719984671869952e+01 6.395138501776798989e+01 7.717546167051703776e+01 8.076017355164293576e+01 7.489308683958900303e+01 9.492457386350253046e+01
6.067137339669967844e+01 8.009651908987851243e+01 7.423838763905672522e+01 8.842621887022089311e+01 7.319491444752186737e+01 5.311723573955454469e+01 3.898080866798674293e+01 5.657930288694279142e+01 6.228281330846812835e+01 5.636024436503349477e+01 7.664126556577198812e+01 8.175744223376230480e+01 7.594297411246989782e+01 6.093228162306329665e+01 4.090336868433998063e+01 5.502607741638035321e+01 5.742302478014820366e+01 3.443016194406394703e+01 3.078378450145421752e+01 5.077518125112764125e+01 5.871233499111922782e+01 3.941025973463369780e+01 3.880538435961869936e+01 6.296930570202853517e+01 6.906650418425927285e+01 5.125225773004103047e+01 5.597527572616115066e+01 5.656168433560194586e+01 3.750579870935916205e+01 5.746890525150035955e+01 6.664608161306910006e+01 6.395138501776841622e+01 4.886863892290745071e+01 6.887713665363139626e+01 8.252760198834822347e+01 9.492457386350253046e+01 1.032398928162968161e+02
7.227159473051183625e+01 8.907982987886171600e+01 9.429698541054268901e+01 8.772999947137300580e+01 7.496568210262996956e+01 5.487134165591169932e+01 4.073103588752210413e+01 5.215216690768368579e+01 7.004864008588008062e+01 7.664831697496005347e+01 8.508272902937200399e+01 8.353740649377071747e+01 6.761995001953836493e+01 4.755694483011304641e+01 5.505088514754465479e+01 6.925232284696511442e+01 6.076566290230245926e+01 4.089168664711658607e+01 3.487496742796100335e+01 3.143642802732721364e+01 5.026020415795058227e+01 3.279669769136012292e+01 3.397774040075266555e+01 5.329176594402114375e+01 5.250201183471541100e+01 4.734236435678734978e+01 3.599799322512009070e+01 3.662365564540501595e+01 5.531939283389415607e+01 4.747611542982382105e+01 6.750005804254971054e+01 7.717546167747076424e+01 6.887713665363139626e+01 5.420673749964775823e+01 7.422806023173956191e+01 8.617524251681655301e+01 9.324061115370015784e+01
9.235990712384490564e+01 1.006757968265655450e+02 9.362226046768661547e+01 7.352631233354047424e+01 5.931499121299209776e+01 6.255354418152295892e+01 4.255715047382584260e+01 4.511261595214214992e+01 6.171278651487983780e+01 8.551514596347496422e+01 8.942672554825900022e+01 6.932723130685660351e+01 5.512164247592151867e+01 6.761995001953836493e+01 7.513122875995378536e+01 7.498295140720129837e+01 5.488551778128866943e+01 5.447639097779251216e+01 5.481837125941691369e+01 3.149863375278206590e+01 3.208832337943029955e+01 4.788369965553575014e+01 3.344803215961162124e+01 3.392376614705541726e+01 3.444775079097428971e+01 3.510208444568091579e+01 5.510336423081701440e+01 5.006802724774064473e+01 6.399253203348121843e+01 6.161420330227842612e+01 6.162984526831310461e+01 8.167200544013076069e+01 8.252739585957620250e+01 6.577303952697890566e+01 6.039212303693878425e+01 6.618236850453121178e+01 7.325673085480730151e+01
9.815492808507623579e+01 8.984388433285154463e+01 8.273566661375359388e+01 7.637414139875335195e+01 6.520239365594682113e+01 4.516626711081513434e+01 6.257149974640753243e+01 6.901182936004744306e+01 8.266119221922419058e+01 9.401174163578191667e+01 8.792695858658953512e+01 6.782638064719191107e+01 6.932723130685660351e+01 7.152617296745604847e+01 9.162423938459868111e+01 8.331024314900787431e+01 7.498295140720129837e+01 7.491203855348375384e+01 6.463988800722353290e+01 5.288176842669506783e+01 3.326113163881282020e+01 5.290144187407951648e+01 5.852202363338101065e+01 5.397647994800460225e+01 3.709553331316859470e+01 3.571216752055502752e+01 5.548182164355343104e+01 6.438170901836318194e+01 7.593036752225235375e+01 8.159240365388819782e+01 8.167200544013076069e+01 8.997772129046647649e+01 9.408588175110612895e+01 8.577780811962308860e+01 6.935257856200318827e+01 7.673162707242198621e+01 8.617524251681656722e+01
8.135587897010051961e+01 6.973880852755364401e+01 6.261891659218382955e+01 5.626277403591637238e+01 5.048643150456117468e+01 4.735901614836053852e+01 6.741747770989340438e+01 7.714357757566361329e+01 7.873702575480301391e+01 1.010183213322905829e+02 9.624789340271672700e+01 8.204264214368713226e+01 8.942672554825900022e+01 9.162423938459868111e+01 9.132631562345125076e+01 8.300853683640909253e+01 8.034662211325353098e+01 7.202670722272370085e+01 6.444109126006279098e+01 5.441274947666969553e+01 3.444041453177248258e+01 5.442417619947356400e+01 6.560059760591583711e+01 4.486488591542423876e+01 5.870939144466628790e+01 5.548221593276023356e+01 3.686859884946214549e+01 5.676536095720700104e+01 6.587547704968916662e+01 7.799964704150745831e+01 8.424287897202076181e+01 8.280247770333325263e+01 9.111053223427946079e+01 9.765683957489432032e+01 8.088540170525288886e+01 9.674307899264296395e+01 1.050638975852330645e+02
9.815492808507623579e+01 8.984388433285154463e+01 7.817017803693033784e+01 5.805803092048260794e+01 7.056850095097813380e+01 6.741747770989340438e+01 5.052456480246245718e+01 5.766497487947259515e+01 7.798267975002264052e+01 8.832820822060263311e+01 9.663287214553048443e+01 1.021329551483392066e+02 9.738069078619781749e+01 8.578687452697245419e+01 7.746923631181411452e+01 6.291711954671276175e+01 7.202662710016218739e+01 5.196501075392384195e+01 5.612841216101034547e+01 3.612548462185213083e+01 5.443785611293819926e+01 6.274890966820924376e+01 7.143238940433461437e+01 5.109178299064769391e+01 7.143264284708131129e+01 6.506039647457103570e+01 5.676535233720468199e+01 3.805194517833741230e+01 5.160333958333307436e+01 6.673653734708321394e+01 6.426405624546467266e+01 6.277966024349320406e+01 7.693680817426165675e+01 9.696345663281655902e+01 1.008996539380857200e+02 1.092274201554111670e+02 1.109161933502732040e+02
1.018504793275149325e+02 8.176685129583893286e+01 6.754114693366373956e+01 7.228304838772223206e+01 8.648805692405679224e+01 7.894184801905839777e+01 7.061392069685827266e+01 5.387283286566158580e+01 6.089824928476573973e+01 6.837969776023665247e+01 7.986359508618460268e+01 9.989108479542514374e+01 8.906334896703863535e+01 6.898175677951246598e+01 5.736886060528163966e+01 5.132772243936425127e+01 6.407608179224193634e+01 5.783921411848284322e+01 3.783409140859124875e+01 5.596571980387614786e+01 5.244581096193976322e+01 7.248778697937402171e+01 7.743767113628385346e+01 5.752124572607460351e+01 7.743767113628385346e+01 7.440268339666444319e+01 5.439007727622229993e+01 5.806245588661506218e+01 3.933616916606109015e+01 5.820943087648075931e+01 5.012118438523665276e+01 7.013893603395690945e+01 8.605877863487042134e+01 9.438061973092534629e+01 1.044288356885508620e+02 1.019405717441297838e+02 9.361150862845271092e+01
