MOVIE_S4_data/elevation_000243.asc
nrows	100
cellsize	150.0
xllcorner	0
ncols	100
yllcorner	0
NODATA_value	-9999
[rows 0 to 16 of 100, columns 0 to 36 of 100]
2.082717056534231503e-01 8.373237514930613301e+00 1.837323751493043744e+01 3.251537313866089107e+01 5.251537313866018053e+01 6.260748259874755917e+01 6.260748259874755206e+01 7.126955544586800784e+01 8.080353652085752003e+01 7.234312565876517453e+01 7.952949797356413342e+01 7.289246877559149596e+01 6.920121238465208080e+01 7.709218012598654468e+01 7.631604266109823698e+01 6.809430740557759520e+01 7.631604266109823698e+01 8.190141396995612411e+01 7.361702178658796925e+01 8.190141396995612411e+01 8.322536437679856647e+01 9.151247729284995103e+01 9.438544210924771960e+01 8.610544918499989819e+01 8.869135619411595428e+01 9.697596687495293111e+01 1.030818925375119335e+02 9.466135461310381061e+01 1.030818925375119335e+02 1.058833724171714863e+02 9.750386458449226268e+01 9.457340304676442599e+01 1.029928307417057454e+02 9.669022640787919443e+01 1.038576841714024823e+02 1.122964365018919182e+02 1.224911577512895775e+02
2.038130619680232347e-01 2.020381306196766857e+01 3.665750876239150813e+01 4.665750876239133049e+01 5.629452087014764317e+01 4.131948629442728560e+01 4.131948629442727849e+01 6.260748259874755206e+01 6.888182554412971115e+01 4.996334745216456241e+01 6.795888991478592800e+01 5.517342071343033894e+01 4.951790262420593081e+01 6.583502878712053530e+01 6.634305784030449615e+01 4.810818187928328626e+01 6.634305784030449615e+01 7.188178659424859518e+01 5.356162812065544188e+01 6.910202987006509545e+01 6.325195317144414986e+01 8.322536437679856647e+01 8.017819340443763565e+01 6.613217302569556466e+01 6.872621973679112273e+01 8.869135619411595428e+01 9.296506208502427171e+01 7.446717486923775198e+01 9.296506208502427171e+01 9.422515980490109655e+01 7.732670020422985147e+01 7.440492971765908692e+01 8.767129768350068275e+01 7.652328869594322214e+01 8.358505221758062476e+01 9.365613164026717641e+01 1.140592367025377172e+02
1.945267862640465417e-01 1.019452678626526598e+01 2.433666242501842802e+01 4.433667208259394954e+01 4.755459605408855595e+01 2.630549225939970270e+01 4.755459605408855595e+01 6.183280640300340281e+01 5.978968577551308528e+01 3.788931546933536509e+01 5.937651679150837225e+01 4.718248155954668732e+01 3.751086579012127231e+01 5.738388014415370719e+01 5.809962554757570530e+01 3.807140222051257439e+01 5.809962554757570530e+01 5.202119336552418360e+01 4.355273329439430796e+01 4.910737638017195650e+01 6.910202987006509545e+01 7.429287561833582743e+01 6.012740360532762907e+01 5.446669636213127319e+01 6.872621973679112273e+01 8.869135619411595428e+01 8.456426474117083103e+01 6.436994464997594889e+01 8.456426474117083103e+01 8.520610298095405710e+01 6.569539569059797657e+01 6.274781149317965401e+01 6.755206354945558189e+01 8.174587529196161029e+01 1.019765327839431848e+02 1.122964365018919182e+02 1.224911577512895775e+02
1.884163169627051937e-01 2.018841631696234984e+01 3.847882723124129711e+01 4.130702623122422779e+01 3.295891740875956089e+01 1.999677926416730500e+01 3.184116534989428615e+01 5.312089990478288826e+01 5.150556404103993913e+01 3.046334633912952938e+01 5.150556404079353712e+01 4.948961021245433756e+01 3.012741828227616381e+01 4.161570811756766375e+01 4.972039836852150074e+01 3.155925476146880015e+01 4.538779852965819828e+01 3.233683570428470944e+01 3.860711057421190873e+01 5.841443802343018632e+01 6.738973628611424260e+01 5.908201419230022822e+01 4.583050300323043302e+01 6.600014396934088268e+01 8.285109330587205534e+01 8.671082295655521932e+01 7.783282471077245646e+01 5.755983167400376743e+01 7.783282471077245646e+01 7.684432923582193098e+01 5.654999480598409178e+01 7.684432923582193098e+01 8.767129768350068275e+01 8.395559913846052780e+01 9.823947862362243200e+01 1.186045169385157010e+02 1.156681060706681166e+02
1.898839224935668091e-01 1.451558934688783253e+01 3.529968826224989442e+01 3.279342284629279192e+01 1.292959564294461217e+01 3.259109535385810119e+01 4.578347326086462488e+01 5.340658909710504787e+01 4.508157631397795484e+01 2.457404039550355179e+01 3.715781534041684608e+01 3.419364847875701230e+01 3.534393680627793799e+01 2.185071895303924094e+01 3.778771613755318981e+01 2.563154250035211490e+01 2.631864179161686224e+01 4.538779852965819828e+01 5.370458388330225574e+01 5.937944772239355729e+01 5.301405563361565498e+01 3.895687240971770393e+01 5.908201419230022822e+01 7.429287561833582743e+01 8.078384083681923755e+01 6.645113087139469599e+01 7.198051571724353437e+01 5.164457707590084823e+01 7.198051571724353437e+01 6.818943118864235942e+01 5.284893550407026908e+01 7.319935917111845924e+01 8.616371938102098227e+01 8.785923879400253611e+01 1.081339205344372658e+02 1.216220350516778694e+02 1.014007404636266045e+02
1.812560074098455432e-01 2.018057227015439636e+01 2.968514013580609046e+01 2.346149470674767912e+01 8.681751017257036906e+00 2.708551369407586051e+01 2.712506672438402333e+01 4.235448635031997355e+01 5.208531529135840543e+01 3.715781534044609913e+01 1.721803101834165162e+01 1.416756704162358105e+01 1.534947339266130406e+01 1.654163315912544618e+01 1.776876504084395236e+01 2.137790317299216625e+01 3.942793926879777899e+01 4.225940655622138564e+01 2.939793850671407327e+01 4.688766661722169005e+01 3.296040718824555427e+01 5.301405563361565498e+01 6.738973628611424260e+01 6.715300937851741025e+01 7.238505729811981837e+01 5.206983459801115544e+01 5.953658231685538027e+01 4.638430993242857880e+01 6.426650896280929715e+01 4.780532935656184179e+01 5.250341297758586023e+01 5.750149096753395384e+01 6.769463597943712330e+01 8.785923879400253611e+01 1.068861949291749198e+02 1.146048699967470128e+02 1.045046093575065242e+02
1.855941142937577448e-01 1.902953692139441699e+01 2.176202630117551706e+01 3.457771451705868859e+00 4.424453992776179234e+00 2.402203444338103466e+01 1.575344917485634078e+01 3.131689729284229173e+01 3.866820653398767149e+01 3.092047639191930841e+01 1.250193012768345646e+01 3.252948374119100805e+01 2.688812227830768364e+01 3.661633797030022919e+01 3.356475449103439956e+01 1.961433222930442000e+01 2.091064957772076482e+01 2.221443162543289418e+01 2.352376851116319756e+01 2.729747975343305200e+01 4.740941521391146551e+01 4.925889969988644879e+01 5.102313611759165468e+01 4.686678717423162510e+01 5.462391530102990345e+01 5.663816942791614650e+01 3.924769210519776408e+01 4.155761246933883513e+01 4.390716926882360838e+01 6.426650896280929715e+01 7.285941931964637774e+01 7.777693738671987944e+01 6.663189553909772656e+01 7.825289386838944949e+01 9.846010348099471798e+01 1.062563404923915584e+02 8.603700108371621980e+01
1.797113411273130179e-01 1.137173360151246593e+00 2.095307268682506496e+00 2.212095929549422735e+01 2.423086204310504499e+01 5.831384230753879017e+00 6.829778361903095174e+00 2.524251765469783493e+01 2.919625559048403218e+01 1.089429703395999027e+01 3.090029976029409298e+01 4.080878674104155124e+01 4.696354557002956653e+01 5.522307501408319297e+01 5.116892214551393891e+01 4.565266133721210196e+01 2.816671295935579522e+01 4.225862845158960113e+01 4.363403542662431533e+01 2.558503119403531301e+01 2.731234782214163204e+01 2.906242597177190845e+01 3.083052736349308631e+01 3.260957752301786883e+01 3.440812893825730612e+01 3.639516595164268153e+01 5.663816943058629505e+01 6.188362847857844429e+01 5.832207966513865927e+01 5.161001876859138093e+01 6.602975047622120996e+01 8.626634396243684932e+01 8.679346562776460416e+01 7.936238017707216841e+01 9.958057398435983032e+01 1.146048574969370861e+02 1.045045597675714646e+02
1.682297228869525374e-01 2.008679170617508802e+01 2.227746622271967070e+01 3.098914221494020538e+01 3.414051108795742806e+01 2.620035334443534936e+01 2.709209683141889613e+01 8.257486866958680949e+00 9.297897946550397918e+00 1.207443032594581744e+01 3.204066359261839381e+01 3.923505715551825546e+01 4.255250954018881515e+01 4.601071337415937990e+01 5.423707905302060084e+01 5.638768834913916095e+01 4.218006394114297564e+01 4.438004176828278702e+01 5.371034954638194137e+01 3.563188708113403180e+01 3.003136182904783524e+01 4.918242391234710453e+01 5.102313611747639754e+01 5.280848409349934514e+01 5.462391530102990345e+01 4.074048906441360174e+01 6.074628717144593537e+01 7.616909110224638368e+01 7.861762610055244238e+01 6.602975047621301030e+01 6.125634421871104252e+01 7.295907723727837890e+01 9.316650125915482761e+01 9.362205071488894248e+01 1.080069006704910635e+02 1.116281671217027878e+02 1.032811985159699333e+02
1.736477300190079065e-01 1.017386637195295052e+01 2.432536209050118359e+01 4.441890180535636290e+01 4.943967479175343271e+01 2.872646899725821257e+01 1.442403128222351327e+01 2.852562918161653371e+01 2.344207142124648868e+01 3.204069636223248096e+01 1.609385957375770815e+01 1.939341158444691970e+01 2.276436321471065227e+01 2.627271470079297799e+01 4.601071337416002649e+01 5.950165108911868828e+01 6.229896710654846004e+01 5.860242753144837735e+01 5.535730239762427374e+01 5.535715700965864272e+01 5.008670115157588754e+01 3.458094843929132622e+01 5.459552642761014596e+01 6.762636080026884144e+01 6.908976469373915563e+01 6.074628717144593537e+01 4.785176636306868403e+01 6.779853479345565859e+01 8.471128113604746090e+01 8.626634394789634541e+01 7.295907723727837890e+01 8.149973956049548462e+01 1.015814825826067818e+02 1.139657216732321530e+02 1.100662568422177685e+02 9.997288433461379498e+01 8.307876917173507536e+01
1.635824339929259352e-01 2.014956306294290656e+01 3.837677946459781708e+01 4.361467073753280488e+01 5.221768203913523365e+01 3.960151307072529647e+01 1.913557230769374584e+01 3.960151307072529647e+01 4.351062369385713424e+01 4.426875761418533983e+01 3.599838963476130971e+01 2.495279545344591554e+01 4.255250954018881515e+01 4.601071337416002649e+01 3.164880637400922581e+01 5.130502389414664322e+01 6.542853558330160979e+01 7.865204868743541056e+01 7.485118429312218780e+01 7.078378297376835349e+01 5.095729879208862201e+01 5.450210192081863170e+01 3.950800814765742075e+01 5.369508437706327442e+01 7.345224694664946696e+01 7.616909861405703452e+01 6.779853479345565859e+01 5.638006682121238100e+01 6.625479044389624050e+01 8.033435656615040443e+01 9.316650125915482761e+01 1.015814825826067818e+02 1.101678494093107901e+02 1.160155142256067222e+02 9.579401107378245683e+01 8.151788826154341905e+01 7.146561257464141192e+01
1.578132703760624089e-01 2.015781327037570847e+01 2.888646215952331886e+01 2.321763945814013397e+01 4.362355871739273283e+01 4.817260952871886559e+01 3.351203170243283580e+01 2.734301572477755471e+01 4.190223287664917251e+01 6.270471093302970900e+01 5.161085704787478790e+01 3.158167502548841910e+01 5.161085704787478790e+01 5.950165108911868828e+01 4.402762600644402369e+01 3.785449926921840813e+01 5.728297051401563778e+01 7.092241674644553484e+01 7.907685867329381324e+01 7.888674302953018014e+01 6.737645850103716327e+01 4.767586034074240331e+01 5.948182331669003986e+01 4.660866159964934496e+01 6.652258750257814768e+01 8.266762231293044749e+01 8.471128113604746090e+01 6.778831624772578834e+01 8.471128113604746090e+01 9.480547107796969897e+01 1.092765855897891925e+02 1.101698011205719467e+02 1.019255583714881510e+02 1.101698011205719467e+02 1.035788893204044570e+02 9.349447669068752020e+01 8.211771410001938420e+01
1.543728846943814847e-01 4.518886902613117762e+00 8.992339894979339832e+00 2.316900276049701191e+01 4.303504229392324021e+01 5.405920485045187718e+01 5.430282157787517150e+01 4.799513763387869147e+01 3.756890695095567878e+01 5.828858561720758757e+01 5.986939167801820361e+01 4.159428143517042287e+01 5.986939167801820361e+01 7.323595020800662780e+01 6.475935955042746173e+01 4.827397209831278246e+01 4.529685813347385448e+01 5.133084634844880156e+01 6.517501154636435956e+01 8.479788032893524985e+01 7.340179114708492136e+01 5.398172116316472824e+01 7.340179114708492136e+01 6.078151756967663033e+01 5.484526946063266450e+01 6.636319725695943816e+01 8.580220087758389980e+01 8.789592135858224253e+01 9.638639989563043287e+01 9.870560416360757472e+01 1.070579908440190025e+02 1.001331517663307125e+02 8.178186984546987048e+01 1.001331517663307125e+02 9.522514717742637913e+01 7.505586315283281351e+01 6.503243843358146137e+01
1.561752203313827581e-01 2.015617522033102915e+01 2.901865536982775140e+01 1.755738443161897067e+01 2.520969932823658510e+01 3.704868936409615543e+01 5.748470861731602355e+01 6.670315032533217448e+01 4.851237300568068633e+01 6.049508955540096622e+01 6.986438135822461959e+01 6.162743266057914582e+01 6.986438135822461959e+01 8.161429595439641105e+01 6.768954054377067564e+01 6.567691716995147999e+01 5.775521934603862206e+01 7.092241674644553484e+01 6.517501154636435956e+01 8.479788032893526406e+01 8.038903218111263982e+01 6.139920457693731493e+01 8.038903218111263982e+01 8.038275639712129816e+01 6.244225165402808386e+01 8.195507131350021268e+01 9.391601171295987172e+01 1.007988663822654161e+02 9.528027879338883110e+01 7.820860598254645879e+01 9.528027879338883110e+01 9.185371410847891127e+01 7.165616828089734724e+01 9.185371410847440643e+01 1.035788892916130948e+02 9.271482280476008953e+01 7.256739279358633610e+01
1.531247021631862160e-01 1.156695543937460080e+01 2.955468022231175240e+01 2.946806167763643458e+01 4.562975861407284128e+01 5.405920485045194823e+01 6.579472458837977911e+01 7.831034667967240637e+01 6.990871452633659544e+01 7.711305872965104413e+01 7.552346507641814810e+01 6.349521637235305604e+01 5.230566885469945504e+01 6.422188653527615543e+01 7.839772581851391919e+01 7.072740664241622710e+01 7.573700047938056912e+01 8.434285681423257586e+01 8.479788032893526406e+01 9.297870580022348008e+01 8.826179973088292741e+01 7.416611876703721862e+01 8.826179973088292741e+01 9.005824508451119925e+01 7.379593921645754051e+01 9.005824508467760836e+01 1.007988663822654161e+02 8.036564969341155518e+01 8.411521481846092740e+01 6.632345091367140810e+01 8.687165674619258482e+01 8.512119883261711095e+01 6.491807517731028554e+01 7.921990670942095392e+01 9.936817831174320759e+01 9.271482280476008953e+01 7.256739279358633610e+01
1.422398637851068903e-01 2.014223986378475217e+01 3.893868983138162321e+01 5.053741873172408816e+01 5.905852495246486455e+01 6.704617715880074513e+01 7.118619917871387770e+01 7.407012978791395597e+01 7.697841784742247739e+01 6.935534521657126561e+01 6.558324417762187863e+01 4.087802564137889050e+01 3.477365905326666962e+01 5.378774089728470642e+01 6.418714053689525656e+01 4.595319570683373200e+01 5.692828129678066773e+01 6.575115683739684869e+01 7.750061280997668689e+01 8.517305103641363928e+01 8.256154693660343469e+01 8.938086396908688869e+01 9.971096569585473901e+01 1.012868304410776688e+02 9.310578573429928895e+01 9.701996846701209165e+01 8.829311241426540846e+01 8.411142945504985846e+01 6.366092678639680003e+01 5.870712160754196418e+01 7.910516495741862286e+01 7.951786050459442379e+01 5.932231767644746867e+01 7.361026685847100737e+01 9.378005320605453221e+01 1.010658882815756812e+02 9.271482280476008953e+01
1.377665891220937744e-01 1.427990221285316963e+01 3.427990221285387662e+01 5.306225319448110156e+01 5.101601631532530945e+01 4.979056424396911495e+01 4.934200754222121077e+01 5.383644675151532510e+01 6.693405585027582561e+01 5.152333962799276890e+01 6.301552618306031661e+01 4.022607119715512880e+01 2.370601896219577043e+01 4.521552122495702264e+01 5.395095200907647381e+01 3.375114152188250927e+01 3.676539777385651320e+01 4.872044092185993946e+01 6.911491455040139442e+01 6.343157479281613575e+01 5.800142588484988693e+01 7.592671097129283453e+01 8.804254287980990057e+01 1.042477931062114749e+02 1.043992365749850819e+02 8.220286831607282352e+01 6.701673141055866267e+01 7.472011708121777929e+01 7.229433006755313329e+01 5.210664943856317421e+01 7.230581717412640330e+01 7.461972190182251552e+01 5.443589772065899268e+01 7.461972190182251552e+01 9.006671341872922198e+01 1.039678875695236826e+02 9.561334053879512851e+01
