MOVIE_S4_data/elevation_000114.asc
nrows	100
cellsize	150.0
xllcorner	0
ncols	100
yllcorner	0
NODATA_value	-9999
[rows 51 to 67 of 100, columns 37 to 73 of 100]
7.053924054649237974e+01 6.752687175362493122e+01 5.501192590598472520e+01 3.794604872237621151e+01 4.202645735463229926e+01 2.420964574940861880e+01 4.217160421857969510e+01 4.491233876101509992e+01 4.310082571728379719e+01 2.595115543872736907e+01 4.005961921511482160e+01 2.695033530203433614e+01 2.731151355469426534e+01 2.768217084843517029e+01 2.806430454421973764e+01 3.930134797659978574e+01 4.414617977517092839e+01 5.192414491797015330e+01 4.739898458307380480e+01 3.052549281756596855e+01 3.097111562967751652e+01 3.141833611580580055e+01 3.186727900722131679e+01 4.242467834852854480e+01 4.623065885272131226e+01 3.350226518587470537e+01 3.399736220268219711e+01 4.163892015618520759e+01 5.427094519154580610e+01 4.185988211526080960e+01 5.528723563205869596e+01 3.658603273250832189e+01 5.284786158357695740e+01 6.086047083060451257e+01 6.337661729796361954e+01 5.789331608557417042e+01 7.842214978415604776e+01
6.099366336360009910e+01 5.841644731981669025e+01 3.820633317227296999e+01 2.623979834422420154e+01 2.367946918650829602e+01 4.353571836054877764e+01 3.790955528292068522e+01 5.567660695552167027e+01 5.372065429292864991e+01 2.713331197009656037e+01 2.644755827987303221e+01 2.960020003933561838e+01 4.684758297924179260e+01 4.764103255586029917e+01 4.181875086012988163e+01 2.863191096194127994e+01 2.904424445355176232e+01 2.946801067568694421e+01 2.990081058796095448e+01 4.473704792936124619e+01 5.201382702513043199e+01 3.534478025462233575e+01 4.913953490641136312e+01 3.250543591212063887e+01 3.295342969098491182e+01 3.350780554882368989e+01 4.637952967317954744e+01 3.463233479237730705e+01 3.505848987485592971e+01 3.547857713184983908e+01 3.589274574116981142e+01 3.654544395240171184e+01 5.593634793795484228e+01 6.522521729780693533e+01 7.932849838536947118e+01 7.845690956256173365e+01 8.613343679272259124e+01
5.294024050287884364e+01 6.298104228798237614e+01 5.256454487114616825e+01 3.636802142035939056e+01 2.330195514542689494e+01 4.222512011167030010e+01 5.562916590761122393e+01 6.309008802356757428e+01 5.953933623687300525e+01 3.711507667735433103e+01 4.799104823247159857e+01 4.790002272558889018e+01 3.385996552105450519e+01 5.308476297809284716e+01 5.798633702224433506e+01 4.914364502708725979e+01 3.434632857303721920e+01 3.932124268547396895e+01 3.495851581927103524e+01 5.452874750264364678e+01 4.057736800677282218e+01 5.578878710374084449e+01 6.204095830869659522e+01 6.018272061739069301e+01 5.444834476489121045e+01 3.399758265882579877e+01 5.441118600822513685e+01 4.496108038939399165e+01 5.451317578362387195e+01 5.503207609347788321e+01 3.843864883527901810e+01 5.586427313038105780e+01 3.744561648858383052e+01 5.100349099102609074e+01 6.606375118708267280e+01 7.645468168832087485e+01 7.232283344993153662e+01
3.665903870584548940e+01 5.551358590114275415e+01 5.045390518216412801e+01 4.215357023826814498e+01 2.292533844686700206e+01 3.286967053585638610e+01 4.668162581844251235e+01 6.731721827322733986e+01 6.860449821846822260e+01 5.044755184894790290e+01 6.859034883752603662e+01 6.183194055840107239e+01 5.319645736858662133e+01 3.893926133440177750e+01 5.911374811363167225e+01 5.608205709413960705e+01 3.905359156375409668e+01 5.269695261592260493e+01 5.709786215627216421e+01 6.329058358782671689e+01 4.557016425823051975e+01 4.767457807970470185e+01 6.661367849565695565e+01 6.236649242518497971e+01 4.104856732031371536e+01 5.621321354060655295e+01 6.492801570717094251e+01 5.891745962007746584e+01 6.697668356376418330e+01 6.071318319319246370e+01 4.130158902134474630e+01 6.071264732676310416e+01 5.680376248892876845e+01 3.832777222604583045e+01 5.772450981467220288e+01 5.738535990126118946e+01 5.965105938426049903e+01
3.970162292540755544e+01 4.136486832760036947e+01 4.173958868474068140e+01 2.239564882427572456e+01 3.288142736876226024e+01 4.744087333129786543e+01 6.054914690952039535e+01 7.046858198019829445e+01 7.899149819331589129e+01 7.250803095698486800e+01 8.116022749979158846e+01 7.309506698482057629e+01 5.301263869726258804e+01 4.348645838952462839e+01 6.413660891211723936e+01 6.117480743258606424e+01 4.353769633793467619e+01 6.117480743601409188e+01 7.247497980999094125e+01 5.311283164476886043e+01 6.421893209695878113e+01 6.661367852150245028e+01 5.575547237835108660e+01 7.129674304942443541e+01 6.236649266264281266e+01 4.760992599601421205e+01 6.919089257583620167e+01 7.826239123619512839e+01 8.331385974322435573e+01 6.151664571620002420e+01 4.495316936597370017e+01 6.443736104284965904e+01 6.603632503678342403e+01 5.700952186006151123e+01 3.919676902130849783e+01 5.376694350141899292e+01 4.092920891738738476e+01
2.115147797813918018e+01 2.150994974948592287e+01 2.187344339294218187e+01 4.168105964420194454e+01 2.783180288642857292e+01 4.756072704598584977e+01 5.783784886809551296e+01 5.050780417225730901e+01 6.446846562122065905e+01 8.495401659687544793e+01 9.182896740491918308e+01 7.294574528695085291e+01 6.955232762673588809e+01 4.864009656294045669e+01 6.955485083334035323e+01 6.741437239500660894e+01 4.869567789211983211e+01 6.741437239500740475e+01 7.913089226446501812e+01 5.916315490105684916e+01 7.913089226446501812e+01 8.212560876651077990e+01 6.193992956921737658e+01 8.212560876651077990e+01 7.431707576944307903e+01 5.256944101687464155e+01 6.792794047326997031e+01 8.973532748530770675e+01 8.283364978963369651e+01 6.244519653809918935e+01 4.892176510782732635e+01 6.841683623755804433e+01 7.825104284405904309e+01 6.198706322401832125e+01 4.024108261376096607e+01 4.005092106242123862e+01 5.961445276386653802e+01
3.523890334071729313e+01 4.131417529721892379e+01 2.182705408595646546e+01 4.407219839124534388e+01 4.755981665449328943e+01 3.360903432009435221e+01 3.826743545917376110e+01 4.790593680100945306e+01 5.917205526504893243e+01 7.951016720713680286e+01 9.310295684216578138e+01 7.213105130387083364e+01 5.991821286015181158e+01 5.918151454496339881e+01 7.801473824033556070e+01 7.601310179351830243e+01 5.742580365029312617e+01 7.601310179353895080e+01 8.776814569038329239e+01 6.879912497519224246e+01 8.776814569036385194e+01 9.076368881762908813e+01 7.172763303830826942e+01 9.076368881762908813e+01 8.014103970534915788e+01 5.834976202498008746e+01 8.014103970534915788e+01 9.021056204227987507e+01 6.936930806292052409e+01 5.552130223835589362e+01 5.985998025020622748e+01 7.702495324506359964e+01 6.984557023107795715e+01 4.917033656906139072e+01 6.200235640510978641e+01 6.256875319556480264e+01 6.746013355638058329e+01
5.535065746062710446e+01 5.280179514252105122e+01 4.439290653159825695e+01 3.514609290789789497e+01 5.476157289518541660e+01 4.234848236575158609e+01 5.783654656482794820e+01 4.939906915627769735e+01 6.921976660858484820e+01 8.807741821756934542e+01 1.018830483398290312e+02 8.926336385790678207e+01 7.476906491998077797e+01 7.397484832001461541e+01 8.831500706295683756e+01 8.617882905441020114e+01 7.740294182009343160e+01 8.617887929570756000e+01 9.814264763489289578e+01 8.946265955378012791e+01 9.814264760150560107e+01 1.011748534202744736e+02 9.252358449471677204e+01 1.011748534369511532e+02 8.838763489574184007e+01 6.657542958339134032e+01 7.374804335346364326e+01 9.557509820254158228e+01 8.111633199634010793e+01 6.075777903828253557e+01 8.010571889194456219e+01 8.886703263416627863e+01 7.618461262471141993e+01 5.516038747494084760e+01 7.618461262471141993e+01 7.371855086253223988e+01 5.397287407449162799e+01
6.328208039421263464e+01 6.639404738430221187e+01 6.319812443053576345e+01 4.633828036071511747e+01 6.319739708635820108e+01 5.369577297925876280e+01 7.101514866818898497e+01 6.061694262338582462e+01 7.781561916879668672e+01 9.171633489264435468e+01 8.329254152888815099e+01 9.172293440070897930e+01 9.531897407306597358e+01 9.430081460915759806e+01 9.219952277204357927e+01 8.717993886669457027e+01 9.585829835992255710e+01 8.901888462263516999e+01 9.772801157514732040e+01 9.762252655894052111e+01 8.887516044137213100e+01 8.887516044131157855e+01 9.762252643785528505e+01 1.098411767786792552e+02 9.734852142418843357e+01 7.745352704957925027e+01 9.557509820251672750e+01 1.044752276975425076e+02 8.991231145012427817e+01 7.222092529291926155e+01 7.133590430045526887e+01 9.234750498030668098e+01 8.378145807044519700e+01 6.229433434935766201e+01 8.378145807044519700e+01 7.844480168105580731e+01 5.839301766103801583e+01
4.398011774513510375e+01 4.636291107127674138e+01 6.639403156340067369e+01 6.627400634481668362e+01 7.483169404349573028e+01 7.520684224695119724e+01 8.427466593356756164e+01 8.070937891133580422e+01 8.944627829010937603e+01 8.168988854074753192e+01 6.335402642140359575e+01 8.169025016084336244e+01 1.002001227688588187e+02 9.219952277277421615e+01 7.145292351513266738e+01 6.653399276159504439e+01 8.388671367282422864e+01 6.827794123672123305e+01 8.570507947521484482e+01 8.543335491252804559e+01 6.776527576674233444e+01 6.776527576674234865e+01 7.991171810431559663e+01 1.011194503790056984e+02 1.082294571872349991e+02 9.932492896087683221e+01 1.082294545242867656e+02 1.071959261481435419e+02 1.021175641985940672e+02 9.326768353686610169e+01 8.161897359030730570e+01 1.011998038428150153e+02 9.272261885788627467e+01 7.458144423762279018e+01 9.272261885779292356e+01 8.370216609042995515e+01 6.334048128257436616e+01
2.934583467617017405e+01 5.003751455612692212e+01 6.786325127694925641e+01 6.620648688987023434e+01 7.464255767735686220e+01 7.395018976546488432e+01 7.414098638939806563e+01 9.408138742219250616e+01 8.537759912259939199e+01 7.326054759342753187e+01 5.332911143086166561e+01 7.332263886497290173e+01 7.933701583756089804e+01 9.409854415768997171e+01 7.525999655519694898e+01 5.507246697763194732e+01 7.525120994060938528e+01 5.675134400303217319e+01 7.654532397162724067e+01 7.668736284189679964e+01 5.579206987794129446e+01 7.668736284189679964e+01 8.704024433970711527e+01 9.759726602926271255e+01 1.076898987019634149e+02 9.860759764224792434e+01 8.986230870684624961e+01 8.596666708699650883e+01 1.071959261464091639e+02 1.119089153714693481e+02 1.030760363715229886e+02 1.119089159538635130e+02 1.052381781297554539e+02 9.634891068175697626e+01 1.010510779209543415e+02 7.980308713720134506e+01 6.982162435558458924e+01
2.545011343091565337e+01 3.962481540774845001e+01 5.441821395551703233e+01 4.644818866528767387e+01 6.169118267281429979e+01 5.437653410563670064e+01 7.414519548473002430e+01 8.085008856990654635e+01 7.694328009401998258e+01 5.703667003659688106e+01 4.688407704049742364e+01 6.664277721437260027e+01 6.494699234032495383e+01 8.379212071040504384e+01 6.886574248043540081e+01 4.905818044677906187e+01 6.777069115921908349e+01 4.851126925628887676e+01 6.683386802310006658e+01 6.470397431743413108e+01 5.036852189238022959e+01 5.736020388203854736e+01 6.773757358463862488e+01 8.884815614520339011e+01 9.898331450934837505e+01 7.799714471578005259e+01 6.889964751515968544e+01 8.982726911186720997e+01 1.016288921480922198e+02 1.120810178756297830e+02 1.093341807651256232e+02 1.006052016848914690e+02 1.017865619117343812e+02 1.105048935050253363e+02 1.099403771303859116e+02 9.954692334584859736e+01 7.882332152017738736e+01
4.459272405139432038e+01 2.610529707440114677e+01 4.610679609322568950e+01 3.511254684823374106e+01 4.210921108383302425e+01 6.169106586435863449e+01 6.380805737360032737e+01 6.064613557688126377e+01 6.058651354705280312e+01 5.445627927521606892e+01 4.147245077855218653e+01 6.068471107633483541e+01 5.509886927721404959e+01 6.359349191740878382e+01 6.316884777443284804e+01 4.364222216695576861e+01 5.583872009921868340e+01 4.265053139600539822e+01 5.825245074515787280e+01 4.505637272871511811e+01 6.470254769899283076e+01 7.829286453986325967e+01 8.704024428889397313e+01 9.759724874840986786e+01 9.372300957857645187e+01 8.184817862640177566e+01 6.109599988589847186e+01 7.202168765627092739e+01 9.292512912234009548e+01 9.072545352296847909e+01 9.703194665889938619e+01 7.919998450860734351e+01 8.037846689119642463e+01 9.552195877336370700e+01 1.169106517728548482e+02 1.091310774010765527e+02 9.383169516693567402e+01
4.184833242765461137e+01 4.520901416578476528e+01 2.676478816916385028e+01 4.678117591929265018e+01 5.565527852376660434e+01 5.154180393734929311e+01 4.359528117300977357e+01 4.983550556602762782e+01 4.070796992720040919e+01 3.536606881595765373e+01 4.779985951769105412e+01 6.519178630316807244e+01 6.359208245479311472e+01 4.401694552716504205e+01 5.441492374024384304e+01 5.300502872618797312e+01 3.643328800247110877e+01 3.704922530007221582e+01 5.643269390877943437e+01 4.188429885655784091e+01 6.126893498544850303e+01 8.057046949364152510e+01 9.166792624320963512e+01 8.761689292765643700e+01 7.273715688465964035e+01 7.585754063574887596e+01 5.510334430006014372e+01 6.974374705065149271e+01 9.061706802644403069e+01 7.571167970090283461e+01 7.961455406216117581e+01 6.710206617590426958e+01 8.197720786726674191e+01 1.033832545631715476e+02 1.039760767109624595e+02 1.126426952429188191e+02 1.155891365645743889e+02
5.944524036163173975e+01 5.480454240148362999e+01 4.676661400393740564e+01 2.743824625159456687e+01 4.743603296328015517e+01 2.886320587993430919e+01 2.938426653841560920e+01 2.991450984667981317e+01 3.045396575326587296e+01 3.100152022242689753e+01 4.962233084951874673e+01 5.838640225068088085e+01 6.115948645161306985e+01 5.035082593525895334e+01 3.492767522322861851e+01 3.555724329547544471e+01 5.500430538275664105e+01 5.539354541891747630e+01 3.791287004359156754e+01 3.851986324440068188e+01 5.202584102396821919e+01 6.717318811975685833e+01 7.089002852550534328e+01 7.089002852959525569e+01 5.845186181085698252e+01 6.476930853871579075e+01 5.039008941841343159e+01 7.109466302884096933e+01 8.180318099761566941e+01 7.307230094747528426e+01 5.892613319041551989e+01 7.338904080752479331e+01 9.464427259423776206e+01 1.005264481049369323e+02 8.296407215740597962e+01 1.005264481049369323e+02 1.125990361544047431e+02
6.919637077583647056e+01 6.004486225224187734e+01 4.829021584228944874e+01 2.910001341687991072e+01 2.813771868340521465e+01 3.119989270947477067e+01 4.852078111581633380e+01 4.981127351360379407e+01 4.337833704352040343e+01 5.041026770204369711e+01 3.178553116370338572e+01 5.011679734288701127e+01 5.270265773121585795e+01 3.402952398861135919e+01 5.358384924253733317e+01 4.382906087159108921e+01 6.125560257965595667e+01 5.356188413362476552e+01 5.727824955301335308e+01 5.507328486408002988e+01 3.938462412351702113e+01 5.873707427548526994e+01 6.073851245102856211e+01 5.084425920167160484e+01 5.748282611532174258e+01 4.564284751852297006e+01 4.554152496035026587e+01 7.572497023298319618e+01 6.729502269829998795e+01 5.264653782439750529e+01 7.307230094747328053e+01 8.839193442653876787e+01 8.943841806774081249e+01 8.080448910044884769e+01 7.119027809690159359e+01 9.184479022575298757e+01 9.155845862425911719e+01
5.457396569749744231e+01 4.039997038561383391e+01 3.277778420186076147e+01 4.884812655961593464e+01 4.332766368452705308e+01 4.454727487841057609e+01 3.553058830853483840e+01 5.409505798251634445e+01 6.007550764744224381e+01 5.866935445462234355e+01 4.142409166823460254e+01 3.256693419458348160e+01 3.311643803535898201e+01 3.814856224037204413e+01 6.028415803885915381e+01 6.214877617964753398e+01 7.083938721997165544e+01 6.748606020334355549e+01 7.362261281428837378e+01 5.327864276783297726e+01 5.567675258819930662e+01 4.024819222650898354e+01 4.085967083966465196e+01 4.147062321746359714e+01 4.207987968972111759e+01 4.268550377010824093e+01 6.210711677529452146e+01 6.397250644721579960e+01 4.476159682178788302e+01 6.729502268686538002e+01 8.180316897864604186e+01 8.051907812753657367e+01 7.187225876148896475e+01 5.985655212433363914e+01 8.080448910044884769e+01 8.709308336133220507e+01 7.844093374348433656e+01
