MOVIE_S4_data/elevation_000708.asc
nrows	100
cellsize	150.0
xllcorner	0
ncols	100
yllcorner	0
NODATA_value	-9999
[rows 0 to 16 of 100, columns 0 to 36 of 100]
2.082717056534231503e-01 1.435040732938449892e+01 3.435040732938520591e+01 4.387376974564251952e+01 4.707633282174281675e+01 5.040966615507609561e+01 5.394520006100842835e+01 5.512971455116238673e+01 6.341398579844399563e+01 6.736095854104219427e+01 6.390927259380890746e+01 7.219354384102186373e+01 8.374054922464134165e+01 8.701359324336624468e+01 7.855981723293666619e+01 7.588528710897070084e+01 8.435208097081549283e+01 8.165486595882124732e+01 8.165486595882124732e+01 9.009762660529499101e+01 1.079985976880079761e+02 9.963676945657377360e+01 9.012322020629339647e+01 8.172687824427545422e+01 8.409950370779394291e+01 7.569291718681371606e+01 7.833515255386387821e+01 8.673659080113483810e+01 9.472036254862588578e+01 8.588956810159689326e+01 8.370022875945591068e+01 9.169190975995491044e+01 9.301526092824191494e+01 8.886299404117457357e+01 9.421018843304820223e+01 9.312364018525697418e+01 8.555603857330147832e+01
2.038130619680232347e-01 2.020381306196766857e+01 3.801590536388751929e+01 2.387376974564181609e+01 2.707633282174353084e+01 3.040966615507680615e+01 3.394520006100923837e+01 3.512971455116309727e+01 4.805484512236978389e+01 4.736095854104399194e+01 4.390927259381013670e+01 5.545627797760224098e+01 7.545627797759929933e+01 7.855981723293666619e+01 5.774643500756987891e+01 5.502662603322248458e+01 7.238001412546803692e+01 6.091513583313008695e+01 6.091513583313008695e+01 8.165486595882124732e+01 9.626336553360293635e+01 7.925326689538863434e+01 8.172687824427529790e+01 6.156051977453103774e+01 6.746710941848006371e+01 5.568343285605483572e+01 5.826079192060814194e+01 7.833515255386387821e+01 8.588956810159689326e+01 6.536666369231421925e+01 6.279237668067877109e+01 7.976108035198217294e+01 7.521867744500657693e+01 7.002584742787382766e+01 7.554311993270439984e+01 7.412642057249794902e+01 7.415215099832083467e+01
1.945267862640465417e-01 2.019452678626361575e+01 2.541832319377326144e+01 9.731634121911115543e+00 1.293419719801283030e+01 1.626753053134610738e+01 1.980306443727878474e+01 2.358270916737099299e+01 2.805484512237049444e+01 3.321882291731353831e+01 5.321882291731282777e+01 7.219354384102186373e+01 7.798593105279184101e+01 6.946872789662808145e+01 6.384249704098347422e+01 4.261167175896225956e+01 5.704276396435014362e+01 4.588910467694408624e+01 6.091513583313009406e+01 8.165486596008838660e+01 8.222453571039110898e+01 6.735331344270410625e+01 8.172687824429196723e+01 6.156051977453103774e+01 4.779506786495510084e+01 4.461239388098131542e+01 6.414043602199758709e+01 7.740177104858835833e+01 8.508389800122661484e+01 7.137768322414986244e+01 5.130668951124320643e+01 7.137768268422429685e+01 7.554311993270439984e+01 5.622192044290345336e+01 6.593706495789864164e+01 7.166503106295907344e+01 5.456833519908109054e+01
1.884163169627051937e-01 2.792194536579176933e+00 5.418323193773616708e+00 1.174287851411032158e+01 1.930216797429473274e+01 3.626753053134539329e+01 3.980306443727807419e+01 3.358270916737063772e+01 3.960185050616259872e+01 5.321882291731282777e+01 4.954875453586748080e+01 6.954875453586438994e+01 6.946853395274288800e+01 4.835040982241738305e+01 5.453523048829148934e+01 3.555009506380654472e+01 3.547866319762371745e+01 5.704276396435014362e+01 6.881048408205980138e+01 7.613188016127053004e+01 6.162315638392842487e+01 5.804618546966925408e+01 7.869374605717524673e+01 7.161365519837183058e+01 5.763108864171687173e+01 3.828440234332968117e+01 4.929156552358727339e+01 6.902308907568877316e+01 7.078135201675220856e+01 5.647878929548181759e+01 4.528142899685673939e+01 6.528848623253242067e+01 7.953269199129853462e+01 6.028086851635356425e+01 4.650306525011404801e+01 5.233474568827174522e+01 6.033850379445964052e+01
1.898839224935668091e-01 2.018988392249321251e+01 2.541832319377326144e+01 2.541832319377326144e+01 3.174287851410900529e+01 3.084917335808704664e+01 5.084917335807203642e+01 4.512971455116274200e+01 5.960185050616165370e+01 6.788612175340954025e+01 6.954875453586438994e+01 7.198988179238224916e+01 6.946110719623655427e+01 4.835029983440963264e+01 3.285087019189701607e+01 2.876656147578031408e+01 2.898192701651709413e+01 4.921843256513815135e+01 4.778408653321695709e+01 5.911043213938265950e+01 4.672203677518162124e+01 6.765716068701296138e+01 7.742739616838507288e+01 5.741007986055360846e+01 4.373970646049678379e+01 3.416325755450375823e+01 5.350636126350915589e+01 6.943074644176515164e+01 6.073292618404784804e+01 4.236008591339736284e+01 3.964845434172995198e+01 5.971100320991050125e+01 7.123452900844802116e+01 6.928542743483674826e+01 4.980060177868169546e+01 3.871342093422688180e+01 5.161518068717873575e+01
1.812560074098455432e-01 2.018125600740949110e+01 4.001687074554706669e+01 4.541832319377023452e+01 5.174287851407516570e+01 5.084917335804910010e+01 4.717910497664099267e+01 6.512971455116132802e+01 7.341398579834459781e+01 7.508871645801990269e+01 6.648185030747724511e+01 5.302532255563045993e+01 6.648165871423969975e+01 6.315828516089666778e+01 4.431329432311974159e+01 2.247080340812927801e+01 2.292287472624428801e+01 2.733422022694972142e+01 3.223742977852076308e+01 3.773492151294833263e+01 5.301999096659167776e+01 7.381405781957013801e+01 7.364834516107994489e+01 6.300594041370610654e+01 4.985085826281165566e+01 3.047757675876113126e+01 4.160547369878842261e+01 6.111426304135001430e+01 5.235340306130781585e+01 3.207675945264644213e+01 4.622270448161587098e+01 4.254763287305260633e+01 6.272318144778816418e+01 7.717379374246347368e+01 6.351160048449565210e+01 4.515651990345921973e+01 3.237324056749069712e+01
1.855941142937577448e-01 1.173259949808617364e+01 3.173259949808581837e+01 4.548947233025632642e+01 5.372228853955164141e+01 6.517376843805122633e+01 6.717910497661485181e+01 7.546337622923030608e+01 6.956273166792574614e+01 5.607120391287766381e+01 5.793241684659579960e+01 3.944161946205327496e+01 5.793241684659579960e+01 5.503089702261481619e+01 3.343294458379048706e+01 1.830275410683491799e+01 3.975887380756670808e+01 4.921843872637823836e+01 5.394257579134882974e+01 5.911043213938265950e+01 5.867818561654693355e+01 6.867559968815264426e+01 6.505763820858639690e+01 4.672761661962267965e+01 3.574247066303343701e+01 2.709699667292208147e+01 4.210092796886912936e+01 4.911192840298588180e+01 5.736444974580221867e+01 4.622270454407730256e+01 2.566807704360398290e+01 4.622270454407730256e+01 5.601050768338507169e+01 6.349328195843907707e+01 6.700316997444082290e+01 5.628422307266329483e+01 4.594381285238014101e+01
1.797113411273130179e-01 2.017971134112695708e+01 3.411951838538206516e+01 2.579609453616211923e+01 3.712111239388127615e+01 5.692062881488069337e+01 5.157627423703822700e+01 6.010751659585928763e+01 5.996190648547368340e+01 4.240749730193218170e+01 5.002145808652899461e+01 3.005533879495602889e+01 5.002145808652899461e+01 5.235783869281259939e+01 3.077992769447515187e+01 1.607089154095530859e+01 3.349662216009295435e+01 4.227442379486898716e+01 5.375820893965305203e+01 5.373951221123180488e+01 3.599162292636546567e+01 5.375452298307349253e+01 5.093046173627107009e+01 4.109694988396827853e+01 4.307265888014971722e+01 4.121482291072747017e+01 2.274691032847848149e+01 2.965708140077436639e+01 4.602422057594925775e+01 4.239747198296685582e+01 2.169878335555608828e+01 4.142323172810878162e+01 4.004145194779398054e+01 5.507144028315232731e+01 4.780303546770427658e+01 3.038044739882393230e+01 4.375303873614152650e+01
1.682297228869525374e-01 2.016822972288659699e+01 1.449875731458063477e+01 2.783556634068851565e+01 4.648707159911830189e+01 4.907414554377522364e+01 3.308669875351719725e+01 4.907356211606399654e+01 5.202413995684017323e+01 3.200017424503034391e+01 4.132103371899550126e+01 2.258030399377431507e+01 4.370764056737133529e+01 5.056252396434175722e+01 4.148252580195157435e+01 3.345544051312156597e+01 1.314301610099950501e+01 2.433199187345194048e+01 4.524114260318099667e+01 4.424871964394620250e+01 2.531818957672324188e+01 4.197939851132115052e+01 3.721710627954765016e+01 1.938779700036376497e+01 9.808319179542566602e+00 3.534906362781636346e+01 3.787966724921550110e+01 1.851541773203948082e+01 3.784029224319110796e+01 3.947665315162343802e+01 1.792998511445060927e+01 2.738802985657993716e+01 4.009924636820100119e+01 3.363462336902340155e+01 3.274711076405448296e+01 1.698492492016383792e+01 3.365613259134990187e+01
1.736477300190079065e-01 5.694863725401611454e+00 1.957295787451787206e+01 3.886299386370586006e+01 4.943970372186379336e+01 4.089989371703734378e+01 2.420430293834210289e+01 4.089989372244069443e+01 4.716788255759774273e+01 4.132103371899550126e+01 1.965993699726034549e+01 1.525313885750996512e+01 3.760872141917388944e+01 3.947207841096819436e+01 1.848265126990575880e+01 2.774786984693902170e+01 1.122935621178455712e+01 3.127168566944657258e+01 5.096925440068376645e+01 3.711418822321875410e+01 1.916404745582689628e+01 2.884357849586094602e+01 1.009524728717944697e+01 6.325220487784087631e+00 6.661501157925184380e+00 2.728908606682010074e+01 3.466694205657759653e+01 1.565307101256721900e+01 3.140770383435397051e+01 3.282319879023366127e+01 1.448381059323311781e+01 3.151512441005843002e+01 3.103677569294559646e+01 1.061619831018277793e+01 1.095664147344384709e+01 1.496719209735875644e+01 1.460346097615695449e+01
1.635824339929259352e-01 2.016358243399256978e+01 2.995312772208960794e+01 3.683214536764473479e+01 2.753835756258252587e+01 3.365776218970577105e+01 1.859297064462950289e+01 3.355945251638569715e+01 3.189824147403299293e+01 3.241689566271159606e+01 2.803367294212977967e+01 8.086766675680959082e+00 2.775544789625132935e+01 2.586143738397414893e+01 6.797092572785902398e+00 8.554521025430631198e+00 2.784202661503685050e+01 3.917563510064030652e+01 3.523106850059324557e+01 1.958442417986912787e+01 2.727767792312118900e+01 1.118011506406311106e+01 5.859340168248523995e+00 1.737828305821832586e+01 2.078464570374375597e+01 7.139951994624456511e+00 2.717019702638755518e+01 3.093396525470123493e+01 1.152781805857189212e+01 2.073091530039179275e+01 2.871863754882036801e+01 9.808280608554140301e+00 1.013854306595534815e+01 2.211946261234035660e+01 2.737835391401589291e+01 1.144546640063438936e+01 1.179563201248203086e+01
1.578132703760624089e-01 4.990950431485879690e+00 9.059312609716336340e+00 2.244234487431598524e+01 1.668629446899369384e+01 2.127523445346206898e+01 1.208228542458164689e+01 1.500786688042537698e+01 2.334083519771185067e+01 2.023666841809500028e+01 1.202287043140262313e+01 2.724454285622973426e+00 2.942648778959654265e+00 4.604031272978343914e+00 1.233568999849229186e+01 2.412782071842636000e+01 2.553556930570346850e+01 4.234191878478953619e+00 4.450064626069848650e+00 4.725021104263606553e+00 5.059973638406549235e+00 5.399487699197440982e+00 2.508211851880502863e+01 2.905735565332813408e+01 2.702615539522473043e+01 7.474739343335984998e+00 2.731286912124165056e+01 1.427546611214713579e+01 8.706570296767518258e+00 9.026273371508178656e+00 9.347868365125732382e+00 2.172377005748992929e+01 9.840350808345267097e+00 3.010845631211491380e+01 3.724734172520763309e+01 3.563803391241084029e+01 1.771576677704848635e+01
1.543728846943814847e-01 5.918227671038894577e+00 9.477385473120673254e+00 1.177100288531718419e+01 1.513695003435405084e+01 7.920300279612716210e+00 1.705316780508488606e+01 1.763845559789324557e+00 1.981279868398752475e+00 2.198754460483411499e+00 2.416281278983078984e+00 4.787035827223378170e+00 1.213704565070216823e+01 3.251987315976963000e+00 3.469726868154596744e+00 3.685510815640388405e+00 3.898138615747234859e+00 4.179999414405895841e+00 5.729354183847535253e+00 8.579567245471221071e+00 6.406921787181572903e+00 2.443315978146783607e+01 3.321820776965048339e+01 3.100582527114353937e+01 1.281732915385008198e+01 1.359700169965824657e+01 7.936138014901859883e+00 8.256887515479409245e+00 2.829990441050074423e+01 3.005065684067150400e+01 9.733221339349457324e+00 2.419667568468801022e+01 2.846054282129801294e+01 1.440642291066659730e+01 3.404757194675501353e+01 4.369681329711114159e+01 4.221185393519174767e+01
1.561752203313827581e-01 3.726223945927369385e-01 5.890822454873422265e-01 8.058342772780020535e-01 1.022624533075542796e+00 1.239453154023155257e+00 1.456639957220679182e+00 5.906482085320889475e+00 1.080624351996605803e+01 1.203574969218790436e+01 1.594025078611486634e+01 4.553503809638861810e+00 1.042206610558886126e+01 2.065746797380795741e+01 1.643563851880611182e+01 1.082169105954299226e+01 2.160500037329172329e+01 2.265665313197593633e+01 4.565116494272889014e+00 2.373716573282503361e+01 6.868447518117006823e+00 1.827942447400705817e+01 3.648909681903771940e+01 3.874341286688984098e+01 2.771789769396245262e+01 1.307258373346414082e+01 1.175981098470370512e+01 1.108999808297657097e+01 3.097927787198864635e+01 4.171986006951379977e+01 3.679378024268623903e+01 3.839817700386833366e+01 4.080269151109797576e+01 3.454162319774167855e+01 1.776227629739046066e+01 3.773602729345434170e+01 5.027606651380710190e+01
1.531247021631862160e-01 1.378238991033820682e+01 5.024742789446614566e+00 2.209196564013634756e+01 2.338585661987097097e+01 9.704238554744694767e+00 1.330464806079047380e+00 4.795074896633793493e+00 2.350055397244896938e+01 2.604508167291516685e+01 2.452711704111452207e+01 1.485741644141245210e+01 9.681277980413470985e+00 2.721698118481907613e+01 3.141709611134842106e+01 2.869017350297185587e+01 2.133807763592896478e+01 3.356933738860319494e+01 3.421418638123007838e+01 4.948561088512924755e+00 7.449720261939717147e+00 1.817630530571145897e+01 3.481065823879271903e+01 4.764830839823222419e+01 3.672367979645783720e+01 2.093713886843431737e+01 2.858799323708890938e+01 1.462464135631134887e+01 3.345415299411668286e+01 4.624514288148726848e+01 5.798736591961086617e+01 5.614457994693835019e+01 3.682189280413203392e+01 2.274394698844190899e+01 3.773599470437601866e+01 2.267832521914624877e+01 4.236012738414790135e+01
1.422398637851068903e-01 1.973016756233852931e+01 2.586818851603452174e+01 1.203788723411261152e+01 3.181732934501825127e+01 3.445174094112414309e+01 3.256454947149514112e+01 2.378845074759390599e+01 1.201264192616880955e+01 3.454554853790915558e+01 3.095371498251898146e+01 2.999203525403348891e+01 1.797982020561006777e+01 1.663043213444224477e+01 3.396251117355775762e+01 4.172823824174702168e+01 3.289952848584886169e+01 3.812987342923516110e+01 3.268890030253611201e+01 5.228676391053906691e+00 1.114673091907299884e+01 2.464252411587281699e+01 2.572191073727377386e+01 4.131054213187935886e+01 4.809238419545291521e+01 3.985942430539085990e+01 2.989857152013886221e+01 3.347541921217741390e+01 1.983584150873430119e+01 3.132219760589251933e+01 5.175297136961269473e+01 5.937205743340066988e+01 4.025195704533211938e+01 2.640284467260852352e+01 4.580885328473151930e+01 4.236012738414790135e+01 2.783398752335526893e+01
1.377665891220937744e-01 1.541329131036844835e+01 3.574027027468674333e+01 3.219216226085243449e+01 1.959628754072345558e+01 3.853129120830795529e+01 5.213285695137763298e+01 4.448460998373192865e+01 3.508724865279172889e+01 2.381260937639431674e+01 4.437086990103361472e+01 4.433737498822942058e+01 2.844205624939933230e+01 3.488778968134655400e+01 2.425647627551331098e+01 4.193589624116226133e+01 4.938908358245404173e+01 4.735323537148644135e+01 3.187914410176228586e+01 5.536164711459276688e+00 1.827314720159938588e+01 1.354012883243205678e+01 3.112604319955067922e+01 4.631329289910107150e+01 5.593877930305902169e+01 5.868930579306369566e+01 4.997940647325005159e+01 3.845202191861306318e+01 2.456830922060012767e+01 3.555880803783853139e+01 5.548911693774996934e+01 6.276383335271714969e+01 4.385846572108241048e+01 3.025253940231227290e+01 4.939571970662026956e+01 5.505599590750984618e+01 4.717852017330136505e+01
