MOVIE_S4_data/elevation_000611.asc
nrows	100
cellsize	150.0
xllcorner	0
ncols	100
yllcorner	0
NODATA_value	-9999
[rows 0 to 16 of 100, columns 37 to 73 of 100]
8.151131023796929753e+01 7.361526086898078347e+01 8.151130916295127804e+01 7.622870512574847623e+01 7.622870512574846202e+01 8.472529948792256960e+01 9.357689047050459408e+01 8.477801120626183717e+01 9.045420866826120232e+01 8.211818542661417553e+01 8.473916721912013372e+01 9.306954363975833644e+01 9.972594160894688287e+01 9.491967601594780035e+01 9.491967601594780035e+01 1.031041710757000374e+02 9.894814159757180505e+01 9.281710768930069833e+01 8.464661164120620640e+01 9.281710768930069833e+01 9.414335133647270482e+01 8.840303602014624573e+01 8.840303602014624573e+01 9.655682387860461802e+01 1.104289617938648433e+02 1.022369566287492830e+02 1.047957430903527154e+02 1.129293990077087670e+02 1.160599016058505413e+02 1.150345495406253065e+02 1.067446726260419183e+02 1.150345495406253065e+02 1.119649979862237501e+02 1.036823617895969250e+02 1.119649979862237501e+02 1.224891701234829497e+02 1.202867353265500725e+02
7.107070842685094192e+01 5.198083185667523765e+01 6.902969735844096988e+01 5.424774950260546547e+01 5.424774950260546547e+01 7.622870512574846202e+01 7.254476292574098295e+01 6.358940364279518320e+01 7.878722478729636691e+01 6.187605132262105201e+01 6.450490593483444002e+01 8.473916721912013372e+01 7.967607981103904535e+01 7.448316285241696733e+01 7.448316285241696733e+01 9.491967601594780035e+01 7.960688438869040340e+01 7.960688438869038919e+01 6.556113352599328437e+01 8.318066560994060410e+01 7.503092969989114636e+01 6.949202190454649042e+01 6.949202190454649042e+01 8.840303602014624573e+01 9.887513342591878995e+01 8.232189248939251058e+01 8.491081574167930057e+01 1.015096935857204130e+02 9.609742951851738724e+01 9.609742951851738724e+01 8.682550471501835432e+01 1.050611460971343405e+02 1.020155133158220337e+02 8.382360566721300188e+01 1.020155133158220337e+02 1.024725841905248842e+02 1.102983996831029572e+02
6.145316063026910314e+01 4.013900260966284606e+01 5.047139639151702539e+01 3.790558763970534528e+01 6.068582234766348904e+01 6.656411570685877166e+01 5.179368117593283927e+01 5.179368117593283927e+01 7.043138385270128765e+01 5.018484337246042060e+01 7.043138385270128765e+01 8.458588556613857179e+01 7.251864087962519534e+01 5.962109193073968072e+01 8.046887897420691615e+01 9.323347526967572207e+01 7.960688438869038919e+01 6.095276812208594919e+01 5.636170124589312991e+01 7.501318315862047825e+01 6.757056798430846811e+01 5.675684393454791632e+01 6.949202202138732787e+01 8.840310064979570370e+01 8.990661439528722099e+01 7.079678110703110860e+01 7.339454980538094730e+01 9.331822616829379058e+01 9.440749284890497961e+01 7.618714354150172596e+01 7.687422904800399692e+01 9.678508867053011500e+01 9.375298372840494210e+01 7.388516256022630557e+01 9.375298372840494210e+01 8.843204746055485543e+01 9.208436354021881698e+01
4.798871885763763601e+01 4.791694443318945673e+01 2.817149576973680070e+01 5.046880265021114553e+01 6.948652443271605250e+01 5.787153230349520072e+01 3.763567486943041729e+01 5.787152506122966145e+01 5.690553379731103689e+01 4.413123214837596464e+01 5.607401374384212289e+01 7.661180434464303346e+01 7.373311475817591543e+01 5.322610437129944927e+01 6.430891616672732880e+01 8.489800914422207256e+01 8.103474174547646669e+01 6.232829164046878390e+01 4.928547606587988383e+01 6.096336224469390430e+01 4.925957518370866239e+01 6.757051937513561768e+01 8.302148728154047319e+01 8.198207657326425135e+01 7.452374494019839801e+01 6.184084438429586328e+01 7.598195453631470286e+01 9.590768267920272194e+01 8.614228653000955660e+01 6.614306112475821919e+01 8.614228653000955660e+01 9.540540834183644847e+01 8.713034692198753817e+01 6.714709917609340550e+01 7.861288640539805783e+01 8.688087414176789025e+01 7.222238224948421248e+01
4.304466612423480854e+01 3.236391556264315028e+01 2.222181268746127003e+01 4.545814960464919352e+01 5.397336689660745179e+01 5.094727867415356570e+01 3.131138352826268445e+01 5.143957944612615307e+01 3.687573517736592521e+01 5.607654158469360084e+01 6.216880823431230851e+01 7.079581972906603937e+01 6.808708512369452137e+01 4.778751083533264676e+01 6.808708512369452137e+01 6.834098932911777524e+01 6.928390316857648656e+01 6.563002434390764961e+01 5.701751826217410724e+01 4.221521623985123739e+01 5.938021566582801825e+01 6.082387649457846379e+01 6.911035745021789012e+01 6.204949162444106747e+01 5.461507959292466552e+01 7.452374458015006553e+01 8.121482914015032861e+01 8.138467028223732314e+01 7.410662790730954441e+01 6.094370546899101981e+01 8.097850873282845896e+01 7.542999396414499813e+01 7.543049392265464803e+01 7.657838990542283852e+01 5.842963875753467562e+01 7.861288367088447160e+01 8.208506637968501707e+01
2.137131457425013892e+01 2.171177947277323383e+01 2.205318062654134437e+01 2.324697809655030056e+01 4.294042634191777807e+01 3.796083223601672074e+01 2.569191961087325637e+01 4.557393045502776374e+01 3.218935238471377147e+01 4.620239947394299662e+01 4.250524270980977093e+01 6.257167017372133699e+01 6.191082796759059192e+01 4.332358639893479335e+01 5.801769434270661918e+01 4.856036518543194092e+01 4.949793000472773485e+01 5.623790462339760410e+01 3.788220821948883810e+01 3.880467416215346788e+01 3.976378697445831278e+01 4.073121159605800301e+01 6.081583985424742878e+01 4.813337417716627442e+01 6.463720880831165516e+01 6.568654516400094678e+01 6.095020325611146461e+01 6.191196305654707999e+01 5.418826527458459452e+01 7.410662790730657434e+01 7.264733616571407993e+01 7.359731015380563690e+01 5.528949681593862664e+01 5.656002471602271697e+01 7.673744226449286998e+01 6.039586394200742347e+01 6.198383435080631187e+01
3.418281620741098692e+01 3.893985070425731720e+01 4.042825026987610926e+01 2.253532041810328934e+01 3.732701093509363943e+01 2.462521221946192185e+01 4.375255295734501004e+01 2.677557242563541706e+01 2.754595985852174778e+01 2.833110677312270553e+01 4.815642936612783842e+01 5.576796409744437000e+01 5.774087667318095640e+01 5.722555827332351441e+01 3.734274324935805112e+01 3.469289305738998053e+01 3.563633960119727107e+01 3.657168247013294149e+01 5.044029789943740383e+01 6.063121721315874879e+01 5.390105757714345458e+01 6.082399494816974084e+01 4.212736775985736415e+01 5.040415936484023973e+01 4.509738036715566523e+01 4.615905280088178131e+01 4.721188176332250919e+01 4.825252256221478575e+01 6.781031249596546218e+01 7.054433229498422975e+01 5.238430018639712671e+01 5.355338187214712775e+01 7.360106640315302684e+01 7.076120853178322534e+01 8.461701286335255645e+01 8.054912676518510750e+01 6.370633736466533037e+01
3.876697865371291130e+01 2.601959410262994510e+01 2.308097519259685981e+01 3.421986033882933498e+01 2.357538502440031536e+01 4.381804019481138113e+01 3.251152830345063194e+01 4.665429454265111531e+01 4.740546151887762960e+01 3.982518097798170942e+01 2.945340761195354418e+01 4.216326933399845700e+01 5.111493938395698677e+01 5.189953458598126446e+01 3.334734555720330462e+01 5.178860252414560961e+01 5.524753924353014867e+01 5.594442250393305471e+01 6.431268117988584265e+01 7.845132609833727599e+01 7.404805875762578182e+01 6.228763566504526494e+01 5.868670985407625551e+01 4.359699284870509928e+01 6.050139498758097290e+01 6.560140467764873051e+01 5.493489856920567149e+01 6.769820872279210278e+01 4.972484608405090256e+01 5.076910086891430041e+01 6.990816212173803024e+01 7.353735222177603248e+01 8.187809639542909679e+01 8.968559685446081176e+01 8.949771523625381064e+01 6.956360552816346399e+01 8.356984376369810263e+01
4.645627403424813195e+01 2.362988148213557338e+01 3.401345382087930602e+01 4.564795349436907657e+01 4.294767014059556942e+01 5.356979039638188311e+01 3.824930773071834977e+01 5.806681205796714806e+01 5.955859023503208505e+01 5.735519902222281274e+01 4.903318389024643409e+01 3.058122799345998288e+01 3.138554511694734117e+01 3.218916787092105380e+01 5.189960543260973935e+01 3.566455492139386507e+01 3.728356482168629071e+01 5.696608265275585126e+01 6.751412901731093541e+01 8.153737625512415832e+01 8.772952887310424330e+01 8.242811763829880078e+01 7.516975165009041859e+01 6.106568320729198973e+01 7.660452759564584824e+01 6.784339807351138063e+01 7.418359637950160845e+01 5.754894894475904721e+01 6.939285141463808770e+01 7.054392535406780951e+01 5.486892962948720509e+01 7.491156162604806923e+01 8.790583788520216046e+01 9.922070340137419464e+01 9.455992597699703595e+01 7.450719365202859024e+01 9.469554592541143734e+01
2.702517006863544324e+01 2.401951875399080549e+01 4.220414851275378254e+01 3.978472251570741491e+01 5.655146011157120256e+01 6.391402319670518040e+01 4.449247276067558943e+01 6.446634305847433666e+01 7.932023312404363935e+01 6.934549764329001675e+01 5.019804792542092287e+01 3.686040763571719481e+01 5.025671654165923741e+01 3.530185523751458732e+01 5.490403966253900592e+01 5.601002508202586938e+01 5.696714095726736815e+01 3.957139044770052294e+01 5.352328833604448732e+01 6.995289916022491639e+01 6.780649944344914104e+01 8.191837654936526292e+01 9.220520063112850551e+01 9.028091085754279277e+01 8.479907426067948961e+01 8.068361657015232424e+01 8.359444799838887263e+01 6.356683974671587833e+01 8.359444580885083553e+01 7.491148591288369119e+01 7.491157109838519546e+01 5.948439033563550993e+01 7.119041982395049217e+01 9.144917480417845468e+01 9.949721110532554746e+01 7.979050600651774516e+01 9.949721110532554746e+01
3.519857532978746661e+01 3.704415110804690414e+01 2.457156681560339351e+01 4.676962086805835384e+01 6.302887657615922734e+01 7.180297539392049089e+01 5.859438724616354222e+01 5.859438724616354222e+01 7.864249841821072096e+01 6.641365000698756660e+01 4.669369679346131363e+01 5.662497277732872902e+01 5.816434242231868268e+01 3.831079383447559650e+01 5.250452266966483705e+01 7.276884774548982193e+01 6.753032707400301149e+01 5.352328833593950463e+01 4.193371471962679919e+01 6.174266796573071758e+01 5.387780926804902748e+01 6.398621569555669453e+01 7.808601444039442185e+01 9.952219789343060086e+01 1.029555706950731633e+02 9.939713258886555991e+01 9.064491127008535898e+01 7.070319308545458625e+01 9.064491127008535898e+01 9.485876680450657261e+01 8.321313480064124235e+01 6.307556543323553910e+01 7.735653704517928020e+01 9.735221253122224994e+01 1.046075311012308617e+02 8.525127139045193303e+01 1.046075311012100286e+02
4.203866899206929730e+01 4.357127281223173298e+01 2.496168579475765981e+01 4.433660903486967442e+01 6.292504603189547652e+01 7.092114302043455609e+01 7.864249841821074938e+01 7.864249841821072096e+01 8.692145901060912649e+01 7.464395860876300048e+01 5.656170704170482821e+01 7.464395860876300048e+01 6.261855464946730621e+01 4.213867461287274097e+01 5.408670082198585050e+01 7.422345097820209503e+01 8.153733413428334131e+01 6.995294474256269268e+01 6.174267479522089985e+01 4.437799582130434572e+01 6.421446378078111650e+01 8.191837654936526292e+01 8.790175224605808069e+01 9.614355264230756859e+01 9.620640726286850963e+01 1.044577708723737572e+02 9.889544624946412910e+01 8.481773221910145821e+01 9.064491127007994464e+01 1.012156340495507152e+02 8.117604850933474836e+01 6.693950376422890258e+01 7.858076485721593940e+01 9.860689862031574648e+01 1.102874820561352465e+02 9.116005108813756408e+01 1.102874820560553388e+02
4.918023954220861782e+01 2.551468082343257748e+01 3.066679772985247254e+01 4.768581664413651566e+01 4.665578112400177702e+01 5.770111065579447285e+01 7.645690666618709486e+01 8.690169242209641709e+01 9.531180120335808681e+01 8.453347037673577802e+01 7.048475302506228957e+01 7.875591010682327919e+01 5.868299876223315437e+01 4.718567955717404772e+01 6.723584566245838801e+01 8.258886391299701302e+01 8.855674817470109872e+01 7.152402625564303662e+01 5.174187870041694737e+01 4.619976132553110659e+01 6.604114392357323027e+01 7.702449795775233099e+01 6.814970067371312723e+01 8.003967078263760015e+01 7.640625847725644348e+01 8.991599414907398113e+01 1.098054688058334563e+02 1.047129659653470100e+02 1.105535514939413702e+02 1.030078637686356871e+02 8.287762104539646657e+01 7.127922310822141583e+01 9.141019113085295089e+01 1.069516954361197634e+02 1.181931733289549840e+02 1.021065575367900635e+02 1.047166197809250718e+02
4.779882655775746514e+01 2.590673059450967841e+01 3.877163927267510246e+01 3.775204925384137056e+01 4.763401105029414140e+01 6.437263574828810420e+01 7.026491429391457189e+01 6.652596736967959146e+01 8.521772171636602877e+01 9.363247080054681248e+01 9.022427987974610630e+01 8.712434329371727415e+01 7.238091899740558688e+01 5.245413565613927886e+01 6.649229726470063895e+01 8.659730944818687703e+01 8.035010396684828038e+01 6.061439422989766967e+01 7.152402625564303662e+01 6.604114392357323027e+01 4.900015437063214563e+01 6.881570216343070001e+01 5.676158176105482056e+01 6.031824793861069622e+01 7.016317588012705642e+01 8.991599414907398113e+01 9.545117381261493961e+01 1.037000549747775437e+02 1.136463044131949829e+02 1.113866399511378376e+02 9.724369354702638191e+01 7.709638357214153359e+01 8.425602773874312845e+01 9.695620971442920677e+01 1.205449014927386884e+02 1.148455222957948934e+02 1.237367333150601354e+02
3.629012904708500287e+01 2.630073783113413910e+01 4.599865556274070144e+01 5.253265302572232542e+01 5.995260755291905497e+01 6.213309043811361931e+01 4.953263457417386206e+01 5.698657509010335787e+01 6.488852011452431157e+01 7.668422158767751284e+01 9.687890883228941163e+01 8.881017218914773537e+01 6.868852860176762931e+01 5.944677269121996233e+01 7.945483850512513868e+01 9.175943096540579802e+01 7.199789692373677497e+01 8.035010396684828038e+01 7.813138909452496250e+01 5.837663137338881825e+01 6.881581803172402090e+01 5.200310569887846412e+01 7.178038869531235378e+01 8.003967078263760015e+01 6.639953631743837548e+01 7.091179425683731097e+01 7.567674344241092399e+01 8.551406270587013125e+01 9.953833888681054987e+01 1.195113039702823841e+02 1.044053543123315819e+02 8.417277879870424329e+01 9.736116168194416787e+01 1.145079239112474312e+02 1.306195130347468307e+02 1.322365168553312458e+02 1.279855583031262967e+02
3.978648735122058611e+01 2.669767554455070524e+01 4.771989249285547885e+01 6.386812726594502720e+01 5.584591420403344131e+01 4.130687122827278301e+01 4.923199068210730900e+01 5.973627902788631872e+01 7.428356538441046553e+01 9.363247080054681248e+01 1.053250331641318098e+02 9.718241118066129047e+01 8.782635630756594480e+01 6.936579735385596734e+01 8.782635630756594480e+01 9.175943096540579802e+01 8.595000192440232922e+01 9.795537148632949709e+01 7.813138909452496250e+01 6.720967296836654725e+01 7.122880394473295951e+01 5.477209792656590537e+01 7.452030280366398074e+01 8.869536135086461570e+01 8.612707667345260631e+01 9.065589315221271249e+01 8.962167809803469254e+01 8.551404667972751383e+01 9.694781719695473043e+01 1.168529899676540396e+02 1.130133069389468403e+02 9.420092985181086931e+01 1.130133069518239068e+02 1.272629668103027427e+02 1.408007897477646111e+02 1.338970019412782051e+02 1.138229138217148346e+02
3.061910736235611807e+01 2.709749383263960709e+01 4.729203424460816763e+01 5.012065288357229065e+01 3.500704319175386559e+01 5.585375086583195525e+01 6.997452936811457391e+01 7.841298586465627807e+01 8.862761601534515421e+01 1.029716666462798713e+02 9.937533659028780164e+01 1.077269031458967277e+02 9.792277125561737705e+01 8.954387965639433844e+01 9.792277125561737705e+01 1.116053652743315183e+02 1.057846333458405326e+02 1.010000172381944310e+02 8.115467282318199693e+01 7.999111320872525255e+01 6.026582577493433490e+01 7.452030280366399495e+01 6.074206976762983601e+01 7.467102206330655179e+01 9.446262732100214521e+01 1.043555222063860981e+02 1.095248214285505668e+02 9.694799533238366962e+01 1.136246099022478120e+02 1.250655302001814277e+02 1.237752178725279322e+02 1.148404074705973557e+02 1.232377924675822811e+02 1.246205583576751650e+02 1.210879330864083840e+02 1.408007897477646111e+02 1.212010324998056916e+02
