MOVIE_S4_data/elevation_000210.asc
nrows	100
cellsize	150.0
xllcorner	0
ncols	100
yllcorner	0
NODATA_value	-9999
[rows 0 to 16 of 100, columns 37 to 73 of 100]
1.123005310931347793e+02 1.181747415921929019e+02 1.221772659822129157e+02 1.138881491539633970e+02 1.221772659822129157e+02 1.162555738672980823e+02 1.079538746998954650e+02 1.105636187176655199e+02 1.188599554151082174e+02 1.212164189642202956e+02 1.127859068024257851e+02 1.101326566705979531e+02 1.185651271614095350e+02 1.199378076103523654e+02 1.116526334693070908e+02 1.116526334693070908e+02 1.129285194433958708e+02 1.046335835880575615e+02 1.129285194433958708e+02 1.207547838991640248e+02 1.125164557873868176e+02 1.104258239251367399e+02 1.021447551665179674e+02 1.104258239251367399e+02 1.103986513394762454e+02 1.020990704226735915e+02 1.103986513394762454e+02 1.160844421825623272e+02 1.077677491144412443e+02 1.103719673241038350e+02 1.186892862977584997e+02 1.287023084527691594e+02 1.202978311107372207e+02 1.229159425142867974e+02 1.313290160317013999e+02 1.394596800878537692e+02 1.315126992668046171e+02
9.217521173743895702e+01 9.806978130317730802e+01 1.121254857318134128e+02 9.374653806999472749e+01 1.121254857318134128e+02 1.046618511697883065e+02 8.785686903907536305e+01 9.046374692446825350e+01 1.105636187176655199e+02 1.094847869238127629e+02 9.247990661513577493e+01 8.985057080940750041e+01 1.068424586192763996e+02 1.116526334693070908e+02 9.156933612977057635e+01 9.156933612977057635e+01 1.028931501154925883e+02 8.454420862950803439e+01 1.005912521622282441e+02 1.088891981195398131e+02 9.234174546761144597e+01 9.604387379008288406e+01 8.185876073324321567e+01 1.003258418743504023e+02 1.003678022242338272e+02 8.202712561768801436e+01 1.003678022242338272e+02 1.044841738454295239e+02 8.766970387722305702e+01 9.027906139310059075e+01 1.103719673241038350e+02 1.169979040000561241e+02 1.000324898004628551e+02 1.026667919684109194e+02 1.229159425142867974e+02 1.315126992668046171e+02 1.118541712726278945e+02
7.815031437952386284e+01 9.806978130317729381e+01 1.019516180137842554e+02 8.377902785693665066e+01 1.038173436119790267e+02 9.635086307171557962e+01 7.651033870146977733e+01 9.635086307171557962e+01 1.128058633106527111e+02 1.010622321281190068e+02 8.101341885554248279e+01 7.844185669433304042e+01 9.786139971901806689e+01 1.116526334693070908e+02 9.156933612977057635e+01 7.749055739876494897e+01 8.852474911461840179e+01 7.468881738375523582e+01 8.061332301646409348e+01 1.005912521622282441e+02 9.604387378883420467e+01 7.591276800715598938e+01 7.194541930538835572e+01 9.200175788550214406e+01 9.206309801694916928e+01 7.222709139118130395e+01 9.206309802018085975e+01 8.802153775087525389e+01 7.621892324432667465e+01 9.027906139310059075e+01 1.103719673241038350e+02 1.085976308500307397e+02 8.822225432789825561e+01 1.085976308500307397e+02 1.225898825761350253e+02 1.315126992668046171e+02 1.118541712726278945e+02
7.242019826859922205e+01 9.206383604723133374e+01 8.203786049206462394e+01 7.691610416450087939e+01 9.673272913500527181e+01 9.036871989171491748e+01 7.082562018629178624e+01 8.451399366697719984e+01 1.004232618582820749e+02 9.205580397646821211e+01 8.948704438733157929e+01 6.995524383227655107e+01 8.948704438837306441e+01 1.042866500684370408e+02 1.057535718700391101e+02 8.852474911461840179e+01 6.885305278031275122e+01 6.687229083910162331e+01 8.646472298919411514e+01 1.005190645259643532e+02 9.866524823076591133e+01 7.852108586204593621e+01 6.485860658402552303e+01 8.442117438679787256e+01 8.545109580353796730e+01 6.588560913742570335e+01 8.083972634311527372e+01 6.835333719198462177e+01 8.802153775087525389e+01 1.044841738454295239e+02 1.034409373866060236e+02 9.502838235124416144e+01 8.211771966142684676e+01 9.386479547841614135e+01 1.141876008039467365e+02 1.323689650026011293e+02 1.122922476203717679e+02
6.729745445188788722e+01 8.079100968015134754e+01 6.848257807797548935e+01 8.203786049206462394e+01 1.019516180137842554e+02 8.532271324553801151e+01 6.608172072140509101e+01 8.532271324553801151e+01 9.205580397649598012e+01 7.247762011040492780e+01 7.821193740153000817e+01 6.523558637140695282e+01 7.606805264371993758e+01 9.588565080029620447e+01 1.063871287920315041e+02 8.635941142192913844e+01 7.245140302809191724e+01 6.141113427367496769e+01 7.245140302809191724e+01 9.222539402794451746e+01 9.377957132261387585e+01 7.383489413061465712e+01 6.042307437340227949e+01 7.373480170814355006e+01 7.954288283711190388e+01 6.016804531500150688e+01 6.141349087151377262e+01 7.910666606572924309e+01 8.222595749202193360e+01 8.551040956054190190e+01 8.908832869126717924e+01 7.488468033152686587e+01 8.486000719245171808e+01 9.925672299052510539e+01 1.195372694076966980e+02 1.266541823112149956e+02 1.063724698988698378e+02
8.079100962893116389e+01 6.182741903974950759e+01 7.655062190328261806e+01 8.470624039427478635e+01 9.310662891696517818e+01 8.078756781534782760e+01 6.179435686613717849e+01 8.078756781530377395e+01 9.205580397679288751e+01 7.247762011040492780e+01 5.933918929510891616e+01 7.819874003578242139e+01 8.530093744575280823e+01 9.350351152311571923e+01 1.048859855388048601e+02 8.872981324616516474e+01 6.907102489415275670e+01 5.800440620597251495e+01 7.281368926275659703e+01 8.100699656132438520e+01 9.081021336351290074e+01 8.795907837563703424e+01 7.373480174809078846e+01 5.461057247377795676e+01 6.931018186432153527e+01 5.478052809229441777e+01 7.417671634700270999e+01 5.975847721098885756e+01 6.279060425993851169e+01 6.590038386198683895e+01 6.924871540800528180e+01 8.908832869126717924e+01 1.034409373443229185e+02 1.136031854626978514e+02 1.263800265075137190e+02 1.181813709015083873e+02 1.147945804817854736e+02
8.587833052675443923e+01 7.655062188441506521e+01 5.774915153631331322e+01 7.655062190042426096e+01 7.939423428606744437e+01 6.568184423691899099e+01 5.777852564885791509e+01 7.095072329562636071e+01 9.038506226970966395e+01 7.464431300812266556e+01 5.582191074711809620e+01 6.031222929022905532e+01 6.612917893970832495e+01 7.700473218990423163e+01 9.663398991360162427e+01 9.701060683872115931e+01 8.057087184264908331e+01 6.079125975818433858e+01 5.335614435722927595e+01 6.302677990275073228e+01 7.691849663313173835e+01 8.361508949842256300e+01 6.412164565824029694e+01 5.052599036874136829e+01 4.973713474015711711e+01 5.260746821780428206e+01 5.547750665773726553e+01 7.482473785726217841e+01 8.218928209837319798e+01 7.696395954921544558e+01 8.821133194803215360e+01 8.350417516420951358e+01 1.053578830050524289e+02 1.237496098086909768e+02 1.181813709015083873e+02 9.786788869907975652e+01 1.038175695618562031e+02
6.660954575209179040e+01 6.052563995909825678e+01 5.493689799664685580e+01 7.022424736453720584e+01 6.785563156799021556e+01 5.240193080714211504e+01 7.130725592579302941e+01 8.479816430604151378e+01 8.378578419099680730e+01 7.120770194071009485e+01 5.228902943333328324e+01 6.554165588760999128e+01 8.433496356542971739e+01 7.953843468888007351e+01 9.921317491433619296e+01 9.467558516251592948e+01 7.469029715357747534e+01 7.996096881672379197e+01 6.300925951090809463e+01 4.911245667884257671e+01 6.493786868869243278e+01 7.193518713033233780e+01 6.377249022723838578e+01 4.654505345965247187e+01 6.632824834195446329e+01 7.205600222327038296e+01 7.482473785726699589e+01 6.761167257802841846e+01 8.723668644138378170e+01 9.690606649029948017e+01 1.036917092506027416e+02 1.049990894241522597e+02 1.132882550505509016e+02 1.044440345781262920e+02 1.179980154215368913e+02 1.038175698861765852e+02 8.341331913272418319e+01
8.587833054621427209e+01 7.945540228463191568e+01 7.022424738213705098e+01 5.127532104385009148e+01 4.871322666833727055e+01 4.871322666833727055e+01 6.225298533341226914e+01 8.138161615070806931e+01 6.448961434025427764e+01 6.448961434025427764e+01 4.927227154178240909e+01 6.280970665983696932e+01 8.233871207788767776e+01 9.921317491433619296e+01 1.074685883573512655e+02 1.030063243296951043e+02 9.463072371875178135e+01 9.012765733541439772e+01 7.685842091896614647e+01 6.493786868869243278e+01 4.506236201685739218e+01 6.124691997604979576e+01 4.381916460235506605e+01 6.377249022304167880e+01 5.807828246563924779e+01 6.928619468535170256e+01 8.895192736628710861e+01 8.138452456852584760e+01 9.555072363838026206e+01 1.054647108192417164e+02 1.138022925209185843e+02 1.060832961958672200e+02 9.794919335715006525e+01 9.070739262048567753e+01 1.100508209875162180e+02 1.121239576032803456e+02 1.014672879179500882e+02
9.255335283386951062e+01 8.593229452998670581e+01 6.669394452979666710e+01 7.022424738106714415e+01 5.891972717024334827e+01 4.504065390488823795e+01 6.180851677683376977e+01 6.916842579634055710e+01 6.112130252697348709e+01 4.499410024611543690e+01 5.033712333727864063e+01 6.912993987801264950e+01 8.343686810152436806e+01 9.176074579196109937e+01 1.032561216190210018e+02 9.336085499449644942e+01 8.534704620588468060e+01 9.336085499449644942e+01 8.449326918492418770e+01 6.492467654582033276e+01 6.118191228542453075e+01 4.110289579766272539e+01 6.124691997604979576e+01 7.193518685811513080e+01 7.759791130908195100e+01 8.581171173026139343e+01 9.721263203838296363e+01 1.013650550040416221e+02 1.021761891775667976e+02 8.532427163284118876e+01 1.021761891775667976e+02 9.798941892349982652e+01 7.843366812927445153e+01 9.148812704767688331e+01 1.110208675357575174e+02 1.062529146092993670e+02 9.787567553904651163e+01
7.282908818373969950e+01 8.396005184154687129e+01 8.593229451012869902e+01 8.620409151607613296e+01 7.256190934315974062e+01 6.180851677683376977e+01 4.200586343510175880e+01 5.911281058404781419e+01 4.123140982814043554e+01 6.112130252697348709e+01 6.912993987801264950e+01 5.809606439438604042e+01 6.450145313776340572e+01 7.509831644120036742e+01 9.482754150029617790e+01 8.382489971860243827e+01 6.638910043179122056e+01 8.382489971860243827e+01 8.691732986349835244e+01 6.719576428549362390e+01 5.977316418389309405e+01 3.949879931383122056e+01 4.990611618464848931e+01 6.389091111957517199e+01 8.352025278495641203e+01 8.826388308104475300e+01 9.655663452531895530e+01 1.051553529021882412e+02 9.383662283337611143e+01 7.393614386041137720e+01 9.383662283337611143e+01 9.152319760870925336e+01 7.215042615672923887e+01 8.574379692187353896e+01 1.053289616229647123e+02 9.472522701739775641e+01 7.801592373828812299e+01
5.926605972631173103e+01 6.460723791535328075e+01 7.839395880730187116e+01 8.940275096603255633e+01 8.110259924407503718e+01 6.180851677683376977e+01 5.911376168177994117e+01 3.900059215713839222e+01 3.860275036578200059e+01 5.309549963345855161e+01 7.247095457855525069e+01 6.860908944933926534e+01 8.343686810152436806e+01 9.176074579196109937e+01 8.521058868449995316e+01 7.586807331883797190e+01 5.680732672499213720e+01 7.586807331883797190e+01 8.111459336565334866e+01 6.143824682991249375e+01 4.734789912948649970e+01 3.792199326779335422e+01 5.831320323886923518e+01 7.782104701380129086e+01 8.505061358698301888e+01 6.837275425661674433e+01 8.505061358698301888e+01 9.682728466807533607e+01 7.705668560708581083e+01 6.724394643411537231e+01 8.613361059534612707e+01 8.646504611855533540e+01 6.742544285445880803e+01 8.079367071012697465e+01 1.004263905001257058e+02 8.640964276667507704e+01 6.716076904091244160e+01
7.027554598310150880e+01 5.109231557106310362e+01 6.200009549298535205e+01 8.123414485967758480e+01 7.435105794056271122e+01 6.623143137497454802e+01 6.243276586136798301e+01 5.431411575203747333e+01 3.602731774983594448e+01 5.071204908796445210e+01 7.018657935736416675e+01 8.785220708687498359e+01 9.621667032456565494e+01 9.073230396266824016e+01 7.164448646475980809e+01 5.808707629348240431e+01 5.021483289171915487e+01 6.951448747984062493e+01 8.520942296519113768e+01 7.088728864960316400e+01 5.106490679406841338e+01 3.641336216002245862e+01 5.683621222553922081e+01 7.341471566428668893e+01 6.621972847405271523e+01 5.702377222451391958e+01 7.677973449977565679e+01 8.972076471610468218e+01 8.068465813188448976e+01 6.234791102372113869e+01 5.870474424561172100e+01 8.179042045083225787e+01 6.323033093694024132e+01 7.645245447508705183e+01 9.594983464229864012e+01 8.640964257750887612e+01 6.716076904091259792e+01
5.195905977472595083e+01 4.605167027428859683e+01 6.064946149581574275e+01 6.870636203764530592e+01 6.623041770002392070e+01 4.648645992108727398e+01 5.226892073675203676e+01 3.376016016958034527e+01 4.035394576115947984e+01 6.016465185343003697e+01 7.770883229677352233e+01 8.725647748423330086e+01 9.057516715255344764e+01 8.099428888002798033e+01 7.301914439095016007e+01 6.369542626827209375e+01 4.406191653243578799e+01 5.808707627253537709e+01 6.874838506832357155e+01 7.284297775793577046e+01 5.066314404351876988e+01 3.498292528015065272e+01 5.271915997895881389e+01 5.829465690382254905e+01 4.628544759392986663e+01 6.042135701066287368e+01 8.021823548856902164e+01 7.177798059352195992e+01 7.177798059352195992e+01 5.740688415636294906e+01 7.595340590454699736e+01 7.821672079262967259e+01 5.932938603060907212e+01 7.254203861778198359e+01 9.191661546130376337e+01 9.472522345608562944e+01 8.334359806554958539e+01
6.855110139118312418e+01 5.110022213379366463e+01 4.070878262306340645e+01 5.612207536984477230e+01 6.415620416055037367e+01 5.224271174707920551e+01 3.160434882258400435e+01 5.226892073665365501e+01 6.016465143043882335e+01 5.064048359675143729e+01 6.025165885856929293e+01 7.912598114977453179e+01 8.256185895073886627e+01 6.347643041987586088e+01 5.377067476081105468e+01 4.617667268728965269e+01 3.922769972284898898e+01 5.394180645478432012e+01 5.082074462150742278e+01 6.632140341050121890e+01 6.062691665750274694e+01 5.171752773000772407e+01 3.293766399825556590e+01 3.799060066140439318e+01 5.836747029966371514e+01 7.445746326130404213e+01 7.496482214549682510e+01 7.148410973167071347e+01 5.569186732981865617e+01 5.311544256061478819e+01 7.401798101373591976e+01 6.991780713650670975e+01 5.562955812252945265e+01 6.500877932166147843e+01 7.841979144172596250e+01 9.800755944016805188e+01 9.396604891324868447e+01
7.820170000487260609e+01 6.736431677831794218e+01 5.612207536984477230e+01 3.576312451094069189e+01 5.177186256335600234e+01 4.883875452023136887e+01 3.013993022506914699e+01 4.503405525547153587e+01 6.486680148436555271e+01 6.968882000417195854e+01 7.770883229677352233e+01 8.725647748423330086e+01 9.057514367125826027e+01 7.803746132380489087e+01 7.041420724003502585e+01 6.553232138387113537e+01 5.389153426997222596e+01 3.359586807282231291e+01 3.811275092285070087e+01 4.952229834506145068e+01 5.009241822719722848e+01 2.938110152999457014e+01 4.914570268179050316e+01 5.663280546250466330e+01 6.583069839761670039e+01 6.882558608325652472e+01 5.467133382098329974e+01 6.569908636928927592e+01 4.695747410132256050e+01 6.609590552740684188e+01 6.546871869573985236e+01 5.077163726345780503e+01 6.987697372027270148e+01 8.265352514086023916e+01 9.230375706886890441e+01 8.898153636595726823e+01 9.720318681719757592e+01
8.437300050741143309e+01 7.858215963057315889e+01 6.420429072181924823e+01 5.177186256335600234e+01 3.112835665510067429e+01 2.812172566099926030e+01 4.728277458929298405e+01 4.370548414354264111e+01 5.863623363876789796e+01 7.936433941526942704e+01 9.043036581912832617e+01 8.222033739390388973e+01 8.222033085730613777e+01 7.041443689190063537e+01 5.174361626828861205e+01 5.711746850734392211e+01 5.258295209444292340e+01 4.515516122922355891e+01 2.825777836184064284e+01 2.876455254891313729e+01 2.927628123849801511e+01 2.983520133095244020e+01 4.915134332561908082e+01 4.120122365597077163e+01 5.664362553758355290e+01 5.403531144193343749e+01 4.155127526320894304e+01 5.782923608385021197e+01 4.297113576219625486e+01 6.117245961361511064e+01 4.604550034069212217e+01 6.548946557714671712e+01 7.796408720193197439e+01 8.343727222729503978e+01 8.581283170770228708e+01 6.930262886412323553e+01 8.360499347716290686e+01
