MOVIE_S4_data/elevation_000877.asc
nrows	100
cellsize	150.0
xllcorner	0
ncols	100
yllcorner	0
NODATA_value	-9999
[rows 51 to 67 of 100, columns 0 to 36 of 100]
1.045510899316130261e-02 2.001045510898342172e+01 3.301031205976593697e+01 4.835893986322155769e+01 5.664321102681530817e+01 5.612570919958318427e+01 4.783023688308663424e+01 3.098948297325997459e+01 2.615324356799342098e+01 3.000225082618522876e+01 3.417255872232733083e+01 3.888668414037815779e+01 4.405095762460955200e+01 5.071902261662318523e+01 6.487420212628609306e+01 8.490808526989923166e+01 8.738442707849245039e+01 8.122056961620502591e+01 7.298314745989313224e+01 6.268425216031643288e+01 4.373066023183928053e+01 3.620827434623039665e+01 2.912831836696602394e+01 4.399553733731223559e+01 5.215163423684782629e+01 5.265042749013021961e+01 4.322031964385255520e+01 3.195033661574767692e+01 1.358346267795621642e+01 3.041529753465256292e+01 4.086555266132550202e+01 3.072802887343700817e+01 3.824318628970179645e+01 5.243685136382966050e+01 7.246551139041332590e+01 7.302346210643128188e+01 7.042900736333270117e+01
1.199560344128819747e-02 4.726040811351585269e+00 2.472604081135771992e+01 2.835893986330797034e+01 4.542463137693857078e+01 5.370890259910980546e+01 5.929508426757825390e+01 4.513513275991223139e+01 4.029734261426504105e+01 4.414707656869686048e+01 4.572155498966255038e+01 5.889937558186743161e+01 5.820138651282239550e+01 6.406766796924206631e+01 6.487420212628609306e+01 8.490808526989923166e+01 8.413436386149487589e+01 6.481989048772521755e+01 5.385333916722899517e+01 4.648552049375567208e+01 4.097477245283901226e+01 3.580545962524834636e+01 4.896942791866505473e+01 5.709594967284439804e+01 5.932844907807646706e+01 3.826273518535064966e+01 2.409748478439474795e+01 1.379811991404164218e+01 1.391139424785566625e+01 1.610755604057218093e+01 2.140325920942304450e+01 4.129631364347003597e+01 5.830310999560509089e+01 6.659787800018160908e+01 6.407729410387504743e+01 5.301922231458102885e+01 5.042264470516164465e+01
1.680456789927393946e-02 2.001680456787409668e+01 1.202900824475373653e+01 1.835356356509038278e+01 2.542463137695573394e+01 3.697163676074784178e+01 5.697163676070788796e+01 6.515341078917839468e+01 6.031205255098299034e+01 6.416438738505962647e+01 6.573998329758575210e+01 7.404187860380875463e+01 7.823012422202816651e+01 8.410078277819712866e+01 8.490808526989923166e+01 9.321714277530394099e+01 9.253536450187887397e+01 8.122056961620502591e+01 6.225750717739149565e+01 6.018867570220049146e+01 6.039856747740974896e+01 5.654223575582214067e+01 6.295221377058357604e+01 6.461188920936800173e+01 5.983682195311357788e+01 5.266577200085414745e+01 4.362000929597412835e+01 3.573023970444518227e+01 3.324790629904953931e+01 1.437457610494259086e+01 3.373720418866734860e+01 4.940841073416427065e+01 5.350294647955599459e+01 5.820170866405227628e+01 4.403245379865251863e+01 3.880989365706841454e+01 5.887832849713237238e+01
2.570751284471603157e-02 2.002570751284435957e+01 3.202900824474427566e+01 3.835356356507801934e+01 4.542463137693882658e+01 5.370890259910980546e+01 6.525590796544220495e+01 6.794860053747314055e+01 6.199839597352585230e+01 6.480299173009221647e+01 7.075803480647822141e+01 6.830334156035955573e+01 7.672480569220338964e+01 8.105028799209445367e+01 7.941434427010023001e+01 7.930911540224060730e+01 8.769980353165777842e+01 9.099532503573846043e+01 8.203048290212572624e+01 8.006351145104393652e+01 7.464771494293628962e+01 6.609764392953445622e+01 5.925993500995674879e+01 5.438816149267971412e+01 4.090310123292709932e+01 4.569405495763452763e+01 4.216351387396626649e+01 3.875041913144210071e+01 3.315013546383642051e+01 1.470251553811146294e+01 3.295469795639209565e+01 4.630773699129424159e+01 3.309085401992407327e+01 4.229753845634770215e+01 2.978009693450880491e+01 4.800521550229221646e+01 5.262581149424718063e+01
2.050012024463924304e-02 2.002050012024428227e+01 3.986052623172711407e+01 5.575380280955891976e+01 5.018772894692739328e+01 5.117777524465429195e+01 5.930644596135675783e+01 4.765994616588380239e+01 4.172078109181205008e+01 4.448945450076072206e+01 5.043915348579003677e+01 4.791052266325257847e+01 6.496137428566341043e+01 6.059395175410820400e+01 5.898837597356006057e+01 5.896759449321029223e+01 7.909250537224194488e+01 9.258810972249234794e+01 8.665231622476004247e+01 6.560932303746953664e+01 5.334849035034726938e+01 4.560745395675690617e+01 3.977575715669230050e+01 3.437490519553355028e+01 2.933032773532302784e+01 2.565081336627833508e+01 2.225121406824901982e+01 1.898275053507501653e+01 1.598666488809521447e+01 1.503475383252051500e+01 3.443281708816211761e+01 3.473721542197159806e+01 1.942171280796312516e+01 2.236542313928675441e+01 4.180734111905628936e+01 2.792180712276407917e+01 3.248510050638632407e+01
2.927968592160756431e-02 1.157628506971387594e+01 3.157628458815360517e+01 3.561417025878132847e+01 3.029160009153836697e+01 3.206623455365222242e+01 4.651839521785006326e+01 3.881876226657788465e+01 2.750538678405211002e+01 3.025183964672927672e+01 4.438345885444507388e+01 3.625569319295726700e+01 5.103686480937750503e+01 4.617602985314255193e+01 4.459987698701797143e+01 6.497100357531526527e+01 6.349861101199947200e+01 8.353634904921426596e+01 9.530711790167437414e+01 7.473698083453733432e+01 6.652928329544783992e+01 6.653310817975368252e+01 5.973836358078509789e+01 3.942878608129743156e+01 4.958498510462291620e+01 4.569405495763452763e+01 4.216351384991190088e+01 3.744493146955326779e+01 1.779520752181021948e+01 1.925534645481610951e+01 1.551412218997383263e+01 1.585300538476849397e+01 1.619240051293104443e+01 3.546661564937701172e+01 2.198230924430484023e+01 4.180734111905628936e+01 5.262581149424718063e+01
2.800573862316051849e-02 2.002800540762484971e+01 1.555610738156978279e+01 2.607951981186993962e+01 1.627939346652809860e+01 3.037560943828779614e+01 3.268250120607989118e+01 1.607540573103077364e+01 1.857057908531777102e+01 2.131044729079763300e+01 2.425363557478053878e+01 2.730181347866756525e+01 3.083562673723414704e+01 3.454428392818256555e+01 3.989226891382096341e+01 4.702481822185682603e+01 5.723167246796674590e+01 7.175818057492705293e+01 9.213051749183327388e+01 9.608143824555862977e+01 8.795454188153470909e+01 7.262848280612111296e+01 5.224741477452767668e+01 5.973836358078509789e+01 6.697389060012771722e+01 5.280093467201109547e+01 4.087423799371638466e+01 2.102538010962028636e+01 3.744493146955326779e+01 3.944051872280957838e+01 2.516802908540694261e+01 2.804990040566624998e+01 3.564037085172830643e+01 1.667417898316713121e+01 2.463927852522289186e+01 4.023359013274522766e+01 4.720942188766996850e+01
3.653205470537677219e-02 2.016827140658759898e+00 4.006901521079791806e+00 6.048142973418515034e+00 8.133287114224955872e+00 1.032857234516658806e+01 1.262273027986976359e+01 2.708781673580176275e+01 2.698366585750541091e+01 4.141111648597033934e+01 4.438345910712354936e+01 3.625918311910115932e+01 5.103686480937738423e+01 4.617602985314255193e+01 6.026244710782209069e+01 5.425669049448668346e+01 7.476162617604938987e+01 8.610830649626034017e+01 9.181118019269116814e+01 1.000635603598268091e+02 9.301962258957512120e+01 7.262848280612111296e+01 7.262848280612111296e+01 6.843980738688065912e+01 4.839822995029311414e+01 3.862292865037750289e+01 2.448925287080154334e+01 4.087430302510767177e+01 3.719640056782066750e+01 5.380972172008768695e+01 3.954110195468874167e+01 4.595245181450027872e+01 4.284608714322705936e+01 3.593696168295502957e+01 1.715679101234738013e+01 2.323084702339886221e+01 2.951177064678295281e+01
4.500159517621803856e-02 1.901294931595960236e+01 2.395650310600118260e+01 2.019835358775676681e+01 2.228547891877784792e+01 1.927483444623123177e+01 3.268250120561862815e+01 2.588302648904802439e+01 4.519603408892730556e+01 3.997882418461952625e+01 5.904744804289894233e+01 4.798605191903111944e+01 6.521532820489859716e+01 6.658547391998146736e+01 7.502457667172298272e+01 7.476162617604938987e+01 8.320578639230225804e+01 8.855666428081991626e+01 7.187753644302749478e+01 8.548281546219010352e+01 9.373620487287620051e+01 8.710876412202537722e+01 7.880843313870573752e+01 6.257595073408494102e+01 4.252690638271999291e+01 2.831626919524959263e+01 4.449596539023914943e+01 4.081750671072562398e+01 5.723909228372281888e+01 6.554175316375116722e+01 6.026518000646538553e+01 5.531883112975345540e+01 4.594452967578926206e+01 3.307941851327972671e+01 1.749726681345419266e+01 2.679612769598879041e+01 4.186855282399407940e+01
4.567435126880908108e-02 1.459135094925532350e+01 3.570875349567358370e+01 4.027791125760100499e+01 4.237657984278995116e+01 3.084170270893198662e+01 4.771870305901740039e+01 4.006167977226444776e+01 5.408527479184197517e+01 5.904744804289894233e+01 6.727122483313813461e+01 6.902720257648536517e+01 7.757231221689171718e+01 7.638878654215565689e+01 7.300961791472467155e+01 6.470723797338629879e+01 7.235261660799494621e+01 7.698212166248730171e+01 6.036463905966374455e+01 6.554692137841064437e+01 8.548281546219010352e+01 7.880843313870573752e+01 5.879322735267251687e+01 6.465554533284029048e+01 5.129742757190031455e+01 3.120825398666009676e+01 5.129772863566865482e+01 6.087159689425889297e+01 6.918306493711561700e+01 7.186933402514492286e+01 6.355374570957090441e+01 4.816878023916524398e+01 2.685180107442115016e+01 2.253074809277121915e+01 1.783585254526489194e+01 3.573322719669256031e+01 4.770282449230319344e+01
5.351880592384315738e-02 2.005351880592348834e+01 3.005706225480641436e+01 5.005706225481125671e+01 5.815840816775195066e+01 5.098751548988904148e+01 5.936211161610605558e+01 5.981359196407917267e+01 6.266670102758531158e+01 5.438744818145908511e+01 6.266670102570802925e+01 6.818234776238691097e+01 7.129898327323135732e+01 5.752807055217762411e+01 6.287525813834646016e+01 4.463669523062667110e+01 5.843603459653086674e+01 5.703804312566632007e+01 5.143654310282683184e+01 7.138600956653277763e+01 8.864333793671401907e+01 8.270423415371678288e+01 6.465554540055731536e+01 4.463087155074763501e+01 3.703256836932170870e+01 3.561364235562504632e+01 4.981138239850088212e+01 6.983455251735603042e+01 7.792960156033286978e+01 5.759907124546473511e+01 4.243227342206233743e+01 3.554985668365385720e+01 4.796374034025291877e+01 1.887702275606192615e+01 1.817253909292036695e+01 3.731966156164827453e+01 4.905057980564778575e+01
5.706225480597197641e-02 1.005706225480605909e+01 3.005706225480641436e+01 4.182835359279989262e+01 3.815825757753466974e+01 5.815840816775195066e+01 5.247737208792021590e+01 4.662007646505897185e+01 5.266864118414699902e+01 3.438791737445853158e+01 4.819191526855856011e+01 4.819191526855919250e+01 5.679700270447749944e+01 4.365617217938180517e+01 4.955198020116409197e+01 3.464288600068719859e+01 3.864484501391147830e+01 4.291128291175923692e+01 5.046937527114518929e+01 6.045132224009927313e+01 8.038917884521434587e+01 7.440580381784010910e+01 5.439227607996946290e+01 4.437400289661795938e+01 5.708693027414707188e+01 4.036400798880368512e+01 5.453507158887709494e+01 7.455301155366521471e+01 7.792960156033286978e+01 5.759907124546473511e+01 6.355374570957090441e+01 5.687454971310553731e+01 4.726281395129796437e+01 2.007128432117846728e+01 1.850538478001174525e+01 3.684285474453979248e+01 4.064705347924717671e+01
5.506323356023958698e-02 2.005506323354795484e+01 3.028110457923569854e+01 2.182793161366023682e+01 4.182835359279989262e+01 4.230284169578620634e+01 3.245432729550251594e+01 2.659283954993523125e+01 3.432401366169224843e+01 2.438554236611575732e+01 2.819184986206226640e+01 4.041283280097718489e+01 3.680675394417254864e+01 4.497064614716246211e+01 2.956130287034412518e+01 4.948190307390868981e+01 5.859647043616401874e+01 6.287952848456802712e+01 7.042025054264968276e+01 7.867595519951710514e+01 8.864333793671401907e+01 8.270423415371678288e+01 7.072837091116700492e+01 5.071326906430910242e+01 6.556726968689103785e+01 4.554752492570388256e+01 5.970444975244112840e+01 7.972136908639136266e+01 8.613959680482490455e+01 7.792960156033286978e+01 6.478118017928686356e+01 5.131138647053386848e+01 3.960277967338985405e+01 1.878541771206765887e+01 1.883633834524386685e+01 3.812550909876590310e+01 2.067680201700476061e+01
6.166659562896406599e-02 2.006166659560487986e+01 1.028075705116774508e+01 2.483763635327824559e+01 2.648690766753355419e+01 2.230184755532953744e+01 2.985098107456878935e+01 1.244850514734243241e+01 1.432167685869679730e+01 1.621999313804461806e+01 1.819065264512272861e+01 2.041287870504966406e+01 2.266306651998267441e+01 2.497250173065160794e+01 4.497064434928032739e+01 5.405924839559343553e+01 5.842647231977222333e+01 6.549133063619530049e+01 7.376772621148825237e+01 8.270199537830821157e+01 9.423815444897893201e+01 8.338585101945697886e+01 6.337261772922144587e+01 6.227029798525300208e+01 7.160212793232878425e+01 5.158676746922931500e+01 7.160212793232878425e+01 7.803539541471711516e+01 6.798853664120341023e+01 5.967637070066534477e+01 5.285283933070518714e+01 3.712893888260071407e+01 2.298906599714418064e+01 3.959018711452542050e+01 3.399911674286223473e+01 1.929620256133587830e+01 3.910995288117754853e+01
6.211000661219646946e-02 1.633458409248970344e+00 3.209679221727181897e+00 4.837256139269754840e+00 6.486828336957905172e+00 8.159312357006649918e+00 9.855690216631327161e+00 2.984120374452054492e+01 3.432128906857578698e+01 3.622184314915931935e+01 3.819188256531052161e+01 2.526220160443928719e+01 4.266176224845991527e+01 4.484551690424091674e+01 2.989675173917064299e+01 3.406824048200376609e+01 3.843477165224417291e+01 4.550889374043722313e+01 5.444935605841846638e+01 6.598045113425563102e+01 8.595922782106509885e+01 9.168837539270154480e+01 7.751856410361504857e+01 7.641579484738697658e+01 7.867729579768541726e+01 5.866569909517814807e+01 7.867729579768541726e+01 6.973415386011423323e+01 4.961858754121649895e+01 3.946650581773851485e+01 3.264370207502305732e+01 2.652907501094326292e+01 4.310664323797813324e+01 5.129605960076065685e+01 4.440268828797998424e+01 2.561804326950479549e+01 1.978022595266971706e+01
7.336735264618567121e-02 2.007336735264583183e+01 2.320991389764744994e+01 1.913332520057294062e+01 2.052346087336471214e+01 2.815996970939336208e+01 1.979673678210583176e+01 1.769924587882884381e+01 3.180966688857327895e+01 5.170960648069046073e+01 5.042731365279744438e+01 3.042709791714769096e+01 5.042731493656206965e+01 5.797304682208314830e+01 4.989414327564675489e+01 4.059006798931354609e+01 5.842647231977244360e+01 4.738129999348613808e+01 5.554182924644976538e+01 6.552783535234277679e+01 7.965173987214116380e+01 9.964038578467688012e+01 9.755073466601700716e+01 9.644534203665249095e+01 8.699086631679320192e+01 7.021716222012778985e+01 8.699086631679320192e+01 7.803539541471711516e+01 6.798853664120341023e+01 5.967637070066534477e+01 4.974328253366684294e+01 2.942207784334198806e+01 4.121509881119288110e+01 6.139299814079507200e+01 4.848840576398004032e+01 2.821687691933534836e+01 3.967200971798829556e+01
7.164818186532601052e-02 1.421378380559640142e+01 3.421378380559710308e+01 4.013141625721497263e+01 3.982479181489446063e+01 4.668596955958494732e+01 3.388943423521327958e+01 3.763832075017689505e+01 2.711591822817598185e+01 4.702221133868479797e+01 5.870573360968311505e+01 5.042731493656206965e+01 3.937438511189046864e+01 5.936932300235513793e+01 6.885291213238237162e+01 5.472674125074539830e+01 5.691222161112901290e+01 6.736220443762874766e+01 6.736220443743623321e+01 8.379475140828598967e+01 9.378525953886236266e+01 9.276825857014495114e+01 9.021413084699105411e+01 9.840777619781182750e+01 9.856301036277871219e+01 9.023405318403878539e+01 8.412379863513518785e+01 7.583637182199555582e+01 6.826564394167267835e+01 5.465809931356459117e+01 3.439379059948814188e+01 3.625280863730235126e+01 5.648851948101362552e+01 6.969324827264462385e+01 5.584133733954018197e+01 3.532933472271009379e+01 5.582584940090982428e+01
