MOVIE_S4_data/elevation_000868.asc
nrows	100
cellsize	150.0
xllcorner	0
ncols	100
yllcorner	0
NODATA_value	-9999
[rows 34 to 50 of 100, columns 0 to 36 of 100]
6.606448164489217567e-02 2.006606448164453838e+01 2.631345845895173952e+01 1.016245377408023209e+01 3.016245587316743837e+01 4.248706064185721232e+01 4.153108225392050912e+01 3.351983515598752206e+01 1.856505603831390516e+01 2.222529325292596170e+01 2.603680787153344767e+01 4.492631562446982940e+01 5.891640773148241550e+01 5.405015560424386933e+01 4.043567740915509745e+01 5.395172222633968317e+01 3.866409393096866154e+01 1.806000286765282681e+01 3.866409393096866154e+01 4.341199401240102418e+01 2.309670196045111012e+01 4.341199401240102418e+01 4.748661076953080595e+01 2.873656616381890672e+01 1.730790036801337806e+01 3.750088274993608195e+01 4.321255069563866869e+01 3.930878610130955764e+01 4.531377845413959449e+01 4.841060453686058196e+01 6.903387656357530489e+01 5.760735552539904347e+01 6.367688456783469064e+01 6.391428220451762598e+01 7.862804344364110420e+01 9.908131158836194174e+01 8.855586609069806059e+01
6.290596198942818851e-02 2.006290596084776823e+01 6.313451979482693766e+00 2.631345607639779161e+01 3.844632718938211724e+01 3.750530622208854936e+01 2.949731248677887763e+01 1.422865513621947997e+01 3.351983515598752206e+01 4.122177424509172994e+01 4.492631562446982940e+01 5.297865839262708221e+01 5.148642186002650334e+01 4.337190227019613076e+01 2.721888760248037542e+01 4.498043119102187859e+01 3.524096539819291252e+01 1.498054522765396968e+01 3.532523555505387947e+01 3.950231423411663911e+01 1.924775633833484889e+01 3.950231423411663911e+01 4.687928965106308965e+01 3.498607147478970347e+01 1.533402426750047454e+01 2.704468821819147450e+01 4.716064184673915349e+01 5.981122904967620002e+01 6.583930426879899755e+01 6.903399681420431477e+01 7.750135188394831687e+01 7.833043842727590800e+01 8.432501480159021412e+01 8.461866698580305979e+01 9.301787528563664864e+01 9.748578592065251769e+01 8.027795588541518157e+01
5.954267593782444634e-02 2.599545215941639675e+00 1.674178439097951099e+01 3.459520287425272755e+01 4.303547545284484954e+01 2.388975689586836637e+01 1.006501621238488831e+01 2.580621353971828214e+01 3.387869888360147996e+01 4.344207913425009338e+01 5.312899412595495363e+01 5.145091276308784245e+01 3.114710629114551566e+01 3.460890990865502204e+01 1.862034892726014590e+01 3.589760123506232503e+01 3.127202450152496738e+01 1.228674136549791918e+01 2.895332514174034699e+01 3.084884755159049519e+01 1.574741023514834204e+01 3.580435481684702381e+01 3.701769252247005682e+01 2.378895877738239761e+01 1.340832229065342318e+01 3.560149880008835055e+01 5.545771986010572618e+01 5.125613495926988605e+01 5.793267649915443229e+01 6.620526543287600418e+01 7.620227029343010372e+01 8.732868790958946192e+01 7.903243668047875303e+01 8.382975585789269246e+01 9.212082606702401222e+01 8.923617610645945319e+01 6.910360489712749654e+01
5.541180393181056874e-02 2.005510530585834772e+01 3.087551853277624048e+01 4.503030475130435661e+01 3.204934797412759906e+01 2.248742680651818659e+01 2.161488165696733077e+01 6.105558125912089906e+00 2.287978122024147609e+01 2.528110643338302310e+01 4.449913192815432694e+01 4.813586223896248839e+01 2.627911182095474985e+01 1.416493161825817992e+01 1.167099944922330224e+01 2.320552703697632779e+01 2.137149390025100359e+01 2.497550945449015103e+01 8.909460425377917048e+00 1.142966417582733918e+01 3.075955529268660626e+01 4.271191348321570302e+01 3.098640772119158981e+01 1.080417092002697821e+01 2.985530734515774043e+01 4.297025226120045716e+01 4.270099404843226409e+01 3.119254936140308487e+01 3.790305364092781559e+01 4.792647057961929846e+01 6.793888241868960165e+01 7.571117929994663598e+01 5.887171973357411048e+01 6.369848413218765870e+01 7.571570778813024560e+01 8.401921917982770083e+01 8.140163838725997891e+01
5.132731495283296419e-02 2.005100244523608666e+01 3.777055080746586668e+01 4.139223964355515761e+01 2.303032726336627434e+01 2.017580086478302892e+00 2.284248589629982007e+00 1.942812462135801255e+01 1.353922511390274508e+01 3.002028528189988776e+01 3.056246335574333628e+01 2.864341079598158046e+01 2.639056404629619479e+01 5.026719607928645139e+00 5.344565250920427779e+00 5.663475800052045983e+00 5.983197665750077832e+00 6.303663204873308779e+00 1.051895012058896306e+01 2.528075451683647046e+01 2.922287233443349663e+01 2.736050639661338479e+01 2.535678173634171628e+01 9.419737580498354745e+00 2.915068809341407530e+01 3.533201372807718599e+01 2.252020961108160790e+01 4.270099404843226409e+01 5.793267649915443229e+01 6.620526543287600418e+01 7.620227029343010372e+01 6.739264132412750996e+01 4.715949578484221405e+01 6.668100005995087542e+01 5.553530686953372708e+01 7.239071067342749188e+01 7.562891652898740347e+01
5.077994834438732952e-02 1.148606645325189746e+01 2.979522040861307630e+01 2.823206356545234996e+01 1.542353645705994758e+01 1.855189992640607022e+00 2.152769325455359350e+01 2.739062528678674280e+00 1.648020921562651964e+01 2.142887539134810737e+01 3.945001246369655767e+00 4.260762317732051052e+00 4.577431644752215867e+00 1.425443164604564750e+01 1.874792093883508670e+01 2.590594027328819848e+01 1.972475663344163621e+01 2.459618950662898129e+01 6.762180540087991965e+00 7.086398326054805352e+00 7.411946979952207748e+00 7.737288934794158024e+00 8.062411482764892057e+00 8.388481284989641296e+00 1.194493525538339718e+01 1.504441545072617892e+01 3.533201372807718599e+01 5.098901421645980037e+01 6.209538216554010148e+01 7.036620772893455467e+01 7.492187697824725490e+01 5.473593353498530689e+01 4.040362687517464479e+01 4.646117242683452275e+01 4.383224579280715716e+01 6.406454788538071909e+01 6.883734309493308956e+01
4.095169275885861271e-02 1.855104554081561474e+01 1.997273117521589469e+01 2.034361099591626854e+01 1.413102290385701343e+00 2.107770186285878466e+01 2.703439729683243442e+01 5.106026247299189968e+00 3.183232887032785285e+00 3.498176566351403505e+00 1.363655560626528640e+01 1.791024965285204829e+01 5.419634627150252015e+00 2.501539837442484782e+01 2.904358473695392817e+01 4.262430272640636275e+01 3.733817765871880567e+01 3.235164137068566959e+01 2.264371543663189357e+01 1.030763067675833788e+01 1.555672767847451254e+01 2.277625120120131186e+01 2.803613151076121923e+01 2.857973032402243518e+01 8.856859320816107939e+00 2.905262499079165650e+01 4.310642181041927046e+01 4.804319630538024199e+01 4.222259034111453246e+01 6.209538216554010148e+01 7.081967451657978074e+01 6.249089422969620955e+01 5.238342092183582110e+01 3.214860388670503966e+01 4.646117242683388326e+01 6.668100004546258219e+01 6.048946424363879260e+01
3.794593529682660504e-02 3.491946410641765253e-01 6.604810442465217646e-01 9.719053929785459456e-01 1.895646428986741228e+01 9.576995532444158243e+00 2.929587449887626605e+01 2.961956778154016234e+01 2.352332739584639398e+01 1.614364752899228961e+01 9.848154381772648236e+00 2.619256089444084168e+01 8.341270036783051012e+00 2.732161132362135092e+01 3.940423208054387061e+01 5.349271755717741428e+01 5.081128020500843689e+01 3.016602788645146660e+01 1.487216856131682441e+01 3.026677214703298802e+01 1.570255551396855331e+01 1.770682706530558903e+01 3.642994256219603955e+01 2.784416945931693022e+01 9.187162706708024373e+00 2.087055548830399943e+01 3.705702922407668609e+01 2.846080747677833500e+01 4.222259034111546327e+01 6.209538218194904147e+01 5.916477176771957858e+01 4.227127291424827149e+01 4.825300773111665364e+01 2.802573492678945044e+01 4.825300772838499341e+01 6.699718206029614009e+01 5.208074416633034076e+01
3.760068892276602348e-02 1.907796245392785295e+01 2.084557978251706700e+01 2.336066153787384359e+00 2.315130085847290431e+01 2.365655179968752364e+01 1.956289167250820782e+01 3.896085576500249914e+01 4.159225229050892381e+01 3.185841890953773259e+01 1.403631643641365834e+01 3.250196629437239437e+01 2.732161518461884953e+01 1.292588911921779093e+01 3.153631178013668190e+01 4.401855791180765465e+01 5.264576057958575461e+01 3.198688733357192504e+01 1.815049887302802745e+01 3.616311908003670084e+01 4.623929465339167422e+01 4.097253869034850737e+01 2.840648889515298947e+01 1.291999359986023954e+01 9.515598164136568116e+00 2.969561921981220465e+01 1.869096804503284659e+01 3.858184253432815325e+01 5.493736481669559168e+01 6.250965078273761577e+01 5.081708946337194988e+01 3.058502027184712801e+01 3.913609864276414640e+01 2.412714881174587589e+01 3.843650080062415952e+01 4.968286945511484731e+01 4.132002957095027540e+01
3.621519728617531020e-02 1.993533041299471975e+01 2.866270740353958502e+01 9.685259836405860412e+00 3.143345611974905296e+01 4.319842339931678055e+01 3.357669515520689174e+01 3.354803647051489435e+01 5.265277074794338574e+01 3.862309496333848102e+01 1.893015169988840896e+01 3.862309496333848102e+01 3.949064824012258157e+01 3.153631178013668190e+01 1.761618330587135972e+01 3.599345203604806898e+01 4.968305888355092748e+01 4.241600309152864412e+01 2.188007747718600982e+01 3.634961793205317804e+01 5.706155244261053383e+01 4.607470563941793529e+01 2.598574789488899484e+01 3.185939392928979430e+01 2.871860655274834784e+01 9.979085127304959002e+00 2.604549345920279180e+01 3.812365454599295589e+01 3.050610347783221954e+01 4.415203655103585589e+01 3.673675678153085755e+01 3.470811535345809062e+01 1.886218731679834093e+01 3.707162945739740678e+01 3.830163533376641993e+01 3.953901431263030730e+01 2.107598283718280285e+01
2.661327423881425236e-02 2.002661327423846060e+01 3.685290631184683008e+01 3.168695230465460000e+01 2.493326990433574508e+01 4.799199035964021220e+01 5.311018583375819446e+01 5.271669861422175529e+01 6.044311622300331521e+01 4.588495331038038216e+01 2.545112147829036076e+01 4.588495331038038216e+01 5.511460751384264256e+01 3.599345203604806898e+01 2.446593110506698565e+01 2.311385471975773243e+01 4.155308741213161028e+01 4.735377343776431047e+01 2.640460067833639357e+01 4.735377343776394810e+01 6.385550361682555121e+01 5.435230905182876171e+01 4.607470563941793529e+01 4.919909933151480175e+01 3.416924981049554333e+01 1.453658656873142263e+01 1.044559015091540388e+01 3.053499283689522414e+01 1.395020576742067675e+01 3.207280571378498024e+01 3.295464697499684092e+01 1.440082860610372784e+01 1.553055447385764332e+01 1.676364844543541111e+01 1.801212317045899880e+01 1.927050022282108088e+01 3.953901431263036415e+01
2.753285331545040487e-02 8.974562127234134934e+00 2.317648581078993431e+01 4.341525968813861880e+01 4.799199949276390953e+01 5.730756789387612571e+01 5.759654933972783653e+01 6.331945919733087891e+01 6.845644766217949950e+01 5.469565813767555795e+01 3.710742354714689384e+01 5.470606321830087637e+01 5.516871698309643079e+01 3.592483313905417930e+01 4.299785512311801483e+01 2.715476872006741260e+01 4.583970322418553422e+01 5.575951210679188108e+01 4.735377343776347203e+01 3.466573598445422988e+01 5.554220567481196724e+01 6.736552350629365549e+01 4.720433223066710582e+01 3.272610392390528489e+01 2.120982757678712360e+01 3.316860496183481644e+01 1.254667711548236753e+01 1.091539131104576654e+01 1.124929431089381993e+01 1.143536934101200586e+01 1.280126964773138631e+01 3.310711136816365752e+01 2.572402084636473418e+01 3.707163385121463506e+01 3.830163540781978782e+01 2.606544883920828681e+01 4.506278023467079663e+01
2.210104741296625708e-02 2.002210104741261176e+01 3.749190621723296601e+01 4.057028919248580934e+01 4.281933925099610150e+01 4.512426615865227575e+01 3.776268102884533562e+01 4.356966565222934662e+01 4.876743161030723428e+01 6.257424794281833158e+01 5.815835549921359870e+01 6.708294193256135429e+01 6.346677964979389941e+01 4.937791932767714087e+01 5.046137045825037148e+01 3.140574299740157471e+01 5.046128618435047031e+01 6.572964665835218057e+01 4.535478374120172873e+01 5.554220567481170434e+01 6.385550362200292085e+01 6.956978719091303276e+01 5.047416037182954085e+01 3.005202121124543879e+01 4.134110209002417946e+01 4.249765576908432507e+01 3.398287580629067861e+01 3.095066700479936728e+01 3.126217566075796128e+01 1.171631554727070146e+01 3.198319256339664918e+01 2.821136479274426279e+01 4.597047214481411004e+01 4.597047214469614573e+01 5.425643088756041976e+01 3.449269590164615096e+01 5.347771688762548337e+01
1.884200952422735234e-02 2.001884200952387260e+01 2.426130146296178580e+01 2.057319635880664777e+01 2.282328325555433324e+01 2.513254161878972326e+01 2.363844279583415187e+01 4.045304953360190581e+01 3.466533005215293173e+01 5.086232767218132267e+01 5.688559015164694443e+01 6.386006221413861539e+01 7.231666485463955496e+01 6.914917867248453831e+01 5.565564721718286023e+01 3.622044321459645033e+01 5.565564721189219455e+01 7.397408132145810100e+01 5.574575817463447436e+01 7.397460969233112849e+01 7.287749519825813138e+01 5.283703095915844017e+01 4.104050152251075900e+01 5.047416037182954085e+01 5.181338784210836934e+01 3.851853593322914548e+01 1.766782294953621246e+01 1.259949460737711568e+01 1.223555412769928630e+01 1.606370371177403555e+01 3.204615720749486485e+01 4.315951161439964778e+01 5.484299303261604308e+01 6.616869649954169574e+01 6.439583644101540472e+01 5.146150365276442074e+01 6.439583644125572448e+01
9.934550753332892920e-03 2.129930310766048773e+00 4.261937474322144759e+00 6.431242052508697071e+00 8.681417854360725883e+00 1.099081893111920749e+01 3.098786546900837635e+01 2.052927702793891029e+01 2.552927327998292029e+01 3.087447738171277578e+01 3.690458225798821701e+01 4.397540249013828628e+01 5.553127509347698521e+01 7.559396063948892674e+01 6.263822164322117203e+01 4.288851873945361604e+01 5.200357687226808423e+01 7.190549675919197625e+01 6.991602758823427166e+01 8.394429932903457825e+01 8.111368138889854151e+01 6.956978719091303276e+01 6.130712777512884770e+01 5.694027289175711104e+01 4.346477629653444552e+01 2.173560007702322494e+01 3.380156693546640412e+01 1.272782302523448550e+01 2.574428656270856308e+01 3.493789932886293315e+01 2.265931115661601325e+01 4.193800745420815446e+01 5.410012412259566617e+01 6.026480289985479999e+01 6.800793422565014623e+01 7.477981018736745966e+01 6.757867213206552037e+01
8.364784840791048004e-03 2.000836478449204137e+01 2.426130146293422030e+01 1.797819815696523804e+01 2.867989652693734115e+01 3.098871773578996525e+01 1.449905100823779591e+01 3.449687082909221658e+01 4.552471203898483054e+01 5.086514549321140066e+01 5.688559015164694443e+01 6.401076373883212511e+01 7.231666485464070604e+01 8.389687081659113232e+01 7.100649407174523731e+01 5.420196147515550678e+01 6.263822166525010005e+01 8.033300098296174951e+01 8.971004878375431701e+01 8.883130650466463862e+01 8.370882329507698216e+01 7.630231404697245523e+01 6.231600992735513245e+01 4.868231507020590243e+01 2.748857248122316577e+01 4.309708096074152195e+01 1.534505812037796701e+01 1.602053682987634531e+01 1.323713037680730409e+01 3.665532060556575544e+01 4.190963897710077646e+01 2.970326159828650603e+01 3.581160976145129382e+01 4.233378332496158691e+01 5.216986207071725090e+01 6.968981613832124822e+01 7.590231058365466765e+01
5.219006137575642711e-03 1.414735462986865144e+01 3.414735463071079380e+01 3.797587110615538109e+01 4.625634359621052027e+01 4.277735316207722605e+01 2.864068249005379485e+01 1.908736565119279760e+01 3.908453644122165116e+01 4.794233962501848367e+01 5.211139887728624132e+01 5.658184581705558003e+01 6.157936689014399434e+01 6.789960081222653798e+01 7.617665507366803013e+01 7.416236734573358547e+01 8.259990663658557253e+01 9.120931517300444114e+01 8.883130648941975949e+01 6.929742238707103752e+01 6.419653443602676646e+01 6.419653443602676646e+01 4.832970580773780966e+01 3.336678682501353421e+01 4.868231499761271408e+01 3.928089586487711671e+01 1.882667450464849779e+01 3.308390186336228567e+01 1.359923170998443531e+01 2.849107754338127663e+01 5.008198785437894429e+01 4.305110678726016715e+01 4.505784577802553059e+01 6.026480289985479999e+01 6.800793422565014623e+01 7.747080791188412263e+01 7.875800597083842547e+01
