MOVIE_S4_data/elevation_000995.asc
nrows	100
cellsize	150.0
xllcorner	0
ncols	100
yllcorner	0
NODATA_value	-9999
[rows 51 to 67 of 100, columns 0 to 36 of 100]
1.045510899316130261e-02 3.857472136024326925e+00 7.770159257043522061e+00 1.200679754935094223e+01 1.654146315847991389e+01 2.306453557827898493e+01 3.090961748262000697e+01 4.352288633220959468e+01 6.009666044389334871e+01 4.766345573003469127e+01 6.108969098931492425e+01 4.967323482275087088e+01 2.837587636988491724e+01 2.126116876467717631e+01 1.543996882072694099e+01 3.585812542979908102e+01 3.967063069088094807e+01 3.124888314363017017e+01 1.525054030249064496e+01 2.963853254647356295e+01 4.996588662985789853e+01 5.438458550736407204e+01 4.625233992341546241e+01 3.348695054940660043e+01 5.094012151686914791e+01 4.271950607994456561e+01 5.344769187355012008e+01 4.223043714962262385e+01 2.338330079828837071e+01 1.689402105420864331e+01 1.407299951340870159e+01 3.441930046836409218e+01 3.458804871575754447e+01 1.904639218826709524e+01 2.150597591048028789e+01 4.187312191735651368e+01 5.472169492616785647e+01
1.199560344128819747e-02 2.001199560344093342e+01 2.183657494764398876e+01 3.185302091878240915e+01 3.051338750027421298e+01 3.268430899166131098e+01 4.267555448140632279e+01 5.830048862919429808e+01 6.926247806011984665e+01 7.073225692485758032e+01 6.351479772856295369e+01 4.200838989906973353e+01 4.991275840535699615e+01 3.958452222670995724e+01 1.883695164536571909e+01 3.958452222670995724e+01 5.319013217945451544e+01 3.287046540381845006e+01 1.842524974875632537e+01 3.882195046566112495e+01 5.236691472120343605e+01 6.411284263824201446e+01 5.820546959934886644e+01 3.887537150856599055e+01 5.055753582028574300e+01 6.740557753009262854e+01 5.743986703862888987e+01 3.782163630299788082e+01 4.341147947263819873e+01 3.634101910106727473e+01 2.058333457318994064e+01 1.456395761947938183e+01 1.491827780060900643e+01 1.527495899249705147e+01 1.897495244003246739e+01 4.102904209285815540e+01 4.629353966865994607e+01
1.680456789927393946e-02 1.415894019163009965e+01 3.415894019162939088e+01 5.003021511418581468e+01 5.036368304219795533e+01 5.253732035626386221e+01 6.076994700496909019e+01 7.059189418315895637e+01 7.110512297324241615e+01 7.329297494555798664e+01 7.196742896946885537e+01 5.738923058467812410e+01 5.602238616310676633e+01 3.448568373075583082e+01 2.240302440371868897e+01 3.448568539776097452e+01 5.602484374329639394e+01 4.724293201592013958e+01 3.023395608936739265e+01 2.354159746513641949e+01 3.534827651788892666e+01 5.564851591991162394e+01 6.399429119188960868e+01 4.470054545219299058e+01 6.399429119214742201e+01 7.700845202158620850e+01 6.560304271182457114e+01 5.743986703844440456e+01 4.943792558824210204e+01 3.800912421107051387e+01 1.761879480701625411e+01 3.493676236731937479e+01 3.530033888327284330e+01 3.567916236208353808e+01 1.578551410995175175e+01 2.612078190073978590e+01 4.629352373465939507e+01
2.570751284471603157e-02 1.416784363902518606e+01 3.416804176602035881e+01 4.586249466373931227e+01 5.414206132243270986e+01 5.222799739453214585e+01 5.594196315529686814e+01 6.041416153058338523e+01 5.110416554642200992e+01 5.329207723146300424e+01 7.329297494555798664e+01 7.830322500455692136e+01 6.449913133643487129e+01 4.830905669956799642e+01 2.667526596395734018e+01 4.830905669956799642e+01 6.451556832096035521e+01 5.055271908552374782e+01 4.785132524876352988e+01 2.750949372458392617e+01 4.189797354677127572e+01 6.222406543427067760e+01 7.176433810176786210e+01 5.256559587345788742e+01 6.399429119214742201e+01 8.337270676441229966e+01 6.673013148949863194e+01 5.272671944709017566e+01 4.121283361926619193e+01 2.082455178205178115e+01 3.800912420707923189e+01 4.625782043899402396e+01 4.803122128856603723e+01 3.617172485176917007e+01 1.614853579247163040e+01 3.657885023576277916e+01 4.545586616890703624e+01
2.050012024463924304e-02 2.002050012024428227e+01 3.105738862320505334e+01 2.586289520737953396e+01 4.586249466374760431e+01 3.222752710103433316e+01 3.594144187669314050e+01 4.041359173294708285e+01 3.696186570490493750e+01 5.696231034651431457e+01 6.794559833731413789e+01 7.793013192038300474e+01 6.563968198920875352e+01 4.441420506275437674e+01 3.341911669844515842e+01 4.043785843861508766e+01 6.185305822288721345e+01 7.090479561195793679e+01 5.209451711098270721e+01 3.179831819927468928e+01 4.612809038098402681e+01 6.649874503168057061e+01 7.801554647206791060e+01 6.613562483621551280e+01 7.975801656303596587e+01 7.011679640853910200e+01 5.615321890150347173e+01 3.872330784625955147e+01 2.425019417977198444e+01 3.536718321576702806e+01 4.939030501508271698e+01 5.154051148745778477e+01 3.186185702479127357e+01 1.617823888579561498e+01 1.651324832418862343e+01 2.556800896920258381e+01 2.536235973207675798e+01
2.927968592160756431e-02 2.776490964895382163e+00 1.172076287091911340e+01 2.996178223243643757e+01 3.308550269866255178e+01 1.808536792958738104e+01 2.179927469313086164e+01 2.627141064816597193e+01 3.259596598369119391e+01 3.966703424310322390e+01 4.966705891646310533e+01 6.966440536764841340e+01 7.398868944013614168e+01 5.519636062528047660e+01 4.189874811973770363e+01 6.185306138358282624e+01 6.185306138358282624e+01 6.874529946414742199e+01 4.835233915872355226e+01 3.767215546781227431e+01 4.623350027828441711e+01 6.119123621418158621e+01 8.367965513873879502e+01 8.535325400643219496e+01 7.368775870751922241e+01 5.974270477417123004e+01 4.218964139446783435e+01 2.789758204158286858e+01 3.872330784625955147e+01 5.259193814953982127e+01 6.304168344166544102e+01 5.974240323373931005e+01 4.836021775337977147e+01 4.017903006943111421e+01 3.695499601393275668e+01 1.703255711029932584e+01 3.161658278129355182e+01
2.800573862316051849e-02 2.002800573862280586e+01 6.946779246036860478e+00 9.961892691814471235e+00 1.308536792958656569e+01 3.308550269866255178e+01 4.179945893193035289e+01 3.444839912916442159e+01 5.259620006886053289e+01 5.966728554427793085e+01 6.794559833731413789e+01 7.793013192038300474e+01 8.419932974193346809e+01 7.161937892474563228e+01 5.292716355335514322e+01 7.161937892474563228e+01 8.230080219225079929e+01 7.724414941931088663e+01 5.794750702597684011e+01 4.439409892648895095e+01 6.472421073012831982e+01 7.586452722210391642e+01 8.434167406734086114e+01 7.748357523978293671e+01 6.353685433682379369e+01 4.579765084082337978e+01 3.170792353628984017e+01 4.218964139446783435e+01 5.615321890150347173e+01 6.673013148949863194e+01 6.665198320814674560e+01 5.843067824845503111e+01 4.948472270366548287e+01 4.122705705935064913e+01 3.783366303558889854e+01 1.740194024877222745e+01 3.784063351370341621e+01
3.653205470537677219e-02 2.003653205470502030e+01 2.694680606232975251e+01 2.996182360317697047e+01 2.722659238378666302e+01 2.722761310157071790e+01 4.723087810192102864e+01 4.859070302038287537e+01 5.444886286472380732e+01 7.444958864840297963e+01 8.082532587346398145e+01 7.254239059305537296e+01 7.732477712030485861e+01 8.184297073299752867e+01 7.362108135207625992e+01 8.184425278496838985e+01 9.107787508437134250e+01 8.692418505720036137e+01 7.323161957480805029e+01 5.340888654241678779e+01 7.323161957479584316e+01 8.434167406734086114e+01 6.454420034641418624e+01 6.759359758998314760e+01 4.959013343371964311e+01 3.565566261724453767e+01 4.579765084082337978e+01 5.974270477417123004e+01 7.011679640853910200e+01 6.934655313363400353e+01 5.831025110898299602e+01 3.850672227792904323e+01 4.123198682124398573e+01 2.085909122800380189e+01 1.926018801505787437e+01 1.777279984071511620e+01 3.815913813903841145e+01
4.500159517621803856e-02 8.989271228735471908e+00 2.313084364554515560e+01 4.312089187345397789e+01 4.718980145384141878e+01 4.722949587576547970e+01 5.552063426928668832e+01 6.859171181148118990e+01 6.746999968838849782e+01 7.389534692967136209e+01 6.928173742722331951e+01 5.254942437948712097e+01 5.733032268364642192e+01 7.732477712030485861e+01 8.693556293161276471e+01 8.521961046622207903e+01 7.107538937873199814e+01 8.521961046622207903e+01 8.239915205666883935e+01 6.783401424139086089e+01 8.239915382947722833e+01 8.392380808612441001e+01 6.817710440728026811e+01 4.854283373435377769e+01 3.978194949198337582e+01 5.535024125474736678e+01 5.535024125474735968e+01 7.368775870751922241e+01 6.934786547975211590e+01 4.961523171427200651e+01 5.274012012933853555e+01 4.144728841512100814e+01 2.387254319901372313e+01 4.117982635079820852e+01 3.237173297600055832e+01 3.559303186627278848e+01 1.830962425605378030e+01
4.567435126880908108e-02 2.004567435126845254e+01 2.897207106668230381e+01 4.885790037167404876e+01 5.310697072711689515e+01 5.223546389170817150e+01 5.809934355439839493e+01 6.025097120839718912e+01 4.411230333719654340e+01 5.095361420556435661e+01 6.099944616775267292e+01 4.100664271330179389e+01 5.433518972724763785e+01 7.432998160050820502e+01 6.693560626922538859e+01 6.693560626922538859e+01 5.693723040401059166e+01 7.107538937889925990e+01 9.107787548046717063e+01 8.847118111935006368e+01 8.942251926668390638e+01 7.567484000984653392e+01 5.596690538588891428e+01 4.469618774440559150e+01 5.939639175023059181e+01 5.024865016800305995e+01 6.990103135580973515e+01 8.330108666947393203e+01 6.717089635551016613e+01 4.746086619303881804e+01 3.334060713840199952e+01 2.724615288339207808e+01 4.427439076948343200e+01 5.226745052122096524e+01 5.034578955244919740e+01 3.487004175602392309e+01 3.868786587232032304e+01
5.351880592384315738e-02 1.419565442965491897e+01 3.419565442994664295e+01 3.983594059022557587e+01 3.307753710971093142e+01 3.223074781817116730e+01 3.809072092494947270e+01 4.719071068828262838e+01 2.817831381293026638e+01 4.633345995186816424e+01 4.648600604323995356e+01 3.432359514369268538e+01 5.433518972724763074e+01 6.571604922561108708e+01 6.693560626922538859e+01 4.694875923154305042e+01 6.693560626922538859e+01 8.521961046619257729e+01 8.721351810078908784e+01 9.549950810225462305e+01 8.115917357392834219e+01 6.138513692459626014e+01 5.010618855327361842e+01 6.429645974727399960e+01 7.251052727972718515e+01 6.990103135580973515e+01 6.410275140579688014e+01 8.389931744956679438e+01 6.727933805347397822e+01 4.772697809794455992e+01 5.323379851257629980e+01 4.742596235800241544e+01 3.090073692689298923e+01 5.084315182901416819e+01 6.195145094710179023e+01 5.406616866787769737e+01 4.171346256929220431e+01
5.706225480597197641e-02 2.005706046803805975e+01 3.395308729206530529e+01 1.981152661637858969e+01 1.893661784983261853e+01 1.808814359818386919e+01 3.094734783702124048e+01 3.112273434890654400e+01 2.108743998778745521e+01 3.461668134071885561e+01 2.642760610611439631e+01 4.648600604323995356e+01 4.876090381318758205e+01 4.573297116662562445e+01 5.453044402246437272e+01 4.161543542933812745e+01 6.159389672892815071e+01 7.307035379443260581e+01 6.721206332386880433e+01 8.721351810078908784e+01 8.374272858594835611e+01 6.394359673565108437e+01 6.974262819299659100e+01 5.678835330653017621e+01 6.811294970274511229e+01 8.797013034906336770e+01 8.389931744956679438e+01 9.216290808766591169e+01 7.551038922654645091e+01 6.719786263974840779e+01 6.345586901373395250e+01 5.327975116364147823e+01 3.346749651645313861e+01 5.327972426807355788e+01 6.744866060863220980e+01 5.753103665851668325e+01 4.416532275150766651e+01
5.506323356023958698e-02 2.005506322575104861e+01 2.326942697401847582e+01 5.668427367101117831e+00 7.389753298748866328e+00 9.143869337362939831e+00 1.094720860669781892e+01 1.280416198846835307e+01 1.468569120276390372e+01 1.929244371358501198e+01 3.939429775870447514e+01 4.484143936335291869e+01 2.877547803369019874e+01 3.161028647538327974e+01 3.455943382685657639e+01 3.847418745306247700e+01 4.552841911821828091e+01 5.307611887755098223e+01 7.307035379443260581e+01 8.906572412857092047e+01 9.200901518894136188e+01 8.374272858594835611e+01 8.199503450074274724e+01 6.220253116097673285e+01 8.199503450074274724e+01 9.624571798372367937e+01 9.530355883892826796e+01 8.533714875175519410e+01 7.703535784274389187e+01 6.583488447779984654e+01 4.343815688267561370e+01 3.722384975447804578e+01 4.343981705930585946e+01 6.148689896976339497e+01 5.944016157054421257e+01 3.952193261247069955e+01 2.889713899404821618e+01
6.166659562896406599e-02 1.662948133679837071e+00 3.269386791484838461e+00 9.299613683142020193e+00 2.738986273365834379e+01 2.914399601980678867e+01 1.989148074280064904e+01 3.280431560589602924e+01 3.471212889509558153e+01 1.779356181661154324e+01 3.782098947410867140e+01 2.483778534451618825e+01 4.484143936335291158e+01 5.158587922112232604e+01 4.867660479396823092e+01 5.844754098422016853e+01 4.552841911821828091e+01 5.184238489432357255e+01 6.078017702547260370e+01 7.232538923890233207e+01 9.232866026640097346e+01 9.608792489780365997e+01 7.615756816524248052e+01 7.615756816524248052e+01 7.615756816524248052e+01 9.608792489780121571e+01 8.695384565158560974e+01 6.711697969029029309e+01 5.731708472705473412e+01 6.069661213882246642e+01 4.105655360522983699e+01 5.693668288219880225e+01 6.311967961012183537e+01 6.311967161059502729e+01 6.744901238503722141e+01 5.361501906990711319e+01 3.336280613995564437e+01
6.211000661219646946e-02 2.006211000661184229e+01 2.326942697448465935e+01 2.326942486075485306e+01 1.824388572186906998e+01 3.824397847778202930e+01 3.989166366662817609e+01 3.622148909104143399e+01 4.610040874689454427e+01 3.196437219339228264e+01 2.100604213677582166e+01 2.680303368661239460e+01 3.388363776283486573e+01 5.386314769963493632e+01 6.866285386087810139e+01 7.379748300953262685e+01 5.965608318933020371e+01 6.551324366168407209e+01 6.597749789709295953e+01 8.597857620305997273e+01 1.006148468271065042e+02 1.043701090057290628e+02 9.608792489780365997e+01 9.608792489780175572e+01 9.608792489779850143e+01 1.043701089998913005e+02 9.530267706461469857e+01 8.046926400047215111e+01 6.070728213133297402e+01 4.683124485283330074e+01 4.475073246698979545e+01 5.608112694578257162e+01 7.579371936148228883e+01 8.292205743365859405e+01 7.426550751465642008e+01 5.796183017935113213e+01 3.804232364926637899e+01
7.336735264618567121e-02 2.007336735264583183e+01 3.835591874224851949e+01 4.326961411349336828e+01 3.824398567949110372e+01 2.893433911614548038e+01 4.893454558012695799e+01 5.036385629335025982e+01 6.022423837709774119e+01 4.734957303059136535e+01 2.735497961906534314e+01 4.679932415333113482e+01 4.679932408708525315e+01 4.541689895167252189e+01 5.695047610609066169e+01 7.694448605578136835e+01 7.965368241684339523e+01 8.551254059911043726e+01 8.597857620305997273e+01 9.426459961810421362e+01 9.866522973102529193e+01 9.039404610795217820e+01 9.866522973102529193e+01 9.462715050363374303e+01 1.028988350431796164e+02 1.050535184918557405e+02 8.857785528170799694e+01 6.871717340235339577e+01 5.484364003567667112e+01 6.649563775151612788e+01 4.875855805710532564e+01 6.842755515971899172e+01 8.409132464781350791e+01 7.991332860728456922e+01 6.065365535351767079e+01 4.675258131475074208e+01 4.579110629412921440e+01
7.164818186532601052e-02 1.007164818186541311e+01 2.421378380598491020e+01 4.421378425629291087e+01 5.721882622619995118e+01 4.048137359039409233e+01 5.721882622619995118e+01 7.036307921179491132e+01 6.148014904897269872e+01 4.149692049303478569e+01 3.890466277403503881e+01 5.563047194919829508e+01 6.678541230926686012e+01 6.540093865520952932e+01 7.368486481639003216e+01 8.522997289455412329e+01 8.717163473231653370e+01 7.896259763769904794e+01 8.153027171320391631e+01 8.974158653229959270e+01 8.868970190246028551e+01 7.045017623705166443e+01 8.868970190246028551e+01 7.467579321296710759e+01 9.137682645899650424e+01 9.666218370972650575e+01 7.667485201645241943e+01 6.531380638165995833e+01 6.871717431513638985e+01 7.261902294841104322e+01 5.295924050137656991e+01 6.681314679093409836e+01 8.663564790925055092e+01 7.743316294099867036e+01 5.814105869539650229e+01 6.629467386613943347e+01 5.569182518462235976e+01
