MOVIE_S4_data/elevation_000626.asc
nrows	100
cellsize	150.0
xllcorner	0
ncols	100
yllcorner	0
NODATA_value	-9999
[rows 68 to 84 of 100, columns 0 to 36 of 100]
7.700916269626027766e-02 3.763186737479031763e-01 6.756656173633065476e-01 9.752538286678525958e-01 1.704434918070492344e+01 1.075175600836802836e+01 2.492801357841068821e+01 3.124075069853739350e+01 2.209003537813311979e+01 4.182466885556497260e+01 5.228304731562535324e+01 3.282444227161242623e+01 5.228304731563090257e+01 6.348045698954838656e+01 7.145928234392791012e+01 8.106566811650924365e+01 6.732827712153626010e+01 4.691852337119485838e+01 3.509508530054826281e+01 2.943498102267976790e+01 2.533380653648212544e+01 2.277133988731409175e+01 4.326959092599806667e+01 2.811622329931367759e+01 4.739370900736984282e+01 4.629346417944456249e+01 4.660785171564935325e+01 2.723323062222766922e+01 4.882653188720060911e+01 6.376428186058349468e+01 5.190069539767009132e+01 5.553412632395445314e+01 4.056589983515453923e+01 4.529299610709943380e+01 5.024568429230988897e+01 5.562928278280806893e+01 7.521985960178921005e+01
8.069533752736411658e-02 1.615672119986997757e+01 2.069802237238689813e+01 1.878739469680466012e+00 1.581122640192599249e+01 2.911130684555473636e+01 2.416429130512469925e+01 4.194300440631297278e+01 3.351485530453425099e+01 4.993470986723267657e+01 6.027735742433852550e+01 4.412963150846857019e+01 4.263906287706478082e+01 5.125632069267048507e+01 6.238525079804073670e+01 8.172648527918542527e+01 6.732829046192762235e+01 4.691852337143674845e+01 5.554470014438872028e+01 4.090751966872250023e+01 4.375973827110129832e+01 2.506408840013410710e+01 2.325353073730957121e+01 2.358944321481776285e+01 4.193685300180894160e+01 4.554741289473715682e+01 2.517777311772490378e+01 4.623654251464503773e+01 5.584954150804836104e+01 4.382410334779756056e+01 5.089038781228485675e+01 3.529315246212070178e+01 5.553412632395442472e+01 6.519679897695701243e+01 6.998405771136761189e+01 7.521985960178921005e+01 7.521985960178921005e+01
8.761414646403616058e-02 2.008760660409095067e+01 3.283415974523836667e+01 2.412336586288980911e+01 2.900701084364391136e+01 3.943598001703216482e+01 4.195824750583319229e+01 4.950922327490552988e+01 5.317606636959305888e+01 6.126224944605232992e+01 7.141764049583882468e+01 6.342082043637181243e+01 6.192703175419710959e+01 6.992406125243844883e+01 7.855743008553648110e+01 8.971458339968380358e+01 7.558267726288849531e+01 5.871502347364940277e+01 6.972509434216655677e+01 6.120616425163733254e+01 4.991110314356543398e+01 2.944757786212894146e+01 4.331804468796968877e+01 4.381853119690695308e+01 2.405554569622035643e+01 2.438254290523122947e+01 2.471653961824140922e+01 3.699309660918948595e+01 4.606754230379201687e+01 3.109262926465498822e+01 3.048894503483984408e+01 5.088965248289038357e+01 6.365769162446353135e+01 7.439254143123871188e+01 7.466799508460940160e+01 8.283368169321420282e+01 8.972763202271343630e+01
8.635282826207266171e-02 1.406195356850772527e+01 3.335194651161538815e+01 3.963264345913119513e+01 3.963264345916581988e+01 4.791656264860783665e+01 5.232746045902166543e+01 4.396103199887502200e+01 5.222330184487171323e+01 5.711220949342216358e+01 6.512448683356745960e+01 7.365809264478716045e+01 6.537306941442460584e+01 6.325275807944132822e+01 7.153843832506692024e+01 8.048731196053432768e+01 8.722028181916253686e+01 7.909424652136767975e+01 7.787665800788968795e+01 6.993473573217832495e+01 5.476134445258093564e+01 3.465380792543760435e+01 5.452432499770436891e+01 4.654442349449089988e+01 2.826553537388306481e+01 3.403560295996788909e+01 4.056949509374634033e+01 2.518837784048338690e+01 2.552409550083472567e+01 2.586384388447178395e+01 3.116447290055869246e+01 5.342766341004266906e+01 6.133545398722715447e+01 5.354575347901709392e+01 5.362408543115694926e+01 7.444579293418206589e+01 7.834979214878332243e+01
9.478645523280027074e-02 2.009478645523244467e+01 3.374634538812319562e+01 1.963156940323608168e+01 1.963156940323607103e+01 3.963264345874724626e+01 4.052688022845010352e+01 2.391066334411435079e+01 4.170063735655945436e+01 3.738849001966264041e+01 5.415231502191991808e+01 6.210428633226937478e+01 4.535716259217150537e+01 4.323624251996374568e+01 5.218901547742041913e+01 6.634362398487391488e+01 8.635056542630113086e+01 8.349598194580505606e+01 6.434680312433322058e+01 5.040325614009698540e+01 4.274696437901789636e+01 5.476134445335964074e+01 5.277479638789993288e+01 3.417831662110191360e+01 4.701808699592572793e+01 4.820714629427992293e+01 3.567030038533961545e+01 4.485185035266275122e+01 4.109902027871088137e+01 4.651607284920702057e+01 2.635872525621867624e+01 4.659471592176547716e+01 4.328322096709675293e+01 3.850580260105169828e+01 5.456901069042404373e+01 7.686226084702614969e+01 7.037190736295802651e+01
9.525764315303594798e-02 2.009525764315268148e+01 2.345957695171929558e+01 5.489789220401857683e+00 2.548974836317908554e+01 3.562610974323067836e+01 2.532559172645957446e+01 1.392387395333789790e+01 3.340828230978164726e+01 2.587251780937869583e+01 4.579232282887775796e+01 4.650818084166406408e+01 3.380118498362321589e+01 5.381688022252232884e+01 7.153843765537685329e+01 8.048722996267592578e+01 9.394261069830695021e+01 8.563578846158087288e+01 7.787814199263796411e+01 6.993527498147882682e+01 5.282784612747796871e+01 7.040156022844364259e+01 5.725387113744838530e+01 3.828733850596841393e+01 5.725384714553411669e+01 5.882885595015251567e+01 4.476206591820916003e+01 6.019641163200400058e+01 6.261180893689144966e+01 5.519308393125728429e+01 4.695808444224889655e+01 2.686536843237304595e+01 2.800847077617551051e+01 5.071160000609337004e+01 6.795402465315393670e+01 6.924324922202744403e+01 6.703486916449398336e+01
9.788009848798670531e-02 2.009788009848763224e+01 3.479725597249677449e+00 2.348034206767531629e+01 7.547076469480453298e+00 2.754634551404171461e+01 1.175680492575488678e+01 3.174486959379126461e+01 1.614222147988484579e+01 1.771984173615394909e+01 3.771411448533779520e+01 2.649745398122720985e+01 4.064583185120280717e+01 6.066114327434175379e+01 6.207342807444402411e+01 7.035744445359645738e+01 7.876504873299316500e+01 6.581720011312170016e+01 8.246045990831626682e+01 8.001071454201947120e+01 6.666583844357695909e+01 7.339286562878963593e+01 5.362703497087657212e+01 4.334734249035795983e+01 6.289754043064814937e+01 7.214996514173884634e+01 6.424993011030598211e+01 7.217486865535569507e+01 6.952249686706672094e+01 5.565402970135076544e+01 3.502505624995026778e+01 4.607356473372090022e+01 2.738253565568296821e+01 4.850246649276149924e+01 6.249170655833405164e+01 5.153500959765860046e+01 5.273634725205559448e+01
1.029007262483629948e-01 1.489651216811437084e+00 2.149021512679410506e+01 3.145803973163929967e+01 1.735112793238058515e+01 9.631334903696208372e+00 2.962063498304113551e+01 2.588599424603364341e+01 3.615246120955346498e+01 3.771411448521849508e+01 2.001580314054432108e+01 4.001584258074725398e+01 5.088684249131949144e+01 4.831939460368946726e+01 4.205598651402043231e+01 5.880362187932405504e+01 6.047520620656857204e+01 5.466073083363971108e+01 7.387797136844444879e+01 8.547223129789774987e+01 8.556719763504541731e+01 8.157848502832779047e+01 7.110001950887242117e+01 5.188291606589174165e+01 5.706951170405611151e+01 7.696783237323401750e+01 8.261826259641539139e+01 6.417929222444540471e+01 5.053817567112668030e+01 4.381166538379966369e+01 5.240574774205389019e+01 2.789216491055016434e+01 2.922392277477635147e+01 4.859051633243990409e+01 4.337898304889074552e+01 4.523044564716821725e+01 2.978265340769724645e+01
1.090813040483475660e-01 1.850762781215515318e+01 1.566988741975598209e+01 3.575358148082278831e+01 3.562219110779651743e+01 1.962132042074073013e+01 3.790523419515726289e+01 3.743199601127734155e+01 4.944974333534626254e+01 2.943741517697493393e+01 4.001584297926230960e+01 2.259239225648826377e+01 4.259860970692934501e+01 2.830518372485723688e+01 3.050060616019250403e+01 5.051636537651869219e+01 4.736956333262057228e+01 4.597681149084870356e+01 6.554380257039406388e+01 6.563431761339883508e+01 7.771253333895120363e+01 8.520597016040150606e+01 7.998628070653687416e+01 6.340641775466708197e+01 7.696787095942572421e+01 8.513614363993578138e+01 8.260324909460375409e+01 6.417885720072942490e+01 6.957442092944955903e+01 6.324612887171846864e+01 5.808016407994564645e+01 4.883210236801135551e+01 2.836008584608524075e+01 2.867240705974884563e+01 2.896087828730070157e+01 2.925815718426705914e+01 3.974219608063033604e+01
1.124699208350869450e-01 2.011246992083473017e+01 3.565901727381108088e+01 4.403762200125277104e+01 4.790503873002282376e+01 3.961994954548967485e+01 4.790503872638871030e+01 5.157163969886248367e+01 5.701505951832491803e+01 3.699910952313852874e+01 5.067662379228050185e+01 3.663736980090293827e+01 2.523828866766174173e+01 4.524935366478456444e+01 5.051636051660390336e+01 3.374591614110454429e+01 3.608770091693785531e+01 4.109189210830210470e+01 4.625903263057463732e+01 5.159849775219213797e+01 5.789192931573436596e+01 6.538019986566968100e+01 8.520597016040150606e+01 8.328367973580563444e+01 9.143248424492922766e+01 9.301944584950550166e+01 9.018726091570447068e+01 8.260324909460375409e+01 7.474419213783313864e+01 6.072205598802113968e+01 5.079824685148492591e+01 3.021918489873691627e+01 4.821934821519127468e+01 3.653875424375868164e+01 4.930382325068446647e+01 4.884270751107558084e+01 3.106067974633849715e+01
1.143247760050987577e-01 2.011432477600474300e+01 2.997541222515534187e+01 3.552241418740803169e+01 4.184696950774490176e+01 5.013124075520709511e+01 5.907551266520641065e+01 7.151673839546678835e+01 6.530149690169228904e+01 4.700729031186670426e+01 6.387849456292310890e+01 4.905532123326756988e+01 2.908646052693086759e+01 4.910205429965448332e+01 6.204818537821940794e+01 5.376361755770541606e+01 5.610661887337549558e+01 4.035538965969162462e+01 6.037462748589808825e+01 7.144470800758493567e+01 7.771253333895120363e+01 8.520597016040150606e+01 8.155656699283248656e+01 1.014439521217803559e+02 8.739052140623212495e+01 7.353375762801515236e+01 8.662830365529201515e+01 7.644786796482608793e+01 6.245030545898636376e+01 4.669991983819758730e+01 3.217886733332433380e+01 5.079764345509784818e+01 5.046289592818315839e+01 5.263910269973690248e+01 4.180263528896866632e+01 3.477856554301648373e+01 3.251906697097208365e+01
1.246997244282603834e-01 4.975412225154941304e+00 9.975412225154984824e+00 1.552241418740732470e+01 2.184696950774419477e+01 3.079124141774351031e+01 4.493337704147496225e+01 6.493337704147637623e+01 7.530693072125819754e+01 6.116217787741418732e+01 6.734350347388360092e+01 4.732513894111791330e+01 3.316995597690900865e+01 4.472717166294549429e+01 6.474664570377184702e+01 7.193016237002751723e+01 5.191537887680600249e+01 6.037462748589774009e+01 4.514203333088798331e+01 5.409613022807310756e+01 6.565446692021592412e+01 8.566074745116206657e+01 1.014439521217803559e+02 8.888897706688723588e+01 7.756881723956927033e+01 5.969022402173054331e+01 6.738690492523917897e+01 6.417712004573017737e+01 4.845274295159316580e+01 3.404397255579429782e+01 4.669991983819758730e+01 6.072169713739238261e+01 6.932841340268693386e+01 5.841623918875467325e+01 3.837085345315377083e+01 5.674749792226270273e+01 4.890822051125920211e+01
1.222495852330377081e-01 2.012224958523268370e+01 2.997541222515534187e+01 3.552241418740803169e+01 4.184696950774490176e+01 5.013124075520709511e+01 5.907551266520641065e+01 6.425613656815708907e+01 7.249861086510146890e+01 8.117169148483941399e+01 6.946509776356133159e+01 4.944626621672151856e+01 3.788689250493605698e+01 5.790722551817786012e+01 7.303258743138299280e+01 8.020832382306680586e+01 6.347393410145070902e+01 6.887628737167862880e+01 4.886051077100418638e+01 6.887628737167872828e+01 8.238631418411991092e+01 9.392958129089666386e+01 9.864017180601592827e+01 8.073662372695390843e+01 6.120756384969629949e+01 4.959421679263430605e+01 6.222806246715655476e+01 4.763010693338134871e+01 3.584744234150932130e+01 5.426627996339720283e+01 6.245030483379265718e+01 7.474419213784855742e+01 7.521235196855612060e+01 5.574156268083093835e+01 4.118477148096304319e+01 6.143776736045537490e+01 6.155578494220522145e+01
1.242739267172789652e-01 1.012427392671736648e+01 2.426640955044856796e+01 4.426640955044927495e+01 5.288811052125427636e+01 4.463810938937267281e+01 5.017245404524111052e+01 4.433880173609237119e+01 6.425613656815708907e+01 7.485088933862230931e+01 7.774867233505807462e+01 6.345993024277735373e+01 4.343938185701489374e+01 5.759755440498241086e+01 7.761297140278939821e+01 9.175115778541530176e+01 8.348156118975494167e+01 7.324347340149790853e+01 5.322950397120778376e+01 6.152211191570947335e+01 7.307939701860341586e+01 9.307622881272016002e+01 9.042489785661766177e+01 7.081540321517694281e+01 6.070256027322713521e+01 6.229599891918576304e+01 4.227601995067129792e+01 3.767227809241941117e+01 5.602147853371667452e+01 4.607713641872347665e+01 6.022526057012261447e+01 7.982475864656269948e+01 7.729648725571686896e+01 5.788175509413992614e+01 4.913584226953702938e+01 4.659297292186034412e+01 6.652762931897585474e+01
1.363277786145862258e-01 2.013632777861423051e+01 3.840854517418026859e+01 4.583414036891240073e+01 3.757910493509389482e+01 2.467222971805284359e+01 3.021809061127816065e+01 3.777232881336186665e+01 4.670167268428025409e+01 6.078872079802255968e+01 8.066601917886744388e+01 7.174599195070020130e+01 5.759755438255324833e+01 5.499962960862593775e+01 6.655976366866075011e+01 8.656963867681520242e+01 9.197472117353403576e+01 7.197726439097196760e+01 5.782196433500423183e+01 7.783438387609946574e+01 8.980088456164503441e+01 1.013370045109390389e+02 9.864017180601592827e+01 8.880263052825152670e+01 7.930536504182592239e+01 6.388007531740542078e+01 5.760949910160839949e+01 3.901834792154441800e+01 5.959369038432640053e+01 6.596582064921734911e+01 6.022526057012267131e+01 7.982475864778528774e+01 8.524766507890932132e+01 7.685664307902708003e+01 5.830447291166249357e+01 5.060662421627396412e+01 7.017673065566295065e+01
1.385108665542580109e-01 1.436356253614984091e+01 3.506233751652774799e+01 3.203836282223126375e+01 1.760167514270505862e+01 2.516029082471318290e+01 3.515449130680936918e+01 4.926566642326265111e+01 6.594932541904987033e+01 7.485088933322167293e+01 7.593437000449243612e+01 8.422251078267593982e+01 7.761294637458925649e+01 7.501695618330063553e+01 8.330094584178513628e+01 9.484906250524718985e+01 9.197472117353403576e+01 7.197726439097196760e+01 7.197726439097196760e+01 6.725949615057021447e+01 7.881742171908886974e+01 9.880039871560825304e+01 9.794868092458877129e+01 8.773972014360977312e+01 7.930501801196886902e+01 7.389266647649449737e+01 6.044271163667597335e+01 4.037914415592566542e+01 5.475032300263811180e+01 7.453751904873955425e+01 7.982475864778528774e+01 8.798093019051221120e+01 9.089986248614995645e+01 7.196988454430110949e+01 7.389510769582085459e+01 5.465748642377618438e+01 7.389510769817005098e+01
1.449534828613714132e-01 2.014495348245887385e+01 3.203818596525882612e+01 1.205470781529909807e+01 3.203836051886064951e+01 4.512508957265384879e+01 5.337477957487289615e+01 6.333978613250104672e+01 7.741390587092949715e+01 7.267114814498630437e+01 5.592756643614200129e+01 6.958302976286729802e+01 7.787099298611893516e+01 8.134961003523420686e+01 8.135651044366218798e+01 8.969188310462425306e+01 1.002292903396110120e+02 9.197472117353403576e+01 9.197472117353403576e+01 7.881740309600672845e+01 8.726322156745770542e+01 1.070318739351832562e+02 8.953665668773959396e+01 6.907337933619807302e+01 5.918103582009491248e+01 5.843776757999473404e+01 5.433515514224058052e+01 4.176175004139098945e+01 4.907180583222991999e+01 5.810610110831110120e+01 7.206579282531697572e+01 9.185294919430461391e+01 9.890324206260261519e+01 9.089986248614995645e+01 7.778781302508332374e+01 5.880889151170134710e+01 7.778781302508332374e+01
