MOVIE_S4_data/elevation_000869.asc
nrows	100
cellsize	150.0
xllcorner	0
ncols	100
yllcorner	0
NODATA_value	-9999
[rows 68 to 84 of 100, columns 0 to 36 of 100]
7.700916269626027766e-02 1.421914478642733570e+01 3.421914478644918489e+01 4.433986891048152046e+01 5.262415341108824407e+01 5.450385539567388804e+01 6.278836579158093656e+01 6.084705737003934445e+01 4.672504946223231315e+01 4.672504946223231315e+01 6.671137954464582265e+01 6.619631118736708686e+01 4.945469353647224864e+01 5.205016101855303390e+01 7.205457955437968565e+01 7.534561818811666001e+01 7.534561818811666001e+01 8.363208331909613946e+01 8.812124913201972731e+01 9.002487376365242255e+01 8.180104308787075240e+01 7.334853095896995967e+01 6.926616301090489003e+01 8.582586129919360474e+01 9.725036317700073596e+01 9.292679248682814830e+01 7.307968713438526720e+01 5.885543193631054493e+01 5.117632838448042776e+01 4.438368905954831689e+01 4.347334013180066847e+01 5.995596939031531036e+01 5.256384243716145477e+01 7.267604000078021897e+01 8.643651645487310020e+01 8.555643425688241166e+01 7.734579698676543558e+01
8.069533752736411658e-02 2.008069533752700764e+01 2.800993693312840804e+01 2.433986847104475260e+01 3.817391499699016322e+01 3.450384632669036478e+01 5.312488134958234554e+01 6.206916657483846222e+01 6.671137954464582265e+01 6.671137954464582265e+01 7.496906527784635443e+01 7.774631886023924210e+01 6.945855347344631525e+01 7.205457955437968565e+01 8.034246135618130324e+01 8.115992915318209100e+01 7.295708898438810763e+01 8.115992915318209100e+01 8.273542677717253468e+01 7.450711536672152135e+01 6.205890989071868802e+01 5.939722523196619619e+01 5.787049524433304981e+01 6.926616301090489003e+01 8.901074507953947546e+01 9.871584504654468617e+01 7.889242646515505442e+01 7.533997786848055966e+01 5.525564098210753627e+01 6.460466450259296778e+01 4.962107315550020559e+01 6.978374605505287320e+01 6.684048875526764277e+01 8.089326864199921374e+01 8.401948868210094190e+01 7.401391799849025688e+01 5.728315905090315141e+01
8.761414646403616058e-02 4.009936849227734079e+00 8.009936849227768718e+00 1.300993684922781135e+01 1.817391464417112346e+01 2.484058131083790855e+01 3.378485322083738396e+01 4.792698885003837006e+01 6.792699210007313582e+01 6.859172927966480415e+01 6.859172927966480415e+01 7.676022917288538849e+01 7.983174952007017566e+01 7.159478699335379304e+01 7.983174952007017566e+01 7.127218714713423253e+01 5.319317146078413572e+01 7.127218714713423253e+01 7.450230548065788128e+01 5.472281561229150526e+01 5.062295964796199144e+01 4.794639841319781937e+01 6.195733753339396088e+01 8.170348517652003295e+01 8.915770469817684329e+01 9.172733498087656301e+01 9.157446139045850941e+01 7.169214123393270199e+01 6.951251843446569012e+01 7.647537398362823069e+01 5.640049312404103432e+01 7.647537590844220290e+01 8.676430696161963851e+01 8.986311006766165121e+01 6.998306295990730064e+01 5.571946120024043125e+01 4.555403374968875596e+01
8.635282826207266171e-02 2.008635282826171675e+01 2.800993693312840804e+01 2.433986847104475260e+01 3.817391499699016322e+01 4.484058184006644154e+01 5.312488134958234554e+01 6.206916657483846222e+01 6.285163199231332953e+01 4.894303481174127057e+01 4.894303481174127057e+01 6.859172927966480415e+01 6.983983869611573425e+01 5.157035791755236431e+01 6.983983869611573425e+01 6.307513022258614654e+01 4.325449436045217766e+01 6.307513022258614654e+01 7.437974921937480133e+01 5.471784721563440002e+01 4.066887719276986957e+01 6.051293841003975871e+01 7.594214684522148673e+01 7.426870748779822407e+01 6.941594393393909002e+01 7.197424911555170013e+01 8.596808744465955954e+01 9.157446203387810613e+01 8.941091206475118724e+01 8.468916970379078180e+01 6.651639919373602083e+01 8.468920362366664278e+01 9.875316127755462503e+01 9.057076030723159477e+01 7.365413155032024406e+01 5.353466402154952419e+01 6.576262757385040914e+01
9.478645523280027074e-02 1.423692207896387529e+01 3.423692207896458228e+01 4.433986891048152046e+01 5.262415341108824407e+01 5.615781453211555885e+01 5.615781453211555885e+01 6.433555065482697444e+01 5.469800417993351971e+01 3.458498364966015259e+01 5.469800417993351971e+01 6.697926462714535489e+01 6.158257245545303249e+01 4.170355573071873323e+01 6.158257245545303249e+01 5.646825160187484016e+01 3.660704230602231490e+01 5.646825160187484016e+01 7.072010242752595843e+01 5.089868724816448520e+01 3.682953833988361225e+01 5.388893687092703999e+01 5.702922859996211713e+01 5.450190248777472846e+01 5.544807580424973992e+01 5.801122736342209407e+01 7.317194733171366750e+01 7.845184313341445659e+01 8.663338378641167026e+01 9.462853196185793081e+01 8.643436210819241694e+01 9.462833357913119414e+01 8.480012139984221164e+01 7.072687133405491977e+01 6.309539130148009889e+01 7.365413155032024406e+01 8.187374131195028326e+01
9.525764315303594798e-02 1.009126661235908173e+01 2.412626201934395453e+01 4.352435197174114734e+01 5.033854387240475603e+01 3.634153708998255183e+01 3.634153708998255183e+01 5.615781453211555885e+01 4.833770862979437766e+01 2.755250517424015300e+01 3.863691815325061896e+01 5.880340382496191154e+01 5.495623354720824238e+01 3.528690282875286499e+01 5.495623354720824238e+01 5.073481433517886785e+01 3.083788632483321024e+01 5.073439399425073759e+01 5.832345073042132100e+01 5.306595277373665454e+01 3.318599322752948666e+01 3.401296499989061317e+01 3.716827984583439104e+01 4.044805246811588262e+01 4.397392786152988009e+01 4.855558979263490471e+01 5.329424434036631908e+01 5.869632048828933790e+01 7.845184313341445659e+01 9.512683906860642935e+01 1.033607424532323478e+02 1.127057874737281224e+02 9.875316127755462503e+01 9.057076030723159477e+01 8.307047603741239072e+01 8.408372817460609383e+01 7.585584413364415468e+01
9.788009848798670531e-02 2.009788009848763224e+01 3.815297940968101642e+01 3.940574681568765669e+01 4.214559037490851523e+01 2.211637390076569432e+01 4.214559037490759863e+01 4.253066453313003592e+01 4.233753722468168235e+01 2.109379987361334940e+01 3.505099542699085902e+01 4.345566573957162149e+01 4.927818685466826309e+01 2.969950930576903403e+01 4.187913663320112789e+01 3.927291657598068753e+01 2.564745262048170460e+01 4.195966182582315440e+01 3.835551489318852703e+01 4.636528519140938442e+01 2.965454231718751643e+01 4.374515035608463620e+01 5.702922859996211713e+01 5.450190248777472846e+01 5.767241766876649933e+01 5.765285792393989084e+01 6.670145889475823253e+01 7.845174470049174431e+01 6.807667081822341970e+01 7.548912841213842739e+01 8.933083179375191207e+01 1.091196384391733574e+02 1.033585782412186660e+02 9.532263932599650502e+01 9.239878383813682206e+01 7.585584413364415468e+01 5.576214099725793716e+01
1.029007262483629948e-01 1.996155316929186441e+01 2.311386279515697950e+01 1.761022599369205466e+01 3.164361370791884198e+01 1.568236200043581974e+01 2.725147422626739058e+01 2.244383031480135671e+01 2.941050232912581563e+01 3.049917810925734685e+01 1.463717310944022465e+01 3.505099542698639681e+01 4.853919856701336499e+01 4.187184863146534042e+01 2.220527753951233052e+01 1.917036392487127117e+01 2.055511093950651968e+01 2.199046317526063987e+01 2.420804338748578743e+01 2.644317566586389745e+01 4.636555753096447319e+01 5.775843009128480077e+01 7.177170982648490849e+01 7.426870748779822407e+01 7.647689982770013728e+01 7.676130133049177573e+01 8.317796357156333897e+01 9.318053872972519969e+01 8.770448210922680232e+01 9.512683906860642935e+01 1.033607424532323478e+02 1.025215829288529221e+02 9.258978336152704003e+01 7.582760531135106419e+01 8.246646806035252553e+01 6.432353365631045961e+01 6.164745038675609834e+01
1.090813040483475660e-01 1.110333652710520314e+00 2.112843069371088678e+00 3.119152326987707724e+00 2.256483169736104699e+01 2.516557125412343154e+01 7.049908702389150683e+00 8.114836176240343590e+00 9.186423444644777447e+00 1.026378610290941396e+01 1.135459176549505855e+01 3.160278734153778757e+01 2.852515748061600931e+01 3.559858087335658894e+01 1.721097060047688743e+01 3.738907672916316471e+01 4.060989214018363924e+01 4.200070180574349621e+01 2.463610768935452455e+01 4.458715114680143188e+01 5.457589674582145989e+01 6.943776663143066230e+01 7.791484140308948270e+01 7.266651197211299973e+01 7.523954922621985020e+01 7.376511733467944509e+01 8.197212253094774326e+01 9.596365361673588268e+01 9.843154108225894561e+01 1.066869235314086808e+02 1.081680556962395343e+02 8.882456861205875498e+01 7.443027402570156426e+01 6.371578237010780299e+01 6.746837726363058607e+01 6.568982439698356757e+01 4.547795437403679131e+01
1.124699208350869450e-01 1.243851117115146820e+01 2.012455873857616950e+01 2.271957352588292167e+01 4.553230800631598463e+00 5.571224790344650124e+00 2.575363417350752115e+01 2.832696929689958054e+01 2.941050262273002147e+01 3.049917810918425687e+01 2.753869554850320611e+01 1.296721365258676961e+01 1.415096309347864256e+01 1.535581655466073947e+01 3.559857051590186217e+01 2.740695038122474259e+01 4.737123854243692023e+01 5.279933506490049666e+01 4.458715114680143188e+01 2.729831934669265081e+01 4.140361002657890310e+01 4.989659066573099722e+01 6.688021497389999581e+01 5.288862314921991725e+01 5.547564794696019419e+01 5.399968311611064564e+01 6.798022261978962888e+01 8.227866022479311425e+01 7.864839232648768075e+01 9.620454368100813269e+01 1.076535122005537630e+02 9.979449742200496587e+01 7.996303341695443123e+01 6.560785104133287859e+01 5.378686945634623839e+01 4.990309587508306066e+01 5.975417521407047161e+01
1.143247760050987577e-01 8.651617094264304697e+00 1.970276438374386885e+01 3.145936026730032609e+01 2.472618343525943274e+01 1.124084801180454463e+01 1.771027343678537846e+01 2.698697205728006310e+01 4.605570607163301844e+01 3.961585478544879635e+01 1.945758714069509665e+01 3.320930689456022122e+01 3.438330652864298997e+01 1.865750628985064807e+01 3.831168390662207202e+01 4.155919928079743642e+01 4.155919934034073293e+01 6.140276717730905176e+01 5.537632571284697036e+01 4.718222482041115029e+01 3.000100395800348352e+01 4.989653738108679448e+01 5.514396072346613664e+01 3.882749720235482727e+01 4.142450660759995174e+01 6.126436060903525771e+01 6.980439718333538224e+01 6.255511256516148677e+01 6.825203341805394075e+01 7.960964255409210466e+01 9.939296802573227296e+01 9.646686267863931619e+01 7.657194449258615521e+01 6.214418919663292229e+01 7.413002653006272169e+01 5.531077271894856295e+01 7.534317090039660059e+01
1.246997244282603834e-01 1.996286745494745318e+01 3.484941444922322518e+01 4.379724207867752739e+01 3.912132779185369458e+01 2.068037152561898395e+01 2.219151719244225163e+01 4.209062072453170344e+01 4.422394435057261575e+01 4.443157455653454235e+01 2.430149073296973228e+01 4.443157455654023380e+01 4.172991815697179874e+01 2.179835882257761881e+01 4.172991815791840509e+01 6.140271305607595309e+01 6.140276276115270093e+01 6.960665060670109483e+01 5.980663506004156460e+01 3.997537526031721455e+01 4.989661696465810792e+01 3.286965895122894921e+01 3.527250156332910791e+01 5.514397546051235111e+01 6.126436060903525771e+01 4.545376000616692380e+01 5.002764115956901492e+01 5.577070518044976666e+01 6.460920404466830291e+01 7.596130365460004441e+01 9.571503222088838925e+01 9.391347873391836742e+01 7.396987044228181674e+01 7.396987044228181674e+01 8.212663227244388509e+01 6.207609629282241315e+01 7.178638324940428106e+01
1.222495852330377081e-01 2.012224958523268370e+01 3.657351098345536400e+01 4.657351098345518636e+01 4.933874869818224340e+01 3.465988079325074267e+01 3.354353000049548683e+01 5.039064945950095620e+01 5.935590663310338044e+01 4.972428463011204514e+01 2.959132373949585570e+01 4.972428463011202382e+01 4.565679412481702570e+01 2.511760850229016029e+01 3.415457824368875350e+01 4.606837036026335852e+01 6.602276283536379253e+01 7.230672376564490378e+01 5.254714245782086834e+01 5.978093971402495299e+01 5.657616586006447790e+01 3.671032311092871225e+01 4.934555236677205414e+01 6.334705003023051262e+01 7.346403635377613739e+01 6.526729793080396291e+01 5.087833346358436870e+01 7.064788326571324717e+01 8.370391064342361176e+01 9.253472208138849453e+01 1.039686894546005504e+02 1.020735349858550620e+02 8.558991600973556046e+01 8.814984628937750699e+01 9.033977454626950987e+01 7.112437944558651282e+01 9.033977454626950987e+01
1.242739267172789652e-01 8.289239735994469171e+00 1.828923973599429331e+01 3.243137535972474694e+01 5.243137535972403640e+01 5.535053751434477931e+01 5.379366274449885310e+01 6.201342987616215652e+01 7.400721045127563968e+01 5.215755521631425040e+01 3.549683603357306083e+01 5.568618098911525038e+01 4.987374568707470246e+01 2.921498649194815656e+01 4.987374568707470246e+01 6.271597800006438916e+01 7.420112835913887750e+01 7.230672376564490378e+01 7.230560517651014152e+01 6.587728382516880288e+01 4.610477594028961335e+01 4.169737539129847192e+01 6.153508667902628559e+01 7.734753378628867893e+01 8.854233636059903745e+01 6.881754273785848852e+01 5.485970517287536552e+01 7.459492322565644429e+01 9.000494044289538920e+01 1.020373868238957016e+02 1.103052929629247387e+02 1.134455499022690788e+02 1.052836768651451536e+02 1.078281183500624536e+02 9.922642007503421269e+01 8.523720862274259957e+01 9.922642007503421269e+01
1.363277786145862258e-01 2.013632777861423051e+01 2.876688299838672691e+01 3.348092820629743471e+01 3.864490600124074859e+01 4.441840869313710272e+01 5.108507535980388781e+01 5.936934660760613980e+01 6.936934660767066418e+01 6.278025988218416131e+01 4.271517471593862325e+01 6.278025988218430342e+01 5.433668511495964992e+01 3.388492736467391353e+01 5.433668511495964992e+01 7.000737580240981117e+01 7.981208895820219595e+01 9.201591250454652027e+01 7.731302719669453438e+01 5.756329827673619093e+01 6.591624823132397637e+01 5.060184814974480361e+01 5.108142424667889969e+01 6.507275059392284788e+01 8.482506253048185840e+01 8.279731589917854251e+01 6.370465570751385087e+01 6.208993061936390490e+01 8.178743480501056240e+01 8.223446365694826454e+01 9.620428366890882899e+01 1.161197435713864934e+02 1.165660182585413338e+02 1.084251369897939128e+02 1.084251369897939128e+02 1.050069840600046547e+02 1.099946021400767364e+02
1.385108665542580109e-01 4.402525193666485315e+00 8.766882998386371639e+00 1.348092820629672950e+01 1.864490600124004160e+01 2.441840869313639928e+01 3.108507535980318437e+01 4.108507535980353254e+01 6.108507535980423597e+01 7.100962326706704175e+01 5.437016751527181668e+01 7.100962326730261509e+01 6.250505577831518877e+01 4.596358789375759812e+01 4.193626466631395289e+01 5.208017231800323543e+01 6.593553009285115252e+01 8.548970144490303369e+01 8.552984943294943321e+01 6.896715968297971244e+01 7.859665281012775040e+01 6.203679915304779513e+01 6.507274583070730500e+01 6.507274583070730500e+01 8.482413268330283529e+01 9.162719956461765491e+01 7.505918909127797178e+01 7.600139291332953917e+01 7.088935842465153314e+01 9.060416380271699666e+01 1.103052929629247387e+02 1.042523773655761232e+02 1.084251369897939128e+02 8.880005331409279279e+01 8.880005331409279279e+01 1.026830357863171344e+02 1.121696821246040656e+02
1.449534828613714132e-01 2.014495348286101617e+01 2.876688299838672691e+01 3.348092820629743471e+01 3.864490600124074859e+01 4.441840869313710272e+01 5.108507535980388781e+01 5.936934660760613980e+01 6.936934660819491683e+01 7.246788953927051580e+01 7.426865970356030289e+01 8.248914965572750191e+01 7.391698053798697288e+01 6.577454862747858044e+01 5.359795869879385322e+01 5.467734013138867510e+01 6.851587049672711771e+01 8.809648155032465411e+01 9.694980346784369374e+01 8.871476298191367960e+01 9.002858620946555845e+01 8.178038313619987321e+01 8.482413268330283529e+01 8.482413268330283529e+01 9.307207499513933158e+01 1.030574360018395623e+02 9.480638167517649606e+01 9.575617561236533959e+01 9.060416380271699666e+01 9.884542488685697492e+01 9.850466427278252013e+01 8.461672526552813167e+01 9.850466427278252013e+01 9.454810724135225541e+01 7.488661279773801027e+01 8.439048650715589872e+01 1.040292990764859127e+02
