MOVIE_S4_data/elevation_000514.asc
nrows	100
cellsize	150.0
xllcorner	0
ncols	100
yllcorner	0
NODATA_value	-9999
[rows 51 to 67 of 100, columns 0 to 36 of 100]
1.045510899316130261e-02 9.298834787490550813e-01 1.849968414114123494e+00 2.772718148115274062e+00 3.699280231209318259e+00 4.645306060619078359e+00 7.558009078767828015e+00 2.568761713474462383e+01 2.653672804967380472e+01 1.359538211685051046e+01 3.320327811324821710e+01 3.922088006466383803e+01 2.766372122263270938e+01 3.506425003155576547e+01 1.728496332176796457e+01 3.726919829611629353e+01 2.847405472946367411e+01 3.554038031050880875e+01 4.708495277059348894e+01 6.708423949557857213e+01 7.552627371388788902e+01 6.184286356092056991e+01 7.666236460162319588e+01 8.498685624584410903e+01 9.396682675310249522e+01 9.201362883354697431e+01 7.771909174089826422e+01 7.634357133960702413e+01 9.174369474415988179e+01 1.144090225884795018e+02 1.113035072176728875e+02 1.192186805258093898e+02 1.219635820824767194e+02 1.138025466580642444e+02 1.212472965415193471e+02 1.127845702623117461e+02 1.019892769437708893e+02
1.199560344128819747e-02 2.001199169071598405e+01 2.184955819405849198e+01 1.849914353990449456e+00 1.784117329325714962e+01 2.438969066178216494e+01 1.141745093073707729e+01 2.513830407082389939e+01 4.041100587191213833e+01 3.320327811324821710e+01 2.101884207166724750e+01 4.060684873258593797e+01 4.766378062892997747e+01 4.556541416254758303e+01 3.727804540247107923e+01 1.953499659860955973e+01 3.952639125157237743e+01 5.553764592130789168e+01 6.382713622007872800e+01 7.537753423623748006e+01 8.695890747734316051e+01 8.188522024057088800e+01 9.020795360596230239e+01 8.817031414327979633e+01 8.363044356042784955e+01 7.530299955890050967e+01 6.340694563021647667e+01 7.771909174089826422e+01 9.795352335171530456e+01 1.017364990309606014e+02 9.909851658995549428e+01 1.075280906746453411e+02 1.192675920681200807e+02 1.178302572781786921e+02 1.095071756798588467e+02 1.143148253286143472e+02 1.121297579180997275e+02
1.680456789927393946e-02 1.415894019948506966e+01 3.415894962988616612e+01 3.691586343595463404e+01 3.784232017714821694e+01 3.729157969209753531e+01 1.749276045252388201e+01 3.724855698107563740e+01 5.204955600973880792e+01 4.685221242315526524e+01 2.710263760228818342e+01 4.060684870787591905e+01 6.060663489796326786e+01 6.007759987558437587e+01 4.117994280686306752e+01 2.119160576354224901e+01 3.532359741487326943e+01 5.531841127814608683e+01 6.071989363723675837e+01 6.901003611742078192e+01 6.711504382554088011e+01 8.114207830840149427e+01 7.358607765088900976e+01 6.814674248106872767e+01 6.814674248106874188e+01 5.520673082795606490e+01 7.530299955890050967e+01 9.201362881587695597e+01 9.582922913559673361e+01 8.149082382707979377e+01 7.887184933343796445e+01 9.051180381941482267e+01 1.108281843695142186e+02 1.062102902305463061e+02 8.936726718352471721e+01 9.418561520761910799e+01 1.143148253286143472e+02
2.570751284471603157e-02 2.002570751284435957e+01 3.370132978008508928e+01 4.192529810688221659e+01 5.186491903542847837e+01 4.585212012645285995e+01 3.146627920627580366e+01 3.146627920627580366e+01 5.159514956418852449e+01 5.393410407983416377e+01 3.390348962356977580e+01 5.393410407983416377e+01 6.334009078328765696e+01 4.334458857589611824e+01 3.180529574825120065e+01 2.287256304060557000e+01 4.285621133822488105e+01 4.725671461229470793e+01 4.072809562535151429e+01 5.746399584925712389e+01 5.301380153242399018e+01 6.774020083256905878e+01 5.360186710555554868e+01 6.179064383754116818e+01 4.813466173365372924e+01 6.803700015665806689e+01 7.150693620667219363e+01 7.513749130505856044e+01 7.951935588962295753e+01 6.727623162460491812e+01 7.887184933343796445e+01 9.909851658995549428e+01 1.099094351066607658e+02 9.787939408804589903e+01 7.782583375351498489e+01 9.787939408804589903e+01 1.045317315247131944e+02
2.050012024463924304e-02 6.687145564671038933e+00 1.375789227194512954e+01 2.375142542449299654e+01 3.784212355532422833e+01 5.767566768369778174e+01 5.159514956418852449e+01 5.159514956418852449e+01 6.023796104662980611e+01 6.227474872524079785e+01 4.539204055232409729e+01 6.227474872524078364e+01 7.162176377145539163e+01 5.354236756728194990e+01 3.355024216781320234e+01 4.285399131505948844e+01 2.538498044088429140e+01 2.728298756956706939e+01 2.920364142130683405e+01 4.909357506076420918e+01 4.302034050668400766e+01 5.623787117750739384e+01 3.947713606623027971e+01 4.181925472910793218e+01 4.474251659836313877e+01 4.806312310027195167e+01 5.148642481836549933e+01 5.507073276469335354e+01 5.942632522990157184e+01 6.943960940507770374e+01 8.959910237416818291e+01 1.075280906746453411e+02 1.015810361275212870e+02 8.149476687802544461e+01 7.163141281122010184e+01 8.449989493106802740e+01 8.449989493106802740e+01
2.927968592160756431e-02 2.002927968592125296e+01 3.159231490619804461e+01 4.192529810688221659e+01 4.865400902682097239e+01 5.253780012331480265e+01 5.439303055390560360e+01 6.253254691397810916e+01 6.259014992116265574e+01 7.074234257811967552e+01 6.560277985915341503e+01 7.392209445981639249e+01 6.768425092736650583e+01 4.768493054641538720e+01 5.353914034812819978e+01 4.466572969111592073e+01 3.053516145562602446e+01 4.725671461229470793e+01 4.917762479658900077e+01 3.200935316516226692e+01 3.408877972567805159e+01 3.625434745941761605e+01 5.623786891981046665e+01 5.180298130845681470e+01 5.884387998148341126e+01 5.470131500680732728e+01 7.148364024211852552e+01 7.513749130506347740e+01 6.583992427298123573e+01 7.951935588962295753e+01 8.959910237416819712e+01 1.098906034820397934e+02 1.099094351066607658e+02 9.986333281184367650e+01 8.449989493106802740e+01 6.478637519106680998e+01 7.868669510474012441e+01
2.800573862316051849e-02 3.190283395215562923e+00 2.329895325667259343e+01 3.109786232026211295e+01 2.891197227493798394e+01 3.282644664551190772e+01 3.471644410877119213e+01 4.873461600614297140e+01 4.299546594462146487e+01 6.259014992116265574e+01 7.695817136616264520e+01 8.444762595840435893e+01 7.599073241133970669e+01 6.768356513268915364e+01 7.288242899295363486e+01 5.629678543389176326e+01 3.629869870475253180e+01 5.629733418452762805e+01 5.906841676824193854e+01 3.906447131175387000e+01 5.406971564159123034e+01 4.621212683840012403e+01 6.404289466764520000e+01 6.333121263519272048e+01 7.880937705468421939e+01 7.397798108140069928e+01 6.574449097064173486e+01 8.374648136685185307e+01 7.501768405157099551e+01 9.473246324263814699e+01 1.081669859680849015e+02 1.125551363091814920e+02 1.042277868251096606e+02 1.045317315247131944e+02 8.449989493106802740e+01 7.868669510474012441e+01 5.910744516630958856e+01
3.653205470537677219e-02 1.936070157102725275e+01 7.840181807747561571e+00 1.122078021813204352e+01 1.481283018599683921e+01 1.873511878501024341e+01 2.320786035495857291e+01 2.898276608768122742e+01 3.788930517139017695e+01 4.925034828398941755e+01 6.878971597958242512e+01 6.381846846290402908e+01 7.841822018562275787e+01 8.310151300028105936e+01 6.308487407163648442e+01 4.894576660592498030e+01 5.043847189783423346e+01 5.629733418452762805e+01 6.736405826819050446e+01 4.906385988750226090e+01 6.729880649638593582e+01 6.000314690930230910e+01 7.365348028984411144e+01 8.331712288082903228e+01 9.162087677437494904e+01 9.182731424584592617e+01 8.359932090753872558e+01 8.280496518964710617e+01 9.561818539085577129e+01 9.206393178959345391e+01 1.126210291028974240e+02 1.009735328043809517e+02 8.418611731919096997e+01 1.009735328043809517e+02 1.020198315223757533e+02 8.696299211063748658e+01 7.430864172366116804e+01
4.500159517621803856e-02 2.004500159517586155e+01 2.773802221835596171e+01 2.523641070301543721e+01 2.841593398501117207e+01 3.038728782630649761e+01 4.303274807243448663e+01 3.942679586649661871e+01 5.686890426137060928e+01 6.564649996039035784e+01 6.813557866619306935e+01 4.933451799802627846e+01 6.636350430090476493e+01 7.491237728391338635e+01 7.725593442623528517e+01 6.894761187727385732e+01 7.044187897713914026e+01 7.631082520515801093e+01 7.737276938293909723e+01 6.907297364906665393e+01 7.737276942582147399e+01 7.912419530192333639e+01 8.030265747580043012e+01 7.204496889200098053e+01 7.497461721781844801e+01 8.366956094528460142e+01 8.832278552158398099e+01 9.550364642878194843e+01 1.067010031512855903e+02 1.126210291028974240e+02 1.076188748954800900e+02 9.265672354085801032e+01 7.276822667508778864e+01 9.265672354085801032e+01 9.375108092490010847e+01 7.389826294230958581e+01 7.148893093297826340e+01
4.567435126880908108e-02 1.418780997499988494e+01 3.418780997500059016e+01 4.449274588608284375e+01 4.695547171462426661e+01 5.041426565396062642e+01 5.866419707993052413e+01 5.907739542572119262e+01 6.722729689561423072e+01 7.167072595419593029e+01 5.959756340059793445e+01 3.908153038015307601e+01 4.582873798915465358e+01 6.636350430090476493e+01 6.801320573729650221e+01 5.973618141170588558e+01 5.713549389690691527e+01 6.541639249198486539e+01 6.834844965447085485e+01 6.005253831853899271e+01 6.834872457404070190e+01 7.836326251684373290e+01 6.878877874377029400e+01 5.186115116697702376e+01 5.451012556949752508e+01 7.499974242392228518e+01 6.536874452503400335e+01 8.150507790608608616e+01 9.246786053323933174e+01 1.046879624985987220e+02 9.467215465818530618e+01 7.938464203675445674e+01 6.589108667688009291e+01 8.562507804016128432e+01 8.705446481162951500e+01 7.753991082028919379e+01 5.796053054778300151e+01
5.351880592384315738e-02 8.997790713651118821e+00 2.054479485923711479e+01 3.468685529392671896e+01 5.468338200987367514e+01 5.950263173267028094e+01 6.775272493224892401e+01 6.329819765048669211e+01 7.099988955995071649e+01 6.312800138223614965e+01 4.264042612714763436e+01 3.147639701292341741e+01 4.582873798915465358e+01 6.636350430089619579e+01 5.973618141170588558e+01 3.963581203685617282e+01 3.702219250222500335e+01 5.382410850710071060e+01 5.832116273373286930e+01 3.998831127447391509e+01 5.002042030627304570e+01 6.829013628489923349e+01 5.995936311778734762e+01 4.012973803356734948e+01 5.830647202116612249e+01 6.355978191618268625e+01 5.273765591297622990e+01 6.323679179518872218e+01 8.400223813307933085e+01 9.634382160885134283e+01 7.639642517646329622e+01 6.661712566655042167e+01 5.978084825419422543e+01 7.333460493659808321e+01 7.882375438131576573e+01 5.921259867579435365e+01 6.279896566206295461e+01
5.706225480597197641e-02 2.005706225480561500e+01 3.727972813136111085e+01 4.455661299184507129e+01 4.298731305839563532e+01 3.817681429297382323e+01 5.889778360042706851e+01 4.425970544080395541e+01 6.055445696061308780e+01 5.617112521464758856e+01 4.639996623495690642e+01 2.633112436302644710e+01 4.639996623495650141e+01 5.285366893475704586e+01 4.455072593855024365e+01 4.552307392239522699e+01 2.542360549664913094e+01 4.552303595184922358e+01 4.057181744045771410e+01 2.997690481696857034e+01 5.002042595048447993e+01 5.664073038989614162e+01 3.975503550317802848e+01 3.337162695674837920e+01 3.798629695491086977e+01 4.305615980033557122e+01 5.492997414444901949e+01 7.534832006221014922e+01 9.246150719915878824e+01 1.046522461814039957e+02 9.467215465818530618e+01 8.636830432383072775e+01 7.333460493203247665e+01 5.382903146568876451e+01 6.770368929642035027e+01 6.281296404818495205e+01 4.346750501565458080e+01
5.506323356023958698e-02 2.005483404657527657e+01 2.760084320150733106e+01 2.703877131545196377e+01 2.430105560955234267e+01 4.297982638614065110e+01 4.124557671317448637e+01 3.226886041458625698e+01 5.260164299942228894e+01 3.594985982692169557e+01 3.594985982692234927e+01 2.213656704627794980e+01 4.191243676942384866e+01 4.160403730984867821e+01 2.529781166049249919e+01 3.933792448185109691e+01 1.940077143953455874e+01 3.203802419876222274e+01 2.055853404926176964e+01 3.756045331426621203e+01 4.043704425229250887e+01 4.344522347974720589e+01 2.811193505041394758e+01 4.829438913148590018e+01 5.837459078832335990e+01 6.355978191837340319e+01 7.196462585520357891e+01 8.371686581564065932e+01 9.411910844121860009e+01 1.022413732280184320e+02 8.685238755218071560e+01 7.699953144139064420e+01 6.878949240143944621e+01 6.231813819803625876e+01 4.828625968708131921e+01 6.050074195058952142e+01 4.124579875013717611e+01
6.166659562896406599e-02 4.227645265572795852e-01 1.835687510171032955e+01 1.444276207164868531e+01 3.250523634480722990e+01 3.111871492408889139e+01 1.927751620476418637e+01 4.124556593343223909e+01 3.898307026957768784e+01 3.062628443796372224e+01 1.639191474120869074e+01 3.594207038281074063e+01 3.333501200825863720e+01 2.516183912673497858e+01 1.404691310690083483e+01 2.743394245654113561e+01 1.387523743356767625e+01 1.203279518794627023e+01 1.474855143992630602e+01 1.752095769922451751e+01 2.037379833117434913e+01 2.334624333893879111e+01 3.337334958132784379e+01 4.761902968755455845e+01 6.775630933085325580e+01 7.648531165113335817e+01 8.478748666942706791e+01 7.994450644073627643e+01 7.406782632629253271e+01 9.412566516016900664e+01 7.859467152434287129e+01 5.898431347559074567e+01 4.937124585925295150e+01 4.308132254231695413e+01 5.783070605396652297e+01 5.835630135100907268e+01 3.921362698751919851e+01
6.211000661219646946e-02 3.686195089734555230e-01 1.678169398291830561e+01 8.690937554095373940e+00 2.670022393561986362e+01 8.378471387141981808e+00 2.554122999110660786e+01 2.740414883719638794e+01 2.591890225341299114e+01 1.071291297699300138e+01 3.062628443436432590e+01 3.660761277426527016e+01 2.453777558352796362e+01 5.428196405600738572e+00 5.131965599040166026e+00 8.271048803288648443e+00 8.607619148250016394e+00 2.857259223508851775e+01 3.477195113075519117e+01 3.756045331426621203e+01 3.454796003469774490e+01 3.493133075800304965e+01 5.175268092457942259e+01 6.184168650675369605e+01 7.213605580959408314e+01 5.619139297064774041e+01 7.040080905621708496e+01 5.969559413885097854e+01 7.145035704749993499e+01 9.154773029543716234e+01 8.685238735519330078e+01 7.699953293336520233e+01 6.730517344329230411e+01 4.098979697965613411e+01 3.863532610251684929e+01 5.354858532591303089e+01 3.731398689264036506e+01
7.336735264618567121e-02 1.995823816057727029e+01 8.021775735954956854e-01 1.639579041514441471e+01 1.666252205650640805e+00 1.974808711477199274e+00 2.281909912265735585e+00 1.091743830227924583e+01 8.397659354292875022e+00 6.685757872321336670e+00 2.367205696507913970e+01 1.785260751358070763e+01 2.421712131937893275e+01 4.697284793993539154e+00 2.468687813334642911e+01 5.570058977703820524e+00 2.371191950516291058e+01 3.551695280672807087e+01 4.309044551141808910e+01 5.143671796001654428e+01 5.467397690788271092e+01 5.506014446008725116e+01 6.333026739662550852e+01 6.613509141635066158e+01 5.184862636219071419e+01 4.443643499295188803e+01 5.006760901841783351e+01 6.448650471202446965e+01 8.467920281596887833e+01 9.970394069150684402e+01 9.541192583248798087e+01 7.361289753984647177e+01 5.806880122332095340e+01 6.168838374015919612e+01 5.318910633802975241e+01 3.466853853059643598e+01 5.356788414184865843e+01
7.164818186532601052e-02 2.007164133050845578e+01 1.064438391515850402e+00 1.227492423942813549e+00 4.709633155805295068e+00 1.053515622510793115e+01 1.612053342965394620e+01 2.717343125190688102e+00 3.026322562978400743e+00 3.335040530472245024e+00 3.644417941384681559e+00 3.953091079350973036e+00 4.261363179491262088e+00 2.331661481045181716e+01 1.300084693269531932e+01 5.886549481302158604e+00 2.424385407320991703e+01 2.915326151641839658e+01 2.299433067112985540e+01 3.982372293930539797e+01 4.876482997122472085e+01 5.711223658798309799e+01 7.213626008820850188e+01 5.184862692640040649e+01 3.752240752503882959e+01 5.779072014958361336e+01 6.641978085359929196e+01 7.473118913227490623e+01 8.375904849094044380e+01 9.534476917396293061e+01 8.348321273036941648e+01 7.279662854871554600e+01 6.249371154857376354e+01 4.303126341272387378e+01 4.997647676463633815e+01 3.312637008160540120e+01 4.917743806504604720e+01
