MOVIE_S4_data/elevation_000618.asc
nrows	100
cellsize	150.0
xllcorner	0
ncols	100
yllcorner	0
NODATA_value	-9999
[rows 34 to 50 of 100, columns 0 to 36 of 100]
6.606448164489217567e-02 1.420823019962957545e+01 3.421060159575238657e+01 4.639271809495939891e+01 3.138721370523980525e+01 9.325915688677165249e+00 1.095243964271212711e+01 3.423120084860307610e+00 2.539465281089462678e+01 7.294342348448155100e+00 9.101711053847614252e+00 1.315241345656579064e+01 3.392047168519727052e+01 3.651120375625632164e+01 3.844897403421261828e+01 3.446892646500116797e+01 4.256318871002846294e+01 2.715433498052006556e+01 4.743053038007067812e+01 5.413806519301134301e+01 5.759777302132138743e+01 6.116986453831449921e+01 5.174189566873360491e+01 6.344473765043178304e+01 8.367794658196716284e+01 7.949663689156534474e+01 9.630354083704092716e+01 1.078985893906130968e+02 1.022722012513401211e+02 9.405753342893915203e+01 9.663574310562685810e+01 1.048475503354234348e+02 1.190924309493957338e+02 1.076263602265985355e+02 8.873093085595859009e+01 6.863467556393690927e+01 8.113533043777059106e+01
6.290596198942818851e-02 1.173245203007963156e+01 2.686431934179499592e+01 4.875929487302550314e+01 3.543595262806589830e+01 6.028358648832526256e+00 5.990931803480475715e+00 3.114337758759795793e+00 4.757086958572962487e+00 2.611419731046527914e+01 3.000613971002018943e+01 1.181625027906966885e+01 1.371675646170060148e+01 1.564394991663562173e+01 1.766820131869367572e+01 1.975128769707483301e+01 2.207748038262216284e+01 2.504684679403436576e+01 4.534802827765589939e+01 3.398351969000685813e+01 3.742438310422584635e+01 4.096306346083645877e+01 6.116986453831449921e+01 7.248804306021546040e+01 7.790425982126332372e+01 6.779329365300618804e+01 7.949663689156534474e+01 9.965183510172839476e+01 9.075822214185026837e+01 7.406882751742176652e+01 7.666889398029505287e+01 9.663574310562843550e+01 1.108888114464304095e+02 9.100640833568739652e+01 7.942967220807152273e+01 7.873689120185342460e+01 9.697677255671791841e+01
5.954267593782444634e-02 1.420167829966890061e+01 3.420167830174552392e+01 4.284331526132993417e+01 3.804946544597450497e+01 2.355130082397415592e+01 2.687014133621905554e+00 9.660273197268137935e+00 2.454239781099741435e+01 3.460342486698387177e+01 4.153717849368283765e+01 3.296395381097217836e+01 3.462201283367852511e+01 2.520958225924661988e+01 3.844897403421261828e+01 4.040005083714623169e+01 2.686216748651412445e+01 4.534662425125807772e+01 2.920963362563416155e+01 3.504599750002164882e+01 5.520865114912459859e+01 6.116986453831449921e+01 4.716669955842679229e+01 5.221684710975960542e+01 5.763863236891976527e+01 7.198905513069827578e+01 9.218482720943842423e+01 8.911021165943350297e+01 8.086507346022149534e+01 6.244685046946874252e+01 8.251704869017156341e+01 9.259841462590030403e+01 1.041059395550443725e+02 1.076263601850889131e+02 9.940213131270671454e+01 9.290339268800252626e+01 1.069735611461120897e+02
5.541180393181056874e-02 1.999297964474084566e+01 3.377014582879957771e+01 2.561838316564063689e+01 3.400427055513604557e+01 1.527396164067852169e+01 2.386609482143207561e+00 1.750462429159135525e+01 2.952985489032786504e+01 3.551038246209459004e+01 4.136047112945894355e+01 4.919319599792497399e+01 5.401806804924439120e+01 3.972708821170176208e+01 5.401806804921036331e+01 5.191358624192801585e+01 3.186866875322746395e+01 5.191303346466513347e+01 4.938818659572315539e+01 5.520863674745646676e+01 4.451962127309644046e+01 6.474119012197134282e+01 6.742024407260156238e+01 6.370849604420552481e+01 7.790425982126332372e+01 8.622364627847086638e+01 8.676024683311406704e+01 7.755537831333256804e+01 6.080676589568394519e+01 5.609476591931397138e+01 6.430037543601623895e+01 7.591837527352082304e+01 9.589048970801430016e+01 9.559484500326061607e+01 1.038427663200347268e+02 1.128161881193531855e+02 1.087879664176662828e+02
5.132731495283296419e-02 1.084856603407132525e+01 2.328468307471998955e+01 1.299412711055268055e+01 2.198988326143566496e+01 2.183604960136637629e+01 2.086199737336712268e+00 1.137407966880298282e+01 2.552632477371983200e+01 1.687605359882239142e+01 2.217444729396377312e+01 4.136176141542318163e+01 5.952622147712983036e+01 5.996422250103506002e+01 6.532052815278748881e+01 4.592897118927946565e+01 4.605505220329139604e+01 4.190282919878940504e+01 6.185189702769098119e+01 7.309812592338906256e+01 5.881374746848856461e+01 5.881374747157678939e+01 7.905130296715857696e+01 8.393562885274522500e+01 9.223433721069092428e+01 8.087008501513977876e+01 6.674513538592785267e+01 6.928440418834796333e+01 4.923059180034573501e+01 6.928440418834796333e+01 8.347017179861198599e+01 9.259611362307506965e+01 8.818392781461120933e+01 7.559653624267571104e+01 9.230659227596561323e+01 1.038493901732768023e+02 1.096661267677981328e+02
5.077994834438732952e-02 1.324205335859655541e+01 1.585529502818191183e+01 1.061841023973513876e+00 1.361183551518256873e+00 1.660634821254655558e+00 2.673090088302867429e+00 6.644445095751335906e+00 1.041086918099866132e+01 2.819811317789608296e+01 4.086332941792427675e+01 3.383420348442641057e+01 4.685643220889522809e+01 6.468543136163356166e+01 7.329718941004193766e+01 6.432184331638246988e+01 6.605733857362908168e+01 5.587213671776166279e+01 5.599683739466401278e+01 7.598726140224795245e+01 7.905129759366779751e+01 7.905130283602407815e+01 8.738259378925707210e+01 8.117339738520990977e+01 7.291281297404103157e+01 7.260742580260418322e+01 5.256311441820688657e+01 5.993029018173650968e+01 4.515877134755054811e+01 5.516042231357022274e+01 7.521905694628632943e+01 8.226671066324283288e+01 6.810571971787706502e+01 6.392560828760896641e+01 7.559653475478719997e+01 9.559422257036396786e+01 1.013943862268769038e+02
4.095169275885861271e-02 3.398367317801774257e-01 6.387439839205739656e-01 7.342898688947312458e+00 1.580385268376012498e+01 3.277824160562558209e+00 8.464814286178734548e+00 2.209340187429701885e+01 2.603095791693572281e+01 1.850868184084891865e+01 2.891765796236117225e+01 4.755470853250781715e+01 5.396579947206092953e+01 6.179492402637467308e+01 5.523597036056073506e+01 6.508034966860888915e+01 7.702131002602152421e+01 7.565003031511561460e+01 7.598726140224795245e+01 8.423373055968946232e+01 7.996597652048681937e+01 7.174673335258663087e+01 7.996597652048681937e+01 7.291281297404103157e+01 5.287696743560447032e+01 5.874533072700629788e+01 5.539839277921617366e+01 3.991810834457850632e+01 5.145796772342665548e+01 7.149934579656490996e+01 8.347017179861198599e+01 7.398649071090602547e+01 5.381695857663496696e+01 7.398649071532874189e+01 8.575284343864478842e+01 9.740108523890779679e+01 1.061730988959451736e+02
3.794593529682660504e-02 2.002806387309286862e+01 2.372783045887386066e+01 1.157544456230036900e+01 1.500447663433484102e+01 1.090001055577070410e+01 1.093108428954295697e+01 2.126922605170424063e+01 3.673198786060819998e+01 2.873225852333793995e+01 4.536748417278059264e+01 5.762262022565472108e+01 6.650841835220820997e+01 5.206613310324937061e+01 3.099700522607577469e+01 4.231851829196471471e+01 5.806249563368857736e+01 6.896179733896154573e+01 6.069758838054891470e+01 6.896179733896154573e+01 6.998634720230676010e+01 5.173932226203414331e+01 6.998634720230671746e+01 7.101581762442168611e+01 5.874533070718117500e+01 3.872846967730257006e+01 3.538719557357178047e+01 4.693166893939373097e+01 6.695776165582464046e+01 7.974357454573691939e+01 7.118665127702837481e+01 6.311009424087743724e+01 4.862688891783538025e+01 5.678586975302620488e+01 6.886883642770713720e+01 8.915041405070675751e+01 1.005413426626160884e+02
3.760068892276602348e-02 2.003382960369873445e+01 3.768080630400064734e+01 2.264948440869884294e+01 2.825547546929351483e+01 1.747023533430978404e+01 1.690074702225100367e+01 3.026097245501269839e+01 4.173507303910605515e+01 4.694140663564587612e+01 5.527099583496211466e+01 6.315161086132574297e+01 5.103017307014966519e+01 3.768862749396525658e+01 2.037239975276118642e+01 2.612079240735836194e+01 4.797096549912200203e+01 5.899197495745828945e+01 4.076288128621603590e+01 5.899197495745828945e+01 6.174302780731041906e+01 4.172694292075220801e+01 6.174302780731041906e+01 6.274094519096142619e+01 4.271622627272552819e+01 3.116463122163571597e+01 5.117966835845709284e+01 6.368014020201697889e+01 7.522001137946166693e+01 7.662712101884379479e+01 6.309821617246917924e+01 4.597814203769440411e+01 4.388089824600340449e+01 6.586684818521833051e+01 7.232248228148522173e+01 7.232249105517659871e+01 8.953322043175253953e+01
3.621519728617531020e-02 1.418296751843829817e+01 3.428251220866783910e+01 3.833524217824108149e+01 3.961465574635957410e+01 2.329487143339728661e+01 3.364308715845960762e+01 2.558935215872267577e+01 3.680968319089663510e+01 5.352265332112648366e+01 4.953294032134263603e+01 5.275149445977820051e+01 2.734028218517753928e+01 2.367886828124737164e+01 1.304003187333812264e+01 2.904848518135531776e+01 4.283167237829623986e+01 5.073023477464575137e+01 3.099176496368848532e+01 5.073023477489588373e+01 5.507099951179099406e+01 3.506609976322527444e+01 5.507099951179099406e+01 6.268751734968930123e+01 4.266380580405197520e+01 2.852715238468568160e+01 4.852861510416423130e+01 5.724906506070794876e+01 6.552801565307026976e+01 6.247736775978690815e+01 4.832761450072994336e+01 3.831270270796697019e+01 4.276415123365752891e+01 4.741518459909362093e+01 5.233812206360156694e+01 6.124319178094295779e+01 7.283540135222725098e+01
2.661327423881425236e-02 2.002661327423846060e+01 3.802150791701655663e+01 4.763131228530630779e+01 3.038339235700446039e+01 3.790819688418203270e+01 4.685889182633818706e+01 3.322530063416594714e+01 4.820981486830630303e+01 4.889437855277495260e+01 3.546628785339970591e+01 4.651323008813695736e+01 2.436658009006676195e+01 7.752020581741058791e+00 7.824931224328105728e+00 1.625400888226606710e+01 3.451527712335969511e+01 3.578371975266342275e+01 2.452833120896979224e+01 4.415074470884145796e+01 4.929608238431806910e+01 2.931712639457409253e+01 4.929608238431806910e+01 6.012375335372920659e+01 4.010406094720362802e+01 2.599820954235575954e+01 4.374365810974887836e+01 3.723179189307936809e+01 4.769160925670057338e+01 5.034263489779464606e+01 3.418095329472844668e+01 4.832761450070341169e+01 6.271374856928015618e+01 6.732639203845788245e+01 7.232248228148522173e+01 6.385611442916109581e+01 7.544625835580336570e+01
2.753285331545040487e-02 9.819494325732422979e+00 2.309917442600849924e+01 4.306600048605885434e+01 5.098326524407102056e+01 5.599695961990273219e+01 5.705534699298488732e+01 4.891818870451884749e+01 5.582947484206081157e+01 4.168560600968460506e+01 2.444666478440971247e+01 3.182669558006894661e+01 2.652487291092858968e+01 7.400124691794682796e+00 2.619175399182374520e+01 8.261127544046052762e+00 2.800467031231412918e+01 1.619846024392341377e+01 3.578371610934723179e+01 4.555930106484515107e+01 3.729638939704567946e+01 2.419233354736729424e+01 4.413753812945878252e+01 5.165095538583538115e+01 4.347151032168871154e+01 2.354401201744199668e+01 2.381168328138086565e+01 2.572668609608489021e+01 2.769644388591949635e+01 3.032792940393053271e+01 5.034263489779464606e+01 6.247736384937115872e+01 7.662709779303079927e+01 8.056698301815414709e+01 8.881508484251325797e+01 8.388775599245771275e+01 9.212982115691036711e+01
2.210104741296625708e-02 2.002210104741261176e+01 2.896311391952382053e+01 4.896311391952452396e+01 5.975093078087021325e+01 6.560877842012786232e+01 5.893266352806697483e+01 5.020767237224644930e+01 4.570542646704436152e+01 3.954810935914144920e+01 3.182777980596365452e+01 1.343418588808017944e+01 6.968586050366557316e+00 2.576193085465442323e+01 3.303920081095907335e+01 2.765154699827397522e+01 8.699369126840574395e+00 2.316184570499872208e+01 3.009445923481593255e+01 3.115405638453816550e+01 1.738225734283889068e+01 3.729638708755603460e+01 3.775410293942847062e+01 3.168334437829220818e+01 3.889215983482139194e+01 2.112753577026182228e+01 4.101860738549209628e+01 4.569208700855295291e+01 4.769160925670057338e+01 2.960426823751560121e+01 5.176106385065536841e+01 6.040166083426099419e+01 6.420382657026577533e+01 6.052628829150872036e+01 7.513464043903906031e+01 8.223091643622076674e+01 9.047536302333482183e+01
1.884200952422735234e-02 8.963113919523463480e+00 2.310524954325466496e+01 4.310524954325536839e+01 3.975093263005773281e+01 4.560879584227933492e+01 4.665948106208914936e+01 2.983538677163014796e+01 3.945961780326764057e+01 2.012190609189862656e+01 2.585301535140928664e+01 6.537667087983808578e+00 2.636474253672729162e+01 2.236127140880913444e+01 3.961111945243605703e+01 3.227522804316674154e+01 2.774510193029251681e+01 9.137092278912223975e+00 1.006909333989216115e+01 1.120333666200005140e+01 3.105554942155786335e+01 3.429166209976897761e+01 1.630378870319237805e+01 1.765604962703808312e+01 1.901622993151901753e+01 3.889215388478338298e+01 4.745013698763377619e+01 5.572870709292070046e+01 6.015718871745669105e+01 5.176106384510551806e+01 3.546910717904331278e+01 3.994473481316823182e+01 4.408466291631249589e+01 4.950152594194363331e+01 5.505808332905323965e+01 6.215964727183103378e+01 7.222812899315147206e+01
9.934550753332892920e-03 2.000993455075297689e+01 2.957312242550902681e+01 3.491834719669527232e+01 2.560879700822262706e+01 4.560879646471232007e+01 3.830536063651526035e+01 1.832566585278581783e+01 2.668665592923457908e+01 2.326221490995154539e+01 6.107221797131318297e+00 2.486779388407926916e+01 1.918498299514556393e+01 3.772004621277984882e+01 4.585273555115024635e+01 3.324256656445309233e+01 2.286596837610138877e+01 1.566498724005805521e+01 9.588681039587601873e+00 3.007477270112876866e+01 1.307464336710953745e+01 1.439665012975458147e+01 3.119830522833400366e+01 3.720093567571652216e+01 3.563693155622853226e+01 2.373017344033936737e+01 2.746291783328578617e+01 4.745013905576545454e+01 6.001812389295410100e+01 6.509485115522521426e+01 5.087884366974888906e+01 5.452354662947221442e+01 5.833105510577892971e+01 5.486469958717581363e+01 7.492812446075888033e+01 7.146373108930677631e+01 9.047536981344394746e+01
8.364784840791048004e-03 4.722409992751088303e+00 9.573122493477706385e+00 1.491834733172614769e+01 3.491834719669527232e+01 5.389303159236997942e+01 3.824414886642525602e+01 1.831765042371124963e+01 7.458869019224950492e+00 5.676566496019693098e+00 2.477920769630823372e+01 2.523044426422688602e+01 3.523725240464932540e+01 4.939703417739553259e+01 5.049869905352416311e+01 3.903448427376230967e+01 2.376828222202337670e+01 2.614018480174961212e+01 9.906759466613769050e+00 3.108814873954246494e+01 3.304421823969624228e+01 3.430183189669580202e+01 2.425750736595968604e+01 4.336094520224229143e+01 5.030353430558167105e+01 3.261755871635481441e+01 4.745013659121938332e+01 3.334253217880637976e+01 4.001383369975933846e+01 6.001812391502883060e+01 7.104492496811498370e+01 7.459268389420624601e+01 7.838195108837236091e+01 6.490847244831667240e+01 8.318742289755083164e+01 9.146867454164011235e+01 9.969999673806721319e+01
5.219006137575642711e-03 2.000521900613722082e+01 2.957312242549268078e+01 3.491834719669527232e+01 3.124827894556273833e+01 5.124827823798399606e+01 4.655067029183591387e+01 3.310748445278451868e+01 2.088809110086436860e+01 5.372044563896318792e+00 2.297770594124268939e+01 4.069599961327714510e+01 5.214270593889162342e+01 6.451337194075729542e+01 5.645348095125625321e+01 3.923469070220337329e+01 3.060187936892988603e+01 2.866003544017923588e+01 1.022329718415430300e+01 2.495620461665435030e+01 4.463677342052368857e+01 5.134509119767760410e+01 3.391293962647947069e+01 5.134515300300702734e+01 6.088908903976319209e+01 4.415720337580325605e+01 5.889801295017855409e+01 3.889446302130722444e+01 5.889801317126899960e+01 5.155822352966108468e+01 6.311682329040937134e+01 8.312805136268497108e+01 9.318453855283409837e+01 8.494796338603121910e+01 9.318457400052396622e+01 1.046699522428176863e+02 1.057389794241188099e+02
