MOVIE_S4_data/elevation_000322.asc
nrows	100
cellsize	150.0
xllcorner	0
ncols	100
yllcorner	0
NODATA_value	-9999
[rows 68 to 84 of 100, columns 37 to 73 of 100]
7.775616332810623987e+01 7.549415089399434464e+01 6.726022031667297085e+01 6.841701603324855796e+01 5.180920000336715248e+01 3.163047573649368971e+01 3.936470933788671545e+01 4.760353759491302128e+01 6.165401113587790149e+01 8.142620836329557221e+01 7.129093265441935046e+01 5.186192911800637262e+01 6.007336760498537842e+01 4.853391910342023863e+01 5.423733823832606760e+01 3.774519520475303125e+01 5.156333630359893050e+01 6.047486045611459105e+01 7.992121427832253744e+01 6.969999969830308828e+01 4.993611530494052886e+01 4.687636106059825636e+01 6.666750271316013254e+01 6.078303958166059573e+01 7.587901187385439528e+01 7.433698433367740677e+01 6.572667134379118181e+01 5.482496101039448178e+01 3.440959205450482017e+01 5.248895699216217992e+01 3.300770742031543392e+01 3.350080783291814157e+01 4.178342076082660128e+01 6.118290540637153896e+01 7.158543425027029627e+01 6.439188084174035964e+01 5.077568028979572290e+01
6.950452253800834512e+01 6.726022031667297085e+01 4.733001164334508815e+01 5.316743461329986786e+01 4.782189661764910937e+01 2.994052214503483000e+01 4.169410048121490320e+01 6.168113878929447935e+01 6.381952501789885446e+01 8.357720819792740485e+01 7.380686566401531934e+01 5.438476644989131614e+01 4.057246647393202466e+01 5.135082219417822103e+01 3.476890128077810971e+01 5.411198239289640100e+01 6.530277980602299692e+01 7.876437614508377294e+01 7.003498483819554110e+01 6.112564375276396333e+01 5.913574919252843642e+01 3.929966439376945431e+01 5.796592683731329743e+01 4.865053072565717684e+01 6.501515605007772081e+01 6.464138121840910856e+01 4.596233765622583434e+01 4.621058840706678694e+01 3.188255292953807896e+01 3.233349076710580050e+01 4.784834130175960354e+01 4.361512749808574796e+01 6.043934327018575914e+01 5.575610248590044904e+01 7.542899453616287531e+01 7.947729016025297710e+01 7.119998111771265314e+01
6.157024685859168045e+01 6.580316216627198855e+01 5.316743461329933496e+01 3.304322120575770327e+01 2.760155945613817963e+01 4.782189661764907385e+01 5.838396852184369834e+01 6.993940480384542013e+01 8.357720819792740485e+01 7.673299532530425893e+01 6.862889910157667828e+01 6.056068475515638738e+01 5.135182008705329082e+01 3.185710697677607683e+01 5.135220022743220625e+01 6.229117460191005051e+01 6.659351601122652653e+01 7.074721326875514649e+01 5.814167478597695293e+01 3.995962840828445195e+01 4.766525734969304295e+01 3.422905288253028999e+01 4.065442755517129569e+01 4.955941417711350283e+01 2.955126602592549290e+01 4.954909427137256017e+01 4.894323893961912830e+01 3.126151083408652909e+01 4.864614043790241737e+01 3.380048666748987785e+01 5.388282964867772762e+01 6.098229931004599536e+01 7.141681317356047032e+01 7.542899453616287531e+01 8.357313135616033151e+01 9.542463282248144196e+01 7.547959413039080800e+01
5.332446575073265649e+01 5.164991558583613340e+01 3.749667618795207602e+01 2.533738361641237447e+01 4.556109959290380118e+01 4.046653666983634423e+01 5.465403275741517319e+01 7.453678286939245368e+01 7.108631201184275028e+01 5.727438671686717697e+01 6.055895800780870530e+01 4.106794223281332279e+01 4.677758159589478737e+01 2.989485449334000222e+01 4.943992588372511676e+01 5.713733801091826336e+01 5.054372491899289344e+01 4.976852091890235386e+01 4.803860456372176202e+01 2.718872587897019955e+01 2.727159818528039281e+01 4.463083009273977808e+01 3.294748109503085942e+01 2.893833494646268534e+01 3.223111663320562315e+01 3.015720493433612148e+01 3.062645445044499937e+01 5.049192246197824119e+01 5.743216947976246445e+01 5.315707449417761410e+01 3.884789589756088191e+01 5.887187360695308769e+01 7.172058323005816760e+01 8.306202342194143284e+01 9.482945254557698433e+01 9.607415567091997843e+01 9.542463282248144196e+01
4.882746203829535148e+01 4.122895354849802629e+01 2.315633444204345182e+01 3.620718510079266395e+01 4.597317081293230956e+01 6.047808316413231466e+01 6.870982103621504677e+01 7.673673017479418945e+01 5.727442159314753667e+01 4.351014936450737736e+01 5.173486185506713042e+01 4.663645117623259750e+01 2.713390120307380471e+01 4.663870426861196705e+01 4.682844652240856931e+01 3.882761712697883638e+01 4.339357085184116158e+01 3.453239395283917901e+01 4.601752726375845981e+01 2.668079498024967933e+01 4.644897349028392597e+01 2.788396983585089473e+01 2.832187938706865538e+01 4.612025877286384201e+01 4.936339493927080468e+01 4.999578002752112837e+01 3.098800455731967674e+01 5.042060390985273699e+01 5.990085278128851343e+01 6.610091746247717026e+01 5.887187360695308769e+01 4.424291447199541238e+01 5.768227705202307476e+01 6.759950567419564038e+01 7.765225765048535322e+01 7.678120545837758470e+01 8.795698262124605549e+01
3.910859047505557129e+01 2.101024519742960095e+01 4.122895360653865993e+01 4.929589153464026197e+01 6.185331007658206204e+01 7.545814280428547249e+01 7.942704439295840757e+01 7.094493610629926650e+01 6.542995585041160211e+01 4.597199710674131268e+01 3.196507217471065587e+01 4.115382772731889105e+01 2.525571748761272062e+01 4.354753886931116824e+01 2.439885470353297592e+01 2.481635634563394532e+01 2.523432651468566945e+01 2.565275269930657487e+01 2.607779101868945304e+01 4.590600367673211935e+01 4.644834565667196102e+01 4.879104444156514120e+01 3.002648544875844649e+01 4.348265813147391867e+01 5.957771625758811496e+01 5.911764327855919277e+01 5.093800113409785268e+01 3.215916455606573976e+01 5.222746587109040206e+01 6.208416898467435630e+01 7.172058488784752228e+01 6.374819331561428015e+01 4.978090869926241879e+01 5.390739974030677217e+01 5.844301233616845792e+01 6.331309136233087287e+01 6.881781123932520927e+01
1.884543319595026034e+01 3.910858915202887687e+01 4.950935167512371038e+01 6.388938241234996696e+01 6.428923367524279797e+01 6.830250702173998434e+01 6.381513821295071409e+01 5.000074440310523016e+01 5.363232295632725766e+01 4.989892610420685060e+01 2.318856938810932888e+01 2.298869588365679206e+01 2.339341116943631960e+01 2.380880474533632096e+01 2.959889462017727269e+01 4.445719400836141233e+01 4.571324770920442404e+01 2.756642067499009841e+01 2.978228975085913888e+01 4.777144447255773940e+01 6.503440519595673663e+01 5.257710077634963852e+01 5.273014028484612226e+01 4.015592189188915029e+01 6.125876335659362582e+01 6.819246529252818334e+01 4.813186223291573640e+01 5.208819642477757128e+01 3.359680131070312825e+01 4.789601417036099207e+01 6.849409559258934621e+01 7.716445671971166576e+01 6.917292681636230611e+01 7.324535453960170628e+01 7.765225765048535322e+01 8.243197974653685378e+01 8.795698262124605549e+01
3.713079353363469437e+01 4.593514217479634709e+01 5.810610869024257852e+01 4.440599976297419715e+01 4.615002882092791481e+01 5.006180658986058063e+01 4.368222217970032517e+01 5.339477442635453741e+01 3.317898802595161101e+01 4.191178271987823933e+01 2.241709506328405865e+01 4.248712554049596690e+01 3.944150242566040276e+01 4.335527830415924200e+01 3.610059614100177328e+01 3.719049246313172574e+01 5.362356289948523624e+01 4.983277929586532906e+01 3.036898953143071722e+01 5.026542417169465438e+01 6.238589102227816596e+01 7.366886197359033872e+01 6.865849134396937359e+01 4.773529179577260351e+01 6.865849134396937359e+01 7.618811526644967103e+01 6.736463721159313423e+01 4.948111922224552472e+01 3.462040907425324576e+01 5.441855481455738897e+01 6.421200618676328986e+01 6.329895813336861465e+01 6.763272906853320876e+01 5.522124193885142063e+01 6.070196557342401888e+01 8.072867011808311588e+01 9.599483647604178316e+01
1.734005552300300934e+01 3.766865741615702490e+01 4.644880988151683709e+01 2.972794078207243729e+01 3.965732446935230371e+01 2.889735505526993720e+01 4.040690532831934689e+01 4.092241474654934308e+01 2.579906704145601992e+01 2.184646538712672026e+01 4.151564424094872408e+01 5.054563594357949086e+01 6.259510327333153157e+01 6.005127388781468767e+01 4.754622570993634412e+01 5.432169022821536686e+01 4.530683724318161865e+01 5.852548389676022822e+01 5.026542417169467569e+01 3.402205464660244871e+01 5.413641907874427517e+01 6.642322029520812521e+01 7.732839578016692883e+01 5.977650286588752238e+01 7.732839578016822202e+01 7.810231020563701065e+01 5.816690083031135572e+01 4.412297163171560754e+01 5.457687602236023849e+01 3.606404766823668240e+01 5.600379941917551463e+01 4.345626051879161622e+01 4.777289571354214104e+01 5.918477427359781018e+01 7.917284992843735836e+01 6.920332982535127542e+01 7.589944351277308954e+01
3.766086968472519203e+01 1.791998571244433691e+01 3.819411501372556472e+01 1.905589547951347740e+01 1.945467151454609578e+01 3.026059095289266665e+01 3.395932110144185145e+01 2.092793977671251326e+01 2.130897005093387619e+01 2.738418183148738905e+01 2.345269017772983489e+01 4.164652532994181655e+01 5.332606290968207219e+01 6.486884588857964218e+01 6.701728632415159836e+01 7.004726956777190594e+01 5.158328090650130804e+01 7.004726956791746773e+01 6.238574015879339640e+01 5.413631493846994402e+01 3.816104221288463805e+01 5.818105464845821473e+01 7.082244486441868503e+01 8.079151325954478580e+01 8.943741069508226360e+01 7.813855476333345962e+01 5.817284635822566941e+01 5.817279362814995380e+01 6.424286934299186669e+01 5.604100438984482224e+01 3.752483071080357746e+01 5.744804852430133479e+01 6.763272906853320876e+01 7.590378212412196035e+01 8.743819134205799060e+01 8.929637215495219493e+01 9.599483647604178316e+01
4.089063837768356535e+01 1.820392584809674474e+01 1.847643069002335636e+01 2.843533383453176810e+01 3.935602526085615693e+01 2.000364500098562104e+01 2.038802191343773629e+01 3.919821232296835234e+01 2.173228013068295539e+01 4.423589378414698103e+01 4.352422658109870213e+01 2.506452743219480794e+01 3.671846533902495935e+01 5.665579531260301849e+01 7.277853848668775072e+01 7.823348704801091458e+01 7.006790372224028829e+01 7.006790372224028829e+01 7.226286409386521825e+01 5.234820913809782894e+01 5.818103946908077262e+01 4.265243368056885487e+01 6.258294340362670027e+01 7.564699266517405363e+01 8.454543075377593198e+01 8.640160387769671502e+01 7.813855476333345962e+01 7.813919571943630160e+01 6.712542432760508859e+01 4.747591647187783792e+01 3.859371394127429511e+01 5.264129840656651282e+01 7.255286395778468034e+01 8.253342479639808005e+01 9.078719758809160112e+01 9.376392007279005725e+01 9.594811373177573444e+01
4.958946778950184608e+01 4.089911752985070592e+01 3.874019518644000470e+01 2.267327158303155699e+01 4.114690629609614092e+01 4.577329748237994522e+01 2.462357676185122557e+01 4.803786394776273738e+01 3.376041563606460016e+01 5.247421599586767371e+01 4.626959696592827953e+01 2.621234666966229554e+01 4.606649063678720069e+01 4.437312380338495643e+01 6.442642489559850105e+01 7.050915237560271009e+01 7.883931029171688465e+01 8.958415953718379399e+01 8.049988665433849633e+01 7.226288672907678290e+01 5.892987414445477867e+01 6.258294340362670027e+01 4.751371536558798425e+01 5.640524872473596929e+01 7.047177539875842456e+01 9.039771628779028845e+01 9.581304015929627838e+01 7.672295007530202327e+01 6.325534105321846567e+01 5.950777425563400413e+01 3.966708177310791683e+01 5.950777277540343846e+01 6.710993447432853998e+01 6.255422727724794640e+01 7.517985935546195719e+01 7.375360710071035442e+01 7.594359437830880211e+01
5.815511768367964862e+01 5.696698240327426532e+01 3.754486922258064396e+01 4.116542362712303316e+01 2.677035667509493777e+01 4.544338070497592952e+01 5.419547793084908704e+01 5.931417078925277764e+01 4.732516291141962483e+01 6.136040384900790912e+01 5.385898947594488817e+01 3.387646374979739505e+01 2.786784163199630271e+01 4.757313225611489571e+01 5.652528736080954985e+01 5.086547941245821391e+01 7.050915246152683835e+01 8.388583725848042150e+01 9.204496379892964342e+01 8.706791076934837292e+01 7.883723380763235866e+01 7.123503437880812328e+01 5.134904719632142189e+01 7.123263101313226286e+01 8.453604795959479645e+01 9.212990242162717891e+01 8.382649427722463997e+01 8.235629872803609430e+01 6.976315847595728314e+01 6.057689886505256993e+01 4.078562855991148695e+01 4.316048732583219305e+01 4.629715186211208078e+01 5.044770251676380468e+01 5.512937738633495854e+01 5.978221163729391918e+01 6.522207535061784256e+01
4.526378289529449006e+01 6.317216695824404127e+01 5.696711053547220871e+01 5.360776003326297001e+01 4.544338070497624926e+01 3.096995696297678080e+01 5.009883697065390606e+01 6.423802546457500284e+01 6.718637885755811112e+01 6.790481541893100825e+01 4.805000263699847096e+01 5.386534262579703380e+01 4.796414509854716357e+01 2.955712603044272413e+01 3.720241021696439532e+01 5.661897782814747160e+01 6.990067690578105442e+01 6.410783381573052964e+01 8.388583725848042150e+01 9.592063692923093754e+01 8.680905906829458729e+01 6.686665602620446691e+01 5.540415561386283372e+01 6.686665652010745475e+01 8.680953299804892254e+01 8.382777675182173027e+01 6.376355256883191913e+01 6.918360447579830463e+01 5.492871369143134075e+01 4.256953403268656899e+01 6.057689885071839342e+01 4.396692173479201671e+01 6.378066413201402440e+01 7.099904485610746008e+01 7.517985935546195719e+01 7.961449207656741578e+01 8.513824317733461555e+01
4.383099427285738869e+01 6.177110326645944127e+01 7.136425698254693373e+01 5.155742261162687612e+01 4.026914829171408883e+01 5.009883697065390606e+01 3.642185805505680207e+01 5.020342564118389106e+01 7.000317660528955344e+01 7.614956872532803800e+01 6.790481547860720468e+01 6.487817885832251363e+01 4.504069474016312569e+01 3.078040397223526625e+01 3.436928408822809899e+01 5.431711027335114039e+01 5.015927754238425251e+01 6.990067690578105442e+01 6.798011152854253680e+01 8.776824999519452319e+01 9.503396424692985534e+01 8.012587620441018998e+01 6.020893050910771649e+01 8.012587620441018998e+01 9.503809736931481211e+01 8.382882302782476813e+01 6.376358266039996181e+01 4.973171825993266992e+01 4.433271809936406527e+01 6.231653037314945465e+01 6.614319375046139271e+01 4.621664926372988447e+01 6.614320435362539286e+01 7.788820706610319178e+01 9.205744220484041307e+01 9.549740204044066161e+01 9.865324020625857315e+01
5.626585554030175018e+01 6.974396336512391770e+01 7.964137130651580776e+01 5.992877582670191572e+01 5.412337738801315368e+01 6.110267610626470969e+01 4.135017957059822891e+01 5.236717020769356878e+01 7.217860083779477520e+01 8.639158675039554680e+01 6.658957898888802163e+01 6.655611118045042929e+01 5.213592879287436688e+01 3.210471958393147673e+01 5.213447330789934853e+01 3.953700607689896174e+01 4.381347045760462322e+01 5.188482960474522798e+01 6.581528232450875748e+01 8.560413333724459051e+01 1.000435858297299916e+02 8.012587620441018998e+01 6.681558762944554530e+01 7.646741124518221966e+01 9.640418221017816336e+01 8.381778772490137897e+01 6.376345375263432658e+01 6.953910021526893104e+01 6.232026795300872379e+01 4.611501321914073515e+01 6.604634105832072066e+01 6.614320435362530759e+01 4.958828625403450729e+01 6.371897192736612681e+01 8.118996650983245900e+01 7.551285537426467442e+01 7.873319171537544037e+01
7.506201266795973481e+01 7.582664557401282934e+01 8.409236510492947048e+01 7.978415861427900779e+01 7.394770365388212952e+01 6.659135495760618539e+01 4.679900578750184792e+01 6.659242099105372859e+01 8.045367743734269084e+01 8.056125181341496955e+01 6.080232237317316901e+01 4.689705398587276619e+01 5.082576646837441814e+01 3.344593018933277762e+01 4.761853319935171669e+01 5.929256250698313124e+01 6.355800371940239302e+01 5.128926113904118722e+01 6.521747535452477962e+01 8.500395514944631259e+01 9.839644999865163300e+01 9.384712349882441629e+01 7.386116608776747228e+01 9.384712349882441629e+01 1.046130658461440675e+02 9.207885423405876679e+01 8.381758112616357437e+01 7.958027636801278959e+01 6.713733895862715428e+01 4.737237258789950545e+01 6.717331354168285884e+01 7.788259661368729780e+01 6.959728335091590168e+01 5.317735912927102504e+01 7.294696327544133396e+01 6.125110677306861362e+01 6.441153969199990570e+01
