MOVIE_S4_data/elevation_000751.asc
nrows	100
cellsize	150.0
xllcorner	0
ncols	100
yllcorner	0
NODATA_value	-9999
[rows 17 to 33 of 100, columns 0 to 36 of 100]
1.372224685174658065e-01 1.144255730597966014e+01 1.161917220292551534e+01 7.470121041422867592e+00 7.784351870515635596e+00 2.109272250512854896e+01 2.029132772948539554e+01 2.006396326893985727e+00 4.427554162269927041e+00 1.760263692895158627e+01 1.906744007430826215e+01 5.475134995551738548e+00 2.649674482937557229e+01 3.221529702032770359e+01 5.055175381605766205e+01 4.857696115491937405e+01 3.546888161841111042e+01 2.823888755783151439e+01 4.656382395141637431e+01 3.705488257152538978e+01 2.857383538089693786e+01 9.912898039613526890e+00 2.421582523778690188e+01 4.024785175883235411e+01 5.225731955290488884e+01 6.083386914714813543e+01 5.750653342235744248e+01 6.591690493881534962e+01 6.718834928473010848e+01 7.558244047937444066e+01 8.124518132640655210e+01 7.537049448253858941e+01 6.060213219546809427e+01 3.972237925285060811e+01 2.845642044313686370e+01 4.364533894991740937e+01 3.745243208503189436e+01
1.353332760910071209e-01 1.987074438932159026e+01 2.870910062288380260e+01 3.017300945871873807e+01 2.997660012099179383e+01 3.117658648323283543e+01 4.136362236312832508e+00 3.468742264032540490e+00 2.454811160714305274e+00 2.180021555469972228e+01 2.391442512393741993e+01 1.397032240704618111e+01 2.575814751495624577e+01 4.636033921708991556e+01 6.054890895988202004e+01 6.175754538055920762e+01 5.361906076743321137e+01 3.781289248479272658e+01 5.547182609789540919e+01 5.145082294393411360e+01 3.517469278507534369e+01 1.477797434179563218e+01 1.162011388744290308e+01 2.768623284284171504e+01 3.175506213371654596e+01 4.126703164239313537e+01 3.690675951538116806e+01 5.049751226142333849e+01 4.674633224120226060e+01 6.384579499535085034e+01 7.222834326143812689e+01 8.235119656845142799e+01 6.903274287827105127e+01 5.315249800875694319e+01 3.266159938683647823e+01 5.315251098397152418e+01 5.821894182550288832e+01
1.303432743768621893e-01 1.167734865816948009e+01 2.581948428190068157e+01 4.581948428190396072e+01 4.101803096262297288e+01 1.928841659886134963e+01 1.032060036764165645e+01 1.403781865886612223e+01 2.765289654944189657e+00 2.338759898857876607e+01 2.937626918230745687e+01 3.397701281545443663e+01 3.051334891537745264e+01 4.964402966977822018e+01 5.809907783615657451e+01 6.601722983446499882e+01 6.623823579278123930e+01 5.297969531051117542e+01 5.488414453942186810e+01 3.422876554524181358e+01 2.237390863392019824e+01 3.517455068496308002e+01 3.194135664985491729e+01 1.332089944737274756e+01 3.196640016046173471e+01 2.070239796302198343e+01 2.492412280525614676e+01 2.977575906144599571e+01 3.638819862265795280e+01 4.337669627034340891e+01 5.371808402807815241e+01 7.397364750333470340e+01 6.489866072277771991e+01 4.455373208308167676e+01 4.455373208309014643e+01 4.144866549894341290e+01 6.185290398417249236e+01
1.234970534698958955e-01 1.167050243726251324e+01 2.581263806099371649e+01 4.581263806099468638e+01 5.044490621521296703e+01 3.591689240647110637e+01 1.730754398585441578e+01 2.179797953448939296e+01 3.072107153727633211e+00 1.282750120452941189e+01 2.874480787282572436e+01 4.458873395510043736e+01 4.964180313196271044e+01 4.688919987505162368e+01 3.931502054084973707e+01 5.167581323801326931e+01 6.643738761424278039e+01 7.547358590848131144e+01 6.333667956108534725e+01 4.298137983461780465e+01 3.009042556343460006e+01 5.075959833960565959e+01 4.216562441414436080e+01 3.367247153108535684e+01 1.503483806035105985e+01 3.542984317713164444e+01 4.555968207753655719e+01 5.049751226142333849e+01 5.049751226142333849e+01 6.384579499535085034e+01 7.222834326143812689e+01 8.235398847396183442e+01 7.331571653801476884e+01 5.638134195029469709e+01 5.899657238908772428e+01 6.185290398417249236e+01 5.175597203635808086e+01
1.256355554530943219e-01 1.167264093924571178e+01 2.581477656297691325e+01 4.581477656297857237e+01 5.695278702135784243e+01 3.623252285090205760e+01 3.559535628691335774e+01 2.423826827450855248e+01 3.384419538574181541e+00 1.217975603350028813e+01 1.870468508824297160e+01 4.032973518154467740e+01 4.686206176685731606e+01 2.729697883956095339e+01 4.473787560979339872e+01 5.309667063929033048e+01 6.828005933786045034e+01 8.317178692544294449e+01 7.222768018049418970e+01 5.921659931148801093e+01 4.207269612053782026e+01 5.920165525165219123e+01 5.596922228544475786e+01 3.542674130959242262e+01 2.106458702015843443e+01 1.689193308470974486e+01 3.129161387896666824e+01 5.193007622188852679e+01 7.090354898262644667e+01 7.177433278174798659e+01 8.014592257964842759e+01 9.180895390479192031e+01 8.499870682617228113e+01 7.653353475056411526e+01 7.914756475047991557e+01 8.038110433483171846e+01 6.191807005190360513e+01
1.208450475705237920e-01 1.166785043115297071e+01 2.580998595794557815e+01 4.580993076157244559e+01 5.911615344051280374e+01 4.205218050738391611e+01 2.929446126312600995e+01 2.381681387344972123e+01 3.709027566800657372e+00 2.065184666863088125e+01 1.870486213558087485e+01 3.883777374014194805e+01 3.439802178283442657e+01 2.031006992137465872e+01 2.475018229723306007e+01 3.890744692631659518e+01 5.844647371972657623e+01 6.061985230398769176e+01 7.401139347319866602e+01 7.104927120606583912e+01 6.262974916666742331e+01 7.026828997548781786e+01 5.088730750635107825e+01 3.018894358458450355e+01 3.869349149090248829e+01 1.821478054177067563e+01 3.264615334391456969e+01 5.329473829321715073e+01 6.086864051906439244e+01 5.137165077547125236e+01 6.324047830409406856e+01 8.343179479042287028e+01 9.124160192777765133e+01 8.289810257616079525e+01 9.124160192777765133e+01 9.047887308538670936e+01 8.198158056520259152e+01
1.160239911856559974e-01 1.425815961491673178e+01 3.425815961491743877e+01 4.302322989063891612e+01 5.302323043731073682e+01 4.459110431849735079e+01 3.278437096799963513e+01 1.352700002050991124e+01 4.042724316948136831e+00 1.003763232437625952e+01 3.224507591733555500e+01 3.031147893080473210e+01 1.507469740613732156e+01 3.501600067634134916e+01 4.473811889262147190e+01 3.227099437172692831e+01 3.804463239133865926e+01 4.519498137676212934e+01 5.677310917712162563e+01 7.748736219766524869e+01 7.365639579925344549e+01 5.328898613277124952e+01 4.129957025615848920e+01 5.088585904642553004e+01 4.006797225310789656e+01 1.954974676827643520e+01 4.006797309110288552e+01 5.162368935351643984e+01 4.019630082715411135e+01 6.086864051906439244e+01 8.014592257964842759e+01 8.086326303763418366e+01 8.117387427630951890e+01 6.276576795380771756e+01 8.117387427630951890e+01 9.279828271909192949e+01 9.684825431286483877e+01
1.085988230417786332e-01 7.179666634907284184e+00 1.473895609509189519e+01 2.473895609509207105e+01 4.473895612332243843e+01 3.700144368169013376e+01 1.717056242827370482e+01 5.134442593462759774e+00 4.378031048655154578e+00 2.431157016031792395e+01 2.563554054236822211e+01 1.017917778770440762e+01 3.030499076160835514e+01 3.134111970851882845e+01 5.136463816192860321e+01 5.247056528217328975e+01 5.844647970094447942e+01 6.552797057314903384e+01 7.401139347308969718e+01 8.590287438083043980e+01 8.198603538233820132e+01 7.027039119223042007e+01 6.189726238656192692e+01 4.982982880777625923e+01 2.917940342967728284e+01 2.089282280634964550e+01 4.145435869002451312e+01 3.084295605093020498e+01 5.162368935351643984e+01 6.894795618465693110e+01 6.057390791757677562e+01 6.057067370256414307e+01 6.415733265521207329e+01 5.248821909758517990e+01 6.432651728047426332e+01 8.445068875374059303e+01 7.673221774810899376e+01
1.073404342885239532e-01 1.424947605801959938e+01 3.424947605802030637e+01 4.302322989084035498e+01 5.302323477001337437e+01 3.524829401275101048e+01 1.476344146696778559e+01 2.575511925316184403e+01 2.430388280366472742e+01 4.843476542500207316e+00 5.089796027935434175e+00 2.603328815796502482e+01 2.443134380637670588e+01 4.446498528563149222e+01 5.954414398928789609e+01 6.443568195529742582e+01 5.613705326486040548e+01 6.039073834896505844e+01 6.869864870650813771e+01 7.321202943025288334e+01 7.540808413158740109e+01 8.371775296770374553e+01 6.435151666706434526e+01 4.386935597673190301e+01 4.136279582684172595e+01 4.145435869047118871e+01 2.283909021310744336e+01 4.347281528348555213e+01 4.751221847376028506e+01 4.938671262763821090e+01 3.982338514365590498e+01 5.635354027863296977e+01 4.351925177265747635e+01 6.415733265396760032e+01 8.117387345476802807e+01 7.935436907382991478e+01 6.249200640018578667e+01
9.951591839399596962e-02 2.009951591839364227e+01 3.308783797466927012e+01 4.137256186057826568e+01 5.137345863012303226e+01 4.388434344075780302e+01 3.431863187455369513e+01 2.586975343887279521e+01 2.327453062505599135e+01 2.466095720430936211e+01 5.288800368932134788e+00 1.949667408445760941e+01 3.936496106339760814e+01 4.446505665992985712e+01 6.457226649825669540e+01 5.286175786666421317e+01 3.609654183258475513e+01 4.037081484665484510e+01 5.368497231751430121e+01 5.315743097872576328e+01 5.535068567689102537e+01 7.491585666523640441e+01 7.280722290911832317e+01 6.434046402470993087e+01 6.160864719706215453e+01 4.899742506890530080e+01 2.824009798921534653e+01 2.493912132863940556e+01 2.672166545862441467e+01 2.853279420634286723e+01 3.038654642824505459e+01 3.547637392865421191e+01 5.635686244774542786e+01 6.486315066810813335e+01 6.294537185742808560e+01 6.534717919503687256e+01 5.061530729295732556e+01
9.660808524269255682e-02 6.421163405579478400e+00 1.308783007224620398e+01 2.308783007229381212e+01 4.308787246882977229e+01 5.621658660021568465e+01 3.865393735511138118e+01 4.378868368674454814e+01 2.939177367533553564e+01 5.753036656119630443e+00 6.990382639659889819e+00 2.267209555589691305e+01 4.228211317026056548e+01 4.635456244041231599e+01 4.740106799756944156e+01 3.909900188798953735e+01 2.449470391024192395e+01 2.879583000553274985e+01 3.367660080123133071e+01 3.902720610055889949e+01 4.656914599389912723e+01 5.811805503527751426e+01 7.819502959070089787e+01 6.961478327502103980e+01 4.921743796475728772e+01 3.712815177324598892e+01 4.899742482651911502e+01 4.565611797695518703e+01 2.890908219765497122e+01 4.938880639352915125e+01 5.129368541015168859e+01 3.337292083768998197e+01 3.554669339476647849e+01 5.645780310892499188e+01 4.221810142067943161e+01 4.471868402666727604e+01 6.534717920789212542e+01
8.961064364900331314e-02 2.008961064364864768e+01 3.308783797466927012e+01 4.137256186759732657e+01 5.137368775279970379e+01 6.354826299833853653e+01 5.621650719806643082e+01 5.621187169079383494e+01 3.761812794919756442e+01 6.073616228052510557e+00 1.216813570436667646e+01 2.110187543898913987e+01 3.510219767446051264e+01 2.632319850911006043e+01 3.400302767641342427e+01 1.903692271499580357e+01 3.909900189802470294e+01 4.883223012515914974e+01 5.368497231751430121e+01 5.903128687102277894e+01 6.660359412073032104e+01 7.491585666523640441e+01 8.650403136299284768e+01 7.799451760551252733e+01 6.624604629882874463e+01 4.652785409381776560e+01 6.624558664611747361e+01 5.704372138051219565e+01 3.629365339159085124e+01 3.337794642338229067e+01 5.417671563687995473e+01 4.829525064560025527e+01 5.646715185140480031e+01 3.873086448754210664e+01 5.959040778115447523e+01 6.482928122344017652e+01 4.926966643024024251e+01
8.602227843884299729e-02 2.008602227843848809e+01 3.097887714775935208e+01 3.730344214450480678e+01 4.558812284238971557e+01 5.713570598086919716e+01 5.381100781600535043e+01 4.223654822936644848e+01 3.391759643685269765e+01 2.612051908785990051e+01 6.518804916628480051e+00 2.397605402104083083e+01 1.720762948077523902e+01 1.229519849093640183e+01 1.405177963000325647e+01 3.400302767952306482e+01 4.536546682908450379e+01 5.438750736622110793e+01 6.268825448182654725e+01 6.654670942242356091e+01 5.824345065399132437e+01 6.654671356389629011e+01 8.072237859966479334e+01 8.632206674959725490e+01 7.548112016982882722e+01 6.109639090310618315e+01 7.545120144641292370e+01 6.484327795232272251e+01 4.572173120007821012e+01 3.666280169825334667e+01 5.739534338474538799e+01 6.892867227327484159e+01 6.591674746817015773e+01 4.492733544977821936e+01 6.592373136756168606e+01 7.563779871853667203e+01 6.971871310495708940e+01
8.664218773200615953e-02 5.431867025980516850e+00 1.097886898823285584e+01 1.730342430856972769e+01 2.885042970790678041e+01 4.885054877340043333e+01 4.550968780309194983e+01 2.546095554255458282e+01 1.392128071806033418e+01 8.547472466432497029e+00 6.837171803394965330e+00 2.657563871131972633e+01 9.702585445542597498e+00 2.967831888774021110e+01 3.400302768757990890e+01 1.699481291880968570e+01 3.706076097901393496e+01 3.433406321344032364e+01 5.438750735252870783e+01 5.246754116923952438e+01 3.823511228829877950e+01 5.237103047202423767e+01 6.993313457604558891e+01 6.624980489280335405e+01 8.632206444199937323e+01 8.137208552156430130e+01 8.043218487968002250e+01 6.030792796768837150e+01 6.067683262547855350e+01 4.006345170402655498e+01 5.212805160515282665e+01 7.192709563902245407e+01 7.365614013934292359e+01 5.209311914677672206e+01 7.394259463919894415e+01 8.405968253308137150e+01 6.447358945616998938e+01
7.759125536472052942e-02 2.007759125536436429e+01 3.097887714775935208e+01 3.730344214450480678e+01 3.363335756745905769e+01 5.363344582521649784e+01 4.661475088000384659e+01 2.656548141382249639e+01 3.393446115097452065e+01 2.228870929130139089e+01 2.660120653683690506e+01 7.303861701574556164e+00 7.795593498198377880e+00 3.173372615333187241e+01 4.222604436296609265e+01 3.706076094371380947e+01 2.009190625594906976e+01 4.020758098581256235e+01 4.711676278671556872e+01 3.244676085279345301e+01 5.246754115092897308e+01 4.489087819992334261e+01 4.987953934534854028e+01 6.993313458843356045e+01 8.827186417358572612e+01 9.829943455966498789e+01 8.872960580203498182e+01 8.043369959640669720e+01 6.416099645399788187e+01 4.371445779302834467e+01 6.416099645399788187e+01 8.024247273570500738e+01 8.348450367145174766e+01 6.362823681758851535e+01 8.413073774386965908e+01 7.594103732462872358e+01 8.454211390690316819e+01
7.818929607037834739e-02 1.162519467986299659e+01 2.576733030359419985e+01 4.576733030359490328e+01 5.363344582521649784e+01 6.077644390176426725e+01 5.491896324325164613e+01 4.074066030489963453e+01 5.061679595352690342e+01 3.744573301042828462e+01 1.781914681315015159e+01 1.949680281404117821e+01 7.780417976382723033e+00 1.946609754347475985e+01 3.492465071220895823e+01 4.757409461590196997e+01 4.020758100912443922e+01 2.340778716921122182e+01 2.705091068419502776e+01 4.711676277867084650e+01 6.076763850370490161e+01 6.491973615792799990e+01 6.405292081728754283e+01 5.989228684790531787e+01 6.993644330882088411e+01 9.001148986158695209e+01 9.332595088743339318e+01 7.346548643507884435e+01 5.934765054704934784e+01 4.751927604077189926e+01 6.777309229478959196e+01 8.223514864387564671e+01 9.543512365134958486e+01 8.994013689687713509e+01 9.852280705482198186e+01 8.579524064463295474e+01 1.041628309901741005e+02
7.024788420635796893e-02 1.421238350793743344e+01 3.421238350793813510e+01 4.906022220021873892e+01 4.077719234031763307e+01 4.077719231449190573e+01 5.800103529435030225e+01 6.079610867164223009e+01 5.145831279786930423e+01 3.164154542051878849e+01 3.508095933508131736e+01 2.087325029450034464e+01 8.123515691284643125e+00 2.216655230669176646e+01 2.747704306980061162e+01 4.362250159166940477e+01 5.181321947651321835e+01 4.351282955596449398e+01 2.794025794430246634e+01 4.792324955159384814e+01 5.261887694899417767e+01 7.253430881033816036e+01 8.412922642438726939e+01 7.997397998343288350e+01 8.827186417358572612e+01 9.829943455966498789e+01 9.442488667615070597e+01 7.455723039657114271e+01 6.044886154325710947e+01 6.777309229478959196e+01 5.408235120113306493e+01 7.400438791712370801e+01 8.104132644992954226e+01 9.880956549058340954e+01 1.142083997180449160e+02 1.058160704623546025e+02 1.142083997180449160e+02
