MOVIE_S4_data/elevation_000568.asc
nrows	100
cellsize	150.0
xllcorner	0
ncols	100
yllcorner	0
NODATA_value	-9999
[rows 34 to 50 of 100, columns 0 to 36 of 100]
6.606448164489217567e-02 2.006606448164453838e+01 3.380798236273782464e+01 4.209225361064793702e+01 5.363925899490052274e+01 5.845347430774501163e+01 5.020582813807675393e+01 4.808853094476859980e+01 3.963382078565405209e+01 5.359671340503065551e+01 4.589369378909817243e+01 4.589369378909817243e+01 3.015675270276885200e+01 5.015796700665930530e+01 4.122837014644692033e+01 6.123617677387785818e+01 7.659143820733496000e+01 8.659190362915430228e+01 8.900710179747974848e+01 7.453120973535772009e+01 8.384274398975946951e+01 6.677537942867225240e+01 7.210672371904776412e+01 9.256706673131073160e+01 9.052113714618710105e+01 6.993157750329605449e+01 7.901249985772474815e+01 9.932010739992497861e+01 1.063880292982866962e+02 9.522059477275513473e+01 7.832407689854753130e+01 5.840624269062302432e+01 5.256356169340880058e+01 6.091758622097538733e+01 4.246607438708889504e+01 3.982298754436082788e+01 5.495575003956653859e+01
6.290596198942818851e-02 1.420504158572050279e+01 3.420504158572120446e+01 4.610841183617208117e+01 3.780093613941988195e+01 4.607399237796570901e+01 3.026449817177929447e+01 2.808643864738107254e+01 2.808643437983216984e+01 3.359509165237835049e+01 4.207966122512439711e+01 2.589273828753481510e+01 4.589369378909817243e+01 5.844211752978841190e+01 6.123617677387785818e+01 4.830502133733028813e+01 5.830631596999408828e+01 7.245186758130395788e+01 9.245484857775113596e+01 9.498109690061509980e+01 9.574684226763336881e+01 7.863330496450146256e+01 9.256706656000021383e+01 1.010641266185941305e+02 9.878164479619537985e+01 8.200077010880607986e+01 9.878164479619537985e+01 1.075435861108956885e+02 1.021454771106243555e+02 9.343376770212363169e+01 7.712649707645650210e+01 5.818989123298742072e+01 6.467989778700714965e+01 4.623712814136288785e+01 6.091758622097538733e+01 5.291041330915002305e+01 6.631674508244367416e+01
5.954267593782444634e-02 1.420167830346928994e+01 3.420168036158818836e+01 3.605800079994869378e+01 1.777402354984659993e+01 2.955545010843994902e+01 3.107812521761095681e+01 1.394417194350932476e+01 3.394435927572168055e+01 1.945275927043817532e+01 2.207888792764950736e+01 4.207966122512439711e+01 3.743988102831306009e+01 4.898754875747471971e+01 6.899056166720268379e+01 6.830846052060603313e+01 5.773428025314454715e+01 6.668044108935521308e+01 7.823088984996046236e+01 9.823304412391863139e+01 1.075533682154303960e+02 9.904607076040541358e+01 1.022956794140582986e+02 9.404256105294081181e+01 1.022956687996481548e+02 1.021601736545871972e+02 1.103586634154175812e+02 1.078406259287682190e+02 8.823076078822157342e+01 7.459663027048347317e+01 6.612017130393088848e+01 6.974040865142922030e+01 5.109500104287586453e+01 5.911547890092047197e+01 7.266732706339121250e+01 7.167574617460100228e+01 7.182111283574302263e+01
5.541180393181056874e-02 2.005541180393145595e+01 3.359634326907151802e+01 2.531185572114111437e+01 7.773562416283369636e+00 9.555304029032880564e+00 1.135135704930064549e+01 3.135151655009366678e+01 1.666582721326867400e+01 3.666645751224060490e+01 2.381711708160734631e+01 4.381175838394236166e+01 5.744181677916771633e+01 6.572548975513586811e+01 7.727296091248432219e+01 8.602001706272857007e+01 7.773857594478236877e+01 8.602001509034910498e+01 9.496409300780022988e+01 1.065082963057401315e+02 9.977105303546859716e+01 9.151591643872374959e+01 9.151591643872374959e+01 7.405612724180528517e+01 9.231139832125633404e+01 9.949416919043734708e+01 9.124058193625860724e+01 9.949441451733321173e+01 1.021454771106243555e+02 9.343376371761301868e+01 7.709941260563728349e+01 7.520425669400836455e+01 5.627759788924187490e+01 7.520389553661129867e+01 8.618521254900056761e+01 7.182112807781980734e+01 5.233073674463146574e+01
5.132731495283296419e-02 2.005132731495247711e+01 2.309649415714309129e+01 5.311732596696704611e+00 9.091377326791681313e+00 2.909159443414993973e+01 3.135152571690779055e+01 3.963620754803568502e+01 3.080812916337745477e+01 4.494551099629668300e+01 2.697939475854723312e+01 4.697302718305578395e+01 5.560539834414458227e+01 5.968522116500842856e+01 6.468086767242715496e+01 7.001970952474708554e+01 7.756454661464762523e+01 8.581810514829702186e+01 9.578346137043378405e+01 1.031854969481275930e+02 9.151591643872374959e+01 7.152211858395273225e+01 7.152211858395273225e+01 6.403582968293234501e+01 8.404934159460437115e+01 8.950305313272852459e+01 7.125034506287884994e+01 8.950777638717795526e+01 1.023989115045434488e+02 1.047028064711811481e+02 9.652202460176738441e+01 8.159759587295198457e+01 6.241757833860479110e+01 8.159759587297008920e+01 8.568248879526622375e+01 6.607956447569017655e+01 7.182112807781980734e+01
5.077994834438732952e-02 1.571351790883800170e+00 3.096337494209849606e+00 2.309649415714309129e+01 2.909159443414993973e+01 1.474823158992007599e+01 3.474853406409300050e+01 4.906310391073194666e+01 5.081146076380768051e+01 5.524258703084784372e+01 4.697302718305578395e+01 3.169344040665927764e+01 3.561576456994180262e+01 3.969825304547501332e+01 4.469828164290039751e+01 5.004359247136810041e+01 5.760278399313347819e+01 6.759717764782723748e+01 8.753191558253172389e+01 9.493366514769991227e+01 7.494961434840902825e+01 6.493057020520960521e+01 5.734757899423676974e+01 5.645206624221307123e+01 7.648492753935141764e+01 8.124523431364552550e+01 6.122673816601427177e+01 7.416769020312419514e+01 8.999394419766001363e+01 1.015198640196559410e+02 9.538426084137842054e+01 7.588697226327043666e+01 8.159759587136365155e+01 8.973647369532524465e+01 9.387117172438914281e+01 8.568248879528765372e+01 6.903791439268468366e+01
4.095169275885861271e-02 2.004094460350722784e+01 1.722055758378396817e+01 1.723990254311744863e+01 3.725550062180494848e+01 3.474853406519583388e+01 2.077845875549978771e+01 4.077889110880563095e+01 5.451718196244215164e+01 6.280225828173636415e+01 5.995287674553078006e+01 5.168510859220924658e+01 4.238369838557261460e+01 5.968522116500842856e+01 5.234570048265419473e+01 7.001970952474708554e+01 6.417779451287623260e+01 8.412333997663685636e+01 9.578346164606948321e+01 1.031854969481275930e+02 9.320260491860352658e+01 8.494163974805448447e+01 6.980731598334720900e+01 4.975242306300300754e+01 6.980720644140127717e+01 6.748780596012372257e+01 5.412814750305575018e+01 6.171627349075463087e+01 7.328724178803997802e+01 9.327126774976197510e+01 1.035859756045397830e+02 9.538426084805797700e+01 9.543419364808711691e+01 8.560303206719702018e+01 7.743529895489803039e+01 7.091571573469038015e+01 6.090507029914350312e+01
3.794593529682660504e-02 1.999055245973688955e+01 3.694171691171414551e+01 3.724642227760785573e+01 4.555111466396230924e+01 4.906376320685833292e+01 3.492072281454602489e+01 2.784953078081770173e+01 3.451621530951255323e+01 4.606347533334429301e+01 6.606515997393074713e+01 7.062835258558577323e+01 5.238225645325847069e+01 7.062835258558601481e+01 6.388484639504105900e+01 8.057214534830862362e+01 8.412333997663685636e+01 9.237669163647484538e+01 1.022840402359226886e+02 9.403564928945114332e+01 9.232621161492511419e+01 8.003400469561115926e+01 6.000905483407133545e+01 4.579071424216459718e+01 6.587422684900447223e+01 4.741515154347496264e+01 6.748783813826076994e+01 8.173348498014138386e+01 8.999394419766001363e+01 9.868143320231395421e+01 9.042829144610594483e+01 9.868183493269296491e+01 8.724312834486069335e+01 6.762746956493523953e+01 5.787654929427502282e+01 5.137035686279530466e+01 4.549146411868885309e+01
3.760068892276602348e-02 2.003760068892241009e+01 3.054541783047759651e+01 3.810470729066333462e+01 4.638897853849171327e+01 5.638897853873367438e+01 5.492176045547130059e+01 3.601453226273469710e+01 5.451718196244215164e+01 5.451718196244215164e+01 7.435031029916660827e+01 8.060747392188623905e+01 7.235016497930008939e+01 8.060747392188156368e+01 8.383026632614506468e+01 9.208487020651392641e+01 9.934642785582032332e+01 1.076272126178494659e+02 9.403564928945114332e+01 7.405308701326030985e+01 7.233745253214736692e+01 7.233745253214736692e+01 6.220749652360538562e+01 4.207417867888885610e+01 5.717416783067244523e+01 4.298463083661987127e+01 6.310761752498062549e+01 7.452787053479407575e+01 8.279755641582518422e+01 8.869229068348013811e+01 7.043416661134496337e+01 8.869440971783772909e+01 9.543419364808714533e+01 8.560303206719702018e+01 7.743529895489803039e+01 6.842426354016726009e+01 4.888300373094027407e+01
3.621519728617531020e-02 5.200192992229419886e+00 1.054541783047795356e+01 1.810470729066263118e+01 2.810470729066280882e+01 4.810470729066351225e+01 6.430068213792941378e+01 4.756184428705930856e+01 6.430068213792941378e+01 7.451914313639368004e+01 7.247936855415291291e+01 8.076283999553739079e+01 7.938879573846136850e+01 7.938878966178094743e+01 8.767134929670521615e+01 9.608243666124127458e+01 7.934832203287268726e+01 9.608243666124127458e+01 9.403564928945114332e+01 7.405308701326030985e+01 5.988176150422059862e+01 5.228134956798709965e+01 6.378550173074496143e+01 5.717416784979506872e+01 3.692635461607680725e+01 5.633559465357362939e+01 5.960155152504408704e+01 5.448427297112718293e+01 6.656158333037933517e+01 7.042046632635025105e+01 6.040972072814551552e+01 8.043121771369915507e+01 9.539879012675993408e+01 9.860342873114268514e+01 7.890877697565534277e+01 7.199368883000077801e+01 5.244413766272990074e+01
2.661327423881425236e-02 2.002661327423846060e+01 3.054541783047831061e+01 2.468755345420915503e+01 4.468755345420986202e+01 5.638897853875555199e+01 6.973819465242033289e+01 6.756362422719783467e+01 7.584877203246679755e+01 6.921354400345897773e+01 5.247295792657439506e+01 6.921354400345897773e+01 5.938509258666823598e+01 5.938509258427420434e+01 7.938879060051039005e+01 8.780051645301291785e+01 6.780149118954042819e+01 8.780051329073945965e+01 8.559490103298672636e+01 7.733551112815031559e+01 7.795289558534381058e+01 5.791717505256345078e+01 4.365500529035781341e+01 5.451510289448586377e+01 3.416619622354637187e+01 3.608045028789410935e+01 3.941228757160580187e+01 4.283487679886344779e+01 4.648484170436631047e+01 5.036909829440546815e+01 5.555900245399823945e+01 6.713884603823962038e+01 8.714231608445288657e+01 9.280895614758269119e+01 7.315113449138378598e+01 5.934995500702384419e+01 5.895589033394262657e+01
2.753285331545040487e-02 1.416966847704652643e+01 3.416966847704723165e+01 4.468755345420986202e+01 5.297182470210724858e+01 6.387597014453442767e+01 4.972992305734174323e+01 6.387597014462322420e+01 6.349598111057753869e+01 6.092866145748621420e+01 4.091550031065523285e+01 5.523875287910541232e+01 4.523346504557062531e+01 6.524404052943111765e+01 7.995575832994752830e+01 8.072979226107942452e+01 6.072902036501326251e+01 8.072979226107942452e+01 7.404044947427095735e+01 5.729305373424212178e+01 7.404044940433622912e+01 7.206764125062406379e+01 5.666829659647072504e+01 3.638757293968849638e+01 3.142281218042604962e+01 5.188810082762207543e+01 5.960222415821800013e+01 6.295569408588245608e+01 6.069745272501403832e+01 6.455962486797633915e+01 6.973652364533327841e+01 6.501639865581441313e+01 7.658265389593802297e+01 9.655948425067911955e+01 8.481481544445045984e+01 6.522670293861516200e+01 7.851280657867297919e+01
2.210104741296625708e-02 1.002210104741305408e+01 2.416423667115519791e+01 4.416423676886545735e+01 5.710597510171478319e+01 5.492682362270323893e+01 3.557628402602125561e+01 5.492682362420738684e+01 4.348482813336928388e+01 4.348482796393154359e+01 3.334815636936392025e+01 3.522333740585153805e+01 5.359982252610074482e+01 5.166533371782315243e+01 6.200032249432736364e+01 6.685324283584543537e+01 5.469564950007811888e+01 7.469933277923816206e+01 6.576398824826323164e+01 4.562049921993290269e+01 6.576398824819267475e+01 6.892974613897787606e+01 6.020117053796221285e+01 4.748663387521357748e+01 2.947969716507093452e+01 5.002751671772965381e+01 6.556815611587735759e+01 7.715948351369405600e+01 8.071884696937929959e+01 8.456980863533239301e+01 8.973283372650467982e+01 7.658265389593802297e+01 8.502585601393707293e+01 1.048068631726542321e+02 9.136416049107346282e+01 7.171612643860815695e+01 9.136416049107346282e+01
1.884200952422735234e-02 2.001884200950715709e+01 3.830636672123891628e+01 3.710255249461599192e+01 3.710255249461586402e+01 4.663971026865330316e+01 2.662555842126839067e+01 3.720494882061433373e+01 3.966826254484445258e+01 2.347059012048298499e+01 2.627188329676204859e+01 2.986579567672720614e+01 3.358269591846639202e+01 3.750934550811330581e+01 4.198726890473384543e+01 4.684413914977500326e+01 6.685324106066593686e+01 7.235866490694631636e+01 5.222807561679520205e+01 3.835806050512372423e+01 5.864218745838029179e+01 6.067014968163849176e+01 3.997278367023015733e+01 4.562803398535142207e+01 2.756083924390728512e+01 3.695325146180331188e+01 4.876670029660541417e+01 6.888264952426837340e+01 7.631149167427464874e+01 8.458517509300712334e+01 9.352158549890509676e+01 9.655948425067911955e+01 1.048068631726542321e+02 1.132223057946221445e+02 9.956866841456923112e+01 8.149321852138612599e+01 9.956866841456923112e+01
9.934550753332892920e-03 2.000993452759340130e+01 2.444682400689467272e+01 1.709180949804450123e+01 3.710195299425639348e+01 3.194826636006217413e+01 3.397993151846983295e+01 1.719428008023211163e+01 1.965620690527918768e+01 2.672959332898053120e+01 4.628758700810089266e+01 4.988273549244228633e+01 5.359982252610074482e+01 4.906878127930175992e+01 6.200032249432736364e+01 6.685324244060748811e+01 6.858740810027768475e+01 6.034586942072978388e+01 5.222813930368733537e+01 3.175392680293263226e+01 5.222813534574513739e+01 5.167468628936787667e+01 4.330424656875525358e+01 2.491707157001197714e+01 2.935913701979678692e+01 4.989265057475370213e+01 6.110550375014224045e+01 6.629780062967023468e+01 5.628410958506351847e+01 6.526217451023795491e+01 7.939792544501094085e+01 9.938012788355838723e+01 1.166784580552038335e+02 1.249358734247141172e+02 1.094546117277422610e+02 1.012351050437235926e+02 1.094544191453196476e+02
8.364784840791048004e-03 1.836243177008987315e+00 4.229296954339299752e+00 2.444092011253408714e+01 2.910351377223897629e+01 1.194019769173123180e+01 1.397093400731432844e+01 2.063836681578302290e+01 3.966826256828210973e+01 4.674465571949252762e+01 3.828598730731234667e+01 4.984296460381195004e+01 6.985113314728563694e+01 6.907704314370330678e+01 7.736065517639244149e+01 6.820293648712669210e+01 5.671180178767033908e+01 3.949826914853202453e+01 4.694171951574532642e+01 2.629885748122023870e+01 3.986146104012731683e+01 4.100300651598226409e+01 2.253831389949482755e+01 4.330424656878217604e+01 4.989265057427252970e+01 3.601592719573354628e+01 4.090651577087591306e+01 4.618815300510683386e+01 6.043545563382929231e+01 8.045075342593970902e+01 9.352158549890509676e+01 1.026223262834429448e+02 9.680008574080757455e+01 1.166784580552038335e+02 1.169971251979770841e+02 1.087670612513053356e+02 1.113516454182322377e+02
5.219006137575642711e-03 2.325281578742164346e+00 2.183908857306981233e+01 7.134728432722620362e+00 9.096145818818012430e+00 2.910444334270858491e+01 2.063836681302321452e+01 4.064733946396928133e+01 3.064357166363480900e+01 5.065787416064068083e+01 5.829941165271968373e+01 6.658477162733380794e+01 7.813490994799259681e+01 6.778017154824755153e+01 5.944432649250871492e+01 6.000852996528878691e+01 3.944685009036656709e+01 2.703524438273073827e+01 3.720082762536978294e+01 3.827755553217737372e+01 1.906020432050232571e+01 2.020448744227775606e+01 4.092906965410341513e+01 4.491749977994775378e+01 5.176547787068719941e+01 5.612792584403685225e+01 6.108220046522529856e+01 6.629754299207492352e+01 6.629777724320808829e+01 8.630312476275368283e+01 1.026172103642189768e+02 8.246808331693421223e+01 9.912645542143921773e+01 9.836691889530642641e+01 1.054030844117574333e+02 8.860235119587841268e+01 9.123217281141172919e+01
