MOVIE_S4_data/elevation_000906.asc
nrows	100
cellsize	150.0
xllcorner	0
ncols	100
yllcorner	0
NODATA_value	-9999
[rows 51 to 67 of 100, columns 0 to 36 of 100]
1.045510899316130261e-02 4.010455108993178364e+00 8.092938013631844285e+00 1.245729581835172972e+01 1.780252065660031136e+01 2.536181011678499075e+01 3.536181011678534247e+01 5.536181040111281249e+01 7.252519968590073063e+01 6.427052979936682675e+01 6.169685445006787461e+01 6.994549475249114323e+01 6.170602388328858012e+01 4.182215977452975864e+01 3.664521073133835927e+01 4.544944761965349755e+01 2.394970856330917641e+01 4.544944761965349755e+01 5.043120622144808607e+01 3.084266919460906564e+01 5.043120622144806475e+01 4.435750842428763008e+01 2.550028851973348765e+01 3.525816211948974654e+01 3.137283144174216432e+01 3.610176705710651390e+01 1.752492490408343784e+01 1.267822905318970506e+01 2.612342607840653841e+01 2.031542949126583508e+01 3.948766950332044701e+01 5.247844897643982165e+01 5.906915204476892001e+01 6.708888911949183864e+01 7.736560181046363027e+01 7.360459444434717113e+01 5.943503531654541661e+01
1.199560344128819747e-02 2.001199560344093342e+01 2.809293805471992300e+01 2.659943144275029425e+01 3.194465628081475828e+01 3.780252095092642151e+01 5.364609352177621560e+01 6.364610017099252559e+01 7.197226063978712318e+01 6.368726197053700133e+01 6.628223254419869193e+01 7.456745822817352121e+01 6.995101750213274272e+01 6.170602388328858012e+01 4.662494760970218977e+01 5.171282609783629169e+01 3.001584659534455568e+01 5.171282609783629169e+01 5.736813307276767659e+01 3.774754106211044302e+01 5.736813307276767659e+01 5.199251113525756551e+01 3.552036325124146998e+01 5.138984884792806440e+01 4.387538038722649247e+01 4.418035811078153330e+01 3.096949464866593260e+01 3.255087217066551375e+01 1.317341120534505805e+01 3.332507652012806432e+01 3.154404445950127567e+01 4.508529714188949811e+01 6.062010528387650510e+01 7.463451943580835746e+01 7.506634711023640705e+01 6.529371304247122509e+01 4.548042894532845537e+01
1.680456789927393946e-02 1.415894019163035011e+01 3.415894019163105355e+01 4.659943319177224907e+01 5.194465773187076252e+01 5.780252589317758094e+01 5.326217040518071855e+01 6.154685923828509431e+01 5.872320126847696997e+01 4.368782636982439271e+01 4.628291917650118847e+01 6.628223254419869193e+01 8.091662547666447836e+01 7.471745008164270985e+01 6.064198419147025731e+01 5.886188415338697411e+01 3.741470998673666060e+01 5.886188415338697411e+01 6.561827766085698954e+01 4.900320983524876084e+01 6.561827766085698954e+01 6.148881612821639209e+01 5.358886206604327640e+01 6.036648489986111343e+01 5.914096657621290376e+01 5.943213791157142367e+01 4.404856170923039116e+01 2.250013975917179110e+01 2.257847999521799309e+01 1.368453774001024748e+01 4.177532508309293746e+01 5.141010594996197369e+01 5.049935092749155530e+01 5.080416657045194739e+01 5.448065501575565150e+01 5.780122709641222656e+01 3.808096921873987384e+01
2.570751284471603157e-02 1.416784313657579197e+01 3.416784313657649363e+01 4.908262167831590261e+01 4.327351170606262798e+01 4.999969693787544855e+01 3.326248722059688845e+01 4.999977804036665674e+01 3.872365665007752256e+01 3.214083394229604096e+01 4.108510392798322641e+01 5.263206036861158310e+01 7.263110794273582371e+01 7.983617380292903931e+01 8.052892718251035831e+01 6.723594779893024054e+01 4.848910533747762486e+01 6.723594779893024054e+01 7.708099563509438212e+01 6.879483082794737925e+01 6.844543760028939516e+01 6.021815072133577473e+01 5.571571571622514796e+01 5.167921469541284551e+01 4.797987831353057686e+01 4.450448783147556497e+01 4.112966720232315510e+01 3.641530298736394400e+01 2.698023868911098333e+01 1.404838617163601810e+01 3.752984928713213009e+01 3.111384272108401916e+01 3.067272115328356819e+01 3.182463831154046119e+01 4.570555360529333200e+01 4.533625870946575276e+01 3.168819605303776399e+01
2.050012024463924304e-02 2.002050012024428227e+01 3.814935829598071138e+01 2.909045278929947997e+01 2.323449489714097282e+01 3.130027758057937604e+01 2.171548586660202318e+01 3.791477268392240063e+01 2.458154453947997453e+01 4.458138804050550164e+01 6.042518870233734418e+01 6.936950012478806116e+01 6.350618710560988234e+01 5.983610634549235385e+01 7.983617380292903931e+01 7.748893640030942720e+01 6.923466296929859709e+01 7.748893640234480529e+01 8.832804296066180427e+01 7.406432831352992707e+01 5.448287508597842077e+01 4.165413561660789554e+01 3.766393439429420908e+01 3.393815999934687966e+01 3.025971135420319769e+01 2.654911189006788064e+01 2.283002967332778255e+01 3.012100874056915245e+01 2.857467153646663860e+01 1.441336644316823090e+01 3.511747219743339343e+01 1.684653558790359185e+01 1.640957887502436918e+01 3.627047835916498997e+01 4.007837412045742553e+01 2.606565804139415121e+01 4.533625870946575276e+01
2.927968592160756431e-02 2.002864041270025908e+01 1.816006436773573540e+01 2.605936525085572697e+01 9.091713745678038805e+00 1.130034426717495144e+01 1.355052006902698025e+01 1.791487787374675378e+01 3.791477356700241330e+01 4.376258370239958140e+01 4.714325073365152718e+01 5.085720486938059537e+01 4.350639013086120599e+01 6.038558036743138757e+01 6.593256386266615721e+01 7.300359586448179527e+01 8.129099518956050474e+01 9.129267339914005674e+01 7.995333598180617685e+01 6.005325255413489316e+01 4.912574534543680471e+01 6.021815072409253133e+01 5.571571571802481770e+01 5.167921470149433105e+01 4.797994907808815412e+01 4.450472536830377379e+01 3.756846448461497801e+01 1.743292924420825685e+01 1.556889390829100783e+01 1.478742544519445623e+01 3.488000190492444119e+01 1.586532848676331753e+01 3.589784183826003527e+01 1.695801327027377425e+01 2.077255675093534393e+01 3.990933276826878995e+01 4.803375206753748472e+01
2.800573862316051849e-02 2.018080119043134779e+00 4.018080119043126786e+00 6.059321571362450420e+00 2.604685141882263721e+01 3.129811898982718787e+01 3.355043854085037935e+01 1.755052006902690920e+01 2.060049147567895034e+01 2.376276913584727524e+01 2.714338615476128425e+01 3.085729291830137555e+01 3.522165072298780331e+01 4.038562851615927940e+01 4.593263044644204030e+01 5.300369715084411837e+01 6.300365546987062260e+01 8.300353625912730138e+01 8.257140746073081061e+01 6.262054616952254804e+01 6.262054616902445758e+01 7.678504067536729849e+01 6.930360213184066254e+01 6.103783653668764231e+01 5.211267904961499653e+01 4.073870961834062854e+01 2.094009388149871853e+01 3.756845906810313096e+01 3.549788599393107802e+01 1.487618226969855506e+01 1.532266560653266474e+01 3.538603595671735746e+01 4.389765194178666974e+01 3.617165435898402848e+01 1.751349018433247906e+01 2.627951736484489587e+01 2.858181816200107761e+01
3.653205470537677219e-02 2.003653204477576821e+01 2.401810389104743138e+01 2.020145824244400501e+01 2.020149290059435288e+01 4.020009888879833682e+01 3.019962255953647912e+01 3.755039596046529482e+01 3.474261067085987520e+01 3.530977096721223063e+01 3.714338405459260883e+01 5.085720486938059537e+01 4.936407130021093792e+01 5.155152676075844198e+01 6.593256386266615721e+01 6.593256386233584010e+01 8.129099514864056175e+01 9.129267340501088768e+01 9.094956127604274343e+01 8.257140758207553688e+01 8.257140688164261633e+01 7.824777369591083698e+01 6.103783654511679657e+01 4.156484495727108452e+01 4.396068940489766419e+01 2.436168532720249402e+01 4.073870961834062854e+01 4.888589532434035334e+01 4.321367677839922550e+01 3.448382093076430976e+01 1.978459297530582006e+01 3.920056704485569554e+01 5.123872563708577843e+01 3.171866593780662669e+01 3.736613609075516962e+01 1.806798355556760072e+01 3.800487734364912029e+01
4.500159517621803856e-02 2.004500159517586155e+01 3.378340757640805236e+01 4.020157596492041563e+01 4.020269197338105016e+01 4.848916376120765648e+01 4.434158939924441967e+01 5.019707368838817274e+01 5.474214977277931382e+01 4.945180986670263934e+01 5.128523701245283206e+01 6.534902108067628035e+01 6.938143637506554740e+01 7.155191002985904447e+01 7.984110035248480131e+01 8.593393652400708049e+01 8.261001405245751528e+01 9.088745167984882301e+01 9.202243280019688143e+01 8.001375366977224246e+01 7.147016806909864783e+01 5.715456942599282542e+01 5.711231687450948158e+01 4.726835213493770738e+01 2.783973556295003604e+01 4.396068943626254111e+01 5.211267958141315404e+01 5.937582419382027865e+01 4.023837252811780729e+01 2.654919866688487673e+01 3.993109022166029121e+01 4.868671493171578391e+01 5.929181844472307006e+01 5.128429098308147616e+01 3.833016366290826937e+01 1.845778062362077421e+01 3.836134727783538523e+01
4.567435126880908108e-02 6.712341017935446352e+00 1.378340882980085880e+01 2.378340882979730608e+01 3.792554443423879462e+01 5.792553594142017204e+01 6.433766016824247913e+01 7.017982573201342689e+01 6.619998921391186286e+01 6.945067084793319623e+01 7.127739809323229281e+01 6.708853106854914472e+01 5.878609540595248717e+01 6.516724945539891678e+01 6.657573347864139635e+01 7.486065197034983498e+01 6.259580443366191105e+01 7.933743503162364163e+01 8.357707585694036823e+01 6.260729644584717590e+01 5.003162168993575420e+01 4.258962304117902420e+01 3.639981671630832238e+01 3.144872780563068915e+01 4.061687467582093092e+01 5.238380453936768788e+01 6.936397512214323058e+01 5.948810406529072026e+01 4.024204901845676829e+01 4.585719679900871881e+01 3.528231791899000314e+01 5.441235144541482782e+01 6.176862571806571367e+01 5.034849393557256292e+01 3.865938120150043034e+01 1.948741219502849020e+01 1.888232194104347528e+01
5.351880592384315738e-02 2.005351880592348834e+01 3.378340757640805236e+01 4.206762015226338036e+01 5.206758737819487237e+01 5.100185209834555167e+01 5.686052200419783986e+01 6.030471278787763367e+01 4.617652331615146721e+01 5.204165455010473806e+01 5.421340512952675539e+01 5.551412640639784257e+01 3.875641428392631127e+01 4.513875150448030382e+01 4.654402685178574473e+01 5.948989249874081509e+01 5.102378915205305532e+01 7.105480474141216973e+01 8.276923746693618966e+01 8.001375366977224246e+01 7.147016806909864783e+01 6.389049730735438715e+01 5.711231687450948158e+01 5.132813717713161594e+01 3.548584279190321666e+01 4.263036695689410749e+01 6.115339752830537634e+01 6.780059373514170318e+01 5.949234488874589744e+01 6.117277992120261843e+01 4.205236515241977457e+01 6.117193358091083866e+01 5.350077617291739074e+01 3.408698928765861780e+01 1.987691678133681350e+01 1.929563208830129994e+01 3.900901428542328375e+01
5.706225480597197641e-02 1.419919787853704740e+01 3.419919787857585902e+01 5.336646068651563013e+01 4.514889817354423229e+01 3.099746010656259187e+01 3.685614215258731008e+01 4.715983083902884943e+01 3.202066413943813217e+01 3.202070933274296749e+01 3.419090124728380431e+01 4.229268029376574134e+01 2.720276570453695086e+01 3.098256986084867393e+01 3.498312448431071431e+01 3.945709262945106843e+01 4.549431047207987433e+01 5.445919471110062915e+01 6.603268620361278352e+01 8.603994611671851089e+01 8.708080140144899417e+01 6.714237786008681041e+01 5.992887648924656219e+01 4.149283456441898466e+01 3.945212744922652348e+01 5.768159340011317227e+01 5.758347659571940369e+01 7.714859422349915974e+01 7.489685586201113665e+01 5.548817652741868756e+01 6.117284692305668869e+01 6.535720565242073121e+01 5.397652392712321756e+01 4.236345439541157987e+01 2.256178318762108859e+01 3.815889762397119966e+01 1.979971587651437304e+01
5.506323356023958698e-02 2.005506323353246856e+01 3.336690839562211153e+01 3.336687428678285272e+01 3.685613677449554615e+01 1.685503097588863852e+01 3.114537155437955107e+01 2.716022295098236938e+01 3.493010367009325279e+01 1.787367652341403002e+01 2.004298112944308130e+01 2.227904922217938477e+01 2.570902521752885406e+01 4.572578041819459571e+01 5.501042226624225151e+01 5.948989249874081509e+01 6.553126013191170784e+01 5.966755160868073915e+01 7.968750477466033999e+01 9.431574984941597961e+01 8.117330912642336216e+01 6.133057583684558267e+01 4.805724715081991860e+01 5.992885169532979006e+01 4.345257206962018870e+01 5.632302643873692460e+01 7.594304420093840235e+01 8.546083203534703898e+01 8.325256968794283807e+01 7.489685586201113665e+01 6.900665365905948079e+01 5.707321655300112440e+01 3.747786901551300076e+01 2.624640711020309780e+01 4.236345439541157987e+01 4.742711295897343859e+01 3.382888604356954687e+01
6.166659562896406599e-02 2.006166644692172341e+01 1.336689399537459266e+01 2.505723105746567114e+01 2.676641595374015381e+01 9.295739934526876525e+00 1.114474058861098982e+01 1.301791221177439439e+01 1.492483739026579492e+01 3.493422852561681680e+01 3.419090124728380431e+01 2.830948409223648454e+01 4.572578042807370480e+01 3.078923325155973956e+01 5.081142127007604614e+01 5.616430411044468940e+01 7.618609717011956661e+01 7.968750477466545590e+01 8.796608036530376751e+01 9.390976248781399249e+01 7.377166152056294379e+01 5.986210486921721952e+01 5.727701805354151077e+01 5.845775362148545184e+01 6.206971097277018146e+01 5.095322542247181019e+01 6.447994265007210402e+01 8.446419863009232643e+01 8.132098884773598968e+01 7.558388664383853950e+01 6.069479198624348015e+01 4.103183112270858146e+01 2.988726781940868449e+01 4.576040637661934340e+01 5.397999403562909748e+01 6.096391695078163053e+01 4.818642272935183257e+01
6.211000661219646946e-02 1.711682204296843368e+00 3.366893981501582811e+00 5.057202490958623287e+00 6.765917806392152123e+00 2.676636899364635269e+01 3.114499540009891732e+01 3.301861028940307818e+01 2.008881620169603011e+01 4.001263175566138131e+01 5.421340512929295130e+01 3.463547313682870765e+01 5.466211820857343184e+01 5.081142127007604614e+01 3.613565049024389708e+01 5.616430411044468940e+01 7.078735351568072076e+01 8.008126134600894375e+01 8.836030881749388755e+01 9.730241863402453362e+01 8.802261493547213433e+01 7.966997473365141502e+01 6.851806041985047102e+01 7.225684331246499426e+01 7.734096842398123783e+01 5.752062082086258954e+01 7.734094286248429739e+01 8.132098831880679768e+01 6.125593482895452269e+01 6.493794074907782488e+01 4.744093052680407396e+01 3.374836566377236835e+01 4.934237623861648103e+01 4.356808834026128352e+01 6.328274039587260802e+01 6.812445663948506080e+01 5.022908915586935308e+01
7.336735264618567121e-02 2.007336735264583183e+01 2.336691172568033892e+01 2.499414477275108837e+01 1.432514457848652789e+01 2.663508636127220797e+01 4.609349018433672285e+01 4.552930166699964332e+01 2.563577291106016176e+01 4.552969098430966000e+01 6.174471124264615440e+01 4.171211299158117924e+01 6.174471124264627520e+01 6.445434089473465633e+01 4.769802826454692735e+01 4.246523476255939755e+01 6.249978501120298802e+01 6.006243721241602884e+01 6.902498452496200798e+01 8.317274587606488012e+01 1.031569276075398989e+02 9.697316905599365100e+01 8.860485245566661661e+01 9.234657562321363855e+01 8.569875034089916710e+01 6.883387334386681289e+01 8.569875034089916710e+01 7.910953519267124534e+01 5.906787413009029564e+01 4.516493029953457494e+01 3.788054658109419393e+01 5.324087887289508814e+01 4.960044410015654393e+01 6.328274039587260802e+01 7.160387202486874969e+01 6.975396809275322596e+01 5.851600089073340172e+01
7.164818186532601052e-02 1.421378380559640142e+01 3.421378380559710308e+01 4.231711772308875652e+01 3.432820603042122087e+01 2.845544450394583080e+01 4.835255208302794472e+01 4.553290086929024483e+01 4.553390063705627000e+01 3.631055591619844591e+01 5.612538692500933735e+01 5.587994362154034889e+01 5.807081131071790736e+01 7.601462809116631547e+01 6.772945575738394552e+01 5.403510982073252222e+01 5.003804957542514131e+01 6.161211279007964237e+01 8.162806423269006473e+01 9.730241863402453362e+01 9.110846643163549174e+01 8.268939197036485211e+01 8.532889987913954144e+01 9.374671535450816862e+01 9.733379438381182069e+01 8.896187641582709205e+01 8.648223715963378311e+01 7.809764597348295467e+01 6.239235177465917559e+01 4.268075446827047159e+01 5.746445267082842179e+01 5.746445267082820152e+01 6.943895605346749278e+01 7.778445468468252955e+01 7.700523100781111907e+01 5.432663905133592408e+01 3.873923186360443083e+01
