MOVIE_S4_data/elevation_000985.asc
nrows	100
cellsize	150.0
xllcorner	0
ncols	100
yllcorner	0
NODATA_value	-9999
[rows 0 to 16 of 100, columns 0 to 36 of 100]
2.082717056534231503e-01 1.020827170565380904e+01 2.435040733615466024e+01 4.435041338819053891e+01 5.477375190554763407e+01 4.649188225372682837e+01 5.204197165062399932e+01 4.376029862324241293e+01 4.823197849594269115e+01 5.294552401486591720e+01 5.810901479459118946e+01 6.388190948138397118e+01 7.054759486322609519e+01 7.882607249949666084e+01 8.882139838761413841e+01 9.268780475449092648e+01 8.432081987923082522e+01 8.606966584202641002e+01 7.774522356171539172e+01 8.032467830503556172e+01 8.866567460054399419e+01 9.096194652233732825e+01 8.870821808344086890e+01 8.040751668662596785e+01 7.888711229454861495e+01 8.717437113426645112e+01 9.706923410273248010e+01 1.006540184831960971e+02 9.237386344602774102e+01 9.611181589580192508e+01 8.786250494952564338e+01 9.611181589580192508e+01 9.648258080386736424e+01 9.061670658426699276e+01 9.237021162319744860e+01 9.237021162319744860e+01 1.006480108889761027e+02
2.038130619680232347e-01 2.020381306196766857e+01 3.849251523788164775e+01 4.260163272463949369e+01 4.322603145093552968e+01 2.648773072807093243e+01 3.786229241515739119e+01 2.375919147154401045e+01 2.823401174333857711e+01 3.294764401572856372e+01 3.811090099641956641e+01 4.388401567284497418e+01 5.055053871769965923e+01 6.055034752498507089e+01 8.054484220146709106e+01 8.432081987923082522e+01 6.459147201975112296e+01 7.037006421940438372e+01 5.814806193737250339e+01 6.067576296134052427e+01 8.032467830503556172e+01 7.131884220402587005e+01 7.131884220402585584e+01 6.106381112867740057e+01 5.959173385669038936e+01 6.908233528707658877e+01 8.869188930202061272e+01 9.237386344602774102e+01 7.216182713437737561e+01 7.808179550847100359e+01 6.762097490569158253e+01 8.603878246289450260e+01 7.630915590387154168e+01 7.038277436771130624e+01 7.216078181717557527e+01 7.216078181717556106e+01 9.237021162319744860e+01
1.945267862640465417e-01 2.019452678626369035e+01 3.672981753160696883e+01 2.257553479570693256e+01 3.101220134723457633e+01 1.490160101713737362e+01 1.784471883779465884e+01 2.222492482886421428e+01 4.222692157257391443e+01 5.294552401461520219e+01 5.810901479459118946e+01 6.388190948138397118e+01 7.054759486322609519e+01 7.882607249949666084e+01 8.882139838761413841e+01 8.134440472704592651e+01 7.037006421940438372e+01 5.102110530990511705e+01 4.722123788592487159e+01 6.643079702254847518e+01 7.507340073452205331e+01 6.691775392458150407e+01 5.223646810306654942e+01 5.021557295534324084e+01 6.923942307561947018e+01 8.717437113426645112e+01 9.706923410273248010e+01 8.808098031991008270e+01 7.808179550847100359e+01 5.761932350882346299e+01 5.729123127968665585e+01 6.593463325466622393e+01 6.374104788088531848e+01 5.579772496616114807e+01 5.760597122762248290e+01 7.634262657246200945e+01 8.277870684800414836e+01
1.884163169627051937e-01 2.018841110750177492e+01 2.491427985996207539e+01 8.335201492668177892e+00 1.093052310313298214e+01 1.994469183443884930e+01 3.786229307174271952e+01 4.222692157308855343e+01 2.889515636707039192e+01 3.405864896150956156e+01 5.405517806625420718e+01 6.964830175755949426e+01 7.791085575850812006e+01 8.943760309367242201e+01 8.134440472704592651e+01 6.164948459061633912e+01 6.526356977400652681e+01 6.002761064367388855e+01 4.120615039039790872e+01 6.002761064367388855e+01 6.398664722093235468e+01 4.791651172221858701e+01 4.288540968101278139e+01 5.369388456191922643e+01 6.709874212981856090e+01 8.663333235841562896e+01 9.211535223434215425e+01 7.975270260903980102e+01 5.932282749489432661e+01 4.976827415908465468e+01 6.593463325466622393e+01 4.531822069507910555e+01 4.310722902752902286e+01 4.648447318003820783e+01 5.101925534813877050e+01 5.582194158220823255e+01 6.242603397360671380e+01
1.898839224935668091e-01 2.360199233628164084e+00 4.792975072730787822e+00 2.491428745114168919e+01 3.101220134723457633e+01 3.929853427455217485e+01 3.410799338052238738e+01 5.410849481121083215e+01 4.303604374716911707e+01 4.819955311940793052e+01 4.258586842855600452e+01 4.965665717123724221e+01 6.120295372853413340e+01 8.118486170900892773e+01 7.915375887715494230e+01 5.951006506355549419e+01 4.613100859420442390e+01 5.503678565024782188e+01 3.707522334719516977e+01 5.570967152715299164e+01 5.107088415824185290e+01 3.706065764722290368e+01 4.646486954221004595e+01 5.730007428261417601e+01 7.653543356654901686e+01 8.662056863413644692e+01 7.186013804500683477e+01 7.186013804500683477e+01 6.307177942955959793e+01 4.247790418019233272e+01 5.499419698685686342e+01 3.849386416087070728e+01 5.906860219789605537e+01 5.849009517547522563e+01 7.163485855827171633e+01 7.634262657246200945e+01 6.778201853186035919e+01
1.812560074098455432e-01 1.100212199462041163e+01 8.990447623835834179e+00 3.036916192168555284e+01 4.268248590701001888e+01 5.077339311892600193e+01 5.410849481300778052e+01 6.239043322883762954e+01 6.303077828009937633e+01 6.819190722909650049e+01 5.672653891241163393e+01 6.964830175755949426e+01 7.791085575850812006e+01 8.111162456436836976e+01 7.963796763673228440e+01 5.900773261876310727e+01 4.548866227675731722e+01 3.630666682900967857e+01 3.302121626136735699e+01 4.671894166595473052e+01 3.210120662626173527e+01 4.061758476277527308e+01 5.146055093357437471e+01 7.054618626777731549e+01 8.479395574672875568e+01 7.828335243284392675e+01 5.785134140982005135e+01 5.134123253712778734e+01 6.951495163345526862e+01 4.897950346961187051e+01 3.449205865645775049e+01 5.499419698685686342e+01 6.749545926578839783e+01 7.894691600660517850e+01 8.726821483073263153e+01 9.632028218899684191e+01 8.803663462776525250e+01
1.855941142937577448e-01 1.330596721085483836e+01 1.971422399458036168e+01 1.606895806913979285e+01 2.271520673248036459e+01 3.258756146846379664e+01 4.630092574695235896e+01 6.474121604060560742e+01 6.976784419439238150e+01 7.120834203417290098e+01 7.669759056294900290e+01 7.955960284048352094e+01 7.108825520181329694e+01 6.037726261239161829e+01 7.503742430607371716e+01 7.313661189701251431e+01 5.854672886980661417e+01 3.971298128867339727e+01 2.893417615135706455e+01 2.763290479885030848e+01 4.671894166595473052e+01 5.906907500210920148e+01 6.760394593889516557e+01 7.873276248047974946e+01 7.953834632271275495e+01 7.153264381316168397e+01 6.160068529106731461e+01 4.104869863704939803e+01 5.754131338958583086e+01 4.909234076619977571e+01 3.206513007052813435e+01 5.252602957444388210e+01 6.698569574783343228e+01 7.533308656566747175e+01 7.612061558915080184e+01 9.619180614969457110e+01 9.886624814228702007e+01
1.797113411273130179e-01 1.058612912799345374e+01 3.066700016314983301e+01 3.564404897605870559e+01 3.197367084015019500e+01 5.077339312146308004e+01 5.983431150194805781e+01 6.348480302269283726e+01 4.973290912734998415e+01 5.208273911807474121e+01 6.572090649185132349e+01 7.108825520181329694e+01 4.896925926766760995e+01 4.420547962941989084e+01 6.426443105407548728e+01 7.539592489112153828e+01 6.668456450511814637e+01 5.501697922331330659e+01 4.313380571150635490e+01 2.457588708185528859e+01 4.373820348887441867e+01 4.883385860058729833e+01 6.793697260603256893e+01 7.806544781085341356e+01 6.880249178662526788e+01 5.324098075655404472e+01 5.475002307306132110e+01 3.426509764483387954e+01 4.601522152148261569e+01 2.868104082638261687e+01 3.407505902870547487e+01 3.993317815321395159e+01 4.642250234421312882e+01 5.569431390165859597e+01 7.612061563127475949e+01 9.303139510728416894e+01 7.891482066253477967e+01
1.682297228869525374e-01 2.016822972288659699e+01 3.136180943145539857e+01 5.164780054340408810e+01 5.197535884391928818e+01 6.021715449936834830e+01 6.072117926690103928e+01 5.283152784364207832e+01 3.641772429325583715e+01 3.887445585062467757e+01 5.767487565230193525e+01 6.998602196318441315e+01 5.544776318374118773e+01 3.237235551977653358e+01 4.439259884876943829e+01 6.679430673315464162e+01 5.842587266474814811e+01 5.041735439800039131e+01 4.163945551405861778e+01 2.243789843748802326e+01 2.979925720207688755e+01 4.327095721442093890e+01 6.226389057321426890e+01 7.007804271041126754e+01 5.186585173659539549e+01 4.294493377351345487e+01 5.291002172240727930e+01 4.545725931944591025e+01 2.563908040821181444e+01 4.601522152148261569e+01 5.455042958171298295e+01 6.048216849478498602e+01 6.698569574783343228e+01 7.533308804873286135e+01 8.441554675188035617e+01 8.307575780243577412e+01 6.487260051011581652e+01
1.736477300190079065e-01 1.599588838311669292e+01 3.738687484947674022e+01 4.464723651614304600e+01 5.298738334163381580e+01 5.954990287780049130e+01 4.991052903744350289e+01 3.424060241702829899e+01 2.728796373455693214e+01 4.578174000714463432e+01 5.743789164757255605e+01 6.124208657095575603e+01 3.862299549807307386e+01 2.580105299630227123e+01 4.850338883861244454e+01 6.493147273993758972e+01 5.041580117590412868e+01 3.133640259988052534e+01 3.692495489949093468e+01 2.040001385007411372e+01 3.964774933128359180e+01 4.883385860058729833e+01 6.793697260603256893e+01 7.806544781085341356e+01 6.880249178662526788e+01 5.291002172240727930e+01 3.453307777833319392e+01 2.902833356685594168e+01 2.364857447139101865e+01 4.419668589180167828e+01 5.123052126452648736e+01 5.722254226916985687e+01 6.383941560641104473e+01 7.209305961703314836e+01 8.204073435978172313e+01 7.481552949355926785e+01 5.497938481805741162e+01
1.635824339929259352e-01 1.721901374627262271e+01 2.857397553653592226e+01 2.676521734473701386e+01 4.456450000346209350e+01 4.177182702577002260e+01 3.328203038831272664e+01 2.359053343117848556e+01 2.166056349732352970e+01 3.091018863118710058e+01 4.948522370282213245e+01 5.894095659116411667e+01 3.638866749067130968e+01 2.146430566582951016e+01 3.342457403463486543e+01 5.606626833772374852e+01 5.037379712705523360e+01 3.133528646844227339e+01 1.760812968021087244e+01 3.692483688898932570e+01 3.265005016445300612e+01 4.610704739461937152e+01 6.516537940811028307e+01 6.627356251402426324e+01 5.945888344836247796e+01 5.119980143792964355e+01 4.768109989854148267e+01 3.943334648860852099e+01 2.179509864405180863e+01 2.642728514821037678e+01 3.130978892241448364e+01 3.734925686083936114e+01 4.398879559468742428e+01 5.390446128923930047e+01 7.377436992358281032e+01 8.307575780243577412e+01 6.489745715580832552e+01
1.578132703760624089e-01 7.540014156591793970e+00 1.509039702148543149e+01 3.051220116040706287e+01 2.382186000355133260e+01 2.045596789068492427e+01 2.314500502193125087e+01 1.500572565109400358e+01 3.382186332606035961e+01 4.802028630146786270e+01 5.738839538315733080e+01 5.378075111387460794e+01 3.869209830582781251e+01 1.803139543898817365e+01 3.869209830611682577e+01 4.789426199715946808e+01 3.934605320602007339e+01 3.248455796311205290e+01 1.569943111337481945e+01 3.507424368747113874e+01 5.168909978540914096e+01 5.970040309858990923e+01 6.047159679110824726e+01 4.647438142960540830e+01 5.119991833897523037e+01 3.121293753876125265e+01 3.706690906348024583e+01 1.936880771602725915e+01 3.933336691059042778e+01 4.639631545026915660e+01 5.123052126452648736e+01 4.758347006858487305e+01 6.383941560641104473e+01 7.209305961703314836e+01 8.204073435978172313e+01 7.826729682101145613e+01 7.003189190468209802e+01
1.543728846943814847e-01 1.259368967612564028e+01 1.720905302040919693e+01 1.934457082553312190e+01 5.336592796854248810e+00 6.085224949451395027e+00 9.601334773546916779e+00 2.855466824686228478e+01 4.152518730920800039e+01 3.938598300447372935e+01 4.780576679035878129e+01 3.491864429169152118e+01 3.326895058200610578e+01 1.476357742147641972e+01 3.089586816685622495e+01 3.328730375161825350e+01 2.246490667356001225e+01 1.296199225231028684e+01 3.248455111511693616e+01 4.303247522590316976e+01 5.000594659189770397e+01 4.429690289368279110e+01 5.227342730729126430e+01 3.236280811121577727e+01 3.968084604228377543e+01 3.482793966117241524e+01 1.697847933292446498e+01 2.274136093384306889e+01 4.221970798194836050e+01 5.984998769437093102e+01 6.899349556512774484e+01 6.745803815227367295e+01 7.571607939952393451e+01 8.430559040907266422e+01 8.408699928589079775e+01 6.421007580677517979e+01 5.015998746152367005e+01
1.561752203313827581e-01 4.649657956677046844e-01 7.737933480121294005e-01 1.082926067398641390e+00 1.393543454355773648e+00 1.754474078542494553e+01 2.634090608333896455e+01 3.107752046302140059e+01 2.504888687671552461e+01 1.867046301384135631e+01 3.901687471414497566e+01 3.343266020317960141e+01 1.652842396197389618e+01 2.656751112236086954e+01 1.007397738634991136e+01 2.441088386835907187e+01 9.871339116820307069e+00 2.972989645400221193e+01 3.955036307211540958e+01 4.046545704410971211e+01 2.978940404991766755e+01 2.418626904633489261e+01 3.838281195140499591e+01 3.968084605051740255e+01 1.964607134720618831e+01 1.473242767474992654e+01 2.896927114211344545e+01 4.222029993318530217e+01 3.178911385661906408e+01 4.037671301440491334e+01 5.458221191635724523e+01 7.502099113836614208e+01 7.848290686989908238e+01 6.438087614836773298e+01 7.848290686989908238e+01 6.893676576808276479e+01 4.906499922915938328e+01
1.531247021631862160e-01 2.010205592968166854e+01 2.141862074416021855e+01 2.723343672138228033e+00 1.680669713844761404e+01 1.842985975875939930e+00 1.722582114099854422e+01 2.206656326973625681e+01 4.892309689966075403e+00 2.003708770360422164e+01 3.637379599385820228e+01 2.763839753967735646e+01 5.664180317739728743e+00 5.286144014296077387e+00 1.697180850942385177e+01 6.129008648489453037e+00 2.558688623232937331e+01 2.662800242289502251e+01 2.710340521864839403e+01 7.453769134466936563e+00 2.742226700343988455e+01 1.066983553657995287e+01 2.913760976379675682e+01 3.049713434697468628e+01 1.251785658280778790e+01 2.153306902443683057e+01 4.158161089875026306e+01 5.723080742529074882e+01 5.153850906147891919e+01 5.994407434852300298e+01 6.899349556512774484e+01 6.698681225550853924e+01 5.873125955029434664e+01 5.032334102988451718e+01 7.021668984212381304e+01 7.717193402180008377e+01 6.569732594252532465e+01
1.422398637851068903e-01 2.007789673814621167e+01 3.091518524542910740e+01 3.580279291180496415e+01 2.887468780833624393e+01 2.293569883354397820e+00 2.288260277731623216e+00 2.608567781245977102e+00 2.930444472713533255e+00 2.252662588039704161e+01 2.979533103151897322e+01 9.805857405254769787e+00 4.844548562611415754e+00 2.150230804864047229e+01 5.729345551235773826e+00 6.898315999456352543e+00 6.481984045228939451e+00 6.729832147219642735e+00 7.007359517242386815e+00 9.564465380501657066e+00 7.909406342699441872e+00 8.224461233870052013e+00 9.149672548836766950e+00 1.041179420492613872e+01 3.049713434697468628e+01 4.089200875101999344e+01 3.791892189887380482e+01 5.787880590160363425e+01 6.055156784923860869e+01 6.880933249306281141e+01 5.886424455228566899e+01 5.061453697003702956e+01 3.884943100241400060e+01 5.290294678785470950e+01 7.280205126712829156e+01 7.560380124153996917e+01 5.573618011958772911e+01
1.377665891220937744e-01 4.006786361036480670e+00 2.392197988539238196e+01 3.772882337769008387e+01 4.722577069184383447e+01 3.058695396947573997e+01 1.411260531200705159e+01 1.226282486732236343e+01 2.294291931226843673e+01 3.366236198774464228e+00 2.281353669753118396e+01 2.410644116267753034e+01 4.532439245783246307e+00 2.031552394945233431e+01 2.660119515358095299e+01 2.716786147830515574e+01 2.623801088106868917e+01 2.135252655444324077e+01 8.522161179054259961e+00 2.720161075069874812e+01 2.665984237870705087e+01 2.807232222967175872e+01 8.655388457149705062e+00 2.853196770483028999e+01 3.877688717655352235e+01 5.425788868185328795e+01 5.787879792203105467e+01 5.731398818329910938e+01 4.065160451653572693e+01 5.182123817480761119e+01 4.357093884532447703e+01 3.069223309684662127e+01 5.061453697003702956e+01 6.698677984255800766e+01 6.888377556467841600e+01 7.738589430477136943e+01 6.979733969529482351e+01
