MOVIE_S4_data/elevation_000383.asc
nrows	100
cellsize	150.0
xllcorner	0
ncols	100
yllcorner	0
NODATA_value	-9999
[rows 34 to 50 of 100, columns 37 to 73 of 100]
3.877215549175744513e+01 4.461777986119589201e+01 3.029422942051151679e+01 3.435608479111180458e+01 3.979594164188836913e+01 4.573176880738159866e+01 5.715608720347441363e+01 7.703902811192186562e+01 8.383140265223440224e+01 6.384851314949001733e+01 6.970136597714248694e+01 7.107550082438437755e+01 6.260884727979835418e+01 5.319055843729675814e+01 3.369848409033571102e+01 3.081936317936116865e+01 4.592821560035114459e+01 5.785855351320127227e+01 7.117337890927814215e+01 6.274943087848477319e+01 6.023953008153603150e+01 7.391720872991142244e+01 9.315622889341562995e+01 1.101521973239662486e+02 9.024477229481965423e+01 7.599756599023444892e+01 6.808296223338381026e+01 8.825824904389774872e+01 8.150283122631648780e+01 6.661827525345319145e+01 8.680381318543800262e+01 9.287736670779739256e+01 1.127599843879257264e+02 1.046968348128203132e+02 8.480137232139097136e+01 7.373995894483697100e+01 9.380444189433752911e+01
2.780553980208550158e+01 2.498350131320324152e+01 4.462119523815472633e+01 5.409375083922368077e+01 5.958122795674547234e+01 6.555957579553019343e+01 7.379162115570089497e+01 8.526879074878863207e+01 8.383140265223440224e+01 6.384851314949001733e+01 4.976945425340114326e+01 6.120235697385065521e+01 5.567739255384195474e+01 4.737494669116064472e+01 3.016369772749047229e+01 4.994194288300693785e+01 3.963725855910814744e+01 5.364109742185970475e+01 7.354066052126759701e+01 8.204857542307186691e+01 7.391720872991142244e+01 8.762604902429380616e+01 9.830324548188181666e+01 1.068118487094080820e+02 9.607552208989395126e+01 7.599756599023444892e+01 6.173050842515799275e+01 7.681936873825335965e+01 6.135849736717258907e+01 7.036507303851038841e+01 8.466511420471931615e+01 1.046326392244637020e+02 1.139448163075007727e+02 9.418486686099829797e+01 8.001891210022860434e+01 6.834847371392132231e+01 8.225627543628378646e+01
1.971270328543607420e+01 2.503795096386220465e+01 4.472212946699421110e+01 5.845294115621793907e+01 6.557329499787688576e+01 7.395852124598239641e+01 8.560608610111701466e+01 1.001813450079112613e+02 8.015683696023685911e+01 6.603341424698749051e+01 6.120237026146598680e+01 4.128415610252746148e+01 3.598645378825077046e+01 4.882157564187597387e+01 2.970440342043487902e+01 4.949719625113415589e+01 5.950760767837054033e+01 5.109103278130021408e+01 6.255590925580958839e+01 8.254640899167002033e+01 9.315622889341562995e+01 9.480353088969926034e+01 7.739759738193812666e+01 9.480353088969926034e+01 9.233499800209479247e+01 7.699050056586668234e+01 5.693594332892492105e+01 5.676706931985747673e+01 7.681936873825335965e+01 8.977089624122608313e+01 9.051346687949036607e+01 1.104299825495916281e+02 9.690351424320449780e+01 8.865515667662289445e+01 8.865512640434540970e+01 8.225627543628378646e+01 6.222119938590565624e+01
2.013680737232145290e+01 3.997613558170726833e+01 3.276638894060022267e+01 3.867537536440525514e+01 4.562379654718393596e+01 5.707549546006290342e+01 7.719413481396132681e+01 9.227927347707239392e+01 7.918573567273443814e+01 6.763106684106794830e+01 5.907439257999735815e+01 5.219964327693921291e+01 4.816907728908025632e+01 2.905637197793506843e+01 3.289404435378003910e+01 5.238524388609735638e+01 7.116786106509984222e+01 7.100488858793345059e+01 7.930827051128309790e+01 9.086569016908113383e+01 1.001569184705769970e+02 7.858047504630886237e+01 6.537206079301802220e+01 8.623336392379577831e+01 8.406770712224370357e+01 6.390550034203146623e+01 5.243617585658711278e+01 7.239055668810557620e+01 8.509992704917948458e+01 9.977294170494332093e+01 1.022613430344559902e+02 9.402373862552792616e+01 8.865514671586575446e+01 6.858363998529353012e+01 6.858363987400173301e+01 7.599386734507814367e+01 5.824240649748083598e+01
2.055646108432142327e+01 4.021889982883214287e+01 5.227749631620856263e+01 5.807573633937321489e+01 6.537233610089529634e+01 7.380473989669515333e+01 7.816682933002127243e+01 7.232126356607420803e+01 7.083226202882030975e+01 5.088269293860365394e+01 3.993953340495939131e+01 3.392024905742435692e+01 2.841517218552337454e+01 4.810429282567352516e+01 5.234427623161585785e+01 4.227229410177269386e+01 5.254757553283518234e+01 6.745598939337901356e+01 8.984484216812724355e+01 1.022118382492590740e+02 9.486377527055762471e+01 7.272033211847814016e+01 5.763418302585333208e+01 7.838779150587845379e+01 8.333383852790363733e+01 6.393416320410906195e+01 5.000059122369101772e+01 5.988322797872702807e+01 7.145844946379433793e+01 9.154212149306836466e+01 9.402373862552792616e+01 7.256932708438377233e+01 7.884395435198780433e+01 7.234589071829275042e+01 5.459705945468964927e+01 5.608603115902647573e+01 7.599386734503239893e+01
2.096843491742228593e+01 4.075357561197126444e+01 4.503085870849185568e+01 5.928921878934382761e+01 6.925892971290032563e+01 7.234708041845753712e+01 5.825819872665765331e+01 5.825819872665765331e+01 7.816682933001725075e+01 6.763106621024707010e+01 5.903829588546177121e+01 4.771140843286217148e+01 2.796232860549629962e+01 4.131924113148217970e+01 5.939492616497180677e+01 6.268078117721791642e+01 7.116786210127148138e+01 8.194823234740896112e+01 8.220965845528687055e+01 8.292823861343575231e+01 8.837315271630737357e+01 7.258541629510479254e+01 5.205711754429528071e+01 7.258541629511049109e+01 7.385604877297554083e+01 6.738253772838356781e+01 4.768086073663548063e+01 6.169893876116363174e+01 8.173546065180666176e+01 9.022554492381456726e+01 8.194289297569824271e+01 7.885317873822140200e+01 5.378793399635347328e+01 5.252513773211434511e+01 7.234602424003753640e+01 6.718953404131541163e+01 7.643878278254145187e+01
4.030462530295466905e+01 2.153379287788904506e+01 4.126885255122837037e+01 3.748796778928449669e+01 5.948767576485783337e+01 6.408930162624476168e+01 4.429734357659407351e+01 5.749198227636154712e+01 7.737220739026162164e+01 6.675079696205303037e+01 5.854775764555005679e+01 4.707116220128824580e+01 2.750663460859019693e+01 4.726923686433730865e+01 5.452936991566630809e+01 7.220816787692956495e+01 7.946549916808655212e+01 8.145657394418125818e+01 6.348995973514043811e+01 7.167001624521874703e+01 7.103765466148081487e+01 6.741951315176702053e+01 4.730228520182436114e+01 6.125837336185673365e+01 5.290369324471465973e+01 6.528694989228372947e+01 4.541928061286191110e+01 6.528695088637820731e+01 7.809167556428648993e+01 8.194101919807833667e+01 6.190636724052547635e+01 6.777249209396522645e+01 6.891049571469437751e+01 5.105931887319692208e+01 7.088924017400896105e+01 8.590724432498406316e+01 9.402128818312877456e+01
2.398668148275828216e+01 3.098107361619933897e+01 2.209591876984337233e+01 3.963847418680627044e+01 5.006462887138149398e+01 4.976096728649827838e+01 3.778134826207328700e+01 5.749198227635760361e+01 6.842627835267231262e+01 5.919338300037023259e+01 4.018728982843800424e+01 4.480928554300604816e+01 2.704722711225717902e+01 3.713192243931741388e+01 5.452870284662453315e+01 6.963172496952071810e+01 5.659393041793156698e+01 6.957942566052884104e+01 5.367884022103385178e+01 5.214300263361330678e+01 7.032972459333353754e+01 7.173824247722680525e+01 5.416975010878891794e+01 4.137198909875177577e+01 3.873792042565462168e+01 5.865292805748952532e+01 4.319427178020171709e+01 6.286900016205748898e+01 5.810625739761981379e+01 6.506762432527777662e+01 6.616307490790073587e+01 4.789551549625770832e+01 4.902602859114880118e+01 5.087316902204911884e+01 7.077346754636191406e+01 7.312406357739003226e+01 9.175553482825276319e+01
4.364587903714378569e+01 4.829160711429711483e+01 4.144818133542626981e+01 2.264543036058936210e+01 4.200519436249847161e+01 3.012568743982903996e+01 4.976095900716660481e+01 6.045365098711371843e+01 4.803421877903583237e+01 5.372733526683138194e+01 4.561547775336083532e+01 2.639277181287929253e+01 2.714000789857425033e+01 2.784261644663726543e+01 4.365179548300028500e+01 5.059030320119290991e+01 4.043763830042507834e+01 5.267830816780476511e+01 6.201969453232161555e+01 4.225343269942355562e+01 5.453491355985523370e+01 5.526095455462598949e+01 5.595162895328186181e+01 3.741958157973972021e+01 5.714990970195599118e+01 4.004381842534500890e+01 5.991255161211685021e+01 4.301422879960524881e+01 4.411126758597085029e+01 4.521034029451742953e+01 4.631365629707032383e+01 6.617929260716532269e+01 6.890899719478642282e+01 7.077346058363576731e+01 5.350408658378288607e+01 7.344949758242968585e+01 8.437795736631109378e+01
5.425274347185521862e+01 5.630389468549028464e+01 3.654926143657473148e+01 4.232434379374686984e+01 2.318659719705010502e+01 3.866570044798498884e+01 4.556285454663802881e+01 4.359157153519524286e+01 3.457633222653809213e+01 4.405049853722865549e+01 2.582732353240304590e+01 4.473527459838805242e+01 4.913838168995192035e+01 4.766693013871556417e+01 2.882406005335317545e+01 2.954709616831820895e+01 3.030728767990420991e+01 4.997799422385136126e+01 5.232175768097623347e+01 5.287714722530852640e+01 3.428300750409346165e+01 3.519689318704345737e+01 3.611708200737925267e+01 5.589158294188818843e+01 6.516869164498717737e+01 5.874852229026260630e+01 4.146016046675919142e+01 4.390048176012045644e+01 6.370578111901364338e+01 6.506762869469061172e+01 6.566569159384522436e+01 6.032113643002119829e+01 8.036018423335845284e+01 8.172892583763001539e+01 7.344949758242968585e+01 5.619461481781572587e+01 7.588705995829036510e+01
6.814649770636876269e+01 6.457799305074708229e+01 5.632184200982746347e+01 4.693639819820281645e+01 2.450956611670308760e+01 2.372290965494839909e+01 2.409891877002694827e+01 2.448520686104618704e+01 2.487415316436732837e+01 2.526759905332923140e+01 4.491717915227150115e+01 2.905067451440377013e+01 4.883726726481004476e+01 5.687621719832819167e+01 4.848444499656270779e+01 4.281606161479035677e+01 5.020371471594243928e+01 3.142015271084818195e+01 3.221638711382962583e+01 3.302312592680047487e+01 5.279770753633613367e+01 5.523628117782477887e+01 5.613697497782022339e+01 5.027115912844431733e+01 6.998813771776333681e+01 5.204675932917675141e+01 6.131436053031199407e+01 6.370578263474085645e+01 4.741380847527744891e+01 6.724152145000950043e+01 7.872863834987832377e+01 8.034323300423051251e+01 8.863899435658257175e+01 9.260395487659566527e+01 7.252756571418078124e+01 6.614341342518397937e+01 5.902559386517205553e+01
7.483498385909128103e+01 7.115548232993704403e+01 5.146075230911244347e+01 3.664407096886871784e+01 4.531125771446444617e+01 3.223195494153588925e+01 2.566202909606040450e+01 4.405361732404292496e+01 4.467211283175944203e+01 3.159976926926112739e+01 4.906859107348965665e+01 4.883552634253964442e+01 3.234051488055354895e+01 5.217203369744937191e+01 6.201472536089415399e+01 5.886935167275555614e+01 5.086870371635802712e+01 4.598228660905892440e+01 4.672133952172271876e+01 5.316884532066494984e+01 3.616479457902327255e+01 5.035729165219654391e+01 7.036304683374480362e+01 7.001248253122261644e+01 7.803560488990937927e+01 6.617384076246725044e+01 6.603853317933312894e+01 7.528156899349177422e+01 6.638964219645804121e+01 5.103471270002062710e+01 6.247614475541072920e+01 7.662110460459892636e+01 9.641587552700454467e+01 1.008268113259044725e+02 8.627872603367127624e+01 8.627872603367127624e+01 6.905344899577477236e+01
7.334664205493336908e+01 7.115548232993704403e+01 5.146075230911244347e+01 5.722920517857364331e+01 5.666677072852674968e+01 4.816812691586851969e+01 4.471401563524732836e+01 2.786841028233900985e+01 4.684939887108906476e+01 4.948710527913395651e+01 4.929625000602306528e+01 6.026978605549219736e+01 5.217203386045923708e+01 3.575836495621727806e+01 5.560701388828019276e+01 6.748726486142145120e+01 6.936743134957069401e+01 6.752821754853391667e+01 6.793215173125616957e+01 5.780337041636214934e+01 3.841642159888107244e+01 5.836475089644154934e+01 6.760502322159533151e+01 7.431896371673897761e+01 8.274443724207117157e+01 8.683922528270751684e+01 7.739380216916246980e+01 8.496324579674794109e+01 6.514718606056089811e+01 5.370547865584229186e+01 7.361743452831092327e+01 8.678488455461292972e+01 1.007788566328897417e+02 1.044907600192342301e+02 1.062185793659409967e+02 9.744728899805075173e+01 8.335675680960908096e+01
8.161298955414083878e+01 7.938824755552282397e+01 7.115548232993704403e+01 7.156320331192696926e+01 5.669149032765592011e+01 3.739949900503353319e+01 4.833184829095494450e+01 2.942068315207093931e+01 4.836163071383905532e+01 6.691772311438832332e+01 6.874299885760017048e+01 6.703375966015613585e+01 4.723881699001053391e+01 5.560701388828019276e+01 3.948816955967798492e+01 5.932229179813734277e+01 6.359280750113484260e+01 8.332233736444655392e+01 7.251878104514267420e+01 5.251934698880778996e+01 5.837651167090383098e+01 4.169776516328653315e+01 4.766478740211996978e+01 5.424181999552439493e+01 6.841045665372521967e+01 8.886301012148642542e+01 9.098972733038061733e+01 9.302263087940933417e+01 7.825051697364763470e+01 5.847444559968059963e+01 5.862268651209245718e+01 7.279091247633603246e+01 8.843355814730426800e+01 8.482478437768878621e+01 1.044907600192342159e+02 1.115378211876118115e+02 1.004942601389228400e+02
9.493278571684639644e+01 8.492564677279004570e+01 7.664691241785158127e+01 6.327223204989651606e+01 4.353000688317487743e+01 5.059102004469185232e+01 3.165224057507917266e+01 4.836636848016228640e+01 3.933915177903730864e+01 5.034072579367289535e+01 7.020581150423505790e+01 6.702668268752438507e+01 6.125571884345362150e+01 6.530294303080943052e+01 4.549110449287580593e+01 4.378555115019680954e+01 6.359280766217891312e+01 8.297865768269321052e+01 8.087239341927096348e+01 7.252000434750414115e+01 6.409313312486777647e+01 4.419679024201444406e+01 6.409313312486777647e+01 7.431958805729810535e+01 7.054423373697754585e+01 9.068882303281588975e+01 1.093539203552114145e+02 9.466418590568342495e+01 7.481980252102322027e+01 6.421810707948579022e+01 7.861518229362297916e+01 6.403570344232154810e+01 6.842355093288048806e+01 8.843355814730425379e+01 1.021525614445829149e+02 1.102060398432517303e+02 1.086962244442766092e+02
8.081633766160233279e+01 6.662832248637346311e+01 5.654336795174653929e+01 5.081177660348489411e+01 6.327223204989651606e+01 5.230147713978350765e+01 3.333181697004282285e+01 5.230147713914243468e+01 5.872648858999198040e+01 6.697475469954511595e+01 7.856202912322673626e+01 8.667298684396891417e+01 8.098318729616568135e+01 7.191478833715164853e+01 5.210764689568733843e+01 4.697163794085895461e+01 5.506481191332587599e+01 6.649433704436422943e+01 8.621554693649832757e+01 7.822941275064505362e+01 5.815969767869705009e+01 4.673352469762780004e+01 6.075867440398164376e+01 8.084697137007725587e+01 9.085394913621574631e+01 9.755408269750775219e+01 1.059383150164449461e+02 1.027799335727226691e+02 9.026003099967908838e+01 7.029724755800150149e+01 9.026003099967908838e+01 7.306325474225232597e+01 8.843355814730426800e+01 7.608970791161560498e+01 8.248793224267231494e+01 9.646469709608281562e+01 1.158836193765077098e+02
9.080148636429915143e+01 7.078389591962033478e+01 7.664691241785158127e+01 7.084351901326603240e+01 6.616833154353800239e+01 5.404052801059925315e+01 3.499041480041905317e+01 5.404045890217049930e+01 6.679138665702222966e+01 7.573083902738905238e+01 8.731568129174488035e+01 9.651543492008345027e+01 7.674294981022832474e+01 6.270460920414215167e+01 7.025471555170926763e+01 5.048161699978754768e+01 7.025471555170926763e+01 8.297865768269321052e+01 9.435115667442616427e+01 8.659229528544558718e+01 6.933071927226446007e+01 4.939179751850662115e+01 6.933067533265706572e+01 7.710238416174586007e+01 8.106058594953749719e+01 7.735395792127953030e+01 9.526622337068290847e+01 1.053641024024211532e+02 9.836648228565260865e+01 9.026003099967908838e+01 8.194043906110015030e+01 8.466932959627948208e+01 1.010595648459709963e+02 8.766757093431165515e+01 1.021521278902594929e+02 9.646470874980620636e+01 1.158856972038180118e+02
