MOVIE_S4_data/elevation_000811.asc
nrows	100
cellsize	150.0
xllcorner	0
ncols	100
yllcorner	0
NODATA_value	-9999
[rows 51 to 67 of 100, columns 0 to 36 of 100]
1.045510899316130261e-02 1.415259073272423684e+01 3.415259073272493850e+01 4.360336920276273531e+01 4.672532624526189693e+01 4.996975452552387509e+01 5.496975421041402399e+01 4.313472154201881636e+01 3.899258547692082288e+01 4.899258562134721018e+01 6.899258408399988696e+01 7.288403268545060598e+01 5.310491688398811760e+01 3.896891350462544068e+01 3.138484321456731863e+01 2.671565399706569366e+01 4.223761554276235586e+01 4.223743472371711505e+01 5.055094815589760771e+01 3.382105094338005102e+01 5.052359456331164722e+01 3.903943242348266551e+01 1.890974184398893598e+01 3.295805749461291612e+01 1.330013890140556043e+01 2.758434558514814228e+01 3.679563819503494670e+01 3.090379419100315417e+01 5.103163430193370687e+01 5.651576686860948939e+01 7.044429076123348921e+01 7.340441386984561234e+01 5.526651038065698174e+01 7.340441386984561234e+01 7.191795312426057762e+01 5.363530017269745542e+01 7.191795312426057762e+01
1.199560344128819747e-02 2.001199560344093342e+01 2.907689420875819764e+01 3.407722946395725927e+01 4.010744524609478390e+01 4.839129470648906306e+01 5.839104387699273246e+01 6.313471896944069073e+01 5.899258485267355212e+01 6.727663051481839318e+01 7.727650671771019120e+01 7.274095168490424612e+01 5.295796533871247647e+01 4.141189416982074789e+01 5.136556668118373636e+01 3.138484321456731863e+01 4.554890524629473703e+01 6.211894410755228790e+01 6.209913283134418549e+01 5.387460537516723491e+01 4.554881565064632554e+01 2.548867694860921063e+01 3.904045221942013910e+01 4.162189355216261788e+01 2.754406271349449753e+01 1.379482899252595907e+01 1.735779321103654738e+01 3.555423704855392941e+01 5.181026114386563819e+01 4.276144457394281062e+01 6.065692663044517019e+01 6.516816534858865850e+01 4.529938657699211291e+01 6.516816534858865850e+01 6.363725917230603812e+01 4.361014011640157406e+01 6.363725917230603812e+01
1.680456789927393946e-02 4.488940522898833940e+00 9.077255200310029082e+00 1.407725520030998645e+01 2.010748209186515467e+01 3.010748208248207547e+01 4.424961395595226321e+01 6.424937522555713088e+01 7.108048035763466999e+01 6.958746641555821100e+01 7.787138421535171062e+01 8.079566338738052877e+01 6.943097073852860035e+01 5.295796533871247647e+01 5.651535701210362816e+01 3.657030482399090943e+01 5.651535701210363527e+01 7.350055718022875340e+01 7.008048100524689517e+01 5.285751576536485175e+01 3.284179680182397476e+01 4.554881565064632554e+01 5.383236513899958453e+01 5.507081834585707725e+01 4.211303416122161281e+01 3.398308622344907803e+01 1.429098671694220180e+01 2.548038345987509601e+01 4.569583361008832156e+01 3.291697315967926585e+01 5.251220099506410577e+01 5.854523909138152504e+01 3.861568595317806540e+01 5.004724907994827277e+01 4.817025851381847446e+01 3.690150716706965284e+01 5.332495722473836253e+01
2.570751284471603157e-02 2.002570751284435957e+01 2.907723589804548325e+01 3.407722946395725927e+01 3.407722946395725927e+01 3.424961660778707540e+01 5.424949459075472191e+01 6.522245249267461986e+01 5.108053767472744511e+01 4.958751304069230770e+01 6.372964535843642864e+01 8.372949745761646057e+01 8.079566337043358715e+01 7.274095168489175478e+01 5.651535701210363527e+01 4.290385241132468508e+01 6.281034162555929612e+01 7.594050010886458324e+01 5.594395640786316903e+01 4.180299805509334021e+01 4.700042906939608400e+01 6.113835574334062528e+01 5.933332931450709680e+01 3.930086320360327079e+01 3.929784969129689642e+01 3.474102824289273173e+01 1.464319866101484280e+01 2.960052409983259025e+01 4.198549468413821018e+01 2.539032902874285114e+01 4.512242650126613341e+01 6.174513549079015462e+01 5.004724907994827277e+01 3.010987340628564723e+01 2.819095397159192018e+01 3.058230491899461967e+01 3.324969484156888910e+01
2.050012024463924304e-02 1.002050012034402648e+01 2.416263607850832074e+01 4.416272043431136041e+01 5.407699819631230298e+01 5.424949459075472191e+01 6.253297280519111467e+01 5.693838526320869420e+01 3.693840250781078538e+01 5.693838526320869420e+01 6.997504676333741713e+01 7.364226257852472202e+01 8.192611656697657452e+01 8.429444042083439115e+01 6.982568476105907962e+01 4.998329794720969232e+01 6.982568476105907962e+01 7.594050010886458324e+01 5.594395640786316903e+01 5.594395640786316903e+01 6.699777390276767619e+01 6.375483838074747922e+01 4.373560475227222355e+01 3.930086320467562189e+01 1.924918793592440380e+01 1.486731377855991809e+01 1.499831146147537986e+01 3.519425580801292597e+01 2.340500210548285054e+01 1.964417356023373529e+01 3.863893853321937399e+01 4.174895173108512836e+01 4.175072779653292798e+01 2.485518490034357697e+01 3.890512988969756947e+01 5.061800939720911430e+01 4.745974428813921975e+01
2.927968592160756431e-02 2.002927968592125296e+01 3.830492192614762104e+01 4.526692453502079871e+01 5.354750971716091357e+01 5.597187557942616110e+01 5.011600688370253920e+01 5.090816357109657986e+01 3.090817561625572552e+01 4.169110427535430574e+01 6.169106227488695993e+01 5.364232496525113447e+01 7.037930699773600907e+01 8.235182878607440671e+01 7.789248334312608790e+01 6.151355242317089989e+01 7.789248334312608790e+01 8.421700560263072077e+01 7.594050010886458324e+01 7.594050010886458324e+01 7.102803588664998813e+01 5.688436000936188464e+01 4.373560475227222355e+01 2.365645840147896095e+01 3.930086320467558636e+01 3.630459635767594051e+01 2.051236827809498564e+01 1.550498855161298550e+01 1.586602963806480560e+01 1.622928614767981870e+01 3.639724505476364413e+01 3.883004619858646578e+01 2.183684534995079218e+01 4.174966236780691986e+01 5.305587035707965526e+01 6.721552217300722987e+01 6.748483384248213213e+01
2.800573862316051849e-02 2.002800573862280586e+01 3.046217722242539239e+01 2.526716394647938912e+01 4.526692470834986892e+01 3.597276573024109325e+01 3.011499106945513304e+01 3.869450118450478016e+01 2.536117365400353307e+01 4.536116494955194867e+01 5.054830315767169679e+01 4.209531976214773152e+01 6.209529321372554023e+01 6.235202136714890742e+01 7.819523837283685452e+01 8.118026869423241010e+01 8.919227418435414734e+01 9.036931259048185439e+01 7.868852304046706081e+01 6.715450559103500439e+01 5.888108434308456651e+01 4.274068413207362482e+01 2.853555144077271066e+01 4.373560475227222355e+01 4.373560475227153432e+01 4.770342849161112753e+01 3.035298047501955310e+01 3.571183211466473750e+01 3.606685111644716102e+01 3.610968413604847882e+01 1.674731066533188084e+01 1.885134148636992535e+01 3.883015126085853552e+01 5.002681558871825729e+01 5.360638805479769786e+01 6.188911631193709439e+01 7.336890719037440078e+01
3.653205470537677219e-02 2.180757124380962697e+00 1.112502903436774915e+01 2.760756734820709468e+01 2.991698833737181218e+01 3.229041881034680017e+01 1.597285171757794231e+01 1.869450698733698246e+01 2.254350878193442043e+01 2.646583148469803248e+01 3.054831438933659271e+01 3.632181708123264485e+01 4.235204397278770472e+01 4.991133343292992208e+01 6.145833868373423314e+01 8.145825301388495632e+01 9.036931259048185439e+01 7.039353303024653030e+01 7.041719447474335425e+01 5.043606560500029445e+01 3.885979624337345939e+01 3.411715449721693716e+01 4.014101492820028483e+01 5.688192038954788643e+01 6.375483838072619136e+01 5.868059322789535770e+01 5.038653171797160724e+01 5.172464634983774801e+01 4.016524051481293611e+01 2.004145017185911470e+01 3.689127441240950134e+01 1.728306305819376831e+01 3.739176415833777156e+01 4.623883007962086822e+01 3.341064827920855151e+01 5.026025900978548577e+01 5.337954298742314307e+01
4.500159517621803856e-02 2.004500159517586155e+01 5.343034784549328009e+00 7.607588852838509830e+00 9.916989929596994102e+00 1.229055324598468069e+01 2.229055324437579699e+01 3.869444126889326441e+01 3.024151236800448928e+01 4.646582254568711789e+01 5.054830315767169679e+01 4.687824465302619359e+01 6.235202136714890031e+01 6.991129709160293260e+01 7.819523837283685452e+01 8.974199113354696067e+01 8.559115717376862165e+01 6.561714674891605625e+01 5.408915744573863549e+01 4.741802176645025924e+01 5.888108434308456651e+01 4.171625635304302904e+01 6.016048140316013360e+01 6.842804035470594215e+01 7.156916412683374062e+01 6.255396630707890182e+01 5.513947101730242650e+01 4.344276668495461280e+01 2.337334477610341210e+01 4.016543947328173658e+01 4.559038968670569858e+01 3.633876634964362751e+01 1.782096173520188387e+01 3.799431608832051666e+01 2.103836354150482535e+01 3.316944863819824008e+01 5.063465731793559854e+01
4.567435126880908108e-02 2.004564227931079401e+01 2.534308217493948590e+01 2.760758744446764723e+01 2.405912553670814802e+01 2.123482515598155729e+01 4.057235994568358706e+01 3.862046157635781185e+01 5.024149864517686837e+01 4.438364755002650242e+01 6.438360220549593294e+01 6.687819082950601057e+01 7.516212143524624878e+01 7.984609139629425556e+01 7.984609139629425556e+01 8.813069534355528845e+01 9.386112619760399411e+01 8.233056987178065356e+01 7.405915687818361448e+01 6.740249040070196429e+01 5.805855547550291362e+01 5.587323556089280885e+01 6.999698065881895559e+01 7.620599658527309828e+01 6.003379499150840815e+01 3.521048607438826394e+01 4.685431753192307980e+01 2.681599345629069120e+01 3.757900344962286709e+01 5.172972500876436186e+01 5.321515932220337675e+01 3.307046826838061548e+01 1.870238016549758697e+01 1.835407914218333048e+01 1.873039275317469787e+01 3.889085076092236903e+01 3.961569786755322298e+01
5.351880592384315738e-02 2.005351880592348834e+01 3.468741952685679308e+01 4.297169077431899353e+01 4.405912015725485986e+01 3.537696072538027892e+01 4.123482188775571444e+01 5.861938650533516437e+01 6.689426513316817591e+01 6.438360220549593294e+01 7.266755768247722358e+01 7.552545096759452292e+01 6.723681843741717046e+01 5.982329747425775679e+01 5.982329747425775679e+01 7.984609139629425556e+01 7.958697923772261618e+01 7.809853765604769649e+01 8.635821903928957965e+01 8.630517274040823850e+01 7.803538697415278591e+01 7.585026616797460974e+01 7.814004833126797678e+01 6.659637151097255980e+01 4.794059249505556153e+01 3.387005609840048237e+01 3.083580191889698341e+01 3.183786802164446073e+01 5.185901525429992631e+01 6.588044656790586373e+01 6.158532151538561550e+01 5.056064472198034565e+01 4.231852192819255976e+01 3.851861964546743167e+01 2.693589095609743467e+01 1.927375228359867876e+01 1.966578733533760470e+01
5.706225480597197641e-02 7.128130066671477749e+00 1.468741952685608965e+01 2.882955515058729290e+01 4.882955515058799989e+01 5.537694975246113671e+01 6.123478933634672217e+01 6.113180933376861503e+01 5.284795404957334597e+01 5.544429660940336646e+01 6.372736540279616690e+01 6.396321628478963106e+01 4.720387570841207037e+01 4.565374908460997716e+01 6.568783803572137003e+01 7.373393088713923760e+01 5.962111227998397567e+01 5.812945256353562939e+01 7.225865619633067638e+01 9.219725867874768710e+01 8.969455957643479849e+01 7.970004373374270301e+01 6.986362812492754415e+01 4.986393031381763308e+01 3.834976474655567102e+01 5.379515475032604854e+01 4.499788328047862507e+01 5.185901525429992631e+01 3.969542191063347047e+01 5.970897766358132941e+01 7.258922321071420924e+01 6.258229887323697227e+01 5.429616731574955679e+01 4.320760920256259396e+01 2.319032832223015461e+01 3.941791471749718312e+01 3.510068208892714381e+01
5.506323356023958698e-02 2.005506323355988485e+01 3.468741952685679308e+01 4.297169077431899353e+01 4.163599727535456196e+01 4.341302839873975472e+01 4.528413841425038555e+01 4.958864388111996391e+01 3.285694395825678527e+01 3.544992235987371032e+01 5.544429660940334514e+01 5.567079356016550662e+01 3.565209287259748550e+01 5.567079356016574820e+01 5.402599819515035051e+01 5.762060215795564488e+01 4.545946517091212513e+01 5.548081261048678670e+01 6.702830082082154206e+01 8.697116270743602229e+01 8.142239523744325425e+01 6.142579986825915483e+01 5.142001404282737553e+01 4.386519184280270167e+01 4.538822109815404104e+01 6.538767027727985237e+01 6.500869282164460117e+01 6.574196732057210113e+01 4.573280426423889367e+01 6.574196732057210113e+01 6.430696765218844746e+01 4.428536697931070165e+01 3.426105023893057222e+01 2.718732731467751407e+01 4.320760920256259396e+01 5.145279990347658838e+01 5.239407973141332775e+01
6.166659562896406599e-02 1.899073018264480694e+01 3.409362173114497807e+01 2.760052881338360464e+01 2.166253506565634268e+01 2.343597513437445201e+01 2.530615036048315858e+01 3.306158168894496896e+01 2.134010417772147150e+01 4.130613899197923189e+01 4.112869951340987740e+01 4.343252204913415682e+01 3.050652008466326137e+01 4.910236749890913899e+01 3.402611576244373026e+01 3.760669431433699827e+01 4.260732980542947956e+01 5.677449212171865156e+01 7.674946517656420042e+01 9.523031810591656665e+01 8.969455957643479849e+01 7.970004373374270301e+01 6.272192982078532708e+01 4.857277144525773593e+01 6.538767027727985237e+01 5.803700370731310443e+01 7.803639755110833676e+01 7.281380082899752892e+01 5.281163511207799388e+01 7.281380082899752892e+01 7.258922321071420924e+01 6.258229887323697227e+01 5.034242099217235733e+01 3.030242557660393743e+01 4.187865002604029030e+01 6.190287911708873025e+01 6.454691613320767374e+01
6.211000661219646946e-02 2.006211000661184229e+01 2.334950919080436904e+01 5.797193526391158258e+00 7.542812516233714959e+00 9.315439546417049854e+00 1.118663703841728463e+01 1.309211331700017489e+01 1.502468798495337232e+01 3.499251992050771065e+01 2.116027221446108797e+01 2.346470807783311230e+01 2.612746246546425866e+01 2.912680649188110849e+01 3.576668971398795094e+01 5.574688097921680452e+01 6.262502627546439982e+01 5.079362414069579756e+01 7.078748633678991098e+01 8.845403420191459531e+01 9.842134687887002542e+01 9.098949250857978654e+01 7.374362428947188164e+01 5.373999528365595779e+01 7.374362428947188164e+01 7.218134617985739965e+01 8.630968042605846335e+01 8.108125812287869394e+01 6.436536842341843112e+01 8.108125812287869394e+01 6.908458579785036591e+01 5.535133638604248318e+01 3.531567481065890490e+01 4.187865056923645568e+01 5.862635656725326783e+01 7.017485816833726631e+01 7.276479762752151714e+01
7.336735264618567121e-02 1.711779412356263519e+00 3.355465063211154675e+00 9.703851920004474607e+00 2.701203572078395254e+01 1.564322898283748309e+01 3.115756758696776529e+01 3.306158168894496896e+01 3.363353631274694067e+01 1.794075193292306025e+01 3.790295099188509198e+01 4.343163507187211536e+01 4.610295724528081962e+01 3.502985789870668754e+01 5.473870904649400870e+01 4.645749715205994335e+01 6.641417283317160525e+01 7.078748633678920044e+01 6.023773479407282849e+01 7.022952934254320212e+01 9.016210282234062845e+01 8.788015904302825732e+01 6.788807986959025698e+01 6.788807986959025698e+01 6.529345214194097480e+01 8.528677410935091530e+01 1.004380146722594702e+02 9.261351613483520850e+01 8.435457411717419518e+01 7.525973507471806556e+01 6.080070137884226966e+01 4.077845589714029018e+01 4.689084727127728058e+01 6.190414640170213545e+01 7.018757692361249667e+01 7.223245388478531481e+01 6.433355115198561691e+01
7.164818186532601052e-02 2.007164814074844728e+01 1.679399783324729256e+01 2.824898341750963837e+01 1.898973395406184750e+01 3.525399000081623768e+01 2.569518139961683190e+01 4.582684340094662190e+01 3.201159946009607182e+01 3.790745542082842690e+01 2.686191102508890438e+01 4.654349576682199086e+01 6.161295142849069606e+01 4.206770480752201991e+01 6.176325544706888593e+01 6.641417283317160525e+01 6.058880260584428612e+01 8.047786064182973575e+01 7.435805957328508953e+01 8.845403420191459531e+01 9.842134687887002542e+01 9.614925322461731128e+01 8.788015904302825732e+01 8.788015904302825732e+01 7.683871877939949968e+01 9.355735765439551699e+01 1.028181885830846625e+02 9.127697045744913851e+01 8.233293584278150945e+01 6.697782977109838498e+01 4.696164608560587084e+01 5.234191342667502767e+01 6.690857944525340884e+01 7.519025223784643686e+01 7.800299072091073072e+01 6.436486657520794097e+01 4.545239311574756869e+01
