MOVIE_S4_data/elevation_000980.asc
nrows	100
cellsize	150.0
xllcorner	0
ncols	100
yllcorner	0
NODATA_value	-9999
[rows 17 to 33 of 100, columns 0 to 36 of 100]
1.372224685174658065e-01 2.006038973676947634e+01 2.790063706158612788e+01 1.745257972642296451e+01 1.621307989324902499e+00 1.929037833615724651e+01 1.627550171448218208e+01 3.356940043654184791e+01 3.307635592098666422e+01 1.543096220205282698e+01 6.802125520324398877e+00 4.310417751409611142e+00 4.630538440970149772e+00 4.952291880278227865e+00 5.276729550055299534e+00 2.403164726766636150e+01 1.763614375374436349e+01 2.939768243819405313e+01 2.607785469290163149e+01 2.458684402160282190e+01 1.244120815340844466e+01 2.789567087584676841e+01 2.843445273211027668e+01 9.203702015544930504e+00 1.260592416111138192e+01 2.321523575952337737e+01 4.430826528951735099e+01 5.308697666850439134e+01 3.319707585567541486e+01 4.160353708006277174e+01 2.760660124634884482e+01 3.901076793990718983e+01 5.863626002053935338e+01 6.832451617126709209e+01 5.424686160390334777e+01 6.832451682767180046e+01 6.631751966295186662e+01
1.353332760910071209e-01 2.005943583782678274e+01 2.067843468223046344e+01 1.183567380361530752e+00 2.109883658486053903e+01 2.115953572446456477e+01 3.343699331687994913e+01 3.781414443644955981e+01 3.340033384853539644e+01 2.909058286527572434e+01 9.014975929402215371e+00 2.597811457657227052e+01 2.540634167276493116e+01 2.519059632109426872e+01 6.676993147214224322e+00 2.349339888515561015e+01 2.758809777539086383e+01 4.086408071567353062e+01 4.572864824602321931e+01 3.867681241345897547e+01 3.143572634736013782e+01 1.680394070827441766e+01 3.539193402119423837e+01 2.874690384949462540e+01 9.677013788707997222e+00 2.675751656108351284e+01 4.430382224613971687e+01 4.494590356634637374e+01 3.672341247931829145e+01 2.178235312065417517e+01 4.160353708006277174e+01 5.553920288517968373e+01 6.699742254916699835e+01 5.947392144106629530e+01 4.033714226114428669e+01 5.947392166447202300e+01 5.871686774342686732e+01
1.303432743768621893e-01 4.386931230705921059e-01 7.471271879741080424e-01 1.645248086834905621e+01 7.525268069288152617e+00 2.713632104522757160e+01 3.972667639711387011e+01 5.004774274799821399e+01 5.074073395473396175e+01 3.909945525902951857e+01 3.002379370070835307e+01 1.432580049449196125e+01 3.580883500272484099e+01 3.387173032307430276e+01 1.238157566642277629e+01 2.162134923282681953e+01 3.970527271162721661e+01 4.289855161477581191e+01 5.174047540178995064e+01 4.017766288524192930e+01 2.128202438657707063e+01 3.564638918607555240e+01 4.027702782168159246e+01 2.955696162323996390e+01 1.000906104998609258e+01 1.782013840869027987e+01 3.633623531774806281e+01 3.218169646234830594e+01 1.693306594631227213e+01 3.672341247904020634e+01 4.987653370336300895e+01 6.168327869855939127e+01 6.949599615743352388e+01 5.124711671436490690e+01 3.169007870330858267e+01 4.228394742428920239e+01 4.586326905704455470e+01
1.234970534698958955e-01 1.690295688234965610e+01 5.997342498576530012e-01 2.278654478614262402e+01 2.766015733653185293e+01 1.447017680882516011e+01 2.376376610519990962e+01 3.592676657002837715e+01 5.635129757456486033e+01 5.141551533843760069e+01 2.923650668780532413e+01 1.843713017538977539e+01 4.045798518294844826e+01 4.190596777465862743e+01 1.910097101149716181e+01 4.079112317350779904e+01 5.003836947582873051e+01 5.741560024512752136e+01 4.493165997442363846e+01 2.598912267420662303e+01 4.017766288576240186e+01 4.790539565351544127e+01 3.316364127518144045e+01 1.219521144807408142e+01 1.033897034358859024e+01 2.998747841571304562e+01 3.080421377990530374e+01 1.153463398549956231e+01 3.218251699073475436e+01 4.485691499736076793e+01 4.750440193417156109e+01 3.887024216858544889e+01 5.248615080888590256e+01 5.540562853276198041e+01 4.228394203039810861e+01 2.265919199269014328e+01 3.485300719630948407e+01
1.256355554530943219e-01 2.008618441949405664e+01 2.289235432655132385e+01 3.138930391203311032e+01 4.301685299605404822e+01 2.892108491104214352e+01 2.541121105931372526e+01 4.567040368438310338e+01 6.446862473278366679e+01 5.135638486872976216e+01 4.551010881273025177e+01 2.331081840381682113e+01 4.539656784510307119e+01 5.178298280923160490e+01 2.967143968427016532e+01 5.222772073846441998e+01 6.734555825192140333e+01 5.919205963904959589e+01 4.853292702014898907e+01 2.949104611453110891e+01 4.853292702014898907e+01 4.691807567423104786e+01 3.417807941291889762e+01 1.431805745152816911e+01 1.194209336772590468e+01 1.080392587504913671e+01 1.112995189859360146e+01 1.145441917622748029e+01 3.115129768915966224e+01 3.957802720971988464e+01 2.823653000331135843e+01 3.842522312719913913e+01 1.359046117958886235e+01 3.460034739355412370e+01 3.465470290931752828e+01 1.929677885780674274e+01 1.519862661233693579e+01
1.208450475705237920e-01 1.426298067130134939e+01 3.426298067128207236e+01 3.949289846087687295e+01 4.774579574069704080e+01 4.897051750342168219e+01 4.566880818355700455e+01 3.982061941773832814e+01 5.994910851769484594e+01 7.275089144437433220e+01 5.147571226196754424e+01 2.890334985567681159e+01 4.357062580432195631e+01 6.247662867898385741e+01 5.059538881028156254e+01 6.548141472081159975e+01 5.919205963904959589e+01 4.006906245825193480e+01 3.487533567589752437e+01 4.853292702014898907e+01 5.173506674721044618e+01 3.867002444239856374e+01 1.883460917625258801e+01 3.417807609324395912e+01 2.169061198033825022e+01 3.050325082833289514e+01 3.022403828121056080e+01 2.404576476807370966e+01 1.190723482457904936e+01 3.160465232528924417e+01 2.756235090039083957e+01 1.313233305643769988e+01 1.827085107643644335e+01 1.405362724102477934e+01 1.438385718874553554e+01 1.471705161427125219e+01 3.436996550945040241e+01
1.160239911856559974e-01 2.011602399118530116e+01 2.682241053554923482e+01 1.947226817144535360e+01 3.362102422727077311e+01 5.366885687219799195e+01 5.717827935716901067e+01 5.992155235011122727e+01 6.840297005194844360e+01 7.380102673437373539e+01 5.153008308763469358e+01 3.608767180582642453e+01 5.854366639128520688e+01 7.261255768969607516e+01 7.779792101306858854e+01 6.538107401512787931e+01 4.885056318458508429e+01 4.429970364805090810e+01 5.399139739607613109e+01 6.214011808958657213e+01 4.347744607925044846e+01 2.365632508943334500e+01 3.867002444239856374e+01 4.691777622826277394e+01 3.328816054605250940e+01 4.981191302899041062e+01 4.026140627690505625e+01 2.028386259273492698e+01 1.642729662787233025e+01 1.235714691750414751e+01 1.267780505274529723e+01 2.467829192058128029e+01 2.183171110655543146e+01 2.973459920719580651e+01 3.098033706653386332e+01 1.608320314910755400e+01 3.606423974669750265e+01
1.085988230417786332e-01 3.441932156375118623e+00 6.822549175289373657e+00 2.682241053554922772e+01 3.644981126230643298e+01 4.092033802283636135e+01 3.724772328628184681e+01 5.717827935716901777e+01 6.987111045602352988e+01 7.813118536621783505e+01 6.739793801908555793e+01 4.921426775136351495e+01 5.211119812774792592e+01 7.406976541475532372e+01 7.918948756344617834e+01 5.971646214139082787e+01 6.794689386119175367e+01 5.148673769833224156e+01 7.109060916864042667e+01 6.112732832828035612e+01 4.120374893448821041e+01 2.720848112961791543e+01 4.703923023333067732e+01 6.184294951791178363e+01 5.340528313291596163e+01 5.108807850970062248e+01 3.097019104985354332e+01 3.988959817494068005e+01 3.255609959698353606e+01 1.454414161462574384e+01 1.578637854997221979e+01 3.175670997272505502e+01 2.887963923197477101e+01 4.178728712417864699e+01 3.422007781347782185e+01 3.602232666946876805e+01 1.902197632398785743e+01
1.073404342885239532e-01 2.010734043428816875e+01 2.682241053554923482e+01 1.236955114014334711e+01 1.645203405193533541e+01 2.092417004228535760e+01 3.506571691521619272e+01 5.505464370340870062e+01 4.989533993313235527e+01 6.987111045602352988e+01 7.993140337125215922e+01 7.128510385310266884e+01 7.406905856544577205e+01 8.268829324805987824e+01 8.736604571833207444e+01 7.085020578539412384e+01 7.932494245070525096e+01 6.268865168845132274e+01 7.932494245070525096e+01 6.764125573156682947e+01 5.086059112931907578e+01 3.100471346853244370e+01 4.243306745381216416e+01 6.237277593390654573e+01 6.525471200542273209e+01 4.522006686706586720e+01 5.108807856942450343e+01 3.734293001642893017e+01 1.778656828783624277e+01 3.433507998228175495e+01 3.621716292227337419e+01 2.950443083982318981e+01 3.904047531606781263e+01 5.081833503771351701e+01 4.731540347769850996e+01 4.243923922719672248e+01 2.148608485900127363e+01
9.951591839399596962e-02 2.009951591839364227e+01 3.838087933270568186e+01 3.236835774860514903e+01 3.059386271136497371e+01 4.092033802283636135e+01 2.908913087046786927e+01 3.575577537889010671e+01 4.989533993313235527e+01 6.987111045602352988e+01 7.469543915149439783e+01 7.121888492271882853e+01 7.121888492271882853e+01 9.130089127230857571e+01 9.876028828732191300e+01 9.058179479221981012e+01 9.077869404161900491e+01 8.255608310770251990e+01 7.349229547431752962e+01 5.350254397621600333e+01 3.943186572116105282e+01 3.695507519712770517e+01 5.686307702709012091e+01 7.065184544061654037e+01 7.336623210147142515e+01 6.525471200542273209e+01 5.346124981662562448e+01 3.391925894106307737e+01 2.012845588134992525e+01 3.964297554776070598e+01 5.239333424571611886e+01 4.949919681375782687e+01 4.775754745701087955e+01 6.173257565948591719e+01 4.672968715800611506e+01 2.537984229522884760e+01 4.251329108985810024e+01
9.660808524269255682e-02 1.009660808524277975e+01 2.423874370897398123e+01 4.423874370897468822e+01 5.058732167454838446e+01 5.735290902685355974e+01 4.908266356620396209e+01 5.574610765986083294e+01 6.401326264967505608e+01 6.880093133048175957e+01 5.463701819044382546e+01 5.118812555023538380e+01 6.531881652708995034e+01 8.546291006237512988e+01 8.263890911177895759e+01 7.837291430306623852e+01 8.666101106890130268e+01 8.508032549595792204e+01 6.503494456768966359e+01 5.091091128844802682e+01 5.935740663590689081e+01 4.444684796353653411e+01 5.686308104571796918e+01 7.684932787658931375e+01 6.684722738656921592e+01 5.848081981160496667e+01 5.284273162801485313e+01 4.288454344008729180e+01 2.343513610334179731e+01 2.506751853612901826e+01 4.422091778304508125e+01 5.759255596585433068e+01 6.563589062553167253e+01 6.334476370567034564e+01 4.317649989112027953e+01 2.825135530695591513e+01 4.981571022063268828e+01
8.961064364900331314e-02 2.008961064364864768e+01 3.059603605710743324e+01 3.662716454881685735e+01 4.370014125480818024e+01 5.199271110577766564e+01 6.354781170035122528e+01 6.545143979972385750e+01 5.717184672289085512e+01 5.270924527187884934e+01 4.061881049909893449e+01 6.051199367004112872e+01 7.950291629129159787e+01 7.674405000344383154e+01 6.256666174409321002e+01 5.828794068685036223e+01 7.507750185586814951e+01 8.615651241317624454e+01 7.920025295478573923e+01 6.503447368158822428e+01 7.268958456115828426e+01 5.440817189222767780e+01 7.268958456115828426e+01 7.264857466145183196e+01 5.261234360442120561e+01 3.894990942854121130e+01 3.344224468575809794e+01 2.826894414452339532e+01 4.288454344008728469e+01 4.422091819252128886e+01 3.025855224639563090e+01 4.357677272800294332e+01 6.316349790185906699e+01 6.554514147109303224e+01 4.412327939724791293e+01 3.131254798051230637e+01 5.305957515398871038e+01
8.602227843884299729e-02 5.250000073395904465e+00 1.059522491216819340e+01 1.662545182642165287e+01 2.369652050913730790e+01 3.524371131711562555e+01 5.525183937501951448e+01 5.390609973599028137e+01 3.717124773666471782e+01 3.267054688533256268e+01 5.270924527187884934e+01 6.880093133048175957e+01 7.857322986265545239e+01 6.670505822832321030e+01 4.834949336158845057e+01 4.667932675830878253e+01 5.778896468961898591e+01 7.429504769385735585e+01 8.587903998721840537e+01 8.505681303861823039e+01 8.268802115264725217e+01 7.440682287849050169e+01 8.268802115264668373e+01 7.001395815368042008e+01 5.003797657448505731e+01 5.848081981160496667e+01 5.222764198943076508e+01 3.283916184655533499e+01 5.222764198943084324e+01 5.320258542844951677e+01 3.415048498319058012e+01 4.740221875949116992e+01 6.720590930738568147e+01 7.385891655804245204e+01 5.651378581369139198e+01 3.466685302025719295e+01 5.040424897238904833e+01
8.664218773200615953e-02 2.008664218773165189e+01 3.059603605710743324e+01 3.662716454881685735e+01 4.370014125480818024e+01 5.197091209367627584e+01 4.821066723729985881e+01 3.994190136987273121e+01 2.513561094907375448e+01 3.562240791920427796e+01 4.976894008171693429e+01 6.976818434994422091e+01 7.009981727936924756e+01 5.019591677627698090e+01 3.830767538963065277e+01 3.769967345784671409e+01 4.589598984435709639e+01 5.750416968415111540e+01 7.759103869594763125e+01 8.345189776244019697e+01 7.515300066441831461e+01 7.775685584336636680e+01 8.605332588403192062e+01 7.844389503839371969e+01 6.144060281322127537e+01 7.139571897341480167e+01 5.140229447965830190e+01 3.777483798193242848e+01 5.725823293476932463e+01 5.755783540778611496e+01 3.830962086207452444e+01 4.907413980072458770e+01 6.906435778129177550e+01 7.212372178786426957e+01 5.137962675128089529e+01 3.834650150151554016e+01 6.014711293567025052e+01
7.759125536472052942e-02 8.242557064642053177e+00 1.824255706464223081e+01 3.238469268837368276e+01 5.238469268838324666e+01 5.415421600430316573e+01 3.402534668304141974e+01 1.902108298940870768e+01 3.994190136987273121e+01 5.390609973599028137e+01 6.390578283483073108e+01 6.042971559578374752e+01 6.179553899483982349e+01 4.170440395972269698e+01 3.012455068064792840e+01 4.431180795693115471e+01 6.440141209475520157e+01 7.429504769385735585e+01 7.826928972197623580e+01 7.186321202161109056e+01 5.506553090794182737e+01 5.767309815919045235e+01 7.775685584336636680e+01 9.017443146288077571e+01 8.172537934441845664e+01 6.988075128530597624e+01 4.992279738785336463e+01 5.725823293476932463e+01 4.992279738785336463e+01 6.261952144430271971e+01 4.301569572114314610e+01 6.261952144430271971e+01 7.757397441712781472e+01 8.025874898651969147e+01 6.721598155561684962e+01 4.600937569499377133e+01 4.528391214030551737e+01
7.818929607037834739e-02 2.007818929607002190e+01 3.652682830875774300e+01 4.652682831075476599e+01 4.763300028676937359e+01 4.818879372728457611e+01 3.624306084161474217e+01 1.530911493748681984e+01 3.027575157105683701e+01 5.064941981347022448e+01 4.773392441797903274e+01 4.035590718591647885e+01 5.454299389417234067e+01 4.640278467654749051e+01 2.634778211226313260e+01 4.640278467654749051e+01 6.269956949411133706e+01 7.237769544792300280e+01 5.819054838761023518e+01 6.355549459317816741e+01 4.346691882992060130e+01 5.720292915710324166e+01 7.728074684154221075e+01 8.759899643269694991e+01 8.979027662984864833e+01 7.830842821093334294e+01 6.393679498645595771e+01 6.988075128519436419e+01 6.393679498645595771e+01 6.934090707981592061e+01 4.917675017327646003e+01 5.886869569279304670e+01 7.930878215261198250e+01 7.882781962711838730e+01 5.871552611886924922e+01 6.721598155610995207e+01 5.087317435452133196e+01
7.024788420635796893e-02 1.868400349982432829e+01 3.536475577071142595e+01 3.014599507946527268e+01 2.818867432757788194e+01 2.798229146902946596e+01 2.802579063203209842e+01 1.214399068907157897e+01 3.275406688266107835e+01 4.185222370006209758e+01 2.766368291063356466e+01 2.616556905331368199e+01 4.623538954492710928e+01 4.280079950285724522e+01 2.276697082629072355e+01 3.431592221007950627e+01 5.439135743278534108e+01 5.579929774977898660e+01 4.398749677989849260e+01 4.986995804560900325e+01 3.712076070060759037e+01 5.131990162303049630e+01 7.140581401767602188e+01 6.752728999032748902e+01 6.972390977020890546e+01 8.979027662984864833e+01 8.423073119634526051e+01 9.020376522351816106e+01 8.423073119587108692e+01 6.934090707981592061e+01 5.902458460954401431e+01 7.786807460306252437e+01 8.782120174305235594e+01 8.690247874426897567e+01 7.057679114772871287e+01 7.968907306884949548e+01 6.060617489290662974e+01
