MOVIE_S4_data/elevation_000029.asc
nrows	100
cellsize	150.0
xllcorner	0
ncols	100
yllcorner	0
NODATA_value	-9999
[rows 17 to 33 of 100, columns 0 to 36 of 100]
1.372224685174658065e-01 1.427935809224854147e+01 3.427935809224783270e+01 5.053165215684195033e+01 3.272543216220331175e+01 5.053165215684195033e+01 4.384887033133364298e+01 2.377687271972702732e+01 2.958923333076633710e+01 1.197006579592854081e+01 1.367849885989352998e+01 1.540888768801892716e+01 3.532746468576156929e+01 4.631141164606749783e+01 5.156688814766568640e+01 6.006173519571180464e+01 6.468391973945293216e+01 7.297789946556372342e+01 8.432996870731206229e+01 6.449343069738777956e+01 5.068764074914205509e+01 7.045459859211680964e+01 8.396879789983654518e+01 8.496767273471093063e+01 7.993456265760831059e+01 6.078924342343636056e+01 5.942251174330610297e+01 6.675868863987244595e+01 7.803146062264484328e+01 9.795304474760156666e+01 9.300804830891523522e+01 7.483456340100842397e+01 8.887055790381749887e+01 7.557955308359991875e+01 7.865178866874965991e+01 6.160964480691195888e+01 6.825632649625758575e+01
1.353332760910071209e-01 2.013533327609065182e+01 2.943270315969883200e+01 3.771697440716138061e+01 5.409090773005295461e+01 6.281612680269086724e+01 5.221023278720586802e+01 4.384586977393554008e+01 3.690772370941676428e+01 1.692414404537846551e+01 3.360673640155339825e+01 3.532746468576156929e+01 1.809559793198284794e+01 3.798991496347284169e+01 3.342872228890263386e+01 4.782632775311454054e+01 4.456293572317976981e+01 6.207270414489582322e+01 7.034939712048610261e+01 7.867127379638218088e+01 6.464487807297513200e+01 6.207900044477229073e+01 7.348480997545070181e+01 9.338561161964376822e+01 8.878879982929557002e+01 7.209908078521723951e+01 6.810709705620847387e+01 8.340510331859934468e+01 9.477643570913119220e+01 9.879858605521400250e+01 7.894252975242113735e+01 6.475988802982074333e+01 6.891388761523117523e+01 6.114097977979894694e+01 6.521398421432493819e+01 4.935283680068715739e+01 5.802521626967706680e+01
1.303432743768621893e-01 4.718657951788117977e+00 9.432703159698476725e+00 2.943270315969883200e+01 4.556161981268888184e+01 5.450589172268819738e+01 6.605289710648212065e+01 5.335043672564926709e+01 3.322101710766766303e+01 2.291390167678756384e+01 4.296443554109080054e+01 4.271865078623119416e+01 2.269001528030475967e+01 2.097160727593208307e+01 2.301401199335253622e+01 2.822843188982198726e+01 3.484784202704054223e+01 4.193882745876451423e+01 5.356626977501241527e+01 7.367885380377212812e+01 8.448050466302613870e+01 8.189587843327957728e+01 9.018091998665020981e+01 1.016995320322527476e+02 1.003030027597917382e+02 9.197113108889796251e+01 7.941073385819134955e+01 9.632843580640708581e+01 1.041225961873446835e+02 1.003368816735405886e+02 8.047659747695216481e+01 6.631522784324786812e+01 5.426835277552795844e+01 4.878580314329105505e+01 4.409774489740378556e+01 4.081699007992460082e+01 3.836882138555282751e+01
1.234970534698958955e-01 2.012349705346954210e+01 2.943270315969883200e+01 1.727734856522597795e+01 2.622162047522529349e+01 3.776862585901821490e+01 5.776862585901891833e+01 6.172071837770654668e+01 4.967843215039876270e+01 2.955375862712947210e+01 4.967762262412152552e+01 3.153459021346399282e+01 4.271865946072260556e+01 4.082771782367591129e+01 4.287466590409945155e+01 2.624690004748913452e+01 4.610347712343235571e+01 6.207270414489582322e+01 7.034939712048610261e+01 8.187759108657554918e+01 8.296218320945362734e+01 8.950705946729664220e+01 8.194911424942171152e+01 9.022638292862743015e+01 1.039706474869249035e+02 1.080176789203152623e+02 9.970809363409109949e+01 9.430005709107382472e+01 8.012534099529406717e+01 8.413840418239067276e+01 9.198173351210307658e+01 8.302081546405881340e+01 6.892315704316821723e+01 6.978781773550247181e+01 6.521398390384706545e+01 5.672141202592193565e+01 3.702681235255225545e+01
1.256355554530943219e-01 1.012563555545300709e+01 3.012563555545265004e+01 3.727734856522668139e+01 2.992645920589971809e+01 4.406859482963116648e+01 6.406859482963258756e+01 6.624181860570108427e+01 4.595589599169261419e+01 4.374107935341532283e+01 5.805370874022287353e+01 3.911265128609580444e+01 6.009513404690012806e+01 5.944780704385114944e+01 3.992065746316716002e+01 2.856535851754860644e+01 4.841831150528626182e+01 6.012693970069798866e+01 7.426308487939269298e+01 7.710289763916604500e+01 6.315139093976051754e+01 7.320481996278316217e+01 6.259535863395237243e+01 7.392470940593040041e+01 9.403804142059804860e+01 1.099816941747335193e+02 9.401187292568423004e+01 8.223053259794710357e+01 6.333668423363201327e+01 6.512170016181129029e+01 7.795395879930897820e+01 8.728947557751293118e+01 8.903312863979806480e+01 7.787916211344759176e+01 5.705753152124928107e+01 4.553672564338706508e+01 3.579045360998620851e+01
1.208450475705237920e-01 2.012084504757016745e+01 3.012563555545265004e+01 5.012563555545193594e+01 4.992645920590042152e+01 5.821073045336262197e+01 6.110250259536501716e+01 6.938844921755941186e+01 6.624181860570108427e+01 6.401246979747001831e+01 6.841847839240755036e+01 4.986379843534433576e+01 6.841847839240755036e+01 6.745619770147621352e+01 5.639998066221325956e+01 4.841831150528624761e+01 3.202955313914758051e+01 4.599079452200265905e+01 5.978606123988642906e+01 6.327063530875877717e+01 4.929488890452542194e+01 5.376273919697577242e+01 7.334039695426643846e+01 7.823517869011345738e+01 9.047192927374800320e+01 1.028823487570330570e+02 7.967396313684059805e+01 6.286794443905611729e+01 5.252284819334981592e+01 5.366699131254902255e+01 5.676838169647697896e+01 7.349772032812441580e+01 9.584419474930302840e+01 8.590768895854967013e+01 6.826379400934128228e+01 4.838362386306792473e+01 3.457460680206591519e+01
1.160239911856559974e-01 2.011602399118530116e+01 3.655783591445102587e+01 4.810484132216245001e+01 5.523717447189678609e+01 4.694862697028437282e+01 4.108589972623387609e+01 6.110250259536501716e+01 6.635074456864610681e+01 7.464216576725038976e+01 7.856636982649401091e+01 7.032646965845594877e+01 7.856636982649401091e+01 7.622216095900198241e+01 5.604822360514096147e+01 4.450098382513371575e+01 3.649909504689874495e+01 3.665545101600044120e+01 4.002157965215474178e+01 4.353819723171586986e+01 6.327063530875877717e+01 7.334039911066032857e+01 6.544741235976036364e+01 7.749629073963707526e+01 9.591771145686963962e+01 9.456484084396107903e+01 8.306201221499968312e+01 7.417034370847794378e+01 6.369910303854380373e+01 4.351419748293065481e+01 6.369915656261984793e+01 7.801762445030905724e+01 9.118975962654602085e+01 7.902557145535620009e+01 6.337703216374821835e+01 4.209310599967870559e+01 3.337354942559638005e+01
1.085988230417786332e-01 8.273564632319111212e+00 1.982057001611183011e+01 3.982057001619735104e+01 3.750623634702950682e+01 2.691829164933690777e+01 4.108589972623387609e+01 6.110250259536501716e+01 4.628771308246998473e+01 6.306650893165039662e+01 7.000889651779711187e+01 7.220742347947970075e+01 8.051728783982765947e+01 8.453342418245894407e+01 7.289617289652962029e+01 6.046633222684081233e+01 4.102340723062962979e+01 5.644945541542827527e+01 5.978606123988642906e+01 5.482144784504211543e+01 6.309106612428059435e+01 8.237333747108084481e+01 8.448584393252413349e+01 9.233859565779279421e+01 1.031955383076502812e+02 8.622101984668293539e+01 6.640073440088133339e+01 5.504966876447915070e+01 4.620865970071247375e+01 3.929022664550220156e+01 4.852733650085517070e+01 6.192835169727765532e+01 8.564048589532970368e+01 7.610349594882782753e+01 5.817979412485977520e+01 6.118726108521224916e+01 5.124549448567835697e+01
1.073404342885239532e-01 2.010734043428816875e+01 3.655783579050508791e+01 2.896370062434813164e+01 1.747221425463813915e+01 3.517323878214343580e+01 3.848699075271324688e+01 4.205697239140257437e+01 3.467047961554190039e+01 5.062674289755925372e+01 4.981837596611536867e+01 5.202928514515473779e+01 7.100714705307673569e+01 8.066477612109829920e+01 7.463590433811572211e+01 5.480954376616875834e+01 6.061654733168823839e+01 4.904334192646272328e+01 6.834146138049366925e+01 7.439910984095698154e+01 8.063451868177315873e+01 7.998125905215465536e+01 7.112366345743090790e+01 8.084364131107498963e+01 8.492846416566160883e+01 7.085520703807206644e+01 7.763151726400361952e+01 6.932885297604131836e+01 4.961342048303379926e+01 3.557497498293626137e+01 5.538793682340054403e+01 7.164481057884391646e+01 7.125834000715575201e+01 7.950369539961282328e+01 7.039465201961338892e+01 6.041031624401091449e+01 5.006248281027166769e+01
9.951591839399596962e-02 2.009951591821462813e+01 2.516975920005249634e+01 8.936241069796825087e+00 1.198679457598573350e+01 1.511187037534124933e+01 1.840367680291969776e+01 2.194731272417978474e+01 2.604650463024971785e+01 3.043876806527265799e+01 3.548548186980091401e+01 4.224773428314765056e+01 5.143527579966866625e+01 6.706610474874140948e+01 8.277464942751353760e+01 7.463590377909915219e+01 7.512727748956594098e+01 5.605210316454062536e+01 6.621483091574667412e+01 8.463445843812183966e+01 8.556030468122069976e+01 6.859787694050025664e+01 4.775943761937146093e+01 6.861353492741433513e+01 6.961917389833125469e+01 4.662807634028259685e+01 5.866066733309442327e+01 6.575464934558114294e+01 5.214339727666050095e+01 3.243405174232697874e+01 4.384833808374332875e+01 6.347465886565343851e+01 5.101027638092805461e+01 6.774222191376000524e+01 6.361436617119692727e+01 4.722913520491167105e+01 4.888683900295549023e+01
9.660808524269255682e-02 2.616371699175964238e+00 5.156380002361089510e+00 1.930700106964234664e+01 3.202984817617326030e+01 2.929792193532857070e+01 2.999982178287120860e+01 4.205697239140257437e+01 4.030013358793615197e+01 4.210626823486185799e+01 5.573204252001664827e+01 6.263570572194922903e+01 7.100714705307673569e+01 8.066477612109829920e+01 9.803975800920562733e+01 8.658966073738419311e+01 6.977452106056713887e+01 7.512727833681444167e+01 8.258029356257056008e+01 9.118572769302997472e+01 7.197874098536897236e+01 5.197502097448814595e+01 3.630916741541282278e+01 5.920769486891329336e+01 5.813795238013085509e+01 3.474748582848473433e+01 5.714902011317510500e+01 5.639001514296985818e+01 4.056966185382226797e+01 2.946668028903208025e+01 4.511699060375794801e+01 5.324093519835180643e+01 3.969759884014008122e+01 5.875422780809108048e+01 6.551424625282734837e+01 4.598959890952250618e+01 3.508640039983270498e+01
8.961064364900331314e-02 2.008961064364864768e+01 2.516975920008878376e+01 3.345917019660796399e+01 4.761133866636031087e+01 4.935750839696277126e+01 5.008067917172837724e+01 5.837806663371060978e+01 6.041850942619572606e+01 6.226592773910537204e+01 7.057439252623733239e+01 6.799213550281818641e+01 7.619952799635854035e+01 7.621750185423148594e+01 8.435903304850778284e+01 9.569919936144208350e+01 8.768432781640635199e+01 7.320706293699278433e+01 6.161713045140724887e+01 7.197238283097691181e+01 5.917251947524545841e+01 3.916144990004354298e+01 2.853299549109638633e+01 5.119585292273241350e+01 4.960593338500230232e+01 2.908522411928301921e+01 4.960592883021618604e+01 6.086852456192163174e+01 5.665244310650760440e+01 4.511699048727351169e+01 2.543533585804179609e+01 4.126993398986223127e+01 3.093414358190215907e+01 5.054713018452710571e+01 5.278935827465775787e+01 4.448525613342603435e+01 2.662602221854374918e+01
8.602227843884299729e-02 1.422815790216991871e+01 3.422815790217062215e+01 4.181004730666433744e+01 4.447047890866620889e+01 4.722654921774191905e+01 4.757618547651512841e+01 5.581767090834946288e+01 5.615095251306844659e+01 4.798720155025507239e+01 5.204533862726513149e+01 4.846137781436118530e+01 6.261335752954531841e+01 5.697837847649609699e+01 7.621750185423148594e+01 8.979108439513920814e+01 7.507289282830019772e+01 5.845552394369314442e+01 3.834544916374137813e+01 5.932643226209053466e+01 5.756212367498801541e+01 4.459403776004483433e+01 2.202599766573045770e+01 4.366950630702832825e+01 4.307835445067082958e+01 2.494209249065641032e+01 4.284914728657962257e+01 4.220415017777325772e+01 5.074787113505640690e+01 4.376322020137644841e+01 3.783003816243553530e+01 2.146146679983383265e+01 4.126993186404924785e+01 5.875281445602983155e+01 4.450775069997381905e+01 2.497222377592435549e+01 4.285931241383189416e+01
8.664218773200615953e-02 2.008664218773165189e+01 2.513316000813891549e+01 2.189720021059187260e+01 2.459173657653870038e+01 2.738473869732093746e+01 2.778716211006414483e+01 3.927595803621087356e+01 4.255909251923359449e+01 2.846179328330527625e+01 3.263614123881507822e+01 3.801582471247627382e+01 4.355216762120673479e+01 5.625064594603055212e+01 7.159356044187192936e+01 7.566229763379610063e+01 5.590358707424753248e+01 4.241463717747727458e+01 2.868373388442694960e+01 4.830700677789509001e+01 3.398299283364495693e+01 3.711170996827964075e+01 1.958843567227084748e+01 1.404228407386369071e+01 3.467496741529694759e+01 2.139627034151212115e+01 2.703561944131026706e+01 3.405597198591029695e+01 4.287170080104983327e+01 3.576880793691319127e+01 1.790933109375724186e+01 3.782999085647799831e+01 4.126985087991542400e+01 6.084809364488456396e+01 5.042869720820761614e+01 3.181926939754158568e+01 2.327784006863800670e+01
7.759125536472052942e-02 2.617582821939372195e+00 5.178219904512151750e+00 7.803859394684002915e+00 1.052386811081168183e+01 1.334805972439325394e+01 1.635390253784989056e+01 1.953908950150097468e+01 2.289086147490268175e+01 4.255909251923359449e+01 5.204533862726513149e+01 4.806779148019997194e+01 6.261220235748350404e+01 5.886324422395982481e+01 7.753584690103754440e+01 6.685891484417186348e+01 4.194285060022036049e+01 2.987502384678461809e+01 2.269556458151877720e+01 3.442874424272839917e+01 1.319377674930917976e+01 1.292910588609245437e+01 1.324616175109229488e+01 1.355160227215247559e+01 1.714615729445165471e+01 2.598946413478622475e+01 2.972463326949036144e+01 3.164239356637484235e+01 3.152816127030947158e+01 3.342745907466471778e+01 1.551134745647934565e+01 3.327093549645093162e+01 5.442213698739416117e+01 5.658331302005301211e+01 6.065199161183796406e+01 4.965287766313352336e+01 4.130372660749818436e+01
7.818929607037834739e-02 2.007818929607002190e+01 2.513316000813891549e+01 2.772953809230063271e+01 3.041408540415877226e+01 2.481328653186787037e+01 3.615098750889485046e+01 3.349078374961454330e+01 3.678914199825303655e+01 3.532233943586434322e+01 4.921609280270676834e+01 6.544111809595136720e+01 7.508520299072522164e+01 7.753783493080182154e+01 7.527236823359780260e+01 6.149998307010029919e+01 5.177546452772916297e+01 4.910765840320992481e+01 3.178452157725425309e+01 1.674528339877422312e+01 1.246313510059848362e+01 2.287883300158548749e+01 2.241784730124338765e+01 3.004158918292787561e+01 1.395932217155142396e+01 1.423566811776027485e+01 1.450105939694513602e+01 1.475737315344914258e+01 1.500622684508874549e+01 1.524902843676018094e+01 1.548816568354870959e+01 3.119945867961916619e+01 4.171878285451671076e+01 3.792790430956549130e+01 5.658345655212522729e+01 5.674685798722441632e+01 4.016661535591777010e+01
7.024788420635796893e-02 1.421258705589813154e+01 3.422375763261359083e+01 3.914118220251757663e+01 4.741108723664226687e+01 4.464763943632270582e+01 5.289688460707753848e+01 5.324260219484576595e+01 5.648897497450391825e+01 5.501180187176442615e+01 6.323865433935708324e+01 7.726121620644232735e+01 8.248015343421552359e+01 6.644959683963375596e+01 5.494503101705959125e+01 3.915195392898389315e+01 2.911886781484650655e+01 3.345618272662910186e+01 2.113529745949657368e+01 1.197581647895274948e+01 2.960369732942495702e+01 2.117733647199602842e+01 3.175314956908344044e+01 2.135645451877003964e+01 3.637324985671535416e+01 3.642321822125523312e+01 3.578770936152558590e+01 3.637555463664038058e+01 2.396551660313607357e+01 3.572441282111631011e+01 3.335729151760440914e+01 1.581906300507600527e+01 2.410767484126457560e+01 4.103662337876543376e+01 5.295572031856915629e+01 4.561492111148031370e+01 3.143586025079074631e+01
