MOVIE_S4_data/elevation_000696.asc
nrows	100
cellsize	150.0
xllcorner	0
ncols	100
yllcorner	0
NODATA_value	-9999
[rows 34 to 50 of 100, columns 0 to 36 of 100]
6.606448164489217567e-02 2.006606448164453838e+01 3.191592711750697831e+01 3.910998553470717809e+01 4.737052791821862741e+01 4.815998217641389800e+01 3.407708375681315260e+01 1.796876907997562611e+01 1.217458381039977766e+01 1.742385548916907823e+01 1.301587399071303608e+01 1.333047389535533078e+01 2.877630825670468795e+01 4.167191682954103982e+01 3.913269982851481643e+01 4.400469615724619388e+01 5.670917330216031615e+01 6.594887932204781578e+01 7.595284362090487207e+01 6.740510540721167843e+01 6.191768582615870287e+01 8.176259863505089243e+01 8.316010618903233365e+01 8.316010618903233365e+01 9.145682940796073979e+01 1.009566014781875225e+02 8.947390598152131247e+01 7.282985663960123190e+01 8.531482850090509373e+01 6.963242210306577817e+01 8.775668159185423178e+01 8.044360968465889528e+01 9.716235100577343076e+01 1.079034919200549041e+02 1.032699477670021935e+02 9.492227055825395610e+01 8.817553446491612590e+01
6.290596198942818851e-02 5.836409038652161207e+00 1.186664454129475388e+01 1.893824177949658250e+01 3.051726675517960174e+01 5.072889491141807383e+01 4.121419334487973885e+01 2.187675319074311275e+01 1.244037309825209725e+01 1.257854440534395302e+01 2.247038879137689804e+01 3.302510528909976983e+01 1.376720264978292363e+01 3.257862740851467009e+01 2.460398647966626484e+01 4.317023430666238681e+01 3.740263851761771008e+01 5.802559403090198487e+01 6.773012621154938984e+01 4.778710216049294246e+01 6.017370892694660256e+01 6.444525852044775149e+01 6.318183717350422057e+01 6.318183717350422057e+01 8.316010618903233365e+01 9.291956153496764159e+01 1.009566014781875083e+02 9.264261158791966011e+01 9.766916825511368927e+01 8.936735842898315241e+01 9.766916825511368927e+01 1.003668973806950220e+02 1.086965763456593237e+02 1.058823576776414370e+02 9.169286943018649083e+01 7.491201312957501557e+01 7.405751228185118862e+01
5.954267593782444634e-02 2.005954267593746820e+01 3.191592711750697831e+01 3.910998553472973782e+01 4.780239414223677841e+01 5.923309546624902566e+01 4.967180109499037854e+01 3.128384341700768445e+01 4.240693724373600304e+01 3.540627094909862649e+01 4.149148133567354790e+01 2.901089305671899865e+01 2.345498073474223588e+01 1.420353125912920866e+01 1.590991911963131855e+01 2.274936274619837207e+01 3.735211396569086872e+01 5.732975791517387165e+01 6.070158312751340901e+01 4.066339858935737794e+01 4.010787412885051140e+01 4.440991498822275929e+01 4.903436759793891753e+01 5.572139476113350298e+01 6.464998066905469898e+01 7.875745027649433894e+01 9.877450817958377627e+01 9.950360415062955610e+01 9.117948161075256053e+01 9.378194182735703066e+01 1.021090834147277349e+02 1.007818794854438238e+02 9.234920648950803468e+01 9.516130197781315303e+01 7.750331283620469947e+01 6.339045359623549558e+01 6.698201762361252065e+01
5.541180393181056874e-02 1.160241718772442887e+01 2.574455281145563035e+01 4.574455281145633734e+01 4.910777551474684088e+01 5.739794524903378203e+01 5.965308314100497711e+01 5.135290157747628825e+01 5.965275370444251735e+01 6.040759995260044235e+01 4.732727546838305699e+01 3.865595638854416194e+01 4.158131839709614042e+01 3.404488293160764556e+01 1.464143252973313913e+01 2.585149274271045172e+01 4.483323994567147963e+01 5.811200183525513552e+01 4.982066126206035506e+01 3.428789675423152516e+01 5.438120136820526085e+01 6.444525852044775149e+01 6.059198539897548841e+01 7.568930765710823039e+01 7.568930765710823039e+01 9.291956153496764159e+01 1.016611638390206025e+02 8.795620800378556225e+01 7.121837573308084757e+01 7.380333259284321912e+01 9.378194182735703066e+01 9.234920648950803468e+01 7.311484027650827500e+01 7.874845570847043064e+01 6.683741753397212904e+01 5.806270635166035277e+01 7.802976018088308763e+01
5.132731495283296419e-02 2.005132731495247711e+01 2.830381138406666608e+01 3.277617367877775933e+01 2.910572992482359211e+01 4.389609427602483294e+01 5.056461389153496810e+01 5.886881969871644316e+01 6.890271170696539116e+01 7.391469912838341827e+01 6.505794123597172529e+01 5.708946286868390274e+01 5.159072720754883079e+01 3.410061384487295300e+01 1.495110888694806306e+01 2.747782266051378741e+01 4.462176999432679025e+01 4.981675434904550315e+01 2.972565987392104603e+01 4.983410190530475603e+01 5.070681845437725599e+01 7.073033045434087285e+01 8.056443700001170782e+01 8.885949627454563426e+01 9.569389608200479813e+01 1.002959745824432218e+02 8.874053191646009964e+01 7.334962288590482160e+01 5.971563179071061001e+01 7.965493175895620936e+01 9.242826960438425488e+01 8.960179041112139942e+01 7.874845570847043064e+01 5.971730990237153947e+01 5.273761878429340300e+01 7.269309996754461167e+01 7.802967662686018002e+01
5.077994834438732952e-02 4.133262852983035529e+00 8.303551134124568023e+00 1.277568708912439632e+01 1.812091192742328261e+01 2.389441462117101622e+01 3.056108135919131641e+01 4.056110013235130651e+01 6.057176177550270779e+01 7.507736534223992919e+01 6.695881677568870316e+01 5.991934494704298686e+01 4.587378470486132898e+01 2.636056975398649271e+01 1.526016069239272710e+01 1.557077863149142871e+01 4.910802529912467662e+01 4.268183124453727828e+01 2.668162528875357609e+01 4.092571602301398315e+01 6.099720549172702277e+01 7.902082566536157060e+01 7.643394841876445867e+01 8.475312686164413378e+01 9.637072818930350593e+01 9.197078760964618027e+01 7.199103629879829214e+01 6.048156567617441937e+01 5.339599918551874680e+01 6.415161943798003108e+01 8.411797449991338738e+01 8.127614597567810506e+01 6.129446584002703702e+01 6.496098254225961455e+01 4.922122726106245238e+01 5.918078902532857910e+01 7.328722293718861636e+01
4.095169275885861271e-02 2.004095169275850452e+01 2.830381138406666608e+01 3.277617367889953925e+01 3.812185591951419639e+01 4.389611382302224030e+01 5.056461389209199098e+01 5.886881979758372552e+01 6.886427821408035754e+01 6.692290966523466977e+01 4.708261630473975856e+01 5.202063236561847503e+01 3.267151127830464930e+01 3.277988447777327252e+01 1.556790219561149158e+01 1.721132047914435148e+01 3.906208580016986076e+01 2.252062514310552288e+01 2.679487218701019557e+01 4.660908670962684397e+01 5.869956917478906178e+01 6.465995861254030785e+01 5.604079986658612000e+01 6.791353290145769961e+01 8.807305246620468608e+01 9.578398601338476226e+01 8.747451713285082064e+01 6.781551385825584077e+01 4.786692704055689518e+01 6.781551385773413188e+01 7.629823501501104488e+01 6.799811824158153684e+01 6.495999934628885342e+01 4.505946157476644487e+01 6.496098254225961455e+01 7.746669338458787024e+01 8.746758672818017999e+01
3.794593529682660504e-02 2.003794593529647017e+01 3.158460607271482345e+01 5.158460607271410936e+01 5.060502047312887441e+01 5.279606172852537327e+01 6.109848327045617822e+01 6.337100211021135010e+01 7.264508284965448581e+01 6.718648984533425050e+01 4.709356677198607599e+01 3.297378036616444774e+01 3.660130542301384082e+01 1.734823216329719031e+01 1.587397359753228976e+01 1.847131727056373762e+01 1.924701968669284824e+01 3.928372022413685727e+01 4.660908670962684397e+01 3.315171627766142848e+01 3.818458819158318107e+01 4.401256393437635950e+01 5.870049351573511132e+01 7.904738007373643427e+01 7.822998946841330792e+01 8.423214227812871968e+01 6.748786327364109638e+01 6.374352562551520407e+01 4.385106247103034605e+01 6.372727237184792415e+01 6.305368962889590279e+01 4.812246887868323597e+01 5.838453803051741886e+01 4.236951842429110116e+01 6.220113627126141864e+01 6.668703533807934036e+01 6.969483095877673406e+01
3.760068892276602348e-02 1.158460607271518050e+01 2.780894118779839985e+01 3.198039059627271996e+01 3.059283058863273297e+01 3.278153036263945808e+01 4.782522938238486887e+01 4.230850835168219959e+01 6.320328949717475098e+01 6.965013030670948524e+01 4.978776776604186693e+01 4.227934924197339228e+01 2.234033805032296272e+01 3.660437263996399793e+01 3.556585185091168455e+01 1.630435199149798109e+01 3.431417374654637342e+01 4.551329026548469869e+01 5.952460836188353710e+01 5.194476051578210019e+01 5.869956917478906178e+01 6.465995861254030785e+01 7.303136845067230354e+01 7.244839922008272026e+01 5.834372165218484696e+01 7.244491659082591184e+01 5.600531797383673904e+01 5.991331744996260511e+01 4.012532426180978717e+01 5.958717043869560115e+01 4.830316441090509016e+01 3.688099875754195267e+01 3.868253910491466030e+01 4.125246254897842846e+01 4.395322235180280757e+01 4.675273984705776797e+01 4.974340345077659720e+01
3.621519728617531020e-02 3.885216991883958304e+00 7.807539694657727125e+00 1.197782797608212668e+01 1.644996393689866210e+01 2.199696618615503141e+01 2.802722027113857095e+01 3.956080918473513464e+01 5.941942118055235511e+01 6.396094707627617026e+01 4.398865405324391986e+01 3.006716732207318188e+01 4.228038878861118377e+01 5.058057394503870796e+01 3.709915607274833604e+01 1.660883004401273055e+01 2.450699704408725310e+01 3.708579325158345341e+01 5.403812643560520002e+01 6.944708130159324355e+01 7.058438809208831799e+01 6.208671117126623074e+01 7.058047163811403379e+01 6.357884970247009448e+01 4.440800326902060391e+01 6.357884970247009448e+01 6.333063442616916205e+01 4.353351547107602215e+01 3.661826242800844966e+01 5.144888372920799213e+01 3.436231007010316318e+01 4.814222032517225358e+01 5.838454027957475745e+01 5.262608194207167145e+01 6.383927515253345319e+01 5.824722884647659527e+01 5.865701989139911632e+01
2.661327423881425236e-02 2.002661327423846060e+01 2.780894118779839985e+01 3.198039059627271996e+01 3.645426529940882432e+01 4.200501403579876580e+01 4.808392902653081791e+01 5.645224011682513066e+01 6.764960019659375234e+01 6.151359575506312183e+01 4.210824298410332034e+01 4.357350242730999668e+01 5.815571049343154186e+01 5.305016831950783285e+01 3.118085780376086902e+01 1.690973371352163213e+01 3.544873270296130841e+01 3.846738336210484732e+01 4.891719181611944123e+01 6.238737406768772331e+01 6.049755388164795278e+01 4.318799292610917462e+01 5.849436636778935394e+01 5.533063311440864851e+01 3.564495646446689392e+01 4.606993108212657262e+01 4.724233484363011826e+01 4.841759209596260405e+01 3.313288589204769607e+01 3.184315285747397795e+01 5.144935680106001286e+01 6.221624577612544016e+01 7.629069571058207089e+01 7.256836326054524022e+01 8.087537882516699028e+01 7.235314378809420077e+01 7.276252342637374682e+01
2.753285331545040487e-02 8.192498662592782921e+00 1.819249866259296056e+01 3.233463428632440895e+01 5.233463428632511238e+01 5.539698118273400240e+01 5.195093198042552274e+01 6.023222312301115977e+01 7.022740992989682240e+01 7.002113519092284832e+01 5.458554349446971088e+01 6.248665136956078925e+01 6.489456877514564326e+01 4.929304025663906685e+01 3.698106543114811018e+01 1.720600284297048077e+01 3.639374551180021200e+01 4.790263713019801628e+01 5.035229123681089902e+01 4.292147945710121348e+01 4.357613993343380088e+01 3.478153972844976494e+01 5.240004999983168688e+01 5.243311700643852902e+01 4.353822367649136993e+01 2.624644078984904283e+01 2.747538468326781214e+01 2.870731271775133209e+01 2.994160831845417547e+01 4.960157318827796047e+01 3.461993908491186289e+01 5.422147078937040732e+01 6.457572488328629845e+01 7.388084189619236497e+01 8.278024024195106279e+01 9.237008030274466819e+01 9.277679635912221556e+01
2.210104741296625708e-02 2.002210104741261176e+01 3.647676991005568681e+01 4.647676991005586444e+01 4.955094589336635380e+01 3.542478292032549092e+01 3.197746390757247426e+01 4.196684937257465009e+01 5.608425938046757864e+01 7.606476302116938371e+01 7.348388100846105431e+01 7.889344598677021736e+01 5.197761043902679745e+01 3.022885959622735896e+01 1.947158747922922117e+01 1.749778656423729828e+01 3.688434573539892369e+01 3.110048104289451842e+01 3.743161717123028609e+01 1.967063137750033519e+01 2.603200142443060017e+01 4.327854252581136763e+01 4.982455288388437253e+01 4.281446883509868684e+01 2.454397206615299254e+01 4.443810176682492141e+01 4.724233482528104844e+01 3.993513878219961555e+01 3.615522485410732401e+01 5.581063622581896055e+01 5.422115728874454277e+01 3.738103923653561367e+01 4.202438788248713308e+01 5.378532469486370360e+01 7.415137726383431982e+01 7.958544263731575086e+01 8.796755721967929276e+01
1.884200952422735234e-02 2.001884200952387260e+01 3.851110736878806051e+01 3.023296122016432363e+01 3.311649276232261485e+01 2.129169768292929277e+01 4.127450435618276003e+01 5.988820695487834200e+01 5.731838132951801867e+01 6.565090317988115487e+01 7.726212598953308941e+01 7.443065364819965168e+01 5.758734317039536421e+01 3.794301776295540662e+01 2.395371307031263086e+01 2.339235589528302839e+01 1.790739523430287505e+01 1.889310242678590868e+01 1.857141246959755421e+01 1.880271777103412489e+01 2.842023207567639176e+01 3.366629519884785537e+01 4.075392398732063981e+01 2.286855656414368454e+01 4.281446865781970246e+01 5.266688538335093028e+01 6.293679705357138232e+01 5.876759599211691665e+01 4.302184030418484184e+01 6.301223328830437254e+01 6.531977772889956668e+01 5.121465439100825279e+01 4.025596745748508454e+01 5.997986795125116544e+01 6.420537489678245890e+01 5.961451812708209275e+01 7.964137902998251661e+01
9.934550753332892920e-03 2.000993455075297689e+01 2.627601796775496368e+01 1.024045304770131715e+01 1.312720330368244070e+01 3.311646543110371255e+01 4.181215850999725347e+01 3.996277005557956130e+01 3.737585876507409921e+01 4.889074581763655658e+01 6.884728894974666957e+01 6.565952898368020385e+01 4.489788203866894634e+01 3.289284515847371893e+01 4.448524740264306843e+01 4.219758261044321301e+01 3.775748930447139173e+01 1.826114762375859613e+01 3.840263565704451310e+01 3.812064700334822476e+01 1.920316148704003822e+01 2.569957870255143106e+01 2.124068869792035130e+01 4.120569649334751006e+01 3.458482568931132306e+01 4.676066048422338639e+01 6.805753785422528779e+01 6.528457032775772007e+01 5.358379943030455195e+01 7.203825661018551330e+01 7.942490106679082373e+01 6.758633133059791476e+01 4.879655129579833073e+01 4.329207950382130576e+01 4.554032296745333497e+01 6.544651394528753485e+01 7.147374421191037186e+01
8.364784840791048004e-03 2.000836478484043468e+01 6.279863348601807616e+00 2.627587513855253221e+01 3.311649276232261485e+01 1.812716953223387861e+01 2.184100109719277683e+01 2.584076042450663735e+01 4.579950910707606937e+01 5.358559596069653708e+01 7.340237677548901729e+01 6.874936307628178156e+01 4.761933923631932686e+01 5.124657304960820881e+01 6.237643565354997577e+01 5.843584593735142363e+01 4.489931916119407873e+01 2.486897105157522958e+01 4.490037851349143949e+01 4.286219535618232612e+01 2.456744225046024610e+01 1.964412968465707721e+01 4.019238063407214412e+01 4.915721891151188316e+01 5.512464754108612652e+01 6.367169595415071370e+01 7.875329004197544691e+01 8.280659117420285042e+01 7.592772090729296508e+01 8.486599167097197949e+01 8.380578833880079515e+01 6.431008790788955309e+01 6.788775062403097138e+01 5.316019438646481632e+01 6.544651394556318280e+01 4.897210186406746857e+01 5.151888441366079263e+01
5.219006137575642711e-03 2.565956604792008822e+00 2.256461226104756435e+01 2.042060926509240204e+01 4.041239832056347581e+01 3.226058013033861016e+01 3.596987979216744691e+01 3.996279361502859473e+01 3.368135493495379507e+01 5.359217188379871288e+01 7.230689887240433222e+01 7.751505258294716327e+01 6.874936307628178156e+01 7.352733639757438766e+01 6.519351615109572151e+01 5.050166383159127292e+01 3.129805743176971333e+01 4.491942355381219443e+01 5.302681999864206119e+01 4.803070150265718752e+01 3.431939382788191040e+01 1.997529719213208210e+01 4.039646974268421786e+01 5.809643867224351510e+01 6.700555499098538803e+01 7.526864806904426075e+01 7.476387164970888932e+01 8.306942549312203994e+01 8.470704793700954838e+01 7.597606519925204793e+01 8.471258730854367514e+01 8.380578833880079515e+01 8.140856883993026827e+01 6.724878070328846036e+01 7.721787933043889041e+01 6.048039454477126498e+01 6.562182275695033695e+01
