MOVIE_S4_data/elevation_000319.asc
nrows	100
cellsize	150.0
xllcorner	0
ncols	100
yllcorner	0
NODATA_value	-9999
[rows 68 to 84 of 100, columns 0 to 36 of 100]
7.700916269626027766e-02 2.006435918006729580e+01 3.097088621159202049e+01 3.780930054406611873e+01 3.446907789388336596e+01 4.289911263830080657e+01 3.557551790498455802e+01 2.533446783607795538e+01 4.472969439445535045e+01 5.572184612692228711e+01 3.677130683972924174e+01 4.624657648332576798e+01 4.318130157471269825e+01 2.679785373722101838e+01 4.493399238976474663e+01 4.216087061319041851e+01 5.546889625509502508e+01 7.350142457412438546e+01 6.537583536708079635e+01 5.374549029790514965e+01 4.497262764778447774e+01 2.771557812123103659e+01 4.841789527486694311e+01 4.583801986110258042e+01 6.720570752084515220e+01 8.242025494283466003e+01 7.824026611944111664e+01 5.695070860300479865e+01 4.490462185966084263e+01 5.379891034155026830e+01 4.839119758335827015e+01 2.778959969751496573e+01 4.225387971598254211e+01 6.320799373323050219e+01 7.757148371778855278e+01 5.827344557824167026e+01 6.744412691336368937e+01
8.069533752736411658e-02 1.997544340053520173e+01 1.149985034214641288e+01 2.016206417946126450e+01 3.792164594472756534e+01 3.535301197588420052e+01 1.596782607974638601e+01 3.557551789775347117e+01 5.243430191184126699e+01 4.965548070872755204e+01 4.624657648332576798e+01 2.690454096041537824e+01 2.381026917478124005e+01 3.113285992449430495e+01 5.006671603204916465e+01 6.072685537415677004e+01 6.827573948981716967e+01 6.220170165214284452e+01 5.048574043869864880e+01 3.559564551031666468e+01 2.437945095471415868e+01 3.448579369582019183e+01 5.545946159974661782e+01 6.720570752084515220e+01 7.600805110438081158e+01 8.006739226893715511e+01 7.140364148023243729e+01 6.898292389675224001e+01 5.379891034155026830e+01 3.307084552553664025e+01 4.402760688003193223e+01 2.598085382919377651e+01 3.775226482258587168e+01 5.859680518132436333e+01 6.761779965412711135e+01 5.923720191574752647e+01 4.805310030467519056e+01
8.761414646403616058e-02 1.574043450093749907e+00 2.106329710143401357e+01 2.479666630949867567e+01 2.628466375793835041e+01 2.802522981778717082e+01 1.067036253011969649e+01 3.033944136145158410e+01 3.443116166941386780e+01 3.048065874246334417e+01 3.785005569664417635e+01 2.096196125472992833e+01 4.041473378726622201e+01 5.007159919165676598e+01 4.401315443404958216e+01 6.197352168873080558e+01 5.845123626244351556e+01 4.705313788194973057e+01 3.253829754609823510e+01 2.123142665624153480e+01 4.174101585397077940e+01 4.497262764778252375e+01 5.545946159974591438e+01 7.683828396345420231e+01 7.611719943609016070e+01 7.140364148023243729e+01 5.040190144025153529e+01 4.809426450081185322e+01 4.809429852670881189e+01 4.162136547257285457e+01 2.347763649769478889e+01 3.792121988525840948e+01 5.526686321485420450e+01 6.735362509999607994e+01 5.946612516520455216e+01 3.999610168216744910e+01 5.254690585478687836e+01
8.635282826207266171e-02 2.007928921542858802e+01 3.734780084251756893e+00 5.269952666676903874e+00 6.816619942868240578e+00 8.394235805889756818e+00 2.798967713666883483e+01 1.307067260412129706e+01 1.477776166000793090e+01 1.654252377665680029e+01 1.833371659396818032e+01 3.785005569664417635e+01 3.484656560171159612e+01 5.385748104213282517e+01 5.673683817984667144e+01 6.832936111401953383e+01 4.665838664688915571e+01 2.881820666446857615e+01 1.820906506059441554e+01 3.865287435035398289e+01 4.174101244761388330e+01 6.282180225341858915e+01 7.492505425910944439e+01 7.589408743512339584e+01 5.500298722229797477e+01 5.500298812029571849e+01 5.655316868124491947e+01 3.583314207746884250e+01 2.752992248491700167e+01 2.110617756219127017e+01 4.162136547257285457e+01 5.271638944429510332e+01 6.750694393010950023e+01 7.433417431816448584e+01 6.778444312310585929e+01 5.267291294170706806e+01 3.346907166134279521e+01
9.478645523280027074e-02 2.004239793955452242e+01 2.394977078455689679e+01 2.520130125523725084e+01 1.570696747200053167e+01 1.984455087015478369e+01 3.501592892945399171e+01 3.258416925396297614e+01 2.225673811051906270e+01 3.607818319974006727e+01 2.715940661080470875e+01 4.515545382260911822e+01 5.385748103698769995e+01 6.147154602348565788e+01 7.461599404278561565e+01 6.233756830118342407e+01 5.164874178100571811e+01 3.657205283428552178e+01 1.617330971405754170e+01 3.657205283428552178e+01 4.971616414565719566e+01 5.858149625402892013e+01 7.088077746593502582e+01 6.715726532970566609e+01 4.610525250430451649e+01 3.423007357039807630e+01 4.389941561892625543e+01 4.637671611933132709e+01 3.772968570740518857e+01 1.950340328385807354e+01 3.124296856930910238e+01 5.194700103785646661e+01 6.855864149867871049e+01 5.453720285099035436e+01 6.247474673994091887e+01 4.275147644752604492e+01 2.960356308718132823e+01
9.525764315303594798e-02 1.446228189751163740e+01 3.504043853821617915e+01 4.144292027846044135e+01 2.705178510249979240e+01 3.876932120611904509e+01 4.578822847530255302e+01 4.863517738113872468e+01 3.216021905083936616e+01 4.891619270003945275e+01 4.089079507503801381e+01 4.618954279969052124e+01 6.441568631855253102e+01 6.115402285603556720e+01 6.945709593732510712e+01 5.344082168428506918e+01 3.247159121120571257e+01 2.237295021108545257e+01 1.417210944217041124e+01 2.127296176250281334e+01 2.887712012809073059e+01 4.075677522782736872e+01 6.208105133113015484e+01 7.082402945064531252e+01 4.972483798932337606e+01 3.511097316850376160e+01 2.335020103050266371e+01 3.551022558641388116e+01 1.727439237210766265e+01 3.166149480317105969e+01 4.865730067512648560e+01 6.067308605491982121e+01 5.863170716144258421e+01 4.047517430406431060e+01 5.863170618423173153e+01 4.478439999451150300e+01 2.613145893546396792e+01
9.788009848798670531e-02 2.009788007900247919e+01 3.535808909977433956e+01 4.436280068876179428e+01 4.492346588684306141e+01 4.986693302397795691e+01 5.430768913903587247e+01 5.802081471045447358e+01 5.111246184771098200e+01 5.844924217756403806e+01 5.956388471098978243e+01 5.696533597432193119e+01 5.792786730833388731e+01 4.197205457904920678e+01 5.823637442869606673e+01 6.221314704744428070e+01 5.135926293479020188e+01 3.262696803607484952e+01 1.231578372025589196e+01 2.656863858821167668e+01 4.725306915362961035e+01 5.858143212130359956e+01 6.350007435157475300e+01 5.168530465050132960e+01 4.307682798050828410e+01 4.202675297278496913e+01 3.340743382352462021e+01 1.509422883828792905e+01 3.429894697734333420e+01 4.637821189136279543e+01 6.109484642852633840e+01 6.456381407060892741e+01 4.459986732868148351e+01 3.066116388041464447e+01 4.109490870900680193e+01 4.832292510265990160e+01 3.956703700685174141e+01
1.029007262483629948e-01 1.278110848347252571e+01 2.161844015014149534e+01 3.159883146195627646e+01 3.817827364603722629e+01 4.281702608452961556e+01 3.581466654552515649e+01 4.748435752888565275e+01 5.260325269739418275e+01 5.025653020552800854e+01 4.677260570377490012e+01 3.636683580714471731e+01 4.806587012837740502e+01 3.165619007071156688e+01 3.975284050039734751e+01 4.811493210145142285e+01 4.262740174565684725e+01 2.207591950169535266e+01 1.049617850017735421e+01 2.207591950634556710e+01 3.648179762215360711e+01 5.746452391320779185e+01 5.480060719444041695e+01 3.254705232526428205e+01 2.248024507437513364e+01 3.133779071461803767e+01 1.303399865124496948e+01 3.169347235297638221e+01 3.049896622035995364e+01 5.422244484841411349e+01 6.157241859456002686e+01 5.243278017764688315e+01 4.716652932382113050e+01 3.799887165307013248e+01 2.162197898560398812e+01 3.681482113011144719e+01 3.675297371080618092e+01
1.090813040483475660e-01 1.900614748931370102e+01 9.328497549413803824e+00 1.697775443701169351e+01 2.564500365148584038e+01 2.420346593288586234e+01 2.219283000901459246e+01 3.642392084283301301e+01 3.668642945197318994e+01 3.237916692112209915e+01 2.655029669364249045e+01 1.983988740586246280e+01 2.707436906212623740e+01 3.207526524949316382e+01 2.140001589941859095e+01 3.964665287652819359e+01 4.498174255313212200e+01 2.738176116491071710e+01 8.634210327057887824e+00 2.292616138989066599e+01 4.350577045330857118e+01 4.627275935479885760e+01 4.148499599687010431e+01 3.496951537575154134e+01 9.551034633034108268e+00 1.094287557675487399e+01 3.133779065219976445e+01 4.199978946705243743e+01 5.360536808201968029e+01 6.386780893360911904e+01 5.243047429907574042e+01 3.213510076143205652e+01 3.624582679213001768e+01 1.696926276789637811e+01 1.688048527697342749e+01 2.375204074711531632e+01 1.829257457487197769e+01
1.124699208350869450e-01 3.690463684215179896e+00 1.086588890644732430e+01 1.699466145099112069e+01 1.971407082011688061e+01 9.712289186312267120e+00 2.505128828145507924e+01 2.167486676701779302e+01 3.015380948631585767e+01 2.705033866228267314e+01 1.388575568296232632e+01 6.372435315011788504e+00 1.740204104566482357e+01 1.310176873333086434e+01 2.548933155789210758e+01 2.625027790659551385e+01 2.681583752271538756e+01 1.845814324904431913e+01 6.824642387130866794e+00 2.716709636557944307e+01 4.068426835477446701e+01 2.626584519189970734e+01 2.528606715321176068e+01 8.737534548394002343e+00 9.074176829249951837e+00 2.824125104778015327e+01 2.522242885363226605e+01 3.898832796456829897e+01 5.880792572495715120e+01 5.898674112616304654e+01 5.237983613190998256e+01 3.225607497510907251e+01 2.029972441653268689e+01 1.636426451787681557e+01 1.587237049663279542e+01 1.632869987534533607e+01 1.681788323882454250e+01
1.143247760050987577e-01 4.264820195601775055e-01 7.386773253647834769e-01 1.050987154100881504e+00 1.363451810398081943e+00 1.241900891620697145e+01 1.060924566127429713e+01 1.815317688495721882e+01 1.810232118248869071e+01 3.196235168630594980e+00 3.515271709591185179e+00 3.934248920478420786e+00 1.702122547933526064e+01 2.307927782947634654e+01 5.096075703312951788e+00 5.427555354672416676e+00 5.759360483177706769e+00 6.089054397883036707e+00 6.421709696728677308e+00 2.535454990799940234e+01 3.168001253383617311e+01 1.715525661784549527e+01 8.272588379487091359e+00 1.759089706006911413e+01 2.136890239298785943e+01 9.547202803813362948e+00 2.750382254042751384e+01 5.127380769020490447e+01 5.173131816543858719e+01 3.698044081425422291e+01 4.826800536351662885e+01 4.514123491357216267e+01 3.468638664162215690e+01 1.530103809795971870e+01 3.205896099146423950e+01 4.351426544383978268e+01 4.317024575098187711e+01
1.246997244282603834e-01 1.843200141407012893e+01 2.272338848760455576e+01 1.802616501811493421e+01 2.265760036170692970e+01 1.806127234555985339e+00 2.119408857485157949e+00 2.433338985030591317e+00 2.747944264753867660e+00 1.093243536499810453e+01 1.864589079939602101e+01 3.875606016440362733e+00 4.258504056707449692e+00 4.627693491277927507e+00 1.784194101389154952e+01 8.629023594617954984e+00 2.345521933900033318e+01 2.506139039735450069e+01 2.570133660295872957e+01 6.886712479056338765e+00 2.644688519610473776e+01 7.808463096795096980e+00 2.742009427487339579e+01 3.047627492166483876e+01 2.924381687382147632e+01 9.882002092583393349e+00 2.991603850796840902e+01 4.052769804004729792e+01 3.926311605441638619e+01 2.261319446115333065e+01 4.192754748299440593e+01 4.862184201780477366e+01 2.906624235706092918e+01 1.493959381770553918e+01 3.440041344069486939e+01 4.354274847867812781e+01 5.234446725457301852e+01
1.222495852330377081e-01 1.497127647680740914e+01 3.664635702070539480e+01 4.404051036362250215e+01 3.860218185516709610e+01 2.465616119880597168e+01 1.227919625505354695e+01 2.591046232637736679e+01 9.020678763295444824e+00 9.360416633989796509e+00 2.623815837077469126e+01 2.686043676271954794e+01 7.796937649066975062e+00 2.507594289514449315e+01 1.782253863839753194e+01 2.690570100705253864e+01 1.323866796104936761e+01 3.095190664922158419e+01 2.749531748468276149e+01 7.722146312560020043e+00 7.346489362895792574e+00 2.738836075114015145e+01 3.566817232534120308e+01 3.387671737355540102e+01 1.664006830290904659e+01 1.312643470115363264e+01 1.035775777048969992e+01 2.717897556997987607e+01 2.044563131107907950e+01 1.412187799188050974e+01 3.381990394808790512e+01 4.486998621715952851e+01 3.435025047498346140e+01 1.955412920274291011e+01 1.442784813344220929e+01 2.079713765647885282e+01 4.356846950957609721e+01
1.242739267172789652e-01 2.012427392671692417e+01 3.663687687088712153e+01 4.016664653692623688e+01 5.766868785335081071e+01 4.697892697824293862e+01 3.333381025214407600e+01 4.670331317097327428e+01 2.351894181135633843e+01 2.050913703698867252e+01 3.822348625283569845e+01 3.169170336828856449e+01 1.134935083655371990e+01 3.208842427105784623e+01 3.343733216548073273e+01 3.033414794460437136e+01 3.228916383321389105e+01 1.816303629625408433e+01 3.485849864682305110e+01 2.772920228028012701e+01 2.748047871307458934e+01 1.113889266561640312e+01 3.128223686744670218e+01 4.220764995739321535e+01 3.305057713440339029e+01 2.030683933027223276e+01 1.176086335979599440e+01 1.085722405186802142e+01 1.123713863252731748e+01 1.165204993510377207e+01 1.799862389742688507e+01 3.534963137140238842e+01 2.881993494001017808e+01 1.391410177119622915e+01 2.794405105229539288e+01 4.354299482180664427e+01 3.176286560453545960e+01
1.363277786145862258e-01 8.717797100737939786e+00 1.910435598237557642e+01 3.842768679571084078e+01 4.878738899355023761e+01 5.069564583478563691e+01 5.687943229886040797e+01 5.896340723232032133e+01 4.867082960103932976e+01 4.568923015044780556e+01 5.041563870812030501e+01 3.176875959341780487e+01 1.510090697431039075e+01 3.591260150172802668e+01 5.063874956532305305e+01 4.763890186402271354e+01 3.473136910475688666e+01 2.166779523084746018e+01 4.004699774080657448e+01 4.574978095967107805e+01 2.533216411041546223e+01 3.131230575692481821e+01 1.520552040490205137e+01 3.542469325347663300e+01 4.303063227719112405e+01 3.195777916802427043e+01 1.259517931297554938e+01 1.227304954271538939e+01 3.068542781436376998e+01 3.008171536359032316e+01 1.226310417798374175e+01 3.219846679021905089e+01 1.338752029389504372e+01 1.851995498172143684e+01 3.922233508173626859e+01 5.773223624887702243e+01 4.696195370919447498e+01
1.385108665542580109e-01 2.013851086655390432e+01 2.684273050374794778e+01 2.970607016190455241e+01 2.943199567758058777e+01 3.311553486817997083e+01 5.069564583478564401e+01 5.651883501536754295e+01 6.479051018756473468e+01 6.366511303634231211e+01 4.295692700279820286e+01 2.829436893533076613e+01 3.591260150172802668e+01 2.168183663734715694e+01 4.250745082694427168e+01 6.079007531020106825e+01 4.347227554771234281e+01 2.535156154305955667e+01 4.347227554771230018e+01 5.434927658180038890e+01 4.575427601565984048e+01 3.841029038006802665e+01 1.816250514995265775e+01 2.974519728410030339e+01 5.023566161513262784e+01 4.352667866783528439e+01 2.102003145555761421e+01 3.829115407739445942e+01 4.292277990955861355e+01 2.623254398331896908e+01 1.283194019408851005e+01 1.283361075988227462e+01 3.146138096507282711e+01 3.445413551574262812e+01 3.820138195938042003e+01 6.050076792209085852e+01 6.798468018112754407e+01
1.449534828613714132e-01 2.014495348286101617e+01 6.881173044542415518e+00 9.755037651308066771e+00 1.919495505555735804e+01 3.696045078974404419e+01 4.118569268015935592e+01 3.660619771603657568e+01 5.328327312983666530e+01 6.324636161695758574e+01 5.763263937500701672e+01 4.902194665193010081e+01 4.753359658370593621e+01 2.681026673882769273e+01 4.753359658370593621e+01 5.996841704647514604e+01 4.170132782642557601e+01 2.915484019280815531e+01 3.939903160757400258e+01 5.750528418743856207e+01 5.617248155785244279e+01 3.553507630750562640e+01 2.128567522817536783e+01 4.157943776382759893e+01 5.868499490657344353e+01 5.365370309343570909e+01 3.716259315961240617e+01 5.379454500747472423e+01 5.443631300372798876e+01 4.144587292814526336e+01 3.292377129892522447e+01 3.270529699760846398e+01 1.459760338280764280e+01 3.437189661813896180e+01 4.549852742933405381e+01 5.426495968619734356e+01 6.287696940811340340e+01
