MOVIE_S4_data/elevation_000186.asc
nrows	100
cellsize	150.0
xllcorner	0
ncols	100
yllcorner	0
NODATA_value	-9999
[rows 0 to 16 of 100, columns 0 to 36 of 100]
2.082717056534231503e-01 2.020827170565306830e+01 2.859827170631233528e+01 3.331231690208233687e+01 3.908581956407670788e+01 4.541037483927695462e+01 5.369463010971645645e+01 6.524161341493358179e+01 7.032991958828571910e+01 6.207168804635530535e+01 7.032994713606093740e+01 7.299387308914063510e+01 6.470636460317906824e+01 7.299387308913343020e+01 7.646987504695789539e+01 7.646987504695788118e+01 8.476466234107789433e+01 9.409040064466965703e+01 9.994707357892598054e+01 8.408973017923742077e+01 7.573575334342631038e+01 8.406980413523626794e+01 8.734801793708540174e+01 8.960462316845956821e+01 8.129546210273173301e+01 8.960462316845956821e+01 1.011668864987311025e+02 1.110937918720321704e+02 1.168488557226969959e+02 1.072003078729418490e+02 9.896127455981327614e+01 1.072003078729418490e+02 1.099062096771764629e+02 1.099062096771764629e+02 1.182000416684365831e+02 1.200725314275900359e+02 1.118021808940701192e+02
2.038130619680232347e-01 4.126135764731687416e+00 8.598271719731227947e+00 1.331231692764150409e+01 1.908581961953765926e+01 2.541037493987430551e+01 3.695738032366626413e+01 5.695737990333689282e+01 6.045034608618954053e+01 4.238627036645549850e+01 6.045036099249406192e+01 6.298756564115638668e+01 4.469176168474683664e+01 6.298756564108752087e+01 5.645208455948615978e+01 5.645208455948615978e+01 7.646987504695788118e+01 7.408906119136538848e+01 7.994705978845304628e+01 7.410934971035263175e+01 5.589077634212829082e+01 7.409305572044003441e+01 6.744013665093578425e+01 7.068946130878283896e+01 6.145345149532713691e+01 7.284524106787272046e+01 9.283867870394273325e+01 9.160902777634579763e+01 9.731598305015215544e+01 9.727033468114564130e+01 7.911410234926303531e+01 9.727033468114564130e+01 8.989800685638680022e+01 8.989800685638680022e+01 1.099062096771764629e+02 1.118021808940701192e+02 9.169331320911581429e+01
1.945267862640465417e-01 2.019452678626369035e+01 1.677524640540497813e+01 3.331231690208233687e+01 2.964224854570890244e+01 4.541037483927695462e+01 4.174030655530233958e+01 6.174030572690933383e+01 5.222897911722239428e+01 3.254335011409399669e+01 5.222897915687184422e+01 5.469906314396296665e+01 3.468573142516548558e+01 5.469906314396296665e+01 4.229785858450976122e+01 6.231515964889507586e+01 6.839773773905379528e+01 5.994274769023531491e+01 7.994731788442415166e+01 6.581166631968375214e+01 4.601021831686738039e+01 6.581137878600381441e+01 5.349781372817793823e+01 5.093686639949688555e+01 7.068946130878283896e+01 7.824093463409536753e+01 8.513272768525102663e+01 7.783667650224462875e+01 9.408528716437407979e+01 8.591080995374471740e+01 6.914468477977557370e+01 8.631759627253616429e+01 7.573157252279756335e+01 8.989800685638680022e+01 1.099062096771764629e+02 1.118021808940701192e+02 9.169331320911581429e+01
1.884163169627051937e-01 2.018841631696234984e+01 3.677524639198112055e+01 3.310517802357750838e+01 4.964224841592091764e+01 5.792650978385829319e+01 6.174030574287627360e+01 5.960671041157725369e+01 3.989312841148452549e+01 2.590640307549277921e+01 3.760026918711651689e+01 4.580474943085374662e+01 2.796854320733331889e+01 4.670341854538759918e+01 3.522288425412757817e+01 5.523797498705526721e+01 4.838856517820168790e+01 5.839319452160610524e+01 6.668081171995103773e+01 5.921044173924558152e+01 3.937725093405725829e+01 5.667233992547574672e+01 4.207460103874294077e+01 4.721146802813785115e+01 5.269445699197166277e+01 5.860536482566505612e+01 6.549818916064671726e+01 8.513272768525102663e+01 8.367487660463609700e+01 6.719886597905671977e+01 6.160187781711371713e+01 6.630549314655112880e+01 7.524678090199387270e+01 8.681607551093613040e+01 1.068279149169118512e+02 1.184584127189893792e+02 1.058829223183529535e+02
1.898839224935668091e-01 1.433201954622464136e+01 3.433201954622534657e+01 5.310517795250576967e+01 6.138944476260333261e+01 5.733553424557118205e+01 4.893162935847743000e+01 5.206735264680123976e+01 3.968012547466310025e+01 3.144319910797237938e+01 1.774038407884297186e+01 3.601742700634480343e+01 2.108650242631276939e+01 2.663082598792548694e+01 4.670341854539308457e+01 6.352591208263205402e+01 5.839319452160610524e+01 3.838843902059863211e+01 5.022631162517318870e+01 4.905135813316204008e+01 3.336275139336790829e+01 3.683627300712993957e+01 5.667233992547574672e+01 6.692534934953464187e+01 7.235239267988313827e+01 7.824093463409536753e+01 7.697450565605456063e+01 7.940351013789424428e+01 7.605403237552660300e+01 5.605746139212402568e+01 7.605403237552660300e+01 8.631759627253616429e+01 9.460987368254031082e+01 1.035648257394554861e+02 1.151197541629982481e+02 1.101869809981977113e+02 9.006553550987112544e+01
1.812560074098455432e-01 1.432339163114092173e+01 3.432339163325393372e+01 5.232515348373358677e+01 4.739752099936978880e+01 4.893162935847741579e+01 2.929668701116639795e+01 3.504490142030496003e+01 2.396602990319481208e+01 1.144006342803962895e+01 1.258274984741376024e+01 1.347535101611970987e+01 3.607812109562257774e+01 4.670339447917715603e+01 5.497067476111518403e+01 5.171768320706398470e+01 5.967439391411060967e+01 5.022592468730611870e+01 3.023367334239500082e+01 2.915400300961722024e+01 4.904930335148490883e+01 5.667227132949934543e+01 6.438432677150271388e+01 5.614044457741522365e+01 5.833375286878145971e+01 6.056609090049104083e+01 5.698393552922939875e+01 5.941758488999398935e+01 6.777638879099687585e+01 5.256441620926340619e+01 7.256640582526850380e+01 8.594415471929816874e+01 9.226537691006366515e+01 1.005569888835467225e+02 1.121095566677970652e+02 1.184584127189893792e+02 1.084200147130071343e+02
1.855941142937577448e-01 1.432772973833361796e+01 3.432773068198021349e+01 3.267154816777492954e+01 2.693710866564167006e+01 4.084319007528671364e+01 3.504762847648682111e+01 1.572392990742652330e+01 9.830154748275802490e+00 2.982945074497047599e+01 3.259237973324697180e+01 1.425894669224534006e+01 3.435399689200161788e+01 3.748895231124586047e+01 3.885206478582476564e+01 3.176874401926352931e+01 4.157946522279011958e+01 4.302273479868737383e+01 2.506829312789936282e+01 2.684168652956826762e+01 4.676395528719734784e+01 5.115765686407057444e+01 5.309089929530902197e+01 3.605176288625508363e+01 3.824659476272724845e+01 4.049045460477454128e+01 4.278092040872473234e+01 4.523254673947060667e+01 4.775544215174971185e+01 6.777638787185335900e+01 7.778831731787364845e+01 6.596651559053772473e+01 7.227591718842269586e+01 8.381166037746861264e+01 1.038133684500490972e+02 1.086610512535499566e+02 9.858905096310741101e+01
1.797113411273130179e-01 1.763080531510394877e+01 3.323808346239776768e+01 2.722382473632506716e+01 1.277794283346180393e+01 2.557767797379794317e+01 2.668340675439237586e+01 8.246072061004602105e+00 2.824506620072777352e+01 2.051437314755730057e+01 4.052654237843274387e+01 3.434854715704776140e+01 1.606785847758386154e+01 1.744627588184396672e+01 1.881897813042255763e+01 2.019766652064940260e+01 2.160093433156735898e+01 2.301525250121132515e+01 4.302344278899398944e+01 4.683262473468150233e+01 2.937095476407901629e+01 3.117077025604482188e+01 3.301516130433091689e+01 5.309089910660453171e+01 5.833375283364020447e+01 6.056609090049104083e+01 5.039579434152704351e+01 6.527132686681655116e+01 6.777638850750679467e+01 5.344190465297681669e+01 5.781520903561739999e+01 6.934262485087701577e+01 8.932534864198919422e+01 8.640665755319464836e+01 1.064095766396528688e+02 1.003681730039210578e+02 8.017313243161066794e+01
1.682297228869525374e-01 2.016819835886336776e+01 2.217838213308731810e+01 3.609636798806808766e+00 4.626287991319892434e+00 5.653598588506133282e+00 6.684954738935590335e+00 2.667631910809375384e+01 3.653253718144372186e+01 3.052242558111050030e+01 4.881312206875202264e+01 3.956951884821209831e+01 1.953958255022420687e+01 3.748900653525793558e+01 3.885207235078394206e+01 3.177028653927369817e+01 4.161789961226667600e+01 3.716541140894351258e+01 3.457071484582636600e+01 5.457034458247921549e+01 4.940103936952644403e+01 4.155874397783622243e+01 3.813800566875520559e+01 4.112922653740979939e+01 6.018926522167581794e+01 7.714791884440363390e+01 6.454930543232555351e+01 6.454930543232555351e+01 8.171291675466517290e+01 6.757727403881146699e+01 6.934262485084158811e+01 8.607327270042833334e+01 9.761570742985588822e+01 1.064095766396528688e+02 1.147073202138988393e+02 1.086610512535499566e+02 9.858905096310741101e+01
1.736477300190079065e-01 1.174900078695157113e+00 2.177409493570827248e+00 1.312956807011290117e+01 2.395539971930512024e+01 2.563688900321064423e+01 9.659625429191201818e+00 2.350229758483432718e+01 4.339456569300236310e+01 5.053158545281386438e+01 5.053158545281361569e+01 4.774484040133128815e+01 3.110974894574744454e+01 2.490940321761742027e+01 4.491430225570515233e+01 5.176616272472526958e+01 6.003309442740887647e+01 5.716635777813010577e+01 4.611461817867962054e+01 6.286394118360431094e+01 6.175994606661619457e+01 6.159567995530922957e+01 4.329230027147659143e+01 6.018926522167581794e+01 5.021001125860779979e+01 6.908882190981080385e+01 8.452437065846331166e+01 7.867182805669267509e+01 9.280866923716614281e+01 8.755914644664311197e+01 8.932534665305122701e+01 9.761562271594466722e+01 1.040289303772867981e+02 1.121927377409472939e+02 1.205397061446941080e+02 1.122692712613853416e+02 1.119791016166366120e+02
1.635824339929259352e-01 2.016358228093393379e+01 2.217838423083078325e+01 1.602491629803930095e+01 3.192773504420117803e+01 3.235056149096872957e+01 1.271671585925588843e+01 3.235120490974981777e+01 4.530053883360892542e+01 5.947537289932892435e+01 7.054261172374738464e+01 5.915343520615177653e+01 5.095983222886992792e+01 3.646277448139775856e+01 3.081461461199863905e+01 3.788305523842028322e+01 4.544158082236557306e+01 6.543809063810687121e+01 6.612108165752033528e+01 7.441926476441426530e+01 8.152250828056153864e+01 6.887386790026978645e+01 4.846582476276584117e+01 6.887386790026978645e+01 6.908882190981080385e+01 6.205907685466687695e+01 8.118532052809389654e+01 9.865365837895302548e+01 1.015431366887273867e+02 9.322713722985098173e+01 1.015431366887273867e+02 1.007601931685919681e+02 8.418883707705148822e+01 1.007601931685919681e+02 1.089613680757240530e+02 9.217868580627592223e+01 1.036422564936669914e+02
1.578132703760624089e-01 1.450998965553581321e+01 3.494267737391092510e+01 3.420293156009148561e+01 4.189953566975087540e+01 3.235062702843236337e+01 3.235120490974981777e+01 1.728548198600654118e+01 3.112570476788927465e+01 5.045578491447289338e+01 5.945018151697757247e+01 7.103772400933971198e+01 6.473573824995628456e+01 5.645921585918880226e+01 3.897688718824063159e+01 4.081205540217799665e+01 6.080930133735918020e+01 5.809444037829983642e+01 6.963857743757071717e+01 8.959876309246644155e+01 8.399025363062676774e+01 6.261245591669282362e+01 6.261245591669282362e+01 6.261245591669282362e+01 8.399025363062676774e+01 7.546250672572163865e+01 8.935504844088360699e+01 1.029749983872104622e+02 9.144873909320722305e+01 7.299186872158544759e+01 9.144873909320722305e+01 9.257424716964862910e+01 7.256302399226609623e+01 9.257424716964862910e+01 9.995781345766019399e+01 8.048962844491484248e+01 9.581637407223973923e+01
1.543728846943814847e-01 2.015437288469402688e+01 3.066537785352351619e+01 3.733204452018900099e+01 4.561631576765060458e+01 5.231675459973614295e+01 4.530053883360892542e+01 3.699733267357369471e+01 2.221933976431725810e+01 3.100740207418616734e+01 4.265415753024069545e+01 6.275192347951274741e+01 7.529399306425470684e+01 5.530712867817233303e+01 5.312001994467679822e+01 5.495517232092149129e+01 5.495517232092149840e+01 7.494241900472492546e+01 8.632679408389265063e+01 9.783996051325893006e+01 9.265167508881992831e+01 8.399025363062676774e+01 8.399025363062676774e+01 8.399025363062676774e+01 9.265167508881992831e+01 9.500141522471672317e+01 1.003653750535706592e+02 8.870659592856664233e+01 7.443819346992279407e+01 6.282216981005190348e+01 8.310950297571827150e+01 8.549921136536632105e+01 6.538522350055724530e+01 8.549921136536632105e+01 9.164504487192222371e+01 7.141144652130557802e+01 7.560990914250184858e+01
1.561752203313827581e-01 5.320153015274627251e+00 1.066537785352316092e+01 1.733204452018971153e+01 2.627631643018871088e+01 3.782332181398081872e+01 5.782332181398010817e+01 5.045578491447385971e+01 4.214111219798930108e+01 2.821928607404140266e+01 4.246629297278079207e+01 6.257223054738411605e+01 7.457196060279051153e+01 7.529399306425470684e+01 7.310944376470882844e+01 7.494241900472492546e+01 7.494241900472492546e+01 8.321018080745209033e+01 9.040744305353669574e+01 9.871591257778845829e+01 1.009368508981415573e+02 9.257045451040534090e+01 9.252696621525639387e+01 8.417932989454173764e+01 9.252696621525639387e+01 1.026034546248700821e+02 9.204628911811212788e+01 7.180731517349853732e+01 6.005875986869856575e+01 5.561065610241921320e+01 7.593684754890149691e+01 7.943461583942689686e+01 5.923953864746877684e+01 7.943461583942689686e+01 9.366801343097390031e+01 8.152824569661392218e+01 6.124329859514855912e+01
1.531247021631862160e-01 2.015312470216283103e+01 3.066537785352351619e+01 3.066537785352351619e+01 4.561631576765060458e+01 5.456058767764960749e+01 6.610759306144070990e+01 6.257223054738411605e+01 4.246629297278079207e+01 4.835518574626872379e+01 3.609914052139732377e+01 4.623920320100338444e+01 6.043725090494383778e+01 8.042123257868692576e+01 8.512987776721060129e+01 8.020465404189762637e+01 8.866929169317405979e+01 8.715917405766747095e+01 7.040780011272480010e+01 8.715917405766747095e+01 8.922521979884739096e+01 7.224933064915998671e+01 8.239365728222271912e+01 6.386564036563095925e+01 7.402248513008636621e+01 9.216588771263609203e+01 9.398875061926337082e+01 8.234954512201876753e+01 6.950914143614991758e+01 4.916464503562554711e+01 6.950914143614991758e+01 7.403725442858683436e+01 5.378321399547559167e+01 6.529020968233346878e+01 8.542836648103454422e+01 8.494812234450419908e+01 6.468109865265323322e+01
1.422398637851068903e-01 9.086511773784343049e+00 2.063351715757706373e+01 4.063351715757777072e+01 5.894964910098642008e+01 6.054297442699156306e+01 6.888971232345343765e+01 7.085897108468475381e+01 6.257223054738411605e+01 5.626481340331458370e+01 5.039771509387595216e+01 5.039771509387624349e+01 7.042924171983341353e+01 8.512987776721060129e+01 6.449648517471061382e+01 5.955536813744192415e+01 7.678358217285072840e+01 7.886064381796255418e+01 5.893011953871786801e+01 7.886064381796255418e+01 8.010292815781275522e+01 6.037800073286290115e+01 7.402248513008636621e+01 5.349565349502196909e+01 6.344232745994614930e+01 8.381186867803032214e+01 8.570031288836771921e+01 6.547863613880284106e+01 5.372264555494596294e+01 4.463441250459514009e+01 5.945989844367603183e+01 6.313836471903623249e+01 4.869032561304324958e+01 6.045230804457965945e+01 8.068056425834504353e+01 9.327693927380153127e+01 8.160273222466406651e+01
1.377665891220937744e-01 2.013776658912173900e+01 3.737078302124724871e+01 4.891778840503996406e+01 5.724244046974479971e+01 4.035983938638705126e+01 5.724244046974479971e+01 6.643312279422306688e+01 7.478331611859576356e+01 7.628450308738369756e+01 7.042924171373745423e+01 7.042924171983341353e+01 7.871191991351238926e+01 7.302963083567533431e+01 6.453620194569664648e+01 4.771483850800981941e+01 6.828278277288632125e+01 7.181413938273398401e+01 5.203199787873771953e+01 7.181413938273398401e+01 7.168803679644672400e+01 5.101017700108609887e+01 6.134910689876639367e+01 4.641012730831241839e+01 6.718020791839815331e+01 8.032512684873485398e+01 8.359528545081383299e+01 7.460743596986756643e+01 6.361117744441224175e+01 5.509553652121191902e+01 3.906114786672907968e+01 4.284577901838270009e+01 6.313836471903623249e+01 7.731916932568827860e+01 8.895557505185948344e+01 8.372612464390998355e+01 7.361067155937611517e+01
