MOVIE_S4_data/elevation_000572.asc
nrows	100
cellsize	150.0
xllcorner	0
ncols	100
yllcorner	0
NODATA_value	-9999
[rows 0 to 16 of 100, columns 0 to 36 of 100]
2.082717056534231503e-01 1.435033240608454719e+01 3.434144174838829855e+01 4.674503848722702060e+01 5.259815462709640599e+01 4.431357600651555373e+01 4.951261769035855309e+01 5.218528811380727461e+01 5.495885816619917108e+01 5.784569205035627704e+01 6.138134566946985871e+01 6.509540220713471115e+01 6.909559671593360974e+01 7.346020843566127212e+01 7.564818338661568475e+01 8.393246754973516488e+01 8.581605870093288502e+01 9.410035336905798431e+01 1.014372869802329689e+02 8.975885175987409070e+01 8.136824150289122315e+01 8.975885175987409070e+01 8.485698447110928555e+01 9.325184150191390131e+01 9.120971743476721372e+01 8.295694206547611316e+01 8.295694206547611316e+01 8.449851746843991407e+01 8.926269673431578155e+01 8.398743904096293988e+01 7.572777856740503921e+01 8.398743904096293988e+01 7.843011927007194117e+01 7.019499609805434659e+01 6.762111671993640982e+01 7.585318331371011880e+01 7.618415851369475433e+01
2.038130619680232347e-01 2.020381301995050904e+01 1.851373974833284919e+01 3.849660473123037008e+01 4.105089952073160475e+01 2.431330776411957473e+01 2.951223472656061020e+01 3.218485234165083853e+01 3.495836003038317585e+01 3.784512014842430716e+01 4.138066837911566154e+01 4.509459554909340540e+01 4.909462619550564710e+01 5.345903235587999802e+01 5.564694608823747046e+01 7.167256864905348834e+01 6.581414568991688441e+01 8.581605799672141188e+01 9.303022140704159426e+01 7.283107969620590438e+01 6.130528541907921181e+01 7.064414038410315300e+01 6.475698760337097326e+01 8.485698447110928555e+01 8.295694206547611316e+01 6.298883380088273753e+01 6.298883380088273753e+01 6.453554152415242129e+01 6.931183694917449145e+01 7.400576616069973568e+01 5.575500471608294362e+01 7.288188001030715668e+01 7.019499425884977484e+01 5.060308295679525514e+01 4.808410891884090432e+01 6.451650616424090856e+01 6.834085835762829220e+01
1.945267862640465417e-01 2.185097447663030046e+00 2.217771098046897649e+01 2.713311312449324575e+01 2.923086087949295475e+01 1.276629858452638899e+01 1.537007680414288835e+01 1.804268922326717828e+01 2.081619020439337220e+01 2.370294155034164518e+01 2.723847545627869948e+01 3.095238221988771343e+01 3.495238222088013913e+01 3.931674003860825195e+01 4.534696759619320972e+01 5.167152901956106348e+01 6.581414565584482546e+01 8.581603233888888838e+01 8.418813905631304806e+01 7.581805532261802227e+01 7.064414038410315300e+01 5.078828165032784625e+01 6.475698760337097326e+01 8.485698447110928555e+01 8.466093526064062758e+01 6.883735730411504505e+01 4.886548890200749895e+01 5.041004370370082199e+01 5.518720847864886281e+01 6.574139164174400207e+01 4.577761179261029412e+01 5.292003802190269113e+01 6.703221877168155629e+01 5.634142000681411133e+01 3.755697277557009528e+01 4.833170432851466103e+01 5.638786814275766091e+01
1.884163169627051937e-01 2.018841631696234984e+01 5.071874709412892201e+00 7.134728342285886704e+00 9.231315646973850875e+00 1.382174650332800070e+01 1.867277760680551424e+01 3.804284431674908973e+01 4.081637030725472925e+01 4.370315203089105438e+01 3.186790783346377509e+01 5.095269619003261141e+01 5.495277467383881032e+01 5.931724207627662793e+01 5.564694610516873041e+01 7.167256984893286642e+01 7.995714357833499264e+01 8.061237136455739005e+01 7.163540962258481670e+01 5.583610263728171930e+01 6.417990367963389531e+01 4.597723816768882443e+01 5.981830425147213504e+01 7.983198525417459734e+01 7.640338158288814441e+01 5.645428063788730810e+01 5.885142310306130042e+01 3.901248635679121435e+01 5.885142310306130042e+01 5.819579211822090059e+01 3.828230553221963817e+01 3.885024029144153701e+01 5.706842043580932256e+01 6.451637031981844927e+01 4.833170432851466103e+01 3.042029106516499581e+01 4.179138122953369106e+01
1.898839224935668091e-01 2.018988392249321251e+01 2.507465790864350552e+01 2.712504529809201870e+01 1.739572887111730992e+01 3.381650898292167540e+01 3.867019573074820471e+01 2.597615026126985427e+01 4.597339537493696326e+01 6.015286207259460127e+01 5.186826272336301713e+01 4.129600986790590866e+01 5.543841230760894945e+01 7.543971854005724254e+01 7.564818635270010816e+01 8.393266030018085644e+01 8.700328729957269047e+01 6.572078500838405546e+01 5.049847090159018137e+01 4.863025887170427097e+01 4.017332507762979077e+01 4.471732676694902864e+01 5.607321137550361101e+01 7.542592238824327922e+01 7.163254433992155157e+01 5.168358772588263150e+01 4.028317585866228967e+01 3.431433567713496302e+01 5.403977417924838278e+01 6.417775741376127030e+01 4.880848452315295560e+01 2.898199612838100947e+01 4.880847181687450131e+01 5.939694023335270145e+01 4.726676143294670140e+01 3.961105239021008373e+01 2.431437930291804861e+01
1.812560074098455432e-01 1.018125600740975933e+01 3.018125600740940229e+01 4.558314112735496337e+01 3.153616067757013042e+01 3.738382727026785801e+01 5.152064123179965804e+01 3.152368496531962450e+01 5.152064123179965804e+01 7.049785982056938849e+01 6.958128817525698651e+01 5.543841230760894945e+01 5.762634670489676125e+01 7.762767738398318329e+01 8.458989841352011751e+01 7.617063004813979887e+01 8.458989841352011751e+01 8.061237492158635121e+01 6.329215151022632568e+01 4.024810003426107841e+01 3.693232521479215791e+01 5.589051831555724448e+01 6.893513936495607197e+01 7.600918268190935123e+01 7.989174946577611536e+01 6.355803086026574533e+01 4.369740583934181188e+01 2.980560139906505768e+01 4.433865148323467054e+01 4.433865125663624696e+01 4.399985501912938446e+01 2.418395233612357842e+01 4.399839857596998627e+01 4.854450929037240314e+01 3.287739428025054877e+01 2.483369005391703865e+01 1.995806469983320497e+01
1.855941142937577448e-01 2.018559411429340145e+01 3.018125600740940229e+01 5.018125600740869174e+01 5.150134326659473061e+01 5.732919010313205632e+01 5.980615258411798152e+01 4.566211806497084780e+01 4.221767940714217104e+01 5.377598653448335853e+01 7.376097941336028896e+01 7.543971854005724254e+01 7.762767738398318329e+01 7.521727029481940008e+01 6.676491556760470303e+01 5.559905284665467917e+01 7.434008666718887071e+01 7.567819877552304320e+01 6.523537764728489208e+01 5.258788571553435531e+01 3.355114153645857300e+01 5.236951313812389230e+01 5.512296058002728216e+01 5.510920893148099253e+01 7.688245761010038848e+01 6.465134001180817336e+01 4.476746855168035921e+01 3.342079679025244587e+01 2.440190865554838950e+01 3.982386776827121366e+01 3.956858387829755941e+01 1.977846663576607611e+01 3.388926861714211469e+01 2.982667716034697492e+01 2.624437229129489424e+01 1.523336369332213458e+01 1.557420273127069876e+01
1.797113411273130179e-01 1.432184696485838771e+01 3.432184696485909114e+01 3.677814303490635695e+01 4.310522167259806281e+01 5.140415358248803557e+01 6.036295006557895704e+01 6.566436731663459625e+01 6.221204347921393918e+01 7.049785982056944533e+01 8.204689320279976528e+01 6.826481695245546177e+01 5.978299778975566170e+01 6.132064017239021325e+01 4.606582950367804585e+01 4.517374111657618840e+01 6.588484144725087788e+01 6.689260067404104859e+01 4.680408099766916763e+01 3.732920528159306883e+01 3.074550924385723505e+01 4.402669217781587463e+01 3.792369064705103199e+01 5.776960552851357278e+01 7.576136317641271489e+01 7.291183198506054453e+01 6.142194372744935293e+01 5.256714460051420446e+01 3.982386802776949253e+01 1.955979298878090233e+01 3.524516961319805830e+01 1.736889564715431788e+01 1.407750298438290493e+01 1.441463491570569033e+01 1.475297384138424484e+01 3.409108302964698822e+01 3.843426951180590123e+01
1.682297228869525374e-01 2.016822972288659699e+01 2.861095799319041788e+01 1.677292459245170519e+01 2.309750688429305754e+01 3.204211734820231783e+01 4.618943419302787845e+01 6.622328384450852923e+01 6.389194153461764358e+01 7.245902649241975269e+01 7.434775548823961344e+01 5.372672790991101266e+01 3.905000977006709206e+01 4.061059461351726441e+01 3.406672354123626434e+01 4.876215124366358111e+01 6.942545444532125032e+01 7.567815408647979325e+01 6.546963200332073995e+01 5.682495531610127415e+01 4.590961716039835494e+01 2.717527577976419195e+01 4.590960499392949856e+01 4.796573712391339939e+01 6.186355015156436110e+01 7.181875646037917704e+01 5.807507726774409207e+01 4.995761794922906773e+01 4.545783420559364885e+01 3.482483823394176170e+01 1.546519906141905132e+01 1.360285001309611097e+01 3.341445742063184809e+01 3.359071539289372765e+01 1.559033798881154986e+01 2.847202691625122739e+01 4.918863637112404774e+01
1.736477300190079065e-01 4.343936011185664192e+00 8.607950339066031020e+00 2.861095799319041788e+01 4.310522167259806281e+01 5.140415358248803557e+01 6.036295006557895704e+01 6.110731173477502409e+01 4.464358422974981266e+01 6.110731173477502409e+01 6.985550153791326977e+01 6.132064017239021325e+01 4.061059461351726441e+01 2.623971920508550681e+01 4.667642651902880147e+01 5.835518712273052699e+01 5.835518658654120827e+01 7.883049411127119299e+01 7.402282089715585300e+01 5.707378620055629881e+01 3.789301177618721539e+01 2.486629960799989902e+01 4.021499428959723588e+01 3.463632961643463659e+01 4.409741882769565535e+01 6.352499907626832254e+01 5.000889449102700723e+01 3.349786675615682441e+01 3.479498045397711792e+01 1.394843237492476540e+01 1.312925865738585429e+01 3.256622270403807562e+01 2.367030541828393453e+01 4.321087869976391715e+01 2.839582618354113919e+01 4.505717555663260043e+01 5.812968138402617768e+01
1.635824339929259352e-01 2.016358243399256978e+01 2.861095799319041788e+01 2.015551116233924844e+01 3.170775524248016097e+01 5.183914213344479549e+01 6.422216288946724205e+01 5.277923107433998240e+01 3.420340038712767949e+01 4.225123323255413510e+01 6.136314036640649050e+01 5.895108020762720002e+01 4.250518753762023749e+01 2.249507434208117118e+01 4.250518753762023749e+01 3.776650674598257496e+01 5.340807890410046355e+01 6.187425649947553552e+01 6.575404612261770865e+01 4.631762918916762573e+01 4.988427814819267070e+01 4.021499428854235703e+01 2.162959616047275802e+01 2.900096155571175771e+01 4.240472770539264502e+01 6.319198466680949622e+01 5.018354897371985857e+01 3.351482711850987783e+01 2.362996133637905771e+01 2.643247526626339194e+01 1.279661260021363667e+01 3.513756413869243289e+01 3.775484912331767617e+01 3.753112412197990011e+01 4.826142914555364172e+01 5.656682650932376788e+01 6.463159719310208118e+01
1.578132703760624089e-01 2.015781327037570847e+01 3.738515246424131533e+01 4.018885238332104137e+01 4.853169726751622903e+01 6.008246530396867513e+01 5.584624862424100655e+01 3.692148776584069481e+01 2.717641456459536542e+01 4.575833353649294111e+01 5.944085900374020781e+01 5.044450211670239526e+01 3.002371091514813628e+01 1.907855992702004855e+01 3.865455281168738111e+01 2.780912949597220418e+01 3.303764047971861118e+01 5.340807891125351148e+01 6.358807961595996261e+01 4.420797773121886109e+01 3.096499401348125602e+01 3.810096495402402184e+01 1.947674006034424110e+01 3.810057397482322017e+01 5.523996092732745922e+01 6.188130535612771865e+01 4.391201457171095512e+01 3.196527143518232350e+01 2.322818660930839130e+01 2.258938027617145039e+01 1.246444444503590177e+01 3.796625258002988090e+01 5.851521267666792880e+01 5.120030247013337998e+01 6.477707617278966268e+01 6.221178784272852624e+01 5.322330245195909981e+01
1.543728846943814847e-01 9.098644795660149498e+00 2.324078609046628330e+01 4.324138151701890109e+01 4.682782291209239389e+01 4.881063203587488886e+01 4.559991553152521249e+01 4.039424608848229070e+01 2.146043503984858347e+01 3.229112455977647755e+01 5.114526337679220092e+01 4.950578390350516145e+01 2.926617701854156550e+01 1.588218804300442422e+01 3.064014156531179722e+01 1.937891206054486659e+01 3.893546218372473788e+01 5.506442665893084154e+01 5.251545962523366029e+01 5.218210932437939675e+01 3.316361135684913819e+01 2.108158449686214553e+01 1.731838918931999061e+01 2.701726763081478921e+01 4.764342127424757223e+01 5.445297092976689157e+01 4.180800379669678080e+01 3.352159037120897267e+01 3.132483261422779464e+01 1.199412348007999185e+01 1.443174894129533570e+01 3.866372137003608600e+01 5.293441344994651843e+01 6.987727996176808176e+01 6.837352224161854508e+01 4.899655431398166883e+01 3.654737366091482187e+01
1.561752203313827581e-01 2.015617522033102915e+01 3.738175649221722807e+01 4.026438431259563799e+01 2.511473787192749896e+01 2.976772929025013781e+01 2.779386021646227434e+01 2.984403745963801668e+01 1.650020026140803253e+01 3.600997538273220044e+01 4.152497612249411674e+01 4.149101454548387835e+01 4.332812781675294644e+01 3.039063266385465667e+01 1.104324035663691284e+01 3.022617223582185275e+01 3.759232796628200646e+01 3.721732708608733020e+01 3.343118292694035887e+01 3.426098932625185256e+01 3.054096625733074077e+01 1.432734939860455370e+01 3.315353457233195655e+01 4.332218037036143699e+01 5.280630451643083489e+01 4.584551975790208900e+01 2.513897163187729333e+01 1.295835866266922132e+01 1.152305859935330723e+01 2.459298855354201763e+01 2.428085581036853924e+01 2.357448446380016449e+01 4.457502200686109006e+01 6.456371132249670097e+01 6.924561857602536463e+01 5.092988213463273439e+01 4.787473661073507714e+01
1.531247021631862160e-01 1.430927974399003588e+01 3.446381070066090757e+01 3.053922353835726256e+01 9.857056564967509260e+00 2.198171634195063717e+01 1.818306857851944613e+01 1.049474777213696264e+01 3.014142318518399222e+01 3.110802813300279723e+01 1.883266220827897186e+01 1.890477046622457991e+01 2.541471126112607237e+01 5.329581979732771480e+00 9.340345005366961217e+00 2.336773256050590675e+01 1.743206429497685406e+01 2.668789204380208702e+01 6.751742994442430756e+00 1.746425793093239065e+01 1.150272822489434610e+01 2.974771720485336601e+01 3.966605302725182725e+01 4.285837648009830048e+01 4.100432014877799247e+01 4.235692573939867600e+01 3.998112329980578039e+01 3.095035411844299134e+01 1.118738528947602084e+01 3.098627369149017596e+01 3.600137639053038185e+01 4.457501248574160257e+01 3.597744180553550564e+01 5.622117091810830658e+01 6.417023739108888947e+01 4.560348919617086239e+01 3.221509376717886397e+01
1.422398637851068903e-01 1.457013347906199563e+01 3.536817744053561086e+01 2.191100086870799046e+01 2.303866188446954233e+00 1.923969929629389286e+00 5.411611801602611571e+00 2.398309618943633836e+01 2.707897560897671241e+01 5.333715580930337374e+00 3.984545485788312469e+00 4.296256948258495356e+00 4.607389692415547522e+00 4.919859833841918828e+00 1.701240289203485290e+01 2.226265811646909043e+01 6.128662088373236116e+00 6.450346476470648405e+00 6.772782004515435439e+00 8.713104541650697143e+00 2.503774315987224597e+01 3.032067989644620454e+01 2.809440771886039201e+01 2.999805379363304070e+01 1.901724702942721734e+01 2.725630548688864607e+01 2.637237074886315469e+01 3.021702585382429973e+01 1.084913879512306956e+01 3.064182284670532042e+01 4.409327213221383346e+01 6.176304621252819516e+01 5.629311394633905508e+01 5.629265101758623047e+01 6.717422804852256490e+01 4.768138668186796281e+01 4.095622806205204824e+01
1.377665891220937744e-01 2.004936885408427472e+01 2.072337221073838975e+01 2.011924178864057922e+01 1.491360917346010062e+00 2.130900300743733311e+01 2.357298687768537349e+00 1.907883188804240859e+01 1.997655315625228667e+01 3.543314171861764450e+00 1.964299675422911307e+01 2.201829652633963263e+01 1.509846280291084497e+01 6.073618900032394130e+00 5.362050411408079142e+00 5.675586466546343800e+00 1.350197501792401233e+01 2.296938910213499341e+01 2.543053584109998155e+01 7.234311649071276662e+00 7.942167433785603414e+00 1.886203320274429984e+01 8.450251644518486316e+00 9.981886833522471747e+00 1.685365910032469472e+01 9.712472839455342566e+00 1.003852249284305209e+01 1.037167561713565433e+01 1.406773882013411381e+01 1.611234546887816776e+01 3.590345667484336190e+01 5.026517594182747928e+01 6.179000796790477068e+01 7.627949682159044187e+01 6.351108501102841331e+01 4.898502409392491330e+01 2.978267591155903204e+01
