MOVIE_S4_data/elevation_000289.asc
nrows	100
cellsize	150.0
xllcorner	0
ncols	100
yllcorner	0
NODATA_value	-9999
[rows 51 to 67 of 100, columns 37 to 73 of 100]
8.302642229730253121e+01 8.453454105908915039e+01 6.487723822472624136e+01 8.453454105908915039e+01 9.066213624118863379e+01 7.042860569855513120e+01 9.066213624118863379e+01 8.985390549755661027e+01 6.960456347492426232e+01 8.269468196817210526e+01 1.015116378884274297e+02 1.005809880045630393e+02 8.032392593104647460e+01 6.940604828969676987e+01 8.998049817043126097e+01 8.046179869007931984e+01 9.728954728885790360e+01 9.567320227749338812e+01 8.729156529771722717e+01 7.176643235275045640e+01 5.111000252517927578e+01 5.567692786650066950e+01 6.102214974802440395e+01 8.159018403210721715e+01 9.717588263181444574e+01 9.657361214058899179e+01 1.070368607460868589e+02 9.761714258323954141e+01 7.926106021279225899e+01 9.761714258323954141e+01 1.010337252509482511e+02 8.302428579900860939e+01 1.010337252509482511e+02 1.111139768501466421e+02 1.029644151438708377e+02 1.022823022468736838e+02 8.993389746582026589e+01
8.516343785731980631e+01 9.105338703712311599e+01 7.149684910302127605e+01 9.105338703712311599e+01 9.888138751981308872e+01 8.063989789426987898e+01 9.888138751981308872e+01 9.807699439061801172e+01 7.982409233099964752e+01 9.807699439061798330e+01 1.109104417150237225e+02 1.087868996037416451e+02 8.998049817043126097e+01 7.683896936212700268e+01 9.716783893476625167e+01 1.006985493069665694e+02 1.088989765259821070e+02 1.007045956733642811e+02 8.045645162060542077e+01 7.527028538022283044e+01 5.454121132144111073e+01 5.743728209291964504e+01 7.804763028976397266e+01 7.037038412182242553e+01 7.729699428101064029e+01 8.894277939404280175e+01 1.084503023928344732e+02 1.076564173905388770e+02 9.940343770015574876e+01 1.076564173905388770e+02 1.108834147508454748e+02 1.027442008757501952e+02 1.108834147508454748e+02 1.162417583564942305e+02 1.220012774503594244e+02 1.177440913019825928e+02 1.095576869285514761e+02
9.324847207582988062e+01 9.911786187876484178e+01 8.132316588097141619e+01 9.911786187876484178e+01 1.088579894738426503e+02 1.006843745881073460e+02 1.088579894738426503e+02 1.080598380121009114e+02 9.988371866411353039e+01 1.080598380121009114e+02 1.130498186832825098e+02 1.181780557011008028e+02 1.053728389569796775e+02 9.133139084539170938e+01 9.351684232081980497e+01 1.134129109194571612e+02 1.052634822456589916e+02 9.625211772426499124e+01 8.045645162060542077e+01 5.971178665907500971e+01 7.527028538022283044e+01 7.813404320552209015e+01 6.440263878313214718e+01 8.499974539045444999e+01 9.717588240365908803e+01 1.052280264826757730e+02 1.165112164443647487e+02 1.228722609743009997e+02 1.147105076149140643e+02 1.169438318441315658e+02 1.251101242988288078e+02 1.191346384705084631e+02 1.105256848613655762e+02 9.665048786784282697e+01 1.023884527029057523e+02 1.134760151696961685e+02 1.215768982112632841e+02
1.027274526486061745e+02 1.088501042837026205e+02 1.007836081932748584e+02 1.088501042837026205e+02 1.130598922259835035e+02 1.048444966535080169e+02 1.039538962908625166e+02 1.094115839411561950e+02 1.012660473388645954e+02 9.698703975909886310e+01 9.337701257559162116e+01 1.130498186832825098e+02 1.083333221415906706e+02 1.112582710682207505e+02 1.134129109194571612e+02 1.085581667441607863e+02 8.859517075856551571e+01 7.676704553202118575e+01 6.739412197030252116e+01 6.554283660959492863e+01 8.618023650691687010e+01 9.144754297467250126e+01 7.105781680058595384e+01 7.646088343554123412e+01 8.827412751381336875e+01 1.081248921120863713e+02 1.156082237558852057e+02 1.074584431175927790e+02 9.511825481182906117e+01 9.734676401797203482e+01 1.137757799266367158e+02 1.109833185635102524e+02 9.138249913444013828e+01 8.278560528380995720e+01 1.023885083103175759e+02 9.391050969524106051e+01 1.102929137765852943e+02
1.132475053409815757e+02 1.051097118549781300e+02 1.132475053454388672e+02 1.188273275071702955e+02 9.905261847355215821e+01 8.521640612980210960e+01 8.520450415758477902e+01 9.818098068998408223e+01 7.595029235642586229e+01 7.758316740893856434e+01 9.698703975909886310e+01 9.435717093306396919e+01 8.856805955271502739e+01 1.025306053651034688e+02 1.223423196819960168e+02 1.167629161465077061e+02 9.877650566597742454e+01 7.855850066579684210e+01 8.796952741529767650e+01 7.191241598360541332e+01 9.233911928444369721e+01 9.855782618865477218e+01 7.844690827770848784e+01 9.666404782526140593e+01 1.048454527703353563e+02 1.162779736938414032e+02 1.074584431175927790e+02 8.785569973178932912e+01 8.379550549424105554e+01 8.603029194844613414e+01 1.050018862462465421e+02 1.080259071552776504e+02 9.497932721370001730e+01 7.534824440537457235e+01 9.238422800515317590e+01 8.258457020696513950e+01 9.391051557535990923e+01
9.476866999903288047e+01 8.576339403136066153e+01 9.691023853204504235e+01 1.163104007117575236e+02 1.037556364422794815e+02 8.414010176929316742e+01 7.315007486038042828e+01 8.466566285141792036e+01 8.979595762374113121e+01 6.957294644587589971e+01 8.380501309209132899e+01 7.461589126702398289e+01 9.435717093306396919e+01 1.020362974562601011e+02 1.102515901863329475e+02 1.201492152253211287e+02 1.070032056556624553e+02 8.879710786967262948e+01 9.906418866412653301e+01 7.888898052507796876e+01 9.906418866412653301e+01 1.067192494628266388e+02 8.866158406215191690e+01 1.067192494628266388e+02 1.234461876335204664e+02 1.176801045110468209e+02 1.066735314038818956e+02 8.705253973497741526e+01 7.396319852566954012e+01 7.724063418186007368e+01 9.686444528800154785e+01 9.988576932069328507e+01 8.026314974534638225e+01 6.966803806237757613e+01 7.275204235598842217e+01 8.617755572191575197e+01 1.057914385361517162e+02
7.541960432898488875e+01 8.909541664722657117e+01 1.084651151837417871e+02 1.245185522050216349e+02 1.119690115349664836e+02 9.856679498775105230e+01 7.890762538820823124e+01 6.527563216402246837e+01 7.788113958144549542e+01 6.357510726914093624e+01 6.407582169730501676e+01 6.976534818972412211e+01 7.571419608615258312e+01 8.229141896690175884e+01 9.215450409448011726e+01 1.119180908180400280e+02 1.169604511699004377e+02 1.029558489125523124e+02 1.072810276593561269e+02 8.910623044787539015e+01 1.072810276593561269e+02 1.165953146099029283e+02 1.084540683151575990e+02 1.165953146099029283e+02 1.038191006459882573e+02 9.807768485697516780e+01 1.009241953223249482e+02 8.130671185812964552e+01 6.741015655829647812e+01 8.130671185812953183e+01 1.009241953192760377e+02 9.429941491581364232e+01 8.386396755812633330e+01 6.422574148300145680e+01 6.653966601922667223e+01 8.043241627814553851e+01 1.000501817660714181e+02
7.684402847069242171e+01 8.801149699823008632e+01 1.073676571613825246e+02 1.198237246372368645e+02 1.115939013147511645e+02 9.860102182481455202e+01 8.720623618294690971e+01 7.788113868946820162e+01 5.839941735663227007e+01 5.802188710716728792e+01 6.456323139599120964e+01 8.429306296736498894e+01 9.545467129314060628e+01 1.020362974562601011e+02 1.102515901863329475e+02 1.201492152253211287e+02 1.232056592943908981e+02 1.227584738187439513e+02 1.172211543209552360e+02 1.090221468803775906e+02 1.172211543209552360e+02 1.167388603567437428e+02 1.085391003112838177e+02 1.167388603567437428e+02 1.038191006459882573e+02 8.421614239154182258e+01 9.334087870950665433e+01 8.304305505865025339e+01 6.341488555971887564e+01 7.759918032234600105e+01 8.573285223080540618e+01 7.467704176365096203e+01 7.467704533362288544e+01 5.962964890733768186e+01 7.923519030991816692e+01 9.430905477218399824e+01 9.743766877089693423e+01
8.100918434441092586e+01 1.004369216727133107e+02 1.155196375617913560e+02 1.115939013147511645e+02 9.181969442055309116e+01 9.039983491378329461e+01 7.068961127384820031e+01 5.938639331641100938e+01 5.388318692668172361e+01 7.345062239469098131e+01 8.429306296736498894e+01 7.594871575758050142e+01 8.733975852819816055e+01 1.071005535716883941e+02 1.153858527799678768e+02 1.072663330747194266e+02 1.036840512534107575e+02 1.232056592943908981e+02 1.289146355704906455e+02 1.175080284675268274e+02 1.086905994090789989e+02 1.005046785463515562e+02 8.885886660888829169e+01 1.068817940374702431e+02 1.119625750721396855e+02 9.334087870950665433e+01 7.370585717887895782e+01 6.803066253575052258e+01 6.259929248855564765e+01 5.801688649159185474e+01 7.355966152157084537e+01 7.467700722375656142e+01 5.513313210632080796e+01 7.467704533362288544e+01 8.736840181444797793e+01 9.739183463036140154e+01 8.608678198559212547e+01
1.001226712441968800e+02 1.085085535410516542e+02 1.054735498155465478e+02 9.726342048013162866e+01 9.761142552727791610e+01 7.787538654639168101e+01 6.984674471319401334e+01 7.100469294438006784e+01 5.145932849474218074e+01 7.100469294438006784e+01 8.832843439429075261e+01 9.569165323392826394e+01 1.038996398131368863e+02 1.153242679399574087e+02 1.072663330747194266e+02 8.773325557480622194e+01 9.988352373121634287e+01 1.194222468481500812e+02 1.206888449926200053e+02 1.009742684718232226e+02 8.962486953587787752e+01 8.082336066945636333e+01 7.901742192053229985e+01 9.580352882180945073e+01 1.039842040318882255e+02 1.014754092661313933e+02 9.334087870950665433e+01 7.862375595140900941e+01 8.222500516114916991e+01 6.781506471785037604e+01 5.403805453656122637e+01 6.969380726660530456e+01 5.220649257142440547e+01 6.595456700905560865e+01 8.555928132408867270e+01 8.910773734468557450e+01 6.962618244197699369e+01
9.554517776617456093e+01 1.027369944996728321e+02 9.406578215214742045e+01 7.753033993599618157e+01 9.406578215214720728e+01 8.535989546453063781e+01 7.400057513210792592e+01 6.583573442757912630e+01 4.924881023720940476e+01 6.050712789742626541e+01 8.014168373848815463e+01 9.705755712869161300e+01 1.085428312633778205e+02 1.188006243806325557e+02 9.988352373121632866e+01 8.031512061106067790e+01 9.984174567203793060e+01 1.098240032216694715e+02 1.216326871882209275e+02 1.144340875935043442e+02 9.473492840317842933e+01 8.082336066945636333e+01 7.097237197597456770e+01 7.611607813490583396e+01 9.260708927601332618e+01 1.039842040318878702e+02 1.063910386051332893e+02 9.824872658109399026e+01 9.556509768925839410e+01 8.099880824853225647e+01 6.141796336843859905e+01 5.023814374014558837e+01 4.938244325168828652e+01 6.882301295622767157e+01 8.533531572805961218e+01 7.701299431247257132e+01 6.880287231189845443e+01
9.723868709174588787e+01 9.453000975520687632e+01 7.480011241284947232e+01 6.615992497559911101e+01 8.587052111603439641e+01 7.718307825747780271e+01 5.752824580104675789e+01 4.622287648389463044e+01 5.264246968979936980e+01 5.967055582029333749e+01 6.866507117316190545e+01 8.040977007741119564e+01 1.003205102237796638e+02 9.945793235193171711e+01 9.421877756311154428e+01 7.462355338773873825e+01 8.310995269035775834e+01 9.639087986541893827e+01 1.044394783727004921e+02 1.121866722544502437e+02 1.086905994090789989e+02 9.883804266621331180e+01 8.443697386806820759e+01 6.474798346206625865e+01 7.611607813490583396e+01 9.580352882180945073e+01 9.447002004676413378e+01 8.629764206671758586e+01 9.446998103632499522e+01 8.913091586546991607e+01 7.578198649764843253e+01 5.625207157165692706e+01 4.661232062053053937e+01 5.768199893226088193e+01 7.150833441623389319e+01 6.384154947543171232e+01 4.928097731145194871e+01
1.005920047976726153e+02 8.919074143458983883e+01 7.842061603311711337e+01 5.873467681730632961e+01 7.842061603311711337e+01 7.664889208213794802e+01 6.382028408572750067e+01 4.422247628444946344e+01 6.382042005800072815e+01 7.534404727111963496e+01 8.352812969217991679e+01 9.339305040612501330e+01 1.003091919911940693e+02 9.226596764200152734e+01 8.004302490044406682e+01 6.933523258334543016e+01 8.898013227494131172e+01 9.057794678525883114e+01 8.574692536314505276e+01 1.044082570573111184e+02 1.068721452080178977e+02 9.868765298997807633e+01 8.078082013626089974e+01 6.111453402941840096e+01 8.078082013626089974e+01 9.222041677840513785e+01 8.462874777875802579e+01 6.663529582932804374e+01 8.462874777875805421e+01 9.539431974504059042e+01 7.578197439993753903e+01 7.413250052203036944e+01 6.340051176172447356e+01 4.400426547793874477e+01 6.084260344031024204e+01 4.413722009758904363e+01 5.916151290208492952e+01
9.238820304117743376e+01 7.266472713503908665e+01 6.130663281156049749e+01 5.330329561386984238e+01 6.674449582134701586e+01 5.697840544539470642e+01 6.185075415445442104e+01 4.225311247082465371e+01 4.876862933320821014e+01 5.568016936465676281e+01 6.549084107533214194e+01 8.519725346690715639e+01 9.226597273490015994e+01 7.274990799817256004e+01 6.868329512561491867e+01 6.490139797015949341e+01 8.175078138031105368e+01 7.211522703601384876e+01 8.559592363123557845e+01 1.033991392713020474e+02 9.868765298997807633e+01 7.900421562801085429e+01 7.730427906953508455e+01 5.768090269643615642e+01 7.254491130644770180e+01 7.254491130644771602e+01 7.646646370910150381e+01 5.687862685010288999e+01 7.646646370900077727e+01 9.154278641775098890e+01 7.876181484423230472e+01 7.060623610793544458e+01 7.043096077687370382e+01 6.084200917007983378e+01 4.141485403380254837e+01 4.026923542441651449e+01 3.956781000881849764e+01
9.681238829645950261e+01 8.919074143458983883e+01 8.066464202285197871e+01 6.097858247446749402e+01 4.712148287152164983e+01 4.312667866976730835e+01 5.740116086562264996e+01 4.037858795768087816e+01 5.016586544782597201e+01 6.403031705611232383e+01 8.352812969217991679e+01 9.339305040612501330e+01 9.226594703908111228e+01 7.274990795244895025e+01 5.878164450387214401e+01 7.467029883656500999e+01 6.225500255802836591e+01 7.109089584969093778e+01 8.235767144853102195e+01 1.014684120317463538e+02 9.613254738586466885e+01 7.645093115046613264e+01 6.509254177390944562e+01 5.858038291659945429e+01 5.300585979294353223e+01 6.863689111245932395e+01 6.616567615135134872e+01 5.044979384611536943e+01 6.377472855816836983e+01 8.265219646111663110e+01 7.045028189791338491e+01 5.099564752849011739e+01 5.093067212896099960e+01 5.712932015774470074e+01 5.754039524060037536e+01 3.880784884649750666e+01 5.151344249925924146e+01
8.541895882795886052e+01 8.854710458999522871e+01 7.687210781690112071e+01 6.804538185687762564e+01 6.004630474364522996e+01 5.514274575542329870e+01 3.777762577916444542e+01 4.512819738449618967e+01 6.408066325758483117e+01 7.797435418589164158e+01 9.191839131567263621e+01 9.391410481762790141e+01 8.610057563980321049e+01 7.511434016057090446e+01 5.528276689788594211e+01 5.502297113487015423e+01 6.897959337828631021e+01 8.840887647978350117e+01 9.828827616831604530e+01 1.093854468098740682e+02 1.043126998650376720e+02 9.293818041801429786e+01 7.821042134388143552e+01 7.595162880144260953e+01 5.645234838694834423e+01 4.917862044683499079e+01 4.674152608901135153e+01 4.435798170005928398e+01 5.496421184061693310e+01 6.861258059699471801e+01 6.309411143305671743e+01 5.330208721828752516e+01 3.707519732923993416e+01 3.757891590141129967e+01 3.808516106671201129e+01 5.762067745481351011e+01 6.588076447134639579e+01
7.723470172686647572e+01 8.033600122333061222e+01 5.994939090307495633e+01 4.733057771330269503e+01 3.935324538462693056e+01 3.549922108986778113e+01 5.514274575456843763e+01 6.407880742843065036e+01 5.842428465770640855e+01 7.773705263226845830e+01 9.256833415246363472e+01 8.293686311616977491e+01 6.702546386585459004e+01 7.461041089169715690e+01 6.650685882880641486e+01 5.048553621918508583e+01 6.446029116954730398e+01 8.405569111695753293e+01 9.135521354578445141e+01 9.940942421631748971e+01 1.045435883215026109e+02 1.060857371762624837e+02 8.973306278707586614e+01 7.024317193564388617e+01 7.594834335843134454e+01 6.034630811757155300e+01 6.042617237897560756e+01 6.068530160969434917e+01 4.123886748146749426e+01 5.767774175183834018e+01 5.285434451173183845e+01 3.636807928329317008e+01 5.595294440565711369e+01 5.712533352697040812e+01 4.389708609401049699e+01 4.781869713589661330e+01 6.423574154696353844e+01
