MOVIE_S4_data/elevation_000275.asc
nrows	100
cellsize	150.0
xllcorner	0
ncols	100
yllcorner	0
NODATA_value	-9999
[rows 51 to 67 of 100, columns 37 to 73 of 100]
9.524157993301041358e+01 1.027551015149143581e+02 8.328170294004922880e+01 1.027551015149143581e+02 1.161279951888983248e+02 1.025345559823986434e+02 9.276928993155082992e+01 9.166700818549604435e+01 7.219885704277224647e+01 9.166700818549604435e+01 1.050912376966062851e+02 1.028647616768245712e+02 9.023933305416072415e+01 6.998831498064699019e+01 9.023933305416072415e+01 7.886114185552170852e+01 9.577882038584138513e+01 9.880421111988512450e+01 9.043636358398087793e+01 7.296703710810351140e+01 5.313121134131742451e+01 7.296703710810351140e+01 8.029225678672230515e+01 8.859260413525714739e+01 1.026734605728935179e+02 1.110460038616370184e+02 1.211772394952461411e+02 1.057345560372638715e+02 8.718626453898184536e+01 1.057345560372638715e+02 1.065179680162452485e+02 8.801207539834472016e+01 1.048463979224335247e+02 1.131681974474122825e+02 1.190147829169732461e+02 1.107348886792721743e+02 1.084297671271945092e+02
1.153134683053071825e+02 1.117610672766605262e+02 9.759058546643503007e+01 1.117610672766605262e+02 1.158631947060060128e+02 1.151979213693948196e+02 1.114771996349563068e+02 1.006705471395133884e+02 8.642201804705736379e+01 1.006705471395134168e+02 1.163336468658662000e+02 1.104660286590807061e+02 9.023933305416072415e+01 7.761540561472023114e+01 9.790994972301474775e+01 9.911903041528235292e+01 1.074502920982493919e+02 1.010802122170332495e+02 8.080978422942905581e+01 7.553844068571739001e+01 5.562043422054399855e+01 7.553844068575055815e+01 8.590104683104117100e+01 7.516121414608424800e+01 8.232414779433912599e+01 9.252177782195110467e+01 1.128251433238461630e+02 1.158789535072240966e+02 1.075652755599527239e+02 1.158789535072240966e+02 1.166391767685325931e+02 1.083302357616539240e+02 1.166391767685325931e+02 1.186896575065404420e+02 1.103255800590728910e+02 1.071969126574281148e+02 1.154380949650195589e+02
1.063050279943550578e+02 1.145882039449088552e+02 1.176933860380871977e+02 1.128996449229290420e+02 9.650389803720874227e+01 9.284366915512454455e+01 9.565522909796440842e+01 1.083685150296477389e+02 1.065880786090983037e+02 1.107256827318559829e+02 9.701209828585459150e+01 1.107256827318559829e+02 1.062476121473211919e+02 9.790994972301474775e+01 9.419991103221096296e+01 1.144177288230749525e+02 1.059309540122106341e+02 9.685199667430433124e+01 8.080978422942925476e+01 6.073710603358109950e+01 7.553844068575055815e+01 6.092551642945819879e+01 6.570497363675229963e+01 7.388056336515271028e+01 9.419395371442391252e+01 1.110460038616370184e+02 1.211772394952461411e+02 1.192803685446935305e+02 1.110570144345356454e+02 1.126079742325211015e+02 1.208237405693708979e+02 1.163041208209705104e+02 1.079871796298218101e+02 1.103742241836342117e+02 8.997029840206441520e+01 8.726298168426657753e+01 1.041438592206483520e+02
8.626807575674033046e+01 1.063050279943550578e+02 1.180593340519010752e+02 9.987599784945690828e+01 8.687196865724196471e+01 7.741808583362930563e+01 8.211520850343774214e+01 9.668603742360448905e+01 9.950331868350197340e+01 9.145065897734893667e+01 8.323661710559437665e+01 1.026712488419147320e+02 9.996765013255058818e+01 1.080264816082287780e+02 1.144177288230749525e+02 1.092777653581212149e+02 8.896186931700745504e+01 7.722075862417275971e+01 6.822339801941713233e+01 6.669123643548036284e+01 8.690423157054853220e+01 8.100277959559657859e+01 7.087316646623619931e+01 9.113239272499930621e+01 8.824336280465125526e+01 1.085599509929310784e+02 1.118670398140085211e+02 1.036203534038245238e+02 9.097671421850492379e+01 9.253158295921274146e+01 1.092735155914896978e+02 1.046928727656599705e+02 8.786248780857611962e+01 9.565750562749553865e+01 8.727347131928878810e+01 7.576321689297819262e+01 8.996282073731650542e+01
9.213676319282674854e+01 9.897096831983333232e+01 1.072583029758992836e+02 1.059547710795089017e+02 8.824527075543421972e+01 7.750538622156483370e+01 6.884878480090323194e+01 8.863766957548651249e+01 9.145065897734893667e+01 7.183553417707473443e+01 9.145065897734893667e+01 8.764342605008681630e+01 8.048134088510849438e+01 9.429695588206992340e+01 1.136579171001323942e+02 1.176378907323384055e+02 1.001922205172341478e+02 7.986724408114230300e+01 8.845758990055675497e+01 7.336242073412600462e+01 9.367513698876193473e+01 9.952317206965710739e+01 8.096949429336522996e+01 9.952317206965710739e+01 1.085599509929310784e+02 1.169229492439452684e+02 1.036203534038245238e+02 8.357580841338533162e+01 7.942979173117052483e+01 8.097678600894353451e+01 1.010168643265202206e+02 9.636818338946746110e+01 7.633296657049706369e+01 8.480084556576245802e+01 6.732125523820859314e+01 8.725172698235431312e+01 9.785039563400977158e+01
8.479871592605870489e+01 7.892837677518261330e+01 9.897096831983333232e+01 1.135154466070047619e+02 9.727079031533146747e+01 7.776198677535873571e+01 6.385006363140841756e+01 7.778948515518283102e+01 8.553647632475754392e+01 6.584632263511797134e+01 7.781336264097961930e+01 6.798329923187243651e+01 8.764342605008681630e+01 9.586912604480986033e+01 1.038847770647727913e+02 1.135417210794532963e+02 1.085697443980696733e+02 9.161366681461649364e+01 1.020654959296669233e+02 8.242539281698398668e+01 1.020654959296669233e+02 1.096705153928795795e+02 1.012952911567862770e+02 1.096705153928795795e+02 1.157665124462950672e+02 1.135864022857592914e+02 1.036203534038245380e+02 8.357580841338531741e+01 6.950361190010319490e+01 8.944671971528612175e+01 9.752349021026192588e+01 8.921402480271885338e+01 8.480084556576245802e+01 6.487931561184592510e+01 6.221086375113860356e+01 8.212385919139731527e+01 7.804278422961752426e+01
6.475353571563789501e+01 7.892837677518261330e+01 9.897096831983333232e+01 1.046151675879512482e+02 9.705421695294417361e+01 9.155135165116627149e+01 7.778948515518283102e+01 5.809126888585918635e+01 7.250823075762478709e+01 7.307588588283148567e+01 5.804362659979897643e+01 6.378908879538481358e+01 6.978017406430136305e+01 7.639355608398120978e+01 8.622775906201023588e+01 1.055104930279137392e+02 1.202677075224275143e+02 1.119107428028840019e+02 1.111485584345853539e+02 9.684009090958072363e+01 1.111485584345411723e+02 1.171858797305991828e+02 1.114566110576066791e+02 1.157665124462950672e+02 9.575876953539734870e+01 9.356659213128915553e+01 9.889580884594845145e+01 7.888507624229144710e+01 6.483431921570831946e+01 8.474608412393607182e+01 8.921402480271885338e+01 6.924117520575190099e+01 7.509108741308450874e+01 5.823587635019733710e+01 5.735627686601372233e+01 6.400749328369489888e+01 7.545686596562846660e+01
7.477612582084819337e+01 7.691560031404064546e+01 9.695488756735825575e+01 9.400470071179647391e+01 7.862493790836080620e+01 8.879628338688195299e+01 8.588161568690560443e+01 7.250823075762478709e+01 5.273704317512115125e+01 5.327532815044615688e+01 5.999757864238446103e+01 7.989834241901058931e+01 8.937726939116045344e+01 9.586912604480986033e+01 1.038847770644999002e+02 1.135417207697519473e+02 1.161800285762194420e+02 1.245603619522360930e+02 1.254570260446839001e+02 1.144806398539717804e+02 1.063640713710070713e+02 9.781681473782992953e+01 9.216702611417208857e+01 1.058844863850749789e+02 9.943025876746609981e+01 7.943368136728491891e+01 8.943197006751587708e+01 8.050088158156927420e+01 6.057803951008016696e+01 7.474965246503658989e+01 8.301497164419426156e+01 7.509108741139219489e+01 5.508201107750131342e+01 5.178335120425840188e+01 6.189181334808888124e+01 7.596312237856230354e+01 9.224007543149788546e+01
5.688261923515488405e+01 7.104472660624355740e+01 9.108914324238385518e+01 8.641406773549853426e+01 6.747145857468078134e+01 6.996074609047558113e+01 7.396094606770797952e+01 6.582742916277040024e+01 4.911548724014842549e+01 6.291955723442563198e+01 7.835571446569819898e+01 7.154777851005827927e+01 8.279551732185707635e+01 1.019772900477848196e+02 1.103761862551923940e+02 1.020463658173489847e+02 9.619201101793414921e+01 1.161800285767285459e+02 1.216632893538440783e+02 1.063640713710068439e+02 8.708347813586492236e+01 9.273063314913792965e+01 7.855841470259207426e+01 9.781681473783021374e+01 1.076795457794189588e+02 8.943197006751587708e+01 6.950801048850442498e+01 8.129804763019423319e+01 7.474965246493100324e+01 5.473097755409632725e+01 6.939943705783508676e+01 6.752633412732470219e+01 4.722221524827727279e+01 6.752212469087456270e+01 8.014872124544669418e+01 9.013436255734170288e+01 1.043081808878783363e+02
6.873480461722391510e+01 8.521262070314850234e+01 9.467316756582789594e+01 7.617078003798938823e+01 6.493954246791115281e+01 5.606679486639531973e+01 6.573113458006436360e+01 4.596632810515426826e+01 6.582742916277040024e+01 7.693947535980251473e+01 8.832171613051137626e+01 9.086722024802116948e+01 9.895495162215979690e+01 1.101033122696553335e+02 1.020463658180340047e+02 8.216329129945459897e+01 9.501663740667939351e+01 1.150089488342813127e+02 1.135040640926563213e+02 9.419926826150913257e+01 8.310283127538276915e+01 7.342877681193348849e+01 7.122009429523798474e+01 9.053782371751060509e+01 1.003894103584123059e+02 9.769312473786210660e+01 8.129804763019423319e+01 6.142781880918634130e+01 7.427285350231579741e+01 6.939930849605573826e+01 4.917475146854295076e+01 6.425418960268225987e+01 4.426537327500103203e+01 5.886617555875905339e+01 7.895578701889697015e+01 8.215258856204110316e+01 9.010083677762358434e+01
8.702374944787194977e+01 9.701701002313669164e+01 1.022054440622098213e+02 9.157683698152085583e+01 8.126147570926640640e+01 6.250370352107989902e+01 4.852117343769378977e+01 4.380513639461310760e+01 6.396970545136372976e+01 7.454483375361083120e+01 8.304196578398148176e+01 9.322914946561263605e+01 1.046224035550375504e+02 9.630753454450841389e+01 9.501663740668421099e+01 7.510130580118820376e+01 9.501663740668421099e+01 1.035155411518340856e+02 1.118495218928894843e+02 1.060406160479321613e+02 8.777799796967259738e+01 7.443091585763484375e+01 6.471644225384373783e+01 7.296144784700382502e+01 8.667542910270792333e+01 8.964221923436772954e+01 8.955678314046849664e+01 7.427286085876029631e+01 5.440111337447086015e+01 6.782545418235943657e+01 6.426236702972506976e+01 4.373464155882354731e+01 4.131702547495680022e+01 6.200756662479594183e+01 7.934424412828748530e+01 6.375106269546480320e+01 7.934424412828748530e+01
7.460523095067898680e+01 9.464537466059177007e+01 8.825461603764472329e+01 8.003033861604515664e+01 7.849227141871608637e+01 6.651303928698233392e+01 5.844131090466206047e+01 4.166562990867151939e+01 6.173069071191539336e+01 5.442031690547712941e+01 6.441544281571533759e+01 8.467422469150633901e+01 9.630753454450841389e+01 7.636926443491499583e+01 8.220904854488581748e+01 6.954487184159347635e+01 8.949311823198003424e+01 8.377995747245762459e+01 9.930471240026699320e+01 1.086799085256664910e+02 1.014170786886435849e+02 9.213219167400670528e+01 7.863111890365135537e+01 5.916721584984217941e+01 7.369788035265683845e+01 7.014316329797544824e+01 8.963110379900805924e+01 8.151674794013713665e+01 6.782494739267534101e+01 4.787279801547407487e+01 6.574012868598019566e+01 5.734858758758080910e+01 3.834173113262071553e+01 5.804211264506854207e+01 6.259189284340357062e+01 5.289735092549833695e+01 7.151264075775749518e+01
8.877005496667226225e+01 8.671912539633478900e+01 7.678151608359281965e+01 6.015137538226867520e+01 7.041478565307471627e+01 5.046555663986485740e+01 3.891643316930778695e+01 5.623776056938221046e+01 4.442041732765039086e+01 6.448257532954393412e+01 8.304196578398148176e+01 9.322914946561263605e+01 9.630753454450839968e+01 7.636926443491499583e+01 6.225853730854193913e+01 8.220904854488581748e+01 8.931327936603037188e+01 7.256132787637714898e+01 7.785301189645221598e+01 9.994072104466246742e+01 1.009877826768992009e+02 9.290246403478539605e+01 8.667542910270792333e+01 7.369788035265683845e+01 5.414306423878645091e+01 6.801103491060895578e+01 8.742713798015218174e+01 7.351700388586314716e+01 5.364703962852925656e+01 4.360533527134344922e+01 5.722123300104033206e+01 4.347315246141046430e+01 5.386420174091754376e+01 3.549470956870040084e+01 4.205403930030738024e+01 5.711042489335898864e+01 5.540405983058011685e+01
9.768432006235661902e+01 7.849510602258183667e+01 5.861132166104543018e+01 4.862575502522023640e+01 5.915931966779439222e+01 6.154413881187795710e+01 5.339591034253467683e+01 3.622867345057780142e+01 5.629947006088432460e+01 6.448257532954393412e+01 8.476149637185123709e+01 1.045276823876671557e+02 9.306956154067205489e+01 7.813666749183784077e+01 5.823070450626809702e+01 7.261574670477763505e+01 6.932859298766788925e+01 6.275769620356143719e+01 7.691114130239928670e+01 9.699886274056497371e+01 9.290246403478539605e+01 7.349791320853702814e+01 7.918137455966615335e+01 7.057166589181268535e+01 5.094820719428204114e+01 6.487285001359018111e+01 8.432982521188314706e+01 8.173528062080575296e+01 7.182256662318850715e+01 5.826467594870978672e+01 3.820108909730197411e+01 4.705323396427830573e+01 3.373797132299790036e+01 3.428972191374975864e+01 5.015394862122686703e+01 5.510075112999392388e+01 5.615724132089263065e+01
7.792775633995911733e+01 8.671912539633478900e+01 7.323711105152828793e+01 5.332810754839270118e+01 3.917257770186237309e+01 5.131987446461543101e+01 3.372283447435020065e+01 5.356237367139833339e+01 5.258601379237524043e+01 6.674238727818105588e+01 8.690416756078812455e+01 9.625173186351075572e+01 7.646113290138832497e+01 6.496010376512479922e+01 7.226156591353225167e+01 5.278925892475825066e+01 5.528896828710113454e+01 6.932859298766788925e+01 7.910736287322622218e+01 9.920146160156193105e+01 9.038743149908711416e+01 7.097797152750017347e+01 5.968393904839309982e+01 5.342951045987558700e+01 4.789547236713461587e+01 6.389968603595135477e+01 7.198730375477016707e+01 7.600197806305077108e+01 6.782636699201928820e+01 6.017979908413750678e+01 5.242621032814590620e+01 3.298917899609669035e+01 5.312231704924874975e+01 5.321313034877665871e+01 3.507055058865471864e+01 3.562127352561879690e+01 3.616942814244108462e+01
7.792775633995911733e+01 7.777660925349337617e+01 6.629631432078828368e+01 5.736337488640161553e+01 4.911768080167730233e+01 3.126230720795198437e+01 5.131987449208545371e+01 6.199373667981586067e+01 7.197142980059373940e+01 8.009315077537492300e+01 9.096253649325903723e+01 8.642848420373292129e+01 7.857080927934063652e+01 7.158893943744726585e+01 5.226102764452829774e+01 4.908598045982319036e+01 6.886889270208847336e+01 8.347935153978107792e+01 9.763011009189200706e+01 1.075630184836324332e+02 9.846395281510409347e+01 8.724284794271814292e+01 7.301574408487888945e+01 7.132086856590677826e+01 5.168938729644207086e+01 4.414116901897003942e+01 6.048916799423779622e+01 5.820060266983669806e+01 4.794715671372154020e+01 4.799783064835462909e+01 3.225883376498447319e+01 5.243190645670368610e+01 4.948707565757467819e+01 6.473840896633271313e+01 5.696906288551006980e+01 5.573578011418719313e+01 4.043235760659387523e+01
7.085677526002749005e+01 6.956414054832934823e+01 4.964008476555297023e+01 3.806088212041574081e+01 2.904757346756047554e+01 4.911768038134733416e+01 3.888582247092755040e+01 4.468464154949599987e+01 5.223991188855612222e+01 6.366443998819607941e+01 8.300138753183364315e+01 7.651662267455347433e+01 5.931278544979578271e+01 5.567229399519136024e+01 4.518175807800533050e+01 6.428432862545999171e+01 7.663871940568269281e+01 8.297312495071406602e+01 8.515237319777082803e+01 9.343828893969620708e+01 9.463120390790136582e+01 1.005505041014032628e+02 8.509661009416863919e+01 6.561476959315437796e+01 7.132023089786898140e+01 6.048916799423779622e+01 4.066984999098176701e+01 3.832806866372202137e+01 3.600450396834927602e+01 5.171283849461896409e+01 3.175404226540384656e+01 5.202248250701180865e+01 6.945076185427113558e+01 7.763217266059190536e+01 6.872729779258980898e+01 4.796812803145753890e+01 6.027839511809047934e+01
