MOVIE_S4_data/elevation_000030.asc
nrows	100
cellsize	150.0
xllcorner	0
ncols	100
yllcorner	0
NODATA_value	-9999
[rows 51 to 67 of 100, columns 37 to 73 of 100]
2.398364009917969497e+01 2.431142452703954149e+01 3.109020737356439668e+01 2.877745153756898588e+01 4.267126577234643037e+01 4.362921188821925966e+01 4.431981100408705032e+01 4.469764903029935965e+01 2.671937566682134957e+01 4.496830482755830616e+01 2.755889110658737096e+01 4.282354154074430852e+01 6.298914017892929706e+01 6.431028469691682403e+01 4.807121589710848042e+01 4.807121590470726602e+01 6.743255381909943935e+01 8.214595800797735592e+01 6.532320263269014049e+01 5.887046342594256743e+01 5.493981660998819194e+01 4.068865484097577223e+01 3.493391399478721837e+01 5.653650768922723557e+01 6.953555813540958752e+01 7.544018115817770820e+01 8.325655225036621232e+01 9.391916053404456477e+01 8.380149387015012508e+01 6.435703121073950683e+01 8.380149387015012508e+01 7.873033087693742971e+01 6.589106748685989601e+01 4.566116230553932098e+01 6.589534522006171358e+01 7.828781825172144693e+01 7.346354657874969973e+01
3.522376762110757653e+01 3.892803060293368134e+01 2.475986341024914239e+01 2.507156154237364376e+01 2.538053224414566955e+01 2.568693643154582062e+01 2.599135639743463955e+01 2.629431295711155769e+01 4.452397947029710679e+01 3.213562340852814714e+01 2.785773402838539781e+01 4.399339232715576742e+01 5.494549845010492817e+01 4.900767362782907099e+01 3.708197133389985112e+01 5.057170991250066550e+01 6.973512875657792165e+01 7.872048577781731638e+01 6.073398441851102092e+01 4.632087921043248002e+01 4.592355903898526037e+01 3.443601656774016817e+01 3.472476394781767084e+01 4.210964837089456125e+01 4.893265051071408323e+01 5.589466248664869141e+01 6.755763361555636948e+01 8.613217878815827078e+01 9.189798001285952012e+01 7.560357589723591332e+01 8.502066772834334074e+01 6.459572521216762198e+01 4.990845277295261440e+01 6.589488647988919467e+01 5.719404000792071230e+01 7.189559559702225044e+01 9.199160098874767755e+01
2.485936412289414932e+01 3.808333253037287847e+01 4.388531909043501855e+01 4.378466154373486319e+01 4.271788502079346728e+01 3.914212982772001936e+01 4.546919788173004662e+01 2.661715838564138892e+01 4.711323525256014477e+01 4.715720238658754226e+01 4.661910413883465054e+01 2.827179222687512805e+01 4.718482843571840135e+01 2.957697409276825695e+01 4.900661017794178775e+01 6.419661163382211555e+01 6.861076613067341157e+01 7.673983616927661444e+01 6.105845928407911316e+01 5.238295403870393585e+01 3.391808093752673159e+01 4.762883033318411208e+01 6.016582940948270419e+01 6.399778640118050532e+01 6.953480354089641935e+01 7.534482080519923386e+01 6.999854200337738064e+01 8.886633620359464203e+01 1.031394572236048646e+02 9.500005811416046697e+01 8.844462555164206208e+01 6.816253148515787075e+01 5.324136470862794113e+01 7.410286894220976706e+01 7.778156268983485688e+01 7.778157930149109234e+01 9.770539893276570353e+01
2.552476675455408994e+01 4.402947450302725940e+01 5.140578672947383154e+01 5.514868828483328400e+01 6.213731194358808096e+01 5.926439101658546349e+01 5.654342075935215206e+01 4.082925152373255884e+01 4.686407688272735328e+01 6.107795472612037457e+01 4.104593529454946577e+01 3.043909572858320445e+01 2.868334373216557154e+01 2.897305130258844486e+01 4.758913996015069614e+01 5.500246310921517789e+01 4.951364223747405191e+01 6.861078788885367885e+01 5.287063042779286803e+01 3.337563184431348162e+01 5.123984971898642016e+01 5.844442070925170185e+01 5.881728801056284084e+01 6.506790501925800640e+01 7.251627979047756867e+01 8.061375002066057505e+01 8.888462464844407407e+01 9.719564100728037204e+01 1.087421498048048676e+02 8.928443493646163631e+01 7.508985587562555963e+01 6.458354081819686598e+01 7.410301334945319240e+01 5.947192595179305385e+01 6.907205801413486768e+01 8.095090892801324856e+01 1.005682891157186276e+02
4.337056007477900721e+01 2.644110080999402967e+01 4.427602200145805966e+01 3.897388636675499640e+01 5.384394746879527816e+01 6.138932236384967922e+01 6.943151373578457708e+01 6.444705144820997589e+01 6.695634604290964376e+01 6.976731104779688053e+01 5.558578528653815454e+01 3.640684172211418002e+01 4.760425454330071915e+01 4.786005973226676957e+01 2.937915078976306305e+01 3.639736918572312874e+01 5.499555277950950938e+01 6.918273290917683482e+01 5.383257617208817436e+01 3.302457942263032464e+01 3.287004399158522716e+01 5.092127484099628987e+01 3.999147022034976828e+01 4.594546187914852453e+01 5.321282950486752128e+01 6.689849416719924591e+01 8.617345213178722929e+01 9.963335636922009542e+01 1.078061734239759915e+02 1.030192203991734914e+02 9.313885061305788327e+01 8.503519578933180867e+01 8.518007835367804148e+01 6.473669962527927169e+01 8.518008118105476001e+01 9.729141821294884096e+01 1.085647020469966009e+02
3.017037508568142812e+01 4.503252521228170480e+01 2.736097401746798141e+01 2.800051435303850411e+01 4.599961317057515942e+01 4.242531366528822900e+01 6.138230228042206704e+01 7.392860726592914489e+01 8.197457512527719814e+01 7.507186673088480688e+01 5.562220134590083376e+01 4.591649392369774318e+01 6.206252582557071662e+01 4.275335218291578343e+01 4.542478575174333599e+01 2.978386516166380460e+01 4.301293833837335967e+01 5.694130273994819902e+01 6.127240042443043677e+01 5.320824632052331538e+01 5.082241806359733260e+01 3.234577422058977447e+01 5.137303399745550081e+01 6.518054276673836966e+01 7.251730015687381581e+01 8.064894301833894019e+01 8.608427917169866816e+01 8.047199702590478410e+01 9.963585953462181521e+01 9.841296397746837954e+01 9.022351257115101930e+01 9.841317651286601631e+01 9.053292943692542849e+01 7.050440523734268083e+01 9.053292943930094339e+01 1.077469377187276081e+02 1.163936613462278018e+02
3.281807887806047574e+01 5.161198311160763552e+01 4.074537406871198897e+01 4.593634248164509160e+01 2.888490934982288039e+01 4.688150090498605493e+01 5.615099017483582600e+01 5.466595828478450869e+01 6.617944157710893194e+01 7.404095608118961991e+01 7.342037767330141662e+01 5.962661407275164294e+01 7.013191789184486424e+01 6.194188702900594734e+01 5.602118373161302145e+01 4.837401679990854575e+01 3.018931803066336172e+01 4.917585188348456171e+01 4.954683271788596954e+01 5.033490781122872448e+01 3.182438023268069216e+01 3.302941495401020688e+01 4.604594022322897473e+01 6.570858611693340379e+01 8.454368314664269235e+01 7.652775462839082365e+01 6.696878501937700889e+01 8.047202621736093420e+01 9.963862643324212343e+01 8.861452287304155107e+01 7.069949568876846513e+01 8.861452287908848291e+01 9.856160416730125462e+01 9.053292943930094339e+01 8.019093706329913118e+01 8.905032038607411948e+01 1.027852753013749236e+02
4.350580541510426968e+01 5.959025399363931541e+01 6.177290192195156493e+01 5.544899777052346224e+01 4.747113166324158584e+01 2.975522583661140175e+01 4.838154479893221094e+01 4.369331775329000322e+01 4.813803719873853026e+01 5.944851305189597923e+01 7.724434902631978161e+01 7.909206440852678099e+01 7.846899382651461963e+01 7.059454303427334310e+01 6.360440763396494646e+01 5.026687380163041041e+01 3.281892114936175631e+01 3.059886596351503485e+01 3.095135260152996182e+01 3.130883341458991609e+01 5.031744836634932483e+01 4.353612213988292723e+01 5.173611722545738445e+01 7.128332989135626008e+01 7.652775462839082365e+01 5.720871544599498293e+01 7.652775462839082365e+01 8.540852805089691913e+01 9.371430628964486687e+01 8.046149179755413172e+01 6.085302944451642304e+01 8.046149179642981153e+01 9.008099603942545741e+01 1.014095741548238578e+02 9.975597835248751721e+01 1.077469377164035649e+02 1.163936613458609628e+02
6.265327748556028098e+01 7.064330687480062920e+01 7.068267795781950724e+01 5.508349730399883981e+01 3.612751367702481531e+01 4.838154542066756392e+01 3.062785586957935280e+01 3.766474222313417641e+01 5.492998428078199424e+01 6.970354184499943528e+01 8.405834394627129313e+01 8.383795740608810831e+01 6.510894119408418135e+01 5.193194630467589690e+01 4.499935417923266812e+01 3.930455627516644057e+01 4.916586680181205082e+01 3.112831394948785757e+01 4.956937328193265557e+01 3.618683422852896570e+01 5.459789735917627240e+01 6.291470096044625393e+01 7.107022566462099178e+01 7.210821839132817956e+01 6.408554431421468678e+01 5.176818710017258240e+01 7.116979684173848852e+01 6.530394996242063144e+01 7.507706312666360304e+01 6.691469749888887009e+01 5.409627098767587228e+01 6.233252416511202654e+01 7.366033826881137259e+01 9.321042182094367945e+01 9.994603584989437195e+01 9.994603584989539513e+01 1.081770665073605784e+02
7.184841313106865357e+01 8.037823478721844594e+01 6.262376931692055848e+01 4.339977089491966922e+01 5.508349728862950911e+01 5.730172717362079737e+01 4.930563713310621665e+01 3.150948387534695883e+01 3.740369542583324858e+01 5.350781443280443028e+01 6.706968156869018571e+01 7.765993415084827234e+01 7.281949313752889452e+01 7.059454303665134489e+01 6.383216694093191990e+01 5.806797183619856639e+01 5.066320209237045447e+01 3.166813151795659920e+01 5.069529780269498787e+01 5.419859740239080281e+01 6.218766913334553692e+01 7.406573992976738907e+01 7.901985978055525095e+01 5.872797019161231447e+01 4.473192503987304036e+01 6.367539788461463957e+01 7.235091118195904869e+01 5.358308168410908934e+01 6.074802835013869640e+01 4.693240996540010457e+01 6.114258359842676782e+01 8.084981316094201986e+01 9.008099603075203277e+01 9.424883805237688250e+01 8.032060960419089213e+01 8.032060960419089213e+01 9.994603584989557987e+01
8.154773244757558359e+01 7.229261292317922027e+01 5.295492090272998809e+01 6.262375325124610015e+01 7.068255604530520486e+01 6.891815317024867227e+01 5.012110949696020157e+01 4.983450395149636591e+01 3.240472273300879635e+01 3.885349143452552312e+01 4.761059896429030402e+01 6.537238921054145635e+01 8.733147990292724216e+01 7.647057184920359418e+01 5.677365245905334490e+01 4.308661386445030672e+01 3.743893997967860798e+01 3.221618730274014553e+01 5.123948481718307590e+01 4.121798604587352344e+01 4.814926528934415018e+01 6.592231484677670039e+01 6.541276703840507878e+01 5.609457949034047886e+01 4.066474294966297975e+01 5.487563373366660358e+01 5.697864804778600245e+01 5.307957851509696923e+01 4.159694817364184161e+01 6.074761074171299668e+01 6.443095990690451913e+01 6.843584413027463142e+01 7.272566812416044968e+01 7.734672383463119161e+01 6.656568945105988178e+01 8.032060960419089213e+01 9.994603584989560829e+01
8.600129002705288883e+01 6.661429790177777477e+01 7.229261638678588042e+01 7.458908384785276269e+01 6.713726415518574697e+01 6.337868262649499229e+01 5.961648286632365057e+01 5.055394315032445718e+01 3.304664139928613054e+01 5.253332529613775392e+01 6.690219313532242040e+01 7.731464288014234398e+01 9.031031230190438919e+01 7.074540801366654819e+01 5.677374451897379970e+01 6.226960231928851641e+01 5.370940199074343724e+01 3.527046821957679157e+01 3.300516759343811657e+01 3.356173709819900353e+01 5.237813934043004593e+01 5.385966565955810381e+01 5.382668005411215262e+01 3.621377704158978617e+01 3.675988875982762494e+01 3.730954063784247410e+01 3.785910274926281716e+01 3.841012498403093645e+01 3.896318520799547969e+01 5.698388376431989855e+01 4.493424920828461921e+01 4.881599849574806171e+01 5.306722496925819144e+01 5.774124487789863025e+01 6.909570863095319737e+01 8.861782020986677821e+01 1.007336652955971488e+02
9.414218722667563100e+01 8.600129003958402052e+01 8.038131900960078724e+01 6.713726415518574697e+01 4.866235014830771632e+01 4.483148485926814431e+01 4.158527801962631543e+01 4.968570942124866718e+01 3.369445839528844999e+01 5.307266360671336258e+01 6.495843287360285956e+01 7.357533614377953768e+01 8.517506094141590722e+01 8.463003113056238647e+01 7.475093095563160261e+01 5.523435996004253212e+01 4.131993201182779529e+01 5.421783130688027086e+01 5.200410065018655104e+01 5.063139223195599214e+01 3.434173080432302072e+01 3.489178994825827829e+01 3.543694791546145950e+01 5.146112199181298053e+01 5.570235710815605756e+01 5.674980021331251123e+01 5.134546481620940739e+01 5.760358868292197343e+01 5.819069106779775780e+01 3.976086378591347881e+01 5.903310066295509273e+01 6.843584411821493063e+01 7.272566812416044968e+01 7.162123426079340049e+01 8.549465781352725458e+01 9.680825921306960424e+01 9.392653469974203517e+01
9.099146360794459554e+01 8.484628689015011105e+01 7.292066579767904955e+01 5.501885453901992662e+01 6.713726415518574697e+01 5.811943632451136210e+01 5.596733352705854969e+01 3.732139820546719022e+01 3.434638867930257078e+01 4.798360205620950580e+01 4.600395510853131498e+01 5.712140870203543130e+01 7.685680074223185443e+01 8.270128591875898394e+01 6.321863542905607147e+01 4.938937387345594487e+01 6.095133282964603438e+01 6.903488036048516108e+01 6.014610881683915267e+01 4.089038912205637644e+01 5.341929462795593508e+01 4.823323087769811934e+01 5.439402230312744990e+01 3.938871405244692170e+01 5.807982176099729088e+01 6.968250933233851185e+01 7.124887158346714955e+01 7.133258180616952870e+01 5.343415400668766324e+01 4.033466137810728469e+01 5.963780525119866383e+01 6.845280054926102764e+01 8.218216860115575173e+01 9.116927894906909557e+01 8.659772717828825250e+01 9.478454556675977472e+01 8.785003273863956963e+01
7.361027892596540312e+01 6.762022673420169383e+01 6.230681406226256058e+01 6.655488422186563469e+01 7.956790542462012183e+01 7.606112609718800854e+01 6.475462559630437909e+01 5.631031248004940437e+01 5.322787189083411619e+01 3.528993839317488579e+01 5.420923854483302762e+01 6.969935903296781987e+01 7.779910641296837071e+01 8.484644956175760910e+01 6.534917380978609458e+01 6.321910538028410542e+01 6.321860985069159966e+01 8.269965190360194640e+01 6.534181629619254750e+01 4.590812248912406091e+01 6.531841020550484700e+01 6.785384248157795639e+01 6.640853006786736046e+01 5.833399852921353812e+01 4.359774069086128634e+01 5.702649077591845383e+01 7.570476027804734542e+01 7.347518872064775053e+01 5.392414792484593988e+01 5.963778927697630650e+01 4.115354793462406491e+01 5.474925944705847769e+01 6.942772504138842748e+01 7.273236329438768166e+01 6.698928282836911308e+01 8.659772717828825250e+01 8.227766360809724233e+01
9.099146360794459554e+01 8.484628689015011105e+01 7.965243436771534391e+01 8.248092227264523046e+01 8.501345799631019418e+01 7.049737061159969187e+01 5.901537717333054900e+01 4.012439503763365423e+01 3.805067361413347982e+01 3.595784017153397372e+01 5.491785655252255083e+01 5.027402411607734933e+01 6.969933922105758484e+01 8.426609892244771061e+01 8.484644956175760910e+01 8.272778659865808493e+01 7.698556464504058283e+01 8.134755995851648436e+01 6.174981830028045238e+01 5.271497927903305225e+01 7.224628590020542163e+01 8.279401066318244773e+01 6.837805701516063550e+01 4.922463491219421883e+01 6.264437321157730310e+01 5.173310156296087570e+01 7.077414081278104163e+01 8.173122822529248310e+01 7.356654259445056709e+01 6.680035283026505510e+01 4.743796301732786702e+01 4.198037185284788109e+01 6.134059742661631986e+01 5.309575802211706019e+01 7.273179891173060696e+01 8.206720126406546001e+01 7.398600840508146348e+01
9.122449868346011215e+01 8.439415048165558630e+01 7.924815541292714727e+01 7.456229782193275923e+01 7.020533319726104082e+01 5.733286112607147800e+01 4.309911603491899967e+01 5.901538414650779174e+01 5.105528467551980043e+01 5.491785721051682145e+01 3.694299823246277015e+01 5.596312871024637303e+01 5.684315911499376028e+01 6.923555596710608029e+01 7.739292680257507584e+01 8.866922215152526121e+01 9.649126701034133191e+01 8.962728690335055148e+01 8.040720902910753409e+01 6.247268957344086004e+01 8.040720902910753409e+01 7.472520129426536073e+01 5.552434150452295825e+01 6.835678632720951953e+01 7.639913584603726804e+01 5.811960927492225437e+01 7.712152969152020887e+01 9.152909004471028709e+01 7.227171334386034118e+01 5.865442657055667297e+01 6.680026892336043431e+01 6.136469839775560331e+01 4.280986103922220565e+01 6.208251647542279983e+01 6.612970062464161458e+01 6.934286089009852105e+01 5.348242414720091631e+01
