MOVIE_S4_data/elevation_000138.asc
nrows	100
cellsize	150.0
xllcorner	0
ncols	100
yllcorner	0
NODATA_value	-9999
[rows 68 to 84 of 100, columns 0 to 36 of 100]
7.700916269626027766e-02 6.107236054251507618e+00 1.243179137458821160e+01 1.999108083477262454e+01 2.999108083477244691e+01 4.413321645850282948e+01 6.413321644771561125e+01 7.466914440469030012e+01 7.403718136539276884e+01 6.228918555239043542e+01 4.685127896661525426e+01 3.801170078822319454e+01 5.453623787157399505e+01 5.833105846944305739e+01 3.858466992672875762e+01 4.427806552764880621e+01 3.354484604146914961e+01 1.493633515081128138e+01 1.625437755734703060e+01 1.869246817014504103e+01 3.866557362995354197e+01 5.041226380554376618e+01 6.360770638234782837e+01 6.686514893383969138e+01 5.891833375638250203e+01 6.337346678870876104e+01 6.873157130914795232e+01 6.825963306691106425e+01 8.343574392498328507e+01 9.309398531417836864e+01 9.492800635856194447e+01 7.565663431230095171e+01 8.130101473633659737e+01 6.326235547165182993e+01 7.671929340378270012e+01 9.615507313926116240e+01 9.073497967447761425e+01
8.069533752736411658e-02 2.008069533752700764e+01 3.243179137431274484e+01 3.814690349503573685e+01 4.369390546554180332e+01 5.001846079796115419e+01 5.757775027751836916e+01 6.586201545187584827e+01 6.550712103419925825e+01 4.526060578516078436e+01 3.381311408001378993e+01 2.576521247404669523e+01 3.790144607851476621e+01 4.633647241543419426e+01 4.428154547425845777e+01 2.479473143657723355e+01 3.326644419057112145e+01 1.463550784288100814e+01 2.742077066230106652e+01 3.789568859133253653e+01 2.354187628954383271e+01 3.720994846252779098e+01 4.988808456882363629e+01 5.314967743332913130e+01 4.051157400596530067e+01 4.481251066535618577e+01 5.004114874111862576e+01 5.656078647832030271e+01 6.589050804552088891e+01 8.490518649149076680e+01 1.031352966556030992e+02 9.492800635856198710e+01 8.994473881204521604e+01 7.052780432593105786e+01 7.951977447514566677e+01 1.002832706630441777e+02 9.626511484822935927e+01
8.761414646403616058e-02 2.008761414646368237e+01 3.084393605317509923e+01 1.814690345994051768e+01 2.369390542219290552e+01 3.001846074252977559e+01 3.757775020271458288e+01 5.171988582737520090e+01 7.171988592951981900e+01 6.228918555239043542e+01 4.590150230626831274e+01 3.439463925960159685e+01 1.802845380918454410e+01 3.303241703116903949e+01 3.322860897830212679e+01 3.291199247198089495e+01 1.420948207522038942e+01 1.864568896966923717e+01 3.525092333310927017e+01 4.703698337488909686e+01 3.483705344981882490e+01 2.840557589520179960e+01 3.172097001721002130e+01 3.495748144767884469e+01 5.314967743332913130e+01 6.337349765711902450e+01 6.251534342991571691e+01 7.539117708758551828e+01 8.343946547451635354e+01 9.301001239118019726e+01 9.038203980554740724e+01 9.855996751661031396e+01 9.816185961020178752e+01 8.168484486043784898e+01 9.804819354374329521e+01 1.080525012423320845e+02 1.010997376089347455e+02
8.635282826207266171e-02 2.008635282826171675e+01 1.084393602653817368e+01 3.084393605317509923e+01 4.369390546554180332e+01 5.001846079796115419e+01 5.757775027751836916e+01 6.586201545187584827e+01 5.612914082982613451e+01 4.473367367768874914e+01 3.476133802573054510e+01 1.255357978721527523e+01 1.286006698816058069e+01 1.316959121380589259e+01 1.347765996554299051e+01 1.378221898875719198e+01 2.122083152380522009e+01 3.645560299200956678e+01 4.736839416846545703e+01 6.100152495668095298e+01 5.321340823907787865e+01 3.758699162986783193e+01 4.988808456882363629e+01 4.765782068113981040e+01 4.534667421304302337e+01 5.643281545420300205e+01 7.693816771883165018e+01 8.827436838784690565e+01 9.339090011183564854e+01 8.712647393856704525e+01 7.048531399498519079e+01 8.712647393911527161e+01 9.591652735266838192e+01 1.012275610625620743e+02 1.095251509712441731e+02 1.050403703637847741e+02 8.846676272936328189e+01
9.478645523280027074e-02 4.177269359871448096e+00 1.312154126987068281e+01 2.466854665368362021e+01 4.466854898548691466e+01 6.432376293494719732e+01 6.509351694634277408e+01 6.669006360567894376e+01 4.003605160394756979e+01 2.186474704475946496e+01 1.212616272162951070e+01 1.703972741405917546e+01 3.058005858116298725e+01 3.220186100171303423e+01 3.307960535522739320e+01 1.492672999236756404e+01 3.388079336153431598e+01 3.176808409598564964e+01 4.241604314351079807e+01 6.245010258827640826e+01 6.387535326543152081e+01 5.597106029357041024e+01 6.390221152046176911e+01 6.641888434149211662e+01 6.447969091986102796e+01 7.266667376941374812e+01 8.567424429423378740e+01 8.736676604163824322e+01 7.304304023109996535e+01 7.889983123058537728e+01 5.893822409535908236e+01 6.770070445544801885e+01 8.763456477675137535e+01 9.997518599090898306e+01 9.150543250156646025e+01 9.360885467843453966e+01 8.495704813316082493e+01
9.525764315303594798e-02 1.164226302694545190e+01 3.164226302694509485e+01 4.140584432539966997e+01 5.295294078275522764e+01 4.463545137156027209e+01 4.624590336365875487e+01 6.509351606543953039e+01 5.612911397503146560e+01 3.425382896650844344e+01 1.180601584956251671e+01 1.170965636067227145e+01 2.890657477805020648e+01 3.591045993720897656e+01 3.970329106002857600e+01 3.403362226344758312e+01 4.216015824617503682e+01 5.065753100060916125e+01 5.919829986211005490e+01 7.142216071780882203e+01 7.581165967491614310e+01 6.823100938284495953e+01 6.512751736812012382e+01 7.121947643064116562e+01 7.841919920751108464e+01 8.378505079118004062e+01 9.103541724341367569e+01 7.720219344212934232e+01 5.858750125091082595e+01 7.135686962979072234e+01 5.142611709928635833e+01 7.135508055763796165e+01 8.558518513544191819e+01 8.805590822273974538e+01 7.077903992316673509e+01 8.198799239938703920e+01 6.318526657407483782e+01
9.788009848798670531e-02 2.009788009848763224e+01 3.992653427440634317e+01 4.904430658468282189e+01 4.080779129545497597e+01 3.084883605661270778e+01 4.463545137349219516e+01 6.432376680259037016e+01 6.792038865260394687e+01 5.470518526928549363e+01 3.671962739017697430e+01 1.710718515804155260e+01 1.131164978423003298e+01 2.942411572541431397e+01 2.854885357208925356e+01 2.354330123187592605e+01 3.429404169502401345e+01 5.017995394946759546e+01 7.138867360474573331e+01 7.106189027457476470e+01 6.276198414644878198e+01 4.910446172693217193e+01 4.619671535769511195e+01 5.256794034887974476e+01 6.159598346036613492e+01 7.812726465516574592e+01 8.324152806866369758e+01 6.059057419881884954e+01 4.860603582800603562e+01 5.904874164670850689e+01 4.605841649039339103e+01 5.740165437710825103e+01 7.734234537168975976e+01 7.884344192667994378e+01 5.892353618414288974e+01 7.339621826412913208e+01 5.251898094725875410e+01
1.029007262483629948e-01 1.424503695876234133e+01 3.424518125655519185e+01 3.283656059379798364e+01 2.103214162066270276e+01 4.080779129545497597e+01 5.095767733404711919e+01 5.923473260096901782e+01 6.922245317729978353e+01 6.746763280602118584e+01 4.962751240670939268e+01 3.758104773867546555e+01 1.103813190111315556e+01 1.174701804554909756e+01 1.182010252954935936e+01 3.210842443544939329e+01 4.831362377326178859e+01 6.287047215619617901e+01 6.786823335994186834e+01 5.905084443196784605e+01 4.291324007962764142e+01 3.795886586022059817e+01 5.720066977765421257e+01 7.096573288188494644e+01 7.841919920751074358e+01 8.554356321503517790e+01 8.542981762390250822e+01 7.309007654756602790e+01 5.323263030033084675e+01 3.971494353799682386e+01 5.904874164910004453e+01 6.431328703396535218e+01 8.417713505877635782e+01 7.031950870949464161e+01 4.989483577237353273e+01 6.625868105903853689e+01 4.581379890904732122e+01
1.090813040483475660e-01 2.010908130404799365e+01 2.754294455757027293e+01 1.291931516184990869e+01 1.824737817825964825e+01 2.398981513493387752e+01 3.101716711243679470e+01 4.097286165637035538e+01 6.094249224205898940e+01 5.904091201948433110e+01 3.983735854378636532e+01 3.304820215430071784e+01 2.847513362070954912e+01 1.064400191403829687e+01 3.050757136770227262e+01 3.445094408240667860e+01 4.793102797101136758e+01 5.707609903761412085e+01 5.411981521124756966e+01 4.037142793983974798e+01 3.163091601149631416e+01 5.104185403362301798e+01 5.368757190820518588e+01 7.283215038899048466e+01 8.401289518344445639e+01 7.553935871806017133e+01 7.724587030879686722e+01 5.698602396890301947e+01 4.574859615158908355e+01 3.659547978217225506e+01 4.472789766702243242e+01 5.849602661317071295e+01 7.835739603770394979e+01 6.309600624650282441e+01 4.250309598190414562e+01 5.413307656835134196e+01 4.018065842307908753e+01
1.124699208350869450e-01 2.011246992083473017e+01 7.580701897258273370e+00 2.754310000298726280e+01 3.815786092844390254e+01 4.390764237171270423e+01 4.390764236878379023e+01 5.923473260096901782e+01 6.922245317729978353e+01 5.582319714544093614e+01 3.522095109450086170e+01 2.377185734483004609e+01 1.686493054246291834e+01 1.036440298993083786e+01 2.930222983315588081e+01 4.146015074983858995e+01 2.802481950865377058e+01 3.856878793721898546e+01 4.150772855780931536e+01 2.659932427108908826e+01 4.606743332855405981e+01 4.392805836358305527e+01 6.328305482264918425e+01 8.073062060171389476e+01 7.197529411301312052e+01 5.514949995656436244e+01 7.197529411385960429e+01 6.756340498834380526e+01 5.257820503002397317e+01 3.388713392056128271e+01 5.257820503002397317e+01 6.902381735067629620e+01 7.923100273472944366e+01 6.729328830509074066e+01 3.528216808277071692e+01 3.463368482000931436e+01 5.413307656835134196e+01
1.143247760050987577e-01 3.164278751477406004e+00 2.315101495227268558e+01 1.651057799763933787e+01 2.648475445840373865e+01 3.800707073386648460e+01 5.798903164460808313e+01 7.215244472775820839e+01 6.846915846031537001e+01 6.457650269628067008e+01 5.259220667267662463e+01 4.366191818785652146e+01 3.058604940021090357e+01 1.008885451133486200e+01 2.950851297346168067e+01 3.178654869828822171e+01 1.621592655853196874e+01 1.912333839506562327e+01 2.205350415173478851e+01 4.150772855796238048e+01 5.411981556497362078e+01 6.328305491572967867e+01 6.328305491572962893e+01 8.262185456374822934e+01 6.346967376963540630e+01 4.440691062031073244e+01 6.030444991420204559e+01 5.088487726953325563e+01 4.036691430943902503e+01 3.121226394964141448e+01 4.162484103479089725e+01 6.084134736414398503e+01 5.946501389009563354e+01 5.488556403093472369e+01 4.653555774674957490e+01 3.138667740770734227e+01 4.238815665585016745e+01
1.246997244282603834e-01 9.006283083585712390e+00 2.860433093330895815e+01 3.646859779612929486e+01 3.061883089229343469e+01 5.059118439209104423e+01 6.626997995477010761e+01 6.251397772546744847e+01 4.794001595354808387e+01 6.251396471426829038e+01 6.195327896660464262e+01 5.037454093254934406e+01 3.115154375279341536e+01 1.042253100897944051e+01 9.700334207004759790e+00 9.308470544031228755e+00 3.187898059812587093e+01 3.856837943957363279e+01 4.150772855781560366e+01 3.730750524660764711e+01 5.595520107762242645e+01 6.565740466539568843e+01 5.722766978030225715e+01 6.565740490271301155e+01 5.628358395608627518e+01 3.755039742884011389e+01 4.733410683731008106e+01 3.292320534393868314e+01 2.748214122767220147e+01 3.793885020868320623e+01 5.688496237050223669e+01 6.525433798583118516e+01 4.572684850993890393e+01 4.653477769554484667e+01 2.741421318464135837e+01 4.250350433185094801e+01 5.032781454283387745e+01
1.222495852330377081e-01 2.006845640795934216e+01 2.443100529154122569e+01 4.113356526261355128e+01 5.059118439209104423e+01 5.887095665517930598e+01 6.383576024934313864e+01 5.335334887250443359e+01 3.347658150920381814e+01 5.335334887250443359e+01 5.352061217502672719e+01 3.338503628299811510e+01 2.175224121077009798e+01 3.099906847581914349e+01 2.913594185667005121e+01 9.312499353212626119e+00 2.900026633817781629e+01 2.965931984986276149e+01 3.782962497741997510e+01 5.349311426468374009e+01 6.389537577898352794e+01 5.573328472988043814e+01 3.758775448641524974e+01 5.573328472997118155e+01 5.588632275650204662e+01 3.896873016443591808e+01 2.884717859856082001e+01 2.386157336429726428e+01 4.266225422195316241e+01 5.396513561563869388e+01 6.502160214271316363e+01 6.525056551155238083e+01 4.572675317889726898e+01 3.234713993860391668e+01 3.813468423476182778e+01 2.358150939364704257e+01 3.607704639922948786e+01
1.242739267172789652e-01 1.435995653019234553e+01 3.506920889776085914e+01 5.071493244502858033e+01 6.070348224060698072e+01 5.323026638838570790e+01 5.297153497735379091e+01 3.629178612694800421e+01 2.459297050896970660e+01 4.480394525664953420e+01 5.810164090580508400e+01 5.037456624529877303e+01 4.192070784940313644e+01 4.021302448290347797e+01 2.033480942185792628e+01 2.233798325540892549e+01 8.928547999444417016e+00 9.952162188667234233e+00 2.235229536590637878e+01 4.554386881362589179e+01 6.333212446490267666e+01 4.740771213326454614e+01 2.796720147070461593e+01 3.768745680753317373e+01 4.192839258021994908e+01 4.737613291362274026e+01 4.019764087833767974e+01 2.132148279157303250e+01 3.469006767638141042e+01 5.358119718904875839e+01 6.214402762486776055e+01 6.023467641486373481e+01 4.815626109996141935e+01 4.021462326560882872e+01 2.249278519822422595e+01 4.010607549980905873e+01 2.469259116921928054e+01
1.363277786145862258e-01 2.013632777861423051e+01 3.533556469979873782e+01 4.400639739745078316e+01 5.163081154124763117e+01 2.884080093679284928e+01 2.967433342229353954e+01 3.806695367619830961e+01 1.873319772040523645e+01 2.911414707393463530e+01 4.948177496880578730e+01 6.767893474874357196e+01 4.839673789304188745e+01 3.448510005213128693e+01 3.957285069191770788e+01 2.683481342542125248e+01 8.657719427740564910e+00 2.775129605223347085e+01 2.352165337367459230e+01 3.684779292410178186e+01 4.748102424291421642e+01 3.768963887534361845e+01 3.117373733909238709e+01 1.813039894272964858e+01 3.255121225473563840e+01 2.752407285478796339e+01 3.478451475524997960e+01 1.900705716619747321e+01 3.813178178761388182e+01 5.238707990653069402e+01 4.272378191793304580e+01 4.689394074097859288e+01 3.353904543930076443e+01 2.139264462616077722e+01 4.023554511277524881e+01 4.821143836501093460e+01 4.341296698113943364e+01
1.385108665542580109e-01 8.226000993685721241e+00 1.858699498032423847e+01 3.334556938192685038e+01 4.198852757684054637e+01 3.306927210811516460e+01 1.528296795613969650e+01 2.735386511709453572e+01 1.527745287297296528e+01 2.906670220490505230e+01 5.142882927993937869e+01 6.099853189890577454e+01 5.334556738639811613e+01 5.404436259588500491e+01 4.276705082701046479e+01 2.696710873703286637e+01 8.387530625952409835e+00 2.139700169267459628e+01 3.865610853320436746e+01 5.020759885001842093e+01 3.710236361463754662e+01 2.157884601167269523e+01 1.108981278967409345e+01 1.180160102576140169e+01 1.252739236151977842e+01 1.326144568533042900e+01 1.567193179074785192e+01 3.305772390119118853e+01 3.309018485562095435e+01 3.382450441245295991e+01 2.932372486541974510e+01 3.813366382688499101e+01 2.027481844503337527e+01 3.918321552695171306e+01 4.829676007278231964e+01 4.609645311379536281e+01 2.723239915532447242e+01
1.449534828613714132e-01 2.014495348286101617e+01 3.533549269412068838e+01 3.271782708648465388e+01 1.832342515167103514e+01 2.314919241007023487e+01 1.115459176063580848e+01 1.177798018078521203e+01 2.735386383481361960e+01 4.125902878706449428e+01 3.780526962708395899e+01 4.768262994854060111e+01 3.181371225381736068e+01 4.788425409773750374e+01 3.699669186041359836e+01 1.813709769051703447e+01 8.119456940556720070e+00 2.089468709045015160e+01 3.822221862591073460e+01 3.737562992513652205e+01 2.925877214722571296e+01 1.009830601212432555e+01 3.015517357693665090e+01 2.606193073394000592e+01 2.651234182160417419e+01 3.318254317353253668e+01 1.436237839694474161e+01 1.514403790765929436e+01 1.597804826713215576e+01 2.583675892443983813e+01 1.832204260345838520e+01 1.914008338324896741e+01 3.813421065470023308e+01 3.356067870684308474e+01 5.275735386151749395e+01 4.700627633846899300e+01 2.810770799132151865e+01
