MOVIE_S4_data/elevation_000165.asc
nrows	100
cellsize	150.0
xllcorner	0
ncols	100
yllcorner	0
NODATA_value	-9999
[rows 68 to 84 of 100, columns 37 to 73 of 100]
3.117978523268473978e+01 3.731857896233530880e+01 3.768129758988927591e+01 1.838847164961095615e+01 3.266403082515204659e+01 4.573701461765106302e+01 5.468261659207369974e+01 4.765524949003414434e+01 4.186013214613629430e+01 3.289289488612835299e+01 3.587264139585958134e+01 4.186916818214979941e+01 2.217739700033385830e+01 3.273001443046604209e+01 5.008695271858246656e+01 6.518132682337189010e+01 6.685577769455142061e+01 7.234111600574729550e+01 7.576180151255357487e+01 7.024441138886635372e+01 4.864977069022838663e+01 4.789195830433381929e+01 2.792075180449504401e+01 2.841445399962780982e+01 3.258613458995377954e+01 3.929057807399051683e+01 3.036210640178391529e+01 4.755335779037234545e+01 3.400917193297901520e+01 3.607686058381451488e+01 5.570560557509699606e+01 6.669604028964451459e+01 7.542844876959361500e+01 8.379047704995926438e+01 6.839793394472954446e+01 4.997087984969451924e+01 4.062553072168393697e+01
5.138857079430598418e+01 5.206084005460821373e+01 3.237064325635883932e+01 3.806606678223084117e+01 1.891432827871942379e+01 3.623053315150428233e+01 4.426968716335685627e+01 2.394760802203317240e+01 2.098281570305182697e+01 2.134406470523411059e+01 2.170540446541918911e+01 2.206755075700906232e+01 2.243229084841209442e+01 3.934973980662304172e+01 3.726059869582269357e+01 4.691438450013681916e+01 4.987823081011900683e+01 6.468668337577059901e+01 5.226490744574027048e+01 5.591245486221900052e+01 4.758028850315879055e+01 2.724258362418517976e+01 3.954932526433704254e+01 4.842788239121616556e+01 3.252531317445989600e+01 5.089615740164163782e+01 5.026651279847413889e+01 3.110073858734778796e+01 5.096611988502106527e+01 5.237994649601112940e+01 5.445373334033070734e+01 7.194887158130792670e+01 7.263033286795850074e+01 8.112256994688301859e+01 7.646262467470340596e+01 5.902677155223113914e+01 3.971181135281813113e+01
5.805925995884072677e+01 5.993525021438126998e+01 5.204563124367643923e+01 4.604383517547103111e+01 3.859065355119199126e+01 1.943381761451897916e+01 3.915966030336073800e+01 2.047019922855836782e+01 2.767647083079668135e+01 4.082115150695187111e+01 4.079126055771268256e+01 3.653536570674467754e+01 4.240793572979188752e+01 2.295472798862068586e+01 4.297141861571730459e+01 4.359647574695109995e+01 3.890599718004422414e+01 4.861073396401333468e+01 3.617811855380288222e+01 4.556746548392747087e+01 2.657454908447083852e+01 3.340847286411088390e+01 5.088618267127125705e+01 5.267915938540688359e+01 5.710530753340425747e+01 6.707051705845228184e+01 5.621080038405157353e+01 3.684232315232450361e+01 3.187185750324433542e+01 5.161242630030529455e+01 6.027911168125420716e+01 5.901672880704520452e+01 5.342661868094744904e+01 7.258962242580643931e+01 6.516487203641692361e+01 5.700424079532370314e+01 3.875023244781281306e+01
4.497351384722992407e+01 6.353701412273091620e+01 5.345490244604680186e+01 4.209948465901454284e+01 2.212735110359334456e+01 1.959366006629350920e+01 1.993651417581921237e+01 3.776401362118039629e+01 4.600193048698054810e+01 3.876011489773427598e+01 5.601911224665622768e+01 5.726903241401594613e+01 5.108323630922522085e+01 4.296203712471723435e+01 2.348131616245634135e+01 4.351686433805770093e+01 4.069317066588236997e+01 2.504898284516418272e+01 2.546406717696598321e+01 2.591951478296767064e+01 4.433124032491455324e+01 5.090235728549958338e+01 4.412279685477565039e+01 6.136339136990709164e+01 7.717478566565667109e+01 6.479170561157505404e+01 4.560426021057919144e+01 5.621082254237603593e+01 5.166535810098904591e+01 3.265091846037895351e+01 5.226412858917321103e+01 3.387830904796610554e+01 5.881220365487182988e+01 6.397673870912220906e+01 5.581112333732627206e+01 3.745232345062386514e+01 4.894156903579555262e+01
5.291421480884733342e+01 6.130926018340753103e+01 3.892847206724244558e+01 2.512895340364737251e+01 4.210226737505818306e+01 4.062963213406143836e+01 3.934717886582885882e+01 2.487436943007339707e+01 4.435687830624051742e+01 4.881789002345887951e+01 6.313545033298225917e+01 6.510864978079965226e+01 5.144994363335985099e+01 4.140787040587137824e+01 2.348552173569125756e+01 2.405674098982695952e+01 2.446568738269726495e+01 3.698882875527824865e+01 4.420641214629265647e+01 2.682834210175126088e+01 4.565525185305393308e+01 5.568105508400434189e+01 6.135486908677131623e+01 5.807784973318958777e+01 7.600821978802562739e+01 7.158567023803398399e+01 5.236943640423074697e+01 7.158567023808468832e+01 5.996068856901987232e+01 3.412193457250461393e+01 3.344023114374697769e+01 3.400258674912224421e+01 5.364654014471484089e+01 5.488200189904078030e+01 3.637626272600351740e+01 5.581893203629261535e+01 6.397784131001890984e+01
4.844376715710332348e+01 6.526064920744154563e+01 4.757400994319872467e+01 2.738830419849480080e+01 4.757400994319872467e+01 4.975090499202205763e+01 3.033654051663483742e+01 4.461473199852481741e+01 5.270703601900743251e+01 6.507207208356057038e+01 6.896387736570642346e+01 5.742270314783861807e+01 3.729804248775729292e+01 2.564585340128835966e+01 4.441305584666013573e+01 3.875891541870690560e+01 4.185095963654491413e+01 3.657858379950932459e+01 3.845291852285479450e+01 3.908173919176903865e+01 2.816082960662116008e+01 4.677576067002277682e+01 4.979006113751549378e+01 6.932338770420787455e+01 8.402236794766248806e+01 7.977629809053865984e+01 6.334134205591941935e+01 7.977629821786412379e+01 6.698072901771577392e+01 4.733557230150366735e+01 5.318577298095715378e+01 4.643808382478631813e+01 3.479910343559274111e+01 3.536414652021367289e+01 3.607677628873086917e+01 5.553183782495011656e+01 5.559982354430384532e+01
5.937923856688347257e+01 6.534463395849739697e+01 4.432982335445314703e+01 2.975142084890886807e+01 4.838081712414929569e+01 5.764024272744550359e+01 4.975090499200175742e+01 3.630685131105269647e+01 4.748652622763042075e+01 6.614611295680222725e+01 7.695399827557385208e+01 5.455954774115838291e+01 3.863751760894684395e+01 2.656708667342742203e+01 4.670258659840644100e+01 6.015943950741592516e+01 5.871895106967970435e+01 3.973453534297819800e+01 4.864690152098239651e+01 5.117268253661798383e+01 4.840479381528349734e+01 2.966063199583730992e+01 5.000521970257629789e+01 6.335902211994304878e+01 7.156850826794078557e+01 8.296367037040951686e+01 8.284763197232356902e+01 9.111474083706582405e+01 7.571651568706927549e+01 6.720216726089934411e+01 6.073398514363397993e+01 4.141845155085061236e+01 5.436917918786014070e+01 5.482113287301707771e+01 4.387533066111453195e+01 3.706813933532759364e+01 3.776166451627506859e+01
7.308681028832749860e+01 6.644481974748957498e+01 4.651482106225247293e+01 3.221480022750738215e+01 4.740123604715852679e+01 6.949866834194664023e+01 5.968228220708588339e+01 4.089746516434204437e+01 5.968236914706285745e+01 7.414070606827682752e+01 7.476621954584159369e+01 5.422346323358754461e+01 4.779203718672629719e+01 2.756584066834310320e+01 4.779179240056637923e+01 6.439912314434391760e+01 7.191925124757759136e+01 6.522315464053320966e+01 6.569003372205301616e+01 4.985433983304251626e+01 4.011418665483807189e+01 3.082159432328001003e+01 5.108895573396426215e+01 4.356169714614621569e+01 5.505133768013480022e+01 7.470823326322292246e+01 8.037791643245259365e+01 8.866213053373321884e+01 8.864302657352519077e+01 6.876578037064095383e+01 5.499587049183076459e+01 4.693703323727565646e+01 6.633311924264658899e+01 6.970284242424938270e+01 5.123994313575108350e+01 5.644923785971786856e+01 4.470435972899449695e+01
8.671317819612836786e+01 6.471681065341476824e+01 4.672319771186295156e+01 3.477938635737437068e+01 4.900179433681547891e+01 6.887063435115317134e+01 6.482224751028188336e+01 4.628859486397465162e+01 5.624672419932553424e+01 7.496888058029827562e+01 6.885157911536644804e+01 4.817405636021621262e+01 3.486768746080806380e+01 2.862369468132411754e+01 4.848217434058467745e+01 4.498187238581830627e+01 6.442718765996558261e+01 7.725204328153579070e+01 6.447787729797516931e+01 6.372019693171459664e+01 4.386212527658110361e+01 5.114309362460605968e+01 3.256478489549678557e+01 5.277829787329463329e+01 7.156850817780269836e+01 6.988768014545051699e+01 6.075241741617144697e+01 7.199379599969387300e+01 9.183065671422892251e+01 8.287087545964530477e+01 7.251814161519013169e+01 5.295958101467752499e+01 7.251814161519013169e+01 7.871953718116419907e+01 7.036536974462556771e+01 6.329634527946415545e+01 4.392479525333187951e+01
8.575699679392464247e+01 7.559341971864778031e+01 5.739110453371008447e+01 3.747218309143868709e+01 5.741219267173069341e+01 7.355584415991181402e+01 5.502757712887012076e+01 6.482224751028188336e+01 7.277849805639453962e+01 8.307709194943018360e+01 7.477906776508557130e+01 5.422497519534915966e+01 5.422113799841399384e+01 4.884066212224749393e+01 3.018202731506965009e+01 3.800278087634637814e+01 4.815242033958377732e+01 6.911926317863698443e+01 7.676055331232296908e+01 7.221424850056536116e+01 5.796141276000806641e+01 4.816034768448318459e+01 3.381296621473688901e+01 5.394737178852690818e+01 6.112408333110332137e+01 5.029163558852271620e+01 6.988768014538842976e+01 8.866212390932739140e+01 1.001592150365496394e+02 8.656199555836593618e+01 6.670098684507564712e+01 6.670098684507556186e+01 8.079719406869253362e+01 8.432402249580444220e+01 6.906726472654410998e+01 4.949712472847851075e+01 6.329634527946415545e+01
7.747685667405502841e+01 5.764009473888770430e+01 4.795974240219599238e+01 4.019695707274480156e+01 5.423479459352140708e+01 7.417258695569762494e+01 7.355584415991181402e+01 6.553198730096359270e+01 8.451583330362119284e+01 8.253275791194838007e+01 7.262323880115248187e+01 6.438345881672645987e+01 5.187362258177437724e+01 3.178135886521636522e+01 5.034819523813833086e+01 5.815504841440373696e+01 6.694265139043353940e+01 7.831834105487736508e+01 9.447381495824070896e+01 8.593165275068173514e+01 7.578984843813132954e+01 6.015414065094736173e+01 4.013466201180764870e+01 3.559908254851236364e+01 4.132776002580791186e+01 6.112404780396035875e+01 7.301726142476135806e+01 8.127276827324197939e+01 9.656148921054345635e+01 9.489340237385384569e+01 8.656199555857391204e+01 8.656199555562416492e+01 9.011662711835452910e+01 7.018913696439088312e+01 5.634415645877709267e+01 5.920062265514815891e+01 7.732905598654755863e+01
8.576817920001688833e+01 7.579590875443845732e+01 6.297325581372982839e+01 4.312921003840867229e+01 5.713148224794632313e+01 7.710054103916840518e+01 9.275167177229931781e+01 7.875620610395795040e+01 9.275167183986603447e+01 7.426250181774365444e+01 5.450442738337120119e+01 4.465614304575961313e+01 5.294791911871407564e+01 3.291915871858490306e+01 4.307223409737497377e+01 5.441621603773670302e+01 6.806501634860680383e+01 8.705844195274023889e+01 9.450648514200271677e+01 7.466106711696954790e+01 6.068666764336597907e+01 5.055643033349419113e+01 6.016026522687361933e+01 5.563400725080293086e+01 3.741575433081996493e+01 5.735486206673864018e+01 5.336530936369623390e+01 7.301755783003032718e+01 7.659836216870702685e+01 9.076314884176787245e+01 1.023077014135457290e+02 9.867799091452077676e+01 7.859981307696075703e+01 6.465228462766114603e+01 7.602576369845870374e+01 7.308289713356667505e+01 8.724382540013093035e+01
7.501859087510769086e+01 6.267253637890516416e+01 5.364634741452740485e+01 4.616365960762273346e+01 5.499355536045641912e+01 6.647619145892674908e+01 8.671497359248711234e+01 9.841651474807305533e+01 9.245160530640063712e+01 8.253275791194838007e+01 7.262324662090090044e+01 5.451991935448217674e+01 3.457656761611203677e+01 5.295255490478071891e+01 4.066079803551235017e+01 6.041528657753514864e+01 7.540174693277060669e+01 8.368872755053787671e+01 9.365689877432446053e+01 8.870083531368076990e+01 7.882253785751518649e+01 7.058583591918140598e+01 7.772251530821891663e+01 6.312484234358795021e+01 4.851112682586776970e+01 3.923148573333067901e+01 5.912113360189718492e+01 7.194634942065486882e+01 6.280345060117909384e+01 7.402943830395444991e+01 9.394188064695576657e+01 1.008873168471511832e+02 8.079324417290111171e+01 7.446536599892394293e+01 9.281557363090462331e+01 9.305949368324652937e+01 9.819649302328957674e+01
9.211677546295203456e+01 8.235114258160065503e+01 6.973190895711893234e+01 4.977048424512580027e+01 6.973190895783413623e+01 8.344649196761460530e+01 9.517452770682280061e+01 8.988334342131395260e+01 7.849576818020106828e+01 6.453206308056550711e+01 6.516250348201698728e+01 5.564224179918006286e+01 3.576121998202179952e+01 5.564224179908561752e+01 6.041528657747228692e+01 4.911690370350002155e+01 5.565391352717970364e+01 6.546265809188736284e+01 8.534183933302834646e+01 1.016631197485900202e+02 9.265330973465825082e+01 8.521089490541356781e+01 7.079074512795467911e+01 5.533539737313174811e+01 4.821379036248784899e+01 4.052396667446030420e+01 4.639783018683885985e+01 5.240528356071820326e+01 7.194634951473477713e+01 8.491842662308154388e+01 9.172808784856235320e+01 1.000316251889933739e+02 1.008873168471511832e+02 8.858125128567124307e+01 1.028516354370473636e+02 1.075118926213171164e+02 8.970320263315660725e+01
9.913349141805704789e+01 7.784757249584573913e+01 6.346932215618070217e+01 5.355925608169840757e+01 6.502651998352681062e+01 8.543865805399269675e+01 9.847682225827864499e+01 8.165776791668508849e+01 6.200579171885270569e+01 5.055949158779840502e+01 4.429103634397109346e+01 3.763804409333592105e+01 3.697889759382572095e+01 5.676996322637837977e+01 6.645979162129900431e+01 6.881540007071802734e+01 7.540224869786817408e+01 8.368872752846445451e+01 9.365689792065738573e+01 9.417304652039197777e+01 7.724597464474953767e+01 6.732591047440357102e+01 6.599414826346905727e+01 7.016544669705875492e+01 6.167617648817233800e+01 4.185378237278386848e+01 6.167617549831605572e+01 7.194634948960298004e+01 7.645972027470857313e+01 6.600418708169367221e+01 7.246746380054045744e+01 8.589864880722683438e+01 1.058015986431814639e+02 1.087747305433704952e+02 1.042142371164354557e+02 9.397054217332346582e+01 7.975742723924787470e+01
1.024114297362580857e+02 9.250506213182772797e+01 7.827517648369565961e+01 5.807655840482817666e+01 7.827517648393703098e+01 9.403757611429313101e+01 9.031411177962782233e+01 7.094141094084834265e+01 6.116688568028425266e+01 7.031138019424101060e+01 5.646559362941233928e+01 6.043955262242327819e+01 5.676996322637837977e+01 3.867696805308040808e+01 5.780994444806020738e+01 6.586186676885466795e+01 7.214605328132793716e+01 8.046049261156812804e+01 8.931864979306297414e+01 1.010049377121272443e+02 9.162592130804146962e+01 7.663903775024850518e+01 5.587718363658653686e+01 5.124928564721376745e+01 4.709861154498378966e+01 4.318885087551591795e+01 6.297869191517175125e+01 6.912477316049034926e+01 5.775919993848050638e+01 7.645972228449608110e+01 9.172808784856235320e+01 9.172808784856235320e+01 1.117245786395842089e+02 1.102055413758674405e+02 8.982577244953525053e+01 7.562610132519681372e+01 6.583717949414703696e+01
1.047551095146338582e+02 9.508303805264451114e+01 7.450635210432758981e+01 6.434172286138245056e+01 7.459977845114909201e+01 9.582012351974205444e+01 9.847682235140401019e+01 8.885095880438909433e+01 8.076206556265537984e+01 8.473797243492462883e+01 7.652934113376873881e+01 7.292456899276210436e+01 6.096431543844636991e+01 4.125150256071976429e+01 4.057583073208809310e+01 4.609522118738475882e+01 5.212395314143922320e+01 6.052283169687257924e+01 7.346930752079174454e+01 9.490091890275003550e+01 8.476822138626394576e+01 6.430245080025541426e+01 7.663903775024850518e+01 7.219136478098573662e+01 6.731180603889153247e+01 6.297869191873573413e+01 4.520937399936435241e+01 5.023833300438607097e+01 6.447076420234358807e+01 7.437643998909440768e+01 8.301575200795120679e+01 9.046738417574538005e+01 9.903273081093873031e+01 1.094554342852334798e+02 9.429700912350547526e+01 7.415982496852168993e+01 8.571048494914549565e+01
