MOVIE_S4_data/elevation_000746.asc
nrows	100
cellsize	150.0
xllcorner	0
ncols	100
yllcorner	0
NODATA_value	-9999
[rows 51 to 67 of 100, columns 0 to 36 of 100]
1.045510899316130261e-02 2.001045510850249087e+01 1.951676649882500669e+01 3.103818846831174127e+01 3.198277222155451227e+01 2.906693001858687353e+01 4.111679203505990898e+01 3.665217616868550721e+01 5.081264646943461116e+01 4.237008888871083201e+01 5.389174878579166261e+01 7.389331632707167330e+01 8.311940819295989513e+01 7.339319122129927564e+01 5.621017584734892125e+01 3.662447059789462855e+01 5.029909663547320520e+01 4.314982058305928092e+01 6.092205665255195868e+01 6.890318308999329133e+01 5.585700157215534745e+01 4.113943560953425305e+01 2.105669164352915601e+01 3.524204658017860936e+01 1.580479226775818091e+01 1.787944690632764377e+01 2.235056072761524248e+01 4.257556659684945544e+01 5.573227325724488423e+01 6.249804463305028435e+01 7.090528879482793911e+01 8.107579364001792044e+01 9.035482002330387274e+01 8.883523729084228648e+01 8.044505155940294117e+01 8.823285104639148813e+01 9.044672013990913229e+01
1.199560344128819747e-02 2.001199560344093342e+01 3.288939049277142601e+01 4.780104090160833863e+01 4.960317866869714720e+01 4.890230624327334397e+01 5.717485849994325520e+01 5.657902063008431526e+01 6.486142901587707854e+01 6.234540096176240809e+01 7.063006534359222144e+01 8.217804706613939913e+01 7.499065803114277173e+01 5.560951228921155831e+01 4.601747561376239304e+01 4.302565612660075800e+01 6.230769050220663985e+01 5.686342129446202875e+01 7.060110316964203037e+01 6.132744253414674063e+01 3.984010068232083057e+01 2.725627408881391034e+01 4.113943560953425305e+01 4.412151320357311590e+01 3.579653925921208213e+01 1.632966915799941177e+01 3.631458495021198729e+01 5.094880046200247392e+01 5.734145671191833316e+01 6.574078535755985797e+01 7.745643095990152460e+01 8.437085786630024131e+01 7.015392896488258145e+01 7.961977357865019655e+01 8.790996872828814901e+01 9.008891408593879646e+01 9.206190385284988054e+01
1.680456789927393946e-02 4.605119245310529408e+00 2.460511924531088468e+01 3.702141189542535216e+01 4.305163878698073177e+01 5.012270659884633517e+01 5.012270659884633517e+01 7.012270659884775625e+01 7.354278121078375818e+01 6.522061249806685623e+01 6.632611415805293120e+01 7.464915464122574917e+01 8.311940819322313700e+01 7.339319122140966556e+01 5.959859254176321741e+01 4.988082234553037608e+01 6.910417037744440449e+01 7.625531468580557259e+01 7.259003829088338478e+01 5.511123095313227793e+01 3.486688343631062992e+01 4.745958681252108846e+01 5.585700157215534745e+01 4.817145600570711395e+01 3.565166334356415234e+01 1.669749166941414487e+01 3.667572475216743300e+01 4.654620023350324232e+01 3.714795249242253306e+01 4.875907722340232198e+01 6.906520511814906627e+01 7.425813955066216465e+01 5.576777107743171769e+01 5.933448420570072557e+01 6.989350245324098410e+01 6.989350245324099831e+01 7.191423381237089529e+01
2.570751284471603157e-02 2.002570751284435957e+01 1.167618705717606709e+01 1.702141189542464872e+01 2.305163878698002833e+01 3.012270659884562818e+01 4.426484222257708012e+01 6.426484222257849410e+01 6.195420793408926841e+01 4.515668983602941466e+01 4.626239083333139490e+01 6.044854197298431586e+01 8.051582864107226101e+01 8.718778990105582238e+01 7.722090734381212940e+01 5.936346681975721395e+01 7.722090734381212940e+01 7.857069399328673853e+01 5.823714274603940311e+01 4.388591537785423924e+01 5.511123095313227793e+01 6.351299762662355874e+01 5.484287951028625230e+01 3.456768846474570722e+01 2.180231128821612430e+01 1.706264384561895397e+01 3.704391743621802391e+01 2.648204716059765573e+01 4.654757268033933570e+01 6.574055427529606277e+01 7.155173016945647646e+01 6.591919934033556672e+01 4.563418352563399338e+01 4.761686615483440477e+01 4.958860312952086247e+01 6.706678429933492680e+01 7.191423380949825628e+01
2.050012024463924304e-02 2.002050012024428227e+01 3.167618705717642413e+01 3.702141189542535216e+01 4.305163878698073177e+01 5.012270659884633517e+01 5.840697784630852851e+01 6.365650482725520476e+01 5.363670134811735579e+01 3.350430476098954813e+01 5.363670134811735579e+01 6.513646399396814957e+01 7.672471534085187272e+01 8.482480078802930734e+01 8.698746586964530536e+01 7.884487393513151687e+01 8.698746586964530536e+01 7.857069399328673853e+01 5.823714274603940311e+01 6.419270202075387033e+01 7.259003829088338478e+01 6.629453318249663596e+01 4.604515621998942265e+01 4.138493967058427359e+01 2.142336214617780143e+01 3.574434808387108120e+01 1.757961416036330959e+01 3.756748751394989938e+01 4.642729038305731848e+01 5.126831809777018378e+01 5.126902729868478303e+01 5.825217225022922918e+01 3.806347267443903348e+01 3.757807838946926893e+01 3.952668028635712005e+01 4.680202616261486526e+01 5.482373639738208482e+01
2.927968592160756431e-02 1.417141530965268359e+01 3.417141530965339058e+01 5.185296255936879106e+01 5.997829931003345649e+01 5.495980183786519291e+01 4.841433703844497671e+01 4.558901244866115121e+01 3.520959769315458487e+01 2.766246570520185344e+01 3.670895297705301630e+01 4.833941252986695503e+01 6.840004409163751120e+01 6.475332806630444793e+01 7.772183679564756176e+01 8.591628995055233986e+01 9.425631792546757026e+01 8.694293383572744460e+01 7.857069399328673853e+01 8.035255940919824980e+01 6.861705277574523620e+01 5.955377952947974052e+01 4.604515621998942265e+01 2.600080693352509442e+01 4.138493967055675427e+01 4.556912130752377266e+01 3.751904821734220974e+01 1.809650659867159561e+01 3.806083708689835987e+01 3.118679046958497736e+01 5.109832273143877046e+01 5.447937971558376091e+01 4.611973145351870329e+01 2.869703737723454395e+01 3.063831265337785226e+01 3.265692793305878183e+01 3.470331317567892881e+01
2.800573862316051849e-02 2.002800573862280586e+01 3.777462890082675528e+01 3.194319216401581585e+01 5.185296255930373377e+01 3.493467281455604478e+01 3.110442036706728430e+01 1.854067937397588395e+01 2.110280442230475373e+01 2.444862837434149938e+01 4.461458346282056908e+01 5.814258802094615675e+01 6.208531193625396583e+01 5.058806988165609653e+01 5.766910737434589151e+01 6.584406099989580241e+01 8.591628995055225460e+01 9.506387012834929351e+01 8.334970080363439138e+01 7.196424975186580753e+01 5.160655628419139873e+01 3.995646626107790667e+01 3.104413946314597439e+01 4.604515621998942265e+01 5.443329685538628127e+01 4.970230328817664400e+01 2.960403536383777023e+01 3.809426262941534702e+01 1.861488922467857421e+01 2.935448396340215282e+01 4.567310827028778419e+01 4.614026756390742889e+01 2.617456574051967522e+01 4.614030111606408013e+01 5.070091058138316242e+01 5.147493817226272483e+01 4.893643387367469444e+01
3.653205470537677219e-02 2.003653134146213333e+01 1.780640121595324032e+01 3.777462890082659186e+01 3.989676659943802406e+01 3.159975862976209626e+01 1.492812229447938677e+01 2.014273552016572211e+01 3.798970599788492564e+01 4.461458346282056908e+01 2.964744357467946401e+01 4.982419942105408950e+01 4.203068454998029324e+01 5.100488930142542188e+01 6.256893197103394755e+01 8.263431842092630575e+01 8.591628995055233986e+01 8.671125672050872879e+01 6.637013252319410128e+01 5.457989450398449804e+01 4.550953608006035012e+01 3.732895980540592262e+01 4.258243535592426099e+01 5.955377952947974052e+01 6.623590123215328163e+01 4.598702480574375073e+01 4.970271425373523044e+01 4.308391661616900592e+01 3.303760959713458334e+01 1.913589545139429404e+01 3.915463744840079130e+01 4.434594049108594760e+01 2.432763414073695785e+01 4.285357448046029560e+01 5.232230874072360649e+01 6.592540988516925893e+01 6.896910421645954159e+01
4.500159517621803856e-02 7.116069313479672864e+00 2.413453096182530899e+01 2.622586051633526338e+01 2.835505866077129866e+01 1.159808469683146193e+01 3.147682345796770420e+01 3.224511596221216791e+01 2.907007574912168124e+01 4.827074608861735783e+01 4.982419610794251952e+01 3.529502885756968311e+01 4.692529745975090094e+01 6.697769087977879110e+01 7.937590334572102790e+01 9.097099841856783087e+01 1.060434316744957783e+02 9.382865957472540686e+01 7.353669615966454387e+01 5.911105298309853850e+01 4.737180215075373724e+01 4.629982798158408741e+01 6.286001246260575215e+01 7.126227612889873342e+01 7.461878679413159432e+01 5.798915322341463252e+01 4.463331436678816289e+01 2.393597577710335145e+01 2.161282194023424097e+01 1.950573390812897046e+01 3.713021574280568871e+01 4.031715007644735493e+01 2.609684014878606817e+01 2.149718723677496257e+01 3.668215145952553513e+01 5.733110532857894981e+01 6.544656703327842706e+01
4.567435126880908108e-02 2.086915803588128338e+00 4.138872507758445174e+00 6.224016648329201651e+00 8.355766465698220458e+00 1.651411941774387060e+01 3.643209517930853281e+01 5.098308667667248528e+01 4.243158198046286600e+01 4.461232018674469657e+01 6.371640816214866021e+01 4.952652336173615311e+01 6.371649900289069279e+01 7.530071450130387234e+01 7.944454068111119227e+01 8.774495764761788053e+01 9.455891189601105395e+01 8.604785518823810264e+01 8.432938423428906560e+01 6.398714383934221672e+01 6.772001450340506779e+01 5.803317526800756099e+01 7.504457268871327358e+01 6.731543691154452347e+01 5.879142818822080585e+01 4.939784340955475272e+01 2.829431163286203343e+01 4.463331436678816999e+01 4.263259251899152247e+01 2.167852605634245577e+01 2.003614704291313942e+01 2.041238941818827257e+01 2.078934736194902655e+01 2.117497584602132932e+01 3.219588586211521886e+01 4.577392544274634645e+01 4.516340032141167882e+01
5.351880592384315738e-02 2.005351838184737900e+01 2.414052502038475367e+01 2.324202771296375403e+01 1.896726325467308527e+01 3.573807335502193183e+01 3.061491908199860035e+01 5.047600060883506501e+01 6.229302304036453819e+01 6.454887461373202484e+01 7.287420352472068430e+01 6.958131603631299811e+01 6.942045969150588292e+01 6.526834939528509949e+01 5.939637870190051672e+01 7.944454068111119227e+01 8.269661774614780825e+01 6.550234405004408700e+01 8.269661774614780825e+01 8.432938423428906560e+01 8.678070046949194705e+01 7.840702753667864044e+01 7.361335944582143043e+01 5.879142819453375068e+01 3.758241926536976507e+01 3.349983314418960845e+01 3.950720248424134695e+01 5.798887569925452823e+01 5.644935329246873579e+01 3.430427163193532891e+01 3.420171712917020557e+01 4.042081675420460130e+01 3.972269437783328527e+01 4.117087940026010529e+01 2.171941106144368305e+01 2.358287610295480974e+01 4.374596469386055730e+01
5.706225480597197641e-02 2.005706225480561500e+01 3.988734910962792668e+01 4.361152596549397487e+01 3.740053731936227877e+01 4.563299681287740839e+01 5.047600060883506501e+01 5.871944384280725160e+01 6.293758975095629893e+01 6.881498422880504506e+01 6.693762391734036044e+01 5.863504710609342396e+01 4.937356942998028586e+01 4.522198589647207001e+01 5.939637870190052382e+01 7.944454068111119227e+01 7.418589880196334718e+01 5.370594002993694005e+01 7.418488620236621500e+01 8.365823061293016849e+01 9.585714044852680615e+01 7.710009168774409716e+01 5.639259616059437263e+01 4.407348145534697892e+01 5.879142818411505544e+01 4.420866742687660889e+01 5.836963201240146049e+01 6.989970058731218217e+01 6.741845271217893298e+01 5.710335910050625330e+01 5.458403766266140877e+01 5.127999308937128831e+01 3.177395955604710664e+01 2.762431750056051882e+01 3.278961622230617223e+01 2.226881880068937036e+01 2.378367404812036412e+01
5.506323356023958698e-02 1.160208464814385465e+01 3.160261731284214903e+01 3.849720310495945341e+01 3.891371638392954679e+01 4.723328579684534390e+01 6.124287505429941803e+01 5.711296943265990222e+01 4.297276377880622533e+01 4.882032592083966449e+01 5.536320095556146725e+01 3.858619359382898040e+01 3.519528206587046526e+01 5.524516764587855278e+01 6.992940069724714647e+01 6.789522785474754585e+01 5.957853552405241970e+01 4.657150740349259621e+01 5.430508450866916093e+01 6.626558622314509250e+01 8.729644044893974808e+01 8.549393009929760012e+01 7.361335944679640875e+01 6.514461356771330713e+01 5.192237020573713124e+01 5.967448906605343950e+01 7.422594071997045262e+01 8.815470393744620026e+01 7.208418351378402633e+01 6.994407210749746184e+01 5.777162693262660298e+01 3.801303676414541144e+01 5.125644549271230233e+01 4.282516197402213010e+01 2.283982554029180534e+01 4.151495202529429207e+01 4.387225782776917526e+01
6.166659562896406599e-02 2.006166659562860843e+01 2.318406030172229748e+01 1.887462828634294354e+01 1.890880402082355261e+01 3.892908214367766817e+01 4.123116523281247936e+01 4.881155650830382342e+01 2.884914479001888665e+01 3.818546552410947470e+01 4.018339897573383013e+01 2.701034313206823612e+01 4.467997942920099064e+01 4.153852484102505116e+01 5.024164937188925251e+01 5.315299236791123860e+01 3.943057536583932432e+01 5.919366315986746940e+01 6.608232836259671217e+01 7.148206924375344329e+01 8.668277488877174619e+01 9.949171339465917185e+01 9.265393094109541039e+01 7.230883590261734639e+01 5.762090241026999138e+01 7.826777627692669626e+01 9.112638596843974881e+01 8.675446756112050650e+01 6.994407210749746184e+01 5.027859979382829181e+01 4.502383764508044095e+01 5.758889027958795026e+01 4.503031115505510229e+01 2.616561285250269364e+01 2.380881076967165910e+01 2.337774801784465950e+01 4.460004721355591073e+01
6.211000661219646946e-02 1.619107895469733327e+00 3.180845523988601098e+00 4.761984445503973262e+00 2.476431332785770678e+01 2.121214909317179931e+01 4.121615300689271777e+01 4.342001767706010185e+01 3.410562576785548572e+01 1.815966357102119488e+01 2.014485942642020433e+01 2.236463183232988072e+01 2.461572830544713852e+01 2.734205575589137283e+01 3.014987734604879321e+01 3.304605485284229616e+01 3.740446344618895580e+01 4.189872167325599150e+01 6.209634897270242959e+01 7.541750811890688055e+01 7.083599592072960149e+01 9.074178989173883281e+01 9.855915298480820752e+01 7.826777627696468187e+01 6.504886612184911598e+01 8.549743830509329712e+01 9.152551173111173455e+01 7.335499522272101558e+01 5.970945203496859932e+01 6.994407210749746184e+01 6.327955030406667447e+01 5.002582723401957310e+01 3.027766532515994058e+01 4.483316323289946581e+01 4.223356620083221458e+01 2.376076673064262934e+01 3.224276871516487120e+01
7.336735264618567121e-02 2.007336735264261307e+01 1.732502136639744350e+01 2.476726203752275168e+01 7.063730252407733445e+00 2.706964671027149549e+01 3.112856146445576044e+01 3.289399605746264399e+01 1.546954383890563456e+01 3.547513428976184713e+01 4.018144639798513396e+01 4.241641491665102137e+01 3.066096937085540475e+01 3.280316158459002907e+01 5.024164937188925251e+01 5.315299236790859538e+01 4.719358375263615812e+01 6.209634897270242959e+01 4.903080608313670297e+01 5.486861581510434149e+01 6.321476572262911020e+01 7.493896825852833388e+01 9.518295093025501785e+01 9.384927584294737812e+01 7.536014057698601221e+01 9.384927583006653151e+01 9.223756553751977094e+01 7.347476948249872919e+01 7.897026521300011837e+01 7.044068792477179386e+01 5.548057233162250412e+01 3.517275655765219966e+01 5.002545272666448284e+01 5.379896949856102140e+01 4.389397057295903437e+01 2.417458643196849977e+01 4.418928494582248589e+01
7.164818186532601052e-02 2.007164818186496902e+01 3.732704836229577694e+01 2.707310692908102112e+01 2.707364895996213860e+01 9.437325384738850076e+00 1.114788515775130939e+01 1.289769255763472700e+01 3.290158500198818814e+01 2.614678808793614806e+01 4.527671275724062383e+01 5.700279278640361724e+01 3.700889436559175749e+01 5.287377169557861833e+01 4.177988826217568885e+01 6.184891192681664762e+01 6.694396885586176893e+01 6.651412950974105343e+01 6.132276594747074938e+01 7.541750812253087588e+01 8.349508208365759288e+01 9.186805959569259983e+01 1.035474049801299685e+02 1.039613197097208683e+02 9.563473603320771588e+01 1.039613196621697426e+02 1.000341656167613564e+02 9.223756553752919274e+01 7.750844191054270027e+01 6.158794205954080780e+01 4.087684364769493328e+01 5.548057233162250412e+01 6.322489378616783284e+01 4.531872447286568217e+01 2.478205780158810967e+01 3.913215229225080094e+01 2.969705361803131538e+01
