MOVIE_S4_data/elevation_000720.asc
nrows	100
cellsize	150.0
xllcorner	0
ncols	100
yllcorner	0
NODATA_value	-9999
[rows 51 to 67 of 100, columns 37 to 73 of 100]
1.087027587357717522e+02 1.005877201313094531e+02 1.087035940534640304e+02 1.203920575482831765e+02 1.123076428717099589e+02 1.203920575482832476e+02 1.154915529257253581e+02 1.163542726964577270e+02 1.124482328418545194e+02 1.041242240945423987e+02 9.043039684345438900e+01 1.072296336525355542e+02 9.736079741830158696e+01 8.320147321918398120e+01 8.325732266338668808e+01 6.346237747871865764e+01 6.669789688155908891e+01 4.739011124213313053e+01 4.901628714015909338e+01 5.145511191187679856e+01 7.082795945213194955e+01 8.279617908215152511e+01 8.601455457594461507e+01 6.615423941046111622e+01 5.246931140601785160e+01 6.432471246485904715e+01 6.477972016504888586e+01 4.851185420443430729e+01 6.788724066109165278e+01 7.893113428452568314e+01 8.509568655046692243e+01 7.684514464314278825e+01 6.174723721402861543e+01 8.159579010134359578e+01 9.506842239162502040e+01 1.068356605278115126e+02 1.126855771300921987e+02
9.415610524353242283e+01 8.093992222153352145e+01 9.888672783782133990e+01 1.105510972069917415e+02 9.255761838542308340e+01 1.105510972069917415e+02 1.213908090294585378e+02 1.235258660265788251e+02 1.315722137981187529e+02 1.188193926644377996e+02 1.104904432198279665e+02 1.004945622348470096e+02 8.907639083732721019e+01 6.909438023254746497e+01 7.643865768906209723e+01 6.926018268893537311e+01 4.991534905995779781e+01 6.669789688155908891e+01 6.255719268458788918e+01 7.082797705630213159e+01 5.503065303488065041e+01 6.873179363168718226e+01 8.859689385001473738e+01 7.820888712161993794e+01 5.849494747431521091e+01 7.819873087724407412e+01 7.588371514706786058e+01 6.788724066109165278e+01 5.129275904581579226e+01 7.050895268305160357e+01 8.184367207944839606e+01 8.989553185983035632e+01 8.159579010134359578e+01 6.676238193691393974e+01 8.676912228453495857e+01 1.007525578510545046e+02 1.107877514472906597e+02
7.462891878153905623e+01 7.127824800825918317e+01 9.076377888423590434e+01 1.024326306285664998e+02 8.269296242963638122e+01 1.024326306285664998e+02 1.017097273490795004e+02 1.038666492094004923e+02 1.165445789091467503e+02 1.246144513809758649e+02 1.064005273123560613e+02 8.633552883340728101e+01 7.213763602334522318e+01 6.230364497753001984e+01 5.679504159909914307e+01 5.248022897567668821e+01 6.926018269007168726e+01 7.749831664397710540e+01 8.225638138726523607e+01 7.729893504395725756e+01 5.766910944994695853e+01 7.146348848811960863e+01 9.138694926155370979e+01 8.649281667994524980e+01 6.717754794266778617e+01 8.649281667994524980e+01 8.701571085142795425e+01 6.711083610768973529e+01 7.076373893800875692e+01 5.418293452727802162e+01 6.792254447640222281e+01 8.790621108589202493e+01 9.506842239162502040e+01 8.676912228453495857e+01 7.236514578194531566e+01 8.240174917998061233e+01 9.666364329421766399e+01
6.117822368951198087e+01 8.034830130589988073e+01 9.373615951537318836e+01 9.585274122892316484e+01 7.619257405654808224e+01 9.585274122892316484e+01 8.772128835200594210e+01 1.026006227588925981e+02 9.682484700838107017e+01 1.165445789091745894e+02 1.053545085818511211e+02 8.528238498153963576e+01 7.368995755104442935e+01 8.217503342336951278e+01 7.403936355381354417e+01 5.449743392321494895e+01 7.403936355380574241e+01 7.896648176698151644e+01 9.896242859548880233e+01 8.017898582499969962e+01 6.043435240259006491e+01 6.914724343860277145e+01 8.910385165771609195e+01 9.542566471002599826e+01 8.125731377399240785e+01 9.542567733280695563e+01 9.529696595404223558e+01 7.776730344903461400e+01 5.801292008796708899e+01 5.751050848578931607e+01 7.728001200833509188e+01 8.259837876810867385e+01 1.028122336593411035e+02 1.007525580768811864e+02 8.657896219910828961e+01 7.949532604145541370e+01 9.111101043422667090e+01
7.217414183890001311e+01 7.755018793548931910e+01 7.418532524786337490e+01 8.251391702738655454e+01 7.063936863314226855e+01 8.887881778011166034e+01 7.970787734573654859e+01 8.285596343023392762e+01 9.682484700838116964e+01 1.165445789128910832e+02 1.136088438346474305e+02 1.020446154329712272e+02 9.376586261800385103e+01 8.913753071711856535e+01 7.679195806520598921e+01 5.713449021639424785e+01 5.922674765169045941e+01 7.896648176698512600e+01 9.266780656466592347e+01 8.331976025882057968e+01 6.345575860342127328e+01 8.331976025882057968e+01 8.543608877636040688e+01 1.054235303823342065e+02 1.013196237593812015e+02 1.066322220034479358e+02 9.835506049502049564e+01 8.066631823214204644e+01 6.078491292071092289e+01 7.729288973935602769e+01 6.252377460957788458e+01 8.259863916631780967e+01 9.689790463506878382e+01 1.149261561259837663e+02 1.053964268134761539e+02 8.535596245253310599e+01 1.053964268135291888e+02
5.630962753072712701e+01 5.847634375604015844e+01 6.072716954804152323e+01 6.321485493854962812e+01 6.620223193431492348e+01 6.934911734530997762e+01 7.309974334834286935e+01 9.272829309475456228e+01 1.080627497120377996e+02 1.179139461446197714e+02 1.101877569736117408e+02 1.001532373483663036e+02 9.186719065236204074e+01 8.084053500079222943e+01 6.100665908850285746e+01 7.679195344004696722e+01 7.896648176698512600e+01 6.445189977681130244e+01 8.439404673844043714e+01 8.660239823582885776e+01 6.663489094874881857e+01 8.660239823582885776e+01 1.013695065066836349e+02 1.136786273604453328e+02 1.125377621614949248e+02 9.248039311367527660e+01 7.818263604300612712e+01 7.060203574658764580e+01 6.393505588462445388e+01 8.395808732215328973e+01 8.259863916631780967e+01 6.816223954293822374e+01 8.852014485992353343e+01 1.036654012559750839e+02 1.136457515001714853e+02 9.954300380605648968e+01 9.709724119864326042e+01
6.958325796701525690e+01 7.184256105011439786e+01 6.734627468319536092e+01 8.251391695560035089e+01 7.986402068515434394e+01 8.887881778011166034e+01 9.272829309475456228e+01 8.019895475775476257e+01 9.005055501422080511e+01 1.098190602602040400e+02 1.019285322913919032e+02 8.180584948176958449e+01 7.172943252435482009e+01 6.515107770386768493e+01 8.084052671837721959e+01 8.913719074427923772e+01 8.848869447718699632e+01 6.842909816963057779e+01 8.848869477956606033e+01 9.177725570630448715e+01 7.173511890415505832e+01 7.306445242836564091e+01 9.310412731358692895e+01 1.086692245076957022e+02 1.186437040553475697e+02 1.066322220034479358e+02 9.835506049502049564e+01 8.736287513644934677e+01 6.721989815055026440e+01 8.736287513630595924e+01 9.689790469039431287e+01 8.852014486080534539e+01 7.467570360157199616e+01 9.525910620322174793e+01 1.116183219956242283e+02 1.195278400244761769e+02 1.088662508908958699e+02
8.900046942235285030e+01 9.132961792830009529e+01 8.678385419389246636e+01 7.847660472785871377e+01 9.813176786380036276e+01 1.076495426151233943e+02 1.065280622454944677e+02 8.674829842064845309e+01 1.065280622454944677e+02 1.179139461446197714e+02 1.101877569736117408e+02 1.001532373483663036e+02 9.186719065236204074e+01 8.515460378882296766e+01 7.005775034680057445e+01 9.018688611913118791e+01 9.288066639223465870e+01 7.275412402708356296e+01 9.288066639223465870e+01 9.733456950376381656e+01 7.729738965318104249e+01 9.310412731358692895e+01 8.039753825781596674e+01 9.043161554754333054e+01 1.103935671810892813e+02 1.076833216337103067e+02 8.757037306565787560e+01 7.323509818531590554e+01 8.736287513644934677e+01 7.668297911999444239e+01 9.688727142602306230e+01 1.036539653381374677e+02 9.525526141390834312e+01 8.243563848949288797e+01 9.274569428535863835e+01 1.079081250910084719e+02 1.284097000145058587e+02
8.981300854047917426e+01 9.812450247152881389e+01 1.062545514755153988e+02 9.813176786757544789e+01 9.813176786757546211e+01 1.177968346519243283e+02 1.146359267779195932e+02 1.065280622454944677e+02 1.007573096643600934e+02 1.204598913919685828e+02 1.253388845229211199e+02 1.054153674435573578e+02 9.121238010224263348e+01 7.954024139751132338e+01 7.441492007485842919e+01 9.458929583415243769e+01 9.762607894265678965e+01 7.749299857906956390e+01 9.762607894265678965e+01 1.033621081711891065e+02 8.337102400198060081e+01 1.033621081711891065e+02 8.709817681379051635e+01 1.070697986395792611e+02 1.186437040553464755e+02 1.098668561342850580e+02 8.977425904825624059e+01 7.829747321055936027e+01 9.851594867329050942e+01 8.435537228515293862e+01 1.045019879776119467e+02 1.176962030658365279e+02 9.721003980340401540e+01 9.479017360585299912e+01 1.117268285204877714e+02 1.226520294613434885e+02 1.395985515036336153e+02
7.058345014260289929e+01 8.763107417179836034e+01 9.578200749592687657e+01 9.886843982763362249e+01 1.025289825086196771e+02 1.064102617832546400e+02 1.079771714371768638e+02 1.161177094227964517e+02 1.204598913919685828e+02 1.285145438914792066e+02 1.264336027459617071e+02 1.065151017068330646e+02 9.232006717056734146e+01 9.921539391227530302e+01 7.905069988683030147e+01 9.921539391227530302e+01 1.028126039753896919e+02 8.272527889892745634e+01 1.028126039753896919e+02 1.104155084041042869e+02 9.046547986363589189e+01 1.104155084041042869e+02 9.864160441965447035e+01 1.012298959609124580e+02 1.211685708893559053e+02 1.181184665496540305e+02 1.039040378668827884e+02 8.374370267537885582e+01 1.039040378668843232e+02 9.448820411760266325e+01 1.127610392217328439e+02 1.259535587143273574e+02 1.176974565281981882e+02 1.165092202211498318e+02 1.238376400047727799e+02 1.223931794520600249e+02 1.343283480013553799e+02
7.058404782294508095e+01 6.818495996733390996e+01 8.763107417179836034e+01 7.914887809167527166e+01 8.277078642202205572e+01 8.661954302418700991e+01 8.815717883270694699e+01 1.012033888299487643e+02 1.082209821705421149e+02 1.163623171188611849e+02 1.251940397590857543e+02 1.205876423069039589e+02 1.123490955901225448e+02 1.042444665553129397e+02 8.412817598316210876e+01 1.042444665553129397e+02 1.085878377285148417e+02 8.858184115651576462e+01 1.085878377285148417e+02 1.186656084348129667e+02 1.019890942139915495e+02 1.186656084348129667e+02 1.127464726250724993e+02 1.211685708893559053e+02 1.294131709726308941e+02 1.202153979144935363e+02 1.002381433507641333e+02 9.093517148020686136e+01 1.109969951820486926e+02 1.086843737684597926e+02 1.227550642795586811e+02 1.347862415228510713e+02 1.248125119371053984e+02 1.170209964825688047e+02 1.074281962224284541e+02 1.184198888030091581e+02 1.312453909729481154e+02
5.494337325459687094e+01 7.388059495009343891e+01 8.005650638462924462e+01 6.545868911073581842e+01 6.897865369028747295e+01 7.274265374830069675e+01 7.678494055595773204e+01 8.139324593838803423e+01 8.837223081556972204e+01 9.726568055310023908e+01 1.087569927903953015e+02 1.284589207939805533e+02 1.205372598376557818e+02 1.005827448244630773e+02 9.054292388224021693e+01 1.105810915528656864e+02 1.167908641404048495e+02 1.085878377285148417e+02 9.934656760704017131e+01 1.191998790997423470e+02 1.219262042506080661e+02 1.301707013848331940e+02 1.326733710715360530e+02 1.400663987501387453e+02 1.422278690954684635e+02 1.284500015262061368e+02 1.192381660252297451e+02 1.010240907397998740e+02 1.192381660252297451e+02 1.285941237180944370e+02 1.347862260590055428e+02 1.155579952809446809e+02 1.170213371584464568e+02 9.715149356222846677e+01 1.170213371584464568e+02 1.336482888739381849e+02 1.302273845938818226e+02
7.388058698430475602e+01 5.829724705459147316e+01 6.078691061770324922e+01 6.644157531637843306e+01 7.249538203951837545e+01 9.212141186584297259e+01 9.653409337164974602e+01 1.012033888299487643e+02 9.197178020502946083e+01 1.034549724583352628e+02 1.232097777582688565e+02 1.365339247431142269e+02 1.287649935575055338e+02 1.188160214818318963e+02 1.021608067121878491e+02 1.047496759539417752e+02 1.246593741796218637e+02 1.273904586332571256e+02 1.108553765785315051e+02 1.273904586332571114e+02 1.414719613538807153e+02 1.333053385316854360e+02 1.311305817816630679e+02 1.200853045741308307e+02 1.222764842235285272e+02 1.422278690954684635e+02 1.292024102546788811e+02 1.209700989768809904e+02 1.292007357967705161e+02 1.320716890875587239e+02 1.267010173090332188e+02 1.190864499708996789e+02 9.897625315372573596e+01 9.098920662190353426e+01 1.116094953280294249e+02 1.241372433809379601e+02 1.107810644387290751e+02
8.556375107574176297e+01 7.170636751936523012e+01 7.026935741503599786e+01 7.285381270434237422e+01 9.212141186584068464e+01 8.293778531628477424e+01 9.433240355644763042e+01 1.139607051256374888e+02 1.060260842442588682e+02 1.199332302883570662e+02 1.313015465610762647e+02 1.293595496762420396e+02 1.371282667662201789e+02 1.303064199841794277e+02 1.220834145523325560e+02 1.246593741796218637e+02 1.328823670097218894e+02 1.387979778220281446e+02 1.305986815256599698e+02 1.309704531565085688e+02 1.227528706302924064e+02 1.132600244631541955e+02 1.110598173254929293e+02 1.058147562248796874e+02 1.174774460699708527e+02 1.374944598666303364e+02 1.424690511489685036e+02 1.330255570439160522e+02 1.252145749060073001e+02 1.128644190494539856e+02 1.072266782683109341e+02 1.208883543078926834e+02 1.063672527895762414e+02 8.550442154964491692e+01 9.627226997100042638e+01 1.047753444236132623e+02 9.649640266493682361e+01
8.765973178744370387e+01 9.126256975497213375e+01 8.149995890832333600e+01 9.255658818956679568e+01 8.879307308206288951e+01 9.687422359529600158e+01 1.106783606943797906e+02 1.219554029910340063e+02 1.257542683917551614e+02 1.237043436390674884e+02 1.261773585730606300e+02 1.103041294729155339e+02 1.261773585730606300e+02 1.356854743679561750e+02 1.308139716084259589e+02 1.381990173666758039e+02 1.425960710821369730e+02 1.344388118449824390e+02 1.368994653036044724e+02 1.168931592552116001e+02 1.026399885057882102e+02 1.100323670655085380e+02 9.680401151244109315e+01 1.169384081311071952e+02 1.341414925384160313e+02 1.456379840118765685e+02 1.346703335421328518e+02 1.157588162698818337e+02 1.058529669890587144e+02 9.908727619295953559e+01 9.298299803841726430e+01 1.060885625267896728e+02 1.015202148165734002e+02 8.187362431424556064e+01 8.218301745724558316e+01 8.473226064389290002e+01 8.740978626673184237e+01
7.495458791171627411e+01 9.255092499951292950e+01 1.012413566439021224e+02 1.093990447708951024e+02 1.083699454895541265e+02 1.159064790057042416e+02 1.240874553647219756e+02 1.217003912779176034e+02 1.237043436390674884e+02 1.044520254194004139e+02 1.079848916377767978e+02 9.895178032879508123e+01 1.183578976923300701e+02 1.141961974775370123e+02 1.124402299078072360e+02 1.307692764597147459e+02 1.310902678335999383e+02 1.144127240423647436e+02 1.254715421712150061e+02 1.242463663677396966e+02 1.041447357789627404e+02 8.992844160706862056e+01 1.100323670655084669e+02 1.095013491219756219e+02 1.237189247116016020e+02 1.436361523631885291e+02 1.424690511489570213e+02 1.330255570439160238e+02 1.252145749060073001e+02 1.187607056003577526e+02 1.060886274162169798e+02 8.616597963910064095e+01 8.213250556487886911e+01 7.867170633556744974e+01 9.846428859035810888e+01 1.047753444237007443e+02 1.075412724147732888e+02
7.761201897155395102e+01 8.532050021173941445e+01 9.444973740386220129e+01 1.110647523855459866e+02 1.031804159087406703e+02 1.110647523855459866e+02 1.154531426877576763e+02 1.013734106309860437e+02 1.082594117460252363e+02 1.002736484292929191e+02 8.830506970590384697e+01 1.078222298471287246e+02 1.184897427007128385e+02 9.876722916497251958e+01 1.088931616390684241e+02 1.172371332574703473e+02 1.228766822662941536e+02 1.027725392823157620e+02 1.053871053213889155e+02 1.195304288052474391e+02 1.061633648071090477e+02 8.608583220450937290e+01 9.307735176094716678e+01 1.073018825238429912e+02 1.273738042960385854e+02 1.431070320355875936e+02 1.309376193270770727e+02 1.227801730379860743e+02 1.309355650858164211e+02 1.256169032617848274e+02 1.060881973134966358e+02 1.060885625267896728e+02 9.631518160809061158e+01 7.655137972474476271e+01 9.631518160809061158e+01 1.068497972236897198e+02 1.148042116089388571e+02
