MOVIE_S4_data/elevation_000709.asc
nrows	100
cellsize	150.0
xllcorner	0
ncols	100
yllcorner	0
NODATA_value	-9999
[rows 51 to 67 of 100, columns 37 to 73 of 100]
8.734940257121627383e+01 9.224152489431665458e+01 9.169844469541099841e+01 1.037399025237086505e+02 1.119865359779886944e+02 1.208657489994004806e+02 1.230442983497347598e+02 1.146905421307672981e+02 1.081390071893597735e+02 9.984061792169350724e+01 8.764845765426429125e+01 1.044256081226694732e+02 1.034207275748057242e+02 9.755602029320081670e+01 9.078148634292472252e+01 7.818880528950266751e+01 6.149038049901385250e+01 4.708471862625219728e+01 6.452142676148629619e+01 4.855219714884363924e+01 6.878718748212003220e+01 8.150998336314661685e+01 7.340270952012586747e+01 6.503868039987902705e+01 5.083497275662648462e+01 7.134620235970315605e+01 6.796529832562086426e+01 5.112044550926827213e+01 5.368813266904138004e+01 7.408415752517964847e+01 8.404498260165703982e+01 7.575422031882710883e+01 5.994349042066809119e+01 8.016745507788326108e+01 9.162616987986183403e+01 1.018748581670780737e+02 1.010103175103052990e+02
8.854252104076104501e+01 1.000303401803831207e+02 1.114953077460521769e+02 1.082640253842783835e+02 9.990424103094191821e+01 1.082640253845137011e+02 1.113720775846284852e+02 9.445331331085984061e+01 1.113720775846284852e+02 1.160001298134499876e+02 1.077054390924827771e+02 9.986103686510057287e+01 8.339415726164854448e+01 7.752811480888932749e+01 7.770643023033265706e+01 6.411451749053395588e+01 5.007217206067649329e+01 6.736063380847737392e+01 7.565530981780158015e+01 6.878780690758655680e+01 5.312421791248971203e+01 6.477996702106602811e+01 8.476820400157500046e+01 7.609575641430721760e+01 5.554817662826762614e+01 7.609575641430721760e+01 8.000686198799893134e+01 7.151477729551383788e+01 7.408320108296290130e+01 5.739660492966913807e+01 7.784988311789058457e+01 8.844275593203047947e+01 7.180001235454689379e+01 6.511497125394986085e+01 7.393716545991091493e+01 9.295413191951602982e+01 1.058874563679237468e+02
7.189104503093054177e+01 9.171712149974945305e+01 9.923837819028065610e+01 9.334024547353230616e+01 7.983776480789346408e+01 9.821382457559525392e+01 1.010533642416734637e+02 8.284001329138946801e+01 1.030065726224494966e+02 1.154030353645009797e+02 1.031404251119923572e+02 8.309295524298809710e+01 7.154913620414210129e+01 6.343633388534502160e+01 5.788824217438983055e+01 5.319044231008313517e+01 7.027695524011767247e+01 7.856328101401307151e+01 9.494692699449670670e+01 7.656214225069562929e+01 5.655723117461774763e+01 7.656214225069562929e+01 9.305828789284944946e+01 8.438335009418436528e+01 6.762886676758364501e+01 6.421836093275572921e+01 8.428994711473737311e+01 8.245343834461432664e+01 6.186321061020758805e+01 6.224291508655082339e+01 8.284705446104153737e+01 9.992455058466327955e+01 9.159759440267205832e+01 8.489603361820199723e+01 7.041314028972026051e+01 7.770580061942823136e+01 8.744204299629048194e+01
8.057726806515765361e+01 8.285824867903396296e+01 7.926114114215347684e+01 7.342938518203065712e+01 7.002176910198684823e+01 8.987100286207869715e+01 8.095782791806161072e+01 7.535471727263451669e+01 8.685062382408050041e+01 1.070415885972072232e+02 1.114293019774253537e+02 9.986103686510057287e+01 8.339415727588226446e+01 7.418802048164410223e+01 7.785883809340225525e+01 7.327095990827180572e+01 5.669875205262965778e+01 6.668773275506590892e+01 8.665494350584066297e+01 8.039963886903051105e+01 6.045116100927143776e+01 6.811700232239137165e+01 8.810338893286021289e+01 9.594223377033235067e+01 8.766174276277075705e+01 7.067951984673891275e+01 9.058443342783387209e+01 8.581318027691497718e+01 6.510233572754273723e+01 6.743492820917090569e+01 8.215094932727471644e+01 1.028405492406645294e+02 1.085862181339746400e+02 8.847040289544646896e+01 7.464637448675453868e+01 9.436218876971599911e+01 1.058874563679237468e+02
6.101998522121905211e+01 6.323541526032795446e+01 7.128781592693158586e+01 5.973056282797426775e+01 7.670259552368742106e+01 7.961497437234343977e+01 6.704706491101771348e+01 8.684367423578100897e+01 9.721371433336355494e+01 1.055794406953344975e+02 1.156834047969283148e+02 1.117114515302992999e+02 1.024836348071249859e+02 9.419210340455705932e+01 9.175521941833298456e+01 7.916248327291165765e+01 5.923344643923349651e+01 7.916248262586189810e+01 9.494692501603684320e+01 8.438941673969995350e+01 6.443950099661135766e+01 8.438941673969995350e+01 8.223547500870596139e+01 1.022895975927319085e+02 9.763614491264623041e+01 7.769089271358107851e+01 9.763614491264623041e+01 8.928510548585302331e+01 6.845354914993799866e+01 8.821075521934648123e+01 7.626439748199906887e+01 9.709147351548850224e+01 1.157023199511743599e+02 1.027175468768104167e+02 8.433583497132634932e+01 8.252199455917302373e+01 9.659607980417752060e+01
4.760096024488410649e+01 4.975946052855787372e+01 5.200239202071915656e+01 5.454435944175284590e+01 5.726643824542264127e+01 6.007757382352267683e+01 6.379045629084577484e+01 7.020203753404616975e+01 7.712682665004224702e+01 8.710505246139823043e+01 1.073223759671828645e+02 1.133868989553650124e+02 1.033671265949381421e+02 9.507118568817845983e+01 8.346195855013635878e+01 6.352629753533701518e+01 6.392267349398030518e+01 8.386229780589592053e+01 9.946275592006149679e+01 8.864968112521559362e+01 6.866610742298460934e+01 8.864968112521559362e+01 1.022894151759163037e+02 1.106531023974912955e+02 1.059304293421932641e+02 8.916708265004417910e+01 1.059304293421932641e+02 9.287304856775847384e+01 7.195193850323265394e+01 9.287304856775847384e+01 9.709147351548850224e+01 8.679450964575211458e+01 1.073882985401294263e+02 1.127708389434758232e+02 9.845213285241000278e+01 9.659607980396414462e+01 9.310360100870590827e+01
5.527300350084463076e+01 6.898281010257291257e+01 7.128781592693158586e+01 6.228830329126896714e+01 7.670259552368744949e+01 7.377434079016516932e+01 8.347529724492028436e+01 7.082547726871580096e+01 9.075013547019086957e+01 1.055794406953344975e+02 1.156834047969283148e+02 1.050956711577457128e+02 8.504670031963595989e+01 7.503361338281342796e+01 6.800573008798329511e+01 8.346195855035283273e+01 8.386229780617576068e+01 7.116167928483402250e+01 9.116732781165607946e+01 9.498337910448906030e+01 7.495446747837895884e+01 7.806065826866930024e+01 9.222954380548293329e+01 1.122400559633211969e+02 1.174953907928078820e+02 1.092050978160136765e+02 1.120817701459975808e+02 9.663545295920611977e+01 7.568728675163316666e+01 9.062864862607079885e+01 1.111371614467827698e+02 1.073880756914694388e+02 1.014698966535936506e+02 1.216774315157463491e+02 1.187203034155415082e+02 1.168581966474342266e+02 1.031999447710031745e+02
7.466488209130534415e+01 6.887050824676025229e+01 8.865373826717660677e+01 7.194943731435050438e+01 9.022099353755686479e+01 9.371551194606469437e+01 9.910163695188046518e+01 8.223636652813038950e+01 8.011180497960485525e+01 9.168986239988993248e+01 1.119136964507897858e+02 1.133869134828150891e+02 1.033671265949381421e+02 9.164221036821719224e+01 7.162115775756147684e+01 9.164221036821743382e+01 9.695313824761028343e+01 7.691050297166336236e+01 9.695313824761028343e+01 1.020700008998145449e+02 8.202600759109840567e+01 9.809061103531298897e+01 9.073357944133020681e+01 1.107503475518886802e+02 1.244665648550824102e+02 1.043985139580407804e+02 9.248091781670447631e+01 8.299310663169850955e+01 9.663545295920611977e+01 8.571415219235764482e+01 9.781502982499394250e+01 1.180688041051119654e+02 1.216773810558396747e+02 1.299434526280072077e+02 1.374950122878019272e+02 1.318732780552230963e+02 1.235124233368322422e+02
8.587097904175098506e+01 8.865373826717660677e+01 9.698337308541137247e+01 9.186322337759621348e+01 9.186322337759621348e+01 1.120145859855734329e+02 1.106962257342930371e+02 1.023543992046188578e+02 9.168986239988994669e+01 1.002374604328303604e+02 1.202604395751348818e+02 1.165232176152208723e+02 9.649368323496693733e+01 8.230867880699939576e+01 7.607278975411828981e+01 9.612643194410762248e+01 1.036370723906036915e+02 8.358526996178807167e+01 1.036370723906073010e+02 1.103429582124805393e+02 9.205809489241238452e+01 1.103429582124805393e+02 1.049035733931412295e+02 1.190024075486008428e+02 1.326989204651245018e+02 1.211452406610183203e+02 1.037576237991564199e+02 9.052723214150724118e+01 1.109935647789528730e+02 9.623017992553560873e+01 1.146845779768256222e+02 1.263265533337571327e+02 1.373190608728029645e+02 1.316322400012291780e+02 1.175084750177135788e+02 1.316322398789397425e+02 1.348880475263364076e+02
8.058069775646116284e+01 8.308212200971206585e+01 8.891306353999240741e+01 9.184071916635245714e+01 1.002243456242725301e+02 9.905210078563713694e+01 1.009396834202863573e+02 1.095210247214797619e+02 1.119136964871649127e+02 1.202604426084850502e+02 1.287771845063529952e+02 1.165232318741213504e+02 9.649368324494835747e+01 1.008556466721523890e+02 8.079173147406361011e+01 1.008556493225567579e+02 1.119271538309432970e+02 9.362045449898353411e+01 1.119271564954319587e+02 1.203432820277412532e+02 1.120819069072167906e+02 1.203432820277412532e+02 1.248658979045357142e+02 1.286435338592300752e+02 1.368495876581212940e+02 1.321806324714878542e+02 1.192675778657611829e+02 1.009296229284195903e+02 1.192675778657611829e+02 1.106636405879060447e+02 1.247776573978606649e+02 1.283460316744620116e+02 1.172767145015585157e+02 1.172767145025181605e+02 1.031384534420774486e+02 1.207308130352598852e+02 1.148666559751589062e+02
6.147789474224088480e+01 6.388970980758241325e+01 6.951103718584914759e+01 7.225590029535807446e+01 9.184071916635245714e+01 7.904966045379150330e+01 8.076058244013456999e+01 9.442454218582489034e+01 1.002744354676742660e+02 1.075722468894930444e+02 1.163121659357133950e+02 1.248138545074850185e+02 1.165232320195442242e+02 1.060339038195204751e+02 8.597915784017396845e+01 1.060339038195192956e+02 1.219394251399065467e+02 1.136536902850233304e+02 1.219394253932262728e+02 1.260050857733485259e+02 1.234558249296001122e+02 1.316467656637097718e+02 1.255021641785067317e+02 1.090529423995527480e+02 1.255021641785067317e+02 1.304339799541980938e+02 1.292969428216645440e+02 1.210575067239199143e+02 1.292969548881766571e+02 1.306591270074260365e+02 1.283460299545924670e+02 1.085538737046418589e+02 1.121858030879844108e+02 9.694137609597449057e+01 9.392802851330873182e+01 1.004516633429762038e+02 1.148666568486968060e+02
4.842354819216220108e+01 5.079089923003819251e+01 5.902779165522882465e+01 7.619173860377136975e+01 7.922695887929300795e+01 6.565544630392062686e+01 6.973762110637289879e+01 7.452695934032229275e+01 8.003506754916487864e+01 8.701453607931100009e+01 9.878092278569887696e+01 1.196873939578520236e+02 1.223917704023281772e+02 1.023608183923527690e+02 9.357291355222554330e+01 1.060339038877421984e+02 1.260516200156527304e+02 1.277246432141728860e+02 1.195474703836424482e+02 1.064003905233630718e+02 1.038605242831653044e+02 1.203030802774076733e+02 1.173329148026120095e+02 9.773687741590239852e+01 1.108009116367973803e+02 1.108009116079932284e+02 1.239175732094095252e+02 1.239175731936377929e+02 1.436100545385837961e+02 1.374960197083551350e+02 1.179432691562634261e+02 1.037786892325364079e+02 9.197445832183419157e+01 8.667607576043555184e+01 1.071090506278472105e+02 1.207308130352598852e+02 1.290062290934774296e+02
6.707297620543516814e+01 6.951103717979489716e+01 5.455730135111142687e+01 5.734185765515437794e+01 6.028305597907313285e+01 7.922695887929300795e+01 8.928200866200457142e+01 9.442454218582489034e+01 9.424973527740260693e+01 1.075722468794188558e+02 1.163118792328714903e+02 1.283841526040340568e+02 1.307206157063961030e+02 1.218993650881765660e+02 1.035985600693131801e+02 1.218993658074501667e+02 1.308646733568500053e+02 1.112627027808832736e+02 9.995568835642743011e+01 9.250059416906024978e+01 9.250059416906024978e+01 1.115111621121580896e+02 1.099263130771578858e+02 9.026822343124594283e+01 9.115014372530485787e+01 9.740071986826067985e+01 1.043465434526410434e+02 1.181653915159280928e+02 1.378045682670464771e+02 1.297142620243193960e+02 1.217490505141346091e+02 1.203695766626302088e+02 1.027526840416830680e+02 8.238939128804385348e+01 1.027526840416830680e+02 1.071116908307276532e+02 1.154532199357911111e+02
8.110551499923458607e+01 8.153633924981978964e+01 6.767741126519183581e+01 6.799628580481810047e+01 7.095624519276985609e+01 6.848468011763536367e+01 7.689647651441157450e+01 8.823897157183846218e+01 1.087028646972561745e+02 1.239203623775643166e+02 1.339893305989628800e+02 1.260390785466435375e+02 1.339820952857470786e+02 1.319097123041381963e+02 1.236127188401555514e+02 1.319105709052179805e+02 1.390816964025609650e+02 1.277246432141728860e+02 1.172375995306534833e+02 9.760938742494444398e+01 8.366421929688293346e+01 1.033583576481523778e+02 9.791138986935796140e+01 8.367926720593655432e+01 1.033736195021276245e+02 1.169981692835160203e+02 1.239175732094095252e+02 1.321068963679650494e+02 1.282130412071807939e+02 1.183350525730048020e+02 1.018410051923475095e+02 1.183350525729993592e+02 9.926040899022859776e+01 7.901292022652843627e+01 9.926040899020739516e+01 8.678784379069377053e+01 9.839194052945106250e+01
7.480233930684484278e+01 8.992058189876804875e+01 8.704036329723946608e+01 8.152207803733392666e+01 8.460455744642761999e+01 7.945529928217867166e+01 9.640047154776083005e+01 1.054495824287708672e+02 1.173460749268306671e+02 1.224377952379256698e+02 1.244045131623368263e+02 1.061497822164816967e+02 1.244045132482156504e+02 1.236988934131761937e+02 1.152940586052292815e+02 1.236992056835006508e+02 1.350644218441006501e+02 1.268570672659828205e+02 1.128485979103445516e+02 9.319953806108026129e+01 7.929149551585757649e+01 9.327836093439118770e+01 7.825506423944429457e+01 9.791138986935796140e+01 1.115261288008683636e+02 1.253637566562709793e+02 1.367099975383386266e+02 1.340056964007511624e+02 1.145329650959620977e+02 1.002738743566698361e+02 9.006741824440601363e+01 1.012269137075577135e+02 9.569152561150322356e+01 7.583640721761358350e+01 9.132243066176224033e+01 7.530509425737569984e+01 7.817188471536326233e+01
6.461624473695832194e+01 7.679041231659618916e+01 9.499252512819697358e+01 1.015453208914347840e+02 1.046235257499923534e+02 9.969966440894623361e+01 1.085249136050749712e+02 1.190485277853250921e+02 1.225136405555907118e+02 1.023467350150674804e+02 1.060803897718309088e+02 9.587753166392626269e+01 1.162696833255285043e+02 1.134786494989597827e+02 9.479173190593560605e+01 1.134787288595592969e+02 1.237026930524080086e+02 1.072339837085653471e+02 1.180753619408080795e+02 1.071081739691462502e+02 9.327836093741859713e+01 7.367226027851251047e+01 9.327836093890408620e+01 8.875770742597468654e+01 9.757818131338416379e+01 1.089093310793788163e+02 1.285144453158587226e+02 1.339875231818688803e+02 1.231367000041630178e+02 1.151615287335254578e+02 1.012269137075577135e+02 8.106242740730391461e+01 7.566529487462304360e+01 8.838457075365319326e+01 7.150388829347505748e+01 9.132243066185536406e+01 9.839194052945106250e+01
8.212168772719155641e+01 7.518596273384750361e+01 8.733648603118487586e+01 1.059977684709754442e+02 1.079799024306241790e+02 1.098749691256579268e+02 1.008019963373866545e+02 9.711710653015823880e+01 1.069812554023419295e+02 9.861331848639626685e+01 8.561409051916700719e+01 1.001266738526084339e+02 1.204539287100841136e+02 1.050428923598092155e+02 8.463605369486012364e+01 1.050428923598092155e+02 1.155276746917772499e+02 9.588452431260566300e+01 9.843382295730091869e+01 1.047195646481115574e+02 8.507336243880348547e+01 7.119310318466389731e+01 9.082760184147778659e+01 1.084226022741856070e+02 1.082624071554882192e+02 1.164274105830269264e+02 1.248162434689438811e+02 1.265149659528465520e+02 1.074085480361154907e+02 9.566341694955126229e+01 8.731836600053398456e+01 8.065374079801233620e+01 8.835999390964607869e+01 6.884101120321763290e+01 8.838457014978129678e+01 9.968694360623337047e+01 1.080874531027526757e+02
