MOVIE_S4_data/elevation_000414.asc
nrows	100
cellsize	150.0
xllcorner	0
ncols	100
yllcorner	0
NODATA_value	-9999
[rows 68 to 84 of 100, columns 37 to 73 of 100]
5.441248783712194381e+01 7.410392377085412363e+01 6.736455740107351176e+01 4.709401307075079757e+01 6.736455740107351176e+01 5.696347612951387163e+01 3.765676332475680965e+01 5.695210192949360106e+01 4.798437348778345068e+01 5.413820062894097163e+01 6.172504419570919509e+01 8.162673090433737855e+01 8.364784784651121186e+01 8.945873652922139740e+01 7.696969567066390994e+01 6.135679111699275268e+01 4.181668727283913967e+01 5.475747864119759356e+01 3.745227701318062685e+01 5.708462948585951580e+01 7.123565527631419059e+01 6.632951985782089821e+01 6.992369459225467665e+01 7.847437141377230319e+01 7.486683507867009268e+01 5.434362566446085197e+01 6.648817424164687395e+01 6.047037712537852627e+01 8.101637767310151617e+01 7.681345342715773938e+01 6.612433289884296528e+01 4.931439355580779704e+01 4.094394614223980255e+01 6.077209163781112267e+01 6.975691624417670766e+01 6.381910739363461715e+01 4.506063126362782612e+01
5.655883683951186924e+01 6.608622382556779939e+01 6.174251994226235496e+01 4.161784959034775255e+01 6.174251994226235496e+01 5.509609535240692679e+01 3.579593073042478579e+01 5.459422152173942067e+01 6.762477458298910449e+01 7.410463158431080899e+01 8.162673090434270762e+01 7.777219609053351235e+01 6.369989034609676537e+01 6.954251182713882429e+01 7.118912293949698267e+01 6.626448815952585392e+01 5.391282760857471601e+01 3.530983811616940216e+01 5.475747864119732355e+01 6.442333693011548235e+01 5.884922046177459265e+01 4.713358951298704369e+01 5.094557791740339070e+01 6.855108051751464870e+01 7.004022361829252930e+01 6.273137486139612662e+01 4.560514441723446311e+01 6.640148755140771186e+01 8.052038972521729931e+01 6.898990817773172068e+01 5.215388340350539664e+01 4.609307786106150928e+01 4.042624024813550676e+01 6.617246893384673001e+01 7.209557996871043883e+01 5.286459366811598670e+01 4.560319229907275940e+01
4.697370424894643293e+01 4.359335571955230648e+01 5.006686100426566810e+01 3.679896027411044201e+01 5.661648514109767660e+01 5.065058445171978718e+01 3.382474152877909290e+01 4.750370906444393881e+01 6.741412711658283285e+01 7.217020149483795421e+01 7.461488318741338333e+01 6.954251127891454587e+01 4.963950871482830962e+01 5.890188279925863668e+01 4.969909516258118032e+01 5.117756501180713258e+01 3.327629495678159088e+01 3.989859895720865524e+01 5.466287791361828852e+01 5.786041812504704751e+01 4.475763475481117837e+01 4.468927758141800410e+01 4.174778742215823968e+01 6.090508295186305787e+01 5.703713067931611391e+01 3.722024575296364191e+01 4.290525022532087718e+01 5.484974103195703776e+01 6.477729049595340882e+01 6.236216865217157590e+01 5.882142914825872282e+01 3.969215328311117474e+01 5.558679472579692060e+01 7.244534965765826939e+01 8.050848298993746255e+01 6.377280114330525862e+01 5.997404754735423182e+01
4.384834956197665434e+01 3.067807556082005149e+01 3.065441025434343203e+01 5.002872655172757277e+01 5.015114662435454562e+01 3.192738482944558598e+01 3.140073726840841672e+01 5.656102737065554464e+01 5.902341107223077898e+01 4.745329466400998086e+01 4.675690204073027445e+01 5.963069812610061149e+01 5.889984858387665412e+01 3.888848146169308961e+01 3.186112629003564223e+01 3.127558878417639932e+01 3.633456328846730798e+01 4.937856100462462194e+01 5.196787887452111931e+01 5.261221324394119847e+01 3.363022426023592715e+01 3.405268608783026707e+01 4.545400627315056852e+01 5.407728775842198132e+01 3.569247556010292044e+01 3.612885303906783463e+01 4.970698476178061753e+01 5.612978196627533833e+01 3.792266183321333983e+01 3.843911601416493085e+01 3.895774715596857618e+01 5.222886257285253464e+01 5.400412680280044242e+01 7.398156717701390050e+01 9.162404872337633321e+01 7.628107683453434618e+01 5.680821593506473022e+01
2.476998147795276495e+01 2.515079828603856882e+01 4.419878890901938462e+01 4.966563052172924841e+01 4.246903217804577935e+01 4.582955565543179688e+01 2.927267899181254762e+01 4.678860792411649783e+01 4.599524360962144698e+01 2.964299144796862251e+01 2.913832751170733815e+01 4.647237482822809085e+01 4.928085000295300944e+01 4.879756161331337694e+01 3.076315742386143270e+01 4.883365938195344569e+01 3.182205844702184905e+01 3.221732772703570191e+01 3.262237555367840258e+01 3.303636836015661515e+01 5.270863153839934512e+01 5.536748018643382352e+01 3.465350780726389956e+01 3.508230660706377080e+01 4.726154953710656059e+01 5.443092842085806637e+01 3.675253815850074091e+01 3.719745862966509264e+01 3.814637170720108372e+01 4.875335888446613097e+01 4.637096626794109255e+01 6.433052742383068789e+01 7.358631181192008341e+01 8.219638542384765856e+01 9.018779942427524077e+01 7.056545430647432227e+01 7.631270612869549552e+01
4.288740969399091796e+01 4.357492127550718664e+01 2.568209208580257652e+01 4.323095765447182970e+01 2.670724959187550951e+01 2.706006437276725052e+01 3.877480084063855514e+01 4.529695737942737566e+01 4.701158262827888024e+01 2.864912381500219496e+01 4.101978785947872552e+01 2.960094635302382571e+01 2.992926913521722554e+01 3.026664673019306662e+01 4.959699699336954382e+01 3.933481216272549830e+01 5.492727026906587184e+01 5.253019823696287460e+01 5.206413386950512034e+01 3.281681810309883218e+01 5.272512467110647805e+01 3.997917611910750679e+01 5.577094669723518905e+01 5.532412090204584132e+01 4.528210947549567322e+01 5.264517842967574524e+01 5.877739037526883692e+01 4.176815651592002610e+01 5.517215403554347830e+01 3.949934493432947136e+01 5.626193622014363172e+01 7.088701544464711901e+01 8.062709434673375597e+01 8.879413085301591479e+01 9.834348007001335645e+01 9.018779942427524077e+01 8.652937326469671575e+01
4.651069350597988716e+01 4.257723757076063009e+01 2.665915631912734440e+01 2.619972620524879403e+01 3.894818420302264173e+01 4.434831021275945062e+01 2.755283102287973307e+01 2.789033110580096064e+01 2.821603605961117367e+01 2.836159718727937928e+01 4.798784348573026648e+01 4.883411970520671730e+01 4.920137621032043285e+01 3.385241794783060243e+01 5.437360279954638287e+01 4.581217518520464438e+01 6.451301403785899424e+01 7.207320278761082477e+01 5.153506464691542988e+01 5.477761724493748119e+01 4.027430793344829851e+01 5.971594742260757727e+01 4.566433938206071730e+01 6.629174010770391590e+01 6.642119685555610431e+01 6.118763839325227138e+01 6.456767745562770244e+01 7.057413523978992487e+01 6.148389356431791697e+01 4.669282425681065973e+01 4.085622675497586442e+01 6.377301629172417563e+01 6.093534656599975108e+01 7.482207580413947312e+01 9.464171388791865525e+01 1.062616229737857907e+02 8.652935216829972376e+01
5.407832233719153692e+01 4.220659136569382497e+01 4.768784730010033002e+01 4.581981282266173139e+01 3.015554158328994561e+01 4.303340242244439651e+01 4.599716445511053564e+01 4.739659297046577535e+01 2.974705851795039990e+01 4.692249177663028092e+01 3.034120592648611137e+01 3.141584311691610409e+01 5.091765946713261570e+01 5.454367125083449253e+01 6.288570469852372469e+01 6.475813987133612670e+01 5.682320810956132107e+01 7.559571126826475052e+01 7.308344470369357282e+01 6.353255194979926301e+01 4.383444851223794103e+01 6.353254471823719740e+01 6.642087068752515222e+01 5.183707190658873998e+01 7.227420617927141677e+01 8.005983977728735113e+01 8.514888905412490772e+01 7.453774037316779300e+01 5.705161757055319782e+01 6.048747967132219117e+01 4.181132033712916751e+01 4.890436378740334789e+01 6.817249764422609815e+01 7.808122469760407114e+01 8.474482352177949451e+01 9.285418409712957555e+01 1.027359766756099049e+02
6.718598991975004253e+01 6.029971633765517680e+01 4.965680935226347259e+01 3.438055324366860788e+01 4.961919544234272905e+01 5.654087249445322527e+01 6.223808127746585939e+01 5.190030447846557848e+01 5.246678318274627628e+01 4.347404073735633290e+01 4.998035933068502601e+01 5.096766554290193341e+01 3.287594958565304637e+01 4.160240721752013826e+01 5.565122044486135877e+01 7.542976037924128718e+01 7.003250686636791045e+01 7.559488603323951850e+01 7.420366248843943424e+01 5.423984312310378897e+01 6.353255217465382287e+01 5.066083088166777060e+01 7.057233028812962061e+01 7.233239481473975729e+01 5.842858034144994406e+01 7.023096093618295299e+01 8.986966019539330830e+01 8.257918802317837503e+01 7.455788869500672433e+01 6.206229400980578959e+01 4.276634770082452519e+01 4.761027743476557106e+01 5.261419833740853136e+01 5.816724248863494040e+01 6.475403437981388777e+01 7.478622706213096194e+01 9.470343903036039990e+01
6.275447695253007652e+01 6.967743779502285406e+01 5.063985125801480081e+01 5.387880677803465801e+01 3.908056693165914908e+01 5.916361831952006156e+01 7.180253807093768614e+01 7.287334100401901082e+01 6.312977754643840456e+01 6.313105401145869422e+01 6.720181322348285846e+01 4.785922221882660210e+01 3.394068707449187627e+01 5.371541692863823414e+01 6.144030857872404994e+01 8.118410113585157717e+01 8.902647494023216268e+01 9.476257824944852359e+01 8.254515155380359204e+01 6.415892132177596352e+01 7.592022396069752688e+01 5.591023820131540845e+01 7.592022396069752688e+01 8.333783255919098565e+01 6.351987731477586152e+01 8.333783255919098565e+01 9.795193122665462226e+01 8.849447263859342172e+01 6.855418174858763791e+01 5.466907183210894061e+01 4.372869279780439911e+01 6.300336782113698320e+01 7.233255161073908823e+01 7.808122469760407114e+01 8.474482352177949451e+01 9.285418409714536381e+01 1.027363845993014593e+02
5.452108231021137641e+01 6.849129967787388296e+01 7.085912179615276330e+01 6.795965300907835172e+01 5.212932284684523410e+01 4.432705310250421604e+01 6.522979106403154503e+01 8.117821686902574640e+01 8.294516624250499603e+01 8.018591294810613590e+01 6.820822358312938150e+01 5.408809920813367711e+01 3.503283948593706043e+01 5.487480686153115528e+01 7.384247871681901643e+01 8.192956417715608097e+01 8.305212298638969060e+01 9.123660174377326371e+01 9.260091477410283289e+01 7.834072932713650061e+01 8.197814205930069420e+01 6.188630071211461114e+01 8.197814205930069420e+01 8.857411681274307114e+01 6.898172985522262479e+01 8.857411681274307114e+01 9.496366120457074089e+01 8.496857254676486093e+01 7.657155671543300457e+01 6.396787332417504501e+01 4.468295542418854893e+01 6.396787351890824880e+01 7.777944466461046602e+01 8.604752032131190731e+01 9.757030212165832950e+01 1.034961928711809662e+02 1.034961928711809662e+02
4.039073290266294691e+01 6.025556750989524346e+01 7.495090884174476287e+01 8.302562729870024327e+01 7.395835004088375797e+01 5.879432818746459333e+01 5.062547816541921009e+01 7.197759302024502404e+01 8.775197019100068019e+01 7.203773680267751445e+01 5.253894304072941424e+01 4.113292528354664057e+01 3.615123211982464113e+01 5.604481257604584954e+01 5.411550234466436393e+01 6.696363505303122565e+01 6.335098612551128383e+01 8.167928021570752151e+01 9.047319293536207852e+01 9.851079113976358315e+01 8.910175834251489846e+01 6.895312881621903500e+01 8.910175834251489846e+01 9.443876308244055906e+01 7.498792533365384827e+01 9.443876308244055906e+01 8.663256442313605987e+01 6.669409610677401190e+01 5.729087449301802337e+01 5.114653058567012067e+01 4.562568062841798877e+01 6.414218209566675455e+01 5.793056718002979721e+01 6.934536629338101932e+01 8.931984069987083785e+01 8.352842960829686092e+01 8.352842960829686092e+01
6.025556760505118348e+01 4.679249188667468218e+01 6.672134207325592570e+01 8.344681263087321099e+01 8.928984723327657491e+01 7.823359759476007014e+01 5.588221763205628179e+01 7.823359759476007014e+01 7.965329502286292040e+01 5.977459968686336822e+01 5.000903271606586742e+01 6.078013000535057841e+01 5.604481260292629941e+01 3.783559281942406471e+01 5.715789490491930280e+01 4.716342287357805674e+01 5.380079372239126201e+01 6.266439041690298950e+01 7.660232402647736194e+01 9.621487436489800871e+01 9.745904075347182527e+01 8.056942518857205471e+01 9.745904075347182527e+01 1.012954712801433459e+02 8.190176314470349439e+01 1.012954712801433459e+02 9.496375414750620791e+01 8.496888715000764591e+01 7.657158433341321313e+01 7.009378339097969501e+01 6.479415567688390354e+01 4.695255040721050932e+01 6.633730768402429590e+01 7.682175230786175746e+01 7.934903364817500915e+01 6.932121523348222070e+01 8.937685206286795392e+01
7.495191964984641686e+01 5.674189458717454215e+01 5.527243997102531381e+01 6.939428815124735195e+01 8.932623944900620927e+01 8.467841284119933221e+01 6.226508184230884524e+01 8.467841284119933221e+01 8.803870092286899762e+01 7.776437005900898214e+01 6.126755605746254929e+01 7.776434525304341605e+01 6.592980737986229656e+01 5.775615016524736944e+01 3.958108667348042076e+01 5.948938359574393786e+01 7.354450747687936030e+01 8.167928021570752151e+01 9.047319293536207852e+01 9.651964099009198605e+01 1.046616853640032616e+02 1.007571421698650767e+02 1.091111488981381825e+02 1.093892005734374209e+02 9.306804384562677512e+01 1.093892005734733601e+02 1.025066548530152062e+02 9.248136460379825508e+01 8.418277282484316970e+01 6.818265493690488199e+01 4.867348500901723440e+01 6.633730768402429590e+01 4.899658965684103151e+01 6.855146098339564276e+01 5.933643893291323224e+01 7.934903364817500915e+01 7.714703493566453574e+01
8.491131306302347070e+01 7.086512596599271774e+01 7.523222152408138186e+01 6.680186637099738789e+01 8.674830082610775150e+01 9.301648163574100181e+01 7.563275663649316982e+01 7.688863766631371277e+01 9.808274029612375955e+01 8.914568393762068865e+01 8.092041622897880870e+01 7.768271962894665705e+01 6.944204687490670835e+01 6.075210453128461552e+01 4.086694136412380374e+01 5.673666729924815399e+01 7.830405710407677589e+01 8.953307684983086290e+01 8.262066682179600718e+01 7.686352323697937550e+01 9.651964095526881238e+01 9.547175706334930112e+01 1.036135404737434129e+02 1.206485155235982347e+02 1.125343184972191324e+02 1.083774160926675734e+02 8.836353300785405906e+01 7.415193544711569018e+01 6.410627910278596175e+01 5.662368853033049021e+01 4.988928844100803417e+01 6.951596803403518265e+01 6.855145877242132713e+01 5.107702555293100488e+01 7.081561384851490004e+01 7.799157835159179797e+01 6.558068860939852129e+01
8.598114853625783383e+01 9.078932775183686488e+01 9.493012690174688828e+01 8.092924227143699056e+01 9.493012690174701618e+01 1.044624351723931284e+02 9.595133065601389433e+01 9.229547334875823594e+01 1.060641818551426780e+02 9.587536291892541840e+01 8.431105647933198100e+01 6.944658735148786377e+01 5.010458654200226647e+01 4.613389251692732529e+01 4.216611906479335659e+01 5.824247678460515942e+01 6.410244200787968794e+01 7.164453340093950828e+01 6.289451656274589197e+01 7.802750448661957705e+01 8.158774952280730020e+01 7.583680529943160309e+01 9.547175706334971323e+01 1.116956571996239518e+02 1.122887203693553744e+02 1.023669508069974654e+02 9.418309666863636664e+01 8.752079428573607345e+01 8.171452879065410002e+01 7.077237060432163673e+01 5.114058824221784505e+01 7.088834112657879416e+01 7.909405853984753776e+01 7.081563486779950267e+01 5.332306557643727274e+01 5.804019776590705959e+01 7.799158031458522089e+01
8.328015609821555643e+01 8.328015609821555643e+01 9.161398227292596630e+01 1.007967509090651674e+02 9.772120841571647532e+01 9.837548610390209092e+01 1.065231043851403427e+02 1.120544386520541167e+02 1.018378344534905438e+02 8.766193948992223284e+01 6.754872659228021803e+01 5.624868189134559060e+01 6.944204759822616779e+01 6.540852514508557647e+01 6.203931751435104047e+01 4.410641668413610006e+01 6.394724312902978625e+01 5.200532325772888953e+01 5.507236416049212124e+01 5.849311356885559832e+01 6.208738912046922565e+01 8.158774952281051185e+01 8.387063578724533386e+01 1.035605504689991392e+02 1.041404751141174074e+02 8.422571822315791223e+01 7.421571261492120186e+01 6.755366080062974277e+01 6.179206367613448947e+01 6.825943709514844215e+01 5.242021446663328987e+01 6.196679240352744245e+01 8.039639640260051578e+01 8.150171986203167762e+01 7.321962517751616417e+01 5.582991297722581692e+01 6.996086230240385362e+01
