MOVIE_S4_data/elevation_000582.asc
nrows	100
cellsize	150.0
xllcorner	0
ncols	100
yllcorner	0
NODATA_value	-9999
[rows 51 to 67 of 100, columns 0 to 36 of 100]
1.045510899316130261e-02 2.001045510898824986e+01 2.309017914828733709e+01 3.722127537141521003e+01 4.563055866708120334e+01 3.737078711175174561e+01 2.790683317872165148e+01 4.744979084639243894e+01 4.230305177380780179e+01 4.230305177380780179e+01 6.229349179251926927e+01 7.658213943843001914e+01 6.932734682186165287e+01 5.701343549495710761e+01 3.627292277811712040e+01 4.378779438599782026e+01 3.700171390304332419e+01 2.142957990936016444e+01 1.285436855393112943e+01 3.303692711972315266e+01 4.286237157644516316e+01 4.783242915174155740e+01 3.357442468864876162e+01 2.128783334396531401e+01 4.213488722074355763e+01 5.301484068710831821e+01 5.527351491450045273e+01 6.129502865161107650e+01 6.835142448422367067e+01 6.835142448422124062e+01 8.812291864017707610e+01 9.874469958197497022e+01 9.080561247940545400e+01 8.426478485849980871e+01 9.047721314386869551e+01 8.108373445798896739e+01 9.101910646800246241e+01
1.199560344128819747e-02 1.415597953909441920e+01 3.421324580096613488e+01 5.122875030452278367e+01 6.508116315109457162e+01 5.567113309580461333e+01 3.859071645231831837e+01 5.567109579499499006e+01 6.229349179251926927e+01 6.229349179251926927e+01 7.056830232915734769e+01 6.932734682186165287e+01 5.169139271060498686e+01 5.685684407709732824e+01 4.389502641824064710e+01 2.377355157200502234e+01 1.733087672179409111e+01 1.139714224024076117e+01 3.157262337130958585e+01 4.137853799537015220e+01 5.959055278826740221e+01 6.209043361507619352e+01 5.033883186060879211e+01 3.622492679830304496e+01 2.446118254563007355e+01 4.476119117523284530e+01 3.525803600800161064e+01 4.132392691564380272e+01 4.839292310831559263e+01 6.254124145658671807e+01 8.237844714941465440e+01 8.764995150328753937e+01 7.156834358875417479e+01 6.661352939082779301e+01 7.143518829221747524e+01 9.047721314386869551e+01 1.075284803653828902e+02
1.680456789927393946e-02 2.001680456789891949e+01 3.244177869279087645e+01 4.100538453308938358e+01 5.108299569109951932e+01 6.438972032420437586e+01 5.763610476138818939e+01 6.580258178896183097e+01 6.813628457899295654e+01 5.979041053669475758e+01 6.600737928022668655e+01 5.738356930675187328e+01 5.640978172778743271e+01 3.835563515137474155e+01 4.701740840063727944e+01 4.345671623289163676e+01 2.905737388465264104e+01 1.036539769125745458e+01 1.935004604995947020e+01 3.106600115591211519e+01 5.132071657072953741e+01 7.016244406224117824e+01 6.415672358269179654e+01 5.285872656972353667e+01 4.476122945621654736e+01 2.728440033827997269e+01 4.742279904350325381e+01 6.129502865161107650e+01 6.835142448422367067e+01 7.652067703485602124e+01 8.233442142973331102e+01 7.431666202835313584e+01 6.012318242899846155e+01 7.969897063692650363e+01 8.497729176227444725e+01 8.497729176227444725e+01 1.037551979352994209e+02
2.570751284471603157e-02 5.619929890221457391e+00 1.156985367168327095e+01 1.907103197598416244e+01 3.199637902283754798e+01 5.760188213963346016e+01 6.591184171585950935e+01 7.286187348368865457e+01 5.758564501059599650e+01 4.045690198002355231e+01 5.155501885993388100e+01 3.442681138634316085e+01 4.382161784616719302e+01 3.803526567846608231e+01 2.771102095746398675e+01 4.511941214392847144e+01 2.943928972709662162e+01 9.314171555015462900e+00 2.955390533162099231e+01 4.794295203378818115e+01 5.472857538808229805e+01 5.125081492672511985e+01 7.016244373017093494e+01 6.352771712362279288e+01 4.359481860889854232e+01 2.938132445938666493e+01 4.943302908288350750e+01 6.846219520946081616e+01 7.660559407765266826e+01 8.795357259425166774e+01 7.431666202296517554e+01 5.458788318586618260e+01 7.431666202835313584e+01 8.765004922349267247e+01 1.037551979352994209e+02 1.037551979352994209e+02 1.116657605396060973e+02
2.050012024463924304e-02 2.002050012024428227e+01 3.235871639017371137e+01 4.065680355102544752e+01 4.969041450819005945e+01 6.189628509065043716e+01 4.865174075016551569e+01 6.318083777775135701e+01 4.901775294894230939e+01 2.940848926960547516e+01 4.250939878156483331e+01 2.179696131112113022e+01 2.418513731038776626e+01 1.817567237684587411e+01 3.789091216146326246e+01 3.803407057797762292e+01 1.983455776577969587e+01 8.262801254506412008e+00 2.315910356190521568e+01 4.585949366550686790e+01 3.586590799124476803e+01 5.438553482183669985e+01 5.437864331803390883e+01 6.220013707349185239e+01 5.147621179157341942e+01 3.150916633130501765e+01 5.147620884128131991e+01 4.861585971411842877e+01 6.846219546027242586e+01 7.407940226462127953e+01 6.020522708014901525e+01 5.104513014995819731e+01 7.079913390446375843e+01 8.400544824287825918e+01 9.198092723592000652e+01 1.015837427011898768e+02 1.143211838343183615e+02
2.927968592160756431e-02 1.414436431609366451e+01 3.352510344015659882e+01 4.785031546367154220e+01 5.508714803740528509e+01 5.550420726723465492e+01 3.783950488513180233e+01 5.547974580118837196e+01 4.108804868065801230e+01 2.133085702998241473e+01 3.185332166015007260e+01 2.645922801323484563e+01 9.971188574380322578e+00 2.572200529224164001e+01 2.620448291719527134e+01 2.651672558683198133e+01 2.600289956575312544e+01 7.262173980620958424e+00 2.752933184870143180e+01 4.604567109785917012e+01 2.763542600311853192e+01 4.191288041145044474e+01 3.675444590836842451e+01 5.437864306334802933e+01 5.967818814476033396e+01 5.147621179157758320e+01 3.456678205283713368e+01 5.442871665345438714e+01 5.972094909750200742e+01 6.200318149656664701e+01 4.623054602958218595e+01 5.188765541677447146e+01 5.787510458310807593e+01 6.454415605344233597e+01 7.442287896528827673e+01 9.358801752046822742e+01 1.074325947837920268e+02
2.800573862316051849e-02 1.907575622276476679e+01 3.706405933834209776e+01 3.032344656744088596e+01 4.469755326465435274e+01 3.914238495639023796e+01 2.904277949464645303e+01 4.621100923748119982e+01 4.724125625455137367e+01 3.200195417613208093e+01 1.197759988758659588e+01 7.098011104445860475e+00 5.600851266086449343e+00 5.906420264418972721e+00 6.213656036711211250e+00 6.521961196968521612e+00 6.830483857439271667e+00 8.396324264670456117e+00 7.684706578652198417e+00 3.539879069432236491e+01 2.107726148166756630e+01 2.465129753867348938e+01 4.182585756046346859e+01 4.381602589678135473e+01 6.228403585724467462e+01 6.261068072756187775e+01 5.442871355190509775e+01 3.773071367043921498e+01 3.998975255728072398e+01 4.230653592957579434e+01 4.667263101671579761e+01 6.616255295675941284e+01 7.751364930986542845e+01 8.400544824287825918e+01 9.198092723592000652e+01 1.015837427011898768e+02 9.912676593794057567e+01
3.653205470537677219e-02 1.393188293337973427e+01 2.704527090825855495e+01 2.089163158011489330e+01 3.734610776076385008e+01 1.876467751359491842e+01 3.049409083061507530e+01 2.674307879688125666e+01 4.618924325833248190e+01 2.766741604523885556e+01 8.188459161265198460e+00 5.172266555593875381e+00 2.505594057839229905e+01 2.595796209701635249e+01 1.651743380378643167e+01 2.357764085531825415e+01 2.198757118662296506e+01 2.721270806592252711e+01 7.954667266217477106e+00 2.769134234927891214e+01 1.474720212068026726e+01 2.881276212898860223e+01 2.339020675386498027e+01 4.121173108468174462e+01 5.659842089063234738e+01 5.448016049139253170e+01 6.289080071272880446e+01 5.170793650550505305e+01 5.135461052472058441e+01 6.200318148380509342e+01 6.616255375278383610e+01 5.315868603164940964e+01 7.241905643391446290e+01 8.749674388697579275e+01 8.913139980220958591e+01 1.081452319416777357e+02 1.074325947837920268e+02
4.500159517621803856e-02 6.092937576657978305e+00 1.143904242951796313e+01 2.743151356627363313e+01 2.960017960215711241e+01 2.815599168341727676e+01 1.012949320482411686e+01 2.431425663754777133e+01 3.247257828610018748e+01 3.443454052183640357e+01 2.506513134127000697e+01 4.871755394824804242e+00 2.462370114734158477e+01 3.647750005397488593e+01 3.498066432342696430e+01 3.982714364944060037e+01 4.259970823124391615e+01 3.357547268425313547e+01 2.013703806580438282e+01 8.288310718417973177e+00 2.306614558147328609e+01 2.599761678749829130e+01 1.085000995099553833e+01 2.664497627293129511e+01 3.997212765565344483e+01 3.406875825330828889e+01 5.448016044022448057e+01 7.150990062249553603e+01 7.114958003525390495e+01 7.926026160986268110e+01 8.042339464709364449e+01 6.670093235640736395e+01 6.071078820128795428e+01 7.004351332137463260e+01 8.913139980220957170e+01 1.047084231690930949e+02 1.146891941434633395e+02
4.567435126880908108e-02 9.567303966407134652e+00 1.679138223164261490e+01 2.075374787510289920e+01 1.508478135309492885e+01 1.694448054667585879e+01 2.169780084449476121e+01 4.141018249001500173e+00 2.364388039808330433e+01 3.619082437896848603e+01 2.467214596999270526e+01 4.571615801736633067e+00 2.365474795558941068e+01 1.956609119972832289e+01 2.674288783832694705e+01 3.455126831874795101e+01 4.888165086215430932e+01 4.292137859245802645e+01 2.601128289718264597e+01 1.051682743793210939e+01 8.630938167975218178e+00 8.896036256814630505e+00 9.189037048225447535e+00 1.817847364398485155e+01 1.968076334018234519e+01 3.392089458134498159e+01 5.360482702290634194e+01 6.240655198087517874e+01 5.526273536325992097e+01 6.458856093292092737e+01 7.937818813023498876e+01 8.575577792504530805e+01 7.958745656179215189e+01 7.154694697552287153e+01 8.082140404870065709e+01 9.003569981115397525e+01 1.062643769738185284e+02
5.351880592384315738e-02 3.517274788827271514e-01 6.499693064025489075e-01 4.999747433263828533e+00 9.829001271636972348e+00 1.794336020317412350e+00 2.094165622290795170e+00 2.394072099437204670e+00 1.605635313342578385e+01 2.674088515976829328e+01 2.378001900989622186e+01 4.271056611283770899e+00 1.043731406894138658e+01 2.911584996241889911e+01 4.237015688588961382e+01 4.854869256644303732e+01 4.771878855668542485e+01 5.622429317121105896e+01 4.082699884438259375e+01 2.187933044234883084e+01 3.158114136967545349e+01 3.019643831120832900e+01 2.927809181854042464e+01 9.635902125277970853e+00 2.744637289831986493e+01 3.689874678119851126e+01 4.010600257164104931e+01 4.223041936030642773e+01 3.199807938188431677e+01 4.559089701244615611e+01 6.958059259204617319e+01 7.388862307748804881e+01 8.198051752927432290e+01 8.922044005675603273e+01 9.616209664066472840e+01 7.807978795846818798e+01 1.017258482244998135e+02
5.706225480597197641e-02 2.003359615680417249e+01 2.188405914719404421e+01 1.071981409061816937e+00 1.370488370691616886e+00 8.380070834199813135e+00 2.211660301419902197e+01 2.245449734844703471e+01 2.819296586606246713e+00 2.045623094146494125e+01 2.148324811156350123e+01 3.969925697349883542e+00 1.818939234263097759e+01 2.859863234773798624e+01 2.999676267087048487e+01 4.957766907360458220e+01 5.869655897886404716e+01 6.622508768137873858e+01 5.558377138685164454e+01 4.614839986848281939e+01 5.206209481267006822e+01 3.672351360784328023e+01 1.664404454439839398e+01 2.967643306321216201e+01 1.009459122479624504e+01 2.827041319163927469e+01 2.503477099962466923e+01 2.006634693037517891e+01 3.273251548840146796e+01 5.520481448017422110e+01 7.087645403601409555e+01 5.423556397261559425e+01 7.087645403601409555e+01 7.239605757855011348e+01 8.075223518623599261e+01 6.721544440889020677e+01 8.766752867889047707e+01
5.506323356023958698e-02 1.547477898155099041e+01 3.348019087789164416e+01 3.560812718224735107e+01 2.476460578374883426e+01 6.256580118664469836e+00 2.742959278107515075e+01 2.908947974721078822e+01 5.250423118044932558e+00 3.244381191375828255e+00 3.544826783561186634e+00 7.066973351332883624e+00 7.940133953614837203e+00 1.093091966442477592e+01 2.999682222707597035e+01 3.260987209777655238e+01 5.388129424145703439e+01 6.787685723040773667e+01 7.190557888387459684e+01 5.828905626122698891e+01 3.855394960404834137e+01 2.440348423825160040e+01 3.625924174823968116e+01 3.031181608806819838e+01 2.769623124363794986e+01 1.055574601032660986e+01 1.062989252071697344e+01 3.467396537622528285e+01 5.135453924775386980e+01 6.420156692465431547e+01 6.264107686772746320e+01 4.263314527188001790e+01 6.259984859000946500e+01 5.210270461633268724e+01 6.678422999352399358e+01 5.667170606488470952e+01 7.884756135772990149e+01
6.166659562896406599e-02 2.006166659562860843e+01 3.590567065593475604e+01 4.590567055464504165e+01 3.610272930246652834e+01 2.742959278109978882e+01 1.175118799458043206e+01 3.298031209367089645e+01 3.068127253146074551e+01 2.419202581812806230e+01 4.599093215436796278e+00 1.756876796039195554e+01 2.852805633171507438e+01 2.999695417807733833e+01 1.565958114111406907e+01 3.469471338986550535e+01 3.849865375830555081e+01 5.922609248514897473e+01 6.413888309436950408e+01 4.536984680070280262e+01 3.432149538758817187e+01 4.435664102653821317e+01 4.852761313088419115e+01 4.097751311007783670e+01 3.373069694844478761e+01 2.071664938096518682e+01 1.101858797907539866e+01 2.609000379884820831e+01 4.948742627665878757e+01 6.686835813173055953e+01 5.558614997232815114e+01 3.523064430667456293e+01 5.322164353889525046e+01 3.990136434814196065e+01 4.577359178539983020e+01 5.810571744897526969e+01 7.864066274549004731e+01
6.211000661219646946e-02 7.621399466796773936e+00 1.762139946679695157e+01 3.762139946704265014e+01 4.631366505019991564e+01 2.551784318261238482e+01 3.316123245720304169e+01 1.875166334068198282e+01 3.981177692868774187e+01 3.605906874887698876e+01 2.676004902084125447e+01 1.051128200268609447e+01 3.240608464949934131e+01 3.965597001982020942e+01 2.054939195987906686e+01 2.276991298787533324e+01 4.215891464942023248e+01 6.064684146166585776e+01 7.079367350896048094e+01 6.186342990812403286e+01 4.569419603016622489e+01 5.971989105036215761e+01 4.837101547530446055e+01 3.634949694758542904e+01 1.542987207808774563e+01 1.147050788966683399e+01 1.199326487892995452e+01 3.151609296494295975e+01 3.899743296079686417e+01 5.252907243214950483e+01 4.424716429123171224e+01 2.826991109009264136e+01 3.256046022261759987e+01 4.214412232229042843e+01 5.388895813970091808e+01 7.396517716063577552e+01 8.712586957540781896e+01
7.336735264618567121e-02 2.007336735264583183e+01 3.590567078027399361e+01 4.590567091866402905e+01 5.491828879824200271e+01 4.027252227334531653e+01 4.838077191452531167e+01 2.957139396577720802e+01 2.735261675451702601e+01 4.785210479411452411e+01 4.166687094885211451e+01 3.240608464949934131e+01 1.764116828542132964e+01 4.024145423667869181e+01 3.965597255606070348e+01 2.804125414455324972e+01 3.167366889347501058e+01 4.184462435383183276e+01 6.346721526358962251e+01 7.301858927183835135e+01 6.515037232778443865e+01 5.183715158040594417e+01 3.244116263593558358e+01 2.030977228392556100e+01 3.434948809271394055e+01 1.178977088984728283e+01 2.032585617314041571e+01 1.798742267890500557e+01 3.950266282769806025e+01 4.003888415323468308e+01 2.318907799170179374e+01 4.422525838160547096e+01 5.323107709503194229e+01 6.158443749758803420e+01 7.072950830235468800e+01 8.234776931213474427e+01 8.763192711502993859e+01
7.164818186532601052e-02 2.007164818186496902e+01 3.592056987034374060e+01 4.486484178034305614e+01 5.641184716413577149e+01 6.089827398801477187e+01 5.866794587255315463e+01 4.401261751372993558e+01 4.785248524795365910e+01 3.658897557234392650e+01 5.696484692425907070e+01 4.627609763782312058e+01 2.317768777810391612e+01 4.627609763782305663e+01 5.393283377970045933e+01 3.362768051705160133e+01 4.585847386439311890e+01 6.064688352788459724e+01 7.227783977218273037e+01 7.646753575556267890e+01 5.752599749158662235e+01 5.596648475036444381e+01 4.370051232508248518e+01 2.381382067106889977e+01 4.042346992594589494e+01 1.541070878405929001e+01 1.226066312164449812e+01 2.044462445011824769e+01 3.588933792105961373e+01 1.901540991672126424e+01 4.002623528936287300e+01 3.293096601376890931e+01 4.335927402202207048e+01 5.500641632826448557e+01 7.483371553167134493e+01 9.053039335252442754e+01 7.949345460161424626e+01
