MOVIE_S4_data/elevation_000083.asc
nrows	100
cellsize	150.0
xllcorner	0
ncols	100
yllcorner	0
NODATA_value	-9999
[rows 17 to 33 of 100, columns 37 to 73 of 100]
7.693683665822612738e+01 7.157089992550211832e+01 6.522843336230650380e+01 5.723654817610326262e+01 3.909170546632080345e+01 5.926206926226690541e+01 7.468274298473777151e+01 8.018820979989290265e+01 8.844141214099933279e+01 9.850719577526506043e+01 1.050411726421502152e+02 9.645640226601473444e+01 8.929773653673686340e+01 7.742415588285288663e+01 5.784438514842602785e+01 4.883413910867464125e+01 5.241241720899459722e+01 5.602702511468778113e+01 5.980210803546929554e+01 7.953837432623512882e+01 9.002349011155365588e+01 7.767162598364457438e+01 8.513283000384299726e+01 9.507579143030081070e+01 1.150459980412913268e+02 1.310092758337376608e+02 1.119558535978528653e+02 9.923863673376843053e+01 9.336371382806379415e+01 8.784940626355199811e+01 8.335676135342919224e+01 9.629973437323420171e+01 9.290555004356465929e+01 7.559855026335392836e+01 7.718221576942612216e+01 9.942515459630861585e+01 1.149627131670779079e+02
5.768254978657748921e+01 6.278241271259803113e+01 4.908247341646355721e+01 3.726765565272800274e+01 5.738454309511993046e+01 6.761765315673392251e+01 8.567421431507897012e+01 7.980975943233445946e+01 7.980975943233445946e+01 9.941433136645120783e+01 9.645640226607511636e+01 7.561725193031259096e+01 7.975678866360409813e+01 6.648843506419012783e+01 6.727486262741821577e+01 4.770108510362467058e+01 6.436362430049707939e+01 7.579857158413859963e+01 7.953837432623512882e+01 6.575457928833243670e+01 7.025514827978331311e+01 9.002349011155365588e+01 9.019782867201099918e+01 1.101436208637474437e+02 1.233221606648927775e+02 1.299123219788890253e+02 1.254977788308207352e+02 1.175364717659329727e+02 1.114371934218781064e+02 1.059878342883484379e+02 9.094482811223831220e+01 7.760888304343131949e+01 7.389599274527137140e+01 9.290555004356465929e+01 9.942515459630484997e+01 8.925547874680104599e+01 9.656182002107543383e+01
6.358411669893079932e+01 4.361568548164371606e+01 3.546942138205032791e+01 5.543917177357729287e+01 5.887398590787799435e+01 5.792693857634242249e+01 6.925339978902357529e+01 6.006073153090488148e+01 7.407003362701468063e+01 9.366668331584024543e+01 9.644739014909725938e+01 7.561708278829773633e+01 6.122199170698497284e+01 5.363549003048933628e+01 6.055480377119653923e+01 4.657201674676318959e+01 6.484900721519662170e+01 8.843616095323238824e+01 9.373457076290215184e+01 8.548832146281392852e+01 9.002349011155365588e+01 9.828095733700361336e+01 1.042929410269560151e+02 1.184189197232992541e+02 1.243568888832000567e+02 1.107898685622936199e+02 1.243568888832000567e+02 1.237120674037442285e+02 1.157481317180982785e+02 1.175639221081999608e+02 1.040137229458264869e+02 9.179876233531180674e+01 7.276557034089499609e+01 9.024516905137328138e+01 9.769562714262966097e+01 1.058458991338170279e+02 1.149627131670779079e+02
6.944823273654925799e+01 5.453300614316446371e+01 3.422634454560456163e+01 5.186043916161801093e+01 3.890322203144710755e+01 4.375323753940758564e+01 4.933686562376804119e+01 6.925345998533616410e+01 8.794733775906041728e+01 8.950817806125608911e+01 9.777510223351144703e+01 8.461282750113407758e+01 7.639528075715091404e+01 6.497128176025451296e+01 4.498600205693860943e+01 6.268252674695018811e+01 6.706374054159863363e+01 8.774007642293695142e+01 9.594169071003990723e+01 8.966906508331041437e+01 9.794622389324820233e+01 1.094606167829024201e+02 1.242684114748322202e+02 1.281758163080768327e+02 1.163907054902467308e+02 9.755940417818301569e+01 1.163907054902467308e+02 1.157481317180982785e+02 9.738480343108088277e+01 1.027632977611935985e+02 1.049093430012172661e+02 9.639413249582736398e+01 8.865719512653772938e+01 7.118038044789025776e+01 7.855014855478884783e+01 9.218918834951973906e+01 1.118764127541824394e+02
5.499342952629654491e+01 5.903286175012505765e+01 5.075383801541460116e+01 3.246673030778305247e+01 5.245131682644714033e+01 6.372123437508154353e+01 6.347797154702062983e+01 7.740719133201982061e+01 8.631372627087681337e+01 6.971545339968244548e+01 8.631372607439490707e+01 7.641439659376923998e+01 5.656350643963833846e+01 6.229512209735297290e+01 4.388873423947826780e+01 5.897109670933787839e+01 8.087697810818158928e+01 9.014805340985380155e+01 7.608202955031342185e+01 6.985867264129109344e+01 8.125622486035334191e+01 1.011612184431644152e+02 1.186036831034857926e+02 1.201942777307681496e+02 1.012783168267303324e+02 9.046394643472766006e+01 1.012528744219598025e+02 1.091352569517951139e+02 1.027632977611935985e+02 8.463302004563458070e+01 8.682490542102324582e+01 8.718085438867996118e+01 6.962971040757227570e+01 8.309117827059795047e+01 9.747993189400821734e+01 1.061394383150772569e+02 1.107558109763261172e+02
3.495829455055196178e+01 4.908311317688094988e+01 3.076058203700961258e+01 3.682761986221521511e+01 5.048160514798467347e+01 7.164111369549240749e+01 8.317434057245414181e+01 8.695377593204695188e+01 7.807772321190313392e+01 5.826693959079477736e+01 6.748738383218824310e+01 7.569626823147437733e+01 6.238075162779175997e+01 4.234560565665795906e+01 6.238074986277121070e+01 6.603060941104392612e+01 7.424436012901291804e+01 7.547953303630097821e+01 6.211359173822455659e+01 8.189878954639479502e+01 8.040649558618942194e+01 9.031952140350183811e+01 1.102916077593335729e+02 1.217581795887893037e+02 1.028115955329295446e+02 8.955464827223779878e+01 8.229188966511560466e+01 9.540140394624695830e+01 1.032774067322404221e+02 9.308609660309035405e+01 7.453715848493993690e+01 6.810245341182749712e+01 8.585326922361035429e+01 9.395547525806192368e+01 1.085793235429125048e+02 1.047102106506930284e+02 1.020133340104689097e+02
4.749286182122254729e+01 2.906210835152088023e+01 3.603988749265375446e+01 4.470031338579786251e+01 5.169521377396741002e+01 7.206254251520749676e+01 8.095690823306915718e+01 6.673714556429453637e+01 8.095690823306971140e+01 6.748735561443000108e+01 4.756056110783649871e+01 5.899685621825147308e+01 5.994594609276507668e+01 4.127122971121183781e+01 4.363451367148910265e+01 4.603788569350828652e+01 6.603062420516745590e+01 5.564612300863394978e+01 7.547960494846535084e+01 9.015611401701536920e+01 1.003055645814177126e+02 1.086037218343680877e+02 1.186036831034857926e+02 1.238604014259261561e+02 1.048771818414950303e+02 1.083609215226434941e+02 9.540140394624695830e+01 7.625999335450215710e+01 9.009254160358005947e+01 8.699118710576685487e+01 9.047909078571012742e+01 8.218152051294495664e+01 6.661727670983366068e+01 8.729361339029310329e+01 1.047102106506930284e+02 8.563965652127761530e+01 8.919107658191813925e+01
2.742835192351977724e+01 3.337527502063834817e+01 5.487483452515822080e+01 5.140670214186894782e+01 6.966860450391585857e+01 8.047669952041133001e+01 7.265845950626733440e+01 5.206562323526562608e+01 6.076917994182659299e+01 5.674267376798286477e+01 5.728016170671876495e+01 3.895334535170064783e+01 3.989774505764947321e+01 5.366497858080918348e+01 6.360223685409916072e+01 6.603047106182862080e+01 4.955983445054676650e+01 5.310381752782124209e+01 7.301992492015908454e+01 8.192323728267504634e+01 9.009195552605045521e+01 9.863765652631258263e+01 1.066797165056098464e+02 1.170503982909788192e+02 1.238604014259261561e+02 1.139561770838090524e+02 1.032777865071552981e+02 9.009254397769318246e+01 7.085656959299400626e+01 6.782955341542040628e+01 8.266387126123933626e+01 6.515423644543137982e+01 8.368106096521954385e+01 9.489596564897458109e+01 9.905069906807375446e+01 8.737038336278311590e+01 6.990268400443257235e+01
4.590907824748903465e+01 5.403819744992713936e+01 6.699905610182071314e+01 7.209084334271841499e+01 8.045974374991045863e+01 8.167455424216610993e+01 7.028339542403942630e+01 5.999819454525350437e+01 4.120377430856738243e+01 3.673297675974831122e+01 3.764536373434458483e+01 5.756935027503560320e+01 4.551520824669670162e+01 6.468320399417950739e+01 7.943105361718546931e+01 7.773518379407921941e+01 6.949965263553949057e+01 5.902208180200356225e+01 5.825504051767445191e+01 6.200507327540552183e+01 8.146396239338959333e+01 7.920822140392277788e+01 9.036695242639048331e+01 1.091444572756826545e+02 1.169474488329161233e+02 9.800918696317259560e+01 8.720806403439810595e+01 7.998343700491506070e+01 8.277439686621738701e+01 8.282479432516147710e+01 6.370852657331718660e+01 8.143927075905550339e+01 8.936113487691676482e+01 9.781506433632203823e+01 8.616379189627772917e+01 6.258838792204491597e+01 6.140729609782757592e+01
5.419064230465929199e+01 6.322861328497022981e+01 7.143717111654014218e+01 8.539935563018130438e+01 7.978413226577683304e+01 7.331127173388856022e+01 5.377143446309598573e+01 4.324147607256736592e+01 3.545012562521861099e+01 5.543484141330395687e+01 5.705733832957637475e+01 6.559843311511900765e+01 5.948305155755802787e+01 5.495195618021017481e+01 6.878856686822776112e+01 8.852800615292733255e+01 8.574070989293159073e+01 6.604017792196805203e+01 7.815888910690529201e+01 8.192323728267504634e+01 6.780524781192895034e+01 7.674829912844359114e+01 8.897070225908834118e+01 1.116524791924344981e+02 1.249648005462893252e+02 1.139561770838090524e+02 1.060122686373904628e+02 9.890302287333588538e+01 9.962373946496497013e+01 9.003010956340202142e+01 7.907905592835591335e+01 6.235621673487700178e+01 8.006529418632015904e+01 7.639846539848612395e+01 7.615132943050163306e+01 6.041002801809802492e+01 7.957030919478165742e+01
6.020523026701012981e+01 4.392509996855555698e+01 6.020543399892464009e+01 6.548939461778488180e+01 5.956832041342152451e+01 7.363808799695371476e+01 7.027089316849733791e+01 5.452319968380962933e+01 3.456054240205653372e+01 5.324434050342002678e+01 6.150571127777156732e+01 7.181058755678427019e+01 7.801208374712696525e+01 6.891579350686117778e+01 6.878860515833497402e+01 8.852870308263631216e+01 9.391131241055789758e+01 7.597814153400078396e+01 9.071896644161327572e+01 9.388050078185978009e+01 7.365085039918542975e+01 9.360360813797491630e+01 1.069524823839986425e+02 1.219473419798456177e+02 1.226380092254062362e+02 1.149134263314146551e+02 1.082608017561904745e+02 1.025643316504957312e+02 9.750307905428044819e+01 9.440422487547365904e+01 8.890121921052423204e+01 8.006537753778393096e+01 6.100774411552549026e+01 6.005084489498209166e+01 7.784264000015717500e+01 5.969654261400904005e+01 7.885196152842998174e+01
4.447803105897664011e+01 3.270133973297068053e+01 5.208372404045910287e+01 6.501865054212174755e+01 4.395974354075116253e+01 5.815614985627772882e+01 6.575488904909167331e+01 6.012832008457640853e+01 5.194178208502439276e+01 3.330143864148788424e+01 4.327397806490499477e+01 5.756514281006126055e+01 7.841544524970933594e+01 8.938642181416500421e+01 8.852870308263631216e+01 9.694678525891414722e+01 1.046390517586324904e+02 9.624562709416161965e+01 1.037505514358745700e+02 1.025199454778533550e+02 8.519948742185792412e+01 8.767131154461495157e+01 1.105765974851791356e+02 1.251813548826461044e+02 1.068854025444187954e+02 9.595565167265799289e+01 8.925964095411863752e+01 8.353924070612309549e+01 7.839340100123412469e+01 7.366798517834270399e+01 8.669913904216660683e+01 8.569566406054795493e+01 7.768584841909321881e+01 7.774122694187174432e+01 5.868822213697210799e+01 6.416836447558056022e+01 6.736135857362239676e+01
2.430918698697641389e+01 2.505765786055330224e+01 4.522307931155197736e+01 4.699664094396578662e+01 3.500397354431923702e+01 4.136314814738736345e+01 4.984675011323241023e+01 5.071504803067210787e+01 3.204577512267997008e+01 4.799573055285579670e+01 4.727486985377638717e+01 5.866058663306585430e+01 7.266026216604522858e+01 9.275787595606206537e+01 1.065174393160189084e+02 9.812992648730879353e+01 1.058280620903074407e+02 1.025214909429032986e+02 1.111264448254934365e+02 1.139184303552155484e+02 1.053149154631958027e+02 1.080469504934547871e+02 1.205895642540433244e+02 1.327777339974789186e+02 1.226458908575523736e+02 1.149134263314146551e+02 1.082608017561904745e+02 1.025643316504956317e+02 9.478499514479203469e+01 8.074901174395327530e+01 6.738909770091474627e+01 8.097371566494886963e+01 8.198905253003739801e+01 7.428884803701103579e+01 5.810859210603162239e+01 7.778617082945041261e+01 8.672081571795806099e+01
4.115900181580812500e+01 3.275906148348790481e+01 2.613773290367666746e+01 2.691113221834285696e+01 2.769058671534961391e+01 4.584841030758201441e+01 2.996372869296222063e+01 3.077757557153391588e+01 5.052058766796042732e+01 5.502650130199054246e+01 6.329407920965261525e+01 6.923713704212104858e+01 7.749897456704778165e+01 8.908122848754946688e+01 9.612005619817510649e+01 7.770591158555886580e+01 9.476544684543654284e+01 8.190675586093560412e+01 9.905479863676805508e+01 1.043460714018282118e+02 1.131334341405549822e+02 1.297828397401777920e+02 1.222560424075191889e+02 1.211614484683468191e+02 1.156342546114086502e+02 1.077074059932509442e+02 1.064594544528886644e+02 1.041724501579062547e+02 9.636518725958562470e+01 9.294924034568236948e+01 8.098666641975120228e+01 6.176914047921331985e+01 7.564150349720669908e+01 5.728548412188546024e+01 6.177126918863085336e+01 8.057740064550814907e+01 9.818976550764978128e+01
5.862482658688997361e+01 4.180501556831097787e+01 4.040766268959039564e+01 4.703553320813985295e+01 3.881959765284062769e+01 2.880270169966931348e+01 4.890445953188302042e+01 5.048361551669739100e+01 3.329869320263031085e+01 3.508018887433735955e+01 5.508058866023853994e+01 4.928824301829872212e+01 6.084200873106625096e+01 8.072889463297441637e+01 8.728140811932738075e+01 6.798351680035865741e+01 7.793169783236439230e+01 7.056474995799770511e+01 8.981085754082047856e+01 8.377983132763175433e+01 1.043722659399609825e+02 1.222560424075191889e+02 1.038794273372733841e+02 1.023443710814665906e+02 1.023443710814665906e+02 8.932621421041409349e+01 8.809284512772370590e+01 9.013629483992221481e+01 7.830376697598688907e+01 8.161810166031358449e+01 7.901009718081309074e+01 7.544350460152507765e+01 5.646388981463844203e+01 7.319806497192790573e+01 8.052727022172373950e+01 7.004054120544951445e+01 7.893936635090450693e+01
7.064284142816276812e+01 6.227387360341413114e+01 6.046958209859461419e+01 5.422754831232106199e+01 3.396771841105218925e+01 4.906147605493839592e+01 3.342070598747192633e+01 5.369992323143424784e+01 5.336742763400392420e+01 5.508058866023853994e+01 3.766255018171130331e+01 5.771508216555374560e+01 6.871804618494851979e+01 7.870938566039478701e+01 7.812653085946834608e+01 7.255824886349014946e+01 5.832048790198819432e+01 6.392828824629484075e+01 6.993726797098494785e+01 8.359653627304982138e+01 1.034139806333844973e+02 1.219783935166438056e+02 1.033122458259289402e+02 9.068307969559430148e+01 8.431371664516086639e+01 7.920116428624812954e+01 7.569247970798946312e+01 7.247220155178328582e+01 8.161808119003437412e+01 6.397849497304476785e+01 6.122628860745991375e+01 7.277996960299168450e+01 5.588896588274681676e+01 7.161081003462497563e+01 9.361457743364209705e+01 8.997426592342181095e+01 9.818986125358907202e+01
6.546276360753229540e+01 7.624432020595054382e+01 5.990144043383800465e+01 3.944393144434992138e+01 4.818792506875828252e+01 6.221844177951067678e+01 5.371367789526472336e+01 3.825115056683365111e+01 5.864472372939279410e+01 6.594819363939744505e+01 5.771508216555374560e+01 4.039412311782125187e+01 6.047496783418630173e+01 5.960925177131455399e+01 6.778785949167313163e+01 5.288523408686901917e+01 7.255956460594694590e+01 8.357051662790233593e+01 8.981121916976432829e+01 9.845412598914880675e+01 1.076228146770408074e+02 1.171669208643809270e+02 1.167512777149953109e+02 1.078402145408418988e+02 8.987743761249372199e+01 8.932621420152709391e+01 9.347230045166053003e+01 8.560611039705359815e+01 6.803798975233736712e+01 8.160078552890432491e+01 7.539967328878947228e+01 5.730815293203073679e+01 5.531264701560880326e+01 7.635611495657603598e+01 9.829337821697770039e+01 9.290522248556652585e+01 9.267780838007307409e+01
