MOVIE_S4_data/elevation_000404.asc
nrows	100
cellsize	150.0
xllcorner	0
ncols	100
yllcorner	0
NODATA_value	-9999
[rows 34 to 50 of 100, columns 0 to 36 of 100]
6.606448164489217567e-02 2.006606448164453838e+01 3.384568589469482447e+01 4.222853222767876957e+01 4.359550255519889106e+01 3.738520783837454786e+01 4.583350503703759671e+01 5.411816019186709070e+01 6.804040047799716717e+01 5.901936373511469469e+01 6.772479210725173004e+01 6.951391221708156820e+01 5.545646205430842457e+01 3.664594448924978565e+01 5.545646205430832509e+01 4.564972610907476280e+01 4.347151100631190701e+01 2.233476393105639701e+01 4.347151100631190701e+01 5.592591584051913145e+01 6.617430039449236290e+01 7.823010355477514111e+01 6.829803447964533802e+01 5.544010853346295420e+01 3.569674626447960009e+01 4.915903402313530535e+01 6.775779570317772027e+01 7.673075757540841835e+01 6.329711938843659169e+01 4.748179115416080265e+01 3.190543362144992656e+01 2.267969454619822756e+01 2.303133729736465085e+01 2.338443779912110188e+01 2.373933362185851337e+01 2.409888589777086665e+01 3.741100163234096243e+01
6.290596198942818851e-02 2.004816595386528633e+01 2.511329610395241474e+01 2.724699495073961941e+01 2.358513060286023233e+01 2.324001147397787648e+01 2.583501494631777362e+01 4.583427674942965524e+01 5.395231567998591515e+01 6.223158618955577026e+01 6.179755534482001877e+01 7.007649771596447863e+01 6.574427572239233086e+01 5.735776954979268538e+01 6.574427572239196138e+01 6.611800392766076584e+01 4.805218388228193760e+01 2.704798157154916893e+01 3.587800811213080010e+01 4.796164019057123795e+01 6.825376463362137258e+01 7.880928222675493089e+01 5.893136846924609529e+01 4.742738216213177793e+01 3.861285982507207137e+01 5.233186883425631919e+01 7.105749988823740182e+01 7.200547988276247224e+01 5.905608492874816307e+01 4.006941565442456721e+01 2.737269917566941047e+01 4.280894173587899587e+01 4.165619179826520480e+01 4.063780725883098910e+01 2.993453155774261631e+01 4.413931757105037690e+01 2.462157551260265009e+01
5.954267593782444634e-02 2.005954267593746820e+01 5.090830338813852052e+00 7.247485802882611239e+00 9.442771002676400016e+00 1.169294680452841995e+01 3.169246874676135306e+01 4.338062267368202640e+01 3.395963450448582677e+01 4.625767625615011269e+01 4.180796162419188988e+01 5.461936077148497759e+01 5.978090469829567866e+01 6.532448633746258793e+01 7.360315146617027438e+01 6.453164321164724981e+01 4.423613484139326602e+01 3.245180472336267030e+01 5.297035524472982360e+01 6.493567722699810929e+01 7.664603055715177504e+01 8.702527987346607574e+01 7.555598857025461257e+01 6.175469419218703138e+01 4.185972377688574397e+01 5.577974924885863572e+01 7.499117821371942227e+01 6.372220060666086283e+01 4.369282695887006440e+01 3.231393139272922355e+01 4.727243983398444982e+01 5.549029861319668555e+01 5.680534819283681713e+01 3.884438809059633257e+01 4.993611650118101863e+01 3.654897812791988088e+01 3.902607105281033029e+01
5.541180393181056874e-02 2.075716893036228416e+00 8.742409271505707125e+00 2.723814818449101338e+01 2.944227352899426364e+01 3.169246874676135661e+01 1.509797292755774123e+01 3.509739591280956716e+01 2.241315154406852272e+01 2.626215302884431679e+01 3.026215025316486162e+01 3.462648826540817026e+01 3.979033288020377057e+01 4.533682064004702283e+01 6.532448633746258793e+01 7.288858250333275635e+01 6.131035939780453958e+01 4.446335198896335328e+01 4.182280298056484469e+01 5.353067650718983828e+01 7.321511484681190041e+01 9.165641008894790787e+01 8.097821798328953946e+01 6.528485213641106100e+01 4.533851746187191623e+01 5.688649480999185926e+01 7.696456069739221562e+01 6.745411109758147461e+01 4.736451539333162231e+01 3.594882979346786556e+01 5.585538920226635184e+01 6.933354981026197095e+01 5.036307391626478847e+01 5.176684979526424257e+01 5.659418384939555580e+01 4.447086129973104818e+01 4.322828919154524385e+01
5.132731495283296419e-02 2.005132731495247711e+01 2.864813834749486787e+01 1.943522425333431869e+01 3.943886561764252008e+01 4.337958673652492791e+01 3.509696511593240587e+01 1.863350683337159808e+01 3.863280720832726445e+01 2.806999155426836978e+01 4.805470056745524232e+01 5.461936077148497759e+01 5.095176275470461746e+01 6.532448633746258793e+01 5.533291448850575733e+01 7.531606181639396880e+01 7.293307524848258083e+01 6.459113780218369527e+01 5.198788555039489978e+01 6.196731179486654639e+01 8.160505358073777415e+01 8.410143083641862916e+01 6.466785330900209772e+01 5.316396715718293819e+01 5.066184446738773772e+01 7.061849000800143017e+01 8.528932367521716174e+01 7.573454196777397840e+01 5.994435976912221520e+01 3.991645648653770451e+01 5.994434721962762325e+01 7.736146542687744443e+01 6.364343512486276921e+01 7.080967682925451356e+01 6.318919276357095782e+01 4.566498449068951260e+01 4.527072604409158174e+01
5.077994834438732952e-02 1.420018167388953678e+01 3.430683188771045877e+01 3.943869892634733532e+01 3.359192864203365758e+01 5.355475737385846458e+01 3.863272347758596936e+01 3.277549044443733806e+01 3.791510131224536906e+01 3.224024196355017580e+01 5.221353374211189902e+01 6.712520797606019585e+01 7.093830052780070616e+01 7.921775165713380318e+01 6.946337608993758295e+01 6.946337601634014902e+01 8.944569525119233333e+01 8.027280099765900445e+01 7.194673803933818590e+01 8.027280099765900445e+01 9.032324805523408884e+01 8.360176462690034782e+01 6.384290082577558678e+01 7.305016120887243858e+01 7.061849000800143017e+01 5.919775836082642684e+01 7.910842811922080386e+01 7.596769784829402283e+01 5.583240309122887624e+01 4.420642471363384374e+01 5.845846102159566726e+01 7.871647662940938517e+01 8.298215682097543322e+01 7.845460452178323862e+01 7.301290121370105624e+01 5.635869845665322941e+01 2.651952128971398537e+01
4.095169275885861271e-02 1.418308731648993337e+01 3.418308731649063503e+01 5.054649046468266249e+01 5.355478110732056507e+01 6.169254272555824770e+01 5.862943324113243193e+01 5.277362110959258246e+01 5.679772074364559842e+01 4.378138386397364457e+01 3.890622134395077580e+01 5.886718892509568235e+01 7.526559508895977046e+01 9.392685646983204606e+01 8.944574460082336032e+01 8.944569525119233333e+01 9.772781820539954367e+01 9.387565642725832049e+01 8.558653792461483079e+01 9.387565642725832049e+01 9.372891566768227278e+01 9.175235995845800119e+01 7.785475944371421519e+01 8.360211611965526401e+01 8.573300360227436556e+01 6.585927715311362363e+01 8.573300360227436556e+01 8.424793111438424376e+01 7.042813463612189651e+01 5.024778726437811827e+01 5.845106278551973134e+01 7.856913509209688584e+01 7.845955985055370263e+01 5.876877305704105225e+01 6.236998083445802621e+01 5.514216082796975371e+01 4.657086737549939670e+01
3.794593529682660504e-02 2.003794593529647017e+01 2.226221921729214870e+01 3.259221954856177206e+01 3.744293204928851537e+01 4.500222150947319477e+01 5.328649275697041787e+01 6.328649275699044807e+01 7.199013680667465565e+01 6.373206468416668002e+01 5.044097971379424195e+01 4.706626727060532289e+01 6.700861853942599566e+01 7.400159182472434338e+01 9.392684973283812155e+01 9.233396879244180866e+01 9.264418117128593622e+01 8.386692830016694700e+01 6.556669830838308144e+01 8.386692830016694700e+01 7.371385541853615564e+01 8.786677101912832200e+01 9.747746255450779529e+01 1.032310227960048934e+02 9.396071023255160526e+01 7.580928105072231915e+01 9.396071023255160526e+01 8.202745572771884497e+01 6.193684227399064923e+01 6.193684227398705389e+01 7.856911080054939589e+01 8.685008371478754441e+01 7.625586800850700797e+01 5.661866536593656463e+01 4.286971964922812361e+01 3.643503423002339048e+01 3.144069916494536088e+01
3.760068892276602348e-02 4.037600688922783121e+00 8.120083593561448154e+00 1.259221954856106507e+01 1.744293204928780838e+01 2.500222150947248778e+01 3.500222150947283950e+01 4.914435713320428789e+01 6.914435713320570187e+01 7.863562621018520815e+01 7.037760478800989006e+01 6.117333910421028520e+01 5.773486766087729194e+01 7.765795324265708643e+01 8.643256291984575057e+01 7.223449738055707314e+01 8.435436132972664325e+01 6.434325771393049820e+01 5.557141919010196318e+01 6.692126070406389715e+01 5.956702427859985249e+01 7.957613083965374301e+01 8.415198388309516986e+01 9.244109933402216939e+01 1.038880564943551832e+02 9.565672615382641197e+01 1.038880564943551832e+02 9.030140343157736993e+01 7.357631072249974125e+01 8.202745587032306673e+01 9.030142011102276456e+01 9.170173020003120712e+01 8.354173289131483671e+01 7.053544778164463480e+01 6.058664558514992393e+01 4.974174182373559461e+01 3.042748911589233884e+01
3.621519728617531020e-02 2.003621519728582001e+01 2.812008359356180520e+01 3.259221954856177206e+01 3.744293204928851537e+01 2.813338172578497520e+01 3.813338172578532692e+01 5.227551734951677531e+01 7.227551734951819640e+01 7.550792194797881507e+01 7.440464689616223382e+01 8.109622880442472592e+01 7.765795324258402843e+01 8.591751673042787729e+01 7.635398177662199259e+01 5.792638666077346699e+01 7.220067156836267941e+01 6.801536364683862246e+01 4.808464942474152792e+01 4.700186882826817936e+01 6.692125216174538593e+01 7.879177733386778471e+01 6.414029297925854678e+01 8.088734352094104452e+01 9.123905682122608596e+01 8.850262512157421213e+01 9.679085597417791575e+01 1.018400557680153469e+02 9.357193487813252375e+01 9.485555364907632736e+01 8.351739725945279247e+01 7.537083178977039211e+01 6.390390647091152232e+01 6.338958529355330995e+01 5.244832553076994941e+01 3.311952460270333631e+01 4.974175192996818140e+01
2.661327423881425236e-02 2.002661327423846060e+01 3.134775184991188723e+01 3.801491374829667791e+01 4.630000634594937736e+01 4.813338172578568219e+01 5.641765297328930018e+01 6.641765297331285467e+01 6.963544038586975660e+01 5.547204512198955939e+01 5.436737227974131059e+01 6.461112861086569126e+01 7.290499195406721356e+01 8.228421418609013926e+01 6.211713525000792657e+01 4.785990861782735806e+01 5.203575361444362102e+01 6.627975043467969840e+01 5.987868845516932481e+01 4.008323488709061166e+01 5.058394244828785702e+01 5.997477679448726917e+01 5.263879869179462645e+01 6.292857819157832466e+01 7.434599284444453815e+01 6.848212375772889970e+01 8.850262512157421213e+01 1.022102111477112203e+02 9.403173837608240149e+01 8.669241773285015995e+01 6.708285587062212585e+01 5.570148144432884152e+01 5.251750152313415754e+01 5.524136512578920133e+01 3.579009585115785796e+01 5.244832553076997073e+01 6.058727939953487152e+01
2.753285331545040487e-02 5.574534815567643520e+00 1.134803750745852113e+01 1.801470417398612867e+01 2.801470473057711175e+01 4.215690271967211089e+01 6.215811705326596837e+01 6.870753340276266385e+01 6.134041757730344813e+01 4.136227198961329066e+01 4.026383262613008895e+01 4.461051589184276622e+01 6.135382047210634937e+01 7.619965096855999320e+01 6.790245109439690907e+01 5.794192134107611736e+01 3.804985570210205026e+01 5.794192134107611736e+01 5.565828885464612341e+01 3.591101147406178740e+01 3.666242178693814679e+01 4.017746326794348732e+01 4.433502965532525053e+01 4.882900539746726309e+01 5.432330515201471144e+01 6.848212375772889970e+01 8.850262512157421213e+01 9.403173853740238997e+01 7.443594888616343042e+01 8.017542284186971813e+01 8.351737827439664841e+01 6.485712255410641092e+01 4.513623791606147506e+01 3.868594978336932400e+01 5.524136512578920133e+01 4.436728435924308656e+01 6.403868126413080120e+01
2.210104741296625708e-02 2.002210104741261176e+01 3.134775184991188723e+01 3.801180810909076513e+01 4.630000409941145989e+01 5.630056987287172632e+01 6.621560662268416309e+01 4.873828113958943220e+01 4.873828113958943220e+01 4.870512888059460721e+01 2.893665677065547115e+01 3.321431376015851811e+01 5.306376947358037199e+01 6.790245109439690907e+01 4.792934155830507592e+01 5.262554290807582191e+01 3.292875664402208713e+01 4.597870214363660324e+01 4.805177066402865904e+01 3.188040951071285889e+01 5.162738497562730089e+01 5.412717219558556536e+01 5.835407271958365527e+01 6.033001903632115415e+01 7.434599284444453815e+01 6.848212375772889970e+01 8.850262512157421213e+01 9.148349756684096690e+01 7.189733760740541868e+01 6.056103761896458337e+01 7.092911298089912009e+01 6.182390758607351700e+01 4.211171593947737080e+01 4.601851594730711525e+01 6.573600343247028377e+01 6.403868126413080120e+01 5.488236047272093998e+01
1.884200952422735234e-02 1.156584641462678320e+01 2.570789074247169381e+01 4.570249265851045095e+01 4.371229347076411642e+01 5.200507390406836805e+01 4.626352116989954766e+01 4.873828113958943220e+01 2.896420195868092051e+01 3.623205537075193661e+01 2.277893953722838205e+01 4.245378910307076126e+01 6.135382047203514588e+01 6.789911476687750280e+01 4.792924200442097771e+01 3.388308948946670540e+01 2.806383413154568984e+01 2.618306519905067731e+01 2.827595727117474667e+01 4.805177066402865904e+01 5.988215155849670879e+01 7.409214312455124229e+01 7.835672235605777303e+01 8.035293350955114988e+01 8.864222870144232047e+01 8.850262512157421213e+01 9.679085597417791575e+01 9.965518138029690931e+01 8.479419485558953795e+01 6.518600804138519322e+01 5.121446227674636020e+01 4.570540807785737769e+01 6.182390862487149974e+01 6.573600343247028377e+01 5.998049123174802588e+01 7.963103904585763360e+01 6.474227851388755539e+01
9.934550753332892920e-03 1.415207017448440752e+01 3.415207017448511095e+01 4.044715393347496502e+01 2.373973555215942000e+01 4.042002330616335826e+01 3.212046758410486547e+01 3.578799980544290094e+01 3.106299761434700812e+01 1.654886982751958868e+01 3.623205537074725413e+01 5.071807664909034230e+01 6.165953047101251627e+01 5.580354852994082648e+01 5.718948404645851724e+01 3.732033953243597324e+01 2.325688164623611343e+01 4.315467490553304941e+01 4.805177066399968311e+01 3.377677302948826110e+01 5.353045664942160187e+01 6.405236826803842121e+01 6.920405930841761233e+01 7.498030714176080380e+01 8.165523760377081430e+01 8.994437218963604153e+01 9.995049925328076768e+01 9.927336657317478341e+01 8.946019006782800886e+01 7.082728361230837777e+01 5.111123429831689435e+01 6.546125505876862860e+01 5.251951070763143292e+01 7.221767016402418449e+01 7.963103904585763360e+01 8.778431155649836626e+01 7.861637077078772506e+01
8.364784840791048004e-03 1.987856299556520412e+01 3.158336478985865625e+01 2.330233402411383992e+01 1.219597179235413087e+01 2.495991898422208166e+01 2.589579526376556728e+01 1.578136960328546756e+01 1.131479917301727767e+01 3.106299757152317298e+01 4.447050136542208065e+01 4.533322890574227415e+01 4.030093133912019709e+01 3.388061018657415246e+01 4.630157304014909414e+01 3.884844604982026794e+01 2.144545707550180325e+01 3.551342513260411238e+01 5.542625104513385281e+01 5.353021112943813620e+01 3.956976127702917978e+01 4.418214480262471966e+01 4.925164570422290922e+01 5.497079769284074757e+01 6.163044621774063359e+01 7.164889805281123358e+01 9.166157715473050871e+01 9.110247573602165971e+01 7.151751196553001932e+01 6.169863871870754224e+01 5.580808421062591407e+01 7.545906340234641618e+01 7.221767016402418449e+01 6.001682114000247736e+01 7.963121826116331192e+01 9.614194452626163923e+01 9.824023242910459430e+01
5.219006137575642711e-03 2.000521900438420531e+01 2.182187803253056302e+01 3.114440417779701598e+00 4.031138914807891993e+00 4.962631780473062193e+00 5.897170407504785494e+00 6.834784869380794881e+00 7.779696051900286236e+00 2.778067721863370210e+01 3.018002477558265184e+01 2.533359074419534096e+01 3.220716460131102821e+01 1.650721251141169788e+01 3.779341695833733894e+01 1.894594608393587265e+01 3.884837043843022286e+01 3.769007746758857991e+01 5.760604462492043609e+01 6.764329167758364747e+01 5.094163699692968095e+01 6.405236826803842121e+01 6.920405930841761233e+01 7.498030714176080380e+01 8.165523760377081430e+01 8.994437218963604153e+01 9.995049925328076768e+01 9.927336657317478341e+01 8.946019006782800886e+01 7.186336887588389288e+01 7.545906342106545139e+01 6.387277180498561791e+01 8.345242055042011486e+01 7.963121826116331192e+01 6.840218452258221760e+01 8.223243514193781323e+01 1.018512712714794333e+02
