MOVIE_S4_data/elevation_000840.asc
nrows	100
cellsize	150.0
xllcorner	0
ncols	100
yllcorner	0
NODATA_value	-9999
[rows 0 to 16 of 100, columns 0 to 36 of 100]
2.082717056534231503e-01 1.435040732938424846e+01 3.435040732938353614e+01 4.652299943744974797e+01 4.502997445699266166e+01 4.502997445703365997e+01 6.502997446146432026e+01 7.365635733799422269e+01 8.244196131696084251e+01 7.667865037433925579e+01 7.667874134157179355e+01 8.489111731899174629e+01 8.798635894239988886e+01 7.989859134743858249e+01 7.989859134743858249e+01 8.059299321629973178e+01 8.632844865835579640e+01 7.683927161244184845e+01 6.831309136952022243e+01 7.683927161244184845e+01 8.086634695366842607e+01 7.231885292761774053e+01 7.231885292761774053e+01 7.014808098313096707e+01 7.869356265756437097e+01 7.929886499534265454e+01 8.786535850489092070e+01 9.488455883437734428e+01 8.662354481024010511e+01 8.662354479255142792e+01 8.874450557263318728e+01 8.725628413980014386e+01 8.725628421527804335e+01 9.551612105046559975e+01 9.190554275167748699e+01 8.601150043371579557e+01 8.413776938392595639e+01
2.038130619680232347e-01 2.020381306196766857e+01 2.811684948876025913e+01 2.652299943987072339e+01 2.502997445681376476e+01 4.502997445703365997e+01 4.537208580332262642e+01 6.365635718101231078e+01 6.287559487428440974e+01 5.715818208397310229e+01 5.717269011314163407e+01 7.357511679785639558e+01 7.989859134743858249e+01 5.955022608291866248e+01 5.955022608291866248e+01 6.034029470811309181e+01 6.627217276383426281e+01 6.671895726567444740e+01 4.821470000308708137e+01 6.671895726567444740e+01 7.231885292761774053e+01 5.205520781390880813e+01 5.205520781390880813e+01 4.993792940502718380e+01 6.481053656992298784e+01 5.880927443999851079e+01 7.929886499534265454e+01 8.662354481024010511e+01 6.656176005132243745e+01 6.656176005130986084e+01 6.869050854395001693e+01 6.719569298288537595e+01 6.719569298294014459e+01 8.725628421527804335e+01 7.179482143738296429e+01 6.590608018519729683e+01 6.390766372554866592e+01
1.945267862640465417e-01 4.116849489027743836e+00 8.116849489027778475e+00 1.238086381614002462e+01 1.870541913647689469e+01 2.537208580314367978e+01 3.537208580314403150e+01 5.537208580350193898e+01 6.208711463458019608e+01 4.276210234119542974e+01 4.543537333384038135e+01 6.541691741401109539e+01 7.828647504214238495e+01 6.551012428283571865e+01 4.471822420941611398e+01 4.554118434558893114e+01 6.536383312106025301e+01 5.826389568630366966e+01 3.845395264514632316e+01 5.826389568630366966e+01 6.795034568537428754e+01 5.799029205615646987e+01 3.813975169000605803e+01 3.861629475890899243e+01 4.479081432821353559e+01 5.880927443999851079e+01 7.929886499534265454e+01 8.662354481024010511e+01 6.656176005132243745e+01 5.236616693084954477e+01 5.449268149474643508e+01 5.299720854235968659e+01 6.548400910824513232e+01 8.553418903071670343e+01 7.119427847873051007e+01 5.186993196342133672e+01 4.986840163883502441e+01
1.884163169627051937e-01 2.018841631696234984e+01 2.811684948902813375e+01 3.238086381622160559e+01 2.871079543469516082e+01 4.537208580332262642e+01 5.365635713490635794e+01 6.365635718101231078e+01 5.388056756050013973e+01 3.305269644101721838e+01 4.805330181105541953e+01 6.794883156436168292e+01 7.008353033791146913e+01 4.942977219617362294e+01 3.699572617080767145e+01 3.580105156660226129e+01 5.702186662236672277e+01 5.166058133925125162e+01 3.177913362728787661e+01 5.166058133925125162e+01 5.371282654673016310e+01 3.947530740808603866e+01 3.104204889227897723e+01 4.509747975195742953e+01 6.481053656992298784e+01 7.333731647244468377e+01 7.690436541701545536e+01 6.861281148514217421e+01 7.690436541701545536e+01 6.297589952780730727e+01 4.293652337881934500e+01 4.543502618196879439e+01 5.960628381307579104e+01 7.967409327112673623e+01 6.288413997680140000e+01 4.333354134735260743e+01 4.271253528543457634e+01
1.898839224935668091e-01 1.433201954622464136e+01 3.433201954622534657e+01 4.893646180663692036e+01 4.871079543513656063e+01 5.699506680051302965e+01 6.299437377679522143e+01 5.473025727339118873e+01 4.867359978062940229e+01 2.760015982653717970e+01 4.274978692152676274e+01 6.297494912603512773e+01 6.249292011886741705e+01 5.407707943000735185e+01 4.951917550824836667e+01 2.776467766543687787e+01 4.951917550824836667e+01 4.592130174506046814e+01 2.578740156645064729e+01 4.592130174506046814e+01 4.036525258440828168e+01 2.514778205535875699e+01 3.690012758936502024e+01 5.685726430107173002e+01 7.366356216872861751e+01 7.566871078605358036e+01 6.688003539053657676e+01 4.855127846271462744e+01 6.688003539053657676e+01 5.762015098748307906e+01 3.756764369672308135e+01 5.762015098748307906e+01 7.377672259488461748e+01 6.371971911722717863e+01 5.550080176888713623e+01 3.689260600343183683e+01 3.747309646676443151e+01
1.812560074098455432e-01 2.018125600740949110e+01 2.065228504713358149e+01 3.479442048124524689e+01 5.479440292910200583e+01 5.560170380324908734e+01 4.727710966615254051e+01 3.411256832129833327e+01 3.789598473737597573e+01 2.295009870925941087e+01 3.795905418929007169e+01 5.845246537151110999e+01 5.407707943000735185e+01 3.258611242652705897e+01 3.888067092759006016e+01 2.298061159972097656e+01 4.498304913744861011e+01 4.072275107266324312e+01 2.041092392890859841e+01 3.563222176907117955e+01 2.002401485987360275e+01 4.036502115692118764e+01 5.371179037087365060e+01 6.531187306711673557e+01 6.818491847783950277e+01 6.737864019591316378e+01 4.730901641528868851e+01 3.850030576978988250e+01 5.723352513355515470e+01 4.892916301210727426e+01 3.383912830666770333e+01 5.395557361792345574e+01 6.155422489197151492e+01 5.260846296341499340e+01 3.650280940914581151e+01 3.097369607405501668e+01 4.961217503009627450e+01
1.855941142937577448e-01 6.510149434630489118e+00 1.651014943460536699e+01 3.065228494446723317e+01 5.065224936739843997e+01 4.727710966615124022e+01 2.664221844891815749e+01 3.268603815739850660e+01 1.738486564370127141e+01 3.789597264620575601e+01 5.231294269275515774e+01 6.242442400723377460e+01 5.407708584982047739e+01 3.258611243172898497e+01 1.675997840427376318e+01 3.888067092655421675e+01 5.353092395427081840e+01 3.579640938072277123e+01 1.564802383572664901e+01 1.548104991208213299e+01 3.563219186206021760e+01 4.812570216452016325e+01 5.925942172117152040e+01 5.555987856894088139e+01 4.849932516552717487e+01 6.257957517371446698e+01 5.099186097470963119e+01 3.076464709676898224e+01 4.421242256491363065e+01 2.864144950236578424e+01 4.892916301210723162e+01 5.896966152051201959e+01 4.797440658155866089e+01 3.444967000178104399e+01 2.606009372128541202e+01 4.453230577702424142e+01 5.778080647774005030e+01
1.797113411273130179e-01 2.017971134112695708e+01 3.479434754108500982e+01 4.479286751635687835e+01 5.147832808407141414e+01 4.376468759226408167e+01 3.268600524665214380e+01 1.300003814283914849e+01 3.268603815739850660e+01 4.631482906143273226e+01 4.298673039836537413e+01 4.298672770905075424e+01 5.044445200750669756e+01 2.880294280432817189e+01 1.313192520012048092e+01 3.514159142148166382e+01 4.157214875387444408e+01 2.887325329097962978e+01 1.168604298618848603e+01 3.114174339266282843e+01 4.271790907820420813e+01 4.519188156659804889e+01 4.154730921677075628e+01 3.643755525362634984e+01 3.503263939967293794e+01 5.424072058277675268e+01 4.515276722135811127e+01 2.468386908030747051e+01 2.370085187367299540e+01 4.421239455011281905e+01 5.723352513257848528e+01 5.081466470286516568e+01 3.204934620044434013e+01 2.139542894832708697e+01 3.582064075771857858e+01 4.378008646533715620e+01 5.335399908343856623e+01
1.682297228869525374e-01 1.891106894678658534e+01 3.210105968063938775e+01 3.012356127487407420e+01 3.779682939433646993e+01 2.649769752589862293e+01 2.835077675251571350e+01 1.032672302213317650e+01 2.634938916041494394e+01 3.138896086597409152e+01 2.383730138599560888e+01 4.255951463157858683e+01 4.088900114211575954e+01 3.003672970122915942e+01 9.854579577967903958e+00 2.832018762021155212e+01 2.714012458145530005e+01 8.900966231241213222e+00 2.028435075603098170e+01 3.284720768801259538e+01 3.778458396842651013e+01 2.535940274458657129e+01 3.401668072205806936e+01 2.277979026925040529e+01 4.203840972221448169e+01 4.333202485425776729e+01 3.581742832951593414e+01 1.897990774217988985e+01 3.968222414150882571e+01 5.253355123187979814e+01 5.521689105322379021e+01 4.239076592409291067e+01 3.376830887171345807e+01 3.268680111401161525e+01 1.694816779319673472e+01 3.568769117975260485e+01 4.012465424255270818e+01
1.736477300190079065e-01 2.017168499259695480e+01 5.591066563434433867e+00 1.240000509332374889e+01 2.752670038518747830e+01 2.690410843877671354e+01 1.207386793054213925e+01 2.265450764449355248e+01 6.432605119796502180e+00 1.248469397977192763e+01 2.689086446593493207e+01 4.116547637778299418e+01 3.336275144695556349e+01 1.782178045469883187e+01 8.469300752102368435e+00 5.576439943008128175e+00 5.897654040861610270e+00 1.071949396322505876e+01 2.350720809440485226e+01 2.655389634372448882e+01 2.690315083298361998e+01 1.228197360016689288e+01 1.471529532378527527e+01 3.409798783864354021e+01 5.006765971278279181e+01 3.581725489667081064e+01 1.501503048517697536e+01 3.581737649946255431e+01 4.158105297483479035e+01 4.417264058771949919e+01 4.602054766171323053e+01 2.488431361573973533e+01 1.269311220959473907e+01 1.253391979064599049e+01 2.654638598514748793e+01 2.454867765668924662e+01 2.022971949288121962e+01
1.635824339929259352e-01 4.776970344809695623e-01 6.226341032839890488e+00 1.405352844285146041e+01 1.925419380614457765e+01 1.962389808758296272e+00 2.256378995632227991e+00 2.582360642850721089e+00 1.194491180526812535e+01 2.170335926004729288e+01 2.464817452224255589e+01 2.144568165098013068e+01 2.381195604050311587e+01 1.837607898555426900e+01 5.123857763927085252e+00 1.884186433875523292e+01 2.314261361863073674e+01 6.356192940748600861e+00 6.681038541228825345e+00 7.006922806969488882e+00 7.338836079162566861e+00 7.671904864050071104e+00 2.590949183123044719e+01 3.480693067793230000e+01 4.404557027555629389e+01 3.299015733276867479e+01 1.234278030867369047e+01 3.032083967001477021e+01 1.928482127717859740e+01 2.817947669194569826e+01 3.117014747369243466e+01 3.077001351928239359e+01 1.200318061693485383e+01 3.219213337025448851e+01 1.307496225408922719e+01 1.345966386766453660e+01 2.448906003829880973e+01
1.578132703760624089e-01 1.904879541756699979e+01 9.223215407541188737e-01 1.236808661156934663e+00 1.551461471356170074e+00 2.322939146140879263e+00 1.430691517751550101e+01 2.095885200254663516e+01 3.062197711468527928e+00 3.391571827291677721e+00 3.713348657042033540e+00 4.032533983931271493e+00 4.351446705086924105e+00 4.670448658094430883e+00 2.418630095302705385e+01 1.711842112741105382e+01 2.788193714695871606e+01 2.392710859820585512e+01 1.153160581931602913e+01 8.848384062061448674e+00 2.773846455856143223e+01 2.807735999379687186e+01 8.145427269846807761e+00 2.598632968461248893e+01 2.912112400640263488e+01 9.379797714471338921e+00 9.696114663934411126e+00 1.005140472228295678e+01 1.041875922319351844e+01 1.077501676325369395e+01 1.112430436231029951e+01 1.147594991999921099e+01 3.146829451266449951e+01 3.925653012988291124e+01 3.460956823013342643e+01 2.839698286535443117e+01 1.399705503388973504e+01
1.543728846943814847e-01 1.943414049187195047e+01 2.690519776690247866e+01 1.509833747172794816e+01 2.243935101437336854e+01 4.762446198834996203e+00 1.449082133475229028e+01 2.657527456142543798e+01 2.148359557440940648e+01 7.136089631688171231e+00 1.336903905018350613e+01 1.922147148741175826e+01 2.443177884299218761e+01 5.842229734638694438e+00 2.475222590121109434e+01 3.308968760912402729e+01 3.767927846116178614e+01 3.561070082560787853e+01 2.652457914176776299e+01 1.052288523003316634e+01 3.057891818123934513e+01 3.334139879253537941e+01 9.142084870383483164e+00 8.615918862615441043e+00 8.946524871896791353e+00 9.755265233542123937e+00 2.021788509248090904e+01 2.999945722655640168e+01 3.016205847517513305e+01 2.097687290872195121e+01 3.080736499717436772e+01 1.354036151659461851e+01 1.341821522799019917e+01 3.327627229028662725e+01 4.315158069363438642e+01 3.972423937384814252e+01 2.692388083145725375e+01
1.561752203313827581e-01 1.014706392270133684e+01 2.409007388898579549e+01 3.516933075227873218e+01 2.839468263117466407e+01 2.797121521812830736e+01 1.555590559886529256e+01 3.426025075076658055e+01 2.950662589570491789e+01 1.082345672521637958e+01 2.825621524357299208e+01 3.495833943420818457e+01 2.582294181872381245e+01 2.582634490163214736e+01 9.975800999762228116e+00 3.011007303776041155e+01 4.706947762245962963e+01 4.187355404447310292e+01 2.253458022677120454e+01 3.057891703742623335e+01 1.281373743756738470e+01 3.352077785547576383e+01 3.302552384566052979e+01 2.306897729865742264e+01 2.384764635534670774e+01 1.058739909750521235e+01 1.636102932813596311e+01 3.233209543280137410e+01 4.627100292672156456e+01 3.512574669462833299e+01 4.178957414647675961e+01 2.528236259973837008e+01 3.355248788331493870e+01 1.537357470977641860e+01 3.541551004579211082e+01 5.209954875363044380e+01 3.583483097740688805e+01
1.531247021631862160e-01 2.011839101284262554e+01 3.743550008423972741e+01 5.034630805972529544e+01 5.235450803628172167e+01 4.463629026885217854e+01 2.945727717178173322e+01 3.837559637206773289e+01 1.796014298886552751e+01 3.037426487102011308e+01 1.902921968059985858e+01 3.954397751184549037e+01 4.688752468174850208e+01 3.396232306372340304e+01 1.374583297703940410e+01 2.009638605669177380e+01 4.042603875248765632e+01 5.029953987483495581e+01 3.667133011365007889e+01 4.212477308587430258e+01 3.352077901226864043e+01 1.532124596167712305e+01 3.660958252614651798e+01 4.364838983212127488e+01 4.298235936645114208e+01 3.601040207865254672e+01 1.856279822756675912e+01 3.697399259224778945e+01 5.244087052703977747e+01 5.587733755091215926e+01 5.390392889385131525e+01 4.546427700571903330e+01 3.670455826726948345e+01 1.676409336041817255e+01 3.090652999253041600e+01 5.087188007362794195e+01 5.653848811548360231e+01
1.422398637851068903e-01 2.014223986378475217e+01 2.944012647407875960e+01 3.478535131194466601e+01 4.145201797771993313e+01 4.973628868405383230e+01 5.098710042499003947e+01 4.476179932180223631e+01 2.362331622506783191e+01 4.476179932180223631e+01 2.584487977319428964e+01 4.703626285001707430e+01 5.245199023741449906e+01 3.785158393291049350e+01 1.764236923970972271e+01 3.785159424670698058e+01 3.288470622549520073e+01 5.340285596087359465e+01 5.594795660927767500e+01 5.787386564693410662e+01 3.884663502444831096e+01 1.727308600889681145e+01 3.266577811532805953e+01 5.376854360160026403e+01 5.294046882165032031e+01 3.349431896863482905e+01 3.699286086573877697e+01 2.628699748154529914e+01 3.666254931082108470e+01 5.640544780333058839e+01 6.209868316769767915e+01 4.294512984632389418e+01 2.952865678673918737e+01 1.815458241879498047e+01 3.810324914584762723e+01 4.839496945182793297e+01 5.474830286922067302e+01
1.377665891220937744e-01 4.726081266533309844e+00 9.440126474443585991e+00 1.478535131269202729e+01 2.145201797935857613e+01 3.559415360308850040e+01 5.559415358854920441e+01 5.235225541446868647e+01 3.088320351163551081e+01 5.235225541446868647e+01 3.527216180879094054e+01 5.563250088040573615e+01 4.394559218648148402e+01 2.373411780900511303e+01 3.785156552326922252e+01 4.632903801261581123e+01 4.732075842210878136e+01 6.201592479252365564e+01 6.131791146073876320e+01 4.093982843129370508e+01 2.847538724005661948e+01 1.943608539376443645e+01 4.114808009000892497e+01 4.767088916167513446e+01 5.607540566144633232e+01 5.301656158028179533e+01 5.352643561817393447e+01 3.517683867791387087e+01 5.341798911154315022e+01 6.493526408499207037e+01 6.361550250600931378e+01 4.588653602273084431e+01 2.599113378438557120e+01 3.810324914553312681e+01 2.018094696098954444e+01 4.009410484129581675e+01 3.476633032990980610e+01
