MOVIE_S4_data/elevation_000848.asc
nrows	100
cellsize	150.0
xllcorner	0
ncols	100
yllcorner	0
NODATA_value	-9999
[rows 17 to 33 of 100, columns 37 to 73 of 100]
4.944664164290112041e+01 5.552291605197709856e+01 4.639754502942489722e+01 3.881847333360829566e+01 1.665235707971902812e+01 1.701093705195291506e+01 1.736845205753729715e+01 2.467755767551883039e+01 3.289266432688668829e+01 3.830970769528641995e+01 1.980766954893151066e+01 4.044810964067102788e+01 3.476423369654985862e+01 5.442960017805678774e+01 5.445083236838594587e+01 5.746277088297785696e+01 5.208593774243681906e+01 5.025717699723756482e+01 4.188242325652424825e+01 2.271113909569167788e+01 4.289736265184388486e+01 3.889361392550075891e+01 4.514350785687758361e+01 5.202248992429488794e+01 6.274089852252397037e+01 8.173401048250238432e+01 7.352427639322824859e+01 5.286202046915349229e+01 7.352427639322824859e+01 7.018564611764882955e+01 5.068911106647448861e+01 7.018562297315196474e+01 8.344724412417252779e+01 6.839748275313539239e+01 5.167401615120608227e+01 3.586572794620035864e+01 5.614282012049416437e+01
4.119943936493921655e+01 4.353728318825521626e+01 5.198714326274610187e+01 5.402099246694359636e+01 3.783083911463788951e+01 4.142900494873934747e+01 2.880626752875445007e+01 2.340441336507950965e+01 4.148706926938901063e+01 2.359942588169569788e+01 4.028968224792212283e+01 4.937178682239905925e+01 5.442960022598239078e+01 4.701914720853358887e+01 6.718120557927288417e+01 6.775987039450477312e+01 5.960975975513137115e+01 4.841640764783558382e+01 2.663763011733796660e+01 2.303470707829453090e+01 4.323092068687078893e+01 5.435529326678434359e+01 6.223137746289277317e+01 6.994837960671608812e+01 7.890150789699480072e+01 8.220533711413791877e+01 6.038736687564589545e+01 4.564923277708628291e+01 6.621906575396576500e+01 6.367836168973855848e+01 4.394411884357687370e+01 6.362475972862045381e+01 6.144376503568655323e+01 6.286944412662071358e+01 5.455960289719781287e+01 3.518986640394855669e+01 5.548660348895676009e+01
2.128534960370256357e+01 2.346947453443909382e+01 4.293030243387472211e+01 5.547723331565937599e+01 6.613104216023522497e+01 5.844721936472204504e+01 3.867319413771986092e+01 4.874781878128085566e+01 5.082627392822934809e+01 3.244227347420740415e+01 2.782361832996753037e+01 4.183733260420186895e+01 6.163552764404632711e+01 6.123561901339926550e+01 7.553815204103416647e+01 5.961104061952429589e+01 4.039027403027991170e+01 3.366447002395892696e+01 3.615084240552603490e+01 3.736650382394910253e+01 2.351585589133423326e+01 4.504075328164284286e+01 3.916106533769370657e+01 5.633834436045277982e+01 7.819608438051470500e+01 7.698148665875626762e+01 6.025489246999774196e+01 3.994041632862759883e+01 5.254825078947666839e+01 5.060744733497601544e+01 3.801015839642407457e+01 5.580353667752637392e+01 4.519294778051619943e+01 5.365741696661307714e+01 3.423597172573279579e+01 5.177942186312210282e+01 6.308091324343803308e+01
4.119943945972644173e+01 4.353728327191131342e+01 2.674595410968096587e+01 4.432168530637393644e+01 5.912942279390902911e+01 7.215836460410029929e+01 6.255406748217307467e+01 6.614502993941883346e+01 4.625457691711499564e+01 5.068997225987408939e+01 3.090251751975241490e+01 4.488966341993036480e+01 6.469316804153278611e+01 8.153512130287396076e+01 7.344805067095916229e+01 5.387956318574060077e+01 5.283147668916263484e+01 5.281366892135857682e+01 5.056911857265345844e+01 4.571414825856682285e+01 3.655050011059275050e+01 2.402247264658059933e+01 3.938617299684621287e+01 6.122672890901602472e+01 7.698148670667076487e+01 5.683939111701067048e+01 6.053552544479614284e+01 5.254819416808595633e+01 3.323545972260018999e+01 3.017134118072479865e+01 4.839200245813608348e+01 5.143687210658595887e+01 3.265751618593528605e+01 3.330981924296801111e+01 5.365724666729052927e+01 3.827503616805478259e+01 5.260470740323858507e+01
5.891820295054375833e+01 5.547724066294355794e+01 4.102604105326692974e+01 3.030088159674963322e+01 5.064440083881630272e+01 6.305011807906929278e+01 7.227596886173930102e+01 7.452727629722802760e+01 6.614503948431264746e+01 5.389108766266380712e+01 3.416268535989963340e+01 4.553586208328726315e+01 5.941860009414632771e+01 7.951434908586278993e+01 8.174102072421544563e+01 7.344805067095860807e+01 7.244394139537077137e+01 6.951321591205841344e+01 4.950485045883335289e+01 4.951210192561170231e+01 4.457728656580421500e+01 2.439287836973961276e+01 4.478467106289048871e+01 6.071047698454047747e+01 6.130664643780980327e+01 6.053546359995321779e+01 4.027653515629415892e+01 4.883895418818767808e+01 2.926214379616650874e+01 4.972153141511094532e+01 3.108815456741711714e+01 3.173704221552987192e+01 5.214749378040338001e+01 4.485290602043718877e+01 6.124613512068434318e+01 5.847706879893357979e+01 4.243294107461888842e+01
5.895532333523906487e+01 6.992844027262098905e+01 5.367935558093078185e+01 3.332035000243629952e+01 3.799223873978095867e+01 4.363733662848904515e+01 6.384757910312416840e+01 8.230928679357987221e+01 6.890893176649727536e+01 4.897036539954290646e+01 3.765413587919972827e+01 4.641541227728589547e+01 5.771047060444037413e+01 7.787093917911329299e+01 9.043408240030193213e+01 7.883164243642144697e+01 7.051253439375108201e+01 6.245053641032514946e+01 4.960611021593616954e+01 2.925808708366679767e+01 2.690069988398239076e+01 2.477309216775897482e+01 4.519528876004766005e+01 4.040994191279417436e+01 4.097507249579872024e+01 4.747344506298662026e+01 4.803678853447837582e+01 2.836230504918417239e+01 2.975063780743774799e+01 5.014162093964301192e+01 5.250099458895533644e+01 4.346486016499283522e+01 5.992890434017020596e+01 6.348374881084644983e+01 7.137115741147212589e+01 7.083447172190213337e+01 5.252346253705150048e+01
6.733868311288492237e+01 7.121383766661264758e+01 5.080710325753071288e+01 3.644450235340692501e+01 5.594385713241668867e+01 6.377210490533741449e+01 5.372386338975199038e+01 7.392807176650939027e+01 7.733696220458398329e+01 6.142583603591558017e+01 4.169801432904794325e+01 5.553163319052744384e+01 7.463428555980650003e+01 8.631062954395470399e+01 8.212149100045995453e+01 6.201418967235962754e+01 5.037688726043603538e+01 5.411185866044048964e+01 3.371130343303148891e+01 4.960611021593615533e+01 4.659138870710615521e+01 3.590867463970685236e+01 2.533065717320904042e+01 2.587362466288548646e+01 2.642547328783219029e+01 2.698490620395508444e+01 2.755092425543831069e+01 4.722895712671859059e+01 5.013643155367646642e+01 3.173008419734931707e+01 5.207316884339225993e+01 6.051834391763948418e+01 7.121647662778075016e+01 7.783520847135956444e+01 8.617320673459441593e+01 7.255483890455411711e+01 7.255483890455411711e+01
6.821818812187392211e+01 7.831390420447242207e+01 6.004202857122837145e+01 3.972688162505059495e+01 5.138858325476547861e+01 7.166483746737182514e+01 6.798800700200847302e+01 7.019152948772605782e+01 8.037895522724463149e+01 5.992570322189647669e+01 4.605366808840816617e+01 6.585573670244382072e+01 8.411439142852434259e+01 9.705384376166509242e+01 8.285162104151035578e+01 7.280054009193587206e+01 5.888721281181578604e+01 3.862705375996296908e+01 5.411185866049507354e+01 6.244785433163820443e+01 6.067233206993789452e+01 4.632858123993801769e+01 2.592814525580899954e+01 4.627554405792353265e+01 4.676745706360255639e+01 4.747138228666918280e+01 2.708845033324547558e+01 5.187501316298007481e+01 6.038278893269202285e+01 5.207316884411803670e+01 3.372721812703319699e+01 5.273191097989964504e+01 6.361029823335750422e+01 5.771814748945014628e+01 7.783520847135970655e+01 9.257223043491586623e+01 8.426942369979499858e+01
4.975890797099834373e+01 6.992240132317949985e+01 6.352155913464117276e+01 4.322241675321899379e+01 6.331697902657630550e+01 7.957772645013577062e+01 8.838335586048563641e+01 8.449454467021308801e+01 8.538699326912237098e+01 6.486900104693260971e+01 5.086359643326975544e+01 6.486607043912123061e+01 8.531353676254961726e+01 8.618810191850293734e+01 6.864810706259110873e+01 5.442195748030101043e+01 4.431800648360835027e+01 5.888721281181578604e+01 6.721500571080933639e+01 6.762838917258569893e+01 5.913418758069929737e+01 4.675790091997435383e+01 2.653558194614038968e+01 4.701536826621894960e+01 5.975080828259842036e+01 4.025376748651272152e+01 5.190553101817733506e+01 6.030776110996876582e+01 6.826558722035075277e+01 4.811606674129162542e+01 5.401772465195078610e+01 3.575518683760776639e+01 4.345692700738106140e+01 6.360950841335640149e+01 7.432461543245412372e+01 8.266784280468999668e+01 9.582760417072272219e+01
6.424379688311969971e+01 7.831390435336523126e+01 6.716968094503970121e+01 4.685785426490783578e+01 6.716968094506573550e+01 8.220298300143180370e+01 9.413992373863494834e+01 1.045021589589029531e+02 8.757114469916737676e+01 6.710021683867392994e+01 5.772351452813668260e+01 7.803534492329782779e+01 9.208300194420679929e+01 7.198959594117448546e+01 5.777746271924775812e+01 5.170743683501214605e+01 5.413440684573856743e+01 7.200822713903249905e+01 7.400657034567497305e+01 5.350741557470193754e+01 3.908190954641447235e+01 4.689535223349399473e+01 2.715147401599071131e+01 3.952687098869440518e+01 5.749102683844954953e+01 5.995951777413500139e+01 4.938781592247696040e+01 6.938728256936663286e+01 7.660047945133912606e+01 6.826558722035079541e+01 6.360749898674723113e+01 4.345692696790980847e+01 3.784333441977098289e+01 5.801015156297832220e+01 5.420397349422577804e+01 7.432646047723628158e+01 8.651626065962864232e+01
6.308183664309213157e+01 8.326348927329438254e+01 7.438764432715058206e+01 5.397216091183716458e+01 5.322047539792902882e+01 6.490050984264524914e+01 8.553313982214349664e+01 9.910507690736488939e+01 9.611376432917900559e+01 8.654301476631255241e+01 6.774922352032200479e+01 8.654121933125678368e+01 8.947687610758967480e+01 6.938170024758518650e+01 7.787509930822248805e+01 6.331399022033013324e+01 6.734944863823723438e+01 8.134694640367065688e+01 8.009080453273004707e+01 5.951538612294408637e+01 4.858165571828281770e+01 2.803689742663031836e+01 4.749399067034825350e+01 3.902509274951854223e+01 5.912364098984844674e+01 7.766051969363219598e+01 6.349933583113563884e+01 6.349934283182086148e+01 8.360202653818501517e+01 7.784258877888444772e+01 5.771817508658301676e+01 6.360811203792023605e+01 5.803322491109437209e+01 3.992780602024050296e+01 6.009632365726810121e+01 7.379983358828638984e+01 6.640982403719822003e+01
6.899290584290727679e+01 8.921149767560129362e+01 8.297170756664208113e+01 6.300034547694114195e+01 6.490050984264524914e+01 6.145004003771158096e+01 6.974327197156625857e+01 8.165003244976762176e+01 1.025573586761395148e+02 9.682718783113735128e+01 8.832210726578453830e+01 9.682005016598127156e+01 9.778147508209058003e+01 8.098507983632805463e+01 9.169767340495458541e+01 8.338695756426017169e+01 8.683796845258939356e+01 7.569393951967931855e+01 6.735003245353412638e+01 5.969534686107426324e+01 4.913886974227337134e+01 2.866883929441031498e+01 4.912214832543224929e+01 5.910648239521513148e+01 5.550586301655188493e+01 7.538915569717420340e+01 8.360101351646575552e+01 8.360202653818501517e+01 9.182169658684563274e+01 8.621883519945610885e+01 7.783485213062614605e+01 6.697334233384535196e+01 4.785874981803581818e+01 4.141645083101261804e+01 6.158002297602014607e+01 5.369429663908334049e+01 7.379983313430535929e+01
6.978635447429803662e+01 9.000205667269119658e+01 9.220796915209716360e+01 7.480448125403205495e+01 7.943005332260602813e+01 7.323068104802757716e+01 8.201763666499041960e+01 9.910549937963688194e+01 1.111603722469500610e+02 1.102614949647165759e+02 1.018996530196394446e+02 1.034055245014632476e+02 1.093692737052885775e+02 1.010775963879182058e+02 9.484041043769654777e+01 8.648362910783922075e+01 8.157729746999130782e+01 6.145690632824118893e+01 4.714861651752513438e+01 5.132990419012092076e+01 3.130083892355547803e+01 2.930469071738734499e+01 4.555122722797977985e+01 4.463263336262765080e+01 6.466545166310088177e+01 8.342964954820645573e+01 8.969912407267409549e+01 8.135268741341587884e+01 8.970806336650066726e+01 9.337896177649966489e+01 7.251505693806124953e+01 5.846743922925819703e+01 6.698593002369804594e+01 5.568880446753103541e+01 4.359237710696026369e+01 6.374684668862055048e+01 6.934322748200690967e+01
9.000205667269119658e+01 9.843218997277057269e+01 1.042145997507025044e+02 9.561528680239827338e+01 1.002672940216627069e+02 9.402084125968775652e+01 1.026280812424215441e+02 1.114106224051997174e+02 1.161587026583303697e+02 9.599311135065408962e+01 8.175386354047547854e+01 8.325714365340867573e+01 9.256501406986126312e+01 1.009240124506598590e+02 8.648362910783922075e+01 6.636101730356038786e+01 7.225479384584912168e+01 6.634055982656862227e+01 5.457353518989196317e+01 3.413860606364396233e+01 5.132990419012092076e+01 4.977159131653022683e+01 3.024850604957128652e+01 5.069015818531653395e+01 6.466152768332369760e+01 8.472612714659020128e+01 7.961377008366429209e+01 6.118040402658973420e+01 7.961383777557553287e+01 8.863274406499054692e+01 8.721640385837210374e+01 7.251514040705097841e+01 8.413634527633288940e+01 7.207833764724220771e+01 6.374706885012339086e+01 4.585129557349863916e+01 4.923488211749442911e+01
1.028724722064717412e+02 1.037966698446610536e+02 9.559219492315352795e+01 1.037966698446610536e+02 1.136236592040851860e+02 1.054014737647435851e+02 1.006684738690716898e+02 1.088836897414660569e+02 1.134873640336903975e+02 9.332368496923612611e+01 7.908744571420392333e+01 6.902373675638241934e+01 7.242735432704419907e+01 8.929029869640234551e+01 8.542153701624741302e+01 7.225479384584912168e+01 5.216460274901427852e+01 5.799991343985173131e+01 3.758446992488620708e+01 5.457353518989196317e+01 5.894153276472637515e+01 3.852717976989465853e+01 3.091928873165999647e+01 5.134267979194582665e+01 6.059012273241416580e+01 7.166239000473903786e+01 6.335626010109722728e+01 5.110113757475827612e+01 6.011366067923175649e+01 7.438832707959267054e+01 9.453054801537966512e+01 9.338531349975893647e+01 9.628962758177658543e+01 8.474443748636963392e+01 6.779839282760553942e+01 4.767537906379818224e+01 6.779900157614846989e+01
9.469175182182361539e+01 9.395961511633515784e+01 7.597327742345146362e+01 9.395961511633515784e+01 1.030456842329265896e+02 8.571428591157425103e+01 8.102438209365458022e+01 9.751017502074014942e+01 1.088836897414660569e+02 1.075922472686126241e+02 9.518009199719145386e+01 7.503948300009663797e+01 6.081069856913595828e+01 7.440821644773014043e+01 6.529400227813508195e+01 6.812707930647414400e+01 6.151613500025310799e+01 4.131651245423196173e+01 5.799991343985173131e+01 6.634055982656862227e+01 6.838481467452633922e+01 5.769153043870527142e+01 5.134267923251796617e+01 3.186823187459546958e+01 5.223296556470106111e+01 5.672697820526320811e+01 4.347220308859343163e+01 6.335626010109724149e+01 7.961383777557659869e+01 8.863274406499058955e+01 9.286169263265826146e+01 1.011954252021639888e+02 8.796833341309378795e+01 6.802137690204264686e+01 5.663584986966938573e+01 5.684184940214537107e+01 5.040521167175645445e+01
1.028724722064717412e+02 8.578273617330252421e+01 6.617982644217245536e+01 8.578273617330252421e+01 8.914518499652329808e+01 7.524468576012006338e+01 6.976664173534680913e+01 8.102438209365458022e+01 1.006684738690716898e+02 1.056195539381034934e+02 9.353024626182261159e+01 7.339063050750789330e+01 5.916380404521620306e+01 5.430556884052001720e+01 5.110939338033819013e+01 4.806559195258633110e+01 4.526729798949303074e+01 6.129455631228841384e+01 6.976539134392379538e+01 7.067003366542623155e+01 6.234170808546152642e+01 5.588327994463327997e+01 3.557948267174651846e+01 5.205302113191891777e+01 3.284721008972313427e+01 3.720167097542275059e+01 5.672763370212807388e+01 7.170398380235147329e+01 7.195927579186543710e+01 7.864288021878591906e+01 7.275325527612098142e+01 9.286169263265826146e+01 9.057446120062903105e+01 7.060221816289528363e+01 6.923615486642755457e+01 5.934590930417579813e+01 5.233753971249628023e+01
