MOVIE_S4_data/elevation_000744.asc
nrows	100
cellsize	150.0
xllcorner	0
ncols	100
yllcorner	0
NODATA_value	-9999
[rows 17 to 33 of 100, columns 0 to 36 of 100]
1.372224685174658065e-01 1.022772848406490453e+01 1.940092108008116867e+01 2.925682520343496407e+01 2.027949815046944337e+01 5.191496197519640532e+00 1.634724668882465259e+00 5.847531858149745965e+00 2.259553946497255161e+00 1.109971131181737825e+01 2.694450822393153189e+01 2.977562534455237042e+01 9.369140320958127433e+00 2.924196067176216474e+01 1.151612819622489781e+01 2.333608569513658537e+01 3.701800094773277294e+01 5.423603803302881232e+01 5.254013231827085662e+01 4.359013793883313781e+01 2.879103354901362621e+01 1.438336274108128698e+01 3.350954332518781342e+01 4.523291732699664180e+01 5.854273709491081945e+01 6.872927307279856279e+01 6.720385990165483747e+01 7.557160242307242015e+01 8.307957949198161884e+01 9.105852494306181200e+01 9.290584898273702663e+01 7.929002294908413262e+01 5.787319361887362845e+01 4.460813947077314623e+01 3.702540428860056920e+01 5.235529129518837976e+01 4.730590126967589981e+01
1.353332760910071209e-01 1.534685166274373636e+01 1.711284569072761030e+01 1.805415707397928315e+01 1.891662413947562982e+01 1.322906548026016704e+00 1.897427415651450744e+01 2.037836740839570737e+01 2.480852724732932835e+00 1.209499193558134422e+01 2.601085320623332819e+01 2.983652804666715497e+01 9.394281976304869275e+00 8.946170990067768614e+00 2.167281499446331949e+01 3.127406305327587788e+01 4.082638100671449877e+01 5.141549898532589680e+01 6.025226515689786311e+01 5.714108013478367809e+01 4.349704447857174472e+01 3.550669144121745546e+01 1.625944923010440846e+01 3.112998396859323691e+01 3.929088697566741217e+01 5.066429688793790831e+01 4.693912187807889325e+01 6.129443662503815204e+01 6.742754981527569669e+01 7.462185502577487739e+01 8.297295304101076852e+01 8.555209472424077433e+01 6.540556676190873020e+01 6.226483949735676049e+01 4.163534387305058715e+01 6.226483961346122697e+01 6.765595029678276262e+01
1.303432743768621893e-01 3.504960037290929531e-01 5.706620785488588643e-01 7.908682285835699766e-01 1.011221532280055957e+00 8.388543803092439077e+00 2.147545536375564623e+01 2.161721201613052301e+01 2.702200312075913935e+00 1.574570512675174783e+01 2.574049312102965104e+01 3.492195800512963899e+01 2.982293993302132407e+01 2.879936633772197041e+01 8.531265520780399569e+00 9.205172078858538498e+00 3.045007659644587505e+01 3.244637063244867647e+01 5.141794988056958005e+01 6.501824564309760035e+01 5.149341286361057968e+01 3.130277615677639247e+01 3.509769964949826004e+01 1.822001511872641899e+01 3.956586638411817347e+01 3.049779688089496332e+01 3.566999097829313570e+01 4.101520339213440991e+01 4.708631456534022419e+01 5.427328702315463715e+01 6.606099515234633657e+01 8.631620708614528326e+01 7.393609603253419493e+01 5.372088692629105111e+01 5.372088692629105111e+01 5.155001224116048775e+01 6.597302702415809961e+01
1.234970534698958955e-01 1.928243744127626513e+01 2.170479132120442145e+01 2.295450650334183251e+01 1.180007680901370870e+00 2.464736801362523266e+01 2.634678398265376487e+01 3.015508617599096830e+00 7.797811168841707996e+00 7.030421936682644812e+00 1.278130395394654784e+01 2.702758163829188121e+01 4.623992199998867392e+01 2.872674469548967835e+01 8.245761629663952874e+00 2.522981909743219475e+01 2.023319173528989623e+01 3.664496994063299695e+01 3.866201142911452138e+01 5.735691654494344505e+01 5.972095051237615593e+01 5.105360301369139364e+01 4.009897255915892345e+01 1.964605626192752297e+01 2.403630492407407360e+01 3.418549967163200165e+01 4.843998475244567459e+01 6.129354082509767920e+01 6.742754981527569669e+01 7.462185502577487739e+01 8.297295304101076852e+01 9.464047667497192151e+01 8.222083266052534611e+01 6.549997116765541705e+01 6.809008516243028453e+01 6.597302734858587314e+01 6.597302737387569493e+01
1.256355554530943219e-01 1.189853140969805345e+01 2.522710756428402590e+01 3.066407475760149737e+01 2.319773329803870254e+01 3.712811979349623215e+01 2.996353226718283125e+01 3.237064770823881776e+00 1.506467711116393104e+01 2.084101766544046441e+01 2.835643846193798012e+01 2.633234351826968478e+01 4.243344733896378784e+01 3.398434813019326128e+01 7.962686140946829028e+00 1.939032168496316189e+01 1.711952299037692526e+01 2.336509258135075839e+01 4.230071713076927864e+01 5.203474116591162613e+01 6.022200785461460981e+01 5.665841597228301652e+01 3.581505820495871717e+01 2.113442682815925622e+01 4.159936480365450961e+01 5.234653646997389842e+01 6.269845787367012235e+01 7.691117813837958295e+01 8.106583405191631186e+01 7.250469833388129359e+01 8.106583405191631186e+01 9.305344812826740508e+01 9.375652472321228004e+01 8.546005692000142062e+01 8.804961475706701890e+01 8.593716836054335317e+01 8.593717708484210505e+01
1.208450475705237920e-01 1.426298067130159986e+01 3.426298067134511172e+01 5.011739995259806335e+01 5.352607745213121149e+01 4.211021782786927048e+01 2.822514000097120146e+01 3.458752703961899044e+00 3.815406056913754895e+00 2.364405155868103137e+01 2.781244692882391689e+01 3.890621688891926055e+01 4.880214055791677907e+01 3.599301475474308631e+01 7.678662285048896585e+00 1.140535376849567761e+01 2.700014999880908206e+01 3.191771947001933185e+01 3.742698517583766460e+01 3.433524476216143739e+01 4.850367291810776038e+01 5.596089774680505968e+01 4.050380644198263269e+01 2.911217029184114580e+01 2.316960903574504016e+01 4.931538387297414516e+01 6.747424922475290998e+01 7.078496048231824034e+01 6.224591535773012652e+01 5.198713238157900918e+01 6.368991040780204571e+01 8.454592256987770327e+01 9.337282003786144458e+01 8.501804116958344082e+01 9.337282003786144458e+01 1.053894334296646491e+02 9.954585527102032927e+01
1.160239911856559974e-01 2.011602399118530116e+01 3.729912969086711172e+01 4.873076255487970343e+01 4.781240639087533140e+01 2.261739580669024363e+01 3.772077692878171629e+00 1.026491011313321167e+01 9.546052484112321324e+00 1.455299488986654488e+01 2.297016248000083394e+01 3.177113503770814873e+01 4.510987692584613740e+01 4.621133538080006531e+01 2.931053462273887433e+01 7.272349214967312570e+00 2.363357166011764221e+01 1.673167670089891956e+01 2.086087433098696309e+01 2.558628862711431751e+01 3.079071954061205574e+01 5.157577710666357973e+01 5.218712586247830387e+01 4.356168077908807135e+01 2.456285712205380989e+01 3.880736995403887590e+01 5.504015011424795034e+01 5.442632883015784273e+01 4.233126909581660158e+01 6.224591535773012652e+01 8.106583405191631186e+01 8.628543168169042588e+01 8.323165833181622020e+01 6.468928158551172203e+01 8.323165833181622020e+01 8.530809375119490312e+01 7.941061983184951600e+01
1.085988230417786332e-01 9.052844225433316794e+00 2.059822508032440780e+01 4.047456622324980202e+01 4.227213151616722087e+01 2.838656457246147724e+01 3.993436993052008166e+00 1.407364085053234071e+01 2.239221166353742376e+01 2.704495491766790494e+01 3.196695673880619992e+01 3.603673300834813631e+01 3.560201250126387862e+01 3.017130366105940453e+01 2.862156468773810403e+01 6.980093286812678599e+00 1.080322930526810232e+01 1.819241914479250966e+01 3.552079603281875819e+01 4.255054722616620921e+01 3.489067121941432958e+01 5.258105277205228845e+01 6.130746237633589146e+01 4.102478092511527308e+01 4.474669660085768896e+01 2.648526604867348411e+01 4.664295600638345007e+01 3.475483826709920976e+01 5.441090369659105619e+01 7.041467263606138260e+01 6.596117856587684969e+01 6.596117856587686390e+01 7.485366138143615444e+01 5.440530392363929479e+01 7.485366137321790347e+01 7.573768515481188501e+01 6.500619129950935360e+01
1.073404342885239532e-01 1.165434581808114167e+01 2.579648144181234315e+01 4.579648144181305014e+01 3.268407428914177615e+01 4.285961480849305616e+00 4.214425121914517014e+00 1.592278678667123160e+01 2.173129124865991812e+01 1.306086623532758573e+01 2.559536090214552218e+01 5.779847867200841982e+00 6.027133566126347652e+00 6.289338467683133871e+00 6.568530048780581332e+00 9.159805284971790584e+00 1.660459636177719744e+01 3.055332273814997990e+01 3.059201621028802975e+01 4.858376870768731237e+01 4.478812727649220449e+01 6.059861399879005006e+01 6.969335137145117187e+01 5.352078111542225969e+01 3.918441003063675510e+01 4.640453732153245170e+01 2.840219391700388485e+01 2.978393374052543408e+01 4.982473615419216628e+01 5.391210006529172460e+01 4.557292968225527829e+01 5.766053863788038569e+01 5.959028851624322698e+01 4.758129342861874278e+01 6.702926370666726541e+01 5.531275497318363676e+01 7.369618999190446118e+01
9.951591839399596962e-02 2.009951591839364227e+01 3.587396467056795046e+01 4.571799228874336052e+01 3.611194545287348490e+01 2.434357668165901600e+01 4.540889216901720538e+00 4.316046050593782546e+00 4.776133822809208063e+00 5.183069108608728826e+00 5.436522035748882153e+00 8.503430297982133013e+00 1.268284919784236209e+01 1.833564059679021696e+01 8.292237776634486579e+00 1.279489610153143886e+01 3.015755650565665746e+01 3.918629272040772094e+01 4.855233822046596970e+01 5.652861988386359826e+01 6.337113856530419298e+01 7.166035112805872132e+01 8.219959854471065341e+01 6.786018983006619010e+01 5.946899493281875237e+01 5.464962494500865375e+01 3.460858159312591908e+01 4.993002283895457083e+01 3.184362246503467020e+01 3.364513441131667548e+01 3.547712646855347884e+01 3.735517489278202419e+01 3.925910731490616001e+01 4.119988615649190677e+01 4.658047864587764053e+01 6.702926371794875138e+01 5.322203210860045886e+01
9.660808524269255682e-02 7.655896805222480950e+00 1.765541790661958643e+01 3.753790451773841141e+01 2.849067020288137542e+01 4.935476348034286254e+00 5.498876640764073009e+00 2.297009544180427554e+01 2.316906958982010423e+01 2.384239208549434252e+01 2.437818459547616357e+01 9.967088982513146789e+00 2.628517738877905074e+01 3.004839554329409168e+01 1.721863998014553232e+01 2.722185614436675039e+01 2.027252869551680092e+01 2.642239664379782482e+01 3.508975629348017122e+01 4.688552133078415807e+01 6.147839595081455144e+01 8.216140334258876976e+01 8.503507321035785083e+01 8.549460662990068727e+01 6.528627920202552559e+01 5.096330983679053617e+01 4.308486964540985298e+01 5.468485383018136758e+01 3.439610112031260059e+01 5.392251152098714329e+01 5.576705412205787127e+01 5.168799146194267280e+01 5.096102026786002170e+01 6.156870835456032864e+01 4.436429063646365023e+01 4.690088861660748165e+01 6.737915121825356835e+01
8.961064364900331314e-02 2.008961064364864768e+01 3.587396467056795046e+01 4.571799228874392185e+01 3.690521074457610240e+01 2.818613763912610182e+01 5.218890020917868355e+00 5.394362806483408157e+00 1.802346824530537717e+01 2.762668975723583742e+01 3.712574374846242620e+01 3.392171832089696437e+01 4.124361804920314256e+01 3.721942084896429748e+01 2.568760772869398679e+01 3.965133488438781484e+01 3.922601334310591170e+01 4.638510872033893406e+01 5.499527406049319467e+01 6.418122992245451996e+01 6.757078801933147361e+01 7.584902968506379750e+01 6.495870342754469107e+01 7.913115812179371744e+01 7.710312693807161111e+01 5.769889609216817661e+01 6.217754882630181612e+01 5.246345949447565005e+01 3.700067360786425752e+01 5.136714523070573790e+01 7.178248668356580708e+01 7.207954301888028681e+01 6.542258319242034759e+01 6.480490714953769782e+01 6.480998450932861488e+01 5.236304299674358020e+01 5.146717302013451700e+01
8.602227843884299729e-02 2.008602227843848809e+01 3.097785077589383107e+01 3.764319582258020347e+01 4.591176770367489723e+01 4.462441115844115558e+01 3.258897007295697534e+01 2.511035019706511306e+01 5.718394614732612347e+00 2.553750560135543424e+01 3.277850486989984091e+01 3.868599234917319052e+01 4.599205367327382277e+01 4.830331898334345198e+01 4.215315358808322088e+01 5.034161780221681681e+01 4.824783271826623832e+01 4.805526371109031203e+01 5.634960297821096020e+01 5.746696063581966030e+01 4.746913116677846745e+01 6.426298455881848781e+01 5.071539734995252502e+01 6.908466955462107251e+01 8.074384412528164034e+01 7.281717678742852229e+01 7.755710891393160011e+01 6.011140130538046833e+01 3.969734199353750626e+01 6.011140130538046833e+01 7.135400291921315841e+01 7.975959403747015131e+01 8.572707992688238221e+01 8.518953836538156565e+01 7.871735371628192013e+01 5.830546735736465536e+01 7.196191077267731373e+01
8.664218773200615953e-02 5.431867025979584263e+00 1.097886898818832968e+01 1.764553564824664633e+01 2.919250232405454426e+01 4.918149738264183668e+01 3.943118291906123574e+01 1.807777727310014981e+01 2.438425527613151900e+01 6.114480138810534982e+00 9.123063593673915506e+00 2.205632240628088425e+01 2.999108275438384297e+01 3.872026289225949114e+01 5.094743566849047767e+01 4.266472150350960391e+01 2.843774668854682375e+01 2.790444552239489084e+01 3.978898310010431771e+01 3.735811225083386233e+01 3.585642190662643003e+01 5.129542655769976989e+01 4.066694519072610348e+01 5.227391188605085404e+01 7.241090677675549614e+01 9.075062379732221984e+01 6.880881367077870436e+01 4.996113913454188804e+01 6.011140130536791304e+01 4.405928081160617893e+01 5.086689642438743419e+01 6.007148646511230083e+01 7.190767250773554053e+01 9.219570460017331470e+01 8.514280382347143927e+01 6.482374649297956637e+01 8.232396118546073183e+01
7.759125536472052942e-02 2.007759125536436429e+01 2.512093842246901687e+01 3.764319582258020347e+01 3.764319582258021057e+01 5.734015684844222704e+01 4.814600066882585594e+01 3.229401721339211662e+01 2.679647594924276532e+01 2.423793712818577006e+01 6.535423926143184126e+00 2.477387265097686964e+01 7.189145374067486216e+00 2.409213634060894194e+01 3.784255421579094758e+01 3.153638019126203318e+01 1.410186398058633195e+01 1.616572251643744806e+01 1.957742682940095946e+01 2.308465670798092617e+01 2.707304368924176430e+01 3.119861828361941392e+01 3.755186721408423267e+01 5.765148322559672778e+01 7.599653336768786005e+01 8.602545448977716092e+01 7.938498412271886195e+01 6.067184465448509201e+01 6.809315402341614742e+01 4.759616046618889840e+01 6.809315402430495112e+01 7.976313991750477328e+01 8.886987449197440014e+01 1.005720628439040212e+02 9.229233281807752576e+01 7.207041108057410383e+01 9.056272979418706370e+01
7.818929607037834739e-02 1.422032491980145430e+01 3.422032491980215951e+01 5.339020260497342463e+01 5.762816239285009345e+01 5.601923924379913444e+01 6.227854159194524897e+01 5.232745440849416241e+01 4.006582423751763855e+01 2.156463251033400041e+01 6.706717488672836680e+00 6.943387186531549737e+00 7.266554933207614475e+00 2.613061602364400926e+01 2.707445278718454773e+01 1.127304026800789138e+01 3.153638019172347740e+01 3.642087771214356451e+01 1.999955103216452912e+01 4.020586759072614313e+01 4.719292212393461483e+01 5.129542655769976989e+01 5.129542655559172459e+01 4.759079867049516821e+01 5.765940824903479012e+01 7.776492733154410075e+01 8.122662184756718773e+01 8.122662184816364572e+01 7.183684561797882395e+01 5.133147801667244181e+01 7.183684561798416723e+01 8.638797399901314122e+01 1.005990407615427245e+02 1.089514767470730021e+02 1.006260342145718880e+02 8.221808859675421388e+01 1.006260342145718880e+02
7.024788420635796893e-02 1.421238350793743344e+01 3.421238350793813510e+01 4.483953574910965756e+01 5.021916449401058458e+01 3.617650906510660036e+01 5.021916449405190974e+01 6.089066163490809203e+01 4.786610785958252023e+01 2.587432245833713651e+01 2.904703268014607076e+01 2.780569901184982484e+01 2.730040765620867305e+01 7.722556875403633114e+00 8.875792850581662563e+00 2.897990001534122939e+01 3.987097428660786846e+01 4.852183955162096396e+01 4.020586759072614313e+01 2.396730621276370243e+01 4.412083513435643312e+01 5.649204135571766017e+01 7.138282578033391701e+01 6.771216778394344260e+01 7.599654220150237904e+01 8.602545719473897634e+01 1.015131914395876152e+02 8.623144722625059444e+01 6.587440640688279814e+01 7.183684561798416723e+01 5.755199606840377413e+01 7.800288954519145079e+01 8.038102995147843899e+01 1.005990407615427245e+02 1.106936739737297586e+02 1.023665770394008945e+02 1.106936739737297586e+02
