MOVIE_S4_data/elevation_000336.asc
nrows	100
cellsize	150.0
xllcorner	0
ncols	100
yllcorner	0
NODATA_value	-9999
[rows 17 to 33 of 100, columns 37 to 73 of 100]
6.879701180744456224e+01 7.990256503573768043e+01 9.855186635853804944e+01 1.104046050172029823e+02 9.076923637379920251e+01 7.962125838704326952e+01 7.090913033108779473e+01 6.491545761795249803e+01 6.060313784158265804e+01 5.982257063849687029e+01 7.964412546204960108e+01 9.252221102939323316e+01 9.050716658499675304e+01 7.401648757345157037e+01 8.717591884073166852e+01 7.889934769667874548e+01 7.293344799638396125e+01 6.474161426435304634e+01 4.622143540490872482e+01 6.446895976853114973e+01 4.762505528343554317e+01 4.817556912275027514e+01 6.823405252346816496e+01 7.721907897792522135e+01 7.692918019572815069e+01 7.750187430191083138e+01 6.138899764099703305e+01 7.698943399926135100e+01 7.373746694302745652e+01 6.843956585879425347e+01 7.478347384260379727e+01 5.832500438207104310e+01 7.773233093517242764e+01 9.291729804280366523e+01 9.570026766296942355e+01 7.378000463271567355e+01 8.183136492676352702e+01
8.778468721962077836e+01 9.551187191787471420e+01 1.062807007142519353e+02 1.187208966543200717e+02 1.052267815956075339e+02 8.484845133753809421e+01 9.044641060779633790e+01 8.447431398645102263e+01 7.467086079638418994e+01 5.473153624664022487e+01 6.458885513417477853e+01 7.855553308178402006e+01 8.166953799510810086e+01 6.256013112632650319e+01 7.898815337216902321e+01 5.899516486524434100e+01 6.276572772669655365e+01 4.554043956495382872e+01 6.549271770994410247e+01 7.287767904863409285e+01 5.926392107121527886e+01 6.822984286866747539e+01 4.896110626245013719e+01 6.904876527991878277e+01 7.592787879103032367e+01 6.116997276252850213e+01 7.207829777230814727e+01 5.285468813142207978e+01 5.347496446671573977e+01 5.410008918677625189e+01 5.473148348471713831e+01 5.536853841958505740e+01 6.835969923685561866e+01 8.094491513645569114e+01 8.773491780267191587e+01 7.922625118147317380e+01 5.987978240619575843e+01
9.447579748279672174e+01 9.193120880766106495e+01 1.000958827622377925e+02 1.114401156217603699e+02 1.138704684855087521e+02 1.052453239183144120e+02 9.957756551453893223e+01 9.137841304898509520e+01 8.281589989591714129e+01 7.038113127950761339e+01 5.038435434657098710e+01 6.630821929944448812e+01 7.348613584092220208e+01 5.358959444800682093e+01 6.358512812888452004e+01 6.408363949294688666e+01 4.486896753627982548e+01 6.474991388637846512e+01 7.369345005724123610e+01 8.685468646107867130e+01 7.897382682593801917e+01 6.590328962569324744e+01 6.638977729216843215e+01 4.975771324984607702e+01 6.872230017634738886e+01 5.139654025071691024e+01 5.198876845023491455e+01 6.280117185042742278e+01 7.283744764704508157e+01 6.587290675420409514e+01 7.477489212544971053e+01 7.539466415401281552e+01 5.629574934097685457e+01 7.627686691396877450e+01 7.778749801338331338e+01 5.889034128785702649e+01 7.147459298043565923e+01
7.489479106445750745e+01 7.235682848981373638e+01 8.365253359261599542e+01 1.032400894610932198e+02 1.080103208190447646e+02 9.661175198651118023e+01 8.841881977090400824e+01 7.160533330807176355e+01 7.523376104611803328e+01 7.050930836105770538e+01 6.630821929944448812e+01 4.638540049580541336e+01 6.238783587871107272e+01 6.056698775906406951e+01 4.375877558644751986e+01 4.421298185359021460e+01 6.404425768816946629e+01 5.263031954794480782e+01 7.264622949336073532e+01 9.018203730124338335e+01 9.401619875256609760e+01 8.568711559078097650e+01 7.498757421410253698e+01 5.648500030331093313e+01 5.056500384660826342e+01 7.073296817233176625e+01 7.203430192394284859e+01 5.595426637548644067e+01 7.528089080446419246e+01 8.529557778721843420e+01 9.229960701292471015e+01 8.277214938312687309e+01 6.304353247197548171e+01 5.723349208510966690e+01 5.790087816147046595e+01 7.612757483246966217e+01 8.216392539495565472e+01
6.095899949001862694e+01 8.062993506193180338e+01 8.813156535912065692e+01 9.633568475746118054e+01 9.979668631177358407e+01 8.008964338124945925e+01 6.869733413272275868e+01 6.111190155019254178e+01 5.518960586011130687e+01 5.014521184444664925e+01 6.399237052005377535e+01 5.758220776536344943e+01 4.267659160899104620e+01 4.312386429324389070e+01 6.288212985111037057e+01 4.967410805793869599e+01 6.898026301173941022e+01 6.684483545641877811e+01 6.215218268021844494e+01 7.623018003306579260e+01 9.594624388638995072e+01 8.817671894507330421e+01 7.517400428357929343e+01 5.502823893258193522e+01 7.082086658326829820e+01 6.494491914814284428e+01 8.319357794560974639e+01 7.530791990021458560e+01 6.005185465522614408e+01 7.358819184835061833e+01 9.284475119940957200e+01 9.308439244049149863e+01 7.463769482618944551e+01 7.715829375224444675e+01 6.017842349836712401e+01 6.969438215780313328e+01 8.013262867691494762e+01
5.498655274800177750e+01 6.155264584453085774e+01 6.848984500016608479e+01 7.979943714144484090e+01 9.951346417205505190e+01 9.661175198651118023e+01 7.734438170429143611e+01 8.096479884470973332e+01 7.523376104611774906e+01 6.406961561265866578e+01 4.396105945450506880e+01 4.204709725060855163e+01 6.170131182439386208e+01 5.283800552314228582e+01 6.947635989950290991e+01 6.044122969898042896e+01 7.735600785702756355e+01 8.665162499568340593e+01 7.214721863486185782e+01 9.018203730124338335e+01 9.138616452850583016e+01 7.138803507171500939e+01 5.977830606245208855e+01 7.499541051773196898e+01 8.350267964370198115e+01 7.912454236807518271e+01 9.334165153848081786e+01 8.188079797631010592e+01 6.297861245746589276e+01 7.630297919910219662e+01 9.542875588209530235e+01 1.036231619608047936e+02 9.317596309563269585e+01 7.345826303500258803e+01 6.241675719162633129e+01 8.144202607347584433e+01 9.186063513498294242e+01
6.040922582873196944e+01 8.006079832463265689e+01 8.813156535912065692e+01 9.633568475746118054e+01 1.077440080646935598e+02 1.052798740012534324e+02 9.707380777559789919e+01 9.400321751685336835e+01 8.342656980156296243e+01 6.389533090933448278e+01 6.118738219820733093e+01 4.159362421817474598e+01 6.115754803506247583e+01 7.036116206385381133e+01 7.842076766828296286e+01 8.083017545996000308e+01 8.902547860855479200e+01 1.000456071544225409e+02 9.186254423993325702e+01 1.000456071544225409e+02 9.975920191097415568e+01 8.337217509205741806e+01 6.340222311739252348e+01 8.337217509205973442e+01 9.794805391545479267e+01 9.920700616387991033e+01 9.574691255270597878e+01 7.669692813053563896e+01 6.594428494139978625e+01 8.474839891866965047e+01 9.775689492629935273e+01 1.089198667751031167e+02 1.014977911288898014e+02 9.005162572561434331e+01 7.092828448718883294e+01 6.561538899068419539e+01 8.506005642242470799e+01
7.688212098580987686e+01 8.824673756146641779e+01 9.921502442852329295e+01 1.074514169344031558e+02 1.147630715398354369e+02 1.068463141248882948e+02 9.942696999945613356e+01 8.028205506922746792e+01 6.664552176900969016e+01 7.163251482265606285e+01 5.934282700527126053e+01 4.112903497143717146e+01 6.009295442000527743e+01 7.739306742687041663e+01 8.184314225902208761e+01 7.437877837757750399e+01 7.953131093917750150e+01 8.752317157915275914e+01 9.859727666580504035e+01 1.138907098782425180e+02 9.377088489112593095e+01 7.966890419305823912e+01 7.157092064795406827e+01 6.976108809162609248e+01 8.381149658877053810e+01 1.047389055888001081e+02 1.038421670151558658e+02 9.104650187161018948e+01 7.215219301267757146e+01 7.084888028152933259e+01 8.157646450047208475e+01 1.007936537297464099e+02 1.069129577601503200e+02 8.691363910283752148e+01 9.058358245457881708e+01 8.511808893084342742e+01 6.891339384123880052e+01
8.824673756146648884e+01 9.510171735325558018e+01 7.940057754880427865e+01 9.599970970915595103e+01 1.068463141248882948e+02 8.758251716241849749e+01 9.322475266132397564e+01 8.589046373959276082e+01 6.664553048600961915e+01 5.260766364273996487e+01 4.638253829586572863e+01 4.065362856965169414e+01 6.015992604639503583e+01 6.223057710154959210e+01 6.772671877525796447e+01 5.515615388611328740e+01 6.025320294649564090e+01 7.147136984554730077e+01 9.054139522608247148e+01 1.073938647491121685e+02 1.052136530607475180e+02 8.551145572984611931e+01 9.128209572376296421e+01 7.469346384948896400e+01 8.867540926367730947e+01 1.088192801152727043e+02 1.021677929521623156e+02 8.290515175500105727e+01 9.104650187167801789e+01 7.506914370676445003e+01 8.262299372331766278e+01 9.359407832250882109e+01 1.129277025496313485e+02 1.069129577605822021e+02 1.052660783512016422e+02 8.527679617370347387e+01 7.141991832626312942e+01
9.510171735325558018e+01 7.536286110218478029e+01 6.811979878898786467e+01 8.718330776212283695e+01 9.711682326498571172e+01 9.322475266132512672e+01 7.384795724682832940e+01 8.353635495407664280e+01 8.032641522881841922e+01 7.227134368374379392e+01 6.030725118786822492e+01 4.016994455440126899e+01 5.705628785958661098e+01 5.232804216410931275e+01 4.896666268131892963e+01 6.775379758470154457e+01 7.953016596261696236e+01 7.065661243376746370e+01 8.017832450231456676e+01 9.926648866757717826e+01 1.132241086773499319e+02 1.052136530607696869e+02 1.005696031553454048e+02 8.058108198785448906e+01 9.455508900906885117e+01 1.146525289259207767e+02 1.102989467004045849e+02 9.389716997447972346e+01 9.862351300095716056e+01 7.941239448515004540e+01 9.831112837019932726e+01 1.095567052450416696e+02 1.208002323888506737e+02 1.138684267537130381e+02 9.369413149462640433e+01 7.973555999757282109e+01 7.602839527563868671e+01
8.504876410569106326e+01 7.694449591336133665e+01 5.944764805199462643e+01 6.919957147882402637e+01 8.887157090673470350e+01 1.011727943511269672e+02 8.353635495407672806e+01 6.400594311306855388e+01 7.520861252229532568e+01 8.319458976003714668e+01 6.433246779508134239e+01 3.967816632158299939e+01 4.958128242898579430e+01 4.386220478282918833e+01 6.455219454633083842e+01 6.386887203560425519e+01 8.225234952442150416e+01 8.972240658496531296e+01 9.777171824460839389e+01 1.073938647698910813e+02 1.124692228814659245e+02 1.041862663030067893e+02 1.088827273333724435e+02 9.466389728477493293e+01 9.204217934195851569e+01 1.122182807132732307e+02 1.216144988163040637e+02 1.134656740448000534e+02 1.055148633517385690e+02 8.602509797811508463e+01 8.949180735190454072e+01 1.031912910024062029e+02 1.228107333174946803e+02 1.103684817870586841e+02 9.022819519018541712e+01 9.960304577035361717e+01 8.073163130111990426e+01
7.380288469651161165e+01 5.741643470893177437e+01 5.328848810135988145e+01 7.282482489707228979e+01 9.163495869955595197e+01 9.580976933015782038e+01 7.645384713753759343e+01 6.256604313206790380e+01 5.529470117217258007e+01 6.920417846504949466e+01 6.525043872609072082e+01 5.862470044607419339e+01 3.897309760229141062e+01 5.820564302212907393e+01 6.903658823038924197e+01 8.042985577764270033e+01 9.013172734032046662e+01 1.041956039615675422e+02 9.597345358828256678e+01 1.041957327613094577e+02 1.010096666060089490e+02 8.439915733852559754e+01 1.010096666060089490e+02 1.148272383634700589e+02 1.122182807132732307e+02 1.085334476090194897e+02 1.286139078145179724e+02 1.196061953721606841e+02 9.967804251697748441e+01 9.967798994701817605e+01 1.006440198580365006e+02 1.171783448393746596e+02 1.247083426987105099e+02 1.044287169149086338e+02 1.103684817870586841e+02 1.056257222722081650e+02 8.556492701756353370e+01
6.044852643843810824e+01 4.610027581983622014e+01 5.412703748863163611e+01 6.385066777792049919e+01 8.343785269623252532e+01 9.580976933015782038e+01 7.645384713753759343e+01 8.212306545194010710e+01 6.920425414656591556e+01 4.851393550818084321e+01 4.386991698581801558e+01 5.853848804109402693e+01 3.847101549286454514e+01 4.636053090993576120e+01 5.438963091352118795e+01 6.866586604470822408e+01 9.147789386784472754e+01 8.897740938567456226e+01 7.686426251550163613e+01 9.453137210456260675e+01 9.276217361587343646e+01 7.306295612108876014e+01 9.276217361587343646e+01 9.924368417163826450e+01 1.075121567462199295e+02 1.190038365511087051e+02 1.368489494626515750e+02 1.279667900185164910e+02 1.196061953721606841e+02 1.196055343131641564e+02 1.203537446503588626e+02 1.285853417247687105e+02 1.330515429116333337e+02 1.247083426987105099e+02 1.173519535036340784e+02 9.704152522950354864e+01 9.704152522950354864e+01
4.075353253863533354e+01 5.471222199213441684e+01 6.567167549278431693e+01 8.179302966135786335e+01 9.163495869955595197e+01 1.037535497822677684e+02 9.580976933015782038e+01 8.875233243264624150e+01 6.920364140425229493e+01 6.834456888476866254e+01 5.907042424621795362e+01 3.775639697379320836e+01 4.261991940770818132e+01 4.778869192593703730e+01 5.894438194171824108e+01 7.792293319989194345e+01 8.588048272266441074e+01 7.283863952013308563e+01 6.797832690899321051e+01 8.170830628634888626e+01 7.698590251177272137e+01 6.609423270996860822e+01 8.579744847855401702e+01 7.950460055909465495e+01 9.085508474168614157e+01 1.107027240951244664e+02 1.189880438553046105e+02 1.211831815709413860e+02 1.295235192302314431e+02 1.248865271085334996e+02 1.165520070788396936e+02 1.165520070788396936e+02 1.248865271085334996e+02 1.364760793521426478e+02 1.257180754640798028e+02 1.087622264132795777e+02 1.114065397174990295e+02
4.992486376769721090e+01 6.860093387217747818e+01 8.237153988371508717e+01 9.335973712332058483e+01 9.577813666857811370e+01 1.040025359336838875e+02 9.251036270793639460e+01 8.283534847645812249e+01 7.482205257796613296e+01 6.099846314652730683e+01 4.300848191789859953e+01 4.582754096434310043e+01 3.704255441571253726e+01 5.903717717547834098e+01 7.288437843691798435e+01 7.345833356994569385e+01 7.775437092100523273e+01 6.153909478286577439e+01 6.082717568711854028e+01 6.406161569832359248e+01 5.719939012168296699e+01 6.220008899461735297e+01 6.817040785431126437e+01 7.950460055909465495e+01 9.924368417163826450e+01 1.131872677346960927e+02 9.905052677841121067e+01 1.012283016347412143e+02 1.162902976807484237e+02 1.106500836477256655e+02 9.663446756186563391e+01 9.663446756186563391e+01 1.080875900079719116e+02 1.281146158258717378e+02 1.374158809402628378e+02 1.290857389206336165e+02 1.317054521000413558e+02
6.255681064731080454e+01 7.772542411946312768e+01 7.893631618696352348e+01 8.712761086599205385e+01 7.606063762682126139e+01 9.259530371759213097e+01 8.449894412305015123e+01 6.514529002333006247e+01 5.560109082546529891e+01 4.980503751443139038e+01 5.539544836433379515e+01 3.632753118965430872e+01 5.562265900876699476e+01 6.377797576288823933e+01 6.581831409527046617e+01 5.366103113638756383e+01 6.178939471017523744e+01 5.236018045010674626e+01 5.385394267151237102e+01 5.181202541470572953e+01 6.593865859319078027e+01 8.191450701749114671e+01 7.829167800175996206e+01 9.607811981275578717e+01 1.075121567462211374e+02 1.048900903302106400e+02 8.515355181064010992e+01 1.048900903302106400e+02 9.639859184911074408e+01 9.083120767817426611e+01 8.531396125466419278e+01 1.050526102771197401e+02 1.190268415177523309e+02 1.305935072883286239e+02 1.248964631440980639e+02 1.167883266845740309e+02 1.248964631440980639e+02
7.072104274378813216e+01 7.473956663259835409e+01 5.924805238334746349e+01 7.303267284115257496e+01 6.471543334000949699e+01 8.439423328907349742e+01 9.251036270792995708e+01 8.283534847645599086e+01 7.482211398351684295e+01 6.841507852826589442e+01 6.067922074213569772e+01 4.003089664320950192e+01 3.561653798108428504e+01 5.490263154741629137e+01 5.275441853841482498e+01 3.979960696294771338e+01 4.197295173215504605e+01 4.432303892944442936e+01 4.690924136461426031e+01 6.695335002335002628e+01 7.995289662923806873e+01 9.396713466515740265e+01 9.803424756284466923e+01 1.062971320852540202e+02 1.123422041692697775e+02 9.249942995243563360e+01 7.873765923039931636e+01 9.831124415702043962e+01 8.256929608580635715e+01 7.710508576395262992e+01 8.350019124732608589e+01 9.085566186624883755e+01 1.022610781251008518e+02 1.222444884326909573e+02 1.151236484107917732e+02 9.725476886729553883e+01 1.151236484107917732e+02
