MOVIE_S4_data/elevation_000813.asc
nrows	100
cellsize	150.0
xllcorner	0
ncols	100
yllcorner	0
NODATA_value	-9999
[rows 17 to 33 of 100, columns 37 to 73 of 100]
5.421401701572186482e+01 5.579704559835200683e+01 5.851401568667356656e+01 6.699349596919061867e+01 6.908033765224604394e+01 7.709872805479388091e+01 7.781602547604518350e+01 7.007823151533773398e+01 7.620292003265066683e+01 6.037543083981100267e+01 3.997009256852043535e+01 4.510498959751686243e+01 6.213165282602808048e+01 7.387827416390470603e+01 8.197688737214258481e+01 7.395942923391457668e+01 6.161754138597714814e+01 4.850587965691858017e+01 2.848181826372391967e+01 4.356847061436423729e+01 2.455907163160696527e+01 4.422436680730773872e+01 4.605523533065593256e+01 3.594730210331947973e+01 5.635596132574838890e+01 6.269120294781468772e+01 6.269121043451396247e+01 4.808333364164835189e+01 5.972846090808527464e+01 8.000318579479029779e+01 9.200570157767792523e+01 9.207877774362552259e+01 7.637051875521932232e+01 5.630061272782229764e+01 6.975623658884747158e+01 6.975623658884747158e+01 7.462535359803879942e+01
4.225382636486536114e+01 3.563265466863573039e+01 3.846508793002847426e+01 5.494437479608243535e+01 6.922444064790961704e+01 7.076078537332922735e+01 7.910330933806532983e+01 8.301287772038514845e+01 6.247326806043081859e+01 4.793695647229838386e+01 5.171786139645429614e+01 6.548456862847275772e+01 7.387835093883253990e+01 8.106037485053494152e+01 7.076512532678306400e+01 5.414803995822825300e+01 5.329322056288238230e+01 3.319617580710753657e+01 4.850587965691858017e+01 5.190687368357929188e+01 4.001078070778387286e+01 2.511794123455546668e+01 2.570207645006992436e+01 4.607015076600644932e+01 6.481005674432567787e+01 5.756077781817254646e+01 4.249215334349212725e+01 6.269126102500666065e+01 7.667609906122933694e+01 8.608919029243189414e+01 7.197330081565398530e+01 8.608919029243189414e+01 8.400061561932304244e+01 6.385602160684155848e+01 4.961138187262544363e+01 6.394091794224913627e+01 6.746487168167065818e+01
2.212204577868771693e+01 2.421360273033248234e+01 2.637439295848619381e+01 4.066431122410147481e+01 5.673461289221013004e+01 5.092478203555636185e+01 7.076078537332922735e+01 8.042054349952660175e+01 5.979200636153940707e+01 5.979201796422122328e+01 7.220189063446426303e+01 8.059699228051567843e+01 8.700581076284865389e+01 6.683184780897735777e+01 5.260533477259059509e+01 4.256751785766572027e+01 3.836955824057311304e+01 5.262383971664512927e+01 6.161699191618868099e+01 5.934208442866111000e+01 5.020377235218604994e+01 4.495952921726131990e+01 2.566346106023481255e+01 4.562672351629737477e+01 5.292970488585200428e+01 3.735838259740412326e+01 4.745141155064058580e+01 6.173131748686726894e+01 8.200643681544131880e+01 7.711972631326453609e+01 5.772525472742570685e+01 7.711972631326453609e+01 7.954562802289711954e+01 7.125663297037857546e+01 6.394091794224913627e+01 4.384029969056745557e+01 5.822410017102647828e+01
4.225382636486538956e+01 3.847428736455634635e+01 4.657489956858089641e+01 2.960592403991943655e+01 3.678585395438758354e+01 5.092478203555330651e+01 7.076078534158828859e+01 8.881020273779506624e+01 7.173633002308791617e+01 8.042218625580571256e+01 8.881435318837664283e+01 9.531761659234808803e+01 8.715873432860929881e+01 7.047980274848276849e+01 5.043793650083200220e+01 6.267299976367529268e+01 4.736051048547354725e+01 6.652348260566608928e+01 6.659118298749815779e+01 4.483519581203720605e+01 2.978814202612262108e+01 2.621557420978501440e+01 4.242571603839141403e+01 2.974453674618693100e+01 3.274482349065466735e+01 5.292974406945683086e+01 6.593675805384525290e+01 7.604489584601004992e+01 8.346224382310822421e+01 6.884477460508666979e+01 4.870154333212638420e+01 6.884477460449726038e+01 7.116682717277637948e+01 5.104560290686208646e+01 5.690981707675711476e+01 5.754708735235310257e+01 3.833678598304466334e+01
4.538166701539723391e+01 5.864857766860518495e+01 5.820459745296095377e+01 4.983120529290744827e+01 3.311954745842185588e+01 5.334528732640028892e+01 6.784871779632395317e+01 7.956027989748562845e+01 9.228405146516652735e+01 1.005894324975855199e+02 1.000496680585817302e+02 8.114050892116151203e+01 6.738904439474070784e+01 5.985962320927213653e+01 6.460155260881697359e+01 7.573821344777807951e+01 5.895866822580516242e+01 6.948042867449890991e+01 5.891785254754368850e+01 4.677026490457387098e+01 2.676667423820498470e+01 4.614481699783958391e+01 5.373123515792465099e+01 4.985083515813459343e+01 5.292973181887763445e+01 6.130938518057800479e+01 6.791376161232990682e+01 6.169878363590957804e+01 6.991116576445220687e+01 5.622104942210185641e+01 4.243925651510325991e+01 5.474968633649842786e+01 5.537982221696815088e+01 5.445407277682701874e+01 3.674951839872516501e+01 3.739490906368362033e+01 4.031396395427005075e+01
4.217524935436861000e+01 6.231747422018263904e+01 5.780146981802214157e+01 3.762524546124301139e+01 5.334528732640028892e+01 3.915619582607717319e+01 5.087292865872176151e+01 7.114650692992542247e+01 8.216198332971256946e+01 9.103880933822694033e+01 1.041312775805838271e+02 9.531761659234808803e+01 8.715873432860929881e+01 7.977801104432086277e+01 8.467115395868556504e+01 8.730417554176121087e+01 7.906219827331439376e+01 6.088044529105923175e+01 4.020325941470255771e+01 2.881832842177708187e+01 2.715156491886440193e+01 4.713477993523056853e+01 5.582002616944658513e+01 6.652352226223595721e+01 6.141129990068431965e+01 5.260776144273365418e+01 4.883547242890876561e+01 4.327398498308213703e+01 5.922855757250270159e+01 4.240215492994585844e+01 4.112930158111934276e+01 3.454783487462218261e+01 3.519559518404489751e+01 3.583885335262367988e+01 5.601085005941321526e+01 5.135889757299480607e+01 6.023810533579763415e+01
5.643373841322787143e+01 6.338748238833701265e+01 4.324682770446320035e+01 4.324682770446320035e+01 6.338748233841898383e+01 5.944155105760906110e+01 4.620089573190855958e+01 5.313576237204412678e+01 6.076553289579666028e+01 7.254177902806090117e+01 9.544714340401475283e+01 1.059922364590709805e+02 9.775467629970775363e+01 9.555627843781014974e+01 9.106461962745582639e+01 8.692739470475380870e+01 8.307677818729203523e+01 6.940662285789927921e+01 5.775401939647908023e+01 4.151815660721485557e+01 4.708910938465768226e+01 2.768830641640786183e+01 4.759931090100422324e+01 4.785778487001287118e+01 4.871507909366073363e+01 3.037360707477181165e+01 3.087673774511637959e+01 4.262911404747373467e+01 5.164393520892947009e+01 3.299751207843628009e+01 3.363438513316244638e+01 5.386352321311863989e+01 5.537732013829821653e+01 4.108635985552292169e+01 6.019911099105762275e+01 7.013966913928709346e+01 7.249015433239075890e+01
6.916738099354734004e+01 6.749921591894680262e+01 4.735591753095388867e+01 6.338748233841898383e+01 5.222664985389820913e+01 7.241678547580913516e+01 6.663540485942206715e+01 5.799467328784140108e+01 7.843886374468418410e+01 9.103880933821784538e+01 1.026147277379842251e+02 9.467884545938862573e+01 7.727722313803033671e+01 7.501995631917294816e+01 7.041731316506060523e+01 6.621907962992348473e+01 6.235118034650869845e+01 7.689631358325344479e+01 7.025966883527520679e+01 6.190659564676726490e+01 5.600226286476536330e+01 4.739773654800968927e+01 2.822153354001498471e+01 4.778294868987410382e+01 2.965933044335276492e+01 4.530942119309624161e+01 5.016776810756246618e+01 3.160003693826105575e+01 3.212452177763852035e+01 4.412454438811424495e+01 4.249936931506707793e+01 6.077017134998122572e+01 6.844141448583144438e+01 6.019911099105762275e+01 4.932505059812430659e+01 6.309461970974040668e+01 8.324459436933464929e+01
6.079496628143203196e+01 7.180070266908546728e+01 5.162494142556359122e+01 7.180070266908546728e+01 7.241678547580913516e+01 6.297208374933773456e+01 8.326243373449793239e+01 6.978838780673254405e+01 8.687733326665079403e+01 1.062769495276663605e+02 8.618844400993347676e+01 7.448157153438680211e+01 6.621437171914098485e+01 6.026898647694769551e+01 5.570886699488335836e+01 5.160432418522044173e+01 4.783745176821766876e+01 6.332737932438762840e+01 6.007465900904914946e+01 6.856445130951134104e+01 5.793183179128964611e+01 2.900003974460308953e+01 3.059954959978083266e+01 2.894085270515546071e+01 4.890922992157407378e+01 4.407563067354689679e+01 5.627707423186174651e+01 5.468736613554776227e+01 4.663717631523099527e+01 3.390429310399423457e+01 4.563945027749776528e+01 5.845763719166927785e+01 7.424467153953870024e+01 7.729620924381347891e+01 6.899641064680071167e+01 6.158838944971046203e+01 8.174383142352556320e+01
6.466040502928748879e+01 8.020607585664507155e+01 7.180070266908546728e+01 5.849135636549632977e+01 7.874902604610166179e+01 7.730233202758228117e+01 7.952959657995180009e+01 9.025563374633883029e+01 9.866697767819148623e+01 1.144320618298708894e+02 1.029016531688275933e+02 8.311221841524705667e+01 8.087698925749849366e+01 7.502000347753528331e+01 7.646476921465939824e+01 7.228413424875451199e+01 5.457078908370189652e+01 4.284390367867633387e+01 3.956161719214849626e+01 5.563196047345758188e+01 5.001308015790507966e+01 2.954303405624246537e+01 4.820074623536724090e+01 3.897315585698289908e+01 5.729502906927542227e+01 6.198577565960425773e+01 6.711503315859495444e+01 6.486152060024734567e+01 4.319901326506029449e+01 5.288630837242038041e+01 3.575613944458406479e+01 5.591744683776822455e+01 5.404689149627606781e+01 7.424138949883763416e+01 8.701960563065837562e+01 8.174383142386639634e+01 8.174383142383882728e+01
6.334099734476848909e+01 8.359673457474946190e+01 8.399531404704981696e+01 6.367652798996989816e+01 8.399531404704981696e+01 9.765139210845659079e+01 9.987165413244892420e+01 1.082403112327624370e+02 1.084504454865617475e+02 1.166599344983335840e+02 1.115913507239104945e+02 1.034005249611750088e+02 1.012195659830712486e+02 9.556082546116313381e+01 9.576518499306433796e+01 7.528677578421859096e+01 7.181371186825619191e+01 6.332711294966443205e+01 5.559916878763573322e+01 3.490500484532849157e+01 3.191567450285119989e+01 3.009712565679893714e+01 3.038801828358537449e+01 5.864797316625192281e+01 5.919979531623326352e+01 7.972603706928747158e+01 7.767058052080813013e+01 5.578243193165546643e+01 5.859871314342823467e+01 6.367526902815161094e+01 5.000773742169680247e+01 3.762079005854509006e+01 5.772442397505581368e+01 5.856856590957806930e+01 6.990553712267977460e+01 7.602307042677244908e+01 8.317347723035031493e+01
6.555527538151889644e+01 8.581914871302190306e+01 9.169874202342360547e+01 7.131738735524110950e+01 7.650404368252910103e+01 9.092898082705562501e+01 1.112674707170198047e+02 1.050107170872858688e+02 8.812529593874468503e+01 1.050107170872858688e+02 1.061259755681024615e+02 9.816034317685775079e+01 9.966712493055948130e+01 8.521940427272070906e+01 7.680667561574917102e+01 7.834480166225198161e+01 7.609673584308958993e+01 6.250461550201615779e+01 4.144549236520768432e+01 5.140115771632718378e+01 3.094727954241947643e+01 4.739016325945918595e+01 5.254209438022606804e+01 4.971462508908718547e+01 6.439688914894452409e+01 8.369087928421775757e+01 8.596766086559190967e+01 6.870760782513193021e+01 8.010961922697727289e+01 7.846429532946926599e+01 6.606497649652366988e+01 5.774736839351333373e+01 3.950000244424611395e+01 4.433392261125262479e+01 4.964664741599286657e+01 5.573350780164260243e+01 6.294907265671545815e+01
7.486880151582967358e+01 9.420580130543633857e+01 1.000950177190197508e+02 8.149984673584739880e+01 9.688598659673212410e+01 1.052671042005439119e+02 1.059095889671857265e+02 9.660090311787980966e+01 7.605693147349383310e+01 8.608010650952115839e+01 9.404718382873633686e+01 7.808165054581100151e+01 8.186401185064624997e+01 7.077168361488213577e+01 5.606517307094856761e+01 5.761778063344979017e+01 5.539589515414191823e+01 5.631971859170904082e+01 3.581737413954306959e+01 3.376973913835964680e+01 5.126410048271620923e+01 3.187783189536016337e+01 3.485504482696879336e+01 5.859387417752927263e+01 7.004786971579838450e+01 8.953009158831140724e+01 9.756237843737739013e+01 8.971913523631192788e+01 9.325189539968776842e+01 8.326042043251818825e+01 7.500433727390489480e+01 6.096619187389372030e+01 4.087452143539337612e+01 6.096619187152037256e+01 6.990553712273680276e+01 7.602307042677243487e+01 8.317347723035740614e+01
9.093087887281376425e+01 1.035451138514329017e+02 1.102650544306299025e+02 1.018976373109996700e+02 1.102650544306299025e+02 1.170894892670340397e+02 9.794733537906665788e+01 7.783739936912211022e+01 7.114575331791579060e+01 6.473701355354022269e+01 7.917720448542071665e+01 7.582093070730115869e+01 6.106032502343570201e+01 6.959066978155533434e+01 6.368859780033523066e+01 4.313285840301338681e+01 4.093494688301802142e+01 3.878587616348162470e+01 5.631971259534659424e+01 5.041458321774604201e+01 4.972211366057165804e+01 5.153716333342848088e+01 3.281641708116913492e+01 5.323782276089730914e+01 6.879039303807395811e+01 7.586244964703070082e+01 8.426170312261110951e+01 9.594368529868987139e+01 8.524182199398227056e+01 6.504946134877056352e+01 5.490533663181635404e+01 4.820556932529130023e+01 4.224632112710234111e+01 6.234073690884331143e+01 6.064458742836139038e+01 7.498428701649423544e+01 9.504471384511781196e+01
1.010911776813447744e+02 1.127367175339008156e+02 1.044881747327070656e+02 1.127367175339008156e+02 1.226665394312588973e+02 1.036323604296424037e+02 8.970443815721715453e+01 9.794733537906665788e+01 8.484781653094158571e+01 6.407246398110395091e+01 5.822988382112278316e+01 5.492401920296332918e+01 5.178146014828266175e+01 4.887102178189164192e+01 4.641773790554725565e+01 6.368859686467190073e+01 5.539589503724329944e+01 5.324018446553944983e+01 5.929553561662035577e+01 7.217121216100305503e+01 6.567271002858007023e+01 5.362813054278212377e+01 3.347744189559747241e+01 5.367422147370368180e+01 4.889550302124213488e+01 5.586796066110358083e+01 6.733118797288894086e+01 8.752049596687002975e+01 9.369817262603061181e+01 8.333277475962613323e+01 7.501687063535487709e+01 6.827868502749758761e+01 6.234073992549611631e+01 4.421998242584130168e+01 6.427060375077951448e+01 7.496082680988219238e+01 8.772273933660294176e+01
9.976657900357875519e+01 1.028530516154105499e+02 8.478148875811346841e+01 1.028530516154105499e+02 1.142734016286731560e+02 1.170894892670340397e+02 1.092073423848973306e+02 9.398294856991374502e+01 7.355613439810262832e+01 8.483082388053576040e+01 7.041784661114400024e+01 7.582093070730115869e+01 5.610500437021872244e+01 6.959066978155533434e+01 6.098102864792999611e+01 5.942315834015078480e+01 7.609667894550855749e+01 7.391475787148401366e+01 7.991587011652393358e+01 7.825283576509117722e+01 6.658642514557770653e+01 5.433365227211662329e+01 3.413553843430842250e+01 3.999574616131985749e+01 5.989255750205208528e+01 7.586250387818093088e+01 8.425503845409770065e+01 8.824669249506023050e+01 9.728352300986229295e+01 1.021011109273961068e+02 9.064733399498651067e+01 7.297485622449821108e+01 5.271894861052719250e+01 6.405370519651658867e+01 4.625792415024897508e+01 6.660807552793731645e+01 7.476510100689695548e+01
8.009639360207154368e+01 8.585765751897632470e+01 7.500847352474481511e+01 8.629937141219258478e+01 1.060212823128232031e+02 1.191436899288767250e+02 9.979600212378406354e+01 8.557910770436487269e+01 8.818794538908372260e+01 9.927584389058718273e+01 9.112913727149047816e+01 8.235673626280284054e+01 6.147937631660542479e+01 8.235673626280284054e+01 8.173375646755057744e+01 7.148391982129483324e+01 8.858832379945225455e+01 8.205892375972462105e+01 7.063373165254867558e+01 5.696079658093064069e+01 5.725466780837049896e+01 3.692867302600853208e+01 3.479849228444058440e+01 5.501042926824960944e+01 5.760242369691265196e+01 7.909806793106126577e+01 7.649378761262347837e+01 6.076694325328814728e+01 8.824668360692656677e+01 9.402368260498708707e+01 7.404520181011615421e+01 6.230633962279447502e+01 7.248536543436837576e+01 5.217022849711359100e+01 4.770648116822685836e+01 6.797962218077472585e+01 5.451857501923881699e+01
