MOVIE_S4_data/elevation_000976.asc
nrows	100
cellsize	150.0
xllcorner	0
ncols	100
yllcorner	0
NODATA_value	-9999
[rows 34 to 50 of 100, columns 37 to 73 of 100]
6.917035259985514983e+01 8.593101283341314911e+01 8.863742289776611472e+01 8.338433248902126138e+01 6.486525901139648909e+01 5.135076732922905052e+01 4.761807722528050135e+01 6.671866947229834466e+01 7.853087526664491236e+01 7.046644690544896150e+01 5.715783250920038938e+01 6.071533289871034356e+01 4.593895891087856143e+01 6.544370218429226327e+01 8.264122444635673048e+01 9.386066569996181386e+01 9.705268249484727505e+01 7.687137111221061048e+01 6.261422831952976509e+01 7.001550759933066104e+01 5.700309884350807721e+01 5.763625148812775478e+01 3.761167649996560414e+01 4.887607687973189030e+01 6.309297552825271538e+01 7.281730940667138441e+01 5.953669786796210417e+01 5.121254277141484579e+01 3.213332394346629428e+01 3.417158698190606714e+01 5.505985049362616479e+01 4.011037559399980523e+01 4.410917550681304533e+01 4.812758085637565131e+01 5.254305000345853216e+01 5.835581327809589425e+01 6.855449544293021802e+01
8.919020525337791128e+01 9.749414140862914735e+01 1.000378074244902820e+02 9.308919871481703012e+01 7.897722886279966303e+01 6.230316619064620198e+01 6.091994643993203340e+01 5.945220048237158750e+01 7.923618899204920751e+01 8.463064536186134035e+01 7.654439439178182170e+01 6.888091480493405072e+01 4.943887563002851238e+01 5.923704505460965919e+01 7.287906292804342456e+01 9.215476227706429313e+01 9.115492518002680811e+01 8.278485285577590957e+01 7.002690279592503941e+01 4.990907061801051015e+01 4.285051629647787763e+01 4.059674248507755578e+01 5.763625143713882437e+01 6.597258819409391606e+01 7.730987443188740826e+01 7.449529163280931243e+01 5.881995339823095037e+01 3.878684622899507417e+01 5.214225739990028075e+01 3.307137755898995124e+01 3.467221110873418866e+01 5.525381406578160437e+01 6.411527984367624811e+01 6.832718943199758144e+01 7.287313453124150442e+01 7.876466155429980631e+01 7.013838195568997946e+01
1.016937975905187415e+02 9.415139931699238218e+01 7.996491007935271966e+01 9.415139931699238218e+01 9.048063049442308170e+01 8.213505391572256542e+01 8.071802526148238144e+01 7.336105986982134652e+01 8.761966086858883784e+01 9.039016306641968868e+01 7.112027586339956997e+01 5.745899310986465025e+01 5.470929802594938707e+01 7.404991106513415389e+01 8.659109261897650356e+01 9.708857687994598962e+01 7.688761842970322391e+01 6.261471150195391289e+01 6.601248008372290599e+01 4.631863889239168230e+01 6.291216272138466792e+01 6.064072060381221974e+01 5.001055969529595302e+01 7.012075988630409995e+01 8.350044851253049671e+01 6.615322074233166916e+01 4.607024101963792617e+01 5.881995339823073721e+01 6.025443880638751182e+01 3.374373878027362395e+01 3.678364118694268825e+01 4.845302339649228429e+01 6.825422521446770929e+01 8.157074002272081259e+01 8.987994244176771019e+01 9.892380945236179457e+01 9.054837862614813560e+01
9.338602915521462933e+01 8.584412559368203688e+01 6.570093860867315527e+01 8.584412559368203688e+01 1.031764611844540838e+02 9.493129401240913978e+01 9.963417882887743815e+01 9.348389171571444933e+01 9.758336549495641066e+01 7.821737351038252939e+01 6.714854751843131453e+01 7.676429515246435642e+01 6.122544884573613899e+01 7.051352788535528759e+01 8.978501175011152213e+01 1.023478224955728990e+02 8.429019369239391324e+01 6.411801739056386396e+01 4.990370727449104038e+01 6.640953514050485751e+01 7.475478164433265249e+01 6.421684505857641057e+01 6.421684505857641057e+01 7.846555977551709304e+01 7.515723901595899292e+01 5.502364208547810875e+01 6.615322074233166916e+01 7.449529061738152791e+01 5.677976597988458707e+01 3.442677473749224504e+01 5.162078292587231232e+01 6.052127051301657445e+01 6.741707616973847905e+01 6.155444075510084190e+01 8.157072455107488906e+01 8.856489743451878383e+01 9.429225064728984762e+01
8.713839146461691598e+01 7.823071654016689536e+01 5.806594196473562874e+01 7.823071654016689536e+01 9.161959532711829013e+01 7.486803680818890427e+01 7.966742345376934509e+01 9.960255087162059340e+01 1.058690172834532319e+02 9.452941171444341251e+01 7.821705657030886982e+01 8.724548439223283935e+01 6.805929526810390939e+01 8.724548439223283935e+01 9.791671578048305946e+01 9.401385708614682812e+01 7.389669347159959045e+01 7.286390255976573371e+01 5.272854242801637525e+01 5.850482782924236602e+01 8.233097564534627111e+01 7.585167443468732529e+01 8.437407113461587471e+01 8.941471921117869215e+01 6.925159735383326165e+01 6.925159735383326165e+01 8.350044851252884825e+01 8.280456150087417200e+01 6.403663489291736255e+01 5.485057763547028031e+01 3.545486129655598262e+01 5.584684842065529153e+01 4.748696484004103979e+01 6.738389943389199743e+01 8.284800556268720584e+01 6.901243586626517867e+01 7.473920379770454758e+01
7.881404655705173923e+01 7.185405492394500016e+01 5.169891208661762505e+01 7.185405492394500016e+01 8.334776706473192576e+01 6.319557143535099897e+01 8.334776706473192576e+01 9.238374074811594028e+01 1.024034145737366828e+02 1.057832720645104558e+02 9.754923461725961431e+01 9.535570056955644702e+01 7.909343839457220326e+01 9.535570056955644702e+01 9.888216708654452702e+01 9.054231928524971806e+01 7.758826177690542636e+01 5.754450314170168213e+01 7.286390255976564845e+01 6.035840034946070176e+01 8.052694129227046460e+01 9.601588152784336216e+01 1.043477476748536077e+02 9.774929967122754704e+01 8.941471921117869215e+01 8.941471921117869215e+01 8.263136195624558411e+01 6.284921680383508402e+01 5.931725113558381679e+01 3.921320843309152337e+01 5.582036486602764569e+01 3.658727782251750682e+01 4.914115299246051194e+01 6.448726977232560387e+01 7.469322337188121708e+01 5.502442294893983643e+01 7.010417628479201824e+01
6.724622318798149934e+01 5.891481666021228136e+01 4.613739066105325293e+01 6.626402408053856163e+01 7.043389662610738355e+01 5.680448451008093969e+01 6.395124323637713815e+01 7.406349734424031794e+01 8.828735134672838569e+01 1.082699201257602937e+02 1.101414172175020525e+02 1.065750018829685217e+02 9.838138631785643895e+01 1.048022814977326647e+02 8.463564953791147616e+01 7.041104222910325916e+01 6.440164821921720772e+01 6.289314939734801868e+01 8.294819932798233708e+01 8.052694129227046460e+01 6.927514476022753342e+01 8.369518872054652547e+01 1.039573416219959086e+02 9.614824099473395336e+01 8.785525530358255253e+01 8.785525530358255253e+01 7.436314105795879925e+01 5.442020332960944273e+01 4.286784380044341702e+01 5.931725113558381679e+01 6.511723086071208400e+01 5.368221551282059778e+01 3.773946109021698447e+01 5.734412140313137485e+01 6.350629985859846016e+01 4.747972987733341199e+01 5.036031689911782649e+01
5.240327563485544715e+01 3.884489932111148391e+01 5.891481666021113739e+01 7.043389662610587720e+01 5.027407044835819505e+01 7.043389662610738355e+01 8.410180379041027265e+01 9.238374074811594028e+01 9.014938223591491351e+01 9.844535918412071851e+01 9.012571678508889761e+01 1.042788020287692063e+02 1.175432151757776467e+02 9.739803020589330629e+01 8.312925484172502877e+01 9.054231928524971806e+01 7.333687950523002996e+01 6.863695293557525190e+01 8.875609552207140496e+01 9.799252733198942167e+01 7.840635010413755879e+01 9.799252733198942167e+01 1.032579048155010497e+02 8.785525530358255253e+01 6.791421915070152693e+01 6.791421915070152693e+01 6.665430763287797333e+01 4.670196720255198386e+01 5.700711074752457108e+01 7.112227845448546759e+01 7.819628164883474142e+01 5.553406555637554476e+01 3.854316870518402283e+01 4.115713116921630643e+01 4.370931559410426104e+01 6.351660608608736425e+01 7.010417246387524415e+01
3.241943640047787056e+01 5.240327563229109842e+01 5.810140623399913551e+01 6.053746841748151297e+01 4.609797660402821862e+01 6.623102474745424217e+01 7.067483180084269634e+01 7.449005818263897538e+01 7.002200308235568116e+01 8.328515300546939670e+01 7.590293092697280031e+01 9.598817971154409179e+01 1.087483242144349447e+02 1.116265408035009443e+02 1.032984182753151146e+02 8.978233462985218694e+01 9.348142589078176456e+01 7.571916007014941385e+01 8.875609552207140496e+01 1.070506504346102332e+02 9.279600653312105862e+01 1.070506504346102332e+02 9.495864504473981071e+01 7.499437731720718148e+01 7.375481341599433449e+01 5.382300185480049493e+01 5.073958110497361673e+01 5.808631764693182475e+01 7.449771635448458085e+01 8.523744832061488808e+01 7.365770736471424129e+01 5.353330617525533341e+01 3.935746063505140313e+01 5.874160451309028019e+01 6.350765135871542100e+01 6.351618726225734690e+01 8.308162872360965423e+01
4.951904209192032624e+01 3.568071781418998256e+01 3.803422386863751825e+01 4.044794000188746708e+01 4.364206342924905613e+01 4.701930509341759290e+01 5.050515085130846415e+01 5.430177777934716232e+01 5.833495305909146111e+01 6.310580243852012217e+01 7.138157102536042942e+01 8.041754289102942721e+01 9.460456370242920343e+01 1.146004063349513018e+02 1.182611837734264100e+02 1.099404945139069838e+02 9.218687637921392763e+01 8.735991420239149363e+01 1.042229224924934954e+02 1.172336628711072990e+02 1.129870513888091068e+02 1.043237032660984198e+02 8.430801499712212888e+01 7.023009107743291679e+01 5.874150273222898733e+01 7.375481341599433449e+01 5.888950768145767256e+01 7.706912946843868895e+01 8.514674731122970286e+01 9.390175247322969199e+01 7.606745992036005077e+01 5.872056155359556584e+01 4.014710830365887517e+01 5.747952795525601744e+01 7.368174659540088101e+01 7.434283662167108275e+01 7.832925573974520717e+01
4.999751130934659216e+01 5.572001129233229477e+01 5.810140623451864883e+01 5.463745097971487752e+01 5.523855796654182626e+01 6.716374101977345390e+01 6.215302550761433054e+01 7.449005818263897538e+01 7.002200308235568116e+01 8.328515300546939670e+01 7.740447038182080064e+01 9.748237675149354686e+01 1.087483242144349447e+02 1.069299931215646637e+02 1.152314263535490539e+02 1.206644672443545545e+02 1.123464784171682140e+02 1.075333993755047572e+02 1.158566773183284511e+02 1.222570375664146951e+02 1.106666737227066051e+02 1.023555917015378895e+02 9.478741388320125338e+01 8.256212351474523814e+01 6.265435403157335514e+01 8.256212351474523814e+01 6.884274417316485994e+01 8.709485332386623213e+01 9.390175247323796270e+01 7.371330170729464726e+01 6.996943624076467927e+01 5.119588116218448448e+01 4.091803877475415874e+01 6.090860043072266450e+01 5.323640118105771535e+01 5.219756286715575300e+01 6.108384649106582742e+01
3.492099511425418257e+01 5.487310848909404370e+01 6.830941490160600438e+01 7.478137053397554723e+01 7.539745382208218416e+01 8.371533938899723637e+01 8.231583568352239411e+01 9.062360453943649929e+01 9.014938223591489930e+01 9.844535918408443820e+01 9.748237675149354686e+01 1.057729829939622732e+02 1.036975546758861384e+02 8.697932598453637354e+01 1.036975546758861384e+02 1.125035460886462459e+02 1.042160242980413898e+02 1.016261512182109783e+02 1.099105669266423462e+02 1.139518243641358310e+02 9.386656021612654399e+01 8.233207531630372955e+01 7.482850315865101720e+01 6.910346804386736608e+01 7.412723495190212475e+01 9.084997932715164382e+01 8.292115356497232881e+01 9.707726328906238678e+01 9.503597190930182137e+01 7.741794841379220316e+01 5.748447193087942253e+01 6.238171241982657023e+01 4.252709371928106208e+01 4.209930504299762077e+01 4.292852102834016392e+01 5.483356379489931243e+01 6.447751139910734253e+01
5.487310848909404370e+01 4.001572935001875919e+01 5.998812735465175194e+01 7.080003908579396921e+01 7.637268245219790685e+01 8.469009615223774290e+01 9.368397466875757118e+01 1.052745191757583143e+02 1.017372513522753366e+02 9.346223769893828148e+01 1.017372513522923754e+02 1.062960295731786999e+02 9.541147007948870851e+01 7.542013035982643032e+01 9.541147007948870851e+01 1.042160242980413898e+02 8.425238610089512292e+01 8.166157948135999334e+01 9.607119301580503645e+01 1.043530487035612424e+02 1.106666737227066051e+02 9.478741388320126759e+01 9.478741388320125338e+01 7.720313623194464014e+01 9.408439556967981332e+01 1.023869663658733202e+02 1.029297224379525062e+02 9.850224397985076052e+01 8.667781647921071908e+01 6.658958290054235363e+01 5.499317601620919760e+01 4.483035625148703929e+01 6.242732123301071567e+01 6.208175225715810086e+01 6.064431039590630235e+01 4.410952474030257520e+01 4.494954304694797287e+01
6.830941488848836229e+01 4.889286658094989235e+01 4.611241732076139499e+01 5.077192495627645741e+01 5.628019634866851106e+01 6.525003024835700671e+01 7.688242948988428793e+01 9.696752196178131555e+01 9.173815027945744305e+01 7.345552265487106069e+01 9.173815027945744305e+01 9.799582666933856956e+01 7.799584013332831489e+01 6.831025871979042563e+01 8.166572899933021290e+01 1.016646949874114370e+02 9.009960035168444392e+01 7.007882528808355005e+01 7.607740102330453169e+01 9.022407807841054250e+01 1.101873771984172095e+02 1.148453847563984596e+02 1.054899874982556298e+02 8.870510623109451842e+01 1.054899874982556298e+02 1.061543218906429757e+02 8.596403438274062125e+01 8.427325928580431480e+01 7.004407779317772054e+01 7.310163880171128881e+01 6.696213037823065406e+01 4.671680206544876057e+01 6.108301005019818319e+01 8.115558049555102116e+01 7.482445414309607656e+01 6.379676220519860408e+01 5.648588527943521598e+01
7.728908880481526467e+01 6.045855926676033221e+01 5.923709929581071520e+01 6.230348373994770839e+01 7.637268245219790685e+01 7.048410222599139274e+01 9.058698144753385861e+01 9.638260518265076371e+01 7.637505635529845449e+01 6.342280073288631570e+01 8.345888017690471372e+01 9.667135008618998882e+01 8.166532920341180102e+01 6.161624117541410328e+01 8.166572899933021290e+01 9.482204124330641548e+01 8.342600866381751246e+01 6.338210673225849945e+01 8.342600866381751246e+01 9.840258943057366992e+01 1.070837662521815190e+02 1.153769534464538964e+02 1.170698426512367689e+02 1.087620905402754374e+02 1.070068580122165542e+02 9.691287396905224227e+01 8.596396752974131061e+01 6.589808557443201664e+01 5.592444666891674387e+01 5.309098633692197922e+01 5.045890279622512509e+01 4.989763178289021539e+01 7.001027319269124405e+01 8.120088235895130424e+01 9.109002073374703912e+01 7.652465591704662984e+01 7.384660956938527931e+01
8.890043660624124300e+01 8.058355164405851667e+01 7.530166229711198866e+01 8.240675384184241636e+01 9.072068429090832353e+01 9.058700356140977306e+01 9.888398851114816068e+01 9.325742763812964142e+01 7.637505635528262360e+01 5.634069294898249325e+01 7.637505635507962154e+01 8.837073165726677360e+01 6.833910108273228445e+01 5.676453563679838510e+01 7.680299805338800923e+01 8.066903134986465318e+01 6.651602145642294772e+01 5.852531765849257539e+01 7.010458926669322466e+01 9.012130404790372040e+01 8.710389630253928317e+01 1.025635278384764888e+02 1.108501553325158824e+02 1.129670721050379427e+02 9.271073111429258518e+01 7.845675974777589090e+01 6.847326809899406896e+01 6.032807815530110673e+01 7.593099148828868294e+01 5.975207835925338884e+01 7.053950705149992473e+01 7.001027322767967576e+01 5.440375326270392975e+01 6.226367416352199768e+01 8.342730060191388475e+01 9.667127406659606947e+01 8.411178409890787577e+01
8.677278908848879269e+01 8.376875377341244189e+01 9.036311146092482716e+01 9.135014983856258652e+01 8.310087840498043477e+01 9.135014983856507342e+01 8.619967965964627865e+01 7.787742080762254204e+01 6.495372157839958049e+01 5.079552349296277924e+01 7.081609310201856999e+01 8.666799664067717401e+01 6.666536193082210104e+01 5.250839332663035464e+01 7.253051322653669786e+01 6.682755364004145804e+01 5.235938854364734851e+01 7.238037665781722296e+01 7.661725893063170645e+01 7.075488948616067830e+01 8.844281410413064748e+01 8.259382296497663845e+01 1.025635278384764888e+02 1.145319275854016183e+02 9.429448652053771696e+01 8.528819725724501666e+01 6.524525252804941999e+01 8.035396817644533485e+01 8.687164235682175217e+01 6.680296368423960018e+01 8.687164235682175217e+01 8.281768371689911135e+01 7.446681685800760420e+01 5.924622531377045931e+01 7.074326730404953878e+01 9.087833829659264495e+01 8.588604329793727743e+01
