MOVIE_S4_data/elevation_000683.asc
nrows	100
cellsize	150.0
xllcorner	0
ncols	100
yllcorner	0
NODATA_value	-9999
[rows 68 to 84 of 100, columns 0 to 36 of 100]
7.700916269626027766e-02 2.007700916269590508e+01 3.007164818186488375e+01 5.007164818186416966e+01 5.677073609016437672e+01 5.775905025100271217e+01 4.368078128200997412e+01 4.108186459250429579e+01 5.265119277805564479e+01 7.258079647941819701e+01 6.298207763013071059e+01 4.341403432631679493e+01 6.298207763013057559e+01 6.870253555896640307e+01 7.707664047420719555e+01 7.434478903590159860e+01 8.271602577181869265e+01 9.440862366964242369e+01 8.888960215296580714e+01 6.912420316715252966e+01 5.928828464205257376e+01 5.178087509972914404e+01 4.641069553204732756e+01 4.177172752621150664e+01 3.761986078357504226e+01 5.204792864965231303e+01 4.603229493962430752e+01 2.547173013773690542e+01 4.476914170941603288e+01 5.616827832623702932e+01 6.901490927634999650e+01 6.123195024797460206e+01 4.947738115735192110e+01 6.766758221937918449e+01 7.732093721600084280e+01 8.429909222207419361e+01 9.243874775222052165e+01
8.069533752736411658e-02 2.008069533752700764e+01 3.097984094696438717e+01 3.730439626730067459e+01 4.558866751476228529e+01 5.453293942476128109e+01 6.365713166997387873e+01 6.107443441759401281e+01 6.926460642449889349e+01 8.072616641770277113e+01 7.203181424087210871e+01 5.770853855269207600e+01 7.203181424087210871e+01 8.400548895516598691e+01 7.570272672510876077e+01 7.484325548058407662e+01 8.314649029384486312e+01 9.317521803110065548e+01 9.713896014981806104e+01 8.552449246714265030e+01 6.576718388740219723e+01 7.155396559241303578e+01 5.791579329782704377e+01 6.168712883714957229e+01 5.204805485868696735e+01 3.191667496155847061e+01 4.636009305804316938e+01 2.586062188992825739e+01 2.812169470682114536e+01 4.849784769810423768e+01 6.691928987793905037e+01 7.554631390449614514e+01 6.766758221937918449e+01 5.685855373326185713e+01 6.581301285259296208e+01 7.879382039603666499e+01 9.813690397936080956e+01
8.761414646403616058e-02 5.432838984712500263e+00 1.097984094696474244e+01 1.730439626730138869e+01 2.624866817730038804e+01 4.039080380103084167e+01 6.039080380103013113e+01 6.848423626004247922e+01 7.671903821507969212e+01 7.154100457645486699e+01 7.977799238656820080e+01 7.799250744363099841e+01 7.713769936865261911e+01 6.883802949879610367e+01 5.568886707545514980e+01 5.483373981869306135e+01 6.480969247235164232e+01 7.899949608943249757e+01 9.906592993584874307e+01 9.376356611935551655e+01 8.552449246714265030e+01 8.587097984556669417e+01 7.764960604195404414e+01 6.542766508049840013e+01 4.573494483232276053e+01 3.559527181357659487e+01 2.641182513911045504e+01 4.634075428597136437e+01 4.849764973411271285e+01 3.836994209545599688e+01 5.020526456854022967e+01 7.024160954281150282e+01 8.316097935488552650e+01 6.485758106007635604e+01 8.316097935488552650e+01 9.264889728588957496e+01 9.369404023692966632e+01
8.635282826207266171e-02 2.008635282826171675e+01 3.097984094696438717e+01 3.730439626730067459e+01 4.558866751476228529e+01 5.453293942476128109e+01 6.523146393318117475e+01 4.858034284210911835e+01 5.747446460854831685e+01 5.164791297817826887e+01 7.154100457645486699e+01 7.111212069615751830e+01 6.281901904114245383e+01 4.887523020153368947e+01 4.421980719939256232e+01 5.568886707545514980e+01 6.982537239322432754e+01 8.989191526401677379e+01 9.074707946977464701e+01 9.902279632977878521e+01 8.402407390304513513e+01 7.588011034601966287e+01 7.476754391959372015e+01 6.206718851823163163e+01 4.162927897185633697e+01 2.695286132582265282e+01 4.691896043564236152e+01 5.516816259500285469e+01 6.684481251513577149e+01 5.864485148254765789e+01 6.691928987808091733e+01 7.844986726026515100e+01 9.131257350380435867e+01 8.348714739787229178e+01 8.348714739787229178e+01 1.031215999720837857e+02 8.987554390130712534e+01
9.478645523280027074e-02 1.009478645523888396e+01 2.423692212571707216e+01 4.423694361929072727e+01 6.314182959228329395e+01 6.113715782276486266e+01 5.628024003799928465e+01 3.692520857828229452e+01 3.741481474925138428e+01 5.164791297817827598e+01 7.154100457645486699e+01 5.958925122921419160e+01 4.288697012938534670e+01 3.740858515879418178e+01 5.731250195074323983e+01 6.047243004150904966e+01 8.050088207760590819e+01 8.622786059436762685e+01 7.073157903169324356e+01 8.747295523269369255e+01 7.588011034601966287e+01 5.610458797774131057e+01 5.484983639508863718e+01 5.480583281580287291e+01 4.718378048569213234e+01 2.732859088430539529e+01 4.557209400243627329e+01 5.942675969976717454e+01 6.252343296808569306e+01 6.986482435164180060e+01 7.931857250924608138e+01 8.654526326285112248e+01 7.970687012258903792e+01 8.763770264432449153e+01 9.255366051445928122e+01 9.815918430952184792e+01 8.172312581559205569e+01
9.525764315303594798e-02 2.009525652173771704e+01 3.837883414786545444e+01 4.264709995293431177e+01 4.264710004009175037e+01 4.094608750103525097e+01 4.094608750103525097e+01 2.739952079995344292e+01 4.801825497939057641e+01 6.571295268237321352e+01 5.452600461096849926e+01 4.625334882402721348e+01 3.139828714780671248e+01 4.288697012938534670e+01 6.281901904114246804e+01 8.050088207760590819e+01 8.035933467673784492e+01 6.621251381617690868e+01 5.917144517126386205e+01 7.852323193106461474e+01 7.331622474288022318e+01 5.352224788626465823e+01 4.188605896413114493e+01 3.482862940779639160e+01 3.080566055653740776e+01 2.769989628833221573e+01 4.689456008578317636e+01 4.483761246550491819e+01 4.594134336058903045e+01 5.527355648367371543e+01 7.166146352790526919e+01 7.719548325919912202e+01 5.981826008329728239e+01 7.760000588892019380e+01 7.287669867356405007e+01 7.863994736361328819e+01 8.987554390127080239e+01
9.788009848798670531e-02 2.009788009848763224e+01 3.336591668484673789e+01 2.206312636187075071e+01 4.160393253349089093e+01 4.094608749846861429e+01 1.937681599329008719e+01 3.444270744862957656e+01 4.290118887925272873e+01 4.982548975421190107e+01 4.155570063192298136e+01 2.632291547043326219e+01 4.625334882402721348e+01 5.958925122921444739e+01 7.111212069620590626e+01 7.554446394322710034e+01 7.035450977138502537e+01 5.206141653610140452e+01 5.022594830407057032e+01 7.023805194990077894e+01 8.145866780967375576e+01 6.657706025425284224e+01 4.818788757564544767e+01 5.484981653556049963e+01 4.995652825101588945e+01 4.388141873824029915e+01 2.822675580136245443e+01 3.587970307872587483e+01 5.188607185200742578e+01 5.948514218594493741e+01 5.587938538338603678e+01 5.892705989204660710e+01 4.978666388210930904e+01 6.547923795805020575e+01 5.780682066675453967e+01 6.769938255602761501e+01 7.614993137301605941e+01
1.029007262483629948e-01 2.010052435036374519e+01 1.608536600880371026e+01 1.208049933004581789e+01 3.216010360232080245e+01 3.810682594335319351e+01 2.982516064334556205e+01 1.312847948766971129e+01 3.359450537380536161e+01 3.715235818036359916e+01 2.161871973493283861e+01 4.155570063192298136e+01 5.452600461096849926e+01 5.677273659956426144e+01 6.505861312363181526e+01 5.553276382096736086e+01 5.574230570414905372e+01 4.206408514385054787e+01 6.206814484790502462e+01 6.437532124385251109e+01 8.439193593298408302e+01 7.521334702356848823e+01 6.676257978173013896e+01 6.948755166003147110e+01 5.466350908177492585e+01 3.457069508735857966e+01 4.867487599574622692e+01 2.876191532532797979e+01 3.933227108923708215e+01 4.974077115245489011e+01 2.973395825433170003e+01 3.912511134310792471e+01 5.871143915244686440e+01 4.192048774934379907e+01 6.291890280757727538e+01 4.794968182036153337e+01 6.426404214965050699e+01
1.090813040483475660e-01 2.009962160876527548e+01 3.267323249091648396e+00 4.586084196148429548e+00 2.459030082984865828e+01 2.785822760159537026e+01 9.816599097878834002e+00 1.131395241087198400e+01 1.426321598484540942e+01 1.723525409492377491e+01 3.715235818036359916e+01 4.982548975421118342e+01 5.350808897823158361e+01 3.676666681190653208e+01 4.750234450319980084e+01 4.138854140716037477e+01 3.573972523953779046e+01 5.574230568560763288e+01 7.035447389669330676e+01 8.439193593298408302e+01 9.267114261827687471e+01 8.966088049968303153e+01 6.995242355478420393e+01 6.151021625991246822e+01 4.159256355121054582e+01 4.627760266571282699e+01 5.953731574224762824e+01 5.033441123201549061e+01 2.930465218935189142e+01 2.969206549838748543e+01 3.008259609119663480e+01 5.013822673029505950e+01 5.133186227659255962e+01 3.163813441737143606e+01 5.204468343427238608e+01 3.859412164104773524e+01 5.604559684983698276e+01
1.124699208350869450e-01 1.414359030643326687e+00 2.141513093241936971e+01 2.459085252969124014e+01 6.493009617807090628e+00 7.850698669492997439e+00 2.785831256586179450e+01 3.124549802923120367e+01 1.376604553150061783e+01 3.370804047396772773e+01 3.805398214466665507e+01 3.992729310320648750e+01 4.209735001709278635e+01 2.521330715883101092e+01 2.749439266682995253e+01 2.983789411282957715e+01 4.984386649366407340e+01 5.731119267541002671e+01 6.327303643600848204e+01 7.187096035177908959e+01 8.232386542178645072e+01 8.388549097213856953e+01 6.418122934102613897e+01 5.015365938820977476e+01 5.315228369232228545e+01 6.612954205806005348e+01 7.429068067215139592e+01 6.086535422962187170e+01 5.191308452858893219e+01 5.010209617695716133e+01 3.343545107107242842e+01 3.064031995134411801e+01 3.105268188194279233e+01 3.798858947175932599e+01 3.222388835229315873e+01 3.263665308948451127e+01 4.877816890872956179e+01
1.143247760050987577e-01 2.011136073940848590e+01 2.971990604361182520e+01 3.478653443826690506e+01 2.649899376380049532e+01 1.532559373584114226e+01 3.449441501834196089e+01 4.199112240717964539e+01 3.370794166876137865e+01 1.624688581289150946e+01 1.806832121695827453e+01 1.992792725584345348e+01 2.209034370764099009e+01 4.209735968426154784e+01 4.164256543939402633e+01 4.984386649366407340e+01 3.410579315042179616e+01 3.731001124273849712e+01 4.375920971883294186e+01 5.275858518937968711e+01 6.764012556487308814e+01 8.862855282902799559e+01 7.812333724136135515e+01 5.905241331652644021e+01 7.292737934202524741e+01 8.110036072478536084e+01 7.736700688828793204e+01 6.908348154700784960e+01 6.243839851033162347e+01 5.281088831154021079e+01 3.258255164775784607e+01 5.097501654604203480e+01 3.594974491849099252e+01 4.820917877330927581e+01 5.221881914978146000e+01 5.157168907844909000e+01 3.321450843477875026e+01
1.246997244282603834e-01 2.012469972442790578e+01 3.547694424735551877e+01 4.442170094757153009e+01 4.274148953239776461e+01 2.629691561084099405e+01 4.274155917768364787e+01 4.690669264584236231e+01 2.690379179550456712e+01 3.621397070924265904e+01 3.219439862898470039e+01 3.992729310320224556e+01 2.546902322216218195e+01 4.547098115460575940e+01 6.164910259154967065e+01 5.410844662549214235e+01 4.824812939809864787e+01 5.731120019890325779e+01 4.253661752961502174e+01 6.250884044150517838e+01 7.643002349203412393e+01 8.472102769596854444e+01 8.694405954235115530e+01 7.300668688673610518e+01 8.694358345142670430e+01 8.314651386691531343e+01 6.335509134812144083e+01 4.924508931538135670e+01 5.187888512485539394e+01 3.450245678952946804e+01 5.281096098042654319e+01 6.098142073240939709e+01 6.230767022383096787e+01 6.504875118093043795e+01 5.992845348751043844e+01 4.007452077219050324e+01 5.196142942261742803e+01
1.222495852330377081e-01 7.193317397098483390e+00 1.613758930709779804e+01 3.027972496837300298e+01 5.027975571698698332e+01 4.569247701057603450e+01 5.408814701992618978e+01 5.520423904450512254e+01 3.844963060608271377e+01 5.516608312662965830e+01 5.219430487862547352e+01 4.955638369742911209e+01 2.955375376114279007e+01 4.110443866905106347e+01 6.109964818394699648e+01 7.411655300968203619e+01 6.825650395567420503e+01 7.008275075952387567e+01 5.004406760574022428e+01 4.881136959297388955e+01 5.635819347576025251e+01 6.795433722452281700e+01 8.800804554565293358e+01 9.268666971388159936e+01 8.879028881851245103e+01 8.056693305478167133e+01 7.064482701200931558e+01 5.073358495108904975e+01 3.644986926133308458e+01 5.467600801645475883e+01 5.102029442807419457e+01 7.094157942543955642e+01 8.135789657460279045e+01 6.164913668906600464e+01 4.758534947430355544e+01 5.992896604696855434e+01 6.006639785926904551e+01
1.242739267172789652e-01 2.012427392671692417e+01 3.547703520204516536e+01 4.442210259094045455e+01 5.630628322276856323e+01 5.032889805053385146e+01 5.665378531817928121e+01 6.421372290534651484e+01 5.845213190680561155e+01 6.675423145464525021e+01 6.570076425716645474e+01 4.569347923074832352e+01 3.414530544624385300e+01 5.415307167440047209e+01 6.936774572677454387e+01 8.207832178460387240e+01 8.426545103888585686e+01 6.420808395273942892e+01 7.008275075952387567e+01 5.456601772186793653e+01 7.463781018191467354e+01 8.472102769597003658e+01 9.628842707242702659e+01 9.917713038971588446e+01 8.056688402297920959e+01 6.075724883020433253e+01 6.655930545233397311e+01 5.792176484800385339e+01 3.784978259989594562e+01 5.792178317073680205e+01 6.824043415528200285e+01 7.916251530371222600e+01 7.671180374000914526e+01 5.698584918666958288e+01 6.742169881076227966e+01 7.558015486402260308e+01 6.955377613799953451e+01
1.363277786145862258e-01 1.427846340234541067e+01 3.427846340234469835e+01 5.044810807221266202e+01 3.630564590767054511e+01 3.032844984691599066e+01 3.665300568894974020e+01 4.421229878026424132e+01 5.575941497644819833e+01 7.576356983816933166e+01 7.398265317774328764e+01 6.224384879958443406e+01 4.414102663503694401e+01 4.357550424872098205e+01 5.358827848865389853e+01 7.373206297298665390e+01 9.254932987999922034e+01 8.426545103888585686e+01 6.876492713509038879e+01 6.460568356451044281e+01 7.463781018191467354e+01 9.467324550695893493e+01 9.660726812513379969e+01 8.519139011627727598e+01 7.120216376785575108e+01 6.655905205761544607e+01 4.661654747271628452e+01 4.293222469118582296e+01 5.792102055334845545e+01 3.999194532632531462e+01 5.419470081211645152e+01 7.406758290874665818e+01 8.411851249699429900e+01 6.449880921515767795e+01 8.411851249699429900e+01 7.729961218072644158e+01 5.700447014096729248e+01
1.385108665542580109e-01 2.013851086655390432e+01 3.214316204289833934e+01 3.530364254701186155e+01 2.216348386362233214e+01 4.216369732222704414e+01 5.665378531817928121e+01 6.421372293095119232e+01 7.249883743408433645e+01 8.405314319385304600e+01 8.390645242706524698e+01 7.210285336296979608e+01 5.822904706119076934e+01 5.514227220661065587e+01 7.200557037917160130e+01 8.207832178460387240e+01 9.793131398566640655e+01 9.709595540679048042e+01 8.295580808810854023e+01 7.880622937239765236e+01 9.295258405061377971e+01 1.010895448328864035e+02 8.837257197587811675e+01 6.864489942641080233e+01 5.716541814750013373e+01 5.267778639329387858e+01 6.655933128191925618e+01 6.291829405095906225e+01 6.150966867518029346e+01 4.151158772313166878e+01 5.569380292906804897e+01 7.555072091542913881e+01 9.221290465377809653e+01 7.839011635954408064e+01 9.221290465377809653e+01 7.865374116008031535e+01 5.832057973730371714e+01
1.449534828613714132e-01 3.858860246402416649e+00 2.385887500699367436e+01 1.530354045488840065e+01 2.685054751264289763e+01 4.099273266513669256e+01 6.099337475292202271e+01 6.700775874823521860e+01 5.873282710703580989e+01 6.700775874854610947e+01 6.397792104022822457e+01 7.807075982367052802e+01 7.821241102444375315e+01 7.526506337436977390e+01 8.358863380124034848e+01 8.530403525139993803e+01 7.796583326063024799e+01 9.208807634384641005e+01 1.029644515774378846e+02 9.882617879518052462e+01 1.042587538671526204e+02 8.448191129154099599e+01 7.314128410264677882e+01 6.566670423697124193e+01 7.120216423141290818e+01 7.255148694030609136e+01 7.938836004641684951e+01 7.122506960579147517e+01 6.302004073545411700e+01 4.304091593225184909e+01 5.462701441977014838e+01 6.869407005562413815e+01 8.846597845054910181e+01 9.778785328153686862e+01 1.009591630403737952e+02 8.699311819551526526e+01 7.133734645667459517e+01
