MOVIE_S4_data/elevation_000067.asc
nrows	100
cellsize	150.0
xllcorner	0
ncols	100
yllcorner	0
NODATA_value	-9999
[rows 17 to 33 of 100, columns 0 to 36 of 100]
1.372224685174658065e-01 1.921117547326376140e+01 3.354344179088429456e+01 4.329590464218412649e+01 5.509925755395239122e+01 6.319608393320373807e+01 4.319736204868121376e+01 4.686719589156660959e+01 3.756040272175965811e+01 2.342834575264735264e+01 2.331223398676670300e+01 2.655521510523817952e+01 3.549078734374971589e+01 4.548391893326332536e+01 5.703166988596703391e+01 7.117956865030262747e+01 9.117968092287866000e+01 9.909574636379062440e+01 8.761182478085170544e+01 7.936621115514587643e+01 8.761182478061101619e+01 8.279788355069604222e+01 9.104578563710089156e+01 9.215661681925899984e+01 8.063341514894824513e+01 7.233632204342458749e+01 5.393971576841290982e+01 7.111387558521163044e+01 6.242388260195067318e+01 4.265676858196583510e+01 5.402983105144770803e+01 7.389037026061389213e+01 7.887358253699561317e+01 5.944559520975406741e+01 6.466389393767225613e+01 8.475269375879605604e+01 8.419767786469508053e+01
1.353332760910071209e-01 1.427746889982208245e+01 3.427746889982278589e+01 4.838424769611326326e+01 4.922279920247893159e+01 5.752428970824414023e+01 6.319608393320373807e+01 6.582795100087429319e+01 4.841283849637513015e+01 2.842523224223149469e+01 4.330105732201231916e+01 4.654360182162753290e+01 3.385093637741465500e+01 5.384405741817659674e+01 6.986265338467978836e+01 7.814585720695720283e+01 8.969379383615418533e+01 8.713691745209814599e+01 7.867298865827234522e+01 8.713691745209814599e+01 8.760684940852858915e+01 7.890118615705793559e+01 8.623710603707726818e+01 8.381867911289529616e+01 6.393065327883904558e+01 5.257988472360062104e+01 4.515196196735168144e+01 5.134532086324574607e+01 5.875322167922524130e+01 3.898240995941690556e+01 5.293778730810366540e+01 7.279292220907754540e+01 7.054776717709778211e+01 5.041848920952372737e+01 6.233002572751680503e+01 6.704330868403602040e+01 7.536293773443917132e+01
1.303432743768621893e-01 2.013034327437650717e+01 2.837809880689980346e+01 2.837809880689980346e+01 2.918948253653728742e+01 4.922279920247893159e+01 6.492803581332594831e+01 6.105862251151464903e+01 4.106390456880421880e+01 4.841285253662579180e+01 3.841573626299964417e+01 5.840996879932362873e+01 4.538983618979074919e+01 4.278728739815053927e+01 4.985582752367963622e+01 6.140724009018814655e+01 8.141296275398269700e+01 7.698182786332871785e+01 5.841398660499498874e+01 7.698182786332871785e+01 7.552302028724167826e+01 5.800763392308481770e+01 6.533974123030765213e+01 8.009095698053029366e+01 8.063341514894824513e+01 6.852608686994214793e+01 4.878916674110320173e+01 3.740567975181147631e+01 5.077195693988365122e+01 3.552387182397021803e+01 4.950221089804556129e+01 6.933658686683192229e+01 7.394403979281021577e+01 5.382787769301457104e+01 4.216508853149571223e+01 4.689914741131831732e+01 6.373570066296622372e+01
1.234970534698958955e-01 4.205979954319949421e+00 8.376268167058467995e+00 1.504293442408795300e+01 2.504362448960526422e+01 3.659664285403039230e+01 5.663235510719199084e+01 6.933349374996738845e+01 5.520286683022911234e+01 6.668599103738826273e+01 4.841084701968604520e+01 6.668599196050500666e+01 5.953350461076874467e+01 6.278917226605061330e+01 6.986265338792459545e+01 7.814585720695720283e+01 8.170514465778104807e+01 6.141576352524089089e+01 4.838323943140502337e+01 6.854348763163361014e+01 6.625794946931894458e+01 4.622429382015749155e+01 5.076243659100753547e+01 6.650588233285510853e+01 7.512088957477169515e+01 7.680592536293455908e+01 6.217632503471822503e+01 4.429986702271471444e+01 3.095306782873654683e+01 5.077195693988365122e+01 5.531156511869959047e+01 7.519421092130552609e+01 8.226926655489104689e+01 6.704312325748735191e+01 4.689914730155528133e+01 3.526149503145452968e+01 4.982432858366793482e+01
1.256355554530943219e-01 2.012563555545273886e+01 2.803105548633642741e+01 1.780331490316727283e+01 2.535897968457368989e+01 3.533111957314357454e+01 4.931266606088614424e+01 6.892660154097710290e+01 7.519566730273739097e+01 7.668100198744480167e+01 6.840909059356093280e+01 7.668100194958914528e+01 7.953817997776560844e+01 7.375209242354445394e+01 6.541450325865025661e+01 7.375209242354445394e+01 7.440597922405824249e+01 6.141576150698524827e+01 4.132032954479824838e+01 5.321183640286388083e+01 5.761538196588954008e+01 3.732640553772467484e+01 4.071227401389099043e+01 4.597542120787554865e+01 6.650588233299090746e+01 7.667135855234975850e+01 6.311128091088476566e+01 4.278314155494337712e+01 2.841499527908584000e+01 3.987819895959591321e+01 5.384159347644428806e+01 7.369743269380322204e+01 7.978600195358653480e+01 7.537004855195364428e+01 6.373669504367501304e+01 4.982417902308572621e+01 2.971024203010832210e+01
1.208450475705237920e-01 1.429200000103631041e+01 3.448543191254802309e+01 3.769226518920630298e+01 4.518309215212948970e+01 5.336284246896686057e+01 6.322471918900644283e+01 7.283938249036194179e+01 6.445529240099864410e+01 7.283938249036194179e+01 6.965789221210911819e+01 6.177358602960283918e+01 6.965789221210911819e+01 6.334591785945435305e+01 4.431898602162796408e+01 6.334591785945435305e+01 6.596317483621841404e+01 4.582168759288641269e+01 4.951772248257982767e+01 3.322953759476889246e+01 5.043850991546032958e+01 3.053907054645591757e+01 3.200866620135794705e+01 4.567042712727322140e+01 6.608524391857535818e+01 6.843722668360875616e+01 4.869363797781252856e+01 4.583384162871005429e+01 2.598654999458947046e+01 4.003516956397697868e+01 5.983307438208932894e+01 6.760769349999306144e+01 6.017952020210931607e+01 7.395989571388163597e+01 6.031951790141977199e+01 4.019155275913988845e+01 2.600631596982383087e+01
1.160239911856559974e-01 2.011602399118530116e+01 3.504388027851638299e+01 4.264471619528120527e+01 5.140442906221414177e+01 6.352763524142035578e+01 7.210971898282353720e+01 6.277119553347184677e+01 4.436224940447835507e+01 6.277119553347184677e+01 5.990021548962968012e+01 4.205901469574381935e+01 5.990021548962968012e+01 5.486674464013908903e+01 3.302086484715005810e+01 5.486674464013908903e+01 6.067370563918882453e+01 4.061651452336851520e+01 2.961401040500595983e+01 2.799930275805020941e+01 4.414601496611665254e+01 2.475298602411486826e+01 2.616165757299776473e+01 3.972929848394370111e+01 6.001358047397292239e+01 5.561373313564512699e+01 5.217715261800167070e+01 3.254863321244751262e+01 2.362315398592308924e+01 4.349481553081938756e+01 5.775247964235779108e+01 4.763550247722627518e+01 4.614277181375209835e+01 6.592229586562599764e+01 5.916701500722349039e+01 3.904256240935581701e+01 2.486182647622076658e+01
1.085988230417786332e-01 2.010859882304142232e+01 1.483129876304975525e+01 2.194149643351821055e+01 3.383196605580912575e+01 5.490383096723440559e+01 6.372994060337762079e+01 4.363446620701558487e+01 3.436450990945703410e+01 5.440877090273846761e+01 5.191630036267331860e+01 3.161629102387975365e+01 5.191630036267331860e+01 4.758478470914277381e+01 2.524609994745417652e+01 4.758478404407653528e+01 5.515898583212123896e+01 4.061651592863163529e+01 2.087714683207050115e+01 4.061651542373719792e+01 3.854156288861462087e+01 1.958942184353863070e+01 3.525903787939555656e+01 4.324423989963597847e+01 4.943391132658910436e+01 3.554175369739381551e+01 4.949821079909806087e+01 4.125941815357714404e+01 2.136791780835016397e+01 4.072070983700957925e+01 3.810363434806676963e+01 3.373715527544091941e+01 5.285148994849028981e+01 5.098089660129120659e+01 4.837500692339384756e+01 4.222083398599945525e+01 2.372089380172716488e+01
1.073404342885239532e-01 5.880892086824800913e+00 2.592886103174672385e+01 4.227500394103030601e+01 5.069441930713152544e+01 5.160482810167932399e+01 5.942072757933014771e+01 4.732205446662732840e+01 2.730349601309750796e+01 4.732205446662732840e+01 4.514963058307548494e+01 2.472580771865966298e+01 4.418710408283226343e+01 3.726888084188640704e+01 1.868840014099054159e+01 4.113315282901632486e+01 3.514979068838784571e+01 3.666898856129056838e+01 1.694132936949822010e+01 3.134227042718853795e+01 3.186188695405031623e+01 1.615087147386287114e+01 2.109350335161225587e+01 3.332520077137753134e+01 3.419140467739261879e+01 2.282343812090495661e+01 4.092089233397084058e+01 3.951285864765478806e+01 1.915879282002291006e+01 3.434730700827134342e+01 2.412506633585158511e+01 3.885100680784509564e+01 3.945568621306244239e+01 2.511013603948630646e+01 2.574076749546003029e+01 2.214369680616524505e+01 3.294653944748415597e+01
9.951591839399596962e-02 2.245756730119060851e+00 2.691412646171623280e+01 3.956442097122383217e+01 3.793675806284209528e+01 3.227681618440482936e+01 5.160242725071573489e+01 4.197186967304044458e+01 2.189720508228056062e+01 3.487440394195458282e+01 3.912902737255473085e+01 1.907574651243897534e+01 3.140771085199614987e+01 2.365122523724742010e+01 1.311718402030578012e+01 3.120062798023279171e+01 2.115617664312106783e+01 3.006066527113873832e+01 2.478123169027484352e+01 1.149487459075262308e+01 1.205461622776238251e+01 1.260329487300471563e+01 1.316120444392510436e+01 1.371664887833498270e+01 1.427117356237381074e+01 1.482547488315215034e+01 3.479046100352570647e+01 3.615932188515243695e+01 1.697966984497510623e+01 1.757469627651292043e+01 1.817039892554411296e+01 1.876970252003917494e+01 1.936992171501969295e+01 1.997083434426270543e+01 2.057761450395211966e+01 3.962745165366266065e+01 4.664634561157128445e+01
9.660808524269255682e-02 5.788502387458724918e-01 1.461639549941202176e+01 2.890358745162073006e+01 1.846457156422675538e+01 2.709964938865568129e+01 3.531024363238452679e+01 4.598533712619386904e+01 3.487440119657711080e+01 1.461450608208442858e+01 2.846374924569305875e+01 2.639710757099274119e+01 1.189681561520455411e+01 7.716491902169047457e+00 8.174190458402787129e+00 1.999859979375614571e+01 9.557139441448240902e+00 1.011485398660056489e+01 1.069160031209552386e+01 3.051084633757323772e+01 2.782917723219094697e+01 1.550221388929635324e+01 3.435119360112182108e+01 2.534509600288298614e+01 3.423242452434179484e+01 2.311676611858392150e+01 1.561122034020277916e+01 1.616808697070315404e+01 3.616695215093874793e+01 3.881456510546895800e+01 3.243534485280944324e+01 3.347457424593478947e+01 3.875962433741989344e+01 2.478284487074471087e+01 4.041660307356579551e+01 2.161135153778198870e+01 3.772251368562545082e+01
8.961064364900331314e-02 2.008706660559340662e+01 1.261429907958864893e+00 2.066005705985215357e+01 2.241211521129972439e+01 8.339871274676495361e+00 1.807652076905707972e+01 3.777263418974536791e+01 4.319916677199588406e+01 2.846707131942899238e+01 8.717020958929737162e+00 6.519110653091026997e+00 7.027491871446029492e+00 9.317294395754609937e+00 2.681113780196671215e+01 8.823620721229426422e+00 2.909410516840766192e+01 3.006067559114265464e+01 2.055775409301846324e+01 3.711667121654307522e+01 3.601420862607115225e+01 3.766512731177381568e+01 1.964385776769381309e+01 3.783896103067688443e+01 4.582707086951628384e+01 2.909542164808135567e+01 3.561413535960697629e+01 3.327515677445580877e+01 1.950447160520066348e+01 4.037710814674522197e+01 5.317734238133923697e+01 5.404802326279931179e+01 4.301877374013025701e+01 2.973890067394686199e+01 5.019178331294070716e+01 4.198802913978325790e+01 2.265415311326332670e+01
8.602227843884299729e-02 2.008601898578287503e+01 1.159093717045203853e+01 1.944792294389108944e+00 2.428421140974214243e+00 2.912475846272451374e+00 2.291060663463503744e+01 2.411142538038056671e+01 2.459487286864999334e+01 2.509300607668074790e+01 5.800285416114050463e+00 2.580044962964182886e+01 2.707755627400978682e+01 1.248556479026965782e+01 3.039505234765298169e+01 2.982426085526546089e+01 1.255359088307568172e+01 3.370877918103160198e+01 3.812780908959835813e+01 4.633841821316589460e+01 5.647164813909105874e+01 4.326727950238905862e+01 2.261756314259122291e+01 4.326533512924508074e+01 5.757708908448321949e+01 4.345432117450723553e+01 5.326113104630400130e+01 3.388752575620711838e+01 2.190487356216130266e+01 3.604514922349090256e+01 5.588493976803744800e+01 6.668350111135649172e+01 5.492490224412917854e+01 3.543876448697082537e+01 5.271611783184658151e+01 3.130880401169557814e+01 4.357542942645869744e+01
8.664218773200615953e-02 1.998164008256495805e+01 2.865656154169357706e+01 2.210541068343074045e+01 2.242738573141714653e+01 1.742244534104831644e+01 3.600080831896244504e+00 4.096839136062172315e+00 4.594378050122935875e+00 5.092477941636887273e+00 2.509313668611701331e+01 1.157310047374783046e+01 3.157093159262345239e+01 3.494732946278028862e+01 3.342329036662911079e+01 4.205579314034653748e+01 3.370877918161612286e+01 1.644066797716951456e+01 3.161935399957523884e+01 5.234223823590904345e+01 5.839926126685204366e+01 3.804697611185105899e+01 2.580350943181493406e+01 4.664852507882290666e+01 6.014755760836904130e+01 6.359277970676235725e+01 6.230555197653792021e+01 4.436415958516113278e+01 2.442371873034464969e+01 3.855782094559787510e+01 5.838190107755186631e+01 6.503297298025677264e+01 4.459624182216813182e+01 5.579518573408067539e+01 6.000823806343369426e+01 3.820596930736990515e+01 6.000827083770983705e+01
7.759125536472052942e-02 1.421972687909579669e+01 3.421972687909649835e+01 3.876411627215689037e+01 2.698108884784175387e+01 7.004874897302027392e+00 2.355206077167476408e+01 1.564295145529982989e+01 2.459317308117645240e+01 7.252025466780083640e+00 2.879892620527341762e+01 1.583635398094872215e+01 2.997776200432120319e+01 4.996569791662864191e+01 5.419663467581765559e+01 5.484368546333099914e+01 4.058599596389488084e+01 1.929711529722583663e+01 3.455591050683418075e+01 5.514391011763581929e+01 6.650353054988684676e+01 5.488618048906290880e+01 4.072215341713859971e+01 3.126560879353750266e+01 4.616128615887986797e+01 6.610729736779440202e+01 6.096003129431444023e+01 4.115164014913599999e+01 2.702970956810408509e+01 4.115164014912324575e+01 6.096003119682667659e+01 7.238913185260619798e+01 5.186046372789560621e+01 7.238913185260619798e+01 6.880336762238354709e+01 4.907378399847713979e+01 6.880336762173321574e+01
7.818929607037834739e-02 1.422032491980145430e+01 3.422032491980215951e+01 3.048392738171570215e+01 1.051133203815493999e+01 2.698109631725839463e+01 3.513274425816771895e+01 2.977224054429871458e+01 2.878387857990865584e+01 2.879894783019259563e+01 2.022305160072264840e+01 3.583209303269309487e+01 2.250335083024554450e+01 3.404755958437557695e+01 5.394863606743640361e+01 4.654080896658095412e+01 2.548736583658090638e+01 2.364874688518106538e+01 4.482030825164086707e+01 5.107413887193467161e+01 7.106221488248743867e+01 6.905020756098720369e+01 5.601926322489257615e+01 3.554197995858988435e+01 5.023693276014896725e+01 6.997904385499958835e+01 6.365276181715294257e+01 4.385942413679941154e+01 2.975239310219406974e+01 4.901528367690826116e+01 6.237884681903813799e+01 8.084306024023123882e+01 6.626081295870241661e+01 7.238913184717533511e+01 7.959383520891378794e+01 7.094275767694320223e+01 7.959383520891373109e+01
7.024788420635796893e-02 1.421238350793743344e+01 3.421238350793813510e+01 3.876418614375378979e+01 2.462947545184933063e+01 1.418822089960841026e+01 3.416042278167004298e+01 4.958156143948040295e+01 4.886065703604005961e+01 4.880135013661121235e+01 3.054875030448758721e+01 4.783136011086274664e+01 2.784928589777264563e+01 4.783136011086274664e+01 6.212297890930561550e+01 5.096426333730711633e+01 3.021642306291521152e+01 4.482030825128560281e+01 3.033252920198446034e+01 4.519502091055185389e+01 6.526758518909652196e+01 6.997904385499958835e+01 5.023693276014896725e+01 4.064172643676099028e+01 5.503453592184298770e+01 7.458779005143158258e+01 6.396681791200005307e+01 4.395458709063448310e+01 4.749926913727567523e+01 3.396466371424935460e+01 4.960107566218444930e+01 7.409581679799332221e+01 8.718420244081589487e+01 9.330503835811924773e+01 9.442185117953864903e+01 8.278471332557595019e+01 7.443327775867952312e+01
