MOVIE_S4_data/elevation_000232.asc
nrows	100
cellsize	150.0
xllcorner	0
ncols	100
yllcorner	0
NODATA_value	-9999
[rows 17 to 33 of 100, columns 37 to 73 of 100]
6.451584034556793767e+01 6.451584034556792346e+01 6.777456069949103323e+01 5.664849457665847865e+01 4.967619732158600243e+01 3.147680891439775763e+01 4.300348597781124482e+01 6.123662022775964431e+01 6.773430557627438020e+01 7.599366678735273695e+01 7.564978709452522310e+01 6.741312860932933404e+01 5.200995180646148697e+01 7.074575839045380121e+01 6.768306655032247932e+01 5.348784959197217148e+01 3.282641434088576204e+01 4.502325369525309640e+01 5.780986135525674285e+01 5.533678120365095765e+01 3.447048330035143238e+01 2.830893289850778061e+01 4.270304085790776583e+01 2.979723734536228008e+01 4.645520003614038274e+01 5.091828383064560626e+01 5.166982870259568728e+01 3.204580647368163682e+01 5.403051395236608556e+01 6.592414057962322715e+01 6.835590348722057286e+01 4.873859146590092450e+01 5.604260497236828797e+01 5.662713818023615175e+01 4.262310256823722199e+01 5.771780522035793126e+01 3.865486061863915523e+01
5.229696832544276219e+01 4.464003327703945700e+01 5.636360915871289023e+01 4.165029703196540822e+01 2.978358570699544217e+01 4.967619732158625112e+01 5.960742732562398061e+01 6.263797871781950732e+01 8.197722577845931369e+01 8.125957281463993809e+01 6.171409163934112740e+01 4.850305902981705231e+01 4.380686567231281003e+01 6.075720957150159052e+01 5.323116005009904228e+01 4.283208642545677947e+01 2.985475360727248528e+01 3.627008544245836674e+01 4.609492705921255151e+01 4.696579049713671594e+01 2.759094102465230591e+01 4.766715185017817902e+01 5.352341862897855407e+01 4.978621946808392806e+01 3.056912166663087405e+01 3.111464297961690306e+01 3.166117747345412070e+01 3.221523471218093704e+01 5.217027473132374382e+01 6.072906569042914526e+01 6.197672139875508179e+01 4.613312909362008440e+01 3.602556473758019706e+01 3.661759774959329405e+01 3.721037300436072570e+01 3.780741442458989354e+01 5.666290680852059580e+01
5.876252440656939768e+01 5.725817280684228905e+01 3.716452221791821131e+01 3.241058110280033588e+01 2.859007005013716096e+01 4.847830188469762902e+01 5.507339317250881550e+01 6.317944426481507492e+01 8.115349168583772155e+01 8.542065724067941801e+01 6.284020321362518047e+01 4.779066637118791050e+01 3.668924219992813107e+01 4.865539519481980335e+01 3.872823361495262162e+01 3.860770900089775637e+01 2.950109623454295971e+01 2.586416607441702453e+01 2.637093837944236796e+01 2.687629848808210653e+01 4.699020432126346947e+01 3.351540541914224747e+01 5.359866137527903618e+01 6.088679792058128726e+01 5.145095563752760626e+01 4.026021327349571521e+01 5.139320838590490581e+01 4.959535213826570299e+01 3.300279856969195436e+01 5.265914356027091969e+01 5.428015569952638941e+01 3.519075960260877878e+01 5.517161164349231939e+01 5.662608541597811040e+01 5.638464387856037519e+01 4.897844922797995082e+01 6.167024536720298045e+01
7.840541592561363871e+01 6.251210037516334950e+01 4.254255324769846425e+01 4.734130520786441565e+01 2.744134939611809543e+01 4.621076472699422055e+01 3.662043838211669566e+01 5.507339503861498997e+01 6.265673779706663282e+01 8.115349168583772155e+01 7.297033493204246213e+01 5.397442733659161007e+01 4.090440431710663205e+01 2.998504021601212699e+01 3.808724006980749266e+01 2.465115898190436994e+01 2.515509070464897690e+01 4.530322348213276484e+01 4.541193257104998793e+01 2.890589930480582126e+01 5.141044695656286478e+01 5.360094113795295812e+01 3.990489516216720034e+01 5.990526999050420187e+01 6.060956505687123297e+01 6.067659396663667337e+01 6.521499165132064491e+01 5.227684017402476968e+01 3.674877541496400823e+01 3.380317391543887595e+01 3.437039344152046283e+01 5.428593105351464487e+01 3.986961487651501557e+01 5.985764797744470656e+01 7.188913449906696940e+01 6.797818289322896135e+01 7.279727687635551092e+01
6.921842343292304633e+01 5.526103244863786301e+01 6.251210037516334950e+01 5.247247671270337577e+01 2.628801791090588225e+01 2.945085294930985853e+01 4.651542086074542226e+01 4.780668866709660136e+01 6.669784391739840146e+01 6.429969968952148918e+01 5.606418242617789360e+01 5.589747480549440439e+01 5.280291599265462565e+01 3.135899998751170159e+01 2.393693344861511463e+01 4.344062638575064028e+01 4.639228064991690559e+01 5.498448906657517199e+01 5.829812480362485871e+01 3.919422287840128405e+01 5.959092550813630140e+01 6.459748275129632589e+01 4.469432112594196838e+01 6.459748275128823991e+01 8.041767925016098673e+01 7.846737184603243520e+01 6.275048470951603008e+01 4.258599676326054606e+01 5.697666521200503809e+01 5.387321698959301841e+01 3.707325729686735372e+01 5.643997063912967604e+01 5.985765217190979826e+01 4.480295887060482585e+01 6.470424233757931631e+01 7.811180560646408821e+01 7.177575025673672826e+01
8.318588849091926818e+01 7.498944236498535076e+01 6.798862605092475064e+01 5.837277220274547318e+01 4.464461692992435360e+01 2.465647278175222823e+01 4.309856640525196525e+01 5.131886295742490489e+01 6.382159289465180052e+01 5.535018348017060674e+01 3.656343545846356591e+01 3.602376656465662563e+01 4.231351692938951459e+01 4.278347206263124747e+01 2.343504297341709375e+01 3.247571783455644123e+01 4.398604483324383096e+01 6.378733093313319813e+01 6.891630501653752106e+01 5.429545294007569822e+01 6.892812254590732834e+01 6.970104452138453155e+01 4.993667184592327857e+01 6.394277234451261904e+01 8.364462284218650723e+01 7.013395217731709863e+01 4.989363916587290504e+01 6.275048470951686141e+01 7.111031816529545324e+01 5.923583495827815426e+01 3.967461457804615321e+01 5.923583495827815426e+01 7.291533949685873495e+01 6.470424233757931631e+01 5.012797919154934334e+01 6.989542897252728437e+01 7.482328040691810145e+01
8.560491929132220434e+01 7.372044380053922907e+01 5.402139652196139252e+01 4.029638188353733597e+01 3.349404190632599665e+01 4.308553943196204017e+01 2.307802924420647983e+01 3.573973228344970465e+01 4.742117743025112020e+01 4.071287175715902862e+01 2.962733426038192164e+01 2.177161954861891502e+01 2.224765808695412517e+01 2.272887420941059133e+01 4.046724654912666352e+01 5.095830804941286374e+01 6.056686750522229801e+01 7.200420414433104099e+01 7.941612462763326619e+01 7.512819597270573979e+01 7.895924362858731627e+01 5.931962893810812432e+01 6.970102367575758251e+01 7.786436592858387939e+01 7.914455723888416117e+01 5.896586347699150110e+01 7.013395217731888920e+01 7.848865390955616306e+01 8.175073554336535153e+01 6.215821472960171690e+01 4.233767080331200106e+01 5.376489903317199293e+01 7.362369719290734338e+01 7.375876220145052287e+01 5.405955067965884098e+01 7.375876220145052287e+01 7.799082880874908597e+01
7.715360677074093587e+01 7.589097649292081371e+01 5.617275233613960950e+01 5.979111388694247609e+01 5.316604168051673440e+01 5.131014266437628635e+01 4.156146769852195177e+01 2.151718692665678034e+01 3.342042125426095822e+01 2.063763697550129450e+01 2.110538004963488845e+01 4.118159870280964441e+01 4.224156323510090516e+01 3.171259753960453409e+01 2.574823659883362481e+01 4.568582307686509125e+01 5.688012011094001963e+01 6.326382861483878628e+01 5.963240916168543038e+01 7.941612462763326619e+01 8.713677333038593531e+01 7.318570529291599769e+01 7.318570408693400964e+01 9.289764365976621718e+01 8.627946733110772470e+01 6.606281829087596691e+01 8.627946733110772470e+01 8.489092090682215996e+01 6.491163586313335543e+01 5.360499818186055165e+01 4.550290356548430282e+01 6.534535550865072651e+01 8.201701731052204991e+01 7.786476609748524425e+01 5.817306317803722493e+01 7.786476609748524425e+01 8.135296449533642260e+01
6.921127760249666494e+01 7.881759623480063226e+01 7.589097649292081371e+01 7.590354388774039762e+01 6.601112879525746280e+01 5.779892303040057300e+01 4.280202679182020375e+01 2.362156199800936207e+01 1.997289402642618228e+01 4.005271379206901372e+01 2.240848036412366540e+01 4.578022163360906660e+01 5.763322695771328341e+01 4.958176133635675598e+01 3.892822110380819112e+01 2.878585308713710944e+01 4.866659970669078206e+01 4.347844849312127735e+01 6.326380175838266950e+01 7.544431285699386081e+01 8.368522893234283799e+01 9.289805374089797851e+01 9.289764646538540660e+01 1.010851268093755237e+02 9.463476692417270897e+01 7.764379896812789639e+01 9.463476692417270897e+01 9.336804712458369693e+01 8.175076587435992792e+01 6.877517987167956903e+01 4.907233895040202754e+01 6.040290495503728607e+01 8.021192009527995026e+01 8.228208838059501318e+01 6.252722257347898704e+01 8.228208838059501318e+01 8.515188411151775938e+01
5.192667348183890397e+01 6.528819430677903313e+01 8.428527363224910118e+01 6.767426696433757627e+01 4.792358623782974547e+01 3.791849811888873489e+01 3.122292548714599647e+01 3.913037956390300565e+01 1.953563491898119509e+01 3.890759931605967381e+01 4.555357171829810170e+01 3.995115911226687189e+01 5.985571149638495569e+01 6.305048362917462157e+01 5.128406401180512830e+01 3.626631931370087614e+01 3.199343132536287015e+01 5.184114782760396878e+01 6.147534622692700168e+01 5.568918244831789366e+01 7.544435870440190683e+01 9.102459151696699280e+01 9.877634393816246927e+01 9.729416682234530356e+01 1.055399736391682097e+02 9.795005666863495719e+01 1.062929043478927440e+02 1.017474571792608629e+02 9.157935744049248683e+01 7.248066535100072372e+01 5.287307921946879219e+01 7.248066535100072372e+01 8.865849081327466763e+01 8.710157045200561754e+01 6.723033681080949009e+01 8.710157045200561754e+01 8.984627477363709147e+01
5.169692527110736791e+01 6.875263088362497399e+01 7.538546098750045132e+01 7.590364890248675067e+01 6.601132411159926505e+01 5.779828311437865551e+01 5.117133191963606720e+01 4.186125698133454165e+01 1.909462051902170998e+01 2.866995091755292435e+01 4.311866849821863923e+01 5.985574101848667539e+01 6.805415764508413190e+01 6.771551394389840084e+01 4.843518920575624520e+01 5.618955093469624273e+01 5.184114782760396878e+01 3.538651763490534563e+01 4.168870465208874521e+01 5.160888535815195155e+01 6.297881859391538484e+01 8.276584657756738750e+01 7.923594436443543998e+01 7.789184843709496420e+01 9.421298383311220448e+01 9.736415931905372645e+01 1.056226748404703812e+02 9.322365475537766599e+01 7.298772807100397131e+01 6.322808778806120245e+01 5.789134847135192530e+01 6.880245520011257554e+01 8.884682368917866313e+01 9.244762177727157848e+01 7.244452934601768845e+01 9.244762177727157848e+01 9.486268471295596783e+01
6.537206823845018278e+01 6.662692675188471014e+01 5.195959606602622216e+01 6.071755256604402717e+01 5.508542546751829860e+01 5.378894852248701852e+01 5.296764983664776594e+01 3.840583316877393116e+01 3.590656584253942185e+01 1.846934142862824046e+01 3.413775293778668640e+01 5.838058081601796090e+01 7.375263673377983764e+01 7.643232410969514490e+01 6.216188297656515260e+01 6.919723110371704422e+01 4.942797846010404328e+01 5.521825850042820605e+01 3.926041252012029759e+01 5.906689822315382798e+01 6.889607021348902549e+01 7.082560298460126091e+01 6.619551949208572239e+01 6.726067451075668657e+01 8.351938007446779011e+01 7.778468474329868343e+01 9.736415931905372645e+01 1.017474571792608629e+02 9.157935744049248683e+01 8.286727198056249222e+01 6.300468517268439683e+01 8.286727198056249222e+01 9.733939410678262050e+01 9.850863221880040044e+01 7.840653473382315042e+01 9.850863221880040044e+01 1.004514156031122099e+02
7.014371354047743523e+01 5.546386401998656623e+01 3.643038905683416573e+01 3.826431625148212845e+01 3.192972613339496490e+01 3.235892698023166503e+01 1.941297633702320269e+01 3.723955199078891098e+01 1.784781015760922429e+01 1.935394174901885833e+01 4.203816641012353017e+01 4.511566797761820169e+01 5.969848678009412879e+01 7.959026967506999029e+01 8.229352043314861476e+01 7.742552905575000466e+01 6.919723110371704422e+01 6.727572572369371073e+01 4.815621985043568287e+01 4.347342330198220850e+01 5.774881464956180821e+01 5.267534401515738551e+01 5.605825360078829789e+01 6.042639848001755354e+01 6.482499126268859868e+01 7.379376740970481308e+01 8.484752903073110986e+01 1.047161414923991316e+02 9.726286805350248699e+01 7.690442084870603878e+01 7.428483721653218197e+01 7.690442084870603878e+01 9.726286805350248699e+01 1.056214501772807921e+02 8.550336293013278066e+01 1.056214501772807921e+02 1.068204545929988285e+02
5.507605199831139231e+01 4.531800862526103657e+01 2.610687599986747287e+01 3.292314310550581524e+01 1.608408364802802382e+01 1.644508614677342706e+01 1.680878334211260849e+01 1.723625413553199337e+01 3.615161104603990339e+01 4.070957216352231711e+01 2.984884975997641021e+01 4.527222828987483183e+01 6.618332201380148661e+01 7.270427590086421787e+01 7.270427590086421787e+01 8.093896920144054263e+01 8.771313074567173373e+01 6.789382244665898725e+01 6.210048997981192542e+01 6.140850408680071837e+01 4.786124247834393231e+01 5.897023840995679222e+01 7.412598184907790255e+01 6.858848204231698276e+01 8.351938007446779011e+01 7.778468474329868343e+01 9.736415931905372645e+01 1.129867077281150500e+02 1.057986718642895312e+02 9.726286805350248699e+01 8.856023135041100147e+01 9.726286805350248699e+01 1.057986718642895312e+02 1.138044629435435979e+02 9.719009908485409710e+01 1.138044629435435979e+02 1.149417109047262784e+02
5.100390313004448473e+01 4.192762300065401604e+01 2.832437202019852762e+01 1.557785501147952623e+01 2.540347778344276009e+01 3.444952116197174519e+01 3.580787644582967033e+01 1.752943215964875634e+01 3.763152893752906181e+01 3.653448688881058359e+01 4.646473468570525966e+01 5.990346313177629156e+01 6.694688326162537351e+01 5.295479732181034649e+01 5.295479732181034649e+01 7.270427590086421787e+01 7.375631194270401636e+01 8.201499776832832822e+01 8.188016425945735932e+01 7.611015223076147151e+01 6.006008203258659250e+01 7.711479299347648464e+01 7.881728300405600862e+01 8.175315730214116172e+01 9.568099122006233870e+01 9.736415931905372645e+01 1.056226748404701681e+02 1.080627001245068470e+02 9.976477875901102266e+01 1.080627001245068470e+02 1.091508907791598944e+02 1.149185159949809076e+02 1.066140787115214437e+02 1.149185161909042421e+02 1.171388899577613643e+02 1.252666784862270504e+02 1.238047825870825136e+02
2.994004809926990873e+01 3.429266409510826463e+01 1.507632421273762091e+01 3.390471423980990551e+01 3.970336263719825354e+01 3.941187405995121651e+01 4.213959327398416121e+01 3.548243140921650252e+01 1.842992904855617908e+01 1.922094980323518598e+01 3.933869852703999470e+01 4.813845352425198598e+01 4.941724328056796622e+01 3.896424750272610993e+01 5.873928567271673273e+01 6.931949630169565069e+01 5.391421146773335948e+01 6.802636954736996699e+01 7.463310925056697442e+01 8.289448114320005345e+01 8.340645321405706625e+01 9.253889898951744897e+01 9.904799258200301892e+01 1.013559726398154623e+02 9.612226173604582868e+01 1.044148991814480212e+02 1.110072917134453121e+02 9.807686433041985197e+01 7.981849130124972191e+01 9.807686433041985197e+01 1.118014917189762514e+02 1.034994266940391725e+02 8.662294351359956579e+01 1.049145186351970978e+02 1.047563954075126986e+02 1.116450896844355043e+02 1.216044051066695744e+02
1.421578200152460703e+01 1.457445262001563790e+01 3.369826000017481249e+01 2.369627948858227029e+01 4.320756247357156354e+01 5.395385840242153819e+01 4.797257353236251021e+01 2.865062759067757270e+01 3.863337880639723210e+01 3.934313031647798198e+01 2.033686372081110605e+01 3.833252605180137351e+01 2.953970850992878283e+01 4.941724328056796622e+01 6.351331949062567617e+01 4.945514829358013742e+01 4.242457856191083465e+01 4.819127130375141377e+01 5.481289014097606582e+01 6.469471252803583639e+01 7.872154709857099419e+01 9.869455602730620569e+01 9.703428289796838158e+01 8.875414520549480812e+01 7.621421587433734146e+01 8.875414520549480812e+01 9.703428289796838158e+01 8.276959824131976973e+01 6.993031570569289102e+01 8.979163503013026570e+01 1.002586024538472174e+02 8.352730286196076293e+01 7.667553845429259241e+01 9.292996012524744742e+01 8.420753566299815418e+01 9.498997912575741509e+01 1.135545914891197725e+02
