MOVIE_S4_data/elevation_000586.asc
nrows	100
cellsize	150.0
xllcorner	0
ncols	100
yllcorner	0
NODATA_value	-9999
[rows 34 to 50 of 100, columns 37 to 73 of 100]
6.940652156923505345e+01 6.583236814282814464e+01 4.552481349119567966e+01 3.102751142956526564e+01 5.074432097747747150e+01 5.370655770975588439e+01 4.287532915987829085e+01 4.630652844694005665e+01 4.995163373874244428e+01 5.460745952974476580e+01 5.976170609618802132e+01 6.577591449319551486e+01 7.494090619554036437e+01 9.416089389058824111e+01 1.042445386003630290e+02 8.426987538051685078e+01 9.012058088706760373e+01 7.531440291975283685e+01 7.891028230854936965e+01 8.709672523216130458e+01 8.243767049106831735e+01 7.581049122049297750e+01 6.650646457934085731e+01 4.709371661489640815e+01 6.696381102585571909e+01 7.892550086282007271e+01 8.767482731941549901e+01 9.338041930449374206e+01 1.016974068278155272e+02 1.121181748931140447e+02 1.017663209690614536e+02 8.112907237088124646e+01 1.017663209690279018e+02 1.055998736666648341e+02 9.719737988461500322e+01 8.091593433888097309e+01 1.016091599279964584e+02
8.016814723523791031e+01 6.036906941744720712e+01 5.180442553596362387e+01 3.148679706332780626e+01 5.174332434659194746e+01 6.083061476989532679e+01 6.063658186628016011e+01 5.887444778617603447e+01 6.260737715493600319e+01 6.460086517293458996e+01 7.829214081133990533e+01 8.455044221449014685e+01 9.277553636074148358e+01 1.025340947679335954e+02 1.016439585421873915e+02 8.168435678238465414e+01 7.052604637722559744e+01 6.509446162959937965e+01 6.024463785695783002e+01 7.285401425063162151e+01 6.349255258042513361e+01 6.760258624422876039e+01 5.353234875865929610e+01 4.651297349757162891e+01 6.741112088237572664e+01 7.481087449052073168e+01 7.824019997292280948e+01 7.327414322824917292e+01 9.009365805389666093e+01 1.016974068278512533e+02 1.101618668675864399e+02 9.314949799991794066e+01 1.101618668675864399e+02 1.144809500961858788e+02 9.412788580657722548e+01 1.016091599279960889e+02 8.628957438982345707e+01
7.478568936811068113e+01 5.458640570850312201e+01 4.037937726784294767e+01 3.194519190877658588e+01 3.822283213460337947e+01 4.511215665805042363e+01 6.605105988276874029e+01 7.804202036490364947e+01 8.160164852179880768e+01 8.335776413106356131e+01 9.155191326986324896e+01 9.651944959524853118e+01 8.819347874819484900e+01 9.651944959524853118e+01 1.099398103267751878e+02 9.840646145214562068e+01 9.012058088706760373e+01 8.421266514658452706e+01 7.285438684946925036e+01 5.444181315476383531e+01 5.044055560596928700e+01 5.686399974025047754e+01 4.571240715960797019e+01 6.662508972838135435e+01 5.060335625364497503e+01 5.404732730228900550e+01 5.770516279996788001e+01 6.148319695210256697e+01 7.327414322824917292e+01 9.338041930449374206e+01 1.048887022584191726e+02 1.135398398394833066e+02 1.219072679338112835e+02 1.144791768774407785e+02 1.144809500961858788e+02 1.126979092799796547e+02 9.235431281565116990e+01
7.155118894379857863e+01 6.856822847980406266e+01 5.263478281988616914e+01 3.240391715523523430e+01 5.266515558835143196e+01 6.597343312926244607e+01 5.724999131297889221e+01 6.927757833711272895e+01 8.710356160668368375e+01 9.574141778043126294e+01 8.500161293701788168e+01 7.671179946474353528e+01 6.830662687304612746e+01 8.231830239978096131e+01 1.023774091698696225e+02 9.992040527083345580e+01 8.005037057345266760e+01 8.005037057168803472e+01 8.093679913984480834e+01 7.204275318466835643e+01 6.406220137579377649e+01 4.491335958223567104e+01 6.483753389752449436e+01 7.584563876998961973e+01 5.682305766597178831e+01 7.481767759502440640e+01 7.824019997292280948e+01 8.177205539947300394e+01 6.745831771949703182e+01 7.647315142408703537e+01 8.808264480173613720e+01 1.022814618548720205e+02 1.223596567120514607e+02 1.345761331141785320e+02 1.269345219165095244e+02 1.068009112436768788e+02 1.068009112436768930e+02
5.171246330061647711e+01 5.900362998095481259e+01 5.310609643266862889e+01 3.286110590161328560e+01 4.726928647387560289e+01 6.727316767359077687e+01 7.760071443186173212e+01 8.525329631119278417e+01 9.520451788716258079e+01 8.879107805896252614e+01 6.756383339840364499e+01 5.749517303019197811e+01 7.671179946474353528e+01 8.994222600614332919e+01 9.746340581325254959e+01 9.401518225963428677e+01 7.426595617704987262e+01 6.060213424026814266e+01 6.882192603975596512e+01 6.328785687398021054e+01 4.408169729346743537e+01 5.390331987162204541e+01 7.125895676174580728e+01 8.562894934416999604e+01 7.731251195002349164e+01 6.667142301135173454e+01 8.680387611996846431e+01 9.589978606643211378e+01 8.758102282675406514e+01 7.458919652639400510e+01 9.468651588827763987e+01 1.107626785349902718e+02 1.190866413063075697e+02 1.306834783853092290e+02 1.352375088705758515e+02 1.269345219165095244e+02 1.269345219165095244e+02
5.900407716226967381e+01 3.869839678557806195e+01 3.437853427762318859e+01 3.332086472231959107e+01 5.355254452057723569e+01 6.243844547483134022e+01 6.890051128959535731e+01 7.717503113077435728e+01 8.704815395339858242e+01 8.712760179901275137e+01 7.070054010999785987e+01 5.187325140323279271e+01 6.222757223022011885e+01 8.164168054896741467e+01 7.764756162769366199e+01 8.413707252505717804e+01 7.582221926016488567e+01 6.881863886074103220e+01 4.928643007406484600e+01 4.336455559365245449e+01 4.354368881792025547e+01 6.720691331375309119e+01 8.005585328960675895e+01 9.676147036057081152e+01 9.512403102489008688e+01 8.092978121523698576e+01 8.092921955468722217e+01 1.009865516741545974e+02 1.030037099341581524e+02 8.620027068849722696e+01 8.358480186550620772e+01 9.069674722326571725e+01 1.022840578908031688e+02 1.223453390689982996e+02 1.333953260154014515e+02 1.323443071483791300e+02 1.406496569503198089e+02
4.503261679437345322e+01 5.900407716226967381e+01 5.541225807394689440e+01 5.326040639487619899e+01 3.397000114134819171e+01 5.418176230850644970e+01 4.897974355761981258e+01 6.890032750505672254e+01 6.701946469053440580e+01 6.710765116137224595e+01 6.484093270740004300e+01 4.669042544698195485e+01 6.598151086337725246e+01 8.036965112915154918e+01 6.394183894863060402e+01 7.582298523683698477e+01 5.594099868199400305e+01 6.172339953503425392e+01 4.259913642901700115e+01 6.146425631934927480e+01 6.731490612871827750e+01 5.375765260802306500e+01 7.356063161596141242e+01 7.687598357384237602e+01 9.675303272138999944e+01 1.010140044950304201e+02 1.009865516741545974e+02 1.093188424972810111e+02 1.145963681984357123e+02 1.062789424139214418e+02 1.036680579385416223e+02 1.107626786012634170e+02 1.190866412754268140e+02 1.275282804375686254e+02 1.133561697855120514e+02 1.123060939445978619e+02 1.290784458075789303e+02
6.484701583876466202e+01 7.311457096798751820e+01 6.023400687603088954e+01 4.011526396784919513e+01 5.416086347266731593e+01 3.462380910721211791e+01 5.481422172512962021e+01 6.368516044967139322e+01 5.262613720025539976e+01 5.717967780007625578e+01 3.897303272916139605e+01 4.470771725209080927e+01 6.209927511247099119e+01 6.721754186049408020e+01 5.287316665525548842e+01 6.046010680388444314e+01 6.096484231818021726e+01 4.183539013524458028e+01 6.175678532731548387e+01 7.052315500357074995e+01 8.135225138731647121e+01 7.356063161596141242e+01 6.082007950444528177e+01 6.955327421313116076e+01 8.097596101768694155e+01 1.009242644638851516e+02 1.171439286867604324e+02 1.090272912208629066e+02 1.171439286867604324e+02 1.104572000463756609e+02 1.104572000465350357e+02 1.189188021134129514e+02 1.283262464517005412e+02 1.175454602405665270e+02 9.929248197820449207e+01 1.008285168867358266e+02 1.207752393593398779e+02
8.013970842686640594e+01 7.617435224784368586e+01 5.627920229264928054e+01 4.462687471589711663e+01 6.205882572510818562e+01 4.927757719307575712e+01 3.528114548442009379e+01 5.544271457636708789e+01 4.283507431450597380e+01 3.709382133794770908e+01 3.757961930403505590e+01 5.111363636920205522e+01 5.852517014059361600e+01 4.978082966960832323e+01 5.821534510675305540e+01 4.052070829805330732e+01 4.106931125738862676e+01 6.099673430767275306e+01 5.251840649188945065e+01 6.653753830695750082e+01 8.643550114204221302e+01 8.878240146961661594e+01 6.955327421313116076e+01 8.878240154898369951e+01 9.767539790930284482e+01 1.091963051722372882e+02 1.073544116288430956e+02 8.945499310198151477e+01 1.045948816970120703e+02 9.029721582865079199e+01 9.029721582865079199e+01 1.104572000465308150e+02 1.200284324103449194e+02 1.001524679196135423e+02 8.957550143145543586e+01 1.092589937700812186e+02 1.203914635940449358e+02
9.165954018298587869e+01 8.443850142787091784e+01 6.968141616374887803e+01 4.961747575067793292e+01 6.937032320863251300e+01 6.121644898946092184e+01 3.787507169721785516e+01 3.594251602123029699e+01 3.641160181502880278e+01 5.652323240843112728e+01 5.763589485355394260e+01 3.827183335243611140e+01 3.876157497376937755e+01 3.925024759453336998e+01 3.973640622230454511e+01 5.954036942936035359e+01 5.745437393545471849e+01 6.847099395009007594e+01 7.236551679050283781e+01 6.871168702705529086e+01 8.862319495022116200e+01 9.767539808616341190e+01 8.356357829096528178e+01 9.767539809134375162e+01 9.806724598841682905e+01 9.588406193348242823e+01 9.924114216142213252e+01 7.955499651610992373e+01 9.619867629718277158e+01 7.619099903148689634e+01 9.620193849740263659e+01 1.115222210950038431e+02 1.057041050194008420e+02 9.749102609625305149e+01 8.435490389707690895e+01 1.037997753611833787e+02 1.177504435621134178e+02
9.055281736546506011e+01 7.055563625761384117e+01 5.885518671443058025e+01 6.126437555222034348e+01 7.794475444170510059e+01 7.089860758838715071e+01 6.171215975697054290e+01 5.607725963446654305e+01 3.828475745570407440e+01 5.253938292181521064e+01 6.780789405461482033e+01 5.000375566734117427e+01 5.874716468980218309e+01 4.943665971036655549e+01 5.698694013066653952e+01 4.105629202297690483e+01 6.098351463786547555e+01 7.050287301499540149e+01 8.458341535760247609e+01 8.862319495022116200e+01 8.959263505468395294e+01 9.789230492648229642e+01 1.035146301900332020e+02 9.806723961045346982e+01 7.819000085476302786e+01 7.601937247582010571e+01 9.008942212602832456e+01 7.207144184033197121e+01 8.200362505687320436e+01 6.993805330205168502e+01 8.984090745396102307e+01 9.194529355848116836e+01 9.194529355847321028e+01 7.831092655792924973e+01 9.749102609625570892e+01 1.120601081636469729e+02 1.149820074742460747e+02
9.884456098076675801e+01 8.729502392962039892e+01 6.835422407658710142e+01 8.121155977395680736e+01 8.947611940397781893e+01 8.499172240351430219e+01 6.525718849447889625e+01 5.125724532734890460e+01 3.999138714963525132e+01 5.964706072754734123e+01 7.805677635534179615e+01 6.627541874579910086e+01 6.943267000374905251e+01 6.942931325151378985e+01 6.821897425320726427e+01 6.098497423810044893e+01 4.235810648928321598e+01 5.646211864764598687e+01 7.184249671403286186e+01 7.551176140064539766e+01 6.967927256308153972e+01 8.959263505468395294e+01 9.285045354112158122e+01 8.204889113757695895e+01 7.466901193406955883e+01 6.215018088630409920e+01 7.566573012753630678e+01 7.686396452215475961e+01 6.231031868984970856e+01 8.200306493148747222e+01 9.813522878112637216e+01 9.194529055476908752e+01 7.289281200041889974e+01 9.194529355848102625e+01 1.053634737827370884e+02 1.019471503885902450e+02 9.505649392672205522e+01
9.293996190088090259e+01 9.719680914101562053e+01 8.617629138521812138e+01 9.719520658176089967e+01 9.620884083791987962e+01 8.707684844465624963e+01 6.730454423515676865e+01 5.332135529448948574e+01 4.185427056338325968e+01 6.170373881822131068e+01 7.978706201187644353e+01 8.773154145728437925e+01 8.921653637325907482e+01 8.585677044311319150e+01 6.950192345789061221e+01 4.968362737331112555e+01 6.103292380914358972e+01 4.368155007601112771e+01 6.359497399598911471e+01 5.569747132782615751e+01 7.551176138618650668e+01 8.955630169486559566e+01 7.909251203787714246e+01 6.573519802671864909e+01 5.363247211378337909e+01 5.478240433537023080e+01 5.598771197047333459e+01 5.719016742022304811e+01 5.838859890710156009e+01 7.806583612851493115e+01 8.116102023282019218e+01 8.369221174380120942e+01 6.940485101722164529e+01 8.846232694959601872e+01 8.813878635382695848e+01 8.340184664015612270e+01 9.190702754430557775e+01
8.434279689644139921e+01 1.012174383554249317e+02 1.072569315514594450e+02 9.198973626054397812e+01 7.834142135124483275e+01 8.296710253832679882e+01 6.333076594073295240e+01 4.955801093578703131e+01 4.414200614730380323e+01 5.170250988911884349e+01 6.565352806295626920e+01 8.557068615119503363e+01 9.650641571335422952e+01 7.758098151339027027e+01 5.779150152606126056e+01 6.950192345789061221e+01 7.138983677228274871e+01 6.359497399617124103e+01 4.501722382381883136e+01 6.492057413104926411e+01 7.451251727238333444e+01 7.786741130776475472e+01 6.346785323297311265e+01 5.200544689280433630e+01 6.846946298990077651e+01 5.886457320661259729e+01 7.566573012877094584e+01 7.686405071009558299e+01 7.807164401135037224e+01 6.015226115389726402e+01 6.139905650077182742e+01 6.461898726925974756e+01 8.369213224834389564e+01 8.596456072451142916e+01 6.814989760244844774e+01 6.965313572741899861e+01 7.185171540911636612e+01
7.059778825920044198e+01 8.706300796923656549e+01 1.109065515795471555e+02 1.012440277755361393e+02 7.929481598474944803e+01 6.462999856275004618e+01 5.807426377942928752e+01 6.639736206898267312e+01 4.663974052229986711e+01 6.644729032292248405e+01 6.782835895645408186e+01 8.776678662657555208e+01 8.820913240307463354e+01 6.832581882503450288e+01 7.758098151339027027e+01 8.585746024679038158e+01 8.479666610631637980e+01 6.492057790959448482e+01 6.492057790771249870e+01 4.638018764576025177e+01 6.626278134149116283e+01 6.868197853546169540e+01 5.038411225061008025e+01 7.016920972534110490e+01 7.344100050758721920e+01 7.807674766120803156e+01 6.480566248769886784e+01 8.407454159995302234e+01 8.820210038345284431e+01 7.400720173142636327e+01 7.919992630016557200e+01 6.331022087714904956e+01 6.467739311884342612e+01 6.605569506690986259e+01 8.593286627161671731e+01 8.969177575295674387e+01 7.271513780500296775e+01
7.153817552992684625e+01 9.210313066948674532e+01 1.107062571608457091e+02 1.023168037107897419e+02 9.191829646713449620e+01 8.376759836856263064e+01 7.740215075269395584e+01 6.893610269802950086e+01 4.918175543605546096e+01 6.891283159285386262e+01 8.397347867482972106e+01 9.612295421862256717e+01 9.651195976240313712e+01 8.235046653144848960e+01 9.651195976800120491e+01 9.509844732035261927e+01 8.357569860654373883e+01 7.069123127156497333e+01 5.090176251457977941e+01 6.587599594942825831e+01 4.782544119659750237e+01 4.885389884141543604e+01 6.868197853546192277e+01 5.509588970208721292e+01 7.479213633897785485e+01 8.763910860488255139e+01 7.840278340603613572e+01 7.138863064155064819e+01 9.058354971932605793e+01 9.406260598776543702e+01 9.322055181612020647e+01 7.631389351006852451e+01 8.452200604083483881e+01 7.052347245378069829e+01 8.462928612108365201e+01 1.010753500716391358e+02 9.279289840811559031e+01
8.819803971269622878e+01 1.007819504986940444e+02 1.023163749596584324e+02 8.220184939766069476e+01 9.225936838115258354e+01 8.646493693877047804e+01 8.112448763362063175e+01 7.194412878117383059e+01 5.221990203698030086e+01 5.594640578006633547e+01 7.570439281498583739e+01 9.181594478787150138e+01 1.033843213626977331e+02 1.023532030077669930e+02 9.874302550781149534e+01 8.678500078461132716e+01 6.687359255107624278e+01 5.553555740402485696e+01 7.069123127143267027e+01 7.573189094124342091e+01 6.767520265100033328e+01 5.227090795177879556e+01 7.171636821270526241e+01 7.482736100308557070e+01 5.992080231997408646e+01 7.970412812330550878e+01 9.776737715420421182e+01 9.058354971932605793e+01 7.859386604905310492e+01 9.537331407542346540e+01 1.090214117106677207e+02 1.007910380100054226e+02 9.547242349191277810e+01 7.548161518655649616e+01 9.546971462545759834e+01 1.127585740583977838e+02 1.043077565113672449e+02
