MOVIE_S4_data/elevation_000918.asc
nrows	100
cellsize	150.0
xllcorner	0
ncols	100
yllcorner	0
NODATA_value	-9999
[rows 0 to 16 of 100, columns 0 to 36 of 100]
2.082717056534231503e-01 2.020827170565306830e+01 6.654939293602661010e+00 9.450443107148949196e+00 1.234768030792281657e+01 3.251594407687080235e+01 4.001906710211520846e+01 4.828588550155348713e+01 6.240035316112625452e+01 6.759833121639091758e+01 7.582188923596568486e+01 7.388752755024306396e+01 8.210569953669930499e+01 9.356308131619903179e+01 8.933231876299099383e+01 8.130683045903025175e+01 8.933231876299109331e+01 8.578444555340045952e+01 8.027454602568835185e+01 8.027454602568835185e+01 8.808661008695875694e+01 8.959753303417278403e+01 8.736403827868106475e+01 7.938415037830489496e+01 7.938415037830489496e+01 8.736403827868106475e+01 9.850017280100870209e+01 9.743248894348822375e+01 8.926553266758227778e+01 8.926553266644813789e+01 8.901076747846144599e+01 9.480021553755126718e+01 9.530413788280839071e+01 1.034514481362696188e+02 1.097717258695845288e+02 1.037332267691258778e+02 9.914033218384109603e+01
2.038130619680232347e-01 2.764550660623865674e+00 1.620948875261317568e+01 2.035257189762259955e+01 3.247799126016621329e+01 1.666395618126240663e+01 1.996832943861083010e+01 3.417141485434193271e+01 5.311344273626415458e+01 4.767704642691887074e+01 6.240488555889486832e+01 5.399900821610410162e+01 6.549834216816387311e+01 8.534736789922027356e+01 7.963019393263817847e+01 6.189056572514815002e+01 7.963019393263844847e+01 6.672590102118020638e+01 6.111386850853435959e+01 6.111386850853435959e+01 8.027454602568835185e+01 7.021599591803757789e+01 7.021599591803757789e+01 5.985308750169421188e+01 5.985308750169421188e+01 7.122232551431365266e+01 9.053341048375648370e+01 8.926553266758227778e+01 6.931008612697785054e+01 6.931008612697762317e+01 6.905282314760439988e+01 7.489836969155629731e+01 7.540275309061978248e+01 9.530413788280839071e+01 8.930155321240083310e+01 8.332375829746422369e+01 7.880249154809708045e+01
1.945267862640465417e-01 2.019452678626369035e+01 1.445373352937886757e+01 3.392322088202973873e+01 2.838350303191097623e+01 3.685091145690238790e+01 4.001906710077805940e+01 2.490348135571616695e+01 4.485371782865088619e+01 3.613940089849578641e+01 4.245673781987144224e+01 5.658185997254590660e+01 7.646077138258769423e+01 8.436617135839178161e+01 7.159869809208926483e+01 5.202771705351653964e+01 7.159869809208926483e+01 6.672590102118019217e+01 4.718335292742779785e+01 6.672590102118019217e+01 7.354346453546799012e+01 6.550199942276556442e+01 5.051339966910722978e+01 4.836655216713883476e+01 5.985308750169421188e+01 7.938415037830489496e+01 9.390445663543535204e+01 8.241058126020665497e+01 7.419458121165119735e+01 5.510262593520926799e+01 5.484489297863010648e+01 6.120387808564239407e+01 7.280816016898648968e+01 9.273854923160682517e+01 8.930155306633530188e+01 6.911378372828907857e+01 6.464023375272959981e+01
1.884163169627051937e-01 2.018841631696234984e+01 3.454739668523362894e+01 3.089572139026127218e+01 4.646838304396050745e+01 4.301282273887167662e+01 5.311502172079254080e+01 4.485383877751422688e+01 3.014205005872987186e+01 5.008677425791429272e+01 4.613082167017569901e+01 5.764409553306118283e+01 7.741404754064858196e+01 7.633332007895970150e+01 5.683412297639673483e+01 4.541659923341924809e+01 5.736425837288639684e+01 5.318921781561105178e+01 4.118679840469702214e+01 6.083360106895729302e+01 6.219389466855951554e+01 4.574280956147447341e+01 4.053509195226148876e+01 5.461597483253347463e+01 7.424334273243815119e+01 8.736403827868106475e+01 8.572980611083079339e+01 6.575032679898460231e+01 5.414754646413397410e+01 4.750644679955317429e+01 6.757587535574587889e+01 8.123173373869025227e+01 8.942710061344469352e+01 1.008924735332614233e+02 9.194980921153469922e+01 7.172136264431190966e+01 5.760898511953208612e+01
1.898839224935668091e-01 1.433201954622464136e+01 3.433201954622534657e+01 5.079548845418783998e+01 5.903839564432198017e+01 6.184386317702232105e+01 6.989125504842320424e+01 5.834013203544559190e+01 4.165257543596893441e+01 5.834154792770996778e+01 5.764409553417718257e+01 7.311198867732606743e+01 8.557577389011758839e+01 8.052332245113996123e+01 6.217589413568792622e+01 4.885902828837600964e+01 3.762546738938213764e+01 3.338273312886991562e+01 4.825991185826673302e+01 5.646382785501891277e+01 4.904832280105657816e+01 3.422907311841140654e+01 4.314992515345652890e+01 5.465323523894853963e+01 7.427883401543985542e+01 8.567776490410102497e+01 7.747169171675827215e+01 8.240507163433066751e+01 6.347897335129817264e+01 4.340695384225804077e+01 6.347922181472298320e+01 7.565295499758130404e+01 8.563530758059620496e+01 9.101432792682381034e+01 8.255642278242078191e+01 7.316569394154585382e+01 5.315517215090142855e+01
1.812560074098455432e-01 2.018125600740949110e+01 2.902209521057907082e+01 3.387281447929638034e+01 3.921805063752997711e+01 4.588456596292164846e+01 5.416789088612285497e+01 6.311168720468108972e+01 6.160821751316522921e+01 6.985526356394768754e+01 7.741408943784966823e+01 8.557638701124882630e+01 7.773418587438924021e+01 6.714094573841813940e+01 7.314014820755555490e+01 6.543883964136865927e+01 4.907697550372518691e+01 4.861024852124623408e+01 2.873103017063983700e+01 4.427322076306407439e+01 2.914818482246962361e+01 4.904832280105657816e+01 6.219389466855951554e+01 7.100126009896399637e+01 8.227972891284159118e+01 7.747169171675827215e+01 5.745716598767802452e+01 6.331928485149300911e+01 6.003685625684394722e+01 3.996406424669238078e+01 4.735350704386324594e+01 5.740095076601701152e+01 7.742780305550049036e+01 8.255642278242021348e+01 6.243295095062018873e+01 6.832697938913779012e+01 4.907682407859491036e+01
1.855941142937577448e-01 4.549951919013624391e+00 9.022087874013241304e+00 1.387280037473994376e+01 1.921802521298852540e+01 2.588469187965216989e+01 3.482896378035201934e+01 4.897108549410906164e+01 6.897035832893624274e+01 8.063667786150141126e+01 8.583220484314620080e+01 7.527331058573271605e+01 6.334086099112819568e+01 4.239896275723437924e+01 6.303130029892136577e+01 7.671252886754736267e+01 6.867541333571296036e+01 5.672636671927973850e+01 4.429134019834154401e+01 2.427982692786230956e+01 4.429134019832624602e+01 5.717126442848935142e+01 5.926619822103948110e+01 6.727206201074220360e+01 7.549076993598356466e+01 6.725489226261801434e+01 6.331928485149300911e+01 4.325366768163862474e+01 5.259376132238390511e+01 3.661760825050147616e+01 5.669139092181870865e+01 7.565295499758130404e+01 8.563530758059620496e+01 8.027822630176066809e+01 6.015579481007144835e+01 4.831174656853473692e+01 4.514945163344426504e+01
1.797113411273130179e-01 2.017971128587043594e+01 2.902209518073720673e+01 3.387281447659400158e+01 3.921805063752997711e+01 3.921814002674562261e+01 5.416789088612285497e+01 6.311168716398317713e+01 7.477473635020413667e+01 6.063120377568662889e+01 6.633581744545199399e+01 6.502458921501060729e+01 4.152995848552106395e+01 3.133369597272714913e+01 5.180326577633904606e+01 6.286479577449985356e+01 7.290444248833121321e+01 6.116217449367562153e+01 3.978446152636046662e+01 2.192149420124556869e+01 3.905131658088352253e+01 4.533786075116437786e+01 3.956855446983276892e+01 5.926619822103948110e+01 6.725489226261801434e+01 4.720485588618944206e+01 5.307737557780836113e+01 4.895828412238930838e+01 3.251618225053721289e+01 5.257673952219128921e+01 5.301501439000322335e+01 7.304045769200563143e+01 7.787718096867199336e+01 7.001114553368466886e+01 6.015579481445759313e+01 4.013767862395542352e+01 6.015579480190100270e+01
1.682297228869525374e-01 7.727519183071463793e+00 1.589248499234865442e+01 2.483675690234765554e+01 3.638376228613976338e+01 5.638376226308779593e+01 6.751183218705378408e+01 6.706799121900887428e+01 6.649067147410259793e+01 4.712937924278990920e+01 6.649067147457014926e+01 5.976889716645433737e+01 4.407505411825120945e+01 2.401910381666721150e+01 3.470224978044672071e+01 5.441375523680828508e+01 6.291769959024444603e+01 4.711551490080579185e+01 3.493048878819933378e+01 3.905131133321572889e+01 1.865533827617121787e+01 2.533444256244571235e+01 3.699122469916083134e+01 5.673958449831890505e+01 6.533818479561689685e+01 5.307737502129697305e+01 3.300091429748695049e+01 2.887942388397995330e+01 4.895828412238926575e+01 4.891756554406708091e+01 6.898166487413766390e+01 8.124212810776805327e+01 7.001114288206855463e+01 5.202025741499027589e+01 5.632588127163897695e+01 3.707945359424385856e+01 5.123004327900329002e+01
1.736477300190079065e-01 2.017364772372637205e+01 3.390131692900759219e+01 4.218559273537091059e+01 5.312102698003176471e+01 6.466803155679711779e+01 6.706799121901751448e+01 4.761215790431030115e+01 5.118241650499365392e+01 4.063925479160434406e+01 5.962939841375828109e+01 5.076178125508982220e+01 3.010219827368359802e+01 1.843236220014657079e+01 3.879789004567400212e+01 4.274218801671096202e+01 3.912938545096572085e+01 5.185098555281139454e+01 5.373900281277199298e+01 3.702985083444341541e+01 1.651099809126026940e+01 3.702980542207906467e+01 5.341855764728029499e+01 6.475480690712943499e+01 5.707717970627849269e+01 3.700618408502737111e+01 2.542969108123665478e+01 4.548918544606650727e+01 4.527899435339394074e+01 6.532924621026138823e+01 7.726306965946210425e+01 6.914811639958331568e+01 6.076025615546276981e+01 5.675610615035050444e+01 3.894588953714340107e+01 3.415407712821439645e+01 5.587313113711314827e+01
1.635824339929259352e-01 6.830249100659621320e+00 1.390131691252515900e+01 2.544832229631787968e+01 4.544832235725753122e+01 6.244299944943976044e+01 5.416417662751872086e+01 5.118241650499352602e+01 3.238616148347881563e+01 5.118241650499365392e+01 6.299320154321686971e+01 5.270819991767478996e+01 3.429126164079062278e+01 1.404910501808947565e+01 3.400646100125681670e+01 2.149225930907023496e+01 2.059370096252239790e+01 4.278005417607985805e+01 4.971606600198102655e+01 3.502681436468720477e+01 1.452379478807753088e+01 2.914291091047434890e+01 4.923149882864760229e+01 5.966387960285717185e+01 4.846748728597999900e+01 4.018052718495932396e+01 2.321152163566513948e+01 3.735587762217451768e+01 5.741929324033088022e+01 7.356969661194877119e+01 6.645520175494921489e+01 6.076026612830676044e+01 4.066543652456672220e+01 4.655106937372354281e+01 3.014212115336115261e+01 4.933549422770598625e+01 6.302828878508203303e+01
1.578132703760624089e-01 2.015781327037570847e+01 3.390131693417267655e+01 4.218559394557161113e+01 5.373260339150863985e+01 5.416417662751725715e+01 3.508646378727853232e+01 4.067419650865549841e+01 2.775600050834284005e+01 4.663291450925638060e+01 5.408371338547998874e+01 3.442043199753252480e+01 2.414689995562638813e+01 9.918095896444306447e+00 2.535847553883869665e+01 8.234963177463157535e+00 2.725963795784588939e+01 4.497110420809607945e+01 3.018112274809439910e+01 3.035542731220660784e+01 1.278870293837762162e+01 2.715939005225470027e+01 4.732797830116329152e+01 4.551004449254687501e+01 3.135510202904360000e+01 2.022943914169066204e+01 4.018052718435471604e+01 3.731670214856895740e+01 5.668635354045415653e+01 6.637513981169196597e+01 4.538107147692588939e+01 4.895761949359087595e+01 4.313374095628129368e+01 2.647880975536687487e+01 4.066543646595058448e+01 5.021604946892671251e+01 7.035111743039735188e+01
1.543728846943814847e-01 1.170137831653266147e+01 2.584352350756769567e+01 4.584482144747181565e+01 5.008636742299341194e+01 4.363835503302156127e+01 3.556391763505996551e+01 2.152795084138643134e+01 4.067419650865557657e+01 5.477302333971650228e+01 4.588920181529971387e+01 2.593112005217903970e+01 1.435564505912845412e+01 6.454594875633794970e+00 5.290383202177676658e+00 5.608907043549519855e+00 2.551535199473496007e+01 2.582999148331870387e+01 3.015874854202269617e+01 1.072280807512653311e+01 2.895613824133902980e+01 3.782144673791618317e+01 4.264129936736423332e+01 3.437001361496745488e+01 1.734023239698798946e+01 3.722403158840395321e+01 4.846755047082442047e+01 5.712676447374394684e+01 6.523740333419316073e+01 5.979316032566028127e+01 4.818055669688256160e+01 2.874081219662306097e+01 2.306450126682113222e+01 3.724969815383306582e+01 5.490654875671168611e+01 6.914737810082402802e+01 6.653173866355807320e+01
1.561752203313827581e-01 1.429831084809329589e+01 3.429831624323411887e+01 4.284173762038182787e+01 3.070187754784619827e+01 3.070199658170742651e+01 1.604380822288394270e+01 3.556391763494530522e+01 4.876473129303644782e+01 4.726619053972051177e+01 3.886232936687556361e+01 3.207320060898531011e+01 2.430589440755210973e+01 4.839453610135730166e+00 2.474866658155476529e+01 2.538470796518891959e+01 6.058693078232306739e+00 2.576751004570266801e+01 2.663909376870144641e+01 9.558643889116650527e+00 1.759988551811628454e+01 2.968423241938634050e+01 3.436967299032077960e+01 1.451925743216915166e+01 3.436908829655365594e+01 4.546135761641016160e+01 6.056420536166468338e+01 6.191967932758381465e+01 6.732444972034811315e+01 5.142670937225619809e+01 3.134820290496115192e+01 1.977123193473944340e+01 3.983437827534558551e+01 5.148429313557567610e+01 6.571888811731834323e+01 6.653173866355807320e+01 4.707115516712898540e+01
1.531247021631862160e-01 1.697897982635661407e+01 3.514002708930749463e+01 2.382575538272181603e+01 2.609382542766921631e+01 1.066892876396669543e+01 3.070188042491922431e+01 3.359748534665595088e+01 4.096643823748393487e+01 3.882078459285941108e+01 1.842352757181346945e+01 2.133434737431937833e+01 4.390366061198824887e+00 2.438805774259898840e+01 3.246564902521977558e+01 2.840493503730719027e+01 9.139323764053068899e+00 6.508103469165551047e+00 7.936327136125663984e+00 1.185705420698416290e+01 1.737701064171599441e+01 1.449258752849117116e+01 2.958623218088182227e+01 1.255410091501088665e+01 2.688842119232988281e+01 4.793973049828952071e+01 4.307452349752705345e+01 4.620474564454746513e+01 5.620908554007733926e+01 3.916013932638456652e+01 3.469683668181559000e+01 1.758730491004466856e+01 2.656280395761181978e+01 3.814344572969852010e+01 5.822950021120161779e+01 6.437886400351561633e+01 4.495234230533599629e+01
1.422398637851068903e-01 2.646844933444957526e+00 2.304399903890527312e+01 1.745993001976563619e+01 5.277515734418877891e+00 2.223578376583595428e+01 2.302634928591471564e+01 1.358187187906345272e+01 2.220746070444177533e+01 2.295400503764313527e+01 2.113408266757202725e+01 3.942043730919879696e+00 5.775745142267423304e+00 1.829563500090956651e+01 3.853468277151567634e+01 3.333303306027040236e+01 1.724844335017877839e+01 2.662265226161339626e+01 6.964635805887556153e+00 7.288515096001207283e+00 7.611782797048766369e+00 8.014724614139158376e+00 9.824364949897665511e+00 2.964115501998611180e+01 3.990456742088142050e+01 3.754951431126010419e+01 2.990463824095390422e+01 4.625397284005804721e+01 3.888723009319695478e+01 2.662341622148946030e+01 1.461920146865064396e+01 3.469683501342284160e+01 4.599950444444549191e+01 5.498855348304805091e+01 6.660995900696431704e+01 6.334800734857332571e+01 5.501484179474801550e+01
1.377665891220937744e-01 8.339076320492424532e-01 1.088205330252855951e+01 1.735556605655585116e+01 1.621978185932652750e+00 1.941422738850061780e+00 2.253592048983606766e+00 2.564616228990163282e+00 2.875299158587052428e+00 3.185511040337262401e+00 3.495887423356039747e+00 2.339888845628147251e+01 3.156554945524870348e+01 3.828391862990539352e+01 4.683847659908767724e+01 3.373237727403360253e+01 3.357496939770253164e+01 1.508231760461722359e+01 3.266096251309087961e+01 3.722206338076650667e+01 3.163074083894112931e+01 7.962078590053940808e+00 8.349362685637862214e+00 2.794797574079975178e+01 3.486192324708671464e+01 1.741382518619954212e+01 3.018157197623476762e+01 3.047572335036413449e+01 2.242003396896878442e+01 1.214698911420544469e+01 3.181610865287181511e+01 4.285949162566909365e+01 5.362473392915766368e+01 6.185838866886176390e+01 5.854303435813628909e+01 5.031267451037675897e+01 3.468512115902396431e+01
