MOVIE_S4_data/elevation_000804.asc
nrows	100
cellsize	150.0
xllcorner	0
ncols	100
yllcorner	0
NODATA_value	-9999
[rows 0 to 16 of 100, columns 0 to 36 of 100]
2.082717056534231503e-01 1.175527708944604122e+01 2.589741271317724269e+01 4.589741271317794968e+01 5.425448658161071336e+01 5.081724519740310342e+01 5.906664718061131936e+01 6.902567854721519325e+01 7.705022360919107882e+01 6.937172609531789647e+01 7.175597299047291244e+01 7.944684155634396916e+01 8.013184936310619833e+01 7.165185267459158069e+01 7.165185267459158069e+01 7.316270767922334528e+01 7.917263250403178176e+01 7.151463965580605020e+01 6.299722628515976197e+01 7.151463965580605020e+01 7.056468399720523621e+01 6.253585438517287542e+01 6.253585437020245053e+01 6.053000210909484480e+01 6.855427677799585240e+01 6.913285177087728073e+01 7.719327701855557677e+01 8.895475917729525861e+01 8.082159166793545069e+01 8.082159166793545069e+01 8.293077127436885121e+01 8.293077127436885121e+01 8.869334326850832895e+01 8.978555216391004024e+01 8.144234226315583669e+01 8.144234226315583669e+01 7.833369405008193098e+01
2.038130619680232347e-01 1.434594868569909920e+01 3.434594868569980264e+01 4.841182611666473434e+01 3.431981281747015800e+01 3.087664038151594426e+01 4.085728409371466086e+01 6.077720630109160993e+01 6.645582859261878639e+01 5.109936168510370891e+01 5.346481562889336203e+01 7.175597299047291244e+01 7.165185267459158069e+01 5.193533287756765304e+01 5.193533287756765304e+01 5.318592956734641319e+01 5.903699241005617182e+01 6.127734726398082188e+01 4.255920417080977103e+01 6.127734726398082188e+01 6.253585438517287542e+01 4.318914918817707616e+01 4.318914918816620485e+01 4.123130834101772280e+01 5.557877079671350629e+01 4.996448673646816729e+01 6.913285177087728073e+01 8.082159166793545069e+01 6.048270429383158842e+01 6.048270429383158842e+01 6.266076462572087991e+01 6.266076462572087991e+01 6.859771211841355409e+01 8.144234226315583669e+01 6.121871077476046707e+01 6.121871077476046707e+01 5.810123832827299850e+01
1.945267862640465417e-01 2.019452678626369035e+01 2.825865967005154289e+01 3.261264769963055699e+01 2.019397965766025038e+01 3.173135357361227449e+01 5.167029921655658598e+01 6.902567854721519325e+01 5.882217158434976767e+01 4.018407616427376894e+01 5.882217158434976767e+01 7.080777539926903330e+01 6.875939046316204895e+01 5.771016782471718898e+01 3.903777513938106836e+01 3.983103705425714480e+01 5.880049153006863349e+01 5.277821522798475229e+01 3.265202341613284887e+01 5.277821522798475229e+01 5.823261387145654311e+01 4.885566794676014979e+01 2.952188735259155195e+01 3.019377816333735964e+01 3.643308546328012199e+01 4.996607377760270197e+01 6.918207376721328217e+01 8.087561791785064713e+01 6.048449645578377698e+01 4.597138414151633157e+01 4.814454837579570778e+01 4.814454837579570778e+01 6.859771211841355409e+01 8.144234226315580827e+01 6.121871077476046707e+01 4.687359528569489697e+01 4.638239415586776460e+01
1.884163169627051937e-01 4.188416292301057275e+00 8.270898724261749990e+00 1.263525068840096566e+01 2.417836938920381584e+01 4.413408613426150140e+01 5.991964990507192823e+01 6.878773236114369638e+01 5.320257437387398625e+01 3.403048438220296390e+01 4.445677135477006914e+01 6.313992176266393130e+01 6.044237905198353644e+01 4.156834196675858806e+01 3.287841675012769826e+01 3.246867212913367240e+01 5.076494923266884030e+01 4.606948462403409650e+01 2.643890836810400558e+01 4.606948462403409650e+01 4.461875628827973372e+01 3.100489820586777157e+01 2.311799031605104204e+01 4.202014425239155315e+01 5.557877079671344234e+01 6.193700836489765038e+01 5.978952996394277619e+01 6.955618336313781924e+01 7.257214930342195203e+01 5.678907252583361753e+01 3.641194404504300053e+01 5.080832368964949097e+01 7.122787747929645263e+01 7.223449211355757882e+01 6.054264819884340909e+01 5.216461418332424671e+01 3.729713255375320813e+01
1.898839224935668091e-01 2.018988392249321251e+01 2.825865967005154289e+01 3.230841017145013438e+01 4.087028942793597253e+01 5.238601082013056498e+01 6.003543223542611429e+01 5.233591567776867493e+01 4.240029988037757391e+01 2.802203163872943392e+01 4.240029988037757391e+01 6.112689749674637341e+01 5.828285844980327823e+01 3.954302110618664301e+01 2.691382941325617395e+01 2.606475439293115315e+01 4.429623842747990636e+01 4.040262538117976021e+01 2.157471804626768730e+01 3.352764561849089375e+01 3.662989657928876142e+01 1.826574881591285759e+01 3.662989460083309723e+01 5.003639006121247945e+01 5.141116120793155631e+01 3.771116013967072433e+01 3.453180702121022705e+01 5.947027862923061292e+01 5.293413075092573905e+01 5.244434241387081386e+01 3.211755898604275927e+01 4.646762368852967739e+01 6.687341781907869631e+01 6.387032330176575812e+01 4.359544037000271999e+01 3.188706910246765602e+01 5.216461418332435329e+01
1.812560074098455432e-01 1.987843916037292757e+01 2.348821650939500216e+01 3.300275702075882123e+01 4.608094872847730983e+01 5.124750741253111386e+01 4.893069704626600469e+01 3.267799747690592937e+01 3.750627407184909146e+01 2.294782333106676830e+01 4.228798974049706061e+01 5.153247061800920648e+01 5.300098243987214630e+01 5.158127060537738373e+01 3.853093693193903846e+01 2.000141364878728822e+01 3.853093696006295943e+01 4.879610136193361569e+01 3.352764560690671658e+01 1.593808313341121874e+01 2.892857850789907204e+01 1.513911131720261949e+01 3.290513356872341433e+01 4.812563832632852012e+01 3.864284171425278913e+01 1.779386638453155811e+01 4.138021799008396329e+01 4.923894547800045274e+01 3.902598881656546581e+01 4.303666552674472001e+01 2.817229450770020804e+01 4.845769248075645663e+01 6.008715278864558940e+01 5.253302965882559761e+01 4.415127411680395397e+01 2.848669763163894686e+01 4.280018377115696637e+01
1.855941142937577448e-01 1.649685113601990949e+01 4.625030587197063170e+00 2.342977428681905394e+01 2.599899988065131851e+01 3.235843404982082916e+01 3.952350795954532714e+01 1.974395695602826351e+01 1.570902665574270607e+01 3.750544314292091741e+01 4.229040567310819654e+01 2.738832197887925801e+01 2.719006169191618483e+01 3.007398101931141099e+01 3.024561743540172998e+01 1.628353180352248586e+01 3.506071196056913664e+01 3.963023464269148377e+01 2.960294458499735271e+01 1.497602582088500434e+01 1.040699490854933806e+01 2.733874824314696639e+01 3.000460775916419465e+01 2.771238623496168074e+01 2.413067559127885175e+01 1.184630464113699588e+01 3.278909739433660775e+01 2.884160295773383709e+01 3.813648717160134538e+01 2.277715069189938291e+01 4.303666552633733744e+01 4.909686523541351733e+01 3.984098923336054554e+01 3.984098923543669457e+01 2.393424648840026947e+01 4.415127411669472224e+01 5.711765138052415836e+01
1.797113411273130179e-01 4.900220401031823991e-01 8.003700966925842986e-01 4.476867596826551221e+00 1.290422958368447581e+01 3.213759595415650239e+01 2.801738489732047910e+01 8.781681161762030285e+00 2.853716279553859891e+01 2.681367562014250083e+01 2.557048592123339859e+01 6.852888700999531402e+00 1.031461027080418980e+01 1.629298620763420757e+01 1.142980198925107871e+01 2.729132460562152218e+01 3.752261690271201644e+01 3.137623722374657831e+01 1.525033048483464349e+01 1.718224105800628010e+01 7.538764401447853203e+00 7.870715512445642048e+00 8.202937348224615732e+00 8.535722095838208290e+00 8.868742353399962752e+00 9.201951780467759079e+00 2.958963262205827149e+01 1.435403837824470941e+01 1.780250838739040375e+01 3.813620180635697210e+01 4.206755286021836326e+01 2.852251518473989833e+01 3.582136747931520659e+01 1.958233397677696530e+01 3.442496696471346951e+01 5.253220947977525412e+01 5.347159024666584770e+01
1.682297228869525374e-01 1.967352156788633621e+01 2.038791672650987152e+01 1.239957096960025762e+00 2.084853921811011190e+01 2.700908298162689647e+01 1.189418262905053503e+01 2.280155364137565144e+01 3.308119418434641190e+00 3.622032397973277806e+00 3.935922922206875008e+00 4.249795617377795764e+00 1.170435636479120056e+01 1.986102169372041359e+01 8.411258399155844501e+00 1.082640288275737639e+01 2.579722172448862594e+01 2.640069014290922311e+01 2.669675905133364680e+01 7.072830920024356871e+00 2.715260615062216587e+01 2.038225548323241298e+01 1.536161942584576856e+01 2.715205294587349982e+01 2.828007468612853970e+01 2.893140229322806789e+01 9.675004222640961160e+00 3.019244015605737985e+01 3.104470338049033629e+01 3.136232113852553027e+01 2.988616348601821571e+01 1.353685532652654722e+01 1.542580625078258016e+01 3.581410060009298491e+01 4.795348506465183647e+01 6.380210550155391758e+01 4.443039939242483882e+01
1.736477300190079065e-01 2.004142222160052000e+01 2.853750921015328856e+01 2.015660962803392664e+01 1.679756745410592389e+00 1.851623077397458417e+01 2.556305777891286102e+00 2.866658805008193589e+00 1.050827713714455847e+01 1.926140364439200070e+01 1.303097969194980266e+01 2.306027121756741494e+01 4.694415670875604185e+00 5.010040847003940812e+00 5.325821627884857357e+00 5.642988592980437090e+00 5.960442938940828661e+00 6.278023259984435889e+00 6.607112396370058427e+00 1.292977824677118370e+01 2.976186236539668073e+01 3.603241482683310437e+01 3.319448948218813911e+01 2.577786614452825020e+01 4.181767450617991955e+01 3.096287180776520742e+01 1.315763861184650096e+01 1.015391289731345381e+01 1.049463441060675883e+01 1.083814512345094805e+01 1.118562299703497587e+01 1.153704620588805696e+01 3.205847661138204785e+01 3.945256983101594983e+01 4.931017119349731814e+01 5.094015989525765065e+01 3.893238603332250847e+01
1.635824339929259352e-01 1.171371155762936667e+01 3.119934730164717962e+01 2.371725567951575897e+01 1.768921867672275994e+00 2.118307423143510171e+00 1.102601038035702707e+01 1.752583565983387004e+01 9.484041138362082179e+00 2.631044508983865526e+01 2.755356941605031196e+01 1.048241479227574935e+01 2.860586314640745798e+01 2.344894166736999352e+01 2.566969101982695634e+01 1.782753138396429904e+01 2.418705151487848681e+01 2.585725750498009390e+01 7.311258968442778894e+00 2.691030084314236248e+01 2.423833952381918522e+01 4.334157256150702864e+01 4.256587259224190234e+01 3.750818422692417187e+01 4.287310095506154539e+01 2.295663593520231061e+01 3.061102768811740660e+01 1.949579408462611596e+01 3.060154196560510798e+01 1.597790850702470067e+01 2.722264644389427701e+01 3.185806281844968524e+01 1.204586448411727595e+01 3.229411893315437965e+01 3.212929565793530173e+01 4.009914653249602168e+01 2.069304604566439920e+01
1.578132703760624089e-01 2.015285354347824764e+01 3.929915546589366215e+01 3.222525928663930728e+01 1.205000976745696484e+01 2.264124796790371263e+01 9.782662664817124210e+00 2.091548926944803100e+01 1.677644622227893478e+01 3.361371456402020641e+01 3.403307670975262766e+01 1.496941635039025797e+01 3.458297001714268504e+01 4.631378096614137263e+01 4.374569779533578640e+01 3.619391350296630350e+01 2.281694891596475827e+01 8.724206005932501284e+00 2.696858572817506428e+01 3.400393091603587692e+01 4.309903661954425047e+01 5.138422423324604438e+01 6.009953331400296861e+01 5.486463461318260926e+01 3.933210913258873376e+01 3.711186325718396262e+01 4.364962616542540275e+01 3.707791991705296653e+01 2.525176396864916128e+01 4.121039302300083307e+01 4.276696934302987785e+01 3.876094391187329080e+01 3.177844720139740531e+01 1.256027709942106796e+01 3.216048502655440444e+01 3.324370062115521307e+01 1.398200907177461438e+01
1.543728846943814847e-01 1.429650884513434228e+01 3.429663328369886699e+01 4.194284976551114852e+01 2.651961161027210423e+01 3.060376359333497120e+01 3.421363931453070251e+01 2.389047916608843281e+01 2.987469291023774431e+01 3.486068559747666029e+01 3.475241927482748139e+01 3.442756163019195270e+01 2.185483659101033282e+01 4.065728880345662333e+01 5.499898400614700478e+01 4.970178450292484484e+01 3.666619606793187813e+01 2.822273715415658302e+01 1.047422712025581149e+01 3.011275742297800662e+01 4.008801852043167457e+01 4.638649137412217982e+01 5.444656235630624508e+01 6.687563374807648131e+01 5.898943505302793255e+01 5.651447376278163404e+01 5.896578970991097890e+01 3.959283097309472055e+01 3.958612166949129119e+01 5.322855088618933905e+01 5.203981475803228562e+01 3.830192925382151259e+01 1.796926533326665876e+01 1.586086222072978913e+01 1.307912955751409001e+01 1.344713341487693370e+01 2.948618140491605999e+01
1.561752203313827581e-01 2.015617522033102915e+01 3.738166797462402258e+01 4.892867366551622865e+01 4.874761819732863444e+01 5.440247688772166157e+01 5.175960501928808100e+01 4.333329075696001098e+01 4.708511557067322428e+01 5.213046163447713610e+01 5.288128572798038363e+01 4.797301554627860298e+01 3.297753924486399768e+01 2.912963967805287524e+01 4.729191048773181194e+01 5.576011071089187965e+01 3.614212179227759947e+01 2.209834662706046515e+01 3.012201957233557792e+01 1.231780250084562844e+01 3.218614971276638670e+01 2.674759536289001716e+01 4.067943028904060299e+01 6.016448390630691989e+01 6.108407262672395177e+01 6.908521178929309770e+01 6.708805286496274789e+01 5.901500682050510704e+01 5.890871779143063236e+01 5.869224205927739035e+01 3.812421759557339129e+01 2.378478654675578952e+01 3.838443729533748439e+01 3.806607919402709683e+01 3.379404428506552449e+01 1.462577790725247340e+01 2.066372922541009061e+01
1.531247021631862160e-01 9.097396612162421903e+00 2.064440199595514258e+01 4.064440199682584165e+01 4.185459344057171904e+01 5.013963347845241714e+01 4.683630016403077434e+01 5.512196485995330164e+01 5.509390898564486605e+01 5.542241635457683913e+01 6.365819416952115972e+01 5.888207850056820547e+01 5.114802180370600126e+01 3.959898943841152885e+01 3.770727499989347820e+01 5.584474402333709975e+01 4.189907052237147411e+01 4.192604086238301164e+01 4.014107041442670010e+01 3.218614973860938022e+01 1.417423942622762212e+01 3.396508222811942801e+01 4.389477415987479247e+01 5.602881639953677961e+01 4.183864260295874971e+01 5.641058697209711426e+01 6.439637538641392212e+01 7.400123451969714949e+01 6.559209456459561238e+01 4.489253217605447333e+01 3.053476875984692640e+01 3.812421759557345524e+01 5.275311873402807805e+01 5.096589469248878856e+01 3.022196145944655044e+01 1.586646829600899977e+01 3.608420455465354593e+01
1.422398637851068903e-01 1.428437548751618280e+01 3.428437548751688979e+01 2.793403406621330021e+01 2.185445871418481190e+01 3.276936197439140130e+01 2.683605191204327056e+01 3.806268877159824626e+01 3.506305773669036085e+01 3.544794986733899833e+01 5.214789735776012947e+01 6.633467359289936383e+01 6.562342954696599406e+01 5.780063681047373336e+01 4.441138097656337180e+01 6.280290332985700985e+01 6.138571411233439079e+01 5.622046464087834750e+01 3.666718436342870291e+01 2.267864530005323331e+01 3.360065533081901634e+01 1.608263059830586883e+01 3.581130560087269998e+01 3.666980863972380433e+01 3.051285174407955836e+01 3.709698132130471038e+01 4.683459041775263643e+01 6.598658352644160630e+01 7.096500780110993389e+01 5.015579844883894367e+01 3.574175012397882512e+01 5.625067475698855901e+01 6.738202080626859924e+01 5.261726013942202229e+01 3.183824552923089612e+01 1.742081051885507037e+01 3.792427800199036625e+01
1.377665891220937744e-01 2.013776658912173900e+01 2.462348700069302154e+01 7.933889802278802250e+00 1.030745311866652969e+01 1.276928293825320537e+01 1.528904609164807482e+01 1.806254707277426874e+01 2.091968992991717613e+01 2.390111389991694679e+01 3.804329986230702332e+01 5.683924238068689050e+01 6.838840759953983195e+01 7.075669917109524931e+01 5.485211111091932423e+01 7.075669917109524931e+01 6.423277948953300154e+01 4.472696858719458390e+01 3.328251268453118428e+01 4.239420756226395071e+01 4.367827322948522806e+01 3.581098131844163390e+01 1.798087038622572820e+01 2.276309844107173319e+01 4.233993073554235309e+01 5.641058697209711426e+01 6.439637538641392212e+01 7.400123451969714949e+01 7.715841517374222747e+01 5.625066456825372541e+01 4.249404755740709305e+01 6.312898835677939502e+01 6.807925558026158797e+01 5.764180691070857421e+01 3.956809361013324633e+01 1.910989925098131081e+01 3.346859401962339575e+01
