MOVIE_S4_data/elevation_000903.asc
nrows	100
cellsize	150.0
xllcorner	0
ncols	100
yllcorner	0
NODATA_value	-9999
[rows 51 to 67 of 100, columns 0 to 36 of 100]
1.045510899316130261e-02 4.374812913787300417e+00 8.846948871085601240e+00 1.369766143014729387e+01 1.972789073050379116e+01 2.639458989087079033e+01 3.639691995399611812e+01 5.670929785496389997e+01 7.120315459854550966e+01 6.261527329734161640e+01 5.988394449715531209e+01 6.800551354674750826e+01 5.979983898573648560e+01 3.972378312620850238e+01 3.562464053926372998e+01 4.696779162092656179e+01 2.613492772532417874e+01 4.696779162092656179e+01 5.513014785181254496e+01 3.539026167844442483e+01 5.500195897879220297e+01 5.457087335777416115e+01 3.757294608575168837e+01 2.721018213701664479e+01 3.972432027402395249e+01 4.412991832154876448e+01 3.749342023789161260e+01 3.077971900055014132e+01 1.106482105519468107e+01 1.740308221432027125e+01 3.699912100668317549e+01 5.517392224508472509e+01 5.633235624050112733e+01 6.457778006440068452e+01 7.604652154935763519e+01 8.023254618802104687e+01 7.201334525867044078e+01
1.199560344128819747e-02 2.001199560344093342e+01 2.885927511233590437e+01 3.372197878057639997e+01 3.975921983756406064e+01 4.647272332348072865e+01 5.507956039506008494e+01 6.536975312740004540e+01 7.244633559999124373e+01 6.418178419049205274e+01 6.677182756394803675e+01 7.503574013315291324e+01 6.836173695557697272e+01 5.979983898573648560e+01 4.701217662124179242e+01 5.370938258685452382e+01 3.239060008383601996e+01 5.370938258685452382e+01 6.321652503058668060e+01 4.533340104157688444e+01 6.321652503058668060e+01 6.667056719126870235e+01 5.572755855802965641e+01 4.758023298042499505e+01 5.572752603226594204e+01 5.499112206888329268e+01 4.276610290927573033e+01 3.085149684537156389e+01 1.143109572521138517e+01 2.656265348445644037e+01 3.876950849104550656e+01 4.485332681646027453e+01 3.645009405659330781e+01 4.795395691932392168e+01 6.777746255627955918e+01 7.034087206666026759e+01 5.225466679436225803e+01
1.680456789927393946e-02 1.415922611705730283e+01 3.417392516524060397e+01 4.614735981856704683e+01 5.434943661340317078e+01 6.281992212447190838e+01 6.013635225253992189e+01 6.447702122624309595e+01 5.659432179761361681e+01 4.420223832024861821e+01 4.679572220652960368e+01 6.677182756394803675e+01 8.137334540934028837e+01 7.591583196350914875e+01 6.729145213155479155e+01 6.247537894721217100e+01 4.181003670031354602e+01 6.247537894721217100e+01 7.299713030983305373e+01 6.492689466780160501e+01 7.299713030983301110e+01 7.242216982898469269e+01 6.817791074434701670e+01 6.428400877170541605e+01 6.082252770012505039e+01 4.676774255617489473e+01 2.639363844087242583e+01 1.420441649529591643e+01 1.179544482680000073e+01 1.402174781868424702e+01 1.899596532669087523e+01 2.472394705810353344e+01 3.490757263047154879e+01 4.900043364607135743e+01 6.891686794452620290e+01 6.213400602651636717e+01 4.233862540917836270e+01
2.570751284471603157e-02 1.417147015026669266e+01 3.424092680536626432e+01 2.616110436818461338e+01 3.461361877150674360e+01 4.627247663300791203e+01 4.012660903256677614e+01 5.274305802701260149e+01 3.664323007201461735e+01 3.265646167985443782e+01 4.160033374795916217e+01 5.314366171713191278e+01 7.311181285743245439e+01 7.745757595060285894e+01 8.573938429955315144e+01 7.203259045096825730e+01 5.710872795425718351e+01 7.203259045096825730e+01 8.070172975898591972e+01 7.249622947073187618e+01 6.505992760478595471e+01 5.272579980779163122e+01 4.849959934426633623e+01 4.459537966746278670e+01 4.106117655787445386e+01 4.351218997251347531e+01 4.027567891427680991e+01 3.499208185018599693e+01 3.200724865510161976e+01 1.230479395390187136e+01 3.251671313978163624e+01 4.485075664003962004e+01 5.297024473293277680e+01 6.288967551611349194e+01 5.706489471567786609e+01 4.885516188473312127e+01 3.527579825916997436e+01
2.050012024463924304e-02 1.998663367862187101e+01 2.392345355932166129e+01 1.461410061182095532e+01 3.461620257401482803e+01 2.627066309227994978e+01 2.598500598740089274e+01 3.274998317973244610e+01 2.509720362105739966e+01 4.509103044251919101e+01 6.091573116984127978e+01 6.984862530166057581e+01 6.332280626403546364e+01 5.746799295883919712e+01 7.745757595060285894e+01 8.239369480931644318e+01 7.837049604709298478e+01 8.387292629760175089e+01 6.416790937115553106e+01 5.282162405943333283e+01 4.536434385714709094e+01 3.874529327403119083e+01 3.445306400092061949e+01 3.044339202842849801e+01 2.678594109323231010e+01 2.333163292022177160e+01 2.002251195298393682e+01 3.421712620142051264e+01 2.870985461958854401e+01 1.266070651756637844e+01 2.699517073671980327e+01 4.695854548963073682e+01 5.711650860820091680e+01 5.257580427749791596e+01 4.885516188473312127e+01 2.886106461934933165e+01 4.885516188473312127e+01
2.927968592160756431e-02 1.971851410636134005e+00 3.923651556533196416e+00 2.392230772699530661e+01 2.892537777673315347e+01 1.212865860316291844e+01 1.443805967991982264e+01 1.860834796010553660e+01 3.860581922573491198e+01 4.459318467789422158e+01 4.812829870626975293e+01 5.177925196890819848e+01 4.332878372494509733e+01 6.073001094287934620e+01 6.607350169842615628e+01 6.240562199061994875e+01 8.239369480931644318e+01 9.210837852635417278e+01 8.070172975898591972e+01 6.798586416519516717e+01 4.810729721006843818e+01 5.849473302223967863e+01 5.426324331104945742e+01 4.189623046593054312e+01 4.684914229888310899e+01 4.351218997251347531e+01 3.582612888226049108e+01 1.553813078041171281e+01 1.413137967107940618e+01 1.301471420500391041e+01 3.324344764734687629e+01 4.183667958304626922e+01 3.781083903068882535e+01 3.210160405007682982e+01 3.974212369160593994e+01 2.472220658056259168e+01 3.490793137370680199e+01
2.800573862316051849e-02 2.002800573862280586e+01 2.392350890586691392e+01 6.840951386491075148e+00 8.926095527061805868e+00 1.599716307934107640e+01 3.443681513066151467e+01 1.856374466414979452e+01 2.154516863210238142e+01 2.459514003118890457e+01 2.813067389172821109e+01 3.178215738473669205e+01 3.614651342847145088e+01 4.073481886927896767e+01 4.607999004025441536e+01 5.607885230705308288e+01 6.762132170043089729e+01 8.760673461710912591e+01 8.207073317751728325e+01 6.215172039604278353e+01 6.215172039604279064e+01 7.583450238517811215e+01 6.501735596196790823e+01 6.079344061880743055e+01 5.068917634318713539e+01 3.910383453060622827e+01 1.878637478067265931e+01 3.582612888226046266e+01 3.400349051627407704e+01 2.639179141938772943e+01 1.352548014958601108e+01 3.365460550621477864e+01 3.459030575971873134e+01 1.732687871780647626e+01 1.948091657927151132e+01 3.973014177081652321e+01 5.305937063002908616e+01
3.653205470537677219e-02 1.417866767843645270e+01 3.417866767843715792e+01 2.684128632925869340e+01 2.306813332432954056e+01 2.892544278677690173e+01 2.668757065372714976e+01 3.856234950344872203e+01 4.154351147538854150e+01 3.614196539209286385e+01 3.614196539208474945e+01 5.177925196890819848e+01 5.614279927969219131e+01 5.228083312714768738e+01 6.607350169842615628e+01 6.021908704830076431e+01 8.020730894651448750e+01 9.588950821401593316e+01 9.034408870808260872e+01 8.207073317751728325e+01 8.207073317751731167e+01 7.922186656553101614e+01 6.576320302583889088e+01 4.592241929332803352e+01 4.246043365670568193e+01 2.220264057995999352e+01 3.910383453060622827e+01 4.734901958290619461e+01 4.326349729992494986e+01 2.296661084358425953e+01 1.595796123317545856e+01 1.403890533026692289e+01 1.440367665981057854e+01 1.477162265908500949e+01 3.501638356515491779e+01 3.984647050713662253e+01 4.811833639160977327e+01
4.500159517621803856e-02 2.004500159517586155e+01 3.303689558074965760e+01 4.132112733085050138e+01 4.306678570501877346e+01 4.892208038843067897e+01 4.082905770639281684e+01 4.082905770775764864e+01 6.082379002651607180e+01 5.028230359264643567e+01 5.028230358793696553e+01 5.246926962146054763e+01 7.246068689363445969e+01 7.227180248026074594e+01 8.055267782323512904e+01 8.020730894651448750e+01 8.848898953362441944e+01 9.924013533460592384e+01 8.992573359921152587e+01 7.843278191433745405e+01 7.013331099037191052e+01 5.792171216415067647e+01 5.756513887767846427e+01 4.592241929332804062e+01 2.575839042437350912e+01 4.246043365670633563e+01 5.068917634368629166e+01 5.587631766476299333e+01 3.593381942674096052e+01 3.696526303106150380e+01 3.229529891020062138e+01 3.434693655945500268e+01 2.010523837989112650e+01 3.502647722706272759e+01 1.529953222019240222e+01 2.179684676035331492e+01 3.985992818188712050e+01
4.567435126880908108e-02 6.370229671605540211e+00 1.303689633827214855e+01 2.303689633827035976e+01 3.717903194575929149e+01 5.717902211610536511e+01 6.082378887936174294e+01 6.082379002651607180e+01 6.909418994631143107e+01 7.027409905423691328e+01 7.027409599133265772e+01 7.246068689363445969e+01 7.510778437458661472e+01 7.628901427015487968e+01 6.797489610931991422e+01 7.628901427015487968e+01 7.090992233120900323e+01 8.507502883290747775e+01 8.155252475386784283e+01 6.177386633300313434e+01 5.064933157570537503e+01 4.375889794544966094e+01 3.802631046885161226e+01 3.280571192041024631e+01 2.878960915712701407e+01 4.885881041453314566e+01 6.292761825770660522e+01 6.406890472897137556e+01 5.008350916313631984e+01 5.703661868432146775e+01 5.305552810436285682e+01 4.778772800825142753e+01 2.625036594617171204e+01 3.461061275926771685e+01 3.555155854521666470e+01 1.583055439405274889e+01 3.609186550734817445e+01
5.351880592384315738e-02 2.005351880592348834e+01 3.303689558074965760e+01 4.132112733085050138e+01 5.132103564569727183e+01 5.902370578581123794e+01 5.110134814375752654e+01 5.093018981776894094e+01 5.313551857289121472e+01 5.907123398803600622e+01 5.741796925791613404e+01 5.564696148475915294e+01 5.538686164572320081e+01 6.607688490313125840e+01 4.752317752851531196e+01 6.248942237616141426e+01 5.657001324119837449e+01 7.599100384238467143e+01 8.428028485899807265e+01 7.843278191433776669e+01 7.013331099037191052e+01 6.324468400606701834e+01 5.756513887767846427e+01 5.249203238688622974e+01 3.317235468408449606e+01 3.481979877903766862e+01 4.893616615507527712e+01 6.871759309028144003e+01 6.986139451362031139e+01 6.549990967890178695e+01 4.491249615695114983e+01 3.662693629687551322e+01 4.778772800825142753e+01 4.136975314594688058e+01 2.229764038112768176e+01 1.620703750743019356e+01 3.645630234324832486e+01
5.706225480597197641e-02 1.421575818199074881e+01 3.442330948631805398e+01 4.459620618249699220e+01 5.257077439252986295e+01 5.102724353822852521e+01 3.345299187229961291e+01 3.342014192908669656e+01 3.601301474200075603e+01 3.663484612916870020e+01 3.646645500024245479e+01 3.464966182174275389e+01 4.761685165235128636e+01 5.182937555658089224e+01 3.682822138359003361e+01 4.182656077871588707e+01 4.799255652271554595e+01 5.583472898251118011e+01 6.752676978548906561e+01 8.755336258768178936e+01 8.659229057328887791e+01 6.684637655100787867e+01 5.937493741789104007e+01 3.954547680725546144e+01 5.310431138767086168e+01 3.944371767448430433e+01 5.349500611374545400e+01 7.324961004721322411e+01 7.957473460560767364e+01 5.966992630623327898e+01 6.549990967890178695e+01 5.772635691709666617e+01 5.158384352036356546e+01 3.985042981821513308e+01 1.964509247484640753e+01 3.645960514851585543e+01 1.674727303700798586e+01
5.506323356023958698e-02 2.005506323355988485e+01 2.945330345635739988e+01 2.480741590112631911e+01 4.459724667844826484e+01 4.032614068861152390e+01 3.145233795475674654e+01 2.135345781749355254e+01 3.596814143104031558e+01 1.928403129886615730e+01 2.151398313811440488e+01 2.398913988564334687e+01 2.662464242532868042e+01 3.065903631120003681e+01 5.182937595592107982e+01 6.248942237616141426e+01 6.837264803714356276e+01 6.468766965992301721e+01 8.428028485908458833e+01 9.583850053947082870e+01 8.079306184149433534e+01 6.106947035353893938e+01 4.707880666902473621e+01 4.949722276052737158e+01 6.476988284014888109e+01 4.497941862132290680e+01 5.565599220742672770e+01 7.541041127091470742e+01 8.762779247015218687e+01 7.957473460560767364e+01 6.664865917716674915e+01 5.520342879991682139e+01 4.336288321957712100e+01 2.318537470408773515e+01 3.985038863719823610e+01 4.503031940707298730e+01 3.102871261282417947e+01
6.166659562896406599e-02 1.734150615643143878e+00 1.067835297237425252e+01 2.587170908513124701e+01 2.764054729843494584e+01 2.942182446275482732e+01 1.218343641667271982e+01 1.416395733734713858e+01 1.623897431236093070e+01 2.995361437930913695e+01 2.779358971022377389e+01 4.513547955628390440e+01 4.782716097420077972e+01 3.207760720262237442e+01 5.318981191181121915e+01 5.876493551285654604e+01 7.899618929545285084e+01 8.476892152896405719e+01 9.305683621709742681e+01 9.328635606467190655e+01 7.353272345273940402e+01 5.959838287744085505e+01 5.698746257905947488e+01 6.091830003593413068e+01 7.072457370214705463e+01 5.097509837034111513e+01 7.072457370214705463e+01 8.361976208275297040e+01 7.872861328206769826e+01 7.313743587919692857e+01 5.844977789882104702e+01 3.861281359089537801e+01 2.692695322592017604e+01 4.336288321019259939e+01 5.158337717043917081e+01 5.770275091785591570e+01 4.418198349535757075e+01
6.211000661219646946e-02 2.006211000220760710e+01 4.159506866006464243e+00 5.887243717169177160e+00 7.641359755783228458e+00 9.423101368532709188e+00 1.441445361489476973e+01 3.422331114499685611e+01 3.655316059243094884e+01 3.670895378545736776e+01 4.871616895517400536e+01 3.782002359132838620e+01 5.843346092349217002e+01 5.318981191181121915e+01 3.790537787267798109e+01 5.876493551285653894e+01 7.356917097483297141e+01 8.292903935845866670e+01 9.108171469473701620e+01 9.934226550184669691e+01 8.753379904023930180e+01 7.931842849170669751e+01 6.836976817626410252e+01 7.484965432663031493e+01 7.769227694235507897e+01 5.798463610056877116e+01 7.769227694235507897e+01 7.872861328322599661e+01 5.897988437381226134e+01 6.260384360624163946e+01 4.514793927184204136e+01 3.101749498142492811e+01 4.699699576917113575e+01 4.119062334190156349e+01 6.101481883680137486e+01 5.796903830650128953e+01 3.717675219672044307e+01
7.336735264618567121e-02 2.002445673774529311e+01 2.420031297249673941e+01 2.002923828857675304e+01 2.187370959257937031e+01 2.096063823504095325e+01 3.432570035749424164e+01 2.193183313514248312e+01 2.855664746091045458e+01 4.850754459028895837e+01 6.528658189221540908e+01 4.580607536763655929e+01 6.610616774198645373e+01 6.711837740581387379e+01 5.015810123169531209e+01 4.473032094188935304e+01 6.525601847191926197e+01 6.287952413213055536e+01 7.110751879304925183e+01 8.524109496669024111e+01 1.051822181281267774e+02 9.632841488468143609e+01 8.809182580235038529e+01 9.461089831126878380e+01 8.589973142275916018e+01 6.936121367321842968e+01 8.589973142275916018e+01 7.656496442551288339e+01 5.682095806948125727e+01 4.283949709020085095e+01 3.533798481647970391e+01 5.094279120258896398e+01 4.936132122429795999e+01 6.101481883867641898e+01 6.921817729982295475e+01 6.471770917716155225e+01 5.110820036067502059e+01
7.164818186532601052e-02 1.421793434353971364e+01 3.432198535746356782e+01 4.002714860724162804e+01 4.259970948437529614e+01 4.078399941780860871e+01 4.891186717853286581e+01 3.187753354512301129e+01 4.850762877495662906e+01 4.006394333451666512e+01 6.004191758816235591e+01 6.029011522992368555e+01 6.247042031293719333e+01 7.881817454751379159e+01 7.052203993067072929e+01 5.673132407660169463e+01 5.266746501471682507e+01 6.443518367690418813e+01 8.451470621090236079e+01 9.934226550184669691e+01 9.267040162200200371e+01 8.428524645138702454e+01 8.690909442037538213e+01 9.529593967962145484e+01 9.730962089033482698e+01 8.907272100853113272e+01 8.378533084802339204e+01 7.556619098288500425e+01 6.002060407581188883e+01 4.023230123741032571e+01 5.513362277350154272e+01 5.251366211682031349e+01 6.982820129980501633e+01 7.868680547090606581e+01 7.049073951662208515e+01 5.073456963475715042e+01 3.666271028971701185e+01
