MOVIE_S4_data/elevation_000542.asc
nrows	100
cellsize	150.0
xllcorner	0
ncols	100
yllcorner	0
NODATA_value	-9999
[rows 0 to 16 of 100, columns 0 to 36 of 100]
2.082717056534231503e-01 1.435040732938449892e+01 3.435040732940044705e+01 5.290044486169617954e+01 5.616046194473707942e+01 4.787685939503885635e+01 5.009345948408487459e+01 5.833935819908437281e+01 6.572795644865819042e+01 7.401315203205356852e+01 7.912524047106880687e+01 7.562262285189406441e+01 6.733837889995072601e+01 6.363433624741799122e+01 6.966962683002877554e+01 7.674257882637023442e+01 8.502471876602952250e+01 9.656830138082494841e+01 9.414976570744889273e+01 8.579481064092713893e+01 8.748755135779767045e+01 7.914102894654425313e+01 8.174990819607032222e+01 9.009979992537357418e+01 9.098963181238848108e+01 8.260539499495273219e+01 8.260539499495273219e+01 8.415782074272306090e+01 8.154930365235371426e+01 8.993020684838730006e+01 8.958339354316085235e+01 8.120143619199610896e+01 8.958339354316085235e+01 9.149375493676772919e+01 8.310137720279648477e+01 9.149375493676772919e+01 1.034698302663301774e+02
2.038130619680232347e-01 2.020381306196766857e+01 3.391578156933970689e+01 3.371430566382939986e+01 4.438267241521474205e+01 2.789310242831727393e+01 3.042592584445100101e+01 5.009345928395435266e+01 4.571017937798824704e+01 6.245851183098595527e+01 5.911708445438038950e+01 5.911708445438038950e+01 4.731901499920122944e+01 4.361012335173743537e+01 4.965283246674337647e+01 5.673724954789025077e+01 6.829241417091333233e+01 8.828571841188593794e+01 8.579481064092713893e+01 6.570038813793117072e+01 7.158590822503109052e+01 5.905699857435840983e+01 6.166185364865849294e+01 8.174990819607032222e+01 8.260539499495273219e+01 6.286032947527433379e+01 6.286032947527433379e+01 6.436921213317704371e+01 6.183139087876830331e+01 7.845891326473172001e+01 7.964910118171540887e+01 6.148497156288976839e+01 7.964910118171540887e+01 8.153438747553434496e+01 6.332440986410073691e+01 8.153438747553434496e+01 9.338566118054836807e+01
1.945267862640465417e-01 2.019448397792375971e+01 1.402543411904949089e+01 2.600946320071320628e+01 2.802023002149109843e+01 1.638413541128493378e+01 3.618641116820220560e+01 4.261085329879607997e+01 3.414846799969271274e+01 5.417068746832899961e+01 5.739375866768584444e+01 3.909150009778274182e+01 3.575248930254893764e+01 5.578019376284787967e+01 6.966962683002877554e+01 7.674257882637023442e+01 8.502471876602952250e+01 9.033788582384879362e+01 8.198819606112088820e+01 7.158590822503109052e+01 5.154344741159345489e+01 4.752726965771024936e+01 6.754550860475018226e+01 8.078640580244692160e+01 8.540626006253138769e+01 6.864352527101537760e+01 4.929459561740933538e+01 5.077294569448924477e+01 5.077294569448924477e+01 7.016516140466660545e+01 7.134320387744293157e+01 5.193242178691566124e+01 7.134320387744293157e+01 7.321289353344862150e+01 5.374462998775383937e+01 7.321289353344862150e+01 8.508763777233126291e+01
1.884163169627051937e-01 2.104068887405011967e+00 4.028569784703772250e+00 6.008864870657129487e+00 8.018940501175590541e+00 1.006018195350577749e+01 3.006899617891911092e+01 2.259345497712099160e+01 3.809610846893205860e+01 4.077081157709012871e+01 4.401825851562590941e+01 2.908055733742273219e+01 3.664657767020658952e+01 4.560626471417931072e+01 5.717204038787271969e+01 7.717865356744559335e+01 9.033788582384879362e+01 7.872978852523104365e+01 6.190397055765563294e+01 7.872978852523104365e+01 6.087276228907020936e+01 4.092753565073329014e+01 5.240030648064816887e+01 7.244635215581568843e+01 7.707155912597515623e+01 5.747196107667551246e+01 5.896906044421238136e+01 3.973954428845401310e+01 5.326790707260603597e+01 7.273286223511347259e+01 6.487294318060054366e+01 4.558831755726565405e+01 6.487294318060054366e+01 5.883457339948225950e+01 4.739969528660657971e+01 6.672347235155034184e+01 7.834052438215985603e+01
1.898839224935668091e-01 2.018988392249144681e+01 2.402857199643435493e+01 2.600946320071432183e+01 2.802023002149109843e+01 3.006899500821508298e+01 1.316478415147247105e+01 1.552180704983990545e+01 1.808254621897977898e+01 2.075516629161755944e+01 2.399965113381704285e+01 3.294876342250291401e+01 5.297366816511252097e+01 6.496114513164229720e+01 7.391229917351292045e+01 8.546136936803345918e+01 8.198819606112088820e+01 6.190397055765563294e+01 5.036137803729865681e+01 6.143434478399978360e+01 5.590145617420219537e+01 3.662632838535549240e+01 5.065627680188539728e+01 7.067749898532935049e+01 7.231344272795716677e+01 5.283672469927014248e+01 4.177175946202446255e+01 3.549909701610783941e+01 5.477283599844388107e+01 6.550656574583342717e+01 5.930595128317377629e+01 4.004490089801029740e+01 5.202595852474127014e+01 3.957690240581444385e+01 5.883457339948225950e+01 7.498427881982135546e+01 7.251503484072269146e+01
1.812560074098455432e-01 2.018125600740949110e+01 3.254037632618499742e+01 4.009966578636940682e+01 4.261133065706862766e+01 2.259431266977951580e+01 3.317521792860059549e+01 2.967014648410753352e+01 2.963428350635488329e+01 4.077081157709012871e+01 2.805975670843207581e+01 4.807575456134576797e+01 4.930061737536491506e+01 6.345796044045081885e+01 8.346152884705421116e+01 8.902651302384307996e+01 8.067773720736620646e+01 7.872978852439491959e+01 6.143434478399978360e+01 4.148523119994351305e+01 3.601422613977161546e+01 3.261104020060776776e+01 4.660617955438534210e+01 6.659068412063528797e+01 8.062145275192276017e+01 6.444168731740070655e+01 4.508435109361386139e+01 3.140827944820331652e+01 4.606196115772444699e+01 4.606196115772444699e+01 5.545130039337249173e+01 4.733941546628854269e+01 3.270284647573529924e+01 5.202595852474127014e+01 6.702129545562873147e+01 6.930767114019282360e+01 6.098555973029021260e+01
1.855941142937577448e-01 6.215821005849004877e+00 1.254037632618570974e+01 2.009966578637012091e+01 4.009966578636940682e+01 3.015722096093775662e+01 5.017876178481890292e+01 4.968934645708514353e+01 4.379190494624071306e+01 5.624776277715916706e+01 3.623177059427383284e+01 3.876113935835657998e+01 5.032468201311809253e+01 6.447169288052761260e+01 8.440935587254831773e+01 8.067773720736620646e+01 6.060155083603936532e+01 6.648172968383612158e+01 6.015702711944447145e+01 5.462806832398698020e+01 4.863966651010051834e+01 2.882740415573485038e+01 4.863966651010078124e+01 6.548738697877476511e+01 7.322891950626868152e+01 6.505591239939603554e+01 5.888185778883948984e+01 4.606196115772444699e+01 2.658951522837001491e+01 4.170777106951990731e+01 4.293792912985948362e+01 2.790297807641306349e+01 4.733941546628854269e+01 6.016019719317461067e+01 6.365148967255476009e+01 5.533984047809453699e+01 4.102484514677028216e+01
1.797113411273130179e-01 2.017971134112695708e+01 3.254037632618499742e+01 4.009966578636940682e+01 3.642959740492406695e+01 5.017876178481890292e+01 4.431563507438355032e+01 6.433360180706388576e+01 6.381036562519371813e+01 6.452532374405596727e+01 4.779630770588961752e+01 5.292070687694408093e+01 6.703137747551603809e+01 6.998103115759654713e+01 7.856269541892970665e+01 8.067773720735627307e+01 6.060155083603936532e+01 4.648126405679942508e+01 4.022208268213686466e+01 3.475335490726453003e+01 2.982933731310366099e+01 2.588679325903957817e+01 3.727631634817676343e+01 5.717438289050627276e+01 6.505591239939603554e+01 4.568011901822143983e+01 5.135515750869805629e+01 5.416785442457288013e+01 4.170777106858103878e+01 2.203811707342467585e+01 2.332490429529578435e+01 4.293792912985947652e+01 5.545130039306892655e+01 5.849769605032452091e+01 5.019693491872151014e+01 3.542138336432235235e+01 5.533984047809453699e+01
1.682297228869525374e-01 1.171523510667936741e+01 2.585737073041006795e+01 4.585737073040935741e+01 5.642959740492335641e+01 6.471386865178583037e+01 6.433360180706388576e+01 7.261918091046500479e+01 7.347585640286736464e+01 7.606663759015818016e+01 6.779845846162768908e+01 7.289834082368017221e+01 6.698945110716428530e+01 5.021417369140900178e+01 6.698945110722898733e+01 7.963521525466050832e+01 7.481402973151058688e+01 6.648172968383612158e+01 6.015702711940826219e+01 5.462806832398823076e+01 4.285764961030673703e+01 2.304677795671715046e+01 4.285771265629549731e+01 5.957506008178348367e+01 6.503923661835703740e+01 4.567965392469042030e+01 3.196641860898480303e+01 4.166848223470699253e+01 3.573046162261940850e+01 1.884439106876099856e+01 3.870816450325969527e+01 5.104003359069466228e+01 5.364871142067894993e+01 4.535223751961498095e+01 3.022165357705585009e+01 5.019693491872151014e+01 6.365148892673554570e+01
1.736477300190079065e-01 2.017364773001865430e+01 3.032756022893656933e+01 3.610106292083327872e+01 4.276772958750006381e+01 5.105200083496225716e+01 6.105200083496261243e+01 6.746433321778864922e+01 5.316713146338974383e+01 6.332149393312857910e+01 7.165188665965116854e+01 6.959855618115284415e+01 5.856863064261013818e+01 3.967320053551126335e+01 5.142682935412630485e+01 6.959855999710315189e+01 7.888633505981793803e+01 7.038121789613298063e+01 6.451553455590635622e+01 4.455099862924958387e+01 3.054875451579942691e+01 2.062948942995376456e+01 3.141202560648318709e+01 4.549475677043982813e+01 5.446962804335571917e+01 4.597916489158812681e+01 4.161756519112793740e+01 2.196465276113883291e+01 1.568896199419434545e+01 3.572931499706993463e+01 4.674471648672878388e+01 4.900803476098447931e+01 4.070392583383600282e+01 2.507467120531703841e+01 4.535223751961389382e+01 5.077891747169611136e+01 5.903044729458185458e+01
1.635824339929259352e-01 5.163582433992946363e+00 1.032756022893621406e+01 1.610106292083257173e+01 2.276772958749935682e+01 3.276772958749970854e+01 5.276772958750041198e+01 5.707961297344171214e+01 3.809190879577666067e+01 4.250733928722336685e+01 6.332149393312857910e+01 6.118111635913322033e+01 4.210339060390634813e+01 3.301411717031170667e+01 4.210339060395030941e+01 6.118111638175605549e+01 6.703102124868875933e+01 4.984094674558019022e+01 6.118789811588785454e+01 5.870190651940551163e+01 4.874308531273749878e+01 3.723234120218615573e+01 1.734406434275022235e+01 3.723238008665922649e+01 4.595910728410710533e+01 2.552668226263802964e+01 3.146710508178628984e+01 3.116594925770840518e+01 1.365456194929725342e+01 2.805703057855250648e+01 4.800069024475237711e+01 4.069616925535557073e+01 1.981870125318640063e+01 4.069799220681682073e+01 4.808703264415216694e+01 3.392951719581723324e+01 4.899505023706037576e+01
1.578132703760624089e-01 2.015781327037570847e+01 3.032756022893656933e+01 3.610106292083327872e+01 4.276772958750006381e+01 5.105200083496225716e+01 6.105200083496261243e+01 4.860366403834355964e+01 2.691499906344460058e+01 4.860366403834355964e+01 6.240708284012724505e+01 5.414806225417797947e+01 4.560421850768743468e+01 2.742970386811294858e+01 4.008898468854530250e+01 5.936434736433239578e+01 5.852245361757591979e+01 3.772805955952842538e+01 4.043986346299556089e+01 5.506944427903605543e+01 4.907595950871287016e+01 2.920145923007214961e+01 1.517812113479590685e+01 3.502232038792858759e+01 4.501793434328189392e+01 2.755477140650611290e+01 1.049725364115837323e+01 1.087858676794097157e+01 2.933093309702019980e+01 3.755590821334459406e+01 4.843361645328666043e+01 3.747711604033902688e+01 1.621505213941155787e+01 3.365416835816357377e+01 3.455441345697010291e+01 2.545984458029581177e+01 3.852421606493239636e+01
1.543728846943814847e-01 1.429650850842545751e+01 3.429650850842616450e+01 4.983624951798530844e+01 5.830324481860940722e+01 6.360171242607415820e+01 5.536721659836994291e+01 4.234268575753277730e+01 2.036626624005021924e+01 4.234268575753277730e+01 5.143302418245225027e+01 3.552623836820289682e+01 4.153718238259913420e+01 2.343143000707818047e+01 3.631998745504603932e+01 5.581699192699517198e+01 4.616144128713143147e+01 3.756573062124142837e+01 2.552439973103453141e+01 4.651690428214438100e+01 4.692025609826587385e+01 2.705037725933463122e+01 1.324494862389219918e+01 3.287005234512149343e+01 3.471335853698059992e+01 1.688970133534072460e+01 1.041277212351076642e+01 3.063893186466868457e+01 1.134935113964973219e+01 2.512064446244118798e+01 3.230536363259733434e+01 3.275906584593980142e+01 1.296728237035147657e+01 1.330700913064807622e+01 1.851643021302112402e+01 2.842187830842287255e+01 1.522563782347101302e+01
1.561752203313827581e-01 2.015617522033102915e+01 3.558324793072535641e+01 2.967946136875703900e+01 4.983624951798530844e+01 5.536721659834452680e+01 3.419862133784526037e+01 3.666387212146682373e+01 1.467337728544199749e+01 3.666839863750093542e+01 4.339674722126776629e+01 2.518735270273004545e+01 3.288354931046163188e+01 1.971672428074276695e+01 3.782809726123630156e+01 5.052071445228836666e+01 3.749361993433198847e+01 1.729417331399607960e+01 3.021087859728994118e+01 3.289025866035881052e+01 3.633605773412075735e+01 3.072833448705814519e+01 1.160159138704111825e+01 3.077967824320680990e+01 2.461703586082683159e+01 2.163427611334865119e+01 1.008253635564896022e+01 3.321579819754177976e+01 1.739199307957162333e+01 1.182059541480600195e+01 1.215490497786115576e+01 1.249059140634646248e+01 1.813770874870454719e+01 3.296033110901306884e+01 1.378907522389141604e+01 1.413183374735417708e+01 1.447657181285508443e+01
1.531247021631862160e-01 2.015312470216283103e+01 1.580850343694475058e+01 2.966997254209946888e+01 4.995271677539049904e+01 5.482964929684297317e+01 4.039717111490680423e+01 1.851457506514763196e+01 9.734525707429499519e+00 2.532644642350608777e+01 2.993317238988645457e+01 2.920304716476836049e+01 1.463563167420614697e+01 3.288157087833324965e+01 4.518500383906070539e+01 4.469431460498289965e+01 2.664863004084127240e+01 2.844309892042006993e+01 1.112113788200739783e+01 1.464968157914590563e+01 1.796677523471284132e+01 2.634336554680972142e+01 1.012445901506503887e+01 2.879243585556855933e+01 1.728156765957613317e+01 1.842886761536628626e+01 9.751540958029151440e+00 3.524493513732924299e+01 3.719052868343596430e+01 2.730375090286958439e+01 2.673708534745645338e+01 3.234200446700514675e+01 1.819082925923481397e+01 2.023505812364292922e+01 3.749517780930909083e+01 3.534508136068425443e+01 2.897774172296296058e+01
1.422398637851068903e-01 6.125858013943693337e+00 2.601520638303045629e+01 4.053863983430878903e+01 3.639307129620831915e+01 3.674645080688487297e+01 2.460071769092373728e+01 2.558787377582818579e+01 2.400624610121547420e+01 4.611502469080327238e+00 7.034339335017842920e+00 1.012175942047181998e+01 2.664824690179109723e+01 3.806588835296480511e+01 4.050543835626228883e+01 4.299071424417368092e+01 2.875403598883908529e+01 8.878535551031260908e+00 6.742276491542231298e+00 7.058975148887008721e+00 7.377847371072698834e+00 8.151190056838956366e+00 1.144838335513737171e+01 2.515792313760333698e+01 8.935148236404787170e+00 9.279883184314162037e+00 2.080422761852425140e+01 1.680156371508448387e+01 3.863503514301298480e+01 5.013856702342984306e+01 4.783013516152739442e+01 3.612258070440878299e+01 2.883432700429905893e+01 3.947704592104098253e+01 2.722729403728386188e+01 4.624628278581524654e+01 3.339592153814154329e+01
1.377665891220937744e-01 1.929003413090707753e+01 3.194938098606190024e+01 2.974390803501650993e+01 9.000517671792234609e+00 1.101117930965344094e+01 2.348071813847750100e+00 2.649614424098921894e+00 2.946485433533775566e+00 3.242609968557037092e+00 1.652233570433408971e+01 2.317455156806728311e+01 2.555518484518889721e+01 2.695138625327107462e+01 1.991270410285639869e+01 2.301724441315434078e+01 2.064706926062214620e+01 6.296485931419897319e+00 2.614532266386804338e+01 2.787270806946094126e+01 2.207258080707776671e+01 7.807621214584709257e+00 8.110098655477694152e+00 8.438674655201765518e+00 2.848277040115342729e+01 1.818448524189690829e+01 2.185917528894395190e+01 3.534401056078059611e+01 2.491575131605068449e+01 4.596238126742746744e+01 6.073036866565254854e+01 5.709532929830129433e+01 4.837149734443382698e+01 4.865010754861517484e+01 3.281787595593015538e+01 5.124859921528562978e+01 4.146402273516308412e+01
