MOVIE_S4_data/elevation_000231.asc
nrows	100
cellsize	150.0
xllcorner	0
ncols	100
yllcorner	0
NODATA_value	-9999
[rows 0 to 16 of 100, columns 0 to 36 of 100]
2.082717056534231503e-01 8.373237514930613301e+00 1.837323751493078916e+01 3.251537313866224110e+01 5.251537313866294454e+01 5.796861817349922319e+01 5.796861817349922319e+01 6.624940768124197632e+01 7.370992850061243473e+01 6.555360834779405366e+01 7.370992850061243473e+01 7.901300077718616421e+01 7.078728249985734067e+01 7.901300077718616421e+01 8.174235254793769911e+01 7.353061034997870138e+01 8.174235254793769911e+01 7.986452473608359526e+01 7.160682126076127929e+01 7.986452473608359526e+01 7.884243369431641213e+01 8.710864561623553470e+01 9.052300238010093381e+01 8.230326231835672957e+01 8.484983340946524777e+01 9.308617706880082210e+01 1.060895275937501907e+02 9.765536370658294629e+01 1.060895275937501907e+02 1.063608194761112316e+02 9.792484431280786339e+01 1.063608194761112316e+02 1.081162627669918379e+02 1.085996740491491721e+02 1.170270375723207223e+02 1.294645823042913548e+02 1.210424757844792651e+02
2.038130619680232347e-01 2.020381306196766857e+01 3.665750876192637264e+01 4.665750876241532552e+01 5.212309019926643572e+01 3.799677271729090222e+01 3.799677271729090222e+01 5.796861817349922319e+01 6.380785474097840648e+01 4.570263448762595715e+01 6.380785474097840648e+01 6.904151305014381990e+01 5.080937441594601012e+01 6.904151305014380569e+01 7.177985053256860226e+01 5.356414161732917023e+01 7.177985053256860226e+01 6.989867245558865250e+01 5.167683749606551658e+01 6.476168140518670668e+01 5.892924283861307799e+01 7.884243369431641213e+01 7.657565941490166495e+01 6.294829740317950950e+01 6.544517535765406535e+01 8.484983340946524777e+01 9.591926218067564491e+01 7.732367303354207877e+01 9.591926218067564491e+01 9.618472454707256247e+01 7.757847655482601112e+01 8.775166043372252034e+01 8.775166043372252034e+01 8.820144976149761362e+01 1.085996740491491721e+02 1.210424757844792651e+02 1.007671459003258576e+02
1.945267862640465417e-01 2.019452678625886577e+01 3.004571135961818129e+01 3.894067552967037216e+01 4.384639081860456855e+01 2.386708555854611546e+01 4.384639081860456855e+01 5.733936050026937892e+01 5.562812141770997698e+01 3.571908183528085345e+01 5.562812141770997698e+01 6.079832845790173224e+01 4.081122269476546904e+01 6.079832845790173224e+01 6.354737598365390738e+01 4.356507844389059159e+01 6.354737598365390738e+01 6.164182937963908415e+01 4.168374748605987890e+01 4.481247738127442659e+01 6.476168140518670668e+01 7.097880381056893384e+01 5.720550614374116805e+01 5.178122976805821764e+01 6.544517535765406535e+01 8.484983340946524777e+01 8.561055856345984694e+01 6.726209997142622399e+01 8.748951837006195831e+01 8.775166043379050507e+01 6.752254940341323675e+01 6.752254940341323675e+01 7.386055974371252830e+01 8.820144976149761362e+01 1.085996740491491721e+02 1.191591939021140121e+02 1.067056525326000553e+02
1.884163169627051937e-01 2.018841631696234984e+01 1.019500019856556605e+01 2.850934014188216636e+01 3.023085915570370830e+01 1.754329653389492805e+01 2.908570877365737672e+01 4.906128277864406328e+01 4.899177489023363563e+01 2.906447420264465364e+01 4.899177489023363563e+01 5.413595987018964450e+01 3.415528265336549651e+01 5.413595987014929989e+01 4.836693349711384116e+01 3.690619734588580059e+01 5.688661013706615677e+01 5.409838362668469358e+01 3.414728294803803266e+01 5.386273262079383528e+01 6.348304439365293916e+01 5.619068346048197071e+01 4.337957956104070689e+01 6.287889268424130051e+01 7.926567621322745083e+01 7.972121899275096268e+01 6.540992570577211040e+01 6.018773748538100676e+01 8.033804601227426190e+01 8.010577514364099727e+01 5.997143203858183114e+01 8.010577514370652352e+01 9.417595133118672379e+01 9.417595133118672379e+01 1.145633124186632728e+02 1.107440735639999900e+02 9.058030760743109511e+01
1.898839224935668091e-01 1.176411169827546122e+00 2.164140771477655711e+00 2.159678684292337891e+01 1.024019090145373845e+01 3.023085915568093185e+01 4.580485527874760976e+01 4.392437736555000072e+01 3.570318188747524601e+01 2.330067361996865927e+01 4.323925868213256507e+01 4.836803518531890234e+01 2.839594138338442164e+01 4.081936524956562096e+01 2.839594132881745736e+01 4.834977897165634175e+01 5.545177125219256453e+01 4.936181209857687691e+01 2.932639530705512243e+01 4.562341561673888890e+01 5.006454303383618765e+01 3.656036330638284682e+01 5.619068346048197071e+01 7.097880381056890542e+01 7.404480975458010050e+01 7.132655408552913912e+01 5.124362964488481254e+01 7.132655408552913912e+01 7.881196853620112108e+01 7.042048808664344506e+01 5.589354575782792267e+01 7.599586956756566281e+01 8.833143474914527360e+01 9.004084630255837851e+01 1.104095566139035896e+02 1.111659197705132414e+02 9.099724647880695727e+01
1.812560074098455432e-01 2.018125600740949110e+01 2.216459766537149534e+01 3.573081811436926714e+00 2.357379790210602266e+01 3.308188542626093209e+01 2.984238803587158984e+01 2.906845206420252126e+01 1.574935388458832541e+01 3.563470574489961962e+01 4.316036826955753014e+01 3.476631223510715074e+01 3.590810974780473686e+01 2.085189622401457044e+01 3.852793321075551347e+01 3.989100834385110517e+01 3.541396968532367140e+01 4.266569307331214844e+01 2.475267074035700787e+01 2.628139783800065032e+01 3.042695943837404826e+01 5.000288706478001188e+01 5.207430053570941197e+01 5.392433007093114838e+01 5.392367981307032210e+01 6.630540623663709709e+01 4.623671076702925120e+01 6.392384609786099503e+01 6.632249217915540385e+01 5.034449020684493803e+01 5.493604958122252668e+01 5.978131715583941741e+01 6.978545174102565340e+01 9.004084630255836430e+01 1.091550871903759230e+02 1.195814562765733626e+02 1.079120014923748556e+02
1.855941142937577448e-01 2.018559411429340145e+01 3.184949749223517657e+01 2.357232745880810043e+01 5.022138378780906187e+00 2.490013974437976429e+01 8.003709287782303505e+00 9.083734656308172006e+00 2.888294898783893672e+01 3.174956256557721801e+01 3.289140227797660998e+01 1.467981460079134948e+01 1.593734912816694482e+01 1.720226441638343218e+01 1.855666701350133252e+01 1.992031469397993959e+01 2.129663581020949081e+01 2.269605940809485745e+01 4.216094443086821997e+01 4.640076810719951084e+01 2.861157760149619378e+01 3.027131587164438642e+01 3.208062168885765431e+01 3.391333893512929620e+01 5.392143116693297600e+01 5.861752358331489887e+01 4.151697017226513253e+01 4.385923464240168101e+01 4.625397915460865761e+01 6.632249217915540385e+01 7.503046258608269170e+01 7.991314902179209412e+01 6.872267988040984221e+01 8.036112035192931558e+01 1.007214985870458577e+02 1.097920291605203005e+02 9.972622165313504183e+01
1.797113411273130179e-01 1.432186966402839801e+01 3.432411136220191850e+01 3.329603550979519611e+01 2.470812801601656972e+01 6.480826389688637335e+00 2.254302848833292217e+01 2.874127990594393012e+01 1.066271490925400833e+01 1.178452784024213251e+01 1.291169318716802650e+01 3.267049713235279995e+01 3.589064595753154663e+01 3.717954017396259303e+01 3.852900834078142367e+01 3.403800612440186768e+01 4.126563652398345994e+01 2.685305512731842725e+01 4.704574003852968644e+01 5.829202332164271638e+01 4.910155857417339575e+01 3.460263901448016099e+01 5.207210150583959063e+01 5.392433007093114838e+01 3.658044672385510410e+01 3.857183812373595089e+01 5.861799452481274386e+01 6.392384609786096661e+01 5.382121830022200015e+01 5.442679686588039800e+01 6.860392537878695407e+01 8.883444007650525975e+01 8.896642873219872172e+01 8.148195513618597374e+01 1.018454056798041591e+02 1.013980280535422480e+02 8.132162617415789896e+01
1.682297228869525374e-01 2.016822972288659699e+01 3.845791682488298591e+01 4.340967735257636662e+01 2.291766136582292646e+01 2.651297868081934794e+01 1.213590969573677114e+01 3.186876556666568661e+01 2.480312555591258672e+01 3.176565199922421812e+01 2.444780700960205522e+01 1.679672560660952030e+01 3.676884765946618217e+01 4.466878881818187352e+01 5.293454079725120209e+01 5.402158872908602660e+01 4.704569593804732364e+01 4.704574004591109571e+01 3.708521085514622229e+01 5.848372923840697979e+01 5.908177771195133232e+01 3.905573578272561974e+01 5.908155904303943373e+01 4.600205322870264979e+01 5.661487755252944254e+01 5.861799586330650413e+01 5.272666581854138457e+01 7.284096943009799929e+01 6.198486591637671950e+01 7.452930777496401049e+01 6.443243394005368430e+01 7.604316038335944938e+01 9.635080744318148049e+01 9.587362492007535764e+01 1.102779678223476481e+02 1.097920291605203005e+02 9.972622165313504183e+01
1.736477300190079065e-01 1.017364773002843492e+01 2.431578339796621435e+01 4.431579637626482793e+01 4.349809999069797328e+01 3.597027962458117401e+01 1.630063798226010618e+01 3.597027995985054361e+01 4.497916066542565261e+01 4.442530319962718011e+01 4.213665277487164929e+01 2.233781446809782523e+01 2.138147482956538070e+01 2.470974080847458154e+01 4.466878881818187352e+01 5.800432323923898537e+01 6.799922501385826479e+01 6.689801712617679641e+01 5.244631268484291553e+01 5.848372923840697979e+01 6.394236888157920617e+01 4.390163808625904096e+01 6.394236888157920617e+01 6.607677240157659071e+01 5.670307317101198663e+01 7.684088451742098869e+01 7.284097664411507367e+01 8.123689644006739741e+01 7.201296217656513932e+01 9.057154091323505440e+01 7.604316038336256156e+01 9.304927928081629318e+01 1.047817491497754645e+02 1.162625597814602401e+02 1.083523939737918766e+02 9.929246880368513928e+01 9.088528922310021585e+01
1.635824339929259352e-01 2.016358243399256978e+01 3.600137954882956848e+01 4.494566444079320178e+01 5.649270081979552316e+01 4.035321231813468046e+01 2.075439651474562908e+01 4.035321231813468046e+01 5.571108039315942051e+01 6.441033895168871481e+01 4.808458597205066809e+01 2.834962129277732146e+01 4.134228081656398501e+01 4.466878881818187352e+01 2.977696923143795615e+01 4.973920067534989897e+01 6.389165318772537461e+01 7.421340992236555678e+01 7.305934216371726109e+01 7.892734112628517096e+01 7.152592913637452909e+01 5.146171464971241960e+01 5.459227261384530294e+01 7.467937874211560256e+01 7.684088593214653429e+01 7.090975179795336203e+01 9.115991039916958982e+01 1.007215646614006630e+02 9.229027324426913026e+01 1.007215646609850523e+02 9.635080779965916520e+01 1.047817658205639191e+02 1.145172260195219991e+02 1.142406305389834245e+02 9.394094927553281593e+01 7.976814180455399139e+01 7.084203576295655580e+01
1.578132703760624089e-01 7.717102730560639223e+00 1.666137464055995565e+01 2.820838002435547054e+01 4.820838073594690343e+01 4.854512724462463069e+01 4.035321231813468046e+01 2.795746317319766305e+01 4.172504235249137139e+01 6.138356458039723407e+01 5.465701034750136955e+01 3.496843080150590310e+01 5.465701034750136955e+01 5.800299773154232952e+01 3.975490044748011087e+01 3.565917867814950881e+01 5.562759781272851711e+01 5.425146415945550871e+01 6.578383390689133137e+01 8.572842490263533932e+01 7.990950230187009140e+01 6.145805972048418653e+01 7.467937874211560256e+01 6.876309246147440035e+01 8.896255731972139813e+01 9.115991039916958982e+01 9.958612235433109561e+01 1.089931317932270076e+02 1.031257381732873597e+02 9.487629815937899025e+01 1.031257381732873597e+02 1.087286043554790069e+02 9.466640607030741705e+01 1.067158643141354730e+02 1.082897353289278328e+02 9.929036377416532844e+01 8.143431263994639835e+01
1.543728846943814847e-01 2.015437288469402688e+01 3.066537785352351619e+01 3.643888054542022559e+01 4.399817000560348390e+01 5.228244125306509460e+01 5.571108039945320201e+01 4.748289020493852775e+01 3.713710031702952818e+01 5.670932576131679781e+01 6.289769785316300954e+01 4.480075900053630278e+01 6.289769785316300954e+01 6.797875694137361791e+01 5.387735917485090198e+01 4.564309024826712147e+01 4.271742016892110883e+01 6.268837516260071396e+01 8.246910962862219208e+01 9.398024712014620263e+01 9.000093134033785702e+01 8.159379855226497114e+01 9.000093134033785702e+01 8.896255731972139813e+01 9.737716626426841060e+01 1.058243261140887199e+02 9.757207178499403710e+01 8.921127558267450297e+01 9.332752152460325590e+01 7.541219643000970052e+01 9.332752152460325590e+01 9.888594603199706512e+01 8.089447872437436615e+01 8.706997757925500991e+01 1.067113344741059677e+02 9.592912512351763610e+01 7.626817837499680763e+01
1.561752203313827581e-01 5.320153015274627251e+00 1.066537785352316092e+01 1.643888054541951860e+01 2.399817000560419800e+01 3.554517538939630583e+01 5.554517538939559529e+01 6.499807044066503181e+01 4.834775938007402374e+01 5.306383449132968622e+01 7.279524236434420459e+01 6.451326169446637948e+01 7.279524236434420459e+01 8.206643827588790430e+01 6.561057371640769986e+01 6.561168935027316707e+01 5.425146415566662483e+01 5.535209164763544010e+01 6.947257779240918296e+01 8.941081635310899856e+01 9.238411660677822113e+01 1.005394194070063349e+02 1.018456008235545482e+02 9.352299263459318013e+01 9.984731707981229931e+01 9.757207178499403710e+01 7.804510963533428480e+01 7.553557110556207022e+01 8.514424729044002049e+01 6.591730605967541123e+01 8.514424729469435249e+01 9.068806465994180144e+01 7.133949970937364071e+01 8.203095885360373529e+01 9.017405426479049879e+01 8.763261176214049897e+01 6.760897857062323624e+01
1.531247021631862160e-01 1.015312470216309926e+01 3.015312470216274221e+01 3.643888054542022559e+01 3.643888054542022559e+01 5.228244125306509460e+01 6.382944663685719888e+01 7.648508588419662146e+01 6.813143785352441739e+01 7.292990177453020806e+01 8.130053992221463943e+01 7.940089729500844840e+01 7.126139198552834841e+01 7.940089729500844840e+01 8.554451209642651577e+01 8.246908110604572073e+01 7.421340594541737801e+01 7.531235266192307165e+01 8.356771404773908785e+01 8.518939672963686860e+01 7.293809814532714597e+01 8.927122718738193896e+01 9.025901070260729853e+01 7.346436716846119452e+01 7.978072134544352423e+01 9.397679870442178185e+01 8.376442443299654883e+01 6.453042238291868671e+01 7.516271720378952637e+01 5.957885792669432590e+01 7.873526688177319954e+01 8.287886660307158593e+01 7.478110611701544030e+01 6.284750514475472727e+01 8.203629744737592944e+01 9.024557917779951310e+01 7.020261785005102695e+01
1.422398637851068903e-01 2.014223986378475217e+01 3.015312470216274221e+01 5.015312470216203167e+01 5.643888054542092902e+01 5.888417066558371715e+01 6.716569468492853900e+01 8.010352689223861944e+01 7.516503170887561680e+01 6.697657888648373614e+01 7.516503170887561680e+01 6.952599083040188077e+01 5.147044399618341970e+01 6.952599083040188077e+01 8.402331459450952877e+01 7.585736377889836035e+01 8.402331459450952877e+01 9.091949585929556577e+01 7.143413269311355407e+01 6.573651577516275779e+01 6.171131277283421923e+01 8.055601702045424872e+01 8.128618911799520674e+01 6.188445745691204536e+01 6.559973299326142637e+01 8.565809116071108065e+01 9.193471787471148104e+01 7.516271722032772118e+01 5.596826111268597259e+01 5.375853325912262903e+01 7.295939225922380444e+01 6.886590017216489912e+01 5.560501720945335791e+01 6.664088463623349412e+01 8.590832024610875806e+01 9.861254158900888456e+01 9.024557917779951310e+01
1.377665891220937744e-01 2.013776658912173900e+01 3.996849909977077431e+01 5.084174359816626776e+01 4.256045369383534904e+01 3.889178202238705495e+01 5.839872056352272267e+01 6.011335809291389154e+01 6.526785696996080333e+01 4.717159421897616767e+01 6.526785696996080333e+01 6.136591799085584142e+01 4.167779516682895036e+01 6.136591799085584142e+01 6.937603900466983475e+01 5.608262912782380027e+01 7.414479051226246042e+01 8.184895234353477633e+01 7.077929115458522347e+01 5.186361083438513475e+01 5.290326039022276206e+01 7.246059810349942154e+01 7.297207157419474299e+01 5.289153583345967746e+01 6.709685976799880791e+01 8.715608759852742082e+01 9.207955643847627414e+01 7.265500430566800105e+01 6.763403212817134147e+01 4.829324460653576523e+01 6.763403212772607276e+01 4.956430922810626782e+01 6.886590017216489912e+01 8.287886660307158593e+01 9.408141705069262173e+01 9.469459002001389081e+01 8.621769738621146928e+01
