MOVIE_S4_data/elevation_000693.asc
nrows	100
cellsize	150.0
xllcorner	0
ncols	100
yllcorner	0
NODATA_value	-9999
[rows 17 to 33 of 100, columns 0 to 36 of 100]
1.372224685174658065e-01 2.013722230734206775e+01 3.249011557257630756e+01 4.077440407328366234e+01 4.971868691870103873e+01 5.152426445839939362e+01 4.032686335212438422e+01 5.857492896468399834e+01 5.012007968402235747e+01 4.158749732315163072e+01 3.284580073478071682e+01 1.935679105775481545e+01 3.966370505322815099e+00 2.409400341894315289e+01 3.840003561130312448e+01 2.659767964096208459e+01 2.856848105719734932e+01 7.122129297339522047e+00 2.224441969982622780e+01 3.041102695482557294e+01 3.768823649970784118e+01 3.688136850041509973e+01 2.903390843395509791e+01 1.050466987237778582e+01 2.817578916920267318e+01 1.976122513837992756e+01 3.891582415791005189e+01 4.986942828578703768e+01 5.420515436975100698e+01 3.903031180915976961e+01 4.584095526711758595e+01 2.522578624819156445e+01 3.321010245987639564e+01 1.460891459902360623e+01 1.940773315314085323e+01 3.845389231818075615e+01 4.600050146471954804e+01
1.353332760910071209e-01 6.165560167646305878e+00 1.249011548798311999e+01 2.143438739798243375e+01 3.557652302200527572e+01 5.557652380687240168e+01 6.262555861837437021e+01 7.116423427444999561e+01 5.388411124362183813e+01 4.175301735673837555e+01 3.145053721053704621e+01 2.002629081664606758e+01 4.251471093749382035e+00 2.127280760168847351e+01 3.660538965239274489e+01 4.053658096909924780e+01 7.571355590062199603e+00 1.295322324216692422e+01 2.414370209210951757e+01 2.858787715507746086e+01 2.827178868312558180e+01 2.865415935310976536e+01 1.003822278692583581e+01 2.285914873864161123e+01 3.695009454248000225e+01 3.900644211947263784e+01 3.079401105833932206e+01 4.168587154300674058e+01 5.946502532373708050e+01 5.242403941140861434e+01 5.497920761326052741e+01 3.690902792175254632e+01 4.363619019678216659e+01 2.244972778982102568e+01 3.925928074953592528e+01 2.603366423862860302e+01 3.176379551620225428e+01
1.303432743768621893e-01 2.013034311239153951e+01 3.249011557238640080e+01 4.077440354470643769e+01 4.971868726220730395e+01 6.224670991726155478e+01 7.052735269151314412e+01 6.302054746158403731e+01 4.533448284666517480e+01 2.445805477963100572e+01 1.213971830078209280e+01 4.673023636169995498e+00 1.146130635720883539e+01 1.141457017538531282e+01 3.290195438121431692e+01 4.641938384765135339e+01 3.499862564427711220e+01 8.018951681243338570e+00 8.807953875799089616e+00 1.306974434889640513e+01 9.214610131737275722e+00 9.562242906330245873e+00 2.865381826027575229e+01 3.667545623564164714e+01 4.854001937274453127e+01 5.544296417822478418e+01 4.971101340947929259e+01 5.791764479121273723e+01 6.874870503585098902e+01 7.530832601651461289e+01 6.796972474390811669e+01 5.822058085685966233e+01 4.432545307201296225e+01 3.073562729770655011e+01 5.150468886521399980e+01 4.104710247713070714e+01 3.970504825746173339e+01
1.234970534698958955e-01 1.012349705346980855e+01 2.167050243726189152e+01 3.581263806056130505e+01 5.581263699029025105e+01 4.224728442570995668e+01 5.898205236384759331e+01 5.489883786143580835e+01 3.480841454375563870e+01 2.328555620872301191e+01 2.666734198821139046e+01 4.975509838484814651e+00 1.990274044742124104e+01 2.066149660939019128e+01 2.229167622701620388e+01 4.080814109211663521e+01 4.422859158096269283e+01 2.885723370464566528e+01 8.434977690134090267e+00 8.731953493461649174e+00 2.817066348789371943e+01 1.275068263500473265e+01 3.076428166352251736e+01 3.749763907385671047e+01 3.739304826316489994e+01 3.731654948062178789e+01 5.260290197227632092e+01 6.203488409818537264e+01 7.988378482152046445e+01 7.194817101846335561e+01 7.642158483291539994e+01 7.396780740449433722e+01 6.007525747694651130e+01 4.143473603170841812e+01 6.007564398201433420e+01 6.310700780395551845e+01 5.058070890571229228e+01
1.256355554530943219e-01 2.012563555545273886e+01 2.895730834321717850e+01 3.380799313694508612e+01 3.915317233502127436e+01 3.070028137514572464e+01 5.070003618539989532e+01 6.301789199430385224e+01 5.304439609072286288e+01 3.979324849041270085e+01 9.227871655336310042e+00 1.055026645948088770e+01 5.402262527706451323e+00 2.285106595706898958e+01 3.716225274985860949e+01 4.936621547301110269e+01 4.838856669065067706e+01 2.900535878298463288e+01 2.415407198482200002e+01 9.893490208628078264e+00 2.972380118810994531e+01 3.149021809047575715e+01 3.474617656478419292e+01 1.713627561685124689e+01 1.849977647215300891e+01 3.789100557579744333e+01 3.387793369554588452e+01 5.410641478295097073e+01 6.863050932052891540e+01 5.230435238122354491e+01 5.699546833124481537e+01 7.642174276908424702e+01 7.060124784279891230e+01 6.218508371920265887e+01 7.110701374826633980e+01 7.747920024253878069e+01 6.951315322622596682e+01
1.208450475705237920e-01 4.485202852290353093e+00 8.957338807289893623e+00 1.380805130801651082e+01 1.915327614626490416e+01 2.915327612235685351e+01 4.329539084796716963e+01 6.329302532777364831e+01 5.509301021165619971e+01 3.461234361232483536e+01 1.431372597724899087e+01 2.148912623844435288e+01 5.703388553755357471e+00 1.440093269479554472e+01 3.430064126934944113e+01 5.069717706072716368e+01 5.676473002509895593e+01 4.002492186827404197e+01 2.051225508054123026e+01 2.972129175675253876e+01 1.153447276414095413e+01 3.133308822739832777e+01 1.517212037527417046e+01 3.241142934841860779e+01 3.765593925887603888e+01 2.035569375554019089e+01 3.974491590446282174e+01 4.827890720080750242e+01 5.128185158026617785e+01 4.080210657861140078e+01 6.060746849954489335e+01 6.490733303031986168e+01 6.621907699206238362e+01 6.816814540843454040e+01 7.053948099995270127e+01 7.146000078659714916e+01 7.931584973003566574e+01
1.160239911856559974e-01 2.011602399118530116e+01 2.895730834321717850e+01 3.380799313694508612e+01 3.915317233502127436e+01 4.743530738875142561e+01 5.743135957866385866e+01 5.885253572288326751e+01 3.671526698339848593e+01 2.463318518584843630e+01 3.306137957527282367e+01 2.210772358188198083e+01 6.006108025853606591e+00 1.302695572093777976e+01 2.132031601192699455e+01 4.202105975664358795e+01 5.400275975973069364e+01 3.427959725054243734e+01 4.005637188634938184e+01 3.097141601128143051e+01 2.676667725363209982e+01 1.321638032044171851e+01 3.293165875341401261e+01 4.116267595137550472e+01 4.692773090818079140e+01 3.974491590447716760e+01 2.216269779937275075e+01 4.159789976099951758e+01 3.137349647318187351e+01 4.709115382929584115e+01 4.891953417502086410e+01 4.499197658156715107e+01 4.689405061425455301e+01 4.886212044498408602e+01 5.088675461121513166e+01 5.189336602984684532e+01 6.401721784269354032e+01
1.085988230417786332e-01 1.010859882304169233e+01 2.165560420683400267e+01 3.579773983056445275e+01 5.579773983056374220e+01 5.522536343294122219e+01 6.350831786626848441e+01 6.778238908098934701e+01 5.509301021137752485e+01 4.607116397603201818e+01 4.193708397353977801e+01 2.217597002830637010e+01 6.311524346882071868e+00 2.417375272381478624e+01 3.900538988775102212e+01 5.068922614985320507e+01 6.219444170428976548e+01 5.400275975967053910e+01 5.733141570484573180e+01 4.326122270684580684e+01 2.376127085874410128e+01 3.294354270275265151e+01 1.714361409288920868e+01 3.668293007366241909e+01 4.932838337590059297e+01 4.979119646081593942e+01 4.164017258828548762e+01 2.395266904900917382e+01 2.553126425613238482e+01 2.721862789133480121e+01 2.896749595305395530e+01 3.079602905480575004e+01 3.272469142294232114e+01 3.471649154419085193e+01 3.676771784745982785e+01 4.040884313263251926e+01 4.426830213466585917e+01
1.073404342885239532e-01 2.010734043428816875e+01 2.853380773623807087e+01 3.312211294701931763e+01 3.889559420925976241e+01 3.522556232522918407e+01 5.473114578086551063e+01 6.628381080245952717e+01 5.944436601196664327e+01 3.894429446660880245e+01 3.877962527360260481e+01 2.645019869673597768e+01 6.618780669624155344e+00 2.640798554979015123e+01 3.302784550926919138e+01 4.136996516166302484e+01 5.070702938503360002e+01 6.361166891103532350e+01 5.727895225607827712e+01 3.749844630510337140e+01 4.328737510132302191e+01 4.172599131549405627e+01 2.216973700746122589e+01 2.162176332498702536e+01 3.539074378260237808e+01 5.546693546018246934e+01 4.356704542282447079e+01 4.357289481115901708e+01 2.711607085303003117e+01 4.694956781061198825e+01 4.311052613936431754e+01 4.086251689127543330e+01 5.270433354621126654e+01 4.889297638185588823e+01 5.665839859035710191e+01 4.035207954752384296e+01 6.015961849445135101e+01
9.951591839399596962e-02 4.269804199535474076e+00 8.533818526647646507e+00 1.312213320405884254e+01 1.889563589595499948e+01 2.645492535611712270e+01 3.800193055672293951e+01 5.800169539323603374e+01 5.332647204622554682e+01 3.296248982624324242e+01 1.884661507405982306e+01 2.277201938223325328e+01 6.926670254616527522e+00 8.029833311237291937e+00 1.301985516827561362e+01 2.198601407377346817e+01 3.355467557581279436e+01 5.455245745798693946e+01 6.550194386513675227e+01 5.728178781087629545e+01 4.979950910417886689e+01 3.002940593541786996e+01 4.172839828323309064e+01 2.487448500165613652e+01 3.615189671306767849e+01 5.593397716514214579e+01 6.330419637473320194e+01 4.358078445499842246e+01 2.945494692708515672e+01 4.938430635379131672e+01 6.285827364838394971e+01 6.070298182805122877e+01 6.070299867125016391e+01 6.871981960677560153e+01 6.249705736007732071e+01 4.290742505033986731e+01 6.267082933438940273e+01
9.660808524269255682e-02 2.009660808524233744e+01 2.853380773623807087e+01 2.726426843087265794e+01 2.945206243415516312e+01 4.645482578114595640e+01 5.473778154103402471e+01 5.065657655478424459e+01 4.170253275628404310e+01 3.460141661220588816e+01 2.712607437502695262e+01 7.362085133983963026e+00 2.683328746569007350e+01 2.786486341648457099e+01 3.304080163472994514e+01 2.457459996806257507e+01 3.606803020028664974e+01 5.588734028919885333e+01 7.053957664398657812e+01 5.080222569955947876e+01 3.932110390819530465e+01 4.979950910417886689e+01 4.815181218471028046e+01 2.834727810069399467e+01 4.814432766212397752e+01 6.394972867793322280e+01 7.142260875428642919e+01 5.189901557282276912e+01 3.193858177069144588e+01 3.954770822058804214e+01 5.363423040441755774e+01 7.332329086995318335e+01 8.029601716578980586e+01 6.848032638705502961e+01 4.877292963506712198e+01 6.267082933438940273e+01 4.766706323984173110e+01
8.961064364900331314e-02 1.423174626737982784e+01 3.423174626737911552e+01 4.726420062417346202e+01 4.945196505950470822e+01 5.773555251178895986e+01 5.673869274873846535e+01 4.227257102106287334e+01 2.216738792278101400e+01 1.195504526497779096e+01 7.798301648864974567e+00 2.716536676893957036e+01 1.187589956680853476e+01 3.177682316798119899e+01 4.469805681993607038e+01 4.451416417548803395e+01 5.279439446245532253e+01 6.404175032374482157e+01 7.855424670248181940e+01 6.722453156981077882e+01 5.080222569955947876e+01 6.722453156060706192e+01 5.197958053411058899e+01 3.208991754538883612e+01 4.617933058808320368e+01 6.598286876814111679e+01 6.673247327301818643e+01 5.459221485966386922e+01 3.467577651038601516e+01 5.461199278059171291e+01 5.363423040441762879e+01 7.332329087363781639e+01 8.660129541979749490e+01 6.704751903326015849e+01 5.309545249670436817e+01 7.277468753907162125e+01 6.731592131987514449e+01
8.602227843884299729e-02 1.422808136676714241e+01 3.421905764742527367e+01 4.302917561471684849e+01 5.460600871686043689e+01 5.042937746883422534e+01 4.172366179052033885e+01 2.856026510826092135e+01 2.766726104707218781e+01 8.233648275676658912e+00 2.164834685278799142e+01 3.566344530095285137e+01 3.177682316798119899e+01 1.656159699692109299e+01 3.641261344040086811e+01 4.529337536964312250e+01 4.954472516470952570e+01 5.780329079626327626e+01 6.929313585992328228e+01 7.855424670076759242e+01 7.053957664398618022e+01 7.005172595931124135e+01 5.033775001474260335e+01 3.623100413349471438e+01 5.033978131941545797e+01 7.010368255389917636e+01 5.866498128249887145e+01 3.876522529763072100e+01 5.455073775747769105e+01 6.259998856772080700e+01 7.332329087370123943e+01 8.130601082740813013e+01 8.870953294265062539e+01 6.919341275819938630e+01 5.837800438904686473e+01 7.802577515375969597e+01 6.153257042770583496e+01
8.664218773200615953e-02 7.157710000199831946e+00 1.471699952368979858e+01 2.626406549272831725e+01 4.627593653066158907e+01 3.897931448648905928e+01 2.111916454464151371e+01 2.803243187830100425e+01 8.668216229464212219e+00 1.453861950536063574e+01 3.446114052662442617e+01 4.839256663369578604e+01 4.469805681983367407e+01 3.641261344040086811e+01 2.158360544995968411e+01 2.551330458637503540e+01 2.978074870835219556e+01 4.114887823580947668e+01 6.101366535587255413e+01 7.205157393896685392e+01 8.198189941427324356e+01 7.426009718790909631e+01 5.499224322033678902e+01 4.095627423439319870e+01 5.505054344439788139e+01 7.487212745202829467e+01 6.683027093749224434e+01 5.860677577470315214e+01 4.305555596533900342e+01 5.452079934638686609e+01 6.847596673851032278e+01 8.793583033346983768e+01 9.659133257803271988e+01 8.368744928612218814e+01 6.407483477676845496e+01 8.368744928612218814e+01 6.810821368984106527e+01
7.759125536472052942e-02 2.007759125536436429e+01 3.472021816527784921e+01 4.303221986186390779e+01 4.673243510548387292e+01 2.961466378523592269e+01 9.191909936074067033e+00 9.102134516849559986e+00 2.671184637847659715e+01 3.440520172510179719e+01 3.293442562238482907e+01 4.194806132284237776e+01 5.767580444150247843e+01 3.773135013019038553e+01 3.555347060410734628e+01 3.941351913821763731e+01 4.954472516470952570e+01 3.715397841057584571e+01 4.406506702107623141e+01 5.389469748047959285e+01 7.370760027635185452e+01 7.498131304664110530e+01 5.506561708308748848e+01 5.093593821608940431e+01 5.356911182929876247e+01 7.342116753257175787e+01 7.727885262211887607e+01 5.765234184874016421e+01 4.621756539323962443e+01 6.594748136002240813e+01 7.666167441945256655e+01 8.358743889085101841e+01 9.142773039400429980e+01 9.161276757660407100e+01 8.368744928612218814e+01 7.461323711806571168e+01 8.764627015294178136e+01
7.818929607037834739e-02 9.085258546463688134e+00 2.117378268830939803e+01 4.264524579788357528e+01 3.942954192337717245e+01 2.092539149178836411e+01 9.533868902923622102e+00 2.880245876322034349e+01 3.033074756055733090e+01 2.649619072519204011e+01 1.410426089668508354e+01 3.312375884901666723e+01 5.220833853789858381e+01 5.767633750263210857e+01 5.547878944625247755e+01 5.857899199166530479e+01 6.483966050985213769e+01 4.641918814243180691e+01 6.380114887841563132e+01 7.205157393922860365e+01 8.198189941528288216e+01 8.315871259419743922e+01 7.500315918448595198e+01 6.241272910352365955e+01 6.762689166953757081e+01 8.154039690461300438e+01 8.517470321227131080e+01 7.162870311761945175e+01 5.194837363593834567e+01 5.207118491478669142e+01 5.701751445415425934e+01 6.399841880606638966e+01 7.792918049840511685e+01 9.724768312180367502e+01 1.019421265640882837e+02 8.446004490357496763e+01 1.019421265640882837e+02
7.024788420635796893e-02 2.007024788420600103e+01 3.790084783684718417e+01 4.897300345028125435e+01 3.998917155075359631e+01 2.432197576297700792e+01 1.135004832920149020e+01 9.964880342217574238e+00 1.026954420790998945e+01 1.057464859479482300e+01 1.087960597148552822e+01 2.478483168844959650e+01 3.814380608460501776e+01 4.672770704019590227e+01 4.856439535873774815e+01 5.935930902575961454e+01 7.192739870983974981e+01 5.943845157026250092e+01 7.326962968647731600e+01 8.220051226938630862e+01 8.220051226938770128e+01 9.067765003188956996e+01 9.032171110477852949e+01 8.224613305697407384e+01 8.740978690523994032e+01 9.263849484592805084e+01 7.321951110551883346e+01 6.183046754990353122e+01 6.591060145906189405e+01 6.014194884627560356e+01 7.666167431169698432e+01 6.949798391035614031e+01 8.005550715719981270e+01 9.930273291194274066e+01 1.115033945106791577e+02 1.037552605982196923e+02 1.115033945106791577e+02
