MOVIE_S4_data/elevation_000039.asc
nrows	100
cellsize	150.0
xllcorner	0
ncols	100
yllcorner	0
NODATA_value	-9999
[rows 68 to 84 of 100, columns 37 to 73 of 100]
7.520741572541768960e+01 9.516876860605255217e+01 9.267030334626471699e+01 7.279589263563113377e+01 6.304617535852633381e+01 5.580366134387924149e+01 6.941708686479046264e+01 7.760921504177011343e+01 7.694170602800662095e+01 6.691839335471107120e+01 5.948806872828631498e+01 4.101761465169483500e+01 6.064897257243136153e+01 5.631101930521324306e+01 6.976694784765103918e+01 9.171967461937430244e+01 1.041344036275352494e+02 9.588254561698111900e+01 8.814101817972560582e+01 7.401007515574535489e+01 8.814101817972608899e+01 8.026787346882203167e+01 6.076418769485063365e+01 8.026787346882203167e+01 8.404893050586883874e+01 6.437444915854604233e+01 8.404893050586883874e+01 9.891859612844872629e+01 9.656895937294648036e+01 8.821551736116963127e+01 7.736547767299924772e+01 6.078164661283094006e+01 4.590803500602005016e+01 6.474083804459563396e+01 6.742084532477065295e+01 5.035823338347297806e+01 5.277080438626135361e+01
9.191397495465498935e+01 1.034397959899415582e+02 1.009136995830841101e+02 9.097255360577625538e+01 8.054119519103085167e+01 6.090780203798779269e+01 8.054010160190929923e+01 9.149204330271794561e+01 8.019332579958388862e+01 7.198482490224481012e+01 6.434558087858313513e+01 5.280328013322476011e+01 4.225191920594551931e+01 6.466686464762453568e+01 7.320584491278020778e+01 8.195618924487745005e+01 8.785609084161083615e+01 7.604459348973239230e+01 9.266678665932326453e+01 9.391587679924082011e+01 9.655714636833532438e+01 7.660694292595876220e+01 6.619541040142495092e+01 8.597886484228040160e+01 9.231070699280456893e+01 7.559662028251088373e+01 9.231070699280456893e+01 9.997418345099907810e+01 8.821551737030733875e+01 6.840951842609327116e+01 7.173647092255754387e+01 4.687034639144956571e+01 5.174314294835864558e+01 6.623789109338908077e+01 7.633384653733166658e+01 5.665463209073226380e+01 7.272465801976818511e+01
8.968237324932918852e+01 9.796596963214271625e+01 1.045652721129341387e+02 8.462931376154101315e+01 7.061396960884761143e+01 7.471896887050827729e+01 8.878591314843835391e+01 8.321847790470643247e+01 6.382076307898497447e+01 5.357546254413051656e+01 4.855573168970173015e+01 4.349486180964131421e+01 6.198211455806378467e+01 6.469174953151075158e+01 5.340327269390662224e+01 7.161618322593889729e+01 6.825214857798810897e+01 6.490637879508146568e+01 7.861448801431190248e+01 9.846369991513306275e+01 1.048034886347039958e+02 9.425103587670923844e+01 7.488427906207391516e+01 8.010407267360008632e+01 1.001618677720330197e+02 9.559500099574405851e+01 1.038417214925206622e+02 9.160021255577630939e+01 7.165503046822212241e+01 6.200403478102825972e+01 5.476177268401404064e+01 6.477861746253604736e+01 4.782997377478650236e+01 5.565496927686705675e+01 7.446244913719219483e+01 7.066682407355652629e+01 6.727754371217055507e+01
6.957451687150341968e+01 8.968237324932900378e+01 1.053922604363476268e+02 9.872671692175275382e+01 8.049706620705488547e+01 9.459729293694950059e+01 9.473148257822728624e+01 7.478841254563837992e+01 6.382076225516313883e+01 7.198494460820556640e+01 6.686075115157296977e+01 6.231795123008433279e+01 4.475131512308438886e+01 4.569001209612552827e+01 4.662648147165450752e+01 6.556475853653056163e+01 5.496890059752656299e+01 6.424283479441059796e+01 7.536267693845064741e+01 8.936138768827531464e+01 1.092816503667177273e+02 1.032076824496436558e+02 8.646933453294477090e+01 1.001618677720330197e+02 1.083979992361778528e+02 1.071956139054659758e+02 9.880423607052294699e+01 9.997418345099907810e+01 8.996185119451276080e+01 8.162759698279953113e+01 6.700350207910351230e+01 4.877276171782609993e+01 6.612337732474013308e+01 6.070426334471076046e+01 7.925019518788923278e+01 9.031916617065277819e+01 8.116399343063062588e+01
6.540262584375157928e+01 7.703590490495059839e+01 9.712207066188869931e+01 1.086968439675519278e+02 1.004397753393581070e+02 1.086968439448034616e+02 1.030102346510227704e+02 9.148872388898745101e+01 8.321734572636724181e+01 7.899455486268396953e+01 6.727095965089840490e+01 4.836874373458223886e+01 6.382164030003976762e+01 5.514579066822628306e+01 6.556475560846345729e+01 4.793944133127733664e+01 6.680311688368632872e+01 7.443374315128649243e+01 7.668030580943657526e+01 8.262590274408495361e+01 8.972121196798788390e+01 9.824279709616457978e+01 1.065456249746084865e+02 1.147554343523794387e+02 1.053264419813731365e+02 9.626886110878440661e+01 7.868168817943957549e+01 8.237424451792345792e+01 7.777308914726192768e+01 7.398624827208776367e+01 6.762850112215552656e+01 4.942472409278301626e+01 6.762846505560101207e+01 7.967742104411806281e+01 8.796291262751319096e+01 9.757174546123694370e+01 1.008324557820585028e+02
7.394539334163003730e+01 7.976124923835864422e+01 8.647869095505853920e+01 9.476728443001563562e+01 1.047957516501262631e+02 1.059633445135834933e+02 9.599585757936661423e+01 8.773818720049702335e+01 8.075555779277081569e+01 7.084218783256729068e+01 5.194502454504687705e+01 6.727095407196823373e+01 7.537951772527362948e+01 6.598414852005538478e+01 7.490584565937359685e+01 6.680328633657560999e+01 4.925361761316595022e+01 5.638649162097003398e+01 5.749014865128926033e+01 6.292472182718344698e+01 6.969444823109512299e+01 8.120777056541490424e+01 1.014340504347434120e+02 1.086690790162958535e+02 8.833422236034735420e+01 7.668385641997150515e+01 6.804186113857959128e+01 6.285319553443450502e+01 5.828610044068144447e+01 5.465867308206851050e+01 5.220895791084672766e+01 5.005709515762109874e+01 6.825723955325462100e+01 7.707418081660593145e+01 8.119620236223279619e+01 7.757919852967759766e+01 9.757174546113839142e+01
5.386808567343496890e+01 5.961453343312731334e+01 6.632636580503717028e+01 7.643096306650915039e+01 9.652641884369020886e+01 9.770534119122638117e+01 7.777103410080533763e+01 6.798832853557861711e+01 6.133549027219777372e+01 5.556567910614725037e+01 7.084218783256729068e+01 7.899455486268396953e+01 9.374791876905263166e+01 8.551211948864015255e+01 8.286125880251731246e+01 7.612738077831549788e+01 6.804695180437362012e+01 5.054872322737889334e+01 6.933481274575302677e+01 8.262362435770110380e+01 8.971555790072024195e+01 9.819023154370286477e+01 1.099764682458224314e+02 1.170493394266846963e+02 1.006941337643248318e+02 8.042523255123963111e+01 8.787495506280305335e+01 7.194257515008503390e+01 6.779901605149464672e+01 6.815516047942540467e+01 7.055878001837433544e+01 6.825500351130347099e+01 5.091986557408358038e+01 5.227677920244155274e+01 6.176874453038263368e+01 8.123448653071065451e+01 7.939233228473733561e+01
7.394539334163003730e+01 7.976124923835857317e+01 8.647869095504572101e+01 9.476728438627658591e+01 1.047957515737384426e+02 1.059633445136345387e+02 9.599585757666068275e+01 7.930526279362059938e+01 5.996432245110094783e+01 7.461439584840979933e+01 6.740118557396799304e+01 8.702659393435918389e+01 9.943870776375511866e+01 8.286125881577119401e+01 6.281790852502654587e+01 7.061920809596239224e+01 5.184193859353842981e+01 6.933078224698338943e+01 7.748479765864753688e+01 8.754866385248584493e+01 1.028077478833601361e+02 1.057354283504054280e+02 1.077140441311504873e+02 1.169228325492185832e+02 1.090866261757553417e+02 9.475092798580864439e+01 9.184919511342532417e+01 9.184919511381434631e+01 7.906020760037199580e+01 8.796129529327201624e+01 8.605480040880333092e+01 7.255602148579062316e+01 5.392113056827025730e+01 5.175395205948621680e+01 5.221448109037433483e+01 7.428404362206821077e+01 6.009726835406727474e+01
7.689615418942346992e+01 8.268447134669939658e+01 8.936453681456613651e+01 9.763207296636295496e+01 1.076284352887185207e+02 1.114299889776752934e+02 9.991167108738262925e+01 8.276302119620331155e+01 6.320298588283980479e+01 8.276302119620331155e+01 8.120313724639186148e+01 9.527498903011361620e+01 9.122173102263714384e+01 7.161468572331200733e+01 7.528565000939553897e+01 5.324014229598964221e+01 5.276254922931205016e+01 7.153567265293327182e+01 6.776531209334582684e+01 8.632516345006473557e+01 8.309469171906030738e+01 8.486472904327568756e+01 8.696512865650896629e+01 1.060504211770562080e+02 1.161475443464242119e+02 1.150423017587927461e+02 1.120746442422084357e+02 1.076116847886333687e+02 9.922252547519768484e+01 9.201250962897852048e+01 7.776374285354243909e+01 5.863187314413337248e+01 7.255607520730771398e+01 7.009682446336712758e+01 5.256275353075359646e+01 5.546248029023882964e+01 7.432520034747129500e+01
5.682249855419821927e+01 6.263315253323057874e+01 6.932434041057065599e+01 7.935445493578559706e+01 9.937461869420714322e+01 1.031724730422374989e+02 8.321598745081070092e+01 7.177738111752364603e+01 6.751518193775140730e+01 8.730255617917127609e+01 1.010856620503421368e+02 1.026246881503675183e+02 8.287418704860884588e+01 8.543083662445779680e+01 8.350536778499667889e+01 6.837807004311150649e+01 6.107343905782376225e+01 5.404092198881605924e+01 7.286947465441154748e+01 7.839998943886820371e+01 6.502067459918352199e+01 7.042019849335031267e+01 7.748663762932145005e+01 8.758856729228058668e+01 1.019055617935722182e+02 1.220492855827303345e+02 1.161397575448430786e+02 1.060271345499673998e+02 9.765741810317227589e+01 8.366731490361087253e+01 6.408738056330547295e+01 7.776374285354243909e+01 8.602229759340008286e+01 7.172788444585332002e+01 5.314319307401285641e+01 7.172788441272295756e+01 8.259708555032990773e+01
6.785337165785821867e+01 8.268447134669838761e+01 8.936453681485747325e+01 9.763207366098910711e+01 1.076284354592661572e+02 1.057551902804589048e+02 8.580827428167864923e+01 9.165059071394846058e+01 7.268797652520065355e+01 8.364181110044607692e+01 1.035910038579027344e+02 1.108665366239583960e+02 9.423123487393709752e+01 1.052021868169922811e+02 9.531602411642751349e+01 8.673857513170827360e+01 7.985607866272988531e+01 7.286947465441151905e+01 5.530773655889354501e+01 5.588208746486598955e+01 7.839998943884948801e+01 9.058070911900694000e+01 9.769704459266966978e+01 1.060504211770562080e+02 1.103006914985104316e+02 1.185454898449670793e+02 1.077778958417779052e+02 8.753694036457569894e+01 7.746041698656208041e+01 7.054748154675222338e+01 8.366731490361087253e+01 9.201250962897852048e+01 8.540683666446675204e+01 7.183994762204412154e+01 5.373074530906539081e+01 7.242010121213361629e+01 7.454465508553471409e+01
8.789589955935568355e+01 9.616453565980329188e+01 1.020904229002556605e+02 1.104100230220512060e+02 1.148664180546847433e+02 1.140150679075970146e+02 1.057551902804554942e+02 9.818206092493181814e+01 7.817506986787086021e+01 9.818206092493181814e+01 1.118526861045255316e+02 1.223431971749186431e+02 1.140903585514491141e+02 1.128700081338378567e+02 1.032815838997151303e+02 8.334021059595620784e+01 7.864732454866282296e+01 5.935804015524400512e+01 7.422205921370803594e+01 5.659954371256367267e+01 7.569904518872408516e+01 8.542990973693112267e+01 9.946122977672948196e+01 1.069845903500282276e+02 9.022718596979005667e+01 1.069845906990899067e+02 1.161397575446044357e+02 1.060271345499673998e+02 9.051669987855349575e+01 7.934613073041673204e+01 9.888534152862092697e+01 9.168011918063271537e+01 7.756181889033911148e+01 5.832058518537333924e+01 6.939433082144023501e+01 5.461034947754066593e+01 5.867238123427276975e+01
9.621266875807428676e+01 8.789517761320577449e+01 8.201531449409728225e+01 1.020904229002556605e+02 9.466916166120493870e+01 1.089292890127950670e+02 1.190019770579669682e+02 1.064389316380971025e+02 8.714563934041508730e+01 9.234467932217684449e+01 1.122747467590638735e+02 1.185272814976849673e+02 1.070192013234416351e+02 9.293386205710459080e+01 9.341430663172759807e+01 8.334021059595619363e+01 6.370845977170998253e+01 7.864732454866282296e+01 8.391374617329725538e+01 7.569904519011846844e+01 5.800508788280944827e+01 7.139858970494637447e+01 8.575814369504422530e+01 8.865518146544924605e+01 7.860175979969125137e+01 9.284084882009643991e+01 1.128836442170319856e+02 1.190894175680751772e+02 1.079215139636715293e+02 9.100872653222953090e+01 9.761437408274518646e+01 7.733732265558840879e+01 6.349498828854127908e+01 7.756716435246218566e+01 6.966049369937225322e+01 6.883017017898527001e+01 5.551705224585113285e+01
8.789517761320604450e+01 6.800659423683329408e+01 8.789517761320604450e+01 9.597213419692464242e+01 7.977888900548741447e+01 9.018184505150942698e+01 1.089292890107409022e+02 1.153616025774931302e+02 9.871083928903809124e+01 1.122747467590622250e+02 1.205331842768330262e+02 1.102949933108163094e+02 9.033835715174956249e+01 7.872253943210330362e+01 7.340543629074956300e+01 6.867958302036494445e+01 8.334021059595619363e+01 9.159773072687670492e+01 9.607010817393064883e+01 8.136313017679090365e+01 6.183778561901346649e+01 5.945214899052306379e+01 6.955517966039424493e+01 6.884222820010886323e+01 8.865650373874964885e+01 9.642453318955058705e+01 1.039860053192199416e+02 1.122208517284099116e+02 1.195894840324284729e+02 1.112267381278265788e+02 1.043891052644833479e+02 8.778645575804090129e+01 6.760611682963170210e+01 8.778645575801866130e+01 8.334231977756002152e+01 8.669004490488121917e+01 8.528916015006731755e+01
8.126564982108178015e+01 6.168750765122403834e+01 8.126564982108178015e+01 7.454466132444048299e+01 6.822783292052744741e+01 7.977888900548741447e+01 9.466916166120493870e+01 1.148664180546643223e+02 1.185851551627189195e+02 1.268489300708754968e+02 1.243275101764726287e+02 1.044825345108253458e+02 9.033835715174956249e+01 9.877302405225970006e+01 9.341430663172758386e+01 7.458030475837713880e+01 9.459657544567063781e+01 1.033691553109823218e+02 8.780620412164496713e+01 6.794723801217217840e+01 8.136294415781605949e+01 7.877548177814821884e+01 6.090676012645636916e+01 6.378669577202328611e+01 6.982855338693173053e+01 7.640051991280624577e+01 8.398023038808624108e+01 9.557819457125906126e+01 1.154712883911821990e+02 1.104801985445325556e+02 8.987524754053960407e+01 7.517108779996654278e+01 7.913983127497178316e+01 9.623163929225891877e+01 1.034448746650999027e+02 9.856224250262890507e+01 8.525454532978793054e+01
6.806411153950429593e+01 5.636559882907479846e+01 7.492725319562862296e+01 5.922575016020142868e+01 8.082062282510024431e+01 9.600112540804607875e+01 1.050585303242898902e+02 1.166783476596499298e+02 1.199167604473691711e+02 1.115710239986108689e+02 1.199167604483820782e+02 1.185272814444087572e+02 1.044825345108253458e+02 1.061378713795277235e+02 8.614776043692809537e+01 8.874762379625421715e+01 1.028514503012002450e+02 9.511449281804121370e+01 7.509991731230945788e+01 8.780618209172955346e+01 8.215685695602634553e+01 6.253779878769621092e+01 8.037716366046387861e+01 8.345019120134806201e+01 6.884744973396907142e+01 8.865942046867534998e+01 1.025052994951801679e+02 1.122208517284099116e+02 1.237025867596596527e+02 1.117320893161955695e+02 9.025238748076986894e+01 8.393065663414913047e+01 9.961942286246372191e+01 1.081424293303067117e+02 1.046525416153886425e+02 8.419013291804959920e+01 6.995760155276182957e+01
4.915879292625025698e+01 5.242332776747594636e+01 5.573240920619031868e+01 6.499256380103835795e+01 6.736179137235210135e+01 7.641650109865909712e+01 8.821572428384207853e+01 1.083591601057478044e+02 1.098652511866555130e+02 9.148679903482359066e+01 1.098652511934564444e+02 1.228754445924684120e+02 1.243275101764632495e+02 1.143752917214838476e+02 9.773127851195633298e+01 1.087171938433815228e+02 1.036481350328302256e+02 8.363496655646565614e+01 9.511449281669331413e+01 9.750459683862321469e+01 7.757168150592910649e+01 6.371213045769274430e+01 8.343489413190084747e+01 9.690667246376624178e+01 8.865942046867534998e+01 7.444339612468338885e+01 9.427858595604580216e+01 1.063003929491943467e+02 1.135665528773808717e+02 1.201723249952679708e+02 1.117320893161955695e+02 9.538278357383924799e+01 1.135243416233171985e+02 1.197198018889642697e+02 9.968954371902989919e+01 8.524516670242206828e+01 7.351415962639136126e+01
