MOVIE_S4_data/elevation_000972.asc
nrows	100
cellsize	150.0
xllcorner	0
ncols	100
yllcorner	0
NODATA_value	-9999
[rows 51 to 67 of 100, columns 0 to 36 of 100]
1.045510899316130261e-02 3.790099749951167496e+00 7.639100037402445587e+00 1.172156736555455225e+01 1.619358140577833893e+01 2.196582159999974238e+01 2.951423370735292551e+01 4.092255952827433418e+01 5.932639387949666343e+01 5.622607286121488102e+01 4.162344496074091182e+01 4.735246942377964530e+01 3.819797186856928306e+01 1.915390511309990629e+01 3.819752179308814988e+01 2.724930708499243792e+01 4.654109672754952953e+01 5.276478520469191835e+01 4.447198037648276170e+01 2.910949371433899202e+01 3.925880819794721077e+01 5.933557077644985611e+01 6.058847102236925508e+01 4.055343158192101782e+01 6.058847102236925508e+01 5.951980852216256324e+01 3.966967440290688529e+01 2.538843159891765211e+01 3.522899441467036041e+01 1.547371898802474632e+01 1.877508953671684822e+01 3.944406694067807706e+01 3.002926175554085475e+01 3.452259534254832118e+01 3.929208483123071005e+01 4.505273220937849032e+01 5.131308776801818539e+01
1.199560344128819747e-02 2.001199560344093342e+01 2.761585929219901558e+01 2.584787774434275320e+01 2.772524227245337869e+01 4.181241755873853805e+01 3.820099488660052600e+01 5.708303570753427181e+01 6.738994667652252701e+01 7.131168243756033576e+01 5.786672070723516725e+01 3.805385472802633018e+01 2.713091185579162357e+01 3.819807432007522152e+01 2.540534617926211780e+01 4.460472702185499116e+01 3.485960337506315909e+01 5.459661236261121076e+01 5.302977273197313934e+01 3.292633554720289624e+01 5.302977273197313934e+01 6.759072585512561204e+01 6.896701298766009813e+01 5.206687575195039130e+01 6.896701298766009813e+01 5.980812146920104766e+01 3.983945038844827025e+01 4.560466714224632767e+01 3.648686588339112546e+01 1.583233142088946366e+01 3.465315085162654185e+01 4.622535607039528571e+01 5.017058466236865399e+01 5.453838901000499106e+01 5.924020634061218260e+01 6.499787235788110706e+01 7.132674715672571608e+01
1.680456789927393946e-02 1.001680456789918772e+01 3.001680456789883067e+01 4.575844252064558759e+01 4.759354153071881655e+01 5.579441833106036341e+01 5.788140569527130452e+01 6.599021315737707027e+01 7.187238921692917870e+01 7.406180301093523610e+01 6.602413822929879927e+01 5.388619523045008464e+01 3.416451894185710358e+01 4.949019793171166270e+01 2.998893608515087905e+01 4.948981399219800892e+01 4.092302692296471633e+01 6.091756535633227543e+01 5.751197817822749414e+01 3.746288423903007470e+01 4.455101436697441386e+01 5.874024746160110766e+01 7.878756905414054756e+01 7.222895797152648356e+01 8.062498279288116976e+01 6.816146287742161292e+01 5.977681108347231742e+01 4.896865015174194014e+01 3.680257674977112003e+01 1.618952450832921031e+01 2.418613871852953423e+01 4.174749046722633494e+01 5.073596856988770298e+01 6.156516040380279975e+01 6.261925563525765881e+01 5.999251441425681719e+01 5.999251441425682430e+01
2.570751284471603157e-02 2.002570751284435957e+01 3.001680456789883067e+01 5.001680456789812013e+01 5.994053949768692746e+01 5.166061267356528219e+01 5.994053949770712109e+01 6.605182144955625745e+01 5.191066392917104366e+01 5.409296849280637787e+01 7.406180301093536400e+01 6.210632237203445527e+01 4.387094174795544888e+01 5.502137195536161585e+01 3.511700392803843584e+01 5.502011747067224690e+01 4.796479537783279312e+01 6.799784902167597522e+01 6.223433735635990871e+01 4.219462146713883755e+01 6.223433735635990871e+01 6.093683588836079679e+01 8.096445224554967979e+01 8.165615717780308103e+01 6.997749483955455219e+01 6.161073256244569762e+01 5.484079983164251360e+01 3.479377126784549290e+01 2.109844103288403261e+01 1.654553300239310687e+01 3.712688830060688616e+01 2.532136251016077466e+01 3.310684864460488086e+01 5.315505786147139844e+01 4.241425671620938687e+01 3.979620583842783077e+01 5.406324769680851716e+01
2.050012024463924304e-02 1.416263574398949388e+01 3.416263585262458236e+01 4.279461857081179232e+01 4.995196710156809417e+01 3.168859039548080858e+01 4.995196710171973820e+01 5.775731790177238878e+01 3.779372517506892848e+01 5.775711756397839025e+01 6.934204733998478787e+01 7.213385073310648465e+01 5.809290030874468158e+01 6.144576838722383627e+01 4.119914895780210884e+01 6.144113220142860854e+01 5.707154495606438616e+01 7.586777398760877134e+01 6.802570178763411946e+01 4.795738389721052641e+01 5.855592786674384342e+01 7.860138216550922152e+01 8.912380209838678979e+01 7.330298044322456974e+01 5.305152890254632325e+01 4.139850959619806048e+01 4.994117167291337722e+01 4.011672895642029602e+01 1.955542603333815066e+01 2.142996237941224891e+01 1.705719947006572923e+01 1.742013049064259533e+01 3.769709962466915698e+01 4.690657962815649995e+01 2.782814192362355143e+01 4.824916736049530641e+01 6.216477149765722032e+01
2.927968592160756431e-02 2.002927964087897550e+01 3.681490247258980730e+01 2.280201671425864163e+01 3.135158413182025328e+01 2.169084098391950022e+01 3.870677550428196412e+01 4.355333095550674471e+01 3.112927598886117764e+01 4.112257256321765908e+01 5.523235444313400677e+01 7.512369527960940729e+01 7.804630104726072659e+01 6.981364118718578027e+01 5.023218104385600924e+01 6.977565894231166510e+01 6.864785879838704830e+01 8.437046081299742184e+01 7.437995235654693715e+01 5.427849724144476795e+01 7.437995222305254117e+01 8.676587990091080371e+01 8.162297347960495131e+01 7.471134796468774653e+01 6.635475254235906561e+01 4.994117167291337722e+01 2.967808067130708949e+01 2.270688867845365166e+01 4.011672894301922554e+01 3.559101352470599267e+01 3.768050149101559754e+01 2.781664310674769780e+01 1.793826668974143956e+01 3.858998817899239953e+01 2.108623821264513509e+01 4.177930068340117487e+01 4.556131396739407791e+01
2.800573862316051849e-02 1.997370237665344206e+01 2.496821498169504494e+01 8.661355036063552504e+00 1.135815448154488116e+01 1.413165544491857517e+01 1.871996855744104593e+01 2.357066286462635318e+01 4.355333095550673761e+01 4.914576611334028655e+01 6.890608353136718733e+01 7.595889897449269768e+01 8.373446680238320994e+01 7.907985106803499775e+01 6.473653053727089457e+01 7.905342192999501094e+01 8.762752136425588390e+01 9.516179169861010223e+01 8.196868242203301236e+01 6.188037401043136754e+01 8.196868242203301236e+01 8.162297347960495131e+01 6.139776453491723629e+01 6.510701863057946071e+01 4.614690898572661126e+01 4.648609707034898264e+01 2.614784877751087677e+01 3.725881910957576792e+01 5.156080978608468968e+01 5.618464966790472914e+01 4.665350707982486966e+01 2.638978068996009441e+01 2.766376404665679800e+01 1.846316714056729680e+01 1.883747100745486946e+01 3.950290323913593937e+01 2.656821935866724260e+01
3.653205470537677219e-02 2.498361874292026830e+00 4.979056566076017099e+00 1.912062837615910382e+01 3.135158411805425516e+01 3.412145255900716023e+01 1.990514528217634904e+01 2.437724143472686222e+01 2.922777465615585868e+01 4.914205166756917720e+01 6.377732195506320068e+01 5.659360523414056843e+01 7.037135791118535622e+01 8.884081644210002082e+01 8.541981328105713089e+01 9.288594304167436633e+01 8.452981517804306577e+01 9.288594304167436633e+01 9.008115786755632826e+01 7.614576489917858737e+01 9.008115786755632826e+01 7.539842229580085586e+01 6.510915952771846094e+01 4.490245392760832743e+01 4.970575908407379018e+01 2.963665472634736275e+01 4.648609707034898264e+01 5.485358344923123752e+01 6.586280060833377092e+01 5.618631927757652988e+01 3.596417083115245106e+01 4.665340942860887452e+01 4.441761389873190780e+01 3.912418188463065860e+01 3.321333793072437857e+01 1.937488671068990342e+01 2.970965306714855458e+01
4.500159517621803856e-02 2.004500131463444035e+01 2.497855619315139464e+01 3.326987305033222952e+01 4.741910544639225833e+01 4.813035649666718285e+01 3.403807436850787838e+01 3.850333729436719921e+01 4.915012280955336621e+01 3.738904752878253390e+01 4.404671454876546477e+01 6.378186111741902664e+01 6.758306981820682324e+01 7.650487946743285761e+01 8.560383947970636598e+01 8.286109654002876823e+01 6.453139527500313477e+01 8.286109647685933055e+01 9.452976671571229872e+01 9.595426540409572169e+01 8.698678203579950718e+01 6.711860228454554544e+01 4.694479651738383552e+01 5.307148763108093448e+01 3.329213675825882035e+01 4.985598553914442022e+01 4.614724122320887290e+01 6.635800527230627210e+01 6.899310904274528866e+01 4.874379645631219660e+01 5.618631927757652988e+01 6.455640098517086756e+01 5.421686410687596691e+01 4.292633783950575577e+01 2.244570221759290263e+01 3.976063304893595785e+01 1.993081326134907272e+01
4.567435126880908108e-02 8.989946261268045191e+00 2.053695164506112292e+01 4.053695181038084883e+01 5.611804373106098609e+01 5.023138067368464732e+01 5.397518394771747552e+01 5.839888180696265607e+01 6.534212320173503485e+01 5.723254815058939471e+01 6.378186111741902664e+01 6.331857397152261058e+01 4.752049614775670250e+01 6.413869221679593124e+01 6.562754264891445644e+01 6.562754264892006972e+01 5.463233161051864784e+01 6.607267629465746950e+01 8.613872308658345389e+01 9.030161725226030001e+01 7.029981581986770323e+01 5.860121344620519324e+01 5.786354054377082434e+01 3.750077106404410898e+01 5.292198734547591954e+01 4.334528816060673506e+01 6.364304514080329511e+01 7.471748955003540971e+01 6.899310904274528866e+01 6.899310904274528866e+01 7.100395314536854130e+01 6.263625360272357767e+01 4.585721034505456828e+01 2.555152811533325874e+01 4.292633783951579574e+01 4.868931902580141724e+01 2.642787467165824822e+01
5.351880592384315738e-02 2.005351880592348834e+01 3.727422138970462129e+01 4.882123688583810406e+01 3.659384435383179834e+01 3.094500063186853822e+01 4.477320741484881239e+01 5.694680559291924027e+01 5.123170859073620420e+01 5.356249242840179647e+01 5.375460452090239727e+01 4.521587144121750867e+01 3.609451842904979202e+01 5.569910845937197053e+01 5.881787629978662579e+01 4.577957446690666643e+01 5.721073050287789385e+01 7.125735824873804347e+01 9.129115634794966638e+01 9.849908545886982836e+01 8.698678203579633816e+01 6.934696033037400298e+01 4.908666866745077328e+01 4.121679073102103530e+01 6.122537051331735114e+01 5.763474676419367171e+01 5.765198650136260738e+01 7.810674021683428236e+01 8.919744008970211269e+01 7.695324216407716733e+01 5.670596277161713772e+01 4.246165603464291394e+01 4.795276722251998081e+01 2.774394624630575024e+01 4.795276726501846554e+01 5.642329576961299864e+01 3.386194123912537179e+01
5.706225480597197641e-02 2.005706225480561500e+01 3.754518873419588232e+01 3.584957415429950345e+01 2.756106707238408404e+01 1.742217061164501146e+01 2.896824150394600395e+01 4.537002657280846307e+01 3.120912762281385611e+01 3.353571397879624527e+01 4.184833513444332453e+01 2.542140525263270234e+01 4.276163120255304761e+01 5.184322287157593934e+01 3.895310067942385501e+01 5.881787629978662579e+01 6.853019285899974022e+01 7.515551599636793867e+01 8.345392710752689425e+01 9.345431852737327461e+01 8.368872644505276526e+01 6.340640629729123390e+01 6.528013269944752039e+01 4.505324101283923710e+01 6.528013269944752039e+01 7.790071781376761351e+01 7.810674019582491212e+01 8.656101459540668941e+01 8.330344820614911328e+01 7.495108679648234329e+01 7.099162345818966458e+01 5.098814145666010944e+01 3.085374947131534640e+01 4.795263822910504814e+01 5.631145604054911047e+01 6.488645702204244969e+01 4.428887656903187775e+01
5.506323356023958698e-02 2.005506323329115759e+01 1.754311928155098599e+01 2.509843220958603993e+01 7.559024961256449515e+00 9.319926774057037733e+00 2.932701578812254084e+01 3.386761136190385457e+01 1.705977193896764632e+01 1.938478732030997875e+01 2.182835524052462617e+01 4.184833449700849428e+01 2.938438453899275871e+01 3.263162757966011895e+01 3.763301535926976982e+01 4.296468734382464305e+01 4.869460543341265435e+01 5.527954658426709500e+01 6.516894017762685110e+01 8.514209181510925362e+01 9.204099117336960489e+01 8.368872644505276526e+01 7.006528882033011030e+01 4.976359076765583467e+01 5.669936182904150712e+01 6.845088042643946835e+01 8.868229817664401082e+01 9.160859522490150653e+01 7.495129034309086080e+01 5.467540375648908224e+01 6.060991657504178676e+01 5.323592287574704329e+01 3.313112142878127742e+01 5.323592286056982203e+01 6.895879830456907200e+01 7.428607921303689920e+01 5.990893496629735182e+01
6.166659562896406599e-02 1.728333262295632444e+00 3.400817282309817280e+00 5.097195141669766727e+00 2.509841422199338723e+01 2.932701329304675042e+01 1.192370530129776895e+01 1.385717914209560675e+01 3.386760736730928301e+01 2.938969489133807045e+01 4.184833536528548592e+01 5.015082514316357987e+01 5.063396180949837344e+01 3.791019196224252141e+01 5.750183202916323211e+01 6.280415198915155628e+01 6.853019285900080604e+01 7.515551599636805236e+01 8.345392710760681609e+01 9.345431852737327461e+01 9.448951874510413518e+01 7.431594964984802232e+01 5.990592640354706333e+01 5.691394057717161559e+01 7.700168369247566602e+01 8.534029757766332125e+01 9.699227182260983682e+01 8.327792113752342118e+01 6.299539802856471482e+01 6.061391877439891118e+01 4.048091150101002711e+01 3.677622565770734298e+01 5.323592110358907092e+01 4.044530290768785363e+01 6.059272652699321782e+01 7.758900055535734452e+01 8.052564132573608902e+01
6.211000661219646946e-02 2.006211000661145505e+01 2.340159214987215819e+01 1.664428571523797018e+01 3.337584686427420166e+01 3.826103895883782968e+01 1.824874744738150056e+01 3.386761135953719304e+01 1.951449535233128785e+01 3.952839777486516226e+01 4.573630179682051988e+01 6.577323026807884787e+01 5.790013979494097640e+01 5.790013979494097640e+01 4.857587247096825678e+01 6.271791334942579965e+01 8.282618400438741446e+01 8.649270003202350665e+01 8.499351367649781253e+01 9.329449866445634143e+01 9.668210256373747313e+01 7.652592345527770590e+01 7.431594964984802232e+01 7.133910841349404564e+01 6.982463262070616850e+01 9.004903548640132271e+01 9.394155442313980586e+01 8.226156748019828058e+01 6.671731036647111068e+01 4.647465048805600674e+01 6.049089101094258325e+01 4.036006366501032971e+01 6.049089057943270831e+01 6.059272662650107577e+01 4.897384238535788370e+01 6.329344483832873181e+01 8.356202052574153072e+01
7.336735264618567121e-02 2.007336735264583183e+01 3.835576106845944366e+01 3.664613716288881307e+01 4.492515947549960487e+01 2.894400831515060446e+01 3.826104292092523451e+01 4.370209471533583212e+01 2.368574721591969023e+01 4.370209471622565900e+01 5.886394388377607356e+01 7.407898123589269801e+01 7.797145778464536647e+01 7.694025694835335116e+01 6.271791334942579965e+01 7.694025694835335116e+01 8.060886690552032974e+01 6.642589352295455285e+01 6.492856371394515236e+01 7.911147523435525386e+01 9.919401065791808492e+01 9.668210256373747313e+01 9.448951874510413518e+01 9.154746838303772449e+01 8.416995323054840128e+01 9.835293593717855742e+01 8.562278807514658752e+01 6.533154624707222524e+01 5.357032731165256934e+01 6.671731036647111068e+01 6.430790955343387338e+01 4.411014804412896240e+01 6.430790955343387338e+01 7.759198421632146392e+01 5.800542336112263087e+01 7.759198421632146392e+01 8.724828080914730322e+01
7.164818186532601052e-02 1.007164818890453084e+01 2.421378867706113525e+01 4.421414924322433393e+01 5.725376255709194595e+01 3.895088066931461412e+01 5.725376255709194595e+01 4.370209471622565900e+01 4.370209471622565900e+01 3.054993303525579762e+01 5.056835765161630292e+01 6.660097385514268353e+01 7.489890980871520298e+01 8.646470329514168895e+01 8.282618400438741446e+01 8.515584764543029905e+01 7.230332507270250630e+01 5.235099891501813829e+01 7.230332507270250630e+01 8.515584764543029905e+01 9.274653612952913306e+01 8.440587885680393754e+01 8.644634713450824393e+01 9.476790403641848570e+01 1.042423956027884486e+02 9.640042106266979260e+01 7.623731584859065435e+01 6.445773836458781147e+01 6.533154624706145341e+01 8.226153320689373061e+01 6.836457706688375424e+01 4.808124063719946406e+01 5.977002710687987985e+01 8.010495064634365292e+01 6.976065787349637048e+01 8.665028473711282686e+01 8.724828080914730322e+01
