MOVIE_S4_data/elevation_000160.asc
nrows	100
cellsize	150.0
xllcorner	0
ncols	100
yllcorner	0
NODATA_value	-9999
[rows 34 to 50 of 100, columns 37 to 73 of 100]
4.263928261052734570e+01 2.845494878511042813e+01 4.847228958010757793e+01 4.639875192608437970e+01 2.986046563517411556e+01 4.988487119922857005e+01 6.176996109926174228e+01 6.800016105618169604e+01 5.720953284731176325e+01 4.156585800941663678e+01 2.147740104572864794e+01 3.571033795152693813e+01 5.570233778516112721e+01 6.564626410412792268e+01 5.748362835903504475e+01 4.549100690286743287e+01 6.504124651785457445e+01 7.935557508800940241e+01 7.115158060755484826e+01 6.829830540761821567e+01 5.898820195603450856e+01 7.544283694995061751e+01 6.965249486372918852e+01 8.942195934362678145e+01 8.494018278982245818e+01 6.813352385136023770e+01 8.494018266483165291e+01 8.010794751525331492e+01 8.845746676195720681e+01 8.824724658428603163e+01 8.975730910827383013e+01 7.293336996763417801e+01 7.630405552073160891e+01 8.845733426847299086e+01 8.641976286507288307e+01 8.491614985398162219e+01 1.023571256997265380e+02
5.082751505108440426e+01 3.084187738735660744e+01 5.082713969373007501e+01 5.815097118877815063e+01 4.988487487788255237e+01 3.351642833904259788e+01 5.350390770973843502e+01 6.377930171690866246e+01 4.234968975949244907e+01 2.732804445259040804e+01 2.225522870674913278e+01 4.233787191005904305e+01 5.172569469591903868e+01 5.077184863364119138e+01 3.771423417669122813e+01 5.746532022010508456e+01 5.801422548121770006e+01 6.463050460053767665e+01 5.137999879881220266e+01 4.876147895145957278e+01 6.829829622553273794e+01 5.553363752922569319e+01 7.544281808339428608e+01 9.381857170194348328e+01 7.663251724345943217e+01 5.656365974962997711e+01 6.590907758596794963e+01 6.003543545525694469e+01 7.124443399444244562e+01 6.816401202433873152e+01 7.696130840137826112e+01 6.142231441760140598e+01 6.478748305576463906e+01 6.841336421018885972e+01 7.223770133970337781e+01 7.707510478335730397e+01 8.224813889256898847e+01
3.435444565904000314e+01 4.499876239595270988e+01 5.907196861455601322e+01 5.741860936412722083e+01 3.745666882262244712e+01 5.350390770973843502e+01 4.617286294962409698e+01 6.611824475444404925e+01 5.721056933784692689e+01 4.826355737585708283e+01 3.388902139198806651e+01 2.338384519559216201e+01 4.343647420938138737e+01 3.086728951190021419e+01 5.077184904713915614e+01 4.800082401658043807e+01 3.777441732885801429e+01 5.409511342097916042e+01 4.003169109158234562e+01 5.253898969211665104e+01 5.851617421534897545e+01 4.797234626820560521e+01 6.791785625268065019e+01 7.398781072956782623e+01 7.072526322439171054e+01 6.245468349659702767e+01 4.582897321074401731e+01 4.844279235857093369e+01 5.118622633791980547e+01 5.401245271448560459e+01 5.694987291903074578e+01 7.696130840137826112e+01 8.480529685644788174e+01 8.845733426847299086e+01 8.641976286507291150e+01 9.656687715372008540e+01 1.022301254507246568e+02
3.696971473390160412e+01 5.689338840574839651e+01 7.314876999365067434e+01 6.024004518637831040e+01 4.028865085781225730e+01 6.024004518637831040e+01 6.027648623496621383e+01 7.438345894849656759e+01 7.388344679953986827e+01 5.387917734899494349e+01 5.168495835930313120e+01 4.342211966656817168e+01 2.451793710338120391e+01 4.447995949443199493e+01 4.662290700813731092e+01 2.793944257978085943e+01 2.886815435434695587e+01 4.876818670141405221e+01 4.814326959613637769e+01 3.250593665711048175e+01 3.855158151271507450e+01 5.496274906215724343e+01 5.604201690118816970e+01 6.413732192593514014e+01 5.397819845732352917e+01 4.240459128029524294e+01 6.247142140667688892e+01 6.851869383264593694e+01 7.099669675456392781e+01 7.404616282138515260e+01 7.696117577451163072e+01 7.327271221934094569e+01 8.746783981449026157e+01 1.076155324624286038e+02 1.065369646668272310e+02 1.023975768620471314e+02 1.109136383396066066e+02
3.977157466039167133e+01 5.968126560355390353e+01 7.724393410378753799e+01 5.731094113843929705e+01 4.320427868956200257e+01 6.314917643190245400e+01 8.021965933011469474e+01 7.957857599380824354e+01 6.800391508751035019e+01 5.904716088351793246e+01 4.734054682172784823e+01 2.734379838375825855e+01 4.452209670891043913e+01 2.575808308471486896e+01 2.662538455933815840e+01 4.652745406778812765e+01 4.888389943326897225e+01 3.019903985604875629e+01 3.114791328144302796e+01 5.105543607958220065e+01 3.390910432613796388e+01 3.497208470510748413e+01 3.603521341830563784e+01 5.590735243250635733e+01 5.483132469113262886e+01 4.011367471878563151e+01 6.015598274353620667e+01 7.025104334827551611e+01 8.000809944200497625e+01 8.076766677502372715e+01 8.222664357536409341e+01 8.426407268422100572e+01 8.631980802854468493e+01 8.841861079491852138e+01 9.056723606755345202e+01 7.931609997801155032e+01 9.679654781349947257e+01
4.288443633427469592e+01 6.303466865116891427e+01 7.914898731515535246e+01 6.618927523819337466e+01 4.625171812790539860e+01 6.035184087608889314e+01 8.028298132106966989e+01 7.125323532213380417e+01 5.123742141066129818e+01 3.969421197349052477e+01 3.074946489712666775e+01 3.093714458730800843e+01 5.093468441389968859e+01 4.578637588369975475e+01 3.632345741878854994e+01 2.987284037563515326e+01 4.986234894749936331e+01 5.025701654830338327e+01 4.448261166777385966e+01 5.646260031359862097e+01 3.664111829281776522e+01 5.498214421566390087e+01 5.604267291679821739e+01 3.753933902735089134e+01 3.860151579075002104e+01 5.862929215604233946e+01 4.182937563134175463e+01 6.190081956065497337e+01 5.925006282054278017e+01 6.061570371487386666e+01 6.206810325338197032e+01 6.408607140893087717e+01 6.613310161281158628e+01 6.821008388538001554e+01 7.033029841093211587e+01 6.729265064042631650e+01 8.070612943080804769e+01
4.608622028196031550e+01 6.653682170273269492e+01 7.088533392496606211e+01 5.096312475123919228e+01 6.618879873323562890e+01 6.618926778841242253e+01 8.612950862379449291e+01 7.290571507719297983e+01 6.458793456941161537e+01 5.329532450603779381e+01 3.329243125487197119e+01 5.093539679879823012e+01 3.628870173958168976e+01 5.625580002741561003e+01 5.517151043023743284e+01 4.992093099363498965e+01 3.321021477256172716e+01 5.259535908659343306e+01 6.279230884444132954e+01 6.477723005790819855e+01 5.668089884218759522e+01 4.062982685439167341e+01 6.073845218718195582e+01 5.764716236540503758e+01 4.977475176758797915e+01 6.626691108721897194e+01 6.145078529840623816e+01 4.356223237763949641e+01 4.496841765556356307e+01 4.639462207568888630e+01 4.784567736130679805e+01 4.986734304840272358e+01 5.192795332007776210e+01 5.402405602897216141e+01 5.616293806947025757e+01 5.834197432329762734e+01 6.060252907330736605e+01
5.038998492694210540e+01 7.083913815595862218e+01 7.915412367622212741e+01 7.088463243725819041e+01 5.603310756625266009e+01 7.594095130334002874e+01 7.876509642594731986e+01 5.871674734587675459e+01 4.456053892527025795e+01 3.700736866269119218e+01 5.329533543227746151e+01 6.159513901624534071e+01 5.628456244781777684e+01 4.194772618652886109e+01 6.193892739606678788e+01 5.576467192369860726e+01 3.560800128923959562e+01 4.723233671683242818e+01 6.738072725538668806e+01 6.785739964610158381e+01 4.772197555553517390e+01 6.073845218787006672e+01 4.572406404837744986e+01 6.595106696359000864e+01 6.919847013315181528e+01 7.754120864505644306e+01 6.628229120600168756e+01 4.612263758743348063e+01 6.508236857975033729e+01 6.061570089853125864e+01 6.797226987647775331e+01 5.089531680996208962e+01 7.099663349077903263e+01 7.412902437801977840e+01 7.625756022002528312e+01 7.843542813363482935e+01 7.213570350201213444e+01
5.495401034341350055e+01 7.536999795272257074e+01 9.115688930467179318e+01 7.120371203743235355e+01 5.973218584245997675e+01 7.963691703824268586e+01 8.465109644088350649e+01 6.458850859439375824e+01 6.138708873338642036e+01 4.136409015368942477e+01 4.225202853104340761e+01 6.230197714690511646e+01 6.610684207889607933e+01 4.611822546482518703e+01 6.610684207889607933e+01 5.831931756860986837e+01 3.809144028771542168e+01 5.828359330357343993e+01 7.552290686163217970e+01 7.323796454686039681e+01 5.310573414084997523e+01 7.323796454686039681e+01 6.595113023350896242e+01 5.113979307654034301e+01 7.147432801866945340e+01 8.067069706849676436e+01 6.039396267952855624e+01 4.874294956533930900e+01 6.896391901073936026e+01 8.076707050411083344e+01 7.099662369747295543e+01 7.099663349077903263e+01 5.403675721615790906e+01 5.905062862371169530e+01 7.317548819520870040e+01 9.348332624444429939e+01 9.241354896492482851e+01
5.981969135232338886e+01 8.016538780638784090e+01 9.941836943309198205e+01 8.370140357126194885e+01 6.378795764140641467e+01 8.370140357126194885e+01 8.369392332388903810e+01 6.806426215642160571e+01 4.803274189077875178e+01 6.138708873338726590e+01 4.609970105928984907e+01 6.618170204464738049e+01 7.057543623524297516e+01 5.059127565003586824e+01 7.057543623524297516e+01 6.094894941365263463e+01 4.063307037422067225e+01 5.236280382425070457e+01 7.267784240936737206e+01 7.930770108365607030e+01 5.917666241470637800e+01 7.930770108365607030e+01 7.555183917206053934e+01 5.513914514318445725e+01 7.555183917206053934e+01 8.913251498740348211e+01 7.177635672095529173e+01 5.149523695123469480e+01 6.579823042089446972e+01 8.620884984086467284e+01 9.123636075753012165e+01 7.656704917351557071e+01 5.651943301905908612e+01 7.656704888967661304e+01 6.684804557520118351e+01 7.578024816383684481e+01 8.747549284640440703e+01
6.516159987810543441e+01 8.538752968672885402e+01 9.959566932318399779e+01 7.960021984923010052e+01 6.811578799593175404e+01 8.805129118727607818e+01 7.537762807083643679e+01 5.534915066204530376e+01 6.806426215642160571e+01 7.022093147417361081e+01 5.010895797239856364e+01 7.022093147417361081e+01 7.542168809678973673e+01 5.544007979487398075e+01 7.542168809678973673e+01 6.370961110160157403e+01 4.329511695656109538e+01 6.370961110160157403e+01 8.106387191984438800e+01 8.643680090010788319e+01 6.627266160411473095e+01 8.643680090010788319e+01 7.991879125066255085e+01 5.940958230035981558e+01 7.390755507214825570e+01 9.443119915932336994e+01 7.471465775881132743e+01 5.436184592352354628e+01 6.869734095024578835e+01 8.924174788247286472e+01 9.079563377770456611e+01 7.051332445559719986e+01 5.904471189066897807e+01 7.908564233515689068e+01 7.438407699116632443e+01 9.473850552119893109e+01 1.046327968831018040e+02
7.288558189225507533e+01 9.298383621995238002e+01 1.078429380880270116e+02 9.304294271244766890e+01 7.307401897830990833e+01 9.304294271722616827e+01 8.116039598898419172e+01 6.112830030936193282e+01 8.116039598856824000e+01 7.453627357985493518e+01 5.439165294417003338e+01 7.453627358406428982e+01 8.076466529276865458e+01 6.077307521443663774e+01 8.076466529276865458e+01 6.656227368831922320e+01 4.605463370916118038e+01 6.057433921624402018e+01 8.101842630068797746e+01 9.481856839795064218e+01 7.787494274626362767e+01 9.481856839794443204e+01 8.478087524675220266e+01 6.412485549178953192e+01 8.478087524675198949e+01 9.244274085847548861e+01 7.173365709258759182e+01 5.734922245367791049e+01 7.164899813049495947e+01 9.185371790599529618e+01 9.936195078456165675e+01 8.171224053232977269e+01 6.165639156270349019e+01 8.171224055122694097e+01 9.473707553137337811e+01 8.872065738202371676e+01 1.092680054995481669e+02
8.296067188611455379e+01 1.012686139857048744e+02 1.093737193888440515e+02 8.937268442035755811e+01 7.936250776945357188e+01 9.936818622867399142e+01 8.784566917566459665e+01 6.778984962765991895e+01 8.784566917485692272e+01 7.919433798233308153e+01 5.900226608596702249e+01 7.919433798233308153e+01 8.680210806774884702e+01 6.677817570874114494e+01 8.680210806774884702e+01 6.954486137236395393e+01 4.895124873891110440e+01 6.954486137236395393e+01 8.098956006699656029e+01 8.955944106650461833e+01 9.813251664087154325e+01 1.065079407454682041e+02 9.016167037772598292e+01 6.929305835155803095e+01 9.016167037772598292e+01 9.669673813614151925e+01 8.110666319350437448e+01 6.050742890372784899e+01 8.110666319307793515e+01 9.749414047432824759e+01 9.892140816885807908e+01 7.840695562945118979e+01 6.431925498070316394e+01 8.441473485434470092e+01 9.809047252155713181e+01 1.092671467843009907e+02 1.177770864242295090e+02
1.030048540256945699e+02 1.112777451724830939e+02 1.175896080768828540e+02 1.064360669321398944e+02 8.642151152969468342e+01 1.064637099688322053e+02 9.617099807276900947e+01 7.673280391488316354e+01 8.956902554927518167e+01 6.910069108158688778e+01 6.611308277957373036e+01 8.634871401720346284e+01 9.390054385961187222e+01 7.382313556596818671e+01 8.565720752166087948e+01 6.499489024233157863e+01 5.299343479313378680e+01 5.535992858710361730e+01 6.012493976614094748e+01 8.098955200313781688e+01 9.797079602562970990e+01 1.085236030310545203e+02 9.626633954262533166e+01 7.509163640286604391e+01 9.626633954219569489e+01 8.781175272961831979e+01 6.676261853704446025e+01 8.110666317336401221e+01 6.770182656131328258e+01 7.973822616586839729e+01 1.011841421953001827e+02 8.912667638431548767e+01 6.894483509141568334e+01 6.915885324532281686e+01 8.941117406070621598e+01 1.035999725807278224e+02 1.157529843923627197e+02
1.061547682583817931e+02 1.169834617563609100e+02 1.198862987330954866e+02 1.146970355078740624e+02 9.799745806756713762e+01 1.146970355085429532e+02 1.051606852435960917e+02 8.832635791420523219e+01 9.798866237408216762e+01 7.825072538854047366e+01 7.514387422328019284e+01 9.470725167421687729e+01 1.022288586814363356e+02 8.277193028822215126e+01 9.413036163382564325e+01 7.834019001537534166e+01 5.742865101939386108e+01 7.608329152215138436e+01 8.098955977645286453e+01 6.805593033344858611e+01 7.868373089902681272e+01 9.991640507550671657e+01 1.038381424219460740e+02 8.185739457089491111e+01 1.038381423310364937e+02 9.307809715809324302e+01 7.157783793578043685e+01 9.307809410751909240e+01 7.394485107597375873e+01 9.511146726532291495e+01 1.100630176269714866e+02 9.415690243673944337e+01 7.383886951088780393e+01 8.941117231340561489e+01 7.434355536803595044e+01 8.598847418574816004e+01 1.068297630707578776e+02
9.047461010578784624e+01 1.091676756886696467e+02 1.018123911646328281e+02 1.146410665082330667e+02 1.180189130482393267e+02 1.261914155274138665e+02 1.167746608458550384e+02 1.084607801436816317e+02 1.075972118790320735e+02 9.046586559481028189e+01 8.685740170357321688e+01 1.037548304916726494e+02 1.112272147087780212e+02 9.439005187330978686e+01 8.993521401440855811e+01 6.840958253762222796e+01 7.834004531015708039e+01 6.626426914332594720e+01 8.758136205079753722e+01 7.691835729838058455e+01 8.976502908868094721e+01 1.085251091027796377e+02 1.129539877067676059e+02 9.214887499908650170e+01 1.129540997815040413e+02 9.630227398500367997e+01 7.694023700409215394e+01 9.931138834129703241e+01 8.107774537128960901e+01 1.038855202274506553e+02 1.129313669781925995e+02 9.232413470287730206e+01 7.946544148280503350e+01 9.974981719830280724e+01 9.470654558508502419e+01 8.022780500377076862e+01 9.039933021795259549e+01
1.061584392482865411e+02 1.055416784548322795e+02 8.895586948843791220e+01 1.055416799337503022e+02 1.140588877032219415e+02 1.214109556664693770e+02 1.141638578521529865e+02 1.173771920510986178e+02 1.198674285508431723e+02 1.121436401141653931e+02 1.071016311506109417e+02 1.154123319894448230e+02 1.228431438520310195e+02 1.145337523880118198e+02 9.619516790070447598e+01 7.950147696765242245e+01 9.527673895430308448e+01 7.325086954864455890e+01 9.529221920252773259e+01 9.014988114098579786e+01 1.036856781472970397e+02 1.205153021995575671e+02 1.246098635675545836e+02 1.080608818742271779e+02 1.233378666682915679e+02 9.755657859061912518e+01 8.413991987790502947e+01 1.077426404601534529e+02 9.754915729856466555e+01 9.619515453897069790e+01 1.201674170870498131e+02 1.064140005068937143e+02 8.559219496712894681e+01 1.064270506628138406e+02 1.058700119323913071e+02 8.497642648695465084e+01 9.960983500744377750e+01
