MOVIE_S4_data/elevation_000159.asc
nrows	100
cellsize	150.0
xllcorner	0
ncols	100
yllcorner	0
NODATA_value	-9999
[rows 17 to 33 of 100, columns 37 to 73 of 100]
4.134338150120169075e+01 4.976641695754810968e+01 4.408079612652597490e+01 2.387866823574522357e+01 4.240624581332148324e+01 5.398424299353013112e+01 4.482234310644570030e+01 5.878594393563579246e+01 7.833026837616903038e+01 8.805879845006883500e+01 7.699390813509316445e+01 6.281141155689114441e+01 6.016574286313467468e+01 7.433972955259349646e+01 6.764712882965673657e+01 5.918931028050980103e+01 5.258088173532308929e+01 4.468722442995120048e+01 2.565707224870708814e+01 4.514529220731570547e+01 5.397998348803945845e+01 5.313578582954314555e+01 4.234517607453069132e+01 4.860413228138610719e+01 4.886728937217005608e+01 3.020342839402705692e+01 3.757678474793338808e+01 5.504568490085718935e+01 5.209299415467990713e+01 3.308992222337531786e+01 5.154479787206977193e+01 5.412825100359454922e+01 5.297984211473546168e+01 3.879482532609850409e+01 5.066977524254006227e+01 6.913803645749482030e+01 5.383734077333340196e+01
4.389930900103820477e+01 2.992415357953693800e+01 4.090296902991418193e+01 2.265339970866636321e+01 3.158763787717095184e+01 5.138351543526864162e+01 6.451034403055808752e+01 5.878594393563579246e+01 7.833026837616904459e+01 8.484595564801585965e+01 6.867710909769844818e+01 4.872428531058785950e+01 4.608832156152833903e+01 6.435134846831850552e+01 5.916865338678598363e+01 3.868143078109375210e+01 4.235449588412430444e+01 2.497829253030023722e+01 4.478454829780605451e+01 3.107592557894862040e+01 5.082338800326098749e+01 6.479357613834713447e+01 6.318978825326947657e+01 6.420840440825233486e+01 4.406682989713034004e+01 4.707427099419092542e+01 3.094113553003386841e+01 5.009861335312850628e+01 3.237440888622283097e+01 5.096285756274921397e+01 5.977801898202712039e+01 6.345173761023745129e+01 4.413483153934390657e+01 5.777889056481297558e+01 6.581742535906056446e+01 7.887808244958343096e+01 6.808924638296112164e+01
5.124136236191846905e+01 3.346317200749526677e+01 2.094013582935895812e+01 4.090261431029428962e+01 3.888977378088323178e+01 4.772949675794077251e+01 6.748506742449477258e+01 7.833026837616904459e+01 8.645150244569794040e+01 7.651534357140333498e+01 5.652248798037219757e+01 4.503874948229129416e+01 3.612035510414684580e+01 4.900887158582137459e+01 5.055681786209530770e+01 4.173757771845146181e+01 2.430371405243026217e+01 3.629218212597611171e+01 5.197831404430425550e+01 5.082436696451072322e+01 3.671486993228009510e+01 5.655096489227450718e+01 7.190648345335854685e+01 7.303240600014395056e+01 6.439331666917051678e+01 5.478357470289832776e+01 3.233925917876789669e+01 3.166391502563537230e+01 5.135351014619598686e+01 3.791813023253860848e+01 4.935270471467699593e+01 6.886387958111858154e+01 6.345185350208636521e+01 5.014254556770021054e+01 6.960706824733155429e+01 8.491839763835371002e+01 8.850348013653034229e+01
5.573718778797094586e+01 3.551511796459822534e+01 1.974665151007354780e+01 3.975782976278542691e+01 5.864203961706495249e+01 6.672522888970584631e+01 7.560455045469083757e+01 9.123713103847850903e+01 8.147006351341904917e+01 7.315147531857770957e+01 7.328294839269000249e+01 6.311408422881157065e+01 4.316114744281156135e+01 2.899079285767113845e+01 2.582446940704477001e+01 2.362979112474002719e+01 3.103598565498734274e+01 5.012582125309730685e+01 6.295366480452378255e+01 5.070340667536608947e+01 5.655096489227450718e+01 4.367199568536864973e+01 6.359490554892884262e+01 8.043396749818955982e+01 7.071413915520966498e+01 5.002498455586114545e+01 3.892589774421995941e+01 5.147021442372971478e+01 5.960737334713685698e+01 4.233345487493118497e+01 6.198910422682185839e+01 7.689977478009562617e+01 7.762002123553666877e+01 6.148235240280800440e+01 5.760933065218006277e+01 7.129353320291851048e+01 9.042556481863053364e+01
4.476154508660685138e+01 3.701097657725468082e+01 1.855102303659136354e+01 3.278628625400616414e+01 5.269559254571533558e+01 6.652307751872967856e+01 6.283953822012748702e+01 8.291294784499798709e+01 6.993686285364873356e+01 5.321960679585166787e+01 6.665775090215173293e+01 5.823154069601561389e+01 4.902662153498325637e+01 2.600707325402201420e+01 2.295252540031065536e+01 3.698483607954340613e+01 5.010385260636581961e+01 4.433596369953974659e+01 6.413318246438150538e+01 6.220108814165848798e+01 7.191296214171732970e+01 6.359490554892884262e+01 5.213780909102930394e+01 7.211217964675051917e+01 7.950675968962718798e+01 6.607425966546421137e+01 4.576074439500057878e+01 6.607425951852613366e+01 6.659799145164707568e+01 4.704643741854515326e+01 6.659799153247594461e+01 8.287807127129741502e+01 8.875336585597932526e+01 8.070563648947903346e+01 6.383450956241117069e+01 8.293831876325276653e+01 8.904858329626802060e+01
3.384397556664453077e+01 1.686436123019142030e+01 3.700909984138250053e+01 4.688318628697495427e+01 5.652132458303986340e+01 4.651957164735002692e+01 6.064463267279634806e+01 8.071489879144390045e+01 6.164380566152961904e+01 4.179812944082920012e+01 5.018563730339946716e+01 3.813549924597185026e+01 3.969378410165634818e+01 2.227292955365837912e+01 3.756237722344536678e+01 5.009786008876220365e+01 6.474679634101580916e+01 6.413318246438150538e+01 7.261372295189750048e+01 8.223453543241602404e+01 9.058829766147509588e+01 8.045157919863328289e+01 6.364085990097656520e+01 6.623691330358633422e+01 8.629632733497159336e+01 7.477185713758225916e+01 5.577118246528634415e+01 7.477181681901105037e+01 6.659799145615708937e+01 6.094863642498932421e+01 5.550455896995553218e+01 6.673257591724197368e+01 8.592695084201281475e+01 8.966302570045951370e+01 7.064229026027963698e+01 8.966341000412097628e+01 8.064088119592642556e+01
1.519815827825579646e+01 3.379166729069358155e+01 4.471796373792086143e+01 4.838970921862313190e+01 3.660305434775356304e+01 5.652132458303986340e+01 7.484177318159458991e+01 6.234740466515089707e+01 5.405917429680322783e+01 5.018587790575860197e+01 3.039359937905540576e+01 3.971892415068435156e+01 2.158767353411458956e+01 2.310284631122711474e+01 4.287947437493031799e+01 5.314581717605544497e+01 6.325609193347773385e+01 7.155806889395266523e+01 7.392821320875458468e+01 8.225021780652306802e+01 8.953968993784798158e+01 9.204925996835542890e+01 8.368421762308021528e+01 8.629632733497159336e+01 9.466624509368007523e+01 8.516368144165626575e+01 7.637733703776629568e+01 8.516366752339904167e+01 8.590039225163296521e+01 8.023674148508375481e+01 6.524933904995678802e+01 7.484640082204059297e+01 9.402466645988486960e+01 9.777469880363558730e+01 8.154098810154208365e+01 9.777469880365515564e+01 8.904862365721717765e+01
3.338560135098732928e+01 4.220183145388840984e+01 4.135584739320756853e+01 2.849492557428270345e+01 4.838972481048703855e+01 6.482836280036977428e+01 6.535184971875395377e+01 5.333736779249343840e+01 3.448400298713680456e+01 3.980110169218135496e+01 4.022674328119686749e+01 2.093090964766996009e+01 3.854913932024415857e+01 4.287132818828515468e+01 2.523614163706436742e+01 4.495038677247124070e+01 4.339545582364655729e+01 5.980490823114952548e+01 5.395484376389411096e+01 7.392821320875458468e+01 7.008417399695581196e+01 8.393504767502197694e+01 8.387555518402562882e+01 7.555733820077350060e+01 8.103362165327683897e+01 8.143873029373015981e+01 8.977194660111294411e+01 8.796819758304314973e+01 9.631680210201731995e+01 9.252120052472720602e+01 8.444054000348046429e+01 9.252243809565352706e+01 1.023301789275549822e+02 1.089742043104258187e+02 1.007588426494967848e+02 9.704621584572359438e+01 7.667538894518295933e+01
1.409333237858164267e+01 3.433510472415863291e+01 2.134680005852839457e+01 4.135584737498506769e+01 5.668038130114142348e+01 6.451008378024739898e+01 5.198560611548729327e+01 3.712071597095341247e+01 2.776465659798622099e+01 1.979986425795118876e+01 2.027159096823462292e+01 4.024175286241908367e+01 4.863799105307312232e+01 5.313180008791261599e+01 4.495038677247124070e+01 2.738247888923156381e+01 4.703995045475087267e+01 3.995574247479045482e+01 5.980490823114952548e+01 6.261724838222252032e+01 5.620694427843711338e+01 7.459422408637489355e+01 6.807820747616985102e+01 5.562159477443606903e+01 6.108602729557934907e+01 6.150469493670376409e+01 7.311120183110607229e+01 6.796747605695860273e+01 8.011397897179770666e+01 8.402717324130547638e+01 8.839988810525470342e+01 9.359115063410148139e+01 9.918087399097487378e+01 1.075317886778724983e+02 1.191734748409766524e+02 1.054341102873107161e+02 9.369331048110608151e+01
2.847483262550001726e+01 1.462304507630320849e+01 3.486037171878509611e+01 4.365115973951355954e+01 5.203977873513997565e+01 5.555662296034560654e+01 3.515658688955340239e+01 2.502157619358664320e+01 1.912392639398413863e+01 3.917654873301266605e+01 3.052054870405086717e+01 3.479009434126570710e+01 5.459107896903423551e+01 5.957951557693579048e+01 3.975272224987978120e+01 4.703995045475087267e+01 2.956087266580601636e+01 4.919508284920939190e+01 5.306731114482338540e+01 4.267452737157456255e+01 5.648678976547854802e+01 5.825326837128029211e+01 5.043702049371611906e+01 4.404393199781033275e+01 4.696756963304665078e+01 5.002160090462248121e+01 5.324335279614640370e+01 5.656326700456362744e+01 6.022538950593825291e+01 6.407284985042917924e+01 6.836236780750240882e+01 7.347928546486389223e+01 7.902418436844091332e+01 9.065521696238259608e+01 1.108292602221637537e+02 1.072551019003918640e+02 8.696499640898076677e+01
4.206621934858835488e+01 2.798631598311034452e+01 1.515996722824857734e+01 3.534300739261389168e+01 3.115341625222928101e+01 3.880833006712727240e+01 4.274161698195840131e+01 3.863829216332252514e+01 1.864030275308478934e+01 3.873491787511258622e+01 4.742124601866773048e+01 5.396783190000380159e+01 6.286386593594131966e+01 6.787507526063700425e+01 5.373181923423632611e+01 5.746382248406500537e+01 4.919503630661758820e+01 3.176056082920337076e+01 3.334301113723635268e+01 3.494535122068025856e+01 3.660527485412049487e+01 3.830371860731222000e+01 4.011228847927166896e+01 6.018432141012858239e+01 6.692854241459046705e+01 6.992980961431278786e+01 7.311120183110604387e+01 6.796747605695860273e+01 8.011397897179770666e+01 7.553004787991849867e+01 8.839988810525470342e+01 8.470101262954673871e+01 9.918184219857919004e+01 9.065521696700206178e+01 1.108293976886391192e+02 1.153542250608137039e+02 1.013006916583547223e+02
5.030288886745840671e+01 3.130140942108486968e+01 2.845093675382254261e+01 1.570183977998509484e+01 1.608740287642028832e+01 1.814009273460618843e+01 3.190816369672165820e+01 3.464426136386783384e+01 1.816021477103203452e+01 3.869418960881236558e+01 5.140273703292130136e+01 5.770442174327971685e+01 6.512109471081009815e+01 7.365896943357633120e+01 7.369710339612043981e+01 6.137578593877713473e+01 4.148280962183989828e+01 5.142929904384835282e+01 4.310402594202225401e+01 5.474685005819951300e+01 5.648663275711410137e+01 4.493660306831230855e+01 6.018425253952806742e+01 4.380192615209379881e+01 6.388121763766334027e+01 7.599636243447285722e+01 8.817583438317517164e+01 8.796819758304314973e+01 9.631680210199716896e+01 9.563491266417246095e+01 1.039932477028535516e+02 1.048564742831518686e+02 1.132139131456740131e+02 1.049211770810908604e+02 1.108293478516323916e+02 1.069925241139708305e+02 8.673297757496496274e+01
5.882605825579571501e+01 5.056003552624834185e+01 4.180955872965764542e+01 3.071294406209108985e+01 1.922174515906974790e+01 1.663589270379550911e+01 1.703634194816156011e+01 1.749590369432446479e+01 2.323818302151163095e+01 2.520272729712315751e+01 3.060716370205759063e+01 3.680409801193346198e+01 4.414357571407540348e+01 5.631089577657607492e+01 7.715605026736832883e+01 6.967696858351558831e+01 5.139311744969162987e+01 6.967696858351558831e+01 5.717500025474475223e+01 7.133384217132066851e+01 5.561470675483208481e+01 6.491110281209680011e+01 7.217268290693074562e+01 6.388121763762434568e+01 4.767035643638043041e+01 6.770088688243276920e+01 6.819795962590767147e+01 8.817583438317556954e+01 9.510918264668012512e+01 1.034598943646122393e+02 1.063239763608665385e+02 1.085313551794093314e+02 1.168924219057039551e+02 1.250931040088744766e+02 1.309946219308810385e+02 1.153552819396599460e+02 1.052330967197127336e+02
6.700687351217024457e+01 5.879356357431552738e+01 4.833915449472307557e+01 3.850704408626445030e+01 1.888897845405240972e+01 3.504075673730591234e+01 3.665988396163647423e+01 1.800788072758246727e+01 3.812189341953750699e+01 4.583588371345711465e+01 5.140273703293093632e+01 5.770442174327971685e+01 6.512109471081009815e+01 7.365896943357633120e+01 8.562736986086554225e+01 7.967673881573742278e+01 7.135845471435375487e+01 7.967673881573742278e+01 7.716783760166369177e+01 8.390501075526391617e+01 6.557212799527290770e+01 8.390502367445068899e+01 8.032308712201725598e+01 6.036564849922414311e+01 6.770088688239133035e+01 5.189851264425414712e+01 7.186396794966258028e+01 7.984559926805815167e+01 7.507555390718808042e+01 8.761526401929036467e+01 8.619470735967198038e+01 8.839541624052793622e+01 1.037320909103729747e+02 1.108606265049358370e+02 1.192211910940976054e+02 1.308682869951372538e+02 1.142878140338107187e+02
4.788533887393333544e+01 3.924683412064962340e+01 4.071293668345590078e+01 2.101179863542863657e+01 3.862614039411997169e+01 3.824109758601036901e+01 4.593838414589442465e+01 3.812353914070045136e+01 1.899419923991625581e+01 3.921813466981743801e+01 4.884425112890458109e+01 5.460991478110765485e+01 5.460991478110766195e+01 7.564473197275998473e+01 9.246499987424439837e+01 9.113650048675968662e+01 8.309477809990467279e+01 8.563299282153799652e+01 9.366354700189324944e+01 9.393162036630673128e+01 8.560060228516124425e+01 9.393162087491826640e+01 8.864237451025749692e+01 7.445893877139238271e+01 8.016375891635769335e+01 6.601676088811731802e+01 5.651725298054658708e+01 5.994647959373494928e+01 6.363290286013106112e+01 6.766412321483576875e+01 7.207682437254550223e+01 7.757609502134357626e+01 8.359628031093585321e+01 9.069799036491443189e+01 1.023312774627089681e+02 1.225111006818698769e+02 1.259375482423924666e+02
3.425673604135235450e+01 4.283368440685153899e+01 2.308394538469249113e+01 4.071296232312715091e+01 4.885943593886850778e+01 5.745305472298129246e+01 5.348712725241556143e+01 3.334635840809674789e+01 3.913714194829155701e+01 2.013845396536384058e+01 4.041677860047117576e+01 3.412033904904987480e+01 5.460991477472523314e+01 7.232858907635643675e+01 7.273603972805281614e+01 7.273603972805281614e+01 6.327745163758743985e+01 6.586263583837848046e+01 8.563299282153799652e+01 9.556306970490248887e+01 8.713754139006995558e+01 9.197307478839908867e+01 1.004186636108186548e+02 9.448049141341375901e+01 9.431075669047348242e+01 8.474167314681631069e+01 7.057899108788697617e+01 7.139521102464175328e+01 8.354276170108937549e+01 8.173024089900434319e+01 9.209043364103064278e+01 9.766093692547927674e+01 1.037320909103729747e+02 1.108606265049358370e+02 1.192211910934958752e+02 1.157426132058255916e+02 1.240868935908767980e+02
4.572781652634052563e+01 2.607667242458185441e+01 4.283368614549216602e+01 2.642363085289265001e+01 4.603298396500908041e+01 5.738447369561904310e+01 6.176435428876543199e+01 5.346482249381833185e+01 3.992330880614919408e+01 3.978729561559844541e+01 2.134318568997013799e+01 3.144322630003955155e+01 4.307732374010714693e+01 6.364211104363457849e+01 7.097543246525762584e+01 5.287900574284984145e+01 5.183309561304419333e+01 6.586263583837848046e+01 8.563299282153799652e+01 8.403148614421900220e+01 6.731657405496136448e+01 7.203523964602042895e+01 8.481734919833243680e+01 9.330684566122933177e+01 9.224560355163249881e+01 8.402246432208833937e+01 9.056559833679868632e+01 9.138904428040622463e+01 9.973303967748813648e+01 1.018229666511640090e+02 1.014149416962403905e+02 9.314788074634751069e+01 9.624357969964303550e+01 1.045303058943526651e+02 1.056717169349370380e+02 9.570712108493620462e+01 1.124974144659996114e+02
