MOVIE_S4_data/elevation_000506.asc
nrows	100
cellsize	150.0
xllcorner	0
ncols	100
yllcorner	0
NODATA_value	-9999
[rows 34 to 50 of 100, columns 37 to 73 of 100]
5.425139058141754589e+01 5.669563632412231868e+01 7.577865117709778531e+01 9.184001634510511280e+01 8.376135967519759618e+01 8.318908170702501081e+01 9.206927131096394135e+01 8.580275341371380193e+01 7.191096169857809173e+01 7.191095294441804242e+01 9.163341081855494963e+01 9.069580830056774801e+01 1.028081483570855852e+02 9.314604700520430924e+01 7.306530797744882477e+01 5.919398501501060395e+01 6.377724958593994842e+01 7.777998933394830772e+01 8.617557842236342935e+01 8.312289838446574208e+01 7.432367342928630194e+01 6.192730997154817629e+01 4.195722415384427251e+01 5.508823898767614935e+01 6.621484546887438682e+01 8.619809622084292755e+01 9.240632906997839768e+01 9.855524119584636367e+01 9.029230505763217707e+01 8.303483973180316013e+01 1.027806553398582707e+02 1.102668258386622000e+02 1.008765007846119488e+02 8.171260209170273470e+01 7.824263504734777541e+01 8.243734606513906726e+01 1.021237066228175792e+02
4.330374613904400150e+01 5.669563632367789552e+01 7.577864986229081978e+01 9.144888680154068084e+01 7.987923138060996564e+01 6.271791510244293733e+01 7.987923141846374619e+01 7.768752711910167363e+01 5.794295294929940354e+01 7.768752711910167363e+01 9.319719595093442877e+01 7.651702038018973440e+01 8.283325516897330942e+01 9.688804514691864256e+01 8.735904591267184571e+01 7.217165801380647849e+01 5.247230971721112525e+01 5.800319614112974875e+01 7.467499478857509132e+01 7.485888207532443062e+01 5.575124539300469451e+01 6.067045491176565974e+01 4.144636848318913280e+01 6.135071653385882229e+01 6.517179743653316848e+01 8.481244959243680626e+01 8.988629952211648799e+01 9.111279570434942343e+01 9.945673344535822480e+01 1.027806553398582707e+02 1.027806552519472945e+02 1.228423188482495050e+02 1.097393305083003838e+02 9.294890042031890687e+01 8.610673555546409830e+01 1.021237066228176076e+02 8.924962956331653174e+01
5.373230241549339326e+01 6.692892168830897504e+01 7.500392261764594082e+01 7.130945070977327305e+01 7.126469933202579909e+01 5.127402334229654457e+01 7.126469933298564285e+01 7.144371711048458451e+01 5.167869702525439379e+01 7.144371711048458451e+01 8.429180672596454826e+01 6.503578893499364710e+01 6.872220686723784411e+01 8.868376593029438482e+01 9.415021146264959384e+01 8.047351652372542219e+01 6.636201684983001314e+01 4.677690192704058347e+01 6.137322757953320718e+01 5.958650435075779939e+01 5.998833695727089577e+01 4.074304446183192852e+01 5.182235840647249603e+01 4.543415573134006991e+01 6.519255579392411448e+01 7.256741944896830887e+01 7.016712060997515721e+01 7.123882517088014765e+01 8.790024640515800058e+01 1.019949040560042732e+02 1.035165008546481999e+02 1.118416976289963571e+02 1.213230137813823291e+02 1.129354693241359939e+02 9.587182033453099450e+01 1.142849678969818399e+02 1.006302913512754884e+02
4.032957454441883982e+01 5.679034031307215002e+01 5.432959500077488713e+01 5.660448310222542290e+01 6.413941800690186312e+01 4.447395688041063266e+01 5.563760529801276533e+01 5.874853215116519323e+01 4.617818583181111336e+01 6.596178907190410712e+01 6.827879489613054886e+01 5.622333509795068096e+01 7.605896719151583341e+01 8.314280557512992686e+01 8.596775049624234555e+01 6.608359585653400359e+01 6.949109152086192864e+01 6.057813144637712810e+01 4.208154037154269389e+01 3.957516354199503894e+01 4.005339038425344711e+01 5.988464237643761123e+01 6.734331738349185059e+01 5.250911394091999540e+01 4.985779412402008859e+01 5.299722665163879043e+01 5.638848928360570056e+01 5.997258042909106024e+01 7.380589109468330378e+01 9.085964340454020771e+01 8.350425230004356081e+01 9.763095138391352634e+01 1.177254742490966350e+02 1.243554526941755114e+02 1.159564243753406885e+02 1.243554526941756535e+02 1.208230921392722905e+02
3.048705617132125312e+01 4.989495224345068891e+01 3.941115002139247991e+01 5.205941185748882560e+01 5.206653511501627918e+01 5.164105549852462218e+01 3.268504582987253571e+01 3.898119812455333033e+01 5.871154976161043493e+01 6.122321320646048548e+01 4.855465275173484230e+01 6.759723976494503006e+01 6.157123596410622213e+01 6.149197063662153084e+01 7.355212859007575332e+01 6.971820751316097642e+01 4.986535774728039172e+01 5.821323762994079232e+01 3.890795203177415829e+01 5.881002441325459529e+01 4.006131082164924351e+01 6.443476566213722379e+01 7.961345299126365660e+01 5.989158445917173168e+01 6.947296043535376953e+01 6.168514270322653914e+01 7.597844645655096940e+01 7.962884603885521528e+01 6.595612623543847519e+01 7.099931969706743473e+01 8.240471067178646081e+01 9.652399490913754221e+01 1.166176714816563020e+02 1.251454916156600063e+02 1.332606579416972750e+02 1.329969110592802792e+02 1.247556053423782316e+02
3.856537268647539918e+01 3.100384078611251937e+01 3.137637042805723198e+01 3.174758771209263486e+01 3.211842395583447285e+01 3.248804990258730641e+01 3.285788971687326665e+01 5.239685780666051329e+01 6.089621607501269551e+01 4.147346630452290839e+01 5.479900142699383281e+01 5.514103121441268485e+01 3.923021605438540860e+01 5.860206383619358661e+01 5.420146079601953204e+01 5.706733759204169587e+01 5.752780130688946514e+01 3.825506363348267769e+01 5.818805590842875830e+01 6.693645773146444355e+01 5.266509632390109630e+01 7.147056266197564867e+01 8.799698034790624490e+01 7.122355476610108838e+01 8.799698034790624490e+01 7.297521960956915166e+01 8.964286295235727664e+01 9.402577147138937619e+01 7.576979830813993999e+01 9.085964349477107760e+01 8.499564760419356446e+01 1.050165819035033365e+02 1.218844494325362859e+02 1.053947518867446860e+02 1.218844494325362859e+02 1.213353613059058347e+02 1.044320645620417594e+02
5.175682225022047334e+01 3.266059153132142967e+01 4.369769511393886319e+01 3.646979227805037738e+01 5.083021537699698200e+01 5.192009548073146874e+01 5.252733099502258085e+01 3.338179876818009006e+01 5.282206863754999659e+01 4.688734683567553674e+01 3.483967108255422573e+01 3.523079137845493136e+01 3.944067435720875636e+01 5.109325050995110473e+01 3.675176308820426385e+01 3.715447078396156400e+01 3.760888815624540626e+01 5.754070320468862576e+01 5.019147356164297236e+01 6.964835553321344719e+01 7.181237176022163737e+01 6.605911819197403645e+01 8.570196964882173063e+01 9.125360239426483133e+01 9.956893224706112733e+01 9.284071588547615761e+01 1.011418359018204995e+02 1.040102947352212652e+02 9.569366143704898775e+01 1.040102947352212652e+02 1.050165819035033365e+02 1.133419466281451378e+02 1.137423967164765912e+02 9.381793216674866187e+01 1.137423967164765912e+02 1.130218036019643932e+02 9.228620411130745538e+01
3.509260438566289508e+01 5.160784148984082975e+01 4.954845639040715355e+01 4.999031600871411740e+01 4.416602319023036927e+01 6.273603402575686516e+01 5.889454520788672909e+01 3.584348533008063953e+01 3.390898792614657964e+01 3.429206118588916041e+01 4.596916968448086038e+01 5.503030342437197930e+01 3.578880837460136632e+01 3.618555482887683183e+01 4.054236081779924916e+01 5.668316057588034340e+01 3.811371152748471047e+01 5.793453130886493341e+01 6.964845373812947571e+01 6.676070482467818579e+01 8.579025173742950017e+01 8.570196964882173063e+01 9.397444282966539220e+01 9.645175228774743914e+01 9.799796497023847053e+01 8.976741634711136442e+01 8.504116012177340167e+01 9.329147439848087231e+01 9.511890702663880859e+01 1.033852877454655470e+02 1.215823992466648775e+02 1.197049471511057988e+02 1.066980347191647382e+02 8.676507575847791998e+01 1.066980347191647382e+02 1.074799815302927186e+02 8.698284376711470145e+01
5.433210318772511016e+01 5.423838264235644147e+01 6.708964299462569159e+01 6.749851213620708279e+01 5.007886758219033396e+01 6.833978593843409044e+01 5.647994957772266389e+01 3.647738563942206014e+01 5.371092018133268908e+01 3.771394913695991136e+01 5.786687667468640939e+01 5.681831710186615680e+01 6.418708894838307799e+01 4.963880405238846549e+01 5.928177083549645943e+01 5.887013630025735722e+01 3.881699427391967561e+01 5.308098190235036640e+01 7.284714475125456090e+01 8.548709230403433423e+01 7.920589146403474956e+01 8.373590557215280228e+01 7.687721252276146799e+01 7.681178313302667959e+01 8.392689202817344096e+01 7.006088238253926193e+01 6.537253151436225096e+01 8.109073875977061618e+01 7.528008132566525035e+01 9.511890702663880859e+01 1.015680653249386154e+02 1.059581725926211107e+02 9.224342315101208101e+01 8.079784576945456820e+01 1.006880214615147224e+02 1.147049861278421190e+02 9.423871691088581315e+01
6.507122247853402541e+01 7.331202011076075564e+01 7.760115799729115338e+01 6.009148988613558373e+01 6.834862925328151562e+01 7.567416737706452068e+01 5.851148594746626230e+01 3.843573529767827779e+01 5.850478653387786210e+01 6.049285727956601022e+01 6.777970993781953268e+01 7.300314481299142244e+01 7.110362835000897519e+01 7.724874712330890247e+01 7.357899752214832745e+01 5.401880917797843296e+01 3.971742651634975374e+01 5.981345684469835078e+01 6.936353032464897694e+01 6.392226630892977113e+01 5.955980195454422699e+01 6.600378592733400751e+01 5.799612969599625245e+01 7.637036383678564277e+01 6.496898585753406508e+01 7.185523907957542633e+01 5.425397894285983114e+01 6.149824483061287594e+01 8.109073884270243582e+01 9.701779009011984556e+01 8.743644363771420558e+01 9.110011646136089780e+01 7.823353636265363775e+01 7.533983400757284699e+01 9.535120663375154493e+01 1.105222824426630410e+02 9.062441912215818718e+01
7.559618786843152805e+01 8.732808722266980794e+01 7.711086003124977140e+01 7.253778631805303689e+01 8.481810302546287517e+01 7.735802006683390175e+01 5.740689657759605780e+01 4.326079903936625470e+01 4.173772145703856751e+01 6.174795483215608982e+01 7.336868463563411069e+01 8.333427189049534434e+01 8.807764085145454658e+01 8.768233228051769856e+01 6.918298889483445180e+01 4.937751989844652911e+01 5.981341120112990950e+01 4.116799738448368373e+01 6.116114302720767171e+01 4.436947106235144389e+01 4.555794316503240537e+01 4.675400259364064226e+01 6.342568891116528818e+01 6.886707372705295427e+01 5.135501202902742079e+01 5.254508277734289123e+01 7.199068887224204616e+01 5.598131676637434850e+01 7.542864715105932305e+01 7.718607234012247886e+01 8.091263964156965471e+01 7.127521512397584047e+01 6.841715155404278903e+01 8.817493532231883080e+01 1.035425222670757393e+02 9.992846876989726468e+01 9.169560912586996437e+01
5.908019956734800360e+01 7.942187254819199893e+01 9.348592295415707554e+01 8.960325478032255830e+01 8.782972453833892246e+01 7.087166070439450039e+01 5.088176156338292344e+01 6.325079889128009114e+01 6.171579521638709309e+01 4.511487717338466297e+01 5.513831758285438411e+01 7.547809328523105421e+01 9.149738680930761348e+01 7.137770011228531075e+01 5.997340271136749124e+01 6.488101342693629192e+01 4.506987695195162047e+01 6.111069780617218328e+01 4.269857506769815814e+01 5.973058990010668623e+01 6.505927089101112415e+01 6.644476463135343636e+01 4.845951491396599664e+01 4.966163553391587016e+01 6.920341772980023620e+01 5.751658531537552932e+01 7.684842495585969857e+01 7.542864711169745817e+01 5.769823471689024785e+01 7.718606941338708793e+01 6.126543381378876063e+01 6.257756186116379382e+01 8.185684103054856564e+01 8.567014295899774368e+01 8.728704822293104826e+01 8.902923866089115279e+01 7.201134044751090357e+01
7.082887535037633597e+01 7.649836107620711800e+01 9.673850078791166140e+01 9.409724964211677900e+01 7.359209228420401416e+01 5.936060579727676156e+01 7.087166070439440091e+01 6.845998310091589190e+01 4.864613161802699892e+01 6.501378338464124340e+01 7.336868706208906588e+01 8.407544424339030797e+01 9.987593574625844894e+01 8.824157976745271981e+01 7.988128027877083071e+01 6.752312143918274501e+01 4.784099939292270420e+01 6.751036832902850904e+01 6.217569108967165192e+01 4.627448439242645861e+01 6.432279389970544514e+01 7.444752172028354664e+01 6.960313531198167425e+01 6.345757377563425194e+01 7.744986030231278562e+01 6.278956033056606145e+01 8.211212773119285657e+01 8.535740233976245861e+01 7.657890071611285521e+01 5.942624432166247317e+01 6.617085680444301943e+01 6.667493722669949818e+01 6.459828789686820016e+01 6.604410510781347909e+01 6.751515044560686363e+01 6.935876413352450243e+01 8.901981379322948840e+01
5.686822921771415906e+01 7.059145795021967729e+01 9.075914914908877051e+01 9.409724964211677900e+01 7.359209228420401416e+01 7.418359301985250909e+01 8.808984790366909579e+01 7.093335304442398126e+01 5.115293107916612314e+01 7.093335304368061145e+01 7.985755346900694462e+01 9.958097602926807212e+01 1.038043111214730772e+02 8.920360447167705331e+01 6.941843636346166591e+01 5.560694309185920758e+01 5.107293907021011137e+01 7.065944192906538035e+01 7.454462214555668709e+01 6.624432701478168894e+01 4.990160922663264387e+01 6.947790884688424740e+01 8.130954325168998764e+01 8.333996183830997495e+01 8.781641631373254597e+01 6.851272531410171496e+01 8.781641631373254597e+01 9.597261572236163829e+01 7.552866949370657323e+01 7.415643078578899861e+01 6.429001548757337048e+01 7.198350040572618980e+01 8.438655460277908560e+01 7.995376638657720036e+01 8.536894937329783772e+01 7.110699525144679001e+01 8.325343792956212496e+01
6.209137470715781859e+01 7.279163459716649243e+01 9.299182140058383084e+01 1.025876035251934866e+02 9.409724964211677900e+01 9.631895624562358194e+01 8.696608101058151874e+01 7.353342837739344873e+01 5.368947915110897640e+01 6.100590409034030870e+01 7.417597665811376828e+01 9.357409328278561134e+01 9.551028249701968775e+01 7.562636495765610789e+01 6.431506618602077197e+01 7.387408369423538090e+01 5.432026749925395137e+01 6.808533476366982029e+01 8.785017965182738919e+01 7.767696963580009140e+01 6.947790884688424740e+01 5.356353940050675533e+01 7.305050561129628761e+01 8.364308486863417613e+01 9.350183967427813059e+01 8.781641631373254597e+01 7.873649846793864526e+01 9.824317178785301508e+01 9.602904877599632982e+01 9.285562266873564852e+01 9.217268454578754699e+01 7.251555117658764971e+01 9.378544879675135348e+01 9.987255610261439642e+01 9.997586342119824110e+01 9.210210246277618751e+01 7.480821767223639540e+01
6.767712328710075553e+01 8.786447986946835442e+01 1.014484911493272676e+02 1.089942138717817386e+02 9.749199064866947140e+01 8.915287165890259757e+01 7.758642658893531063e+01 5.883944373742504297e+01 5.777569116980458119e+01 7.740193499478881733e+01 7.985755347275235749e+01 9.958097611780496550e+01 9.661225251725298335e+01 7.671843464602903850e+01 8.403029735132695066e+01 7.728310137531191515e+01 5.769978574321109477e+01 7.147706140183854018e+01 9.130012182295172352e+01 8.442664966192177189e+01 6.478715285264877366e+01 7.308778089233918251e+01 5.750590089146466966e+01 6.499947371676668695e+01 8.566962127151738571e+01 1.010360842850678154e+02 9.824317178785301508e+01 9.247286894919230349e+01 1.121739151599478106e+02 1.065321638282117362e+02 8.638266578727990463e+01 9.378544879675135348e+01 8.260259301993521319e+01 1.028325691857916695e+02 1.140372746115328084e+02 9.440842463963764430e+01 8.268002976405955451e+01
7.518922058447125778e+01 8.796852567984140592e+01 1.088801105716245559e+02 1.007759701809277146e+02 8.068420233577826650e+01 6.910497825476421951e+01 6.441701360017583511e+01 7.873643039878109562e+01 7.769130775031540281e+01 6.400626670555806186e+01 8.401437543371829975e+01 1.009061378837396745e+02 1.049070403834612364e+02 9.075304277720580615e+01 9.499226189629639805e+01 7.510947911030980606e+01 6.127764456359032863e+01 7.254048068042953901e+01 9.239742146907029507e+01 9.270830674762889601e+01 7.604400362104966860e+01 8.530983594395945602e+01 7.705838448598827028e+01 6.172092300661928732e+01 7.290754324144877785e+01 9.269752832216465777e+01 1.086435853101524742e+02 1.121739151599478106e+02 1.203958171643506887e+02 1.147057841515308780e+02 1.007149171605784943e+02 1.110007845493360463e+02 9.440268575533109185e+01 9.700314202073762715e+01 1.169060514594366254e+02 1.108609354251060495e+02 9.260896227704905925e+01
