MOVIE_S4_data/elevation_000485.asc
nrows	100
cellsize	150.0
xllcorner	0
ncols	100
yllcorner	0
NODATA_value	-9999
[rows 34 to 50 of 100, columns 0 to 36 of 100]
6.606448164489217567e-02 6.390619801956580304e+00 1.305728646739262189e+01 2.061657586697343092e+01 3.475854889750491594e+01 5.475234911903188362e+01 6.608243003992853914e+01 5.416796958557315378e+01 3.626416375049025476e+01 5.416796560229963120e+01 5.548971434725948626e+01 3.865708933700634020e+01 1.865009833061102285e+01 3.865708933703509587e+01 5.178334008038855529e+01 5.396433070141917909e+01 5.648180714921261369e+01 5.912414940505510685e+01 6.080364950197238016e+01 4.408843114517019046e+01 3.847845537110282521e+01 4.360882846199522334e+01 5.021340890816092184e+01 6.015722537615968690e+01 8.022492513000720749e+01 9.058729876270179204e+01 6.940029976128970191e+01 5.827075890911275025e+01 5.088407144705415419e+01 4.485816899835786842e+01 5.770327808459649077e+01 4.463853337307376279e+01 3.182473443528630597e+01 5.083627694206850123e+01 6.395256396010998401e+01 5.013842114052935983e+01 5.771198240836674387e+01
6.290596198942818851e-02 2.006290596198907394e+01 3.305627877023189853e+01 4.061429613085188350e+01 4.888392812082632588e+01 5.427129234569365934e+01 6.254657883349692327e+01 6.396422741797550771e+01 5.601556733720303072e+01 6.398173701162050264e+01 5.018445008464194501e+01 3.021959512886700239e+01 3.865055262912373024e+01 2.351754362799008646e+01 4.350486722570835241e+01 5.523696485315220883e+01 6.228304712288209544e+01 7.058422754624999129e+01 7.233544439363004130e+01 6.403002242109393194e+01 4.598239633113323066e+01 6.353178529043976397e+01 5.985445422130933935e+01 7.019251202050844540e+01 8.854877022207375603e+01 9.893177084018397238e+01 8.849050273206744066e+01 7.999378887152612094e+01 7.275277641924721195e+01 6.643982421859281828e+01 5.605035508967682034e+01 3.913575808493649788e+01 3.219654675887066020e+01 5.121237831520944184e+01 5.204152667554375711e+01 3.617948520290957504e+01 3.839351164067652178e+01
5.954267593782444634e-02 1.420167829966865014e+01 3.420167829966793960e+01 5.203390493536067396e+01 5.101146414010902674e+01 3.429217330351092130e+01 5.101146414092898596e+01 5.731000749920190174e+01 5.731146601032899213e+01 7.725462325833660771e+01 5.847757232346521050e+01 4.174860195089155468e+01 3.984238281641135160e+01 4.350486724989927723e+01 2.898138823914386109e+01 3.531080270240744312e+01 4.235371692908467622e+01 5.383118082302387108e+01 7.382851119785932781e+01 7.423682883279457201e+01 5.591135933105422140e+01 7.423682883279457201e+01 7.989403216335328750e+01 8.821310872054853292e+01 9.865348172244281955e+01 9.679356001069790238e+01 7.669079938286839138e+01 6.519009004281194564e+01 5.643471353818031844e+01 6.565631255821929813e+01 5.522189767662718651e+01 3.611483004247456563e+01 3.940425695635747161e+01 3.270665891327289643e+01 3.306068631867921681e+01 3.341099003999510586e+01 5.244755721493421419e+01
5.541180393181056874e-02 1.419754742766288658e+01 3.419754742766359357e+01 3.205241184437316804e+01 3.205241184437345225e+01 2.274876522325636330e+01 4.273621904891187739e+01 3.733905309909317793e+01 5.146611873306419227e+01 7.142844278882418507e+01 7.004952613088609326e+01 6.171128572848076743e+01 5.394265980088067636e+01 5.391768097712797214e+01 3.398999353004816726e+01 5.391768097712797214e+01 6.228304712288209544e+01 7.058422754624999129e+01 8.214212008512048158e+01 8.425936090624767871e+01 7.593949104752343260e+01 8.425936090624767871e+01 9.043401537799783796e+01 9.043401537799783796e+01 9.874327615427617388e+01 1.051005174144129626e+02 9.350567147556350278e+01 8.455634288523414455e+01 6.565631260688225268e+01 4.613938079477964749e+01 4.018446426540185001e+01 5.522189767770044710e+01 3.978575987765164967e+01 5.172579444544305716e+01 4.688187932138047387e+01 4.998325506604765422e+01 3.391031171713579084e+01
5.132731495283296419e-02 2.005132731495247711e+01 2.502965923816543281e+01 2.788520330068024933e+01 1.205890568602980828e+01 1.872553890423413137e+01 2.579630823109604520e+01 4.578107396347034097e+01 5.158746684448347963e+01 5.789507625145331104e+01 6.494077093246340837e+01 7.319076505630766860e+01 7.392107371506928359e+01 6.096174497994407915e+01 4.103812328593384962e+01 4.658343928650866417e+01 6.067182103981556907e+01 8.070070382628264838e+01 9.289757675261904524e+01 8.464333642772049870e+01 9.289757675261904524e+01 8.457159693050439841e+01 7.039991770673256610e+01 7.039991770673256610e+01 9.043401537799783796e+01 9.795288261831819909e+01 8.790680244643139929e+01 7.957806439479358573e+01 6.460148182347032275e+01 4.511685542219908029e+01 5.948456824690680378e+01 6.467341015254071124e+01 4.513749772476539590e+01 6.467051877715053365e+01 6.684330532249869350e+01 4.991315463008555753e+01 4.991986873790610701e+01
5.077994834438732952e-02 2.531474640128510867e+00 5.031474640127062692e+00 7.888617497167831338e+00 2.788520330068077513e+01 1.760589828422802228e+01 2.177616158106047806e+01 2.662674930338412693e+01 3.162630221938130504e+01 3.794866393511998126e+01 4.501253698451042595e+01 5.652630749537895127e+01 7.643514174889884316e+01 6.926080581164053740e+01 4.992218631088768888e+01 6.653814498838124791e+01 7.484335263400328131e+01 8.378834854591640635e+01 7.553448117610086854e+01 6.471948896710537724e+01 8.293511827561565042e+01 7.626776905969258280e+01 5.625449959036160408e+01 6.959667923658216182e+01 8.962982422801856330e+01 8.961785182680824846e+01 6.953827696277878090e+01 5.966404778415427046e+01 5.234097723835004246e+01 5.039955983013873464e+01 7.005212181933936222e+01 7.124551248540815607e+01 5.152920548689620261e+01 7.124551248540815607e+01 7.799825691568649688e+01 6.955055967136334516e+01 6.041840911780421663e+01
4.095169275885861271e-02 2.004095169275850452e+01 2.502965923816543281e+01 1.319641823599873121e+01 3.319325954410800250e+01 3.174303835879058866e+01 3.590995743977742904e+01 3.805271033492274313e+01 5.158746684448347963e+01 4.793043195221669350e+01 6.494077093246340837e+01 7.319076505630766860e+01 8.468754101183859007e+01 7.820443959025428171e+01 6.401917184515160386e+01 7.820443959025428171e+01 8.395055024786053366e+01 6.400856366595905911e+01 5.557100644468742701e+01 5.471434048918165161e+01 7.468141269741298061e+01 6.959667923658214761e+01 4.958594094257563256e+01 6.959667923658214761e+01 8.410811005189906098e+01 9.795288261831819909e+01 8.469095861570647799e+01 6.470586183900987010e+01 7.205127360105623779e+01 5.619939682424271155e+01 7.603182343212034766e+01 7.954986837992295534e+01 6.128268089568359045e+01 7.954986837992295534e+01 8.333123282568661239e+01 7.503293170153781944e+01 6.635183871603121020e+01
3.794593529682660504e-02 2.003794593529647017e+01 3.951629606665164118e+01 1.952090628661058247e+01 3.951629606665164118e+01 5.171511181161456250e+01 5.586152349692551411e+01 5.753733950638628869e+01 6.583242363367138239e+01 6.785940608662487250e+01 7.611124580911153714e+01 8.431288958730453942e+01 8.326668041683385013e+01 9.155051007751343661e+01 8.407345556080146309e+01 8.864424548754935529e+01 6.880617390506394315e+01 6.400856366595905911e+01 4.401329479036024850e+01 6.400856366595799329e+01 6.587471356322210170e+01 5.757882632885623764e+01 4.423931004943815992e+01 5.578896949586744825e+01 7.580463342744945976e+01 9.301853861658290157e+01 9.302194702838849594e+01 7.880163548869843737e+01 8.269911264153613217e+01 6.269724501328891364e+01 8.269911264153613217e+01 8.954052495956368318e+01 8.120834407514611542e+01 8.954052495956368318e+01 7.503293170153781944e+01 5.532659872441348625e+01 5.835015219855699087e+01
3.760068892276602348e-02 2.003760068892241009e+01 3.653502116607450745e+01 3.951629702042758652e+01 3.106676302867575501e+01 4.261057961081495904e+01 6.259776323666311981e+01 6.649148570247162127e+01 5.795575515223637098e+01 6.675278193289115336e+01 7.847863859398825070e+01 6.435971717351283417e+01 6.331450024118228725e+01 8.002308700566528898e+01 7.711749347903692353e+01 6.884369506169240083e+01 6.880617390506394315e+01 4.885393609308987806e+01 3.884992595036879948e+01 5.279345848905631300e+01 5.213487583192112140e+01 3.757443330372959167e+01 4.573798748872255260e+01 5.468428167522829142e+01 6.468582614353337590e+01 7.883813583757624599e+01 9.888904375025755655e+01 9.890904238212684163e+01 9.103475472413151692e+01 7.263646801953095178e+01 9.103475472413151692e+01 9.218506027570732897e+01 8.385956642056032706e+01 8.384013867742950765e+01 7.219630254684025772e+01 6.109845002109305767e+01 4.156345722252741837e+01
3.621519728617531020e-02 8.201197382268434311e+00 1.975077182491547845e+01 3.986045213699825496e+01 5.105815738993718611e+01 5.933051559721412360e+01 7.086556513422910086e+01 5.623105017806059891e+01 3.747087562715444164e+01 5.623105017806058470e+01 6.844976302464247908e+01 5.011275561690723634e+01 5.167459873606381393e+01 7.174727365323728634e+01 6.558547240208694973e+01 4.887002694473359554e+01 6.558540163565426440e+01 6.578090936488203511e+01 5.176361123393328256e+01 3.268067766741293667e+01 3.213400976229987549e+01 3.551317880103550095e+01 5.551596354395213950e+01 6.881960257336631059e+01 7.403721322476819466e+01 8.036793999599591132e+01 8.868313846540600309e+01 9.765089864201826231e+01 1.010971118482386260e+02 9.276175726354132678e+01 1.010971118482386260e+02 8.386011063647093522e+01 6.389911650822390499e+01 6.389873993637736760e+01 6.394540796345303590e+01 4.452666473553460236e+01 6.109845002109290846e+01
2.661327423881425236e-02 2.002661327423846060e+01 3.653502116544714795e+01 4.826064024627398652e+01 6.398185318236880903e+01 5.955563991998250373e+01 5.109132781549859459e+01 4.764746981263277803e+01 2.740075478983235513e+01 4.764746981263277803e+01 6.015831085719177906e+01 3.978873551981421031e+01 5.879852156899225690e+01 6.710383721139197633e+01 5.731189028649247064e+01 3.732349968707247712e+01 5.731189006610047443e+01 5.362802182559150310e+01 4.530896868001280353e+01 2.858968283837083746e+01 4.859936742813322041e+01 5.551596354395213950e+01 4.050934273459620272e+01 6.051817044903045684e+01 5.402303641800993006e+01 6.034842415471282351e+01 6.929235097376943031e+01 8.344838634886791340e+01 1.035235981022910039e+02 1.052812363970508329e+02 9.339542727369276065e+01 8.181830543420271340e+01 6.974526987615449514e+01 5.021833243148171277e+01 4.785711138325341096e+01 4.853039497083157272e+01 6.797614717788930250e+01
2.753285331545040487e-02 2.002753285303272079e+01 3.529465296450702994e+01 4.322961100071064067e+01 4.607551163413976525e+01 4.762613222603417285e+01 3.047002002979845869e+01 4.088144477967506418e+01 2.068248794046110461e+01 4.088144477967506418e+01 5.450880662026243328e+01 3.393334958315448802e+01 3.835544804154790199e+01 5.536801052947921420e+01 5.024492574487600649e+01 3.023747853346346659e+01 5.024492473003130755e+01 4.282519956313122833e+01 2.564788327737000984e+01 4.567118818929068169e+01 4.273858744814612720e+01 6.274854406613444979e+01 6.051814689956647442e+01 4.585499435495064091e+01 6.586645975836761124e+01 8.036793999599591132e+01 8.868313846540600309e+01 9.765089864201826231e+01 1.035548007654672062e+02 8.516062926898247554e+01 8.507180199573917889e+01 6.503585774195704516e+01 5.379204374315114734e+01 6.974526987615449514e+01 6.148065172566381165e+01 6.797614717788930250e+01 5.451400741670936156e+01
2.210104741296625708e-02 7.578492841803790014e+00 1.643426201599008962e+01 2.757163630665541376e+01 4.018181533215540924e+01 3.905255712619644726e+01 1.878513963794488362e+01 2.734550091599951216e+01 1.490202606082002745e+01 3.408775520243079171e+01 4.780737780230374057e+01 4.699567264318852722e+01 2.605705490491423504e+01 4.699571134608272160e+01 4.421245234081159481e+01 2.415447374184313034e+01 4.035547690028873546e+01 2.276107773460890016e+01 4.282519938655737235e+01 5.394702743986665894e+01 6.274854423380453028e+01 7.105225892029518775e+01 7.417040928970547498e+01 5.740549400014927528e+01 5.480240623984318660e+01 6.374740316375398663e+01 7.529816525890319667e+01 9.535063671007549146e+01 9.523436118159725083e+01 7.508689735636768603e+01 6.507012664335114493e+01 5.766303455743616269e+01 7.350423779157978288e+01 8.181980923230753433e+01 8.136405345658666022e+01 8.245765816178142416e+01 7.419149033029250973e+01
1.884200952422735234e-02 1.996894876851204614e+01 2.969328464706129012e+01 2.337013582038288817e+01 1.861800180648416969e+01 2.505786468782908472e+01 2.407701688490041647e+01 7.117137686087808390e+00 2.732173132999533038e+01 1.321284001700925970e+01 3.008198753208029430e+01 4.252741092959931279e+01 2.129976138745652747e+01 3.836629985173196644e+01 3.634508213531938026e+01 1.849510458574217608e+01 2.024124650559114968e+01 4.035547677413863710e+01 2.798174674936973716e+01 4.799176372434145321e+01 6.170654234959678774e+01 7.324035803219757668e+01 8.573713660293449834e+01 7.742435391919249810e+01 6.635098341279986300e+01 8.312819200777504136e+01 9.209132805687598022e+01 1.036768966209750573e+02 1.035548007654672062e+02 9.178811757114056036e+01 7.167662600679169316e+01 6.328957575903525878e+01 6.328957575903525878e+01 8.336137479426986374e+01 9.790629309629188981e+01 9.141402093019108577e+01 7.146391045031157319e+01
9.934550753332892920e-03 1.195840868499536747e+01 2.111533409718024501e+01 3.059226068906907514e+00 3.959982897032849891e+00 4.864421231410658741e+00 5.797697061251548156e+00 2.587330102194647807e+01 8.468956509790544374e+00 9.430464996989639914e+00 2.965075675924311227e+01 3.204688210251224945e+01 1.689651226521569782e+01 2.321485388711858278e+01 1.614033713056191033e+01 3.634508446385333258e+01 3.189720023362914603e+01 4.856839405841986945e+01 4.799176372434145321e+01 3.344197785428762160e+01 4.498839482247561250e+01 6.496734501625985558e+01 8.141607340265247217e+01 8.969313721069978840e+01 8.638289885373649213e+01 9.470275379995509013e+01 1.073816563371045447e+02 1.156738981918687443e+02 1.118923342767398168e+02 9.178811757114056036e+01 8.943644588730728628e+01 6.928771449696780849e+01 8.336137479426986374e+01 6.943041457668734040e+01 8.957952538822523536e+01 9.966526022419850506e+01 8.040625916278899865e+01
8.364784840791048004e-03 8.983531038459132700e-01 1.789223911099075526e+00 2.155276660206393302e+01 2.411897638165217117e+01 2.505754264415296007e+01 6.999095360354359308e+00 2.888436098934255014e+01 2.284854861546407889e+01 2.966718627298713784e+01 1.080928806988111113e+01 1.179166167084657424e+01 1.278510206702404872e+01 1.381868576560286854e+01 3.391813525793408957e+01 4.415192769485437196e+01 5.183564103449432281e+01 5.998942608543193700e+01 6.170654234970361074e+01 5.343249274375240532e+01 3.976715575571553529e+01 5.975237350641660328e+01 6.145735705752020550e+01 8.141607340265247217e+01 9.602937145088074544e+01 1.041411514183724449e+02 8.742455326407372240e+01 1.041411514183724449e+02 1.137158009666467819e+02 9.362739985077283222e+01 7.936173546019766434e+01 8.943644588730728628e+01 9.433321043901868563e+01 7.416503282877212655e+01 9.433321043901868563e+01 1.085720724326882873e+02 9.450180476638277582e+01
5.219006137575642711e-03 2.000521900613722082e+01 2.208599486773996645e+01 1.604561857393934687e+01 3.607437669513705458e+01 3.337380730906085091e+01 1.180456465738753735e+01 3.335667580889824535e+01 4.334477735346358429e+01 3.934504820152854876e+01 3.106688400601769473e+01 2.197886201331451517e+01 3.304371087289980125e+01 3.408080076643254586e+01 1.574574779720917128e+01 3.598480517429418057e+01 5.204727321514001659e+01 5.204728955235945165e+01 7.201762209695287709e+01 6.802242814742902510e+01 5.131148303508014408e+01 4.732570639632164244e+01 5.626794477657755067e+01 6.779906596905192373e+01 8.774872004879594556e+01 8.521412386326932165e+01 7.594389670995867903e+01 9.585941750564511210e+01 1.128082890205622846e+02 1.078275721048956655e+02 9.101722904614300091e+01 1.078275721048956655e+02 1.001517878359630771e+02 7.999564447740388573e+01 9.064385659000333817e+01 1.107489525477096777e+02 1.143646152719847180e+02
