MOVIE_S4_data/elevation_000777.asc
nrows	100
cellsize	150.0
xllcorner	0
ncols	100
yllcorner	0
NODATA_value	-9999
[rows 51 to 67 of 100, columns 0 to 36 of 100]
1.045510899316130261e-02 2.001045510899280444e+01 2.984978779835909535e+01 3.813405833531977152e+01 3.293619533285858836e+01 5.293619532615985435e+01 5.661392427123806925e+01 3.987665847886530202e+01 3.987665847886530912e+01 5.142366386265741340e+01 7.142366386162720460e+01 7.569525973614898362e+01 6.578869703929295554e+01 5.755925133825913065e+01 4.503189880889257068e+01 2.517614547006067838e+01 3.952490367226769763e+01 3.589193529350657741e+01 4.824139784535154973e+01 3.158907148620814098e+01 4.788577950032355091e+01 3.929203925658180907e+01 1.939324486799056757e+01 3.124304772288236620e+01 1.380918154237907913e+01 3.097938007925841575e+01 2.104977842071818728e+01 4.095642287399320480e+01 5.412362516641109522e+01 6.069538209117563099e+01 6.894544404017123895e+01 7.887853181800694813e+01 8.664882435525400695e+01 8.293225711069744932e+01 7.459307700990338219e+01 7.064474305922966835e+01 5.254033675888699406e+01
1.199560344128819747e-02 5.011995603441265601e+00 2.501199560344090855e+01 4.085555631108663732e+01 5.293619532615985435e+01 6.122046438595808127e+01 6.816092960584256844e+01 5.987665847842987432e+01 5.987665847842988143e+01 6.816092960584256844e+01 7.970793490651256263e+01 8.037066559312380321e+01 6.049884968791601381e+01 4.654918223552930812e+01 3.668485256559904428e+01 2.992205681345839707e+01 4.969163248072828054e+01 4.988898217096104304e+01 5.972196265498248380e+01 5.148595376984702199e+01 4.577108881038918042e+01 2.593859198515514564e+01 3.933657717126756381e+01 3.992381587025902689e+01 1.924980712744132560e+01 1.433951921201154711e+01 3.152866812629646986e+01 4.164512189641329343e+01 5.346164599513446092e+01 5.684309059353210358e+01 6.508224253572454643e+01 8.081675925806030136e+01 6.671347502244174166e+01 7.184477455234565468e+01 5.368821428319215272e+01 6.010457751910073654e+01 4.294920657322566626e+01
1.680456789927393946e-02 2.001680456789891949e+01 1.257128506362574427e+01 3.257128506362503373e+01 4.858662478548938424e+01 5.687089603295099494e+01 6.841790141674209735e+01 7.078810171281095620e+01 6.236097430676704789e+01 6.148114877929826605e+01 6.991227811545404336e+01 8.014660214090716295e+01 7.456605287297814755e+01 6.466059326529493489e+01 5.461929827207428190e+01 3.490863510669019121e+01 5.461929827207428190e+01 6.969407380797262874e+01 6.963465009228686142e+01 5.297714365028610928e+01 3.324254971813196136e+01 4.577108881038918042e+01 5.398168748593161581e+01 5.328504105292827830e+01 4.003664573556835649e+01 2.957384411815562686e+01 1.486195313030030896e+01 2.700009774513773664e+01 4.194217888045785969e+01 3.776196085298868610e+01 5.684309059353210358e+01 7.088699823473392314e+01 5.273115383743667905e+01 6.320306328890183778e+01 4.543768343205415050e+01 3.721211247440539438e+01 3.578018805928492441e+01
2.570751284471603157e-02 2.002570751284435957e+01 3.257128506362503373e+01 2.151555697362474717e+01 2.858662478549009833e+01 4.013363016928220617e+01 6.013363016928149563e+01 5.899675525908733675e+01 4.190531952076677413e+01 4.103251920722557600e+01 5.119956246385127940e+01 6.579500188057933485e+01 8.617011755701004461e+01 7.077974924555249459e+01 5.098731979640984235e+01 4.114490664618450211e+01 6.085087152194106608e+01 7.542714497624982073e+01 5.557437820708211973e+01 4.166128816666066825e+01 5.297714365028610928e+01 6.120036412573089990e+01 6.443673782263020655e+01 4.475059986133420153e+01 4.473553930417634206e+01 3.738285463447481050e+01 1.596376466339253675e+01 1.537329634089817354e+01 2.427190443433067202e+01 3.979421638597031574e+01 4.813380300969149062e+01 6.264177874706819438e+01 4.291633951524384827e+01 5.628711182729579576e+01 3.555988213050175517e+01 3.239321575295949884e+01 5.205026170625428961e+01
2.050012024463924304e-02 1.416263574397571468e+01 3.416263574397641634e+01 4.151555697362403663e+01 4.858662478548938424e+01 5.687089603295099494e+01 5.865595324179643200e+01 5.055089650961965475e+01 3.052789900029610948e+01 5.055089650961965475e+01 6.058885228393126710e+01 6.872201525487228935e+01 7.996723058628465708e+01 7.903295042488508670e+01 6.783896145521876520e+01 4.807365833777042496e+01 6.783896145521876520e+01 7.542714497624982073e+01 5.557437820708211262e+01 5.557437820708211973e+01 6.963465009228686142e+01 6.915494220779049783e+01 4.942649156367342300e+01 4.475082996839970662e+01 2.495221647925815134e+01 2.126694134395130575e+01 3.740187203277471184e+01 3.504026634520900529e+01 1.587200333208459924e+01 1.633464985917284196e+01 3.996132594519299630e+01 5.518626350293614280e+01 3.546521425145973438e+01 4.588967173104755659e+01 2.912184727788177341e+01 4.888581532230091398e+01 6.026042463520310832e+01
2.927968592160756431e-02 1.417141530965268359e+01 3.417141530965339058e+01 4.104808585825273326e+01 4.062683065299727758e+01 4.173952665521589722e+01 3.831646778560484989e+01 3.979384591531889726e+01 2.537407149820766605e+01 4.519952532846845372e+01 4.184298658925034431e+01 5.242219097660237992e+01 7.174471909384605794e+01 8.347795618043691945e+01 7.609460721615870682e+01 5.943356077951740701e+01 7.609460721615870682e+01 8.369492197749168838e+01 7.542714497624982073e+01 7.542714497624982073e+01 7.677854402098193987e+01 6.277456599185875064e+01 4.942649156367342300e+01 2.986679579184309574e+01 4.475082996839970662e+01 3.589830372466872177e+01 4.163494671684109960e+01 4.394269615983247235e+01 3.586810264756638134e+01 1.635218283881339119e+01 3.637832949527435744e+01 5.128679452558078822e+01 4.308359452780268128e+01 2.604506896409297667e+01 4.588967173104755659e+01 4.163668737291025224e+01 5.555370623195722857e+01
2.800573862316051849e-02 2.002800573862280586e+01 2.419557958474566561e+01 2.140946115001184680e+01 1.760942653808557523e+01 2.716511795966486176e+01 3.321333634324361839e+01 1.845223039241403384e+01 2.493319455454325961e+01 3.149467309727942421e+01 4.976592167891458729e+01 5.735218509184446845e+01 6.358270889883698374e+01 6.358270889883698374e+01 7.994151921447355846e+01 7.932095230721371593e+01 8.758902897360439965e+01 8.692606481280752462e+01 7.864156674872258179e+01 7.158523986272621187e+01 6.560197451742453723e+01 4.877058796273549035e+01 3.503045370387692969e+01 4.942649156367342300e+01 5.762261367811986901e+01 5.556282516343055988e+01 6.126772107917046384e+01 4.612300002256184683e+01 3.631045945737419345e+01 1.670356118878194351e+01 3.673333316805010895e+01 4.033916792316556865e+01 2.314925463688883767e+01 3.904323574513578876e+01 5.409608824932292492e+01 6.137392633655048257e+01 6.950375174264419798e+01
3.653205470537677219e-02 2.110435444166231633e+00 4.195579584736988110e+00 6.315575344749716713e+00 8.497872909756196691e+00 1.074883934937363428e+01 1.321315253620659114e+01 1.664760843459313477e+01 3.640447351820048283e+01 4.525414871803065608e+01 4.933970451675298818e+01 3.772569610890857916e+01 4.388006265283758012e+01 5.185541780370748199e+01 6.325255821178316040e+01 8.317634886359437019e+01 9.020319111731382122e+01 7.017787029288747647e+01 5.868326038329456651e+01 5.174099369122415482e+01 4.588812126169933947e+01 4.073319807394679515e+01 5.455349281120049909e+01 6.277456599185875064e+01 6.609108261278956320e+01 5.785345112189951777e+01 4.986584013360415213e+01 3.811042984834232072e+01 1.886461345977554416e+01 1.707014229819420592e+01 3.683654832698411496e+01 2.033396095435996642e+01 4.033917412529223157e+01 5.054879869218760291e+01 6.557525584930908735e+01 7.013483606066792220e+01 6.278584774192306384e+01
4.500159517621803856e-02 2.004500159481537480e+01 2.419557958471744286e+01 2.045771096848092085e+01 2.850330063742209674e+01 1.678376451615505260e+01 3.321333634324361839e+01 3.640447351820053967e+01 2.172063653733644983e+01 2.562252641606967529e+01 2.974606740523491766e+01 3.848503985297709562e+01 4.976223126838453226e+01 6.954003028288720145e+01 7.994151921447355846e+01 9.145519917377153263e+01 9.848060985412774926e+01 8.692606481280752462e+01 7.864156674872258179e+01 7.158523986272621187e+01 6.560197451742453723e+01 4.756604976371025373e+01 6.731582594619625581e+01 7.187419968476446286e+01 5.204586691253779662e+01 3.809033115679324055e+01 4.165273815514281353e+01 2.181968288224208052e+01 3.811038588587728526e+01 3.709803595766929618e+01 1.759203545040247008e+01 3.761558482626978872e+01 3.577606341060776174e+01 4.955993689210558983e+01 5.077762962057631313e+01 5.098184936593451511e+01 5.099653187146769540e+01
4.567435126880908108e-02 1.418780997499988494e+01 3.418780997587271742e+01 4.045771096851232329e+01 4.308679021868807268e+01 2.310638304540478671e+01 4.308679021868954351e+01 4.958514831371000753e+01 3.310408292761611904e+01 4.525414866762728394e+01 4.102695635961049447e+01 5.754136051317183131e+01 6.635446182170429097e+01 7.780140764241822637e+01 7.682689383254972881e+01 8.510474512439286343e+01 9.619260425744967336e+01 8.790962379774340718e+01 9.619260425744967336e+01 8.141868389970598230e+01 6.147423091363132386e+01 6.731582594619625581e+01 7.558637776460930979e+01 6.806011100555332405e+01 5.589111428792834602e+01 4.535415656972286769e+01 2.547424428480840675e+01 4.165273815514281353e+01 4.986388892429712172e+01 4.474329593495354374e+01 2.739327772255916216e+01 1.811874280802904735e+01 3.666579781401334515e+01 4.216579275755795209e+01 3.051418749957962362e+01 4.010342610815234110e+01 4.046176942275538835e+01
5.351880592384315738e-02 2.005351880592348834e+01 3.468741952685679308e+01 4.297169077431899353e+01 5.136824759147409480e+01 3.723218283617597280e+01 3.723218283617596569e+01 5.722106276392405988e+01 5.274206530269941595e+01 6.095540405956047181e+01 6.069512920525616551e+01 6.893459496837326128e+01 6.686488600132271642e+01 6.279006712404640211e+01 5.697582312870346755e+01 7.682689383254972881e+01 8.619413854941406328e+01 6.791267264299732176e+01 8.619413854941406328e+01 8.969852461558734547e+01 8.141868389970598230e+01 7.951416905193993045e+01 6.963587010769376207e+01 5.777592368621044017e+01 3.692982940537407188e+01 2.956676662645310572e+01 4.535415656972286769e+01 5.356876587745278329e+01 5.876846285646330870e+01 4.161113819952333870e+01 4.440825539180023895e+01 3.315677900804527667e+01 1.864603017048334976e+01 3.228120362630780704e+01 1.971386747984263010e+01 2.009531953680862415e+01 2.047975575475207322e+01
5.706225480597197641e-02 7.128130066671477749e+00 1.468741952685608965e+01 2.623442491064880855e+01 4.623442491064951554e+01 5.722106276392386093e+01 5.722106276392405988e+01 6.550431235741748992e+01 6.467599224931770152e+01 5.639635926906948526e+01 5.636878290556400373e+01 5.259924334426413139e+01 4.731642154357910357e+01 4.336924338373459165e+01 5.697582312870346755e+01 7.682689383254972881e+01 7.791114822037032184e+01 5.789910378675141089e+01 7.791114822037032184e+01 8.952696045209259523e+01 8.533278970557854848e+01 6.542031352807389055e+01 5.157412037168254670e+01 4.198124188898068354e+01 3.408794448308622549e+01 4.936718973850847192e+01 4.357328539385142818e+01 6.335491218647174350e+01 6.643613315985756174e+01 5.793873626720986181e+01 4.456628785755090405e+01 2.408444596538546989e+01 1.871478871735505578e+01 1.917700790104287378e+01 3.005877353336744306e+01 3.932497406030623210e+01 3.382643984797059744e+01
5.506323356023958698e-02 1.419719885729131548e+01 3.419719885729202247e+01 4.297169077431922091e+01 5.451869615811299496e+01 5.470114543077195179e+01 5.287658625955296543e+01 6.115962568846591552e+01 5.639635740362317762e+01 3.641728390545981853e+01 3.978454705689503612e+01 2.917199578763165846e+01 3.432828510264132404e+01 5.307965525389048622e+01 6.806553770095575828e+01 7.115285533715673694e+01 6.367175575543032551e+01 5.121553972539573607e+01 6.123696007216670978e+01 8.124397341282811169e+01 8.480176242378148288e+01 6.482915980996646965e+01 5.338503031518904862e+01 4.458973373108385374e+01 3.803004127215668007e+01 5.597395552433290788e+01 6.335491218647174350e+01 7.160708039790580415e+01 6.709111381577186251e+01 5.125187102216298740e+01 3.120566913168510936e+01 4.456628785755090405e+01 4.661901280650329227e+01 4.081738871382896860e+01 2.357639086981602006e+01 4.322248638208238702e+01 5.194138868683471344e+01
6.166659562896406599e-02 1.006166659562905075e+01 2.420380221936025222e+01 4.420380221936095921e+01 4.884242227163198180e+01 3.470058354702545245e+01 3.287534406055979730e+01 4.961261380157409207e+01 4.747838273554307875e+01 3.919973278711952247e+01 2.225973998559504707e+01 3.488289806844585428e+01 4.654039429370921255e+01 5.101525618352305003e+01 4.808379595299289377e+01 5.114475015695633431e+01 4.367145435694359179e+01 5.780947878966280484e+01 7.782454431257356475e+01 8.952696045209259523e+01 9.308037948604953726e+01 8.154686734976961304e+01 7.264131253738867144e+01 6.222716606959355801e+01 4.251916318852985199e+01 4.929278720744409981e+01 7.030906703179925898e+01 7.623234804177204182e+01 5.879953123277748261e+01 3.925653027785523363e+01 5.125187102216298740e+01 5.959124242105642111e+01 4.796768657475958264e+01 2.806914338151983301e+01 3.728412901384033518e+01 5.177514628560899013e+01 6.853653226133333476e+01
6.211000661219646946e-02 2.006211000661184229e+01 3.834593784309195286e+01 4.848028522942343699e+01 3.817302088448936814e+01 2.055505825508794260e+01 2.132500098409141387e+01 3.426463244529182361e+01 3.619792029283655665e+01 1.917513252410473257e+01 3.919973513616034921e+01 2.583642216085511834e+01 2.839342437814381270e+01 3.124563670334820387e+01 3.412474348232557020e+01 3.711769581852662014e+01 5.700498862545275358e+01 6.902473634311976980e+01 7.610150314492068446e+01 8.438458924548613993e+01 9.438341519465025442e+01 8.071440999599037980e+01 6.080952317661923701e+01 4.943704011295712064e+01 6.222716606959356511e+01 6.730858711073385336e+01 7.752216172421165652e+01 6.620853177294775094e+01 4.862679155464062575e+01 5.879953123277748261e+01 6.679816473654170750e+01 5.318218218199696423e+01 3.274106133128033491e+01 4.189244266979420672e+01 5.656180128069409818e+01 6.626643111848690637e+01 7.366297401954811619e+01
7.336735264618567121e-02 1.421551703373224917e+01 3.421603255684104994e+01 3.598061770044126462e+01 2.185878419620629387e+01 1.055397723424053780e+01 1.237971957895990727e+01 1.426116274401960560e+01 1.616867641006186318e+01 2.250635667570947973e+01 4.238123970027858434e+01 4.955261886049174080e+01 4.202781171834145368e+01 3.763496885319855778e+01 5.393631271031011920e+01 5.114475015702645067e+01 4.367145435694359179e+01 4.899571700193715884e+01 5.608538396720349795e+01 6.610246466441836333e+01 8.610054162542299139e+01 8.898790647106174845e+01 6.922231823263747685e+01 5.927512177572177876e+01 6.080952317661923701e+01 8.071440999599037980e+01 8.206104884543586309e+01 6.218253808860238507e+01 6.466900422316872721e+01 7.423723373605626819e+01 5.917442610841845152e+01 3.808615271907516586e+01 4.428777911503558329e+01 6.183410941031829822e+01 7.125677665818994910e+01 7.371077742618335549e+01 7.119711935083604715e+01
7.164818186532601052e-02 2.007164818186496902e+01 3.390119709582550200e+01 2.560807698486596351e+01 8.034213844580795794e+00 2.803651771187332642e+01 3.238286430655120540e+01 3.426463244529182361e+01 2.240289772792437262e+01 4.109816628721985410e+01 3.245639195145329126e+01 5.230608744910386321e+01 6.026537719435332008e+01 4.455263460877556270e+01 6.416303455533832789e+01 7.115285581466801546e+01 5.521105812296378446e+01 6.316494272183615521e+01 6.902473634311976980e+01 8.438458924548613993e+01 9.438341519465025442e+01 9.742990686819165091e+01 8.744296676459121898e+01 7.331870192826403354e+01 7.227177371339335821e+01 8.898790647106275742e+01 9.028215799494154226e+01 8.206104884543586309e+01 8.176745420836212475e+01 6.572860335111727181e+01 4.429573305591257082e+01 5.917442610841845152e+01 6.533216699465950228e+01 7.393928668573096274e+01 6.800572153635548034e+01 5.404590071972930332e+01 5.122083062113826912e+01
