MOVIE_S4_data/elevation_000188.asc
nrows	100
cellsize	150.0
xllcorner	0
ncols	100
yllcorner	0
NODATA_value	-9999
[rows 34 to 50 of 100, columns 37 to 73 of 100]
4.853617564551021246e+01 3.764545814758446340e+01 1.791433874867642118e+01 2.361609555353028966e+01 2.993600622188379390e+01 4.408869412308705193e+01 6.411986411366297034e+01 6.554642015484684237e+01 5.630513771727180483e+01 4.222467121699369841e+01 2.228691144243123290e+01 3.221726670669566772e+01 4.374512375352406224e+01 6.382066099188793373e+01 5.729380520238603935e+01 4.508499673228619287e+01 6.517294789029108415e+01 8.365693007859336205e+01 9.535510819712472141e+01 8.492603954115706699e+01 6.786549776363746389e+01 6.596996178886109874e+01 6.596996178886109874e+01 8.628304065766060660e+01 8.751434527518978257e+01 6.766507369406961914e+01 6.766507369406961914e+01 6.436758530005729995e+01 6.436758530005729995e+01 8.461418271789135304e+01 9.285200212585722568e+01 7.253898870272023203e+01 8.946438356015080728e+01 8.446294936826282651e+01 9.712223015092956757e+01 8.852913812437661534e+01 1.076447753048922920e+02
4.071805558424357940e+01 2.069345925820310939e+01 2.233542862070959956e+01 4.236409743047040877e+01 4.995509526258386046e+01 4.408869412308705193e+01 6.411986411366297034e+01 6.281887233297346995e+01 4.316460704489922051e+01 2.957311994702158131e+01 2.300812263442139383e+01 4.295787615526165126e+01 5.233375108142946885e+01 5.096031083434845499e+01 3.726553745153848496e+01 4.723998684962402450e+01 6.142597064505928017e+01 8.164375832235030828e+01 9.226607000340885634e+01 7.645899003007150441e+01 5.627591043588640929e+01 5.180145304241074200e+01 7.191942370654187755e+01 7.447288709785212291e+01 8.292261689078412701e+01 7.347879073856580590e+01 5.378035529445330098e+01 5.015830795388269081e+01 7.029767638778683647e+01 8.237120695181407370e+01 8.185224996233675654e+01 6.580067711380310413e+01 6.916407578321555150e+01 7.273876524012534617e+01 7.679106225978591738e+01 8.186631428133890154e+01 8.730048660372402480e+01
2.381245886909498211e+01 4.071805558424646421e+01 2.733929298077848813e+01 4.737668314469111408e+01 6.387934898113802973e+01 6.411986411366297034e+01 7.241701487762558997e+01 6.314811200687292114e+01 4.320096392166341559e+01 4.892042605327057458e+01 4.295658183814104092e+01 2.403230820643462806e+01 4.400475495982720986e+01 3.094452651982321356e+01 5.096031083434845499e+01 6.565857319036041417e+01 7.573203255412539647e+01 8.632351522363413210e+01 7.198585197978222538e+01 7.909343898184222610e+01 5.888263795546109947e+01 4.478416129610189245e+01 5.799261655578586527e+01 5.428854507821084496e+01 7.199116378362759860e+01 6.365004917771734938e+01 4.674230942694509139e+01 6.684930205913838108e+01 5.380330968258314783e+01 7.398173615514194523e+01 6.160183681901305164e+01 8.185225948393041051e+01 8.351233200370320731e+01 8.446294936826282651e+01 9.712223015092956757e+01 1.022075354407931513e+02 1.076447753048922920e+02
2.614075928060141862e+01 4.618416935047978455e+01 4.150407662736387238e+01 3.552584312613380746e+01 4.706891675501500316e+01 6.124619322178025271e+01 8.137374443690816861e+01 7.176303553742191355e+01 6.296960760104931865e+01 5.641593350799430340e+01 4.901858079210671804e+01 4.400475578503116481e+01 2.505978902098804895e+01 4.505789054893889301e+01 5.400155710227715389e+01 6.590001958950438166e+01 7.914430147348664946e+01 7.792579031496083530e+01 5.772557358003560779e+01 6.515005136759486959e+01 6.406899767087986675e+01 5.170839434891055220e+01 3.799108318938050388e+01 5.798845250660347972e+01 6.051604747202549817e+01 4.358064623139367200e+01 6.365004917771743465e+01 7.523105478129707535e+01 7.398169306669313983e+01 5.758631322880568604e+01 7.185931557142340864e+01 9.024480956679344956e+01 1.038339071516707293e+02 1.047943173498821210e+02 1.131541724806078690e+02 1.120692655324265701e+02 1.036730262628341990e+02
2.851927895572750771e+01 4.854411943089684911e+01 6.155440944530329261e+01 4.967049545979929093e+01 4.817332379016966115e+01 6.825043068509143041e+01 7.996612746368272440e+01 6.842234405121659790e+01 6.013986839530792849e+01 4.975264641976369262e+01 2.978702806572246686e+01 2.780118434483178547e+01 4.505797854815525483e+01 2.620220880158727894e+01 3.952648544475371040e+01 5.492272894590907839e+01 5.896580335682791230e+01 7.359571618033757545e+01 6.515005149267817330e+01 4.507020284657820497e+01 5.511007255109351632e+01 3.656163771479796765e+01 5.651752938292080586e+01 3.946184688014582065e+01 4.050569308218950226e+01 6.040486623019209134e+01 7.053513928509772768e+01 8.491808674220992259e+01 8.619357957533242143e+01 7.780217495136857053e+01 8.619408153739314571e+01 1.005288475033630391e+02 1.031101096940611512e+02 1.072549445093653731e+02 1.027344719909576440e+02 9.431883041070258855e+01 8.324564861106155433e+01
3.097973490290118903e+01 4.511403414184170657e+01 6.517102286768239594e+01 6.975309732472599933e+01 6.235473739287516537e+01 7.658579027471250811e+01 7.168288336593741406e+01 5.168979753133096722e+01 4.019796915354294242e+01 3.267372164381605870e+01 4.975255078014890842e+01 4.276716182082153495e+01 5.451586643449059721e+01 4.033956431954300115e+01 2.736195982378264091e+01 3.891841248178690194e+01 4.493725203591808537e+01 6.515242087940954718e+01 6.168605547223393870e+01 5.371666184844492875e+01 3.513476274940136079e+01 5.511012788579662924e+01 6.483406974948250934e+01 5.357105385343869131e+01 6.053489875830436517e+01 4.220475976494317649e+01 5.634433370719691681e+01 7.238239864408913604e+01 8.230991185642287178e+01 9.071856164586014870e+01 9.964786685817401235e+01 9.740348383965203993e+01 8.337870978944930300e+01 8.391821270701341007e+01 8.506484186030220940e+01 7.391844697316588508e+01 7.303720467567478636e+01
3.350896782553797237e+01 5.350826477376094914e+01 6.579965225639382709e+01 7.584569017504246347e+01 8.248389339075231419e+01 8.912603057633113224e+01 7.912880365462302734e+01 6.842233217560190894e+01 5.470311652962548266e+01 3.479754282075603555e+01 5.338885427200475675e+01 6.518419957623211758e+01 6.849129456489822587e+01 5.408213901006500635e+01 3.480265708664731505e+01 2.854440921726424918e+01 4.857315080706791832e+01 5.799457170778492099e+01 5.137329996088131168e+01 3.373792116852185785e+01 5.371666184775656205e+01 4.360129935088712472e+01 6.366555542130085854e+01 7.373279337250994558e+01 7.060095860034722648e+01 5.634196295900669327e+01 4.393002738239766103e+01 6.400491996008624085e+01 6.207283389377895588e+01 7.936035813099147163e+01 7.936225717907211674e+01 8.652090368720449476e+01 7.000004251415874990e+01 7.682100856159043190e+01 5.986875082770603740e+01 6.223967406630439569e+01 6.479628453638520114e+01
5.350826477374856438e+01 3.746414697102215285e+01 4.743246927346415731e+01 6.160855534975538461e+01 8.174904891484594316e+01 8.085075913566429051e+01 6.084947101015654880e+01 5.087570476667188046e+01 5.683403440477216151e+01 3.694609360522052555e+01 4.840470245834092822e+01 6.836568830840653277e+01 6.827952332162828952e+01 4.823705264650682523e+01 5.410734502847131466e+01 4.269493718283531081e+01 2.974232088993400680e+01 4.976279435686748087e+01 3.234098250214278636e+01 5.221617521814427221e+01 6.198576483444206531e+01 6.366555542130083722e+01 5.358045757234329898e+01 7.375065327025720308e+01 8.472342532950678162e+01 7.233204586251521562e+01 5.285496031589838850e+01 4.568907653048363215e+01 6.578466370590045642e+01 5.913588732980785778e+01 7.071462295018987732e+01 6.626019493184047349e+01 7.368849214156183791e+01 5.661690712980726659e+01 6.640388017034011625e+01 6.984501012043499202e+01 8.512203662951148431e+01
6.045468124351284445e+01 4.043294796155247894e+01 5.195734779901938083e+01 6.615975938398813128e+01 8.631213857878974238e+01 8.912603057633113224e+01 7.912880365462302734e+01 6.017367612211786820e+01 4.026998169204655653e+01 4.320843705263420276e+01 6.305491933213316713e+01 7.664008592917350882e+01 7.686890866219303575e+01 6.827952332162828952e+01 7.113472524868883795e+01 5.773470204496399560e+01 4.861147576531422487e+01 3.094984216028495538e+01 5.095705446692648621e+01 4.644747967829611923e+01 6.654332079829217150e+01 8.214742672578769600e+01 6.362514919226411791e+01 8.214742672578769600e+01 8.735504143187603177e+01 6.708990607385626959e+01 6.843492129520859635e+01 4.842257673962330955e+01 4.769349695096267538e+01 4.911915655918922141e+01 5.056810971697079538e+01 5.203354241529536495e+01 5.351627821516638051e+01 7.369922121654549585e+01 8.098968209261556694e+01 8.845661381897895126e+01 8.300804119709955842e+01
4.525872921197076693e+01 6.045468124351598505e+01 5.306370596203506551e+01 6.727032730803496463e+01 8.742252755428185651e+01 7.991991316810467083e+01 7.163724900230522508e+01 6.269584870704636614e+01 4.277989565442219089e+01 6.268194259173044713e+01 5.312698770449940611e+01 6.738699570089160318e+01 8.838612976835823076e+01 8.559538886807321489e+01 6.553960188442431445e+01 5.140331575384888652e+01 5.261299206272771301e+01 3.267645349655231257e+01 5.266939258464784501e+01 6.654813765599838860e+01 7.493931310872504525e+01 9.227759668599030363e+01 8.387615734825020297e+01 9.227759668599030363e+01 9.573680684520685702e+01 8.735504143153741552e+01 7.123919860287351469e+01 5.121266996105838842e+01 6.780754244303021494e+01 6.924912893854329354e+01 6.478107082223179702e+01 7.219713861508151354e+01 7.364058621651324188e+01 5.643535131183728737e+01 7.667882103878385180e+01 9.301535907337817832e+01 1.027587018177301417e+02
4.877935544681947988e+01 6.420372249471252246e+01 7.317277010433143403e+01 8.151105706712506560e+01 8.843797565990838905e+01 7.163599416264658259e+01 5.166364826156926426e+01 4.654921010233979928e+01 6.269584870704636614e+01 5.902733985148321949e+01 7.287012949978239362e+01 6.700339351306008950e+01 8.607987014213308896e+01 8.376350146649707540e+01 6.314766519640820519e+01 5.521618074525539299e+01 3.514271552967249335e+01 5.250690125736057468e+01 6.077476097965151780e+01 7.087099103791248922e+01 7.670692621999006633e+01 8.346484326079968241e+01 9.187202267818896928e+01 1.020280665120817787e+02 9.900050370285163126e+01 7.870888939458880884e+01 7.410204512216463968e+01 5.406171733722266026e+01 6.556706170903812847e+01 8.575556739685310959e+01 8.503948514702597095e+01 9.034018203883063336e+01 7.877042089355963128e+01 5.853850418958705859e+01 6.435119229160696364e+01 7.868399786095729098e+01 9.899899573161837907e+01
5.297155623630706600e+01 7.315563532259733392e+01 9.024929916477297809e+01 9.429864729036093252e+01 7.431432745839927634e+01 6.015911338204472969e+01 6.965302747781329629e+01 4.971718209218919071e+01 6.965302747781329629e+01 7.901884123118382774e+01 8.730133744212353974e+01 8.549202914139883092e+01 9.397823837032410665e+01 7.784363121568628685e+01 5.710463898861417675e+01 4.266330996031673806e+01 3.690932660457822578e+01 5.689075922734659230e+01 6.324422157316048043e+01 5.071347645421307959e+01 5.649065372991604761e+01 6.319109213837089811e+01 7.330243665218789317e+01 9.362724986941144323e+01 9.305229782262510696e+01 7.276765509303955071e+01 5.862856934789768104e+01 6.295864080266451879e+01 8.245031984047039941e+01 9.412027135929082533e+01 9.655727945982239646e+01 7.612477294383849369e+01 6.180076450509614006e+01 7.877959832942183027e+01 8.463412297667176176e+01 7.517489903415609831e+01 8.533794150524470012e+01
5.803765379280715564e+01 5.683350120849123499e+01 8.843625613939514096e+01 9.171473619858613802e+01 7.171856773523789741e+01 8.017001534715433309e+01 6.837867905281605374e+01 5.426351915439171592e+01 5.650223732057990844e+01 6.160058011401219602e+01 7.559103211908367825e+01 9.547486435653124204e+01 9.590172958794117619e+01 6.969814733283334363e+01 5.520432121084981958e+01 6.315715326151343589e+01 5.691584640389949357e+01 3.955723051141792723e+01 4.317763711892121847e+01 6.325216666112049069e+01 7.670692621999006633e+01 8.346484326079968241e+01 9.187202267818896928e+01 1.020280665120817787e+02 9.659246901399518492e+01 7.625754303877624807e+01 6.208156116471103303e+01 8.221268619543417344e+01 7.716552064766207764e+01 9.747942168300576782e+01 9.633618393886978026e+01 7.611307224359070744e+01 8.197036363430061101e+01 6.528049180717330557e+01 8.562933544677144937e+01 9.549644758295485758e+01 1.038556877510325052e+02
6.770771749335722234e+01 7.009405739409545788e+01 9.065723142916900201e+01 9.999462951030042746e+01 8.327381307786278342e+01 9.665409521890288147e+01 7.923564950288606212e+01 5.923320065033605175e+01 7.637734116200439871e+01 8.141487174545640926e+01 6.995728597920620473e+01 8.683475093951439305e+01 1.022105811248899840e+02 8.754980819733026465e+01 7.763750151493243834e+01 7.126615442517692145e+01 6.180783338995854592e+01 4.175801587400555803e+01 6.180783333387390854e+01 5.099940524202678915e+01 7.115967506198788328e+01 8.655365648540754364e+01 9.495921590705367521e+01 1.051162779543962245e+02 1.003768103178709907e+02 7.999906282934583146e+01 6.575178715130961393e+01 8.596756688342775021e+01 9.747768068324414514e+01 1.058162470974683345e+02 1.045521787156506690e+02 9.632925360148662719e+01 7.949839239843953465e+01 6.778149351047403570e+01 8.809310548616863912e+01 1.008612260694581551e+02 1.151956168346184342e+02
7.925751165292119538e+01 9.171890325786384324e+01 1.001050273654024636e+02 1.115302864652311570e+02 1.032453492163121780e+02 9.921800759507381429e+01 7.923476673764822920e+01 6.630060493154415724e+01 7.338033147297399239e+01 9.335934009078877693e+01 7.647066121546463080e+01 9.620960856161885033e+01 9.623422770585699482e+01 8.456165628139468993e+01 6.518382288825321780e+01 5.123673688913756763e+01 4.716962487300314422e+01 6.180783338995593823e+01 4.573198659626282137e+01 6.582680219398618249e+01 5.954989294354543006e+01 6.626313529959654147e+01 7.638776815196278847e+01 9.671954481885222776e+01 1.056431721553013432e+02 8.524666591450360897e+01 7.087551482921882950e+01 7.470190266469622031e+01 8.911414633998825252e+01 1.094827809695999719e+02 1.198392543512526913e+02 9.978443791676593833e+01 9.302296375067349743e+01 7.268907841875278564e+01 7.214360062747272195e+01 8.652683530429800385e+01 1.020839044865683150e+02
9.940367389768417183e+01 1.077205177114093146e+02 1.147613672765568396e+02 1.230719225518810589e+02 1.145369715878724008e+02 9.458011774685051876e+01 8.046027640346426324e+01 7.786854360283109600e+01 9.335977062496962731e+01 1.015967171970298466e+02 8.388022882562771088e+01 1.037009811070795422e+02 8.785738127692017940e+01 6.770415454783797315e+01 5.770751312150012069e+01 7.126814407458644496e+01 6.131374771413860714e+01 6.873162564059316537e+01 4.860644837543166830e+01 6.873162564059374802e+01 7.979014942347055239e+01 8.655365648540754364e+01 9.495921590705367521e+01 1.051162779543962245e+02 1.115756323515117856e+02 9.122066428010728600e+01 7.724871958296569119e+01 9.507778618971300943e+01 8.646244017272550764e+01 1.068559883234788401e+02 1.124206143456413116e+02 9.212849241971832726e+01 8.037117106784370435e+01 9.302296375067349743e+01 9.248046679098352740e+01 7.680022557788916515e+01 8.173574511478119575e+01
1.051287221292222682e+02 1.114679971615844352e+02 9.464822633232795113e+01 1.114679971615844352e+02 1.084869419831452291e+02 1.026031741707191998e+02 1.004253449057369494e+02 9.783623672575656371e+01 1.061042704910832981e+02 1.119555279535954782e+02 9.528415647330001548e+01 1.119555279535954782e+02 9.623422770585699482e+01 7.723584563000268588e+01 6.304122311630359832e+01 8.315691187084033231e+01 8.147224964278142068e+01 7.218920198799791876e+01 5.202828336140974130e+01 5.713941925971675317e+01 6.349266776749448127e+01 7.062897874987245928e+01 7.969661157336864221e+01 9.143666958699665770e+01 1.117718154792991356e+02 1.044931014817308181e+02 8.406175033727973300e+01 1.044925380729244182e+02 1.009131484363448266e+02 1.068560749155558511e+02 1.207140169054069361e+02 1.071252226590058996e+02 8.680990117173377030e+01 1.071252226590058996e+02 1.017086713433524778e+02 8.135018149417179245e+01 1.017066458821492319e+02
