MOVIE_S4_data/elevation_000062.asc
nrows	100
cellsize	150.0
xllcorner	0
ncols	100
yllcorner	0
NODATA_value	-9999
[rows 17 to 33 of 100, columns 37 to 73 of 100]
4.877430704700286412e+01 5.375791690650746801e+01 3.417257423197887789e+01 5.375791690767874087e+01 7.273197084506027466e+01 7.761577046138881997e+01 8.312680139480534081e+01 8.338073077317608295e+01 9.159048369357168440e+01 1.075362405718053793e+02 9.581236124337146975e+01 8.743800108476290234e+01 7.945481968815428786e+01 6.061378143084953507e+01 6.754719958548611203e+01 4.782960962625883639e+01 6.771273239159050661e+01 7.587529879402138988e+01 6.122908994209930711e+01 6.543033650051023642e+01 7.001010139455537740e+01 7.520810692532397468e+01 8.400464542860999018e+01 9.530850020008541890e+01 1.151472922252546454e+02 1.163632771050007477e+02 9.439919110712709482e+01 8.090309962182941206e+01 7.335724457653599018e+01 6.745045220811167042e+01 8.130595776761569482e+01 8.771293178660972956e+01 7.866239954625220321e+01 5.905618696033496917e+01 6.432652519112997425e+01 8.630100239984365373e+01 1.035766565443808958e+02
5.864231478198439618e+01 3.903042288123512549e+01 3.287687576758001029e+01 5.244049001961123935e+01 5.900270192521372792e+01 5.760889842479193845e+01 6.335988577536016209e+01 6.375598154879536139e+01 8.338073076994879784e+01 9.922258245631878992e+01 7.881063070829131334e+01 6.622634612164256396e+01 7.596619948966547042e+01 6.882528497082850549e+01 5.133841302346811375e+01 4.677836649762087262e+01 6.254205216302204207e+01 8.617088774913867155e+01 7.550651354726394970e+01 7.959570247715740265e+01 8.147917295425651218e+01 9.488829933663696181e+01 8.655257194451110081e+01 1.004468437398665230e+02 1.203458055425581961e+02 1.247366979382292840e+02 1.123514626374960415e+02 9.610427245287300480e+01 9.610427245287299058e+01 7.631532041650245901e+01 6.117919154766327949e+01 7.685906051233648384e+01 5.735925739392807543e+01 7.213557653974437756e+01 8.628667307407870624e+01 7.329414829253263974e+01 8.075678134586206625e+01
5.762195721031100959e+01 4.944733174365909179e+01 3.164450508129024442e+01 3.542019278710944974e+01 3.939642192969863999e+01 4.372743569759941806e+01 4.985923952102385925e+01 5.968805670399393648e+01 7.357688130113839975e+01 9.318998375367269205e+01 9.581234628787753138e+01 7.610001511303693178e+01 5.425450164810320075e+01 4.920001252074852971e+01 4.530250550449878233e+01 6.419645112496658612e+01 6.700249730863410491e+01 8.797071609630017974e+01 9.531385432282016268e+01 9.934520455276661721e+01 1.011827760126034121e+02 1.094441242971565913e+02 1.004468437398665230e+02 1.145570156255517418e+02 1.264241127850910686e+02 1.180310073428923374e+02 1.207334509582951227e+02 1.179663249737563291e+02 1.075090039094732219e+02 9.190806646675490299e+01 7.685838957640639535e+01 5.565711479362212089e+01 7.685906051233540381e+01 8.762792945929793120e+01 1.028116351037101310e+02 9.597003147820797153e+01 1.035766565443808958e+02
4.776168782689420311e+01 3.004288454834544808e+01 4.368936079546304541e+01 5.499900086560123214e+01 5.321224782410081389e+01 5.759850143306669423e+01 5.976949696260562916e+01 7.767322676281172278e+01 8.751542940145625948e+01 9.547123980758503592e+01 9.046391843733164251e+01 8.249697933228135582e+01 7.555114942052571791e+01 6.390464047403902725e+01 4.429414923527740200e+01 5.810911307135663151e+01 7.812152173056986726e+01 9.361914062631342404e+01 9.428871184566359887e+01 9.652374555702262171e+01 1.049817277735444634e+02 1.146189055737910536e+02 1.203458055425581961e+02 1.264241127850910686e+02 1.140607804461866550e+02 9.614025703432508863e+01 9.903789576496969005e+01 1.140607804672713712e+02 9.724718418731089287e+01 8.830074167371591898e+01 7.565311489417204882e+01 5.449153582135999585e+01 7.565320809806785007e+01 8.917441214760729906e+01 9.542450651890590052e+01 1.025848045265302346e+02 1.110842414258682993e+02
2.851697880686165476e+01 3.694384892385888719e+01 5.657279429779018898e+01 7.148414742204064964e+01 7.298209470610649419e+01 7.739730313956799534e+01 7.963281145001187156e+01 8.800610102152135994e+01 8.961272520519990792e+01 7.553868388667321199e+01 8.269453786212527291e+01 6.350336998652553433e+01 6.833611577845871921e+01 6.059455470878956618e+01 4.328459634207028017e+01 6.300155312542773345e+01 6.484814783817290618e+01 7.522681633277032631e+01 7.393123080621825238e+01 7.615630374442856976e+01 8.576316880402306708e+01 1.014106378904527332e+02 1.116180837415991931e+02 1.180310073428923374e+02 9.614025703432508863e+01 8.275991918166795358e+01 8.275991918166795358e+01 1.029942548248653367e+02 8.830018725764455212e+01 6.641183447303262710e+01 7.282257550894759390e+01 5.331440963587029103e+01 7.445544494545552539e+01 6.700740005322936099e+01 7.288867401499977916e+01 7.994093539902436873e+01 9.013445314112486528e+01
4.617658126308423761e+01 5.587690866866799411e+01 5.293026303511133790e+01 6.695357162911022897e+01 8.693825014043963506e+01 9.218833914048499878e+01 8.387071727911430230e+01 8.387071947964030016e+01 8.137679370626678121e+01 6.139909019642546184e+01 6.874188091689718760e+01 6.803010456130100181e+01 4.852805570644489563e+01 4.195239982699219894e+01 5.628761310219623226e+01 4.680969689609608508e+01 5.069103611878473714e+01 5.495136728876594390e+01 5.955089333412863084e+01 6.543107522947202881e+01 7.262736003965828502e+01 8.274706702183850382e+01 1.031476953230569080e+02 1.181583675595791334e+02 9.627087603930488058e+01 7.991375699387167231e+01 7.137992927081580774e+01 8.707194281688501292e+01 8.828044624606977209e+01 6.641136775280543247e+01 5.168758386775966329e+01 7.271730604552236343e+01 5.954383192666520586e+01 8.108041673262701465e+01 9.542450651890590052e+01 1.025848045265302346e+02 1.110842414258682993e+02
3.253545419298386321e+01 3.974688951812640880e+01 4.949215075709556544e+01 6.343110249243936494e+01 8.320204950954719436e+01 8.387071727911430230e+01 6.353549360892558440e+01 6.353549360977256555e+01 7.786191635379668696e+01 6.874199544168556031e+01 4.891620795331925109e+01 5.882918871362677038e+01 4.061097053099295096e+01 6.017298981324118046e+01 6.890716848610038880e+01 6.669715538532109633e+01 5.166869057236638696e+01 7.181662643130695756e+01 7.989379895479518723e+01 8.576316880402305287e+01 9.294738117244757802e+01 1.014106378904527332e+02 1.116180837415991931e+02 1.181583675595792613e+02 9.627087603930488058e+01 1.001317703711081180e+02 7.751148550910586721e+01 6.483259685436364350e+01 8.101918937140791854e+01 7.168372842442329329e+01 5.054155206486693430e+01 7.168293540130531483e+01 8.108021549942354511e+01 7.681730866645885669e+01 9.222200779542677651e+01 1.134255693734830857e+02 9.998268352952437965e+01
4.400703620052765075e+01 5.935661593849528117e+01 6.755496819206106807e+01 7.742644873736139743e+01 8.623803402863205747e+01 7.796652609947983592e+01 6.949154272497877116e+01 4.912803232390214703e+01 5.989209179874860212e+01 5.665314287630174306e+01 5.750269691205711808e+01 3.927008019132925654e+01 5.882882235255485881e+01 6.017295104180593768e+01 8.009176737984037686e+01 8.025835968167223200e+01 7.181662643130695756e+01 5.704004530692628805e+01 7.734541352930752112e+01 9.093096347051192652e+01 9.774779762902475966e+01 1.062956304920955404e+02 1.167599742410510544e+02 1.265545279232909053e+02 1.181583675595792613e+02 1.089164778270640426e+02 9.609544340122674555e+01 8.101918937140791854e+01 5.934958753570594325e+01 7.054904970930542163e+01 4.940609529699418800e+01 6.901748901853021323e+01 7.791502301801853037e+01 9.025656939949415403e+01 9.893282666767750300e+01 9.663090840472392529e+01 8.758375379858476606e+01
4.150518674895402427e+01 6.317377910148289288e+01 6.522370529819765750e+01 7.355843602760964473e+01 7.796652609947983592e+01 5.795882374354684430e+01 6.381894386604498948e+01 5.988813162007012636e+01 4.071214099285912624e+01 3.700502360412874481e+01 3.793288423978741974e+01 4.249041119448994408e+01 6.214017394901123481e+01 7.544596231960458965e+01 8.370266490905468970e+01 9.522662962828933075e+01 8.347972854185266556e+01 6.313450729939621908e+01 6.468995732029081580e+01 7.056381877712863115e+01 7.732463779308093876e+01 8.746219741576476281e+01 1.081028753629525170e+02 1.177915311314466038e+02 1.092551621402062523e+02 1.117560838071532174e+02 1.022585727643016895e+02 7.989396057232838189e+01 6.440389249470577226e+01 5.419837126716856801e+01 5.792048442959556098e+01 4.790737193219981549e+01 5.987522293277050522e+01 8.141519561271447003e+01 7.435147253368519671e+01 8.424691311630387247e+01 6.579537880408548745e+01
5.781433206081609200e+01 5.057573824481830371e+01 4.450835163011439732e+01 6.522370529819765750e+01 7.796173150573788746e+01 5.795861556091218603e+01 4.382037675247566710e+01 5.396500150100936111e+01 3.569018077080200868e+01 5.515986919855321702e+01 4.748526533698812102e+01 6.202632571260694050e+01 4.950964181921841600e+01 5.540996507778037028e+01 6.699879625232910030e+01 8.698512238855455792e+01 9.026003993205829090e+01 6.991910576144148592e+01 8.504565279051989535e+01 9.093096347051192652e+01 9.774779762902475966e+01 1.062956304920955404e+02 1.166838726174329395e+02 1.052673097502828767e+02 8.711357932194040643e+01 8.981404861061898259e+01 8.981404861061898259e+01 9.544307139842871379e+01 8.414914727265288263e+01 7.487702052979628320e+01 6.718697291287723772e+01 4.689334631236387452e+01 6.794914869842726546e+01 7.673747405404783706e+01 5.859951909235670087e+01 6.496541027088132125e+01 5.841316363509066889e+01
4.497693148372265171e+01 3.080668413003001049e+01 5.057571355972602589e+01 6.049351032156631902e+01 6.873945170626004142e+01 6.975167104451328726e+01 5.338001976108618862e+01 3.439235574269550710e+01 5.403420974918932274e+01 5.165658236210533971e+01 6.634577400891443233e+01 6.637574137142560460e+01 6.094672654942832679e+01 7.544601161369313047e+01 6.959846279985856654e+01 8.956324326669115976e+01 9.873413099511334678e+01 9.026003993205829090e+01 8.275132277977365902e+01 9.716866074786904051e+01 1.176951634751499967e+02 1.165107154088156705e+02 1.066754741806853843e+02 9.634602386075741265e+01 7.424232476117190060e+01 8.365564314213263231e+01 6.782004479240382011e+01 8.781765994973666523e+01 8.117468061210560393e+01 6.221516265196631679e+01 5.540820318701150882e+01 4.591693332060604149e+01 7.081691868759654085e+01 6.636682512062787964e+01 4.666077133674151156e+01 4.746181795680669779e+01 4.831215985148536163e+01
2.482992016388225309e+01 2.556254053695800010e+01 4.547277749620817389e+01 4.072207846664109354e+01 6.049345919118376713e+01 6.392882059497010516e+01 4.568592501746190493e+01 3.348276545650084302e+01 5.314717173573922793e+01 7.136267747299224595e+01 7.944344785251396956e+01 8.584377878105897253e+01 8.095900323834555934e+01 8.920826183611985982e+01 8.956324326669115976e+01 9.780686701825092655e+01 9.677548471938118269e+01 1.049792584178340604e+02 1.031807342026455387e+02 1.116644944591586182e+02 1.231252070851075189e+02 1.015694405348254890e+02 8.540895179073227439e+01 7.531186783952645669e+01 6.820413053961517846e+01 6.200669320196610101e+01 5.742872859295464849e+01 7.288716300128059800e+01 8.106794730201596622e+01 6.522069615353784400e+01 4.458596741394043761e+01 6.434121520554651852e+01 6.515648857326866050e+01 4.556470478093325482e+01 6.617926315784772839e+01 6.835880390851006894e+01 4.885040471153232033e+01
4.358001740572591132e+01 4.543457572891371399e+01 2.661768923928778818e+01 4.651047144129681499e+01 5.576594798658436503e+01 6.592250288476698472e+01 5.166401251176942822e+01 3.257362194661247656e+01 5.225612892695197331e+01 6.774218436275185695e+01 7.590878239893309853e+01 8.298647831288920429e+01 8.298647831288920429e+01 9.117533953196416974e+01 9.694233499033364865e+01 8.875873519620189711e+01 7.713853899189160757e+01 9.238134494910092087e+01 1.005701594183551180e+02 1.093702684564500629e+02 1.207918675165147135e+02 1.165107154088156705e+02 1.066754741806853843e+02 9.783228814571323539e+01 9.032548137698434232e+01 8.365564314213263231e+01 6.650226659642108018e+01 5.180818042156277414e+01 6.710982468653293154e+01 6.443831881377126081e+01 4.368822647022349770e+01 4.380134060441815080e+01 4.451412816467043854e+01 6.508531852148874464e+01 7.495382116826368701e+01 8.079019893881103087e+01 7.203201299310896388e+01
5.615352932209098213e+01 4.034210452079674525e+01 4.651249051576218108e+01 2.769201092575886136e+01 4.755673731004500127e+01 4.451261327053047268e+01 5.014024678076587094e+01 3.166343030330946462e+01 5.138108792136866043e+01 4.800993287361971085e+01 6.452799994730916922e+01 6.307840778530113823e+01 6.307840778530113823e+01 8.298647831288920429e+01 8.554622046561141246e+01 6.902766935444421392e+01 6.566803714797336511e+01 7.274285097257059363e+01 8.154188023823645892e+01 9.281477777270460194e+01 1.125376776818804956e+02 1.200180679260027006e+02 1.114268223983860082e+02 1.106679821454391970e+02 1.043864293915467698e+02 9.722684357919582965e+01 8.139263104047051911e+01 6.753384278570109700e+01 4.696686516077635076e+01 4.487868558803614860e+01 4.280483525321534444e+01 6.326946696526186287e+01 5.708661338620104431e+01 5.410665370474019653e+01 6.626561583837106184e+01 8.800237903029959341e+01 8.100840517915256100e+01
5.880095791446964881e+01 5.715103254477876504e+01 5.548806545077898988e+01 4.662874049616338823e+01 2.877593390459390221e+01 2.957400368977516081e+01 3.037279387751519266e+01 3.748227854037696716e+01 5.199500792861978482e+01 3.694357476180474009e+01 5.636132911177852378e+01 4.908086097422273042e+01 6.890934664249161301e+01 7.892524824227463398e+01 7.072993745490859396e+01 5.745581432259608334e+01 7.736699902106479954e+01 8.687884863135309388e+01 9.340609004091494683e+01 1.015957747363240316e+02 1.114351745572433856e+02 1.114268223983860082e+02 8.916314487405242062e+01 8.858127637870416038e+01 8.203456764540267443e+01 8.290096357676172545e+01 7.241504764264684013e+01 5.132481284586813786e+01 6.728636971505807196e+01 5.463174202393539503e+01 4.227296983586721524e+01 6.150496677899656106e+01 7.535128164709117016e+01 6.614924257100797433e+01 7.545438446988836745e+01 9.677390471690974039e+01 9.016387086767819881e+01
7.676374739512928613e+01 6.987007739511912519e+01 4.799514345599018128e+01 3.272104217694987938e+01 4.860285110823882349e+01 4.937081713419855333e+01 4.053339966594825938e+01 3.264798778637106835e+01 3.444340105874346847e+01 5.383420038887100390e+01 3.948376097861595468e+01 5.899510380835719303e+01 6.380339778642861859e+01 6.614311767840285938e+01 5.085426290723567888e+01 5.594330593627879722e+01 6.131857550516407684e+01 6.716068366837102133e+01 7.382436581222943062e+01 8.360514921253249554e+01 1.032070308692973555e+02 1.086280518181266928e+02 8.620833979562112859e+01 7.322316160793458550e+01 6.658151949553257509e+01 6.130477804118509511e+01 5.632282546614661811e+01 7.240441179383012127e+01 7.531536278096558590e+01 6.184871578506345458e+01 4.173691559455465239e+01 5.581431212864521996e+01 7.715781837102481688e+01 8.763121257477924075e+01 9.641015933754947298e+01 1.058828344467422227e+02 1.094619515094462372e+02
6.989094499224511026e+01 6.443579372286225748e+01 5.526153523263812417e+01 3.555666160227622896e+01 4.943749582334091741e+01 6.602846049998019851e+01 5.126636340525167412e+01 5.568389044022869427e+01 3.743526359828063477e+01 5.714228629636728130e+01 5.899510380748369442e+01 4.215981509151438189e+01 4.408491866167069162e+01 4.631693801787457687e+01 4.959891008945904645e+01 6.957657158023556576e+01 8.118670470670146244e+01 8.687884863135309388e+01 9.340609004091494683e+01 1.015957747363240316e+02 1.114351745572433856e+02 1.172724944202287674e+02 1.045906064000275961e+02 9.568402504677929699e+01 8.591577316212493542e+01 6.410523255662201336e+01 7.710341194243113705e+01 7.177589829908752961e+01 6.202679723454799898e+01 5.628167350549698256e+01 4.119486636119104617e+01 6.296087175822411552e+01 7.506272798445279193e+01 9.575092826996764472e+01 9.407678716913952144e+01 1.028075550249532881e+02 9.893606752124671289e+01
