MOVIE_S4_data/elevation_000471.asc
nrows	100
cellsize	150.0
xllcorner	0
ncols	100
yllcorner	0
NODATA_value	-9999
[rows 0 to 16 of 100, columns 0 to 36 of 100]
2.082717056534231503e-01 2.020827158442093818e+01 3.182141055695237597e+01 4.596355339378101945e+01 3.828128005141170576e+01 4.656555002540449806e+01 5.811255289713752603e+01 6.292958013651492877e+01 7.121384984237130311e+01 8.276085355058543769e+01 8.143306862914177202e+01 7.277129446567829518e+01 7.633076834907454611e+01 8.495806029742396959e+01 7.967625415395774269e+01 7.390872649869795907e+01 7.014027246195979615e+01 7.092125578851535295e+01 7.954400832794070197e+01 7.999758423486473191e+01 7.509280096347333711e+01 8.103465297590776117e+01 7.954766627055717265e+01 7.954766627055717265e+01 8.790064676563413570e+01 8.788919419154055390e+01 7.963819301110564197e+01 7.963819301110564197e+01 7.963819301110564197e+01 8.788919419154055390e+01 8.570329355369230484e+01 7.743840512712594659e+01 8.570329355369230484e+01 8.270918050634753627e+01 7.416911043518264535e+01 8.155858024521229765e+01 7.566174754611928677e+01
2.038130619680232347e-01 3.537146395301363544e+00 1.767928201903264807e+01 3.225105315951931573e+01 1.828128005039785720e+01 2.982828543419057610e+01 4.982828542544461925e+01 4.292958013761175806e+01 5.447658552140511290e+01 7.447658551729867327e+01 6.924335606483499816e+01 5.157460517307434600e+01 5.506861076687228262e+01 7.275577569527632704e+01 6.016206549279268501e+01 5.446801230155701035e+01 5.023118928902012925e+01 5.030855633503589530e+01 7.082778388068027198e+01 6.072852036840105683e+01 5.514076597437269101e+01 6.098223215104671624e+01 5.929725816902755753e+01 5.929725816902755753e+01 7.954766627055717265e+01 7.963819301110564197e+01 5.980605965459213991e+01 5.980605965459213991e+01 5.980605965459213991e+01 7.963819301110564197e+01 7.573302371902994423e+01 5.750311191229437924e+01 7.573302371902994423e+01 7.106825155572850861e+01 5.419484444533833312e+01 6.160722546836397129e+01 5.578565181108557169e+01
1.945267862640465417e-01 2.019452678626369035e+01 8.537146395301407509e+00 1.225105315884247759e+01 3.225105315951931573e+01 2.535234786226345705e+01 3.138257475381883665e+01 4.292958013761175806e+01 6.292958013735066203e+01 7.222508208295792542e+01 5.143451435710726116e+01 4.018769964857852983e+01 4.328940636950139975e+01 6.348217731142436548e+01 6.016206565836474596e+01 4.031042325878897969e+01 3.574676086196649294e+01 5.551806244328470541e+01 6.600733677058256887e+01 6.098228442734654919e+01 4.178033167325536112e+01 5.601913661615610351e+01 4.569003651066122984e+01 6.522846538017059004e+01 7.597601079954067416e+01 6.774362970886444657e+01 6.561475702931900855e+01 4.591365509303244608e+01 5.980605965459213991e+01 7.963819301110564197e+01 6.747075851971017357e+01 4.747884440826866381e+01 6.747075851971017357e+01 6.220459372418037702e+01 4.303890440764749314e+01 6.160722546836397129e+01 4.209754215052132764e+01
1.884163169627051937e-01 2.018841631696234984e+01 2.267928201903290386e+01 3.225105315951931573e+01 2.858098477740193744e+01 4.535234786362700277e+01 4.168227948085534251e+01 5.966684528866289128e+01 7.121385018082195018e+01 6.781068034351676488e+01 5.143451329461584720e+01 3.208531633771801950e+01 3.512957055457752631e+01 5.483998885157682679e+01 5.365864516916969507e+01 4.870071461231824372e+01 2.830051034845230618e+01 3.931069405049996135e+01 5.774359558570600370e+01 5.407371737480743690e+01 3.520797622910023961e+01 3.691769783982090303e+01 5.601913661615610351e+01 7.359895246733086083e+01 6.774362970886446078e+01 4.802201683305531787e+01 5.379834350844386393e+01 4.069619840776407216e+01 5.455522428565126347e+01 7.433783242047128681e+01 6.080678714922966321e+01 4.058639819198365473e+01 6.080678714922966321e+01 5.386844701258935686e+01 3.498383711995992940e+01 4.892674185991975122e+01 3.573361007585776150e+01
1.898839224935668091e-01 1.433201954622439089e+01 3.433201954622367680e+01 5.096355337771638716e+01 4.858098477346968735e+01 5.686525449116579267e+01 6.168227948440689090e+01 6.996655031435484773e+01 6.588669598367387437e+01 5.735925368933884272e+01 3.911430762690162055e+01 2.602326956609196529e+01 4.498478036308802075e+01 5.364113186741467132e+01 3.349475744497539154e+01 3.717592606802791266e+01 2.294549455856583009e+01 4.356216046107936535e+01 5.085325767007224584e+01 4.236986650236531204e+01 2.914089630324061275e+01 4.822343532434645397e+01 5.523148769061263152e+01 6.104452174815299514e+01 6.691436791766079750e+01 5.379834350844389235e+01 3.415776802980038696e+01 5.379834350844389235e+01 6.856860245214116389e+01 5.620535035374963684e+01 4.810654006582385733e+01 3.410385136926585403e+01 5.370274274102958145e+01 4.494533802196136207e+01 2.949990133307681717e+01 3.507297045031609173e+01 3.046806707797749070e+01
1.812560074098455432e-01 2.018125600740949110e+01 3.196482436090266788e+01 3.731004919915070417e+01 4.334027609070587062e+01 5.041134390257122533e+01 5.869561515003282892e+01 7.024262053382393844e+01 5.735925368933884272e+01 3.755040462705527915e+01 4.084691676319463483e+01 2.180984014133960613e+01 4.084670877117603993e+01 4.692619957868095071e+01 3.715877313600960719e+01 1.621305114928307844e+01 3.539738024300002195e+01 4.357286065147763310e+01 3.765111290291007862e+01 2.341576709084048957e+01 4.272005522012722167e+01 4.936844530253994634e+01 3.527065946800854590e+01 4.110393178868508812e+01 5.295177830467183355e+01 3.899614387860080456e+01 3.022751392265308112e+01 4.994650975368252688e+01 6.171865744940809861e+01 4.247258204503699375e+01 3.106608730733729118e+01 2.742707084876232670e+01 4.028346382021423011e+01 2.264035447232702580e+01 2.521341288451743168e+01 2.732194727234611875e+01 4.453110928916925815e+01
1.855941142937577448e-01 2.018559411429340145e+01 1.196482436090302492e+01 1.731004919915141826e+01 2.334027609070658471e+01 3.041134390257193587e+01 4.195834928636404015e+01 6.195834928636332961e+01 5.735925368933884272e+01 3.755040462705527915e+01 2.426596690541556001e+01 1.778376988835422168e+01 3.261565249592570837e+01 3.209763779715862597e+01 2.216597051819478281e+01 1.778445728951950855e+01 1.000992579206387134e+01 3.217008558802953644e+01 1.810521456892211489e+01 3.737310438946015267e+01 4.892355182878207387e+01 4.082921871914086154e+01 2.100238425705722278e+01 4.097466510512386861e+01 4.476705545929883812e+01 2.480092064914533623e+01 4.476804774051374380e+01 5.813805973108620151e+01 4.836616110838478022e+01 4.008824883960053143e+01 3.732109003346750598e+01 2.418838671168289167e+01 1.889113610932389875e+01 2.640931231442376159e+01 4.041331904142261067e+01 2.933075385339994057e+01 3.931118447667163451e+01
1.797113411273130179e-01 4.893756549037610704e+00 2.489375654903725632e+01 3.731004919915070417e+01 4.334027609070587062e+01 5.041134390257122533e+01 5.869561515003282892e+01 5.840389909170477267e+01 5.622798348992353823e+01 5.171837824240445514e+01 4.160439176646157478e+01 3.007115409441446374e+01 1.300826222460188042e+01 2.340342807724474383e+01 8.787499406006604730e+00 9.142909750812069802e+00 9.492320124122619163e+00 1.302305337622279247e+01 3.052389135045320856e+01 3.292162593267750736e+01 3.153359772857593413e+01 3.112792553977132215e+01 1.339567955300661595e+01 3.354340423911360602e+01 3.674315594822334674e+01 2.113371460420266246e+01 4.139345642491343114e+01 4.777241229480403462e+01 3.861478150279190658e+01 2.262235407318719638e+01 1.741460819438816543e+01 1.776634301720769216e+01 1.811973653230701586e+01 2.374888916004788442e+01 4.125467255562636382e+01 2.121310530286931595e+01 2.844476536408389222e+01
1.682297228869525374e-01 2.016822972288659699e+01 3.149415238791605631e+01 3.816081905929240037e+01 4.644509208754867302e+01 5.644509607901289883e+01 5.840389909170477267e+01 3.851867305840310962e+01 3.634372863987525903e+01 5.040760081153185723e+01 3.936989525547650004e+01 2.305032660390558874e+01 1.410542834539923795e+01 8.278283447855265820e+00 1.364138092347043063e+01 2.493159583022620041e+01 2.327393375876864212e+01 9.974023960574575298e+00 2.264176996163634215e+01 1.090389879187298305e+01 1.123288517515660168e+01 1.155949782304640472e+01 1.188282835625201628e+01 2.782061262549646941e+01 1.610624725296479909e+01 3.674419061618964832e+01 4.945031403219101662e+01 3.911867039135438517e+01 1.884020511092699834e+01 1.691554799190862113e+01 3.682935722448504379e+01 3.765524459114556066e+01 3.774644178746662249e+01 1.861744897834566004e+01 1.969797029590408144e+01 4.139138145284984205e+01 2.271521708800526085e+01
1.736477300190079065e-01 5.720649692271322806e+00 1.149415238416763074e+01 1.816081905083441583e+01 2.816081905083459347e+01 4.816081908218033192e+01 5.263923613828909964e+01 4.216767744536036844e+01 2.217968158762264252e+01 4.209676671438391793e+01 3.496340316046867969e+01 2.113160955685987474e+01 7.771289182615602975e+00 2.172480956553886955e+01 1.444368138372264099e+01 3.282496326108362439e+01 1.948457189704143744e+01 1.052420607049654677e+01 1.043992837712376698e+01 1.451546372516495964e+01 2.408943595563889062e+01 3.170073907772623301e+01 3.208532517816037455e+01 1.233730434247542007e+01 1.258252596570755877e+01 4.002419724450188454e+01 5.812779666607072926e+01 3.925153452903968088e+01 3.626736621340830879e+01 1.656494854917900028e+01 3.136212540409022864e+01 5.249661454014157158e+01 4.045012823693357262e+01 1.898933490674676250e+01 2.455068385399923514e+01 4.193955652128191502e+01 4.357277924354932708e+01
1.635824339929259352e-01 2.016358243399256978e+01 3.149415238791605631e+01 3.816081905929240037e+01 4.644509208754867302e+01 5.644508819269947963e+01 4.440549176040367030e+01 2.446899411328519491e+01 1.531464935887238532e+01 2.834266444407242602e+01 2.617780470186522379e+01 7.278847000645124687e+00 2.243436867632885523e+01 3.201908694762976637e+01 4.333853211706831843e+01 3.824951696843451998e+01 1.750057989289672378e+01 3.608693163781200042e+01 3.583923930207826913e+01 1.574654573293541304e+01 3.681844889450062652e+01 4.340467208226839091e+01 2.779390286892576256e+01 2.799441782349122931e+01 1.277560411584268074e+01 3.347322742593514278e+01 5.571762151362977988e+01 4.695050146252058454e+01 3.562725141629074699e+01 1.622084483808652067e+01 3.646699281341876286e+01 5.084438873921089908e+01 3.284007815698961252e+01 1.936210586697826486e+01 3.892427222384241503e+01 3.361075141761033791e+01 5.310426250265616233e+01
1.578132703760624089e-01 7.717102730560574386e+00 1.666137464055957551e+01 2.820838002435188585e+01 4.820838002435117176e+01 6.426653358485941681e+01 4.440549170448269223e+01 4.373094702420774382e+01 2.834777960809391573e+01 7.702132928724395811e+00 6.809923557578086317e+00 2.595972180177480482e+01 2.221202466644910345e+01 4.198352715546340619e+01 4.789373363130986405e+01 2.877096357161746809e+01 3.841106701749559704e+01 2.628573975266807139e+01 4.346955538232699467e+01 4.643179001327279565e+01 4.635731478331859989e+01 3.896685042668526933e+01 3.298486630524217844e+01 1.323490300189080671e+01 1.867206780101881591e+01 3.507718994659996525e+01 3.917828375482572767e+01 2.875560229267841450e+01 3.250968915791283820e+01 1.588533117894332136e+01 3.157220180000987853e+01 5.368026386076804357e+01 3.938106444062307787e+01 1.973568425053131747e+01 3.959893710871731543e+01 5.257014373123851669e+01 4.913191167650490598e+01
1.543728846943814847e-01 2.015437288469402688e+01 3.600137397795178629e+01 4.494564588783947556e+01 5.649265127138330200e+01 6.569965146532102551e+01 4.444701942005085016e+01 4.424330553078077344e+01 3.581898831516371473e+01 2.495557100633048364e+01 6.492997539460207967e+00 2.666348806050707765e+01 4.244323496144077978e+01 5.151776374110075096e+01 5.581652283539850856e+01 3.758590309498588056e+01 5.335168947579769849e+01 4.543384242452125221e+01 3.474605034803351344e+01 5.319566578624464626e+01 5.830475199888901017e+01 4.138092506482429656e+01 1.361392996303661107e+01 1.355519178737817043e+01 2.459847689878528243e+01 1.445692310437717332e+01 1.477846986622502889e+01 1.509983709691720932e+01 1.542127429567433694e+01 1.848004397675812172e+01 3.894358879860028111e+01 5.391951851851511179e+01 3.420154088021602945e+01 2.010960569204920745e+01 2.469319003356858389e+01 5.461975584634413394e+01 6.784696750744819838e+01
1.561752203313827581e-01 2.015617522033102915e+01 3.147364219914262407e+01 3.814033971997127281e+01 4.642587583652078109e+01 5.642727517302916596e+01 4.444696419632153805e+01 2.427544827872920763e+01 2.661033847650425344e+01 2.362705414662053727e+01 6.181274296448159511e+00 2.675080777821239764e+01 3.992102485362968167e+01 4.792018771162830859e+01 5.738099284906763131e+01 4.826484031594747393e+01 6.424498845967082161e+01 5.936002558189823475e+01 4.086695741829177564e+01 5.936002558189936451e+01 5.321930417596140472e+01 3.194098617998581346e+01 4.109115580432607118e+01 2.044804221251090581e+01 1.400357328289777747e+01 1.606415670914606153e+01 2.696924911963107618e+01 2.994648486373467478e+01 1.659491118476019622e+01 3.041129504628386471e+01 4.677902299500309624e+01 5.097441417804009944e+01 4.004077405346964014e+01 2.048324008846916655e+01 3.500445354994810288e+01 5.172294782540416236e+01 5.842116862689839252e+01
1.531247021631862160e-01 5.700126664415501310e+00 1.147362935631180925e+01 1.814029602297859256e+01 2.814029602432210453e+01 4.814045996567764973e+01 5.321683274592508184e+01 3.673896498155758650e+01 1.421084218702387325e+01 1.898663661317890927e+01 5.872367066997222551e+00 1.284905221032739853e+01 2.025559391150596866e+01 3.042227505623730721e+01 4.936250321589412238e+01 6.712616365185104428e+01 7.526963931916395723e+01 6.749054022567250399e+01 4.987071026248622019e+01 6.749054023338061370e+01 6.142464336557409865e+01 4.475947676544026166e+01 4.822008505124225053e+01 2.855687985183728017e+01 1.776750655860596595e+01 3.442322561458533414e+01 3.766149489367089842e+01 2.410759580968726468e+01 3.754256368959508450e+01 4.744665133950529423e+01 5.765945846654384610e+01 4.294840794471337375e+01 2.207575440786695253e+01 2.085558443613101076e+01 3.911960741420571708e+01 4.368151801565105785e+01 3.845303922780329486e+01
1.422398637851068903e-01 2.014223986378475217e+01 3.147364219914262407e+01 3.814033961925729699e+01 4.642587318996619672e+01 5.642716823036240470e+01 5.597973930574875112e+01 3.909164213748675820e+01 9.971871066289468288e+00 7.615280797642999921e+00 5.566978831188246879e+00 2.785804741718343180e+01 3.858230795027164817e+01 4.791264642118275674e+01 5.731294403774293755e+01 7.379892448616377010e+01 7.788143922279618891e+01 7.712717630019317028e+01 6.884936805160343454e+01 7.712771394135529590e+01 7.292190761536109278e+01 6.477564333036541200e+01 4.834759275997815564e+01 3.624027445516037460e+01 2.181838245546915900e+01 4.216175469019250954e+01 4.788176553896963128e+01 3.288641639316397658e+01 3.228033173438308978e+01 4.833635398109461079e+01 5.693246112651098656e+01 3.715602463503097397e+01 3.853056423935687036e+01 3.854313558820193464e+01 2.137806296592941990e+01 2.312800935018954718e+01 2.733977692320616626e+01
1.377665891220937744e-01 2.013776658912173900e+01 3.145814180620906342e+01 3.812544694103498699e+01 4.641930162400146287e+01 5.643617476006379974e+01 4.842835227659018216e+01 2.925571920889220223e+01 2.760511229229906505e+01 7.448009849193120147e+00 5.265547137120730525e+00 1.400730498868440144e+01 2.913318083072793030e+01 5.444766577209357195e+01 4.605602224959731217e+01 6.001073284781074335e+01 5.780883303372305448e+01 7.190271963499954211e+01 7.409944555200179650e+01 8.259630093364428660e+01 7.666337132129991971e+01 7.668345592935503419e+01 6.476518157498570361e+01 4.649348088751304431e+01 2.617615754201100131e+01 4.649348088751304431e+01 4.898903880629118390e+01 4.898903880629118390e+01 3.782232317270887023e+01 5.408900121621052648e+01 6.522935951545191813e+01 5.693245989424701747e+01 6.070565611136386508e+01 4.932344198859852469e+01 4.112971122573290472e+01 2.189711842425851174e+01 4.161840688230594054e+01
