MOVIE_S4_data/elevation_000578.asc
nrows	100
cellsize	150.0
xllcorner	0
ncols	100
yllcorner	0
NODATA_value	-9999
[rows 68 to 84 of 100, columns 37 to 73 of 100]
4.832298967021444014e+01 6.836271162245066080e+01 7.537233969502624120e+01 5.428990937521248838e+01 4.004916375063875478e+01 3.384650016594538613e+01 4.625177727037831943e+01 2.844734727626714843e+01 4.831003783670087159e+01 6.255019031477040414e+01 8.295477154289092425e+01 7.813150133160310418e+01 6.626835084523456487e+01 5.181826132758543935e+01 4.287477247708708461e+01 6.308439755195547605e+01 6.314923096687618198e+01 7.186001322256549884e+01 5.928763970879310818e+01 3.858563028000597228e+01 5.209175966852487960e+01 4.592639826378399448e+01 5.677926264749673635e+01 7.584516654883975662e+01 7.932729827142250656e+01 5.920616196936924069e+01 6.635377501914604181e+01 7.797031071730910412e+01 9.807661433308827270e+01 8.933538861738482240e+01 6.831980583880734059e+01 5.582332298518198854e+01 6.764104093452127131e+01 6.336435581323831201e+01 4.525895821741335112e+01 6.523083025119807132e+01 7.689559669391312013e+01
4.264536048138317170e+01 6.257774343507868053e+01 7.166947204421208539e+01 6.882499903380137596e+01 6.025671336643390674e+01 4.627906800735785708e+01 2.627210991416116670e+01 4.627682899668396743e+01 4.237979087888425056e+01 6.255019035683497464e+01 7.433126768035162968e+01 6.952285877445345363e+01 4.919272916621171277e+01 3.772680829780703249e+01 5.311638329163154282e+01 5.351691307626639116e+01 4.115355554860566656e+01 5.476274411310444634e+01 5.984860462309122653e+01 5.243909846933134844e+01 3.588677515910363525e+01 5.503973219122699589e+01 7.285467829067289358e+01 7.745426696114088827e+01 7.374673333781433371e+01 5.367856230895588254e+01 7.374673333781433371e+01 8.618710159977266017e+01 9.775914260778500875e+01 9.770290488370550008e+01 8.570730492921961741e+01 6.764127353924355646e+01 4.775518709367700865e+01 4.355095237212324832e+01 6.331023808470322933e+01 5.668978366593174911e+01 7.689559669391312013e+01
3.804598658940685141e+01 5.242329229541308422e+01 5.229046012991968695e+01 5.605482654538022302e+01 4.770253479375214312e+01 4.390729656550641380e+01 2.481983070403521197e+01 4.485761980790788073e+01 5.097560802582325579e+01 4.777736948271873985e+01 6.602123941319239009e+01 7.690715951853042043e+01 6.605812129382999842e+01 5.311487789220777955e+01 3.311463041789504302e+01 2.991925048113945707e+01 2.971479247902599141e+01 4.292167213969776896e+01 5.022132278742873979e+01 3.328952221489951313e+01 5.246802655679514515e+01 6.299357126725331568e+01 5.730786940949850816e+01 5.730785597799393827e+01 6.936749264173189999e+01 4.947413494093267872e+01 5.785718550434318530e+01 6.939028174743326360e+01 8.948268438160258142e+01 8.531415550060766861e+01 7.144872748195946599e+01 6.303783762821484515e+01 5.816964715970384958e+01 4.240319354629837534e+01 6.209048844006807855e+01 7.689498989985455069e+01 8.525609763429729071e+01
5.242329229541308422e+01 3.263878098941979289e+01 4.751270757644333287e+01 4.765235479586009149e+01 3.007650332897500078e+01 2.410972718114964408e+01 2.448525905952395121e+01 2.645217596029732476e+01 3.480650990299142933e+01 4.966169617036025841e+01 6.510322304437882224e+01 5.711800242796265792e+01 5.714588217143097637e+01 5.624377349660832692e+01 4.735769059763396882e+01 2.912708450695109974e+01 4.754557431257280342e+01 3.030444102557544639e+01 3.072522273486550048e+01 4.179181738626302689e+01 5.121824313519643113e+01 5.193764950662522040e+01 3.910514434398103845e+01 5.727393337694950048e+01 6.521941797124335949e+01 4.568450119110455176e+01 6.184344784282014729e+01 6.947418261041127607e+01 7.942048844539651498e+01 7.511930534805223658e+01 5.682094039082764425e+01 4.361283510863351864e+01 4.076362396257138698e+01 5.948863239428743555e+01 6.920335184885117030e+01 7.745355675146848284e+01 8.475419177347822597e+01
6.073013582621905471e+01 4.751270757638231146e+01 2.774966703350619213e+01 4.265687720633676605e+01 2.360271377489249645e+01 4.306707063429287530e+01 4.094291147060398828e+01 2.502422212614687425e+01 3.634744991886736898e+01 2.949360967508183862e+01 4.849316666582316060e+01 5.180015336667196379e+01 3.730418306191509004e+01 4.761109483495241079e+01 2.853698278258761434e+01 3.830423967067466862e+01 5.562667859638595047e+01 5.118795907290018476e+01 4.463511373663030923e+01 3.133935576568025638e+01 3.177412464930403857e+01 3.220831203375281859e+01 3.264305196088115224e+01 5.237920812606557774e+01 6.130290240433497218e+01 5.391724208847046640e+01 4.125223714848610967e+01 5.174008023972728409e+01 7.118469945364566343e+01 6.696007080488986674e+01 4.887564210001377063e+01 4.005263896934081913e+01 5.958231938482872181e+01 4.153788815607987317e+01 6.113896319834211113e+01 5.810016029755022515e+01 7.207548815373037598e+01
5.184707569619028078e+01 4.481779604949252871e+01 4.225299653143392220e+01 2.309767640321485160e+01 4.282007673939013870e+01 5.116698308706036613e+01 4.446790613355732091e+01 4.211261716534979627e+01 2.557344755597076258e+01 2.596699912748401218e+01 3.616306110121859518e+01 4.107780942280032832e+01 2.752452037230772675e+01 2.794507148092842641e+01 4.755171052698393197e+01 5.628498684970174537e+01 5.434586292057873891e+01 7.006692767542656952e+01 5.773788108575315903e+01 3.666653226260797993e+01 5.149882638151525072e+01 4.608492667885959548e+01 5.237202663379077450e+01 3.326096497032084898e+01 5.300303018852763870e+01 4.857418500667955641e+01 3.844740006683184674e+01 5.672329158954797634e+01 7.424557174705601881e+01 7.510422050535748895e+01 5.906106731077421301e+01 3.954875846928471361e+01 5.887552597809761323e+01 6.107940368847102519e+01 4.229755064302536027e+01 6.159742755295393835e+01 6.328660806751182122e+01
3.203528235870336260e+01 2.429531352378098319e+01 2.259045344550447254e+01 3.329907954029867057e+01 3.726191915297359003e+01 5.707298499065225883e+01 5.646455609920261765e+01 4.102322653509112627e+01 4.662591504277291676e+01 3.699654933440810112e+01 2.652845383963983039e+01 2.692755212533712239e+01 4.679050090939688289e+01 3.606050623374147079e+01 4.660976198851194141e+01 6.612367274130967587e+01 7.353970084701461474e+01 8.095440196285242962e+01 6.409669798055446677e+01 4.271535621654662407e+01 6.409494820712370711e+01 6.602288812105078364e+01 5.986630391800130013e+01 4.532432930565524742e+01 3.388189758659694917e+01 3.432488337632534581e+01 4.010236115200113005e+01 4.849249365731316175e+01 6.168131840833687818e+01 7.105091810960792031e+01 5.677714435554774042e+01 4.337356747733906559e+01 3.883477642310101174e+01 6.649514414538896290e+01 5.853616716125315378e+01 4.304350226335871810e+01 4.356612190022485720e+01
4.441571637788369742e+01 4.140588600167902911e+01 2.222449877907229165e+01 4.192727894762461460e+01 5.668361345782093963e+01 6.541910341975294330e+01 7.121325404696587213e+01 5.886196718384314863e+01 3.955101023675526761e+01 3.222582701325242738e+01 4.844968758720364832e+01 4.631021598747130952e+01 2.856370634948952514e+01 2.972589352183841882e+01 4.975993667855296820e+01 5.936675147261718877e+01 6.763827922557061356e+01 7.616268278178857543e+01 7.114214981937450943e+01 5.000491147588154206e+01 7.114214981833832496e+01 7.433409048077555781e+01 5.929468950667329352e+01 3.948012749479968875e+01 5.362916619600380841e+01 4.934119842558030911e+01 3.495928977671615456e+01 3.540816638167894581e+01 4.367923472732790202e+01 6.223987438352308033e+01 5.717662993815349637e+01 3.811912308231424618e+01 5.372042229404266322e+01 7.134066518063134765e+01 7.071015318993394771e+01 6.083669676936621329e+01 5.091111221558900013e+01
2.585636992799614475e+01 2.169860897566592683e+01 2.554376363637607028e+01 3.221343572272760980e+01 4.645403584284795073e+01 6.661424373919240338e+01 6.971726262573099575e+01 5.085336921357489359e+01 5.785905568293425461e+01 3.743519893398030973e+01 5.777997229721614758e+01 4.100607948710763395e+01 4.788250718443949694e+01 4.976063977998641974e+01 3.137199520267054353e+01 4.876497483621956519e+01 4.731707199927306107e+01 6.780960803179490881e+01 7.956522232478941703e+01 6.083052196331222916e+01 7.956522232478941703e+01 6.597020283438433808e+01 4.594460927614458257e+01 5.079926297652758649e+01 6.734996244336426230e+01 6.483591250206647771e+01 6.093833096732215182e+01 5.515327784845282366e+01 3.604245206822427861e+01 5.579936555717282687e+01 3.740073310636740445e+01 5.200260489573780376e+01 6.498595463939318506e+01 6.949318358789115280e+01 7.757975256606219716e+01 7.888492514520781640e+01 7.364578793231949305e+01
4.089919120373931349e+01 2.131896525083971028e+01 3.970568009249399211e+01 5.179467760975438040e+01 4.865942659787731372e+01 6.881919311997663158e+01 6.971726262573099575e+01 6.423021186040897135e+01 6.319830304451001268e+01 4.326579691475938461e+01 6.319828932006493716e+01 5.169087885789695491e+01 6.852667861573186769e+01 5.985437081939302573e+01 5.145647034520590779e+01 3.303279988857475757e+01 4.224207312234794642e+01 5.770688651232073596e+01 7.889867165367263624e+01 7.551225802260886155e+01 8.976469414159792848e+01 7.117765436672758028e+01 5.100989465006605172e+01 7.089996546248278264e+01 7.927188383305878006e+01 7.609818751054174868e+01 5.592243300503525916e+01 4.179733630757943530e+01 3.783518306301687062e+01 3.667640615717892416e+01 3.756714640097808200e+01 3.845139803318628680e+01 5.814792548962219598e+01 4.948201735750406272e+01 5.925867714010130527e+01 7.277646424426218630e+01 9.192624502145417864e+01
4.014966337614061587e+01 2.093502400760582205e+01 2.970882779434949228e+01 4.370276518261265153e+01 6.377271631822193854e+01 7.715420697372658765e+01 8.845241027431130476e+01 8.296417500080092111e+01 6.904518448761299965e+01 4.965854959180775552e+01 6.904518447879613063e+01 6.510123135612634826e+01 7.611187375966532898e+01 5.200704797411648173e+01 3.477406777090109813e+01 3.807531458886123943e+01 5.751398384267906039e+01 6.309426240867234270e+01 8.294101437718667569e+01 9.574264478951087654e+01 9.110739223452567614e+01 7.087144374091863597e+01 5.654610497291550075e+01 7.679345879800905550e+01 8.085591604121295006e+01 6.064622345798006364e+01 4.904242224146410223e+01 6.183177468414304911e+01 5.807415634023180218e+01 4.462176864100789686e+01 5.731634684249179656e+01 5.823792548274831660e+01 3.970057376149679840e+01 5.954317212832669526e+01 7.757975256031552647e+01 8.642733755042398514e+01 8.845663331081772185e+01
2.039007766038127301e+01 2.707057294521161950e+01 4.557321935092485177e+01 4.959114111917682521e+01 6.970460079265821207e+01 7.323005285870634395e+01 8.159021089411169214e+01 8.449871607034660315e+01 6.557208251973150936e+01 5.957159621894056301e+01 7.690078329271392477e+01 8.442400010802424504e+01 7.068256035854594188e+01 5.027917934541574141e+01 3.601141883471104421e+01 5.595735504108107250e+01 4.576289902259678399e+01 6.466820564192346410e+01 7.888961758552423476e+01 8.683053037477215241e+01 9.624838782489806022e+01 8.354137600498420113e+01 6.329762438405881397e+01 8.354137600498420113e+01 8.921841223783962960e+01 7.528147266633577317e+01 5.507120136348987671e+01 7.528147266027094986e+01 7.249650249916055600e+01 5.598144986467001871e+01 7.227091345552986468e+01 6.046843165132063547e+01 4.059412429631639441e+01 6.047831322324947934e+01 7.892922560076077332e+01 7.416961372547814335e+01 6.825173789437238270e+01
2.165829907044773606e+01 2.254273714092670744e+01 4.232267752411622297e+01 5.287459231052957875e+01 6.702582680607523002e+01 5.307532140872181969e+01 6.994905600893559949e+01 8.002857757480485645e+01 8.449871607034660315e+01 7.299482481312986693e+01 8.644170688464184593e+01 8.055051890047403162e+01 7.223854332296008351e+01 5.755189385130437785e+01 3.725636438219067514e+01 5.755100898493199679e+01 6.466820564153950102e+01 5.435676856204170804e+01 6.058007001826178595e+01 6.961066435596919177e+01 8.816857081511149374e+01 9.191773681174680632e+01 7.344338253761610247e+01 9.191773681174680632e+01 8.956969305761566602e+01 6.936309799809185961e+01 6.674011470659361578e+01 8.364612493698358264e+01 8.389020883405406437e+01 7.555528036568155414e+01 6.941295108055582830e+01 5.339419617041911437e+01 4.149399670079773017e+01 6.144168401463971918e+01 5.870965214259527443e+01 5.393864381379415107e+01 6.562712373248123754e+01
3.852331536417499791e+01 3.991821051199313075e+01 2.479467630311836146e+01 3.872335781498002660e+01 5.263447929328063424e+01 4.156025744550095880e+01 5.151938537343712454e+01 6.575290635238387438e+01 8.594843958926885819e+01 9.201906134243689905e+01 8.384032438031323409e+01 6.370852060283408491e+01 5.178496329309468393e+01 5.905308767591689190e+01 3.872764767537147890e+01 4.062824761323356171e+01 6.087589298928560311e+01 7.176858141922879497e+01 7.888961758552423476e+01 8.683053037477215241e+01 9.624838782489806022e+01 1.020216966710685114e+02 9.363936947235232822e+01 1.020216966710685114e+02 9.792915207105397712e+01 8.956969305761566602e+01 8.694922622586057059e+01 9.531020973854558065e+01 9.721531325044040273e+01 7.397865031067166797e+01 5.581089134456480139e+01 4.335671450722531262e+01 6.137678752414184657e+01 4.328621557830955169e+01 4.456892953801130375e+01 6.463266741612855526e+01 7.493189459376297634e+01
6.049999859188461215e+01 4.808809524594029483e+01 2.832769243716475671e+01 2.733991881095153076e+01 3.276361851486793597e+01 5.263447927145220717e+01 6.994899384838038259e+01 7.395414988895352337e+01 8.231494614615893113e+01 9.184673052308056640e+01 9.210350177864349064e+01 8.055051890047403162e+01 6.131050462031063120e+01 4.083272927353804960e+01 5.909594875484405208e+01 6.087589298984655528e+01 4.413204790466281935e+01 6.448280089481686161e+01 7.660858474249775441e+01 8.648204172883822594e+01 9.481210685233676827e+01 1.059730014055472367e+02 1.059730014055472367e+02 1.142904533847520554e+02 1.137474862790556926e+02 1.036680200264259639e+02 9.532670309697134314e+01 8.861332548769890138e+01 8.279213946354245479e+01 7.252919800317604881e+01 6.469506470282732380e+01 4.469717143589856079e+01 6.474118293840872695e+01 5.738527361330417165e+01 6.463266756202548891e+01 4.644751149971651216e+01 6.065102835970224504e+01
5.566541859900244305e+01 3.572888295204023024e+01 3.337588350609591714e+01 4.712329404421277701e+01 3.004018977999599471e+01 4.985869409114061312e+01 5.749720140997469997e+01 5.379858689443079101e+01 6.329638851806097222e+01 7.879368070712017413e+01 8.889273442164630978e+01 8.136839228774658750e+01 6.292529078314669988e+01 4.237170295543058529e+01 6.292529078312911395e+01 7.286377712192839340e+01 6.448280089481686161e+01 4.784713158173899927e+01 6.823673822928779487e+01 6.622818597022406095e+01 8.648204172883822594e+01 8.589255560578268955e+01 8.589255560578268955e+01 1.059730014055472367e+02 1.054149556667887424e+02 8.523845052715397230e+01 7.518668440829506494e+01 6.844805003571109125e+01 6.257469155674029082e+01 6.973728247201451325e+01 4.956225642589240721e+01 4.605139381572279689e+01 6.614828076657880729e+01 7.759277508066460882e+01 7.494755776069253272e+01 6.657883568153874876e+01 4.835614076656642624e+01
4.414663464874125509e+01 5.566541859900232936e+01 3.861081124557922095e+01 5.817494942724255935e+01 4.985869700877298527e+01 3.278899762784267580e+01 3.752876033953546653e+01 4.320741580848399366e+01 5.025331822318368324e+01 6.032829696121179808e+01 8.053146410544704281e+01 7.300313470261021109e+01 5.444832104768287451e+01 5.788233188210505631e+01 4.464995761923663764e+01 6.792406727918908871e+01 7.660858298868802763e+01 6.823673822928779487e+01 5.177188992191577199e+01 7.216040297674786075e+01 8.226976700286351729e+01 7.161249736435588886e+01 8.589255560578268955e+01 1.059730014055472367e+02 1.137474862790556926e+02 1.036680200264259639e+02 9.532670309697134314e+01 8.861336353407931199e+01 7.515066800891064247e+01 5.489568420840495833e+01 6.767855138051980646e+01 4.753040061465578958e+01 6.175751401578792610e+01 8.215183138284592701e+01 8.997990334555109371e+01 7.003983745426428698e+01 4.978275434962019830e+01
