MOVIE_S4_data/elevation_000963.asc
nrows	100
cellsize	150.0
xllcorner	0
ncols	100
yllcorner	0
NODATA_value	-9999
[rows 0 to 16 of 100, columns 37 to 73 of 100]
1.212830455837358699e+02 1.294836678479023249e+02 1.223230400596200127e+02 1.141640510031006528e+02 1.141640510031006528e+02 1.199118324858369675e+02 1.179595437011597596e+02 1.122375424692405517e+02 1.114777327032915508e+02 1.089479398253286888e+02 1.170594861099122426e+02 1.283401679037546899e+02 1.253635262452206263e+02 1.138685521094051865e+02 1.056212903373832432e+02 1.056212903373832432e+02 1.138685521094051865e+02 1.169370622100086337e+02 1.192342104642936675e+02 1.274816253716128216e+02 1.146224642720923015e+02 1.063761672719336531e+02 1.063761672719336531e+02 1.122067106357179966e+02 1.111978328589541150e+02 1.029521424164100551e+02 1.004192576586497125e+02 1.062941610978803197e+02 1.136910702940596281e+02 1.218430158049383891e+02 1.331690399778640881e+02 1.274350415240859604e+02 1.192505084626185976e+02 1.192505084626185976e+02 1.245788821792560555e+02 1.187903118755440062e+02 1.187903118755440062e+02
1.014928867344721368e+02 1.180564793095962131e+02 1.141640510031006528e+02 9.459054158934860368e+01 9.459054158934860368e+01 1.003234897650178681e+02 9.839843342278166460e+01 9.266608676457816784e+01 9.189942338613674622e+01 8.935123569588284909e+01 1.007082535581366045e+02 1.202035605855269580e+02 1.171158276623882557e+02 9.720670500598281194e+01 8.574761689646027207e+01 8.574761689646027207e+01 9.704149937115693092e+01 9.704149937115694513e+01 9.932282502307602101e+01 1.192342104642936675e+02 1.063761672719336531e+02 8.649929702151369781e+01 8.649929702151369781e+01 9.232109752909664735e+01 9.972035922091394866e+01 8.308387890951162547e+01 8.008558346453156673e+01 8.667936609885060761e+01 9.412571370849838104e+01 1.054260599397608331e+02 1.249812844005733865e+02 1.192505084626185976e+02 9.937554154179220234e+01 9.937554154179220234e+01 1.047221396693514635e+02 9.889491194374629401e+01 9.889491194374629401e+01
9.009686622118267962e+01 1.098571920448080732e+02 1.131091393960358005e+02 1.003234897650178539e+02 8.058419511196984786e+01 1.003234897650176976e+02 9.768649736033631825e+01 7.860394806856039907e+01 7.782302216874933265e+01 8.935123569588284909e+01 1.032375583766082769e+02 1.227340201651532539e+02 1.163960778916895293e+02 1.049119907741255560e+02 9.414721962647961107e+01 7.428917705256944259e+01 7.718140354403826109e+01 8.528144784207697171e+01 1.051547347959896541e+02 1.085387604440752369e+02 1.050626633799499956e+02 9.232109752909663314e+01 7.244294471399255997e+01 9.232109752908537814e+01 8.534513264702886204e+01 7.159808019400681189e+01 8.049581629002815930e+01 9.185047339959074009e+01 1.110193745893279527e+02 1.218430158049383891e+02 1.244214446509952694e+02 1.144923832017326077e+02 1.051967845770438998e+02 8.525634144886120680e+01 9.621004433574847781e+01 8.475950661842583145e+01 9.889491194374629401e+01
9.844856261126325592e+01 1.094544407424216246e+02 1.049586689692743136e+02 8.522668719980907781e+01 7.445373898400944768e+01 9.437186849316026382e+01 8.954607045644578989e+01 6.944998457378308387e+01 8.954607045644902996e+01 9.628977980670237002e+01 9.628977980670237002e+01 1.158879023276172546e+02 1.081497705575450681e+02 8.826592429198801426e+01 7.678602646946931998e+01 6.824256566557413350e+01 8.233975363997417674e+01 1.022106161097202488e+02 9.923047186896404526e+01 8.864680603257515656e+01 9.682061962964650093e+01 7.691392640266820990e+01 6.637183311564382393e+01 8.018875721954692892e+01 6.537457648878726957e+01 7.298020940767754894e+01 9.285837183046677978e+01 1.078378415417823248e+02 1.188674940707248737e+02 1.302328720272606404e+02 1.104360594420774504e+02 9.633781792472964867e+01 8.634888133345388894e+01 7.820378278628429314e+01 7.625175945162442304e+01 9.602018291813935491e+01 9.899221858855081280e+01
8.133736437007915754e+01 9.289495254844617023e+01 1.011271527604454832e+02 8.884757331957767690e+01 6.870331259736522611e+01 8.863187501217896624e+01 8.516074499313236856e+01 6.484800646982655792e+01 8.479620069294449536e+01 7.638231682086191654e+01 9.054271316346815013e+01 1.101644260406604445e+02 1.091935144276753391e+02 9.771228867556435205e+01 8.409420719621547846e+01 6.410091203338502908e+01 8.409420719621547846e+01 9.923047186896404526e+01 7.932063905656045222e+01 7.455640940460246213e+01 9.121945040725688614e+01 8.056687240288822238e+01 6.049642965873081835e+01 6.011028864704882579e+01 6.839149958923356110e+01 8.832765995973889517e+01 8.555332925026608848e+01 9.701602253802570885e+01 1.110880070437753488e+02 1.310009524135256527e+02 1.182753019646913799e+02 1.083595073732098939e+02 1.001471870137605151e+02 9.086462278713987928e+01 7.090457706979914576e+01 7.979323793883845894e+01 9.364183413989930216e+01
6.733348394379579815e+01 7.294953348401075743e+01 8.962368786149954758e+01 8.452321863808961666e+01 6.385899023648375561e+01 7.762004882261275895e+01 8.084836338095554709e+01 6.039335336822709621e+01 6.445297054724122177e+01 7.482371354874554470e+01 8.901688754315921415e+01 1.086547621149448162e+02 1.009492243567598280e+02 8.107036971329084452e+01 6.954364530539206157e+01 6.049252103959861415e+01 8.055985854924006162e+01 9.705413520988787468e+01 7.714204536191992645e+01 6.293611655912295078e+01 7.401287744675950364e+01 7.201623011837972399e+01 5.552731559014107177e+01 7.569907521772726966e+01 8.018875721954692892e+01 8.250523864751436065e+01 1.023842230574970955e+02 1.136748075968739897e+02 1.090699509921185211e+02 1.173084545737740143e+02 1.100651744477227396e+02 9.022919957979829064e+01 8.032734090814099659e+01 8.743830524688063122e+01 6.753948193854687077e+01 8.743830524688063122e+01 9.553198719736687394e+01
7.619705338996560329e+01 6.147313349146836714e+01 8.137945948249452499e+01 9.233488340659289406e+01 7.817008609292918209e+01 5.741753128617886404e+01 7.196814995367154211e+01 5.608805728502097310e+01 7.681692934813925433e+01 9.296930686192578719e+01 1.028934613811883736e+02 1.102928787415631291e+02 9.040176986699164274e+01 7.633435052178069213e+01 6.630282294863511083e+01 5.721760286948919116e+01 7.327985876887238703e+01 8.154439647224360499e+01 9.085245766076545237e+01 7.401286553848308358e+01 5.381120798794792393e+01 5.177597904890082958e+01 7.201622566045159601e+01 8.395495609208956012e+01 1.000947632425465343e+02 1.023842168846414751e+02 1.106282167689781204e+02 1.057981201688695023e+02 8.911401739376928788e+01 1.057981204077123607e+02 1.182753019642763093e+02 1.083595073710324215e+02 9.023726396095078428e+01 7.037678144136000924e+01 6.428248870550818594e+01 8.029192667951217288e+01 7.655487217922352272e+01
5.622634262621400580e+01 6.774987434847716372e+01 8.773611454273635957e+01 8.842794877746608506e+01 6.858741255994848984e+01 6.870844647362008573e+01 5.132197178604947396e+01 7.224627652781812515e+01 8.506029817128816717e+01 9.193553252568813150e+01 1.003498245284323218e+02 1.044020315485634001e+02 1.044704209907284280e+02 9.145103985448704975e+01 7.150423115811001651e+01 7.327984693408315309e+01 5.309172868931996447e+01 6.939465132358402855e+01 7.767152970094873865e+01 6.253037629896931549e+01 4.809403205209676457e+01 6.840994255964916704e+01 7.756586472643525099e+01 8.423531530063584682e+01 9.247982960429173716e+01 1.024332601582331250e+02 1.087180556444116633e+02 9.754838734968254244e+01 7.758597556970042319e+01 9.754838734968254244e+01 1.108636834629049730e+02 9.942939668601920289e+01 9.123486133009501486e+01 9.023357055843102614e+01 8.029192667951014073e+01 6.023229717945250172e+01 6.851558986599093259e+01
7.152284473435017276e+01 8.445282030377224203e+01 9.597614746005531572e+01 8.318520254794542268e+01 6.271197776547978009e+01 4.768035600490902937e+01 6.870844647362008573e+01 8.055687155837561875e+01 8.862279333181112406e+01 7.162458191486756220e+01 8.791356483140876321e+01 8.420786649961745240e+01 1.044020315485634001e+02 9.969381793460337349e+01 9.145103695882006889e+01 8.154439089344676006e+01 6.352203969270600936e+01 4.919008240049612368e+01 6.570581834596286797e+01 6.613855466700739782e+01 4.576538639756639526e+01 5.150654068858781898e+01 5.743394072425559926e+01 6.422698498353220486e+01 7.428297648547736287e+01 9.418772607683148124e+01 1.004716693908805070e+02 8.051737504311704186e+01 7.053172688947103097e+01 9.049060897087110789e+01 1.026812608895820773e+02 8.285551528881654804e+01 7.134569951853767122e+01 8.059492961683704948e+01 7.426224328897316695e+01 5.764508930449094493e+01 7.776460689931545289e+01
7.978956505644477204e+01 8.785751031575045999e+01 8.513760152802112202e+01 7.679395183494057164e+01 6.631207316196670831e+01 4.523522128247040541e+01 6.298045081677700807e+01 6.729118990199920347e+01 7.177176367237663612e+01 5.954207443413216083e+01 6.752919811020858276e+01 8.200283145470196189e+01 1.021833136775363187e+02 9.953239688759776982e+01 9.128452677386280811e+01 9.182291793077155262e+01 7.767247881173879875e+01 6.570581834596286797e+01 4.555613365584946450e+01 6.214382344054415341e+01 4.364756155879346977e+01 6.404821764004472584e+01 7.756586107305123790e+01 8.423532701423273750e+01 9.247997729225416208e+01 1.024321864822965154e+02 9.911134118709553320e+01 8.417905627412399383e+01 6.420500020928521678e+01 7.833375258507157923e+01 9.829086772816872042e+01 9.942939668570657830e+01 8.060644163468147383e+01 6.054905254662059377e+01 5.406824205388021198e+01 7.426224328897917815e+01 8.598996643194831790e+01
8.180347478851724929e+01 6.747074989600105255e+01 7.327164683785223076e+01 5.607206725213372778e+01 6.833951577324735638e+01 5.992625677342902435e+01 4.183332637966869072e+01 4.620290044318232958e+01 5.078968618447301964e+01 6.036252331761392043e+01 7.242283049020431918e+01 9.272121357876109471e+01 1.058556023494403036e+02 9.128452677386280811e+01 7.131510382196908893e+01 7.716401238819651098e+01 8.542375035478339385e+01 7.399541063927119922e+01 6.214382343934752839e+01 4.214446923500474895e+01 4.161502213809917095e+01 5.342987042962138133e+01 6.778748383790723153e+01 8.781164616019910341e+01 8.578568660505034416e+01 9.434893750229801412e+01 9.086167848683356851e+01 7.089621293122603163e+01 5.931957062826673166e+01 7.933463610391792997e+01 9.486033024518538070e+01 8.862884884946745956e+01 7.707374780159216243e+01 6.881084670405113002e+01 5.175706230766066085e+01 7.199017338052981074e+01 7.786906674041604504e+01
7.344189377652008943e+01 5.262466580999353738e+01 6.027592278748419830e+01 4.377178099469526984e+01 5.729956525656434962e+01 3.889380640909586617e+01 4.565427982690138720e+01 6.655222377820568624e+01 6.573728601304610208e+01 8.004832631811993338e+01 8.941497508090590429e+01 1.011378207756087164e+02 9.760801065403545351e+01 7.769121068137678776e+01 6.610736466955573576e+01 5.703571040874958697e+01 6.926904191143019318e+01 7.754380553668073617e+01 5.970028734646219704e+01 3.983095358267796371e+01 3.969215686875237736e+01 5.403121232012934172e+01 7.424211678359532129e+01 8.256481405038665855e+01 6.548384797913675470e+01 8.256481405038665855e+01 8.919438359561092966e+01 6.921579939088940137e+01 5.499314413755269726e+01 6.662125443656904622e+01 8.660502864407303036e+01 8.040307397482774832e+01 6.032474736900672951e+01 4.853143010458661877e+01 6.575360807650298511e+01 6.363588005003466463e+01 5.774030110849027153e+01
7.338656658014113532e+01 6.027591858538952607e+01 3.913455520164315971e+01 3.420383221420168240e+01 3.611809658985331595e+01 5.729956511785736950e+01 6.655222375432526860e+01 5.703768391931653525e+01 7.747449063276057757e+01 9.388219938679927168e+01 9.782970965798286045e+01 8.945019934330446176e+01 9.782970965798286045e+01 9.435728545658469102e+01 8.542375035478339385e+01 6.926904191143019318e+01 4.901939755837562984e+01 6.251911794434064973e+01 5.730738501606213475e+01 3.748025837060338006e+01 3.779941579167994092e+01 6.565118316078461191e+01 7.847077637396915861e+01 7.406441460933470466e+01 5.373898705632338135e+01 7.406441460933470466e+01 8.541878835818600635e+01 6.541463489034030943e+01 5.113573039834999889e+01 7.127371578917593808e+01 7.715961352234069182e+01 8.542636094734754693e+01 7.686909225804991763e+01 6.551731571867725279e+01 4.543959604906182648e+01 4.330118899573480462e+01 6.073112120343985509e+01
6.494406004006660282e+01 4.391330855188367366e+01 3.153474002059349957e+01 5.280196039913636241e+01 5.729950649461422074e+01 5.118799274815712863e+01 7.205421125000810889e+01 7.162841194533950784e+01 7.382023438718978525e+01 9.383594018846487472e+01 8.775557804732883938e+01 6.933576255214582318e+01 8.775557804732883938e+01 9.893107002137139716e+01 8.741280618726541718e+01 7.755028648447859041e+01 6.251913212028405553e+01 4.215431059711016815e+01 3.856270852575991626e+01 3.505716463829054419e+01 5.362844112964434373e+01 4.990820509979523223e+01 7.018159292118639314e+01 6.687829078270964089e+01 4.647888102658380660e+01 6.687829078270964089e+01 8.188252207406931404e+01 6.184490877201019998e+01 4.751455007269461106e+01 6.295278400771357497e+01 5.706812254443264010e+01 7.715961352234069182e+01 7.845109238719336986e+01 7.011006197802598194e+01 6.575360804484691357e+01 6.073112133269431467e+01 4.036570547076444626e+01
6.722533506399965120e+01 5.103550774762644693e+01 2.971453570971446112e+01 4.488654824892634565e+01 6.588096504654691898e+01 7.205420833306850170e+01 8.043930427009878770e+01 9.165199909183598947e+01 9.383594018846487472e+01 9.142405224978647027e+01 7.939298094772490799e+01 5.926178663685703185e+01 7.939298094772519221e+01 9.068472353597509539e+01 7.071720090505833411e+01 5.905660306311055052e+01 5.134470477511424491e+01 5.399067907530969279e+01 5.902658465405009736e+01 5.362841560090085125e+01 3.308355522338491284e+01 5.168713182843563914e+01 6.004943770859001262e+01 6.072763731826716338e+01 4.031698538653188280e+01 6.072563665513244047e+01 6.859705296033187949e+01 7.599375764932287325e+01 6.295278400771357497e+01 4.267595553144937526e+01 5.706812254443264010e+01 7.715961352234069182e+01 7.006686874689985700e+01 4.971108902935471718e+01 5.561819019777123430e+01 5.627762524870803418e+01 5.693559452619980732e+01
4.993008221284431869e+01 3.758896708034419021e+01 2.791946412542291611e+01 4.928954798388521397e+01 5.178182481065515930e+01 6.661892313259831155e+01 8.705314281750052885e+01 8.804213146816667290e+01 7.967051301231782645e+01 8.305461970471763777e+01 6.291461280917506116e+01 5.254334092616232965e+01 7.268258284410229919e+01 8.638517420227138643e+01 8.741280618726541718e+01 7.915646896996530302e+01 6.569184463161231236e+01 6.830778334770940319e+01 6.798489877994306596e+01 4.768180208310370460e+01 5.168713182842602549e+01 3.122664054912111453e+01 4.977501982627973121e+01 5.525957871608639493e+01 3.494513565608484384e+01 4.829556792072085614e+01 4.827280707623513223e+01 6.403116632105582084e+01 5.578248065133299605e+01 3.961102037522165631e+01 5.993009321440428039e+01 7.637207788677032738e+01 6.281584647450235082e+01 5.397969711658556946e+01 3.517784334686345460e+01 3.584190073138010746e+01 3.650911454414006130e+01
5.701030952703483479e+01 4.757776662525018452e+01 2.618189843177411902e+01 3.437044681388426426e+01 4.948651986256462010e+01 7.036933652832956909e+01 8.052260086780813708e+01 7.967051301228035243e+01 5.954387660535549998e+01 6.543883192646417513e+01 6.660770013692228986e+01 4.652758406453506979e+01 5.789714000470368660e+01 7.801980306904304996e+01 7.931491164143440642e+01 8.767139388860540805e+01 8.572504696059561979e+01 8.831996495688218829e+01 7.627859456590786635e+01 6.798489997191283862e+01 6.004943816435202564e+01 4.977501982976630757e+01 2.942361994039793771e+01 4.789255946228824001e+01 3.597025176640330102e+01 2.790545113259919319e+01 4.801202343750178159e+01 5.178403464681846202e+01 3.542020666970547182e+01 5.578247805109210589e+01 6.823541879856347236e+01 6.209822637639656762e+01 4.782438002641125507e+01 3.424513267958664642e+01 5.468825667804171076e+01 5.627754956646338513e+01 3.938485511297783148e+01
