MOVIE_S4_data/elevation_000876.asc
nrows	100
cellsize	150.0
xllcorner	0
ncols	100
yllcorner	0
NODATA_value	-9999
[rows 0 to 16 of 100, columns 37 to 73 of 100]
1.011433101471758960e+02 1.094511644890479545e+02 1.023271053140094153e+02 9.407185966109041431e+01 9.407185966109041431e+01 9.772822061431901375e+01 9.189673068605529238e+01 9.772822061431901375e+01 9.641133734339787509e+01 9.382557915469489274e+01 1.020914073995103450e+02 1.135942442481876498e+02 1.118447439382672997e+02 1.035944729639116844e+02 1.052516007391316748e+02 9.697648214837558100e+01 1.052516007391316748e+02 1.048660906471741328e+02 9.649993397080666568e+01 1.048660906471741328e+02 1.046675085520498527e+02 9.597497196003180875e+01 9.597497195996653829e+01 9.798795758693250946e+01 1.066665696907510608e+02 1.131038346156674805e+02 1.073482169651180413e+02 1.073482169651180413e+02 1.154968141243783037e+02 1.153457603166486223e+02 1.072597396390579974e+02 1.066030396142289050e+02 1.107975515562268782e+02 1.175767818405921332e+02 1.094521467149761946e+02 1.175767818444539614e+02 1.263282109226884700e+02
8.108612493605050986e+01 1.011433101471758960e+02 9.407185966109041431e+01 7.443404786831688114e+01 7.443404786831689535e+01 7.804305928273005577e+01 7.230468069881231941e+01 7.804305928273005577e+01 7.673262330288295630e+01 7.420283961691343677e+01 8.541816337444431895e+01 1.053103226906951448e+02 1.035944729639116844e+02 8.336637893155943857e+01 8.929105050315627068e+01 7.664274129693927762e+01 9.513684148233825510e+01 9.461922657816153048e+01 7.588358237079185642e+01 9.461922657816153048e+01 9.597497196003180875e+01 7.478335808856282085e+01 7.478335808856280664e+01 7.675086451927306541e+01 9.445353419647419457e+01 9.333671214374673752e+01 8.753295681747871981e+01 8.753295681747871981e+01 1.073482169651180413e+02 1.039963263249503740e+02 8.754543816758825869e+01 8.683608483066660710e+01 9.112354663330877713e+01 1.014370607320742579e+02 8.981927580666990707e+01 9.865376876201889900e+01 1.099279102202181946e+02
7.940466823245853334e+01 9.943866724618150954e+01 9.407185966109041431e+01 7.443404786831689535e+01 6.077519693089359976e+01 7.103556970074386356e+01 5.865672628533174304e+01 7.515949094550391862e+01 6.308478760650002215e+01 7.270365083562968778e+01 8.645942327575355080e+01 1.063632514110423841e+02 1.035944729639116844e+02 8.336637893155943857e+01 6.898389999500419378e+01 6.651104658902399080e+01 8.680961172265742221e+01 8.619175817079926105e+01 6.579797371538239759e+01 8.168926515829180346e+01 9.015174035439447664e+01 8.099023808722903084e+01 6.038357996711472708e+01 6.490394600617872811e+01 8.572671618751415679e+01 9.333671214374673752e+01 7.328150238251005533e+01 9.333671214374673752e+01 1.049326344744494719e+02 9.511049509223443010e+01 7.589265528032298391e+01 7.254591170653286269e+01 7.690364453096336206e+01 8.159913857404124826e+01 1.014370607320733910e+02 1.058641682884608883e+02 1.254168197989056779e+02
7.940466823245853334e+01 9.299686069768185348e+01 9.296817271735724830e+01 7.335467607849030003e+01 7.103556782960716021e+01 5.165361148862996288e+01 5.133326692888578435e+01 5.578951698372662094e+01 7.515949094550391862e+01 9.070594727877970342e+01 1.005517301374477910e+02 1.016323625848168604e+02 9.332493713025985471e+01 9.332493713025985471e+01 7.913747524908018249e+01 5.907711566790948154e+01 7.913747524908018249e+01 7.898144663041374258e+01 5.901731494227864516e+01 6.156896565964352419e+01 7.848287144854863584e+01 7.370468423996030083e+01 5.356074709432999725e+01 7.370468423996030083e+01 8.765797045596409021e+01 7.942441571517251475e+01 6.723686577552815891e+01 8.728983888284719228e+01 9.087190474035703858e+01 7.681117500626463368e+01 6.682918323609834488e+01 7.266509871580703361e+01 9.274214207182070879e+01 1.014370607320747695e+02 9.784172204790105809e+01 1.174344834055175824e+02 1.335764946103128636e+02
6.473391681371563777e+01 8.469218988000859838e+01 8.715946565352321329e+01 6.763654501080499415e+01 5.396892580801542039e+01 4.600645128729177458e+01 6.544048018721737492e+01 7.515949094550391862e+01 8.332388184170469003e+01 8.762841694417099347e+01 9.585367422498630674e+01 9.332493713025985471e+01 7.309785394413334814e+01 7.309785394413334814e+01 7.440920315145139341e+01 5.455632676692955840e+01 7.440920315145139341e+01 8.135475936552514042e+01 6.153802271313334415e+01 5.061710501666557604e+01 6.375463883131937592e+01 6.236010325816623379e+01 4.891121444772030458e+01 6.881906185375802920e+01 7.942441571517251475e+01 5.953460266273943091e+01 7.942441571517251475e+01 7.722037832502115862e+01 7.861119228090078082e+01 6.262971597367852894e+01 8.265739428776032582e+01 9.274214207182070879e+01 8.225523458630499363e+01 9.634872140504698734e+01 1.159657850716937304e+02 1.255766578008189214e+02 1.202806605787950929e+02
8.035357384679838333e+01 9.299686069768185348e+01 8.866305071199219867e+01 8.151068206546638351e+01 6.260573528330080251e+01 4.311291429504510120e+01 6.260573528330080251e+01 8.196273594232542337e+01 7.379979883101289317e+01 6.807179765966463947e+01 8.762841694417099347e+01 9.560767338229402412e+01 7.902222944572541508e+01 5.901310892601079416e+01 6.901766918586815791e+01 5.037977886665550642e+01 6.990652618584674372e+01 8.886014153542959093e+01 7.821942117984336562e+01 6.375389432766145603e+01 4.441905083491472084e+01 4.259285999590588290e+01 6.223768901574462120e+01 6.647101840430687503e+01 6.834489707189797514e+01 5.503658606882984827e+01 7.271974219411873719e+01 5.638879650631982088e+01 5.874733303723569122e+01 6.460460081543068611e+01 8.465731171862314852e+01 1.028176747501076704e+02 1.020944211973071987e+02 9.488249436522994529e+01 1.087707962272739763e+02 1.283466284639301307e+02 1.117541429924534242e+02
8.865166900847549414e+01 8.866305071199219867e+01 6.908121686874252987e+01 7.267455033068395664e+01 5.984903410225062004e+01 4.028427146346307097e+01 5.984903410225062004e+01 6.551687160508680563e+01 5.437461263203558559e+01 6.555237182683850961e+01 8.506599363457296192e+01 8.727664512445055323e+01 6.705762455449605852e+01 5.720514529580847096e+01 4.930763529202417317e+01 4.634500091011443601e+01 6.597234197532145572e+01 7.461154695487685728e+01 6.594174932933967170e+01 5.765283709789360955e+01 4.018277305735902161e+01 5.892111017233371228e+01 4.518357754169903728e+01 4.700999222293491187e+01 4.887097809672930993e+01 5.099115547954782102e+01 5.311569487812942469e+01 7.085249004621738322e+01 7.259564754257843333e+01 8.465731057301847784e+01 7.465795226950113772e+01 8.887281092086156775e+01 1.086201519770083195e+02 1.145044247420202481e+02 1.226438548168673606e+02 1.179331704456944294e+02 1.179204323596563881e+02
8.609689275270169162e+01 7.792135064473056616e+01 7.267455033068395664e+01 5.322868900548067472e+01 5.716160727266444042e+01 3.751967607688133199e+01 5.716160727266210273e+01 4.603545639151316493e+01 6.551687160508680563e+01 8.196273594232548021e+01 9.328421248066734961e+01 9.560712281112689936e+01 8.551324191393965179e+01 7.611452422724977396e+01 5.622303524121468854e+01 4.240376643980830806e+01 6.204911747733288507e+01 5.480191953254837500e+01 5.554555055948804210e+01 3.794559340703183636e+01 5.767412261188322020e+01 6.726666783065464017e+01 6.465626596972467155e+01 5.557663827317054484e+01 5.665613950512804564e+01 7.051411184325318970e+01 7.271974219411873719e+01 6.217306917407844935e+01 8.202888996778671071e+01 9.956024750040361937e+01 9.465666776979333008e+01 9.103612517468813792e+01 1.107661911916245998e+02 1.117741865650338582e+02 1.034599990996005943e+02 9.775051942484537904e+01 1.119754433598824619e+02
7.480665465334286068e+01 5.844157033474255059e+01 7.480665465334286068e+01 6.144747705995370524e+01 4.190125452715494703e+01 3.482046844477800107e+01 3.901568286465875701e+01 5.862915120277240533e+01 6.551687160508680563e+01 8.506457389726902818e+01 1.000357035358711073e+02 9.171142663212980040e+01 8.445388201949000972e+01 6.461478432391400872e+01 5.075257418036886037e+01 3.941422265232159816e+01 5.887251874616901404e+01 4.901604850658743828e+01 3.574832889189914908e+01 5.553978569224567963e+01 5.403448303703947886e+01 7.389959702751991699e+01 7.528475169183087701e+01 6.944717849967437928e+01 7.056325303711101071e+01 7.274934796859464825e+01 9.020329295415430693e+01 7.362889181868295907e+01 7.839336888513901158e+01 9.820508868097664390e+01 1.055662044452345043e+02 1.107661911916245998e+02 1.112523093935254792e+02 1.001195373989196895e+02 8.322624297699836404e+01 8.342765954569917142e+01 1.018822775984609734e+02
6.096097332998292728e+01 4.717381187511750795e+01 5.748189013323638363e+01 5.728091469617618259e+01 4.915892719283164780e+01 3.231120071957782613e+01 3.990118210659532139e+01 4.977040530537659180e+01 6.354998695868971481e+01 8.315210712203221988e+01 8.823676478543400492e+01 7.113206128709104803e+01 8.823676478543400492e+01 7.103385843111689724e+01 5.058978080213177009e+01 3.655566637769952365e+01 5.249850591570638869e+01 5.199433073229556612e+01 3.422281140477902284e+01 4.825398719299474948e+01 6.807526528161929491e+01 8.222469833005507667e+01 9.518391300040977399e+01 8.937792970916709123e+01 9.052172620069812581e+01 9.269227383086831651e+01 1.008838827551953159e+02 8.774045882505939176e+01 9.820509030629443714e+01 9.973158539371762288e+01 8.585689820467921152e+01 9.973182275095841476e+01 1.025190996026060191e+02 8.275709617541993168e+01 7.160661496043459806e+01 7.336289009216783086e+01 9.354477029611487637e+01
7.480665463250312541e+01 5.748189013323638363e+01 3.783261547695714455e+01 4.915836581555813467e+01 2.930950667819952571e+01 4.915861988867203536e+01 5.952604584435277246e+01 6.767121910113485228e+01 7.746149773637307590e+01 8.048539336079967654e+01 7.982998327670374294e+01 5.898156034262741798e+01 7.982998327670374294e+01 7.622487425171966891e+01 5.633219525010736106e+01 5.255894183345616000e+01 3.269396751643139964e+01 3.211794224868983605e+01 5.199416424793552238e+01 4.678383343915704273e+01 6.070761775245058800e+01 8.072290918876005605e+01 8.617363408050454154e+01 8.617363408050454154e+01 9.460023545415350554e+01 9.865572093576686541e+01 1.070326083317080759e+02 1.074169301822809217e+02 9.640240970164275325e+01 8.825305456203888355e+01 7.165963147654883869e+01 9.085417531441771644e+01 9.419441809859451098e+01 7.405748757753931955e+01 6.273981364305404895e+01 8.275710156124560513e+01 8.696020511862971603e+01
5.748584054285645806e+01 5.180991657227808389e+01 3.202822261127400338e+01 4.433265223479093464e+01 2.724071577419443102e+01 3.884436597640200262e+01 5.302520155804397461e+01 7.380366236299772709e+01 7.439951613381009565e+01 5.993538505929777216e+01 6.334274045271471465e+01 5.151761021299205368e+01 7.245895788301534424e+01 7.421270612641920650e+01 5.561310175458189065e+01 4.714752392038604967e+01 3.004368437311858386e+01 4.995006717910180072e+01 6.025133886926247584e+01 6.656995672328108071e+01 7.488417484026497561e+01 7.527407139597968921e+01 6.578241946492559578e+01 6.578241946492559578e+01 8.617363408050454154e+01 7.808652260621158803e+01 9.521541831865381766e+01 1.022486750316622732e+02 8.245851537911075013e+01 6.817376743519517390e+01 6.248580414899225133e+01 8.269873643743117952e+01 9.198676875807466047e+01 7.185696798650914729e+01 5.789394248545823984e+01 7.189672458521748410e+01 6.691391550980932834e+01
3.746528631765471573e+01 4.922117573745898511e+01 4.174698459294322106e+01 2.439160126081151958e+01 4.433292160405478910e+01 5.526560185188481711e+01 6.188288377052086275e+01 6.889987030247428379e+01 6.414366784628694518e+01 4.539159779697117614e+01 4.265565650694428257e+01 6.334274045271471465e+01 7.898354936889406019e+01 7.289999155628414940e+01 5.949586493586362934e+01 3.816105045140798069e+01 2.877145375449222442e+01 4.869309773859509960e+01 6.717934785173657986e+01 7.616262440625845898e+01 6.774155016390398032e+01 5.508301044626175980e+01 5.162843174555257519e+01 6.955912066547506356e+01 7.495556755612994948e+01 6.629941857941454941e+01 8.678008822580954984e+01 1.043312028054460825e+02 9.029815166808130300e+01 7.555259400486907850e+01 5.495904943819248700e+01 7.555259401432812183e+01 9.029871458293281705e+01 8.608892880222069266e+01 7.189672458521748410e+01 5.226294117144063733e+01 5.563441596795984623e+01
3.740120272868507101e+01 4.133137140079103489e+01 2.179342562909822334e+01 4.174684721202318372e+01 5.190770885973549298e+01 4.799506746672973634e+01 4.213155952367753798e+01 6.188282098716774016e+01 5.567296918473061140e+01 3.533923591754318494e+01 5.567297046687153994e+01 7.182068800267207109e+01 6.964320161115715280e+01 5.641777184142328849e+01 5.395609975668562441e+01 4.569977228827136884e+01 2.751184152007703432e+01 3.906929704575068740e+01 5.889271629288116827e+01 6.453019133720371769e+01 4.766909889466607098e+01 4.102391322786624528e+01 4.509222169792720081e+01 4.950969982916300438e+01 5.476322001574363441e+01 6.365129417656208233e+01 7.539966093774283706e+01 9.598292410219853821e+01 8.213240679768671271e+01 6.181849625928790459e+01 4.944403388842037828e+01 6.181849625967976181e+01 8.213242532351904401e+01 8.432088748597547578e+01 8.020985840994494254e+01 6.655308533932688420e+01 4.710299085467676150e+01
3.491594536967291873e+01 3.744950872256313801e+01 2.004217451748176870e+01 3.992904310447037375e+01 4.676287961874815124e+01 2.791243148392583251e+01 4.004758984429472690e+01 6.010251036690477378e+01 5.138685224197043055e+01 3.135072549276391030e+01 5.137831158083894678e+01 6.944902891251366839e+01 6.224623054863928218e+01 4.466439228251286409e+01 4.560491039604339392e+01 2.573480174227778505e+01 4.426945776845267488e+01 5.325187324470983441e+01 6.009881347923410289e+01 5.173574765113590246e+01 3.615395908211581855e+01 5.615271502032445028e+01 5.652482573871802884e+01 6.955912065960038149e+01 6.581678571855519522e+01 8.340590843528745779e+01 9.252415977455110863e+01 8.799140182386366860e+01 7.802214622700360280e+01 6.603364948918918742e+01 4.484039545260533544e+01 6.603364948939929491e+01 7.710091263578449627e+01 6.440382284170722471e+01 6.440517008322396464e+01 6.913997143063060946e+01 6.190362328996079100e+01
1.598287352420828356e+01 1.764628776194990323e+01 3.611310201885331139e+01 3.670640562612372548e+01 3.716058679878560156e+01 2.103687220657146995e+01 3.417988389838031793e+01 5.432443420291659919e+01 4.741172169977708961e+01 2.749059550838880384e+01 3.947844223861359580e+01 5.196819794216990829e+01 5.879604728011535997e+01 5.151206574019956008e+01 3.293138080249825350e+01 3.969918835478620167e+01 2.395236240959058094e+01 4.556745859646909480e+01 4.751140733635049429e+01 3.169786380133167825e+01 5.173574765113588825e+01 6.453018644230066059e+01 7.675705499154676659e+01 8.520224717129748626e+01 8.621028927399467534e+01 9.463807062748412591e+01 9.382877931675896832e+01 7.405973275856459281e+01 5.980191247466608928e+01 4.934870754825617212e+01 4.061249928850633495e+01 5.669550195031156647e+01 5.649759680971833831e+01 6.155272722691490372e+01 4.484479428545855484e+01 4.951150508443999598e+01 5.589955112930324077e+01
1.998944865675834492e+01 1.647978932177243649e+01 1.682723594980370763e+01 1.836156424738421578e+01 1.769358169746320897e+01 1.796069036168931632e+01 3.771246351194256619e+01 4.628749210225875999e+01 4.094600219522747864e+01 2.340267582272685942e+01 2.490421279336471372e+01 3.420153723039893379e+01 5.095305105626903952e+01 5.757076150284387950e+01 4.231668757357458333e+01 2.332162700410132672e+01 2.269336494420466366e+01 4.286442809621191685e+01 2.743678880984088408e+01 4.751140642434896222e+01 5.055768688482824302e+01 5.829751315742034024e+01 6.805203644917449424e+01 7.439819831073424439e+01 7.439819832128021915e+01 8.273568132867488600e+01 7.932547100695354914e+01 6.977556497830282467e+01 6.730272643707419888e+01 6.891065821625403487e+01 5.669186024809063440e+01 3.545770248904908328e+01 5.649499454558462475e+01 4.833938240376884465e+01 3.494750951759704094e+01 3.560887958055087665e+01 3.627301972999806168e+01
