MOVIE_S4_data/elevation_000169.asc
nrows	100
cellsize	150.0
xllcorner	0
ncols	100
yllcorner	0
NODATA_value	-9999
[rows 51 to 67 of 100, columns 0 to 36 of 100]
1.045510899316130261e-02 1.155746031562205545e+01 3.155648053007957898e+01 3.581412877346576096e+01 1.907512112823889083e+01 2.932397644813586268e+01 1.424782786587857508e+01 3.424783090621641435e+01 4.787755438300620625e+01 5.334177095011465752e+01 5.570852480433552500e+01 5.827721194642803937e+01 5.834930993153210466e+01 6.663283749003645084e+01 6.695963908670334774e+01 5.013409394537533359e+01 4.562856639605407594e+01 5.168241423631687326e+01 6.333975614403081522e+01 8.345789381936494067e+01 9.580836879863124977e+01 8.351274709219808301e+01 6.351681333261423390e+01 7.196808935340445146e+01 6.839067447663977362e+01 5.189435332582673510e+01 5.707774067408323049e+01 7.707431549476164889e+01 7.591513583872817605e+01 8.742936456521809419e+01 1.074365598929428387e+02 1.004705966108183901e+02 8.043672335706592946e+01 7.077174368349589884e+01 9.078363955283725772e+01 1.000542558934206312e+02 8.176814837275223624e+01
1.199560344128819747e-02 2.001199560344093342e+01 3.983724477537985109e+01 4.736917303921919142e+01 3.907665274921115639e+01 4.253213047800188917e+01 2.838995722517069353e+01 1.959305270412715672e+01 3.959307144745226026e+01 5.047924083443508891e+01 5.582446892761387147e+01 6.185470107627300962e+01 6.892577842308695324e+01 7.721030458069886038e+01 7.856754816304911060e+01 7.027143257858422487e+01 5.568963909015369751e+01 7.184268161691690580e+01 6.595665184646564683e+01 8.605281451727195474e+01 8.754435004636718531e+01 6.755190750351894735e+01 7.122058906573737147e+01 5.172008627370434652e+01 4.797392218678186993e+01 6.252633483689705685e+01 7.707427499705711682e+01 6.528049231641796268e+01 8.521084493042411623e+01 1.041523339859950994e+02 1.019594708716334992e+02 9.371266196754733357e+01 8.411300759639013336e+01 6.421091449593043876e+01 8.411300759639013336e+01 9.177297114883009499e+01 7.180274462209011688e+01
1.680456789927393946e-02 2.001680456789891949e+01 3.238048972473752940e+01 4.066476097306021131e+01 4.960903288335899930e+01 5.666607220972306891e+01 4.787029606693454298e+01 3.114005629374722872e+01 2.576518670261119226e+01 3.047923191052264613e+01 3.582445674877948250e+01 4.185468364043209988e+01 4.892575145417998073e+01 6.047275719053453003e+01 8.047282016548280126e+01 8.412254799962927621e+01 7.583862549373613149e+01 8.412254799962927621e+01 8.605281451727195474e+01 9.431616543429299782e+01 8.535933880014012232e+01 6.536412717074908585e+01 5.094640694376966650e+01 4.411153787692304462e+01 6.480933921183482482e+01 7.666982503116120995e+01 9.081034303716725731e+01 8.521084493042411623e+01 8.521084493042413044e+01 1.051882913573280121e+02 9.060172784812110081e+01 7.413879583451026178e+01 7.897430925420682968e+01 5.919669849783267068e+01 7.897430925420684389e+01 8.511622897325008807e+01 6.514526227931774827e+01
2.570751284471603157e-02 6.055934404400014515e+00 1.238048972473682774e+01 2.132476163473614150e+01 3.546689725846758989e+01 5.546689725846829333e+01 5.941049232093101296e+01 5.113814061776723463e+01 3.990732252502785826e+01 4.462136784177831572e+01 5.582446892761094404e+01 6.185470107627300962e+01 6.892577842308695324e+01 7.721030458069886038e+01 8.875750418904254957e+01 9.440183508512392052e+01 8.609295624596501284e+01 8.869468826766473057e+01 9.700421544981524846e+01 1.016684847721976439e+02 8.169394188614339214e+01 6.755190750351894735e+01 6.256434686520061916e+01 4.169171045491115990e+01 6.256434686520061916e+01 8.139383716531236246e+01 8.965749672526891345e+01 8.510586986328175385e+01 9.334347696908858438e+01 9.316168221820673523e+01 8.195749144060047797e+01 6.326635579231726325e+01 7.431268169370675025e+01 5.458598054342137118e+01 7.431268169370675025e+01 7.935110747489072480e+01 5.930956367296478504e+01
2.050012024463924304e-02 2.002050012024428227e+01 3.238048972473752940e+01 4.066476097311247884e+01 4.960903288360540841e+01 5.766903482848346840e+01 6.593812542594901061e+01 6.720119587241501335e+01 5.990734445739492742e+01 6.462139725996617301e+01 6.364265816577437818e+01 7.171639258443050835e+01 6.340378564419375351e+01 6.609271860211757144e+01 7.437957035024399488e+01 8.283213167793293508e+01 6.606196526216582754e+01 6.866004790605047958e+01 8.869468826766473057e+01 8.975439041661763895e+01 7.974389499555525163e+01 7.146267826709586757e+01 6.033931634774864960e+01 3.932148772065154674e+01 6.033931634774864960e+01 6.122800418107820519e+01 7.104843492411963268e+01 6.522565472014130705e+01 8.510586986328175385e+01 8.495896127370319562e+01 6.571703999137521635e+01 5.487614306167325395e+01 6.536442856413215452e+01 5.017358779385697432e+01 7.000796258737553046e+01 7.399477958854564008e+01 5.378919263272614870e+01
2.927968592160756431e-02 2.002927968514736889e+01 3.985928093877912914e+01 4.607154552809205228e+01 4.350828244160162939e+01 3.815495267818757696e+01 5.729605800979065577e+01 4.642946863935480195e+01 6.097255044912856192e+01 5.776021959357061775e+01 4.379397888114338855e+01 5.485858841995204926e+01 4.277562303456185333e+01 4.606017151601243853e+01 6.609271860211688931e+01 7.452805820933359371e+01 5.451030666086510479e+01 7.452805820933359371e+01 8.759729954906413241e+01 8.148492289865464500e+01 6.144043363553705461e+01 5.113946662379366614e+01 4.396831919092176832e+01 3.701623938866394070e+01 5.522123849913852212e+01 4.920176024841398998e+01 5.105654757814052402e+01 6.522565472014130705e+01 8.510586986328172543e+01 9.000662426361813573e+01 7.035367053189416708e+01 5.648644246539973324e+01 4.598849385970882508e+01 4.577525036629146626e+01 7.025870472750349904e+01 6.947667299269618013e+01 4.904401560546370575e+01
2.800573862316051849e-02 1.157501112241557628e+01 3.157501112137008192e+01 2.609626113259768942e+01 2.381635363761809288e+01 4.214618577648671049e+01 3.447027985343861189e+01 2.973562870182368556e+01 4.648092674518071021e+01 3.701501687893343728e+01 3.162990348882114233e+01 2.545261059778332680e+01 3.198302734163628713e+01 4.606017151601243853e+01 6.609271860211021021e+01 6.849247902453120673e+01 4.847956496717945640e+01 5.926735887431790673e+01 7.929170769280098341e+01 8.975439041661763895e+01 7.974389499555525163e+01 7.146267826709586757e+01 5.439863554472823637e+01 5.522118769135365568e+01 3.403027562602891720e+01 4.058487752218846367e+01 6.134737824762721203e+01 7.879804996269970729e+01 7.055266501817584412e+01 7.901465457260805181e+01 7.509513330824212574e+01 5.477388583814719425e+01 3.975334270673840109e+01 5.866526585749615919e+01 7.464248931577283486e+01 6.512041580780476124e+01 4.442464860367459778e+01
3.653205470537677219e-02 2.003653205470502030e+01 2.350694093017255781e+01 1.210980449073227305e+01 2.709353775694828670e+01 2.497592870596567138e+01 1.150327565470820090e+01 3.220338829850209805e+01 3.497611971609270398e+01 1.846410357967255322e+01 2.064913941954340615e+01 2.322229697250421765e+01 4.303349717129000140e+01 4.976101422150098585e+01 5.268031180099426081e+01 5.627219476189574721e+01 4.293279359127649286e+01 6.294189534720536727e+01 7.954543138843773420e+01 9.110411389040670826e+01 9.480313473463817786e+01 7.476561350472144341e+01 7.178654395008193490e+01 5.331429947747152198e+01 3.212385520682710194e+01 5.331429947951115622e+01 6.966215263009766545e+01 6.740986767650940692e+01 4.896172333799078302e+01 6.740986767648202260e+01 7.482036085381002977e+01 5.759943559259932755e+01 3.649587123714938741e+01 5.759943559259932755e+01 6.493870410387722814e+01 5.653517905706384994e+01 4.055963733947876193e+01
4.500159517621803856e-02 1.772738446338936180e+00 3.506958385387172861e+00 5.261074424001224159e+00 7.087534877426245217e+00 8.947060313106005580e+00 1.612650043917898302e+01 1.392530194446518799e+01 1.563215600855717824e+01 2.064831906530843852e+01 4.047088706192594998e+01 4.303349717129242435e+01 2.702790416194237366e+01 2.980094481129146899e+01 3.268937637772650362e+01 3.626952382659469265e+01 4.229637378663895220e+01 5.124080189509842143e+01 6.279123966174653759e+01 8.280950859255521834e+01 8.907129236547434914e+01 7.746562469153143127e+01 6.344017002388326887e+01 4.263837038233823051e+01 3.025249137741515781e+01 4.892136620198517249e+01 5.740187266248178588e+01 5.894778270236074746e+01 3.772489024353345854e+01 5.894782541649628627e+01 6.648987795171053961e+01 4.581528873591717854e+01 3.339976466014903878e+01 5.455339845060001380e+01 5.193137035922337930e+01 3.543787732292514647e+01 4.783623844381052947e+01
4.567435126880908108e-02 2.004567435126845254e+01 2.350694093017255781e+01 2.525440900637518382e+01 2.123536785331822685e+01 2.309967739759958860e+01 3.171202331787787188e+01 2.070079689006832879e+01 2.655620246817125718e+01 4.038358148980048412e+01 2.942679341657460412e+01 4.940568247213242614e+01 4.693823413491877972e+01 4.976101422150109954e+01 4.267515119287598679e+01 4.161965335240383013e+01 6.160915688642382548e+01 5.494687250504784970e+01 6.909610031619276072e+01 8.911771699470092756e+01 8.079653295725695727e+01 6.064332844000088585e+01 4.864078782621851360e+01 3.903146906437329022e+01 4.892136185604499587e+01 2.772058897649253240e+01 4.892001899026993783e+01 4.263636610226186008e+01 3.076239785587415909e+01 5.165692222495125208e+01 5.562698740942555276e+01 5.164772338499086146e+01 3.051879512528467231e+01 4.761859498555802617e+01 3.080317239429352227e+01 4.315009841657651890e+01 6.392681081695196355e+01
5.351880592384315738e-02 2.004700325655327475e+01 3.270104014559400696e+01 3.940511420428286016e+01 4.123642953266962508e+01 4.310136638603691495e+01 4.840651387273950235e+01 2.938823183208474177e+01 4.638466465574325781e+01 5.452293103158655896e+01 4.940568247213242614e+01 4.010110148271247255e+01 6.009029961749255477e+01 6.261705134742384615e+01 6.261705134742383905e+01 4.868936084926614427e+01 6.866037048953417354e+01 7.496029607101006320e+01 8.325409750803852660e+01 8.279403190835563464e+01 8.709979887159350653e+01 6.700703108161148691e+01 5.248281666054820249e+01 5.998412353970725519e+01 4.717579554335263481e+01 2.584505204090458719e+01 4.263423111449833414e+01 2.327908204217296273e+01 3.520990851341872485e+01 4.822310984636420983e+01 3.476889334738527992e+01 4.280022020001018745e+01 4.475816405743158555e+01 2.659906160402077191e+01 4.761859499031039178e+01 6.038662578894384581e+01 7.227806494134036086e+01
5.706225480597197641e-02 1.763570711241628075e+01 1.646137719727946447e+01 3.042256816107514084e+01 3.996583110175849640e+01 4.731453764897178615e+01 5.747906095806963833e+01 4.925865368677136047e+01 4.925865368305223768e+01 6.908646296647584961e+01 6.835846845091873547e+01 5.164625836528512792e+01 6.835846845091873547e+01 8.237484730710077940e+01 7.689494198336703334e+01 6.282499173496649547e+01 6.500639718050821614e+01 8.492126802197745405e+01 7.693800775990898444e+01 6.275552995710025073e+01 7.693800775990898444e+01 8.118756457300170837e+01 7.289206651449049446e+01 5.767064574723006132e+01 3.668094530578465395e+01 4.477219676345568899e+01 2.312364466589193768e+01 2.127479643316246438e+01 1.963747883736111532e+01 3.820035256102404730e+01 2.014442305023573709e+01 2.198883930904050388e+01 2.386064564693148782e+01 3.864599478555072665e+01 4.760792972791833222e+01 6.821854555153070976e+01 6.871604981979790239e+01
5.506323356023958698e-02 2.756584325285824644e+00 5.477100420553703053e+00 2.191254988188714492e+01 2.283689968567029993e+01 3.954869603502430664e+01 4.678155201416488751e+01 5.400764417402655226e+01 5.428062506895689410e+01 6.122233018504277879e+01 6.942352850202178161e+01 7.162476120168643945e+01 7.988461848848578484e+01 7.235146278379103535e+01 8.103451589204540539e+01 8.274983792627071466e+01 8.492126802197745405e+01 8.127720645421314316e+01 6.776657001124237922e+01 4.793537505567555712e+01 6.776657001124237922e+01 8.490663099867340691e+01 6.474303893307713054e+01 5.012852572397804352e+01 5.767064574559881862e+01 5.226035988457196169e+01 3.108041263435276136e+01 4.806808904023920803e+01 3.820035339886252501e+01 1.757342714465977451e+01 3.819937773749187926e+01 4.280078959608486144e+01 4.475816491657202079e+01 5.323643856534057761e+01 6.764150235750567219e+01 6.140492761140090749e+01 4.528483629543184463e+01
6.166659562896406599e-02 2.005338223708073997e+01 2.469617952229323521e+01 9.590010931775490022e+00 2.561729994371892261e+01 3.426571588876907981e+01 3.138656129122226801e+01 4.147193545750906907e+01 3.949800199120906541e+01 4.390989482229363716e+01 5.841255817139508366e+01 6.692315141523209832e+01 6.924865469014605424e+01 5.216516976812667394e+01 6.924865469014605424e+01 8.332516900219737011e+01 7.521896980763834506e+01 7.163012868237575503e+01 5.225727019182352251e+01 3.802753710589790614e+01 5.937213673478632359e+01 7.163012868237575503e+01 7.896204941914385245e+01 7.064881831601105944e+01 6.687216523937100021e+01 4.620795200639832956e+01 4.620795200639832956e+01 5.174756063833117281e+01 3.093211180902010682e+01 1.645153651114388538e+01 3.539433247121568371e+01 4.316119346660283895e+01 5.419502628478739581e+01 6.006727890092025035e+01 6.185704707578275219e+01 5.067154102695007367e+01 2.686921356397717275e+01
6.211000661219646946e-02 2.006209620269533289e+01 3.499341420934659652e+01 2.796625103514078958e+01 1.407745066986127647e+01 1.774649473502101671e+01 2.184053884825294034e+01 2.605640887321164456e+01 3.042478519287508831e+01 3.633050378698618488e+01 4.256851494226810928e+01 5.902518527922396885e+01 6.069690107725652695e+01 4.123706574300096150e+01 6.069690107725652695e+01 7.173405446907339922e+01 5.493285284588527162e+01 6.322545624669331232e+01 4.211909740942535052e+01 3.055438337967418860e+01 4.211909740942535052e+01 6.322545624669331232e+01 7.428838990316393165e+01 6.817548271084345402e+01 7.520555394598737564e+01 6.687216523937100021e+01 6.687216523937101442e+01 5.176403830398488992e+01 3.093268517038302434e+01 3.533776521090721445e+01 1.490131177099667958e+01 2.609495210499640194e+01 4.532721730196509213e+01 3.870879884077479716e+01 3.755829551169412639e+01 3.785880724531553199e+01 1.689595371612587371e+01
7.336735264618567121e-02 2.007336732935265999e+01 3.627729770754913829e+01 3.540521483432127781e+01 2.056111173562151961e+01 3.405834093962266707e+01 3.801510434582294806e+01 3.381245533209347087e+01 4.527666897385422118e+01 4.121119591619144273e+01 5.787255822051955789e+01 6.692043388837841178e+01 5.381681030629682994e+01 3.485408197681982045e+01 5.381681031444365715e+01 6.350677471895791371e+01 4.251716802558541985e+01 5.138841964435496834e+01 4.599218642023033965e+01 2.420679524715211528e+01 4.599218642023033965e+01 6.246201021911999618e+01 5.360637704266681425e+01 4.757165588326137140e+01 6.217248044223366321e+01 5.684458734364430654e+01 6.534756524770054398e+01 6.025759560773597912e+01 5.175640642838129679e+01 3.425538971652142095e+01 1.383718724004608980e+01 3.416023782148547383e+01 3.700172824967325624e+01 2.422036247353852545e+01 3.380233008318623433e+01 1.369973972632079651e+01 1.403018463685360118e+01
7.164818186532601052e-02 2.007164818048014965e+01 1.616852282698559407e+01 2.808076312158589261e+01 3.166105877520931600e+01 2.860565017544482558e+01 3.427666425769452729e+01 3.931254346564920610e+01 5.188184526136896579e+01 5.801943600320608851e+01 6.589321845894500029e+01 6.188052469603528749e+01 4.227043289039228569e+01 2.954099471317190151e+01 4.809933259601844924e+01 6.266281369943360602e+01 5.138841964435496834e+01 2.983373154029662899e+01 4.120752518257300068e+01 1.957136971456015928e+01 3.214728765471181759e+01 5.371436368532496886e+01 5.331869892557072887e+01 3.384545991060797121e+01 4.290378701534614692e+01 3.713052511569746628e+01 5.684366386318888686e+01 6.002549460747054155e+01 4.557025267110556399e+01 3.245033801920057215e+01 1.277462288891723396e+01 3.061401283182414090e+01 1.254256275905194151e+01 1.288950855754406355e+01 1.322914300689238587e+01 2.658208087815490828e+01 3.028063509359635219e+01
