MOVIE_S4_data/elevation_000034.asc
nrows	100
cellsize	150.0
xllcorner	0
ncols	100
yllcorner	0
NODATA_value	-9999
[rows 51 to 67 of 100, columns 0 to 36 of 100]
1.045510899316130261e-02 3.911105017013634555e+00 3.335108914579166139e+01 4.980806134221055004e+01 3.744804818648238864e+01 3.923186541177106079e+01 4.453087848865481391e+01 4.335590233694094309e+01 3.057379569804432151e+01 4.353246709742480292e+00 9.638760910403448179e+00 8.962836329304218808e+00 1.618781838135273432e+01 3.304266024933857437e+01 5.502722819620974093e+01 4.683722580546781700e+01 3.677382598779026068e+01 2.490438567031866413e+01 2.883426086732888294e+01 4.229863719426189306e+01 1.434070638806868381e+01 9.962185763262004556e+00 1.290301801160401496e+01 2.871020438190140567e+01 4.045533946557515037e+01 4.499181033406776464e+01 5.267180375707015116e+01 6.547846912656220297e+01 7.572160740580898164e+01 7.943377916387764515e+01 6.997075871245996836e+01 5.390841602959559253e+01 4.052273327862799590e+01 4.125356170783717147e+01 3.177667998494936796e+01 4.790409528416204665e+01 6.591644195456183297e+01
1.199560344128819747e-02 1.379639100405609042e+01 2.699505028274799301e+01 4.986242949506522137e+01 4.869141960360860111e+01 4.493080469608535310e+01 3.409158627293590627e+01 2.589649167937334440e+01 1.801692840942741114e+01 4.567126830987609409e+00 8.773632070124536497e+00 2.340850187798736215e+01 2.152967430431968410e+01 4.133401151638682336e+01 4.649389328438294910e+01 3.543767752102241531e+01 1.918607775120250736e+01 1.492417554056073570e+01 3.037805539332805438e+01 4.179475842914168737e+01 3.236288711301764920e+01 9.725334010110849192e+00 2.420474428851417059e+01 3.331567836518599535e+01 3.929828684781936232e+01 4.490134611720541358e+01 5.163236662434981383e+01 6.008455822483354325e+01 7.028938750856939066e+01 7.936169868492711998e+01 6.837479279016180556e+01 5.547196834892855577e+01 3.601404057288799976e+01 3.253956717786767427e+01 3.259600164419265411e+01 3.209201400892222011e+01 4.705301003183821962e+01
1.680456789927393946e-02 2.001680456789891949e+01 3.647836998242654261e+01 4.794835546381280267e+01 5.661933904597795220e+01 3.294585220640489354e+01 1.436984760841018094e+01 5.282090964310025782e+00 4.871192579388723409e+00 1.057469887387039620e+01 2.879515932489594832e+01 3.553281937162431348e+01 3.822602006792675411e+01 4.435058602557611351e+01 3.805211780796938825e+01 1.929640623065259675e+01 7.864951723136634598e+00 8.056078565666453528e+00 1.921938645377144539e+01 3.351230050177775865e+01 3.129006193522623036e+01 9.484269544280319764e+00 1.386278535113108035e+01 1.778593038565520601e+01 2.137482692248175553e+01 2.558099238606424208e+01 3.143970125455966169e+01 4.142427559789567226e+01 6.184116393359573749e+01 7.146960346315847801e+01 5.244293636023959237e+01 4.138602121742321316e+01 5.547196842496868641e+01 5.628048549975493842e+01 3.791791223508749908e+01 3.229010338298932226e+01 5.181673577138482045e+01
2.570751284471603157e-02 8.190680495436684083e+00 1.973915199399537101e+01 3.982177941645095842e+01 5.420150550426951952e+01 4.777209630041276966e+01 2.642827888680358228e+01 5.180717050274605384e+00 2.315746477815535798e+01 2.743234060097006122e+01 2.325528737349544883e+01 2.575117452268140639e+01 2.958925804320744035e+01 3.629854870852179261e+01 3.257456380338844326e+01 2.542936510389678162e+01 7.702568555613042989e+00 2.746759304165468762e+01 8.418463526804876196e+00 2.777474284787042791e+01 9.136140516521809474e+00 9.671294014687047635e+00 1.304356474960784418e+01 3.098616064736824427e+01 3.930825223220708153e+01 4.490134611720541358e+01 5.163236662435321733e+01 6.008455822492599907e+01 7.029622147571477342e+01 7.856982655151738015e+01 6.434302518236748369e+01 4.540060150459943600e+01 6.434302518236647472e+01 6.966369253929619276e+01 5.638003242101766688e+01 4.102131691568312988e+01 3.266608419613534409e+01
2.050012024463924304e-02 2.002050012024428227e+01 3.652129259955147944e+01 4.089015473583908289e+01 3.359870109650811543e+01 4.794227263087551449e+01 3.351487099178919493e+01 1.583371707422842611e+01 5.498346612445727644e+00 1.733829429411022360e+01 2.050029054950656615e+01 1.636602489051897891e+01 2.333655032098782200e+01 2.132535603761514764e+01 2.458038170144878265e+01 7.352111294171666422e+00 2.219266804155024886e+01 1.718875287115219663e+01 8.583003102490391001e+00 8.776012297801264239e+00 2.154477450684864337e+01 1.816105952346577723e+01 2.993387324863314802e+01 1.780926763821580039e+01 3.568529538572678206e+01 4.573990832651437444e+01 5.433072834720627498e+01 6.360062352272910147e+01 7.588126256713871953e+01 7.046699294390515433e+01 5.167186045654576532e+01 6.434302518205501542e+01 6.425805416168883255e+01 7.091580642075417984e+01 5.368373140230600882e+01 5.184568588267363509e+01 3.340378683994808284e+01
2.927968592160756431e-02 2.002927576011495958e+01 3.526465110381086987e+01 2.131810090959248427e+01 1.988546470738529948e+01 3.950604553153810627e+01 4.335680198679680331e+01 2.957399151164911189e+01 6.120267820031104478e+00 5.823256496560775375e+00 6.055704753169891319e+00 6.290650921533944562e+00 6.527991135447355653e+00 6.766971034687013109e+00 7.007519557736670457e+00 2.457706970429092053e+01 3.207500494663941737e+01 1.604790750039448000e+01 2.871027913427407086e+01 2.851871315037175947e+01 1.456338576519904038e+01 3.099552723991644143e+01 4.157107960726892770e+01 3.568529535821704712e+01 2.252575420907291104e+01 2.651215832880286527e+01 3.458320196395326462e+01 4.599634419599097868e+01 6.706385331075233580e+01 7.559714386410793452e+01 5.651243818728648449e+01 7.559714386410793452e+01 8.295431831282240864e+01 7.879805615671658359e+01 7.094979970732990182e+01 6.327191024802542785e+01 5.598225114425274995e+01
2.800573862316051849e-02 2.002800572960699554e+01 2.133177607129189823e+01 8.936409614135701673e+00 2.704992770769395349e+01 3.743022106123512316e+01 4.266070462137633967e+01 4.553583865857375201e+01 3.661332979313968394e+01 3.038451520714008325e+01 2.853373515280708261e+01 2.842697063160383308e+01 2.411826871886571766e+01 2.589553818845745781e+01 7.352998630226555754e+00 2.028675715068059304e+01 3.742231674279073417e+01 3.586937738557241317e+01 2.407039436825274947e+01 3.962193725160513935e+01 3.188802257172544685e+01 2.039449884124425338e+01 3.740522758596918607e+01 4.942781271673675292e+01 2.990371697951140817e+01 4.573990832651298888e+01 3.566876902958844653e+01 4.709440529619582350e+01 6.812892899404148750e+01 8.164196436816331470e+01 6.252630585893675175e+01 7.559714386410794873e+01 9.464186172109566542e+01 8.697244743019885505e+01 7.531730664800100783e+01 6.704582191967385540e+01 5.877008607860134504e+01
3.653205470537677219e-02 6.840559645755804885e-01 1.331919536446332542e+00 7.735127940946303404e+00 2.223971706796692871e+01 1.881420138317837853e+01 3.351855958476004815e+01 4.325984419457540042e+01 4.604840636023411093e+01 4.355241681184096336e+01 3.529876273208556370e+01 4.127251852953529720e+01 4.702374276026289124e+01 4.086806329152375383e+01 3.111216188811290806e+01 1.820655838210999278e+01 3.961557036758070183e+01 4.033680626355961607e+01 4.398565800903602252e+01 3.473360405674371520e+01 4.173068316192589577e+01 2.443310090109128296e+01 3.619663085526284618e+01 5.509931581037763948e+01 4.113226870007735414e+01 5.838302309857013483e+01 4.715024906796369919e+01 6.486005595430833637e+01 7.712115876089384869e+01 8.838000719860215781e+01 6.932232611663442867e+01 8.838000719926004933e+01 9.110564597394360931e+01 7.882440641783057345e+01 5.842329963357541089e+01 4.635782603683104952e+01 4.273374735631124821e+01
4.500159517621803856e-02 2.004499694709554802e+01 2.133177556565114941e+01 2.254879714666649271e+00 2.908454013691113893e+00 2.289627585441569124e+01 1.682602223994065227e+01 3.253011254135515884e+01 2.384084176497422547e+01 2.703030306996158316e+01 1.637754721531391766e+01 2.670456734616837124e+01 3.457802183657791772e+01 5.428397747799735384e+01 4.861054853488145966e+01 3.060873997929423851e+01 4.852985103770593867e+01 5.434108133067935853e+01 6.255531489630477182e+01 4.366759339442127441e+01 4.778404384636621671e+01 2.963761835599931160e+01 3.823572602193239334e+01 5.730368389037793975e+01 6.156245360695907465e+01 7.028428317307124473e+01 6.909493923432063411e+01 7.869512603028941555e+01 9.114967654828851096e+01 9.627398297754517387e+01 8.037129119973036495e+01 9.627398297754517387e+01 8.300314427067547740e+01 6.277138125218652220e+01 5.223465062158738448e+01 6.704582192417460362e+01 5.115540702218229541e+01
4.567435126880908108e-02 1.392113777974165600e+01 3.134558097645319208e+01 2.795413530118566925e+01 1.828130156407495122e+01 3.835225486440155152e+00 9.296335930722388952e+00 2.429595934629113430e+01 6.345612775227864155e+00 6.992089599668618760e+00 7.629716517045088686e+00 1.685162131553737908e+01 2.811290817196535130e+01 4.818434461273128733e+01 5.348681086144016916e+01 5.249467497426359586e+01 6.180035589444273114e+01 7.355861732949520615e+01 7.128570469634401263e+01 5.516453502599113534e+01 5.595702129936813662e+01 3.647098307107135184e+01 5.598152116013194757e+01 6.576452028503146607e+01 7.801912149965808396e+01 7.012364951314860662e+01 7.579008096434851893e+01 8.468347913007313821e+01 7.124069384188192089e+01 8.531042495701423434e+01 9.932011670631227673e+01 1.072452174115646244e+02 9.110564597394360931e+01 7.747856652080308493e+01 5.694563189791355029e+01 7.747856652080308493e+01 6.150477873307828958e+01
5.351880592384315738e-02 1.807709471121400568e+01 3.965207301547017948e+01 4.129874941913764985e+01 2.173848488980095084e+01 1.447304292664845171e+01 4.764313418010057255e+00 5.420785546745356065e+00 1.290494018032720014e+01 2.620798833680080975e+01 2.765131925162836168e+01 8.528085707178519215e+00 2.861768047385436375e+01 3.690975728553517854e+01 3.307760456250679226e+01 5.348698629610385069e+01 5.707843776462344465e+01 6.535466847919562383e+01 8.240852225736411185e+01 7.469572811593606332e+01 6.482862675492788185e+01 5.031576850398504774e+01 6.482864278213612863e+01 7.390336919951761274e+01 6.865586109227912459e+01 5.069760507693860774e+01 6.463901336327485581e+01 6.889233719734045280e+01 5.712641528490102871e+01 7.707189985915408670e+01 9.680175319532983735e+01 1.067396614602765936e+02 9.363196310326749483e+01 7.384817348333993436e+01 6.264053264906458907e+01 8.289063366782508524e+01 7.579020973655899240e+01
5.706225480597197641e-02 1.419919787853704740e+01 3.419919787853775262e+01 5.007964710527839003e+01 3.392156789063113109e+01 3.363526825806501819e+01 1.579430181027826308e+01 2.555293183458818618e+01 1.223877487868347025e+01 3.057833747637363331e+01 2.803097129449475844e+01 9.168129759831531445e+00 2.929921044871782598e+01 1.730790222220613117e+01 3.669467800917880851e+01 4.284145153225647817e+01 3.694428539243133258e+01 5.707845684575129042e+01 6.971368635192069974e+01 6.144104750687268535e+01 6.971334517548926613e+01 7.069178748096751974e+01 7.318105721938636066e+01 5.355561772531634546e+01 5.560429233984266517e+01 4.074830585624653878e+01 4.474384736152550346e+01 4.898994501895428755e+01 6.889233692390330077e+01 6.865375805834067080e+01 7.863101372763402708e+01 9.851157605227226099e+01 1.017056341553904701e+02 8.916612524886605229e+01 6.932127841226527210e+01 8.289063366754655249e+01 9.534501515873191124e+01
5.506323356023958698e-02 2.005506323355988485e+01 3.541700725092341173e+01 4.436128338225289980e+01 5.379074323865282281e+01 3.782883297053782456e+01 3.177496804204889003e+01 3.681595798338656778e+01 1.724838283051666110e+01 3.662822800770112508e+01 3.660531203784181997e+01 2.247245210144678040e+01 1.010324175666930557e+01 1.078426550573599130e+01 3.095507576075577916e+01 2.264365913760427773e+01 4.249003820109690821e+01 5.359360981263090906e+01 5.971700394902750020e+01 4.143832179584599373e+01 5.971700394902750020e+01 7.125973861466229664e+01 6.607467341677174488e+01 5.104240029260276401e+01 3.565237704119341089e+01 5.560429233984266517e+01 6.463901336327485581e+01 6.889233265994880639e+01 6.049578972310241909e+01 7.199267612657702387e+01 9.179526178408912074e+01 1.067396612014915291e+02 1.085482027903285882e+02 8.916612524886605229e+01 7.842302068327266795e+01 9.721433528026636850e+01 1.105001016775167528e+02
6.166659562896406599e-02 7.132734407494469409e+00 1.607700631749378317e+01 3.021914194128061482e+01 5.021914225136980292e+01 5.838156191085103330e+01 5.241196619847519855e+01 4.449817675373829928e+01 2.325067999296544130e+01 4.432726624376533664e+01 4.231794287070685812e+01 2.763083131880197385e+01 3.026796554325850863e+01 3.095523608304953100e+01 1.177987511527058295e+01 3.193153734239947639e+01 2.736209378515942348e+01 4.148728423965450673e+01 4.249268538898569147e+01 3.143356977800230467e+01 4.298620879634338365e+01 6.298737448933403726e+01 6.309818098722660551e+01 4.183771223206995415e+01 3.239100950509909183e+01 5.237050915223800018e+01 6.278921158356251198e+01 7.102558136684884005e+01 8.036223378616784885e+01 8.855923910452118264e+01 9.998835054986848547e+01 9.350775391984149110e+01 1.017471434513147983e+02 1.059048474010737948e+02 9.220945665870412711e+01 1.059048474010737948e+02 1.133501219991263724e+02
6.211000661219646946e-02 2.006211000661184229e+01 3.541700725092341173e+01 4.436128376112473148e+01 5.394658936890592571e+01 5.394658936890592571e+01 6.220198476818449507e+01 5.428470421671416091e+01 3.391288658259095712e+01 5.359975949427297337e+01 5.586817339501136814e+01 4.888154779533500971e+01 3.731925160471554648e+01 1.733733495350694298e+01 2.757886614081056464e+01 1.280917582875198413e+01 1.353918924061059847e+01 3.363329739141390462e+01 2.247524351451634317e+01 4.244007386337201382e+01 4.715242697013514572e+01 5.530343778232608543e+01 6.528245548686784616e+01 4.929477586685095503e+01 2.933689878351778546e+01 3.577691406090848858e+01 4.284177721086110324e+01 5.437345115924068040e+01 6.846583255722119077e+01 8.833492194976875567e+01 8.462186359823918735e+01 7.365536477732324272e+01 9.027875335419018654e+01 9.592027891944738371e+01 1.041592648675303536e+02 1.196002366094457301e+02 1.053960784413990552e+02
7.336735264618567121e-02 2.007336735264583183e+01 2.926653457356045607e+01 3.433397550801378628e+01 3.416230720755657302e+01 3.416230720755657302e+01 5.394658936890592571e+01 6.660465145352502248e+01 5.854869145751170123e+01 6.661962637940975185e+01 5.709550976973144287e+01 3.719536960553554650e+01 2.314100961314994009e+01 3.731925160471558911e+01 3.244843891707753869e+01 2.706739025175885516e+01 3.363329739635683779e+01 1.456771252655581428e+01 3.463404975474566072e+01 3.539250119532082550e+01 1.760006178700974999e+01 4.441267094513086278e+01 5.079607080344125336e+01 3.733513757501191321e+01 2.635870036759082780e+01 4.632769882619955126e+01 6.278921158356251198e+01 7.102558856381222085e+01 6.939706700346202695e+01 7.763309195753902259e+01 6.474244507025589712e+01 6.216033135305965374e+01 8.204597198117960488e+01 7.608194116825912090e+01 9.269675159935790987e+01 1.041592752596269236e+02 1.133501219991263724e+02
7.164818186532601052e-02 4.659363177107384679e+00 9.369230327151182536e+00 1.451619432669506082e+01 2.024150098138344944e+01 3.141013988308119309e+01 4.438577053491986391e+01 6.268107278178368347e+01 7.573564215952224288e+01 5.628956663819945305e+01 4.273374442919202920e+01 3.303099401854689177e+01 2.866794361042355277e+01 4.853377638110230663e+01 5.220576893579041666e+01 4.707455401177420384e+01 4.275055295987737480e+01 3.413127768037207233e+01 1.559902671309347610e+01 1.633386478949963916e+01 1.706935429593254483e+01 3.685991853502471827e+01 3.993686697451823875e+01 2.257822670378746110e+01 4.231582237856634521e+01 4.905117898826750178e+01 5.193515246754752468e+01 5.484714846149278600e+01 4.946785927716872067e+01 6.117133953239489585e+01 5.063804642977746795e+01 6.969955700333454729e+01 7.452967857821757036e+01 6.459274781712929325e+01 7.608194116825916353e+01 9.592027900221643222e+01 1.140972711281421823e+02
