MOVIE_S4_data/elevation_000925.asc
nrows	100
cellsize	150.0
xllcorner	0
ncols	100
yllcorner	0
NODATA_value	-9999
[rows 34 to 50 of 100, columns 37 to 73 of 100]
7.619667645341891671e+01 9.613249279614632314e+01 9.297369184857051039e+01 7.271300074662056545e+01 6.098509551489829761e+01 7.220172915354721965e+01 6.439354819704512067e+01 6.859496173314072109e+01 8.886978855469989469e+01 9.147298157521719020e+01 7.562227841539964857e+01 5.517250864794606002e+01 7.562227841539964857e+01 6.888919390315261637e+01 8.006027912625333443e+01 8.831970798772717046e+01 9.740640709915533080e+01 8.835686721524808718e+01 8.003464016947980042e+01 6.853531915279249631e+01 5.706565820027010716e+01 3.660934110009269915e+01 5.414307770767733530e+01 5.839563911226070303e+01 5.860243756570216078e+01 5.053737778419123572e+01 3.147815857227461223e+01 5.179226527675540126e+01 5.381878047430641487e+01 4.680786243534569735e+01 5.455723801513158122e+01 6.905423859127157016e+01 8.917334210964710906e+01 8.327060067922164421e+01 9.966946742133539772e+01 1.104672351441187885e+02 1.038805309708070439e+02
9.613249279614632314e+01 1.043754441724579181e+02 1.013517531621030798e+02 8.966003144746444775e+01 7.114626556928914169e+01 8.966003144746444775e+01 7.610924227163545197e+01 8.886978853245085475e+01 9.724904984105516803e+01 8.402858509230334505e+01 6.973006996284929926e+01 6.006736529120710344e+01 7.456142229867350579e+01 8.901832936499883431e+01 9.724082574775103183e+01 1.021393949779300385e+02 8.913235249838355401e+01 6.878924929121689047e+01 5.949546318906409681e+01 6.009079677364103134e+01 3.946210201260796424e+01 5.706565820027967817e+01 6.552056698264834722e+01 6.880493555751905888e+01 4.717201218930995310e+01 3.732484798951912808e+01 3.215414133350290626e+01 5.143014647098186032e+01 3.943329725029437327e+01 5.381883891113133700e+01 7.416975316050688605e+01 8.323598052003877967e+01 8.858095023827944203e+01 7.162248799591309023e+01 8.265389510294274089e+01 1.022195778647501214e+02 1.065756167596264135e+02
1.043699453400134018e+02 1.075740443821008370e+02 9.933212637384801269e+01 9.978554622877970814e+01 9.140608720449452562e+01 9.978554622877970814e+01 9.637153232983540363e+01 1.047467445498211589e+02 1.121023439895616605e+02 9.806546766772341073e+01 8.563579140778787746e+01 6.543228255278397398e+01 8.563579140778787746e+01 1.027662810627537198e+02 9.683204415382391517e+01 8.858452888836924899e+01 7.362557885441788130e+01 7.252227828427214718e+01 5.182119498195998375e+01 4.257463867904759525e+01 6.009079677364133687e+01 5.405448111415311985e+01 7.466375190554281005e+01 6.880612997331574832e+01 6.650309784369575539e+01 5.079786065217854230e+01 5.238400818628445421e+01 3.312052202986413363e+01 5.335391491527973074e+01 6.243504800474460126e+01 7.534411231143532461e+01 8.260709674923006673e+01 6.851584516200699682e+01 6.241837441047835711e+01 7.424801139178133269e+01 9.413654579290280822e+01 9.675314482558052021e+01
9.617162305685540957e+01 9.607512055310196786e+01 7.941317309905018362e+01 9.607561589762616450e+01 1.005037791407240064e+02 9.227725901279711707e+01 9.227725901279711707e+01 1.005037791407240206e+02 1.119810332671222994e+02 1.018560487063720359e+02 8.199037176727910037e+01 7.230001986734380637e+01 9.230367717800992011e+01 1.001190513072788235e+02 8.014067243668527851e+01 6.826616222246273935e+01 6.031585574037921305e+01 5.288195968978281769e+01 4.663323848320938225e+01 4.667384890569711331e+01 6.741128028799847982e+01 7.466375190554281005e+01 8.301615721003707904e+01 8.875672749301550368e+01 8.016149702706893265e+01 6.105433465119488545e+01 4.068094156887671176e+01 5.335391604462930104e+01 3.410607851729903217e+01 4.818315607541332923e+01 6.332407962277844149e+01 7.439277837239198732e+01 5.395596564871876666e+01 7.439277837362958223e+01 9.080023378885289276e+01 8.440852849186116202e+01 8.864952297745050203e+01
8.574126260728839100e+01 8.783114352680053116e+01 6.787414685151773597e+01 8.783114361350008892e+01 8.900501875978996225e+01 7.233768353290460595e+01 7.233768353290460595e+01 8.386761700919383600e+01 1.037650436264517282e+02 1.100569019357115224e+02 9.979728375364389592e+01 7.997106433155819616e+01 9.979728375364389592e+01 1.083473872600739867e+02 9.683204415382391517e+01 8.540709662448607276e+01 7.213506569540510327e+01 5.136960525225509144e+01 6.737114234867969742e+01 5.097388022728820545e+01 7.174166217132419376e+01 9.029893191103597871e+01 1.018961937538815050e+02 9.547392343768269996e+01 8.542724058112960961e+01 6.695791301708496235e+01 4.650731766594793015e+01 6.273020548760899828e+01 5.434528737142725419e+01 3.508899238913652141e+01 5.534076160322656079e+01 6.312643515096439017e+01 4.910340395386664625e+01 6.957576936584156613e+01 7.843060696734477233e+01 6.420635684693021972e+01 7.405738459879948721e+01
7.751505324738465674e+01 8.077476053585593263e+01 6.080264070279379496e+01 8.077476054261667571e+01 8.076513974195437129e+01 6.079329316071716249e+01 8.076513974195437129e+01 9.497995332796303103e+01 1.099854697887832344e+02 1.181661652953672927e+02 1.079868585285478417e+02 9.402248045484896011e+01 1.079868585285478417e+02 9.845417102522262098e+01 9.021933022836263660e+01 7.708649466173012854e+01 5.637318120999432125e+01 7.213506569540510327e+01 7.748270125314091672e+01 5.678309046920787750e+01 6.146787255259785354e+01 7.348881982546043901e+01 9.366304766240098445e+01 8.723017054946485871e+01 6.705761313248569877e+01 5.677193419319475254e+01 6.101433866040598275e+01 6.587240301911592155e+01 4.151815019697878029e+01 3.578146629537080514e+01 5.604664226793101989e+01 4.267210927760909556e+01 6.301910783978559749e+01 7.145731356604092355e+01 6.495525102427778563e+01 4.975615607212947111e+01 5.359035089818201669e+01
7.752089590021110155e+01 7.475287339470841630e+01 5.476909054617869543e+01 7.475287340543559367e+01 6.837193859679946684e+01 5.524325201745036651e+01 6.679193778159380201e+01 8.674701579712490229e+01 9.011886773876157974e+01 1.067159040157517609e+02 1.181661652953672927e+02 1.137388921976313867e+02 1.042872251709418379e+02 8.439221734910638872e+01 6.997257543855926087e+01 6.362412878144272810e+01 6.183535265692460570e+01 8.239496330459175510e+01 8.579539395071324748e+01 7.748270125314091672e+01 6.671135787887577351e+01 7.832923209736392778e+01 9.841724850230465904e+01 9.547392343768269996e+01 8.542724058112960961e+01 7.714389184097532848e+01 8.130697083787723045e+01 6.970574624709401235e+01 5.837426368305929714e+01 3.826704319149023803e+01 3.679620168397840274e+01 5.700023404473181188e+01 6.175355611980098303e+01 5.685402131227827027e+01 4.481026315621276979e+01 6.495525102427778563e+01 7.405738459879948721e+01
6.562233135450829025e+01 6.941193733843923042e+01 4.942020346026522049e+01 6.234373987137053774e+01 4.837866526265447931e+01 6.252458429313006860e+01 8.248870066069079598e+01 8.854724617036387713e+01 7.857901059340780137e+01 9.011886773876157974e+01 1.099854697887832344e+02 1.168079125559579694e+02 9.701096755216386214e+01 8.290277592960097763e+01 9.021933022836263660e+01 7.297511960435876688e+01 8.239496330459175510e+01 7.042130353149204325e+01 9.065556661876830447e+01 9.420075585244602223e+01 7.408467675516048701e+01 9.420075585244602223e+01 1.066498459321848884e+02 9.572818171361990380e+01 8.731373265329047229e+01 8.427552345682373414e+01 7.447538430985868274e+01 6.228436754144098586e+01 4.189146828274735412e+01 5.858059514676703117e+01 5.706292046937905127e+01 3.782371586000621733e+01 4.907817817985066711e+01 4.083478751092544456e+01 5.875952912948686446e+01 6.919287880943619484e+01 8.125314974663551482e+01
4.570335380862540120e+01 5.979776514203878435e+01 5.798628467383323226e+01 4.237542514018480944e+01 6.234373987137053774e+01 7.662570790702368129e+01 8.277579706031006879e+01 6.855435998694302668e+01 8.854724617036387713e+01 9.055402993898565001e+01 1.020463096387614286e+02 1.218572808419200015e+02 1.110355139438198222e+02 1.028093584969979020e+02 1.013570191234232567e+02 8.472624942447755814e+01 9.698178410187804843e+01 7.697652788167374638e+01 9.698178410187804843e+01 1.024216570637894392e+02 8.580918038102939249e+01 1.024216570637894392e+02 1.033181007399034712e+02 8.751954663818844438e+01 6.743548880468256357e+01 6.647789381930228103e+01 6.615140892209730339e+01 4.568894931647234614e+01 6.228436754144098586e+01 7.062863512657688148e+01 6.664492161895086042e+01 5.819563679239959697e+01 3.885307289515279194e+01 5.946609309388839648e+01 4.223601062895236424e+01 5.284462536987889791e+01 7.297925763689161727e+01
3.184673310296710014e+01 5.153661576135372258e+01 3.810398908560610209e+01 5.798628467007552700e+01 7.060341747297567849e+01 7.742926519719223677e+01 6.277090662073309346e+01 8.277579706042678254e+01 7.642199258726013511e+01 9.055402993898565001e+01 1.104194112848685307e+02 1.300193898102186836e+02 1.225391304007080038e+02 1.143055633989589666e+02 1.128305530216438513e+02 1.046022057832162204e+02 9.334791621664062689e+01 8.861252586310202162e+01 1.052014393069407845e+02 1.138825706476706188e+02 1.056638611241755257e+02 1.033181007399034712e+02 8.351915785423371119e+01 8.637238131149521791e+01 7.332571328405489908e+01 5.282363720327585099e+01 4.976094760457444721e+01 6.020884602864317259e+01 7.445632488734695187e+01 8.730615749133995962e+01 7.278845620807885552e+01 6.164333834394804512e+01 4.054059937628475296e+01 3.964979103982680186e+01 4.060038102500048751e+01 6.212582175274793883e+01 5.484868944380302480e+01
5.027057903369500025e+01 3.408619308826536098e+01 5.384053416898998279e+01 6.624758628545491490e+01 7.742926519678216835e+01 5.742474225062587578e+01 7.742926519719223677e+01 9.100892276477517839e+01 9.637246542433793195e+01 8.906851418339685722e+01 1.031395213836279083e+02 1.229463489534216762e+02 1.110811216667279950e+02 9.447285553410367243e+01 1.110811216667279950e+02 1.213936529726361471e+02 1.131506419838707274e+02 1.084144034668781700e+02 1.166460966606287570e+02 1.147793319264510075e+02 1.059712499281949647e+02 9.779411084324908643e+01 8.715233156777071599e+01 6.700909608885494606e+01 5.771773157420186351e+01 7.332946075331926750e+01 6.433185320663872631e+01 7.024270489299794917e+01 8.856333937740991757e+01 7.543127031733533272e+01 5.811432452570154794e+01 4.299009205889960583e+01 6.164333819220822619e+01 6.075956677393787686e+01 6.212319202963537634e+01 4.253312436563718535e+01 6.334910474826360627e+01
5.583208396539718166e+01 3.601140023756796182e+01 4.998422213652288804e+01 6.995114222864457076e+01 7.389293173969932127e+01 5.388676332620708109e+01 7.389293173969932127e+01 9.287069026997524190e+01 1.019968985427103263e+02 1.089408068650278238e+02 1.171231379683808314e+02 1.176401431089920351e+02 1.028551441744255754e+02 8.301001253031087401e+01 1.028551441744255754e+02 1.106728956585106829e+02 1.024354840450179580e+02 1.106728956585106829e+02 1.205026228718887182e+02 1.008226984250104294e+02 8.692573099443458773e+01 7.799746809564027217e+01 7.184825284115677846e+01 6.588064765603861872e+01 6.293547504961200190e+01 8.321351446300324994e+01 8.453519309896951484e+01 9.031236019722892649e+01 8.176177261699224630e+01 6.084686028527586643e+01 4.555072295364944068e+01 6.426799113286131160e+01 7.281950912384013463e+01 8.194381161600391295e+01 7.170117323605909121e+01 6.339522506711605132e+01 4.426283622145640351e+01
4.454836445686403579e+01 3.797932094199975239e+01 5.787593257283529624e+01 6.341814578515919010e+01 6.591958766717968388e+01 5.049658378226494193e+01 6.465809560734183492e+01 7.383032779087061215e+01 8.723409123084429950e+01 9.545524395768396175e+01 1.054036845302586300e+02 1.086893733330496161e+02 8.956302370072606323e+01 7.599298665396881347e+01 9.583883059487888545e+01 1.007651779971551491e+02 8.264963828080576036e+01 1.007651779971551491e+02 1.129600922894575632e+02 1.147793319264510075e+02 9.779411084324908643e+01 9.779411084324908643e+01 9.137541664039171962e+01 7.138292097527894953e+01 8.321351446300324994e+01 9.142470620824454386e+01 9.886689008815564250e+01 9.054612787042719901e+01 8.092376896752179505e+01 6.892346220759461062e+01 4.742368883636887489e+01 6.891697601084831604e+01 8.189238984591347048e+01 8.620895037710138809e+01 6.790754348511596561e+01 5.512379381342384477e+01 4.530454176929229959e+01
6.442629854369603493e+01 5.202256842943803150e+01 4.101870785472928560e+01 4.341280548628006386e+01 4.589014925316294580e+01 5.017160238064550271e+01 5.465515316682545688e+01 5.966006826430932364e+01 6.723704540062429658e+01 7.726524536586302361e+01 9.720293709582549013e+01 1.004623808306125596e+02 8.062095455795525822e+01 6.972812528996126957e+01 8.956302370072606323e+01 9.254256116291182366e+01 7.278072442088549110e+01 8.491903816772259006e+01 9.893956522858999847e+01 1.129600922894575632e+02 1.174902613809142906e+02 1.111054449516315117e+02 9.137541664039173384e+01 7.858343959735796602e+01 9.837158119620333707e+01 1.080882319872811621e+02 9.054566832340697147e+01 7.012789208758131565e+01 7.248014201765677456e+01 5.099237789306154411e+01 6.892346220759461062e+01 5.200953212464752795e+01 6.974168230127523316e+01 9.244018120148405160e+01 8.257021621103983477e+01 7.162938311982587436e+01 5.101805938888330871e+01
8.025070813872827102e+01 6.664948461053862161e+01 4.654171180473482394e+01 6.341814578515918299e+01 5.689187358132536332e+01 6.992581026316848636e+01 6.622247250174916644e+01 7.967591834188377220e+01 7.233726186848332418e+01 9.230397913131230325e+01 1.054036845302586300e+02 9.571622684898916589e+01 7.587679255408841072e+01 6.442513114637495164e+01 7.814015690212617926e+01 8.555569677841774023e+01 6.578475813304176256e+01 7.094684107158622055e+01 8.491903816772259006e+01 1.023651619340805752e+02 1.106033098189691941e+02 1.144392592059539027e+02 9.476045296834040244e+01 9.261064028628537415e+01 1.065498030577794708e+02 9.598255875079337329e+01 7.991487910699517272e+01 7.610837741059322070e+01 5.479731851338011239e+01 7.248014202460450406e+01 7.680226099853210542e+01 5.551068919957602787e+01 7.680226099853210542e+01 9.014197146107373726e+01 8.975917323247566060e+01 6.834110174230620771e+01 7.234590596019813802e+01
8.297389669793967926e+01 6.298066339680077164e+01 6.664949006586937230e+01 5.727276688136468152e+01 7.484449317200083840e+01 8.382817340843624265e+01 8.621416468747527517e+01 9.443797589226993239e+01 9.230397913131230325e+01 9.230397913131230325e+01 1.121618176648994023e+02 1.039413868354490802e+02 8.959364450287726811e+01 6.975562205451628017e+01 5.827292248773845529e+01 7.273298057818047369e+01 5.949111716917518322e+01 7.930357701853446883e+01 9.559652633038874114e+01 8.254717257896557214e+01 9.914943975371811291e+01 1.090663996941837866e+02 1.144392592059539027e+02 1.122797228729571515e+02 1.018122218624728532e+02 8.180996315265367969e+01 6.724154495722191882e+01 5.893960938598634414e+01 7.012789421172853110e+01 8.449904679604759394e+01 8.519487447690134729e+01 7.082492242338035737e+01 6.091379379412517636e+01 8.179676870819400847e+01 9.525112557737941188e+01 8.975917323247566060e+01 8.324301724198281249e+01
8.205729739249346721e+01 8.297389669793967926e+01 8.520223414270549256e+01 7.133224382370694627e+01 7.347963715688929653e+01 9.309459113711301370e+01 9.099884415334545906e+01 8.277084742472052881e+01 9.099884415334545906e+01 9.190857376900527242e+01 1.001560498819069664e+02 1.063988051836711861e+02 9.781719028103761104e+01 8.636110302482680368e+01 7.273298057818047369e+01 5.281903229187049931e+01 6.635389519742389552e+01 8.433090206871302996e+01 7.579802840984531542e+01 7.113902998400939737e+01 8.101700120354952617e+01 9.501194473475669611e+01 1.148742514671449158e+02 1.181744491400140049e+02 9.813369947294901863e+01 8.399692594463439832e+01 8.287614299915840377e+01 6.213624028320882076e+01 8.287610691218471004e+01 9.886595389302000569e+01 9.956593303565686881e+01 9.014197146107373726e+01 8.179676870819400847e+01 6.661668465731413846e+01 8.708485393509367611e+01 1.012146670751436091e+02 9.218250580604052402e+01
