MOVIE_S4_data/elevation_000737.asc
nrows	100
cellsize	150.0
xllcorner	0
ncols	100
yllcorner	0
NODATA_value	-9999
[rows 0 to 16 of 100, columns 0 to 36 of 100]
2.082717056534231503e-01 1.435040732938424846e+01 3.435040732937865471e+01 3.963603650591295491e+01 3.134180270019115255e+01 3.407566313875792474e+01 3.689105360774191666e+01 4.519015668656631846e+01 5.936336621957518389e+01 5.298868226109570401e+01 5.846136511246353251e+01 6.468289326304090991e+01 7.295830398236026326e+01 8.167512784516949864e+01 9.354131586846121138e+01 9.708125330321621504e+01 9.708125331989558049e+01 1.048493815074349556e+02 1.004102249087717666e+02 9.951391744408554985e+01 9.191138071315397440e+01 9.428256299532544915e+01 1.018911847879682000e+02 8.806404963165384459e+01 7.966664750690658536e+01 7.705368042224634451e+01 8.544237000684344707e+01 9.628300240821528178e+01 8.808928227723487225e+01 8.808997474951262063e+01 8.961889349678001793e+01 8.807111576774893535e+01 8.804646510952819938e+01 9.615068024843340311e+01 8.924620724850822739e+01 8.073201196120801626e+01 8.655059540957616093e+01
2.038130619680232347e-01 2.020381305839681119e+01 2.507418710937760764e+01 2.758129873557212264e+01 1.130993415169258753e+01 1.403216592224702097e+01 1.683409349845118186e+01 3.101693539013976419e+01 4.578434630504183644e+01 3.277370633510543740e+01 3.817087621658268404e+01 4.428942681428835471e+01 5.204285868548294758e+01 6.447522053833533562e+01 8.517020123832770651e+01 7.831319706767953903e+01 7.831319706768070432e+01 9.708125331989558049e+01 8.176846871446076648e+01 8.176846871446075227e+01 7.326314016008871022e+01 7.570298020112423387e+01 9.428256299532544915e+01 7.966664750690658536e+01 5.978308898970143304e+01 5.722718585242147782e+01 7.392356931067756420e+01 8.808928227723487225e+01 6.844082017183207256e+01 6.844082312000367097e+01 6.995375680326219481e+01 6.843982406880303415e+01 6.843906504828242987e+01 8.802030031461515591e+01 7.813098605485622272e+01 6.245749040138186103e+01 6.887123807830877809e+01
1.945267862640465417e-01 2.619883179271379703e+00 5.063274015005025497e+00 7.563288221927066068e+00 2.758129867305703442e+01 3.407566307422406737e+01 3.689105356633088917e+01 2.105625009506366396e+01 2.565776272490159471e+01 4.578434630132721139e+01 5.846136511171268779e+01 6.468289326301291453e+01 7.295830390658369424e+01 8.096503205667048064e+01 7.415848007760531857e+01 6.450672671426350746e+01 8.381023347426381065e+01 8.400910788658737260e+01 7.617987668363603859e+01 6.225599780856564536e+01 6.167342517386251188e+01 8.064579531275876434e+01 8.277619101668850021e+01 7.850117715231780835e+01 6.560684844527126813e+01 4.606964991249375174e+01 6.560684844527126813e+01 7.852134065617033798e+01 7.419365084842003455e+01 5.471914920751015643e+01 5.621748610985322614e+01 5.471913708948896726e+01 7.418969628397312022e+01 7.930772456036136475e+01 6.976376688743346222e+01 5.195582168083741692e+01 6.847566273342087584e+01
1.884163169627051937e-01 2.018841628393159127e+01 2.507418707319567375e+01 1.911840033312149245e+01 3.587201781920240506e+01 5.272672421867658699e+01 3.265089325479023330e+01 4.113594307238270886e+01 2.774589459930209046e+01 4.783070864466336047e+01 6.431712416805511623e+01 7.588132675460214216e+01 7.366934558009548084e+01 6.561718235503165886e+01 5.393201187473236047e+01 7.415848007382709284e+01 7.808668066749554271e+01 7.011563936882892278e+01 5.595947322712451211e+01 5.139312586049986464e+01 7.201223326151324500e+01 7.535837024481057256e+01 6.032379042706784134e+01 7.015988240054569758e+01 5.051013669804578399e+01 4.031474042105388378e+01 5.051031169495571049e+01 7.016501254100896290e+01 7.826326661288929643e+01 5.873812548483206086e+01 4.509882259017924611e+01 5.873813974282646200e+01 7.826553049386630789e+01 7.147723280782672362e+01 5.310067881135619672e+01 4.322326426442098324e+01 5.414127784001757959e+01
1.898839224935668091e-01 1.433201953929885697e+01 3.433201086749224373e+01 3.914141853978257757e+01 4.742793409239615698e+01 6.101965610196392475e+01 4.425223894456134843e+01 4.415054757134961250e+01 4.783070856319793762e+01 3.595316812203895296e+01 4.755493110063029860e+01 6.759670549497579373e+01 6.561718236109602742e+01 4.430346508174716291e+01 6.561718236109602742e+01 7.535954427171796510e+01 6.629011755640964054e+01 4.919112486960106168e+01 4.299495706098996806e+01 5.863363788592617709e+01 7.853281090573806011e+01 6.449898695057855491e+01 4.579698377554341704e+01 6.449898695057855491e+01 5.411593221835526890e+01 3.479828137428835788e+01 4.837496870428601170e+01 6.797584419511022702e+01 7.428210534647928398e+01 5.480086260374689999e+01 4.117220942675376705e+01 6.050644973748678268e+01 7.658388515648785244e+01 7.921571870300934393e+01 6.737892791194886399e+01 4.865806364627327696e+01 3.439572509369842379e+01
1.812560074098455432e-01 2.018125599809968662e+01 3.481612725281238596e+01 4.310373808399670281e+01 5.465516157864497870e+01 7.258743597525960922e+01 6.430308627801733223e+01 5.833478498632390341e+01 6.431697538298261918e+01 4.755494583225382144e+01 5.234949792513825173e+01 7.238227744062851343e+01 6.032290691536285721e+01 3.860062280206152252e+01 5.312289201837280928e+01 6.072564589173374827e+01 4.609195587386795268e+01 3.611807630895373222e+01 5.803486543497638905e+01 7.255789250511914190e+01 7.231126387607521622e+01 5.587882289921837042e+01 3.608513332643314442e+01 5.587882289921837042e+01 4.999735702989706709e+01 3.065938288605614304e+01 4.428144203361527786e+01 6.379679653529230876e+01 7.085013720899982559e+01 5.685302305791312705e+01 3.752648464134145456e+01 5.685302305791312705e+01 5.711127874153649486e+01 7.658388515648785244e+01 6.400909985507257716e+01 4.503528886215142535e+01 3.084234289097165416e+01
1.855941142937577448e-01 7.256661926159420517e+00 1.481595138637179154e+01 2.636295717000196603e+01 4.636382738167046824e+01 5.753511038879717177e+01 6.595249135675275909e+01 7.829591530643421038e+01 7.590648313908489797e+01 6.760250450443805903e+01 7.238227742896607708e+01 7.462203984484573027e+01 5.409933491372459002e+01 4.119415010149198508e+01 3.124216768095853780e+01 4.707781245831364458e+01 3.040776979781601952e+01 5.229686140886663281e+01 6.480001991505298520e+01 7.357942438235990323e+01 6.132599764617729932e+01 4.338620976318780720e+01 2.957567087642250314e+01 4.919138825931657522e+01 4.620483902336987114e+01 2.674562890726647879e+01 4.620483902336987114e+01 6.439958030055697691e+01 5.708880130304128642e+01 4.332746539708244171e+01 3.405512552265745541e+01 4.134671534641135793e+01 6.068817514997957829e+01 6.124976364915516314e+01 5.350336927369884421e+01 5.427935843476347344e+01 4.580685339364755038e+01
1.797113411273130179e-01 1.432184696487406228e+01 3.432184703513139112e+01 4.310381538000621049e+01 4.478446820982445331e+01 3.737718292525425312e+01 5.162676822352221251e+01 7.181671834858470049e+01 8.466869109474590971e+01 7.698813545220500032e+01 8.187657767227108252e+01 8.256550854854678789e+01 7.094422723081684978e+01 6.140222920752777469e+01 4.700975567346943507e+01 2.545025479133137480e+01 4.707781617109161232e+01 6.072574073659582439e+01 7.762473125806235430e+01 6.542897059826584893e+01 4.425619931252837347e+01 3.288949181243373943e+01 2.400219862927864156e+01 3.727577725374347040e+01 3.768335911969479923e+01 2.295956773021857344e+01 4.259132997748221783e+01 4.497643471481102040e+01 4.497643471462430398e+01 2.967842300564432279e+01 4.332746940782361378e+01 6.069210803868525517e+01 6.880267969112317417e+01 5.349500841505997784e+01 3.430673068388789204e+01 3.407657416238009773e+01 3.893011146644069953e+01
1.682297228869525374e-01 1.431036534667829940e+01 3.431036559938168296e+01 3.626047058846597793e+01 2.447939540933068159e+01 3.532013968430504747e+01 5.335826607235436114e+01 7.515881876498873737e+01 6.849266761691332306e+01 5.803020259218925503e+01 6.303090951813572929e+01 7.628618493546757406e+01 7.410352316232082615e+01 6.299819400541480263e+01 3.947440242597851778e+01 2.293850968419999958e+01 4.440316245274323137e+01 5.809715911053712034e+01 5.943015515350457889e+01 6.863762344980243313e+01 5.276321626974309709e+01 4.391647415651718234e+01 3.727577725374347040e+01 1.753627457379875665e+01 1.798260088808356016e+01 3.768335911967385243e+01 5.074179184462687431e+01 4.497643470229883178e+01 2.565822765444003650e+01 4.497643471369572410e+01 5.708879053296555384e+01 7.085428882550328922e+01 5.682631124796770195e+01 4.749926156528380261e+01 3.750605289865455916e+01 1.720773928499726679e+01 1.658970511182248231e+01
1.736477300190079065e-01 2.017364773001515132e+01 2.896713578263889843e+01 1.605462359462095634e+01 3.626045733846568453e+01 5.306785005963273250e+01 6.457517707376852911e+01 6.511695249088887749e+01 5.057122249930610280e+01 4.699317835520426456e+01 4.952530664439540686e+01 6.855067769972376368e+01 6.193313924083078348e+01 4.747881820365148542e+01 4.181995053978150167e+01 2.051031930091934186e+01 2.832231624330135489e+01 3.913908449225779407e+01 5.987584971540737655e+01 5.760068327604418670e+01 3.793935672347627985e+01 2.375476369217095041e+01 3.094921556122711692e+01 1.376803752133397651e+01 3.300856141476754857e+01 4.549889141939866022e+01 4.670263759559277617e+01 3.864631768473287821e+01 2.298691194924685632e+01 3.662676861714991361e+01 5.598963994413902157e+01 6.125822844137449152e+01 4.877751897395584990e+01 2.986147122784382546e+01 2.527854713798922148e+01 1.613357124503830065e+01 2.471747982762800433e+01
1.635824339929259352e-01 4.438902440258164717e+00 8.841653101216055077e+00 2.896709763358831324e+01 4.458228684354711646e+01 5.398390650957917813e+01 6.230924250487849037e+01 5.655957306353062819e+01 3.888085976719548142e+01 3.754839937239666625e+01 5.651797638391352763e+01 6.468482244853665009e+01 4.403508825781364777e+01 3.330929788376046474e+01 3.936994803636939366e+01 1.823752298731955435e+01 3.940969868953620647e+01 5.809715911053708481e+01 5.212363517920385192e+01 3.862649654601422355e+01 4.588084560450556637e+01 2.545900784014080998e+01 1.185270538968137544e+01 1.148187281613322241e+01 3.070603226594019830e+01 3.906188524584290889e+01 3.864624603641419753e+01 1.931613602818387676e+01 3.864628205129907457e+01 5.006932064647943292e+01 4.589506822660340646e+01 4.652599494551947856e+01 3.445609603604671634e+01 3.449871907324686759e+01 1.567776356216368683e+01 3.168489398107582389e+01 2.705036610028879807e+01
1.578132703760624089e-01 2.015248134240732014e+01 2.896456845933601087e+01 3.725619550958860771e+01 3.989133428531671655e+01 3.401449853858845529e+01 5.402171026847219082e+01 4.877368020620688327e+01 2.978360963650074567e+01 4.877368023050135548e+01 6.431806459419979660e+01 6.084261921691391706e+01 4.413456640105935236e+01 2.302640854948656823e+01 3.358230809537953832e+01 1.602068223782606893e+01 3.718965092013984730e+01 4.488636193892988047e+01 4.370034238224558720e+01 2.519090166753782967e+01 3.175705550546789269e+01 2.950562515093115934e+01 1.104495280296107929e+01 3.029517301862156842e+01 1.192311470036257504e+01 3.122853429698693617e+01 3.616196282458546563e+01 1.682291528436613959e+01 3.292804204005537372e+01 3.323172565231343611e+01 2.763431867720514745e+01 2.800452492300656715e+01 3.403664646023213436e+01 1.522392109164262131e+01 3.448336096556122499e+01 4.136308191763060194e+01 4.801475610310226472e+01
1.543728846943814847e-01 1.430000665915015290e+01 3.434950234667162050e+01 3.069149783225559247e+01 2.151593230342444940e+01 3.989107891883275414e+01 5.815163157051755149e+01 3.902470782377839242e+01 2.546322068376894876e+01 4.459137988941332509e+01 5.554159651478592963e+01 4.274381122875500694e+01 3.913957240631766865e+01 3.076848196300463556e+01 1.294163338779734929e+01 3.372845708473021631e+01 3.521166899420193630e+01 2.054658516134053770e+01 3.874651311683557253e+01 3.173685712602869913e+01 1.415398832476733659e+01 1.372530955247540874e+01 1.073779209038456983e+01 3.669986703175134579e+01 3.045298116215908024e+01 1.236410540405566039e+01 3.172489267385205380e+01 1.528886492811428255e+01 1.353644339729560109e+01 1.384217711669391804e+01 1.414997592268703563e+01 1.446018041592290793e+01 1.477289765316677439e+01 1.692113033583863313e+01 3.600435763766996899e+01 4.714940969355777156e+01 6.013947091952096713e+01
1.561752203313827581e-01 2.015037962410088213e+01 2.377446817317181527e+01 1.415031031446689802e+01 3.068098596039434156e+01 4.786491415469031097e+01 5.055198623265815172e+01 4.073422576817636553e+01 2.163740977560419410e+01 4.073494157240674696e+01 4.804434626343581272e+01 2.901123446272650597e+01 3.037625693953354755e+01 1.006395782599088840e+01 2.816552939772114428e+01 2.764593980808450269e+01 1.574430755711055063e+01 2.568569782765144183e+01 3.741411078564121340e+01 3.819960534253824136e+01 2.844848457803302466e+01 1.030586584842386344e+01 1.519547366226935203e+01 4.108329252691960676e+01 3.412586664600429032e+01 1.607855618880381954e+01 1.280102499442841157e+01 1.310728584488878390e+01 2.443496722961879897e+01 1.896410939301743426e+01 3.351306061817701476e+01 3.383120357857253424e+01 1.708587899067409310e+01 3.548404335533987108e+01 1.983075551285387661e+01 3.340476986673271398e+01 5.034772927845878598e+01
1.531247021631862160e-01 1.710171502600527660e+01 7.901931987172551075e+00 2.100546881651337472e+01 3.327319598526386812e+01 4.528887446466628575e+01 3.212431049186507437e+01 3.228539291574683290e+01 1.826212964420883367e+01 3.709714833910255294e+01 5.311961937782258047e+01 3.664935476596615160e+01 1.704326559998126100e+01 2.755418555425641358e+01 7.244372257262723380e+00 7.539519341931473662e+00 1.807072617150074834e+01 2.765392084971829689e+01 3.312124058397957072e+01 3.837057691897119582e+01 2.907615453132071437e+01 1.000197257692943786e+01 1.772740180751762651e+01 3.684465133321367603e+01 4.218482890961562504e+01 3.414044376331813169e+01 3.214770406128963742e+01 1.340847191083504164e+01 3.373954788668451243e+01 2.434205852394161695e+01 4.429339392396668984e+01 4.400994654094153447e+01 3.052678018259521409e+01 4.429348232426517029e+01 3.914002478388020734e+01 2.295427088074633204e+01 3.421626279735900056e+01
1.422398637851068903e-01 1.098395885864492527e+01 1.205955778843872928e+01 1.241482140777464771e+00 1.554002736438131649e+01 3.659306315641653384e+01 3.201648672497921666e+01 1.402117434150665432e+01 3.222299331162817992e+01 4.420409728197170551e+01 4.545167612677782643e+01 3.872272529274373198e+01 2.125506062852683797e+01 6.829729245139772864e+00 1.760183424251324880e+01 2.510847959957057896e+01 7.959490726220736612e+00 1.720364116290991063e+01 1.956008393741305440e+01 2.551512573488405167e+01 2.607778494234657529e+01 9.698316967566782409e+00 2.978037787211258447e+01 3.117102232194301337e+01 5.065338395828349860e+01 4.752100269865149329e+01 2.809009913289569838e+01 2.558530561858472652e+01 2.721948636027343227e+01 4.432497374107773425e+01 3.330375196813708527e+01 5.279762977140121194e+01 4.997040251028530378e+01 5.599302109286217899e+01 3.661865868511415556e+01 2.535254677537390933e+01 4.480732366207937645e+01
1.377665891220937744e-01 7.468424458986376857e-01 6.714681800559710867e-01 8.930475056344640006e-01 2.778084674573766399e+00 2.282685890379887539e+01 2.896210056201153549e+01 1.135161876792611402e+01 2.894791846731517992e+01 4.097066207690360073e+01 4.153156738494154609e+01 3.214798897107070985e+01 3.165036266279363630e+01 6.532210170315343234e+00 1.009072013095737397e+01 2.301168497107084221e+01 1.102452001563800188e+01 8.380777221612587979e+00 8.678197655751864303e+00 8.974230022627637027e+00 9.268513556917771012e+00 1.253580909594625581e+01 3.272158331684250498e+01 5.061899470437856507e+01 5.897764678772063007e+01 5.577249048029359813e+01 4.753140851757972740e+01 3.937637016516054445e+01 3.992836512088717882e+01 5.580264196093645523e+01 4.290127245653662413e+01 4.720226114849507582e+01 6.636777356411880646e+01 6.408995568127585329e+01 4.868186155744188426e+01 2.931215576841770698e+01 3.000759591839936746e+01
