MOVIE_S4_data/elevation_000124.asc
nrows	100
cellsize	150.0
xllcorner	0
ncols	100
yllcorner	0
NODATA_value	-9999
[rows 68 to 84 of 100, columns 0 to 36 of 100]
7.700916269626027766e-02 6.107236054251559132e+00 1.243179137458837324e+01 1.999108083477305087e+01 2.999108083477322850e+01 4.413321645990297526e+01 6.413321970802091698e+01 8.119088319783004692e+01 7.701724816106509763e+01 6.745404581290124213e+01 5.951281103265316119e+01 5.314884801179843521e+01 4.267880397082954858e+01 2.241994556411939143e+01 1.481289114121529238e+01 9.829146104453629462e+00 7.535603847232828834e+00 2.700185042761323828e+01 2.855886622458728752e+01 1.509584165691170199e+01 1.717955125562913921e+01 1.929612407531573481e+01 3.749466363043734418e+01 4.489269978220531954e+01 4.983133631897190696e+01 5.292916337662887116e+01 5.803147753491882810e+01 5.415866053982730932e+01 7.342294777349849255e+01 8.576049689867114978e+01 8.047716596799192246e+01 6.079979209858403522e+01 6.508400977861012393e+01 4.547818923866937268e+01 5.933085436352918407e+01 7.897335560813876043e+01 8.131372406366037353e+01
8.069533752736411658e-02 2.008069520092431759e+01 3.243179144763873012e+01 3.843641282916500046e+01 4.420994433225776987e+01 5.087666092346101721e+01 5.916146498824870292e+01 6.916183684520034092e+01 6.905721056973990812e+01 4.996841559607169359e+01 4.042092799603921094e+01 3.390574536205330958e+01 2.793028867719156239e+01 3.941914342006550243e+01 3.589443300523664249e+01 2.754443345167527113e+01 7.264804852117811684e+00 2.164405697953992558e+01 1.208619717927414072e+01 2.987750343906327544e+01 2.953699509046526828e+01 3.749634259194095876e+01 2.312094193585041779e+01 2.603425251141654329e+01 3.492229223643070668e+01 3.427468470436273407e+01 3.827029977375251235e+01 4.393079789233842547e+01 5.553979686547727823e+01 7.686453931275362095e+01 8.868821804455875224e+01 8.047716596799192246e+01 6.907056054801003597e+01 4.954053011055082578e+01 6.330403639175132469e+01 8.299218137380225357e+01 8.131372406366079986e+01
8.761414646403616058e-02 2.008761414646368237e+01 3.087709654854261743e+01 1.843634202524355103e+01 2.420984472116017727e+01 3.087651141555401679e+01 4.087651295380592131e+01 6.087680955713841513e+01 7.701724846973088745e+01 6.745404632256735056e+01 5.951281319645172374e+01 4.726172036749612460e+01 3.925036993029830512e+01 1.978351540649511975e+01 3.909231233058574162e+01 3.222158577351829933e+01 6.995157516692962041e+00 1.622839856326628905e+01 9.841553677910448883e+00 3.357061482011418718e+01 4.870372539009304091e+01 5.015802500038256539e+01 3.591377064307476985e+01 4.133462613697617627e+01 2.999431340753553599e+01 5.092562116355821189e+01 4.539953815666325454e+01 6.455269352041915454e+01 5.829058863253825962e+01 7.967075206974411117e+01 9.295494449957298855e+01 7.313487547519264353e+01 6.184046024113850848e+01 5.457032102580338773e+01 6.832741792248110357e+01 8.809654909339944595e+01 8.946253306713796860e+01
8.635282826207266171e-02 2.008635282826171675e+01 1.087705256371591567e+01 3.087709605488489117e+01 4.420994424103885478e+01 5.087666092160512932e+01 5.916146234289703187e+01 6.916187061963111660e+01 7.154751499341659837e+01 6.194666443111022858e+01 5.393654854642937835e+01 3.925953568076748468e+01 1.961938884074400846e+01 1.459761543207837775e+01 2.935992794539764006e+01 3.266512052660965537e+01 2.414583562790089744e+01 6.615669321082140897e+00 2.731567697460540245e+01 3.970850511599928012e+01 4.818268218562700866e+01 5.779237777681091615e+01 5.569588296318310938e+01 5.841017926675854710e+01 4.089601819073458699e+01 6.261142392594938855e+01 5.690136718905949209e+01 7.473242349404188190e+01 7.967075206974411117e+01 8.855530691445878233e+01 1.011789598418716309e+02 8.973001034155066691e+01 8.067490672687549136e+01 6.100317369907908471e+01 7.048745681462325763e+01 9.027022483064413905e+01 9.144425809985666831e+01
9.478645523280027074e-02 4.017109157996498148e+00 1.815924622295984037e+01 3.815933989412321381e+01 5.538949025329387155e+01 6.774207166839948968e+01 6.791006116217567978e+01 7.523920057925697336e+01 6.348076990072369341e+01 4.439232862196005414e+01 3.471868438684109037e+01 2.812516166059414857e+01 3.925940882248428920e+01 2.941475793634560176e+01 9.541911426431779475e+00 2.466620568811354985e+01 6.238754912098100291e+00 6.856770708551415794e+00 1.181882236879307158e+01 1.815067619539679100e+01 2.538008437608058543e+01 3.831305217162496746e+01 6.180136720936534545e+01 7.447371002324159406e+01 6.523737196298949925e+01 7.455491541529704591e+01 7.815884775842810939e+01 8.703406669828358133e+01 9.789422231167817756e+01 8.959122280987990905e+01 9.513614418252970495e+01 1.005356579871240399e+02 8.067490672687549136e+01 7.075543886259781345e+01 8.889999088784274761e+01 9.849455191271124477e+01 9.959997971073188694e+01
9.525764315303594798e-02 2.009525764315268148e+01 1.556411592538457356e+01 2.711113973294617452e+01 4.711277913032994746e+01 4.956926696258560838e+01 4.996603975286934940e+01 6.752858055664819403e+01 7.154746055095361612e+01 6.194666388783412003e+01 5.393654854562230128e+01 4.747196163983406336e+01 4.651864845297075135e+01 2.700544246178030505e+01 6.394084576120633301e+00 5.860452891900481021e+00 2.489342105060951127e+01 2.076107901028139580e+01 3.277530775804442698e+01 3.060084194176707939e+01 4.818268218562700866e+01 5.779237777681091615e+01 7.116433684082620914e+01 6.936707512967615230e+01 7.572537228954473676e+01 8.332216144044673456e+01 8.332216136936480666e+01 1.035541729796510992e+02 8.626361324953619203e+01 6.940516471164018242e+01 7.499070400218914756e+01 8.921691091959654329e+01 9.882357590781651879e+01 9.059437459115335400e+01 9.882357590781651879e+01 9.928304453100889759e+01 9.346777055278192847e+01
9.788009848798670531e-02 2.009788009848763224e+01 3.556494696843126491e+01 4.384598037114785996e+01 4.551289929586290128e+01 3.494409768837628150e+01 4.620463304873871380e+01 6.234101193612575997e+01 6.196759826569290652e+01 6.401331678819393289e+01 6.468402636950241913e+01 4.433499108823305335e+01 2.931159665335139408e+01 1.712279051031056198e+01 2.543505944835061428e+01 5.593025221403778779e+00 1.824837794454709439e+01 3.559468201227585382e+01 4.760460163056703209e+01 5.504322832810961330e+01 6.581722254802457428e+01 6.949565331640305033e+01 6.113434219953519033e+01 4.920096755309823067e+01 5.561853841615654659e+01 6.322276431958547960e+01 8.332134104281981024e+01 8.980713973435993580e+01 7.721894400354713639e+01 5.766185774933298802e+01 6.063737172585440049e+01 7.911251793605559612e+01 9.077414052753090346e+01 9.122809459790332198e+01 8.304115959116116130e+01 7.967466074194781811e+01 7.396136759099886149e+01
1.029007262483629948e-01 1.441769579107828214e+01 3.518168643635124226e+01 4.551289929586122440e+01 2.302401013519591189e+01 4.551289929586290839e+01 5.778126779547099545e+01 5.084791462626355951e+01 3.491543093886343030e+01 3.734568282902264968e+01 5.167563683623673398e+01 4.522151392369944745e+01 4.650615458501126653e+01 3.655420928824140248e+01 2.266997929780570331e+01 5.326681276898238337e+00 1.859322324882480260e+01 2.280930903250747122e+01 3.577518929089426791e+01 5.302706941885544012e+01 6.246176605307151419e+01 5.437634383267459270e+01 4.086026947042795854e+01 6.113434219954028492e+01 7.572537241330746838e+01 8.332216144044673456e+01 9.171181374933527763e+01 8.125246555352187272e+01 6.119751381267640511e+01 4.856792785472894280e+01 5.046809095031502324e+01 6.220911560550385389e+01 8.245082651711742017e+01 8.304115959116116130e+01 6.370987887846117559e+01 6.937187991019030164e+01 6.039992274021865626e+01
1.090813040483475660e-01 1.954349180875837177e+01 3.272254914021459626e+01 3.061948850804761690e+01 1.548557066598671916e+01 3.928485052270294631e+01 4.122736862731050422e+01 2.502403387082990704e+01 1.693570051266193843e+01 1.749749025670753966e+01 3.554247415254273790e+01 2.749054780181188917e+01 4.302594662955419835e+01 3.859608974183529284e+01 2.348414502314013319e+01 5.060337523955888095e+00 1.055769208274633897e+01 3.094573919907689330e+01 4.922565325499401467e+01 5.650378961878769246e+01 4.823754459118828208e+01 3.402682642301833482e+01 5.437634383267459270e+01 6.113434219953587245e+01 8.129661982873457760e+01 7.480863855850597588e+01 8.314089965105272029e+01 7.290879248483761899e+01 5.262260911795407026e+01 4.089801439639211367e+01 5.525918243919972639e+01 7.553065421307900351e+01 8.181484792349580459e+01 8.073529268819747529e+01 6.937187991019030164e+01 5.015564710464742149e+01 6.937187991019030164e+01
1.124699208350869450e-01 1.989763763589980172e+01 2.089094490884179933e+01 6.055814512648630021e+00 2.562909187229301011e+01 2.551405939456464012e+01 1.709794131261106997e+01 2.307561589234508403e+01 2.598623464697013219e+00 7.074440179461538136e+00 1.227952503505254356e+01 2.057740053219869480e+01 3.506730549809042685e+01 3.244698425742796388e+01 1.419185484801566410e+01 4.794435496412509323e+00 2.408434293485223776e+01 2.669417062232274773e+01 4.551076409187720628e+01 4.823754459118933369e+01 2.782828195209272337e+01 4.257366909379850028e+01 5.095752996434677584e+01 6.267081327295897353e+01 7.146879672917808080e+01 5.455020326721137280e+01 7.146879672917808080e+01 7.061660585470323781e+01 5.705312279703596090e+01 3.672991725788426010e+01 5.612188613540676840e+01 7.626605991155078357e+01 6.262250055978665841e+01 6.156129187090793664e+01 6.441026993467622219e+01 4.520215883100747334e+01 6.441026993467622219e+01
1.143247760050987577e-01 1.376059529332993137e+01 2.064237609981060473e+01 9.602640926026798640e-01 1.205406131786681545e+00 1.450784441634757949e+00 1.696214124827906566e+00 1.941715519326686845e+00 2.187682331400790936e+00 9.639705286809681084e+00 1.893938033918716002e+01 1.791826837937628980e+01 2.898395751034595236e+01 3.214532083563605624e+01 2.351570088892499300e+01 4.529195269740404761e+00 1.606680291083579348e+01 3.555130020732691776e+01 5.263918568291615685e+01 5.088995680609540528e+01 4.257366733455967278e+01 2.204893472080524219e+01 3.397890417040920852e+01 5.431432936557123270e+01 6.311242546239341777e+01 4.282814929405552107e+01 6.311242546239341777e+01 5.629538017079063650e+01 4.197415448687807071e+01 3.283404604243067837e+01 5.315002155157279873e+01 6.824380895572927841e+01 4.952160208457801360e+01 4.826505645294364655e+01 5.500354583693275856e+01 4.067293766918351849e+01 4.621851663419853651e+01
1.246997244282603834e-01 3.693308846436552106e-01 6.140344533690834661e-01 8.814625821780254000e+00 7.093427081690077962e+00 1.436100109688954518e+01 1.677383307084573261e+01 8.134542266770051100e+00 1.973660157923688985e+01 2.535621594834863046e+00 8.064152370821297211e+00 1.637385041508742134e+01 1.903686310636197732e+01 2.100686008808303740e+01 2.191167134801697713e+01 4.262442307565957655e+00 2.480612934800772607e+01 4.321920619992953050e+01 5.088996130793950812e+01 3.052780151651590757e+01 3.426431323409138230e+01 1.845447597197870238e+01 3.071630692136411156e+01 5.219915185172483518e+01 5.594085079866034960e+01 3.566399810869614839e+01 4.729476162194615085e+01 4.313872880701451606e+01 2.762436910285640579e+01 4.791423950458305825e+01 6.152713241630993934e+01 6.826064714828603996e+01 5.625828011175223509e+01 3.734156071815483102e+01 3.574931704381221920e+01 4.936727333784367033e+01 6.542824591539157097e+01
1.222495852330377081e-01 1.692923784325639147e+01 4.623786144541524035e-01 7.776878532018438150e+00 2.077006984240556164e+01 1.397672405696062192e+01 2.611823477983160302e+01 2.451114977089951807e+01 8.937368871727482400e+00 2.214167987902446910e+01 2.884336911900158729e+00 3.130975701133877021e+00 3.377691927188222643e+00 3.624466613053308528e+00 3.885151083491383162e+00 4.370807579615619609e+00 1.929500679817354580e+01 4.144666224271516342e+01 3.949519181283399405e+01 3.114402403639583738e+01 1.401946447955662123e+01 3.426368029957001937e+01 4.731476535191919197e+01 6.032811168600408536e+01 6.430675322460233190e+01 4.729476056619527213e+01 2.706311980804376915e+01 2.293163718859235800e+01 4.313872880701451606e+01 5.619399234913705499e+01 6.175755141949782967e+01 5.367558660054696418e+01 4.088329931934111272e+01 3.105033090483148328e+01 4.205314006058571863e+01 6.041275034179010106e+01 7.671087251989403910e+01
1.242739267172789652e-01 1.384494952438914517e+01 2.183728955585050358e+01 2.601156574715941261e+01 2.779256521648905931e+01 1.836042804164238973e+01 3.233340744013764834e+01 3.229905092691873136e+01 1.383497558772592484e+01 3.128403130587181380e+01 2.990013148131546927e+01 2.176618144936927024e+01 2.520539993485232344e+01 2.047166791320387347e+01 3.809952633054492388e+00 4.616109829300415690e+00 2.472071588430533851e+01 2.647524419121960193e+01 2.542614861276488014e+01 1.030264553992371823e+01 2.423602415162817891e+01 3.323874304725669049e+01 4.015873284309722635e+01 5.196507596563278497e+01 5.739832248525689806e+01 5.566879880158576555e+01 3.990719717972577740e+01 1.981651535393816843e+01 3.989138048757052246e+01 5.357263072734097165e+01 5.070085608464031424e+01 3.464636857663241898e+01 2.705318920311052366e+01 4.653765483945808512e+01 5.795565676471635186e+01 6.873308666492384589e+01 6.994751598091933431e+01
1.363277786145862258e-01 2.013632777859768197e+01 3.383183156613136333e+01 3.893575008366854462e+01 3.938409766382591926e+01 3.466638008306382090e+01 2.928522013216432640e+01 2.669935614574846738e+01 3.360913726604687213e+01 2.202283117044295935e+01 4.046262379436423373e+01 4.855390189227028230e+01 4.160375082590278595e+01 1.959828208940239946e+01 2.611060230100966351e+01 1.588434244000369411e+01 5.569963447234987264e+00 6.245579905250933095e+00 6.936947044486524661e+00 7.630379845470511846e+00 2.625440029549978505e+01 2.938515487085417988e+01 2.329684547314844778e+01 4.261041746574999678e+01 3.558352023052714230e+01 3.814413451707766001e+01 3.383766923993561448e+01 1.725081212896280647e+01 3.472272385127183725e+01 3.431242166783703595e+01 3.939339363692397455e+01 2.331319515877047266e+01 4.285292954032412638e+01 4.653739265270711201e+01 6.586610153365739961e+01 6.735987850920207620e+01 5.559077904215650534e+01
1.385108665542580109e-01 6.889690944621983171e+00 1.542877819472944623e+01 2.746794666476192859e+01 4.735968501495533189e+01 4.665666028258367248e+01 4.665595694295690521e+01 3.571301265820049053e+01 4.784987304314653045e+01 4.049436721659414218e+01 3.045001931481042590e+01 4.836310794183699358e+01 5.146011601507947830e+01 4.278928818700141079e+01 3.291478589847226743e+01 1.281201443270991724e+01 2.557820870726890305e+01 1.042861805661427965e+01 2.687183675565212937e+01 2.776391572520581619e+01 8.646285411191104942e+00 9.368354615610186897e+00 2.658885375184322797e+01 3.111971005445991523e+01 2.732774566059970311e+01 1.289583150294600244e+01 1.362809998882295126e+01 1.931304031897115081e+01 1.581185009655399831e+01 2.982142145144955592e+01 1.989585247258877843e+01 3.698009576060304227e+01 3.900317449920318325e+01 4.747669725199685331e+01 5.613616169111814713e+01 5.264386212475397997e+01 3.864508860098869292e+01
1.449534828613714132e-01 2.014495348286101617e+01 3.544682990060719163e+01 4.402354395294427292e+01 5.544215949412389932e+01 6.360644159683082677e+01 6.013520189599903176e+01 5.276591730639850653e+01 6.010923731119527247e+01 5.504054821147452259e+01 3.672297022225026097e+01 5.504054817324882265e+01 5.915121046144648176e+01 4.119057430206669324e+01 2.091907657375046625e+01 3.290447837665961828e+01 1.691302126700879427e+01 3.041851370696232237e+01 2.888460757481118435e+01 3.807850744289944345e+01 2.154549877667814073e+01 2.828110633720507749e+01 1.039469636575330291e+01 1.112766478843531814e+01 1.185959479433902963e+01 2.135870886128500601e+01 3.299704244856641822e+01 1.470596551907628324e+01 3.522230672143941632e+01 1.688944595944874649e+01 1.763110637938065750e+01 1.839252335846414965e+01 1.914246760776355316e+01 3.907907488791053652e+01 3.533014433483737093e+01 4.136687134150363931e+01 2.428112123787107279e+01
