MOVIE_S4_data/elevation_000233.asc
nrows	100
cellsize	150.0
xllcorner	0
ncols	100
yllcorner	0
NODATA_value	-9999
[rows 17 to 33 of 100, columns 0 to 36 of 100]
1.372224685174658065e-01 1.168422785230988126e+01 3.168422785230952599e+01 3.439979179326036984e+01 2.195001579987834006e+01 2.902183605539945788e+01 3.796982112512063168e+01 5.800447690811118662e+01 6.021311746061548575e+01 4.118372137007953881e+01 6.021311746061548575e+01 5.461911769735888811e+01 3.555834720479233368e+01 5.461911769735888811e+01 4.786950931062141024e+01 4.455985180925581091e+01 6.381726593772111755e+01 7.013040832289068760e+01 5.007011220819295261e+01 3.886441828985575597e+01 5.897830179154380659e+01 7.363435457479280899e+01 7.415493973870201216e+01 5.446087044031962421e+01 6.846491589299378688e+01 8.789187247723711494e+01 8.417243013393731133e+01 6.397829158420519491e+01 5.397396798134418816e+01 4.613591222677871428e+01 6.608652138166513623e+01 4.684847216127056413e+01 5.823065751440081073e+01 7.211856199238643228e+01 9.199222741638767786e+01 8.517856186326388013e+01 6.481062251623721693e+01
1.353332760910071209e-01 2.013533327609065182e+01 2.790782672300935374e+01 1.439053552650977963e+01 2.593889164443113060e+01 4.595759633544463441e+01 5.735184186513316007e+01 6.630216334981668069e+01 5.386998543043679888e+01 3.491817064224086664e+01 5.386998543043679888e+01 4.911674720993644172e+01 3.011350993533444509e+01 4.911674720993644172e+01 3.445623488834127102e+01 5.352374510573008592e+01 6.542769463794095941e+01 6.940727953235932546e+01 5.375124513284217898e+01 3.371382978105124550e+01 4.526878865152141174e+01 6.533849071667910380e+01 6.951300387211412612e+01 4.970509587188733747e+01 6.951300387211412612e+01 8.700615847651346257e+01 9.257615796043327805e+01 7.416833684382929448e+01 5.398086071222894589e+01 4.238026920261353325e+01 5.791426991816290126e+01 4.304224931136887022e+01 6.285934050941486362e+01 7.467851139294332086e+01 8.461346713476677905e+01 8.517856186322333656e+01 6.481062251623721693e+01
1.303432743768621893e-01 3.979345069564626414e+00 7.901667786582475372e+00 1.945476847884663485e+01 3.963159603967118016e+01 5.425891911738602147e+01 7.202635364704934773e+01 6.191366789380206370e+01 4.281692824352622750e+01 2.942274191756060731e+01 4.149520538399033853e+01 4.421003887348796724e+01 2.512240994669460292e+01 4.123633811514843472e+01 2.871231210595343342e+01 3.820535504551159534e+01 5.734399387915826196e+01 6.111936965131323518e+01 4.109056383842096949e+01 2.956054841364073127e+01 4.955551645494148261e+01 6.557325790325461412e+01 6.519056460320192059e+01 4.525012191726843014e+01 5.944743061701189646e+01 6.960798271981892071e+01 7.781703097647138634e+01 8.195131499516718065e+01 7.066744071987737641e+01 5.791426991816290126e+01 3.780033580878942701e+01 3.931397515532432152e+01 4.648684231286589608e+01 5.651316884331595247e+01 7.057408102607479350e+01 9.040878488506028532e+01 7.748020439518789715e+01
1.234970534698958955e-01 2.012349705336837857e+01 2.790782672285144628e+01 3.620236468123894014e+01 4.795464746067975881e+01 4.375782110922309442e+01 5.353077978077201493e+01 4.567133183079280911e+01 4.683567205386398768e+01 4.149520538171521622e+01 2.229910685999962894e+01 3.957992378702955705e+01 2.028743152447158238e+01 2.200402724585947922e+01 4.123633811514843472e+01 5.580314417515599246e+01 6.542769463794095941e+01 6.005784469853665541e+01 4.576416177545702624e+01 2.578632743747528622e+01 3.731273119066782584e+01 5.730770738008847331e+01 6.120203566473188062e+01 4.110604880386681259e+01 5.575399181788596081e+01 4.998599692678192241e+01 6.957301077710805259e+01 8.157025378760201306e+01 6.242440115237263853e+01 5.483096236899641696e+01 3.461800306868336463e+01 5.268957378722798524e+01 6.588899745888005555e+01 7.467851139710386121e+01 8.114486819349612290e+01 8.929019964952377109e+01 8.596024262086235979e+01
1.256355554530943219e-01 7.141532796853054421e+00 2.353114208626638160e+01 3.944452037347121376e+01 3.494179042811114044e+01 2.727990742864579587e+01 3.692482298039910660e+01 1.803854617916108793e+01 2.479311746970884656e+01 3.682645140825862740e+01 1.752150277512748389e+01 3.083074080031793684e+01 1.558523024632784981e+01 3.515455031717007017e+01 3.873916407470895251e+01 4.702811165362024326e+01 5.340462848656451911e+01 4.594572086260810551e+01 3.183359702667951652e+01 2.228880282567725502e+01 3.383447181265239578e+01 5.380771927468889260e+01 6.927477752285393819e+01 5.583063008931115689e+01 3.546185805414998526e+01 5.572068329025037769e+01 7.040055523343349364e+01 7.218200796817887976e+01 6.256211974298992118e+01 4.261402994665476029e+01 3.233650694722500418e+01 5.263448682393694611e+01 6.146755492959056966e+01 6.756000669802853054e+01 6.193297282364594025e+01 8.114486819349612290e+01 8.404372558605794552e+01
1.208450475705237920e-01 7.450176978253041149e+00 1.338176757220617041e+01 2.523796426313129260e+01 1.394073448797650627e+01 2.569376402457131903e+01 7.462768689921203347e+00 2.142708064092480047e+00 1.963712216958557377e+01 3.228749807411613659e+01 2.732780891257720057e+01 1.095581865047899583e+01 3.083084904657452086e+01 3.361965615983098843e+01 1.859405781679329195e+01 3.541671024172385529e+01 3.344690427933085175e+01 3.344698462540098660e+01 1.764528574704707609e+01 3.183359702667951652e+01 5.054760508213739456e+01 6.207621525365112802e+01 5.609981843782983901e+01 4.788274775968417174e+01 3.181886006856596794e+01 4.239158815144488557e+01 6.255739363160499522e+01 6.393761097499633905e+01 4.389771750830562524e+01 4.757118889936983663e+01 3.014398814921493752e+01 3.545994607570791146e+01 4.147281507560443714e+01 4.812115966946075929e+01 5.946333440009153293e+01 7.862277646711196155e+01 9.255831163730464084e+01
1.160239911856559974e-01 4.272726968478560705e-01 7.385590982807205274e-01 1.050034179962999303e+00 1.361849713655150174e+00 1.674006662135350654e+00 1.986277147119344999e+00 2.298898649642125758e+00 1.989986261129257628e+01 2.528703189656675221e+01 7.178737046116753895e+00 2.464408455110446994e+01 2.470748761037389585e+01 1.784584096121130870e+01 7.554313948350927177e+00 2.703387702662035963e+01 2.945797804427304101e+01 1.334053309797578279e+01 3.344698462540098660e+01 4.594572086260810551e+01 6.005784469853665541e+01 5.187651291413979493e+01 4.358882719934160832e+01 2.684827878601920759e+01 3.931782367051964400e+01 5.953191245734322479e+01 7.072241022007618483e+01 6.175764528308441470e+01 4.170138330917919944e+01 2.732471838210167903e+01 4.696520380046047194e+01 3.892947187802188580e+01 5.003972488372768623e+01 6.736486872712424656e+01 7.561158623641672705e+01 8.676493840986465500e+01 9.488463589424775080e+01
1.085988230417786332e-01 2.010790298929798325e+01 8.079030399814635999e+00 6.628290149433122558e+00 8.036160601915003809e+00 1.358194197807563519e+01 1.986031688397495643e+01 2.151997385179858213e+01 2.741341570743808020e+00 1.731286318680246339e+01 4.862952699638027454e+00 3.941491153369002021e+00 4.261642050840229068e+00 4.583472451804052383e+00 4.904569668369224367e+00 2.090866629212206007e+01 9.280894281716111749e+00 2.945797804427299837e+01 4.171246913651667398e+01 5.243914488324845991e+01 4.777784001930990598e+01 3.940357505512212555e+01 2.204511386468238854e+01 4.358882717553329655e+01 5.605519883271714576e+01 6.753508180205990641e+01 7.223736526036145733e+01 6.087131280629475327e+01 4.669826232881160877e+01 2.545238895517968558e+01 3.076730491021461589e+01 3.340046162805064967e+01 4.232052859550533697e+01 5.354701757106268900e+01 7.269321337538728756e+01 8.898523859711060879e+01 7.482734067133182521e+01
1.073404342885239532e-01 2.009844050041635199e+01 2.383548112717746292e+01 1.337378329203857774e+01 2.093246203066493294e+01 1.581567837265068199e+01 1.939521025302274282e+01 2.410029388188202049e+01 3.662974176856048203e+00 3.182584406492551921e+00 3.493600058718348222e+00 1.752732727815143576e+01 2.127007129570661803e+01 2.423236780701322601e+01 2.520748598687186615e+01 5.356476200656365094e+00 5.413885546182895858e+00 3.378158168766179159e+01 5.243267245982188030e+01 3.143635463173520961e+01 3.528423838832117809e+01 1.722132818704502100e+01 3.940357505512212555e+01 5.187651291413979493e+01 6.170780403096568989e+01 7.001889443507455724e+01 6.406355670916138934e+01 4.439633344027713235e+01 3.295375208920584953e+01 4.040365589572067506e+01 2.285885169772674530e+01 4.287323403032077351e+01 6.107834219580796287e+01 6.965549761162662890e+01 8.076878435497920350e+01 8.070879691294915403e+01 6.095283316052837819e+01
9.951591839399596962e-02 1.887653449486660051e+01 3.777679191548853765e+01 3.044264976876878848e+01 2.413753546994995602e+01 2.318691258083505957e+01 2.648443302702057878e+01 8.953494702985631548e+00 2.560822996009678931e+01 2.543928989664856744e+01 3.325808775209448065e+00 1.519721391697392754e+01 3.284933928350256593e+01 3.318274421723411649e+01 2.035047633607381456e+01 2.053384526320641967e+01 5.811155913222351366e+00 2.828415322650434405e+01 3.982976290143290043e+01 3.125359223629747873e+01 1.231160175700728132e+01 3.528423838832117809e+01 4.777784001930990598e+01 5.848968581322082372e+01 4.177823897528348596e+01 5.848968796359567790e+01 5.808484820797549020e+01 3.802928032325789331e+01 3.802928032302779116e+01 2.039590429071894562e+01 2.584326215253246417e+01 3.509320711635096046e+01 4.955297504733411529e+01 6.972923960806438970e+01 7.613712063467988855e+01 7.324467185604218855e+01 5.363112898053264388e+01
9.660808524269255682e-02 1.423057163445907314e+01 3.400384240557427518e+01 4.672643764199675331e+01 3.460458706633594517e+01 3.448940489710583535e+01 3.480232150623901077e+01 2.802653968414589869e+01 1.357644421495532860e+01 1.061284094285403867e+01 3.237041965406360333e+01 3.582430508540767988e+01 4.535403069357627004e+01 4.077873797902590525e+01 2.223851580166147457e+01 9.314458829900415182e+00 6.133120498310607793e+00 2.645297908044166846e+01 3.070671004888720645e+01 7.842403433004776936e+00 3.121093196238976120e+01 4.348241987796252062e+01 4.777998981479588281e+01 3.949403320989424060e+01 3.017042292257069036e+01 5.020016358665650813e+01 4.399398773045421507e+01 3.570447784973104888e+01 1.803019218030940962e+01 3.802928032224497201e+01 4.751219516404559329e+01 5.500873635221203273e+01 6.378063607862928563e+01 7.031573848857003384e+01 5.616635441061630729e+01 5.917179561568173796e+01 4.742765170113259643e+01
8.961064364900331314e-02 2.008961064364864768e+01 3.643759670378503301e+01 4.620095192791647776e+01 5.186306639241844607e+01 5.298346163693697974e+01 3.932549764572149087e+01 1.993720840189415711e+01 3.206616596208755254e+01 3.423061272762240037e+01 1.747513594449383234e+01 3.077844594971873704e+01 5.012624388580648116e+01 4.994128748899248649e+01 3.937903762908320004e+01 3.181726963974426070e+01 1.122346944826933779e+01 6.591536422127514783e+00 6.917907858761262574e+00 7.249563539955306446e+00 2.767926312516786069e+01 3.310442842237502958e+01 3.823065901128147459e+01 1.938700144002404357e+01 3.096527040635108463e+01 3.193741359898059784e+01 3.340884654875204518e+01 1.566330137225625840e+01 3.570447784584212059e+01 4.632807504391707454e+01 5.751855415157389473e+01 6.581493694099343372e+01 6.662731873668815297e+01 5.797492671895157201e+01 4.203386657061184906e+01 3.930267655807645610e+01 5.917179561565991719e+01
8.602227843884299729e-02 8.250662800917533346e+00 1.824305492231454195e+01 3.226857462936845167e+01 5.164415040286796454e+01 5.864456801935835273e+01 3.931004807011211000e+01 2.604848811405853226e+01 4.542612796690332289e+01 4.241561080070157175e+01 2.213403791264181208e+01 4.241561080070157175e+01 5.787820069678830492e+01 6.049587415228761955e+01 4.025216917499923852e+01 2.485175722563185730e+01 1.908889735860947923e+01 1.088413149044133910e+01 1.251397339585463264e+01 1.780043741602574059e+01 7.723735250553450449e+00 2.239755163951362604e+01 2.751027274712512138e+01 2.920383227578994934e+01 9.495783160752708341e+00 1.154721027617241802e+01 1.328299407543759436e+01 3.341144013945812929e+01 4.386134220276055373e+01 4.329666908821136673e+01 3.740650997379277243e+01 5.751795841653640196e+01 5.427110597762511190e+01 3.747547703415914810e+01 3.203039186830970664e+01 5.202540227156014652e+01 4.953484236365495974e+01
8.664218773200615953e-02 2.008664218772391763e+01 3.188132097650770902e+01 3.895238954773438422e+01 4.723673395563551480e+01 5.878382595692173851e+01 5.222103403156566515e+01 3.300213734885150529e+01 5.222103419545775438e+01 4.581006100501564759e+01 2.631233532627785010e+01 4.581006100501564759e+01 5.888171251129117678e+01 6.615988526812287773e+01 4.618141308650204735e+01 3.920160984641481861e+01 1.826339887648904536e+01 2.886184611706166336e+01 2.012314026694559033e+01 2.404368508340798272e+01 9.062802664047545420e+00 8.209743520658818738e+00 8.556561472967096904e+00 8.906644143985058548e+00 9.264222715485642468e+00 2.960509128944808666e+01 3.305395053407306705e+01 4.039853341408478826e+01 3.326710756815336367e+01 2.331211369520379506e+01 3.740540594703485056e+01 5.749623043627094887e+01 4.593330367455918406e+01 2.604695417371061339e+01 4.577429555603097810e+01 4.196449371410080431e+01 3.289016751184951914e+01
7.759125536472052942e-02 5.851093947261002626e+00 1.188132083881632894e+01 1.895238865068192879e+01 3.049939403450759201e+01 5.049939740553579526e+01 6.027741571613830729e+01 4.409699651912602292e+01 6.027741692372207183e+01 5.369189400315319460e+01 4.022343526086973498e+01 3.192967018417559188e+01 5.100136584587139055e+01 6.601238650596548041e+01 5.264647404612303916e+01 3.138827719451764509e+01 3.299815639255931643e+01 4.302137141517238916e+01 3.550022677723899989e+01 3.071461219718423052e+01 1.117123452299773945e+01 2.679341898937165567e+01 2.439433165680367921e+01 2.926897214593412500e+01 2.956463005289252877e+01 9.777753235327795167e+00 3.005529606043097957e+01 3.091843932583165255e+01 1.447222471992490966e+01 3.318563897089784120e+01 3.565396792392482439e+01 4.396661128725545353e+01 4.211460524961839269e+01 2.240512998129294076e+01 3.714955012454803551e+01 2.669796365216565448e+01 1.484096940239498608e+01
7.818929607037834739e-02 2.007818929607002190e+01 3.188132097650856167e+01 3.895238954774330153e+01 4.723673394540428205e+01 5.341900548367861745e+01 6.170347396863965628e+01 6.331867605809139832e+01 7.144025576760445517e+01 6.716035274543669686e+01 5.706177818349276976e+01 3.782433374153449535e+01 3.928764384479686811e+01 5.816818214364120365e+01 6.100321796865924284e+01 4.663727182949281769e+01 5.417807131268184406e+01 5.924021421173800661e+01 3.976477471507826067e+01 3.345826191017047080e+01 1.353103916331093615e+01 3.334696825714677004e+01 4.494908045920181650e+01 4.612702871639730517e+01 2.625647960188423724e+01 1.280579486807330092e+01 1.029926705360244732e+01 1.066952052880173341e+01 1.104007342998830232e+01 3.126146276217863829e+01 1.214134760494789234e+01 3.554744403165627631e+01 4.790154780066406914e+01 3.710586209052653572e+01 1.735370690993401865e+01 1.429347544973487061e+01 3.381883694562443310e+01
7.024788420635796893e-02 1.421238350793743344e+01 3.421238350793813510e+01 4.537342416601488537e+01 3.708906777134123445e+01 3.341899802036463285e+01 4.820779661671449645e+01 5.487446465687537511e+01 6.315890728265652854e+01 7.315900326612607785e+01 6.395666341244820075e+01 4.437833030889112962e+01 5.816818214735387471e+01 4.783478259346484407e+01 6.662436241549642091e+01 6.715397153655416673e+01 6.609227463792761625e+01 5.487207707682039626e+01 3.976477471522888152e+01 2.021795451576219449e+01 1.616917017541769042e+01 3.049808201125281215e+01 5.091495383744603487e+01 4.235937300686704532e+01 2.211400132706410915e+01 3.221915492362050770e+01 3.065391815779612017e+01 3.099074887346339935e+01 1.729459095104767030e+01 1.156358330678191315e+01 1.193843369312824265e+01 2.896181921336231468e+01 3.822185479145334597e+01 3.324997694561588446e+01 1.374508632196836366e+01 3.386445616745177034e+01 4.176159650204512985e+01
