MOVIE_S4_data/elevation_000616.asc
nrows	100
cellsize	150.0
xllcorner	0
ncols	100
yllcorner	0
NODATA_value	-9999
[rows 0 to 16 of 100, columns 0 to 36 of 100]
2.082717056534231503e-01 2.416902227289865479e+00 4.639124452454962189e+00 6.918336016869032434e+00 9.227737358731177508e+00 2.923858074529033857e+01 4.087276653781647440e+01 4.006429798987992541e+01 4.296607621077629346e+01 4.596611419947302579e+01 5.428046970601486976e+01 6.847775084081425234e+01 6.958991824557718076e+01 7.791811185788466787e+01 7.864465208455551704e+01 8.698568898729902799e+01 8.850303734220507579e+01 9.692012035002431958e+01 1.127615212912763667e+02 1.016694387563174331e+02 9.374142662836244710e+01 9.706303775419604563e+01 1.012483460036516050e+02 9.722824409873967966e+01 8.577140365703195357e+01 8.359961843992560659e+01 7.814489395975091668e+01 8.616741713592142560e+01 8.320202062142456612e+01 7.402681944241406597e+01 7.339541948042250397e+01 7.530835453595575757e+01 8.386798806405914775e+01 8.554848641539572895e+01 8.167587524962777934e+01 8.167587524962777934e+01 8.966869210301491933e+01
2.038130619680232347e-01 2.020381306196705751e+01 1.618733154915382144e+01 2.692577813369259587e+01 2.923858074529033857e+01 1.256108000469307129e+01 3.257796073638130707e+01 2.002548411995416089e+01 2.289129219480155442e+01 2.587252903026339368e+01 4.008318858723584555e+01 5.414750231447928286e+01 4.944864926821925621e+01 6.217862292852350237e+01 5.847796732352087190e+01 7.409152724466889595e+01 6.812208430799248049e+01 8.850303734220507579e+01 1.048743256680312896e+02 8.559157889579014977e+01 7.411012344506707450e+01 7.752569992679555355e+01 8.281247695124264396e+01 8.112813599487736838e+01 6.214752583788755658e+01 6.567437577476020749e+01 5.851408993536118430e+01 7.418592569148971450e+01 7.387488091234000365e+01 5.247598445769008180e+01 5.242246269430918204e+01 5.274533504724736588e+01 7.463983681719032859e+01 6.730750178734680844e+01 6.210529018728629325e+01 6.210529018728629325e+01 8.167587524962777934e+01
1.945267862640465417e-01 2.019452678626369035e+01 3.619520252163598428e+01 4.448295558419520290e+01 3.909680330675136872e+01 1.809574736225096458e+01 1.607033964669023618e+01 3.604783852465430982e+01 4.296605928939622743e+01 4.596611419948438737e+01 3.042344566317656884e+01 3.403405250202499843e+01 3.783098270359342763e+01 4.202067430766186362e+01 4.704945237510757039e+01 5.377031465707379709e+01 6.556057794992999277e+01 8.659419663399549449e+01 1.038768329329192994e+02 1.016694387563174189e+02 8.324805369010874756e+01 6.310973279051965790e+01 8.324558851887356070e+01 7.100813629230241020e+01 4.884148007383711843e+01 5.708461218044548957e+01 4.688961514586130619e+01 6.653743730548173119e+01 6.984759327002630869e+01 5.856069594221180807e+01 3.867891101426410927e+01 5.856069594221180807e+01 7.166535932490752714e+01 6.527238250013519405e+01 4.818593472160704749e+01 6.783738184025797580e+01 7.386362968482811198e+01
1.884163169627051937e-01 2.018841631696234984e+01 3.879932920306688970e+01 4.708360045044616271e+01 5.211423027310949152e+01 3.330349548590803010e+01 3.605090811178871490e+01 2.455115939646203671e+01 3.457113002536703306e+01 5.462955896188969973e+01 3.802057403608407782e+01 5.414750231447928286e+01 5.796135117967892114e+01 5.626890862677119998e+01 6.132874381417558141e+01 6.133044695188506523e+01 8.152446777155164170e+01 9.488280712323467014e+01 8.496680775354418813e+01 9.096876698544987505e+01 7.788885550959278703e+01 5.742270596453651166e+01 7.788885550959278703e+01 6.838892437716788208e+01 4.847802971387910986e+01 3.649363404678630474e+01 5.038424772990634182e+01 5.874705570596645998e+01 5.498060042733880692e+01 4.101461275023480368e+01 3.393366214064008091e+01 4.295580066817907294e+01 6.392283612527149472e+01 6.170117639007710864e+01 4.212840904668101416e+01 5.439687165846910233e+01 5.436394201126116599e+01
1.898839224935668091e-01 2.018988392249321251e+01 1.879932920306760380e+01 3.294146482679805388e+01 5.294146482679734333e+01 5.542883801089666207e+01 5.291290646768918293e+01 3.457113013623309428e+01 5.291013887640540503e+01 5.462905321368669576e+01 5.224034579111253151e+01 5.224040578057157092e+01 7.233916888118066879e+01 7.636821754445385579e+01 8.148797004629048502e+01 8.153139211141393616e+01 8.985595588684925872e+01 9.049702136053981860e+01 7.110584461769505538e+01 7.119121175598337459e+01 7.294244273624740060e+01 5.222098870926983949e+01 7.293714119772211291e+01 7.652531396989903101e+01 6.219618326157024057e+01 4.175937594002534325e+01 2.957459388242968501e+01 4.460698005292221779e+01 4.664742105744119982e+01 2.854547256311561654e+01 4.665245072952150451e+01 6.117617633801595645e+01 7.171558813220163131e+01 6.971469054638230034e+01 5.439687165716081552e+01 3.405519910662184913e+01 4.792130916581003675e+01
1.812560074098455432e-01 7.252323819275290795e+00 2.725232381927493464e+01 4.708360045044617692e+01 4.822778524981151804e+01 5.661465994867013762e+01 6.294435704245685770e+01 5.463069330789157618e+01 6.294435704245685770e+01 7.466843305653620178e+01 7.233954409568748645e+01 7.233936523460182855e+01 8.065987821443950168e+01 8.385531572862763028e+01 7.583368947078103872e+01 7.686338181283764470e+01 8.488208884161363699e+01 9.096876698544987505e+01 7.119121175598337459e+01 5.659669885064288053e+01 6.792315780976028350e+01 4.744297774057562123e+01 6.237500767050737238e+01 8.268197639601727644e+01 7.051567645210590740e+01 5.876942611265022975e+01 4.461631874807063269e+01 2.371458128421722833e+01 4.006875188891934414e+01 2.497819479199137405e+01 3.778350253103524636e+01 5.778719877354033230e+01 7.045938051779189948e+01 6.541005177315878427e+01 5.899977735636345955e+01 4.786623311969629668e+01 2.744823975822774642e+01
1.855941142937577448e-01 2.018559411429340145e+01 2.796937597299657341e+01 3.214449593652805959e+01 2.814341983356651156e+01 4.181209424025681187e+01 4.760773743483563436e+01 5.431226580453571273e+01 6.271918539107287671e+01 7.284018881146401725e+01 8.186815038256364119e+01 7.387032960943149362e+01 8.186822105372039005e+01 7.253485266933552111e+01 5.611489985139294845e+01 5.720440121817643586e+01 7.117931820280588795e+01 9.069094138148255979e+01 8.487324144785861790e+01 6.792315780976028350e+01 4.712070656466899976e+01 4.304330323356430199e+01 6.398031497856248961e+01 6.843672779446174559e+01 6.005635382809367684e+01 6.091446671327781104e+01 4.138551734260232706e+01 2.013596993574859439e+01 1.975789409172531563e+01 3.071465573083943923e+01 4.062311279964394828e+01 4.982164142198501366e+01 5.015693233046801680e+01 4.693095571865148230e+01 3.711312300563787403e+01 4.377581071645111166e+01 2.467624282937784130e+01
1.797113411273130179e-01 4.028713135729754313e+00 7.951035838676324019e+00 1.212132412494282008e+01 1.659346024834205480e+01 2.175744404165630996e+01 2.753104072678252479e+01 3.419868102702233870e+01 4.421367418471579214e+01 6.441085827017116117e+01 7.209004384713878721e+01 5.421145825132645513e+01 7.209004384713878721e+01 6.444894681837428152e+01 4.481475331914599991e+01 6.444573865425358861e+01 7.413132804800689257e+01 8.573789657427924737e+01 8.600984965756747158e+01 6.584598305663813278e+01 5.103864162434654617e+01 3.888726644763566753e+01 5.980295511795067398e+01 6.005635269677092936e+01 4.032197094357516676e+01 4.598841619073601095e+01 3.317028531000332947e+01 1.927389787178094593e+01 3.958213468904064314e+01 2.025139103381278716e+01 2.628160867643345000e+01 4.104470487165275472e+01 4.325325812626326893e+01 2.674346366147119980e+01 3.547029862516227183e+01 2.364614203427959538e+01 4.230400249380368649e+01
1.682297228869525374e-01 2.002636437792482482e+01 2.791450267994677148e+01 3.214449593428057739e+01 3.663400577517764845e+01 4.181209424025681187e+01 4.760773743483563436e+01 5.431226580453571273e+01 6.271918539107287671e+01 7.284024070298391962e+01 6.404089352428839277e+01 4.439085646384406658e+01 6.404089352428839277e+01 5.877966524151367622e+01 3.908266288046115022e+01 4.628204249113523616e+01 5.766028109851799854e+01 7.744172574539035736e+01 7.584633128897476695e+01 6.754677177193337911e+01 5.662269151265239486e+01 3.575627588115098376e+01 5.662269151265239486e+01 4.957611685667759360e+01 4.112113221726516343e+01 2.659228072615021077e+01 1.879656165184767858e+01 3.873189633964001644e+01 4.776846314943391292e+01 4.410304027656267323e+01 2.075581582241170864e+01 2.111721710524819073e+01 2.148104460223692769e+01 2.184551268290029924e+01 2.259868188583823922e+01 4.134432499384320181e+01 4.260972481091897635e+01
1.736477300190079065e-01 5.518872568267472190e+00 1.106587453051971437e+01 1.709610142207488082e+01 2.376276808874143143e+01 3.132205754892584437e+01 4.132205754888996552e+01 5.546419307821627598e+01 7.546415770298025905e+01 6.782823993935640772e+01 5.749088106242630403e+01 3.771002913122874389e+01 5.588023836801495037e+01 4.775659717729411824e+01 3.357380991330189346e+01 4.519588673433221970e+01 6.488448522102385141e+01 8.195838933022152162e+01 6.156535798720673824e+01 4.675441224444246302e+01 5.355465007854066073e+01 3.274313916166463656e+01 5.355439059082213049e+01 4.121765097845060666e+01 2.109462370916871876e+01 1.832567205323399406e+01 3.836290500203747911e+01 3.403716824734257074e+01 5.514485362479540242e+01 5.302230894105539960e+01 3.421292679734513342e+01 3.177172298847917631e+01 3.482276819514835609e+01 4.069154976069184215e+01 2.243241777607431331e+01 2.284642250963114307e+01 2.325756052912007377e+01
1.635824339929259352e-01 2.016358243399256978e+01 3.106587389787553732e+01 3.709610028176242480e+01 4.376276605380621021e+01 5.132205378566596465e+01 5.960618179049927789e+01 6.960603405702481439e+01 7.363468440366285961e+01 5.402297509080462135e+01 3.993951271248634072e+01 3.150472652678526941e+01 4.775659717729411824e+01 2.755700058710798572e+01 4.775659717729406850e+01 6.161130782705792086e+01 7.291476926435619532e+01 6.598954817321728683e+01 5.752904240808040726e+01 5.440011327715486544e+01 3.356703368866299542e+01 2.982602914592703058e+01 5.058806735263793541e+01 4.949550808960182735e+01 3.827582343298693957e+01 1.799613575041510316e+01 3.788601597076447547e+01 5.299028965583229223e+01 6.351728937973198441e+01 6.334117044988127532e+01 5.420541067538015767e+01 4.304107956401522728e+01 4.805907696674301377e+01 3.173096167895809572e+01 4.486816757170868186e+01 4.389263159580470131e+01 4.375348940911812434e+01
1.578132703760624089e-01 6.482368590712793477e+00 1.314903525737940093e+01 2.070832471756381210e+01 3.070832471756363447e+01 4.485046034129408810e+01 6.485046033702417390e+01 7.160284074625553785e+01 6.431592038277258894e+01 5.645759660504314326e+01 4.574687946692542795e+01 2.566414049191473268e+01 3.905264128686964398e+01 2.390745414336485197e+01 3.822535941861318065e+01 5.847289552113028321e+01 6.200605294016053648e+01 5.752821029598582925e+01 3.672267797525746857e+01 4.281462831686038584e+01 2.581054879139815839e+01 4.652754167651255557e+01 5.899390219374097910e+01 5.276474697450255036e+01 3.220429404876250601e+01 1.766800833306555063e+01 3.349177738272737059e+01 4.080326460374655539e+01 4.566923381725028719e+01 4.999838753339334829e+01 5.902328772359995668e+01 6.030995714420309639e+01 5.755326041589338359e+01 3.889944358662845758e+01 5.755317601221734947e+01 6.162825074813687110e+01 3.826515697334914279e+01
1.543728846943814847e-01 2.015437288469402688e+01 3.314903525699029530e+01 4.070832471693829291e+01 4.899259570460595370e+01 5.899259556217747758e+01 6.542404228778484310e+01 5.112520324261780047e+01 5.645759516540438483e+01 3.706059407698817409e+01 4.274184591284242174e+01 3.898662952994646247e+01 1.942583413146955351e+01 3.903751281524869654e+01 5.172221049141575122e+01 5.393437696879445298e+01 4.162824357368876349e+01 4.681653442181053038e+01 3.934531124035859762e+01 2.210694346573025726e+01 3.673698038785924069e+01 5.503600263236310752e+01 6.594289008235735139e+01 4.732120592603321541e+01 3.885461054385584845e+01 1.734035122675789253e+01 2.951314054071521653e+01 2.226057436617632845e+01 2.609062431301507701e+01 2.992061103320661175e+01 4.999838768344563533e+01 6.653532372100480075e+01 6.569680041118377289e+01 4.941016794746736451e+01 6.569268877282475216e+01 6.162434370589243571e+01 6.162825074660188562e+01
1.561752203313827581e-01 9.100447130330461931e+00 1.910044713033028430e+01 3.064745251412259464e+01 4.478958813785304471e+01 6.478958813785162363e+01 5.712296440475338244e+01 3.640835921712458401e+01 4.402189638206138511e+01 4.244639120030425516e+01 2.353396145582417276e+01 3.254603086818957536e+01 1.708941216978670141e+01 3.052632996431574597e+01 4.943968666921109900e+01 4.606705121163857797e+01 3.152603624486404499e+01 2.469048989279849238e+01 1.861760915659538540e+01 3.934454358581989908e+01 5.126361686137428819e+01 6.611175553817977857e+01 6.006055022942701527e+01 4.726772110899588597e+01 2.967405305701331386e+01 3.283166102114360996e+01 1.687585666560501707e+01 3.855290498514819575e+01 4.566923431234173592e+01 4.999838768344563533e+01 3.601633973142394751e+01 5.708424867160017868e+01 7.375344947597119472e+01 6.741265499414926410e+01 7.585878772533007464e+01 8.311312490324017688e+01 7.028857971149827222e+01
1.531247021631862160e-01 2.015312470216283103e+01 3.313346185078932393e+01 4.141773309825452998e+01 5.141773309826510996e+01 6.331438558713058029e+01 5.500722006258323660e+01 4.402164840999953555e+01 2.302939444634329647e+01 3.213456854858434752e+01 2.731049765601196455e+01 1.376328483210356524e+01 3.124279213951184175e+01 3.210987539072733910e+01 3.336956969818393048e+01 3.501811237322468884e+01 2.796826056974390085e+01 3.593695775958016725e+01 1.626024689088068342e+01 3.096780658456090407e+01 5.218879172850254378e+01 6.673785976651821272e+01 5.233072625947885825e+01 3.245008860831900677e+01 3.605215750739446889e+01 1.641077172714136267e+01 1.649075000991077999e+01 3.910651756750093710e+01 6.029569384311621150e+01 6.653531582723364579e+01 5.745235039582671988e+01 4.420691856966247713e+01 5.735624343965260863e+01 7.995473967203039933e+01 9.183210604356652595e+01 7.218239458700489308e+01 6.209157598734809369e+01
1.422398637851068903e-01 6.466795184121892248e+00 1.313346185078861694e+01 2.313346185078879458e+01 4.313346185078950157e+01 5.500722006256913232e+01 3.489840276373111294e+01 4.074675345619999689e+01 3.345989057086189433e+01 1.128524703793378414e+01 1.121582159776211185e+01 1.149605330413980830e+01 1.178899299274910817e+01 1.408268205606676204e+01 1.806792321250416222e+01 2.017695984822989885e+01 2.635539452458756315e+01 3.317863651233370348e+01 1.419028409249746403e+01 3.453283480622928892e+01 4.257143419769546000e+01 4.299097485025360044e+01 4.235102886044797543e+01 3.571502899318705460e+01 1.594580434137690617e+01 3.239703596994159085e+01 3.811137770471809461e+01 2.826195283914744039e+01 4.168327689696851479e+01 6.429970404639736614e+01 7.561732909437911587e+01 5.423196753647878410e+01 7.561732909437911587e+01 8.872636557376338828e+01 8.612552845422098358e+01 6.640695943731516593e+01 5.200026656007494097e+01
1.377665891220937744e-01 2.013776658912173900e+01 3.313346185078932393e+01 4.141773309825429550e+01 5.141773309824748850e+01 5.621369110874543651e+01 4.077143200801916123e+01 2.078200324924844722e+01 3.014364963455480506e+01 1.082722796055935888e+01 1.361081837089916213e+01 3.261434082233838438e+01 2.708256567637889844e+01 1.220719267792647145e+01 1.250185832515117212e+01 1.279553064570240473e+01 1.308810150493479441e+01 1.337911084237982173e+01 1.367243366912349956e+01 2.690573836296330867e+01 3.453782959366688488e+01 1.483979851942212669e+01 1.515970181381154802e+01 1.548338721672660867e+01 3.558980831239686893e+01 3.043468784450551823e+01 5.009470573144101735e+01 4.954137061500421169e+01 6.029569384311633939e+01 7.313635472225946899e+01 8.511765462238216173e+01 7.022491289003768600e+01 8.511765462238216173e+01 1.020619762753353683e+02 8.254389271876115686e+01 6.856889855772398334e+01 6.562247173947490353e+01
