MOVIE_S4_data/elevation_000814.asc
nrows	100
cellsize	150.0
xllcorner	0
ncols	100
yllcorner	0
NODATA_value	-9999
[rows 0 to 16 of 100, columns 37 to 73 of 100]
9.633070085461724830e+01 1.045468838316629672e+02 9.394915214521185476e+01 8.537211324613049612e+01 8.523478983035403189e+01 8.384905326548123128e+01 8.384905326548123128e+01 9.201793000392341071e+01 9.889798100019692129e+01 9.084891442287818109e+01 9.335267979085509182e+01 1.014121058098913579e+02 1.037719967363832581e+02 9.787951206022184181e+01 9.524841056283969465e+01 8.691623223732536019e+01 9.524841056283969465e+01 9.403969075707526315e+01 8.553491449642788780e+01 9.087843732795509766e+01 8.238528920913410047e+01 9.087843732795509766e+01 1.005685481946597832e+02 9.224275662021936739e+01 8.963331594312985828e+01 9.795975283724210669e+01 1.004626898702586999e+02 9.213721872479133879e+01 9.694581876857682801e+01 1.052699819717660858e+02 9.117235148232347797e+01 8.284295253102635570e+01 9.117235148232347797e+01 9.412242689469501045e+01 1.024496285395551638e+02 1.106920502520118959e+02 1.047991401589176377e+02
7.628292388004312841e+01 9.622017883106272507e+01 8.539004608086173675e+01 6.533989894440267676e+01 6.533500499479268342e+01 6.393214209561769934e+01 6.393214209561769934e+01 8.384905326548123128e+01 8.766727609029339874e+01 7.138848451916358329e+01 7.392244637069546798e+01 9.335267979085509182e+01 8.363979099057631572e+01 7.774150539911927638e+01 8.517217823750992522e+01 6.674852173863263261e+01 8.517217823750991101e+01 8.227713947618180157e+01 6.522744204556573777e+01 8.070208397656864463e+01 6.209536347789184418e+01 8.070208397656864463e+01 9.224275662021936739e+01 7.210306860072341806e+01 6.948702016188147468e+01 8.633580839769163617e+01 8.884430439632083676e+01 7.200357382414657081e+01 7.681987368701754804e+01 8.815460493331302416e+01 7.841787575359542473e+01 6.266329396672752949e+01 7.989563020648121494e+01 7.400270410823961242e+01 9.412242377582424524e+01 9.059209140939101701e+01 8.470733913604126997e+01
8.212823447094831408e+01 9.262392894677191180e+01 8.286491449857803104e+01 6.273358374833090778e+01 5.072802114898779990e+01 4.927144433809339574e+01 6.201958099513856126e+01 8.210844743971873072e+01 7.961342997942274735e+01 5.972458035360548934e+01 7.961342997942274735e+01 9.225274966511723562e+01 8.363979099057631572e+01 6.344909775369357874e+01 7.198268881513683937e+01 5.660340893878820623e+01 7.683237698797904613e+01 7.381038981036165580e+01 5.355073677067252902e+01 6.211347367420874122e+01 5.198662100490446392e+01 7.224032634351291904e+01 8.782649910239517510e+01 7.800184665065233958e+01 5.777151136373091589e+01 6.895456566881856020e+01 7.096753596999033675e+01 6.026395306161414567e+01 8.051305342163560397e+01 7.696942992834927111e+01 5.976391723913756238e+01 5.250069758336051251e+01 5.969356624830417246e+01 7.400270407220027380e+01 9.412238878187046964e+01 8.620933777740481219e+01 7.050779113849415580e+01
6.504375296337406098e+01 8.489040853677283849e+01 9.116906086339538717e+01 7.632116843119220562e+01 5.609566951566042547e+01 4.110658593390852644e+01 5.609566951566042547e+01 7.632116843119220562e+01 7.361671618663756078e+01 5.336874424851212240e+01 6.436494933773022353e+01 8.417923870448450430e+01 8.625282849349170533e+01 6.607180342340389245e+01 5.175379909023772029e+01 4.944744943290854167e+01 6.851359462898621189e+01 7.686444313751623270e+01 6.211347367420874122e+01 4.198357345974204691e+01 6.211347305156697729e+01 6.770986743261823904e+01 6.770986734218310232e+01 6.921735582916045360e+01 6.895456566881247795e+01 4.842469241604236174e+01 4.976862239094698026e+01 7.084932159400111118e+01 7.721634024864145829e+01 6.967782399976428565e+01 4.941972476061349795e+01 6.967782399982529284e+01 5.586333309673302949e+01 7.610325931898168506e+01 8.196633576452747150e+01 6.608301206134643735e+01 8.620933777738672177e+01
8.321657540660977759e+01 9.303146792357001971e+01 8.283115112456026452e+01 7.120371800173002441e+01 5.774869938536318870e+01 3.668170237579005288e+01 5.774869938536318870e+01 6.955207359285068947e+01 6.131209151744547370e+01 4.738452607630266300e+01 6.218120111678668138e+01 8.205102975196857074e+01 8.579791579934050105e+01 7.722759971102294685e+01 5.701630237521078470e+01 4.280329775120488023e+01 4.833902220412726791e+01 6.521898880669810694e+01 5.736881159349116643e+01 3.738736341500160165e+01 5.733420147345701423e+01 4.760963423192601596e+01 5.350313929814060288e+01 4.907210970068592815e+01 5.645945169845158773e+01 4.389693922967831696e+01 3.872905631083460065e+01 6.108846589032285834e+01 5.700131239855791421e+01 6.464976628928422997e+01 4.733679505531301857e+01 6.757715708131185295e+01 7.610276746983687701e+01 5.931029682794653723e+01 6.178660291593908482e+01 8.196633576452747150e+01 9.368855631740566992e+01
7.779662100439870187e+01 7.957625154440705728e+01 7.466548837888295509e+01 5.434986856895345397e+01 4.209846711341125314e+01 3.258020172563227845e+01 5.152133007640010476e+01 5.538416065321278836e+01 4.030628702889857351e+01 5.525697428717938209e+01 7.484134347523071540e+01 8.033862355007049416e+01 6.706637231749192551e+01 8.033862355007049416e+01 6.851359462898621189e+01 4.833902220412726791e+01 3.695305681666859243e+01 5.180795803088587093e+01 5.301179309418150609e+01 3.319541689486376157e+01 5.008103050224295316e+01 5.134267126522463798e+01 3.369269962421302012e+01 3.509317314418522926e+01 3.651010933904744604e+01 3.794836598442554987e+01 4.024856208469005736e+01 4.093988170428441720e+01 4.269613079521452903e+01 4.442934213070446958e+01 4.797127233757514375e+01 6.798942579923082974e+01 8.162170073630848321e+01 7.951918370322349006e+01 7.607904450895122750e+01 6.856047393649760124e+01 7.361139772856009245e+01
7.408561577964958644e+01 6.036771560507271772e+01 7.408561922254531851e+01 6.668667741750114430e+01 4.981689538720927146e+01 2.861366992070184523e+01 3.032386554139123902e+01 3.418495414386825360e+01 5.535477307861897600e+01 6.955207341586964276e+01 7.310233470257550437e+01 7.253941214288124684e+01 5.347914125351638148e+01 7.253941214288124684e+01 7.686444313751599111e+01 6.521898880669800747e+01 5.180795803088587093e+01 3.211622166996571082e+01 4.712014872295104340e+01 2.918063294504733207e+01 3.046784846084397458e+01 3.174040611184803140e+01 3.495507158726097430e+01 5.482440107033475130e+01 5.645945169204066616e+01 5.796391219078254409e+01 5.103652832967451047e+01 6.121881826630361445e+01 6.292215697388091655e+01 5.155711148864573801e+01 6.798856850923344552e+01 5.321815315705241289e+01 7.325006435928547432e+01 8.732279203524817035e+01 9.617951368116324318e+01 8.866926667019848196e+01 9.368855631741257639e+01
6.599376508722740198e+01 4.704050846768073058e+01 6.599376508826549070e+01 5.836961162548833215e+01 3.734561034212225650e+01 2.507799338259411925e+01 4.623182570047188022e+01 5.538416065321278836e+01 6.372755095047109108e+01 6.319351488729570576e+01 4.981409900537749280e+01 6.319074139928860490e+01 4.609193912424690609e+01 6.528302767337108037e+01 7.315462876251056912e+01 6.726814386747209085e+01 5.608952113591460886e+01 3.585697289153541334e+01 2.740841022052534370e+01 4.712033073862833987e+01 5.015873716857322506e+01 4.555990798156375376e+01 5.481745555725569119e+01 3.978529867923624863e+01 4.356276035681596426e+01 6.371766662208256093e+01 7.121238601407767987e+01 7.955611258311903100e+01 7.180330447465117061e+01 6.590022652209940190e+01 6.810731479597643556e+01 7.325006435928547432e+01 5.882011567491068149e+01 7.036771677791539048e+01 8.471521641328898511e+01 1.049870025964312106e+02 1.110016936339484346e+02
5.883010723297078215e+01 3.978426562585177351e+01 5.883010723365162420e+01 5.856405169366608021e+01 3.760104013227001474e+01 2.263501202955073666e+01 3.760102887581732034e+01 5.856280809910538210e+01 5.094381739909143647e+01 3.810127325284980060e+01 3.476720917646682096e+01 5.077279675184340135e+01 3.956025894516176322e+01 5.894348948095268526e+01 5.314149541410068167e+01 4.729004603284565889e+01 5.265348709585050102e+01 4.436057312754487469e+01 2.620617254782850125e+01 4.596597129201624909e+01 6.490699720876953904e+01 6.529859356145601623e+01 6.808108318210341281e+01 5.130436676829405229e+01 6.371766662335621589e+01 4.933180622269399151e+01 6.955584322712734036e+01 8.429033058789080712e+01 9.192471650658571036e+01 8.605459532763426012e+01 8.237415767189646942e+01 8.416756511972491239e+01 6.392575874390682600e+01 7.148566809619751439e+01 8.319869623976572370e+01 1.034792052106825508e+02 1.210606301795052957e+02
4.492634873514528238e+01 3.350934412343332269e+01 5.279460361472054331e+01 5.182976079811911063e+01 4.033187190359153362e+01 2.035046711829713217e+01 3.898627431273769162e+01 3.855101856461509158e+01 3.778787384240448688e+01 2.079259957878187492e+01 4.016104837933687577e+01 3.079130182398690962e+01 4.898524055566953450e+01 4.937261069517074930e+01 5.126558215107836958e+01 3.326914764113175238e+01 4.276171982395050719e+01 2.451932631199250423e+01 4.427986908756778917e+01 3.670466558398734236e+01 4.810998299931817002e+01 6.821581826564109008e+01 7.984162981248962865e+01 7.149717830737540680e+01 7.790281617818462223e+01 6.955584322712734036e+01 5.572449773316535726e+01 7.595249882263706809e+01 9.191076079387008235e+01 1.035270062744163369e+02 1.024306649254513530e+02 8.980787130230102377e+01 6.947145815170618732e+01 8.980787130230102377e+01 1.001352944439623229e+02 1.118198188005656419e+02 1.132354974568592780e+02
2.449759355640360781e+01 3.863739616545126410e+01 4.478729014634083683e+01 4.451083577277069736e+01 2.950826543213445419e+01 2.011180723505371759e+01 1.724646080264264469e+01 1.759931938632089299e+01 1.796171888791298699e+01 1.832712727643267314e+01 2.455189871459434769e+01 4.255320067593086719e+01 2.108565868982834601e+01 2.039491982709248674e+01 4.058836103627017167e+01 2.311123542445211854e+01 2.287021488066465480e+01 3.692834679989881153e+01 5.261368085158640895e+01 5.660731163457178639e+01 6.494637617325022916e+01 7.656176928503882095e+01 8.787503788030289797e+01 7.952940838935872137e+01 8.787503788030289797e+01 8.429033058789080712e+01 7.004847685959471448e+01 6.339772182327293848e+01 7.507313212016681803e+01 9.520319538496516998e+01 1.127199641929287708e+02 9.817849314941325645e+01 7.857263259666956401e+01 8.386613830973661265e+01 1.041524836769495153e+02 1.099162831394350661e+02 9.288932138185641918e+01
3.507567100531292681e+01 1.529014892161698924e+01 3.361169933032665824e+01 3.549430415346416368e+01 3.227522250509785806e+01 1.677725472663642492e+01 3.088979553869389250e+01 3.596199908017064217e+01 3.757335197743846322e+01 3.691858244909436593e+01 1.884414918060585720e+01 3.630220775426921875e+01 1.987533318407948357e+01 2.935161692292454205e+01 2.090832588872125797e+01 2.127324857650019041e+01 2.317120366278201971e+01 4.748800426524692853e+01 6.517244729344703558e+01 6.747365271677274734e+01 7.580930462321694563e+01 8.181527684971615599e+01 7.346868721349981968e+01 5.936661883084979507e+01 7.779578967690426339e+01 8.787503789884947025e+01 9.020606871836250207e+01 7.768574821597893276e+01 7.421057875069180909e+01 8.428260031834929578e+01 1.044005198511166981e+02 9.889737035101612150e+01 9.297498707191678591e+01 1.041524836769495153e+02 1.124908479890900139e+02 1.008302677383712620e+02 8.118377961670525167e+01
1.480277626694842041e+01 1.665479305956544209e+01 1.574891722774689562e+01 1.605393633590837155e+01 1.634626063574982879e+01 3.342256744029180027e+01 2.348229411649282028e+01 4.188036252311258067e+01 5.005708941814388169e+01 3.160549348899852617e+01 1.908844506105269900e+01 1.934374899645574430e+01 2.669961665684405361e+01 3.861970028872232774e+01 4.077883078618514645e+01 4.119619485570209605e+01 2.182934771157194476e+01 4.174294497962083739e+01 5.329461869370516780e+01 4.742191158194514600e+01 6.747365271677274734e+01 7.021001753371540133e+01 5.338831294333532895e+01 4.941243775146134709e+01 5.936661883084979507e+01 7.362024238922067809e+01 9.379539708930785480e+01 9.781373119944808536e+01 9.434156008473297561e+01 1.026658377755365592e+02 1.127199641929287708e+02 1.190871626317180301e+02 1.131952683849894186e+02 1.175863235609913602e+02 1.115296259493578503e+02 9.240802331889744892e+01 7.208829023602278596e+01
3.206919098879310326e+01 2.492715192861471962e+01 3.623722339020071104e+01 3.625260387740079437e+01 1.948758570524868716e+01 3.760164704515510437e+01 2.835809352204185529e+01 4.714278276556058955e+01 5.725405285111023801e+01 4.374371236450331679e+01 2.298661445221282307e+01 4.051019523520772481e+01 4.312815649917227745e+01 4.207353362156526799e+01 4.645471103239390942e+01 2.810380596650767160e+01 2.222601131034029365e+01 4.206339698847049391e+01 3.343330955867024556e+01 5.329478277361804572e+01 5.188305965215384674e+01 5.574571167654217874e+01 4.201321367895042869e+01 6.187527772347373656e+01 6.354140851473201224e+01 8.370782014881245914e+01 9.816151212208282573e+01 8.986469885834009119e+01 8.726532599604881568e+01 9.432072410353666214e+01 1.026236675847051742e+02 1.141845456033676101e+02 1.116093715772477708e+02 9.720736040364344888e+01 1.031050362325167100e+02 8.277989277045217875e+01 7.103656465272756293e+01
3.570368024573495802e+01 3.639415424760323958e+01 4.984248588595553997e+01 4.513564390347681865e+01 2.448351648480300113e+01 4.453567836834924520e+01 4.716146793303825291e+01 3.571543477358348895e+01 5.505491951647540816e+01 4.442775002323327982e+01 4.443118807096701772e+01 2.855360609873833155e+01 4.944698309312863671e+01 6.160142664310960470e+01 5.498024359273462380e+01 4.022371808465283749e+01 4.199930028333463383e+01 2.278807175612789493e+01 4.260711383049186196e+01 4.663967807986124114e+01 3.226956824101464605e+01 3.604999760912446760e+01 5.574571167654217874e+01 7.021001766182985193e+01 8.370782014881245914e+01 9.205019869882464434e+01 8.655418250689707804e+01 6.972947903010216919e+01 6.708324339267008440e+01 7.436504472043509395e+01 8.586629347908638010e+01 1.058696911110687751e+02 1.014459738207038129e+02 8.286294168305404639e+01 1.014459738207038129e+02 8.873298946190143965e+01 6.839731188520030969e+01
3.457279976950356115e+01 5.091923249157230913e+01 5.993413231753888226e+01 5.287834763095426638e+01 3.153338603456744593e+01 5.287843566643969950e+01 6.131473332493278861e+01 4.152301856963949689e+01 6.131473332493278861e+01 6.579296120992876240e+01 5.420693884616039782e+01 3.267704221687958466e+01 4.792316390379843938e+01 6.937731473895816237e+01 6.854577056887396225e+01 5.525889668819355194e+01 3.536817283049449401e+01 4.256275027930757204e+01 2.335260915281522642e+01 2.702254685124576739e+01 4.664107041873285908e+01 5.574563166803340408e+01 6.405695047655892438e+01 7.379613223549162626e+01 8.172295221261953202e+01 9.246123526661666858e+01 7.234883990594474312e+01 5.747213484985551446e+01 7.823962427031462141e+01 9.432072410353666214e+01 1.026236675847051742e+02 9.129307939405244099e+01 8.287375061598666548e+01 7.272790420714301263e+01 9.301958110096691712e+01 9.715475935990495771e+01 8.541458059025251259e+01
5.265113704824782559e+01 6.058331135082116958e+01 6.964427365332849718e+01 6.200387620947272893e+01 4.369381514919459164e+01 6.200387620947272893e+01 6.892123788615110414e+01 5.031641774559845715e+01 6.892123788615110414e+01 7.539092388382225352e+01 5.876752716771309082e+01 3.712524118348411406e+01 4.964800440672856752e+01 7.117791191966554720e+01 7.534565986831341888e+01 5.525889668823208467e+01 5.525660223074721955e+01 5.112435690200756966e+01 4.184490654680546839e+01 2.392525170902514375e+01 4.377731248456686330e+01 5.051029992484148323e+01 5.963748798950826568e+01 5.461093460244507014e+01 7.065450988897055140e+01 8.350186555430059343e+01 7.334468005080420028e+01 5.213321342153820837e+01 7.334468005811636715e+01 8.899473429742099029e+01 9.723061044351823057e+01 7.692694456233361677e+01 6.257562444618480413e+01 7.520176755447273820e+01 8.361781433990589107e+01 8.874267856476041061e+01 8.199494091751567737e+01
