MOVIE_S4_data/elevation_000635.asc
nrows	100
cellsize	150.0
xllcorner	0
ncols	100
yllcorner	0
NODATA_value	-9999
[rows 17 to 33 of 100, columns 37 to 73 of 100]
5.033789310967532771e+01 6.390702919056143827e+01 7.223365051403663983e+01 7.097473949092554335e+01 5.098351391034065472e+01 5.829957281495865118e+01 4.936905850326056822e+01 3.041763090626947275e+01 4.950422607931120211e+01 5.670099291341717418e+01 4.378631199028045984e+01 6.380251782351870560e+01 6.838373830894904870e+01 8.889027379287885822e+01 8.841773356722316635e+01 6.827307923250762656e+01 8.130650872370111415e+01 9.784675918338224676e+01 1.094841934923205287e+02 9.818609439734709099e+01 7.769353426619166214e+01 9.581146141243365832e+01 8.743332879056778495e+01 7.378273529336317438e+01 9.423197884056563112e+01 1.112053010268094511e+02 1.202144060201386822e+02 1.190062062414223618e+02 1.272077255979295671e+02 1.282492012987583507e+02 1.237610753539902646e+02 1.153534027892840896e+02 1.023363695093143093e+02 1.023363695093143235e+02 1.224726546882498610e+02 1.242472367947434719e+02 1.041193998403129370e+02
6.192178354358139813e+01 7.875238113749473712e+01 9.116473873288138918e+01 7.097473949092554335e+01 7.097473949092554335e+01 5.467730676078060981e+01 3.651138052050319516e+01 3.078088667119105892e+01 4.066513255190633203e+01 3.717740964406783633e+01 5.670130396197374267e+01 7.222639096406946635e+01 8.889027379291150055e+01 8.270704990424160030e+01 7.436467077359378663e+01 6.112972205392168235e+01 6.937272504465100553e+01 8.097841752027083828e+01 1.011290310457192447e+02 1.065310851851352538e+02 8.956932742651834189e+01 1.065310851851352538e+02 1.025595488529830135e+02 8.403255254470862212e+01 8.253058503582781213e+01 9.172511456162226295e+01 1.061440046187749999e+02 1.261237875948828275e+02 1.223457593268264532e+02 1.080748456997963274e+02 1.153534027892840896e+02 9.539828861571156438e+01 8.846020772210869154e+01 1.082341508903183751e+02 1.189605489926468636e+02 1.274175397583736213e+02 1.209805604398615770e+02
8.203762305481915007e+01 9.036377589051792825e+01 8.879885377138474212e+01 8.047373934414693508e+01 7.449990958405018660e+01 5.443730531711027965e+01 5.443460386371313575e+01 4.989962540004735558e+01 3.129274997196739605e+01 4.210002146674199253e+01 5.599060588241847114e+01 7.606850849919329960e+01 7.675847250052989068e+01 6.841263827131159303e+01 5.417742500373793746e+01 6.844491047246076221e+01 8.834466784974691222e+01 9.784675918322419363e+01 9.874931464866025976e+01 1.069147241030949971e+02 1.099568169779896323e+02 1.182329670667195813e+02 1.123751418336714067e+02 9.831135326456418966e+01 9.438635891333940720e+01 1.112053010268094511e+02 1.202144060201386822e+02 1.282444474645313051e+02 1.080747080261773334e+02 9.407437277804567088e+01 1.024857378567461552e+02 1.012430062377991078e+02 8.173750586548592878e+01 1.012430062377991078e+02 9.892309827093920660e+01 1.157847327334060878e+02 1.085414268145304675e+02
9.893215941478548814e+01 9.468487257797879408e+01 7.458729522200279405e+01 6.032393019323827588e+01 6.772988107721494089e+01 5.651259541504438033e+01 3.682198970004707661e+01 5.066049026215187467e+01 3.165688871707987673e+01 5.085219167475130320e+01 5.624920991771035972e+01 5.953900664497262341e+01 6.302857427118158995e+01 4.826490587575293745e+01 6.841263827131159303e+01 8.270704990725423045e+01 8.582612157183920942e+01 9.353287948952970510e+01 7.943833122415873049e+01 9.393242102895536050e+01 1.024763804207731255e+02 1.187474723190751149e+02 1.177145648503816489e+02 1.176122630261959756e+02 1.146021449840499571e+02 1.228086546877852925e+02 1.214536392192877230e+02 1.192361563835784324e+02 1.165433614572059895e+02 9.664182361524962062e+01 8.291714447486772599e+01 9.414177732981002578e+01 7.682053797969180664e+01 9.620670769770499930e+01 8.763739368844909450e+01 1.068838137008579849e+02 1.001711592861850875e+02
9.644959535959984009e+01 8.746585947128983207e+01 7.914337034049756880e+01 6.772988107723236340e+01 4.758132468826180883e+01 4.076045179292047038e+01 5.258966233384145283e+01 3.302686544680580027e+01 3.202670970594023458e+01 4.462391858740833328e+01 3.672008661967881693e+01 3.975378999172082928e+01 4.309054944432265444e+01 6.302857427118158995e+01 7.675847250069237759e+01 8.058011797922918618e+01 6.398611101089690578e+01 7.523482511410944085e+01 6.831308977730503784e+01 7.305456987639770716e+01 9.404911539472168158e+01 9.830252349343170692e+01 9.590911916366700041e+01 1.101985802766128586e+02 1.220639931533939091e+02 1.214536392192877230e+02 1.012850053484524722e+02 9.908341829514060350e+01 1.133541023963388312e+02 1.107653621016759331e+02 9.414177732981002578e+01 7.472378205350835856e+01 7.210216814411252528e+01 9.150553052269937382e+01 7.935461246683041736e+01 8.978069608975590654e+01 8.442499678945372921e+01
7.963873126422100768e+01 6.804052805514449176e+01 5.899552041594968443e+01 5.181172135397234513e+01 4.516467188330882720e+01 6.060629065033659657e+01 6.102755060360060213e+01 5.260071900056897221e+01 5.124279152426561978e+01 3.255947191812543906e+01 5.182354808838967131e+01 5.953900019974348368e+01 4.311177911895411796e+01 6.953218435410397547e+01 6.530270796559091195e+01 6.796979487717776180e+01 5.193151946852098177e+01 5.513441500606062817e+01 5.842610264619969485e+01 7.858050761196328438e+01 8.803617077339947627e+01 8.383740136586973790e+01 8.118321042941057897e+01 9.299978601783128340e+01 1.136139772535151593e+02 1.192361563835784324e+02 9.908341829514060350e+01 8.497828946586453469e+01 9.555410268475621649e+01 1.038964229380327424e+02 1.023860697756485223e+02 8.705258044062637168e+01 6.750951410585356882e+01 8.569692022141708776e+01 8.220549534638779221e+01 6.969923771823121683e+01 6.419414993146662596e+01
9.559337867249628573e+01 8.554816288980383376e+01 7.100206842880382396e+01 5.078538520660485034e+01 6.528392690899694628e+01 7.361835175247688312e+01 7.400653080853892618e+01 6.128102840867038026e+01 4.330500745534220641e+01 3.294250181779035813e+01 4.052186470656145900e+01 5.983005108933728167e+01 6.837624264559285336e+01 6.156308976538840483e+01 4.501558388614052575e+01 4.766710262189909031e+01 5.685007584948344572e+01 7.525554525885118551e+01 7.858050761196328438e+01 6.381113720737292283e+01 6.780544661950116847e+01 7.215978767583277431e+01 9.248198690787877752e+01 9.793536826609854984e+01 1.185180917241312528e+02 1.171853382167753068e+02 9.705098657198777801e+01 8.554744049481372770e+01 7.561731096530076002e+01 8.850530815050012734e+01 9.565628740768809735e+01 8.483999676669886014e+01 6.411974452426684934e+01 7.649378558310176857e+01 8.093883965901810029e+01 6.317732448185482497e+01 8.311428008949255286e+01
8.138766213001404992e+01 6.718121787880026829e+01 5.705907584907318153e+01 7.100206842880382396e+01 7.933133442102602828e+01 7.400822699386206693e+01 5.353939281911434023e+01 5.729083123014571299e+01 5.262401704542634917e+01 3.333878113844847491e+01 3.358833469215279166e+01 5.363115839783664995e+01 5.800699669924891566e+01 4.149623748827730196e+01 6.156308976547821743e+01 6.799906464606361567e+01 6.798118899039479857e+01 7.110669464240687887e+01 9.107428021600432544e+01 7.802809264841526726e+01 8.206449982254598297e+01 8.649180073357538845e+01 8.649180073357538845e+01 1.069435756110218705e+02 1.269504394149698641e+02 1.255778633383199150e+02 1.090025377044085673e+02 8.895381554616973574e+01 7.747699294701737927e+01 6.884516912320830784e+01 8.270055347679536339e+01 6.927187483803172086e+01 6.077114440245283333e+01 6.146583626365501374e+01 6.216822261335026667e+01 7.732344939719530430e+01 8.787292111446278398e+01
8.542819218466155462e+01 6.533600159569469668e+01 7.134218906343208744e+01 8.554816288980383376e+01 8.630757181319468430e+01 7.163149142242262712e+01 5.119247201035008743e+01 3.710447346958337533e+01 3.390238948979695266e+01 5.239413464232116269e+01 5.342383881049732963e+01 3.651363875497041533e+01 3.832276596759410836e+01 5.800699669924891566e+01 6.992530037379161456e+01 8.478186459652569340e+01 8.805874206110614466e+01 9.107428020362277721e+01 9.918950433994380944e+01 9.835416136440636592e+01 1.024530597729793868e+02 1.069435756110218705e+02 1.069435756110218705e+02 1.153614135249579249e+02 1.265569560525814694e+02 1.237353501986321191e+02 1.173795997155675934e+02 1.057748219233162104e+02 9.682626268301466155e+01 8.288914853830497975e+01 6.358099361280329731e+01 5.981811653113002336e+01 8.001072189925116618e+01 8.351370570044208819e+01 6.867549482860887622e+01 8.911991581498649850e+01 9.076919000556767969e+01
7.481798793118930746e+01 8.542819218466155462e+01 9.142937539517437529e+01 8.630772628021803428e+01 6.615324941851186225e+01 6.984171912064265086e+01 5.385311418661580518e+01 3.447259367875333425e+01 5.325743820468156997e+01 6.146146386873208911e+01 6.419781470428748094e+01 5.028156684296965295e+01 5.800697935867453481e+01 4.204755293718606168e+01 5.624153301875519162e+01 7.027169918462472253e+01 7.456927871545187259e+01 7.905515178500918694e+01 8.391239461817229994e+01 8.996172821173394141e+01 9.667435873826102011e+01 1.050536745106225851e+02 1.151685078695459055e+02 1.198549014462847566e+02 1.045560132958777757e+02 1.015493259936640271e+02 1.169571893495561739e+02 1.045964837643233381e+02 9.305160658707009702e+01 8.459428991608147896e+01 7.844602056041590288e+01 5.916061598207789274e+01 7.350611174383810464e+01 9.349525531908375342e+01 7.580382581873337244e+01 9.683787671502467731e+01 1.086457850671019258e+02
9.489043400914334825e+01 9.600657205856538212e+01 8.458575448838598732e+01 7.551229062856505436e+01 6.910288951517514988e+01 4.961443297407262065e+01 4.910632476743698049e+01 3.487881794035505578e+01 5.272307134460275790e+01 5.765136279666302244e+01 7.028315292900582278e+01 7.038249471044979089e+01 7.051135119116966621e+01 5.361639766955701702e+01 4.640992692462162239e+01 5.000740189801465618e+01 5.441184395496556192e+01 5.899371754107746568e+01 6.388546936776649687e+01 6.989835845019774752e+01 7.653646715867991190e+01 8.655943883487951496e+01 1.067892786416424968e+02 1.109999402368193131e+02 8.803414123564878935e+01 8.490272518618095887e+01 1.056242248609443237e+02 9.617558572316600873e+01 7.631742553695006848e+01 6.592838116963532968e+01 5.823547573275947542e+01 6.873951874909015203e+01 7.389611395901219737e+01 9.361674711714283603e+01 9.048417055527202990e+01 9.048417055527202990e+01 1.122526597846683813e+02
9.877851478831613008e+01 7.871815930910102566e+01 6.716531117842774279e+01 5.675413338431283705e+01 6.075461892867991054e+01 4.080619039680230031e+01 3.821877452016028087e+01 5.427598339442403130e+01 3.546462442157056927e+01 4.472233969391805175e+01 5.571706002701277782e+01 7.891259177424798565e+01 8.216770234621688473e+01 7.381848905541799866e+01 5.413447640742690226e+01 7.027169918462472253e+01 6.091383703724596899e+01 7.905515178500918694e+01 8.391239461817229994e+01 8.021505654497097737e+01 9.667435873826102011e+01 1.050536745106225851e+02 1.151685078695459055e+02 1.097780016993705772e+02 8.673668900181681352e+01 7.353282094420549697e+01 8.780372961283340771e+01 9.180504156968405027e+01 8.329423626895197685e+01 7.689397043685860922e+01 5.758324398361169472e+01 7.780195611820596469e+01 9.311736467943626394e+01 1.019335463236804600e+02 1.122526597846683813e+02 1.122526597846683813e+02 1.212436213018859235e+02
9.422701945609757956e+01 7.871815930910102566e+01 5.864272731946338268e+01 4.843034509844724766e+01 4.507555108921216913e+01 6.075461239950183767e+01 4.450855087331656534e+01 5.884054370218201768e+01 5.305726784887880143e+01 3.604896307343895501e+01 5.667135848050313029e+01 7.636474944856719560e+01 8.544846372295123160e+01 8.266269714473416741e+01 6.427319493546129081e+01 8.266269714473416741e+01 7.512379569220928488e+01 7.512379566687971533e+01 9.524656114521599193e+01 1.003636624504836732e+02 1.087373810013036035e+02 1.105649374293625158e+02 1.189639479744250110e+02 1.186546971034462814e+02 1.040005824173193218e+02 8.109477351345458374e+01 6.620929682887074819e+01 7.940861141145671809e+01 7.282481567879698048e+01 5.666044842841660056e+01 7.205810477429328387e+01 7.042221522138235912e+01 8.453165650027193578e+01 1.046108895361185631e+02 1.162029064020386784e+02 1.077720142715185005e+02 1.162029064020386784e+02
7.419288467779669816e+01 7.415850933232184161e+01 5.403081142821230287e+01 6.868044331428224325e+01 6.527030302121666239e+01 5.521708695044033277e+01 6.451281546895108931e+01 6.541896053004226985e+01 5.085644261665891008e+01 3.645957046944192825e+01 5.660709237107422354e+01 5.429747819319269553e+01 7.636488195677831925e+01 9.272024986881407926e+01 8.436312244542814653e+01 9.272024986881407926e+01 9.524657757219318910e+01 9.524654221173446444e+01 1.036137501039198980e+02 1.087489692814994413e+02 1.065317885218465932e+02 9.033772206634444046e+01 1.072773401850186872e+02 1.011492250793244523e+02 9.286182584021922537e+01 8.975386027179328607e+01 7.933879019169671665e+01 6.117409190761797788e+01 7.625315038336680118e+01 5.600428643199362710e+01 7.621954628884238048e+01 9.029256395400801694e+01 9.878826796564206347e+01 1.111523062497273031e+02 1.027572545928315435e+02 8.762018693465952879e+01 1.030897468672409900e+02
6.713813119056733569e+01 6.004528541300685873e+01 7.415850933232184161e+01 8.246816108519951172e+01 6.801913360981230028e+01 7.542854009709542140e+01 7.002503365065547314e+01 5.137733479396212743e+01 4.058163453101632712e+01 3.686577450097105668e+01 4.067232478881543045e+01 5.459668030126098159e+01 7.789833265452678290e+01 8.928510433705655203e+01 9.715357051185237935e+01 1.020656846395311845e+02 1.032090449965907908e+02 1.110939948378823487e+02 1.087489692814994413e+02 8.854409182671135170e+01 8.633677274744958652e+01 7.874050256887842636e+01 9.825319977648145198e+01 9.286182584021922537e+01 7.362233536541869228e+01 7.637573082264019320e+01 5.678921181322804301e+01 6.121595277317230455e+01 7.436497375775475405e+01 5.534368086134465159e+01 7.561528716843487530e+01 8.043655655581744668e+01 8.875838350401807020e+01 9.954739092513578669e+01 8.272621170385974665e+01 7.771044586282037869e+01 8.299165055847063854e+01
7.159957538605129912e+01 7.159957538605243599e+01 8.837605537515393905e+01 9.651023831973279243e+01 7.966822694558884166e+01 8.667954232475653953e+01 6.768026453242441676e+01 5.705201924893966492e+01 3.743005343087581593e+01 5.388092460166519260e+01 5.925652160871725727e+01 6.821925198588907335e+01 7.342023898026431539e+01 7.025799683148014196e+01 8.308252281540508477e+01 8.308252281540508477e+01 8.423248722477251249e+01 1.032090449965907908e+02 1.039031433300891081e+02 8.372234835991982038e+01 7.216095262813576028e+01 6.980595139115217762e+01 8.987707380525618817e+01 9.419851341285428248e+01 7.921219003972156258e+01 6.048736210372040745e+01 5.316138152631501157e+01 5.380576940092277027e+01 5.444615601470287203e+01 5.918401016087251065e+01 5.818119136995731111e+01 6.020175844819023325e+01 8.043655744300147603e+01 8.553651139484203725e+01 7.124114436900512715e+01 9.119232658877437814e+01 1.030897468672409900e+02
8.312764428156060603e+01 9.161892213183216427e+01 9.995011450363632832e+01 1.081295074163222267e+02 9.980337003364599013e+01 8.791034180481737792e+01 7.309347103103637266e+01 4.270250713124219999e+01 3.782333262461783363e+01 3.912876157168653890e+01 4.287833933965634259e+01 6.295273416925096654e+01 5.456480205553614837e+01 5.898896077059925602e+01 6.396548590670005296e+01 7.081732414280828891e+01 8.423248718734534179e+01 1.032090206921178748e+02 1.122972667979488364e+02 9.701176678834973188e+01 7.688622600124044482e+01 6.274343694513914471e+01 7.659717728828219663e+01 7.997865150465976569e+01 6.575597608373976755e+01 5.225535573716884130e+01 7.248117513290826253e+01 7.649820091345367246e+01 6.458472971142680308e+01 8.065347160558106054e+01 7.252686710542042192e+01 8.043655744261049279e+01 6.320997869164177274e+01 6.545353914348784485e+01 8.553651154820758507e+01 9.758178196997467069e+01 1.108567458223288327e+02
