MOVIE_S4_data/elevation_000988.asc
nrows	100
cellsize	150.0
xllcorner	0
ncols	100
yllcorner	0
NODATA_value	-9999
[rows 0 to 16 of 100, columns 0 to 36 of 100]
2.082717056534231503e-01 1.020827170565351061e+01 2.435040732938471209e+01 4.435040732938541908e+01 4.626661253514157579e+01 4.869564658975697569e+01 4.274399814451385993e+01 4.439140286309347516e+01 4.883560551544500328e+01 5.559586328520314424e+01 6.053023417414702578e+01 6.585767953786272244e+01 7.234291300233624611e+01 8.047029379434417251e+01 9.169298950797364967e+01 9.268130545189600866e+01 8.403365908785315241e+01 8.756178562775477303e+01 7.933477318892907704e+01 8.192117969434653446e+01 9.015815768055433921e+01 9.219181300369147891e+01 8.990854608184808683e+01 8.162735764196546029e+01 8.010052552484928867e+01 8.837283465579083952e+01 9.828421163295659824e+01 9.816150705416394828e+01 8.983165679568217854e+01 9.397663751288112621e+01 8.564648491887821535e+01 9.397663751288112621e+01 9.424689710427036005e+01 8.835544776272669765e+01 9.011252827483018280e+01 9.011252827483018280e+01 9.844060082881652818e+01
2.038130619680232347e-01 2.020381306196766857e+01 3.849254295311440188e+01 4.040869920146079863e+01 2.626652465802196446e+01 3.364424222084926441e+01 2.060805385801017309e+01 2.494379582153650432e+01 2.945516716039215055e+01 4.469506288260400595e+01 4.318172479120670459e+01 4.818854216321076223e+01 5.399990274486830089e+01 6.420310067116645314e+01 8.346210337678640201e+01 8.403365908785315241e+01 6.349299514669219491e+01 6.950921632498429403e+01 6.001416112624231403e+01 6.253542304655944406e+01 8.192117969434653446e+01 7.247452550533640192e+01 7.247452550533640192e+01 6.214505470575507928e+01 6.065796406977186450e+01 7.025060414715566992e+01 8.995044690254292163e+01 8.983165679568217854e+01 6.968500284462406569e+01 7.558582116867026457e+01 6.548948010380266282e+01 8.390490642253713816e+01 7.410725464208397284e+01 6.820545981220273291e+01 6.996664218284922754e+01 6.996664218284922754e+01 9.011252827483018280e+01
1.945267862640465417e-01 2.019452678626369035e+01 3.669471105898579566e+01 2.841047532362240702e+01 1.212438893091398207e+01 1.484604420067304531e+01 1.901581454938815341e+01 2.337529455903101905e+01 4.298314909214762736e+01 3.632574907309474810e+01 5.577492386781280942e+01 6.585767953786272244e+01 7.234291300233624611e+01 8.047029379434417251e+01 8.814115861317984013e+01 7.990775154509954348e+01 6.950921632498429403e+01 5.122055284626033256e+01 4.894270348653682845e+01 6.821337971026403579e+01 7.619339116311962812e+01 6.801688838275725857e+01 5.316350495601174231e+01 5.110436575355031152e+01 7.037924479731057659e+01 8.837283465579083952e+01 9.828421163295659824e+01 8.562832945790303540e+01 7.558582116867026457e+01 5.540117679094053216e+01 5.538410255004183114e+01 6.391481398239356082e+01 6.175597344166547487e+01 5.391336238066871545e+01 5.567919028347348842e+01 7.453543286113992394e+01 7.992717564118937901e+01
1.884163169627051937e-01 2.018841631696234984e+01 2.484699795214151408e+01 8.410482167372975937e+00 2.841045457194633528e+01 2.379031611064739238e+01 3.870220291127466794e+01 4.298314909214762736e+01 2.998553274022984638e+01 3.523336262342745329e+01 5.468805544050790957e+01 7.084366984847588355e+01 7.908635166336451050e+01 9.055203141697715807e+01 7.990775154509954348e+01 6.048972698780998059e+01 6.617713467112088210e+01 6.171924393239557105e+01 4.246855594881395035e+01 6.171924393239557105e+01 6.497462617078960534e+01 4.871314138771214175e+01 4.354804549860834584e+01 5.464438358072582957e+01 6.823387832274434572e+01 8.787206397532800395e+01 9.323513648711261226e+01 7.729069982096767433e+01 5.711772248009368980e+01 4.776966462149315618e+01 6.391481398239356082e+01 4.373455207992550697e+01 4.158461829925178677e+01 4.487968699967928643e+01 4.927844057089609464e+01 5.433730469302491173e+01 5.975312144066953124e+01
1.898839224935668091e-01 2.385169122287369436e+00 4.846998941874013589e+00 2.484699795214151408e+01 3.669435137065279662e+01 4.379029159022930173e+01 4.012024448368292440e+01 5.764079976161460905e+01 4.376381656194622849e+01 4.894712735520350577e+01 4.389647309668135478e+01 5.119877158183028598e+01 6.246696646646608286e+01 8.228645946826824797e+01 7.990775143495784505e+01 6.048972698779230228e+01 4.689315927701809983e+01 5.653514696403574646e+01 3.794738068123836428e+01 5.730283322112898503e+01 5.209909800089553755e+01 3.748479424857398357e+01 4.621550174577126313e+01 5.729625921965485702e+01 7.669005932818808446e+01 8.780704870428982645e+01 7.312339507181995657e+01 7.312339507181995657e+01 6.081953279501159670e+01 4.067345805070392117e+01 5.320501019308170498e+01 3.707464019276379474e+01 5.718806103953995290e+01 5.654494999815053546e+01 6.948590081911051186e+01 6.578661395678531676e+01 7.992717564105915073e+01
1.812560074098455432e-01 2.018125600740900083e+01 9.453228909735750918e+00 2.920612154083960377e+01 4.384098281319963064e+01 5.210079091852288968e+01 6.012005242162513241e+01 6.840187268839726187e+01 6.330938506749287598e+01 6.854788188465852272e+01 5.763808686546518345e+01 7.084366984847588355e+01 7.697035601712872221e+01 6.878056770076925375e+01 7.697142781641464637e+01 6.767516932909377658e+01 4.838000652018282466e+01 3.710412142964786142e+01 3.354142428078566240e+01 4.760264483291174287e+01 3.249951303729081076e+01 4.642948594550220776e+01 5.687186476778036592e+01 7.365023881671419304e+01 8.493283127149419443e+01 7.949119931453087418e+01 5.935310660036612518e+01 5.297363586219968568e+01 6.916623106640587082e+01 5.320500603333088208e+01 3.317745181386259645e+01 5.320501019308170498e+01 6.553756231046178016e+01 7.673027334430273072e+01 8.506611795927578612e+01 8.594583976851829732e+01 9.427597891985058709e+01
1.855941142937577448e-01 2.018559411429311368e+01 2.920612154083868361e+01 1.726896969213237654e+01 2.426361337280589581e+01 3.402088716572036731e+01 4.781911424881711525e+01 6.778106388883468014e+01 7.502702277771348349e+01 7.771445688289939824e+01 7.737402423758280179e+01 7.376514717946214716e+01 6.570634946014389755e+01 5.044280318142563857e+01 6.759063768011236562e+01 7.582344036441833168e+01 6.010705629695709717e+01 4.071955108563612669e+01 2.910172335527790111e+01 2.768553602389469859e+01 4.760264483291174287e+01 6.018925994693086778e+01 7.394900257884513906e+01 8.453636539851183329e+01 8.321764646080842454e+01 7.454641335192667384e+01 6.304851546700981402e+01 4.293232612683996763e+01 5.356585142266254707e+01 5.066687434304891013e+01 3.084147818012306885e+01 5.079397413283834339e+01 6.055098495575918349e+01 6.851192614569343675e+01 6.871812583405603903e+01 9.069710946882365477e+01 9.902552600330025712e+01
1.797113411273130179e-01 1.432184696470288898e+01 3.432184635429540975e+01 3.690994644181134277e+01 3.329927236114144762e+01 5.210079091852288968e+01 6.198901862371891980e+01 6.896577111216964795e+01 5.458140963161993398e+01 5.730157404081312222e+01 7.166270781371632381e+01 6.570634946014389755e+01 4.794239422171139609e+01 4.255050665374875507e+01 5.960297268841399898e+01 7.086343791533970204e+01 6.821275339855844777e+01 5.698870055454339933e+01 4.449211502426280163e+01 2.430796555312253204e+01 4.449211502426285847e+01 4.978115841291312904e+01 6.925889872427723049e+01 8.160522663396740484e+01 7.128361590441163287e+01 5.398536102285332561e+01 6.932827544011411192e+01 5.350709160021602173e+01 3.358172699827639462e+01 4.478209958208712038e+01 2.857432867669944798e+01 3.396877655947982078e+01 3.994113677239359106e+01 4.711004889830221032e+01 6.284346332752021880e+01 8.656022570527480298e+01 7.994841136632922485e+01
1.682297228869525374e-01 2.016822972288659699e+01 3.601716232251257566e+01 4.496154397034432293e+01 5.297560372828500164e+01 6.128034657941778818e+01 6.600224140400841577e+01 5.761154654051675550e+01 4.017239006166174420e+01 4.286900760359540641e+01 6.328036900169369261e+01 6.626108177126853604e+01 5.314533625035399922e+01 3.725343667263437197e+01 4.609630344254035350e+01 6.232451053935715635e+01 5.948087832137867537e+01 5.134896669519339696e+01 4.228984391446233815e+01 2.194082626198067132e+01 2.996100326690584481e+01 4.408855496759469617e+01 6.352431885581273008e+01 7.293966563440802986e+01 5.241130287542036115e+01 4.235573386594635537e+01 5.345341520735278351e+01 4.202750177385057384e+01 4.537633533783250073e+01 2.565717116721377167e+01 4.541594845525639101e+01 5.427271984931519455e+01 6.055098495575918349e+01 6.851192614569343675e+01 7.775832827673697523e+01 8.287260003713942069e+01 6.632897982226658939e+01
1.736477300190079065e-01 7.732937190203585054e+00 1.667720910020290148e+01 3.081934472541095715e+01 5.081934852221237975e+01 5.717216568739589633e+01 5.422687125493563798e+01 3.715859300637948337e+01 3.008624181981895873e+01 5.037109056912781568e+01 6.516247570783187371e+01 5.839570100452180412e+01 4.166738750497341925e+01 3.339665749127595973e+01 3.577761414032826792e+01 5.765532763920428749e+01 5.134896656734496645e+01 3.146048075332615568e+01 3.728568111073597890e+01 1.971619281525865830e+01 4.017974921459381221e+01 4.978115841291312904e+01 6.925889872427723049e+01 8.160522663396740484e+01 7.128361590441163287e+01 5.358821562380222758e+01 3.349291462910671413e+01 2.810445597239199600e+01 4.065908268058148423e+01 2.376532897574873715e+01 4.353782223961616182e+01 5.606583863904995724e+01 6.318521917057532278e+01 7.151433818772370898e+01 8.158342328155845280e+01 7.472971174679025808e+01 5.486025008056704877e+01
1.635824339929259352e-01 1.430571805772400218e+01 3.430571805809161390e+01 4.496150624843588872e+01 5.127673280909544928e+01 3.701533807476113225e+01 4.509776569710441407e+01 2.533022930624668945e+01 2.389271365067126851e+01 3.770393976869848274e+01 5.494696720833490389e+01 4.809714784901628803e+01 4.635432216453828858e+01 3.625314246822699005e+01 2.778608882747957409e+01 4.924481077324679035e+01 5.134896221731818855e+01 3.146048075101277064e+01 1.672988733384228155e+01 3.728568316649437975e+01 3.291140539663192044e+01 4.698878961158313672e+01 6.652145312755122575e+01 6.577476327757001684e+01 5.863434609764514249e+01 5.031391073745766107e+01 4.686966259674509416e+01 3.858451967269198946e+01 2.129585818981052370e+01 4.072381017112941493e+01 3.037703845580279705e+01 3.602172137784064176e+01 4.304857016258393543e+01 5.310374988077871450e+01 7.326668846037189553e+01 8.287260003713942069e+01 6.423598571720137329e+01
1.578132703760624089e-01 9.525478589676477981e+00 2.150945181222215652e+01 4.075139474261973049e+01 4.291913612224751517e+01 2.277177128740695622e+01 3.057836059566385245e+01 1.592025362600562310e+01 3.061228559436834473e+01 5.056890172255135951e+01 4.233371322625962563e+01 2.600853956692668945e+01 3.786385850647875628e+01 3.043251703084444415e+01 2.339740212180817025e+01 4.724911629622587128e+01 5.020542799386833366e+01 3.531674408855773351e+01 1.475008511675510903e+01 3.531674409667088099e+01 5.270977429868383268e+01 6.075932583620752325e+01 5.990770331975324581e+01 4.562254982150670202e+01 5.031391073745766107e+01 3.046826059618238958e+01 3.628091694550618485e+01 1.898308704368162125e+01 3.858451953353247177e+01 4.903758401323005955e+01 5.027960039079351162e+01 4.659004849222200306e+01 5.606583863996146277e+01 7.151433818772370898e+01 8.158342328155845280e+01 8.125710760294074930e+01 5.984357886955108796e+01
1.543728846943814847e-01 2.015437288337761146e+01 3.742485673261358414e+01 4.868508892097184315e+01 4.559358785703967243e+01 3.057804253005113893e+01 9.526639912987715064e+00 2.817564654790081846e+01 3.512495531734781196e+01 3.155685219047095202e+01 2.987366216407424346e+01 1.861636939058901064e+01 3.041671922807968542e+01 1.697401299668017671e+01 3.482847165206650430e+01 4.910226762177421733e+01 2.879523542033243189e+01 3.067428240398829686e+01 1.281588993315501668e+01 2.751729952242692434e+01 4.780809750287885151e+01 5.571588693116687097e+01 5.151439718166981407e+01 3.160560073797197234e+01 3.892199840032859726e+01 3.410762769141198447e+01 1.667262059481054948e+01 2.228784759625117218e+01 4.195968817796560302e+01 5.967184792309387831e+01 6.865417165046021353e+01 6.669622371895376034e+01 7.501922877108421517e+01 8.451326545659945566e+01 9.404713741468636101e+01 7.498508063931382139e+01 6.021378508077427938e+01
1.561752203313827581e-01 1.814225642588822396e+01 2.764052826745455249e+01 2.800542162723930772e+01 1.787718655336397333e+01 2.447832842705083323e+01 5.696722174482227175e+00 1.539300664159866550e+01 2.207995744868066268e+01 1.121488636164802344e+01 1.612276119581103018e+01 2.574851829813852433e+01 1.085507466847669811e+01 2.916774472194429890e+01 3.321792467052769382e+01 3.629982125286477412e+01 3.046640522044691224e+01 1.014469127073480159e+01 3.066360487420676861e+01 4.013488370100682090e+01 5.053578897890687216e+01 3.570921554147613364e+01 3.940117256348358410e+01 3.888919799335243965e+01 1.924615181991002899e+01 1.446348888077267958e+01 2.830650698887421157e+01 4.195968817865779243e+01 3.144042714842284880e+01 4.024959188562253587e+01 5.441192189134709167e+01 7.456227436133396225e+01 7.440179001778541590e+01 7.440179007534362654e+01 8.295346275498995681e+01 8.657929874678374915e+01 7.339764970210444517e+01
1.531247021631862160e-01 4.614013293337640431e-01 7.697149679006026757e-01 1.078140053483041427e+00 1.386679214082899625e+00 1.695861397502848256e+00 2.005375392394793010e+00 2.316778231768287011e+00 2.630833710719905127e+00 1.367918121543354992e+01 1.905748474195681652e+01 2.170457793001491709e+01 7.267365447642276877e+00 8.887619469062002509e+00 1.483133557647386169e+01 2.293717775344083165e+01 2.555296509040402597e+01 8.322399820068037357e+00 2.288353128351307220e+01 4.258535852958846135e+01 4.275755445915586250e+01 2.572867451469247868e+01 1.768653738244058715e+01 2.954019663444004706e+01 1.226041494730445969e+01 2.107006222765803116e+01 4.074710653670759797e+01 5.642464498786235794e+01 5.134082633034899601e+01 5.967185476635000896e+01 6.865417165046021353e+01 6.853023954116248717e+01 5.410701970485492751e+01 5.410701970486066870e+01 7.440179007814555234e+01 7.448559223811903962e+01 6.346002748026177187e+01
1.422398637851068903e-01 6.516348667318115240e+00 9.353328700770608961e+00 1.179800439292148084e+01 3.523344010555359951e+00 4.085963755192915769e+00 8.628389427844393111e+00 1.340791082795487377e+01 3.174023057451933472e+00 3.085718439939459934e+00 3.417504138514515510e+00 3.760044010158019923e+00 4.110863358670282963e+00 1.044116509418637939e+01 1.651082275784174769e+01 5.443125709570595383e+00 5.775467294069528634e+00 2.538285413733244056e+01 2.923411317037119517e+01 3.008630159038680318e+01 2.791438089051386484e+01 1.855236386472022758e+01 1.001839544675214988e+01 1.016815637668880434e+01 2.989072260141019299e+01 4.019390563498007651e+01 3.709576033023725472e+01 5.697988716534235465e+01 6.122723898889340433e+01 6.967165108480985225e+01 5.988065009047688392e+01 5.146478737189140418e+01 3.993007023881389728e+01 5.412073842024508963e+01 7.460091637430097933e+01 6.557902890688572484e+01 4.429864768333725777e+01
1.377665891220937744e-01 1.913859070109056759e+01 1.192660322935906159e+01 2.376869407322388028e+01 1.022332918865738627e+01 1.408419828742344748e+01 2.272879109326856906e+01 2.433002444867529235e+01 7.039396286012322257e+00 2.516806820440968906e+01 2.600541091939609117e+01 2.428116143348543687e+01 1.589446430184750980e+01 4.611899594766343036e+00 4.962005816013073556e+00 1.310672881381393040e+01 1.753347435624014494e+01 6.241663031639399506e+00 1.742799208639443265e+01 1.829051084360924051e+01 7.484476900695897328e+00 7.808774822897627921e+00 8.133510664512757060e+00 2.040751711567827442e+01 3.198750890734508090e+01 4.644620474215517447e+01 5.697988716534235465e+01 5.800780747601523757e+01 4.115040414304838379e+01 5.277980063816821854e+01 4.441473636651556234e+01 3.153457765385874367e+01 5.146478737189140418e+01 6.847872098607463442e+01 7.565663386937991675e+01 7.414895831055973474e+01 6.362125718317915357e+01
