MOVIE_S4_data/elevation_000098.asc
nrows	100
cellsize	150.0
xllcorner	0
ncols	100
yllcorner	0
NODATA_value	-9999
[rows 17 to 33 of 100, columns 0 to 36 of 100]
1.372224685174658065e-01 2.013722246851710906e+01 3.087158726131969644e+01 3.714702533079159963e+01 4.534230650109061145e+01 5.454811433248286079e+01 7.066800189698169277e+01 7.182416031457330519e+01 5.669064422742917486e+01 3.663986113569075087e+01 3.524356112715383205e+01 4.001239207644237439e+01 4.545419115024407830e+01 5.190378458329725220e+01 6.094697003891518250e+01 7.506104723118397715e+01 9.495092615859357466e+01 8.440717849025728015e+01 7.613347697353911769e+01 8.440717849025728015e+01 8.908604283949466662e+01 8.081308859799177924e+01 8.268390619233616690e+01 9.095678656876982870e+01 8.227850996890515489e+01 6.134562705138085903e+01 5.693004462120160269e+01 7.601423802953875963e+01 6.639218773807354523e+01 4.621230593670175324e+01 4.573606174097788113e+01 5.217988952326629004e+01 5.932780997312406157e+01 7.091077318570428645e+01 9.090553713985993056e+01 1.002274607767814132e+02 9.130968547487341880e+01
1.353332760910071209e-01 1.427746890374394084e+01 3.427747337710265896e+01 3.795764486163779594e+01 4.620277877850917037e+01 5.490953830682288128e+01 6.602256439000437638e+01 7.178612109515304951e+01 5.266752103274099284e+01 5.085983013717790158e+01 4.957702784150987441e+01 5.435934572404408271e+01 5.977034221782225387e+01 7.196935839409876223e+01 8.021987420312157724e+01 8.913311625303747121e+01 8.732694358966612924e+01 7.440457857225057126e+01 5.611555356418315910e+01 7.440457857225057126e+01 7.754285042467712685e+01 6.081111142042640694e+01 6.268767948092771292e+01 7.941597192673363281e+01 8.227850997406180511e+01 6.134562705138095140e+01 4.666043122701726276e+01 5.931190375233663303e+01 5.656360337757423906e+01 4.050081772239692413e+01 6.079529554056214380e+01 7.227843899384482995e+01 7.936144181802642095e+01 8.765891039544298735e+01 9.118199141945193276e+01 8.089452785315712902e+01 8.290279052555273154e+01
1.303432743768621893e-01 2.013034327437650717e+01 2.826271992333423455e+01 1.767945589104064297e+01 2.553456768454391579e+01 3.617353414785602439e+01 5.207356513859375013e+01 7.516434478807654784e+01 7.178612109515304951e+01 7.076747468378988515e+01 6.968765411118509689e+01 7.441476077558502311e+01 7.975620812297674433e+01 7.344999432814094575e+01 6.516145648149924341e+01 7.344999432814094575e+01 7.788381539317767022e+01 5.903551239724492916e+01 4.607378725937827824e+01 6.612451526886111708e+01 6.858774753377191757e+01 4.922432860825808376e+01 5.110488442210994009e+01 7.046321997106966251e+01 8.201730998606409173e+01 7.601423802927561724e+01 5.931190375233663303e+01 3.954788759514919860e+01 3.615318234255642693e+01 5.656360337757423906e+01 6.680345734036927752e+01 7.510673984671261394e+01 8.513635544051754778e+01 9.118199141945193276e+01 7.173623381936502597e+01 6.706722279740645831e+01 8.336043508205426633e+01
1.234970534698958955e-01 4.123554688782325783e+00 8.206565942942747327e+00 1.822678616753495007e+01 2.981932560217413908e+01 4.401334108408668300e+01 6.404900035477473352e+01 7.337017814162746276e+01 6.508658744275081176e+01 7.337017814162746276e+01 7.217842810691544742e+01 6.389551401340251147e+01 7.217842810691544742e+01 6.340062685247556118e+01 4.502609077342683008e+01 6.340062685247556118e+01 6.960384284507057373e+01 4.956825378826233930e+01 3.897607942232298939e+01 5.903551239724492916e+01 6.030250705780105847e+01 4.024455472984038806e+01 4.212519402598712759e+01 5.371568500786072065e+01 7.374132174829448161e+01 8.100068434889900004e+01 6.787177967738681161e+01 5.364782829557777433e+01 3.316189674502253837e+01 3.975119744665585131e+01 4.661711558401979261e+01 5.676831864422462104e+01 7.683859603651390557e+01 8.655705913800974827e+01 6.706722279932458264e+01 5.559213237388184581e+01 6.689917645854430361e+01
1.256355554530943219e-01 2.012563555545273886e+01 2.826272384967531082e+01 1.822678616753495007e+01 2.720562818738515887e+01 3.880127500410915786e+01 5.884586134816070313e+01 6.335185901078282456e+01 4.503409256758283874e+01 6.335185901078282456e+01 6.217087745563630818e+01 4.387280039256594932e+01 6.217087745563630818e+01 5.509377362746305806e+01 3.485551428188084344e+01 5.509377362746305806e+01 6.837974687029812060e+01 5.324485288331371180e+01 3.318929207280625349e+01 5.324485288331371180e+01 5.321095000389234286e+01 3.315534996163894021e+01 5.321095000389234286e+01 6.470339706309675876e+01 7.471791554609286834e+01 7.269670108807042652e+01 5.252336978116529309e+01 5.132824577595280857e+01 3.081104438086930486e+01 5.132825279032884680e+01 6.680345734036927752e+01 7.510673984671348080e+01 8.513635544051754778e+01 9.460108881130724967e+01 7.824657135302962274e+01 5.859230686223335738e+01 4.706506620723369849e+01
1.208450475705237920e-01 2.012084504757016745e+01 3.310852310227738826e+01 3.829866153181560406e+01 4.659900246559089254e+01 5.556795896948811730e+01 6.713525984130055235e+01 5.506034000516677906e+01 3.501601094454033358e+01 5.506034000516677906e+01 5.388415720298423395e+01 3.385499216869492045e+01 5.388415720298423395e+01 4.834768717893561529e+01 2.804933134331212230e+01 4.834768717893561529e+01 6.009411975982353482e+01 4.004319311992625074e+01 2.846934174487731539e+01 4.851771186677736836e+01 4.356936192349609627e+01 2.878556586961509112e+01 3.635875973640070669e+01 4.639257982751462350e+01 6.643743803973704587e+01 6.630171013646281608e+01 4.602511700173633358e+01 3.582492536444866005e+01 2.854261639385262939e+01 4.904857993626468016e+01 6.580060189858419051e+01 7.410949313983552145e+01 8.569897797951466600e+01 9.636272262952859080e+01 8.629946346584699768e+01 7.498806414880718307e+01 6.028780031543682583e+01
1.160239911856559974e-01 6.440579311534263773e+00 1.310724597884125231e+01 2.205151824384256187e+01 3.359857343202192226e+01 5.361290752201108489e+01 6.237333887255876164e+01 4.234345160837087008e+01 2.836143274815231763e+01 4.837889698495800417e+01 4.720776885822110813e+01 2.713152324794257098e+01 4.720776885822110813e+01 4.248805657603358554e+01 2.217600847664056474e+01 4.248805657603358554e+01 5.851240555017720624e+01 3.846583237436779967e+01 2.429540827755438315e+01 3.877870662133351942e+01 2.352861296238139843e+01 3.509526723926250469e+01 5.514519053623365608e+01 6.470339706309675876e+01 7.471791554609286834e+01 6.040686006527050722e+01 4.006801545948935939e+01 2.557509546443155912e+01 4.602512512247395904e+01 3.828295686974668399e+01 4.557392240964630048e+01 5.731065374057910589e+01 7.739808675923194414e+01 7.628435531597141050e+01 7.628435531597141050e+01 7.993445603608012107e+01 6.028780031543676898e+01
1.085988230417786332e-01 2.010859882304142232e+01 3.310852310227738826e+01 4.140506240244408076e+01 5.036726185134122602e+01 6.191816480486165375e+01 5.650927917387240740e+01 3.647612039918156768e+01 2.234712232389696851e+01 4.234346359264979753e+01 4.141225595451549424e+01 2.125926693729802963e+01 3.379514208106387230e+01 3.724350830827938097e+01 1.693331942547283830e+01 3.366289495243308494e+01 4.138317986246222091e+01 4.358790499658581297e+01 3.529114752206979233e+01 1.874420489210914553e+01 3.290773476009568554e+01 5.186492100994144749e+01 6.343427074400763388e+01 7.181605995102395923e+01 6.353875611916455313e+01 5.839301293536902193e+01 3.803860073388305807e+01 2.354401577932750200e+01 3.379515658630301544e+01 5.420536561240420781e+01 6.580060189858419051e+01 7.410949313983552145e+01 7.037014715230264983e+01 6.204076984466215094e+01 5.614088354886365551e+01 6.630187767555048595e+01 5.800678831934551027e+01
1.073404342885239532e-01 1.165434621316225261e+01 2.579653605065692190e+01 4.580102649503703560e+01 5.690441111958878651e+01 6.272286289745218824e+01 5.165239286450803746e+01 3.162993284565039431e+01 1.750524080003010496e+01 3.117271476840241462e+01 3.946148612177624670e+01 3.379513354915732037e+01 1.365056484478060739e+01 2.704886852786189877e+01 1.213521023679537691e+01 1.829403667202558026e+01 3.308990358713511171e+01 3.195287875298156166e+01 1.526153490754043496e+01 2.942091474213415125e+01 4.707521074840084196e+01 6.124268673670719210e+01 6.114413609869202304e+01 6.253760201360798021e+01 4.372325167119580414e+01 4.895755002137602929e+01 4.198144405327809636e+01 2.147621627115187337e+01 4.204091604011296823e+01 5.420536561238802875e+01 7.438263326963070199e+01 6.684658566103615840e+01 6.204076984466215094e+01 4.190316089736380434e+01 6.204076984466215094e+01 5.800678825850976494e+01 3.809870037046592728e+01
9.951591839399596962e-02 1.424167146942065187e+01 3.424374019018792836e+01 5.100219797587431714e+01 3.688691980572488660e+01 4.274587920321508250e+01 4.373666676109502305e+01 3.541143352276943546e+01 3.117264961044158156e+01 1.118947840396841897e+01 2.543306878075580002e+01 2.590507032877893678e+01 1.189432525506278360e+01 7.037319050280367527e+00 7.510627812805711123e+00 7.986923010929642963e+00 2.799750155304726107e+01 1.192879811023427905e+01 3.195287875298155100e+01 4.358790499653947137e+01 5.775489525103957789e+01 5.418317305786623450e+01 3.942806636046567803e+01 5.394927626877308313e+01 4.796965700741959893e+01 3.155708961412497970e+01 3.858757054242165196e+01 1.947280164135241520e+01 3.852304628755244664e+01 4.783617783107479937e+01 5.808308712962080733e+01 4.675621392575193624e+01 4.675621392575193624e+01 3.524532423104865586e+01 5.529109815834920738e+01 5.033709667745291938e+01 4.238790813598278362e+01
9.660808524269255682e-02 2.008719792132158943e+01 3.976348671057176176e+01 4.274797551236189719e+01 2.264169785236133237e+01 3.199536381993864609e+01 2.984022842607656756e+01 1.537957059316085839e+01 2.430384260421027776e+01 2.129686503872306957e+01 5.427014069893069781e+00 5.899591537433680699e+00 6.371000660965203899e+00 2.637816157872505940e+01 2.752534699061891388e+01 2.800382684588329241e+01 8.663192011648092716e+00 2.840261767246744995e+01 3.754516831710400027e+01 4.481256970802680684e+01 4.528524521927194968e+01 4.351666503231243865e+01 2.499202982395174999e+01 4.462229210882645702e+01 5.682860026787925989e+01 4.032717018485604399e+01 2.344560841771221149e+01 3.536022971235124146e+01 1.712225477714610733e+01 2.884774145232068321e+01 4.965019123814194302e+01 4.675619914366499330e+01 2.673919828971708768e+01 3.973971813648651619e+01 4.311020135474997517e+01 4.039923590283600419e+01 2.278774704435575060e+01
8.961064364900331314e-02 1.163633675916190136e+01 3.158919870496169580e+01 3.656071380842959684e+01 3.200117672913525979e+01 1.177110359023640029e+01 7.459044743027398283e+00 3.838466976171073686e+00 4.299110663627272899e+00 4.761705159264201903e+00 2.476784061830138128e+01 2.590255513817954025e+01 1.010221058380667891e+01 3.184119284974575947e+01 4.040748913721543545e+01 2.023071723272878941e+01 2.782369603520739787e+01 9.358353174244436801e+00 2.937958497680727277e+01 2.471391901281178605e+01 2.521675272866617945e+01 3.159369603667622783e+01 1.215917006734138184e+01 3.671365264944752482e+01 4.119339720729483645e+01 3.661573866744971895e+01 3.063901227621902734e+01 1.531730972554858461e+01 1.588818819764115453e+01 3.592102623195504663e+01 4.503965842745691361e+01 4.619182857929114761e+01 3.284028978422885103e+01 1.967859399796580178e+01 3.072781852972562078e+01 2.131429050250617152e+01 2.200248966415759000e+01
8.602227843884299729e-02 2.002852961646570407e+01 2.491907201130358729e+01 1.586351497631445007e+01 2.208962894672024291e+01 2.254107631433921100e+01 3.187579420177670819e+00 2.319253980773751422e+01 2.430513771544753965e+01 6.242245738707858926e+00 2.628246788270496026e+01 3.795366778035361222e+01 3.250004736947848016e+01 4.091472562603730267e+01 4.040755876939570612e+01 3.446739458918000309e+01 3.651380307348477317e+01 2.483823061555822065e+01 1.005582786325237521e+01 1.056005695841647452e+01 1.106469836266240669e+01 1.156957962146367791e+01 1.207540076696016840e+01 3.209986321000170761e+01 1.352473260736853433e+01 1.403898485854735334e+01 1.455305131907560856e+01 3.459451474888120970e+01 3.592103058166667040e+01 1.669593545312855554e+01 3.672603753266648141e+01 3.810386409076721748e+01 1.887218337394264722e+01 3.892064833935167911e+01 2.049392568330469899e+01 4.070221789719498418e+01 4.183548113477590391e+01
8.664218773200615953e-02 1.876634817541947697e+01 1.172732570272056574e+00 1.626870050960136593e+00 2.081502601937755603e+00 2.538426512297595750e+00 8.786394618687506153e+00 2.119354264736128712e+01 3.323562471531750617e+01 2.627266121818604816e+01 1.002714305835020348e+01 3.026818573925223532e+01 4.270298188784368421e+01 5.427289439938246574e+01 6.059242145588765993e+01 5.458956872523300063e+01 4.393229808230935873e+01 3.242181998324611669e+01 1.246299496581976562e+01 2.691302208348317038e+01 2.795874320344503161e+01 3.159232025214187090e+01 1.444398004405659997e+01 1.279525891740939869e+01 1.965158610615965173e+01 2.630219407903145168e+01 1.616941250762152293e+01 3.567762015064860037e+01 4.444033240624649750e+01 3.386964694328087688e+01 1.750019958216622840e+01 1.806654911568388755e+01 2.272082213772199921e+01 4.272248607849044788e+01 4.559060998349642091e+01 5.526006530249001969e+01 5.106718177072925613e+01
7.759125536472052942e-02 5.308554230373256910e-01 8.447540799670280265e+00 2.015696612088381556e+01 1.883026626086228106e+01 3.736024333944761633e+00 2.524407134935895058e+01 1.790328827943996259e+01 3.821494084165036753e+01 3.853961596698525938e+01 3.026818573925796585e+01 1.435507506281934198e+01 2.593251221203788504e+01 4.597615773238888437e+01 5.881204664796020865e+01 4.810832709991468192e+01 3.609258141683573484e+01 1.605403012303421306e+01 2.247020857322823773e+01 4.043937413701137729e+01 4.816209310987425596e+01 3.714973287093271637e+01 1.689855336107620687e+01 3.281925812576576362e+01 3.467400444713263141e+01 2.470474319611630065e+01 3.564590385904435976e+01 1.841404613163300397e+01 3.828184722430228959e+01 4.508872751021895908e+01 3.753246635978377554e+01 2.317420601951413417e+01 4.196785213215226662e+01 2.977924943572946859e+01 4.980138700327476187e+01 6.593500285390042848e+01 5.634156294787415220e+01
7.818929607037834739e-02 2.007818929607002190e+01 2.351476666596122556e+01 2.326032937353400953e+01 2.944780003767138510e+01 9.376582587456523399e+00 3.006364020436656759e+01 3.821066713735899611e+01 3.057503481085857189e+01 5.136190585231428685e+01 3.440395359576773870e+01 3.440395359576773870e+01 1.890929816328443280e+01 3.046505162842333192e+01 5.051703859998189472e+01 3.981321082280766888e+01 1.977099846969270658e+01 3.608414448320582579e+01 4.249615679984552230e+01 4.249612521629581607e+01 5.248398668880601292e+01 3.196212602390050606e+01 2.017325737154468968e+01 4.034765061798899666e+01 4.879205800742773391e+01 3.131904718375703567e+01 4.631484001124047012e+01 3.828184722430200537e+01 2.093444381415902456e+01 4.095073654862733292e+01 5.095207619246694719e+01 4.435843866425460646e+01 4.435843651298457502e+01 4.980138700603233559e+01 3.762469733461896482e+01 5.765980135778684001e+01 5.634156319203906804e+01
7.024788420635796893e-02 1.419170187518817272e+01 3.376675310886308523e+01 4.131713567639373963e+01 3.515234051892537792e+01 1.482845625496438480e+01 3.515234051892537792e+01 5.242555258005658914e+01 5.136190585238595219e+01 5.136190585237770279e+01 5.444447796379575522e+01 4.450120364585908561e+01 2.445005649854872232e+01 2.493425133667742699e+01 4.498579506787275761e+01 4.810832709991402112e+01 3.981100379694967728e+01 2.366194517075994952e+01 4.370293057942489412e+01 6.243545547019755304e+01 6.197849058884822426e+01 4.866718903387397432e+01 3.185772964304378263e+01 2.537017802373302544e+01 4.544750180887100299e+01 4.348734013696938661e+01 4.895421840443975725e+01 4.925308247048077703e+01 4.095074040286468176e+01 2.367537329368527210e+01 3.779750927370670865e+01 5.782944286149053426e+01 6.519493563790942403e+01 6.399054661193862614e+01 4.397097089936493575e+01 6.399054660879782830e+01 7.634571851638067130e+01
