MOVIE_S4_data/elevation_000330.asc
nrows	100
cellsize	150.0
xllcorner	0
ncols	100
yllcorner	0
NODATA_value	-9999
[rows 0 to 16 of 100, columns 37 to 73 of 100]
9.543357389375303512e+01 9.462034101565991762e+01 9.711516104405589545e+01 8.896983371239446114e+01 9.282282469690800042e+01 9.684452917678224537e+01 1.010730367803504350e+02 1.055673680434684201e+02 1.109461417736022923e+02 1.167614406257859514e+02 1.247820604832160996e+02 1.359416434487800700e+02 1.482836574492237673e+02 1.372770513475327618e+02 1.293403810945858368e+02 1.318061891601388425e+02 1.374023881855847549e+02 1.357926778561077583e+02 1.278666035665985845e+02 1.303285734647816412e+02 1.382669209100350827e+02 1.344830741200873376e+02 1.267475099986041442e+02 1.344830741200873376e+02 1.287080818412910332e+02 1.211170898029413792e+02 1.287080818412910332e+02 1.361230937381141359e+02 1.279664042564092199e+02 1.233678652864308276e+02 1.310627082588646886e+02 1.356509696869818526e+02 1.336709396267236514e+02 1.414958048442001370e+02 1.523106710390950411e+02 1.558100765794321774e+02 1.475412566078965142e+02
7.592045525492626723e+01 7.426799342895550637e+01 8.372475134562367316e+01 6.832000191834927705e+01 7.243456712601866343e+01 7.673600677737005071e+01 8.123957807599474279e+01 8.597703224868857319e+01 9.155269729048693250e+01 9.747427628930940102e+01 1.086063594410430113e+02 1.279014886940692435e+02 1.402922061747721330e+02 1.213230887002825256e+02 1.104775172853651952e+02 1.129175461448908777e+02 1.184499015966172806e+02 1.248613979491911152e+02 1.090166198486234777e+02 1.114558749883468636e+02 1.303285734647816412e+02 1.253899968336507982e+02 1.087639676757165432e+02 1.253899968336508266e+02 1.197744314656631417e+02 1.034399027958661748e+02 1.197744314656631417e+02 1.168851155856530397e+02 1.146248742045450513e+02 1.048294879776468491e+02 1.174561579716309012e+02 1.177734926525110239e+02 1.154930110946194759e+02 1.258197672251273787e+02 1.443958405767953934e+02 1.468145371254819338e+02 1.282318244095295938e+02
6.384800909773029076e+01 5.907993176285140891e+01 6.275080244693346998e+01 8.372468072806586292e+01 9.282280901624619673e+01 9.684452917678092376e+01 1.010730367803504350e+02 1.055673680428616166e+02 1.020188772857523105e+02 1.167614406257846440e+02 1.111056565808308534e+02 1.304157111729698215e+02 1.404931658416630285e+02 1.295409202652886052e+02 1.184499015966450912e+02 9.955023599306736060e+01 1.184499015963360620e+02 1.169835603928056003e+02 9.806548137294852552e+01 1.169835603928056003e+02 1.287485368777713006e+02 1.177557388371603508e+02 9.974826113205202205e+01 1.177557388371603508e+02 1.122784962994037983e+02 9.425219737127865471e+01 1.044093466022313379e+02 9.973437517951478526e+01 1.088050129487267128e+02 9.623162167305478931e+01 1.007110554061247996e+02 1.053411974701253371e+02 1.141145903657814813e+02 1.267896437811317298e+02 1.453888495461629304e+02 1.387177739450973775e+02 1.193551498409101299e+02
5.409576762282040363e+01 7.545800999884703231e+01 8.372475134545788933e+01 9.194181737115057729e+01 9.165184381325987317e+01 9.939863972291813354e+01 9.706542300956898828e+01 1.051324443926991847e+02 1.213563412722622843e+02 1.293846241920758473e+02 1.304157111729697647e+02 1.384584643857203332e+02 1.325454933290890267e+02 1.136657526189538885e+02 1.027726440539666442e+02 9.416797513139898967e+01 1.070288919654671815e+02 1.112795449507001422e+02 9.218511079140213837e+01 1.112795449507001422e+02 1.210702259766865723e+02 1.029049778940869970e+02 9.346244778830968869e+01 1.117532462687908321e+02 1.069347844882797602e+02 9.819307913894346029e+01 8.447619713688861509e+01 8.746783996821594087e+01 9.059542384703379980e+01 9.558228207867848880e+01 1.133299838570564191e+02 1.230160367365200216e+02 1.308802087486494941e+02 1.400496299172370698e+02 1.459141446830748237e+02 1.347088032411321876e+02 1.229082575662397403e+02
7.109743329120375677e+01 8.382870132584947953e+01 9.854606452725720089e+01 8.805555824493377770e+01 7.115433321901164732e+01 8.269465093829295199e+01 7.682302874041643292e+01 9.706542301067008793e+01 1.150375355501191308e+02 1.169060387690819454e+02 1.222599051873184521e+02 1.222599051879643497e+02 1.302096435461182011e+02 1.261107046437260948e+02 1.075132569174081709e+02 9.652855261110038043e+01 8.772256072649892644e+01 1.017743741498421315e+02 8.682809595152353666e+01 1.061763427636710873e+02 1.190750377438804151e+02 1.009212382614317960e+02 8.752672662323762154e+01 9.982032468814816184e+01 9.641890156184143734e+01 8.054478862371574621e+01 9.383387676700503732e+01 1.005911734159109869e+02 1.090125319800299621e+02 1.136477538204895268e+02 1.030784965087632514e+02 1.209394627575969423e+02 1.383135028746876571e+02 1.490110996633614207e+02 1.378207669715218628e+02 1.184667757566530639e+02 1.074551389641035968e+02
7.785978683052925930e+01 8.618368808774611978e+01 8.420528266879841794e+01 6.982565510422770672e+01 5.864069926851855996e+01 6.169681497700711503e+01 8.275188874422826757e+01 8.718623517175339543e+01 9.839379362073303525e+01 9.750983272916870703e+01 1.029562652977555928e+02 1.029562652977556354e+02 1.222599051879643497e+02 1.338933956457103420e+02 1.231237491076814479e+02 1.147190718513427043e+02 1.017743741498421315e+02 8.211985703395224334e+01 8.165477994110453608e+01 1.013392810606342351e+02 1.146041128478667588e+02 1.128483358914787686e+02 9.442394575698007486e+01 8.047925735471932285e+01 7.669395036708483815e+01 9.640904910837794262e+01 1.058949262031354692e+02 1.159077482676816402e+02 1.249486686684037409e+02 1.285752885502259346e+02 1.156301911554266439e+02 1.125486095583150217e+02 1.228074460570747135e+02 1.411855425868603220e+02 1.399854198725313381e+02 1.302343173609814357e+02 1.145088956130687023e+02
5.674994462584859178e+01 7.785566246811353608e+01 7.206000539943677552e+01 5.451898818289640047e+01 7.583955219213778776e+01 8.274746657044589426e+01 6.638788514722583045e+01 8.718623517740478235e+01 7.833568905005722627e+01 8.341208001570795716e+01 8.907053232440981105e+01 9.894390258320972009e+01 1.126429657803728048e+02 1.318768446011159199e+02 1.270033828720196851e+02 1.080799850003964622e+02 9.453115980443823219e+01 8.455849690785858286e+01 7.661475202547666186e+01 8.719035376933848625e+01 1.008972333086025372e+02 1.088556898431854307e+02 1.074488157209661097e+02 9.399180711123906917e+01 7.397570374487736444e+01 8.845798883495588427e+01 1.070108650312630942e+02 1.090149274878198327e+02 1.164895145303890160e+02 1.252803870132322288e+02 1.337571782658793040e+02 1.305749436081955821e+02 1.383135028746876571e+02 1.343835935657031371e+02 1.207869933668331583e+02 1.221903356723968272e+02 1.030138263065548898e+02
6.291278253689410604e+01 6.835279804337555731e+01 5.062162872451363427e+01 7.206000544802091667e+01 8.415726732346332994e+01 9.526143106133261540e+01 8.718530763224609359e+01 7.139992773434406104e+01 9.188608516338192089e+01 1.031908499485730886e+02 1.086101705200071876e+02 1.165829544242667453e+02 1.262300725446140319e+02 1.254928847478985574e+02 1.239905066221136565e+02 1.215047600970049899e+02 1.119681523922250364e+02 1.040768398597388114e+02 8.462036888630403553e+01 7.247798926889890936e+01 8.929309165444531970e+01 8.929309165444531970e+01 1.053286639631456580e+02 8.633916741731958666e+01 7.166520058960685446e+01 9.190106193754591857e+01 9.341974799538427021e+01 8.966935705320297245e+01 9.820064749263113413e+01 1.111009850816686964e+02 1.192151590460550494e+02 1.289998012632099460e+02 1.390930835384043291e+02 1.264100823022406246e+02 1.072601258568268463e+02 1.142985864101348454e+02 1.078908519936430537e+02
4.466546509065445036e+01 4.689340800274646170e+01 6.835603457197426280e+01 8.046520536372383958e+01 8.833177934198030812e+01 9.647849106524921581e+01 9.997526557197178931e+01 8.609531760141084078e+01 7.944292662551363549e+01 9.118538201761339224e+01 1.050765975272728809e+02 1.243862157247297233e+02 1.198233904493848172e+02 1.060728114805363589e+02 1.045708938210563304e+02 1.183197288003165397e+02 1.232935705510264057e+02 1.042194617935840313e+02 1.008972333086025372e+02 8.929309165444531970e+01 6.860155088508673771e+01 8.929309165444531970e+01 1.049664507127841944e+02 8.983586674421786711e+01 6.941808026256342146e+01 8.604331607815431937e+01 7.288630775101636061e+01 7.814540468123442452e+01 8.478082435272042972e+01 9.151925830385025051e+01 1.013246538102725935e+02 1.208773163530647849e+02 1.311116980308644031e+02 1.119490278741952949e+02 1.023968806841618857e+02 9.504443522533271960e+01 8.985614182870918398e+01
6.610153315682428854e+01 6.207854599854385924e+01 5.414170070138605695e+01 6.075291366382445091e+01 6.765664562536777282e+01 8.248957046646410163e+01 1.024361191534709974e+02 1.058662347481072743e+02 8.861030074896689257e+01 9.226977869316442593e+01 1.117968945221897883e+02 1.254928847410903785e+02 1.060728114805360747e+02 9.219746660127452742e+01 9.067305794237938699e+01 1.085451545796420731e+02 1.192609795341620327e+02 1.081028280624473297e+02 8.866117211535015485e+01 7.676177624170621527e+01 6.601557540752266107e+01 8.350946931875807877e+01 9.089775929933161080e+01 7.682905928546027496e+01 8.324788056344146980e+01 6.631064104492529054e+01 8.246010543654989533e+01 9.831467243177704063e+01 9.470647738062517362e+01 1.111009850816686964e+02 1.192151590460550494e+02 1.289998012632099460e+02 1.390930835384043291e+02 1.294962106238706951e+02 1.215303629525298561e+02 1.140162709727170949e+02 1.017709935542553268e+02
7.689287537047849241e+01 8.216129536849391002e+01 7.544968249074747746e+01 6.785196912549430692e+01 8.833177928074381668e+01 8.248957046650409097e+01 1.024361194372972506e+02 1.161933057128151745e+02 1.000346273548828151e+02 1.061435107593411828e+02 1.197686716975417909e+02 1.242352510238099796e+02 1.142807002215857608e+02 9.474363982742617907e+01 8.048429414479679167e+01 9.151555468695677575e+01 1.111884609051204507e+02 1.160088738977852927e+02 1.009179238218637522e+02 8.099345748967148495e+01 8.343820121202112716e+01 6.260255961621120946e+01 8.026408766133017991e+01 6.180314076941572665e+01 6.360571777999299314e+01 8.509007593247117995e+01 9.640979386083293434e+01 1.126386925131890138e+02 1.143692993018378417e+02 1.224851442626606826e+02 1.365355486138621472e+02 1.283490941829028884e+02 1.335986302615031605e+02 1.346643253260440929e+02 1.151900737682463216e+02 1.013774809112195783e+02 1.001407145245541983e+02
5.580164343319901832e+01 6.400936937044824049e+01 8.472121851943686011e+01 8.852351774720469280e+01 8.486604927018973399e+01 1.024361194486817510e+02 1.104674804546299640e+02 1.273411413661288663e+02 1.193868153234954264e+02 1.254453702781619882e+02 1.247212508174063004e+02 1.134545324651493132e+02 9.650967960110118327e+01 9.512560023361611172e+01 7.481718835814481849e+01 9.512560024059116870e+01 1.021145000851859663e+02 1.216481514224629308e+02 1.088958727337679591e+02 1.009094004431090781e+02 9.163695375824160294e+01 8.026399799901309962e+01 5.925601148573534971e+01 8.026408760584520508e+01 6.984721490513553022e+01 8.962870128497449684e+01 9.215754453277844505e+01 1.024511499145059474e+02 1.191893459912385822e+02 1.290989868030314369e+02 1.208674354841283929e+02 1.081578726493108178e+02 1.134688438456307296e+02 1.276064409628500584e+02 1.173341214326489279e+02 9.675359438269809687e+01 8.512337980177504448e+01
7.689287537079398760e+01 8.472121851944095283e+01 7.886008452285690851e+01 9.887124770490481751e+01 1.047973871571339544e+02 1.128324078507908723e+02 1.226094700674098306e+02 1.169093962317333677e+02 1.169093961888548421e+02 1.249820941299290809e+02 1.166498910883836402e+02 9.712353977937914351e+01 8.554987602267611635e+01 7.626609890317448048e+01 7.002538508977021081e+01 8.214395636021808400e+01 9.604289517409127086e+01 1.041848096047372962e+02 1.032632952874843824e+02 9.594476598977703929e+01 8.520891417919598609e+01 7.694438367673461698e+01 5.779154882012188921e+01 7.888185757083336114e+01 9.039560719143493372e+01 7.985560806436929226e+01 9.943283260517175393e+01 1.166253851862608286e+02 1.264041610226038159e+02 1.208674354841283929e+02 1.007601474636265380e+02 9.660718455190483667e+01 9.926008933784717669e+01 1.193647217830029632e+02 1.258325491550326518e+02 1.134142487889771616e+02 1.017940679796094656e+02
8.440316140357289498e+01 9.266410225132057121e+01 9.887124770490484593e+01 1.069489840807229228e+02 1.162491413517218746e+02 1.081693450198166317e+02 1.030901618435510159e+02 9.736604758888233846e+01 9.736604758887861522e+01 1.169093961888347621e+02 1.168469977259858297e+02 1.104468457078179426e+02 9.073671633333076159e+01 7.626609890317446627e+01 6.566029301328408962e+01 8.169401302687070654e+01 7.575051143718489755e+01 9.604289517474957449e+01 9.593525644265574215e+01 7.691607293505153109e+01 7.687343851349370993e+01 5.570852798628938274e+01 7.682795365256569653e+01 7.292405358113472857e+01 9.328894839797413852e+01 9.957746938111493762e+01 1.078857686686370556e+02 1.083223385188049690e+02 1.164113807826429650e+02 1.208674354841283929e+02 1.007601474636265380e+02 8.661739950173740965e+01 1.066494357735604837e+02 1.242389159517336310e+02 1.267144848336877914e+02 1.082716284361470684e+02 9.469058629157422047e+01
6.347682102880238375e+01 7.577482008742414621e+01 9.038308728051970320e+01 1.102080855408308366e+02 1.081693450311818196e+02 8.838810900902987555e+01 9.418189889267483750e+01 8.317068028616536424e+01 1.030901618641975688e+02 1.044489884734285425e+02 9.724402386772383977e+01 1.110856825560152998e+02 1.046303027852622591e+02 8.638788926950741143e+01 7.575051143718484070e+01 6.082112981953053321e+01 7.743335358368373988e+01 8.576072084014340646e+01 9.283688352971223878e+01 7.338738880641651008e+01 6.207853418090472530e+01 5.422039311386571825e+01 7.592474360242442799e+01 9.328090828129032275e+01 1.013416433515727704e+02 1.149682853588227402e+02 1.050557846722740578e+02 8.859596458709155797e+01 1.050557846722740578e+02 1.159907018162903682e+02 9.590922493264427828e+01 8.161265834670565766e+01 9.590922493264427828e+01 1.097386324622585789e+02 1.180148734430324708e+02 1.216529973292455793e+02 1.138334786856641330e+02
8.440316140357272445e+01 7.691741941976792418e+01 9.148620525466417064e+01 1.112822104677319004e+02 1.081693450105529450e+02 8.838810900902866763e+01 7.381971389400692374e+01 8.739450393836531816e+01 9.560136954307138524e+01 8.450280641938202564e+01 8.299890970242397259e+01 1.029856019793861037e+02 1.144327884103934423e+02 1.041848083523669715e+02 8.996766006909048485e+01 7.144077018929114331e+01 5.641002226241980111e+01 7.338741158451749413e+01 8.124912882388476021e+01 7.358837341911464591e+01 5.211230617786961261e+01 7.240505090778971464e+01 8.172592234168047298e+01 9.436696702185000163e+01 9.480481963538939283e+01 9.480481963538940704e+01 9.693331121919503346e+01 7.683424350283719662e+01 9.693331121919503346e+01 1.097666812575045867e+02 9.738792809836158426e+01 7.710583439834523745e+01 9.542592118917326616e+01 8.949740206553109090e+01 1.097386324622585789e+02 1.202186801190304521e+02 1.193117949364421690e+02
8.130976220943357191e+01 9.728432094116681128e+01 1.054034362676983108e+02 1.141356767644462593e+02 1.060906325761493889e+02 9.859856337565430806e+01 8.739450394013367429e+01 6.674394800194056643e+01 8.116813424664999843e+01 6.982501822003045788e+01 8.450280641938157089e+01 1.044489884650164839e+02 1.066180937272453093e+02 9.847328355918546094e+01 1.000806714268243240e+02 8.576072084014340646e+01 7.338741158451749413e+01 5.217381722680399037e+01 6.922309124995268803e+01 6.943491034939025042e+01 5.064746026821642033e+01 5.726881981600673299e+01 6.490954237264014637e+01 8.507458409885950346e+01 7.471026877325647320e+01 8.101563643594045061e+01 8.153864050187355872e+01 6.943577664009755779e+01 8.139700417229535390e+01 1.015428966918703395e+02 9.332963109939194624e+01 7.275720181635277584e+01 7.488002904102101809e+01 9.539387779429472403e+01 9.171869828674917358e+01 1.035163836113009381e+02 1.025778944417245953e+02
