MOVIE_S4_data/elevation_000725.asc
nrows	100
cellsize	150.0
xllcorner	0
ncols	100
yllcorner	0
NODATA_value	-9999
[rows 68 to 84 of 100, columns 37 to 73 of 100]
5.589482753055606423e+01 6.168010525056693183e+01 6.832766474681274360e+01 7.834262103513125908e+01 8.890577853841847400e+01 1.072950217116099054e+02 1.095022682236421900e+02 8.935503345997351232e+01 9.676003814217874321e+01 8.333665653951076990e+01 9.458025134708699966e+01 1.149907583878301125e+02 1.281266042695286274e+02 1.072903212997560587e+02 9.395277788809337949e+01 1.145848660093848537e+02 1.269221747892546404e+02 1.112278648565822579e+02 9.116642828648674879e+01 1.017708130028230045e+02 9.858696879073590935e+01 8.496209424628895590e+01 1.046684878764951208e+02 1.164960917438454970e+02 1.149551131653909835e+02 1.149551131653909977e+02 1.289669688220842545e+02 1.098810964433100565e+02 1.289669688220842545e+02 1.297582434093602330e+02 1.211720681564660111e+02 1.211720681564659969e+02 1.016809762015150369e+02 8.228839012164834799e+01 8.760830813035674680e+01 9.357595563142834294e+01 1.005093982955559255e+02
7.128300537118614955e+01 7.128300537153293703e+01 8.845348919343835803e+01 9.601467892795440662e+01 1.030684213486830743e+02 9.533856856512565514e+01 9.930990308002618860e+01 9.676003814217874321e+01 7.721652940852955282e+01 9.676003814217874321e+01 1.104251608662180217e+02 1.235602573499532042e+02 1.219282754223702625e+02 1.072903212997560445e+02 8.701185111552513263e+01 9.765181433964616531e+01 1.182760450478066474e+02 1.134048565002994167e+02 9.325410206520398049e+01 8.222237011676044460e+01 7.921522138346500697e+01 9.858696879073590935e+01 1.106553001662674802e+02 9.625539459400499709e+01 9.476152785559474978e+01 1.149551131653909835e+02 1.203432437304823992e+02 9.972949276845110944e+01 1.203432437304823992e+02 1.211720681564660111e+02 1.006698049957362144e+02 1.006698049957362002e+02 9.899171557589855297e+01 7.978197086490793311e+01 9.309356407035761549e+01 1.132311129335069353e+02 1.211804331743403367e+02
9.162781216818437713e+01 8.586584114857902250e+01 9.978138205743161393e+01 9.467216494242737213e+01 9.077254754748153687e+01 7.457667853238275768e+01 7.958205835944859530e+01 8.835383529621798004e+01 7.363517902554940520e+01 8.211910040073499317e+01 9.594983664093341247e+01 1.163449452990114992e+02 1.132801326466022402e+02 9.276623997465952698e+01 8.150041795261928712e+01 9.540833973629420939e+01 1.159895313338851537e+02 1.219686344774506637e+02 1.102459757086817689e+02 9.463273094438554267e+01 7.542752001228437564e+01 9.044179287732887929e+01 9.418854464158140161e+01 8.259991274049579602e+01 9.625539434197145283e+01 1.164960283581255851e+02 1.134718228201071781e+02 9.323391165906940614e+01 1.134719934312330167e+02 1.211720681558358166e+02 1.006698049957361718e+02 8.686221558357010508e+01 9.664475704038085269e+01 7.753778954409443713e+01 8.825563432133088781e+01 1.020861648472974537e+02 1.226223782323382778e+02
8.985487494871911451e+01 1.055384459867995020e+02 9.467216494966879736e+01 7.495474297071231717e+01 7.857295729366470027e+01 6.279426978528457681e+01 6.585956905528809102e+01 6.895292828409920105e+01 8.002079181407928843e+01 9.973697029901245514e+01 1.104251615699589735e+02 1.127812488810283043e+02 1.159357631448128956e+02 9.708603644205030037e+01 7.738178269439407586e+01 9.708603644205030037e+01 1.132508886168801183e+02 1.130685606442201419e+02 1.046058598217509967e+02 1.029946304735319984e+02 9.044179287732198702e+01 7.136207853616220120e+01 7.497249270869147608e+01 9.418854464158140161e+01 1.106553730543430873e+02 1.211554944866458357e+02 1.076297683866218904e+02 8.779585268375707585e+01 1.076297683866218904e+02 1.189875675994919106e+02 1.079604057032932900e+02 9.359963323736239715e+01 7.800216543617142406e+01 7.533739354662583310e+01 8.858470013887624361e+01 1.084361231666916296e+02 1.164928695313393945e+02
8.063672243476835888e+01 8.894101278198688476e+01 9.223714851488799127e+01 7.857295730199905393e+01 5.850543351011407367e+01 7.857295730476315043e+01 8.536021029991049147e+01 8.254895449465485058e+01 9.669952816798313222e+01 1.082059737486748929e+02 1.127812488878823842e+02 9.242824718524444449e+01 9.616308793220673579e+01 8.715145844660163732e+01 7.351337732705967198e+01 8.457439112802794057e+01 1.046605480293696218e+02 1.046061029656717665e+02 8.505546649434387518e+01 9.077825013975336788e+01 8.563718413343114833e+01 6.850747587446248588e+01 8.759754575880951677e+01 9.418854464158140161e+01 1.142357285360609609e+02 1.125723425092238017e+02 9.244501361995810385e+01 8.298970912400986322e+01 9.049350130335569986e+01 1.047405212336999654e+02 9.985782423123934848e+01 7.981786833908176959e+01 7.224807791300077042e+01 9.128151228390132133e+01 9.503931695458629747e+01 1.033081424228035274e+02 9.616004547667168367e+01
6.023178180429837170e+01 7.722048644338954659e+01 7.231643398712654403e+01 7.231643435514683915e+01 5.550423501749929756e+01 6.503386000068095996e+01 7.642666591388500308e+01 9.611145347545651418e+01 1.108497301358758733e+02 1.091779702951942284e+02 1.067673152485366330e+02 9.616309257266804877e+01 7.643014705773873629e+01 8.477001483945981875e+01 7.001584105817070736e+01 8.363013425944872381e+01 1.036544745249289150e+02 1.046095828636638032e+02 8.505549492547213219e+01 7.181982581008543320e+01 7.299617989483263614e+01 6.603526200289319092e+01 9.098585621018673919e+01 1.060612268314115028e+02 1.178048695128770191e+02 1.211554944866458357e+02 1.077830038864180864e+02 8.795663146968523449e+01 7.698426848241471987e+01 9.106930534282247436e+01 9.934664052005281576e+01 8.923944646408268966e+01 7.023673800997299566e+01 8.650752710340098872e+01 7.700179582261472433e+01 9.329064011596315709e+01 9.392224887529690136e+01
4.866613321237637280e+01 6.885099785853803667e+01 6.882465954259609475e+01 5.140923725906311859e+01 6.447694628684321572e+01 8.366799683009338651e+01 9.305799709875475401e+01 1.045317744731568155e+02 1.091779702951941857e+02 8.705847111783124603e+01 8.463509871042153065e+01 1.002101391273065758e+02 8.477026679340788462e+01 6.527548165170310313e+01 8.477015804362328311e+01 9.789163330165499133e+01 1.014328622386006913e+02 9.283787991057549505e+01 9.902410405934560345e+01 8.212809570557111272e+01 6.273148732490065527e+01 8.212867775641196033e+01 7.752140010082622723e+01 8.903893721870062450e+01 1.092763406075126085e+02 1.151791043469901581e+02 1.163197146868420759e+02 1.023869270218797283e+02 8.278420995199972765e+01 7.176120780872473404e+01 8.638355910457880782e+01 8.488627440031129368e+01 7.959929835175722701e+01 6.739846877981115369e+01 6.812438922291744348e+01 8.695945400231924793e+01 7.297139424662618978e+01
4.318113948682867687e+01 6.468831776947091328e+01 4.752661587708392688e+01 6.882465954258492502e+01 8.052135626733659990e+01 9.196591376935604956e+01 1.020422763522638121e+02 9.618650221051682081e+01 1.001749911941035407e+02 9.111747484992062596e+01 6.918474384459869952e+01 9.111747484992062596e+01 8.183133230425309534e+01 6.207929682907948887e+01 8.160391507724698101e+01 8.861036384074999717e+01 9.029983989614362372e+01 7.421163083659946835e+01 9.029208564945921012e+01 7.999491649406078864e+01 6.072807978311742261e+01 7.157230945565800084e+01 8.788623162318120308e+01 1.060612268314115028e+02 1.090878180360472243e+02 9.394471994667648573e+01 1.090878180360731591e+02 1.108603673659831799e+02 9.939717557429177930e+01 8.638366043500055014e+01 6.754994165868183131e+01 6.573681367386380714e+01 6.642691067276916783e+01 8.555203617539514482e+01 8.721413398122376748e+01 6.914823745465766081e+01 6.987070778792431724e+01
6.468778141419785754e+01 4.384639637485270214e+01 6.194962862568058171e+01 7.357700851651337359e+01 8.154723984894550881e+01 8.976901972635899085e+01 8.159968175414260827e+01 7.555762981733298034e+01 7.666580935844010014e+01 7.804375502977637780e+01 6.162695994104633712e+01 8.380656451552083297e+01 7.895143531377154034e+01 5.865225505753463153e+01 7.532734588881857007e+01 6.798499742418704272e+01 7.421085538127067593e+01 6.459443713361811490e+01 8.002407646572282829e+01 7.609744427407456158e+01 5.877816483086495225e+01 7.795309020781081699e+01 9.281907836513485677e+01 1.009336168919176089e+02 9.999179277231152696e+01 8.008724091830679015e+01 9.999179277170361502e+01 1.003355523235725713e+02 8.952631226125591013e+01 8.304161117124640157e+01 6.475542386724512767e+01 8.395886767293934838e+01 8.483072514673040132e+01 8.209557190065110888e+01 9.661345221237353087e+01 8.833713194348149500e+01 8.862029787031129047e+01
6.779018069557699278e+01 4.749601073268712526e+01 4.453234574809192736e+01 6.601845592551096331e+01 6.086204960758313121e+01 8.141448061618555698e+01 7.941787687989719302e+01 6.093155059732543322e+01 7.094813426308731152e+01 5.229309280895998313e+01 6.442764976972632951e+01 8.129838548128640241e+01 8.427616566548087462e+01 7.234719168704195624e+01 5.415243969292482973e+01 5.290352004999071056e+01 5.353564698018110590e+01 6.559345700300499971e+01 7.108663426279686348e+01 5.593848002998642954e+01 5.656184785351815947e+01 7.661239067666676306e+01 7.373120434350761343e+01 9.110538367914443825e+01 8.363615209131778272e+01 7.283479886134152537e+01 9.212661368840461762e+01 8.902886037820907461e+01 7.270358985043083067e+01 6.378964125897564941e+01 8.304083301821660257e+01 7.499450369695762220e+01 9.423214672027695826e+01 1.018659051942324112e+02 1.103530244361672885e+02 9.745345501170568525e+01 7.826588880655955904e+01
5.296793796147758115e+01 6.871504375012341370e+01 6.283764496382188014e+01 4.521822612961349108e+01 6.658095811813387854e+01 6.891692158656104539e+01 6.566743940646949795e+01 5.399894536787162025e+01 4.825963131388841276e+01 4.873563166497640253e+01 7.011935973489990204e+01 7.124527921928925878e+01 7.173939914635819548e+01 7.215286235027397765e+01 5.200813510058033984e+01 7.270354171213347172e+01 7.415601377340119882e+01 5.442594254817157662e+01 5.505333141146282827e+01 7.551695240848788160e+01 7.661829269256793395e+01 5.745994333981133195e+01 7.736521303350983203e+01 7.877994128687647901e+01 6.024279707814242357e+01 8.186696480982629964e+01 8.916006953257023326e+01 8.121039410606283582e+01 6.281356206317806823e+01 7.397273163698585563e+01 9.125052671598290033e+01 9.432133060794397750e+01 8.847886283025981413e+01 1.084263079490777812e+02 1.062668170588730163e+02 8.656810842207086409e+01 9.745345501212801764e+01
5.686053665090874176e+01 7.694344090345390441e+01 7.291641377356451414e+01 5.473976875097073957e+01 4.590633124101218243e+01 4.833151023334077223e+01 4.720803772472739013e+01 4.763431212148674376e+01 6.639896569941136306e+01 5.407037806968664739e+01 4.948185316460059369e+01 5.003737935974410789e+01 5.060710252961546729e+01 5.118408630908357537e+01 7.222106576928594279e+01 5.436829650730145147e+01 7.360663387624272502e+01 8.011024601058451822e+01 5.711591689287146067e+01 8.652565828820614513e+01 8.406248446499860449e+01 6.869915152910883194e+01 5.834348790161084963e+01 5.896176961268127314e+01 5.957318239407606342e+01 7.916984416024475024e+01 8.043454017394249433e+01 6.182481585742429786e+01 7.487032574776827687e+01 8.897660076035766963e+01 9.326202520947170171e+01 1.132608013680582388e+02 1.084263079490777812e+02 1.169551214812587148e+02 1.133982674104905755e+02 9.323851490037617396e+01 1.133920457661661629e+02
6.088505981711885084e+01 8.069684311171718605e+01 8.458260446646053765e+01 7.244637687152768990e+01 5.691331148909445403e+01 4.657300485479773045e+01 6.825096341770424146e+01 5.958217464090760274e+01 7.098803149994988360e+01 5.701767913600444615e+01 7.073933528877540766e+01 7.124284535354705383e+01 7.173901401167158554e+01 6.110584952471615594e+01 7.594446181100893511e+01 5.601243106497540936e+01 7.624816323131845763e+01 8.539365411647969495e+01 9.186754631767415447e+01 1.022275689067133158e+02 9.416221910733527523e+01 8.291408828478716941e+01 6.418150601182671267e+01 7.815215593018228901e+01 7.764776626434003504e+01 6.041743917305136335e+01 6.100736918651838181e+01 7.236427917824195788e+01 6.318157210537145829e+01 8.618409420989051739e+01 1.046259811378892266e+02 1.027126880347305189e+02 1.111889910508513566e+02 1.202230794586844951e+02 1.219801599161482812e+02 1.046538414765999505e+02 1.219801599161482812e+02
6.496102909803551029e+01 8.463079659047426162e+01 8.897805151513391309e+01 7.175727219923794564e+01 7.115517871546354911e+01 4.919748770293541895e+01 7.125872141442290797e+01 8.004019392376932274e+01 8.080910175346328117e+01 7.710149195083937457e+01 6.495434176249980851e+01 8.410548622438761868e+01 8.649041594699285440e+01 7.321723376933597649e+01 8.410853648979279740e+01 7.625730068891475355e+01 5.826966919616136664e+01 6.662531234406485225e+01 7.613854522383964252e+01 9.541275262866383855e+01 9.193589904280335645e+01 7.290160102305520695e+01 8.344080447058493633e+01 8.715116298781599369e+01 6.824815991042382279e+01 7.988345393675297146e+01 7.841471983994992456e+01 8.236296056256112763e+01 6.412797395015864765e+01 7.736844067875939857e+01 9.300885827009011564e+01 8.331076979654878301e+01 9.165478350507663663e+01 1.056226394205539520e+02 1.262311100614759170e+02 1.253433758477227542e+02 1.339335514636316589e+02
6.929888083677788302e+01 8.891037558604476487e+01 9.716052119680804822e+01 8.257031989396800498e+01 6.440250916774817824e+01 5.212946012788847838e+01 7.316821343199438843e+01 8.406123983513040798e+01 9.389665226025978484e+01 8.409188092940196668e+01 8.412041453134573032e+01 7.379886298583942050e+01 9.246548194192600079e+01 9.201323983059891987e+01 9.336318265571030395e+01 7.385374110496492506e+01 5.983504642945144525e+01 6.986225035004365225e+01 8.926113659441514869e+01 1.038628704028977126e+02 9.903505340287732395e+01 7.960271173768799713e+01 9.830422506414895167e+01 9.316643513518776842e+01 7.402526828267538406e+01 9.308527385287264622e+01 9.172347317716271675e+01 7.658026529520495274e+01 6.506680412082840803e+01 8.381617485206548679e+01 7.425153005786967242e+01 9.301172891563965095e+01 1.079889864835662650e+02 1.202230794586844951e+02 1.263103511822793621e+02 1.176658295118205046e+02 1.190435157035937408e+02
7.519659770771657747e+01 9.483009884440704695e+01 1.045171455861780601e+02 9.072160046768755137e+01 7.999355406799783452e+01 7.310430443389083166e+01 5.575158422995060192e+01 6.633669481928788514e+01 8.633371899437644004e+01 1.028363653646825497e+02 9.905837550094318544e+01 8.041201671693671926e+01 9.905808837138528133e+01 1.070573270175685963e+02 9.720063607825936458e+01 8.095852423349118965e+01 6.138032994610169624e+01 8.095863723867027772e+01 8.924176698801740315e+01 1.089769518307722365e+02 1.079518929384124561e+02 9.324361646838953277e+01 9.908934232896976368e+01 1.000110503754399502e+02 8.065157318514557971e+01 1.000110503754399502e+02 9.722349125406019255e+01 7.834023359781537010e+01 8.381617485114931299e+01 6.638994696965767162e+01 7.429724367684676167e+01 8.006597848716401700e+01 9.356942884785989634e+01 1.138553751338305347e+02 1.143880420308474015e+02 9.708317308907510323e+01 9.854094404044610656e+01
8.163532851179131455e+01 1.014274839048019459e+02 9.615487203551599293e+01 7.727405681389734582e+01 6.800743772775895479e+01 5.899453397713472924e+01 7.581574503169173340e+01 8.380082873642543007e+01 9.479382934101826663e+01 1.000362589619246023e+02 1.070475618702720766e+02 9.100908949107061119e+01 1.070475618702725455e+02 9.867404736619563721e+01 7.938141212792366730e+01 6.987586164321633930e+01 6.289533980078434183e+01 8.235239590029469525e+01 9.083587142745911081e+01 9.259316313861415892e+01 1.148554836793936715e+02 1.136716746036598806e+02 1.192155550460573323e+02 1.083689180987685745e+02 9.160817247024108667e+01 1.083689180970295638e+02 1.057592862607633180e+02 9.742462482696302573e+01 9.320132674054164568e+01 8.505797396978725544e+01 6.772061449954389900e+01 8.184977184533435945e+01 9.981567562921270564e+01 1.020284898660054722e+02 1.045329715497733361e+02 8.651599963081086742e+01 8.783433466255192457e+01
