MOVIE_S4_data/elevation_000023.asc
nrows	100
cellsize	150.0
xllcorner	0
ncols	100
yllcorner	0
NODATA_value	-9999
[rows 68 to 84 of 100, columns 37 to 73 of 100]
6.809877890459127059e+01 6.038946915660736181e+01 5.377653210884087542e+01 4.815303929988181864e+01 4.339337181122089504e+01 3.914831814339838445e+01 4.957871972416944573e+01 6.391161978381187936e+01 6.261130033170322662e+01 6.122338104225107003e+01 5.442235438623954025e+01 3.588927515389448786e+01 4.983917143762855062e+01 7.260492139458121130e+01 8.811588347120029141e+01 8.817179236851312396e+01 7.946105731698722252e+01 8.102437530390471920e+01 9.077325993379925251e+01 1.006946297299245714e+02 1.082867415943661058e+02 8.928470828320652686e+01 6.739406933855012483e+01 8.813993885702561215e+01 1.024255131523346165e+02 9.007329344387066783e+01 9.335065125487371063e+01 8.546808911044870172e+01 6.018513396854386599e+01 4.894851239160322365e+01 4.164795595637243508e+01 4.249599979974872355e+01 4.476691817281329122e+01 4.673986307882795899e+01 4.887329268420416639e+01 5.120517795653050541e+01 5.375639140901886748e+01
8.972821272256977920e+01 8.251840144359522355e+01 7.613032893352591657e+01 7.035860340915019151e+01 6.455398340182453865e+01 4.278298918405744899e+01 6.456182455597772218e+01 7.989842721664579983e+01 7.867301932709798962e+01 6.198018324472576523e+01 4.122723200931744714e+01 3.663246879758670360e+01 5.665394671091553391e+01 5.972576521370118741e+01 7.498173030340834089e+01 9.510310583243733618e+01 9.009172171047482891e+01 8.730204926243042962e+01 9.559364231181568528e+01 1.071899864043703161e+02 1.016959472468448098e+02 8.129977620515609260e+01 7.561695857533148057e+01 9.681295159184568888e+01 1.140637637816679444e+02 1.076018672020076679e+02 1.054940301900017658e+02 9.304710023914361727e+01 7.967982827280825120e+01 6.964569311319058897e+01 4.763714768009170797e+01 4.242524842403398111e+01 6.444420237129446605e+01 6.971115985844244278e+01 7.058864396179404821e+01 6.808634670743886375e+01 7.691257330172284412e+01
1.030316857884664756e+02 8.278717329961672533e+01 7.036435501410191762e+01 5.907631160976654883e+01 4.900686320136146890e+01 6.456182455597772218e+01 7.347352553146374987e+01 8.767910412502011752e+01 7.042068033379013059e+01 4.898201297470968285e+01 5.746003733118836010e+01 3.736431470158457557e+01 4.475986725248858278e+01 6.609380923267312369e+01 7.111795278413350729e+01 7.953055244359950393e+01 6.832674736035851026e+01 6.536472992386005387e+01 7.878486049587313289e+01 9.921050436222520830e+01 1.099591138236025216e+02 9.582510379020295943e+01 9.083850766030187174e+01 9.085860398826619644e+01 1.114642456074352737e+02 1.114438992568661888e+02 9.222850703751366552e+01 7.783468578274603544e+01 6.796242982475499161e+01 5.916868855673932615e+01 6.945710984895734441e+01 6.069184851676182291e+01 4.324192504530286385e+01 6.762153035528596945e+01 8.407672722718069735e+01 8.984475659832511951e+01 8.073019091472289688e+01
1.111814898695690914e+02 9.589600291727059300e+01 7.237188038394275225e+01 5.865849960621478942e+01 6.113829354793924153e+01 8.044833907622701474e+01 8.882280002341917680e+01 6.974342363376956655e+01 5.945980612248349217e+01 7.040990454232435525e+01 5.827543080849147827e+01 3.807806654004662761e+01 5.827944387407054450e+01 6.161040405390929209e+01 4.169490932177663467e+01 6.543610172519919388e+01 5.093365275285104588e+01 6.354336630827302912e+01 7.714506492862668097e+01 9.202405519771292575e+01 1.116977801525390532e+02 1.158254153423384167e+02 1.114478581552044005e+02 1.116794138959507166e+02 1.201958085064012920e+02 1.170986687023412713e+02 1.055089791861229713e+02 9.668621263517968600e+01 8.600099988775743043e+01 7.766890029196837020e+01 7.495147712421677966e+01 6.549143349691426863e+01 4.383341522390783496e+01 5.299087772948922748e+01 6.950143089575492183e+01 9.582830624502675221e+01 1.003759543985283216e+02
1.062628241371085238e+02 1.055682918714494321e+02 9.132823995740157841e+01 6.811169518653737498e+01 8.495313660527772015e+01 8.822153919627605489e+01 8.644704744523068030e+01 8.767910412502011752e+01 8.032582710601168685e+01 7.185384263483902600e+01 5.918978258780136059e+01 3.877022068496062701e+01 5.791592879526324822e+01 4.073084134124810873e+01 4.894553101308928689e+01 4.268305943662090840e+01 6.587972096728812232e+01 8.332544200305525806e+01 8.456030375136170107e+01 9.198843435135685809e+01 1.002110015471626809e+02 1.092158589614350603e+02 1.205919467233743916e+02 1.205426653991235924e+02 1.105932425010783646e+02 1.024278574275275560e+02 8.868361212840949293e+01 8.946346562319781981e+01 7.772274776733449642e+01 5.513131485477588001e+01 6.737583588576900695e+01 4.469505582172917002e+01 6.612538629622977737e+01 7.448408515502362093e+01 8.598056092324591759e+01 9.211912288338777444e+01 1.002534098886596894e+02
9.401417006523789155e+01 1.037931299184903082e+02 1.021711451612445671e+02 8.534310414381792498e+01 9.113725875188329439e+01 1.078733392999242824e+02 1.022760693689144347e+02 8.996383670005982935e+01 7.587492224181349343e+01 6.290587222281126856e+01 4.156152123284939393e+01 4.149255676534217230e+01 3.976401599916655272e+01 6.001400348958079434e+01 6.331780522904714559e+01 4.341000732509797189e+01 6.417833514548752305e+01 7.492909766147623429e+01 6.302431918358702490e+01 7.097853537874884466e+01 8.074154422937247944e+01 9.272912097724396574e+01 1.125051309751416682e+02 1.124542680724302954e+02 9.240144678817232204e+01 8.179810401414668775e+01 7.332650034525950389e+01 6.763917167286535914e+01 6.235234756299293224e+01 7.132326206063908103e+01 4.874032902834969150e+01 4.531775327930147768e+01 6.816089859800430872e+01 7.798018138724593484e+01 8.524952871232689233e+01 6.936658479496280449e+01 8.784834592414938470e+01
7.625241378317537055e+01 8.985618821697650560e+01 1.094361575920903249e+02 1.103319671567607685e+02 1.125678021768313215e+02 1.042407915649446721e+02 9.481789059943417897e+01 8.065559513599343688e+01 5.750964654294446632e+01 4.475219884605249376e+01 6.290587217477856541e+01 6.802673480702134157e+01 5.466500016185821664e+01 6.913657120999009464e+01 6.456435142143165251e+01 4.415898456732750077e+01 5.882421046943531451e+01 5.312395403774837632e+01 7.492910896714320756e+01 8.790336522733467461e+01 9.570531181775091056e+01 1.038571323896941010e+02 1.137786796795674604e+02 1.205426668334942519e+02 1.075098136159767535e+02 8.714589961242448624e+01 8.868362585318519109e+01 8.946346562481220133e+01 8.245451035485444891e+01 6.019200034902128493e+01 7.132326512112719286e+01 6.816089877534864172e+01 4.625264953081475028e+01 6.848289163551281433e+01 6.796245182313535338e+01 5.623155329160388050e+01 7.854082268024514235e+01
9.403232624043180010e+01 1.015524400018894084e+02 1.096379611430501626e+02 1.221604456036007775e+02 1.018745591219428803e+02 8.712497966505502234e+01 7.447936296630246034e+01 6.418682374242688127e+01 5.530467336181484939e+01 4.735003493652626361e+01 6.052171184080980026e+01 8.294963375821426155e+01 7.974376512846509968e+01 7.357539150969228103e+01 5.187547710014486313e+01 6.511108677368697784e+01 4.527049123612454906e+01 6.646984922502788606e+01 7.784515321893728412e+01 6.656667547387725392e+01 7.506330139703862869e+01 8.571630574686552961e+01 9.996986686729009364e+01 1.195143651781800713e+02 1.156406639440653237e+02 1.017114516262404322e+02 1.089876730797349040e+02 8.995196305323878505e+01 7.463795647818285772e+01 8.245455830607589576e+01 8.763653221788004544e+01 7.275112123171157918e+01 4.747572883057166848e+01 4.722659979378880735e+01 4.794076724634703623e+01 4.869667715143339137e+01 7.141776681865175647e+01
8.796472225605614881e+01 8.233650528403454416e+01 1.015524400018894084e+02 1.169126593946546393e+02 1.066720892814812061e+02 9.831027560114691255e+01 9.074372370941262034e+01 8.379609427440301772e+01 7.346756790755827637e+01 5.056066042657142390e+01 7.346756790755827637e+01 9.159982304960819022e+01 8.300589214644391234e+01 6.170705906440944943e+01 7.338908435309807032e+01 6.017954610718499708e+01 4.608807405579013761e+01 4.771648896275297602e+01 5.554293453894423749e+01 7.784515321893816520e+01 8.761305788452827414e+01 9.385738139323736107e+01 1.009741546137140062e+02 1.090576644653558560e+02 1.188467876474939686e+02 1.215082977785964431e+02 1.184051959165187640e+02 1.041785850470515982e+02 9.590504794323037174e+01 9.411300538934945337e+01 7.908289158784212702e+01 5.581848177954422141e+01 7.275112123243000894e+01 6.396794200347965642e+01 7.131253133164365465e+01 7.215636586092196580e+01 4.983884940301874877e+01
6.892760105451669972e+01 7.985065837638450148e+01 9.904873964361750893e+01 1.086725980886374714e+02 8.794795311365632529e+01 7.690883498976600663e+01 6.877339035595313987e+01 6.126202743770639358e+01 5.602894897159766430e+01 6.226815839714341649e+01 8.231501963425242252e+01 9.472839583458710422e+01 7.442442385480954670e+01 7.710165040087149180e+01 8.788436593673799280e+01 7.544360791567058300e+01 6.745300880703881319e+01 4.725447539474560443e+01 6.886838192427798333e+01 7.924160167797892029e+01 6.626994860733621806e+01 7.314730324525284288e+01 8.084488019624951960e+01 9.115896610181984272e+01 1.051082351144882523e+02 1.245047511353428575e+02 1.184754588857497168e+02 1.085098376262328230e+02 1.003430785152077931e+02 8.570771591646433762e+01 6.373565931640628435e+01 7.908289158784212702e+01 8.763653342014339387e+01 8.618133290609091546e+01 8.725265012880626614e+01 7.422941315280431240e+01 5.068893047082252679e+01
8.796472225605614881e+01 9.598723321353114102e+01 1.071198230904208799e+02 1.169126593946546393e+02 1.066720892814812061e+02 8.856027246957299326e+01 7.295190324683166239e+01 8.379609427440301772e+01 6.243675600972725448e+01 7.841054966891888967e+01 9.327901207141898965e+01 1.027780782932429418e+02 8.645801867196722412e+01 9.725999264413410117e+01 9.069870989192968125e+01 7.037591938643255673e+01 5.814052569876236731e+01 4.808648061574901078e+01 6.988813876606120346e+01 5.713262022463840850e+01 7.924160167797892029e+01 9.385738139323736107e+01 1.009741546137140062e+02 1.039966827823739948e+02 1.121131080882326216e+02 1.203951377320382363e+02 1.103977316299227454e+02 9.028842540049258503e+01 7.960555950030827432e+01 7.171795604447352446e+01 8.570771591646433762e+01 9.411300538935077498e+01 9.751946864271846493e+01 8.919447525424833145e+01 7.873991942532960309e+01 5.621857899363511990e+01 5.156402356516645824e+01
1.005997808514019312e+02 1.043203391609044957e+02 1.043203391609044957e+02 1.125386005496230410e+02 1.175767596868732880e+02 1.030685160782230696e+02 8.415549682584932611e+01 9.121027933261741794e+01 6.904414916000294511e+01 9.121027933261738951e+01 1.081474744720866283e+02 1.140372539462829877e+02 1.060259411376044625e+02 1.080716786535532066e+02 9.900093495529607424e+01 8.687807791758609710e+01 7.364384862731625958e+01 5.145082823876864353e+01 4.934336590196251393e+01 7.072677926272821480e+01 8.124657362147702599e+01 9.479449101913795062e+01 9.761797741551418994e+01 8.397181119969219765e+01 9.243532121123459433e+01 1.105965468288464280e+02 1.184754588857619382e+02 1.085098376262490660e+02 9.301125835499756533e+01 8.161510882500256514e+01 1.012837680946864083e+02 1.043889415871905015e+02 8.919447525424833145e+01 6.791019678486583189e+01 6.306368054422425473e+01 7.873831458755905999e+01 7.496794631233906614e+01
9.856662718237033971e+01 8.459465381511758153e+01 8.459465381511758153e+01 1.043203391609044957e+02 1.213896827269218193e+02 1.134123897802433021e+02 9.919434156786141443e+01 9.830229424945932237e+01 7.691194768007683535e+01 9.344087409928302179e+01 1.165405910696136544e+02 1.100793690473863649e+02 1.019329908951041688e+02 8.873708237772694929e+01 8.970052139879794595e+01 7.936495483425085240e+01 5.724532385914351806e+01 7.371808497822085826e+01 7.141808660226040217e+01 5.068552144546328719e+01 7.302545478041008664e+01 7.402408249335267953e+01 7.710982361945930563e+01 7.159798123361959199e+01 8.239151408193190207e+01 9.674099079234690635e+01 1.163322178321406142e+02 1.212553733037635482e+02 1.103800371040245665e+02 9.379067587429415198e+01 1.078759887379586360e+02 8.759991965433371774e+01 7.524423617390435481e+01 8.919447525424833145e+01 7.867914485507800748e+01 9.013061093454361128e+01 6.835458667247615949e+01
9.037217328934639227e+01 7.073260862606255728e+01 9.037217328934639227e+01 9.337246945523610009e+01 1.017280238796896299e+02 1.099517033051948545e+02 1.194431279148569018e+02 1.067126708734893299e+02 8.784439997155128310e+01 1.067126708641674071e+02 1.120996720726835036e+02 9.412655205258938906e+01 8.341617806449146144e+01 7.425958296452645868e+01 6.896736723548029602e+01 6.373383361748087594e+01 7.936495483425085240e+01 7.477484583303373711e+01 5.225971489632242850e+01 7.302440650104659881e+01 5.472573772534235559e+01 5.786540126392026906e+01 6.123054489842458992e+01 8.311657583626637802e+01 9.417898935162540397e+01 1.006887483649617110e+02 1.080054411156320811e+02 1.164022298401955311e+02 1.218250033843369806e+02 1.137605481009350115e+02 1.159716533769413189e+02 1.018880450811573155e+02 8.126987935613546199e+01 1.018880450811573155e+02 9.942819734707025248e+01 9.013430009019224087e+01 9.013430360205322245e+01
8.416159763033297736e+01 6.481784729360714437e+01 8.416159763033297736e+01 7.941386381925143212e+01 8.197531567893612703e+01 1.017280238796896299e+02 1.113134985398833123e+02 1.170320708929306193e+02 1.087601885273773377e+02 1.170320708931612899e+02 1.198747441892337804e+02 1.040720979168296481e+02 8.467903196377152142e+01 9.440005451541223636e+01 7.924032031879968940e+01 8.515060295677302804e+01 9.335775436973682417e+01 7.602063606398742479e+01 5.344200307445666454e+01 7.602063606395230977e+01 7.715907369551339912e+01 8.010757020885053237e+01 8.311657583626637802e+01 6.674216050411693857e+01 7.332105477905625435e+01 8.018905363299221278e+01 8.761004543210408713e+01 9.942845461490453829e+01 1.197218225635420197e+02 1.257114741868726213e+02 1.061763649341778404e+02 9.187802419924251751e+01 1.018880450811573155e+02 1.100290860545162417e+02 1.185999433747595759e+02 1.014411692828349913e+02 8.805480977926347919e+01
7.169546709882025937e+01 5.999903147769000356e+01 7.798153433299938797e+01 6.820231870186094625e+01 8.642781984318021671e+01 9.139457290263909783e+01 9.139457290263570144e+01 1.041683296235282512e+02 1.127581500851786132e+02 1.231137639281149916e+02 1.170928802066313352e+02 9.849698384697275344e+01 9.851278713761087147e+01 9.932350447120248305e+01 9.932350447120248305e+01 1.019205820568614058e+02 8.999352600099580002e+01 7.727182922484738015e+01 5.469817979358128213e+01 7.727188565598044079e+01 8.929414410897069843e+01 9.748715634533274965e+01 9.624371067005739633e+01 8.799987182690377097e+01 7.345452225580017114e+01 9.396774592703491180e+01 1.077317121725531166e+02 1.164022298401954032e+02 1.281124025473441463e+02 1.278306372539759082e+02 1.083173022773606107e+02 1.118980659630720140e+02 1.199562314187506473e+02 1.154343554511540475e+02 1.079622679194430077e+02 9.319563872193920417e+01 7.199946112062787051e+01
5.396869085174819247e+01 5.644835000706783745e+01 5.912510456813406989e+01 6.267245133995545103e+01 6.676959542662577007e+01 7.157779801632152328e+01 7.752103438084974130e+01 8.413878081836725187e+01 9.407787044726413228e+01 1.146657326846732445e+02 1.250803045135277642e+02 1.173204139858393802e+02 1.174934613974666178e+02 1.187242993744337411e+02 1.094876200806937163e+02 9.389627003552043050e+01 7.264763870801758117e+01 5.672004514446288681e+01 5.609444313946155347e+01 7.434341783255315761e+01 6.827145704092441747e+01 8.929541387626208859e+01 1.081661191993546680e+02 1.020431831351150151e+02 9.396774592703491180e+01 8.047484166300834829e+01 1.004262084041453278e+02 1.137329828786486701e+02 1.204179067636897997e+02 1.284380336514806231e+02 1.278306372539759082e+02 1.266584304769944538e+02 1.072177622642737589e+02 9.566507006774033073e+01 8.780525806387593946e+01 8.103090551869227909e+01 7.717321219098630536e+01
