MOVIE_S4_data/elevation_000302.asc
nrows	100
cellsize	150.0
xllcorner	0
ncols	100
yllcorner	0
NODATA_value	-9999
[rows 0 to 16 of 100, columns 37 to 73 of 100]
1.314749780767463676e+02 1.231895992671022526e+02 1.314749780767463676e+02 1.300951832352563429e+02 1.219959653296924245e+02 1.300951832352563429e+02 1.260261761312341093e+02 1.179074340169926671e+02 1.260261761312341093e+02 1.267291408205862950e+02 1.186116563511885431e+02 1.211694632643200862e+02 1.292782052883377446e+02 1.320220722492301775e+02 1.237587697505893374e+02 1.237587697505893374e+02 1.238829889074842185e+02 1.180481943087975623e+02 1.180481943087975623e+02 1.263064803202367727e+02 1.213580890224424707e+02 1.131537981015120238e+02 1.105993333120738669e+02 1.187958975075392090e+02 1.147110763243567533e+02 1.064816991546322953e+02 1.147110763243567533e+02 1.155759366034456548e+02 1.157793710704693098e+02 1.215738118812668205e+02 1.263409915148121598e+02 1.205274398778171161e+02 1.164309711222552721e+02 1.246567922980249961e+02 1.335023924032501270e+02 1.449897577040326553e+02 1.414602793545888630e+02
1.213949904925305816e+02 1.029644677764457299e+02 1.213949904925305816e+02 1.201995440904103845e+02 1.021060890612741048e+02 1.201995440904103845e+02 1.161009150352373638e+02 9.795329842712875745e+01 1.161009150352373638e+02 1.126835658177616750e+02 9.866832844716799400e+01 1.012685189918844770e+02 1.211694632643200862e+02 1.237587697505893374e+02 1.038907056731057423e+02 1.038907056731057423e+02 1.040248338834323789e+02 9.821616780519991607e+01 9.821616780519991607e+01 1.180481943087975623e+02 1.131537981015120238e+02 9.361735978784909662e+01 9.109664348360976760e+01 1.074877244051457836e+02 1.050407798952703047e+02 8.735934759999273069e+01 1.050407798952703047e+02 9.602897050414277658e+01 9.624268601819380820e+01 1.019648485880994286e+02 1.066635858947037576e+02 1.009209895481378823e+02 9.689620066715195890e+01 1.055301487997134728e+02 1.168515742281627183e+02 1.367222775398340104e+02 1.299859474825618690e+02
1.130770335217739841e+02 9.284546325910264386e+01 1.130770335217739841e+02 1.120510271954832433e+02 9.203069208184528804e+01 1.020408596386642017e+02 1.079303662220606697e+02 8.786856499037698143e+01 9.789946560621879712e+01 9.267989140002066506e+01 8.702589240419743533e+01 9.866832862751655853e+01 1.186121189375896989e+02 1.220810370956630493e+02 1.022320053359543977e+02 8.992520609756009264e+01 1.040248338834323789e+02 8.426913902134891998e+01 1.040248338834323789e+02 1.167668745621963353e+02 1.121664220457924301e+02 9.933945008968828461e+01 7.988017164572453055e+01 9.933945008968828461e+01 9.688037911144255077e+01 7.786215786376749293e+01 8.793082964642337629e+01 8.230149398669259142e+01 8.255221003918825318e+01 9.624982302749874918e+01 1.003810480743216687e+02 8.729950383763112143e+01 9.587710133040609151e+01 1.070469322000746502e+02 1.267869258839983786e+02 1.357908012576471890e+02 1.159268173324253297e+02
1.063331767675502704e+02 8.617011188101743357e+01 1.063331767675502704e+02 1.161558488225238790e+02 9.619423968596004215e+01 8.194381046865663620e+01 9.383627367164034183e+01 9.789946560532447961e+01 7.778260433719218270e+01 7.842439113581541221e+01 9.006981955118972394e+01 1.101077181224279542e+02 1.267341776383463667e+02 1.171090562477840251e+02 1.022320053359543834e+02 8.246491317236348095e+01 9.380328891686446013e+01 7.830229618365063970e+01 8.872989369297596340e+01 1.085247813412006508e+02 1.039988648123453885e+02 8.447080661562388570e+01 7.393743480705002469e+01 9.347225688153569934e+01 9.016413790463376188e+01 7.092975132393800664e+01 6.831312807832991041e+01 7.095155126006254420e+01 7.376638931800476939e+01 7.679672050641404724e+01 8.100388500732640296e+01 1.003810480743216687e+02 1.148419410020545968e+02 1.236127108347188965e+02 1.350414075310033013e+02 1.311983899040468202e+02 1.164951820710908379e+02
9.197810770971314298e+01 8.042497469051006931e+01 9.341055280168289698e+01 1.014356692643058295e+02 1.080065560176073092e+02 8.796675054128216686e+01 7.371706050740797878e+01 8.672305763815386115e+01 7.171221391452010607e+01 9.183400371623335445e+01 1.067559170465650880e+02 1.182676214927537615e+02 1.229101802018018503e+02 1.030480524855169051e+02 8.908640188606736388e+01 8.102686911875872511e+01 7.401156713471178250e+01 7.256242141474950813e+01 8.656719678192627043e+01 1.063529961873448855e+02 1.031557824077168846e+02 8.805427205016933101e+01 6.842990103058230034e+01 8.805427206256061368e+01 8.104422878942141040e+01 6.464152675574402451e+01 8.432476919615686484e+01 8.230149398669259142e+01 9.328325270449980167e+01 9.624982302749874918e+01 8.333423126619001664e+01 1.027076126371657381e+02 1.182434706689953430e+02 1.270420771759251153e+02 1.384937797169070564e+02 1.229621414296456976e+02 1.033325577690739578e+02
1.076504853320766273e+02 8.751217962031596187e+01 7.339802821028506230e+01 8.135225893397935693e+01 9.555769949757318216e+01 1.009214148403106321e+02 8.084190552434493782e+01 6.661241812200626100e+01 8.672305764141259488e+01 8.870571368065219531e+01 9.544182553237540390e+01 1.038870809164892108e+02 1.140452019350352373e+02 1.171090562477840251e+02 1.088657287781210954e+02 1.007908978959371353e+02 8.769544163684864202e+01 6.786007622173241316e+01 8.331454626911271077e+01 9.125150073556159214e+01 9.491500147207655402e+01 7.529173277794384944e+01 6.385528788733194006e+01 7.786386019167731831e+01 6.131056060348993952e+01 8.104422878942141040e+01 9.244172732014649796e+01 1.017541443230049794e+02 1.099073974817640362e+02 1.108630288046648076e+02 1.027076126371657381e+02 9.062838584966736732e+01 9.921844037844908826e+01 1.104429518053673718e+02 1.302347521136306625e+02 1.216795174104351815e+02 1.021057077502560588e+02
1.028357940999646587e+02 1.017431016144044094e+02 8.723455363037987809e+01 6.725205122123333012e+01 8.169240462666770952e+01 9.000650515503775750e+01 8.393421167931296623e+01 6.383363283231611263e+01 7.999870186855086729e+01 6.853213703466207107e+01 7.523348997720549391e+01 8.531369690972502440e+01 1.055699541550258829e+02 1.246476987376681507e+02 1.047783190057519107e+02 9.079843301586900850e+01 7.938747833699827083e+01 7.050347484295272693e+01 6.344566007885919845e+01 7.911738945098052511e+01 8.754549503551770329e+01 9.167527241401661797e+01 7.786386004040217301e+01 5.808385725166628077e+01 7.786386019168530481e+01 8.104422878942141040e+01 1.006168682037188802e+02 1.044442041464306925e+02 1.044442041464306925e+02 1.126094907372275600e+02 1.182434706689953430e+02 1.042855572313743266e+02 1.042855572313743266e+02 1.239572254431805760e+02 1.275010383507179768e+02 1.192871579909489412e+02 1.044792372373172356e+02
9.135261290242642929e+01 1.012994494700278665e+02 9.325449647178677992e+01 7.322836595426275608e+01 6.171165161231547813e+01 7.677348326781488197e+01 8.475850002287121754e+01 7.657275937631756335e+01 5.997915482254310149e+01 8.015566360118833700e+01 9.544182553237540390e+01 1.038870809164892108e+02 1.140452019350352373e+02 1.250769141278291272e+02 1.170516776757861521e+02 1.073949840338486723e+02 9.853823307584853808e+01 9.032115388982299464e+01 7.941730050385234563e+01 5.952068851995003484e+01 7.581513852962895328e+01 8.403570645118510640e+01 7.593335562214814161e+01 5.613045254002938833e+01 7.593335561483685581e+01 8.175568541247928067e+01 8.604389536833086538e+01 8.494681028885533181e+01 8.494681028885533181e+01 1.044442041464306925e+02 1.218569762037163144e+02 1.239572254431805760e+02 1.239572254431805760e+02 1.322013841066163309e+02 1.192871579909489412e+02 9.972383451731393222e+01 1.012507981403622210e+02
7.316554724975050306e+01 9.307959065961784972e+01 1.015817089702504319e+02 9.000650515503799909e+01 7.677348326781488197e+01 5.678829554760346099e+01 7.342255605926396811e+01 5.659780647452265612e+01 7.078539000019777916e+01 8.008330685766617307e+01 1.002194564705994821e+02 1.197990564479358682e+02 1.177242366397752846e+02 1.096278717241657716e+02 9.704483093851571596e+01 1.117884939581588526e+02 1.059588053324947055e+02 8.615348953870335436e+01 7.213154455311426716e+01 7.581513852962895328e+01 5.589732960852980170e+01 7.234838102869167642e+01 7.402765335162460758e+01 5.420812539324392532e+01 5.795684826316584548e+01 6.203710928853541873e+01 6.639284864977763334e+01 7.108374762947561010e+01 9.065746473427419971e+01 9.411451980422266672e+01 1.078858749510071675e+02 1.275872588065635824e+02 1.295835916693249885e+02 1.354793441104351075e+02 1.192871579909489412e+02 9.972383451731393222e+01 8.590965431210008774e+01
9.135261290242642929e+01 1.012994494366568006e+02 9.156677376526108958e+01 8.313387589639147279e+01 7.333704519002003508e+01 5.346352507557069345e+01 5.336208078327456406e+01 6.749946424774392995e+01 8.479342899295822633e+01 9.901402749932252334e+01 9.985399684353160410e+01 9.985399684353170358e+01 1.096278717241657716e+02 8.944139835457521315e+01 8.520703970618573919e+01 9.166028420717766778e+01 1.117884939581588526e+02 1.001755535852643959e+02 9.195433223116381782e+01 8.403570645118510640e+01 7.234838102869167642e+01 5.242304221808629450e+01 6.974810073889872797e+01 5.230880338963596898e+01 7.213777279399640463e+01 8.175568541247663745e+01 8.604389536833086538e+01 9.065746473427419971e+01 8.036295553117167856e+01 9.411451980422266672e+01 1.136562766835403693e+02 1.213292285069980352e+02 1.098889071785087026e+02 1.156573467125392654e+02 1.203600142929567340e+02 1.007584503993131619e+02 8.684875493286310189e+01
9.618995175875029702e+01 9.466770038954867061e+01 7.484640452277535871e+01 6.378398780098114429e+01 5.685544053887265648e+01 5.024346207463521097e+01 7.027131252297137110e+01 8.166617758525519832e+01 9.523809957143600968e+01 8.823848194835875347e+01 7.973533488901901478e+01 9.985399684353170358e+01 1.090897374599068428e+02 9.534620949511854349e+01 7.498645420751259394e+01 8.736110588098600260e+01 9.563728391923885397e+01 1.070353813637100444e+02 9.308254286526754129e+01 8.313763901329765815e+01 7.033176268794154851e+01 5.003107580198964399e+01 4.990852312840591765e+01 5.445706438796742788e+01 7.389021641364357151e+01 8.599546761957633123e+01 9.347206094463513182e+01 1.016774510465778576e+02 9.983816787787604596e+01 1.079857480039759707e+02 1.157271071375796936e+02 1.018575467122478955e+02 9.632223222470604185e+01 1.151979346494094614e+02 1.127389391877825489e+02 9.316439391237022960e+01 8.157346008877193810e+01
9.233655422812506686e+01 1.031021221284328107e+02 9.156677376526108958e+01 8.313387589639147279e+01 6.850584361477295658e+01 4.851387978426286907e+01 6.850584361477295658e+01 8.704276771116620637e+01 7.876109308077005267e+01 6.812744718080675455e+01 8.823848194835875347e+01 1.080725530436339596e+02 1.012845061197429999e+02 8.136094030406137279e+01 8.504353258016675454e+01 6.708169930683015991e+01 7.858035704752435890e+01 9.884426520359117774e+01 8.487273328089683844e+01 6.515820092950222886e+01 5.520116923253591779e+01 4.767807036469614701e+01 6.755005865609565774e+01 7.389021641362853643e+01 6.132137740491299382e+01 6.642239052097306740e+01 7.369085435257008498e+01 8.355672686251756431e+01 9.759568188563869739e+01 1.173698274414045244e+02 1.060426819656555892e+02 8.831280270360640827e+01 8.776583059085002958e+01 1.070192497053212151e+02 1.209393984903041996e+02 1.095970315163090305e+02 9.904680353303326967e+01
1.005575477636292874e+02 1.080794703212513213e+02 9.258273948177274804e+01 7.246493319195022309e+01 5.829144715038326297e+01 4.681058433915444539e+01 6.677227715663228480e+01 7.872903586782142327e+01 5.868940860471210641e+01 7.286665268557293018e+01 9.293258073694174470e+01 1.053802562351995959e+02 8.513923711365546865e+01 8.423916452241923025e+01 6.490578808590547055e+01 6.214051621754009602e+01 8.235031709847942238e+01 9.889643050339935826e+01 9.285606502238617566e+01 8.232619218110941972e+01 6.622394230203254040e+01 4.639948699725833592e+01 6.626187511464259217e+01 7.834584929932879049e+01 8.076434272615739474e+01 8.599546761957867602e+01 8.019720003655051244e+01 9.999372385679323827e+01 1.115880041874783188e+02 1.144084154917751164e+02 9.793946521350363810e+01 7.859968065478261678e+01 9.793946521350363810e+01 1.151006833279068928e+02 1.119629941456305318e+02 1.038014553227256442e+02 1.078233825453538941e+02
1.080794703212513213e+02 8.795725808611490493e+01 9.164975283056038791e+01 7.925868914634864382e+01 5.919708231078256233e+01 4.514451445090967496e+01 6.507046777318458908e+01 6.703694693031576435e+01 5.354826711151391549e+01 6.769446483774611067e+01 8.792159403327013933e+01 9.951721743049343161e+01 7.918368266688764834e+01 6.490602245417017002e+01 5.618842668393133977e+01 7.123972086776112178e+01 7.067576552673804713e+01 8.488006005915775631e+01 8.336240374605053205e+01 7.137789449195751956e+01 6.323619472013160703e+01 4.514909555164976496e+01 5.030363167423384141e+01 7.017753042185668733e+01 8.517138455267392771e+01 9.333212568732834313e+01 9.999372385679323827e+01 1.081982368779174521e+02 1.144084154917751164e+02 9.501701219409704890e+01 9.324833863926134825e+01 7.376078049505427714e+01 9.324818249564945916e+01 1.079470034837336527e+02 1.006434802474816905e+02 8.421241233983029417e+01 1.006489371641611967e+02
1.032776907384897669e+02 8.313751149469980817e+01 7.152016677941588796e+01 8.216057496439874797e+01 6.341036441940941870e+01 4.350645898997736083e+01 6.104573388169799841e+01 4.712739282324073287e+01 6.708598792282923284e+01 8.190367323712450798e+01 8.975371493288933777e+01 8.524349864353990824e+01 7.659371957724603419e+01 8.394210160064886850e+01 7.093509364599104572e+01 5.167195983544008442e+01 5.673165444795237278e+01 7.494513559115490864e+01 6.948168925979980770e+01 5.570631866253636844e+01 4.348539037703586274e+01 5.240288240292449018e+01 6.930275939030103416e+01 5.884137223115321547e+01 6.547102596279519560e+01 7.534977378050741947e+01 8.923619200723103972e+01 1.088911479701273919e+02 1.035943081175853990e+02 9.548515919751626768e+01 7.920044162924720865e+01 6.923845265819636552e+01 8.070245639749181521e+01 1.000490902811640268e+02 9.248824694271874591e+01 7.291676000877906461e+01 9.248824694271874591e+01
1.115704020924171402e+02 9.996272311295307134e+01 8.216057496439874797e+01 6.206886523114781085e+01 7.171944727282748033e+01 6.106426305668321675e+01 4.121539991796101532e+01 5.891134226621471726e+01 6.615444610566233052e+01 6.976253494568659619e+01 6.977061024900122277e+01 7.315466589309667711e+01 5.460319318463528049e+01 6.807010373286614424e+01 5.986370664676984177e+01 6.258613840116141347e+01 4.758388788900243327e+01 6.659844905181255115e+01 5.975258992246494927e+01 4.189813993158710304e+01 6.151382485519209098e+01 7.000598976758686831e+01 8.156941480294312896e+01 7.860459835604770262e+01 8.517138455267392771e+01 9.333212568732834313e+01 1.031670005166160422e+02 1.031258053083792419e+02 9.231909976565664522e+01 7.597580091179263206e+01 8.006102573983083914e+01 6.537588788652827532e+01 8.517219437959383299e+01 9.893255929728427134e+01 7.923822367092999741e+01 6.595945471986955511e+01 8.501579458665946731e+01
9.388533311685792171e+01 8.556481763813714281e+01 7.636059795291266994e+01 5.630424055648455095e+01 6.456666353458108176e+01 4.465053458764620586e+01 4.183137742224459288e+01 3.909179932141346825e+01 5.088510671825422094e+01 5.019896258524146049e+01 6.875125473774656371e+01 6.256355659216109188e+01 4.335728871391461325e+01 5.615979256121664065e+01 4.141756171875871217e+01 4.397119581704621538e+01 6.258529946551910683e+01 5.813754756677444391e+01 4.013463166218296863e+01 5.982241922933157952e+01 6.970352793906228328e+01 7.678976622422578657e+01 8.508508864968078456e+01 9.392303941750675733e+01 8.577460442550011521e+01 8.832614879189338808e+01 9.647518829411394847e+01 9.333771230312866862e+01 7.534967913659819772e+01 6.438359700899921734e+01 6.007176951544951748e+01 7.177388656564538394e+01 9.138146837646053200e+01 9.745207156910458934e+01 7.923490942440795948e+01 5.952526464866588185e+01 7.178539004446074046e+01
