MOVIE_S4_data/elevation_000541.asc
nrows	100
cellsize	150.0
xllcorner	0
ncols	100
yllcorner	0
NODATA_value	-9999
[rows 34 to 50 of 100, columns 0 to 36 of 100]
6.606448164489217567e-02 5.066064481644869666e+00 1.023004227658804588e+01 1.600354496848420283e+01 2.267021163515075344e+01 3.267021163515040172e+01 5.267021163514969118e+01 5.599056071163897030e+01 3.925600524141780312e+01 5.599056071163897030e+01 5.918174587184040547e+01 4.504701390522960480e+01 4.593535055422231750e+01 5.815966550736685292e+01 6.223855660424907654e+01 4.955098606446539833e+01 5.954036447022593137e+01 7.367570699285755609e+01 9.366966722087175867e+01 9.707762030096357364e+01 9.127515956591889790e+01 9.982221828219208248e+01 1.085433524839910149e+02 1.033459508098681283e+02 8.334784166445240317e+01 6.987480545602414850e+01 6.376797342872990271e+01 7.558285895258788400e+01 6.233292261311964211e+01 6.415565907577168048e+01 4.501662139377749838e+01 4.198662832034523973e+01 5.447710606985172888e+01 3.539103171186005170e+01 5.174816888364763656e+01 4.990336707236099301e+01 3.017040410398597672e+01
6.290596198942818851e-02 2.006290596198907394e+01 3.023004227658768883e+01 3.600354496848348873e+01 4.267021163515003934e+01 5.095448288260757863e+01 6.095448288260438119e+01 4.770730795612686848e+01 2.769317782923046423e+01 4.316123714163481395e+01 4.625014873523954151e+01 3.089523528053784673e+01 3.438657580838439287e+01 3.817271360513799294e+01 4.225615367574503267e+01 6.223855660424907654e+01 6.368051043841631298e+01 7.781682947265808536e+01 9.780996029203875253e+01 9.456925654440718176e+01 9.140458464344503398e+01 9.969121972539670651e+01 1.082186319166152799e+02 1.033434055222202517e+02 8.334783073894611505e+01 8.276178364867465120e+01 7.699659399992208364e+01 8.124082385399205464e+01 8.124082381088547322e+01 7.218306233270376993e+01 6.415504520427050750e+01 5.729734790138130052e+01 3.795799705492152754e+01 4.977898145003801034e+01 5.591336800016746622e+01 3.866552215881700505e+01 3.056483001677197464e+01
5.954267593782444634e-02 8.224508485215157094e+00 1.822450848521533473e+01 3.236664410894678667e+01 5.236664410894749011e+01 5.544332330613372051e+01 4.450078845343843881e+01 3.621582109659215121e+01 2.011975764655421273e+01 2.313800236333791105e+01 2.623109867676521745e+01 4.039391851891168272e+01 5.438237261526634825e+01 5.230568148599029143e+01 5.638405542117310176e+01 5.638405542693617178e+01 7.637257362820507467e+01 9.195125885622618966e+01 8.871433190060209029e+01 7.457538997578016904e+01 7.140862209891349721e+01 7.986191324647684553e+01 9.969121972539670651e+01 1.118061629001500137e+02 1.033447784575614889e+02 1.026239998939195459e+02 9.668018449710373829e+01 1.009384631664791812e+02 8.489944255477294632e+01 7.371968785166099281e+01 6.139161878347151458e+01 4.217475883888999277e+01 5.729734790138130052e+01 6.375289935824852705e+01 6.391107457987144613e+01 5.571445850896239449e+01 4.903578858440032207e+01
5.541180393181056874e-02 2.005541180393145595e+01 3.650877973267805743e+01 4.650877973267823506e+01 4.219035418546134508e+01 4.129624380509316239e+01 2.714917356896070899e+01 1.619836569088629830e+01 2.036808077105906634e+01 2.484732972339369894e+01 4.486741885338297919e+01 5.452839207338974603e+01 6.865728586428737401e+01 7.229243201825275378e+01 7.637256494057447753e+01 7.637257333733613507e+01 8.465179756680973355e+01 8.612409407165439745e+01 7.871297139797864872e+01 6.042621257061656337e+01 5.985386705237981886e+01 7.140862209891349721e+01 9.140458464344503398e+01 9.458726215912513169e+01 1.028680222811380247e+02 1.074951627746093834e+02 9.599771508478987414e+01 8.767871453887259747e+01 7.672455378630866107e+01 5.776821245624508094e+01 4.670919577030964831e+01 6.145847295882269634e+01 6.947795877318276325e+01 8.024287789693018169e+01 7.214404613911540309e+01 5.813613315890450650e+01 3.846065479212558103e+01
5.132731495283296419e-02 2.005132731495247711e+01 3.772235253340313932e+01 3.632941390778564994e+01 2.215987215166337165e+01 2.991773829822750841e+01 1.300078783379040104e+01 3.301046771634671018e+01 3.453162708126445324e+01 4.486741885338297919e+01 3.172407531757590604e+01 5.172901557967233543e+01 6.816520095359047104e+01 6.882854510403925019e+01 8.881400101242229539e+01 8.285925317747448560e+01 7.457697905656506521e+01 6.612390346526888152e+01 7.042883524110428084e+01 5.041516680017025465e+01 6.457041068325121103e+01 8.457232260762846465e+01 9.131969938375476659e+01 7.458052379764959028e+01 9.131969938375476659e+01 9.908001251419685218e+01 7.933238653305949128e+01 6.843901369706669868e+01 7.050452745372400898e+01 5.162209762697196425e+01 6.578010501654607367e+01 7.382316424886830930e+01 8.581161813729767118e+01 6.648275245275743828e+01 5.289413346569322272e+01 4.665541016231826887e+01 5.811943137449308239e+01
5.077994834438732952e-02 2.005077994834403299e+01 1.772553095775247911e+01 2.538677377141519642e+01 8.023404195314917331e+00 9.920021905787841376e+00 2.992291138146261886e+01 4.129624838816888399e+01 5.453614317626849584e+01 6.000659209952078754e+01 4.587418537363461013e+01 3.989935630606379391e+01 4.884171174684441041e+01 6.297398451376157169e+01 8.296270468282273214e+01 7.457697905656506521e+01 5.456960985020385380e+01 5.197284161684774517e+01 5.953602530495972189e+01 4.570068081630356005e+01 5.985199505110300322e+01 7.985771828192051203e+01 8.303636638052078922e+01 6.301751376408965655e+01 8.303635639263342227e+01 9.579492929132223367e+01 9.599748450086313767e+01 7.739466181395786748e+01 5.852525200973411756e+01 7.050450321588336067e+01 5.876560633401499700e+01 7.766019888276734662e+01 8.581161813729767118e+01 6.648275245275743828e+01 7.214404613911540309e+01 6.605666041864687088e+01 6.589833429902418516e+01
4.095169275885861271e-02 1.808718645725225560e+00 3.583431664557449992e+00 5.386770933892321978e+00 2.537925722695408126e+01 2.368277818998853590e+01 1.580673201370843017e+01 3.576618868730985668e+01 4.931060329854231128e+01 5.761215817956425411e+01 6.586382606848025034e+01 5.988933176894007460e+01 5.403595042211594546e+01 7.402347726657431792e+01 7.906606045125229798e+01 7.077874841714586296e+01 6.042961179121152071e+01 4.044082419699131492e+01 3.955058528764548953e+01 5.953598865946015906e+01 7.167524059391448077e+01 7.607143772463621190e+01 6.778471630437928752e+01 5.593673048344627574e+01 6.749965517302223361e+01 8.751373988885528377e+01 8.961631952721475614e+01 7.029218233367510038e+01 7.739466205738290228e+01 8.317489709460025438e+01 6.411653457302689674e+01 8.317490256752064681e+01 9.400300334110286826e+01 8.581161813729767118e+01 7.847606511407855123e+01 6.893069786609169114e+01 5.800146013376653542e+01
3.794593529682660504e-02 2.003794593529420354e+01 2.358343155041407613e+01 2.538677377141519642e+01 2.059631547078144109e+01 3.899303015992893506e+01 2.991178792186223845e+01 2.227859464180153282e+01 2.932314077061668556e+01 3.824211578544927903e+01 4.979480229414430426e+01 6.983501430627927675e+01 7.402347726657431792e+01 8.229445148506495400e+01 6.752009832630935193e+01 5.078674241626480779e+01 5.376580675362973949e+01 3.386606105687104673e+01 5.271554529072739825e+01 5.508493904113186801e+01 5.165839147714232382e+01 6.160609314975148010e+01 4.776369829373320641e+01 5.593673048344516019e+01 6.749965515770378488e+01 8.751366385326674902e+01 9.795082457728679515e+01 8.379019739371744890e+01 9.361149266733259822e+01 7.408642044748600597e+01 8.317490256752064681e+01 9.134040610723181430e+01 9.119103213837468047e+01 8.394428399122402595e+01 6.503556629001580802e+01 5.153780748792336652e+01 4.164614007357449310e+01
3.760068892276602348e-02 2.003758168732955625e+01 3.239099325962423137e+01 4.067535218513888395e+01 4.052819225621828991e+01 4.863384068582645625e+01 4.989986133591398243e+01 3.041367347314793790e+01 3.638365654880777811e+01 5.639103087991827579e+01 6.656935402830423243e+01 7.813832092382517658e+01 7.812824061703273060e+01 6.982123638309171554e+01 5.923635288351636774e+01 3.931438984628284317e+01 4.773421108894139309e+01 3.062386216389288052e+01 3.283815540363669072e+01 3.513790906939733816e+01 3.753737906116212741e+01 4.159435360288930639e+01 6.160609518371367699e+01 7.595860093479812747e+01 8.424310142957833136e+01 9.579356358104493552e+01 1.078753801709653430e+02 1.036818225979460237e+02 1.019868490619406174e+02 8.516591875343407025e+01 1.019868490619406174e+02 8.963205679911105506e+01 7.453337322114715846e+01 7.926893605664749032e+01 7.517035097178364822e+01 6.327435416834618565e+01 4.401696374454967042e+01
3.621519728617531020e-02 6.066442088841474067e+00 1.239099740917828818e+01 2.133526931917877079e+01 3.288227470490549820e+01 5.288228599310981792e+01 5.870199148851904880e+01 4.039199870426730854e+01 5.639125160280982385e+01 6.468583305710272668e+01 6.707557151270981421e+01 7.541295477555418358e+01 6.657846505563536255e+01 4.983718384794210010e+01 6.181687078696656101e+01 4.189536621160090135e+01 2.810093941481691004e+01 4.773431015396641186e+01 5.271554529072739825e+01 5.088036548378168078e+01 5.752121490706512219e+01 4.203951108603080655e+01 5.617091332215945698e+01 7.618347567940951137e+01 8.545364354373511162e+01 7.959473320841193811e+01 9.374484060115590012e+01 1.137298158715199605e+02 1.135915743745935060e+02 1.051483611832570801e+02 9.960342279354324546e+01 8.398335690416031696e+01 6.534089741886019453e+01 6.057837546360642023e+01 5.643617333190894669e+01 6.553534315776457220e+01 4.643746472092669109e+01
2.661327423881425236e-02 2.002661327423846060e+01 3.239100004521078802e+01 4.067535230475641583e+01 4.961966289994219892e+01 6.116675267989409548e+01 6.871605906411225817e+01 6.041876606426180274e+01 6.871605906411090814e+01 6.388768604847408028e+01 4.718192724575182950e+01 6.388768604847408028e+01 5.769832419145238589e+01 3.849699398168109354e+01 5.769798434856504343e+01 4.594850122927917369e+01 2.642529841783078126e+01 3.998437577164158085e+01 5.850197021339673853e+01 7.181805189719032967e+01 6.116171937106354761e+01 4.536643933912699111e+01 6.538426988064044565e+01 7.474464649165875585e+01 6.541894458131430667e+01 8.545364354373511162e+01 9.676051983921547617e+01 1.067578147727743385e+02 1.202440168991582254e+02 1.091147640920760153e+02 9.163376144214356600e+01 7.309897140414295791e+01 8.398335690416031696e+01 7.926893605664749032e+01 6.962100374153165205e+01 5.073069977078839798e+01 6.553534194272822333e+01
2.753285331545040487e-02 2.002753285331509403e+01 3.647592572333267213e+01 4.802605447007833561e+01 5.919876313071532792e+01 5.091950472357813595e+01 5.919876313071532792e+01 6.919271209726667848e+01 7.093032821411628674e+01 5.558997064001894728e+01 3.615147698896056738e+01 5.558997064001894728e+01 4.942995719275370448e+01 2.990816229609525578e+01 4.031681187297608915e+01 4.177283183932602384e+01 2.477555950892228509e+01 4.420229114491942823e+01 5.589916547984470441e+01 6.726999164129449582e+01 7.251974548842811430e+01 6.538426938273023836e+01 5.044196407033635410e+01 5.470355507290791053e+01 6.025797852351232109e+01 6.845243616002851184e+01 7.848119460860893071e+01 9.848147386297129913e+01 1.120676277544337296e+02 9.298302630336949903e+01 8.252972265667119700e+01 9.163376144214356600e+01 8.984830108934157522e+01 7.096422758698132327e+01 5.766936057719677677e+01 6.166735286761626611e+01 7.492678017640879773e+01
2.210104741296625708e-02 8.187067214059622344e+00 1.973413257709830759e+01 3.973716996932554224e+01 4.920194388437683841e+01 3.092348841318673180e+01 4.092149656838245164e+01 5.103115136750824377e+01 5.103115136750824377e+01 4.871742530166143581e+01 2.954923004145818766e+01 4.014514778010067886e+01 3.693080668252401466e+01 3.481248648521568612e+01 2.100585913896922108e+01 2.243796586447518848e+01 2.518556436801889475e+01 3.016901063121332882e+01 3.941729975219689663e+01 5.897228881238151388e+01 7.190779608354966967e+01 7.876178663964017801e+01 6.460483375221726021e+01 6.310853076072447720e+01 8.030457083648549599e+01 7.294728181048884608e+01 9.296469376258697537e+01 1.067578147727743385e+02 1.018735316399318691e+02 1.090738202346174717e+02 9.614289545658436964e+01 9.793636540832223147e+01 7.896817323421628032e+01 6.569513095707787897e+01 7.649524465939741447e+01 7.508289968723806851e+01 8.274608374552774137e+01
1.884200952422735234e-02 2.001884200952387260e+01 3.646606142833918085e+01 3.739783930998554240e+01 3.149491376990044955e+01 2.092469459934787679e+01 4.092149656838041949e+01 3.132721001846219622e+01 4.496512272057043447e+01 3.751059388710957876e+01 3.973154883965204931e+01 2.116918225356685213e+01 1.759304673013443931e+01 1.900997365930769689e+01 3.832194933786141888e+01 3.269891182178692901e+01 4.431130832957668986e+01 2.887007316054992145e+01 3.188912675359123128e+01 4.343012866463221400e+01 6.360130240182976280e+01 7.583519468316549705e+01 8.463615341261672143e+01 7.468355333669957474e+01 9.142558301386419828e+01 8.710974470991264695e+01 1.012428369022656511e+02 9.609853963556402334e+01 8.156667042208280805e+01 9.609853963556402334e+01 1.145432430896948688e+02 9.793636540832223147e+01 7.896817323421628032e+01 7.652699047682912692e+01 9.248806208192871736e+01 9.488101595082146389e+01 9.116531218176906748e+01
9.934550753332892920e-03 2.000993455075297689e+01 2.222013043382868602e+01 1.747206326669116194e+01 1.149852684099002431e+01 3.149491353026003182e+01 4.117916452432463359e+01 2.158582274287186920e+01 3.021976037267920745e+01 1.198492471446798824e+01 3.219938102422243276e+01 1.558569611008546296e+01 3.497449957941462628e+01 3.831737180814966592e+01 4.651648867284057332e+01 5.019953229483436985e+01 5.822502460550714432e+01 5.789181345027110126e+01 4.077708299335907327e+01 3.728222541350273644e+01 4.734599139235356091e+01 6.165579892417059682e+01 8.174128225616050258e+01 9.469741792372828115e+01 1.029758749428144711e+02 1.070997911725570333e+02 1.004762043471655915e+02 8.727179078792994460e+01 6.796282343665829728e+01 8.620103493185023069e+01 1.036896934404119293e+02 1.060079509296414244e+02 9.793636540832223147e+01 9.544771143174419592e+01 1.034995726390525022e+02 1.097389567697722299e+02 9.135141811131019551e+01
8.364784840791048004e-03 1.114367306393195145e+00 2.222064776159340393e+00 3.334893951635661047e+00 2.333202371367995909e+01 2.612666384970617983e+01 2.731193802095260992e+01 2.850225594476855662e+01 1.023983751783346641e+01 2.216758203750296730e+01 1.374753391381973167e+01 3.318406554006973153e+01 2.095978996753696322e+01 4.027856803100620908e+01 5.415758817923515522e+01 5.580387140193933959e+01 7.572726049274847071e+01 6.928680175174970657e+01 5.245049831842102606e+01 5.744234609052732310e+01 4.346709407131269387e+01 6.368023807823752236e+01 7.662950341737209214e+01 8.420119238131481154e+01 9.246477134077703397e+01 1.039849781463404241e+02 9.136790366881993464e+01 7.254403743961798057e+01 5.923713086461795285e+01 7.906999950844026159e+01 8.388692685508294744e+01 9.789998404857958292e+01 9.186427296163250844e+01 8.370679642937993492e+01 8.558301412654383000e+01 9.405621930358469740e+01 1.079206561132980084e+02
5.219006137575642711e-03 2.000521900613722082e+01 2.222013955643631533e+01 2.281886694825024975e+01 4.951784647521941807e+00 6.132320360177403451e+00 7.319037367037317665e+00 8.526268003295790265e+00 2.850498488681195397e+01 3.425060815076007970e+01 1.825984137727255074e+01 3.754409761828919301e+01 4.027861844657831369e+01 2.652659225096433815e+01 3.607240348102995853e+01 5.580387140193933959e+01 7.311478833248781939e+01 8.090303761264127047e+01 7.261410067903226206e+01 7.198577360001259251e+01 5.778691291945492736e+01 5.062662354919859808e+01 5.650301212621143776e+01 6.416838637799008893e+01 7.576634974137201084e+01 9.572340170440084250e+01 8.316817976537952006e+01 6.350925507067498899e+01 5.279450867877784503e+01 7.254403743961799478e+01 6.997582276525010059e+01 8.802730214738515713e+01 8.050932275521144277e+01 6.394613315806959974e+01 6.552369112496049297e+01 7.819969083699105283e+01 9.386983016216086639e+01
