MOVIE_S4_data/elevation_000259.asc
nrows	100
cellsize	150.0
xllcorner	0
ncols	100
yllcorner	0
NODATA_value	-9999
[rows 0 to 16 of 100, columns 0 to 36 of 100]
2.082717056534231503e-01 7.279339517518929270e+00 1.483862897770354117e+01 2.483862897770371703e+01 3.898076460143516897e+01 5.898076460143587241e+01 6.727245189009727255e+01 7.555300111748105962e+01 7.636745324648363464e+01 6.773077695095238937e+01 7.636745324648363464e+01 7.561442689382039362e+01 6.716077757603301279e+01 7.561442689382039362e+01 7.546054108755022582e+01 6.727343056655401199e+01 7.546054108755022582e+01 8.632736936726635690e+01 7.804827427109378846e+01 8.062935511955610934e+01 8.890168754349585356e+01 8.689218617852598925e+01 7.846575398717358496e+01 8.104618160871102361e+01 8.105485148266831175e+01 8.937384319863460291e+01 1.023216920511063819e+02 9.400234341575846031e+01 1.023216920511063819e+02 1.081540379774432949e+02 9.983345112442211189e+01 9.938157024618324442e+01 9.336927901903484894e+01 9.971682556349313131e+01 1.068359682353086839e+02 1.151568019454767153e+02 1.252253063339449994e+02
2.038130619680232347e-01 2.020381306196766857e+01 3.483862897770424638e+01 4.312290022516644683e+01 5.312290022516661736e+01 5.313170594149175940e+01 4.727441718750689859e+01 6.727245189009727255e+01 6.578732572199849926e+01 4.644233357295604492e+01 6.578732572199849926e+01 6.563555274770141068e+01 4.738990858450887345e+01 6.563555274770141068e+01 6.565916177553283717e+01 4.773805398151426971e+01 6.565916177553283717e+01 7.489309574939893821e+01 5.831923342412344624e+01 6.086925458082966855e+01 8.062600304912488980e+01 7.529160559656578755e+01 5.859857943120603352e+01 6.132904459818477960e+01 6.132919213678313497e+01 8.105485148266831175e+01 9.231629571228677378e+01 7.402215765255276381e+01 9.231629571228677378e+01 9.657021192590953262e+01 7.977957488202687841e+01 7.933874200188992631e+01 7.338112786406759369e+01 7.964412092907363672e+01 8.669999199740747997e+01 9.674727541597526681e+01 1.169246610546421152e+02
1.945267862640465417e-01 1.079567838651253275e+01 2.525532836998794650e+01 4.491855652369281415e+01 5.313170594149175940e+01 3.313264086296912581e+01 5.313170594149175940e+01 5.524355285823092743e+01 4.652579390945481208e+01 3.596503255695541412e+01 5.708655526195423846e+01 5.727534308027095733e+01 3.762952701386089416e+01 5.727534308027095733e+01 5.750574227403417638e+01 3.792775568887800830e+01 5.750574227403417638e+01 6.665770722724238340e+01 4.706306202794336713e+01 6.665770722637371648e+01 6.501458319548275711e+01 6.266442371918736143e+01 4.726475566825179442e+01 4.769286260476445705e+01 6.132919213678313497e+01 8.105485148266980389e+01 8.401225053415571153e+01 6.420215011517029779e+01 8.401225053415571153e+01 8.764898736794292233e+01 6.835882384710913584e+01 6.536472203022330518e+01 7.229700177650407511e+01 8.638048223302193662e+01 1.064921043664361235e+02 1.151568019454767153e+02 1.252253063339449994e+02
1.884163169627051937e-01 2.018840984915064851e+01 3.778236552245082436e+01 4.539993215839955099e+01 3.711697035923261012e+01 2.606158045118484878e+01 4.606096867428453123e+01 4.652579390945481208e+01 2.575041193884120716e+01 4.652579390945481208e+01 6.157197176417137285e+01 5.072673772480092680e+01 3.105759597602110844e+01 5.072673772480092680e+01 5.097797977783025658e+01 3.131389166757360343e+01 5.097797977783025658e+01 6.074984591062373340e+01 4.115148087940887223e+01 5.306289769617112029e+01 4.651902993121101559e+01 3.634297147875894041e+01 3.942104883558998552e+01 5.842499321523433053e+01 7.535151766909662285e+01 8.405688373068770147e+01 7.740888372782713134e+01 5.774255234659446501e+01 7.740888372782340809e+01 7.935734762476397464e+01 5.964608319813054749e+01 7.935734728792536430e+01 9.227103764248158768e+01 8.638048223302193662e+01 9.797264773427144746e+01 1.181298985524129534e+02 1.208398183122645548e+02
1.898839224935668091e-01 1.452046472934055110e+01 2.848943400095977196e+01 2.955773642368428256e+01 1.711710192532002495e+01 3.711697035923261012e+01 4.235915721382717436e+01 3.370498976274452474e+01 2.018412407434732714e+01 3.190252795006078657e+01 5.286838001514343688e+01 4.504874558310749677e+01 2.531767421906787874e+01 3.764471539771616904e+01 3.892112162374542095e+01 2.555280790017716086e+01 3.956700497979488063e+01 5.925639393529318255e+01 5.304769085662735506e+01 3.339141399837195934e+01 3.058802570286616529e+01 3.217657336342715979e+01 5.183975615350546917e+01 6.232763561449748835e+01 7.620452312751177715e+01 6.429786170756023012e+01 6.429786176672374154e+01 5.217760007868806582e+01 6.850256767964552296e+01 7.111239765173911564e+01 5.624498436906709031e+01 7.587282871196930500e+01 8.831882582644519175e+01 8.998695601577325931e+01 1.100810117835851827e+02 1.264217993808276219e+02 1.125771883824885862e+02
1.812560074098455432e-01 1.221006497251368117e+00 2.121543206000439952e+01 9.557517791147699171e+00 2.955773642368427545e+01 4.052348981076320911e+01 3.370380789021396595e+01 1.331761864671656070e+01 3.370381799746643026e+01 4.249606178439915993e+01 3.448336598187204061e+01 3.464895354924106385e+01 3.284319820801291456e+01 1.777204763454124858e+01 1.907685324148269146e+01 2.039005776341039322e+01 4.022345581041329865e+01 5.030310691460606876e+01 4.593880188186511759e+01 2.839972866340090718e+01 4.682381295409530253e+01 5.169148306238421497e+01 3.456852600022251920e+01 4.843135502358110500e+01 6.470976050932704027e+01 6.151375518367319017e+01 4.480911700836257694e+01 4.681576381203196036e+01 4.900011695410876200e+01 5.158199419753711368e+01 5.588037145955662766e+01 6.029788489042537947e+01 7.006318430672669706e+01 8.998695601577325931e+01 1.080480477070957335e+02 1.193584463615680704e+02 1.078113602795765757e+02
1.855941142937577448e-01 2.018559411274438986e+01 2.697433456258518270e+00 2.269779495952003856e+01 2.529605693029789748e+01 2.052451173878370483e+01 2.748585918349325041e+01 9.053370653292086345e+00 2.910271015791336779e+01 3.113656941263089806e+01 1.356761862484009740e+01 1.477376102956804971e+01 1.598655868190035001e+01 3.573376340373707194e+01 3.891310481975604318e+01 4.022345581041329865e+01 2.232368493899418382e+01 4.213903586884488561e+01 2.633150538480264302e+01 4.610246938881670076e+01 4.790367086556943832e+01 5.035767610475804901e+01 5.416776006427593160e+01 3.700668852959733357e+01 5.655081080664002968e+01 4.202587858522009867e+01 6.151375505921863862e+01 6.630837050416924683e+01 6.850256767964552296e+01 5.509630519662140813e+01 7.467323408951611441e+01 8.002505495897602827e+01 6.825094646042910540e+01 7.967183841587080906e+01 9.972668506615394790e+01 1.110951251497449164e+02 9.107397744469542999e+01
1.797113411273130179e-01 2.017971134112695708e+01 2.251563516439958335e+01 4.215812914766571495e+00 5.295711840580352714e+00 6.381963849403374134e+00 7.474683259393770207e+00 2.581772490924915431e+01 1.069462583721555582e+01 1.187113759570613958e+01 2.971112104408093302e+01 3.445050340395957278e+01 2.114926855843577513e+01 3.207658770326137443e+01 5.152199694045534528e+01 4.960698005395506982e+01 3.509219426419581112e+01 2.428493083992512069e+01 4.407943603281676559e+01 5.428223279275474056e+01 6.702103633483929457e+01 6.362422418455380324e+01 5.740874169372956004e+01 4.189764583336931736e+01 3.948717780612285111e+01 5.898807158474189549e+01 4.849779978142893810e+01 6.802145615167512460e+01 7.934918083897885310e+01 5.963911083082285813e+01 7.934514126162279979e+01 9.574751241644915467e+01 8.814801395405633855e+01 7.881596246810069317e+01 9.296565556588464574e+01 1.131048956674011947e+02 1.078113602795765757e+02
1.682297228869525374e-01 2.016822761167705735e+01 3.238491651665902538e+01 1.835830657922143416e+01 1.944104354797874024e+01 2.637001375431029260e+01 1.350542221713274138e+01 3.303171683716666251e+01 1.825270432644185448e+01 2.577838175612065186e+01 2.336168778769332022e+01 4.275761749759672625e+01 2.648067293080159601e+01 4.584932550854216515e+01 5.974141703366719724e+01 6.085789918790437270e+01 5.098573022277126654e+01 3.576216994954061335e+01 3.278440890636503724e+01 4.672109843406488494e+01 6.647456894857208454e+01 8.187945523867254849e+01 7.443130768332078162e+01 6.483498816801535725e+01 4.294048644598039743e+01 6.504356993735032688e+01 5.333227078965519752e+01 7.291764492839531897e+01 8.764203785671443825e+01 7.350379075771404302e+01 6.758514494157466856e+01 7.899316439079976249e+01 9.904469999213230835e+01 9.035380418999436358e+01 1.071866029544751484e+02 1.137645125111149156e+02 1.055239842931753884e+02
1.736477300190079065e-01 2.017364773001865430e+01 3.661291522258701292e+01 3.835816037835521541e+01 3.951191162321911321e+01 2.986344883100599290e+01 2.245721151859456910e+01 4.177410597965268835e+01 2.641292452317289730e+01 4.432436661257285948e+01 3.719815304598995453e+01 4.284042135364207837e+01 4.585747146669751828e+01 3.485013754328570457e+01 5.404009818499543627e+01 7.256338827388860580e+01 6.364220382538845655e+01 5.544103279260674100e+01 4.417403707971363502e+01 4.525427106480702122e+01 5.912895554665497144e+01 7.902624237782802652e+01 8.516276568546413728e+01 7.427419110587277373e+01 5.890934555507325854e+01 7.424230625257254701e+01 5.915813007264340229e+01 6.927326094508799770e+01 8.913329408088601724e+01 9.346120106380058701e+01 7.639776116606486767e+01 8.746794051503763967e+01 1.073828128266555524e+02 1.104898592097445800e+02 1.187995162905570652e+02 1.055239842931753884e+02 8.552376717403515727e+01
1.635824339929259352e-01 8.328548243270256890e+00 2.247068387015311686e+01 4.247068848546822295e+01 5.797000923356186775e+01 4.985320838109422681e+01 3.403892601277273400e+01 5.071022459122859516e+01 4.068641134573180551e+01 4.294331578345375533e+01 5.648964795768552705e+01 6.212656272983083738e+01 6.217252227431184508e+01 5.404009818499543627e+01 4.507174836221580705e+01 5.856932213189072201e+01 7.826733531759410312e+01 7.209172079288630641e+01 6.383230103161408664e+01 6.493662192264298483e+01 7.323935400296518594e+01 7.931293232413229077e+01 6.511161248355477937e+01 7.931600600184630423e+01 8.112133060415064278e+01 8.512691464968096966e+01 6.529914645140556217e+01 8.512691464968096966e+01 9.742624725511150530e+01 1.047625078695117651e+02 9.052250468206048595e+01 1.047625078695117651e+02 1.158907456060355088e+02 1.249416201058551934e+02 1.254313041453002171e+02 1.055239842931753884e+02 9.397685355558887466e+01
1.578132703760624089e-01 2.015781327037570847e+01 2.832854953042422608e+01 4.832856838978348435e+01 4.575660169230913255e+01 5.404068982167899549e+01 5.406323037432512990e+01 6.221275134426324627e+01 6.136637124699451817e+01 6.364095755960837408e+01 7.219506841365711125e+01 7.728926511237479247e+01 6.893862317143133112e+01 7.256337804036542138e+01 6.433873661808118527e+01 7.256338827388860580e+01 6.489157227611701728e+01 5.660055146325590414e+01 6.489157227611700307e+01 7.023378947746614642e+01 7.188345240222535892e+01 6.358553757681519158e+01 5.102122467561246566e+01 7.035282716720494989e+01 8.760741109288687767e+01 9.342416319806098102e+01 8.512691464968096966e+01 7.777184571341921071e+01 9.189412091196795984e+01 1.120007537914026727e+02 1.106711413797002166e+02 1.107253907114316860e+02 9.650916131700816436e+01 1.107253907114316860e+02 1.117683513706963794e+02 1.002402594668022147e+02 8.819969019807157906e+01
1.543728846943814847e-01 2.015437097538585931e+01 2.972093220995079577e+01 3.506615633863319914e+01 2.575660744367309007e+01 3.575660744319855411e+01 4.989874285799174913e+01 6.989869126535764110e+01 6.657466022731668431e+01 5.812625239386564147e+01 6.657466022731668431e+01 6.537245227260652314e+01 4.809914324693350096e+01 6.497473655295873129e+01 6.656840649186554515e+01 5.792860563728493162e+01 5.489177992682653695e+01 3.660788835355444348e+01 5.489177992682653695e+01 5.026183700459096571e+01 6.033853765947434056e+01 4.360391283763656389e+01 4.205526039634381874e+01 6.204639495286097173e+01 6.762205541871900039e+01 8.179233849765806497e+01 9.596262268442427512e+01 9.778321733552601813e+01 1.060871538432136134e+02 1.063738339475589925e+02 1.147636050041597002e+02 1.018095095224263247e+02 8.253089880672463607e+01 1.018095095224263247e+02 1.035265185462549482e+02 8.353040849824571978e+01 7.199211759270899336e+01
1.561752203313827581e-01 4.870220428241680111e+00 9.720932928968297304e+00 1.506615776721673861e+01 2.661316315085117168e+01 4.661315977116021969e+01 6.404044354046060050e+01 7.080375336598842750e+01 5.606067305622131869e+01 3.683661372335703987e+01 5.606067305622131869e+01 5.666646217786726680e+01 3.566217346630521945e+01 5.469857150795994727e+01 5.781082340744963233e+01 3.721367171713210809e+01 4.296489127597967439e+01 2.662489145306411231e+01 4.176687938033883540e+01 3.611140311770297018e+01 4.751416902586859692e+01 3.202382275283314073e+01 5.204915834724403823e+01 6.197275294665556089e+01 5.355206276229826301e+01 6.762205541875033532e+01 8.396989142650006954e+01 9.397249665997914292e+01 1.031819970321019326e+02 8.639457507166835626e+01 1.031819970321019326e+02 9.349971548068543825e+01 7.386689910819242755e+01 9.349971548068543825e+01 1.060759694644137170e+02 9.804612991230226271e+01 7.808451649019524154e+01
1.531247021631862160e-01 2.015312470216283103e+01 2.972093220995125407e+01 3.506615633863319914e+01 4.335037198219441024e+01 5.489733801950208658e+01 6.536749345614420292e+01 5.262653338047199014e+01 4.746443159236406473e+01 2.576571451972949234e+01 3.662533982325324189e+01 3.856878531136990773e+01 2.661398191559256432e+01 4.817344668474235192e+01 4.417320059708943347e+01 4.289752287918215501e+01 2.306961662925787593e+01 1.914484269228997348e+01 2.182259111417628716e+01 2.458638709345172302e+01 2.750862238492061351e+01 4.751416896748448693e+01 3.769451603255545535e+01 4.198123239231497195e+01 4.868490720976106445e+01 5.576180488349135800e+01 6.568085676886569502e+01 8.561362155390192186e+01 9.483880345735322237e+01 7.510916628729975741e+01 9.483880345735427397e+01 8.729127381859323975e+01 6.794293382669303583e+01 7.809953225002800536e+01 9.775233727921832383e+01 9.804612991230226271e+01 7.808451649019524154e+01
1.422398637851068903e-01 2.014223986378475217e+01 3.467687067606274809e+01 4.287601430707211136e+01 5.430482421961610129e+01 5.712983730755678380e+01 4.974281590233051986e+01 3.758930819904038856e+01 4.354175807550483768e+01 3.658884126458941211e+01 1.476833303912106921e+01 1.675701937373485961e+01 3.856877975491574517e+01 3.835255083372764062e+01 2.425590878681304119e+01 3.225422711931114605e+01 1.561555486110181512e+01 3.547852089897084227e+01 4.176687938036233305e+01 4.456443297624242206e+01 3.906182609568460151e+01 5.580375344008137262e+01 5.186674824251522864e+01 5.355206276229830564e+01 6.197275336925824263e+01 7.564723916137612036e+01 8.396989142495949920e+01 9.397249659656087317e+01 8.786332334068518435e+01 6.841983751284523407e+01 8.786332334070601746e+01 8.170588916724517503e+01 6.267315654133435743e+01 8.170588916724517503e+01 9.710786152983905595e+01 1.062591408398275945e+02 9.804612991230226271e+01
1.377665891220937744e-01 7.208747565861009399e+00 1.476687160345642091e+01 2.629238068096115200e+01 4.612716314960616870e+01 4.354023605133641439e+01 3.086070628296979379e+01 3.438088735689898101e+01 1.913265823835692814e+01 2.771674564478906788e+01 8.745458345728225780e+00 3.000888010628380442e+01 2.665564275020090079e+01 2.710129231163970331e+01 1.028062887043279972e+01 1.242620775055736537e+01 3.225422711931113895e+01 2.814086747835915148e+01 3.965843168882057768e+01 5.964288541377599273e+01 5.906028418999765250e+01 6.735398411229631677e+01 7.181872441693951714e+01 7.347563065577300279e+01 8.179234267624195809e+01 9.027843879013218498e+01 1.007688713986410391e+02 9.245231385694465587e+01 8.200089178546723190e+01 6.285937468576720022e+01 8.200089178546723190e+01 7.721983106581458856e+01 5.839878265138182201e+01 7.069604918412233019e+01 8.797781224498949371e+01 1.034424356432696896e+02 1.062744872151856725e+02
