MOVIE_S4_data/elevation_000642.asc
nrows	100
cellsize	150.0
xllcorner	0
ncols	100
yllcorner	0
NODATA_value	-9999
[rows 17 to 33 of 100, columns 0 to 36 of 100]
1.372224685174658065e-01 8.300513099086012758e+00 1.827393554943511234e+01 3.214717545095602702e+01 5.116585086835705454e+01 4.477765903752394649e+01 2.559834218640001424e+01 1.568572520496201150e+01 1.572539733622204494e+01 1.034973951403320491e+01 1.066952782527551058e+01 1.098861006017680175e+01 1.130685825175092063e+01 2.828096245812469078e+01 3.231185792306995808e+01 1.250998787312184213e+01 1.281839777445219042e+01 1.312388461345502222e+01 1.818196406043249880e+01 2.715747903147955711e+01 3.386326698047125916e+01 3.515937354540110960e+01 1.500277550288402217e+01 2.714606588649905561e+01 4.727079071643195363e+01 5.951073720169674885e+01 6.778232938627037640e+01 6.695354275572093172e+01 6.286306788230020715e+01 7.320849618864514241e+01 8.129705031808316562e+01 8.706820913571684173e+01 8.125717564896012846e+01 6.768131018580524483e+01 8.073295935059097417e+01 8.893001776798793401e+01 7.264333718619488423e+01
1.353332760910071209e-01 2.013533327609065182e+01 3.643049280809675849e+01 4.606019687817219221e+01 5.311386394500379282e+01 3.531462668816502060e+01 2.475166883924484651e+01 2.668728611087823666e+01 9.896735760497474388e+00 3.103575123650034584e+01 3.632548127661853243e+01 3.409924251656643435e+01 1.217267236279745823e+01 3.684180381444163288e+01 3.197167336122885217e+01 1.508502280260934114e+01 1.505620748219749316e+01 2.570252924701124542e+01 1.355366297904863870e+01 1.385918262840977988e+01 1.417062677814741889e+01 1.450120775346573865e+01 2.092714694200562064e+01 3.903925333470911596e+01 5.555357852474087821e+01 5.790171849582702635e+01 6.116845164069970764e+01 4.729539175545072993e+01 4.897720276518287363e+01 5.366710580394052954e+01 6.780883291484629183e+01 6.778408176382161798e+01 8.277228092161065831e+01 9.141231905550256442e+01 9.932975658803310637e+01 8.093225629888088690e+01 6.179111253888382294e+01
1.303432743768621893e-01 1.427247889810793779e+01 3.427247889810864478e+01 4.303812601240796454e+01 5.303812685537789662e+01 4.652179638511258020e+01 3.163174869559023961e+01 1.825390328804697759e+01 9.572889917012208372e+00 3.243765067928123358e+01 4.110884013216271882e+01 4.132230156281677580e+01 4.261374439960274429e+01 4.984554515476080638e+01 4.231483911579849888e+01 2.150517815972650837e+01 1.957231668424269344e+01 3.320147898915255524e+01 3.386760997809183493e+01 3.487390758746462893e+01 1.752122779390129637e+01 1.486167510007008019e+01 1.675545688834564473e+01 3.727473999699768115e+01 4.716299534664466364e+01 3.804755564033650472e+01 4.755314748035767280e+01 3.332041426145735130e+01 3.762098480211779616e+01 4.282636201388361030e+01 4.839587026991957686e+01 5.556859619537449646e+01 6.588491911564243253e+01 8.450579013220649927e+01 9.202832233464444300e+01 7.335052181897070511e+01 7.533797580327687626e+01
1.234970534698958955e-01 7.194564865335401294e+00 1.475385432552001319e+01 2.475385432552019083e+01 4.475385432907845740e+01 4.396164627304855088e+01 2.482895987970187335e+01 1.677166725298194194e+01 9.243788228977093624e+00 2.833076358059699729e+01 2.321210794696868263e+01 3.673455954039188498e+01 4.611579907482249041e+01 5.714038982202217909e+01 3.644275995149215674e+01 4.243922996775037149e+01 2.581116721613830833e+01 4.425942634345019400e+01 4.219823495806247848e+01 2.552860975866319748e+01 2.081559945411675727e+01 3.847486129606349436e+01 3.727473989382174580e+01 1.921369673701736502e+01 3.896652191345035732e+01 2.382487252118567866e+01 2.767271109042184207e+01 4.754970288106524379e+01 5.710512990567187330e+01 6.235269143456663699e+01 6.780883291484764186e+01 7.474064861590937880e+01 8.277228092161065831e+01 9.253404149994713634e+01 1.000714260873331654e+02 8.642287356938416565e+01 9.443804414308755213e+01
1.256355554530943219e-01 1.426777117918391902e+01 3.426777117918320670e+01 4.303812601204678856e+01 5.303812490033647720e+01 5.358957131454577905e+01 3.851659135607874163e+01 1.932829415995464828e+01 2.314107027112245518e+01 8.774949787109486365e+00 9.833401829371091196e+00 1.740618399939663874e+01 2.909923646301494315e+01 5.006087666591130869e+01 5.122227032846818418e+01 5.285918470464365271e+01 3.311317477140320875e+01 5.286293109708507387e+01 5.082733496913122906e+01 3.443093032524444652e+01 2.554439250448234588e+01 4.730302977405038689e+01 4.773417113012079938e+01 3.945305525536603852e+01 2.151076787077257180e+01 4.167018165374308580e+01 2.639289786606722288e+01 2.915936671528935875e+01 4.909297340821225930e+01 6.121607059714586541e+01 7.520326399608865131e+01 7.534918467965289324e+01 8.349682108364622479e+01 8.411858011654769030e+01 9.226900658283155110e+01 1.055610727669236013e+02 9.614117122611347099e+01
1.208450475705237920e-01 7.680134507755100870e+00 1.662440641775441463e+01 2.817141180175876869e+01 4.817142263456934614e+01 5.292608849186785136e+01 3.242757784419715961e+01 3.457117721324927828e+01 2.629781590179759831e+01 8.451735420129498522e+00 2.806291703541070248e+01 3.764769582258171710e+01 4.672303963975168273e+01 5.889977752604575301e+01 7.142797160795915090e+01 6.123180544240754131e+01 4.507293272456580269e+01 6.122088365449796044e+01 5.081339587941985769e+01 5.113402000215261012e+01 3.060709726236506967e+01 5.131915925249267474e+01 5.469370801467546528e+01 3.432177834952565121e+01 3.583091134184029869e+01 4.872771404109295190e+01 2.879135872868739199e+01 4.872771404109295190e+01 3.314326469021666099e+01 4.722887719902725934e+01 6.048277271857592297e+01 5.558524520975863226e+01 7.020735718050609364e+01 6.444513997120211002e+01 8.411858011654769030e+01 9.953359379213937075e+01 8.777821086708425469e+01
1.160239911856559974e-01 2.011602399118530116e+01 3.596444923784174108e+01 4.490882743588251458e+01 5.645593001199326011e+01 6.138196462494718730e+01 5.252863804430861450e+01 3.580655205399813212e+01 8.015034367886331168e+00 1.316526051821358578e+01 2.764766897010265012e+01 3.565128283355286953e+01 5.461416630572347231e+01 6.176545007009148947e+01 6.173519983429791580e+01 6.957275066393748375e+01 6.593871367209169421e+01 7.404713508726695181e+01 6.807807975593127026e+01 5.536972750032590795e+01 3.552607006175797011e+01 5.536972750032590795e+01 6.339812275638045946e+01 4.861649122690513991e+01 5.624264051102263551e+01 5.112340661033756817e+01 3.122328867525571994e+01 5.112340661033756817e+01 5.303141380410671246e+01 3.730876158089802175e+01 4.062712197322128560e+01 4.408700566774814433e+01 5.038339183740469451e+01 6.035407130968377487e+01 7.178001329420595766e+01 9.137219365889126266e+01 9.614117122610319655e+01
1.085988230417786332e-01 2.010859882304142232e+01 3.309856627598701806e+01 4.138308640397961113e+01 5.138339200283354558e+01 6.054872641807705946e+01 5.237480481560503875e+01 4.274211564315466205e+01 7.715328259468221539e+00 8.461963027258455838e+00 8.511205238552278729e+00 3.614284255521253897e+01 5.609834816526922907e+01 4.277829798426007812e+01 4.277764952258640108e+01 6.173519983432154135e+01 7.219016032232097757e+01 8.002203084302432501e+01 7.073352859954515282e+01 5.144973259535059640e+01 4.026244385023964156e+01 5.144973259535059640e+01 7.073352859953909899e+01 6.936540720519208492e+01 6.244252094212362181e+01 4.260292968609839193e+01 3.369388014124865549e+01 5.356998600311747083e+01 6.378886234550768819e+01 4.394276809203515199e+01 6.048277271857592297e+01 6.393846890646199910e+01 5.072498679621293860e+01 7.054520996158645119e+01 8.614384853452494895e+01 9.595750148691324455e+01 9.389020610255019506e+01
1.073404342885239532e-01 6.431895754625309714e+00 1.309856242129203530e+01 2.309856242130329207e+01 4.309857958245293474e+01 5.257796172426164816e+01 3.492859397362204277e+01 3.961240601930881411e+01 2.688141294761582500e+01 7.279643413476215130e+00 1.971438809950769055e+01 3.779743578285970074e+01 3.925830796293036684e+01 2.913082161388993896e+01 4.833197275161871431e+01 5.892286542356875856e+01 5.342737194050867799e+01 7.219016032235683156e+01 7.890052992822127464e+01 6.473629614845731339e+01 4.551964178560337615e+01 6.473629614845731339e+01 7.890052993172659512e+01 7.855573684646171273e+01 5.882115830518787192e+01 5.615555694843654067e+01 3.629540865281830975e+01 5.615555694899292405e+01 6.860828285818129757e+01 5.147189284709600798e+01 7.127296362837049060e+01 7.869442860539629692e+01 7.054520996158645119e+01 5.827067142951700873e+01 6.820029928354009030e+01 8.780675895496788996e+01 9.415252600815021822e+01
9.951591839399596962e-02 2.009951591839364227e+01 3.309856627598701806e+01 4.138308640397961113e+01 5.138337862385164811e+01 5.214491976009256291e+01 3.592448760971653599e+01 2.265112571202010727e+01 2.626577922318990943e+01 6.962465554448867167e+00 2.708528741191366507e+01 3.464857749663839570e+01 1.984866918687086113e+01 2.389287917633122049e+01 4.312669547250246183e+01 4.011687252015874350e+01 5.892286542359747870e+01 6.921928855507552214e+01 7.859823254048511387e+01 7.154086488491257967e+01 5.229462054571754237e+01 6.116916170289201915e+01 8.060822427512924548e+01 8.671545874530016818e+01 7.230519505551872328e+01 5.252600860972105323e+01 4.258601164317249044e+01 4.058713383703641853e+01 6.043634855945279583e+01 7.127296362837049060e+01 6.551339348237890192e+01 8.517779598826261633e+01 8.494402639225243945e+01 6.531333564607685105e+01 8.494402639225243945e+01 9.595750148691944048e+01 8.581242432385033680e+01
9.660808524269255682e-02 1.009660809112817326e+01 2.164361416171538011e+01 3.578580132041438588e+01 5.578954745698015927e+01 4.929540914209845681e+01 2.598430036261342835e+01 2.869161211289097935e+01 1.306676065375699203e+01 6.645712348168302697e+00 2.669332408515609245e+01 1.509320221818315844e+01 3.466930264193898381e+01 4.312669547250302315e+01 2.994252873059375375e+01 3.580628888561578549e+01 4.279045493425989832e+01 5.207057297067829182e+01 7.076675860199176782e+01 7.971592761894271462e+01 6.181468980244025602e+01 7.971592761894271462e+01 8.883241547121103565e+01 9.574262547848557858e+01 8.046663379287076623e+01 6.903777041844256246e+01 4.921786028600316598e+01 4.372745364715379424e+01 5.779109761985145610e+01 7.753663333845852890e+01 8.517779598826261633e+01 9.333218072373023233e+01 9.308735283067743183e+01 7.668033529304256035e+01 9.308735283067890975e+01 9.991276415844376402e+01 7.997187233029215747e+01
8.961064364900331314e-02 1.423174626737982784e+01 3.423174626737911552e+01 4.300067825386430087e+01 5.300067049280526987e+01 5.817115185223718754e+01 3.393540082350975950e+01 8.538447988660273325e+00 6.200836615288974230e+00 9.800280912544531375e+00 1.067442909182022248e+01 3.025657481737887977e+01 3.454811960789971437e+01 5.329523419776460713e+01 4.279006147593537435e+01 5.437786388852617847e+01 5.333081402309411345e+01 6.921928855507590583e+01 7.859823254048511387e+01 8.950549126093829955e+01 8.126689645193050637e+01 8.950549126093829955e+01 1.014446782002462157e+02 8.184643887100102688e+01 6.796215914529778956e+01 5.986166058720633032e+01 6.683703771796996307e+01 4.699137592365498506e+01 6.683703771796996307e+01 7.727080021686822420e+01 8.319534005158391210e+01 8.971216651430167133e+01 9.786485860714458340e+01 9.623243836280026642e+01 1.044065205718269738e+02 1.083331796860084779e+02 9.991276415844376402e+01
8.602227843884299729e-02 7.157090090304349062e+00 1.471637955048896096e+01 2.471637955048928248e+01 4.471638082805650072e+01 5.562239569950014584e+01 3.767861984764153505e+01 2.725528432747898222e+01 5.887183542677894010e+00 2.317765999973709157e+01 2.791566277612652058e+01 2.657506952975182202e+01 3.994595815139056327e+01 5.800125520641174148e+01 6.054176245903531850e+01 6.407210050060474771e+01 6.918495023330072513e+01 7.742456937731863320e+01 7.043503200165993405e+01 7.882689452798548757e+01 8.392334877492109513e+01 7.552307604238451688e+01 8.392733980463138721e+01 9.574262547848557858e+01 8.758663936914528847e+01 7.739186725720998083e+01 5.764554733787021945e+01 6.683703771796996307e+01 5.251808387163212188e+01 5.751801270813508893e+01 6.354589006369732118e+01 7.016171924669569648e+01 7.995055466744112493e+01 9.371863093831520075e+01 1.133687240808230428e+02 1.184351711488404959e+02 1.086528591902966241e+02
8.664218773200615953e-02 1.422877781146308074e+01 3.422877781146378595e+01 4.300067825386430087e+01 5.300073134464982871e+01 4.736776343654975108e+01 2.522531115348814268e+01 1.497203386839158767e+01 8.432917581090020320e+00 5.443369765754675349e+00 2.456851839907645640e+01 3.007477578453661593e+01 3.842017115676286210e+01 5.001519094121668729e+01 4.374671268168371796e+01 3.952741553609875069e+01 6.562510420695369362e+01 6.744515016905890548e+01 5.010408182908018659e+01 6.744515016905890548e+01 6.978764019616220082e+01 5.584845800636584556e+01 7.399817588546140712e+01 8.811460425698186327e+01 9.341174889949732574e+01 7.379142189428704057e+01 7.164573210741041009e+01 7.890745931730221230e+01 5.918287867842828831e+01 7.727080021686822420e+01 7.727080021686822420e+01 8.971216651430167133e+01 9.786485860714532237e+01 1.076639208073799239e+02 1.184351711488404959e+02 9.814134863214279392e+01 1.002709981003722959e+02
7.759125536472052942e-02 1.162452532923958159e+01 2.576500089502263791e+01 4.574176905974114504e+01 5.724737944802231482e+01 5.631101666058719246e+01 4.476562991307441308e+01 3.584883754600662797e+01 2.791636702567741679e+01 1.856588086337531962e+01 4.999364140581024962e+00 1.768500859680940351e+01 2.668153860447646863e+01 3.244394412308609787e+01 2.058175896256408777e+01 3.684997540827495754e+01 6.039690934327116878e+01 5.915488624947879259e+01 3.936822787979185279e+01 5.915488624947879259e+01 5.022600474349886213e+01 4.622529942593726560e+01 5.988456324305016665e+01 7.854566300839434234e+01 9.010681150787979732e+01 9.341180369441060805e+01 9.126379575583172254e+01 8.704696949606771739e+01 7.317096046994177527e+01 7.317096046994176106e+01 9.275660516047327064e+01 1.050601595460864957e+02 1.082791275880514377e+02 9.981562095192484207e+01 1.082791275880514377e+02 1.018653903444146920e+02 8.161729333540434084e+01
7.818929607037834739e-02 2.001188014021733252e+01 3.260484126015195017e+01 2.892804733218688185e+01 4.883831143627240579e+01 5.936265123412131572e+01 5.173103080467142689e+01 5.243753150197697721e+01 4.322463919866900284e+01 3.177724248384350858e+01 2.403516588602797910e+01 4.555412519466684351e+00 6.074595405167244166e+00 1.087454171329180319e+01 3.245728556288559474e+01 5.335240157552819085e+01 6.385601419166354731e+01 5.227203670553331705e+01 3.255524203081602508e+01 4.994658851057487681e+01 3.648451392239830682e+01 4.340652465933259663e+01 5.069027388550237134e+01 6.178809175498113149e+01 8.166273917489519363e+01 8.925510494169895992e+01 8.101974292145450818e+01 8.925510494169895992e+01 9.275660516047328485e+01 9.275660516047327064e+01 1.009231149274781814e+02 1.070346184042132478e+02 9.809087249310621814e+01 7.946239039082183808e+01 9.809087249310621814e+01 1.102506172904182620e+02 9.763974231711786445e+01
7.024788420635796893e-02 6.359464668034736867e+00 1.290053373472654030e+01 2.575120115688419986e+01 4.464922139326738204e+01 5.173234211895488954e+01 3.067812994785000669e+01 3.075130177614651572e+01 4.436213772680749656e+01 3.130275001199595053e+01 2.319548838522025491e+01 4.242987678195996537e+00 1.814065549020817159e+01 3.068069099871370753e+01 4.124524731606820893e+01 5.734925409543304653e+01 4.993013519643286457e+01 3.600425620113387026e+01 2.648269591798649003e+01 3.032376239627038572e+01 4.422872668541859298e+01 5.595573719739796559e+01 7.018804194221007720e+01 7.854566300839434234e+01 8.586347815269010653e+01 7.763387395979302141e+01 6.124014278324393246e+01 7.627549258853724723e+01 8.450303074563782957e+01 9.214227705282576153e+01 9.323655440802572514e+01 9.857297438804621947e+01 7.824198684119426161e+01 6.935611230496510871e+01 8.197279256915741996e+01 1.023177900044767341e+02 1.060243526881303353e+02
