MOVIE_S4_data/elevation_000638.asc
nrows	100
cellsize	150.0
xllcorner	0
ncols	100
yllcorner	0
NODATA_value	-9999
[rows 68 to 84 of 100, columns 37 to 73 of 100]
8.944895026486098288e+01 7.732234802337825386e+01 5.925546308781795091e+01 7.732234802337825386e+01 7.481467258765331962e+01 5.566724627929094282e+01 4.459219069113310496e+01 3.571682017060062719e+01 5.529841293497418064e+01 5.388326854225895346e+01 4.809866799638686530e+01 5.427021681776133732e+01 6.109884144935341510e+01 7.213855422313798726e+01 9.153597726454023586e+01 9.590894449620235207e+01 7.561082120378576121e+01 6.403344177643187152e+01 5.642495989796511680e+01 4.933035728963113797e+01 6.945148454829994478e+01 8.056002542508946362e+01 9.489821716680604879e+01 1.016381935249834640e+02 1.101276517880743597e+02 1.108153580851830640e+02 1.113000854019935986e+02 1.198073910067333259e+02 1.112413147369555730e+02 1.028948220239417850e+02 1.043912694760496720e+02 9.022467717250354724e+01 7.052287227463597219e+01 5.643714528938815533e+01 7.629339475195590126e+01 7.536969369088561166e+01 8.921645027483951651e+01
8.032343232472940997e+01 6.873830712863302494e+01 4.708901521393472933e+01 6.873830712863302494e+01 8.273178056629132016e+01 7.139514623786133996e+01 5.392852372444869502e+01 3.432593260163248772e+01 5.392852372448018627e+01 7.317087156617326116e+01 6.744342904233634783e+01 7.353519968062273904e+01 8.033686985000167624e+01 8.850991081328538712e+01 8.378389819804188221e+01 9.209588884774548490e+01 9.262807943627876739e+01 8.418885267556535723e+01 6.771979103509916342e+01 4.763023166779242956e+01 6.529222462330605481e+01 7.368879612899860376e+01 8.537504788739279604e+01 9.385157327828338225e+01 1.056426158079818691e+02 1.143061511898730771e+02 1.154099279010963670e+02 1.170714319981878759e+02 9.702267975202055084e+01 8.307982196229284000e+01 8.455180769809659580e+01 8.873139136829075824e+01 6.901272499662417204e+01 5.489686508064141890e+01 7.478810159261071533e+01 9.296402650129914491e+01 1.033434986546673144e+02
7.175066678331641867e+01 5.052013185853036248e+01 3.961747964346609763e+01 6.117149221796125147e+01 6.300081093466680215e+01 6.590941242458734450e+01 5.256825198130849230e+01 3.294522098394780585e+01 5.040137086376951459e+01 5.984545558229088869e+01 7.116369729237378294e+01 8.765153741770551221e+01 7.919424975216195151e+01 8.061622210827616186e+01 6.397656291884614177e+01 7.750271990460586835e+01 8.579021635677911206e+01 8.112761811456519467e+01 7.116355914706944930e+01 6.297163567451829636e+01 4.523840601871102507e+01 6.529242187507740880e+01 6.524012749903008057e+01 7.676057807476513517e+01 9.714263249157629332e+01 9.439723094509965051e+01 9.549040724637201549e+01 1.096198335141696134e+02 1.043915245545198758e+02 8.455180871421782740e+01 7.070477692029361094e+01 8.157137953524549800e+01 7.329719306843828974e+01 5.338920785766794808e+01 6.496006871753581891e+01 8.468591295478258019e+01 9.752950835083603920e+01
6.155284724437485266e+01 5.441600760596189446e+01 3.319032740874983034e+01 4.813695627654418274e+01 3.804140725492613484e+01 5.364016550669487060e+01 5.199570492836863878e+01 4.764375786296152171e+01 3.096219971454387831e+01 4.095274155659841853e+01 6.173722722415426745e+01 7.592687111091933616e+01 5.913961847468988964e+01 7.177583576376986230e+01 5.266046586378626415e+01 5.776145517076066227e+01 7.750271990460586835e+01 7.282614954535782203e+01 5.291019925679054126e+01 4.292403395087690399e+01 5.919755241937430412e+01 5.461179012341147399e+01 7.461248022978953998e+01 9.385157327828338225e+01 9.705703824024057269e+01 8.044254575254835515e+01 8.152937151387362746e+01 1.013258135508874176e+02 1.043915459036310125e+02 8.455180884089639903e+01 7.070477692030048900e+01 6.185427362881738134e+01 7.182554897191633358e+01 5.191196227618964798e+01 6.603956059150394253e+01 8.579408058227492972e+01 8.915966128515778166e+01
4.736343392309055389e+01 5.376478881586619707e+01 4.202723938220597688e+01 2.635661438385597677e+01 2.576706908926566797e+01 3.966061926583974895e+01 4.727755347965191390e+01 2.897749757165733087e+01 4.884292779418982633e+01 5.988131373972257165e+01 6.977969749403659705e+01 6.755927555977370957e+01 4.775245001085085761e+01 5.608706053134516623e+01 4.381555338581380710e+01 5.776145517076066227e+01 7.750271990460585414e+01 8.076004560026078138e+01 6.127724988653417881e+01 4.129855023997327379e+01 5.913619148995454822e+01 6.687643818867715595e+01 6.743538177366876596e+01 8.714409574084284316e+01 8.880544502719232014e+01 6.898199820529740123e+01 8.880490126530860095e+01 1.027893722185619225e+02 1.102847307066201665e+02 9.036273328961328843e+01 8.875341096752691783e+01 6.903233062464281033e+01 5.494784054508872373e+01 5.044786633906613815e+01 6.457692925619038249e+01 8.430804226769858190e+01 9.091199150344424140e+01
5.473346703815192882e+01 3.463774712536421418e+01 4.347196323065247725e+01 2.523827202969921402e+01 4.293363428063273801e+01 2.629351916127595956e+01 4.274840320613457578e+01 2.788916741907360120e+01 4.884957884608530065e+01 6.211783695660466265e+01 5.635110189721532237e+01 5.659802242767600688e+01 5.608695456142095281e+01 3.601591175319835259e+01 5.608699976742242654e+01 7.177583576376984809e+01 8.296595931549185821e+01 8.014076929719976761e+01 6.965071585141289745e+01 5.913580859875787610e+01 3.899734228862857321e+01 4.797468585543270336e+01 6.743563489607221584e+01 8.428022145415469879e+01 7.603201114359272594e+01 6.314005348371772186e+01 7.471227214118366078e+01 9.451728835931155004e+01 9.780632617839474108e+01 8.790307029164411290e+01 7.964488047517832570e+01 7.305145864427751690e+01 6.704532267977562299e+01 4.906216422213862671e+01 6.320400744039931595e+01 8.311287775573340753e+01 8.694194910432230472e+01
4.802870113475836433e+01 4.391948307057494816e+01 2.470717620851335639e+01 4.442541610916683226e+01 4.843603299460227163e+01 2.866540661826252290e+01 2.682166305938817175e+01 2.721345112942872291e+01 4.643030232389159551e+01 5.068825789073164145e+01 3.921932288666005917e+01 4.109515214829491470e+01 4.941901569435283648e+01 3.244707994266433815e+01 5.198614893095313505e+01 6.309756808052852506e+01 6.310084489890628845e+01 7.183897075132217935e+01 5.171653237581318052e+01 5.540646937267603533e+01 3.736406764640394584e+01 5.759682946402615755e+01 7.564585903843872927e+01 7.035936467424652108e+01 5.597617721484965614e+01 6.502406814610999675e+01 7.656647198123452824e+01 9.637283055712137525e+01 8.949407234518525911e+01 6.979568860517150597e+01 5.988023518881497154e+01 5.317959157931978353e+01 4.714680549515760788e+01 6.520120238306454041e+01 7.343906587839114763e+01 7.738480496181941248e+01 7.920329852251475700e+01
2.820526543043303747e+01 2.417408043686032215e+01 4.392773176687718006e+01 5.265185886233027190e+01 5.944343380367218543e+01 4.758001098990170163e+01 3.549725750000366986e+01 4.639480622178712110e+01 2.776746620527007181e+01 2.815911438582664417e+01 2.855244313495625619e+01 2.894881561668434600e+01 2.934953235687200035e+01 2.975426507940593979e+01 4.965010180421468533e+01 4.312780136100717954e+01 6.309298254451916677e+01 6.106498080823604369e+01 5.325953509098164318e+01 3.495534976602390742e+01 5.541655399562096562e+01 6.599588014330021224e+01 6.519584236897652829e+01 5.035448373933996180e+01 6.451622250044103168e+01 8.428022145378793084e+01 9.318571664634831109e+01 1.046512994473712013e+02 9.780632617881140334e+01 8.790307029168613440e+01 7.964488044492294705e+01 6.377042241869888528e+01 6.423280365796711067e+01 4.540669361869774434e+01 6.337121250751378909e+01 5.740865376952848464e+01 6.380424307625752789e+01
4.351035247524936267e+01 2.379450853332127735e+01 3.745351192526578643e+01 5.600478571600763900e+01 6.907653737958885642e+01 6.695892276579706959e+01 5.862931434814943543e+01 4.607119157399043274e+01 3.366878277322570057e+01 3.265599277139243384e+01 4.541181825544003203e+01 5.012981576783605675e+01 3.705914346966967088e+01 4.981054035053962536e+01 3.033316759989399358e+01 5.045306361829430131e+01 5.322074058726536094e+01 5.018881085183123503e+01 3.280833822637949737e+01 5.325397792812335496e+01 6.374466683661025002e+01 6.044936928634164275e+01 4.532787147371281122e+01 5.934582168666219104e+01 7.861941260630439388e+01 9.272283124241836560e+01 1.066465508275107226e+02 9.006133979060305705e+01 8.183510072349791642e+01 9.006133371222470885e+01 9.286744124183229587e+01 8.431484449307515661e+01 7.334965831064711494e+01 6.337099374724501644e+01 4.377141917368781776e+01 4.340537377651642004e+01 4.400815250239553933e+01
4.263709924531522688e+01 2.341242427211549071e+01 3.143898556583947723e+01 4.122705339308767236e+01 5.493117597116487616e+01 7.526729052343618775e+01 6.263447017584446286e+01 4.338626832318477966e+01 5.054343319555026426e+01 3.662362753460255504e+01 5.430933302501865256e+01 6.493221885597115772e+01 5.726037849547007141e+01 4.158701531238360616e+01 4.001182912820193849e+01 3.091402079962232463e+01 3.134268476474499110e+01 3.177166558832792731e+01 3.222027877297397680e+01 5.238017212073111040e+01 5.595469055554214322e+01 4.062179541773069502e+01 6.044936928634164275e+01 7.346541023719639441e+01 8.758526812105628778e+01 8.650764512476618506e+01 8.650764646361933785e+01 8.017497097421798458e+01 6.209847537882110657e+01 8.017497026948502992e+01 7.962078554020528998e+01 7.823492304097071326e+01 6.975980136115974517e+01 6.154380121979097851e+01 4.254193225785274990e+01 6.215383730785506344e+01 6.379519546012907227e+01
2.286825832383851775e+01 2.643300375378955991e+01 4.821324206622099240e+01 5.911134556148609676e+01 6.516623840536112766e+01 7.351998883078817926e+01 7.173331404562652835e+01 5.653264583424083156e+01 6.005021096711912065e+01 4.113095105507385085e+01 6.005021096711912065e+01 7.560288330450207184e+01 5.547049727297453359e+01 6.122844452350109634e+01 5.236916953553917153e+01 3.234712148582528357e+01 4.323354459988460263e+01 5.106693701120003936e+01 5.209572390209627457e+01 3.285332208918657670e+01 3.600810069828566640e+01 5.596035358898085832e+01 6.869230228398184579e+01 7.995768872231103330e+01 7.136218805371763096e+01 6.508856533535947619e+01 8.213247385031237968e+01 7.196554285001070639e+01 5.222323106774572210e+01 6.917953880206155759e+01 5.556930999415879313e+01 5.543839126437101328e+01 5.957189333063706016e+01 4.174422886260555288e+01 6.157025276478167086e+01 6.898544269544869678e+01 7.572731357148525433e+01
2.653194022167612331e+01 2.472748765082388545e+01 4.448506137799924431e+01 5.288444519138912625e+01 4.574701825210350137e+01 5.933221351591938486e+01 7.925082041667376131e+01 7.780112625393114456e+01 6.717807634082980428e+01 4.723722318688174227e+01 6.717807634082980428e+01 8.422710190315059720e+01 7.568030353051852899e+01 6.416990243525061999e+01 4.536299257536852281e+01 3.380176435794260925e+01 5.329949743287811259e+01 6.006842486520116609e+01 5.903208937559665515e+01 5.308716961368640597e+01 3.349470168887223309e+01 5.365924489786936391e+01 6.193524121823029560e+01 7.039014057786206990e+01 4.835144532826496544e+01 5.962404740640049283e+01 6.224102530335444072e+01 5.240490096073409632e+01 4.519616367748297847e+01 5.760693308331009632e+01 3.976128530841236852e+01 4.034960947472774961e+01 4.093307904722465196e+01 6.080877227433298060e+01 5.234672015531665323e+01 7.199236246093842340e+01 8.424564872637915869e+01
4.730042556306419499e+01 4.448506138060534454e+01 2.657439878611275219e+01 3.353684735228804925e+01 5.288444416662500203e+01 6.026367052250084555e+01 6.855507142690933620e+01 7.852772556013671590e+01 7.592476630647280444e+01 5.841532915778552137e+01 7.592476630647280444e+01 8.219961566292499811e+01 7.393732641299649799e+01 6.016864924270724657e+01 4.061418120340639604e+01 3.529523783850342511e+01 5.512994811680782448e+01 7.283400517111512329e+01 6.799594626357729510e+01 4.796873187133459027e+01 5.374253507742776037e+01 3.414295173727730770e+01 5.014428826114204441e+01 6.124488033847817547e+01 5.635080722755548521e+01 3.684371329170399889e+01 3.733744391496327353e+01 3.786307640721624779e+01 3.839261838454964959e+01 3.892641826860142373e+01 4.017544943393250634e+01 5.853402018581343214e+01 5.809110434004191603e+01 6.843031088004497065e+01 7.138398605902069960e+01 6.629752076970424923e+01 8.587906772446940806e+01
6.626692085277019828e+01 4.637733977839892674e+01 4.637733977839892674e+01 2.849352145559685567e+01 4.832454459040114614e+01 4.043394508585902969e+01 5.032080010406374981e+01 6.434487304900100924e+01 8.435785960508326298e+01 7.923802607476966386e+01 8.802273411693555261e+01 7.393732641299649799e+01 5.447534507749833210e+01 4.836985842585129092e+01 5.669047393708537186e+01 3.688735080261166388e+01 4.611858891607484878e+01 6.619495058282866751e+01 7.677284399300162931e+01 6.838000166791499623e+01 6.112172258857519580e+01 4.281824830439633445e+01 3.480113669455689518e+01 5.317669283216111609e+01 3.615235997366687570e+01 4.757336211922982727e+01 3.888211193525225440e+01 5.563498858683057335e+01 5.839546471900834490e+01 4.303690348797785958e+01 5.815205479447169523e+01 4.189847541185740454e+01 6.148349755193115129e+01 7.061530028197140041e+01 8.231412011494312253e+01 8.587922429306092909e+01 9.407072569611446511e+01
7.048581389811948839e+01 5.059097948447941917e+01 3.659319529548932337e+01 4.832457985406223600e+01 3.051352884428156997e+01 5.034880871224125087e+01 6.855507142656294661e+01 7.204974280640475115e+01 8.037612416102687973e+01 9.195460465505884429e+01 8.642010400696928230e+01 6.668180458270120425e+01 7.393732641299649799e+01 6.203287937166635402e+01 5.822909547739597258e+01 3.852741280731564899e+01 5.822909547739597258e+01 6.619495047344496186e+01 8.615851460479042601e+01 7.461079175826903054e+01 5.576893068131904130e+01 5.789610620917967765e+01 3.800515918841372809e+01 3.546933914402324461e+01 5.566715432685366238e+01 5.969418515659090474e+01 5.669720150178146412e+01 4.103512417262954415e+01 5.990937791970347348e+01 6.750899660699963079e+01 6.882384633736586466e+01 6.148600957278819834e+01 4.357826300498439309e+01 5.649099362238142419e+01 7.186701366085102904e+01 7.865734152044055350e+01 8.663384982915943056e+01
6.634791871149438691e+01 4.648816443580791713e+01 5.641802610691236453e+01 4.600171416814760050e+01 3.198890097830224732e+01 5.181852427227274660e+01 6.056472314532220480e+01 5.215710522763772161e+01 6.359323583901346666e+01 8.360154615164083225e+01 9.474149067010543490e+01 8.056056792119660770e+01 8.996932129124672883e+01 7.356235016628031076e+01 5.404579209829275044e+01 4.017742436002323814e+01 5.977369976924978090e+01 6.939592145916746802e+01 7.764313290695585579e+01 8.283015819704048965e+01 7.461079175826903054e+01 6.856874643177673079e+01 5.811006420442849674e+01 3.973641377312477374e+01 4.465925989839409738e+01 6.492239439177768645e+01 6.751012132880708805e+01 5.993660176890867319e+01 4.312836860274006057e+01 6.182503119264300295e+01 7.181109262854249664e+01 7.121689165764148299e+01 6.311432440598745330e+01 4.523943662054944070e+01 6.475758310805365170e+01 5.940442275384418735e+01 7.559726033307613591e+01
7.465862973854022755e+01 5.532946254604428304e+01 7.416275508064842370e+01 5.930832919856274543e+01 3.949235677281411938e+01 3.414363919465134956e+01 4.075518840987498237e+01 6.056472314532232559e+01 7.854982252594757597e+01 8.044600101562429018e+01 8.881032375661078504e+01 1.005662754960400775e+02 8.859804651245410412e+01 6.895380698709286094e+01 4.947779513085559699e+01 5.977369942127968017e+01 4.256766823717162396e+01 4.995012718847851119e+01 6.362315736005155742e+01 8.333278548432934940e+01 8.085356375442509602e+01 6.022213626808613185e+01 4.586203617197462989e+01 6.010773511263352020e+01 6.493553947099084667e+01 5.545275862601602768e+01 7.555034580701578761e+01 6.988326407623267755e+01 6.187448875685661420e+01 4.515410041014747122e+01 5.823256285457397752e+01 7.735317577972084280e+01 7.227885318259882297e+01 5.823578085006317195e+01 4.690388371520317179e+01 4.809705476032208793e+01 6.761011072748871698e+01
