MOVIE_S4_data/elevation_000875.asc
nrows	100
cellsize	150.0
xllcorner	0
ncols	100
yllcorner	0
NODATA_value	-9999
[rows 17 to 33 of 100, columns 0 to 36 of 100]
1.372224685174658065e-01 2.013685313120172893e+01 1.783545188853739205e+01 3.758265816398511561e+01 4.424048943746051776e+01 2.274308124757633465e+01 2.940173177201645416e+01 1.607400054409938761e+01 3.708359536993248895e+01 5.509977092032980295e+01 4.443204542244676958e+01 4.451630766660056082e+01 3.645556634070857172e+01 3.216267492653847881e+01 1.310646493157595316e+01 2.661672001047151781e+01 4.681790306722404438e+01 4.145549185406095916e+01 4.145445122005624938e+01 3.446714085521819726e+01 1.317165977444753722e+01 8.133248904782616862e+00 1.420801595524694605e+01 3.515279567606214783e+01 3.335479641526908523e+01 3.014066146060153528e+01 3.430100028382550192e+01 4.501511410965179039e+01 3.284495968125279575e+01 2.752962563495644943e+01 3.551161931419611761e+01 1.573170836623855884e+01 1.301951949149256293e+01 1.994267586283441318e+01 1.605896842954226500e+01 3.600667021414712110e+01 4.126606680854497000e+01
1.353332760910071209e-01 2.013533104771065041e+01 3.758268949841162510e+01 3.228351109913042194e+01 5.165615705440036010e+01 3.804018808233189475e+01 4.575686020382253361e+01 2.809805387493255679e+01 2.585233300543337265e+01 4.717817552582623364e+01 6.349368288730082810e+01 6.226692297626257755e+01 4.941602505112038557e+01 2.912404410255169651e+01 1.527689421075245413e+01 2.912404410255169651e+01 4.941602505089763042e+01 6.115914646682411870e+01 5.430711408251742967e+01 4.309395588280288791e+01 3.083805966990146530e+01 9.723467120513580753e+00 8.648296893174780564e+00 2.881251471232889116e+01 2.437934155007912196e+01 1.260356188307810399e+01 2.204645304242313486e+01 3.535343291940299082e+01 2.236829232693549230e+01 3.123138137018110072e+01 1.754936975684818989e+01 3.232348598552132302e+01 1.268518869940113447e+01 3.283215467353387140e+01 3.616448714641362727e+01 1.865374196267884699e+01 3.874997303143101846e+01
1.303432743768621893e-01 1.427247890191663338e+01 3.427248426661338243e+01 5.177682706018511283e+01 5.999862518003590850e+01 5.920947309650389911e+01 5.793963446408258022e+01 4.935807331887305338e+01 4.092412873712014942e+01 4.092412873712014232e+01 6.227678010306969014e+01 6.740898691944968846e+01 5.574492442214597077e+01 3.776409139424775674e+01 1.758410840789408525e+01 3.181306394269578774e+01 5.213114257783902872e+01 6.011816285736868082e+01 4.026293419381763528e+01 2.616602685116015437e+01 1.555960671640261594e+01 3.080932473947027006e+01 1.384548135421691306e+01 9.153890412067728022e+00 9.505978714925401363e+00 9.853240674906498242e+00 2.580908675101660066e+01 2.935513986146307985e+01 1.117865429364914398e+01 1.152494953834665736e+01 1.186963410965848986e+01 1.221262428416468993e+01 1.278544200784159557e+01 3.597214890522668185e+01 4.150889199521459005e+01 2.142237011936686741e+01 2.222641940269441463e+01
1.234970534698958955e-01 1.426563267720097095e+01 3.426563267720167261e+01 4.987981714338545913e+01 4.556549236163130701e+01 5.381690830717725760e+01 5.551958046947358838e+01 5.968350303335573415e+01 6.227678010358712868e+01 6.227678010312799728e+01 7.075862981744883484e+01 5.903016575284246414e+01 3.883820814497081386e+01 2.699016344362603093e+01 2.066373312362868475e+01 2.826217510837655311e+01 4.266909462543302567e+01 6.284641989644966031e+01 5.131878868684410833e+01 3.145846321778771326e+01 1.987085242214061154e+01 3.955367527446182407e+01 3.277475580445833714e+01 2.071492215734501130e+01 2.642611403617116395e+01 1.159980888927567300e+01 1.034247623845462272e+01 1.068788743896046256e+01 1.392821817742929902e+01 3.026910860588294483e+01 2.582183753665857751e+01 1.502176730177768427e+01 2.861692464179839845e+01 4.424620242525308100e+01 4.431476131521843342e+01 2.427488561313897364e+01 4.230003992074760788e+01
1.256355554530943219e-01 2.012563555545273886e+01 2.163728121650352421e+01 3.069346089392255550e+01 2.557828834535241214e+01 3.761677299117403805e+01 3.554419612262879724e+01 3.971403193954596134e+01 5.381563943333323863e+01 6.791724692712055855e+01 7.713484249500322676e+01 6.164870490856802832e+01 4.145886419713219340e+01 4.453869811011519175e+01 2.410168534163256382e+01 4.453869811011519175e+01 4.266909462543302567e+01 6.284641989644965321e+01 5.954607664111536991e+01 4.390308026172029088e+01 2.405900044437666807e+01 4.390308026172029088e+01 4.705173515018496744e+01 3.955883175679767305e+01 3.519117697686289148e+01 1.543817465794290911e+01 2.524887376223357194e+01 3.113213287665028517e+01 1.366910028042692282e+01 3.425463010951757070e+01 4.053017422016574045e+01 2.253491667135849141e+01 4.248952976082434674e+01 5.692481200315541656e+01 4.716419636933535031e+01 2.720466229873792230e+01 4.716615832358182558e+01
1.208450475705237920e-01 2.009307302058971700e+01 7.495495241682082366e+00 1.069805831778093186e+01 1.403139165110153641e+01 1.762349769156109502e+01 2.140314242112349064e+01 2.557343069665259350e+01 3.971403193954596844e+01 4.896796428842351645e+01 6.891489952918088591e+01 7.003098466526027721e+01 6.164870490856802832e+01 4.812850569964959391e+01 2.782148738193178161e+01 4.812850569964959391e+01 6.284641989644965321e+01 7.123581567248980662e+01 6.228034912602032591e+01 4.242529417228713839e+01 2.836321084408583459e+01 4.824070512740402705e+01 5.630363292047680090e+01 3.634796928646061787e+01 2.151772666063714468e+01 3.621977724597530113e+01 3.649703303442183966e+01 1.733041510974083721e+01 3.469946705840590795e+01 4.553070296192873911e+01 5.106688797021148929e+01 3.458791327691047712e+01 5.133992997824060467e+01 6.418680064408474095e+01 4.459931415017498324e+01 3.022877290320094801e+01 5.009501703443463327e+01
1.160239911856559974e-01 3.131137436963286280e+00 2.313525492884731349e+01 3.069346089392255550e+01 3.402587474248469590e+01 3.761677299117403805e+01 3.554419612262879724e+01 4.556295460631104532e+01 3.264449439272877385e+01 4.419056329020715879e+01 6.415445111460107341e+01 7.248391452417810399e+01 5.230396641390868950e+01 4.074542141757473956e+01 3.212599819660240996e+01 4.634641339317218467e+01 6.644374904030894413e+01 7.629517449402825946e+01 5.647521838429877050e+01 4.242529417228713839e+01 3.385672616938277457e+01 5.376121784710102247e+01 5.816725021421107300e+01 3.845939672228045225e+01 2.628688174823933466e+01 4.695506953413845963e+01 4.668044915796328098e+01 3.199033191518003605e+01 2.229717989135149026e+01 4.371842880817404620e+01 5.915064942214251431e+01 5.448470343438331298e+01 6.312428907531679556e+01 6.290125275063536492e+01 4.455070384852410825e+01 3.338022354854467011e+01 5.317942164847334396e+01
1.085988230417786332e-01 4.472956627761645265e+00 2.447295662776200231e+01 3.581252597371960888e+01 4.184275286527498849e+01 4.850941953194177358e+01 5.551958046947358838e+01 5.928687767628562000e+01 3.931112996277595784e+01 5.928687767628560579e+01 7.238165124341769285e+01 8.089985189396951171e+01 6.922563053243352726e+01 5.757313634661511514e+01 3.759137771986801368e+01 4.289935981153124089e+01 5.440665876425365610e+01 7.462197003604012480e+01 7.051046354117674753e+01 5.975027286458351483e+01 3.988682452279929436e+01 5.975027286458351483e+01 6.597100785663700151e+01 5.203758107518594045e+01 3.173924572909625397e+01 5.203744479227125197e+01 6.129736377341595954e+01 4.993133224192582276e+01 2.839737913582293416e+01 2.982523139184108985e+01 5.132478375425444739e+01 6.727704891352031780e+01 7.834391248685180642e+01 7.043872515640603638e+01 5.848627853851628799e+01 3.976385986493509961e+01 3.888048189869595461e+01
1.073404342885239532e-01 2.010734043428816875e+01 1.096181347299220477e+01 1.581252597371890722e+01 2.184275286527428506e+01 2.850941953194107015e+01 4.265155515567251854e+01 6.265155515567352751e+01 5.344753448664638995e+01 5.344753448664638995e+01 7.338429920006363716e+01 7.934304275785760296e+01 5.905183213251120122e+01 4.751836585209977670e+01 4.751836585209976960e+01 5.702251585731768557e+01 7.135302933186986252e+01 8.304429562032841261e+01 7.374617413197954363e+01 5.395298074200013616e+01 5.138731820884775914e+01 6.797186382908405733e+01 6.126063293095810280e+01 4.175138626577466283e+01 4.387081744485037405e+01 5.990155172970334974e+01 6.046737929280830315e+01 3.940336124529562767e+01 4.385052243320980381e+01 5.133179196266048905e+01 3.882568041033126605e+01 4.976356270796954817e+01 7.041595367588067234e+01 6.996924281327549977e+01 5.037947674057684111e+01 5.950370916270517085e+01 4.297114702772734063e+01
9.951591839399596962e-02 2.009951591839364227e+01 3.096181347299256004e+01 3.581252597371960888e+01 3.214245759227284793e+01 4.850941953194177358e+01 4.265155515567251854e+01 6.265155515567462174e+01 7.338429920006359453e+01 7.338429920006363716e+01 8.159660581439626981e+01 8.776944441632814176e+01 7.604552829119168678e+01 5.905183213251120122e+01 6.167993648161716891e+01 7.604552829567609251e+01 8.568354280642229526e+01 8.474926510545198255e+01 8.199074695660537770e+01 7.374617413197755411e+01 7.117428137501217122e+01 7.941350782131915764e+01 6.848354022626594428e+01 4.948472207395030864e+01 6.319358766092712898e+01 7.096141196855269584e+01 6.857218199560992389e+01 4.919560664463990918e+01 6.454736302057850139e+01 6.815704004289032980e+01 4.976075024541103886e+01 6.821737403995938109e+01 7.883849322751751743e+01 6.635916547703727986e+01 6.422590773959488786e+01 6.676158896170385049e+01 4.730543070886142232e+01
9.660808524269255682e-02 1.164361346903510785e+01 2.578574909276580840e+01 4.578574909276303373e+01 5.214245759226984944e+01 6.042672883321679222e+01 6.265155515567469280e+01 7.093582641214233320e+01 8.417934016932183283e+01 7.598766950544060705e+01 7.856346688221148611e+01 8.674947000671960495e+01 8.776944441632842597e+01 7.934304275785760296e+01 8.198757755166080585e+01 8.155244302114468269e+01 7.326951759235863904e+01 6.477296577968830604e+01 7.890543142963174716e+01 8.966684155070802831e+01 8.136232610160998036e+01 8.966684155070802831e+01 7.656004042652674002e+01 6.058485770974708373e+01 7.653718577504309906e+01 8.241270656044412135e+01 7.753141534262164214e+01 6.389384865038587691e+01 7.753372212444267575e+01 7.831163677800024914e+01 7.020264443888621031e+01 7.831163677800024914e+01 9.414418099823880937e+01 8.593688183626159116e+01 8.383488024140832806e+01 7.160805576595127775e+01 5.222218857827883909e+01
8.961064364900331314e-02 2.008961064364864768e+01 2.965077998733159248e+01 3.499600482583826278e+01 4.102623171787198686e+01 4.809729953215757092e+01 5.638157255513850430e+01 6.792858139603866618e+01 7.271575341515925572e+01 5.609940198627280949e+01 5.868203686808974595e+01 7.856346688221336194e+01 8.230565424449142142e+01 9.048611453410758543e+01 8.739813521975125354e+01 6.741725255350917223e+01 5.331825430067682703e+01 5.067857311575563983e+01 6.892572996743497526e+01 7.966041090199065877e+01 6.136438168198402821e+01 7.966041090199065877e+01 8.831131979998545489e+01 7.956603960484383720e+01 7.582396174809727540e+01 6.268641070940763171e+01 7.660006055910196210e+01 8.332661428976457785e+01 8.424810656071922210e+01 7.769621266348619315e+01 8.597787770537800611e+01 9.087062931760705453e+01 8.258524183429693721e+01 9.087062931760705453e+01 8.759392611601460032e+01 6.801531339306337998e+01 7.160805576837157105e+01
8.602227843884299729e-02 4.800067486349179902e+00 9.650779987075882360e+00 1.499600482532441603e+01 2.102623171687979564e+01 2.809729952874539549e+01 3.964430491253831690e+01 5.964430492613366397e+01 6.450517289776409768e+01 4.466671961508556166e+01 6.450517289953549493e+01 7.902525815382686858e+01 6.241286437908117080e+01 7.902525815382686858e+01 8.771978277406570612e+01 7.453963341271827403e+01 6.065123075247406348e+01 4.073258387840922268e+01 6.065123075247406348e+01 7.136335389179693323e+01 5.140522585661830846e+01 7.136335389179693323e+01 8.330381559163699023e+01 7.885042911244748609e+01 6.846415453582945077e+01 4.864833127762675247e+01 6.846415454320710126e+01 7.839104469691068289e+01 6.429374255263773819e+01 5.775487135383873039e+01 7.445588368453640271e+01 7.987723964509578423e+01 6.263259441824970963e+01 7.836689106487375511e+01 8.664907166921315707e+01 8.759392611600658540e+01 8.906524590358399962e+01
8.664218773200615953e-02 2.008664218773165189e+01 2.965077998733159248e+01 3.499600482583835515e+01 4.102623171787193712e+01 4.809729953215776987e+01 5.638157254990695577e+01 6.545070729658232267e+01 5.724258559977692329e+01 3.873506498391878239e+01 5.852365417527860814e+01 7.082054666076497540e+01 5.093546896172681926e+01 5.965737867269690042e+01 7.953338476153976444e+01 6.626209769122834814e+01 4.632582696027707669e+01 3.520962168559228900e+01 5.512679208768170014e+01 6.471064454673748401e+01 4.479826518446004968e+01 5.504372059839392506e+01 7.500583188710999138e+01 7.061770361560493825e+01 5.074308423419424230e+01 4.114300274691911596e+01 6.099338909969409883e+01 6.844452606701665331e+01 5.021960738843062444e+01 4.627634895328933595e+01 6.142741854678467917e+01 5.992900868431846106e+01 5.267520304634444273e+01 5.842068771198950827e+01 7.251701159903099381e+01 9.248974940769436159e+01 9.791333416933436240e+01
7.759125536472052942e-02 1.421972687909579669e+01 3.421972687909649835e+01 4.114514066316800722e+01 4.114514066316790064e+01 6.116764517426309311e+01 6.545070852060240441e+01 5.402301447397439915e+01 3.745868942154996262e+01 3.327636225892195654e+01 5.303528702145326434e+01 6.330469374750075673e+01 4.347553803627104685e+01 6.330469374750075673e+01 7.747530551653537145e+01 6.407818179486605459e+01 4.414628272827991395e+01 3.005099028609459921e+01 4.998420080295719714e+01 5.870683627147579386e+01 3.883421075907620690e+01 5.870683627147579386e+01 7.367320639409597050e+01 6.844347083907042872e+01 4.856906662211959258e+01 3.450754736532375233e+01 4.713960208396888873e+01 4.957307096019161463e+01 4.029192868369721481e+01 3.740250220168786655e+01 4.153957190288960533e+01 4.586366464349831062e+01 6.577171026005466103e+01 7.836689106296842056e+01 6.992844800615667111e+01 8.403479875407151667e+01 1.040394268104645334e+02
7.818929607037834739e-02 2.007818929607002190e+01 3.044026650684870816e+01 2.111817270687422976e+01 3.528188166111207380e+01 5.530049881775149601e+01 5.724258560596741319e+01 3.745868942154996262e+01 2.606668617123587239e+01 4.582034781835898229e+01 5.922820901524722359e+01 5.101944772151022534e+01 3.802174029461674110e+01 4.941142189734490842e+01 6.927101495056311364e+01 6.152384912862254396e+01 4.573442604149492752e+01 2.578240121295262099e+01 4.573442604149492752e+01 5.388701662170078066e+01 3.402171403668575778e+01 4.547058402618853279e+01 6.538407735640983276e+01 6.346018742367666476e+01 5.231712264868592399e+01 4.406154798124645566e+01 2.718923779777014005e+01 2.965334150212356334e+01 3.216769214598862447e+01 3.652172504852195090e+01 4.107395905406981740e+01 6.095916185229560824e+01 7.352929471601785849e+01 8.180406182364471590e+01 8.989401865005635273e+01 8.989401865629990596e+01 1.099081996943604338e+02
7.024788420635796893e-02 2.006389654507158582e+01 1.036780101175610014e+01 3.044026650684858737e+01 4.944382085094252233e+01 6.009534470239142934e+01 5.642257953499413503e+01 4.178812955251323302e+01 2.201544281173293527e+01 4.146206833261145874e+01 4.519560563004848319e+01 3.126981725729449124e+01 4.521322292203819160e+01 6.503648166272115816e+01 6.810406598370138909e+01 5.325467038632955763e+01 3.331764095236130174e+01 2.178415324890853455e+01 4.174402107578644205e+01 4.965171987994636993e+01 2.976599852889338038e+01 4.965171987994636993e+01 6.087276471901657970e+01 4.936134504052661498e+01 3.526257507254880608e+01 2.408151816384356891e+01 4.405842641402769999e+01 4.957299194046921542e+01 3.969090345910532136e+01 5.639365210961266683e+01 6.094573838987319192e+01 4.808476914330416463e+01 5.359458503896104986e+01 6.768300789296370112e+01 8.764347965756054748e+01 1.048699926029834018e+02 1.085100796652178730e+02
