MOVIE_S4_data/elevation_000222.asc
nrows	100
cellsize	150.0
xllcorner	0
ncols	100
yllcorner	0
NODATA_value	-9999
[rows 17 to 33 of 100, columns 37 to 73 of 100]
6.551999294939143681e+01 6.551999294939143681e+01 7.108503235787739527e+01 6.686466795793580786e+01 5.145671601271646267e+01 4.097915824728421796e+01 2.883610169202882645e+01 3.752407417716378291e+01 5.338739677509953907e+01 7.548899494011578781e+01 7.624381556602072862e+01 5.651029602692447185e+01 5.651029602691923515e+01 7.049712281907828526e+01 6.938405035722286129e+01 6.023928572730442710e+01 4.762487418628552405e+01 2.765376728080000390e+01 2.658227090720096086e+01 2.789582281972078448e+01 4.756110530687926996e+01 5.022924095996721405e+01 4.951571275944921524e+01 4.003179940842590412e+01 5.660109828387049191e+01 5.987302825699882192e+01 5.702172549975329474e+01 3.747396145363694586e+01 5.702172738023897836e+01 6.159182662907520722e+01 5.500992922719478884e+01 4.395129294145288412e+01 5.810567802728749598e+01 5.310476788689700101e+01 3.873662652057410583e+01 3.931393075205121335e+01 3.989494396165637369e+01
5.322961806345372082e+01 4.575669205527325545e+01 5.129715929949486508e+01 6.530591568968573313e+01 4.691082746416444138e+01 2.703072542377612564e+01 4.407109903981557153e+01 5.631053215979334681e+01 6.876015118115198277e+01 7.061618196388555191e+01 7.548723792041261049e+01 5.556741168614813375e+01 4.211264039427086914e+01 6.229011008324852128e+01 6.602424715404887934e+01 5.344270044648181539e+01 4.527157839680653950e+01 2.587184489320125280e+01 4.575516112889472709e+01 2.735627951720022466e+01 2.790706996145003060e+01 4.092535926543084202e+01 2.950345574798239667e+01 3.007867878200788780e+01 5.005093332994687216e+01 3.173255854048184688e+01 5.177132925524401941e+01 3.520820881444437589e+01 5.436015721029219350e+01 4.637063306216033709e+01 3.567951648945681598e+01 3.895864873184648047e+01 4.532237352620359161e+01 3.792003938210822156e+01 4.125730761389410617e+01 5.754173115377908942e+01 5.912523921219924716e+01
5.756170086630407923e+01 4.616778420825556850e+01 3.695610116398983536e+01 5.072382994412159007e+01 4.623259718020599252e+01 3.872757112177075811e+01 2.526599093598243329e+01 4.917898534995986637e+01 6.489174129000294045e+01 5.096529624757943822e+01 6.489174127499207145e+01 5.556637591367610440e+01 3.505111807367910615e+01 5.555336638809667704e+01 5.230428396647349132e+01 3.884145570541226533e+01 2.517242837599239280e+01 4.548814735582351432e+01 5.006777081077084546e+01 4.579062811225922047e+01 4.829578895423701823e+01 2.869809040972671355e+01 4.903853428235859013e+01 3.289919141677238201e+01 3.090433290321981730e+01 4.112898380639158802e+01 3.255859941606762220e+01 3.314121384308343465e+01 5.267902250860729652e+01 3.483389788568687351e+01 5.422795390979227648e+01 3.651547149481838517e+01 3.709865058560320250e+01 5.617580976618906874e+01 4.865458226766236294e+01 5.066110304627422778e+01 6.965107667702270078e+01
7.419581801100898133e+01 5.831293745269609730e+01 3.823716340384878265e+01 2.904695008557109404e+01 2.408472275695233122e+01 2.353673986606002444e+01 4.224967730072714289e+01 5.581302195436617808e+01 5.586270833160720173e+01 3.673163501935581365e+01 5.483247930141112647e+01 4.921282136687997877e+01 2.975365779608129913e+01 4.995931658040237977e+01 4.257910112888275478e+01 2.447444173485965280e+01 4.400680467358275649e+01 3.436362699334095794e+01 5.429437212854528383e+01 6.924876022681922905e+01 5.260584785943721897e+01 5.260589165379391119e+01 5.715537216393220632e+01 3.772573175037774718e+01 4.223961890378598127e+01 4.669723136075991476e+01 5.203793747247473789e+01 4.122662496854061942e+01 3.397900003045884887e+01 5.343647923799885291e+01 6.241356175208930779e+01 6.070845143034657809e+01 4.032919162952276082e+01 6.121481307694576657e+01 6.583678398904781659e+01 6.948962830168935056e+01 6.965275057030541461e+01
6.500184140452674342e+01 5.104224509744175720e+01 5.072500809407117117e+01 5.069410610817025287e+01 4.263897635402542363e+01 2.231103059943392353e+01 4.263594336545637731e+01 4.893365667145022968e+01 4.002657458660532797e+01 2.751343965262715585e+01 4.029670177782971763e+01 3.789039561858135130e+01 2.560277844304656725e+01 4.520797389708960168e+01 4.430729494921853728e+01 2.397983874686254424e+01 4.430730183086339480e+01 5.434784786665299094e+01 4.497838012588216117e+01 6.484175481863935886e+01 7.613191542114483923e+01 6.486930381866451967e+01 4.540071316232168641e+01 5.751086856475227904e+01 5.483906239906234248e+01 6.108375158676886230e+01 5.932875211631137091e+01 4.012801847960942325e+01 5.344382692896023457e+01 3.795102907284921656e+01 5.719866687147224127e+01 6.899467076733364479e+01 6.128857322104574479e+01 4.535012263228436069e+01 6.649378244088592282e+01 8.038196523311127351e+01 8.967055761809371006e+01
7.910497522773383139e+01 7.082404835919152220e+01 7.065169417918811234e+01 5.578904713637614066e+01 3.564209101651034928e+01 2.114377667570236596e+01 4.135843361770371018e+01 3.576128737095169186e+01 1.969316551071380417e+01 2.017383389161349783e+01 2.065634343441553611e+01 2.113888825413132366e+01 2.162061511033671124e+01 4.197994593618773962e+01 4.312903770250976265e+01 2.348472577792009730e+01 3.795791298150634674e+01 5.796868797624060932e+01 6.484175481863935886e+01 5.896345146447641383e+01 7.903323450000281980e+01 7.049772225571746276e+01 5.100030885725112739e+01 7.049772225571746276e+01 7.309202338256386611e+01 6.602117036751367607e+01 4.653639187108952768e+01 5.934350974443446347e+01 6.505558186760703165e+01 5.140405160135155427e+01 4.191925235688485429e+01 6.134103390844178705e+01 7.492581482783378988e+01 6.649378244212130085e+01 5.099969454544199010e+01 7.201184294942295594e+01 8.630728009704414205e+01
8.389702815977587136e+01 6.970345143843218239e+01 6.141557582768902535e+01 6.032162566343701826e+01 3.742716441234651370e+01 1.998040360686205119e+01 3.784076644776347109e+01 1.901625723460473694e+01 3.758953297438851848e+01 4.048695816399283842e+01 3.772634302467930922e+01 4.150810061201651990e+01 3.200161381992474929e+01 2.230265028568526020e+01 2.278472037140432604e+01 3.910896351277512650e+01 4.337340279720490344e+01 6.301531805948745557e+01 7.596458473836412395e+01 7.903323450000281980e+01 8.739775693004858681e+01 7.705798742326555839e+01 5.737719192062129281e+01 7.705798742326555839e+01 7.410208677661827892e+01 5.428535812444760467e+01 6.602117036751367607e+01 6.602117036751367607e+01 7.802000071060177788e+01 6.392156279575977607e+01 4.470338845117766624e+01 5.563136602317292301e+01 7.546049135772280181e+01 7.608906522217627355e+01 5.529922929215188532e+01 7.608906522217627355e+01 7.786449033782527351e+01
7.487889387143229669e+01 6.141557582768902535e+01 4.149545818869180636e+01 4.406527567319611904e+01 4.595668407383332976e+01 3.643251891655845753e+01 1.834633777373659314e+01 3.877218233687611360e+01 2.775001956709785134e+01 4.419177343088787069e+01 5.937464108413077923e+01 5.245640461893812301e+01 3.243156949870436989e+01 4.264986740085051053e+01 2.449828717663510247e+01 4.429688616690954461e+01 5.532581148993443776e+01 5.970708821521424881e+01 5.605329924996976132e+01 7.596458473836412395e+01 8.951314201608960275e+01 8.537266971593203380e+01 6.709049633455848038e+01 8.537266971593203380e+01 8.117846325828985243e+01 6.116344807261440764e+01 7.410208677661762522e+01 8.600404864351116885e+01 7.861650747486940816e+01 5.865610895010167525e+01 4.761130940521449162e+01 6.709236601346246687e+01 8.379771648952115015e+01 8.037258112278853162e+01 5.982956053602030977e+01 8.037258112278853162e+01 8.164295048232955310e+01
6.649664426175172594e+01 6.070598330501654516e+01 4.722040364464230322e+01 2.738864662615652179e+01 3.751590367405471937e+01 1.773038944344509815e+01 3.815967681269447809e+01 4.707346122416858947e+01 4.720578506916262995e+01 3.772386158872858886e+01 5.665740766070639722e+01 6.073769989341789000e+01 4.144688976034093031e+01 5.262302889509155790e+01 4.431371431898444513e+01 2.699968472530049013e+01 4.723436129631224389e+01 3.982615691995677309e+01 4.978474323654870659e+01 6.118967737691833264e+01 8.115835404158681854e+01 9.537152235486952634e+01 8.702547851197259376e+01 9.537152235486952634e+01 8.947538000756578924e+01 7.112916879144889037e+01 8.947537999888533022e+01 1.024240475091765177e+02 8.696246309238772199e+01 7.042075175811594079e+01 5.072975614381476106e+01 6.193735911818007622e+01 8.200928161454632459e+01 8.492300975985914135e+01 6.457287424135674314e+01 8.492300975985914135e+01 8.557147762198331975e+01
6.017821568753872441e+01 5.223010782768722038e+01 3.120935497506216549e+01 2.148084324969592274e+01 1.711315303202574967e+01 3.753928289342842817e+01 3.433499992155973501e+01 5.397516637985734178e+01 6.450417559412164792e+01 4.736731272029481232e+01 6.450417559661819666e+01 6.973567906412144168e+01 5.299753939541366776e+01 5.791103623797195610e+01 3.793680640714516272e+01 4.723436129631224389e+01 3.012060597228926895e+01 5.033512732509397836e+01 6.193573237580799429e+01 6.861783763711261486e+01 7.693488866638553247e+01 8.849019999742168352e+01 9.295573028476775335e+01 9.516898504816244042e+01 9.950925610372652841e+01 9.122775772513146819e+01 9.950925610341265326e+01 1.032687491309175698e+02 9.317502160702446190e+01 7.405306113995398221e+01 5.415808329725078352e+01 7.405306113995398221e+01 9.035956665072112060e+01 8.982734343570581359e+01 6.960625766691589433e+01 8.982734343570581359e+01 9.039371533070166720e+01
5.460776162275111290e+01 6.064864004161260880e+01 4.880259922529328520e+01 3.587621475486101019e+01 1.667661976962004289e+01 2.833387259279906090e+01 4.754867885778683956e+01 6.210193521079403212e+01 7.387663712074174782e+01 6.596804326179646694e+01 7.387663712074009936e+01 8.128328728421782046e+01 7.294828617213521227e+01 6.619449563562351102e+01 4.797899712295581054e+01 5.860349623281093301e+01 5.033512732509397836e+01 3.366077109707030957e+01 5.366999857069873059e+01 4.880435392619889257e+01 6.018558341738246042e+01 8.013651111243245850e+01 7.282755461563834842e+01 7.502680116630985196e+01 9.516898504816244042e+01 9.443420902212410795e+01 1.028170656566161796e+02 9.492757669513082419e+01 7.471937641254105245e+01 6.467387435784836214e+01 5.846854940523834188e+01 7.000194811602135303e+01 9.020677328541373186e+01 9.520649878040352121e+01 7.507954245031093876e+01 9.520649878040352121e+01 9.551527591327858602e+01
6.223923612740909306e+01 6.016480855821839668e+01 5.199629926183396833e+01 3.668162384884445260e+01 1.624885942550411855e+01 3.619026260359149916e+01 5.430555850403714402e+01 6.116758914615668630e+01 6.948920835117471029e+01 7.439193786871001635e+01 6.610374897470066458e+01 6.720279389371562218e+01 7.549288045469448605e+01 7.615688257800533734e+01 6.199185135369054223e+01 6.770249576741979070e+01 4.785754791785443274e+01 5.366999857069873059e+01 3.733133736437377337e+01 5.717851748303231574e+01 6.404873735616951080e+01 6.721248209745236579e+01 5.878622688516183814e+01 7.546772486635929056e+01 8.017703056620518964e+01 7.427151388858993641e+01 9.443420902212410795e+01 1.032687491309175698e+02 9.317502160702446190e+01 8.358751518781015477e+01 6.340350257631250486e+01 8.358751518781015477e+01 9.855393195258388062e+01 1.012483648894496184e+02 8.120976197217918013e+01 1.012483648894496184e+02 1.012011101974783571e+02
5.293030135530488423e+01 4.563282908703084928e+01 3.197596736621276747e+01 3.564649352407538885e+01 1.583373122252491072e+01 3.601172870653908120e+01 4.511921963272065739e+01 4.110342584537657018e+01 5.790076110374953089e+01 6.288167176588676455e+01 4.619765911313949402e+01 4.729336054808440082e+01 6.135656644696920381e+01 8.131683548436885189e+01 8.196917968857910353e+01 7.601391683376152741e+01 6.770249576741979070e+01 6.465079234058315194e+01 4.488078604550197781e+01 4.141205941684722092e+01 4.431502049668528542e+01 4.746562232426343542e+01 5.122380249244987738e+01 5.558384521794526734e+01 6.019713859604422623e+01 7.011087086246079991e+01 8.169271505353030705e+01 1.019233566300071914e+02 1.000861214635382339e+02 7.987953804223113252e+01 7.100432302348605162e+01 7.987953804223113252e+01 1.000861214635382339e+02 1.082983380285762394e+02 8.835800277313838080e+01 1.082983380285762394e+02 1.076833749905564162e+02
3.498595853642220987e+01 2.607119014818841407e+01 3.472561439377412995e+01 1.525000545950725339e+01 1.576704475862537080e+01 1.635938215037488419e+01 3.689362582699498461e+01 2.936104859146933066e+01 4.952973792675644660e+01 4.675423105065680573e+01 3.458014880478250319e+01 4.877805269837623570e+01 6.869285291078503519e+01 7.838939421795713258e+01 7.838939421795713258e+01 8.664839257466442746e+01 8.094255056119550318e+01 6.098930323454874980e+01 5.881378381562299040e+01 6.117027891423902020e+01 5.231681053536449610e+01 5.725568671432892387e+01 7.095765464525180732e+01 6.366465723656646958e+01 8.017703056604433698e+01 7.080301439572656363e+01 9.094150840399841229e+01 1.103080042221733379e+02 1.084212809967943656e+02 9.957982113143194169e+01 8.112806621006986063e+01 9.957982113143194169e+01 1.084212809967943514e+02 1.165046181762165958e+02 9.992414052805287383e+01 1.165046181762165958e+02 1.160712028415543671e+02
1.403630420385867694e+01 1.438963563749330277e+01 1.474479022299673936e+01 3.510682040232454426e+01 3.031417722700967587e+01 3.689355780599404966e+01 1.742280160060698435e+01 3.788975852790034082e+01 1.919613818137000649e+01 2.651474249017151763e+01 4.675423105065680573e+01 6.288167176588675744e+01 7.255187425202370832e+01 5.845535592938301050e+01 5.845535592938301050e+01 7.838939421795713258e+01 7.960490380492126405e+01 8.094255056119550318e+01 7.874257748522917666e+01 8.045094592453125415e+01 6.214637451619394426e+01 7.713537676907455420e+01 7.711052408911311318e+01 7.516088699199022471e+01 9.204924815136098459e+01 8.501403793285469135e+01 8.722750912838765203e+01 1.074669100855326320e+02 1.077019618640080267e+02 1.096714209943050378e+02 1.013386939423711510e+02 1.096714209943050378e+02 1.094174463925436385e+02 1.177342452132032378e+02 1.197377045505993323e+02 1.279434556917740480e+02 1.251774461503590885e+02
3.304788520540732577e+01 3.430858370866542373e+01 1.550912720793066768e+01 3.706992784349742465e+01 5.077128967585408503e+01 4.311062125636701126e+01 2.335237708714847571e+01 1.847654888988336097e+01 1.919432881712998551e+01 3.959826519371136300e+01 4.865080638795526369e+01 6.146281388214050878e+01 5.468685848886286038e+01 4.391428676445835322e+01 6.429390056767404360e+01 7.377704037810855198e+01 5.963576783483904364e+01 7.377704037810855198e+01 8.270831057931846431e+01 9.046204845117867421e+01 8.212344284382204762e+01 9.046204845117867421e+01 9.708065482778744126e+01 9.531969674565480943e+01 1.037004929877030008e+02 1.052516880059996396e+02 1.074669100855326320e+02 1.018057280895736056e+02 8.759215039427841987e+01 1.018057280895736056e+02 1.122526271711126640e+02 1.039435299948504081e+02 8.931201313528806907e+01 1.061309175562272742e+02 1.126124410409727545e+02 1.126124410409727545e+02 1.209279587084926675e+02
3.682782455724061066e+01 2.332806280339955407e+01 3.672303063256785549e+01 4.568068458706949286e+01 5.590538760719294942e+01 3.477710776563942829e+01 4.311066124686498569e+01 3.889019376608548129e+01 3.960027384135842965e+01 2.021917658583863897e+01 3.586828321905536399e+01 4.597387933281471817e+01 3.323702995247506919e+01 5.468685848886286038e+01 6.527893459693736133e+01 5.700236761738397462e+01 4.559201207321397220e+01 5.446515434510478570e+01 6.853314867064581506e+01 8.856214186610820605e+01 9.521499283211565512e+01 9.304013832942514739e+01 9.544045831378063838e+01 9.544045831378063838e+01 1.035865609426206220e+02 1.024960534982350424e+02 9.669562796304275309e+01 9.348217780537926558e+01 7.336704413213713849e+01 9.348217780537926558e+01 1.006497721564875434e+02 8.383155282578822209e+01 7.768621043764612466e+01 9.320383470610768484e+01 9.251132868206609317e+01 9.251132868206609317e+01 1.126124410409727545e+02
