MOVIE_S4_data/elevation_000117.asc
nrows	100
cellsize	150.0
xllcorner	0
ncols	100
yllcorner	0
NODATA_value	-9999
[rows 34 to 50 of 100, columns 0 to 36 of 100]
6.606448164489217567e-02 1.161306986543750952e+01 2.575520548916871277e+01 4.575520548916941976e+01 4.975128714151603049e+01 3.545140465458759849e+01 3.071681547689557235e+01 4.492050400636730956e+01 6.517841584457745796e+01 6.637229562033934371e+01 6.016691027681284254e+01 4.225597144419729290e+01 3.035838913588123589e+01 5.033168669284355445e+01 6.513353562226591009e+01 6.752346395699849779e+01 5.809909714618990506e+01 3.848427381076263742e+01 4.422932255393541823e+01 2.924559453730882552e+01 4.902702388636657815e+01 5.220654978138948366e+01 4.357825186911367865e+01 2.832376653234239683e+01 4.311382960544619891e+01 6.413363631035734613e+01 7.766095250735499178e+01 7.700070631564372547e+01 6.337249601270730892e+01 7.342227078868647538e+01 5.730062470612803338e+01 5.980272613363682410e+01 7.902540464059457292e+01 8.305040359311965403e+01 7.479935486390608901e+01 8.152881152325063852e+01 6.734626349336247131e+01
6.290596198942818851e-02 1.420504158572025233e+01 3.420504158571954179e+01 3.954277226759876385e+01 5.954277229307550812e+01 5.563028562750109529e+01 4.492050400636730956e+01 4.492050400636730956e+01 6.517841584457745796e+01 7.370487221812396683e+01 5.440066662736067116e+01 4.044960410870282885e+01 5.033168669285439023e+01 3.703318224657938629e+01 4.864285970702965045e+01 6.837096693430618188e+01 6.614522681744095678e+01 5.809909714618990506e+01 5.256240154123248232e+01 3.287825182533188695e+01 4.685841590114091559e+01 6.633304103468942969e+01 5.507830099146734426e+01 3.407403516315137182e+01 3.763643544257869422e+01 4.815873514580078307e+01 6.311425712112701092e+01 8.391337356351489518e+01 8.259046952944358111e+01 8.454276463607295966e+01 7.654837373952331347e+01 7.902975989420151848e+01 8.701558300934520673e+01 7.216837180469943291e+01 5.549746619686516169e+01 7.216883238670538958e+01 8.782961224330983896e+01
5.954267593782444634e-02 2.005954267593746820e+01 1.954277226591160144e+01 3.954277226759876385e+01 3.962659277359893650e+01 5.962659285054423464e+01 6.517841584457745796e+01 6.517841584457745796e+01 7.360576766632723889e+01 7.607319615240169242e+01 5.665104996021290162e+01 5.452695394557601105e+01 6.247914121410220645e+01 4.265509090494253286e+01 6.247914121427564993e+01 7.651041955079206502e+01 8.266281411947575464e+01 7.148086540366169572e+01 5.633534483320386244e+01 3.673055640604907524e+01 4.811560908430649164e+01 6.756371267787233137e+01 6.139027889846800434e+01 4.038264694083284212e+01 5.868245164443531081e+01 5.253910614374100163e+01 7.351383660585180735e+01 7.749332150034544497e+01 6.914519409692812246e+01 7.749264053673097408e+01 7.726303468671397923e+01 6.899625239923071263e+01 7.726313708084008169e+01 6.391216500027477565e+01 4.423479578981830684e+01 6.391216921998358913e+01 7.532568629430816998e+01
5.541180393181056874e-02 5.400636642180320912e+00 1.206730330884704649e+01 1.962659276903172412e+01 3.376872839276692417e+01 5.376872840834587919e+01 6.011906676748022704e+01 6.840332368279285902e+01 6.407746267498338000e+01 7.236171696647392082e+01 7.607319615240169242e+01 7.394743172163488509e+01 7.061739470039097455e+01 5.417855076604642761e+01 5.417855076604642761e+01 7.381795863294631488e+01 7.463312308165144771e+01 5.527274535153507173e+01 4.395631928721613946e+01 4.420834733916176873e+01 6.370401433577136885e+01 7.559072839145936484e+01 6.834717221592961778e+01 4.738975574032935612e+01 6.834717221595715841e+01 7.351383680255345610e+01 8.192243169774792477e+01 6.747560623364614685e+01 4.915969733591801827e+01 6.747561432491218625e+01 6.729120076314117682e+01 4.906147000715505868e+01 6.728525905052158862e+01 5.701897019696587421e+01 3.727449804698959213e+01 4.717786144311872931e+01 6.704212437074201603e+01
5.132731495283296419e-02 2.005132731495247711e+01 3.206730331065035955e+01 3.962659277359892940e+01 4.791086436102650481e+01 4.378913534788244988e+01 4.011906696769688097e+01 5.512558740400940138e+01 4.407746289102546910e+01 6.081472901849404877e+01 6.811410859554247565e+01 7.639837836356421974e+01 8.195851955265104039e+01 7.381795863296729010e+01 6.552065793491213697e+01 8.195851952778789951e+01 7.463312308167853359e+01 5.527274535153507173e+01 5.376922898555828567e+01 6.370401433594960849e+01 5.803773254433990303e+01 7.738362868548148299e+01 7.669187141510023764e+01 5.959013955848858046e+01 6.834717221595724368e+01 8.872391126455002563e+01 7.116457191775560887e+01 5.915243891643483920e+01 3.954050151079141528e+01 5.915244105016014942e+01 5.902880378363423830e+01 3.914328414418236690e+01 4.908604393677747169e+01 5.082284075687245917e+01 3.106109175792229493e+01 5.082268793342039004e+01 5.187799030924686861e+01
5.077994834438732952e-02 1.419291557207546184e+01 3.419291557207616705e+01 4.043233527793736926e+01 3.214806399018246452e+01 2.378913534989337819e+01 3.785997682754744176e+01 3.512558774711614262e+01 3.253045750723613594e+01 5.253045743387837518e+01 4.811410860868552675e+01 6.234060590898017296e+01 6.941167371657431318e+01 7.769594349673677414e+01 8.515228216930545102e+01 9.329896651936844876e+01 8.266281418786574875e+01 6.648267278902382316e+01 6.749203829269421817e+01 8.116768101293521909e+01 7.738362868548148299e+01 8.542098296041739047e+01 8.800208856737302199e+01 7.962586030564683881e+01 8.013493495678169154e+01 7.192512909500295848e+01 6.285492400306200267e+01 4.313122470894396088e+01 3.316467985626686499e+01 5.261512557867067130e+01 5.778339211099315520e+01 4.908603518228159146e+01 2.927013285783656471e+01 4.063661481932595620e+01 2.613253017195343375e+01 3.207384355722839331e+01 3.951648094855028859e+01
4.095169275885861271e-02 2.004095169275850452e+01 3.671842841636069465e+01 2.843415722610190954e+01 1.214806399004143245e+01 1.484486343989437707e+01 1.785997688567196207e+01 2.098345212344402810e+01 2.463493584014507221e+01 4.463493583740284976e+01 3.656710322489342246e+01 4.234060591678947816e+01 4.941167372865470497e+01 5.941167372865434970e+01 7.355380935233124262e+01 9.355380927002632063e+01 9.382546052144931537e+01 8.576684523367772783e+01 8.678077539542930197e+01 7.953659476607802503e+01 7.110719168500904175e+01 7.953659476607802503e+01 9.202596301676317125e+01 8.188853788772718190e+01 6.880050943670623553e+01 5.237136850610693983e+01 6.066411302589101240e+01 4.098742697242003885e+01 2.730062477148064914e+01 4.007931219555854341e+01 3.894949670250045415e+01 4.722437255783672327e+01 4.036215343670507849e+01 2.080412766027981775e+01 4.063661534928441199e+01 5.187755001408619648e+01 5.938827472098597582e+01
3.794593529682660504e-02 2.003794593529112333e+01 2.487067400090565172e+01 8.434157226500426319e+00 2.843415722458148309e+01 2.378913534989369083e+01 3.785997688542683193e+01 3.512558774717447818e+01 4.463493583741138337e+01 3.007824637966314896e+01 5.007824637591550498e+01 5.289703484333035988e+01 6.234060590898017296e+01 7.769594349673680256e+01 8.769594268763944456e+01 9.002564391303489799e+01 7.989424697316697177e+01 7.149701462683681541e+01 7.989424697316697177e+01 6.939161839889690953e+01 5.084226842923410317e+01 6.149549564872561547e+01 7.908914279285107796e+01 7.028346653930498178e+01 5.237574851854711966e+01 4.121290150947556441e+01 6.026664550142155719e+01 4.566260574107374737e+01 3.701529721186650335e+01 2.054487127504404853e+01 3.195170524335289741e+01 3.169208243922194512e+01 2.305076036144578921e+01 1.769567452315550327e+01 3.761173379574967868e+01 5.187562794956321000e+01 6.027947659678008563e+01
3.760068892276602348e-02 2.445317750638144272e+00 4.870674001001463971e+00 2.487067400091389047e+01 3.671842812209848717e+01 4.378913534931265161e+01 4.011906696846295972e+01 5.512558774615092005e+01 5.836251695637930226e+01 4.007824637966279369e+01 5.836251698335131266e+01 7.289703481369957672e+01 8.118130400174530337e+01 9.062487339491464411e+01 9.595377343643610857e+01 7.568884236696031564e+01 6.136972599674176365e+01 5.128403298570299285e+01 6.139052380626990413e+01 6.097473005712154048e+01 4.082487294283292556e+01 5.053131634756257995e+01 7.070329553036360437e+01 6.199850500982343959e+01 4.206740026896584794e+01 3.234804481261152631e+01 5.066201076703126915e+01 3.725763070651764508e+01 1.617734462406604834e+01 1.622053798731195329e+01 1.650633469288032273e+01 1.679511503618760671e+01 1.707879171796770379e+01 1.736000861581565147e+01 3.659365397655736274e+01 3.176815402255294174e+01 5.187676443980010532e+01
3.621519728617531020e-02 2.003621519569655263e+01 2.487067399872200468e+01 3.315494493792873953e+01 4.856611290180426010e+01 5.750996908533706886e+01 6.011906697190902804e+01 6.840333819977769281e+01 6.836251667858145709e+01 6.007824637223219355e+01 6.836251665443882075e+01 8.405511283688431945e+01 8.577244135425829086e+01 1.057404347144125438e+02 9.273621173692252739e+01 8.084870537031282822e+01 7.229763859922073266e+01 6.139052380626990413e+01 4.126743474012049973e+01 5.281000979788829142e+01 3.422175591139706796e+01 5.423234995897848876e+01 6.688945828289490692e+01 5.981536069806004008e+01 3.988833561776056058e+01 2.542484236935411346e+01 3.810090264254809966e+01 2.313662800768073780e+01 1.582422404632585966e+01 3.557674600704924472e+01 2.628007604093201266e+01 3.624415844803326081e+01 2.862461096748657852e+01 3.683300661991486891e+01 1.775334514454511847e+01 3.699009265020708881e+01 3.879923100236146638e+01
2.661327423881425236e-02 2.002660493008512077e+01 2.959224418000079027e+01 2.028274023814785210e+01 2.922701214661937996e+01 4.077401745452675641e+01 6.077388263664083468e+01 7.596807872299669384e+01 6.769016729617942474e+01 6.508676203154172413e+01 5.577389423971789739e+01 6.578960116679243697e+01 8.577244135379389434e+01 8.795367966969014617e+01 8.415440002183774482e+01 6.361788682464248978e+01 5.191478877915051982e+01 4.481728698138666545e+01 3.851818003048380490e+01 3.281771916952948942e+01 2.898516667889499843e+01 3.861197832017852960e+01 5.275376476434883699e+01 5.774449646894920818e+01 4.934184793111445089e+01 3.837130813295650711e+01 1.858649400860919343e+01 1.541696851350373798e+01 3.471261018931853926e+01 3.206694817061598712e+01 4.568509781370620715e+01 4.638701965979185360e+01 4.381273513438110001e+01 4.409412515417584899e+01 2.775665412738949556e+01 1.814344521194521676e+01 1.939209996505630684e+01
2.753285331545040487e-02 4.741578061225747653e+00 9.592290561952365735e+00 1.775725637122948442e+01 2.930426175466083549e+01 4.930427189275687283e+01 6.905606832660537009e+01 6.441366665032975902e+01 4.766566486710920003e+01 4.505663170153835750e+01 6.508676203154790585e+01 8.405511283688431945e+01 8.209950594319802519e+01 6.797245639946206097e+01 8.209950594319813888e+01 8.084870537031282822e+01 7.228384661287407198e+01 6.504510392175389200e+01 5.856857113506367796e+01 5.270924001544727133e+01 4.446251791099750506e+01 2.471134029242823615e+01 4.446428237703691622e+01 4.927213807941807744e+01 2.897729882593928608e+01 3.258930744717245176e+01 1.500844565854324841e+01 3.413703791142187072e+01 4.310801793079473043e+01 5.214527306794150263e+01 6.057159050476563067e+01 6.631472406162804134e+01 6.406910595838546385e+01 5.510301623640005886e+01 4.461516156288833201e+01 3.775022033090262141e+01 1.853339962014304731e+01
2.210104741296625708e-02 2.002209160578266278e+01 2.373442612478988778e+01 3.775725867480005604e+01 4.604223854804606475e+01 5.758885983248974583e+01 7.028463180782593156e+01 5.026556714024497552e+01 3.608864026753152388e+01 5.612901542836743118e+01 6.064341938483855898e+01 6.464843533149459631e+01 6.901741919209023024e+01 5.381268938238829236e+01 7.315442905677598162e+01 8.464243349191281141e+01 6.592019900515316522e+01 5.241008614404577060e+01 4.264244322362281991e+01 3.522224563730348024e+01 2.831873646720727322e+01 2.188426182597065406e+01 4.157518937567760986e+01 4.175674460051074277e+01 3.201815415948320975e+01 1.460391995904411111e+01 3.380075143450132913e+01 2.646198122034574496e+01 3.802524771357055045e+01 5.915337885446187727e+01 7.163699374597614167e+01 6.188931792830631906e+01 5.649647285539748509e+01 4.893397154045349140e+01 4.185588537075155813e+01 2.095269772148797571e+01 2.027585844117142599e+01
1.884200952422735234e-02 1.416097765913050743e+01 3.416100039884082662e+01 5.201779529235133026e+01 5.490912304172486103e+01 5.490912304172486103e+01 6.318921207851970934e+01 5.140545370379518175e+01 3.131451443972805038e+01 5.140545370379518175e+01 4.062039137581930248e+01 4.462335559832070686e+01 4.899621994099757671e+01 4.484546309314109180e+01 6.487512377528189234e+01 8.132078330363299301e+01 7.916739843786875497e+01 6.976153090904195153e+01 6.192301895031973658e+01 5.061897676151844649e+01 3.053187004407745775e+01 1.886733785039619349e+01 3.528448322078273947e+01 3.328301180069426835e+01 1.420574701799269768e+01 2.115121670739152648e+01 3.988982252427194908e+01 4.600360216726529217e+01 5.431356881659044689e+01 6.459025184085369631e+01 5.744466120821958555e+01 5.734408071048110145e+01 4.231017699294543633e+01 3.999338470255507616e+01 2.183181816607662995e+01 3.896718623788332536e+01 2.394042941948043790e+01
9.934550753332892920e-03 1.415207017448440752e+01 3.415207017448511095e+01 4.909685360343872418e+01 3.500449512835773902e+01 3.500449512835773902e+01 5.490912304172486103e+01 4.702125132473971547e+01 2.658466277661030475e+01 4.115545937010278976e+01 2.654368356385504057e+01 3.047073986543133728e+01 3.482651998389626158e+01 4.300564791488032768e+01 5.303170185742922627e+01 7.304587626005950085e+01 7.368502576091944434e+01 6.529585033933332738e+01 5.707412467480346407e+01 5.917082115360584993e+01 4.659046434422339189e+01 3.512129299889584644e+01 1.430819944156056422e+01 1.381172683352848374e+01 3.339321148372084735e+01 3.991930794688598638e+01 3.409252816677268072e+01 5.411953435179984240e+01 6.906904206189577167e+01 6.069608198230113771e+01 5.577471427523698821e+01 4.015227123213063010e+01 4.401187924235676263e+01 2.919774714509195590e+01 2.013280306389711072e+01 1.985659929463652773e+01 1.958221977633759892e+01
8.364784840791048004e-03 2.000836476327771152e+01 3.964098209715314169e+01 3.136846949324302969e+01 2.116296695241476300e+01 4.054289217499531617e+01 4.084749623221681247e+01 4.411345308123879505e+01 2.143275307351746051e+01 2.163549122537085978e+01 4.115545937010278976e+01 5.048856565836603494e+01 4.899621994099757671e+01 5.486029343415560788e+01 7.131908268670052564e+01 8.132078335118231394e+01 6.529585033933332738e+01 4.570888451444534439e+01 3.738895127678665631e+01 5.137259363825975100e+01 3.942592006878358291e+01 1.563501928001162256e+01 1.341840798252682987e+01 1.819365282674694839e+01 3.723535992437420816e+01 5.226432610624788566e+01 5.411960714563175401e+01 6.248425828117477465e+01 6.082244625858870535e+01 4.120653142760981069e+01 4.616423762644937057e+01 3.327671809949350745e+01 2.639040205080527812e+01 2.052849351278146983e+01 3.851688233697099406e+01 3.937009252068422427e+01 2.855317665180401576e+01
5.219006137575642711e-03 2.000521900613722082e+01 2.368500133889404680e+01 1.152030803027261463e+01 2.754719926531748797e+01 2.960695878829749716e+01 1.242444181941912262e+01 3.310611443015779543e+01 1.801213854668330328e+01 3.741085396390057127e+01 4.115545937010278976e+01 6.115191902381501166e+01 6.901741919209023024e+01 7.487166398131120104e+01 7.045661253252872314e+01 6.219075343834384029e+01 5.707412467480346407e+01 3.738895127678665631e+01 2.633380719071870146e+01 3.682340066583581262e+01 2.558169544524043815e+01 1.303044847515286264e+01 2.218040954728502356e+01 3.714625698878440829e+01 2.520943497741993866e+01 4.423252362570373464e+01 6.099607817046383218e+01 7.742940869107792423e+01 6.603707844321957054e+01 4.691225312813366344e+01 2.857784483010800969e+01 2.524981941482019110e+01 2.092788392388290220e+01 4.052755501264924476e+01 3.191110549825368636e+01 5.243858343370462194e+01 4.405022530226322175e+01
