MOVIE_S4_data/elevation_000614.asc
nrows	100
cellsize	150.0
xllcorner	0
ncols	100
yllcorner	0
NODATA_value	-9999
[rows 17 to 33 of 100, columns 37 to 73 of 100]
3.574139110315707057e+01 4.591859457815574785e+01 3.752903365136908320e+01 2.678832933819084516e+01 2.758077823051404565e+01 4.345009919133279652e+01 6.505250420074951023e+01 7.511154590066499281e+01 8.315499803217143437e+01 9.591781097102528975e+01 7.937051975692197914e+01 9.591781097102528975e+01 1.081903821766723865e+02 9.998199270326944088e+01 1.017812321686986792e+02 1.017812321687026156e+02 1.099896687307706742e+02 1.151519889396360981e+02 1.069445386596885328e+02 9.142976888843669769e+01 7.170694091869027886e+01 9.142976888843669769e+01 8.776841705761003709e+01 7.501147639158365621e+01 8.380437746502154539e+01 9.519789615965849805e+01 1.150701686039073479e+02 1.250205843617535635e+02 1.273454436894735835e+02 1.189470205005278132e+02 1.274380647052202278e+02 1.148864225853631069e+02 1.010493758382635150e+02 1.010387723588382585e+02 1.204452460207315028e+02 1.145030835865678824e+02 9.811712000765302832e+01
5.577247416518034839e+01 6.207166269231706934e+01 5.421531189921724092e+01 4.687171123564451136e+01 2.735793790713507789e+01 4.743907045715107529e+01 6.165526916880522634e+01 5.608591732855713730e+01 7.511154590066499281e+01 8.772028504146716443e+01 6.799157355730467600e+01 8.772028504146716443e+01 9.677394902691212053e+01 8.022594627547175605e+01 8.201825703821332070e+01 8.201825703821332070e+01 1.017812321687027293e+02 1.147420022349493962e+02 1.099777989897377353e+02 9.014574864804760068e+01 7.623183192771590200e+01 9.595443113791766621e+01 1.029554796482273957e+02 8.380437746501623053e+01 8.893981206768148695e+01 1.087613925232984400e+02 1.232750148049823906e+02 1.287852830411540026e+02 1.171800030032913185e+02 9.881562079329609105e+01 1.171800030032913185e+02 1.067227968954892674e+02 8.751339597656493652e+01 1.067227968954892674e+02 1.105260314056663731e+02 1.057965583742756195e+02 8.697116072699057554e+01
7.252596219848916803e+01 7.041967615266389657e+01 5.243695950490207025e+01 2.793859043102878914e+01 3.874481992717312551e+01 3.574732771011495913e+01 4.240411494922533819e+01 5.608591732855713730e+01 7.511154590066499281e+01 8.074513220420502080e+01 6.098623768241598242e+01 8.074513220420502080e+01 8.794483470017377158e+01 6.885383803028159377e+01 6.808632393835334540e+01 7.689525630344486729e+01 8.673849585403598894e+01 1.065299852601872459e+02 1.084933958384905708e+02 8.866727561930866841e+01 9.014574852807797356e+01 8.604911636468986558e+01 1.058598626635694160e+02 9.366206151212772113e+01 1.087613925232984400e+02 1.169714040890428493e+02 1.244372384307276889e+02 1.204047681168636927e+02 1.003582686262831203e+02 8.891580302895842181e+01 1.003255761039524003e+02 1.006442124852862605e+02 8.141508648548709459e+01 9.280173594322943131e+01 9.123080130616669692e+01 9.770876388330472651e+01 7.864878780308740147e+01
6.502592020276199491e+01 5.881002250836218082e+01 4.295228457564049762e+01 2.835721499625999797e+01 4.379479904490863618e+01 4.653625187728145818e+01 5.720025503256508159e+01 6.962045768036423965e+01 7.355851723645230322e+01 7.478760134957026651e+01 5.497661882361065011e+01 7.478760134957026651e+01 7.416811725753863982e+01 6.000013188433534594e+01 6.885383803028159377e+01 8.022594627547175605e+01 9.998199270327171462e+01 1.147420022349493962e+02 1.166995134578539250e+02 1.026715326461329170e+02 1.099777228532104374e+02 9.486726519153518211e+01 1.140763241905501957e+02 1.077101736755974031e+02 1.217387332918037970e+02 1.185642188934914714e+02 1.043743502160638172e+02 1.144057942583384886e+02 1.171800012474665067e+02 1.003255761039524003e+02 8.053798564430425699e+01 9.308819919989046809e+01 9.183277318188736160e+01 7.345800095725634549e+01 7.757707717602708897e+01 9.127623973184229555e+01 8.328349230555402016e+01
4.484621008096842587e+01 3.949407336356868115e+01 4.880091746546179365e+01 2.878223106042743851e+01 4.834179782127431935e+01 5.171085985284290132e+01 5.979268293182961713e+01 6.674631925751643280e+01 5.373986699628024155e+01 6.224400688502790757e+01 4.964099982324251670e+01 6.896460864896909015e+01 5.435374679890099969e+01 7.416811725753863982e+01 8.794483469944258047e+01 9.677394902999225224e+01 1.081903821830453296e+02 1.097461097748136893e+02 1.179167887346558103e+02 1.225471022247455295e+02 1.229497676115216080e+02 1.089298762230305613e+02 1.229617852057394458e+02 1.275861649413945287e+02 1.218348755958903524e+02 1.017703807999102850e+02 9.033514743422276183e+01 9.444713472656452780e+01 1.085837338334172131e+02 1.086208501685558900e+02 9.309190091339769424e+01 7.335955825535710062e+01 8.668333796277904923e+01 8.570926852647428973e+01 6.620349987698358518e+01 7.998477072581817993e+01 8.294143288267866865e+01
6.500418107865682771e+01 5.200149781652309144e+01 3.320828934888202610e+01 2.921060332491387257e+01 3.799159254082074710e+01 3.222836225250259901e+01 5.199108989566516215e+01 5.420058040033379143e+01 3.977690385347935376e+01 4.240761057606548690e+01 4.567980000216105907e+01 4.909412176120296323e+01 6.896460864896909015e+01 8.235589413845744389e+01 9.031607853460488400e+01 9.417548231979168349e+01 9.836936865948965192e+01 9.003607226675036657e+01 9.850092779645537178e+01 1.067068058061312428e+02 1.181240133192161892e+02 1.288119042387584443e+02 1.275460211697889719e+02 1.357754581860222629e+02 1.301502533426452999e+02 1.185642188934914714e+02 1.002928907790496851e+02 8.063928921729491606e+01 9.311641017246476792e+01 1.013685103178287505e+02 1.013470921894276842e+02 8.668333796277904923e+01 6.685710593989945494e+01 6.087642175322949356e+01 6.170453618637125714e+01 6.244683337410484114e+01 6.315000223991025052e+01
7.619083002249932690e+01 5.975717514470682090e+01 5.129063012216877837e+01 4.851927860244266100e+01 2.982270355032630249e+01 4.980974310746388767e+01 3.457221399165530329e+01 3.619546678839264331e+01 5.587666129645587887e+01 6.224400688502790757e+01 6.555684826160066336e+01 6.896460864422203940e+01 7.715602532388025736e+01 8.169979111249098480e+01 7.061532621138810839e+01 7.449646276163494463e+01 7.869848474249984349e+01 7.869845901540026034e+01 7.884861184551131430e+01 9.016566955536849548e+01 1.098896144143197802e+02 1.244053039034915429e+02 1.079243818971011279e+02 1.244053039034915429e+02 1.220845304211635352e+02 1.202811826168518508e+02 1.002928907790496851e+02 9.311641017246476792e+01 7.358496550976762762e+01 8.708887549105372727e+01 9.523674209018496128e+01 8.773048190610701624e+01 7.925651796920577397e+01 6.077213871873490092e+01 7.492400522639512417e+01 8.309038329149284152e+01 8.308950340301093718e+01
5.668155701806676916e+01 5.723271265461773538e+01 3.754263196157895521e+01 5.007414454538423598e+01 3.027119904331848943e+01 5.021820543990273933e+01 5.425812449360235235e+01 5.587666129644335200e+01 3.913355010604210094e+01 5.887339530748653971e+01 6.416435419298716170e+01 6.644113165679543442e+01 6.879826986373765862e+01 6.616985790130659950e+01 5.656386039218686079e+01 6.050282647585691365e+01 6.476195513500718448e+01 7.006011051858544647e+01 8.971034551074797037e+01 9.272080489351016297e+01 1.124355394804426709e+02 1.162174624537608878e+02 9.656356175888653581e+01 1.063905121047517781e+02 1.024400637739082640e+02 1.163681889015551576e+02 1.129824904223682154e+02 9.311641017246478214e+01 8.708887549105372727e+01 6.750112375815085386e+01 8.154580974536170856e+01 7.868350807710876893e+01 5.981762405513110537e+01 7.978336764166336081e+01 8.890913057003280073e+01 1.028022517088415384e+02 9.740250841665795178e+01
6.238214483417193179e+01 4.277163698112975254e+01 5.241065155728294656e+01 3.136027141331045343e+01 3.072347818287336452e+01 5.055831436960033898e+01 5.686659766156174811e+01 6.529027974331023643e+01 5.887049714965458946e+01 4.212832168912649422e+01 4.430648654894818605e+01 4.656969562154026931e+01 4.893628038969437455e+01 5.136922446767260908e+01 7.125501617542737165e+01 8.026031414311621859e+01 8.445995324985270258e+01 8.971235024035328820e+01 9.788379261550818455e+01 1.124352584466725062e+02 1.205651738752793563e+02 1.244053018765467726e+02 1.063905121047517781e+02 8.672252660992705842e+01 8.852839020698155537e+01 1.031638671155339608e+02 1.113448014690835919e+02 9.927559782267891819e+01 9.104144495042184815e+01 8.154764798084737265e+01 6.179159366701783540e+01 5.887758617307888898e+01 7.885795968234141640e+01 6.775586782470460889e+01 8.754641751464126287e+01 1.046229916043916432e+02 1.113660681326309714e+02
4.866155725106553831e+01 6.238214483397724308e+01 6.111135297285026269e+01 5.249156069394157242e+01 5.059591069980247369e+01 3.135953140157589303e+01 3.771276675553458091e+01 5.716806011582266933e+01 7.012853415089924169e+01 6.047838553292285013e+01 5.653848562922757992e+01 5.816388798630958945e+01 6.878994842991154712e+01 6.030704080424400360e+01 5.654525057828950452e+01 7.637504928076458555e+01 8.670023930276221336e+01 9.197578767462279359e+01 9.766911965818677288e+01 1.042411964596286111e+02 1.124256014969713249e+02 1.222994946826098470e+02 1.145601323763896318e+02 9.836109251581953572e+01 7.867224886254173555e+01 8.348139389398194510e+01 9.996961200556876292e+01 9.104144491733060818e+01 7.122040132940654189e+01 7.702584989579378316e+01 5.794405642324181827e+01 6.618496327973154791e+01 8.570953252096016683e+01 8.754641751464141919e+01 7.662941089383933502e+01 9.056853980702537399e+01 1.104048529397416019e+02
6.264161053575139704e+01 7.623899119741800234e+01 6.543962464960286241e+01 5.413770470248766031e+01 3.442268991105144949e+01 5.108946692636005338e+01 3.200284564274717525e+01 5.033697939194285453e+01 6.283984933607074197e+01 7.195765973896014600e+01 7.614794381336884044e+01 7.727548540847730862e+01 8.340694020364931305e+01 7.023425237145283972e+01 7.637504928076469923e+01 6.197376929420967429e+01 6.694028276713979153e+01 7.223650339820716226e+01 7.794685158786674606e+01 8.452500363667327576e+01 9.437296994783999082e+01 1.141094904483659462e+02 1.136402609726726354e+02 1.026324965145551573e+02 9.180018590078915963e+01 7.204657665859679128e+01 8.694127386566003679e+01 7.858443087758847412e+01 7.612159622340105614e+01 5.703134128382477286e+01 6.890464624064927079e+01 8.457794793398355182e+01 8.004374885383630556e+01 9.938794545749313158e+01 9.056853980702292972e+01 9.056853980702292972e+01 1.104048529065299959e+02
8.198198115521509521e+01 7.126585686225139682e+01 5.134021541946495404e+01 3.742289187239210690e+01 5.408394583104473696e+01 4.687138816135158237e+01 3.245447624820543098e+01 3.686170330964106512e+01 4.492634256253734293e+01 6.164519679986356948e+01 7.105281967427525558e+01 7.986800847835147010e+01 9.193900261757030989e+01 8.164885592344263898e+01 8.993860475695150569e+01 8.176024798747424427e+01 7.188739021675277741e+01 8.585363010961380326e+01 9.766911965818677288e+01 1.042411964596286111e+02 1.124255180411866917e+02 1.222995230311834121e+02 1.052537560193355830e+02 8.538459110168565758e+01 7.549877733494102472e+01 6.805376568378451907e+01 7.853050860691614332e+01 5.911955185233711774e+01 5.612390662895494842e+01 7.612159684438891816e+01 8.430223263411130574e+01 9.551389872595495945e+01 9.938794545749313158e+01 1.075112786529814741e+02 1.104048529065299959e+02 1.104048529065299959e+02 1.186774434994835445e+02
8.182314718555298327e+01 7.069404338900865525e+01 5.928283042025070415e+01 3.956359783137001074e+01 5.926106402541210372e+01 5.584949157686869370e+01 4.418725056003357565e+01 3.308683669005138483e+01 3.955520995561979447e+01 4.611123284942244993e+01 5.281597102716370529e+01 6.320667947034923628e+01 8.344351032103197952e+01 1.013751924693419681e+02 1.095218558454663054e+02 9.981112953783730291e+01 8.329416692234904929e+01 9.981112953806244548e+01 1.137686330800562615e+02 1.161986989165590956e+02 1.079245473379778701e+02 1.161986989165590956e+02 1.137116003728095706e+02 1.034837018995500699e+02 9.155091378763070509e+01 7.193724291717694541e+01 6.333823450343314221e+01 7.506208086334785889e+01 5.549582192580231066e+01 7.549391662010398818e+01 9.311865068068333073e+01 1.008660729043578357e+02 1.041556399000073014e+02 1.128491176337206525e+02 1.187145916341939795e+02 1.103898865108618281e+02 1.187145843042089552e+02
6.219073224539557998e+01 6.250215265777168128e+01 4.269072300210683579e+01 5.930829058522878938e+01 6.416568704857067473e+01 7.009007979123894927e+01 5.487685571518651528e+01 3.353130003281104621e+01 4.563756891591440024e+01 6.036358673135894293e+01 7.069080113013842492e+01 7.764173648489956747e+01 8.601857368981987406e+01 1.016594676814361975e+02 9.336042321604243455e+01 1.016594891129486058e+02 1.030243071147912559e+02 1.112061090412880731e+02 1.122084868989306869e+02 1.039429359835459792e+02 8.809006826195656004e+01 1.062610647965444173e+02 1.199747688233459399e+02 1.013716806826566312e+02 8.785733186211155044e+01 8.894795493355248084e+01 8.147058451515735555e+01 7.402705755635101070e+01 5.486682911618274971e+01 7.486975223163508986e+01 7.387150755725784279e+01 8.940887467765857366e+01 8.414411345472356629e+01 1.042776046980799265e+02 1.087273158571560714e+02 9.046633879278837753e+01 1.061739073669705959e+02
6.583406481721546299e+01 4.598765571924268869e+01 5.671008773727348995e+01 7.069404338900159246e+01 7.650285435123569755e+01 6.593928349807072209e+01 5.257149258702886385e+01 3.397189694093889756e+01 5.296224471482803153e+01 5.816942707576319549e+01 6.240292559950598417e+01 5.730247220870261060e+01 7.429535226936388881e+01 9.148834475386388476e+01 7.289131499748752674e+01 9.036834206956115167e+01 9.869001547773329719e+01 1.088285105441007232e+02 1.039429350483786152e+02 8.415615006470083870e+01 7.827480321390862628e+01 9.384734717196448628e+01 1.021023641623124689e+02 9.443153648769428798e+01 8.619272782911622244e+01 8.482188060557122355e+01 6.740165216745917576e+01 5.401695355032802581e+01 6.527389739788959844e+01 5.765103846641265051e+01 7.759641546686789582e+01 7.015169143532216367e+01 8.991354152696209212e+01 1.017307520236302878e+02 9.381933113687561843e+01 8.061283486558951950e+01 8.628691543079813187e+01
4.953142245799591592e+01 6.004570511315536407e+01 7.402374021602258836e+01 8.484729411753795603e+01 6.877865488066743183e+01 4.518298283782775826e+01 3.837360152389478429e+01 3.440847552595409553e+01 5.116810779560259448e+01 3.929087050235307288e+01 4.239339534507056584e+01 4.567203890583470383e+01 6.589862689182113797e+01 7.540412470517820509e+01 6.269605571793465515e+01 6.988353446987679263e+01 8.015273953988754840e+01 1.005839472102356211e+02 1.039250222138318804e+02 8.414172803436368042e+01 7.023157819553679815e+01 7.396629350400280600e+01 9.061558085945939922e+01 8.606783846873915422e+01 6.623143991061468228e+01 7.200549668970637640e+01 7.259599810059575020e+01 5.341394963394394324e+01 7.343294422407859656e+01 7.759641546674330925e+01 6.052891446498723838e+01 6.259900392443372397e+01 8.245666735960111282e+01 8.191086701905690859e+01 7.405309211390661517e+01 9.381933113687561843e+01 1.061739075293748300e+02
6.937045028350046039e+01 6.960380409931183010e+01 8.813393912063726532e+01 8.739131069294582232e+01 6.449893992704799928e+01 6.505825015637554998e+01 5.477200964582652176e+01 5.371207962888191645e+01 3.501934408718673808e+01 5.478712006248002098e+01 6.055101431715649341e+01 6.548884091757692261e+01 5.093418445316874710e+01 5.505070664395773150e+01 6.942239945363500908e+01 8.984528657927056372e+01 9.869001547721676104e+01 1.088284273038958503e+02 1.043439806030470720e+02 9.250086902759440477e+01 7.281814981061016567e+01 6.238390764612594097e+01 7.614766543264167353e+01 7.858102023758820565e+01 6.904072035753965508e+01 5.195256988503587792e+01 5.255906868443096158e+01 6.871960156232024985e+01 7.105210914720771598e+01 8.865642211699064035e+01 8.042770906838434541e+01 8.245666735951870407e+01 6.567602865867580419e+01 6.794508191070397629e+01 8.771646873451692272e+01 9.984887684903935678e+01 1.108744046978417828e+02
