MOVIE_S4_data/elevation_000429.asc
nrows	100
cellsize	150.0
xllcorner	0
ncols	100
yllcorner	0
NODATA_value	-9999
[rows 17 to 33 of 100, columns 37 to 73 of 100]
5.161079058707486666e+01 5.737382062611658284e+01 6.443635217214692545e+01 7.598036482448249274e+01 9.603470615543248812e+01 9.797466201422072629e+01 8.902181901095505623e+01 7.145277823874189949e+01 8.902181487302246410e+01 8.876345129071908957e+01 8.062875798361280033e+01 6.831800424421766138e+01 7.801924088521307965e+01 9.172128612097537825e+01 1.118715398196241608e+02 1.058751164913275460e+02 9.453016742999221833e+01 8.058587307728963367e+01 6.097406088963878545e+01 7.534439581338284597e+01 6.622020968134877705e+01 6.886561238314639866e+01 7.662553456118988038e+01 7.025468583867953498e+01 6.314350387611700910e+01 4.427422285011859060e+01 6.381893214935222858e+01 6.494106596228203898e+01 6.580749611097495233e+01 4.712241792137639607e+01 6.408389427102592606e+01 6.620773922080579155e+01 4.926277251597648643e+01 4.982833789049207951e+01 6.109267691783731635e+01 7.521198571468977434e+01 7.215913936776070159e+01
7.160327860255702603e+01 7.150797389469506982e+01 8.445632678958790507e+01 9.278849563324433802e+01 1.006740329182763674e+02 1.091008470972165583e+02 9.863064212196283620e+01 9.050830730849730799e+01 9.863061993408373951e+01 9.895106745389929870e+01 7.950980983629597176e+01 7.950990206829666818e+01 9.593658202182392358e+01 1.058931098340790555e+02 1.117304828655268807e+02 1.042203412565523593e+02 1.068151486875413525e+02 8.873945716765980762e+01 7.534439581338284597e+01 5.587155734274863761e+01 5.266397578424717096e+01 4.972080846554349876e+01 6.466081898432470609e+01 5.706307641334067426e+01 4.347863640967703702e+01 6.315750428362572677e+01 7.189019477080002218e+01 7.624036855046516337e+01 6.134773622171550755e+01 5.172882230562159833e+01 4.792127861658882182e+01 4.847770365892949229e+01 6.820647887007613974e+01 6.944973084579216049e+01 5.064541703740322731e+01 6.859992391631521969e+01 5.233266022060081468e+01
8.518900252249260063e+01 9.156076461326264848e+01 9.822805917693733591e+01 9.714596135661550136e+01 7.984966407054898241e+01 9.715910163253398935e+01 1.025136422327633881e+02 1.009836260422478205e+02 1.093918430371250707e+02 1.071503946885489569e+02 9.065161288412349450e+01 9.897883813120752450e+01 1.073412178810729216e+02 1.180930719131423956e+02 9.847406228678958939e+01 8.409107559659712194e+01 8.673350933392237039e+01 1.007992515152321715e+02 8.349229241198619889e+01 7.534317663436553403e+01 6.368473101663229841e+01 6.467848054687097203e+01 4.560723231389583532e+01 4.267593386324192295e+01 6.060559752605886530e+01 5.767141315374706778e+01 7.728811604683872361e+01 7.825366908062888172e+01 5.867011452222878631e+01 7.323608964451119618e+01 6.972851448129824803e+01 5.781790888155882868e+01 7.557195177277279186e+01 7.015452273476009282e+01 5.097926075272771129e+01 5.143707319981804460e+01 7.121702909776229262e+01
7.665068863792592424e+01 8.024033028615293972e+01 7.743517137781803683e+01 7.743967541471162974e+01 6.767609083285823601e+01 8.865010075031284487e+01 8.170358984627462462e+01 8.013656130828640300e+01 9.497969455583016440e+01 1.154783988643868895e+02 1.102894031339714331e+02 1.185384093727704169e+02 1.193779120660252602e+02 1.114008183559132306e+02 1.122312198845017832e+02 9.261528532325479546e+01 7.222576328173690285e+01 8.392822635533588027e+01 9.220822797669167414e+01 9.139173081145453637e+01 8.324974627913761083e+01 7.182574242936064479e+01 6.012390637791062886e+01 4.798406708315096125e+01 4.188234229937475561e+01 7.209420756531011421e+01 8.553623378049974235e+01 8.637484903377550438e+01 7.825390326736626889e+01 6.726426961162748341e+01 8.462838367196968647e+01 7.128178612403760894e+01 8.228968436862963642e+01 6.234315950840066023e+01 7.530089386107803762e+01 7.274050992118529280e+01 7.671487671942995235e+01
6.270827780544038177e+01 5.947592132192947645e+01 6.855748018857352122e+01 5.661413144369147687e+01 7.626514018348537149e+01 8.055834206207789805e+01 6.670144949988905125e+01 8.779878462458428601e+01 1.066582802713892306e+02 1.168997088118295835e+02 1.265807149300182317e+02 1.153799214443254044e+02 1.073933874822484569e+02 9.146309226950535276e+01 9.512298722906800208e+01 9.032519674163626178e+01 8.392822635533588027e+01 6.353115594430780533e+01 7.648471904451466230e+01 8.481922201417179963e+01 8.601709014354293004e+01 7.744908515063987409e+01 6.122258647571045742e+01 4.108903026313674900e+01 6.112989476431660307e+01 7.190327609182941160e+01 7.954387215166933345e+01 8.772941129971117391e+01 9.359323542390369255e+01 7.388977019095810306e+01 9.359323542390369255e+01 9.322916613640957451e+01 8.945243436212061283e+01 6.904551301346947412e+01 8.945243436212061283e+01 8.191689656435572431e+01 6.235351204447930229e+01
4.276743220788284106e+01 4.541539033831406869e+01 4.819280541580473454e+01 5.169311445633724844e+01 5.540602401414184186e+01 5.952930134170265575e+01 8.055942820740965260e+01 7.734076201633376968e+01 8.793257453189826833e+01 1.085753193076923111e+02 1.186618676882483072e+02 9.914448623407484718e+01 8.735121491639742430e+01 8.044503590823217110e+01 7.473010524165353274e+01 6.990981973988867537e+01 8.387977189006369372e+01 7.648471904451464809e+01 5.615742440069735864e+01 6.989274580819061100e+01 6.723516111279317897e+01 5.688744638615340676e+01 5.997883445252396939e+01 4.053091019185937682e+01 4.642352571894979008e+01 5.270110969979651117e+01 5.971936826712671120e+01 7.120751949646844992e+01 9.093476518801126929e+01 8.790161798594769493e+01 8.790161798594769493e+01 1.073340155391329631e+02 9.773762772530804455e+01 7.934203764122086966e+01 9.773762772530804455e+01 8.554311452707274555e+01 6.610771567402251492e+01
5.883468347784147312e+01 6.555663528412122787e+01 5.974239268286037685e+01 7.232651459722093534e+01 7.012605330496120359e+01 7.168377949340613497e+01 8.912131114257307729e+01 9.824806038374717332e+01 1.066582802713892306e+02 1.168997088118295835e+02 1.227469729897559887e+02 1.037475118202798683e+02 1.007369313930904013e+02 1.007369313930904156e+02 8.819188219808495433e+01 7.368631706463116871e+01 6.348047280328079012e+01 7.833455838789068082e+01 6.989250507143825075e+01 4.963767454685184788e+01 4.698441540216608558e+01 6.011306392010832411e+01 3.975205697493633750e+01 5.760784914743354079e+01 6.542804460053976356e+01 7.243499123871282563e+01 7.954352143465547442e+01 8.772941129971117391e+01 9.914829735416537915e+01 1.073340155391329631e+02 1.073340155391329631e+02 1.152413287067489307e+02 1.077985100166885957e+02 9.372362522647678418e+01 1.048228381175938466e+02 8.554311452707260344e+01 7.272730769800344319e+01
5.284617176019052209e+01 7.329222968502233471e+01 8.060384952147215643e+01 8.915598536348848313e+01 9.110034853075440253e+01 9.269147690298751741e+01 1.011619201835972035e+02 1.089012480603204693e+02 1.006688480721944217e+02 1.089266398100005802e+02 1.218016742895937767e+02 1.227469729897559887e+02 1.203667169199160725e+02 1.163543096808406148e+02 1.022730959393845325e+02 9.216658086569975694e+01 7.833463599256560883e+01 5.798661106723650960e+01 5.443779978286679011e+01 6.989274162711279814e+01 6.354055009772137197e+01 4.317132080876997691e+01 4.013283125105625970e+01 3.898420926564232758e+01 5.609250914603930482e+01 6.142614269652117542e+01 7.352628272850532198e+01 9.214404659056826574e+01 9.192542863412096210e+01 9.775353089693901154e+01 9.997030618625305465e+01 9.997030618625340992e+01 1.081403514021098005e+02 1.136599210553743262e+02 1.021950706777261217e+02 8.303020287633216867e+01 9.195101794021610431e+01
7.329222968503299285e+01 8.184476009900942017e+01 8.555101843840699871e+01 7.765810309693102909e+01 8.555101843842558651e+01 8.829522880039395716e+01 8.950941609626137563e+01 9.752197684339223827e+01 8.142184512138805985e+01 9.166201860908722665e+01 1.089075277831564392e+02 1.193682211748840700e+02 1.087663507430555683e+02 1.005893414674156787e+02 9.843022335865040873e+01 9.333042605247163692e+01 8.666277108305496313e+01 7.833463599256600673e+01 7.474158254754183872e+01 8.308668242123459891e+01 7.191435252198891703e+01 6.321855114030974931e+01 4.845362453128108626e+01 3.844055002312136082e+01 4.727588654944806734e+01 6.785252376666296925e+01 8.037261828884618353e+01 8.659819744761524873e+01 7.297755810280317235e+01 7.852726089237712870e+01 8.023544985133399621e+01 8.023544985133399621e+01 9.997030618625340992e+01 1.180528036055939936e+02 9.863112652946161063e+01 9.651686716356907425e+01 1.037300829386988141e+02
9.061030513147932197e+01 8.260296015848753370e+01 7.471944211723297258e+01 5.881540865103801963e+01 7.161467651579856408e+01 6.958874898713563084e+01 7.085686907884553420e+01 8.298884320905881395e+01 7.222695071388078247e+01 8.142184349147264300e+01 1.006655661162133555e+02 1.110249375067612050e+02 9.145093767393717599e+01 8.083972545385883279e+01 7.867878602558442935e+01 7.355207803880207962e+01 7.478410486237606847e+01 8.297721458287705332e+01 7.837070487730247237e+01 6.984385744392037054e+01 6.371130759190423731e+01 5.694001314580101791e+01 5.744775112532120431e+01 3.791037593068191569e+01 5.816819879547498573e+01 6.388338515729976308e+01 6.048796952519904835e+01 6.885156001551334271e+01 5.965208679979750173e+01 7.674251416741431342e+01 6.614117738721361661e+01 7.767162869992255025e+01 9.164314576687053204e+01 1.113454188732069952e+02 1.180528036055939936e+02 1.159034665752822661e+02 1.105226751670602425e+02
8.128880149797124943e+01 6.438238866628179835e+01 5.572449385930470100e+01 4.896919970511496700e+01 5.252846987828855418e+01 5.617821953642316402e+01 6.004108928787995580e+01 6.433992733006417097e+01 7.500883541790088316e+01 9.388973657419137453e+01 1.089075277509976161e+02 1.028481873834542597e+02 8.310757182000938315e+01 7.168846235301806757e+01 6.463871797152528131e+01 5.946444842608099179e+01 5.487097240503341311e+01 6.878006947761056722e+01 6.649138934498994047e+01 5.066872119685817921e+01 4.268497850774313918e+01 3.668446208570470191e+01 3.718607872861027630e+01 5.118066073544171246e+01 4.134855648449215693e+01 4.380379525389435713e+01 4.628477951310544114e+01 4.885542544662175857e+01 5.152124620757085438e+01 5.711591666311558413e+01 7.712751865454411870e+01 8.463854602920663694e+01 8.942986712362349522e+01 9.536785467407716510e+01 1.028107680514479654e+02 1.109943450028551126e+02 1.186618701305999792e+02
6.595322004856282661e+01 5.429575613819850588e+01 4.428381021212673829e+01 5.137972557779067273e+01 7.051971002420883394e+01 7.506775007231165375e+01 7.325576808334460566e+01 7.500004958632220564e+01 9.095358601844256441e+01 1.020156567871368765e+02 1.057532669328922452e+02 9.771693577882329862e+01 9.962772069905713579e+01 9.145093767393717599e+01 8.446384751771105925e+01 7.934502106148781309e+01 6.878006947761056722e+01 4.876057932537820250e+01 5.817281438981991215e+01 3.782285485276332082e+01 3.598620855304778843e+01 5.622276260987710117e+01 4.893220538893599780e+01 4.891992926498481609e+01 6.150037618968055142e+01 6.388338515729974887e+01 5.789973912277420709e+01 6.045026343241005407e+01 7.154329552221281574e+01 5.627250360735722268e+01 6.016285902504172611e+01 6.479918122139217473e+01 6.967474159372473252e+01 7.567377629164826658e+01 8.311866935358511910e+01 9.446774489187329493e+01 1.142075509859961784e+02
4.659168475359140871e+01 4.027094866581748533e+01 5.989027303085932630e+01 7.051971002420883394e+01 6.362173432141203477e+01 7.686859901903899583e+01 9.198134661859802463e+01 9.370888696184340461e+01 1.016812533429742160e+02 1.078810047738705578e+02 9.455240782008640110e+01 7.831687742571469357e+01 8.805142992073179187e+01 9.612784464362287906e+01 9.459529009033090574e+01 7.481177881361091409e+01 6.074005301176210736e+01 5.068349257241102634e+01 4.269047724672190469e+01 5.568122504009818385e+01 3.550991390501139477e+01 5.569303570426187378e+01 6.620655121300377743e+01 6.880950519741104188e+01 6.306322194337587916e+01 8.295202026915477234e+01 7.200427415722724334e+01 7.453374148366567908e+01 8.327741068220792897e+01 6.340842979280855474e+01 8.008708415465740416e+01 7.173143122789275594e+01 8.942986427827688090e+01 8.581281356237326463e+01 9.536785695591346723e+01 1.109943451980689844e+02 1.223960939447746625e+02
3.654817521214663145e+01 5.627245240107772872e+01 5.429575613819850588e+01 7.339663158804637533e+01 8.238946531451971111e+01 9.031954506740127897e+01 1.037704911157635337e+02 9.244272954870048409e+01 8.367820980006533205e+01 9.217760291796079741e+01 8.081953521191059053e+01 6.719494055164186364e+01 6.868605102026995723e+01 8.074299052721217151e+01 8.882343152468205005e+01 8.879367361362153588e+01 7.887522085789257176e+01 7.067312427286196908e+01 6.311769012928706957e+01 5.542681876125330831e+01 3.504007667908761192e+01 5.441497425009635691e+01 5.786749968178153836e+01 7.616899277228390019e+01 8.295202109899227594e+01 9.116314111363303141e+01 9.180399504186544846e+01 9.431638854276607731e+01 9.145540586274682937e+01 7.340242281326858631e+01 9.145540586757479673e+01 8.572462112714811155e+01 8.788154712181498951e+01 1.055238084341601734e+02 1.137066458408366429e+02 1.232842129204800443e+02 1.247538215227013012e+02
4.532207082995358860e+01 6.260640373974864303e+01 7.339663158804637533e+01 8.128880150157239370e+01 9.574383947730662214e+01 9.892077462736921234e+01 9.638894148466029321e+01 8.192977312058302175e+01 6.310161583112490291e+01 8.192538014946454439e+01 9.455222040597092814e+01 7.687082319959101540e+01 5.779206893847361215e+01 6.154917186124467321e+01 7.207554905828459368e+01 8.080570960541253100e+01 7.569925385464490830e+01 6.749759177784366670e+01 6.224235912693944783e+01 5.401671549816717999e+01 3.457471012406551836e+01 3.815267281070648409e+01 5.741489588877581696e+01 6.815627790800770924e+01 7.343661547178676585e+01 8.142098016696233742e+01 9.271218785549524455e+01 1.006682063166075807e+02 1.013289240888145457e+02 9.315239938998851699e+01 1.013289221367436284e+02 1.054465633724044267e+02 1.076063064487766781e+02 1.157912711305317828e+02 1.272781470437927851e+02 1.189048915513279354e+02 1.047681879197101438e+02
6.023833238655249289e+01 7.050552894723084307e+01 7.196579082446821474e+01 8.011441551915164894e+01 7.587953027128813233e+01 8.045506363208832568e+01 8.543741844230289928e+01 6.348503052330678997e+01 5.286501106275378703e+01 7.330810620933610267e+01 8.603208405922369195e+01 8.492398096722287448e+01 6.966648982536695200e+01 5.087178431884385077e+01 5.201186844413183508e+01 7.040814458883575355e+01 6.687385632747985653e+01 4.796941333345209557e+01 5.330844156442733350e+01 3.392600676103950263e+01 4.950993210035949943e+01 5.821423904933071469e+01 4.383917986141246104e+01 4.866618815616387650e+01 5.375560815607303056e+01 7.342516468837567345e+01 7.362197720711610316e+01 8.712893738986154801e+01 1.061931203100393617e+02 1.068805078285352437e+02 1.043069849980747961e+02 1.043069847969912871e+02 1.241993948627167583e+02 1.271037992339383749e+02 1.073001283983002594e+02 1.073001505503444264e+02 9.083649945604325637e+01
5.148719149076842427e+01 5.518414285603476799e+01 5.223968228683355619e+01 6.659716265647330147e+01 6.083325543785225875e+01 7.292770731966805897e+01 8.430646908970830111e+01 6.239105631769798066e+01 4.554696870760314908e+01 5.679871080697194685e+01 7.733759821481800145e+01 8.321424171580056850e+01 6.403072178512751123e+01 6.418172995204882625e+01 4.536636352206152623e+01 5.932642304161543478e+01 5.579992153348953821e+01 4.016853125526576207e+01 3.327874548190708737e+01 4.030430567151314847e+01 5.991671905356869132e+01 7.138030549554908077e+01 6.445258606244370014e+01 5.664144474911213933e+01 7.343661534565492843e+01 6.232111993472388889e+01 8.169912998531263781e+01 1.006682090946305834e+02 1.012439441346279381e+02 8.734156734261469524e+01 8.483424005084150110e+01 9.849789440893044912e+01 1.183313702834462191e+02 1.188151179379199078e+02 9.887057832513440303e+01 8.758720645012942896e+01 8.114900197264557846e+01
