MOVIE_S4_data/elevation_000571.asc
nrows	100
cellsize	150.0
xllcorner	0
ncols	100
yllcorner	0
NODATA_value	-9999
[rows 0 to 16 of 100, columns 0 to 36 of 100]
2.082717056534231503e-01 1.175526016034922527e+01 2.589649208320733820e+01 4.586123107716232994e+01 5.263737325074963991e+01 4.432630080155159646e+01 4.951588901699463463e+01 5.218338192547359711e+01 5.495661685539350572e+01 5.784303987670038083e+01 6.137798816001586744e+01 6.509113504777845094e+01 6.910131896836486476e+01 7.339426461349167141e+01 7.559394483354226679e+01 8.371188460756710015e+01 8.584303576857382723e+01 9.412746734307653185e+01 1.026519812194654264e+02 9.125934676265178780e+01 8.307921940599366906e+01 9.125934676265170253e+01 8.647948240339680126e+01 9.466431411745469404e+01 8.941586800037491400e+01 8.141768544665607976e+01 8.141768544665607976e+01 8.292720230356401601e+01 8.756343698251562557e+01 8.761727558105816627e+01 7.972542667829259244e+01 8.761727558105816627e+01 8.043436957890101269e+01 7.151122852890017612e+01 6.866157448951339859e+01 7.745954035450327524e+01 7.601086589498991941e+01
2.038130619680232347e-01 2.020286405657795470e+01 2.420448511460410401e+01 3.248978004835716149e+01 4.105628848059726010e+01 2.431263812498131216e+01 2.951149358321198335e+01 3.218403345122703740e+01 3.495749088321726106e+01 3.784418390830189338e+01 4.137961109644097490e+01 4.509336211614240852e+01 4.909348198214718195e+01 5.345553020391680121e+01 5.564130529519059820e+01 7.164228456946031542e+01 6.581524244977231319e+01 8.582713047644982396e+01 9.446282740916832665e+01 7.474583997422202231e+01 6.320334173881322215e+01 7.245511590713351779e+01 6.664603310069041697e+01 8.647948240339680126e+01 8.141768544665607976e+01 6.162211996242255196e+01 6.162211996242255196e+01 6.316917982089317007e+01 6.791420065656900817e+01 7.769126670585491468e+01 5.954228283796188492e+01 7.660244765222847718e+01 7.146968833009579214e+01 5.042215700952386470e+01 4.771176064332853173e+01 6.531506014232051882e+01 6.743893701097118765e+01
1.945267862640465417e-01 2.194526786264042517e+00 4.204602416782458718e+00 2.420463415626285908e+01 2.922909474034621979e+01 1.276562125941703840e+01 1.536939947893811365e+01 1.804201189768146563e+01 2.081551287718315990e+01 2.370226421597449473e+01 2.723779805974375634e+01 3.095170445398826686e+01 3.495170249545707719e+01 3.931605109792531749e+01 4.534620348494552644e+01 5.167049147702491041e+01 6.576557562569804816e+01 8.536567222904206176e+01 8.572984225418812798e+01 7.753401665861046865e+01 7.245511590713351779e+01 5.248137450337596732e+01 6.664603310069041697e+01 8.647948240339680126e+01 8.294137516909432861e+01 6.742010685533219316e+01 4.757331786495709736e+01 4.910780668435030094e+01 5.386199977374342041e+01 6.963385475812724223e+01 4.870803198058045069e+01 5.631943664349911671e+01 7.046505272697287126e+01 5.656619382594595891e+01 3.605221133475946260e+01 4.780847253145501696e+01 5.645280159614745230e+01
1.884163169627051937e-01 2.018841631696234984e+01 2.420463415624696779e+01 7.121902246740321907e+00 9.230087353519172311e+00 1.381840202906521498e+01 1.866911448924006223e+01 3.804089660709890808e+01 4.081509926222372542e+01 4.370171320547274263e+01 3.186721401048093227e+01 5.095057419918978781e+01 5.495010055349020206e+01 5.931528833864147288e+01 5.564497000897176804e+01 7.166938499542388286e+01 7.984503466081626755e+01 8.315440097574372658e+01 7.425296874776881850e+01 5.761735832099530086e+01 6.746168055619413906e+01 4.747357102320955136e+01 6.163807002701375382e+01 8.152112007772018387e+01 7.489557329984864964e+01 5.516513905832704978e+01 5.749671236014464171e+01 3.809993987676835303e+01 5.749671236014464171e+01 6.172478233822945271e+01 4.023015650603721127e+01 4.086606675023123358e+01 6.004280545189160989e+01 6.515309966290419652e+01 4.780847253145501696e+01 2.760518656445585961e+01 4.043779028774980588e+01
1.898839224935668091e-01 2.018988392249321251e+01 3.540726964719586078e+01 2.126401897887512504e+01 1.817435691798194952e+01 3.381787219126985633e+01 3.866780254120318716e+01 2.597207857778404971e+01 4.597001730372427630e+01 6.015019953438534372e+01 5.186630992254008277e+01 4.129515028937424148e+01 5.543632930039215978e+01 7.543475142509903719e+01 7.564633209925587209e+01 8.393671276230568878e+01 8.896499036683694328e+01 6.915514619608387648e+01 5.501091502072546291e+01 4.602792341199198489e+01 5.708670877627221785e+01 4.296569679699434374e+01 5.715886215029301809e+01 7.707513492637916386e+01 7.019704803942900639e+01 5.043208642385565099e+01 3.938515125459721844e+01 3.371508302841832005e+01 5.279230402220139950e+01 6.277860909084422047e+01 5.159226049277376802e+01 2.961773051674921930e+01 5.130527702591368922e+01 5.988512080817412908e+01 4.840308158759751223e+01 3.835149406764184477e+01 2.030942976247789389e+01
1.812560074098455432e-01 1.018125600740975933e+01 3.018125600740940229e+01 4.126417704065332259e+01 3.231642410740578697e+01 3.817440387830112769e+01 5.151623142466342387e+01 3.151907202691446841e+01 5.151623142466342387e+01 7.045889514106254126e+01 6.957772453602404994e+01 5.543632930039215978e+01 5.762393051711300274e+01 7.762247348229530530e+01 8.836258893583274698e+01 8.012123390820285351e+01 8.836258893583335805e+01 8.315864184267364578e+01 7.120214649153784592e+01 5.123990303577654970e+01 3.694599964043320028e+01 5.708670877627221785e+01 6.558329840722940673e+01 7.367373269460946972e+01 7.826929465538096053e+01 6.219449510667178060e+01 4.270832115230030013e+01 2.953037359647844795e+01 4.345616244079088375e+01 4.345104449891010745e+01 4.626832496788844651e+01 2.433859955049733870e+01 4.626572205101800250e+01 4.978010659736912658e+01 2.958820104585665334e+01 1.873205844964314792e+01 1.542009538835757176e+01
1.855941142937577448e-01 2.018559411429340145e+01 3.018125600740940229e+01 5.018125600740869174e+01 5.231681808930371602e+01 5.817574112090115079e+01 5.978158685433017183e+01 4.566086204379631397e+01 4.220939274278694597e+01 5.375596794187995897e+01 7.374320247684696028e+01 7.543475142509903719e+01 7.762247348229530530e+01 7.915203891192948049e+01 7.086305618966592590e+01 5.987249355331620393e+01 7.828981911501834645e+01 8.127438006026295625e+01 7.125938455307360186e+01 5.381936854408835558e+01 3.357655686054850719e+01 4.929282988365700646e+01 4.560668420536038781e+01 5.928993764899154684e+01 7.891950911193816864e+01 6.327969004410419984e+01 4.371541755844785371e+01 3.291485831225872261e+01 2.454672116586213093e+01 3.916256442188917219e+01 3.938911433272005524e+01 1.971414327026387170e+01 3.643870753567886567e+01 3.467943631086048129e+01 3.221584746370073304e+01 1.492787762633734872e+01 3.320051307380879280e+01
1.797113411273130179e-01 1.432184696485838771e+01 3.432184696485909114e+01 3.753817013171959616e+01 4.420483679226384055e+01 5.248910602627923794e+01 6.248910490803695694e+01 6.565234359666044384e+01 6.220356723772756879e+01 7.045889514107585683e+01 8.198221035069208540e+01 7.230878030727411954e+01 6.398167982318184244e+01 6.549566530141429155e+01 5.046409803111273362e+01 4.958393473420505870e+01 6.999686042319730461e+01 7.300927200739694456e+01 5.303041987069473606e+01 4.293619914626667367e+01 3.570667927236493711e+01 2.894562277825801999e+01 3.922631735738013248e+01 5.931504513176837179e+01 7.346401585705756077e+01 7.138195590763196208e+01 6.008713923346424934e+01 5.142418459748093795e+01 3.916842543854220082e+01 1.963765023847996360e+01 3.008338769388328515e+01 1.871742916425699832e+01 1.373699763185116751e+01 1.408100511405090494e+01 1.443090707771066583e+01 3.426482044658467885e+01 3.906854297925317354e+01
1.682297228869525374e-01 2.016822972288659699e+01 2.901014148271628912e+01 1.753817014396264540e+01 2.420483681062919601e+01 3.420483681062884074e+01 5.420483677388676824e+01 6.964252121005931428e+01 6.133195496473619102e+01 6.964252121969526854e+01 7.832235610689507155e+01 5.804157721286557603e+01 4.345406978473917547e+01 4.499411392023608869e+01 3.846829580109542945e+01 5.312316999756001934e+01 7.347848797095335271e+01 8.122109955947061621e+01 7.125938455307360186e+01 6.301425947767381075e+01 4.639269341663305823e+01 2.607549740287283768e+01 4.611790206814434612e+01 4.514416883221980470e+01 5.930409401540803316e+01 7.087955125567869175e+01 6.470164402248117597e+01 4.640390420479251077e+01 4.490174706598571674e+01 3.352975783809777255e+01 1.363482457751026544e+01 1.325772697596036309e+01 2.764487543561237359e+01 3.105243435645802208e+01 1.812965010620452233e+01 3.874899759764043949e+01 4.564860494937620672e+01
1.736477300190079065e-01 4.538005534738837277e+00 9.010141489738376919e+00 2.901014148271628912e+01 4.420483679226384055e+01 5.248910602627923794e+01 6.248910490803695694e+01 5.983639456415684066e+01 4.190660661875016046e+01 5.983639456415684066e+01 6.900049012788574032e+01 6.549566530141429155e+01 4.499411392023608869e+01 3.016737197275079652e+01 5.099887929493877436e+01 6.213086978581029740e+01 6.211875943749505780e+01 8.217842205456760496e+01 7.511456291026459553e+01 5.805981077861495265e+01 3.788096655072281749e+01 2.360699425340566293e+01 4.022296727950716644e+01 3.081520457699054205e+01 4.252558745080313685e+01 6.263893309001036869e+01 5.878255983035205645e+01 4.064307088581184502e+01 2.567802126685624486e+01 3.194151095524494011e+01 1.277767415205634549e+01 3.216538274523542640e+01 2.299446235604061428e+01 2.790828067811599666e+01 3.582464862498740388e+01 4.687163284568883626e+01 4.718434471694249766e+01
1.635824339929259352e-01 2.016358243399256978e+01 2.901014148271628912e+01 2.165925213041066755e+01 3.580138775389765726e+01 5.580138724859378385e+01 6.361509403520581429e+01 5.161928079174080608e+01 3.307590185910267877e+01 4.154017775200756546e+01 6.073888567174840603e+01 6.307888230050921408e+01 4.674666121832827770e+01 2.579025990951604896e+01 4.674666121832827770e+01 4.149014524312073604e+01 5.716026790255299517e+01 6.551843301428482391e+01 6.686488104100386920e+01 4.677358022302426122e+01 5.046033988863464970e+01 4.022294345353466838e+01 2.031089281593759210e+01 4.022296727950716644e+01 5.651863536176565361e+01 5.814254150926846165e+01 4.325352625751554569e+01 3.416575508729556532e+01 2.693069013670788081e+01 1.229531462752284732e+01 2.643897115316845259e+01 4.061619877599176931e+01 4.186056135846607162e+01 3.322447451232213922e+01 3.946389673278693522e+01 5.695945242316515333e+01 5.021763195931023205e+01
1.578132703760624089e-01 2.015781327037570847e+01 3.848807065476369615e+01 4.165925204208051014e+01 4.994351340725434341e+01 5.725165227259758893e+01 5.541412258151746784e+01 3.667506355474733937e+01 2.721766935052593439e+01 4.506320370189911273e+01 5.887993213573192719e+01 5.469399160451148845e+01 3.394333821946896279e+01 2.162523358402262730e+01 4.271342164099902305e+01 3.085137634979693289e+01 3.634506759883497296e+01 5.716042946168102645e+01 6.468270767812961708e+01 4.456940135088304089e+01 3.030555442077038464e+01 3.792361933372360738e+01 1.819544266543167055e+01 2.929918687672920186e+01 4.761230651981991002e+01 4.852870525228702547e+01 2.523128167490782303e+01 1.310284295072963623e+01 1.181434465655604527e+01 3.150596939150627307e+01 3.982334990772510963e+01 5.365560238713302965e+01 5.775365767262466221e+01 4.254077766167841901e+01 5.741505877286188309e+01 6.424684015764070466e+01 5.507924466778680994e+01
1.543728846943814847e-01 1.015396406398672902e+01 2.429922323234507076e+01 4.441606815275296327e+01 5.133948829699646410e+01 3.749678041310097143e+01 5.138055634048420472e+01 4.011374495635627824e+01 2.279375639213849425e+01 3.233449087008538214e+01 5.072098589092465915e+01 5.369840694303010054e+01 3.289567898726926387e+01 1.772930844501280845e+01 3.397472413086300946e+01 2.115590036051043654e+01 3.634517080789159849e+01 5.716984222720197550e+01 6.092650213481322652e+01 5.227825339380325431e+01 3.260804885640959583e+01 1.983522229011858684e+01 1.610214732939278903e+01 3.572342693183672679e+01 5.273863298441956005e+01 5.049025710392059096e+01 4.324338814421930977e+01 3.173087957007911442e+01 1.147522957618478401e+01 3.105209378987392554e+01 4.116158740972313268e+01 4.610104558535002894e+01 4.962449626124064395e+01 5.844648167420807283e+01 6.854724433702246245e+01 6.159028059391988563e+01 4.232605385744155058e+01
1.561752203313827581e-01 2.015617522033102915e+01 3.455556850680491721e+01 4.200981569384619263e+01 4.165874916065252620e+01 2.302358588628015923e+01 3.890554148089925945e+01 3.154285227216282550e+01 1.934714518518944004e+01 3.101845331676323525e+01 4.944968169002365954e+01 4.910661812399448678e+01 4.740404695880761210e+01 3.397381424345207535e+01 1.255701654232573006e+01 3.397513173039584444e+01 4.950111216043386264e+01 4.287008576794672621e+01 4.277811711330874545e+01 4.867264365038894169e+01 2.821080296425591527e+01 1.308914450594908274e+01 3.084185809768401398e+01 3.309616325465491826e+01 3.241509460155970146e+01 3.490410251666614982e+01 4.667038367210434302e+01 3.156172848631824479e+01 1.113664314094411445e+01 3.011563924961267702e+01 2.242154370306869282e+01 2.770346329615817282e+01 4.610584938869804716e+01 6.178027095805113333e+01 7.187014127813668551e+01 6.970993651790124090e+01 5.034841531244968138e+01
1.531247021631862160e-01 9.807794556496871152e+00 2.139945065714801586e+01 2.886956316841397907e+01 2.682609293065691247e+01 1.345345763978594533e+01 2.720951064624378191e+01 1.475141238187813997e+01 3.151994460662114861e+01 4.039048238966206128e+01 4.305222238218194519e+01 2.468710582320410651e+01 3.497188857334926126e+01 3.101391159761139704e+01 9.942070839834263651e+00 3.102680307011434735e+01 4.149919025024147601e+01 2.452068861907869035e+01 3.611243255134365882e+01 3.934415356809142139e+01 3.481426818749012142e+01 2.221142200913006448e+01 1.021256865893596277e+01 1.591375213260972821e+01 2.203425999878106367e+01 2.251532939440921055e+01 3.431929220234798805e+01 3.047323359360644446e+01 1.079857355471501990e+01 1.532955929785592097e+01 2.907769657082419457e+01 4.589080578660715304e+01 3.663466606709315698e+01 4.697983895696459911e+01 6.436705162152782123e+01 6.200673999476972398e+01 4.756005615904258832e+01
1.422398637851068903e-01 1.703117706441704371e+01 1.923076835655926331e+01 2.046644998912587354e+01 3.736484249747665576e+00 2.304557795756204541e+01 1.006492652358860340e+01 2.671044364461787168e+01 3.190931913389719199e+01 3.091835744197691938e+01 2.670407478899110032e+01 1.220371016184848401e+01 2.245088147048845784e+01 2.673804861668282484e+01 7.853157952422324506e+00 2.686422713764446968e+01 2.751999333380712542e+01 1.468240328636502312e+01 1.801503583364318928e+01 2.672640106739613586e+01 2.693617122310604373e+01 2.466280089636859429e+01 8.198613902154965771e+00 8.527925087109737845e+00 8.857475320457924184e+00 1.519131227567789111e+01 2.283237831766276926e+01 2.477364034456579134e+01 1.046181209768438691e+01 2.948680224434180275e+01 4.164045832551072124e+01 5.196140507084938776e+01 5.436152637843643021e+01 5.079811866230666340e+01 6.768423089829059336e+01 5.335708484930417939e+01 3.222732941711466736e+01
1.377665891220937744e-01 4.441203900409013139e-01 7.505101374310462203e-01 1.057007800203718206e+00 1.363613564809545542e+00 1.754426353471171751e+01 6.638662732136682898e+00 2.458014842312379500e+01 2.692530855125833966e+01 3.936260971369653028e+00 3.730284345058425544e+00 1.226365495958023466e+01 1.987865709524319158e+01 4.920677387169580363e+00 9.363721893799192841e+00 1.519043792803669213e+01 6.136030771230224445e+00 6.456700358222902558e+00 6.777388102123308222e+00 7.097951111525702572e+00 7.418322973639519979e+00 7.738808590707082047e+00 9.568502341041360992e+00 2.862639902820935589e+01 2.943487490891346070e+01 9.324793143017245711e+00 9.656006916803589135e+00 9.988451103024415190e+00 1.218031346310270635e+01 1.563192711237683774e+01 3.599238404916811618e+01 4.975764043710139362e+01 6.550153017796731092e+01 6.769159835251961965e+01 6.808475562823326754e+01 5.444673762894026936e+01 4.089552193978324368e+01
