MOVIE_S4_data/elevation_000002.asc
nrows	100
cellsize	150.0
xllcorner	0
ncols	100
yllcorner	0
NODATA_value	-9999
[rows 0 to 16 of 100, columns 37 to 73 of 100]
1.432521805370770949e+02 1.509645754940892175e+02 1.424002278294067594e+02 1.340068266907796897e+02 1.366424191090087277e+02 1.450324457925350430e+02 1.495262018317893933e+02 1.554497991834163315e+02 1.546236915243253520e+02 1.462980621357548046e+02 1.506487699421460320e+02 1.528453662531956070e+02 1.611807504376159841e+02 1.532872300030789461e+02 1.450148909007627083e+02 1.485273282019882117e+02 1.402708023047285053e+02 1.485273282047252792e+02 1.625872727299819474e+02 1.596837598706083554e+02 1.512536078318808279e+02 1.502550655694809620e+02 1.415757026577391287e+02 1.442527105458493395e+02 1.529815441429939540e+02 1.579595320521776216e+02 1.461248263424412528e+02 1.375656695087702417e+02 1.300459248138842838e+02 1.239869179888469972e+02 1.324122043931007795e+02 1.374851607947707350e+02 1.291359741264620595e+02 1.374851607931730939e+02 1.458081470148246410e+02 1.374051170892748814e+02 1.385222094718704682e+02
1.223534847461076538e+02 1.397726037870966991e+02 1.221458673717198167e+02 1.134630425200734010e+02 1.161412053123749644e+02 1.366424186193579828e+02 1.292101518564022342e+02 1.351605851271729648e+02 1.430650169089571762e+02 1.263108366320947624e+02 1.306439462252945134e+02 1.328304106383445458e+02 1.467832677150423990e+02 1.384931639537471995e+02 1.252941401692380339e+02 1.289129653542127585e+02 1.205984516441327941e+02 1.344673839464624905e+02 1.455014721474869646e+02 1.395365522148780713e+02 1.307489977744304497e+02 1.383220615383235952e+02 1.210837929319912973e+02 1.237273654531986296e+02 1.442538155257800838e+02 1.492282203051567251e+02 1.290466242081704706e+02 1.175068984508340293e+02 1.099872558112869143e+02 1.040187499613493003e+02 1.164292127857328296e+02 1.247834746244500366e+02 1.091706982881372738e+02 1.274744865752693812e+02 1.340805851626195135e+02 1.170816045728289652e+02 1.182031875674542363e+02
1.101838928725872506e+02 1.284699813112218294e+02 1.221458643551867311e+02 1.013865779171494097e+02 1.221458643553916374e+02 1.233134607058272678e+02 1.146407610614450334e+02 1.351605847422142688e+02 1.341257133444055114e+02 1.147964569787076670e+02 1.165376311020015550e+02 1.365032234355189757e+02 1.353333312260268428e+02 1.187367670422187729e+02 1.289129634501737200e+02 1.093027683792043803e+02 1.289129634501796886e+02 1.428288723506314852e+02 1.249996281464225092e+02 1.190150468152103116e+02 1.190111548920664148e+02 1.297365448880918279e+02 1.094097680243356194e+02 1.297361901510252835e+02 1.394871164687361329e+02 1.499782401102509084e+02 1.460442921894243966e+02 1.302558928167784984e+02 1.205292724301413756e+02 1.064406495880405430e+02 9.654464462225169541e+01 1.104278542545683450e+02 9.926612005594164145e+01 1.191533309432294772e+02 1.256713292417480829e+02 1.054659647320061140e+02 1.220509910129232338e+02
1.022413186052312284e+02 1.076798141333619441e+02 1.161531730583522375e+02 9.538473302267713905e+01 1.135544455683145912e+02 1.026114613443868251e+02 1.233134607058217256e+02 1.270693137026545543e+02 1.187844705212337288e+02 1.059001132558391731e+02 1.258311654386448311e+02 1.351874626099944123e+02 1.265014436876510615e+02 1.074044542248716994e+02 1.167511867933750551e+02 1.038563063534158175e+02 1.151685614323545224e+02 1.347073487771363887e+02 1.249996256025947616e+02 1.046878442173189399e+02 1.249996256025807497e+02 1.171821673413398059e+02 1.033041131989737664e+02 1.104605909843888725e+02 1.205671478948996764e+02 1.411537890734410041e+02 1.596228422095891517e+02 1.493613836121414806e+02 1.348742476076141941e+02 1.247870237164466118e+02 1.104278559061580864e+02 9.054603823239149563e+01 9.176224939414589699e+01 1.116370204420874757e+02 1.114154100605898208e+02 9.958210390926832645e+01 1.019910072662797091e+02
1.055673630495302717e+02 9.294233915251975020e+01 1.106025733363316021e+02 8.989780860072588098e+01 9.283186654495509060e+01 1.135544455683130991e+02 1.209228361442281852e+02 1.126487903013939729e+02 9.890258519083278088e+01 1.187844743638544713e+02 1.341257133442599923e+02 1.269405337207480216e+02 1.072259374712128448e+02 9.859766973149669411e+01 9.708960238609439841e+01 1.108532793595299211e+02 1.298567457289863114e+02 1.338033445802600170e+02 1.129469512894375640e+02 9.855252351187561999e+01 1.111868745598023054e+02 9.686175303247458146e+01 1.171821673408853570e+02 1.308140275409280378e+02 1.394793851543611254e+02 1.496727011684828597e+02 1.549635094926162537e+02 1.405445254302099727e+02 1.313124529986832840e+02 1.304251300323379326e+02 1.104277682725615364e+02 1.050123410799671149e+02 8.505797629096433354e+01 1.050123420974474868e+02 9.167774015447275815e+01 1.039552722001081548e+02 9.226408506916494900e+01
8.491608270285722426e+01 1.055673623923599820e+02 1.002724362957910387e+02 8.481059978038977931e+01 1.054263819236180098e+02 1.220380146854189576e+02 1.126487902161443060e+02 9.281834924905530215e+01 1.126487902161740067e+02 1.270693136981476670e+02 1.422097776896987398e+02 1.271297100083133103e+02 1.108436319587985111e+02 9.109882749249189260e+01 1.108436328206046113e+02 1.249400046736433723e+02 1.335250996978222702e+02 1.248332754284692925e+02 1.153998275277456997e+02 1.069547902365709859e+02 9.080312611319837401e+01 9.810867789675671702e+01 1.075915495858149029e+02 1.211019102586337794e+02 1.454493164088810602e+02 1.549411506304641648e+02 1.451981109771954834e+02 1.222220650584318662e+02 1.091434255552614019e+02 1.180057078515641393e+02 1.158917455724722316e+02 9.598248825688463626e+01 8.177788068605312333e+01 9.749202987180771629e+01 9.894941690906711074e+01 8.424720095185496405e+01 1.039552722001158145e+02
8.037230293029880102e+01 9.543076550619777265e+01 7.973096695551926416e+01 1.002724362957876281e+02 1.139377052015625367e+02 1.227248148589389132e+02 1.087597208499731352e+02 8.895072494927751450e+01 1.087597208499795727e+02 1.139558299548045710e+02 1.298465609637641478e+02 1.188994306586840395e+02 9.917848224059090967e+01 8.771678795813561180e+01 1.017354070492310711e+02 1.214631716187110868e+02 1.207785923303792401e+02 1.035763782044454757e+02 1.069547901803792058e+02 8.653232908375349552e+01 1.069547901803775005e+02 1.189280147897177358e+02 1.277397283973641606e+02 1.385200637073143071e+02 1.496008522079271188e+02 1.410516151955218618e+02 1.393135295859102314e+02 1.237505926485785324e+02 1.160886112043049536e+02 9.690040959137391496e+01 1.071671239485320655e+02 1.100952403970652682e+02 9.749202979410470959e+01 7.732202104952516208e+01 7.907262167547997933e+01 9.894941683550634082e+01 1.039552711557698075e+02
9.191009934192268815e+01 7.491801689176310219e+01 9.543076550618638976e+01 1.087887074247838370e+02 1.227248107907208095e+02 1.086615982844789841e+02 9.459838171155149666e+01 8.527427278697180668e+01 9.411173917647259657e+01 1.139558299499905587e+02 1.100112588115541286e+02 1.100112588117106611e+02 1.044276466561424428e+02 8.458015176745657016e+01 1.044276466562340175e+02 1.195640965839314021e+02 1.122188073660580727e+02 9.162370470647032050e+01 1.001843517589552164e+02 8.365127052174361211e+01 9.815764481315893875e+01 1.184675068607479034e+02 1.343336063310362363e+02 1.508461001929168219e+02 1.448565906713045592e+02 1.310928494764716277e+02 1.302912049993815060e+02 1.072910983245270273e+02 9.512033412209764549e+01 1.037530997536183719e+02 8.657956865855705075e+01 9.776939983434452586e+01 9.451687127963307944e+01 7.424643843120267661e+01 9.209026170048731785e+01 9.520221897494590735e+01 1.148404119152050527e+02
7.138849275372608361e+01 9.191009934191797015e+01 1.039457491286883624e+02 1.177709695275070771e+02 1.095049481180564612e+02 9.459838171150370556e+01 8.057882514211499370e+01 1.004127258064223156e+02 1.133390586108379381e+02 1.222312192229580177e+02 1.100112588114427581e+02 9.017706096122050496e+01 9.746701065756127491e+01 8.154115445399965267e+01 9.154486857888515772e+01 1.113367004474246755e+02 1.171248862512690891e+02 1.001843517371516015e+02 7.968409064056763214e+01 1.001843517371824674e+02 1.098751103754237732e+02 1.030043739735005204e+02 1.178610488485625893e+02 1.424474867764242560e+02 1.356335940449920656e+02 1.225696107107185355e+02 1.301442623151185387e+02 1.182867544209846216e+02 9.775247037234278480e+01 8.335746440081784669e+01 9.453988194609759432e+01 7.736307714886946485e+01 8.929977518776894385e+01 7.198708026899811330e+01 8.723525796983170721e+01 1.092766279218010652e+02 1.231182061013322482e+02
8.811108118648937193e+01 9.091057093863514638e+01 1.096165460590655272e+02 1.093471614838541228e+02 8.964256093536796755e+01 9.328737689424671942e+01 7.750916706776665421e+01 9.157484638378261366e+01 1.114224823393653878e+02 1.158354241800723941e+02 1.075868980368720855e+02 9.746701065004874920e+01 7.749167140543674748e+01 9.746701065009469289e+01 1.096578035081774090e+02 1.195640965590600615e+02 1.027574346589730538e+02 8.838998307002641752e+01 7.709967077367986121e+01 8.267653923606800959e+01 8.875533564799124520e+01 1.015703563208156481e+02 1.236526556876542458e+02 1.404111826462771546e+02 1.222212960293053641e+02 1.224130870371077151e+02 1.133551050739989279e+02 1.153196091026909187e+02 1.070507121977764768e+02 9.453988204014345342e+01 7.416159222118885452e+01 8.648669333729094433e+01 6.885786627670280780e+01 8.929977518776446743e+01 1.006240976440081312e+02 1.132264293611709718e+02 1.055291150669343523e+02
8.328813275790928117e+01 9.034723938866238768e+01 1.062338008850579314e+02 8.901531805390121121e+01 8.948009576031763856e+01 7.332182593052212383e+01 8.747146599631668096e+01 1.056333568961481575e+02 1.103540749928387612e+02 1.021046742707288359e+02 8.767912661508610483e+01 9.133227073688925657e+01 7.483424222411859716e+01 8.905162349643845232e+01 1.089162647180632035e+02 1.118480488636291028e+02 9.434280733046867340e+01 7.380235712582810947e+01 9.434280733049577350e+01 1.034369271093188161e+02 1.098751097876724003e+02 1.184449397760750173e+02 1.310803204478500845e+02 1.253529782626419404e+02 1.224130867685633604e+02 1.048823497343869349e+02 1.224130870243875790e+02 1.070507121885451056e+02 8.701885263207817900e+01 9.288604835411383931e+01 8.648669330306412917e+01 6.597312145358972657e+01 8.648669333419380223e+01 9.760322679158745984e+01 1.011885216531753855e+02 9.330778061661597178e+01 9.330778061662233824e+01
7.268018532108723662e+01 9.234698854024891546e+01 1.033317950280166428e+02 8.948009575618992528e+01 6.940241875382147896e+01 8.948009575620093869e+01 1.015310252392471568e+02 1.155905848710754782e+02 1.021046742669881269e+02 8.212908699835294613e+01 8.797980102066128438e+01 7.119605272489000924e+01 9.133227073688074427e+01 9.486984220428651327e+01 1.147307551350028660e+02 9.749079744119717361e+01 8.313354599381736421e+01 7.155249259991720123e+01 7.891671743041011666e+01 8.824551374376443391e+01 1.006965306504066575e+02 1.235259089324666348e+02 1.251603085073366515e+02 1.078482103096162916e+02 1.119018215187425653e+02 1.002279208636373511e+02 1.167491055325716758e+02 1.061797691213486701e+02 9.288604825026739320e+01 7.257257628509188407e+01 8.202804071798824737e+01 6.408567083837904477e+01 8.463284798027294187e+01 9.527026258923812918e+01 8.110333852349847916e+01 8.951407649511587294e+01 7.305494311049262990e+01
9.106876588933202754e+01 9.970828790044068057e+01 8.338053350130344654e+01 8.338053350128895147e+01 6.676463289650770605e+01 8.107785931994310147e+01 1.009957001702342438e+02 1.092811737524429674e+02 1.021046740708724059e+02 8.212908699826489567e+01 6.771682908023284142e+01 8.797980102578507910e+01 9.133227073685435471e+01 1.112340647861498582e+02 1.045266922567526535e+02 8.908692979926513544e+01 6.852827214498887543e+01 8.908692979926327382e+01 9.958005365136595799e+01 1.081752584158709709e+02 1.182255148604947124e+02 1.312950941117900356e+02 1.269098094590841157e+02 1.119018214977193537e+02 9.374430075492834646e+01 1.119018215357693151e+02 1.105413546274391052e+02 8.766491805260696424e+01 7.614516422732941692e+01 6.846511045879560697e+01 6.145163216157823882e+01 8.201539038428347794e+01 8.116449541366263531e+01 8.350403386933463423e+01 6.653422737324892466e+01 6.913426114463244687e+01 8.951407650138062877e+01
8.408478678698068620e+01 8.576764249354462777e+01 8.001092674250186576e+01 6.314800032791819007e+01 7.753119369311204423e+01 9.516450077664919149e+01 1.034402973798993486e+02 8.931920601151736605e+01 1.034402973852189405e+02 8.573047312630220063e+01 6.536081303568549572e+01 8.573047312631679517e+01 1.023232457127494825e+02 1.042724639345546791e+02 8.423251600635234126e+01 8.423251600636987746e+01 6.646247145746251306e+01 7.339204682105983579e+01 8.527522145907693130e+01 9.961810036073138974e+01 1.197752734308324420e+02 1.269101639949541038e+02 1.089715809251218417e+02 1.082184816199747530e+02 8.984850373029875925e+01 1.069400570627301761e+02 1.187258763712509904e+02 1.061797690893154993e+02 9.741192989136872882e+01 8.035110364920168990e+01 5.973429246152593208e+01 7.780760394542636504e+01 6.061434047082238408e+01 6.297546693646708604e+01 8.350403387320464788e+01 8.951407649502182551e+01 8.365109092631520582e+01
7.364536702667597012e+01 8.001092659071375124e+01 5.972057958316585058e+01 8.001092674058584464e+01 9.164401195923889532e+01 1.057568308735419009e+02 9.445131677526664760e+01 7.501464382631236560e+01 8.876217992818607172e+01 8.044791692167146380e+01 6.302806564159688207e+01 7.476309694352298152e+01 9.419943593368259371e+01 8.991825768273172059e+01 7.556405143457701001e+01 6.369178933694013267e+01 8.423250891671192164e+01 9.383245185977192193e+01 8.790718997257005185e+01 1.081378787459413502e+02 1.263448776621048779e+02 1.182874877090412156e+02 1.127900711572112442e+02 9.437169838378918030e+01 8.613751539550405312e+01 1.047396214897860318e+02 1.157901175456340752e+02 1.070613868166776399e+02 9.904005568267007220e+01 8.878855446645167149e+01 7.789632080325820596e+01 5.735254904726542691e+01 7.789632080325772279e+01 8.350403386930992156e+01 7.759549866759277847e+01 9.776955440124577024e+01 1.037143967517770733e+02
5.331038709034375955e+01 7.364536701899241677e+01 5.739138959815635133e+01 6.920587475937449540e+01 8.931842706509334562e+01 9.777337760944335798e+01 7.765409119357951795e+01 6.573278410755210643e+01 7.744580763851773497e+01 5.981381068606114582e+01 8.044791692166626262e+01 9.179885131234138385e+01 9.962631508249138790e+01 7.687727333869958102e+01 6.102224149596516867e+01 8.152187060660293128e+01 9.263093073041864045e+01 1.043166034324795532e+02 1.081378975681394650e+02 1.165243013243572676e+02 1.182874876893132239e+02 9.896360976408219301e+01 1.046234437680761289e+02 1.015932763721907151e+02 8.281420852107200403e+01 1.015932764391701113e+02 1.059139308695398114e+02 8.786055185126510025e+01 7.951459029169340909e+01 9.168020808709819391e+01 7.653797455781419501e+01 5.602450068059755495e+01 7.653797455782661530e+01 9.169039952260121140e+01 9.776950507430149173e+01 1.060331033951915316e+02 1.102086328945957661e+02
5.202491275992027653e+01 5.421216790102132421e+01 7.453621843125100099e+01 8.597659095090457981e+01 9.756170538613402243e+01 1.060343973347650177e+02 9.445131676831940126e+01 7.744580763772762566e+01 5.670431923756499515e+01 7.744580763778530752e+01 8.876217992847111304e+01 1.045373000930367624e+02 8.551922579475642294e+01 7.713028292231848582e+01 5.921264714204605895e+01 6.645216681060497876e+01 7.566719711989654229e+01 9.006461893514530459e+01 1.102045851240805234e+02 1.244365815095765839e+02 1.163209326205988248e+02 1.046234439015474749e+02 8.542444630569151798e+01 9.436114873997637176e+01 7.960305519194940871e+01 9.854573360411843908e+01 9.773222491532119705e+01 7.798887883010860378e+01 6.780124273261303358e+01 7.329283176552799262e+01 7.509199082482963661e+01 5.471466327295225796e+01 6.308316695736426993e+01 7.339992877932569115e+01 8.769383099244738844e+01 1.074932304601595803e+02 1.020411620861012807e+02
