MOVIE_S4_data/elevation_000227.asc
nrows	100
cellsize	150.0
xllcorner	0
ncols	100
yllcorner	0
NODATA_value	-9999
[rows 0 to 16 of 100, columns 37 to 73 of 100]
1.233517921864724514e+02 1.158612282871731622e+02 1.239729033974323613e+02 1.255954562979145237e+02 1.333784987929906833e+02 1.220662201569696066e+02 1.140352245373238844e+02 1.165746052575960761e+02 1.245917812460945413e+02 1.249426044878292856e+02 1.169208121484110876e+02 1.152134307311524140e+02 1.232422592509453949e+02 1.221262629974786194e+02 1.137851521595281099e+02 1.137851521595281099e+02 1.140182815017026599e+02 1.057320340832969094e+02 1.140182815017026599e+02 1.225617478007529968e+02 1.110997470340567048e+02 1.028265663365885985e+02 1.028265663365885985e+02 1.110997470340567048e+02 1.060146733708058093e+02 9.777045955428475565e+01 1.060146733708058093e+02 1.008182771583717710e+02 1.090786913800391034e+02 1.141490815905928429e+02 1.058664691225769161e+02 1.141490815905928429e+02 1.167962929805727725e+02 1.171929821501353928e+02 1.255416490561957232e+02 1.326147087599509860e+02 1.243433956660690711e+02
1.078044235821141541e+02 9.630451010051297089e+01 1.141229827067470666e+02 1.063628058256057614e+02 1.180510675105865630e+02 1.099970311814068111e+02 9.426601061656323566e+01 9.684188302902848022e+01 1.165746052575960761e+02 1.136486400037735507e+02 9.727815432877760315e+01 9.555378396273573571e+01 1.119384865489829650e+02 1.137851521595281099e+02 9.408222162160586777e+01 9.408222162160586777e+01 1.041567870325915948e+02 8.612576305473419325e+01 1.041567870325915948e+02 1.142204091674309439e+02 9.448569449095764128e+01 8.315344713207237248e+01 8.315344713207237248e+01 9.969071787428111975e+01 9.613703048736323353e+01 7.807648031072042727e+01 9.613703048736323353e+01 8.112230432299233485e+01 9.766554415645363463e+01 1.042648746099600174e+02 8.619232245996511210e+01 9.702515996567585432e+01 9.702515996567585432e+01 9.744829077871432332e+01 1.171929821501353928e+02 1.243433956660690711e+02 1.050181444881914530e+02
8.820193437493760769e+01 8.634464597650405437e+01 1.061483789654943735e+02 9.499110027168762826e+01 1.099970311814068111e+02 9.016000644604066849e+01 8.266748230038177780e+01 1.026214635585053827e+02 1.150988444796915502e+02 1.055801183686458842e+02 8.577760919095517522e+01 8.403415596118981057e+01 1.031143570521818305e+02 1.140797253181259805e+02 9.985307635974767493e+01 8.022389193105171046e+01 9.059979008500494047e+01 7.628235194684749843e+01 8.850320192851656032e+01 1.082108240355153157e+02 1.053922355011905125e+02 8.570079680537706679e+01 7.172906132938322799e+01 9.146828566806162542e+01 8.792346993250259857e+01 6.812966219905528931e+01 7.802656606577889420e+01 6.966637317149131547e+01 8.944680193991393935e+01 8.465194888158995923e+01 7.632307968328588288e+01 7.736020046438548547e+01 8.360559554205433130e+01 9.490355402886233094e+01 1.146073947106918212e+02 1.222074512657410423e+02 1.029821202587617108e+02
8.055394861188555922e+01 7.866728977414496171e+01 9.862773017835947087e+01 8.498909756435659801e+01 1.040239169926937706e+02 9.597013647246413370e+01 7.582249344012736003e+01 8.711399366983938819e+01 1.070266675542105617e+02 1.136485727690965888e+02 9.499523177078866354e+01 7.490448553283624733e+01 8.616639516517260233e+01 1.060103205648446760e+02 1.081042423095421583e+02 9.059979008500494047e+01 7.086255991519465169e+01 6.873246220136236673e+01 8.850320192851656032e+01 1.021468858988591677e+02 8.740010578910234074e+01 7.918825621340756982e+01 6.638103870425175046e+01 8.619275605691842657e+01 9.203308471914407107e+01 7.802656606224638836e+01 5.810832196811391270e+01 7.601483219194837204e+01 7.892348849129164989e+01 6.480797998649239844e+01 6.983028378659582813e+01 8.959250391102283118e+01 1.032313769889680373e+02 1.114949699174549664e+02 1.229413537026450598e+02 1.164538949047617677e+02 9.740192848901845935e+01
8.097401710595931945e+01 7.174539694224708342e+01 8.642237523864086768e+01 7.585192642184000533e+01 9.598576057709210829e+01 9.074204970320158736e+01 7.042348798333668469e+01 8.492468691867995290e+01 1.048751350241557532e+02 1.055087631049351700e+02 8.980782335155862484e+01 6.950635607585951448e+01 8.980782334202304185e+01 1.050779905812020729e+02 1.043457392965788415e+02 9.447838520192351552e+01 8.254209961008530172e+01 6.265829972098360656e+01 7.421277482893998467e+01 9.392016885750106781e+01 7.918825621340756982e+01 5.929171757287364386e+01 7.918825621340752718e+01 9.123407163764487393e+01 7.799744616070429970e+01 6.396180487445547413e+01 5.325237675000371240e+01 5.607870017561299392e+01 5.900257373173256781e+01 6.374351459444046242e+01 6.877074848281580444e+01 7.767763035050856502e+01 8.752048190515237991e+01 1.013783912163887493e+02 1.212242395194985107e+02 1.193869306899893985e+02 1.002359532207911030e+02
9.971016206081289113e+01 8.633013447054050005e+01 6.600725856429406235e+01 8.648791341303675040e+01 1.040726236436437517e+02 8.643096197084545906e+01 6.593597598713479613e+01 8.060735062219816882e+01 1.011375662911098203e+02 9.709927382189113132e+01 7.690618523303054133e+01 6.492224380730461064e+01 7.689628220440656037e+01 9.696348479225044059e+01 9.611069416522410336e+01 7.643664732578021415e+01 6.645896157730786058e+01 5.885096726372098175e+01 7.408605603365985814e+01 8.230006061682509255e+01 7.484647552827136963e+01 5.492182451749160776e+01 6.315606856736472707e+01 7.482940004904654074e+01 6.660263425804926385e+01 4.983245330311869736e+01 6.977565177615086611e+01 7.601483219194837204e+01 7.055396433908151721e+01 8.348365141070891582e+01 8.278194183580002630e+01 7.871677610631282107e+01 9.840233922953960644e+01 1.155059588662910954e+02 1.211386182192333507e+02 1.129859717790988753e+02 1.051975280508138866e+02
9.300542910453955869e+01 8.323945538679517142e+01 6.268459673902859208e+01 8.321394965560902790e+01 8.797249440147793109e+01 8.240900781050511625e+01 6.183149870922350999e+01 7.663081981905327211e+01 9.747016653315679946e+01 9.529966207310660309e+01 8.149383526335630279e+01 6.098054346658503277e+01 7.561571912707637466e+01 9.573725118257092959e+01 1.043457392965788415e+02 9.447838520192351552e+01 8.160329900553551852e+01 6.171454355698014638e+01 5.411850698036712259e+01 6.992253424271321194e+01 6.724694993928029874e+01 6.897101648676448349e+01 4.903196046803889629e+01 6.354429288321769320e+01 4.666367251451766407e+01 6.660263425804926385e+01 6.137759765901054010e+01 8.124760704252099686e+01 9.004666799628844842e+01 9.790298587691506782e+01 1.023057753770542320e+02 9.261459007329349902e+01 9.261497957244512236e+01 1.123765657815551151e+02 1.129859717790988753e+02 9.401192688336131198e+01 9.956929596678482142e+01
7.280323563236643736e+01 6.581897410695954420e+01 5.951843623125115812e+01 7.617892788102250279e+01 6.762947263923960861e+01 7.349089006708726401e+01 5.806028618868810298e+01 7.864556893714707542e+01 9.844028379549656904e+01 8.914038243912419546e+01 6.928130091732754181e+01 5.734011768708651857e+01 7.789746093492989587e+01 9.002499905026353133e+01 1.000831797879482963e+02 9.554944271606211714e+01 7.582661713783114976e+01 8.160329900553551852e+01 6.410639847192680918e+01 4.995141073285387279e+01 4.728766514746995142e+01 6.353141151286636301e+01 6.354428195193137441e+01 4.360757937032788334e+01 6.354429235847752011e+01 6.660263418533571667e+01 8.124760704252099686e+01 7.762118385359632100e+01 9.738333982463251459e+01 1.006491536185059630e+02 1.089114450652806738e+02 1.123534569340299498e+02 1.123760389426889788e+02 1.207810510754801356e+02 1.104798028236851053e+02 9.158225061120516841e+01 8.088409320238881151e+01
9.300543040051167054e+01 8.627123705172660095e+01 7.023463398634336841e+01 5.561322700626972448e+01 5.307122740740592093e+01 5.296906247796297151e+01 7.349089006708601346e+01 7.703973836914744311e+01 8.529349143263138444e+01 7.021598294574062038e+01 7.015695896839228851e+01 5.399743497311006735e+01 6.126349611116929594e+01 7.163434917452126172e+01 9.186174993846633186e+01 1.037903453512606404e+02 9.554944271606211714e+01 9.218343601673505816e+01 7.814279447486524077e+01 5.897728078399450879e+01 6.353141151304217260e+01 4.358346474709173179e+01 6.164294187185414131e+01 4.174974501571816887e+01 5.586669401524081024e+01 7.575992105733529058e+01 9.469052441084507166e+01 9.738333982463251459e+01 9.760043224342207679e+01 8.126222806292123835e+01 9.760043224342629742e+01 1.097095186337739392e+02 1.015748895956753017e+02 1.097095186337744792e+02 1.186088255789859431e+02 1.040415212375561111e+02 8.526003776271292622e+01
9.712581513339458184e+01 9.867214518927009692e+01 8.445512598337664656e+01 6.757006183812406164e+01 7.001691609487383516e+01 4.957910073058359757e+01 6.718124297998059546e+01 5.660494141149881386e+01 7.353547514370940519e+01 6.632259073059108800e+01 4.979722936129357436e+01 7.022630151836773393e+01 8.174750376969880961e+01 9.002499922876269522e+01 1.000831798114757305e+02 1.063558099652318703e+02 9.807921097528205223e+01 9.794701508565269421e+01 7.640932056298271391e+01 7.931388196016715142e+01 6.126344195088245925e+01 4.100921774598293723e+01 5.694950309717059156e+01 3.990142025282526816e+01 5.987253839095283325e+01 7.582461872031159089e+01 8.405431023079910346e+01 9.551000947742774372e+01 8.942231332896001561e+01 7.035126589914074202e+01 8.942231332896001561e+01 1.000289528009389812e+02 8.232874364929330113e+01 1.000289528009389812e+02 1.073944527790546175e+02 9.941002473079099389e+01 9.867821276831394073e+01
7.736291930575704612e+01 9.128907083819258617e+01 9.610261066345431402e+01 8.793825935004227290e+01 7.828610058224778356e+01 6.120621143480593673e+01 4.681153046568216780e+01 4.491681202333588629e+01 6.253403683873304431e+01 4.598931266175674892e+01 6.633191901411888125e+01 6.427872488351725622e+01 8.486488912117593486e+01 1.009516588989554862e+02 9.268329461913738498e+01 9.486600920283392213e+01 7.821166085111588018e+01 9.486600920283392213e+01 9.739940216505868875e+01 8.170563316237321771e+01 6.067511125446714715e+01 4.634187458000393178e+01 3.735250441233399243e+01 5.741404008380992963e+01 4.885611044092329536e+01 5.592060532974991816e+01 6.744939167407750347e+01 8.726539162792983007e+01 8.266426277984822946e+01 6.365796253016028317e+01 7.788046752614823731e+01 8.295832509033884605e+01 7.287374007571283130e+01 9.195181662248427301e+01 9.941002473079099389e+01 8.064673416336756873e+01 8.614219011961594674e+01
6.324829270896984212e+01 8.315133747778872930e+01 8.538934271482531813e+01 9.347947121004990834e+01 8.966571572810522639e+01 7.549197304104508532e+01 6.718122866087860245e+01 6.042887418634362717e+01 4.231028826032142121e+01 5.127403838599512653e+01 7.162583592898799623e+01 8.481829437802235816e+01 9.328746342284237869e+01 9.268329461915543277e+01 7.277328670936111621e+01 7.860479301266660457e+01 6.668331626019045189e+01 7.510476400580444079e+01 8.336047298833175034e+01 7.989938054769886833e+01 6.443272793103719209e+01 5.591995657662762653e+01 3.584932383450207993e+01 5.600441702271329092e+01 6.878628308485791365e+01 7.582461872031159089e+01 8.405431023079910346e+01 9.016247009018536573e+01 7.665087779016634784e+01 5.757561187967196759e+01 5.882141274196673919e+01 6.395872182629873492e+01 8.295832509033884605e+01 1.000289528009389812e+02 9.941002473079099389e+01 8.064673416336756873e+01 6.716546933201834690e+01
5.768958628063109018e+01 7.034956876512664792e+01 6.553577577213904704e+01 8.210083764094109426e+01 8.688570609691433333e+01 7.887806385840822543e+01 6.043963078385142040e+01 4.025455149932555798e+01 5.995703256335539777e+01 6.934501377777426967e+01 6.791183961960548743e+01 8.213939988531065239e+01 1.011679596506749306e+02 9.038621654855029419e+01 7.036791184643381314e+01 5.842863708345078777e+01 7.510476400567571886e+01 5.513380563670038015e+01 7.510476400580442657e+01 7.867370305900311678e+01 6.816911987494000869e+01 4.871958683991131522e+01 3.435953047551087991e+01 4.126056530692342506e+01 6.126835004145476660e+01 7.191814103275997638e+01 9.175712288187594368e+01 8.214618781577318885e+01 6.308650374301443975e+01 5.193093251865757765e+01 7.114207408569787106e+01 8.295832509033884605e+01 9.097721522586343212e+01 9.815212136566931633e+01 8.988738239239714289e+01 9.402059347120862753e+01 8.614219011961594674e+01
5.641417098761234428e+01 5.038031524749081314e+01 5.398293839225371471e+01 7.320098422228160473e+01 7.887806415037120189e+01 5.938508073143430721e+01 5.987387371269463898e+01 3.883371260741012776e+01 5.258855360808328072e+01 6.599520678331940360e+01 7.829324166031518928e+01 8.801489466578847498e+01 9.351988339027676034e+01 8.345354677018650591e+01 7.019019157524911634e+01 4.899188572909012862e+01 6.156037073167946261e+01 4.917951078844067325e+01 6.908329349440812450e+01 7.021329764603545698e+01 5.156734692075925608e+01 5.150547366630561186e+01 3.289943401544962143e+01 5.325952224025579085e+01 5.200190921743649142e+01 6.610896514216325670e+01 8.594273225404946004e+01 8.130957378646297684e+01 6.220045255984673815e+01 4.849512782243523645e+01 6.779738458460657569e+01 7.320219739476658560e+01 9.236310627759375791e+01 8.659476648985670977e+01 6.984249914366120038e+01 8.659476648985670977e+01 8.900362695619530484e+01
7.636495711611455306e+01 5.917966582685153298e+01 4.502596063726515041e+01 6.036610506035388823e+01 6.858228617619631962e+01 6.509444305262616126e+01 4.543530597900380030e+01 3.743821856181986618e+01 4.369783248073188275e+01 5.076260704321157391e+01 6.057699964687983396e+01 7.997991781166003022e+01 8.525592517474261456e+01 6.497366347675267662e+01 5.284658399661837791e+01 3.984524659871077290e+01 4.202946555966405384e+01 6.156037075205714615e+01 7.734252696962283835e+01 6.263533310832109180e+01 4.338273168024972648e+01 3.429364113404878367e+01 3.114734861716843639e+01 5.701126792291077550e+01 7.190769980424011010e+01 8.015379078575580252e+01 7.504722327977378882e+01 7.816687349082678793e+01 5.901398085410068006e+01 4.524700948539837242e+01 5.402009321492279526e+01 6.760725142843367053e+01 8.670959183400941583e+01 7.831446365286473110e+01 5.811737374276018642e+01 7.831446365286473110e+01 8.106254508545556803e+01
8.725400985412953503e+01 7.188800909918819571e+01 5.193148590399417941e+01 4.029990972382622516e+01 5.608797784007448683e+01 6.216487056404668721e+01 5.395094127752253144e+01 3.611382640181132331e+01 5.585994330641027972e+01 7.025540828549648609e+01 7.831451046510444769e+01 8.813609989442907988e+01 9.364692698624428147e+01 8.345354677018650591e+01 7.127120385670919234e+01 5.770841627896842141e+01 3.786643929667118158e+01 5.770841627896842141e+01 7.020414146109230558e+01 6.355066043864130165e+01 5.380355839174843879e+01 4.771386311776961264e+01 2.898471444106173323e+01 4.974240681773323303e+01 6.881492651990548381e+01 6.786067575738162816e+01 5.243416242771432678e+01 6.486898210621804139e+01 5.780876761203830938e+01 4.230832774806937380e+01 5.611160890135537471e+01 7.531070622877957987e+01 7.966523801183352305e+01 7.117371403502721705e+01 5.099995732672590520e+01 7.117367736748484219e+01 7.082713548269659043e+01
8.937358648267968420e+01 8.006963912744505762e+01 6.858228617716099507e+01 5.608797784007461473e+01 3.589434413064004303e+01 5.207160107251059600e+01 3.428471922441447362e+01 5.376335593338460939e+01 4.658954889079256390e+01 5.654308770418537478e+01 7.065152280584175060e+01 9.045020627602102081e+01 8.814420902535790958e+01 7.748725751649504900e+01 5.756711225148425370e+01 4.372119607853111489e+01 3.472637741347450913e+01 5.032612035758177171e+01 5.032599804576597080e+01 5.403489781443108342e+01 3.641394009787384789e+01 2.849774252513583050e+01 2.907654819707162375e+01 4.882063767584824632e+01 4.905673130349249078e+01 5.147627710823477543e+01 3.824850084791438576e+01 5.383738302422412403e+01 3.834887248409611260e+01 5.777999496723385420e+01 6.945934964736142092e+01 7.371742165660855051e+01 5.956007315810892067e+01 6.508828726843599100e+01 4.504954288851482858e+01 5.741459986678509608e+01 6.251771889162950657e+01
