MOVIE_S4_data/elevation_000417.asc
nrows	100
cellsize	150.0
xllcorner	0
ncols	100
yllcorner	0
NODATA_value	-9999
[rows 34 to 50 of 100, columns 37 to 73 of 100]
4.908954189767752752e+01 3.400393976481155534e+01 3.763957333413017636e+01 4.163301350940644596e+01 4.597631107394254002e+01 5.619930274585606611e+01 7.056140925276582720e+01 9.066935867096289314e+01 1.009989103745279380e+02 9.575863709274523217e+01 8.412948180577042478e+01 6.988660302153121506e+01 5.834857892205069874e+01 6.201975445953225119e+01 5.369220677990991675e+01 3.359704747529190882e+01 5.301063307542474234e+01 6.126385347980750140e+01 6.853533906535963638e+01 6.481591443715511502e+01 5.238681552557479648e+01 5.855770031035275025e+01 6.579354124334479081e+01 7.762922315387764627e+01 9.825563928509963318e+01 1.086394319694837662e+02 9.996986000120568860e+01 8.854527708296330957e+01 8.031041921463449285e+01 6.587914636263023738e+01 7.452635068632410764e+01 8.585711978619934825e+01 1.058032868682831804e+02 1.135722201972511272e+02 9.366367407753649843e+01 9.731695808535351944e+01 8.900425343710652726e+01
2.910328830246254483e+01 4.908954189767752752e+01 5.775078440471518348e+01 6.188462787708409252e+01 6.632509701372786992e+01 7.467020399542114717e+01 8.477227533289737949e+01 9.449776180934837555e+01 7.937235539343043911e+01 9.449776180934848924e+01 9.851197311500220621e+01 8.695578471040930424e+01 7.860357436787734287e+01 6.977289600609900333e+01 4.929838140173880845e+01 3.514885320029614491e+01 3.291343424103812509e+01 5.228571146710088158e+01 4.860662067043581658e+01 6.863485793369120813e+01 7.289238552179455155e+01 7.908014081147594254e+01 8.634688071159591516e+01 9.489842693722518163e+01 1.028180238725552158e+02 8.870732035133707427e+01 9.168262393330401494e+01 7.198538027194157962e+01 6.064064452617528644e+01 8.031041921463449285e+01 9.371428612104699596e+01 1.025882322326804399e+02 1.141309923865781855e+02 1.113563207565887438e+02 9.150166687564805557e+01 7.822370666020322005e+01 8.598814097953278690e+01
4.449518276758867330e+01 5.742975001862313178e+01 5.490371643335702601e+01 6.108249388754298792e+01 6.796190941185790280e+01 7.631441478043677762e+01 8.646229751430514909e+01 8.489283631681773556e+01 6.412431940230861471e+01 8.478432161174978887e+01 9.328639941294019877e+01 8.465337558972120746e+01 7.635881881103600222e+01 7.553236126533352035e+01 5.524551165864696856e+01 5.523930675053873784e+01 5.166770331955954987e+01 3.223121767266457027e+01 5.233610621482867487e+01 6.340214535783514549e+01 6.970074180187096147e+01 9.102974421499310154e+01 1.003288618458969239e+02 9.205456382342043753e+01 9.287399129608593285e+01 7.469002158994373985e+01 9.287399129608672865e+01 7.703212323247258553e+01 5.700578448607569726e+01 7.703212323247258553e+01 9.104981149140068908e+01 9.931434144679141696e+01 1.070682824393471435e+02 9.873380794015287165e+01 1.011519834267337501e+02 8.711068872946826502e+01 6.846795257470654406e+01
4.205229779851097049e+01 4.702095402063436325e+01 3.480814160588744244e+01 4.058981483930818968e+01 4.732551874378508927e+01 5.777763971728403902e+01 7.814778883277304544e+01 7.605472545291978292e+01 5.472372466841755312e+01 7.605472545291978292e+01 7.178650369423654354e+01 7.635881882459985093e+01 5.628138290904681185e+01 6.185991979361935478e+01 5.502826323715508039e+01 5.099470860188689159e+01 3.158230553645001848e+01 3.207105142453028179e+01 3.984589142214721136e+01 4.790870203851211073e+01 6.410969709456396970e+01 8.801487742101289768e+01 8.882671431604707379e+01 7.215446945155431990e+01 8.461770249417054401e+01 6.468884907387725036e+01 8.461770249417054401e+01 7.382534255191963268e+01 5.313055711280746607e+01 7.382485067563355585e+01 7.136417796495096866e+01 9.104981149140068908e+01 9.873380794015287165e+01 7.855060194275897345e+01 8.445875221955640200e+01 7.350204766233348153e+01 6.213894196008695303e+01
2.222591833030471875e+01 2.734997592696199931e+01 4.636170937790510038e+01 5.638433693587412421e+01 6.796190551549376835e+01 7.630650863924097393e+01 8.644118168896821430e+01 6.930989410176363208e+01 4.818223837902579731e+01 6.068523862147643655e+01 5.677502873691688023e+01 7.635877933035193621e+01 5.628138275855832262e+01 4.233159102393445039e+01 3.094188937476950585e+01 3.091338673171130225e+01 4.989783485255110662e+01 5.294976844364988722e+01 4.972315657741904715e+01 6.882361628352890648e+01 7.930395921736383968e+01 8.183011493207911258e+01 8.056523898092454772e+01 6.048243814320208145e+01 6.897042851118388285e+01 5.783989308667748475e+01 7.481037537262497494e+01 6.644802578675589189e+01 4.918405674248369053e+01 5.709576527366264287e+01 7.027335227254849315e+01 8.887561557458371908e+01 9.795315696763003643e+01 8.436874070836364581e+01 6.619014670969933434e+01 5.988544322058867664e+01 7.919095774213273842e+01
3.023826051399298009e+01 2.277656825288356046e+01 2.404998116012229303e+01 4.161570680736001293e+01 6.204671570517595569e+01 6.299851008299506105e+01 6.879583667678565462e+01 6.250149747510080545e+01 5.373000991567032969e+01 3.985326903991996517e+01 6.057129246094763175e+01 5.722659724561601990e+01 5.111033478661712337e+01 5.019510981504245706e+01 4.985201485270673771e+01 3.043636960420064952e+01 4.498425643000807383e+01 6.637113502015726851e+01 7.048132886984578249e+01 7.948371903958535256e+01 8.272245332341945812e+01 6.385933382558091154e+01 6.769596753378993981e+01 6.897042846409031824e+01 4.848440010558151414e+01 6.233477842837213956e+01 6.328735842035360548e+01 4.498636834867367895e+01 6.643041476694983771e+01 7.710427760230790284e+01 8.529738812293172145e+01 9.461011713260178624e+01 9.030637621943390059e+01 7.190139498408949237e+01 7.410904854926458540e+01 5.829263972017519535e+01 7.852108965120808648e+01
4.641525821893102943e+01 4.312640945671435588e+01 2.332558118974371197e+01 4.366764724747251591e+01 5.647396222534573695e+01 4.275013581113053363e+01 4.864436980874751981e+01 5.343496890586044401e+01 3.323368803674537730e+01 4.785563840425836446e+01 4.801828828609510680e+01 4.573169945039067130e+01 2.877919620407886114e+01 2.926858865509026941e+01 2.975554206338967234e+01 3.150814956980262949e+01 4.935387909203699763e+01 6.972834170923501063e+01 7.723212340282806565e+01 6.874281170804792396e+01 7.660777865298354072e+01 6.721430849459285639e+01 4.779989745974313564e+01 6.010399485152883869e+01 6.003690254168313345e+01 4.178084110452957844e+01 4.268663325917471951e+01 4.366648924748994176e+01 6.426050507314684523e+01 7.402495183274881185e+01 7.987953485260717912e+01 6.932006685424713055e+01 8.130958162992253335e+01 7.559495422908103990e+01 5.604762813325958604e+01 7.468381201163312255e+01 6.957509028101070214e+01
2.640868274396753890e+01 2.398560906520771852e+01 2.371920334285346854e+01 4.404728433206352634e+01 4.496460894214452964e+01 3.009440823185773795e+01 4.862877580821874801e+01 5.107735643115606905e+01 3.337459097699958477e+01 2.724915062773624541e+01 2.766726883255407898e+01 2.808464937869140599e+01 2.886475242157433740e+01 4.704715786374404729e+01 3.161691141318274134e+01 5.507899059214916804e+01 6.546497929622844936e+01 7.192725148461458673e+01 6.394145733141233734e+01 5.168063597754390770e+01 6.524815124404723576e+01 5.767376035596169004e+01 3.881266155526122219e+01 3.967007147972012149e+01 4.053896904201158691e+01 6.101963734253794058e+01 6.328735841176288801e+01 6.426050649950276750e+01 4.507706375488615436e+01 6.571015357883304375e+01 6.669869734828391472e+01 4.929575177436581157e+01 6.852082047523069264e+01 7.229794681883053897e+01 5.445985067928947387e+01 6.857599862943190772e+01 8.801243782444811359e+01
4.673138083603060267e+01 4.481987810557834706e+01 2.838567187924241253e+01 2.427707092260898492e+01 2.467600332870717850e+01 2.507942933337858094e+01 4.535759846236355486e+01 4.589245198641451395e+01 2.665923303712352066e+01 4.603613162252133861e+01 4.757171064360322532e+01 3.400364290588395022e+01 4.886896303579499801e+01 2.995677952117377885e+01 4.995986419089740593e+01 3.653905344959883905e+01 5.701245398302680911e+01 5.946427991006937219e+01 4.538803610477516770e+01 4.367627835783593326e+01 5.628964180110335036e+01 3.760536938815637598e+01 5.792041951931512500e+01 6.010399502287103957e+01 4.199494511149784159e+01 5.410136783204546163e+01 7.519070681574682169e+01 7.360114968728774443e+01 4.596311932178819859e+01 4.645774439010011037e+01 4.761129882618941878e+01 6.318576832519024578e+01 5.100399048233919785e+01 5.222257183238662748e+01 5.418244512923897815e+01 7.406950155904340249e+01 8.471963249593564171e+01
5.781444757781735433e+01 5.574745482551857378e+01 3.570829326647352531e+01 4.458196670768351311e+01 4.496962200609396376e+01 3.013317688724465881e+01 2.565316339780580890e+01 2.607037519882127086e+01 4.630356762649768143e+01 3.261783039358208214e+01 5.113403180881310561e+01 5.984087057901167128e+01 5.701861199828375248e+01 4.388794117340108158e+01 3.103668756897349468e+01 3.179483893157813057e+01 5.013236615072579383e+01 5.355143259938396483e+01 3.475587751635480060e+01 3.554218842749850182e+01 3.639831026881427078e+01 5.665755075423739129e+01 5.791687925566364470e+01 7.651857088127796658e+01 6.193683554268444880e+01 6.809897859824430100e+01 7.518539863174694915e+01 8.757162166138671466e+01 7.496053135972169912e+01 6.716537053361207654e+01 5.024639168281932911e+01 7.008825689002240722e+01 7.118043171515196832e+01 6.657424432405282744e+01 7.406931038401749845e+01 5.695080714603843575e+01 7.657526549772724422e+01
7.251068735416417610e+01 5.229753348279001557e+01 5.600652385372450937e+01 5.489510501391247033e+01 3.469483897505948278e+01 2.800086006693611651e+01 4.591460502362256335e+01 3.095145245120124855e+01 4.988650156215999232e+01 5.253231415797299775e+01 3.882637463009307055e+01 5.860546921867066317e+01 7.007168898864911455e+01 5.889995026240815434e+01 4.515146032013098676e+01 5.037622758262024547e+01 3.285940778255159245e+01 3.364461270477197274e+01 5.320872694105192124e+01 5.666604053715012412e+01 3.785152888443708719e+01 5.844102776746419181e+01 6.996331433998130933e+01 8.637697353545956958e+01 8.299693907557930572e+01 8.870849495436931420e+01 9.505468431611217284e+01 8.884493783014077906e+01 6.868486493658718928e+01 5.446643290199503440e+01 7.048200324235334335e+01 5.855513892911729812e+01 7.871032102946533371e+01 8.608716329246676935e+01 8.471532311630231504e+01 7.657526549847698050e+01 5.969665386333091561e+01
7.758001196139957756e+01 7.251068735416417610e+01 6.575754969274957773e+01 4.546902636216146476e+01 4.982590763314695437e+01 2.968120103280040212e+01 4.982592174670288898e+01 5.015912117971483042e+01 4.764859789844957305e+01 6.216882572306747079e+01 5.860722500597405116e+01 4.579292615202291472e+01 6.561017131889177278e+01 7.304294841716989595e+01 5.646751706322470454e+01 3.639055752820078027e+01 5.306632649849481709e+01 4.805698653539793952e+01 4.966542394677490080e+01 6.608074604307417133e+01 5.844102776746424155e+01 4.040812231820341793e+01 6.160014848817958466e+01 7.595443921015872490e+01 8.259807061689245700e+01 9.082234427079455941e+01 1.007342263369512096e+02 9.185100484573595736e+01 7.168561835768822732e+01 5.745179505502555628e+01 7.759192331478848814e+01 7.871032247872581422e+01 6.804863104174548027e+01 7.972450955992181321e+01 9.982146180578779138e+01 8.726113179475967740e+01 7.910389075620300048e+01
7.283167586859985931e+01 8.006849461485116137e+01 5.982976221564062769e+01 6.573342184401414556e+01 5.151102831093815126e+01 3.135932655234480038e+01 4.558415979868531309e+01 6.581987917449215786e+01 6.942496238966580790e+01 7.703405726205483006e+01 7.089230737083887846e+01 5.111675817775940800e+01 7.089230737083887846e+01 7.065938024510201387e+01 5.058728920897448234e+01 3.892775384446503750e+01 5.907006368916243844e+01 6.936353054523526396e+01 6.859733629847856662e+01 7.627376176375111072e+01 6.390094104780627049e+01 4.267148591548500036e+01 4.917206236728471680e+01 5.572773484987060755e+01 6.266717640352316465e+01 7.269919024161667664e+01 9.249695099216873473e+01 9.499789352738694959e+01 7.484797433737408312e+01 6.052979866740056281e+01 8.074974902776787644e+01 9.651613286108553780e+01 7.972450955992209742e+01 9.651613286138412207e+01 1.081006226736547831e+02 1.000857685961245380e+02 8.571281918433214742e+01
8.116038401768950905e+01 8.836050222631298823e+01 8.006849461485116137e+01 6.652601372453567308e+01 4.715209502441512512e+01 3.305743244162739103e+01 5.322231107233884018e+01 5.214799616296204476e+01 6.648806538932420551e+01 8.665211806788848037e+01 7.681542341283748954e+01 5.715674871014142866e+01 7.681542341283748954e+01 7.885467698666808190e+01 6.179419737171510008e+01 4.159930047524380115e+01 4.928627681142730665e+01 6.357298638956003600e+01 8.342621948174753754e+01 8.059984880179743527e+01 6.045822837741574318e+01 4.537802217806062544e+01 5.240365411826881825e+01 7.281031433069483683e+01 8.259807061689245700e+01 9.082234427079455941e+01 1.007342263400779387e+02 9.570520312358182480e+01 7.557522601905525050e+01 6.380683590127237181e+01 8.408315542350230487e+01 9.574720123949599326e+01 9.982146196903757129e+01 1.081006393315188916e+02 1.054471150291189332e+02 8.859582023564837527e+01 7.242140406503310146e+01
9.016821534959606765e+01 8.286945492368161581e+01 7.455441892028092354e+01 6.015834645109151069e+01 3.991188374084135404e+01 5.322231293644916406e+01 3.566444516415813126e+01 5.586320361142148272e+01 7.379570790333005448e+01 8.389109936568037540e+01 8.371315437935939485e+01 6.418543706967103901e+01 8.371315437935939485e+01 7.887810376109064237e+01 5.893237228675858574e+01 4.456571972924754732e+01 6.477434177986448560e+01 6.357330124634649593e+01 8.344357417286438761e+01 8.318441499104268644e+01 6.316445137489892403e+01 4.834185756129114964e+01 6.902816295895945586e+01 6.282739274453270184e+01 7.183606577119294911e+01 8.327929427201883072e+01 1.031029886160953026e+02 1.039861305340934194e+02 9.046934875642068619e+01 7.027442449156063731e+01 6.997352635710539914e+01 7.565185585729823003e+01 8.988529899004949186e+01 1.098990851514149796e+02 1.029523074627716710e+02 7.957614600308347974e+01 7.787392410171970880e+01
8.876700727254170431e+01 6.866737206834866925e+01 5.434628078487118330e+01 4.755184792091716872e+01 6.015834645109151069e+01 5.777535626900782972e+01 3.753921346233494916e+01 4.513882982964062762e+01 5.533707064492218564e+01 7.557018731218914809e+01 9.187919064459914864e+01 7.544121557556880475e+01 9.187919064459914864e+01 7.938259031063314808e+01 5.947112558543525296e+01 4.772043429290881278e+01 6.788670079158038106e+01 8.344405062934110617e+01 9.160125220068935903e+01 8.983269037278643054e+01 7.175955755103137790e+01 5.131967204781927450e+01 7.175955755103137790e+01 8.279323623484890504e+01 9.102490602751296933e+01 9.989927059678188925e+01 1.113653581682956855e+02 1.046427580330453395e+02 8.459853040897800724e+01 8.044069516327556357e+01 7.719373174107001034e+01 9.574720123949599326e+01 8.573980728432003673e+01 1.057545951946718645e+02 1.124123329052374913e+02 1.015632119523396568e+02 8.903047702692028054e+01
8.876700727254170431e+01 6.866737206834866925e+01 6.781837287514436241e+01 6.191634489465628377e+01 7.148359536595143027e+01 5.120243452280902119e+01 3.948778202028587003e+01 5.977426169368507658e+01 7.379567822880862593e+01 8.389105540175968656e+01 1.030377732087553397e+02 9.492669439930004671e+01 1.016813049789389964e+02 8.755497363197210348e+01 7.118736545842253349e+01 5.111494814402265519e+01 6.279782792151711845e+01 8.264768685983841578e+01 9.557776933477644832e+01 7.589632145053674606e+01 6.177399622994755646e+01 5.456138627181329781e+01 7.477533076951294788e+01 8.397612051171890357e+01 8.878022118646990180e+01 9.505296029456414431e+01 1.033054513936842795e+02 1.129134455504217414e+02 1.046427580330453395e+02 9.203970249399036163e+01 8.482333241992188277e+01 1.048373548217207514e+02 9.989340128872669311e+01 9.989340128872669311e+01 1.199047690141034508e+02 1.171086088419106943e+02 1.088179586649336699e+02
