MOVIE_S4_data/elevation_000247.asc
nrows	100
cellsize	150.0
xllcorner	0
ncols	100
yllcorner	0
NODATA_value	-9999
[rows 34 to 50 of 100, columns 37 to 73 of 100]
5.031214310644294585e+01 5.006778708379925291e+01 4.070877992793003841e+01 4.980084448616880621e+01 5.653594625323009382e+01 6.161922703139818935e+01 5.151299420245013749e+01 3.144007932176854325e+01 3.559999037121585275e+01 4.105061704161163760e+01 4.302384754702929825e+01 2.371194332243327452e+01 4.410882893407386263e+01 6.000120756983408654e+01 5.201320045910559031e+01 3.758136453907548002e+01 5.770625463780399400e+01 6.980806894251063000e+01 7.587232388148238726e+01 8.299366290245808386e+01 9.132314772656206969e+01 1.029956521279340080e+02 9.466726841062484255e+01 7.492757262529868001e+01 6.975912045572339082e+01 8.886884332455315416e+01 9.353859935669348147e+01 7.373393311150076102e+01 7.673684931196660841e+01 9.229105143945889722e+01 8.412230066999541123e+01 6.907441337551459526e+01 7.318452358829698312e+01 7.835212273694000373e+01 8.463904746927870804e+01 9.210001903868185025e+01 1.034100719897016489e+02
3.041836504153634380e+01 3.812972134131735658e+01 4.839637539896957463e+01 6.190259611692734865e+01 7.395919488611426118e+01 6.572395994145132647e+01 4.565197365600234036e+01 4.564649027153392069e+01 5.487153640675094124e+01 5.347834637045065165e+01 4.279318976987536161e+01 2.449338252902289170e+01 4.484153889581079255e+01 4.644988797959778282e+01 3.188942985644981221e+01 5.201320045910559031e+01 5.770625463780400111e+01 7.775550647476678989e+01 7.878379633786552461e+01 8.701813802064572201e+01 1.054927239638929422e+02 9.745615137727642718e+01 9.466075699453662651e+01 7.492692336816448062e+01 6.072409495255661938e+01 8.070919566226113773e+01 8.506948209935752914e+01 8.509386129520459008e+01 6.515192712001743303e+01 7.986822604698467387e+01 6.416695441318454129e+01 7.179068310057495239e+01 9.161530249020709959e+01 9.806914184335329310e+01 9.447132624478508944e+01 1.116681756874468050e+02 1.197799376189522462e+02
5.030902373751051471e+01 5.781593330903557870e+01 6.596046413580606327e+01 7.583510386104390477e+01 8.968283688914522145e+01 7.397218822467176835e+01 6.572395994131841235e+01 6.568350095498045960e+01 5.884283849618655182e+01 4.746367636610850127e+01 2.758849605430085461e+01 4.065780705482561785e+01 2.567368093340718715e+01 2.650230032467224817e+01 4.672573333951645935e+01 5.612831517647891388e+01 7.020431322715765532e+01 6.479070268084156226e+01 5.899457350854525828e+01 7.878379633786552461e+01 9.423227545790425097e+01 7.779601758957021218e+01 9.423227545790425097e+01 7.536397845540830076e+01 5.528143588875371961e+01 6.872654462538511666e+01 6.510848021006512454e+01 7.323677449300444664e+01 6.007438373210312221e+01 5.983024277723147577e+01 7.986822604698497230e+01 9.161530249020709959e+01 8.585247118372613784e+01 1.055280079879818800e+02 1.140775854456074541e+02 1.222277371149451568e+02 1.154437156444660388e+02
5.580046301441198864e+01 5.855014858275451672e+01 6.517511275900174894e+01 7.351149033653689457e+01 8.357805660071645093e+01 8.501711048199783249e+01 7.502310678748449391e+01 6.677927211481402026e+01 5.079344179127317460e+01 3.067934354600902935e+01 4.189249008326138579e+01 5.326936707775270463e+01 4.594500097358666579e+01 4.672573333951802965e+01 2.768603784288359648e+01 4.196691272641309922e+01 5.486676307875259795e+01 4.494743936291888531e+01 5.899457350854525828e+01 7.878379633786552461e+01 8.613431405778827354e+01 6.622260998290573752e+01 7.549602195962255280e+01 7.034343532767523755e+01 5.018877273750916146e+01 4.853162635291608495e+01 5.077440560857677809e+01 5.308289820092445410e+01 5.578862935480658081e+01 7.590044999192014075e+01 7.406402081920577984e+01 9.388081702668631578e+01 1.055280079879818800e+02 1.136843582805690005e+02 1.142263878289798100e+02 1.097077649585997676e+02 9.575984300273825056e+01
5.016656568703032093e+01 3.888064922390857703e+01 4.532022215295759793e+01 5.510550751618772836e+01 7.524677700652534895e+01 7.680874490973104685e+01 5.674979931990033322e+01 4.665368452211457395e+01 3.955134995389525443e+01 3.286894715823205360e+01 5.295965157378641663e+01 7.024859899832111410e+01 6.057111399577604516e+01 4.046512565336825418e+01 4.785497044161285629e+01 2.886211100295626153e+01 3.494734510064620991e+01 5.486907102188015273e+01 7.135947852685745829e+01 7.566353933127147968e+01 8.388331337505822205e+01 7.549602187839670364e+01 5.540622317138912933e+01 6.560907675262100724e+01 4.541491145355387715e+01 6.561120991654320278e+01 7.092264074632645077e+01 6.740123110190987177e+01 6.748496525471530560e+01 8.410209269801231358e+01 9.388081702668631578e+01 1.020417210596366004e+02 1.204248751112961031e+02 1.085120912763786123e+02 9.466372651365270485e+01 1.015223850438927968e+02 8.178108528310798420e+01
3.047590236405070740e+01 5.016779748913570103e+01 6.517614226135559363e+01 7.351149033653689457e+01 8.357805661185562940e+01 8.501711050561215188e+01 7.502310678748449391e+01 6.239406675858544560e+01 4.226975890979022665e+01 3.519006096265885475e+01 4.939533621639738215e+01 6.948360029209202082e+01 6.057111399577608779e+01 6.057111399577606647e+01 5.728202457872238540e+01 4.899089278636190414e+01 3.003616994901669912e+01 5.013778718467751361e+01 5.130036182248421284e+01 5.560320707131579354e+01 7.233801360392581614e+01 8.066545690211989950e+01 6.065092563852703478e+01 4.633714995043728635e+01 4.346061569632973942e+01 5.515549435550491353e+01 7.556354878827735888e+01 8.732504723982287942e+01 8.739620004141872300e+01 9.556597994951451369e+01 1.021812324641258556e+02 1.007104138312593733e+02 1.007104138312593875e+02 1.003934973548562510e+02 8.069672559954435087e+01 8.793616509500461120e+01 8.412363852488988414e+01
2.757312287834217912e+01 4.773399951259973761e+01 4.974234972921708930e+01 6.393513609065568915e+01 8.396666388172302220e+01 8.807904414468271170e+01 6.815014881475329389e+01 5.390730241853941607e+01 5.779152614678026367e+01 3.768896271406516973e+01 5.190907846189131902e+01 7.199301112758925569e+01 8.057208249438697578e+01 7.456782254624117456e+01 5.773863171680272188e+01 3.762868733072345151e+01 5.013778718425287906e+01 3.121426208169528493e+01 5.130036178045519080e+01 4.396863344052231781e+01 6.408170118188849074e+01 6.982973245828472386e+01 6.091904238343370537e+01 4.077237050009183861e+01 6.091769198654848338e+01 7.188446984134935747e+01 8.391765996850782017e+01 8.241143046843636455e+01 9.082894940431683040e+01 9.286357413581293940e+01 8.241549429793721515e+01 8.093721520116611146e+01 1.007104138312593733e+02 1.001862278195335705e+02 8.793616509500461120e+01 6.805611095073598449e+01 6.417586142327098742e+01
4.767153905497234234e+01 3.333454315525129630e+01 5.342340721546720772e+01 6.829368795726466601e+01 8.060169010871713624e+01 9.386549544158526714e+01 7.398715930035253052e+01 7.398718711533271630e+01 6.038910770287960617e+01 4.026538399025442772e+01 5.548511925817707180e+01 7.406614114763002021e+01 8.047182924560343054e+01 6.045716897959660940e+01 4.619581247262176049e+01 5.773863171680272188e+01 5.958845112840195668e+01 4.541408098917015934e+01 3.239012928171930383e+01 5.246941609398898265e+01 5.463087361732686986e+01 4.972461036416213176e+01 5.660141444606832550e+01 3.900201642012069669e+01 5.865363526728852861e+01 6.644090374811470667e+01 6.808879397441208425e+01 6.215621663667264585e+01 8.241143046824386431e+01 7.299697689516484900e+01 6.828771819377855934e+01 8.820474497165540129e+01 9.733710711126306592e+01 8.616104485549993797e+01 7.213586190152305733e+01 6.089977146685309606e+01 8.092395309003100579e+01
5.250016738633794944e+01 5.342340721546720772e+01 3.985972311819070768e+01 5.151729512768541497e+01 7.166965066824910480e+01 8.627631312830794741e+01 8.717515735350325201e+01 7.565819188366435810e+01 6.308812561197965607e+01 4.300962202938354295e+01 4.340111847638321052e+01 7.258063231404523208e+01 8.047182924560343054e+01 6.045716897959660940e+01 6.045716897959660940e+01 7.456782254624117456e+01 7.376271173396038705e+01 5.994161039065564012e+01 4.778475324503810384e+01 3.356974704572564860e+01 3.454685358195362710e+01 3.552520198949071073e+01 3.650648414910790507e+01 3.770677346754563075e+01 3.890949794615715973e+01 5.902976859705670165e+01 4.900489098569298108e+01 6.808883141259789795e+01 7.094592929583080831e+01 5.875153665206907050e+01 7.881576850784864519e+01 8.492234566287586972e+01 8.328855065826682846e+01 6.923999419414681711e+01 5.787545725285113463e+01 7.795522594807603411e+01 7.511652315920105139e+01
4.613715965096767491e+01 6.618796564155096007e+01 5.995484701383320214e+01 4.773624584502511681e+01 5.779049990827492422e+01 7.808659157795686667e+01 7.899774533118839770e+01 5.895882655690409990e+01 4.729849990117686787e+01 5.026840014764906073e+01 6.885100585725741951e+01 8.136266580853940411e+01 8.867847611288580367e+01 8.047182924560343054e+01 8.047182924560343054e+01 7.851833488128276883e+01 7.997258782611226025e+01 6.559124472842889020e+01 5.518725747990386310e+01 3.515576753092309303e+01 5.462296807918514219e+01 5.561255159666238512e+01 4.316687587497160195e+01 5.780841420157165089e+01 5.903211954510075543e+01 4.062423207026449745e+01 4.184835193250737717e+01 6.201818985626594127e+01 5.077319587385660071e+01 7.094592929580886675e+01 6.932685503691368467e+01 6.494474459425049417e+01 7.227972342887700563e+01 5.493864741590096656e+01 6.923999419414681711e+01 8.616104486052823574e+01 9.494432919157223694e+01
6.288625960470611176e+01 7.445937267231600742e+01 7.499942165052534904e+01 5.484676245022015451e+01 7.499942165052534904e+01 8.649920526398568654e+01 8.449376268728074990e+01 6.483186371387560598e+01 5.055618996876832938e+01 7.021835802272087790e+01 6.287979503607524379e+01 7.704427487192693036e+01 9.685348416524460902e+01 9.769700386492482380e+01 7.851833488128276883e+01 5.718550247088236915e+01 6.892665101698939623e+01 5.163819023657136142e+01 3.741897177265974506e+01 5.524100980745697598e+01 6.349559810557899198e+01 7.044282418743003404e+01 5.029684984176216034e+01 7.044780490058484190e+01 6.077355503029787087e+01 5.489639880664196880e+01 6.200401208247289020e+01 4.361832244618214105e+01 6.381379079609601490e+01 6.725876140869335984e+01 4.911718469402538290e+01 5.059822556103073765e+01 5.210004869923053406e+01 7.227972342887700563e+01 8.328855066047999856e+01 9.733710712681312316e+01 1.059370600074491051e+02
6.853268385259555373e+01 7.675089771374030079e+01 8.353170796576759471e+01 6.645519832354722212e+01 8.370788747630138005e+01 9.787430680961681162e+01 8.734565570751722419e+01 7.409995074847297758e+01 5.397717245327005742e+01 7.410238490410776535e+01 8.284625794396730214e+01 9.102356792199772428e+01 1.010308658578839953e+02 8.109305992403984931e+01 6.893797104854343161e+01 6.897800219682955003e+01 4.799417170051331993e+01 4.351580001558658495e+01 3.907350111594718811e+01 5.926156492072010451e+01 7.057989188908457834e+01 7.871777021225946669e+01 6.198407568913754062e+01 7.871777125946728404e+01 8.081682639112318611e+01 7.515386634593146198e+01 6.701061888993693572e+01 4.706721715100537295e+01 4.561589138712652414e+01 4.704271620219929417e+01 6.725871365014846504e+01 7.079604501409282591e+01 7.227952059240486449e+01 5.539847237897627963e+01 7.552310242923914529e+01 7.797773502596804462e+01 8.846040706911441021e+01
4.847286898590235182e+01 6.269789142365647905e+01 8.252726887169228576e+01 8.700909616151113823e+01 9.620468607265915750e+01 9.010557867582942038e+01 7.006782107893698708e+01 5.996588400415814135e+01 7.410238490445377124e+01 6.410921208308784003e+01 7.829427745836517261e+01 9.810108722663478886e+01 1.091520307276908142e+02 9.769700386492482380e+01 8.951976823492853441e+01 7.574930045363319664e+01 6.327993152875809812e+01 4.321282291568539335e+01 5.926157274064413372e+01 4.218281709471519747e+01 6.233471473141406705e+01 7.780128716523931587e+01 8.201420311331105495e+01 9.026231611196443794e+01 9.258820678320628872e+01 7.275440027296335188e+01 5.865314311270816461e+01 5.103780353802743974e+01 6.582564903340143303e+01 5.877804088195009058e+01 6.725511111547557164e+01 8.719870123215333990e+01 7.973712740467759374e+01 5.975138931928098884e+01 5.936612890764059358e+01 6.380363185407068016e+01 6.857149397840296956e+01
5.623037328956556991e+01 5.456540560497116132e+01 6.873092381852683275e+01 8.835673704117937177e+01 1.007747775543381152e+02 9.846322471253435538e+01 8.486795937190416339e+01 6.488555279163071532e+01 8.486795937190416339e+01 7.571512638686178320e+01 8.409555772582613997e+01 1.038760421557578439e+02 1.050005683141297652e+02 9.433156492532057769e+01 8.024913798243940732e+01 6.752094797721143493e+01 4.744504536925374794e+01 6.327993152875809812e+01 6.478829804354171529e+01 4.465879733513881433e+01 4.959879283134556260e+01 6.964310577226758880e+01 7.778895461872906480e+01 9.746466030878808340e+01 9.473451664889000767e+01 7.492925435037216175e+01 7.494499628844708639e+01 5.507068929374482735e+01 7.497730648658104258e+01 7.883284841434169721e+01 8.698014796245912805e+01 8.635132781476791308e+01 6.650882599302299525e+01 7.395706760874566044e+01 7.941497113504107119e+01 6.461198341456663741e+01 8.456745743986057562e+01
6.627134699441045029e+01 7.455623162970526607e+01 6.129170266654939070e+01 7.282834011447344835e+01 9.260868158252225157e+01 9.627055277535806965e+01 7.648652236338142529e+01 7.201872286521079047e+01 9.189573938245268891e+01 9.554343982952298120e+01 1.037240926727628931e+02 1.055027643141168596e+02 9.408295819113058656e+01 7.696858400604412509e+01 6.616671103955837907e+01 5.190651911903088944e+01 6.752094797721143493e+01 7.576777645931822747e+01 6.725014332111194904e+01 4.717251655917243625e+01 6.724059758998323844e+01 5.783131887283600037e+01 7.199942641042953539e+01 9.176611213894754826e+01 1.027802168614976779e+02 8.640873791852432362e+01 6.654271562056628397e+01 7.497768674491727836e+01 6.231832492690053726e+01 8.227540931147902370e+01 9.354394713201810418e+01 7.384614814562263518e+01 8.635132790665065272e+01 9.369069906462370056e+01 8.254653994980171205e+01 6.843536337858645879e+01 8.832655966387126512e+01
7.778187995459316539e+01 8.819309974852212974e+01 6.838108882285681034e+01 7.282834011447344835e+01 9.260868158252350213e+01 1.043809706703056150e+02 8.797068831680635981e+01 8.611163781551763918e+01 8.611164686665622980e+01 1.058597739801090825e+02 1.096124911490575187e+02 9.733870326972774478e+01 7.753006635128947721e+01 6.592605032794033093e+01 5.685927852589612286e+01 6.616671103955837907e+01 8.024913798243940732e+01 8.388712768264817043e+01 6.393078980380213494e+01 4.972968502021899440e+01 6.977586584086618871e+01 7.778895461872906480e+01 6.941709604154529245e+01 8.348617446918689211e+01 1.030392781143341949e+02 9.457088103666745837e+01 7.804315232959234550e+01 8.784028282988927572e+01 6.780943608914748211e+01 8.784028282988927572e+01 9.278923021440516550e+01 7.962513879844128439e+01 9.932359325743782108e+01 1.104357020878496058e+02 9.649959078917579802e+01 7.739847262331720401e+01 7.513086374038762472e+01
9.179126270878010985e+01 9.636056005312777017e+01 7.727960632096851157e+01 8.427775654374961789e+01 1.007747775553552856e+02 1.157023908012197495e+02 1.076083784737073614e+02 1.058595358464870344e+02 1.058597739801090825e+02 1.140702309325973829e+02 1.014528067910392650e+02 8.170292338027373091e+01 7.170095092908539414e+01 6.344555559233690190e+01 6.592605032794033093e+01 8.517896211988870903e+01 9.433156492532057769e+01 8.648350552136963643e+01 6.654411876414289395e+01 5.235020917409101315e+01 6.654873004440408124e+01 8.659243570119090805e+01 8.921314593360713729e+01 8.921314593360713729e+01 1.086630588216816733e+02 1.056994480915894599e+02 9.744696671153586465e+01 8.666839133798497130e+01 7.489205842493990417e+01 9.505086440817073878e+01 1.052700478656429226e+02 8.851897112570931370e+01 9.360678911558713367e+01 1.131251793501245260e+02 1.053360045972318773e+02 8.885153150505713882e+01 9.492440762564115175e+01
