MOVIE_S4_data/elevation_000981.asc
nrows	100
cellsize	150.0
xllcorner	0
ncols	100
yllcorner	0
NODATA_value	-9999
[rows 51 to 67 of 100, columns 0 to 36 of 100]
1.045510899316130261e-02 3.661938825694276645e+00 7.375845589235329847e+00 1.129816829199904404e+01 1.556218261911129019e+01 2.133568531100764787e+01 2.889497477119232727e+01 3.889497477139843085e+01 5.889499949592644157e+01 7.180386726211479242e+01 6.340093891762370504e+01 4.620817838367822361e+01 2.702144995677029726e+01 3.802692989339945484e+01 2.440800892153327339e+01 4.355384523806007735e+01 5.168973552698351170e+01 3.166371722782169229e+01 3.752013599006934896e+01 2.231589884457913442e+01 4.240019111769152005e+01 5.766286771973735625e+01 3.879684928404835631e+01 2.678272007981687608e+01 4.333648829634057620e+01 4.862849267499566253e+01 5.647595062571041780e+01 4.387077299884236936e+01 2.387146944287860251e+01 3.375404329763465938e+01 1.410629574736714176e+01 3.425963236611692508e+01 3.666725944303240681e+01 2.516931495209705005e+01 3.181148811894260220e+01 4.854807768029704818e+01 7.075919856220005499e+01
1.199560344128819747e-02 2.001196676748248393e+01 2.737583866323479498e+01 2.544030393712821336e+01 2.970431827347725218e+01 3.189211456475705475e+01 4.133569300090625376e+01 5.717961847983357870e+01 6.717982218550395146e+01 7.212844820596367867e+01 5.271594716360784361e+01 3.912202794889878987e+01 3.657550952266232258e+01 4.766558163949591886e+01 2.837982842523048177e+01 4.766558163949591176e+01 5.981061829942395036e+01 5.168801726699510368e+01 4.593745820923963663e+01 2.588807694543535121e+01 4.593999762229350381e+01 6.471041509373513634e+01 4.957329943670790584e+01 3.138147965072107226e+01 4.084139907200361108e+01 5.980767153439145289e+01 5.817522125191201354e+01 3.823241087131407312e+01 4.407352620508665098e+01 4.262030283419552745e+01 3.436532598865068877e+01 1.461050669501494959e+01 1.674182316471022602e+01 3.726193975326404484e+01 5.237262699088262963e+01 6.068023515108359334e+01 5.677786539771795304e+01
1.680456789927393946e-02 1.156380995169168990e+01 3.156380992005424346e+01 4.544031855817663512e+01 4.970433684468416402e+01 5.189214259107048832e+01 6.017689896564025531e+01 6.962086980980402018e+01 7.116912547640735909e+01 7.335702757293067577e+01 6.656066708904592133e+01 5.840173707907035094e+01 4.767750089387443779e+01 5.209168525295693541e+01 3.279874689198040016e+01 5.209168525295683594e+01 6.619119249923043924e+01 4.630238796857812389e+01 3.207728867039359955e+01 4.593999762229350381e+01 3.662108330029044367e+01 5.664120005252469525e+01 5.555044220661509513e+01 3.664905756847542762e+01 5.555044220661509513e+01 6.797660070248329589e+01 6.646987102436177963e+01 5.817522274495502899e+01 4.881338679595546637e+01 3.771040347980755314e+01 1.750905417960904131e+01 3.470132327800040173e+01 1.512550232887825175e+01 3.179602647139531868e+01 5.337851583747898587e+01 5.524119189764843441e+01 4.099149366299640462e+01
2.570751284471603157e-02 2.002570751284435957e+01 3.984805932472666257e+01 4.340004843534929790e+01 4.631734807240943752e+01 4.631747876862072388e+01 5.460295721704530791e+01 6.529195779012637502e+01 5.113138277942750420e+01 5.332421149102617619e+01 7.335702757293067577e+01 7.522362342690475145e+01 6.699218573980471092e+01 5.689972041868715280e+01 3.766757976018882914e+01 5.689972041868715280e+01 7.085895175094894682e+01 5.105532588803412608e+01 3.679651212962951234e+01 5.685567365484872226e+01 5.664120005252469525e+01 5.302447145162765452e+01 6.373405607028786335e+01 4.725711392306023839e+01 5.193568675397802537e+01 7.163425779562142282e+01 6.339308944256592326e+01 4.351183360095652120e+01 4.058431267010737287e+01 2.049917299173077012e+01 3.759420574656096647e+01 2.526842543923890005e+01 1.549064112935292847e+01 3.576460935412319486e+01 3.893263498750499707e+01 4.069451318230252923e+01 2.576884890006530782e+01
2.050012024463924304e-02 1.416263574397571468e+01 3.416263574397641634e+01 2.340004823919074539e+01 2.631734806912366409e+01 2.631734871348515270e+01 4.631738961867584692e+01 5.552048051559282271e+01 3.658747546081487911e+01 5.573000533774034437e+01 6.239770471410107433e+01 7.068114425324134231e+01 8.068069278266847277e+01 6.368261724513589428e+01 4.449768787685333393e+01 4.981392328635764244e+01 6.909267117514909273e+01 6.492756512043050066e+01 5.685567365484715907e+01 4.502711926007910392e+01 6.501616906619116776e+01 6.707794242886900804e+01 7.510157148514318237e+01 6.687934182982476727e+01 7.163425765347803065e+01 6.880185283151853071e+01 5.475051646232078895e+01 4.351183360096111130e+01 2.354919470291427430e+01 4.058431267010079324e+01 4.811747781386456779e+01 4.130041813009572138e+01 3.531970432946674521e+01 1.600998727934477017e+01 3.578740714328495898e+01 1.707684271205078375e+01 3.749887423968601041e+01
2.927968592160756431e-02 2.002927968592125296e+01 2.525791261591800918e+01 9.257912615434140235e+00 1.217521244539205583e+01 3.217479196779419226e+01 4.019335386558154255e+01 2.461864596521230908e+01 2.989748134249502698e+01 3.570829232211490023e+01 4.239460658501879919e+01 5.239769848682097120e+01 7.239771094138130536e+01 7.187448354499555592e+01 5.301764259671582380e+01 6.909267119238916166e+01 6.909267119238900534e+01 7.884034167960734862e+01 5.929000928112482427e+01 5.410033183761812126e+01 7.300371680601676871e+01 8.638823159054450684e+01 8.791957506057217131e+01 7.521530599636965064e+01 6.701687943691752025e+01 5.788796108215204583e+01 4.069905305612535784e+01 2.664961895152015003e+01 4.351183360096111130e+01 5.173753613411536634e+01 5.879309110011365647e+01 5.060556033562528455e+01 4.288206601042094945e+01 3.247997282694272059e+01 1.653405614754120379e+01 2.141063382400239945e+01 1.763111222314756077e+01
2.800573862316051849e-02 2.631783958239642729e+00 5.257912615434105597e+00 2.525791260515178038e+01 3.217521244375681988e+01 1.676352712280321100e+01 2.019349882565332877e+01 2.475304765470213653e+01 4.384503342996432451e+01 5.573000533774034437e+01 6.239770471410107433e+01 7.068114425324134231e+01 8.068069278266847277e+01 8.059530663614818025e+01 6.654252333419363197e+01 8.059530663614818025e+01 8.884325552363834788e+01 8.671742432380429477e+01 7.884034167960797390e+01 6.569480372875773355e+01 8.174606535911463823e+01 8.207357102756128597e+01 6.808175341086668197e+01 6.701687943691658234e+01 4.708665771140882583e+01 4.966184024579342093e+01 2.982566370350864204e+01 4.070135485213059212e+01 5.475052056079884721e+01 6.785697213778198034e+01 5.066968449544771147e+01 3.281747845902831529e+01 2.822433011722112539e+01 2.666920915404556780e+01 1.842547279747689970e+01 2.614947058839584315e+01 3.758125007733625722e+01
3.653205470537677219e-02 2.003653205470488530e+01 2.525791261591793102e+01 1.940004823916548204e+01 3.940004824108068959e+01 2.831053095762222327e+01 4.019253964415495517e+01 3.801048941079480414e+01 3.652663833510753477e+01 5.058187746098977300e+01 7.057671321781545259e+01 8.128678616052022221e+01 7.298891486199538292e+01 8.128678616052022221e+01 8.623652536489981912e+01 8.964902521755253417e+01 8.122817957308916448e+01 8.964902521755253417e+01 9.281979782901613873e+01 8.498373867625912226e+01 8.726840837233132220e+01 7.389211684908271138e+01 5.391510264083471782e+01 6.125754369997557802e+01 5.292408450425635635e+01 3.308303936855003968e+01 4.376025246116883238e+01 5.785458035504326091e+01 6.888182795007155335e+01 5.960354835558155884e+01 4.081214021431248540e+01 5.056944664151560431e+01 4.110268985926190766e+01 2.118823773752005835e+01 3.932618937447797691e+01 4.338177424087182033e+01 4.365443146836479826e+01
4.500159517621803856e-02 2.004500159517586155e+01 3.649531859502806697e+01 3.940004824337132305e+01 4.768432022380221724e+01 4.831039734590136447e+01 5.657577538423671371e+01 5.793086873130619807e+01 5.643822926545274754e+01 6.472072806377008192e+01 6.077955840748692395e+01 6.391356975335014567e+01 5.228280557007709461e+01 7.194327749956013918e+01 8.218592535360342310e+01 7.926647181084781835e+01 6.028272953790299482e+01 7.926647181084781835e+01 9.123069188452058143e+01 9.715145256424088416e+01 7.910680761325623678e+01 5.915429893655812776e+01 4.757102310449955951e+01 4.130128551224252220e+01 3.653225270462394292e+01 5.224978045728067144e+01 5.281642981565031647e+01 7.094003067340014468e+01 7.216283606263949935e+01 5.236327133390096122e+01 5.867606402561109746e+01 4.620073848348221190e+01 2.409017076062413310e+01 3.610993058938431943e+01 4.011031548373502176e+01 5.887182493334528743e+01 5.219858220030849338e+01
4.567435126880908108e-02 8.210640160546262223e+00 1.975764555111936360e+01 3.975772174581816643e+01 5.952279797977818987e+01 5.834038236183876336e+01 5.004242008726125590e+01 4.785221886576008643e+01 4.975980547896352846e+01 5.720224056707213833e+01 4.272180805744569199e+01 3.816930902847362006e+01 4.608405849541814092e+01 6.402887604581786718e+01 6.136732574023117337e+01 6.136732574023117337e+01 4.976296034303918958e+01 6.192445753365853989e+01 8.281882082807088352e+01 8.901563292973375496e+01 6.919798229677877544e+01 5.915429893655812776e+01 6.093576576720929694e+01 4.098338439659422505e+01 5.641744119036774663e+01 4.711597091596135556e+01 6.703878643178079244e+01 8.024297636085908891e+01 7.216312038750668023e+01 7.216312038750668023e+01 5.393508575480318967e+01 2.792597652473345704e+01 2.615047115621796792e+01 4.516405046617321517e+01 4.711664989377040058e+01 6.527082687184174858e+01 5.137045950596405675e+01
5.351880592384315738e-02 2.005351880592348834e+01 3.649509939582539886e+01 4.804249044727559692e+01 3.951900228122046599e+01 4.319113598302939749e+01 3.003240165087663982e+01 2.784375050524538153e+01 2.877056498596962086e+01 3.795458173531398671e+01 3.144541470226507229e+01 3.102475467426571853e+01 4.161093898653300727e+01 5.764726932741606902e+01 5.433747494143158718e+01 4.087196482236108608e+01 5.250420231681511751e+01 6.740045719057414431e+01 8.813880110829015280e+01 9.715145256424088416e+01 8.726840837233133641e+01 7.247611538952831722e+01 5.248764350656343680e+01 4.452670483717690075e+01 6.452812728733513836e+01 6.704162136439902042e+01 6.123599213833090005e+01 8.105765018008607115e+01 9.221929443245274172e+01 7.601902731619389897e+01 5.393485459920728431e+01 5.255292319480583529e+01 4.588498965150402142e+01 2.896753259547006820e+01 4.030011145899521807e+01 6.056464576027968860e+01 4.403403723911134904e+01
5.706225480597197641e-02 1.419920129007551246e+01 3.419979371980371496e+01 3.906619839080782697e+01 2.537609812075479709e+01 2.318819553001880962e+01 3.082765305167104586e+01 1.369952367557480066e+01 1.579609377567445350e+01 1.795228125838893973e+01 2.337717824534739108e+01 3.526093626162311523e+01 4.636589379734176219e+01 4.960506077554769888e+01 3.428998881341574645e+01 5.433747494143158718e+01 6.445248461477831370e+01 7.098548459441502700e+01 7.932352127867979164e+01 8.935168178305501385e+01 8.651559947717150578e+01 6.666077067170533610e+01 6.824878384002757059e+01 4.821243511303374873e+01 6.824878384002757059e+01 8.458466936970444294e+01 8.105765018008607115e+01 8.919974081884411987e+01 8.855457253348683366e+01 7.419664430506422548e+01 6.402814854299985825e+01 5.200437854862538245e+01 3.189960260863254149e+01 4.886491142645385821e+01 5.726732992470608252e+01 6.897297909377884650e+01 5.399010914197306477e+01
5.506323356023958698e-02 2.005481305117243807e+01 2.329035884186054872e+01 1.906538620479323853e+01 2.658449352046587677e+01 9.045949269105557633e+00 1.082769088185506945e+01 3.082825140212836601e+01 3.580369262433860911e+01 3.795458173531420698e+01 2.142344243633773004e+01 2.393879187446832901e+01 2.656073199150351627e+01 2.971375913518994238e+01 4.420690345395720300e+01 4.070233070847425694e+01 4.535334657195849672e+01 5.140118529543367032e+01 6.098776060117176456e+01 8.098320858765828234e+01 9.466327332149144524e+01 8.651559947717150578e+01 7.360439293208915501e+01 5.356553861210272061e+01 5.641004762682342744e+01 6.803152373126337693e+01 8.787012606440568163e+01 9.071813272037927334e+01 7.899154864139892140e+01 5.983429679347229779e+01 4.544141533460036442e+01 3.534832743650604669e+01 3.663823986365383689e+01 5.096589249375925590e+01 7.131191339369703996e+01 8.230496774951578232e+01 6.812353885034430334e+01
6.166659562896406599e-02 1.673312523679726382e+00 3.290216690588616100e+00 4.923209852444075274e+00 6.584119449518881062e+00 2.658442221255321769e+01 3.082832179653489391e+01 1.648419932997361315e+01 3.529439308546648846e+01 4.991760413277806663e+01 4.347653343505351842e+01 3.390063588237644154e+01 3.804861592495574030e+01 3.437562149693642510e+01 5.426134953089625412e+01 5.951885286857885404e+01 6.445248461477831370e+01 6.080972855358239570e+01 7.108778220659770852e+01 8.935168178305501385e+01 9.692806909000013604e+01 7.722482475344656905e+01 6.307364919270455061e+01 6.519927064710125819e+01 6.403467266216422615e+01 8.393969491186449261e+01 9.600465060239623938e+01 8.233470176918332584e+01 6.199817426142826093e+01 5.023409446335180206e+01 4.114558391232454682e+01 3.882103753278448721e+01 5.692510404518782252e+01 4.455659548285174054e+01 6.490731164864811831e+01 8.240690399529192689e+01 8.818444747205744250e+01
6.211000661219646946e-02 2.006211000656236720e+01 2.329036197511246087e+01 1.906368369767044513e+01 1.290867480610843643e+01 3.290400740859500672e+01 4.061819796802786442e+01 2.065363888930284375e+01 4.061823128310255271e+01 5.554618391676227418e+01 6.205223600241058080e+01 4.794513151819669616e+01 5.210240405421806997e+01 5.426134953089625412e+01 4.324411778699838749e+01 5.472100583305936539e+01 7.472213463570437852e+01 8.066431420983725786e+01 8.901815163067371373e+01 1.004376122376767597e+02 9.692806909000013604e+01 7.722482475344656905e+01 7.722482475344656905e+01 7.932128035652247888e+01 7.407382780420165602e+01 9.208013427300991793e+01 9.627316141988943343e+01 8.455975179316364176e+01 6.847201769998484622e+01 4.811164275308055949e+01 6.148847444239256532e+01 4.240262166700315305e+01 6.275336074694233446e+01 6.490731164864811831e+01 5.365429185032994042e+01 6.806213030052791169e+01 8.837351076572888076e+01
7.336735264618567121e-02 2.007336735264583183e+01 3.730066137416125116e+01 3.901498968732009587e+01 3.290401793673294151e+01 2.359910467793903166e+01 4.358914272586159910e+01 3.477185549827930089e+01 2.731398391012306703e+01 4.727035496960883876e+01 6.369727979736560286e+01 6.788723039800053982e+01 7.207289454526673467e+01 7.146988588462170355e+01 5.317676149491603610e+01 7.146988588462170355e+01 8.302492366560585424e+01 8.779788809192022825e+01 8.775362671506910317e+01 1.065797253137477014e+02 1.050540609157894920e+02 9.692806909000013604e+01 9.692806909000013604e+01 9.900327628024625426e+01 8.806957013755165065e+01 1.019281102848140392e+02 8.789694010333619190e+01 6.758128468620687102e+01 5.580685331070967692e+01 6.847201769998484622e+01 6.646996702437452598e+01 4.611327606859819639e+01 5.786651549978600428e+01 7.822250036719043464e+01 6.277037460584167405e+01 8.240690399529192689e+01 8.450487481790894151e+01
7.164818186532601052e-02 9.015920465938089379e+00 2.315816354336063299e+01 4.316008484812623891e+01 5.184678354419548185e+01 3.514564301998666451e+01 5.184678354419363444e+01 5.473263099355236250e+01 3.883380599587002280e+01 3.546105586828900158e+01 5.541756619350473301e+01 7.437669805729440498e+01 8.592052990688907244e+01 8.147472782889403220e+01 7.317219313716344686e+01 8.147472782889404641e+01 8.652462074749871590e+01 6.844968737888426347e+01 8.652462074749871590e+01 9.575510910303492551e+01 9.338001510851498210e+01 8.510638903463760130e+01 8.987387267823498860e+01 9.815394122709206215e+01 1.076534714146458214e+02 9.872693295036708605e+01 7.846587158296637199e+01 6.670917403510200927e+01 7.022089246155800879e+01 7.390814931586277226e+01 5.353784817644593375e+01 5.254037274477026642e+01 7.291206025526469148e+01 8.661277494066290217e+01 7.453365139847061016e+01 9.148831372873075907e+01 8.450487481790894151e+01
