MOVIE_S4_data/elevation_000776.asc
nrows	100
cellsize	150.0
xllcorner	0
ncols	100
yllcorner	0
NODATA_value	-9999
[rows 68 to 84 of 100, columns 37 to 73 of 100]
3.376528548548119346e+01 4.913876385791007806e+01 4.402836819191107764e+01 2.372392353749833305e+01 4.223906772242084173e+01 4.841027688316652444e+01 5.877756279859018917e+01 7.156704163331799862e+01 7.814718892518422422e+01 6.987023276399267502e+01 6.149124299687089490e+01 7.543583175061608870e+01 9.551247919618249682e+01 9.554566914306805359e+01 1.039433131989881787e+02 9.863620198958663821e+01 1.070329386061641230e+02 1.133549254320658122e+02 9.333648115035045123e+01 9.700993412055304077e+01 8.574128931604900572e+01 6.575912624840017884e+01 8.574128929726821013e+01 1.050934064308844285e+02 1.015302097577572624e+02 1.098563474450227773e+02 1.240929422041714503e+02 1.040156846047657666e+02 1.098961771985613609e+02 9.722402708280063166e+01 7.743336932073975731e+01 6.983501081463802507e+01 6.286612566004727398e+01 8.277581605471725368e+01 9.365636003299508161e+01 1.025087622656994029e+02 1.106642810566187336e+02
6.065880241836647713e+01 6.195212736810184140e+01 4.024751269220115546e+01 2.414957712425496794e+01 2.726014372955930654e+01 4.791297342408647353e+01 5.444477197154019166e+01 5.195208601586911357e+01 6.113597585633412024e+01 5.033984058552101715e+01 6.987023276399267502e+01 7.737064986646127807e+01 8.443472897832072022e+01 9.277657188154960011e+01 1.044137810549679131e+02 1.139083656296010361e+02 1.196922708167004714e+02 1.111603983171700492e+02 9.114861993643944515e+01 7.698924656742784123e+01 8.262059973930867329e+01 6.269758112809050488e+01 7.675774718239026129e+01 8.738104658600867936e+01 8.152027130469171823e+01 1.015302097577572624e+02 1.161948969434998986e+02 1.098961770879283506e+02 8.977421748107622079e+01 1.052867879700588247e+02 9.720340988307184205e+01 8.100067739307573333e+01 6.112636787808282435e+01 7.854480969294159820e+01 8.669718189312865775e+01 9.557925623086730127e+01 1.069776311124291652e+02
7.449536414860452282e+01 5.654803001664744500e+01 4.075535328035206817e+01 2.457926582134752636e+01 4.169385499331642109e+01 3.167555108870029201e+01 3.486052176819708848e+01 3.816972657403684366e+01 4.166845668192194552e+01 4.627866227850570624e+01 5.161119640620781013e+01 5.764198513808112523e+01 6.445449494172645188e+01 7.590834872802578559e+01 9.608197757843007025e+01 9.423708178512411848e+01 9.999866742852596246e+01 1.017631712605989946e+02 9.344770848189200763e+01 8.630842648177527110e+01 6.633510146794826312e+01 5.977803107618736078e+01 7.586109146310772644e+01 6.742788363076186897e+01 7.629808084768713172e+01 8.784451009015951684e+01 1.078592918819811359e+02 1.022907911734428552e+02 8.211525823413771263e+01 1.022907912227063605e+02 9.724006780609923339e+01 7.734681950628423408e+01 7.850009533394278094e+01 5.867925650816636818e+01 6.751655373247686498e+01 7.905742874726743707e+01 9.889515586651988599e+01
6.476852857634268901e+01 5.111671589612992506e+01 2.658616753929588583e+01 2.500850819994242968e+01 4.490778453703637751e+01 5.047470264759673597e+01 5.427359532015199761e+01 5.769717350354674323e+01 5.534328883815349798e+01 6.571783109575673620e+01 6.208394269340220006e+01 7.113190070563658196e+01 8.443472897832072022e+01 9.277657188154960011e+01 9.935689850422765801e+01 8.028638867968906823e+01 9.935694749143019067e+01 9.344770848189200763e+01 7.347346632608177686e+01 7.932378640445641338e+01 8.085975640256907582e+01 7.257829690653866805e+01 5.602801881868489176e+01 6.224619123470269244e+01 7.370308028956179669e+01 9.370761049786355557e+01 1.098868260717870697e+02 9.591072368333892939e+01 7.572216484273006643e+01 9.591072752530983792e+01 1.053986122940527252e+02 8.837038748433022306e+01 6.844372314465952911e+01 5.693434494735932105e+01 7.453812632205595889e+01 8.142896438418459581e+01 9.284956301984806259e+01
4.487463850565411150e+01 4.778096925315061583e+01 2.780387075726266843e+01 4.495665274832503400e+01 2.562382635693787236e+01 4.554666968448004383e+01 5.228470087156020440e+01 6.071748157988354677e+01 7.002751829436046194e+01 8.275274422493971826e+01 8.188678506207496355e+01 9.020367254219313224e+01 9.943972886195376759e+01 1.043176993952293401e+02 8.459338293293453148e+01 7.141401322229742732e+01 9.118306837376131568e+01 9.344770847850286088e+01 7.347346632608149264e+01 5.943929075252474803e+01 6.938153857804520896e+01 5.274293891558701830e+01 7.257824267188111378e+01 8.215762411679489219e+01 9.046094641947850334e+01 1.020301726682885572e+02 1.015598907821992469e+02 8.141497121177468443e+01 7.017319544442645451e+01 9.031142676913941614e+01 1.017537929990413375e+02 9.656266926147617369e+01 8.335930677508589781e+01 5.829832431603421838e+01 5.436971173485112274e+01 6.613581448488532999e+01 7.488744324585759671e+01
5.070142400317906350e+01 3.078677875935420616e+01 4.778026852201399066e+01 5.322679202697791823e+01 4.542673997535650443e+01 2.623062406285210102e+01 2.928643063153405635e+01 4.065898903838835565e+01 6.158326892788609541e+01 6.399840062556081222e+01 7.112362501172135865e+01 7.989594723953533162e+01 9.116037482183547525e+01 9.866050405892642061e+01 8.459338293293451727e+01 6.478235208722857408e+01 8.459338293293451727e+01 9.490135997920855004e+01 8.346058730264437031e+01 6.354980560964581571e+01 4.952365591646044862e+01 6.938153857804520896e+01 8.012219881077089667e+01 8.766260125096161460e+01 9.593131158411163995e+01 1.074632428392341126e+02 9.674727543473063918e+01 7.659396646632664840e+01 6.507450405514011038e+01 7.331518830365534711e+01 8.543405180133350996e+01 9.376862484687345045e+01 9.502577368068652675e+01 8.150247360427883336e+01 7.221758244615315903e+01 5.171651401927599778e+01 5.516494417055256605e+01
3.387575660758102458e+01 5.070142398405698714e+01 5.894486433917569457e+01 6.418586897131397961e+01 5.299801887068235828e+01 4.589576205994588776e+01 2.683026956648819095e+01 4.678744663370351731e+01 5.507503339846687851e+01 4.413464918494602784e+01 5.108376196993877727e+01 6.096662576505258357e+01 8.177514406470353947e+01 9.049010992063051617e+01 7.093961212945002615e+01 5.945420840366073634e+01 6.688533681622142524e+01 8.089334839771491659e+01 8.136180503681612208e+01 6.145891065791063568e+01 4.742262185031319177e+01 6.728764726372681082e+01 6.022886268978345470e+01 6.771257185668984846e+01 7.921589551528637685e+01 9.920101586973876806e+01 1.050812078395597382e+02 9.345134024890597857e+01 7.920309897265894961e+01 5.930081966135372795e+01 6.542876691457664151e+01 8.219892629402178841e+01 8.546717695372194612e+01 7.704502131629975281e+01 7.051611560810457036e+01 4.990467089834648817e+01 6.895089883594621938e+01
4.792161244234410589e+01 6.201444975468022136e+01 7.650212036707640095e+01 5.659727918369137001e+01 3.644467350291296981e+01 2.862065411794900527e+01 2.725191090133447247e+01 4.689706985523722693e+01 3.533174861344102879e+01 4.833248885588643162e+01 6.701826730713777636e+01 7.983163958875265109e+01 9.042393000771237155e+01 8.539183768408044273e+01 7.716807199205936740e+01 7.268911513762199661e+01 5.279436131379093666e+01 7.268911513762199661e+01 7.931063231427104654e+01 5.941152238699829269e+01 4.537531052545232768e+01 5.089033269979557872e+01 6.233114020707674285e+01 8.223710332644934340e+01 9.593131154234512792e+01 9.905505322622961728e+01 1.072190930124301218e+02 1.036110353792514758e+02 8.753449065134837781e+01 7.388399518674927435e+01 5.406623319417786178e+01 6.914664690795382285e+01 7.341989803627780020e+01 5.710443705056008667e+01 6.563920354124969947e+01 4.837939959454710248e+01 5.282525723889352065e+01
6.528605865403389430e+01 7.610729084913901943e+01 6.814867424440535615e+01 4.814121910593377862e+01 5.644446192941313001e+01 5.018040391099000885e+01 4.714264750763821610e+01 2.784749757689301575e+01 3.984021948400669544e+01 5.089525966278993252e+01 7.332124824461757839e+01 8.027810414015542051e+01 8.842470550607185942e+01 7.716807097194519827e+01 5.728257885429034957e+01 6.310690405017107452e+01 4.870399636021187462e+01 6.863008023270940328e+01 6.878147527340269107e+01 6.074423887324385163e+01 4.347768796981318218e+01 5.386346010287608976e+01 7.105281183785693599e+01 9.050427568300808900e+01 9.563460496394621657e+01 7.884300828667075223e+01 9.563460496392998778e+01 8.352140383690355918e+01 8.704038892308464881e+01 8.219892629402471584e+01 6.914664690795382285e+01 4.934670089664630410e+01 6.366213770902265878e+01 4.569525757052468862e+01 4.632964342140096647e+01 4.703762429023839786e+01 6.563041816509951332e+01
7.445995828659766858e+01 8.835837126886193005e+01 6.814867424440537036e+01 6.814867421270625414e+01 7.285451325992131899e+01 5.344427453263496375e+01 5.290983890206896945e+01 4.614308248707879301e+01 2.844394103638292037e+01 4.849013833843460475e+01 6.625790355692009825e+01 6.031836269314028698e+01 8.043941176929708092e+01 7.716804227037624742e+01 5.728257882219718766e+01 4.309138451897631228e+01 6.310690405017107452e+01 6.633081303494977021e+01 5.787694957456791656e+01 4.082835624776580374e+01 4.589715200014984475e+01 6.922492810004168007e+01 8.285569755062034858e+01 9.963922620593375257e+01 8.738562363952372891e+01 6.699821546376293213e+01 8.738562363952374312e+01 6.932601384561120028e+01 6.708133815713378567e+01 7.069580435010487918e+01 6.311860901104096655e+01 6.286668187400738361e+01 4.479806265294794798e+01 6.457385037901759972e+01 6.615524474282452161e+01 6.639196978380077496e+01 4.802998114721379608e+01
8.275740520878241568e+01 8.500810516362997760e+01 7.706646585371446179e+01 7.698345622038849001e+01 6.490247873023088232e+01 5.349948400770246337e+01 3.403050739980785266e+01 4.868500351756183164e+01 2.886580197595919373e+01 4.877210995388196579e+01 4.528579858006515479e+01 6.604951515027592279e+01 6.898881941877010604e+01 6.700745508615497670e+01 5.816227413261184864e+01 3.953058542969707645e+01 5.626955817602301835e+01 5.568597634630827287e+01 3.823400554424783593e+01 5.236620700357720892e+01 6.739591609391884219e+01 8.221378002376225425e+01 8.371157006276121137e+01 8.598983284645538561e+01 8.017758635315598781e+01 5.977740781945890802e+01 8.017758635357988339e+01 7.301067029376770279e+01 5.303317318816467463e+01 5.971829696013579536e+01 4.329211265175541001e+01 4.391451013418041782e+01 4.871897782956753531e+01 6.815054020862874040e+01 8.377653983198467813e+01 7.644938967089321125e+01 6.211355540738967562e+01
8.324687905430135970e+01 7.706651903232224754e+01 5.904730900780709391e+01 5.848538510534050516e+01 5.682295262558920967e+01 3.713845014549271184e+01 5.059543655322381994e+01 2.887652461087409250e+01 2.928810308521335770e+01 4.202194793777198356e+01 3.687179189169226134e+01 5.375229399855969348e+01 5.083532746504672417e+01 5.258403023132112253e+01 4.406516708169461083e+01 5.274736674899597233e+01 3.502101061200193044e+01 3.575892262845338365e+01 5.568597634630310012e+01 6.643824234408080542e+01 8.051027808678961151e+01 8.370660556856861945e+01 6.709305618308943053e+01 7.234695991000641868e+01 6.461871640739512657e+01 5.367281257447248777e+01 7.401009940329360859e+01 6.966010657486229718e+01 6.138815930858174141e+01 4.240822365647947123e+01 6.225140668685575207e+01 5.318235400998890583e+01 6.785417387753402352e+01 5.598631658816162115e+01 6.954108138689647944e+01 8.965929108199993891e+01 8.350369242813098936e+01
6.368777974824601529e+01 6.941650726130110627e+01 6.427189776656821607e+01 4.783906779174777313e+01 4.057969710413942011e+01 5.293678542951708010e+01 5.944677558376076121e+01 4.820357305680569482e+01 4.101503158399967930e+01 2.989803670590305629e+01 3.034544438682938861e+01 4.218518931746542222e+01 4.907728865546624064e+01 3.207302299100055620e+01 3.252377711503739022e+01 3.297281201400890893e+01 3.342081320600121330e+01 5.220780597143586022e+01 6.178281923638563455e+01 7.486134489950923410e+01 7.525723612370224203e+01 6.760933700955020242e+01 6.749056387328620588e+01 5.462844203882727356e+01 4.578832076601046452e+01 5.959442243466621392e+01 5.997636786049550750e+01 6.052810314115757961e+01 4.152355932926109716e+01 6.138945965704738228e+01 5.473469322638268864e+01 7.149279591086339281e+01 8.051214594230771127e+01 6.954108138689647944e+01 6.544175132890876512e+01 7.678715077667315825e+01 9.722543436524756544e+01
6.941650646812664149e+01 5.000994520697125267e+01 4.717843458977434778e+01 4.440291096277842087e+01 5.361414141676918632e+01 6.814754429817695325e+01 7.747414774164688822e+01 6.166208440096246335e+01 5.132727443540643719e+01 3.157294664992984323e+01 3.640383056341609347e+01 3.098123999109983018e+01 3.143375685669269615e+01 4.467494638014451880e+01 5.219113140557819008e+01 5.282909266673940607e+01 5.328443278785505299e+01 3.408304711182011459e+01 4.787546983069157136e+01 6.370059851540416673e+01 6.345432605790011849e+01 4.876117717882278413e+01 5.102261416020056828e+01 5.805043851395403465e+01 5.363213670201939465e+01 3.956728796058586539e+01 4.010024687171119240e+01 4.063499346025261616e+01 6.052813190965517265e+01 6.962608374195052363e+01 7.431283020628097802e+01 7.063917157923447121e+01 9.067086084774288679e+01 8.965929108200054998e+01 7.678715077667315825e+01 9.386879357764892973e+01 1.056533839040193499e+02
5.436814001122049689e+01 6.941650726680173022e+01 6.084798114788390677e+01 6.117847808716648927e+01 7.168658316465356961e+01 8.002937442049685046e+01 6.446475112675000219e+01 5.376058911484469860e+01 3.394841526241101093e+01 5.139577309286025297e+01 3.658275093209967110e+01 5.323582272008052740e+01 4.729724296511317050e+01 4.309337173433245738e+01 6.126054085623310641e+01 6.192100347866284693e+01 4.382273746891703325e+01 5.005538202940425663e+01 3.474422892282692032e+01 5.634597591835344588e+01 4.812942814165158012e+01 3.728397390724207128e+01 3.779190912976644512e+01 3.830499910861026791e+01 3.882329110954191975e+01 5.839305837645121500e+01 5.999672475322683596e+01 5.087735951440355109e+01 4.206272808536518681e+01 6.183542420175775334e+01 7.152499959533354001e+01 8.570141415845921529e+01 9.906809035783300033e+01 9.998054224187450245e+01 9.722543436524756544e+01 1.056533839040193499e+02 1.065166578499169390e+02
5.792076922411543194e+01 7.745272422621556530e+01 8.038829964543491258e+01 8.431732788571245862e+01 7.688336307325860730e+01 6.577498104339656493e+01 5.622501686143641564e+01 3.637750408800310709e+01 5.378641676028083651e+01 5.378441876461135962e+01 5.669099359578334685e+01 4.264929644353181004e+01 5.952645508038746414e+01 5.880899410564234842e+01 6.888238548415533558e+01 5.530082711367700199e+01 6.176794143913647162e+01 5.341224097078683286e+01 3.520990307161869737e+01 5.509637206213622562e+01 3.657241338646914386e+01 4.652895165420341073e+01 5.806736682478058498e+01 5.835733683222937884e+01 4.458365496650336723e+01 5.944798522065543267e+01 7.244117138342018336e+01 6.076991692969829018e+01 6.191295314346479728e+01 4.348329256450927005e+01 5.747740256374312651e+01 7.297391464568633523e+01 8.697744590918780716e+01 7.999129482881875219e+01 9.409723582759026783e+01 1.032070313859114492e+02 8.633109192016100053e+01
6.171204461731134217e+01 8.124574360397326700e+01 9.022112935895623309e+01 7.929503788909988771e+01 6.698849037065238576e+01 4.878071249067269832e+01 3.887059804536391994e+01 5.622501686143641564e+01 6.446475112676371566e+01 7.363117654030853032e+01 6.720602366609712419e+01 4.725312302666986142e+01 6.720601316075287457e+01 8.119690746986994156e+01 6.943383883912598264e+01 7.275531264565080392e+01 7.541075396041431134e+01 5.701953192617490629e+01 3.794631463141385552e+01 3.586869005365724661e+01 5.576549569913728277e+01 6.449628445586789383e+01 6.207907903376502645e+01 7.310924785085484245e+01 6.509434476672318226e+01 5.482713507325810554e+01 7.452548488246934255e+01 8.062784152536914917e+01 7.158873216920207483e+01 6.330740466141845246e+01 4.490080727295318752e+01 5.887750409959776476e+01 7.326662289745418377e+01 6.594908245737512686e+01 8.581081035557265579e+01 9.418912385783950469e+01 7.471244803913776877e+01
