MOVIE_S4_data/elevation_000287.asc
nrows	100
cellsize	150.0
xllcorner	0
ncols	100
yllcorner	0
NODATA_value	-9999
[rows 51 to 67 of 100, columns 37 to 73 of 100]
8.046142258637250677e+01 8.281983580011477386e+01 6.192676474044236556e+01 8.281983580019716840e+01 9.083397283595343197e+01 7.146229302628982794e+01 9.083397283595343197e+01 9.228252285384634490e+01 7.261392895397609948e+01 8.532862479216910856e+01 1.037364451872274316e+02 9.791409862397134134e+01 7.828161891474431400e+01 6.806247878515017646e+01 8.749349821567595598e+01 7.835336489769666457e+01 9.485095905135302985e+01 8.831413933578714648e+01 8.010994584634721605e+01 7.166519252572869902e+01 5.212888768551705709e+01 7.166519252572869902e+01 8.182428386396739484e+01 8.925771131398508373e+01 9.667856503091751108e+01 1.048735695868921880e+02 1.103678558203210258e+02 1.010865260173791000e+02 8.276371047222433219e+01 1.010865260173791000e+02 1.051836569575302462e+02 8.609957184648280304e+01 1.051836569575302462e+02 1.098634901659869740e+02 1.012586566582017440e+02 1.029855571597817345e+02 1.051818012217898541e+02
8.272491690941659215e+01 8.983247105946330180e+01 6.879456528166548424e+01 8.983247105946330180e+01 9.902816194675634165e+01 8.100787844378237423e+01 9.902816194675634165e+01 1.005105007594682149e+02 8.236791595246650388e+01 1.005105007039408349e+02 1.133515774371005165e+02 1.061423003620869281e+02 8.749349821567595598e+01 7.480619564634218932e+01 9.443241440086165994e+01 9.800261650364622312e+01 1.062326154140805272e+02 9.964456339173771937e+01 7.985278954356817849e+01 7.496364502696677334e+01 5.544973686887770015e+01 5.709683767730239623e+01 6.321880407329515350e+01 6.967772916150846640e+01 7.704483158012536137e+01 8.835970305423303728e+01 1.080423418216445555e+02 1.111076065937778878e+02 1.028058157350738782e+02 1.111076065937778878e+02 1.156210896846871492e+02 1.072313423590326096e+02 1.156210896846871492e+02 1.230368035013834174e+02 1.147977606151102776e+02 1.122175033469930696e+02 1.204561974161388207e+02
9.130133575486668462e+01 9.852950023391493062e+01 7.924953618400122934e+01 9.852950023391497325e+01 1.088837822551226537e+02 1.006600672281244613e+02 1.088837822551069792e+02 1.104330098720716506e+02 1.021971297552260296e+02 1.104330098720583777e+02 1.134476113582227725e+02 1.155054433953495305e+02 1.026619441241064408e+02 8.862676502572220727e+01 9.079324971623363183e+01 1.106248403374127918e+02 1.041387867541025969e+02 9.526895708888341119e+01 7.985278954356817849e+01 6.029621147716266449e+01 7.496364502696677334e+01 7.658580999063792660e+01 6.337825665041411582e+01 7.130333232603879878e+01 9.094929597134061794e+01 1.048735695868921880e+02 1.162664522305118169e+02 1.218583428916702758e+02 1.135715609282356269e+02 1.157280423964516558e+02 1.239931522870871419e+02 1.194125635630187077e+02 1.111725791107633086e+02 1.147977606151102776e+02 9.489055365079538262e+01 9.230539039869542250e+01 1.089636785760894213e+02
1.014782829706627751e+02 1.090740627117359054e+02 1.004154059349270511e+02 1.090740627157207143e+02 1.134663017648819903e+02 1.050510017891048733e+02 1.039355786292992718e+02 1.123488425311236227e+02 1.053280638623366059e+02 9.692625587744051074e+01 9.321316596469739579e+01 1.134476113582227725e+02 1.086384679629717738e+02 1.084484918607064117e+02 1.106248403374127918e+02 1.073799473413301655e+02 8.748542900283764823e+01 7.608992255428115925e+01 6.736177754164390308e+01 6.565492174827738836e+01 8.530187355469077204e+01 8.859378384374801385e+01 6.896992897634358144e+01 8.859378384374801385e+01 8.517017555309706722e+01 1.049013268636517608e+02 1.144245673914648052e+02 1.061276012570066030e+02 9.347016416702349773e+01 9.572557645977725826e+01 1.124529627800302336e+02 1.111725791107633086e+02 9.126645411627329452e+01 9.709682314001237557e+01 1.007212395761591637e+02 8.081548041199214083e+01 1.007212395761591353e+02
1.151552446280076083e+02 1.068396431822541643e+02 1.151615804912682535e+02 1.193721439052890787e+02 9.911899049590888922e+01 8.484488008923857194e+01 8.373285090459887670e+01 1.006664128696757246e+02 9.692625587744051074e+01 7.674566679093578614e+01 9.692625587744051074e+01 9.434251785716416805e+01 8.842094143632952807e+01 1.027016284094995484e+02 1.229712665305972621e+02 1.156279041032799313e+02 9.763061767578241756e+01 7.781225995578091670e+01 8.703725988195783714e+01 7.150748491862512424e+01 9.125639355011453802e+01 9.515761316567825645e+01 7.546612519988777024e+01 9.515761316567825645e+01 1.049013268636517608e+02 1.131199980956852045e+02 1.061276012570066030e+02 8.606510032905600838e+01 8.191652750952026452e+01 8.418535579541871527e+01 1.035139605767411695e+02 1.070322965642778286e+02 9.709682314001237557e+01 7.720967971949797004e+01 8.746143727171914861e+01 7.484260288253626925e+01 8.630498060581361131e+01
9.601700203301513170e+01 8.659273565530567396e+01 9.831701879273126110e+01 1.184817646062524545e+02 1.039355786297528965e+02 8.373285090459887670e+01 7.212969446606403778e+01 8.437125111151340207e+01 8.979134018173709819e+01 6.966823927453330612e+01 8.357062807644751956e+01 7.419015737339745442e+01 9.434251785716416805e+01 1.021962448861564496e+02 1.106054415736740424e+02 1.207350965817290813e+02 1.058760864988610564e+02 8.768284576657231355e+01 9.786943450952327339e+01 7.803031163129722358e+01 9.786943450952327339e+01 1.033605147478649542e+02 8.528855807498183594e+01 1.033605147478649542e+02 1.222088960510536992e+02 1.163702984486654515e+02 1.053149442197765353e+02 8.529173261141382056e+01 7.199265622765459227e+01 7.529937265328744900e+01 9.523650012910543694e+01 9.879089198635634261e+01 7.891838167073575505e+01 6.973839360744545957e+01 6.763448278298778860e+01 8.163543412159825152e+01 1.015266530911697060e+02
7.572160799427531686e+01 9.009400450939207872e+01 1.103163853051289465e+02 1.267826090975119229e+02 1.123488426566828906e+02 9.863548446350003474e+01 7.846281220026598646e+01 6.431692810244550174e+01 7.749267506740642375e+01 6.338524521303184400e+01 6.352619627686026860e+01 6.925916857834647544e+01 7.528714328094871178e+01 8.199161584056413687e+01 9.208410559262482309e+01 1.123083841796880620e+02 1.158263002569369320e+02 1.017442170430094706e+02 1.061179863842314006e+02 8.791357012219998524e+01 1.061179863842314006e+02 1.132443960514605834e+02 1.050266682563745775e+02 1.132443960512854630e+02 1.022631676495981310e+02 9.641980274645320037e+01 9.944010094770837327e+01 7.943128656107627705e+01 6.542267857631297545e+01 7.928946328323377202e+01 9.822706297454590185e+01 9.204782353268723227e+01 8.256505525920113087e+01 6.277975055599580401e+01 6.312461834526808957e+01 7.709292567493419313e+01 9.696329449368559494e+01
7.721855387248211855e+01 8.895739969607291187e+01 1.091866157029004967e+02 1.203985616035657529e+02 1.119736474407495166e+02 9.869244772004402932e+01 8.706003431138915971e+01 7.749265567673330679e+01 5.752153279357371929e+01 5.741487283951781251e+01 6.401773589076624660e+01 8.406830524499913793e+01 9.546136853762563135e+01 1.021962448861564496e+02 1.106054415736740424e+02 1.207350965817290813e+02 1.249470210189382584e+02 1.216633280610730026e+02 1.160743122425496381e+02 1.078252988968463200e+02 1.160743122425217422e+02 1.173134652576887618e+02 1.090605286740769628e+02 1.173134652577570023e+02 1.022631676495981452e+02 8.232931486245182384e+01 9.160807514561381026e+01 8.120074845385094875e+01 6.141019659156859944e+01 7.570945593845931398e+01 8.394663850764683843e+01 7.252543179080666391e+01 7.260510961048976242e+01 5.732762041722897806e+01 7.707759905857918170e+01 9.114880224111423956e+01 1.004594290839815471e+02
8.142711994724187718e+01 1.016931855494372741e+02 1.174978337228938443e+02 1.119736474417247365e+02 9.174752369566346033e+01 9.030369142819931483e+01 7.019897231527278336e+01 5.869403334372582037e+01 5.305419843698518179e+01 7.302699065402013900e+01 8.406830524499913793e+01 7.554789253813213179e+01 8.716444719408380593e+01 1.073773034588763267e+02 1.167689450977518959e+02 1.083827813297309888e+02 1.046600534110806819e+02 1.249470210189382584e+02 1.295892694873760433e+02 1.180896526006182938e+02 1.091792644984808049e+02 1.009262788933623511e+02 8.913576727098002550e+01 1.073511445954330270e+02 1.105245695134160968e+02 9.160807514561381026e+01 7.173268405874998166e+01 6.604430093236352661e+01 6.059136501381269113e+01 5.593842032004756959e+01 7.163003840780413611e+01 7.260510961048976242e+01 5.282557296517474299e+01 7.260510961048976242e+01 8.530535595673389082e+01 1.004594290880010590e+02 8.911738029751053602e+01
1.016931855494372741e+02 1.100225423614139970e+02 1.027849134084908087e+02 9.438437180666545601e+01 9.767161818395267403e+01 7.750697899214743813e+01 6.934072893098384327e+01 7.053039277219909309e+01 5.049839131879512166e+01 7.053039277221124337e+01 8.820839699909565468e+01 9.570740545330720295e+01 1.041076540409981703e+02 1.157967376866552911e+02 1.083827813297309888e+02 8.775670136875592675e+01 1.005868558870349148e+02 1.209892510298389396e+02 1.213323909123012783e+02 1.014210758774960937e+02 8.991253136317740768e+01 8.101414670783964311e+01 7.918885413888538949e+01 9.617003528443267157e+01 1.044220881527450189e+02 9.986776494793743097e+01 9.160807514561381026e+01 7.672262289118121714e+01 8.037173350276478345e+01 6.582448278618400650e+01 5.178943473075151616e+01 6.770016329537538979e+01 4.976586563924328743e+01 6.385670159323497330e+01 8.366102487844705138e+01 9.248100616040017030e+01 7.267719691337259746e+01
1.012813386793439605e+02 9.999750849596139801e+01 9.114063600414704069e+01 7.426237485633068047e+01 9.114063580723684765e+01 8.518219995584419735e+01 7.359255814408807339e+01 6.525858933074543700e+01 4.814965633574112047e+01 5.980999925173917831e+01 7.984223080571200626e+01 9.713300575965472206e+01 1.087599764090626451e+02 1.126087768167105168e+02 1.005868558870349148e+02 7.979440433810503919e+01 1.005868558870349148e+02 1.102638001392906801e+02 1.186584697142944265e+02 1.150108740780526233e+02 9.509224854732885035e+01 8.101414670783964311e+01 7.110214592123587352e+01 7.628149014824769836e+01 9.293373691613273024e+01 1.044220876070816502e+02 1.048666614530983878e+02 9.660841373927608799e+01 9.389202056453891032e+01 7.760707148740547723e+01 5.779325510334079041e+01 4.765582826430954810e+01 4.668646974868627098e+01 6.678681699022602913e+01 8.360233450968692637e+01 7.944292175834746672e+01 7.118877738291782009e+01
1.036195367488002148e+02 9.160456648978747296e+01 7.150842590339901506e+01 6.273649012280444737e+01 8.276693145078667158e+01 7.683578038025542867e+01 5.678236665669223981e+01 4.495791221540021354e+01 6.495700204077618878e+01 5.980884347678994573e+01 6.873170697165078025e+01 8.027983106364126797e+01 1.003749036958618603e+02 9.205499413147812504e+01 9.205499413147812504e+01 7.373419574088858042e+01 9.458459213759138606e+01 8.969614442465181980e+01 1.026393517946390546e+02 1.110688354578319235e+02 1.091792644989450736e+02 9.922139160744070807e+01 8.468737839626622588e+01 6.486617303007338364e+01 7.628149014824769836e+01 9.617003528337946250e+01 9.812874511448093529e+01 8.978808956038656675e+01 9.747349016791602594e+01 7.760707148740827677e+01 7.284803188499952853e+01 5.293979647164563573e+01 4.353639196718149407e+01 5.538974924789946641e+01 6.949586043514418066e+01 6.578504187801617320e+01 4.957334829526933362e+01
9.780251778232718607e+01 8.617896069134451409e+01 7.519613625922326605e+01 5.515865723026458767e+01 7.519613625918967159e+01 7.740169226866700569e+01 5.730012772689277512e+01 4.273570306968940002e+01 6.318634578067240426e+01 7.497515802450730860e+01 8.332874245966668525e+01 9.338513619171855851e+01 1.021278729396536704e+02 9.017388039434683833e+01 7.122801710904032291e+01 6.816493049090981060e+01 8.901208930224230187e+01 7.762214697463559787e+01 8.194410546304095533e+01 1.026393517946390546e+02 1.082814454044731178e+02 1.000290884209570237e+02 8.100667296341211454e+01 6.121150889785153737e+01 8.100667295991725325e+01 9.318788908004103178e+01 8.651945194153911700e+01 6.969190057680825134e+01 8.651945196554784445e+01 8.904741042231957238e+01 6.920730463900365237e+01 7.217863360501840475e+01 6.124163888528260458e+01 4.048035676122976412e+01 6.124054506934233189e+01 4.355341108743760259e+01 6.051419874547526234e+01
8.941351410678403511e+01 6.933074443300255041e+01 5.778193937704263305e+01 4.947313391312255959e+01 6.326181506901190943e+01 7.160679001151035550e+01 6.114128173178863079e+01 4.054324154760438859e+01 4.765645587752170798e+01 5.491746909992296821e+01 6.494135938285582199e+01 8.500895666615885204e+01 9.365544606676702699e+01 7.284669081430884319e+01 6.084647796396110664e+01 8.164150562025919555e+01 7.912732291993988554e+01 6.718419089852888249e+01 8.194410546304095533e+01 1.026393517946390546e+02 1.000290884209570237e+02 8.013616391585657084e+01 7.750734927665943985e+01 5.771921733055256709e+01 7.333564476965256063e+01 7.333564476942478905e+01 7.818554944010925567e+01 5.819104037777219673e+01 7.813419209247918218e+01 9.014961959633464517e+01 8.904741042231957238e+01 7.383171302298069349e+01 5.927979269553252806e+01 3.835301232174872155e+01 5.796983432186864604e+01 3.959383061109955548e+01 3.831704452659240445e+01
9.682286468379912492e+01 8.617896069134451409e+01 7.748132768283289806e+01 5.737190009421037473e+01 4.280714217798279719e+01 6.326181506913587071e+01 5.646653450402730812e+01 3.846759078872216264e+01 4.905988994979359319e+01 6.342573539041369202e+01 8.332874245966631577e+01 9.338513619172066171e+01 9.225619159727355623e+01 7.147725576751966514e+01 5.680187252631434802e+01 7.220269663698735485e+01 5.835344407108225084e+01 6.761848803386897089e+01 7.967528877068703252e+01 1.004084787356675577e+02 9.744533609174231970e+01 7.755676913551474172e+01 6.613318977780816965e+01 7.333564476875166349e+01 5.350423324039589090e+01 6.936936246444611243e+01 6.683197760172765811e+01 5.102489325063919523e+01 6.383745013292207204e+01 8.119211966316130713e+01 7.854222001164585265e+01 6.362408669843729569e+01 4.810458134807641528e+01 3.628550882209462713e+01 3.686503059603223420e+01 3.745486538286731104e+01 5.018618261926185653e+01
8.520812858783250476e+01 9.128612836850419399e+01 7.353754444886148178e+01 5.333236305715519165e+01 3.857373658960720064e+01 5.383059234225032696e+01 3.562962543610372279e+01 4.627316136737818653e+01 6.645061548270834351e+01 7.766124070185132666e+01 9.189674835668374442e+01 9.199690340836586699e+01 8.350489770935232059e+01 8.610690142369311673e+01 7.220269663698735485e+01 5.144383243326257826e+01 6.611856347335869089e+01 8.689109343589926482e+01 9.693670467563872251e+01 1.088453200976477291e+02 1.056970098079131901e+02 9.420880460214766572e+01 8.013616391585654242e+01 7.686001107256868181e+01 5.704161794662638130e+01 4.938997407706575871e+01 4.666182318657529748e+01 4.393581229317513959e+01 5.496209721889579214e+01 6.895355096392100336e+01 6.355107482917502182e+01 5.000669268188397609e+01 3.551095039618229521e+01 5.669692730400020508e+01 5.799922830853690670e+01 4.842945760089052953e+01 6.213971139778067254e+01
7.686667781177449399e+01 8.288517784474539951e+01 6.334647004069523035e+01 5.198743444505972633e+01 4.165557285032126345e+01 3.296639453364036854e+01 5.339449671152184607e+01 5.269906172927163368e+01 6.634911044164529415e+01 8.573921175813254081e+01 9.040176864196098450e+01 8.005082666419096427e+01 6.273511095700879281e+01 7.401872744946933835e+01 6.545230404987826489e+01 4.853800381655360496e+01 6.326789171473058104e+01 8.403776700561178359e+01 9.163735345337757110e+01 1.001215699568666082e+02 1.073881170194694761e+02 1.082814442235833496e+02 9.089723006519383830e+01 7.104560458813588752e+01 7.686001101217037501e+01 6.098961721460145213e+01 6.101511854663048950e+01 6.107776030903006159e+01 4.031646940657895328e+01 5.785133580077771143e+01 5.308463403768861610e+01 3.475771316485154472e+01 5.595022832319308037e+01 4.496910843849141770e+01 6.541515980287815069e+01 6.844605761469411220e+01 6.838743254896924384e+01
