MOVIE_S4_data/elevation_000008.asc
nrows	100
cellsize	150.0
xllcorner	0
ncols	100
yllcorner	0
NODATA_value	-9999
[rows 51 to 67 of 100, columns 0 to 36 of 100]
1.045510899316130261e-02 1.415288361739940015e+01 3.416472792908761136e+01 3.084393559902527215e+01 1.088661418363608746e+01 4.117637930989515027e+00 1.130655211316289410e+01 3.384841953183499186e+01 5.143882529055699848e+01 4.891315058919083469e+01 5.605451508858416787e+01 5.650244684571200082e+01 4.940703717253817473e+01 4.824516935263469009e+01 6.599357711506434043e+01 5.725601591142500268e+01 3.642352303642211098e+01 2.000908932947551477e+01 4.266128946441649816e+01 4.782657965963124269e+01 2.954237571039136157e+01 4.140091325078011408e+01 4.887406904795312812e+01 5.687565766487715990e+01 4.204642072194478430e+01 2.292867530862495684e+01 1.216262989661171900e+01 3.189837239908679223e+01 3.265789810407385829e+01 5.194390259767877183e+01 4.298875028145145905e+01 2.142831492453374409e+01 3.640624618231518639e+01 4.519915516890153384e+01 5.787800639570176742e+01 5.053514819650622769e+01 3.074633705127928351e+01
1.199560344128819747e-02 1.415420146969617576e+01 3.415879133782107147e+01 2.451844216195680559e+01 4.533655180536245055e+00 4.358978942702270487e+00 2.244760519067774851e+01 2.445405089127861586e+01 3.549740701445244184e+01 2.970919091260713429e+01 4.911145933552741383e+01 4.913350015755050748e+01 2.910496665625326074e+01 4.913418431921289198e+01 6.141010853695905780e+01 5.250371834791678083e+01 3.095566073850374522e+01 1.467944017853848138e+01 3.031109414118726519e+01 3.615667107139595515e+01 3.581402039674732407e+01 2.271445192948342395e+01 3.547555930529515678e+01 5.231480042957225862e+01 4.804495722069017205e+01 3.244489106862319971e+01 1.155699419499311453e+01 2.851924351736776231e+01 3.386533014234624517e+01 3.398296539816869455e+01 3.310330342425543648e+01 2.796278637837800929e+01 1.326430485469107268e+01 3.240796951081538424e+01 3.858500088453758536e+01 5.109299008689151833e+01 4.357204482061419526e+01
1.680456789927393946e-02 2.001680456789891949e+01 3.301616510022371642e+01 3.279070193241351916e+01 2.000408051157671352e+01 2.040863486188397147e+01 4.706572301479541309e+00 2.307669736385581416e+01 1.567795881437035810e+01 3.547403961900192115e+01 5.185459401546060576e+01 4.127872860454652937e+01 1.950523785816799816e+01 4.105202994148983464e+01 3.417486425545767759e+01 3.862451615336697586e+01 3.464117328739045831e+01 2.948666236786799644e+01 8.078430921391960950e+00 1.216939727051490294e+01 1.640697329474184585e+01 3.479255528040859247e+01 4.353169569632858327e+01 5.066084863464924126e+01 3.875026210574580432e+01 2.940496659881949881e+01 1.088817610039189354e+01 1.078392705540927032e+01 1.104249839468099736e+01 1.131703295664511266e+01 1.160409182055440169e+01 1.189865246027311940e+01 1.218992787934465838e+01 3.017774251298604327e+01 2.504010069208088751e+01 4.331147784065687034e+01 3.956765750592191466e+01
2.570751284471603157e-02 6.350262833175692734e+00 1.301692949952197864e+01 3.301607441939081156e+01 4.053066995011572970e+01 3.092911114147928942e+01 1.436560930871625885e+01 5.055701695721856126e+00 2.397223354285421593e+01 2.510106068238952304e+01 3.592551364266633129e+01 3.231838952431917988e+01 1.300900848786889163e+01 2.729789204302999650e+01 7.242441789428894161e+00 7.463073322203357840e+00 7.684613707702955487e+00 7.907190860047989212e+00 8.131469199823767369e+00 2.621355268946310701e+01 1.875592055156513638e+01 2.581140248870311638e+01 3.484770220749324920e+01 4.312799040947069074e+01 2.846157347989041142e+01 1.126022862391376655e+01 1.043072442172828573e+01 1.148023062236971370e+01 1.968289309588523395e+01 2.563345281015322286e+01 2.034100736543851440e+01 2.979973064434644314e+01 3.047445230154761830e+01 1.258885774370093102e+01 3.131025935240153046e+01 3.230586963128118327e+01 3.266524705260624728e+01
2.050012024463924304e-02 2.002050012024428227e+01 3.301616510022765993e+01 2.566602328191364890e+01 4.566252278050114910e+01 4.210021552976159143e+01 2.938881585625015802e+01 9.695476706027847058e+00 5.400850548584482880e+00 2.523052945577210693e+01 2.058519177469008810e+01 2.274916499870763076e+01 8.308600226628197305e+00 6.930380601430100818e+00 8.936418942196793225e+00 1.243341666546928437e+01 1.672106829229040059e+01 2.071160812410257535e+01 2.206013451498677114e+01 8.450938985852218366e+00 2.381682106553083500e+01 2.665903616281064004e+01 2.777385426269201929e+01 2.522079662231444885e+01 2.905356645207964661e+01 1.008148903186124379e+01 2.942252465384313354e+01 1.165583969182869062e+01 1.954759472559500821e+01 2.645094718825009750e+01 3.695308558012433764e+01 3.318956770933381506e+01 3.221987338141616419e+01 1.348311857390463864e+01 1.298000504940523747e+01 1.325433986054328628e+01 1.353034815117123557e+01
2.927968592160756431e-02 1.417141530965268359e+01 3.417141530965339058e+01 4.566252278050114910e+01 4.566084508830522992e+01 4.580265399699764117e+01 2.493152059691830047e+01 2.872464577491418325e+01 1.796557247024625070e+01 5.737211461906040810e+00 2.020994041150738951e+01 2.099450703837415588e+01 6.615792249352044685e+00 2.141837644867420209e+01 9.084261648462446104e+00 2.344016211056883847e+01 1.679670941018161301e+01 2.593805778946360263e+01 2.882941865824509620e+01 8.537046004636618335e+00 8.775197159863360241e+00 9.007921907337481215e+00 9.244520940725939440e+00 9.484584271437702441e+00 9.727423977077041428e+00 1.039331304533449973e+01 3.107675349068125215e+01 3.197634388585107246e+01 3.745190961110778005e+01 3.984988348845580219e+01 4.561273794554468708e+01 4.192876138699925548e+01 4.130532071006429362e+01 2.279710842780354341e+01 2.906253325867670156e+01 2.716029864630281310e+01 1.429503357339180347e+01
2.800573862316051849e-02 1.417014136235423649e+01 3.417014136235493993e+01 4.986780868596108718e+01 6.562621632420487572e+01 5.403206899320261414e+01 4.581184927325688250e+01 3.917094910293003096e+01 2.609662721649048223e+01 6.180671763760205550e+00 6.062256877433976676e+00 6.295219583988671985e+00 1.871108500215493464e+01 2.892532274337321496e+01 2.642380580977712157e+01 2.212790961356177633e+01 2.171748738078895968e+01 3.408194407714733387e+01 3.832081601639827539e+01 3.178813985056329727e+01 1.590561068663392241e+01 3.051563062941565363e+01 3.047432669182430587e+01 2.978452158539861472e+01 1.004433291140076534e+01 1.717760339208218312e+01 1.161745663947953133e+01 1.261542641898244099e+01 1.837213000016055986e+01 3.988891660433426267e+01 5.250561020210786722e+01 5.226600691340340177e+01 4.420914702801253071e+01 3.971609570127646549e+01 5.003476676511579768e+01 3.999948822291160866e+01 2.025148441676680733e+01
3.653205470537677219e-02 1.003653205470546439e+01 2.158353743849818329e+01 4.158353743849888673e+01 5.012529046184030790e+01 5.840956170930250835e+01 5.352202829355454128e+01 3.168826004739874236e+01 1.579016370744203357e+01 2.729663161042814679e+01 2.093414295100371447e+01 6.222552223150766615e+00 1.549532723242663934e+01 2.960812681011930181e+01 4.341874573589475972e+01 3.786678027830863158e+01 3.423479465948710754e+01 3.282245898608880452e+01 4.691899035877646895e+01 4.744712700491152191e+01 2.536177523628131780e+01 4.751981977759365350e+01 4.739038834452907878e+01 2.726796832218820654e+01 1.319597871546108436e+01 3.139086121120749695e+01 2.576121302314360761e+01 3.249938314276162288e+01 1.396848047388059655e+01 2.432450776733693587e+01 4.183951461301511898e+01 6.336073147814087037e+01 6.469239630791902584e+01 6.512507988669094061e+01 5.499435391229086179e+01 3.449404432130881304e+01 3.029113929745607336e+01
4.500159517621803856e-02 2.004500159517586155e+01 3.020965214621245210e+01 3.598315483810910820e+01 3.012529046183960446e+01 5.012529046184030790e+01 5.585827079393055783e+01 3.408837181175499609e+01 3.168826004739874236e+01 4.512417790792110139e+01 2.713961092630849592e+01 2.045557077305921467e+01 7.425005458210436338e+00 2.793549401262765741e+01 3.755867145695884091e+01 4.716353839011286198e+01 5.115347415526451869e+01 4.696209817192072222e+01 5.377098044093203555e+01 5.776846040844701946e+01 4.169984905366169414e+01 5.777968231373250774e+01 5.100638601183060672e+01 3.672105604122774025e+01 1.665745194517494099e+01 3.672105604122774025e+01 4.571907375966657128e+01 3.471476199003392793e+01 1.488729786706075764e+01 3.461470699006978435e+01 4.456356558371615506e+01 5.917373799048751692e+01 6.157258338739604397e+01 6.994361779562922266e+01 6.357490401749375053e+01 5.499435391229014414e+01 4.196761356818584687e+01
4.567435126880908108e-02 5.045674351268829128e+00 1.020965214621209682e+01 1.598315483810840476e+01 2.598315483810822712e+01 4.012529046183868076e+01 6.012529046183797021e+01 5.585827079393055783e+01 5.352202829355454128e+01 5.705145191435515528e+01 4.805812694636140492e+01 3.632676978000863244e+01 2.794161877840722852e+01 8.574368458465936982e+00 2.917172864562349233e+01 2.654921237207258145e+01 4.714784996377522219e+01 4.929535848006204191e+01 5.776720142499355859e+01 6.966470729493687486e+01 6.496663385437815919e+01 5.693513397691680922e+01 3.640529393590057339e+01 2.227537200819624630e+01 2.659188994349094770e+01 4.526261806449966230e+01 4.999334965758400529e+01 3.090240126987893277e+01 3.439400859126100585e+01 1.618390568221498427e+01 3.021362830763222007e+01 4.731025467714380994e+01 4.140260470134072790e+01 6.157258339471639630e+01 7.731478743205590831e+01 7.120320882509255966e+01 6.262862663171743094e+01
5.351880592384315738e-02 2.005351880592348834e+01 3.020965214621245210e+01 3.598315483810910820e+01 4.426742608556929781e+01 5.426742608556912018e+01 6.239730853197813332e+01 7.068157977944133563e+01 6.970480773645805073e+01 5.811612739048032950e+01 4.981462405889870126e+01 3.542864112731049886e+01 1.474292491576494157e+01 2.916885889132722198e+01 9.772759195592383819e+00 3.031649374443068368e+01 3.739645181912935357e+01 2.870426658546315579e+01 4.052243219214284409e+01 6.128421438969657231e+01 7.171003826726644093e+01 5.081488976237190514e+01 3.640529345278373796e+01 2.708400089855939896e+01 4.685022213896459675e+01 4.685022213896460386e+01 5.772694409947141025e+01 4.346018505404009602e+01 2.452075978232971565e+01 1.710772867799785502e+01 3.696590802452073632e+01 2.730920947441983415e+01 3.724463989225711913e+01 4.880004138800367031e+01 6.898629327108740483e+01 7.480400456549165256e+01 5.477851103272543298e+01
5.706225480597197641e-02 1.160406763859838719e+01 2.574620326232908596e+01 4.574620326232837186e+01 4.626198847077389331e+01 5.454625971823608666e+01 4.239730853197742988e+01 5.913457439564740525e+01 6.142060806227904379e+01 4.131845409659264590e+01 2.947484337160863177e+01 2.155774394696449292e+01 3.542864112731049886e+01 3.880680686429825244e+01 3.043252366820883026e+01 1.099747314661750863e+01 1.754864381646432037e+01 3.740826469355110362e+01 4.656572259230362221e+01 5.511946157330643814e+01 6.540781937645664357e+01 6.561161380328015014e+01 5.242514458483015005e+01 3.203781167775984784e+01 5.242514458483032058e+01 6.760732270814128242e+01 6.092901116468478762e+01 3.973673510277525622e+01 4.241423687307225521e+01 2.352187397767630017e+01 1.844094392448623765e+01 3.785592777679246268e+01 3.963475825435765643e+01 5.945447728443252089e+01 6.690455980521863921e+01 7.522076342657773296e+01 6.890477821092528643e+01
5.506323356023958698e-02 2.005506323355988485e+01 2.707875362067603575e+01 3.079266038421710761e+01 2.626198847077318632e+01 3.930329776439248946e+01 3.085030314818450492e+01 5.085030314818521191e+01 6.913457439564878371e+01 5.811612739048032950e+01 4.833015822139820727e+01 2.789218355664422688e+01 4.833015822139820727e+01 5.003697315817786517e+01 3.056300382978232832e+01 1.589089197953929400e+01 1.226876034012885164e+01 1.892281585659668863e+01 2.596338338870311091e+01 3.630794915141766666e+01 5.682349603320965770e+01 6.716009764467142418e+01 4.632172718651319343e+01 5.242514458483032058e+01 4.205551429814421027e+01 6.279477487201361896e+01 6.954132857144016100e+01 5.397771834511484457e+01 3.415640154771136139e+01 4.338277885621187124e+01 3.831503126161884154e+01 1.979762733986814283e+01 3.968577411492896090e+01 5.273893297835051186e+01 4.687133822718530496e+01 6.690455980521863921e+01 7.887660997790734996e+01
6.166659562896406599e-02 3.543219714742928517e+00 7.078753620675681368e+00 1.079266038421675056e+01 1.471498308698046564e+01 1.930329776439178247e+01 2.930329776439196010e+01 4.085030314818488506e+01 6.085030314818558850e+01 6.000175651379179698e+01 3.978595526583194442e+01 4.833015822139820727e+01 5.616515277967314290e+01 4.293496330554992824e+01 2.360619711852297797e+01 3.389897314930865946e+01 1.318491512495046791e+01 3.394396827529355676e+01 4.656572259230362221e+01 5.511946156902642002e+01 6.540781935220883270e+01 7.587662659473627969e+01 6.716009764467143839e+01 7.151450203550422202e+01 5.227760771220087577e+01 7.151449689776273999e+01 6.806890259084269701e+01 4.814095872065227866e+01 5.397771834512619193e+01 5.275673848532887433e+01 3.434659975752460781e+01 2.076553286970924006e+01 4.066036975792784602e+01 3.280026759683044446e+01 5.273893297837857119e+01 7.183167444644283250e+01 6.981548227318124589e+01
6.211000661219646946e-02 2.006211000661184229e+01 2.707875362067603575e+01 3.079266038421710761e+01 2.626198847077318632e+01 3.930329776439248946e+01 3.085030314818450492e+01 4.239730853197742988e+01 6.239730853197813332e+01 6.831822145508884603e+01 5.150850342274617333e+01 6.515912862696525565e+01 4.612773073731057139e+01 3.208582721475497834e+01 4.369143733213090997e+01 3.483193861663790614e+01 1.411321290894166935e+01 3.488422757264144280e+01 4.363959324306105003e+01 4.907070317183935515e+01 5.742721970793682829e+01 6.897978376705806625e+01 8.399043043201612591e+01 8.203551123791324073e+01 7.331194203896755823e+01 8.203551056792916540e+01 7.634496786220940123e+01 6.806890259084269701e+01 6.105599513094097119e+01 4.108263746813386774e+01 2.705320364245891440e+01 4.066036974892172395e+01 2.218872050707172505e+01 4.208126802744612860e+01 4.352181252698269276e+01 5.563948756492083447e+01 4.976759829663006940e+01
7.336735264618567121e-02 2.007336735264583183e+01 3.007165334196731976e+01 5.007170020387300724e+01 4.626198847077389331e+01 5.454625971823608666e+01 5.085030314818521191e+01 5.913457439564740525e+01 7.068157977944133563e+01 7.991521144141758271e+01 7.160375599693091431e+01 6.126819240603813910e+01 4.213560384142407855e+01 5.170189812373112659e+01 4.577785221498515966e+01 2.539609060993506873e+01 3.488422757264144280e+01 1.546640828880951446e+01 2.921505266085019059e+01 2.893785946279010801e+01 4.068189660139513109e+01 6.070761716309212375e+01 6.413685303755910638e+01 7.821234812145360138e+01 7.622272394902329040e+01 8.449769311823411044e+01 7.744886839426848724e+01 5.737500111812791204e+01 4.584172470417189516e+01 3.591112386348079610e+01 3.453750337472977350e+01 5.037009004276126944e+01 4.208125817437659322e+01 2.363919617604685897e+01 4.352181251961069108e+01 3.568246804388934379e+01 5.563929047085272828e+01
7.164818186532601052e-02 1.007164818194263312e+01 3.007165221631005991e+01 4.053045988672463551e+01 4.881495540893669727e+01 6.036213230444897704e+01 6.251484024615015755e+01 7.079883438118552874e+01 7.925154624109767099e+01 8.925123869151472888e+01 7.455267962185648400e+01 5.576557763207415519e+01 5.576557763207415519e+01 5.993699588769935360e+01 3.991325904858587847e+01 4.577807578406736155e+01 4.455595834603710159e+01 3.622862664283225342e+01 1.685375464428371117e+01 3.166159442991097350e+01 5.186359246774208032e+01 5.591769078854827768e+01 5.010455948214387689e+01 6.220498959561439989e+01 5.639865391268923389e+01 7.622272394902329040e+01 8.577039797371077157e+01 7.001715377837530241e+01 4.998243774417009178e+01 5.585047021144193025e+01 4.340839928693440442e+01 6.277277873316671020e+01 5.181346074781394151e+01 4.352180520901796257e+01 2.510037483542545189e+01 4.470957764803129209e+01 4.279602693792726598e+01
