MOVIE_S4_data/elevation_000366.asc
nrows	100
cellsize	150.0
xllcorner	0
ncols	100
yllcorner	0
NODATA_value	-9999
[rows 34 to 50 of 100, columns 0 to 36 of 100]
6.606448164489217567e-02 2.006606448164453838e+01 3.989418259124838784e+01 5.170427018182989798e+01 4.340693377522788410e+01 3.406849759785043830e+01 5.413055398739471968e+01 6.209244767116727814e+01 4.148575239290553895e+01 4.727112076608835167e+01 3.477522302192232928e+01 4.897373829760086750e+01 6.908415631832733084e+01 8.640568292062314981e+01 7.767414599374164652e+01 6.309183126992451207e+01 4.515606779093673850e+01 4.795779704453862990e+01 6.946330330452103397e+01 7.656673547679702097e+01 5.707856901906785652e+01 6.861072798589049171e+01 7.202752063491232093e+01 5.308842216708203665e+01 5.546253164270675740e+01 4.164829711313139171e+01 5.531556047106271734e+01 7.726645621968614819e+01 7.304152513934386093e+01 5.343562301308909213e+01 7.304152513934386093e+01 6.704263232140520756e+01 5.294141142852357262e+01 3.322045155420081386e+01 4.162219002360593123e+01 2.373645937893141777e+01 3.584112640479344947e+01
6.290596198942818851e-02 1.160991134578184258e+01 3.160991134578148731e+01 4.340693377572911515e+01 2.322519202993655085e+01 4.340693377572912226e+01 5.749090124814303238e+01 5.964212384681393075e+01 4.727112052353820815e+01 2.718520482168622010e+01 4.727112076608835167e+01 6.319053262707142693e+01 6.565066075788172384e+01 6.714112505543820930e+01 7.544790739501482335e+01 7.546554997298795797e+01 6.669052122581035746e+01 6.946326159603307815e+01 7.820985765747485630e+01 8.278886709796083210e+01 6.311273309241182261e+01 8.278887628117321640e+01 8.004946695069875773e+01 7.052370482081629177e+01 5.155772345653286948e+01 4.414102468973003113e+01 5.707652286653990359e+01 7.579298013463994721e+01 8.135095928358039430e+01 6.716877127974206019e+01 8.135095928358039430e+01 6.542648321998433403e+01 4.568585141411693940e+01 5.294141087322977768e+01 4.697873003404425418e+01 2.728867253789256964e+01 2.427313720280536558e+01
5.954267593782444634e-02 2.005954267593746820e+01 3.194575401897155942e+01 3.039993890782810837e+01 1.726995279715713849e+01 2.907706893444919416e+01 4.919750722332317849e+01 4.545911660268397725e+01 3.127604360984671672e+01 2.285057659274651343e+01 4.297732858494012476e+01 4.769857123253732567e+01 4.561454303242178554e+01 4.710280259895394295e+01 6.074607125080967052e+01 6.630479038767106204e+01 7.298506167500806896e+01 8.130570611442642814e+01 9.135680046875818050e+01 9.106852696613844955e+01 7.182640710854538213e+01 9.107251021248156064e+01 8.404138278571130627e+01 6.495877560405199347e+01 6.600902676568992433e+01 4.693924486994763612e+01 5.522911022266770686e+01 6.892456612022610329e+01 8.874611183655623847e+01 8.721960715567141165e+01 8.521475700414816856e+01 6.542648321998433403e+01 6.542648321998433403e+01 5.342201808604768587e+01 3.311708424659263272e+01 4.700157317734503692e+01 4.411338439192383021e+01
5.541180393181056874e-02 9.671652984747034054e+00 2.255682957738468275e+01 9.959908216079542242e+00 2.749871901605878932e+01 2.945221656149532308e+01 3.144255872756996695e+01 3.350915142562395488e+01 1.688349009065104767e+01 2.046257517076146826e+01 2.403600442879719523e+01 2.766827152468470530e+01 3.145798221582009191e+01 3.554063762640635815e+01 4.070757576009648204e+01 4.626386202339443798e+01 5.294571792422654966e+01 6.296576969730669049e+01 8.300785538093403204e+01 9.997332334441220780e+01 8.580970538098951295e+01 9.997394467234832405e+01 9.199855307192044052e+01 8.404138276444308531e+01 6.936639242016144635e+01 5.007979508435943217e+01 6.936639242015834839e+01 7.473016244693771171e+01 9.460903659408283772e+01 9.026379612755999915e+01 8.207005885750743346e+01 7.460084960971464341e+01 6.030200774526760199e+01 4.024356337529524552e+01 5.342201808604768587e+01 5.881625686090792016e+01 3.921167778043131591e+01
5.132731495283296419e-02 1.741638871100061436e+00 3.438154761970375173e+00 5.167099510875003077e+00 7.046912754087427899e+00 8.974317600903889414e+00 1.096168968825777590e+01 1.310626052897435301e+01 1.696711256884191599e+01 3.722360629231872053e+01 4.410095440083290441e+01 4.769857123253732567e+01 5.148302981374461496e+01 4.970281857974394768e+01 5.189471402009033341e+01 6.043506219081875486e+01 7.298506167500806896e+01 8.130570611442642814e+01 9.134303866524894033e+01 1.076184210179258827e+02 1.057761038583030029e+02 1.003561760897902388e+02 8.039497310323817203e+01 6.641819010513269461e+01 5.851092187495170549e+01 5.421930679940756903e+01 7.372886146580802347e+01 8.977089833006925801e+01 9.606852967444335434e+01 7.627170239264832219e+01 6.230838869754367693e+01 5.489353039400628376e+01 4.860920542347515294e+01 5.451618049874544880e+01 6.848704867021081100e+01 5.661173634587741077e+01 4.528406303095908214e+01
5.077994834438732952e-02 2.005052739942962958e+01 1.522418720800653524e+01 2.558195142010998424e+01 2.156394649957351817e+01 2.352657748190447506e+01 3.144253624585027751e+01 1.817678523885368591e+01 3.654453473695753729e+01 2.260858667767379160e+01 4.268872729106749375e+01 4.846721380345064034e+01 6.848882694637678981e+01 6.974140157639622828e+01 7.193471849288029318e+01 8.025037187588490895e+01 8.880952016904107893e+01 9.341773768633730413e+01 7.917669893865264896e+01 8.775317034048190123e+01 9.607408960098102568e+01 1.025522000674662451e+02 8.257572208690262983e+01 7.814865229615230646e+01 7.814865229615229225e+01 6.280253695049587037e+01 6.172636979649809064e+01 8.147485442691420587e+01 9.917683378535998884e+01 9.026379612755999915e+01 8.207005885750743346e+01 7.460084960971464341e+01 6.836884807995042479e+01 7.427023035336932821e+01 6.478864600519905537e+01 4.419906110186118298e+01 2.733233405277305295e+01
4.095169275885861271e-02 2.004076545408853605e+01 3.555628426935555808e+01 4.386994115781077852e+01 4.182652731617005770e+01 4.375797479302219273e+01 4.697395176998028887e+01 3.825087930632430755e+01 2.909630989280230295e+01 4.268872729106749375e+01 2.844994934285239196e+01 4.846721380345064034e+01 6.221695910026007681e+01 7.051472574564495233e+01 8.052858662682932334e+01 9.877538502625957051e+01 9.024867471186604462e+01 8.191358529768048413e+01 6.472457758074534695e+01 6.738649890185237723e+01 8.436242974053467947e+01 9.607408960098506157e+01 1.025522000674662451e+02 9.807834738474640801e+01 9.086774291799996206e+01 7.415043646362563834e+01 8.147485442691420587e+01 7.095902742218623871e+01 9.085293007240309748e+01 9.611207826207461835e+01 8.651610944656867730e+01 7.849107283241551158e+01 7.219274555498601842e+01 6.671177582533734096e+01 6.035764000473434265e+01 4.960626290047763121e+01 4.835062544960367603e+01
3.794593529682660504e-02 2.003794593529647017e+01 2.866597282070152630e+01 3.338001802745342417e+01 3.915352072041942222e+01 4.547807604069052445e+01 5.376234719004414586e+01 5.930905382341336463e+01 4.010479589465973049e+01 5.676222697134556938e+01 4.846721380345064034e+01 3.512468722449765579e+01 4.219598858869173341e+01 5.220511088706476954e+01 7.222880731345550487e+01 9.025959935824634783e+01 7.015989862561092139e+01 6.155545260810918506e+01 5.458028070992200043e+01 5.565124363144632724e+01 6.738649890185237723e+01 8.775317034048190123e+01 8.901089350835908931e+01 9.736248162298753073e+01 1.024009783462655605e+02 9.406765539570594115e+01 9.917683378562824714e+01 8.086882806407896851e+01 9.917683378562824714e+01 8.801156588875221587e+01 6.897057977607896362e+01 5.959609100012723104e+01 5.320610946198863900e+01 4.756806812729536915e+01 4.250309982413932630e+01 5.510667135457091348e+01 4.857016507870073241e+01
3.760068892276602348e-02 4.301615016034957328e+00 8.665972820754767270e+00 1.338001802866504342e+01 1.915352072056120036e+01 2.547807604089784661e+01 3.962021166462830024e+01 5.962021166392073468e+01 5.540900788203382632e+01 6.981221124699374059e+01 6.270575689083637627e+01 4.268461644432549207e+01 5.513847709292716814e+01 7.051472574564992613e+01 8.052858662683455293e+01 8.191379038024048498e+01 6.155545267455721614e+01 4.989737195910200995e+01 4.562542956289070872e+01 6.582285536716943852e+01 8.069234688847696191e+01 8.559556848661161155e+01 6.853954859121263610e+01 8.559556848661161155e+01 9.089043478541564980e+01 9.921296821572887836e+01 1.091898146005407284e+02 1.008370320807273970e+02 1.091898146005407284e+02 9.611207826207461835e+01 8.651610944656867730e+01 7.849107283241551158e+01 7.219274555498601842e+01 6.671177582533734096e+01 5.598059882114014840e+01 3.580059978343371085e+01 3.143859202263374897e+01
3.621519728617531020e-02 2.003621519728582001e+01 2.866597282070152630e+01 3.338001802856418010e+01 2.970994964721879228e+01 4.547807604069052445e+01 3.962021166462829314e+01 5.962021166392072757e+01 7.588945224854484195e+01 7.017676502088951906e+01 7.100361115157116387e+01 5.424261120201340702e+01 7.100361115157116387e+01 8.346471966388152453e+01 8.285684568663813820e+01 7.451589639233256435e+01 7.495539347410090159e+01 5.466522640311610814e+01 4.049456077835075973e+01 5.203666965079081308e+01 7.231684131817671357e+01 7.719175700977089605e+01 5.676014245714303286e+01 7.433637485395416888e+01 7.061593478364920884e+01 8.951523153203821437e+01 9.784043757393725116e+01 1.152180874179661600e+02 1.070028011402266515e+02 1.025208518886074529e+02 9.110842686771844967e+01 8.292274306629596481e+01 8.426188005719430407e+01 6.789965558699661585e+01 4.800419712042209852e+01 3.410998378394725705e+01 5.113820157244842335e+01
2.661327423881425236e-02 2.002661327423846060e+01 3.478317221876980625e+01 4.325377609847041072e+01 4.970994964667337968e+01 5.799422075094538087e+01 5.962021166392072757e+01 6.790448271545935199e+01 6.435431000705928284e+01 5.017272718970506418e+01 6.435431000705928284e+01 7.426662889769717424e+01 8.256699063252884230e+01 8.880709350106539546e+01 6.859628872734829486e+01 5.429840772734068821e+01 6.172923384233030930e+01 5.693593667179379736e+01 3.686617207478040115e+01 5.127947329019420408e+01 7.282570240204142920e+01 6.934549812025296944e+01 4.918355019622237734e+01 5.408987466437431380e+01 7.433637485395416888e+01 6.920012580634559640e+01 8.951523153203821437e+01 1.037587831461587484e+02 8.714863914474260298e+01 9.433794692952213268e+01 7.456623385965792750e+01 6.305114434005798074e+01 6.440470815847496056e+01 6.440470815821109341e+01 5.576830203978474998e+01 3.601613682967378338e+01 4.993429447923814735e+01
2.753285331545040487e-02 7.098628541179033746e+00 1.465911178362958545e+01 2.624617272189414763e+01 4.066694828044644794e+01 6.191208442759921837e+01 6.988872703733277092e+01 7.060454324907500734e+01 5.552709150761506152e+01 3.644019414484188246e+01 5.552709150761506152e+01 6.865315348397874118e+01 8.190691638777025219e+01 7.835386845356893559e+01 7.012552922484543672e+01 6.172923384233030930e+01 4.157511153010472782e+01 5.165216948650569151e+01 3.345330909625509008e+01 5.348812077350493865e+01 6.577581033402418598e+01 5.629224855341222877e+01 4.255780763896812857e+01 4.854664213076510038e+01 5.485917407988620909e+01 6.655518875313119054e+01 8.689139893660453140e+01 9.553999536759948796e+01 7.562393060967788472e+01 8.404145001841538942e+01 8.962836049069686339e+01 7.144987019247420790e+01 5.152314279727841040e+01 4.452395521936633571e+01 3.887797948187259323e+01 5.576830203978474998e+01 4.650216448376497169e+01
2.210104741296625708e-02 1.416423667114379192e+01 3.416423667114307960e+01 4.325377609847041072e+01 4.883403788302200610e+01 5.726140742813075235e+01 5.058057339447464784e+01 5.650974886171281497e+01 4.108268723836052772e+01 2.784788083725237584e+01 4.047510272214022109e+01 6.015043036967809087e+01 6.200531218629203067e+01 6.200531218629203067e+01 5.050400074740119294e+01 6.257076442864905630e+01 5.117287365270739485e+01 3.157180697352543675e+01 3.013066626592297936e+01 5.014063144874319278e+01 5.266990646333766790e+01 3.743200195789179929e+01 5.744662539084436048e+01 5.893024560701337577e+01 7.515028251287931482e+01 8.352028169014160142e+01 9.522446450445791299e+01 9.553999536759948796e+01 7.562393060967788472e+01 6.406574807485827705e+01 6.968147442525906854e+01 7.067261669977325766e+01 6.189233378263162422e+01 4.201500415366116670e+01 5.868932567683054202e+01 6.694425376595675914e+01 5.642738541023072685e+01
1.884200952422735234e-02 1.416334638163502113e+01 3.423191563029747897e+01 3.226554666603622223e+01 2.861163253770538262e+01 4.036119240568397259e+01 3.520482972588057180e+01 4.077720715782878358e+01 2.802518233947339255e+01 2.089298604571213147e+01 3.217194784612393477e+01 5.181742321433522136e+01 6.200531218629203067e+01 4.226706064081017189e+01 3.941344126372833045e+01 4.817544024198255670e+01 3.609036245146209865e+01 2.554881153932925386e+01 2.788914742424365656e+01 3.025940876815013425e+01 3.267793882934448391e+01 5.266990646126984643e+01 6.580162757472230339e+01 7.918494675171069730e+01 8.753827820474459998e+01 8.840042578748590074e+01 9.672717239780642728e+01 1.037587831461584500e+02 8.704775682085225696e+01 6.708764708234454588e+01 5.552191477791009078e+01 5.068335831186051621e+01 4.700650872747264941e+01 4.496483211988316953e+01 5.904685635062656957e+01 7.902138526805977392e+01 7.055133242810180150e+01
9.934550753332892920e-03 2.000993455075297689e+01 2.311035522020390687e+01 1.225262604306305114e+01 3.154068988890786329e+01 2.043332451598439548e+01 2.752976045149378237e+01 9.376340075570437804e+00 1.381092684489656364e+01 3.373618903516947398e+01 4.866562957059667127e+01 4.431413458699267238e+01 5.251501758059365699e+01 4.952174580367980639e+01 2.944705659262232800e+01 3.111813257900548635e+01 2.299576199609083460e+01 3.298632582672311742e+01 4.787833877847663899e+01 4.435678901627249360e+01 5.266990646102944851e+01 3.789987251014635916e+01 5.793010276619487797e+01 6.862160456252019003e+01 7.403877087485594188e+01 6.808997863192242050e+01 8.840042578748590074e+01 1.001990136461575389e+02 9.527580592827007422e+01 8.009455359968022492e+01 6.010760717817225185e+01 7.067261669977325766e+01 6.696070460352137843e+01 4.804162467409784654e+01 5.957013606773234926e+01 7.955532202758671190e+01 9.048705928044569191e+01
8.364784840791048004e-03 1.997620920447650761e+01 2.338476472136706619e+00 3.308618972282036719e+00 2.326844858243278580e+01 2.590773315137515098e+01 7.098461151025428961e+00 8.135964339383505717e+00 2.566367943425422027e+01 3.046411796129113370e+01 3.174571865693119577e+01 2.435016835248413969e+01 4.108465280307530065e+01 3.664462754858890747e+01 3.825378749169447445e+01 2.052921848028423213e+01 4.056761226498628758e+01 5.137965760505397839e+01 4.937429606343718547e+01 6.446915941927431959e+01 6.629272627568812482e+01 4.784947556855360062e+01 4.388629943151568824e+01 4.844288397711019911e+01 5.376959052692178886e+01 6.138251395801672317e+01 7.157156376348713422e+01 9.188649973547029504e+01 9.160477799019864165e+01 7.166848453930228402e+01 8.009455359968022492e+01 7.367446577480153280e+01 5.367184248374923783e+01 5.378860769555932819e+01 7.379108833508125542e+01 8.779401292730513262e+01 9.949692861522940746e+01
5.219006137575642711e-03 9.697046504783993770e-01 1.916326154445770413e+01 2.317904342977546150e+01 4.695369462845101260e+00 5.680698741009375219e+00 2.425251041956961373e+01 2.803971680984361470e+01 9.603681187751179849e+00 1.064751706220426541e+01 1.172345666257072416e+01 1.280662424396384935e+01 3.283154851705823774e+01 1.661340376058173263e+01 1.821983471849688030e+01 3.825378749169459525e+01 3.467669141036664371e+01 5.478955686962681426e+01 6.957399438144696546e+01 7.791959595015418927e+01 7.637967597637582173e+01 6.207418871066175825e+01 5.805910009987415066e+01 6.004112532831407378e+01 7.403877087485594188e+01 8.172903174947872174e+01 9.007768167610575460e+01 1.001990136461893570e+02 9.982812258312607412e+01 8.320430185188283190e+01 9.194209563709247846e+01 7.200588126183875204e+01 5.784358036502621303e+01 7.379108833875812934e+01 6.323052052298702108e+01 7.737825749963229782e+01 9.728587647277825567e+01
