MOVIE_S4_data/elevation_000353.asc
nrows	100
cellsize	150.0
xllcorner	0
ncols	100
yllcorner	0
NODATA_value	-9999
[rows 68 to 84 of 100, columns 0 to 36 of 100]
7.700916269626027766e-02 1.636479690076821214e+01 3.289917616546104995e+01 2.002137370240879832e+01 2.500390630904516698e+01 1.009112408772390701e+01 3.600638951283594569e+00 2.815269858944994397e+01 2.278852965221683036e+01 1.658968461154574570e+01 3.780722206677612007e+01 3.044412577482272297e+01 3.622801480348397263e+01 2.021356694265938003e+01 2.917231328361412679e+01 4.077075540224640804e+01 6.087332927169663321e+01 7.657443861587259448e+01 5.369318591673890495e+01 5.678720918110083460e+01 4.095686398768137337e+01 3.431066182179333879e+01 5.462439302698315657e+01 5.236279655844172964e+01 7.251868490953864921e+01 8.794842109811347086e+01 8.696903602862222726e+01 7.869967560857365640e+01 6.858199356096092458e+01 5.445224040021469847e+01 6.179490287745566945e+01 6.204633026286611397e+01 5.385385496149003615e+01 3.705685174980060737e+01 4.296268678134633490e+01 5.444947811687961092e+01 7.484337193160732227e+01
8.069533752736411658e-02 2.008063389355377382e+01 2.195604597128230751e+01 1.133402141640166283e+00 1.439939866365184340e+00 1.746587229424723775e+00 2.053417177994042220e+00 4.465494042759925897e+00 8.543735592189893424e+00 2.962832923645731142e+01 3.018045474708434739e+01 1.409110279147857447e+01 1.642884551615654232e+01 3.622801480348397263e+01 4.864329362130340684e+01 5.764209475249209191e+01 6.928159783436127839e+01 6.493964796462067568e+01 5.512405724408003493e+01 3.547971995499679565e+01 3.091663737254048172e+01 5.112499963061679864e+01 6.291594572453149681e+01 7.251868487506375516e+01 8.069587872936968154e+01 8.062568383867578348e+01 7.235370135796540580e+01 5.871494640372054619e+01 7.543435224064332090e+01 6.179493810962130595e+01 4.190304102850164725e+01 5.184899299278099249e+01 3.454914299396833144e+01 5.434273793800862506e+01 6.306230923703943603e+01 7.164131560652931796e+01 8.350192900953044273e+01
8.761414646403616058e-02 3.936362696622842106e-01 6.999118062936028339e-01 8.003663026074594455e+00 1.158325043443955060e+01 1.746711626194122857e+01 1.930001848449668245e+01 2.488534020981514772e+00 2.264224784130874824e+01 2.682381333677098922e+01 1.078137413819302104e+01 3.018045180201279010e+01 3.033974964411098796e+01 2.742905376802755057e+01 3.926369222598624731e+01 5.944803392103214890e+01 7.087520608861036919e+01 5.080625177332688480e+01 3.678151781937731357e+01 4.570625488662895464e+01 2.870922730446443438e+01 4.021398323733007629e+01 6.055567564852537998e+01 7.967718549637032766e+01 8.551845451838588019e+01 7.235370135796540580e+01 5.239430818360771980e+01 4.721305990470604286e+01 6.650999601114172322e+01 5.778069180175332775e+01 4.952474306915695479e+01 3.205866364543321367e+01 3.861256967713081423e+01 5.002681984956767991e+01 6.414462194205674450e+01 8.411887914752004747e+01 8.526568818822023843e+01
8.635282826207266171e-02 1.729509192452890076e+01 1.542788673183847381e+00 9.647744480213722440e+00 2.491635879454283753e+01 2.540353178800265610e+01 2.277438769344403369e+01 2.796884653971879242e+00 5.117366942209664593e+00 7.445125688401733832e+00 2.270351302573009988e+01 3.849559593941203417e+01 5.044352519159009773e+01 4.611169017704357032e+01 5.618589021699068553e+01 6.786047989605390285e+01 7.668488725592227695e+01 5.668431240094992063e+01 4.570625506079304046e+01 2.589725802949445921e+01 4.570625500932492713e+01 5.714109721341544201e+01 6.881918309566897562e+01 5.948524859762940764e+01 6.539932998997974778e+01 7.540250328384706791e+01 5.824027909600859232e+01 3.837489899279156447e+01 5.013027162947009430e+01 4.723628118705261869e+01 2.970602926286119683e+01 4.369742131463689816e+01 5.846634232230421446e+01 5.261748480236113323e+01 7.258673347133854747e+01 8.526551684132810749e+01 7.375907145715527236e+01
9.478645523280027074e-02 1.951226346345222140e+01 2.644778578694295135e+01 1.708350591142366426e+01 3.360588553586369187e+01 3.839818832615713262e+01 2.129326831165458600e+01 3.107799616520376063e+00 8.886126057994273353e+00 2.655207055642121361e+01 3.502767783897038356e+01 5.265642450991621359e+01 5.625207777965047029e+01 6.390324019737732897e+01 7.419001436787631576e+01 7.563098084997390913e+01 6.400985138630289839e+01 5.571923881365411546e+01 4.366779320364155126e+01 2.407724398925408948e+01 3.774754743766365550e+01 5.796053082464682404e+01 6.475500435472301319e+01 4.534948622702256671e+01 6.475500435472301319e+01 5.546466648169363367e+01 5.546466648167811542e+01 5.013027162939967951e+01 3.028908253295843522e+01 2.736200793271034115e+01 3.489795419743911253e+01 5.473354174832981300e+01 7.186396228886349036e+01 7.258673347133854747e+01 8.085007821800985539e+01 7.703982086717067546e+01 5.708034853133687392e+01
9.525764315303594798e-02 1.497327365038838387e+01 3.423804017986932280e+01 2.762515580107055868e+01 4.061113560107915532e+01 3.685824547547128560e+01 1.753860749083691317e+01 3.418668748767358156e+00 2.231589407065729347e+01 1.500512387505336243e+01 3.156688859465500130e+01 4.646592009609587848e+01 3.899146347874976470e+01 4.916918768791054362e+01 6.676480528101981804e+01 6.740435052286024131e+01 4.716514335038841921e+01 3.555150848356822735e+01 4.169326419048966414e+01 2.228722138329628777e+01 3.579634458062584201e+01 5.592965925326632259e+01 5.643924959579305067e+01 3.674848002090657673e+01 5.643924959579305067e+01 5.546466648169363367e+01 3.557768913651572973e+01 4.288703764430091780e+01 2.506102033839113474e+01 3.918406232786738030e+01 5.473349954949380702e+01 4.889365872157894444e+01 6.883260606309671914e+01 8.175474388693372418e+01 7.366015235628066193e+01 8.175474388693372418e+01 7.375907145715527236e+01
9.788009848798670531e-02 1.444760417105998407e+01 3.502409822723142696e+01 4.309539729044592349e+01 4.715654772028349839e+01 3.697017617043133697e+01 1.781033811091250030e+01 4.569255605532739573e+00 3.845806525164594980e+00 3.298110434562762805e+01 2.312414502678448258e+01 2.894178774796877107e+01 4.646666589280290793e+01 6.120949135473291136e+01 6.855653105712931961e+01 5.546191815771224043e+01 4.721011069318365116e+01 4.407539417009480331e+01 2.443673270537039599e+01 2.048843814901568550e+01 3.390626013113661230e+01 5.394667243611517904e+01 5.021248159388225929e+01 3.066641999940431518e+01 4.223283548286779165e+01 3.942989900512867507e+01 4.083299327704044401e+01 2.286665044218187504e+01 3.112589209824458436e+01 5.100102782920114919e+01 6.733181591627653972e+01 6.883260606309671914e+01 7.711139000930396037e+01 7.210461697004771509e+01 5.446006315796985575e+01 6.554573415940120640e+01 7.359920906616135028e+01
1.029007262483629948e-01 2.010290072624800928e+01 3.572129629109523563e+01 4.479162035918533036e+01 5.199587620581696257e+01 3.214901912716416632e+01 2.209026061070101932e+01 6.946014504541626167e+00 4.140052851254235833e+00 3.665653862466020740e+01 4.100056878749123257e+01 4.642491341877749278e+01 5.066103994403088961e+01 3.779790132639278255e+01 5.214227485462891565e+01 4.344091969852895119e+01 2.803455670104558806e+01 3.463311158581193183e+01 1.790167470540954042e+01 3.713207804317578820e+01 4.807356277649657983e+01 5.795089244378425519e+01 4.968980070852686026e+01 4.223283548286779165e+01 2.257524834799155400e+01 1.929964263411646641e+01 2.074400472909172066e+01 2.795746808384795656e+01 4.787939954115344676e+01 4.516840603583832348e+01 5.923664529733503059e+01 7.919469414966316378e+01 7.765700791433410188e+01 5.842792778968573941e+01 4.478676928558764558e+01 4.628139475695171967e+01 6.244675448326449185e+01
1.090813040483475660e-01 7.668151874921058209e+00 1.758252730046189427e+01 3.651723795908012704e+01 4.657587485270532568e+01 3.238729280651362075e+01 1.381962100921304426e+01 4.567009836350689689e+00 2.423110556139356575e+01 3.971271479783750635e+01 4.018524832710588157e+01 4.244829293198902320e+01 3.595414536234815017e+01 2.164931947583561112e+01 3.470609415275626475e+01 4.372006404807320479e+01 3.310861049663590450e+01 1.533397569054806731e+01 3.463311158590431660e+01 3.713208214232056292e+01 5.709612027115186805e+01 4.968980070852686026e+01 2.970113658396298817e+01 3.555568075918746018e+01 1.727102154980476811e+01 3.745436710356411680e+01 2.982733281357248245e+01 4.786706133823470566e+01 4.056213727810896330e+01 6.047064604585828107e+01 7.335212059472146962e+01 7.533490581659043528e+01 6.713001647114042214e+01 6.804274053935216671e+01 4.878217299556208530e+01 3.544029659727649317e+01 4.749180014561979135e+01
1.124699208350869450e-01 2.011246992083473017e+01 3.572129629109523563e+01 4.479162035918533036e+01 3.828847312638712452e+01 1.792280219881320491e+01 5.691014460019749421e+00 4.882152138250343221e+00 1.590036176837292814e+01 2.436426679061289136e+01 2.002757338415954180e+01 2.506169744958575052e+01 1.776927817912420693e+01 9.006078233273219880e+00 1.522609466790166266e+01 3.057978981149019759e+01 3.051604275982242598e+01 1.354813374249812163e+01 3.159196607904342713e+01 3.606784688520506421e+01 4.322578219061109195e+01 4.196389645992545780e+01 3.368680556308098062e+01 1.534067302358532459e+01 3.555568075918746018e+01 3.745436710356410970e+01 4.132296998843018088e+01 5.789589624407148705e+01 5.462085655947366547e+01 6.874957007194981884e+01 7.533490581659043528e+01 6.381772469938985637e+01 4.712368880423142059e+01 6.381772469938985637e+01 5.851927408880616355e+01 4.729012338408664817e+01 2.903369368146111640e+01
1.143247760050987577e-01 2.011432477600474300e+01 3.593161319164829592e+01 4.585919140312017106e+01 4.266083472711259361e+01 2.266840737912986725e+01 2.569263707079848658e+01 5.325867751948155870e+00 5.324979573208724837e+00 5.637804917914251313e+00 5.947014165369760796e+00 6.242506653216698176e+00 6.525718536533747560e+00 6.803003163982514145e+00 7.601922976954508471e+00 9.337990784996522464e+00 1.108136261238880671e+01 3.032301087372297843e+01 3.002340435080721193e+01 1.325489304093319909e+01 2.963615644999025989e+01 3.184118349636182188e+01 1.346900173332681661e+01 3.368680556308098062e+01 4.382601451387360214e+01 5.740540940984768525e+01 6.115481466154320600e+01 6.932952406941883794e+01 7.459328716091590650e+01 7.022357787138354013e+01 6.713001647114042214e+01 4.712368880423142059e+01 3.526474362815113750e+01 4.600295668936563231e+01 4.133928247032191194e+01 3.306153727052637237e+01 2.501714394179811407e+01
1.246997244282603834e-01 7.683989137316570073e+00 1.768394530777973728e+01 3.764458215592152612e+01 5.079088201848630746e+01 3.652328878037464222e+01 1.516974905582740440e+01 2.627749386026026102e+01 1.512122698172944091e+01 9.987069347628558802e+00 2.370282623999072058e+01 2.551522763438998354e+01 2.627858743289721843e+01 2.665979175878451457e+01 7.203021169355733555e+00 1.902149449613312626e+01 2.933035030213142846e+01 1.095542700895742705e+01 9.124161446884375692e+00 9.446081620711476390e+00 1.004395836493528016e+01 1.163161605792598507e+01 3.184115671655058932e+01 3.368671152880356345e+01 5.368129778909348460e+01 5.855691690799054783e+01 6.695203040483652046e+01 6.890818476625341304e+01 6.071829709316900647e+01 5.041674005209868170e+01 5.041673991719302705e+01 5.144349287976406515e+01 4.600202351924428257e+01 2.545146530527681605e+01 1.866771810705511214e+01 1.915754380994099648e+01 3.069661068946073712e+01
1.222495852330377081e-01 2.012224958523268370e+01 3.593161319164829592e+01 4.585919140312017106e+01 5.633153719794502479e+01 3.645307479624518976e+01 2.342544238393561784e+01 3.851621039523149648e+01 3.069273180526435496e+01 2.679286727958684722e+01 1.616519671232088129e+01 2.520308790981961522e+01 3.428481831767000898e+01 1.056351774358122952e+01 7.490398778472781238e+00 2.261195528699186497e+01 2.807989460600964549e+01 8.670688993356755248e+00 2.745857019329973525e+01 2.891414507004685674e+01 9.906034774155635603e+00 2.971902175354664521e+01 3.169789312585856678e+01 5.118410689305398620e+01 4.444380052692876149e+01 3.859795631508318792e+01 5.855691690799054783e+01 6.071829709316900647e+01 4.097584880229395310e+01 4.669214744730670930e+01 3.075391018256261688e+01 3.167370839716946307e+01 3.781727104700812703e+01 2.693060865738950582e+01 1.857718444175026562e+01 3.857650700163341639e+01 1.971757888862376262e+01
1.242739267172789652e-01 2.012427392671692417e+01 3.313744663434413695e+01 4.143669903223121764e+01 5.139724581993900898e+01 5.221902781599553833e+01 3.437175001256610329e+01 5.093833804310591518e+01 3.893277076946463922e+01 2.248678222120495818e+01 3.309362315995097248e+01 3.655394736501477837e+01 2.949095367226660258e+01 3.102181205299204692e+01 9.348671175036050940e+00 7.914578013558421610e+00 8.222607605765611893e+00 2.772754969696974925e+01 3.360547141142045291e+01 1.092235061037915145e+01 1.023754786181138421e+01 3.023005054908278311e+01 3.851489620050603691e+01 3.380285942837564050e+01 2.453655179617197746e+01 4.444379640176386914e+01 5.658987049682446724e+01 6.474360653083995487e+01 4.664511199129260177e+01 2.698688495219702688e+01 2.467426915238186425e+01 1.715907311586646955e+01 1.756543059592406308e+01 1.798297301294580208e+01 3.813850179541305607e+01 4.681064519124607415e+01 2.986148390021994814e+01
1.363277786145862258e-01 6.460883186871266837e+00 1.312755211996491056e+01 2.312792420432402096e+01 4.316661112644596443e+01 6.231246351796094984e+01 5.457693615748877392e+01 6.131300858984478452e+01 4.402979041184950404e+01 2.704379320871393233e+01 4.415594639065037796e+01 4.692797945382398694e+01 2.776446714584312048e+01 1.394603000054581976e+01 3.165338097443524745e+01 2.867362764751774407e+01 1.002381938470517220e+01 1.721979032276682275e+01 3.226974884226689255e+01 3.455559770987419199e+01 1.829222779541967725e+01 1.071360838822938710e+01 3.069632875403223338e+01 1.153231977131965991e+01 3.379232072205729764e+01 4.262339564908858591e+01 3.683943629498826766e+01 5.658986467057306413e+01 4.118182793500007222e+01 2.168132136653721176e+01 1.660414623751129781e+01 3.693493251351395656e+01 3.781709225990891099e+01 2.243938179936293764e+01 3.276792657949965815e+01 5.248390170853968328e+01 4.691845018982626669e+01
1.385108665542580109e-01 2.013851086655390432e+01 3.313744663434413695e+01 4.143669903223121764e+01 5.150100043163467234e+01 5.307040188220872068e+01 6.123745957945049412e+01 5.979475117689651853e+01 4.071096225143487857e+01 3.862831688617269776e+01 4.065002721639922356e+01 5.752762933988962857e+01 4.610394338455345320e+01 3.727132913256265567e+01 2.039706918614411535e+01 4.358767937839331807e+01 3.519581480821423014e+01 1.568375703910211882e+01 3.699268682651618434e+01 4.931432244433931089e+01 3.175415538190575049e+01 1.469265868052294977e+01 1.119213790136468312e+01 1.153318610245148079e+01 3.159561497054723134e+01 2.262594241937132011e+01 3.486453034970275411e+01 5.482877247627769890e+01 4.750772104915788674e+01 3.289317270880845712e+01 1.622962208609756019e+01 2.686334545468912438e+01 4.525681384760082437e+01 4.147997365858355323e+01 4.962935788503853018e+01 6.066508735447735745e+01 6.913747462279357592e+01
1.449534828613714132e-01 1.428708910659244680e+01 3.428708910659315023e+01 4.711033087502753602e+01 3.875306437499300216e+01 3.285347358877984902e+01 5.307040188220872068e+01 6.154105599390820913e+01 6.002043277157172696e+01 5.752626761326609994e+01 5.951875274482593881e+01 6.776670385235915717e+01 5.106065042825485989e+01 2.811069639244325558e+01 4.397740552159677918e+01 5.257901916087652694e+01 4.135470771711308657e+01 2.057759740672849702e+01 4.135470771713353599e+01 4.747049659997826154e+01 2.748871943249768890e+01 1.580237865787967166e+01 3.140629773410476844e+01 3.170642759382024778e+01 1.201502915819335193e+01 1.535534234236688889e+01 3.488238222719948567e+01 5.216963056830645939e+01 5.226958046593307472e+01 3.156418093580375128e+01 1.586249338358145700e+01 3.586408474619023679e+01 3.780939313977434324e+01 3.960349803407839175e+01 4.787434785158260553e+01 6.200797748706839485e+01 6.172638236983846127e+01
