MOVIE_S4_data/elevation_000300.asc
nrows	100
cellsize	150.0
xllcorner	0
ncols	100
yllcorner	0
NODATA_value	-9999
[rows 34 to 50 of 100, columns 37 to 73 of 100]
3.521657560652393215e+01 5.401020258488802739e+01 6.502412030345065830e+01 4.657351895966019129e+01 6.502412028142498457e+01 7.297489448902375386e+01 5.993244679770988625e+01 5.054992960629800791e+01 4.380931065250925371e+01 2.435985770476765921e+01 4.441460199025936362e+01 5.788433793737290500e+01 5.969710401797780008e+01 4.703218832631089441e+01 5.551873063714370460e+01 4.472587885695023857e+01 6.077474968051384963e+01 5.261720545272744687e+01 6.786899895352654255e+01 7.182083260842763650e+01 6.019895753657113602e+01 7.245265458836855998e+01 9.320381523119505118e+01 1.058602278554319582e+02 9.759452045792846775e+01 9.637700043020730334e+01 8.602238631883648168e+01 6.584371583999383404e+01 6.392438019621086909e+01 7.064305569403468610e+01 7.826492260954495350e+01 9.845359147366943375e+01 1.051252657086104705e+02 1.051252017439414743e+02 1.201941368674569901e+02 1.197339962375742033e+02 1.280931216170518212e+02
3.194060863127035432e+01 5.078469941710632440e+01 5.658394733734989046e+01 3.667074424128545473e+01 5.658394733733852888e+01 7.009813818297652688e+01 5.946850534327762006e+01 2.851537196826301468e+01 2.375383431805598633e+01 2.978032751865227468e+01 3.901849465957533880e+01 5.191074501232800742e+01 7.004674753984906488e+01 6.763704018746484792e+01 7.385041509849642694e+01 5.377779164514250709e+01 7.385041509849642694e+01 6.465519948241731640e+01 8.200176653993834464e+01 8.969737413000277115e+01 7.082508933126449335e+01 8.969737413284271099e+01 1.015944707706664616e+02 9.759452045792846775e+01 7.754969912850759783e+01 7.631445555326205010e+01 7.634896986574001687e+01 5.978223703972037839e+01 7.993826078137254854e+01 9.082299287987811454e+01 9.845359147366943375e+01 9.254206663793009113e+01 1.127252525170533630e+02 1.252676557504932475e+02 1.164796767518603815e+02 9.964610754138738002e+01 1.164796767518603815e+02
4.629400492254509913e+01 5.079302812452270643e+01 4.253541695904606712e+01 2.985523445168553280e+01 4.153480980157927149e+01 6.136074872827669680e+01 5.647670547826951548e+01 3.835414150846287384e+01 2.332615091609060443e+01 3.607188276083627443e+01 4.539728659966152691e+01 6.067678778848301135e+01 6.705662779124727990e+01 7.540031256403274540e+01 8.313388350176417418e+01 6.853733268433194326e+01 8.313388350176417418e+01 8.552869926425121605e+01 9.397015085922829769e+01 1.000189694246092671e+02 9.162116476485975625e+01 1.000189694253896846e+02 1.025220679261224603e+02 9.759328981683950133e+01 7.754968924940123998e+01 6.330942539904152966e+01 5.623883664416366912e+01 7.634896986574001687e+01 7.623378402442624235e+01 9.050742246470834118e+01 1.106986364266882816e+02 1.127252644962344448e+02 1.210884687578865027e+02 1.194320460582613066e+02 1.081362482913794310e+02 8.800569537891510663e+01 1.081362482913794310e+02
3.962603957923916909e+01 3.992457319024894957e+01 2.162121662009227663e+01 3.585443731939874823e+01 5.280152416346096800e+01 5.659656572583739376e+01 5.053776375581652758e+01 4.234593168487793235e+01 2.289853954802555691e+01 2.364486226256098789e+01 3.390567516997594311e+01 5.046816362226765307e+01 4.732249653000830136e+01 5.971397826694240507e+01 7.963294812255580268e+01 8.930812837052691577e+01 8.932315881322894313e+01 8.932314994653319218e+01 1.092971579644530067e+02 9.972158868386506470e+01 9.128379255944213355e+01 9.655074020665801982e+01 8.219598650797475159e+01 9.655074020665801982e+01 9.170136037518948058e+01 7.404106395932394946e+01 5.399560844551825767e+01 7.404106396097415654e+01 8.486999358038112007e+01 9.323652881965395522e+01 1.033346891519976225e+02 1.120730555223375404e+02 1.036748141070714553e+02 1.110798990575354424e+02 9.095228632805761038e+01 8.086503388015637483e+01 1.010190230546603374e+02
1.949939696759426511e+01 1.986401189313090399e+01 2.022833522417091601e+01 3.940066134199225445e+01 4.087762811579212752e+01 3.607658564873430151e+01 4.182330711214644481e+01 2.237309021241568274e+01 2.952120097090535467e+01 4.351881265572369983e+01 2.470384782181703187e+01 3.116469212589562332e+01 4.010060980227690663e+01 5.390503442362193454e+01 7.373806897526282000e+01 7.770863641473015093e+01 6.920620295982833170e+01 8.347556934252708061e+01 1.034404886205870611e+02 9.110874346210459862e+01 7.057459982745371008e+01 7.640638708307456284e+01 6.780993579835244134e+01 8.814935792040040496e+01 8.696492912323795110e+01 7.178678085307628010e+01 5.183085212090600180e+01 5.803495937914085800e+01 6.469998850099520382e+01 7.477277855820368302e+01 9.496720860255850027e+01 1.004042325829157818e+02 8.349039342187076329e+01 1.004042325829157818e+02 9.464577208167939659e+01 7.447839488444604683e+01 9.464577208167939659e+01
3.703990546711607834e+01 3.935749309590004685e+01 2.637005105686783324e+01 2.074481798575528657e+01 2.111066493316975112e+01 2.147652973213360994e+01 2.184544602446856842e+01 4.141157338899234475e+01 4.880829133537235265e+01 4.383314960306892516e+01 2.545867233639506821e+01 4.535208113258455143e+01 5.346337980021600345e+01 6.120631715952083596e+01 6.985649569600106190e+01 5.701217161844176218e+01 7.770863641473015093e+01 8.268401004913717145e+01 8.708417045668942080e+01 8.824505346434030173e+01 6.987121674983751518e+01 5.609066673972641581e+01 7.640638708307456284e+01 7.635888836823406223e+01 6.686130658466942123e+01 6.686130665306890819e+01 4.984802540711202568e+01 6.969564826869175533e+01 8.486999358038112007e+01 9.323652881965411154e+01 1.033346891519650512e+02 9.202133338792980055e+01 7.194655767071088803e+01 9.202127704475120140e+01 8.960375163584676272e+01 6.942771527925582120e+01 8.287853759761036088e+01
4.468602708771761201e+01 4.571072546731910080e+01 2.869382323083802433e+01 4.095464437654863588e+01 4.102168000884496735e+01 3.346986137809555117e+01 2.286361439095195180e+01 3.729467863019009144e+01 5.858087243172541037e+01 5.319632848567922423e+01 4.535212044208029170e+01 2.653153347293712372e+01 3.866331510068553712e+01 4.205508955373672109e+01 6.161300802848951008e+01 4.972790970419195844e+01 6.467670750650081857e+01 6.350776849395817436e+01 6.687255340238495194e+01 8.708417045662770306e+01 7.081523724023097088e+01 5.099610451479881590e+01 6.418392667919133032e+01 5.642501601695650493e+01 6.413299803780348896e+01 4.718033423013640970e+01 6.686062821714200766e+01 6.230179445591157616e+01 7.650657334325187264e+01 9.669389529610451461e+01 9.841983385446476973e+01 8.492195389079586221e+01 6.487090644336051071e+01 7.606164011224758781e+01 7.777189181717690758e+01 7.950335859457365473e+01 6.269418632800925906e+01
4.656576603668155201e+01 5.512257777198936282e+01 4.869445648250786718e+01 3.868450537863856198e+01 4.967141171427225999e+01 3.460544417580987897e+01 2.476631509565094547e+01 4.734610905433568462e+01 6.569372166266160207e+01 6.037755282486259745e+01 4.063633261622589288e+01 4.641839673938146404e+01 2.761450981460714615e+01 4.749088561915037587e+01 5.680016293239807368e+01 4.314904857609850097e+01 4.962792145193250803e+01 4.944486455048031814e+01 6.962813389706971634e+01 7.453789289717259692e+01 7.139699658050749065e+01 6.320292732015102644e+01 4.449137070431447682e+01 4.280573632547509533e+01 4.460842936395562930e+01 6.413299803780348896e+01 7.519914001511418178e+01 8.241865951931116285e+01 9.078546791495369916e+01 9.207931617183891149e+01 9.004334649050224471e+01 6.995342271013339541e+01 6.990223251113698666e+01 5.592475733686936223e+01 5.760395667473385117e+01 5.931583799946825053e+01 6.189061464480145247e+01
6.643563353547489214e+01 6.919908444925469837e+01 5.002734895952146843e+01 5.833975791609893946e+01 5.709696263129595195e+01 4.670764341522399832e+01 2.711368549108927439e+01 3.646560012577700149e+01 5.723730347892427517e+01 6.866193407790969161e+01 6.037755146492307290e+01 4.386598085249511314e+01 4.749088105291214390e+01 2.871171763492493767e+01 4.856965999505599996e+01 3.727112371603894303e+01 5.208946517249356845e+01 4.071667705079595123e+01 6.063055456887855854e+01 5.184746787262145773e+01 5.083079152250641641e+01 5.688979558315531904e+01 4.022264436249535180e+01 5.966444050318516190e+01 6.413299803296520452e+01 7.245441829289261193e+01 7.839491435940499287e+01 7.957991285377174506e+01 8.617273443572436520e+01 7.190509653314377658e+01 7.985634371775508100e+01 7.149924550000355339e+01 5.367135090217968241e+01 7.373708878355637353e+01 7.777228610923825158e+01 7.358838744664178932e+01 8.208957551662733465e+01
6.696506407760570312e+01 7.702060008405993585e+01 6.363528005769530438e+01 7.408148029037465676e+01 6.498675401707401988e+01 4.434962994243738876e+01 2.952964185180002943e+01 5.039410357614104186e+01 5.723730334734410263e+01 7.768474618849369051e+01 7.191608670777957002e+01 6.361986306692136850e+01 5.658857807516846350e+01 4.765737602281488705e+01 2.982059550139614501e+01 4.964427189843457455e+01 3.229593732413330542e+01 3.634831584301246465e+01 5.307287872381012761e+01 3.586098998747030464e+01 3.679964061347563131e+01 3.775768192854955174e+01 5.728713124962136760e+01 6.709587858097276580e+01 6.205655400412703671e+01 6.310533893309923315e+01 5.839191800827624235e+01 5.953816746366764079e+01 6.658546110455255018e+01 5.773501110205366871e+01 6.930386222791574369e+01 5.152246676480501719e+01 7.149924550000358181e+01 6.836937063627368616e+01 8.806289953525549663e+01 9.378338339093839693e+01 8.584061462946405641e+01
5.297253058357887312e+01 7.278041576104149613e+01 8.263129904209866083e+01 8.381622896780316978e+01 6.070691483765504159e+01 4.443998600084560024e+01 3.201035847797648870e+01 4.257982285299637937e+01 5.462353853416463068e+01 7.503589872606623601e+01 8.286963805889656953e+01 7.016973918803189747e+01 5.039854466021109403e+01 3.657271103086197428e+01 3.743826928455455061e+01 3.096832927000750857e+01 5.043348264787489654e+01 3.362580085172960764e+01 3.455223414915419511e+01 4.534956951819241766e+01 5.576480669768021414e+01 5.728673693968095648e+01 3.937580999304589113e+01 5.882463316491899974e+01 4.255319650368674900e+01 4.365638447218438500e+01 4.474639849439018491e+01 4.583100783055123628e+01 4.692260203446956268e+01 4.802055827441113678e+01 4.944535831306158258e+01 6.930386439223303796e+01 7.901004989878725837e+01 8.742387648230622688e+01 9.641105306233878025e+01 1.040738573134291158e+02 1.060279666512382448e+02
6.482367913075488275e+01 7.619292916164702945e+01 8.436663212350481444e+01 8.027837889718578879e+01 5.992640965265492525e+01 4.529531097897887548e+01 3.469099085040952701e+01 4.529531097897887548e+01 6.588736326498448648e+01 8.345617010051027762e+01 7.451218247729396182e+01 5.462964803767275868e+01 4.491479201388096953e+01 4.625728198553409243e+01 5.665055341765698671e+01 5.076039944160406492e+01 3.333305232491770198e+01 5.290973248065921553e+01 5.406156772988649806e+01 5.672370154307421330e+01 6.472660931488752567e+01 6.697345930671552594e+01 5.850370497274922599e+01 4.096465921360106677e+01 6.019712250840540690e+01 6.308959775747853627e+01 6.425066000560464374e+01 5.541090735268674194e+01 6.658546084464781245e+01 6.777450631628715882e+01 5.062520347798179898e+01 5.609946728337698119e+01 5.747699109772914028e+01 7.960648115047538909e+01 8.510557216833758787e+01 8.393818482665314207e+01 9.520339856316371652e+01
6.112921466124099368e+01 5.646111830911819851e+01 7.297376097613485513e+01 8.436579930073769162e+01 7.431257532267872534e+01 5.848135873911343197e+01 3.764109817282930948e+01 5.848135885391445044e+01 6.588736319953851250e+01 8.623096395020743898e+01 8.286980196870587179e+01 7.288528198168350514e+01 5.359140383832214383e+01 6.010829392283966399e+01 7.429455771046919210e+01 6.154349892374121112e+01 5.306012525150371317e+01 3.571797521123588126e+01 3.770606272987944863e+01 3.968800340481514866e+01 5.895995648017204616e+01 7.005661559805628258e+01 6.847708549465204442e+01 6.037109704062907412e+01 4.765066182878842227e+01 6.731908482490499068e+01 8.373443598351973094e+01 6.950084412100117959e+01 7.703512646204185899e+01 5.698296247182603480e+01 7.052957610610727102e+01 5.374708795658560945e+01 5.645116453170675186e+01 6.069416599163540837e+01 6.506843703538929446e+01 6.976764179026170609e+01 7.511912398776175337e+01
4.125031043270454489e+01 4.503069595766850597e+01 5.646111828885882744e+01 7.619287298761958027e+01 7.584770018774322864e+01 5.547595491868116113e+01 4.071328602115048767e+01 5.124083907581071173e+01 6.306892808084200652e+01 7.740926549119676281e+01 9.772327016783931697e+01 8.181501837581471648e+01 6.497043330290692609e+01 8.011295550566478596e+01 7.272205928350489046e+01 5.963029422622222597e+01 4.005388836783608753e+01 5.533825057411792159e+01 5.158945028427139334e+01 5.918771972314524987e+01 4.248592016890764711e+01 5.355604329517765905e+01 7.284445130239528510e+01 7.264441115305056940e+01 5.274034183773579798e+01 7.264447068242122896e+01 9.055586826527135713e+01 8.961742580512088807e+01 8.190604692627877625e+01 6.182193705400767669e+01 7.833062195659404381e+01 5.830761991535791822e+01 7.637370345932865234e+01 6.124812386774220840e+01 8.121682482785247714e+01 8.983565039723163181e+01 9.520339856316371652e+01
6.112953341720566414e+01 6.480073910070650811e+01 5.130032379760356775e+01 7.104434765838421129e+01 6.845867097727703765e+01 4.800378030840922605e+01 6.144270137123977094e+01 4.687334924325306673e+01 6.735532945272673544e+01 7.362493312673863954e+01 9.391700932663589185e+01 9.345968552985461031e+01 8.504503284127837048e+01 7.835546972121954923e+01 6.429940518821464934e+01 4.459987712282669747e+01 5.122812917530949761e+01 6.799840706115278977e+01 7.238759855651323960e+01 6.368541429772041340e+01 4.448465100157346086e+01 6.405705385218887216e+01 7.833954584185440240e+01 8.095046241926669950e+01 7.264495910755205443e+01 6.201986695636963276e+01 8.214485036423528186e+01 8.949847852372961654e+01 6.940983649783250087e+01 8.190604692627877625e+01 8.319659213187478031e+01 6.313368381257789252e+01 8.319659220444256675e+01 8.121682482785247714e+01 6.626874168815407984e+01 8.630639347001687156e+01 9.823029958300354281e+01
7.411664425668426759e+01 7.569844289780668589e+01 5.595278907330470020e+01 7.569844289780668589e+01 7.370457299119532024e+01 5.338728184644194386e+01 7.370457298932136325e+01 6.735532945272936445e+01 5.330835339406293372e+01 6.768563398836454326e+01 8.796473927695713257e+01 9.654935773989592462e+01 8.422022359819430903e+01 6.393578355336571661e+01 4.991915618678866906e+01 5.188135034988790295e+01 7.110708941802718641e+01 7.956908171540581520e+01 8.483095543487534940e+01 6.615527214736397354e+01 4.649654076340608810e+01 5.514441619454707677e+01 6.692122374929033413e+01 8.818800301672541764e+01 9.055281427790342264e+01 7.203794771496609428e+01 9.061677505034722913e+01 9.530025433827086090e+01 7.520120560047337221e+01 9.530025433827086090e+01 8.856179364235343598e+01 6.848704805066387280e+01 8.856179364235343598e+01 9.299831338532307257e+01 7.292255363939437984e+01 7.258054394169585066e+01 7.812560218677374735e+01
8.229152287072375316e+01 8.079197001707812831e+01 6.106482431068427985e+01 8.079197001707812831e+01 7.955207364368267520e+01 5.929573718888207878e+01 7.955207364368267520e+01 7.924321208934370020e+01 5.898734877204309868e+01 6.990266987030152279e+01 9.018881254520726998e+01 8.796771618456321562e+01 6.755285586172065848e+01 5.594690484078037684e+01 6.987743634102646695e+01 6.068433086419560851e+01 8.032297201380940521e+01 9.073361953955553361e+01 7.062898515996404569e+01 5.651398466860157299e+01 4.858925220492846364e+01 6.835101244968349476e+01 8.414532250854107076e+01 9.815178814380578842e+01 1.007009651877116596e+02 9.230338524693171109e+01 1.009397002572307827e+02 1.020022467610769183e+02 8.187916672361809844e+01 1.020131253762605326e+02 9.461876517918382490e+01 7.453006322565526887e+01 9.461876517918382490e+01 1.006039744684830737e+02 8.048128668619938253e+01 8.675241974426995739e+01 8.675241974426995739e+01
