MOVIE_S4_data/elevation_000849.asc
nrows	100
cellsize	150.0
xllcorner	0
ncols	100
yllcorner	0
NODATA_value	-9999
[rows 34 to 50 of 100, columns 37 to 73 of 100]
8.485033984941883034e+01 7.909268356962647317e+01 5.926990979323860387e+01 7.909268356962647317e+01 8.125613040983272128e+01 6.146167088613528762e+01 7.248633678600862140e+01 8.658858179956632739e+01 1.067389132117336459e+02 9.714830453524103859e+01 7.719368390033493199e+01 6.717656084397820848e+01 7.932853222268903437e+01 7.446630295755387863e+01 7.125203252980530522e+01 5.568423382218681894e+01 6.538349088468993386e+01 7.367029386261437196e+01 7.461563095751283470e+01 6.590891231091001146e+01 5.336592252342621379e+01 3.976015296584522218e+01 5.601642505370480762e+01 6.172270584571805330e+01 5.345850664351294768e+01 3.461500416108966505e+01 5.439423220703702810e+01 6.351584829183445891e+01 5.205193366820506640e+01 5.870411750509902049e+01 7.286003575442633462e+01 9.281521645925880648e+01 9.926837834795736626e+01 9.103982669233673164e+01 8.417599527811962901e+01 8.087762176680095649e+01 7.262521464044613140e+01
6.490229159004280746e+01 7.074493965377756410e+01 5.362443671795460887e+01 7.337034168168521830e+01 7.615716495253872154e+01 5.642617714173764654e+01 7.615716495253872154e+01 9.011178162298372740e+01 1.043255528954426268e+02 1.054249955013713986e+02 9.422720448546401428e+01 7.426922796645673941e+01 9.422720448546401428e+01 8.987774869835293146e+01 6.987854841357886926e+01 7.573617855868126014e+01 8.401719375980205484e+01 7.913992189012121514e+01 6.631768788993343833e+01 4.628223399914480041e+01 4.348400961653010199e+01 5.806959766066299977e+01 6.791066998540090083e+01 6.768642963105541810e+01 4.896596505500800589e+01 3.529082635293891457e+01 5.459874484009151985e+01 4.362803831810798982e+01 6.351584829183445891e+01 7.870477286306879705e+01 7.545534663100627881e+01 8.151672631627386068e+01 8.817496403246452985e+01 9.642446895739780643e+01 1.040336391740966775e+02 8.903198474380278071e+01 6.910903105751103226e+01
5.841092230554760079e+01 5.098827274847041480e+01 4.835129950276959221e+01 6.345909893698540571e+01 6.639985943772343546e+01 5.214804029143997610e+01 6.193436836237064824e+01 7.589801035052484224e+01 9.068229598189518015e+01 9.904797446252510440e+01 1.025018834297541304e+02 8.579530176956586729e+01 1.025018834297541304e+02 9.815583911283464147e+01 8.987774869835293146e+01 8.765115957658525758e+01 7.935788132415700602e+01 7.084047350959133382e+01 5.072065183850261150e+01 5.522065058321606301e+01 6.441880025104904917e+01 5.782580117835465927e+01 7.823977668861166990e+01 6.599823642385595690e+01 4.646367320042502769e+01 5.505897369592527468e+01 3.624145163418443616e+01 5.600492646333030677e+01 6.368773028628840649e+01 6.745517483357519950e+01 5.505883057740840769e+01 6.141340418835869741e+01 6.820025088389270707e+01 8.234534699236192523e+01 1.022489045541211539e+02 9.725221967685774871e+01 8.576353852997266358e+01
7.823940662281340508e+01 6.299573458050844010e+01 4.317647945708723256e+01 4.365326761196104854e+01 4.665861672205853949e+01 5.161220181484808478e+01 5.751730412047746910e+01 6.368608423134362084e+01 7.060708921163245577e+01 8.211170778496459377e+01 1.023899371842772439e+02 1.057453977976198445e+02 1.140277198445118074e+02 1.051544168475843293e+02 8.515016526639364258e+01 7.935788132415812868e+01 5.922576273231236854e+01 5.546271091930039177e+01 7.084047350959282596e+01 6.683291428443705229e+01 8.358484640296734369e+01 7.256228098265553683e+01 8.000120677438448524e+01 6.020682689134961407e+01 6.357403851451235965e+01 4.516738588098649387e+01 3.691557093663005418e+01 5.660860928695619521e+01 4.628976618030184653e+01 4.647197870612296811e+01 5.495013225016074188e+01 7.518143416014989100e+01 8.817496403246452985e+01 8.452244447819660422e+01 1.044268123244938238e+02 1.039288190300612769e+02 8.410690551395350667e+01
7.340336968314464627e+01 5.356740901118145359e+01 3.944145373703400281e+01 5.937724968289791150e+01 6.623568718357992680e+01 7.131654084484753753e+01 6.766636187658843937e+01 8.358463856140767234e+01 9.068229598189518015e+01 9.904797446252439386e+01 1.107322700995821521e+02 1.187405587839778178e+02 1.071815584502606953e+02 9.888210175689332004e+01 8.515016526639364258e+01 6.508510510675790783e+01 7.935788132415812868e+01 6.771394108514489574e+01 7.194057762141251544e+01 8.685429122779720501e+01 9.514197000590135644e+01 9.337122662843206911e+01 8.828097466808536353e+01 8.000120677438448524e+01 7.395397698179144186e+01 6.318508593660116190e+01 5.668013225293871216e+01 3.786674708213855922e+01 4.057913387451183240e+01 6.535115927394554092e+01 7.517157250699968074e+01 6.932525477127757085e+01 8.348570436568540742e+01 1.034035349061242215e+02 1.126829367524507859e+02 1.024492927253243835e+02 8.262705618280548947e+01
5.392995124737835511e+01 5.716336165182133300e+01 3.713918192981570598e+01 5.716336165182133300e+01 5.853237032697386866e+01 7.868255141609695613e+01 8.763033299557407929e+01 9.596995765048716009e+01 1.014725205107776560e+02 9.309851308936501368e+01 1.014725205107834682e+02 1.104321139141949573e+02 9.042690602971043745e+01 7.890389595177416027e+01 7.222022615004300405e+01 7.669878499026117424e+01 9.342165404532306638e+01 8.463759872411932861e+01 9.198850452767729280e+01 1.002811717677640928e+02 1.051329700711627311e+02 9.688522211561654274e+01 9.957937788222508857e+01 8.662069619207190385e+01 7.861698755338288436e+01 6.144348042379044017e+01 4.097232295234515931e+01 5.643373065311039483e+01 3.887725140919960154e+01 5.311755526270030003e+01 7.494431657858110896e+01 8.931950186445540396e+01 8.434967502082889723e+01 9.286721828682856028e+01 1.032705482094021079e+02 1.106778528228266367e+02 9.664439024035435466e+01
4.239493593615829070e+01 5.236234249365054438e+01 3.487358639150191664e+01 3.847953028995181768e+01 5.846058288219919774e+01 6.798153197732632691e+01 7.251692034919966545e+01 7.747324953971028094e+01 8.300392951040920764e+01 7.290934593145627218e+01 8.714270304132712397e+01 1.074771104822961973e+02 9.888210175688321613e+01 9.888210175689332004e+01 8.039909778680139141e+01 9.668378200362617747e+01 1.049364944485223816e+02 1.076320951371419596e+02 1.023551441062419372e+02 9.993596163966741130e+01 9.659910104650401763e+01 7.709069738220541979e+01 8.308213016753224167e+01 7.288343479683842929e+01 5.896366809004908305e+01 6.300392948458689091e+01 4.319030814762320603e+01 5.923713432265947176e+01 3.958978703399252908e+01 5.886220797567997209e+01 6.991481691714335511e+01 7.487339796349554888e+01 6.316007534701003578e+01 7.384548766871155578e+01 8.883929639586604310e+01 1.093743091266005365e+02 1.164635670327921702e+02
4.985982239569379715e+01 3.218051821875317842e+01 5.197754428391980497e+01 5.844230069649217540e+01 4.392858382499273517e+01 4.820765435878013250e+01 5.274762076649577835e+01 5.764793277766908375e+01 6.306277928787429943e+01 8.300392951040920764e+01 9.309851308936501368e+01 1.133852737721525301e+02 1.189094934217708186e+02 1.086779095537041968e+02 9.192204506386524088e+01 1.086779095537041968e+02 1.098494181812852730e+02 9.052773904673846062e+01 8.414549702307003543e+01 8.055278898703855361e+01 8.227424446729230567e+01 7.743792693955614936e+01 6.306517507030157077e+01 7.219693561327147791e+01 6.626167835631123637e+01 4.638823360955166208e+01 6.060028466339655751e+01 4.061159449487900730e+01 5.668648628987203608e+01 4.485904408759422779e+01 4.913926877193483733e+01 5.385351822475338679e+01 7.487339796349554888e+01 8.053166360340735253e+01 1.013378776604748595e+02 1.107089418820441438e+02 1.023724303890072918e+02
2.964461210116474632e+01 4.401013813787429996e+01 6.051017517529289336e+01 7.180454199293615147e+01 5.385384729834898110e+01 6.798149239132966670e+01 7.251692034919966545e+01 7.747324953971028094e+01 8.300392951040920764e+01 9.137391328829987458e+01 1.013652648758638719e+02 1.097221628954170001e+02 1.192709917191206017e+02 1.202377460917672494e+02 1.119320447587206502e+02 1.161046929461424213e+02 1.041767144252835635e+02 8.487414833310340612e+01 7.111282013979523242e+01 6.668680126906288308e+01 6.261557377357592458e+01 5.868188772838190914e+01 5.488408501249087834e+01 5.229997905869792874e+01 4.981612372415521151e+01 6.626168066101148213e+01 6.118835517868538432e+01 4.133206201391990220e+01 6.107479231071152981e+01 5.348337282284315108e+01 6.891147846830993728e+01 7.487271916067169286e+01 6.870154226958153743e+01 8.977357593395736046e+01 1.097178993541542553e+02 1.006884599317150872e+02 8.236673893070377517e+01
4.740904330809246403e+01 5.813428463831679949e+01 7.222459886265274065e+01 8.200594878246158714e+01 7.367775995765839525e+01 8.200512937583087592e+01 8.414582387719902101e+01 7.581928549589591171e+01 8.013884184700323488e+01 8.483082949400264283e+01 8.111479994057366127e+01 9.062868919401080348e+01 1.061884174011916286e+02 1.163622690944092568e+02 1.217170227087774350e+02 1.023839055989762841e+02 8.877901466008418652e+01 7.909852614934216319e+01 9.052773904748083567e+01 8.622998881499972867e+01 8.047266747808170351e+01 6.068117323529000373e+01 7.475935521371133063e+01 6.642351762205856858e+01 6.971649658568759378e+01 7.363057060883470228e+01 6.193187062743025706e+01 4.205278492508002586e+01 6.193105567159457792e+01 7.074019978325840441e+01 6.659678298006370767e+01 8.410222051737869720e+01 8.977357593395736046e+01 9.824445015447669505e+01 9.746695734151367674e+01 8.880182196014757778e+01 7.254344930780848699e+01
4.820642454587424197e+01 5.937097071375007573e+01 7.017539440603225387e+01 6.964318841927199344e+01 7.786163063974244380e+01 7.842066473792003478e+01 7.012356525649488503e+01 5.609027919612638868e+01 6.034414789942695023e+01 6.492441179938303719e+01 7.054431404288973795e+01 7.750604918184976100e+01 8.758627100260953569e+01 1.080251276627631825e+02 1.206963237862771052e+02 1.013730614848163043e+02 9.026697805502361405e+01 9.841272957952376998e+01 1.019226857874338634e+02 8.669983869143683819e+01 6.700779427740013716e+01 8.047266747808170351e+01 8.857189172722432602e+01 8.613520122753422470e+01 7.750548746099109110e+01 6.537138767708249532e+01 4.587013398730928060e+01 5.111002986539246962e+01 4.311684525082427655e+01 6.809308335834120385e+01 8.407804098675732973e+01 9.151133854691417469e+01 9.414982324702116046e+01 8.610817034949883464e+01 8.551640237872206285e+01 6.819450997422724470e+01 6.553588641945624715e+01
3.000359229386270599e+01 5.109035803625594951e+01 5.026990736717782937e+01 4.988022940479164191e+01 6.159925700034872875e+01 6.503809188138261277e+01 5.042634422848800568e+01 6.429398416893339174e+01 8.013884184700323488e+01 8.483082949400264283e+01 9.062868919400341383e+01 9.780569933268635907e+01 1.061884174011916286e+02 1.163622690943057876e+02 1.288014033625860293e+02 1.176038296808187908e+02 1.095400330949069314e+02 1.106336388579916559e+02 9.384976306276774949e+01 7.426888874959826126e+01 8.098287798171369900e+01 9.478250609511582070e+01 9.163003946718676218e+01 8.173618761962349311e+01 6.930397115774431427e+01 4.984949802678033137e+01 6.502099152148480243e+01 6.304943044976595701e+01 4.387316987575920990e+01 6.384665815410060929e+01 8.001703956336203305e+01 8.642953950704945498e+01 7.919893567880941987e+01 6.675355131426022126e+01 7.066175800784019145e+01 5.653819253382825138e+01 7.430435339394297500e+01
5.109035827599006296e+01 3.350981227354384373e+01 3.593974573680740292e+01 3.826583135690508186e+01 4.175768607203651328e+01 4.528907364744143393e+01 6.503809188138261277e+01 7.842129949257227395e+01 9.254861481621085773e+01 9.296746262961769958e+01 1.013551974377903093e+02 1.130792724023903872e+02 1.183614406639211296e+02 1.101633112077858669e+02 1.183614406639211296e+02 1.260181181894194822e+02 1.065648495868167487e+02 9.285116066462484241e+01 8.308718656286386306e+01 8.815217742659191913e+01 1.005018027724044316e+02 9.744462869634368474e+01 7.755649827657637729e+01 6.364600053331847107e+01 5.399363152116239917e+01 6.930397115774431427e+01 7.302676344648627094e+01 5.015550063796843006e+01 4.463332799599520939e+01 6.458321864319681538e+01 6.060449793995962864e+01 6.750483561987390146e+01 5.967007189850051674e+01 6.706507800677036357e+01 5.054638464815708687e+01 5.148267939988957664e+01 7.135014445296471308e+01
4.295447114752371220e+01 5.395426141005184206e+01 5.026697792208882021e+01 5.824622489445444984e+01 4.260294081946643274e+01 6.243000119810777448e+01 7.129194710991902184e+01 7.582216004202771842e+01 8.132747845890064298e+01 7.280641864663816420e+01 8.436127103298166219e+01 1.047237389804588332e+02 1.084515208370215475e+02 9.033195462119199703e+01 1.084515208370215475e+02 1.212550019813235878e+02 1.203591991186823265e+02 1.025568703544504245e+02 9.686780715485203075e+01 1.076049515784055757e+02 1.019958814000051888e+02 9.204133670661332189e+01 7.850264339953818649e+01 5.886154206753098350e+01 6.261269438130310050e+01 8.173618761962349311e+01 8.326359726652987092e+01 6.951538644150755886e+01 5.239301783372283694e+01 4.572099589747370629e+01 4.659027569430725180e+01 4.746569233540217425e+01 4.834673009741896976e+01 4.923525437840909547e+01 6.932211538029655173e+01 7.161570576147418876e+01 5.284766797764108759e+01
5.006428676861454363e+01 6.984780949966965125e+01 7.010695992021041434e+01 6.988912094127246633e+01 5.015187837147324501e+01 4.734732551282381507e+01 5.157551002266871620e+01 5.607541967824479912e+01 6.147777061910916530e+01 7.126229327815302383e+01 8.543008961098458087e+01 1.057875907263013175e+02 1.002476329144889604e+02 8.044371340155537098e+01 9.324589002365543422e+01 1.082601113294388711e+02 1.196991166799562194e+02 1.220093984249553927e+02 1.162914838881184636e+02 1.078312265723482000e+02 8.789873931909951921e+01 7.384017717471706987e+01 6.401062622298357496e+01 7.850264339953818649e+01 7.393365410324685172e+01 9.058033080742831089e+01 8.558179023422739817e+01 6.528380203392686099e+01 6.732897366042637088e+01 4.740179288544823066e+01 6.660312429383617427e+01 6.750483639803829305e+01 6.841043767498256045e+01 5.502203116984233588e+01 5.558056988872747439e+01 7.554216048419071683e+01 7.321679408835950653e+01
6.144410462597731026e+01 7.814316906766769932e+01 8.397532838775538266e+01 6.405442490937305422e+01 6.988912245082862285e+01 5.283228884896630007e+01 7.129194710991902184e+01 7.582216004202771842e+01 7.213544494681578101e+01 8.970020730147143695e+01 9.978423732584438710e+01 1.071084268915177660e+02 9.324589002365507895e+01 7.344799905630699755e+01 8.025036609360086004e+01 9.167939040736426648e+01 1.115045447145654549e+02 1.153988982516973039e+02 1.175182301662691771e+02 9.757009478046046524e+01 8.348745182756950101e+01 7.201809869442712397e+01 7.093302154452035779e+01 8.378850342218937897e+01 9.380666616439089012e+01 1.020648389159292719e+02 9.394614180104689183e+01 8.558179023422664500e+01 6.918342494671527731e+01 4.910663700192120018e+01 6.071121410718442490e+01 8.075668017969668711e+01 8.078073102149060958e+01 6.111486159400043050e+01 7.562248871860965949e+01 6.251566440038471484e+01 8.245223457771871267e+01
8.132748384304041167e+01 8.966381936880495118e+01 9.231237838945264684e+01 8.397532838775538266e+01 8.092938977642153020e+01 6.413880572403819258e+01 6.261654187644803216e+01 7.682212179377981442e+01 9.222616104273708970e+01 1.005984635444213069e+02 1.012973239523015678e+02 8.729020471066948517e+01 8.753073118396167729e+01 6.771035569562140211e+01 8.753073118396244467e+01 1.027397351915711283e+02 1.095771437568383249e+02 9.541464185318442048e+01 1.095771437568383249e+02 1.060011688314414329e+02 8.607166495899896574e+01 8.194749668331304804e+01 7.842922048595778506e+01 9.834798541460435217e+01 1.119654387498732291e+02 1.079063478070794275e+02 9.793445675440223397e+01 8.966919337020802061e+01 7.096781144847776091e+01 5.085879943074461806e+01 7.096781144847760459e+01 8.902531113657670403e+01 7.171554787880499759e+01 8.079814874440069161e+01 8.895171501463025265e+01 8.245223457771871267e+01 7.011123347145803564e+01
