MOVIE_S4_data/elevation_000250.asc
nrows	100
cellsize	150.0
xllcorner	0
ncols	100
yllcorner	0
NODATA_value	-9999
[rows 17 to 33 of 100, columns 0 to 36 of 100]
1.372224685174658065e-01 2.013722246770342750e+01 3.393016496272993265e+01 4.238343360930930714e+01 4.772258346965720932e+01 2.891107614488011635e+01 4.772259149509746834e+01 4.424217014092827327e+01 2.726905179698678339e+01 2.350419208304396790e+01 4.045840284440072310e+01 4.582971360077230116e+01 2.358520752866615666e+01 4.582971360077230116e+01 3.860929256758024763e+01 1.720235846401985924e+01 3.860916004947782199e+01 5.442631539143204122e+01 5.439486716349068729e+01 4.613474818171436453e+01 3.157836585312528399e+01 3.758573450749193512e+01 4.783029227219898871e+01 5.923620725175999979e+01 7.883500394824346813e+01 9.601080580188158820e+01 7.580675653960514637e+01 6.152219914522892452e+01 6.973539408896614589e+01 4.974025690913865105e+01 6.973539408896837699e+01 6.828288380839647687e+01 4.832932732490552041e+01 6.828287841384334911e+01 7.061643737449354319e+01 8.899644639589435258e+01 9.314970154627991406e+01
1.353332760910071209e-01 1.427767470799182092e+01 3.429094545118792325e+01 3.881069465081910863e+01 3.032312373830617958e+01 1.523897317640941651e+01 3.071555987324456893e+01 2.979669699157970797e+01 3.079426876787267986e+01 1.903722672062378507e+01 3.508155241576677952e+01 3.125346601520180201e+01 1.720184654137840141e+01 3.808459037144932324e+01 2.963335926738129800e+01 1.210430864688033203e+01 2.458434703097734797e+01 4.582851254648409878e+01 4.613474818171436453e+01 2.590425149533701443e+01 4.613474818171436453e+01 5.767496283596751283e+01 6.587315506919510710e+01 6.211437002782616190e+01 7.033864635365503659e+01 8.175129224156327723e+01 8.259111606497978642e+01 6.238651430266572362e+01 5.090151953193947776e+01 4.549103718951381836e+01 6.061961149921447856e+01 6.435549746125749948e+01 4.451688092095142224e+01 5.062135931351092211e+01 6.053568513683539010e+01 8.069718961215176023e+01 9.060297949110631066e+01
1.303432743768621893e-01 1.996248963614358729e+01 2.507333542623376843e+01 2.216157703134357604e+01 1.240603161450777847e+01 2.898847430510335776e+00 6.626967091605251881e+00 1.049179044803217842e+01 1.408653134517113692e+01 2.917528432680601469e+01 2.856198914893142060e+01 8.970922089968913937e+00 2.647336273394935446e+01 2.572179476491410810e+01 5.521180470481578340e+00 1.887333392223102990e+01 2.410564088838325603e+01 4.299780038441113561e+01 4.244118155784244095e+01 2.242477842104118935e+01 3.656045498931942461e+01 5.663851139617850095e+01 5.063221910833326689e+01 4.222670125509085182e+01 5.379613320507251473e+01 7.347729284240325853e+01 9.089235844427881261e+01 7.925367337412247082e+01 7.092586269924916564e+01 6.061961149890930756e+01 4.082487653598091271e+01 5.609170792143925866e+01 4.082487653597814159e+01 6.064407444997529950e+01 7.893404775388837891e+01 8.899644639589435258e+01 9.876385944626150604e+01
1.234970534698958955e-01 4.346821789932282520e-01 7.459217076886071052e-01 1.057282276062810222e+00 1.368803246557613429e+00 2.546967042163663208e+00 1.415094406540768901e+01 1.934690933064950258e+01 2.071563544924904576e+01 2.268244099573474415e+01 7.670959615392349384e+00 4.088709487710302071e+00 4.407829018694479295e+00 4.727303782011802014e+00 6.885815260992984577e+00 5.984250226896168812e+00 2.210513858382493169e+01 4.689027157083821606e+01 3.900839660855378099e+01 1.918657260661148101e+01 3.900186289097484149e+01 4.300492372170186428e+01 3.045229233932478152e+01 3.960498321076809702e+01 5.123621348363189298e+01 7.091498354024855644e+01 8.875397061692652301e+01 7.867524056947428335e+01 7.039222044301973824e+01 6.892608225311248304e+01 5.613701362338878198e+01 3.633750223703320614e+01 5.612227586336111784e+01 6.894243941131411191e+01 8.592942572569538129e+01 9.421226647203370419e+01 8.863578210280910241e+01
1.256355554530943219e-01 5.544125105591494851e+00 1.380463620635999611e+01 8.249036957516853619e+00 1.983511012237436333e+01 1.798939691888945314e+00 2.095373077779235427e+00 2.395136288383651557e+00 2.710694210017275729e+00 8.420202204864690287e+00 3.635735000625951230e+00 1.431555540729547182e+01 1.934021522398064974e+01 2.211694223676209603e+01 5.450465556575219139e+00 6.229900261752636226e+00 2.564262283267718701e+01 3.131031906641202056e+01 3.230918494267708496e+01 1.604046132715684791e+01 1.947381837884015354e+01 2.298597595184610043e+01 4.300492372170186428e+01 5.886199282477496553e+01 6.776788413530168498e+01 7.917304975805612344e+01 8.046030517403799820e+01 6.032494009854973172e+01 5.039387607480814069e+01 6.039307522552372376e+01 5.395052269895778352e+01 3.409741208877981933e+01 5.395052271742554240e+01 7.166742020112572220e+01 6.575990408620887706e+01 8.592942572569538129e+01 8.050046146440861605e+01
1.208450475705237920e-01 4.772591205578383899e+00 1.263307688174380949e+01 2.551874156486887202e+01 1.728036902660749519e+01 2.460914404196128658e+01 7.151833157485571135e+00 2.342526696060745550e+01 2.342170308522831590e+01 3.175332658429804056e+00 2.023806067761418248e+01 1.228925223744235851e+01 2.717498088448057914e+01 2.670126666813533234e+01 6.040368808989494021e+00 1.886699179368264367e+01 8.550866750317830167e+00 1.057698019011036905e+01 1.273371556740768185e+01 2.956683202391465670e+01 3.878328307994615898e+01 3.713895612548684966e+01 3.186954757855291476e+01 4.362178589065183587e+01 5.770628409390414504e+01 7.740910792792485040e+01 8.875869433674411368e+01 7.870132387757792003e+01 6.039307522551090557e+01 4.051828536218435772e+01 5.179714525346378196e+01 3.187734556714156042e+01 5.179714997661010045e+01 5.164249109625514222e+01 7.166742019929655783e+01 8.138421993093082563e+01 8.863578210280910241e+01
1.160239911856559974e-01 1.615475487354276041e+01 2.828965531375735765e+01 3.310701731332166986e+01 2.463143393054200558e+01 3.344308091680866823e+01 2.833661887787812361e+01 1.519889853292271731e+01 3.526219814359058091e+01 3.699600827010300463e+01 2.715922154931599053e+01 2.546551879511621408e+01 3.804465719921457634e+01 2.678638547902908229e+01 6.517308695029560006e+00 2.407328589761024773e+01 1.480756894252985845e+01 2.745019046640835825e+01 3.192550671870161239e+01 2.308250374643214897e+01 4.278428185172352727e+01 5.716662224892525757e+01 4.620633946686591997e+01 4.620633946686591997e+01 6.603367728288212390e+01 8.350635226165148595e+01 7.193400600526533140e+01 6.363447059400635197e+01 6.869366861463304019e+01 5.227924129056433600e+01 3.235365683802130121e+01 2.968754468291763260e+01 4.967369788981217482e+01 4.420144063911404686e+01 5.301749233936434536e+01 6.715549764365098895e+01 8.732866415380529190e+01
1.085988230417786332e-01 1.666347149886478718e+01 3.799603405441047244e+01 4.258692566657560263e+01 3.551176340399108966e+01 4.012672274848675613e+01 4.217774388407478625e+01 2.186988836725039320e+01 3.379025804718382631e+01 5.258053389042775194e+01 4.969568265071884383e+01 4.558942553910155482e+01 3.456955420254669775e+01 2.615184295454507080e+01 6.845874978961203006e+00 9.062898261274527911e+00 2.813029778129148539e+01 2.367559120647412740e+01 4.041834571714226598e+01 4.279316168995482172e+01 3.698775241338238118e+01 5.682354101508691713e+01 6.603367728286909255e+01 6.603367728288212390e+01 7.427572491399267562e+01 7.521080067886943255e+01 5.516000880669847106e+01 4.368028236676015297e+01 5.211391464954531472e+01 4.695391724327201644e+01 2.689689121619544565e+01 4.695389926732375585e+01 3.643265894995074206e+01 4.786062270589547296e+01 6.781486518562570609e+01 8.137789118181768799e+01 8.021384442231560286e+01
1.073404342885239532e-01 1.393485589905551159e+01 3.267422052137285249e+01 4.737340271611385845e+01 5.223897474330055957e+01 5.667893748014073907e+01 4.888298446409340414e+01 2.944331050844381892e+01 4.887647090586548870e+01 5.827507616946257230e+01 4.090367813585147161e+01 2.950964927333397014e+01 2.363255240540475199e+01 7.219667963704944569e+00 2.643497599139076826e+01 1.997447203713752373e+01 3.777797144527683315e+01 3.539869164949320179e+01 3.539827291857078251e+01 5.259486320128935688e+01 5.682354101508701660e+01 6.507676270161967125e+01 7.415772729550893416e+01 8.163273531133415872e+01 7.431413715583998680e+01 6.605555378742248251e+01 6.605555378726923266e+01 5.211391464954531472e+01 3.213775395098294041e+01 4.269706218819484178e+01 2.507567577255350599e+01 3.275905158542869344e+01 5.285317915865726945e+01 6.458614806305698153e+01 7.612505369549468526e+01 7.678054196219717653e+01 5.926143277838981760e+01
9.951591839399596962e-02 2.009951591836220430e+01 1.914625564853689710e+01 3.724018682021223015e+01 4.634116251947733645e+01 5.604126022652225458e+01 5.605945091863768681e+01 4.114182135947672947e+01 5.605988824814733107e+01 5.035121684862114932e+01 2.681179038824107153e+01 7.886088998145213580e+00 7.601901680708781583e+00 2.659323126135161885e+01 3.469166173513362850e+01 4.046580690906270661e+01 4.899333874983125980e+01 5.260675424446065307e+01 5.259446383791242141e+01 6.034853442755874653e+01 6.664463626836271715e+01 7.077263772818267284e+01 5.516782606074151118e+01 7.084325054367458563e+01 6.605555378740453421e+01 4.607831533387730616e+01 4.607831533387728484e+01 4.863777734361176641e+01 4.035225884308539435e+01 2.259457810412093792e+01 3.684322498100483045e+01 5.281239759696320846e+01 4.694561190180152010e+01 6.711530822231159732e+01 7.974772242606164241e+01 5.897155394591514721e+01 4.766638849350109552e+01
9.660808524269255682e-02 5.138279550242119242e+00 1.095558040547009426e+01 1.750729082949301230e+01 2.652084210423344501e+01 4.187913834542067093e+01 6.337849460262605561e+01 5.422221401504499028e+01 5.792195401943560285e+01 3.350187761757182869e+01 2.304898373251354116e+01 7.990062712180416860e+00 2.628115383199989452e+01 3.337599695470763805e+01 4.414469516870354937e+01 4.488380125865086967e+01 5.003923936260238037e+01 5.274751140382524994e+01 5.256009197525704479e+01 4.566971131581983911e+01 4.562860605833898120e+01 6.071792679608855536e+01 4.386057486205357492e+01 5.203177337039343087e+01 5.990997276309207109e+01 5.192951300753725974e+01 3.195104213911277924e+01 4.035164399588142459e+01 2.025522964669536208e+01 4.034866702276899275e+01 5.094277654995910609e+01 6.488686460786395571e+01 6.711530822231159732e+01 7.545831783175080432e+01 7.446976566566378608e+01 5.897155394591514010e+01 3.881063314444127599e+01
8.961064364900331314e-02 2.008961064364864768e+01 3.136290726865796685e+01 3.802528937507402418e+01 4.634116250974762607e+01 5.607840354418465978e+01 7.297473003372536482e+01 6.401147833375937068e+01 5.192115563199365624e+01 3.268393020212401012e+01 9.515548755194725317e+00 8.286200195863548501e+00 2.747967007836282249e+01 3.238491134229594337e+01 3.120891649362433640e+01 2.877158193178636836e+01 3.946269457255308311e+01 3.367583124770111169e+01 3.367320820641329249e+01 2.407921668227213985e+01 4.454072140803454261e+01 4.285169309459019615e+01 4.339057586887326323e+01 3.268350263650486198e+01 5.203234125685459333e+01 6.019253199092625550e+01 4.251156240266450226e+01 2.245003135910458880e+01 1.865212082023318985e+01 2.871437486598764011e+01 4.297246955354475517e+01 6.366610701723364230e+01 7.891143663440168154e+01 6.782961140023834901e+01 5.275544134716771083e+01 5.354620128571643534e+01 3.342044327750414112e+01
8.602227843884299729e-02 1.008602227843875632e+01 2.163302766223106843e+01 3.577516328596151851e+01 5.577516328574527904e+01 5.327916856262297784e+01 6.155112763870393877e+01 5.718310427880752655e+01 3.225248477085961696e+01 2.008572169132059315e+01 2.734227662039850415e+01 2.332043944286188975e+01 8.715862584316983686e+00 1.847818632258844218e+01 2.499788766979036225e+01 1.841092729528039484e+01 2.937816015216811394e+01 3.006207024098384650e+01 1.200527089961856930e+01 3.021764443555571944e+01 3.760660668148222641e+01 3.996073242801492142e+01 2.429480336428518683e+01 3.835707401104398429e+01 4.145480243864389536e+01 4.247031603560876079e+01 3.438541422707321971e+01 1.638446711370677633e+01 3.646243160801517291e+01 4.702006413044432520e+01 5.734919777634087268e+01 5.780503419530771225e+01 5.797888844283633603e+01 5.709090067672184432e+01 3.762436764630655972e+01 5.620375111612503360e+01 4.624380252722174589e+01
8.664218773200615953e-02 2.008664218773165189e+01 2.897592736840076455e+01 3.384804945594351011e+01 3.921547463566557923e+01 3.338984005027780455e+01 5.327948331727597520e+01 6.397140485938488297e+01 5.192115563320870564e+01 4.259235735220014618e+01 3.561530952028363117e+01 1.996504361594636734e+01 9.176909196560421478e+00 9.132217379939588042e+00 9.431277582580390728e+00 9.741829587745293395e+00 1.005703211675841224e+01 1.037210053224049133e+01 1.068884608082491283e+01 2.910890251972181630e+01 2.100119359919946049e+01 2.965321784782736003e+01 3.374473886856678462e+01 1.738948530553044591e+01 2.328053194401359960e+01 3.238953215769133465e+01 1.378378258220728014e+01 3.344439691673962045e+01 4.349836267228724296e+01 5.154126687018207775e+01 4.511189789839011155e+01 3.602829399122368415e+01 5.150294294203391132e+01 4.772360978565834699e+01 2.702413265394593367e+01 3.803846476362800644e+01 3.747752383068841908e+01
7.759125536472052942e-02 4.543898426987834860e+00 9.107591583096066756e+00 1.404672967368545677e+01 1.948182249245771658e+01 2.734932360222663661e+01 3.800796062713853729e+01 5.704851814864528592e+01 5.807368896899228616e+01 3.751082665788381831e+01 2.534366262151321081e+01 1.562004298207642883e+01 3.385828135945956063e+01 3.329443385129117416e+01 3.070150306741158985e+01 1.470192902159081250e+01 2.326147639310916304e+01 2.917821604892382936e+01 2.211567747968488717e+01 1.114210335706185617e+01 2.107157618237007313e+01 2.872261376894420692e+01 1.236134999413104296e+01 1.266855153144980761e+01 1.300454403906075562e+01 1.336124010754579317e+01 1.371999054607316815e+01 3.098826848637410336e+01 3.813788693422999643e+01 3.382915720545304339e+01 2.614052158140049187e+01 2.753829873382945337e+01 4.033858794328208575e+01 4.119721657785404290e+01 2.000571688523110225e+01 1.744788154440120564e+01 1.780681887820245635e+01
7.818929607037834739e-02 2.007818929607002190e+01 2.897592736840076455e+01 3.384804945594351011e+01 3.921547463566557923e+01 4.686577331019595505e+01 5.509965237739812238e+01 6.523590330954279182e+01 6.665195785336374001e+01 5.475514086062583630e+01 4.193171825105707029e+01 2.052537524152613102e+01 4.193171825105707029e+01 5.489856777250670206e+01 3.393300391008073547e+01 1.977256821068950998e+01 3.652067413349826808e+01 3.481004623753248950e+01 1.882036922804615742e+01 3.136782989195054583e+01 1.159879549276753963e+01 1.192661548608970890e+01 1.282553556329284739e+01 2.909947449201957070e+01 3.086880372664853667e+01 2.888583997603462805e+01 3.348386548092437209e+01 1.420787109951584348e+01 1.455050266430315986e+01 1.489919817366756050e+01 2.122053162437392260e+01 2.980144248616190339e+01 3.526791139900154093e+01 3.577377902799655374e+01 1.694058368466726705e+01 3.576480516998196180e+01 3.180163135675900321e+01
7.024788420635796893e-02 2.007024788420600103e+01 3.989734111061250843e+01 4.594468803957663283e+01 3.887362039138769632e+01 4.421884517989821717e+01 5.024907199112010403e+01 5.732013965726707028e+01 6.560439963380973438e+01 6.163572009272397878e+01 4.098818978726005469e+01 2.599140919186290688e+01 4.703571139897569964e+01 5.045199211629657299e+01 2.947369627944304682e+01 3.376886999087635388e+01 4.871167942430916042e+01 3.786286777986611440e+01 2.156738810564933218e+01 1.500500653747128865e+01 3.522424885110629589e+01 3.394836757552639028e+01 1.380338794169911409e+01 2.490033394694015101e+01 4.117332182360521386e+01 4.754443989122204073e+01 3.733992561928960185e+01 2.244361210894710368e+01 1.643851309408628936e+01 3.149316590237391011e+01 1.539212361837253873e+01 1.573990900032525353e+01 1.608727255837740699e+01 1.643458514142113813e+01 3.663603946141344636e+01 4.400306843520984756e+01 4.818496292613547638e+01
