MOVIE_S4_data/elevation_000986.asc
nrows	100
cellsize	150.0
xllcorner	0
ncols	100
yllcorner	0
NODATA_value	-9999
[rows 17 to 33 of 100, columns 0 to 36 of 100]
1.372224685174658065e-01 2.013722231996936429e+01 1.353385515201027367e+01 3.158119321622025311e+01 3.377391533718809313e+01 3.520862897930985724e+01 1.835425297039311232e+01 7.543146936127727464e+00 5.570284009232272737e+00 2.227242692671356394e+01 2.890333620500707568e+01 3.448538773949796621e+01 3.456537047684007291e+01 3.097259925654022084e+01 1.438701653756749010e+01 3.217477487755328980e+01 3.706079369612850627e+01 4.054742030576956324e+01 3.297109787838915196e+01 4.371362128308846451e+01 3.189006281343726812e+01 1.299227585328994472e+01 8.459696861583580585e+00 2.650284626434014257e+01 2.899869624757886299e+01 4.450296205270857541e+01 5.285414991438627652e+01 5.252827546722674157e+01 3.302327468564109125e+01 4.310938609455601522e+01 2.950360932137814274e+01 4.950361321813227278e+01 5.146848624244086068e+01 6.001693736001347901e+01 5.466252616115629337e+01 6.955595367689512898e+01 7.264841560751354166e+01
1.353332760910071209e-01 2.013533327609065182e+01 3.257716726221574532e+01 2.215457577337863881e+01 4.072003044215978917e+01 4.644250748406461327e+01 3.280859887227942551e+01 1.522848164347683309e+01 2.324093711335471824e+01 8.616444682627603768e+00 1.089849405832923779e+01 2.955187899415637176e+01 4.013866924939740244e+01 4.202701198082549894e+01 3.470976957391557960e+01 2.210661242716548003e+01 3.331863705346231797e+01 5.217069513556038629e+01 5.220773399150810690e+01 5.069173166232140204e+01 3.500546864926411672e+01 1.496803923788172064e+01 2.442605167937556132e+01 8.947210817997259369e+00 2.632696617679359719e+01 2.410498466388117222e+01 4.291589403242732459e+01 4.412187983932650326e+01 2.405059272108507074e+01 2.300241368547811405e+01 4.283890511391014400e+01 3.603976493490289812e+01 2.996163551978836281e+01 5.068066723828577125e+01 4.379594038739661954e+01 6.140939523929383626e+01 5.521814092290719600e+01
1.303432743768621893e-01 1.427247889810990422e+01 3.427247892740205515e+01 4.072003044241915859e+01 3.222043778812070514e+01 4.997704388570127776e+01 4.473679306176168780e+01 3.250106251221543374e+01 1.836043410902973960e+01 2.749283301507033173e+01 2.976546793957370340e+01 1.464804047896619998e+01 2.579353964991862469e+01 4.524581282753330669e+01 4.644912186641412433e+01 2.783034627931239768e+01 4.644914216528840001e+01 6.035437570785239103e+01 5.982294058176113083e+01 4.237865369559693107e+01 2.226550762134985817e+01 3.500546864958322857e+01 3.680841247718066711e+01 2.915481970709733517e+01 9.443644840393861983e+00 1.105018261558026005e+01 3.466867645886473781e+01 3.687635789776788187e+01 1.691786997908336687e+01 3.236282325513155911e+01 3.267537023231522397e+01 1.765352173714969553e+01 2.942541660676388204e+01 4.788344095215500573e+01 3.500715734197375184e+01 5.410668049841752492e+01 4.224430810300496120e+01
1.234970534698958955e-01 2.012349705346954210e+01 3.387340629585195018e+01 4.222181352460156489e+01 4.997704388570127776e+01 4.482136844075395743e+01 6.031125020376281753e+01 4.844758236852218403e+01 2.911705774818640080e+01 4.582107182021676550e+01 3.402151939321643681e+01 1.770084772777172333e+01 3.724122657589762753e+01 5.307169681934789907e+01 5.235755917895958333e+01 3.366798315588271606e+01 5.235756576095639758e+01 6.313133844889602386e+01 4.291627855612374276e+01 3.127588702980755286e+01 4.237865369559693107e+01 5.069173571894801711e+01 4.403195102886439827e+01 3.266336921279292937e+01 1.679846893447412981e+01 9.945358406317662769e+00 3.009027867752193330e+01 3.404950225445860923e+01 1.426246641743452592e+01 1.218945005311141827e+01 1.254822247447164507e+01 1.461218816563498457e+01 3.269079406804954857e+01 3.868821596297914311e+01 2.797959971814578140e+01 4.723738187071307948e+01 3.134771813029587406e+01
1.256355554530943219e-01 6.792302224573372627e+00 1.386337029304442758e+01 2.541072674274125376e+01 4.546044708629753472e+01 5.903106045528740253e+01 6.468116923482416780e+01 6.201233489293774426e+01 5.260562812097106900e+01 5.680384555132680191e+01 4.065479658053175882e+01 2.105450135900102282e+01 3.503305863788362018e+01 5.422817488469176084e+01 6.023630649046249630e+01 4.166301492692640096e+01 6.054956370982343117e+01 7.148682019981293934e+01 5.982294517306788606e+01 4.297547877881672207e+01 5.982294517306788606e+01 4.816165421796388557e+01 3.574711892963408388e+01 1.458969574705421124e+01 1.209117184572613546e+01 1.030128432489085100e+01 2.659448574995208503e+01 3.025048028136915690e+01 1.168126104052412373e+01 3.122042330204361704e+01 3.231764099281405578e+01 1.304771059454185256e+01 1.339519980963142665e+01 1.911399670441592136e+01 3.615079200665783787e+01 3.465560876777957589e+01 3.480800870320135942e+01
1.208450475705237920e-01 2.012084504757016745e+01 3.387340629585196439e+01 4.221775760253400733e+01 5.385030585785953150e+01 7.009204641980289807e+01 6.623225378565062726e+01 7.531169410321335533e+01 6.857632368028562553e+01 4.986613761226080044e+01 3.619600761425223112e+01 2.472511362412199887e+01 3.870452334550829931e+01 5.777401899901117588e+01 6.906637130106550160e+01 5.513471295127364158e+01 6.936753672197203002e+01 7.571182592771880593e+01 7.238641944391470417e+01 6.372458710018382533e+01 5.249437222292981176e+01 3.992842136140493636e+01 1.920530429472619360e+01 3.574711892963408388e+01 3.121799339896483616e+01 1.633855705651066614e+01 1.080873438152019617e+01 1.117097828448266128e+01 3.110714724485094962e+01 3.150062643743275004e+01 4.739020717088278190e+01 3.836577276610855591e+01 1.580148125989823704e+01 1.387625161526550599e+01 1.421320373934267067e+01 1.455134594154894678e+01 1.489471252277041557e+01
1.160239911856559974e-01 2.011602399118530116e+01 3.823156839122884065e+01 4.625870367273268613e+01 4.846492809679664049e+01 4.716084930084935678e+01 4.260781337435178528e+01 5.970742482752251590e+01 6.959825315935374590e+01 5.090247871230386778e+01 3.726475000612688149e+01 2.944025109624967484e+01 4.333765016140561954e+01 6.224404910021083026e+01 7.165147691385371331e+01 7.533122665351338298e+01 7.571182593349358569e+01 5.606776485701293211e+01 5.967251722172058948e+01 5.400354051389566479e+01 4.364353305872420208e+01 2.399144164770137877e+01 3.407542829399238826e+01 4.816165421796403479e+01 5.134407690855621809e+01 3.903808933785227708e+01 3.137099052082576023e+01 1.124404624737620395e+01 2.779764956414639343e+01 3.976334502893239176e+01 4.907467267058981975e+01 3.304966027741274104e+01 3.610560825860297030e+01 1.917803105149316423e+01 2.008852134216338925e+01 2.869820320572250694e+01 1.756921721658545721e+01
1.085988230417786332e-01 2.010857206150500787e+01 1.814661413187510774e+01 3.025553451887534706e+01 2.814365298122996606e+01 3.020731878106208157e+01 2.985387269993773529e+01 5.106551061500018562e+01 7.066984336431043801e+01 6.414278332738149402e+01 5.637834354688072835e+01 4.085707748892050972e+01 3.757831049730313566e+01 4.499091152379286740e+01 5.595604140356938672e+01 7.485326815765864694e+01 7.355785001078757546e+01 5.392102406332657694e+01 4.001927338818989455e+01 3.420481647264938374e+01 2.887105286474554333e+01 4.430222348721437697e+01 5.249495142075300436e+01 6.224788021581472464e+01 6.003240108107322470e+01 3.771785500653913203e+01 2.223531867364380332e+01 3.293815071489700586e+01 1.508677420566267280e+01 3.102658151684500254e+01 5.330625456652655458e+01 4.599719314381247415e+01 3.446710603710949528e+01 4.069448190617377037e+01 3.799729105007597241e+01 3.904108878095880186e+01 2.028783149528943852e+01
1.073404342885239532e-01 3.310014541455775117e+00 6.555284051105494392e+00 1.009477391308846705e+01 1.382046507319505579e+01 1.793215284475249049e+01 3.234448139975206971e+01 5.268479239900904787e+01 5.048177088486957587e+01 7.066984336431043801e+01 6.760884614181746599e+01 5.982931707442914870e+01 4.731444027855955881e+01 6.384217625590997613e+01 7.190016238714683539e+01 8.293186318515977007e+01 7.335311230675469574e+01 5.391515720752626351e+01 5.967251722232711586e+01 5.400357854855977990e+01 4.889480762151757176e+01 3.521889878389661277e+01 4.669041361652590894e+01 6.634901172341902509e+01 6.003240108076442993e+01 3.771785500653913203e+01 4.425363423258006179e+01 3.775898173790810830e+01 1.734894864089142885e+01 3.173258197949850157e+01 5.238340762738925349e+01 6.221396219529876248e+01 5.226718462410583754e+01 5.734161543880944834e+01 3.794511190521404131e+01 2.423878720392338337e+01 3.989594812150566838e+01
9.951591839399596962e-02 2.009951591839364227e+01 2.075708161018936337e+01 3.025553682696966362e+01 2.814065308775411012e+01 3.830202055999112787e+01 2.660918329678707295e+01 3.384397864318957261e+01 4.826922877020138003e+01 6.847154845208227414e+01 7.484548244746066814e+01 7.395181543607031927e+01 6.608004003674122373e+01 7.399100338159369983e+01 7.930031097648894445e+01 8.719150381509994929e+01 8.154374843375477155e+01 7.347122312796064136e+01 7.771377299370250569e+01 5.801967415194992839e+01 4.413552678121398287e+01 4.277468865322521197e+01 6.242698443193479818e+01 7.452737353204909709e+01 6.891069226050619534e+01 6.003240108076442993e+01 5.338290812344707348e+01 4.012605869136795178e+01 1.963511248354917527e+01 4.002907416410981511e+01 5.339879873323990012e+01 6.542190958714014926e+01 7.525439388185802159e+01 6.004509765455640036e+01 4.062694177602227086e+01 2.708263958801612148e+01 4.631438795470748460e+01
9.660808524269255682e-02 1.423874369105147863e+01 3.423871823293632843e+01 4.916287144851602164e+01 4.838680478840822730e+01 5.535732597086174422e+01 4.699423641585684663e+01 5.418635120932587768e+01 6.252844174675247757e+01 6.903847385811945969e+01 5.500493876841660779e+01 6.080796406469088566e+01 8.059390394947384095e+01 7.621821550770796705e+01 6.029440258520433815e+01 7.621821550770796705e+01 8.807445595154402440e+01 8.912078309630719275e+01 6.936326203614336805e+01 5.547026095179772653e+01 6.378794215334116302e+01 5.666124484963602015e+01 5.881273992753845903e+01 7.850852828214763690e+01 6.660369025288829903e+01 5.820660879677453892e+01 4.491679232297543933e+01 2.431106784015151945e+01 4.012605869122615587e+01 2.451535858834419912e+01 3.639824811856521336e+01 5.702887522668776654e+01 7.092625991852126788e+01 6.288716071325584522e+01 4.339365438732376390e+01 2.998113450331421959e+01 4.910317020108642794e+01
8.961064364900331314e-02 2.008961064364864768e+01 3.059522491163097868e+01 3.662545180318670646e+01 4.369651961505230275e+01 5.198079086251450320e+01 6.352779624630742461e+01 6.245633771676955348e+01 5.420748100088766819e+01 5.083046625897842574e+01 4.084226527865083511e+01 5.500493876841660779e+01 7.484548244746066814e+01 6.832805086310258957e+01 4.889917280976012393e+01 6.098487980321480251e+01 7.141987765407343147e+01 7.934109869191797770e+01 8.334081730261210907e+01 7.515010597522783087e+01 8.334081730223235240e+01 7.634671112864009501e+01 7.850852828214560475e+01 7.680621800641297625e+01 5.820660879677453892e+01 3.752698073365854015e+01 3.178275566241649841e+01 2.897572862040915354e+01 4.966271173579624332e+01 4.512490089934176041e+01 2.996308302195535944e+01 4.194480052691152139e+01 6.255282829227042640e+01 6.328977909966470605e+01 4.375885421113071772e+01 3.292527743634467186e+01 5.192630596818271016e+01
8.602227843884299729e-02 5.250000073382087962e+00 1.059522491163062163e+01 1.662545180318599947e+01 2.369651961505159932e+01 3.524352499884452072e+01 5.524352499884522416e+01 5.090753180001618716e+01 3.416765608228852358e+01 3.076009991170702307e+01 4.499051495215653063e+01 6.492935590747738672e+01 7.322071666365684450e+01 6.098487980321480251e+01 4.127633529715799909e+01 5.774438250052070032e+01 5.207980693575163400e+01 7.141987765407343147e+01 8.541072958747506050e+01 8.743109505954950578e+01 7.911626606569964792e+01 8.743109505960735817e+01 8.277564717747809198e+01 6.253607129592145952e+01 4.794911177026204285e+01 5.820660879677453892e+01 5.247111192453130002e+01 3.397079597181773636e+01 5.468717060633237992e+01 5.488314249724202654e+01 3.416847536063774271e+01 4.887905646451420694e+01 6.937828842710840149e+01 7.156166211003905175e+01 5.512070340639782273e+01 3.596719687814449173e+01 5.512070340639775878e+01
8.664218773200615953e-02 2.008664218773165189e+01 3.059522491163097868e+01 3.662545180318670646e+01 4.369651961505230275e+01 5.198079086251249237e+01 4.456650678138972665e+01 3.628250829730831128e+01 2.254024903628520704e+01 3.677463505579472525e+01 5.679164896131968021e+01 6.676866775693339662e+01 6.527278096624350212e+01 4.573224803039938280e+01 3.521144576577162866e+01 3.798277003988366829e+01 4.696817353782245874e+01 5.838689168433118937e+01 7.749403032242784661e+01 7.726836314474068956e+01 5.868654845473791681e+01 7.560604191113432648e+01 8.394014358373460993e+01 7.680621800679959676e+01 5.989348528919418158e+01 7.445237527617862838e+01 5.405124426795983084e+01 3.934708693479412744e+01 6.002659719639196823e+01 5.951551459235492558e+01 3.882137535091252545e+01 5.086099482847711784e+01 7.133172335342531767e+01 7.493822898008600930e+01 5.512070340639778721e+01 4.428805953589110800e+01 4.088456020060800000e+01
7.759125536472052942e-02 1.006119067144062385e+01 2.391754263522414092e+01 4.208124449213529061e+01 5.122900949982101793e+01 5.046277635785460802e+01 3.040884894854400500e+01 1.622574112818781344e+01 3.628250829730831128e+01 5.090753180001618716e+01 6.133956592886477921e+01 4.867295529916039953e+01 6.133956592640178940e+01 4.931800263461516920e+01 2.942583459722253281e+01 4.931800259330753988e+01 6.500039150549019951e+01 7.437829396174402063e+01 7.683763384096491222e+01 6.890140726021733997e+01 4.835320212033839482e+01 5.514077900753974149e+01 7.560604191113432648e+01 8.847427761316242822e+01 8.017179119905554785e+01 7.294696324575076574e+01 5.251807078620809932e+01 6.002659719639196823e+01 5.251807078620809932e+01 6.483749993669185585e+01 4.422553932931521814e+01 6.483749993669185585e+01 7.966354214045337301e+01 8.020461285752544711e+01 6.021663391542828947e+01 6.388449639164867477e+01 4.465846496746123506e+01
7.818929607037834739e-02 2.007818929607002190e+01 3.782630319079819259e+01 4.390437046244619523e+01 3.130393271306203218e+01 4.234424405090103249e+01 3.227411850801266979e+01 1.243201701542862203e+01 3.234920850494140154e+01 4.390938648581268922e+01 4.957738553781737778e+01 3.472205139851040201e+01 5.287042414386360889e+01 4.562415234651120244e+01 2.570342231491263618e+01 3.728070921825838724e+01 5.702150756478405214e+01 6.014634165307366942e+01 5.639505933694667306e+01 6.113491573323706518e+01 4.055410051791400861e+01 5.514077900753974149e+01 7.560604191113421280e+01 8.481388917196356658e+01 8.702790795462132678e+01 8.127046342547572522e+01 6.704049844796058721e+01 7.294696324575077995e+01 6.704049844796058721e+01 7.166048832203264851e+01 5.119152316601002894e+01 6.111388356975297853e+01 8.140569276744554372e+01 8.849711294125167171e+01 7.588459965480677738e+01 5.586855261291085384e+01 4.972866581609125092e+01
7.024788420635796893e-02 2.006482228907892562e+01 3.753908757243490157e+01 3.022662576201647866e+01 1.767361421089846729e+01 3.066180448492063348e+01 2.823237080361307960e+01 8.949125131413579126e+00 2.377199356550380571e+01 2.372449201927114970e+01 3.023028385672190055e+01 2.555478582085408945e+01 4.541409694864271529e+01 4.220780108528892072e+01 2.226452094963262951e+01 4.220780103224807078e+01 5.410492506725130113e+01 3.963786524027845104e+01 4.188290355308541990e+01 4.896889022049081319e+01 3.526472040929342455e+01 4.981447710723910660e+01 7.032193331928989721e+01 6.440717315347858118e+01 6.664356532557390267e+01 8.702790795462132678e+01 8.720643066625522977e+01 9.306790877811320684e+01 8.720643066625522977e+01 7.166048832203264851e+01 6.153419629374412381e+01 7.998988134280962470e+01 8.971477639873440069e+01 9.227158986781611816e+01 7.220170764688886322e+01 7.588459965480689107e+01 5.854538131068832030e+01
