MOVIE_S4_data/elevation_000904.asc
nrows	100
cellsize	150.0
xllcorner	0
ncols	100
yllcorner	0
NODATA_value	-9999
[rows 34 to 50 of 100, columns 0 to 36 of 100]
6.606448164489217567e-02 5.205676847064098389e+00 1.139722444295537152e+01 1.858669870192310114e+01 2.886013946039095757e+01 4.382673408724524933e+01 6.011050350047908353e+01 5.477845045567452331e+01 4.773359941598915412e+01 7.178622538058104396e+01 6.109828348544920829e+01 4.111682551427880128e+01 2.975278214226329609e+01 4.956198381717784684e+01 6.062558274536313974e+01 4.080680871245039754e+01 2.693773775021573869e+01 4.661159323187371939e+01 5.994752229720047154e+01 5.188232944071918951e+01 3.208610155107038509e+01 4.350337649189570755e+01 6.332149596302535599e+01 7.745303651653465238e+01 5.764179291510210135e+01 4.359465730954923401e+01 5.764183437692469880e+01 7.745735659270724227e+01 8.073342623820276742e+01 8.899570741802783402e+01 1.004935390538915811e+02 9.967664800065992381e+01 9.091183723799279903e+01 7.421450374102231251e+01 9.091183723799279903e+01 9.846400663822286958e+01 1.021852619337598185e+02
6.290596198942818851e-02 2.006290596198907394e+01 3.086723622450494986e+01 3.543302399594440999e+01 4.587329861602489700e+01 5.093684351626246354e+01 4.264789058006907396e+01 2.993442380464871988e+01 5.477845045567452331e+01 6.671419077943700415e+01 5.676397845744482851e+01 4.513250964386375585e+01 2.553243583286488771e+01 4.513250964386375585e+01 6.006036143506953806e+01 4.346125493429094178e+01 2.380999856000489956e+01 4.346123507905851824e+01 4.167890099921192615e+01 4.338122065712257580e+01 2.853822127997447922e+01 4.244632247191547236e+01 6.222609507844239829e+01 6.433103000234427782e+01 5.609864497507019365e+01 4.049700569122354210e+01 6.036084297521091457e+01 6.928578895195083476e+01 6.090928200449772589e+01 7.234027955892685213e+01 9.220158140301107608e+01 9.136411073679403216e+01 7.148794534869131212e+01 6.281219866781144390e+01 8.262311050954858160e+01 1.021852619337598185e+02 8.237402291953129918e+01
5.954267593782444634e-02 2.005619972188764777e+01 3.935937729119452655e+01 4.782401466969270842e+01 4.000397488213134523e+01 3.300395748274069518e+01 1.814043222274192502e+01 4.264789058006907396e+01 6.435389863994284099e+01 5.845903314187382449e+01 3.857685282025661877e+01 2.882942304855473026e+01 2.157059782956520166e+01 4.104561173768792770e+01 5.182645790433590349e+01 3.208609429695886206e+01 2.076668674722129282e+01 3.919257334866705378e+01 2.199044268585407025e+01 2.374167016461831636e+01 2.579440865121380355e+01 4.543493533986860200e+01 5.054085547529221145e+01 5.275481957919736686e+01 3.625368536893793703e+01 4.026865194608949849e+01 4.471545115109459090e+01 4.942846452602979923e+01 6.928725870463122760e+01 8.743967874277025487e+01 9.890031759998328198e+01 8.513872126483296654e+01 7.513528965545420135e+01 5.532816167820815423e+01 7.513528965545420135e+01 8.937131220874074700e+01 8.600945365992041047e+01
5.541180393181056874e-02 1.143830072780875362e+01 3.112456053594821270e+01 3.431614127265323333e+01 1.500179482919101304e+01 9.152878156383540187e+00 3.300385963092850261e+01 5.045179896178291301e+01 6.261432687870598102e+01 6.670878467206257767e+01 5.109508692568125099e+01 3.137143065405845377e+01 1.768247104864288488e+01 3.269833481907468808e+01 3.409077006703481061e+01 3.548938270022929942e+01 1.783457615381645311e+01 1.952004104625776293e+01 3.911705373428807775e+01 4.337032488863050617e+01 4.543501376676979930e+01 2.871806845064837432e+01 3.082486476186375768e+01 3.296922088989993682e+01 5.275470413106629763e+01 5.176569046004561869e+01 6.460645687885487121e+01 6.928725870463122760e+01 5.937795350762537794e+01 7.080793758601107868e+01 9.065514937477313140e+01 7.108294285945520130e+01 5.702716445407754975e+01 4.980447967276335675e+01 6.126309666394055142e+01 8.108727610356919513e+01 8.950750905977662342e+01
5.132731495283296419e-02 2.004807176288686321e+01 2.687719196447477543e+01 2.298824225946682986e+01 1.426547026439880073e+00 2.439004488140027505e+01 3.809906516020385681e+01 3.588598138467897058e+01 5.009564326885623586e+01 5.611504063628231620e+01 4.599815080088845320e+01 3.376484484209194648e+01 1.428287226801597321e+01 1.293999280721733136e+01 1.434920048443309781e+01 1.576923656709698562e+01 3.549309987788379317e+01 3.919257334866721720e+01 3.001278873296768523e+01 4.972114446177067748e+01 5.661786168685660670e+01 4.243280772162868431e+01 5.054084879991911805e+01 3.985857224195483894e+01 5.901003349049076263e+01 7.162382406657532385e+01 7.986082601058380703e+01 8.743967874277056751e+01 7.919647543118861677e+01 8.743967874277025487e+01 7.841118481327242762e+01 6.283764262600267614e+01 4.298846823215286150e+01 6.283764262600267614e+01 7.691080596114981915e+01 8.515805715401370435e+01 8.129419919723665089e+01
5.077994834438732952e-02 3.622928236341507735e-01 6.738434899008721723e-01 9.855076477437715310e-01 5.522982027629032231e+00 1.868911166254400236e+00 2.556984263274597424e+01 2.206967211387025429e+01 4.196347611237335684e+01 4.775314817013122592e+01 2.823743832428944955e+01 1.846644347995039226e+01 1.095797785325234486e+01 3.074212104607316576e+01 3.409077006703481061e+01 2.383047663232622426e+01 3.513772896091207087e+01 5.403804184295987056e+01 4.392600141078152376e+01 4.609045155040828945e+01 6.587579989394410518e+01 6.158005263767123694e+01 6.711628758781917270e+01 5.333258435597542046e+01 5.543513837650268528e+01 7.491649265749734354e+01 8.526027417658670515e+01 7.702512493749217981e+01 7.959065331543096988e+01 8.783412886732618574e+01 7.015238603409858342e+01 5.031419942959146852e+01 3.892844414814164367e+01 5.869880365775239284e+01 5.700199502939207008e+01 7.691080596114981915e+01 8.950750905975480975e+01
4.095169275885861271e-02 4.246198653595657291e+00 1.274873487806325834e+01 1.249319620002283671e+01 1.723876219028252876e+01 2.181925888870551056e+00 9.543561376220955239e+00 2.967651176911524047e+01 4.675579376238309948e+01 5.537501227523323877e+01 4.599620744618699320e+01 2.948520338218679271e+01 9.692893073943428917e+00 2.371731700884943450e+01 4.351584066676141305e+01 4.316782112375037883e+01 3.756394988417852687e+01 5.716147744338578462e+01 6.371185741213607656e+01 6.587579999801299380e+01 6.971986118720121794e+01 6.200165238777505294e+01 6.972048275994961841e+01 7.271660819639416218e+01 7.491649265749734354e+01 7.646685975871197627e+01 6.827222970886087694e+01 5.745305620633905619e+01 5.998192108802788880e+01 7.959065331543096988e+01 6.949617596391748009e+01 5.496255690112587189e+01 3.535377884694248962e+01 4.288749422935063649e+01 6.216476472251273577e+01 6.846448113724468953e+01 7.684691476944688304e+01
3.794593529682660504e-02 3.997711869035634358e+00 2.118884510088679107e+01 2.567814914920043279e+01 2.126630963353360571e+01 2.495497099042191191e+00 1.115266912570270108e+01 2.103211564985937088e+01 3.480013929750381863e+01 5.358801514975622382e+01 4.220126635170841922e+01 2.245524351562542975e+01 8.438456073923706668e+00 1.833014501767150861e+01 3.181773888521817639e+01 5.035885419503724592e+01 5.720162901794830645e+01 6.565913154631250848e+01 6.819274221300442207e+01 6.049601128955686136e+01 6.069262104050977058e+01 4.418735178735429514e+01 6.069262120739341526e+01 7.260455683596502752e+01 6.442785704744838426e+01 6.418286873816798277e+01 4.898329470253700890e+01 4.651864112281438679e+01 5.998192108802788880e+01 7.959065331543096988e+01 6.125162452244141065e+01 4.151337590379352349e+01 3.199693630010643020e+01 3.423171164587503768e+01 5.385835414100488805e+01 4.876682054826294888e+01 6.836834660408347020e+01
3.760068892276602348e-02 1.998000911517855371e+01 2.994269268804285389e+01 3.007155205570957435e+01 2.227279304903295198e+01 2.809750654797258385e+00 2.167835183424309875e+01 3.485321469204122025e+01 4.117804924327248983e+01 3.825252433743215619e+01 3.343746701659382126e+01 2.528005478567435205e+01 7.226139767829479865e+00 2.700821012384886899e+01 4.582703842786756354e+01 5.054824983515308645e+01 4.919775516777785640e+01 5.839919084417051209e+01 5.776221963061600917e+01 4.264338079151693961e+01 5.309448529148841089e+01 3.535173571855064978e+01 5.309448529241373649e+01 6.141280141319790431e+01 4.519046672415920085e+01 4.514127646738617727e+01 3.842619195935759535e+01 5.146699519471047068e+01 7.082136167281815631e+01 7.135831491466213095e+01 6.949617593182981068e+01 5.960276183958814045e+01 4.681327897941177696e+01 2.772105818964792689e+01 3.522574792110517450e+01 5.404725212871959883e+01 5.591053656731401134e+01
3.621519728617531020e-02 1.096637237811956744e+01 3.077177665226355430e+01 2.513070977764019531e+01 6.030604751152012000e+00 3.124658129954641428e+00 2.252084914149966011e+01 1.827879061485250745e+01 2.487784714006914299e+01 1.865716347470995373e+01 2.457117646809253486e+01 5.802849643076005925e+00 2.435219243490147178e+01 3.441182542190981763e+01 4.077299267015433770e+01 2.931662285368518539e+01 2.899644327017772127e+01 4.604171930288104875e+01 5.018878635846407121e+01 3.230288975075784919e+01 3.986235739142768608e+01 2.925518534255061809e+01 4.718022893042606825e+01 5.297456438093753661e+01 3.450667563245207248e+01 3.214978259686045448e+01 5.071842971890882978e+01 6.524674130867620647e+01 6.564378461705057077e+01 5.170972835166993065e+01 6.197715246756573748e+01 6.109460448172939095e+01 4.414598384189773128e+01 2.514840411992933866e+01 4.276430133976176506e+01 4.297569126170482434e+01 3.554831378060635672e+01
2.661327423881425236e-02 2.002632179706962390e+01 3.711468906513280785e+01 3.355861129941634147e+01 1.895855673444866696e+01 1.813935124103043961e+01 3.570979948924779546e+00 1.838081954272042395e+01 4.446431327974972980e+00 4.750104611696341905e+00 5.046903277237416496e+00 5.344294826490592065e+00 2.493135115182821337e+01 2.517038295003385073e+01 2.580359035525647826e+01 1.765713042424792079e+01 2.102731141562937012e+01 3.446256789111251351e+01 3.844310785259855834e+01 3.424468928412871804e+01 2.145893264549623325e+01 3.986235725081588299e+01 5.471936569855640187e+01 4.511977175810153540e+01 2.583163951620056409e+01 4.511977175810182672e+01 5.874167225035755990e+01 5.734731472790833351e+01 5.587946593914566051e+01 3.802640137025100131e+01 4.117393331822601965e+01 4.361594064160304640e+01 3.431237804140450010e+01 2.251174410035089934e+01 2.377232643964330805e+01 2.501570754930171603e+01 2.623462782744395838e+01
2.753285331545040487e-02 1.421941314028269510e+01 3.463076872691412689e+01 4.736470970391123103e+01 3.282834490947836770e+01 1.515820370565382014e+01 4.203802829359412740e+00 4.011745893642803651e+00 1.130787708520756141e+01 1.798380565664635711e+01 2.452374311999813372e+01 8.115671880762418411e+00 5.751075674244347624e+00 6.036479789083404768e+00 6.323043807876228328e+00 1.327024625342181352e+01 2.540080045144847887e+01 2.847691196948780146e+01 2.636683105681009565e+01 1.520359713780856836e+01 2.963149603158905876e+01 3.913980884089276913e+01 4.470758521390064288e+01 3.668265497790334706e+01 2.142328189836646857e+01 4.165552085717905584e+01 5.170658273891822887e+01 3.788279542238369402e+01 4.774124821891096815e+01 2.852073249669425081e+01 3.296585074003795057e+01 1.976232349370219765e+01 2.087959794747931142e+01 4.001598215240709067e+01 4.276971627150851418e+01 4.398090767613000196e+01 4.520069195537811879e+01
2.210104741296625708e-02 1.157514946113993304e+01 2.582658377910481207e+01 4.647723513023262853e+01 3.775449835036238255e+01 1.640056455074382669e+01 2.799415284793542469e+01 1.905242905087168737e+01 2.211085818726406060e+01 3.351040518303956617e+01 3.075550241682980968e+01 1.112491797850744213e+01 1.599315041246380176e+01 1.773561880336305308e+01 2.306905947733443440e+01 6.739764126616818452e+00 1.396676675963633940e+01 1.544218227556655521e+01 2.305934931174424918e+01 2.652232043688374930e+01 9.607107927120159374e+00 3.065519228697568010e+01 3.406048042216369964e+01 1.551491734356396535e+01 3.423416799647181108e+01 4.280726267352062564e+01 4.190883607139257094e+01 2.431490532261452131e+01 3.498098546449578805e+01 3.533672079856337689e+01 1.819586996559842618e+01 2.684255698926261857e+01 3.916433838208896390e+01 2.708754727568013720e+01 4.622529796640409216e+01 6.127125282001515671e+01 6.432967365265163551e+01
1.884200952422735234e-02 2.001884200952265758e+01 3.649036424709014881e+01 4.657672180025248565e+01 4.609597776143481695e+01 3.193238762966986855e+01 3.786880249986927538e+01 4.218369250822864558e+01 4.526857818220208429e+01 3.694310630034767229e+01 1.738309824981458007e+01 3.075964825285724302e+01 3.175852086340981018e+01 2.957184739000607010e+01 1.515729757061950167e+01 2.726807342921374300e+01 7.170718468983332983e+00 7.483833681826465245e+00 7.802905672693141170e+00 8.126555603643755177e+00 8.453630385488150267e+00 2.824214962215268443e+01 1.121078144371652385e+01 2.982203306127408737e+01 2.327805347021559612e+01 3.507497246495533005e+01 3.232501141367335862e+01 1.453324645721061614e+01 1.559700330303175342e+01 1.666936271953613158e+01 3.601499851943478347e+01 3.163364251061137367e+01 4.748900556448472798e+01 4.622529631841565134e+01 3.368062373342562665e+01 5.308622268858979965e+01 7.008145683700649897e+01
9.934550753332892920e-03 8.174901522533227549e+00 1.817500089269308106e+01 3.232517560096960807e+01 5.246974183579455087e+01 5.234680352949766302e+01 5.839187978024604320e+01 6.100093864918029141e+01 4.103275718350435142e+01 2.967809043680200887e+01 2.276140314768326078e+01 4.239052232708231571e+01 4.589323496942417790e+01 2.767374010742353363e+01 3.064034783854272348e+01 1.227302488718323126e+01 3.140331100036944534e+01 3.319925252648496183e+01 2.507889123751490246e+01 2.837408096723702400e+01 1.445968072737562693e+01 8.921380498416553451e+00 9.253395223632377764e+00 1.978023593686842219e+01 1.848407968142542401e+01 2.550453718948957871e+01 1.312171319063004127e+01 3.165214928202685130e+01 3.498098734518403319e+01 3.601259036935920221e+01 4.408725437353034948e+01 4.981996347641973699e+01 5.766397038138658360e+01 5.308619522356920584e+01 5.308622268858999149e+01 4.221953053400006439e+01 6.187756981298340975e+01
8.364784840791048004e-03 1.155537016863340938e+01 2.569750579236461263e+01 4.569750579743794106e+01 4.968565096282157612e+01 5.797688921997922051e+01 6.757183118516451259e+01 6.943416081493018055e+01 5.777512694621368183e+01 4.836394697342646509e+01 2.855235525059941537e+01 4.836385936446154687e+01 5.408118784309093030e+01 4.132114529027045791e+01 2.107816439670083852e+01 3.367065009836048262e+01 1.973614133705231311e+01 4.011235112319528895e+01 4.948080773443802372e+01 3.588062169622834574e+01 1.615905387561745954e+01 2.883786169655659037e+01 1.815808025461565478e+01 9.726077722668037495e+00 1.317511840244529786e+01 2.219292673182779652e+01 3.063776887996547771e+01 1.195483342069881161e+01 3.275276576456437994e+01 4.349982473681886574e+01 4.779636161647218273e+01 5.599207083839237242e+01 6.587515520143595893e+01 7.280978494982245763e+01 7.008230759653682185e+01 5.353136901419948401e+01 5.825101562115939657e+01
5.219006137575642711e-03 2.000521900613722082e+01 2.863917084126672208e+01 3.335352618012346682e+01 2.968296728091644709e+01 3.913407161747696250e+01 5.447589101395058009e+01 6.447273104120030496e+01 6.247810702302528796e+01 4.251767471771240281e+01 3.992713852625188053e+01 5.663602279738426404e+01 6.099493742586773237e+01 4.132092008179947129e+01 2.795227492971791605e+01 4.474759567893648438e+01 2.508283727149899889e+01 4.474759567893648438e+01 4.408505300386998016e+01 2.447687801300130417e+01 3.588062170480753110e+01 3.917828960002014327e+01 1.855311158834296492e+01 3.260658782153817725e+01 1.019984926744004028e+01 1.053507738444672093e+01 1.087052941178618504e+01 1.122460264554823439e+01 1.327064900464134389e+01 3.524103432075884257e+01 2.800156973284792983e+01 3.792157131284866267e+01 5.188856364511044461e+01 7.163210352100844602e+01 8.150076617117819922e+01 7.327869212920828090e+01 7.801379833283485254e+01
