MOVIE_S4_data/elevation_000844.asc
nrows	100
cellsize	150.0
xllcorner	0
ncols	100
yllcorner	0
NODATA_value	-9999
[rows 0 to 16 of 100, columns 37 to 73 of 100]
9.712660476182666969e+01 1.052651760546861226e+02 9.841252029459784012e+01 9.027312705461689291e+01 9.027312705461689291e+01 9.322063359093100132e+01 9.682264208334079569e+01 8.869042792451840285e+01 9.682264208334079569e+01 9.349348678599348261e+01 1.016419487214897686e+02 1.092458790837676332e+02 1.008668498837524794e+02 1.008668498837524794e+02 9.761240273943806756e+01 8.926028698613718859e+01 9.761240273943806756e+01 9.967488513017222829e+01 9.127124244042342127e+01 9.967488513017222829e+01 9.962476316198892334e+01 9.106804819393832418e+01 9.106804819393832418e+01 9.637264750523715406e+01 9.685816281834125618e+01 8.802019137290473338e+01 9.670220376722717504e+01 9.494137272540716310e+01 1.029239682065851440e+02 1.087130993549958617e+02 1.028098920106687473e+02 1.028098920106687615e+02 1.111678673297569162e+02 1.118902271486197009e+02 1.035190148554512035e+02 9.828148052957698155e+01 1.029779003235668142e+02
7.746730826408715131e+01 9.712660476182666969e+01 9.027312705461689291e+01 7.061370702465858074e+01 7.061370702465858074e+01 7.359595857473441072e+01 8.700458797048617043e+01 6.905299151831714255e+01 7.963758722096336840e+01 7.389828570224848647e+01 9.349348678599348261e+01 1.008668498837524794e+02 8.080186434919828287e+01 8.080186434919828287e+01 8.759539687597887792e+01 6.928003164648873735e+01 8.759539687597887792e+01 8.946601314795441340e+01 7.079983470260594913e+01 8.946601314795441340e+01 9.106804819393832418e+01 6.976503395065149959e+01 6.976503395065149959e+01 7.581213789383586743e+01 8.603404551246644871e+01 6.741744850336915817e+01 8.599337254304859357e+01 7.583557342917850974e+01 9.210436231135727780e+01 8.878371867931852535e+01 8.297388745727758419e+01 8.297388745727758419e+01 1.028098920106687473e+02 1.003502753780178409e+02 8.362323273367825038e+01 7.851945425059038541e+01 8.305267656509006713e+01
7.581698677147547016e+01 9.544875220821569428e+01 8.773943301521329374e+01 6.805014596607020394e+01 5.609473187514523573e+01 5.922048749170657800e+01 7.594464915706431896e+01 5.876944144279040927e+01 5.957425674750048472e+01 7.135025579702580956e+01 9.095829247564317654e+01 9.918690477134155969e+01 7.913277646002421761e+01 6.671395996269484385e+01 7.927015931631292744e+01 5.932283526570803645e+01 7.927015931631292744e+01 8.103553857151477757e+01 6.053338031002177644e+01 7.078445944076825924e+01 7.923678270930950873e+01 7.600454236279657039e+01 5.477622282566188971e+01 7.600454236279657039e+01 7.738565275297679591e+01 5.768087155549965672e+01 7.738415038590981965e+01 6.477540634574710054e+01 8.402100171648875460e+01 8.835851073253857635e+01 6.935524999442777982e+01 8.878371867931852535e+01 9.489126835531533288e+01 8.661896961099660075e+01 7.251457169523024504e+01 9.203217969403218035e+01 1.029779003353387452e+02
7.581698558694753842e+01 8.784790062537091160e+01 9.587088129856932994e+01 8.451311365962817490e+01 6.772563933179348794e+01 4.671788400962164189e+01 6.374890637575680330e+01 4.991673300282613468e+01 7.066499306222222287e+01 8.777011721186919146e+01 9.909814591755372248e+01 9.328299820024687961e+01 7.327156270463743226e+01 5.918460501245382943e+01 7.130845988528156454e+01 5.267362312321684215e+01 7.262105129944463044e+01 8.388901716716037527e+01 7.078445944076825924e+01 5.058857794531665775e+01 7.078445944076825924e+01 6.961805639970963000e+01 4.864357938336846132e+01 6.961805639770845744e+01 7.068433984189182695e+01 5.111789429276524999e+01 6.657296083721439572e+01 5.684537087646426556e+01 7.621103244498672780e+01 6.887347783684363378e+01 6.332282737781376625e+01 7.926714950059155740e+01 8.224107415880617111e+01 6.728670563083359468e+01 7.325282385041484190e+01 9.280048164515385167e+01 1.118083214308145159e+02
6.023517455627825257e+01 7.971092704843600529e+01 8.466116227096746627e+01 7.458776886877120660e+01 6.263051026380131248e+01 4.123015580948356273e+01 4.243679944109572233e+01 5.349665801583425662e+01 6.820476330961561473e+01 8.799488152930562990e+01 9.395803936548142588e+01 9.616186554635208950e+01 8.745772954273431310e+01 7.130845988528156454e+01 5.136047776483043492e+01 4.665473888982066342e+01 5.560854026371823977e+01 6.974877871544009622e+01 6.518312972653401971e+01 4.532417206945591204e+01 5.813525723000440593e+01 5.669345839542045695e+01 4.326033110482107702e+01 6.402234976024575985e+01 6.226847576316225030e+01 4.512729531152756834e+01 4.699538480424980236e+01 6.657190368761868626e+01 7.147207851253119770e+01 5.516943498987032513e+01 5.745934766617926925e+01 5.996351410169396701e+01 6.296785619108500498e+01 8.224107415880617111e+01 9.280048164515385167e+01 8.353826196967850137e+01 9.753259314163649663e+01
7.808529888166479793e+01 8.784789693418277068e+01 7.650265637888183790e+01 5.616931578910246259e+01 4.523349709791501283e+01 3.609464235792030706e+01 5.772093224180815696e+01 7.203327038068879062e+01 8.217128032047672548e+01 8.834902822888415130e+01 7.435235183938048920e+01 7.648371727762912542e+01 9.616186554635208950e+01 7.961617568031095971e+01 7.130845988528156454e+01 6.145510755156207239e+01 4.148558146259777146e+01 6.145510755156207239e+01 7.336751625131211085e+01 5.812861650237709199e+01 3.852993655799333794e+01 3.612727828885657289e+01 5.626913943248310090e+01 5.982887938071725387e+01 4.260409359216021130e+01 6.226847578719421250e+01 6.657262588073783149e+01 4.977978565638139230e+01 5.198807086875383732e+01 7.147225604476578553e+01 7.681559066457832330e+01 7.926715222257908522e+01 6.655435136737318658e+01 8.011962061871948038e+01 9.986884337134620182e+01 9.753259314279051750e+01 1.118081419524799713e+02
7.717653080123506015e+01 8.562740012096672615e+01 8.466115579034499206e+01 7.076837424217966088e+01 5.472190548340721250e+01 3.307839606776062880e+01 5.472190548413708200e+01 6.968911770704389141e+01 8.144880028219164103e+01 8.009472476595102819e+01 6.116904367389894759e+01 8.009472476595102819e+01 9.203279122598443962e+01 7.861983812702143837e+01 5.886984683641292548e+01 4.776656838372984737e+01 3.812800167792244110e+01 5.805017575061921065e+01 6.021443415048796055e+01 5.125749028745556046e+01 3.393659002545040693e+01 5.133747328331899240e+01 3.845202729355986548e+01 4.010499937598245168e+01 5.982887938071567646e+01 7.040810159164703919e+01 7.745986846752792587e+01 6.930773415191038112e+01 5.636711141540398984e+01 7.569760753810483322e+01 9.114282706329322536e+01 9.178820882221084787e+01 7.227260843642164900e+01 8.227175186066040169e+01 1.020658363387760232e+02 1.176900635729959390e+02 1.106740944684573122e+02
5.658374434072337777e+01 7.377041100804613905e+01 7.688300021335066958e+01 5.646248938038201004e+01 4.116349463243133044e+01 3.021037731312104668e+01 4.000188213576836205e+01 5.264358546331037303e+01 7.324602491564796480e+01 7.378616440193357562e+01 5.523322094634807655e+01 6.469303604250477235e+01 8.376192015349731435e+01 8.693380041773380640e+01 7.460647433310685983e+01 5.220692697575731245e+01 3.500928469065642901e+01 5.060830842094179616e+01 4.997935628743140768e+01 3.187845745192026570e+01 5.196318416782103355e+01 6.038477591408825873e+01 5.821733763612245127e+01 5.004545609789786198e+01 4.793667167132929308e+01 5.491850823721622277e+01 7.437057892988383401e+01 8.381229219909714345e+01 7.569760753810618326e+01 6.371447713413309799e+01 8.297885976826960075e+01 9.837149352753660025e+01 7.862164053907284256e+01 9.837149352753660025e+01 1.104164669447562801e+02 1.188546610983994043e+02 1.024154203424157288e+02
4.455906247378021590e+01 6.528727185189536897e+01 6.781095052142272550e+01 6.406447417498040409e+01 4.293714808686573292e+01 2.762231810158737488e+01 4.293714808686573292e+01 6.406447417497980723e+01 6.986860644362319306e+01 6.193302864390594920e+01 4.994361847089980699e+01 6.263520060972589931e+01 8.160812406837499111e+01 7.359293196004428239e+01 6.534665471005233428e+01 6.363678239591163077e+01 5.088404571651670949e+01 3.079261214957645265e+01 2.988219351192219975e+01 4.997935628746716219e+01 4.195743238453928114e+01 6.196892811707981963e+01 7.724170548285719917e+01 6.371172522416579653e+01 6.178452653272658779e+01 6.749323338243033277e+01 6.613790529290619702e+01 8.561662025906159101e+01 8.879823685715919623e+01 6.949754653973296570e+01 8.879823685715919623e+01 1.067236121570062721e+02 9.249101435804722371e+01 9.468305064171825336e+01 1.147831823148256660e+02 1.047604319943414453e+02 9.063929467876563706e+01
5.420758268493553089e+01 6.153257235272582193e+01 4.695454229272297653e+01 5.161574717089310838e+01 4.301376988401269585e+01 2.516434675005004706e+01 4.655511280530237883e+01 6.441691750241407988e+01 5.654590658308216433e+01 4.386953291969741286e+01 5.617786048184791525e+01 7.387864799327330445e+01 7.923288218790057158e+01 5.959479116261010745e+01 4.583498099265180770e+01 5.300638868832885464e+01 4.616485128374557689e+01 2.789824629426899349e+01 4.214760813382974902e+01 5.827781729228770047e+01 5.611464073021728893e+01 5.611464065773029830e+01 7.610235368371787956e+01 8.267555060873831962e+01 8.126730306979573015e+01 8.705659853675597049e+01 7.730154338912089429e+01 9.386578992720224335e+01 9.700809591860671333e+01 8.054882014022527414e+01 8.306521937752144424e+01 1.026389654102102327e+02 1.125682260916640587e+02 1.147831823148256660e+02 1.077064615170581448e+02 9.479317192716608531e+01 7.655336843701901728e+01
4.829560615759283593e+01 5.306321427360502696e+01 3.180033406882061797e+01 3.961538557770521862e+01 2.181982502479808872e+01 4.301376922091260724e+01 5.511623005210267223e+01 5.149724118967461095e+01 3.814399786405827086e+01 5.654590658308216433e+01 6.325853559154382566e+01 7.373029134855390510e+01 6.960694216574934501e+01 6.133335533613728074e+01 5.300638789396779060e+01 3.327612745081828649e+01 2.612127471560116732e+01 4.625586802154065680e+01 5.631365488947979969e+01 7.047986616655296643e+01 7.610242812447320659e+01 7.610239356501705288e+01 8.442453778523443475e+01 8.084792955613691845e+01 8.913383655006839490e+01 9.393815349144531979e+01 9.697522649782111159e+01 1.052934296332108346e+02 1.083633164331523488e+02 1.000671496588114451e+02 1.026389654101438254e+02 1.109509728462785176e+02 1.083899000167751012e+02 1.000827632693347340e+02 9.828429182235339567e+01 7.948817722743899594e+01 6.662467382647847103e+01
4.189426902182293588e+01 4.385744071502215746e+01 3.644679257313375587e+01 1.878829436864300106e+01 3.961538557769899427e+01 5.135038767947900595e+01 4.641239987619328389e+01 3.193234101699296801e+01 5.149724118967461095e+01 5.685362173544261566e+01 4.029254389482892407e+01 5.747960628484184298e+01 5.808645858737418166e+01 4.138778875347956188e+01 5.798475190477481789e+01 4.503498702741495663e+01 2.490048926391045825e+01 4.503691101634851179e+01 6.481710199949084483e+01 7.284151469728988104e+01 7.535415003772011744e+01 6.708093027205505621e+01 6.674512247332566517e+01 6.090354851209387022e+01 8.084792955613691845e+01 7.396873290185912708e+01 8.810235893360311366e+01 9.116981064665853296e+01 9.946484159698576377e+01 1.016601606641492310e+02 1.099677527442436116e+02 1.009077185433788060e+02 9.257696973236294014e+01 7.983029944680203016e+01 9.000970485452393177e+01 7.009235944887566916e+01 5.960060921195928785e+01
3.370219911390821466e+01 3.452663965272360258e+01 1.640012439549041545e+01 3.644678367558005050e+01 4.516519310540338239e+01 4.234341374405524761e+01 2.463245859411789240e+01 4.372715699839748993e+01 3.999419543362383678e+01 3.972113809845140509e+01 2.938907625736489493e+01 4.760520663737861469e+01 4.722389267001953073e+01 2.976144634132941036e+01 4.950488333967967236e+01 4.382491661860586163e+01 2.364834230562150807e+01 4.381881390868203852e+01 4.495125477592117136e+01 6.481710379633885566e+01 6.385282364437428271e+01 4.718176901122539135e+01 4.684957307428801698e+01 6.208055940640629444e+01 6.571222760399739116e+01 5.986957416520206010e+01 7.487356298106139718e+01 7.121106489529135786e+01 8.753214895721775690e+01 8.168013489884101830e+01 1.016601606641492310e+02 9.257696977314519415e+01 7.191887726316896590e+01 6.754898688694323994e+01 8.641327640630017015e+01 7.374726042965562556e+01 5.388729376878603716e+01
3.118561257080766325e+01 1.450031640485564211e+01 1.485522823389373670e+01 3.515395093201448873e+01 3.460817822575076264e+01 2.471025218179343952e+01 3.847813984388893260e+01 1.723906341084755667e+01 1.759895570530109765e+01 2.179493130712693727e+01 3.480330837618368633e+01 3.883497539159253620e+01 2.666731261176957091e+01 2.222897506011893753e+01 4.215279483607495337e+01 4.261351742080785954e+01 2.226637782925406839e+01 3.072471645741383384e+01 5.076982699885800798e+01 5.978043347410444852e+01 5.151911918689038572e+01 3.563847836681735259e+01 3.874946930160724889e+01 4.221723493725611576e+01 4.582076167205002548e+01 5.023494556091488761e+01 5.491716802470990189e+01 6.094143095878712302e+01 6.759832696970460120e+01 8.753214895721775690e+01 1.052150540648936499e+02 9.702024972299915362e+01 7.796949238489351330e+01 5.631850378594556616e+01 7.796949238489351330e+01 6.906629331614226430e+01 4.927242661510796751e+01
1.399550482268647755e+01 2.779040497999372050e+01 3.141948304471259590e+01 1.536239698526141773e+01 2.584077592862865203e+01 3.509424102544610236e+01 1.672683855926750951e+01 2.022279693447816484e+01 3.348369357145521974e+01 1.810173201261276787e+01 1.845704675782353732e+01 1.881047228147426509e+01 1.916236654702846920e+01 1.951319878940703489e+01 3.963510987581633316e+01 3.468858403539395852e+01 2.106257181903611198e+01 4.141265440379257967e+01 5.576730505253453174e+01 4.758786980566388536e+01 3.128177437637181413e+01 5.151911918689072678e+01 5.020850434920874505e+01 6.208055940640629444e+01 5.574052456763322283e+01 7.016979558050375942e+01 6.902944380272214175e+01 8.088754162804677605e+01 8.753214895721775690e+01 9.582394382154222967e+01 9.365387234003492267e+01 7.689605184885498090e+01 7.165371629529202835e+01 5.023036633933480744e+01 7.165371629529202835e+01 7.732158477549813824e+01 6.295785479505075699e+01
3.428306640559480201e+01 3.858509428100781236e+01 3.014063368162437584e+01 1.602396870167637033e+01 1.586028245354288480e+01 1.621364831519256811e+01 2.511560303040643305e+01 3.611894988981462262e+01 2.212583220618637370e+01 3.990466657710589971e+01 3.914754552105547702e+01 3.476029977681881888e+01 3.923654203439289034e+01 2.463263133853191889e+01 2.001090820241405766e+01 2.036552363959075507e+01 2.074255414841007550e+01 4.092602420491886051e+01 4.373944097635109785e+01 2.686964979386605279e+01 4.758786980566388536e+01 5.978043368495676191e+01 7.011693793081114734e+01 7.839340616273999274e+01 6.983798170336393696e+01 8.396473011882955007e+01 8.898251476153291151e+01 8.406396670099201174e+01 9.238312758166266292e+01 9.960523609144874513e+01 7.951817458005508854e+01 6.504673604606270487e+01 6.613232892329436652e+01 4.550263929030263199e+01 6.073349408281823258e+01 6.310629342214967608e+01 5.582330031727785524e+01
5.069257139123804734e+01 5.324311783834434664e+01 3.539026519119447300e+01 4.222654571767725429e+01 3.673117746763468716e+01 1.901146207013227851e+01 2.418642777236626884e+01 3.662966695909951653e+01 4.108927280883901290e+01 2.646485992568243262e+01 4.317705430302803649e+01 5.704601789023013936e+01 4.808748196781517237e+01 2.790459926312928474e+01 4.016182184888797480e+01 3.463550319308812675e+01 4.057240336036567641e+01 2.128550198469228505e+01 2.309236086660585130e+01 4.373450897591545328e+01 5.572764040613459713e+01 5.622519551394387349e+01 5.622519551394387349e+01 7.619136986322153859e+01 8.979729984900133388e+01 8.950349568045537296e+01 8.092075801702158344e+01 6.430617090507784894e+01 8.092075801702161186e+01 8.735477318112587852e+01 7.907738151205822419e+01 7.452143902347884818e+01 5.422936648608488497e+01 5.288702360131853197e+01 4.041207469017172826e+01 5.086460566316959842e+01 3.607827768046640671e+01
