MOVIE_S4_data/elevation_000548.asc
nrows	100
cellsize	150.0
xllcorner	0
ncols	100
yllcorner	0
NODATA_value	-9999
[rows 51 to 67 of 100, columns 37 to 73 of 100]
8.557776625307637630e+01 7.599472567513959120e+01 9.265113423181426811e+01 9.886271585759226355e+01 9.593695183862141107e+01 8.771553439657689921e+01 7.068588958791296761e+01 8.429435891528252967e+01 6.425247331984236610e+01 8.343175751310106136e+01 7.202466703208939691e+01 9.191155506065138070e+01 9.610873955267781810e+01 8.577106896312253070e+01 6.527569369447401471e+01 7.127840568919611997e+01 5.128553229298871941e+01 7.250850304718652239e+01 8.885354948481341353e+01 1.032915672454682294e+02 8.375475303262059867e+01 6.963045759764078468e+01 7.692492735813348759e+01 6.218748393850787437e+01 8.243582880790735601e+01 7.541064648397295400e+01 9.188247052922891100e+01 8.333660534813066079e+01 8.186997677032221077e+01 1.019904564096540440e+02 1.075915683113720718e+02 8.874452535612988413e+01 1.075915726391969542e+02 1.051738057364733976e+02 8.572022560925657331e+01 1.051738027669335054e+02 9.582726201318523351e+01
8.441436977342431192e+01 6.435400815378395123e+01 8.441436977342431192e+01 7.896181392851758574e+01 9.302564497991855319e+01 9.884299233772007653e+01 8.481535566435326245e+01 9.092619202714803350e+01 7.103069269157668941e+01 9.092619202714645610e+01 8.354155311592109001e+01 8.354155311592110422e+01 1.033451903468782263e+02 9.415940065236965495e+01 8.577102283260066429e+01 7.661405615647400680e+01 5.567976125623292916e+01 7.067865360693416221e+01 9.094338548971698799e+01 1.037142543028745365e+02 9.761069769486691428e+01 8.947695343263519874e+01 7.161975743364907032e+01 6.784797821602748513e+01 8.751342545032787257e+01 9.509122189561004745e+01 1.032463481470368407e+02 1.031831016132331484e+02 9.604470513103036922e+01 1.107769170161795813e+02 1.178994270905510149e+02 1.092259697899014981e+02 1.178993824448766787e+02 1.137026260594858655e+02 9.688775534676625512e+01 1.136883591982494153e+02 1.069837012902303286e+02
6.670043313881308222e+01 5.656860051214378160e+01 7.583533707101251764e+01 6.476595763514349358e+01 7.896181392851758574e+01 9.886271585759226355e+01 1.046371345798537789e+02 9.914396604439363614e+01 8.102283685680721703e+01 9.914396604410552527e+01 9.754361497170354767e+01 9.497718220158779445e+01 1.115744775603228618e+02 9.995871367871224322e+01 7.981283702330131291e+01 6.803923011024915013e+01 6.537394741975982981e+01 6.494483025068495863e+01 7.522649204854955940e+01 9.535094955609463341e+01 1.009177943595548186e+02 8.145463430776146652e+01 9.118621434608215282e+01 8.751342545032787257e+01 7.601760382279182693e+01 8.467716867815977366e+01 9.587242385062504013e+01 1.154697238491133930e+02 1.171082409278128580e+02 1.212411631957892126e+02 1.193638074430791249e+02 1.160948359937040948e+02 1.157760404922174473e+02 1.234592376738081896e+02 1.170949128219270676e+02 1.257061486514283217e+02 1.261188319206452491e+02
4.609275377602295265e+01 5.061259815020427055e+01 5.557692692059144690e+01 7.583533707101251764e+01 7.896181392851758574e+01 9.303950974207634772e+01 1.129211790381645386e+02 1.090547406955997189e+02 1.008295471974927580e+02 1.090547406952879328e+02 1.173514323007329665e+02 1.147761020524198869e+02 1.230249175799027483e+02 1.083229129724727358e+02 9.668372320522863106e+01 8.832748636864981506e+01 7.564471691557612587e+01 7.522649204855188998e+01 8.528872096226011479e+01 1.037142580812533339e+02 1.090838373552882956e+02 9.114433333092723899e+01 1.090839437624122326e+02 1.035885841626879511e+02 8.569982094609787282e+01 1.035885994231544203e+02 1.123346768955618558e+02 1.236919514998839418e+02 1.212432594609554570e+02 1.015622086448287718e+02 9.941079893099548315e+01 9.576999001597899053e+01 9.575268754722341669e+01 1.157753747589603250e+02 1.232271072824104152e+02 1.150246919051569705e+02 1.232284234517507713e+02
6.078495961358984090e+01 6.256375790663917513e+01 7.583533707101251764e+01 6.998356608381804733e+01 8.996276195219869010e+01 1.070894760313194780e+02 1.088942378160298148e+02 1.171842910637483328e+02 1.196157486534920906e+02 1.113553211458398096e+02 1.196157486534920906e+02 1.185612254037166906e+02 1.103108790721481967e+02 1.137169810721590011e+02 1.158729924517663079e+02 1.041338684327663344e+02 8.985487442436833305e+01 8.943659806913736077e+01 1.037144406910491483e+02 1.138097509109451693e+02 1.188954506459410396e+02 1.106912557226097817e+02 1.188954709445206959e+02 1.133723122929772131e+02 1.051889175225109909e+02 1.133723131973344636e+02 1.236813508069681973e+02 1.198971058197096937e+02 1.141148497737780758e+02 1.052562440002398603e+02 8.503601785706082694e+01 8.134350940377022710e+01 1.016484502064069062e+02 1.144088196662505652e+02 1.131467104758359454e+02 9.472029954686587416e+01 1.131467104758359454e+02
8.089145699570764236e+01 8.268951075283017360e+01 9.097292950701177006e+01 8.996276195219869010e+01 9.819472828127391040e+01 1.057817210715285512e+02 8.925381282643871828e+01 1.057817210715285512e+02 1.097716873473886494e+02 9.177253863764455843e+01 1.097716873473886494e+02 1.072213560673591815e+02 9.078433177980772939e+01 9.427528274799620078e+01 9.639542393049191560e+01 1.158729924517663079e+02 1.100513094528499352e+02 1.096294951438594865e+02 1.166125400361689799e+02 1.248220414932962399e+02 1.190919546965394744e+02 1.131396373887250206e+02 1.139865707672798436e+02 1.139865707672798436e+02 1.223584853520139433e+02 1.236813508069681973e+02 1.038748895959986669e+02 9.991549874198830139e+01 9.403393499833225633e+01 9.469572168921307309e+01 9.447400438415886015e+01 7.419975630510364795e+01 8.591080267556610295e+01 1.061718732515376900e+02 1.048723147927182140e+02 8.447081376224453209e+01 1.048723139022790320e+02
7.330366753923570400e+01 8.007121751932609754e+01 8.814568743434070086e+01 9.783833819365777629e+01 1.087194416794756933e+02 9.755483316129070204e+01 7.806262659046562646e+01 9.755483316129070204e+01 1.015639298917421769e+02 8.210879455084690903e+01 9.183636222129462112e+01 9.849918289156249784e+01 7.963942268541742919e+01 8.065376594034424329e+01 9.419322319505519658e+01 1.131421477319056805e+02 1.220356621944255124e+02 1.132972894535056696e+02 9.659200419698233020e+01 1.132972894535056696e+02 9.884011112070167826e+01 9.291705340497608745e+01 9.392228697369741042e+01 9.392228697369741042e+01 1.139865707672798436e+02 1.211611257534411692e+02 1.016521353963121754e+02 8.734675966258807023e+01 7.965786425923720060e+01 7.446736064749245543e+01 8.777065354322000701e+01 6.976271459122988006e+01 8.994567096758564162e+01 1.056420591941822238e+02 9.807176666245776175e+01 7.770062684095537975e+01 8.938543404347615251e+01
5.423653853846100503e+01 6.092969558756286119e+01 7.042338187531339599e+01 8.971905316333861435e+01 1.004802405543221084e+02 8.093300141153984839e+01 7.123644290293582060e+01 9.066329743803105146e+01 1.056352229061962191e+02 8.612068698031144720e+01 7.246017815536201567e+01 8.392606820066444584e+01 7.101516152625249845e+01 8.466172213656852819e+01 1.041245836007032324e+02 1.094681652048380869e+02 1.138161324076491070e+02 9.379098818334547616e+01 8.497769224338944127e+01 1.050536802548335089e+02 9.822622524645312581e+01 7.873012023142975124e+01 7.978134135323200837e+01 9.921556576108308434e+01 1.070738992300685624e+02 1.167921772451632876e+02 1.156561092999565830e+02 9.986824644590332412e+01 9.991549876363117733e+01 8.777065354322000701e+01 6.766706032116448455e+01 6.559505922295274161e+01 7.708758916348003254e+01 9.733974100935542140e+01 9.058286720792457913e+01 8.221022725166977807e+01 6.916662315479791800e+01
5.917258437643170765e+01 7.830585031278344843e+01 8.814568743434070086e+01 9.783833819365777629e+01 9.945047728765391071e+01 8.451998662766379766e+01 6.515276284251811489e+01 8.451998662766379766e+01 1.016452682429671626e+02 9.766844697525802133e+01 7.823378853295963609e+01 6.461305253982229146e+01 8.392606820038592730e+01 9.846347873825480690e+01 1.018043161287773444e+02 8.675781453693790013e+01 1.018472311350967772e+02 9.736932218745376133e+01 7.743963526736035874e+01 9.746567061592057257e+01 8.984665195048569331e+01 6.992677801644424562e+01 8.282462421516136430e+01 8.822303479490213363e+01 8.494376643768082147e+01 1.039272164326896473e+02 1.148265661948365022e+02 1.196432075595243560e+02 1.079470361919523356e+02 8.777065354322000701e+01 8.171820061969143012e+01 6.179651026554696358e+01 7.773841627114326513e+01 7.762944980390031446e+01 7.946582963145925760e+01 6.224916656005802906e+01 6.413615773372748663e+01
5.625745710844830683e+01 6.680385311551421523e+01 8.567054355960881651e+01 9.945047728765391071e+01 7.990380525521970867e+01 7.967818068137735565e+01 6.033935551128987385e+01 7.397733392799183605e+01 8.997025750672204936e+01 8.183630718599515319e+01 8.066489796178221638e+01 6.136331878689372132e+01 7.496784578884221162e+01 9.410916341812207975e+01 9.213328628988256241e+01 7.200883352644788715e+01 9.222513222868337834e+01 9.190759587566508060e+01 7.199286049089431572e+01 8.464447746761585734e+01 8.035994477325422736e+01 7.787976031798487497e+01 6.309590067923521417e+01 6.824147943843594533e+01 7.514645516756667121e+01 8.512542934224020996e+01 1.058876206271028622e+02 1.119049993193169712e+02 1.022376174046740971e+02 9.404932373830432368e+01 8.741818084437349512e+01 7.773841540272478312e+01 5.790569476560637696e+01 5.777655494790237611e+01 5.960419996966208345e+01 7.937672635660860010e+01 8.416117524155470164e+01
7.066798554113699993e+01 8.272596487380069163e+01 9.371059711253185753e+01 9.777670632518400851e+01 8.349068640465571889e+01 6.410515613155477865e+01 5.601207968016516503e+01 7.535388791284738375e+01 7.874676514070371525e+01 6.247842807796606479e+01 7.341914159747894075e+01 5.826948103722164518e+01 7.189702868521371215e+01 9.128898188572946992e+01 8.357095959580399835e+01 6.448693577298158175e+01 8.357097271773022840e+01 9.878136567948784830e+01 7.878878614580587225e+01 6.490783392159852383e+01 6.070925047925616980e+01 5.828819276240558622e+01 7.787976857472142456e+01 8.822303337750021512e+01 9.531689159298443315e+01 1.039272020874868048e+02 1.141610807387130677e+02 1.034022303112523389e+02 8.406971168413926421e+01 7.407397524222355401e+01 6.748137151549700263e+01 7.502878503417258571e+01 5.519353776081793939e+01 7.500433565273364422e+01 7.947085473837971392e+01 7.356441288297082792e+01 9.380398378103471657e+01
8.464459884476706009e+01 9.448204250734470122e+01 1.034469932812868791e+02 8.386102891625148459e+01 7.017555891754307140e+01 6.052964432507501868e+01 5.186892166815964345e+01 7.123020054202670792e+01 6.693862829119167657e+01 5.130430545522893482e+01 5.408466849455400904e+01 6.774234277446308283e+01 8.567720649165231350e+01 9.076976372129297488e+01 7.746773780541929000e+01 5.935288200131539327e+01 7.356571305611093692e+01 8.547978639971987036e+01 9.292550313637808301e+01 8.462662764622238853e+01 7.451044291235720607e+01 5.501827626787721925e+01 6.620037027937320318e+01 8.011082801056804215e+01 1.001521567668494725e+02 1.078312462693497764e+02 1.161490445524921000e+02 1.119049993193169712e+02 1.022376174046740971e+02 9.404932373830432368e+01 7.894643034371969748e+01 5.899864573351803188e+01 5.368927893660060846e+01 7.148163681782783385e+01 7.999904426206215646e+01 9.390764932336954018e+01 1.022424818554539598e+02
6.710383930931614316e+01 8.817672249757369229e+01 9.898627716212604355e+01 8.926645751890654878e+01 8.117934122151662280e+01 6.790935611587261178e+01 4.852845911994124606e+01 6.334232290284190725e+01 4.755455626797952817e+01 6.693862829119167657e+01 7.341914159731769018e+01 8.150993320873035941e+01 9.527752361524814262e+01 8.239006162402814937e+01 6.257161276536747607e+01 6.007679597946624739e+01 5.266480396991131840e+01 7.280813904231737865e+01 9.652514220951536572e+01 7.965668274328379539e+01 6.481699078381952006e+01 5.257130834997174418e+01 7.209403280153125593e+01 8.915657756157806091e+01 1.045197523243616047e+02 8.766305276946836500e+01 1.045197523243616047e+02 1.170721331646388421e+02 1.075310358890750990e+02 8.746602460018387148e+01 7.411446104224052078e+01 7.749053306990053613e+01 7.052833149479704389e+01 5.167744765550970953e+01 6.561243104496126932e+01 8.593542716664759951e+01 1.033079060861265077e+02
8.503911617752365260e+01 9.671207280394415307e+01 9.085534853830378665e+01 7.150399637231302563e+01 6.186330779386860712e+01 5.541709210710729394e+01 4.955871874108098041e+01 4.390815136749336034e+01 6.334232290284190725e+01 7.502113341199518004e+01 9.089361284255905105e+01 8.989574705670617050e+01 8.172293876627173859e+01 8.026146126409696535e+01 6.041682347427549615e+01 4.654745031716251447e+01 6.373002573383709546e+01 7.971058622736597954e+01 8.631771130817054427e+01 7.811365037803972200e+01 6.966997019236093536e+01 5.019428630456673091e+01 6.139780004204677510e+01 8.097917525650561288e+01 9.618713599459046293e+01 7.612043336784026337e+01 9.618713599459046293e+01 9.695468069967108704e+01 9.507667452246900552e+01 8.640057371512583018e+01 7.831507912622144829e+01 5.961916495354410728e+01 6.042777564228762088e+01 5.028190422940423332e+01 7.401469519404810171e+01 8.804616170497619976e+01 8.177116111653366204e+01
1.002827728681333923e+02 1.025332813004639974e+02 9.898462527456837279e+01 8.926665115516335902e+01 8.117934280536178449e+01 7.473962907273585188e+01 6.148015006762332035e+01 4.198383868862492108e+01 6.148015005807594235e+01 6.330885852154057147e+01 8.273699991003419996e+01 7.850491975590230709e+01 6.191867946918550558e+01 7.850491975590230709e+01 6.228795938074311778e+01 4.250821319644188634e+01 6.228795938074311778e+01 8.176108854381341473e+01 7.816615127477503222e+01 5.853128305442400148e+01 6.424720873188894643e+01 4.789632785888890254e+01 6.169867545560195765e+01 8.186245825371275942e+01 8.909248541298468638e+01 6.920425501758661824e+01 7.694157065283951624e+01 9.695468069967108704e+01 8.640616869663695354e+01 6.577939627105278930e+01 7.098819877934100475e+01 6.623686223819133545e+01 4.833796020936017612e+01 6.812285673842313827e+01 5.862182067760024040e+01 6.547651919072627891e+01 7.890450188789658625e+01
7.924931395401087286e+01 8.156046136325940665e+01 1.025345305661098791e+02 9.440641337199524230e+01 8.317874184543340732e+01 7.507450828494951622e+01 5.963876964084442989e+01 4.004976502106544700e+01 4.742423359693333396e+01 6.522579389459609445e+01 7.646985372400889958e+01 7.029498947638644779e+01 4.994151341005068900e+01 7.029498947638644779e+01 5.856185102292563727e+01 3.852259398057423567e+01 5.856185075615712066e+01 6.206489074506733772e+01 6.953029092679177836e+01 6.133271475253656746e+01 4.473941492671346509e+01 6.427319489843984002e+01 6.742713834686701091e+01 8.720541801801157078e+01 8.280327487292383637e+01 6.308852975922866335e+01 7.694157065283951624e+01 9.695468069967859037e+01 8.657535406696916880e+01 6.578760704801891279e+01 5.291091747180837501e+01 4.638711403497590169e+01 6.620116462706938876e+01 6.084675394180493413e+01 7.693834951680712209e+01 8.807912766458345288e+01 9.674882009538177385e+01
6.415268808293599534e+01 8.540984602747523979e+01 9.766094770565534589e+01 8.623514545456755798e+01 6.690435488667527864e+01 5.578423404382782991e+01 4.890673379376758589e+01 5.589393550893624507e+01 3.740972618144893858e+01 4.893176907302792245e+01 6.837398047916764199e+01 6.310053378415410208e+01 4.210435282555787495e+01 5.381923548373804778e+01 5.275496593742425233e+01 3.532283796143125443e+01 5.487984595749158956e+01 4.821469864000335548e+01 5.848286432129105350e+01 4.174796113856374546e+01 6.134901564221522818e+01 5.853240651662931526e+01 7.817967529241751379e+01 9.223754535061861759e+01 7.232389035500179375e+01 5.851895176212904914e+01 7.815646494374736619e+01 8.583567555356572143e+01 7.723201718504644475e+01 7.528744784163967552e+01 6.363038150391452064e+01 4.514241321175290977e+01 6.492898055127677992e+01 7.724732731506284722e+01 8.510247186429941735e+01 9.525647671494553492e+01 9.721160853914102518e+01
