MOVIE_S4_data/elevation_000734.asc
nrows	100
cellsize	150.0
xllcorner	0
ncols	100
yllcorner	0
NODATA_value	-9999
[rows 17 to 33 of 100, columns 37 to 73 of 100]
5.111218977345650671e+01 3.656809735866638533e+01 4.804356937239084147e+01 6.790260382890105006e+01 8.449357362639709379e+01 9.264510724787061235e+01 8.777965169510508758e+01 6.817125734892660205e+01 7.391442308474225342e+01 6.711390347554248592e+01 6.132796853965204775e+01 5.236650229502765796e+01 3.299681378892478278e+01 4.773650933005498587e+01 4.237578740891475348e+01 2.213827501509480200e+01 4.044637516798309207e+01 3.613219623468144448e+01 5.560001217426697195e+01 7.295775482872070938e+01 7.577628171749570640e+01 6.739638058569691736e+01 6.404134072885749163e+01 7.827492972151560480e+01 8.524179720324342213e+01 8.080747778104438339e+01 8.939355759613418684e+01 1.069458860579680106e+02 1.152064902508550404e+02 1.037424711860047779e+02 8.356493257346622272e+01 7.185062085136048893e+01 7.662976202852480867e+01 7.702483573938265238e+01 7.965248264521750343e+01 9.985080635803262794e+01 8.813561504909694122e+01
5.641803176790147489e+01 5.641803176790146779e+01 4.288733951634491603e+01 6.267564995553358642e+01 7.846645986502026915e+01 8.739289579161612664e+01 9.608461949241679179e+01 8.777965169510508758e+01 8.123609204666306027e+01 7.020417121916098324e+01 5.714434399644161999e+01 3.803297720756646783e+01 5.236650229502765796e+01 4.790389229969771634e+01 3.109475779296037956e+01 2.249675119035218529e+01 2.791991829741986564e+01 4.634122528755006698e+01 5.991897432308176263e+01 6.330800967901737408e+01 6.421883099010163676e+01 4.750505819635573346e+01 5.006065020745645455e+01 6.437555134113128474e+01 6.439057295338675146e+01 6.221343649160854028e+01 8.054396559873569572e+01 9.830816880202077357e+01 1.067768625356361838e+02 1.057448367153294555e+02 9.410698549885653108e+01 8.255063184186469982e+01 6.239225877556710032e+01 6.537917420184709272e+01 7.965248264521750343e+01 9.985080635803262794e+01 9.403578166877474587e+01
7.630308970751306674e+01 7.095304192907124730e+01 5.428679568081048501e+01 5.035470493989363661e+01 5.916502687601749955e+01 7.318435939506156274e+01 9.324186164644817154e+01 8.747489278958586567e+01 7.312160939376727242e+01 5.421351513650059672e+01 4.326971498425383800e+01 5.714434399644161999e+01 6.511399119536804392e+01 5.286414186278199168e+01 3.317389239280588953e+01 3.087814176181784731e+01 2.299948843198571780e+01 3.783099654105262033e+01 4.787312471866177788e+01 4.243620045505748806e+01 5.089180399281683975e+01 3.618200063628734853e+01 4.039087708978751579e+01 4.463428194926422776e+01 4.907533400042206040e+01 5.470127775567478778e+01 7.467237285549680337e+01 7.825271366738695633e+01 9.830816880202077357e+01 9.742880400139317487e+01 7.723803953254213184e+01 6.563800417920371899e+01 5.696294736716595963e+01 7.695970509413373861e+01 9.390723712737162998e+01 9.079968486960393648e+01 8.043347536820262178e+01
8.546460080600560616e+01 8.245105102588598811e+01 7.413503800345108630e+01 5.779813571083265344e+01 7.767493551455142153e+01 8.739289579161612664e+01 9.329873980133693578e+01 7.928863244301902569e+01 6.028059082229896148e+01 4.948415051258805164e+01 5.421351513650059672e+01 7.020417121916098324e+01 6.702757590772240803e+01 4.714508561451610547e+01 5.295344105094993381e+01 5.016127503711560820e+01 4.327615286251191407e+01 2.350167477083065748e+01 3.189384159617478076e+01 2.806367394303103069e+01 3.103853529066807226e+01 3.610324346440604870e+01 4.136416245940375092e+01 4.751236273929592357e+01 6.746817886272037867e+01 7.467237285549688863e+01 6.407090840090350525e+01 7.825271366738695633e+01 9.830816880202240782e+01 1.022002493633863196e+02 8.143672240954234098e+01 7.303801825341443532e+01 5.315564657713382246e+01 6.818000067777052209e+01 7.649634905427794251e+01 6.885225496179404558e+01 6.734279120224694282e+01
9.061600087095263234e+01 9.280028237300878402e+01 8.600679892486330402e+01 6.921422327243178074e+01 8.600680221837970407e+01 9.901162369146915410e+01 7.926086135297680357e+01 6.585185082836362369e+01 5.657279784788632071e+01 6.831433449616282871e+01 7.312160939376727242e+01 8.123609204666306027e+01 7.540279064607381088e+01 6.701800604712954623e+01 6.752208097411522658e+01 4.835969368122364642e+01 4.704355866950032805e+01 4.231417240972343308e+01 2.400927020631655395e+01 4.455118339445461118e+01 3.701423866813486541e+01 5.511321105994009173e+01 6.110386085619852281e+01 6.115759571096705827e+01 5.735933730498242511e+01 7.757702042045833934e+01 8.412682047653873951e+01 9.251478810296742950e+01 1.049826493469162898e+02 9.621185323713719129e+01 7.531666283491580316e+01 6.107850021314133215e+01 5.440882114530054992e+01 4.836778661826511438e+01 6.400321921716273721e+01 6.728009131542081889e+01 4.875468840323704711e+01
7.064254320610420734e+01 7.282767628328211629e+01 9.280023211199177524e+01 8.923280696690241598e+01 9.759662177461083843e+01 9.795657190073788456e+01 7.823031075983310245e+01 6.730924604472623685e+01 6.977925908202104210e+01 8.359479887014633448e+01 8.404185327101794201e+01 7.584817350135017477e+01 7.535031689664191390e+01 7.243706112341661196e+01 6.034973636304813738e+01 4.859677950088412501e+01 2.853150804315740885e+01 2.647567966724921007e+01 2.437590004984259195e+01 2.644534198484960541e+01 5.049250460911537886e+01 4.775038387579100174e+01 6.733882193314092035e+01 8.135211659270508733e+01 7.161435274814080287e+01 7.161435274814080287e+01 9.197217358289057643e+01 9.906424863326942898e+01 8.485760218454618098e+01 9.225445193663671262e+01 8.997708963256708614e+01 8.122213016432122856e+01 7.363776369523156973e+01 6.400321921716273721e+01 4.425995531959507190e+01 5.912806397105705258e+01 4.119245126188808825e+01
5.655456589891646502e+01 7.649246380117662625e+01 9.055871695586343151e+01 8.936097872946189113e+01 9.779119847665724308e+01 1.062823768041856454e+02 9.483016879759931328e+01 8.656760972092209272e+01 8.913624251984735736e+01 8.404721294812947008e+01 7.271784524006741890e+01 5.630091308928938076e+01 5.579418450535946050e+01 5.289769578233481440e+01 5.222571774032853398e+01 3.251447286169315731e+01 4.530943689622403525e+01 2.491046849808953922e+01 4.355785861468780240e+01 3.845415361555670586e+01 4.846653825557930162e+01 6.734555207306488001e+01 6.156844935103645611e+01 8.133264897280014338e+01 9.197217358289057643e+01 9.197217358289057643e+01 1.004885153094114401e+02 9.075209202670536968e+01 7.061768219655881751e+01 7.212103054962719284e+01 8.105713758060394980e+01 8.937882060230592174e+01 7.500574938639610423e+01 6.537209981682727289e+01 5.909027081061869069e+01 4.030268445344228923e+01 5.997537950293651932e+01
6.557408362164856896e+01 7.055392778666073639e+01 7.055367192841453061e+01 6.922463890495501460e+01 8.346061494230251299e+01 1.040965616083065868e+02 1.003618918839064946e+02 9.282637638706374617e+01 9.293255516620881451e+01 7.584858135756232400e+01 5.630091318570084979e+01 4.508494493370578482e+01 4.205404041601263287e+01 3.914893795175228774e+01 3.642774662636802674e+01 5.219074523925839060e+01 4.567459278461827665e+01 2.530030684181067713e+01 4.518626051507800412e+01 5.672814199528838941e+01 6.518056242429521774e+01 7.857842533506762095e+01 8.132337852060675232e+01 8.989366694099909694e+01 9.801412043402147845e+01 9.024554237429887849e+01 9.801379570609232417e+01 8.964242365673744928e+01 6.950825682496235913e+01 5.800312418917025781e+01 6.101115297565483075e+01 7.676715174909539030e+01 6.641483105665639641e+01 4.726603850694937847e+01 3.943491002061143291e+01 5.909071064273067009e+01 5.631649640039674409e+01
4.574285316200030849e+01 5.065153995664533682e+01 5.660214844908762899e+01 6.811626709300982441e+01 8.815884871676672674e+01 1.059106952827459054e+02 9.282637638706374617e+01 7.323719048658070108e+01 7.324523502235906847e+01 6.943509949797500269e+01 4.993760523212868918e+01 6.456272987650865502e+01 6.152179960088707134e+01 4.784251898617512211e+01 5.590957093411952883e+01 5.599192550286082337e+01 4.059234602963648086e+01 2.569657114405087484e+01 3.897834040656498900e+01 5.644212145590771001e+01 6.001180298020160819e+01 7.851024214235357590e+01 7.814748882718781431e+01 8.647061436910269094e+01 8.848318092920852962e+01 7.105740730571706365e+01 8.848318096715195225e+01 9.795610372427958623e+01 8.366953504337695335e+01 6.360761265192424219e+01 4.963254453838670344e+01 5.682823849265517424e+01 6.585805237974096826e+01 5.759351374469755314e+01 3.882120203447465911e+01 5.264218681866456961e+01 7.253213225996866242e+01
6.557408872882027140e+01 7.055392799060263087e+01 7.658726736795249224e+01 8.490230803777396318e+01 9.648245602656864151e+01 9.766030163390109919e+01 7.790963080907553717e+01 6.816693868237020126e+01 5.946740196608639906e+01 5.532428988927439661e+01 6.116037679625774359e+01 7.760499837099828824e+01 6.734021807479449251e+01 6.159643579231018151e+01 6.380074430883566805e+01 4.406262768976348809e+01 3.174116672901658021e+01 2.609856598589833965e+01 4.332509793142568810e+01 4.099112637099810996e+01 6.019637707439110130e+01 6.950857827781308629e+01 5.890238623816244257e+01 7.514723398273403632e+01 8.065145956122239568e+01 6.126299956497453536e+01 8.065145956122239568e+01 8.956198225410507519e+01 8.122621280163789947e+01 7.676683187318991486e+01 5.682822806105620828e+01 4.295228168091963994e+01 5.672535442157345642e+01 3.795303468783335887e+01 4.054231240395166225e+01 6.027809884611126279e+01 7.012449092182089316e+01
6.074726213270825070e+01 7.184821721862054744e+01 7.890598175973445905e+01 8.717504876911725376e+01 9.715950040140380395e+01 1.059106952827459054e+02 8.882753312079482555e+01 6.919550205740954141e+01 7.324523502235906847e+01 6.655548197376370467e+01 8.073858091664088477e+01 8.895010893242725558e+01 8.701239766133016929e+01 8.120693516144052637e+01 6.954158786546334170e+01 4.980838959107836672e+01 4.980832198363772534e+01 4.636601248026795474e+01 2.667826185925346039e+01 4.346809909708210995e+01 5.486902794848763421e+01 5.049241933101531998e+01 4.804792223539420348e+01 6.702424261749131063e+01 7.418863265669989460e+01 5.437336550381843381e+01 7.418863265669989460e+01 7.114237346213229785e+01 6.204455551858148254e+01 6.588159215316180450e+01 6.271862967892171525e+01 5.587570694176295660e+01 3.709638367616996391e+01 5.667763162472849814e+01 6.027741490422339155e+01 4.570911008109238338e+01 5.016275751713762787e+01
4.573169306597230843e+01 5.194780536430791074e+01 5.894360879724509061e+01 6.891920657892823954e+01 8.889275821703431291e+01 1.028429550620877393e+02 8.302215527032981868e+01 8.302215527032981868e+01 9.293255516620881451e+01 8.617360009033772883e+01 9.439741764480635311e+01 8.695893058069663084e+01 7.865031101876382991e+01 7.703068289745429809e+01 6.869973738497152738e+01 6.031552450760364081e+01 4.947614120381400227e+01 2.952792732584525837e+01 4.688475466662367808e+01 2.728051138295954559e+01 4.740985343069747415e+01 3.701134590574319105e+01 5.605909602292500438e+01 6.829339090065001017e+01 6.115861908089788557e+01 4.689418285115051788e+01 6.069739631998360352e+01 4.715785773133637093e+01 5.489217889932820782e+01 4.799965419640637521e+01 4.887366346482567536e+01 3.624890149311965359e+01 5.581991489929455952e+01 5.091683422305104756e+01 7.085484429612459678e+01 5.741296850512025429e+01 7.012449092182089316e+01
6.555515878005235209e+01 5.165692952836938190e+01 7.155450247604730407e+01 8.717504876911725376e+01 9.715950040140380395e+01 1.110898071659576090e+02 1.028429550620877393e+02 1.028429550620877393e+02 1.005275538984562758e+02 8.040229151251651274e+01 8.040229151250194661e+01 7.349565330504157146e+01 5.936484677829139400e+01 6.869973736943204301e+01 4.886695331182471591e+01 5.205384799992334166e+01 3.230106555833621940e+01 4.947614120381400227e+01 5.552354531439543450e+01 4.680960170469698767e+01 2.789018620293258977e+01 4.388770224835723610e+01 5.189426561809503369e+01 5.396329315678551097e+01 4.313162197186728264e+01 5.886782480565925368e+01 3.410461718861689207e+01 3.287360027813109298e+01 3.878085941906086020e+01 5.341783869756628889e+01 5.442557874001501261e+01 3.564923028984138398e+01 5.527431706765569430e+01 7.085634867353205379e+01 7.926606795777819059e+01 7.741929038278549058e+01 8.574228977143744146e+01
5.942150397731893463e+01 7.155450247604038339e+01 6.311640039425908810e+01 7.464553805141459009e+01 9.460444400389282293e+01 1.114600450745631690e+02 1.038024246971486662e+02 9.787904444479268307e+01 9.461104866389466395e+01 7.451683159594988126e+01 6.086737022205627312e+01 5.458583417974502083e+01 4.912960052599274974e+01 6.056649616630569710e+01 5.467584126659333066e+01 3.501578825359484171e+01 5.205384800101065679e+01 6.031552460200035171e+01 6.532824801017883942e+01 5.478352931362106659e+01 4.799291482732393632e+01 2.850495534644861451e+01 4.459766587173874797e+01 3.587852665495876181e+01 5.036331923291149337e+01 5.096277383091744184e+01 3.204875579480977876e+01 5.003209296337812617e+01 3.368018566431888416e+01 3.424265356574869656e+01 3.480173467915994934e+01 5.148207142201950148e+01 6.279005672710825081e+01 7.292045490350341197e+01 8.123576199776381657e+01 8.345041973765158616e+01 7.511639788627849157e+01
7.938472003062641136e+01 6.792628828820653553e+01 8.308116427949684635e+01 9.134986769902383230e+01 1.028741504549231536e+02 9.119975631797585436e+01 8.352062811830502653e+01 7.757318978532549636e+01 8.958912142174636983e+01 8.874134395150588261e+01 8.040229151251647011e+01 7.079235488100583495e+01 6.056649623269395022e+01 4.241281375623484706e+01 3.778036291395530100e+01 4.540132921509460573e+01 5.667047661771506739e+01 7.114173462584136587e+01 5.588647661188650773e+01 3.707609558101759006e+01 2.937566712545572756e+01 4.825910519732765636e+01 2.936749309535870367e+01 2.998821025882683600e+01 3.060236566564389449e+01 3.120716023341726952e+01 5.055240980824779484e+01 5.841508641094137033e+01 5.769330691044108050e+01 4.938242610332868310e+01 5.036330738990853462e+01 3.698439072477331280e+01 5.661987846305414251e+01 5.302633141945633355e+01 7.292045490943939967e+01 6.957735255848314182e+01 5.514508592861979963e+01
9.544507953800547284e+01 7.548977565143121637e+01 8.424332874710705710e+01 1.041849455966204943e+02 1.029236018395369854e+02 8.261730573610445560e+01 7.088268365795029524e+01 6.328176874528029572e+01 6.932203388200072425e+01 7.262833132221138044e+01 7.399625052827725824e+01 6.248038857815218705e+01 4.296686412541645694e+01 4.080533041189437427e+01 5.482534417371063284e+01 6.339001329525422790e+01 7.081382275738319265e+01 6.342026990163505928e+01 4.240205765857180609e+01 3.023560254593202856e+01 4.932215769664797023e+01 3.297192534316886992e+01 5.001081676334842285e+01 5.001193279799429803e+01 5.043375818151810108e+01 4.166250949506582657e+01 3.764657884157156786e+01 4.249176175570164560e+01 6.193605453510428305e+01 6.986417658703149414e+01 5.614724945886150920e+01 5.661987854261879960e+01 3.919247405226334280e+01 5.885318527912144759e+01 6.453707882414910557e+01 4.973377502269897121e+01 6.957735255848314182e+01
1.037122709824763831e+02 8.702425788904847082e+01 1.037122709824763831e+02 1.124609336914758302e+02 1.112729636982180637e+02 9.957434032306802862e+01 8.810443250952367578e+01 7.525811292084584636e+01 5.523005684102856350e+01 5.272235156379637999e+01 6.565886822362324438e+01 4.606540580270353757e+01 6.248038857814647429e+01 6.499989429693525267e+01 7.063174853618555460e+01 7.019684234463159100e+01 6.804702743144434862e+01 5.749124248080032373e+01 5.062926951771522965e+01 3.083599696151948777e+01 4.777634349351293963e+01 5.267544168861464016e+01 3.646140494188234982e+01 5.614132407832555316e+01 6.683480433764025008e+01 6.052258173912006356e+01 5.143232416749605562e+01 6.195137915006436202e+01 5.006338520007290072e+01 6.960908306259545952e+01 7.576654879946612198e+01 6.713104587958694935e+01 5.885318527912144759e+01 4.145609312751281550e+01 4.478931376201533965e+01 6.453707882414910557e+01 6.957735255848314182e+01
