MOVIE_S1_data/elevation_000177.asc
nrows	100
cellsize	150.0
xllcorner	0
ncols	100
yllcorner	0
NODATA_value	-9999
[rows 68 to 84 of 100, columns 0 to 36 of 100]
0.000000000000000000e+00 1.970466915159098420e+01 3.515631289909983082e+01 2.616866497720110729e+01 2.489601037413617490e+01 3.089037733458210511e+01 3.049325143848567521e+01 2.247995111301530358e+01 3.197305872433263030e+00 3.306106611314775900e+00 2.329617737288084456e+01 1.350398078961357307e+01 2.719164323373518144e+01 3.653570052271255975e+01 2.873280875797338751e+01 7.238198033749145388e+00 1.881178576559440785e+01 8.208790974005863106e+00 1.217842620496610273e+01 2.859525984535208565e+01 1.331952932850402149e+01 3.118061161523610281e+01 2.981601737323812884e+01 2.307723841807363385e+01 3.081475404118523542e+01 4.057873157844874612e+01 5.983971556230517308e+01 8.350013931490998687e+01 7.691901788100291526e+01 8.402721171356544971e+01 8.402721171367196007e+01 9.218689839251358364e+01 1.010917437073461969e+02 9.288586102266972944e+01 8.556741231519515622e+01 6.578046208942464546e+01 7.414341127590472524e+01
0.000000000000000000e+00 1.420727674065124013e+01 3.469896189612843074e+01 4.384477992208289265e+01 4.785695552078858839e+01 4.917985320764571355e+01 2.895001925175982294e+01 8.704916563517446804e+00 2.374154051115387176e+01 2.369321145795997907e+01 2.192646396229461203e+01 3.271618088204901653e+01 2.421610881274517268e+01 4.259296328094779938e+01 3.642932023528241103e+01 8.260044664556012606e+00 7.721235572473579722e+00 1.369984793532503708e+01 8.697638096021563570e+00 9.043724870416118833e+00 9.389692326093314279e+00 1.116481774495372292e+01 1.559701397166154457e+01 2.981868143020192363e+01 4.978613679033507111e+01 5.607284757742769443e+01 7.152088406812950439e+01 7.755040147746927914e+01 6.932930731362388599e+01 7.755040919859823134e+01 8.187491249683810679e+01 9.009810022817534048e+01 9.288586099911287874e+01 7.310036758486165809e+01 7.889540444961012611e+01 7.263506960446378002e+01 5.425492861379338194e+01
0.000000000000000000e+00 1.582517137811567487e+01 3.727160773412997230e+01 4.101578683156342464e+01 5.016838251984866304e+01 4.073887351948313551e+01 2.032384908902576370e+01 2.895002915743418725e+01 1.521549539157514097e+01 3.561240965675600734e+01 4.339734364330668370e+01 4.979327661362923152e+01 3.471710606099382801e+01 5.012151946694300619e+01 4.986570986410387718e+01 3.695850088508026943e+01 2.866361012805861819e+01 1.146455738227330912e+01 2.873081908104070337e+01 2.879261418735665146e+01 2.913870120380385131e+01 9.880349460968341546e+00 2.962399802473272459e+01 4.365724853627037305e+01 5.095033228221759458e+01 5.911627824819601784e+01 7.033981729137654781e+01 6.760228186220140856e+01 4.941286712418854421e+01 6.760228209839043245e+01 6.203652799914402038e+01 7.864200907757650327e+01 9.288586104289338152e+01 7.310036758486361919e+01 5.909848741991838494e+01 5.272053254137929912e+01 4.696775562977554586e+01
0.000000000000000000e+00 1.999999999999964473e+01 2.334984100813593599e+01 2.036604621178866736e+01 4.115266911849442266e+01 4.919380576413671946e+01 3.470360424334077010e+01 4.416343794125176458e+01 2.534754241215639325e+01 2.349581055343932690e+01 3.573908491609559235e+01 5.676478157131520419e+01 5.236844040478852236e+01 5.974952967673659998e+01 6.039290408108047359e+01 4.616410757025648337e+01 3.333506902483144785e+01 1.387727675126109617e+01 3.328813625457620162e+01 3.836928838908210082e+01 1.950392744341188589e+01 1.022714966423767535e+01 2.588219844230854605e+01 3.884455208877980681e+01 3.141008574093457995e+01 4.284787959537499802e+01 6.237612568477878483e+01 5.937108719964457748e+01 3.937240292942126274e+01 5.937108719999222473e+01 5.047732064401095187e+01 6.973555122074465373e+01 7.864207438134128836e+01 8.709605735290440975e+01 7.889540444961012611e+01 7.263506960446378002e+01 5.518928389442427829e+01
0.000000000000000000e+00 3.049842580372726708e+00 6.135008501987782026e+00 2.564520461185068001e+01 3.902096646053481521e+01 5.347252670245784856e+01 5.531596321479655387e+01 5.445957769232170875e+01 3.984457399712214709e+01 3.074355707666607529e+01 5.155261735514141463e+01 6.648734208075367746e+01 6.397958155543478398e+01 5.572143682156914224e+01 4.858356389783371299e+01 3.190677066400149897e+01 1.762578294589936689e+01 3.333506902483144785e+01 4.169005431312513821e+01 3.304207418050009437e+01 1.472100761517049783e+01 1.057376486978217400e+01 3.029195897431104001e+01 1.993720125154619538e+01 3.391830973449177122e+01 5.361226626930058359e+01 5.243229464665068917e+01 4.417629250174783806e+01 3.270359751540001270e+01 5.270485910464313406e+01 4.141501364571182364e+01 5.047732064401095897e+01 6.461156359459910448e+01 8.444697421833316753e+01 8.993767533668317071e+01 8.336409631025632905e+01 6.927666384248139764e+01
0.000000000000000000e+00 1.999999999999964473e+01 2.611007186600664198e+01 1.097836279498224066e+01 2.509546301370638233e+01 4.443973678085255585e+01 5.592817091097663962e+01 6.910044319506364729e+01 6.012509484434146145e+01 4.110894031407096350e+01 6.012509492030420688e+01 6.723002718777973996e+01 4.729656394996419522e+01 3.554541326031287696e+01 2.814946241182335029e+01 2.236793255357878252e+01 3.785945581847137476e+01 3.785945581778142355e+01 5.284300269150124052e+01 3.303226457342184830e+01 2.090115101363052119e+01 3.027777235277845236e+01 1.106230716528470026e+01 2.543874818564638929e+01 3.483914380223280460e+01 4.336721581064234243e+01 3.937915237377556821e+01 2.426128531473555938e+01 2.855455513947797996e+01 3.313130882643113040e+01 4.368768252899313609e+01 6.088650742653782544e+01 7.864207423494552529e+01 8.706900163209095922e+01 7.079776936962154821e+01 7.079777358718322944e+01 7.877177527547709701e+01
0.000000000000000000e+00 1.414213562373107536e+01 3.414213562373178235e+01 3.096116801546163799e+01 1.621569083347376505e+01 2.774028625961135930e+01 4.768178974552524352e+01 6.473745677176366087e+01 7.052537518119987681e+01 6.199629439633506678e+01 7.052537529470110655e+01 7.548916113082854906e+01 5.572143682156914934e+01 4.491289915407541145e+01 4.761690582747618095e+01 2.713972944765338369e+01 4.761690582747618095e+01 5.808817252931773112e+01 5.457168018139500987e+01 3.471267517253924950e+01 4.052922701981136555e+01 2.740518793681336263e+01 2.943483218828001213e+01 1.154843711303362497e+01 1.701956650205958610e+01 3.416628662686435547e+01 1.957592532321295664e+01 3.937915237383285927e+01 4.860878793152438959e+01 5.330154249368882091e+01 6.156009997888074992e+01 7.283099824923489507e+01 9.125040691549887129e+01 7.637418108386890481e+01 6.101568790865835012e+01 5.179711682573036313e+01 6.216521964981174619e+01
0.000000000000000000e+00 1.999999999999964473e+01 3.828427124746080779e+01 4.452094321269132848e+01 3.621263894048543364e+01 2.222782604763197867e+01 3.637232971038816487e+01 5.448581561847574761e+01 6.053942765666268855e+01 6.763908390766260936e+01 7.594130099796356603e+01 8.391650658336185131e+01 7.320616297419627472e+01 6.494106073986765182e+01 5.323369111751965477e+01 3.298208369775788640e+01 4.393861966193981772e+01 6.398340239205140279e+01 6.280339770814557454e+01 5.457168017739344634e+01 5.593354711434976423e+01 4.750039480990550800e+01 3.914368158394664476e+01 3.127506571221162446e+01 1.203229349129239800e+01 1.510066648903800157e+01 3.485146272267491696e+01 4.624862728955230295e+01 5.555186730949794338e+01 6.424093865775668633e+01 6.461253645249865940e+01 7.401468326978692858e+01 8.756960157124062505e+01 8.458399936807920483e+01 7.498365709807373491e+01 5.631258957457399816e+01 4.271529795480841329e+01
0.000000000000000000e+00 9.999999999999912959e+00 2.414213562373061350e+01 4.414213562372989941e+01 5.055490565590366003e+01 4.224734645550154255e+01 2.907656289692405593e+01 3.442123650619512176e+01 4.046186789961802077e+01 4.755822359096075758e+01 6.176437307367109497e+01 8.182189047810480531e+01 7.726665291045777906e+01 5.741137303453637486e+01 4.324053228330856058e+01 4.739107544427452012e+01 6.149445518336715821e+01 7.224598712373074250e+01 7.183881025518178376e+01 6.364586286149302197e+01 6.292912620674213997e+01 4.937445037802277881e+01 2.937836732381614624e+01 1.566268115077135903e+01 1.237601015948104966e+01 3.180615888625620968e+01 3.585856026989164036e+01 3.578000447444893695e+01 3.633893647684681838e+01 5.164618433521476248e+01 4.118912860995406078e+01 5.331757827586918097e+01 7.826632713535758512e+01 8.290517496298633660e+01 7.239560603534044958e+01 7.023446254058094951e+01 5.525101499950521600e+01
0.000000000000000000e+00 1.999999999999964473e+01 3.299122198700280251e+01 4.127549323446440610e+01 5.127549323446458374e+01 5.743214431949567000e+01 4.912333128647752289e+01 5.448581561847574761e+01 6.053942765666268855e+01 6.763908390766260936e+01 6.763908390766260936e+01 8.768812457342265532e+01 7.944464766101152975e+01 5.958198278702310802e+01 5.741137303453637486e+01 6.733901311560174463e+01 7.051072326820084868e+01 6.231866222527567345e+01 5.699190800251418665e+01 4.373661573626732491e+01 5.472408474717838800e+01 3.486880915144576676e+01 3.523036145569235345e+01 1.552696036961259018e+01 3.209350381222262882e+01 1.286920613873318509e+01 1.358708761949566934e+01 1.947358250679910796e+01 2.463786098816811787e+01 3.022712926544608081e+01 5.217206633766467405e+01 7.291813560613967127e+01 8.376722148482582497e+01 6.743720697533672137e+01 4.947476785624539275e+01 6.743720697526602237e+01 6.340220916297595011e+01
0.000000000000000000e+00 6.324555320336785691e+00 1.299122198700351127e+01 2.299122198700368713e+01 3.713335761073413721e+01 5.713335761073342667e+01 6.028496163853253620e+01 5.200068518210711943e+01 5.876610379500859693e+01 6.095389988218369837e+01 6.923818200809449763e+01 7.129912668873286918e+01 7.958349930111657500e+01 7.944464766101152975e+01 7.726665291045777906e+01 7.632854603993084197e+01 5.651557834197416241e+01 4.238777294015094554e+01 3.703337891958236128e+01 3.221878037357350166e+01 4.599995886751232632e+01 3.851246126859300034e+01 1.878090986143286045e+01 3.523054726324691899e+01 4.033909521039873880e+01 3.229632521426695035e+01 1.336564916890354660e+01 3.332823032292769483e+01 4.483502139196009750e+01 5.217206633766467405e+01 6.128147430181569177e+01 6.237835784466426503e+01 7.335027001560897020e+01 5.791451582040988200e+01 3.790734487147979337e+01 5.791126206496976181e+01 6.429275626120038112e+01
0.000000000000000000e+00 1.999999999999964473e+01 3.299122198700280251e+01 4.127549323446440610e+01 4.125918429532647735e+01 4.954345691878971536e+01 4.873795409812721147e+01 3.200068510846983827e+01 3.876610362962868095e+01 4.095389962585340982e+01 5.496919297690554629e+01 5.129912447416982957e+01 7.032454754693074506e+01 8.032455610266441681e+01 8.621109719209167110e+01 6.644599488776987073e+01 5.240226512869136855e+01 6.231866222527567345e+01 5.699190800251418665e+01 4.599995886969063008e+01 2.616571061095621786e+01 2.219662880096453961e+01 3.851245925536779424e+01 4.476442368502539182e+01 3.699674544074647997e+01 3.323537019123131131e+01 1.371841242992960197e+01 1.789517548168442218e+01 3.089834585914625364e+01 5.270878082007330789e+01 5.949068999200419228e+01 4.618279809438588046e+01 6.349285947705771349e+01 5.055590133955797683e+01 3.111943829832374675e+01 4.681016974000145581e+01 4.515778715580327685e+01
0.000000000000000000e+00 1.999999999999964473e+01 2.473058592339445028e+01 2.719241574508233228e+01 2.125918427711713576e+01 3.236124361846390229e+01 3.510845490161675997e+01 2.045367972467691331e+01 2.462396800581848311e+01 2.962396800581857192e+01 3.496919284406724415e+01 4.204026065593296835e+01 5.204026065593331651e+01 7.204026106691287623e+01 8.621109719209167110e+01 6.644599488776987073e+01 7.223505932185990730e+01 7.071308050804304912e+01 5.898236955736923193e+01 4.581750812159582864e+01 2.632927496076348461e+01 4.195130988891774138e+01 5.017348525343813748e+01 3.725764932272073082e+01 2.036036560707586673e+01 1.422107322353857839e+01 2.756611180641693437e+01 3.667007600341889173e+01 4.539745119606531176e+01 5.280439100018616472e+01 4.057993820625856074e+01 3.335923162944227727e+01 4.514652225249754736e+01 3.985172371429706573e+01 2.504649862425086582e+01 3.006172835014982780e+01 3.954371061507656293e+01
0.000000000000000000e+00 2.357022603955163387e+00 4.730585920342879724e+00 7.192415739929544749e+00 9.712178893324415085e+00 1.236124360745452577e+01 1.510845488642832990e+01 3.510845490161675997e+01 4.462396805433640878e+01 4.962396808748651011e+01 5.496919297690554629e+01 6.204026086142293650e+01 7.032454754693074506e+01 8.032455610266441681e+01 9.438314088538275826e+01 8.621109719209167110e+01 7.631215648223084713e+01 6.245521697496022284e+01 4.197882435881329855e+01 3.048782316629780809e+01 4.581750812159582864e+01 5.416590965744094177e+01 5.041674888274972233e+01 3.472295129829125671e+01 1.472603108505612468e+01 3.353876655939626517e+01 4.143000535125720063e+01 5.343077157369095431e+01 4.950118368382923961e+01 4.571089050674426346e+01 2.843927479480325005e+01 3.758547682195151651e+01 1.846585088698926924e+01 1.884829827856401607e+01 1.923130436776193619e+01 1.961545984974073775e+01 1.999958203322897177e+01
0.000000000000000000e+00 1.999999999999964473e+01 1.627759130413559774e+01 2.719241574508233228e+01 2.385431451706576311e+01 2.650337923120014594e+01 2.925059051018040179e+01 2.143301020676519997e+01 4.143301022889080798e+01 5.345693145280753100e+01 5.923043416312787457e+01 6.589710086170596526e+01 7.418137739058600744e+01 8.418138033144781218e+01 9.165515535230373700e+01 8.021482085766533032e+01 6.809427627176293640e+01 4.776235883175886698e+01 3.572297176268777008e+01 4.197882435881329855e+01 5.898236955736923193e+01 5.478006488030042931e+01 3.102535874066847654e+01 1.894068393974313125e+01 1.508375013007602128e+01 2.935788390724251684e+01 3.542326219380166208e+01 3.563850116134064905e+01 3.046670625071145722e+01 3.658108687527204950e+01 2.761966542330574370e+01 1.792584235061153208e+01 1.925840465839394611e+01 3.452411687278969765e+01 3.820778107931972301e+01 3.954294469055548689e+01 3.685634969733426658e+01
0.000000000000000000e+00 1.999999999999964473e+01 3.627759130334165150e+01 4.456185473980834644e+01 4.385431455094931152e+01 4.650337926202876560e+01 4.925059055622952542e+01 4.143301022889080798e+01 2.829295361246567708e+01 3.345693140740907978e+01 3.923043409930554049e+01 4.589710076597243926e+01 5.589710076597278743e+01 7.589710095743916440e+01 8.347843086340709817e+01 6.363217335367825456e+01 5.189673745832634211e+01 4.247758393193836923e+01 4.776235883175886698e+01 6.245521697496022284e+01 7.071308050804304912e+01 6.379551536457566385e+01 5.041715493437065021e+01 4.054826961065866442e+01 2.011552239164469924e+01 1.559068886542951127e+01 1.595314824201360615e+01 1.631545621456739070e+01 1.667757949052092670e+01 1.703952578986714173e+01 1.740686664195044386e+01 3.645055517332846051e+01 2.669656249182976637e+01 2.112012525354004921e+01 3.813194109022751377e+01 4.242435220166215259e+01 5.624100050882248070e+01
0.000000000000000000e+00 1.154700538379261765e+01 2.568914100753365659e+01 4.568914108897858739e+01 4.505256766021220471e+01 4.788150851012954234e+01 5.083164930103621515e+01 5.391976510702455272e+01 4.829295364614226571e+01 5.345693145280753100e+01 5.923043416312787457e+01 6.589710086170596526e+01 7.418137739058603586e+01 8.418138033144781218e+01 8.347843086340709817e+01 6.363217335367825456e+01 5.189673745832634211e+01 5.454194379704173201e+01 6.809427627176293640e+01 7.631215648223084713e+01 7.266236914673666547e+01 5.273290446954172950e+01 5.085321211441948464e+01 3.889862638340945011e+01 1.890355756246143670e+01 3.354215834181017186e+01 3.496029279015616709e+01 3.264513986728225348e+01 3.463139774490948497e+01 3.628649138318463230e+01 1.818036448230219193e+01 3.795586874831798241e+01 4.593253110077011314e+01 3.988028327885132995e+01 2.293680642435288419e+01 3.654147619920538403e+01 5.699329724841392419e+01
