MOVIE_S1_data/elevation_000372.asc
nrows	100
cellsize	150.0
xllcorner	0
ncols	100
yllcorner	0
NODATA_value	-9999
[rows 51 to 67 of 100, columns 37 to 73 of 100]
9.828196643561683743e+01 1.066257781586298705e+02 1.078574462939523357e+02 9.923532090724856403e+01 1.031535508587371197e+02 9.463709740502437739e+01 8.598738228460761945e+01 8.659071129292071589e+01 6.810196572689670802e+01 7.783617126706106149e+01 9.645870555929479906e+01 1.034654632821490594e+02 1.091963208261615677e+02 9.789385257338199153e+01 8.413927725952895287e+01 7.215629842567963692e+01 5.328271321296347907e+01 5.233688068100481416e+01 7.124783212709009206e+01 7.958744074677274227e+01 8.776215497135447663e+01 9.107029189399101199e+01 7.173625293159973637e+01 5.840216741224967478e+01 6.790062368492316125e+01 5.147286827513807594e+01 7.035816546345529332e+01 8.377666532586717096e+01 9.054744549349933891e+01 9.054744549351305238e+01 1.103058076994795016e+02 1.216621095569795301e+02 1.077710175484221793e+02 9.659164634775792990e+01 8.576566396876164333e+01 6.657934074868607865e+01 6.078938345019000877e+01
1.011475054731266852e+02 1.133710955455993457e+02 1.049540894554281323e+02 1.049540894554281323e+02 9.463709740502437739e+01 7.446774636730278019e+01 7.187876727459021708e+01 8.125346998147669808e+01 6.266629795168772432e+01 8.125346998147669808e+01 9.798186139485007118e+01 8.432693377409928814e+01 8.993247928506816891e+01 9.799660228751444890e+01 7.853501447560903159e+01 6.513679115944103160e+01 6.862442306994165619e+01 4.965835319439887030e+01 6.607819138780359935e+01 6.050182287971668416e+01 7.943856542109834606e+01 8.194048223198919345e+01 7.166844747182918240e+01 6.569560261288978609e+01 4.893231414093337150e+01 5.323237219913868756e+01 5.886572728105919339e+01 6.475889166042902900e+01 7.139678721163348030e+01 8.481693637873831904e+01 1.043821183179029362e+02 1.042421296925260066e+02 9.967819596582519637e+01 8.049060096996466029e+01 6.943257090463504255e+01 7.594742426293532844e+01 5.936370770498320582e+01
9.132157677092398274e+01 1.049540894554281323e+02 8.520324652032778090e+01 8.520324652032778090e+01 9.928717103296357038e+01 8.037521251411955348e+01 6.072266825245206689e+01 7.158632753413715477e+01 5.821629884088682871e+01 7.687243141320148254e+01 8.993247928506816891e+01 7.079818565391856566e+01 8.993247928506816891e+01 1.006849660949641674e+02 9.245460672487899956e+01 8.423518109036777446e+01 7.669625161957864634e+01 6.607819142289247338e+01 4.699945799959714776e+01 5.879420114287540144e+01 7.577398654880114748e+01 7.306636264696233241e+01 5.370876813327688382e+01 4.660898089324684435e+01 6.569560261297493753e+01 7.206506039254090012e+01 6.322533421466219750e+01 8.221599621381758993e+01 9.054744549357104688e+01 9.881818112683862410e+01 9.862828101264125280e+01 8.461918780325251532e+01 9.529676291882738326e+01 8.706391613024842968e+01 7.655655874020386875e+01 5.738184056041411907e+01 7.655655293535227202e+01
8.309378734225366259e+01 9.004197708962703928e+01 8.182565916882836632e+01 7.155158920295360758e+01 9.098813448186830044e+01 8.881064861301753410e+01 7.158632753413715477e+01 5.222335417829894766e+01 6.493150601732853033e+01 7.307802191618216625e+01 8.239978370057889379e+01 6.384687777063750502e+01 7.341496630953307090e+01 9.258037287269308990e+01 9.671608073489731794e+01 8.885191165438195071e+01 7.784052128474721144e+01 5.874309369535059488e+01 4.515629759025934931e+01 6.165339700125741729e+01 8.172280771150917644e+01 7.004351797796657308e+01 6.201932194016110600e+01 4.498149736601963866e+01 5.857086577839147168e+01 7.764856099236367015e+01 7.655360284883488475e+01 7.865600927054438785e+01 9.805612160243251196e+01 9.379198669470802940e+01 8.888506730807915801e+01 7.107025514947166300e+01 8.706459960540935583e+01 6.773164197273324305e+01 7.339247927568601426e+01 5.604008219273544000e+01 5.862379896428478787e+01
7.087876426589778589e+01 7.479326977732776527e+01 6.256666765440401434e+01 7.610214164207832255e+01 9.564345280638818281e+01 9.400776637123978219e+01 7.992844933166585975e+01 6.675621418545446772e+01 4.754538623366035210e+01 6.162913963946680695e+01 7.544957440632296652e+01 5.755568594435000307e+01 7.693188394178307021e+01 9.106209567183944387e+01 8.581965191995473674e+01 7.002539011972842786e+01 7.612979203426148445e+01 5.702411394387356580e+01 4.334194701913068570e+01 6.021826656358725671e+01 6.788745198420403426e+01 5.925133634651022163e+01 4.271797808167018218e+01 5.192088049040037134e+01 5.926547245936269803e+01 7.769657547080920779e+01 9.588622307109966414e+01 9.805612160243251196e+01 8.821500674916688922e+01 7.435608392682104295e+01 8.070850739253148731e+01 6.160206987357309316e+01 7.054806432281669970e+01 7.167175233427782644e+01 5.438634201164702375e+01 7.331188564394557261e+01 7.784368250899676411e+01
5.167684709493238415e+01 5.561618758072052060e+01 7.479326977732776527e+01 9.004197708962411184e+01 8.996329394301979221e+01 8.029848964132000333e+01 6.658921291139456855e+01 6.365755810546031768e+01 4.437066442003311550e+01 6.138318295449259665e+01 6.579472959433832102e+01 5.255701267740562344e+01 6.385079014819607579e+01 8.300247961701288091e+01 7.797294666634418547e+01 5.901246607625371610e+01 7.797294666634404336e+01 7.065207334451156385e+01 6.021816377832610101e+01 4.081969577081453338e+01 5.780211514864212319e+01 4.049504998690169799e+01 4.755229157512528104e+01 6.591754280937685451e+01 7.704512199449361276e+01 8.583387474061161981e+01 8.724079368308611038e+01 7.905101398655735068e+01 8.004760814058404605e+01 6.091461936455665693e+01 6.794782954608302816e+01 6.687260372139103026e+01 5.172212725072542128e+01 5.277787970812050133e+01 7.167175233416585911e+01 7.955497126677373387e+01 8.313518997862834681e+01
6.555311065458023734e+01 6.911245293044012783e+01 6.911245293044012783e+01 8.850797485444182655e+01 8.183078858413665557e+01 6.262709930072840336e+01 5.300785797258934906e+01 6.067764856590775224e+01 4.125483938272699902e+01 6.021573808929963434e+01 4.634837089409498390e+01 6.583044037497758438e+01 7.995311831039595063e+01 7.862931405775715632e+01 7.078161739013631859e+01 5.170368395080561186e+01 7.078161684229495165e+01 7.592071746315333769e+01 6.812079350057703664e+01 5.772963992435374081e+01 3.834741040537793566e+01 5.778271310338580236e+01 6.587317082517340339e+01 6.017430263569008275e+01 7.978295137008059612e+01 9.091866383088105863e+01 7.904640653459024691e+01 5.994936273210887379e+01 6.554111761752429288e+01 6.648797981583739158e+01 4.922929342436756883e+01 5.023201944042916267e+01 6.899032579575991520e+01 6.824757781644895260e+01 5.712058172900074737e+01 6.036060028736719119e+01 6.388447761045180329e+01
7.364381393241856699e+01 8.850797485413198729e+01 8.850797485443037260e+01 9.678331246098041163e+01 8.996329394301979221e+01 8.029848964132000333e+01 6.316803712173538088e+01 4.374013218541691828e+01 3.817370612709589039e+01 4.059368886559074241e+01 6.021554941688366114e+01 7.382921652055335926e+01 7.362687604358355031e+01 6.086727954018392950e+01 6.474864494198163811e+01 4.547691978208443686e+01 5.688276066842258416e+01 5.688274050285323113e+01 6.839475321190504076e+01 5.637426335403848299e+01 3.720041388007793159e+01 5.111772434292438305e+01 7.041053105195223338e+01 7.978295137008059612e+01 8.823531445394806383e+01 8.132772576370189199e+01 6.385247235213479655e+01 6.412933593020622425e+01 4.674582086217335331e+01 4.778865718809374386e+01 6.653319581507058444e+01 5.280883668690135835e+01 7.131823977607996312e+01 8.182022801563127246e+01 7.621807642684672146e+01 7.388311544387589436e+01 7.494756731175586140e+01
7.008745855937601732e+01 7.828335381821997885e+01 8.705211332941576075e+01 9.845338123649416673e+01 8.819028506858765581e+01 7.854581442862127005e+01 6.085759788361026068e+01 4.127497347242540826e+01 3.508261342840805952e+01 5.202450080760208806e+01 5.999692068528166544e+01 6.244280800661820763e+01 6.487149863812410899e+01 4.801633921154333251e+01 6.100629672525523262e+01 5.643436358464361291e+01 3.723226753438456882e+01 5.283220921083807298e+01 5.350525826114497363e+01 4.692714354828751055e+01 3.603502592203417265e+01 5.774162112547275427e+01 7.019544579491235936e+01 7.647995258238954364e+01 8.545800356660966202e+01 7.330860404902536231e+01 5.570977663611628827e+01 4.525828564903603279e+01 6.414599370662051570e+01 5.857341721036863191e+01 7.438523112342409149e+01 6.949445064652927329e+01 5.650768988679676141e+01 7.606679292262079173e+01 9.045229219616511784e+01 9.326679864598317238e+01 9.431985669293349872e+01
5.062889459762124744e+01 5.932286101977203430e+01 7.052609244338280803e+01 9.014166804274618983e+01 8.007206226005850169e+01 6.091160270668856214e+01 5.122336328384707826e+01 6.019787358156283830e+01 4.499593268206839980e+01 3.195026954738138869e+01 4.921489927023682043e+01 4.272635743547609621e+01 4.917367092717972810e+01 3.811907055450821957e+01 4.429489802833209211e+01 4.990595777172921288e+01 3.190688945812802046e+01 3.274147947338925491e+01 3.354925116417388153e+01 3.432849278881940336e+01 5.422378566243990150e+01 5.976697929531628262e+01 5.634286834711099345e+01 5.850808212295274302e+01 6.815150431241248441e+01 6.876545656277244234e+01 6.178398017367333495e+01 4.420258935492876873e+01 6.316517581129434689e+01 7.805021310612390550e+01 8.328400286942512309e+01 7.814370448516396550e+01 5.959623410071488792e+01 6.460306743296527543e+01 7.089776924762510646e+01 7.959380344288150866e+01 9.085299967479895145e+01
5.474207248502654011e+01 7.426510980664129136e+01 7.600201942199359451e+01 8.418548335400939209e+01 8.819028506858765581e+01 7.854581442862127005e+01 7.049183248337347152e+01 6.998082834736108282e+01 5.752082364924244473e+01 4.921419325613440776e+01 2.864330486091273897e+01 2.733695577914778241e+01 2.815086235583673968e+01 2.898529191597774002e+01 2.984484150327482865e+01 3.070648069130081836e+01 5.134534113727235649e+01 4.876925936231082659e+01 5.084556068380246074e+01 5.419343031936909938e+01 3.563041575326433019e+01 4.521960199666784064e+01 5.665427460110088020e+01 5.827736643091910196e+01 3.994738691890118076e+01 5.977522444478464791e+01 4.271892877885629503e+01 6.157674243045003237e+01 5.758855175989984332e+01 7.666044406906985387e+01 9.118462193855515352e+01 7.333639377202267440e+01 6.284114332571768102e+01 8.225718561798953488e+01 9.045229219616511784e+01 9.874188965003334317e+01 1.075974064783673469e+02
6.859896107368173546e+01 6.709329938303966401e+01 5.660342560383023169e+01 7.292515543002318168e+01 8.415882874451969542e+01 7.850419584566880360e+01 6.826004816212324044e+01 6.009968869618561627e+01 5.465676376273398773e+01 4.654377884104577134e+01 2.622227948389394214e+01 4.754168071236169624e+01 4.917434466893943323e+01 3.378458790607016482e+01 5.073165446569670678e+01 5.209958323284801196e+01 3.996552792080579053e+01 5.976117555740277254e+01 6.966153037406502335e+01 5.599013395595820697e+01 5.539976983542199207e+01 3.688313445214645014e+01 3.775429751143216350e+01 3.866162353393275453e+01 4.897288940794244638e+01 4.124806758147830976e+01 6.040356903432727620e+01 6.970815213541942512e+01 7.664945267848378307e+01 8.481320261383177694e+01 9.850641722154432500e+01 8.620602943676910002e+01 7.348215460623735851e+01 6.871344509688471192e+01 8.825648352491982962e+01 1.012291042402888337e+02 1.080777993718369032e+02
4.972455162447148069e+01 4.749473206034198114e+01 4.519249792004136168e+01 6.480223605917674945e+01 6.480567434066763610e+01 5.913156094883672864e+01 5.994279880665485649e+01 3.991936573751527106e+01 4.544324221798537167e+01 2.521286641817825824e+01 4.659575114681499031e+01 5.564763075177719998e+01 5.771059007439313859e+01 3.821636789736184170e+01 5.771059364766200162e+01 6.934103414841108304e+01 6.057015566761740644e+01 5.083727866559222264e+01 7.158151996219095281e+01 7.467614306461501883e+01 5.471845747382300829e+01 5.763025726123098735e+01 4.049744598427318465e+01 5.830554693524167220e+01 5.678537150034573955e+01 5.687989894717724582e+01 4.416393613907600013e+01 6.314238214066578081e+01 7.397506149480528848e+01 8.237476495691549871e+01 9.056254030222402207e+01 9.918713945419619904e+01 9.280992162178053206e+01 8.005091482999007724e+01 7.570302616725948042e+01 8.191723863746122447e+01 8.870676429264895546e+01
3.034753382440256431e+01 3.311112456454472408e+01 5.348019283121384859e+01 6.056972818042885365e+01 5.240944520417784958e+01 4.516442761359760283e+01 5.672717596176532595e+01 3.895217437024254536e+01 2.424667325583408939e+01 4.570280357884402633e+01 4.079616204701997617e+01 6.069015020957033357e+01 6.190326450781032008e+01 4.269100938598226946e+01 5.637282687234708334e+01 7.525477464488498924e+01 8.086373223280173761e+01 6.558010608510241468e+01 7.193846220157338678e+01 8.694033014192784492e+01 7.807640663633365818e+01 6.280813974795390919e+01 4.327743034324938520e+01 6.280813671402867016e+01 7.519608249637826702e+01 6.988399811709335552e+01 5.756151764748216948e+01 4.708926969212976132e+01 6.593647827309422382e+01 6.318737794954164855e+01 8.237476495628050088e+01 9.807624546936283139e+01 1.076886458522719892e+02 9.945754749087171831e+01 8.691974413726745752e+01 9.512215612308916945e+01 1.080777993718369032e+02
2.286677784442689187e+01 4.358173792037155181e+01 4.341929939101019187e+01 4.304620463427404786e+01 3.199901601741898105e+01 5.229901998423541443e+01 5.226837478040468454e+01 4.413912905079290283e+01 2.359150127694240950e+01 4.505386036174527931e+01 6.069102295283387605e+01 6.876003117007115861e+01 6.980608008077510362e+01 6.190326450781032008e+01 4.989297789868257382e+01 6.329211353746422475e+01 8.213557441024141781e+01 8.728889177235545560e+01 9.361538172377386502e+01 8.935989842807070715e+01 6.971958756148862335e+01 6.554780146071304614e+01 4.613371050319316424e+01 5.735130224858515646e+01 7.676206592330125034e+01 8.475165707010283711e+01 7.397501854044911340e+01 6.593647827309422382e+01 4.998243288381087979e+01 6.880723349031302405e+01 7.047235439566526338e+01 8.294469171229138738e+01 9.113186322043883081e+01 9.986835205071868415e+01 1.063267613869412571e+02 1.146618124509611505e+02 1.231674771893374469e+02
4.347198307832899644e+01 2.229799510845194987e+01 2.187124031307803307e+01 2.141748135140829135e+01 3.345923572855873829e+01 4.270877339163653374e+01 4.318822205185957586e+01 2.266731172256876903e+01 2.728436201884380097e+01 4.757796022285271675e+01 6.172739036001340196e+01 7.633534987237992198e+01 8.443848658961931619e+01 7.673723831683589935e+01 6.881123544607723375e+01 5.843098324954265621e+01 7.165694830029930529e+01 9.061296101088568378e+01 9.766276011580077920e+01 8.352627683479252596e+01 6.400522375736277070e+01 5.039557609771502911e+01 6.555576874075477178e+01 7.374762192853552278e+01 8.505611704157445274e+01 9.725235328109474153e+01 8.599271509725971896e+01 7.179679532203181225e+01 5.288928259722784730e+01 5.408856003734864260e+01 5.705999199851758164e+01 6.370252142509828985e+01 7.224114859441365866e+01 8.332483033525909377e+01 9.707359879851067319e+01 1.170128886427682602e+02 1.240015891840862992e+02
4.111201456634304208e+01 2.640452312192435613e+01 4.316723812905343038e+01 4.235783395803792928e+01 2.089502175349024782e+01 2.099561640273219254e+01 2.165144811102018352e+01 4.322994785317403910e+01 4.757788983939347816e+01 3.391628865603207288e+01 5.367594623075616056e+01 5.703448011621164682e+01 7.349361129150864258e+01 8.156893188771067571e+01 8.520342903992184347e+01 7.165694830029930529e+01 7.165694830029930529e+01 9.061296101088568378e+01 8.925386850525798366e+01 6.961524966176331475e+01 6.001116783769082019e+01 6.972285824996357917e+01 5.546272338594604179e+01 6.905225225085136742e+01 8.868231896185368157e+01 8.900747132122455696e+01 6.967230830470469982e+01 5.872040319621562787e+01 5.720948580154644247e+01 7.304610377773298069e+01 7.614154115043243110e+01 6.225007981150903191e+01 8.147302760772710428e+01 9.233586116395535726e+01 9.922119622913314174e+01 1.075590007893439122e+02 1.164536152332931778e+02
