MOVIE_S1_data/elevation_000535.asc
nrows	100
cellsize	150.0
xllcorner	0
ncols	100
yllcorner	0
NODATA_value	-9999
[rows 34 to 50 of 100, columns 37 to 73 of 100]
9.153783302964376389e+01 8.327021363739731896e+01 7.272102817822616316e+01 9.267803864517604495e+01 9.517062669478495707e+01 8.202279395051201050e+01 7.706024705708180988e+01 5.864776340242083563e+01 6.600444570971681912e+01 4.724004547399056975e+01 4.346199819135643594e+01 4.936365835960639714e+01 5.682520479081559017e+01 7.587471654714258307e+01 8.936011867260852171e+01 7.147636758547892555e+01 7.383680401505752400e+01 5.842280022301497411e+01 7.834536739656691395e+01 7.767884885454630250e+01 8.922816101574238701e+01 1.090731813561563825e+02 1.075799721003076002e+02 1.075799721003076002e+02 9.556757038692576600e+01 1.147922290886980363e+02 1.262738299176108399e+02 1.300941813366937936e+02 1.161161793417319927e+02 1.259546614103265227e+02 1.341882433335790950e+02 1.321184849678190005e+02 1.181325248859247097e+02 1.253613639583706316e+02 1.205957735120775425e+02 1.010236841116667250e+02 1.054077617914488485e+02
7.743132825575918332e+01 6.330522763371683936e+01 8.327021368436500381e+01 9.252562641474862914e+01 8.221739486272095121e+01 7.382465542850492568e+01 7.163076462064961447e+01 7.021610432185845241e+01 5.283926118826756380e+01 6.338534331944636335e+01 4.863714000415540539e+01 4.273994455980803764e+01 7.163985269450529358e+01 7.623602579504270693e+01 9.617319838130839571e+01 9.266748484232705607e+01 8.661415789848769009e+01 6.728105743523553883e+01 6.348387700267350908e+01 8.351824890951949953e+01 9.767954783064054425e+01 1.173690787316174919e+02 1.274625554147492892e+02 1.236831586731843799e+02 1.095897642799962028e+02 1.236831586731843799e+02 1.253839524159528338e+02 1.171786919145424690e+02 1.022041805649514146e+02 1.062789106668114840e+02 1.259546614103265227e+02 1.238931283740639628e+02 1.042934829126713652e+02 1.057545094476578242e+02 1.073138494065368320e+02 9.404875085738657958e+01 1.054087058846012610e+02
6.446228020859837216e+01 5.820601783391312978e+01 7.259344162042449966e+01 7.259344162207855788e+01 7.360297888629399665e+01 5.403783443818180388e+01 5.344504368057586419e+01 5.764425990170192904e+01 6.050767259564463529e+01 6.107153424660821628e+01 4.202272615472758588e+01 5.616659749789485545e+01 6.580263109744346650e+01 8.713222760236247666e+01 9.175457468541165440e+01 1.000312926492616725e+02 9.555543751222433002e+01 7.888145269463832676e+01 8.351824890951969849e+01 6.938936456556137955e+01 8.942703579533166192e+01 1.030733933248133098e+02 1.113406388345519673e+02 1.202134861224323146e+02 1.294413812868869229e+02 1.285346998288695772e+02 1.088655171501008141e+02 9.746638949559995524e+01 9.229649287192714269e+01 1.120418046346507737e+02 1.279475268286241629e+02 1.253613639583706316e+02 1.057545094476578242e+02 9.185977205814171498e+01 8.766100117692160154e+01 1.073138494065368320e+02 1.218657209509186146e+02
8.442944992478342670e+01 7.259344162042449966e+01 5.275800696282504276e+01 6.763458295578463719e+01 6.602465672877207226e+01 5.263770497028698259e+01 3.987560076967098155e+01 4.034445445114483420e+01 4.082369102932166527e+01 4.131104126973399815e+01 5.561635694012085906e+01 6.793109011257909913e+01 7.323831264672737973e+01 7.762417883172501831e+01 7.177117722742738692e+01 9.175457468541165440e+01 1.070583695200024579e+02 9.879195239138159934e+01 9.767954783064054425e+01 8.102734358421518834e+01 7.654621928369432737e+01 8.326857816009587054e+01 9.215507936188282656e+01 1.060797335226807832e+02 1.259735411419546551e+02 1.367799870192298215e+02 1.209697981384839807e+02 1.057977888066186978e+02 8.604052896635475634e+01 1.000257833309786974e+02 1.099376331195847740e+02 1.181874043190720016e+02 1.196747657536925544e+02 1.031237864582089401e+02 8.348982169941290010e+01 1.031237864582089401e+02 1.162187110625411179e+02
9.133869095252256898e+01 8.085727149019299986e+01 6.763458295578463719e+01 4.784896077918730839e+01 5.882340833518492218e+01 3.923036708248189797e+01 5.812573911252481196e+01 6.025613137418984877e+01 6.056644802302034947e+01 4.748950808212629227e+01 4.508159765260206342e+01 4.898675430458735747e+01 5.312455288077727289e+01 5.752561503110471364e+01 7.762410903980315879e+01 9.123584902555128906e+01 9.788581325823402324e+01 1.061629058933484373e+02 1.091678693791954373e+02 1.009012287396870136e+02 8.657683598759082599e+01 9.647178826990753464e+01 1.113406388345519673e+02 1.202134861224323146e+02 1.304257882114005724e+02 1.216077150697682612e+02 1.127708870943635873e+02 9.304117274101443513e+01 8.164341059456685912e+01 9.568248845880546583e+01 8.996553148408183631e+01 1.097826518931874631e+02 1.030195582683910658e+02 9.535187354599888465e+01 8.023848187418931843e+01 9.985143004907038744e+01 9.660313406646240253e+01
7.211881270136558442e+01 8.024208907042525141e+01 7.588997628800234452e+01 6.297106708899030991e+01 4.329007130494504452e+01 4.206828026406777354e+01 3.861666205289665044e+01 3.923567974758921650e+01 6.793294469950180314e+01 6.924797803249495587e+01 5.656940873178455575e+01 5.075338547121380373e+01 7.088190630417436466e+01 7.762417883172493305e+01 6.546303099427404959e+01 7.127126066109198632e+01 7.793593635092796035e+01 8.791679050744572521e+01 1.020193047534423130e+02 1.146489991453283039e+02 1.063667405522242007e+02 1.146489991453283039e+02 1.246465696566047114e+02 1.361230843167290914e+02 1.164476954092027654e+02 1.025405925098856557e+02 9.367880119941241901e+01 8.667953738279864240e+01 8.122194465510800399e+01 7.598179753643125878e+01 9.161571851248247356e+01 9.959941725881972729e+01 9.423246655302935437e+01 7.575939932580035929e+01 9.535187354599888465e+01 9.564414793447261331e+01 8.527249040545562764e+01
7.063741848977556970e+01 6.111113024502949287e+01 7.273830965777654001e+01 7.121598702349170651e+01 6.253550724183800469e+01 4.670380448504380411e+01 3.819530312008956230e+01 5.696232446074569111e+01 7.294765649651135675e+01 8.497201147597591842e+01 7.668510830380236598e+01 6.238543199229777514e+01 5.726483060640192946e+01 6.268954637796616680e+01 8.279506383783271417e+01 9.123585425251616243e+01 9.788581333221158332e+01 1.061629058933484373e+02 1.161420377597254543e+02 1.302647707660085814e+02 1.249575298906494965e+02 1.166114169071206135e+02 1.166114169071206135e+02 1.249575298906495107e+02 1.304257882114005724e+02 1.216077150697682612e+02 1.028203813195190861e+02 1.064364506167708981e+02 9.206251975794977227e+01 9.161571851248247356e+01 7.193390245468019373e+01 8.775239435771497654e+01 9.236075405574774777e+01 7.277131208760003744e+01 8.823497604447044296e+01 7.604132169259690954e+01 9.564414793447261331e+01
8.826208983856164991e+01 7.273830965777654001e+01 5.359907631061954447e+01 6.635853774124620941e+01 6.952505048401739884e+01 5.714321599237154459e+01 3.777828604418898806e+01 4.644444328960202029e+01 6.058335541951100112e+01 8.087253938647359064e+01 9.076485174044266557e+01 8.248830605680034012e+01 6.739795284091576377e+01 8.279506383783271417e+01 7.132816264569459008e+01 7.892472274382716080e+01 8.890089825064964657e+01 1.029668614814316498e+02 1.228834411745177562e+02 1.175466561811139883e+02 1.092192628491590085e+02 9.663865883845924998e+01 9.663865883845926419e+01 1.133963991957262607e+02 1.249575298906495107e+02 1.307515603126429085e+02 1.225261138640864687e+02 1.199943606033318275e+02 1.117895020624591496e+02 9.979585191643917597e+01 8.775239435771497654e+01 6.808284924205189270e+01 8.763190998214523120e+01 8.476124817125615607e+01 6.863472473163739096e+01 8.823497604447049980e+01 9.564414793447261331e+01
9.195617284402676717e+01 7.273830965777654001e+01 6.635856520872420106e+01 4.715777190027278465e+01 5.742108244590813371e+01 5.636626471147613415e+01 3.736017226041108330e+01 5.673561439376553750e+01 7.475374111689708911e+01 7.667184712631880927e+01 8.479058044467558375e+01 9.342513568263544244e+01 8.744532357025660474e+01 8.744532296607346211e+01 8.290140444456089597e+01 9.885059543307193053e+01 1.071218336418947956e+02 1.170871941119078059e+02 1.163977223453141221e+02 1.092192628491590085e+02 8.923662588047496058e+01 8.509866982550745718e+01 8.509866982550745718e+01 9.663865883845926419e+01 1.166114169071206135e+02 1.242134894985796194e+02 1.128499362670855248e+02 1.046815707254337724e+02 1.071486714253951078e+02 9.899396809697685740e+01 8.544311439804798169e+01 6.547899465471584790e+01 8.096795284694802319e+01 6.513044837868918080e+01 7.231712985087214918e+01 8.149633512354954235e+01 9.483353402824430134e+01
8.114189477072103784e+01 7.817853016067400063e+01 7.433653164460143614e+01 6.116659873707870076e+01 4.128699209172511075e+01 5.307167032688948183e+01 3.693397925356144640e+01 5.736397086590810090e+01 6.773690091011688708e+01 5.771818142957394571e+01 6.611999433378647950e+01 7.947264275041828796e+01 9.905597348293086668e+01 1.073865021011085332e+02 1.028184148150440791e+02 1.110964102429255576e+02 1.208387107599731820e+02 1.163977223453141221e+02 9.639516318123122574e+01 1.000657011780359085e+02 9.508940474261356712e+01 7.504992467266929168e+01 9.508940474261356712e+01 1.129541628334894625e+02 1.146530837817263517e+02 1.160236636828113888e+02 9.637858241646409851e+01 8.500167039546072090e+01 9.331937497229876044e+01 7.932476157182826171e+01 8.324417242753239066e+01 7.907770503062648970e+01 6.191425814087659063e+01 8.147659876521427691e+01 9.173417907346990319e+01 9.983983831678328613e+01 1.087251179636571550e+02
6.149870730373463346e+01 5.849226440846704378e+01 6.143468595046655167e+01 6.704322167008143651e+01 3.657689309405728295e+01 3.630652206353904887e+01 5.533509480572177353e+01 5.995972195611695810e+01 4.871384742556097081e+01 6.773703070573307627e+01 8.479058044467548427e+01 9.342513571225492797e+01 9.194596062500714595e+01 1.002278052506902810e+02 1.096036981625456690e+02 1.208387107599731820e+02 1.008273557197013730e+02 1.044995077898604734e+02 1.000657011780359085e+02 8.004636531408901590e+01 8.850753222798866204e+01 7.041129885176555092e+01 8.463385221829955185e+01 9.833353169462691312e+01 9.466579605964351174e+01 1.146530837817263517e+02 1.046815707254337724e+02 8.500167039546072090e+01 7.364804240965779059e+01 6.799125238379438940e+01 6.365698528006493007e+01 5.960803116348014896e+01 7.907770503062648970e+01 8.964611213988860072e+01 9.958362478568508891e+01 1.045124486723077979e+02 1.101539017472115773e+02
4.784616606481258572e+01 4.465829472703130421e+01 4.187474808705663776e+01 5.753349489896444169e+01 5.564061054566776221e+01 3.582891752589596734e+01 3.831780479091994351e+01 4.086791652281084453e+01 5.997086912548701321e+01 6.797756876997800646e+01 7.162188965497084325e+01 7.619490540597305994e+01 7.265493654608864915e+01 8.164649569897615322e+01 9.668388371460231667e+01 1.065734642221958381e+02 1.044995042752642433e+02 8.450010222782631786e+01 9.295284610493837363e+01 8.660793378986922164e+01 6.840494823989833151e+01 6.608657906655265890e+01 7.193622202369289198e+01 7.831723655685981100e+01 8.989183063085853576e+01 1.098651097988886249e+02 1.128499362670855248e+02 1.014809293326115807e+02 8.403117502007313533e+01 8.764042982571622531e+01 7.752782297305648740e+01 5.809532325768586247e+01 7.538829917190977881e+01 7.178841493194201462e+01 9.140594741433790205e+01 8.482566312995201940e+01 9.876676579709933890e+01
5.115509539796337179e+01 6.425823815104799053e+01 5.753382167999831864e+01 3.822082390075325975e+01 5.387272470936252233e+01 3.536095464105125785e+01 5.158895222073032016e+01 5.985263372420864414e+01 4.544899361559615869e+01 4.894414601771518392e+01 5.268637661135652195e+01 5.733987838950488936e+01 6.276163359814676568e+01 6.928899510641080894e+01 7.860300063632629985e+01 9.820711794982598519e+01 1.070945696170801114e+02 8.709515243089255421e+01 7.288846994084696007e+01 6.647983000993247060e+01 6.121168484810768007e+01 8.140019554765919452e+01 9.200382339927719499e+01 9.833353169462691312e+01 1.066390990343544161e+02 1.181930051498534766e+02 1.204889328786641300e+02 1.118754848638037203e+02 1.037015190130871929e+02 8.993291967152147492e+01 7.031179250638102474e+01 7.528925010746509372e+01 5.593526250810591449e+01 7.332623882954220562e+01 7.818012626682045152e+01 7.096722703965765788e+01 9.059178911553981095e+01
8.024168402046095139e+01 7.460426110087678353e+01 5.367892842151663046e+01 3.770221323886596565e+01 3.528316233569135818e+01 3.493166670085840053e+01 5.372327359538720515e+01 7.102976982999460631e+01 5.898142189738794627e+01 6.239892492583529560e+01 6.603069838180356044e+01 6.359098944818772736e+01 8.164644777955032851e+01 8.840504368081501241e+01 9.668388081039567794e+01 1.065720723069487406e+02 1.010845628295820404e+02 9.265520745857860163e+01 9.259360864694306770e+01 7.250761857061777960e+01 5.814035986849299320e+01 7.250761857221925766e+01 9.259361278181029320e+01 9.643394428932327855e+01 9.864663746799752175e+01 1.070348005446785464e+02 1.002147920248897748e+02 1.145504074476841225e+02 1.059917062383033937e+02 8.632378974986508524e+01 8.585522337819431016e+01 6.627307091883155010e+01 7.323588636939688001e+01 5.373937443367213262e+01 5.864374955168330672e+01 7.818012626690905620e+01 8.372963887556632301e+01
7.523282378728363540e+01 6.704512169807050270e+01 6.435205886604050818e+01 5.338840830852103636e+01 3.434106683193531495e+01 4.749132269455200372e+01 6.561025979329112090e+01 8.029984857407571042e+01 7.802468429541802664e+01 8.144351107371059584e+01 8.510890735701069332e+01 8.259184990013143590e+01 7.688700446110085807e+01 9.636480286426861142e+01 1.101450553378905823e+02 8.979701591081857259e+01 8.976131276238223222e+01 7.283080127193674969e+01 7.646864771170176311e+01 7.224946059505292340e+01 5.550676203060689318e+01 7.581887807659262535e+01 9.059677215700118325e+01 7.637292463727648339e+01 7.856330020096179112e+01 9.334946656701828260e+01 8.590886495234664721e+01 1.061529503982291089e+02 1.141728300558060880e+02 9.977054721525198033e+01 8.009134665819328802e+01 8.585520149115623667e+01 8.144155173364295308e+01 7.127297407895822801e+01 5.147035600933197941e+01 6.930739620724202155e+01 6.371232266786467591e+01
5.905504038876479456e+01 4.866518901728328927e+01 5.366289298344558745e+01 5.195020746518353150e+01 3.387632351990208690e+01 5.316561770221894534e+01 7.061073413432222878e+01 7.885620870351421274e+01 7.318028436865843389e+01 8.058600435986718935e+01 8.864065658046423835e+01 9.839938844711520005e+01 9.636481721720059568e+01 1.046851185180530877e+02 1.041661588600907180e+02 8.384515589156931981e+01 6.996339677608338548e+01 6.314242176579354293e+01 5.683928576763111096e+01 5.187460929581134650e+01 7.224946237293630702e+01 8.403585416518357931e+01 7.611772277506457840e+01 6.238214998993208127e+01 6.766686317730400901e+01 7.331934394406741262e+01 8.479477171350701781e+01 9.909646788083902891e+01 1.193732404253141652e+02 1.079578453094683539e+02 9.977054721525198033e+01 9.759146592369965845e+01 7.960782992017668391e+01 6.006086034990305933e+01 6.930739620724222050e+01 4.929531212583834332e+01 5.415926594703373809e+01
6.705401932351502126e+01 6.023163946877605923e+01 4.008035843543251531e+01 4.409348905425954257e+01 3.340536363694505440e+01 5.554351753387037860e+01 5.094252419282891964e+01 6.408225089085607351e+01 5.388406563019902507e+01 6.099230578230108080e+01 7.079706997241852662e+01 8.471903438725553315e+01 1.040294354997164561e+02 1.064611354152792160e+02 9.814148390241575726e+01 9.823008332176628699e+01 8.976131276238223222e+01 8.260643845112932127e+01 6.977438147626388343e+01 4.941022455351248510e+01 6.977438440916303364e+01 7.611772277506457840e+01 5.617872953231897526e+01 7.611772277506457840e+01 8.756726822288736400e+01 9.334946656701828260e+01 1.017415202476793894e+02 9.938928292602533077e+01 1.076755724074283762e+02 1.131868547454930791e+02 9.348909024257093847e+01 7.957779650355369938e+01 6.979754564294580632e+01 7.960782988035937535e+01 7.424475481447407788e+01 4.779003428401409792e+01 6.522307228328840267e+01
