MOVIE_S1_data/elevation_000200.asc
nrows	100
cellsize	150.0
xllcorner	0
ncols	100
yllcorner	0
NODATA_value	-9999
[rows 34 to 50 of 100, columns 37 to 73 of 100]
9.331040442225518916e+01 9.518096158906023163e+01 7.512011743577994594e+01 6.147553377814735143e+01 6.016432004473255546e+01 7.424267209584751015e+01 7.058988079557541084e+01 6.891414634436280551e+01 8.028156215594755452e+01 1.006304444345683891e+02 1.070904784271433385e+02 8.987818984583276460e+01 9.253871156190693625e+01 1.131154897692012611e+02 1.042355166300545051e+02 8.448898652877198856e+01 7.303494952202055401e+01 8.224831221631275469e+01 7.780537012712957790e+01 7.362225086964845389e+01 7.001633478590547099e+01 7.488316546677206986e+01 7.065807668496792360e+01 6.251654244768413093e+01 4.335550325452003761e+01 5.066647425995724063e+01 6.215076465988393295e+01 8.175884990915297124e+01 1.055062533605781994e+02 9.382025462696863372e+01 1.072501882282730605e+02 1.124619090369040748e+02 1.044508284456197487e+02 9.806862614774080100e+01 1.036388440227814272e+02 1.113367201999007392e+02 9.583342319610676441e+01
7.472795041963556173e+01 8.296151974000062523e+01 8.620947934650743605e+01 6.649052501921393343e+01 5.320880443839517682e+01 5.505846137298257759e+01 5.997223074646669971e+01 7.357897969489962975e+01 9.368900500877218462e+01 1.006964881194150649e+02 9.856551036385185682e+01 7.822851240130921724e+01 9.856551036385185682e+01 1.119997750997485042e+02 1.125401013665411369e+02 1.010882824039088490e+02 9.283485216504935522e+01 1.010433904212086986e+02 9.498508640731178332e+01 8.682542614769873524e+01 7.488317960318705957e+01 5.399297653262641461e+01 6.477530726221708335e+01 4.432352658044676730e+01 6.325579933159625767e+01 7.132620020161802188e+01 8.005416917080911787e+01 8.827399767511818141e+01 9.648595592408452148e+01 1.126028814692723188e+02 1.079314784520103956e+02 9.991622799673514521e+01 1.079314784520103956e+02 1.170865395620776326e+02 1.227918424499072927e+02 1.118770142512418744e+02 9.222766980205275900e+01
5.682006447256694770e+01 7.436214322262159726e+01 8.180018711436207468e+01 6.229047619108172995e+01 4.909337825566525026e+01 6.800473822152129344e+01 7.946906973948802033e+01 8.731640866130541667e+01 8.148081518484092101e+01 8.135722146572258850e+01 9.243367476351340883e+01 7.227317318674543856e+01 8.310198940544088941e+01 1.034839980170190472e+02 1.074798423237160989e+02 1.159938099171263843e+02 1.121166707557477622e+02 9.243630179037192818e+01 7.848964823466562279e+01 6.709791999242359850e+01 6.154049794135373475e+01 6.843913433201443297e+01 4.743943364264819706e+01 4.502376052945339069e+01 6.539460053455084676e+01 7.358140474507023043e+01 7.451282245507000823e+01 6.881275704615383404e+01 8.827399767582039658e+01 1.025420629271637409e+02 9.459762547478293016e+01 8.139741715583906512e+01 9.648086426923326542e+01 1.044505711167036281e+02 1.129039847759081994e+02 1.200643143471730667e+02 1.076914873492253264e+02
4.938679263439939149e+01 6.856859861213104068e+01 7.663810572948317201e+01 6.439189895670710939e+01 4.620006756752570709e+01 6.511800401710316066e+01 7.813753172417496273e+01 6.976372794587796022e+01 6.223372791821631722e+01 7.899169957501942463e+01 8.679839428051823802e+01 6.690819750624947915e+01 8.684215767323128432e+01 9.300926799894762098e+01 8.701535985830061293e+01 1.074798423237160989e+02 1.113077534508987299e+02 9.159354936050461049e+01 7.764490631254523123e+01 8.682542614769873524e+01 7.321635109960662646e+01 7.677778568634428780e+01 6.843884249674094633e+01 6.540829052249824827e+01 4.606851427123646658e+01 6.643966287405683602e+01 5.553002208435803766e+01 7.451004902819624931e+01 9.032564096856114588e+01 9.173864050934923853e+01 7.607919052777315017e+01 7.216893922012121720e+01 7.806362733174040613e+01 8.617194360924318630e+01 9.919304105068131605e+01 1.184079455436781956e+02 1.158664532146018189e+02
4.335870683039553342e+01 5.377440984799500967e+01 6.656284379759893000e+01 4.589055505638547316e+01 4.325913160977366090e+01 6.234125396822565790e+01 6.695616465475492873e+01 5.098221400854752972e+01 5.303222132511947251e+01 7.201302134586630643e+01 7.755897614022042319e+01 6.259259286590752680e+01 6.746418436280136177e+01 7.284052604607907710e+01 8.173576126660731234e+01 9.343518596540532428e+01 1.140066898192832525e+02 1.055214171264104124e+02 8.903364873089464027e+01 1.011025239986012565e+02 9.294251956690089855e+01 8.236656602619892453e+01 7.026245413796232242e+01 5.003201135493557672e+01 6.627243240791936785e+01 4.717377927507956059e+01 4.795889387808616533e+01 6.240611608474551275e+01 7.686376577981812375e+01 7.810849456680706737e+01 6.511993065026395300e+01 8.390600207315614512e+01 9.648086426923326542e+01 1.044505711167036281e+02 1.129039847759081994e+02 1.229401301173318046e+02 1.246654117710196061e+02
3.485887143572061575e+01 5.428696878567802031e+01 5.789025749283259614e+01 4.088673464710886662e+01 6.009483621506745266e+01 4.609261228433407354e+01 4.807163866148822251e+01 6.695616462215788545e+01 7.201302134731049875e+01 5.604151454434282442e+01 5.820968974553044006e+01 7.755897614201330725e+01 8.741546543951140791e+01 9.300926799894762098e+01 1.015045848877133494e+02 1.106471774350402626e+02 1.225216950405155387e+02 1.168962947187536372e+02 1.087522400713206565e+02 1.006977198825821063e+02 8.671692621524701394e+01 7.416933969123535064e+01 5.405763033072303614e+01 7.026245413796232242e+01 7.563519840526953431e+01 6.750519109113901095e+01 6.825922394431515272e+01 4.907361883550001380e+01 6.683182185240421802e+01 5.894605631489517350e+01 6.762388396522769085e+01 7.830562046392373077e+01 9.135600607657245575e+01 1.104129187113928339e+02 1.172373507366440464e+02 1.033873053828775426e+02 1.172373507366440464e+02
5.229505530320888340e+01 3.700330541959691999e+01 3.856095170165970387e+01 5.789390861701784274e+01 6.822201262177719627e+01 6.503192137625099178e+01 5.364742078811093506e+01 7.248120925439928897e+01 8.353794417392873584e+01 7.520839555526552545e+01 6.758932320841725527e+01 6.321835501095581833e+01 8.292348935874747440e+01 9.509071237382275399e+01 1.028015908611618272e+02 1.113112974592578439e+02 1.231773801745064532e+02 1.115966959052479979e+02 1.002348544965897617e+02 9.139877125818954084e+01 7.273613254791192162e+01 5.852620122711184791e+01 7.416933969123535064e+01 6.490322307732961349e+01 8.480991307182335959e+01 8.665500956428445534e+01 7.101272089763088502e+01 4.986109619818650884e+01 5.358678453983333156e+01 7.316520080782457569e+01 8.582679369616819542e+01 9.407916293466641378e+01 1.029997933071863372e+02 1.106033764301733981e+02 1.083963575304139653e+02 8.927967542415112234e+01 1.083963575304139653e+02
6.024847747969752731e+01 5.077301551461211915e+01 5.789391293871100430e+01 4.628379912135233809e+01 5.575376484851192771e+01 7.504574182010692596e+01 7.248120926311845835e+01 6.288029332989413689e+01 8.208212519634270166e+01 8.686663973694332697e+01 8.687089117591143861e+01 7.181349059329157569e+01 6.923630379597420870e+01 7.486993606502933574e+01 8.240052399381779935e+01 9.411153223516073751e+01 1.146724317046361676e+02 1.034384927888232824e+02 8.376598191561031115e+01 7.229270586248479447e+01 6.331101642943757923e+01 7.853586567884835290e+01 8.671692621524701394e+01 7.387633605965014283e+01 9.017816141071700997e+01 6.986804078895823977e+01 5.037807863143633114e+01 5.066771937772726631e+01 7.080337926139965532e+01 7.937104973472108327e+01 9.293666775699385596e+01 8.984823003151491605e+01 8.440067416515537957e+01 1.029997933071863372e+02 1.002439282718419378e+02 8.002841669710402073e+01 8.985082559499379329e+01
6.080494628173683225e+01 7.013404890219605647e+01 7.216797098894986107e+01 5.299983368476983969e+01 7.216796792728852949e+01 7.505161680099888599e+01 9.037687004965684423e+01 7.232199783801949877e+01 9.037687004965688686e+01 1.062322266944121480e+02 1.003736738825892019e+02 8.329265822740842395e+01 7.664894245861880506e+01 9.509069531476282577e+01 9.509071018948151277e+01 1.113112974592578439e+02 1.172274230331669571e+02 1.060672547779250436e+02 8.931370262672248828e+01 6.967659974086998886e+01 7.001690432132269848e+01 8.999906855999776667e+01 1.018116580754521152e+02 8.534003806907726641e+01 9.823630595542155675e+01 8.665501019778731973e+01 7.843374541883173379e+01 7.095304178502364323e+01 5.180874294426693183e+01 6.614631112263258217e+01 7.950556880615619093e+01 7.055109621475055803e+01 8.982484226609658151e+01 9.425236082402065563e+01 8.612515678338185410e+01 7.329372910612853786e+01 9.350542441359590384e+01
5.511695478131060355e+01 7.453697250472899327e+01 8.044447924460503430e+01 6.388563386509076025e+01 8.044447924460503430e+01 9.500046288919995163e+01 1.002514075509224227e+02 9.184225255466589033e+01 1.002514075509224796e+02 1.095240560086019030e+02 1.121576775548484477e+02 1.036607582660346480e+02 9.090731150866868404e+01 9.090731134073482167e+01 1.114096204836692863e+02 1.240901070569423155e+02 1.091514940927605153e+02 8.984488459362854940e+01 7.856846124854237701e+01 7.672744213428572380e+01 7.756182380302909962e+01 9.764046300431211023e+01 1.131753949272544162e+02 1.050143073486482024e+02 1.035003806183469237e+02 9.202675533695317256e+01 7.776868360076535680e+01 5.760806276283799576e+01 7.206842923289833891e+01 5.297206866360188826e+01 5.977495728315070522e+01 7.510864795582099873e+01 7.583797937921531229e+01 8.415205277440129805e+01 6.639328257331786176e+01 8.611173212011416922e+01 1.017099697538434668e+02
7.453697250472899327e+01 8.284067597178957953e+01 9.186839270031605054e+01 8.348185645131421495e+01 9.084254869781354103e+01 8.242781590387271251e+01 9.084254869830529344e+01 8.714987829454105395e+01 8.059655729474023644e+01 9.501327396794833646e+01 9.643009495677290488e+01 1.049336653500611902e+02 1.114097251854916379e+02 1.114096216647085669e+02 1.199116201037338385e+02 1.290026972807727077e+02 1.116990392127101757e+02 9.234788896948006709e+01 9.800777939818991058e+01 8.417436282017770566e+01 8.755098049119060022e+01 1.060555189337798652e+02 1.166457362953660066e+02 1.067983511957195901e+02 9.534498423623828955e+01 7.539585317981828894e+01 6.373303133957070798e+01 7.776868360076618103e+01 8.170956956600264220e+01 7.327982107678418799e+01 5.413945232317794165e+01 5.497375340895259654e+01 5.580643050376359326e+01 7.598171212849929645e+01 6.213709059106536614e+01 8.159167269923878507e+01 8.341436306166451686e+01
7.386694511488218495e+01 7.656911268558798156e+01 8.491213137256302446e+01 8.282065981045420244e+01 8.093038940792820313e+01 6.280672849851756467e+01 8.093038895634931862e+01 6.733556335680852101e+01 6.668305626206959857e+01 8.052569222225874057e+01 7.620478591798905654e+01 8.961652382250399285e+01 9.502316965637753299e+01 1.011643939720648433e+02 1.084071572627886013e+02 1.084031596318705652e+02 1.198925265601951224e+02 1.117015575113772314e+02 1.115687414259751336e+02 9.285185110132216835e+01 1.078005985439595520e+02 1.078005985439595662e+02 1.085238481775012360e+02 8.879312517170475871e+01 7.875442088698504506e+01 7.112137648587895455e+01 8.382734805071511630e+01 9.202675533727288837e+01 8.171294262339513637e+01 6.133564109458995972e+01 6.852059234760346840e+01 7.516074917359516405e+01 7.464083392015672302e+01 5.698357083386329691e+01 5.783942435355809408e+01 7.799719178279087828e+01 6.322197192995451331e+01
6.570527444121451310e+01 5.717562674850877613e+01 7.358876659247270879e+01 6.326106934037043317e+01 6.326140808532068860e+01 5.347539434381796752e+01 6.849955097881093025e+01 5.401001288342573048e+01 5.728388996182348336e+01 6.094742775152441538e+01 6.492465907040995887e+01 6.956311778623199871e+01 7.479262085842866270e+01 8.079534329341014143e+01 8.792030248356127231e+01 1.023652713911362895e+02 1.229935600764421366e+02 1.293510180108773682e+02 1.202248408110999804e+02 1.064390819424208559e+02 1.202248408110999804e+02 1.280587188873487321e+02 1.166457362953660493e+02 1.067983511957196043e+02 9.113545693844491780e+01 8.120457802236569478e+01 9.930329555330176561e+01 8.973295493194301287e+01 6.928585530167278250e+01 8.171294262339513637e+01 8.896451472108334713e+01 8.215044917053072027e+01 6.199607590326645123e+01 7.714708397971683951e+01 7.799719178277173626e+01 5.907481408620842700e+01 7.922243368957366272e+01
5.506387238361320158e+01 4.622254463631728072e+01 5.855835631512527328e+01 6.032233551990921683e+01 4.421932048745464527e+01 4.640793270795845871e+01 4.953836704846536065e+01 6.849954493544996126e+01 7.661012315207172207e+01 8.052569222225874057e+01 8.475300728723587440e+01 8.961652381083666796e+01 9.502316965637753299e+01 1.011643939720648433e+02 1.084071572627886013e+02 1.169334127121243938e+02 1.235969221738870232e+02 1.096318329025240672e+02 1.235969221738870232e+02 1.258337740425499760e+02 1.312833496073598099e+02 1.232128827204755197e+02 1.312833496073598099e+02 1.190222023125639481e+02 1.092018128737828562e+02 9.530856735594447571e+01 9.942631282464985532e+01 7.886359552944624340e+01 8.973295493194301287e+01 9.824304023696244315e+01 8.750465261574042586e+01 6.735543575168640018e+01 8.215044917053072027e+01 9.036782033570453621e+01 8.678147614837480717e+01 6.673794727937917060e+01 6.038119053485227994e+01
3.570269566187607779e+01 3.747851204932217684e+01 3.930727363677767983e+01 4.115645504547816813e+01 6.032186614436370320e+01 6.538217621458387896e+01 5.097897755925188790e+01 6.999421138849865542e+01 7.848956186246711297e+01 8.234958393419255174e+01 9.078076286795362648e+01 9.240061217411219729e+01 1.128692261415932592e+02 1.159387039024338577e+02 1.244721080745833888e+02 1.263743898632612854e+02 1.147040694906285978e+02 9.547525279845041268e+01 1.147040694906285978e+02 1.275179789146421001e+02 1.215218435706870252e+02 1.036736411548605190e+02 1.215218435706870252e+02 1.289587694230664567e+02 1.209018398499025437e+02 1.149668186528915612e+02 1.079327625899961305e+02 8.801098304807591433e+01 1.079327625899961305e+02 1.077556620332913582e+02 9.143002294425333787e+01 7.128996996845556566e+01 9.143002294425333787e+01 1.007926302095848996e+02 8.097786611230269216e+01 8.678147603799526166e+01 8.051381671119210637e+01
3.866076184316560216e+01 5.680814232243106687e+01 5.855835627290369416e+01 6.032275834716305951e+01 4.620854699610569583e+01 6.523547714671569508e+01 6.999421822819168426e+01 5.564794938605484731e+01 5.904540090363933302e+01 6.266726595771146435e+01 7.229855280608514079e+01 9.240061989348615157e+01 1.014000159961112502e+02 9.537789866835120733e+01 1.159387039024338577e+02 1.176482534387109524e+02 9.646402923259816475e+01 8.627922205283749690e+01 9.934667323145417583e+01 1.184623911808435253e+02 1.134432619376680123e+02 9.371361621025515376e+01 1.134432619376680123e+02 1.176830434818615458e+02 1.013389943604639569e+02 1.176830434818615458e+02 1.171460934701126320e+02 1.026188789200388385e+02 1.171460934701126320e+02 9.955098591917403894e+01 7.939484020054086955e+01 7.745148306715880437e+01 9.746403412089708240e+01 1.088814155854054349e+02 1.007926302096277453e+02 1.013467260414410589e+02 8.599034259939834612e+01
4.202247398438084502e+01 6.118147821436450329e+01 7.470039238553098926e+01 6.882998484725283106e+01 4.980963798104644269e+01 6.882998484729394306e+01 8.013954158858729215e+01 7.487887937278621564e+01 7.848957117430586550e+01 7.643484685272615309e+01 6.920243862906968957e+01 7.441108000311281501e+01 8.103663752337666892e+01 9.537789866835120733e+01 1.159387039024338577e+02 1.103803469551791210e+02 9.706327981859955401e+01 7.891223676617964600e+01 9.028126540451455639e+01 1.102718255046384428e+02 1.068667133618637450e+02 8.694466630229007365e+01 9.837192395312114002e+01 9.971593234088871327e+01 8.982463893869774552e+01 1.038832591177462916e+02 1.234261039815765031e+02 1.232497071608990922e+02 1.084087979684498748e+02 9.068526851461001570e+01 9.114455817175245045e+01 9.746403412089708240e+01 8.756638671373562488e+01 1.073616815280585826e+02 1.070997262402220827e+02 8.743286787804619564e+01 7.288569396906270015e+01
