MOVIE_S1_data/elevation_000752.asc
nrows	100
cellsize	150.0
xllcorner	0
ncols	100
yllcorner	0
NODATA_value	-9999
[rows 0 to 16 of 100, columns 0 to 36 of 100]
0.000000000000000000e+00 1.999999999999656808e+01 2.599648528104859224e+01 2.911996054678652257e+01 3.236443793533147328e+01 4.064912148935473368e+01 5.728828784942418650e+01 6.319819965968091680e+01 5.905602407167597789e+01 6.734146012519714475e+01 7.628629731775356504e+01 8.783453576645869987e+01 8.843767259695682981e+01 8.843767259695682981e+01 9.681810134981864735e+01 9.469935694777576884e+01 8.645922275473765239e+01 8.786742933220760676e+01 7.962227498326198827e+01 7.702274489745362018e+01 8.410683270032782843e+01 9.233905292112410734e+01 1.022815543734006525e+02 1.102296776460360661e+02 1.020168351660946655e+02 1.020168351660946655e+02 1.038839305255425245e+02 1.120707844214463478e+02 1.120773533157906883e+02 1.038563922945491953e+02 1.021718457626186023e+02 9.392502272897529281e+01 8.914526064225672997e+01 9.740121894235720390e+01 9.468412668697962431e+01 9.468412668697965273e+01 1.029275649982417349e+02
0.000000000000000000e+00 2.981423969999713375e+00 5.996537415777362767e+00 9.120012653549510517e+00 1.236444107616478938e+01 3.236445186129153484e+01 3.728811502269070388e+01 4.319810248589112689e+01 3.905596657573259733e+01 4.800023848988791286e+01 5.954724413914117065e+01 7.954748958626151989e+01 6.822588776826388823e+01 6.822588776826388823e+01 8.843767259695682981e+01 8.645922275473765239e+01 6.645647977000456308e+01 7.231514754790124755e+01 5.954096169836595465e+01 5.691060690475160300e+01 6.407000660459462438e+01 7.415991357795319061e+01 9.405375182270257994e+01 1.020168351660946655e+02 8.200889398894932469e+01 8.200889398894931048e+01 8.390789023885794506e+01 1.005844414323514115e+02 1.038563922945491953e+02 8.386654560524134183e+01 8.972143614566016367e+01 7.380997105021437221e+01 6.897707253260546167e+01 8.520729615343869057e+01 7.458073328371580146e+01 7.458073328371580146e+01 9.468412668697965273e+01
0.000000000000000000e+00 1.999999999999964473e+01 2.599655245989810837e+01 2.912005278212397386e+01 3.236445186129153484e+01 1.728810071533818515e+01 3.728811502269070388e+01 2.905596657519332382e+01 3.905596657573259733e+01 5.060297202351699752e+01 7.060310790897317190e+01 7.414578248470455435e+01 5.387775846976970229e+01 7.414578248470455435e+01 8.619010443556210532e+01 8.645922275473765239e+01 6.645647977000456308e+01 5.218401642048685574e+01 4.787687331401149748e+01 6.802832335254610996e+01 8.269574756637588564e+01 9.233905292112410734e+01 1.022815543734006525e+02 1.005993826588892261e+02 8.786908428215357958e+01 6.766855662744666233e+01 7.221613420316418797e+01 9.235292329552144963e+01 1.038563922945491953e+02 8.386654560524134183e+01 6.954955178563473339e+01 6.310741190622419339e+01 5.724924354288828710e+01 6.501694959449334021e+01 6.023505774988207406e+01 7.458073328371580146e+01 9.468412668697965273e+01
0.000000000000000000e+00 9.999999999999912959e+00 2.414213562373061350e+01 4.414213562372905386e+01 4.557286732032125798e+01 3.728811502219807750e+01 2.273141125485645375e+01 4.273143091229002266e+01 4.170507726223178935e+01 6.170515535386014960e+01 7.888930872848537490e+01 6.738977447972634138e+01 4.706332598528349109e+01 5.754197093546781616e+01 7.780943378172466396e+01 9.236070716388921653e+01 8.057791835889018728e+01 6.282524132580103782e+01 4.268925360087627752e+01 5.432462279376949255e+01 7.443730218843688817e+01 7.796677493011013382e+01 8.621864805693707012e+01 9.235450510583950745e+01 7.221613946413717144e+01 6.046541762385638918e+01 8.072761218582972731e+01 8.275260394646549855e+01 9.102609580317378857e+01 9.797194946051605768e+01 8.972143386956287259e+01 8.334252601928407955e+01 7.093056518710250202e+01 5.071768698448139645e+01 7.093056518710250202e+01 7.699743408216448870e+01 8.529508060068684472e+01
0.000000000000000000e+00 1.999999999999964473e+01 3.828427124571462059e+01 4.589468932744313889e+01 5.417896066198526484e+01 5.101629577326446707e+01 3.427841664277037381e+01 5.101629597214372325e+01 5.584721516497688754e+01 6.999077782697290218e+01 7.328640563199003566e+01 6.126111966367619743e+01 4.079799441636429691e+01 5.532245059259994235e+01 7.559833507751407922e+01 7.239875828440014516e+01 7.239875828440014516e+01 5.908608227569214222e+01 3.896797074121037951e+01 5.908608227569214222e+01 6.526973267719810678e+01 5.789098678880716875e+01 7.212589900459478542e+01 9.206788858023730882e+01 7.607910525766516230e+01 5.582115568157448848e+01 6.997105777395444193e+01 6.254153908036928300e+01 7.687465388830194968e+01 9.694971566813400443e+01 9.330486282937341969e+01 7.319185578861464592e+01 5.886829145973960919e+01 4.725876768480361534e+01 6.272643393380702292e+01 5.681530905872942583e+01 7.699733959828522245e+01
0.000000000000000000e+00 1.999999999999964473e+01 2.956475770864249597e+01 2.589468932719185190e+01 4.226165126687088502e+01 5.054592252261732455e+01 5.427846314300602870e+01 6.256372458452180751e+01 7.584747400543255935e+01 6.908168064462219604e+01 5.924181006724387544e+01 4.520289481033174894e+01 3.593756082497188942e+01 5.048096398980595723e+01 7.081926290440407001e+01 7.239875828440014516e+01 5.229776386761278673e+01 5.552966900301731812e+01 3.542893809213450851e+01 3.956919709187395284e+01 4.513647614480047565e+01 5.521897811811881240e+01 6.947273366723045740e+01 8.943821291726214895e+01 8.438054667238374407e+01 6.997105777395444193e+01 4.976636073432717922e+01 6.405473885482447827e+01 8.425431514784254716e+01 9.013091682906069479e+01 8.184955684407599108e+01 8.081801717788995632e+01 7.251377999823090192e+01 6.272643393380702292e+01 4.267552798418028459e+01 5.681528635037577857e+01 7.699448382354307796e+01
0.000000000000000000e+00 4.714045207910336543e+00 9.564757708637039002e+00 1.559498460019236532e+01 2.226165126685915041e+01 3.226165126685950213e+01 4.640378689059095052e+01 6.640378689067090079e+01 7.498607269908853823e+01 5.479947416809815053e+01 4.063803609735712996e+01 3.327657385025400316e+01 3.182914650767477838e+01 5.283553504556855529e+01 7.623067711662191925e+01 7.044415343880538671e+01 5.968577316612493888e+01 3.956919709187395284e+01 3.199747422256955431e+01 5.208242209147060464e+01 6.526969479263074447e+01 7.354981659326533361e+01 8.357586385825645436e+01 8.967437973156459918e+01 7.960002572759063355e+01 6.639933814283705260e+01 4.626033478599529047e+01 6.048264432452559447e+01 8.068350060341369101e+01 8.184955684407599108e+01 6.168179720726022452e+01 6.758879478562970178e+01 5.236758415004673139e+01 5.977004862626098713e+01 3.979186121366694806e+01 5.386696841553015247e+01 7.402254522647420742e+01
0.000000000000000000e+00 1.999999999999964473e+01 2.956475770864249597e+01 3.559498460020017063e+01 4.226165126687088502e+01 5.054592252261736007e+01 6.054592252715973899e+01 6.130267615765347955e+01 6.961875896713681300e+01 6.316549641613192989e+01 4.703640547468666711e+01 2.688877554070218778e+01 4.703640548051107828e+01 5.885150516918928787e+01 6.683745805804706208e+01 6.214385134435312352e+01 4.204190571582105207e+01 4.573068135633614872e+01 2.934873198327671773e+01 4.942210582200685565e+01 6.619425562801426111e+01 7.447293138802007206e+01 8.599250807624051163e+01 8.139350538666265322e+01 6.117980360242916760e+01 5.109350940886384507e+01 4.297496872570718551e+01 6.304283753422745207e+01 7.020035136293408584e+01 7.850917966699921635e+01 6.758879724354319762e+01 4.746955008190852965e+01 4.088419495124641401e+01 5.303832464192217344e+01 3.702649301929731962e+01 5.694480496727406660e+01 6.134001610097313772e+01
0.000000000000000000e+00 1.999999999999964473e+01 3.237582416437064836e+01 3.947238532890855112e+01 4.782786384134065827e+01 5.945168712348376516e+01 5.807696950715622108e+01 4.134726379650351191e+01 5.807696950715927642e+01 5.496111713399736942e+01 3.510000693364695934e+01 2.354150520744611086e+01 4.356584840125753999e+01 3.992064612836276893e+01 5.890726012858258542e+01 6.318563993026974401e+01 4.573068110289391086e+01 2.567123730773845836e+01 4.520378977460126180e+01 3.866961218165130276e+01 4.623772897740862220e+01 5.777569476067701970e+01 7.769424175736419613e+01 8.967437973156459918e+01 7.165806152344561042e+01 5.149600444963088819e+01 4.000905356236275168e+01 5.597517731126819740e+01 5.008291729195042308e+01 7.020035136293408584e+01 7.590635701816057690e+01 6.758878982239933464e+01 5.303843552448564935e+01 3.317694554733166257e+01 5.303844569263764441e+01 5.429238672602642168e+01 4.134897295072002521e+01
0.000000000000000000e+00 6.030227387312548260e+00 1.235479300481703824e+01 1.942600540947766774e+01 3.097925122195638892e+01 5.107422227675328941e+01 4.978141345916960603e+01 3.045983646368480180e+01 4.978141345895084413e+01 5.648277686752270199e+01 3.484406449639855907e+01 2.044027942084510130e+01 2.558900898419126690e+01 4.425819706387279240e+01 5.618764379151760835e+01 5.486953488472584439e+01 3.476794999061017677e+01 2.322265957083542887e+01 2.866686353158816303e+01 4.023076171517217858e+01 6.051200716698985360e+01 7.447304227782666430e+01 7.883042248965851684e+01 8.106043742027023313e+01 7.996720186300839828e+01 6.834388419153793848e+01 5.597517731126819740e+01 3.602468931359278059e+01 5.233273317623669385e+01 6.064622943837679969e+01 7.134524574129801522e+01 6.481012727119986039e+01 4.478100981359486354e+01 3.079235982775553637e+01 5.048071081966645579e+01 4.065067733347085976e+01 2.733498503892160514e+01
0.000000000000000000e+00 1.154446239005546992e+01 3.128117023700107424e+01 3.946874494139155587e+01 4.782786384134059432e+01 4.960126915147833415e+01 4.295020440074792134e+01 2.449641419298417233e+01 4.295020440074792134e+01 5.556338321832355120e+01 4.890947786247070894e+01 3.614604399551924985e+01 1.632172277418399986e+01 2.773075668747644329e+01 4.781333242968486275e+01 4.613230261933149734e+01 3.780578298450205921e+01 2.086052833810253304e+01 4.087596580282820469e+01 5.729688978682764855e+01 6.907077653326754785e+01 7.302143798453560919e+01 5.877142617444906847e+01 6.095763768748706468e+01 8.106043742027023313e+01 7.020035136293408584e+01 5.008291729195042308e+01 5.233273317623669385e+01 3.240512378321432152e+01 4.299472614543783777e+01 5.716998806211756090e+01 6.246400991875278663e+01 4.246448901627376671e+01 2.845960160206045231e+01 4.510182067564326047e+01 2.627286579507297049e+01 4.611762845669806410e+01
0.000000000000000000e+00 1.999999999999964473e+01 3.956150386616402415e+01 4.443910253849384162e+01 4.658329449224008556e+01 3.125030219877624305e+01 3.133113320908910282e+01 1.991860423241208622e+01 2.836603099351503232e+01 4.715413283882395490e+01 5.091688006271439804e+01 3.353575054033530733e+01 1.374626803372561668e+01 3.106726566029446701e+01 3.298647379355305276e+01 3.494159568294804075e+01 1.785902647530668830e+01 2.443889052020244534e+01 3.598379510122709490e+01 5.020446560768151301e+01 7.032350428419096033e+01 6.464657017137800210e+01 4.509901035322712204e+01 6.464657017137800210e+01 7.424201476133119115e+01 7.850917966699653050e+01 7.020035136293408584e+01 5.233273317623669385e+01 4.299472614543950044e+01 2.895537217399262175e+01 4.556851821552244530e+01 5.155833361341078103e+01 4.340409305242611993e+01 4.328776105872244528e+01 2.521577484386294188e+01 4.510182032854773837e+01 5.444620029725643917e+01
0.000000000000000000e+00 1.995091449218470459e+01 3.811090784106946217e+01 2.467234562396950892e+01 2.888868436026266551e+01 3.098800638308383526e+01 1.482387981875923799e+01 3.133111606648893854e+01 4.518790279785581987e+01 5.457910053738780931e+01 4.247786205789820713e+01 2.246973760874693937e+01 1.113428498058223504e+01 1.129281757483797399e+01 1.322701327517930281e+01 1.509927510711021448e+01 2.906555143060586843e+01 4.448471840986034920e+01 3.859333676067956986e+01 5.870777199843332284e+01 7.177422032025498311e+01 5.200224918544777353e+01 3.875080035809951085e+01 4.625508983150012909e+01 6.000637364675111485e+01 8.005035288226524415e+01 8.071678567082311417e+01 7.134524998232056703e+01 5.716998806387998400e+01 3.970836195594782225e+01 2.569708423198776259e+01 4.218212727689010677e+01 2.351097191138542897e+01 2.421601176686204937e+01 4.410608821946750169e+01 4.143350103958432129e+01 6.142277170318447332e+01
0.000000000000000000e+00 1.999997945102427721e+01 2.222879403531642239e+01 9.964040700361334046e+00 2.270627274690927067e+01 1.914217105328402369e+01 1.154022958822207023e+01 2.729775425562951341e+01 3.531819447645526822e+01 3.097507258246705319e+01 3.948904810679182020e+01 2.756074292870223630e+01 8.320711486018538494e+00 2.837865673109045161e+01 3.298647359372971977e+01 3.494157224221076063e+01 4.326158161258641854e+01 5.745762279508781489e+01 5.870777199843332284e+01 6.701196503326492859e+01 6.840299554716440866e+01 5.200224918544871855e+01 3.263764898339911724e+01 4.625508983150012909e+01 6.587711924287080478e+01 8.359178388312706431e+01 7.529958235470570571e+01 7.529958235470570571e+01 6.802706913423111246e+01 5.134352186464548140e+01 2.756472765901779098e+01 2.251456421607709402e+01 4.240152056482313014e+01 4.273263998844981160e+01 5.202607237973555243e+01 6.142277218301997266e+01 6.662764408933828975e+01
0.000000000000000000e+00 4.509548776500599265e-01 9.434411953006016649e-01 1.465457284847272001e+00 1.219925954750007158e+01 6.505409909670475166e+00 1.598941507783633220e+01 1.992419014463423821e+01 4.195682091442477279e+00 4.655731451433822166e+00 2.427742987445771661e+01 2.180145615425648487e+01 6.890550089497305741e+00 2.684819354300311289e+01 4.330366321961427190e+01 5.174690095849802418e+01 4.906400327116287485e+01 5.231294414734999521e+01 5.272406581746732712e+01 6.103066798580511687e+01 4.866388520824628472e+01 4.767219294455978229e+01 2.823978424563577150e+01 4.194887693323867950e+01 6.148950008083834007e+01 7.529958235470570571e+01 5.518251626122912512e+01 5.518251626122912512e+01 6.938715007217810182e+01 5.420078958181239415e+01 3.387682015486682729e+01 2.184269416064582003e+01 4.056106929059079391e+01 4.857802293930184589e+01 4.592524558799293288e+01 5.046282270817467008e+01 4.683031209337362100e+01
0.000000000000000000e+00 1.014852062439365765e+00 1.595456209699045935e+01 1.601414361638857997e+01 2.161555497985648611e+00 2.628977993027322935e+00 3.088169484519707630e+00 3.545196278062035411e+00 7.629071235976750742e+00 1.326857274282778043e+01 5.305359538377063977e+00 5.763252453669617026e+00 6.241504062295658350e+00 2.307147255427334187e+01 2.278754031285019011e+01 4.220350014337829236e+01 2.964098439970080889e+01 3.243170615609717800e+01 3.260686952659017379e+01 5.272405916791485225e+01 3.490861054276926012e+01 3.849366671689477215e+01 2.420513396543046980e+01 3.799140275647215503e+01 5.750078708353523638e+01 6.661981766735240740e+01 6.107466850243044831e+01 4.103057412359502365e+01 6.107466850243044831e+01 6.264849995032609797e+01 4.867139468638763589e+01 2.549024786015036881e+01 2.089576454882151424e+01 3.966352226901204858e+01 2.611362218772213240e+01 3.067366756960964835e+01 3.615208771166867763e+01
0.000000000000000000e+00 6.292750994017537458e+00 1.596102015531374185e+01 1.679877968873072902e+01 2.796091653901458329e+01 2.963258966871310918e+01 1.831443102597313199e+01 1.504251816801953545e+01 8.027123859967161934e+00 2.523570113999996067e+01 2.506252509269672757e+01 1.978179263543072963e+01 2.601241923089867214e+01 6.912586448992684041e+00 2.388905122674892212e+01 2.781837239916155724e+01 1.788218648406937916e+01 1.848670375191956694e+01 3.846319841868704970e+01 4.932202265303708799e+01 3.847363722677133069e+01 1.894994828502124307e+01 3.847302711738241499e+01 5.184769997832396626e+01 5.344099943254675367e+01 4.657003892105640830e+01 4.657003892105646514e+01 3.473331667654357346e+01 5.473616931518034079e+01 5.452798089468394238e+01 4.555470035869936396e+01 3.829232311576507186e+01 3.893991175118727455e+01 1.995534841156481676e+01 3.986535295485921893e+01 4.974731062311377627e+01 5.595528144382199542e+01
