MOVIE_S1_data/elevation_000413.asc
nrows	100
cellsize	150.0
xllcorner	0
ncols	100
yllcorner	0
NODATA_value	-9999
[rows 34 to 50 of 100, columns 37 to 73 of 100]
6.945754642061834261e+01 5.371000506160002885e+01 7.348023659191143508e+01 8.496443129224718405e+01 9.247003236139346427e+01 9.711661746265227180e+01 1.053603688184494160e+02 9.922887808337873139e+01 9.334282627179261738e+01 9.922887808337873139e+01 1.127504874765167244e+02 1.208994907217369672e+02 1.323178879171168774e+02 1.330331205202325577e+02 1.137638976708305165e+02 1.004192690779418484e+02 9.996662761821140464e+01 1.184253259125133013e+02 1.148360279782057916e+02 9.599135869339434635e+01 1.148360279782057916e+02 1.282827231574849236e+02 1.259537980252270870e+02 1.178938534089588615e+02 1.128467900760668101e+02 1.000890876800625051e+02 1.144275593122739849e+02 1.340878867110914427e+02 1.364501594642277666e+02 1.354836296751676343e+02 1.431344060428714329e+02 1.363153816463913302e+02 1.199413539234363100e+02 1.363153816463915575e+02 1.382047810376999166e+02 1.186439674481697040e+02 1.186439674481697040e+02
6.949731714035725361e+01 5.327037621148717506e+01 7.348040088278438020e+01 7.703661425186118095e+01 8.789241135649341174e+01 1.003931239435656693e+02 1.176510406907590465e+02 1.192235300761934411e+02 1.134390641957406842e+02 1.192235300761934411e+02 1.174561678253962640e+02 1.256965230020622357e+02 1.372255764823318032e+02 1.330331205202325577e+02 1.137638976708305165e+02 1.137638976708305165e+02 1.108117057616935313e+02 1.269620178620881177e+02 1.228371642789095404e+02 1.067359235977350380e+02 1.067359235977350380e+02 1.177282578473920296e+02 1.370651174076060386e+02 1.340878867108832821e+02 1.144275593122739849e+02 1.144275593122739849e+02 1.129449644207417265e+02 1.269924147713584546e+02 1.463390707721768820e+02 1.369470824407080443e+02 1.286239735620754345e+02 1.369470824407079022e+02 1.395217474842185936e+02 1.476117897820656424e+02 1.463699399578345322e+02 1.382047810370384582e+02 1.382047810374270966e+02
5.264376873006504809e+01 5.849275501559525736e+01 6.315964759284734242e+01 7.712855776231778293e+01 9.579087463730444085e+01 1.061513686644947825e+02 1.063303863399154636e+02 1.147288499301891562e+02 1.141135608721635180e+02 1.058329569683057798e+02 9.732417607382929248e+01 1.089852782384130450e+02 1.290276181938683919e+02 1.410928109887674111e+02 1.330331205202325577e+02 1.330331205202325577e+02 1.300504319555936945e+02 1.381040850487026432e+02 1.339453771940591196e+02 1.259009763352344748e+02 1.259009763352344748e+02 1.339453771940683851e+02 1.451335345628387472e+02 1.420281416635351377e+02 1.340878867106991379e+02 1.340878867110914427e+02 1.326589191207148133e+02 1.406069697246465466e+02 1.360424644086371018e+02 1.269719797223965543e+02 1.087332313401063004e+02 1.269719797223965543e+02 1.301242348518462961e+02 1.384362863905769530e+02 1.377075443938511796e+02 1.457808990814272647e+02 1.415028158880974161e+02
5.219785332013745460e+01 6.872867882597249434e+01 7.308534197706931934e+01 8.157122624253571530e+01 9.756828149855316212e+01 8.413161701581941543e+01 8.579386944209410615e+01 1.027607997069060559e+02 1.058329569683057798e+02 8.567074338880962614e+01 1.058329569683057798e+02 1.222418593340011910e+02 1.248205315941649047e+02 1.330341579321541303e+02 1.323826246873446735e+02 1.241239571616255830e+02 1.267082592096715246e+02 1.349720680337468082e+02 1.304865376083861292e+02 1.222319448918677693e+02 1.248093488219895590e+02 1.330688792584863904e+02 1.420952018438507594e+02 1.359239429148256875e+02 1.274819228112358758e+02 1.359239411789297094e+02 1.356229456217155587e+02 1.274264786994284862e+02 1.275503576437232169e+02 1.075253786420703221e+02 9.880432384236378596e+01 1.160491745914336832e+02 1.102190937403522213e+02 1.301242348518462961e+02 1.179798974777446858e+02 1.344311877976519725e+02 1.300968036565570003e+02
7.017621921588475686e+01 5.156391088267541534e+01 5.370814815327050695e+01 7.355111372627182220e+01 7.918177007528311151e+01 6.905200480041393973e+01 8.502376061472536151e+01 8.259212634770888428e+01 9.213056203852690373e+01 7.958457386765265085e+01 9.385720428507995905e+01 1.106189234474197747e+02 1.047364247455296322e+02 1.248205315941649047e+02 1.209416678460930115e+02 1.043581182570737553e+02 1.069215637801224688e+02 1.235204976255554215e+02 1.190540349700065974e+02 1.024827396613339801e+02 1.050391906815267333e+02 1.248093488219895590e+02 1.217567233104438742e+02 1.258075106123616109e+02 1.073103725328210629e+02 1.258075106123616109e+02 1.242245868711946741e+02 1.074150003670337412e+02 1.242245929723429754e+02 1.111668312103048066e+02 9.129314850971701389e+01 9.617757338937410339e+01 1.160491658373866386e+02 1.255734571801610002e+02 1.064208801348314068e+02 1.255735506890085418e+02 1.219499634528659016e+02
5.093123837623794969e+01 5.209239936769621693e+01 7.272205191914351019e+01 5.677853551803394794e+01 5.902848589140291580e+01 6.139201424974093868e+01 6.473407491639609646e+01 6.823314289211572259e+01 7.191307407759600778e+01 7.734964038395339969e+01 8.373534389819134560e+01 9.045523002318441286e+01 1.106189234474130672e+02 1.227909554122060882e+02 1.121379620544906999e+02 9.310190581982166691e+01 9.563909359490368445e+01 1.152844052770482222e+02 1.108297359357379293e+02 9.125095260283949017e+01 1.108297359357379293e+02 1.244690406420902349e+02 1.075351854890650145e+02 1.173961476282829750e+02 9.733686808240184973e+01 1.173961476282829750e+02 1.159125916145260078e+02 9.589121948830742781e+01 1.159125916145260078e+02 1.054273604511729161e+02 8.555316330365880617e+01 1.054273604511729161e+02 1.209325789576210326e+02 1.174196170527005023e+02 9.748834771067051008e+01 1.174196170527005023e+02 1.148916030854546193e+02
6.954813596928299546e+01 7.337490953676278593e+01 8.203655489234134279e+01 6.826345848463573418e+01 7.326162467231849007e+01 6.965936358083736479e+01 6.813491965956410468e+01 8.839575963801594582e+01 9.213056203852690373e+01 9.752179791135247910e+01 9.752179791135169751e+01 1.106189234474197747e+02 1.188852913388419665e+02 1.145618593657764563e+02 9.495973772588700967e+01 8.452489673609372289e+01 1.034975367108791318e+02 1.116856698965924863e+02 1.049265106478389811e+02 8.548611625774434231e+01 1.049265106478389811e+02 1.154691245580999208e+02 9.600880703908703140e+01 1.107097211015882579e+02 9.070470461087198544e+01 1.107097211015882579e+02 1.088387347989455947e+02 8.885198871327663994e+01 1.088387347989455947e+02 1.011892113928734034e+02 8.129971936852278702e+01 9.279063396721861068e+01 1.126619536432837236e+02 1.111167957396025230e+02 9.122416354668405347e+01 1.111167957396025230e+02 1.088792449356144800e+02
7.319122245205275590e+01 9.009950205402724066e+01 9.677979011234764073e+01 8.846675149319575837e+01 9.347426539834134473e+01 7.874777653873434247e+01 8.839575963801594582e+01 7.556938181199883786e+01 8.987319860982243824e+01 1.100167995894674533e+02 1.176212363419709703e+02 1.183468575924548389e+02 1.100059649856279975e+02 1.123975995203971650e+02 9.282374471679736416e+01 7.923556479403725916e+01 8.408232686595569305e+01 1.004166522932474805e+02 9.289189847702952818e+01 8.038738004164423501e+01 9.973084669987501627e+01 1.070948460997765039e+02 8.710190756468419693e+01 9.709837683223734928e+01 8.495580303177320047e+01 1.033105286273298731e+02 9.498268282096026383e+01 8.283651871763316876e+01 1.028155892837030194e+02 9.736077404236587540e+01 7.743968549562573855e+01 9.153889908928073282e+01 1.114157540190780651e+02 1.055995718948637574e+02 8.573876648811683765e+01 1.055957303980041502e+02 1.035641684782387841e+02
6.262228823492495877e+01 7.140217099865769512e+01 8.296472676411289626e+01 1.027907836441885934e+02 1.072343130232963233e+02 9.042427679398517171e+01 1.024970155858287342e+02 8.232533704607600100e+01 9.207923030117724750e+01 1.122090592533689204e+02 1.183468575924548389e+02 1.068249776539495599e+02 9.012413086550674279e+01 1.068249776539495599e+02 1.060468698851901053e+02 8.658905986657885023e+01 7.298024101101533745e+01 8.693310683225634250e+01 7.358320671422258386e+01 8.468116620358651403e+01 1.041079673462254647e+02 1.086482496706383216e+02 8.864328309275549600e+01 7.711264870247781289e+01 9.155533397300933984e+01 8.811904421151211864e+01 7.497218291334655760e+01 9.483906361264853047e+01 9.718821420280876566e+01 8.893965387323923721e+01 7.381855909380389846e+01 8.795761345232072870e+01 1.078441501171688088e+02 1.006387286260124228e+02 8.076112612964571724e+01 9.417867596681441000e+01 9.874752138979158644e+01
8.092370671682451189e+01 9.061450803508840579e+01 9.949973859991442282e+01 1.109072093447933867e+02 1.188315225330606069e+02 1.105696143054890541e+02 1.101154804564517349e+02 8.995891703670137929e+01 1.101154804564517349e+02 1.204659256403504486e+02 1.100059649856279975e+02 9.012413086550674279e+01 7.929619286462111916e+01 8.992682259312523740e+01 9.811961153886194609e+01 9.125790339754428260e+01 8.316420585846296376e+01 6.753150239580479308e+01 7.874905733194418644e+01 9.811272635551235055e+01 1.122988904654297073e+02 1.170276804875788628e+02 1.030998705414467764e+02 8.310414550153667790e+01 7.151822147640523042e+01 6.805086822324152251e+01 8.420691386312576299e+01 9.113040226011101197e+01 8.462144726067884903e+01 6.891924381634116514e+01 7.792236045542924217e+01 8.945167672931683001e+01 1.093289152932913311e+02 1.088254035771164894e+02 9.418440974246381359e+01 7.419812799534994952e+01 8.827158766197975126e+01
7.492255467840075767e+01 9.903799737662623670e+01 1.012585734798854560e+02 1.060117508081713709e+02 1.025431961644724481e+02 1.108888659635870226e+02 1.183809267162183687e+02 1.042356718879590005e+02 1.183809267162183687e+02 1.171476919164358321e+02 1.086574127829324397e+02 1.068249776539495599e+02 8.992682259312523740e+01 7.113865394702345668e+01 8.282556233199292706e+01 7.954842801298197230e+01 6.369264591864912717e+01 8.316409754161959711e+01 9.503483269027836400e+01 1.062722089438909308e+02 1.057251273933278668e+02 1.139777458952167422e+02 1.114609921514015554e+02 9.988438329658788462e+01 8.569420515252069492e+01 8.420691467307680966e+01 6.415635867295624450e+01 8.027866826011752721e+01 6.458857240830997171e+01 8.462144726067884903e+01 9.718869736467357257e+01 1.060989504517178830e+02 1.175838704418632688e+02 1.040445223731168340e+02 8.409517017194801269e+01 6.969790203303480780e+01 6.794542790070013893e+01
8.332117616673161820e+01 9.536948119508302568e+01 8.114447181084094041e+01 8.590418282827053531e+01 8.243245554391673124e+01 9.405095541015147376e+01 1.141438127699285303e+02 1.243105940466643062e+02 1.166054014672121042e+02 1.076942296005877040e+02 8.754826069119728515e+01 9.142186227374727991e+01 9.634159803596087102e+01 7.722703703389028362e+01 6.402657787578465332e+01 6.006507746917764479e+01 7.954842801298197230e+01 9.125746605811796996e+01 9.830101399828829756e+01 9.312358544100078461e+01 8.580034009356857894e+01 9.989686523042190913e+01 1.197957969520813748e+02 1.140729263168625209e+02 1.005079377755335202e+02 8.053557987431875631e+01 8.030800445854154646e+01 6.056752289928935085e+01 8.053189050813305983e+01 8.462144726067860745e+01 1.045503892760406899e+02 1.141358062886696416e+02 1.223899386248449019e+02 1.054194078815126829e+02 8.550693036927654589e+01 7.116495465105396079e+01 6.339556092250050767e+01
7.744299027317161688e+01 8.094746176964200401e+01 6.685992651150297661e+01 7.162869391177058276e+01 9.179355313641571001e+01 1.108888659635870226e+02 1.225053059123823971e+02 1.210163365951512873e+02 9.908178239039101243e+01 8.636918432976162308e+01 7.764396529551709136e+01 7.023501362754542754e+01 8.306558547046522278e+01 9.027131963730253972e+01 7.705384063999304090e+01 5.760476351705591469e+01 7.705380794119096777e+01 9.245108113668318595e+01 7.834916800111589907e+01 7.315414693913825772e+01 8.470125731941078584e+01 1.046286976667206261e+02 1.153149818744100372e+02 1.071795274204304462e+02 1.087891777017520383e+02 9.313646625969732895e+01 7.282491985542179691e+01 5.875544007901105203e+01 7.279717556732514083e+01 9.276510985334917336e+01 1.050680857448803494e+02 9.426402829038650566e+01 1.109075838130623879e+02 1.054196954586692954e+02 8.550693161544474208e+01 9.133915998433572270e+01 7.444580276452749956e+01
5.742413518028151032e+01 6.082679337386134932e+01 8.094746176964200401e+01 9.179355313635944924e+01 8.329775223875324741e+01 9.494272630660903189e+01 1.154017394588745873e+02 1.290517652993256377e+02 1.166054014672121042e+02 1.057964903116439075e+02 8.472073070395840944e+01 7.250277611215956597e+01 6.227182115315149247e+01 7.639262857016370845e+01 7.241762617454301676e+01 5.549505774293859872e+01 7.491115247732676607e+01 7.735228174568784709e+01 6.424909414587537526e+01 7.834916795818364221e+01 9.830100003290138488e+01 1.128805603553444001e+02 1.071795274204304889e+02 8.747360640061920378e+01 9.324533703779542293e+01 9.091915265213189912e+01 7.096130388101956044e+01 5.699839415190347580e+01 7.680682244818210336e+01 8.514448557438392129e+01 8.514447318099016115e+01 8.275546018536921622e+01 1.026626170383342611e+02 1.136230424422677316e+02 1.054196954586692954e+02 1.029279002589508849e+02 8.868683147083808649e+01
6.295244887550293811e+01 8.094746176964130768e+01 7.157123422793782197e+01 9.171447899461307429e+01 1.034941018373624502e+02 1.119290559638552907e+02 1.239889255961447248e+02 1.216309406507816533e+02 1.163788494518579455e+02 1.142721996255146735e+02 9.779922944291902809e+01 7.680565738864349612e+01 6.491661527938052245e+01 5.609826767370572753e+01 5.253602040656157612e+01 6.673685903579988121e+01 7.108502429009729440e+01 5.753347718273368372e+01 7.735224759130667849e+01 9.245108288934792995e+01 9.286471507111396306e+01 1.011142957578348671e+02 1.071795274204305031e+02 8.747360640061920378e+01 7.340531898677123479e+01 8.334542607445972351e+01 7.500607980366056893e+01 5.527507534331321182e+01 6.007630032226280292e+01 6.515265576284240012e+01 7.118720440965660146e+01 8.534038211377749406e+01 1.052415694918448708e+02 9.971170024551895494e+01 9.148399596808943102e+01 9.971170024552277766e+01 9.546149876278096258e+01
6.962229840770926614e+01 8.975119637836624520e+01 8.583360836854768650e+01 8.803045692045624548e+01 1.081064974257991480e+02 1.105879375502932902e+02 1.185758064384426831e+02 1.139588497485573555e+02 9.837801723710198587e+01 1.139593915022576596e+02 1.063177988505020011e+02 9.426951755078302142e+01 8.498731483941119791e+01 7.639262857016370845e+01 6.961813078005575051e+01 4.996339457699045994e+01 5.140804232201568169e+01 6.525930322529774230e+01 8.514955909228864073e+01 8.961476445030395155e+01 7.294631177322379756e+01 8.961476445030395155e+01 9.462167829591072632e+01 9.113514650764334135e+01 8.334542607445972351e+01 6.347679464655638526e+01 7.333241243343674398e+01 5.365967864689889666e+01 6.337017211824816343e+01 8.308891570336400889e+01 9.116858554390657332e+01 9.941476055962273506e+01 1.017074730201354669e+02 8.969470102434456749e+01 7.137934793979081860e+01 8.969470102434456749e+01 8.644616251397773965e+01
7.864583206590224052e+01 9.806571432289779011e+01 1.059121566186457386e+02 1.081064974257991480e+02 1.074666589549356672e+02 9.136440206927828456e+01 1.074666589549356672e+02 1.062336978129869323e+02 8.751291408135519134e+01 9.634171657083884099e+01 1.041853459497682195e+02 1.078094690651185630e+02 9.630622514707283699e+01 8.740172479095981828e+01 7.786234327426721791e+01 6.706848166273137224e+01 4.736902382905103792e+01 6.126078863742996816e+01 8.108949289657587656e+01 8.136481956524963266e+01 6.150783058026191696e+01 8.136481956524963266e+01 7.470422555680362109e+01 7.011413175262201491e+01 7.978461014563318088e+01 7.488597209713927327e+01 5.516264555177026097e+01 5.206080374998494875e+01 7.169981862558900332e+01 8.273099702457929538e+01 1.015270196524404440e+02 1.074345975313862169e+02 9.326375229969880820e+01 7.296162305722199903e+01 6.131335615667201466e+01 7.246607460610590579e+01 7.807199720238465090e+01
