MOVIE_S1_data/elevation_000694.asc
nrows	100
cellsize	150.0
xllcorner	0
ncols	100
yllcorner	0
NODATA_value	-9999
[rows 0 to 16 of 100, columns 37 to 73 of 100]
1.081312939933309991e+02 9.996005679783507958e+01 9.996005679783507958e+01 9.582803590629602297e+01 9.328250636343456392e+01 1.014388692507752552e+02 1.127815874751627092e+02 1.164773607909828144e+02 1.096752253305361933e+02 1.012704482934545638e+02 1.007793666740174956e+02 1.091874736287555834e+02 1.120989599317401400e+02 1.116037682592523623e+02 1.023364445109769747e+02 9.394818351382893695e+01 9.394818351379345245e+01 9.474617044406535626e+01 8.632976385600881031e+01 8.941840064881453998e+01 9.261227716212511041e+01 1.009683325106379073e+02 1.153727812008561813e+02 1.071889626225765824e+02 1.117876860491829092e+02 1.167477566545299226e+02 1.224040499247176115e+02 1.133640439978082526e+02 1.271546721440205800e+02 1.464401382497042619e+02 1.651341614155468847e+02 1.694926541893151466e+02 1.612189286423184740e+02 1.694926541893151466e+02 1.662979838590676138e+02 1.580240325770719778e+02 1.623858752654926434e+02
9.996005679783507958e+01 8.038031805512424910e+01 8.038031805512424910e+01 7.626823886722227996e+01 7.373573175477228858e+01 8.499771552924579510e+01 1.045997411079769677e+02 9.600539357468153412e+01 9.779727972927742030e+01 8.058031941491623229e+01 8.008863536946587658e+01 9.157221965243567752e+01 9.157221965243567752e+01 9.118927900863597813e+01 9.394818351382050992e+01 7.331664528318329133e+01 7.331664528318329133e+01 8.210010517703605615e+01 6.567114164930674747e+01 6.876640304943124704e+01 7.198624079285870891e+01 9.261227711017625097e+01 1.010965067230062431e+02 8.690830204930746561e+01 9.165745040274792643e+01 9.680843397531202754e+01 1.026996276640519028e+02 1.224040499246499820e+02 1.271513121171097680e+02 1.382747114750478943e+02 1.573329288492999751e+02 1.594468065113789805e+02 1.410787061259717063e+02 1.594468065113789805e+02 1.546963265368108864e+02 1.378798432489143408e+02 1.422572374838365192e+02
9.831420980361427553e+01 7.873198768442290429e+01 6.658123611783646822e+01 6.246532650533749376e+01 8.199717078133440396e+01 9.779121222922161394e+01 1.020014939473660007e+02 8.132823097349631780e+01 8.738328950174739873e+01 6.866333521146600560e+01 6.818201898829030938e+01 7.091554767593146380e+01 9.157221965243567752e+01 7.655012404852797658e+01 8.419525501776580256e+01 7.571156057971099074e+01 5.876883756447622886e+01 6.146036257488200505e+01 8.210010328956705905e+01 8.941839996398076096e+01 9.261227716212511041e+01 7.686702640621386706e+01 8.065489150591803025e+01 1.010965065536135228e+02 1.117876859862784471e+02 1.109987130265952260e+02 1.224040499247176115e+02 1.284190038089535051e+02 1.388870663526205362e+02 1.311671729363157510e+02 1.403953214410430519e+02 1.511488173841449623e+02 1.309833098695707747e+02 1.511488173841449623e+02 1.456916800782100552e+02 1.262211342032120029e+02 1.279843462636705311e+02
9.689209838482564408e+01 7.873198768748771670e+01 5.919203805478454683e+01 5.627664554627178006e+01 7.009538880149302997e+01 8.705722767584106236e+01 9.836774725133692243e+01 8.738328950602947032e+01 6.674010278426706577e+01 5.961202755708107759e+01 5.807419768136472271e+01 7.850779318749057722e+01 8.526449388763596460e+01 6.463701141981763953e+01 7.221852849031381538e+01 5.523539044782769025e+01 7.571155960105707550e+01 7.606449109610512949e+01 7.606449107063822623e+01 9.667132907301554212e+01 1.057091390157603570e+02 8.723597331435736635e+01 1.010965067230063283e+02 9.456374285408104186e+01 1.140820040288810162e+02 1.303857590105874351e+02 1.270403951036738306e+02 1.180785298040660933e+02 1.269548586711536160e+02 1.098029655427072839e+02 1.289947957136361367e+02 1.444269814984065761e+02 1.242930685573962677e+02 1.358418544886333450e+02 1.319174425802494852e+02 1.173277429295069823e+02 1.227917557796628074e+02
8.303959210893803800e+01 6.918708456487200920e+01 7.040012516825404987e+01 5.083690851874663963e+01 5.937826508225105471e+01 7.066271775574365677e+01 9.021730223267832116e+01 9.586572404582851448e+01 8.420574209471844540e+01 6.366550785215950015e+01 5.215939038022575147e+01 6.713445723204434046e+01 6.679819020775896377e+01 6.898286199318589240e+01 5.191686048923411079e+01 7.221852849031381538e+01 8.419525502418248664e+01 9.667136571989570371e+01 9.667134922883631987e+01 1.050357270689859064e+02 1.158125569709490605e+02 1.075782266095889383e+02 1.158130156485817537e+02 1.140820040457725497e+02 1.168724217294092682e+02 1.328073990564903966e+02 1.157633556765596836e+02 9.656886930703905136e+01 1.157633556774280521e+02 9.936925899195028933e+01 1.202151936099156728e+02 1.315121296843180119e+02 1.358417997328577940e+02 1.159209581060434573e+02 1.121702631972215016e+02 1.319174425802494852e+02 1.429665810674535749e+02
7.325184757664850110e+01 5.535566926181012093e+01 6.200787162306537681e+01 4.696912448812392427e+01 5.678894448448322407e+01 7.061045590329675292e+01 9.016544910466228657e+01 9.712910758550255252e+01 9.269059110489874342e+01 8.084114905496984704e+01 6.713445723167576773e+01 4.721131477805811016e+01 4.680033271662388472e+01 4.887507522865221432e+01 6.295916289108033936e+01 7.221852849031381538e+01 9.279780658400650850e+01 9.332215188149923790e+01 1.008231418303151088e+02 9.241868215811994958e+01 1.008231418303151088e+02 1.002097656810108219e+02 1.086285976914356013e+02 1.062977268540050773e+02 1.147199933156336584e+02 1.136268158911441333e+02 1.014580273186229959e+02 8.617718619633684796e+01 1.038075435793044790e+02 9.142908589682460274e+01 1.015713400976765968e+02 1.214864067243860859e+02 1.412332942252118926e+02 1.283124631047504351e+02 1.087886532630998744e+02 1.224480969187631558e+02 1.424703015031358007e+02
6.513542161299818645e+01 4.551310021317465271e+01 4.235324856546233008e+01 5.627738569905206845e+01 7.467881947057004766e+01 8.446310637258025622e+01 8.039880550038091656e+01 7.659377021969626753e+01 8.927439767585531172e+01 7.820234605447542720e+01 5.778717244554604093e+01 4.386217004538005426e+01 6.329820995073155387e+01 6.897871638310434150e+01 7.747147471532609586e+01 9.198378679092961363e+01 8.741807408564449133e+01 7.313183550182985471e+01 8.741807418809527519e+01 7.217571476204355463e+01 9.069474685855425378e+01 7.985312349601555582e+01 8.964841758650302950e+01 8.590657071641948050e+01 9.994163969151340154e+01 1.019575760025222309e+02 8.358277759694033193e+01 7.836080237504378943e+01 8.304026388595723063e+01 9.504599545836057928e+01 1.157760408906870850e+02 1.312384236539423625e+02 1.243529089901696949e+02 1.233852816712379195e+02 1.060252669979669946e+02 1.196598951218409752e+02 1.395808813164542244e+02
4.811162515590719124e+01 3.799893408974103437e+01 5.771417774993295779e+01 7.012337978673512850e+01 8.396937240893679189e+01 7.460214455221216667e+01 6.019292782972058120e+01 6.238898927108962766e+01 7.001345452634818400e+01 8.220157355396941057e+01 5.941278436374541627e+01 4.208947462605743084e+01 5.810429127894731494e+01 6.232041954179950238e+01 7.815956256018125714e+01 8.952699628726881542e+01 7.832558853283970279e+01 5.903867665885513816e+01 7.208318675250649221e+01 6.220106506080941244e+01 7.619536653169141971e+01 6.822246073257431931e+01 6.936981910849971200e+01 8.296667654353467469e+01 7.942100378762631863e+01 8.837833794576977198e+01 7.284337444370183334e+01 9.341431508493025149e+01 1.038075435806469500e+02 1.124056873823873701e+02 1.243821026552831910e+02 1.360897878082410557e+02 1.174533890151025020e+02 1.085880794161380436e+02 1.032419753717758510e+02 1.278285397731002746e+02 1.423744401002874156e+02
3.410280905166400345e+01 5.385151097500298789e+01 6.583835562487487891e+01 7.404616249256271487e+01 6.573761919536147502e+01 6.609815216149813466e+01 4.619385086676233243e+01 6.158879535793217741e+01 5.689270345126388406e+01 6.584052248402998941e+01 5.757947476135507259e+01 4.033136238000972895e+01 4.757545453666731561e+01 6.550538502057833057e+01 8.512663707275056879e+01 7.566505718110927603e+01 6.151855103997612417e+01 5.021714143593505497e+01 5.216219693658197087e+01 5.412479047264770315e+01 5.617178064480093980e+01 5.825741719653471051e+01 6.043644511943463726e+01 6.273741918959483854e+01 6.511087386598038051e+01 6.798179941450169395e+01 7.382553313870423040e+01 8.002675614387374026e+01 9.048235084002841688e+01 1.024829446418264070e+02 1.233132554763333104e+02 1.304461304770857168e+02 1.108116099266133006e+02 9.927806557660954923e+01 1.156454573934277335e+02 1.238898379999640724e+02 1.255664778622614790e+02
5.018399096434902162e+01 6.197796317708160529e+01 7.333902000896387108e+01 6.554991901999794379e+01 4.575267347419374886e+01 5.144365150100047401e+01 3.918920583582981720e+01 4.220451390779064837e+01 5.436454074905336853e+01 5.535629328384543157e+01 3.791042409266264457e+01 5.757947476063385039e+01 6.688168645966641179e+01 7.480930459520341458e+01 7.326493202145339012e+01 6.495490494309409257e+01 4.754951915701675347e+01 5.185241259882618436e+01 5.648586204805489785e+01 7.409298635507155950e+01 7.619536653169141971e+01 7.281041034484499619e+01 7.462768408696841504e+01 7.682700006011801008e+01 8.543135888961461433e+01 7.180219032253566525e+01 9.078158289129255820e+01 1.006360509800497169e+02 9.391532798770920465e+01 1.165676566782281753e+02 1.323441680057430858e+02 1.386630628389401636e+02 1.273857977724261588e+02 1.098381559184674217e+02 9.569017396536668230e+01 1.122699262476578497e+02 1.057704380484923377e+02
5.831549501492632004e+01 6.101992772459415448e+01 5.343209051663133380e+01 5.779328983075586024e+01 4.691833754048614935e+01 3.156549733569617189e+01 3.254023802834535672e+01 3.352441212865917919e+01 3.452083702362819650e+01 3.551818851279666234e+01 3.675841205968524150e+01 5.659330638779709943e+01 5.962157494875647501e+01 5.951427603153838675e+01 6.256760545272044993e+01 4.513144998985490730e+01 6.495508258079165387e+01 6.583542673681191104e+01 7.637411886028962726e+01 6.345162866351184050e+01 8.339164411479231376e+01 9.471518020312903730e+01 9.494750190624677089e+01 9.597843565808010169e+01 8.037744341989734664e+01 9.223513432256602584e+01 8.728077909658323108e+01 1.100106085257682054e+02 1.122581200490107420e+02 1.265047162853533536e+02 1.391812996387792793e+02 1.369767548642235511e+02 1.379414996749079307e+02 1.238896540310365992e+02 1.122699247298622112e+02 9.244264485928084696e+01 9.146337457459975440e+01
4.631133992930710974e+01 4.115324245113510671e+01 3.940910887599135748e+01 4.874884927631248388e+01 3.019306392604866573e+01 5.009091229334782724e+01 5.240354731522050002e+01 4.104766241029334140e+01 5.436381381630462073e+01 4.953693743590785914e+01 5.659330636292612127e+01 3.852232853662500389e+01 3.979541328383070464e+01 4.107707696272546372e+01 4.274796535149709342e+01 6.256760545272044993e+01 7.326493202160325779e+01 8.587827752809123183e+01 9.171598475965683406e+01 8.339164411479231376e+01 7.153306458324721007e+01 7.964710680684872557e+01 9.950715977205052809e+01 1.079832488436744740e+02 9.186898010203834986e+01 9.170920037544999559e+01 1.088200632667048495e+02 1.200448557482365857e+02 1.369305383360989765e+02 1.391812996387792793e+02 1.187267419375936015e+02 1.164870412228525822e+02 1.300457707098019569e+02 1.172663108155888523e+02 1.090623267551195568e+02 9.004885347598431622e+01 1.102686212682563820e+02
2.619651907685319259e+01 2.702740371416954446e+01 2.786454622216852428e+01 2.882622337274788293e+01 4.874892868596050022e+01 5.824211549894656770e+01 6.877599567310524264e+01 5.093363228865737824e+01 6.913985258393890376e+01 6.940569821489205538e+01 6.495748316365590824e+01 4.514305587386029117e+01 5.962064414427356240e+01 6.089778119838509696e+01 4.393911651547576014e+01 6.360054538370678046e+01 8.013953977111088989e+01 8.850906750184668681e+01 1.001760453017637786e+02 9.978806245593030155e+01 8.562779383739652417e+01 9.149062049539338659e+01 9.369869584350125535e+01 1.135300321646563617e+02 1.055677562057566234e+02 1.012469442229078709e+02 1.185856692982911085e+02 1.338632009414444326e+02 1.228957029634295850e+02 1.324910431197775154e+02 1.224883394038396176e+02 1.024662150859315517e+02 1.122039776491316871e+02 1.057001074368778433e+02 8.871899026860965876e+01 1.089957809542780041e+02 1.184564751901679216e+02
4.356975249644214188e+01 4.277034287711227023e+01 4.780107537064472467e+01 2.950744384912830753e+01 4.404788444130692682e+01 6.405415553887984004e+01 7.908458460152662894e+01 7.084001263662682391e+01 7.927045937291696021e+01 7.906579027532363568e+01 5.911363105345868973e+01 5.911363105346658386e+01 7.323254634026005760e+01 6.559816492993191162e+01 4.597654879580522191e+01 6.561528068272495773e+01 6.019935919650022527e+01 7.160133085905788164e+01 9.180308785794748871e+01 9.814795974267457268e+01 1.056447361269666629e+02 1.115135080584950487e+02 1.135300321646430746e+02 1.217845002450215190e+02 1.245463563545911825e+02 1.144677437210700788e+02 1.282662035576204573e+02 1.256311569387335823e+02 1.070153708155689714e+02 1.102855497997536389e+02 1.220275755667374398e+02 1.122053012344282479e+02 9.259919003605139665e+01 8.742834800235925741e+01 1.025645809653109239e+02 9.348102029536482860e+01 1.134406941001464588e+02
5.502860551562591951e+01 6.397609809958243687e+01 5.169251679552782264e+01 3.106092644838135541e+01 5.170675331871337477e+01 6.254084013802646780e+01 7.325087850023442115e+01 7.336594337320082104e+01 8.188849107168925912e+01 8.739811339628403175e+01 7.906579027754493438e+01 7.906579036976656027e+01 7.707963113959969803e+01 5.722267519989772211e+01 6.561557051364891890e+01 4.899554856595128172e+01 6.862704932643484312e+01 7.588399611019818281e+01 7.972983764498043513e+01 7.780575875741105563e+01 8.819825111885322144e+01 9.660257056354497252e+01 1.063020773584129444e+02 1.147079974016091199e+02 1.249150635195795331e+02 1.337059712566839380e+02 1.329705748328026402e+02 1.244986289200791703e+02 1.137481598820974398e+02 9.395772102892561861e+01 1.047195501416635750e+02 1.055406588721573797e+02 8.613220770192609166e+01 1.008692445953752781e+02 1.151822507440520411e+02 1.134406945399591677e+02 9.824122642893026125e+01
6.107817591276341318e+01 6.795961461621499211e+01 4.805191753945489097e+01 4.274024552644216612e+01 3.408417991042441741e+01 5.429203004511851560e+01 5.384918712798100415e+01 5.385313508813461425e+01 7.338356601945773150e+01 8.195821683880583919e+01 9.030036513009062560e+01 9.354119430550639436e+01 7.338013913056450122e+01 7.707976168727113020e+01 7.205226788608749189e+01 5.237588529209361354e+01 5.312490994652969789e+01 5.608094239609040699e+01 5.975009115452967734e+01 6.359738736554955096e+01 6.788127948897569297e+01 8.819825111884873081e+01 8.593920780667380654e+01 9.615926571344635931e+01 1.164624944104904785e+02 1.354575893265957234e+02 1.234931187611344257e+02 1.042668784254672403e+02 1.097693485525142734e+02 9.910764975972570312e+01 8.393614427934568312e+01 8.484447765086436277e+01 9.707848364745443348e+01 1.149724318692628628e+02 1.290756508077401747e+02 1.262173161925749270e+02 1.179658335573616768e+02
6.765621875310597488e+01 7.632255332357030397e+01 6.391903511121692105e+01 4.418327851283902419e+01 3.895371356488073644e+01 3.740852859836080313e+01 4.211734488120330866e+01 5.954672692143461887e+01 6.925757234711582555e+01 6.191284302111507998e+01 7.605329758788437289e+01 9.621395297909855060e+01 9.354119430550639436e+01 8.728843141746871481e+01 6.708061347678295760e+01 5.581707037685559669e+01 7.282819186407050438e+01 6.735419910872494142e+01 6.474936337853281998e+01 8.376385148174345829e+01 8.819825111885322144e+01 7.501237498751011401e+01 8.681384172692636980e+01 1.071592003847510171e+02 1.248633568665959501e+02 1.161361114264079930e+02 1.172312759161904125e+02 1.033245807437680810e+02 9.019048165572000642e+01 8.266296908110112440e+01 1.035265094542333060e+02 1.010299880023186745e+02 1.128862462541586638e+02 1.171002046500408227e+02 1.370109858506848184e+02 1.390648800841930779e+02 1.191460194714873069e+02
