MOVIE_S1_data/elevation_000030.asc
nrows	100
cellsize	150.0
xllcorner	0
ncols	100
yllcorner	0
NODATA_value	-9999
[rows 68 to 84 of 100, columns 0 to 36 of 100]
0.000000000000000000e+00 1.999850832909169895e+01 1.970431017941169038e+00 2.789687754728789937e+00 3.611741977434325790e+00 4.435947475041091437e+00 2.443802077725072408e+01 1.268964650295400887e+01 2.163510298951482369e+01 3.317285486198912992e+01 5.280786165073892136e+01 3.674334906965366088e+01 5.502069116250687131e+01 6.187687934335365725e+01 4.670496088546605051e+01 3.065684134614010858e+01 5.007264569487965389e+01 5.121186409738045597e+01 4.095068317698392235e+01 2.565695244767493222e+01 2.139591196061133260e+01 7.944794807112505630e+00 2.362426121206902607e+01 8.602868373128451651e+00 2.000952390738998332e+01 3.221482885743448321e+01 2.926045540611845652e+01 1.030493373309779592e+01 3.048016028710824443e+01 3.959478244982114603e+01 1.940367507220729237e+01 3.365755291019200257e+01 5.399512996627893813e+01 5.315650540324526219e+01 3.334712383369046762e+01 3.914390437633424824e+01 3.518335121190910542e+01
0.000000000000000000e+00 8.137886861934747751e-01 1.966878338400514892e+01 2.271647641819611962e+01 2.361262203256292835e+01 2.433758362514380735e+01 5.615844670740907318e+00 2.526922851763505307e+01 2.762296122126153719e+01 2.847819982100807223e+01 3.679467638511736283e+01 2.674799432901859930e+01 4.673877813679639814e+01 4.271392195731908714e+01 4.112761349139968559e+01 2.148617872456673084e+01 4.177052579383099840e+01 5.662915664327895371e+01 5.546296832802751453e+01 4.498637090807189765e+01 2.690599925777832979e+01 8.308763679558349935e+00 8.294392091108139908e+00 8.543383386287183967e+00 2.040616657413779222e+01 2.617791706728640833e+01 2.618457570087562303e+01 1.006828215152374995e+01 3.077468957956783768e+01 4.339557868962636178e+01 2.320898040722205735e+01 4.339044921740086380e+01 5.783791129776479067e+01 6.140822119500241172e+01 5.317415165324796078e+01 5.817363140999137272e+01 4.286000710748079001e+01
0.000000000000000000e+00 1.999999998448767613e+01 1.481532102940360396e+01 3.377585897352160060e+01 3.818996874505364758e+01 1.826521630627858173e+01 2.561733227702326587e+01 6.821373534482722434e+00 7.677794324875574894e+00 8.536631550154231363e+00 2.853500261501631741e+01 1.919047076718635836e+01 3.918297206984720304e+01 4.130064527144524078e+01 2.476704089246656793e+01 1.537597297643988981e+01 2.949806283608738511e+01 4.496751083263907134e+01 5.244345180951987828e+01 5.941780646768130225e+01 4.251922006525872177e+01 2.152370995319209257e+01 2.385022800246076002e+01 3.065819894694226377e+01 8.895801524963154350e+00 1.511165316202008491e+01 1.962998117758847272e+01 9.829085591087613594e+00 2.992091494642978233e+01 5.173412005075375220e+01 3.978283825881446489e+01 2.911669785895243123e+01 4.339247676537585363e+01 6.391948980166745997e+01 6.133833265260059875e+01 4.176800652072078890e+01 3.028559944020955896e+01
0.000000000000000000e+00 1.999999999999964473e+01 3.392367901681443954e+01 4.182420683707631071e+01 4.637346198839019706e+01 3.238243355880474894e+01 2.694854861890075171e+01 2.104729267793518233e+01 2.769032708222481887e+01 1.748239180121151293e+01 9.761389566440227483e+00 2.975841657259125483e+01 3.187572245344280120e+01 3.276146764532567346e+01 1.406527890530359848e+01 3.406128030810766916e+01 1.670682023798494953e+01 3.669831063059240250e+01 3.326645257203011141e+01 5.244345209338332126e+01 5.605076312373398650e+01 4.665759271692078869e+01 4.795082343835508709e+01 4.323421677818740250e+01 2.286810482805147515e+01 9.243843609217782031e+00 9.487796277037785941e+00 2.965455951239581367e+01 4.693278426602567777e+01 6.480279972271856082e+01 5.443195404839978124e+01 3.414458175545127716e+01 4.561596030865081275e+01 6.600682691269950908e+01 6.949183836588774454e+01 5.650865392937387810e+01 3.696326373053198466e+01
0.000000000000000000e+00 8.157043290740970676e+00 1.806298189566101442e+01 3.151875104762238067e+01 4.965049513567215911e+01 5.221680245240658991e+01 4.749357378639439986e+01 4.189361320468599104e+01 3.375325143506582037e+01 3.741328905093078561e+01 2.949182435833629867e+01 1.100004474683426992e+01 1.188091910849746391e+01 1.276430445224155719e+01 3.276146764582722426e+01 4.230084489740012543e+01 3.644947269915343213e+01 1.804358101585180307e+01 3.803246718985912622e+01 4.765600648385883176e+01 6.056838402038223990e+01 5.247035048593225071e+01 6.058146037299648867e+01 5.469632956782471922e+01 4.466686008028189292e+01 2.469686234091332011e+01 3.274701339451846138e+01 2.036468698332832261e+01 4.610168198432005227e+01 6.277854994922140719e+01 4.235788798708133385e+01 5.444184961213987606e+01 6.292541619454767243e+01 7.442602266794202137e+01 6.771296210481573041e+01 4.830653108129109796e+01 5.650865392937387810e+01
0.000000000000000000e+00 1.999999999999964473e+01 3.592939845989725711e+01 4.510629147906273317e+01 4.647635992113286107e+01 5.166969833734790285e+01 6.011903863395564684e+01 6.143304930403740372e+01 5.342601253336854228e+01 4.515060648275434829e+01 2.514418484284688660e+01 3.099577340723430652e+01 3.128464757118170425e+01 1.769933416872935439e+01 1.891100121996115035e+01 3.879119452160097836e+01 4.617088058383013305e+01 3.803246851441266330e+01 1.939083158620634606e+01 3.937707814396209471e+01 4.169436487021056337e+01 3.266964991443501987e+01 5.074575443883915682e+01 6.097108142036372413e+01 5.936092265630465903e+01 5.017391607760863081e+01 5.576494556270090186e+01 3.311053427478370992e+01 5.623953378306047313e+01 7.127228363384601550e+01 5.142262471435298465e+01 5.675861936342705860e+01 7.731194801399075800e+01 8.363439403467450006e+01 6.413470193336964087e+01 6.771296210481573041e+01 6.463525365228228736e+01
0.000000000000000000e+00 1.999999999999964473e+01 2.704219818176484580e+01 3.077547909564394502e+01 2.690416075163543042e+01 3.177565682861424889e+01 4.589284424530509909e+01 5.345594669363641316e+01 6.172941263939382850e+01 5.346684597152238183e+01 4.516696999762474718e+01 4.419177842488562646e+01 2.483099315296729515e+01 3.717151037757888332e+01 3.879119452160644244e+01 2.550180822069047792e+01 4.543584415323688575e+01 4.762593188447543469e+01 3.932132407640828120e+01 2.074563882409751514e+01 2.171020112280508840e+01 2.267805151948090625e+01 4.203538710986279625e+01 4.054490437155028815e+01 6.105298381269926011e+01 6.441195762086182697e+01 6.857782015341004467e+01 6.030289982263145987e+01 7.014600296007949964e+01 8.045226240074367752e+01 6.326650228887243799e+01 7.731194801399075800e+01 8.578594790426497241e+01 9.185700781514640312e+01 8.122295341281758851e+01 6.173952816834145807e+01 5.051949316025070402e+01
0.000000000000000000e+00 3.481554904482318857e+00 7.017111267530806273e+00 1.073117852282972429e+01 1.466544406206910267e+01 1.898629430777123162e+01 2.578776858145277373e+01 3.344585847524772504e+01 4.501788719079605983e+01 6.498255033316068818e+01 6.025601782198645395e+01 4.058142300758126453e+01 3.105829975173328705e+01 5.075851776146271277e+01 5.043619345289378231e+01 3.043469892636289487e+01 5.043619001721332751e+01 5.486852860892702921e+01 3.487854021482517197e+01 4.073107352666669811e+01 3.672100308022815085e+01 4.266535144110549282e+01 2.405969034913948335e+01 4.405216608053144967e+01 5.423889909606389637e+01 4.494436252391597009e+01 5.358525653961011415e+01 6.481513400157746219e+01 8.458307405094160458e+01 9.230868905972269545e+01 8.384899304113906737e+01 8.687505711032918043e+01 9.507738883970253596e+01 1.034467777236015138e+02 8.943727346446439697e+01 7.812971629761877068e+01 6.939859711573343759e+01
0.000000000000000000e+00 1.999999999999964473e+01 2.704219818176484580e+01 3.077547909564394502e+01 3.483488870948334437e+01 3.919115235735430502e+01 2.915629830027634739e+01 4.337349893374923226e+01 6.172941263939382850e+01 7.325865976225598786e+01 6.833090044372565330e+01 5.886347478124506694e+01 4.240619875579935183e+01 4.715140620564275054e+01 5.648665948486776500e+01 3.641953385001974652e+01 5.043559586518608029e+01 6.317530316617919794e+01 5.487194411207415357e+01 5.511632037249369631e+01 3.668939104752532643e+01 3.073010697957441906e+01 2.504252863215684499e+01 4.503297945628096244e+01 3.454349884910144652e+01 4.587772385316682033e+01 6.566047705592225725e+01 8.139073866717002659e+01 9.282178668695065937e+01 8.667662761820228923e+01 7.849207094293426223e+01 6.721521188496515720e+01 7.552444017911039964e+01 9.355078558789541887e+01 9.160929341755574740e+01 7.201498432816259765e+01 5.831643468923881812e+01
0.000000000000000000e+00 1.999999999999964473e+01 3.299122198700262487e+01 4.127549323349091281e+01 5.127549323127141889e+01 5.750231474649623920e+01 4.077954209277462638e+01 5.750231474649623920e+01 7.163113055924293349e+01 7.397096257364093219e+01 7.397096257364093219e+01 7.021731575003035175e+01 6.216799770371038392e+01 6.113083683198469487e+01 6.318112803784966047e+01 4.309772237890398117e+01 6.318112803784966047e+01 7.875973182061053990e+01 6.520638260432383504e+01 4.632960172810165744e+01 5.511631781430116916e+01 5.128463159073260869e+01 4.503881712612598420e+01 2.645848248022018012e+01 4.645388042808844631e+01 5.995168411321476043e+01 7.391795183798191715e+01 8.244790334458471648e+01 7.677328471611198779e+01 7.529019591452001237e+01 5.878567995331884077e+01 5.580157169399853245e+01 6.569620308181929147e+01 8.535267727640135149e+01 9.160929343088554333e+01 7.201498432816444506e+01 5.831643468923881812e+01
0.000000000000000000e+00 6.324555320336731512e+00 1.299122198700333897e+01 2.299122198700316133e+01 3.713335761073361141e+01 5.713335761073065555e+01 6.076409124997555722e+01 6.903932129447763089e+01 6.812157804407422645e+01 5.404041732435072021e+01 5.404041732435072731e+01 6.812157804407424067e+01 7.808429951487386234e+01 8.051498925850296473e+01 7.147614910341995653e+01 5.315629443305581248e+01 7.147614910341997074e+01 7.901092484480996347e+01 5.948835398596218482e+01 6.520638260432383504e+01 6.528120157077249530e+01 5.143030371197590966e+01 3.185328449350849311e+01 3.683037872771001275e+01 2.795556299912703224e+01 5.259521600542137065e+01 6.908848564124718905e+01 6.320170660894930847e+01 5.758017504438497269e+01 6.068397103992051456e+01 4.729411037238039484e+01 6.711458080032384999e+01 8.370270349931212195e+01 9.355078558789541887e+01 9.729676204997002742e+01 8.594716255321186793e+01 7.201498432816632089e+01
0.000000000000000000e+00 1.999999999999964473e+01 3.299122198700262487e+01 4.127549323349091281e+01 4.350072007968902454e+01 4.738877501814275206e+01 5.083699541760447005e+01 5.751436870102896393e+01 5.815497202999875981e+01 3.993175925220467803e+01 3.993175925220468514e+01 4.990546787057271416e+01 6.402306837538885986e+01 8.391885677189293347e+01 8.149561032363466495e+01 7.320596164264354400e+01 8.149561032363082802e+01 8.728418827869099061e+01 7.901092484480996347e+01 7.185008120244705765e+01 5.708560281023440552e+01 3.749507206987007635e+01 5.143030371197590966e+01 4.818819849708394543e+01 2.901863750541640030e+01 4.897476207626885980e+01 5.008205688319956295e+01 5.357327080699075594e+01 4.371389060002707083e+01 4.081651867549643242e+01 6.068397103992051456e+01 6.711458080032386420e+01 8.682456204097384500e+01 9.156285650266643472e+01 7.760129156284132534e+01 9.156285650266643472e+01 9.160929345888811781e+01
0.000000000000000000e+00 1.414213562373082489e+01 3.414213562373011257e+01 2.713445799883179177e+01 2.349924353208048800e+01 2.858511766298365941e+01 3.456167834739059685e+01 3.688414111974557130e+01 4.262776476183427832e+01 2.997573293877039191e+01 4.990484906366358331e+01 5.603134148560568661e+01 6.118695301287986155e+01 6.695353416774838706e+01 7.360507395287233123e+01 8.183202366155168761e+01 9.177127706397286033e+01 9.136169632606365099e+01 7.991673693492937502e+01 6.363806161119153870e+01 4.398068520832008943e+01 5.708560281023440552e+01 5.708560281023440552e+01 5.725856157504692590e+01 4.897453753934382092e+01 3.053194808864889254e+01 4.900816339908905661e+01 3.371152069960933773e+01 3.483741086497048656e+01 5.470176057538310488e+01 6.457815464502766645e+01 7.857769640669177136e+01 8.227245513767068985e+01 7.409351715354635814e+01 6.369165160373056978e+01 7.505282363925263667e+01 9.473138264955707655e+01
0.000000000000000000e+00 1.999999999999964473e+01 2.403009124731399027e+01 7.134982822448125539e+00 9.357205044670246608e+00 2.078379912958297027e+01 3.430309621486218674e+01 1.940904623135293861e+01 2.266495687946472515e+01 2.695032647992806574e+01 3.140800605997907979e+01 3.608855931975113407e+01 4.121935542823196386e+01 4.697751107534533332e+01 5.365045459750070478e+01 6.365882314083944493e+01 8.355132476490511806e+01 8.310348480580313435e+01 6.332738569090641789e+01 5.197302178328337874e+01 6.363806161119153870e+01 6.363806161119154581e+01 7.682744775911812951e+01 6.798347334580023471e+01 5.358500350120905864e+01 3.409372376702933138e+01 3.211940110464262688e+01 5.210461846939149666e+01 5.470176057538310488e+01 3.650548353735853624e+01 5.057861288347136508e+01 6.628425803815544270e+01 6.662569316969016597e+01 5.433551205650234550e+01 7.409351715354635814e+01 9.156285650266643472e+01 1.029530928625127046e+02
0.000000000000000000e+00 2.010075630518420198e+00 4.030380719622833396e+00 2.402993906926878154e+01 2.935630310973070678e+01 1.266608736859864592e+01 1.505067058204152453e+01 1.916797236118848602e+01 3.910349206333616223e+01 4.687591437483517609e+01 5.133078265053836020e+01 5.603134148560568661e+01 6.118695301287986155e+01 6.695353416774838706e+01 7.360507395287233123e+01 8.183202366155168761e+01 9.177127706397627094e+01 8.786128627372978883e+01 6.805037953722656141e+01 6.588773014034929076e+01 7.168574865829677378e+01 8.342214083308149952e+01 7.473972823993247516e+01 5.960928369442483898e+01 3.962903996610011603e+01 4.248400067536970681e+01 5.284143362119289122e+01 6.160774941587808229e+01 5.053970963003416017e+01 5.638134896317532707e+01 3.819825143488602492e+01 5.809021495300907389e+01 4.678328193349015862e+01 6.662569316969016597e+01 8.227245513767068985e+01 9.995938204100004043e+01 9.174652351932638794e+01
0.000000000000000000e+00 1.999999999999964473e+01 2.403009124728074042e+01 1.255840842119480349e+01 3.255789478245323920e+01 3.469383062826410935e+01 2.920485772722123485e+01 3.327457446077857384e+01 2.549459876888067456e+01 4.539439337830273047e+01 5.817459849427486063e+01 6.446205351915524773e+01 7.195342364074981845e+01 8.003942313572350997e+01 9.135533774359367953e+01 9.500726440728689681e+01 8.677567630274842259e+01 9.500726440728689681e+01 8.786128627372978883e+01 8.568340359921610627e+01 9.151905371792149424e+01 8.069997931922550549e+01 6.043947658107244791e+01 4.608057019761686490e+01 5.960928369442483898e+01 5.399562747954404784e+01 7.093675570762026439e+01 7.009666904061640480e+01 7.009666904061640480e+01 6.575326336122154203e+01 4.059136300784749807e+01 3.998535025605028892e+01 5.981980226431502246e+01 6.993254200214217065e+01 8.390814171005131072e+01 8.858255210536084689e+01 7.209195380826318456e+01
0.000000000000000000e+00 1.414213562844366656e+01 3.414213900911753541e+01 3.255789478245327473e+01 2.255838685283497469e+01 4.255740271207162095e+01 4.916582606374118569e+01 5.315685721704897304e+01 3.698415171810521684e+01 3.275992615381592543e+01 3.827168081066795224e+01 4.456808846918086431e+01 5.211746250870898933e+01 6.363712098140531026e+01 8.331370433897455996e+01 8.511934733036339651e+01 6.704001153967529092e+01 8.511934733036339651e+01 8.745033552378262698e+01 9.576166449688436444e+01 8.973793149725074159e+01 6.952845604979393102e+01 5.515751768596039994e+01 6.637364044282881537e+01 6.265787998133586001e+01 7.427314974564154682e+01 8.262440531840495339e+01 8.945144543476409638e+01 7.799947074792989099e+01 6.468731379530164816e+01 4.439892968670029916e+01 5.981980226431502246e+01 4.186648541199761553e+01 5.595694229324976732e+01 7.188832703185717321e+01 7.267876456767709215e+01 6.071625818814643338e+01
