MOVIE_S1_data/elevation_000026.asc
nrows	100
cellsize	150.0
xllcorner	0
ncols	100
yllcorner	0
NODATA_value	-9999
[rows 0 to 16 of 100, columns 0 to 36 of 100]
0.000000000000000000e+00 1.999999999999964473e+01 2.245729873021047851e+01 2.369403309433801752e+01 2.502185545576214665e+01 3.327852510329797298e+01 4.735098250415376242e+01 4.777646360585875840e+01 4.057530613371378791e+01 4.788311030913963862e+01 4.478064220884116509e+01 5.297843111322556098e+01 5.141277472437970175e+01 5.282296176042281388e+01 5.428276908779851340e+01 5.204078469390513106e+01 4.372372625322930162e+01 4.524665493415595563e+01 2.743744511325038005e+01 4.744648268675326364e+01 5.119858173691114445e+01 5.278684221770255647e+01 5.442806760043917791e+01 5.608669317139051458e+01 5.777466161404397837e+01 5.948159243946969355e+01 6.124107648136877913e+01 6.302198608969866456e+01 6.485510914336738608e+01 6.671253565458937373e+01 6.859526340251551346e+01 7.055845064349787776e+01 7.280210530697169702e+01 7.507603592643532409e+01 7.739657015582031363e+01 7.983383730964595770e+01 8.268038734932211753e+01
0.000000000000000000e+00 1.228589971408125425e+00 2.459502104059481553e+00 3.697456124367351826e+00 6.563493977903007703e+00 1.919548400234486252e+01 2.798634005282873716e+01 2.904648181501526594e+01 2.059004463231539717e+01 3.165914938626835351e+01 2.481643393901175898e+01 4.152627897944915247e+01 3.135376285448596434e+01 3.279297683464061919e+01 3.424801949685991076e+01 4.158862312427827135e+01 2.372734501649331307e+01 2.524841332600788846e+01 4.503287011533959117e+01 2.963907006040116698e+01 3.120990489413046376e+01 3.279518096777674430e+01 3.443272090492782667e+01 3.608672018209090737e+01 3.776963988688212481e+01 3.947059082144762954e+01 4.122326983660620670e+01 4.299658059223884266e+01 4.482133624458730736e+01 4.666975359383674515e+01 4.854297762541585826e+01 5.049629049451564811e+01 5.272478412887647892e+01 5.498375349032379944e+01 5.729059042959538317e+01 5.970005596653381019e+01 6.253730058269349001e+01
0.000000000000000000e+00 1.999999999831715058e+01 2.245729872991659093e+01 1.842076058520888537e+01 5.318217459718440843e+00 6.521530802032777352e+00 7.837924861137347321e+00 9.222207359347869726e+00 1.058735333936429868e+01 1.193844103050556882e+01 1.328248675193525585e+01 3.327440082718817393e+01 1.722720591676835866e+01 1.866770096920947353e+01 2.012326710049705625e+01 2.159440961766849298e+01 4.158859971980225367e+01 4.524665037943089629e+01 4.519308369925985147e+01 4.376099457185809172e+01 5.119855909420262918e+01 3.984281226698109890e+01 5.442801640457562939e+01 4.760167078931294071e+01 5.765097437853879114e+01 4.761389937919479109e+01 6.124107604033193297e+01 5.192605043771179396e+01 6.485510904140248556e+01 6.671253565458937373e+01 5.609572798195911503e+01 7.055845064349787776e+01 5.663705881254737307e+01 7.507603592643437196e+01 6.723678407283546221e+01 7.983383730740894180e+01 6.681999681139231484e+01
0.000000000000000000e+00 9.999999999999912959e+00 2.414213562373061350e+01 3.752199749938806406e+01 2.569631140274169567e+01 2.670596935898538504e+01 1.429706446023454447e+01 2.929464002084023377e+01 3.060804433208033259e+01 3.193689416694373406e+01 3.305268590706499054e+01 1.520534644499530330e+01 2.122499106314450756e+01 3.865641740127476567e+01 4.011606386003696656e+01 3.555349778425298979e+01 3.573146852479691660e+01 5.582264059483212293e+01 6.502977240208156218e+01 6.378326150293987951e+01 6.813492839382082877e+01 5.139340729220385384e+01 5.616929097062450182e+01 6.750898507807804094e+01 7.523065460687396921e+01 5.763202669791838417e+01 7.586503710105618836e+01 6.612257242878094132e+01 7.199878652265905998e+01 8.447265641735063468e+01 6.507794436473368194e+01 8.115011340687772190e+01 6.107604564509643552e+01 8.115150393940083973e+01 7.824078826746350046e+01 9.221969887117364806e+01 7.204726348266601121e+01
0.000000000000000000e+00 1.999999999996016697e+01 3.828427079477092576e+01 5.242640501502414452e+01 4.668493539921097124e+01 4.261061671783495086e+01 3.431743453120754594e+01 2.500291819014115546e+01 4.501358664000285614e+01 4.519072790482626090e+01 2.519039049352915427e+01 3.519625141384113221e+01 4.121870120252432201e+01 3.064253426220823329e+01 5.065228247820458307e+01 5.464248118771452312e+01 5.577931709106704261e+01 6.415467039421024253e+01 7.319695853623248638e+01 8.150772823362481745e+01 7.969554928030859742e+01 7.143710422244132019e+01 7.603371618791456399e+01 8.412034495128980893e+01 8.603543561181349730e+01 7.771537323936385633e+01 8.602317185259956034e+01 8.618522239444061483e+01 9.203814423474197781e+01 9.343121668737366292e+01 7.670627302991132979e+01 8.597896192440313712e+01 6.587575330186066935e+01 8.597955324074160899e+01 9.050277171451816116e+01 9.876871189117895256e+01 7.794508645520197376e+01
0.000000000000000000e+00 1.999999999999964473e+01 3.050920263319213532e+01 3.653942952474785955e+01 4.361049733661346295e+01 5.189476858407565629e+01 5.330944939849658937e+01 3.914876169010376827e+01 4.501358664000286325e+01 4.519136933305792070e+01 3.932787936146782926e+01 4.519136933188415384e+01 5.065304831350206882e+01 4.479314520387067233e+01 4.698375291281941202e+01 6.697954060539004217e+01 6.516328076672439806e+01 5.686813310628937046e+01 5.319831333428760445e+01 6.849911345054134415e+01 6.857128316611931496e+01 7.688547598832762731e+01 7.697806405208883973e+01 7.752291016944259638e+01 8.574052642539835745e+01 8.706239882480248582e+01 9.082559777169434767e+01 9.499777227673381219e+01 1.008882448428845322e+02 1.049468194597593964e+02 9.673225635039564452e+01 9.130253276355691128e+01 7.114911961454849632e+01 9.130222425234025252e+01 1.056630638382235219e+02 1.063878138359689700e+02 8.487514093401271964e+01
0.000000000000000000e+00 5.163977794943244604e+00 1.050920263319177828e+01 1.653942952474715611e+01 2.361049733661275596e+01 3.515750272040568092e+01 5.515750272040638436e+01 5.917252657499327739e+01 6.503993462953985727e+01 6.521444880371653596e+01 5.934708634531669702e+01 6.521444877838250420e+01 7.062422885352901858e+01 6.480010589994068937e+01 6.697954060567217027e+01 6.841985400126786487e+01 5.686813283492088544e+01 3.691523949647848468e+01 5.181893244535699949e+01 4.851999371133041450e+01 4.859398838431837220e+01 5.988706902722447012e+01 5.697181159566815722e+01 5.753333835732656354e+01 6.935811972981457529e+01 6.702356097443666272e+01 7.079439593088592630e+01 7.495702247107664107e+01 8.082682211508060277e+01 9.451296248234943675e+01 1.027834278007973836e+02 9.822947524758643567e+01 7.807812019537880133e+01 8.786584340671149107e+01 1.091412285412219489e+02 1.159576245667242347e+02 9.569982974093601058e+01
0.000000000000000000e+00 1.999999999999964473e+01 3.050920263319213532e+01 3.653942952474785955e+01 4.361049733661346295e+01 5.189476858407565629e+01 6.344177396786858480e+01 6.818933054869407329e+01 6.754074711535453446e+01 6.173667525191125094e+01 6.678323797434262588e+01 6.747585733744598713e+01 5.868662603758193796e+01 6.641339037505852616e+01 6.000912994524340149e+01 5.428815860618176004e+01 4.015640312788247002e+01 2.939237679520703495e+01 3.188216131179935786e+01 3.443257045536458349e+01 3.709458230378788102e+01 3.994096419217055427e+01 4.287887984967107258e+01 4.603093288255440996e+01 4.940149389410267133e+01 5.292647801496080717e+01 5.669535264721518786e+01 6.085478226132229906e+01 6.748523137311998710e+01 7.454123281213760777e+01 9.421471937398429475e+01 1.066737491069140447e+02 8.763055728099629960e+01 1.068185405556850895e+02 1.182369473665258681e+02 1.284989775147003286e+02 1.191117332831103255e+02
0.000000000000000000e+00 7.559289460184577258e+00 1.650356137020331815e+01 2.805056677668050824e+01 4.805068916512847466e+01 6.311907413803443490e+01 5.724670390306635426e+01 4.824177293310318504e+01 4.771428154095653440e+01 4.190601588894393359e+01 4.752370574340862674e+01 5.574818153447763791e+01 3.712780392697638376e+01 5.555833515847285042e+01 4.155319256217075008e+01 4.287236057987563242e+01 2.607529923712809605e+01 4.600404645892820810e+01 5.181893244619953975e+01 4.852000209628635474e+01 4.859398804093439139e+01 5.988706902722447012e+01 5.438079317504978150e+01 6.598425599388562546e+01 6.935811973327261626e+01 7.288741814649625894e+01 7.079457196194780977e+01 7.495702727043827451e+01 7.156209371029727606e+01 9.156242639658984217e+01 8.867059560819359376e+01 1.086747219884833697e+02 1.003244363939220278e+02 1.163600010829922837e+02 1.272281533853325328e+02 1.176235622144314732e+02 1.188841276464669932e+02
0.000000000000000000e+00 1.999999999999964473e+01 3.584377236467544492e+01 4.478853751091914859e+01 5.633642814442926294e+01 4.309501566772870973e+01 3.723323304482056528e+01 3.414125739764741496e+01 3.780086973463079403e+01 2.782779496672133490e+01 4.771428154095653440e+01 4.709731693085283410e+01 2.674051838201979336e+01 4.707661421566836424e+01 4.273648848711597026e+01 2.295401322127748145e+01 4.287236057987579585e+01 4.015640312822375790e+01 6.012150629583554462e+01 6.850043456662717745e+01 6.857116185101637029e+01 7.687847917443662027e+01 7.436927245548663734e+01 8.268512902497192840e+01 8.333523348416487408e+01 9.168488842663850846e+01 9.083672599809868586e+01 9.499875492206477645e+01 8.305729537673119012e+01 9.197823836431773259e+01 1.086758299696110726e+02 1.171633320528719509e+02 1.202207021265402886e+02 1.278413182325089679e+02 1.139845028942891645e+02 9.425609539378613988e+01 9.552646937975536900e+01
0.000000000000000000e+00 1.415045372383661793e+01 3.429904861337396227e+01 3.770338295145985796e+01 3.866070829209625970e+01 4.244791958959017819e+01 2.310362535520495442e+01 3.780082621823901690e+01 1.785790713528454177e+01 3.027774261630658259e+01 3.140257169471834686e+01 3.253253609344213970e+01 2.003873412134933218e+01 3.570524232480669014e+01 3.777558161194672692e+01 2.082911193931652605e+01 4.074122437994787305e+01 6.012150629583554462e+01 6.841992828502452539e+01 7.317780001399015077e+01 7.910440046791242708e+01 8.265713461182062360e+01 7.428271077522867927e+01 7.164691179357116368e+01 6.308925562682208721e+01 7.476719328125911090e+01 8.911919039244833129e+01 1.093182461853122760e+02 1.032207728866634540e+02 1.117031876328114492e+02 1.216813537582600588e+02 1.155154968942154738e+02 1.250804901752398450e+02 1.200113378427540738e+02 9.536720241363720163e+01 8.102254987162628197e+01 1.043806511048276064e+02
0.000000000000000000e+00 1.999999999999964473e+01 3.131494138856773546e+01 1.762813173890453911e+01 1.866205158070316017e+01 2.555891154644697494e+01 1.417623546305948246e+01 2.766220676083096208e+01 2.864315625911231322e+01 1.032870241726353910e+01 1.145883498617622998e+01 1.259369693051536920e+01 1.373538260926978793e+01 1.578851057204863118e+01 1.785839482294174729e+01 3.777535459246620775e+01 4.846998336041939126e+01 5.840787548168658816e+01 6.156503470851677662e+01 5.301414393309315187e+01 5.891994206567454029e+01 7.100148934800397171e+01 5.410676427482299999e+01 5.149290672031487759e+01 6.571551838570172777e+01 8.596656220261949954e+01 8.698162745407472585e+01 9.535253932901450469e+01 9.469310791323451326e+01 1.030516191381738338e+02 1.115180535406620663e+02 9.148184320820571713e+01 1.115191809449566307e+02 1.000104241036220145e+02 9.031124901908927427e+01 7.478043344154927752e+01 8.790630711919992279e+01
0.000000000000000000e+00 1.984968149216392419e+01 2.201256341686615059e+01 3.497480274034861836e+00 4.538501738363639681e+00 5.585005095165250566e+00 6.635486006963318140e+00 7.700272851139703612e+00 8.768936330781086141e+00 2.872561785783959820e+01 3.140114344168994265e+01 2.668270202884168896e+01 3.366977392457276608e+01 1.573389124585869858e+01 3.564385640620080409e+01 4.032833226745505328e+01 2.772070203400570776e+01 4.020250000863994444e+01 4.149689896564620994e+01 3.888060618117578571e+01 5.270966508073657053e+01 5.554474838706818218e+01 4.258181865353773787e+01 6.263412265592468486e+01 6.676351784828958102e+01 7.088209756459627897e+01 6.674298867411653191e+01 8.037454075365934614e+01 7.444367374532424719e+01 9.469309632562311663e+01 1.017509020814200511e+02 7.826767458909904462e+01 8.924540548233524362e+01 8.345754916890811614e+01 6.718395172795214876e+01 9.031124901908927427e+01 1.075158376594992262e+02
0.000000000000000000e+00 1.016084244872071496e+00 2.032978731388487947e+00 8.698504324091983264e+00 2.451395209343380444e+01 2.555863894557670335e+01 2.074892113255516790e+01 2.766235299458393015e+01 1.767494864866867132e+01 1.630404238020186725e+01 3.637281203259285434e+01 4.665938448499794333e+01 4.394033876353825718e+01 2.981263283842890388e+01 1.775870536764031726e+01 2.010373158909072799e+01 2.252873560756642490e+01 2.496086650469463919e+01 2.744387425745301101e+01 3.001103665244595931e+01 3.274992326072585769e+01 3.557417281326799952e+01 3.918244910987996121e+01 4.291113775127629282e+01 4.677140217295654168e+01 5.086628672941074569e+01 5.525075155518042891e+01 6.030898316650691982e+01 7.181698925932423094e+01 8.613107793680080704e+01 1.063887500634981649e+02 8.924539267054200309e+01 6.590975733274743220e+01 5.998790040466405316e+01 8.345754916890811614e+01 8.740395502477143452e+01 8.487399221172357500e+01
0.000000000000000000e+00 1.999999957702884501e+01 1.323252909635796648e+01 2.840737166061435204e+01 1.939003446734172442e+01 3.918977141027338718e+01 4.072535331002551828e+01 3.368980874087004196e+01 3.725612290309641139e+01 2.524061586923680878e+01 2.699584051557129527e+01 4.714069316513960928e+01 5.806743610658975285e+01 4.595105024165976459e+01 3.767272602278147531e+01 2.034605924711353353e+01 4.020127972474791989e+01 4.487592789067709731e+01 4.737471983896087835e+01 4.995807861333655353e+01 5.270966508073657053e+01 5.554474838706818218e+01 5.915413541254422825e+01 6.288854524711975813e+01 6.676351784828958102e+01 7.088209756459627897e+01 7.529684476704422025e+01 8.037455992494466273e+01 7.240771137616043518e+01 8.497900935704730330e+01 1.040910271231426520e+02 9.540178849919402637e+01 7.197674593271726451e+01 5.522392647127846743e+01 7.398151159030267365e+01 6.395292547107688108e+01 6.354326573853040117e+01
0.000000000000000000e+00 1.931791114740992654e+01 3.190695748760890638e+01 4.102461109604852396e+01 3.918977141027338718e+01 3.343150364571523880e+01 5.309145954324553429e+01 4.728407309634479105e+01 5.377180044447711538e+01 3.683441477289100163e+01 3.704582711484038526e+01 5.549167658415172610e+01 6.134636168686296287e+01 4.227416363232375573e+01 3.102979584247415445e+01 2.218894941624500561e+01 4.202250557235831252e+01 4.677216498049869386e+01 5.026790356575240537e+01 5.388066313915604155e+01 5.762124657881967238e+01 6.157931415370297401e+01 6.579642316664856594e+01 7.033104526671071710e+01 7.526990291689249091e+01 8.075036624672328855e+01 8.700953818226470560e+01 9.527500211768965244e+01 9.219974804589693917e+01 1.005259507745398366e+02 1.110523790681969700e+02 8.700989178970066007e+01 6.674430672405509313e+01 7.398151155926366584e+01 5.070035600009854448e+01 4.810535688774567120e+01 5.205941531550663370e+01
0.000000000000000000e+00 1.999999999999964473e+01 3.235478221189124071e+01 3.991407167207565010e+01 4.819834291953726080e+01 5.309145954324553429e+01 6.118801102548120241e+01 6.620917758845311596e+01 6.561539634127990439e+01 5.714792061434245340e+01 5.132586697985883006e+01 6.558033152403355359e+01 6.949382058065766898e+01 5.837957406686618356e+01 4.842417084202244126e+01 2.879343975180242410e+01 2.498855257913107408e+01 2.700509928608496324e+01 3.049115694147341671e+01 3.409276407103149609e+01 3.782793956771884325e+01 4.178897635566411140e+01 4.601642867858078745e+01 5.056508588715616526e+01 5.551447243855923830e+01 6.099027485095437129e+01 6.721629880331639129e+01 7.602367234465681634e+01 8.745956532067717148e+01 1.074234390930894278e+02 1.072205045388604248e+02 8.342801703282931669e+01 8.342801823724997234e+01 8.375283362805315335e+01 6.406957173004120421e+01 6.910457607322500451e+01 4.466867453980078295e+01
