MOVIE_S1_data/elevation_000911.asc
nrows	100
cellsize	150.0
xllcorner	0
ncols	100
yllcorner	0
NODATA_value	-9999
[rows 0 to 16 of 100, columns 0 to 36 of 100]
0.000000000000000000e+00 1.999759737345409505e+01 3.146052133859742739e+01 3.601322808783535123e+01 3.931824031155115762e+01 3.478873110142163938e+01 3.110751412730363796e+01 4.007183485850080018e+01 4.254949361798835383e+01 3.431192132173701026e+01 3.908798707831731889e+01 4.426902561374304668e+01 5.001787744755176135e+01 5.660571197060402682e+01 6.477925653769369774e+01 7.462646096303906518e+01 8.776430596305580423e+01 7.642348661073964422e+01 6.834943281015449656e+01 6.934187954907473284e+01 7.727298570274648171e+01 7.606006464703924053e+01 6.537130489492766117e+01 5.038001487187607097e+01 2.789797591064340665e+01 2.763537882303728566e+01 3.692603849707530372e+01 4.490871135184541885e+01 2.886142799400860426e+01 2.919460730678594018e+01 2.953173186026426222e+01 2.987266190421906487e+01 3.021670642427530140e+01 3.056287179851647906e+01 3.091006685619070993e+01 5.099798368072681853e+01 4.862422915469352347e+01
0.000000000000000000e+00 8.602553621541543905e+00 1.710598290865428694e+01 2.478176076400104577e+01 2.485887600057098723e+01 1.612595251526428441e+01 5.004227868377413735e+00 2.782161729834761488e+01 2.795881366163191828e+01 1.372849997710224024e+01 1.882837531463748704e+01 2.420322503617623866e+01 3.010362072634154984e+01 3.684268677754491961e+01 4.679166720003932767e+01 6.642098618568037693e+01 7.977534684348312055e+01 5.998508320673484917e+01 4.836147671320812691e+01 4.922801597258164463e+01 6.551019622231915207e+01 5.682026976464463530e+01 5.391638469189319949e+01 4.029544102898849900e+01 2.720391509291716048e+01 4.469742635201091474e+01 2.807690800201855552e+01 2.839623185383621262e+01 3.697469260685235071e+01 4.558787989406096841e+01 4.869801097031947279e+01 4.935765300581703485e+01 4.477781632516348509e+01 5.068249908626274447e+01 4.787177162929319252e+01 3.140060088573450514e+01 4.755866809256711036e+01
0.000000000000000000e+00 1.467139213556448141e+01 1.670630458792402351e+01 1.855938163715401856e+01 1.276434231368727135e+00 1.565761005077814350e+00 1.854938562194826002e+00 2.463021304942533796e+00 6.756419666672568880e+00 2.795881610454089028e+01 3.908214504636851672e+01 4.426902561372487810e+01 5.001787744738357588e+01 5.660571196891064005e+01 6.477925298755569372e+01 7.461201155640439708e+01 7.494077377316789068e+01 7.641905248646231996e+01 5.766531145334344899e+01 3.763669264921052360e+01 5.729985019800013646e+01 4.269306176267582487e+01 4.644999096006691985e+01 2.677685460238969029e+01 4.664689271709144691e+01 3.921241310908555278e+01 4.960583972658653096e+01 3.203690146662592042e+01 3.314934757764133622e+01 3.965206395950347229e+01 4.747068656339477855e+01 6.298931283905099576e+01 6.559677820175235752e+01 5.840973356004683126e+01 4.070214278379424400e+01 3.446795516650701785e+01 3.188921825293818912e+01
0.000000000000000000e+00 2.890366568248871060e-01 5.781035063515660433e-01 8.672610083866362229e-01 3.635678848199445756e+00 1.298303373793733329e+01 1.601444502263975167e+01 2.260157895417952201e+00 2.154241317342453144e+01 3.060285911105907530e+01 3.729548966068140459e+01 4.403068472318064863e+01 5.230893474741571225e+01 6.126997303525122618e+01 7.275426962783062379e+01 7.494077380523337695e+01 5.465936321702290002e+01 5.837328436824890332e+01 5.230512207326378871e+01 3.237531187642709796e+01 4.516343540409366852e+01 4.576931352143709830e+01 2.635547270475579751e+01 4.623347874600032981e+01 5.482230363818970886e+01 5.654450558133778060e+01 4.530758433639936555e+01 6.032165719866470965e+01 5.521972874403608955e+01 3.832025347658350967e+01 5.754807578076366781e+01 7.053946149242808872e+01 7.332616753802810194e+01 5.420232143850433459e+01 4.930104100236620468e+01 5.677371881762726957e+01 3.569161309704445983e+01
0.000000000000000000e+00 1.999999994368204526e+01 2.343817886175539300e+01 1.889611686253754996e+01 5.348364120791638143e+00 2.204794230970322033e+01 2.664627854871357560e+00 6.687943439856224082e+00 5.425559903870754042e+00 9.724877110620495202e+00 1.603747999792001622e+01 2.331663245398480200e+01 3.281047280358428253e+01 4.460696830169180060e+01 6.449005638256051043e+01 7.314674573404110447e+01 5.836505568092521656e+01 3.810285525797951323e+01 4.600076478137886227e+01 3.204923092309767441e+01 2.565065755235501754e+01 2.593967871632410294e+01 4.593779086100857967e+01 3.527501265757651794e+01 4.429120265436731074e+01 6.415654941433240310e+01 5.589943126192181211e+01 7.322002763120609359e+01 6.253292213611073436e+01 4.238841931997153978e+01 6.253308519993608883e+01 7.871269844824242057e+01 8.129103429984569118e+01 7.149812308147623696e+01 6.201056508073697415e+01 4.193057829120552782e+01 5.850467505461489992e+01
0.000000000000000000e+00 8.889213710902843957e+00 2.809504484335631602e+01 4.037475121149651613e+01 3.825017003106466973e+01 2.668643179110060970e+01 2.951389897836623533e+00 1.688293703175187588e+01 1.359013133691910369e+01 1.144793614434590445e+01 3.136086230938673225e+01 4.372839202937041847e+01 5.105937534439648573e+01 5.943055010948509675e+01 6.858161590217683568e+01 6.499447032546362379e+01 4.448961037295088516e+01 3.432978665785239514e+01 2.541781962508590453e+01 2.524991346233134948e+01 4.527578206511261527e+01 2.906535111001152671e+01 4.845561528721546551e+01 4.951281089309753725e+01 5.531932500415009457e+01 6.054136484431691656e+01 7.478079163076125724e+01 7.486444267265110852e+01 7.099848980381653973e+01 5.386984212473826261e+01 5.011603001079658526e+01 7.044548516099261803e+01 8.822002089525682322e+01 7.840273992620383581e+01 5.496193094019999137e+01 6.571827407653390196e+01 5.484181234354062440e+01
0.000000000000000000e+00 1.884449019703676598e+01 2.354221757263728421e+01 4.147737183655711846e+01 3.989494439640189682e+01 1.774474294231438520e+01 3.238852004019319164e+00 2.066540073942723410e+01 2.792944933815030240e+01 3.108095471877243909e+01 1.959583290382660081e+01 2.601362749710261824e+01 3.308503117511802571e+01 4.272806986660806672e+01 6.100293343565068938e+01 7.316223787314250160e+01 6.299764901502714309e+01 5.411944026488892234e+01 4.455704302863783539e+01 2.497400598941005256e+01 4.292207946779169703e+01 4.917114072960424664e+01 5.847874355636754728e+01 6.943410933134187246e+01 7.499924751917676247e+01 7.970466749495535907e+01 8.729448050537563120e+01 9.417141987421436511e+01 8.333095583259316186e+01 7.452033851578951840e+01 7.044548516099261803e+01 5.957490455297121201e+01 7.996560499328684557e+01 8.719973899414365803e+01 6.740886256427569379e+01 8.611797749737297636e+01 7.142075441906190747e+01
0.000000000000000000e+00 1.439848017639447697e+01 3.467976416489084812e+01 4.851623614333610135e+01 4.056554476633804285e+01 1.813687572105414603e+01 3.526960806621180389e+00 7.173557968998939494e+00 2.591741863398498324e+01 3.775043922451302336e+01 3.920758038607772988e+01 4.528160582919729649e+01 5.186425298563938213e+01 5.944741749957470489e+01 6.860393216492674640e+01 7.780323071615842423e+01 6.013824295624441163e+01 5.985888829909576003e+01 4.462142499543124075e+01 2.470260327625081231e+01 3.256309661852269954e+01 5.392735166652789758e+01 7.532460974818137345e+01 6.638819748377378005e+01 6.635706655266878329e+01 6.635283340158420629e+01 7.523727850703401998e+01 7.902263785569083154e+01 7.639910891454094610e+01 8.489783786781293884e+01 8.816027041120591434e+01 7.987709129269279629e+01 7.387871217894092979e+01 9.378633170133194596e+01 8.412867823364008757e+01 9.880129787398590224e+01 9.253819267570395368e+01
0.000000000000000000e+00 1.148904316850748764e+01 2.514204432293281144e+01 4.311557684614761854e+01 4.091056027267582351e+01 1.831672222730567512e+01 3.818031306785178547e+00 2.265523402814054066e+01 1.219164056145577923e+01 3.090170063843567050e+01 4.403961813086395694e+01 4.964374092012526773e+01 5.708272460441988017e+01 6.510392942547262862e+01 7.546648159759786267e+01 7.281286221552736038e+01 5.491257645201126536e+01 4.146016033495927644e+01 4.344482542018027971e+01 2.443300388728384576e+01 3.193327756097411552e+01 5.469768181783841499e+01 5.500771641855946825e+01 4.292009494704310413e+01 4.507941504766328222e+01 4.507937527411721845e+01 6.635281849638889184e+01 5.849893835094982819e+01 5.583961276609034030e+01 7.301491363833194725e+01 7.993961203280217376e+01 8.845819984822469451e+01 9.377712566591780785e+01 9.948606476607345428e+01 1.072394053727958863e+02 1.038071410517846971e+02 9.628114809262100948e+01
0.000000000000000000e+00 1.154700538888658201e+01 2.568914256028769927e+01 4.568950361944251171e+01 4.066905349167495842e+01 2.446808545326907591e+01 4.112199797137220614e+00 2.355549984322526313e+01 2.996739430544087313e+01 1.754352507515992343e+01 3.655980935097062456e+01 3.124652914075198495e+01 3.975096310180675374e+01 5.008680753028035326e+01 6.792584325813578516e+01 7.300767562172421776e+01 5.493373304979425598e+01 4.146002930437671807e+01 3.010912539618159300e+01 2.416313431427141012e+01 4.369775888235904659e+01 4.124934431997690609e+01 2.547539062858414383e+01 4.303418508633627937e+01 3.151178409134502800e+01 5.099756103171036159e+01 6.060576780056837265e+01 4.404118700166942801e+01 4.404130884373227417e+01 6.451076435214883986e+01 5.923869608339234105e+01 7.648370727246827983e+01 8.060294493617647049e+01 8.936942071321175263e+01 1.038384088089695325e+02 9.478954457235572306e+01 7.832438714058862672e+01
0.000000000000000000e+00 1.154700538902125651e+01 2.568914259358749419e+01 4.568946583447415577e+01 3.062927748976037989e+01 4.532214467009797687e+00 9.782309817006607844e+00 1.221115574908994184e+01 3.233273770584448670e+01 3.647019420578577353e+01 2.376888237684671168e+01 4.269025095401274683e+01 4.208155609539538489e+01 5.238988593289023754e+01 7.033369180104146778e+01 7.088494457826692496e+01 5.264179783116085076e+01 3.909525846967113694e+01 3.144728004645120834e+01 2.614068275109800510e+01 2.377971785752744083e+01 2.350663715310754753e+01 2.323175084052644124e+01 2.295550248996791254e+01 3.081838930474096472e+01 4.527878976124859634e+01 5.243698601374724433e+01 3.234931905627060189e+01 5.070732799253962497e+01 5.491615685754852905e+01 4.739953450352624742e+01 6.574093152137021434e+01 5.969732260873075091e+01 8.054359202909849103e+01 9.351171318657615927e+01 7.931817593087434659e+01 6.896297035676609255e+01
0.000000000000000000e+00 1.154700538529987242e+01 2.568914158418704474e+01 4.568931152866317547e+01 2.984898097053732613e+01 8.031281853083694244e+00 4.952361688220987546e+00 1.883148367236128706e+01 3.331576554625349473e+01 4.908748922973096995e+01 4.257687693688644259e+01 5.020177207047343870e+01 5.997383581539214958e+01 6.748593706566616390e+01 7.790032847986721265e+01 7.090419141768254008e+01 5.264283478840730623e+01 5.087373615305090624e+01 5.089932553645636659e+01 4.142308673787741213e+01 2.493917205588298103e+01 4.143617932884893662e+01 3.722460785129045036e+01 3.966572422378191476e+01 2.256321190849149971e+01 3.965503751277358901e+01 4.226892304369329167e+01 2.681796905501149197e+01 3.042354165183392212e+01 3.448660340189533002e+01 3.957252130388359745e+01 4.504420003991824473e+01 5.326566154593137270e+01 6.427491107514372004e+01 8.652154002768210717e+01 8.059104739169082166e+01 6.154617947720411308e+01
0.000000000000000000e+00 1.999999999999964473e+01 3.739910174201819615e+01 4.687347868165416287e+01 2.431161887251337106e+01 1.180953133589702020e+01 5.248366973229928512e+00 1.781840473450364470e+01 3.484056748572469786e+01 5.178207008919195431e+01 4.441415644142179531e+01 5.202127771510676979e+01 6.081287556258060789e+01 7.006653210095606710e+01 8.208122698677746598e+01 7.863797423403147491e+01 7.090419141768273903e+01 6.949944394399369685e+01 6.335595436520254964e+01 4.177037805445367269e+01 3.811305526081666528e+01 4.065933785654701893e+01 5.295617387784541563e+01 4.690524560576867685e+01 4.144754427876640790e+01 2.216801375770020854e+01 2.338359912004250418e+01 4.227604583099152791e+01 5.070732799253962497e+01 5.491615685754852905e+01 6.012335048926306058e+01 6.574093152137021434e+01 7.422448389181772654e+01 8.328093597639330881e+01 9.496985883651996119e+01 8.819086032804942477e+01 7.283369509227055971e+01
0.000000000000000000e+00 8.945445088989069760e+00 2.320261688551733315e+01 4.398148852923735319e+01 3.314575173178138812e+01 1.536579126876560331e+01 5.542935029608281106e+00 5.837936384811546198e+00 3.944941547431940876e+01 3.431755543802517394e+01 2.076739982359919168e+01 3.072475378687278891e+01 4.078953164611093740e+01 5.265152425569414163e+01 7.339804973467254001e+01 7.283843196900515693e+01 8.115371951563290054e+01 7.923382254246240564e+01 7.172427972963481579e+01 6.340172651122580305e+01 5.703549177832080375e+01 5.854507007984222611e+01 6.529883586083727209e+01 5.138883162697203488e+01 3.276570189006800149e+01 2.188725799874016431e+01 2.835501922200153757e+01 4.516606248672589885e+01 5.534156988200417970e+01 6.068376889926272355e+01 6.658843354806165848e+01 7.339306869933280097e+01 8.181993663649872417e+01 9.199071534593120703e+01 9.540890904426925090e+01 7.672736472444681510e+01 7.584135976429065806e+01
0.000000000000000000e+00 1.999999999999964473e+01 3.739910174201811799e+01 4.633671002540398831e+01 2.492040104071765327e+01 5.956597911039744453e+00 9.803494317421231230e+00 2.385278830141746198e+01 3.204726361709183635e+01 9.341985964743912518e+00 3.290123591307229844e+01 3.602493171901060975e+01 4.457369940018106291e+01 5.418133924189636019e+01 6.994577220841215137e+01 5.370168954470624811e+01 6.994646735269012083e+01 5.943095250267205643e+01 7.352327906534945612e+01 7.694354181466668763e+01 5.834057502103863868e+01 5.834031204508726631e+01 6.402467933645397125e+01 5.629193914513452768e+01 4.125058057455393623e+01 2.514241238931879607e+01 2.148590309360283257e+01 2.701914566840181209e+01 3.378346857489479049e+01 3.999401782981567521e+01 4.613471559328728233e+01 5.298005535049545500e+01 6.322171632173066058e+01 8.356675574138049001e+01 9.090760208659759201e+01 7.123644032727254682e+01 5.677363923581753369e+01
0.000000000000000000e+00 1.414212645321350159e+01 3.414008340231475813e+01 4.215890424499029621e+01 2.123902676651979249e+01 6.248196522153655508e+00 1.238515789751813223e+01 2.610488062381699237e+01 7.368551759946605273e+00 7.662893305764962193e+00 2.478587663721219059e+01 1.886329423999758603e+01 2.651008047268226520e+01 4.363235729193230128e+01 5.869099248676710090e+01 4.345911902379698688e+01 6.178978458370089299e+01 4.607013379924552510e+01 6.381713166221798161e+01 7.156609585731133905e+01 5.286238665213416255e+01 3.903243572208391043e+01 4.711016931372189021e+01 3.842514708269668944e+01 3.943407107606168438e+01 2.107779525773749896e+01 3.461112662048893185e+01 5.028590426222015708e+01 4.889547964548994230e+01 6.068376889926272355e+01 6.658843354806165848e+01 7.339306869933280097e+01 8.181993663649872417e+01 9.200690300235328323e+01 9.194052544049772280e+01 7.137521426211367270e+01 7.622943582233679649e+01
0.000000000000000000e+00 1.154700538379261765e+01 2.568914100752381913e+01 4.568914100874122397e+01 3.538336484527039971e+01 2.620514877333543069e+01 6.660500029538221511e+00 6.953148176356910959e+00 1.523876141780475102e+01 1.755167519796939501e+01 8.079663096188914650e+00 8.783729579699837586e+00 1.876279122217925277e+01 2.800204263211528399e+01 5.022696286533064836e+01 3.700240013924488380e+01 4.639006928563801324e+01 3.712949172826402844e+01 4.998342699527606925e+01 6.933238758440458582e+01 6.227216639833193312e+01 4.728395960118185570e+01 2.754075990620715686e+01 3.901784908591226753e+01 2.065950248519143173e+01 2.452038044771536818e+01 4.337893977866679762e+01 6.321692064647469067e+01 7.026889438035793489e+01 7.754476348268437391e+01 8.570722408075400267e+01 8.698767276894542988e+01 9.506317869400423604e+01 1.043201902286671867e+02 1.000679211236851245e+02 9.124682262156414936e+01 7.922957074316782666e+01
