MOVIE_S1_data/elevation_000192.asc
nrows	100
cellsize	150.0
xllcorner	0
ncols	100
yllcorner	0
NODATA_value	-9999
[rows 51 to 67 of 100, columns 0 to 36 of 100]
0.000000000000000000e+00 1.000000000178241066e+01 3.000009166010985595e+01 4.682221130787676344e+01 2.811559065312210137e+01 8.664048923191051799e+00 3.402026377560168680e+00 2.196935607093412912e+01 3.373995653239629178e+01 4.424241157911087186e+01 5.480961931793078179e+01 5.902932594606335215e+01 6.759490691550226416e+01 5.674753077244784549e+01 3.691632153101056701e+01 3.528376573028008778e+01 1.680063410703220939e+01 1.479176963207455664e+01 3.321552916224285923e+01 3.123202201663462674e+01 2.355500828571930683e+01 2.304656480796302986e+01 3.007401036876656875e+01 1.250137696878969429e+01 1.244491376152418916e+01 2.945386893984627008e+01 4.649239060084546082e+01 3.322348615959479190e+01 2.988722240156977605e+01 5.085791236391727921e+01 7.129316061042577246e+01 8.003739688302788124e+01 8.921468722206104474e+01 8.085591161987041176e+01 8.921468722206104474e+01 7.928581812303053766e+01 7.095103520045753953e+01
0.000000000000000000e+00 1.999999890297717187e+01 3.828416516884465182e+01 4.352194088672928274e+01 2.350519021246949336e+01 1.499258014264345107e+01 3.681793438157272558e+00 1.575003093027087786e+01 2.998993146803459808e+01 4.941811195239127841e+01 4.852705749316540107e+01 4.260337602227887288e+01 5.979328014892987397e+01 6.477246153712168564e+01 5.608472600425260168e+01 4.616582528955775189e+01 2.904495035423073546e+01 2.561616892541144708e+01 1.432130916681172472e+01 1.398458226584755515e+01 1.364734710989638522e+01 1.331041499398323680e+01 1.297336588996179785e+01 1.768610811630809110e+01 1.207335883782407571e+01 2.657836595933325086e+01 3.249476024952076614e+01 1.891623440550362645e+01 3.913242658565026488e+01 5.683569649129685075e+01 5.086052569732078155e+01 7.129316061042577246e+01 7.998358958006500075e+01 7.998358958006500075e+01 8.881203691558529556e+01 8.853268714822675634e+01 6.840776398671324898e+01
0.000000000000000000e+00 1.414213562512930800e+01 3.414213826531661056e+01 4.722577474371329487e+01 2.668355270161109161e+01 1.435530879083900224e+01 3.961274480108016416e+00 2.028343697915546784e+01 3.876818039274417771e+01 3.971139488843493126e+01 2.947399309181924565e+01 4.424730479455350007e+01 6.503451844244412428e+01 7.732511559663190326e+01 6.964235551990802264e+01 5.789217299494425362e+01 4.948386578836178984e+01 3.571579510389965151e+01 1.446817671497937852e+01 3.274353744985891979e+01 2.765867563662953188e+01 2.488341613787992301e+01 3.286626631324744352e+01 3.515446000338364030e+01 3.180331809844598823e+01 1.164648356660896233e+01 1.270173188968504796e+01 3.267329525466072226e+01 2.906187102232282982e+01 3.666768632537005601e+01 5.684510590586025813e+01 7.288546344378042363e+01 5.782436194016758435e+01 5.782436194016758435e+01 7.998358958006500075e+01 8.853268714822675634e+01 6.840776398671324898e+01
0.000000000000000000e+00 1.414213562373473465e+01 3.414213565815114038e+01 4.369149656290827721e+01 3.271563187270484718e+01 2.086420732801193623e+01 4.240579430677775541e+00 1.782229999178973046e+01 3.171149298366836788e+01 2.012465459119030342e+01 3.971139488843492416e+01 5.633258207740383483e+01 6.724096722504144452e+01 6.619296692487851885e+01 5.004705549819099275e+01 6.619296692619914779e+01 4.974813945919931513e+01 2.990855024234304693e+01 2.719726112946576180e+01 4.341831319040729653e+01 4.642308612159914105e+01 4.419358959036556200e+01 5.096446574555837117e+01 4.830172827241400313e+01 2.737939185716297885e+01 1.135177352710339704e+01 3.160868172497669804e+01 3.733332059033265438e+01 4.024839945882418135e+01 4.325658371235966371e+01 4.215014862984237709e+01 5.448205876269915393e+01 4.232830938523019171e+01 5.782436193735921393e+01 7.998358546339233044e+01 9.682636045173991590e+01 8.853268714822675634e+01
0.000000000000000000e+00 1.999999998542161350e+01 3.828426519107794945e+01 3.555530180295048126e+01 1.552340598360303936e+01 5.254371651234348128e+00 4.519882988337865726e+00 2.438273953655744108e+01 1.217411108174741230e+01 3.213233389100124526e+01 4.770432801464237826e+01 5.889214730781939977e+01 4.721558936200941048e+01 4.721706034947635544e+01 3.753962956020297526e+01 5.832882993242287029e+01 5.797542019386519030e+01 4.974845983768847191e+01 4.509372093934295123e+01 5.464884528732482494e+01 6.090641554031302007e+01 4.931631315777582358e+01 4.194105814112702291e+01 3.788653246683075793e+01 2.820822811291945698e+01 1.105806439952097620e+01 1.386473577967244886e+01 1.668179183531199783e+01 1.954311930958062860e+01 2.247291283250457283e+01 2.751285147570257905e+01 3.308766056002203015e+01 5.448205876268585968e+01 7.331792935811424172e+01 8.503880803773586194e+01 8.341293020354170551e+01 9.224058619797511938e+01
0.000000000000000000e+00 9.999999999999912959e+00 2.999999998935919265e+01 4.382674444205117226e+01 3.379889700720173806e+01 1.968352521607011241e+01 2.402277225481050493e+01 4.914509314975576082e+00 2.477141930549741744e+01 3.359295858300896498e+01 4.680485575206103022e+01 3.830401366325737200e+01 3.833278584746502560e+01 2.545439563332095645e+01 4.721692607815818121e+01 5.461257627633860778e+01 4.880619426890829260e+01 5.074548332736328149e+01 5.180838278691280863e+01 5.259057934492190611e+01 3.979307649693404159e+01 3.843113600324207368e+01 2.365578366857446824e+01 2.969337187720732274e+01 1.064263895947346761e+01 1.147196781792290921e+01 3.226149049724946849e+01 3.588223677685847690e+01 3.995432562655557263e+01 4.325664534292959473e+01 2.776625957516518284e+01 3.162951076110186222e+01 5.292720901321238358e+01 6.400046813027033465e+01 6.263879672625159856e+01 6.093971985407888781e+01 7.703360766074227683e+01
0.000000000000000000e+00 1.999999999999964473e+01 3.828426597015754851e+01 4.983127032397172940e+01 4.792141536253600265e+01 3.800114401829173971e+01 1.896006484609971920e+01 2.245343659841879003e+01 5.310583697058222974e+00 1.960942553650140496e+01 3.363691736185036518e+01 3.825566515292192804e+01 1.643483112772247168e+01 3.828545998367173553e+01 4.435018890108216283e+01 3.059167278407167245e+01 2.467523889187899755e+01 2.501999225342573752e+01 2.536123117125096016e+01 3.107871188178348731e+01 2.034936509878877686e+01 2.981025348838034006e+01 3.002986785764092659e+01 1.022814842295339943e+01 3.045169459315168226e+01 3.217034581846625940e+01 1.576410920033974250e+01 1.891837516874014469e+01 2.209168434110085144e+01 4.284457355512505927e+01 4.880831265292277976e+01 5.292722273276169176e+01 3.746329762541222408e+01 4.183690907754635901e+01 4.667446390157273584e+01 6.919962231323239621e+01 8.904745371971986856e+01
0.000000000000000000e+00 9.999999999999912959e+00 2.154700538379222508e+01 4.154700535406382045e+01 5.479535699553009209e+01 3.707080244397743485e+01 3.576240943296017605e+01 1.517533731072764347e+01 2.544375374805589729e+01 5.710066391427177201e+00 2.584725175849980516e+01 3.026290022004691238e+01 1.150225549763979593e+01 2.790247060653711841e+01 2.309800617226615671e+01 7.748406165229286380e+00 8.057080297924596124e+00 8.363045123481063214e+00 8.664690027753888302e+00 8.959981622691442382e+00 9.248988627926278738e+00 9.533927445734148520e+00 9.818307515520725559e+00 1.136460530257590840e+01 3.189151320330188000e+01 2.605584621304047488e+01 3.607733376108382828e+01 3.960224523950663666e+01 4.284457355477269402e+01 2.673510339349830645e+01 4.764342886140652666e+01 6.135104899853961768e+01 5.924930894952316152e+01 6.400047254428336885e+01 6.919962231323239621e+01 5.726878611037048472e+01 6.897861927563774032e+01
0.000000000000000000e+00 1.999999999999964473e+01 3.302315958326664003e+01 4.138818805716661586e+01 5.159012006973144082e+01 5.111014988303093531e+01 2.930370047998581384e+01 2.986650191282546629e+01 3.298546339987680653e+01 1.107679169782527318e+01 6.115778269209002360e+00 6.406971726053275695e+00 6.703288290735298638e+00 7.005179908676486100e+00 7.311354160162313320e+00 9.882640874202929027e+00 1.981177622811271988e+01 1.293502948554579746e+01 2.542387687355045145e+01 2.701359924277447888e+01 2.318424496338614560e+01 2.862486782491193082e+01 1.047110705385064122e+01 3.087776148617076188e+01 1.499232219262096955e+01 3.522010523055764253e+01 3.670571394767623019e+01 5.337303648375911536e+01 5.573609030177184565e+01 4.510661938097019430e+01 3.166407273392179178e+01 5.278283808549517886e+01 6.554409036415550815e+01 7.298346964969501016e+01 8.143140825472592326e+01 8.010353226949845862e+01 8.010353226949844441e+01
0.000000000000000000e+00 6.324555539779064262e+00 1.299122776502523102e+01 2.299198667256409934e+01 4.309365525708387423e+01 5.994132697111428598e+01 4.798507157093786901e+01 5.030360018743329675e+01 3.217224313165750971e+01 2.078955269442120368e+01 1.092626052578096818e+01 1.071793752770271979e+01 1.994280880494746455e+01 2.343606166056835960e+01 2.550417910707273350e+01 1.009941338805701783e+01 2.908122133597262504e+01 3.075033939027636976e+01 1.929186572450663562e+01 3.549991222161675353e+01 4.031845075374730669e+01 2.495130479127713130e+01 3.118172689903325079e+01 3.775699496777430397e+01 1.802096821739256782e+01 2.983412340330038504e+01 4.949327033236828299e+01 4.858333783170041897e+01 6.506287013857931356e+01 5.984216831470853748e+01 4.106619026530045602e+01 3.753054178344471836e+01 4.430108506606138974e+01 5.201914828742942376e+01 6.699877627907294197e+01 8.743179755169519751e+01 1.019861720806928105e+02
0.000000000000000000e+00 1.993818460772077827e+01 3.301252823492120569e+01 4.138818959445541168e+01 5.149117700557631139e+01 6.381717720929513860e+01 6.923943499320414219e+01 6.095283937277589104e+01 4.282574721014408681e+01 2.225291897219877768e+01 2.515635953663107927e+01 2.326377143336011244e+01 1.576493204714334695e+01 2.037781036665763779e+01 2.426099029442118749e+01 2.826410433375651721e+01 4.035156092783046233e+01 3.840753899420981554e+01 2.368920546982446140e+01 4.081283401475374006e+01 4.708973848252360739e+01 3.798492908568935889e+01 4.153768157836927344e+01 2.211116782204423359e+01 3.777761023630289827e+01 4.574553640328313264e+01 5.824932998079144397e+01 6.508391148958878603e+01 7.250959800340471872e+01 6.225912807633307722e+01 5.619875665814002019e+01 5.880732637577631294e+01 4.595825966433628906e+01 6.709966958631886769e+01 6.934402677216489508e+01 9.030006449856085737e+01 1.056126648136856971e+02
0.000000000000000000e+00 1.161486089596217219e+01 2.641212458787214956e+01 4.840634196166681136e+01 5.121753141701049827e+01 4.883582544534438341e+01 5.911485988378409928e+01 5.836893595087518349e+01 5.243498049119914839e+01 4.326910289675617349e+01 4.777915579629490850e+01 3.528972431881157945e+01 3.462651139952048851e+01 3.625062379019784942e+01 3.404152164825131166e+01 3.838516775980457396e+01 4.373322015519833883e+01 3.997348896647967820e+01 4.121950833641083989e+01 3.105245217928537471e+01 4.907739989597149588e+01 5.496590375205020251e+01 4.155605433243212588e+01 4.155605434119661368e+01 2.616249103515670527e+01 4.550391351976661980e+01 5.769156584489284256e+01 6.622432365333276039e+01 7.724613044037091925e+01 8.280925253555986387e+01 7.689015894715302579e+01 7.403794725178565272e+01 5.322311425538553209e+01 6.709966958631886769e+01 8.750502742243480725e+01 9.900119976347377815e+01 9.376059892923056793e+01
0.000000000000000000e+00 1.417207862487180670e+01 3.449132457001106644e+01 4.108758291755824388e+01 3.509217095840472211e+01 4.877910172713473003e+01 3.732646217732999361e+01 3.827466941277226908e+01 5.842455871084079178e+01 6.073030079426980876e+01 6.465108360401615073e+01 5.549023320562409367e+01 4.675172073442561071e+01 5.169345603456937255e+01 5.025469731293022591e+01 5.320231650464005213e+01 5.746102616415405606e+01 5.663627966695662508e+01 5.717636026685002548e+01 4.134389310741107693e+01 4.384901331390821611e+01 6.293071869019504305e+01 6.070318052266515707e+01 4.550415127538464333e+01 3.743532113634719849e+01 3.051400341348660916e+01 3.924230068535505467e+01 5.024990202949882701e+01 6.919535287614695562e+01 7.828309079300318274e+01 8.641829000907003433e+01 8.240377303206970794e+01 6.811052554518148838e+01 6.811052554518148838e+01 8.834800912577401277e+01 9.689186996512098915e+01 7.717682046616064895e+01
0.000000000000000000e+00 1.998453082821664850e+01 3.187750991753268082e+01 2.363888925347133352e+01 3.868838925910700510e+01 3.137051700057435966e+01 2.146319885870293120e+01 4.200765742482340670e+01 4.438882710189165692e+01 4.310429845494413570e+01 4.733475331135872466e+01 4.348382884669604209e+01 2.617629465493009633e+01 3.105217763973293543e+01 5.169345412678416096e+01 6.723123502002313501e+01 5.968278173215377080e+01 6.399731054368481153e+01 6.815677877557982356e+01 6.056163476249163580e+01 6.293071869017631315e+01 7.051237673909501780e+01 7.262331543262200739e+01 6.449371233752779631e+01 5.652637822370567733e+01 4.975329523905371332e+01 3.536066881110326676e+01 5.445384040472188047e+01 6.320307515061130488e+01 5.928088748392144680e+01 7.533822673842816187e+01 8.641615252359987664e+01 8.834800912577401277e+01 8.834800912577401277e+01 9.669702051895791328e+01 1.048657518976928031e+02 9.376059892923056793e+01
0.000000000000000000e+00 6.575915243785114050e+00 1.333323057956785007e+01 3.026719507911877116e+01 2.525571662088499636e+01 1.110543367757211186e+01 3.131746979088748262e+01 4.304707325467070689e+01 2.507260625980486068e+01 4.285403137248911065e+01 2.622147514417561709e+01 2.606930024336388385e+01 1.443459176675902356e+01 2.890148654015420959e+01 5.005830700730176375e+01 5.644998383776348305e+01 4.082719787960916591e+01 4.535489123629150754e+01 6.399731063730154546e+01 5.514255366154684879e+01 4.688878205267132415e+01 5.514255363654236675e+01 6.608427154269035952e+01 5.782349891027407551e+01 6.608382332939865478e+01 6.239816827296593260e+01 5.445384040472166021e+01 4.048056745707944515e+01 4.433583895890412663e+01 4.848603465855061501e+01 5.928088733690519518e+01 7.828289070247679149e+01 8.260232282371184453e+01 1.022388013826822402e+02 1.148056965670108838e+02 9.494858863521676540e+01 9.494858863521676540e+01
0.000000000000000000e+00 1.933256107981511818e+01 2.036630387817835341e+01 2.090434676946143000e+01 1.430515295632019956e+00 1.519832243897628565e+01 3.066805811754150923e+01 3.482886470835163095e+01 1.527527776335760734e+01 2.549330001776753463e+01 2.322141774717248808e+01 6.592392715603421216e+00 2.560471140776342480e+01 4.027985071947468754e+01 4.750149758898358243e+01 3.968383590478477174e+01 2.939565722514574375e+01 4.878712496846561919e+01 5.167395839867445062e+01 4.523651936372390736e+01 2.712405767138825041e+01 4.523651936372390736e+01 5.609991757641611088e+01 3.784660210368468825e+01 5.441010800972044592e+01 6.266839888612425113e+01 6.739626079239172896e+01 5.387704273631852914e+01 5.764003894868990585e+01 6.172597263594206396e+01 5.645860210657406242e+01 6.349472965831950688e+01 7.688434870547449407e+01 9.640673348974394230e+01 9.939463012664951691e+01 9.326378638095077633e+01 7.511329798638907107e+01
0.000000000000000000e+00 3.325950523779641066e-01 6.652361001314778255e-01 9.980152341114528758e-01 1.331576461412411261e+00 1.841244659164187425e+01 2.711163056947793848e+01 3.523017744098123671e+01 2.530814945667710347e+01 5.792203657577650766e+00 3.895444485087822706e+00 4.231820719309520307e+00 1.882556717457088524e+01 3.050953964853808742e+01 3.265072993133845358e+01 1.960766852236886493e+01 3.706575524044131242e+01 3.946083002993601241e+01 3.317454217483595613e+01 3.500391483680057547e+01 1.726101824811319219e+01 3.689991618965819242e+01 4.783498993120351628e+01 2.792535652692179227e+01 3.446927691830889273e+01 5.441010800972044592e+01 6.453977372430095727e+01 7.283696535820334361e+01 7.663622999814289471e+01 8.079813255448951281e+01 6.725330033331174207e+01 8.260232282359891087e+01 9.078020157940621004e+01 9.939463012664951691e+01 7.954071798161420759e+01 8.318397874223141741e+01 6.512687161121596091e+01
