MOVIE_S1_data/elevation_000432.asc
nrows	100
cellsize	150.0
xllcorner	0
ncols	100
yllcorner	0
NODATA_value	-9999
[rows 51 to 67 of 100, columns 37 to 73 of 100]
5.329906261339395712e+01 7.458517984074988760e+01 8.724672942142593968e+01 9.118935403109364302e+01 1.000890730242171003e+02 1.080577154673543987e+02 1.178302008880359040e+02 1.059428364349198546e+02 8.507495272453977009e+01 1.059428364349198546e+02 9.746136637084948973e+01 7.686120464476115899e+01 6.191964807376431423e+01 5.462807624423539465e+01 6.615418188352016671e+01 4.688997455654883595e+01 6.838789391272192120e+01 8.640156397930931576e+01 9.783103703810117224e+01 9.211986908173240352e+01 7.195630437309600325e+01 5.710276564442896330e+01 5.020344365579848045e+01 4.875177682122001244e+01 5.067938276797581665e+01 5.264038312122282548e+01 7.364547299584631901e+01 7.665723364679915619e+01 9.730508901382208364e+01 9.878667990194892923e+01 8.465351342289454806e+01 9.878667990194892923e+01 9.603940449567716087e+01 8.504870111292066781e+01 6.934503988458995138e+01 4.850411587024503035e+01 4.302725733837461775e+01
6.835714612728041573e+01 7.072582725315669450e+01 8.580691337924361051e+01 1.061228503206983902e+02 1.143727277813557919e+02 1.067119973984069503e+02 1.052252203055691808e+02 9.856492531739182539e+01 7.755041404623719359e+01 8.916695019547361767e+01 9.770871956301475336e+01 9.128696880142175019e+01 8.289485232036965101e+01 6.615418218907674941e+01 4.646283427227140095e+01 4.492034131494870763e+01 7.180058604069371597e+01 7.653196036395623025e+01 8.501445441696242256e+01 8.532690112873318355e+01 7.298406806415859194e+01 6.444667930230218644e+01 4.605562473933053269e+01 6.685794440728787436e+01 7.162425787075977723e+01 6.478397662516204036e+01 6.752820342720281133e+01 8.841392582516954235e+01 1.013989282585265244e+02 8.962027140168866879e+01 6.979994852381283010e+01 8.962027140168866879e+01 8.242968036824059652e+01 6.926361902996880815e+01 5.570487865332990651e+01 4.205752439770270001e+01 4.445073018610382576e+01
6.779151724647925903e+01 7.650812050260056196e+01 8.521986223947361339e+01 9.580494989202024669e+01 1.067120354260906510e+02 8.465291619566625059e+01 8.410596405314824153e+01 9.888974490735282075e+01 8.916695019547361767e+01 6.811372885971537983e+01 8.916695019547361767e+01 8.945634638826433616e+01 6.819490189472688257e+01 5.583879067435615440e+01 6.265900621660958336e+01 4.318840478337451572e+01 6.175833547261262169e+01 5.566207663385855398e+01 7.653100853257647884e+01 7.067246146322304412e+01 5.601802179770643164e+01 4.370739596316544606e+01 6.444770503249780802e+01 6.303051453521252512e+01 8.388839734863067576e+01 7.973854231221751832e+01 8.841384440582768889e+01 9.675410356589991068e+01 9.321311816409755124e+01 7.254723101345850012e+01 6.033057777751015749e+01 7.272815456386263122e+01 6.676907030475287286e+01 4.245104974847080825e+01 4.113434530237588405e+01 6.181839381573622916e+01 6.516604788464687203e+01
4.843952301081825595e+01 5.532595054471497775e+01 6.586584446765884593e+01 8.715053289111013157e+01 1.039483536457847208e+02 8.299140278838537199e+01 6.885713274732832190e+01 9.029143785201111427e+01 8.373062948554870388e+01 6.281721525677442486e+01 8.373103181321214095e+01 9.783298138760147822e+01 8.573328610708126973e+01 6.861653847754432434e+01 7.220259150162185335e+01 6.177024610502665070e+01 4.107760114707441090e+01 5.966777480665741962e+01 6.821994071921345437e+01 5.985649500224021580e+01 4.142874295348546099e+01 6.212873841095220939e+01 5.470708338620946876e+01 7.563316747793216166e+01 9.227786394409719151e+01 1.002606438927365673e+02 9.135696574246134105e+01 8.293336884855339974e+01 9.135696572212364686e+01 8.962027224781527934e+01 7.272841807023328897e+01 5.183085356886954287e+01 4.658895965369956116e+01 6.010563672966992499e+01 4.048370759136485475e+01 6.119693921312273233e+01 7.238422018922373979e+01
6.898241585846561463e+01 6.512950592182181708e+01 8.521986223947361339e+01 9.580493930212692533e+01 9.420359411508714231e+01 8.299134963534537235e+01 6.189203695082463241e+01 8.113971184626099387e+01 7.255570179090592831e+01 5.809087993816191897e+01 7.266917930045599405e+01 9.361848333193358940e+01 9.939861647470277717e+01 9.027767211565114280e+01 7.721790504716821602e+01 6.030453471937573795e+01 5.968052690890798573e+01 3.899956357939515783e+01 5.761300197124933220e+01 3.917360895613607852e+01 5.985649500224021580e+01 7.067246145373860600e+01 7.563316747793204797e+01 6.955129005251319541e+01 9.031611844306955561e+01 9.135696563571376316e+01 8.099985331683490131e+01 6.206262821895407455e+01 8.099985331517990517e+01 8.316218194041263700e+01 7.785803131905088037e+01 6.723183829355936325e+01 5.927863531133418462e+01 3.956549791133468119e+01 4.657831823790974823e+01 6.283557298545471070e+01 8.714856774621851798e+01
7.920795274962594590e+01 8.632484635260018990e+01 9.498230233708171966e+01 9.776460615038735114e+01 7.675408974849320032e+01 6.461056050712710430e+01 5.627519619881478263e+01 7.041678683893125879e+01 5.209293771528357553e+01 7.255699730501044087e+01 8.739299279188089997e+01 9.267253993534652068e+01 1.010049586716442462e+02 8.895946751708305555e+01 7.792091556199819991e+01 6.900075014993460343e+01 6.230061760047162522e+01 5.683274813666338332e+01 3.694739025762120121e+01 5.761182444892033061e+01 6.839774809229560049e+01 7.996751739399988423e+01 8.849384613259618959e+01 9.031611844306955561e+01 9.863902102195184796e+01 8.293336884843031953e+01 6.206262821895407455e+01 5.164130993330051922e+01 6.398329106783057085e+01 6.233958049662624035e+01 6.971911894392358988e+01 5.021942768106614352e+01 3.865626246118947051e+01 4.903466941011607361e+01 5.745701892979732150e+01 6.145597359249276082e+01 8.336245176750621511e+01
6.151057181430244469e+01 7.633227152561975970e+01 9.761661175719369510e+01 1.062419414090185512e+02 9.420359411508714231e+01 8.243041914049273089e+01 6.162219761071665403e+01 4.989914516223674923e+01 4.811369288764248608e+01 6.854362837239480655e+01 7.805071761552861176e+01 7.197636423245373294e+01 9.263551570568110094e+01 8.027043258013773652e+01 5.869356670850594071e+01 4.912165684581592728e+01 4.279078217455845845e+01 4.511538362812898129e+01 3.590691332724386342e+01 6.098533432438760116e+01 6.650175137983578111e+01 5.867628738995485804e+01 7.384074535365392933e+01 9.475885354737138755e+01 1.049222306162160407e+02 9.135696563571376316e+01 8.099985331683490131e+01 6.398329106783057085e+01 4.326980309617062659e+01 4.764687724567805560e+01 5.706709144343334117e+01 5.770078333812641347e+01 3.801198469564871374e+01 5.862430182464227357e+01 7.373949898571508754e+01 8.151982396647312612e+01 9.198844615506779121e+01
7.903062418878954531e+01 8.419094831427698011e+01 9.291580301538299125e+01 1.028796041563287815e+02 9.457594161716400549e+01 9.099642992368957550e+01 7.900444980860864064e+01 6.468270091255978116e+01 4.414890551061381530e+01 6.468269348229419791e+01 5.743012811663513872e+01 7.805071761552299847e+01 9.309778948360968798e+01 8.989861692185792208e+01 7.844095725734614177e+01 6.910878321000477342e+01 5.532944994342602030e+01 3.444852148930807090e+01 5.338124267331414785e+01 5.794534783720136772e+01 4.583666668494197438e+01 5.582762533425037788e+01 7.101956626726968125e+01 9.203859433352042174e+01 8.448685216511800888e+01 8.448685216511802309e+01 6.843955314521812738e+01 5.976664664066159816e+01 5.432981621407322592e+01 3.582890822311323120e+01 3.646414874596646882e+01 3.709716916371726825e+01 5.636545846468258958e+01 6.681516807670915625e+01 7.390526659925986053e+01 8.090909339810500001e+01 8.935785992714036752e+01
8.001815008660190642e+01 6.137338296985580399e+01 8.002250966429090795e+01 9.131654370813339483e+01 7.455600619381984018e+01 8.561403422501551574e+01 7.653485929096146378e+01 5.591387362744794842e+01 4.130872490296950872e+01 4.649938660930507695e+01 5.485211427638967763e+01 6.395499653245479266e+01 7.860919056827343354e+01 9.909740629853108373e+01 9.118217796634417027e+01 8.282309893967881465e+01 6.159811942004172636e+01 3.343099418322175609e+01 3.684640370110738417e+01 3.854401887853222064e+01 5.806526663816681832e+01 7.515898977045506513e+01 8.573172387472537537e+01 8.500982324364751719e+01 8.448685216511802309e+01 6.353248138356641306e+01 5.977146253774437668e+01 3.924870336404311644e+01 3.493529585496932555e+01 5.554735247254774322e+01 5.706680851815038835e+01 5.603211194443588283e+01 4.089611560868635820e+01 4.676321139059439247e+01 5.294967462491279520e+01 5.989761300156963131e+01 6.937454394559098603e+01
7.074386894322304897e+01 4.764859326296790698e+01 7.074386894322304897e+01 8.301742651133717743e+01 6.281459848209958352e+01 6.544633636922563369e+01 7.385716111497522718e+01 5.324171934146416163e+01 3.857574787365826552e+01 5.595712121306897302e+01 6.431238903526721629e+01 7.592144466667905078e+01 9.309778948360968798e+01 8.665787846142409023e+01 8.283259185029149307e+01 6.231021527415030192e+01 6.739247292080590057e+01 5.259247684963147407e+01 3.199055356712145226e+01 5.117400779525553389e+01 5.952486278412536080e+01 6.966886280131599563e+01 7.883329468026694542e+01 6.423916383657403628e+01 7.883329468026387588e+01 7.123414650470692777e+01 4.978919480411695986e+01 5.492324437860990827e+01 3.430643150653984463e+01 5.492358712410130295e+01 7.316925666219187008e+01 6.919544009296252796e+01 6.157576107510565322e+01 4.532293268484136206e+01 6.611239331239455908e+01 7.971479198156042401e+01 8.935785992714036752e+01
6.214044478166825058e+01 3.983874004102851529e+01 5.933501597432240970e+01 6.904054068035092939e+01 7.135331831026093141e+01 5.101482619585729594e+01 7.135331830603973913e+01 6.782523782602905271e+01 5.595712138237686872e+01 3.535148930329254569e+01 4.723626933647956605e+01 6.758677022977521176e+01 7.284209116404350937e+01 6.520077329184749715e+01 8.016011592695953425e+01 6.792078355172191095e+01 4.782472251467037694e+01 4.091729417249032963e+01 5.027998765110578461e+01 3.060901432064697758e+01 4.081600011604601974e+01 6.130367236000378739e+01 6.958013356188939724e+01 4.957271029845365717e+01 6.957082624854093922e+01 6.662169606531973898e+01 6.198108706058235384e+01 5.342421582205115271e+01 3.368093010626211736e+01 4.394200479212982913e+01 5.867713312176856988e+01 7.965356702904600184e+01 7.466526603718509136e+01 5.453022166586899999e+01 5.027124910813540737e+01 7.118463424921080218e+01 8.187481988699286717e+01
5.399140248645205276e+01 3.332572869451844610e+01 3.472118717735239812e+01 5.397601459164856408e+01 5.731149197404446483e+01 4.489426563996048714e+01 6.522015181773903691e+01 7.106311625551640532e+01 5.365305341230291702e+01 3.339570224932433717e+01 5.230293935187179954e+01 6.420219395598461176e+01 5.191612145545082058e+01 5.037984306250167066e+01 7.148541389132296331e+01 7.670541611904042156e+01 6.826361845216833046e+01 6.137758923272279787e+01 5.018222408087986963e+01 2.966111536221096046e+01 5.018216804979144996e+01 6.965801598952822360e+01 6.103555062937370224e+01 4.041296377550924035e+01 5.136723473262765083e+01 4.587985959577110862e+01 5.255028098658365820e+01 3.280803833390166346e+01 4.177400711879266737e+01 4.533191076764968841e+01 6.000319466048562589e+01 8.091308272622391939e+01 8.397722663421065192e+01 6.665890348083273409e+01 7.118463424921080218e+01 5.559354109139808742e+01 6.082125942363306592e+01
3.398400456598444919e+01 4.852685628615324731e+01 3.265483643654411594e+01 5.155627499519117407e+01 3.691724896806776002e+01 5.149624888702513203e+01 6.350001266316136395e+01 6.315382223239728887e+01 4.574177022451672059e+01 3.834291797587322748e+01 3.086470335944888532e+01 4.885131671926680497e+01 3.715760589688262883e+01 5.797769635593274984e+01 6.225264299968698367e+01 6.222325493893673354e+01 7.080313267593962223e+01 6.421945543268095946e+01 4.911793771329051594e+01 2.872081438902618089e+01 4.879379031731334493e+01 4.937385458961116314e+01 4.995580584340251562e+01 4.784056833129699982e+01 3.078182605193823562e+01 3.134929856872222587e+01 3.194917600896636145e+01 5.074515842940937915e+01 5.997793739483501696e+01 6.601550865419518743e+01 6.612756254844578052e+01 8.692520088263233902e+01 9.592510225016694392e+01 8.753591553630111832e+01 8.244871529400545285e+01 6.140208303183719352e+01 8.187481988699286717e+01
5.447572042986050889e+01 5.588814957358430036e+01 3.613148181421798455e+01 3.196986463779172638e+01 3.150210987996794643e+01 3.107544783055407933e+01 3.068345970843261838e+01 5.067411784103202166e+01 4.992580523990518770e+01 4.464687674163996434e+01 3.080968736547947628e+01 2.830414632736965430e+01 2.782476933835236110e+01 4.757139208773831740e+01 4.132343255821414374e+01 4.110396884437654563e+01 6.143075672818610400e+01 5.368441003472450745e+01 3.205276573757492287e+01 2.777063439813499457e+01 2.833548599957697078e+01 2.889097519657429203e+01 2.944210186560254527e+01 2.999278957230777110e+01 5.053880800569187670e+01 5.054341454787300592e+01 3.267512018656427131e+01 3.506089671144173536e+01 5.584987510438811853e+01 5.929139849345813928e+01 8.007855116290930653e+01 8.069946952331162038e+01 8.915193663458312301e+01 1.010414733179609925e+02 8.244871529400545285e+01 8.244871529400545285e+01 7.204229275042628444e+01
6.210700617880551988e+01 4.210617916363369773e+01 5.580559289637455578e+01 3.675822838630193701e+01 5.203183065543317554e+01 4.226396410868581910e+01 3.147055776460113918e+01 3.013519274243456536e+01 2.973457404973880003e+01 2.932963939239239437e+01 2.891884481775149141e+01 4.763771361186329045e+01 2.784396011944740223e+01 2.732282206114902579e+01 2.687439529748366240e+01 2.796924223788205666e+01 5.274388739655883995e+01 4.681332584996896884e+01 2.705452235254952598e+01 3.039362558840863215e+01 4.879467403660033398e+01 4.937436067476419055e+01 4.995579009750048272e+01 4.086482651619332529e+01 5.777692886312517118e+01 3.999191285318660505e+01 5.549603748489832356e+01 5.584987510438811853e+01 3.864225709014281307e+01 5.929139849345813928e+01 6.949475212545202396e+01 5.973744186994342442e+01 7.191817516558263890e+01 9.269494069407821257e+01 1.029693808783070637e+02 1.011892872169867985e+02 8.422705817449369192e+01
4.843603122877276945e+01 6.210700915269889322e+01 6.809770520500785551e+01 5.848894879628791443e+01 4.368154768940399180e+01 4.527767066949006391e+01 3.214916461998424069e+01 5.071938171077750468e+01 4.360312182889580868e+01 3.864494794781187181e+01 5.836144554790862315e+01 5.249591972512692450e+01 3.335275279712573848e+01 4.776791337209638755e+01 4.675137752534462265e+01 2.621061739957956860e+01 4.006040012048673304e+01 2.627097621586907294e+01 4.609438263561175830e+01 5.091015346077891479e+01 3.529910668540960472e+01 5.591634474470333060e+01 6.754706669557145915e+01 5.941021600896487342e+01 6.422592154430107314e+01 4.409420830663840718e+01 6.452819244370769525e+01 6.785410996777362413e+01 5.929042838705271379e+01 4.219597602483016630e+01 4.862288846729357772e+01 6.949475212545202396e+01 8.915110447393038839e+01 9.186353983346572250e+01 1.002227849573134364e+02 1.071899062977864503e+02 1.046413138432424432e+02
6.842927651830918023e+01 6.475064356327496284e+01 7.058096228720873455e+01 5.178828493910975794e+01 6.171969962465960435e+01 5.868995546760329063e+01 4.190037034212546274e+01 6.406836848687309782e+01 6.295179004949071100e+01 5.470573650215094830e+01 6.139574918653260482e+01 6.114180026888911357e+01 5.282174134466315252e+01 6.137805041010334151e+01 5.517327263782563307e+01 4.614375154688650582e+01 2.556547141845643623e+01 2.571167968086991351e+01 4.679942709313029781e+01 6.425681340073580827e+01 5.591636246305506575e+01 4.055609598831568263e+01 5.243721924338919393e+01 7.326492949862681314e+01 7.299405523140092100e+01 5.418934224952272416e+01 5.055290072499947485e+01 7.123995498112391545e+01 7.145331185712173294e+01 6.289456002817569669e+01 4.612536005680188111e+01 6.693745491761384869e+01 7.486737702882541612e+01 7.104791435859658577e+01 8.678109298979583741e+01 8.678109298979583741e+01 1.024573532404230178e+02
