MOVIE_S1_data/elevation_000792.asc
nrows	100
cellsize	150.0
xllcorner	0
ncols	100
yllcorner	0
NODATA_value	-9999
[rows 68 to 84 of 100, columns 0 to 36 of 100]
0.000000000000000000e+00 1.114712682545273026e+01 2.707260303387316469e+01 2.876289616284624273e+01 5.535918866618432688e+00 4.046604805676074612e+00 4.367126176721626507e+00 9.318918200217634507e+00 2.392262202229930068e+01 2.961591127516041411e+01 1.280840512697569800e+01 2.573226148829665760e+01 3.935748207787776920e+01 4.206940123258726771e+01 3.226364534698276287e+01 3.571024308189625884e+01 2.309299934123593445e+01 4.195687937305992676e+01 3.697256368274440064e+01 5.279764012590302258e+01 5.145600171919124222e+01 2.934165094746579783e+01 1.222487728274284358e+01 3.065846065825126487e+01 2.654125516199590606e+01 3.264532538321001454e+01 2.379293940959499309e+01 4.328486316712735515e+01 4.790579829002116696e+01 2.807535986521547500e+01 4.615340107262421299e+01 2.614905099325273241e+01 3.871718583140456360e+01 3.927080925670608735e+01 2.683288191422371227e+01 2.618376993324542568e+01 4.130844431742043099e+01
0.000000000000000000e+00 1.999999999999964473e+01 3.107578829125078457e+01 4.007583548173801802e+00 3.592439789683617768e+00 2.110624074970587927e+01 2.437254322778834847e+01 9.698866083249139791e+00 2.623210254545005782e+01 3.437506294979046118e+01 1.564464592364178763e+01 3.471112402828694599e+01 4.671973181929580221e+01 5.850975467000071717e+01 5.447458411109980148e+01 4.684503457865080378e+01 2.771500413261866314e+01 4.684503765766625349e+01 5.797189184838236997e+01 6.166747674387424638e+01 4.473605481177408194e+01 1.308981167986882710e+01 1.261007804002463750e+01 3.205348521138339635e+01 3.909968937027434066e+01 4.826879288552663638e+01 3.530797475800168428e+01 5.120026453306890346e+01 5.657706247307731928e+01 3.806745318953377932e+01 5.221567595796103944e+01 3.197586377053715978e+01 5.221979581456047015e+01 5.221277371191359151e+01 3.377465407359959926e+01 4.405311893060480344e+01 3.401851928411053194e+01
0.000000000000000000e+00 1.689920926761704578e+01 3.413947918271054505e+01 2.549537234531405261e+01 3.270614090651769335e+00 1.903641674611935386e+01 2.846528369712714124e+01 2.780049732308504673e+01 3.505719989826174299e+01 4.218235785856474962e+01 3.508816775051252534e+01 2.036136105814840747e+01 4.029285710117498809e+01 5.372081016131742359e+01 6.245837955646518225e+01 4.333601928587513896e+01 4.684503771535448635e+01 3.705000168239663338e+01 5.594294604582606922e+01 5.377934999617002632e+01 3.155138113827765523e+01 2.215452339665588610e+01 2.311866647910941808e+01 1.315399900533985722e+01 3.667520648242238934e+01 5.232764807210595848e+01 5.420324776610397777e+01 6.216436399294196491e+01 6.670030393730212381e+01 5.257514683414009937e+01 5.910647398741522807e+01 3.866288034645352667e+01 5.910647398741522807e+01 6.037396006188920694e+01 4.269139892186901619e+01 5.740739256792578260e+01 3.968913811879141917e+01
0.000000000000000000e+00 1.414213562373107536e+01 3.414213562373178235e+01 2.969802553502302800e+01 4.909740682097266884e+00 2.815437221254738276e+00 2.213183472706990074e+01 2.621253633982445308e+01 3.001059528723769532e+01 3.817597865113643252e+01 4.810308228385609652e+01 4.029290803586997782e+01 2.619310492735682772e+01 4.601504306319434079e+01 5.989106098884183638e+01 6.245837967143493330e+01 6.294374569868816849e+01 4.611412718073359684e+01 6.294374569868535474e+01 5.332785186587108939e+01 3.544017668802993626e+01 2.315609610773007176e+01 3.083620729642807134e+01 1.353816492769207969e+01 2.669905796895672268e+01 4.407067918262634265e+01 5.469330721952979957e+01 6.351493738833423919e+01 7.583335379464905657e+01 7.258309732615127530e+01 6.775697243943174897e+01 4.879412669479043529e+01 6.775697243943174897e+01 7.004981692561094064e+01 5.601635959165930245e+01 6.550499703026765985e+01 4.809955051660269731e+01
0.000000000000000000e+00 1.489534670359632429e+01 3.649426788924164100e+01 3.934227627701983465e+01 2.623427329427176957e+01 1.946218314565014040e+01 2.360427224084874709e+00 4.648879434715281533e+00 8.929709130913726867e+00 3.011815913588176841e+01 4.705316175282753477e+01 5.372550236649188093e+01 4.601504306319420579e+01 3.301642158438840369e+01 5.225776236579178402e+01 6.690674367199663664e+01 7.091143143883870437e+01 5.793212985721861230e+01 6.807537366461065176e+01 4.630350465393675563e+01 3.421747679039007295e+01 3.644373696612247215e+01 1.408178355900435541e+01 2.227936234583678043e+01 2.025690924365096635e+01 2.531167299591442088e+01 3.261567656759093836e+01 4.565951915994126153e+01 6.735792605665909605e+01 7.294608641205620359e+01 7.820554805652886898e+01 6.997929634606138904e+01 7.885290267687943810e+01 8.166688982376516037e+01 7.579637557799136971e+01 7.514014133914078286e+01 6.683698174732867869e+01
0.000000000000000000e+00 1.827134227315200121e+01 2.243735317107346816e+01 2.281410856000570320e+01 7.465856077180927031e+00 2.191569765046220652e+01 2.039792697999112558e+00 1.625352428943713079e+01 2.716122534963318458e+01 1.847366435289323050e+01 3.348508637938628851e+01 5.286274780400061957e+01 5.989106098722896832e+01 5.225776236579178402e+01 4.065701603317701540e+01 5.930667857526598397e+01 7.608089180367747417e+01 7.446708432394216004e+01 7.756894073034483483e+01 6.128380999900532800e+01 4.974111246715788326e+01 3.501051193740446621e+01 1.446566728293653448e+01 3.197930373182001773e+01 3.348909265064519047e+01 4.419099934339957514e+01 5.469330721952974272e+01 6.351493738811668521e+01 6.829716120495892540e+01 5.427193594689826028e+01 6.829716120495982068e+01 8.368185272628795701e+01 7.590270232743971235e+01 6.208200682202924270e+01 7.590270232743971235e+01 7.102164318131701748e+01 7.696262473740158327e+01
0.000000000000000000e+00 3.170241189066886900e-01 6.340971279924331183e-01 9.513421622719185899e-01 1.268796548463830831e+00 1.587690426416665801e+00 5.441496508754791073e+00 1.334466227735607902e+01 2.349320440383011643e+01 3.746690071085222229e+01 3.092048178039773276e+01 4.242851681336414771e+01 6.132942741233355832e+01 5.930667857526599107e+01 5.930667857526598397e+01 5.012961159767844777e+01 6.848377522404234696e+01 7.045736690493269805e+01 5.928339694788450487e+01 5.016920609942609133e+01 4.050277742410872861e+01 1.502762485988319519e+01 2.161685444078057117e+01 1.631783028093584420e+01 3.529769968588520612e+01 4.543607250452900104e+01 5.481349198726871208e+01 5.747503520868038152e+01 4.936197521165912150e+01 4.119875707654455255e+01 6.017398542104756132e+01 6.406401397815409382e+01 6.712528830626965259e+01 4.809056487621928966e+01 6.331957176678842103e+01 5.134946018298209225e+01 5.732834952898517145e+01
0.000000000000000000e+00 1.672846198591719613e+01 1.360616544052999899e+01 1.193681120817098673e+01 1.943749835166610751e+01 1.507632633705456637e+00 1.428995080049311639e+01 2.718401522471295806e+01 3.628016896878273911e+01 4.636181039758893974e+01 5.041698159008947755e+01 5.818631788235911984e+01 6.905759251506786711e+01 7.763919451329533672e+01 7.608300186009387289e+01 6.074314974061133654e+01 7.608300186009387289e+01 6.148631830586701597e+01 3.885260718731848328e+01 2.805237010618295557e+01 2.128521875812485575e+01 1.542211897872145521e+01 3.089850984357522279e+01 3.541330184844255058e+01 1.814628145095179690e+01 3.750023461120063217e+01 3.496121095502461174e+01 4.216713435856345882e+01 3.021708952492514300e+01 4.306523631317453038e+01 6.261692092081933225e+01 5.007114914601240230e+01 5.369328583969743818e+01 3.913901597945292110e+01 4.352871505555211940e+01 6.331957176678842103e+01 7.696262473740158327e+01
0.000000000000000000e+00 1.975733014817968680e+01 2.918100183481670484e+01 2.282824742249670891e+01 2.313560154710591732e+01 5.016655136914712543e+00 2.474020063555473570e+01 3.302682922251702280e+01 3.784950509411627451e+01 4.188628942914052544e+01 4.687429348820639063e+01 5.214397089132781815e+01 5.818966729536406035e+01 6.605602880977110658e+01 7.538647345815880385e+01 7.905766627557973436e+01 8.666593435032780235e+01 7.045736690493271226e+01 5.928339694788450487e+01 5.016920609942609133e+01 3.916379839815125763e+01 2.569075219057183901e+01 1.597454292708492041e+01 3.758488898546214330e+01 3.744956962752283403e+01 1.996346023586962559e+01 2.124836156365428863e+01 2.253156632455474551e+01 2.382031286413711868e+01 4.358158035073058301e+01 4.725016818751281278e+01 4.885951031231905262e+01 3.372988372067602825e+01 5.369328584697134943e+01 6.331957176678842103e+01 5.756551543252159320e+01 7.148460248723552013e+01
0.000000000000000000e+00 1.449338970831373885e+01 3.435192145408124986e+01 3.675876965838236288e+01 3.281918226777705883e+01 2.583850176789847097e+01 9.056999121752213000e+00 1.327671383035598573e+01 1.781305923914520406e+01 2.252655186730907744e+01 2.821089125534907538e+01 3.388927288792566372e+01 4.005257808327531421e+01 4.899599080794623518e+01 6.738334378281115278e+01 7.746076996506754142e+01 6.927486203083880412e+01 6.658391993751102689e+01 5.834669620680026725e+01 5.617915315669303311e+01 4.788454531838824835e+01 3.593002416719694025e+01 1.636173438017710779e+01 3.618520599581464836e+01 4.739710823400461948e+01 3.102820233936421346e+01 4.077581233576992048e+01 4.216713433838111769e+01 4.355714821785638691e+01 2.575406267306410157e+01 2.725327187031232512e+01 2.882307200714583217e+01 3.067042895579147554e+01 5.070372463052925838e+01 6.151014709732613284e+01 7.721109260771980587e+01 7.390463524790318672e+01
0.000000000000000000e+00 1.999999999999964473e+01 3.342240893189121920e+01 4.499902368082548065e+01 4.223206854674517530e+01 2.266381459723062974e+01 2.985601810692492109e+01 1.604687095553792986e+01 3.624240748542572987e+01 4.188628942914052544e+01 3.408914605493579586e+01 5.214397089132781815e+01 5.818966729536406035e+01 6.605602880977110658e+01 7.538647345629300389e+01 6.927486203083880412e+01 4.972124001574814400e+01 5.544836330720960405e+01 3.886956336703224935e+01 3.675426606446559674e+01 4.754157607367594807e+01 3.649850988327890633e+01 1.674599497265170811e+01 3.657868459227661617e+01 4.796928259252212712e+01 5.085044682994263354e+01 5.903698365371205625e+01 5.198605788129040661e+01 3.200937466251001950e+01 4.566929693681428404e+01 3.883972223359431553e+01 4.885951031780975740e+01 5.070367852037908563e+01 3.335729131697539174e+01 5.333880914426079300e+01 5.828611242105092316e+01 5.458097497966370781e+01
0.000000000000000000e+00 5.163977809772992700e+00 1.671110279288819811e+01 3.671378132555680907e+01 5.004176846823388303e+01 3.674897427771677627e+01 4.120195334066803383e+01 2.178241380672155714e+01 3.275866898048758458e+01 5.159278262722069996e+01 4.337207110436598612e+01 6.033925467229651929e+01 7.527386119246310159e+01 6.702262811367781126e+01 7.527386113252883604e+01 6.686070110323750271e+01 5.544836330720960405e+01 3.579754915724629427e+01 4.240468668751917392e+01 1.826141550106632039e+01 2.983308034923946650e+01 3.698256767720314286e+01 1.712816072837730985e+01 2.058637280874355469e+01 3.973130649703000472e+01 5.797788134973999519e+01 6.790961350734481528e+01 5.668097293251764768e+01 3.676213532311210486e+01 5.668097293251764768e+01 5.873908157698829058e+01 6.690177100611848005e+01 4.971038541342837647e+01 5.333874763651049022e+01 3.612885940557650599e+01 3.840778785237698401e+01 5.691362590217019601e+01
0.000000000000000000e+00 1.999999999999964473e+01 1.410827290711303661e+01 3.411038207447621318e+01 5.308884929563483723e+01 5.546942912042594287e+01 4.639564228504355015e+01 2.766953063740853125e+01 4.639564186693317538e+01 5.942652613748578716e+01 5.621577457721903670e+01 6.961892367588440322e+01 6.535464641634112581e+01 4.721808501353832099e+01 6.535464641634112581e+01 5.270683775761843037e+01 3.855297441199928699e+01 4.494456131859076464e+01 2.508310906126738615e+01 1.845568159503261185e+01 1.806108782726315098e+01 1.766972794011799408e+01 1.965443747004851360e+01 3.942036130822496176e+01 2.972060514086546945e+01 3.981843247156882626e+01 5.966558324711478178e+01 6.180312749726903832e+01 4.196510817128660875e+01 5.603047631481070567e+01 7.573954027280902324e+01 7.762880976082900020e+01 6.948345531471062486e+01 5.402640180107851364e+01 3.994842162814192221e+01 5.828610474695398835e+01 4.176158008926589105e+01
0.000000000000000000e+00 1.999999999999964473e+01 3.411038207447621318e+01 2.479904677084742204e+01 3.894329813106742932e+01 5.894913830567860913e+01 5.330488296272896775e+01 3.502475043226649376e+01 4.301344451114844958e+01 6.144469870529676570e+01 7.494930893710782982e+01 7.114067815248924376e+01 5.131294920238111956e+01 3.725931246796781693e+01 4.823822762437554701e+01 4.441370501212705335e+01 2.298161093904874264e+01 3.897978926536409006e+01 1.902100128403208146e+01 2.404028309055222579e+01 3.717453677026616532e+01 3.748054619998708858e+01 2.055049368315762948e+01 4.061959816881554985e+01 4.974200785631678912e+01 5.797788195076424245e+01 6.790961627527707378e+01 6.995243910230504980e+01 6.180312749726903832e+01 5.137122183885706050e+01 6.534898526671805996e+01 8.500589762177686737e+01 8.188279383440747949e+01 6.376191605020725461e+01 4.396439417715853182e+01 6.376191654452082247e+01 6.216670787206167148e+01
0.000000000000000000e+00 1.414213562373107536e+01 3.414213562373036126e+01 4.480287305487674843e+01 4.480285214136513616e+01 6.480809102831835844e+01 6.113344581858964233e+01 4.553209842286359788e+01 6.113344581855825055e+01 6.937619154312297098e+01 7.716689488426185051e+01 6.892120280814422983e+01 6.535464642362256882e+01 4.823822762437554701e+01 2.831560555355003572e+01 3.997074892242950739e+01 2.000090947257070084e+01 1.959350920385687544e+01 2.416518888866877646e+01 2.722448768508067474e+01 4.713363783865095513e+01 4.873114045572493325e+01 4.061959816881554985e+01 2.374031231251423080e+01 4.381346705330312830e+01 5.529043855538588303e+01 6.514334977252919145e+01 7.326692396710161859e+01 7.924304773402901958e+01 7.110636159832513670e+01 6.534898526671805996e+01 8.500589762177686737e+01 8.187503890812189411e+01 6.221280639334921148e+01 4.822821285326600105e+01 6.224177194829820081e+01 8.187503690370226650e+01
0.000000000000000000e+00 1.154700538379261765e+01 2.568914100752381913e+01 4.568914100752452612e+01 5.180219876468682116e+01 5.030214071129846332e+01 5.864986535283382096e+01 6.392270418353849237e+01 7.189678362640856335e+01 8.208762993619366455e+01 6.892120274320728868e+01 4.908756382268299490e+01 5.489669348482913591e+01 4.616418621474895190e+01 2.778717494340543936e+01 2.058219649038966281e+01 3.998737705133635956e+01 3.374938202613541449e+01 3.790790216264365853e+01 4.731703124116555870e+01 3.734668719105231105e+01 5.729270330122248112e+01 5.203612585272429669e+01 4.381346705330332725e+01 2.710725634420454710e+01 4.707402704479188316e+01 4.546202809759928698e+01 6.513416842826831044e+01 7.185527937648529928e+01 8.034764381560397339e+01 8.500589762177686737e+01 9.313711020134007867e+01 8.402213431707144764e+01 6.436449737366250190e+01 5.421822776299327984e+01 6.436449737366250190e+01 8.402213431707140501e+01
0.000000000000000000e+00 1.999999999999964473e+01 2.808709532699467104e+01 3.245542651805639167e+01 3.175589278792163839e+01 3.026143800276570772e+01 4.441711482802407573e+01 6.450986184384998978e+01 8.275035232720263423e+01 6.810046658139023634e+01 5.411341716529555868e+01 5.489670215297267930e+01 3.507308146534125370e+01 2.791067432624837252e+01 2.116921819180415199e+01 4.058221168763211750e+01 4.865032815415845135e+01 5.368444159982964692e+01 5.838046339212309732e+01 6.553345501028178433e+01 5.147483927778596069e+01 5.364618958240708224e+01 6.486571321686497527e+01 4.510334434155048910e+01 3.105487474883868870e+01 3.142641995088115081e+01 5.117744272099674419e+01 5.897836865271995777e+01 5.180904953272463587e+01 6.604997437419405060e+01 8.738547345307041780e+01 9.963314697544852550e+01 9.215688637896758451e+01 8.012511184802299624e+01 6.046682769727281936e+01 8.012511184802299624e+01 9.215688637828684193e+01
