MOVIE_S1_data/elevation_000712.asc
nrows	100
cellsize	150.0
xllcorner	0
ncols	100
yllcorner	0
NODATA_value	-9999
[rows 0 to 16 of 100, columns 0 to 36 of 100]
0.000000000000000000e+00 1.999999999999964473e+01 2.798632988391056742e+01 1.306396342085811213e+01 3.306714243408686116e+01 4.660396921604969833e+01 6.074550541105796242e+01 6.478628113750650641e+01 7.306997441009109195e+01 7.483212786416258666e+01 8.311608594048372822e+01 8.654190833030786223e+01 7.833158634899854178e+01 7.833158634899854178e+01 8.654190833030786223e+01 9.801779609673091898e+01 8.515070553250863838e+01 7.694382982268025728e+01 7.808402857975833911e+01 6.982191087538735985e+01 7.561579146758634806e+01 8.226971156726260404e+01 9.051263585751009089e+01 1.004533464417816049e+02 1.125612911579865880e+02 1.067288350694370536e+02 1.067288350694370536e+02 1.149825582978654239e+02 1.122543969249366427e+02 1.040018891349614876e+02 8.879854548601439035e+01 8.055392587164391216e+01 8.423389308401073095e+01 9.245905622697489434e+01 8.990370879103529944e+01 8.990370879103529944e+01 9.814959195588690477e+01
0.000000000000000000e+00 1.999999999999964473e+01 7.983551793842906363e+00 2.798632988382915343e+01 1.831728703009601489e+01 3.246243302104117134e+01 4.845839108914503868e+01 4.478878154012995338e+01 6.069176144592994859e+01 5.483462989857288505e+01 7.483212786416258666e+01 7.505153319002390333e+01 5.839635228345136397e+01 5.839635228345136397e+01 6.990772672354674455e+01 8.983879259527999750e+01 7.665889425938337354e+01 5.678504140841759806e+01 6.246544392462716644e+01 4.967539641306617426e+01 5.554520035019540813e+01 6.230795126823852570e+01 7.233677100434856300e+01 9.220265213017880512e+01 9.265277582505386533e+01 8.682228118126317895e+01 8.682228118126317895e+01 1.067288350694370536e+02 1.040018891349614876e+02 8.409960864054814067e+01 8.055392587164391216e+01 6.070099097657428899e+01 6.437110381128699998e+01 8.096286138128091636e+01 7.002636486569427632e+01 7.002636486569427632e+01 8.990370879103529944e+01
0.000000000000000000e+00 3.202563980173849245e+00 1.734629703490664454e+01 3.627071498401348748e+01 3.832015217142643593e+01 2.409264621794507377e+01 2.845853275877772859e+01 3.362384495185246180e+01 4.069504659265771096e+01 5.483462989857288505e+01 7.483212786416260087e+01 6.682197359489670418e+01 4.687433432899285179e+01 6.682197359489670418e+01 7.163432149859447406e+01 7.985396634598470200e+01 7.268654103468091421e+01 5.506087420471667571e+01 4.228475773815873140e+01 6.246544392452716465e+01 7.561579146753317104e+01 8.226971156725738865e+01 9.051263585741757822e+01 1.004533464259988023e+02 9.265277582505075316e+01 7.274266806379640116e+01 9.265277582505390797e+01 1.055366739632757316e+02 1.040018891349614876e+02 8.409960864054814067e+01 7.004163089239028750e+01 7.276710709824438084e+01 5.294822149904537412e+01 6.649321931511016714e+01 5.601667809359367567e+01 7.002636486569427632e+01 8.990370879103444679e+01
0.000000000000000000e+00 1.999999999999964473e+01 3.142112930089383482e+01 4.563232649057415102e+01 5.237761410990941613e+01 4.409406419927353227e+01 4.845839108914503868e+01 4.776483824561528024e+01 4.776483824561527314e+01 6.776194465504627829e+01 7.538806650879398319e+01 5.544967389749291442e+01 4.131874327689311599e+01 5.752919289867163855e+01 5.168665733356701963e+01 7.163432149859447406e+01 6.873338939732998654e+01 5.129388733302154435e+01 3.819012766359358579e+01 5.820731673237652615e+01 6.603475748777637477e+01 7.431121876005279603e+01 8.275624433756114229e+01 9.396903946635835325e+01 8.664965246326867998e+01 6.675122842349917107e+01 8.664965246326869419e+01 8.563053748996982506e+01 9.971112536773136981e+01 9.817700278274242010e+01 8.992885163628491796e+01 8.100701965018214423e+01 6.649958595093801250e+01 4.667950735043341126e+01 5.553799296647347461e+01 6.954604142468649286e+01 8.942243036835793646e+01
0.000000000000000000e+00 4.997852484048064703e+00 2.550489251493405263e+01 3.713395042113405253e+01 4.345189607755835937e+01 5.154932270502384739e+01 6.122300664045160090e+01 6.776194465504629250e+01 6.776194465504627829e+01 7.604572193000102232e+01 7.040346835596872666e+01 5.045363546434153079e+01 3.630463349997327782e+01 3.754198056801441652e+01 5.752918877263038411e+01 6.974255168021035445e+01 6.914333651222395360e+01 4.881009740237417560e+01 3.440317586549875983e+01 5.437512855010519530e+01 4.608076140933746245e+01 5.451431248048088918e+01 7.276672967650442558e+01 7.407345778395952607e+01 7.407345778395952607e+01 6.145440247910817533e+01 7.887696843491509924e+01 7.156395142812496601e+01 9.146090987577635190e+01 9.619026245198722336e+01 8.471089201665678559e+01 7.583175435117063046e+01 6.324118510070191235e+01 4.338721217327744739e+01 6.324118510070191235e+01 7.536770096078657843e+01 9.525097092634061369e+01
0.000000000000000000e+00 1.782240381924009043e+01 1.249016216453476069e+01 1.813267279719583414e+01 2.449806542586294711e+01 3.386250543976986904e+01 5.304130282695007281e+01 6.679197982221738528e+01 7.487886847487835951e+01 7.873095511500568477e+01 7.052381637186613261e+01 6.453922733498011155e+01 4.997472611301613910e+01 2.996248433193378702e+01 4.153233812276529591e+01 6.150724257630348291e+01 7.031459379628989836e+01 5.084455275589967016e+01 3.085365910220734875e+01 4.599604886856651120e+01 3.453721353465399346e+01 4.453748019272659064e+01 6.449114476823527298e+01 7.407345778395952607e+01 5.423108162669440446e+01 6.951333783708453495e+01 5.901370835815972526e+01 7.304900043171534207e+01 9.294692782931608122e+01 8.794523179116136191e+01 6.807166231703685355e+01 5.663259333552449704e+01 4.776360012230766472e+01 4.019724045245894928e+01 6.010199634800282809e+01 7.834136073986424265e+01 8.650607451885996113e+01
0.000000000000000000e+00 1.999999999999964473e+01 3.164875270871696600e+01 3.713395042113405253e+01 4.345189607755835937e+01 5.154932270502824565e+01 6.122279963363136801e+01 4.799303138655589152e+01 6.390277144588046099e+01 7.052381637186613261e+01 5.058514701360892474e+01 5.642504806080609825e+01 4.643702814547916802e+01 2.641568683513816751e+01 4.643702814547916802e+01 6.284256693914889524e+01 6.187614757927605069e+01 4.206833254574088699e+01 4.206833308603690824e+01 2.597631971981494203e+01 4.599604886856651120e+01 6.278618280761129711e+01 7.276672967650442558e+01 6.963656759168308952e+01 4.980446391207239998e+01 4.968158773926229799e+01 6.951329882392732884e+01 7.327472052260220892e+01 8.152176223381643183e+01 8.676393183870209214e+01 7.302245527859658125e+01 6.154135212097295238e+01 5.330630589623141447e+01 3.730106090029780574e+01 5.725845979149654141e+01 5.851009237360326409e+01 7.274491938541937941e+01
0.000000000000000000e+00 1.154703147844372069e+01 2.569069892829424617e+01 4.573634075439605340e+01 5.783803906192689226e+01 6.608764594339253051e+01 5.593840188240582734e+01 3.766020632243104416e+01 5.593840188240582734e+01 6.600870115983143194e+01 5.642504806080327739e+01 3.644189459614239723e+01 4.305279687092220797e+01 2.301686428671358797e+01 3.460125254044390886e+01 5.459783749051408819e+01 5.360624547197020462e+01 3.362199374331616042e+01 2.202376891012655591e+01 4.184281195569083422e+01 4.014355892746427656e+01 5.424544657852511165e+01 7.411733138888041594e+01 7.787667067775547025e+01 6.378839926930605486e+01 4.393753210077419169e+01 5.923401945428175708e+01 5.341886151910961189e+01 7.327461596369101926e+01 6.688502682610814531e+01 6.479006488006000097e+01 4.489961085819334841e+01 3.328276337370724747e+01 4.955555352964749716e+01 4.223117711834210297e+01 6.215336209120276578e+01 5.981956968261480512e+01
0.000000000000000000e+00 1.414213390309665108e+01 3.414150196732069276e+01 4.337494429650985950e+01 3.739351795638600606e+01 5.783800916737865094e+01 4.902989575045139503e+01 3.085900488186862844e+01 3.958663380208807325e+01 5.804024102997966139e+01 5.986612593871323895e+01 3.989385306990389779e+01 2.571841799912641235e+01 1.982981371064026987e+01 3.988484327481810965e+01 5.502288926275051750e+01 4.423589017183266492e+01 3.595448320252136654e+01 1.938070269602223661e+01 3.102852500898922372e+01 5.102531245797375448e+01 6.830226424590524914e+01 6.681484046414725242e+01 7.506265250469698458e+01 7.202321093302582256e+01 5.923429669244642071e+01 3.932989722959039369e+01 5.508346157487476091e+01 5.866069407200094332e+01 5.284234831806301713e+01 7.270742330173375478e+01 6.106395479728469411e+01 4.113060777673051405e+01 2.949204155687058204e+01 4.611454307002161102e+01 5.278979128292788658e+01 4.797624386475184366e+01
0.000000000000000000e+00 1.414230961375976747e+01 3.415248408595163454e+01 2.270688250120439733e+01 4.337879355748576415e+01 4.399083701538157953e+01 3.625364884070020821e+01 2.464710235165486196e+01 3.819460278616943327e+01 5.590525243980606973e+01 5.366626958183409357e+01 4.544171494080951135e+01 3.679001781726937281e+01 1.671793604074698436e+01 3.679030506628512853e+01 4.084986920425848922e+01 2.667768002173632169e+01 1.570827090840898954e+01 3.009167072238110308e+01 4.775463890768247666e+01 5.929512822533332184e+01 6.361747627148608331e+01 4.702781071710092675e+01 6.053659078211356359e+01 6.877260702699331318e+01 6.746708863878373563e+01 5.508393832471227824e+01 3.511589735860273009e+01 3.873549573931283874e+01 5.866069407200094332e+01 6.741946808226441590e+01 6.929384614563390699e+01 5.774550771375155023e+01 4.611055039779764542e+01 2.603459625706426550e+01 3.781294437290272015e+01 2.814032321803835757e+01
0.000000000000000000e+00 1.999999999989407229e+01 3.104954011007910708e+01 1.381754439909100540e+01 3.219514191456300978e+01 3.579509292405268184e+01 1.727625922561642824e+01 3.606837609159788371e+01 4.418902406636490099e+01 3.645215899632540157e+01 3.781385842583131307e+01 2.605270123210359756e+01 3.408326390177575149e+01 1.400370450221476482e+01 3.408373739145690706e+01 3.255640719820945606e+01 1.232305033886092183e+01 3.255643441585371534e+01 4.423566383866513974e+01 5.837760774462817892e+01 5.805344084165273699e+01 4.982803265606958831e+01 3.557973276806886531e+01 4.072971953150125302e+01 6.053659078211356359e+01 7.495665578526208606e+01 5.508393832471227824e+01 5.112967698458213306e+01 3.110772561853417528e+01 4.750427237627777544e+01 4.750427223459028170e+01 6.405730652870252584e+01 5.086274531279567412e+01 4.246114535630134412e+01 2.365264648974687489e+01 2.442981652420286665e+01 4.012364294940952192e+01
0.000000000000000000e+00 1.999181881988513609e+01 1.458279363396772688e+01 2.425098780805253984e+00 1.624575776682455697e+01 2.605676687706414540e+01 1.200912908714727578e+01 2.887691201633503013e+01 2.327457199725852988e+01 1.804659631485615989e+01 9.738485163726043226e+00 2.065088292703079986e+01 3.118899121248177764e+01 1.136617364489634774e+01 2.781530817807752598e+01 2.831543601074885785e+01 1.050186127089580523e+01 3.025063672781274704e+01 4.730650102428961645e+01 4.704907930611290823e+01 3.869722838279078303e+01 2.987464674611211990e+01 2.658981759984784432e+01 4.072971953150125302e+01 6.053659078213424038e+01 6.731765115475975847e+01 6.146173837143822283e+01 5.936927540042264440e+01 4.750427237627777544e+01 2.744441873539731702e+01 4.403845754084367314e+01 4.984575873853836470e+01 3.582262628930308068e+01 2.260486742628323142e+01 4.270865574090802141e+01 4.451127741717680664e+01 2.557782647284605559e+01
0.000000000000000000e+00 4.828278281318570953e-01 9.662618771211139990e-01 1.835023475777035618e+00 1.637568824994359318e+01 8.483052698855619411e+00 2.215320171030025520e+01 3.804129261500676318e+00 4.292200545283612279e+00 4.775098789568984259e+00 5.255764130265220047e+00 1.999146903302010259e+01 2.637324527485822401e+01 2.154308601677961121e+01 7.691151629544663137e+00 8.214870203941597282e+00 8.735433924294866870e+00 2.883713613822612132e+01 2.879793566481820122e+01 3.102938455316436972e+01 1.572759502924958852e+01 1.833172542624918577e+01 3.815679699918171508e+01 4.692683179532764370e+01 5.534109957424016102e+01 4.722685863625341085e+01 4.133057839118989563e+01 5.553622408819949641e+01 5.575075474435504930e+01 4.403845754084367314e+01 2.394138007298919035e+01 4.050711361766916241e+01 2.155752054140390328e+01 4.167834045332633508e+01 4.514406736070283443e+01 5.568743444671792986e+01 4.376724421202613513e+01
0.000000000000000000e+00 1.315242222301823105e+01 2.081443644469232268e+01 1.546050445048616107e+00 2.047100522005640411e+00 2.592642520323866773e+00 3.107786301603252976e+00 5.835483274373003404e+00 2.201094750846943882e+01 2.471879065558850286e+01 2.534834574966278353e+01 5.949288588601221228e+00 6.449620249756238266e+00 6.960104050871084524e+00 2.698135875198110156e+01 2.831223456457367504e+01 2.841929106234835700e+01 9.489606229289243799e+00 2.695581719676829735e+01 1.099730507360682985e+01 1.152726082291879095e+01 3.156571041608509631e+01 2.864867332924797338e+01 2.714936309890989818e+01 4.712419470106328134e+01 4.688376562108426526e+01 2.685472494299229851e+01 4.688376581167573676e+01 5.715756086898425536e+01 4.797487250112062895e+01 3.728498511982088814e+01 2.052073543110590848e+01 4.065819493195564860e+01 2.987401931791813681e+01 5.010466127026217009e+01 6.810969776585498892e+01 6.762946551289122965e+01
0.000000000000000000e+00 6.626272589536907454e+00 1.248802638547366861e+01 3.036622826664221719e+01 2.525816659901591876e+01 2.403179235283633020e+01 2.362393665276973564e+01 7.762625971448176010e+00 1.864321960291436397e+01 3.113961034628534463e+01 3.481447993268906060e+01 2.434252889217416893e+01 2.658054498948882127e+01 8.494940859807076805e+00 2.948479155508279348e+01 4.058381226084659232e+01 2.075999459150572690e+01 1.208754046212664157e+01 1.024512849772909107e+01 3.037707962577013632e+01 2.087871600890204604e+01 1.228103511595304198e+01 1.282858852403177252e+01 3.287976119300333977e+01 3.600498668472781816e+01 3.494264835336412744e+01 2.044146570923542328e+01 3.969866565180191031e+01 4.904041318696761209e+01 3.191619718745758050e+01 3.451274721359759923e+01 1.982144079175551710e+01 4.207264628749057067e+01 4.423618312196136770e+01 4.021146067772283317e+01 6.063332385219695908e+01 7.756622952643269286e+01
0.000000000000000000e+00 1.999999999999964473e+01 3.108552788733449646e+01 2.270631722004858943e+01 4.253188783347083302e+01 4.263434711263696641e+01 2.106854510936997116e+01 2.738481012025965455e+01 1.396655530392751920e+01 3.374625161948299734e+01 4.933619770287328521e+01 3.506048117928251884e+01 1.474348061216651118e+01 2.959576541443062325e+01 3.858358264275677385e+01 3.698669628039902335e+01 3.313539171372563175e+01 3.171790713398749517e+01 3.216711480570700843e+01 3.570231011085148509e+01 1.571786980032192460e+01 3.232757949003639908e+01 3.268575709745616109e+01 1.360918859647035362e+01 1.416425267227350737e+01 1.472401048405452961e+01 1.528518040692773106e+01 3.535637538088469967e+01 4.446408031842058506e+01 3.802653971329839067e+01 1.883615378957930275e+01 3.762404545397021138e+01 4.998164048217115152e+01 6.427242080611939912e+01 6.063332385219695908e+01 5.474049144576792969e+01 7.485987976849227721e+01
0.000000000000000000e+00 1.414213562373107536e+01 3.414213562373178235e+01 4.253198911949873917e+01 3.867071678895951692e+01 5.156519443127950808e+01 4.263488966642749034e+01 4.045384352047732790e+01 1.921766562273682055e+01 4.045384352047737764e+01 5.376212383307125720e+01 3.351275087490482463e+01 1.930978492396187818e+01 3.351275088325817109e+01 5.376213445461606000e+01 5.092378954412672698e+01 5.390814264176290038e+01 5.616111720139077335e+01 4.996014502806758628e+01 3.814856926050932628e+01 1.818728629530919960e+01 3.814856916742117221e+01 3.864555119771964087e+01 2.405352249085470717e+01 1.974128348999904858e+01 3.440225141351406535e+01 3.543017984506661122e+01 1.608353816190147967e+01 3.625673700606625971e+01 1.785811289163158477e+01 3.437508073461118840e+01 4.636445119822749206e+01 5.478836107481610895e+01 6.304554341998879607e+01 6.808668944975782722e+01 7.485987976849227721e+01 8.311871352908154620e+01
