MOVIE_S1_data/elevation_000109.asc
nrows	100
cellsize	150.0
xllcorner	0
ncols	100
yllcorner	0
NODATA_value	-9999
[rows 17 to 33 of 100, columns 0 to 36 of 100]
0.000000000000000000e+00 1.999999999999964473e+01 3.180372958345196466e+01 3.887479739531791267e+01 4.715906864278731803e+01 5.870607402658566087e+01 6.213755479856510533e+01 5.663899386203443242e+01 3.993003476463088930e+01 5.663899386203443242e+01 5.399910875356133033e+01 3.407596900818346342e+01 5.399853992560021965e+01 5.248135521851539664e+01 5.725328548653506999e+01 7.721308988008848928e+01 8.225386725907131336e+01 7.780095653697377145e+01 5.788488499723874980e+01 4.356388475286191664e+01 5.364089051919438589e+01 5.695888473762290971e+01 3.644628584467245247e+01 2.474359998280746353e+01 4.250279428177491781e+01 4.310254001978942284e+01 3.691973242587267379e+01 2.096892501198716374e+01 2.555023693712150035e+01 4.070935180864350400e+01 4.371324949136201354e+01 2.964382743069442228e+01 4.223863640156851318e+01 3.684275798963161463e+01 4.286848786511586695e+01 4.272334779590241993e+01 2.829279374183233031e+01
0.000000000000000000e+00 5.773502691896282180e+00 1.180372958345160761e+01 1.887479739531720924e+01 3.042180277910992814e+01 5.042180277911063513e+01 5.315300787029951834e+01 6.142231709045872634e+01 5.986517282413980467e+01 6.816647046584992609e+01 6.237045982035063219e+01 4.401653454757722983e+01 6.236134650031214477e+01 6.658718962252247309e+01 7.721308988008848928e+01 7.878408547673220141e+01 7.055389121736085656e+01 7.880211284757379531e+01 7.197110048126964443e+01 5.364089051919438589e+01 3.305409078660826339e+01 4.486256591427039098e+01 4.627493984151887219e+01 3.223761142145425396e+01 2.119969376471983935e+01 2.003311218484819989e+01 2.034365822961810721e+01 2.065618995310769179e+01 3.236600604410484294e+01 3.905051369126444882e+01 2.187583666364616164e+01 2.220345496507834682e+01 2.253401754964013293e+01 2.286607443285785024e+01 2.319841014957762937e+01 2.353018014766270483e+01 2.386100863853320675e+01
0.000000000000000000e+00 1.999999999999964473e+01 3.180372958345196466e+01 3.887479739531791267e+01 4.715906864278074551e+01 4.988275810259348475e+01 3.315628575474450201e+01 4.988275811945607785e+01 6.576273730899892200e+01 7.401082030205216711e+01 7.237473152335095961e+01 6.401698852176777166e+01 7.251230888414218612e+01 8.654962269458022206e+01 7.587970072093395402e+01 6.764392153937409091e+01 5.058078208419913580e+01 6.881621976373463667e+01 6.142414601108885819e+01 5.313962780807080577e+01 4.486256573393797709e+01 2.387864883648088821e+01 3.842650060637375020e+01 3.278172432339420084e+01 1.959409584206132138e+01 3.279275598635811662e+01 3.718759860726358113e+01 3.824418943219565392e+01 2.110044685137676979e+01 2.141714948524424855e+01 3.219037050664781674e+01 3.880364338948319158e+01 4.138180228994370680e+01 3.601022767033762051e+01 2.719680394702309556e+01 2.669403349456166552e+01 2.554447114654923112e+01
0.000000000000000000e+00 1.999968305962012849e+01 3.626874820521190657e+01 4.461471400269873300e+01 4.356400048417206250e+01 3.528396158231799973e+01 2.160782790843713386e+01 4.160789497397367143e+01 4.578395997240465221e+01 6.317534886169046615e+01 7.112593570422009748e+01 8.029254044815384361e+01 9.185922600195034704e+01 7.910385549946239792e+01 5.925466762920525099e+01 4.762577689736118458e+01 4.039798643370318132e+01 5.294331734386368282e+01 4.974369781918199607e+01 3.280635884337959851e+01 3.837711813699690566e+01 1.854165753607841793e+01 1.884979138145913424e+01 1.915797241786203031e+01 3.850517724019474741e+01 3.215298495282409164e+01 4.815657857765520333e+01 4.659620379290664971e+01 2.670822906611921610e+01 4.053644809822527151e+01 2.466130810847109345e+01 3.491803740728095562e+01 4.819481950725533181e+01 5.355095911231879313e+01 5.766196232327733640e+01 4.574383041023163088e+01 2.719409649030636089e+01
0.000000000000000000e+00 1.930712125546827096e+01 1.616500413517201196e+01 2.702964486995342597e+01 2.951071273727006172e+01 1.528312828903570164e+01 3.528396158263218751e+01 2.945323155709084517e+01 3.612112519379730458e+01 4.319397313868326904e+01 5.213984963720002241e+01 6.368321055981060397e+01 8.363139739418599561e+01 8.734927694560373368e+01 7.587970072093395402e+01 6.764392153937409091e+01 5.294331734386368282e+01 3.260359018839092471e+01 4.140218576833646580e+01 2.099138042970215423e+01 1.810649680803506101e+01 2.696403614236609769e+01 3.827999656256497474e+01 2.210247863108743971e+01 3.216472814670429869e+01 4.563378247908716645e+01 5.697267791371587009e+01 5.390287858149113731e+01 3.309260919658198219e+01 5.249664508311202837e+01 4.474977731981272200e+01 2.789399997876829573e+01 4.683770544570551664e+01 5.837838658758037980e+01 6.223780283399563729e+01 4.247468173098729238e+01 4.610128152773261689e+01
0.000000000000000000e+00 2.294157338706349414e+00 4.603558415484984678e+00 7.028914666251674603e+00 9.509609362593822723e+00 2.951070986785050110e+01 3.775336797100842290e+01 4.153340897434471657e+01 4.708110547835175197e+01 5.311204459238249598e+01 5.977902664392709653e+01 6.805849020835233887e+01 7.805486169070915992e+01 8.420479865469567926e+01 7.263241311227083941e+01 6.434769377470573204e+01 5.810298906194914537e+01 4.596673041370797108e+01 2.551255477505487335e+01 4.075280482473203136e+01 1.780003541374286513e+01 2.092267382549414734e+01 3.496360934165994649e+01 4.130416521098079841e+01 4.844846110351362967e+01 5.055681692524250082e+01 6.376156591386880734e+01 4.740670977531758012e+01 5.397745488446388862e+01 5.031200697067714600e+01 5.498968692075977316e+01 4.683770711404166320e+01 3.112782349751909194e+01 5.017973026290734850e+01 6.707330386556058954e+01 6.223780404629586371e+01 5.701375129002970965e+01
0.000000000000000000e+00 1.999999993238002460e+01 1.615083121574708613e+01 2.702996180043741958e+01 2.951071273727006172e+01 1.415951838509806571e+01 1.775163474808939768e+01 2.153131779373714139e+01 2.707860127244208570e+01 3.310968241766418885e+01 3.977808048929321671e+01 4.978085344097203091e+01 6.977719984688209820e+01 7.594434078053984649e+01 5.585835896899372699e+01 4.401499249942799707e+01 3.779007370137466637e+01 3.204939331167118155e+01 4.596673037356553237e+01 4.578230085382110559e+01 3.228549200515099216e+01 1.736542890977812448e+01 3.721542828183102358e+01 4.535225348313237248e+01 6.365169276248563790e+01 6.883998727729789380e+01 6.877061832023841248e+01 6.787257255891651653e+01 6.789915809852851680e+01 6.459936434054691290e+01 6.672009439076590809e+01 4.707160223799435528e+01 3.364191490780036276e+01 3.944200525982297734e+01 5.879571212972214056e+01 7.765888154754897243e+01 7.106640968692110505e+01
0.000000000000000000e+00 1.999999999999964473e+01 3.615254837322712689e+01 4.443525557545093818e+01 4.244393461331991801e+01 2.416000421990919378e+01 3.775335347960427868e+01 4.153340897434471657e+01 2.969702261744474825e+01 4.969930888213124831e+01 5.977902664392709653e+01 6.805849020835235308e+01 7.805486169070921676e+01 7.852710841987213541e+01 5.847438792216617998e+01 6.419027042867840294e+01 4.598268088006386023e+01 5.238083116816173401e+01 5.933437524012472863e+01 4.143024450896871969e+01 2.442211429433585224e+01 1.705635249668175035e+01 2.715756600575414126e+01 4.600316735740425145e+01 4.705203767013070859e+01 5.120453876484857147e+01 4.794904908981069980e+01 7.032172321834816842e+01 8.696677175410607674e+01 8.419182593702851136e+01 6.946644469394252042e+01 4.980986539619134135e+01 3.624368682126510066e+01 5.556714417498606906e+01 4.965207667685348980e+01 6.084448158593634304e+01 8.084012889314762162e+01
0.000000000000000000e+00 1.414213562373107536e+01 3.414213562373178235e+01 4.617750545326297384e+01 5.244372940569082431e+01 4.416190226199347535e+01 5.244322451375310834e+01 5.798040127350601836e+01 4.969930888213124831e+01 3.969916079794271013e+01 4.864556434488491732e+01 6.019322297924581022e+01 8.018382123569026021e+01 8.679043830237550594e+01 7.852710841987213541e+01 7.303957385251908363e+01 5.907221435971802492e+01 6.703663275748940009e+01 5.126631157094107039e+01 3.860237737525089585e+01 1.661685881946247179e+01 2.957139213239002018e+01 3.724105203223826521e+01 4.152750814659400902e+01 2.651156120211192402e+01 3.020736187634744496e+01 5.120453876485601796e+01 6.675859389389798082e+01 7.892361468549458436e+01 8.241529914578306659e+01 6.239517069685011563e+01 4.867115956376181174e+01 3.902521502240107054e+01 5.846504472817539266e+01 6.929563653770838982e+01 7.765888154751296213e+01 8.925910158728694910e+01
0.000000000000000000e+00 1.999999999999964473e+01 2.777132474138572604e+01 2.617747448930073872e+01 3.674938079873688679e+01 4.191336252265153917e+01 4.768686549672958819e+01 5.597116928526225621e+01 6.597118761725110403e+01 5.969945696632258603e+01 6.797901987164932791e+01 7.692026543916654191e+01 8.846021773651493447e+01 8.821670627144283117e+01 8.605917551423451073e+01 8.513414898256155539e+01 7.305303534073466665e+01 6.071906322654861299e+01 5.053641949806450384e+01 3.019720002136779158e+01 1.630319234447739873e+01 2.167046394309235424e+01 1.967930023311205190e+01 2.213927578097592530e+01 4.153222181061531870e+01 5.120453876485601086e+01 3.696305967482110333e+01 4.912548688381698270e+01 7.029269214521805509e+01 8.249213439759029143e+01 7.661762633971858349e+01 6.673704343269736228e+01 5.269082935927976763e+01 4.357936750217385224e+01 6.305560186712725823e+01 7.344207342666953764e+01 8.185888130059161938e+01
0.000000000000000000e+00 3.849001794597513015e+00 7.771324497361210781e+00 1.203533882447345782e+01 1.674938403238385831e+01 2.191336182732717219e+01 2.768686451922352987e+01 3.768686451923460368e+01 5.182900016922842923e+01 7.182900675431477566e+01 7.621208326758856799e+01 8.438400173825563400e+01 8.821670627144283117e+01 6.842089850967238363e+01 6.625215489215297282e+01 8.023107622849538245e+01 6.511059760532076268e+01 4.320683126597123902e+01 3.476127128306677605e+01 3.944012547534110524e+01 3.203349169268435048e+01 1.585621403250398131e+01 2.857911219202756214e+01 4.125300011329117211e+01 5.003121360578816024e+01 6.635099575020788620e+01 5.807180078455571248e+01 4.556334441999005236e+01 5.255330603550838475e+01 6.760349504074221727e+01 8.888847861001033834e+01 8.078325751472225136e+01 7.045907408519474302e+01 5.087133321985368895e+01 4.885488141351275715e+01 5.378158389483367330e+01 6.751091067377689114e+01
0.000000000000000000e+00 1.999999999999964473e+01 2.191346012218846795e+01 3.203533928283711418e+01 3.674938454817625200e+01 4.191336252265153917e+01 4.768686549672958819e+01 4.182900015065775534e+01 6.182900346177161310e+01 7.295246991221243604e+01 5.638258178595273762e+01 7.295246991221243604e+01 7.621655055997133843e+01 6.803419731782612700e+01 5.221961341853423733e+01 7.205349691725895411e+01 7.358215824294110519e+01 5.460022348833810923e+01 3.687572984934499942e+01 2.687416276900312795e+01 3.047866030526724757e+01 1.553860408529935633e+01 3.723328242139295696e+01 5.326311232977452903e+01 6.178691263210995999e+01 6.978714967073861430e+01 7.462323217337213066e+01 6.674291680341055155e+01 7.383772163984102122e+01 6.760349504088982542e+01 8.888847925085300972e+01 8.468276121158534409e+01 6.456743112852802824e+01 7.045907517705836653e+01 5.460139931280243530e+01 7.344203735106384556e+01 6.280096857196586058e+01
0.000000000000000000e+00 1.414213562373082489e+01 3.414213562373011257e+01 5.019775453958155254e+01 4.310348368650776507e+01 5.138775493396995842e+01 6.033202684396943738e+01 6.182900346177161310e+01 7.011333841990460769e+01 6.476351524927008541e+01 4.496186614153828032e+01 6.476351524927008541e+01 6.478892889776767561e+01 4.822470851399662450e+01 4.523827985413780794e+01 6.504116015765353609e+01 6.551539280708671242e+01 4.503000711280682822e+01 3.169970507520645953e+01 2.160333969310033808e+01 2.633185141300376486e+01 1.522137447910733599e+01 3.938085972071870344e+01 4.651402333053932381e+01 4.323619896440591504e+01 6.365584556940492433e+01 5.832904698549264566e+01 6.677099496520916944e+01 7.538500179382535293e+01 8.888847919872050340e+01 9.738082328965350598e+01 9.312078178162421693e+01 8.468276011693420458e+01 8.064378951581295496e+01 6.060478513734243933e+01 8.064378951581295496e+01 8.293187265791905816e+01
0.000000000000000000e+00 1.999999999999964473e+01 2.825277118578053503e+01 3.310348368650758744e+01 2.310348368650705808e+01 3.204775559650653349e+01 4.359476098029945490e+01 6.359476098030015834e+01 7.177177163912620017e+01 5.195977585013780953e+01 3.801359148669196486e+01 4.934158017427858312e+01 5.001708881545974350e+01 3.685689919752561394e+01 5.659718362442630024e+01 7.322821052806297359e+01 6.634772914159937329e+01 5.692042580146482322e+01 4.804172157304807200e+01 3.491778768903447627e+01 1.477495399670428355e+01 3.394558962723403539e+01 4.178153678145636007e+01 2.888416396093468563e+01 4.827108247720503442e+01 5.505326015728005018e+01 3.806924205834248198e+01 4.663204348350631534e+01 6.411007693969412458e+01 7.583058806626645776e+01 8.243607751644111659e+01 7.396870327901585540e+01 8.245965210817030311e+01 8.909336703784079248e+01 7.464777951533181977e+01 7.464782785380742780e+01 9.512070517484150400e+01
0.000000000000000000e+00 4.082482904638648158e+00 8.252771185780179763e+00 1.310348368650688222e+01 2.204775559650619599e+01 3.359476098029912094e+01 5.359476098029982438e+01 7.187903222776336065e+01 7.167247943562155399e+01 6.027921652047012913e+01 4.933954009587210265e+01 2.968332079508203591e+01 3.035097007513064327e+01 5.001708881545974350e+01 6.478892889776767561e+01 7.262119562681030516e+01 5.135870537371731359e+01 3.654720011435746585e+01 2.714897189932529997e+01 2.058752292370204273e+01 1.505311296542433652e+01 1.432917054384921940e+01 3.359185642904849800e+01 2.138249266584433173e+01 3.629850485970943197e+01 3.840931157367627691e+01 2.648955313005975398e+01 3.544574363789286053e+01 4.708484129964305254e+01 6.741146346780034548e+01 7.220826909913475333e+01 5.351021242390351063e+01 7.221263948465977478e+01 8.405873083990356065e+01 9.511398098918029120e+01 9.512055017954192238e+01 1.035528356731767587e+02
0.000000000000000000e+00 1.999999999999964473e+01 2.825277118578053503e+01 2.458270280433499266e+01 3.310348368650759454e+01 5.033202684396909632e+01 6.187903222776202483e+01 6.914331028692316750e+01 6.352959278012014721e+01 4.376479878813022140e+01 3.243685841783805301e+01 2.467992261742010029e+01 4.408753267215394089e+01 5.820528636088871366e+01 5.809654549071632346e+01 6.634401787609824908e+01 6.634772920856612188e+01 5.692042580194201662e+01 4.818474678942599354e+01 4.133091619598411626e+01 3.508763431512970499e+01 3.379349685424140404e+01 1.387915805557764060e+01 1.477619505387627363e+01 1.638741849399749029e+01 1.837764047915070265e+01 3.840931168196502199e+01 4.999653498551755604e+01 5.469176558024370394e+01 5.160283111144393331e+01 5.459455987136934851e+01 4.329528709381894913e+01 5.509179892481522955e+01 7.555382172002110508e+01 8.764560449121877639e+01 9.332899282846420874e+01 9.332860494332113888e+01
0.000000000000000000e+00 1.414213562373082489e+01 3.414213562373011257e+01 4.458270280433569610e+01 5.286697405179789655e+01 6.138775493397049843e+01 6.330776063264946174e+01 4.909300988163430191e+01 5.646238687666116363e+01 6.027921652046386214e+01 4.116128422501658690e+01 2.216402533172267653e+01 4.115580536642804788e+01 4.418071072855461523e+01 3.842571209311716984e+01 5.808689956410632504e+01 7.040504280139136029e+01 6.222819254995458493e+01 6.429379757964996145e+01 4.513211325803337814e+01 4.491476068197400195e+01 3.343291237062945953e+01 1.356368453641922045e+01 3.335449567518547553e+01 3.636442774591845506e+01 3.840931163056088593e+01 2.150101675940664947e+01 4.158435963779167110e+01 2.865197669639060152e+01 3.144253865378072277e+01 3.430531979964994349e+01 5.459439875148893861e+01 6.379494403007636549e+01 6.806050226431378292e+01 6.717198862826302275e+01 7.283751576543052408e+01 7.283750577112485303e+01
