MOVIE_S1_data/elevation_000191.asc
nrows	100
cellsize	150.0
xllcorner	0
ncols	100
yllcorner	0
NODATA_value	-9999
[rows 34 to 50 of 100, columns 0 to 36 of 100]
0.000000000000000000e+00 1.999999999999964473e+01 2.671401609493997498e+01 3.024959968913184483e+01 2.564549200813433671e+01 3.836280964942120164e+01 2.730677232150760858e+01 3.437784025134619270e+01 4.437784577347423465e+01 6.438547633350825095e+01 7.821552232792224402e+01 6.895668590366598494e+01 5.131424743574919489e+01 3.620985482688741541e+01 3.696599482820853666e+01 3.663861744197312476e+01 2.154102353279130355e+01 4.214855186557078781e+01 5.614103364273941565e+01 6.497994838801419348e+01 7.817716507715535101e+01 7.105583457264015124e+01 5.216144762439776628e+01 4.155037258175462256e+01 6.014924923653389044e+01 6.529401060917413702e+01 7.322506547963305934e+01 7.871893971359298803e+01 7.309900829984972859e+01 9.228665435225869373e+01 1.060574902040651892e+02 1.094777810480279072e+02 1.065382528549163368e+02 9.485857487724030079e+01 7.709036778356272634e+01 6.285405028801824301e+01 8.252348624385957976e+01
0.000000000000000000e+00 3.333333333333340143e+00 6.713950352247421094e+00 1.024948425818018904e+01 1.409848605277772826e+01 1.836250037989001171e+01 3.250464815384285799e+01 5.250566258261854102e+01 6.268400463414991464e+01 7.271070627407588916e+01 7.319792546008983436e+01 6.505707694661703044e+01 4.920657891254690242e+01 2.945396229788953946e+01 2.911440390142616863e+01 2.998952680356136113e+01 2.126113270739569217e+01 2.949161149731220277e+01 4.076051266496278203e+01 5.606064908522719037e+01 7.570459106208811306e+01 7.153323223013916277e+01 5.261468251408633279e+01 3.953425230764289466e+01 5.815140143946073437e+01 7.534718432807986233e+01 6.744842933404584073e+01 7.541355495750215709e+01 9.228665435225869373e+01 1.002598198643898257e+02 1.008518173859645231e+02 1.087469711301705644e+02 9.854735461864387958e+01 7.788040681893129147e+01 6.625756045577564635e+01 5.730752479056933169e+01 6.253026678841703045e+01
0.000000000000000000e+00 1.999999999999964473e+01 2.671401609493997498e+01 2.179648995090126817e+01 3.409867637818182828e+01 3.250464815384285799e+01 2.990950682808402661e+01 4.145652620764158058e+01 6.145821844912337895e+01 7.633626536720122147e+01 5.680244121881072061e+01 4.533549176478668130e+01 3.823608475532387274e+01 4.635238318541788516e+01 2.124859137828501332e+01 2.149504020193803910e+01 2.098763920106101466e+01 4.916554511015617379e+01 6.027226475334974509e+01 7.045340550626964671e+01 6.868117492517652067e+01 6.954174583733788495e+01 5.066829576000397850e+01 3.752640639017250379e+01 5.619578869145415467e+01 6.147567175031358033e+01 4.858141673343267541e+01 6.744902758754403749e+01 8.047067337908057993e+01 8.727159327133865929e+01 8.164659437796306918e+01 1.008518173859645231e+02 9.445495949156115501e+01 9.425779028795636805e+01 8.564896271840885333e+01 7.098039560929245795e+01 5.100981165466496492e+01
0.000000000000000000e+00 1.414213562373107536e+01 3.414213562373178235e+01 4.179676233253255901e+01 5.008292713423345077e+01 5.250566258261503805e+01 4.991023604925297974e+01 5.819915810931411215e+01 6.974986552727473565e+01 8.450297197316727704e+01 7.319792540368575828e+01 6.505707694661703044e+01 5.808176067867394465e+01 4.980967691326723923e+01 3.911815397273829831e+01 2.057948880308430617e+01 3.006193211074127802e+01 4.340465426517200598e+01 6.295318398695199136e+01 6.317042076958230012e+01 4.971268580489770983e+01 6.317798741324804013e+01 5.427799709808660822e+01 3.553087983797755101e+01 3.894870085873105126e+01 4.276553799918856669e+01 6.148026356602165521e+01 5.534487382949627943e+01 6.128741712620568194e+01 6.802901316590320846e+01 8.727159327133865929e+01 8.865096083838636787e+01 7.463243721213997617e+01 7.443441951928576827e+01 8.124576669813644969e+01 6.128053464397657990e+01 4.720647977179677923e+01
0.000000000000000000e+00 1.472740992073379651e+01 3.374281461345692890e+01 4.307110115207017742e+01 4.679835993266090099e+01 4.267732381638406736e+01 5.093989770266548334e+01 5.983902237343666286e+01 7.136778011587298920e+01 8.280131280417469952e+01 7.095848313514810002e+01 6.135262983489652555e+01 5.273645651669608725e+01 4.324088105586832143e+01 3.063744303421092496e+01 2.026171781509729186e+01 3.969924598785064518e+01 5.507151325512776197e+01 6.365278824015307890e+01 5.432486896960602252e+01 3.641427406778424825e+01 4.842395454881793171e+01 5.003167357170791973e+01 3.353925392577659181e+01 4.071491942962718014e+01 5.945255301551578953e+01 6.940012271242439112e+01 6.877829321056078982e+01 7.440619436832994893e+01 8.727159327133865929e+01 8.315002924785363803e+01 7.872293639541625510e+01 6.057026720874672776e+01 6.037178665816524870e+01 7.698908583353119184e+01 6.354327003483947323e+01 4.366851292784902228e+01
0.000000000000000000e+00 4.426769247991236611e+00 1.063617141601657501e+01 2.418563772783440768e+01 2.700933326642605792e+01 2.293348615161542625e+01 3.169751923200472987e+01 4.312820627874504709e+01 6.307845213635189907e+01 7.457472980655749950e+01 5.379242302018556643e+01 4.057039235225668250e+01 3.034441442173223180e+01 2.525505335117564343e+01 2.375463592576513960e+01 1.993990204860495652e+01 3.588136410729833869e+01 5.441177936903808643e+01 5.210905878693452564e+01 3.898022514735821176e+01 2.790795820348091993e+01 2.948265445098786941e+01 3.111330988775153727e+01 4.450884086241742210e+01 5.945255292380703338e+01 5.389414622859165149e+01 7.287173406569466749e+01 8.799465541561608006e+01 9.361499251526056753e+01 7.722770502043881891e+01 6.305541692010574906e+01 7.050429338815386870e+01 5.063078592622505170e+01 4.889546079238825627e+01 6.810510154752293488e+01 6.012870422735173292e+01 4.028324996535319968e+01
0.000000000000000000e+00 3.232582295914344428e+00 6.461477172037954020e+00 9.765973113658345639e+00 1.322928606827516873e+01 3.280540498401072114e+01 4.407569385074442891e+01 4.972080969834214415e+01 5.789577044616563484e+01 6.922503065895944019e+01 6.794295882880739157e+01 4.643771437515123068e+01 4.611893320374402094e+01 4.393685649431249374e+01 1.949792075276912229e+01 2.715174752951054771e+01 4.002129664598446368e+01 4.572050734004638173e+01 4.249532077807818098e+01 2.579627281732926392e+01 4.463771199697428216e+01 4.842395454883666872e+01 4.054692616050876097e+01 5.730844812926865472e+01 7.129764338800244161e+01 7.287173406569466749e+01 8.083961757943515636e+01 7.721581672393753593e+01 8.544688277988801417e+01 6.718288646880205306e+01 4.893718851995092933e+01 6.718288646880205306e+01 5.988145681729199055e+01 4.002667134739222377e+01 5.263151511937416416e+01 5.918082827613531549e+01 5.093871824564283912e+01
0.000000000000000000e+00 1.999999999999964473e+01 2.620482084974330661e+01 2.942105338615583676e+01 3.280540498401072114e+01 1.954017467878255232e+01 2.476508285624085559e+01 3.046551597226755348e+01 4.147412397440189835e+01 6.098599189427093137e+01 7.627300811364388267e+01 6.794295154356528599e+01 6.763284283081527803e+01 5.084666227063495114e+01 1.920011109434445373e+01 1.973847472329311614e+01 3.744008997309691011e+01 3.873353218738704840e+01 2.382081403638370531e+01 4.251489527999266471e+01 3.918838292572620929e+01 5.832955942503492963e+01 5.320919557151935209e+01 6.623038680964964442e+01 7.235910715902139145e+01 6.413417999535256797e+01 7.235911660045562144e+01 5.727790615373745453e+01 6.570465874565358888e+01 5.891232442519431345e+01 3.892615038246502479e+01 5.891232442495839905e+01 5.486492941141543156e+01 4.658913061636386743e+01 3.272081055438171404e+01 4.907426988363408782e+01 3.095327056255330689e+01
0.000000000000000000e+00 8.944271909999235604e+00 2.049127729379195628e+01 4.049127729379266327e+01 4.705076328363898597e+01 3.411356737345759882e+01 3.612659026172406840e+01 4.972080969834214415e+01 4.343876646169920974e+01 5.590691057562899147e+01 7.391882953594081584e+01 7.207431042408343558e+01 6.087746639861689602e+01 5.137179966200655201e+01 3.886287784432730774e+01 1.876594810728633433e+01 3.593506897057329041e+01 2.189991319400777670e+01 4.054468638589865037e+01 5.007414474871293208e+01 5.820845452120632046e+01 6.628355467083282804e+01 7.128091875545611344e+01 6.824727382486348404e+01 6.226058979670084881e+01 4.379617973749655135e+01 6.226058946447324871e+01 4.569157210085906939e+01 4.569157210086309817e+01 5.224770288369839477e+01 3.220033621513656641e+01 4.371753545399111118e+01 4.483847525158080316e+01 2.651021119291061368e+01 2.776305452299891385e+01 2.907525681326185563e+01 4.881653345623058016e+01
0.000000000000000000e+00 1.999999999999964473e+01 3.722854315746214127e+01 4.877554854125485662e+01 5.403817632350057920e+01 4.830986225116585331e+01 5.434345307293027361e+01 6.328255919758653647e+01 6.192565663499690487e+01 6.544469909544196184e+01 7.605032259830312569e+01 6.292611436052551710e+01 4.040558640810919400e+01 2.812388618091876680e+01 1.830449708048580604e+01 2.243322159593937215e+01 1.993721444756793915e+01 3.810899605408931734e+01 4.594629097443763754e+01 4.862889212717519882e+01 5.862866032628182467e+01 7.300090251417238107e+01 6.247805427342428430e+01 4.867308528320253913e+01 5.396517981584826629e+01 3.278912220433031877e+01 5.396517975858390770e+01 5.150567279017732858e+01 3.114062444546699737e+01 4.153947789168164206e+01 4.128116986773226671e+01 2.362760684111539078e+01 2.478626630345003790e+01 4.481254222059997261e+01 4.780050158434060847e+01 4.067127105237875639e+01 5.672524378918635790e+01
0.000000000000000000e+00 1.437239044351007777e+01 3.401381038940841961e+01 3.976929239571069985e+01 2.427004393958721806e+01 2.137356078054401465e+01 3.744417769944406871e+01 4.806318820055929564e+01 5.060968126345714069e+01 4.006268841089245569e+01 5.829073864383035897e+01 7.207363590276942489e+01 6.087714673236972374e+01 5.140488145777042917e+01 4.240661970977424744e+01 1.783423110968295333e+01 2.426002954459918115e+01 3.349985485953670405e+01 3.726183356639549515e+01 5.048546728111676885e+01 6.235201353738758456e+01 6.741424764793292468e+01 4.748591195346292437e+01 3.447757817650349210e+01 4.323514956013514876e+01 2.493559466257572055e+01 3.857283644476644469e+01 3.942908328333230372e+01 2.265613209079147694e+01 2.163199702119452894e+01 2.244114263172622259e+01 4.242945095251733534e+01 2.380347948198200925e+01 3.980290681520200025e+01 5.139363975745278168e+01 6.042449179071422805e+01 6.827091376171526349e+01
0.000000000000000000e+00 1.787432400452808068e+01 3.255008937742384489e+01 1.684804687067096296e+00 1.334291099116836188e+00 1.605095933625418025e+00 1.694768187664367431e+00 2.499137261801099541e+01 2.876028623924221250e+01 2.525815713947642038e+01 4.180541623639986426e+01 6.570756723475557237e+01 6.766022868143312508e+01 5.870150415551248102e+01 4.884108237703701860e+01 3.771090581083120696e+01 1.735864533458571657e+01 3.400811020918487770e+01 2.993387712419024993e+01 3.703100464198355013e+01 5.595109527007040384e+01 5.778465682828021244e+01 4.912724643821132275e+01 4.182877595457100028e+01 2.330751525232845367e+01 1.796867507109114470e+01 1.881863447062333705e+01 1.965454619206843034e+01 2.048097868032204261e+01 4.029824819854015061e+01 2.750863331656419319e+01 4.722496282323052696e+01 4.628685317254952025e+01 2.742737460435882824e+01 4.778974893685606418e+01 5.816149933298695629e+01 6.843352183087415597e+01
0.000000000000000000e+00 1.940626307029160458e+01 2.124733011398156179e+01 9.472575818734441100e-01 1.104804069909677544e+01 1.380784354385456325e+01 1.994117684726082862e+00 2.125807515844124040e+01 1.370316020479292440e+01 3.521671727717352951e+01 4.965185131921514738e+01 6.038043911941988284e+01 5.936846761444651577e+01 4.172456123810720641e+01 3.213522063391779682e+01 2.420362295470419411e+01 1.700244152718318702e+01 2.830159521913161669e+01 2.361868714779635781e+01 3.749409273632773676e+01 5.868450635838780016e+01 4.957457645695603787e+01 2.994491229593991477e+01 2.471060867018447738e+01 1.676156358702589699e+01 2.201094294065561741e+01 3.774230035576009357e+01 2.918497996543094075e+01 3.807554173766668271e+01 4.842272120739504260e+01 3.306751469742260241e+01 5.254956085138787358e+01 5.608652531461056867e+01 4.189452284309597019e+01 2.970611797986851244e+01 4.984672714258703508e+01 4.830222879459148544e+01
0.000000000000000000e+00 2.773241787012871717e-01 5.547778497263157194e-01 1.255297749053589840e+01 1.887759762847785083e+01 2.391115716980443118e+00 8.993848060550964973e+00 6.236255229669211531e+00 1.173804550635444777e+01 1.862588886333820781e+01 2.932827198938248969e+01 5.167544170353102828e+01 6.766259960340559587e+01 5.423752553283374311e+01 4.358281184205598180e+01 2.878523054304400475e+01 3.325388174153066245e+01 1.647922963764662896e+01 3.382565771150711242e+01 4.951406836710305015e+01 5.832748359060200727e+01 4.816371509927000005e+01 2.934508707788875270e+01 1.556334695806746460e+01 3.537745150752215295e+01 2.990208463924719240e+01 3.024675643306193251e+01 4.692004334454603054e+01 5.379705974253468526e+01 5.821921229785156982e+01 3.897781629486031107e+01 5.829228796359857512e+01 7.031520179028593986e+01 5.521775065651696224e+01 3.512122085095705870e+01 3.190306679228403297e+01 5.199638989709522008e+01
0.000000000000000000e+00 1.689844068838707614e+01 9.468441086978583998e-01 1.271194100595974952e+01 2.225615092369929116e+01 2.672215133729421321e+00 1.639233984640556940e+01 1.046793746366912892e+01 2.912425688739833518e+01 4.013748522469197866e+01 4.965185114584754444e+01 6.153062125854231823e+01 7.468463022608449364e+01 5.091122472534884480e+01 3.418271206569545484e+01 2.593602892831596307e+01 2.812254189860716025e+01 1.611075704825817567e+01 3.096080943068848157e+01 5.077182404641468594e+01 4.921678612630472571e+01 3.220199960096051228e+01 3.336607569601701329e+01 1.463365935468428880e+01 3.285147249132995029e+01 4.707485010614156806e+01 4.816819349238004833e+01 4.249527939153225020e+01 6.098880717419255149e+01 6.491898756015318384e+01 4.567812346102851961e+01 6.491898756015318384e+01 6.381756926929352147e+01 4.364920689284675603e+01 5.521775065653753956e+01 5.199638989709522008e+01 3.411292115254779844e+01
0.000000000000000000e+00 1.326904483528147338e+01 2.407968490534851469e+01 2.785414173524463166e+01 2.323410169233303435e+01 2.951502404333645302e+00 2.029837007951913819e+01 1.509542331947041660e+01 3.180689153003588743e+01 4.777294412697038695e+01 5.860401666055419412e+01 7.132682164902570321e+01 7.712609944452078992e+01 5.460125964631775730e+01 3.475565784190007435e+01 1.802427133356903255e+01 1.630751734416131171e+01 1.575354113597520289e+01 3.939125293046115672e+01 5.088880053600529862e+01 4.297714274077086571e+01 2.405283354032998488e+01 1.250705233550079853e+01 3.222514991981118726e+01 2.905374375364277029e+01 4.324243698897771537e+01 6.282207723962932278e+01 6.005225919883456953e+01 6.876522967606027237e+01 7.312309224626075377e+01 5.623928568467503197e+01 7.312309224626075377e+01 7.054953333428196061e+01 5.035364113931681374e+01 7.054953333428196061e+01 6.249987960294991751e+01 5.418121753945995067e+01
0.000000000000000000e+00 1.858112822513244211e+01 3.379459189354061266e+01 3.454853035170881981e+01 8.694130884594310160e+00 3.229667664012061845e+00 2.181397164586933712e+01 2.776141652280445982e+01 2.271395521988771549e+01 3.056065480205824869e+01 4.927903273398922579e+01 5.420453537780163344e+01 6.831707724779859348e+01 6.688561537118229694e+01 4.847566098666247569e+01 2.755746590043693089e+01 1.524055577823109431e+01 3.098751758263658829e+01 2.929932149761834026e+01 4.345628848885243656e+01 3.901843440228920201e+01 2.754892859107113878e+01 1.272309043466659517e+01 1.255584658764142958e+01 3.306763827911745324e+01 4.551631272196447497e+01 5.353224907379236441e+01 5.138152775426986096e+01 6.288008673833704876e+01 7.856175333108937764e+01 7.518839343818000032e+01 8.332576930503233825e+01 7.882238889119541625e+01 6.049983041251309857e+01 7.882238889119541625e+01 7.070984185418453194e+01 5.053088841887029758e+01
