MOVIE_S1_data/elevation_000018.asc
nrows	100
cellsize	150.0
xllcorner	0
ncols	100
yllcorner	0
NODATA_value	-9999
[rows 34 to 50 of 100, columns 37 to 73 of 100]
5.900649106683040657e+01 4.641324463975541192e+01 4.070625076616276061e+01 6.069825705606822908e+01 7.085455625659342616e+01 8.898852555155629318e+01 9.290804736632205163e+01 7.281562963958148771e+01 6.435855532228782749e+01 4.870525759791104292e+01 5.675486787795477284e+01 4.171732886549815333e+01 4.208299748375333138e+01 4.245393462841717991e+01 4.283241719716628637e+01 4.322056232337282466e+01 4.361922851114245248e+01 4.402766167249919960e+01 4.444465601293916990e+01 4.464846589496928431e+01 4.577389427129740085e+01 5.721094891787137726e+01 6.565301344464322142e+01 5.634800997183700844e+01 6.237596634792284789e+01 5.053785071532779938e+01 7.068229146889322578e+01 7.159147110156415295e+01 7.659583166595515991e+01 9.300603641514062758e+01 1.013523170944908287e+02 1.055615680115358970e+02 9.731919209089373624e+01 9.146481934218449794e+01 1.114528981800149978e+02 1.081972970979396393e+02 1.223270277393679777e+02
6.938640786127726301e+01 6.580476110500958953e+01 5.093686250156441986e+01 5.354379011327094418e+01 6.767909322780992909e+01 8.763460725821140329e+01 9.202952001636806756e+01 7.071865560843777132e+01 5.714104794007218402e+01 4.882792122539837720e+01 4.626405431103407295e+01 5.009875421067439305e+01 5.998630328066582962e+01 6.160760385525505711e+01 5.455493855423378591e+01 6.320936356865637151e+01 6.511343738294766581e+01 6.327045061880416910e+01 6.561837019298292262e+01 4.511426068713586801e+01 6.623007699426128170e+01 6.996124893213202256e+01 7.591044361559484344e+01 7.105981186751081680e+01 7.361178244747033261e+01 5.792936301192330006e+01 7.696665694359653287e+01 9.124460436288626397e+01 9.616749681707290165e+01 1.043270998468693023e+02 9.874366866685109301e+01 1.044665319785625712e+02 1.127176775916157965e+02 1.114528981800149978e+02 1.197301157274949048e+02 1.282723120004588964e+02 1.342155439993577772e+02
7.568098853349076194e+01 7.029403792448621857e+01 7.103653259726627311e+01 7.319120108227870958e+01 8.112791076081609276e+01 8.566397501394048675e+01 9.385267615778232653e+01 8.515772872185796416e+01 7.656104487930687696e+01 7.080080633441029647e+01 5.445786781165301704e+01 4.957720021260523424e+01 5.171231031645809395e+01 6.569762031218124321e+01 7.153313330678884086e+01 8.072872814985559842e+01 8.337109043157860810e+01 6.314094644518105781e+01 5.286264094699082250e+01 4.568989209739923751e+01 6.667452027711270546e+01 6.141961716090368384e+01 7.257988814601807803e+01 8.212136511858021493e+01 8.480101244186212739e+01 7.144442033089825372e+01 7.349583942716054707e+01 9.242183168231021284e+01 9.949838158874609917e+01 9.126911452085134613e+01 7.896785723546904023e+01 8.464195193725029753e+01 1.044665319785625712e+02 1.233621053236129796e+02 1.348865668670703144e+02 1.342155439993577772e+02 1.142223467300543547e+02
8.569430036202054168e+01 8.745780636739085878e+01 8.572908543083448762e+01 7.887656162546133487e+01 8.231144492555702641e+01 6.558192333895016191e+01 8.231144492555702641e+01 8.724170566040550057e+01 9.541969543283647681e+01 7.916764043672178275e+01 5.944947890268237245e+01 7.451407867491637660e+01 6.882612246223136765e+01 5.579632756995374621e+01 6.803882260208321497e+01 8.583550451046787089e+01 9.176834733808428268e+01 7.954943048441138842e+01 7.109099212172191073e+01 5.571299169425186193e+01 4.645911065180467148e+01 4.700142667980501443e+01 5.626481278967393962e+01 6.701982768431862780e+01 8.661590682262301755e+01 9.030591328998448830e+01 9.242183168231021284e+01 9.354262807182415429e+01 8.532762449685144190e+01 7.156342141558596381e+01 9.126911452085903420e+01 1.044665319785625712e+02 9.519959669614902964e+01 1.066575165252723849e+02 1.266516826649091882e+02 1.312060811629217483e+02 1.112677150301748270e+02
8.509826445839185283e+01 7.684566904816242072e+01 7.480997281972335600e+01 5.786128090085756526e+01 6.229778572794864999e+01 5.368020835481093656e+01 7.086667656975667740e+01 6.718604130216918691e+01 8.416936247622258804e+01 8.814557431735930493e+01 7.373510928577294976e+01 8.814354901134660736e+01 7.722032186921407515e+01 5.947446059600191148e+01 7.200002461560056588e+01 8.982323907517418604e+01 9.989235139420850373e+01 8.846770596359795036e+01 7.348197899231719532e+01 5.355176253079837778e+01 6.730024582733634020e+01 6.774258185136710608e+01 4.777346644745806259e+01 6.836354206329909289e+01 8.556718828382027198e+01 9.382849516723852901e+01 8.807658637304614047e+01 7.987590624138979933e+01 6.567117478740145486e+01 8.532762449685144190e+01 8.546173409697411216e+01 1.052893711020619776e+02 1.151080454619677909e+02 1.233621053236129796e+02 1.275566245882562555e+02 1.193287716471166107e+02 1.112677150301754097e+02
7.316614112350964660e+01 5.618474294903344912e+01 6.551200402493343233e+01 4.582518586888228640e+01 4.174295191827117435e+01 4.592769876172612697e+01 5.036713222666789846e+01 5.558744631907734401e+01 7.011481873156671440e+01 9.006710877285686934e+01 9.420483890722960041e+01 9.183690621012534905e+01 7.393532378301122776e+01 6.512491639479316063e+01 7.393532365906624193e+01 9.183688762789243754e+01 9.166834942608254266e+01 7.190780233465233096e+01 6.049856189936227935e+01 7.348197899231719532e+01 7.416036891729028468e+01 5.631508062513529467e+01 4.832100241485991177e+01 6.876144776359318200e+01 6.579776545037887558e+01 7.786825417300094898e+01 7.504610955844965758e+01 6.025717937199535612e+01 7.154653942701776259e+01 9.125403290726114847e+01 1.052893711020619776e+02 1.135350290891868639e+02 1.158178378554587624e+02 1.242665523973360706e+02 1.160768428845130273e+02 9.943701705554725834e+01 1.057745865880691412e+02
6.480482182497642896e+01 4.428498635951803664e+01 5.290741195487138526e+01 3.678830170801556676e+01 5.715914937368523141e+01 6.649624600116396778e+01 7.086667656975667740e+01 7.595881978426639591e+01 6.443058225834393227e+01 8.452811942583697657e+01 1.032273246574675483e+02 9.968016017239621362e+01 8.869137110740712160e+01 7.105969677042422461e+01 8.869137110090048282e+01 9.967955443701431761e+01 8.909066842821363252e+01 6.934197140651396296e+01 8.025959208980067672e+01 8.846770669865141201e+01 8.237318980641792621e+01 7.398277198370972485e+01 6.879249448774794473e+01 4.909744224751169384e+01 6.941652501328293567e+01 6.112242414534416923e+01 5.541585860594415891e+01 7.504610955844965758e+01 8.807658637304614047e+01 9.948063185065592506e+01 1.098190905446003853e+02 1.013601847063229400e+02 9.537162869186484215e+01 1.158178378554587624e+02 1.078442617790200728e+02 8.805536990884988313e+01 9.641913973081297229e+01
5.746561928698339017e+01 4.911500255849046681e+01 3.286471656425838717e+01 5.290741195487138526e+01 4.851122494112168937e+01 6.042833315914366210e+01 8.064389025813930800e+01 9.268553532012991525e+01 8.452811942583697657e+01 7.532126551439870354e+01 8.936658493098440204e+01 1.089395185279497866e+02 9.647854270990762870e+01 7.970985707468565806e+01 9.647854275047112083e+01 1.005140867838213694e+02 8.072520377934384328e+01 8.909066842821363252e+01 9.730555130353636173e+01 1.002284113416983615e+02 8.882237306531672516e+01 7.483611932127509192e+01 5.513183764820062294e+01 6.224493025377100963e+01 4.987708474160949379e+01 5.042535892033583167e+01 6.964427032219163038e+01 7.489501132876203826e+01 8.641024056013438326e+01 9.970881737501098030e+01 9.129155218965350116e+01 8.122291967298414761e+01 1.013601847063229684e+02 1.111391437898750354e+02 1.008064670281457467e+02 9.259500769802039599e+01 7.672630677164002577e+01
4.551902379113256103e+01 2.927854270818334825e+01 4.911500255849046681e+01 6.127499555051124247e+01 6.897243331379310405e+01 7.725160103777747622e+01 8.885770084301844918e+01 8.272995890579028355e+01 9.076889605076799228e+01 9.509936143702130096e+01 9.509656843228461298e+01 1.146625908920995727e+02 1.056496436489127859e+02 9.767288518302130740e+01 1.056496473059747814e+02 1.086246152347981280e+02 9.469406919189673033e+01 1.087265969018221625e+02 1.072122811146787456e+02 9.200949935622266196e+01 7.228989228189630012e+01 6.099242973964809522e+01 7.483611932127509192e+01 7.648306063352553963e+01 7.003070125099297627e+01 7.046331489800999748e+01 5.119212744077693600e+01 5.757737886743289124e+01 7.816413841502351545e+01 8.348563460428039207e+01 7.139028914499633061e+01 9.129155218965350116e+01 1.076451455228192060e+02 9.714490696615712295e+01 8.315067015893657754e+01 7.289928338486713244e+01 9.259500769802039599e+01
2.531691264037453593e+01 4.551902436600112623e+01 5.746985671610124768e+01 5.660734383497928235e+01 6.511600461102254656e+01 7.551452860187131932e+01 7.933405715576564887e+01 6.275963139417535075e+01 7.933405720255625226e+01 9.143035685883666019e+01 9.075658254458082297e+01 9.900494696913507653e+01 1.019629597537883541e+02 9.397031092723655377e+01 9.515142936510439142e+01 1.035653340168377525e+02 1.145648521875200458e+02 1.160466179705966709e+02 9.899727621415709677e+01 7.922309705953594516e+01 6.790117087882578062e+01 8.062437554046566390e+01 8.882237306531672516e+01 8.477827132261937493e+01 6.627025821014652252e+01 5.658411531871759337e+01 6.827116273386528178e+01 5.193900806694716721e+01 7.240091836962049854e+01 6.369800831558601573e+01 8.348563460428039207e+01 9.970881737446470083e+01 9.365022160382999061e+01 7.965529768047525749e+01 6.916800579188701192e+01 8.893879583622273799e+01 1.008064670281457467e+02
2.229584207160400666e+01 4.319876311740272001e+01 4.590067786865445498e+01 3.659567401397619335e+01 4.703921572087659797e+01 6.706364331386230049e+01 7.094896781996591528e+01 5.040247840565596960e+01 6.293934635007118317e+01 8.171935448082646758e+01 7.095618572745429731e+01 8.751673582239132543e+01 9.082074993766256910e+01 7.453986765218516553e+01 7.558430131184505285e+01 9.198583680879519875e+01 1.033570523116002846e+02 1.078570941257337097e+02 8.803118794211790998e+01 7.665991557938041012e+01 8.758064855623193523e+01 9.578574456912916446e+01 9.428629432108449748e+01 8.085132011278368225e+01 6.208862556688369239e+01 7.462737468302653099e+01 7.136843650637703718e+01 5.245108996280493585e+01 5.699688811178751990e+01 7.669853478060078089e+01 9.185467079174095772e+01 9.029416410771061408e+01 8.208348347905865694e+01 6.555347602750809699e+01 8.544481782765913636e+01 9.713929025672139517e+01 9.232867838100122526e+01
1.936340706535410305e+01 1.916392188732176294e+01 2.580198011903325650e+01 4.147532207464046650e+01 5.570781539066743449e+01 7.462796581031054188e+01 6.293934154826735039e+01 4.119557906269260883e+01 5.253366894126292408e+01 7.351246474091611560e+01 5.879054282227825468e+01 7.842078003846097545e+01 8.100195772693487584e+01 6.260307644380313263e+01 6.370237968506553017e+01 7.558344953612653683e+01 9.510005156316232444e+01 1.125442249065683029e+02 9.276571853024110226e+01 9.060152552443859975e+01 1.046093665548602303e+02 1.006808777906343977e+02 8.645668659009611190e+01 6.786168678319802439e+01 8.085132011241596217e+01 7.753962200818274653e+01 5.806706148186425054e+01 5.294710127463164895e+01 7.253220087552189455e+01 8.132938616999898329e+01 8.703540607187048295e+01 7.883089199205883801e+01 6.216047395636282857e+01 8.208348347905965170e+01 9.365022161469799755e+01 9.060131051669303304e+01 8.240317556968759050e+01
2.165436609178099303e+01 1.961243522067931266e+01 1.886591026266390969e+01 1.859062943953503222e+01 4.038105983940040034e+01 5.352367866417102249e+01 4.827505011880178643e+01 3.344617533857670111e+01 5.634898634558945218e+01 7.013377424761702628e+01 4.887419133011081840e+01 7.013782919640566149e+01 6.056652065916477312e+01 5.275613776956538459e+01 6.529393217814033790e+01 7.962659053478347460e+01 9.902796107935409964e+01 1.086811594950930697e+02 1.125417745260666180e+02 1.104600042004951490e+02 1.083312810510754360e+02 9.280965824744532711e+01 7.428256082403726168e+01 8.645668659009611190e+01 9.428629432108449748e+01 8.685102486909890729e+01 7.773692053914960809e+01 5.500210321926125800e+01 5.361461976307759159e+01 7.316732136580762358e+01 7.570679566464237098e+01 5.908554861946129932e+01 7.883089199205883801e+01 9.029416410777803037e+01 8.890120913955939841e+01 8.070632513269485742e+01 6.272803233340079743e+01
3.969917004652185000e+01 3.779096986370096545e+01 3.537861830792302698e+01 2.810648436597310607e+01 1.820619106490181238e+01 4.072671192054527722e+01 2.092385590380461124e+01 4.827505011880178643e+01 6.190346509862258273e+01 5.333903844055254950e+01 4.134715717099017951e+01 5.988989705238886074e+01 4.496585960578749308e+01 6.655191802767842546e+01 7.501429123757945661e+01 8.065133304617430099e+01 8.068647904122677517e+01 9.564540521840898180e+01 1.053238254481418181e+02 1.184455318964536161e+02 1.004108297551428848e+02 8.178481477529996369e+01 9.280965824744532711e+01 1.006808777906343977e+02 1.037051548688808253e+02 8.971128208805775728e+01 7.724177608564613706e+01 5.740595264079716742e+01 5.547809515397045033e+01 5.425100646383166492e+01 5.626050059710750872e+01 7.570879510120505529e+01 8.701452312358418339e+01 8.720318525606349169e+01 7.901359571163057183e+01 6.097606850367142783e+01 8.063567045334202987e+01
5.198062979416704366e+01 3.576994354504638096e+01 3.430382406221428226e+01 1.782696625315213979e+01 1.822042752781239727e+01 1.974544698559973099e+01 2.150003256030629117e+01 4.365396492796676142e+01 4.926962671330002763e+01 3.123963725995530538e+01 3.457368286958527648e+01 3.796733263877406728e+01 4.302713139789814534e+01 4.840835837631340866e+01 5.411625067832588343e+01 6.033427487801066036e+01 6.792136931813693934e+01 7.798819459834498957e+01 9.718536617636777919e+01 1.104976887169361959e+02 9.161387748060283798e+01 1.004108297551428848e+02 1.083312810510754360e+02 1.083768680880569377e+02 9.436172840093470882e+01 7.571740930723480290e+01 6.174860417472083185e+01 7.724177608564613706e+01 8.009437651399564118e+01 6.777927018634262879e+01 5.486872477536361714e+01 7.441034985587823769e+01 8.236440927017019931e+01 7.734459755408582282e+01 5.927674818294281778e+01 7.895838293487848603e+01 8.070200132470608878e+01
3.851851892689533940e+01 3.482846249891503732e+01 1.744413551646086091e+01 2.742535452447994970e+01 2.598926299054330613e+01 4.059488949275036163e+01 4.365081840091592369e+01 2.418878767864217494e+01 2.705069238461206993e+01 4.926962671260091042e+01 5.658454804923256631e+01 5.988989705238886074e+01 6.474779638279429150e+01 6.978830807895056410e+01 7.501429737378146001e+01 8.065133424085290414e+01 8.758016925839828559e+01 9.564715248153187588e+01 1.053479833797595404e+02 1.181631032024939998e+02 1.048852643174478487e+02 1.184455318964536161e+02 1.110072760334732891e+02 9.954825857333146644e+01 8.034658871381243728e+01 6.645905049407936360e+01 7.571969862156802833e+01 8.971128208805775728e+01 9.397802063361805835e+01 8.222687822948981307e+01 7.440141297192597847e+01 5.546923568498969814e+01 7.415486468871684167e+01 5.764782627602088638e+01 7.728572142210505547e+01 7.324067906717350240e+01 9.298922533937674473e+01
1.754680039025702598e+01 1.705419046398174743e+01 3.392167298406393172e+01 4.151230942855690387e+01 3.491053651339829855e+01 5.037373401520338234e+01 5.379404682618324074e+01 3.980168459797685898e+01 2.828105535366431766e+01 5.072619318945998401e+01 5.469758435965585619e+01 7.582114216168704957e+01 8.060140097847113339e+01 8.152901519045499867e+01 8.977506144473494487e+01 8.940318584694320236e+01 9.761291619051243629e+01 9.907880752174915528e+01 1.073197648054264874e+02 1.176897175548911605e+02 1.240537929431302047e+02 1.174618053204526973e+02 1.027541520950936729e+02 8.293853030248246228e+01 7.161793878129134328e+01 8.034658871381243728e+01 9.436172840093470882e+01 1.038933324620581971e+02 9.349629432584967503e+01 7.368188117507186519e+01 5.976258893874462785e+01 7.503768361045709412e+01 5.607238362806586451e+01 6.573123028869248685e+01 8.275769007649756759e+01 9.298578726989809695e+01 1.012509958297964801e+02
