MOVIE_S1_data/elevation_000870.asc
nrows	100
cellsize	150.0
xllcorner	0
ncols	100
yllcorner	0
NODATA_value	-9999
[rows 68 to 84 of 100, columns 0 to 36 of 100]
0.000000000000000000e+00 1.999999993659273301e+01 3.666992299756672224e+01 4.570571874091476872e+01 5.431649554000271252e+01 5.482032023962884892e+01 4.680223276489162743e+01 3.596207249547215667e+01 1.583030111736573708e+01 3.488261863813485775e+01 3.144616830566488019e+01 2.832612385404968691e+01 1.357544807060940251e+01 3.362248583573103389e+01 2.280539428569178284e+01 3.450105267694094380e+01 1.687184694584860267e+01 8.878662330439480499e+00 2.865684077007086117e+01 3.012754094255865311e+01 1.481293490381068345e+01 3.375067197187576795e+01 4.965745874771972979e+01 5.146528697280523801e+01 5.982242212434216100e+01 6.554859453359361510e+01 4.559256185878827949e+01 6.554859453359361510e+01 6.921879795291958715e+01 6.743736625276784480e+01 4.850877909445090097e+01 2.895260935535203473e+01 4.204147598208885483e+01 4.200768330964814368e+01 4.940571309917739740e+01 2.922649699562975556e+01 3.622258239971717586e+01
0.000000000000000000e+00 9.004615402435463878e+00 2.341583990216966882e+01 4.359857333318170447e+01 5.246871912332130705e+01 4.677364315044276566e+01 2.791477767850076219e+01 3.021723768695195034e+01 1.067586634798128387e+01 2.417721448502161863e+01 4.202309489916991048e+00 6.643519088041208498e+00 1.720361578023157634e+01 2.506428925319102063e+01 7.804949551916847916e+00 2.785173947634851999e+01 2.520313460672607064e+01 8.261022508317642732e+00 2.804678287428734507e+01 3.777706723664177701e+01 1.849996010486824716e+01 3.778526383454584447e+01 5.165879042467214788e+01 5.995120857863418706e+01 6.889537849988941787e+01 7.385094864925056868e+01 5.708925087567379819e+01 7.385215626836760805e+01 7.068631299845216631e+01 5.068420226348731461e+01 3.925247105412063320e+01 3.528673397201257700e+01 5.511980165566999545e+01 6.169563287613755875e+01 5.348856978727071265e+01 3.380211636196251135e+01 5.228519727175130782e+01
0.000000000000000000e+00 1.999999999478523804e+01 3.603530224331695564e+01 4.419834293513465440e+01 3.141278872995149385e+01 4.565235718219150840e+01 3.337714650063244903e+01 1.445288519590357801e+01 1.518838407620962982e+01 3.724302006545941346e+00 1.395420735631150144e+01 4.682529304535870018e+00 5.022977783278769870e+00 5.364080426301224946e+00 5.704890136781186172e+00 1.090338521061653410e+01 2.654451692779847249e+01 7.646526758956873060e+00 2.744670257096510824e+01 4.601303372801984892e+01 3.195495686172093386e+01 2.475791250296260770e+01 3.166771750294965315e+01 4.061032426957864772e+01 5.473470058570568852e+01 7.475005050960977826e+01 7.710430245553844486e+01 8.541684784182055523e+01 7.899533973862045855e+01 6.743736626330995421e+01 5.913808898125952851e+01 4.271200296814326691e+01 6.265914514912074651e+01 7.221176784431406759e+01 5.267525121363061658e+01 3.876246406702717451e+01 5.839742800586682137e+01
0.000000000000000000e+00 1.656904895414056611e+01 2.442288383845735567e+01 2.419701541682068324e+01 1.477824134104931808e+01 3.758194891697856832e+01 2.993355684598066446e+01 2.164744774625633283e+01 3.247799834459535795e+00 2.187783837451556579e+01 1.291986334100244349e+01 2.629908344898154837e+01 1.982600188608156344e+01 2.432508157932223725e+01 2.548285418545994929e+01 6.184594460060291787e+00 6.786163709720918646e+00 2.436251913598227503e+01 2.171059869901734274e+01 4.164743125098940624e+01 5.187102655462155099e+01 3.873468951227134482e+01 3.614146622798736530e+01 5.613301384155896301e+01 6.889537849988941787e+01 7.498717658511836248e+01 8.319434984443472558e+01 8.310225454708943005e+01 7.488649629567677835e+01 8.310225454708943005e+01 7.096583653214761966e+01 5.678964503249410001e+01 6.265916019840744156e+01 7.221199283823760595e+01 5.267525401454041400e+01 4.863755222011351265e+01 5.267525396952389372e+01
0.000000000000000000e+00 1.890179914100185954e+01 8.102631292191410095e-01 3.959844715669846860e+00 2.114660555646655737e+01 2.182410120894973105e+01 2.207674070625980534e+01 2.770771099648218883e+00 2.251969798552425317e+01 3.006188122147753106e+01 3.053388111044920450e+01 2.869045704747194492e+01 4.020848649849504142e+01 4.015050844251956619e+01 2.640300068065659644e+01 6.593436037663741089e+00 2.172921670888847956e+01 3.342031723535100696e+01 4.151834168533960678e+01 4.991308105492852576e+01 5.565255107161915049e+01 5.872900333353022972e+01 4.767931264614588116e+01 6.442959986091062774e+01 7.177801185260828731e+01 5.523225687802216299e+01 7.177801185260828731e+01 7.319589671374322393e+01 5.508284334381104230e+01 7.002739246103364223e+01 7.823979583010442695e+01 7.682942331651081247e+01 8.270349355955571014e+01 8.042631035335945455e+01 7.221199681889784472e+01 5.989782319273292188e+01 6.646077282016919696e+01
0.000000000000000000e+00 3.354835916891139025e-01 7.040832696845149563e+00 1.285701863094636410e+00 1.621964307947755479e+00 1.958312325375461294e+00 2.294650350515975656e+00 2.214393760311682868e+01 7.912077495806949301e+00 2.763421471473381885e+01 4.085577797126488520e+01 4.635836676304408144e+01 5.085964820091334815e+01 2.934654158755673592e+01 7.093485624629236597e+00 7.003985376344715519e+00 2.666493942672950723e+01 3.682806841912693585e+01 3.893616929968893459e+01 3.869499263321363713e+01 3.488386834285887517e+01 5.565255107161915049e+01 6.768098443049605351e+01 7.598558864811131741e+01 6.358163037478020385e+01 4.390633473279732613e+01 6.358163037478020385e+01 6.498466981974389967e+01 4.526761058952317285e+01 5.027095124159539807e+01 6.421777583466229089e+01 8.405304771260770735e+01 1.009489657265095417e+02 9.285898140084040620e+01 8.769583976266592629e+01 7.943996091072352783e+01 8.609657897036908025e+01
0.000000000000000000e+00 1.999893990405890065e+01 1.075195768797931706e+01 2.061554403733007845e+01 2.060960316810709969e+01 1.372785908773960450e+01 4.973775504102352585e+00 2.380989203552195477e+01 2.775027480439278804e+01 1.331224865692231418e+01 3.316004562699682623e+01 4.747558049428381821e+01 4.963331537441114705e+01 3.155211206333784091e+01 1.686481694969877054e+01 2.535509478353233348e+01 7.590613538743943067e+00 2.804171797750415962e+01 1.466835510574314050e+01 1.864554074182563426e+01 3.046712452780216651e+01 5.229430413302286240e+01 6.559385355775503967e+01 5.717204910260009143e+01 5.662533550046444475e+01 3.700391663370675843e+01 5.662533550046444475e+01 5.753232191850179333e+01 3.789346577538274374e+01 5.753232191850179333e+01 6.761449057676612995e+01 7.750279258509097247e+01 8.975453282224619045e+01 7.352831715124204948e+01 8.975453282211506689e+01 9.158716940624395875e+01 9.967295390504649788e+01
0.000000000000000000e+00 1.577349798323098717e+01 2.959977259382653614e+01 3.743157460598133923e+01 3.119327060654149264e+01 1.163173879569272628e+01 2.387940276151918084e+01 3.210884641401955975e+01 3.313926739551450851e+01 3.316186335638843730e+01 1.941341520265408249e+01 3.929811946647444643e+01 4.564202693150559043e+01 2.876119919552177961e+01 3.567823809313981087e+01 2.345307133597499316e+01 1.033913158026997614e+01 8.184344080568811464e+00 9.530142068742557981e+00 1.079153926153923138e+01 3.096817600485974609e+01 4.686402106254464428e+01 5.389112018127695336e+01 3.720113257549058972e+01 5.070925160573976598e+01 3.110988722577114984e+01 4.302944152211907181e+01 4.680169271261846831e+01 3.285512803744092025e+01 3.975331433848979401e+01 4.953445096976123097e+01 6.928950583000828090e+01 8.169841719272052671e+01 6.236857175298122513e+01 8.169841719272052671e+01 7.224025050469947473e+01 8.847359963902574975e+01
0.000000000000000000e+00 1.643791787678892291e+01 3.882221031138092826e+01 4.840549439517123176e+01 2.784200051305755252e+01 2.556776194686107928e+01 2.295804553736319420e+01 4.318470313680860073e+01 5.289381837568853939e+01 4.399299680682977254e+01 2.407491731960873693e+01 4.399299513366079140e+01 5.363266359984111631e+01 4.564251502163634910e+01 4.131991581688485127e+01 2.161225841767441480e+01 2.395910134107404588e+01 2.594542866428925265e+01 8.833293282444907746e+00 1.020500415792424143e+01 1.840489565044633125e+01 3.764298767673698620e+01 3.664901971412294301e+01 2.589253302130352097e+01 4.473844459865963330e+01 4.052570322339705200e+01 2.341846487283471490e+01 2.720049609102436605e+01 4.680169271261846831e+01 5.941197839988458185e+01 6.761449057574819221e+01 7.750279258248920655e+01 7.486428479785679713e+01 5.546407161858397927e+01 7.073695562916773838e+01 6.105669068788808573e+01 7.224025050469947473e+01
0.000000000000000000e+00 1.999999999999964473e+01 3.722854315746386789e+01 4.877554854126343287e+01 4.849733400309531817e+01 4.584302463878357514e+01 3.718141206628852302e+01 4.319085009784402729e+01 6.024164443471691754e+01 4.034119658541319353e+01 3.069590269425804507e+01 4.034119658541319353e+01 6.024164443471666885e+01 5.446406282522489306e+01 3.587543526664228466e+01 4.129948398308967228e+01 4.047538936890074268e+01 2.948495401120583637e+01 9.371418572623298360e+00 1.060758948125111445e+01 2.973995732637886036e+01 3.333129381496953414e+01 1.574496611720838857e+01 1.715250721552268587e+01 3.673230409254433937e+01 2.128673784861277696e+01 4.089547913145835167e+01 2.588517805961339491e+01 4.548962649104687728e+01 5.615475624320707482e+01 6.638488264425164687e+01 6.835124129645808466e+01 6.872874502764061333e+01 4.927474075806087939e+01 5.130041677426077484e+01 6.506602612319326795e+01 8.442779055375298469e+01
0.000000000000000000e+00 8.944271909999235604e+00 2.049127729379195628e+01 4.049127729379266327e+01 4.905483875933531124e+01 5.733911000702318006e+01 5.769891689586597749e+01 6.383044353068992649e+01 6.838727269752587290e+01 5.769227675443006120e+01 3.774979259529655451e+01 5.769227675443006120e+01 6.838727269593094604e+01 6.229929701443785461e+01 5.446406282522489306e+01 5.115716041930707547e+01 4.188637994020054123e+01 2.457268918743664798e+01 9.952111894258861113e+00 2.977583607795710918e+01 1.236462464238335812e+01 1.375674252445248769e+01 3.068767202163627061e+01 3.642963998499210732e+01 1.918956588185299594e+01 3.878715413936503609e+01 4.905805022750956113e+01 4.548962649104682754e+01 2.838253119902266164e+01 4.797812073377873787e+01 4.667451328685697831e+01 4.861928943747980725e+01 5.781310140682309395e+01 4.364527298138611400e+01 6.311331786779265940e+01 7.878025851975682770e+01 8.358827010355663845e+01
0.000000000000000000e+00 1.999999999999964473e+01 2.825277118578053503e+01 3.272490714078050189e+01 2.905483875933460780e+01 4.384363467092543942e+01 5.051030133759222451e+01 5.879457258573077638e+01 6.879457258639563122e+01 6.584999049509590918e+01 4.929645595607320274e+01 6.584999049483646161e+01 6.089307780426580052e+01 6.914751664532413145e+01 5.672392318173918113e+01 3.770243577232463394e+01 2.363649621625906860e+01 2.798812626468666309e+01 1.053315297107015347e+01 2.002512691913153375e+01 3.193127369865850795e+01 1.670817551260359579e+01 3.566653162574927904e+01 4.580759566502707969e+01 3.303467519258052221e+01 3.303474808122457063e+01 5.267487749487714410e+01 5.615361858255510441e+01 3.966967257139474157e+01 3.094921327086820284e+01 3.286114868314870563e+01 3.480556648690010491e+01 3.835743692515788439e+01 5.781470460254741539e+01 6.294343223304991142e+01 6.575112639832471473e+01 6.865291946986212679e+01
0.000000000000000000e+00 4.082482904638648158e+00 8.252771185780179763e+00 1.272490714077979668e+01 1.807013197902837831e+01 2.384363467092473599e+01 3.051030133759152108e+01 4.051030133759186924e+01 6.051030133759257268e+01 7.727024001551146171e+01 6.916118125060729938e+01 6.089307780426580052e+01 4.087166525479510426e+01 5.145489341582298692e+01 4.611311874477504347e+01 5.093073920828832968e+01 3.219767914468715730e+01 1.127909296489198709e+01 2.666869632103430732e+01 2.851669437833156806e+01 3.853336883678070990e+01 1.973879009255922057e+01 3.918725766014283352e+01 4.890695166023834162e+01 5.266840711238123163e+01 5.267465791953160448e+01 6.085943192141041891e+01 5.932485718884391446e+01 5.667807515061121393e+01 3.683525064263714910e+01 5.082524627659478966e+01 5.439913114393743854e+01 3.816720892303045076e+01 4.063240224524368216e+01 4.332214562721458151e+01 4.609726724146668886e+01 4.897200131601822193e+01
0.000000000000000000e+00 1.999999999999964473e+01 2.825277118578053503e+01 3.272490714078050189e+01 3.807013197902908530e+01 4.384363467092543942e+01 5.051030133759222451e+01 5.879457258562325705e+01 6.879457258595992641e+01 8.761131299049635857e+01 6.769993942402182086e+01 5.354819900464749338e+01 5.145489341582298692e+01 3.146780275941438276e+01 2.617586502447534613e+01 3.903686444224172192e+01 3.140101820405978117e+01 1.176799488633851531e+01 3.147134744824683494e+01 4.102781192470744998e+01 4.675164928054053348e+01 3.918725766014406986e+01 2.429789159017946076e+01 2.863615962323177655e+01 4.890703157732836814e+01 6.451576128463707960e+01 7.447160100369795543e+01 7.909534870730185219e+01 6.407264641801819494e+01 4.349849306716757269e+01 6.138744286805642503e+01 5.424332721339651187e+01 5.849367257221170746e+01 4.712050568630256464e+01 6.294343223304991142e+01 6.575112639832471473e+01 6.865291946979772320e+01
0.000000000000000000e+00 1.999999999999964473e+01 3.741314433687074370e+01 4.569741563068519952e+01 4.641972956068717338e+01 4.736013322668035386e+01 5.564440450302079455e+01 5.252411102163021894e+01 6.080838230284027190e+01 7.235538770993390756e+01 8.176762971709214867e+01 7.353184571890363941e+01 5.972223284854715786e+01 5.145489341582298692e+01 3.906423509202054589e+01 1.922012593302019212e+01 3.181347731040358795e+01 1.223166768940011373e+01 1.779223549059492981e+01 3.033157090600579053e+01 5.006587455143866094e+01 5.036740414007359590e+01 3.010052191149365086e+01 4.890703157732836814e+01 3.607507239490776385e+01 4.631223389268061652e+01 6.045342658061544938e+01 8.028546307630978163e+01 7.277395228528799009e+01 5.382836272411308443e+01 6.948975382318330674e+01 6.842557955141468540e+01 6.672565251793965047e+01 6.097820212286897146e+01 6.097820212286865882e+01 8.060122520775190935e+01 8.240217587567411783e+01
0.000000000000000000e+00 1.999999999992069277e+01 1.741314433684857121e+01 2.898961419083312663e+01 2.641972956066637579e+01 2.736013322666066117e+01 4.097710563782231219e+01 3.252411102160417755e+01 4.407111640539709896e+01 6.407111640545888065e+01 7.008427475510208637e+01 5.971783619462360093e+01 5.109230589531240696e+01 4.730968053718422084e+01 3.781657365924977654e+01 3.120231361387326885e+01 1.286909554323111493e+01 2.535515825246066512e+01 3.583988933864540627e+01 3.033157090600579053e+01 5.006587455143863252e+01 5.709580986429237015e+01 3.691059277748998824e+01 5.709580986429237015e+01 5.628716473907296347e+01 4.631223327927101252e+01 6.045330340368314381e+01 8.028113398438937054e+01 8.404384690855295048e+01 7.532729769216044247e+01 8.378166807200241806e+01 8.878243675156059567e+01 8.635877209971921786e+01 8.060122521805288898e+01 8.060122520775190935e+01 8.874633493888350699e+01 9.379392993051200733e+01
0.000000000000000000e+00 2.917299829957897384e+00 5.866138953055852312e+00 8.989614190828000062e+00 1.227759393693517431e+01 1.581312784286794226e+01 2.097710563781125614e+01 2.853639509799593554e+01 4.267853072172738393e+01 6.267853072178605345e+01 6.142105304699477841e+01 4.076355874363000709e+01 3.188136646170812227e+01 3.849177879239582012e+01 2.199446798890603105e+01 1.350308961681035669e+01 3.263926118365049689e+01 2.205341380060818679e+01 4.187540220764108767e+01 5.006587455143860410e+01 5.833562263378690460e+01 6.532596167890812922e+01 4.712828429785987794e+01 6.532596167891955474e+01 7.446306716248714963e+01 6.045328969453719026e+01 6.625696521046424436e+01 8.605148063852732321e+01 8.313912483873824044e+01 7.483222219311258527e+01 7.483222219354946958e+01 8.002023766768728308e+01 8.694024359731611185e+01 8.781823905260262109e+01 9.548411412838261469e+01 8.777228783291704417e+01 7.940950728968350347e+01
