MOVIE_S1_data/elevation_000801.asc
nrows	100
cellsize	150.0
xllcorner	0
ncols	100
yllcorner	0
NODATA_value	-9999
[rows 0 to 16 of 100, columns 0 to 36 of 100]
0.000000000000000000e+00 1.000000000000008704e+01 2.414213562373128852e+01 4.414213562373199551e+01 5.577034253379066797e+01 6.160658279238328561e+01 5.932173660214050415e+01 5.111448390170897937e+01 5.716702019234558918e+01 6.428926757853061247e+01 7.245866440388863339e+01 8.381818890533682520e+01 7.035259443094574294e+01 6.149100351786755425e+01 6.437453653070488713e+01 7.322671250756735617e+01 8.412251542537347859e+01 7.734927755521655968e+01 6.909898779862035667e+01 7.734927755521655968e+01 7.951920622772053093e+01 7.124216213442819878e+01 7.124216213441511059e+01 6.604769386947843657e+01 7.311810317249428692e+01 8.139546132115964383e+01 9.033293293427865933e+01 1.018726430119114070e+02 1.108972107363438511e+02 9.940712074526192055e+01 9.116277395105919368e+01 8.369458676920299922e+01 8.579292213541805268e+01 9.403321786431212104e+01 9.091359106260034650e+01 9.091359106260034650e+01 9.916654053507724598e+01
0.000000000000000000e+00 1.999999999999964473e+01 3.828427124746298915e+01 4.849307338459389172e+01 3.584994131969541797e+01 4.168449175134716000e+01 4.354624153239398510e+01 3.151626736517179594e+01 3.764058998049065252e+01 4.491117643061995324e+01 5.609855369750961529e+01 7.561680805452891718e+01 5.769227138205849315e+01 3.934126298237409003e+01 4.224835742570110853e+01 6.057985200401304837e+01 6.419862146986656626e+01 6.419862146986656626e+01 4.914785868158563176e+01 6.737857029290321975e+01 7.124216213442852563e+01 5.124842295820356242e+01 5.124842295820356242e+01 4.605003564865027954e+01 5.312003154588366982e+01 6.207337505311901538e+01 7.361384547739618256e+01 9.358272947922516494e+01 1.026359753218798971e+02 8.276403238728660483e+01 7.140303048308373945e+01 6.401285986114201876e+01 6.608895450842119601e+01 8.262502012717158095e+01 7.115823318853828994e+01 7.115823318853828994e+01 9.091359106260034650e+01
0.000000000000000000e+00 1.999999999999964473e+01 2.028581545598392921e+01 2.935291955523536345e+01 2.183257264414962862e+01 3.668467518903986502e+01 2.388982530408274130e+01 4.354624153239398510e+01 5.716702019234558918e+01 6.428926757853061247e+01 6.905654249073307938e+01 5.977805010462678581e+01 4.748764049910380436e+01 2.625771520503351653e+01 2.920706391473307306e+01 5.159998106829315390e+01 6.419862146986656626e+01 4.424739639029794347e+01 3.916635060149422287e+01 5.912342324010302264e+01 7.033929834634510314e+01 5.710445358164445651e+01 3.715066139444217441e+01 5.675511815659316994e+01 6.503638515899875472e+01 7.658021847523946235e+01 8.162890801169241684e+01 8.992939513545184127e+01 1.014780276646958725e+02 9.936606616474189480e+01 8.836657776577376922e+01 6.863832289147518395e+01 5.484287435389428822e+01 6.770315746839213489e+01 5.734071538994283657e+01 7.115823318853828994e+01 9.091359106260034650e+01
0.000000000000000000e+00 3.092363615786096975e+00 6.214258825189461710e+00 9.494548796892793519e+00 1.300916157749714763e+01 1.696371151597692517e+01 2.657696401715545065e+01 4.011583387081783769e+01 5.945250184179803910e+01 5.764262590636709405e+01 4.275116794401913722e+01 5.083648106554642965e+01 2.849897972405560509e+01 1.598373880814603076e+01 3.867142432174424727e+01 5.462607751207308837e+01 6.618605287883622168e+01 5.158035879744436158e+01 3.174193839317584676e+01 5.158035879744436158e+01 5.622897747053903572e+01 4.211865659473293277e+01 3.253865706174489958e+01 3.680418834093644165e+01 4.830371717470903548e+01 6.829998287228340814e+01 6.164229062879412879e+01 7.318477158363990043e+01 9.316822359210145521e+01 8.888895517401017798e+01 8.067822068022968551e+01 8.262502013406154333e+01 6.770315746839213489e+01 4.822196400121552529e+01 6.770315746831757053e+01 7.392799959839460655e+01 9.369829066574540377e+01
0.000000000000000000e+00 1.999999999999964473e+01 2.612561136792885819e+01 2.094203423639916650e+01 3.280644304536454570e+01 3.087218331131745330e+01 4.486117808552647546e+01 4.935718377548315772e+01 6.290101318763998250e+01 4.463859505997718458e+01 2.185432004440906084e+01 3.708198616330525965e+01 2.847139604862558926e+01 9.865543979612221293e+00 2.306247724151943856e+01 4.559894445134435159e+01 5.792943955077448237e+01 3.804047856868744759e+01 2.682626863449121402e+01 4.645810067472482530e+01 4.381228404389575815e+01 2.826126413859205044e+01 4.795988530552993012e+01 5.675513348900160082e+01 4.431596897153011128e+01 5.008385123614107215e+01 6.164228834596759299e+01 8.162688666602008425e+01 8.969009421266501647e+01 7.976905884416888171e+01 6.108658258562000753e+01 6.468070872101628765e+01 5.950047837679537821e+01 4.471078702149026185e+01 5.436487664954366750e+01 7.392799959843256374e+01 8.646460028557308419e+01
0.000000000000000000e+00 1.414213562373107536e+01 3.414213562373178235e+01 4.084240458890627679e+01 4.910310135284171906e+01 5.065223966984647319e+01 4.786107146392707534e+01 4.673901783411892552e+01 5.132109067487571963e+01 2.873851748108911153e+01 1.307731243779813113e+01 4.159104180319896926e+00 3.921423951601662239e+00 4.814698877604500105e+00 3.011055939115890112e+01 4.736842420802478415e+01 5.707176669670646874e+01 4.202763179392596982e+01 2.265809130431932417e+01 4.026666596304145429e+01 2.432326777318533573e+01 2.934988268744798745e+01 4.323589309917005608e+01 6.310999120014461283e+01 6.431377113592006367e+01 7.008889213189287659e+01 7.837182111008321783e+01 8.990399680727132647e+01 8.142121066668060791e+01 6.177504382178340592e+01 5.206854849338614599e+01 4.525382298470697151e+01 4.010684894953065793e+01 5.565849696368962896e+01 6.378975070448795037e+01 5.865366344329803638e+01 7.255913190442032601e+01
0.000000000000000000e+00 1.852396991221996103e+01 3.133351643670921050e+01 3.211824743472448063e+01 3.407173763360661667e+01 3.639728168677617504e+01 2.627329102638400116e+01 2.975675284945684496e+01 3.625805376624024490e+01 2.549859954772603032e+01 1.359118192544703696e+01 3.503654699675389672e+00 1.442162580475563338e+01 4.340649730515004912e+00 1.713160903191412032e+01 3.806795250407115816e+01 4.319066640852862093e+01 2.929736651592708441e+01 1.867705047873082691e+01 2.097053995603128840e+01 4.026666596304145429e+01 4.905688166297879604e+01 3.814901194324771438e+01 4.716555796685551627e+01 5.889143638775934164e+01 7.960162794015180054e+01 9.386831118710813371e+01 8.583782418174729401e+01 8.964993366795337693e+01 7.976905884416888171e+01 7.158285651901898916e+01 6.466801387251020117e+01 5.552815459849318103e+01 3.627179014911262556e+01 5.208890629682334605e+01 4.493767222246626858e+01 6.439445826502662840e+01
0.000000000000000000e+00 2.848160695949103705e+00 8.270286481202806073e+00 1.423136900504715285e+01 2.223771997205584228e+01 2.351101519444951293e+01 1.046884746147969736e+01 2.226709580014875556e+01 1.660235468841808526e+01 2.214895757261137632e+01 3.087783250879009511e+00 2.050246594157257718e+01 2.212093292614018836e+01 4.637412050595073332e+00 6.238994328059376038e+00 3.664141885150690570e+01 3.502567898217652242e+01 1.581957160844643440e+01 3.502567899753379521e+01 3.918655399934191053e+01 4.015711695842425399e+01 5.971874529723042002e+01 5.841203782699952285e+01 5.682400875429502207e+01 7.611606884908536585e+01 8.833605066345265300e+01 8.271457770997038494e+01 6.643030224016740704e+01 8.271457770997038494e+01 7.872946968444854576e+01 8.686771166621244333e+01 6.945573697038777539e+01 4.994721210761152719e+01 5.208890629682333895e+01 3.267197025741369742e+01 4.875876182983967766e+01 4.875876182983968476e+01
0.000000000000000000e+00 3.214562870636700431e+00 9.984486451959620368e+00 1.516072352148258062e+01 1.822545025830225640e+01 1.533071780812071516e+00 1.817456650131821894e+00 2.102666304980326029e+00 2.388938622064349815e+00 2.676777773641252356e+00 2.075935988604785010e+01 2.446372331748175455e+01 5.063453228118080851e+00 1.865025740486523276e+01 6.829252970877997875e+00 2.687329764477340177e+01 3.032776094288148272e+01 1.380234193824901467e+01 2.756063668584646464e+01 4.759347282106794097e+01 5.337668106356015585e+01 6.168853304553005046e+01 7.090312239379031212e+01 7.989473769600327557e+01 9.061660362522000867e+01 8.817482241943291399e+01 6.893171196259253009e+01 5.527968428059985939e+01 6.498211616482507225e+01 5.928777589025967387e+01 7.872946968444854576e+01 7.765931867844508929e+01 6.946311108494103337e+01 6.020643962405373628e+01 4.875876182983967766e+01 2.927462705114730213e+01 3.985465079037859226e+01
0.000000000000000000e+00 2.827393343083471899e-01 5.655263300097369550e-01 8.484157520554267418e-01 1.131437352834645527e+00 3.892095888018838767e+00 1.314750769685629450e+01 1.845877406667688092e+01 2.077432163806016163e+01 2.663898295448055897e+00 2.154368285030657759e+01 5.487491399688755322e+00 1.062289437103766687e+01 2.372648314739289788e+01 2.186326315106268581e+01 9.170418470893178409e+00 1.093545068005757237e+01 1.446653952386607855e+01 3.344030181018911208e+01 4.318991126877595121e+01 3.381712579628067061e+01 4.334724496818664363e+01 5.634284451077095923e+01 7.486318670561627187e+01 9.037237616765247594e+01 7.216056111742916812e+01 7.257079687971913984e+01 6.498211616482507225e+01 4.565943417941052473e+01 6.498211616482507225e+01 7.678507471107948845e+01 8.388276724931824901e+01 6.394877591152688012e+01 6.394877591152688012e+01 5.686676945575463549e+01 4.555544325758949498e+01 2.598332014302361159e+01
0.000000000000000000e+00 1.994987061889212399e+01 2.451840299296121373e+01 1.622832799731122222e+01 2.184456794394122170e+01 4.188229024185952554e+00 1.023194016776341719e+01 1.681563871445588632e+01 2.245782905010423036e+01 2.136533902910189298e+01 2.793500619854884803e+01 5.785132650048409708e+00 1.657457550756749143e+01 2.791093231519125339e+01 2.829638255719231665e+01 1.622856286739634868e+01 3.032775692915968335e+01 3.344030180651046891e+01 1.938585037972391945e+01 2.388337427214227660e+01 3.085655741492507786e+01 3.957881753806289993e+01 5.117949514066066996e+01 7.126404238809983838e+01 8.371154151668885390e+01 6.434192309842980251e+01 5.333513488352740950e+01 4.693185973798365751e+01 4.083674380257924952e+01 4.923018456507112006e+01 6.300762963807544992e+01 7.217167443934803828e+01 6.394877591152688012e+01 4.438809154531529799e+01 5.136682800178013508e+01 4.484336431360379294e+01 3.617760556365360713e+01
0.000000000000000000e+00 8.862413125543518788e+00 2.817492947727237507e+01 3.802903870805643294e+01 2.693075317741058683e+01 2.667331169683431114e+01 9.825059386670741191e+00 2.944715477871623932e+01 3.021342640586824047e+01 3.828939833588603392e+01 3.084811176149634449e+01 6.079711501998409595e+00 1.762950171440157021e+01 2.932132468848272921e+01 3.813126238713782357e+01 2.499786145145077043e+01 4.302806180123199198e+01 4.665543581351422375e+01 3.841462511831481663e+01 2.757240778172703699e+01 4.135701676187244402e+01 5.898118320502303646e+01 6.795429800169030443e+01 7.952720008295663945e+01 9.182333520474767852e+01 8.063410108889114269e+01 7.257079687971913984e+01 5.889091589220962675e+01 4.522851691771192861e+01 3.554006186620851793e+01 4.460705133043276760e+01 5.751447338929680342e+01 6.564034417675942734e+01 5.157751287375171501e+01 3.162758579963231398e+01 2.454228659345950803e+01 2.215989189399712700e+01
0.000000000000000000e+00 1.996693392243978948e+01 2.420159022076908428e+01 4.247734929790607339e+01 4.809047645949494409e+01 3.731003812879724535e+01 1.510974997563480393e+01 3.731102622645088474e+01 4.767982727307288826e+01 4.852779652270502453e+01 2.863235722971357333e+01 6.371509494614793212e+00 1.084830684782718357e+01 2.879562787770482402e+01 3.690227556556495614e+01 4.300965812150965206e+01 4.075987453673749172e+01 6.016897567774053357e+01 5.561763586309555052e+01 3.614098357495333147e+01 5.561763586316741481e+01 6.987825496441621453e+01 8.352568226078300029e+01 8.295957440179464015e+01 8.295957440179464015e+01 9.120679638173953663e+01 8.654249279622420943e+01 7.271670434421726270e+01 5.675911912182392882e+01 3.737208394075035756e+01 3.081840628752178191e+01 3.806726785376365285e+01 5.438368285872532937e+01 5.952094103117945423e+01 5.112822817479219140e+01 4.124859457727043832e+01 2.171186225923186441e+01
0.000000000000000000e+00 1.428331659734759640e+01 3.511624058711998941e+01 4.680632945419417013e+01 5.660234234265441700e+01 3.409069931242434848e+01 3.731286632003700277e+01 2.670694685804052071e+01 4.838810458827986594e+01 4.140252502352364417e+01 1.873503332404190047e+01 6.662378357058713618e+00 2.371638526472630915e+01 1.735107919811119714e+01 2.194484423159996567e+01 3.894754956054816120e+01 5.393961313128318125e+01 6.740573480213998891e+01 6.492264280927700781e+01 5.062487478467124902e+01 6.493110550075560639e+01 7.779301260966848020e+01 6.381165117794605379e+01 6.325058292492103362e+01 6.325058292492103362e+01 8.295957440179464015e+01 7.926823056010429980e+01 5.971537855618078794e+01 4.854536425698189106e+01 5.675914839647072796e+01 4.628662403837075345e+01 2.671006355447988057e+01 4.265714569486372909e+01 4.559312339064781838e+01 3.963263404976721915e+01 4.026234173634149727e+01 2.126820345232430753e+01
0.000000000000000000e+00 1.999999999999119638e+01 3.307957025758118874e+01 4.155582393874417590e+01 5.143992055425922416e+01 5.727733138957123771e+01 5.651595743565163588e+01 3.887401236683320604e+01 5.630132694622137990e+01 4.177962695335939713e+01 2.109917419967892371e+01 6.953099960351148745e+00 2.462859583701125388e+01 3.018231849371396791e+01 3.871252488122109270e+01 2.892648330691858405e+01 4.629254999965200312e+01 5.530554581810285697e+01 7.186308274125440221e+01 7.217241350043964587e+01 7.275676493720933991e+01 6.457408243054375419e+01 5.000604153338273505e+01 4.944912500733090610e+01 6.325058292492103362e+01 8.295957440179464015e+01 8.746129604148272563e+01 7.613407266075681434e+01 6.797938619221420709e+01 5.287322706349983292e+01 3.913760245277893546e+01 4.265714569495046504e+01 2.305426444488935545e+01 2.484964133610480630e+01 2.021600446578601762e+01 2.064752898912568213e+01 3.533292452370240966e+01
0.000000000000000000e+00 6.324556956501650617e+00 1.299127166050859650e+01 2.299676122999284900e+01 3.727621539148082519e+01 5.836651576197878910e+01 6.665743041112364153e+01 5.590295151392435002e+01 5.201161562945921446e+01 3.104559366430187595e+01 1.818530767160785899e+01 7.244450252457169448e+00 2.574269555876930937e+01 2.772411981004517045e+01 4.423621844998188379e+01 4.629245773726363211e+01 3.776709657013904575e+01 5.045562523081363793e+01 6.886443401003323572e+01 6.731636877565645705e+01 5.915584377904059465e+01 4.504498200676759723e+01 4.030923876632815706e+01 5.000611979922332040e+01 6.382175001230901046e+01 8.371791774344278281e+01 8.893291955811959326e+01 8.684537178707542182e+01 8.056281511679604534e+01 6.671802108916288887e+01 5.858836884615819685e+01 4.748871899023493626e+01 3.209468122253003486e+01 1.961083112662842254e+01 3.917648980199858499e+01 3.589610023536521766e+01 2.956997569302646411e+01
0.000000000000000000e+00 1.999999999999956302e+01 3.307957045738956481e+01 4.161848842734247711e+01 5.013214955280505336e+01 5.838880869308268728e+01 6.811768648614712163e+01 6.971136593780697410e+01 5.426786789958534030e+01 3.605336978397190251e+01 2.780430841291277844e+01 7.536892773230280618e+00 7.994150624820955287e+00 3.136344213716306584e+01 4.252102654032883322e+01 5.299668497654930377e+01 5.584744048867948152e+01 6.341010770741819158e+01 6.271037199364553771e+01 5.602351414172196797e+01 3.965463718309239027e+01 3.382412798077121607e+01 4.504498200676759723e+01 6.457408243054375419e+01 7.786622028528890382e+01 8.893291955811959326e+01 6.932040479826115131e+01 6.717268601207979373e+01 8.104979606512526402e+01 7.171250747315711749e+01 6.191831311152036932e+01 5.332742634496290179e+01 3.873468986857140806e+01 1.919362437269256816e+01 3.811283531684733106e+01 4.244812156462523944e+01 4.884401678697775395e+01
