MOVIE_S1_data/elevation_000299.asc
nrows	100
cellsize	150.0
xllcorner	0
ncols	100
yllcorner	0
NODATA_value	-9999
[rows 51 to 67 of 100, columns 0 to 36 of 100]
0.000000000000000000e+00 1.570703637319142487e+01 3.744259007860696187e+01 4.641131512859326591e+01 4.015010457114716047e+01 2.715763339057252423e+01 3.566142959385078370e+01 4.394995385314372527e+01 4.024632993951165361e+01 2.043514693060320653e+01 4.024633101013803582e+01 5.626023483992346286e+01 5.882539120237563424e+01 4.090943918918215871e+01 3.956916273142127949e+01 4.787116552897673216e+01 3.142579994646637331e+01 3.620304534392476370e+01 5.604464858022988238e+01 7.155780315535047009e+01 8.153433027969299474e+01 7.629738614045798784e+01 6.288756139021360525e+01 4.116468916381879239e+01 3.831962435856470250e+01 5.260127589806105419e+01 5.221513714681766771e+01 4.362993797206524960e+01 4.786949500023239068e+01 3.939252928211568872e+01 3.449799033216443434e+01 1.670589993256109551e+01 3.099152545863848829e+01 2.858844786406795890e+01 3.417188368770877105e+01 4.063602585522841792e+01 5.218994983189573844e+01
0.000000000000000000e+00 1.999999999999964473e+01 3.723098540740432583e+01 4.878412112316422622e+01 5.529530983653376808e+01 3.874833629475728713e+01 5.529470515718968926e+01 5.607077280134547692e+01 3.585443320770794173e+01 2.453616088148941898e+01 4.442387517125666108e+01 5.992540832842194476e+01 6.812988516416741902e+01 5.996092434686782724e+01 5.956186766436835711e+01 5.465486967636206117e+01 3.520778667367319770e+01 3.753857970301454117e+01 6.151666025892958345e+01 7.828225119553736988e+01 8.764541432837245338e+01 6.446664952519856229e+01 4.475399886707555197e+01 4.752707651444082160e+01 2.581381024861436302e+01 3.091661176182297055e+01 3.581881769740358123e+01 2.575385293241696516e+01 3.582385417538517913e+01 1.594553279276627045e+01 1.626307100517679061e+01 1.691390101187763051e+01 3.846777662759775041e+01 4.724185621344208386e+01 4.724185617504537049e+01 6.096379357471268889e+01 6.944839755422302119e+01
0.000000000000000000e+00 8.944271910741310450e+00 2.049127792096888356e+01 4.049228360875319055e+01 5.264853157133464379e+01 5.854828742129602404e+01 6.671100628344147765e+01 6.443259702345507378e+01 5.279134798798924066e+01 4.442387590293375155e+01 3.139541742863818286e+01 4.559346170860701619e+01 6.592696412877504031e+01 7.468488388597992866e+01 6.014335633807923642e+01 4.065309604241024743e+01 5.465486967607336055e+01 4.324010341750818753e+01 4.964274948391336295e+01 6.066747777792237883e+01 8.026199347340899237e+01 6.255927164627470205e+01 4.061588020556611411e+01 2.701829836901900705e+01 2.838685748164650846e+01 1.632955227499976303e+01 1.487603848082222235e+01 1.518374143775522356e+01 1.549664429031962776e+01 1.789770048841575800e+01 1.806966648661916608e+01 3.731427085901349727e+01 3.825423727454907663e+01 5.910559137515762984e+01 6.747364494579788641e+01 6.733108454252706565e+01 7.529731560366342080e+01
0.000000000000000000e+00 1.999999999999964473e+01 2.862837204736185726e+01 3.334241718008962607e+01 3.264853075757721257e+01 4.453662147647246172e+01 5.160768883833559784e+01 5.989196132884523394e+01 6.330535098048218856e+01 4.294398605614112796e+01 5.154971211146445143e+01 4.406984823485059621e+01 6.442789921369691797e+01 6.649305781801021453e+01 4.669931385354099262e+01 5.425065298815496106e+01 6.830167940722317610e+01 5.635205054692831794e+01 5.488551277010307672e+01 7.463726450595285655e+01 8.850619086208689623e+01 7.136961985429162780e+01 5.881397019235377854e+01 4.475265830905322417e+01 1.640156396860461996e+01 1.444588752273103616e+01 3.239112944318990372e+01 3.530583882900899795e+01 3.580126731786830163e+01 1.989775674650153192e+01 3.765602310695923194e+01 2.137894645013961181e+01 4.179558369208803725e+01 5.346625832765895581e+01 6.417109793910069016e+01 4.804375478083070306e+01 5.997800360797191388e+01
0.000000000000000000e+00 4.264014327112191083e+00 8.628372131832001912e+00 1.334241733974227806e+01 1.850639513468540898e+01 2.453662202624057542e+01 3.160768983810592658e+01 4.315469522172234207e+01 6.315469157555435942e+01 5.474308942017963631e+01 7.164182472823181058e+01 5.850310558920311621e+01 7.279927450225535779e+01 7.125951669742471495e+01 5.137288752019012605e+01 7.118640155303138783e+01 8.120477169768142289e+01 7.613115632596726812e+01 6.877674885742658262e+01 8.290922672156705175e+01 7.077627305964470850e+01 6.086983238241027294e+01 5.249893651146298623e+01 5.510392448045904956e+01 3.582243243844524017e+01 1.414472204093855545e+01 3.026614091906238357e+01 3.608698576979397643e+01 3.956207766886536348e+01 3.836806152842894591e+01 4.644527225166925177e+01 4.179558371716623810e+01 2.541505134246390796e+01 4.544890030646360657e+01 5.190168120061326107e+01 3.669858849003630752e+01 4.057331690245290901e+01
0.000000000000000000e+00 1.999999999999964473e+01 2.862837204736185726e+01 3.334241718008962607e+01 3.850639485412454377e+01 4.453662147647246172e+01 5.160768883689195974e+01 5.989196067704886417e+01 7.143888307153721939e+01 7.500161626197429143e+01 8.330011339467064602e+01 7.874414295622619875e+01 8.395600606560148549e+01 6.387828986285784794e+01 7.126100140964861396e+01 6.121947934304603223e+01 7.541851332750620429e+01 9.545410680857663976e+01 8.878516116817829129e+01 7.189850826341236711e+01 6.004883295975194812e+01 4.250839347065029017e+01 3.397880745560294713e+01 5.078698077134003341e+01 4.011691507807683621e+01 1.384389444191697649e+01 2.351268446247645016e+01 1.792097666511592635e+01 2.060689775311757543e+01 2.342311167733664590e+01 4.277705974919799559e+01 5.327705635229079206e+01 4.544889921030542013e+01 2.950231643977238249e+01 3.232869679979109634e+01 5.181447753686131108e+01 4.551216847823646816e+01
0.000000000000000000e+00 1.999999999999964473e+01 3.463035727205082281e+01 4.291462851951302326e+01 5.446163390330573861e+01 5.994075395103634207e+01 5.994127684500499953e+01 6.825963654546569614e+01 7.197497894434127375e+01 6.361024216620983651e+01 7.197581755080611288e+01 8.219750392009085260e+01 9.209062715366266616e+01 7.809124827248439260e+01 8.949968984236500091e+01 7.280174355783626083e+01 8.949968983805537448e+01 8.189427158263896445e+01 7.136374312439612311e+01 6.172447380630330116e+01 4.471159923695724103e+01 3.439023542294008706e+01 2.518998809745638212e+01 3.520417296201114965e+01 3.286977822045212605e+01 1.354397942696706636e+01 1.473668121594611691e+01 2.528065771622067359e+01 3.786757211720053107e+01 4.274913090500861301e+01 2.775896580633320809e+01 4.742115463987848756e+01 5.681128074480601953e+01 4.919623775356801332e+01 5.186573348352829527e+01 4.287523791113039806e+01 6.219877389381731803e+01
0.000000000000000000e+00 7.071067811865505703e+00 1.463035727205011760e+01 2.617736265584283828e+01 4.617736265584354527e+01 3.981467202930800653e+01 3.981467369760253661e+01 5.994122206938978081e+01 5.916527964435996267e+01 4.337506442940004803e+01 5.349746267956917478e+01 7.199564633683164061e+01 8.634737662969556027e+01 9.812716430419951052e+01 1.009313180258141358e+02 9.286397705689249449e+01 8.990185591678817900e+01 6.440090066187580931e+01 4.934250460484523870e+01 3.997699595873352507e+01 3.278147861398228002e+01 2.661500800584801851e+01 2.210849684579227414e+01 1.992854977544825701e+01 2.039062833942166719e+01 2.040773426686584813e+01 1.312120385663448374e+01 3.038094807405870412e+01 4.534641028911538285e+01 5.479925348178380062e+01 4.742115463937511066e+01 3.282226700891582993e+01 4.606117213585367409e+01 6.230409463406168413e+01 6.991342655660190530e+01 5.415140160899830590e+01 7.020681246013091936e+01
0.000000000000000000e+00 1.414213562373107536e+01 3.414213562373178235e+01 4.291462851951302326e+01 3.563603180502234125e+01 2.556253669488194902e+01 4.570938729755740582e+01 5.321865828503916873e+01 3.891446583910944668e+01 3.321566385971140534e+01 4.337506601124589878e+01 5.770237538482415118e+01 7.012645472121276669e+01 7.898559186364769857e+01 9.362414732933149253e+01 9.811426416627560343e+01 8.954579360651194975e+01 8.140814283203641821e+01 6.820443666308078434e+01 5.831026892525773064e+01 4.980534424078054911e+01 4.348527993172310602e+01 3.371354734208989612e+01 1.673402455483132911e+01 3.195447049268106809e+01 1.270210504461647893e+01 3.171316987510300578e+01 4.001977864247874805e+01 5.130569570106312938e+01 6.108250195482511913e+01 5.993278323849691702e+01 5.231295634232304792e+01 3.858249474211407204e+01 5.215403220060980516e+01 6.995026796411757175e+01 7.352048036283936483e+01 8.189134769775168365e+01
0.000000000000000000e+00 1.999999999999964473e+01 2.452013990049834646e+01 2.683636129421666539e+01 1.549750241364888126e+01 3.191865181471121105e+01 3.474840961555538854e+01 3.767301538830837870e+01 2.455922235814761478e+01 4.484579147039235636e+01 5.173148924290353534e+01 5.738186627066214385e+01 4.856856534713351436e+01 6.120158612060628656e+01 8.416110066505120813e+01 8.807133052699082043e+01 7.733963337112551528e+01 7.486597493771725453e+01 5.032475097666181085e+01 3.680931304314842833e+01 2.944990657191913641e+01 2.405197290469959626e+01 1.971523670476230095e+01 1.621109606131238223e+01 1.228324260201509865e+01 3.179528083458233567e+01 3.896979258949546221e+01 3.993700533709923661e+01 3.314544330248014603e+01 4.749217979206857621e+01 6.678569396068203901e+01 6.119665255387570113e+01 4.290608984035389994e+01 6.119665255387918990e+01 7.307110619634430293e+01 7.937750673689424730e+01 7.937750673682786839e+01
0.000000000000000000e+00 2.225880436831546572e+00 4.470818603092536314e+00 6.763111113687330977e+00 9.136820345115294728e+00 1.174189133145437935e+01 1.452096730759242682e+01 1.739077382119404191e+01 2.157492423821732075e+01 2.589429805390871309e+01 3.085110649176433739e+01 3.620670035272249976e+01 4.669917806324676945e+01 6.284469586448391709e+01 8.579483687329491204e+01 7.946147705079653178e+01 6.768994899199668680e+01 7.945325465445795032e+01 6.715284755977661746e+01 5.825829238237547969e+01 4.980534565271680947e+01 3.439898346596626055e+01 3.799904887233831374e+01 3.271433925684742405e+01 1.249237109368879928e+01 1.186303533103871821e+01 3.128066074869008872e+01 2.002602856337992421e+01 3.980016881317201438e+01 4.042125406223090067e+01 6.151583119814009848e+01 6.871702873603710771e+01 5.297781843675697644e+01 4.969924396509285458e+01 5.540534747358575629e+01 6.154031238857064778e+01 7.398952561442197862e+01
0.000000000000000000e+00 1.999999999999964473e+01 2.452013990049834646e+01 1.835595227630442494e+01 2.927156295120284568e+01 2.075927273785110216e+01 3.474840961555538854e+01 2.910325598058034657e+01 3.022201797574524207e+01 4.652174106566248923e+01 4.275763062168537942e+01 5.334900500455043471e+01 6.597462072846902004e+01 7.736838679331157209e+01 8.753316956202010601e+01 7.204852034763216295e+01 6.005134574882841036e+01 6.869949211070088779e+01 6.404853749271099161e+01 7.151042262655889203e+01 6.318623807667079717e+01 5.485109940652824179e+01 5.321248702172535161e+01 3.087104152075790608e+01 3.677610383378059566e+01 3.135786097264476524e+01 1.143943518099867873e+01 1.167092451132432984e+01 1.937120627813296636e+01 3.319448658973961841e+01 5.450037850189237787e+01 7.677828045167449034e+01 6.497271539080578862e+01 6.223755039514900744e+01 6.418418808776534945e+01 7.937750673694897330e+01 8.713487996360807131e+01
0.000000000000000000e+00 1.414213562373107536e+01 3.414213562373178235e+01 3.842081544716744901e+01 4.672423499569291039e+01 3.241647657325771803e+01 4.929398254529074563e+01 4.345490199714839008e+01 4.194318981891410658e+01 5.889690993827233711e+01 6.330114718984231814e+01 7.175714882215528689e+01 8.445058579572555857e+01 8.917639488925149749e+01 8.024564590116473539e+01 7.734310641604503189e+01 6.474402953710887232e+01 5.167632993834009625e+01 4.681199211216373612e+01 5.856351295173814719e+01 6.343139314344060864e+01 7.087591948628353578e+01 6.146246374294510417e+01 5.279172130525981999e+01 4.425757333283166162e+01 3.097969680126864134e+01 1.114453827410820885e+01 3.106406810270447139e+01 4.018352654221377662e+01 4.896728900500205839e+01 6.045128022762212794e+01 7.437389524763192128e+01 8.283203935216509706e+01 8.015243572944358164e+01 8.217030905175786870e+01 8.994521407541242297e+01 7.749242003608605955e+01
0.000000000000000000e+00 7.559289460184577258e+00 1.650356137018463087e+01 2.805056675605562333e+01 4.805059755742530569e+01 5.260014686632558067e+01 6.093700471077593050e+01 6.368640926905770527e+01 6.221328755169416524e+01 7.059451786843278853e+01 7.152901897845946166e+01 6.949601821989554651e+01 7.102325587276892804e+01 7.227811737183853324e+01 5.240841912926670432e+01 7.119391277432956144e+01 7.571734860321079452e+01 6.869949948853042088e+01 5.856351295057160655e+01 4.041569780211989382e+01 4.519660852500129522e+01 6.050160425386499696e+01 6.324076992633006000e+01 5.448800102568770853e+01 3.684849158703065086e+01 1.791334252011943562e+01 1.085511599210355449e+01 3.115406156771455670e+01 3.844385003294165415e+01 3.253259336881135511e+01 4.652875309697750339e+01 6.146256169735964647e+01 6.985285636084971372e+01 8.149491018584500068e+01 8.426730900970810012e+01 7.613460354498558047e+01 6.938191210698524003e+01
0.000000000000000000e+00 1.999999999999964473e+01 3.584364005379725882e+01 4.478809678492840618e+01 5.633534342198937139e+01 5.786352859289536354e+01 5.785782166013910910e+01 6.616899160747961162e+01 7.418410538171183077e+01 6.566494834451167151e+01 5.140063369379388547e+01 5.058861699721006033e+01 6.950225457940199192e+01 6.105145378731503314e+01 3.766887232877839153e+01 6.105689305375212683e+01 7.763884771868265489e+01 5.937871595714906192e+01 5.937866095634083763e+01 5.301763202710788647e+01 3.432332625130592874e+01 5.299738778804560013e+01 4.994411308975789154e+01 3.368535715424658861e+01 3.351080977356662771e+01 2.989652309408651476e+01 1.056850497976671654e+01 1.442540432804526596e+01 1.840449053430294768e+01 3.844385005129776545e+01 5.070528015036313718e+01 4.133753093661223943e+01 5.297787891167190111e+01 7.305285477075487677e+01 7.289267605472969080e+01 5.640525269498797911e+01 7.289267605472969080e+01
0.000000000000000000e+00 1.004027796514866289e+01 2.444676009799202276e+01 4.498205750262160763e+01 5.189416670983334967e+01 3.760817315055184906e+01 3.760812794667277359e+01 5.785843387601374133e+01 5.356124725441512169e+01 5.356057291754179062e+01 3.773428144651347793e+01 5.073560005063414025e+01 7.107802379632612144e+01 5.180774867384815963e+01 2.955262550253620901e+01 5.180774862602998354e+01 6.756884394702369434e+01 5.769302159777200245e+01 4.078494915991629455e+01 4.794284286021093067e+01 3.052633095281990450e+01 4.951496335841066809e+01 4.149792748609588244e+01 2.102823054988525797e+01 2.960252384022356509e+01 1.015804242000286628e+01 1.243319339922418365e+01 3.191315507551985675e+01 3.844385005129776545e+01 2.527978309176558724e+01 3.049028325245396331e+01 5.070528015036313718e+01 6.985285636084971372e+01 7.577436751208014698e+01 6.474385753924073583e+01 4.500113337934216418e+01 6.474385753924073583e+01
0.000000000000000000e+00 1.999878574139080456e+01 3.706582966315811234e+01 4.234381293516290157e+01 3.397305145117403669e+01 2.324553959505919565e+01 4.353974984296488770e+01 5.973557783212881844e+01 5.092574099539906030e+01 3.346362809464306309e+01 3.101663217487801205e+01 4.480437165453110282e+01 6.507001036130908744e+01 4.482183199925206907e+01 2.295966538385155786e+01 4.482183194200667486e+01 4.315097043378968067e+01 5.651856452331511349e+01 4.793726151167301452e+01 2.861016102690530261e+01 2.676976931243503088e+01 4.246710783607234418e+01 3.408597806017849763e+01 1.173200149973025752e+01 9.703649273438550438e+00 2.949612101985763246e+01 3.191904831019829203e+01 3.499190455960400925e+01 4.302062997040739845e+01 4.542413563423129119e+01 5.069644353505062639e+01 4.528868795019341320e+01 6.635869640799710112e+01 6.762750968377197580e+01 4.792700926194045508e+01 3.808922248556245194e+01 5.776375047771557547e+01
