MOVIE_S1_data/elevation_000482.asc
nrows	100
cellsize	150.0
xllcorner	0
ncols	100
yllcorner	0
NODATA_value	-9999
[rows 51 to 67 of 100, columns 0 to 36 of 100]
0.000000000000000000e+00 1.996981109942543497e+01 3.211289873115520521e+01 2.378417308156480203e+01 1.290595678130208768e+01 2.574244729919005437e+01 2.089769726279013184e+01 2.781021599120208876e+01 9.357327948461906075e+00 2.922485620350504831e+01 3.109593228885947980e+01 2.516155131190823013e+01 2.438427590901163811e+01 4.241656015628461063e+01 3.829482207826963247e+01 2.093026031043718760e+01 3.492796961164258107e+01 4.551584155395129727e+01 5.380692009899276940e+01 6.254828031121115117e+01 7.080015774611204904e+01 8.287701784067530753e+01 8.737410221782927522e+01 7.920407822758394900e+01 8.737410221795177279e+01 9.730356309069046006e+01 8.905020279588499932e+01 8.693248200761202327e+01 9.449628753287053939e+01 1.027405925729590734e+02 1.127067649939295393e+02 1.079096928781566334e+02 9.539038502640212869e+01 8.635200509059978913e+01 8.151181038721557570e+01 7.300082398000314754e+01 6.889802502070027401e+01
0.000000000000000000e+00 1.414213577769441521e+01 3.414219819342955731e+01 4.119212082197937264e+01 2.704444052103334073e+01 3.290019107170003565e+01 4.088049614792059572e+01 3.532497759688990158e+01 1.570625002497471812e+01 1.096953725231374399e+01 1.211288169118388325e+01 1.325952661898162965e+01 1.442570918607228947e+01 3.436647927185041596e+01 1.854390479524574076e+01 3.829482254965324017e+01 4.912329442792805878e+01 6.331855040023245351e+01 6.952460623218618707e+01 7.750370191490102911e+01 7.307900320295199492e+01 6.597933075597458696e+01 7.410814128298513026e+01 5.941638172774181470e+01 7.748955534529707734e+01 8.283526009223135134e+01 8.714994830477863275e+01 8.031131165869678057e+01 8.835901877420256767e+01 9.585633089060802092e+01 1.058226881984624015e+02 1.112992758860357441e+02 1.030677750890933311e+02 9.668774068562495927e+01 7.834176131142268673e+01 7.685611669399256130e+01 6.808193783816842881e+01
0.000000000000000000e+00 1.999999999999964473e+01 3.722854315746214127e+01 4.877554854125485662e+01 4.704328132934337248e+01 5.289357116343477827e+01 4.576897563981965789e+01 2.623005325665084442e+01 3.532498316708277031e+01 3.095524691147547003e+01 3.208065238822084098e+01 1.957071030109140963e+01 3.417263126913198334e+01 1.609025727201069245e+01 1.769206152810212629e+01 3.761423262530600908e+01 4.814865253528698474e+01 5.367418367292351178e+01 4.999550067447452761e+01 6.215840180297085027e+01 5.060604620127651998e+01 4.680122029800139671e+01 5.847227082890621830e+01 4.945688710875622718e+01 6.496270806458500147e+01 6.306823264497492687e+01 7.233615800216372804e+01 5.983530074784025032e+01 6.782023846029247238e+01 7.884073181319786272e+01 9.778648053151056274e+01 1.030677750890933311e+02 8.293750773013707089e+01 8.883352653247712283e+01 7.895112911977948045e+01 5.982572623828996683e+01 6.524488204462504370e+01
0.000000000000000000e+00 8.944271909999235604e+00 2.049127729379195628e+01 4.049127729379266327e+01 4.851626864842524611e+01 5.680053989118619739e+01 5.400308645377769778e+01 3.998310258467277123e+01 4.576897567379452880e+01 4.950077816684092369e+01 2.953710606426415808e+01 3.951894211555308090e+01 3.235512064108277031e+01 3.017740169707492370e+01 3.761423262530600908e+01 1.997139804760720239e+01 3.988581361738945219e+01 3.379635241917593902e+01 5.367418367292351178e+01 5.012414426501720044e+01 3.337834761973263653e+01 3.591026910792311355e+01 3.857846206448405013e+01 4.132176256678119586e+01 4.510560872823324274e+01 4.902449661626814503e+01 5.319019074491821186e+01 7.124097310927884052e+01 6.879242898129380990e+01 8.083582820587184870e+01 9.835654502219074402e+01 1.046426271277962883e+02 8.883352653247712283e+01 6.865408242898028846e+01 7.803271464497699128e+01 6.733472302972577950e+01 4.777062579539732212e+01
0.000000000000000000e+00 1.999999999999964473e+01 2.792232270276316441e+01 3.218633702987496292e+01 2.851626864843006359e+01 4.350684168402080587e+01 5.179111292480082085e+01 5.973730895577044464e+01 6.559713849291709664e+01 5.776511099155543150e+01 3.951566907666072836e+01 5.776511099155543150e+01 4.644911843632958437e+01 5.013485813264870927e+01 4.742665680448455134e+01 2.747555687136514635e+01 2.232250011856649152e+01 4.223484810470954187e+01 4.646016687418921975e+01 2.991654166809194848e+01 4.904122706986420610e+01 4.995024200193752506e+01 5.847227082890621830e+01 6.120513669143884528e+01 4.815591215135557945e+01 6.801532122362381472e+01 7.299383649573833566e+01 8.040443536812726677e+01 8.083582894354944415e+01 8.099937596001778672e+01 9.836223258718271723e+01 9.638974235566598736e+01 7.617384365444704031e+01 6.611114379638793537e+01 5.807185767674939569e+01 5.317140478262889758e+01 5.236887977208026967e+01
0.000000000000000000e+00 3.922322702763672897e+00 7.922322702763656466e+00 1.218633702987582978e+01 1.773333899212802223e+01 2.350684168402417740e+01 3.350684168402382568e+01 4.505384706781592996e+01 6.505384706778863801e+01 6.774606219705017907e+01 5.948588725702751390e+01 6.774606219705017907e+01 6.634308971973469227e+01 6.154268868401207726e+01 4.157960495309329474e+01 4.742657477269860777e+01 4.223237880518269094e+01 2.474664089512217657e+01 2.654229490036246730e+01 2.966361416002041551e+01 4.949890210098934773e+01 6.197926777575411705e+01 7.724669619170411750e+01 7.618742144599113431e+01 6.801532122362381472e+01 5.597688728310738782e+01 7.578084583872900737e+01 9.318597678392981720e+01 9.835680681940203840e+01 9.836223258718271723e+01 1.062106919668951264e+02 1.046426271277962883e+02 9.457739220472792852e+01 8.446221547087839099e+01 6.439856465402139918e+01 7.288688359475220579e+01 6.618502962959972535e+01
0.000000000000000000e+00 1.999999999999964473e+01 2.792232270276316441e+01 3.218633702987496292e+01 2.851626864843006359e+01 4.350684168402080587e+01 3.764897730775462747e+01 5.764897730774317353e+01 7.333811828135002031e+01 7.127715777628772287e+01 6.649989108207202548e+01 7.478263829046171907e+01 7.514312095313748330e+01 6.979937180677301001e+01 6.154268868401207726e+01 5.358699798967722927e+01 3.362954427840435301e+01 4.466181755548590360e+01 4.646016687421641933e+01 3.583083784512340486e+01 3.415328048746930989e+01 5.394429423433176396e+01 6.676056182484849444e+01 8.040638992198832113e+01 8.392733927816446737e+01 7.578084583872900737e+01 6.535086866121498872e+01 7.932584418665204851e+01 9.900816301135263586e+01 9.612404209996618931e+01 8.755617953580376422e+01 9.613131413799311531e+01 1.007537329711913685e+02 8.077393894139697750e+01 8.446221547087839099e+01 7.490111603710630561e+01 5.519618480904529179e+01
0.000000000000000000e+00 1.999999999999964473e+01 3.577350268507977660e+01 4.405777289678558617e+01 4.851626864842524611e+01 5.680053989118619739e+01 5.764897730774317353e+01 6.593324854184606920e+01 7.127715777628772287e+01 5.131546814161176684e+01 4.654426750851903449e+01 6.325437169324890618e+01 5.521763418042992555e+01 6.363913580118044422e+01 7.190270149831864899e+01 6.064503051787879429e+01 4.068190242113383448e+01 6.064503051787879429e+01 6.284242902198542424e+01 4.286828506270613559e+01 5.394429423433176396e+01 3.887982064739048127e+01 5.283299735196110447e+01 6.922506938862593984e+01 7.739696567307134956e+01 8.885525974954335027e+01 7.932547749982147423e+01 8.147095576577194720e+01 1.010503634824192289e+02 8.649855515557364072e+01 6.875901026700508112e+01 8.651166089387524494e+01 9.657702877020463461e+01 1.007549525802642307e+02 8.557416045731395116e+01 6.560396187888248676e+01 7.489814149438903712e+01
0.000000000000000000e+00 1.999999999999964473e+01 1.577350269189614629e+01 2.577350269189597043e+01 3.991563831560381459e+01 5.991563826913768054e+01 6.954735679510375235e+01 7.541544547840227608e+01 6.829022033383598966e+01 4.832871544058528457e+01 3.502913344260327477e+01 5.497850642576536728e+01 4.114250143369321222e+01 4.372533641661551940e+01 6.363913580118044422e+01 6.889723398678508204e+01 5.221409631312506150e+01 6.889723398678597732e+01 7.101357645207096425e+01 5.174066056037087691e+01 6.676056184195434184e+01 5.861692478111910276e+01 4.406513790372513029e+01 4.960689797654187316e+01 6.092147469509588120e+01 8.061842536198555820e+01 9.900264727639567752e+01 1.010471794124929943e+02 9.347365741314749243e+01 7.852458452077574691e+01 5.896190807601406192e+01 6.816900436999733870e+01 8.795279261358560063e+01 1.018985336485735473e+02 8.189965373795121195e+01 7.970446931370827315e+01 7.933166414029021496e+01
0.000000000000000000e+00 5.773502691896232442e+00 2.577350268848804404e+01 4.405777289678558617e+01 5.405777232658360276e+01 6.370028195182720054e+01 4.955002955349961979e+01 5.540711109695899950e+01 6.176595638650507425e+01 4.832871543859928920e+01 2.838902790681407140e+01 4.552014555298615051e+01 2.966235456119343183e+01 4.955795321716610147e+01 6.226831553349414605e+01 7.375259569712757468e+01 7.216190081920761656e+01 8.040689644333095032e+01 7.985516337056010627e+01 6.559286402346518230e+01 7.985514229701014699e+01 6.862946145475385151e+01 4.907224157916850515e+01 6.842857294439576776e+01 6.036798577409528122e+01 7.151254353115777462e+01 9.135610654742659165e+01 9.331255089381041046e+01 8.209570175287075244e+01 6.598953976145968170e+01 5.197382795830622371e+01 7.153029654302879692e+01 8.355211201140569699e+01 9.740276686808775253e+01 1.018988267710049627e+02 9.974484842314784316e+01 8.757823522644031300e+01
0.000000000000000000e+00 1.999999999999964473e+01 2.577350264931554946e+01 4.577350180450987693e+01 5.037721268712158462e+01 5.540711109695899239e+01 3.542209753878044154e+01 5.540711109141751933e+01 4.764425622103687630e+01 3.352255772255222155e+01 2.286641132572395563e+01 2.560189113544335626e+01 4.552014557219256830e+01 3.416048250195935765e+01 4.562196923314228769e+01 6.550275437479680818e+01 7.279418336687126612e+01 7.982593345248250216e+01 8.808430879523281476e+01 8.563508409999361959e+01 9.294117314880988090e+01 7.403568144618733982e+01 5.462509552084759434e+01 7.403568144618733982e+01 7.527810944098339974e+01 8.817413867595092825e+01 9.980302148917274963e+01 8.523024948146290569e+01 6.586019793379546172e+01 5.448382712835554997e+01 4.688153605071921248e+01 5.595125456323913937e+01 6.983094524646648438e+01 8.881593753593330121e+01 9.677286639310904093e+01 1.083554083486644544e+02 9.689182825757053763e+01
0.000000000000000000e+00 1.414213562373107536e+01 3.414213562373178235e+01 4.452523885164828954e+01 3.037251716174466765e+01 4.452525232282726364e+01 2.836074969660212375e+01 3.892240035045970359e+01 3.622625507829943814e+01 1.942324465962716928e+01 3.936898268479934160e+01 4.552014556930085831e+01 5.378504455978290366e+01 3.870755265844329784e+01 4.140613838406913061e+01 4.691235218807091911e+01 5.290538090824275486e+01 5.993714077590351508e+01 7.141276109045743681e+01 9.131854062542586803e+01 8.501213202047439665e+01 6.622646547506987247e+01 6.582448618024911013e+01 8.208355475483304531e+01 9.360096210580776699e+01 8.611565671890586771e+01 9.365274289564595733e+01 8.524446106937111267e+01 7.547694292465530452e+01 5.595087250473960694e+01 4.199461370775291869e+01 6.167025145414890375e+01 7.735055110609269491e+01 6.959492111652653534e+01 8.567751669562387917e+01 1.001784023429676864e+02 8.027548649995654273e+01
0.000000000000000000e+00 1.999999999994314592e+01 2.311468320960677403e+01 2.468753096753815157e+01 1.623652777156049964e+01 3.623174072325183204e+01 3.892240035059242587e+01 1.895063156391670844e+01 1.626937973686874983e+01 3.622625510605072208e+01 2.939036823412725496e+01 4.934759716262941254e+01 6.307999493600595287e+01 4.336279120130215858e+01 6.128234059321803073e+01 6.679748379552871995e+01 7.279418336687126612e+01 7.982593345248250216e+01 8.808430879523281476e+01 9.958597535580925353e+01 9.295799579335100304e+01 8.023327841686140971e+01 8.513096945865265752e+01 9.316711705886457651e+01 8.013805509691694340e+01 6.449805269845919042e+01 7.344551194900157043e+01 6.495554349852136511e+01 7.184872693291625012e+01 5.229194285631974282e+01 3.835387967179863011e+01 4.973786653919221123e+01 6.933358647269784569e+01 5.826194777974037464e+01 7.700795258327335091e+01 8.817844547336750338e+01 9.689182825757053763e+01
0.000000000000000000e+00 1.556997634168139077e+00 3.118732366946866730e+00 4.694936409180706427e+00 2.468709163053865296e+01 2.863948090731275897e+01 3.031257219838067840e+01 1.318891781722420831e+01 3.315704729691592689e+01 4.450523915315797296e+01 4.349854562780414824e+01 4.349854562780414824e+01 6.346845670502416681e+01 6.307999493601222696e+01 5.051938387508608486e+01 7.010548628202798227e+01 8.441856702920811983e+01 9.185715816263545719e+01 9.979513686311719312e+01 1.107805284792877671e+02 1.051041057496120459e+02 9.185013144392230799e+01 8.335086301682375165e+01 8.168804147597231236e+01 6.985756611695245510e+01 5.059574090721098827e+01 5.299935735562777950e+01 5.310411613544274445e+01 6.854072086742745284e+01 4.896479916382656228e+01 3.500679425839715719e+01 5.469845387994778463e+01 6.025607320726881966e+01 4.942652219746908315e+01 6.081643771724944258e+01 8.022003767384677531e+01 8.661691431679038544e+01
0.000000000000000000e+00 1.993740156121203810e+01 2.310784280207752772e+01 2.468752853372477318e+01 6.996469652369638581e+00 8.657030868528863721e+00 1.033469018301283704e+01 1.353385083025465896e+01 3.351070338183561148e+01 4.650146348449011668e+01 6.346845670502374048e+01 6.346845670502445813e+01 7.175673716767792598e+01 7.824623747221673398e+01 7.010088844603049552e+01 5.878687523088510147e+01 6.518764784934954548e+01 7.290234942731613899e+01 8.378554634256498446e+01 1.028655710814237665e+02 8.983183708973274406e+01 7.696812908418699806e+01 6.053090643917133207e+01 7.321711313091132922e+01 5.271039500118531151e+01 4.097617081999187150e+01 3.892843178548149297e+01 5.898823151091070116e+01 6.540413668179365914e+01 4.580798475615370791e+01 3.178258680873929620e+01 5.154756473806411776e+01 4.059401234149317617e+01 6.025607320727453242e+01 7.262514553018880292e+01 8.339598392676120397e+01 6.673954250817264722e+01
0.000000000000000000e+00 1.154627677483504122e+01 3.142042120865048105e+01 3.527118803637400646e+01 1.698894497830261585e+01 2.863953712663667872e+01 2.186552872592590191e+01 3.351066853889412300e+01 1.823978816647149870e+01 3.821859663156437392e+01 4.826402736311820263e+01 5.491147945532343044e+01 6.244061640341330843e+01 7.066181342063144655e+01 8.201020342774445737e+01 7.794332238371302424e+01 8.441856702920811983e+01 8.964502924584628829e+01 8.763504040331281431e+01 9.446965210850952133e+01 7.925563014199181566e+01 5.982994258334499449e+01 4.779646281814539321e+01 6.678017317983760393e+01 5.812702224520227645e+01 5.187930884761293981e+01 3.227136424417594185e+01 4.554870911329953742e+01 5.389531651678215241e+01 4.853548400249007244e+01 2.862919166380894964e+01 4.839966243411875269e+01 3.506876014968130306e+01 4.499129772389976978e+01 6.461429967020848153e+01 7.453146000958942352e+01 5.536389797546038238e+01
0.000000000000000000e+00 1.999999999999964473e+01 3.968152598532066833e+01 4.542870683541671895e+01 3.706683526462361300e+01 4.548775857617882679e+01 3.598091476625064189e+01 4.649888426097188443e+01 2.822649690171173731e+01 2.357611132879807414e+01 2.828435285742551741e+01 3.494637909707365964e+01 4.250116704587862415e+01 5.403013744506070992e+01 7.387450868490211064e+01 7.828819538901505837e+01 7.918941105167171202e+01 6.591903989818197829e+01 6.542296775343085358e+01 8.072647473810640406e+01 6.423061237228306197e+01 4.920451773041931176e+01 3.898152314890850079e+01 5.130603157144005166e+01 3.779761521421406911e+01 4.214408483433295771e+01 4.001355198472916896e+01 2.670509619660567324e+01 4.554870924855800496e+01 4.557037975527620688e+01 2.539293458975095419e+01 2.841463305300361952e+01 4.840023114144619854e+01 6.285510494313685825e+01 7.262514553018880292e+01 6.629624987615412124e+01 4.678959712288563111e+01
