MOVIE_S1_data/elevation_000531.asc
nrows	100
cellsize	150.0
xllcorner	0
ncols	100
yllcorner	0
NODATA_value	-9999
[rows 34 to 50 of 100, columns 0 to 36 of 100]
0.000000000000000000e+00 1.999999999999964473e+01 3.299122198700421649e+01 4.127549323446641694e+01 5.127549323446658747e+01 3.751771447186282415e+01 1.751975329410203841e+01 2.751950087403877632e+01 2.845692651709237353e+01 1.380434658515808621e+01 3.378925621791574230e+01 3.236828862770627069e+01 3.330002382949999884e+01 2.380999911548724413e+01 3.970171894905870857e+01 3.360988765560880154e+01 3.872908601435714360e+01 4.008839860016654910e+01 2.268035850355565231e+01 4.202262527757413579e+01 4.360035256298278483e+01 4.758934800244730923e+01 3.602602062734932531e+01 4.720632337521706035e+01 6.386207313956484910e+01 6.860476858255394461e+01 5.032564310404806207e+01 4.427512401155689048e+01 4.720141944305393622e+01 5.615965374526342657e+01 7.556283175141460617e+01 7.940602449902209514e+01 6.941989422191535652e+01 8.939215477612860639e+01 9.880730387086602207e+01 1.070965071891922236e+02 1.062403461864588508e+02
0.000000000000000000e+00 1.000000000000008704e+01 2.414213562373128852e+01 4.414213562373199551e+01 4.122733714230176361e+01 3.446526448367040274e+01 2.616714041740972974e+01 7.519105702435870064e+00 8.458787926102369070e+00 2.839355273981892580e+01 3.082737114959831004e+01 1.227694861916462976e+01 1.330026185797512994e+01 3.329300302654213084e+01 1.627865142586549041e+01 2.658696258330786222e+01 1.932437009680116091e+01 2.072117543050303468e+01 4.008839860015197587e+01 3.671242371523798198e+01 5.679607818731786750e+01 5.505687591339510334e+01 5.722928573424429288e+01 4.805159732400616690e+01 6.748691377096997712e+01 7.032221310938452064e+01 7.032220590168169849e+01 5.584003649534316338e+01 5.876034888540714718e+01 7.548166157631051476e+01 7.028883845726592483e+01 9.026643705707439835e+01 8.353748170638618831e+01 8.353748170638618831e+01 1.035265859043612124e+02 1.038400447867064571e+02 9.383499065076215118e+01
0.000000000000000000e+00 1.999999999999964473e+01 3.828427124746097832e+01 4.122733456532118623e+01 2.122763382891185202e+01 2.489763426240267208e+01 6.204624006668232106e+00 2.620491800745460154e+01 2.845916337480931446e+01 9.837280972046446692e+00 1.083355529078446722e+01 3.062642444303559230e+01 3.328251085337696935e+01 1.476879422498963024e+01 2.535565931032622444e+01 1.779914600313757944e+01 3.800039763453982289e+01 2.169962788655614361e+01 4.097243692860242703e+01 5.738316981111314874e+01 6.582646749017558818e+01 7.473739838453710149e+01 7.631544836981642277e+01 6.782807843024845340e+01 7.631544837198207176e+01 9.030670891613723938e+01 8.410420095184765898e+01 7.582529331784616033e+01 7.873956579710888093e+01 8.701874203610370273e+01 9.026643705707439835e+01 9.855151864038387544e+01 1.035265859043612124e+02 1.035265859043612124e+02 1.118166460215365419e+02 9.560743780273857340e+01 7.554147828405228893e+01
0.000000000000000000e+00 1.999999637618850556e+01 2.179533515929249177e+01 2.269580514349449629e+01 2.359993764604956468e+01 4.897183089326233585e+00 2.489761920339120493e+01 3.405741365514658270e+01 1.739711133287730149e+01 2.138395565078555549e+01 3.083441392338355769e+01 1.813855003515153186e+01 3.806836579958997646e+01 3.477042539685004385e+01 2.148183053165092460e+01 3.880976360044475371e+01 4.249569619776881524e+01 2.336439977259742662e+01 4.262299836319339619e+01 5.322872931249388273e+01 6.724841732399328009e+01 7.504790333676990599e+01 8.090267433778814166e+01 8.699970756530885296e+01 7.899181736246454477e+01 7.699297003414184815e+01 8.031006830168458066e+01 8.377117479591434801e+01 8.745754079999574060e+01 9.332687164400378776e+01 8.504196012553650519e+01 9.109051353167079412e+01 9.815624797917570277e+01 1.064345907739308075e+02 1.179549543714531694e+02 1.038400447867058887e+02 9.383499065076215118e+01
0.000000000000000000e+00 8.971226080325127583e-01 1.795149118166386337e+00 2.695903816388474539e+00 3.599411719293823975e+00 2.359995663834837387e+01 3.318211639077502895e+01 2.556059774550973884e+01 3.728169844637144337e+01 3.550460011192670606e+01 4.647917874326274301e+01 3.817038423827587224e+01 2.667782554453414789e+01 4.665536965391737567e+01 4.070960413510963605e+01 2.843240285432303338e+01 4.761408729903884307e+01 4.262299836319339619e+01 2.568301940138038830e+01 3.920904130099454221e+01 5.570437042786889492e+01 5.501158208952026740e+01 6.087662519396341310e+01 7.010544888023517274e+01 5.914136168529105930e+01 5.696488462658313523e+01 6.028622701259980232e+01 6.375869231190318942e+01 6.745707563875409107e+01 7.744264953153984266e+01 6.493607415828294904e+01 7.102973135909741131e+01 7.817133301159921643e+01 8.973594190618914013e+01 1.096585999825157529e+02 1.098716573969725943e+02 1.003317121260716220e+02
0.000000000000000000e+00 1.999139391001408939e+01 2.179424666418229606e+01 2.269574594199141870e+01 1.265555969754636934e+01 1.364281194631700700e+01 3.363815186314975136e+01 4.541655589727267994e+01 3.449090280155513710e+01 5.414186540709538775e+01 6.336895781246357018e+01 5.339356816186069921e+01 3.336205752167378336e+01 5.339356816186069921e+01 5.306263651367967071e+01 3.365417980464768277e+01 5.306263651367967071e+01 5.322624330682624816e+01 3.920902396818415525e+01 2.801747442010514888e+01 4.745959348986175996e+01 4.095506986081617384e+01 5.398710169906956224e+01 5.033641641650083898e+01 5.840501342475365476e+01 4.285834952697022970e+01 4.613636667112176326e+01 4.959000735532053028e+01 5.330211112190999501e+01 5.731716594735551240e+01 7.744264953153984266e+01 9.109051353167079412e+01 9.815624797917570277e+01 1.064345907739308075e+02 1.154086596690210058e+02 9.627420262782196403e+01 8.288861742421450174e+01
0.000000000000000000e+00 1.142386784074748540e+01 2.949501171271656474e+01 3.948609785643898817e+01 2.522714041498796789e+01 2.763082134333703976e+01 2.779081183765208252e+01 4.775491400722252422e+01 4.849050494605332062e+01 4.594683308640799879e+01 6.519553377759967816e+01 6.164363520202695668e+01 4.339981858910491042e+01 6.164363520202695668e+01 5.928340673833022834e+01 3.961160402787716350e+01 5.928340673833022834e+01 6.723150565610735896e+01 5.569864738928306025e+01 3.908325871614437830e+01 3.042168442327170297e+01 3.227069048299303233e+01 3.421731943276397914e+01 3.636898218713677977e+01 3.859452049403795826e+01 4.215905408213021843e+01 6.216917737985261283e+01 6.962021272309307562e+01 7.331507625759660129e+01 7.211721556511824360e+01 6.803843994291139552e+01 7.800284820909550376e+01 9.205270015148857965e+01 1.120628166315544831e+02 1.123919813158946113e+02 9.331315336742990496e+01 7.992269315106143779e+01
0.000000000000000000e+00 1.999985592146591529e+01 3.891759074152577824e+01 4.897945426928490775e+01 4.564079437934076111e+01 4.743461967219341346e+01 4.775491802568777189e+01 5.603756420743786748e+01 6.778545647800204677e+01 5.971581691365908284e+01 6.496020300311144524e+01 7.161875459135237065e+01 6.346555364079065953e+01 7.179976177541877291e+01 6.786897257178519283e+01 4.816128951040855810e+01 6.786897257178519283e+01 7.886339394525411706e+01 5.890163720319165463e+01 5.511290429020409221e+01 3.533116688546846973e+01 5.195731382867838022e+01 3.960075139194956506e+01 5.571241898776112578e+01 5.280465074235560508e+01 6.216917737985261283e+01 4.755974171296811193e+01 6.768088731671554115e+01 7.936173165576897759e+01 8.569525449050765076e+01 8.793563840883254557e+01 9.624895187919292994e+01 1.062280773379832226e+02 1.092235049097369028e+02 1.009412722988492277e+02 1.068768204500840540e+02 9.734709735303187017e+01
0.000000000000000000e+00 1.999999999999964473e+01 2.781996111903956148e+01 2.688677268154749456e+01 3.722093015994683185e+01 4.279933005848368310e+01 4.990650782860611656e+01 5.820492920256992875e+01 6.823077466507324118e+01 7.842474054848949550e+01 8.276595765976196617e+01 8.197605464262352370e+01 7.405225686512162042e+01 8.255068664947391710e+01 7.698328912067928798e+01 6.220905144531010222e+01 7.698328912067928798e+01 7.769593912556855742e+01 5.776170506365538415e+01 4.367406435083010763e+01 5.511294102202276690e+01 6.336497359460451406e+01 4.528031895496412318e+01 6.528249564465191668e+01 7.390103726390843519e+01 7.597897601006891932e+01 5.659265723756519861e+01 5.413050704598106222e+01 5.924507002436279635e+01 7.936173165576897759e+01 9.655816459232340776e+01 1.080659258477791695e+02 1.076772954757368126e+02 9.765664279338727738e+01 8.089059479955106724e+01 9.151651690331102884e+01 9.983773136690632555e+01
0.000000000000000000e+00 3.849036339219236602e+00 7.771689841836324497e+00 1.194377732961130611e+01 1.711666187841050402e+01 2.268612318926698634e+01 2.980437344319782511e+01 3.987340141041479313e+01 5.993961424679745420e+01 7.727230923617882752e+01 6.897263481814222530e+01 6.897263481814223951e+01 5.378267178297910078e+01 7.216557582223373402e+01 8.222261245069891800e+01 8.294130727710737006e+01 9.026278391625783115e+01 7.039285764605784834e+01 5.627079974184589872e+01 5.774729479980069158e+01 7.184070229673837105e+01 7.285315983981591614e+01 5.282341443041756435e+01 6.161346273054727618e+01 8.160853944163183371e+01 7.665145388828295836e+01 7.080250435340516901e+01 6.842896418887710297e+01 7.352690620664844801e+01 6.834060311877112781e+01 7.987778269014266641e+01 9.975293751855396351e+01 9.939540687307170685e+01 7.933460962131859162e+01 6.913639073678137947e+01 7.129355188123352605e+01 8.762932195775276512e+01
0.000000000000000000e+00 1.999999999999964473e+01 2.781996111903956148e+01 2.614388106272173928e+01 2.834305820724976144e+01 4.279933005848368310e+01 4.279933005848368310e+01 5.820492920256992875e+01 6.823077466507324118e+01 6.897263481814222530e+01 4.899686777673753113e+01 4.899686777673753824e+01 4.381920770953125555e+01 5.377701725618180717e+01 6.796117407160622292e+01 8.813324425754355218e+01 8.254268651242760768e+01 8.443701806440833479e+01 7.621262430892268469e+01 7.750438187839699822e+01 7.572635130329339859e+01 8.111984427590331848e+01 6.441009922679896249e+01 8.111984427590331848e+01 8.987289765379456696e+01 9.664098051299467329e+01 9.077206718102446814e+01 8.839708988105478227e+01 9.344824638911551062e+01 8.245128506157026038e+01 8.462431672924894599e+01 1.045350825583720393e+02 1.076772954757368126e+02 9.408830043062231141e+01 7.392281155882618293e+01 5.934590089684964198e+01 7.234854545704303064e+01
0.000000000000000000e+00 1.414213562373107536e+01 3.414213562373178235e+01 4.624045199597541256e+01 4.843517541065394738e+01 5.673671061062906062e+01 6.286388302648381909e+01 6.658319996884807779e+01 5.828511284908262979e+01 5.680551196176228501e+01 4.851817650943821292e+01 3.499078402030896484e+01 4.748605710282429015e+01 6.245319890564388032e+01 7.936762300600248921e+01 7.698451656894019379e+01 6.332875107245146751e+01 6.937097824150920644e+01 6.827665219497963278e+01 6.240924242880318218e+01 5.512923448504800206e+01 6.942242919067274443e+01 8.438659512288880649e+01 9.264786310618480059e+01 9.393657637358850820e+01 8.556564241754509226e+01 8.215562726159838292e+01 8.852544348670319607e+01 9.615124442503866931e+01 1.023449735881250859e+02 1.045350825583720393e+02 1.103419686148567962e+02 1.003575935610876826e+02 9.209891633889088780e+01 8.538575516952646183e+01 7.234854741240741305e+01 5.161342913431697355e+01
0.000000000000000000e+00 8.944271909999235604e+00 1.894427190999941146e+01 3.308640753373086341e+01 5.308640753373156684e+01 5.149783144675589597e+01 5.974850990861121147e+01 5.502817801120570351e+01 3.827929220596902837e+01 4.296810748432541516e+01 2.862864302735386346e+01 4.266569638301665179e+01 6.264731340416406624e+01 6.837121525769833852e+01 5.679288132287341995e+01 6.056500536990003525e+01 4.969938001379678383e+01 4.976818127753244170e+01 4.839100823618804981e+01 4.258455465998028444e+01 4.111706103681392221e+01 6.101232875771786723e+01 7.814962142980608917e+01 8.648167158354580408e+01 8.229891227978683332e+01 6.543023754586525342e+01 6.203266175542203342e+01 6.838231593867666902e+01 7.597527159451981049e+01 8.760370628625693712e+01 1.078273986624307383e+02 1.020958522590847366e+02 8.210198217865071513e+01 7.195943352111657987e+01 6.508073329210792224e+01 5.903784731085050197e+01 5.316091953278676385e+01
0.000000000000000000e+00 1.414213562373107536e+01 3.414213562373178235e+01 4.722854315746231180e+01 4.836561719008203397e+01 3.186623095137231232e+01 4.836560002598363184e+01 4.608775223885852768e+01 2.675608976038971676e+01 2.305742517125072055e+01 4.296810748432541516e+01 5.680551196176238449e+01 6.270948312900618760e+01 5.899720979160842660e+01 3.773070461695429856e+01 3.862363601076322794e+01 5.237177648410471420e+01 3.614406015698103403e+01 4.526970068371146283e+01 2.921625220763377584e+01 4.839107127256246343e+01 6.011682554231513365e+01 5.810330397875836184e+01 7.558918462915248426e+01 6.723762357966460002e+01 5.383194874971633226e+01 7.394046099463866994e+01 8.852544348670319607e+01 9.615124442503866931e+01 1.045326034284810390e+02 1.162118148382277241e+02 1.103420122611784819e+02 1.003575935610876826e+02 9.209891633889088780e+01 8.538575516952646183e+01 7.012588287474868309e+01 6.524891663835484223e+01
0.000000000000000000e+00 1.414213562385375234e+01 3.414213612761118100e+01 3.783063557297436574e+01 2.965060805326838889e+01 2.049586603122357076e+01 4.016347814103927760e+01 3.326749070843303713e+01 1.786583205509607453e+01 3.780001981585887449e+01 5.125544136378223925e+01 5.684534012604446218e+01 4.269219499148324815e+01 4.901351793343869900e+01 4.264224782445697315e+01 2.474253351058197836e+01 4.336296522839653989e+01 4.239747429284333435e+01 2.625279515524022855e+01 4.527001456366778598e+01 3.232041593942365409e+01 4.186804796822369923e+01 5.829435530313780589e+01 6.117776618954051315e+01 4.713935033356090543e+01 6.723762357966460002e+01 8.058883773665304773e+01 8.733362969193250080e+01 9.572954078972138348e+01 1.074321619461205870e+02 1.132959235399657274e+02 1.017221790025012496e+02 9.343639657276108323e+01 9.604050135968714130e+01 9.865310428811083909e+01 9.037844274112562459e+01 8.558154697697926849e+01
0.000000000000000000e+00 1.999999979133840711e+01 2.190947820818175273e+01 2.286744295628059476e+01 9.856491372453852762e+00 2.965060792697525116e+01 3.326748963530538816e+01 1.331158167819861937e+01 3.326749100756481425e+01 4.607826445286346484e+01 4.461925515413842191e+01 4.575800698142542444e+01 2.854268691811668290e+01 2.865610687092793185e+01 3.460714554960556910e+01 1.888919698713675288e+01 2.097161567484202038e+01 2.317390767351298564e+01 2.793305288615523452e+01 5.117498957902578383e+01 5.182495978278995352e+01 3.572018546746797085e+01 3.834681377979813988e+01 4.112816854218180396e+01 6.117776618954051315e+01 7.196667306244370366e+01 6.036806920080092453e+01 6.709925382609421263e+01 7.876671145984332156e+01 9.903625762911021013e+01 1.050342822319590965e+02 8.494615500985361223e+01 7.322032963643498249e+01 7.585139148695786560e+01 9.008634760856962487e+01 1.004450362126358982e+02 9.465992647745679278e+01
0.000000000000000000e+00 9.534625892455927954e-01 1.908010509052288972e+00 2.865836794273442401e+00 3.826975456937869779e+00 2.382897160882242105e+01 2.619903608355727798e+01 1.023522838994165873e+01 2.825260922136044428e+01 2.937217998246023143e+01 2.463496581227521176e+01 2.576709632129946925e+01 3.275449124477352569e+01 1.439173340289759828e+01 1.624984316805878137e+01 3.579852604508850789e+01 2.386595709706929114e+01 4.001580396556811081e+01 4.902525792677354843e+01 6.222970982552152464e+01 6.382907482940974830e+01 4.550905493714605399e+01 5.829435530313780589e+01 6.065304151580096459e+01 4.701244392212689860e+01 5.175647610784016450e+01 6.341722445940251163e+01 8.364543704254751333e+01 8.361322663754384621e+01 1.038875249214536467e+02 1.001719928052166750e+02 9.008714518665064475e+01 8.176464488511766149e+01 6.145991769973675645e+01 7.193225221677884917e+01 9.215142357739001966e+01 8.616997372407816158e+01
