MOVIE_S1_data/elevation_000626.asc
nrows	100
cellsize	150.0
xllcorner	0
ncols	100
yllcorner	0
NODATA_value	-9999
[rows 68 to 84 of 100, columns 0 to 36 of 100]
0.000000000000000000e+00 1.999999984698186850e+01 2.253004609357164867e+01 1.819939316871030144e+01 4.758949985746887990e+00 1.547882431161176164e+01 2.183735882185723298e+01 3.037082142230213933e+01 2.606035399822846799e+01 3.356862988568901329e+01 2.510974403070921923e+01 3.683670328059019994e+01 1.910521567788004660e+01 3.685654447228496622e+01 4.327997371509955826e+01 4.554131992740022383e+01 2.903426365573272250e+01 4.919140064593393902e+01 5.637265323598650468e+01 5.988687085018159451e+01 6.821738603796160305e+01 8.244829508077580726e+01 8.792560233446143059e+01 8.792265639938619870e+01 9.621921555570203566e+01 8.640623794435055061e+01 6.639148917686524953e+01 5.107406874823929144e+01 7.338246230020061489e+01 5.960584154228912013e+01 7.963010388760774561e+01 7.375762031613842851e+01 8.905050432090460788e+01 9.478746869649766893e+01 8.648114770174210264e+01 8.131047693386555864e+01 7.280603023453689104e+01
0.000000000000000000e+00 1.414213562380358979e+01 3.414213599353095674e+01 3.779995237900808291e+01 4.172356652580035075e+01 2.194132404080091092e+01 4.186982827116835892e+01 3.599026119388006606e+01 4.621096420288122175e+01 4.526054454760078727e+01 4.526054712637743194e+01 3.180985726477115705e+01 3.922538649709964176e+01 2.166651216749584208e+01 2.352420486089040352e+01 2.540683900465399603e+01 4.554131992740008172e+01 5.742900981069560373e+01 7.235084284531755827e+01 6.704155265230014038e+01 7.281888594168327700e+01 7.947436824030063462e+01 8.772037030601531171e+01 9.767747829739731458e+01 9.292884194304980383e+01 7.104660717910542189e+01 5.532720859214250453e+01 4.430451827234081463e+01 5.885580709271498279e+01 4.859839953785910183e+01 7.063471106401296140e+01 5.811843404474693386e+01 7.811436599668586211e+01 8.278773874622324058e+01 6.539425326713224251e+01 7.069136390007794546e+01 5.127508958835460362e+01
0.000000000000000000e+00 1.414213562373107536e+01 3.414213562373178235e+01 4.985026517732008955e+01 5.103391253711627940e+01 3.677803490525195684e+01 4.269225586871671396e+01 5.017216270879107043e+01 6.438298752672827163e+01 6.538907653480619331e+01 5.197994415362175857e+01 4.607651947471067189e+01 3.873045813321341768e+01 3.734328036049821264e+01 4.208816313472309645e+01 3.076514288068643310e+01 3.019915769061427824e+01 4.444634101752856026e+01 5.942626552460203726e+01 4.698100590279363331e+01 5.280561600996195182e+01 5.950792282281587831e+01 6.951452397035667730e+01 8.943421251024462038e+01 8.857398145513296583e+01 7.760298903717357177e+01 6.859210640071793819e+01 5.885580709271506095e+01 3.708554369599551848e+01 5.885580709271506095e+01 6.912604440213102919e+01 4.715625252465217443e+01 6.912604440213102919e+01 7.331010187053389870e+01 5.281680836672068580e+01 6.204055991144575444e+01 4.076066420687914160e+01
0.000000000000000000e+00 1.999999999999964473e+01 2.168868866885573610e+01 3.578842704486582704e+01 5.567357266501152679e+01 5.697044832958557237e+01 6.286181749757958670e+01 7.028816171469853202e+01 6.862720277052380879e+01 7.690440045185127360e+01 7.212086795164060504e+01 6.623207207789725715e+01 5.433962210791700187e+01 6.108250825070302170e+01 5.619801408550729604e+01 3.633681227478559350e+01 5.035103387436797107e+01 3.530849584132588603e+01 3.934347228905575378e+01 5.945937879167095019e+01 7.281888591936345279e+01 7.947436474398820394e+01 8.772037030601531171e+01 9.767747829739731458e+01 7.964088388648652028e+01 5.754332891494921398e+01 4.655594422735271820e+01 3.900089760840292996e+01 3.317236883173463724e+01 5.005533256167691292e+01 5.907549212984722686e+01 3.959593878073146556e+01 6.135854999321982461e+01 6.469608608633816971e+01 4.336215624290166915e+01 5.402912116461992298e+01 3.406849168464023592e+01
0.000000000000000000e+00 7.559162742395915124e+00 2.168868866885573965e+01 4.161265135212450161e+01 4.725867630584119894e+01 5.074392692681976058e+01 5.185826477834768866e+01 6.015809202116093957e+01 4.857434027998689885e+01 6.533870181758658191e+01 6.820764855311723807e+01 7.649413035246547565e+01 7.694605179942992379e+01 7.237581322952054563e+01 5.260569254229258718e+01 4.341650827527094236e+01 6.306973375467515552e+01 4.440450721498232411e+01 5.945937852943234248e+01 5.008624724614023194e+01 5.999235703538974462e+01 7.371857223472835585e+01 9.303842815037650382e+01 9.073053596691568146e+01 8.857398145496334507e+01 7.760298903715199970e+01 5.676365116734054794e+01 6.080114654417678111e+01 4.366544744565974412e+01 2.869031503749821255e+01 4.570241147048408692e+01 3.296928135289841322e+01 5.447660806680161727e+01 6.635130415943837079e+01 4.500865715225153707e+01 3.320391258402780466e+01 2.798201026706729166e+01
0.000000000000000000e+00 1.999999999999964473e+01 2.718838381113928904e+01 2.974921414569170608e+01 2.721329074355519140e+01 3.069649402439113217e+01 3.181248796706105963e+01 4.437047014209412055e+01 3.700208915051380387e+01 5.551628363959709134e+01 4.814083868165078428e+01 6.233573742586327882e+01 8.238369603358316340e+01 8.058676227815062987e+01 7.119713899364948873e+01 5.320748416249837476e+01 7.119713899364948873e+01 5.971721089331432353e+01 6.513868447926398630e+01 6.968478997452506007e+01 7.772529698189218550e+01 8.742388362590483553e+01 8.428662375421265551e+01 6.927528318979329924e+01 8.428662937641094288e+01 8.770552978462659155e+01 7.876594083438348548e+01 7.448552991266815582e+01 5.907549095991565480e+01 4.570241147048408692e+01 2.459544348756254095e+01 3.930211001353432465e+01 6.046117098049078464e+01 7.494223922095449097e+01 6.272190551394680824e+01 5.402912116461992298e+01 4.302639625256458089e+01
0.000000000000000000e+00 1.999999999999964473e+01 6.814111163270223592e+00 9.731411003909055779e+00 1.306474443439477184e+01 1.654629838086653848e+01 2.026021122479772174e+01 2.434273401374131396e+01 2.968837262309819280e+01 3.546387909400465333e+01 4.703459005993096298e+01 6.710281028068688158e+01 8.039171797531288632e+01 7.473898058210754414e+01 8.028685784874720355e+01 7.062756647306120783e+01 8.028685784874626563e+01 8.326185413821353620e+01 8.541590414514745078e+01 8.021505967684996108e+01 7.144131018753193985e+01 8.022751607202633295e+01 7.461994859317589146e+01 5.371802871983959449e+01 7.461998536893871403e+01 8.603348954623179168e+01 7.710044073734690073e+01 7.163250668953206457e+01 5.908733839654537690e+01 4.308640841358371887e+01 2.217187957689760225e+01 3.679309321009993283e+01 5.853538339165532989e+01 6.723032129863194939e+01 5.909204870268036558e+01 5.955785332295818790e+01 4.940026309328970910e+01
0.000000000000000000e+00 2.773500981129538356e+00 2.182591277862929502e+01 2.368177745658906730e+01 2.041962936077480606e+01 3.656825117612937959e+01 4.028483014005958296e+01 3.589757437959311659e+01 4.971818095314346664e+01 5.533105628860865721e+01 6.380415384501052500e+01 7.539062020365726369e+01 6.251235352589908700e+01 5.744980631579789332e+01 7.017725809628748834e+01 8.312345121277401461e+01 7.480774080595354292e+01 7.616351926912665249e+01 8.500505262478476709e+01 6.941485777015532221e+01 4.966438567183317332e+01 6.941485777015532221e+01 6.579163142617871074e+01 4.404168037208290798e+01 6.579163142617871074e+01 7.344349302659830414e+01 5.519442220972923963e+01 6.263021277568314815e+01 4.090324563436485050e+01 2.881142190323816976e+01 1.982750073431588689e+01 3.428841473693823616e+01 5.574122770549924866e+01 5.909204870268036558e+01 4.079473999331638367e+01 4.614844801855903711e+01 3.317500850832162484e+01
0.000000000000000000e+00 1.999999999999964473e+01 3.033454108411988415e+01 4.215574690480143971e+01 4.035713133558869714e+01 3.304834834059392534e+01 5.293378703057391022e+01 5.594492432485757405e+01 6.423648457055017502e+01 6.276621563479490362e+01 5.423697447679625583e+01 6.280947647612440221e+01 6.251244661299081429e+01 4.669488760410166606e+01 6.251254995822674942e+01 6.950507199304868777e+01 5.143146412617167584e+01 5.401817040755004484e+01 7.616351926912706460e+01 6.055213617932244574e+01 3.899810208206762496e+01 5.935759117950572517e+01 5.047805696664801189e+01 3.740698589212533420e+01 5.891369299681784355e+01 6.372205465170195993e+01 4.270160562526817927e+01 5.918573349867310895e+01 5.021103113032668830e+01 3.821048201374826192e+01 1.758069179263120319e+01 3.196151537332257320e+01 5.329682202788109890e+01 5.909553041244836180e+01 4.079477687901999872e+01 2.930209236875487022e+01 2.358523814974164168e+01
0.000000000000000000e+00 7.559289460184511533e+00 1.650356137018351177e+01 2.805056675397582211e+01 4.805056675397511157e+01 4.712325978009430827e+01 6.115409177268654872e+01 5.900341499895548480e+01 5.071770947099236793e+01 5.228342526171213223e+01 3.427744509475737544e+01 5.026362552057695865e+01 5.691988903099561981e+01 4.120312773720858246e+01 5.691989100576545013e+01 6.050243290157864351e+01 3.824213245021596919e+01 5.696878049768525187e+01 6.586462551964829970e+01 5.293141024155139718e+01 3.169296863265506659e+01 4.343307012042311044e+01 2.934311745919063341e+01 5.047805696664789110e+01 6.778097195465748825e+01 5.472528594243810574e+01 3.329715180895994564e+01 4.401133359867585426e+01 2.900565766892291464e+01 3.592084292555474434e+01 1.535365782151544245e+01 2.970526317928610638e+01 5.092657977634543442e+01 6.149204414653240036e+01 4.061427279195534368e+01 4.127466744528611997e+01 3.269548232358077655e+01
0.000000000000000000e+00 1.999999999999964473e+01 3.584356070708638242e+01 4.478783261653851611e+01 5.633483799956800198e+01 6.696164072322011407e+01 5.551867207775378432e+01 4.604807764728353447e+01 3.219779374063951138e+01 4.393281829719894205e+01 2.467602576042300555e+01 4.393333346938196371e+01 5.218099449008157364e+01 3.615703364770750028e+01 5.218099449523489852e+01 5.335366925608382616e+01 3.142945298062534576e+01 3.532381218668493972e+01 5.339639068709007574e+01 5.855245788290118014e+01 3.717039977442355081e+01 2.263081720592673207e+01 4.343307012042311044e+01 5.935759144402699405e+01 7.292988535049613574e+01 5.924061601464188698e+01 3.770315827675752729e+01 2.307694353396103892e+01 1.730155381335575271e+01 3.066138121338374489e+01 1.316413862366862197e+01 2.325759356555496637e+01 3.858978091095583096e+01 6.211441233178297239e+01 5.389679675199671749e+01 1.596735327378297420e+01 1.441288620579756241e+01
0.000000000000000000e+00 1.999999999999964473e+01 3.180372958214042001e+01 3.887479739232639986e+01 4.715906715407182759e+01 5.870606922285796259e+01 4.653715545613841442e+01 2.592836093639202844e+01 2.157743249786684814e+01 2.933924712767581156e+01 1.848270573592835930e+01 3.670152856800612540e+01 4.214541889581907697e+01 3.142394940879692555e+01 4.566683740023236737e+01 5.824861067522321179e+01 4.447205203722213440e+01 2.322924746952050512e+01 3.761408329772459069e+01 4.646187816287692129e+01 3.981183616954999849e+01 1.920349958593924455e+01 3.359100256207996438e+01 5.483066255484666129e+01 5.067575057330788013e+01 5.447175465451192622e+01 3.849004379641596785e+01 2.869978513769216022e+01 2.828829351682041349e+01 1.017223373485772520e+01 2.904461780508199098e+01 3.557845293919827157e+01 5.378017046325643236e+01 6.351249025541212490e+01 4.239095661799789383e+01 3.576256298240424769e+01 1.408917087148149605e+01
0.000000000000000000e+00 5.773502691896232442e+00 1.180372958345145307e+01 1.887479739531680423e+01 3.042180277910911457e+01 5.042180275645249310e+01 4.343459618721947635e+01 3.126406006847677332e+01 1.287430983620086344e+01 1.138371064060472904e+01 2.880398417432644464e+01 2.100837510200354075e+01 2.498436594497472996e+01 3.631169468025697711e+01 4.841563557444880672e+01 5.891723637918398282e+01 5.339639068709007574e+01 3.761408329772459069e+01 1.684638195800626903e+01 3.151625355441954568e+01 3.187472141051580721e+01 1.594732811612349188e+01 3.024599688353101712e+01 5.134126364150969124e+01 3.573075652715451156e+01 3.267403134677930154e+01 2.878059455501980324e+01 7.829750147794396042e+00 7.731743517641639585e+00 8.081175937067735404e+00 2.395135519957957371e+01 4.795027753115118685e+01 6.625185582780892446e+01 6.856347144696611906e+01 4.538013108768488735e+01 2.837559874280493233e+01 1.457999242838024934e+01
0.000000000000000000e+00 1.999999999999964473e+01 3.180372958214042001e+01 3.887479739232639986e+01 4.715906715405932914e+01 4.445374881203365902e+01 3.505846003176280590e+01 1.819749117547565120e+01 8.543617022619008239e+00 2.430652107322227806e+01 1.573117488890952842e+01 3.351148532578775985e+01 4.154745134715334842e+01 4.857584164969603790e+01 4.592791608509146783e+01 3.566696392322614884e+01 4.473054799909169787e+01 3.553969487720110720e+01 3.103861710338467716e+01 1.077623668483936825e+01 1.121013108575166051e+01 3.187472141051580721e+01 4.093953317510833045e+01 3.826900082019248117e+01 3.703230831347266161e+01 1.931483783530218545e+01 1.424922813495413187e+01 7.353880131952621468e+00 2.707101212060610607e+01 8.108127027495775963e+00 2.279149286449268530e+01 4.523540985958376126e+01 5.789601495507916695e+01 6.456646915309261203e+01 5.399735077870700906e+01 3.700328521067562804e+01 2.661717943643962769e+01
0.000000000000000000e+00 1.154700538379261765e+01 2.568914100752381913e+01 4.568914100774704679e+01 4.967881013108408439e+01 3.186390803410862205e+01 1.605959347047846819e+01 2.228031402661827798e+01 6.925300456294582574e+00 2.323980806845400693e+01 3.150156205608480420e+01 3.681645170685663260e+01 3.546436100639195388e+01 2.789434886489546983e+01 2.664239878110508641e+01 1.450625264242275314e+01 2.557945486938092472e+01 1.652885026550843506e+01 1.692572767934634470e+01 6.386870221136551784e+00 8.951753850143436608e+00 2.623835405522793351e+01 9.620705696938539830e+00 1.449380488550061763e+01 2.147531855826629865e+01 2.371322135282886379e+01 6.972035485211717898e+00 1.485432421736889630e+01 2.838673896989399736e+01 8.375431217037387910e+00 2.301272645562915287e+01 4.479741142660024877e+01 4.103228538255097391e+01 5.652100839836997181e+01 5.277045845761793430e+01 3.370477836108202752e+01 2.367197178257396928e+01
0.000000000000000000e+00 1.414213562373107536e+01 3.414213562375790900e+01 4.693569490859535165e+01 3.332610016690549060e+01 1.876867944257792686e+01 5.982456568211851788e+00 4.298827895064187388e+00 9.656826199385262655e+00 1.497706123137323786e+01 2.300223634613591273e+01 2.221409986512329482e+01 3.241174617750383735e+00 3.492863244781740484e+00 3.745098969067434780e+00 3.997314274053378913e+00 4.249501052348422014e+00 4.501867507091834142e+00 4.754892641188756208e+00 5.009231682521892104e+00 5.266670035335523359e+00 5.526271758915529908e+00 5.788400374321239106e+00 6.053309154677337212e+00 6.320531295732800814e+00 6.589804370093972352e+00 2.674932340440411593e+01 3.344150448025970945e+01 2.892871857459443419e+01 8.642749907051779701e+00 2.906345564098591083e+01 3.841190334330197942e+01 2.987453507687508392e+01 4.851104421421415935e+01 5.940665916919996192e+01 4.857759925855631877e+01 3.409435927544132738e+01
0.000000000000000000e+00 1.610263219169403115e+01 3.105167761833757112e+01 3.636204074506319017e+01 1.852554072160939214e+01 1.567883924515553140e+00 1.660199823584254997e+00 1.906308062386955715e+00 2.153832729701205650e+00 2.398142152666475013e+00 2.642237420462719921e+00 2.886683068679111397e+00 7.690725728795795746e+00 1.236616852036554981e+01 2.128698952488513285e+01 2.289617929227923909e+01 1.829829317358222340e+01 2.393094967352244851e+01 1.074350163672716718e+01 2.496185577057841698e+01 2.541929172551233762e+01 1.468586784784437782e+01 8.025462711908025071e+00 1.523080670759876121e+01 2.673375592528325839e+01 7.313752882834025471e+00 2.701631905724808647e+01 2.969682145767191273e+01 8.737624611605774305e+00 8.906731038512280207e+00 2.932417403407894696e+01 1.834306242663432585e+01 3.257101215939654537e+01 5.232277730568520724e+01 4.314723108855805833e+01 3.434735916459143823e+01 3.211645099638618461e+01
