MOVIE_S1_data/elevation_000562.asc
nrows	100
cellsize	150.0
xllcorner	0
ncols	100
yllcorner	0
NODATA_value	-9999
[rows 0 to 16 of 100, columns 37 to 73 of 100]
9.399159979563761169e+01 1.023806802398438265e+02 1.040254206270717958e+02 9.564106919965422549e+01 9.828068890669788971e+01 1.066573440628711325e+02 1.069124217781435249e+02 1.009826020632612682e+02 9.693120066827309245e+01 9.693120066827309245e+01 1.053077820345977216e+02 1.120676364962432388e+02 1.039244652930630508e+02 1.039244652930630508e+02 1.025693529949953415e+02 9.409814709751223916e+01 1.025693525189328739e+02 1.027384670821047621e+02 1.027384670823533384e+02 1.112294775963317903e+02 1.144161332881122632e+02 1.059221296868478674e+02 1.003830534656606233e+02 1.051065873148265268e+02 1.102609595112369902e+02 1.159840716036465409e+02 1.237854981836317592e+02 1.322372754941258108e+02 1.440758080118887108e+02 1.478240147481444353e+02 1.396524820583817075e+02 1.478240147481444353e+02 1.560017147796034749e+02 1.511228352397590982e+02 1.429452681908460931e+02 1.511228352397590982e+02 1.561247499009709543e+02
7.357576799713123705e+01 9.219660585069102865e+01 9.227009229089357234e+01 7.523086444455485378e+01 7.788284051891599802e+01 9.828068890669788971e+01 8.660632441098374557e+01 8.065147523096918292e+01 7.659389199647004887e+01 7.659389199647004887e+01 9.693120066827309245e+01 1.039244652930630508e+02 8.384791442649229509e+01 8.384791442649229509e+01 9.234747891980656220e+01 7.365752748379472337e+01 9.234747744600657882e+01 8.220669607662009071e+01 8.220669607662009071e+01 1.027384670823533384e+02 1.025473416520693632e+02 8.534364991639449727e+01 7.983290560076298448e+01 8.451718527423606986e+01 8.964347631961028640e+01 9.534910450069017429e+01 1.031448635787352259e+02 1.150774440400240906e+02 1.356809213613304337e+02 1.379131566097560437e+02 1.197918747600153182e+02 1.362470325970761280e+02 1.362470325970761280e+02 1.412034320180789564e+02 1.230665261062644618e+02 1.412034320180789564e+02 1.364534425074906210e+02
6.336261959048530201e+01 8.186803455841703681e+01 7.514960636617067280e+01 6.343603976156349233e+01 7.788284051891599802e+01 9.828068890669788971e+01 8.660632441098374557e+01 6.632233486313958792e+01 6.229681167763477845e+01 7.489535758529630982e+01 9.518869099702313008e+01 8.993659433960790750e+01 8.972820003247417731e+01 6.951542558075226452e+01 7.972654230573829182e+01 6.354857330857321074e+01 7.833683880695696189e+01 6.782744822481843983e+01 8.292414389943799335e+01 8.539231075259483816e+01 8.846749126156097986e+01 7.356225320811553559e+01 9.404113885186335153e+01 1.051065873148265268e+02 1.102609595112369902e+02 1.159840716036465409e+02 1.122049364467644352e+02 1.322372754941258108e+02 1.418631011198704357e+02 1.297221784091984773e+02 1.097676694232351764e+02 1.163533616053904183e+02 1.349912282944171977e+02 1.330058971485553059e+02 1.131568038809632242e+02 1.330058971485553059e+02 1.364534425074906210e+02
5.616678879538370950e+01 6.146647130660323199e+01 5.475706664265750589e+01 7.514960636617067280e+01 8.713417412163377662e+01 7.874135847194133930e+01 8.713417412164463371e+01 7.489535758529630982e+01 5.478653018295664623e+01 7.489535758529252973e+01 7.975344636024843226e+01 6.964491776371906440e+01 6.964491776371906440e+01 7.126569127032142603e+01 5.943545491880288978e+01 5.595445629050896486e+01 5.806507908260505246e+01 6.021904039226348715e+01 6.260356962767250621e+01 6.503929489220867310e+01 6.806905862222518522e+01 7.327875894739180751e+01 7.870304533636213762e+01 9.320819557857366533e+01 1.138159403817539470e+02 1.272383485092969266e+02 1.327994694526702801e+02 1.412076324122452888e+02 1.336791165986662691e+02 1.137622060572624179e+02 1.021609814152140245e+02 1.150973674182717872e+02 1.150973674182717872e+02 1.263884126623605368e+02 1.065605257246575377e+02 1.180985855571015293e+02 1.199593828491449443e+02
6.146647123003378965e+01 4.723869330598867577e+01 6.744195083625328380e+01 7.907501450695902179e+01 7.704296074619411172e+01 5.859191248895520232e+01 7.704296074619411172e+01 7.015566151266168049e+01 5.017627778267451788e+01 6.384487119583215531e+01 5.957863750828838789e+01 6.718617571822751700e+01 4.966601151742239750e+01 5.137634242317881217e+01 5.312006815010577299e+01 7.330829644476682461e+01 7.833683880787799581e+01 6.733370672393843392e+01 8.292414389943799335e+01 8.539231075259483816e+01 7.125754505767473290e+01 9.170143407559373827e+01 9.924406428646331335e+01 8.785511218355605934e+01 9.814406899018251806e+01 1.127415227759328644e+02 1.333307827400844587e+02 1.383684743950592235e+02 1.344941485670855172e+02 1.302937044984150532e+02 1.150953163469351210e+02 9.499215791686121690e+01 1.123170721219797343e+02 1.139429244492697109e+02 1.095336847798144930e+02 9.803491737124956273e+01 9.990854804709631765e+01
6.374250461781107902e+01 4.379775238559589923e+01 5.885161266601943453e+01 5.885161266596607987e+01 6.866649905155308886e+01 4.872265623628944553e+01 5.869555045501900281e+01 6.018142465517347972e+01 6.129102834162262781e+01 4.403078954606833406e+01 4.563729728264836893e+01 4.728890573651064244e+01 6.718216431766633434e+01 6.694571534174272642e+01 5.805552829365485223e+01 7.794725903849344206e+01 9.621871847082719853e+01 8.772051134123789495e+01 8.017762703151747417e+01 1.002052940568722192e+02 9.170143407559373827e+01 7.821425756792895356e+01 9.270876109248551700e+01 1.084579376439528744e+02 1.024195634838189477e+02 1.230358624360315360e+02 1.383685247114562173e+02 1.185585020225465911e+02 1.146333900546121924e+02 1.146318547252228370e+02 1.084324725808681222e+02 9.047120976305346574e+01 9.215150911204818840e+01 9.383224010935917647e+01 9.551078607463320225e+01 1.155867874356859772e+02 1.199593828491449443e+02
5.661751908716712478e+01 4.811155725932836447e+01 3.913285600157063016e+01 5.443851694361297433e+01 5.553789220747128752e+01 5.661382319386412121e+01 3.893148838116790245e+01 4.041312483333599914e+01 4.190199251894897969e+01 6.168170568088967798e+01 5.361428339312794833e+01 6.718617571822700540e+01 7.555451552276223026e+01 6.869707884811569443e+01 7.793993567896191621e+01 6.860007403141612770e+01 8.092749731498020083e+01 1.025676412007794625e+02 9.467005628872817624e+01 1.006999990630056772e+02 1.042422419885843397e+02 8.366451594839261929e+01 1.042422419885843397e+02 1.217851369946329356e+02 1.230358624360315360e+02 1.314829009282064760e+02 1.362197164167106109e+02 1.163840210845999366e+02 1.021908689165009037e+02 9.450531539347051080e+01 8.821632104261779261e+01 1.085685098950388436e+02 1.064697169778130785e+02 1.139429244492024651e+02 1.007364128846143814e+02 1.123338700748023768e+02 1.317322361686146905e+02
4.816498557435099315e+01 4.369974079768287822e+01 5.279116333620508072e+01 3.467120098380723903e+01 3.577733045863706707e+01 3.688672877330707678e+01 5.664952150098821448e+01 6.018121962941471992e+01 6.167905806712393968e+01 6.168147534772265317e+01 7.403361353783301979e+01 6.820432446601225251e+01 8.984605321791190136e+01 8.125166870750130954e+01 8.438899518243793807e+01 8.758404441242880978e+01 9.877024636106229138e+01 1.110799223245651177e+02 1.152575686889999815e+02 1.212689844547686704e+02 1.127423253919616286e+02 9.820427262499221399e+01 9.393224846908033498e+01 1.058382300465278831e+02 1.264559959226595964e+02 1.403811894997412253e+02 1.323669705731278157e+02 1.303632071770887819e+02 1.133227986666362028e+02 1.050533977550358742e+02 8.665488215631870617e+01 1.071034975097454947e+02 1.264338362150390793e+02 1.260886271827112068e+02 1.061199736067783306e+02 1.260886271827479561e+02 1.399969539713623590e+02
3.112103569421758920e+01 3.215458425872243708e+01 3.319136550654748419e+01 5.296534564936719391e+01 5.553791550444892522e+01 5.168097120469517591e+01 3.934628190198138498e+01 4.110613695544643775e+01 6.087252839782560443e+01 7.177197460106904714e+01 9.020588582040936387e+01 9.034255020534578762e+01 9.902613096662589953e+01 9.975641281307798636e+01 1.024509482643789084e+02 1.094225542742669859e+02 1.114530493717761743e+02 1.197754836677444104e+02 1.186245460429799152e+02 1.171204434714719724e+02 1.254187928463915256e+02 1.188191895153618987e+02 1.058382300492368415e+02 1.230309859966915269e+02 1.348931863004231957e+02 1.323669705731278157e+02 1.125538059928291688e+02 1.183569466882816528e+02 1.050533777385521859e+02 8.445997664558086626e+01 1.048718434935532855e+02 1.012311002512810489e+02 1.213108764759513747e+02 1.342519221869869170e+02 1.260886935804330875e+02 1.155871625219012060e+02 1.296879598526420807e+02
3.297278381088744936e+01 5.193390564043374269e+01 5.203161738601561837e+01 4.723612124149800451e+01 6.725400562816577121e+01 5.814358058151125874e+01 5.910561609805898797e+01 6.087252839782560443e+01 4.360826850912769714e+01 6.340756919160462957e+01 7.441661508263953806e+01 8.899768587145440790e+01 9.134356832024194262e+01 9.974097053562272208e+01 1.071048008523604835e+02 9.873453490944311284e+01 9.108588034756904506e+01 1.080625301639488214e+02 9.832844951762140795e+01 9.680693122994752287e+01 1.112189600538942926e+02 1.313678547181224019e+02 1.264560370996888992e+02 1.348933585141919309e+02 1.311926287353055045e+02 1.228203252556067326e+02 1.183569475377842082e+02 9.829410802758390275e+01 9.047970730681603868e+01 8.291411208577524405e+01 1.036115542213872516e+02 1.212987140401596236e+02 1.295257360095813794e+02 1.305068540046265753e+02 1.387666617489440455e+02 1.354540844099522019e+02 1.282126450065158849e+02
3.483633751919198573e+01 5.454373166692464991e+01 6.485571782150879017e+01 6.728043567798087565e+01 7.567817075311022279e+01 7.783718254919982371e+01 7.762950290229817085e+01 5.751665136546441914e+01 6.340756919160462957e+01 4.618055089040657180e+01 6.603771478162188657e+01 6.875428213995606086e+01 7.101493833696403613e+01 9.134356832024197104e+01 9.535224426389488883e+01 7.831703403743512126e+01 7.925697969553246480e+01 9.464276580509314840e+01 8.384412218794672356e+01 1.042730525235672872e+02 1.132645753167222011e+02 1.215763600221153098e+02 1.316575698024087444e+02 1.370833722298231692e+02 1.169123777581217922e+02 1.029302330044257445e+02 1.101931414693194284e+02 1.048376564068082359e+02 1.001958264685976445e+02 8.140513675147914796e+01 1.021966198602152360e+02 1.093666314350638515e+02 1.141393979885789776e+02 1.104606063293745137e+02 1.275222543280859213e+02 1.358018402654248007e+02 1.479150484165605235e+02
5.454374000299982583e+01 3.751761174630448181e+01 5.719711252173402016e+01 6.821528326574100731e+01 8.230010284605712911e+01 9.071054622462929728e+01 8.602748083382273592e+01 7.762950290229832717e+01 7.316291843264210115e+01 5.160133676336195663e+01 4.887453085159494037e+01 5.684705143319755649e+01 7.696905613204712893e+01 9.062283873893790087e+01 8.221243209780952554e+01 6.658455209361714822e+01 7.014539050697356970e+01 7.420046285969040412e+01 7.986245356639543047e+01 8.604610121542852141e+01 9.289556748408145381e+01 1.031436026095708058e+02 1.233855480238735254e+02 1.307002007431238155e+02 1.105973749610329264e+02 9.929775176535693504e+01 9.039532539906151953e+01 8.474206675769016783e+01 7.929352431888320041e+01 9.999336716906293532e+01 1.027106445853162882e+02 8.893431036828586400e+01 9.389027696685639057e+01 9.982810834922858589e+01 1.074815311120708117e+02 1.216692001114130619e+02 1.416567818139628514e+02
5.138205329906951846e+01 5.719711252173402016e+01 4.028441574829371774e+01 5.412996183015422957e+01 7.106851661879528592e+01 7.131090370353888375e+01 8.513405273015571595e+01 9.587607878159153074e+01 8.006189254052048909e+01 5.963202990551624794e+01 6.875428214197289378e+01 5.170667933758539192e+01 7.168388073789874682e+01 7.773348502310702202e+01 6.193313653033655442e+01 8.221243209780952554e+01 9.055430577401152448e+01 9.464276580509314840e+01 1.003153896286507063e+02 1.064749060391752096e+02 1.132645753167222011e+02 1.215763600221153098e+02 1.316575698024087444e+02 1.390988264631323830e+02 1.274631576116615577e+02 1.185564742449701754e+02 1.102223083440015614e+02 9.883396807470678880e+01 7.788610725709065719e+01 9.673709258870407268e+01 8.215997407369260941e+01 1.029726581877600893e+02 1.141393979885789776e+02 1.199473375661126653e+02 1.162757453237631466e+02 1.275225032724677021e+02 1.475026513880181938e+02
7.123590736309363081e+01 5.994956616278173556e+01 5.994956616278172845e+01 4.313301295297915061e+01 6.280214435302731601e+01 5.854668886474586742e+01 6.739808302137393525e+01 8.748265042977311623e+01 8.870024436390023936e+01 7.157284837302360359e+01 8.008442682315700267e+01 7.168388112807440393e+01 5.461384590490277446e+01 5.756118317885975699e+01 7.773348508413010904e+01 8.837335627233343871e+01 9.383267620412652832e+01 1.010580429329364875e+02 1.094259889337508014e+02 1.195724922110475461e+02 1.286894295977389788e+02 1.201172993032891867e+02 1.286894295977389788e+02 1.241183027987362095e+02 1.158934195656254644e+02 1.183298397154198653e+02 1.100616621596272466e+02 1.034842405629981243e+02 9.510909237401318705e+01 7.594316439817981745e+01 9.690463862613582080e+01 1.112075625300903141e+02 1.213440349477360911e+02 1.313584015644703413e+02 1.362833444711251900e+02 1.445443210464189576e+02 1.437383336056180099e+02
8.817082954092620639e+01 7.686296311842542650e+01 5.697757896024153013e+01 6.280215376965832519e+01 4.609615868315223253e+01 5.312796419364563860e+01 7.366351531658237661e+01 8.873357200787931731e+01 1.005163997221232819e+02 9.211071461524164761e+01 8.906325871070215783e+01 6.874209737819067811e+01 7.469402771366502236e+01 5.906003609766028717e+01 6.339423923493875179e+01 6.799606007806342234e+01 7.340577153352487016e+01 8.062161969093180858e+01 9.087384712021527378e+01 1.112422387456577013e+02 1.183916347432731584e+02 9.956286730629592796e+01 1.183916347432731584e+02 1.158934195656254644e+02 9.552817825323653267e+01 1.014930193331348534e+02 8.958036528837557455e+01 9.333875493272327617e+01 7.419944817308557106e+01 8.495381017402088730e+01 8.534115570563044173e+01 9.270440354521934978e+01 1.030344144894199445e+02 1.231988542709729728e+02 1.384928441988323584e+02 1.466251849668273621e+02 1.359909736985575250e+02
1.021443638222738599e+02 8.515042464213533435e+01 7.685569090631470601e+01 7.405097820497020678e+01 6.578612164095285664e+01 4.928216344340938093e+01 6.056985668822036217e+01 8.045114163029708720e+01 9.081658491317723758e+01 9.910769266381871034e+01 9.746679013439937478e+01 8.906325871070215783e+01 8.420115823776319530e+01 6.388224786738285133e+01 8.369630078978195797e+01 7.974525646912508137e+01 9.383267620412652832e+01 9.009681164857957469e+01 1.094259889337508014e+02 1.195724922110475461e+02 1.098400833047925715e+02 8.937682067946853692e+01 1.098400833047925715e+02 1.135192218177234054e+02 9.285528345779631820e+01 8.068114146460200686e+01 9.161149936619526102e+01 7.254146342931038305e+01 9.333873545537336724e+01 1.023147372900365326e+02 1.058994274776745073e+02 1.131166248547750968e+02 1.213440349477360911e+02 1.313575960354052086e+02 1.184571585779312954e+02 1.351256363478197215e+02 1.359909736985575250e+02
1.012650370438615113e+02 8.129140118602552434e+01 6.722538565028223445e+01 5.977832360873645001e+01 5.287949671145530317e+01 6.897260059758662010e+01 5.758908173373671247e+01 6.379943238382666948e+01 7.080465439549747941e+01 8.233951556534729832e+01 1.023965581941903480e+02 1.008648849449046168e+02 8.045641996401712959e+01 6.968885931800282663e+01 9.009104754466441989e+01 1.001555494088240721e+02 1.085175521759538810e+02 1.104553693077237426e+02 1.187922379096880974e+02 1.186776295740668843e+02 1.030189957630178270e+02 8.283698849243808127e+01 1.030189957630178270e+02 1.217712369314250793e+02 1.026815205257427408e+02 8.269056670128095732e+01 7.098398816972112968e+01 9.122039987058967370e+01 8.577329566464881339e+01 1.004408440406062795e+02 1.205940518948434317e+02 1.295077179099594105e+02 1.377354426332482547e+02 1.269252357122064865e+02 1.065555076448995919e+02 1.269252357122064865e+02 1.315377930248975247e+02
