MOVIE_S1_data/elevation_000836.asc
nrows	100
cellsize	150.0
xllcorner	0
ncols	100
yllcorner	0
NODATA_value	-9999
[rows 34 to 50 of 100, columns 0 to 36 of 100]
0.000000000000000000e+00 1.999999999999964473e+01 3.983127038353135418e+01 3.928863128145564332e+01 3.342607556632842147e+01 3.352240391316929191e+01 2.124431845677176867e+01 4.129761685029910723e+01 4.069423466253619637e+01 4.017597295619608389e+01 3.561945786420213267e+01 4.670433195862601394e+01 6.669547871655866800e+01 6.597828803796525676e+01 7.434800591064805531e+01 7.485412405967991845e+01 7.406489117822563628e+01 6.582899694208408903e+01 5.515618012098452994e+01 7.023511152963837390e+01 7.290867316254902164e+01 5.697100504977757396e+01 6.212897228244231940e+01 8.190087514357608711e+01 9.650273625027462288e+01 1.048425490444529657e+02 1.148263591632770044e+02 1.044289663027575585e+02 8.645062644694426979e+01 7.765152726433525743e+01 8.124445485006658885e+01 7.708907384315631361e+01 7.326035305052866420e+01 6.962782644560124368e+01 6.139855507964593073e+01 4.171622574860803923e+01 6.139855507963759607e+01
0.000000000000000000e+00 1.999999999999964473e+01 2.337955960175480996e+01 1.921030127110489261e+01 2.673129124282993274e+01 1.339861729607404683e+01 3.038046158500551996e+01 3.386248540345332003e+01 2.200548959910026525e+01 2.701301584010467494e+01 4.594510902868512403e+01 5.734383887202782404e+01 5.165967399467795218e+01 4.572870987257971365e+01 6.597828803646372364e+01 7.921261459362027324e+01 9.112780640872900051e+01 7.133455631037097078e+01 6.661398291302612051e+01 8.321419344340094426e+01 8.091876176186225678e+01 6.113624171195746726e+01 6.479520021919901751e+01 8.454055690219350083e+01 1.003289574483305273e+02 1.086959262025802389e+02 1.101745051248029199e+02 9.045263849308392423e+01 7.667221340203137459e+01 6.697091603467431753e+01 6.175399028718366878e+01 5.756635180944939378e+01 5.369859861669407763e+01 5.002507067056937018e+01 4.652020173860564256e+01 4.488573516262814422e+01 5.103744475515646428e+01
0.000000000000000000e+00 1.672484020014183059e+00 3.350846736607574261e+00 5.059562052041365554e+00 6.793781991093150729e+00 8.547898029740840897e+00 1.049969942222539743e+01 1.516073262620954409e+01 3.387017327640540998e+01 3.810687459114652853e+01 4.054413128475963646e+01 3.714922349678709423e+01 3.150124127134669294e+01 4.047104966242032020e+01 5.057517048118200620e+01 6.491728017890717695e+01 8.516517731926305146e+01 9.112780640872900051e+01 8.637353880993241262e+01 9.465771570188280748e+01 8.521981356585088463e+01 6.549967089537358333e+01 8.454055690219350083e+01 7.365005217583863839e+01 8.059276673188307427e+01 9.189197725391544225e+01 1.118540867251294202e+02 9.775245380614995838e+01 7.817711460163381787e+01 8.645062644694425558e+01 7.298965266396709239e+01 7.136668395449889601e+01 7.326035305052866420e+01 6.962782644560124368e+01 6.616251606098397531e+01 4.810363407350735088e+01 6.768255928883912986e+01
0.000000000000000000e+00 1.919567922267732385e+01 1.492689997047758332e+01 2.509110797568472861e+01 2.682848090702926669e+01 1.602932848530752352e+01 3.055114230343919957e+01 1.358326772832375617e+01 1.581358810042620355e+01 1.818759878884532100e+01 2.059764193729001391e+01 2.306607836362474018e+01 4.306408939616311216e+01 5.173632828110856963e+01 5.652253093836507958e+01 6.178457631958729479e+01 6.770475896939809957e+01 7.462048407052809296e+01 8.356374430834836176e+01 9.439574265757521232e+01 8.960737320848939191e+01 7.006887605631779081e+01 8.972816771581246087e+01 9.335116030313525926e+01 1.003289574483312805e+02 1.086959262071243870e+02 1.202889361175936074e+02 1.059562613884692723e+02 8.942106889442057138e+01 1.007064961003541299e+02 9.252072433949390984e+01 9.090414512153954263e+01 9.008613037014191605e+01 7.514785757232945684e+01 5.578816408941640503e+01 5.222475652674001623e+01 7.175486931291750636e+01
0.000000000000000000e+00 1.999999999959445063e+01 3.490688732627489088e+01 4.363565450591442385e+01 2.836822641976650416e+01 3.564114921081196741e+01 3.421978836106053024e+01 3.694909238804702767e+01 2.237459465230775635e+01 3.810687459260672227e+01 3.463988944981625195e+01 4.306408939939214520e+01 2.711034592491905215e+01 3.154143580660897328e+01 3.626234678549601398e+01 4.146322297388110911e+01 4.729245444026772560e+01 5.404371534219566797e+01 6.423442308588134608e+01 8.534279471098341219e+01 9.795075362296643107e+01 8.139734268838117259e+01 7.809816049058865417e+01 8.546532601213861824e+01 9.521915229181261964e+01 1.092635095556827025e+02 1.295835479322095978e+02 1.173638567691045012e+02 1.091333372442785503e+02 1.107223890963042265e+02 9.247052320922918511e+01 8.019716573846335450e+01 7.102683538651564277e+01 6.436478809503304888e+01 7.514785757232945684e+01 5.651693063702204967e+01 7.600821661758148196e+01
0.000000000000000000e+00 1.154700538379261765e+01 2.568914100752381913e+01 4.568914100752452612e+01 4.228736623292861907e+01 4.815609816025980194e+01 5.498655177258208937e+01 4.924052376933887842e+01 2.929701792287601592e+01 4.924052376933887842e+01 5.479823199821042579e+01 5.116469900098337575e+01 3.099138943634342169e+01 5.116469900098337575e+01 5.652253093836507958e+01 6.178457631952776552e+01 6.770219804723451773e+01 7.459944401208710474e+01 8.338983807747531785e+01 9.419169077688896152e+01 1.094182345996521093e+02 1.011053837482860587e+02 8.784595265789043594e+01 1.052171316470046918e+02 1.135974329066451673e+02 1.236488483369331703e+02 1.189976811434663091e+02 1.180771953340906890e+02 1.095265889245938098e+02 1.177226863156808321e+02 1.071233822967567733e+02 9.820995355150175499e+01 9.008613037014191605e+01 8.353134111106214732e+01 8.140689328807484060e+01 6.194168773295998420e+01 6.776817903973186219e+01
0.000000000000000000e+00 1.999999999999964473e+01 3.000000000000044409e+01 5.000000000000115108e+01 6.232447037315461102e+01 6.823102560085504820e+01 6.698870413239176003e+01 5.759093984845568315e+01 4.924052376960238320e+01 4.554280718220067570e+01 6.569347579696545836e+01 5.953972872998705412e+01 5.116469900098337575e+01 3.717769892295654444e+01 4.325558458825754116e+01 4.964745504684894684e+01 5.792698228946235872e+01 6.807836823742293575e+01 8.225497772958196663e+01 1.014898511847439124e+02 9.719170780467936765e+01 1.055957400335645104e+02 1.076573128735762026e+02 1.076573128735762026e+02 1.278818743904692496e+02 1.130514436135553211e+02 9.868549764107363842e+01 1.065944638303795955e+02 8.817834078826898292e+01 1.065944638303795955e+02 1.131056339079206055e+02 1.046892896137668032e+02 1.050623966093582453e+02 8.540293479130802723e+01 7.165272873281267607e+01 7.315476908661112532e+01 8.726431727706254549e+01
0.000000000000000000e+00 1.000000000000008704e+01 3.000000000000044409e+01 4.077436789639158121e+01 4.905863914385388824e+01 5.093240669446870328e+01 4.720532560336607730e+01 4.991709465006587010e+01 5.608528661307219210e+01 6.432769969012264255e+01 7.404899513871205841e+01 7.171012954131775530e+01 5.147088905692704230e+01 5.147088905692704230e+01 5.368664521595901107e+01 6.987167059601543428e+01 6.987140492159963401e+01 8.614170733932976987e+01 9.585549153612952011e+01 9.391501241472417405e+01 7.698391754297280443e+01 9.391501241472414563e+01 9.462796504482847126e+01 1.030280475173004362e+02 1.149219183939392934e+02 1.029066417999417524e+02 8.435761098875757114e+01 9.812541073958168170e+01 7.737689872133243796e+01 9.812541073958168170e+01 1.013936760070396303e+02 8.441731316180430156e+01 1.013936760070396303e+02 9.934229641062506744e+01 8.135489024082843912e+01 9.267950458245881862e+01 1.008653553396113978e+02
0.000000000000000000e+00 1.999999999999964473e+01 2.606508485243010398e+01 2.077436789639087422e+01 3.294126927613992706e+01 3.093240669446799984e+01 3.310771473760966188e+01 2.980586627799133836e+01 3.613015236193167823e+01 5.608544969977268124e+01 7.582084357706962408e+01 8.003723763355249332e+01 7.171012954131775530e+01 7.171012954131775530e+01 7.391613277291148165e+01 8.223846306792619032e+01 8.989379757710061369e+01 8.935230737358109820e+01 9.774683464573254810e+01 8.552473465735558023e+01 6.535722438126430234e+01 8.034431328014862572e+01 7.442783099900377408e+01 9.462796504482847126e+01 1.044278070000241172e+02 8.620997779376361336e+01 7.419917686000137280e+01 9.101961333564943857e+01 7.036242333898333357e+01 9.101961333564943857e+01 9.298525855222044356e+01 7.270326740981964520e+01 9.298525855222044356e+01 1.091799355083788754e+02 1.009672254458455143e+02 1.091799355083788754e+02 1.068033807658499796e+02
0.000000000000000000e+00 3.015113445777642731e+00 6.065084852429748707e+00 9.227362512598155320e+00 1.294126927613922540e+01 1.679027107073679659e+01 2.164098357514200188e+01 3.318341981949292574e+01 5.296506974521107480e+01 4.766850551361617505e+01 6.176362720849846966e+01 8.163292324538028311e+01 7.880763087039701986e+01 8.472233913270338235e+01 8.413783514042651746e+01 9.252200587288871247e+01 8.607931173009041004e+01 6.916726342199785904e+01 8.607931173009041004e+01 7.790213226394452306e+01 5.773782238549448209e+01 6.017849156619275419e+01 8.034431328014862572e+01 8.933976561944488992e+01 9.601569394808399238e+01 7.568193651374105002e+01 6.581979553668347194e+01 7.699972801425842306e+01 6.429112399005352074e+01 8.493621887536261283e+01 8.581449181584190455e+01 6.545932376898123550e+01 8.525553460104796955e+01 9.201736770502000695e+01 1.004250883268765477e+02 1.105653741932194833e+02 9.816859976299055290e+01
0.000000000000000000e+00 1.999999999999964473e+01 2.606508485243010398e+01 2.922736251259851059e+01 2.077436789639087777e+01 3.679027107073750358e+01 3.312020268929189371e+01 4.975895168070879038e+01 6.092068610572761145e+01 6.758320928029812080e+01 7.582084357706962408e+01 7.294662129272676054e+01 5.870971275447354287e+01 6.459625668289557154e+01 6.400993205904251226e+01 8.088200048080658178e+01 7.769846728238921685e+01 5.751732693567413435e+01 7.769846728238921685e+01 7.118069563779455677e+01 5.096689049679066841e+01 5.251847922165710258e+01 6.078868442171257414e+01 7.242110527405664300e+01 9.261336848775985686e+01 7.941325139425745760e+01 5.888560852550713776e+01 5.633291341773102090e+01 7.699972801425842306e+01 8.176717557810741255e+01 7.334101599373185820e+01 5.890649385411614958e+01 6.489384978946060301e+01 7.173186839310388052e+01 8.188431459617473251e+01 1.021504208138652814e+02 9.881581908165199479e+01
0.000000000000000000e+00 1.414213562373107536e+01 3.414213562373178235e+01 4.905863914385386693e+01 4.077436789639158121e+01 3.710429951494597844e+01 5.312020268929259714e+01 6.140447393675815135e+01 6.575868147102160322e+01 7.405203254230730181e+01 7.557644725028896460e+01 6.459625668289557154e+01 4.464451900539054918e+01 6.459625668289557154e+01 5.247612232531041343e+01 7.189927308994749922e+01 7.056335680927848841e+01 5.030700346113015087e+01 7.056335680927848841e+01 6.508600407069751270e+01 4.473019365261738045e+01 5.917143739944059178e+01 7.936503114400601078e+01 8.933976561944488992e+01 1.010119146842459799e+02 8.783135983218119236e+01 7.191761512248704946e+01 5.124824576742027205e+01 7.191757192011121447e+01 6.784006946052197407e+01 5.275835876349842124e+01 7.334101599373185820e+01 8.525553460104796955e+01 9.201736770502000695e+01 1.004250883268765477e+02 1.105653741932194833e+02 1.070721662253751134e+02
0.000000000000000000e+00 1.999999999999964473e+01 3.235478221189281811e+01 4.063905345935501856e+01 4.958332536935432699e+01 5.710429951494668188e+01 6.538857076241075106e+01 6.249237102363666452e+01 4.573676022227830629e+01 6.249237102363666452e+01 6.722524519597519088e+01 4.726139818172516271e+01 3.768999274245545905e+01 5.358791459986132111e+01 4.362139052073914769e+01 6.355443867898340216e+01 6.445583655287717306e+01 4.403178641436937824e+01 5.644486508536758862e+01 5.617554005992418098e+01 4.078408246909994261e+01 5.537898099453430945e+01 7.561517492459896062e+01 7.537946814155058917e+01 8.351409827367064054e+01 8.287622730550340577e+01 6.240516283358345362e+01 4.775061885382007176e+01 6.375644514121143658e+01 4.721946377080631407e+01 6.784006946052197407e+01 8.176717557688010629e+01 8.877536926647682947e+01 9.439946765276746987e+01 1.008070420740869082e+02 1.084708088061324247e+02 1.168906203811028206e+02
0.000000000000000000e+00 6.030226891555298785e+00 1.235478221189211290e+01 2.129905412189142666e+01 3.544118974562287860e+01 5.544118974562358204e+01 5.819061169303069647e+01 5.419901984836617714e+01 3.418693038457080036e+01 5.419901984836617714e+01 6.502700114440820300e+01 4.508352280006473478e+01 3.104827520205282454e+01 3.371400871344728500e+01 4.773729421072771117e+01 6.771256169160390925e+01 7.082164415454552397e+01 5.048980821167246802e+01 3.567801396010647608e+01 3.539502919274494985e+01 4.756812431389278828e+01 6.793334086580429698e+01 7.274383895953467061e+01 5.713245855703402754e+01 7.274383895953467061e+01 8.882884776929469695e+01 6.840072453173394251e+01 6.375650269621154820e+01 4.318354689641010680e+01 6.375658106159688998e+01 5.377885719846681667e+01 7.434303275754791684e+01 6.844817426051849907e+01 7.412149254274233101e+01 8.054451262568193215e+01 8.819438792713008013e+01 1.025178947333557460e+02
0.000000000000000000e+00 1.999999999999964473e+01 3.235478221189281811e+01 4.063905345935501856e+01 4.958332536935432699e+01 5.111418088592098741e+01 3.817572298693024635e+01 3.817572298693024635e+01 2.711544262091838675e+01 4.712367776558539134e+01 4.897553133295039629e+01 4.067457279865007536e+01 2.564253266760986349e+01 4.579272737477423760e+01 6.190153182880536775e+01 6.686124334641995404e+01 5.598235883189202156e+01 4.751372044871335731e+01 3.043594399109724336e+01 5.140816390912508638e+01 6.457712759094273736e+01 7.631060764260270446e+01 6.484455223093991094e+01 4.723290545513204108e+01 6.484455223093991094e+01 7.959095959459260428e+01 7.115196655703341833e+01 6.164068798627967993e+01 4.112388370455666831e+01 6.164068798627972257e+01 7.434303265614531142e+01 6.091574873013907876e+01 8.135292710943046757e+01 9.439946765276746987e+01 1.008070420740869082e+02 1.084708088061324247e+02 1.168906203811028206e+02
0.000000000000000000e+00 1.414213562373107536e+01 3.414213562373178235e+01 4.413290101130773024e+01 3.838195051574483330e+01 3.110282714829780204e+01 3.110283502721771143e+01 1.817057485855178811e+01 3.817572298693024635e+01 4.414354519282398570e+01 3.579768828878741971e+01 1.998370614954176006e+01 4.067457242075722945e+01 5.408369901483786180e+01 6.338019897627982857e+01 5.229898486238222688e+01 3.773672637834440025e+01 2.651536170023585015e+01 4.147718127102568531e+01 5.984379852576414294e+01 7.019965887681452443e+01 6.186983917491040330e+01 5.859938814332708290e+01 4.086140937264283224e+01 5.861789475997206011e+01 7.115196658093927340e+01 5.066389198440668906e+01 5.666470997641997798e+01 3.911357756715408129e+01 5.956324220922324741e+01 7.251047170884056925e+01 7.797918224010552990e+01 8.411795662625991099e+01 9.128389817515179061e+01 9.967351640261020407e+01 1.113575698258942168e+02 1.101277819364758983e+02
0.000000000000000000e+00 1.414688524805293746e+01 3.424404353070804063e+01 2.403694844154081522e+01 1.816255805209837249e+01 2.493195951104227248e+01 1.109998413597596389e+01 3.110283502721771143e+01 4.646657348063850179e+01 3.579768810419164993e+01 1.487477282099254872e+01 3.579767478786025237e+01 4.897412615161505300e+01 6.001884608842641455e+01 4.878417424393654045e+01 3.418814971030403882e+01 2.289196513208069206e+01 4.380169997451378094e+01 5.598235814536337074e+01 7.048753641849049245e+01 6.187590694491137100e+01 4.202528702740317357e+01 4.770312104962215471e+01 3.516554047360465063e+01 5.057275770620321964e+01 5.266278907581704516e+01 5.423890381295379370e+01 3.633074445754318305e+01 3.966593139272618629e+01 6.011564065537059776e+01 5.197902530729832193e+01 5.751714108466929787e+01 6.375794531474161886e+01 7.101555472392017521e+01 8.273760081142935974e+01 1.029583574822926693e+02 1.018963351329219051e+02
