MOVIE_S1_data/elevation_000684.asc
nrows	100
cellsize	150.0
xllcorner	0
ncols	100
yllcorner	0
NODATA_value	-9999
[rows 34 to 50 of 100, columns 0 to 36 of 100]
0.000000000000000000e+00 1.999999999999964473e+01 3.722852831352592062e+01 3.742806721989836660e+01 3.410774969594027795e+01 2.824974985376380943e+01 3.760023781786971142e+01 1.751479478893832464e+01 2.851378110750274431e+01 2.030409510451977795e+01 1.529139204908204341e+01 3.520226173514102896e+01 4.959233941916449595e+01 4.964183778728843777e+01 4.815725261358199560e+01 2.824632093905641028e+01 4.240993447513668713e+01 4.040021427153104838e+01 3.317566580010475263e+01 2.423355611979481949e+01 4.406357998554823752e+01 5.517207403694184364e+01 6.424294867813429732e+01 7.590944034393913853e+01 8.875972893614556369e+01 8.038655001135278155e+01 7.565278122009594597e+01 8.085809045917424953e+01 8.668991227807055111e+01 9.343944086654160230e+01 1.018155410484323085e+02 1.119422444304400130e+02 1.025281052295329118e+02 8.832667895637831634e+01 8.274758365406944449e+01 7.925542551128016555e+01 9.944496838522535143e+01
0.000000000000000000e+00 1.998715561749705216e+01 3.155901012243394987e+01 1.738091685822216093e+01 2.419881175271209628e+01 1.410748857171943982e+01 2.613586959929892117e+01 2.664351371863131490e+01 8.511946146535667168e+00 9.517262879707779177e+00 2.951932682149103471e+01 3.217844309191062990e+01 3.316480420161452969e+01 2.949895909986431874e+01 4.960196015170269845e+01 4.240883697135429742e+01 2.247098620250524803e+01 2.037376656092921579e+01 2.162647987512246672e+01 2.332398772615092142e+01 4.334093812886821695e+01 5.409686626716563040e+01 6.130624075621065572e+01 6.942456925233648235e+01 7.829789264547019911e+01 8.193922997106848527e+01 8.431034017341362130e+01 9.267409703854706038e+01 9.341070831097121641e+01 9.341070831097121641e+01 1.019281444248533717e+02 1.149979865441830782e+02 1.066079998359341374e+02 1.084405058056120197e+02 1.029089719096601812e+02 9.944496838522535143e+01 9.356343837812858055e+01
0.000000000000000000e+00 1.999979766552199223e+01 2.188456277844371911e+01 3.237274147529077162e+00 4.198386085188564820e+00 5.162868368968088539e+00 6.135296208192477785e+00 7.111197366109979434e+00 2.711338765387725047e+01 2.951943706947963264e+01 1.099666240169336184e+01 1.204736107426335501e+01 1.314783116150247722e+01 3.303337906672184943e+01 3.584477375346273220e+01 3.698375350680717588e+01 1.861148429053460518e+01 3.864145101855643816e+01 4.164919704900447073e+01 4.334093812886822406e+01 2.574420056646932409e+01 4.575924413092778309e+01 4.156330042452714224e+01 5.001512664769187921e+01 6.176690095720606166e+01 6.176690095720606877e+01 6.454145575034110038e+01 8.417848330785008670e+01 7.171062979572896268e+01 7.171062979572896268e+01 9.341070831097121641e+01 1.031217545376967877e+02 8.590727806138168887e+01 9.422387178861249879e+01 1.011751509417498767e+02 1.095911999593556772e+02 1.136442378958625454e+02
0.000000000000000000e+00 9.417632186960226415e-01 1.884572260278086997e+00 8.974718374352205430e+00 2.419568302003629867e+01 2.516336019864592544e+01 2.613586959954494304e+01 1.235991096322223193e+01 3.222047778175102906e+01 3.925967180820300939e+01 3.097076575039446666e+01 1.570055376087490551e+01 3.313484793566738063e+01 1.472039181596054647e+01 1.583535143339047657e+01 1.695511403749931389e+01 3.698375377561919919e+01 3.276721773194670106e+01 5.282669600814815425e+01 5.409333563851073023e+01 4.575725411576731716e+01 2.820294444433164927e+01 3.003950032494526923e+01 5.006780264827882121e+01 4.182901682289973166e+01 5.013965117401313165e+01 6.999899204771358541e+01 7.771829048298369003e+01 5.452066824460736427e+01 6.970151001019067394e+01 9.187731048314125815e+01 9.324775926197673925e+01 7.364460993094544961e+01 7.320093121179391460e+01 8.032131348233777146e+01 8.979895769523575666e+01 1.017950227785400017e+02
0.000000000000000000e+00 1.999999809931919259e+01 2.188458289183651573e+01 2.187037147446693552e+01 1.966335335338945001e+01 3.946896921030216987e+01 4.082764061402431111e+01 2.003968135401821726e+01 4.082767290955819561e+01 4.369921148900115071e+01 2.386293966359885133e+01 2.055014946958600319e+01 4.044881154093565101e+01 3.477709059881479448e+01 3.585259486360574499e+01 2.078900398588837106e+01 4.027775559459957577e+01 5.282630327055483122e+01 6.119141308974439397e+01 5.641182852921250657e+01 3.635479304179273186e+01 4.822362465657092656e+01 5.006780264828309157e+01 3.272960089445625442e+01 5.277005722728665660e+01 5.877649520639528902e+01 6.048087665437134319e+01 6.286139541648528706e+01 4.707978116153587678e+01 6.970150996358135842e+01 8.699955050493763054e+01 7.226819097563013372e+01 6.415672685637356665e+01 7.914552172476469138e+01 1.000204948868564401e+02 1.095911999593556772e+02 1.187446230505319704e+02
0.000000000000000000e+00 8.944271909999079284e+00 2.894427175258041984e+01 4.178200889013243113e+01 3.372126322610655080e+01 3.588423626326750338e+01 5.003480527119531018e+01 3.571233293690531951e+01 5.028341203914330748e+01 3.327722968881798238e+01 4.369921151362709111e+01 4.044883995651137099e+01 2.810737988657112751e+01 4.794782232825065904e+01 4.870130691278507840e+01 4.027775559461234423e+01 2.641712295378966147e+01 4.068113647909297725e+01 6.118859449998120681e+01 6.276460777576667027e+01 4.267535588440716765e+01 6.276460777576667027e+01 6.112041391703434812e+01 4.687842623318263691e+01 3.561568273122046691e+01 3.776427588808337532e+01 4.003811394904633403e+01 4.236005413296883404e+01 4.497586980650319788e+01 6.553841014507912632e+01 7.235681272549912535e+01 5.743012205908180334e+01 7.835888269434018127e+01 9.236506650870077806e+01 9.931268243593285661e+01 1.071078331180736427e+02 1.154389851972685648e+02
0.000000000000000000e+00 1.999999999999964473e+01 2.527420352210021903e+01 4.527420174981990186e+01 5.334493078044484804e+01 5.512280612461090357e+01 6.279075722554330952e+01 5.770503777515659038e+01 5.983067550544330260e+01 4.032172499017126910e+01 5.983067550544330260e+01 5.419977841818271713e+01 3.442957598746263415e+01 4.794754391281957595e+01 6.749750330551478328e+01 5.511846317134637019e+01 3.528460452697264316e+01 3.484901650046028010e+01 5.548860260775534670e+01 7.112947328382887235e+01 5.162814414268454755e+01 7.112947328383395984e+01 7.536238015034145121e+01 6.276658791618159938e+01 4.269169730955788822e+01 4.528819196982643547e+01 5.995081508571273332e+01 6.286139541648183382e+01 6.553841014508445539e+01 4.876589333918165181e+01 5.157458511898471443e+01 5.578220488591431803e+01 7.672443089593187437e+01 7.131264807717006704e+01 7.843429590476266355e+01 8.648451950411774192e+01 9.853730481973398980e+01
0.000000000000000000e+00 1.414213562396852986e+01 3.414213647761663140e+01 5.355837738635671030e+01 5.038567134893741439e+01 5.866046957034079412e+01 5.311316687834071359e+01 6.138819495106580604e+01 6.775619252615970822e+01 5.170171597538338659e+01 6.775619252615970822e+01 6.224031987147334632e+01 4.592792425828322678e+01 4.848077174210238383e+01 6.800548540462291669e+01 6.429113281028118365e+01 4.731768077259494731e+01 4.420897055555838051e+01 4.954034350873826753e+01 6.984897039711160005e+01 6.585152717741711115e+01 7.177419611216865292e+01 7.700465975819375331e+01 5.686898551389018053e+01 5.686898551389018053e+01 5.855362864462420447e+01 5.855362864439322834e+01 7.646877367741100784e+01 6.944671878590895631e+01 6.331233913080605191e+01 6.621072714215847554e+01 7.672443086393226963e+01 6.229638436530024848e+01 7.175660717387218313e+01 8.403131914438935723e+01 1.046416125298204776e+02 1.154389851972685648e+02
0.000000000000000000e+00 1.415415144286346560e+01 3.425026768697833290e+01 3.460109792527715200e+01 3.041868275452942427e+01 4.370058252208272620e+01 3.314606051667323072e+01 4.726543583287927675e+01 6.723083847740380747e+01 7.093504072984080722e+01 7.883214296369095564e+01 7.349467782365215385e+01 6.549940893249126361e+01 6.800559347863166693e+01 7.599036959937006941e+01 7.600108255100550991e+01 6.765509190478137214e+01 5.453783136159087519e+01 6.984897039711160005e+01 7.819551643178405698e+01 8.607278377989156581e+01 9.199795756304348515e+01 8.533460621375506605e+01 7.700465975819375331e+01 7.700465975819375331e+01 7.646877457151491342e+01 7.646877367741154785e+01 8.420964256570165674e+01 9.033222520798616983e+01 8.425642282731199373e+01 8.719477384319402802e+01 9.196853296102456454e+01 8.339925850682023167e+01 9.182434247361828739e+01 1.010839999202381989e+02 1.128486644741976335e+02 1.213860634163907122e+02
0.000000000000000000e+00 1.999999999999964473e+01 2.857675626278363978e+01 1.463642344633696091e+01 1.889237383272323001e+01 2.373296971370867681e+01 4.370058267233527260e+01 4.726543583287926964e+01 6.138028446572329244e+01 8.135532531979933424e+01 7.689324581817025717e+01 7.799956064538044131e+01 6.991769184587010955e+01 7.136854046565045451e+01 7.136854046565154874e+01 7.945635785801896134e+01 8.303497467799554954e+01 7.469020189496730211e+01 8.303497467799554954e+01 8.839607640720706172e+01 8.011533159877080834e+01 8.839607640720706172e+01 9.155612294426498465e+01 8.328380244120481279e+01 8.665493907104021787e+01 7.838383974941947940e+01 7.620058942030959770e+01 7.627971627847961145e+01 8.454954406706791303e+01 8.457657386820605439e+01 8.946706884339211285e+01 8.119954117943078131e+01 8.824551396532456238e+01 9.651729433039704986e+01 1.054379198548033543e+02 1.169708602685226424e+02 1.134040598757062952e+02
0.000000000000000000e+00 1.999999999999964473e+01 8.870581795293453808e+00 2.883917925580730568e+01 3.885772518643665308e+01 4.370058267233527260e+01 3.785251895540853440e+01 5.781905741136166199e+01 7.551095406925219322e+01 7.128193214949452283e+01 5.755996338870923523e+01 6.682557226704462039e+01 5.062899072666833433e+01 5.206843415410641285e+01 5.206843415410641285e+01 7.136854046565154874e+01 8.560481245001325590e+01 8.190715473844566930e+01 7.362860326651149023e+01 7.840723844885300764e+01 6.014337618110395312e+01 7.840723844885300764e+01 8.328380244120481279e+01 6.333163239220705520e+01 6.917548770017133108e+01 5.843971928818123729e+01 5.625868974881199591e+01 5.630902473730448321e+01 6.754451667368988410e+01 6.461706862581003463e+01 7.472598783695460156e+01 6.124670977816640516e+01 6.831649372916403706e+01 7.722845427512456240e+01 8.872111301341236356e+01 1.086841913555976618e+02 1.156080099760215063e+02
0.000000000000000000e+00 3.429881652068303755e+00 1.152377998791558511e+01 2.131705822079942791e+01 3.511776860599437811e+01 5.468411379051598686e+01 5.781905741136165489e+01 6.609578132373665937e+01 7.999435125518968448e+01 6.322255070970364699e+01 4.392447425502428615e+01 5.101737549833254093e+01 3.948019285955776780e+01 3.841720306353737868e+01 4.706347498813746455e+01 5.818368741224231400e+01 7.749041243213176244e+01 7.038229077819406143e+01 5.367711868083782889e+01 6.072878546837043245e+01 5.018773685624304903e+01 6.427839831458896924e+01 8.425481019278609551e+01 6.917548770017133108e+01 4.934156695540721671e+01 5.857377300370702500e+01 4.246769907707242453e+01 4.491650809860824722e+01 4.758319145313046761e+01 5.045238199962522430e+01 5.473114229129463126e+01 7.472598790762638998e+01 7.123445232838645325e+01 8.014308534246039528e+01 9.163959505566307939e+01 1.116127514383639863e+02 1.156080099760215063e+02
0.000000000000000000e+00 9.195948466681596045e+00 2.809844407459536342e+01 3.921767278511856603e+01 4.900784397661897174e+01 5.794289672035014860e+01 4.970477296756544661e+01 5.794289672133856328e+01 6.006428885552604413e+01 6.337573637181152009e+01 5.101737549830126994e+01 3.170694740182965177e+01 3.083861044356471481e+01 5.014961291635479057e+01 6.576239600606263025e+01 7.441018503074737112e+01 7.298003350092615449e+01 6.147914424161121616e+01 4.222806938080768902e+01 4.085795758045595250e+01 5.488462400902505323e+01 7.483783932422029750e+01 7.544262010650491845e+01 6.718648066315159895e+01 5.857381111969456811e+01 3.926784588017864763e+01 5.857381111969482390e+01 6.474963211876428204e+01 6.169554547213551388e+01 6.202585333675038015e+01 5.695996853131341453e+01 7.694557041419994903e+01 9.116462951475092780e+01 9.943880664311383555e+01 1.083622860357421303e+02 1.198996829114186653e+02 1.236022016785272086e+02
0.000000000000000000e+00 1.999999993091251937e+01 3.670117137333644308e+01 5.314986191404368299e+01 4.688415161688959643e+01 4.805647820809643633e+01 2.997988244008260850e+01 4.805647817162833491e+01 4.606458792832086857e+01 5.533592129879412624e+01 3.603080666969254509e+01 2.485218489315098722e+01 4.419010817099931643e+01 5.817820406185541771e+01 6.323415994874535073e+01 7.168335738370336685e+01 6.470602810939027449e+01 4.480872322705296540e+01 3.346513939704554019e+01 5.321831377942480401e+01 6.899994036548883969e+01 6.768206806209548176e+01 6.718648066315168421e+01 4.756284882309417839e+01 5.331047751753875730e+01 3.719887745305795335e+01 5.052373789746604160e+01 7.029415664727915214e+01 8.166518359010144934e+01 7.614665447494525097e+01 7.690819569312766646e+01 6.404709075998323442e+01 8.399890006301843925e+01 9.995958166739323758e+01 1.082466973769536622e+02 1.197890126008103380e+02 1.351262817150706610e+02
0.000000000000000000e+00 1.690089743448261217e+01 2.702115153588204421e+01 4.137004470935534783e+01 2.778353394094903805e+01 3.141522109275384267e+01 2.007900570707539245e+01 2.997988244004586988e+01 4.302110303307316741e+01 4.434812668279977288e+01 3.632280123521850612e+01 2.146782523289347111e+01 4.087368168925122092e+01 4.834010538112495681e+01 4.217078598049157989e+01 6.323415994874535073e+01 6.331437999184993970e+01 4.344934288790729227e+01 2.959573635202008290e+01 4.926767653221673271e+01 5.661448962938145968e+01 4.319678287852278231e+01 5.646028943942233980e+01 5.046987364934375364e+01 3.436045033874081867e+01 5.322111884028434758e+01 4.905516733064283130e+01 6.296795676541657372e+01 8.290868806845827521e+01 9.609205766750152122e+01 9.216150757561041473e+01 7.556925999652095527e+01 7.297012783648435175e+01 8.000941281669210525e+01 9.148568757032425935e+01 1.114931917539816055e+02 1.162660441805920755e+02
0.000000000000000000e+00 9.637680492920502218e+00 2.644678857413590833e+01 2.302008407342317398e+01 1.392785402258601302e+01 1.149775114573787249e+01 3.141522109253131134e+01 3.506943112503338256e+01 2.323259983964954500e+01 3.196456899115940686e+01 1.674419352693585950e+01 3.632280123530107119e+01 4.705025102479250876e+01 2.762382743379931327e+01 4.735945959828911356e+01 5.680924197236127782e+01 6.102794812750493492e+01 4.556769866528296120e+01 2.599342589137953041e+01 4.336773849179952833e+01 4.256725383979813415e+01 2.689936881184663875e+01 4.672164997668102160e+01 3.156060724841862708e+01 5.046962364437914772e+01 6.145878278313718823e+01 6.880448196398637606e+01 7.707490928960996257e+01 8.186749277883146192e+01 1.017092246391177923e+02 1.035446503629200379e+02 9.539757430011621864e+01 9.291035706492196766e+01 9.995958233260444104e+01 1.082467002764305164e+02 1.176581547007267261e+02 1.031027113434373774e+02
0.000000000000000000e+00 9.618885443463994989e+00 1.742221884796120079e+01 2.973761057481723924e+00 3.849223813385284743e+00 2.389768906974781260e+01 3.271803954496882483e+01 1.533205477299536668e+01 9.010113990216158442e+00 1.217784020560083036e+01 3.128459599206656350e+01 3.582889216329694904e+01 3.349261816634453481e+01 2.138629295101717886e+01 2.995267488319395000e+01 4.859589222652549978e+01 4.831117915075559210e+01 3.440079887902723499e+01 2.246444001860010431e+01 2.376340398113643815e+01 2.506086358453563534e+01 3.769712833592654988e+01 2.874581391571771150e+01 3.048591216131060477e+01 4.943535955701575091e+01 5.715686571627797719e+01 6.990923228669423395e+01 6.207386089390620043e+01 7.864956612635657507e+01 9.008611342447314030e+01 9.321228575575992181e+01 9.061314543919631603e+01 9.893345324060742030e+01 1.105173614106226267e+02 1.176583393354364091e+02 9.922034844157094824e+01 9.247829861528788342e+01
