MOVIE_S1_data/elevation_000935.asc
nrows	100
cellsize	150.0
xllcorner	0
ncols	100
yllcorner	0
NODATA_value	-9999
[rows 51 to 67 of 100, columns 0 to 36 of 100]
0.000000000000000000e+00 1.414213562373082489e+01 3.414213562373011257e+01 4.344449550905351742e+01 5.172876675652977951e+01 5.259454630928870955e+01 3.324034689430130385e+01 3.353419899262473791e+01 3.475086888596491974e+01 1.708497214160309596e+01 3.706519059976184138e+01 3.016821569248154944e+01 5.013193949912605518e+01 5.928582757459194852e+01 5.344315156269123435e+01 7.339129524307466568e+01 7.501096063684923365e+01 7.501096063684923365e+01 8.326388980974925857e+01 8.031920234038483386e+01 7.199644973434517681e+01 8.031896807253292536e+01 8.802004045948946498e+01 7.947174896612064288e+01 8.495924998467967271e+01 9.045760227142939414e+01 9.672269944671860742e+01 1.048990018299064246e+02 1.137517048323389020e+02 1.112607882986481798e+02 9.710498360962448317e+01 8.036302915142243819e+01 8.966017014695860610e+01 9.796620404252711012e+01 1.011453937622616479e+02 8.701862614238829963e+01 1.011453937622616479e+02
0.000000000000000000e+00 1.414213562373107536e+01 3.414213562373178235e+01 5.126421377847986349e+01 4.298550138787287267e+01 3.923480893674409486e+01 2.506477866080305361e+01 1.318175241903432671e+01 1.476785229801460098e+01 2.232587006055979018e+01 4.230061151224740001e+01 5.013193949912605518e+01 4.428756334038180142e+01 6.424151168517651911e+01 7.339129524307466568e+01 8.165804693726855135e+01 7.785008443532305478e+01 6.951248305317676568e+01 7.785008443532305478e+01 7.019996182135240304e+01 5.169842272909084357e+01 7.019996182135240304e+01 7.536220501078089740e+01 8.391563888701936946e+01 9.514994555527665909e+01 9.678609867681005596e+01 8.877367147980125139e+01 9.127325158079503353e+01 9.929416289765202919e+01 9.859546714007967694e+01 8.294935526724486863e+01 6.891746472212199137e+01 6.976649557043447203e+01 8.645131996104871064e+01 9.122098495408066299e+01 9.949151701479617316e+01 1.152711210153158987e+02
0.000000000000000000e+00 1.414213562373107536e+01 3.414213562373178235e+01 4.298550250856574451e+01 2.299717985088850369e+01 2.885159663061278579e+01 1.096635934725440542e+01 3.025457199518584517e+01 3.466183397439277769e+01 4.230061151224740001e+01 3.645371620489785158e+01 5.641626546102639850e+01 6.424151168517651911e+01 7.250885641611453991e+01 6.717086110546618727e+01 7.574262259419292320e+01 6.776927659686553795e+01 4.933725410567593883e+01 6.566874016048228668e+01 5.730740947687872477e+01 4.153409946279182918e+01 6.184741140722714903e+01 5.473052091694126631e+01 6.398073729968743351e+01 8.384831904174211559e+01 8.563501759417788151e+01 6.947400710099918797e+01 7.199414063345069792e+01 8.814765295317560856e+01 9.011725862321492286e+01 7.037800688931089610e+01 7.037800688931089610e+01 5.829731671716228192e+01 7.817447140964634400e+01 7.140035768678164629e+01 8.802293583077944561e+01 1.065604385061932362e+02
0.000000000000000000e+00 1.999999998575476567e+01 3.364324431762204881e+01 2.536689776017205133e+01 2.679069607714657408e+01 8.858174610021515960e+00 2.885162325452092347e+01 1.912669599817049004e+01 3.898238758011954275e+01 5.628138012840081217e+01 5.641626546102639850e+01 6.468573323217644599e+01 6.365692113313460965e+01 5.502800797279526535e+01 4.613882256065599563e+01 6.365692183927713899e+01 5.942486857942638068e+01 3.931139372193820947e+01 4.867364816839167929e+01 3.706547669365885156e+01 3.444070842693013645e+01 5.466556260754867225e+01 4.289495905483166638e+01 5.500303915393069332e+01 7.369230866260410551e+01 7.692503539496020437e+01 5.809404729149558477e+01 6.065912810016848056e+01 8.014241509296840604e+01 8.183085547305535101e+01 6.196599347614158404e+01 5.040254924890479771e+01 6.881363191319142913e+01 6.830403583644712739e+01 5.990487046149070238e+01 7.977752474612753986e+01 9.832983039317677765e+01
0.000000000000000000e+00 1.999999999999964473e+01 2.336653454969631127e+01 5.370391177721449694e+00 6.795332173480376881e+00 2.679069598632224825e+01 3.713012849720939101e+01 3.898238758011954275e+01 2.851568160488228187e+01 4.244892059524492112e+01 6.199249442028460777e+01 5.861592030904633788e+01 5.002797654960436802e+01 3.465856091778363179e+01 3.465856091778380232e+01 5.502800799001348508e+01 6.290215086432044700e+01 4.277927669244571263e+01 2.868827099794887303e+01 2.554153859706058327e+01 4.248667435440300721e+01 4.700228152602691267e+01 3.465978141094120701e+01 4.477088270271262616e+01 6.523972267486681176e+01 6.889372069591388481e+01 4.911469399308133887e+01 6.889372069591388481e+01 8.312742807233377107e+01 7.901200730231214209e+01 6.667101208662478484e+01 4.596911199600295816e+01 5.657261443635521658e+01 4.827097336233911307e+01 5.990487046054548159e+01 7.977751013175084438e+01 9.715500013346630226e+01
0.000000000000000000e+00 1.999999999959285901e+01 3.370391179573998031e+00 2.336837572654896888e+01 2.093490476844683812e+01 2.093472824944252508e+01 4.090094331638057668e+01 5.628138216002215444e+01 3.984880061984976152e+01 5.628138245145327545e+01 6.471391985784146073e+01 4.394485071316659486e+01 3.020830578993106386e+01 2.411492900672197237e+01 4.326770223961787565e+01 5.518150123367443172e+01 5.663416912327893726e+01 5.162977027135144681e+01 4.025435465153170611e+01 2.021530756731999645e+01 2.238865214055614672e+01 2.684204345585635565e+01 3.840708508074061456e+01 5.874353822080578880e+01 7.365598660236501871e+01 6.378678788134428146e+01 4.391823263939577515e+01 5.549630020278291198e+01 7.511177509079834635e+01 7.098616261922683179e+01 5.171838789946512804e+01 5.567180349682545426e+01 4.000733535114355988e+01 6.012557009830007360e+01 7.654355751152679943e+01 8.802258439212565122e+01 9.123873636040593738e+01
0.000000000000000000e+00 1.390096093713827363e+00 2.138937562852732555e+01 3.165086603266119525e+01 4.090449765535871762e+01 4.090043427063825732e+01 4.911572010468385230e+01 6.691352035703137346e+01 5.896940824220133237e+01 5.622948690024840346e+01 4.523167107952757959e+01 4.016645737862580745e+01 3.187446946847813933e+01 1.878360522007271172e+01 3.749289139705032170e+01 3.404882735787657566e+01 3.283934520752931974e+01 2.698916264378381413e+01 3.249443542619381020e+01 1.637191464130739504e+01 3.641759174555762968e+01 4.700228152602691267e+01 5.541155387923598852e+01 6.714290201963387972e+01 6.603927790616717175e+01 5.933350568870222475e+01 3.947413028820427172e+01 5.358517288308070903e+01 7.324707968256431911e+01 6.980922202081256955e+01 4.981589300721169877e+01 3.561205916508165359e+01 5.567180326826720460e+01 5.646484407836656771e+01 7.059594228517997294e+01 9.045979237681277141e+01 8.306005802691630890e+01
0.000000000000000000e+00 1.936276272500760953e+01 2.945132230408025720e+01 4.282525332486591196e+01 3.437547977407720623e+01 4.166376350989322219e+01 4.414738431877670166e+01 5.204619619785876949e+01 5.448790825021016104e+01 3.905097100126050691e+01 1.959111800596987862e+01 2.516787645572779297e+01 1.256425909509965244e+01 2.724101919002492167e+01 3.013845366660651592e+01 1.972874361894683304e+01 2.901683999878457243e+01 1.256117618443412631e+01 1.252404477968820906e+01 3.249443542619381020e+01 4.477817230464104625e+01 5.962274286781116217e+01 6.785730639905845862e+01 6.604604378448129864e+01 4.628227841830731393e+01 4.987627942769772460e+01 3.548741195484922173e+01 5.529260670718360871e+01 7.107347135804354821e+01 6.281899119173196055e+01 5.280612525820357206e+01 3.278022479274566336e+01 5.280612315370689913e+01 6.280939866272117911e+01 7.106348441973362640e+01 8.104561844837292028e+01 8.216250129373554500e+01
0.000000000000000000e+00 1.425920204139682035e+01 3.467313342322422187e+01 3.151837886095271912e+01 1.345626369533170852e+01 2.597370257930217363e+01 2.484504559034779803e+01 4.400003044693471566e+01 3.570968669797802164e+01 2.797323368565043111e+01 6.356058640879588495e+00 6.713617968312174611e+00 2.039011566361391559e+01 2.505481158354488969e+01 7.860259977045662261e+00 8.183167926330755293e+00 8.506211835807942379e+00 8.829603194253508036e+00 1.896210118125076960e+01 3.435412637190187723e+01 4.466422958244107377e+01 3.846820376077533155e+01 5.962272496570416536e+01 6.386611398913345283e+01 4.411372501253222111e+01 3.024085370066555711e+01 4.989904868831175833e+01 6.341516405851617577e+01 5.947985701660938673e+01 4.280853921069811463e+01 4.648052556642202404e+01 2.996315954873761456e+01 3.602243459253080715e+01 4.270573218167869101e+01 5.281196886344097408e+01 7.280683124162395359e+01 8.789127920353797663e+01
0.000000000000000000e+00 1.993915642671674249e+01 2.145878039884427579e+01 2.093055762562288180e+01 4.722336357633989401e+00 1.063770755503006349e+01 3.014317963143357915e+01 3.404759752117470128e+01 2.827938192941750373e+01 1.708369466222518085e+01 6.167186527642700256e+00 6.275286972618903114e+00 6.901369327682472132e+00 7.403645481779266291e+00 1.977263735332390837e+01 2.533762862376895697e+01 2.727567721914201115e+01 2.777261702158346068e+01 9.292244191108350648e+00 2.944438253489337853e+01 2.168022013078381960e+01 3.846820378410482988e+01 5.962275909759685533e+01 5.923500213230128253e+01 4.657625558277056399e+01 2.697831156063471525e+01 4.657625558277056399e+01 5.947985701661374947e+01 3.942708112209982119e+01 4.310763053809555601e+01 2.624367641005142460e+01 4.041589265459528235e+01 5.590384946848674019e+01 6.280939946430350318e+01 7.106347327601609720e+01 8.104557684393243733e+01 8.259838078402803774e+01
0.000000000000000000e+00 3.157938476804552086e-01 6.316270702419299887e-01 9.475785141503688669e-01 1.263648369575298691e+00 1.712096793147388274e+00 2.333580523908186777e+01 2.779323515145006596e+01 6.409533182944353591e+00 5.711526435013097647e+00 2.548941818629481304e+01 2.217481720021561031e+01 2.883326118740116328e+01 9.391421564460067373e+00 1.572665355118437702e+01 2.804918674800143208e+01 3.482127629199222696e+01 1.972980386103181161e+01 1.782262535346143295e+01 9.756772610171958959e+00 3.316984157264191424e+01 5.033994058184593001e+01 5.107107764059555421e+01 3.812804186086025027e+01 4.235760922154491226e+01 2.377879465836688766e+01 4.339709207767268140e+01 5.758136506771853647e+01 4.294414903470018885e+01 2.271128314617472554e+01 4.242356644547381705e+01 5.442505148869641118e+01 6.727415919935637589e+01 7.458034960848762296e+01 6.629657577531328627e+01 6.629661508572108630e+01 6.263287685039920660e+01
0.000000000000000000e+00 1.411658381759673198e+01 1.725086536229557055e+01 1.995420916379293885e+01 2.130335858271633143e+01 1.704532666969423182e+00 1.933177854226757475e+01 3.201672082717824708e+01 2.554190988941492435e+01 5.392072955023953007e+00 2.512796604755214602e+01 3.899858966919717318e+01 4.507701123256507003e+01 4.088301374457398651e+01 3.482326916352644730e+01 2.660524500076045840e+01 3.488569967518925807e+01 2.103013989773077341e+01 1.605720801188357783e+01 1.008621888061259497e+01 3.187834061742825753e+01 2.807652358152577321e+01 2.989539662886359395e+01 2.532592566802356515e+01 3.605434016274121944e+01 2.063049476038121455e+01 4.033653578589022715e+01 4.418097281259612430e+01 3.161710898861857544e+01 2.053912109992884538e+01 3.292775401176733396e+01 5.648947718597700174e+01 7.235305930493701965e+01 6.302430039139900941e+01 4.627386691626957571e+01 4.627386692404363089e+01 6.629659979939484060e+01
0.000000000000000000e+00 1.104111130181244427e+01 2.682723668052213739e+01 2.965330703798415257e+01 2.151664522532366064e+00 5.396449866923554772e+00 8.209548790770263338e+00 2.946651726928232051e+01 2.537105987633312054e+01 5.074556217150352211e+00 2.454416364902933978e+01 3.803006792413897585e+01 3.945764364963325477e+01 5.668935696864159013e+01 5.308191870560951031e+01 3.732203807084190572e+01 4.272531503143429887e+01 3.484397548792511401e+01 3.214121133629733862e+01 1.780169601315422057e+01 1.055306084834167457e+01 1.116053264860766703e+01 1.176751293300510071e+01 2.314997038745726243e+01 1.624807253033720400e+01 3.418768598455930174e+01 3.483983706431794758e+01 1.790897728381498055e+01 1.776447385263733736e+01 3.740477022957957587e+01 4.943691826203617978e+01 6.397419252870538742e+01 5.301807558261635478e+01 5.473645988625076342e+01 3.468445899195295823e+01 5.473645988622163117e+01 5.936285625032882507e+01
0.000000000000000000e+00 1.892906358701584324e+01 3.443150664358141455e+01 2.760088522586622162e+01 2.470243872764096960e+00 1.492334669903770461e+01 2.304698241755423638e+01 2.504070981977407229e+01 2.452589632172416501e+01 4.758074394101008409e+00 1.231227076147998822e+01 2.112600365042871786e+01 3.436336365830065631e+01 5.238127025385128377e+01 6.604809763776137288e+01 5.907921690867289755e+01 5.866225187954380971e+01 3.996351630893199314e+01 2.864231340985569929e+01 3.059482033075781970e+01 1.094580408147191086e+01 1.991684077652720575e+01 3.098599756689549167e+01 1.262705426698179423e+01 1.324273148627846730e+01 1.387221372383040929e+01 1.450286651756614908e+01 1.513497050805135480e+01 1.576920552066736292e+01 3.613712419561699107e+01 4.539980706102375052e+01 5.613106566527216756e+01 3.953693537404364378e+01 4.917480862968398725e+01 2.911275744304202107e+01 4.186473041990235089e+01 4.259133997230810564e+01
0.000000000000000000e+00 1.513376251188743637e+01 3.245117166831497713e+01 5.651265721133423625e+00 2.787709089880995972e+00 1.795406627162619628e+01 3.677426592802419680e+00 3.995783720155372531e+00 4.312106947665635737e+00 9.520344397861471464e+00 1.210110489381543886e+01 1.794104273062455945e+01 3.653579258653341810e+01 4.422353648735692389e+01 6.129170159834075093e+01 5.852957703407176382e+01 4.904415213836448117e+01 4.626398519895622030e+01 3.983142660224024212e+01 3.115993248467340848e+01 1.133821312642965751e+01 1.932778079867797416e+01 1.771998797064841114e+01 3.424995207553504173e+01 3.363360313691586612e+01 2.834525541493945511e+01 2.893164909889163994e+01 3.548239369142140731e+01 3.613710902428412197e+01 1.671640336503343960e+01 3.709310775323584863e+01 3.882032192623755407e+01 2.825266007180246675e+01 4.013910446474918814e+01 3.953257771138518706e+01 2.159765527760668036e+01 2.237194927951319556e+01
0.000000000000000000e+00 1.498734337181625698e+01 3.237274725185639568e+01 3.012356622365342673e+01 3.144868905566026385e+00 3.227621879171627572e+00 8.353536656021123719e+00 1.897870298401211286e+01 4.690737958609211944e+00 1.876149924953880443e+01 3.073992372968099218e+01 3.653472609834594209e+01 2.743053088358035296e+01 4.009368020718143555e+01 5.791865504662690256e+01 4.889863872502734665e+01 2.952094823822910286e+01 2.063502580236035300e+01 3.177724910335011543e+01 1.189251449112014569e+01 3.068107035457948584e+01 3.461601844480667722e+01 3.657876952958677919e+01 2.275944428105970729e+01 4.188049113522838240e+01 4.907597062209988081e+01 4.910397546015745718e+01 5.136150254862655373e+01 3.173624098945112593e+01 2.369785590000939735e+01 1.767772774129900526e+01 1.836332306797333658e+01 1.907406856274632290e+01 1.979404845975244953e+01 2.052242351212498761e+01 4.084564357282004465e+01 4.259139205334870582e+01
0.000000000000000000e+00 1.999999999999964473e+01 3.382017659645221386e+01 3.756170154663930560e+01 3.142049945277445389e+01 2.461974312285316202e+01 8.443873894486301879e+00 1.129843729912601802e+01 2.478960702194489585e+01 1.378697651659259193e+01 3.452068595597324929e+01 5.079311278146904129e+01 4.531348026326402589e+01 4.522756931538324920e+01 5.402045357369327405e+01 4.001771480285938054e+01 2.081846829207809080e+01 1.283824104313215386e+01 1.244699707921739318e+01 1.386408476798365541e+01 2.864938243639301518e+01 4.830380347094228455e+01 4.997050897896352240e+01 4.188050121286212857e+01 2.827153790929069643e+01 4.774797174786035470e+01 6.302153943871973496e+01 5.965568873154614238e+01 5.075345313630438682e+01 4.409945353851433225e+01 3.781821794676809390e+01 2.142685669331719467e+01 3.942567331342598891e+01 4.013914494847631431e+01 2.338299409583072475e+01 3.131974398190145337e+01 5.456166819742074381e+01
