MOVIE_S1_data/elevation_000887.asc
nrows	100
cellsize	150.0
xllcorner	0
ncols	100
yllcorner	0
NODATA_value	-9999
[rows 51 to 67 of 100, columns 37 to 73 of 100]
8.613808223890515592e+01 7.409327695566925343e+01 7.993148942708064908e+01 7.724240399368957810e+01 9.784584364954406510e+01 1.160878424132985032e+02 1.188378462640256288e+02 1.105236856338648579e+02 1.105236856338648579e+02 1.129946599526775941e+02 1.132442825505034705e+02 9.342155667324151125e+01 7.907828483740483705e+01 8.756094648376691225e+01 6.791594324847777386e+01 7.191662035643049933e+01 8.639715841495370796e+01 1.066110565407629309e+02 9.912874843058419572e+01 7.886237302199334920e+01 8.479825694909727929e+01 7.579327693568534130e+01 5.543650112949061537e+01 7.201311861658777502e+01 6.452063205687827008e+01 8.490652712579363026e+01 8.423964360073250646e+01 8.834618901473095320e+01 7.501281022901113715e+01 5.519542845316399138e+01 5.292154892352991880e+01 5.364980971329154613e+01 5.438099663055356103e+01 5.513301004480176459e+01 7.552867408426854468e+01 8.465946832622850593e+01 7.436860378533368987e+01
1.017310255332505875e+02 8.595044222191584993e+01 6.516703839873723325e+01 7.537508091901052865e+01 8.737418061865233199e+01 1.077762364423867325e+02 1.105236856338648579e+02 9.009513740826795924e+01 9.009513740826795924e+01 9.261018038618948367e+01 1.069546394205864317e+02 1.073840037026921692e+02 9.922520841376767464e+01 9.425160201383724257e+01 7.387172249509329447e+01 9.231767210178924188e+01 8.488411281074725423e+01 1.051090377896835832e+02 1.074591151898338524e+02 9.912874843058419572e+01 9.099786104460625324e+01 7.851835005460598893e+01 5.812577012971513568e+01 7.254861825436186962e+01 8.490699945263519055e+01 8.490699927762163668e+01 9.439348839822706339e+01 7.399150815474625631e+01 5.984235397298360226e+01 7.501281024580858059e+01 7.325234562094037472e+01 7.290191380688345646e+01 5.756841109290502345e+01 7.311087046972889425e+01 7.201188366481068215e+01 9.244878469755761330e+01 8.730843390980970753e+01
9.334980451636218390e+01 7.267834480019965326e+01 6.064768228143017126e+01 7.537508091902439844e+01 9.599710410071615740e+01 1.064613635911904339e+02 1.014967520441654045e+02 9.308845615270627150e+01 7.538287321813838560e+01 7.793194613407192151e+01 8.994682819086752090e+01 1.103746846403052189e+02 1.107418305858860492e+02 9.056252686467031765e+01 8.167559727704576744e+01 1.019154393255742832e+02 9.921588647990583354e+01 1.134134015655412639e+02 1.083441350623310768e+02 9.665612935410790385e+01 8.260970069359660783e+01 6.215294750409727698e+01 7.851835005460598893e+01 8.691857407401684554e+01 1.012885298934714911e+02 1.051807522769450003e+02 9.556044372206677906e+01 7.511918304114711020e+01 6.334195575120299537e+01 8.375873626627983981e+01 8.284384216508898646e+01 6.275653457979188943e+01 7.766420766986435353e+01 6.767344842700489949e+01 8.750180388312266189e+01 1.009548126161274553e+02 1.038081359965930659e+02
7.936323579860182065e+01 6.732264701320873712e+01 5.695377784658963805e+01 7.768518766139175113e+01 9.465787961661889938e+01 8.595539368661358992e+01 8.595539368661358992e+01 7.237329577491320265e+01 6.747552202682973643e+01 8.825630117716356438e+01 1.069546394205864317e+02 1.186882934974081110e+02 1.190557425016933024e+02 1.102390917107724562e+02 9.341000203014300496e+01 1.102390917107724562e+02 1.193363636068657883e+02 1.157942779047434243e+02 1.000088034800247527e+02 7.971448496644714510e+01 6.780450881169527122e+01 8.260970069359660783e+01 6.860860420054713416e+01 8.908486193898103522e+01 1.044073431709827986e+02 1.144811388887317776e+02 1.039009056809101139e+02 8.796241790305805353e+01 6.736805333359990300e+01 8.796241790306379471e+01 8.663604614758737910e+01 6.657902660505780545e+01 8.663604614758702382e+01 7.665359215080617616e+01 9.545081537961226559e+01 1.072307988267219656e+02 8.682970737906997272e+01
8.889696709204942238e+01 6.822116168527520585e+01 5.358680357742922951e+01 6.552393607955812627e+01 8.623382458720031707e+01 8.407809710628072253e+01 6.519518761238300897e+01 6.035014863954491915e+01 6.820706893824113592e+01 7.866234167146551215e+01 9.333082519628671037e+01 1.137026776026214492e+02 1.213137601249895283e+02 1.187253167836002916e+02 1.135340827406907920e+02 1.218494457924136327e+02 1.216857917485941840e+02 1.015728482219877122e+02 8.731006756919505563e+01 7.704976444142391756e+01 7.403954388722335977e+01 9.444406903637445794e+01 8.908486193898103522e+01 7.570552213271106723e+01 8.598820338452486567e+01 1.061512498416493173e+02 1.041625827097806365e+02 8.390299653098992394e+01 7.188547269271198559e+01 9.247228182752307646e+01 9.062660269553950343e+01 7.068465758160672863e+01 9.062660269553950343e+01 8.787464331425091757e+01 1.040476369310025149e+02 1.156315828025875589e+02 1.013314141216776392e+02
8.574393632704126844e+01 6.506503484763275935e+01 5.046909016529420455e+01 7.112174486346297897e+01 7.920652004657156908e+01 7.068997100308115478e+01 5.484863474802597239e+01 7.557529064949824260e+01 8.897997214611810080e+01 9.741267821630981416e+01 1.076675777915099559e+02 1.154809617709545222e+02 1.015805891609878415e+02 9.894149719105823237e+01 1.128691488638683467e+02 1.127602683168219500e+02 1.208579899518299214e+02 1.116293199852909339e+02 9.148753930382173394e+01 9.738693028025183196e+01 8.095349292871325986e+01 1.011893570901897874e+02 1.021648353528447899e+02 8.194964595595823198e+01 1.021648346765287414e+02 1.144811367306090801e+02 1.124812321568746967e+02 9.757589989830761112e+01 7.716052279374176237e+01 9.757589989830761112e+01 9.483140064252393131e+01 7.512205364116816497e+01 9.482983164686845612e+01 1.070566292334493141e+02 1.151931425287268951e+02 1.120584936246303442e+02 9.190202459889438558e+01
8.272760853856152607e+01 6.205412135671632967e+01 4.747944081337910660e+01 6.810924556150565934e+01 7.068997099981960730e+01 5.001745139303893239e+01 7.068997100308115478e+01 8.407809710628072253e+01 9.770766969975592531e+01 1.053276241928138148e+02 1.131027721064336191e+02 1.073603011220305348e+02 8.726450169801908885e+01 8.456515942121761498e+01 9.865429261020034346e+01 9.281140616201216176e+01 1.127602683168219500e+02 1.199596382206549805e+02 1.116293199852909339e+02 1.087825410740225323e+02 8.869286459360425567e+01 1.087825410740225323e+02 1.104927597003832744e+02 9.367470043603289298e+01 9.627886429248152922e+01 1.163748265145098770e+02 1.140331777878754167e+02 9.387721109556119359e+01 8.376018177524375119e+01 1.039644685432846671e+02 9.999723441296127646e+01 8.067065791533605079e+01 8.779771699661627338e+01 9.886125934694351258e+01 1.182435382166815288e+02 1.203473047588707345e+02 1.036189124789560196e+02
7.983274130174694960e+01 5.916790453078527179e+01 4.458592618094714055e+01 6.522049508888682112e+01 6.310571696201867553e+01 4.680496100916607105e+01 6.141991269159548494e+01 8.244206703302997141e+01 7.896070796563957117e+01 8.688410629607616897e+01 1.053276241928138148e+02 1.083734369533778192e+02 9.465059732181106256e+01 7.420421852557102227e+01 7.831727698014218220e+01 9.281140616201216176e+01 1.127602683168219500e+02 1.118573181232163734e+02 1.199661127944169579e+02 1.171125942152866060e+02 1.028944763183304900e+02 1.171125942152866060e+02 1.220955041719582965e+02 1.137625753304030383e+02 1.163748265145098770e+02 1.247066551100034246e+02 1.223383339251144122e+02 1.110668237440892483e+02 9.097735044773622803e+01 1.110668237440892483e+02 1.054786348035803201e+02 8.649899316477181799e+01 1.054788290841965619e+02 1.153056980443472384e+02 1.270047680442553713e+02 1.318970026910829745e+02 1.237550302751629090e+02
7.704629520166606937e+01 5.638723036379777653e+01 4.177130504629026575e+01 5.888649103479043134e+01 4.243214594852898358e+01 6.310570449149443562e+01 7.598289912847828020e+01 7.779920755974050905e+01 6.759200292530832144e+01 7.896070796563957117e+01 9.770766969975592531e+01 1.002022191619305289e+02 7.990883016377043191e+01 6.799713593268340617e+01 8.848578479513103900e+01 1.003246690456611532e+02 9.773276531451141125e+01 9.188218397869090381e+01 1.118573181232163734e+02 1.262038200029025177e+02 1.229975868630813096e+02 1.215862106071891020e+02 1.134631963363248133e+02 1.215862105418114965e+02 1.202921600979189520e+02 1.121967383761227381e+02 1.202921600980731967e+02 1.193753787273235361e+02 1.051662032073948154e+02 1.110618533858331602e+02 1.135731582876515091e+02 9.744722367115892325e+01 9.847839344550740748e+01 1.117908465003754941e+02 1.315553757130724080e+02 1.319856030165954053e+02 1.219218592038503317e+02
7.332290950340134827e+01 5.972444326421496896e+01 3.902688485404280527e+01 3.816912901131856728e+01 5.882966090731301989e+01 6.818142424131437451e+01 7.058889523340570804e+01 5.804086156381065820e+01 6.815790416883447733e+01 7.950954954425215249e+01 9.827440570821529775e+01 9.865735682009334084e+01 7.835784634952108263e+01 6.389837866586199056e+01 8.430355206295892856e+01 8.008150537898028176e+01 7.742936338475482216e+01 8.657616355776876560e+01 9.830794569497474811e+01 1.181235681417723669e+02 1.210800783025812564e+02 1.116650264056983559e+02 9.352486449261616031e+01 1.116650264056983559e+02 1.103815299720846070e+02 9.226066502719825735e+01 1.103815299720846070e+02 1.231033270265404553e+02 1.253121818698106722e+02 1.311529931017619504e+02 1.247592562641718814e+02 1.164739705144377950e+02 1.175491264860642531e+02 1.258994245149175839e+02 1.379537314985308853e+02 1.177545820018864475e+02 1.034520343879236179e+02
6.965098934056281621e+01 6.788828384044936115e+01 5.551804365409608266e+01 3.531594106386453547e+01 3.870401804876991747e+01 5.930663253439318083e+01 5.055832449827516228e+01 5.970546326845273910e+01 7.129822204923536333e+01 9.045029182950146662e+01 1.059297902618041434e+02 9.482135333572672664e+01 7.449339206817199965e+01 6.018697547103771228e+01 7.939912129600622848e+01 6.563267331890911294e+01 7.205366637937274277e+01 8.393950569014829455e+01 1.041118071371909224e+02 1.152254228716543452e+02 1.012567328191765768e+02 1.034940304142893694e+02 8.327072926274874476e+01 1.034940304142893694e+02 1.022284300117675286e+02 8.199642756325897608e+01 9.507540628239790692e+01 1.136568428219773068e+02 1.164632259103788385e+02 1.205717384999134651e+02 1.250724675302325863e+02 1.271981743260167548e+02 1.352584709882481491e+02 1.444970776856389705e+02 1.408970375599758711e+02 1.206223077898555545e+02 1.062906558838308229e+02
6.620054815492380840e+01 6.888357272025274369e+01 4.801481659803278745e+01 3.350599876606718652e+01 5.402456395162434433e+01 4.433740526941991789e+01 5.617139973561583588e+01 7.583894186516803870e+01 8.719059729745767129e+01 9.815471437889857498e+01 9.952209301761142513e+01 9.131284914373692629e+01 7.680846559117138383e+01 5.670562433073402531e+01 5.920050727591652162e+01 7.939911924659679698e+01 9.246532346614688436e+01 1.006957706399220314e+02 1.122558834542423227e+02 1.070628562854619759e+02 8.692532718180781615e+01 9.432676460236679361e+01 7.632950506057346729e+01 9.466332382062752515e+01 8.636327222061107989e+01 7.463759559609739824e+01 8.535913021643767706e+01 1.055107836133404788e+02 9.666027676440869243e+01 1.008673098793827734e+02 1.054534139520277165e+02 1.076023643709195596e+02 1.168942679430069518e+02 1.318968375537499753e+02 1.416461352724693938e+02 1.291914168694499097e+02 1.089205630095400323e+02
7.280305799150610824e+01 6.417651548052329247e+01 5.239110630638050026e+01 3.196598005766809081e+01 4.013276779598091792e+01 6.030933817581033196e+01 7.243331868835274179e+01 8.362176105716432062e+01 8.327964264360819868e+01 8.546941383755235222e+01 7.954826708469161645e+01 7.093216535510687493e+01 7.330891801728765245e+01 5.332191922266931527e+01 6.956508223383563916e+01 7.788663105099358575e+01 8.951123665286812070e+01 1.060851083090295504e+02 9.789638244388874000e+01 1.060851083090295504e+02 9.432676460236679361e+01 7.387374042359998327e+01 6.975056086920324105e+01 8.294215693077370588e+01 6.580193806169695847e+01 6.848599353429025882e+01 8.905896737534671104e+01 9.685938406460294914e+01 8.226539627977632563e+01 8.660056127931835590e+01 9.131808564979593257e+01 9.716771662636622864e+01 1.042245425035722519e+02 1.140709571576173147e+02 1.335761767019452861e+02 1.375153944450378845e+02 1.291914168694499097e+02
6.377878771977364636e+01 4.279419296069220735e+01 4.842964067826362395e+01 3.047461231051124386e+01 5.069290431427327803e+01 5.455248817958342045e+01 7.421236254692873047e+01 7.720012214674530071e+01 6.280429007205466974e+01 6.504044706371752227e+01 5.903115182935121652e+01 5.903112971938189446e+01 7.430630697829896292e+01 6.603860044164186149e+01 4.961634249086651494e+01 6.103714462703686650e+01 8.121447017838971760e+01 9.603139378292615902e+01 7.764890943892714859e+01 9.603139378292615902e+01 9.705568771657567595e+01 8.410025251298341686e+01 6.358524061039134523e+01 6.245364490704240978e+01 8.294215676925522018e+01 8.905896735415379339e+01 7.256513106031252391e+01 7.645939793385149130e+01 9.685938403397578611e+01 1.066386034038735744e+02 1.111997017046217593e+02 1.168942661197047386e+02 1.238235669297812791e+02 1.318968375537499753e+02 1.416461352724693370e+02 1.516279356831891221e+02 1.315737920039060214e+02
5.339961095321267237e+01 4.622529628656231182e+01 2.836224844937272493e+01 4.842967220012842944e+01 5.916081451645933953e+01 7.421031979765704989e+01 8.202449958008133990e+01 6.859263221074725436e+01 4.829274684726014755e+01 5.584300938633527522e+01 4.447195872081283596e+01 6.503958101473334352e+01 6.603638674971067246e+01 4.603222270376386405e+01 6.603747426100393625e+01 7.787990435151976953e+01 8.591543500104670272e+01 7.760265997848570407e+01 6.743267401603382893e+01 8.777264594113540852e+01 7.674908709325335110e+01 7.674908710014314295e+01 5.927108603608081694e+01 7.962383613150679196e+01 9.127237311659199293e+01 9.307123259999984555e+01 9.306850212550027379e+01 7.935783628941446466e+01 9.959632720473655354e+01 1.126281210574008327e+02 1.189491407520326902e+02 1.264321126752011253e+02 1.345496137984773668e+02 1.428261966459485848e+02 1.349226435039882119e+02 1.439389202919109039e+02 1.400496704315878276e+02
4.372467065160225275e+01 2.624437526699203005e+01 4.622327113803302723e+01 4.832210768397205669e+01 4.866956918980667979e+01 5.712683929550613726e+01 7.156620096571897705e+01 6.166332568934051750e+01 4.631129001217905028e+01 3.532939761131925849e+01 5.583357325582499442e+01 5.851122917148452984e+01 6.218102611444421512e+01 4.355452647128096544e+01 6.259036228860333040e+01 6.385011719069505176e+01 7.219009012320273655e+01 5.740115810155378995e+01 6.899784187073150576e+01 7.731866294391343786e+01 7.674908683284684230e+01 5.654565301551443213e+01 7.674908710014314295e+01 8.797636031849070548e+01 1.034954281768463602e+02 1.130327060046880092e+02 1.077283907056817469e+02 9.380034307083833767e+01 8.718436644893263576e+01 9.307555179931988221e+01 9.974269692084595818e+01 1.089894194657972548e+02 1.257216036640418366e+02 1.322875989052163277e+02 1.131466355748257087e+02 1.325659952681443485e+02 1.482367066647852312e+02
2.410991057623639833e+01 2.692212609563936709e+01 4.486744389814630551e+01 2.736765209987397540e+01 2.829678776861513967e+01 4.266356275831171985e+01 5.841878386464373563e+01 5.281435609250616636e+01 3.384489771937237634e+01 5.432132075588076958e+01 3.686211404539243119e+01 3.795549075773438119e+01 5.116896952048605840e+01 4.111277717534920839e+01 4.239151842654351299e+01 4.368179797269014131e+01 6.385368571095739298e+01 6.657058202691456472e+01 4.894993322585062145e+01 6.899332988202128547e+01 7.260814007998740749e+01 5.467499350332695229e+01 7.431618070477183835e+01 7.505284338565455471e+01 8.927413823143348282e+01 9.923457140632785922e+01 1.073540975217128732e+02 1.135890707080910147e+02 1.070382530974306690e+02 1.126281210642907240e+02 1.189491407277013337e+02 1.264321126628170617e+02 1.345496137984773668e+02 1.236525804677349072e+02 1.029630136149125264e+02 1.236525804677349072e+02 1.295069179298692745e+02
