MOVIE_S1_data/elevation_000863.asc
nrows	100
cellsize	150.0
xllcorner	0
ncols	100
yllcorner	0
NODATA_value	-9999
[rows 0 to 16 of 100, columns 37 to 73 of 100]
8.734868068252224305e+01 7.905955503941885354e+01 7.647846255344951771e+01 8.475988739574353303e+01 9.596017033178314648e+01 8.776892867046892377e+01 9.596017033178314648e+01 9.290845196624111679e+01 8.471510333580671670e+01 9.290845196624111679e+01 9.839419432599754600e+01 9.251684413016607778e+01 9.252706171751012221e+01 1.008188437052180717e+02 9.508647359379361319e+01 8.677827539229267018e+01 9.508647359379361319e+01 1.002905934199506675e+02 9.198937908115588868e+01 9.198937908115368600e+01 9.198937908115368600e+01 1.002905934141007549e+02 1.028285885222949361e+02 9.441683879348511255e+01 1.028285885222949361e+02 1.140426978139401513e+02 1.058049648459068948e+02 1.058049648459068948e+02 1.116680800000632843e+02 1.109406719469333211e+02 1.026151351699592453e+02 1.052660793184515171e+02 1.135665675019099012e+02 1.206675364460140969e+02 1.124662051940281771e+02 1.124662051940281913e+02 1.105070603581353055e+02
7.905955503941885354e+01 5.954592684885867726e+01 5.704982982955174720e+01 7.344730376569035002e+01 8.610729255205785648e+01 6.809202356279882906e+01 8.610729255205785648e+01 8.307519907167386464e+01 6.509581275475838424e+01 8.307519907167386464e+01 7.826105144215060250e+01 7.235610876839537298e+01 7.236343180447332202e+01 8.920197044229395544e+01 8.501871895536278601e+01 6.661056328916657776e+01 8.501871895536278601e+01 9.198937908115512130e+01 7.185546698296320756e+01 7.185546698296320756e+01 7.185546698296320756e+01 9.198937908115368600e+01 9.263043054360109352e+01 7.398384187291021874e+01 9.263043054360109352e+01 1.058049648459068948e+02 8.525009856160309596e+01 8.525009856160309596e+01 9.127037443283340679e+01 9.901365132263828173e+01 8.175453848344275798e+01 8.448447729586773391e+01 1.052660793184515171e+02 1.124662051940281771e+02 9.243730594707726311e+01 9.243730594707727732e+01 1.023117377535852768e+02
7.817304038615951356e+01 6.526133622032071457e+01 4.617868542972723134e+01 6.526133622032071457e+01 7.793047611663382668e+01 5.850669489303348314e+01 7.793047611663382668e+01 7.490545804528251495e+01 5.558492935079854647e+01 7.490545804528251495e+01 7.759000321534084321e+01 5.814582935745863068e+01 6.075857582633766896e+01 8.088558455937827318e+01 7.669441934072960976e+01 5.658894816484207979e+01 7.669441934072960976e+01 8.867420259013766781e+01 7.775255330470565696e+01 5.767675676923666828e+01 7.775255330470923809e+01 9.172198015706814545e+01 8.420034033319763012e+01 6.383807594052563417e+01 7.778635585319231893e+01 9.977779916754869305e+01 9.127047950989283720e+01 7.065643171786659593e+01 9.127037443283340679e+01 9.056737357795705634e+01 6.974198560233750754e+01 9.057126760436233326e+01 1.001126998480341541e+02 1.119735298123724050e+02 9.830363471680708187e+01 7.815208687269200993e+01 8.822786079474325049e+01
6.996274028127909617e+01 5.065763336375588466e+01 4.037118652872155877e+01 5.950770052234096852e+01 7.145588237543374532e+01 5.227384375179644849e+01 7.145588237543374532e+01 6.846528181378785405e+01 4.939936873842162868e+01 6.846528181378785405e+01 6.926525064937531795e+01 4.919491894414614563e+01 6.167937844779614665e+01 6.919184319971796526e+01 6.999259509804184631e+01 4.992049230567119622e+01 6.025002403711056331e+01 8.036193949056801955e+01 7.218452916590673851e+01 5.212665446603477903e+01 6.331825289637647103e+01 8.341245773450756928e+01 7.717077500012227631e+01 5.674372533910654681e+01 7.158898874168525595e+01 9.368734198098793797e+01 8.375821250749686442e+01 6.468879466790467347e+01 8.505506573362772826e+01 8.428871841294021294e+01 6.375767239384190788e+01 7.098826967487477191e+01 8.292054847383046479e+01 1.036612260946956354e+02 1.024517555705527343e+02 8.233613066884402087e+01 6.810348607132765153e+01
5.517881943983727666e+01 4.448852895579908306e+01 3.486687836108620075e+01 4.840816999960742351e+01 5.648078474278146643e+01 4.691525749192021522e+01 5.846481796205298309e+01 6.296142679058351632e+01 4.404638574899471593e+01 5.581223496251212168e+01 6.383054663728299971e+01 6.167937844779614665e+01 4.159078853490279926e+01 4.909775612111590704e+01 5.705298141243972054e+01 4.385985893209447539e+01 5.805088872336160932e+01 7.815971756377751944e+01 6.700560818771216987e+01 4.693058886881221525e+01 6.112089257645007478e+01 8.121256842712975299e+01 7.165393804096629538e+01 5.142720922424702223e+01 7.165393804096629538e+01 8.685159232174937927e+01 7.956034233518059295e+01 5.954105829906906422e+01 7.956645616545844746e+01 7.859582291209660809e+01 5.841945773891133342e+01 7.859582291209660809e+01 9.021665651048617462e+01 1.004915964750081372e+02 1.082906750290289040e+02 8.822786079474951748e+01 8.820761292409750354e+01
6.997391293015519409e+01 6.228701273257125592e+01 4.840816999960742351e+01 2.875753056502566452e+01 4.840816999960742351e+01 5.846481796205298309e+01 3.955121000327369529e+01 5.177784774012226876e+01 4.967302963220884493e+01 3.689006664299834171e+01 5.581225652307709595e+01 7.000110713478603941e+01 5.498318202568741242e+01 3.479112383010345155e+01 3.689421849891594718e+01 5.705298145928848896e+01 6.776015872350367886e+01 7.561378767693696545e+01 6.272559968806998398e+01 4.260824735371627980e+01 6.272559968806998398e+01 7.893243532555140973e+01 6.670588081039254291e+01 4.653696101910416161e+01 5.814028479624217027e+01 7.842095032640786201e+01 7.474555115334817401e+01 5.493884477364179020e+01 7.474555115334817401e+01 7.419299353493939009e+01 5.428593901959662560e+01 6.146866430537944126e+01 7.142967757421565977e+01 9.207757637613276813e+01 9.892464410483870552e+01 8.732558638774429483e+01 7.899347614605827061e+01
5.900610866454464087e+01 5.838020447505770960e+01 3.895407670075148587e+01 2.485250727597352238e+01 3.895426908087763707e+01 5.839222659582453190e+01 5.177414063556422974e+01 3.267059389727326391e+01 3.046899192119741429e+01 4.967308256963038815e+01 6.382874773444265060e+01 6.619449007318152667e+01 5.067822079802423474e+01 3.036429833172426029e+01 5.067822082728271482e+01 5.414969855097108109e+01 4.843446220153549575e+01 6.773756620057166344e+01 5.870212922119922183e+01 3.853637303101422873e+01 5.021953482425151094e+01 7.047539100142228108e+01 6.237737510707166422e+01 4.207165871664210499e+01 6.237737510707166422e+01 7.538561487169131681e+01 7.034100487594369611e+01 5.069063473899649352e+01 7.034581567761031806e+01 6.525942317038750673e+01 5.032258244741325370e+01 6.146866430537943415e+01 8.175362697517422816e+01 1.004915964750081230e+02 9.062757396684310152e+01 7.051298098025678485e+01 5.899527770833515916e+01
4.701254179540466538e+01 3.951538614833972929e+01 3.670648772612686628e+01 2.134317585027104869e+01 4.115958252804755091e+01 4.103183004717551796e+01 3.944065175715744687e+01 4.138289245273711714e+01 2.612133654939627547e+01 4.556611440056227735e+01 5.487762474268426161e+01 4.734937203854852328e+01 4.761096412947340895e+01 2.732212592578740029e+01 4.363851052359220972e+01 3.425671977120043721e+01 5.388964495320338699e+01 5.409522907855878060e+01 5.011834842780821475e+01 3.481530978229981343e+01 4.908043613522959703e+01 6.875919145202965410e+01 5.829234771122099801e+01 3.792749307272251258e+01 4.680609945775277936e+01 6.108323503334268878e+01 6.627138325246625072e+01 4.667164442817912118e+01 6.075917427403646087e+01 4.564325734652612709e+01 6.525942317038750673e+01 7.848033783848296707e+01 9.021665651048617462e+01 8.682676266724664060e+01 8.611146673836978493e+01 7.781595496044684523e+01 6.744946863761231270e+01
3.834473111348813035e+01 1.616770961657889316e+01 1.664069566403565403e+01 3.388949737733668144e+01 3.766853353175188346e+01 1.843878088273148208e+01 1.890255557138000242e+01 2.177365723345592130e+01 4.008244279996764448e+01 4.105103914400489629e+01 3.532895914558449135e+01 3.325326829410886376e+01 4.233580454389491621e+01 2.666633290812200130e+01 2.323543361565135612e+01 4.294432606773455774e+01 4.486634852968717269e+01 3.252673799049714631e+01 2.986165797190750837e+01 5.010750072453839721e+01 6.312598940816086213e+01 6.242883158252363529e+01 5.177867764362130032e+01 4.975782454121860354e+01 3.295819401885874100e+01 5.257484007728793074e+01 6.480857766784116336e+01 5.736948669696247549e+01 4.110840693225033959e+01 6.075917427403646087e+01 7.365142656809781840e+01 8.609073082846595071e+01 8.093841326170625905e+01 6.674857003963560942e+01 7.781595720667526450e+01 5.782138174571260691e+01 6.367765417982136711e+01
1.549460983446060602e+01 2.013331627842637062e+01 3.525208069403339550e+01 1.730905204309574330e+01 1.777780706806240829e+01 3.325227330611022580e+01 3.614250244409688406e+01 1.956455988765970488e+01 2.003323423347238119e+01 2.050961809509498224e+01 2.099181484232995132e+01 2.148190266467403475e+01 2.198054939646076278e+01 2.249542001828821469e+01 4.128523077447301404e+01 2.399797542983952425e+01 2.454053562202145855e+01 2.508557619299013552e+01 4.548877340958662074e+01 5.185173856269849324e+01 5.685833749691056482e+01 5.028796505602419131e+01 2.885597950928020339e+01 2.944047945634531871e+01 3.002783605738246919e+01 3.898713168636822957e+01 5.628209615693474888e+01 3.760442755985371832e+01 5.719466258969175954e+01 6.823406389085111812e+01 6.520125982457467728e+01 6.520126548281417911e+01 7.231956057622937806e+01 5.280554829604677280e+01 6.005848674366667694e+01 6.154936270731784731e+01 4.388801776758866424e+01
2.107614879995747614e+01 3.524670198528622933e+01 4.334343101481783833e+01 3.592853482367952722e+01 3.251555351382519632e+01 2.280613914021524025e+01 4.204418630752342523e+01 4.065828342350319957e+01 2.364440235962048575e+01 3.562187090797240785e+01 3.985401788607300233e+01 4.199050270482129577e+01 2.531327508421811601e+01 2.245489434442811927e+01 4.860114902489835487e+01 3.885954015078091572e+01 4.496631780881094897e+01 4.514354194439707868e+01 2.587042977420353651e+01 4.383484553753898183e+01 4.752046135994311271e+01 2.803417383063193213e+01 4.180819895674922293e+01 4.948928649322802897e+01 5.027055042179424760e+01 3.087192239400757643e+01 5.113007569370878258e+01 3.516689419112488935e+01 5.386120859062566524e+01 5.654512091738764212e+01 4.485636594392031640e+01 6.139894765588513792e+01 6.447133343617558410e+01 4.690788564068285638e+01 3.970905774432282698e+01 4.160832090382594117e+01 5.569920392454475433e+01
1.955704175321231730e+01 2.808746067736294805e+01 4.044278189885311292e+01 5.517226801749051646e+01 4.553216977047229364e+01 2.659853544758891530e+01 4.574679226590856018e+01 4.761639145489679947e+01 2.744066211300851421e+01 4.730460267832348364e+01 5.806277336819302803e+01 4.827843731216371026e+01 2.770308173114541006e+01 4.774116902801596751e+01 5.905087734712741110e+01 6.095815058631343675e+01 6.053936272175686639e+01 4.036886100115087572e+01 4.576907303109331338e+01 2.665987746465277652e+01 2.722025426399067882e+01 4.303106790793811598e+01 4.248727307884244198e+01 5.885167472177302272e+01 5.346828909474880476e+01 3.361712657343564103e+01 3.173620286813736868e+01 4.696834589267061943e+01 5.296827122204653904e+01 3.414034666453432010e+01 3.476397454992673630e+01 5.258761141528807315e+01 5.614060161658640880e+01 3.726435129812391267e+01 5.793993565746395547e+01 6.154934963784070590e+01 6.983502674722937797e+01
2.300402180110015848e+01 4.198791226571594848e+01 5.280204529767118515e+01 6.506643073037014346e+01 4.953145286153380766e+01 3.066632651311532953e+01 4.953145286153366555e+01 5.156178129227545526e+01 3.148999297166863798e+01 5.156178129225422424e+01 6.517024133029946142e+01 4.827962149672883641e+01 4.827975379742728990e+01 3.238256625631345287e+01 4.678694467647806476e+01 6.708181847539010789e+01 6.889459175358449272e+01 6.055975641966243472e+01 5.687948101656301247e+01 4.731208231932592412e+01 3.003777232918206863e+01 4.586916779470347194e+01 5.858426369746090501e+01 5.736725316335184033e+01 3.752662218385390247e+01 5.360662723360432125e+01 5.043566738543199079e+01 3.262626244963731637e+01 3.325419137630481003e+01 4.665419476843224800e+01 5.388556225294477287e+01 3.564281369202642935e+01 3.626276345007244828e+01 3.694309165915703375e+01 5.699626202828817867e+01 6.620194983854928239e+01 6.828094254937361995e+01
4.305810075419567085e+01 3.053323091185615468e+01 5.163967615465767835e+01 6.790623385232221665e+01 4.845305330119517606e+01 3.496793839909650359e+01 5.349278766729187851e+01 5.970393604130946841e+01 5.156178129227559026e+01 3.781527520986858093e+01 5.772334621964287038e+01 6.857047723735794875e+01 5.602286936930385508e+01 3.573151113397977952e+01 5.007833086165362602e+01 7.037425485652232737e+01 8.821538021307218003e+01 6.802057701784288213e+01 5.354751322020169368e+01 5.275958725174705677e+01 3.274295369651304810e+01 4.141040849647609434e+01 6.174957313782243773e+01 6.008313294026697804e+01 4.031421867635662437e+01 6.008313074869401760e+01 6.303989838042628691e+01 4.790509681542639697e+01 5.350065553094498227e+01 4.339885320179781303e+01 5.358259003199680848e+01 5.540497295980120640e+01 5.630462899536129839e+01 5.699529060981933526e+01 3.790421617176070868e+01 5.794280337972183759e+01 4.769114351385792361e+01
6.009308112861332773e+01 5.163967615465767835e+01 4.104119519965209406e+01 6.211085364437118983e+01 5.801795682351472294e+01 3.999641593604300738e+01 5.005964788694758028e+01 6.826720044928470088e+01 6.238718131486757557e+01 4.260019316174201975e+01 6.238718479610658818e+01 7.121667685066442743e+01 5.091707617486864734e+01 3.924098112583689613e+01 5.354838633763428390e+01 7.385718905595895478e+01 8.742048953987477944e+01 6.699219497321820427e+01 5.731712453799300278e+01 3.694773887683987112e+01 5.276024706095649464e+01 5.272863753641783546e+01 5.805935641892968135e+01 6.831861042080220159e+01 6.008313294058688570e+01 4.441133622676702686e+01 6.410188903727558341e+01 7.057249132767654487e+01 7.165239271375976671e+01 5.240967215035854565e+01 6.461877142994396195e+01 7.410451639447516925e+01 6.901431996761762377e+01 5.991691552257348974e+01 4.029235300801105524e+01 3.890549757734862624e+01 3.961376268835351766e+01
7.321809239546664116e+01 7.032645968723306851e+01 5.189237592531711130e+01 7.032645968723306851e+01 6.296728186381654524e+01 4.512223600107796528e+01 6.296728186381654524e+01 7.618561948644770609e+01 6.746785479506513639e+01 4.779050450152299589e+01 6.746785479506513639e+01 7.960373802615177397e+01 6.332277884643555410e+01 4.307706326720432344e+01 5.736772684783832688e+01 7.769954614608575127e+01 8.153181393874058358e+01 6.100164989281537231e+01 4.646769152098895717e+01 4.080407780450543243e+01 6.134566030835995321e+01 7.304244211294050615e+01 7.241713909687921102e+01 7.843147547945063991e+01 5.863204918579140212e+01 4.734719549127370186e+01 6.700027508274875743e+01 8.074546682627007499e+01 8.102831430255068312e+01 6.671241662813957873e+01 7.863407041351830173e+01 6.903691076416554040e+01 4.899982167257806509e+01 4.358938036015255335e+01 5.992054198470103898e+01 5.892748537841431045e+01 5.869928126540303026e+01
7.628849336745942367e+01 8.040839487208495484e+01 7.232933136342528258e+01 8.040839487208495484e+01 7.079574506080953711e+01 5.525083312712018824e+01 5.525083312707880623e+01 7.350814499092982146e+01 7.311967617694331523e+01 5.354119259950894616e+01 7.311967617694331523e+01 7.921393615647910735e+01 5.885361939972681711e+01 4.719612840536810694e+01 5.885361939972681711e+01 7.921393615647910735e+01 8.150470952029714056e+01 6.100101991459699491e+01 6.554350675044263141e+01 4.497834314712181225e+01 5.955079444029197333e+01 8.001119408500865404e+01 9.220682526234259058e+01 8.673387953135724615e+01 7.207845982838884424e+01 5.241073076624295624e+01 5.278211459898229663e+01 6.661445038117835793e+01 8.656263036430995328e+01 8.699313881866977738e+01 7.853412428883203233e+01 5.838746512433641556e+01 6.602752405939507696e+01 4.614610499518481390e+01 6.602752405939507696e+01 7.325059859338104218e+01 5.325923972327525746e+01
