MOVIE_S1_data/elevation_000277.asc
nrows	100
cellsize	150.0
xllcorner	0
ncols	100
yllcorner	0
NODATA_value	-9999
[rows 0 to 16 of 100, columns 37 to 73 of 100]
1.223682815370895867e+02 1.304158884577543631e+02 1.277338601924634247e+02 1.196964421763949105e+02 1.277338601924634247e+02 1.305170796087099063e+02 1.261991772726544525e+02 1.181590030962062343e+02 1.181590030962062343e+02 1.203077650649284465e+02 1.122906776887866016e+02 1.130471870310195470e+02 1.050230399394294096e+02 1.102318736005863400e+02 1.160515018961073110e+02 1.228303095211469298e+02 1.308739695660239875e+02 1.420247974920349634e+02 1.435550475002719111e+02 1.319273882153414945e+02 1.235909055293258092e+02 1.235909055293255534e+02 1.319273882130564743e+02 1.283473263427153483e+02 1.283473263427153483e+02 1.366802337213799774e+02 1.389483840839790219e+02 1.307414631410674417e+02 1.313844105466358769e+02 1.232043337527450433e+02 1.313844105466358769e+02 1.389428773208306893e+02 1.289841595783459809e+02 1.208207092174064741e+02 1.182762532245776583e+02 1.264333552803069978e+02 1.234314733323266609e+02
1.030373365819555715e+02 1.223682815370895867e+02 1.180643258986249720e+02 1.003842871121068185e+02 1.180643258986249720e+02 1.112092159196754864e+02 1.181590030962062343e+02 9.875632913812401625e+01 9.875632913812401625e+01 1.093474108651573715e+02 9.346048987531848695e+01 9.826956520359918557e+01 8.533346065799761959e+01 9.074221959003585880e+01 9.675000015249707985e+01 1.036569766855384387e+02 1.147109588636246542e+02 1.339215487815564529e+02 1.352262866968649178e+02 1.150732153492570689e+02 1.034152172795673295e+02 1.034152172795673295e+02 1.202873431704052649e+02 1.081799150998178760e+02 1.081799150998178760e+02 1.283473263427153483e+02 1.275850263508854852e+02 1.111139558731904486e+02 1.215495127556788333e+02 1.035671188655868491e+02 1.192539550522490543e+02 1.192539550522490543e+02 1.208207092174064741e+02 1.011167878238333202e+02 9.855110360869848307e+01 1.150504737007170490e+02 1.030799831029865317e+02
1.086992392725704804e+02 1.223919860834320446e+02 1.100403646442509142e+02 9.050058682886889017e+01 1.031320099461833166e+02 9.744388502972552146e+01 1.168643582639681995e+02 1.044392407672946348e+02 8.469135460327228770e+01 9.455958114592368702e+01 8.212812888508180720e+01 7.831176477901117039e+01 9.826956520359918557e+01 1.102318736005863400e+02 1.160515018961073110e+02 1.228303095211469298e+02 1.308734850766815043e+02 1.264619581819761862e+02 1.347890156419139771e+02 1.235909055293258092e+02 1.034152172795673295e+02 9.169938149725834364e+01 1.045507369655697119e+02 9.385774080515670903e+01 1.081799150998178760e+02 1.283473263427153483e+02 1.194095165364374225e+02 9.969749492865629747e+01 1.080287755549132669e+02 9.358676223247837811e+01 9.952408913732200801e+01 1.160283450201595201e+02 1.078346105616587209e+02 1.068878898645340030e+02 8.694219072286604444e+01 9.797100620503395874e+01 9.908771881321365527e+01
1.167266125198548679e+02 1.143605435967582906e+02 9.491215281946568894e+01 8.334717776559490687e+01 8.334717776559490687e+01 1.006156008670449324e+02 1.086782292260948566e+02 1.080573633493824701e+02 9.456528784087065276e+01 7.444695427898898288e+01 7.295318632909862799e+01 9.312405244959170147e+01 8.742311015838517108e+01 1.013865185061602716e+02 1.207041837654051335e+02 1.373927786346902451e+02 1.231615290154847173e+02 1.063057290812964624e+02 1.231615290154799851e+02 1.319273882155875413e+02 1.202873431737619256e+02 1.045507369655697119e+02 8.424103137539954389e+01 1.045507369655697119e+02 1.158406616622031891e+02 1.241861820403955079e+02 1.219581807066678607e+02 1.022590270252668745e+02 8.811932036027258164e+01 8.533756053613730330e+01 1.053028330719028673e+02 1.077629443585331614e+02 8.781589027021135507e+01 9.362835886856942125e+01 9.528324929962400347e+01 7.788985384366625908e+01 7.982275333144131935e+01
1.069352891269082022e+02 1.149614873129752226e+02 1.064207713096553789e+02 8.673448053462038843e+01 7.495807302730439403e+01 8.071963425493296995e+01 9.726418062535677223e+01 9.999593881665987283e+01 8.007915516915194587e+01 6.813715748826174945e+01 8.849703438845170922e+01 1.012217637418183358e+02 1.070445316639013242e+02 9.887507488574370029e+01 1.100703890542919936e+02 1.293152329776419549e+02 1.148247867445447099e+02 9.461896933135388110e+01 1.148247867445447099e+02 1.252023731350394655e+02 1.136041907671561688e+02 1.007125633803890992e+02 8.036323602227017204e+01 1.007125633803890992e+02 9.561346645979305947e+01 1.125214197507043963e+02 1.199678658990081601e+02 1.161999893225031428e+02 9.953935533541856273e+01 7.948769486518662575e+01 9.397802533667901059e+01 9.874628503063776463e+01 9.025910038774888733e+01 7.350734759126886786e+01 7.529083598224210050e+01 9.539045451383601915e+01 9.989210691234970341e+01
8.728107489995558410e+01 1.069352891269082022e+02 1.144592415173136999e+02 1.031406552426100092e+02 8.912865918775423779e+01 6.879225620248445239e+01 8.912865918775423779e+01 9.982887612803762067e+01 7.988515399751079826e+01 6.524909407952689833e+01 7.726439933540395089e+01 9.154616568847936264e+01 1.111422327388691542e+02 1.182042171579835497e+02 1.262384597971122417e+02 1.210121058925339383e+02 1.076809600734822396e+02 8.741387867188568350e+01 1.076809600734822396e+02 1.169192382311294551e+02 9.679274438969970618e+01 8.504171562193944567e+01 7.666580042055348088e+01 9.243370368668210801e+01 8.384763980531850791e+01 1.041624850671405795e+02 9.972929334896871012e+01 1.140392584331428765e+02 1.077333490670575031e+02 9.397802533667901059e+01 7.385730810203286012e+01 8.760946853439179449e+01 7.102559483264768403e+01 9.118839782468531041e+01 8.955986391869568308e+01 8.956785477965557618e+01 1.094965049174273162e+02
9.303336714050755063e+01 1.081525889687306687e+02 1.108492929936998337e+02 9.123955030533969079e+01 7.694786613896884830e+01 6.492569845334021750e+01 8.051769614071822900e+01 8.765294514577065854e+01 7.941474234833181356e+01 6.249599229666283406e+01 7.721298587380312028e+01 9.725376917827082934e+01 1.095341289611331064e+02 1.175814095136656050e+02 1.268947171171568442e+02 1.126700149351587470e+02 9.242081618726325587e+01 8.123953694463958186e+01 9.564871395013838651e+01 1.158659680800274145e+02 1.136041907671561546e+02 1.044405281544063513e+02 9.097385583424534161e+01 7.198657832316762040e+01 8.842369245693501512e+01 9.681755791916781106e+01 8.534199889207960155e+01 1.038819939947575364e+02 1.040108696068483169e+02 1.021873685637390565e+02 8.878821749796510687e+01 6.856644849203267711e+01 8.878867232022005851e+01 9.941806441687307938e+01 1.094667292876629148e+02 1.094998803112673329e+02 1.176812792487064598e+02
8.060004440322134656e+01 1.002506818709041454e+02 1.116730426395745042e+02 1.035955406401491956e+02 9.358847098789284757e+01 8.051769614071822900e+01 5.983493541422102169e+01 7.583397283754457874e+01 5.868946959835618316e+01 7.941475607592698793e+01 8.828531359099103781e+01 9.349093555555128887e+01 8.988531011691286210e+01 1.075427439295198155e+02 1.075427439295198297e+02 1.104626928048612200e+02 9.020255700211090755e+01 7.574167187975388060e+01 9.613661339097615155e+01 1.086601025652208534e+02 1.203355845169160574e+02 1.068045451457789881e+02 8.650323013043308151e+01 8.842369245693501512e+01 6.791416443053229557e+01 8.458190584165220116e+01 7.507808889203107583e+01 9.549642422666111941e+01 8.369278253605543227e+01 9.800959946929673094e+01 8.726058171361373184e+01 6.699470556199467808e+01 7.719286411589465047e+01 8.868636016828750712e+01 1.022914763126762239e+02 1.211750962406909338e+02 1.234593189141131546e+02
9.841129336253386839e+01 1.081525889444023534e+02 1.035955406401491956e+02 8.374644102825524783e+01 8.956010770413173816e+01 8.874357815591439191e+01 7.583397314697663205e+01 5.500610682979514365e+01 7.583396439555461654e+01 6.277894181353768488e+01 6.791366129909341964e+01 7.332964838013499786e+01 8.022466262557479411e+01 8.791478300000777324e+01 1.075427439295198155e+02 1.075457365764626445e+02 9.168607444563470210e+01 7.123018882261095541e+01 7.993765358702289348e+01 9.173660705278078353e+01 1.119914261980568142e+02 1.152168561452579922e+02 1.068526563581800417e+02 9.681755791916781106e+01 8.458190584165220116e+01 6.400811786296257822e+01 8.110424056107856927e+01 8.777892172209142529e+01 6.914864404472830017e+01 8.061978560260101290e+01 8.566727022389719082e+01 6.544495336414780695e+01 7.988185640267982990e+01 9.993534224588906056e+01 1.099989772192137423e+02 1.109182241944669158e+02 1.132443804038358479e+02
8.391776825416846464e+01 1.038275364148436637e+02 9.962411765128206298e+01 8.956010770413173816e+01 6.923887099933990896e+01 7.869794978629371940e+01 7.384812851683993529e+01 5.298810965966372066e+01 5.676588164550584992e+01 7.752765497643717651e+01 7.396706319842712674e+01 9.349093555555894852e+01 1.001240720205511820e+02 1.075427439295198155e+02 1.155719422259423368e+02 9.918115379365075057e+01 7.881150111648203449e+01 6.689874963618224513e+01 8.229023606813875347e+01 8.953508854116718396e+01 9.792345737904808800e+01 1.096436252444754444e+02 1.155316251997717103e+02 9.527912597627978641e+01 8.084460777963053602e+01 8.110424317325004040e+01 6.047096737199093752e+01 7.768748660954264551e+01 5.873667372517872565e+01 5.997702733549786558e+01 7.986554916598944942e+01 6.390868681955200259e+01 8.434186266884427141e+01 9.064393562492024614e+01 8.791800728922331132e+01 9.045969819428417225e+01 9.957075552131618679e+01
8.391776825426008202e+01 9.368039170608014388e+01 7.963303772154725380e+01 8.595801421164273393e+01 7.869794978628986826e+01 5.799953551030134946e+01 6.944133751739032334e+01 5.099535712618878591e+01 5.900988732385415148e+01 7.969540962386498961e+01 9.411282458338141055e+01 8.686347092740065534e+01 1.008928154545633333e+02 1.203347175063196772e+02 1.071027272955521141e+02 9.537114383070904466e+01 8.622412077006599418e+01 7.779343502473139438e+01 6.168330008766934469e+01 6.904355486485199833e+01 8.093531378849975511e+01 1.012826055662603295e+02 1.017590680757703865e+02 1.057244185241569454e+02 8.606675908905467054e+01 8.355226798682107869e+01 7.616668892815691549e+01 5.700401990937714913e+01 7.768896595657740534e+01 8.061992062304700823e+01 6.174363136424431531e+01 6.448815987444754683e+01 6.723860376004688533e+01 6.999344642824048890e+01 7.281785460531256149e+01 7.577200501275439137e+01 7.892155047372342835e+01
7.638222174944532128e+01 8.355386821844386702e+01 6.503806938570075147e+01 6.551238197545717412e+01 6.551238277307736269e+01 6.710405908251227913e+01 4.853608508706761882e+01 6.944133187595360823e+01 7.969540962386498961e+01 7.378782000216882864e+01 9.395759260949843394e+01 1.065872167263580792e+02 1.146411756919934533e+02 1.119288853727169339e+02 9.874309179652017576e+01 7.836287939150528814e+01 6.644193841236611320e+01 5.711678954193061486e+01 7.779343503356217582e+01 8.953508741222910317e+01 9.792342763311066278e+01 9.607760838669439352e+01 8.216028944934681988e+01 9.243187054727242469e+01 8.187677878145315447e+01 6.596346108638074668e+01 5.546991228538768581e+01 7.366828910766203364e+01 8.540315987525376329e+01 9.103289250304179347e+01 8.245513994698383442e+01 6.680679266157886786e+01 8.739061523883154337e+01 9.064393562588560371e+01 9.349253917734770880e+01 9.045969796728029166e+01 9.957075552131618679e+01
6.514084706623320642e+01 7.353689433997990932e+01 5.451456637004690720e+01 6.328395648683906671e+01 4.454866616996056905e+01 4.616882675011153481e+01 5.286216695367791374e+01 7.369058095146402820e+01 9.283902953266516533e+01 9.395759260949843394e+01 1.020782450983880238e+02 1.123819091398643337e+02 1.040219289920087959e+02 1.035737373030991932e+02 8.324441240053378976e+01 7.137128749273969675e+01 6.208402850560125330e+01 5.419450635548302841e+01 7.489812018300551699e+01 9.275081214394764118e+01 9.610528644290303646e+01 8.655983041926569399e+01 6.817648786873728284e+01 8.367734892125245949e+01 6.499895686635478853e+01 5.397951626259793301e+01 7.256271417484113329e+01 6.335888283368297635e+01 8.391125690348950172e+01 1.010005583561312932e+02 9.605759078048849631e+01 7.873976806180975530e+01 7.235472878364335259e+01 9.298651035170422574e+01 1.074327672978009502e+02 1.109181133729073565e+02 1.176368637023118850e+02
4.416916861771670710e+01 6.237518469422650469e+01 6.328395402276960624e+01 4.228077194075798673e+01 6.328396470836075594e+01 6.710405323784662812e+01 7.369058064960481147e+01 6.414981810805601015e+01 7.878714340951248118e+01 9.879237861121748665e+01 1.059495309489585395e+02 9.757982895325088180e+01 8.373870942031324205e+01 1.006883718206938738e+02 1.002184983189662688e+02 9.109620928357193748e+01 7.222528988973782305e+01 5.152612378240188207e+01 6.357077018186430450e+01 8.427984650325961979e+01 8.728870664103347110e+01 6.647439807343145901e+01 5.795846733670206419e+01 7.118199102150903457e+01 7.217537521110237719e+01 5.294104763585323070e+01 7.363784095371411809e+01 8.391125690348830801e+01 7.220059509824700683e+01 9.261672964015330933e+01 1.080110470016998505e+02 9.940151823839528333e+01 9.298651035170422574e+01 7.819230977928148718e+01 9.882123159394495815e+01 1.130568851411939875e+02 1.216888131884793012e+02
6.237518469942753541e+01 4.136383925559415076e+01 5.965129455834613026e+01 4.072806190134252802e+01 6.174805906011956580e+01 7.682446611691106853e+01 8.509560693582898239e+01 8.464654114085996639e+01 8.464654114085998060e+01 1.045266438602689760e+02 9.757982895325088180e+01 7.719248174685374408e+01 7.185673066684681487e+01 9.157100634790614890e+01 1.017866142785011476e+02 8.997394291095572783e+01 6.965677000688845055e+01 4.901039943268148846e+01 6.325082039187685012e+01 8.254656459169191862e+01 7.727475384610659148e+01 6.867369397700430511e+01 4.950987041804676636e+01 5.046560591000360319e+01 5.148427036012067504e+01 7.210091813627556689e+01 6.987315552803651997e+01 9.036455407010362251e+01 9.261672987225999520e+01 8.316554557929137559e+01 9.491389024333079760e+01 1.151574428286388354e+02 1.074327536855724361e+02 9.005391877024429448e+01 8.503758972473032429e+01 9.228507137019521167e+01 1.025926324916995469e+02
7.076086496867917219e+01 5.962828898886963458e+01 3.862656269226098260e+01 5.965123581927651486e+01 4.939572986797236354e+01 5.609712064345130500e+01 6.552575601933078531e+01 7.749901945512341683e+01 9.753049313984850244e+01 1.053626457623663697e+02 9.362432986838855697e+01 8.316379749320284986e+01 6.238050079120367286e+01 8.316379749320284986e+01 9.154717641957709873e+01 7.232286323944254036e+01 6.104312230064291356e+01 4.663799154996456053e+01 6.564975874527119970e+01 6.655779674304442040e+01 6.747350693426795942e+01 4.819493903492194420e+01 6.883273598592209908e+01 7.118092540844060068e+01 5.308200534133508341e+01 7.480125615620352164e+01 8.831515956162832026e+01 9.874343225536520663e+01 1.118381841988380359e+02 1.034698222941569270e+02 1.118381841988380359e+02 1.235142198795119413e+02 1.194223574767154190e+02 1.107976031541400488e+02 9.278697814741190086e+01 1.057130075524516144e+02 1.216888131884793012e+02
6.528885832776657594e+01 5.686168149905283542e+01 3.746703433571011743e+01 5.848322207765769321e+01 7.026990425692210351e+01 7.682446712040540149e+01 8.509567384288517644e+01 9.414627737269748309e+01 1.056311864591250753e+02 9.699259774613291540e+01 7.660976138251875511e+01 6.452152177037758918e+01 5.654142757921517415e+01 7.096259236895444644e+01 7.096249602068994022e+01 7.086866162390826673e+01 5.342057350107122460e+01 4.439023559079611658e+01 4.521618267098384791e+01 4.605229981401208050e+01 4.691551252201759326e+01 5.088367869444945768e+01 7.215654057051915515e+01 8.330769673931854413e+01 7.480164287848950266e+01 5.820564833168036500e+01 7.991990917582323561e+01 8.912326957083456591e+01 9.748644084244702412e+01 1.091443181812790328e+02 1.124954564676686459e+02 1.208497782319723370e+02 1.309491103805206080e+02 1.221995843437713489e+02 1.030999913317354952e+02 1.221995843437713489e+02 1.351630864569679034e+02
