MOVIE_S1_data/elevation_000265.asc
nrows	100
cellsize	150.0
xllcorner	0
ncols	100
yllcorner	0
NODATA_value	-9999
[rows 0 to 16 of 100, columns 0 to 36 of 100]
0.000000000000000000e+00 1.969839356404065711e+01 2.871685429125853872e+01 3.434979677592778557e+01 2.649124123345077919e+01 2.787533159380009096e+01 3.617483859803316903e+01 5.032949686276871404e+01 5.235676331065970146e+01 4.411528243277054884e+01 5.235676365814034483e+01 6.112386314718925462e+01 6.145233017270847142e+01 7.042740738211971063e+01 6.863380817400847889e+01 6.031687959879489114e+01 6.861591581472740131e+01 7.863084272159808563e+01 8.639218403357884313e+01 8.570953649404273733e+01 7.736458566548299132e+01 7.131332243180818864e+01 7.542553587914750324e+01 7.972537997679874877e+01 8.424043123475172479e+01 8.914159682239230165e+01 9.523458574834091905e+01 1.019638277332991123e+02 1.102837162420824910e+02 1.203411780098403199e+02 1.320701041219795115e+02 1.262490077279071841e+02 1.262490077279071841e+02 1.344836269331018457e+02 1.265048807643127873e+02 1.253011043066683641e+02 1.170836650653946407e+02
0.000000000000000000e+00 1.321637200910180887e+00 2.049355044665909631e+01 2.446352222580344460e+01 6.481956871953933330e+00 7.865385799685881807e+00 2.200895520759768687e+01 3.127300651350288163e+01 3.269539428487306054e+01 2.412951348257952233e+01 4.239341974333341057e+01 4.046406127082223492e+01 4.050417112557288846e+01 6.127416453336020652e+01 5.849537379379511748e+01 4.083488428361288669e+01 5.057475191123051417e+01 6.620040291782524378e+01 6.620156559959285403e+01 7.407231267811711461e+01 5.720427585524453917e+01 5.116443083307022022e+01 5.527988656036228576e+01 5.955732345639178504e+01 6.404850816539463665e+01 6.893357341590713361e+01 7.502642762917921004e+01 8.177610177842420569e+01 9.189438033981625154e+01 1.120332751267821862e+02 1.122709815445679169e+02 1.064810935242226009e+02 1.064810935242226009e+02 1.262490077279071841e+02 1.067590160123176588e+02 1.067590160123176446e+02 9.740257245261246055e+01
0.000000000000000000e+00 1.999999999999964473e+01 3.203078937677371396e+00 4.539385147239487495e+00 2.454747445065347122e+01 2.787534616666433251e+01 9.850552467621731978e+00 1.126124369932589353e+01 1.268258180832322246e+01 1.412973101878133875e+01 3.414356853433579886e+01 2.622440872310465920e+01 4.627775054433739399e+01 5.540127718314602845e+01 4.674984068375196955e+01 3.326590304525315389e+01 5.057082224038399687e+01 4.556850465769670677e+01 5.867163831975228305e+01 6.144785870323805455e+01 4.543664247114423205e+01 5.096124335851464338e+01 5.677444770169082489e+01 7.692777380582988656e+01 8.424043123475172479e+01 8.914159682239230165e+01 8.544071410427355318e+01 1.019638277332991123e+02 1.102837162420824910e+02 1.203411780098403199e+02 1.122709815445679169e+02 9.259463299303116912e+01 1.122709815445679169e+02 1.097315825902599045e+02 1.015514664014945936e+02 8.714661395579311431e+01 8.611501302888423481e+01
0.000000000000000000e+00 1.999999999999964473e+01 2.361388808931845418e+01 2.454750111640378307e+01 1.453934558199387439e+01 3.455565041863627584e+01 2.986224332032188400e+01 3.127314390561836177e+01 2.162672666278541200e+01 3.414356853433139349e+01 1.622056451060971582e+01 3.601521305166325249e+01 4.657699439725802648e+01 4.402300297985033950e+01 2.963139612589359118e+01 4.726910434466343958e+01 3.708190873992065661e+01 3.396571098830597890e+01 3.726957872738391586e+01 4.067253559168767651e+01 6.144785870323805455e+01 7.111000968018440460e+01 7.692777380582988656e+01 6.625660306206854955e+01 7.634978060035251701e+01 9.063873846222452357e+01 1.056086365159056726e+02 1.139261819314261999e+02 1.214432265094526713e+02 1.132318167510040183e+02 1.063383392364133329e+02 8.666290255004508936e+01 1.063383392364133329e+02 9.839269408603381351e+01 8.195709150459627779e+01 7.737782490962342763e+01 9.695281498405536524e+01
0.000000000000000000e+00 1.414213562373107536e+01 3.414213562373178235e+01 4.286913528451562172e+01 3.455565041883217958e+01 2.868520983136966862e+01 4.872814770226900549e+01 3.796795873222223605e+01 4.165013449626780329e+01 3.036542737196751318e+01 3.623602058153592509e+01 1.840274339328417597e+01 3.841990456194289294e+01 2.576340510525535876e+01 4.392761018094075354e+01 4.808717331353750524e+01 3.000327412903746804e+01 5.479754073258880709e+01 5.867163831975228305e+01 5.553133053842919509e+01 5.290734368479039063e+01 6.458922674381581430e+01 8.476002365646498049e+01 7.791338609465010734e+01 9.478471329118936239e+01 1.048671127706851962e+02 1.190954870791456841e+02 1.171471427553447882e+02 1.132318167510040183e+02 9.351875667397219161e+01 9.929257829259694290e+01 8.137584983946703687e+01 1.010798575924452933e+02 9.023864878016790669e+01 7.067206763046121409e+01 9.023864878016790669e+01 1.051215312422394277e+02
0.000000000000000000e+00 1.999999999999964473e+01 3.016397777944909109e+01 3.593748045497609667e+01 4.422174763862553704e+01 4.872814770227599013e+01 5.705306081965289167e+01 5.214427198083436110e+01 5.040888632725062735e+01 5.040888632725062735e+01 3.838494007556430887e+01 2.993121662370520042e+01 2.063881123906246984e+01 2.241631683114767526e+01 2.433585774184464512e+01 2.652563428971279436e+01 3.003920939768641318e+01 5.096890031204619476e+01 6.342257185590856494e+01 7.573118352785381546e+01 7.311440596304917960e+01 8.146007463997905518e+01 9.309923799395285471e+01 9.809794835548188985e+01 1.064242073135097684e+02 1.104569816310822290e+02 1.046670907078658814e+02 9.741444786160400326e+01 1.113905754996379613e+02 9.929257829259694290e+01 7.956383769119277360e+01 7.640166184747386069e+01 9.615385565420066882e+01 8.624463712787280656e+01 6.666547110884029337e+01 8.624463712787280656e+01 9.509839094814566351e+01
0.000000000000000000e+00 4.999999999999977796e+00 1.016397779494315401e+01 1.593748048683936247e+01 2.748448587063167281e+01 4.162662149417488422e+01 6.162662123742241960e+01 7.225284886267083095e+01 7.050799985380037072e+01 6.663941649459452776e+01 4.960300428830215935e+01 4.662810678404107279e+01 2.666890235047742408e+01 4.301753692788873451e+01 3.276669167269921701e+01 4.808717331353810209e+01 5.096890031204619476e+01 3.472563531326667885e+01 5.508140718778638245e+01 6.771577878496012204e+01 7.200163128195769957e+01 8.034722780185293800e+01 8.936278356338580409e+01 1.010035389873178815e+02 1.090761367650155478e+02 9.072354842601806979e+01 8.494794410535403983e+01 8.347647294123825645e+01 1.031940203848955093e+02 9.183581524805155993e+01 7.202888732895411295e+01 7.168745700793652986e+01 9.149821892618521701e+01 8.247662487067393045e+01 6.285678329152809596e+01 8.247662487067393045e+01 7.550462291997794750e+01
0.000000000000000000e+00 1.999999999999964473e+01 3.016397777944909109e+01 3.593748045497609667e+01 2.858659112750914488e+01 4.272872675063232606e+01 6.272872585210826202e+01 6.902136480017213671e+01 6.074012798408111280e+01 6.902136480017213671e+01 6.903890894972344938e+01 5.339853965661585988e+01 3.333504995615753330e+01 5.339853965661438195e+01 4.203468654565842400e+01 6.150835586380225095e+01 6.342257185590855073e+01 5.508140710645622562e+01 3.923933678904845124e+01 5.937419735691545952e+01 5.187913983284428099e+01 6.085309298468740735e+01 7.248962797814887438e+01 9.267504305550541233e+01 1.008808447688596743e+02 8.112484072451300676e+01 7.091197742020074202e+01 9.072354842601806979e+01 8.837728092838358407e+01 8.017873584240416562e+01 6.533285616015437824e+01 8.523350594168580585e+01 9.489482749681012308e+01 7.889454826814861121e+01 5.919978511578504765e+01 6.414961415250698451e+01 7.399099679132515917e+01
0.000000000000000000e+00 8.944271909999079284e+00 2.308640753373028076e+01 4.308640753373098420e+01 4.858659094589208394e+01 5.687084495147279029e+01 5.273860057036264237e+01 5.902485636527744362e+01 4.074889907238276976e+01 5.902537652351603725e+01 7.056662946041910800e+01 6.174176181882393166e+01 4.334166350408641222e+01 6.174176179124631147e+01 5.366411493738656446e+01 7.051444675716943777e+01 7.360666988122407872e+01 5.347891426141232785e+01 5.937419731358121311e+01 4.401916566014978116e+01 6.410958692898279310e+01 6.458734234728160573e+01 7.885088295084241850e+01 9.900215688249228663e+01 9.615296702950340091e+01 7.639450983778789350e+01 6.484759441028970173e+01 7.812293595421986936e+01 7.559352935043544619e+01 6.019228410864591439e+01 7.179866305957067141e+01 9.162612814931745220e+01 8.674357982662164090e+01 6.711839316434884495e+01 5.561380500176888830e+01 7.541297265338467071e+01 7.924947341740370632e+01
0.000000000000000000e+00 1.999999999999964473e+01 2.894427190999872224e+01 4.894427190999942923e+01 5.350527419703260534e+01 4.525033882271983998e+01 3.274478793699650936e+01 4.180286967891055383e+01 3.075036115388228808e+01 4.229528625362707572e+01 6.228631801823350145e+01 7.180520045194590750e+01 6.345542582743811266e+01 7.180542585641150310e+01 7.379588505793631725e+01 8.213945601555070652e+01 8.195266120535170273e+01 7.360666990450606306e+01 6.991521720146366192e+01 4.980392398942685617e+01 5.346815796324590053e+01 7.360277574163387726e+01 8.474476491329146199e+01 1.048154905176179028e+02 1.043402954687111617e+02 8.717411325969968061e+01 6.809837576825457006e+01 5.809000128436480281e+01 5.550846151899741443e+01 7.559352935043544619e+01 8.837728092838358407e+01 9.981483538598190819e+01 8.391092995684442712e+01 6.424224612370812793e+01 5.265883995725008049e+01 6.869019654753591908e+01 5.949487588570498531e+01
0.000000000000000000e+00 1.414213562373082489e+01 3.414213562373011257e+01 5.216348415763398805e+01 4.220525615383621698e+01 2.574526438091580971e+01 1.860373337342755207e+01 2.180629643756784830e+01 4.180280593869640882e+01 5.172109423107713866e+01 5.630766530116564184e+01 6.130523882928090273e+01 6.684897066811537059e+01 7.316946079235891887e+01 8.072459577410754150e+01 8.072459577410754150e+01 1.007236463311324428e+02 8.638478468544627731e+01 6.621376638090163169e+01 5.737716344157494319e+01 7.360277574163387726e+01 6.507207421816718806e+01 7.934303090663613034e+01 9.960275833323161976e+01 1.063353809247322204e+02 8.717411325969969482e+01 8.579186707756421981e+01 7.245676874941200651e+01 5.227992402807745975e+01 7.245676874936981449e+01 8.719173856997747407e+01 9.864172620190441876e+01 9.206004772892413257e+01 8.070340789210547428e+01 6.869019684088233646e+01 4.867515394654571281e+01 6.869019688308509330e+01
0.000000000000000000e+00 1.999999893341050239e+01 2.980933584267750192e+01 3.848270788091787864e+01 2.431854831240998749e+01 1.423937556528218629e+01 3.424119505293466403e+01 4.180286953012294759e+01 2.746314052009416073e+01 3.172712677629536060e+01 3.631533230728639694e+01 4.131494471750416864e+01 4.686076126577685841e+01 5.318231607114864090e+01 6.073558749087626296e+01 7.486744716175638814e+01 9.486500339088048861e+01 9.472745572752725707e+01 8.588378443783064142e+01 6.743779997857969022e+01 8.588378443783064142e+01 7.934205969740587250e+01 9.365764845670155125e+01 9.739567559361034910e+01 8.851013529701614857e+01 8.029651963800215242e+01 8.414203120427113447e+01 6.418144039288866054e+01 4.977250354193347448e+01 5.895462758589624030e+01 7.059396141281615655e+01 9.044994181890929497e+01 9.476443499290769523e+01 8.017178494319890092e+01 6.039617424280774571e+01 4.612786568705413970e+01 6.289038835506877945e+01
0.000000000000000000e+00 1.524985703326048103e+00 2.152498634133558753e+01 2.634975420173395477e+01 1.019876538493537410e+01 3.019876165344262375e+01 4.252795376895765855e+01 5.573947277331187422e+01 4.745837976902784305e+01 5.172110955571610447e+01 5.630766530133693237e+01 6.130523882928127222e+01 6.684897066811537059e+01 7.316946079235891887e+01 8.072459577410754150e+01 8.038685875333125352e+01 8.038685944508429770e+01 8.863128937158450071e+01 9.597222833017974608e+01 8.762950974989240649e+01 9.597222833017974608e+01 9.956871847746637627e+01 1.031731064714555970e+02 8.339509442991365518e+01 6.930701622265080175e+01 6.027150467609180140e+01 7.028390174489176445e+01 6.771946128697211975e+01 4.741667519016463928e+01 6.771946125486020662e+01 8.267779882379538492e+01 9.416156259114112004e+01 8.661095144740365015e+01 6.694913732772805304e+01 5.696464508338642219e+01 6.288887063139119959e+01 4.281504890836961863e+01
0.000000000000000000e+00 1.999999663691307461e+01 3.700698876207737076e+00 6.349763590337835772e+00 2.634976069636280727e+01 3.659188350632673092e+01 3.400307135953116955e+01 4.228011093437080348e+01 5.114191045779240596e+01 5.940018935941581901e+01 5.979443493509985785e+01 5.964802728558077405e+01 6.791464335036886268e+01 6.756679342180821379e+01 7.039472221791432105e+01 6.040261071501476664e+01 6.040261071557551276e+01 8.038685944508429770e+01 9.105036940475584117e+01 9.928060185917918545e+01 1.097213430339825067e+02 1.015628504352884107e+02 1.015810209156802273e+02 9.739277548342062119e+01 8.183229651274086791e+01 6.182993864606726930e+01 5.007320045538111941e+01 6.235655388934534926e+01 4.516742524510181767e+01 5.431527308798644782e+01 6.603437020592380691e+01 8.596327617874987936e+01 9.476470972673271831e+01 8.493021961831432520e+01 7.678003308362515611e+01 7.107593345039849453e+01 5.969617180917473576e+01
0.000000000000000000e+00 1.999999995376511563e+01 2.370069971653805396e+01 6.397498326060694573e+00 8.330971304152004819e+00 2.832552982123457497e+01 1.401873374581711573e+01 3.400307135953546833e+01 3.158828419953262312e+01 4.951093771613768979e+01 3.971762784812950997e+01 3.960147514323521989e+01 5.071983127380288892e+01 4.756635709458154793e+01 5.039813623705630619e+01 4.625414723798834160e+01 6.625586165153005425e+01 7.693440146863670748e+01 7.108737610347232305e+01 9.105036940475584117e+01 1.015655925365083334e+02 8.180118470640680073e+01 8.180139639741886981e+01 9.272887154846937108e+01 9.004269911493457812e+01 7.657207392440298577e+01 5.646830144855135103e+01 4.221096367058851229e+01 6.018906294328863993e+01 6.682034571128177447e+01 6.317420149169300458e+01 7.724408418850997293e+01 9.704834230055325861e+01 9.359502804371675211e+01 8.623721055434856453e+01 6.651470372307522894e+01 5.237665826191123131e+01
0.000000000000000000e+00 1.154700538379241515e+01 3.154700530745538245e+01 2.053957060189994621e+01 2.832880149751089505e+01 1.111790336131845081e+01 3.111727885945902727e+01 1.697872537469365639e+01 3.694977291408381603e+01 2.306826017020027564e+01 2.531144665644998426e+01 2.780593045269658603e+01 3.057088497841721519e+01 3.336711637710864409e+01 3.623924046177085501e+01 5.625500432931644923e+01 6.693706740447760239e+01 5.693973334031857547e+01 7.108737610347232305e+01 9.105036940475586960e+01 1.015701793641098476e+02 8.180124402901850544e+01 6.771030522898360005e+01 7.288935653201058074e+01 8.690191345604331730e+01 8.157877252453835126e+01 6.764220735655605665e+01 4.036242224521561184e+01 4.437109773933950407e+01 4.714196863573051388e+01 6.099758440654795066e+01 8.087870353695116421e+01 8.774250798612750657e+01 7.368157175342267351e+01 8.774250798612750657e+01 8.045633544354012656e+01 7.229129223195593568e+01
0.000000000000000000e+00 1.999999995856630619e+01 3.983125279643672201e+01 4.053772543262065398e+01 3.940668793647214585e+01 2.271274415752057152e+01 3.576338679514745422e+01 2.960006240218689655e+01 2.004220301716270569e+01 2.475587074784464292e+01 4.252096804182227885e+01 3.698567324827913438e+01 5.071983127380288892e+01 4.756635708967968412e+01 5.625500432931644923e+01 4.090213831528769362e+01 4.693344876175504510e+01 6.693706740447760239e+01 7.969471652629677294e+01 8.794112585803341631e+01 9.791205516811663756e+01 9.577433835330361944e+01 7.870053533337235763e+01 5.870321534343364078e+01 7.139868291496759412e+01 6.161273218561138520e+01 7.118642073084471633e+01 5.359198543008587023e+01 3.773481223105427773e+01 5.776271783578027197e+01 7.503294782163516174e+01 7.613900291215306027e+01 6.785493427294611024e+01 5.931984132464356207e+01 7.951408806398831075e+01 7.353098454895994962e+01 6.547175647799821263e+01
