MOVIE_S1_data/elevation_000576.asc
nrows	100
cellsize	150.0
xllcorner	0
ncols	100
yllcorner	0
NODATA_value	-9999
[rows 51 to 67 of 100, columns 37 to 73 of 100]
9.817880078825268697e+01 8.699780718482593045e+01 6.445169575560332476e+01 5.169923674013801218e+01 4.526586827303220417e+01 4.969339726020354675e+01 3.829201410480462897e+01 5.937451422470057594e+01 8.544627071470102919e+01 7.984122780929894247e+01 8.664635145451127585e+01 9.464198410467885481e+01 1.043236591491004219e+02 1.106756166945093014e+02 1.007605420662446534e+02 9.265670880504734441e+01 7.817012784095840061e+01 5.555716261969447345e+01 7.189841971822134781e+01 7.784751362818735743e+01 6.273444609199076893e+01 4.948492223577130744e+01 6.328495093819542916e+01 8.516390366234496412e+01 9.912291236014168305e+01 9.196317473278406851e+01 8.351391344681184137e+01 6.772068096118719893e+01 8.984216954226548069e+01 9.127648679267234400e+01 7.206052188503822720e+01 9.127648679267234400e+01 9.311638283566711038e+01 8.456024552690104201e+01 6.958013654871615472e+01 7.720445828678980149e+01 6.379125047537579718e+01
8.408048365570964222e+01 9.203515188631753574e+01 8.290498096102633951e+01 7.344269019027754553e+01 5.917805753180856243e+01 3.760897207846547019e+01 5.902385454355182759e+01 6.524483755743811741e+01 7.101709979333273282e+01 5.868504967119180549e+01 6.623098051887451732e+01 7.693974684120641427e+01 9.635295606781666322e+01 1.130348322827850183e+02 9.316004363254793930e+01 9.316004363255905218e+01 8.659914671807018749e+01 7.189841971822134781e+01 4.899345552893269939e+01 6.588328143327528608e+01 4.623709552570301895e+01 6.915493956330324465e+01 8.110803932550506090e+01 9.342390833685861651e+01 9.132254679535287778e+01 7.948630130698839480e+01 6.140120125429365316e+01 5.845997242980666897e+01 8.125115335043284404e+01 8.268519561807011087e+01 6.048392228138908422e+01 7.158455894972959754e+01 7.158455894972952649e+01 7.553790013448028162e+01 5.345579001693776178e+01 5.504070024457115551e+01 6.215731665054492794e+01
6.273989929850646519e+01 7.834239641195378567e+01 8.648613543175538609e+01 7.524734629779619866e+01 5.231965156730071698e+01 3.711545779593328120e+01 5.653779757615172485e+01 4.348791573602243687e+01 4.911004455574623506e+01 7.101815011313452430e+01 8.664635145451129006e+01 9.464198410589091282e+01 1.043236591525198662e+02 1.073098349560224136e+02 8.729900816163132049e+01 7.214610952792021692e+01 8.192762338001794831e+01 7.550733696646713611e+01 6.588328143223003508e+01 4.327939048128683197e+01 6.587007518856822230e+01 7.329657882843264360e+01 8.183820691385491841e+01 9.406189939159764890e+01 8.284134788980699682e+01 6.088385725215425737e+01 4.778913501645402562e+01 7.074713310994876281e+01 7.425753639607957268e+01 8.307079733053683412e+01 7.156434304263650859e+01 4.906009820179646397e+01 6.317023453829354906e+01 6.016190955120479344e+01 5.266264669865374515e+01 3.959780647416516075e+01 4.013716440416510522e+01
7.834239641195378567e+01 5.615092305802873085e+01 7.285105225774985627e+01 6.920430053983001528e+01 6.501997288354480986e+01 3.796202386295957609e+01 3.640217059980860626e+01 5.718217119673427362e+01 6.214814424313015451e+01 6.999356444752085338e+01 7.963421294997803557e+01 9.109359780656008354e+01 1.080380912806962641e+02 1.003174097050377611e+02 1.013514686904954800e+02 8.192762338001794831e+01 5.968709884613485173e+01 5.272320704717278517e+01 4.680295725935591378e+01 4.155564211025499333e+01 6.121925497456624043e+01 5.086124594227745632e+01 6.413634030169117750e+01 8.581202895576910805e+01 8.056924481584955799e+01 5.851511066731497124e+01 4.301668070647108522e+01 5.839412710004152274e+01 5.188321422026340457e+01 7.407673423250908229e+01 7.913740405625173935e+01 6.279517728772729157e+01 4.180121652727647330e+01 3.829209452420420945e+01 3.883481783744841209e+01 6.065022104281338500e+01 5.879942968824666849e+01
8.648613543527503111e+01 6.667731971019988180e+01 5.017185504187544609e+01 4.640308963518354801e+01 4.269322488874357902e+01 4.199986088664158501e+01 3.818352341538079742e+01 3.568376704204444394e+01 4.131045976080348936e+01 4.766890093124150241e+01 5.868156284529779754e+01 8.200753765556260078e+01 9.681754575791870820e+01 8.055348011422100285e+01 9.144873240067963138e+01 9.031288051055440746e+01 8.192762338001794831e+01 7.550733696630014435e+01 6.761990222668543993e+01 5.876273777745771554e+01 3.927917948391296932e+01 6.131233525294766906e+01 8.183800197683471822e+01 8.170697416079886466e+01 7.236639651927674777e+01 6.094000230642246407e+01 5.463467246033658142e+01 3.756728755894459226e+01 5.180844087206185833e+01 7.329088799716127767e+01 6.693805796721913737e+01 5.787268002044088178e+01 3.751856528250755218e+01 5.878396140655910784e+01 4.968703472448532210e+01 6.915564557573515003e+01 7.241058675567066416e+01
9.571200018534648279e+01 8.119465994777308993e+01 7.285105225753748925e+01 6.920430446163631188e+01 6.567105335426307988e+01 6.224811388273366930e+01 5.608558678162585664e+01 3.516961576511205578e+01 4.236167881999476492e+01 6.430206307430185575e+01 7.963421294997803557e+01 9.109359780656008354e+01 8.890669963553494881e+01 6.801224994498653587e+01 7.079350845551610405e+01 8.037665372092595817e+01 8.850179517502512283e+01 7.863093387253493916e+01 5.884115001859039040e+01 3.707430108672415514e+01 5.884074577922537230e+01 7.016331501102128243e+01 8.170736098612285048e+01 6.033449561733355893e+01 6.056174767914403390e+01 3.798851846239948316e+01 3.356793742141815784e+01 3.411076574589873189e+01 5.542489104008003409e+01 5.688574486258351470e+01 5.746593753433521812e+01 3.674438000413686467e+01 5.831688945112154698e+01 4.477103370812859140e+01 5.060143263763630728e+01 6.650107444071737461e+01 8.735088143086619539e+01
8.150213659205225269e+01 7.852057226623071529e+01 7.264253903830062598e+01 8.115299987106931212e+01 7.258203700032579775e+01 5.361545598122726375e+01 5.347193457259582061e+01 3.465512469527765660e+01 5.679783282921383147e+01 5.506079316748914465e+01 6.802464294911887066e+01 8.908530030775710884e+01 8.890669963505750673e+01 6.801224994498653587e+01 5.486321590959608585e+01 5.871447882061565338e+01 7.634088597268315368e+01 6.998897200227293069e+01 4.773763698652360432e+01 3.554806450138640628e+01 5.479375842536765617e+01 6.368751966159653932e+01 6.826759818225136200e+01 6.214046129415384456e+01 4.239760588044730127e+01 3.279549900305246268e+01 5.408702114199671485e+01 5.394974339573099797e+01 3.488025189335073861e+01 3.542177396215880236e+01 3.595989637610068002e+01 5.746878827722498784e+01 6.719067154596282876e+01 6.697830114806866675e+01 7.261397408301321832e+01 6.089080133491971480e+01 8.190207635668500075e+01
6.628480160060333048e+01 5.649318080633498340e+01 5.043980977888536898e+01 6.856372577295921644e+01 6.345590381565082794e+01 5.451963682255522059e+01 3.392987751653642903e+01 4.011856703016388792e+01 6.173291087677823441e+01 7.692592411243693107e+01 8.544607396700479285e+01 9.746508348716515968e+01 9.681754564166010368e+01 8.037657247533152827e+01 5.871447881055343032e+01 4.569770711019675957e+01 6.085847823514384203e+01 6.917863785369573293e+01 6.515257583322284063e+01 5.465914679492141204e+01 3.347973487229174339e+01 5.280175566837492340e+01 4.572668437949933207e+01 5.243354931753226822e+01 3.201746461075101280e+01 5.337664007068357108e+01 6.272135002458760766e+01 5.041771651607331250e+01 5.575633083331447892e+01 5.672351942147656700e+01 4.118718542165364482e+01 3.855490123248222289e+01 6.035139854355016098e+01 7.220068073025703370e+01 8.992468131604879034e+01 8.190207635668500075e+01 7.353417346025408108e+01
4.388557379378785583e+01 4.097965221095682153e+01 3.789727427280979555e+01 5.559084910720468997e+01 5.394653978206023481e+01 3.321460980537439411e+01 4.692323757380708571e+01 6.069662852226488070e+01 5.647434241369587937e+01 8.282490963040122267e+01 9.944843005583557272e+01 9.076976427550884807e+01 9.076976427550884807e+01 8.850213737486851073e+01 7.352556761371572236e+01 5.158489888270292312e+01 3.905468526281703845e+01 5.481150090094043037e+01 6.149653542058869249e+01 5.896030501406337265e+01 4.974080759590535905e+01 3.147169325671538331e+01 3.071667919905759092e+01 3.125592811782281544e+01 5.260901049886042813e+01 3.525595309353332851e+01 5.681160469698298954e+01 7.154688321367974879e+01 7.214867759959601301e+01 6.460430435137985228e+01 6.420059634563111217e+01 5.387048744493648655e+01 4.116196755666132390e+01 6.337411932682018545e+01 7.529328967693354002e+01 8.620537248358338900e+01 9.285638624402047014e+01
5.986119109267517047e+01 6.294461396376718199e+01 4.915076778536038660e+01 3.316751598628847830e+01 3.251227550950729039e+01 5.393828176801239493e+01 6.260551936583544830e+01 6.844136385183360005e+01 7.849865552858719298e+01 9.079835363368366075e+01 9.076976427550884807e+01 6.906239381347123185e+01 6.906239381347123185e+01 8.425541193233338788e+01 8.183359185692302162e+01 6.937886079664085059e+01 5.489180730340579828e+01 3.351243940764144469e+01 4.815405313031128287e+01 4.996992351160502466e+01 5.058642825433010870e+01 2.995609163951293752e+01 5.111776139341080238e+01 4.858249489573208280e+01 5.892197321722129999e+01 3.752374395677808394e+01 5.929673367339210444e+01 7.180352715133996355e+01 9.130637088066464457e+01 8.820206948545327919e+01 8.455696272898424581e+01 7.220064672857901655e+01 6.337411932848543472e+01 4.390866081093768969e+01 5.534134231599473708e+01 7.154532278064739614e+01 9.259351084641302521e+01
8.179276302188957004e+01 7.964590148282393045e+01 6.441001325727313542e+01 5.344229196784007030e+01 3.202513499206710179e+01 5.273590164615702491e+01 6.155105291623188890e+01 7.599000129382065438e+01 7.182800178988307493e+01 8.045994674786432199e+01 9.283663164860821837e+01 7.542033542007267499e+01 5.308726989922579520e+01 6.489242737042356168e+01 7.386603041422296201e+01 6.921051682304396024e+01 4.803256938430520506e+01 4.047762341072289161e+01 2.825777963578705965e+01 2.875128422793102700e+01 2.924754433799464692e+01 5.051969998485626689e+01 3.457675073292519130e+01 5.601670328522931896e+01 6.774309024134214496e+01 5.929673367339211154e+01 4.081272058478869980e+01 6.181045401807975992e+01 7.562573176554303700e+01 9.077633776310462110e+01 9.468851137720047006e+01 7.386207832749059321e+01 5.772362230165825991e+01 4.599224084450031569e+01 6.884628659838264753e+01 8.092826705402819698e+01 9.234917678094899429e+01
8.131426473271156397e+01 7.464385776483692325e+01 6.861784153616167714e+01 5.881449278867699348e+01 3.717586297901289072e+01 3.135670346953354937e+01 4.563524891754509127e+01 5.610415071418447042e+01 4.959715022246430038e+01 7.182582761782840919e+01 7.253189733028503383e+01 7.626962915865948389e+01 6.489242737042332010e+01 4.265689365251893150e+01 5.613797705064941823e+01 5.092251861900960108e+01 4.811226219306053054e+01 2.756901769944873237e+01 4.887699566391925288e+01 5.005495634723533271e+01 3.628029360433901473e+01 5.548134367094020547e+01 5.610204778718208729e+01 3.928842641761669796e+01 6.119588969837846548e+01 7.180352735584175150e+01 6.298995819442186672e+01 4.433960802051011996e+01 6.047512701003039837e+01 7.964418999025318158e+01 9.227896855769867557e+01 8.837314241165458384e+01 7.753986362347458794e+01 6.245067475144297475e+01 4.933312436806485834e+01 7.231026056395151613e+01 7.265635385874388419e+01
5.919087861301204612e+01 5.209828891697119246e+01 4.630437486190698593e+01 4.142085992859362875e+01 3.656915461558692471e+01 5.203112474544015242e+01 3.070479075629045340e+01 3.281115727450053043e+01 4.959711795615507413e+01 7.182302378649376351e+01 5.802096291910466164e+01 5.577624671447085092e+01 7.025771089044879147e+01 5.617093349930166113e+01 3.401900081076423277e+01 2.926861849630428125e+01 2.688462877232789339e+01 4.814879972529899987e+01 5.755423786210418058e+01 6.526050660918129154e+01 5.081725844651410284e+01 5.628451563713442596e+01 6.531825251853405234e+01 4.309327101312642583e+01 5.187916672061007972e+01 7.391593661978222940e+01 7.562573238656743513e+01 6.688523309647941062e+01 4.825902766335429561e+01 6.343647556641262497e+01 8.355241108201867917e+01 9.771812359961627692e+01 9.266927190324406638e+01 8.064370739100941421e+01 7.111516813277545168e+01 5.301991679801235335e+01 5.642147319976999853e+01
8.131426473271156397e+01 7.464385776483692325e+01 6.486550010201739269e+01 4.310388731967379528e+01 5.798429089511174794e+01 5.153725172568576340e+01 3.024441907376797545e+01 5.154144718289700933e+01 6.456761963392379755e+01 6.497176597477036353e+01 5.797318638120325573e+01 4.107222006818357585e+01 6.171810388243807921e+01 6.509914695805321116e+01 5.599350454881759021e+01 4.729813150406489086e+01 2.640589076044249950e+01 4.759539387053526838e+01 6.329465028060547382e+01 6.845124197625827378e+01 7.464132707699256741e+01 7.804049766945530564e+01 6.963737645983420066e+01 4.719858630412428369e+01 6.963737645983420066e+01 6.774119151228471480e+01 8.882311345163996918e+01 7.964419074353946826e+01 7.100365589698623126e+01 5.266900372948326492e+01 6.908544063065816943e+01 8.030527561128734249e+01 1.006131964439047550e+02 8.724639642153699981e+01 6.586456069893947074e+01 7.586140445684499412e+01 6.064781693430048648e+01
8.853917480136593099e+01 7.248094539576982243e+01 5.027614825674537968e+01 6.486550010201739269e+01 6.647766024213932212e+01 4.466150897205717740e+01 2.977903298815176925e+01 5.035966086360895844e+01 4.981219978136508075e+01 4.892491508844415904e+01 3.927173719545134389e+01 3.392811351746205872e+01 5.217636261118855856e+01 5.614242884298151637e+01 6.397834242697282292e+01 4.725835417505777514e+01 2.593168359563633985e+01 4.665607243977584773e+01 4.620821843388984007e+01 6.369854251435293691e+01 7.736463824909054665e+01 8.911529157109170285e+01 6.804091251414808994e+01 5.179533920816124493e+01 7.421345523063115479e+01 8.882311460116210355e+01 9.701053728999141867e+01 9.828679701018000969e+01 8.124005323150586833e+01 5.966056783404996366e+01 5.815688254254089884e+01 7.441748012907633836e+01 9.617254773822438096e+01 9.551789969743144582e+01 7.707759867000254417e+01 8.742401997356913057e+01 6.609274973625788618e+01
6.722627564930176902e+01 5.950485142733216293e+01 6.621469606070668590e+01 8.101966466895456165e+01 7.085759294914511486e+01 5.352813621465525529e+01 3.092164299493540014e+01 2.911382830486548912e+01 2.864172719412048806e+01 2.816868984929226016e+01 2.769569789518709868e+01 2.722366507919076639e+01 2.675452436259855915e+01 3.807193428525590662e+01 4.598683829567966797e+01 4.622237489780250996e+01 2.546806836369867710e+01 3.412741425581104693e+01 4.922362740499561085e+01 4.813011633492843799e+01 6.894362383898472046e+01 8.354587778711574231e+01 7.915401107248904111e+01 5.705917365443310985e+01 7.915401107248904111e+01 9.529242301598324616e+01 1.050119224092745327e+02 8.543627141045567441e+01 7.063295573983180020e+01 8.052619029091600567e+01 6.235692939157937786e+01 8.450168738676643443e+01 1.002221382100470208e+02 1.056032352177022204e+02 9.164664069910148214e+01 9.230685000971770648e+01 7.159440614081152887e+01
8.851065542975290157e+01 7.538025728243940193e+01 8.760900952569065225e+01 8.093177887403049908e+01 6.215038156651276324e+01 4.012094620415420820e+01 5.300908349687917820e+01 3.452672599257197561e+01 4.987491746811893023e+01 4.309750398211155442e+01 4.976026211745771377e+01 4.772958558702167409e+01 3.176322824729840022e+01 2.609723989576169600e+01 2.564357885680195537e+01 2.519526793843049717e+01 2.501463202218699067e+01 4.196972020853127816e+01 3.092563659763441208e+01 4.148204724221565698e+01 5.391738279066248651e+01 7.510167646009745113e+01 8.745643283960468750e+01 7.311969543921422598e+01 6.597283248984841464e+01 8.132666312831165101e+01 1.012539406676432918e+02 9.837666982872735844e+01 8.131302260853111363e+01 8.854963061161370774e+01 6.799508472004701787e+01 7.117450151893947918e+01 8.611966534217840774e+01 1.061021021606485988e+02 1.113724578555246723e+02 9.752628498082874842e+01 7.731207384319932885e+01
