MOVIE_S1_data/elevation_000443.asc
nrows	100
cellsize	150.0
xllcorner	0
ncols	100
yllcorner	0
NODATA_value	-9999
[rows 0 to 16 of 100, columns 0 to 36 of 100]
0.000000000000000000e+00 1.999999999999964473e+01 3.050920263319213532e+01 3.653942952474785955e+01 4.361049733661346295e+01 5.189476858419209293e+01 6.344177396806606595e+01 7.628153150889205847e+01 7.046091716779943681e+01 7.046091716779943681e+01 7.869792185903750692e+01 8.130828740176876579e+01 7.307303619826444674e+01 8.130828740176876579e+01 7.792866880122983275e+01 6.951967096053883211e+01 7.792866880122983275e+01 8.062051139468610472e+01 7.233049033081198331e+01 8.062051139468610472e+01 8.406252833208436925e+01 7.837631109362691006e+01 8.406252833208436925e+01 7.738321381105815533e+01 6.900522735623142978e+01 7.738321381105815533e+01 8.414901053705159484e+01 8.498715374057020711e+01 7.675157996863879362e+01 7.491346122295240662e+01 6.668767521662000775e+01 5.997312880914794420e+01 6.344041489856802229e+01 6.707097945601184108e+01 5.310333407738335154e+01 7.291200840120103521e+01 8.352868076745201620e+01
0.000000000000000000e+00 5.163977794943244604e+00 1.050920263319177828e+01 1.653942952474715611e+01 2.361049733661275596e+01 3.515750272040568092e+01 5.515750272040638436e+01 5.647063051401858047e+01 5.067566404053521012e+01 5.067566404053521012e+01 7.046091716779943681e+01 7.156880516065416487e+01 5.376087165001631263e+01 7.156880516065416487e+01 6.813541545355717233e+01 5.022916539316108953e+01 6.813541545355717233e+01 7.059650932793167044e+01 5.226835205056616473e+01 7.059650932793167044e+01 6.405829529236908115e+01 5.812757896121581780e+01 6.405829529236908115e+01 6.736648959793060953e+01 4.905163934554624205e+01 6.409548268979770569e+01 6.409548268979770569e+01 7.675157996863879362e+01 5.692836315687891613e+01 6.273444876595015529e+01 4.680609214141358621e+01 4.004297520630921525e+01 4.352181283034094861e+01 4.718494828382235085e+01 6.707097945599920763e+01 5.926075134428334223e+01 6.380935830356966676e+01
0.000000000000000000e+00 1.999999999999964473e+01 3.050920263319213532e+01 3.653942952474785955e+01 4.361049733661346295e+01 5.189476858419209293e+01 5.459199870676151534e+01 4.811914411096563526e+01 3.688451270291481165e+01 5.067566404053521012e+01 7.046091716779943681e+01 6.341695392414041521e+01 4.420429423320853601e+01 6.341695392414041521e+01 5.987441817684992174e+01 4.101633888523995353e+01 5.987441817684992174e+01 6.229942119068910955e+01 4.222306683506969449e+01 6.229942119068910955e+01 6.405829529236908115e+01 4.321750395355854124e+01 6.405829529236908115e+01 5.902614837953172611e+01 3.899126108940268409e+01 4.410102106847769221e+01 6.409548268979770569e+01 7.275927714594318729e+01 6.273444893611222284e+01 4.282408396807014128e+01 3.528231303544271924e+01 5.520903814567254386e+01 6.344041489856802229e+01 6.707097945601184108e+01 6.343922935353838000e+01 7.900284640377246603e+01 8.352868076745201620e+01
0.000000000000000000e+00 1.999999999999964473e+01 3.642269923288405664e+01 4.757490321068370065e+01 5.372329996765457594e+01 4.555981246759409231e+01 3.511572374764585192e+01 2.880781743188311594e+01 4.811914411096563526e+01 6.162402966259466552e+01 6.933902017657639760e+01 5.701273402716312688e+01 3.771680744339536773e+01 5.701273402716312688e+01 5.358839174631325619e+01 3.468282446880789394e+01 5.358839174631325619e+01 5.560730307214925006e+01 3.555137008117043962e+01 5.560730307214925006e+01 5.711136484609890118e+01 3.639005085725085564e+01 5.711136484609890118e+01 5.144987482735881201e+01 3.142418613056549148e+01 5.144987482735881201e+01 6.199145203596874865e+01 6.452439096046433065e+01 4.462895977227374544e+01 4.827983880665014027e+01 3.237403233763367183e+01 5.230248548144907517e+01 6.619014353363411374e+01 7.437717598148263676e+01 8.323041324411401831e+01 9.146910651805497139e+01 1.023444214329675788e+02
0.000000000000000000e+00 8.169289953435113105e+00 1.972992809404588144e+01 3.949863006464917703e+01 4.255471299636898408e+01 2.636596074010870439e+01 2.179423487805799198e+01 4.082019261091711115e+01 5.294834367284772014e+01 4.227520057287075161e+01 5.827404160952890777e+01 5.144161723168295453e+01 3.198429429300063376e+01 5.144247982346232817e+01 4.813082456788816899e+01 2.900407551850437926e+01 4.813082456788816899e+01 4.981765391653175357e+01 2.979510672666649640e+01 4.981765391655390118e+01 5.112963674138681114e+01 3.054201149101982438e+01 5.112963674138594428e+01 4.627926423661381250e+01 2.663660138525536425e+01 3.389532249883922077e+01 4.794338736876547102e+01 5.276241445436775734e+01 4.482717794745182971e+01 2.829582746031923435e+01 3.387525726434303408e+01 3.988734030514869033e+01 4.653665637203955185e+01 5.641397886237054848e+01 7.019671077632931144e+01 8.989535125014198513e+01 9.877447660654729589e+01
0.000000000000000000e+00 1.999858843945128228e+01 3.619516796892075661e+01 3.471046167500578150e+01 3.444578379575852267e+01 1.558439548318792411e+01 3.447823700594462082e+01 4.388114380793414426e+01 3.339331558148376899e+01 3.082684543572819891e+01 5.045165851190814266e+01 4.641842148851906558e+01 2.679703445172303944e+01 3.975363846839642434e+01 4.286682709451412165e+01 2.386116300783482203e+01 4.319231919886466642e+01 4.464785446215299913e+01 2.471115114212310360e+01 4.450384112167373729e+01 3.995971211539893631e+01 2.469176672487601820e+01 4.414468943941456303e+01 4.475901270952151378e+01 2.562175446957151337e+01 2.149939531326238296e+01 3.961288520989837281e+01 4.103626698583490651e+01 2.467397429380001483e+01 4.482717794745182971e+01 5.368074037111131958e+01 5.963269085865533725e+01 6.619014353363411374e+01 7.437717598148263676e+01 8.420159948877869738e+01 8.939052045793962975e+01 8.086971899121421359e+01
0.000000000000000000e+00 1.995324417482735768e+01 2.168929573493669949e+01 1.551794606101019625e+01 2.957259140044720525e+01 1.172970640477614168e+01 2.865405013960067393e+01 2.445558456554720195e+01 1.937509323227578406e+01 3.911295355943025953e+01 4.490934735732211180e+01 5.149347634253958716e+01 3.975334684783250339e+01 2.011430755163663520e+01 3.300470006000594481e+01 1.920058561234866445e+01 3.860922737740417432e+01 3.992991700340945016e+01 2.008311085524850981e+01 3.365693608881251464e+01 1.537852991539145542e+01 3.815067420185443581e+01 3.295763914126601435e+01 3.726162035769549163e+01 1.858031034443821738e+01 1.933396873251628634e+01 2.012882619125657158e+01 2.097883397527737159e+01 4.137834822938381052e+01 5.087827237221848975e+01 5.802111209751500809e+01 6.625592303532394567e+01 8.014982069549510868e+01 8.605519384006818484e+01 8.101365447720934299e+01 7.250164412129898039e+01 6.037220543048877630e+01
0.000000000000000000e+00 5.862115850103992720e-01 1.172683113668598898e+00 1.759938275983837785e+00 2.188161129958603723e+01 7.929112293543979284e+00 1.780055435683971510e+01 1.047486712449208923e+01 2.549380261415008775e+01 3.190688082847607987e+01 2.921384116710847678e+01 4.446386011171743036e+01 4.298506789540312667e+01 3.101052790215713628e+01 1.397494271840919389e+01 1.479336731958304441e+01 3.096711456719182110e+01 3.547812164064171725e+01 3.021326562942398297e+01 1.387566997282602088e+01 1.465393171443668763e+01 3.336641586563222006e+01 1.678966343538789729e+01 1.753202527895921037e+01 3.731793489777812312e+01 4.549560515379565118e+01 2.952513195827268788e+01 4.144282963985069301e+01 2.235263405686224303e+01 4.268757591293162079e+01 3.808921505160783738e+01 5.802111032449707295e+01 5.950622329284115608e+01 6.555259298399354861e+01 6.918315909167161237e+01 5.203497737829071212e+01 4.858158444647287411e+01
0.000000000000000000e+00 8.807813998444471437e+00 2.024227274744480809e+01 2.156670606865170470e+01 2.592728971587131337e+00 1.409912969448574493e+01 4.288330668290596392e+00 4.890444484583752249e+00 5.497317415467625423e+00 1.548079669317960771e+01 2.650717793599567784e+01 2.597120243546779506e+01 2.828243251802054203e+01 9.110287398783260215e+00 9.748901126983822607e+00 1.039874316712521818e+01 1.105866697314319147e+01 2.437165667996016793e+01 1.293997276380149941e+01 3.274208149376079291e+01 1.567574908381005194e+01 1.573051154342700819e+01 3.555044670735971124e+01 2.579642483480881054e+01 4.386792973246938487e+01 4.892372249428551356e+01 4.391372282444340414e+01 5.071557248347822622e+01 4.184956778727915605e+01 2.373880889493774049e+01 4.392709001042064898e+01 5.341633566834656932e+01 4.470772423876292834e+01 6.229385476958248802e+01 5.384976144050305891e+01 4.039951874345852900e+01 5.981174173056758292e+01
0.000000000000000000e+00 8.189119929102121276e+00 2.649775078170080889e+01 2.267243147732897768e+01 2.263480597101478509e+01 3.437898785631789522e+00 2.487627950043758318e+01 1.916115070282597088e+01 2.558315530777634095e+01 6.359880423854813891e+00 6.972430952695478190e+00 7.591104838816365330e+00 8.213440333678194705e+00 1.901071998082324299e+01 2.935625081764449007e+01 3.128417126783624980e+01 3.112950336524211536e+01 1.199473011583108750e+01 2.314641849131043472e+01 3.647584322656364009e+01 1.692543240315097108e+01 3.551800267967027480e+01 4.390199762568288833e+01 4.515410968044537299e+01 5.389188096119863758e+01 6.700610432500667457e+01 6.397983471768242225e+01 5.897928812325734071e+01 3.825214078168134080e+01 4.368302502812606747e+01 2.509481265928367577e+01 4.517284990333877914e+01 3.556505708437951796e+01 4.838447262947365601e+01 3.363559425633179956e+01 5.036158941439689585e+01 3.961884414769063767e+01
0.000000000000000000e+00 1.712527832911083081e+01 3.389688413653343702e+01 4.243967930589369075e+01 3.236461921101974326e+01 9.949528310232263806e+00 3.241727027739838007e+01 3.997044922949822876e+01 2.335715946177252533e+01 2.717920227148056256e+01 1.257558221053954028e+01 2.766970739588970929e+01 2.827331822431174047e+01 1.442743688669029112e+01 3.309198041297317161e+01 3.915483710606572032e+01 1.755778144315872424e+01 3.317584958674039086e+01 4.025444399870276868e+01 3.649837473999630788e+01 3.682076872069178108e+01 1.868837645819201043e+01 3.866815413112068711e+01 4.890463022337298327e+01 5.434361658593078204e+01 6.287488729975553525e+01 7.429614141041896858e+01 6.801299530481978195e+01 5.932321137018114143e+01 5.169245892435784384e+01 3.187340501129570924e+01 2.642026854950789527e+01 2.734568875325182091e+01 2.826672987609141785e+01 2.919494814577555886e+01 3.013696557580485091e+01 3.107441867633585275e+01
0.000000000000000000e+00 1.999999845653150032e+01 3.722766111423041480e+01 4.878120501040281454e+01 4.117801518056485577e+01 2.347164035791780634e+01 2.632546650205578587e+01 4.765056790465850156e+01 3.878606766529417627e+01 3.848352767103589400e+01 1.833998092368977950e+01 3.848352767103589400e+01 4.123375544092426992e+01 3.314326049604877511e+01 2.094066240002277368e+01 3.979716002434322064e+01 3.917020006004916866e+01 2.367664599465651776e+01 4.564864403091006295e+01 5.665156411913574885e+01 4.703012852244400221e+01 3.866815413111351063e+01 2.047532105084749432e+01 4.053742383042979469e+01 3.388968861337756522e+01 4.563050843743073415e+01 6.679705177486599155e+01 7.721050595603999511e+01 5.733346413178669820e+01 4.337163212556835390e+01 5.167392308362016706e+01 3.514006629974563367e+01 4.033819219355552121e+01 3.348711851381010973e+01 4.726988336274215641e+01 4.998444890905513915e+01 4.972294516396129893e+01
0.000000000000000000e+00 8.944271912843387184e+00 2.049127920179376972e+01 4.049365071969639018e+01 5.339360684669205881e+01 4.500200716549112911e+01 4.765056790465848735e+01 5.603056386086814200e+01 6.093980400170519829e+01 4.522869230383779637e+01 2.499321302528288058e+01 4.522869230383779637e+01 4.846255724706804813e+01 2.908614319174547447e+01 3.156826341348785903e+01 4.797390189609316735e+01 5.430367808158261766e+01 4.564966981769334353e+01 3.085257948298093211e+01 5.275611521537784654e+01 6.195998703948362163e+01 4.890554722980022717e+01 4.053942629021214117e+01 2.231161479736734776e+01 4.243667878510090929e+01 5.284861246836644710e+01 6.856985947226819178e+01 7.687359397051461940e+01 7.133095814846203098e+01 5.732194793517146536e+01 6.251259586967432114e+01 4.575253264943755482e+01 5.439825393440534640e+01 3.884795914493619762e+01 5.696347732766989225e+01 5.825908341463050277e+01 3.813714935322356325e+01
0.000000000000000000e+00 1.988887898942933319e+01 3.076863253264092535e+01 4.541156133637469594e+01 5.164336361380772900e+01 5.965336860544893227e+01 6.390053477453579944e+01 6.362749611964723329e+01 7.181600478854991820e+01 5.371378448961969809e+01 3.505690911344510141e+01 5.371378448961969809e+01 5.543412530187141840e+01 3.571555721808084627e+01 5.103804183988728482e+01 5.929211823000434123e+01 6.057360467612738830e+01 3.916452810840139165e+01 5.275611521537784654e+01 6.128546123212417029e+01 5.359697052105890691e+01 3.334415707488693670e+01 2.862798483299356178e+01 4.243562193850186759e+01 2.431602740219620884e+01 4.447407971332493304e+01 4.823851967929930851e+01 6.856985947226819178e+01 7.740263789281047480e+01 7.701756703190801545e+01 7.204721749509918993e+01 6.397428285359676892e+01 4.833100744561943429e+01 5.761847530250394556e+01 5.761547730759458119e+01 6.284995210760573059e+01 4.242166558733988069e+01
0.000000000000000000e+00 2.279211529192754160e+00 2.231774217002807958e+01 2.553529178925760945e+01 3.185912960168569441e+01 4.404428061603010036e+01 4.405002726425148296e+01 4.383388010706192262e+01 6.039229150006462277e+01 6.391757140633204415e+01 5.540049973339439049e+01 6.391832858025740904e+01 6.370704585152031285e+01 4.548389632779424829e+01 6.370704585152031285e+01 7.731280455877603686e+01 5.681155535130343992e+01 4.627826767669497343e+01 6.718484490577878887e+01 6.129023478371279054e+01 4.093572711365755623e+01 5.359696848087716603e+01 4.882334405189779147e+01 4.592466159049963892e+01 2.575916861469754693e+01 3.393948147903513046e+01 5.419343123405202789e+01 6.636191276651858573e+01 5.708867870400818134e+01 6.304274017687108511e+01 8.328870538404514434e+01 7.478938004863769606e+01 5.656224117747030533e+01 7.478455025116829802e+01 7.637468878530290795e+01 6.753860470101538738e+01 4.709118407484645985e+01
0.000000000000000000e+00 1.966412825508582429e+01 5.567191275149891538e+00 1.556632045801361208e+01 3.150554434767153822e+01 2.412837166626443874e+01 4.072928844679576343e+01 3.233240874612438631e+01 5.219964196960003733e+01 6.732042273663850551e+01 6.442259490310695469e+01 7.260237925946441351e+01 7.367357270600622599e+01 6.538436359317388735e+01 7.367392158131279700e+01 8.561447630301033485e+01 7.441905269983865878e+01 5.395762321936621930e+01 7.441905269983865878e+01 6.717878711994693219e+01 4.678019377080904206e+01 6.717878711994693219e+01 6.027019831723108467e+01 3.998297466160227032e+01 4.592484225749588944e+01 2.788291906445656210e+01 4.805065854376369572e+01 4.618296021934308015e+01 4.267492230772849382e+01 5.708940053636239043e+01 7.741537347839982885e+01 8.321898122082421878e+01 6.966425171554861606e+01 8.321898122082352245e+01 7.582929890693863229e+01 5.550147754927930777e+01 5.897318105374366581e+01
0.000000000000000000e+00 1.999999999999964473e+01 2.553865997190384363e+01 9.048744387707113646e+00 1.154874437221762307e+01 1.413073321425016005e+01 2.079725117098339382e+01 4.072928643281905892e+01 3.931066879854673601e+01 4.894631527193625686e+01 4.464219100713791732e+01 5.755286601606375285e+01 6.284113186035644105e+01 7.101813263850145574e+01 8.606010444863382247e+01 9.426795442716557716e+01 8.271391152968992344e+01 6.591722433892273614e+01 8.271391152968992344e+01 7.397707970438749214e+01 5.359493904785072260e+01 7.394884906480909592e+01 6.860997502529073699e+01 6.027019831723108467e+01 5.122440726651717569e+01 3.121747812434406555e+01 3.026401999130696652e+01 3.195642368523108701e+01 5.215208390845115360e+01 6.306158070969762974e+01 6.934825047234330953e+01 7.759502675958871976e+01 8.873649951662540047e+01 8.953889763913535660e+01 6.992874785803978455e+01 6.391069435041612934e+01 7.923919099953519662e+01
