MOVIE_S1_data/elevation_000347.asc
nrows	100
cellsize	150.0
xllcorner	0
ncols	100
yllcorner	0
NODATA_value	-9999
[rows 34 to 50 of 100, columns 0 to 36 of 100]
0.000000000000000000e+00 1.223980123050974145e+00 2.450258807825527185e+00 3.702374721335730090e+00 2.282105139967057283e+01 2.389334891325293597e+01 2.882446755021340223e+01 1.104051007101362991e+01 1.239202669304934901e+01 1.382785438874796213e+01 3.354889450153481789e+01 3.704855930793817009e+01 1.963475344293899383e+01 3.927421180422967240e+01 4.980368848776182489e+01 4.650067305831363029e+01 4.821313926317191090e+01 5.004387480574890645e+01 3.438439270569867290e+01 5.436637519959139553e+01 6.256579371305733162e+01 6.639336135445326192e+01 7.045551347835647960e+01 7.501879202287103965e+01 8.342036053160464348e+01 9.514795963388159805e+01 1.066553900514077782e+02 1.178914402167278297e+02 1.107796651045150185e+02 1.022672973189286409e+02 8.537732287115771612e+01 6.643174976373894935e+01 7.404631966266325094e+01 5.560170752048831133e+01 7.387619110988701721e+01 8.597857902188867740e+01 9.379001279387762224e+01
0.000000000000000000e+00 1.586190513663517976e+01 2.221232677310969450e+01 3.482551113867048187e+00 2.892440510508880536e+01 4.066710985208398910e+01 3.058816447605704880e+01 3.079837171846803656e+01 1.654721796283326185e+01 2.763245154477193566e+01 4.127164127287037587e+01 4.750984974275928607e+01 3.346926403252285809e+01 2.191527941533018264e+01 4.155293865810001819e+01 2.669033509622771305e+01 2.843332605327367801e+01 3.019666040326754342e+01 3.287236921628286268e+01 5.281505908839456254e+01 5.973429327547503220e+01 6.277165379652039690e+01 6.754780378608455749e+01 7.263170788781216913e+01 7.809247668403557441e+01 7.809391711605451292e+01 8.668638485517507775e+01 1.035186625733549306e+02 1.069129958724993799e+02 9.768710140105702067e+01 8.992470518517973233e+01 8.465997573789240960e+01 7.616171424810612223e+01 5.520457264931125962e+01 6.420755572908862518e+01 7.100023556777794909e+01 9.244121762771872852e+01
0.000000000000000000e+00 1.999871010155195350e+01 3.423152010073355456e+01 2.920643661838251859e+01 1.808102312566902370e+01 3.912814503656156262e+01 4.978546511129920304e+01 4.060512810265563388e+01 2.075630439052490672e+01 4.030908313931642795e+01 5.366455917348579874e+01 6.151499131776433416e+01 4.853093369772437882e+01 3.080675023910702848e+01 2.423363442955369962e+01 4.373074041314831817e+01 4.818843699779939982e+01 5.004387480574890645e+01 3.637669208687933065e+01 3.679625111236838819e+01 3.965902935060108092e+01 4.267214864960449461e+01 4.740473867394214125e+01 5.243220068465926431e+01 5.781669404021725001e+01 6.456499713754467962e+01 7.477735484174513658e+01 9.518420452743109195e+01 9.925740729656642714e+01 8.079741726079240038e+01 7.144862591253270523e+01 8.032469564161729636e+01 7.811003804502578873e+01 6.956630388497875117e+01 5.464126622910733033e+01 7.368446442391747553e+01 9.512140043908587472e+01
0.000000000000000000e+00 1.414215112918118322e+01 3.414371976436866163e+01 4.751260738089295899e+01 3.317045465025751128e+01 3.317045465025967133e+01 5.351128196817268190e+01 4.907163946123867504e+01 3.207538461434124599e+01 2.788220784065445912e+01 4.792518309841733526e+01 6.609343776788094260e+01 4.932224219698738210e+01 4.932279001851699718e+01 4.389329185358254648e+01 3.130089981058818793e+01 5.111161305087106399e+01 6.096147473186523769e+01 4.092420230514823487e+01 5.683032425546694100e+01 5.385204916000223108e+01 6.277165379652039690e+01 4.859445026005607815e+01 6.870064808370548803e+01 7.809247668403557441e+01 8.498077851746377576e+01 9.335702680771947826e+01 1.035187050219545029e+02 1.069369972917793064e+02 9.768710140877071524e+01 8.074145491388648566e+01 6.192999602538616699e+01 7.258973543276974283e+01 5.410178493362552388e+01 5.441443352084714036e+01 7.969934110502390467e+01 8.229647738053451178e+01
0.000000000000000000e+00 1.414213562377840461e+01 3.414213588805251476e+01 5.160829296879889938e+01 5.351128194031708318e+01 5.351128196800067371e+01 6.185476191047050776e+01 6.079732083277796306e+01 5.225697439562827640e+01 3.773169223665806271e+01 3.715765746597300989e+01 5.753343321297352020e+01 6.966877962529018475e+01 6.736973561965019996e+01 4.745768338508208473e+01 3.749365078297486065e+01 5.740894573962125946e+01 6.582464296959065564e+01 4.577328665029992294e+01 6.582464296959065564e+01 7.393528679623855737e+01 7.427696221216470462e+01 5.417127561927500778e+01 5.865207785291604381e+01 6.765190610257592141e+01 7.926001962665432643e+01 9.929342613055663946e+01 1.125987995204113759e+02 1.036832090142824114e+02 8.574627962941298165e+01 7.435006303849912968e+01 7.151724338948045556e+01 5.354787042216307213e+01 6.931554327854426845e+01 7.760484097222644095e+01 6.847264703244248096e+01 8.037651402906564613e+01
0.000000000000000000e+00 1.999999989058972361e+01 2.333318854164417999e+01 3.563638190117998761e+01 4.118312869373966834e+01 4.721328046085594821e+01 5.428421200327418461e+01 6.256494185133193753e+01 6.669618902046772746e+01 5.204802995273872313e+01 5.146026912679994325e+01 5.146026912679994325e+01 7.219534831633094996e+01 7.557950666419725394e+01 6.446962846085264687e+01 4.451134558712212197e+01 6.446962846085264687e+01 7.411212764017655275e+01 5.474373165290380427e+01 5.580251929206121275e+01 7.584676664712009142e+01 8.033690494739089161e+01 6.023834855637046104e+01 7.874921854476778549e+01 8.703703661103367040e+01 9.600220159697202860e+01 1.075526120256336498e+02 1.036832086729246498e+02 8.163446331010266022e+01 7.848696612872234368e+01 5.616318027637888832e+01 5.299664793368874172e+01 7.193210188539573835e+01 7.905064121752933204e+01 5.795166772169194758e+01 6.046095722958217777e+01 6.148626406701853142e+01
0.000000000000000000e+00 3.333333333333340143e+00 2.333333322344653737e+01 1.563630076673302582e+01 2.118330272897720334e+01 2.721352962048229074e+01 3.428459743147502792e+01 4.583160113881432807e+01 6.583069317243065655e+01 7.277450505527212954e+01 7.219534831633094996e+01 7.219534831633094996e+01 8.079109227636276103e+01 8.436411514506782794e+01 7.269517975453452152e+01 5.605006115960092927e+01 7.269517975453452152e+01 8.306953229919002979e+01 6.632348878785199986e+01 6.477271211847583743e+01 8.412598496066294729e+01 8.862261967552130670e+01 7.185764616749916911e+01 7.296474972378383939e+01 8.716379048703224441e+01 1.071670481821067966e+02 1.086997754470753677e+02 1.008298818358953923e+02 8.809239152541677242e+01 6.693688413402585979e+01 7.238238497338886646e+01 5.260926194176681747e+01 7.070186154840369852e+01 7.229897824040058651e+01 5.714229948665149550e+01 5.777040646690524994e+01 8.018938352448397211e+01
0.000000000000000000e+00 1.999999999999964473e+01 8.333333333333383663e+00 1.349731112827665136e+01 3.349723967948393977e+01 4.721328046085594821e+01 5.428421200327418461e+01 6.256494185133193753e+01 7.410923928139713723e+01 7.998764943914812875e+01 7.164734649686054979e+01 7.164734649686054979e+01 7.011348854542464437e+01 6.421068573553768033e+01 7.845786217642518068e+01 7.597329202431632211e+01 8.417861292666128747e+01 9.462259336410230048e+01 8.635378605994054624e+01 7.634786676108384995e+01 9.307639553868271776e+01 1.001887405063120298e+02 9.191978784598519781e+01 9.302260902009760457e+01 1.012901025621659699e+02 1.063830913182543867e+02 9.806949599801770034e+01 8.228178249604128780e+01 9.174792101663946653e+01 8.430101485154287388e+01 6.665086323911468469e+01 5.222332312236304119e+01 5.651981970920981979e+01 5.444486950973600159e+01 7.234835573405862874e+01 8.235841489071428612e+01 9.104178964360460213e+01
0.000000000000000000e+00 1.999999999999964473e+01 2.833333754316059583e+01 2.763944553463894138e+01 2.202533978236301238e+01 3.096961168678942400e+01 4.096961149455611917e+01 5.511171934330640454e+01 7.511027685772613438e+01 7.164734649686054979e+01 5.152996099847472067e+01 5.152996099847472067e+01 5.000106751092853585e+01 5.000106751092853585e+01 6.537097721444165188e+01 7.074763523186051373e+01 7.682241120236751897e+01 8.395675379678824868e+01 9.230341994703557873e+01 9.635970535879715726e+01 1.046173732247188752e+02 1.076232519367227098e+02 9.977622213939484652e+01 1.076232519367049605e+02 1.117413927514459715e+02 9.310778804790064100e+01 8.009319456139753868e+01 7.167521546311934344e+01 7.105768110546939909e+01 8.833971357513327405e+01 8.254435189352571456e+01 7.046430236610183329e+01 5.167979505276190366e+01 6.962466683168514692e+01 6.322616064532238767e+01 7.594713714347717826e+01 9.362456757176866518e+01
0.000000000000000000e+00 1.414213562373107536e+01 3.414213562373178235e+01 4.763920570335029936e+01 4.202521521917214642e+01 3.616747233985464050e+01 5.616705752331857582e+01 6.924973946358650778e+01 6.888801670570383351e+01 6.054844700692516568e+01 5.742220679120802629e+01 3.735501432569161295e+01 3.582942423988502156e+01 4.042174425554468087e+01 4.527740206246902943e+01 5.063002304482763094e+01 5.667465862272880628e+01 6.377778568549667426e+01 7.542212074066893024e+01 9.561527936342552891e+01 1.032964437412414043e+02 9.550222734604899699e+01 8.173164975991922176e+01 9.552702571415305499e+01 1.033918627949984312e+02 1.063830913182525535e+02 9.806949599801696138e+01 8.229940382295798429e+01 6.328675787737065406e+01 7.568618433502753362e+01 7.740735366973720488e+01 7.009042997924817087e+01 5.130418843308336818e+01 6.250219416706350728e+01 8.005186458297988850e+01 7.461921149204187032e+01 8.723462535242629201e+01
0.000000000000000000e+00 1.999999999999964473e+01 3.180375308564541825e+01 3.887483375126487317e+01 4.715933665247978723e+01 5.616705752331857582e+01 6.444808660331692352e+01 6.671948348460536238e+01 5.728510336704543704e+01 4.046679949625782058e+01 5.032754794684082356e+01 3.027841451249078020e+01 5.032754794684082356e+01 6.049756940574338415e+01 6.537097721444165188e+01 7.074763523186051373e+01 7.682241120236751897e+01 8.395675379678824868e+01 9.230341994703557873e+01 1.039497936384786243e+02 9.550222734604899699e+01 7.781573682469465325e+01 7.340062069976288228e+01 7.781646814793461431e+01 9.552843867586702231e+01 1.030223741487467919e+02 9.510253843875601376e+01 9.011978505280168861e+01 7.568621168250567166e+01 5.652516318027817732e+01 6.742444754281797259e+01 5.077554689505361551e+01 5.814457826696025933e+01 7.433302612477595517e+01 8.725921417957741255e+01 9.234973805924379064e+01 9.978221282362315492e+01
0.000000000000000000e+00 5.773502691896282180e+00 1.180372958345178169e+01 1.887479739535844914e+01 3.042180301341432269e+01 5.042188847813942942e+01 6.131439396562547017e+01 4.662453367668155124e+01 4.662453367668154414e+01 2.890606922402050216e+01 4.249274058585580605e+01 2.698891283250515372e+01 4.703149071388366309e+01 5.597808030597371953e+01 6.116222124438739627e+01 6.696478500336598927e+01 7.367546189162747794e+01 8.202466824637564002e+01 9.210727916046427310e+01 1.013445420500485028e+02 9.238044378362874909e+01 8.299598996300773024e+01 6.593171037335842755e+01 8.299483873947727375e+01 9.007015530304444439e+01 9.072417658885251512e+01 7.605227448922515521e+01 7.954820907330764612e+01 7.684724508270979015e+01 6.896680447467201702e+01 5.025044732605992692e+01 6.849076560515935341e+01 7.481328549610024936e+01 8.380181341426539632e+01 8.882576249652545641e+01 9.612309568543084026e+01 9.357112613797114875e+01
0.000000000000000000e+00 1.999999999999964473e+01 3.180372350150089389e+01 3.887483375126487317e+01 4.715933665247978723e+01 5.870652677396872576e+01 5.298282232615268583e+01 3.292136308006160306e+01 2.658068253448411156e+01 1.995824510558226095e+01 2.245849561067003464e+01 2.672368314826231384e+01 3.119809943089343918e+01 3.591557108995237257e+01 4.108412972551912645e+01 4.686411451394852179e+01 5.354343122684299061e+01 6.358934896279383508e+01 8.376157482046099290e+01 9.356875336655474484e+01 7.599024421085245251e+01 6.766857430398488304e+01 6.140575022766371660e+01 7.382988175119680818e+01 7.338658319069882907e+01 7.323233180146743848e+01 7.924502454374149352e+01 6.047533918863385338e+01 6.853537849677589122e+01 4.974215852205681188e+01 6.892970624827442805e+01 5.263765563941165482e+01 7.189537216244278284e+01 7.596145224985343702e+01 7.009598536103649735e+01 8.538140032527985568e+01 7.401448251774016285e+01
0.000000000000000000e+00 1.414210551038866548e+01 3.413883178785555828e+01 4.505548214570890764e+01 5.330110871184845678e+01 5.330680912959777373e+01 4.172935829631578031e+01 3.341648637118590415e+01 1.657746406371373382e+01 3.660273666892142330e+01 4.249274058585425706e+01 4.676571644111489690e+01 5.124930153455161985e+01 5.597808030597371953e+01 6.116222124438739627e+01 6.696478500336598927e+01 7.367546189162747794e+01 8.202466824637564002e+01 9.210727916046427310e+01 1.013445410857965072e+02 9.238044323894295928e+01 8.477948784611426447e+01 7.382987084599531613e+01 5.600389353928984804e+01 7.048740333390573198e+01 5.955320345019548256e+01 6.735105557433007561e+01 6.311111741255503205e+01 4.923466337546042126e+01 6.853333046331762546e+01 7.683364864710004838e+01 7.189320584246051737e+01 5.507693699784693564e+01 5.688970932882693887e+01 5.872294139188303319e+01 7.770076900348975357e+01 6.418517467099103158e+01
0.000000000000000000e+00 1.999783738364184416e+01 3.092657047434776985e+01 2.508887531960997919e+01 4.505548218406569561e+01 4.498641171746198353e+01 2.494576337103068298e+01 1.339520008893541103e+01 3.341648637118581888e+01 2.093501286563103392e+01 2.510626734113726499e+01 4.514584403418118796e+01 5.621665112327927005e+01 6.140164470342137548e+01 6.720508641547552031e+01 7.391617501386001265e+01 8.226410174461230440e+01 9.234531286168501651e+01 9.852177063848334626e+01 8.940572644978786343e+01 8.177290366580670877e+01 7.568206842506542387e+01 7.057845578133431275e+01 5.240726550114159465e+01 6.306021720761636828e+01 4.799261157835526603e+01 4.836132733409451134e+01 4.872565063940314900e+01 6.803082533614239935e+01 6.299704472412562950e+01 8.200624836121772887e+01 7.993617778800972928e+01 6.102793971532813089e+01 7.596145220213736593e+01 7.752412522256473437e+01 6.137177274289844320e+01 7.830258016186505188e+01
0.000000000000000000e+00 1.975091724198946963e+01 1.094862288128584815e+01 2.421620591536894906e+01 2.565366801971979527e+01 2.711764985960819629e+01 2.859424557816327450e+01 1.123854210644563345e+01 1.516090416946479102e+01 3.518447926368452983e+01 4.514584403418115954e+01 3.143400882802335872e+01 3.615141271047902904e+01 4.132025091732536737e+01 4.710137460737496440e+01 5.378290921868634200e+01 6.383134171283543168e+01 8.400100831465429962e+01 9.080811327782122078e+01 7.273770585288197310e+01 6.351721925863795803e+01 5.698411543453037353e+01 6.468654889148525911e+01 6.267530328720128807e+01 4.746269537660612059e+01 6.115290362015266368e+01 6.747715071816807608e+01 4.965558574335729247e+01 7.053648033985547272e+01 8.200626200455781145e+01 8.989865864678242247e+01 8.619316371179539260e+01 6.742308585945504262e+01 8.619316367265012957e+01 7.676397769451841668e+01 8.021642210432447939e+01 6.985754116841681594e+01
0.000000000000000000e+00 1.390096093713839798e+00 2.783562122297323249e+00 4.204900231339098404e+00 5.640816548623264204e+00 7.103361397294688295e+00 8.577780961546883631e+00 2.859424556660139416e+01 3.462697028347066919e+01 3.728561848752067220e+01 4.561477862282502826e+01 5.148722907400996007e+01 5.621665112327927005e+01 6.140164470342137548e+01 6.720508641547552031e+01 7.391617501386001265e+01 8.226410174461230440e+01 9.234531286168501651e+01 9.852177063848334626e+01 8.940572644978786343e+01 8.177290262876077520e+01 6.891020449783616186e+01 4.840132362039978631e+01 4.692208162105328029e+01 6.626146020025693417e+01 7.295980678217500781e+01 7.746458461776352067e+01 7.053674203714774649e+01 6.249364319863938988e+01 7.356476523043615146e+01 9.239608952822462129e+01 9.404061162433384879e+01 7.679835116433700648e+01 9.404061136660334341e+01 8.999457718178690868e+01 8.837235799994007834e+01 8.297412468587576484e+01
