MOVIE_S1_data/elevation_000323.asc
nrows	100
cellsize	150.0
xllcorner	0
ncols	100
yllcorner	0
NODATA_value	-9999
[rows 17 to 33 of 100, columns 0 to 36 of 100]
0.000000000000000000e+00 1.999990577565773364e+01 3.460858406834046264e+01 4.289372189981318684e+01 4.032543808034768773e+01 3.184202446021282995e+01 1.684690416629254273e+01 1.272333218043546843e+01 3.266429644497428342e+01 3.700915295826020213e+01 2.519859320351903165e+01 4.516594838210886564e+01 5.495965520744913846e+01 4.347106231828469447e+01 3.107320629419639246e+01 5.092441734869646552e+01 5.760744890177849697e+01 4.273041736585959427e+01 6.247152839055242168e+01 7.243839306938383515e+01 7.750875868751998610e+01 8.295887721298687723e+01 9.109025706860991534e+01 1.024215000609617761e+02 8.984360414579290932e+01 7.039970318175674890e+01 7.400964497909414774e+01 9.081535012177832300e+01 9.980686898179303057e+01 1.113773863224725602e+02 1.110739176537132522e+02 9.161434323903731070e+01 7.808368608192768079e+01 9.004541974366252077e+01 8.107478116772584542e+01 9.878108030226259473e+01 1.077941670508169096e+02
0.000000000000000000e+00 1.999999999999964473e+01 3.373175847939573657e+01 4.199364676265219032e+01 5.352119439630746456e+01 4.725727320297248468e+01 3.815656040699444418e+01 2.267855852709280384e+01 4.094090626601953886e+01 4.516819521066718579e+01 3.932492955926065292e+01 3.674102976505940177e+01 5.672059531272543609e+01 5.679760511199237527e+01 3.771782077498839669e+01 5.769073240003377379e+01 7.064176006736899183e+01 5.155000137135560578e+01 4.849104227127280353e+01 5.283568601760295280e+01 5.786990683697337801e+01 6.330790720137867567e+01 7.465042113424591719e+01 9.430465101352093882e+01 9.883902205462831603e+01 8.207063337936384073e+01 9.412269003471817541e+01 1.024101846762188046e+02 1.155225506628236047e+02 1.072112778252573690e+02 1.072112528371831530e+02 1.054027129315948628e+02 9.004541974366252077e+01 7.094056808650333323e+01 7.160141212718005477e+01 9.071806820682739669e+01 9.715854888712536308e+01
0.000000000000000000e+00 6.666666658697507408e+00 1.373773419069247304e+01 2.528458470721887608e+01 4.527081244237098190e+01 5.181919198355083722e+01 5.092891590195448970e+01 4.265108003287301131e+01 5.092891590190011186e+01 6.511665960555036747e+01 5.927748999332504809e+01 4.827727849708200836e+01 6.502478645663521206e+01 6.591708269905237216e+01 4.774637527377331025e+01 6.592995285094704627e+01 7.947353154249979923e+01 6.295899649119558461e+01 6.238567354436042933e+01 7.134641226690409610e+01 6.968635099029657454e+01 8.295887721298687723e+01 7.465042307170992331e+01 8.599776786864404698e+01 1.056610345789812584e+02 1.021205988384714516e+02 1.104202493797916134e+02 1.119506504411572934e+02 1.072112776757769552e+02 8.685531626506910641e+01 8.685531624249136939e+01 1.011885992301310040e+02 9.456836881389160965e+01 7.538449606361359656e+01 6.453011602750537179e+01 7.851279622798119817e+01 8.089429350232515503e+01
0.000000000000000000e+00 1.999999999999964473e+01 3.373175847939569394e+01 4.182916920594094989e+01 4.564376071671014046e+01 3.129896884913847188e+01 4.561493351796389106e+01 5.123421740288294046e+01 4.861123361171038937e+01 5.701444613862410193e+01 6.868714140215493558e+01 6.830931136089236588e+01 7.669313812342728909e+01 7.587501027180621804e+01 6.764224522060411005e+01 7.588395820404888070e+01 9.088013077388424676e+01 8.271211559880092068e+01 8.208164979642258174e+01 8.219411678696002355e+01 8.834561813171232814e+01 9.669088978718681915e+01 9.430843967227711744e+01 1.024321825574567129e+02 1.137705357060663545e+02 1.178084601136402654e+02 9.762439268748960330e+01 9.169060788108042459e+01 1.059671836829760281e+02 9.281743434406239146e+01 7.238367125970695781e+01 9.281743434406239146e+01 1.026437594165768843e+02 9.151521175342536196e+01 7.851279622798119817e+01 5.965311486286314135e+01 7.850185430656189567e+01
0.000000000000000000e+00 1.414213562373082489e+01 3.414213562373011257e+01 3.957993102509939121e+01 3.636826460669884398e+01 1.701086535737972127e+01 3.603554846209942042e+01 3.156243518386949276e+01 2.906146042159100773e+01 4.009499412857814349e+01 6.024463309041089332e+01 7.450253414007892161e+01 6.617464327495497400e+01 7.450253414007892161e+01 8.128624175290065068e+01 8.713213768517115909e+01 7.660772583484430243e+01 6.819320178161160584e+01 7.405985176026943861e+01 5.922700119674487240e+01 7.406016697887397982e+01 8.847599015969181835e+01 9.694596191922663309e+01 9.677133456591504057e+01 1.052575394804167956e+02 1.119506457883503856e+02 9.169060787887325148e+01 7.719652473957158634e+01 8.741061872827555135e+01 8.635571080271807887e+01 6.616932748187548441e+01 8.635571067047332861e+01 1.002721268677717745e+02 9.297378835229729077e+01 7.530833897287851642e+01 5.638358613330021285e+01 7.464681613428285800e+01
0.000000000000000000e+00 1.993941167412658189e+01 2.415797334232101434e+01 1.875512840235837686e+01 2.583392969203356060e+01 7.740858792019511547e+00 2.812536849613672629e+01 1.801234298411964119e+01 3.732316881874657355e+01 5.412117673036775756e+01 6.543229861521182045e+01 5.707277623944702327e+01 4.616978860133953333e+01 6.453125551249682701e+01 6.154786345349261012e+01 6.732820280247736378e+01 6.493801370260420924e+01 4.802518302710529241e+01 6.011832121959835007e+01 4.536318288379760588e+01 6.563058843865003666e+01 6.815147482859877925e+01 8.236750131838520872e+01 7.640122718761276133e+01 9.677133438296483803e+01 1.087445083212524679e+02 9.919501384973513325e+01 7.878354308406727569e+01 6.719435275494360837e+01 7.976962733957402918e+01 6.083230013350301135e+01 7.172893119348174196e+01 9.190828089687884983e+01 8.369776565042910477e+01 6.460597496399820727e+01 5.306907385710074720e+01 6.152606459137624739e+01
0.000000000000000000e+00 1.370510528553413820e+00 2.746321534256737973e+00 4.141234403048016155e+00 5.598355807341669710e+00 2.602937326960843478e+01 9.981080113068083293e+00 1.157555085507280523e+01 2.591546687968649820e+01 4.225778315985666467e+01 5.382549952927912074e+01 3.700156356141630454e+01 3.614261768775865846e+01 5.620208066749334108e+01 4.752387547818904778e+01 5.480327993686154997e+01 5.186173677297436768e+01 3.637680274836569794e+01 3.991543106859148793e+01 6.011831664892584826e+01 5.162714681984241594e+01 5.668395379455150618e+01 6.208513601504789392e+01 6.972838151520726058e+01 7.985027596972051356e+01 1.002448181278527812e+02 1.075190389459088465e+02 9.579607430297710380e+01 7.976962733957402918e+01 5.989129566256357151e+01 5.566548111537520782e+01 7.095574740478083697e+01 7.924798441041264141e+01 7.901284328731921391e+01 6.744734221655669160e+01 4.895562733613398620e+01 4.876975160061159187e+01
0.000000000000000000e+00 6.742827660591386163e+00 1.467992905107278645e+01 2.417436551914381582e+01 5.357255247242840746e+00 3.208671070658616031e+01 3.026205949470723056e+01 3.178006307017177789e+01 1.388630124925330556e+01 3.400003580735140929e+01 3.793076541887813136e+01 2.541259403132443495e+01 4.155671480408410190e+01 4.345475741016866777e+01 4.538818331900870362e+01 3.486328346104183140e+01 3.172204589504905670e+01 5.186173677297436768e+01 6.011832375363232472e+01 6.852186876093095691e+01 7.188109131893837400e+01 7.694680772360324283e+01 8.236750160314963409e+01 9.004747968937641645e+01 9.852817379863718372e+01 1.087452478357731422e+02 1.106449575690204341e+02 9.039750084378633233e+01 7.604624725846838373e+01 7.976962733957402918e+01 7.095574753733117745e+01 5.125573417161376710e+01 6.679388784055420558e+01 6.658466003276170397e+01 5.885926145734345027e+01 4.828984204184492057e+01 6.757373588066771219e+01
0.000000000000000000e+00 1.999999999999964473e+01 2.879137708856097788e+01 2.835715829183800807e+01 3.208668234977440648e+01 2.247724110542939968e+01 4.386503183774869541e+01 4.213082552294180516e+01 3.381847220063936277e+01 1.618910736992975075e+01 1.784146963789553908e+01 1.960827424477451686e+01 2.147079547262836385e+01 2.336366598215417056e+01 2.529121356723318925e+01 2.725665825971013945e+01 4.736518792797682664e+01 5.960105512298365227e+01 7.264678705268306658e+01 6.529283487467409941e+01 7.049044640442147625e+01 7.631053053305393519e+01 8.304715660282836609e+01 9.151182275044904202e+01 1.016992406460052223e+02 1.169830538610654429e+02 1.114829007176725497e+02 9.743376876834979328e+01 8.565424049983407428e+01 7.672958816659034653e+01 6.887914789429707696e+01 5.289078082742553022e+01 4.716954843639361883e+01 4.749344394937040192e+01 4.781975751539112451e+01 6.466622912939831735e+01 6.675979900285337010e+01
0.000000000000000000e+00 1.154700530086855537e+01 3.154679707125674426e+01 4.464913742341786218e+01 5.018916406197951829e+01 3.529835470410625220e+01 5.213674110510056181e+01 5.206364047373225645e+01 3.164126196177986472e+01 2.623087990205491593e+01 2.247262274725895637e+01 3.969199372098277223e+01 3.569518234376113242e+01 3.757033134791456774e+01 3.950221958082682505e+01 4.736518805681694744e+01 3.113426804979566498e+01 5.123323936120051059e+01 5.249203590485502247e+01 4.518303873475490207e+01 5.036020336527272434e+01 5.614919382449829754e+01 6.283735087872270952e+01 7.289153563498358324e+01 9.320297203955257714e+01 9.838514000598597420e+01 9.295992985385720431e+01 8.899393375787313687e+01 6.863039841174001765e+01 5.728981020054896334e+01 4.659682685719080553e+01 4.671692959341944373e+01 6.628892313592372432e+01 6.691208703662256596e+01 5.175461716016371128e+01 5.406605318907774915e+01 7.378947391210199669e+01
0.000000000000000000e+00 1.999988134080430058e+01 3.982468119095351966e+01 4.155518749783528420e+01 4.985292866665663070e+01 5.556733592168125568e+01 6.375369777657804349e+01 6.038893844493112795e+01 5.071414402900303742e+01 3.667781588538404947e+01 2.723796349474586620e+01 4.719102494419399818e+01 5.606020608712313447e+01 5.766102532010949488e+01 5.959815680336357246e+01 5.960106350839758704e+01 5.108714608580727656e+01 3.520034808840141238e+01 3.830186879971656566e+01 5.839522584296418017e+01 7.049044640442147625e+01 7.631053053305393519e+01 8.304715660282836609e+01 9.151182275044904202e+01 1.016978894183436637e+02 9.838518241214784155e+01 7.941417531096637106e+01 8.743160939853066793e+01 8.206004219619474327e+01 7.652316211027502391e+01 6.552981369918028065e+01 4.639790711456787164e+01 6.410575110828544609e+01 7.605817840566260202e+01 6.521468931663521573e+01 7.378947255146236728e+01 6.112953447200158763e+01
0.000000000000000000e+00 1.999999999999964473e+01 2.738664564621969788e+01 2.151784345223670414e+01 4.155518749782918775e+01 5.465564399355789504e+01 6.297693117510108607e+01 7.025893037583790601e+01 6.010068869834110927e+01 4.589086686985695707e+01 4.719102494419399818e+01 3.511641948052390205e+01 4.503888861392604781e+01 5.650874524456074965e+01 7.639053356784714310e+01 6.963177142951472831e+01 4.940449756811680260e+01 4.939548754968058830e+01 5.839522584296418017e+01 4.464626659236343897e+01 6.475356757570413890e+01 7.793119331272212946e+01 8.467301246013634852e+01 9.314540537821214627e+01 1.033423754539617931e+02 1.007881994835461512e+02 8.189986654313108261e+01 6.806198727597279685e+01 6.262477767921974703e+01 7.495077363395412817e+01 6.808488697993929861e+01 5.545984753454523286e+01 4.594709791462552317e+01 7.360199318015675374e+01 8.557572298920457854e+01 8.958860446188423055e+01 8.114782713664496328e+01
0.000000000000000000e+00 3.651484254150965558e+00 7.365398737888602554e+00 2.738664564617533514e+01 3.821933453133920011e+01 3.452535827513131750e+01 4.997719749816155854e+01 4.997719749816155854e+01 6.765757587241886029e+01 6.385118026574497208e+01 6.317231449699388435e+01 4.657555802466568906e+01 4.915581479666481357e+01 6.902489335443756602e+01 8.452905911950320217e+01 7.822886926714139122e+01 6.966956245913513612e+01 6.953683266926690010e+01 6.475378975796964198e+01 6.475378975796962777e+01 5.196826455604318085e+01 5.775803345878640016e+01 6.444784328768314197e+01 7.450788734550788206e+01 9.483903126641408221e+01 1.062290577773323861e+02 8.743031103898630363e+01 8.743227740798637626e+01 7.496345088438732773e+01 5.544936999136935896e+01 6.592318224191566856e+01 5.225365272426725483e+01 4.562840932934133775e+01 7.596002947573740016e+01 8.321732051194449298e+01 1.032016657450124200e+02 9.872005047383665044e+01
0.000000000000000000e+00 1.999999999999964473e+01 2.738664564621969788e+01 1.353824523315020656e+01 1.812821110558448368e+01 2.368183888203303056e+01 2.973119597445310802e+01 3.876118291852426267e+01 5.324416687810452231e+01 7.386470375677151878e+01 7.462238416886160053e+01 6.644963940980548500e+01 6.902489335512366608e+01 7.718881366326205296e+01 8.515186963503289519e+01 7.697271414178666760e+01 7.955206508287055556e+01 8.773378423005394211e+01 8.499556293881069280e+01 8.053609438995516712e+01 7.210768982130491622e+01 7.793120499299371318e+01 8.467274995055116449e+01 9.312873607648006669e+01 1.033437049214416845e+02 1.038944298037093432e+02 9.114663881253383693e+01 8.195233994650729414e+01 7.292378500132838326e+01 6.451853924652614580e+01 4.890540063908566282e+01 4.517845748915122073e+01 6.485060223889179554e+01 6.027117488730605288e+01 7.723482091426197371e+01 9.766035217791760203e+01 9.403100585327497640e+01
0.000000000000000000e+00 1.999999999999964473e+01 3.983127537249846029e+01 3.359479927902602014e+01 3.821933453137549463e+01 4.383694580048234002e+01 4.997719749816155854e+01 5.836410335460010401e+01 6.777865479525335957e+01 6.370840062881916310e+01 5.496376770310553894e+01 6.335576525181956242e+01 6.005533176406530771e+01 6.810586052978634086e+01 7.369725950633113598e+01 5.709391961719768460e+01 5.968933178202247802e+01 7.628468446115000745e+01 7.871637742209621535e+01 7.054164024185598691e+01 7.871637742209621535e+01 8.321796949530769893e+01 8.816184071952635293e+01 9.031069282310274104e+01 9.844169062572956364e+01 9.509035763416460441e+01 7.275741035560119485e+01 5.994531795436245858e+01 5.252988679487830126e+01 4.526730692678331991e+01 4.472932760971174559e+01 5.615566586536168359e+01 5.608741981226703643e+01 7.399691522294590129e+01 9.135364671426988536e+01 9.060731911195946964e+01 7.367522761533605546e+01
0.000000000000000000e+00 1.154700538379241515e+01 3.154700537959579876e+01 3.920546313361095514e+01 4.071234321925654598e+01 3.651328190671928553e+01 4.133174127479588833e+01 5.020739957032620993e+01 6.655826688148428616e+01 5.322231418779644940e+01 3.459159079921750646e+01 5.247499790033563016e+01 3.783424172132132668e+01 5.591994435087861604e+01 6.479392855899502024e+01 4.554245976015220521e+01 4.814620856682009276e+01 6.808338004908124219e+01 6.869608237372133885e+01 5.061455741227067051e+01 6.474152208150610477e+01 6.339465085244973608e+01 6.838545705108670347e+01 7.055204657801218104e+01 8.889944886101891086e+01 9.775229670499028600e+01 9.114798230112381816e+01 8.195234930742722668e+01 7.275738197837112864e+01 5.692077426571015764e+01 4.441260691482793277e+01 6.304643813030308053e+01 7.072188018480920846e+01 7.956696232286134318e+01 8.556318514243159257e+01 7.722356511140918656e+01 6.205510030838880908e+01
0.000000000000000000e+00 1.999999999999964473e+01 3.333595511818298007e+01 1.920049807922163509e+01 2.402101567182597819e+01 1.598432666088861076e+01 2.229974783745985079e+01 4.193910383802179354e+01 4.673462554887683496e+01 4.461346411220984720e+01 2.476379422792214768e+01 3.901232480198089547e+01 2.373248717714376355e+01 4.683401903204856609e+01 5.657233218122942731e+01 3.658115002050949016e+01 5.657233213547828399e+01 6.352982578813632131e+01 5.527543820458888746e+01 4.059293036892960771e+01 4.477439815377005772e+01 4.925827349193973248e+01 5.426931752294165534e+01 6.094350830444406597e+01 6.987327047867786689e+01 8.388231734225190905e+01 1.035076221515200814e+02 9.206539530472970512e+01 7.777597754988327949e+01 6.438836647047904194e+01 4.409579359195687687e+01 5.995126803047073594e+01 5.957580984372805233e+01 7.348196550084554701e+01 7.261269210221269077e+01 5.712232872185597188e+01 7.128274502270913615e+01
