MOVIE_S1_data/elevation_000643.asc
nrows	100
cellsize	150.0
xllcorner	0
ncols	100
yllcorner	0
NODATA_value	-9999
[rows 68 to 84 of 100, columns 37 to 73 of 100]
7.728569558336440082e+01 7.749720566880569095e+01 6.000448399506155539e+01 3.996648975797351255e+01 2.900133277981157676e+01 4.224308905312136631e+01 3.922003512147222182e+01 2.036812034063292387e+01 4.017206802793884890e+01 2.154201002082618999e+01 2.191937838386866844e+01 2.874423185968891659e+01 4.102175043346721850e+01 4.326247050994338395e+01 2.756355403883366151e+01 4.635957251715798577e+01 4.654926393409873242e+01 2.876422739105326798e+01 4.880390366604351726e+01 4.379691402253138222e+01 5.780898743580201682e+01 7.679829390315980220e+01 6.469908525249549314e+01 7.682234426525967308e+01 8.434983290366210440e+01 9.258834908477105330e+01 1.040795245944907066e+02 1.098163491023506850e+02 1.015962327778665468e+02 1.098163491023506850e+02 1.105326873774782115e+02 1.023193463842975746e+02 8.645492384309368106e+01 1.063508270921502543e+02 1.215236811019061918e+02 1.158526587376905610e+02 9.553165675478631158e+01
6.880897829071385274e+01 7.768207064167209808e+01 5.947029600506093772e+01 5.664034838518268344e+01 4.212741020954751292e+01 2.116643681061620796e+01 1.990532764047631886e+01 3.985376724076272126e+01 4.689827069142581450e+01 4.563197473436382268e+01 3.239748895371555193e+01 4.440992563433521667e+01 3.842141245788473469e+01 5.182026533177463534e+01 3.256610638429071258e+01 5.277377217693744882e+01 5.703333200880265252e+01 4.880390366604353858e+01 3.112255650699233556e+01 5.108641988161539871e+01 6.172994513033638952e+01 5.691623591956351191e+01 5.066835408577203737e+01 5.692386820157970817e+01 6.443396998154429411e+01 7.593200805091103689e+01 9.584879550376803081e+01 1.074353548122525979e+02 9.920482936571764299e+01 1.017870146637700941e+02 1.100152605434668089e+02 1.145551334395299534e+02 1.063508270921502543e+02 1.005326925159113785e+02 1.203970464938182943e+02 1.240023858615050329e+02 1.058070192064293167e+02
6.621862237399015783e+01 7.950920508082386107e+01 6.699291925123156943e+01 4.953444679266009842e+01 2.827367050364717471e+01 2.942924996257002235e+01 1.958973763384319611e+01 4.296873481183401822e+01 5.798382579245971868e+01 6.085639801236605706e+01 5.345239685377396910e+01 5.311769321276834432e+01 5.006802886206442338e+01 5.933578015297350561e+01 3.945968771394567653e+01 5.982424638764629776e+01 7.093528205643140438e+01 5.108623445236823812e+01 3.787368893879511234e+01 3.363954457962124422e+01 5.350427528813905553e+01 4.294354010899208163e+01 6.273955689677204361e+01 7.682234426525967308e+01 8.434983290366203335e+01 8.263276192036384771e+01 8.263276193170929673e+01 9.087258105633796390e+01 7.928439624934163987e+01 8.187028766458350049e+01 1.017870146637700941e+02 1.062052248799373899e+02 1.144296628308045882e+02 1.203970464938182943e+02 1.285775743631487273e+02 1.339537621470502415e+02 1.258982982683670571e+02
4.911883334445570171e+01 7.101865127339239336e+01 5.835723978043669291e+01 3.894044616708082174e+01 3.556407711311054243e+01 2.572546401986178211e+01 1.928238934927441761e+01 3.252428103282587557e+01 4.003165921320860576e+01 4.775594658346562937e+01 5.702392814894011508e+01 6.406895950383356819e+01 7.076548375561301896e+01 6.803782961088838022e+01 4.981611939150577939e+01 6.803782961088838022e+01 6.829751165225222564e+01 4.845753938603392896e+01 5.769249764120527146e+01 5.350362500747815631e+01 3.615922886981448414e+01 5.594957913459204946e+01 6.104835895305287607e+01 6.348547607814409588e+01 6.598495839811702979e+01 6.271795578681831529e+01 6.271795578681977901e+01 8.263276191693077521e+01 6.778052100720063322e+01 8.511432867106064748e+01 8.994728645780767806e+01 8.629339817803381152e+01 1.032912684641700594e+02 1.115186485956564582e+02 1.229963292292184320e+02 1.275607734185760620e+02 1.192470860279766072e+02
4.992227800206368471e+01 7.051671857608717175e+01 6.675531713758608987e+01 5.660450525952845879e+01 3.782038292939756019e+01 4.112945592022364139e+01 3.809011570784892342e+01 1.885320644708948379e+01 1.992242759078081349e+01 2.707537045932772557e+01 3.828597233335037231e+01 5.608922572952411656e+01 8.115951070746174878e+01 7.800361384848109481e+01 6.983237338429502472e+01 7.800361384848109481e+01 7.653498235921468051e+01 5.989093344820390996e+01 7.653221088886357393e+01 6.415755184747145279e+01 4.603979500148098225e+01 3.889128374933430621e+01 4.128014706455874006e+01 4.368622109568701717e+01 4.614595518295797660e+01 4.867544519383908863e+01 6.855086738878812014e+01 7.542911823643524372e+01 6.074186591273530667e+01 6.519321647201404346e+01 7.002049105031437648e+01 7.632093519755582633e+01 8.337311411801286454e+01 9.488186818203857342e+01 1.147787229353342866e+02 1.158992832847984999e+02 9.899607357579866118e+01
4.663482993321881764e+01 6.762634133560763416e+01 7.460913243048550214e+01 6.716594381672211966e+01 5.818293306166948042e+01 5.085050427338398293e+01 3.591075732542446275e+01 1.854973914762260989e+01 3.800170900925812134e+01 4.675783551866607723e+01 5.635667007336458312e+01 6.576953259164916687e+01 7.396756794900004195e+01 8.268344955798770002e+01 7.444452304099067419e+01 8.268344955798770002e+01 8.801767755859721376e+01 7.978111103788261005e+01 8.205139457074396603e+01 6.220464362663059177e+01 6.394143518378984936e+01 4.413906241111383366e+01 4.455993803790752850e+01 6.348547064253645544e+01 6.598495839811702979e+01 6.855086745731833275e+01 5.258711027750373290e+01 5.551393821745166690e+01 7.542911825410827475e+01 8.511432867106061906e+01 8.411413235012811640e+01 9.624913730890087038e+01 1.032912684641692209e+02 1.115186397909460823e+02 1.194089048431842883e+02 1.068584320398850167e+02 8.730960168126608778e+01
5.425787134828152602e+01 6.413922402502009845e+01 5.421347958739005435e+01 6.948881772455065686e+01 6.131239097673421412e+01 4.033001369919824697e+01 2.860433061591943726e+01 1.824448408295240398e+01 3.238210928061015181e+01 5.217908012621822422e+01 5.183740133555079410e+01 4.606761995666233389e+01 6.576953477942005577e+01 7.275245849459665237e+01 5.459436505868029599e+01 7.275245849459665237e+01 7.390486876153849494e+01 8.214718385603627837e+01 9.022004077702473523e+01 7.242208584862153486e+01 5.254136167058811679e+01 6.394491657577142973e+01 6.436965608707215836e+01 5.049033900814504960e+01 7.036079781938924782e+01 8.073702804781157738e+01 6.407404481255838391e+01 6.959490947543289963e+01 6.364147344185005295e+01 7.514176406208449066e+01 9.506287416015766212e+01 1.122562332594149410e+02 1.102743230277142459e+02 1.019238572564205754e+02 1.102743230294391310e+02 9.088088686298115704e+01 7.833996004234576560e+01
4.589664821643444270e+01 4.947345217524175354e+01 3.863442053608990534e+01 5.676041069450199927e+01 6.006092245854412681e+01 4.306139156827510561e+01 2.490057730147362847e+01 1.794029980680171121e+01 3.797093916593796337e+01 4.227697897785689207e+01 3.251627432451628152e+01 5.183649360897870650e+01 6.246809927143469565e+01 5.424897912981225545e+01 4.470027412363112518e+01 6.329366666919823814e+01 5.405324140619796225e+01 6.809400405222831409e+01 8.793353715187015496e+01 7.905888562933672858e+01 5.914848628812261211e+01 7.905888562933672858e+01 7.481056559669855233e+01 5.491059360705413894e+01 6.639235725718408787e+01 8.631005204490361393e+01 7.815981343905843914e+01 8.951414408477135964e+01 7.068174749889787734e+01 9.060557203695411488e+01 1.032970576230839441e+02 1.039242816013782118e+02 9.557282160504209401e+01 8.174045345595187939e+01 9.386382111335200307e+01 8.551584614704459852e+01 7.080674263848565886e+01
4.075726057440852657e+01 4.727107572371323840e+01 2.952454504946078373e+01 4.452034627959074697e+01 4.597206996476653984e+01 3.243353695691389049e+01 1.974418731223729040e+01 1.764016029426188936e+01 2.028193694610459374e+01 2.298830886722638311e+01 2.547271785467700411e+01 4.453688129689127351e+01 5.045950094141131359e+01 3.474144621165667246e+01 3.737402223996443951e+01 4.348172108600697783e+01 6.329372759959652939e+01 7.390486876153850915e+01 9.376406201152515507e+01 8.730330492275012944e+01 6.909778938537844795e+01 8.730330492275012944e+01 7.995254514625236197e+01 6.003766066569079385e+01 7.995254514625236197e+01 9.454516686745763820e+01 9.807936290559874237e+01 9.884355521812851464e+01 8.064601028604525368e+01 9.884355521812851464e+01 1.098577729481801839e+02 8.965580102087949399e+01 7.544871464662901417e+01 7.173675406039282620e+01 8.119283445558349399e+01 6.547086555471291547e+01 7.123314032702862164e+01
3.432398536069244699e+01 3.468215341652197026e+01 2.807415765191974444e+01 2.189006129355350794e+01 2.757849762754934275e+01 3.519139149893338470e+01 1.722799679440510801e+01 2.035819989261829477e+01 3.866070609963386318e+01 4.229069845795924465e+01 4.453688129717228605e+01 2.884716556411183319e+01 3.119072703587475459e+01 5.045950094146579090e+01 5.702860160995275152e+01 4.225750428803198844e+01 6.205790959005351937e+01 7.591114179292213748e+01 8.737985102261863801e+01 9.726023199460423996e+01 8.901998187385602535e+01 9.726023199460423996e+01 8.819158404056278755e+01 6.894035602610586011e+01 7.153341465191796544e+01 8.303760765564297230e+01 1.029480710541377277e+02 1.087966985671171471e+02 1.005652640973007834e+02 1.087980722192175875e+02 1.030274181034297101e+02 9.296897781726374888e+01 8.284424012693278883e+01 6.279707888244364966e+01 6.114708291524214445e+01 8.119283445558349399e+01 9.131215978949866496e+01
1.528563567103895693e+01 1.555134901213218335e+01 1.581383716035178466e+01 2.067438662992829279e+01 1.656054530071764574e+01 1.683110442850509614e+01 2.888965481449191230e+01 3.865904384447869546e+01 2.465288773022921021e+01 4.297618633501255658e+01 5.577540942478972141e+01 4.797021041392282825e+01 4.212017965801958752e+01 5.839364630561608749e+01 7.029205551965448251e+01 5.366742727981364425e+01 4.781571474794172616e+01 5.928736540159852098e+01 7.913260219334596002e+01 8.773481825304476445e+01 9.599451057028630885e+01 1.074743772516509779e+02 9.709456087313557759e+01 8.044443947960806440e+01 9.145303862784334115e+01 9.968125428075157402e+01 1.111587342255837711e+02 1.050740858115231759e+02 9.673611315175445213e+01 1.050740858121646113e+02 9.469393248834215626e+01 7.457785276539803476e+01 6.458213122453312849e+01 5.700502910998291384e+01 7.705771164900630765e+01 8.953393611172541000e+01 1.042357737770589807e+02
1.886903629353490786e+01 1.862809104816138017e+01 2.661892614706674109e+01 1.618449791881474198e+01 3.587412395173360125e+01 1.824200717439346775e+01 3.730949602453608094e+01 5.033277717290340547e+01 4.297618633501255658e+01 2.885248613682577812e+01 4.754862411249918352e+01 6.100052300637526770e+01 6.144236538217467114e+01 6.940371754515948055e+01 8.176135243782619000e+01 7.351952157584516101e+01 6.767494938949873529e+01 5.425941935441833408e+01 6.089476805085801914e+01 6.792063523482315190e+01 7.935456156040125109e+01 9.918246179020663078e+01 1.085814454607317856e+02 1.003595990349842140e+02 9.664259471572822235e+01 8.830098550547427294e+01 9.664259471703462623e+01 9.498082246907544857e+01 7.652602599599600808e+01 9.498082246907544857e+01 1.030274181034297101e+02 9.296897781726374888e+01 7.462589470146640735e+01 5.457113710345950608e+01 7.462589462396397266e+01 8.408137630421150277e+01 8.408137630421151698e+01
3.957596943952997748e+01 2.265616588775085560e+01 4.214076864295515179e+01 4.595376106721402465e+01 3.287496942161354951e+01 3.732222562241032193e+01 2.277792545824492976e+01 4.256937646220977456e+01 5.565006991857728025e+01 4.742191971552092156e+01 3.343853079341465673e+01 5.282768302766077539e+01 6.791581291689932698e+01 7.628679588021573466e+01 8.636591450425221694e+01 8.814092679084257043e+01 6.830935406354529960e+01 6.830935406344734417e+01 7.047766751887600378e+01 8.773481825304476445e+01 9.599450869969206224e+01 9.693928373697357870e+01 1.052739430797228550e+02 9.959415241122648865e+01 8.658003824527636993e+01 6.818138704907782710e+01 8.658003824527636993e+01 8.663106957387513773e+01 6.635298667564948971e+01 8.663106957387513773e+01 9.327227020417564063e+01 8.574433014565451572e+01 7.224583294994567950e+01 5.218759828556395775e+01 5.798243699079839786e+01 6.402552545903895975e+01 7.157970262345081380e+01
5.333822162690712076e+01 3.002909181914714054e+01 4.708123080844448083e+01 6.037513333321744824e+01 5.229223330589343277e+01 4.647660583212552865e+01 2.661743251261130894e+01 4.647660583276709190e+01 6.274563413506334086e+01 5.795500322041709751e+01 3.828322166886976419e+01 4.137058005887006118e+01 4.787024421306379196e+01 5.785790143427740873e+01 7.797372461912712538e+01 9.640510273074724523e+01 8.814092679085167958e+01 8.814092641994719202e+01 9.031500692310812894e+01 9.858499259485022037e+01 9.363693603659463349e+01 7.676921183240494884e+01 9.363693603659463349e+01 9.108473568358721195e+01 7.115344725312141350e+01 5.819403296823120542e+01 7.824118627727601449e+01 7.135631616422908508e+01 5.953414868241513602e+01 7.987170860780003068e+01 8.574432815737363001e+01 6.848517487872818776e+01 6.960624740901261021e+01 4.999954765397298928e+01 6.003878849297984033e+01 8.010163514612183633e+01 9.167770928012068055e+01
6.365253451449168409e+01 4.635843121633124753e+01 5.487187446857986117e+01 6.973267119576240702e+01 4.960669817770884293e+01 3.548581704650266033e+01 4.647660583276709190e+01 3.470595259810644961e+01 5.460609438563184170e+01 6.377967704728079212e+01 4.381824126959534027e+01 6.123012672249188171e+01 6.791581291689891486e+01 7.628679588021576308e+01 8.636589918537573851e+01 9.319537310363656957e+01 9.319537378260135085e+01 1.015407245934391653e+02 1.025734959339523726e+02 9.093652863081969429e+01 8.259332773462837451e+01 6.512846916344399517e+01 8.529408729520277177e+01 8.274516853706045083e+01 6.266771832609886417e+01 5.130025233723902289e+01 6.390408545708819332e+01 5.135837082842009949e+01 7.135631616422908508e+01 8.652214561457900288e+01 8.574426629973235947e+01 6.848517477767902051e+01 5.543267565386872064e+01 4.786325922804081756e+01 6.945055251604927093e+01 8.010163522242193324e+01 1.002362698803220979e+02
7.545109859863457302e+01 7.418458302489318612e+01 7.828030992483385830e+01 6.303184370791151991e+01 4.817852851636327927e+01 4.960646093944067303e+01 6.125321210509120817e+01 4.131955610327717210e+01 6.125321210509120817e+01 7.134962142325386480e+01 5.132143116622649615e+01 6.011100817740988589e+01 8.010338740431583915e+01 9.441231049195214098e+01 8.606491804191831818e+01 7.302740508152820098e+01 7.302740508163492450e+01 9.319537378263301264e+01 9.423796190559949082e+01 7.406886388592563719e+01 6.244031901642253501e+01 5.752954804584202009e+01 7.767220006573121793e+01 8.703488065155620745e+01 7.948353616451026937e+01 6.390408545708819332e+01 4.465015191488856772e+01 6.390408545708819332e+01 6.836981932570687093e+01 7.060753013320631055e+01 8.329841776193372027e+01 6.339084864510630979e+01 6.027641256744096410e+01 4.578997409071911306e+01 6.076348356454722222e+01 8.377358338119002212e+01 9.359648921590320469e+01
8.148958909790474081e+01 9.008093573714666036e+01 9.383827025842586522e+01 7.723102944441531292e+01 6.868973180305721371e+01 6.971853098732569265e+01 6.961098683495229977e+01 5.125888380316207105e+01 6.961098683495229977e+01 7.959646122885290254e+01 6.289958652682370399e+01 7.959646122885290254e+01 8.833464075820099026e+01 8.606491678135206769e+01 6.590509066904387225e+01 5.878277625820012986e+01 7.893446635080711360e+01 9.123008753561309447e+01 9.564304103239895483e+01 8.520807932375609539e+01 6.505029813545638717e+01 5.092003149514799532e+01 5.857672144470136999e+01 7.280580053768710513e+01 7.455411618889502279e+01 5.478035502470936535e+01 4.192336828457801090e+01 5.624249641628517793e+01 4.996468478110968903e+01 6.684939500028166037e+01 6.771793504708632838e+01 6.043163352058893167e+01 4.284013257679907127e+01 6.085652819491412657e+01 7.441803926877699382e+01 8.750639941250803133e+01 7.310561198311795295e+01
