MOVIE_S1_data/elevation_000287.asc
nrows	100
cellsize	150.0
xllcorner	0
ncols	100
yllcorner	0
NODATA_value	-9999
[rows 68 to 84 of 100, columns 37 to 73 of 100]
6.922593254223112069e+01 4.955907817952569161e+01 3.598621232543295179e+01 4.953299448286523443e+01 5.378883494667337573e+01 3.601881279633128230e+01 2.340525365168914007e+01 2.310118444239899560e+01 3.209241080761002252e+01 4.666138469038067171e+01 5.020289431394148494e+01 5.688986478547237624e+01 6.391210049226002354e+01 7.251105200783632654e+01 8.444985115090702266e+01 9.788183454959974483e+01 1.058049705599127321e+02 9.085777017260650723e+01 7.599487972855551732e+01 8.431314038918316101e+01 6.599396305866413570e+01 7.683908175205357338e+01 6.836685532434555057e+01 5.277386041022921148e+01 5.707702688723014717e+01 7.744510157496645775e+01 7.801746322733902161e+01 9.763001894769668354e+01 1.097963941142714219e+02 1.132797245574257516e+02 1.132797245574257516e+02 1.217133655234009240e+02 1.263143264011372509e+02 1.178449542017409044e+02 1.227215573753432523e+02 1.241962404636526429e+02 1.073095377484135753e+02
5.504504467547457125e+01 6.058114032224312950e+01 4.281882895822293023e+01 3.023865601207445408e+01 4.429086257801041882e+01 4.093749109111495699e+01 2.255462115357257602e+01 3.811867545288013304e+01 2.372458858572046481e+01 2.870521023907760494e+01 3.364963836939402597e+01 3.850241245585428373e+01 4.434181292430626087e+01 5.520589029593546826e+01 7.580500481580642713e+01 8.650827962100905211e+01 8.868883241117373473e+01 9.694774470040972858e+01 9.715646144692814801e+01 9.433223115992539931e+01 8.035793863056308339e+01 8.194581144109751847e+01 6.183552178173493274e+01 7.356152170897362907e+01 7.744510157496645775e+01 6.378792304499613408e+01 7.214146778242107416e+01 8.200748405589082779e+01 1.015652138619803679e+02 1.171040771801107212e+02 1.253691421911893826e+02 1.265067821293912544e+02 1.247809991219344994e+02 1.247809991219344994e+02 1.330937066855369153e+02 1.158068603642484220e+02 9.592021932432241726e+01
3.618183100285414611e+01 4.893853390021720173e+01 5.507966265229466529e+01 4.390790030143961076e+01 2.500961763248712799e+01 2.200265244343675164e+01 3.973550731036881700e+01 4.285639493328853433e+01 2.416819009763374027e+01 3.398845324234895315e+01 4.752177703291413735e+01 5.699282714803706540e+01 6.391210049225896483e+01 7.251104970204686140e+01 7.983545369558713389e+01 6.648980189495375726e+01 6.868170130682689489e+01 8.448524677147342743e+01 9.203112632800815618e+01 1.002802999387463387e+02 1.001388058254991051e+02 8.853894038021923052e+01 6.875955356285417963e+01 8.853894038021923052e+01 9.118743126529712129e+01 7.154118408035824928e+01 8.376184780143266551e+01 9.994803904997060329e+01 1.097900736185758745e+02 9.672669417176827267e+01 1.136759117525606797e+02 1.061749279707840259e+02 1.044299851288187995e+02 1.044299851288187995e+02 1.247809991219344994e+02 1.082904165621804111e+02 8.849370768873070858e+01
2.872550239070879030e+01 3.741506269038215038e+01 4.004321610849038393e+01 4.045988703455627444e+01 2.145006692380458801e+01 3.155380915224304772e+01 4.702245929861680906e+01 3.154397764694560991e+01 2.461061902649964139e+01 4.222658134732981949e+01 4.342154687144017089e+01 6.013673822804948799e+01 6.977885071967033070e+01 6.156380806702079411e+01 5.978463052490121044e+01 5.226598546060881034e+01 5.807075786755909519e+01 6.444901989271480147e+01 7.206660559817066769e+01 8.620585571143514869e+01 1.060945736550326473e+02 9.668102821637837962e+01 7.875262836740934347e+01 9.668102821637837962e+01 9.933821697921528937e+01 8.292409962813341906e+01 9.933821697921528937e+01 1.115784687418533849e+02 1.045773085982417996e+02 8.480729106656605154e+01 9.540319890422618698e+01 9.164393835021600410e+01 8.988315425782512591e+01 1.044299851288187995e+02 1.247809991219344994e+02 1.130058582843475961e+02 9.313941073198652987e+01
1.972763105338830414e+01 2.011726284712232271e+01 2.050899783241960250e+01 2.089959132198438141e+01 4.043960842369081377e+01 3.543936466170536903e+01 5.462935266469122553e+01 4.832965473402602896e+01 3.872414087150981032e+01 2.522855485936697306e+01 4.499798701356309039e+01 6.339381307671482091e+01 5.610559322566835760e+01 4.156097741209367058e+01 4.560305260213468159e+01 6.565738064011803488e+01 7.814923549217718346e+01 8.448524677110187042e+01 9.203112632800815618e+01 1.002802999387463387e+02 9.961906448354065446e+01 1.064863956856766976e+02 9.832525239302913178e+01 1.064863956856766976e+02 1.106622828670943903e+02 1.024753522015585503e+02 1.087642549544702320e+02 1.003490593691620489e+02 9.616993559222335364e+01 7.554860254327137170e+01 7.477583028046390723e+01 8.011855483225548369e+01 9.206574862187783026e+01 1.125498028318161516e+02 1.163101545573862552e+02 1.063517712538581890e+02 9.453233868350753255e+01
4.044254149321835001e+01 4.010643959958668603e+01 2.940108320417946430e+01 2.457689005204865751e+01 4.287019879052596139e+01 5.503939958420867384e+01 6.330766313528992839e+01 5.288330144495415652e+01 3.431461857594716491e+01 2.566184441909507186e+01 4.528219672286211761e+01 5.110223155618851365e+01 3.619992033722551383e+01 5.610559322566834339e+01 6.565738066625920055e+01 7.394326609246652993e+01 8.092301924072093300e+01 8.902801036462071238e+01 9.457369554019690838e+01 8.656338744556009601e+01 8.026951869274417106e+01 9.410727956966459828e+01 1.068653701819752939e+02 1.105630455756176787e+02 1.057544080710376733e+02 1.021645923976849986e+02 9.372305983178048905e+01 7.977969887122500836e+01 8.355424685072664204e+01 6.825187712522351546e+01 8.888025263046785085e+01 1.007233286196133974e+02 1.091356153573936609e+02 1.209120814003610747e+02 1.079632652450820132e+02 8.814359310306937800e+01 7.823981197243520569e+01
3.710600254473170878e+01 4.783701016652593552e+01 4.829994055126775976e+01 4.183943551627022117e+01 3.078043169938793966e+01 5.226557619241535946e+01 6.382352742979045956e+01 4.394297138673698555e+01 2.745618920965393528e+01 2.609283303729137415e+01 4.335453279186224052e+01 3.130760449213729757e+01 5.110223171733679237e+01 6.438131703905402503e+01 6.968821732438046013e+01 7.239239748042041356e+01 6.201393928059476224e+01 7.799955819108625121e+01 8.367762578381908156e+01 6.788388443529933625e+01 6.709900566001522293e+01 7.784080262938799422e+01 9.788793717522948157e+01 9.145200712922023456e+01 8.589708552730427016e+01 9.372305983178048905e+01 7.312118465295755243e+01 7.915533418767591911e+01 6.292054060339736310e+01 6.980221878948084679e+01 7.790359355133354313e+01 8.849517662608525370e+01 1.031259075965312206e+02 1.235113792315916328e+02 1.163101545573857152e+02 1.063517712538581890e+02 9.696581859016917804e+01
4.568236033916300443e+01 5.960429016518842360e+01 5.915801163144532637e+01 4.249721395888860798e+01 4.048448917069092801e+01 6.142647361154045882e+01 6.382353468580530631e+01 4.394297139942671748e+01 4.910553380199590379e+01 3.027220012882996869e+01 2.670048404455053159e+01 4.573776840540174504e+01 5.499914670708196240e+01 5.733035181998400276e+01 5.228626070545875848e+01 5.368452762813962664e+01 5.128822489801566320e+01 7.000585682739146876e+01 7.577877135425762845e+01 5.712875459505760034e+01 7.028918580270187988e+01 8.903180324461936834e+01 9.946211949818271592e+01 9.171316064393792544e+01 7.197864189699960491e+01 8.038887634107625502e+01 7.506190893703885081e+01 5.848370152460880433e+01 7.915533418767591911e+01 9.042932180924137242e+01 9.867902847534568878e+01 1.072205188532561237e+02 1.174854784106583310e+02 1.242153672980087720e+02 1.161554423847894242e+02 1.242141244985109694e+02 1.054277706066907854e+02
6.328612706328933513e+01 7.093536714765265572e+01 6.235710682974475816e+01 5.680464755233786178e+01 5.617864400800301894e+01 7.634042068276221471e+01 7.202719491742418256e+01 6.382353485169117135e+01 6.379007240798242862e+01 4.959905978370141355e+01 3.094828895412872782e+01 2.731519592827273613e+01 4.700620374998355544e+01 3.675855390783874554e+01 4.609655815203665696e+01 4.006907942287928392e+01 5.919798849025582399e+01 7.146509264310726905e+01 7.094630688806324770e+01 5.211083143739489998e+01 7.094630688806324770e+01 7.270853700467266378e+01 8.893704671408906393e+01 9.448058644231622338e+01 7.455189890011276077e+01 6.034208222324460991e+01 5.433515915703134880e+01 7.506190893703870870e+01 8.054976193834758647e+01 8.618773096194311734e+01 9.296854207384636481e+01 1.018648001752414984e+02 1.146866925305799612e+02 1.146453232720258626e+02 9.719787778876060713e+01 1.146453232720258626e+02 1.158341150458548441e+02
5.637070011439902117e+01 7.063636433751756272e+01 8.038536419853002712e+01 7.602616511954779810e+01 8.083549775280152971e+01 9.040199598820034055e+01 8.296778603409575226e+01 7.396094365804127335e+01 5.698879765645816065e+01 3.707848750291801565e+01 5.001385878347171143e+01 3.376926639786515949e+01 2.793162984684819250e+01 2.836924095705635196e+01 3.159925257453771863e+01 4.721690571108113943e+01 6.003572873620017702e+01 5.255734829488013560e+01 6.136180972891536101e+01 4.741754959220159549e+01 5.399209127630678040e+01 6.245954561626947310e+01 7.550767366705882466e+01 9.428316534984550401e+01 8.872115951815787582e+01 7.224146511214438249e+01 5.149285950818511282e+01 7.171915583728747379e+01 6.119178074802264433e+01 6.701377489504905327e+01 7.353064766608125069e+01 8.322241889670124237e+01 1.049449141751085790e+02 1.062558892909780468e+02 8.766778137897995293e+01 1.066513743888475716e+02 1.099144072031831740e+02
4.210331727596986440e+01 5.811871282704115060e+01 6.315807965140270142e+01 7.160977850874199646e+01 8.336986789036458845e+01 8.879715005657938320e+01 6.894346832155753191e+01 5.448564959964058829e+01 4.513957649430297892e+01 3.788437718894314798e+01 6.243016132812081764e+01 5.335052862309675703e+01 4.765205691292980106e+01 4.757831580850256614e+01 2.899656160280722261e+01 4.201241545055470539e+01 5.118017313111556632e+01 3.868043550979390943e+01 4.205142486051273920e+01 5.289687612188458132e+01 7.024259133743767336e+01 8.054447957033801231e+01 8.888386251167267460e+01 8.877102315796781795e+01 7.949566577940709067e+01 6.987390137523881606e+01 4.899467037404839687e+01 5.342640696448937376e+01 7.313125743235674747e+01 8.615695396216089819e+01 9.274890615694579310e+01 1.017233510281040907e+02 1.113759930080960885e+02 9.884062739650372009e+01 8.120573087825154346e+01 9.225198523862259492e+01 1.002606237547379919e+02
3.381024174324112863e+01 3.807457340994662331e+01 4.300070126086546907e+01 5.456364957755809542e+01 7.489828948093214933e+01 8.892319849155545342e+01 8.296778603409575226e+01 7.396094365804127335e+01 5.699274228250230578e+01 6.874019604091930091e+01 7.628910006417585521e+01 6.571801704716479264e+01 5.190420056960594053e+01 3.123301306219619278e+01 2.944380536069269994e+01 4.696975458605299991e+01 3.419845499123179877e+01 5.393530288782572768e+01 6.134697836769852586e+01 6.834825790935485657e+01 7.806726607664764117e+01 8.070630803990151492e+01 7.653700957581543207e+01 7.917080983547747053e+01 5.816669562983711472e+01 6.398345795891402332e+01 4.658025074365419016e+01 6.703211058701772629e+01 7.313107161608569129e+01 9.211042502681154076e+01 8.947852822102171899e+01 8.947742341828846691e+01 9.772029477596983327e+01 1.058516773297741480e+02 8.661658979752832010e+01 7.278950292111704812e+01 8.543471870846167349e+01
5.374472197063973056e+01 4.955674604404393335e+01 6.315806350278012360e+01 5.242169896407128249e+01 6.003992250757269744e+01 7.177977323236403606e+01 9.228283554773156538e+01 8.554849144862738797e+01 7.734231359626976143e+01 7.478476775606107196e+01 6.513324578357361361e+01 5.708353424223696493e+01 3.586073554862521462e+01 5.081757276679163482e+01 4.290362250137746969e+01 3.009118709406888570e+01 5.094039739054095861e+01 4.762018560290540137e+01 6.109015464874317303e+01 8.035518941713449692e+01 7.616627193308630694e+01 6.051147618449337529e+01 5.506610309342340770e+01 6.908282466235941399e+01 6.333140258459833660e+01 4.362633810735205486e+01 6.398345791254265436e+01 6.775372441226144815e+01 7.627498175035516681e+01 8.361744576975411292e+01 6.951460258692114280e+01 6.951459676358500417e+01 8.947742341828846691e+01 1.051196205672838886e+02 9.669394489499046585e+01 7.719238974744590109e+01 6.565242501747898984e+01
7.109193424622985447e+01 6.981440569675513075e+01 7.827389577590078318e+01 7.273284636707305140e+01 8.044538700074245696e+01 8.892319849155545342e+01 1.007504124091055502e+02 9.444974622098767725e+01 8.253827120647859772e+01 6.695301871501617086e+01 4.556071827695371468e+01 4.139788170454420424e+01 5.708353424223696493e+01 6.183362737668932141e+01 5.030995955745773784e+01 3.055885324343766030e+01 5.050320677681608572e+01 6.373322777198257683e+01 7.433441943364093163e+01 7.169678114097254706e+01 6.223887953514661575e+01 4.925579617529837861e+01 4.153894966988605830e+01 6.052673471558727414e+01 6.138056730773813285e+01 4.165403272532742562e+01 5.909281461298422755e+01 4.539499240197210383e+01 6.448748407678205297e+01 6.742755991819592509e+01 5.513428550091109770e+01 6.535668890775130535e+01 7.697518366865031680e+01 9.683752342138146219e+01 1.047689704161704043e+02 9.351122156551248565e+01 8.541504901923897819e+01
5.916908478363465917e+01 6.430876388067051153e+01 6.989730766838263776e+01 7.641389327708654378e+01 8.464805241225650434e+01 9.456203701792584582e+01 1.011873183681808683e+02 8.609905258545801132e+01 6.527271035152955392e+01 5.270913901286400005e+01 5.801912905717414048e+01 5.647508739603188133e+01 7.124555358348145262e+01 6.113428030788312384e+01 4.247945940196133563e+01 3.985671661890342676e+01 3.122650438819878360e+01 5.721919435963842204e+01 7.401173298231235265e+01 6.185134234187245283e+01 4.578922827493133951e+01 3.553561218902312646e+01 3.604048436956420431e+01 5.607224351307486643e+01 6.367596947077290537e+01 4.421549821541507441e+01 3.890707846125530267e+01 3.943509406168928422e+01 5.811815211854010244e+01 4.709118636333104035e+01 6.742755991819592509e+01 8.361744576977744714e+01 8.274668203345231632e+01 9.126599181175913600e+01 9.731048127830929673e+01 8.645365643055841076e+01 7.851809223595836329e+01
3.996558332011025527e+01 4.507784562159856989e+01 5.053802410710103032e+01 5.686413645097483283e+01 6.652105404493445917e+01 8.630673250923857154e+01 9.287805652566923698e+01 7.241974781604410794e+01 6.164711377327524389e+01 7.407495829046413860e+01 7.314782534167055417e+01 7.757418502028012597e+01 7.764031712677723363e+01 6.175963974727996231e+01 5.084358135228946196e+01 4.789442845380629876e+01 3.170092885786531056e+01 5.313108687519752493e+01 5.403790453970957230e+01 5.406539317486675600e+01 3.482019763199600959e+01 5.476255682048652318e+01 5.607403996164214988e+01 3.675596477667640727e+01 5.681601723291409201e+01 3.818929007265577980e+01 5.794089881991122581e+01 5.961516348120442643e+01 4.019024781138837454e+01 6.041917250747606261e+01 7.525653547765195128e+01 6.861314119214372909e+01 6.273360839466526073e+01 8.271842466738064559e+01 8.937794897443760078e+01 7.071539333712017594e+01 5.936875869134410522e+01
5.916908478363465917e+01 5.634822911079742624e+01 6.989730766838263776e+01 7.641389327708654378e+01 8.464805241225650434e+01 9.456203701792584582e+01 1.011873183681808683e+02 9.042325252931144064e+01 6.985425356120930473e+01 9.042325252931144064e+01 9.366422249455983717e+01 8.224632848212637271e+01 6.948879181474497102e+01 4.976675797110635813e+01 3.839730339522500202e+01 3.218501745109550427e+01 3.218006904208872498e+01 5.211703710606259676e+01 5.319769822113072166e+01 3.410047391381930737e+01 5.404425451509001022e+01 6.298948267552521685e+01 6.003338281791889131e+01 3.912571549757792866e+01 3.747221076490480840e+01 5.722962962645105733e+01 6.490506010070758691e+01 4.791442310615283873e+01 4.073192374118622183e+01 6.098123373059890184e+01 6.234998418421380251e+01 4.965570142164552436e+01 6.812908848862116429e+01 7.822161082976072066e+01 8.711670044639618027e+01 8.645361853130138741e+01 6.887790033267548040e+01
