MOVIE_S1_data/elevation_000737.asc
nrows	100
cellsize	150.0
xllcorner	0
ncols	100
yllcorner	0
NODATA_value	-9999
[rows 51 to 67 of 100, columns 37 to 73 of 100]
1.172689785601005212e+02 1.140744725562119015e+02 1.054899506871555843e+02 1.140744725562118731e+02 1.111461958982560247e+02 1.026750248134817838e+02 1.046490767609992076e+02 1.060682941585945969e+02 8.623157245380656377e+01 7.610208350597584115e+01 6.756553306083014832e+01 6.949174156515786649e+01 4.911164266822881075e+01 6.588880117990044027e+01 4.654589035204541148e+01 6.016067646429439719e+01 7.401618835285063369e+01 6.594769116089605632e+01 7.778822806612195961e+01 9.774553179225414112e+01 1.100329712282707249e+02 9.013689388725516949e+01 8.537125552477867529e+01 8.537125552477867529e+01 1.052852314891563879e+02 9.600361738678411427e+01 1.065779533473953791e+02 1.147711996949381472e+02 1.047332629713689158e+02 8.876746528654624058e+01 7.103599500450523863e+01 5.695053541011144205e+01 7.005450417485459980e+01 6.236283935669517575e+01 8.274167334179342959e+01 8.681752010770910033e+01 1.066983702447671050e+02
1.142581905135166522e+02 1.036325982769756422e+02 8.454039211163008360e+01 1.036325982769755996e+02 9.921902960599989285e+01 8.193072440490507802e+01 8.390720422844606219e+01 9.850565273335101324e+01 1.041505794118949666e+02 9.586275278543732270e+01 8.777572284446199546e+01 7.674759859237012449e+01 6.383174316190896036e+01 4.575221330428188082e+01 6.018429376796229491e+01 5.534803632719898303e+01 7.575059007522925469e+01 8.622317711367254844e+01 9.442546262103140009e+01 1.059034566101188233e+02 1.078636307624237816e+02 8.795744718641424242e+01 7.387246416988408271e+01 8.651614887101386842e+01 9.474104931551475772e+01 8.191077460837121293e+01 8.667627323629616853e+01 9.815732884973981243e+01 9.271122804649249360e+01 7.642938284155665940e+01 7.642940214052559611e+01 5.631427021262393851e+01 7.729625594344315687e+01 8.274167334179342959e+01 6.685003041517575184e+01 8.681752010770910033e+01 9.931333853356755981e+01
1.055725045548022081e+02 8.454158335278859226e+01 7.427171803972368025e+01 8.615874416058593965e+01 8.997999325135025117e+01 7.000263134020801203e+01 6.928961594672415458e+01 8.672466751895331072e+01 9.518993762378352130e+01 9.725057705977039291e+01 7.691803194959234702e+01 7.660411050102420916e+01 6.511206206686148334e+01 4.519855762226232088e+01 6.532271876091414242e+01 7.575050536271437807e+01 6.630212201716732068e+01 8.071780236717705748e+01 1.008028047299415988e+02 1.182009947412129236e+02 1.100397616596078905e+02 1.005178689573106681e+02 8.068120285661910884e+01 6.625029110598563875e+01 8.026196938500169153e+01 7.019602126459903957e+01 9.032765714473119090e+01 7.627626029029809729e+01 7.000361924082609733e+01 7.556388832375607478e+01 5.542837818343647882e+01 5.715676899968354974e+01 7.123798413022311138e+01 9.162273601666858269e+01 8.681752010770910033e+01 7.128982884549384380e+01 8.266380065407413724e+01
1.139651376251414945e+02 9.825731264659152941e+01 7.737957776301740864e+01 6.545224365657183796e+01 7.904654762997004980e+01 6.074168741324202614e+01 5.893368620506502253e+01 6.607138107404546190e+01 8.330233669146760178e+01 8.773144106158466116e+01 7.687062273388249878e+01 5.649123744465131125e+01 6.396198695831804315e+01 4.464247463309949637e+01 6.475764541611658842e+01 8.210800162628092380e+01 8.660056335908295466e+01 8.291900972947622961e+01 1.029815984715246771e+02 1.100397616596078905e+02 8.917804195045297888e+01 9.528829818605137802e+01 9.470378805246231479e+01 8.026196938469969666e+01 5.947351547251663817e+01 7.514417813129419699e+01 7.350447227959087115e+01 7.185840479905364475e+01 5.396835157295954133e+01 5.456321945992337419e+01 7.556406098729064524e+01 8.415428215995494554e+01 9.137827060363392206e+01 9.986270131387666993e+01 9.513435646970077642e+01 7.530698882298629826e+01 7.870792507484954115e+01
1.155408656347842111e+02 1.067847365534573925e+02 9.474774696678956332e+01 7.904654762997004980e+01 5.827268004750406760e+01 5.390457164421668779e+01 4.985827604914525324e+01 5.421550659667245498e+01 7.410046670424364379e+01 7.958518889326441581e+01 5.942616855575550971e+01 6.316851574461807672e+01 4.385585659095229261e+01 4.696368845681003990e+01 5.292982665297381573e+01 6.784180060622701092e+01 8.813940140063004947e+01 1.029815984715246771e+02 1.031681368298936263e+02 9.494529633254448697e+01 9.528829818605139224e+01 7.323405705632617924e+01 8.349981043850557683e+01 8.852073999429754281e+01 7.514414316931443238e+01 5.464348216966016025e+01 5.256395568698317078e+01 5.313878800473246145e+01 6.890377048473339983e+01 6.600912974955859625e+01 6.186611137433762053e+01 8.232509206494344767e+01 9.814203649912556671e+01 1.096471290416803726e+02 9.513435646970060589e+01 9.513435646970077642e+01 8.163712583620483088e+01
9.761551021100827086e+01 1.031420188066621932e+02 9.497285186182799066e+01 8.761296223065305355e+01 7.904654762997004980e+01 7.445062333273621391e+01 6.548219672182098350e+01 4.534460781775906923e+01 6.147453319388547044e+01 6.202668139496905297e+01 6.238322220706592702e+01 4.308142669858753493e+01 4.711297201104546417e+01 6.299277276316280449e+01 7.378372951988360740e+01 6.631364241536994086e+01 8.078856455991436292e+01 1.007884216694199324e+02 9.494529633254448697e+01 7.479950265645501872e+01 8.070006901079489126e+01 7.900800675529018235e+01 6.059154907528894540e+01 7.423704549618604176e+01 7.182583387830572974e+01 5.176020245717684531e+01 7.266072329497131932e+01 6.172373308252747393e+01 7.298448596324492144e+01 8.243110138380701812e+01 7.646219103438141929e+01 6.984768766501609605e+01 8.146552289637297406e+01 1.014375094568375317e+02 1.150577951459754047e+02 1.066292223663222671e+02 8.657845967846976976e+01
8.391784703435797610e+01 9.094655894954087216e+01 7.462648727578391572e+01 9.149350081996867345e+01 8.306579949477443847e+01 7.405205228414094165e+01 6.562276326572737162e+01 5.229670681813545485e+01 4.130481729768251853e+01 4.181394290430002059e+01 4.232853907767962909e+01 6.238322184127180492e+01 5.369665603754495464e+01 7.404913620092843018e+01 9.218005023345216387e+01 8.664638708452655180e+01 9.488748871280819230e+01 9.882125221427827455e+01 9.065847851158430615e+01 8.067753853442094680e+01 6.021856769157759715e+01 6.341570190761918724e+01 7.042242978479045235e+01 5.044708196808985434e+01 5.098005428543847728e+01 6.518935674158549887e+01 7.973363087705274665e+01 8.302793967714416112e+01 7.532266598555848702e+01 9.259754420464017244e+01 9.647650514740752214e+01 8.146552289637297406e+01 8.146552289637297406e+01 9.300657940624776643e+01 1.129543740834505456e+02 1.129634614353368107e+02 9.293283873322634747e+01
6.032595509641208054e+01 8.036575340534865575e+01 6.318662903040148393e+01 8.311315353713207799e+01 7.457408830096871100e+01 5.390089144448705838e+01 5.959394984788123395e+01 4.059887816955385631e+01 6.000871633455566467e+01 6.095232888749836064e+01 4.711775222653645301e+01 6.711886581056739942e+01 7.404913619251522050e+01 6.812254682379426640e+01 8.835718865382168019e+01 1.009853149742828862e+02 9.276466219448947470e+01 9.065847851388382139e+01 7.090299302671191128e+01 7.589667466943718921e+01 6.215320517635093012e+01 4.918078789479010027e+01 4.970181705296224095e+01 6.399256004960906807e+01 6.543411669676544307e+01 5.500612221885373998e+01 7.585830536224166565e+01 8.824453806067390360e+01 9.364534182685788721e+01 1.014962752042332568e+02 1.096471290271898482e+02 1.014375094568279110e+02 1.014375094568280389e+02 1.096471290288848053e+02 1.211274100780316303e+02 1.200085457927712582e+02 1.000820381000785630e+02
5.186249433688531241e+01 6.554812111103247219e+01 5.520633794047355991e+01 7.523396748774742093e+01 6.734310582023839231e+01 5.899818090490066425e+01 3.991680871759500349e+01 5.975299990366322334e+01 5.354998467133829365e+01 7.209330279300726829e+01 6.072398802864518075e+01 6.101280843486998862e+01 8.259790899032113032e+01 8.835718865382168019e+01 9.660431956438590362e+01 9.276466219448947470e+01 7.258174676652056689e+01 7.849318583125810278e+01 7.625948752158349464e+01 5.671192170172906089e+01 4.844747880154299224e+01 6.908067611472542069e+01 6.272032134497361255e+01 6.033496417742667006e+01 7.818020227004954847e+01 7.585830536224166565e+01 5.936207293744571700e+01 7.998236346844061018e+01 8.846184167357563410e+01 9.669067751798959875e+01 1.107576561622899334e+02 1.076236350601733562e+02 1.146846951271977559e+02 1.228447000474377120e+02 1.327349389670727646e+02 1.281446473947313791e+02 1.116661341134239791e+02
6.554812385943712627e+01 4.545150685868053131e+01 6.554793813031069760e+01 6.633189672687474570e+01 5.825044137674500178e+01 3.931227972081411792e+01 5.296551797796863070e+01 6.786178960325088383e+01 6.768825806354659846e+01 7.831257381005664797e+01 8.052036884194626509e+01 8.240068142979600907e+01 9.126628878140272150e+01 9.855732345468940991e+01 9.068627841052865790e+01 8.235755711999432549e+01 7.849310199384181885e+01 5.792325085315364674e+01 6.746960086706863535e+01 4.771412004308060517e+01 6.826255660202969011e+01 7.742590995863757541e+01 8.127033825321890959e+01 6.952199632534383511e+01 8.625164130902605564e+01 8.824453598553624545e+01 6.886262578523655975e+01 6.419226545919096338e+01 6.844465768072716116e+01 8.262369887368919308e+01 9.946029098496654797e+01 8.762760748114423848e+01 9.471300130416399554e+01 1.047611189365564286e+02 1.246082713178391259e+02 1.395131399027685006e+02 1.314044920755879957e+02
5.604866530708407169e+01 4.214582610002230467e+01 5.735239280841285137e+01 5.691910740854597606e+01 3.878961090393877242e+01 5.825012776874341824e+01 6.714637890815453147e+01 8.023481366458229047e+01 8.814215090572383815e+01 8.637214101870493721e+01 7.916980324746596409e+01 8.134247219273171936e+01 8.986077709342632147e+01 7.867081126190400653e+01 7.827752997443910488e+01 6.161564123381317160e+01 6.618805948398299677e+01 6.670444722119547976e+01 4.697754646917002219e+01 4.958394888956583912e+01 7.021077403558003027e+01 8.256356509307494207e+01 9.542364305569516603e+01 8.746668022522287345e+01 9.546861196869404864e+01 9.720819030727683696e+01 8.054444862872824729e+01 8.445840487500595373e+01 7.203453135218957470e+01 7.484437203147157902e+01 7.951688439311935497e+01 9.361751754420116356e+01 1.076236350601733562e+02 1.228447000474377120e+02 1.327349389670727646e+02 1.345329754837205201e+02 1.323815386011892770e+02
6.066372332211809493e+01 4.222643814531753037e+01 3.793745722979635104e+01 3.824116448880296559e+01 3.863311447023679079e+01 5.818369413696501624e+01 5.860399713706398472e+01 7.761771847678366498e+01 7.958573284226456224e+01 7.176431034820971888e+01 5.803915825140116880e+01 6.063221764577345141e+01 8.105302626992202875e+01 7.833548570875458950e+01 5.889920973996429865e+01 5.269528856324841115e+01 4.572970984371261949e+01 4.624953129874371172e+01 6.672939246216454023e+01 7.021086123812236224e+01 5.356174291629280049e+01 7.423180973569498065e+01 8.676774405228317733e+01 9.828171867861713906e+01 1.103372600463506927e+02 1.087044715065851790e+02 1.004994396458775867e+02 9.753596470618897740e+01 7.760267099274375369e+01 9.475958497128132763e+01 9.946029098496654797e+01 1.076757069052803928e+02 1.217338962663594657e+02 1.355796947279832523e+02 1.345329754837205201e+02 1.147620837960946716e+02 1.125946705431152708e+02
3.785227271664327020e+01 3.750532450283730412e+01 5.685629525196898015e+01 5.034037563444258723e+01 5.816568712041578237e+01 3.915612544761084024e+01 5.886213537484902503e+01 6.437599827147201381e+01 5.839058216484593089e+01 5.308835357491983586e+01 4.155440330231285628e+01 6.003872433963921651e+01 7.884197124112536414e+01 7.359666806486649193e+01 5.243173258172719642e+01 4.499077767786419457e+01 6.542434130950547910e+01 5.465203730711274233e+01 7.315954369925954381e+01 8.256827114523204614e+01 6.835947925923440494e+01 5.800488422842199299e+01 7.007986546508253412e+01 9.010015163886455980e+01 9.044203259472213574e+01 1.075561561676040583e+02 1.190329610036360179e+02 1.057529702326209815e+02 8.755186244746883517e+01 8.910008757888016362e+01 1.032436207818362277e+02 1.231005720865531430e+02 1.321935887978727351e+02 1.379520295801776513e+02 1.306743951642598915e+02 1.108527109791253764e+02 9.844802662742948485e+01
4.286905239414506497e+01 3.719397829359209595e+01 6.232450336481415576e+01 6.895703297487906980e+01 5.289996495737724302e+01 5.785590389465631489e+01 3.972352874217146024e+01 4.016071700403236377e+01 4.062282954728298279e+01 4.109223758331622633e+01 4.156358832022538508e+01 6.170254560434711522e+01 6.308094684302852073e+01 6.360554594747615198e+01 6.412842330006310476e+01 4.446715430212866949e+01 6.488697402675389014e+01 7.382360549163543340e+01 8.227785145060802563e+01 9.677431608844879918e+01 8.681573073322527989e+01 6.745077148647679621e+01 6.316614955586541669e+01 7.050167065571817204e+01 7.942714046813807727e+01 9.092064527785161943e+01 1.108724437146218804e+02 1.157074866247787952e+02 1.016990381612060048e+02 1.032436207818362277e+02 1.172417598129910914e+02 1.263341800278414553e+02 1.123317275256617762e+02 1.181491320053058871e+02 1.249028054431162076e+02 1.050329712995172855e+02 9.083212082746197780e+01
3.674763768628212546e+01 5.194883682847291340e+01 6.825138409702184106e+01 8.137298003839036653e+01 6.714682852055355511e+01 6.331802521547339779e+01 4.599291397206308574e+01 4.597925675814075674e+01 5.963062570260310480e+01 6.123838995560011256e+01 5.714620366516440697e+01 4.223870221976397943e+01 4.272798077391261984e+01 4.322501077574279549e+01 4.372839635032975991e+01 6.231419612041301548e+01 7.274297329662577738e+01 7.330831767684013300e+01 8.764066459128642350e+01 1.075940269323259457e+02 9.577263513913099757e+01 7.911620291121010951e+01 8.339308217384383681e+01 6.908424867158549887e+01 8.903640386982996802e+01 1.025131066616513920e+02 1.107281543997298456e+02 1.196522210123699494e+02 1.215732736497731281e+02 1.231005720865531430e+02 1.247379859252585703e+02 1.165419792434163924e+02 9.806864270147262630e+01 1.181491320053058871e+02 1.193919049939076729e+02 9.946293947900777255e+01 8.526266515812062607e+01
3.642827459592381700e+01 5.542828665601388138e+01 6.271824395426184395e+01 8.100028259512313866e+01 8.717765417492360314e+01 7.175630727490072047e+01 5.506641297401710489e+01 6.172628593208034431e+01 5.272553818162460004e+01 6.775236390225438754e+01 4.757517203542308692e+01 6.257366768868368467e+01 6.308680359293241935e+01 6.360523947881075912e+01 4.702561730842217003e+01 4.730266388031355973e+01 5.642024313762385646e+01 7.701078385055565434e+01 8.103193135258813129e+01 1.010668029569028619e+02 1.072604296612557135e+02 9.905611432419101448e+01 9.545374013815481362e+01 7.598667843986793002e+01 7.554206941664126873e+01 8.248913845138491752e+01 9.143184452536357298e+01 1.056631157258202194e+02 1.255164955574484082e+02 1.306076970125231469e+02 1.107157681789401522e+02 9.646343323361716671e+01 9.041073433734808873e+01 1.105594204478150431e+02 1.122827178340770615e+02 1.004402312098607553e+02 8.041399774791229049e+01
3.610500040692511448e+01 4.424693935608514295e+01 5.748057229007137892e+01 7.639591644123325409e+01 9.182454916076795826e+01 8.265025249270593122e+01 7.426530793201139602e+01 6.889442495702790836e+01 6.900371964940730152e+01 5.800790089380217296e+01 6.868526726276516570e+01 5.459530368497591724e+01 7.545162444086957976e+01 7.098057264870406868e+01 5.040053302958482817e+01 6.780241450009417292e+01 5.116084061367811842e+01 6.052802541154247962e+01 7.514515967870779889e+01 9.524385536626360249e+01 1.035103342334491145e+02 1.117020794197626401e+02 1.062285274971603002e+02 9.729558029464298841e+01 8.694753865536588933e+01 8.611302754419131134e+01 1.061366311334165431e+02 1.196522210123699494e+02 1.221013574557356947e+02 1.302855407413632634e+02 1.187915549862847797e+02 1.038431917443260772e+02 8.371226996537262721e+01 1.038431917443260772e+02 9.817335941363711527e+01 8.406400099319743902e+01 7.593260100448561900e+01
