MOVIE_S1_data/elevation_000128.asc
nrows	100
cellsize	150.0
xllcorner	0
ncols	100
yllcorner	0
NODATA_value	-9999
[rows 34 to 50 of 100, columns 0 to 36 of 100]
0.000000000000000000e+00 6.030226500417379398e+00 1.757672630933579683e+01 3.756223415690882916e+01 5.706676220801865185e+01 6.578688520498428716e+01 5.578456584131568263e+01 3.591052055100698226e+01 5.578457192306907331e+01 5.863259349840728163e+01 4.844096577137199944e+01 2.942113668189929498e+01 4.288712080555567496e+01 6.184951860815102265e+01 5.219222648351833271e+01 3.934125509639487461e+01 3.537883655230277213e+01 1.604448832084010945e+01 3.670112119425571962e+01 3.490951932621402420e+01 5.762750464985501253e+01 6.662553719086980664e+01 5.448102055955681067e+01 4.042814748830116400e+01 2.836405689744069747e+01 3.005787231004688920e+01 5.002517422399949965e+01 5.411502028079945603e+01 5.585363091974940630e+01 3.871111816909600378e+01 5.848416122607571310e+01 6.338806496160447068e+01 4.683787395910359663e+01 4.911746233048163646e+01 5.158145073461056285e+01 5.412692056415215802e+01 5.739397991146908140e+01
0.000000000000000000e+00 1.999999999999964473e+01 1.757591908703574290e+01 2.911282721554544750e+01 4.895439578929141078e+01 5.748960786390106392e+01 3.659423379278928223e+01 2.625164385521215493e+01 4.754683399031128488e+01 3.928162064045034896e+01 3.928164191818245143e+01 2.510954667120961048e+01 3.887463255332828282e+01 5.812256898546863937e+01 4.720942483092573383e+01 3.027734360898131172e+01 3.261272321569597210e+01 1.572830672494935911e+01 3.028452848863933156e+01 5.136962334367923688e+01 6.535984092301848136e+01 5.238981886109062458e+01 3.833009091485018160e+01 2.619404747287753565e+01 4.624637893198501359e+01 5.002604486430079334e+01 3.249935413644901416e+01 3.425218784262602156e+01 3.603138423061303541e+01 5.585363091980119776e+01 6.671740764919333344e+01 7.482145565846516888e+01 6.656391802766027865e+01 5.564954394792373904e+01 7.134773792152360272e+01 6.293526534798056815e+01 7.723890299110013302e+01
0.000000000000000000e+00 1.999999999999964473e+01 3.752677207862361541e+01 4.574527007818482360e+01 5.042670459699562713e+01 4.189690665751014365e+01 3.756682172819895271e+01 1.922637946762172945e+01 3.425455495395211614e+01 3.464293405383818225e+01 1.957689982698994058e+01 3.926078908926232458e+01 4.440000821126299257e+01 6.325067098914933439e+01 4.706166192520417013e+01 2.366817943881544295e+01 2.806565323966425396e+01 1.541242198878804714e+01 3.862732020305764280e+01 5.325124909515577798e+01 5.022082821150498688e+01 4.209085323904111675e+01 2.408044628877188131e+01 3.832095236136179039e+01 5.445981927661011213e+01 6.063437622441897190e+01 4.403896185957138698e+01 4.575277901721381824e+01 4.749410008124390714e+01 4.451770012923378772e+01 5.847022131608080997e+01 7.833664302927085998e+01 7.547019647287967814e+01 6.964600918703898458e+01 6.962569822565434663e+01 7.438618491549911482e+01 9.109338751443169713e+01
0.000000000000000000e+00 1.413797713795377753e+01 3.399608022118444950e+01 4.111918532486265576e+01 3.219784562525143912e+01 2.169611113058886431e+01 2.470400203182368415e+01 3.038150559175332077e+01 1.039132103201868951e+01 1.476089003432310953e+01 3.410704486553178327e+01 3.899975417957148238e+01 5.714569625968926658e+01 5.625623896920631495e+01 4.590612983139828884e+01 1.781803167664450882e+01 1.821938875733848917e+01 1.509655862291305084e+01 4.129424062066752299e+01 3.305595855785639969e+01 4.017172127960591865e+01 2.204477071368832952e+01 4.209086690495862371e+01 5.237972578954725833e+01 6.600693238023082188e+01 7.218350706070842193e+01 6.389468717103071072e+01 5.972205055536846174e+01 6.145392389771888020e+01 5.437520745442891013e+01 5.847022131607843676e+01 7.833664299667765363e+01 9.543148842079385474e+01 8.982729154247991232e+01 8.109218739504117934e+01 9.432283457346434830e+01 1.026119346579711760e+02
0.000000000000000000e+00 1.414213562373107536e+01 3.414213562373178235e+01 3.228312887025786182e+01 1.199647097144337771e+01 9.718184906135020285e+00 1.002087181284852946e+01 1.032477342300318313e+01 1.062862818463499082e+01 2.806319302041603336e+01 3.648406789272154782e+01 4.598257806333183595e+01 4.904706336273412148e+01 4.234291481801616897e+01 3.400646240206663862e+01 3.535735949100637043e+01 1.464854574515775276e+01 3.380724328337556983e+01 3.466626510554994667e+01 1.891024134033741433e+01 2.019122829973909816e+01 4.017434982479047534e+01 2.774192139140212632e+01 4.778654235244555792e+01 6.209060218577229051e+01 7.346512592761381200e+01 8.180525492308788671e+01 7.956928734445649809e+01 8.132041725208755167e+01 6.578125967560190190e+01 7.833664299667765363e+01 8.663816780914035576e+01 9.003543415089612267e+01 9.841510884044888030e+01 1.009343658848476792e+02 1.089964317996938092e+02 1.091772773577421418e+02
0.000000000000000000e+00 1.999999999999964473e+01 3.822887324343519566e+01 2.960915658874095513e+01 9.292388961883121468e+00 2.910160093680981319e+01 3.049629523947964671e+01 2.335313729515416270e+01 2.999365398708602015e+01 1.106027112721007555e+01 2.394194984331081244e+01 3.080750395560894006e+01 3.265928212111731455e+01 2.443301995350072531e+01 3.073267531759999827e+01 3.441692342297173468e+01 1.432675398835486291e+01 3.159018184060701273e+01 1.710013986498099570e+01 3.709152214855780727e+01 4.010849712714089321e+01 4.827429277318194778e+01 4.778654229809585274e+01 3.385680033339473027e+01 5.384543330652273596e+01 5.341552323338930108e+01 6.760410968513089358e+01 8.804972366237885240e+01 9.427043634159456076e+01 8.585267286066823544e+01 9.080690274242601845e+01 8.247245240084403406e+01 6.971742891773406825e+01 8.247245240084403406e+01 9.080690274242601845e+01 9.730555125195851929e+01 1.009254334305929177e+02
0.000000000000000000e+00 9.999970212917714818e+00 2.995360097988267967e+01 2.968006327305468517e+01 9.602776414491209778e+00 8.867428911366936006e+00 2.342791078168883345e+01 3.576969698898823680e+01 3.798170971990759881e+01 1.527500646524837968e+01 1.149206179680576234e+01 1.179742303383380175e+01 1.865638500449713177e+01 2.409459229005786085e+01 2.708459517048227383e+01 3.170489363571384089e+01 1.399534756217503606e+01 1.527486434172769059e+01 3.456520891842683341e+01 4.467147463230763549e+01 3.917832053160677930e+01 5.713377281165499966e+01 6.195680238557365982e+01 5.384543330652273596e+01 4.076402162557807429e+01 6.074532867424900928e+01 8.022662362880645048e+01 9.039608344049602806e+01 8.852944785011672479e+01 8.015877409401079490e+01 8.247245240084403406e+01 6.217510071168901931e+01 5.795743258749712368e+01 6.217510071168901931e+01 8.247245240084403406e+01 7.785321235884670443e+01 8.793386908536160718e+01
0.000000000000000000e+00 1.999999999999964473e+01 3.822887324343519566e+01 3.828287364062194342e+01 2.965061518222916703e+01 2.852209050806428436e+01 8.442025830155062138e+00 2.812374346246399170e+01 2.992073492865724660e+01 3.616544625321557760e+01 3.279781684275273790e+01 3.225257720859134736e+01 1.222978978037477660e+01 1.253582326796912660e+01 1.341618698374979601e+01 1.907416187632766835e+01 1.366992360237657600e+01 2.956094829940920476e+01 2.219704347407524381e+01 2.893001902521532998e+01 4.750394952019198058e+01 5.085350784172101868e+01 6.811759696150119225e+01 6.879784460240630040e+01 5.253607566571344023e+01 5.230783200299146785e+01 6.381700589493154752e+01 8.339665328289791546e+01 7.679356652095739832e+01 5.958580993104191492e+01 7.672816884222793021e+01 6.812005738131433930e+01 4.821875069724829643e+01 6.812005738126940457e+01 8.339240868082298164e+01 6.447604505715598577e+01 6.568485550754151348e+01
0.000000000000000000e+00 1.154700538379261765e+01 2.568914100752381913e+01 4.568914100775847231e+01 4.555869367136839543e+01 2.499659682694227669e+01 2.685331565529207154e+01 8.020106872610062609e+00 1.067683639906092097e+01 2.397944541273927044e+01 4.434019839664653517e+01 4.687886698250993334e+01 2.924489096766296825e+01 3.685289505886605355e+01 1.294421786438189592e+01 1.322907786604862501e+01 2.657717846444196041e+01 2.500702811581716034e+01 4.016997431308749356e+01 3.397375239953777992e+01 5.310539594456330548e+01 6.817603965165085356e+01 6.885733766243704679e+01 8.034678098887857800e+01 7.345875333744012892e+01 7.216669978772785043e+01 7.775960861736770369e+01 6.962765197976513321e+01 6.817286324419227128e+01 4.789030351086878312e+01 6.814460818000645759e+01 6.294240006227690998e+01 4.336525367951215770e+01 6.296960469682377948e+01 7.441927743983565335e+01 6.801964320920762930e+01 5.088484142965423729e+01
0.000000000000000000e+00 1.414213562373082489e+01 3.414213562373011257e+01 4.767658016182946312e+01 5.426554798744011521e+01 3.919763458768311892e+01 2.071832528276035390e+01 7.725260168478992995e+00 1.859542112137504688e+01 3.620890925215444867e+01 4.957290155703128676e+01 5.756017088427874029e+01 5.461090565570640365e+01 5.265005218239487306e+01 4.250004528148242855e+01 3.553911114552268913e+01 2.190711619044563818e+01 4.072331424868164618e+01 3.537607237378640690e+01 5.108105133046273494e+01 4.968926556957950424e+01 6.824341514025206834e+01 8.336808411689415266e+01 6.784797701757780430e+01 5.943641122841855662e+01 6.039016467094673146e+01 6.552027153268748805e+01 5.015310056674213968e+01 6.094222256180950836e+01 4.083138539274925449e+01 5.213354112618805658e+01 5.324364743799588240e+01 3.876889725348436855e+01 5.783155888660331101e+01 5.346696476948613252e+01 5.960447587642680389e+01 4.376003134977742803e+01
0.000000000000000000e+00 8.944869521145019320e+00 1.895365906438244608e+01 3.324717018432684768e+01 5.400069253714591611e+01 4.405868455392890581e+01 1.058004289705340284e+01 7.432908408025189928e+00 2.412719446797307654e+01 3.798191011278341023e+01 3.067630466108728982e+01 4.404292391764415981e+01 6.292242269996260262e+01 6.264800618926840770e+01 4.397045195521158689e+01 3.309368035888654447e+01 4.181615493020161978e+01 3.834591073549925966e+01 5.127500790317392187e+01 4.802899282690012228e+01 6.458276600204719387e+01 7.563886269052628109e+01 7.386622392267025816e+01 5.714454979526439615e+01 3.882334746114959501e+01 3.951766348445741528e+01 4.329813629376711503e+01 3.939102767723376530e+01 5.704332617248109472e+01 3.973688521904939108e+01 3.198539141688629073e+01 3.312796645226581660e+01 3.427849546942741910e+01 5.101117840015312055e+01 3.878698283438144756e+01 4.081282466421219368e+01 6.074544286210301891e+01
0.000000000000000000e+00 1.999999999999964473e+01 3.584347715782558907e+01 4.584322035298580289e+01 5.455319214652027426e+01 4.251671129892630319e+01 2.739592905514635390e+01 7.142257055529184662e+00 1.329159074279810326e+01 1.982411788518686535e+01 3.957192539826729671e+01 4.848678473828692859e+01 6.621058451348923768e+01 7.063943946283579578e+01 5.974741981106402022e+01 5.186421907723561020e+01 5.965159964953210192e+01 5.681217768281004510e+01 6.432716819005555919e+01 6.459901025002699271e+01 6.402926052938866519e+01 7.069089979716966354e+01 5.398880626672401206e+01 5.209726780131191504e+01 4.372666504113566077e+01 2.524845513231916527e+01 2.628416745768777574e+01 4.634381771008613526e+01 4.895260690477223875e+01 3.040258292094588910e+01 5.053634755281309765e+01 5.328238861755129108e+01 5.444314815773424243e+01 3.597811889933859675e+01 5.619484754788038572e+01 6.074544286185036412e+01 6.892953191011629599e+01
0.000000000000000000e+00 7.559289460184511533e+00 1.755928946008871705e+01 3.755924245387096505e+01 4.637018786167863027e+01 2.484554661139154419e+01 1.463264500793192191e+01 6.851664718208251514e+00 2.564784474896681843e+01 3.547347656183723785e+01 4.289126521183480634e+01 5.305570452393537551e+01 6.894386647481762509e+01 6.693562926220450038e+01 5.870576860151199838e+01 6.693562926220450038e+01 6.598438957012130857e+01 6.267947568639266365e+01 5.442189697833520512e+01 5.665202435307224960e+01 4.255601204784226610e+01 5.665003765351329434e+01 4.242611147007784211e+01 3.394670042309370217e+01 2.380832430574680814e+01 4.366389622045987551e+01 4.635571612684381648e+01 2.777512360039150607e+01 2.883494128116164035e+01 4.895507255712684014e+01 5.881593556152572688e+01 6.918599383643602607e+01 4.922930004363912815e+01 3.751108524552297041e+01 5.772270791330941364e+01 6.823676167968685036e+01 8.329737251697069667e+01
0.000000000000000000e+00 1.999999999999964473e+01 3.584347715782558907e+01 4.584322035293719466e+01 5.228609576605868625e+01 4.155927393942113213e+01 2.662393512408362284e+01 6.558378074727338358e+00 2.361150230517305104e+01 1.940429616122373702e+01 2.503889619233179431e+01 3.609015736405586239e+01 5.997974897704359165e+01 5.695974460691121521e+01 3.871956650927278076e+01 5.695974460692068675e+01 4.583789639014162276e+01 5.018812331556608797e+01 3.445866442802645224e+01 3.814273383601405953e+01 2.802670776425875587e+01 4.005399237660755318e+01 4.102303024803106268e+01 2.242990524280358500e+01 4.239721312477529125e+01 2.995507768086947209e+01 5.002326455256503124e+01 4.789031188888046131e+01 3.276854756360819465e+01 5.272639427285015046e+01 6.692027866679971737e+01 7.732635239742549516e+01 6.593070526263322506e+01 5.183994680387803555e+01 3.974555333193733020e+01 5.993172243526501575e+01 6.382786390548908173e+01
0.000000000000000000e+00 1.154700538466394022e+01 2.568914137659726649e+01 4.568926653503114466e+01 4.469324287826621145e+01 3.632650092318622370e+01 2.811365883609348515e+01 6.259437787765615546e+00 1.178713789296694081e+01 2.998818239200848268e+01 4.328652834340054056e+01 5.304873287483929545e+01 5.929878884888790935e+01 4.061275729751856289e+01 2.866335368814340967e+01 4.847543824588641570e+01 3.188993101675743702e+01 3.004570560784762279e+01 3.647108203896594603e+01 1.837082680544119384e+01 1.926388710425440109e+01 2.016874156241797778e+01 2.108453171895406797e+01 4.102315211527915295e+01 5.066083375889542140e+01 3.456501050755186810e+01 5.459896692058347867e+01 6.093821250724521832e+01 5.272639427285018598e+01 3.886187038443734565e+01 5.293217226266920505e+01 7.266296857296826772e+01 8.022471341025897118e+01 6.823667862513407556e+01 5.405445043388415627e+01 4.203276527764286641e+01 4.370633545842062517e+01
0.000000000000000000e+00 1.154700538792683062e+01 2.568914231768964029e+01 4.568943481694497422e+01 3.650122389665560263e+01 2.041709081277242888e+01 2.509663754111993228e+01 5.953384777563284658e+00 1.337832007064208462e+01 2.497975439632610417e+01 4.443233576529548401e+01 5.379874385573420881e+01 4.550242736388293707e+01 4.154547887425135144e+01 2.179653374546790090e+01 3.366403329227747321e+01 2.887049511994869633e+01 1.622977136444248103e+01 1.711585127586301525e+01 3.094729940306242710e+01 3.909135582655514440e+01 4.005399004759638615e+01 2.597504839660942366e+01 4.564697080489730041e+01 5.942354219794192716e+01 3.946591941239820045e+01 5.942354219794192716e+01 7.547420630734553981e+01 6.692028557572358238e+01 5.871118900789443273e+01 4.597297860609653952e+01 5.403565869883085782e+01 7.370993884782639327e+01 8.241852171134505056e+01 6.920968865666651482e+01 4.882154984567920764e+01 6.238182311752095899e+01
0.000000000000000000e+00 1.154700074398605203e+01 2.568881835934234914e+01 4.567626673605700205e+01 2.968899402699131329e+01 1.245869910824402105e+01 1.415656716675577265e+01 5.640440344172857223e+00 2.638703228696594394e+01 2.837843713820814884e+01 4.790647391323640392e+01 4.482048064902692630e+01 2.568433123606155277e+01 3.153133722209974721e+01 2.285295146243757003e+01 1.409443759496878812e+01 1.497392608399526992e+01 3.456364055203524543e+01 3.679605051955335426e+01 4.502724724542531476e+01 5.860452641784321060e+01 5.089323543014590712e+01 3.126543948428627218e+01 5.090098056553006955e+01 6.754830464932119582e+01 5.942354219794192716e+01 4.770375457524195895e+01 5.920298674958866769e+01 7.871138330476905764e+01 7.222978225552640197e+01 5.257427835291392881e+01 7.222978225552640197e+01 6.789041074102600248e+01 8.775952252987521263e+01 7.812130430750686116e+01 5.787650995511029350e+01 7.479349728654844398e+01
