MOVIE_S1_data/elevation_000197.asc
nrows	100
cellsize	150.0
xllcorner	0
ncols	100
yllcorner	0
NODATA_value	-9999
[rows 68 to 84 of 100, columns 0 to 36 of 100]
0.000000000000000000e+00 1.426888518574343045e+01 8.018655314524122391e-01 1.628807319535734877e+01 1.740352607269891605e+00 2.071841781581150066e+00 2.404067206647681587e+00 2.737298477084136650e+00 2.273302515922814138e+01 2.349899711000859170e+01 2.337406571509517406e+01 1.558926110239061558e+01 2.425586400779264551e+01 5.035745373595487351e+00 2.497806275000499099e+01 2.574254482803670641e+01 6.333483611770167165e+00 2.620534374487121454e+01 1.387085995019430662e+01 1.533788093341360081e+01 3.422798244084832220e+01 4.215326621980806721e+01 2.817981789854854568e+01 2.054922818322296507e+01 2.759730841540914525e+01 3.650812303397368197e+01 5.063824235991038591e+01 7.065496076194111197e+01 7.233888417798929993e+01 8.063935779511324142e+01 8.700674777268578453e+01 9.567087382561736320e+01 9.939843521833914508e+01 9.114725048324314116e+01 8.072597560034641617e+01 6.387149987342585433e+01 5.483232087195922588e+01
0.000000000000000000e+00 1.893080399714745354e+01 8.932843621785786503e-01 1.271462675207433168e+00 1.032151758414007148e+01 1.793278087838472956e+01 2.079900491309046728e+01 8.074277373737650976e+00 3.210785608102308508e+00 3.546972867361021908e+00 3.883196548589119779e+00 4.219563579058363878e+00 4.557580435385380824e+00 2.344970135940901201e+01 3.287137071812949785e+01 2.756016994680243570e+01 8.394563084219871740e+00 6.816061190011883930e+00 8.513898335116458327e+00 2.666748632401407093e+01 3.336335511588415415e+01 3.397975420409407832e+01 1.405462506649264043e+01 3.402851109439198751e+01 4.755991551074798451e+01 5.585186005115669161e+01 6.479786054568916143e+01 6.901979499804315310e+01 5.217735790806474938e+01 6.901979499804315310e+01 7.316573982364147355e+01 8.146708804909098944e+01 9.114725048324314116e+01 7.145844432497590049e+01 7.722516213526498063e+01 6.863253831375813263e+01 4.938215399025722974e+01
0.000000000000000000e+00 1.816742757850103729e+01 2.426713124471479688e+01 2.197968234008037669e+01 9.991677360766807681e+00 2.653971110615249884e+01 2.751144353879370996e+01 8.230055469029371906e+00 2.258244945655798119e+01 1.777217480189963794e+01 2.376690766181563319e+01 2.411926712778376825e+01 5.333828785680124973e+00 2.573507492923029361e+01 3.361749355908602865e+01 1.368841321975276415e+01 2.782740040078835264e+01 2.679554494648595409e+01 7.296728637231435499e+00 7.632998349389233717e+00 2.686240015854797036e+01 2.837395937507650245e+01 1.066078786841532988e+01 2.449405305813862199e+01 4.571413653299920554e+01 4.664713497875249715e+01 5.492778290273911779e+01 6.069862155877461163e+01 4.040056564363206348e+01 6.069862155877461163e+01 5.300767313418306514e+01 6.984858056247801983e+01 8.281444680846853146e+01 7.722516213526498063e+01 5.785221182734994727e+01 5.064127295513954863e+01 4.482501217158498719e+01
0.000000000000000000e+00 1.999999999999494449e+01 3.091995790868979199e+01 3.668854771425236549e+01 3.407941998088489299e+01 3.311284546849748978e+01 1.372081535534695007e+01 2.795876476622416362e+01 3.556116838440355110e+01 3.815706539891958471e+01 3.150537372353048227e+01 1.149903610277333676e+01 2.573551160083331979e+01 3.401648150540972892e+01 2.015480902874099201e+01 3.361844818096503928e+01 4.194664015118051026e+01 4.411756971693812801e+01 2.814020178724263488e+01 1.067710827953212949e+01 8.101503953120076318e+00 8.432165771047964498e+00 8.767676785174131737e+00 2.794456094626148257e+01 3.352394219657929142e+01 2.822248572907272290e+01 4.664801635964534654e+01 5.352217506752415233e+01 3.307541366182624643e+01 4.868983361188020353e+01 4.122938195040882192e+01 5.435022942554446956e+01 7.093472603998188220e+01 8.099367084988692511e+01 6.990287518149982304e+01 6.990276821320038891e+01 5.344960550634019114e+01
0.000000000000000000e+00 5.530351759266757483e+00 1.123958659277524141e+01 3.111565992757223853e+01 4.937859267136972363e+01 3.336249908925032059e+01 3.336842431209853999e+01 1.986635735567583438e+01 2.556114919371256633e+01 4.484336647067987514e+01 3.978842710371309721e+01 3.151216250599303237e+01 1.787281098746320041e+01 3.782002556483173805e+01 4.003035867593472119e+01 2.696063541021745991e+01 4.678670337936353718e+01 3.980914250647247599e+01 1.890992599235526583e+01 3.005097233150297598e+01 2.197179804879066367e+01 2.839249713835082645e+01 2.690889348611512588e+01 9.258757774931718032e+00 1.628453135027310594e+01 3.356347330217775493e+01 4.652213985076377156e+01 3.827685504366586855e+01 2.646662083448708103e+01 2.812606542959769840e+01 3.394138207995631973e+01 4.236447742565880503e+01 5.254267850322661104e+01 7.269567178112173167e+01 8.950893375255729723e+01 8.095296061081312189e+01 6.721096399701671942e+01
0.000000000000000000e+00 1.999999999999964473e+01 3.111565992757223853e+01 2.109534267970113319e+01 4.113742122630880260e+01 5.269474748663599684e+01 4.619445602616883662e+01 2.683212285278420239e+01 4.483593880023357769e+01 3.470172504100128208e+01 5.363879744786113690e+01 4.252615192378730313e+01 2.255974880556536988e+01 4.252615192382985043e+01 5.186406454712111014e+01 3.206277042445996983e+01 5.186406454712111014e+01 5.013110558166201969e+01 2.899937085464178921e+01 4.681321495092138463e+01 4.130458728704993376e+01 3.734958771060728111e+01 1.748773561582578040e+01 2.922151391606285742e+01 9.758322298234789471e+00 9.863436200540267151e+00 3.373750896456560611e+01 1.760982875273336035e+01 2.149646140688599871e+01 3.354395849721710476e+01 5.399361222092802848e+01 4.843405539730070331e+01 6.863313700188993494e+01 8.099367084988692511e+01 8.286513702635228640e+01 7.305587623906444605e+01 6.488878038511920465e+01
0.000000000000000000e+00 1.414213562373107536e+01 3.414213562373178235e+01 4.113829336127374603e+01 3.522301917639437363e+01 5.541157670845021954e+01 5.425113824208300883e+01 3.657264079775869448e+01 5.414568838301175902e+01 4.191395577463703859e+01 6.055036462433437805e+01 4.768642349132158387e+01 2.770077764973778045e+01 4.768642349131867064e+01 5.752058390588111081e+01 3.774920882975499126e+01 5.619303545695264290e+01 6.396681292299764010e+01 5.536634367466700013e+01 6.082529778526458131e+01 4.634064201309442410e+01 2.687802084739601227e+01 3.573974607759553379e+01 2.320035125221864547e+01 2.181745116710139243e+01 1.021579866044328710e+01 1.318823786116216823e+01 3.376585816271076368e+01 3.354395849721710476e+01 5.058216770871389656e+01 6.233679329148329629e+01 6.863313700188993494e+01 7.694035595436905339e+01 8.860950127189403247e+01 6.887799417049582473e+01 5.512035774187815207e+01 4.549470883377615138e+01
0.000000000000000000e+00 1.999999999999964473e+01 3.644944170200955824e+01 4.644984470973670909e+01 5.541241531817115629e+01 6.366122375136855993e+01 6.405724813000529139e+01 5.588230733693199426e+01 6.386498738683659582e+01 5.118440166581430617e+01 6.826806036644939013e+01 5.345968037234868575e+01 3.346053188785776911e+01 5.345968037234342063e+01 6.586289915834039732e+01 4.756454960623960915e+01 5.166358626879232929e+01 7.166062706217935840e+01 6.754516606115140576e+01 4.888748903193808104e+01 3.803056301943632889e+01 4.634063965046887290e+01 4.510921011281995163e+01 3.280877861221096481e+01 1.075421772598028625e+01 1.789474037879375601e+01 2.591625037986202074e+01 3.841939471583151544e+01 5.399361222092787926e+01 6.233679329058784191e+01 7.557822515808432229e+01 8.386766886579455615e+01 8.629808446362632424e+01 7.796614170903630736e+01 7.796614170903630736e+01 7.305587623906444605e+01 5.803192371964479435e+01
0.000000000000000000e+00 8.164965809277331843e+00 1.816496580931573490e+01 3.230710164039837906e+01 5.230720035302211812e+01 6.282798242657730725e+01 5.456420669051790640e+01 6.283287929312142950e+01 7.693964576870952499e+01 6.782446073632434036e+01 7.693964572529974077e+01 6.012579505169529170e+01 4.012745101637501932e+01 6.012579505156482895e+01 7.587059150323537438e+01 6.155953617217494411e+01 7.166062706054925968e+01 8.006221813826783773e+01 7.542771604018695086e+01 6.491240442463900706e+01 5.694034441509192135e+01 5.607557092261887988e+01 3.543769817657451426e+01 3.193161277049716062e+01 1.219955808219844329e+01 1.125071695719960552e+01 2.131378260208569841e+01 3.275690326388620122e+01 5.037661618451518564e+01 6.143597461874860954e+01 5.557806264287756903e+01 7.557822515808432229e+01 7.796614170903630736e+01 5.784669151166619372e+01 5.784669151166618661e+01 7.207238798764620924e+01 7.759510068252527049e+01
0.000000000000000000e+00 1.999999999999964473e+01 3.535533961306854422e+01 4.429961303732216749e+01 5.584662314916735681e+01 5.290809100060068459e+01 3.476836931273820852e+01 5.179282696125872576e+01 6.085858607282145272e+01 7.834640433793926206e+01 7.485222949562582073e+01 6.840850206466237182e+01 6.012579505221855669e+01 5.427197565524893008e+01 7.425816523916508061e+01 8.176171784416979449e+01 7.244347292739372790e+01 6.428184663821295430e+01 5.893929134527237323e+01 5.399264389681439269e+01 4.934055611930371299e+01 4.757450872601108927e+01 3.543970200619263977e+01 1.474072669366120714e+01 3.123848680089686525e+01 1.159960540384309802e+01 2.709022933080605355e+01 3.686954469853250060e+01 5.299361929541919380e+01 4.143094208962195069e+01 6.143597461874860954e+01 7.216405936810994604e+01 8.095187790202126621e+01 6.373954204073087482e+01 4.363628158785328992e+01 6.373954204073087482e+01 6.601387120802736774e+01
0.000000000000000000e+00 7.071067811865505703e+00 1.601533972186481947e+01 2.756234510565753837e+01 4.756234516077396535e+01 4.466618628930791601e+01 2.489764584386064428e+01 3.003899042992499346e+01 4.504441214569641971e+01 6.804315558101440331e+01 5.478342836275289329e+01 6.691569749094888664e+01 7.524115902463778127e+01 7.425816524550340603e+01 8.254503073579668637e+01 7.818518404578999537e+01 5.852289572174528587e+01 4.429183516216840388e+01 3.854374142261615788e+01 3.318787488121862594e+01 2.824770939488921329e+01 3.913631496418192057e+01 1.806228316450312121e+01 3.508911483100155237e+01 1.208840130591956452e+01 1.445548236685260157e+01 2.934031509962878914e+01 4.905231308847465499e+01 4.572667324325462346e+01 3.391607166785170335e+01 4.387263709736321005e+01 6.387692898532638708e+01 6.083329717432965111e+01 5.738233289806277071e+01 3.727563202071595327e+01 5.738233287784957071e+01 5.741734714011732166e+01
0.000000000000000000e+00 1.999999999999964473e+01 3.535533961306854422e+01 3.945570810615416946e+01 3.116506164124746192e+01 3.367870105599477881e+01 1.735713068090784361e+01 3.739245774226433383e+01 4.993778597559737165e+01 5.304871124131830840e+01 4.085966752689405723e+01 4.703160352126163701e+01 6.104628982129315773e+01 8.108570109069765408e+01 8.801616254244770232e+01 6.835420554913218893e+01 5.445063385534971445e+01 6.428184663821295430e+01 5.893929134527237323e+01 5.399264389681439269e+01 4.298082354244630920e+01 2.174882800905468372e+01 3.913631496418192057e+01 4.276480461138942957e+01 3.149872125133994416e+01 1.257720500337167557e+01 3.189440048888370782e+01 3.907382900248872204e+01 2.586438141667875001e+01 3.728557754613591158e+01 5.725742440129420174e+01 7.216405936810626542e+01 6.083329717432965111e+01 4.074163625449170922e+01 3.174604643876432064e+01 5.180573743622573346e+01 6.157182075906009544e+01
0.000000000000000000e+00 1.999999999999964473e+01 3.598489971578757718e+01 2.769331687641150808e+01 1.113191179534960895e+01 1.363410254508676900e+01 3.367870113290002365e+01 2.168217963901172141e+01 4.165637576161914524e+01 3.320415914537150570e+01 5.304871117232242028e+01 6.691569744698453803e+01 6.104628982129315773e+01 8.108570109069765408e+01 8.801616254244770232e+01 6.835420554913218893e+01 7.411305942107603073e+01 7.290921595101261232e+01 6.140518801610293309e+01 4.797275743578790497e+01 2.679377065198249142e+01 4.298082354244630920e+01 4.672394731536863333e+01 2.665984253991409858e+01 1.573798807593257187e+01 1.292161620285150647e+01 2.740836027842408740e+01 1.933138905438640620e+01 3.910590930106265262e+01 5.400776929639352630e+01 6.554437508022863312e+01 7.244708258565616177e+01 5.233141618505204207e+01 3.813689265454114263e+01 2.667101752805022485e+01 4.658324242694612849e+01 4.778383473615694754e+01
0.000000000000000000e+00 1.999999999999964473e+01 2.444002704257310299e+01 7.675338287912261137e+00 2.769342666619464666e+01 2.413134575758421363e+01 4.115948940644143761e+01 3.887872103118414202e+01 2.621051435283718334e+01 3.772005470960065310e+01 5.183118356219861766e+01 7.184479190853633668e+01 8.108570109069765408e+01 8.943602822798237639e+01 9.621396137151160133e+01 8.801616254244770232e+01 7.879915203879345142e+01 6.477547477182000080e+01 4.469698086749533417e+01 3.231973430753955512e+01 4.797275743578790497e+01 5.628121300211400069e+01 5.501790440656085934e+01 4.344077542523139357e+01 3.513856032944715935e+01 3.247391350153482392e+01 1.339876174806653353e+01 3.241381478437703834e+01 4.104202934432033345e+01 5.296995767972361335e+01 5.224126291542135192e+01 5.321425272199472545e+01 4.871150210711983419e+01 4.227556241042120178e+01 2.264014584551961917e+01 3.711961166439790816e+01 2.779257244954522932e+01
0.000000000000000000e+00 2.208630604965952315e+00 4.430853983421147113e+00 2.444002704257285785e+01 2.010881203536547446e+01 3.393115557334521526e+01 5.277831117263968963e+01 5.265806060296793589e+01 3.763031364164045556e+01 3.348870260631396434e+01 5.342179406955026622e+01 6.820848885815341589e+01 7.649705625876704573e+01 8.648847181294995323e+01 9.435136502655464597e+01 8.298565307916516076e+01 7.063209263369809321e+01 5.082833523209374249e+01 3.882398957876421264e+01 4.469706985914316988e+01 6.142659009346484567e+01 6.943463302064219533e+01 4.945547161176157402e+01 4.776060230308154786e+01 3.623065771426735893e+01 1.644684425749663248e+01 3.247373236673135466e+01 1.386508616669902949e+01 2.746947906678704499e+01 3.992836432070575370e+01 2.976050535835561561e+01 3.063644714723333706e+01 2.960257392838895640e+01 3.328612687948420756e+01 2.668614865999854047e+01 1.700124476084180003e+01 1.739419733957635117e+01
0.000000000000000000e+00 1.999999999999964473e+01 2.444002704257272285e+01 3.272856585514802674e+01 4.048154079921523874e+01 4.900021316677518257e+01 6.418140556830952903e+01 6.551188413831499702e+01 5.732300312345422100e+01 5.342179407517519252e+01 4.162377297126057840e+01 4.826669612886829697e+01 5.822848104488822685e+01 7.818849676646499347e+01 8.615744486620299369e+01 6.651117019199561753e+01 5.516602330490197659e+01 4.611737438954851598e+01 5.340535545469447243e+01 6.479257569154228236e+01 7.296825178337307705e+01 6.534795241850652303e+01 4.945547156529712396e+01 2.952665401710148885e+01 1.965879501285828113e+01 3.623065771426735893e+01 4.155153786866923582e+01 3.342957429351127985e+01 1.431919866405094943e+01 1.464010110031973966e+01 1.498263696155535563e+01 1.533587540817477723e+01 1.570046074762206167e+01 1.607426059480116365e+01 1.645437359647133135e+01 3.657815132200331476e+01 3.690821245875223866e+01
0.000000000000000000e+00 1.999999066942451265e+01 3.049277878510539708e+01 4.172079132629325215e+01 5.000506348217288632e+01 6.111358641691608540e+01 5.868491759765582572e+01 6.087320491866415040e+01 6.915828590173242674e+01 6.984309574186463010e+01 6.156122464086494261e+01 6.820848890567660305e+01 7.649705625876704573e+01 8.648847181294995323e+01 8.663453789464705324e+01 6.698437809530489062e+01 5.564186777690935770e+01 6.027075159517026748e+01 7.318404470960621211e+01 6.825855735529991364e+01 5.997733074716692414e+01 5.290571262728638402e+01 3.710085038447249417e+01 2.308293213007260647e+01 3.949106282271944934e+01 4.776060230308158339e+01 4.825494254334310540e+01 2.931333685920585808e+01 1.736475880175330389e+01 1.575405039070964186e+01 3.133267409061856767e+01 3.444941028179012932e+01 3.578633130666798223e+01 3.611929041765393578e+01 2.149269025579001990e+01 4.008629780234669937e+01 4.843265531800538071e+01
