MOVIE_S1_data/elevation_000222.asc
nrows	100
cellsize	150.0
xllcorner	0
ncols	100
yllcorner	0
NODATA_value	-9999
[rows 51 to 67 of 100, columns 37 to 73 of 100]
6.536405007955607971e+01 6.780644406590842266e+01 4.819013468828892144e+01 5.585879546500164849e+01 6.718781832549748856e+01 8.687504512267820189e+01 8.934772769233249790e+01 7.027779756610246409e+01 8.934772769233249790e+01 8.124669440795167930e+01 9.358988993009650414e+01 1.017982135258703096e+02 1.116714606624135087e+02 1.051219021471506352e+02 8.485364475015013852e+01 9.230471441135797761e+01 8.651126176388342515e+01 6.593509860610834039e+01 8.055698422878576537e+01 1.008859951409748277e+02 9.262860679049619250e+01 7.218274305580384009e+01 9.262860678527022174e+01 7.319749425309102264e+01 8.343898513116084814e+01 9.783172709637112519e+01 1.180025130791173495e+02 1.229105255298943575e+02 1.102149844971126242e+02 9.038775083395228194e+01 1.091311880040737634e+02 1.060867253013321658e+02 8.616930344154587829e+01 1.060867253013321658e+02 9.984876069818108135e+01 8.595138421486470293e+01 6.615945094339815569e+01
8.191064128847425252e+01 7.158495484232533101e+01 5.195124672837405910e+01 7.158495484232533101e+01 8.368046285656863859e+01 9.505870448482838242e+01 9.816709926404126918e+01 8.419916978816256403e+01 9.816709926404126918e+01 1.009665805060928818e+02 1.047638260369838150e+02 1.047644669213705839e+02 1.131127079862241516e+02 1.040153834385021838e+02 8.373190969286521579e+01 7.185188481763712787e+01 8.222031022724939930e+01 6.160217217595606343e+01 8.222079261615959922e+01 9.302119611624399909e+01 8.716421986090847440e+01 6.660358439235650962e+01 7.989493746301914712e+01 6.660358439235650962e+01 8.121242020039503018e+01 1.015331353686217142e+02 1.113835357256251655e+02 1.197055185390992591e+02 1.184645494856806494e+02 1.003100312072877784e+02 1.184645494856806494e+02 1.143572605931986175e+02 9.767677451289719670e+01 1.030992557492639321e+02 8.314885269271856316e+01 7.167759365917703462e+01 8.595083258502005208e+01
8.952675191427981360e+01 6.982883824907146675e+01 5.593729122842705692e+01 7.559822666898261900e+01 9.000307809011563620e+01 9.000307809011563620e+01 1.097453301843315785e+02 1.039254260647481516e+02 1.040254439203640970e+02 9.879305410845229574e+01 8.447714927424003406e+01 8.447715316109668038e+01 1.047644669213705839e+02 1.123229651240429945e+02 9.494515859470989483e+01 7.452968293738392447e+01 6.259025614169176066e+01 5.758173753588078370e+01 7.257160672854055861e+01 7.257160161897306239e+01 8.439129478996963485e+01 7.596032849590382341e+01 5.926167542305017832e+01 7.989493747583910022e+01 9.122794231286417244e+01 9.710114576440166445e+01 9.118518613936143424e+01 1.113835357256251655e+02 1.283935852304947787e+02 1.201199377869374416e+02 1.283935852304947787e+02 1.258650937209260832e+02 1.175749317229111170e+02 1.113699929722341579e+02 9.604434675769147134e+01 7.608313972606866571e+01 9.604434675769147134e+01
8.805443670043096915e+01 6.835943922095809455e+01 7.559822666898261900e+01 6.335167075994600339e+01 7.030722621548017059e+01 8.422632093987199653e+01 1.039494035487696380e+02 9.804508641544521197e+01 8.371739002835336407e+01 9.041897933030816148e+01 6.996089025041237619e+01 9.041897933030816148e+01 9.683277989147100584e+01 1.051934468472125559e+02 1.032882246434765960e+02 8.565314281522874751e+01 6.511622997046691808e+01 5.484530870392816837e+01 5.207265556953433361e+01 6.964237856468240295e+01 7.220365731484763216e+01 5.538419487557090548e+01 7.596029914154379981e+01 6.582527891003672949e+01 7.075237747580753478e+01 7.675577970002898098e+01 8.698924498730939092e+01 1.013150841691359147e+02 1.214519855636601022e+02 1.302080936800557538e+02 1.218957286945391161e+02 1.302080936800557538e+02 1.190526434209926094e+02 9.914467829894597628e+01 8.761520070435292951e+01 8.313850915223140703e+01 9.238581236489179105e+01
9.623890019827233289e+01 8.227778666100637395e+01 9.121857068925903889e+01 7.318964994553785175e+01 9.000307809011563620e+01 9.818901884718519568e+01 9.705204035163640697e+01 8.867155244966431837e+01 6.919482841743396762e+01 7.519054383160366228e+01 6.340796622365041202e+01 8.241881775830024992e+01 7.644835915520876313e+01 9.683277989147100584e+01 1.059510936943331814e+02 8.565314281522874751e+01 8.381233192854705294e+01 6.888980906959696426e+01 4.847178912423318309e+01 4.920784601513018686e+01 5.171352103698454528e+01 7.220365731484763216e+01 8.439093129645220870e+01 8.640180380911351676e+01 9.122794231286417244e+01 8.751331703960858022e+01 9.710114580519437766e+01 1.155393213901106435e+02 1.267640925584469898e+02 1.184460516455460493e+02 1.017476505193783964e+02 1.201458075028110954e+02 1.273434664341121447e+02 1.158313593847779686e+02 1.075587743987613010e+02 9.071053360383100994e+01 1.106326274093056554e+02
9.992391218461926883e+01 1.020005040652578714e+02 1.010789148614248063e+02 9.288943581289289853e+01 1.010789148614248063e+02 1.030351452307780278e+02 8.272195751532277086e+01 6.819080188726795200e+01 7.519054383160366228e+01 5.459662384971232285e+01 7.144030887770752258e+01 6.187990833388366951e+01 8.241881775830024992e+01 9.780257672090171184e+01 9.604941203502239944e+01 8.761443506103850609e+01 8.446527083167440253e+01 6.608489568676097292e+01 4.571561950071156843e+01 6.608519237478759578e+01 7.220365731019730049e+01 7.917464691561859524e+01 8.567856848662287916e+01 9.292383094680104705e+01 1.013381470090799894e+02 1.077556476179591698e+02 1.160803170550820482e+02 1.255911618299615213e+02 1.184460173533288696e+02 9.827333093725999902e+01 9.160840565984028672e+01 1.118216896024990348e+02 1.127357640888636894e+02 1.210628213047656629e+02 1.189054542411155069e+02 1.022262953475796792e+02 1.189054542411155069e+02
1.079170504117099227e+02 1.106261074493561125e+02 1.022860342291168081e+02 9.965414457098226819e+01 1.080037600669799502e+02 1.064624293049986932e+02 9.705204035163640697e+01 7.684698559925917039e+01 5.625901771055168155e+01 4.978370680154242933e+01 5.088156469414334282e+01 7.144030871057795196e+01 6.895485701985775506e+01 8.942016804106975769e+01 8.437213900863525851e+01 6.745793926599581880e+01 7.606571073152684903e+01 5.558427020550907116e+01 4.389320879338617232e+01 6.424102244812311824e+01 7.077714459347819798e+01 5.861689511035373812e+01 6.512582741003095066e+01 7.244963841613947864e+01 8.274468682164948063e+01 9.715783345921514069e+01 1.174557220837646270e+02 1.145120391376327547e+02 1.061747660686049386e+02 1.041816830968731580e+02 8.390950912301718745e+01 9.623034805187171514e+01 9.252083855856199079e+01 1.100542782455775921e+02 1.190829590906033957e+02 1.221158905582707490e+02 1.304123717454159816e+02
1.067188728736916943e+02 1.022860342291168081e+02 8.179903893528401682e+01 7.912136876244100847e+01 9.355035008387842765e+01 8.604663955002502007e+01 1.004172627818432630e+02 8.526948908788818926e+01 7.684698559925917039e+01 6.493906294013950742e+01 4.447627916011070681e+01 5.214951783750999681e+01 6.670950109765010438e+01 8.719755131479701049e+01 7.597676789737238323e+01 5.586761941864410375e+01 6.436660062856836362e+01 6.010730171835385249e+01 4.207204703788105604e+01 4.612885031288405457e+01 5.031757152792548027e+01 5.942009421054498830e+01 7.131900452919680333e+01 9.156836795794187367e+01 1.012354574001952727e+02 1.115068641597429178e+02 1.080609595545428192e+02 1.028275535748795875e+02 8.589115020683480850e+01 1.028274406087376747e+02 9.623034288958382376e+01 7.584811610099552581e+01 8.139734644252955320e+01 9.053176335358806170e+01 1.048585420626052809e+02 1.249930599112300911e+02 1.328579029676600385e+02
1.077808542859805954e+02 1.022860342291168223e+02 8.179903893528401682e+01 6.701754860109120671e+01 7.288546488423267533e+01 7.133199894340793890e+01 9.202628490146919660e+01 8.608228167296574895e+01 7.766439904901261571e+01 6.198551164062563146e+01 4.159404616230407470e+01 6.198551164062563146e+01 8.114745486727278490e+01 7.850710098838786166e+01 7.007494548586919336e+01 6.436660062889865230e+01 4.417861348423505063e+01 3.958218473009743121e+01 6.010729583046077096e+01 6.651153708531126085e+01 6.477340350405879121e+01 7.077714459348163700e+01 8.829443527049984652e+01 9.983848032002998707e+01 9.498727564897097864e+01 1.020879501981708160e+02 8.782629718117036077e+01 9.446401324049445236e+01 7.400380458403274986e+01 8.352757058205455110e+01 8.617118180300747099e+01 7.105588698827921235e+01 9.155434307595857035e+01 1.100542782455775921e+02 1.190829590906033957e+02 1.164503309193044203e+02 1.127628132494484277e+02
1.010773615885067471e+02 9.267949963318530138e+01 9.621257319239018102e+01 7.893806962676738692e+01 5.804475935662785702e+01 7.288546471401365068e+01 9.355025263327281948e+01 7.766439904901261571e+01 5.716170092406837000e+01 5.913013184271382983e+01 3.881431000603433290e+01 5.913013293378508450e+01 6.613662404927515581e+01 7.007494548585877681e+01 4.954628333879536939e+01 5.555898927297938172e+01 3.690209692707976785e+01 5.781393131559709531e+01 5.411930143715210306e+01 7.456361339371531471e+01 8.527145775654302895e+01 9.121751505595574372e+01 9.618257843449742950e+01 8.889503384159257848e+01 7.423978053177025060e+01 8.876173462475310316e+01 7.329165741239290810e+01 8.845434212917734840e+01 8.002858155897357051e+01 6.282727177393285700e+01 6.552389611541477166e+01 6.951473025014573182e+01 9.005244992865485187e+01 1.001497821945763036e+02 1.047971181392704949e+02 9.626637431287471713e+01 1.164503309193044203e+02
8.918351176932333146e+01 7.194349845421325540e+01 8.918351176932333146e+01 7.448359864419410314e+01 5.365721838654668829e+01 7.448359864419410314e+01 9.077605468889146323e+01 7.766439904901261571e+01 5.716170092406837000e+01 4.276288102021678839e+01 3.611983838315504869e+01 5.636549825232425093e+01 4.573806915263970296e+01 5.266222701895577529e+01 5.361943907814772103e+01 3.462346389618922871e+01 5.555898926729100396e+01 6.626541349791206414e+01 7.456361368494766850e+01 8.298779914299595362e+01 9.623639412645344748e+01 9.013934358094354593e+01 7.575480698739912100e+01 7.952626190025306130e+01 5.956264974006319335e+01 7.263110267899287464e+01 6.287992006767703401e+01 7.664258356403742312e+01 5.929366256818264702e+01 8.002858156327695838e+01 8.020791313980311088e+01 9.005244638223828701e+01 7.542917095848638098e+01 7.984030976527554913e+01 8.453985051670669293e+01 9.097313872755576369e+01 9.814889564007971501e+01
8.070756377058934561e+01 5.983130258587861050e+01 6.954873275970709301e+01 6.488003393166400201e+01 4.960992081181676383e+01 6.152831897388258398e+01 8.232570079493135040e+01 8.363221725966373299e+01 6.316680217216458715e+01 5.385432994276087015e+01 3.365587583701912422e+01 5.036457372291085477e+01 3.154197818601570447e+01 3.249427315573111485e+01 3.344332827886396586e+01 3.467217827731791147e+01 5.486892758388398761e+01 6.510569914898729849e+01 7.157929787984556924e+01 7.997781646847400339e+01 7.583147071518249049e+01 8.174157314990605983e+01 6.113017360137257583e+01 6.870832965871046838e+01 5.035986686206745588e+01 5.197621609624503947e+01 5.361199966250810434e+01 5.592234215267524888e+01 7.664258356403742312e+01 8.845434243017021458e+01 1.005676608256566311e+02 1.041741210928931025e+02 9.581978810241398037e+01 1.001497821945763036e+02 1.047971181392704949e+02 1.111903672103837692e+02 1.183229850148199489e+02
6.771671620582111473e+01 5.561551220402608209e+01 4.881915585939850644e+01 4.428841949302579195e+01 6.079511907228739176e+01 6.931508238760859797e+01 6.910509623009025404e+01 7.085293649877884548e+01 6.211679067186980774e+01 5.755388284327787574e+01 4.912057406778433233e+01 3.019061196116570756e+01 5.035174434752567407e+01 5.266136790716182503e+01 4.764248459307653150e+01 5.486894508977260898e+01 3.640988334219961331e+01 5.665007176575804948e+01 5.108515638862597541e+01 6.819476045813020448e+01 6.127359270829028759e+01 6.504515076247761840e+01 6.650981753500882121e+01 4.812823083194385276e+01 5.998888163562092046e+01 7.262825386449044629e+01 7.429647827761300505e+01 5.557122611874962814e+01 6.861619804841831183e+01 8.367215035124488054e+01 1.040448317770650277e+02 1.101629688958307582e+02 1.135839766703292923e+02 1.173396886132497912e+02 1.232178244547625070e+02 1.149682465372875413e+02 1.211451996729645231e+02
7.043417545087531551e+01 7.651676437221182425e+01 6.323227311807436735e+01 6.009509172546397338e+01 4.013858059221217189e+01 5.701829379983294643e+01 4.842039061816514334e+01 5.204184413115971353e+01 4.102767959468953762e+01 4.788441673175432101e+01 2.893102050966663441e+01 4.912209498740266156e+01 4.089910575223817091e+01 6.119673468013068884e+01 6.812464839336192313e+01 6.499632591991600350e+01 5.630402351492757163e+01 3.816138236495057612e+01 3.942048632876126391e+01 5.975166190048812354e+01 6.296222885985321227e+01 4.456592739123730240e+01 4.597582166617634414e+01 6.047609358182093331e+01 7.711662386169447814e+01 8.058961947166949358e+01 8.023833727842962560e+01 5.813234838537165672e+01 8.023833727945249450e+01 9.250494265094955892e+01 1.042440422612638855e+02 9.001760511590987335e+01 9.348127932211333757e+01 9.727951517758918953e+01 1.072288642881391212e+02 9.504453906305295163e+01 1.013664864713963141e+02
9.120257233760729321e+01 9.079128068552648756e+01 7.380626571199948671e+01 5.324089821601037187e+01 5.629049225783425925e+01 3.623164782282548657e+01 3.380053941321460798e+01 3.170710127738179551e+01 2.972768309371713258e+01 2.766948690088532814e+01 4.788441673174839508e+01 5.755712991344497453e+01 6.122873322618389835e+01 5.524030276971912201e+01 7.567815363281948748e+01 7.026284594064024702e+01 4.979415130094123754e+01 5.845344475914492932e+01 5.975056441882565395e+01 4.123361905957253981e+01 4.260361847851714856e+01 6.301419878934638064e+01 5.018892365351407392e+01 7.143526595416892633e+01 8.950359737915169944e+01 1.008405243879670650e+02 8.869247927604770609e+01 8.023833727945229555e+01 6.285984251503285947e+01 8.411000411735997773e+01 9.127809745122806362e+01 7.562401232588825906e+01 7.916886635443695752e+01 8.303010760471534013e+01 8.716406888314206469e+01 9.615737188490665233e+01 1.161858895406246148e+02
1.005273574133832284e+02 9.507685848064292600e+01 7.424029444763299068e+01 7.413999406530408010e+01 6.544666104272666018e+01 4.828413100685789772e+01 4.842039235077314174e+01 5.166553084848848698e+01 4.375602125134469134e+01 2.677677011341643976e+01 4.703532851573294238e+01 5.112685917247255674e+01 7.150356362957728606e+01 7.568176904534223581e+01 8.406568022412299968e+01 7.026455636734021937e+01 6.427616304177271900e+01 6.795800374849626735e+01 4.747817708129338143e+01 6.161940423929187460e+01 4.538282417168350236e+01 5.794441312612924833e+01 5.463355268038135648e+01 7.470821287418341683e+01 8.951939082398226333e+01 9.937117334180108230e+01 9.591853430095079602e+01 7.546556900811009427e+01 8.411000961227595951e+01 6.755434087975240232e+01 7.081057438037983331e+01 9.127809845627147922e+01 9.086864037509050718e+01 1.031550036317428436e+02 9.876716732822335132e+01 1.155153031067879397e+02 1.125182837559016917e+02
9.030862418187734875e+01 9.026231730510278339e+01 8.026156246626430857e+01 7.199927860105550792e+01 7.743873689494483870e+01 6.894919632729927628e+01 6.910551046973651523e+01 6.332932223686906070e+01 4.206836381719068640e+01 2.594753841363094082e+01 3.089370499562785710e+01 5.112685917252957779e+01 6.525026993423655597e+01 7.249441697199557666e+01 8.090760248547178435e+01 9.064475476508934548e+01 8.473184200169247049e+01 6.668222059501091792e+01 5.216163182468148563e+01 7.257747066618340170e+01 7.705314286083519448e+01 6.729660588330445137e+01 7.470820205799616076e+01 6.146044744393909554e+01 7.150612444186435823e+01 9.115806670827407743e+01 9.591853430095079602e+01 8.999630551704683512e+01 9.659908342695395334e+01 7.965249295375227234e+01 8.272564436596150017e+01 9.962475808775330677e+01 1.109812337349960387e+02 1.192823837299519454e+02 1.187877572945098876e+02 1.270698216058903256e+02 1.325048631181086023e+02
