MOVIE_S1_data/elevation_000793.asc
nrows	100
cellsize	150.0
xllcorner	0
ncols	100
yllcorner	0
NODATA_value	-9999
[rows 17 to 33 of 100, columns 0 to 36 of 100]
0.000000000000000000e+00 1.999999999999964473e+01 3.111638530787681844e+01 3.814387554415018400e+01 4.610174439652041656e+01 4.882766382675280425e+01 3.861833493624875757e+01 1.851377565148584381e+01 3.861833493624875757e+01 4.604575808628665357e+01 2.694366666033744551e+01 2.561769372751382789e+01 5.520630464646085755e+00 2.149741327132323576e+01 3.786703432424662452e+01 5.229780430044730366e+01 5.522206407493478508e+01 5.004517065908166984e+01 2.946932201651549121e+01 3.324075997345797617e+01 1.888805339822759422e+01 3.845946099506247151e+01 4.761155983351903132e+01 3.059592303675879776e+01 4.761508893999600645e+01 5.776928835181973909e+01 4.942452604539300864e+01 3.742176584498397318e+01 5.770520326045075876e+01 5.801086043983035268e+01 4.761435111205079096e+01 3.268038142064010287e+01 3.554826748209751486e+01 1.571785765530018075e+01 3.616255729071198033e+01 5.387582800365370161e+01 6.326859938904664915e+01
0.000000000000000000e+00 6.086239778989217974e+00 1.280896061137930886e+01 2.154668294409228579e+01 3.296795812767394551e+01 5.215409945504870848e+01 4.691834641843546905e+01 2.858023063226826821e+01 4.691753959195234103e+01 4.257265843004470440e+01 2.144413385654783966e+01 6.478297903192932417e+00 5.826298221652074005e+00 1.725679360767539094e+01 2.512656948874950302e+01 4.129979405302662343e+01 3.001476390312349452e+01 3.119114277268406710e+01 2.985798848570973618e+01 1.455374372787152382e+01 3.279768887594178750e+01 4.157608524524918892e+01 3.907913492951741574e+01 1.870316081489261961e+01 3.913588558656548599e+01 4.942449869817721719e+01 2.919595334756902361e+01 4.349356253755938440e+01 6.374312558515468652e+01 4.960794516181424996e+01 2.860738725299439267e+01 1.839905295088958326e+01 1.511380193064492694e+01 2.931895803010261048e+01 2.525358833855085905e+01 3.434116044673261570e+01 4.889919473988730658e+01
0.000000000000000000e+00 1.999999999994673061e+01 3.314273931147937446e+01 4.095325005540139074e+01 4.907310295362359653e+01 6.018401122764676359e+01 4.865642842763551812e+01 4.865639976664600397e+01 5.103054536883316672e+01 4.263718520482385799e+01 3.017295939528057502e+01 9.694113467795656192e+00 2.263469764767982539e+01 6.257881847684536147e+00 1.687948358926912462e+01 3.028856547535355404e+01 7.808872869892447000e+00 7.974858354090814672e+00 1.088289086844836895e+01 2.228039535554577455e+01 2.575332660869248969e+01 2.310230549598689009e+01 2.991974437040678225e+01 1.110316928082689358e+01 3.164727634743602636e+01 4.465287160219021700e+01 2.445455811531326873e+01 4.465660430394517988e+01 6.161629321710938001e+01 5.800875384442473859e+01 4.690563568518700066e+01 3.507806147452021150e+01 1.468803383389646555e+01 3.511451655591350374e+01 4.568627468515273904e+01 5.412094000793793214e+01 6.326859941059240811e+01
0.000000000000000000e+00 1.154700538379241515e+01 2.568914100752311569e+01 4.568914100752240159e+01 5.039034032331606028e+01 5.867413743740507215e+01 6.867780494955414383e+01 5.442538977703856062e+01 3.400830440116830999e+01 2.213085858949369111e+01 1.440935016811550895e+01 3.017345552180671930e+01 3.314189717375050037e+01 2.012545439866514130e+01 6.688339619990284035e+00 2.079389337032456808e+01 7.548275681465807629e+00 2.031428307275972145e+01 8.416452054048264131e+00 8.727302767798091665e+00 9.322607145946239626e+00 1.080861559356300461e+01 9.855679224734366528e+00 1.014572940229383846e+01 3.020803974795732216e+01 3.454930960681308250e+01 2.007379407851651010e+01 3.282639307947228957e+01 5.172082938495654503e+01 4.616682337987799656e+01 4.005428564419226234e+01 3.249831781875142411e+01 1.426312603768382736e+01 2.951270699766047656e+01 5.171527721920920584e+01 6.187492935840923991e+01 5.391237049960767536e+01
0.000000000000000000e+00 1.999999999999964473e+01 2.906044635112230878e+01 3.406044235997212866e+01 3.039038154236262201e+01 4.745603865388594755e+01 5.573947141129951888e+01 6.277631899829357565e+01 5.103167684055001274e+01 3.488620558414517348e+01 2.623268804225622119e+01 2.018038237062922136e+01 4.023963837361961993e+01 2.834714718415565926e+01 6.946891055885432209e+00 7.109112297830207261e+00 2.690910726502983508e+01 2.657609750956174466e+01 3.183532859136728632e+01 2.986530657186439797e+01 9.104442647505434749e+00 9.403239210111088653e+00 2.977984482639871899e+01 3.002846163902107079e+01 1.051447773345891434e+01 1.432288459927720226e+01 3.140136004198591380e+01 2.143839539414423712e+01 3.748935975800125675e+01 3.448289830530053734e+01 2.233395266983047733e+01 1.366358448633508260e+01 2.272880746178849165e+01 3.296372088244373799e+01 5.168316520253073065e+01 5.025654251077973100e+01 3.333299087386340886e+01
0.000000000000000000e+00 4.472135954999560070e+00 9.060450632410756100e+00 1.406045063241071347e+01 2.038500595274735971e+01 2.745607376461243021e+01 3.900307911873253630e+01 5.900293535118589006e+01 6.362276932542155095e+01 5.507595022520791161e+01 4.670694157989793638e+01 4.072501356641209469e+01 2.639750349749270697e+01 3.773785790134238027e+01 2.138100073172018156e+01 2.778768097568993056e+01 1.036681727048253343e+01 1.351912808332781957e+01 3.412002241009662384e+01 4.618221809053974170e+01 4.588951656038538829e+01 3.197413227901882848e+01 4.618623008270089514e+01 2.742849424480553822e+01 1.193640828683514599e+01 1.089200017622458638e+01 1.117251898305347879e+01 1.782823469247178849e+01 2.584922156482745237e+01 3.041492895105400152e+01 3.280783910987945973e+01 1.324059678945883434e+01 3.025856704068008796e+01 4.493044569387435416e+01 4.575584036386281639e+01 3.769719881593964317e+01 2.167587346818632454e+01
0.000000000000000000e+00 1.999999999999964473e+01 2.906044635112230878e+01 3.406044235997212866e+01 4.038498836441606699e+01 4.745603865388594755e+01 5.573947141129951888e+01 6.728475601508155535e+01 7.774928103451878769e+01 5.761518076144996314e+01 4.322646928335853289e+01 3.294147685745200960e+01 4.690959416969823792e+01 4.414020621654331222e+01 3.623658727150450432e+01 1.538059595503261434e+01 3.130346179576114096e+01 3.433180098496973187e+01 1.824846642679020547e+01 3.908747628590895573e+01 5.205872542158491001e+01 5.395722216472363186e+01 5.762675698098738053e+01 4.097918460340891045e+01 2.020429360364199312e+01 3.006212426541410920e+01 1.950187269359433273e+01 1.159544348599174590e+01 1.190558644207996331e+01 1.221983328988123851e+01 1.264240994078289759e+01 2.046808059056297679e+01 3.567364209201588920e+01 3.744495744925009006e+01 3.543273863978654958e+01 1.800600811724973127e+01 3.769608906052896913e+01
0.000000000000000000e+00 1.414213562373107536e+01 3.414213562373178235e+01 4.211014335089137717e+01 5.039546423544598497e+01 5.296964091498307425e+01 5.515764409644504696e+01 6.344521821264103068e+01 7.230135465426619135e+01 7.180056306490659779e+01 5.862209119714191274e+01 3.827548034552549439e+01 5.862326779635745311e+01 5.823222649978404064e+01 3.648654894430335816e+01 1.911307432117910210e+01 4.020998835432120444e+01 4.721315607517394142e+01 3.908905756651864749e+01 2.347368290161959337e+01 3.839014523533942480e+01 5.791412504531366778e+01 5.569988097180361564e+01 3.519780217074330864e+01 4.118869274868888652e+01 3.545348810631698200e+01 1.511080498841827868e+01 3.417664661304916507e+01 3.432484416071771705e+01 3.207086568876766108e+01 1.240836057380056623e+01 1.763393811466142580e+01 3.103559318227568653e+01 1.452115110388739616e+01 1.497657952611377041e+01 1.545394552005753752e+01 3.592336769118497841e+01
0.000000000000000000e+00 1.999999999999964473e+01 2.691155579852215496e+01 2.211001401927893184e+01 3.456309987411401607e+01 3.296916304375373130e+01 3.515697649704791417e+01 4.399175776488181810e+01 5.893974441335425496e+01 7.048171982277935399e+01 6.447329732793829749e+01 4.420798103974944837e+01 6.447338489125687033e+01 5.863049811998980232e+01 3.830609086770650151e+01 2.321983612074873804e+01 4.425897192833694760e+01 6.011907939935701251e+01 4.799192877563508830e+01 2.750011451969551857e+01 4.799192877595332618e+01 6.361852844753981628e+01 6.395211180383432037e+01 5.569991279397800810e+01 5.225013383908668629e+01 3.220405797472530196e+01 1.767987839472996114e+01 3.807894551782233350e+01 5.003549079519866893e+01 4.216785451402913054e+01 3.272698443211819352e+01 1.332631203900563932e+01 1.388886795420227216e+01 2.470996158196342662e+01 3.514284465050268125e+01 3.545520588035618914e+01 1.615458743070418635e+01
0.000000000000000000e+00 3.429971702850183934e+00 6.911524821964156295e+00 1.056300853866529543e+01 1.456300853866533096e+01 1.882702286577761441e+01 2.399100066072092829e+01 3.065766732655335147e+01 4.220466247301004614e+01 6.220370645739933479e+01 7.120308770396199805e+01 5.101397926584647280e+01 7.120308770396199805e+01 5.517515793813908687e+01 3.475284392864828931e+01 4.425897192833554783e+01 3.118530273012756027e+01 5.177856990440843532e+01 5.353380904558281372e+01 3.355227557095155788e+01 3.596708806741057884e+01 5.019061007407737662e+01 6.917956062764224612e+01 6.295895807742537187e+01 4.303741830137831670e+01 2.870861422992004819e+01 3.808478591225851773e+01 2.172148314279808545e+01 4.203054871954935123e+01 5.492509457678336560e+01 5.006439762935235649e+01 3.169690914539647508e+01 3.598186244054645755e+01 3.835585317463619504e+01 4.015069319304968332e+01 1.973184429576818744e+01 3.661776082086254291e+01
0.000000000000000000e+00 1.999999999999964473e+01 2.691155579852215496e+01 3.056306329745762440e+01 3.456309987411401607e+01 3.882716738526531941e+01 4.399125090717073761e+01 4.399125090717074471e+01 4.479973655766524843e+01 6.479773658024096505e+01 7.946717516645985313e+01 6.115482974547652617e+01 7.946717516645985313e+01 6.352220799296484444e+01 4.516637688504469850e+01 5.760795270030082804e+01 3.741437834179399857e+01 5.760795270030093462e+01 5.939058240751199946e+01 3.996586268384451301e+01 5.575234501695918254e+01 4.620503159765434731e+01 6.529965843626403910e+01 6.514079151874952345e+01 4.522055699720060318e+01 4.887015245175704337e+01 3.013569455249016826e+01 4.203056425703233145e+01 2.653791288006009808e+01 3.829916383015524417e+01 5.823169290227613715e+01 5.518004515930539355e+01 5.575145977410883802e+01 4.375385100301057406e+01 2.336424821645285377e+01 4.015069319304968332e+01 4.567692611092701327e+01
0.000000000000000000e+00 1.999999999999964473e+01 2.843425825462459144e+01 3.302253401976017955e+01 3.802247232421539991e+01 4.630539741012248811e+01 5.524897971775623517e+01 6.399330671610649546e+01 6.479773658024096505e+01 7.307975226904335386e+01 8.948233162818181086e+01 8.125117618414657272e+01 8.948233162817757602e+01 7.356134538022492109e+01 5.931731927705324381e+01 6.423801891880593473e+01 4.434782026329117599e+01 6.423801891880593473e+01 6.571641157694138258e+01 4.673892406865333271e+01 6.571641157694138258e+01 5.493275191986323591e+01 7.314228611698069926e+01 7.341453025864376514e+01 5.913474404538029461e+01 3.922764776962641520e+01 5.023201994393655667e+01 3.194484041396234986e+01 4.672365321790143611e+01 4.672365321790143611e+01 6.639493292074794795e+01 5.973454633574907291e+01 4.750998170966055767e+01 2.710889136504811248e+01 3.782446074500832367e+01 5.206086808950493605e+01 5.461776435312177824e+01
0.000000000000000000e+00 4.170288281141478315e+00 8.434302608253650746e+00 1.302261728566484678e+01 1.802261728566475796e+01 2.696688918445016725e+01 3.851389246775993058e+01 5.265595651702805213e+01 7.265409963257317827e+01 7.958682129610782852e+01 8.786601549758115937e+01 7.896416887470887502e+01 7.072320234456714161e+01 7.896416887470887502e+01 7.934721187049434832e+01 7.260186338489879176e+01 5.430116807115243915e+01 7.260186338489879176e+01 7.354286001706817899e+01 5.638145525000548730e+01 7.354286001706817899e+01 6.580047884539303027e+01 8.156374582706223464e+01 7.051535255408087721e+01 5.080356039596073003e+01 5.337018498532411570e+01 5.575802224111141214e+01 3.580352030187205514e+01 5.575802224111141214e+01 6.655443454983156926e+01 6.409210306956525471e+01 5.147312873326092841e+01 3.107158040093995766e+01 4.750998170966055767e+01 4.750954387395454859e+01 6.627788678612594708e+01 6.288020102717844395e+01
0.000000000000000000e+00 1.999999999999964473e+01 2.843425825462459144e+01 3.302253401976017955e+01 3.802247232421539991e+01 2.871306673370331453e+01 4.026006597188522562e+01 6.025874641460288927e+01 7.632486770628810291e+01 5.959609236286270573e+01 7.632486770628810291e+01 6.901525140306733874e+01 5.082438083601617507e+01 6.582692185199617541e+01 7.406208244425795328e+01 8.261084600645249054e+01 7.417486976645987795e+01 8.261084600731797423e+01 8.292874394692113071e+01 7.505136790387720680e+01 8.292874394692113071e+01 8.445938849763628298e+01 9.243879138026642295e+01 7.864590893541981131e+01 6.225065458567727461e+01 7.305162070926856188e+01 5.973743482901623736e+01 3.984037188949226760e+01 5.973743482901623736e+01 7.000622907325151800e+01 5.000092026096426423e+01 3.551768025522197547e+01 5.147312881909479643e+01 4.295236748763666412e+01 6.311270525744870241e+01 7.578468840043827015e+01 7.284862020454333731e+01
0.000000000000000000e+00 1.999999999999964473e+01 3.584356070764547297e+01 4.478783261764679224e+01 5.699252727194802759e+01 4.871150404640022913e+01 5.699252727194802759e+01 6.853621799716475493e+01 6.804516856520184831e+01 4.806495951258364130e+01 5.736529759505667414e+01 6.077291783834015604e+01 4.084955486322536444e+01 4.592416760238975115e+01 6.000799186084426395e+01 7.987506155513328565e+01 8.462837789150627543e+01 9.049081872586357633e+01 8.731438816123593938e+01 7.900873120147872442e+01 7.814744857746769924e+01 8.645428953327926536e+01 9.649866443251715964e+01 8.995696127737151926e+01 8.180513993352575142e+01 8.194304583626060889e+01 6.397124596778866135e+01 4.411291147837441429e+01 6.397124596778866135e+01 7.064252443442896379e+01 5.066590806751674592e+01 3.883838858924101345e+01 5.910570799068315040e+01 5.729109750863769790e+01 6.311270525744870952e+01 8.294055729937139176e+01 7.042265244422696924e+01
0.000000000000000000e+00 7.559289460184577258e+00 1.650356137018389191e+01 3.064569699391509516e+01 5.064569699391579860e+01 4.619241063166597172e+01 4.359913948119027793e+01 5.196834644259960356e+01 6.357828874247476136e+01 5.736529759505667414e+01 3.738448646408835430e+01 5.323931482085956191e+01 3.328974650328510876e+01 4.741083879179668514e+01 6.730744675357391316e+01 7.874018240298852334e+01 6.457158957771690666e+01 7.044608686522477115e+01 7.569654127064882232e+01 5.885659223582545962e+01 5.799196296342302759e+01 6.808888201639283011e+01 8.820601513854261100e+01 9.734841897637171826e+01 7.784656471556891688e+01 6.405794582134652160e+01 5.413425623348084770e+01 5.016868037281762582e+01 6.992929564956448019e+01 7.880571294392375137e+01 6.256165784284450382e+01 4.239813575149927516e+01 6.256407499315979948e+01 7.716730963943567190e+01 8.099528922851600043e+01 7.104959279852894838e+01 6.220620849156769339e+01
0.000000000000000000e+00 1.414213562373107536e+01 3.414213562373178235e+01 4.478783261764679224e+01 4.057452529776193728e+01 2.654435925229834226e+01 2.403619003226340922e+01 3.512760349729883558e+01 5.514562936364198009e+01 5.104681032793376261e+01 3.104682705460281866e+01 4.825023039809796899e+01 2.826731851767002723e+01 4.825023039832718297e+01 6.358924991806035365e+01 5.885924880065724096e+01 5.037695188295267457e+01 6.833968889562697768e+01 6.001050480128573383e+01 4.720843201400955280e+01 6.147447352885398431e+01 8.161633560199396697e+01 9.649866443251715964e+01 1.001559336872155797e+02 9.172473183995987256e+01 8.194304583626060889e+01 7.380823570209649631e+01 5.686531083187117019e+01 7.646128805841109966e+01 8.010767818752817959e+01 6.037053028384003284e+01 4.611065335382229335e+01 6.037256168131698075e+01 8.018090886922273341e+01 7.282006571992891963e+01 5.286461168279740264e+01 4.266052683582366711e+01
