MOVIE_S1_data/elevation_000267.asc
nrows	100
cellsize	150.0
xllcorner	0
ncols	100
yllcorner	0
NODATA_value	-9999
[rows 34 to 50 of 100, columns 37 to 73 of 100]
8.002243319376879072e+01 9.372663673809094576e+01 1.029278148438937563e+02 9.967873497466503352e+01 9.331887261906905451e+01 9.331887261906905451e+01 1.134171159235376223e+02 1.037492709162425371e+02 9.558833925410999655e+01 8.225555758971823650e+01 9.865233462329533154e+01 9.004470181461628897e+01 6.990761659640718051e+01 6.235213628673709252e+01 7.452624163256921008e+01 7.881134115971777021e+01 6.584274084557159767e+01 4.653953906148785080e+01 6.127734342474100515e+01 5.756980621639463891e+01 4.291798048162582546e+01 4.340830761851840691e+01 4.389164739834431828e+01 5.825533400157585362e+01 7.082986057983714545e+01 7.651640553721493632e+01 8.464528550368531512e+01 9.594495630118268537e+01 9.544415555359925918e+01 8.170516099246844988e+01 8.949893029385331999e+01 6.937741497246230438e+01 7.527077248982287472e+01 6.207503956601821216e+01 5.937196679209615269e+01 7.812384380816806129e+01 8.325548731339482345e+01
6.617341373208716959e+01 8.572383801225254274e+01 9.967873497466503352e+01 7.961912205028326639e+01 7.328138741765741315e+01 9.161627954801073770e+01 1.058058318489328116e+02 1.082902634419470758e+02 1.099644374617005980e+02 1.017835103807286572e+02 1.039306811053814954e+02 8.429325558177563948e+01 8.292469602645041959e+01 8.292511712549800507e+01 8.458147132380372568e+01 7.068427917082615863e+01 5.131812619398198905e+01 6.584274084557159767e+01 7.050564390580052532e+01 5.120696903862187810e+01 6.234896323125069983e+01 6.277781705493222120e+01 5.177372082054751701e+01 4.498711150403264725e+01 6.349837919273643649e+01 5.708280385960319592e+01 6.826652858588617789e+01 8.780537030750231509e+01 1.036885091826022318e+02 1.010548584032030988e+02 9.781689318585715398e+01 8.949893042285555111e+01 9.051441250320884535e+01 7.622215608716787472e+01 6.492260207949293260e+01 8.442537674408472981e+01 9.100779551983444549e+01
5.892678416194885926e+01 7.833447220209846762e+01 8.308958361501652234e+01 7.478757008423404784e+01 6.333640722317881711e+01 7.742672724708839382e+01 9.189203397990337407e+01 8.820661600840654160e+01 1.082902634419470758e+02 1.126375242601307889e+02 1.120843250889571294e+02 1.039306015795256144e+02 1.027285986122051042e+02 9.030928249803267249e+01 7.070252830582801096e+01 5.690893476904792436e+01 5.986788061869304300e+01 7.881134115954439778e+01 7.698073049179281213e+01 5.755870312107991538e+01 7.698035257968659550e+01 6.872995404748169790e+01 6.872911042012458438e+01 6.427200221960053739e+01 4.605349507878491266e+01 6.531250467567099349e+01 7.665404295575002891e+01 7.665404295575004312e+01 9.171867847515134997e+01 1.071934420452327146e+02 9.957965450925638606e+01 1.038536164968149933e+02 1.046451157665850360e+02 9.310004892751615557e+01 7.650175533663140470e+01 7.565158722527185375e+01 9.548966389534625421e+01
5.296251388007780747e+01 7.219722236961362682e+01 6.754086574768814444e+01 5.494165280271592877e+01 7.478757008423404784e+01 7.921967785762294056e+01 7.185527964631063469e+01 9.013885204283079133e+01 9.845592578448116683e+01 9.253981904976848227e+01 1.010354429188627705e+02 1.093649623826281356e+02 9.723125644614464136e+01 7.765299442952414211e+01 6.375206220238485599e+01 6.815531163504395806e+01 7.943492941743426172e+01 7.583889484795034264e+01 8.511024253469263101e+01 6.720759318537025706e+01 8.511023659580619949e+01 8.779381460998750697e+01 7.512575333332512173e+01 5.887574798272201093e+01 4.680103074611074732e+01 6.605322530068707465e+01 5.807116822183192539e+01 6.425532542370392264e+01 8.360207435947889110e+01 9.689263877636862787e+01 8.196173009572243018e+01 8.616134964845223010e+01 1.038536164962833368e+02 1.045511780347052309e+02 9.633853726679598140e+01 8.558297764859659651e+01 1.037021741731124251e+02
4.769725227471717943e+01 6.076886404073738390e+01 4.779643926398988185e+01 6.603438577569718859e+01 6.879581695127214402e+01 5.927800466827891057e+01 7.504257118644501645e+01 7.010135356885824365e+01 8.257205393881436351e+01 7.836486631725720997e+01 8.096602603166580536e+01 1.010355440313397537e+02 9.937635293646270895e+01 7.979387793803279294e+01 6.997294367916298086e+01 8.776943040428545828e+01 9.591384563016404741e+01 8.969302274130662056e+01 9.490152861314243182e+01 8.675386780745544968e+01 9.490152599965915670e+01 8.089752565851911470e+01 6.933518340083223563e+01 5.004140051163366110e+01 6.546712305055478964e+01 4.790916261125078535e+01 4.869168527460100648e+01 6.794600258991667374e+01 7.719009714210977791e+01 8.531802265704897081e+01 7.119210856298316514e+01 7.982693488838300766e+01 9.284858560209553957e+01 1.113701508655688741e+02 1.136118918092643213e+02 1.053963501420958266e+02 1.136118918092643213e+02
5.752901187887623280e+01 4.096683994257001160e+01 4.366527983794915002e+01 4.634550180202124636e+01 4.907525940611510151e+01 5.189279140885316366e+01 5.516373882579732424e+01 5.861494128235445800e+01 6.256278022874388256e+01 6.680711685969947666e+01 8.684399345915834090e+01 1.033522193320194447e+02 1.075491251107782489e+02 9.773166431523800668e+01 7.982427299330841208e+01 8.386628597027656440e+01 1.034121974403271196e+02 1.092988901321719624e+02 1.010347215780233228e+02 9.288331401005599730e+01 8.452319333999467688e+01 7.276604987424123294e+01 5.335813828435579609e+01 6.360965519629607456e+01 7.502920970315155103e+01 6.716067770450047192e+01 6.761104187707131530e+01 4.979958420771017558e+01 6.906659032555759836e+01 6.881116124015515823e+01 6.427310813263309797e+01 8.469315769191061349e+01 9.737208810903533163e+01 1.054576491858616407e+02 1.188785299153552728e+02 1.106626044806648110e+02 1.153787326369440080e+02
3.759170068074142534e+01 5.754784300580190148e+01 6.337795020821832281e+01 6.020514265033242651e+01 6.295342995397207631e+01 6.170111871699572248e+01 7.504257118644501645e+01 7.010135356885824365e+01 8.257205393881436351e+01 8.684399345915834090e+01 7.497760220510225793e+01 8.914635520188069506e+01 1.092363977916653397e+02 1.075255418395694988e+02 9.362456851856117623e+01 1.034121974403271196e+02 1.115970426601993353e+02 1.066823813255705033e+02 8.716317171465944114e+01 7.330173835249163972e+01 7.642393586646504389e+01 5.691434061976195125e+01 6.285722456259722435e+01 8.032136179284746902e+01 9.130054931883860547e+01 7.883905359360437615e+01 5.929180800490602365e+01 6.865133245412042129e+01 5.090523387955563805e+01 6.967750158753489131e+01 5.889208921752838677e+01 7.895517035495718972e+01 7.803571492372574880e+01 9.737208810903533163e+01 1.075656595905813901e+02 9.116777009338545668e+01 9.581774927136159192e+01
5.174904702525468991e+01 5.174907035807586908e+01 7.157544539570098152e+01 8.010742358732296964e+01 8.290058687678623528e+01 8.166374900237279633e+01 8.166374900238170653e+01 9.013885204283079133e+01 9.845592578448115262e+01 1.033522193320194447e+02 9.503059244210216150e+01 8.654244581261625058e+01 9.812213757327512553e+01 1.182415844245662839e+02 1.131998263620931766e+02 1.113356386032508425e+02 1.031541778598254240e+02 9.627998099525022724e+01 9.039280413366843447e+01 8.049144585599779589e+01 6.086758575060362375e+01 6.483447629772122411e+01 8.174311111227193294e+01 8.176843367566087295e+01 9.269698777422412661e+01 7.310027784594788614e+01 7.309952266269331744e+01 7.810595272174718673e+01 6.982673732410528089e+01 5.200033444611901956e+01 7.134423756204208189e+01 6.423899597274075290e+01 8.369920514125600164e+01 9.484336247048304358e+01 9.940725659936188663e+01 7.990734141095393284e+01 9.290728486989263502e+01
7.157618086167303773e+01 7.157716344280103726e+01 7.986487066956324554e+01 9.061182447603539458e+01 8.239560620726179252e+01 9.061182451047451991e+01 1.017248233506645789e+02 1.001776104211901242e+02 9.198351421991621635e+01 9.597032380027039267e+01 1.041537154541755683e+02 1.066256163690268863e+02 1.149492475987571964e+02 1.265582362854741802e+02 1.144232122545963364e+02 9.490467213061205598e+01 8.371101298721579553e+01 7.675895587927691111e+01 7.078159022911422937e+01 6.529310484163042361e+01 8.050191104985255208e+01 7.466154313441592194e+01 9.243881405265631201e+01 1.011944389354275557e+02 1.008510743575791224e+02 9.269698777422412661e+01 9.268964333242273312e+01 8.642975253267044877e+01 7.417571841487102802e+01 5.471177911210967437e+01 5.314657156944032579e+01 7.255841470271317917e+01 8.193090023401934729e+01 7.523464425459896177e+01 8.549951669014325262e+01 7.330817249625818022e+01 8.719117334321227020e+01
5.652691743421261350e+01 6.478536849888480731e+01 7.514853270151317588e+01 8.066567599683085632e+01 6.247986839248293478e+01 8.066567600378517966e+01 9.470795241802883879e+01 8.868618558757719939e+01 7.202950579777416351e+01 7.603624222911740560e+01 9.267488903001280676e+01 1.041540995519372643e+02 1.130253854401973825e+02 1.211699650190167574e+02 1.226713286655272128e+02 1.113356386032508425e+02 1.031541778598254240e+02 9.627998099525022724e+01 8.971364598532007051e+01 7.009066910001266137e+01 7.517435006186290991e+01 9.407991573099756977e+01 9.407991573099756977e+01 1.134970030761498379e+02 1.074249024318113044e+02 9.766286966395692559e+01 8.953704589555374582e+01 7.841848268014750545e+01 5.879254860157689677e+01 7.415461736732109443e+01 7.255904991854427522e+01 5.429746613857789583e+01 7.379035522990726292e+01 6.126504537831536368e+01 6.579026761565981474e+01 7.977039724755587713e+01 9.933083454889289499e+01
3.661194897678178961e+01 5.650546421110303896e+01 5.535044192593986168e+01 6.311037994194686007e+01 5.265149793134586531e+01 6.660503470137280146e+01 8.353341922138626785e+01 7.530483937532079608e+01 6.048535178691336966e+01 6.446979044290590366e+01 7.603624222926299581e+01 9.597033349562440208e+01 9.321012062148848543e+01 1.109706706899632707e+02 1.191159397563255737e+02 1.236058093032011698e+02 1.039253092813071930e+02 9.019795687886342250e+01 7.893210955891835567e+01 7.893210955891835567e+01 9.473439998087397385e+01 8.649162056463164561e+01 1.059942460612526673e+02 1.130713444467198201e+02 9.353970168216368108e+01 7.981370439140665951e+01 6.996336992556415169e+01 6.515222240479492655e+01 6.304540207442689592e+01 8.266900118779911111e+01 8.193296617558547723e+01 6.804713906029762427e+01 5.546002126523620035e+01 7.503425409261065226e+01 8.446427458007443079e+01 9.363314317976154655e+01 9.699631255416096565e+01
5.604472204991019169e+01 3.947590403094514500e+01 4.149042194223932967e+01 4.349826511606920576e+01 6.310864609434612760e+01 6.825014267418325176e+01 7.047571626543826540e+01 5.539302379806149190e+01 7.530483937532079608e+01 8.446138053694014047e+01 7.155594044043154156e+01 7.691564284366513959e+01 8.358931081284899278e+01 9.113840487304180726e+01 1.051933796574969620e+02 1.249182850543200942e+02 1.122432673177742544e+02 9.271697297952189842e+01 9.271697297952189842e+01 9.019795687886342250e+01 1.065938341738962549e+02 9.771373863274082794e+01 1.141909670901096803e+02 1.125084658640320185e+02 9.298607608264575219e+01 7.925789583765894974e+01 8.953704589579791673e+01 8.478973216009261193e+01 6.759187076288483809e+01 8.711154065751935605e+01 9.607762838550465290e+01 8.317849507021776390e+01 6.672100993957479886e+01 5.667080145695221916e+01 7.631977054070947020e+01 8.576047788558791751e+01 8.378646210882702405e+01
5.610076567558157024e+01 5.922146976545204922e+01 6.114916845957165492e+01 6.310988695421246319e+01 4.644806392804969164e+01 4.855147576888339955e+01 5.069700613674184098e+01 7.041058286827389168e+01 8.062716906449175269e+01 8.696109214386756037e+01 9.151960009726303724e+01 9.684628946554406070e+01 1.034747787918915947e+02 1.109706706899632707e+02 1.191159397563255737e+02 1.202626073965098072e+02 1.204706953682705404e+02 1.122432673177742544e+02 1.122432673177742544e+02 1.096895942805780066e+02 1.179053162845255542e+02 1.173056295648254803e+02 1.255585732007474320e+02 1.146726688672229955e+02 9.511518684515230859e+01 9.047096480991689305e+01 9.639197666618507299e+01 7.691928161733750358e+01 7.747693928542599906e+01 8.150633217454212343e+01 1.009981026613235287e+02 8.639035676180186840e+01 8.387362669339732690e+01 6.971827923165936625e+01 5.790874826191661384e+01 7.761710913663810629e+01 6.403805629667931498e+01
4.053868623768325818e+01 5.747963789890665964e+01 7.158383946000934372e+01 7.431870668288088666e+01 6.026544997130920223e+01 6.241792716231546478e+01 7.047571626544237233e+01 5.496635653057764870e+01 6.066136868359051704e+01 6.697572157065320653e+01 7.455153659957682066e+01 8.455784986289653204e+01 9.864796453917159624e+01 1.184404599325231260e+02 1.143844454854135648e+02 1.002920349551563106e+02 1.143844454854135648e+02 1.151028236746558662e+02 1.068574836843928608e+02 1.151028236746558662e+02 1.250558294900911989e+02 1.169267565832256963e+02 1.086881019864844404e+02 1.169267565832256963e+02 1.146726688672229955e+02 1.041770378926112386e+02 1.037314611966071283e+02 8.431301037775638463e+01 8.871739296984095802e+01 1.010023109544774087e+02 1.092021755433620456e+02 1.059956095917409726e+02 9.557892702961234477e+01 8.489058610729955490e+01 7.761710834745105103e+01 5.917444853440257901e+01 7.892474067701958518e+01
6.031821270023220904e+01 4.500624570292227133e+01 5.892164651864791836e+01 7.878162325832602164e+01 8.014784821041992302e+01 8.233135541037002270e+01 7.864687783440533053e+01 5.867561899108932266e+01 7.864687786195683827e+01 8.696109214386756037e+01 9.450145104308865029e+01 1.026947915938885529e+02 1.126142144057274095e+02 1.164664153290887043e+02 1.061412801990515504e+02 8.609588442975264400e+01 1.061412801990515504e+02 1.051007423392455280e+02 8.681266552166346173e+01 9.683507460302813286e+01 1.147506163159511630e+02 1.069286890523313929e+02 8.864795118380035888e+01 1.069286890523313929e+02 1.161693371108675592e+02 1.238894081227932276e+02 1.119326764500521847e+02 9.397033122002794414e+01 1.081911735523750906e+02 1.164197390572480941e+02 1.148444355363483567e+02 1.066481093156236426e+02 9.682095541367590386e+01 8.369838889869144793e+01 6.396509507663451899e+01 7.548581991762370080e+01 6.057274603291780579e+01
5.962526877963000516e+01 4.827243706547774593e+01 6.803171142590261411e+01 8.215503756668118740e+01 9.038293903455931400e+01 9.673955544281278662e+01 7.680851417908316137e+01 6.264966478975537001e+01 8.264618113674438860e+01 9.546573149579529627e+01 1.020986231307174421e+02 1.102693767914335439e+02 1.201609433612796920e+02 1.082262277623112112e+02 8.823076509137470680e+01 7.857033707057648542e+01 9.856483275084710272e+01 9.683507460302813286e+01 7.685470205995935089e+01 8.650514664526812680e+01 1.065037046846235000e+02 9.866802658514245650e+01 7.866868993486508543e+01 8.792712660529433322e+01 1.079271174287932382e+02 1.214773855593607834e+02 1.217566092756496943e+02 1.134925911732352262e+02 1.217566093043821667e+02 1.205265859049461170e+02 1.008994775489414195e+02 8.717800763917873041e+01 8.869156197819647502e+01 6.903341990603324518e+01 8.369838889869144793e+01 8.756031117940031550e+01 7.460045913538064610e+01
7.258501895034694940e+01 5.273761209195922106e+01 5.626742879004412146e+01 6.223150111751206026e+01 8.215503756668118740e+01 1.010118667986402698e+02 9.086655251130703448e+01 7.266713828008252563e+01 6.973263692180753992e+01 7.552324994166498584e+01 8.219994822595097617e+01 9.218336816889407714e+01 1.120138780925407360e+02 1.034505230424492623e+02 8.344344346201461349e+01 7.200053503244107844e+01 8.486510435879000624e+01 9.017495042200515343e+01 7.030038609061919885e+01 8.431606601165287884e+01 1.043195486258538267e+02 9.159719330282055694e+01 7.170046050009057126e+01 8.573725197439294732e+01 1.057443431326589689e+02 1.015137509444019059e+02 1.156030983839617505e+02 1.271165081531572127e+02 1.295177698278253331e+02 1.181222096748893051e+02 1.099039709634954818e+02 9.433413648969104770e+01 7.478765702313444308e+01 8.044865605335746750e+01 9.682095541363852931e+01 1.023703488289175141e+02 8.990000946497846712e+01
