MOVIE_S1_data/elevation_000019.asc
nrows	100
cellsize	150.0
xllcorner	0
ncols	100
yllcorner	0
NODATA_value	-9999
[rows 0 to 16 of 100, columns 37 to 73 of 100]
1.391345438694356460e+02 1.365751444103472352e+02 1.412918956564514303e+02 1.466648380178838522e+02 1.442715785984873094e+02 1.418378881180991300e+02 1.402732675300221103e+02 1.422807069198824195e+02 1.501821298100864794e+02 1.449920288023723174e+02 1.367843986511786625e+02 1.449920288023723174e+02 1.572261572705463664e+02 1.514594545855914021e+02 1.523045500525582270e+02 1.544314831683893772e+02 1.544314831683893772e+02 1.591401001942820699e+02 1.520269497448794311e+02 1.462340161887730687e+02 1.502569985753483763e+02 1.502569985753483763e+02 1.560442805172548617e+02 1.528676258474940823e+02 1.446079520970798740e+02 1.446079520970798740e+02 1.472295061858490328e+02 1.499437822585172455e+02 1.474265219083783336e+02 1.522169892764177632e+02 1.530777402286323081e+02 1.476902020128673030e+02 1.394003924391154499e+02 1.394003924391154499e+02 1.362845210303451040e+02 1.445907691896520930e+02 1.463342908799726843e+02
1.192548002768235733e+02 1.166641342329173341e+02 1.214358593437416545e+02 1.268905286118896640e+02 1.245045480375878242e+02 1.220654765565602702e+02 1.205194570203186260e+02 1.226737710303934108e+02 1.360825108435850268e+02 1.277197609105800780e+02 1.167579917713111968e+02 1.350097892799047088e+02 1.374722673901123926e+02 1.316785847542939507e+02 1.325272748857258591e+02 1.346630458595926711e+02 1.346630458595926711e+02 1.393948495659616071e+02 1.322015039735867674e+02 1.263890470998903908e+02 1.304212138315751588e+02 1.304212138315751588e+02 1.362309806728696913e+02 1.446079520970798740e+02 1.242871681793175327e+02 1.242871681793175327e+02 1.269484297702362738e+02 1.297040260554247482e+02 1.271483126141899760e+02 1.320110296336019644e+02 1.329753980847834782e+02 1.394003924391154499e+02 1.190159841386893191e+02 1.190159841386893191e+02 1.158587177257874004e+02 1.328609582980096491e+02 1.260533679984355331e+02
1.050604755360240006e+02 1.024589999294326645e+02 1.072588773775342901e+02 1.127473364391953794e+02 1.103391991944467918e+02 1.078840101780650969e+02 1.063283221713286366e+02 1.263052141643366753e+02 1.242985015607397514e+02 1.075358932807078816e+02 1.066703857537342373e+02 1.267711952112449580e+02 1.374722673901123642e+02 1.176301252453044839e+02 1.184814998155906380e+02 1.206241970951266609e+02 1.206241970951266609e+02 1.253700221891184725e+02 1.315138919726127256e+02 1.122989152369944748e+02 1.163467694877151501e+02 1.163467694877151501e+02 1.362309806728696913e+02 1.446079520970798740e+02 1.242871681793175327e+02 1.097527025423383833e+02 1.124307146137182656e+02 1.152047843169402199e+02 1.126314460561799820e+02 1.175348183786271505e+02 1.185238624923409674e+02 1.354452625646008812e+02 1.249864390994088126e+02 1.044925415131503286e+02 1.039955326226608889e+02 1.237329092215690451e+02 1.260533679984355189e+02
9.350667585697722473e+01 9.092523781579390629e+01 1.109275971719916782e+02 1.011675202195764882e+02 9.873271851089411655e+01 9.628015906856710160e+01 1.163254544721595067e+02 1.344137372500965171e+02 1.160268606131262885e+02 9.591497867821459522e+01 1.160268606131262885e+02 1.330807695290861545e+02 1.456414586244568454e+02 1.268661962864639605e+02 1.069307222126182637e+02 1.090888479475201223e+02 1.090888479475201223e+02 1.290048721153675046e+02 1.233007957049383094e+02 1.033141987125585928e+02 1.047781927710609153e+02 1.247508259924974112e+02 1.376149471916009190e+02 1.397833390449943352e+02 1.385773970134057720e+02 1.210772426164042201e+02 1.005829654681199514e+02 1.033491919201858877e+02 1.007822321752630330e+02 1.212772604744183695e+02 1.066612849985782248e+02 1.263429696418187547e+02 1.333530930757783608e+02 1.153255231286181157e+02 9.490120048061631053e+01 1.085174155792842043e+02 1.169372103002613414e+02
8.367963716893146398e+01 8.401340325037136836e+01 9.855799435076838222e+01 9.122854783907121146e+01 8.878382064329792911e+01 1.087529419033573248e+02 1.245134722585039384e+02 1.283481318849400452e+02 1.106486579174102332e+02 9.061392863683249743e+01 1.047674535568433640e+02 1.232947248408492840e+02 1.315101858046153325e+02 1.350541697655197027e+02 1.190468600314438135e+02 9.902215771258391896e+01 1.137881155703091736e+02 1.104929859827419563e+02 1.100502028691041119e+02 9.619516183778917195e+01 1.162344665718611907e+02 1.317656896217737028e+02 1.177262709606205107e+02 1.199035133797106738e+02 1.397833390449943352e+02 1.254184488573441172e+02 1.049375401244373336e+02 9.319774707159882610e+01 9.362863836636233827e+01 1.140311737289468965e+02 9.753695520611061909e+01 1.102474996621715064e+02 1.306089592331192648e+02 1.237329092215690451e+02 1.085174155792842043e+02 8.826681396383860090e+01 1.025458389482944881e+02
9.724159008072133759e+01 7.763435538991298301e+01 7.890146569672133126e+01 8.263782448226484689e+01 9.398687377655603825e+01 1.139883283062029875e+02 1.252963303149965952e+02 1.170672034644214534e+02 1.000492376502794372e+02 8.600616741979169433e+01 1.059243355050239614e+02 1.032777314457091791e+02 1.232947248408492840e+02 1.389006432097524453e+02 1.190468600314438135e+02 1.137881155703091736e+02 9.374470609358407103e+01 9.048035288535079701e+01 9.003601588362013786e+01 1.100502028691041119e+02 1.228518482565184513e+02 1.146189381530120528e+02 1.035776482061423849e+02 1.177262709606205107e+02 1.376149471916009190e+02 1.337808781018945012e+02 1.193789583625546840e+02 9.894139482084628412e+01 8.735873840255339928e+01 1.029404047103960238e+02 8.996185472197731769e+01 1.102471646634743649e+02 1.287868943083730073e+02 1.204174871866722327e+02 1.169372103002613414e+02 1.025458389482944881e+02 8.254336853499678739e+01
9.372002612803176191e+01 7.425494922256108055e+01 9.372002600238194248e+01 1.024404830301697160e+02 1.106837637253664042e+02 1.222029138484003994e+02 1.137665851852696335e+02 9.705433788282630303e+01 1.016762235094013676e+02 8.189744370025793785e+01 8.921673038987172788e+01 1.091405730721793788e+02 1.204752918860694564e+02 1.320158816534507764e+02 1.278866234368306891e+02 1.079483224028368511e+02 1.137879333124381986e+02 1.059643613326011859e+02 8.603652510835448197e+01 1.059648240581804117e+02 1.070591253978985691e+02 9.461755364476758245e+01 1.146189381530120528e+02 1.317656896217737028e+02 1.262064257610922340e+02 1.344200559995875039e+02 1.277666264300814305e+02 1.159987748774595673e+02 1.029404047103960238e+02 8.292098595912236192e+01 8.406926790728064702e+01 1.041309850657332419e+02 1.150905545828662184e+02 1.000998645116555537e+02 1.038282177399415644e+02 1.029859748620142881e+02 9.461713496767195863e+01
8.813551007303550477e+01 7.196642226772121376e+01 8.148482373950849933e+01 9.535767102337339907e+01 1.153036680077202902e+02 1.172577459732910228e+02 1.048752412217981913e+02 8.564968680071055473e+01 9.319210787673075913e+01 7.801112660659801179e+01 8.480050972022105782e+01 9.220860187197590108e+01 1.037473253925816721e+02 1.238012606932467037e+02 1.360748445287502761e+02 1.278866234367829975e+02 1.134918369648195693e+02 9.351635353854756261e+01 8.366688236752659691e+01 1.002269404906880652e+02 8.714005463258229156e+01 1.070591253978985691e+02 1.203339846096130969e+02 1.120936262006336790e+02 1.062479132196386331e+02 1.262064257610922340e+02 1.327373621685439105e+02 1.243810322761442393e+02 1.113527474592633837e+02 9.857203373018242587e+01 7.877939394243853144e+01 9.489663279138078167e+01 9.489663279138078167e+01 1.038282105302538696e+02 8.385118295569091629e+01 9.229448627607285971e+01 7.504614922167118607e+01
6.887873812956328834e+01 8.236892295553080601e+01 9.955472434352111577e+01 1.094374855452200705e+02 1.100162709272751300e+02 1.017851509060899957e+02 8.922222215352317676e+01 7.703130768945145235e+01 7.375612236548184342e+01 8.224810747274013067e+01 1.017530321822680008e+02 1.122231157490964222e+02 1.204752918860694564e+02 1.171814077510683063e+02 1.254718412620873380e+02 1.332647870183599252e+02 1.134757182394526325e+02 1.034907899413292540e+02 1.001493885035811502e+02 8.051706920334663664e+01 9.737003638654684323e+01 1.056109987499768579e+02 1.026888222897732561e+02 9.214302433733635667e+01 1.062479132196386331e+02 1.262064257610922340e+02 1.243810322761442393e+02 1.040169574661891971e+02 1.099814568854348948e+02 1.069664604196161690e+02 9.489663279138078167e+01 7.530737799229875407e+01 9.143370906467524151e+01 9.848931501963504331e+01 9.016579493684204749e+01 7.284890412501918888e+01 9.229448627607285971e+01
7.944254155943120566e+01 9.632694073451401096e+01 1.102849585134760275e+02 1.066544848326895334e+02 9.843598134468179239e+01 8.215081739257375659e+01 8.575378473143821623e+01 6.999020719852627792e+01 8.922222215352317676e+01 9.476672815123987448e+01 9.782202282307474661e+01 1.167944192680292304e+02 1.138820162775139408e+02 9.708268384172244225e+01 1.089214080969435372e+02 1.173105536203568136e+02 1.313639675778207163e+02 1.183748750843712401e+02 9.953437100971544282e+01 9.737003638654684323e+01 7.779572030459408438e+01 9.461941205034423774e+01 8.292288467798228169e+01 1.026888222897732561e+02 1.135859287496463708e+02 1.135859287496463708e+02 1.218106507967695080e+02 1.099814568854348948e+02 8.980809480829455538e+01 9.989477584686474643e+01 1.032653172677182312e+02 9.143370906467524151e+01 7.203018079811980101e+01 8.808128992986327432e+01 7.082937993872462812e+01 9.016645588126280586e+01 7.948411641631983571e+01
9.335070620471458369e+01 1.072588708499979617e+02 1.034885298518850902e+02 9.528637767977050999e+01 7.892639498337760529e+01 8.250647063645166668e+01 6.670378571067276141e+01 6.969574970105422551e+01 8.832361106014087682e+01 1.124320053374133579e+02 1.167944192680292304e+02 1.195218046983529803e+02 1.049232245183112866e+02 8.555182923528673200e+01 8.855984599554544445e+01 1.040988381385104162e+02 1.126439661438165416e+02 1.235218679656822047e+02 1.161661954725406503e+02 9.704419108888444612e+01 9.461941205034423774e+01 7.518144745586955935e+01 9.213254021645161629e+01 1.003478536176751135e+02 9.370000851370807027e+01 9.370000851370807027e+01 1.135859287496463708e+02 1.183771598173665893e+02 9.989477584686474643e+01 8.007850989325487490e+01 9.180481914792618170e+01 9.466411090962151320e+01 8.638470830383781163e+01 6.884922826144334351e+01 8.806794222912432701e+01 9.846940897957823324e+01 9.930071019728421788e+01
9.420983207325920716e+01 1.004934575521121758e+02 9.231152946420078820e+01 7.590034956717292403e+01 7.945775200806583882e+01 6.361051139975325697e+01 7.680680226454147430e+01 9.265921401361484300e+01 1.061375162619325181e+02 1.227483029426951617e+02 1.184737262668463558e+02 1.034776839158373889e+02 8.844713276830967175e+01 7.678782491416309597e+01 7.707937969873569273e+01 8.362295685030137804e+01 9.382612321069102279e+01 1.150338658768516353e+02 1.185655709845361940e+02 9.776599321690380862e+01 8.625938669629425704e+01 9.213254021645161629e+01 7.281594631010862884e+01 8.971969923108594003e+01 7.991235394342497500e+01 9.952437207868081259e+01 1.153240544918443078e+02 1.154002659662384502e+02 1.082764700173295012e+02 9.180481914792618170e+01 7.238133135420135034e+01 8.471236420789405486e+01 6.724385481238904561e+01 8.637319876068890778e+01 7.563712755379472696e+01 9.523863098922603854e+01 1.117931398363461852e+02
9.549667243686546669e+01 8.734511644934337937e+01 7.307702491976647252e+01 7.660662226783135509e+01 6.072989146026529994e+01 7.379650717846156738e+01 9.064565883346045894e+01 1.044845154017506417e+02 1.174559271033982384e+02 1.122583137505962867e+02 1.070566896331858544e+02 8.441697934390761304e+01 7.476799921879336353e+01 6.961576747153314670e+01 8.922189736735133181e+01 1.040988381385104162e+02 1.126439661438165416e+02 1.237689217552061223e+02 1.276279788664095065e+02 1.147390786636494227e+02 1.063130036720970821e+02 9.213533888339524935e+01 8.394725290171388110e+01 7.051512090445912406e+01 8.739025979726669391e+01 8.743153554625352797e+01 9.746127703247501017e+01 9.508113077332203034e+01 9.508113077332197349e+01 9.139405431216879094e+01 8.315775768633031362e+01 6.567240056533671577e+01 8.471236420789405486e+01 9.465821603554262254e+01 9.523863098922603854e+01 8.341504014379984255e+01 1.033957020580585464e+02
8.734511644934337937e+01 6.831555239370851496e+01 7.388918266258019685e+01 5.809288298611019741e+01 6.000607117229056087e+01 8.639362079187279164e+01 1.013244658975999641e+02 1.092440312878763962e+02 9.704413768274199015e+01 9.875539758073651342e+01 1.118476119257182404e+02 1.004038362632117725e+02 8.508538008660302410e+01 6.572585260654531680e+01 8.508538008660302410e+01 9.880078043779698760e+01 1.105793026834499528e+02 1.265625778605108991e+02 1.213871043150666083e+02 1.269720886508279563e+02 1.203261952290456662e+02 1.116398394143826636e+02 9.788044947374221749e+01 8.168864526734645892e+01 6.833625095518358705e+01 8.522015976002522564e+01 7.798644535314126358e+01 8.252847825513069324e+01 7.541790955546923669e+01 8.162460950667734494e+01 6.422477431099002843e+01 8.315775768637948318e+01 7.146450225258769251e+01 9.083917308140128455e+01 1.059777210134345040e+02 1.033957020580585464e+02 9.325344502106113964e+01
7.928447225483634497e+01 7.130589471327411388e+01 5.545593888085218737e+01 6.831555239156580228e+01 7.672168611745117062e+01 9.508719205747003400e+01 1.006049166215905899e+02 9.272159909790194376e+01 8.386218991841771242e+01 1.003014315653597208e+02 1.096684815839299176e+02 8.722448420707415551e+01 7.215393442152787884e+01 6.261624339316494314e+01 7.082839605164561192e+01 8.196301946101343106e+01 1.020562915230275394e+02 1.069687803414443010e+02 1.011842950880163698e+02 1.070391229288130432e+02 1.100010609357323119e+02 1.183047937863417900e+02 1.095334656344000024e+02 9.273119781649585036e+01 7.340115671464744196e+01 6.622562351386032731e+01 6.479086332098258083e+01 6.339262430174112950e+01 7.077088517116702349e+01 6.280861954738774244e+01 8.162460946413375495e+01 9.139405177288031723e+01 9.083917308140128455e+01 7.788340812833070004e+01 9.760290455529593601e+01 1.141957853701780721e+02 1.135379590950559674e+02
6.879556632187841103e+01 5.287328460118308726e+01 6.576734474360863203e+01 8.190606708663121083e+01 9.549648921047563022e+01 9.335545347004453731e+01 8.543652077239970311e+01 7.475382325415543505e+01 9.272159909790194376e+01 9.479986327351866748e+01 1.003947462136653712e+02 9.252496832794159332e+01 7.298590631940167839e+01 5.991386463283215846e+01 7.870876508367859969e+01 9.268547699793832351e+01 1.040831921882769677e+02 1.070464494357368324e+02 8.710299035226702813e+01 9.765397137187481746e+01 8.997836485864361578e+01 1.066982834012592036e+02 1.158886106617611773e+02 1.035615815775920510e+02 9.166441873447564603e+01 8.522015972661085925e+01 8.331959906201805666e+01 7.827706292718184500e+01 6.144923696472129393e+01 8.014444440534482794e+01 7.020895123172942931e+01 8.950024873128572267e+01 1.059777210134345040e+02 9.760290455529593601e+01 8.572757535867663137e+01 9.983671853806148988e+01 1.201818507762109647e+02
5.029707349161802910e+01 6.879421286339005803e+01 7.926639708257398809e+01 9.280149377926861121e+01 8.701126247051341522e+01 7.909206241961683759e+01 6.737778072014788222e+01 8.543652077239970311e+01 8.379979213700440255e+01 7.574727965397821094e+01 8.132762910947575108e+01 8.958270128720641878e+01 7.026523682365606760e+01 5.731563876982186656e+01 6.536717136517846427e+01 7.616460573837839831e+01 9.579926829980072966e+01 1.152658069200327446e+02 9.765397137187481746e+01 7.801098172579322920e+01 7.876152902163147473e+01 8.772247777861701934e+01 1.018299439566466305e+02 9.848804882262521687e+01 9.022284662456694093e+01 8.509160422212366370e+01 7.344718542540721273e+01 6.034642958363702547e+01 7.893772228570668403e+01 8.833510006870341158e+01 8.950024873128572267e+01 7.906350382110584007e+01 9.880779850519621732e+01 1.141957853701780721e+02 1.057956698064783723e+02 9.720032947339407770e+01 1.115673046392846857e+02
