MOVIE_S1_data/elevation_000543.asc
nrows	100
cellsize	150.0
xllcorner	0
ncols	100
yllcorner	0
NODATA_value	-9999
[rows 17 to 33 of 100, columns 37 to 73 of 100]
9.326637311953324172e+01 7.396369159446871322e+01 7.961731611807577735e+01 7.947712344253717731e+01 5.975653111683551799e+01 5.946247565510896749e+01 7.918771694896055635e+01 8.894430210662351044e+01 9.507191022733037755e+01 1.023420607761344172e+02 1.103062672880041930e+02 1.213795409882417289e+02 1.053933295851775540e+02 8.861108206497051754e+01 1.053933295851775540e+02 1.106971612739182547e+02 1.077735410280076849e+02 9.984962353867082641e+01 9.066034455484607690e+01 1.068822043490776821e+02 1.001000143840187775e+02 1.050274275671013555e+02 8.988304405436470290e+01 7.090255551925631039e+01 8.009423672073887701e+01 6.577967929273336267e+01 8.339476850807872665e+01 1.063082723719032003e+02 1.156818048076152792e+02 1.120973244962668502e+02 1.078028448951286720e+02 1.127625921697138267e+02 9.314024383117762795e+01 1.014336240743272839e+02 9.057906079512270026e+01 1.067099236386686982e+02 9.856459648851780742e+01
1.012186416616217741e+02 9.326637311953324172e+01 8.822111381067784919e+01 6.866895923455815876e+01 7.947712344253717731e+01 7.918771694896055635e+01 6.499650735011121583e+01 8.463424565419047951e+01 9.785156757877624045e+01 1.046411007787758081e+02 1.126091099635610817e+02 1.236830631428170477e+02 1.169713677215380301e+02 1.085732809581570848e+02 1.080900787584290015e+02 1.003066431764132176e+02 9.639168047280615781e+01 7.991579984968535655e+01 8.078869999988469885e+01 9.504322273823954959e+01 7.896126295234465431e+01 9.396793775953966588e+01 9.014457424699729415e+01 8.219605878776823715e+01 6.428911572711460565e+01 8.264792757646239352e+01 9.484842163542053584e+01 9.844968340551379526e+01 1.024373775303360787e+02 9.524480415413225387e+01 9.540024881965491943e+01 1.129020337247053618e+02 1.014336240522013384e+02 8.171156461443207775e+01 9.503512763975625433e+01 9.289144125737585966e+01 7.923782009142242089e+01
1.033324853670453365e+02 1.018687157504950846e+02 8.256809856941150372e+01 8.005332282284064149e+01 9.620746302380014470e+01 9.112680896569925437e+01 7.164911903589708686e+01 7.227772822921743057e+01 7.852939144036344032e+01 8.543740163767516549e+01 9.655776477900292321e+01 1.156831458640982646e+02 1.135325552436528227e+02 1.049830125662686413e+02 9.623833653155546131e+01 8.167045533359481624e+01 8.534453892350327919e+01 6.775720266873594255e+01 8.235671700157776343e+01 7.900122392349172173e+01 6.874629869272857263e+01 8.431563789715589508e+01 8.039965501443258233e+01 6.279508620139746711e+01 8.194723079224159790e+01 9.132450971602411016e+01 9.150990645744253982e+01 7.992929297837549996e+01 8.495187154864667889e+01 8.243560337994351528e+01 1.000404199006638066e+02 1.039964966069963594e+02 1.035752217427116051e+02 9.503459200909342997e+01 7.598922893974081205e+01 7.354422189882394889e+01 7.439005498841726194e+01
9.881480475428966770e+01 1.098468759925717677e+02 1.018687157504950846e+02 9.937852379286499627e+01 1.073521712091382909e+02 9.842613937972531346e+01 7.911392637964985397e+01 9.174135880384802988e+01 8.821247534184290373e+01 1.046411007787758081e+02 1.126091099635610817e+02 1.077480911624698621e+02 9.372771296427339394e+01 9.641184152016346331e+01 7.587004001652826446e+01 8.153410382643401988e+01 6.592222264489177519e+01 7.072763976268720398e+01 5.841170877919205395e+01 5.898801502490079685e+01 7.220303479506675615e+01 7.636305759745138744e+01 6.126188838041142048e+01 6.199053035962479186e+01 8.161783482958962566e+01 8.966962145773855752e+01 7.055012630673455476e+01 6.630591457101233743e+01 7.284093886683741914e+01 8.732364980753986572e+01 8.832145713615307159e+01 8.360323177082848645e+01 8.417720488194696316e+01 9.062040652415797126e+01 7.235074696875994960e+01 9.170880208757793639e+01 9.373240775843567008e+01
8.743080175039642654e+01 9.383900923901219926e+01 9.477047117148792665e+01 1.028918585710324436e+02 1.111795869274377964e+02 1.063910092728335002e+02 9.032422152910650937e+01 1.063910092728335002e+02 1.074430897993632925e+02 1.154269143834804225e+02 1.128444411142689745e+02 9.952841826818794857e+01 7.981211197436483928e+01 8.675165210652664882e+01 7.938494573959061995e+01 6.299467624806569432e+01 5.705268856899414232e+01 5.760908618490170596e+01 6.809689333696992719e+01 7.788971973683723604e+01 5.981826880887756204e+01 6.041142883581016321e+01 8.025668688300702058e+01 8.163689682600453068e+01 6.302873255789694440e+01 8.263021586842155841e+01 6.520174250939717808e+01 8.469723839050901404e+01 6.741047125076023860e+01 6.818639459945029557e+01 6.895760038001026260e+01 6.972515931439383507e+01 7.049155717502374330e+01 7.125825056796304580e+01 9.062040525549126357e+01 7.548195164019875847e+01 9.481043124663696631e+01
7.927965239408466402e+01 7.416024385844336564e+01 7.514132453017508340e+01 8.343758395638332104e+01 1.028922028229591632e+02 1.118491671225323643e+02 1.094935650188122338e+02 1.174754563769721898e+02 1.145433807157442061e+02 1.059515198825440478e+02 9.196738402040956828e+01 1.010125006563910546e+02 8.128128383576195404e+01 6.645198734999934231e+01 5.865232790874705415e+01 5.627472363457685844e+01 7.596226519177649550e+01 7.742173326613730922e+01 6.598604936995411663e+01 8.220511022535383461e+01 8.280122405085103310e+01 7.840608467305663964e+01 9.104277577643944142e+01 8.487290867329201660e+01 6.623681809241737994e+01 6.409349129689944391e+01 6.670077743898686151e+01 8.613884555267108567e+01 8.743070872820017314e+01 8.765207141130306923e+01 8.265532025031978947e+01 8.089764127373021552e+01 8.985300428502760894e+01 7.403183680204631401e+01 9.586912839584134360e+01 7.772085937829999125e+01 8.884297317660922033e+01
7.514392608638961235e+01 5.992748812043535622e+01 6.356179041647292394e+01 7.514132453082103780e+01 9.477048476560828760e+01 9.232012733454300246e+01 1.118491671225323643e+02 1.180532567052753734e+02 9.709243365924706382e+01 8.513107788989628943e+01 7.742783939930779979e+01 8.884536949138632167e+01 8.389593360723119986e+01 8.456124594842903264e+01 7.560912101549156716e+01 5.573487015208171869e+01 6.694124399670593561e+01 8.519874675064953351e+01 8.433579377857459747e+01 7.540677537092868477e+01 9.371810886102583993e+01 1.026545101582471773e+02 8.956170793250808515e+01 7.061596541943039540e+01 8.487290875479176577e+01 8.363890477740316953e+01 8.613884563295242458e+01 7.040043017784191193e+01 8.976607417756409291e+01 1.016162896095029851e+02 1.020013584195416598e+02 9.443102500571188784e+01 9.729891790881438851e+01 9.137733820211205682e+01 9.928163339402146903e+01 8.002056522876763722e+01 9.932215052985779380e+01
5.497731731500386587e+01 7.514392670843356825e+01 8.343758754393790866e+01 6.967358094900158960e+01 7.632943300799999520e+01 9.018718724301078282e+01 1.097048315469158837e+02 1.265827505709040963e+02 1.145433807157442061e+02 1.007982226033734747e+02 8.009527371800393780e+01 6.843817758383187311e+01 6.388013976517731862e+01 7.217011508410497811e+01 7.409228273238656470e+01 5.519829600951698723e+01 7.461961525263035355e+01 8.941410471318442887e+01 1.001624247254756739e+02 8.576730168025039802e+01 1.016396422281060836e+02 9.692257560812352324e+01 7.783111420303265504e+01 8.956170805873995278e+01 7.713573726354741211e+01 9.635769721478177985e+01 9.785321639945722438e+01 8.976607417756473239e+01 7.419100500117343699e+01 8.784812184216704622e+01 1.072167096322657898e+02 1.133479630450939482e+02 1.172854713556495483e+02 1.122834289989129104e+02 1.016614772901789934e+02 8.237089463891220475e+01 1.016614772901791071e+02
6.675762393367779168e+01 8.311017450136316143e+01 9.503265694940779440e+01 7.544779119066403439e+01 9.503265694940779440e+01 9.232012733454300246e+01 1.118491671225323643e+02 1.138313166042211719e+02 1.053622735811603093e+02 1.093937670150541948e+02 9.743270721336655527e+01 8.884536949138632167e+01 7.900157258932705417e+01 5.815465511305913537e+01 5.444214583929659312e+01 7.298661767269126699e+01 6.887775431434299378e+01 7.978911412084332255e+01 9.786103938611377373e+01 1.046174855886251152e+02 1.125899358524831939e+02 1.027162359645627276e+02 8.352613698810850451e+01 1.027162359647149685e+02 9.635769721478177985e+01 8.462848396931487116e+01 1.039273254779898537e+02 9.627998602758454183e+01 7.696775610811090473e+01 9.627998706404669349e+01 1.085256693362554046e+02 1.197864443930265708e+02 1.279033422438042891e+02 1.081758020208059747e+02 9.451789360903153181e+01 1.016614772901791071e+02 8.593013801025625753e+01
8.633863733847860544e+01 9.422619248119866597e+01 1.031493352261887964e+02 8.931642549521158969e+01 8.678811444337785019e+01 1.062949114552254173e+02 1.200069500322879463e+02 1.053622735811603093e+02 8.592397061340594178e+01 9.161682262710569091e+01 8.883751158162462502e+01 9.407709968642839726e+01 8.679250166139728151e+01 7.282992477162758860e+01 5.391172951003787261e+01 6.940682502157650902e+01 7.948160561596527884e+01 8.882737812768093022e+01 1.052807964315912983e+02 1.092619239351873972e+02 1.177229464286619134e+02 1.096493745588744275e+02 9.022631128011455814e+01 1.096493745588744275e+02 1.097639463788523955e+02 9.040606604306645977e+01 1.097639461601293789e+02 1.043912722271864766e+02 9.627998706404669349e+01 8.110130982750334283e+01 9.220329132333014854e+01 1.115803177100810046e+02 1.245333869024071873e+02 1.222026232765721829e+02 1.139538647753267782e+02 9.721019326490518608e+01 1.052114556057846642e+02
8.841174813060752058e+01 9.464450401900323584e+01 1.029293808700138015e+02 1.088328604517920724e+02 9.803655482625906359e+01 1.144369078804324857e+02 1.168789890712411506e+02 9.693145270610550313e+01 8.345009546613694340e+01 7.226679699935196766e+01 7.116288810809126630e+01 7.594628152180192160e+01 7.446557908488476585e+01 7.208830398914149384e+01 5.337889309217714384e+01 5.744985576307556130e+01 6.183370176164681453e+01 8.099053354821505479e+01 9.315054660014990873e+01 8.955330291258378850e+01 1.088879368480257739e+02 1.179588845661253771e+02 1.012753064987960272e+02 1.180759098735365455e+02 1.166517079026882868e+02 9.717017637988782042e+01 1.166517079026882868e+02 1.141267691485051330e+02 9.470426719527492310e+01 1.003929863097671102e+02 8.578283019903665263e+01 9.685419467834904594e+01 1.162955354448169913e+02 1.304477762082805157e+02 1.106834875406876364e+02 1.159750122961240066e+02 9.440012710805360996e+01
6.860255928906640577e+01 7.493479931184678833e+01 8.884615389174297206e+01 1.086429595356228219e+02 1.175760364039050359e+02 1.257514778084328526e+02 1.156611061162777929e+02 1.058254129091129414e+02 9.752877016709653901e+01 8.272554089585658232e+01 6.246924699596255692e+01 5.835473534819090702e+01 5.540600522627715208e+01 5.262635506750052627e+01 7.193882023509111434e+01 7.650324659467591459e+01 8.083834980943916548e+01 6.894214487189994145e+01 7.420999778061261054e+01 8.120449123637980904e+01 9.207420489469335223e+01 1.119911692287148810e+02 1.211610824524150161e+02 1.296666116762837646e+02 1.249098518537703058e+02 1.083108961864014645e+02 1.249098518537703058e+02 1.223470716691664677e+02 1.141267691485051330e+02 1.085956219739469475e+02 8.929086737275851249e+01 1.028672235505570001e+02 1.224251991383719229e+02 1.387885277552456103e+02 1.304477762082805157e+02 1.152338860583528515e+02 1.015119172349991885e+02
8.841174745804144663e+01 8.115652274552765277e+01 8.737824617921107517e+01 1.012824676017054912e+02 1.213085938950596017e+02 1.213439553591158813e+02 1.013639748828526450e+02 8.784156465781769896e+01 7.822213727062154476e+01 7.146926513439390760e+01 8.272554089541760902e+01 7.814483375681969335e+01 7.160085694346108198e+01 5.209463263990361526e+01 7.125956205974192414e+01 8.379174945266100849e+01 9.234771020596863877e+01 8.791115554480111882e+01 9.316400366642416486e+01 1.004990169584499284e+02 1.088879368480257739e+02 1.203020012982798335e+02 1.254426692495268014e+02 1.169747818718393972e+02 1.218796396421193862e+02 1.280454685953190506e+02 1.363614373168706209e+02 1.377525630797535712e+02 1.178755188170743367e+02 1.041129792072315325e+02 9.304109372252234778e+01 1.066384522807552031e+02 1.262765462240017911e+02 1.382652956320559667e+02 1.438397255716980112e+02 1.297017745569576732e+02 1.104032657793176639e+02
1.060325867021122832e+02 9.098015450053524944e+01 1.071479841921306928e+02 1.155105131166871217e+02 1.159126292132563947e+02 1.147966042759756533e+02 1.067626118559635273e+02 1.058254128363898445e+02 9.752877016709653901e+01 9.109322586825695112e+01 9.209929080009816005e+01 8.411731232148096638e+01 7.203991601836743541e+01 5.155892540055492645e+01 6.740693537615025832e+01 6.648072691303995896e+01 8.526985388194619020e+01 9.325460577820658159e+01 9.576176305655467047e+01 9.582841466556186560e+01 1.039934865564637789e+02 1.153711169556571718e+02 1.139090127510150694e+02 9.723829677927001569e+01 1.019263824029584953e+02 1.218728068184219211e+02 1.352592274997126935e+02 1.388594899800871190e+02 1.189641090105746031e+02 1.051836058529727183e+02 1.015958900043684849e+02 1.015958900043684849e+02 1.102188547343600220e+02 1.240855661676606871e+02 1.440908747265170575e+02 1.386268581080393290e+02 1.218021859081586769e+02
1.063472321842968000e+02 1.049243361467517985e+02 1.191956079711997205e+02 1.143072285942611188e+02 9.687352678637067527e+01 9.687596432149877046e+01 8.791149698714188787e+01 1.038208052459688702e+02 1.015913454712692214e+02 9.459796144202184109e+01 8.205243779444445806e+01 6.456714282540291094e+01 6.966900424516838086e+01 5.102009060900650894e+01 5.286269690648842356e+01 7.217243785745758089e+01 7.729471810008037380e+01 7.417734291139268521e+01 7.670679111549752349e+01 7.686626170693705262e+01 9.292538490812293617e+01 9.582750700231744645e+01 9.654960551928311929e+01 8.642910344329723671e+01 1.055528498278458187e+02 1.067398923295908588e+02 1.226054874572517406e+02 1.316499242686204809e+02 1.330811557307594057e+02 1.247913311822547087e+02 1.112487836912319068e+02 1.127629352933295905e+02 1.293962322805693930e+02 1.382652956320559667e+02 1.447248062310238765e+02 1.502341649438745890e+02 1.418441588955133739e+02
1.146946644660678771e+02 1.250272177423906754e+02 1.197749229561034383e+02 1.007065586614151158e+02 8.745154049622323100e+01 7.799767149309602132e+01 7.699841760938076618e+01 9.534036336376637166e+01 9.459796144202184109e+01 7.829019903742486974e+01 7.370893137959136254e+01 5.303701933151032932e+01 5.028472671445047837e+01 6.945914037861230383e+01 7.210959952893347236e+01 5.553513753001418962e+01 5.795909893667899127e+01 6.047186389225574743e+01 6.308570596343036385e+01 6.580384969971362352e+01 7.686626354801840932e+01 9.184593236729065779e+01 7.773518500177429758e+01 8.177009956258304157e+01 8.755795224884940353e+01 9.454809075077551483e+01 1.030489037912249444e+02 1.171068824558381181e+02 1.376803752732926682e+02 1.393214014511325729e+02 1.251333800495837068e+02 1.325435140292220240e+02 1.408715097681944144e+02 1.387439893230424559e+02 1.243460054083372626e+02 1.318361209145032262e+02 1.318361209145032262e+02
1.153596726269652066e+02 1.153596726358742188e+02 1.211649222366517193e+02 1.067588303193719241e+02 8.791148460723677260e+01 7.699841756077441346e+01 6.836814951245274585e+01 8.155178091990383393e+01 8.940404074770151510e+01 8.306505229072513430e+01 6.513183064693302526e+01 6.796860000122809709e+01 4.976641099607116558e+01 6.954233627112992622e+01 8.150804864222773460e+01 7.483120086977105245e+01 6.019052356302957918e+01 7.943333433521452491e+01 8.228607590081060152e+01 8.488234513743016407e+01 6.995700415504087744e+01 7.302144064012401259e+01 9.184593349439538201e+01 1.006744348563687055e+02 9.044461628249261764e+01 1.013658326757722534e+02 1.213152452280449296e+02 1.316499242686204809e+02 1.382622518003504126e+02 1.465495644905011829e+02 1.451550774640046200e+02 1.430411359548696737e+02 1.346171341151853085e+02 1.303148179768520833e+02 1.100994296868588833e+02 1.116034807044077013e+02 1.116034807044077013e+02
