MOVIE_S1_data/elevation_000032.asc
nrows	100
cellsize	150.0
xllcorner	0
ncols	100
yllcorner	0
NODATA_value	-9999
[rows 17 to 33 of 100, columns 37 to 73 of 100]
4.601138637812055521e+01 4.423037642461803642e+01 6.420210328342189143e+01 6.359613138203507532e+01 5.968590914044392548e+01 5.264930641391361377e+01 4.921816846404558277e+01 6.392601834888672130e+01 7.409247448254377844e+01 7.144735687652959655e+01 5.279455976878895029e+01 7.234379938980913494e+01 7.173447015064321874e+01 5.236905365459533357e+01 7.173447093316421785e+01 7.882009805247022882e+01 8.498259694726277758e+01 7.921899826816526513e+01 9.889715504641544896e+01 1.049133411679317902e+02 8.520715199140498441e+01 8.012553929186827872e+01 9.921205335417806737e+01 9.338767377273497061e+01 7.381583084003295880e+01 7.954829091470243441e+01 6.133664383124180119e+01 8.078984357962188767e+01 6.904100017918975141e+01 8.853556293354716900e+01 1.039510887892968327e+02 1.067136859959519910e+02 9.839017042307312977e+01 1.180838197284340367e+02 1.237251008016700524e+02 1.222157619660408585e+02 1.306156443500474609e+02
4.822074915713600518e+01 4.247854573011087354e+01 6.053381868168030167e+01 4.104150452609632538e+01 4.139104820859753886e+01 4.471246034173563544e+01 5.886123140847022484e+01 6.117447812233699267e+01 6.206430255630844783e+01 6.253890770914672714e+01 4.536969044407026530e+01 6.500927384832696987e+01 6.941410866856091388e+01 5.003108366622986125e+01 5.423757090707432127e+01 5.940694490636560232e+01 6.549506436144801569e+01 7.667738546773381358e+01 9.632772681210140320e+01 1.023351821055062629e+02 8.266563046299785356e+01 7.145283843264677159e+01 8.359878047957870706e+01 8.649098284644909995e+01 7.831816274724933180e+01 6.009825019804419100e+01 7.381583084003294459e+01 8.897407982911639124e+01 8.853556293354716900e+01 7.609875974279174216e+01 8.989321498314517100e+01 1.096807634488902750e+02 1.180838197284340367e+02 1.143780010257285937e+02 1.345728220347357649e+02 1.348540179445539593e+02 1.262796593862170340e+02
6.792713236562350687e+01 6.046156865032715899e+01 4.054812168677582207e+01 4.602121585965311823e+01 5.887572844833907482e+01 4.188393086611372951e+01 4.222942193103697406e+01 4.257196738389637147e+01 4.291213497115838038e+01 4.325072180853680948e+01 4.358841568834633762e+01 6.264700550745332919e+01 6.418148001672227565e+01 4.767703289428077795e+01 6.721269425663564334e+01 7.004423442175620096e+01 7.882009805247024303e+01 9.317194580374312807e+01 1.045515091418995013e+02 1.106273965627525371e+02 9.746477189355692872e+01 7.785512571927614545e+01 6.413774754142552581e+01 7.711615066086413606e+01 5.888111387873898650e+01 7.831816270614505981e+01 8.772682071950238480e+01 1.016378148245275526e+02 1.039510968430478499e+02 9.568885389900373184e+01 8.526466053532504930e+01 9.915032387907309896e+01 1.190718713964056263e+02 1.345728220347357649e+02 1.348540179445570857e+02 1.227116413578468439e+02 1.051113910424039659e+02
6.801052149512918277e+01 5.200010527198340782e+01 5.629238403134164059e+01 4.007729300873348421e+01 6.058595335614425892e+01 6.099031818755666734e+01 5.624456174933615671e+01 5.636331925580736879e+01 5.661536380514862543e+01 6.261190040673434964e+01 4.616526549262579948e+01 4.406567203541136024e+01 4.477359335968571941e+01 5.277590670813325602e+01 7.196975791031971426e+01 8.959417103649096248e+01 9.779191297521927595e+01 1.066906952391452279e+02 1.047287444665877416e+02 9.643851645364134129e+01 9.643851661204377024e+01 9.018093369283988636e+01 7.130237538031485656e+01 5.770778503733731668e+01 7.711607030522337425e+01 6.516305520557824593e+01 8.463602776664056648e+01 9.154443308924362555e+01 1.113545393089592324e+02 1.132943069151972679e+02 9.915032387889596066e+01 1.013242148443253257e+02 1.212747707045868850e+02 1.296046198243119534e+02 1.262796593862170340e+02 1.051113910424039659e+02 9.281426949224264433e+01
6.503366530414581348e+01 6.110398340653358673e+01 4.688811616855274877e+01 3.975429656479095541e+01 6.380818315817626285e+01 7.589561408142370169e+01 7.641738516718926633e+01 7.649409098020535680e+01 7.656760919276516120e+01 7.714534789870408815e+01 5.939229238303970249e+01 6.295755064930833100e+01 4.454135766122456630e+01 6.399714760721173690e+01 6.603025805871337184e+01 7.913307867864192247e+01 9.829633407366007702e+01 1.033553088777060083e+02 9.643851645364134129e+01 7.680777946310428206e+01 7.680777946312491622e+01 9.069376194253079859e+01 7.628553852959653625e+01 5.690924825596194125e+01 7.628553512922933066e+01 8.463602669829485592e+01 7.200451213141630546e+01 9.154443308924361133e+01 1.082098876591912671e+02 1.170974596178466101e+02 1.190718704338582796e+02 1.212747707045868850e+02 1.236764448734153490e+02 1.093522044198712280e+02 1.236764448734153490e+02 1.227116413578468439e+02 1.041694263789554356e+02
7.426462284861608509e+01 5.574234095318029603e+01 4.493392908553940401e+01 3.943996215336910183e+01 4.851721318168383590e+01 5.955786323383905767e+01 6.729954859022069513e+01 7.592301611061398603e+01 8.739956177470924104e+01 8.369387244944836368e+01 7.365381366266576890e+01 5.454098005254433446e+01 4.487358406742887240e+01 5.966954850841214153e+01 8.162292961564568827e+01 9.285744348271597914e+01 9.784966577578251190e+01 8.426433717709829807e+01 9.008473483349639821e+01 8.255360624794397495e+01 6.318790532434678653e+01 7.349728914975648308e+01 7.430268533806579967e+01 5.611910033898548988e+01 6.973795137251670440e+01 8.926943257342020388e+01 9.154443308924361133e+01 8.027233418388742336e+01 8.899251836027941920e+01 1.029141812702226702e+02 1.228987951220672414e+02 1.263116555908777912e+02 1.146644449196388962e+02 9.517799874614928513e+01 1.146644449196388962e+02 1.178750952497220652e+02 1.128272924907321908e+02
6.705639413708539109e+01 5.440690603269064951e+01 5.992428901274941211e+01 3.913353194560296799e+01 4.374245301944856124e+01 4.337824243861997786e+01 4.813028608801516839e+01 5.747510976015174577e+01 7.873509622953439191e+01 9.136843891161538522e+01 7.359900348985728158e+01 6.445167351623754826e+01 4.520638194464992665e+01 6.456481806071695928e+01 7.582944763024454460e+01 8.860981359204978958e+01 8.748688910611612357e+01 6.917091412870335887e+01 6.881792555545517587e+01 7.158190898391298163e+01 6.811635594080394185e+01 5.423354713705738561e+01 5.501354637090788202e+01 7.281016070362748849e+01 6.571203467668998144e+01 7.940308035857319169e+01 9.899083408291524222e+01 9.154953156668082670e+01 1.082098876591912671e+02 1.170974596178466101e+02 1.185017697037111759e+02 1.179180990768945350e+02 9.778165178857608453e+01 8.639372241290826082e+01 9.780752638988907677e+01 9.780752638988907677e+01 1.071509197398323039e+02
8.100096987282670113e+01 7.280025947326875269e+01 7.215489235074714713e+01 5.738308440160687240e+01 3.870736340817112620e+01 5.608527413507350445e+01 6.678076423646376725e+01 7.590376241393150281e+01 8.692566290861715572e+01 8.234686792921567644e+01 7.275940500000805855e+01 6.483731124597896667e+01 4.554203939845499605e+01 4.653248782948119810e+01 6.183807953672970825e+01 7.143701386983251211e+01 6.522207845722647335e+01 7.004356010351585837e+01 5.150971692369979138e+01 5.232347345520379633e+01 5.312278354860703899e+01 7.237044310761640986e+01 6.071531268612320531e+01 7.950384335860273666e+01 8.513827549155584506e+01 7.940308035860491032e+01 9.899083416299562543e+01 1.113634543867946434e+02 1.197038331496372621e+02 1.185017697037111759e+02 9.871090019506101498e+01 1.023425924163115610e+02 1.105747741251051082e+02 9.780687003862865936e+01 7.830242432139502284e+01 9.091144601961461547e+01 9.378331075655735560e+01
7.674432236939392737e+01 8.322843727656591284e+01 6.839232753876025583e+01 5.031566705529316863e+01 3.840904490071038424e+01 5.727348562966797374e+01 7.185690880148447945e+01 8.274470126936519421e+01 8.043731035697803122e+01 6.951210900878662358e+01 5.943870852148183559e+01 4.606636244109928668e+01 6.479229440873558588e+01 4.653913892039827260e+01 6.575400299203454324e+01 4.870864476536799259e+01 4.952408732112935041e+01 5.034567942962847553e+01 5.663284871807858423e+01 7.077957427370211008e+01 5.813150278543996308e+01 7.717605812826822387e+01 6.784127954188720366e+01 7.958484220372562845e+01 9.889576537409007528e+01 9.899083416299562543e+01 1.072683259365388153e+02 1.102649575785435019e+02 1.110094076547911470e+02 1.051865190537462240e+02 1.023425924163115610e+02 8.263277801714723125e+01 9.180719594319194243e+01 9.415402130078901166e+01 8.615056942002463813e+01 7.187644396596161300e+01 8.239029903257579690e+01
6.461837939687237053e+01 6.850955364681574622e+01 5.556539924865661817e+01 5.715628336804952170e+01 3.810928157222451773e+01 4.549461070568381871e+01 5.531453516500888412e+01 7.471508775894905341e+01 7.214932160990801435e+01 5.170699619583928808e+01 4.657627789136702745e+01 6.532208718152762117e+01 7.289091096154460558e+01 6.598354517140350595e+01 4.758512852376216529e+01 5.867676225791566225e+01 6.756598376611172796e+01 6.454950483825258800e+01 5.650171124592403515e+01 7.299702896152612652e+01 6.463529284483017534e+01 8.469803539726888175e+01 8.672052703167619825e+01 7.960688631028406803e+01 9.314281252499331742e+01 1.130086782806189660e+02 1.045713731193851288e+02 9.064063247978292281e+01 9.114715702429639066e+01 8.533186286463231340e+01 9.938206484331915647e+01 9.180664133213156219e+01 7.216040038391544442e+01 8.247359698798744887e+01 7.061981962103305932e+01 8.140195601065585151e+01 6.573691456041788683e+01
4.598697521837777913e+01 5.391499546384449104e+01 3.740670009628274073e+01 3.768813074255008644e+01 3.969525021959049127e+01 5.913359281083649677e+01 7.292314579725527324e+01 8.275103719594426366e+01 6.745408172405925029e+01 4.708501297111835981e+01 5.960621604466585666e+01 6.685046999358563369e+01 8.600760267847924467e+01 7.533224258158054454e+01 5.889167028000846926e+01 6.490225935517685230e+01 7.783907275463307940e+01 6.308802756088070396e+01 7.599731049362712554e+01 8.615526763701193147e+01 7.917052895607200469e+01 8.137312855925421218e+01 1.014237860706926568e+02 9.896138988964740690e+01 1.072552645058947434e+02 1.051901257889054619e+02 9.475183846318525127e+01 7.679753139856772748e+01 9.109016338339509389e+01 7.138727462354417241e+01 8.080710909865067038e+01 8.144746245029378429e+01 8.201369716473898563e+01 6.345495368662852087e+01 6.411759160687653036e+01 6.478163496565710489e+01 8.457002212310590039e+01
3.679968065898006557e+01 3.704071267292238900e+01 4.024112967336321134e+01 3.986918509340514305e+01 5.943872482594248652e+01 5.376846948022975425e+01 7.417250749308330171e+01 8.094749747271001183e+01 6.669971031227929359e+01 4.745088535033574573e+01 6.643628139133669208e+01 7.800529622058617463e+01 8.191072783290130133e+01 8.688160877113656966e+01 7.877154860368703737e+01 8.257144489801460452e+01 7.512351548160239645e+01 7.284044591360634513e+01 7.512350313434039606e+01 9.283110668574295232e+01 9.925104837187281248e+01 1.014237860437038563e+02 1.071220383062428283e+02 9.890281926949481317e+01 9.982740850211300199e+01 8.554701235028822737e+01 8.615276311168271661e+01 6.703541628007145903e+01 7.926965966558694277e+01 6.814277121023017969e+01 6.123821149795796259e+01 6.187963552187154193e+01 6.252438740603567169e+01 8.209448439338092385e+01 8.677101304803835546e+01 8.397372058743499679e+01 6.996830496942286004e+01
5.211811118000111520e+01 5.618247276260542833e+01 4.003380903329552609e+01 4.541996018003050040e+01 6.459469762609043642e+01 7.410423591630622298e+01 8.297470662558770016e+01 7.252736532052475127e+01 5.420877778583179207e+01 4.782828842330089003e+01 6.695404081104302918e+01 7.155066737866080473e+01 6.501978963858066152e+01 7.776921240566269944e+01 9.726089183548948824e+01 1.003675034328226019e+02 8.759013847652967399e+01 8.528194180510881495e+01 9.283107946883899331e+01 1.003851499627410817e+02 1.056289465165226318e+02 9.738328505922294198e+01 9.574298320759933745e+01 7.924923576182114004e+01 9.158844459337264254e+01 7.103295689511752187e+01 7.482700605561640828e+01 5.910547039523241608e+01 5.971950895820179994e+01 6.034004503165186861e+01 7.990150539092233828e+01 8.142729878881358729e+01 7.936766359639584323e+01 6.764049751096135310e+01 8.726863956888294638e+01 9.749695529671045335e+01 8.987347431816876053e+01
5.960893449978689063e+01 6.629117698165737238e+01 5.037772173092459127e+01 6.493206900083160349e+01 5.675246006700067625e+01 6.824123217792273977e+01 8.881456116982141680e+01 8.133402330690775273e+01 7.194649044077188194e+01 6.722350367831919016e+01 4.838797397207797246e+01 5.424959359787032298e+01 7.237228372163868073e+01 8.191453154121980162e+01 1.015807272033657682e+02 1.030534586563533281e+02 1.054883777817318560e+02 1.031432071169313218e+02 1.020541737229493435e+02 1.072735316022183980e+02 9.418241138510838084e+01 7.759085654944776422e+01 8.755059691523662480e+01 6.796973492959703833e+01 7.625804022832357987e+01 7.687334520648379055e+01 5.824904637154862996e+01 7.775404413050726760e+01 7.926963534114736376e+01 6.408409522884511489e+01 6.642704980078677579e+01 8.616876106930433821e+01 9.388315793609422144e+01 8.726863956888567486e+01 7.314364324079950563e+01 9.283945693993234727e+01 1.036507061518151147e+02
4.347513912728850727e+01 6.330375439834220685e+01 6.999878397285476694e+01 7.817643649005680118e+01 7.655466504062435718e+01 8.480259205458617089e+01 9.680919489969561198e+01 8.999217884927097089e+01 7.513986561298696643e+01 7.489690147036580470e+01 6.695527023955234824e+01 4.896853467291142437e+01 6.013727599675923585e+01 8.389029272204200538e+01 9.682733213338619294e+01 8.257215682627773390e+01 8.947592474685922070e+01 9.596084568010162741e+01 8.377486460739794438e+01 8.909250569810932063e+01 8.583006629952751609e+01 6.628760031528186403e+01 7.478419604155176614e+01 7.482022979850762567e+01 5.682119599140600030e+01 5.740769969093314984e+01 7.678464777260927576e+01 8.586787009253242786e+01 9.522489409706267338e+01 8.081277120200222441e+01 8.616962194555836163e+01 7.339302640737882655e+01 9.315737407702525275e+01 1.010471385684133026e+02 9.283945693993234727e+01 7.920453554716399935e+01 9.892546919124083615e+01
6.330375439973345664e+01 4.706920737351714479e+01 6.632974294414914596e+01 7.656549842623887514e+01 8.493981976559163627e+01 9.479530118284100126e+01 1.062678378373076953e+02 9.210445528741919929e+01 7.542526478883517882e+01 5.986212969174876264e+01 5.199279269692052452e+01 4.938644431814077507e+01 6.923954259005368783e+01 7.930521475777962337e+01 8.851362090592013487e+01 6.907232222103658614e+01 6.897941185946895359e+01 7.898209571608714441e+01 7.196461434058846862e+01 8.593327409861159083e+01 7.736402123968917977e+01 6.214782400173820776e+01 5.541304704491837185e+01 5.599588495711042668e+01 7.539266154095318484e+01 5.748875819738795201e+01 6.440046304425388257e+01 8.400057287742082224e+01 1.002111852411620987e+02 1.014909104632426988e+02 9.315737407701035977e+01 9.315737407702525275e+01 8.185358045183954800e+01 1.015603828565512003e+02 1.034458424942089039e+02 8.374199207944288048e+01 1.034458424942089039e+02
6.094637255862161851e+01 6.677369618079528379e+01 5.073460409482596134e+01 5.660908005280333555e+01 6.572415403444658466e+01 7.870020477641365630e+01 1.002980108799060730e+02 9.430508084353681397e+01 7.810488922480445240e+01 5.897135033307886687e+01 7.065676061610849956e+01 6.770559890592049612e+01 4.998548305320466767e+01 6.986586745044142788e+01 7.087968503693680589e+01 7.089275592769872958e+01 5.890602203445363472e+01 6.200870732148480613e+01 7.407883195727912096e+01 7.268693752902620986e+01 5.680456821863230488e+01 5.459043485322364830e+01 7.392775125706845074e+01 7.219396309923946831e+01 7.290382013577934117e+01 8.905541365844133850e+01 8.400057287742082224e+01 7.239080772697454336e+01 8.624320954501796166e+01 1.059326940482188064e+02 1.129214884575277296e+02 1.081242041184606393e+02 8.843274033273252144e+01 1.081242041184606393e+02 1.083629986161125771e+02 8.869437412844023072e+01 1.083629986161125771e+02
