MOVIE_S1_data/elevation_000310.asc
nrows	100
cellsize	150.0
xllcorner	0
ncols	100
yllcorner	0
NODATA_value	-9999
[rows 68 to 84 of 100, columns 37 to 73 of 100]
3.872561150504186855e+01 3.816835779928533867e+01 1.936258674267030599e+01 3.966875716078739345e+01 2.054124193458791225e+01 2.097229943277139697e+01 2.140499764184966125e+01 2.189963932719233952e+01 4.229874533703333839e+01 4.943832996779900668e+01 6.197987861469845683e+01 7.446230627190823270e+01 6.638904450475300223e+01 6.889962561782209605e+01 7.698369414723075010e+01 7.744192781645212165e+01 8.566827622415198107e+01 9.876716177958003584e+01 9.723829664224717817e+01 8.923126463044795287e+01 7.375981094834978080e+01 7.753962697110711133e+01 5.929089093362840401e+01 7.230080251853475204e+01 5.795753078710614403e+01 7.812169597719999103e+01 9.162387664322501735e+01 1.000795981764486129e+02 1.092903061668125986e+02 1.137908290875832762e+02 1.137908290875832762e+02 1.220768187944411807e+02 1.292132597708115327e+02 1.376765823721092374e+02 1.197042330853244749e+02 1.031416378432081018e+02 1.057021861795823838e+02
1.837648391426512262e+01 1.878026824944379669e+01 2.307012153073222294e+01 4.281417818727289415e+01 4.346763305285733026e+01 3.703655678275957541e+01 4.193843464963562440e+01 4.231365766718901256e+01 2.260373605831372856e+01 2.953913503119036577e+01 4.883592315468202116e+01 5.839862497136770969e+01 6.710962740195897425e+01 8.035307494794948013e+01 7.211416330751451653e+01 7.883569488790385549e+01 8.339150268261741417e+01 8.556685975435961211e+01 9.381379918010776464e+01 9.643061139718126640e+01 8.626252529741276476e+01 7.202464837769025507e+01 6.551619980501412499e+01 8.496428568927112224e+01 7.211475175573228569e+01 6.473116086771648270e+01 7.103280036560336441e+01 8.016384099696108478e+01 9.487982338294766294e+01 1.154178018994417414e+02 1.144938314572900566e+02 1.205005503952123433e+02 1.086782413802271350e+02 1.258380592358851544e+02 1.114924214230799748e+02 9.170928040864880870e+01 1.085554289817085021e+02
3.819376696167708474e+01 2.258840174869818540e+01 4.168293818647067184e+01 2.895800182056343530e+01 4.877446505220298434e+01 6.003176314078910281e+01 5.927597217805574559e+01 3.928252947696064012e+01 4.294062335292407795e+01 2.331087008553199524e+01 3.740032214131714738e+01 3.869196400277520809e+01 5.881126048556544106e+01 6.886517611710779363e+01 5.221358459651842310e+01 5.896544457783345905e+01 6.353319569517449850e+01 6.570480434748121468e+01 8.331844553275600163e+01 9.220382498735855847e+01 9.905749875128179838e+01 9.093814477777520722e+01 7.225013433554740061e+01 9.128002010814824985e+01 9.262374218508612955e+01 7.290827391238916277e+01 9.162387664322501735e+01 1.000795981764486129e+02 1.092903061668125986e+02 1.084713193423577877e+02 9.396933154958445300e+01 9.998081839208879273e+01 9.682849157662013795e+01 1.166644284618813003e+02 1.052602466895593807e+02 8.539188028909336481e+01 8.875653965301498260e+01
5.098332554195773270e+01 3.693777309268524789e+01 4.279393099994961602e+01 4.873665059407976941e+01 3.525400337538585660e+01 5.519516673331092704e+01 6.742222361169392286e+01 5.543187338516727891e+01 3.534786477122622017e+01 4.356180294486559035e+01 2.401557519124999729e+01 4.425455678492184575e+01 6.352797249968952542e+01 5.527901077396276008e+01 4.062334945562000854e+01 4.483106300174919312e+01 4.945444122008075283e+01 5.523058372177353448e+01 6.410578803594951580e+01 7.555330683540015002e+01 9.543733676381584985e+01 9.860207789369798093e+01 7.976133936165491889e+01 9.860207789369798093e+01 1.019754808737235692e+02 8.479004552356937552e+01 1.019754808737235692e+02 1.108576498234099859e+02 1.023688082159685848e+02 9.998081839208877852e+01 7.948016222751546422e+01 9.791641898548192557e+01 8.765626626994085768e+01 1.081765717010230929e+02 1.111389526948627520e+02 9.133105518302096471e+01 7.720992460125262369e+01
6.084990302706521703e+01 5.766603615432172347e+01 6.284246674124398879e+01 6.002803800762679032e+01 4.010159908078473023e+01 6.002803806685000154e+01 7.162675596156100255e+01 5.179441097288205498e+01 5.524017514575657373e+01 4.469859085750009342e+01 2.451085262441866064e+01 4.469988767578102085e+01 5.042109148431016763e+01 3.524929642239703753e+01 4.944013910396136424e+01 6.478530614977906055e+01 6.934955928163950034e+01 7.507942662411544177e+01 6.926115066336846837e+01 8.912598735818033902e+01 1.036909833027997223e+02 1.066189824768218557e+02 9.502640521374975435e+01 1.066189824768218557e+02 1.138316774668475233e+02 1.054737587727680506e+02 1.043582987410693050e+02 9.902453413956550321e+01 8.187255433066630417e+01 8.666554623021181669e+01 7.177874033110201424e+01 7.742203579742133002e+01 8.924295399094515346e+01 1.097645925068543278e+02 1.067225910048468620e+02 8.686581906792014252e+01 7.274597232785983181e+01
5.261404585992468697e+01 7.024569853452949530e+01 7.899107300174141244e+01 5.963501805066668027e+01 4.556240355686964705e+01 6.530427533167573984e+01 7.970532278722949115e+01 6.610005498782129507e+01 4.855360501112620142e+01 2.995810831746087999e+01 2.500144717357226298e+01 3.811040641131808826e+01 3.039490263627318711e+01 5.041347897863241911e+01 6.352797249977208338e+01 7.761580589558282384e+01 7.995730701373199167e+01 8.821823120019331554e+01 8.912598735818033902e+01 9.737574040214326487e+01 1.016299831426457558e+02 1.099106966565937569e+02 1.118612223698848567e+02 1.046087902420863003e+02 1.025878481867735132e+02 9.835540490447768036e+01 8.386744515497400698e+01 8.987776046253291895e+01 7.009989607806909362e+01 6.625785922258494054e+01 8.666554623021181669e+01 8.356436857111530969e+01 1.040729140510353972e+02 1.182509654533063213e+02 1.066404230372569231e+02 8.720790517675204967e+01 7.578304794244736797e+01
4.205832201734767040e+01 5.621817165753543577e+01 7.605314805543572731e+01 7.147366431913424378e+01 5.196434334720533599e+01 7.147366431913424378e+01 7.194454226122799412e+01 5.201326999800620143e+01 3.812890959506920296e+01 4.855360501112413374e+01 4.515445253112629587e+01 2.568610066491259047e+01 3.817498409403610538e+01 4.565739200000002995e+01 6.550603654518789654e+01 7.672102547415309459e+01 6.005594370359438727e+01 7.672102547415502727e+01 8.821823120019331554e+01 8.754225717931686290e+01 8.170693002231263335e+01 1.016299831426457558e+02 1.046087902420863003e+02 8.325786530482277215e+01 8.207966539931054228e+01 8.986907721804057303e+01 6.944751652972671252e+01 7.695334818795511467e+01 6.103612108318731799e+01 7.117559862929762460e+01 8.561173356348170671e+01 1.040729140510353972e+02 1.003066438238713118e+02 1.208308947953510142e+02 1.148597305585816741e+02 1.032310702781816047e+02 8.654164197668401926e+01
6.202770173980518109e+01 5.621817165753543577e+01 7.605314805543572731e+01 7.935833806036738736e+01 6.078903386708240930e+01 7.935833806036738736e+01 7.194454226122799412e+01 5.201326999800620143e+01 5.785100448622852554e+01 6.153110090136500077e+01 5.326024345477863875e+01 4.579777804188857004e+01 2.636604737111499830e+01 4.644767797929337405e+01 5.430747722300822034e+01 5.951914104500476554e+01 4.845867066354866637e+01 6.005594370359438727e+01 7.995730701373199167e+01 6.766146110633756905e+01 8.497491638374366119e+01 9.323816145723030502e+01 1.025878481867735132e+02 8.207966539931054228e+01 6.780074986969343342e+01 7.869868634405786167e+01 7.695334818795357990e+01 5.669929941933656181e+01 7.695334818795511467e+01 8.987776046253299000e+01 1.001063124130688777e+02 1.146008912626560345e+02 1.208308947953510142e+02 1.250190470035122701e+02 1.168311050206172723e+02 1.134543531219240577e+02 1.029864735654628731e+02
6.737088697296174189e+01 7.605314805543572731e+01 8.427323027180344184e+01 8.794616217755138621e+01 7.453346703655191163e+01 8.794616217755138621e+01 8.019567032687812969e+01 7.194454226122799412e+01 6.803423833954450117e+01 5.327597345297934339e+01 3.289669497326126191e+01 2.935538486399492797e+01 2.684191241427405927e+01 3.429969765283551197e+01 3.422333726690214206e+01 3.935804825424352060e+01 5.951914104500476554e+01 7.672102547415502727e+01 7.942595616946174175e+01 5.961945386355237275e+01 6.512906853421971221e+01 7.914352730404529268e+01 9.905313498742583533e+01 9.653608576962382415e+01 7.869519363095412245e+01 5.936364068657263005e+01 7.090783844415352632e+01 5.400327874344772994e+01 7.411721414026466448e+01 8.613540531135710410e+01 9.317330416267095927e+01 1.016893014140030118e+02 1.119960132871983802e+02 1.136177322568951382e+02 9.709164347743143253e+01 1.136177322568951382e+02 1.063381361287211035e+02
6.981729902022237866e+01 7.144870825367326006e+01 7.144870828519329109e+01 7.947674861177995354e+01 9.359926999775723289e+01 9.250164535797713938e+01 8.257092358517843422e+01 7.433653420369473963e+01 5.980048699436390791e+01 3.969058571155724735e+01 5.327597187908403242e+01 4.910802960417572649e+01 4.690645812125043079e+01 2.751141812465298386e+01 4.756206437553033339e+01 5.945897928741713656e+01 6.773077440624560097e+01 6.156131865165130534e+01 6.547066061577520202e+01 5.262863142142070672e+01 6.660306774520424256e+01 8.644924196581804665e+01 1.043811393683771769e+02 9.279200070862330563e+01 8.367003845088801484e+01 7.089954767059306562e+01 5.258511571616134717e+01 5.136377996541439472e+01 5.723408388217254839e+01 6.422405989624647304e+01 7.205960760872953585e+01 8.284422985810900286e+01 1.035023784672328446e+02 1.054345215850007662e+02 8.556264695887828964e+01 1.005003042784470182e+02 8.646977582011038521e+01
5.336568145873076929e+01 5.195867277518692617e+01 5.195867277518890859e+01 7.144870828650421402e+01 8.665104727063595647e+01 8.425974587985913900e+01 6.441332252753031185e+01 5.449969685281822507e+01 4.742004938889643739e+01 5.980048699436390791e+01 6.803422039992368298e+01 5.873292852374852657e+01 4.807278913348596205e+01 2.798380834845683651e+01 4.194129125185926910e+01 6.068532118078276483e+01 5.619317353711323193e+01 4.160018401797801602e+01 4.553700617464957645e+01 5.331713839889797413e+01 6.384922642263664727e+01 8.402285899749324471e+01 9.616425543937144482e+01 7.593408671811413058e+01 6.436434406052970303e+01 5.551066248116929813e+01 4.800268052653955664e+01 6.796374820877785794e+01 7.978502565142692049e+01 8.613540531135710410e+01 9.317330416267095927e+01 1.016893014140030118e+02 1.119960132871983802e+02 9.792366182695776899e+01 7.796470082233992116e+01 8.851492023348959037e+01 7.240827320186738802e+01
3.357234654632054571e+01 3.795577298001473565e+01 4.789359934232720661e+01 5.925348727675246607e+01 7.862474627252788650e+01 9.250164535825889800e+01 8.257092358517843422e+01 6.368020911089149649e+01 6.732315309964496919e+01 7.555311690148822379e+01 6.350222413583729519e+01 5.047385536665073857e+01 2.838597174248885224e+01 2.845716770092819914e+01 4.848058301960389116e+01 5.127609879653425651e+01 3.614177312037264045e+01 5.039670611927540733e+01 5.965823477951992260e+01 7.218068684072287056e+01 8.087193005864227757e+01 9.265294465942754698e+01 8.930851499080652900e+01 8.034207312051837846e+01 7.138324164351506340e+01 6.302799235444939541e+01 4.589458301447309196e+01 5.586984574631991052e+01 7.011556077841943591e+01 9.137944065993626452e+01 9.469901516715852097e+01 9.502861383910570225e+01 1.031244406324319698e+02 1.025869243582261987e+02 8.244861716555412556e+01 6.866472265502777361e+01 6.387885896325714441e+01
5.336568145873076929e+01 5.766717200955105938e+01 4.732975477876865256e+01 5.615728802094735528e+01 6.742121968985966873e+01 8.669646423867311569e+01 9.177181056138071824e+01 8.353239501113735344e+01 8.035146083737268441e+01 6.040402072655781041e+01 5.523921769694035078e+01 3.530432758391875581e+01 5.047385536665350259e+01 4.849871515022344681e+01 2.912343388608881156e+01 2.983585569157795803e+01 5.128667703344683559e+01 6.446910066168932474e+01 7.854149520422346598e+01 8.777523486001940967e+01 9.380409688714540550e+01 8.949817713994241331e+01 7.701323881716439246e+01 5.984483664752419685e+01 6.303354817211391037e+01 4.283965823861185385e+01 6.303180154959904513e+01 7.427822095655749024e+01 8.468647387321649944e+01 8.703431130102386248e+01 7.533525361193483150e+01 7.536891961467514989e+01 9.502861383910570225e+01 1.101725174737999993e+02 9.673486231430308635e+01 8.851492023348959037e+01 7.751941671541456458e+01
6.876284053154586218e+01 7.491033421370509870e+01 6.688720853388369392e+01 7.491817984588448098e+01 8.359463159352435468e+01 9.475264021208464271e+01 9.204867434101204537e+01 8.208586198740859174e+01 7.383755184997006893e+01 6.040402072655781041e+01 4.040082460414709686e+01 5.523921769694046446e+01 6.349133211832854329e+01 5.738937282364684478e+01 4.915805386368501217e+01 2.977606468077632940e+01 4.137093757541409644e+01 5.555774973235754999e+01 7.548597791292868919e+01 8.834659932218883682e+01 7.475592407779836890e+01 8.039459409359585607e+01 5.985249579302557521e+01 4.817872823845193153e+01 5.825378976491629146e+01 4.058235849391640926e+01 5.516392899463662047e+01 7.525050167580023697e+01 8.124927834269080051e+01 6.729325841086706816e+01 6.141865882535498855e+01 7.141900615734769531e+01 8.288661584865586462e+01 1.022026445902118468e+02 9.882180015781992211e+01 9.060789091118864746e+01 8.568231327658644148e+01
5.328989646920541645e+01 5.868830795065344574e+01 6.452287861465985941e+01 7.129069848006936638e+01 7.973732016299629777e+01 8.994606161871347183e+01 8.380552330999074684e+01 6.386958033486877895e+01 5.389859160945955807e+01 4.630257346446116173e+01 6.040402072655781041e+01 6.040402072655781041e+01 7.582457723901499946e+01 5.579086318516799992e+01 5.030817421711960691e+01 3.024328300763237110e+01 5.030927719572417089e+01 6.575306661503674377e+01 7.398890677883271394e+01 7.899193003494116283e+01 6.148011412329363168e+01 7.438394046210369481e+01 6.415847997434478600e+01 5.646346205772519511e+01 3.790364385685565907e+01 5.824712840361558364e+01 6.933412287725909096e+01 7.471034029192240666e+01 6.652509926462704470e+01 5.340984355915419712e+01 7.308099195106227342e+01 8.924229430369345550e+01 9.285415348344476172e+01 8.446317325495859052e+01 9.060789091118864746e+01 7.095198806185497631e+01 7.670531614589616254e+01
3.335674111995466973e+01 3.857021591795832194e+01 4.431133295392527316e+01 5.098723888396263959e+01 6.107138054768139313e+01 8.151001641275853160e+01 9.204867434101204537e+01 7.444131087303219374e+01 5.450251918796648454e+01 6.630133325368913688e+01 6.630133325368915109e+01 8.035146083737289757e+01 7.003059401332789946e+01 4.990676103885728310e+01 3.705883545033461246e+01 3.072340379533583032e+01 5.077426729023137852e+01 4.567479809337341834e+01 6.562644381621342404e+01 7.091248397068859788e+01 5.194269317901208893e+01 6.063973124149448779e+01 4.537846904986616892e+01 3.630438519924857843e+01 3.684717187230197055e+01 5.697943485173900058e+01 6.590018082541641320e+01 6.652376128127862387e+01 4.725053127399566222e+01 6.652376266738242805e+01 8.124936020287809413e+01 8.572633532565905057e+01 7.763544977360494670e+01 6.462969114792092284e+01 7.723568502704293337e+01 7.303832837438500292e+01 5.750099781481155503e+01
4.738347473023492284e+01 4.959378144217857454e+01 6.452287861465985941e+01 7.129069848006936638e+01 7.973732016299629777e+01 8.994606173112875069e+01 8.594975396356637987e+01 6.601654581474542738e+01 6.601654581474541317e+01 8.268932920797463737e+01 8.622731113429638583e+01 8.032879185242403253e+01 7.037982701204265368e+01 5.623723250938436991e+01 3.621214901022787558e+01 5.054281342621327866e+01 3.140578612268663861e+01 4.867171335859296022e+01 5.970113615444934396e+01 7.576521175311088996e+01 6.103814991888662433e+01 4.132445862041303997e+01 3.557315577720630984e+01 5.433668932354306236e+01 5.665589735843919073e+01 3.762401400178575983e+01 5.779067758762505491e+01 5.911784957775270755e+01 4.353573277124648655e+01 6.189833366035104234e+01 6.722757521278140302e+01 7.356101997329513154e+01 5.878266816862522859e+01 5.332884313376295893e+01 6.048774264294474534e+01 5.171365064691504898e+01 6.504443401077615761e+01
