MOVIE_S1_data/elevation_000359.asc
nrows	100
cellsize	150.0
xllcorner	0
ncols	100
yllcorner	0
NODATA_value	-9999
[rows 34 to 50 of 100, columns 37 to 73 of 100]
4.487895860934907688e+01 6.346707484715454228e+01 6.765592374797851960e+01 7.602043984048573577e+01 8.759712852543391648e+01 1.005377127933975743e+02 1.024601371939477588e+02 9.425084268232565421e+01 8.532969868006239267e+01 9.638280129669981022e+01 1.162033512938136539e+02 1.248222416382603654e+02 1.132354360167709899e+02 1.028839602648223064e+02 8.302551828608537221e+01 7.339550808310660557e+01 8.590219424374370760e+01 9.681897457392497586e+01 9.136797214337477158e+01 8.879502129498261809e+01 6.933190174267663508e+01 8.688262830482102572e+01 8.894340656521852395e+01 7.534138836766763347e+01 8.618839766220901311e+01 8.380091291664807329e+01 7.083308224876739700e+01 9.014038684462464346e+01 1.013903707398235383e+02 1.013824684689258504e+02 1.048410531361523681e+02 1.048520976181981439e+02 9.552423494002960069e+01 1.155659291414310985e+02 1.063181402190650005e+02 8.601307693647802921e+01 1.063164697897147590e+02
6.393199263052127890e+01 4.437426949040621338e+01 4.922850572590935059e+01 5.932414248367815901e+01 7.931000269483804743e+01 9.917744168038242947e+01 1.051037744754290202e+02 1.129499142895806614e+02 1.047599514174934541e+02 1.130125239465338893e+02 1.244853354877203486e+02 1.165473598033757412e+02 9.644048011679973342e+01 8.499413222624039577e+01 7.815948858921929343e+01 9.295473927553651095e+01 1.012201645291479224e+02 1.140549173969955064e+02 1.072550411575873284e+02 9.286576451422000389e+01 7.235096455418444350e+01 9.088310874175780896e+01 1.066361098934055320e+02 9.247521314723157104e+01 1.004441524198927027e+02 9.245868266101392408e+01 7.320768958093543688e+01 9.249510481185633637e+01 1.042499686738093487e+02 1.210342558447606507e+02 1.247370070708770555e+02 1.237628517083742423e+02 1.097063037537402295e+02 1.155659278508141199e+02 1.136687161974504221e+02 9.269127095153979212e+01 1.136686624273498154e+02
6.343896659346300027e+01 4.401823780648205542e+01 6.359124460968517667e+01 7.600754887124050185e+01 8.689356239657776371e+01 7.909085277689190718e+01 8.426766874878825320e+01 9.505703441893062688e+01 1.035189898595849343e+02 1.019879598242731902e+02 1.104800611958040690e+02 1.213453646840239060e+02 1.012513218386582992e+02 1.020318555535942977e+02 8.215775741631536278e+01 9.354289224401682645e+01 1.136279950862710990e+02 1.253442607681041494e+02 1.132173814569612489e+02 9.628351065341691140e+01 7.549245084487930058e+01 9.007450289990232761e+01 1.112733813993802698e+02 1.165674681429824062e+02 1.093092987742392097e+02 8.919953675293054118e+01 9.249510482877043671e+01 7.677083729849999827e+01 9.613593427738834407e+01 1.083053936992648545e+02 1.221185952702510207e+02 1.285989335085861001e+02 1.297123150755289203e+02 1.354739505783936124e+02 1.226499153939161175e+02 1.031849913438851019e+02 1.226201281918969386e+02
6.166574563714137014e+01 4.366034475126321013e+01 6.325233289013386440e+01 6.988826201279668737e+01 6.698762267861175701e+01 6.492845807412416548e+01 7.976555198746970632e+01 7.513740795730262789e+01 8.775232584974450845e+01 8.185573318853586500e+01 1.019879598242722523e+02 1.153645780308586808e+02 1.213453646840239060e+02 1.067493227789443040e+02 8.673866147428846318e+01 1.067493227789443040e+02 1.219148449571685546e+02 1.168627426060437671e+02 9.563959428118025130e+01 8.337774853848313228e+01 8.058166281597513603e+01 8.848395167304045117e+01 1.007905743329188084e+02 1.218815598436573282e+02 1.181929011916463992e+02 1.065598409977651926e+02 8.705815495188986120e+01 9.613593427738834407e+01 8.078243830069027354e+01 9.449219212765486020e+01 1.096999193420936365e+02 1.091456091318988939e+02 1.220922731679990534e+02 1.301173126706247558e+02 1.346654878472712085e+02 1.257429884029010623e+02 1.334928945153881443e+02
4.315500759125649921e+01 4.907071455268073379e+01 4.718578780430291175e+01 4.984681282542511127e+01 5.272997663835667481e+01 5.613992554699267146e+01 5.993920517035741824e+01 6.385843862102591117e+01 6.807184258348300432e+01 7.671316114057854918e+01 8.651647088426742016e+01 1.008165307749049902e+02 1.214158255335022290e+02 1.119431122485489993e+02 9.183232761517841425e+01 1.119317589844988561e+02 1.305990547191625808e+02 1.098619861401324158e+02 9.471914436061237552e+01 1.046095522076326461e+02 8.608191153036243293e+01 1.074632070206055801e+02 1.182711545380551712e+02 1.303309711500749870e+02 1.204371793509665594e+02 1.008139920442599475e+02 1.065605279543287907e+02 1.075584663257000670e+02 8.810105713470863975e+01 8.546656054311063144e+01 9.033819234020856470e+01 9.552897473965953168e+01 1.027824216933565253e+02 1.138604947075616707e+02 1.329674433594954621e+02 1.402664800952285873e+02 1.218451492671206040e+02
4.856556360813147677e+01 5.037726612898009648e+01 6.706233868078447813e+01 6.989286143406340557e+01 7.281793743611333980e+01 6.357094975162112149e+01 7.976555093806906882e+01 8.355643271915288040e+01 8.185573318853586500e+01 7.718678445338903771e+01 8.856172442186696969e+01 1.089403311709411071e+02 1.235875385300939371e+02 1.034188005854677499e+02 1.060412119152368433e+02 1.060437322904448649e+02 1.262581295348218617e+02 1.241918057822776689e+02 1.071262095836163297e+02 1.155283108995868986e+02 9.419014973933246893e+01 9.968340558347833280e+01 1.147890194993297968e+02 1.354805578225131910e+02 1.286184104372875652e+02 1.204371982054675954e+02 1.213772412915608072e+02 1.018311289049701429e+02 1.075584663257000670e+02 9.019297688128014556e+01 1.095008160629477914e+02 1.148433551637737651e+02 1.112723974873404131e+02 1.301173394050223919e+02 1.408197192827109632e+02 1.479309355562756991e+02 1.372820447779009498e+02
6.743191563460503346e+01 7.041057435991298519e+01 5.879651884931356420e+01 7.904422501932182854e+01 9.181162081422380083e+01 8.343654469766053694e+01 7.756963116511796841e+01 9.760052626357149563e+01 1.019879598242240064e+02 8.700196590613678893e+01 1.056584535269809351e+02 1.174534518786592798e+02 1.318609959386105572e+02 1.150920950493721477e+02 1.261915600770056045e+02 1.262696315832233722e+02 1.346482567374589792e+02 1.361995639424577575e+02 1.280012228167110777e+02 1.240315982572326732e+02 1.050244910892126597e+02 1.208498814158527921e+02 1.292973513240496288e+02 1.320753654140373783e+02 1.237722434810813752e+02 1.320422566633131112e+02 1.293852187925069472e+02 1.213778795691627437e+02 1.143855789657876301e+02 9.520982663163260895e+01 1.143855789658015425e+02 1.305509874130429182e+02 1.307323657743555430e+02 1.388034277884228231e+02 1.408178125975963439e+02 1.322654017079457844e+02 1.408153619595336750e+02
6.006701563956782763e+01 7.958046534202546241e+01 7.303095404969155879e+01 6.952493324276888131e+01 8.120404674064440087e+01 1.019575953126404784e+02 9.760052687517315917e+01 1.060537602264935515e+02 1.158620254285534941e+02 1.073475082511684349e+02 1.158620254295987309e+02 1.301273680302457763e+02 1.383022520803855855e+02 1.351925301411748990e+02 1.434298262616457578e+02 1.346675669999565059e+02 1.263125874200003409e+02 1.346660154319250751e+02 1.369059214260648503e+02 1.344259786466386402e+02 1.260319139129461945e+02 1.344259786466386402e+02 1.285761381131413259e+02 1.203079938559987880e+02 1.036121793892473590e+02 1.219965853121495769e+02 1.297253015680106500e+02 1.214580806780043787e+02 1.223706831573382061e+02 1.143855789658012867e+02 1.037580132231262127e+02 1.226977416714145477e+02 1.391848844801246230e+02 1.449463554924635957e+02 1.302659520070936594e+02 1.109876252550563578e+02 1.262044715115160045e+02
7.134705342844138443e+01 8.771200720508535653e+01 9.356154681359295466e+01 8.388968789001988569e+01 9.854286958355469039e+01 1.105048933612311686e+02 1.059592703040184745e+02 1.141968205581269160e+02 1.165542588326567994e+02 1.214523331207714847e+02 1.161728350109339374e+02 1.103926794652389418e+02 1.301273679495430429e+02 1.475116121890831948e+02 1.375945789910830968e+02 1.245195887991613262e+02 1.059687497483825922e+02 1.245195887991613262e+02 1.166028075958597867e+02 1.309194569786624811e+02 1.332741105635692236e+02 1.250042535676474245e+02 1.203079938559987880e+02 1.002361489071215885e+02 9.365399711890935919e+01 1.136890317724828066e+02 1.181714502541044851e+02 1.014446589429723957e+02 1.181715764577390075e+02 1.305509874130429182e+02 1.226977416714145477e+02 1.156357864593628051e+02 1.331568602543013355e+02 1.361858981449811949e+02 1.129227404656184888e+02 1.005624927600225931e+02 1.054345248005951845e+02
9.082751517580254585e+01 9.900215524381611942e+01 1.090283222064437751e+02 1.046680470429354983e+02 1.090521574889344976e+02 1.008210146821432147e+02 8.628401394387842060e+01 9.849031252752966736e+01 9.676292566497936321e+01 1.016430422760586509e+02 9.650940928881249192e+01 1.077697688312321418e+02 1.212574715984946039e+02 1.323494828396258924e+02 1.280520486175535098e+02 1.089932207870777461e+02 9.592482296270810593e+01 1.161405994122184069e+02 1.022557681237762495e+02 1.207835590065773346e+02 1.214164898850304866e+02 1.042320261489350202e+02 1.131217067256466322e+02 1.048494908527538172e+02 8.629105375158215452e+01 1.061150561817228066e+02 1.087949864672417561e+02 9.018451667453716425e+01 1.085829704935053428e+02 1.168075862236196940e+02 1.271488196176967307e+02 1.338460968441513330e+02 1.392229100639635249e+02 1.409515863858568707e+02 1.254580861217449552e+02 1.115179307005217169e+02 9.116809792711147509e+01
1.001879112282520623e+02 1.033056747034111282e+02 8.934249501978064245e+01 9.601861907225988091e+01 9.329979672695830573e+01 8.124860724112510013e+01 7.520556037340129762e+01 7.897453381652289295e+01 8.297552565907898270e+01 8.780824684059929552e+01 1.074450492339784091e+02 1.243473890775114086e+02 1.239895696766718487e+02 1.096742065882664861e+02 1.196921765082141604e+02 9.951401348111571110e+01 8.898306466176202889e+01 1.089932207870777319e+02 9.229823448654170193e+01 1.124022311700331898e+02 1.125491996151266250e+02 9.123289529515437835e+01 1.001237007876928402e+02 8.506950460393514390e+01 8.093480039742462395e+01 1.006165919597772955e+02 8.910494964440431431e+01 8.249420043233861577e+01 8.910456808276916263e+01 9.990982946027180844e+01 1.168438055326034544e+02 1.312412845031477104e+02 1.407762436749847552e+02 1.311465018012160044e+02 1.079123585364732918e+02 9.528121904961417954e+01 8.678199794236979869e+01
9.199967569831085257e+01 9.510834030948500128e+01 7.570358794223919574e+01 7.938168302196420711e+01 6.752153929778413044e+01 7.036895388589736910e+01 7.655022715271709899e+01 9.600620638971494714e+01 1.025596729410713550e+02 9.891593356197923015e+01 1.074271834741728497e+02 1.271520611642159082e+02 1.131339300992616472e+02 9.447480016064804431e+01 1.131339300992616472e+02 1.032167753871860185e+02 8.343088211904829166e+01 1.032167753871860185e+02 8.495742181180932562e+01 1.048034771905926590e+02 1.053944983109648348e+02 8.828209997139779830e+01 7.810456266927457136e+01 7.379797114328673047e+01 9.342951046743264953e+01 9.487226713924030719e+01 7.572337451082044879e+01 9.487226713924030719e+01 1.085829704935053428e+02 1.168075861724024662e+02 1.253249109239013421e+02 1.093021747466399347e+02 1.258556525720919410e+02 1.215480168063965891e+02 1.119993251619974473e+02 1.026248792080491228e+02 8.266828235071400854e+01
7.474729637076913491e+01 7.693378631181343508e+01 7.935855164109335647e+01 6.345030294809574656e+01 6.997825383524838117e+01 7.654679450188629630e+01 9.443816515225125841e+01 8.682776006486146514e+01 1.065461052177555814e+02 1.186095596186994783e+02 1.266178580920046528e+02 1.203414836560289984e+02 1.046912420263633550e+02 8.441681499651362230e+01 1.046912420263633550e+02 9.855318980161065667e+01 7.896073063547139270e+01 9.250681911602376317e+01 7.861058963523677789e+01 9.818809770097959699e+01 9.868960773642088213e+01 8.292275383299268299e+01 8.891527579156863226e+01 6.931695313877524711e+01 8.916429827493847426e+01 9.063155390196173755e+01 7.154421466272623320e+01 9.063155390196182282e+01 1.086796374477773526e+02 1.122337935682710679e+02 1.067316345511541584e+02 9.669177451526432776e+01 1.174177255669799109e+02 1.134240490009905926e+02 9.410785669504008411e+01 9.886033186662592698e+01 7.921998152104259816e+01
5.497769450772338473e+01 5.723581253175949257e+01 5.978515724413817622e+01 7.935855164115233151e+01 7.391125193546520222e+01 9.128999242662706592e+01 9.088426473456392785e+01 1.065461052177555814e+02 1.007150561352088687e+02 1.206235029957028360e+02 1.179152617604807602e+02 1.078684990370844474e+02 9.184957193693858812e+01 7.793038015237057436e+01 9.786781309748749891e+01 1.068846994259809691e+02 9.250681911602376317e+01 7.312458440677603733e+01 7.291053128270306161e+01 9.228523665011290689e+01 1.029571685142919080e+02 8.405285729057557376e+01 7.238661038096664413e+01 6.582232758468359179e+01 8.535226068902008478e+01 8.141838273142265336e+01 6.755633330111525936e+01 8.098428338058855047e+01 9.344650806283047473e+01 9.212293562028249028e+01 8.657465291451991618e+01 1.067316345511540447e+02 1.253249109204290619e+02 1.121802414979963629e+02 1.001370210267303236e+02 8.072670908977346471e+01 7.591154331595242866e+01
7.474729637076913491e+01 7.693378631181343508e+01 6.512813035098041325e+01 8.454913882030490413e+01 9.245516996941753973e+01 1.013634658487139149e+02 1.102512086076242639e+02 1.184796027097435882e+02 1.206235029957028360e+02 1.288744743189294297e+02 1.095400544043980204e+02 8.949872555773769989e+01 7.982450881489927497e+01 7.259131971221771096e+01 8.603739543344387641e+01 9.355476361015551845e+01 8.756104935978233073e+01 8.264627817858649905e+01 6.759940424601424525e+01 7.863587061535749001e+01 9.821656201329000169e+01 9.288184671669080217e+01 7.357160306498285252e+01 6.242075086426868324e+01 7.766172184663257383e+01 6.209131485913034965e+01 6.607670725515929178e+01 7.002231686711631653e+01 7.405123359069595779e+01 7.835519978390809115e+01 8.952572859165751140e+01 1.096074660859058838e+02 1.202378885494891989e+02 1.038117697016654972e+02 8.401250221185529199e+01 7.313773542197758104e+01 9.238065732197694047e+01
7.836323672583996824e+01 9.268086430910734919e+01 8.454913882030490413e+01 7.428906020600697957e+01 8.389917449794140225e+01 9.769350558472648061e+01 1.175149953810104364e+02 1.117515734829059824e+02 1.035556247445644686e+02 1.117515734829059824e+02 1.179152617604807602e+02 1.078684990370844474e+02 9.734316465352306125e+01 7.775383945817057452e+01 6.657610320723244968e+01 8.074535761152569080e+01 6.980306837595409775e+01 6.324052574094976364e+01 7.441391423611476341e+01 9.389184316757901172e+01 1.065321676473975003e+02 1.010777907290823521e+02 8.972269785778756557e+01 7.759056989653011271e+01 5.811108090831977080e+01 7.492523092395614981e+01 8.306998594819224024e+01 8.926627963495104723e+01 9.344650806283047473e+01 9.801326953807868847e+01 1.063376572997636345e+02 1.179361721988714606e+02 1.118673117577081229e+02 9.177882735047644758e+01 8.063494252932315476e+01 7.125966452151223507e+01 9.045208121343090113e+01
7.264213458581552629e+01 9.217519910400879724e+01 1.018765990759225417e+02 8.793944039490119735e+01 1.018765990759225417e+02 1.117087790598398840e+02 1.136667792802165309e+02 1.017881979561651775e+02 8.357089188904014065e+01 1.017881979561651775e+02 1.167833187943248845e+02 1.225584315545959697e+02 1.056155729069420914e+02 9.424298778007953103e+01 7.506357653673123309e+01 6.121021117132571732e+01 5.905010852682623579e+01 7.867517578049229598e+01 9.084142630045766964e+01 1.021742139524006063e+02 1.076916476949873243e+02 8.783673210164219824e+01 8.734226321672524307e+01 7.910902440025317617e+01 7.211830372154035729e+01 5.518523086950402501e+01 6.925900479316416636e+01 8.913002125468831593e+01 9.523719150828375746e+01 1.022259461180621258e+02 1.105394197464896848e+02 1.221102392454606331e+02 1.088204170576774743e+02 1.005733795550948173e+02 8.858403874556756818e+01 6.940684140979007566e+01 8.858403874556756818e+01
