MOVIE_S1_data/elevation_000537.asc
nrows	100
cellsize	150.0
xllcorner	0
ncols	100
yllcorner	0
NODATA_value	-9999
[rows 34 to 50 of 100, columns 0 to 36 of 100]
0.000000000000000000e+00 1.999999999999964473e+01 3.299114733414879197e+01 4.127835684669299354e+01 5.127991925907192439e+01 3.969121150475724136e+01 1.996635466453922803e+01 3.936643333527027266e+01 3.473931825642171134e+01 1.551590183620639074e+01 3.635100095495538142e+01 4.897407508087264461e+01 4.201983702646987240e+01 5.053465898914646459e+01 5.335962248379905759e+01 3.336091757782646283e+01 3.921693906982774536e+01 4.061505815191962654e+01 2.264824674965999307e+01 4.262799599629590119e+01 3.470301981406244352e+01 4.805171905387850018e+01 4.319490489989410520e+01 6.313113999257572573e+01 6.905114125136915959e+01 6.765101274184785041e+01 4.737227853596528604e+01 4.524928838866623693e+01 5.276967639603062565e+01 6.170333800424000259e+01 7.705490588643965566e+01 8.095978823363860499e+01 7.165241722437235694e+01 9.158571665442833876e+01 1.002690402478272773e+02 1.085176947927446349e+02 1.036465526563320054e+02
0.000000000000000000e+00 1.997013038084313763e+01 2.914583507432624288e+01 4.331613393958041058e+01 4.739487626878025850e+01 3.297482329750759078e+01 1.315041978485612262e+01 2.786701118049957060e+01 1.139084159723907952e+01 1.772523410129880972e+01 3.407493927690060787e+01 3.265616176937135862e+01 2.376824635204956238e+01 4.075605912919203178e+01 4.593599347171499403e+01 3.763929580357698512e+01 1.921351343056301175e+01 2.062817006223557215e+01 4.061506689106964529e+01 5.088455021223676766e+01 5.499842153018640545e+01 5.365261823752221204e+01 5.730139839045616412e+01 5.730139839045639150e+01 7.720743227476944526e+01 6.866580682925736312e+01 6.866580682925734891e+01 5.675087335823415913e+01 6.151942915379460430e+01 8.095950340144757718e+01 7.579459365257989134e+01 9.569042374213927360e+01 8.575720479168820987e+01 8.781345583863623006e+01 1.078336119395247295e+02 1.105359746739182754e+02 9.400930325143073674e+01
0.000000000000000000e+00 8.894471949480668993e-01 1.503210858010320905e+01 3.043772075914342423e+01 3.379096424594465020e+01 1.972992747930902979e+01 6.914233802867303602e+00 7.844750495838257898e+00 8.813292280305255133e+00 2.878773440151142893e+01 3.122698366267077219e+01 1.267290530230896550e+01 1.368111751697987444e+01 3.366537158947046748e+01 3.615104344925478586e+01 1.767660419656797544e+01 3.767829286061537175e+01 2.167951156899471954e+01 4.054289187787173177e+01 4.725097565935229937e+01 6.195133468991318892e+01 7.504070879490386403e+01 7.720743227233867856e+01 7.720743227476944526e+01 8.543895343376937035e+01 9.037688531836097638e+01 8.492921505076637345e+01 7.668446512989193309e+01 8.144478759833943116e+01 8.968938930036944157e+01 9.569042374213927360e+01 1.039354147177161565e+02 1.056569890419082753e+02 1.078336119395247295e+02 1.133175801531417761e+02 9.552388558866229573e+01 8.451743745709939049e+01
0.000000000000000000e+00 1.999999999999964473e+01 2.152878692809572225e+00 2.215362540091538790e+01 2.432205949952865254e+01 5.613714750774047246e+00 1.319676889837071698e+01 1.275818062686056464e+01 2.882689862086635912e+01 1.024408143102788316e+01 1.124859044479781467e+01 3.123332369487110327e+01 3.344839106580961641e+01 1.511834024495333928e+01 1.615332019540171160e+01 3.615104344925478586e+01 4.595905001833163084e+01 4.167373972982267105e+01 2.417123196097432469e+01 3.431162609367499527e+01 4.903352576106492222e+01 6.961955398072969103e+01 8.107585134435025509e+01 8.183980927311667131e+01 7.346203953791902563e+01 7.926594303463646440e+01 8.174193656674508190e+01 7.343575242603604636e+01 8.180725829400562077e+01 8.622833396067311185e+01 9.181091832656204588e+01 9.788342862537020039e+01 1.049969292895549984e+02 1.131825931205299298e+02 1.209875443062530422e+02 1.105359746739182754e+02 1.029672682218872097e+02
0.000000000000000000e+00 1.999999999999954881e+01 1.906895341927666720e+01 3.421560553691386897e+00 4.321394789472210896e+00 1.865808190214183426e+01 3.077070166478074853e+01 1.817676088695237269e+01 3.844191447608387335e+01 3.025692599152341344e+01 2.527772829223227902e+01 3.945788725603865998e+01 2.327412559004798354e+01 3.510612941640790297e+01 1.999124037951696664e+01 3.942234931952128107e+01 5.395679276567890525e+01 4.581835957912350210e+01 2.596995052371741508e+01 4.581835971951976916e+01 5.673461940468684617e+01 6.732651037940409822e+01 6.098484445761187089e+01 7.013660273862964800e+01 5.326621821693114356e+01 5.913150360883567913e+01 6.838745572726985245e+01 5.330125079687044831e+01 7.342492895397420227e+01 6.612245665979268949e+01 7.168262414574589059e+01 7.774319042865475637e+01 8.487691105907451572e+01 9.653952734438568939e+01 1.165499551966720304e+02 1.184083247655946280e+02 1.076132692075467077e+02
0.000000000000000000e+00 1.999999999999964473e+01 3.089920348011496287e+01 2.342162226689238835e+01 1.358274485003641274e+01 1.435249042160994115e+01 3.435110099674002271e+01 3.893237657123086848e+01 2.761058803426779207e+01 4.810246672234409715e+01 4.458305004503608870e+01 4.931803509683776099e+01 2.930364983790369493e+01 4.776391996120193539e+01 3.942234934892051967e+01 2.558068379128866354e+01 4.560070566272133874e+01 5.413908964004578195e+01 4.581800187244590461e+01 2.854021711443803611e+01 4.840446869723689360e+01 4.715933089652717314e+01 4.669835491175555831e+01 5.747333274102808076e+01 4.154614684205280639e+01 4.479424944610644843e+01 4.820492003193176345e+01 6.837576776650800525e+01 5.879754541345065633e+01 6.514138256353170675e+01 8.524393010718351604e+01 9.788342862537020039e+01 1.049969292895549984e+02 1.131825931205299298e+02 1.246646100571849871e+02 1.105835613381603935e+02 9.196594690338135081e+01
0.000000000000000000e+00 1.154700538379241515e+01 3.154700538379205810e+01 4.042738646666034441e+01 2.621268763762746801e+01 2.837370498130418639e+01 2.850270994422361071e+01 4.847036599378675703e+01 4.219575178344665289e+01 3.955997687308772726e+01 5.984685119385408569e+01 5.610018170755112266e+01 3.597713531259213937e+01 5.610018170755112266e+01 5.088208081510235559e+01 3.042761469829281040e+01 4.187695637923011560e+01 6.216513214341333793e+01 5.673265720709835591e+01 4.251697437978367589e+01 3.114303511395351975e+01 3.307373318568116360e+01 3.514867048763618840e+01 3.729991847212706091e+01 4.069974926076582733e+01 4.433955483178952761e+01 6.458006257442798415e+01 7.667315389704396011e+01 7.888694640620717280e+01 8.524393010718351604e+01 7.587613359514058686e+01 8.595419432038460172e+01 1.002049564827781580e+02 1.201555058718784750e+02 1.176882553166612126e+02 1.108632543737612650e+02 9.198490357669498962e+01
0.000000000000000000e+00 1.999999999999964473e+01 3.983127663125330997e+01 4.542987967381555592e+01 4.612985746999552816e+01 4.824633893406514318e+01 4.847036599378675703e+01 5.675313457776275783e+01 6.247094655952175657e+01 5.129453112147373872e+01 6.818486160749783664e+01 6.442294854524924119e+01 4.602037532623391058e+01 6.442294854524924119e+01 5.675536107842663114e+01 3.649654352978382121e+01 5.073108846524339555e+01 7.043544927438057357e+01 7.093941420341879223e+01 5.712925241436461476e+01 3.702230841754797552e+01 3.898178878335121311e+01 5.523178609912150705e+01 5.747333274102808076e+01 5.503935542026243866e+01 6.458006257442760045e+01 4.980212079411310100e+01 6.997028688651475647e+01 8.120573846132845119e+01 8.952211809987079505e+01 9.600126571541659359e+01 1.042325865344793101e+02 1.142293711843635720e+02 1.121478959714645498e+02 9.868635490181794978e+01 1.121478959714645498e+02 1.053932748045542240e+02
0.000000000000000000e+00 1.999999999999964473e+01 2.736539554903067284e+01 2.542984892470268932e+01 3.565210096570507403e+01 4.065152279582807893e+01 4.732331394695838611e+01 5.489660505728812723e+01 6.324169604845967996e+01 7.152953767549054476e+01 7.983746642165567664e+01 7.448795095325418458e+01 6.617999773441074751e+01 7.448794058591795419e+01 6.345105975846156099e+01 4.336441557177150230e+01 6.345105975846156099e+01 7.909127408840925000e+01 6.721804434693824248e+01 4.704014010284714686e+01 5.712938225475046039e+01 5.914585537959050043e+01 4.847637813811832785e+01 6.866095556483455198e+01 7.520155441836692489e+01 7.828991568923660793e+01 5.885228651083833995e+01 5.621846857514426432e+01 6.110413085895799412e+01 8.120573846134280416e+01 9.809940576424175163e+01 1.097052037192027285e+02 1.131532713855181527e+02 1.035445586153861228e+02 8.494175444744597314e+01 9.852094857960629781e+01 1.064416953697603674e+02
0.000000000000000000e+00 3.651483716701115156e+00 7.365390480242168358e+00 1.128771318300588256e+01 1.565207098772576799e+01 2.065207098771120897e+01 2.731873766320651242e+01 3.487803001207903719e+01 4.642591041880148595e+01 6.647523691618999919e+01 8.628617098770845928e+01 8.046581918567642333e+01 8.046575229061096479e+01 8.869115545907088460e+01 7.172203815029857310e+01 5.348247991035373872e+01 7.172203830518593293e+01 8.146210150238347580e+01 6.131845385109092206e+01 6.721749129255346134e+01 7.554632851168614138e+01 7.699052237681360111e+01 6.276228858887930073e+01 6.276228860572479817e+01 8.290159834783136716e+01 7.896493813390401328e+01 7.307122500070434512e+01 7.043718702781930574e+01 7.530964033626572984e+01 6.965873168041306940e+01 8.127692067171184931e+01 1.014189772059683037e+02 1.052565340521983757e+02 8.597572755258187271e+01 7.598110737961062000e+01 7.898823075159437224e+01 9.523386537208388347e+01
0.000000000000000000e+00 1.999999999999964473e+01 2.736539554903067284e+01 2.542984892470268932e+01 2.719919923423443464e+01 4.065152279582807893e+01 3.479263972118234705e+01 5.473776689370297532e+01 6.324169604845967996e+01 7.484353032029005703e+01 6.636441818069934584e+01 6.052353343508040240e+01 6.052353322115271084e+01 8.046566967288465833e+01 8.170261706131621793e+01 7.342018710218637523e+01 8.170026401382101255e+01 8.977420317228124702e+01 8.146210150238347580e+01 7.978502307119839543e+01 7.162486669442043308e+01 7.978613843893768376e+01 8.290157312791723143e+01 8.290159831143056124e+01 9.121883091579256586e+01 9.907196837090603481e+01 9.319362031281136183e+01 9.055752789681807258e+01 9.544017851998650315e+01 8.389359843694170138e+01 8.389365338240308745e+01 1.040290866979612616e+02 1.131532713855181527e+02 1.010047866893266502e+02 8.154371182502310944e+01 6.728593002857572003e+01 8.059112913192426220e+01
0.000000000000000000e+00 1.414213562373107536e+01 3.414213562373178235e+01 4.542987967381555592e+01 4.721679158500307949e+01 5.552663171634555539e+01 5.473859023085480402e+01 6.290279215398039270e+01 6.893035082981432993e+01 6.609008502732818613e+01 5.783301803263231733e+01 4.635637664342921482e+01 6.052353343827607546e+01 8.046582664782472705e+01 8.041396991131570360e+01 8.425832838096550859e+01 7.616130971609928224e+01 7.374444252044322923e+01 7.066102350300970159e+01 6.635288725451526659e+01 5.171323176255462784e+01 6.985766835652835027e+01 8.130909260591757004e+01 9.301011925237092726e+01 9.807579210169329542e+01 8.998218199049078692e+01 8.665967439944367356e+01 9.289623608755333350e+01 1.003083403943894467e+02 1.040250204986332960e+02 1.040290866979612616e+02 1.123212321875324875e+02 1.096787789397792210e+02 1.017873862035019812e+02 8.613798588033196779e+01 6.613813997509717524e+01 6.041803357135131591e+01
0.000000000000000000e+00 1.406138571057997133e+01 3.306843560888289346e+01 4.064961379292665811e+01 3.318663852824940363e+01 3.909393303370526951e+01 4.804469997629816902e+01 6.305433033836664691e+01 4.893624492304569884e+01 5.095913792736499914e+01 3.779236524266632102e+01 5.198041659035916240e+01 7.196244780973253796e+01 7.464216012633744413e+01 6.080105426777288358e+01 6.800967291324720065e+01 5.638987340632949241e+01 5.405989991114688564e+01 5.099803784581359878e+01 4.640736840553900322e+01 4.168715457080019604e+01 5.325900254794439093e+01 7.315681281405007041e+01 7.329835274589565586e+01 8.670701047222202362e+01 7.022807806175048029e+01 6.686160097554549964e+01 7.317449638498209197e+01 8.069775570683017918e+01 9.208356159401427021e+01 1.115435971762096017e+02 1.127889295537087548e+02 9.373227165242755632e+01 8.239334613103568472e+01 7.526903086024455547e+01 8.613798587537367268e+01 7.067471562913819128e+01
0.000000000000000000e+00 1.988662850871239129e+01 2.350748402322616926e+01 2.197286106869804811e+01 1.321841057635944239e+01 2.126958037010519931e+01 3.968276293884829897e+01 5.305885886590184697e+01 3.478234424965898341e+01 3.096032454044423332e+01 5.095913792883249727e+01 6.609008536393942279e+01 6.510395713056286127e+01 6.654554426092684594e+01 4.675724408073693894e+01 4.823988857124636809e+01 6.001841512336894624e+01 3.991066424073027008e+01 4.286451567864026657e+01 3.219637456438269396e+01 5.224927562212003807e+01 6.396757117347161881e+01 7.577533722547018158e+01 5.921375470163934551e+01 7.195274368460461289e+01 5.870394151449381326e+01 7.857714476966003758e+01 9.289623608755333350e+01 1.003083403943894467e+02 1.083748535638738844e+02 1.196141824732172836e+02 1.206676131595158381e+02 1.096787789397792210e+02 1.017873862035019812e+02 9.493076818816177820e+01 9.050754261691174918e+01 9.050754262194854505e+01
0.000000000000000000e+00 9.556372394680577864e-01 1.912369680539807826e+00 2.873592751353303498e+00 3.838400546528047297e+00 1.609358843850603549e+01 3.292282745987648696e+01 3.946205557436386613e+01 2.486183679609896302e+01 4.478737542522237192e+01 5.922706127130716425e+01 5.921538979876605424e+01 4.513857066149742536e+01 5.364630127085455058e+01 5.247931323002003268e+01 3.407152363833882447e+01 4.409456867842039429e+01 4.609620614166895081e+01 2.898511625179305184e+01 4.907444721587325631e+01 3.573947167963559934e+01 5.576134445925314509e+01 6.207584767719752250e+01 4.766481861848905055e+01 5.203686360184308057e+01 7.195274368460461289e+01 8.499924092377338525e+01 9.157934803981935090e+01 9.966458811822370478e+01 1.109512156853413529e+02 1.154379066897265744e+02 1.044150271556696197e+02 9.654411390338925969e+01 9.654411391746168647e+01 1.044150293704061596e+02 1.097860116921535507e+02 9.223718076160042756e+01
0.000000000000000000e+00 1.306170767881648409e+01 1.426115969783166726e+01 2.240678553723289568e+01 2.389254860478571985e+01 5.219680782000093444e+00 2.538814593180045165e+01 1.913308538592803387e+01 3.424787676511778756e+01 3.289397070777980758e+01 4.126577605713310959e+01 5.076622549399034767e+01 3.094895270251895170e+01 3.272084789795421500e+01 3.345410863882261765e+01 4.139019314259505933e+01 2.392343799001751847e+01 2.595506658662447919e+01 4.023900527303813135e+01 5.730273869496374317e+01 5.576134448586857673e+01 3.938600339996592936e+01 4.209818692900703496e+01 4.603703531090864942e+01 6.598868885754271219e+01 7.654944237547279329e+01 6.518270678463218815e+01 7.183902669168136867e+01 8.330473722907275658e+01 1.028826766137286626e+02 1.076179867609186545e+02 8.843747633511976858e+01 7.687587042423081130e+01 7.687587042423081130e+01 9.317221349924332685e+01 1.031801441022332000e+02 8.380569822716195461e+01
0.000000000000000000e+00 1.999999999785510241e+01 2.751203988811790779e+01 3.638983692514356250e+01 2.634569046271491644e+01 6.200218992820647479e+00 2.634979104172454711e+01 3.408984294835305917e+01 1.188947570974534607e+01 1.258169249966518599e+01 3.282736846790395902e+01 3.557258049394711463e+01 2.874764718956812715e+01 1.811483102930577616e+01 1.928277537309865863e+01 2.118420272255970715e+01 4.139774467993910179e+01 3.357014739263677683e+01 5.280761035062032249e+01 6.842947284810449560e+01 6.757706973673397499e+01 4.941744731804659807e+01 6.207584767719752250e+01 6.598868885754271219e+01 5.194538538741588241e+01 5.666097344265241986e+01 6.818999508218105632e+01 8.796865973970626840e+01 8.799422201629380424e+01 1.075313295080814981e+02 1.029408724227911023e+02 9.317529409735040247e+01 8.517724535158531296e+01 6.507008398036052199e+01 7.550709672703081310e+01 9.525416802888278767e+01 9.223718028170544869e+01
