MOVIE_S1_data/elevation_000293.asc
nrows	100
cellsize	150.0
xllcorner	0
ncols	100
yllcorner	0
NODATA_value	-9999
[rows 68 to 84 of 100, columns 0 to 36 of 100]
0.000000000000000000e+00 3.309970164890889688e-01 6.620393719300362578e-01 9.933087019300052001e-01 1.325790369373239130e+00 1.943987358831368795e+01 2.801594847541807098e+01 2.799032257958502612e+01 2.760681586979881885e+01 3.013193787690613945e+01 1.019570978474545520e+01 2.429741778885998471e+01 4.332779754455312826e+00 2.023995361749078370e+01 3.945004734716838612e+01 4.052715762552194434e+01 2.254749856999487889e+01 3.155788225934860236e+01 3.508517598181128960e+01 2.394475599368335139e+01 3.261714527397485597e+01 4.160002242566562813e+01 5.161975408530102527e+01 4.364686888222549044e+01 4.302963637466886127e+01 4.252811697884343545e+01 4.616748045142659862e+01 5.623243246591370337e+01 6.039055876573662118e+01 5.228620691217165728e+01 4.872186475355013613e+01 6.364150543420883110e+01 7.178604262907862221e+01 7.143788942557974053e+01 5.379407319753813965e+01 3.130411956438896581e+01 5.379407319779116392e+01
0.000000000000000000e+00 1.969446578120817293e+01 9.717595247252869939e+00 1.749952673730493302e+01 2.029003081154787935e+01 1.796018910221560017e+00 2.128706279904884813e+00 2.461740885361466624e+00 8.767444543653043709e+00 2.337222969270774087e+01 9.557878128229285508e+00 4.094442291024049219e+00 4.445907820405182953e+00 2.448501705528529016e+01 2.954767090421483644e+01 3.527587681681903575e+01 2.711981894368642898e+01 1.291761546181982112e+01 2.105317723878386360e+01 2.756732920578068402e+01 1.730160987447720800e+01 3.360576337649938239e+01 4.824513429146060872e+01 4.355110396639551595e+01 4.121652585787077072e+01 3.303974456552688110e+01 4.139442813269857879e+01 5.295020846647345536e+01 5.482072994762903306e+01 6.313368278280112378e+01 6.814571027056877028e+01 7.633026742414566002e+01 6.489409406605994945e+01 5.634550834665522245e+01 4.117489092122158922e+01 2.501795661587713226e+01 3.958796952135004688e+01
0.000000000000000000e+00 1.972024878961595462e+01 3.183401195738710143e+01 3.325423675566850790e+01 1.840517512125751765e+01 5.009972030243145191e+00 5.085702787347787357e+00 1.347190724861914290e+01 2.933627667981666409e+00 3.268677164044975658e+00 3.607916368958528963e+00 2.373148447640653913e+01 2.463292077223167809e+01 4.958549674362846993e+00 2.489221688104403540e+01 6.008307326679362959e+00 6.382117092491172983e+00 6.753238780059358959e+00 7.118498967214342166e+00 1.174709882228077440e+01 1.983732108244083037e+01 2.472257657071914139e+01 2.610494447500413173e+01 2.320338171642677594e+01 2.938442027395824496e+01 1.017282334055634863e+01 3.164880395152329839e+01 3.275427224892526823e+01 3.465526641628834881e+01 5.482072994762972939e+01 6.452542885103201797e+01 7.288261587213489179e+01 5.634581813600951250e+01 3.427594554900967694e+01 4.073926742927842781e+01 3.733026775893516458e+01 1.846625825288129263e+01
0.000000000000000000e+00 1.414213562373107536e+01 3.414213562373566901e+01 4.698737270380563302e+01 3.442440505372146475e+01 2.400076245607938930e+01 1.093385092622878751e+01 9.297718076108408169e+00 2.362046785088427470e+01 2.331417464418186469e+01 3.857284555877173116e+00 2.467603668173882525e+01 2.780552909192642019e+01 5.869857234391185230e+00 5.480692700516124560e+00 1.200548272853849952e+01 2.004123841476139845e+01 2.659927660409123717e+01 8.942941621865731605e+00 7.624471200481489852e+00 7.976969514419434581e+00 8.325824917089727606e+00 8.672212394801846358e+00 9.017159512199890870e+00 9.361130144955252419e+00 9.704812597369816274e+00 1.354027425181958577e+01 2.046149570588632471e+01 4.056159393884984610e+01 5.040594986335215566e+01 4.455747007781091185e+01 6.452542894069163992e+01 4.922230598677296598e+01 3.873480041508337024e+01 1.562055973493837868e+01 1.531044617356487159e+01 1.568856924740786241e+01
0.000000000000000000e+00 1.999999999999964473e+01 3.722854315749621179e+01 4.877554854134898221e+01 4.429674724333791858e+01 2.481827031058471889e+01 2.832349020694643826e+01 1.356278444800593164e+01 3.114912985355927688e+01 2.718902655034148808e+01 7.133596672051120358e+00 2.722120605396158055e+01 3.597243282340608062e+01 2.785745748194074167e+01 1.803478001057120750e+01 1.047425061457971829e+01 1.770512872757006306e+01 3.097302595218750554e+01 1.323688012447558826e+01 3.236822401708996466e+01 3.012891265918809225e+01 2.145802035818138265e+01 1.747245055100241728e+01 2.798962340899183587e+01 2.933295314917348051e+01 2.974501318986287046e+01 1.019063759095395305e+01 3.023419660189800950e+01 3.980409229345119826e+01 3.057169133081180235e+01 5.040594986335215566e+01 4.709987733352952688e+01 3.791937963663791322e+01 2.532565469518350199e+01 1.477291192734424996e+01 2.799858294632321787e+01 3.030073322222974141e+01
0.000000000000000000e+00 8.944271909999235604e+00 2.049127729379195628e+01 4.049127729379266327e+01 5.244136839590569821e+01 4.091849042675423220e+01 2.152548236045667096e+01 3.122365122877892674e+01 3.121990765942483392e+01 3.545881268128896124e+01 2.722126179888481801e+01 1.104515925588390601e+01 3.098658786021726286e+01 4.542928295141520323e+01 3.372133646341841029e+01 2.968224399982103279e+01 1.797825563995512965e+01 3.624512041543838592e+01 3.492689652379409893e+01 2.017382532005571250e+01 4.084385615542866077e+01 3.853744910414864222e+01 2.766312907855204273e+01 4.120063670695942903e+01 3.456381394361416426e+01 1.151958354342167823e+01 1.053568985631753741e+01 2.914040413948674413e+01 1.995304830865266510e+01 3.898529922980210927e+01 4.825375473952693994e+01 3.818410490817591807e+01 1.931736199171242419e+01 1.422719641916377675e+01 3.409451156200346844e+01 3.146662546217333301e+01 3.285476960529351231e+01
0.000000000000000000e+00 1.414213562373107536e+01 3.414213562373178235e+01 3.463035727205082992e+01 5.463035727205153336e+01 4.919351226911160779e+01 3.071887988333651265e+01 4.919351226911160779e+01 5.098865657285724495e+01 5.084393807578287294e+01 3.369833963329953264e+01 1.376479933833753044e+01 2.786202186076378950e+01 4.781918629102617757e+01 5.628787310416011280e+01 4.418024129569754166e+01 2.486413309922442139e+01 4.405458867700655645e+01 2.791108365175880479e+01 4.127337834420791296e+01 3.736903406995175914e+01 5.228270090801640890e+01 4.503228971554904803e+01 4.646629130266677521e+01 3.457756734022729006e+01 1.436381338327905155e+01 2.912654871507337973e+01 1.102634594155715675e+01 2.854294549539233117e+01 2.838125547397865844e+01 2.920986069520218109e+01 3.090005366332988501e+01 3.316733627839590781e+01 1.384227385591194981e+01 3.371168829359596941e+01 4.682405730142080813e+01 4.743547598469055515e+01
0.000000000000000000e+00 7.071067811865505703e+00 1.463035727205011760e+01 2.877249289578131908e+01 4.877249289578202252e+01 5.929762423243042946e+01 5.111810097017194465e+01 5.929762423304505603e+01 5.670887881127432451e+01 3.676588714212720532e+01 2.268656287682491524e+01 1.692621979602010995e+01 3.684658828824827026e+01 4.971076392835029623e+01 6.389956581739210861e+01 5.377949603866844086e+01 3.880062875493089081e+01 5.279156732553285991e+01 3.340784568071314453e+01 5.375833027816257470e+01 5.722599589293428579e+01 6.522963300820150323e+01 5.270098111244935524e+01 3.288105415710201385e+01 1.872857326002837297e+01 3.457749915874703817e+01 3.624843472967189939e+01 1.855826801637847012e+01 1.151712140350790037e+01 1.786567418813974939e+01 1.254159585176292246e+01 1.291986968577922568e+01 1.329953530622547397e+01 1.957483860461475089e+01 2.305646149707077797e+01 3.068516274357010687e+01 3.979669963137161659e+01
0.000000000000000000e+00 1.999999999999964473e+01 3.463035727205082281e+01 4.291462851951302326e+01 4.815771718045189687e+01 4.556258693842336527e+01 5.384685953132370884e+01 6.539386584658996071e+01 5.522017277062554541e+01 3.527708117461373405e+01 4.260705416487359543e+01 3.678460328303214766e+01 2.156574134304857182e+01 3.563668032344652659e+01 5.242766386632781916e+01 6.048118662707598503e+01 6.029713418238817724e+01 6.012172375260028190e+01 3.999890672562272442e+01 5.010345270277673535e+01 7.002067056113905608e+01 6.924533265028624385e+01 5.502330972375229123e+01 4.195507455797068275e+01 2.185740205306922945e+01 4.195504513143765024e+01 4.300737086204325976e+01 2.730907553920894060e+01 1.258593418743518377e+01 1.200835358121788232e+01 3.235874846823130468e+01 2.601908508856119795e+01 2.022914439277609944e+01 1.753934451583110388e+01 3.743164312506262092e+01 5.030737995926056527e+01 5.931478811008935281e+01
0.000000000000000000e+00 1.999999999999964473e+01 2.664383078056172138e+01 3.023593682143597050e+01 2.815771717364159699e+01 2.556258693370291368e+01 3.710959231749583864e+01 5.710959232866441226e+01 6.343779026309986335e+01 4.937925370951578685e+01 5.766313525474675572e+01 3.780325650164542139e+01 4.134226896881571633e+01 2.679376618578068303e+01 3.252855211384859757e+01 4.654307547707175985e+01 6.593690459917270630e+01 6.716453793473988299e+01 4.724445126742904222e+01 6.716453793473988299e+01 7.811862495835913478e+01 6.031324380033285593e+01 4.080128679726355045e+01 2.655992417427346908e+01 4.195507455797068275e+01 5.027941190714442143e+01 4.643803010102715945e+01 2.792624186721310409e+01 3.297911047339690072e+01 1.291108737422273833e+01 3.252752690520034662e+01 4.118666805226902028e+01 3.872436773446592184e+01 3.743166188164006059e+01 2.191017696999861997e+01 4.197452211557295243e+01 5.518927831075436075e+01
0.000000000000000000e+00 3.162277660168385740e+00 6.643830779282358101e+00 1.023593681981788706e+01 1.401558154991019300e+01 3.401558155190530641e+01 4.843481442067719911e+01 5.671908710290599487e+01 6.671908789024693931e+01 6.932139878468018424e+01 6.585206027047829025e+01 5.718964386682358025e+01 3.741627729554669202e+01 3.341541806268369896e+01 5.242766386685912749e+01 4.400914511614452351e+01 6.391283950184672591e+01 7.527107388326919590e+01 5.882557858611061619e+01 7.527107388326919590e+01 6.638528659916435970e+01 5.200098450512535209e+01 3.182607866279220232e+01 4.080128679726355045e+01 5.502330972375229123e+01 6.577879584268242752e+01 4.656900974557222384e+01 4.656900913660403774e+01 4.199341656763146347e+01 3.357684599883756960e+01 1.420400270247310104e+01 3.491380339862467963e+01 5.440790195212926506e+01 5.031624550007573760e+01 4.197452211557295243e+01 2.669101571299423981e+01 4.094862425112843596e+01
0.000000000000000000e+00 1.999999998696798897e+01 1.470928304396080044e+01 3.023593682064839072e+01 3.401558155190530641e+01 2.087552495561066834e+01 2.843481441579534774e+01 3.843481441579569946e+01 5.257695003953270430e+01 7.257695007284752364e+01 7.123002678726730608e+01 5.148705471534818656e+01 5.715280503408694557e+01 4.043922502441400013e+01 6.041355082271706323e+01 5.551880774463033674e+01 7.210734527614448552e+01 8.661678735177679300e+01 7.855576824609318010e+01 7.229763852752849118e+01 5.219898223653452618e+01 3.790488359713500444e+01 4.348482378514916036e+01 6.031324380033314725e+01 6.924533265024118123e+01 6.410316312289739926e+01 4.330422088418747961e+01 4.330422080606315660e+01 4.109827966706524904e+01 3.586308946715105606e+01 1.512828459344814114e+01 2.562480481188487502e+01 4.015609560173437131e+01 6.041554426114014831e+01 5.520119630580418146e+01 3.832211592908462450e+01 3.225434092592468005e+01
0.000000000000000000e+00 1.999999999999964473e+01 3.470928303721210995e+01 2.885141866768930186e+01 4.885141864465630590e+01 4.087552495864739655e+01 3.087552495561084598e+01 4.087552495561119770e+01 5.501766057935173393e+01 7.501766062079062181e+01 7.923309021862900181e+01 7.123002678726730608e+01 6.862009967588259940e+01 5.040717240316612902e+01 6.868564235599451706e+01 7.538598391737237137e+01 8.355174328869091482e+01 9.118857553368590629e+01 7.917487596437327113e+01 5.912445566999296886e+01 4.484722643321845936e+01 5.808574237142894958e+01 6.363427639132395797e+01 7.192313624625811030e+01 6.983704980176045751e+01 5.512357040217273862e+01 4.330422089537036356e+01 2.283535052009768762e+01 2.052846283761281398e+01 1.824328293696975223e+01 1.618061208190046685e+01 3.691513579671190115e+01 3.844316671112496664e+01 5.882253139108731688e+01 6.684603923122561753e+01 5.853922353140720958e+01 5.247507950716585867e+01
0.000000000000000000e+00 1.414213562373107536e+01 3.414213562373178235e+01 4.885141864465630590e+01 5.713568526237150280e+01 5.915979783490894306e+01 5.087552496168426330e+01 5.915979783490894306e+01 6.915979872739011114e+01 6.997165569273262520e+01 6.159927795451643817e+01 6.420913516852728264e+01 7.258905403144697743e+01 7.041992924226811112e+01 7.041992924226811112e+01 9.038983542687762451e+01 9.704582160550901904e+01 7.708274030950839517e+01 6.291218196927798090e+01 5.389650947022298055e+01 5.651692468049277807e+01 7.328163676827011841e+01 7.711263440046089102e+01 6.868112099068262921e+01 5.851710412595618038e+01 4.041009100258504816e+01 2.606592181371044248e+01 4.330422089537036356e+01 4.077392671033472737e+01 3.203397132344671405e+01 3.685538045070293123e+01 1.772603758789371398e+01 3.248057121688928106e+01 5.304258609661355450e+01 6.216028837150014397e+01 6.325040740476132584e+01 7.149383875036116365e+01
0.000000000000000000e+00 1.999999998955143710e+01 2.999999998291941594e+01 4.999999965417605097e+01 5.604484968132364031e+01 5.019559912811102720e+01 5.019559912811102720e+01 5.845890902131858269e+01 7.042963340558686980e+01 5.836321918668954822e+01 4.153690935259754013e+01 4.413738433196381550e+01 6.420913516830206902e+01 7.446382108821940449e+01 7.583077934868782677e+01 7.805110132781327081e+01 8.648402388951387820e+01 9.118857553368590629e+01 8.224679476580038795e+01 6.552195973066208978e+01 7.658120579884013068e+01 8.484755915212448940e+01 6.868112105948128487e+01 4.765343930716926479e+01 4.993092523623259638e+01 2.928697066994986287e+01 4.653934515917477910e+01 5.512357040217273862e+01 5.630770543538358908e+01 4.470425949700781842e+01 2.428523772170456496e+01 1.885420335079809817e+01 3.944978250429259248e+01 4.455767096205828892e+01 4.195752591545360843e+01 4.303247053673172218e+01 5.564022787890024802e+01
0.000000000000000000e+00 9.999999999999912959e+00 2.999999998838399762e+01 3.968890430227122579e+01 3.605180726251065693e+01 3.019325686445817425e+01 3.019325686445817425e+01 5.019559912811102720e+01 5.047953717070576829e+01 4.998519713073198290e+01 2.997281539160634978e+01 4.768717599546793906e+01 4.599509925724319714e+01 5.650231995749035718e+01 5.563787639894250958e+01 5.784420644040812221e+01 7.679304144222606965e+01 8.621416740601503648e+01 9.378522210088384270e+01 8.552832429918423429e+01 9.163366044146046363e+01 8.120902209782934733e+01 6.653250378012320709e+01 5.381230454311388911e+01 3.289284416170654879e+01 3.554890936321157824e+01 4.608382603301118507e+01 6.704855843380538261e+01 6.168324314786353568e+01 3.939590589555427158e+01 3.800345219689495480e+01 3.949926592095081190e+01 2.050457054165548598e+01 2.407917597835002965e+01 2.761201955809449160e+01 3.129651581552893802e+01 3.532696904212681233e+01
0.000000000000000000e+00 1.999999987666643619e+01 2.367643769621509264e+01 1.968298804489622000e+01 2.745084077529963551e+01 1.604675698937449368e+01 3.173123324319892191e+01 3.408258080235592047e+01 3.649523589027003823e+01 3.048351616885112136e+01 2.364579843577626406e+01 2.764652657320040419e+01 3.181876184990691669e+01 3.641187227671668580e+01 4.142206056048942031e+01 4.811468504766594378e+01 5.712632720178957868e+01 7.179101601300345692e+01 9.373477113584741005e+01 8.930412460361630167e+01 7.948677940924156360e+01 6.268454356456570054e+01 5.185598546241703843e+01 3.684434978657002802e+01 5.381230454311388911e+01 4.341762283478018247e+01 5.658225355371990162e+01 7.550128612881847801e+01 7.005573327006632667e+01 6.168324418164403511e+01 5.917874936564086852e+01 4.243461706736899686e+01 2.173621335430624768e+01 3.299129414253000903e+01 4.765675379107945986e+01 5.157757611154558930e+01 4.711647530564459174e+01
