MOVIE_S1_data/elevation_000259.asc
nrows	100
cellsize	150.0
xllcorner	0
ncols	100
yllcorner	0
NODATA_value	-9999
[rows 17 to 33 of 100, columns 0 to 36 of 100]
0.000000000000000000e+00 1.999999999999964473e+01 3.235478221189124071e+01 3.991407167207565010e+01 4.819834291953726080e+01 5.687241676785080813e+01 4.272177432504351913e+01 4.733703254149190798e+01 4.147562978967253855e+01 4.670532639058583158e+01 4.533197864222585594e+01 5.574898691343289414e+01 5.207544415745502420e+01 6.772561108706692323e+01 6.310395648751870823e+01 6.403211035789755101e+01 5.302870745011531994e+01 6.372548490872685534e+01 8.110696593804405552e+01 1.037323886739993810e+02 9.720413001029932332e+01 8.677995362423850167e+01 6.721881657417696943e+01 5.340025769175488790e+01 4.699881742159087139e+01 4.410596895295100239e+01 5.968385983233734748e+01 6.779415245321763450e+01 5.587653620400202215e+01 3.602882937675385477e+01 5.587654704129077743e+01 6.558791174538917801e+01 4.588109206458708655e+01 6.558791174538917801e+01 8.241257754788483680e+01 7.352154323102185174e+01 6.500160705278914008e+01
0.000000000000000000e+00 6.030226891555247271e+00 1.235478221189195125e+01 1.991407167207636419e+01 3.405620729580681427e+01 5.405620729580610373e+01 6.273161662135841254e+01 6.734959669664334569e+01 6.148771055946517805e+01 6.671867988308216013e+01 6.534828453988207286e+01 7.364279611291011918e+01 7.209437772517806309e+01 8.039179659263892574e+01 8.314550794488128815e+01 8.173848222369232985e+01 6.486244539622995831e+01 8.173848222369301197e+01 9.312058463281385912e+01 1.075724604998323315e+02 9.912981915328207094e+01 7.960296721899314321e+01 6.575706587628984323e+01 7.285896601383764448e+01 6.060680063593797229e+01 5.968385983233854120e+01 4.015313971629034029e+01 5.618390018604667091e+01 5.412527756916201582e+01 3.424981295936413517e+01 5.166437389732860197e+01 5.372755789957868444e+01 4.074854550109554197e+01 6.049963278660127486e+01 6.708681670837167133e+01 6.455993687993273511e+01 4.810765031278500459e+01
0.000000000000000000e+00 1.999999999999964473e+01 3.235478221189124071e+01 3.991407167207565010e+01 4.819834291953726080e+01 5.171458085538143479e+01 5.171729288049782269e+01 6.000125790939332404e+01 7.315549613123660322e+01 6.730420947514889463e+01 6.401986968398313138e+01 6.568834656224180435e+01 7.396352233585328406e+01 6.967931730110448996e+01 7.795407429579582015e+01 8.794228201233853781e+01 8.505696313762712180e+01 9.338122541072796423e+01 1.018919777198762660e+02 8.800693575686059944e+01 9.519813613899812310e+01 9.343210974718307682e+01 8.532224973532063927e+01 8.708137326881944773e+01 6.946699503038222190e+01 4.988695887245383886e+01 5.618390019005904890e+01 3.657940922174559262e+01 5.277755667547466345e+01 5.153013270432818871e+01 3.176885186011931594e+01 3.389943296141851192e+01 4.986733005254683349e+01 5.196231489973759210e+01 4.626360191787865972e+01 5.623040325643816573e+01 3.968166733179396033e+01
0.000000000000000000e+00 1.414213562373107536e+01 3.414213562373178235e+01 4.044121932787267326e+01 4.219801379535375219e+01 3.171678867907728616e+01 3.171688986301642288e+01 5.171729288049782269e+01 5.317279956738154567e+01 4.731937792813072718e+01 4.403297120257128228e+01 4.570245040934096181e+01 5.899790891611577592e+01 4.969623200868345236e+01 5.969136437926938044e+01 7.381747766639394115e+01 9.378991875002125767e+01 1.095714477200120029e+02 9.373754527660388192e+01 7.419733395709080526e+01 7.565525241026516312e+01 8.950655650663168217e+01 9.572058549713241860e+01 7.616962179111254727e+01 6.228979673811023332e+01 6.949593578643961678e+01 6.430323472637492443e+01 5.277814343534956976e+01 3.311619005785055236e+01 4.946084286591569423e+01 4.921753944773040956e+01 2.934498743712457269e+01 2.795807388420918826e+01 2.783231168933813748e+01 3.946379463753093120e+01 4.824555394449151180e+01 2.965536054244045516e+01
0.000000000000000000e+00 1.999999999999793232e+01 2.440330299056443408e+01 2.040099704394959090e+01 2.228537130124470877e+01 1.757469803217399118e+01 3.171688986304096503e+01 5.171729304611363176e+01 5.250990389882294807e+01 3.317998457251218980e+01 2.989264414806696735e+01 3.415665344032652229e+01 3.900734102729145292e+01 4.656621400449915882e+01 5.656291116788850104e+01 7.069083000716827314e+01 9.066295280034881898e+01 1.013912279002452834e+02 8.186872824121138592e+01 7.057515966774312233e+01 6.175792589245674691e+01 7.396307446321029033e+01 8.209042302767764454e+01 9.000864612533825948e+01 8.189596615396166612e+01 7.306947398919464831e+01 6.493495837628191225e+01 6.090787394947501809e+01 4.946088583987164355e+01 2.979291029607445651e+01 4.611045336332063016e+01 4.167551600476660667e+01 2.737176452298859886e+01 4.152770439679146364e+01 2.829625953475897759e+01 2.862779698834257047e+01 2.898116666431703692e+01
0.000000000000000000e+00 1.999999999999964473e+01 4.399831239884217204e+00 6.256784621654728262e+00 8.146606986700849262e+00 2.814660640907576550e+01 3.928779718788100439e+01 3.719905981058132483e+01 3.930907840687233801e+01 2.423579178039705795e+01 4.423174088936053039e+01 5.414948403836861957e+01 5.899790891611577592e+01 6.655172025324564800e+01 7.482649038995621993e+01 8.481517354221766425e+01 8.756184982921077165e+01 9.583748436462195741e+01 9.826185985374259246e+01 8.527517575067776079e+01 6.568204158041871210e+01 5.428362785990007211e+01 6.788986572025059729e+01 7.602249783099422586e+01 7.883369985489804321e+01 5.917791078861166909e+01 4.518836325207136895e+01 5.352756954377074550e+01 4.744058178745660825e+01 3.308819453194749372e+01 2.659932489835818359e+01 2.691921564220279706e+01 4.510841173152441996e+01 5.102964343377009016e+01 4.526045112115440361e+01 4.832971707675454098e+01 4.870539065130717660e+01
0.000000000000000000e+00 1.796053020267751155e+00 2.178903930467581063e+01 2.625573749260185963e+01 2.814660640907467481e+01 1.100374984384368204e+01 3.100374915949253918e+01 1.707606420471341124e+01 1.931213218221242656e+01 3.930907850961958161e+01 5.189950305271497655e+01 5.340037846987033987e+01 5.724785030058610147e+01 6.124586834977770877e+01 6.609344124906058937e+01 7.125304281940645978e+01 6.758772208544230864e+01 8.659027797544980842e+01 9.657690741960969660e+01 9.341053172667326976e+01 8.208955196717720071e+01 6.788986570107169882e+01 4.818788767195367484e+01 6.280283686079664562e+01 7.094061622665815037e+01 7.306947398833102625e+01 5.353425644938648986e+01 3.370316859706149870e+01 2.853952726782953420e+01 2.615018504604861960e+01 4.563939725010712323e+01 3.221626676861213667e+01 4.007816303439754790e+01 5.420193249919852718e+01 6.543102694016295118e+01 6.023014189742742275e+01 4.828396574552535014e+01
0.000000000000000000e+00 1.999999999999964473e+01 1.593819869146071788e+01 3.593694338519362219e+01 3.925662350375881005e+01 2.514559002816049826e+01 1.395258896694159922e+01 3.371127072473693431e+01 3.926699229498115074e+01 2.362544310516229373e+01 4.362145577087432713e+01 3.340680536940404011e+01 3.725580022611494968e+01 4.125577810381999200e+01 4.610638615744046120e+01 5.126999186439682887e+01 5.833907203785150131e+01 6.833045381560629039e+01 8.830140211700110342e+01 9.414359261674978541e+01 7.457550858578308350e+01 6.067387719637154930e+01 6.280283675884214034e+01 4.308203461477332752e+01 5.808866345210407900e+01 6.623165645348878172e+01 6.168706129570866636e+01 5.352115352940143111e+01 4.542933625378515217e+01 2.583107010277278448e+01 4.491019902679308018e+01 5.226135963917891303e+01 5.752386167326103816e+01 6.412143864978774843e+01 6.472643085258458484e+01 4.507252818637687142e+01 3.538759299013355530e+01
0.000000000000000000e+00 1.999999997082779757e+01 3.593838558453482790e+01 4.422126870943142762e+01 5.335211566866350807e+01 4.221547302590541051e+01 2.549959611391052050e+01 2.809776765503361062e+01 4.806908569747486837e+01 4.352135772442301231e+01 2.815455111188331827e+01 3.571379664493940709e+01 5.570624363133938317e+01 6.124586834977768035e+01 5.390181166322270911e+01 6.540274712307142124e+01 7.831592796630363296e+01 8.659027797538146842e+01 9.657690741951697078e+01 9.219815542582438184e+01 8.844009864204272731e+01 8.030685413876724965e+01 7.094061622665815037e+01 5.808866345210341109e+01 3.833165362632875883e+01 5.372506996063880536e+01 5.382785002393872276e+01 4.561555757934772259e+01 4.467911630823665803e+01 2.550996421653900725e+01 4.514797962006044685e+01 5.705207206695796884e+01 6.519153202717056672e+01 7.655537022874636932e+01 7.317151650934617635e+01 6.133081183693577998e+01 5.322785818628982213e+01
0.000000000000000000e+00 1.999999999999964473e+01 3.652897806205631781e+01 4.479047981037618342e+01 5.497127026250271342e+01 5.378406080939828371e+01 4.549965315213130168e+01 4.812446052073951819e+01 5.640488288024965868e+01 5.629419796698785916e+01 4.814980894201108441e+01 5.570624363141841684e+01 4.985298504779768081e+01 6.983725988804965823e+01 6.544078875429593722e+01 8.215808549455952914e+01 9.365220585340159687e+01 9.073786718953189734e+01 8.667319478262882626e+01 7.294246206927505227e+01 8.667318782162094237e+01 9.696684422770157141e+01 7.774696895875702296e+01 5.808866345210330451e+01 5.372506996063880536e+01 3.392483180979930069e+01 4.561498504954467137e+01 2.655058321066080751e+01 2.504281438307394225e+01 2.756854497549214500e+01 3.187928988743330549e+01 3.727037698693965240e+01 4.873039733777373073e+01 6.842903680126299548e+01 8.552091043583945407e+01 7.362340925582620343e+01 5.400926598418666202e+01
0.000000000000000000e+00 1.999999999999964473e+01 1.655172161706180844e+01 3.326621059142892989e+01 3.498582273721653024e+01 5.023243547190925540e+01 4.196030031337507182e+01 4.538687106294523943e+01 4.909677376241743474e+01 5.301637482816646951e+01 6.129337210147249948e+01 7.283151991625106803e+01 6.983725988806484963e+01 7.811261665196560955e+01 8.541579935061834306e+01 9.369131422091106742e+01 8.523390601831390256e+01 7.153449571734613244e+01 7.818341236989620313e+01 5.982616135428190063e+01 7.818340834497151093e+01 7.738770916274474132e+01 7.567112593192520364e+01 6.754034469422771281e+01 6.187440804309374442e+01 4.955083543143457803e+01 2.969207492220549227e+01 4.225496986124554155e+01 2.468037842982591101e+01 4.433903835011433614e+01 5.176561025251868386e+01 5.705568220122778200e+01 4.788472952098271662e+01 5.776106232321176748e+01 7.741280519714450747e+01 7.362613684397175007e+01 5.400937540570894413e+01
0.000000000000000000e+00 2.499961014405561066e+00 5.019429123745053012e+00 1.500670115831154661e+01 3.498582280438529324e+01 3.731867319477498057e+01 2.200819303615847389e+01 2.542029248777769723e+01 2.911868080562703298e+01 3.303015340860127935e+01 4.456894772489421541e+01 6.455577486979235857e+01 7.132401996707331193e+01 7.959939424988726842e+01 8.958706125776502915e+01 9.073786721456613691e+01 7.153449571734816459e+01 5.845729884392004294e+01 6.879536323137378417e+01 5.166096055814423238e+01 7.019429882687987288e+01 7.738770591642594354e+01 5.769298732982876743e+01 4.772318532277372327e+01 5.763176335717614762e+01 5.770812918872322683e+01 4.949264334503488527e+01 2.425502575193529964e+01 2.459393308435186754e+01 3.560443006713056491e+01 4.902161289119769805e+01 6.728484685490215611e+01 6.758692862461984419e+01 7.570675303798891775e+01 8.552189674483456372e+01 8.174316848761421284e+01 7.362613684397155112e+01
0.000000000000000000e+00 1.999999999999964473e+01 2.499626200065082315e+01 8.901041805990182354e+00 2.885459363906463182e+01 1.738342659977098847e+01 3.705591500107795611e+01 3.695260675552489715e+01 4.909439591414461290e+01 5.301621914593627594e+01 3.951199830948522873e+01 4.467441615036787539e+01 5.134123043814803822e+01 6.133767297984417866e+01 8.131036695430236705e+01 9.073786721456613691e+01 7.153449571734816459e+01 6.879536323137378417e+01 5.028700935981470366e+01 4.544695519207846957e+01 5.876421311877176379e+01 6.663478611530720741e+01 7.567112593192520364e+01 5.763176335717614762e+01 3.771367112781024389e+01 4.950023531637969398e+01 4.460672127206508719e+01 4.323311097817298787e+01 2.408027958448651873e+01 4.368266676066188126e+01 5.379703268942311922e+01 6.200177492627505416e+01 6.953761070757342111e+01 7.805945469602268361e+01 8.923231982066168655e+01 9.372105277859813555e+01 7.401428068947552674e+01
0.000000000000000000e+00 1.999999999999964473e+01 3.712580532288297519e+01 2.885458562256314963e+01 1.293137595676161844e+01 2.401568132564879932e+01 4.314643531235886798e+01 5.716908993469258604e+01 6.562627347715431370e+01 6.776913166443821979e+01 5.364968098836293109e+01 5.881199481832585008e+01 6.099736410236913287e+01 7.132401996707335456e+01 8.958706125776502915e+01 9.893331631927978265e+01 9.073786721456613691e+01 7.676639984863611232e+01 6.879536323137378417e+01 5.876425794442459960e+01 4.001086250039775649e+01 5.383937524232000982e+01 6.169096359831431897e+01 6.578998091134324966e+01 4.950023536817717229e+01 2.975825370350545995e+01 2.343797695777777790e+01 2.362097633116650286e+01 2.614686445262893955e+01 2.784292074680537965e+01 4.761334087956730343e+01 4.197307277927131253e+01 5.072868616678368880e+01 6.186450130035871808e+01 8.114092983705828033e+01 9.360362170628837930e+01 8.806004068816368147e+01
0.000000000000000000e+00 1.999999999999964473e+01 3.722854362610829071e+01 4.112586770819495285e+01 2.443982985564500510e+01 4.058036923558167075e+01 4.629593598901593765e+01 5.618158753685595741e+01 6.267038171894963483e+01 6.799030124564671951e+01 7.363087321913160110e+01 7.878888376603150334e+01 8.097370045763514668e+01 8.925129683174388617e+01 9.957791507728279612e+01 9.674632774028081883e+01 8.563142824965984801e+01 7.687015194071396706e+01 6.884997553081150556e+01 6.363193748917148440e+01 5.383937524232000982e+01 3.486572173497108196e+01 4.916838482258230414e+01 5.614519933351710534e+01 5.288861538166620591e+01 4.828019227707252270e+01 4.287965391386452296e+01 2.329526182141593793e+01 4.290938396454091475e+01 4.761400126563478352e+01 3.207072407030955219e+01 4.970481791185910936e+01 6.326985135714616604e+01 7.106316501151414400e+01 7.763763981146617255e+01 7.404936726387386159e+01 9.360362170628837930e+01
0.000000000000000000e+00 8.944271909999235604e+00 2.308640753377635590e+01 4.308640757335830074e+01 4.462197948102500789e+01 5.284304875630407849e+01 5.194448781021029049e+01 3.403376456782643800e+01 4.648281110579686981e+01 4.791396831247804755e+01 5.898739532697336330e+01 6.478752208416726432e+01 7.149009112605934035e+01 7.982362696691110671e+01 8.988360210973117148e+01 8.884440224896448512e+01 6.952054539694871949e+01 5.792586305120264001e+01 4.864067585056680798e+01 4.322900500390937850e+01 5.663376669501195693e+01 4.916838482258230414e+01 3.003280800913458748e+01 4.468322009495290814e+01 4.060261413534490060e+01 3.926029818354896861e+01 4.086975727387306279e+01 2.296914480839690498e+01 4.278800780530924897e+01 5.823059908239803661e+01 5.190624769126665683e+01 3.712906219030990229e+01 5.700300623860158566e+01 5.126187814864773173e+01 5.791421541161007269e+01 7.190875424943671135e+01 9.146839303260095733e+01
0.000000000000000000e+00 1.999999999999964473e+01 3.722854371153683672e+01 3.892750068305453937e+01 4.722094986292022156e+01 4.733598947301273796e+01 3.791157118084046118e+01 2.471615220696261517e+01 2.910717372826359650e+01 3.372199799026304134e+01 3.890641400030068553e+01 4.469529365126578568e+01 5.138238406654970447e+01 6.142972699569444472e+01 8.155045538716721865e+01 9.132773857622419200e+01 7.205923928995213146e+01 6.053934321104097904e+01 6.884997553081150556e+01 5.663317469290200279e+01 3.613662437195135624e+01 5.015203661730448914e+01 4.470885670098198261e+01 2.545302278324459877e+01 2.257242527531016663e+01 2.217958069293077017e+01 2.250704183998061580e+01 2.644680274017052923e+01 3.687133109920140583e+01 6.030878350826169765e+01 6.516471860959087792e+01 5.219455344117776718e+01 4.276126300337485731e+01 6.261986792366201371e+01 7.763763981146617255e+01 8.574419356587431196e+01 9.457845368023885158e+01
