MOVIE_S1_data/elevation_000375.asc
nrows	100
cellsize	150.0
xllcorner	0
ncols	100
yllcorner	0
NODATA_value	-9999
[rows 51 to 67 of 100, columns 0 to 36 of 100]
0.000000000000000000e+00 1.999999999999964473e+01 2.270615439800732815e+01 4.671938428488138229e+00 2.467214224086348651e+01 8.703254260464298397e+00 1.015420675880894130e+01 1.162862631351323905e+01 1.312768966565701589e+01 1.516893067866242006e+01 3.515206760686167087e+01 4.021443443053319555e+01 4.239485088257876555e+01 3.620821686698342745e+01 4.701140010425220339e+01 3.948882623187948582e+01 5.210562508054177755e+01 3.707844224151131840e+01 5.701349547861907752e+01 6.934995007151508162e+01 7.692902761840053927e+01 8.530097969500502586e+01 9.539909910679182303e+01 9.122460625381910404e+01 6.705437696870956188e+01 5.274012803887742962e+01 4.455146726477421737e+01 5.227669443951152317e+01 3.830685981356909764e+01 5.903179913471012696e+01 7.451297166333881705e+01 7.662832086896263206e+01 8.990653658651854130e+01 1.001794081984406262e+02 9.366658600108677035e+01 9.470212224590954975e+01 1.029033696063766143e+02
0.000000000000000000e+00 1.999999999999964473e+01 3.295695558036122463e+01 2.467210216164670911e+01 6.662012808908125194e+00 1.650918306622081033e+01 2.985924092249043227e+01 2.162465993619512616e+01 3.311412726302364717e+01 3.515399286655417654e+01 1.810184791049743680e+01 2.023379823435886138e+01 2.241581008025618615e+01 2.467991004987785075e+01 2.703582718563291820e+01 2.949369275618435182e+01 3.242796449983763551e+01 5.210562508051154396e+01 6.376647718949182320e+01 7.011152664587065431e+01 7.725639475918092103e+01 8.573164390907766119e+01 9.755303574007943723e+01 9.294682161854429125e+01 7.226159029440057679e+01 6.485640935784235239e+01 4.374780731830168889e+01 3.773775086321778360e+01 5.683326963793524556e+01 5.101388404966817092e+01 6.125520220294234264e+01 7.450110971067670107e+01 8.042022447807049446e+01 8.765338905048446350e+01 9.633570458140113146e+01 1.050051281355893025e+02 9.671688863831852245e+01
0.000000000000000000e+00 1.414213562851659667e+01 3.414213844340094539e+01 3.494740710780522619e+01 2.080419370607339857e+01 2.600981093713642878e+01 3.135450753076415964e+01 4.160446954215881021e+01 4.160253567405717234e+01 4.637878767300571070e+01 2.963843324938299517e+01 3.436007004754780070e+01 3.240270572369081492e+01 3.880062929102215463e+01 3.635761794112559642e+01 4.948827671916100712e+01 3.298573779540060258e+01 3.796226178685962083e+01 4.366918844803085875e+01 5.005892589425992867e+01 5.714102828927987332e+01 6.871723701276991392e+01 8.902220067423344574e+01 9.705012480593397584e+01 7.757196208965436313e+01 7.036018292156653331e+01 5.724336927723476265e+01 3.732054326570927572e+01 5.018072877716814162e+01 6.636769750791054889e+01 6.666578954861451223e+01 5.637099604786524054e+01 6.266942497145950597e+01 7.177840782863097502e+01 8.907585164136023081e+01 9.513736233716871027e+01 7.709487169069394952e+01
0.000000000000000000e+00 1.999999999999964473e+01 3.463035727205082281e+01 4.291462851951302326e+01 4.080512782380914416e+01 4.475820026262681495e+01 4.862758861151306178e+01 5.613755376853750789e+01 6.156512236085022494e+01 5.797559517500132387e+01 4.963698780914333497e+01 5.434492845545798190e+01 4.393189111185017737e+01 5.879560216639018222e+01 5.011201451387984918e+01 5.564137000489692753e+01 5.637706802481277180e+01 5.250942450277179319e+01 5.471021916783858785e+01 6.376680830361082286e+01 7.725639475918092103e+01 8.573072043377243290e+01 9.254975428337522203e+01 8.213098112254769489e+01 7.363078855457756333e+01 5.791365162087505070e+01 4.670794791020633596e+01 3.689312596397462585e+01 5.259496931880008930e+01 5.926477481393995816e+01 4.819000608093425342e+01 6.688481783942435754e+01 8.042022447807049446e+01 8.765338905030922945e+01 9.633570458095647382e+01 8.690588016450625730e+01 6.745001374216452916e+01
0.000000000000000000e+00 7.071067811865505703e+00 1.463035727205011760e+01 2.877249289578131908e+01 4.877249289578202252e+01 5.096773020647156471e+01 5.096773236256728268e+01 5.925153148305084017e+01 6.108546701152705793e+01 5.280124660040333850e+01 5.539628857606280832e+01 6.368055137960679701e+01 6.393688416698346799e+01 7.223675291317094604e+01 7.010675423032589038e+01 7.596276316912837956e+01 7.774688340525639774e+01 7.258271655554901258e+01 7.477864293535681384e+01 8.310322425019163006e+01 9.221163587548268481e+01 9.881156889019180767e+01 7.821035364323546446e+01 6.307538996788112939e+01 5.261960520566746879e+01 4.760634534713279464e+01 4.302731496781584042e+01 4.219193346923457000e+01 3.630427887142428744e+01 4.086435060282227028e+01 5.591613632409691803e+01 5.823326496237321237e+01 7.816556692532878969e+01 9.524814295124448904e+01 9.453813530571716228e+01 7.470453332389605805e+01 6.104565600098278111e+01
0.000000000000000000e+00 1.999999999999964473e+01 3.463035727205082281e+01 4.291462851951302326e+01 4.510961893496744324e+01 3.096775994842467483e+01 3.096775995115919500e+01 5.096773199348549355e+01 4.954158653338303964e+01 3.280959749914221391e+01 3.540323188088398609e+01 5.539628857603069179e+01 6.221893179786714256e+01 7.050346789722537721e+01 6.866920447765984648e+01 7.695391478155507059e+01 8.239653105640361730e+01 9.068162782556647983e+01 9.300588982029648832e+01 9.300674096591424700e+01 1.013002470104384685e+02 9.600102829436917773e+01 7.541669528113303045e+01 6.306660026757487714e+01 7.366015287444220405e+01 6.841090415751136788e+01 6.267853650904739737e+01 5.743551784266708893e+01 3.591939813686183669e+01 3.642314306328496087e+01 3.993654507045079072e+01 6.064520052343066681e+01 6.707837877060275389e+01 8.772562168956906703e+01 8.758261456744108386e+01 7.482283736936634000e+01 5.549858266136138241e+01
0.000000000000000000e+00 1.999999999999964473e+01 2.365913944198075569e+01 2.551609317809778688e+01 2.739753531912510098e+01 1.682562438677316763e+01 3.682561561342797773e+01 4.604099657644229637e+01 3.776113138597799690e+01 2.131791203793481770e+01 4.125906261009411224e+01 4.781515667988099949e+01 4.221905715031842021e+01 5.383420381112743769e+01 4.866915992881659747e+01 6.540671095966148130e+01 6.239635961807530862e+01 7.369946518498062460e+01 7.300550150740315303e+01 7.300550544192526559e+01 9.300666838596607988e+01 1.040613935724118591e+02 9.236515386224181157e+01 7.541669520879409561e+01 8.847716888995309148e+01 6.712346791125206380e+01 6.474317445601039367e+01 5.875876685848217562e+01 5.430884596379048901e+01 3.537086881830143170e+01 5.503034838253446281e+01 5.009973747362331409e+01 7.096932771128071238e+01 8.062407806962271195e+01 7.246598522923036967e+01 5.976772166799670316e+01 5.034072832729804503e+01
0.000000000000000000e+00 1.825741858350555580e+00 3.659138852406981890e+00 5.516092234177508047e+00 7.397533970944710546e+00 2.739741047699497045e+01 3.225663335400336962e+01 3.439988483440588851e+01 1.787562957539135056e+01 3.776115249162057808e+01 2.508972568170386452e+01 2.782249781649487730e+01 3.067411092681797413e+01 3.383467155900689249e+01 3.712224443235516702e+01 4.606642778470549615e+01 6.606645945904011796e+01 5.369938325383333222e+01 5.886336097826771407e+01 7.041036683857404910e+01 8.455251851855412326e+01 1.045527172172178183e+02 1.040578607184523321e+02 9.600080334102628399e+01 7.798167995817237852e+01 6.620839204302687619e+01 4.679088325211397148e+01 5.174548760288398341e+01 3.478278185913203657e+01 4.047703462537040764e+01 4.891789604336846509e+01 6.635703252844272981e+01 7.946411656180147531e+01 6.942508948039451866e+01 5.326377836507264618e+01 4.608844021392966539e+01 6.543894835023417045e+01
0.000000000000000000e+00 1.999999999999964473e+01 2.365913944198075569e+01 2.551609317809778688e+01 2.739749592975540438e+01 1.022596109569092526e+01 1.225665342595818075e+01 1.451333385235935758e+01 3.439988480210794108e+01 4.604111629446479270e+01 4.506895291597975017e+01 4.195743852927375173e+01 3.961636658423092427e+01 5.383420381562266499e+01 5.712217338384792953e+01 4.266916137180091795e+01 4.683944093330445924e+01 5.838644531999005238e+01 7.838655591286226354e+01 7.151247312063424033e+01 9.151279182472278251e+01 9.645177935172945638e+01 8.638336021821058353e+01 7.791418802925866771e+01 6.961557831913981431e+01 5.011327304035980745e+01 3.882597308909246436e+01 3.419107353720726650e+01 5.308098020476370493e+01 5.877162074312329310e+01 6.539641907345591676e+01 7.365498365262051550e+01 7.442394434129580816e+01 6.144703614218908427e+01 4.201754716063996398e+01 6.144710889953733357e+01 7.353101590766981133e+01
0.000000000000000000e+00 7.071067811865445307e+00 1.463035727204992398e+01 3.463035727204920988e+01 3.851091720817414910e+01 3.022603116778919485e+01 2.188141486959888482e+01 1.726270063389655718e+01 2.168161095388368054e+01 4.162807719414665542e+01 5.888763621322532771e+01 6.195693928375359150e+01 5.116318160834371298e+01 6.790069561483775828e+01 7.095388027326119129e+01 6.266918574997283287e+01 6.683948667824519418e+01 7.512432267826646637e+01 8.667174993093395585e+01 8.565464098478264532e+01 9.979922454686698075e+01 8.785438648734606204e+01 6.797398957117128759e+01 5.834032798337818804e+01 5.191558550686583118e+01 4.578467704501945690e+01 5.450028954150725724e+01 3.499945435739391542e+01 3.359617110248706950e+01 5.283160418536572678e+01 6.065216521731269950e+01 6.135475465879234491e+01 5.473594212443344986e+01 5.511344250343683626e+01 3.928915075248767153e+01 5.880221658893395187e+01 6.504379079652265716e+01
0.000000000000000000e+00 1.999999999999964473e+01 3.463035727204920988e+01 2.877249289578062630e+01 4.877249289577991220e+01 4.132666065556239232e+01 3.544679266935186490e+01 4.541754328328587320e+01 3.292588073846459906e+01 3.053814860126973230e+01 4.213944912032751944e+01 6.215736976501653999e+01 7.116322155893747947e+01 7.944787219185592164e+01 8.504341321490129246e+01 7.677681294253486044e+01 7.523453403186033484e+01 8.350048794038852407e+01 9.347246072014468155e+01 1.056556190329335863e+02 1.061717476264443434e+02 9.645177935172945638e+01 8.638336021821058353e+01 7.791418802925866771e+01 6.523135550275053163e+01 5.695157123405942201e+01 6.296957113144583928e+01 4.609811315338897231e+01 5.261991125970508421e+01 3.299666205906123650e+01 5.231886888069762875e+01 3.874132728449221474e+01 5.157950073419650749e+01 3.542761499768066358e+01 5.511180578225188498e+01 5.742507549269382849e+01 4.561982974257591650e+01
0.000000000000000000e+00 1.433233681178197294e+01 3.523556375189674128e+01 4.877249289577991220e+01 5.705676414321327172e+01 6.121295472913848812e+01 5.534477189208835313e+01 6.145774178929237763e+01 5.315805643993180496e+01 4.058990871290572500e+01 5.888763621322532771e+01 7.044217613065822547e+01 7.832519441528064874e+01 7.006263516259845403e+01 7.155078928410318895e+01 5.685915067865900596e+01 5.532015651385594879e+01 6.526746242265159026e+01 8.520160564106889467e+01 1.002925135323729080e+02 8.610137023658563749e+01 9.087403036280431934e+01 9.918666382768311962e+01 9.361370245649732169e+01 8.499171619954354640e+01 7.654175378092536164e+01 7.409374804216618315e+01 6.567804319930645818e+01 6.077191767961041791e+01 3.372080798885480135e+01 3.239509069934045726e+01 3.197317277148183123e+01 3.155496754176217777e+01 3.689462487782048328e+01 5.070043479146888643e+01 3.788433388769335863e+01 5.742508645457372296e+01
0.000000000000000000e+00 1.935760868556212344e+01 3.041547556412441367e+01 3.662770956826810220e+01 4.374575232784897594e+01 5.217917290005559749e+01 6.390026869850697011e+01 7.381582860394514967e+01 6.889499568228794146e+01 6.061012707147172307e+01 6.889499568228794146e+01 8.415863332348342851e+01 6.422388154917372560e+01 5.014286832222961010e+01 5.162944044216541073e+01 4.535782962523742867e+01 6.527734527285809918e+01 8.350048794038852407e+01 9.347246072014468155e+01 9.197984767310218501e+01 7.192094547436335006e+01 7.081593570205097876e+01 8.679142186059158348e+01 9.510320295348712705e+01 9.559943675739987157e+01 8.430716000762755868e+01 7.615810891745491062e+01 6.932098068105308641e+01 5.767321302841905606e+01 3.798756928688347045e+01 3.381947422523232660e+01 5.203415896625863724e+01 5.107114024824946341e+01 3.097556070187946631e+01 3.057240967355028971e+01 3.911542766825974837e+01 4.980555011220033634e+01
0.000000000000000000e+00 5.163979123188092935e+00 1.050922578409046615e+01 1.653970756714332779e+01 2.361288711154729114e+01 3.518956476602124894e+01 5.543372189685007356e+01 5.492234559723048903e+01 6.045611864966437565e+01 6.603675998104225187e+01 7.039021656126578819e+01 6.646503425982606927e+01 5.820605683143885045e+01 5.193331999755447725e+01 3.752215026115983676e+01 4.750506432833962833e+01 6.158656519249127825e+01 8.151501337571500017e+01 8.918203418319841091e+01 8.517735824558303648e+01 7.686773283839390558e+01 5.925395808663459718e+01 6.674101334860172585e+01 8.679142186059158348e+01 8.738545563480434453e+01 6.793912068616340605e+01 5.681978995824807299e+01 5.001948292796144102e+01 4.417210522954410834e+01 5.767321302841905606e+01 4.619083409962914999e+01 6.379365831039215351e+01 5.406928528622743357e+01 3.577708784993471625e+01 5.017527062715512187e+01 3.000886479246969429e+01 2.961813343190964432e+01
0.000000000000000000e+00 1.999999999999964473e+01 3.057094907502817094e+01 3.662770956826810220e+01 4.374575232784897594e+01 5.217917290005559749e+01 6.045611864966437565e+01 4.175413971339423114e+01 4.175413971339423114e+01 4.723182252221978672e+01 4.983074430351441464e+01 5.495149313479713982e+01 3.826273337095554439e+01 3.197410619360812234e+01 5.193331999755447725e+01 6.572167503365496088e+01 7.568467025439370843e+01 7.888580494682412336e+01 6.969729835476782398e+01 6.969729835476782398e+01 5.686642165162486862e+01 5.263909973638111239e+01 7.261364203620310320e+01 8.488414317163940837e+01 9.323388988605917405e+01 8.430716000762755868e+01 7.615810891745491062e+01 6.932098068105308641e+01 5.030253397211090771e+01 6.960604346636878859e+01 5.965680551780175023e+01 7.342580668105523500e+01 6.213787569769519337e+01 4.437397934155722368e+01 5.134018319054587209e+01 3.203049262286118193e+01 4.928517999000703753e+01
0.000000000000000000e+00 1.000000000001568168e+01 2.414213571968898719e+01 4.414217756994248987e+01 4.908923048663444888e+01 5.493487601741575332e+01 5.134344795153092633e+01 4.723182252221977961e+01 2.825241759132482500e+01 3.964089915686205501e+01 3.564334442988666751e+01 4.191773924123746298e+01 2.672055483308995605e+01 4.669177366299279441e+01 5.625076265775345519e+01 6.454846398921263528e+01 5.885595468262226149e+01 5.885595468262226859e+01 6.853960736542370569e+01 5.155821104929968612e+01 4.544624215003938872e+01 6.531997044056736001e+01 5.693698947721321701e+01 6.439261645739652806e+01 7.633403244574624580e+01 9.656381162837919874e+01 8.187798870028247222e+01 6.247688685355326044e+01 6.391954723846652087e+01 7.772484251966290003e+01 7.893969175481957734e+01 8.322591853003719109e+01 6.376461593721003851e+01 6.376461593721003140e+01 5.419640879958986091e+01 3.452378506190613194e+01 5.399490605893096529e+01
0.000000000000000000e+00 1.999999999999964473e+01 3.828431893421088006e+01 4.322073973929897051e+01 2.909786819881100328e+01 3.495320142901457672e+01 3.133782476403592909e+01 3.133783321344856887e+01 3.135130274289015162e+01 1.939103294393345678e+01 3.726985808252288024e+01 2.193930718003552727e+01 4.191773924115349814e+01 4.283134549548056924e+01 3.622684091755591851e+01 4.659012282120396264e+01 3.883015251687601221e+01 5.117110335107257413e+01 5.354812984348954785e+01 4.334563048967824272e+01 4.100575635777699546e+01 4.709723061118146603e+01 6.788013428096570578e+01 8.488414317163940837e+01 9.323388988605917405e+01 1.048930668650307609e+02 9.008231678755925032e+01 7.614322040275125403e+01 8.333445978215407024e+01 8.964041487283537890e+01 8.152431528143061712e+01 8.480453792828259907e+01 7.111417081445067367e+01 5.841469068091524974e+01 3.894230536271140153e+01 5.419640879958986091e+01 6.204445124750640872e+01
