MOVIE_S1_data/elevation_000878.asc
nrows	100
cellsize	150.0
xllcorner	0
ncols	100
yllcorner	0
NODATA_value	-9999
[rows 0 to 16 of 100, columns 0 to 36 of 100]
0.000000000000000000e+00 1.999999999999964473e+01 3.202108830612780821e+01 4.621018612178838936e+01 4.272385897847938452e+01 4.990897181169233932e+01 5.824162107177152592e+01 6.726703024703884637e+01 7.886726572151279413e+01 7.342183298776755862e+01 6.527665231856346395e+01 6.527665231856346395e+01 6.527665231856346395e+01 7.342183298776755862e+01 7.256476322544143898e+01 6.400276652142621003e+01 6.400276652129808497e+01 6.703254856847532039e+01 6.703254856847532039e+01 7.557943768180757615e+01 7.892574897783210019e+01 7.072692355299578537e+01 7.072692355299578537e+01 7.072692355299578537e+01 7.892574897783210019e+01 8.336514097151069791e+01 7.543415969846761016e+01 7.793506487717266396e+01 7.534839352744650398e+01 8.322583442969855128e+01 7.493147030516399809e+01 6.604617826837963435e+01 7.070795367434543266e+01 6.189057053343826453e+01 7.070795367434543266e+01 7.367847280157637613e+01 8.259533083118999741e+01
0.000000000000000000e+00 3.651645622542101233e+00 1.783197178575085218e+01 3.362130159109711514e+01 2.236992211962341415e+01 2.958640344451696791e+01 3.872617621478529060e+01 5.045260791291946134e+01 7.057195249131235926e+01 6.527665231856346395e+01 4.543966707429813567e+01 4.543966707429813567e+01 4.543966707429813567e+01 6.527665231856346395e+01 6.400276652142621003e+01 4.293415826258674173e+01 4.293415826258673462e+01 4.606919240338795873e+01 4.606919240338795873e+01 6.703254856847532039e+01 7.072692355299578537e+01 5.085636352071953326e+01 5.085636352071953326e+01 5.085636352071953326e+01 7.072692355299578537e+01 7.214801582477760178e+01 5.588890798107259172e+01 5.843961965461407715e+01 5.588003638272287077e+01 7.206195912565067374e+01 6.604617826837963435e+01 4.526463535871523192e+01 5.135140835343673871e+01 4.132029077570427944e+01 5.885948689368368747e+01 5.272394771606440855e+01 7.367847280157637613e+01
0.000000000000000000e+00 1.999999999999964473e+01 9.205907790345122521e+00 1.330307834147779289e+01 2.924229379004222551e+01 3.231333682247933581e+01 4.243207325272193486e+01 6.171397478105899381e+01 7.057566424396858906e+01 6.243318015282585520e+01 5.124978553404598358e+01 3.174383239158991188e+01 4.543966584964223188e+01 6.527649460205195453e+01 6.245169570866067943e+01 4.910501075143798744e+01 2.749049093770429408e+01 3.071516626526547711e+01 5.220921726771324245e+01 6.024861313495292592e+01 6.860719149007218221e+01 5.481196984495704783e+01 3.687894514611575403e+01 5.085636352069979438e+01 7.072692348816430297e+01 6.414970335805062973e+01 4.443234062891946934e+01 4.443234062891946934e+01 4.443116714852184401e+01 6.410833228926050253e+01 6.689819510016587856e+01 5.132696156109933128e+01 3.096318107603737602e+01 3.125011556308449556e+01 3.836216438802840401e+01 5.272394771568264105e+01 7.367847179270674474e+01
0.000000000000000000e+00 1.999999999999964473e+01 2.940260635307158665e+01 3.285242688912518361e+01 2.161416071398531358e+01 4.298581707150200515e+01 5.873196086158895923e+01 6.997721988465001175e+01 6.243318015282585520e+01 4.276444748941943885e+01 4.603650489360283871e+01 2.701556439600185655e+01 4.026312505445428513e+01 5.997467680256211509e+01 5.383843197709057193e+01 3.240376480123426006e+01 1.981177702880470193e+01 4.146312398512425546e+01 5.488545205952316053e+01 3.673454939928713259e+01 5.489337127824445872e+01 5.144300530891736400e+01 3.170348326549672890e+01 5.144300530891736400e+01 6.267068428633874788e+01 6.392746501848726837e+01 5.276587867867723247e+01 3.309577153570243979e+01 5.276587867867723247e+01 6.261504783836721089e+01 5.397796430029686121e+01 3.761360859492064890e+01 2.335474634480876688e+01 3.764510348708538601e+01 4.441718145186713684e+01 5.307627817270883952e+01 6.340247444583005887e+01
0.000000000000000000e+00 1.421774483957954338e+01 3.478577870800523897e+01 4.971396984536435326e+01 4.641205859904599151e+01 5.480549746512319587e+01 5.423359349371148141e+01 6.264726751680709782e+01 6.172890768850286491e+01 4.852527313919232199e+01 2.950192898918315620e+01 2.317215779601543346e+01 3.584727150279783103e+01 5.532862200254792384e+01 5.189728919270206120e+01 3.045962434635858784e+01 1.524999822155484530e+01 3.673857099880074628e+01 3.367879897607678430e+01 2.369934543025712870e+01 4.578412538708793988e+01 4.669883799148810510e+01 2.707561931793243559e+01 3.457117275318504568e+01 4.862092851976193231e+01 5.007683236245593150e+01 3.622619970687640034e+01 2.862641657389492522e+01 4.813218978685713267e+01 5.284154434578962167e+01 3.471834931215266096e+01 3.957402219898347084e+01 3.272779954287364745e+01 1.737287423067271419e+01 2.412883276826594425e+01 3.419604169405977956e+01 5.464232581697397961e+01
0.000000000000000000e+00 1.432997873977089576e+01 3.425389554063761466e+01 4.378702488657837222e+01 5.653175730345868999e+01 5.146269768515944065e+01 3.473270159432521353e+01 5.199492852307727020e+01 4.279832009501038925e+01 4.279933198053302590e+01 3.754214823497296294e+01 1.982766592454513699e+01 3.193569484163355554e+01 5.108147411821647665e+01 4.761017115176839809e+01 2.615770164967666744e+01 1.113499799369455801e+01 2.834888351808820772e+01 1.259106863130211451e+01 2.965099081990663876e+01 4.146706072801487863e+01 5.439203140749567211e+01 3.457040597604149923e+01 2.088431738764559853e+01 3.497993336205752257e+01 3.651538883019965454e+01 2.267091505456723866e+01 4.144987675236104963e+01 3.923005824177973722e+01 2.941252283227603215e+01 3.156535148332415375e+01 2.038127800703493975e+01 1.245252592211249087e+01 3.272534508381347251e+01 4.440977128354880676e+01 5.307627596169849937e+01 6.340198294439673532e+01
0.000000000000000000e+00 9.050156242225684267e+00 2.079571944121983407e+01 3.951347550571973954e+01 4.102420963436657786e+01 4.324798422853842084e+01 2.376560059786832113e+01 3.308259827173969114e+01 4.102113898399230152e+01 2.482945115279938264e+01 3.021220213369724661e+01 1.707166136898819886e+01 2.886050486925153891e+01 4.765030376707721160e+01 4.638280322362894736e+01 2.853235936623968882e+01 1.848536705138847225e+01 5.827991893319020456e+00 5.805808018992850705e+00 8.086154945946665507e+00 2.965622612509934086e+01 4.770218705052198516e+01 4.703885493790630079e+01 3.480695284549577906e+01 1.548731104663164082e+01 1.715237416409108562e+01 3.646115410027844206e+01 4.009094266183340949e+01 1.395156322638058910e+01 1.093752241461456265e+01 1.122984544445395905e+01 1.152350768105178602e+01 1.182045570014611791e+01 3.109262006981782989e+01 3.685610394027759895e+01 4.824573368123724038e+01 4.935204153442082742e+01
0.000000000000000000e+00 1.939169432811096172e+01 2.967224039864254337e+01 2.292423393458489400e+01 3.285615245391539219e+01 3.375650178362228360e+01 2.710990885743542123e+01 1.383000592514951066e+01 3.281304129523261537e+01 2.792768351495358559e+01 1.317911147920876935e+01 2.932420997385282035e+01 3.384722426970623843e+01 4.721973765698945869e+01 4.212544596149894716e+01 3.300889515716963984e+01 2.086443262402212540e+01 5.380337497382568834e+00 2.146824135234292186e+01 6.247773705586301851e+00 1.810982538918680618e+01 3.888512468359019891e+01 3.559693970108283878e+01 2.694666336626403336e+01 1.181858594900113424e+01 2.937690793581093729e+01 2.985977369728398756e+01 3.014422599485566323e+01 1.052540316674475385e+01 2.233557770929271769e+01 2.970396330175746513e+01 2.632672251154403043e+01 3.179552551131282812e+01 1.224441073990402806e+01 1.353424724161283343e+01 3.318366211963463286e+01 2.775725561162669308e+01
0.000000000000000000e+00 1.664951519216460341e+01 2.077543562836497415e+01 1.103937206796700998e+01 1.604951638085456622e+01 2.849065830654848863e+00 6.836053894405312192e+00 1.963145770723453509e+01 2.376365963783181812e+01 9.300558310391144445e+00 1.932882194188319502e+01 2.420778418077354743e+01 3.467846571698015623e+01 4.104684450742222168e+01 2.066054512364199880e+01 2.469717431903467642e+01 4.958539181885787350e+00 2.356450462489787867e+01 2.645424366650229686e+01 6.567755179105241758e+00 2.660209641188171048e+01 3.549405635478306920e+01 2.470342509183053537e+01 9.890007926183226772e+00 9.247851280945205588e+00 9.539261279995782772e+00 9.827523893055504445e+00 1.011534411928156096e+01 2.484312959088043016e+01 3.444356214024799101e+01 4.303506255306536588e+01 4.724347134179192409e+01 4.026668278560857317e+01 3.214731957979257260e+01 1.267882805313950634e+01 1.316050962428821158e+01 3.083595728820849047e+01
0.000000000000000000e+00 2.832395257747249429e-01 5.665074593049774787e-01 8.498606674145127160e-01 1.133384655976384270e+00 1.417060796191793148e+00 9.795207735704456908e+00 1.359654552092933066e+01 5.265313237806195090e+00 1.540377342475822964e+01 1.841336142647980978e+01 2.005732095517915425e+01 2.260503600383369616e+01 2.438954741780682767e+01 2.134250832874370474e+01 4.543481440603700072e+00 2.365646072613227702e+01 2.838218609273080517e+01 1.363023643933152229e+01 6.889231897195626786e+00 2.157985023583359663e+01 2.206293434801943576e+01 2.167431794898314479e+01 8.831055617729855811e+00 2.928192083790105471e+01 2.961780601790882272e+01 2.686625144860764181e+01 1.212776321244080791e+01 1.640488144827847705e+01 2.687505020027685276e+01 3.905999128618896066e+01 5.593797097115225370e+01 4.921976125792954804e+01 2.829277524882887107e+01 1.309613346639009279e+01 2.602492722494777055e+01 1.382897244307631013e+01
0.000000000000000000e+00 8.631799022658912079e+00 1.495573041001325443e+01 1.837768022020750891e+01 7.769803009178651187e+00 2.098544043718584717e+01 1.819121537616460671e+00 2.106757557213129850e+00 2.394476909380451435e+00 2.683642007751890102e+00 2.972865273458660251e+00 3.262146673941261010e+00 3.551637036941273973e+00 3.841297700773851798e+00 4.131808597072166300e+00 1.497315122278884836e+01 2.567097644539859402e+01 2.871504095501328280e+01 7.917432804092115362e+00 7.209587193840604868e+00 2.717271208810655381e+01 2.789309280779754729e+01 8.402255290133558319e+00 1.114687330096633566e+01 3.230292092578581276e+01 4.719535094033481215e+01 3.990664616961333167e+01 2.698407274410413237e+01 3.438726113056719669e+01 2.475884792684643543e+01 3.520948323159526439e+01 5.284558522876287867e+01 4.604991554642550966e+01 3.014220949994905396e+01 1.351573394605987311e+01 3.351512152497870289e+01 1.963069830340732835e+01
0.000000000000000000e+00 1.999999749252791759e+01 2.738420817026111465e+01 2.058126442366408781e+01 2.305025564962421569e+01 4.512418018624053673e+00 2.343040000744784024e+01 2.710667834083507444e+01 2.704829727834083286e+01 2.455277795856201095e+01 2.580265107702528482e+01 6.317323220098007397e+00 2.033208540877661363e+01 2.032131991673320215e+01 4.379853928822191378e+00 2.447899087644805860e+01 3.449794574080389253e+01 3.671562399764699336e+01 2.802892004310577789e+01 7.786833139583364982e+00 7.650054289558176457e+00 7.963562529578692484e+00 1.997311125710318791e+01 3.113988502323543273e+01 1.827427004765100804e+01 3.962935387184147373e+01 5.476273382463810435e+01 4.999361889087359856e+01 5.123135336344964941e+01 3.356739660584672436e+01 5.004500619184006638e+01 5.997603853164186916e+01 3.913508758177285074e+01 1.409036454798683735e+01 2.000130572812641461e+01 3.355976310471003643e+01 3.156215114777997854e+01
0.000000000000000000e+00 8.924233598219005970e+00 2.853442042281376345e+01 3.557196267241291565e+01 3.320835614859770857e+01 2.488042001879277976e+01 7.293001989154695330e+00 2.766963239909339123e+01 3.858402978410137507e+01 5.052982221733962120e+01 4.176508140429547211e+01 3.155225007797891479e+01 2.435085958838158504e+01 1.149989975345107673e+01 2.456415880548669151e+01 2.136848228186391907e+01 4.392253091113060748e+01 4.450603171633162702e+01 2.499001065472642935e+01 2.859027746744475706e+01 2.736376979787656438e+01 8.253766315697495415e+00 2.805319190801781204e+01 4.116526174260712168e+01 3.962269658567109332e+01 2.714267158712040384e+01 3.459911163873694306e+01 5.413068292811941262e+01 6.311388250640028730e+01 5.491766980935114617e+01 6.213287751522901203e+01 5.516307606658956786e+01 3.561196322799358427e+01 1.448923915340594704e+01 3.031086882977574248e+01 2.963632347551349255e+01 4.477468718638794343e+01
0.000000000000000000e+00 1.999999990365307667e+01 2.459805402592681745e+01 4.283640521584400318e+01 4.167090572741353327e+01 2.187022370224539713e+01 2.766963239778866779e+01 1.024142578632591949e+01 2.714102622591329705e+01 4.148578719035667461e+01 5.523673354477017483e+01 5.010040143130622425e+01 3.554175935123571151e+01 1.626093066106402318e+01 3.537402288403334438e+01 4.501219134535449484e+01 5.541614248291472222e+01 5.230382775084774494e+01 3.405405565865947182e+01 2.311754695790678937e+01 1.032987423953824724e+01 2.820009857679314536e+01 2.808035415259848122e+01 4.749650843957833501e+01 5.547628234286200666e+01 3.916527651748004502e+01 5.475356526680160840e+01 4.889207465874400071e+01 6.893575565775314828e+01 6.780255194702623101e+01 5.535622490788448147e+01 4.306321276468514014e+01 2.921851721855859907e+01 1.488807068395927047e+01 3.390454903956348431e+01 4.166911026112129690e+01 4.989743896649743249e+01
0.000000000000000000e+00 1.456322927498464814e+01 3.606817861073164266e+01 4.806419837708798326e+01 4.966523527214508249e+01 4.166934848977832928e+01 2.692090643056114985e+01 3.051961404520921661e+01 1.336218166063742352e+01 2.773484051125695515e+01 4.450980925735973415e+01 5.819864237636604543e+01 4.380587149103417488e+01 3.554341812643750842e+01 2.417184456733944486e+01 3.511573701548009296e+01 5.503268163841603666e+01 6.168804197970157333e+01 4.394740695439219991e+01 1.537886733308691589e+01 1.185850062889300993e+01 3.172119264597445820e+01 2.674940298366055558e+01 3.666670740941856366e+01 5.036031392696250464e+01 5.935876943471542688e+01 6.820539121025089457e+01 6.893575574980299336e+01 7.716499801590859420e+01 5.868803806348360297e+01 3.617704888841504385e+01 2.518207738667132034e+01 1.807042226477393143e+01 1.529104069389716436e+01 2.930445379259678518e+01 2.689678091913684099e+01 4.159175287452097081e+01
0.000000000000000000e+00 1.411880357747652326e+01 3.386834668253514735e+01 5.019936662661508109e+01 6.229113286162441909e+01 5.450993649362483495e+01 4.652381228925619183e+01 2.773482230690295935e+01 3.345546434234389466e+01 1.664156255951458263e+01 3.082097437361922587e+01 3.972842329937380867e+01 5.898870536965513622e+01 5.062661333728816970e+01 3.090667159830934096e+01 5.062661337915412219e+01 6.368393451385087189e+01 6.004876438167937636e+01 4.845083313537895009e+01 3.521858040532669065e+01 1.625422402652013787e+01 1.414957587952363838e+01 2.824499880788761175e+01 4.789114415118523738e+01 6.305121879773426485e+01 7.512917903799615260e+01 7.529068038862322965e+01 7.535200617328730743e+01 8.329075633446696258e+01 6.745345394966476249e+01 5.603468658800674973e+01 4.563611670423282618e+01 3.611533686541145727e+01 3.454893990625866707e+01 1.586814759758249416e+01 3.643901340052644144e+01 4.388020068113097949e+01
0.000000000000000000e+00 1.999978882275757641e+01 2.397492391254336752e+01 3.235931945249857478e+01 4.750418721653586829e+01 5.910410433924351992e+01 5.522607510409962117e+01 4.163392785811127084e+01 4.450980597280145190e+01 2.570916543890101735e+01 2.005445110907460204e+01 3.406992664523150438e+01 5.338924270087186841e+01 5.959377678424802127e+01 4.200026332721289180e+01 5.959377601958922099e+01 6.547837117059125944e+01 4.635806630911095993e+01 3.242133430055273635e+01 2.258476670891048244e+01 3.567571182093524840e+01 1.582613188388244829e+01 2.991845042517046238e+01 4.955727932948495607e+01 5.527700259114706682e+01 6.333360700317495429e+01 5.560981643828790055e+01 5.561255340107819478e+01 7.535182641447877927e+01 7.570733237399090854e+01 6.386650745801161122e+01 5.409735061420697377e+01 4.613414494768803564e+01 3.582633797944258447e+01 1.627806670384402210e+01 3.658746093878034600e+01 4.646223166550544903e+01
