MOVIE_S1_data/elevation_000320.asc
nrows	100
cellsize	150.0
xllcorner	0
ncols	100
yllcorner	0
NODATA_value	-9999
[rows 68 to 84 of 100, columns 0 to 36 of 100]
0.000000000000000000e+00 1.309528197041528585e+01 1.252779399027722640e+01 1.203466787078158262e+01 1.236422202200691878e+00 1.618387804392342488e+01 8.171694895928482083e+00 9.119721142068000219e+00 2.544504123149855346e+01 3.727128776390613041e+01 3.140659235354427636e+01 2.543345948179160132e+01 7.774748113263002303e+00 1.436661868595651903e+01 2.172954944527320720e+01 3.413745864993723700e+01 5.501786878404018211e+01 5.667899882971590131e+01 3.693715549587945191e+01 5.667899882971629211e+01 4.613016431038818865e+01 5.485082582248177374e+01 7.259167969606734516e+01 8.848040379071774453e+01 8.153294354294854429e+01 7.507678864188341095e+01 6.747262011779969271e+01 6.097365457376304931e+01 4.865417218457025683e+01 2.895693377466758989e+01 4.344990217939631805e+01 4.294670112038184584e+01 2.467021884862122150e+01 3.800774837064489020e+01 4.815967469053674677e+01 5.431738927572398978e+01 4.727891299107116652e+01
0.000000000000000000e+00 8.979747211876691892e-01 5.316300829561920738e-01 7.518895914000759406e-01 9.723229452535359085e-01 3.970741535810868861e+00 5.247247919519380410e+00 1.149847775570854935e+01 1.418878692483476733e+01 2.466754106314482797e+01 2.531312937052286216e+00 4.588701368502280609e+00 2.543345707539645062e+01 3.502771128036212644e+01 4.283872850421048639e+01 5.134193213226846098e+01 5.260461257731778772e+01 4.825080141844695447e+01 2.783406486078389719e+01 4.617741471392641728e+01 3.406038346249110305e+01 4.267611691395558182e+01 5.575471332452960382e+01 7.796562643158350170e+01 7.290871125505472605e+01 7.060607388136135398e+01 7.456503350268775421e+01 6.306252580668412833e+01 4.710338292366303392e+01 2.354892032193102835e+01 2.391715013032352388e+01 2.423145208007546003e+01 3.753612314041064479e+01 5.136405113559840174e+01 6.473774867307223246e+01 4.755151419586900374e+01 2.523809155705895435e+01
0.000000000000000000e+00 2.201927530252721088e-01 2.256214596453268939e+01 7.114346970544394466e+00 1.487085472642490203e+01 1.284365738120056610e+00 1.505079830448625033e+00 1.726075098942931652e+00 1.947175210999686268e+00 2.168310910099557454e+00 2.390791336577364312e+00 1.387992054017732357e+01 2.641277584511673737e+01 3.748008840848729051e+01 4.623053520498375235e+01 5.260602756207875785e+01 3.239663049740590139e+01 3.610042549706189163e+01 2.134271724442668727e+01 2.574304170093144606e+01 3.751601492791412795e+01 5.800910685395240307e+01 7.259167969590055236e+01 7.290871125505445605e+01 5.529927075248764368e+01 5.327383234735552975e+01 5.706518100144506178e+01 4.141083730820891162e+01 3.849385994919320808e+01 2.346631989785738526e+01 3.932169327935628189e+01 2.582170474792795645e+01 4.605396893446553008e+01 6.375494084599784372e+01 6.706822733391368274e+01 4.754183579438825547e+01 4.346650177953601002e+01
0.000000000000000000e+00 2.924532680852748312e-01 2.987839458042237695e+01 2.349816473999231192e+01 2.222577221231583167e+01 3.736098434474041596e+01 2.653004218617282106e+01 9.547711599243637437e+00 1.247502841316598143e+01 1.344818390524116936e+01 1.404613171331487820e+01 2.705459539252831114e+00 1.562116346629595753e+01 1.689552252982787905e+01 3.566617581951366844e+01 3.969257636413608026e+01 3.140023640900644608e+01 1.659871454418419034e+01 3.610042549706189163e+01 4.617741471392641728e+01 5.460764452031635585e+01 6.639912471360457857e+01 8.427776069039370554e+01 7.636317267588741231e+01 5.933256320717807597e+01 4.054565542238496079e+01 4.478322968451440289e+01 2.956752797457648185e+01 2.299967982067958161e+01 4.011705116777766023e+01 3.724266917639872787e+01 4.594819847221097575e+01 5.626650749619110314e+01 6.815728633049262442e+01 6.598719704260277297e+01 5.782215667221331046e+01 4.583243126716486415e+01
0.000000000000000000e+00 1.532503949891679440e+01 3.332737593983402036e+01 4.645086508421700700e+01 3.889236090271711532e+01 4.323223632886865886e+01 2.304442170872083295e+01 2.736605634060694570e+01 2.588373921144086864e+01 2.089923416510697507e+01 2.133390859753988167e+01 2.077142575134535463e+01 3.020105105677961976e+00 3.211783818394536638e+00 2.428589841504545177e+01 2.743606006593209656e+01 1.250982197716066580e+01 1.870312198744329990e+01 2.582933103096835126e+01 3.475119695806321829e+01 4.911553225104786691e+01 6.922778740289618327e+01 7.636317263936248878e+01 5.779898479579600945e+01 6.323630946704602707e+01 4.974602436603122158e+01 2.951161367356147380e+01 2.250966643661882216e+01 3.147419366540696473e+01 4.207027779263984968e+01 5.011774691350863264e+01 6.099695085232257696e+01 6.815737803321310651e+01 4.861013943627420986e+01 5.219385437926391802e+01 3.833136883450750787e+01 4.207727689939203231e+01
0.000000000000000000e+00 1.154700538400266652e+01 2.568914112406653771e+01 4.568919986508080200e+01 5.968601752785606607e+01 5.153045708018191107e+01 4.323290298006367038e+01 3.813249121150627019e+01 4.499819919906701493e+00 4.408562689494888609e+00 4.186156116899928392e+00 2.380396627885757255e+01 2.190010778414652393e+01 3.334617810651129499e+00 6.127075787334754331e+00 8.848711088569615413e+00 2.743606006593254776e+01 3.275627759623477431e+01 4.118342735018477896e+01 5.428685140185187663e+01 5.500542302229346348e+01 7.507616264524246219e+01 7.624255230427674235e+01 5.779176082017998795e+01 4.395961842949392917e+01 3.651256825347436319e+01 2.897272411873496978e+01 2.214580036556212050e+01 2.662923697890251518e+01 3.573796692809790443e+01 5.021445220081380256e+01 6.985888643260908282e+01 6.578401337581229313e+01 4.635552214391493919e+01 3.254464904122787061e+01 3.700486283247579422e+01 2.228310563539389832e+01
0.000000000000000000e+00 1.999999999999964473e+01 3.299122571097402812e+01 4.127571623272585555e+01 5.127599661819890287e+01 5.213275653093937478e+01 4.108140921200044460e+01 2.758767087279624164e+01 4.720928016740741917e+00 1.522063250546204038e+01 1.126226286672880761e+01 3.869571438946545427e+00 3.647301169885961425e+00 3.660800412049006081e+00 6.647536862942665437e+00 9.510724965270190623e+00 1.210759902501742147e+01 1.450853153983266175e+01 3.275354149013734428e+01 4.307896957104322411e+01 4.965227383552191043e+01 5.869289574151573419e+01 6.992814047406415057e+01 7.103839105466435910e+01 6.323630961757019975e+01 5.714511464536651886e+01 4.928470892205982068e+01 3.569756414024258362e+01 2.162436700773130127e+01 2.609074081550391710e+01 5.297006319215180525e+01 6.197700249566723585e+01 5.232262172562665370e+01 4.426148535013604146e+01 3.658871033239753956e+01 2.173770750581115507e+01 4.154623928878189787e+01
0.000000000000000000e+00 6.324555320336785691e+00 1.299122198700351127e+01 2.299122198701418895e+01 4.299123686564409041e+01 4.352033913523229103e+01 2.087451243120534983e+01 5.585728830860532845e+00 4.946346198110241232e+00 2.174486584111946641e+01 2.017777304705793284e+01 3.939990501066299888e+00 1.225973003094859060e+01 1.126662997256438103e+01 9.985372490212217400e+00 1.996396071327425048e+01 2.847082790971549571e+01 3.275631509941533182e+01 1.824735748577959882e+01 2.302867282498010582e+01 2.869464705226862478e+01 4.005680874131661540e+01 6.097303960460217098e+01 7.836126763829813058e+01 6.977282990396952300e+01 6.547921160044425903e+01 4.175398332935137802e+01 2.554519274098608861e+01 2.126421274291449492e+01 3.221727858801668276e+01 5.023031239207355014e+01 5.385028817252607780e+01 3.467277543779072602e+01 2.622989471959759911e+01 2.120558773798883223e+01 4.098976415953502084e+01 4.148740583152688544e+01
0.000000000000000000e+00 1.999999999999964473e+01 3.299122571191118425e+01 4.127571475954776758e+01 5.127608082136536893e+01 5.213293482780654386e+01 4.108021357829466069e+01 2.546853051667772405e+01 5.191762152275566145e+00 2.382181021578416846e+01 2.622468355184337696e+01 1.346528453067458209e+01 2.287034037642060014e+01 1.761526098640081983e+01 1.872848258753642270e+01 1.531057762918472953e+01 3.356313867082913305e+01 4.208764336206940726e+01 2.204587508468070212e+01 4.206393510502152822e+01 4.791204076912134724e+01 4.508784710562463260e+01 6.865779213108525880e+01 6.954101187669758133e+01 4.831767871953477567e+01 5.467406393264110420e+01 4.980960873895820384e+01 2.078530212328568538e+01 2.632026436365389799e+01 3.435460201178808148e+01 5.015876472737944880e+01 6.197565987931250930e+01 5.231032216991611961e+01 4.067882268171150884e+01 2.083900352771868469e+01 2.983394064870754292e+01 4.969367526410379554e+01
0.000000000000000000e+00 1.999999999999964473e+01 3.435580153615583754e+01 3.435579846936171577e+01 5.406769602667893793e+01 4.899157020276683738e+01 4.128489095053929958e+01 2.570626038938239688e+01 5.465462373980632727e+00 2.567729290401541320e+01 3.029460521190149791e+01 2.729760970861525848e+01 2.450224008931874309e+01 2.375683196312695955e+01 2.979615093396101599e+01 1.911416635062385438e+01 3.615075873354789593e+01 4.805696509414132578e+01 2.722980173987143360e+01 3.601720161934948550e+01 5.112535698796326500e+01 6.969144958131492729e+01 8.000918243992732926e+01 6.997743665316468764e+01 4.833519917341693883e+01 3.498093627617787860e+01 4.523032924352768447e+01 3.594915293268958578e+01 2.035725129483425277e+01 3.129796201212666773e+01 4.914920581734882177e+01 5.163030609113346259e+01 4.351213502569495262e+01 3.973757437185345509e+01 2.047712729908262475e+01 4.026120614874744774e+01 5.232040062788593104e+01
0.000000000000000000e+00 7.068802022763199133e+00 1.461019676991721639e+01 3.341100093417779249e+01 4.502499787520157781e+01 3.581502563175666154e+01 2.239445558949519821e+01 2.304609947962051208e+01 5.747950406599067641e+00 6.053171385962532014e+00 1.136029549672744743e+01 3.163596627007415307e+01 3.834818854262096721e+01 3.832031168371436536e+01 4.147648752484169421e+01 2.366332730902934856e+01 4.256861426133924908e+01 5.530715449615226476e+01 3.395091277453128242e+01 4.880048812968861682e+01 6.665044754040251007e+01 8.295094547324369216e+01 8.361979371065474709e+01 7.545649606303852863e+01 6.355106579597988059e+01 4.541705869782762761e+01 2.729250308339954501e+01 3.240048182400154531e+01 2.008346814963543991e+01 4.004168362909564394e+01 5.530516431968710123e+01 4.351402335044900127e+01 2.600501099826698237e+01 1.996944067886675356e+01 3.116463871343696113e+01 2.494677659265195047e+01 4.452608634381601860e+01
0.000000000000000000e+00 1.999999999999964473e+01 3.435580153615583754e+01 4.253667446166031141e+01 3.611019493022038773e+01 1.778111435383938499e+01 2.361222813420250688e+01 6.110224238904350180e+00 2.344767572101666886e+01 2.604313574337237114e+01 2.588207444132993729e+01 2.120130508461231145e+01 3.291499487803551460e+01 5.162475728859127599e+01 5.112255381345654826e+01 3.043357931737613953e+01 5.162080658342579653e+01 6.444654852882115392e+01 4.373412019806567486e+01 6.444125110510648824e+01 8.061382035123334333e+01 8.046615316059377676e+01 7.545649545517497359e+01 5.545981797193613261e+01 6.131670771494231786e+01 5.408500937971187028e+01 4.111869471470487269e+01 2.137891684320327101e+01 1.981715573652783391e+01 4.350001001452407934e+01 5.573022636049663703e+01 5.138859179862986792e+01 3.936454183087922587e+01 1.960016901222024899e+01 2.908907556995358590e+01 4.418896640704691237e+01 2.960785197773736499e+01
0.000000000000000000e+00 1.414213562373107536e+01 3.414213562373178235e+01 4.490014713247662570e+01 2.190225197117383615e+01 6.688164415028912124e+00 6.440224090364838005e+00 2.610801378654576510e+01 2.142527473522951098e+01 4.268361743280626541e+01 4.583610304975470484e+01 3.140524980803176547e+01 4.916896803146770623e+01 5.976408387050013005e+01 6.162278755923625084e+01 4.804746555096323846e+01 6.285446015550826360e+01 7.500004688728186864e+01 6.273836210533162472e+01 7.564203084526437237e+01 8.071282772020431651e+01 6.195440586406112260e+01 6.574882472889241569e+01 5.984973439743350809e+01 4.108589639980672814e+01 4.963565708247931241e+01 4.276973363531418926e+01 2.094488798806778362e+01 1.955246513440478040e+01 3.820269310839535848e+01 3.813729652953465887e+01 4.638779754300449554e+01 3.848281197120468988e+01 1.923056604147813076e+01 3.899921272251457793e+01 5.560123906739626420e+01 4.901026576425529413e+01
0.000000000000000000e+00 1.414213562373107536e+01 3.414213562373178235e+01 4.264342257746542941e+01 2.128963170557584661e+01 6.753985506010849349e+00 2.394992291064439627e+01 2.927524508260255942e+01 4.194482949949496486e+01 5.130094148068307192e+01 5.898366600288675698e+01 5.098778500551686221e+01 5.898354075710230404e+01 5.769250873550219438e+01 6.603798154540777432e+01 7.286628836768848316e+01 6.886325503021070915e+01 7.123312178531419647e+01 8.556893087934480491e+01 8.937568570503160004e+01 6.981527796357811155e+01 5.592632005760646052e+01 4.602478917516146595e+01 3.977434294929830827e+01 3.382727498115406206e+01 2.892061663859798060e+01 2.510513234081575717e+01 3.061706596468219743e+01 3.526424559721717600e+01 1.917753990689424626e+01 3.817935532417184419e+01 3.746081618292883775e+01 1.915251194118901878e+01 1.890026009703749565e+01 3.790053438074648540e+01 5.718075376632615558e+01 6.253708471287758641e+01
0.000000000000000000e+00 1.414213562373082489e+01 3.414213562145168623e+01 3.999390577262364133e+01 2.681568926121114416e+01 6.970836074354727074e+00 2.059422063175789930e+01 3.689327346599027635e+01 4.792414045990841487e+01 5.341839178523868270e+01 6.157905061528710888e+01 5.955782173463529006e+01 5.135292625588036941e+01 3.783844015380191195e+01 5.448844882442176640e+01 6.859500193614263708e+01 5.115947147391900529e+01 6.860366052990107733e+01 8.171251517554027544e+01 7.906853145484161871e+01 8.354749262115184649e+01 7.381125390516508844e+01 6.574882482946607354e+01 5.065600353094891517e+01 4.867140356044901495e+01 4.963528747545783659e+01 3.709548816195619025e+01 4.556636094438170659e+01 3.125210341205042752e+01 3.778552309910549667e+01 1.879757807568117656e+01 1.852257452508209568e+01 1.847142310751905470e+01 2.950982459575351413e+01 4.293438810482090418e+01 5.470362750984607203e+01 7.226767519343860613e+01
0.000000000000000000e+00 1.414213562373107536e+01 3.414213562373178235e+01 3.112887627269444124e+01 7.246221512965837164e+00 7.182578628262107578e+00 2.523932413349591997e+01 2.553543996943055916e+01 3.834819912600765690e+01 3.331998927082775452e+01 5.341838956106749237e+01 5.135855022380967227e+01 3.146038571237817649e+01 2.625972805846258140e+01 4.552326186453617396e+01 6.096238905385752815e+01 4.174751486713870463e+01 5.430843690585901840e+01 6.188435515042376522e+01 5.827512576231021058e+01 6.866991603218103535e+01 7.699909698015800075e+01 7.876100405109590952e+01 7.061691528902530024e+01 6.932446175757564788e+01 6.449667288126923381e+01 5.680886048299855418e+01 4.926781339345998845e+01 4.428429521926037182e+01 4.464548885524931876e+01 2.187141626606576494e+01 2.862280882295501883e+01 1.812367961271003480e+01 1.816976839265590016e+01 2.223330012521324051e+01 4.614228088707292841e+01 5.685887086691734993e+01
0.000000000000000000e+00 1.999999999999964473e+01 3.619752170332437657e+01 3.899075385059492049e+01 2.795471880245600360e+01 2.082915615312478153e+01 7.472527622493725374e+00 2.309549246663224764e+01 1.870704637947583393e+01 3.879961463054386428e+01 4.511876453684168098e+01 3.662166686905559487e+01 2.935558837183258873e+01 1.709018062335807997e+01 3.729011679805265089e+01 5.416775137082997560e+01 3.491583396398271333e+01 4.631380213562218273e+01 4.067362097064479798e+01 4.313981491609843744e+01 4.779660112221196755e+01 6.866991781615377022e+01 8.047179109672219965e+01 7.153292986734044234e+01 6.430321102242285747e+01 5.766675998354008215e+01 6.439449345079327713e+01 6.611890711333664683e+01 6.204209156289548588e+01 4.988347878044246642e+01 3.657688604420025058e+01 2.732331009736691030e+01 1.787293718623235605e+01 4.171714726940465567e+01 4.608403537362654845e+01 2.980285393190034782e+01 3.549439608712272332e+01
