MOVIE_S1_data/elevation_000012.asc
nrows	100
cellsize	150.0
xllcorner	0
ncols	100
yllcorner	0
NODATA_value	-9999
[rows 17 to 33 of 100, columns 0 to 36 of 100]
0.000000000000000000e+00 5.547001962252267049e+00 1.132050465414847551e+01 1.798717132081502612e+01 2.798717132051425693e+01 4.212930605291437303e+01 6.212905537353486807e+01 5.910998181513919292e+01 6.258756842871888892e+01 6.477536095239906899e+01 7.305976483842421487e+01 6.928156518944666686e+01 7.728442221948715485e+01 6.397708856520811338e+01 4.985697745090605792e+01 5.415754248977052043e+01 4.003752544813836778e+01 2.938007110359071916e+01 4.936339883771523063e+01 5.702528987834112684e+01 6.109832015733076105e+01 6.544983543204574516e+01 7.014706353117067295e+01 7.529072191194624963e+01 8.104353456165443959e+01 8.769623546034472383e+01 9.599866375960500875e+01 1.060118958332049743e+02 9.251033955131983078e+01 7.276293993504833679e+01 6.143649659691212150e+01 7.307783248019073596e+01 8.128241038544020114e+01 6.818299327702037260e+01 4.878631089361402928e+01 5.514964507184287612e+01 3.568649389209890899e+01
0.000000000000000000e+00 1.999999999999964473e+01 3.132050050452408385e+01 3.798716215520470030e+01 4.627092499252778168e+01 4.611369179011530406e+01 4.616768886945491346e+01 5.445187180414202999e+01 4.258871545279845350e+01 4.477635855565578993e+01 5.511297477118237964e+01 4.982215980896165775e+01 6.928156518944666686e+01 7.644650095171878945e+01 6.981396205911066488e+01 6.827755953140267309e+01 5.763532254642387898e+01 4.351805413592115457e+01 3.300520369487670536e+01 5.298028164641019799e+01 6.088085468202110917e+01 6.523245294794237736e+01 6.992971526498361357e+01 7.507326871110683442e+01 8.082571410876968798e+01 8.837036147551333443e+01 9.667187192106750615e+01 1.082365361226929821e+02 9.508297205466908508e+01 7.532102816141855328e+01 7.532102816141855328e+01 8.933647629883181196e+01 8.204833364928151695e+01 6.243978124791048856e+01 6.428202503517958633e+01 4.490932163320979953e+01 5.365815672624822952e+01
0.000000000000000000e+00 1.999999999999964473e+01 2.463731020938692140e+01 2.701136414332564328e+01 2.945505920587424242e+01 2.611870978974594237e+01 2.617433322644728122e+01 3.739844793966671688e+01 2.845691241928656368e+01 4.353117913343658785e+01 3.543060935835827507e+01 5.195956084639360739e+01 5.695919564037410510e+01 5.644649127035514624e+01 6.986364322250570069e+01 7.814806326473620857e+01 7.175259095692672417e+01 6.125168817438115099e+01 5.298028165610741524e+01 3.675459457087634263e+01 4.092672628601722806e+01 4.529092450641130085e+01 5.000091904063069137e+01 5.515237187394195217e+01 6.089865871573176292e+01 6.840910081342865112e+01 7.990900974403221824e+01 9.992878289104928058e+01 1.033519244495232954e+02 9.508297205466908508e+01 9.508297205466037383e+01 1.018520232672347134e+02 8.204833364928151695e+01 7.555240899607223071e+01 5.603153135472791035e+01 6.428202503517097455e+01 6.176748295279510614e+01
0.000000000000000000e+00 2.323067834683712363e+00 4.657843171826215212e+00 7.037486874250742375e+00 9.484609215680984917e+00 1.200710253192926302e+01 1.465942980951268559e+01 1.743671980406705302e+01 2.032744241715093736e+01 2.358103358143391404e+01 2.771845439576782866e+01 3.196634191167369465e+01 3.696065646445178032e+01 4.230459045148983677e+01 4.986365571021071474e+01 6.141063829349333503e+01 8.141066269385164844e+01 7.160016058922695947e+01 5.176579179428904354e+01 4.023792837777755693e+01 6.019661791797185657e+01 6.523245294794237736e+01 6.992971526498361357e+01 7.507326871110683442e+01 8.082571410876968798e+01 8.082571410876923323e+01 9.667187192106750615e+01 1.006173023385036629e+02 9.208073356908607821e+01 9.549938410910205278e+01 8.702943457827343821e+01 9.549938410910249331e+01 9.165115710168832663e+01 7.193429792302222836e+01 7.555240899607223071e+01 7.835320607979829788e+01 6.044639996748463062e+01
0.000000000000000000e+00 1.999999999999964473e+01 2.463731020938692140e+01 2.115477829059738113e+01 2.359858584008813054e+01 2.352466160884384294e+01 3.462451960696048303e+01 3.154236851428585453e+01 3.183599875969190407e+01 4.353117913343658785e+01 3.508225476328559012e+01 5.195956084639360739e+01 4.828958238396180036e+01 6.230435848223000050e+01 5.863428618758028676e+01 7.814806326473620857e+01 8.969517841651725121e+01 7.971756362589759703e+01 6.836264090462427134e+01 5.435368484068714423e+01 4.589381845476393096e+01 6.583737972639731595e+01 7.878473065884671200e+01 8.632930627856070771e+01 9.462518334917956508e+01 1.008319774842311318e+02 9.906969963022010006e+01 8.882155273247585114e+01 7.172373468966215171e+01 8.531684198508085615e+01 6.669880576665663341e+01 8.531684198508311567e+01 9.204618606783006385e+01 9.165115710168832663e+01 8.405256979668418182e+01 6.442075845103491361e+01 5.072201706619828343e+01
0.000000000000000000e+00 1.999999999999964473e+01 3.828316695027805139e+01 4.115087234287614137e+01 4.359347297488061201e+01 4.351861528084296538e+01 5.180340837985435343e+01 5.153627431075521770e+01 5.182804916016086594e+01 6.011221697731834723e+01 4.921505976888462897e+01 5.140271856360330816e+01 6.828909237121916931e+01 7.657352247183435168e+01 7.863430751254671236e+01 8.691882138521363288e+01 8.328008787442037431e+01 8.916173117825319139e+01 8.259239441097787449e+01 7.411678387953270430e+01 5.999358068011257217e+01 5.220837877536926896e+01 5.885001802460321585e+01 6.636683757830810748e+01 8.046336483163960906e+01 1.004808126141064832e+02 9.051038347627962821e+01 7.015417186069626609e+01 5.989011886302488819e+01 7.118394234169529966e+01 5.638810096557921270e+01 7.686412014266356607e+01 7.167143578203101129e+01 8.610248389826838888e+01 8.621664181385759207e+01 6.656455835816522892e+01 7.017078286720061442e+01
0.000000000000000000e+00 9.999999999513084603e+00 2.414213392262838553e+01 4.414160574268284876e+01 4.714626721489464956e+01 5.092550902844882188e+01 5.241285877779551328e+01 6.069737982014928690e+01 6.204653485115397871e+01 7.033120371354141298e+01 6.921403657197123493e+01 7.140183309055176153e+01 7.968628754414029913e+01 8.177692740856606690e+01 7.345116082301359484e+01 7.733653149364059232e+01 6.308697995687839466e+01 6.900140433269463358e+01 8.742387070010248351e+01 8.823998707895279381e+01 7.844385763520915589e+01 5.850981893591369243e+01 7.844385763520915589e+01 8.632930627856070771e+01 9.462518334917956508e+01 9.764009233574125801e+01 9.902349146570774963e+01 8.877795163976908555e+01 7.118394234169529966e+01 5.059170789752324282e+01 4.900627912318701362e+01 6.962475414281952624e+01 5.715601901866938306e+01 7.586836288740134648e+01 8.768047860209767919e+01 8.621664181385759207e+01 8.719915915953596652e+01
0.000000000000000000e+00 1.999999999999964473e+01 2.628575506942820894e+01 2.957373639294453938e+01 2.714584147011531101e+01 3.092548481475983024e+01 3.241283737290764577e+01 4.571655643573139116e+01 4.204647753692983514e+01 5.945430669722247785e+01 6.773888814244715206e+01 7.928612661193243127e+01 8.126911387934751474e+01 7.014061018940530801e+01 5.327388773646032405e+01 6.040561195856903964e+01 4.884248432281027164e+01 5.889256687202999530e+01 7.321318891251459604e+01 9.334698683632605309e+01 8.673616040570985319e+01 7.258776812894944896e+01 7.258776446708502306e+01 9.258052887800720043e+01 9.200248906143944794e+01 7.825197851337705401e+01 9.192556880027882471e+01 8.767053771359012160e+01 6.740498140593746257e+01 5.282935623347610488e+01 4.234911810587124137e+01 5.765407141491088794e+01 4.672852186002643293e+01 5.874703737341600629e+01 7.921435016396152662e+01 8.397664625506061498e+01 8.172043020283558690e+01
0.000000000000000000e+00 3.123475237772128210e+00 6.285752897940520612e+00 9.573732644047694862e+00 1.300370434689790144e+01 1.678334907699024114e+01 2.086583198162894348e+01 2.571654448235568680e+01 3.238321114902258557e+01 3.945427896089904607e+01 5.100128442345697977e+01 7.100134986194180442e+01 6.945718982455890966e+01 5.286058387892600763e+01 4.180862457742637872e+01 4.044334402483428903e+01 6.040561195856903964e+01 7.733653149364059232e+01 8.264412130868562656e+01 8.484218936457875770e+01 9.313846954628088781e+01 9.258170834369164481e+01 9.258115957486769787e+01 1.008797040900007573e+02 8.319333537896916653e+01 6.425506074008890778e+01 7.663338261924832295e+01 8.467209004492592328e+01 8.176228472052363827e+01 7.156766620097879184e+01 5.765385517479781896e+01 3.685527001120997426e+01 5.311546893007396619e+01 6.163439252288092973e+01 6.346221235663998783e+01 6.346221235663998783e+01 6.217715816034344556e+01
0.000000000000000000e+00 1.999999999999964473e+01 2.628575506942820894e+01 2.957373639294453938e+01 2.455070973394575873e+01 3.678335628305423199e+01 3.241283737290764577e+01 4.571655643573139116e+01 4.571655643573139116e+01 5.945430669722247785e+01 6.773888814244715206e+01 6.295652582017869037e+01 5.465033531288548119e+01 4.118769288272071805e+01 3.308339204783317911e+01 5.286058387892600052e+01 5.893768162435324598e+01 6.342973749269129513e+01 6.241407529921319508e+01 6.463038302222267362e+01 8.191702432470790995e+01 9.021059455916739012e+01 1.017851205093423488e+02 8.841073103390802146e+01 7.512269283716916846e+01 5.515104263139422613e+01 5.671736256096813378e+01 7.325921805956291166e+01 8.217021942142555702e+01 7.311594669523078949e+01 6.615506143842232234e+01 5.311546893007396619e+01 3.247595430538260075e+01 4.885791968471607305e+01 4.280862359113923077e+01 5.538016143228953325e+01 4.792051210157864460e+01
0.000000000000000000e+00 1.154700538379241515e+01 2.568914100752311569e+01 4.568914100752240159e+01 4.455072355387771665e+01 5.283518203103241717e+01 5.241285877779551328e+01 6.069737982014928690e+01 6.571666958856162921e+01 6.580280265845513554e+01 6.212693314400419808e+01 5.146484298576515215e+01 3.480294195530312606e+01 2.728218570815059962e+01 3.108899883598633451e+01 3.499537188340119087e+01 3.902250838850281411e+01 4.334045653615238791e+01 4.809636633645021675e+01 5.445671622524416478e+01 6.167203305777923106e+01 7.341665096074588348e+01 9.352714542423940713e+01 8.035552545668265623e+01 6.054120336048779905e+01 6.417679317084383683e+01 4.485734087943194481e+01 6.513470687439925655e+01 6.939677026066929955e+01 5.088785715191751535e+01 6.939668570219154731e+01 6.163465485452388037e+01 4.885791968466615032e+01 2.849797468592090155e+01 4.494752459661165744e+01 3.494086633040646461e+01 5.305980832162264704e+01
0.000000000000000000e+00 1.999999999999964473e+01 2.985071250072623883e+01 3.539771446297812929e+01 4.172226978331474356e+01 4.928155924349812267e+01 5.756583048615711107e+01 6.911283586663445533e+01 6.159065040630742516e+01 4.638950320027622354e+01 4.638950320027622354e+01 3.385583772197622210e+01 2.340852826966944988e+01 4.319275318263149188e+01 5.082719874599866472e+01 5.478511645299087007e+01 5.893768162435324598e+01 6.342973749269129513e+01 6.833931859167179823e+01 7.475950323997793134e+01 8.191702432470790995e+01 9.021059455916739012e+01 8.952610744475052229e+01 6.996637026773125001e+01 5.574958168689385474e+01 4.391160592504071758e+01 3.934924428341904701e+01 5.971481645264791638e+01 6.015793610502268507e+01 3.965630549098897006e+01 5.816376609611190673e+01 5.187259973412557912e+01 4.897349708884778607e+01 4.316133206297556058e+01 2.477095083470095105e+01 4.290754051166081240e+01 2.282853589534967398e+01
0.000000000000000000e+00 4.850712500726639398e+00 9.850712500726595877e+00 1.539771446297883806e+01 2.172226978331548608e+01 2.928155924349989903e+01 4.082856462729200331e+01 6.082856462728799585e+01 5.331787545817646645e+01 3.347001014301778099e+01 2.713951244614985825e+01 1.972443340797043376e+01 2.220782727949493207e+01 4.218781866563980998e+01 5.035768084811708434e+01 5.520436762851380763e+01 6.036779951927802301e+01 6.614447381921175406e+01 7.281676106583660157e+01 8.108964209680739543e+01 9.106734958648415557e+01 9.460125351292772677e+01 8.079061533048667343e+01 7.274543396274938800e+01 7.229269344521830476e+01 5.462309466258770385e+01 3.420777676171276482e+01 4.906647317989916246e+01 5.187737322302329801e+01 3.353314898912445585e+01 4.333487102643604061e+01 2.214401908760384785e+01 2.160978037990281209e+01 2.188735292296461665e+01 2.216356913479669188e+01 2.244005191161672386e+01 2.429312778746724888e+01
0.000000000000000000e+00 1.999999999999964473e+01 2.985071250072623883e+01 3.539771446297812929e+01 4.172226978331474356e+01 4.928155924349812267e+01 4.354065474917621970e+01 4.498960345347973799e+01 4.306152335520307872e+01 3.477915276189426663e+01 1.721163353160403631e+01 3.720351686261542312e+01 4.218781866563980998e+01 2.580103911945104755e+01 3.038325470758505631e+01 3.522071414295302105e+01 4.036963159218549180e+01 4.613314188492422829e+01 5.279945444676771871e+01 6.281011024606488746e+01 8.281694987304493338e+01 8.564017981998811990e+01 6.701199250892814518e+01 5.270479015411168433e+01 6.006877468726170122e+01 5.480338180614506882e+01 4.906436937701237611e+01 2.857905350845686954e+01 4.774448568455072461e+01 4.345041713122542859e+01 2.621359660046852724e+01 2.121726036064087495e+01 3.071501145626775298e+01 3.613881601435043223e+01 2.925576623841503121e+01 4.062914615138556940e+01 2.444883448106096324e+01
0.000000000000000000e+00 1.414469739089152966e+01 3.422001933100711568e+01 3.875148797548308011e+01 3.725686977813780487e+01 2.940767993023679239e+01 2.355220747634598055e+01 2.499830578319469510e+01 3.247030379064800343e+01 1.478387527538993496e+01 2.145486267203508035e+01 4.144129780839936927e+01 5.405857472300323252e+01 4.577528541993831368e+01 3.026739034396566197e+01 5.024166824297900291e+01 6.036779951927802301e+01 6.614447381921175406e+01 7.281676106583660157e+01 8.108964209680739543e+01 9.106734958648415557e+01 7.764489190383943651e+01 5.778163226024247479e+01 4.749246246702438157e+01 3.967994793158656819e+01 3.436413037565657191e+01 2.949038706018340861e+01 2.485427535117647224e+01 4.130981877682999936e+01 3.956328885022376340e+01 2.082947859894106557e+01 3.883328608021164285e+01 2.902363545484218932e+01 3.689207177792235370e+01 4.550733746223694709e+01 3.193536479998831012e+01 4.181484199268846425e+01
0.000000000000000000e+00 1.996521655335262579e+01 2.328353788684615822e+01 1.875057285248855976e+01 2.511591418197724934e+01 7.983676988953322784e+00 9.412292947193762416e+00 1.085579652281939467e+01 1.247308049059307677e+01 3.247030379064941741e+01 3.477915272362896104e+01 3.213693566483564723e+01 5.212578970250853416e+01 5.852673642872201043e+01 5.024166824297900291e+01 3.496863472255293459e+01 5.495172636334921634e+01 6.550114254351751697e+01 7.153688584686719310e+01 7.970897272494420349e+01 8.799105251800911276e+01 8.564936998628012077e+01 7.579180634343613576e+01 6.771273310153691227e+01 6.007006971795580341e+01 5.480510434687077748e+01 4.955966281821956443e+01 4.092741328015090829e+01 2.125113242409790359e+01 2.044798027614744029e+01 4.047295131702220772e+01 4.790769527449663201e+01 4.273351261938589118e+01 4.514349131264433623e+01 5.339489580527538237e+01 3.768428467365710333e+01 5.520853249497303494e+01
0.000000000000000000e+00 1.999999999999964473e+01 3.250572990634841286e+00 4.608261457239108516e+00 5.978638876894176946e+00 1.244542600181032377e+01 2.908575512296091858e+01 3.085362798349007463e+01 1.564746926562292728e+01 3.567175236085794410e+01 5.477207609174953973e+01 5.212578970250853416e+01 4.626692278194533259e+01 6.627034568227131217e+01 6.323831013556047509e+01 5.495172636334921634e+01 3.995366260679203663e+01 4.549008103199555819e+01 5.151856675002964181e+01 5.969148924842518511e+01 7.384880657246770852e+01 9.385642341839002256e+01 8.183456029852912650e+01 7.350388851274068713e+01 7.131384764431957990e+01 5.873175287294185409e+01 4.245092437819027253e+01 3.827579990938392029e+01 3.610189646148498355e+01 2.018010091504499925e+01 4.190663256494791256e+01 5.823573791032149671e+01 6.174841730707526466e+01 6.393321817390866357e+01 5.517971637885515435e+01 5.564721665458152700e+01 4.606747334094065849e+01
