MOVIE_S1_data/elevation_000555.asc
nrows	100
cellsize	150.0
xllcorner	0
ncols	100
yllcorner	0
NODATA_value	-9999
[rows 17 to 33 of 100, columns 37 to 73 of 100]
9.734917865323042463e+01 7.734648474192222523e+01 7.705529843991649841e+01 5.679864980798707563e+01 6.841969305596656170e+01 5.189608251979969111e+01 5.754120348467807133e+01 7.780517648369925610e+01 9.392098005037355790e+01 1.021649963655693938e+02 1.136728907424134434e+02 1.122665011040521819e+02 1.014006221595167290e+02 8.148247521432159601e+01 9.388079988894229189e+01 1.136610738163351328e+02 1.070846503085805352e+02 1.151589583640803198e+02 1.080621962737137238e+02 1.094105768570220647e+02 9.627244532403200594e+01 7.513512702140975819e+01 9.627251636573426197e+01 9.544911421091808279e+01 7.523600452975725261e+01 6.326118981271367403e+01 8.380009757766846690e+01 9.344851518593370088e+01 1.062082576788045998e+02 1.106597050222456602e+02 1.161208890510862091e+02 1.178532778490021968e+02 9.771586323894999282e+01 1.036139754910626181e+02 8.904957069217452670e+01 9.974253214049534222e+01 9.231897331006764773e+01
1.055259605111798749e+02 9.734917865323042463e+01 8.378808202049292220e+01 6.359006693181284930e+01 8.049569691250829351e+01 7.218496158426937370e+01 5.633361859055377607e+01 7.660485102860901918e+01 8.876553807766613602e+01 9.699993161986760981e+01 1.059204589743399367e+02 1.173801794200980311e+02 1.095183124261371859e+02 9.304866407872653156e+01 1.095156191545779478e+02 1.033787382310474783e+02 8.636267660754926112e+01 9.815334938462935099e+01 8.712806804756850454e+01 9.489326607268544933e+01 8.187110961631532291e+01 6.872599619998261744e+01 8.800706281611800819e+01 8.932556964228696472e+01 8.102917158009205423e+01 6.215533576168026997e+01 7.672168316078624173e+01 9.695049275303910008e+01 1.058583992827277882e+02 9.324436234913775934e+01 9.818577225304750300e+01 1.011853145659890458e+02 1.036138288860877310e+02 8.351014896562763568e+01 9.286842183739578616e+01 7.970123189116108620e+01 9.974253213493028625e+01
1.041708864347141628e+02 1.001368343558094125e+02 8.011378377947926310e+01 7.530701439413961396e+01 9.205461120633535188e+01 8.374441503306645984e+01 6.355067854399732141e+01 6.143951067823356738e+01 6.864744225557576840e+01 7.771127425917489973e+01 8.930971173305097466e+01 1.091817547522998382e+02 1.207170669795111024e+02 1.127374428140547877e+02 1.096012961781032971e+02 8.898072956930801070e+01 7.468269119849838944e+01 7.813818084482403492e+01 7.292128475244493302e+01 7.285242562888635121e+01 7.328691851925994172e+01 6.302572005345323447e+01 7.803214637838001977e+01 7.942257290466038455e+01 6.060109980696942955e+01 8.102323699545399904e+01 9.094002348209048137e+01 9.274901498375750464e+01 8.829830247056942483e+01 8.184679690715570644e+01 9.486627604180617368e+01 7.963954086427789036e+01 8.768199988960994062e+01 8.855479264729760303e+01 7.277659515630736564e+01 9.280479243180714377e+01 1.009546905408818418e+02
9.273130752428598100e+01 9.796803086976586883e+01 1.001368343558094125e+02 9.537343584930533780e+01 1.036087438903228133e+02 9.200693973861724828e+01 7.264483589033474686e+01 8.165271708787959426e+01 6.759027878368172537e+01 7.587587953772252547e+01 8.594193432568401647e+01 1.000246828487736224e+02 1.197602944559683635e+02 1.078096050716148255e+02 9.951629233696195342e+01 9.818850784863764147e+01 7.814147023258171032e+01 6.391868179143899908e+01 7.380714711512385406e+01 5.664006305177194633e+01 5.723678113019445135e+01 5.783582140405854943e+01 5.844054108742255949e+01 5.905210043868776637e+01 7.942637891507571624e+01 8.075544519778702579e+01 8.343361718377806824e+01 7.539644616193253057e+01 7.073441557979364802e+01 8.442155643282384858e+01 8.553581013166846958e+01 6.590399657440998737e+01 6.677574459004620167e+01 6.767126059911969094e+01 6.859116579756353360e+01 8.904569153264527870e+01 9.156913076044283173e+01
7.813435823413536241e+01 7.813435823413536241e+01 9.781482655874496857e+01 1.023381879221104498e+02 1.105807894629122217e+02 1.009614344387912439e+02 8.429158485075994633e+01 9.286868771910864950e+01 7.284277191117908501e+01 9.286868771910864950e+01 1.040670486067287470e+02 1.139800027713967268e+02 1.064671539996988656e+02 9.627565314874138380e+01 7.957170494870064203e+01 9.610441324267954144e+01 8.316018226028322147e+01 7.489435123667402650e+01 5.580091830269752506e+01 7.566009894363632782e+01 7.688924851959347961e+01 6.947842665784865801e+01 6.261881679427730063e+01 7.622994213760910043e+01 6.009630142904089212e+01 6.083491321910486960e+01 6.157287105440598651e+01 6.235184953424099774e+01 6.313078580228476255e+01 6.391417752686393783e+01 6.470266457915435865e+01 6.736936332589407073e+01 8.767930967479158255e+01 8.857385032567475491e+01 8.948969520666013011e+01 6.996384612115130608e+01 7.094800878641055419e+01
5.819471255029976220e+01 6.974774757082272458e+01 8.959068145186635945e+01 8.257302100797025446e+01 9.914666587147898724e+01 1.124619294723218133e+02 1.042432794206768136e+02 9.916927674191704511e+01 7.924506413310433572e+01 9.264793040087845100e+01 1.115201428379189537e+02 1.127936500099607997e+02 9.223125254393902139e+01 7.802566272995365182e+01 6.795994528255121736e+01 7.901786094497919066e+01 7.403215937518341150e+01 5.497285473907656694e+01 7.491572845349529075e+01 6.991156500669640650e+01 8.601384742787742255e+01 6.803984032309192287e+01 8.017362671420312381e+01 8.540737629394907060e+01 8.041040083785802040e+01 7.589446195337237100e+01 6.384126346869992830e+01 8.263507004452551996e+01 8.540963290103334771e+01 8.470708484659428450e+01 7.843586906442780560e+01 8.816778802115157987e+01 7.137506373663464387e+01 9.205290156511098587e+01 9.940628807556767299e+01 9.101054995543354664e+01 7.979072038239199571e+01
6.747616929661236895e+01 7.571926533241389734e+01 7.948750673170353309e+01 7.111338958845063019e+01 9.092676348365363026e+01 1.013712550251266293e+02 1.128009872317872606e+02 1.061754494435796516e+02 8.635900273303916208e+01 1.061754460833177944e+02 1.112249761714865457e+02 9.914909783189023074e+01 9.065855776905253549e+01 8.341010776978303909e+01 7.748680082819559800e+01 5.901424952572087790e+01 5.415168356460693388e+01 7.408676908246525272e+01 8.317720559429766070e+01 8.146228890311901694e+01 9.429202235239070262e+01 8.619600228956655030e+01 7.449381565502177693e+01 9.374818876540329882e+01 9.382815146732740175e+01 7.934842048007638482e+01 6.898861572346021376e+01 6.770713764248856137e+01 8.748580783255941640e+01 9.906812085109727661e+01 9.688165864150309403e+01 1.000194564704381435e+02 9.205291260834842149e+01 7.552058524400918316e+01 9.597809900240578429e+01 1.028899806325706976e+02 1.030356252687979151e+02
5.219586755191880911e+01 5.574607730106125558e+01 5.954784748655048077e+01 6.443131474544944126e+01 7.337845158518287292e+01 8.480397542881318884e+01 1.045530895306287675e+02 1.143174388688506440e+02 9.786025673961511018e+01 1.143174388688506440e+02 1.026482766023282238e+02 8.214380284760613904e+01 7.081157320975833613e+01 6.383021166389043799e+01 5.333140935958205375e+01 5.334177138617281599e+01 7.319401759113935668e+01 6.350468815547478130e+01 8.352821125139273306e+01 1.010556875908895478e+02 1.089805579291291906e+02 9.972177246294046427e+01 7.990963668442576306e+01 9.972177246294046427e+01 9.526375142693343889e+01 7.649008875055892531e+01 9.063055516927423128e+01 8.748580866968825376e+01 7.179088630689223294e+01 9.122810738433943811e+01 1.030262372147434178e+02 1.139947351006495921e+02 1.042418021801447026e+02 9.597789214863554719e+01 7.974260634458748598e+01 8.291519991369277420e+01 1.028253774254496591e+02
6.636726742017933134e+01 6.990766412655212036e+01 7.111338958845063019e+01 8.430841059827542949e+01 7.337845158518287292e+01 8.736203557075170067e+01 1.071265683256824843e+02 1.256711353478730189e+02 1.175342124312373642e+02 1.132606284591813761e+02 1.051046296912790723e+02 9.914909406521627488e+01 9.065855411154218757e+01 8.340359547875053181e+01 7.265421309655532411e+01 5.277779090987981903e+01 7.258717652240011375e+01 8.351139617879348975e+01 7.509350686391286445e+01 8.665771567057620928e+01 1.065147349364698641e+02 1.068326099908752980e+02 8.672012588434239433e+01 1.068326099908752980e+02 1.006833487017047730e+02 8.190931302882525245e+01 1.006833487016022559e+02 9.886682769587486064e+01 9.122810866007220909e+01 7.603277812135404190e+01 8.712761616365733630e+01 1.059330957249635787e+02 1.141438362305275120e+02 9.417208943026086843e+01 9.417208885987034250e+01 1.030871253439182311e+02 8.757288354019263465e+01
8.624210017014246432e+01 8.974971178271222527e+01 9.092676348365363026e+01 9.914666587147797827e+01 9.315093318768722952e+01 8.480397542881320305e+01 9.874409793372902300e+01 1.185772358275259251e+02 1.158230829352533817e+02 1.015900760290754619e+02 8.467379501658928120e+01 1.015900760277368704e+02 8.851722310753815748e+01 7.853583469308301801e+01 7.126178353655541287e+01 5.222036319737367194e+01 7.207936828554869635e+01 8.670546362681987773e+01 9.505027906755840661e+01 1.032825642044461887e+02 1.147520131030278066e+02 1.153242057915313978e+02 9.822106180777193174e+01 1.153242057915313978e+02 1.070336534826959678e+02 8.798274011644951997e+01 1.070336534826206361e+02 1.109145734282917601e+02 9.235110343464879179e+01 7.911569982679885982e+01 9.791122336905390000e+01 1.103904083890554801e+02 1.223385521231256092e+02 1.141438643587433432e+02 1.141437333164717245e+02 1.039960168753576113e+02 1.076315622172760271e+02
9.728347247488409266e+01 1.055106203892472507e+02 1.060507044734870448e+02 1.142973483837648132e+02 1.128009872170914178e+02 1.045530895306200989e+02 1.128009872170914178e+02 1.138634067438757427e+02 1.038244409962293275e+02 8.735706911896576798e+01 7.186043303232901280e+01 8.258465646098548518e+01 8.058500196060779786e+01 6.234940221234761992e+01 5.144294685004262391e+01 5.988097014307705024e+01 5.846365365618417798e+01 7.845386368059406834e+01 9.137216302357018094e+01 9.768081212159538040e+01 1.051664744816070680e+02 1.133710709962896317e+02 1.185962047483279207e+02 1.271236297397958452e+02 1.151857505176028695e+02 9.731865022407170329e+01 1.151857505176028695e+02 1.112854875719644667e+02 9.237816572588445752e+01 9.791122336962747852e+01 8.373797017933058839e+01 9.678745952311048484e+01 1.158255961863893617e+02 1.272701615582993071e+02 1.319901090813261817e+02 1.238078839255654344e+02 1.111384413107569600e+02
7.751741210733405296e+01 8.991901279119028345e+01 8.629349781872370784e+01 1.027244684303921360e+02 1.101884820314833462e+02 1.184479538722456624e+02 1.196936527234263536e+02 9.993624492782187474e+01 8.547319569433174991e+01 7.444617989491794674e+01 6.700059258176391097e+01 6.031551280102410573e+01 7.586890313191034352e+01 7.022693105109796363e+01 5.089682202509001741e+01 7.068385009809867370e+01 7.845276565916265099e+01 6.567971904942274364e+01 7.128571082033194273e+01 7.773111201306885221e+01 8.536127505803194992e+01 9.938205624249395953e+01 1.191312982854135214e+02 1.267400838240817791e+02 1.249575921409537074e+02 1.167486571343402773e+02 1.249575921409537074e+02 1.194312248580921789e+02 1.112980997161100163e+02 1.062524509553199294e+02 8.760218007610517077e+01 9.291868934876039532e+01 9.986583685939652355e+01 1.107933853002433437e+02 1.303646709318526007e+02 1.390448517243966648e+02 1.220155690013260141e+02
6.590387354397583408e+01 7.009044549530021584e+01 7.643098359936028885e+01 8.302154412629927549e+01 9.044044981613707535e+01 1.043651161969660706e+02 1.242466751048663696e+02 1.119674373182078568e+02 9.191892313383351620e+01 9.559789399180310454e+01 8.890911626194252904e+01 7.587054610532011623e+01 5.385720426468476774e+01 5.012027572849011392e+01 6.069521074165750463e+01 7.205755224550750881e+01 8.675416084770725433e+01 8.580118353340752435e+01 9.137216302357018094e+01 9.768081212159538040e+01 1.051664744816070680e+02 1.133710709962134331e+02 1.210363533835923704e+02 1.070662193439165009e+02 1.169031515839991044e+02 1.251281109097283633e+02 1.330997617586648971e+02 1.337039125828872557e+02 1.140820277786356201e+02 1.006288002417209810e+02 9.198628350496073836e+01 1.108203936253787560e+02 1.190651830132137547e+02 1.272701615582993071e+02 1.386374556975588348e+02 1.344789263606866996e+02 1.147726280865860673e+02
8.587153219221900713e+01 8.991901279119028345e+01 8.005595777416250769e+01 9.978204170219467528e+01 1.101884820314833462e+02 1.184479538722456624e+02 1.150731256428831131e+02 1.200876807207688159e+02 1.025098117399536761e+02 9.096756764627980374e+01 8.269766420352193848e+01 8.441869677811220640e+01 7.518721247863132362e+01 6.846052551760250537e+01 4.930947967655924202e+01 6.219152110759828389e+01 8.030955776652228906e+01 9.820946384388817307e+01 1.062172262931752869e+02 1.008870608165242970e+02 9.978920370013548791e+01 1.077788802614499559e+02 1.112584138642838241e+02 9.338016402305557051e+01 9.738871681884150178e+01 1.169031515839991044e+02 1.133281671041045797e+02 1.273587677413328407e+02 1.280340395690120090e+02 1.189551822932789662e+02 1.001847024153977657e+02 1.006415073167447218e+02 1.101069656107600707e+02 1.238739181555867646e+02 1.437278548786476335e+02 1.426634383659023513e+02 1.286986323178775820e+02
9.503413224674885385e+01 1.080130181195885370e+02 8.990414748248772980e+01 1.080130181195885370e+02 1.118064423913026673e+02 1.035394122272702617e+02 9.509734292543778622e+01 1.056915361535736366e+02 9.425486908700592892e+01 7.423720341155807034e+01 6.306000702914028722e+01 7.219881200607217409e+01 6.774310218116156079e+01 4.859675606434385742e+01 4.877698902256209124e+01 5.431965858419562210e+01 7.337665198657380472e+01 7.869696887919766937e+01 9.420996562796467799e+01 8.050906003828701785e+01 8.057083056214047190e+01 9.158420029537877838e+01 9.445978960225473031e+01 8.377450995005423806e+01 1.023153883257401162e+02 1.067486326383310598e+02 9.955965524004199096e+01 1.191191330115106126e+02 1.292920676452600901e+02 1.276298794761631115e+02 1.111393326809963327e+02 1.116081161673922395e+02 1.281144921923531683e+02 1.379631355087191764e+02 1.435271289944507203e+02 1.443616802863263331e+02 1.484337906333411468e+02
1.032579737190656459e+02 1.179156871196415892e+02 1.096597580539135635e+02 1.179156871196415892e+02 1.035394122272702617e+02 8.350349933641639666e+01 8.089784521267223738e+01 8.566841081809906200e+01 9.981164536705504986e+01 9.096756766315252207e+01 7.220196710635516979e+01 5.339057491100520991e+01 4.786787151944616880e+01 6.772106804524862866e+01 7.225819828371395204e+01 5.241185464840478403e+01 6.216967077577022138e+01 8.228863028894369336e+01 8.240100353438661784e+01 6.626307152386802102e+01 6.908386142396501839e+01 7.202752352167877348e+01 7.503171532063788618e+01 7.879855619132958111e+01 8.303997607427328376e+01 8.742456868772065093e+01 9.416545306462808185e+01 1.014350920973761845e+02 1.126832303295977482e+02 1.324576946284739165e+02 1.249234851628667826e+02 1.312221531060987729e+02 1.395022071500785614e+02 1.376654351960099234e+02 1.235874698579742983e+02 1.244415897956068875e+02 1.310034309934916621e+02
1.131570906879122731e+02 1.064857337403142452e+02 1.086559999346587944e+02 1.135308812814596138e+02 9.354819728799397183e+01 7.934284955495242286e+01 6.932281836653392304e+01 7.148248950216212450e+01 8.670955560381102600e+01 9.495709492195750556e+01 7.991084176220407187e+01 6.718205635142349763e+01 4.735624248457171603e+01 6.720474218108320485e+01 8.132624540486213505e+01 7.329993447952961105e+01 5.546573783580836192e+01 7.606506943775137586e+01 6.238374089717627413e+01 7.603044640044171842e+01 8.875752362243667903e+01 9.158419995942712433e+01 8.308292739018544637e+01 9.810914853079587772e+01 9.097675136373594285e+01 1.067486326383310598e+02 1.031496205785344245e+02 1.210409015924878275e+02 1.292920676452611417e+02 1.407504704385294474e+02 1.447813149775292345e+02 1.415913291111222634e+02 1.333305860604519353e+02 1.277489421396526126e+02 1.095556547667958256e+02 1.104045926010056178e+02 1.110895749029230046e+02
