MOVIE_S1_data/elevation_000058.asc
nrows	100
cellsize	150.0
xllcorner	0
ncols	100
yllcorner	0
NODATA_value	-9999
[rows 68 to 84 of 100, columns 37 to 73 of 100]
8.884981723117786601e+01 9.518971783856339641e+01 8.697600962403376457e+01 9.518971783856339641e+01 7.813470645259589276e+01 5.799112750317627274e+01 4.357709476105829083e+01 4.284320251682358105e+01 6.314319410890738737e+01 7.303420782526595190e+01 6.476831199427074637e+01 6.855564838199964584e+01 5.966867771275765620e+01 3.964990314424124307e+01 5.966867771159834177e+01 6.688512491801513704e+01 8.693760881804156782e+01 8.761011185057462569e+01 6.945551766690805096e+01 8.761011185360209197e+01 8.321731068006045007e+01 7.499461133525844048e+01 5.837834068306965918e+01 6.482399627926275798e+01 8.477209220892268604e+01 9.536679686461116034e+01 1.151074692484307036e+02 1.135557009841623710e+02 9.394770255368001699e+01 1.135557009841623710e+02 1.310170083467499182e+02 1.228285209306380210e+02 1.310170083467499182e+02 1.237383472046531949e+02 1.320107760188854229e+02 1.336992703837052829e+02 1.255257666864245181e+02
8.045651637656783350e+01 8.523150929248716068e+01 6.702335588046975090e+01 8.523150929248716068e+01 7.677456097964643789e+01 6.851206011479757763e+01 5.960941913079868471e+01 3.949288687871038661e+01 5.960941915732367136e+01 5.913547333720814692e+01 4.459705920393302847e+01 4.840930269685461695e+01 5.551074326345231924e+01 3.783508878779036166e+01 4.667926362083554892e+01 6.098954128999272939e+01 8.111832320723847545e+01 7.940657421452915798e+01 5.933902318176850343e+01 6.937582298162941186e+01 7.167964528277327929e+01 5.483046004199006518e+01 7.499461133525790046e+01 8.477285738177054952e+01 7.554858419783118961e+01 8.958245110710633696e+01 1.093601129556271871e+02 1.061445741906193803e+02 8.649906162618435701e+01 1.061445741906193803e+02 1.210953798850741805e+02 1.029544052840924877e+02 1.210953798850741805e+02 1.199786205925308451e+02 1.280656486880070020e+02 1.238861203113420402e+02 1.059434905398284741e+02
7.522394787944438121e+01 6.696269157809383898e+01 5.692568912055619279e+01 7.699969147252716084e+01 6.851206680733187682e+01 4.835963712241938595e+01 5.426207481923574250e+01 3.736436479430153668e+01 5.661739516845357656e+01 3.771924521703065381e+01 3.295271396601083325e+01 3.412088230942055134e+01 3.531163201799265750e+01 3.694281017911355747e+01 5.714390525265017828e+01 6.119616996613506643e+01 6.293537732424248077e+01 6.477327191613173341e+01 6.654381580971514154e+01 4.914672702392645220e+01 5.146368663535453436e+01 7.167964528277327929e+01 7.134215001518722943e+01 9.124620051482844474e+01 9.537185295299951804e+01 1.035815860338329344e+02 1.138104797121165745e+02 9.418351184636388496e+01 8.023154846480703384e+01 9.993211764011245180e+01 1.128914631073651549e+02 9.282829794738023566e+01 1.128914631073651549e+02 1.008421824919102647e+02 1.169517151529497312e+02 1.157346286131265174e+02 9.619003185196147854e+01
6.696269157809383898e+01 4.680434071336932789e+01 6.696269157809383898e+01 7.217993811644980440e+01 6.851185871626132950e+01 4.835963107544689876e+01 3.434688532710032405e+01 5.132053110812500307e+01 4.981543921859277901e+01 3.132522987382669655e+01 5.146436180131777860e+01 4.578551421001662902e+01 5.551074326345226950e+01 5.714352872211284051e+01 3.927607978077595874e+01 4.099395055520840714e+01 4.272761392411164394e+01 4.455642056639846516e+01 4.640872807361147778e+01 6.663541670558053909e+01 5.530417322668379398e+01 7.542286877124745104e+01 9.006192854870447206e+01 9.943908182456522127e+01 1.100825824724592792e+02 1.182252157208685617e+02 1.093948049687891739e+02 9.466691905593866352e+01 7.489302135072668420e+01 9.466691905593866352e+01 1.062037413873702008e+02 8.610833393759767773e+01 1.061658384577138889e+02 8.982526405141304338e+01 9.794284322098906159e+01 1.015774904349364647e+02 9.001549923986891599e+01
5.401482812596690053e+01 4.122377052919449625e+01 6.137034985673467702e+01 5.214283291630601269e+01 6.621377618437844603e+01 6.255688171663516783e+01 5.132051465198010476e+01 3.144986252685174222e+01 2.972232632919067896e+01 4.981543921865937818e+01 5.976875806200841623e+01 6.008382265627288632e+01 6.850060311329170304e+01 4.832194511341455012e+01 5.947644284540167092e+01 6.119616996618018590e+01 4.856298225112070810e+01 6.477327191613173341e+01 5.550645557787180451e+01 7.485135721651101903e+01 7.542286877124745104e+01 6.192780749143084762e+01 8.190400214088624864e+01 9.622968874727891375e+01 9.049163228819602978e+01 1.100825824724592792e+02 1.012499549618733141e+02 8.154110376264804927e+01 6.999684812048135996e+01 8.987104441660052601e+01 1.003940761891737452e+02 8.054304929214887920e+01 9.630415578737940052e+01 8.124004524312579179e+01 7.830504821461033771e+01 8.200431617203751955e+01 8.726205143806896558e+01
3.391033180608506825e+01 5.398639287863881009e+01 5.195129396446083803e+01 3.683421046715209712e+01 5.610458994987548920e+01 6.591571600237853090e+01 5.554736463128857338e+01 4.724173615802236270e+01 2.858991910793796976e+01 4.275841643558633365e+01 6.290065659291979472e+01 8.012837753977518673e+01 7.561143760877185116e+01 5.549896091181255287e+01 7.561143760876736053e+01 7.484080961633678442e+01 5.470015385350790638e+01 7.484073617629667297e+01 6.720592123245040739e+01 8.380097308158633496e+01 9.006182125609815614e+01 7.354722759628600670e+01 7.017730110371068974e+01 7.651143349052543385e+01 9.049163228819602978e+01 1.100825824724592792e+02 9.959884112325373451e+01 7.984936344097428673e+01 6.563948110987222151e+01 8.563385152922144528e+01 9.719450682916986750e+01 8.183173027751820428e+01 7.349084951446603498e+01 7.318988797904191301e+01 9.295733284892276060e+01 1.015774904349364647e+02 1.067989448245062079e+02
4.161702585930449061e+01 4.205587896347630306e+01 3.604002223564357621e+01 2.631548614665537045e+01 4.738632070642720606e+01 4.584139790222709365e+01 4.585199424363005960e+01 2.718809635970453797e+01 3.183672638831643553e+01 5.160861308467751485e+01 6.767861439847358440e+01 7.589044818277957916e+01 8.383737436465483484e+01 6.977408901697317845e+01 7.561143760877135378e+01 7.484080961633657125e+01 6.900277570088158541e+01 6.900277570088158541e+01 8.711912920954303274e+01 9.524986530950698693e+01 1.014550790456312654e+02 9.331955976371338579e+01 8.999422893768606002e+01 9.622968874727891375e+01 1.043584240045321820e+02 9.517177477656507278e+01 8.699216837387940870e+01 8.171263287805648190e+01 6.159411701715217902e+01 8.171263287805648190e+01 9.422400694541580890e+01 7.787549142002684732e+01 6.862933508078272382e+01 8.856628000340005258e+01 1.010851935445822676e+02 1.203977230780179326e+02 1.203977230779471768e+02
2.143453283203789184e+01 2.189144953795228687e+01 2.234671397234072643e+01 2.279956073335461397e+01 4.212436547847452317e+01 4.447071871686312505e+01 2.580513671890670935e+01 4.221196156851950576e+01 5.154585668206738802e+01 3.950005074288421270e+01 4.689283480491283740e+01 5.918819771689900477e+01 7.927673927426242528e+01 8.970404374739210596e+01 9.550146917460787677e+01 9.473163291645138884e+01 8.893507027263461850e+01 8.893507027262390352e+01 8.893507027262387510e+01 1.087257730663851589e+02 9.959243645655526223e+01 9.146921611830786958e+01 9.959243645655526223e+01 9.941114652633089577e+01 9.124500849171582217e+01 8.699160482945138995e+01 6.697968886987604265e+01 7.284069059042467131e+01 5.775880642813888244e+01 7.797528780830114670e+01 7.793952833064943775e+01 8.247067492644535491e+01 6.601677439227309208e+01 8.020787441934902517e+01 9.993056557539345874e+01 1.008413541246935665e+02 1.008413541246935665e+02
4.099541117378088018e+01 4.205444313802708933e+01 4.249434262946638086e+01 4.293384199372064103e+01 2.343572073868939398e+01 2.442097257594223336e+01 4.447356649741867329e+01 5.414641113984225740e+01 6.778134525802572341e+01 5.432503472083609353e+01 6.767861439847438021e+01 7.589044818434942385e+01 8.741329654263608973e+01 9.076499861907443290e+01 9.076499861911072742e+01 9.905408219454933771e+01 1.028088946029108683e+02 9.465269874326928345e+01 1.028088946045567553e+02 1.024445261621623331e+02 8.973054964847705151e+01 7.169880830741020361e+01 8.973054964847705151e+01 8.794493177632783443e+01 7.132477110764918393e+01 7.869899635222589040e+01 7.045249823771494846e+01 5.256184553029984130e+01 7.284069054514453967e+01 5.822209231364492155e+01 6.028655460222438478e+01 6.238812016673828253e+01 6.651899064851770049e+01 8.645074002632252075e+01 9.733264516793562393e+01 8.697541640926854711e+01 1.008413541246935665e+02
4.380900061746499574e+01 6.015737369789720645e+01 5.778568505256048837e+01 3.766107142877767444e+01 4.355468896977484405e+01 2.414350558962213000e+01 4.408505132013821992e+01 5.138871348495035818e+01 6.027089964186007620e+01 7.092641275089518160e+01 8.239833975703874103e+01 8.697139472791845094e+01 7.866025526780720156e+01 7.062619727217628451e+01 7.062619727217627030e+01 9.076499861911072742e+01 9.281644626047800273e+01 7.454598267132679723e+01 9.281644626047800273e+01 9.414097990307010377e+01 7.450917987740608339e+01 6.157336453223236106e+01 8.158401221285899396e+01 7.974405407570368709e+01 5.961376165410066363e+01 6.812182432722541137e+01 5.021805541178620302e+01 7.045905346100067845e+01 5.533728552205032969e+01 6.938896911121702260e+01 8.018788910565771744e+01 7.072683984876866248e+01 8.645072397372720729e+01 7.263844934003731169e+01 7.764983967114962127e+01 8.753686858886493383e+01 1.014003751436712406e+02
3.211583164847379379e+01 5.187714757617275296e+01 6.605149210513719993e+01 5.778591417615940884e+01 5.249763352293737739e+01 3.833617819092948764e+01 2.484752153770424599e+01 3.370083018833067712e+01 4.460362855212166977e+01 6.314352823890860833e+01 7.933150356412758697e+01 7.099573568364378673e+01 5.838151215632470326e+01 5.621859269345492294e+01 7.652471562172462427e+01 8.820127735493801424e+01 7.991143710307221681e+01 6.378794447644491328e+01 8.459934070729747191e+01 8.600317399529676266e+01 6.609499220121217888e+01 5.437799898814741084e+01 6.715831195589680647e+01 6.450988279036491235e+01 6.598240418713109534e+01 4.793857509203806444e+01 6.812182432722427450e+01 7.870470489693342131e+01 7.561256630318183625e+01 8.259865396098332724e+01 9.399741025209519307e+01 8.480793596105046106e+01 8.694891261326539222e+01 8.667761420881723211e+01 8.881377593904106504e+01 1.054507225590728154e+02 1.152481346231136854e+02
4.335931363035859221e+01 4.818299453966074708e+01 6.831427415398597702e+01 7.093707492368913847e+01 6.550585550828793657e+01 4.652143459205439768e+01 2.534450692324165644e+01 3.415281527463493205e+01 4.475834430046254653e+01 6.250821284259548349e+01 6.765434205012029167e+01 5.072841612817622803e+01 4.669121471599000728e+01 6.695231747360186603e+01 8.484013973336256242e+01 7.614713670408684720e+01 5.867478347261232585e+01 5.579538127367130329e+01 7.724140100689947985e+01 8.541507306343703476e+01 8.269125336941536375e+01 6.715831195589680647e+01 4.703838655100058475e+01 4.440415822057656925e+01 4.585219256613427774e+01 6.598240418713156430e+01 5.445943775029635248e+01 7.468331728502856492e+01 8.803781347148314751e+01 9.504015049978680452e+01 1.031904368013180715e+02 1.044497432318657388e+02 1.008143730160407046e+02 1.065006186911819270e+02 1.084317211091962179e+02 1.165667794203532566e+02 1.052602678588077652e+02
5.762670756888820023e+01 6.831427959084739143e+01 7.100297499832679193e+01 5.029536196554514760e+01 5.396272082352597721e+01 4.601570590401910010e+01 2.584110122239178509e+01 4.557593930002167326e+01 5.915219550291006101e+01 6.944744715747158637e+01 5.924233342144817982e+01 3.932032200924862053e+01 5.301770492488792996e+01 6.149839153578234630e+01 6.851759126666875943e+01 5.986467537985222975e+01 4.562895495079222030e+01 6.765044941283930768e+01 7.951071190154225121e+01 6.541482884685304100e+01 6.876169000840515366e+01 6.048506927456673310e+01 4.234189119276148006e+01 6.244198365861666389e+01 5.480249118612254478e+01 7.375478384718211089e+01 6.883470070962454201e+01 6.192386980248240036e+01 6.808622757181312579e+01 7.523455051231820789e+01 8.672219583344258353e+01 1.064026878815402313e+02 1.202016120198716322e+02 1.044571969751922040e+02 9.656148647312369349e+01 9.793357309032400337e+01 9.703891499781941832e+01
7.772286411187697297e+01 8.122202835477871474e+01 7.107121143728221568e+01 5.398312018678318935e+01 3.387010487295894734e+01 3.005105777807746037e+01 2.633702860448680028e+01 4.650192363017143293e+01 5.535461714610216433e+01 5.354561480510858473e+01 4.899248039942022359e+01 4.965928946427592905e+01 2.975835780270767472e+01 5.294313176107386454e+01 5.525785260263146625e+01 3.792393211363308581e+01 5.716483872381718356e+01 6.655177363686364345e+01 7.127276475242157971e+01 5.114890001746525172e+01 5.854531517489870396e+01 4.032655336060778239e+01 6.048506927456663362e+01 6.244194058759694599e+01 6.632393292490117176e+01 8.251570768789073895e+01 8.880312674248885685e+01 7.362892279094286607e+01 8.803781347148314751e+01 9.504015049978680452e+01 1.031904368013180715e+02 1.145518424613916153e+02 1.051962485375899661e+02 9.638324872268862009e+01 7.738077375768355637e+01 7.705640393026450852e+01 7.783096785050716448e+01
8.382652123804238897e+01 7.289655680345073563e+01 5.251118244699900117e+01 4.225181095271373977e+01 4.786754512388863247e+01 4.930115084940963044e+01 4.641217823162300249e+01 2.704198972456158856e+01 4.713264707991662306e+01 2.845949770696149272e+01 2.896045279212792423e+01 2.946113616687439318e+01 2.996393169144610980e+01 5.016002536572099046e+01 3.141953797211273169e+01 5.145889785136168371e+01 4.360891936409817049e+01 5.791154362460190441e+01 6.492044673664598520e+01 5.663146439889958828e+01 3.824799983016559679e+01 5.852946708731237635e+01 6.876150747876238256e+01 8.248156201342557381e+01 8.561139080417723335e+01 9.368795553553039213e+01 1.016446485788888197e+02 9.348759198583168484e+01 9.470731256242052609e+01 1.025616240402604404e+02 1.092918166402441642e+02 1.154223881990298253e+02 9.399048870511643372e+01 7.585269358491295577e+01 8.092117235889995186e+01 6.243429726527169521e+01 5.698351249908122895e+01
8.028313279955409598e+01 8.122202835477871474e+01 7.107121143728221568e+01 5.251118243335698565e+01 6.823947345074915916e+01 6.555275837808207484e+01 4.969836174604502332e+01 2.957769029370604130e+01 2.775033228539948738e+01 3.767264930162978942e+01 4.777840479758057057e+01 4.961335841272142488e+01 3.315500756784242498e+01 3.068013055900049224e+01 4.335828904522320926e+01 3.216716876068822017e+01 3.269557718226592158e+01 5.273828599441159781e+01 5.472717146425811308e+01 3.623549164122098176e+01 5.661208410460723428e+01 6.673093595004490908e+01 7.758597335247482363e+01 8.584998438634276852e+01 9.091923263252238030e+01 8.461616535856543919e+01 9.091923263252238030e+01 9.195510340559197004e+01 7.658106054083916092e+01 9.195510340555779294e+01 9.327731217490651261e+01 1.038471345066013640e+02 9.246894056579307630e+01 8.050626560766113471e+01 5.998148786580314606e+01 5.406732823431239865e+01 7.499455772619973004e+01
6.605346429641947736e+01 8.617680852377401379e+01 8.121986298814398708e+01 6.697400755722020449e+01 7.593708854175835654e+01 5.728422546795762571e+01 3.635706970839876817e+01 4.970541424430572874e+01 4.641312048424643422e+01 3.726870121724183349e+01 5.287498513804017364e+01 5.428533994384031303e+01 3.402614084283063534e+01 5.090096539954754462e+01 4.867001189612065559e+01 5.159495347376943641e+01 5.273464176375650680e+01 3.344112985340727562e+01 3.453323012165819961e+01 5.472722438636981224e+01 5.372612875092599438e+01 6.447617598006384299e+01 5.720743545094142490e+01 7.613634452854269341e+01 6.932177517944421652e+01 6.298663133902627465e+01 6.932177517944421652e+01 8.424048008220813699e+01 6.616853429845497203e+01 8.424048008220813699e+01 8.356263297779842958e+01 9.275457709050283484e+01 7.310767526784094628e+01 6.368074399678808817e+01 5.141077260768464186e+01 7.229134506404116678e+01 7.126960905039429406e+01
