MOVIE_S1_data/elevation_000034.asc
nrows	100
cellsize	150.0
xllcorner	0
ncols	100
yllcorner	0
NODATA_value	-9999
[rows 17 to 33 of 100, columns 0 to 36 of 100]
0.000000000000000000e+00 6.324555319648873741e+00 1.299122196002721630e+01 2.115618589736322264e+01 3.529755851331115224e+01 5.528053346524760059e+01 6.705683215708387479e+01 5.874814685324005836e+01 6.705683215708387479e+01 6.475215069710856142e+01 7.313311389817683050e+01 8.518377259323672490e+01 7.295078537396055651e+01 5.276721203826031115e+01 4.118272323989294392e+01 5.054580745438931899e+01 3.909293573705987512e+01 5.006335492250991592e+01 3.534478434202382857e+01 5.543710842684723872e+01 6.056997840256951093e+01 5.844517345325876079e+01 6.255025888101776843e+01 6.255622612286887829e+01 7.894361038414025700e+01 8.506725635798028406e+01 9.226767345031855427e+01 1.006465577611810005e+02 1.123642044478562241e+02 9.552535619646798182e+01 7.727267237549826007e+01 9.552535619646798182e+01 1.112398472840495884e+02 1.023235195184193032e+02 9.446484559034924189e+01 8.437444421866759114e+01 7.601744103804468011e+01
0.000000000000000000e+00 1.999999999999964473e+01 3.298898632304558731e+01 4.115043642927392398e+01 4.264604485701308789e+01 5.083956127435233441e+01 5.090952735886818914e+01 3.870708892976245608e+01 5.051730330022339643e+01 4.462103645012221165e+01 6.475215069710856142e+01 8.127061917932502411e+01 8.133045415572821923e+01 6.966926061076728161e+01 5.538242332085114583e+01 6.757771235956215605e+01 5.920237929423503687e+01 4.388476325230317343e+01 4.051494193797285703e+01 6.064060727329110989e+01 7.771689510500627307e+01 7.869311037118617946e+01 8.283879861743396589e+01 7.693224611577458916e+01 9.146450735657641928e+01 9.941677790926634373e+01 9.941677790926634373e+01 1.080524210604137352e+02 9.881880869263191869e+01 8.730097218637412482e+01 6.713972041803842217e+01 8.730097218637412482e+01 9.881880869263193290e+01 1.097174062858178871e+02 9.834830720157350470e+01 9.021831378228208109e+01 7.417319400551652109e+01
0.000000000000000000e+00 1.999999836681478627e+01 2.597345904436313191e+01 2.850343783006615084e+01 2.265284324675403127e+01 3.387504248904240711e+01 3.088378818718303265e+01 2.869704063646782188e+01 3.044574652918273117e+01 5.049089874014200774e+01 5.345295745486867389e+01 6.404583907371595330e+01 7.234693556896775135e+01 8.132130498489941317e+01 7.557864025914562944e+01 7.355040030453785960e+01 5.333970931118503955e+01 6.402270634244761993e+01 5.471182972168531222e+01 4.905806806762444694e+01 5.910878224438093298e+01 7.345746140888428499e+01 9.391695400057342624e+01 9.774214139257387046e+01 9.232195194568566876e+01 7.744602569392091596e+01 7.744602569392091596e+01 9.941677790926634373e+01 9.060463094377371362e+01 7.053340578435417285e+01 6.045594642738773672e+01 7.053340578435417285e+01 9.060463094377371362e+01 1.016238050428332400e+02 8.186891469427573043e+01 7.015696887284717320e+01 6.303659200364664628e+01
0.000000000000000000e+00 1.999999999999964473e+01 5.960890178530302563e+00 8.500892774819801545e+00 1.110467120558438303e+01 1.387817309605489591e+01 1.673531956203966331e+01 1.975044714046766003e+01 2.346443552903197016e+01 3.347000248963059477e+01 5.345294907998324163e+01 4.397343556035828982e+01 5.295046227608344225e+01 6.455115219084069622e+01 8.459383683874357018e+01 8.121564033499794277e+01 6.093951178946942804e+01 8.121422315030099526e+01 7.494998225700447847e+01 5.911129235926473058e+01 7.771689510500627307e+01 8.789400996442857661e+01 8.887314152091468600e+01 9.470687229268045826e+01 8.388111003002623534e+01 6.224379814379312137e+01 8.388111003002623534e+01 9.736210587877292255e+01 8.957817873971846723e+01 7.421654422607717549e+01 5.428989908025135946e+01 6.833140834588417079e+01 8.842451908444759567e+01 1.020635664819819226e+02 9.834830720156885775e+01 9.021831378228208109e+01 8.267654085142545739e+01
0.000000000000000000e+00 2.425356250367315170e+00 1.656623511983987740e+01 2.849925061476605492e+01 2.264464474938584360e+01 3.388575996183338646e+01 3.094492783529825886e+01 3.390034896715269497e+01 4.349225222262229806e+01 2.936319736909908684e+01 3.395361011850656752e+01 4.397343556044926771e+01 5.556529643502044991e+01 7.563050689966138407e+01 9.289099899450161502e+01 8.961761567718816934e+01 7.526051193860850219e+01 8.961761567718816934e+01 8.811466835143309595e+01 7.956751156985355067e+01 8.776674315474480181e+01 8.243684111637686840e+01 6.783097106273969246e+01 7.399408009905607742e+01 7.704329903773191290e+01 5.606601611424218845e+01 6.704056567497354990e+01 8.856902017151622886e+01 8.133231122259888934e+01 6.128986804767955476e+01 5.014445154191270149e+01 6.389109304380985321e+01 8.393153050602988685e+01 8.193303237216417756e+01 9.044119721050925875e+01 9.870017373056342080e+01 8.833003765631299586e+01
0.000000000000000000e+00 1.999999999999964473e+01 3.065794066651205441e+01 4.445394238620480110e+01 4.238764698293325495e+01 4.934734510772664606e+01 5.150999503970491844e+01 5.389755709056488797e+01 5.776549361203532840e+01 4.368945730196024613e+01 4.813177411527438210e+01 4.813177638685134951e+01 6.820010836437943169e+01 8.392967708549250005e+01 9.282486075980550311e+01 1.011910842813303759e+02 9.559594796909502179e+01 9.386724463267206886e+01 8.592318719833083662e+01 7.770851052954803606e+01 7.770987147998879152e+01 7.330609113582694647e+01 5.062960841826276237e+01 7.062690645762394581e+01 6.409847428994301310e+01 5.088686564542717150e+01 7.098823622170097281e+01 8.152727743035092089e+01 8.000125624162015470e+01 6.007846054345785802e+01 4.655565403384547096e+01 6.591371208302544460e+01 8.443680225229297776e+01 6.753052062540697875e+01 7.017343077416690278e+01 9.044119721050925875e+01 8.658556749604778702e+01
0.000000000000000000e+00 1.414213562373082489e+01 3.414213562373011257e+01 3.127764276482959005e+01 4.000734019955149279e+01 5.365005801747798841e+01 5.500460982448019109e+01 6.297031816179346464e+01 6.692110549829349964e+01 6.484232466621237734e+01 6.820004938818162543e+01 6.820011204513369307e+01 7.650418114472319076e+01 8.952688275790319494e+01 7.261974229193934605e+01 8.952688264305075450e+01 8.574365343621340685e+01 7.098056433639384011e+01 7.690721109208725181e+01 5.677585404199281527e+01 5.638914552131205227e+01 6.295018974566016112e+01 3.645244172674546235e+01 6.011816093752322843e+01 4.508927907174781780e+01 6.258189449797920645e+01 7.194682760219428985e+01 6.189462123638806901e+01 7.367603275925135620e+01 6.203527700406912260e+01 4.297379903023724523e+01 6.237942517858739677e+01 6.830431974644363891e+01 5.620977314352041532e+01 6.753052062545701517e+01 8.782913338821340687e+01 8.898859250432315093e+01
0.000000000000000000e+00 1.999999999999964473e+01 2.613367527247759625e+01 1.091694544821628909e+01 2.506641209849833629e+01 3.968810896917482722e+01 3.557614809730153382e+01 4.867140146235620080e+01 4.841162332567759563e+01 6.192469897618310881e+01 6.985766369384985808e+01 8.086494790372671559e+01 8.754424417003504288e+01 7.920997920403949877e+01 6.100183644142593664e+01 8.115942986848989449e+01 7.688672712512081375e+01 5.587169767592619252e+01 6.334581675941684864e+01 6.176031202812617948e+01 4.289190589145879073e+01 3.488625048573248932e+01 3.520248056820899052e+01 3.955200356903233683e+01 4.859387380156657343e+01 5.442527139412722192e+01 5.925885759309286271e+01 4.710521150077614294e+01 5.740978941950924508e+01 5.179634993578130064e+01 3.962712127400737216e+01 5.903439877761355348e+01 4.921128086874951180e+01 6.830431974644363891e+01 8.443680094585207030e+01 9.610041439256806939e+01 9.399913479250010084e+01
0.000000000000000000e+00 3.049971405865359753e+00 6.136038388469303051e+00 2.563502377459569104e+01 1.608080880958204517e+01 1.992955378989212178e+01 2.409896782610230304e+01 2.909504653790671114e+01 3.573733482936066963e+01 4.273024524475905395e+01 5.390271813573417603e+01 7.288292859290839942e+01 7.593080422724418099e+01 5.909724215174041717e+01 5.341423254079946048e+01 7.354057413000928989e+01 7.801761416581724973e+01 5.721094078645280234e+01 4.338804105246544651e+01 4.301670257463158009e+01 3.444177842016693347e+01 4.047253325469035445e+01 4.652019648279129882e+01 3.565763883074790641e+01 4.863666504062042861e+01 5.312001716737741219e+01 3.693514366125290138e+01 3.728002584022486587e+01 3.762976115319442982e+01 3.798353624843050369e+01 3.834077168426522775e+01 4.307795209529492553e+01 6.175041080317561182e+01 7.650128934754366128e+01 8.610420085999787432e+01 9.215682793616986146e+01 7.401370137286431827e+01
0.000000000000000000e+00 1.999999999999964473e+01 1.768221734225116393e+01 3.397453708761874935e+01 3.015817346596153214e+01 3.398101376263451812e+01 3.557614809730151251e+01 4.867140146235620080e+01 4.867140146235710318e+01 6.192469897618310881e+01 6.985766369384985808e+01 7.217042140677351370e+01 6.385125547980945271e+01 4.751260788249584266e+01 4.673120368455093399e+01 6.683179416253160809e+01 6.651355314679082653e+01 5.593926915453052118e+01 4.932625259050379185e+01 3.399923360463326816e+01 4.983227530701653052e+01 4.483829807905238596e+01 5.594985045976163462e+01 3.954490786784747769e+01 3.612126749322565189e+01 3.645436344606180512e+01 4.426096264651259560e+01 4.883795772202958574e+01 5.586959829645491027e+01 5.178590952818119320e+01 5.772367196128372058e+01 3.885317185145275687e+01 5.827529943629164677e+01 6.681442118280671139e+01 6.560380143224449512e+01 7.166893980200286762e+01 7.388464323773608555e+01
0.000000000000000000e+00 1.999999999999964473e+01 3.767858150418238949e+01 4.596661884142525878e+01 4.972829415840561040e+01 5.346625585133227787e+01 5.500460979933698979e+01 6.297031156406738717e+01 6.787126772007823661e+01 7.285429915694750491e+01 6.679376543959638468e+01 5.848332096673581049e+01 4.378987134474903087e+01 3.856028124467703577e+01 5.861547603282971863e+01 7.476194903549919957e+01 5.666430511605123144e+01 3.686074842849986766e+01 3.355519176389553593e+01 5.289072788865610875e+01 4.723790310845088669e+01 5.245618400605931697e+01 5.531282084138261013e+01 6.258697542909786193e+01 5.760370413819038049e+01 3.666912923778661337e+01 4.696864131447528479e+01 4.813627531287601613e+01 6.413650384781308844e+01 7.045843576671515507e+01 5.267615317240232997e+01 5.815948045497481189e+01 3.936619841784405338e+01 5.787393990264882149e+01 5.142740945153757792e+01 7.121793610378291817e+01 6.413166668766511691e+01
0.000000000000000000e+00 1.999999999999964473e+01 3.983089078193217603e+01 4.556053083021359384e+01 3.727002479564234250e+01 4.555252630943407155e+01 4.897442960273155421e+01 5.206292376894577245e+01 6.031382164228023868e+01 5.280586703537075266e+01 5.522028306031859302e+01 3.844463906327359837e+01 3.224328732596143254e+01 5.226880994911579137e+01 6.694418148291654802e+01 7.563204371162359507e+01 5.436804877502564182e+01 4.585631974171054281e+01 3.323691509583407111e+01 5.214848630731005841e+01 6.172135971162833812e+01 6.716528445537760206e+01 6.772243080359145040e+01 7.089663969603799387e+01 6.916076752275613160e+01 4.967872361511475532e+01 4.651723942054701411e+01 6.135002798262378576e+01 8.032868493553736755e+01 7.209525114854793060e+01 7.208978330743109098e+01 6.678330831078777408e+01 5.845006681962640727e+01 3.987828977239902173e+01 5.890296902526355893e+01 6.421889043986692513e+01 4.665220989947270880e+01
0.000000000000000000e+00 1.154700538345046290e+01 3.154697731866938426e+01 2.728661144960108587e+01 1.730540471438804673e+01 2.900776504042341131e+01 2.900647613520160562e+01 3.207885676135421704e+01 5.206302382570596876e+01 3.865578155610693045e+01 4.232991185815674129e+01 2.689400701344653299e+01 4.691398257556662799e+01 4.858610947326259577e+01 6.865498931457665321e+01 8.128043933153628586e+01 6.543719756878678595e+01 5.313836688465419655e+01 3.291342105654807426e+01 4.992421346557877371e+01 5.849138350432196631e+01 6.928852910321843694e+01 7.789374245989668566e+01 8.570294456227162527e+01 7.151571595375745005e+01 7.151543836502547435e+01 5.341026718180045663e+01 7.546139555719412328e+01 9.186726440269571015e+01 9.177413927849379149e+01 8.301166346695210052e+01 6.633659546941511564e+01 4.707063801617128007e+01 5.928771109391244210e+01 4.039122109744517530e+01 5.975085677658691452e+01 6.050647756672648825e+01
0.000000000000000000e+00 1.999999999999964473e+01 2.325488208606837759e+01 5.638014143095488429e+00 7.329396083305630860e+00 9.056918339362434622e+00 1.797437914741397691e+01 3.337541987329102255e+01 3.524735690961151136e+01 3.812338875860778842e+01 2.234409645137576916e+01 4.232991185805555290e+01 4.064604686144222967e+01 5.961570187102988427e+01 7.697398664957005110e+01 8.103343089723819048e+01 7.081280143760072576e+01 5.350617329619710461e+01 3.258398268561349909e+01 4.532346255777546418e+01 4.295797786705328747e+01 5.129284217954209879e+01 7.389620375973578348e+01 9.446572633508104389e+01 9.284262869178319022e+01 8.421994215114767712e+01 6.613727917797012879e+01 6.903786506827208314e+01 9.096916998186657111e+01 8.892197125101851896e+01 6.885881921547887430e+01 5.503875288104480745e+01 6.052500357561918065e+01 6.232963753899579729e+01 4.386335318180258014e+01 4.090496727971990509e+01 4.126996366538423899e+01
0.000000000000000000e+00 1.627959766509170736e+00 3.262153534795074084e+00 1.988458560893019822e+01 2.685277834484107373e+01 2.900811571926680443e+01 1.159347437269013170e+01 1.343855697713473063e+01 1.531486512027180780e+01 1.816723844786931608e+01 3.812338876218576900e+01 5.062786528891786020e+01 6.104939691073012398e+01 6.937024817699277435e+01 8.571053625231756712e+01 6.945092572542803566e+01 5.546904327015485592e+01 4.439994244410891611e+01 3.463961644295934406e+01 3.210982210973409678e+01 3.359640503638450326e+01 6.157389799497017435e+01 6.397465974178196291e+01 8.139086913070882190e+01 9.403805678070287399e+01 9.669513441406336085e+01 8.819837539925542558e+01 9.096916998186657111e+01 9.940201951652781531e+01 8.742637900711267207e+01 6.735983216282268415e+01 6.885881921547887430e+01 8.036692749179520945e+01 6.995425422666946247e+01 4.613497218207297124e+01 4.704694879952316455e+01 4.373710198644602087e+01
0.000000000000000000e+00 1.999999996064255470e+01 2.325488208119962508e+01 1.735392686873031565e+01 3.620874267633547561e+01 2.419652410384607677e+01 3.153820481452942914e+01 2.752533944226861706e+01 3.524735710400132405e+01 1.891400011692783067e+01 3.295132973042241531e+01 5.287435826942340356e+01 6.697622643732488257e+01 7.522693445027073267e+01 8.052892592228293722e+01 7.110556525085657142e+01 6.545183539836578746e+01 5.672238316701401573e+01 4.680339708037717372e+01 3.176841505480536654e+01 4.114648917630526626e+01 4.254535361683674921e+01 5.062170890219851316e+01 6.305890029567591171e+01 8.529646811488012759e+01 1.012820171311399804e+02 9.328552788013226404e+01 1.012819652925093266e+02 1.091989962720878111e+02 9.567427561558639582e+01 8.155844132091129950e+01 8.892197125089570875e+01 7.973412731614553195e+01 5.919634543326351661e+01 5.193180755361430556e+01 6.478144664487238913e+01 6.345540126606073983e+01
0.000000000000000000e+00 1.999999999999964473e+01 3.180409351047477529e+01 3.660338426217513330e+01 4.450178878576392094e+01 3.830682363368509158e+01 4.416660953562352887e+01 4.750065184412765262e+01 4.136443199048720487e+01 2.151456399494478688e+01 4.136443200855751456e+01 5.317358229851128471e+01 4.745633989960516175e+01 6.697622643732488257e+01 7.196601710660199558e+01 5.224195310717824725e+01 4.906426314313468851e+01 5.015665537588787259e+01 3.128088501991449277e+01 3.365750271688045814e+01 5.491455063605031484e+01 6.396421200408975949e+01 7.221293300429347539e+01 8.138483975643158885e+01 8.578409297898001284e+01 9.123908733281398042e+01 7.287738509472430337e+01 8.979325479160610257e+01 8.979329980998281258e+01 1.080203166861131336e+02 1.015928344127495535e+02 9.402164994320158087e+01 7.381621825700530337e+01 7.825429951079615876e+01 5.827286618722769873e+01 7.825440774075354966e+01 8.088523691301513452e+01
