MOVIE_S1_data/elevation_000456.asc
nrows	100
cellsize	150.0
xllcorner	0
ncols	100
yllcorner	0
NODATA_value	-9999
[rows 51 to 67 of 100, columns 37 to 73 of 100]
4.028420976138436060e+01 6.061630155765883643e+01 6.888523810004230086e+01 6.725699299239818174e+01 6.959094948825104154e+01 8.613476447460014640e+01 8.009116943996912141e+01 1.007252935726973249e+02 1.036947037933623506e+02 8.320994881618173622e+01 7.308364790598609773e+01 6.639300036716248599e+01 6.061245568425088948e+01 5.542090646961996470e+01 5.048551509895323619e+01 6.701169203143858510e+01 6.711076161766770554e+01 4.680780854166845018e+01 6.710495912632826787e+01 7.778026962334153893e+01 9.011756247879714010e+01 7.915162898948966586e+01 7.071140557114452463e+01 5.405927493412823281e+01 7.422113498732940684e+01 7.602570441310075466e+01 9.048350751866334463e+01 1.049413107694772265e+02 9.077751786918337018e+01 7.107535359308882050e+01 6.069694669193469849e+01 8.036984452107157040e+01 8.351022401453801081e+01 6.383135994146795156e+01 4.964893490043751711e+01 5.884957443962469625e+01 4.157088622792957011e+01
3.971582912789504860e+01 5.446179558037746915e+01 7.528188371082798369e+01 8.847350278815478930e+01 9.070707658299112097e+01 9.915243244529848710e+01 1.007252935726973249e+02 1.090866512947485489e+02 1.122084796490833440e+02 1.019559507508873821e+02 9.345232630477202918e+01 8.666276683844974116e+01 8.081138927418565743e+01 7.559604704620572591e+01 6.701169202442997630e+01 4.668682124639420294e+01 6.339032522044093554e+01 4.518412743644719853e+01 5.963142392835642625e+01 7.988198512849938027e+01 7.575381292892892304e+01 6.139006330925085564e+01 5.052107558785301222e+01 7.071140565034767178e+01 6.827164378364479091e+01 8.858447734055317824e+01 1.049413104234821787e+02 1.019265483291649730e+02 8.961852726179337481e+01 7.469076809236113945e+01 5.485098831050892443e+01 7.469076809236113945e+01 8.152210520362154966e+01 6.845323234353466546e+01 6.027446464031503126e+01 4.060111918064568926e+01 6.111694114588851079e+01
3.914546596213104124e+01 6.140851111504315440e+01 7.349167893109655836e+01 7.906494225349737803e+01 8.534151585483547819e+01 9.349897311793215238e+01 1.019610915252897030e+02 1.139115661424962553e+02 1.015891508699751000e+02 9.329127371496075227e+01 1.015891508265119967e+02 9.313633456735772143e+01 8.298165701703911168e+01 7.453817119277954362e+01 6.739231578865901895e+01 6.152639786586071580e+01 4.288661213363814539e+01 6.329568777676163194e+01 7.393133871568474547e+01 7.261544544566241655e+01 6.419311739635024594e+01 4.704048981813659225e+01 6.732273593218046415e+01 7.915163481264866618e+01 8.858447734060386836e+01 9.707604675581475817e+01 9.615659506391041589e+01 8.211756202298398932e+01 8.141071319284914409e+01 6.167187067493161123e+01 4.993361857044933316e+01 6.409296206145344854e+01 6.760818454177154990e+01 5.358064344781993071e+01 3.966680691242518719e+01 6.027447239103111798e+01 4.404090707884375178e+01
3.857316659088621691e+01 5.987559577254141630e+01 5.213219356473318555e+01 5.747978620276209227e+01 6.359882716565395100e+01 7.191636991447161620e+01 8.463900114625823790e+01 1.056019199803849631e+02 9.174223969280825486e+01 7.373788024733225654e+01 9.174223969280825486e+01 8.466177329439254606e+01 6.441456909131818520e+01 5.432663993850646023e+01 4.705129926526205253e+01 4.089431028913077171e+01 5.971251485511000823e+01 6.813963016310103171e+01 7.868535531621358814e+01 5.827001216376108772e+01 4.375375854809262677e+01 6.419311741444775521e+01 5.721496955780163063e+01 7.146963126817882994e+01 9.182131801097517609e+01 9.768147908369859067e+01 8.628088423286797592e+01 6.822386669554003902e+01 8.628088424075218654e+01 7.820935248581203325e+01 6.409296206145305064e+01 4.368151937691823150e+01 5.855242457971486658e+01 3.873704118338919500e+01 5.943000925242495214e+01 6.850135220269727654e+01 6.427735119619023862e+01
5.137250996975755157e+01 4.494942071322786603e+01 6.616543622697453486e+01 7.906494225349737803e+01 8.534151585483547819e+01 8.534151585598225154e+01 1.019610915252896888e+02 9.573412340252825459e+01 8.351457698113904371e+01 6.425784924400971931e+01 8.351457698113904371e+01 9.313633462965880483e+01 8.298165701703912589e+01 6.739231571456568304e+01 6.572154636022195007e+01 4.350781966144138124e+01 3.894440250140120696e+01 5.791172990530048992e+01 6.634383294714052681e+01 5.906740067253542747e+01 4.145550837122208065e+01 6.203847722880983895e+01 7.743050230655947530e+01 7.146963126817882994e+01 9.182131801097517609e+01 8.944635721078824986e+01 6.974250696299399976e+01 5.829120781547866414e+01 6.922390475124257136e+01 7.742337785227074676e+01 6.884961028919875048e+01 4.197786963977739561e+01 3.782304127900989954e+01 5.858490899347575720e+01 5.010787266750171653e+01 7.013485655723705747e+01 7.565044803241285365e+01
5.788785054033057520e+01 6.553581003442968722e+01 6.120032490792966229e+01 7.614027682721838630e+01 9.589153518450311253e+01 1.063376947898206311e+02 9.001104941126155268e+01 7.579287701387065113e+01 7.709566773542729834e+01 5.788796183766671533e+01 7.709566773542729834e+01 9.021901796431635034e+01 9.615902371984317654e+01 8.082430626096436299e+01 5.948265497269897395e+01 6.573347613608837037e+01 5.791172329510582983e+01 3.705774885436294852e+01 5.613223022959616770e+01 3.830043352502385545e+01 5.906740036762150226e+01 5.609643102626795752e+01 7.638384633640842480e+01 9.182131801097517609e+01 1.003164548643172935e+02 9.296989209010557431e+01 7.332378034678701795e+01 5.933973804359363413e+01 4.919314556999922416e+01 6.254698502416200512e+01 6.533265954965983724e+01 5.715972775479107781e+01 3.719920432224548534e+01 5.799460875960547668e+01 7.013485056469235701e+01 6.435039099528464135e+01 8.409979179695712048e+01
5.709051670255420419e+01 5.977005763210828349e+01 7.054635102348559883e+01 8.448957218401450575e+01 8.703500517259143976e+01 9.582162309701807601e+01 8.163353285579678698e+01 6.231962934321490621e+01 7.040696592354395023e+01 5.223830947879373809e+01 6.263781969808789540e+01 8.202011492096397660e+01 9.693156601918406068e+01 8.925528076899928465e+01 8.082430605702347748e+01 7.081208764840302194e+01 5.041482939983870182e+01 5.613332805569959305e+01 3.527282919451843668e+01 4.510185552881370086e+01 6.451932161584748826e+01 7.638384604709865755e+01 8.484128017832939861e+01 9.335018306141229516e+01 8.893012630513612748e+01 8.081388798176071475e+01 8.721838404151426971e+01 7.737338548243126013e+01 6.254698502416200512e+01 4.217690982340829464e+01 5.618110065630146011e+01 3.633888334437188661e+01 4.883812972709132083e+01 5.715337877998977945e+01 7.716342567647902229e+01 8.409979179695712048e+01 9.231788797075303421e+01
4.529565131653740906e+01 5.950472679980703106e+01 7.820301850226445595e+01 7.763763428866484162e+01 6.630263999544183662e+01 8.359448972606745087e+01 8.894621057862565294e+01 7.040696592354395023e+01 5.133415951723571169e+01 4.666571695860472602e+01 6.052835944044846883e+01 7.988418641118312280e+01 7.764775953079613657e+01 9.131052225562369529e+01 9.116452154127544816e+01 7.081208479212043017e+01 7.081208782870528751e+01 5.505932956695942693e+01 3.425581603631106020e+01 5.281916441910195203e+01 6.309577267396809930e+01 8.305418501648418328e+01 8.749399888220324328e+01 7.277913180364099333e+01 7.805974231329985003e+01 6.230323234509187103e+01 7.805974231855488199e+01 7.768735333461523851e+01 5.725808774962255399e+01 4.401332189209682610e+01 3.553256928244759649e+01 5.446271206149815924e+01 4.039369613185638741e+01 6.090522801893508387e+01 7.002193486925911259e+01 7.609917261815047596e+01 8.296439910385305438e+01
4.994845250124674862e+01 6.720188107537924793e+01 7.169762473841274186e+01 5.724160712697977971e+01 5.461605135735010208e+01 7.497827011206871362e+01 8.326363809717487641e+01 7.234166380576576216e+01 6.171425315561877767e+01 4.202759445793056159e+01 5.624221104196639942e+01 7.678094897455112289e+01 6.408585336462454052e+01 8.169011453842918513e+01 8.551821507362133445e+01 7.866201259195077000e+01 5.831798842767853586e+01 4.371866959139419606e+01 3.326782454485295659e+01 5.399763685922731327e+01 7.300349164843746053e+01 8.107623876153010656e+01 7.724539189333229672e+01 5.850656085076325752e+01 7.012675529511179207e+01 5.235232254057657997e+01 7.012669443523897428e+01 7.137083695091516233e+01 7.014061291837865042e+01 5.578170763055479142e+01 3.499266215974287064e+01 5.569287502491624053e+01 6.089371942274390648e+01 4.451512638629339591e+01 5.054764490718578429e+01 5.686404354404079697e+01 6.362073460327659546e+01
5.641959466027339687e+01 5.338810183089464090e+01 5.444122763488120853e+01 4.266164843035549126e+01 6.316040316934201826e+01 7.116840646905205858e+01 7.428536846419849837e+01 5.114031711418369497e+01 5.354156823450543357e+01 3.863540652452555690e+01 5.826302303322353993e+01 7.369139767942419894e+01 5.432537171811093657e+01 7.369139767872759705e+01 6.589225725621362528e+01 7.978325768310938315e+01 7.272117234834281874e+01 5.294788933782550799e+01 3.229750572815099474e+01 5.293050531814891713e+01 5.359516622592362012e+01 7.327410915935578828e+01 6.843542902600182742e+01 4.788241195771190206e+01 5.748565379449053125e+01 4.573011773080196463e+01 5.691944167716023628e+01 5.289571334342388553e+01 5.174828554108849232e+01 5.440122107398226348e+01 3.446766895653387053e+01 4.664685908737554598e+01 6.684801491620100933e+01 6.472442705160455034e+01 4.912475381502544280e+01 6.906229548778755145e+01 8.296439910385305438e+01
5.172946337312846055e+01 3.427824887069523641e+01 3.425049877017557520e+01 5.442162845652629954e+01 6.694481948739769450e+01 5.302774016157630399e+01 6.680204635900567212e+01 5.346425533616088188e+01 3.438606976484206257e+01 4.948794280293559211e+01 5.207790486512426043e+01 6.045696202735269509e+01 4.719940724435051749e+01 5.767816606585692796e+01 5.189475023527037223e+01 6.566438288526495626e+01 6.968707185948667870e+01 4.687884984393258492e+01 3.132691512333921580e+01 3.905617329025500339e+01 5.832057666856667311e+01 6.940275807685630127e+01 6.583183880195282711e+01 5.663624389866043174e+01 3.581995203737212563e+01 4.722755528918290224e+01 4.205452854350092196e+01 5.121683272697230649e+01 3.323246492368186011e+01 3.373980951531348182e+01 3.991060097417254582e+01 5.970978656717649358e+01 7.499057460003078290e+01 7.219211531266357440e+01 5.239739814041507060e+01 7.219211531266357440e+01 8.127461590270165459e+01
3.253848365507070639e+01 3.203407054522629949e+01 3.154278658948410197e+01 5.187495439721485013e+01 5.138033075450827880e+01 3.946311718582361294e+01 5.030923444461905802e+01 4.941110261073873033e+01 4.756587413430662536e+01 3.083529012345010045e+01 3.447685063841645103e+01 5.076640143319342258e+01 5.739522752168731046e+01 3.751003835792796082e+01 5.053702025186254332e+01 4.643102967682315807e+01 6.566337279439608210e+01 6.015937240853831725e+01 5.040897249458127050e+01 2.994505445518069564e+01 4.171615390666416801e+01 6.193970971888636257e+01 5.739293536536568752e+01 4.167765375653007709e+01 3.098252160976384317e+01 3.149833328075610339e+01 3.200776540327747455e+01 3.250959221501734220e+01 5.310776578859037045e+01 4.456875826864781232e+01 5.901693970179979232e+01 5.377180923690455927e+01 7.406490357185407447e+01 8.035960602712141565e+01 6.238275900452510569e+01 5.745896461013797563e+01 6.170877619869467878e+01
5.415497972395506565e+01 5.989480759646248487e+01 5.130202553408534527e+01 3.085997583109527653e+01 3.038823220802014546e+01 2.992296767048793171e+01 2.946292109489450439e+01 2.900679112388336378e+01 2.855244316147192407e+01 2.810075567593051460e+01 2.765998076096077440e+01 2.722746633061923305e+01 4.709956981114432750e+01 4.663358541067302809e+01 3.005769756181447150e+01 5.009360384246302544e+01 6.143630611216884319e+01 6.289378653109253747e+01 4.334177637658913795e+01 2.896789386168026681e+01 4.959214274045475435e+01 5.776524496773096473e+01 4.976558537475187194e+01 3.025131832597237391e+01 5.056231956365414248e+01 5.081738629025215204e+01 3.590225764553807863e+01 3.420673592288625997e+01 6.106767476272364092e+01 6.269756413196171252e+01 7.077754756191303898e+01 7.406490357185407447e+01 8.230051431336343626e+01 9.019098636332331864e+01 7.623407022975389680e+01 7.135145005739308033e+01 6.797955226882024249e+01
7.092450053492278528e+01 6.093360870392469764e+01 4.315025246712738038e+01 3.373296041094549480e+01 5.136916310659380258e+01 5.095555381910538983e+01 3.615136499594049724e+01 5.011223636820844263e+01 4.988629543517112097e+01 3.585959648638657171e+01 4.722439155909315645e+01 3.028016011708057675e+01 2.663138726599229145e+01 2.622870115222179521e+01 2.583872256314314342e+01 3.537497753665010691e+01 5.066744565357654295e+01 6.140479061976694197e+01 4.834597402594403803e+01 2.800218330059817973e+01 4.839265388873316454e+01 4.871933364912936071e+01 2.951610647078832272e+01 4.964418005800165190e+01 5.834211711778829113e+01 6.220602113808138256e+01 5.455426358357966166e+01 3.612526497660795144e+01 5.715874963103416206e+01 6.827164487048642627e+01 8.237201889041858749e+01 8.100462200301005566e+01 8.923723089374878725e+01 1.006898037433099375e+02 9.592485619413042741e+01 9.098903365346389194e+01 8.179478298581621232e+01
7.159798746124522495e+01 5.487487314176642172e+01 4.440075029008909979e+01 5.675925674076011518e+01 6.490409810998019680e+01 4.732116549292125995e+01 5.691877020467349979e+01 6.497524811355336283e+01 6.429323980583752984e+01 4.443874325568707917e+01 5.297091695816589407e+01 3.651994921353401224e+01 4.707243503053009448e+01 4.663284981173473653e+01 4.552161656188687289e+01 2.530223297255190928e+01 2.587707095834998938e+01 5.048626380237554656e+01 4.647136888965354728e+01 2.706784433062731665e+01 4.728066346000911579e+01 4.999344593494775069e+01 3.364717020128976088e+01 2.878209189101280785e+01 3.851327240701228050e+01 6.186126516507070505e+01 6.544056659827936073e+01 5.715874963103416206e+01 3.927873046022564552e+01 5.417126834704033911e+01 6.959110833499710225e+01 6.123583644442820173e+01 7.263684401983297789e+01 9.243521930157432109e+01 9.493928059603044289e+01 1.032069493832436820e+02 1.015471325357349883e+02
7.365060284130056800e+01 6.784799189024109012e+01 5.457648118068207310e+01 7.506724325519388685e+01 6.745700517766242399e+01 6.109240226330050660e+01 6.744300198451796291e+01 7.772618961595102860e+01 5.885440777605513318e+01 5.885043275375217320e+01 6.151653514916601750e+01 5.454435806115257179e+01 6.097594609514506203e+01 5.218257598890679105e+01 4.458887281084123089e+01 2.492637112856146686e+01 4.506546120648438603e+01 2.709173255655035817e+01 2.581464543071868079e+01 3.268845175250900326e+01 4.694406378674050728e+01 4.791075066277128514e+01 2.805781168592917396e+01 4.868771760677167748e+01 6.138809134073397189e+01 5.307152202998073420e+01 7.386863990689349180e+01 6.827164509160832040e+01 5.417126834704053806e+01 4.254117919107495283e+01 4.962254038010711099e+01 6.959110834004818003e+01 7.500430263123197960e+01 7.910351216989950274e+01 7.513435552413442053e+01 8.859683465744915054e+01 9.431229141664520910e+01
8.193879660976416801e+01 8.371604356047924966e+01 6.771698947552071957e+01 8.474708792859864559e+01 8.770249294613604718e+01 8.068929709073708523e+01 8.758702388880416834e+01 8.533859080326023161e+01 7.772641317981351960e+01 7.767900427135170105e+01 7.285281730306233783e+01 6.447178772610571684e+01 5.332388665122323346e+01 3.900801877504595438e+01 2.867500220470224903e+01 2.454363442056201094e+01 4.477722785344919032e+01 2.528660439410557004e+01 4.256233083322290867e+01 2.643103244673811147e+01 2.688274551858652828e+01 2.735197739493755265e+01 3.497670034097169633e+01 4.330667884025348968e+01 6.314264518529660108e+01 6.541714940543026557e+01 8.215428521783930194e+01 8.237202183617633011e+01 6.925276277899476440e+01 4.927398659732616437e+01 4.604165136258093582e+01 6.615575297615346528e+01 5.524117958795369532e+01 5.940963213073330706e+01 6.382248079441637856e+01 6.887625502947798850e+01 7.451336842668074212e+01
