MOVIE_S1_data/elevation_000212.asc
nrows	100
cellsize	150.0
xllcorner	0
ncols	100
yllcorner	0
NODATA_value	-9999
[rows 17 to 33 of 100, columns 0 to 36 of 100]
0.000000000000000000e+00 1.414213562373107536e+01 3.414213562373178235e+01 4.615869250180858785e+01 5.616232424795400391e+01 5.879333452585043318e+01 5.056908479383890409e+01 5.056884407348880472e+01 5.338546145504781748e+01 3.753568080303959675e+01 3.384706639372598858e+01 5.378722645670820413e+01 6.774688339379635238e+01 7.595813958432074742e+01 7.799612646176419162e+01 8.620905136536724456e+01 9.465587816476690364e+01 8.640833821649630409e+01 8.143504048929608530e+01 7.312275535388920389e+01 5.997570629092741967e+01 4.042314722049398767e+01 5.363202008515504815e+01 4.803820921221654316e+01 2.796709479597619818e+01 4.803820921221654316e+01 6.382811080682601812e+01 4.801006851015554844e+01 2.754937778141229998e+01 4.234015576896982225e+01 6.169844874686007330e+01 5.921302506801121268e+01 4.100052245736666379e+01 5.921302506801130505e+01 7.429190800135143036e+01 6.477708415173596279e+01 4.987315747045668957e+01
0.000000000000000000e+00 1.999999999999964473e+01 1.787156072860504352e+01 2.787156087841376717e+01 4.787199448671518098e+01 6.744220349470424480e+01 6.161201885253262844e+01 6.389335793374839056e+01 6.537732926975769487e+01 5.704018574540621245e+01 4.533311091812966254e+01 4.383324737086845602e+01 5.274440838110742646e+01 6.419763909790162870e+01 8.393785946243067997e+01 1.005419540840786681e+02 8.055400283833128583e+01 6.591486695353357561e+01 7.457642706663362731e+01 8.292240973584533492e+01 6.822622893175501702e+01 5.363202008515504815e+01 3.393327960429419221e+01 4.609536711053938518e+01 2.587611739434570168e+01 4.609536711053637248e+01 5.787057693333696307e+01 3.944952105601544901e+01 2.493877828839127275e+01 4.526262200827557081e+01 4.789158899328553076e+01 4.822929329274089127e+01 3.462984346475467845e+01 5.183566959375295369e+01 6.492690113633690885e+01 6.206817065883552687e+01 4.337023513297229727e+01
0.000000000000000000e+00 6.324555320336785691e+00 2.046669141493530830e+01 4.046684997482794444e+01 5.616021883004737703e+01 4.751955785373137786e+01 4.168226938081402011e+01 4.387140371416623452e+01 6.389222970961467496e+01 7.238286855377167228e+01 6.501445773140900997e+01 6.368760548835700774e+01 7.187845602041294057e+01 8.072748044464162831e+01 9.213138422625222290e+01 8.681584668104720492e+01 9.465587816476690364e+01 7.457642706669442134e+01 5.340242217809134218e+01 6.554780104611391778e+01 7.402179872297880081e+01 6.184781245824574114e+01 4.782317965545227167e+01 2.777581442237836029e+01 2.387687571497984251e+01 4.396272679064620093e+01 5.692413690267662929e+01 4.435163727979374215e+01 2.693456570975247999e+01 2.157612048663289883e+01 2.164230560537333403e+01 2.692361446716536122e+01 3.286384209398975287e+01 4.089723353653905491e+01 5.709439236550690566e+01 6.554459593463610645e+01 4.778488934542439637e+01
0.000000000000000000e+00 1.999999999999964473e+01 3.460882543943249345e+01 4.741474399826293507e+01 4.638143407125744488e+01 3.811585246322911757e+01 2.756450967921256634e+01 4.746153473767499520e+01 6.167071608029841201e+01 5.368863258114270565e+01 6.033189230476337173e+01 6.792425759718973666e+01 7.614688019713861422e+01 8.757840722978805559e+01 8.090374831930571986e+01 6.669098252919128811e+01 8.090374797491885772e+01 8.292240929569260288e+01 6.554780104611391778e+01 4.383282414582423314e+01 5.761861259022249016e+01 5.281279005739058618e+01 5.602615822905699616e+01 4.268993711493643417e+01 2.199130803103567899e+01 3.656725290471231204e+01 3.654665103867543507e+01 4.044328729109668785e+01 3.397973864659300602e+01 2.117103625274637224e+01 3.314535792661249758e+01 2.212596095994959100e+01 3.511448510798728506e+01 3.890429953803546681e+01 5.164586765333024232e+01 5.508230541256006774e+01 3.956889588649482903e+01
0.000000000000000000e+00 1.999999081210307494e+01 1.915984078200805385e+01 2.761363483418681852e+01 3.028136116825951163e+01 1.814039363631857782e+01 3.810915189741841402e+01 4.320124773410564245e+01 4.688583044063571492e+01 3.385897375829774347e+01 4.050749386244331873e+01 4.803760426456206289e+01 5.957699901896454975e+01 7.947156763416748504e+01 7.184738640385931774e+01 5.226501852164874862e+01 6.557051047283803769e+01 7.385897486425771774e+01 7.268345504939054535e+01 5.137855052857752725e+01 3.559556705677944421e+01 3.076171961591769843e+01 4.631028413504950692e+01 4.249057263440245436e+01 2.184799198981482604e+01 1.968203996780480125e+01 2.001826631217502950e+01 2.035517610132873756e+01 2.069258172830859976e+01 4.077689477772815252e+01 4.442043730499328547e+01 3.180582161380764461e+01 2.261391127596202466e+01 3.259306390894918337e+01 4.327146708574516509e+01 2.713044502482959786e+01 4.204662646763828349e+01
0.000000000000000000e+00 2.499999999993750333e+00 5.019763153223737007e+00 7.623541370170623388e+00 1.029615376133939009e+01 1.349871628147094427e+01 3.340241855371709079e+01 2.329238885049397823e+01 2.700566878588009345e+01 4.678719892417490911e+01 4.638558511365165060e+01 6.491139910909446087e+01 7.459621436885198875e+01 7.861051084398468447e+01 5.767806052438287878e+01 4.303520017245219975e+01 4.521281711537768899e+01 6.216422992840993089e+01 6.711848685481025711e+01 6.622703909099300290e+01 5.761861259022249016e+01 4.631028413504951402e+01 2.437639212946955425e+01 1.940787162028778212e+01 1.921631293681046770e+01 3.764757985714520316e+01 4.014429055960624027e+01 4.014722750889921343e+01 2.293540747078512609e+01 2.657935583820717440e+01 4.657226358963535517e+01 5.356547580118647289e+01 4.438890882583822872e+01 2.310080526209732099e+01 2.344647670619412594e+01 2.379498516880507708e+01 2.492911948121397003e+01
0.000000000000000000e+00 1.999999999999964473e+01 2.501384015969519581e+01 2.761363483418687892e+01 2.443275950729492507e+01 3.345009230814293488e+01 1.821272359764171611e+01 3.814982886163971898e+01 4.688583044061368810e+01 3.698795104537609291e+01 5.683851911165741910e+01 6.198753143256684695e+01 7.953169969640653392e+01 7.852534499268536194e+01 5.565935245243144180e+01 4.268943122491813114e+01 3.328710596564285851e+01 4.705656255038927327e+01 4.701726222757910278e+01 6.008526853001275470e+01 5.629816209697531804e+01 4.720062361953171148e+01 3.667317768164907221e+01 3.982664527952180578e+01 1.888708581482910986e+01 3.682696811626727396e+01 4.670511488653586696e+01 5.136217200913739589e+01 4.392438083050880948e+01 4.657611733057036218e+01 3.358132959710725629e+01 5.297547926393619377e+01 5.344038508200180360e+01 3.855433895852678461e+01 3.273702455407226353e+01 4.045072100108855295e+01 2.431991964487535185e+01
0.000000000000000000e+00 8.944271909999079284e+00 2.049127729379139140e+01 4.049127729379068086e+01 4.440113461907805714e+01 4.642889986323227447e+01 3.822111043663627328e+01 4.657092800910617569e+01 6.498718036749217219e+01 5.684047448689926085e+01 5.107352903464347094e+01 7.098015860597607229e+01 8.696033097985578308e+01 8.523462714587671485e+01 7.234536128355662754e+01 5.878829993639591578e+01 3.846833554931632904e+01 2.663895258941037270e+01 4.033439446277382956e+01 3.974772014336672754e+01 3.492827889279669762e+01 3.781937590596886878e+01 2.342806036367274913e+01 3.837320750874486208e+01 1.855905666128723652e+01 3.474042658725451105e+01 3.228430740781202246e+01 4.282446987398162719e+01 6.059097930547020638e+01 5.775908375265243677e+01 3.862509470558259039e+01 5.775908349536844355e+01 6.590535557614873596e+01 5.125789641678795050e+01 4.674764524198445059e+01 5.390789906120325270e+01 4.900076888305950007e+01
0.000000000000000000e+00 1.999999999999964473e+01 3.722854315745997411e+01 4.877554854125228445e+01 4.626080908396006208e+01 4.844860397368547211e+01 5.673282818250870463e+01 5.516390361932717212e+01 6.344807605613164725e+01 7.344802108237145433e+01 7.101600037078333116e+01 7.921103575638269945e+01 8.088416738284614382e+01 7.295795137643906969e+01 6.348006119952330550e+01 6.705855423695119555e+01 5.538664437000901586e+01 4.141166459486193219e+01 2.121839185252560966e+01 3.440013391760328432e+01 1.665190012409728126e+01 1.697892866190333550e+01 2.313994508517775728e+01 3.373249720236542970e+01 1.823108780083883929e+01 2.418121740988247481e+01 4.067490971792388166e+01 4.802852622648025971e+01 6.635839053801335297e+01 6.579637230200209785e+01 5.212007869256531478e+01 4.716744644545506304e+01 6.632789833243073474e+01 6.882253559139691390e+01 6.753861648217593938e+01 6.099967467247130060e+01 3.812386420654451058e+01
0.000000000000000000e+00 1.999999999999964473e+01 2.586613895305545796e+01 2.891611035970752752e+01 2.626080905955160105e+01 2.844860504844082882e+01 4.447345485397336518e+01 3.516390532419615056e+01 4.516390532416851755e+01 5.930604092374648673e+01 7.930602936482519283e+01 8.616995938559188062e+01 6.753784902035701521e+01 5.416530988655619439e+01 4.614105661801036007e+01 5.664664681267233703e+01 5.548966017337983203e+01 3.532942123898494202e+01 2.117342200730180934e+01 1.618938597988742600e+01 2.225217455179298653e+01 3.187652099965856323e+01 1.744137108221762134e+01 1.776862026800174021e+01 3.183813474084487893e+01 2.566768553666626573e+01 4.154998048716621639e+01 5.397093945580309082e+01 6.146101105574091150e+01 7.024332906851334712e+01 7.137284624700521363e+01 6.632789833243073474e+01 5.731098262622227679e+01 7.668230646652484950e+01 7.305018508586206849e+01 5.217214611745144737e+01 6.099967467247130060e+01
0.000000000000000000e+00 2.917299829957884949e+00 5.866138953055815008e+00 8.916110359707882793e+00 1.211867343580965262e+01 1.814890032736482084e+01 2.447345564770146709e+01 4.447345485412104438e+01 5.335007676186628345e+01 5.938030334323500625e+01 6.766452011282555645e+01 7.921148720274113941e+01 8.088416738284614382e+01 7.295795137643906969e+01 5.664664681267233703e+01 3.577444855890769304e+01 4.776541134183541715e+01 1.981649557225585667e+01 1.572835889380866981e+01 3.111539520206765985e+01 2.504399021100900313e+01 3.592775997874178984e+01 3.515876972723361860e+01 1.833849256561132890e+01 2.766435832168900788e+01 2.904120602297431475e+01 3.020599353981339519e+01 3.413982972066630595e+01 4.027588937618575926e+01 5.230438914354471791e+01 7.396918920065013481e+01 8.480267228942301472e+01 6.842907741285470991e+01 8.480267228942301472e+01 8.124362933751530136e+01 6.459211213543724739e+01 7.114954661371434952e+01
0.000000000000000000e+00 1.999999999999964473e+01 2.586613895305545796e+01 2.305824598291185268e+01 3.211867344290917714e+01 1.829080743429322098e+01 2.300485264220345627e+01 2.800485264220336745e+01 3.335007748045166664e+01 3.938030437200672651e+01 5.092730975573813623e+01 7.092730732178267772e+01 8.260358650117007073e+01 6.858745940486363679e+01 4.890100018247252933e+01 3.338082170608411303e+01 2.644583018999243151e+01 3.808553284663946670e+01 1.540318583231872829e+01 2.844777165329897883e+01 3.108566677703266024e+01 4.422120244725309846e+01 4.842209731476287971e+01 4.572967553598424928e+01 2.648130375408695159e+01 4.800874358276712428e+01 4.192151864929351035e+01 5.397093945580309082e+01 6.146101105574091150e+01 7.024332906851336134e+01 8.261936692202993981e+01 8.957369034253599693e+01 8.795642701708996469e+01 9.609878180526480662e+01 9.273147689558405204e+01 8.460412760320458858e+01 7.620121940784001424e+01
0.000000000000000000e+00 1.414213562373107536e+01 3.414213562373178235e+01 4.305824472277083714e+01 4.657509940004501203e+01 3.829080898386939680e+01 4.300485224730197586e+01 4.800485211566802946e+01 5.335007676186628345e+01 5.938030334323500625e+01 5.352243999178266165e+01 7.352243649283956017e+01 7.481314606252828980e+01 5.588109056010848263e+01 4.536650366262102096e+01 5.466703059115843644e+01 4.218570045381500222e+01 2.128138726561931904e+01 1.894824047044062354e+01 1.494359649457382133e+01 1.872924437048074253e+01 4.199918204632110275e+01 5.533953244575636887e+01 5.927111608963307532e+01 4.959674882916708327e+01 5.942266633335987791e+01 6.264619186088278013e+01 6.345116001367939162e+01 6.674917766706479938e+01 6.767440843328778044e+01 7.591037543957425271e+01 6.970606667705600046e+01 8.291433308112372913e+01 8.291433308281347081e+01 9.117396691740025005e+01 9.228232905080534465e+01 7.258707248921648159e+01
0.000000000000000000e+00 1.414213562373107536e+01 3.414213562373178235e+01 3.688186570769216388e+01 4.464775985170864914e+01 4.933850675955947906e+01 5.418336608109085972e+01 5.949920234213848147e+01 6.546571760650748217e+01 7.260684651921177135e+01 7.352243649283956017e+01 8.180660023386853652e+01 8.260358650117007073e+01 7.315575745609271507e+01 6.534711787149933571e+01 5.740777729564418053e+01 3.886079651110023292e+01 3.381778217938866504e+01 3.403731830635215516e+01 1.461967399195741990e+01 2.953970908170940390e+01 2.638497850285432378e+01 4.047096440438222231e+01 6.190680062994156430e+01 6.243155642066800226e+01 6.462166975662726998e+01 5.640038213913578602e+01 4.366224595254161045e+01 4.696107174678390095e+01 4.789229094757669714e+01 6.005750773891134742e+01 5.572201345185703758e+01 6.307716231637882487e+01 6.307716231637886040e+01 8.291433308276801029e+01 9.330080469616343919e+01 7.356449756593434586e+01
0.000000000000000000e+00 1.999999999999964473e+01 3.124788758973699387e+01 1.697402064240133157e+01 3.641614791603993950e+01 2.980969753474716200e+01 3.480392879496524472e+01 4.033268213096031474e+01 4.659793967693982353e+01 5.397024700961799937e+01 6.485112933058549345e+01 8.331095924888154514e+01 8.082747685426842565e+01 7.283572548821649661e+01 6.987425776058616123e+01 5.205156672018038932e+01 3.977955626879361972e+01 3.826015473587486326e+01 1.962378493535203106e+01 1.582969449375347359e+01 1.416433993550790404e+01 3.676382281030149102e+01 5.553150696323665159e+01 5.664929941525392820e+01 4.262921741734442094e+01 5.318478528643917258e+01 3.660713810568796589e+01 2.965068820588436438e+01 3.296533921241302068e+01 3.647500346736369892e+01 4.028973227839023252e+01 4.432785552021547204e+01 4.911486845480071395e+01 6.888733511365563800e+01 8.705061134051209137e+01 9.699769859473430245e+01 8.751534344884582595e+01
0.000000000000000000e+00 1.999999999999964473e+01 1.131718522194618082e+01 3.124788758973699387e+01 2.314585202431575794e+01 4.302055104829736365e+01 5.418336608109085972e+01 5.949920234213848147e+01 6.546571760650748217e+01 7.260684651921177135e+01 8.042904100855591309e+01 9.117621031798422848e+01 7.283572548821649661e+01 5.423564925852507201e+01 5.968348545561499208e+01 5.423865235451558675e+01 4.336091578261651591e+01 2.534292239459162843e+01 3.485603310273453559e+01 2.661565576833351088e+01 1.384804611719436807e+01 3.611291623164287756e+01 5.274276797979005238e+01 4.626185898806173213e+01 2.862450224509340302e+01 4.083639076693994241e+01 2.513547798553148027e+01 4.497274736890873470e+01 5.275687378399651806e+01 5.625319757777168661e+01 6.005750773891134742e+01 5.572201345185703758e+01 6.888733511401564158e+01 5.897833511457816513e+01 6.886309288491936798e+01 8.872957734354517356e+01 9.890738060829133360e+01
0.000000000000000000e+00 1.975998862645568721e+01 7.537540945138445636e+00 2.765783836703981180e+01 4.317067576702484644e+01 3.991431316417260433e+01 4.450738178957750790e+01 4.936470570013342041e+01 5.540650576976810981e+01 6.209139436661064337e+01 7.041437909375397908e+01 8.045833418957155914e+01 7.037561618349117509e+01 5.185630252164120435e+01 4.162501701331282078e+01 3.638893674398141087e+01 3.147856598812984430e+01 4.335883360808393405e+01 3.705679405475056143e+01 1.963348964297076904e+01 1.353611649833445085e+01 2.706288752715889601e+01 4.054772175614304075e+01 1.633999110516836240e+01 1.851890234026599558e+01 2.093977896022823515e+01 4.083639076693991399e+01 5.318478549549996615e+01 5.907223585609718697e+01 6.442307692314163603e+01 7.261089401644544239e+01 7.552515892277665444e+01 8.377390728469318049e+01 7.879633511332426110e+01 8.705061347466144639e+01 9.699769984162948333e+01 9.079073010173979696e+01
