MOVIE_S1_data/elevation_000170.asc
nrows	100
cellsize	150.0
xllcorner	0
ncols	100
yllcorner	0
NODATA_value	-9999
[rows 34 to 50 of 100, columns 0 to 36 of 100]
0.000000000000000000e+00 1.999999999999964473e+01 2.653269632219494767e+01 2.415613351871902381e+01 2.787006659845615175e+01 2.935739306978578966e+01 4.266566317034951794e+01 3.531035256597547090e+01 4.945540908010448078e+01 6.950517966055490149e+01 6.206906779501063909e+01 5.327449362644272668e+01 4.022188890396468963e+01 1.961515870671209782e+01 2.305298925183284453e+01 1.368392135387332686e+01 2.017900782761708101e+01 2.889305996437381907e+01 4.116084599727602722e+01 6.395178401992657058e+01 6.031304228624535568e+01 3.917373897252206660e+01 4.514073466067307550e+01 2.751874390213785304e+01 4.824411267523421998e+01 6.001256593524794880e+01 7.493416211708508001e+01 7.751533126563114706e+01 5.606450342479552518e+01 7.751533126563127496e+01 8.624161375701611121e+01 8.685588235882848096e+01 9.539990793171430994e+01 7.899243114676592370e+01 7.899197286528746531e+01 8.962467544138613107e+01 1.090706868361121877e+02
0.000000000000000000e+00 3.244428422615257102e+00 6.532408168722416697e+00 1.001396128783640371e+01 1.372786805137747379e+01 1.781035095601738050e+01 2.266106345691007462e+01 3.680362166511056188e+01 5.681788327549132589e+01 7.175678218301462152e+01 6.722115028975140660e+01 5.679110176830855750e+01 4.432575646497130606e+01 1.414033217450088387e+01 1.323169082631328841e+01 2.880074766604273506e+01 4.000969621741012361e+01 5.186508700265228100e+01 6.070059383155232524e+01 7.242283508994248109e+01 6.008272471711097751e+01 3.916248222693340608e+01 2.467704619015035661e+01 4.530744485880396866e+01 5.359174894134211087e+01 6.232797677724345675e+01 7.289741355894859964e+01 8.613625269404683138e+01 7.751533126563127496e+01 6.855348441551097949e+01 8.367592149916831090e+01 1.044395303433398965e+02 1.084563214214593359e+02 9.995673773525419392e+01 9.991464894134009000e+01 1.058124500280917175e+02 8.916790432793371224e+01
0.000000000000000000e+00 1.999999503083439834e+01 2.067456338058642729e+01 3.001447178244994163e+01 2.787006659845615175e+01 2.935739306978578966e+01 4.266566317034951794e+01 3.335155172307481308e+01 4.335184180140363708e+01 6.338400964777896718e+01 5.852812597160118457e+01 3.774782706132109666e+01 2.704212475897840662e+01 2.841445885710060537e+01 1.290919939580207298e+01 2.105884603376536290e+01 4.044923644900835313e+01 5.283843546801634972e+01 6.477203390778305447e+01 6.164469337478951871e+01 4.940522688544988483e+01 4.075439357565482368e+01 2.275505902240332645e+01 2.743037250580926312e+01 3.260818961123975868e+01 4.300253231536294152e+01 5.795136251172163355e+01 7.922055775297458524e+01 9.826656846206920193e+01 8.975744172772110119e+01 9.826656846206920193e+01 1.099529977360017341e+02 1.018842808142811549e+02 9.942581985906110731e+01 1.075470932706045346e+02 9.757980999739284300e+01 7.718809489114681810e+01
0.000000000000000000e+00 1.414213563024436127e+01 3.414214256124682123e+01 4.896257781014389820e+01 4.787268459259411202e+01 4.936393925270817107e+01 5.766949135921225889e+01 5.336482148490129873e+01 6.169711105636940829e+01 7.171259668072464422e+01 6.719700195686465349e+01 5.679073847878549230e+01 3.833477936211557591e+01 2.053503040091745646e+01 1.258551708086937637e+01 3.221453558294673059e+01 3.507312693221491884e+01 5.090234520026273657e+01 4.547094755050246562e+01 4.693417017571148619e+01 3.222364697663331157e+01 2.025722557255407352e+01 4.075437611143242123e+01 4.203511291395251703e+01 5.359174894134211087e+01 4.344920324222939456e+01 5.422080572682762778e+01 6.961736062067393505e+01 9.197945288199389324e+01 9.542099647025128206e+01 1.032319800931988141e+02 9.872609454609481361e+01 8.234339608398470034e+01 7.978571760214333608e+01 9.621355911303011510e+01 9.037024998156736899e+01 6.945168501653064652e+01
0.000000000000000000e+00 1.414213562373107536e+01 3.414213562373178235e+01 4.439161988191017372e+01 4.557613437206592266e+01 5.386040561969839047e+01 5.074980555632574664e+01 5.903407680387286405e+01 6.903407680392025725e+01 7.857620487090220252e+01 6.088944910710152669e+01 6.089594792434965598e+01 4.643328648706749107e+01 3.247978700553493780e+01 1.226067259516027086e+01 3.096529715051219256e+01 3.073630767095607297e+01 4.173560064397187830e+01 2.627848305453168720e+01 3.590168813401716363e+01 1.787159496298788497e+01 3.830279661695112736e+01 3.038094122251953522e+01 5.112784563754048150e+01 7.177983156838791956e+01 6.309155749532294521e+01 7.376817160274337937e+01 8.474899563020208859e+01 9.243770892587889421e+01 7.633952535940223072e+01 9.243770892587889421e+01 9.062899188088468350e+01 7.100003635457211715e+01 6.844364251997139093e+01 8.743188852616175666e+01 8.406306527665293515e+01 6.278454580904573135e+01
0.000000000000000000e+00 1.999999999999964473e+01 2.671395035224706405e+01 2.439161988191088781e+01 2.557613437206521567e+01 4.005935587982857982e+01 3.074980555632503965e+01 4.074980555632539136e+01 6.074980555632609480e+01 7.344558143032165276e+01 5.569771995755146321e+01 4.251465612971484376e+01 5.026859059076544156e+01 3.501078200229459725e+01 1.566750522510168153e+01 1.180028317952642070e+01 3.007436013349719062e+01 3.187704290729147161e+01 1.391024519582934893e+01 1.552549378952167558e+01 2.560492352262641447e+01 4.619844571349499773e+01 4.496800687526062035e+01 4.496800687594107870e+01 6.599901350822956658e+01 8.480520202063141255e+01 7.693912672578770184e+01 8.513880186927832483e+01 8.448055435753089171e+01 6.513079098330284467e+01 8.448055435756452880e+01 9.370651727266880471e+01 7.930200320829531790e+01 5.973883900948544579e+01 7.930200149527061626e+01 7.856897498226881282e+01 5.726879412308795736e+01
0.000000000000000000e+00 3.333333333333340143e+00 6.713950352247421094e+00 1.024948425818018904e+01 1.402912898827249499e+01 2.005935587982787283e+01 3.420149150355932477e+01 5.420149150356002821e+01 6.903407680392025725e+01 7.079957538905142655e+01 5.160760628731886612e+01 5.028519172247317215e+01 3.120886136714564785e+01 4.057939486545953400e+01 3.421906586836448838e+01 2.999335751935041472e+01 1.133976416828148714e+01 1.187801286899374453e+01 3.201275519843887452e+01 2.429062501903167970e+01 3.537155130514685197e+01 4.619844735414672243e+01 6.599901205680301075e+01 6.599901350822956658e+01 7.465190986214913949e+01 7.531422479036295670e+01 5.795486406968469595e+01 7.531422479036295670e+01 7.765909628520680030e+01 5.827116658925616832e+01 7.765909628520680030e+01 8.557345959490480425e+01 6.596398545239368616e+01 5.475912737297628752e+01 7.425192450506686725e+01 7.354847436983020259e+01 5.247829121597803237e+01
0.000000000000000000e+00 1.999999999999964473e+01 2.671395035224777814e+01 3.024948425818054432e+01 3.402912898827320021e+01 2.219409479754990144e+01 3.113836670754921698e+01 4.268537209134213839e+01 6.268537209134284183e+01 6.517262853987035953e+01 4.598892593613143731e+01 3.211838590787650816e+01 2.503862345864686745e+01 2.174362994454542175e+01 3.669311679504335189e+01 2.903683624739216995e+01 1.101540226014878598e+01 3.124656314745411834e+01 4.059073394957833614e+01 3.533310583676023242e+01 5.249362652963860398e+01 6.452274984128200686e+01 7.575317868704821933e+01 8.561894638461937745e+01 7.730550169445862707e+01 6.715515861474676740e+01 4.795936040293393887e+01 6.715515861474676740e+01 7.182591088351270514e+01 5.241806902841015159e+01 6.422745806267218427e+01 7.227720730212502076e+01 6.989392649639194133e+01 5.044265589023273577e+01 6.403003544105662570e+01 6.433213217557864994e+01 6.351228817643526270e+01
0.000000000000000000e+00 8.944271909999235604e+00 2.049127729379195628e+01 4.049127729379266327e+01 5.047836604506517233e+01 3.374110018134282285e+01 4.219409479755061199e+01 5.942263795508915791e+01 7.096964333893591004e+01 7.079820741573315956e+01 5.160749333575108722e+01 5.159051287050964874e+01 3.542757319226340940e+01 1.556211518189379994e+01 2.925258019767612438e+01 1.056954030609426098e+01 1.420708400872302057e+01 2.480369128489535768e+01 4.700183173870985343e+01 5.659718369792489057e+01 6.468862253884262259e+01 7.750443071932902228e+01 8.012857206183572600e+01 7.405343941191553370e+01 5.728929621754102186e+01 6.067386985291426527e+01 4.137903652983500535e+01 6.067386970987853090e+01 6.562615867662051983e+01 5.756152239808537985e+01 4.476591957868931360e+01 6.422743894425970268e+01 6.682631337296913898e+01 5.872000793616364689e+01 4.460815936888781152e+01 4.269558015622688174e+01 4.414402617792233485e+01
0.000000000000000000e+00 1.999999999999964473e+01 3.722854315746214127e+01 4.877554854125485662e+01 5.846237465283634549e+01 5.374110018134352629e+01 6.202537142889489274e+01 7.047836604519464743e+01 7.846388527118480738e+01 5.919143164293002712e+01 5.919143045464894470e+01 5.087027231708378849e+01 2.668404945080791535e+01 1.192526077563216802e+01 1.013001011940002805e+01 3.002930156994492350e+01 3.351149317420753704e+01 4.356252476278870489e+01 5.553875907053288330e+01 6.518592107461354601e+01 5.125680179768689726e+01 6.518592107461354601e+01 6.043050066071552351e+01 6.558310448819572969e+01 4.632352492566894142e+01 5.434146156914037817e+01 3.562466176268765849e+01 5.060473814623468769e+01 5.154537659637166769e+01 3.801432190388466381e+01 5.756146925086562050e+01 6.492865071358825446e+01 5.682642136607208272e+01 3.926799442070461055e+01 4.064798948505634257e+01 5.436429713590248269e+01 5.613880366182499415e+01
0.000000000000000000e+00 1.414213562373082489e+01 3.414213562373011257e+01 4.535157436879005388e+01 3.890607229747941886e+01 5.278566638842504943e+01 5.663286342109597626e+01 6.522098757385725776e+01 7.296582962166559128e+01 5.348588943895901338e+01 3.902778041541722587e+01 4.854652365939953995e+01 3.960504391296020543e+01 2.981965252526930499e+01 9.824744535693996639e+00 2.937366676218621464e+01 4.225756821055533408e+01 4.207730297202628833e+01 5.646264475178884368e+01 5.715445801934449577e+01 3.780702601428910015e+01 5.715445155008548994e+01 4.628664469068190357e+01 6.058910928637526183e+01 4.874677521519041790e+01 3.555294207629911085e+01 2.998492336475676723e+01 3.094520980625162210e+01 3.190736662500153642e+01 5.146752209708147063e+01 5.389948485872728412e+01 5.494173746904389333e+01 3.728532500929455296e+01 5.682642136661118570e+01 6.006764962405848962e+01 6.540292915480944202e+01 7.376918601382097052e+01
0.000000000000000000e+00 1.999999999999964473e+01 2.727895422746246012e+01 2.527555730339314977e+01 2.509149931879965578e+01 4.275352343867299254e+01 3.522031094749893043e+01 5.112591312742253535e+01 7.383616290624200929e+01 6.454494318335081005e+01 4.855022714194138445e+01 2.797662249983189042e+01 2.211758658521155141e+01 2.973490839028459831e+01 9.522342950410616069e+00 2.824209089094689773e+01 2.865515791734949858e+01 3.688437288302213091e+01 5.442586140708974796e+01 4.989873876990368018e+01 3.026685481914059750e+01 4.434243648174446406e+01 3.453370743362125239e+01 4.613943994679224403e+01 4.705641685942404706e+01 2.863071082668824019e+01 4.833467898694325271e+01 3.842418231874645329e+01 5.154414808769795542e+01 3.330151051158257758e+01 3.428945797553278396e+01 3.529732877218946641e+01 5.494174035945740542e+01 5.854842234858099204e+01 6.013459327132591170e+01 6.176125539564851152e+01 6.339519813965591766e+01
0.000000000000000000e+00 3.592116256358734994e+00 7.243708885340132575e+00 1.109336473114807120e+01 1.594872012476029610e+01 2.179966644247178920e+01 3.666047649584547230e+01 5.751946105055804281e+01 6.998521332705844600e+01 6.165991677749627087e+01 5.670366270799917174e+01 4.854603397926671704e+01 3.473611524048848764e+01 1.422425159869957767e+01 9.222744949588909336e+00 2.560536236661085496e+01 2.147132983825651209e+01 3.920772847613485368e+01 5.017638647883060088e+01 4.180343727565201561e+01 2.336693167539538862e+01 2.433991602756128003e+01 2.531663033532204565e+01 2.629589827396192803e+01 2.726718310201639639e+01 4.705701120370809321e+01 5.641234065980332701e+01 4.644418438471758748e+01 6.101961694214576681e+01 5.294029788770401268e+01 5.390548486947375295e+01 3.823519861297381084e+01 3.751567441535899405e+01 3.906235588981854079e+01 4.063909400294320307e+01 4.224207473267796331e+01 4.388336744941745593e+01
0.000000000000000000e+00 1.999999999999964473e+01 2.727895422746246012e+01 2.266930291555511090e+01 3.611633600827357071e+01 3.067029889682272881e+01 3.878121460650618957e+01 5.928938012070058505e+01 6.165991678064604997e+01 4.067753190360724602e+01 4.682312696867603563e+01 5.115702246468951842e+01 4.183585720559436538e+01 3.018654192812359938e+01 8.926160861051020134e+00 2.017593012839032340e+01 1.616101028497893921e+01 3.945762693134249588e+01 4.090286922629363175e+01 2.201323675499874000e+01 4.217140528088918927e+01 4.434243648174292929e+01 3.946516450094401307e+01 4.615235674012340183e+01 3.436759221346697046e+01 4.653617052732155202e+01 6.458974652536271321e+01 6.023009896285238085e+01 6.236346997601757636e+01 6.750237292292644042e+01 4.682988954536087789e+01 5.869289257132790283e+01 5.703142311977391188e+01 4.468609309249631423e+01 5.037621261836370934e+01 6.173868243280799106e+01 6.339308979136313837e+01
0.000000000000000000e+00 1.414213562373107536e+01 3.414213562373178235e+01 4.274830221079764669e+01 5.105024529504851927e+01 4.891464987084147964e+01 5.697585789890948149e+01 6.763390355513493546e+01 6.163722452711763822e+01 4.067694175184128369e+01 2.578101516256230497e+01 3.014405718812895074e+01 4.230112666934400067e+01 3.188787587038184057e+01 2.728561510841942805e+01 8.508161438362433771e+00 2.905347574209189787e+01 4.078673490500053589e+01 2.068287363314155769e+01 3.963637228572808624e+01 4.779868814558101775e+01 5.549865210498086299e+01 5.878775278409822391e+01 6.207553846201063408e+01 5.430814504962869904e+01 4.673695958224481473e+01 6.591108124500291865e+01 7.972522829575308378e+01 7.615427610928203705e+01 7.410452745658145091e+01 5.431820673986153736e+01 7.410512207726725364e+01 7.004708728560359532e+01 5.056642323092297175e+01 6.968813181294588333e+01 6.933534714925696107e+01 7.384827888950682961e+01
0.000000000000000000e+00 1.999999999999964473e+01 2.911638082056568777e+01 3.416857107169711583e+01 3.980210511110638549e+01 4.647470897931984268e+01 5.482354628275247421e+01 6.489427349337924511e+01 6.161217763703433548e+01 4.076798997176107520e+01 2.503996072436713760e+01 1.543572883606540813e+01 2.910272586862438260e+01 2.758358946410452361e+01 8.089174243785752338e+00 8.175520173654259537e+00 3.002296343458710126e+01 4.779857502948384251e+01 3.529512636880879484e+01 1.937682260964727732e+01 3.837294790355704066e+01 3.594871999922076355e+01 4.561193788651663539e+01 5.372931641652154866e+01 6.503121024396283190e+01 6.599244201406594357e+01 6.599244201406585830e+01 8.541687004589776677e+01 9.557484171851335475e+01 8.223070350900370329e+01 6.441287014385841303e+01 8.223070350900370329e+01 7.655533608912503496e+01 5.703058994866456999e+01 7.655533608908029919e+01 8.721841434297957107e+01 7.409021680931891751e+01
0.000000000000000000e+00 4.472162946743081235e+00 9.060768473007616564e+00 1.406266910588103869e+01 1.961819036438815900e+01 2.659563450822430042e+01 3.642313583805267285e+01 5.652711878236026166e+01 6.312711979268163276e+01 4.498094125164088553e+01 4.122170689602577909e+01 2.254396344566163535e+01 8.472538676708653682e+00 7.666225846101496266e+00 2.106508809906648949e+01 2.935047500519933195e+01 2.348313147482785368e+01 4.732298401845802260e+01 4.691607879332348574e+01 3.837294795191240127e+01 1.808908079103775179e+01 2.208486216305140459e+01 2.622375909330729726e+01 3.734733723961398510e+01 5.690788848114973320e+01 6.922610736687160227e+01 7.728707395226075505e+01 7.788734644364650705e+01 9.735121402456556439e+01 9.196922969866677988e+01 8.379649688335317137e+01 9.196922966342884820e+01 8.469987283083553109e+01 6.674704938182455294e+01 8.469987275367893176e+01 9.374566943256117213e+01 7.291104485525001166e+01
