MOVIE_S1_data/elevation_000957.asc
nrows	100
cellsize	150.0
xllcorner	0
ncols	100
yllcorner	0
NODATA_value	-9999
[rows 51 to 67 of 100, columns 37 to 73 of 100]
9.477861587660949283e+01 7.670507421695977257e+01 9.477861587660949283e+01 9.014921702394482850e+01 7.029886434623587377e+01 9.014921702394482850e+01 1.012490866215888303e+02 1.052073081325677180e+02 8.380858550852336464e+01 8.730152390998459566e+01 7.688985897910741585e+01 7.426884825698883219e+01 8.582955830564266364e+01 9.957037487509157359e+01 1.179565968580885738e+02 1.147426296003050936e+02 9.896979377652782262e+01 9.774011686018019418e+01 8.892779915817465053e+01 7.339026280040148720e+01 6.678731326332108154e+01 7.007597298329547186e+01 8.592934105997392180e+01 8.909649354333382121e+01 7.082913950738748099e+01 9.069590733532399440e+01 7.623450668184959511e+01 9.598528188498363534e+01 1.090258058548566424e+02 9.290136208063007928e+01 1.009635169300775033e+02 8.667824365382809049e+01 1.159647255637427179e+02 1.286427157838402877e+02 1.126648201098756914e+02 1.286427157986055647e+02 1.247206339907508550e+02
1.046633640380427863e+02 9.654561880880024205e+01 1.046633640380427863e+02 9.829930633101068338e+01 8.177285446097646116e+01 9.829930633101068338e+01 9.966628724193347466e+01 9.806717848641990543e+01 8.641989459442697807e+01 6.692093418626340906e+01 6.525716445880091499e+01 8.537099699990879742e+01 9.642244799074487105e+01 1.052897226030392375e+02 1.163629146444814921e+02 1.256242766780496112e+02 1.180225469188491019e+02 1.059828651326755846e+02 8.670293015155759520e+01 9.234396731367107236e+01 7.831392923968429898e+01 7.226001979991531243e+01 9.143665271082743118e+01 9.820395512866841159e+01 9.058637929732248040e+01 7.211318069932754327e+01 7.303443246518969545e+01 9.293401387295972427e+01 1.024562640356575827e+02 9.703125365025019278e+01 8.044991742809365576e+01 1.009657441588960154e+02 1.149382949944705956e+02 1.110895272896429873e+02 1.027814612775591456e+02 1.206299368045702778e+02 1.079019653297685863e+02
1.123386401035236730e+02 1.064567076797949312e+02 1.101777916008548601e+02 1.097008715730671327e+02 1.015915410762684701e+02 9.376731472282965285e+01 7.950625872405582584e+01 8.970909882933656831e+01 6.953733303993212189e+01 5.788441268210950597e+01 6.243460986934503865e+01 6.881745384796613507e+01 7.555497221563756227e+01 8.577652445771431644e+01 1.072361087027287994e+02 1.276068360458112068e+02 1.193426651070202240e+02 1.143090975034329091e+02 1.059828651326755846e+02 1.039930688193253161e+02 8.667537622074826231e+01 9.186959615402275858e+01 8.134419855201507232e+01 1.023949727825378204e+02 8.617616832644384317e+01 9.199958466718022976e+01 8.400441834400557184e+01 7.438475810840185432e+01 9.425461399464295198e+01 7.714661906739536334e+01 7.817470866761165382e+01 9.804678509921937746e+01 9.966022306203748826e+01 9.403387438488560690e+01 1.072931787280969331e+02 1.135645675634018090e+02 1.103500425322307876e+02
9.220606540452338606e+01 8.630325610157855465e+01 9.004359904799346737e+01 1.042701200695347694e+02 9.532715833764602564e+01 8.368372734358261766e+01 6.524662266461885451e+01 7.780549892409355550e+01 6.944502472904721913e+01 5.380576342811060186e+01 6.811872860423268605e+01 8.830413730794498406e+01 9.644277857073583959e+01 1.054587625193834981e+02 1.166678075888480635e+02 1.159970441067307831e+02 9.925629896467492586e+01 1.085692240817056273e+02 1.169046927698731650e+02 1.145985944072989184e+02 1.064390114145980419e+02 1.107126306529669364e+02 9.200418777379711344e+01 1.107126243882939605e+02 9.763588732898131184e+01 1.090833127613941258e+02 9.513037287518775997e+01 8.187168817042362434e+01 7.575508817036845244e+01 9.566745152979325439e+01 9.803723983961117483e+01 7.964161839116133024e+01 8.582083994388894155e+01 1.015619871945021231e+02 1.030738326746617446e+02 8.485141632062580186e+01 8.595058041809558347e+01
8.617186241129748225e+01 7.185904434158283038e+01 7.564816841993317098e+01 9.594076751301093964e+01 8.697023405854923794e+01 6.680669354688401995e+01 5.510434532456929446e+01 6.579490513715875011e+01 4.913875669461152285e+01 5.375407147637277916e+01 7.396496791784495883e+01 8.697040703969430808e+01 9.370709003512720869e+01 1.021684994615191187e+02 1.123412197783333966e+02 1.076569556888120331e+02 8.753006821347692323e+01 8.835922220281271677e+01 1.029478969850522958e+02 1.030997897404756856e+02 1.114774301460548003e+02 1.209446292195234349e+02 1.127857594472277327e+02 1.209446710862787171e+02 1.116746079695179503e+02 1.157889687309440205e+02 9.539333222583582028e+01 1.008081555830452061e+02 8.446468130457401458e+01 1.033710852891623659e+02 1.067910756847668523e+02 9.560366781479439169e+01 8.114130202420841442e+01 8.221844359691056070e+01 8.330159852987681290e+01 9.360608938947576974e+01 8.949874132569510721e+01
6.565857049435793158e+01 6.252014771681437821e+01 8.177934138755041715e+01 9.015950525418116968e+01 8.180495010347634377e+01 7.058767689994519401e+01 6.249994750473204874e+01 4.536360142794383421e+01 6.579490513715875011e+01 7.396496791784495883e+01 6.071435383962901255e+01 6.679797134153955085e+01 7.351524781111551476e+01 8.359680853889624075e+01 1.038481818391802989e+02 1.159970441067307831e+02 9.690097405660395680e+01 7.674475389808154091e+01 8.275055202004725174e+01 8.278325897026861924e+01 1.030268878760656577e+02 1.105203954514719840e+02 1.187348536762208226e+02 1.271168165164865655e+02 1.316577280067148763e+02 1.245287174590465469e+02 1.161218152456269905e+02 1.121269197244052407e+02 1.037121131045893350e+02 1.036381056210580311e+02 1.117795664896759575e+02 9.121010775127076897e+01 1.035356603275009491e+02 1.020234965546236907e+02 9.318243402808249698e+01 1.064027663931456971e+02 9.274081581988244238e+01
5.359198594847912744e+01 6.721593948408977326e+01 6.118358090138637806e+01 8.177934138755041715e+01 7.372841318139130351e+01 5.390962373701937338e+01 4.192887567381408331e+01 6.249994750473204874e+01 6.208838021509350824e+01 8.228704975925799658e+01 7.497448064168656856e+01 7.717705460955559715e+01 9.370380594664615614e+01 1.021695632977866950e+02 1.124019035771198674e+02 1.075246026456214850e+02 9.919526442798928656e+01 8.866621739833321669e+01 6.851834118467851908e+01 8.252771053897572529e+01 1.015663184623638102e+02 9.069661568746909097e+01 9.907513154354001017e+01 1.182641196009250564e+02 1.155991075114379214e+02 1.071318210805360280e+02 1.155987998348057317e+02 1.094270638235632020e+02 1.178908608059267493e+02 1.234508882008502866e+02 1.203448685701563079e+02 1.014128919655622525e+02 1.203448475879175845e+02 1.129680844257351708e+02 1.129680846643750982e+02 1.039308450021784012e+02 1.094519364472210299e+02
5.848995107022457773e+01 4.663594966906980233e+01 6.161477571092559202e+01 7.008364051996794331e+01 6.553325515784449351e+01 5.713799589234620413e+01 3.960079665075213740e+01 5.430956183662146941e+01 7.460251951695784101e+01 9.064367216416015083e+01 9.515236557204299572e+01 9.731208630296684703e+01 1.056221873626121379e+02 1.057766426712908441e+02 1.116377357688651415e+02 9.594107390642176370e+01 7.915086781371745417e+01 8.432531485979137642e+01 6.417920807287102036e+01 8.432531413149814625e+01 8.974339326577606357e+01 7.915852196302212462e+01 9.067180988930067542e+01 1.102152112714485526e+02 1.053285419396006830e+02 8.655032842035340934e+01 1.053269977405928017e+02 8.885794544375231396e+01 1.060378136833000013e+02 1.205440806967752678e+02 1.306991104238581727e+02 1.221753474315626704e+02 1.306991103973086297e+02 1.329881878004577800e+02 1.310845209235020548e+02 1.169340146670097624e+02 1.224573132196358500e+02
7.567154302848287273e+01 6.154453833809756702e+01 4.128786628788773783e+01 5.653396374627924814e+01 5.423468111411921910e+01 3.641431165976769790e+01 5.713799589234233878e+01 6.863247219010311539e+01 6.975302690494063995e+01 8.400767863863673313e+01 1.041479705781556788e+02 1.116778021581042708e+02 9.155115732967956887e+01 8.565867553530549117e+01 9.154685831127532936e+01 8.761394968364113822e+01 6.747726536257175667e+01 7.601629335095366002e+01 5.999322400658331134e+01 6.476722029841627659e+01 6.968959252923502845e+01 8.128446058824926013e+01 1.012985097055386206e+02 1.144567911496557144e+02 9.684106736090721768e+01 7.630185383129979471e+01 8.657146115389257091e+01 7.700975799657740595e+01 9.153145637232010756e+01 1.106532361981654446e+02 1.191154885691502443e+02 1.302886305879541737e+02 1.219221013228629857e+02 1.245450555766537803e+02 1.329112450428836496e+02 1.368969733888064582e+02 1.308372229920685186e+02
7.291565564051656168e+01 7.008364051840483455e+01 5.653396374627924814e+01 3.631194091823800818e+01 3.351001047816108525e+01 5.423466294081953265e+01 4.583233503926549446e+01 5.318046557182496770e+01 6.754782460732909044e+01 8.770349107065221972e+01 9.266980898069648731e+01 1.009403630171943291e+02 9.155111237645672873e+01 7.141146577647604943e+01 8.205779734316350016e+01 7.662265838123194328e+01 7.131596451443716944e+01 5.535922784983323908e+01 7.601627701316107277e+01 8.489606178936460879e+01 8.388231400902705559e+01 9.803565966344855553e+01 1.095938562747379166e+02 1.060618981122339335e+02 8.521435675239574437e+01 8.643124319662895516e+01 6.618004753993665190e+01 8.657146114512453039e+01 9.612728406915955759e+01 9.011043852064651105e+01 1.106532361977198207e+02 1.185574176231955619e+02 1.015531447603728026e+02 1.042045157503880404e+02 1.245450453314807788e+02 1.374988194370832559e+02 1.408952753559357802e+02
5.189352537451035374e+01 6.666455712989902338e+01 6.491132693155394406e+01 5.221119549262228077e+01 3.152097856828706313e+01 5.221119549262119364e+01 6.628446652937692818e+01 7.345128263510221700e+01 8.179905218709467363e+01 8.923709578419897070e+01 7.227449684595410417e+01 8.923709578419897070e+01 9.988983213968920438e+01 8.205779738389539091e+01 6.172337775503435608e+01 5.589100758314584994e+01 5.089707769367898038e+01 7.207189119312657510e+01 8.436878121686535792e+01 9.619522839562219474e+01 1.038924264876505248e+02 9.911619888838455950e+01 1.013341769887131960e+02 9.285631549420024555e+01 8.708902193984360451e+01 6.873865077667340984e+01 6.158018901865033001e+01 8.188439530320816573e+01 7.561821767683979090e+01 9.612728465428133973e+01 9.690173166265984150e+01 1.004834559913779231e+02 8.963064512500106673e+01 1.096920916503184316e+02 1.088808205901310231e+02 1.216017510521037224e+02 1.292451077890603699e+02
3.778428999622851592e+01 4.840469753188327218e+01 5.059561034352454101e+01 4.814712159987763584e+01 2.983150093196954344e+01 5.048649067351109920e+01 6.691944193181404898e+01 7.527729921312949557e+01 8.694177385748959352e+01 8.089454120743585008e+01 6.039917663125483926e+01 8.089454120743585008e+01 9.143164878530598116e+01 9.040140049533431466e+01 8.205779734315818530e+01 6.929316460748560758e+01 4.777045680389898763e+01 5.706166273739800943e+01 6.761750497785507719e+01 8.784582294025251770e+01 9.312257563111212733e+01 7.865987103030013827e+01 8.616288268954873786e+01 7.243690854413404168e+01 7.618393946641158720e+01 5.871002461381105775e+01 7.898313736809922148e+01 6.481078079490838206e+01 8.516464289546742350e+01 9.199260641637437175e+01 7.636546664432975717e+01 7.990801622572821827e+01 8.438713371071627023e+01 8.913227357728067091e+01 9.432703638183244266e+01 1.012433493259418071e+02 1.090226866813228668e+02
4.303394124729194203e+01 2.934340268481429348e+01 2.593605384250153634e+01 2.753681975331567955e+01 4.814679550098870209e+01 3.910291913179150214e+01 4.648840114359438047e+01 5.836976286117542401e+01 7.859852073651062199e+01 7.364831370526835030e+01 5.320139457063757504e+01 7.364831370526835030e+01 7.148697215795202453e+01 7.148697215063663180e+01 7.302719401770391983e+01 6.691738067539664314e+01 4.527370697119462051e+01 6.691738067563642289e+01 8.609160908232112774e+01 9.619580213085291120e+01 8.460447454421701252e+01 6.429528775482798153e+01 6.580483871362292803e+01 7.355719998834653950e+01 5.593019165933829129e+01 6.263301629427862594e+01 8.295940111285452190e+01 8.516473147260647636e+01 6.827356080670912775e+01 7.153160325831807143e+01 9.199262537003876616e+01 1.004834559913779231e+02 1.049763999914226105e+02 1.096934718191429425e+02 1.148156171433829940e+02 1.110999212926898849e+02 1.292451077890603699e+02
2.293654352259321882e+01 2.368474841710757062e+01 4.380604675371384360e+01 3.806413911747734602e+01 5.024142655502304677e+01 5.969597804687636255e+01 6.691944193181404898e+01 7.527729921312949557e+01 8.193229001305499537e+01 6.149837939318569369e+01 4.715233927964714411e+01 6.748333324747027007e+01 7.130633729318374492e+01 5.271282917123512846e+01 5.410002584838539264e+01 6.457076427504257765e+01 4.297854706187002449e+01 5.847960057148389268e+01 7.927614559560734619e+01 7.957152148502284206e+01 7.748284816860741842e+01 6.793683144382724493e+01 5.154860348304431739e+01 5.331904520300003014e+01 7.355719998834653950e+01 8.295940111285534613e+01 7.430733694573645209e+01 9.477834056031431942e+01 8.869265565401234142e+01 7.375757138397410984e+01 7.962912780531986812e+01 8.582344206517889518e+01 9.236316246322584789e+01 1.126432991630784670e+02 1.314510344570444147e+02 1.313485677183441851e+02 1.397049288015682293e+02
4.200427702066681945e+01 4.380467585641034134e+01 2.490762914565238617e+01 4.306981703278037799e+01 5.238909340635563439e+01 6.552550632309966261e+01 7.418286826418878377e+01 7.013634675886756042e+01 6.631339086609675348e+01 6.223300278172052913e+01 4.203789940740355036e+01 5.642318643426936120e+01 5.616574503753825809e+01 5.030158813057352774e+01 4.329701758341018802e+01 5.887302583089604013e+01 4.084522548537960063e+01 6.200322135768011833e+01 6.395461339993180871e+01 5.929154213326876999e+01 6.690920636201970240e+01 4.913633983924650295e+01 6.931302546098812911e+01 6.756635007395239256e+01 6.759053110584650881e+01 8.798455429222624957e+01 8.610199342513500653e+01 1.032602191258468594e+02 9.055479514516825645e+01 9.440053140596018011e+01 8.289334006608531524e+01 1.034551999885469087e+02 1.126432991617912762e+02 1.033549226054463190e+02 1.175592411027202786e+02 1.371916288319626744e+02 1.260311375305979595e+02
5.031126974115890960e+01 5.203071258623573669e+01 3.567845784761688321e+01 2.613651353965159885e+01 3.958180331820414466e+01 5.496615523848743834e+01 5.264279411650718998e+01 4.697957086391770076e+01 4.595463816509576560e+01 5.266998885265488894e+01 5.123248938685545539e+01 3.526575017536631407e+01 3.628326419516804435e+01 3.730067919144933342e+01 3.832003209832068080e+01 3.934870582962693675e+01 4.777289689251681182e+01 4.260357792886425443e+01 4.386006064878007749e+01 4.512851792842579357e+01 4.678242361042620701e+01 6.690920636201978766e+01 7.775716746213578290e+01 8.764594147854262474e+01 8.797366619227592821e+01 9.647141670047670914e+01 1.066304511590264923e+02 1.150976438448969503e+02 1.052866529615736084e+02 1.034800073029288257e+02 9.746446015859581280e+01 9.746446015859588385e+01 1.180028228049784218e+02 1.175592411027202786e+02 1.314510344570444147e+02 1.319275955053460621e+02 1.118136345361079265e+02
4.923017305358341389e+01 6.262087738487127098e+01 5.207724178671455917e+01 3.440429773062902541e+01 2.737141238773490315e+01 4.736856859090421068e+01 4.592926381121863955e+01 3.089545905116366953e+01 3.188039902487897237e+01 3.286754004133904772e+01 3.385692994734250050e+01 5.052797125673501455e+01 5.592075304360886889e+01 4.743768267190790056e+01 6.189990304138859045e+01 4.475905649399204833e+01 5.333807315654988201e+01 6.166622821950976174e+01 5.844422643628907821e+01 6.523141056294194584e+01 4.792910647884071551e+01 6.789497530009579407e+01 7.894908929152738608e+01 9.257135603304374172e+01 9.275922168717806926e+01 1.012426326255895077e+02 1.032007975518593952e+02 1.116638811534236595e+02 1.265416431434471463e+02 1.240111385269054409e+02 1.180028228038866729e+02 1.180028228057167894e+02 1.265016156347626577e+02 1.371916288319626744e+02 1.329320607481744787e+02 1.246286228726093412e+02 1.229207640606123420e+02
