MOVIE_S1_data/elevation_000322.asc
nrows	100
cellsize	150.0
xllcorner	0
ncols	100
yllcorner	0
NODATA_value	-9999
[rows 34 to 50 of 100, columns 37 to 73 of 100]
1.042818226315868770e+02 1.081664537314830454e+02 1.097556292129418409e+02 1.177292520814050363e+02 1.239438790966659383e+02 1.173246927920274345e+02 1.173246927920274487e+02 1.372038097967617887e+02 1.287614858611106001e+02 1.087859679014190846e+02 1.098635767369286782e+02 9.033433813406574586e+01 7.939346780515276691e+01 7.590341068267639457e+01 6.978179216003485408e+01 7.003684167041515707e+01 7.643347304861690361e+01 7.615500082802211068e+01 9.543801754597255638e+01 1.101226504600856515e+02 1.042024504255652033e+02 9.032267093277823733e+01 8.778161695978147350e+01 1.074285032995001359e+02 1.116873022939622473e+02 9.440363310961943455e+01 1.015956011198044280e+02 1.196794195610096665e+02 1.247549621391810035e+02 1.203248374982314317e+02 1.074931940639807522e+02 9.930428687989856940e+01 8.043632955403607809e+01 9.460445751280049365e+01 1.005398214678315156e+02 1.201220846593206630e+02 1.311563322596779813e+02
1.020959223660912158e+02 1.020959223574868417e+02 1.102220519483918935e+02 1.182467613546665746e+02 1.042812533864969424e+02 9.780991426267921440e+01 1.157576181789600298e+02 1.274585078656400299e+02 1.265492467426465879e+02 1.066120839647304734e+02 9.291647751452312320e+01 8.562909516789061115e+01 9.858836557744663764e+01 9.474939123514931794e+01 9.118748316018900368e+01 8.893499693992232835e+01 7.066101843386269366e+01 8.959198507966523550e+01 9.743403787337423694e+01 9.250700996597016967e+01 9.204526323460220283e+01 7.471140743258644079e+01 9.088004254128740911e+01 1.095161960056269095e+02 1.057589523303396675e+02 8.805670467732726081e+01 1.015373690457297471e+02 1.091922291221088841e+02 1.009562931399765091e+02 9.861497161112950494e+01 9.374853345659013826e+01 7.957894049301245332e+01 9.424271156514330983e+01 8.663638678703861729e+01 1.061681354108114164e+02 1.200825593700561882e+02 1.283948998107432260e+02
8.273496335715768168e+01 8.273496335715884697e+01 1.020959223574868417e+02 1.084927094715127112e+02 9.065810468551342183e+01 8.823044302981894305e+01 9.967306365511598187e+01 1.146871695164973914e+02 1.244919417097071204e+02 1.207514812130059454e+02 1.112353601299848691e+02 9.173233860997407874e+01 1.112353601299848691e+02 1.090750599710977582e+02 8.954770436962655822e+01 7.603481105329896650e+01 8.936693107789270130e+01 7.129200340029413496e+01 8.932914117820348565e+01 7.255116882437761205e+01 7.299524083722666035e+01 7.344218977426275785e+01 9.255485946563086941e+01 9.687311962527034837e+01 7.582437341576569168e+01 9.866210009526085400e+01 8.512169957788108832e+01 1.012553738464417563e+02 9.694501560841962373e+01 7.815159427394659986e+01 7.873676657127194289e+01 8.775513991935731895e+01 1.050508531397244383e+02 1.061681354108114164e+02 9.319714855011392274e+01 1.004274566835383098e+02 1.100644479646361873e+02
6.907040029020676286e+01 8.273496335715884697e+01 1.020959223574749188e+02 1.003488999684143437e+02 8.105509598732882637e+01 8.038269480457930172e+01 8.718344118214425009e+01 9.675985808647547515e+01 1.162478721285503411e+02 1.253065504983111964e+02 1.054069436115394041e+02 1.054069342174065014e+02 1.195258491281692272e+02 1.015586698587262191e+02 8.216682004517005566e+01 9.526713445127053603e+01 9.254794963761982274e+01 7.463249206973691230e+01 7.192198176442651913e+01 8.809323077188120976e+01 9.198506995496732941e+01 7.424962723750171278e+01 7.407082177854439919e+01 7.451721305545034113e+01 7.496968724848274235e+01 8.948724219845342986e+01 8.084219112265192564e+01 9.419629270489521389e+01 7.733653494918866045e+01 9.139855645643410753e+01 8.029047479823907452e+01 1.043879819872764045e+02 1.168509325877763558e+02 1.209202861924133288e+02 1.027795673027268606e+02 1.053660665724487870e+02 1.192899566208085247e+02
7.929092956075254506e+01 8.216346818391944851e+01 8.489613252876326044e+01 8.770978879838602893e+01 7.377245184070521589e+01 9.305652113898334221e+01 1.065038651075127945e+02 1.146871695164973914e+02 1.244919417097071204e+02 1.336489684899145800e+02 1.253065454944700861e+02 1.253043289968956913e+02 1.202321141264195745e+02 1.004897753417683219e+02 8.683311514185460567e+01 1.062741174512344884e+02 1.036470992370693551e+02 9.440762927432598417e+01 8.230325547380284945e+01 9.701594294495974680e+01 9.766546786266216884e+01 7.817898097687726988e+01 8.479452502878064024e+01 8.408837124772702509e+01 9.294201970054312767e+01 7.561391460166404954e+01 7.607219066145626130e+01 7.653591636395680098e+01 9.613341398368720547e+01 1.007457981133613742e+02 1.064380307993464356e+02 1.076067582309611623e+02 1.285726129312542412e+02 1.308417748182400260e+02 1.166292681280614545e+02 1.251937688067570207e+02 1.335039141738558328e+02
6.019713323377897041e+01 6.278470399303957095e+01 6.557327665905225444e+01 6.842033221028164292e+01 7.310142669170907936e+01 9.238773005032888364e+01 1.078377139351970300e+02 1.239677902630128727e+02 1.322655711779166836e+02 1.321099723717615007e+02 1.236999500416310127e+02 1.321004715138923018e+02 1.202397160331229315e+02 1.004898598701182095e+02 9.543705721707692646e+01 1.004898416854816219e+02 1.202385944534210296e+02 1.118716319254735652e+02 1.014482692672576576e+02 1.024462508586829159e+02 8.306517697402537692e+01 9.763619275707846157e+01 8.669164643949882532e+01 9.457623310163032215e+01 1.015181794030360294e+02 9.729508944020149386e+01 8.188725893854096682e+01 8.253625541292987577e+01 7.774731621573528173e+01 9.685548183541745004e+01 9.865188295656194839e+01 1.183472520831323749e+02 1.249520387695209109e+02 1.332465585862287583e+02 1.367677413759618332e+02 1.427978429023230262e+02 1.401785066579428758e+02
7.964056808647734442e+01 7.015698051332778107e+01 8.489613252876326044e+01 8.204382243307813383e+01 9.238773005032669516e+01 8.038467838716553615e+01 9.968210129188175017e+01 1.042822991661842593e+02 1.239677624511342628e+02 1.220936181877737283e+02 1.037925421196201086e+02 1.220936181877746805e+02 1.285670165515191741e+02 1.202400992003502296e+02 1.050875543448529044e+02 1.202385944534210296e+02 1.285590426604969139e+02 1.311414579275618451e+02 1.123401729634507120e+02 9.821218839592272332e+01 8.659889370007361720e+01 1.058823523916177436e+02 1.076425118983387961e+02 1.094279211000304173e+02 1.124033500144838911e+02 9.152470371878865762e+01 1.025734035787877332e+02 1.032967476774204982e+02 9.740847893670100177e+01 7.898818920050005943e+01 9.871484331609094909e+01 1.108518448717993010e+02 1.050113533272727864e+02 1.249520387695209109e+02 1.367479822574739501e+02 1.224676589010600480e+02 1.198160415253304052e+02
9.755558836482906315e+01 8.378764770535285322e+01 8.590014205228642652e+01 1.013690695655816114e+02 1.077852316259701837e+02 9.147668117144607436e+01 9.065381087406574068e+01 1.100480531995111733e+02 1.184716043940143209e+02 1.101639929583747346e+02 9.418822560109178710e+01 1.137459666981105357e+02 1.265782455986857400e+02 1.333409809412485174e+02 1.249954123546129665e+02 1.333409809412485174e+02 1.375376003713177795e+02 1.293018891164650199e+02 1.222481042042305859e+02 1.096545767710866670e+02 9.038300486984483939e+01 1.013679353778809684e+02 1.209740067515295863e+02 1.270099353073877637e+02 1.063317332589253823e+02 1.061784474816921602e+02 1.206182642035719823e+02 1.133273114580809278e+02 9.382599506702344172e+01 7.988111040876566449e+01 9.964454391186379212e+01 9.113401484611470948e+01 1.050113533272727864e+02 1.249520387695209109e+02 1.284222319322648218e+02 1.082586798395593775e+02 1.284222319322648218e+02
9.621533201576040994e+01 1.031505580163007636e+02 1.052936271079058344e+02 1.134772241162594213e+02 1.190036179829472900e+02 1.108501397469513847e+02 1.100478832395553468e+02 1.138323975345953016e+02 1.055788745223422040e+02 9.071914266541193683e+01 8.749582776596558631e+01 9.850091345211423288e+01 1.182105414056950110e+02 1.308242485136887296e+02 1.392357315404460678e+02 1.435370626333427140e+02 1.234054871830398810e+02 1.093433595262347495e+02 1.025755476257056671e+02 9.688614746221622909e+01 1.012883154491528614e+02 1.172004434905072401e+02 1.292205101571540240e+02 1.351727672946074392e+02 1.268161497740117198e+02 1.262283231707670694e+02 1.221199012107337296e+02 1.065594971560233404e+02 8.725271866647251784e+01 9.964437851086593412e+01 8.119267965699113176e+01 1.009929298589571118e+02 1.106011575102441782e+02 1.246311567988833957e+02 1.226015158179938851e+02 1.027118460103540230e+02 1.135915283231262976e+02
1.022963770088433790e+02 1.070564130930597457e+02 1.103602210789948543e+02 1.021811686114540692e+02 1.103602210789990323e+02 1.157646980202026299e+02 1.122992159074307494e+02 1.025865351535899350e+02 8.627678504082314248e+01 7.983763782908150120e+01 9.893750297926862913e+01 1.103887899439465627e+02 1.166041892340459611e+02 1.107140478226685332e+02 1.308242485136887296e+02 1.491982735358574814e+02 1.292808681789938703e+02 1.293018891164650199e+02 1.222449455722560003e+02 1.053816609860224958e+02 1.204214824562342443e+02 1.261177627487896444e+02 1.293724706258361152e+02 1.203920222182113520e+02 1.294544797547459609e+02 1.277617036591538238e+02 1.083903811559343779e+02 9.523522780351460426e+01 1.065594971560233404e+02 1.092305367241111611e+02 9.519859318242492918e+01 8.254743122607281691e+01 9.657115741670895659e+01 1.119822964099522551e+02 1.109074214566309564e+02 9.762636287906242671e+01 1.172857779639764146e+02
1.014580521420133579e+02 8.753089436033378945e+01 1.006976498364837482e+02 8.303034248188016875e+01 1.006976498364840182e+02 9.617853119272628248e+01 9.617853119272628248e+01 8.480087352682215851e+01 7.548433252255516379e+01 9.443562072661694629e+01 8.591058486697019703e+01 9.095094201166476466e+01 9.694937150595255559e+01 1.081268951447924707e+02 1.281843883153179036e+02 1.351305757584416369e+02 1.265175965506761457e+02 1.289248568551887217e+02 1.334257339281043642e+02 1.192826075712002165e+02 1.334257339281043642e+02 1.356995687249903142e+02 1.186726202256788554e+02 9.972624779100475223e+01 1.186726202256787701e+02 1.333113013812042311e+02 1.140294482047496558e+02 1.031854792551954745e+02 1.212022707255298002e+02 1.232639053492539887e+02 1.082343154814776511e+02 9.657115741670904185e+01 8.394331808351198276e+01 1.037445372243323902e+02 9.134751427389041112e+01 1.050760901234182683e+02 1.249855006476469299e+02
8.682173072579530526e+01 7.416950370751455068e+01 9.177671250431113492e+01 7.368629622679577551e+01 8.250715466090434802e+01 8.457361834081140728e+01 7.716942241884032683e+01 7.160858579443886640e+01 9.044033166654084255e+01 9.086731613891346626e+01 1.051938067430549353e+02 1.015631675500061277e+02 1.103887901324225282e+02 1.249748896804861289e+02 1.365982865490554161e+02 1.235672878472307303e+02 1.072427847918899317e+02 1.099962670324131295e+02 1.235959187352534911e+02 1.393705864378309514e+02 1.280196733641413118e+02 1.197166640868838101e+02 1.044190045398906790e+02 9.030025608777062018e+01 1.099139991401689400e+02 1.266191100721386249e+02 1.290324128853257832e+02 1.202196779976748928e+02 1.205902615911722648e+02 1.358333514735499534e+02 1.246311577664094727e+02 1.111616852792476919e+02 9.153633122159799029e+01 8.538768231256959496e+01 1.051395194375354976e+02 1.148189836018124055e+02 1.132235222689302390e+02
6.776235040700879608e+01 6.469597836156388837e+01 7.781841341537153767e+01 7.972085001242078306e+01 6.360581982302847592e+01 6.574551261500046451e+01 6.788601962532518996e+01 8.667397680578328334e+01 9.855004471712892666e+01 1.103127552041340778e+02 1.186057558621846937e+02 1.213482983831820690e+02 1.297174482599022838e+02 1.387930092734636958e+02 1.285519062424629908e+02 1.149917799997395775e+02 9.663193601098687679e+01 9.710084558839736246e+01 1.121394571957564494e+02 1.207333033166531351e+02 1.166709622124510872e+02 1.002211218042670566e+02 1.035125063126262575e+02 8.411690678703486412e+01 9.767234562268738784e+01 1.115980938598412422e+02 1.205096756968952718e+02 1.297969137917077376e+02 1.311396300766027991e+02 1.400186485212890943e+02 1.252517728556480989e+02 1.053253799105656725e+02 1.111616852795924615e+02 9.935087822521362000e+01 8.690999776004942134e+01 1.065778247211222691e+02 9.374740337151804681e+01
5.488020713100610948e+01 5.669005319296185519e+01 5.869196368274679543e+01 6.069282876362758827e+01 7.972086725656231465e+01 8.457361834081140728e+01 8.667397643019245379e+01 7.335653117373612986e+01 9.224090646129042170e+01 1.050328691357010484e+02 1.125245174740869203e+02 1.209950451354807655e+02 1.326915165369744614e+02 1.270342759847620471e+02 1.189062871221400570e+02 1.014316537575780757e+02 8.843072253498995394e+01 8.797924552001482823e+01 9.289731052983795223e+01 1.122444165802627083e+02 1.080185576486224903e+02 8.930965655351710097e+01 9.827404034746986383e+01 7.901312885247266138e+01 9.466158392653822773e+01 9.183816823064397283e+01 9.833809799827356812e+01 1.119339274893743834e+02 1.070868727365153035e+02 1.326634080429614073e+02 1.335415746478178960e+02 1.252517728556480989e+02 1.274052538263949970e+02 1.148189871184356292e+02 1.065778247301116437e+02 8.845246802845770162e+01 1.080183105447620306e+02
7.189042440558189639e+01 7.592496263126641054e+01 6.279570741496902997e+01 7.972086725641878502e+01 7.415175195195170943e+01 9.316590095538597893e+01 9.224090635681334049e+01 9.224090646129042170e+01 7.952133502462380932e+01 8.574991458596544192e+01 9.289280202156032828e+01 1.040411298122585890e+02 1.241862541832697815e+02 1.160390614697527525e+02 1.001016108105458358e+02 1.114031452240405571e+02 9.276368248246292580e+01 7.967030671959673782e+01 9.822305472179701269e+01 1.117718525170747483e+02 9.266050954052047928e+01 8.086359206967209445e+01 9.341537181603992224e+01 7.420758248815991465e+01 7.548015389381635032e+01 7.979502663611634716e+01 8.467991212263613932e+01 9.064173381711367483e+01 1.026603540815659983e+02 1.265505513277471152e+02 1.463068270122208503e+02 1.362989079344526715e+02 1.280331986326150115e+02 1.139206345531963223e+02 9.448835395234608825e+01 9.729136389469444168e+01 9.010589908077649568e+01
7.988588283768139320e+01 8.601037970538111210e+01 6.711480745574584716e+01 8.601037970547749012e+01 9.316590095537924299e+01 1.013032585116015838e+02 1.116995425817019196e+02 9.859691743829694133e+01 9.294321717288542573e+01 9.286669774094016816e+01 1.119863001068007264e+02 1.208593672091274556e+02 1.214195188777415524e+02 1.025156205457459180e+02 8.948733013458758023e+01 9.812704742810419134e+01 9.333316602471917633e+01 7.563154584953092296e+01 8.881561075341983269e+01 1.074227215564794307e+02 9.270255516766171411e+01 7.364489773448879362e+01 8.458092964994429508e+01 6.964988335692775934e+01 8.885263631399828910e+01 9.948992318675080071e+01 1.049983300971057787e+02 1.117456411605518554e+02 1.210030549450882376e+02 1.354531532354763215e+02 1.380989081808829440e+02 1.179072534716672891e+02 1.079700918764541484e+02 1.007514919686602610e+02 1.139206345531963223e+02 1.154456137625002299e+02 1.031258313654613659e+02
7.914865243528248584e+01 9.407790757781252466e+01 8.601037970548900091e+01 7.397482008507232365e+01 9.293280983328320133e+01 1.102184760612171743e+02 1.215966988683384216e+02 1.182293551405658860e+02 1.129681372460363917e+02 1.121286492466245051e+02 1.201709239554180613e+02 1.207027185890140970e+02 1.207474789988176127e+02 1.018750136004499893e+02 8.885307930197993187e+01 7.956099797359982517e+01 7.466906576005293061e+01 7.180880055205787471e+01 9.053701386190374478e+01 1.055608266503545423e+02 9.807310661615174752e+01 7.898279407121987106e+01 6.539392606395547602e+01 8.458092964994618512e+01 9.500007997906767798e+01 1.020835110535651182e+02 1.100386011176259160e+02 1.159804165333553527e+02 1.201591912623735823e+02 1.300829696848432491e+02 1.463068270122208503e+02 1.340520529644580847e+02 1.144204980129643872e+02 1.093429042513421052e+02 1.287429009943907090e+02 1.283038999453525832e+02 1.142938450528802150e+02
