MOVIE_S1_data/elevation_000671.asc
nrows	100
cellsize	150.0
xllcorner	0
ncols	100
yllcorner	0
NODATA_value	-9999
[rows 51 to 67 of 100, columns 37 to 73 of 100]
8.140757448612808389e+01 7.536570105383130169e+01 9.095371898905861485e+01 1.017317142904791751e+02 1.063536287043710473e+02 8.644680125208739696e+01 7.241531107678490287e+01 6.093665985354930825e+01 6.785858484495705056e+01 5.214639897180114048e+01 3.192681111754356493e+01 5.214639274971634819e+01 6.502250467293679037e+01 7.329052057687248123e+01 7.275897046441220084e+01 7.849479189781537514e+01 8.514614622626122298e+01 9.343284081696313592e+01 1.034438255605930550e+02 9.698164592374035919e+01 7.721587339501360248e+01 5.738689525298990191e+01 5.211434790934202255e+01 4.783767263113377766e+01 6.763723528628437975e+01 7.535968080747998954e+01 5.894084110602869941e+01 7.259502012147974881e+01 6.305715002391104917e+01 4.061148764518259213e+01 4.098878160354780675e+01 4.155858579765715888e+01 6.129458313327277352e+01 4.450404902688104869e+01 6.418865725326723748e+01 6.938095995168903585e+01 7.631685576921898928e+01
6.250704394949899978e+01 6.502112692512815784e+01 7.522399797364155916e+01 8.747881937022403065e+01 9.620567175823205730e+01 9.204148506634138016e+01 8.052280132810967928e+01 6.824099897422040328e+01 4.823161455064919068e+01 5.161595102083892783e+01 3.138603163475271174e+01 5.087045318926917759e+01 4.500862372196215944e+01 6.502201892244650594e+01 7.123778009231700992e+01 7.633309481082169157e+01 7.633731870669733155e+01 8.464329203010206015e+01 1.028491723903261743e+02 8.287692240386840581e+01 6.878933699549132541e+01 7.721587339501351721e+01 5.887187068031185078e+01 4.482512573250220811e+01 6.117480614677436535e+01 6.605247548447330530e+01 4.747535546489166336e+01 5.313447948160423095e+01 5.942799901797990003e+01 4.026241187587259418e+01 6.023663925998017987e+01 5.415246030826992296e+01 6.620450464046564321e+01 4.602843633078320096e+01 6.117524854088743780e+01 5.035979208916770489e+01 6.159441023974617480e+01
6.441400689988741135e+01 5.654033261099839791e+01 6.920971148079532043e+01 6.660696968471049217e+01 8.726311086699661246e+01 8.376678041627555160e+01 6.382658739917945212e+01 5.236343608636492775e+01 4.480792897465512681e+01 3.804693975727580124e+01 4.425189600924854005e+01 3.062862486031098186e+01 5.012607809431597161e+01 5.291931682703540929e+01 5.134902115996126781e+01 5.642976125537492038e+01 5.642981286392343776e+01 7.633697003399048242e+01 9.197419543645385431e+01 9.698164592374035919e+01 8.872670252330213714e+01 8.697293647697092922e+01 7.292240358012675472e+01 6.117480614677430850e+01 4.122827900096346099e+01 5.588433405448157032e+01 3.844573979158563759e+01 3.897172279436801290e+01 3.949749242482613454e+01 5.703133849220657936e+01 6.783961030324684316e+01 7.093166077469710729e+01 7.528445196687269458e+01 6.786730753816101469e+01 4.819451436235065245e+01 6.784143041164547583e+01 5.251746614366367538e+01
8.195281177367972703e+01 6.302112332900989600e+01 5.185623894980839310e+01 6.465238559200041379e+01 7.485020643217778513e+01 8.445422176804815706e+01 8.052280132810967928e+01 7.225430401266056890e+01 6.473626238969681879e+01 5.809348451101679700e+01 5.797924980997416355e+01 5.012679379776488986e+01 2.987532603405525222e+01 3.003028677974229765e+01 3.738819187731826332e+01 4.250413874880842968e+01 5.231827391400966576e+01 6.377075017201065776e+01 8.370660264942249285e+01 8.296621590094731857e+01 7.472041133547391212e+01 7.814741969546221867e+01 7.861771488854748213e+01 6.526115519919169117e+01 5.702113695129775550e+01 3.770192012547159521e+01 5.773237478406261403e+01 5.904949503503619468e+01 4.920885829354871532e+01 4.270234948639583905e+01 6.259826167256466789e+01 7.326276366966766318e+01 8.157392905775070346e+01 7.973730877693677144e+01 7.023106908300439954e+01 7.579940528862680083e+01 5.859861509276370128e+01
8.986665617141179041e+01 7.890701328190978359e+01 6.696322907133709634e+01 4.766430478157897710e+01 5.747879062470776290e+01 7.096650619637793511e+01 7.078044937209098464e+01 6.624425691121854243e+01 7.415632877929044753e+01 6.888831513375191662e+01 4.886842736592446812e+01 4.886842441948631688e+01 2.934363222917300718e+01 4.960482706628899052e+01 4.863746710495770031e+01 6.225901051636150640e+01 5.642999813794912711e+01 7.634487953879343536e+01 8.621196933903203785e+01 6.630790396182473501e+01 5.485786789683946552e+01 5.828144232460321916e+01 6.436329127347917733e+01 5.048293920095462539e+01 3.697286991613914608e+01 5.701730723284273239e+01 5.232428098845954878e+01 7.190023872735324062e+01 6.749327317449937880e+01 6.259826503345095006e+01 4.595591861695045566e+01 5.344709857423600852e+01 6.482399479997137348e+01 8.479097162196755733e+01 8.688326367336145495e+01 6.778502342457620955e+01 7.667482485889703980e+01
8.118924183116338611e+01 7.617928675518375314e+01 7.159829916956303464e+01 6.306425757565310874e+01 4.359319393037491608e+01 5.931974072263134445e+01 5.152637103103446492e+01 4.685827642649422842e+01 5.828508913636153466e+01 5.007492597808756329e+01 4.813441866103836020e+01 2.860033929915255158e+01 3.906757476719136690e+01 5.595922838854703230e+01 6.850538959033052322e+01 7.677103305669648137e+01 7.634860701290119778e+01 8.469981648364593241e+01 9.445671462254885853e+01 8.296621590094731857e+01 6.410346122533489677e+01 4.418450273663054872e+01 5.516474501485726023e+01 3.624179860933027442e+01 5.613531569238317331e+01 6.516403018356038501e+01 7.216913036084309852e+01 8.037521299219373816e+01 8.221754440955206178e+01 6.230086644011790753e+01 4.836344360641712115e+01 6.813432635858487174e+01 8.157392905769867752e+01 9.312297955156273588e+01 9.514926239583077461e+01 7.845752737777614527e+01 9.514926239583077461e+01
6.244370641371868658e+01 5.729139107002607290e+01 5.255335079138797738e+01 4.811833515753328783e+01 4.382840482914030389e+01 3.969204866337420867e+01 3.744034570174852661e+01 3.515273057795726430e+01 4.943629294240518135e+01 2.922728221579335894e+01 2.786684304750618324e+01 4.813132709641189422e+01 3.997944769931542908e+01 5.116117614358687149e+01 6.449468063229778636e+01 8.428689719733704067e+01 8.901685240890247997e+01 8.687292691858169746e+01 7.796910389232226635e+01 6.964715231773685389e+01 6.239244691646197793e+01 5.491526628500284346e+01 3.552017060444546814e+01 5.561165660494663854e+01 4.025459423496425870e+01 6.022721255329458501e+01 7.248216028862763949e+01 8.571341413429614420e+01 8.467329161767797530e+01 6.472270698338699901e+01 5.081029226265182075e+01 7.056609793419274013e+01 8.249206681631861215e+01 9.064661858513355241e+01 9.898837863486798483e+01 9.839303349871963178e+01 1.066648561431797759e+02
8.118924183116338611e+01 7.617928675518375314e+01 7.159829916956303464e+01 6.733971924940567533e+01 6.323244988974680325e+01 5.117333761883175924e+01 5.716576001161433851e+01 5.210425990593284951e+01 3.193450035961672739e+01 4.577452471937959189e+01 2.736980416575109487e+01 4.801245360227667902e+01 5.920612255594015494e+01 5.615881921305005164e+01 7.545658501847016453e+01 8.901783213295423991e+01 6.911826590922063929e+01 6.693777128566702572e+01 6.958779304336069060e+01 4.965057371758023663e+01 4.919590903351959810e+01 3.479866476254618846e+01 5.491525320526657339e+01 6.385637697262546197e+01 6.022721255361638981e+01 4.436235690700892320e+01 6.424388851687596969e+01 6.580786960590491219e+01 7.988613772305936322e+01 7.886330942307708369e+01 7.056609793419274013e+01 5.438383314025169568e+01 7.418044894748838658e+01 7.060309581457451600e+01 8.475024604048108756e+01 1.048817211512381675e+02 1.100824993103568659e+02
7.897363773051820601e+01 7.067985201701254994e+01 7.583696992965202810e+01 8.402931168068181478e+01 7.774357263457808642e+01 7.008835260015241886e+01 6.933772103567008571e+01 5.778754191312737021e+01 4.947658308649271675e+01 4.570678806404984584e+01 2.687381758841252832e+01 4.159970989772197925e+01 6.382784760501227339e+01 7.545655332209508970e+01 7.713480478170276911e+01 7.494914247032093613e+01 7.277664318653862097e+01 5.267987681835803215e+01 6.145719520958373749e+01 4.944162965134719201e+01 3.407692170499465334e+01 5.422009048303256407e+01 4.564157782653874307e+01 6.556457410866529756e+01 7.248216033121143198e+01 6.424388851670484257e+01 4.865339056575715659e+01 5.184399230340726916e+01 7.163729184936480010e+01 8.477165971198479610e+01 8.249206681631861215e+01 7.418044894748838658e+01 5.809750417717456372e+01 7.796998172745058753e+01 9.055925769479125620e+01 1.009334377943316241e+02 1.092806877521402384e+02
6.203428648710308835e+01 4.993703608202504540e+01 5.523614557264515668e+01 7.227854454276715046e+01 7.406069125014019505e+01 6.461956798009725844e+01 5.268446267222355317e+01 3.930694606297868887e+01 2.567363683849789879e+01 2.614751523917694698e+01 3.778354300160903279e+01 4.661564241819340992e+01 6.850480319130913642e+01 7.713460052317623195e+01 5.720255195831925477e+01 5.502405372469822709e+01 6.892092453258067053e+01 6.192722172809929759e+01 4.161240298531648563e+01 5.303494318582330180e+01 3.356672410079611524e+01 5.372912976102981730e+01 6.556457405301881636e+01 5.973893115912840557e+01 7.962892052693162270e+01 7.671218430992043125e+01 6.007232273970866743e+01 7.163806861505995016e+01 5.669214986835605430e+01 7.651914081042104954e+01 9.628779675082630263e+01 8.629409424549749019e+01 6.950181982494176225e+01 6.226736403325321589e+01 8.222495426066690527e+01 8.080907908962559816e+01 1.009334377943316241e+02
5.818128364512086392e+01 6.395012869077786632e+01 4.291187009856079726e+01 5.798674176421017279e+01 6.191136947992720962e+01 4.079935262716546163e+01 3.222193247147274775e+01 2.515350945962953944e+01 2.554628043936028092e+01 3.154781199019755888e+01 4.865411207222177126e+01 5.645197487388012547e+01 7.435034639082110175e+01 7.477171796468910259e+01 5.489206225589236965e+01 4.084158432523196325e+01 5.138304091272106433e+01 5.153845197131836642e+01 3.668123232213180529e+01 3.284614196453519241e+01 4.506898810449786907e+01 5.292192068668779825e+01 7.274827639835012860e+01 7.962892052694519407e+01 8.787833469919236506e+01 8.819199080977858785e+01 7.993784344686918075e+01 8.057712258798211735e+01 6.069715310992483381e+01 6.809066629249521441e+01 8.803265110276014127e+01 9.787904991983565139e+01 8.953770600963716220e+01 8.222495426066690527e+01 6.667529536989079020e+01 8.670336728720342023e+01 9.691200700700984783e+01
7.874599571086490357e+01 7.003643125321812590e+01 4.919862058636329749e+01 3.646264709002828397e+01 4.983380304298011509e+01 2.611270611940442876e+01 2.468578668602595982e+01 4.038460004893872224e+01 4.552517167128807074e+01 2.614485933479064883e+01 4.641048928904511683e+01 6.163191067517318800e+01 6.979755663403850008e+01 6.525835283506756923e+01 5.518539764188549412e+01 4.242040159266678501e+01 3.114463566933439154e+01 3.164022805761163326e+01 3.213762994872736556e+01 4.516280145903057530e+01 3.752237594334672366e+01 5.753379181805974696e+01 6.924710644294843576e+01 7.749791403357536979e+01 8.639868108118302814e+01 9.791185175191434098e+01 9.896351036947362445e+01 7.897308319444591973e+01 6.488908708046999152e+01 8.482814375519571115e+01 8.436910158520947789e+01 1.043335770183535516e+02 9.831713890549370660e+01 7.820149639511359396e+01 8.670336728720342023e+01 7.208450821289895316e+01 7.679305887532676422e+01
8.140629640298337222e+01 7.838479658483988999e+01 6.643343968789626786e+01 5.256202635863269279e+01 3.058807752596650076e+01 4.211507014229506751e+01 2.435402383257634540e+01 4.459995160679669368e+01 3.809034321642523224e+01 2.660041829072147834e+01 4.683155794981026787e+01 4.161463532388662401e+01 6.163019603933165769e+01 5.679599350185935691e+01 3.576126638164598859e+01 3.044813367725706144e+01 5.070195886539769248e+01 5.187599464948215910e+01 3.782410267874388410e+01 5.612110464052422998e+01 5.753379181805974696e+01 4.231715707113598057e+01 4.938971796093483846e+01 5.825198428816982243e+01 6.971045828704615133e+01 8.966052159608317140e+01 1.047976230944486389e+02 8.482814374723371031e+01 7.377219910321389307e+01 7.335600316407099797e+01 9.335629825936409532e+01 1.125690281160081128e+02 1.066651015767062063e+02 8.979710478865882806e+01 9.928652042309839487e+01 7.915775018117091122e+01 9.691200700700984783e+01
6.974521446436931171e+01 7.791674741713342200e+01 6.229686348529735795e+01 4.397434224596025132e+01 3.855849802778701729e+01 4.416653020855855516e+01 2.401944783149128426e+01 4.052640868915246131e+01 5.250519549278603648e+01 4.678522463180430435e+01 2.724864391225534277e+01 4.745446211643184853e+01 4.860453677952343554e+01 4.903708343312487017e+01 4.954206187843659137e+01 2.995925693708149495e+01 5.022103915679780073e+01 6.454333080546989265e+01 5.066453178043732919e+01 4.816918243744423478e+01 6.759456203373022731e+01 6.222645937366300473e+01 4.787856641704178884e+01 6.773312243254537179e+01 8.226992442336873523e+01 9.118127467029846400e+01 1.027009942927742969e+02 1.020233448759760222e+02 8.532490120012623436e+01 8.091066679153924213e+01 9.335629820272605173e+01 1.133028696942283347e+02 1.183022979570400963e+02 1.099557219502003278e+02 1.076362860121308813e+02 8.920585059719719823e+01 1.076362860121308813e+02
5.765931390342495888e+01 5.765931390342496599e+01 7.044455403930307114e+01 5.996236331415966703e+01 4.724134658047076840e+01 3.224781152480775859e+01 2.368204465642638823e+01 4.339195274872012931e+01 6.021537855974389686e+01 5.425776694210389195e+01 3.867639175962018783e+01 2.788892704748236184e+01 2.834521140293989205e+01 2.880598563566661952e+01 2.927283030558144716e+01 3.784696015016188397e+01 4.898777312292769182e+01 6.926376774615715703e+01 7.017601838097283462e+01 5.919646871252835041e+01 7.585114862258247115e+01 7.598249472268997806e+01 5.932465653085952795e+01 5.415168399443435732e+01 6.300111086249662407e+01 7.448355923778167664e+01 9.445380972850642820e+01 1.135435669120334126e+02 1.053123494285790827e+02 9.248476419929049541e+01 9.726211094143175728e+01 1.171879889791702141e+02 1.112205717453415303e+02 1.193926124898286218e+02 1.177162258497615568e+02 1.093671902489997620e+02 1.177162258497615568e+02
3.689391420913875663e+01 5.414932022473757200e+01 6.250994744908204126e+01 6.127663750241738683e+01 4.391701440843404214e+01 2.320141318008568732e+01 3.090465496805902745e+01 3.583447676444139773e+01 5.460739531089804188e+01 6.401911396083612260e+01 5.144406810459359036e+01 3.144570212689747990e+01 4.860579043809071464e+01 4.904800958611690476e+01 4.389137564956791238e+01 3.233502277637559530e+01 5.250995531962946927e+01 6.380054459383352849e+01 7.787766129476277399e+01 7.906657085384425443e+01 8.734117812639618705e+01 8.747470311862223014e+01 7.921930046110338708e+01 6.558929297154857352e+01 6.300111086249662407e+01 7.448355923778169085e+01 8.860977605384331923e+01 1.085625550848433249e+02 1.206589883877999654e+02 1.124393811676079338e+02 1.171879889791702141e+02 1.080325645550822458e+02 9.156629159614219304e+01 1.080325645550822600e+02 1.217969341858048011e+02 1.136292988470632963e+02 1.110741445290537399e+02
5.414932022473757200e+01 3.303750473994887926e+01 5.070177481342187775e+01 5.355673172698035245e+01 3.548114222056751998e+01 2.285825137102468219e+01 3.393144955144720853e+01 4.469031254197282266e+01 5.922225927145669999e+01 5.943728168095788078e+01 3.948943592761172283e+01 5.166012084830327211e+01 3.849463507940806295e+01 5.852339373778781351e+01 5.848064699392011789e+01 5.250995531962946927e+01 3.546455594055776572e+01 4.972342789290431853e+01 6.693848454607802978e+01 8.100007342370275865e+01 8.237725380589790802e+01 9.063798035377206475e+01 9.377785784262592017e+01 8.552284220351452859e+01 8.292398023190224876e+01 7.558438540922183790e+01 8.971096712082753299e+01 1.096591536898023946e+02 1.165466126207425077e+02 1.112383646501526755e+02 1.030618895468894465e+02 9.987316781047304914e+01 8.016045698494525595e+01 9.987316781047304914e+01 1.104422756332248383e+02 9.398381452845484318e+01 9.142543207907526437e+01
