MOVIE_S1_data/elevation_000110.asc
nrows	100
cellsize	150.0
xllcorner	0
ncols	100
yllcorner	0
NODATA_value	-9999
[rows 0 to 16 of 100, columns 37 to 73 of 100]
1.118065075517173170e+02 1.202597763644745470e+02 1.158242785805016553e+02 1.074943211277446125e+02 1.048740642750383216e+02 1.132093746942547057e+02 1.168103179783080776e+02 1.084885549309934305e+02 1.074505352028973562e+02 1.074505352028973562e+02 1.157749176241240718e+02 1.231322677811520521e+02 1.172441873814419750e+02 1.231322677811520521e+02 1.184176117357422982e+02 1.100898567263036085e+02 1.100898567263035943e+02 1.140162078167525976e+02 1.081424515006614371e+02 1.140162078167525976e+02 1.084867821572955364e+02 1.058901252192581666e+02 1.142091613733335720e+02 1.257803611608293437e+02 1.364978699213609730e+02 1.252728417666295826e+02 1.171915213685480381e+02 1.171915213685480381e+02 1.252728417666295826e+02 1.342958814590211318e+02 1.261837183468382904e+02 1.342958814590211318e+02 1.341389708872487745e+02 1.259857414069080050e+02 1.231229816555685659e+02 1.312684622842931503e+02 1.316672523437184736e+02
9.204999614245204498e+01 1.084497180145824871e+02 1.074943211277446125e+02 8.731339496345734119e+01 8.469599645316287706e+01 1.015688367719795764e+02 1.051710822950684587e+02 8.830012955837673871e+01 8.727184769770674677e+01 8.727184769770674677e+01 1.074505352028973562e+02 1.030970450445201436e+02 9.723710681974453962e+01 1.030970450445201436e+02 1.100898567263036085e+02 9.007022241936874707e+01 9.007022241936874707e+01 9.398379945672331814e+01 8.811909375520266963e+01 9.398379945672331814e+01 8.846326184757131728e+01 8.586396315922496569e+01 9.743682596966372955e+01 1.174375467399960513e+02 1.283782350364837157e+02 1.090022785938940757e+02 9.795818895364833168e+01 9.795818895364833168e+01 1.141216814511160322e+02 1.245873948147096542e+02 1.068361344940140185e+02 1.245873948147096542e+02 1.228869309711806608e+02 1.065772145274531510e+02 1.037722870492809193e+02 1.200431957503046050e+02 1.122974659555364241e+02
8.030126874121083347e+01 1.001732842505598313e+02 1.063711251151521111e+02 9.322425138635202302e+01 7.323804048392412369e+01 9.322425138635202302e+01 9.683276210759846947e+01 7.678391872445008914e+01 7.319682392074545874e+01 9.318204843253279535e+01 1.060352428051974130e+02 1.030970450445201294e+02 8.305729233373877207e+01 9.861774209163645821e+01 1.069320673931382260e+02 9.593383755099523569e+01 7.582162315595392954e+01 8.587773035347451867e+01 7.385205912127815964e+01 8.532605343937109410e+01 7.419901681803690963e+01 9.432801516306304279e+01 1.071042931408254333e+02 1.171156425170563296e+02 1.269976399217609497e+02 1.158370946633937280e+02 1.060871517213922033e+02 8.700377768764646191e+01 1.060871517213922033e+02 1.068967710821122097e+02 9.728361574379833598e+01 1.165099264204261971e+02 1.142697368418038906e+02 9.563697048251827937e+01 9.288087293661828880e+01 1.114537150871044133e+02 1.122974659555364241e+02
8.394785153103370590e+01 9.943942293638761498e+01 9.803908486325219940e+01 7.803338991960589510e+01 6.739044174298103940e+01 8.719818206414623774e+01 1.051710822950684587e+02 8.611620454462264718e+01 6.633908619187975830e+01 7.763819009974056939e+01 9.769742542390034146e+01 9.601192252697265417e+01 7.590118192226299243e+01 7.852661752189428057e+01 9.533559104334582912e+01 9.999223223612889910e+01 8.587773035347451867e+01 6.564326660759847698e+01 6.614668277806450192e+01 6.508463723711103910e+01 7.154100866292927208e+01 7.872801379069956340e+01 8.879927038601417166e+01 1.087939692013916755e+02 1.189123209877428877e+02 9.965999878752280949e+01 8.864691118226690492e+01 8.167839725372658677e+01 9.873878009229683528e+01 8.776458632854858877e+01 1.068967710821122097e+02 1.120348442183437072e+02 1.062191003162829759e+02 8.718968704167954797e+01 8.442082840883225003e+01 1.034224986030996547e+02 1.060725075116786940e+02
7.130734525839413607e+01 9.117735824141385592e+01 9.583538860306232721e+01 7.585129901949420628e+01 6.204869913126392333e+01 8.170450334268187476e+01 9.737450396196354063e+01 8.169390555240252638e+01 6.203720430632528604e+01 8.169381628452319433e+01 9.277324936357258878e+01 1.010992302651117285e+02 8.701812591297343147e+01 6.680614590700952249e+01 7.987211185126152202e+01 7.987211185126152202e+01 7.977680998266168899e+01 5.949058816601866084e+01 5.893258572986614752e+01 7.922303713342407150e+01 9.170129609686044603e+01 9.879661979370293068e+01 1.071042931408254333e+02 1.171156425170563296e+02 1.133099314919174816e+02 1.053062722942244420e+02 9.568541582445948279e+01 7.642619983735168887e+01 7.954102404297056239e+01 9.873878009229683528e+01 1.064219244709485253e+02 9.276079364875556621e+01 1.064219244709307475e+02 9.670439367898123351e+01 7.750558634365326327e+01 9.030479123387188167e+01 8.709895769506090346e+01
7.579202929286630308e+01 9.217287922913959619e+01 9.293322847304332868e+01 7.730933190576615743e+01 5.771051654888800186e+01 7.730933190576615743e+01 8.905215783647327044e+01 6.920812232849412737e+01 5.799444163516734818e+01 7.759485541139524400e+01 7.286248039781258967e+01 9.277334057637403930e+01 9.151445687917228611e+01 7.134932377158384043e+01 5.960724233430236296e+01 7.402214791590692755e+01 7.415042429898544185e+01 5.385872843060668913e+01 7.415042429562640791e+01 8.151168817179473081e+01 8.787105584836456273e+01 9.622064297131613841e+01 1.051309194729068395e+02 1.183814954967461972e+02 1.015855284700626555e+02 8.657127329115446912e+01 7.906700819720548168e+01 7.204608806843916113e+01 8.586112238088141169e+01 1.050544242471579679e+02 9.840600678757522246e+01 7.894573515781452500e+01 8.717077626186130601e+01 9.519290752145063550e+01 9.030476254522611157e+01 7.076671105134050777e+01 6.912065154170915093e+01
6.398694740138287784e+01 8.391704004576969567e+01 8.462515344572734932e+01 6.487551852078301806e+01 5.359370372836359309e+01 7.322269640541391311e+01 8.831865839429551102e+01 7.389049841903637628e+01 5.427026555653912254e+01 5.902887865960475722e+01 7.286247931493544172e+01 9.277311310215779372e+01 9.983070492532721119e+01 8.820322975926178799e+01 7.402214791590692755e+01 5.376880082152402451e+01 6.850988503082653835e+01 5.095764805165458000e+01 5.537824900171627007e+01 6.084630930812392791e+01 6.711972626588618596e+01 7.568491262732129599e+01 8.840088110637722707e+01 1.106277955410628664e+02 1.133099314919174816e+02 1.053062722942244420e+02 8.832967385660539605e+01 6.875909258125956569e+01 8.832967385660511184e+01 1.010285427714935196e+02 1.000943309470026890e+02 8.055762717159983310e+01 6.733288333856812358e+01 8.211568893043744310e+01 8.369111255798439686e+01 6.627830756426814673e+01 8.617813231711132005e+01
6.924200765573465333e+01 8.604741069818544474e+01 8.089282326746179308e+01 6.118267778773057586e+01 4.980434394026742950e+01 6.466118901414461106e+01 7.288103855527653252e+01 6.032920675946439104e+01 5.061962674466568046e+01 7.030966317750119288e+01 7.286247931493544172e+01 9.277311310215779372e+01 1.025307633573776940e+02 8.263719501288814229e+01 6.850806009680236741e+01 6.850604792354606332e+01 4.832931906758895479e+01 4.811384161807872317e+01 6.832672425037738151e+01 8.151168817430988156e+01 8.787105584836456273e+01 9.622064297131613841e+01 1.051309194729068395e+02 1.185399661565481466e+02 1.078355779659519840e+02 9.977889429704772795e+01 8.552356671489826567e+01 6.582713870824720459e+01 8.161925565940856586e+01 8.161925565940846639e+01 8.652097167654432042e+01 7.842608032088404002e+01 6.050140395301766461e+01 6.209749270695463252e+01 6.371185119061165381e+01 6.752782526201306723e+01 8.735797975096855339e+01
5.780741892127808512e+01 7.779038126402325304e+01 8.918385926949792974e+01 7.775242479859791445e+01 6.466118901414461106e+01 4.487581136725168562e+01 6.211866607853628608e+01 4.634959032840568938e+01 6.611054360078838954e+01 7.855361949609959993e+01 9.277311310215779372e+01 1.010968613135257783e+02 9.785134392837365169e+01 8.628773342795312828e+01 6.632227531858346481e+01 5.221102538295728834e+01 4.473257665080691226e+01 6.482534291844623908e+01 7.668223718101505426e+01 8.259403177777026883e+01 8.749015049655450582e+01 8.749015321993081784e+01 9.581350331633218786e+01 1.110278414569700800e+02 9.270418968108987201e+01 8.117871573142944897e+01 7.426474974148989361e+01 6.781190911411826505e+01 6.175627138735018207e+01 7.816956745610188761e+01 7.631805364280667447e+01 5.831678741074978234e+01 7.842608032317676248e+01 7.638005783416673466e+01 7.797119293151673958e+01 8.735797974258994714e+01 7.320994602372418569e+01
6.341946846616196609e+01 7.713028231712615934e+01 8.865070223791362025e+01 7.356374338298873283e+01 6.120006886395695744e+01 4.169953401285144423e+01 4.239882129650776932e+01 6.211866607853628608e+01 7.434073619337304706e+01 7.943856371537823691e+01 9.832374312567398533e+01 9.163633958790214251e+01 7.696250161608021756e+01 9.141701841555251917e+01 7.627190529869734803e+01 6.287383723272724723e+01 4.283839373676759976e+01 6.287383733704308497e+01 7.664278990846501927e+01 6.239965088114262670e+01 6.730298250835321028e+01 6.730298253011191889e+01 8.749015321993081784e+01 1.032629397585520650e+02 1.078355779659519840e+02 9.977889429704772795e+01 9.297957380649430092e+01 8.696432779286810444e+01 7.816956745610168866e+01 5.816793671182380621e+01 5.615587195734420334e+01 7.631805346055696759e+01 8.652097072688735580e+01 9.587441495811891912e+01 9.741467087819508208e+01 9.278682880466219274e+01 9.278961554972087811e+01
4.885305220009574612e+01 6.043155180938997262e+01 8.039204155988002753e+01 6.523086654448901811e+01 4.693737201594564112e+01 3.875194127303022640e+01 5.825129089752979183e+01 6.823838399134811539e+01 6.150062627040239960e+01 7.439578711203870398e+01 9.261737943460602196e+01 8.160658423502964354e+01 6.161839041624003954e+01 8.160658423502964354e+01 7.521412764645084792e+01 5.504880149383619425e+01 4.096639843380373236e+01 6.095462471928470194e+01 6.209971351856570720e+01 4.818476988848592413e+01 5.300743735770863907e+01 6.310737804659201089e+01 7.481558547596830522e+01 9.494661058156853528e+01 1.124769287752310873e+02 1.007669143362821558e+02 9.233012830011082883e+01 8.469526521174246625e+01 7.808168709463438972e+01 7.307888144212593318e+01 5.464501521880458768e+01 6.903885984751640592e+01 8.883051629833482821e+01 1.013830486516060176e+02 1.110468406032022983e+02 1.120080680917163676e+02 1.037046312835416870e+02
5.816165786524729953e+01 7.713028199311301591e+01 8.510168301270871893e+01 6.523086628092013939e+01 5.626678087686262586e+01 3.695736575905103649e+01 5.626678117412529900e+01 4.994824587989145925e+01 6.823838399134811539e+01 8.350856783259374083e+01 8.675309874587244963e+01 6.555553400289868193e+01 5.201493194827632038e+01 7.307826580816343665e+01 7.892029033559410323e+01 5.907651934334564459e+01 3.912203411903534089e+01 5.644117256473644062e+01 4.209753836762492085e+01 6.210261795276952768e+01 7.321566793218944724e+01 6.579229677655199282e+01 8.010171761955211878e+01 1.002038719010731711e+02 1.040334932894263176e+02 8.379336851918289142e+01 7.202386225497015459e+01 6.400931341707722311e+01 5.259379023670224740e+01 5.287499918096264651e+01 7.176962018647041930e+01 6.557337148386068293e+01 7.382685671670694205e+01 8.371337096509775222e+01 9.736941916658312834e+01 1.166379191561227913e+02 1.117053492014008782e+02
5.816165786429340301e+01 7.813280856488418635e+01 7.663181016159315107e+01 6.823397069483156940e+01 4.859259784514698310e+01 3.518733093820259938e+01 5.382240134154712763e+01 4.320297829183279248e+01 5.328513230023120428e+01 7.492774561800762001e+01 8.257859794689503019e+01 6.029076569048523027e+01 4.512640619085926375e+01 6.591238611403805692e+01 7.059004554844430857e+01 5.051309632851054943e+01 5.419764104193432530e+01 3.653858568333974688e+01 5.644415264087356832e+01 7.044873577291872380e+01 8.399083095599752369e+01 8.598950229215161301e+01 9.431316128827830880e+01 1.060140672265529531e+02 9.794852580226309158e+01 1.007668860444493077e+02 9.147335457446763485e+01 7.717037854525084128e+01 7.186661000794441634e+01 5.165220246099777057e+01 7.187272468997966257e+01 7.910240612502340696e+01 7.327384038630452778e+01 8.479809239376913865e+01 9.877861703537392657e+01 1.187060235346113757e+02 1.225652041956660270e+02
6.689228397333508269e+01 7.084561878626131204e+01 5.699349072128454452e+01 7.040372625051134037e+01 5.415187058244853802e+01 3.342307737559131908e+01 3.585271394101414444e+01 4.337293914402819439e+01 6.113914528874322230e+01 7.497443040658633606e+01 7.646640197702275543e+01 6.045289738044949246e+01 4.004921123942980898e+01 6.016665005446758130e+01 5.880055897704297507e+01 5.211074055854957976e+01 3.435726275529962237e+01 5.411964545621469824e+01 4.397835164320091650e+01 5.549159345984684677e+01 7.566031581824238117e+01 8.947868085389698933e+01 1.010892847270048662e+02 9.474498798800887300e+01 7.841041162709252887e+01 9.474498798800887300e+01 1.017220612128720489e+02 8.603535556421049080e+01 6.510641969538863805e+01 5.046860350577096455e+01 6.900999106215033407e+01 5.896198335825351222e+01 7.327384043627102983e+01 9.317383839324898531e+01 9.891923194700963506e+01 1.071949070515593689e+02 1.026136574285915657e+02
6.414259087181397945e+01 6.181959627837481008e+01 4.218269578899921868e+01 6.046538673670652031e+01 5.841905096915259321e+01 4.846359323898641946e+01 3.088785813632986077e+01 4.921710493698813593e+01 5.852299372704992919e+01 7.308689929860642565e+01 6.832163307144452347e+01 4.696826652518119971e+01 3.549206467312072988e+01 4.950762101402125381e+01 3.039135727410702259e+01 5.040239484718549079e+01 3.288893272767423070e+01 5.265021207826991656e+01 6.401589853541189257e+01 5.335557800798874695e+01 6.095838045290074803e+01 7.264922963230834796e+01 9.277957192996035474e+01 8.666819147077379171e+01 6.651012343357533041e+01 8.666819147077379171e+01 8.821050747904014599e+01 8.005595607345009057e+01 7.526833393759679325e+01 6.717371751293671878e+01 4.882357373089524089e+01 6.903219564241503292e+01 8.179735975995107822e+01 8.363754100591891927e+01 7.913928552772506464e+01 9.232315939934736093e+01 8.869708726190096115e+01
4.584210615889631413e+01 5.242415989210247318e+01 3.234059618461981245e+01 4.543019414721905491e+01 4.491846889445163526e+01 2.844510407812568076e+01 3.985398469242233688e+01 5.067482573941599355e+01 6.300339381868148791e+01 5.898275801082529313e+01 6.043193131625548631e+01 5.540021380090261260e+01 3.381402654419633080e+01 2.990799563898532654e+01 3.439001192621078218e+01 3.086741362922112231e+01 5.048540667427340622e+01 4.677232391139870771e+01 6.087544491438438854e+01 7.352283434430110276e+01 8.115731338553167973e+01 8.947868085389698933e+01 9.314573917894973931e+01 7.954123846031797029e+01 5.892431105144724768e+01 7.954123846031797029e+01 8.005595607345009057e+01 6.003178430831390244e+01 6.589672843067806696e+01 4.732915956778632705e+01 5.555155983847185297e+01 5.332216373629226780e+01 7.350975006645170140e+01 6.347432801237210498e+01 6.743311840853006345e+01 7.243377266968487049e+01 7.885438340965734483e+01
4.239421424702767638e+01 4.247329812248957381e+01 2.520067007726722963e+01 2.556037350921338813e+01 2.592080342301756701e+01 3.641696023709893382e+01 4.324598004313444477e+01 3.633835958987082648e+01 4.937487257686047570e+01 4.102994495769368655e+01 4.204783784726598128e+01 4.843978426989741592e+01 2.941738947226043166e+01 4.604592210126550356e+01 4.987372615550509636e+01 3.121049046753017109e+01 4.449197948043369166e+01 6.374162012456434212e+01 7.489919013989258190e+01 8.892293536540090315e+01 9.093831559674079301e+01 8.220669418393646311e+01 8.503533200121970026e+01 6.475244397633264271e+01 5.283013900264486296e+01 6.584246776307020355e+01 6.336010672785586451e+01 6.438137173680708258e+01 4.586240578253988076e+01 6.579897792054633499e+01 7.386896958173224448e+01 7.350975298755609799e+01 5.812592015306591975e+01 7.249228691629870980e+01 8.749927455727927850e+01 8.022917211335433763e+01 9.232315905428417580e+01
