MOVIE_S1_data/elevation_000613.asc
nrows	100
cellsize	150.0
xllcorner	0
ncols	100
yllcorner	0
NODATA_value	-9999
[rows 34 to 50 of 100, columns 0 to 36 of 100]
0.000000000000000000e+00 1.414213562833095494e+01 3.414214238681873326e+01 3.943444135844525533e+01 2.603345486564412425e+01 3.160988033832086685e+01 3.579246997801992336e+01 2.480602452835611516e+01 4.467830009045760420e+01 2.958479296421609916e+01 4.748747906096704696e+01 4.141852059892327276e+01 2.137084875219342806e+01 4.141852059892327276e+01 4.457991193919164630e+01 2.453530662917787808e+01 3.853637164165588302e+01 3.972742920482060214e+01 3.090387132156214989e+01 2.335291279811606557e+01 4.340246300834555626e+01 4.005502117755055025e+01 6.005833524757447606e+01 5.000990346200492098e+01 5.902184159927158191e+01 4.368470099844721943e+01 6.366998803094270443e+01 6.646049474133880608e+01 8.055699557123436705e+01 8.230060651532598115e+01 1.022237731490834278e+02 9.116054490381448261e+01 9.116054490381448261e+01 1.111015818766874474e+02 1.128960239269826786e+02 9.839266267237540831e+01 1.128407076097361283e+02
0.000000000000000000e+00 1.999999999351344115e+01 3.147342932459224230e+01 2.290103908658230836e+01 1.164645884898395423e+01 3.148362808689207526e+01 1.588963505983381452e+01 2.773506382001959025e+01 2.871485945260996431e+01 1.987508751588741163e+01 3.645760602428381247e+01 3.258705454059281692e+01 1.744867622966288323e+01 3.472083614221424597e+01 3.581666835912101732e+01 3.690845497670088093e+01 1.847114663282896174e+01 1.965432121574315616e+01 2.085297848543123678e+01 4.091406673123287163e+01 5.156517163444201657e+01 6.005833524757447606e+01 6.833783147074439057e+01 6.999580805939390871e+01 7.194137499519234780e+01 6.367290345959720810e+01 7.197188270950748290e+01 8.639414934531632184e+01 8.466234695597839277e+01 8.457759725171820264e+01 9.291580681010070464e+01 1.111015818766887264e+02 1.111015818766881722e+02 1.192940560881727663e+02 1.291511796296819909e+02 1.193113887267355437e+02 1.111662161708708396e+02
0.000000000000000000e+00 1.999971701778250832e+01 2.182496739662103380e+01 3.152712963894208187e+00 4.339403849305553784e+00 2.408753976126435248e+01 2.378836588643464722e+01 7.729776733255040000e+00 8.711857517808837770e+00 2.861289105109144870e+01 1.155837925727402471e+01 1.257934557779871731e+01 1.362201269242131119e+01 1.470516216513182428e+01 1.578884166923712584e+01 1.687438544485831926e+01 3.691953961984536647e+01 3.972742921450011266e+01 4.092898520858529565e+01 2.324584392508819164e+01 4.330208380996567996e+01 6.086338614807213077e+01 6.915599551230531006e+01 7.761833281986322675e+01 8.406641245456172840e+01 8.277303040535068135e+01 7.445562260575007940e+01 6.719767990440209360e+01 6.444625098495320970e+01 6.444315694628055269e+01 8.457759725171901266e+01 1.005970972748432786e+02 1.087218491888174015e+02 1.101770002579009571e+02 1.176593388875306943e+02 1.104924239769628258e+02 9.553504810178021955e+01
0.000000000000000000e+00 9.186304243492503518e-01 1.838231404092655286e+00 2.179534734156421649e+01 4.168621937339133332e+00 5.316378242360068285e+00 6.352692798929563622e+00 2.628603805223702494e+01 2.871163756957835034e+01 1.011731623394440582e+01 1.775953632576488062e+01 1.740448662765332699e+01 3.362972734599412661e+01 3.471706785146370322e+01 3.581666199022280495e+01 2.134703165595322716e+01 4.123755481712490223e+01 5.908833934464417581e+01 3.913016073356234159e+01 2.495603281988171673e+01 4.499667594946272686e+01 4.083686579686430207e+01 4.930107676468512778e+01 6.402027024326569915e+01 6.402027024326569915e+01 7.117955935557796465e+01 5.437494198341293128e+01 4.712653729706045169e+01 5.025127319994989250e+01 7.034039797634717672e+01 8.366825604694101060e+01 8.065209119991260422e+01 9.482814907273608185e+01 8.897593757610376031e+01 1.101517906780701281e+02 1.197186559331988320e+02 1.102662807472226945e+02
0.000000000000000000e+00 1.999999999999964473e+01 1.162857732246148679e+01 1.775555957473811475e+01 3.345440898108089556e+01 2.541840618357898762e+01 1.150617519179463066e+01 3.065220937472422236e+01 3.490147749978704894e+01 1.525632481831649834e+01 2.065236510545752324e+01 3.277967243697447941e+01 2.456022508197695586e+01 4.406639368456645656e+01 2.844703193970231325e+01 4.123779185073160392e+01 4.947610560386294765e+01 5.919826384599092250e+01 3.913434282168779532e+01 4.495414161142088716e+01 2.744626731646429363e+01 2.928047485374764847e+01 4.930108635233053604e+01 4.398345100767300409e+01 5.609119475892081397e+01 5.884661512918703608e+01 4.281265343377847898e+01 6.286203624293315784e+01 7.034039797634717672e+01 5.525713373393144678e+01 6.423430888241560410e+01 8.415440911523073453e+01 7.450969050570948582e+01 8.892592605587050514e+01 1.099326204058947667e+02 1.169311362512919317e+02 9.789469437240836669e+01
0.000000000000000000e+00 1.917872750059699172e+01 3.093087911868189366e+01 3.009723790173562818e+01 3.660750145166689151e+01 3.105969033419301439e+01 3.105969154860472159e+01 2.016409286202963003e+01 3.969462080144659666e+01 2.071772285433410232e+01 3.990226237554526278e+01 4.932396107945196917e+01 4.406663634757747872e+01 3.309869300441748408e+01 4.823063353214769933e+01 3.597338091469535470e+01 5.567844933216888137e+01 6.755780037510709235e+01 5.919864228692393482e+01 4.746673751568877009e+01 3.453068016446950850e+01 4.930108366423127819e+01 3.195829164734326966e+01 3.398025237343092897e+01 3.606590562827578594e+01 3.881298584584062894e+01 5.884661512918703608e+01 7.117955935660023670e+01 8.373880035561293766e+01 6.947271618070359978e+01 6.130380453698280263e+01 6.591185209175867499e+01 8.603442957942876035e+01 9.104492678774141723e+01 1.110914112239750864e+02 1.247089888519041523e+02 1.137237689342849478e+02
0.000000000000000000e+00 1.414213562373107536e+01 3.414213562373178235e+01 4.880358621309793676e+01 5.538077509118241437e+01 5.122145806488110509e+01 4.681923520923515269e+01 2.690362234973427746e+01 4.681923485011232344e+01 4.061443175325272392e+01 2.910769985995359477e+01 4.916830068691836431e+01 5.958776303810297037e+01 3.964414112487929032e+01 5.958776303810297037e+01 5.567844933216888137e+01 4.436566727706792790e+01 6.408813992649049851e+01 7.571166579495601923e+01 6.211967195181837553e+01 4.209351527366641932e+01 4.196238734024154127e+01 4.090579563378577177e+01 5.400186062546932675e+01 5.609119475891944973e+01 4.077973071696665386e+01 6.079174352119375868e+01 7.406888937329669886e+01 8.406499142230721588e+01 8.964931502603185720e+01 7.555862239053907103e+01 8.020170229343709423e+01 8.020170229343709423e+01 1.005590159254081328e+02 1.191616647845469288e+02 1.119584101851528430e+02 1.200560695221674621e+02
0.000000000000000000e+00 1.999999999999964473e+01 2.862837213172934625e+01 3.334241733740592650e+01 3.888941930172538264e+01 4.717369042924404710e+01 5.527284316945444687e+01 3.821625975256305452e+01 5.527284316945444687e+01 5.589742058918049139e+01 3.571006088239415277e+01 5.589742058918049139e+01 6.781683299290992295e+01 4.960432244322501560e+01 6.781683299290992295e+01 7.068968575368113250e+01 5.088504827210929449e+01 7.068968575368113250e+01 7.628626297387782529e+01 5.625167781788849197e+01 6.211967195181841817e+01 4.952677632568571653e+01 6.093552927044518697e+01 5.725757635137426860e+01 6.906811335004208274e+01 6.079174352120157465e+01 4.578022798509594082e+01 5.579174540917973957e+01 6.995164526520167669e+01 8.991719249018422033e+01 9.582817190189983592e+01 1.005590159254078628e+02 1.005590159254081897e+02 1.090149470319368419e+02 1.086800173248305299e+02 9.201802581475661214e+01 1.086800173248305299e+02
0.000000000000000000e+00 4.264014327112191083e+00 8.628372131832001912e+00 1.334241733974227806e+01 1.888941930199447228e+01 3.303155492572492591e+01 5.303155492480655653e+01 5.858218441388402198e+01 6.704014507815298884e+01 6.441264411513633092e+01 4.570603998346322783e+01 6.441264411513633092e+01 7.777758576407276792e+01 6.957120363298098198e+01 7.777758576407276792e+01 7.896067027823644935e+01 6.070433058307721552e+01 7.896067027823644935e+01 8.457191047587369326e+01 7.628626297387782529e+01 7.786386277303428471e+01 5.954384854382749381e+01 7.786386277303428471e+01 7.143174908405146084e+01 8.126613470887434687e+01 6.127008789850994930e+01 4.970412528589172751e+01 6.972194630694852435e+01 8.175094392843122648e+01 8.751854025345616606e+01 9.416592854775439037e+01 1.024232161999710513e+02 1.123805167261862437e+02 1.116262840969504992e+02 1.004656874453582844e+02 8.026953155894929637e+01 1.004656874453582844e+02
0.000000000000000000e+00 1.999999999999964473e+01 2.862837213172934625e+01 2.488942272353459018e+01 3.888941930172538264e+01 2.957986897849125896e+01 3.957986897849090724e+01 5.372200460222114060e+01 7.372200459827615759e+01 7.464362563936300887e+01 6.608880119489782601e+01 7.464362563936300887e+01 6.942974102215802645e+01 6.942974102215802645e+01 7.787225092717707753e+01 8.894539400502624460e+01 8.067504092428508500e+01 8.894539400502624460e+01 8.857091345945551097e+01 8.025620252600775473e+01 8.788341125886749694e+01 7.959344770540323566e+01 8.788341125886749694e+01 9.146906506567285078e+01 8.952012137134633463e+01 7.798959097319330169e+01 6.127009487170927571e+01 5.657332386150989123e+01 6.174860269853983397e+01 6.753900050847451553e+01 7.422376366485991639e+01 8.421701782858941954e+01 1.041148392669194180e+02 1.034050869357515836e+02 8.325586049067837280e+01 7.290777133068758076e+01 8.532370819271251605e+01
0.000000000000000000e+00 1.414213562373107536e+01 3.414213562373178235e+01 4.488942272307453152e+01 5.317369380769022769e+01 4.957986897791317205e+01 5.786414003269675987e+01 6.786413992700093445e+01 7.210977010739480875e+01 8.041519564442113222e+01 7.521377472290977551e+01 6.325033142084669890e+01 4.862841191451637002e+01 4.862841191451637002e+01 6.942974102215802645e+01 7.508876839423031413e+01 6.691929347350566104e+01 7.508876839423031413e+01 7.699602379613044434e+01 6.021833995529369332e+01 7.699602379613044434e+01 8.009256137499829720e+01 7.134382183974862812e+01 7.407439040000693353e+01 8.282902352338302876e+01 8.953118778919417764e+01 8.126739007649725011e+01 7.658636163052942436e+01 8.175094392843122648e+01 8.751854025345616606e+01 9.416592854775439037e+01 1.024232161999710513e+02 1.123805167261862437e+02 1.116262840969504992e+02 9.444449822597262312e+01 7.404803201553255576e+01 6.459727179798466068e+01
0.000000000000000000e+00 1.999999999999964473e+01 3.179825791558250714e+01 3.846219173097927779e+01 4.672906103732812255e+01 5.671522302385245240e+01 7.405603336874850129e+01 6.575307253257273032e+01 5.208306966515621639e+01 6.884865364817945022e+01 6.675777466295335216e+01 4.590943491714642732e+01 3.381476576052870087e+01 4.580654043317144897e+01 5.437517990816834867e+01 6.555349828944500246e+01 4.811895178807398565e+01 6.555349828944500246e+01 6.868733717682130191e+01 4.865701902832967818e+01 6.868733717682130191e+01 6.810336500510493352e+01 5.072514784257481324e+01 5.337770648714423061e+01 7.407439040000691932e+01 7.624788255610629051e+01 7.922312492975773068e+01 8.095102893644173037e+01 8.909975979594290152e+01 8.950031057161403680e+01 9.751529298545209201e+01 9.754448006851943376e+01 1.056107706491266640e+02 1.108199795717867033e+02 9.076145464408443786e+01 8.532370819270566642e+01 8.532370819271251605e+01
0.000000000000000000e+00 5.773502678713786196e+00 1.180372923957609999e+01 1.847039028478900846e+01 2.847009158905772352e+01 4.845429187290083206e+01 6.575307253257273032e+01 4.572888061580263752e+01 4.052667304313993668e+01 5.461613338623167380e+01 6.291570278967238750e+01 6.052694155177804447e+01 3.967928894340639800e+01 2.473121744758202922e+01 4.311767553698594213e+01 4.848609780124911595e+01 3.945307298670823570e+01 5.751912263078983045e+01 6.160555028076007034e+01 4.158006631465360670e+01 5.264988159465084294e+01 5.035302399191592571e+01 3.912136763808175743e+01 5.943962485714715882e+01 7.040402174479346797e+01 5.635595799566308983e+01 5.915709310409647514e+01 6.123843686051096569e+01 7.421416630942992754e+01 7.027801839942776496e+01 8.406217003810334631e+01 7.847761437138619556e+01 9.754448006851943376e+01 1.094788096527502717e+02 1.108199795717842875e+02 1.055244163035156220e+02 9.655170729537672969e+01
0.000000000000000000e+00 1.154618537985723670e+01 3.147614700710077074e+01 3.846219173097927779e+01 4.672906103732812255e+01 5.671522302385245240e+01 6.188251736110898094e+01 5.159383064044374123e+01 3.153479606819028191e+01 3.456677263604414208e+01 5.134230051797413097e+01 4.231082650803177359e+01 3.395128374867908860e+01 1.937722986010177806e+01 2.533473444781349215e+01 3.094230000883351295e+01 4.848609791945846581e+01 5.169116050872290202e+01 5.979350506414570532e+01 5.264988159315455363e+01 3.265391293092998382e+01 3.020732153660401309e+01 5.022055696175362982e+01 5.584143311710704438e+01 5.832686254502274892e+01 4.219533348053747090e+01 4.495008315377016572e+01 6.284824421097517444e+01 5.470517057749817269e+01 5.878347838716920393e+01 6.461691280861226971e+01 7.276890171897021276e+01 8.237791986141773748e+01 1.013393847054926198e+02 1.133515091228044014e+02 1.019960712323518948e+02 8.839344737247374439e+01
0.000000000000000000e+00 1.998207754871978636e+01 3.954666763031955412e+01 4.017407263421382169e+01 3.187155649145024228e+01 4.017405406637779919e+01 4.186432886857446078e+01 4.421673811604932069e+01 3.589845523249157111e+01 2.283949077947017514e+01 4.060983588169887781e+01 3.228995924651516702e+01 1.391577681195594884e+01 2.389051070581683334e+01 3.609358415645361617e+01 3.794805674025580089e+01 3.916098606450270836e+01 3.193259193572862387e+01 4.232024830337710597e+01 4.428176553167367757e+01 2.714791719977258566e+01 4.638223361890666752e+01 3.353697115672655116e+01 3.594888043875858585e+01 3.844359234597872188e+01 5.617091166544428660e+01 6.209973672682860979e+01 4.917842422033401562e+01 6.047304920769573755e+01 7.192957175830210304e+01 6.941040054062956699e+01 8.848232676982941314e+01 9.988441738761574129e+01 1.094844399245666295e+02 1.052721770104925270e+02 8.553630482185077710e+01 7.376766278183372094e+01
0.000000000000000000e+00 1.999999928027430585e+01 2.190543874750175135e+01 2.286078333659802198e+01 1.330420581269038749e+01 3.101406242817437331e+01 2.771969459628248700e+01 3.589844184902916879e+01 1.562284347723788436e+01 2.967511964732138452e+01 3.076347296394579445e+01 1.233299701433649176e+01 3.222753442079851283e+01 1.558958655912903524e+01 1.677934635834855470e+01 1.797859640798117553e+01 1.919398872955158808e+01 2.042289258852929379e+01 2.237048000712444207e+01 2.433283066992250809e+01 4.428176695201566559e+01 5.471246437330542278e+01 4.764111738785895511e+01 5.006139469751264670e+01 5.255617087762752959e+01 5.773005269921094396e+01 7.273181492786437730e+01 5.419115472654134891e+01 7.402240131669218215e+01 8.638817202536013440e+01 8.847386061251302181e+01 8.291721393834100695e+01 1.019443898959777925e+02 1.170114842484115485e+02 1.091916172201436410e+02 1.019960712323518948e+02 9.387766287660087983e+01
0.000000000000000000e+00 9.513029883089878513e-01 1.903683940689939291e+00 2.859320905824930925e+00 3.818247508795701073e+00 2.381999146043865423e+01 1.617180140110227171e+01 2.716740672508436205e+01 1.247572314898690138e+01 9.671454382562078678e+00 1.077450081903604051e+01 3.076093801489294322e+01 2.081048226944232127e+01 3.734107332416497371e+01 3.674823022909912140e+01 2.796121239078879839e+01 3.071678576698404584e+01 4.038511494982018490e+01 2.269975663927896292e+01 4.265042364644575912e+01 5.200692171765125238e+01 6.385150751230563770e+01 6.740248565079015464e+01 6.979568068501200173e+01 7.225854465145343397e+01 7.621965651122559393e+01 8.207665029110066257e+01 7.402240131669218215e+01 6.271562807372872328e+01 7.662174128060057399e+01 9.610358915740079055e+01 1.019444083758918964e+02 1.100679718162387672e+02 1.060275870088870533e+02 9.010723103982556381e+01 1.006459560364415893e+02 9.632043199796746080e+01
