MOVIE_S1_data/elevation_000151.asc
nrows	100
cellsize	150.0
xllcorner	0
ncols	100
yllcorner	0
NODATA_value	-9999
[rows 51 to 67 of 100, columns 0 to 36 of 100]
0.000000000000000000e+00 1.999999999999964473e+01 3.016397779494364428e+01 3.593748048684030039e+01 4.260414715350708548e+01 5.088841840360336022e+01 6.088841840618746204e+01 6.945275601016530231e+01 5.939954796930563674e+01 4.968603233909421135e+01 4.075083563299935463e+01 3.353063524211508195e+01 2.661709106774667788e+01 6.113394480506200601e+00 1.268133604959137450e+01 1.136955180903317242e+01 2.897181693618855292e+01 4.417507617368831774e+01 5.224388232009570032e+01 6.313423638572898255e+01 7.342761764052615092e+01 6.542115696775073275e+01 6.409744469914677722e+01 5.816102814036689495e+01 7.842922206725117462e+01 7.464154774260320835e+01 5.792349968577941155e+01 7.150896846466277168e+01 7.984285015114143391e+01 8.586584292296541321e+01 7.724901527263108392e+01 8.586584292296541321e+01 9.732145904645739165e+01 8.902884920438071958e+01 8.680054318507835376e+01 7.372461644147544746e+01 5.419033409532416812e+01
0.000000000000000000e+00 1.999355997096661852e+01 2.484905525775434043e+01 3.705873728615295448e+01 5.442899682778085690e+01 5.773172368004535571e+01 4.941939711188884132e+01 4.941939365595844436e+01 5.145816902741462684e+01 3.393671076062431524e+01 2.354033318234364813e+01 3.136234852570738596e+01 3.167186408735186731e+01 2.380954252495081747e+01 5.732308106870380726e+00 2.448619302859543723e+01 2.886820662541181903e+01 4.981219632729602154e+01 5.218756406567356265e+01 5.764497422404777183e+01 6.477495073060195807e+01 7.246118916969459178e+01 8.131916658097995310e+01 7.842922206725117462e+01 8.679976572811321489e+01 8.617529480087740978e+01 7.780973995502856155e+01 7.934526140293357344e+01 8.763138103563264281e+01 9.233931592563044433e+01 8.406639444311858256e+01 8.732898534890880171e+01 7.904366263852263330e+01 6.905847612706122618e+01 8.578314458620445748e+01 8.275873968211756448e+01 7.437124346711955525e+01
0.000000000000000000e+00 9.874137899642928318e+00 2.497226364490072825e+01 3.585535889988189240e+01 4.610406844640237978e+01 3.777446477080273723e+01 2.924978123633614402e+01 4.941939711189070294e+01 5.468497458532582556e+01 4.967960157479099337e+01 3.188207641834905814e+01 1.234495025646428346e+01 2.369929256922272387e+01 5.341062176454085986e+00 6.009042673511637567e+00 2.746461003460656869e+01 4.068368374881500671e+01 4.418311650848283278e+01 3.079882558749590515e+01 3.730168035769730039e+01 4.477836062223502722e+01 5.525790952971532022e+01 7.250324975156900109e+01 8.408329525651201664e+01 7.641640240529216044e+01 8.494211696093742603e+01 7.609879444475367904e+01 5.938242847351565246e+01 7.609879444475367904e+01 8.093753175367636743e+01 6.441076254700132608e+01 7.579793363353479663e+01 5.908379244859765578e+01 5.754070351339779421e+01 7.685210053888869197e+01 8.567605673653018528e+01 9.396591110948594405e+01
0.000000000000000000e+00 7.469281960857961922e-01 1.134559340716194420e+01 2.765182334075565862e+01 2.822061029261078602e+01 1.725781216144706676e+01 3.412509796375433524e+01 2.998082554256383858e+01 2.974554458094890919e+01 4.507292828159559406e+01 2.304099389554041366e+01 6.485469458872948678e+00 4.942851171537612665e+00 2.478601776167867854e+01 2.655747003305278042e+01 1.070155401932480110e+01 3.217325952865396488e+01 2.245773964776374498e+01 4.418311650848283278e+01 5.818402520967989489e+01 6.477495073060195807e+01 7.246118916969865609e+01 8.131916658315005009e+01 7.394672789220030040e+01 5.546643889778992076e+01 7.394672789220030040e+01 6.781971443734660454e+01 4.787116940185843816e+01 6.781971443734660454e+01 7.271821007680310345e+01 5.303913310707275741e+01 6.135648969092592608e+01 4.757518861289202050e+01 4.862727601407065237e+01 6.857335023868250801e+01 6.570788716040766531e+01 8.567605673653018528e+01
0.000000000000000000e+00 2.814111320045472042e-01 1.420680317426252337e+01 1.986271840300875269e+01 7.380835780242681388e+00 2.310526350886334157e+01 2.295304194220167915e+01 2.274344428381017469e+00 2.267441689524776294e+01 3.231019540058793638e+01 3.368764059507165598e+01 2.478381479856864189e+01 4.659778321159130599e+00 2.427135416013249269e+01 2.551385860968482433e+01 3.105058053249136663e+01 1.629116933134876177e+01 3.794939815714761266e+01 3.430421968753481110e+01 4.538264655653782853e+01 6.007000036905328244e+01 7.919670631222166435e+01 7.305665883107350567e+01 6.556148222211285770e+01 4.515817871355488933e+01 6.556148222211285770e+01 6.076683870264714216e+01 4.081047340797285727e+01 6.076683870264714216e+01 6.327976056492933310e+01 6.135648969092592608e+01 4.157318889092760372e+01 3.865471111848621888e+01 4.496540082726826881e+01 5.160551242336535438e+01 6.157441966663608213e+01 7.309679210348232914e+01
0.000000000000000000e+00 1.999427950936993170e+01 6.794641932387776029e-01 9.610123597792904482e-01 1.242669212264144507e+00 1.525050543997006791e+00 1.807510961419612094e+00 2.090190714321574994e+00 1.428787172533525229e+01 2.081374758690619942e+01 3.679398454749718894e+01 2.448700197011849156e+01 7.028641946820333608e+00 4.258814560284577944e+00 1.276741051152742301e+01 2.045505916469461383e+01 3.748406889939085573e+01 4.643047041808586073e+01 5.552736468534964587e+01 6.355038980831293571e+01 7.348665902982294540e+01 6.722477661881178790e+01 5.311451625054291270e+01 5.866114227498282929e+01 3.839891965847049704e+01 5.866114227498282929e+01 5.474976816976491989e+01 3.476584967269647564e+01 4.691143048970950957e+01 4.331639381996799187e+01 5.147351041463928567e+01 3.489716371587329036e+01 5.487084874401492840e+01 4.355930826845226278e+01 6.349968516285962750e+01 7.246117456547656843e+01 7.654823790139093376e+01
0.000000000000000000e+00 1.999883785928610536e+01 8.137654665398788012e+00 8.334813987098902643e+00 6.430064094957804066e+00 1.742258635126827215e+01 2.016592687483785795e+01 2.092161672537390515e+01 2.490075088138781201e+00 2.151194518825791135e+01 2.261278671400394913e+01 2.313315767470538376e+01 3.857963123524466020e+00 2.261948068183791705e+01 2.348477704930896692e+01 3.997622934459522526e+01 3.026120903786277694e+01 3.891337418223617561e+01 4.974405195628608567e+01 6.814779414460167573e+01 7.305665883107457148e+01 5.311451625054291270e+01 3.900295723819971982e+01 4.743586641613090649e+01 3.257734999224107497e+01 4.475835489451513638e+01 5.226802196782603005e+01 4.399198235946391122e+01 2.689670313838485782e+01 2.914644254148420544e+01 3.146848207330375757e+01 4.629664310844653130e+01 6.314309596342853581e+01 5.074750051455907851e+01 4.871962568153412576e+01 5.248957132910618384e+01 5.652579846253885165e+01
0.000000000000000000e+00 1.966032006146544475e+01 2.877651227512650323e+01 2.321491107872595805e+01 2.238848044418288197e+01 1.338081673043796016e+01 2.810263396064560126e+01 2.371587934935467601e+01 2.831298838506136839e+00 2.881253183641915072e+00 3.165558589743041829e+00 3.454899009599176729e+00 6.574101612110070825e+00 1.651525061363532032e+01 3.539261915786131851e+01 4.167602525319524176e+01 4.377770363218411376e+01 5.681303197834051844e+01 6.508516432387992268e+01 7.566896705406716706e+01 6.518818494761141835e+01 5.692012391334178290e+01 4.743585768896502231e+01 2.747634303073898465e+01 3.802700815991323680e+01 2.472250185308722337e+01 4.113616911898490969e+01 2.400128905751000730e+01 4.399198234646214445e+01 4.916352854599580269e+01 5.147333314525709369e+01 5.974439756715101169e+01 7.398516016804332196e+01 7.316055686445994866e+01 6.861763773058717675e+01 7.246117456547656843e+01 7.654823790139093376e+01
0.000000000000000000e+00 1.414370646814082555e+01 3.418340652510421052e+01 3.709524424231962314e+01 2.135519130248913555e+01 2.846948626178949127e+01 2.675727870394868546e+01 3.003385830484129571e+01 1.690670773712751185e+01 1.766276866010862534e+01 2.373060188278957838e+01 4.297868762810477250e+00 2.298820238027289520e+01 2.469617631780916867e+01 4.281538635892396627e+01 5.921016721739488275e+01 6.232628426826818924e+01 5.881813517495056942e+01 6.100786140033562788e+01 6.931372129529107440e+01 5.367409200824275217e+01 3.698453239517561997e+01 4.420890534423390505e+01 3.594682505426199981e+01 1.813252756110486885e+01 1.962500908071269734e+01 2.119046253051633499e+01 4.113616911898581208e+01 4.774745186377719364e+01 5.066506699420538951e+01 3.527810288996729327e+01 5.524602548378853584e+01 6.429361297902970307e+01 6.886516109737885927e+01 7.370025945484046304e+01 7.971369144815392360e+01 8.636312528646753606e+01
0.000000000000000000e+00 1.414216707308579046e+01 3.414512493031882201e+01 4.469962640152888866e+01 3.210594044802299152e+01 3.682461388680395231e+01 4.107601316235322031e+01 4.507945698197230655e+01 4.175606869704614610e+01 4.006371294347606948e+01 3.667828069063961038e+01 2.729981063558860299e+01 3.090383748669756869e+01 3.890486744697825117e+01 5.125749542176161100e+01 5.297969771104848746e+01 5.211290068857750413e+01 3.695978365247579234e+01 3.936748656917516342e+01 5.277983541147668234e+01 4.541030458195324115e+01 2.548584298201798504e+01 3.390691172184132540e+01 1.607456570121579631e+01 3.518510599385436421e+01 3.853985641319106037e+01 4.007425498918711071e+01 2.495305474900927578e+01 2.773872791134685656e+01 3.066290572775972834e+01 5.066492225694172902e+01 4.000721307873103427e+01 4.436796729136744233e+01 4.893824483396119973e+01 5.376463821677583610e+01 5.976939382401423018e+01 6.641482377152672711e+01
0.000000000000000000e+00 1.154715796482063439e+01 2.569554317907922325e+01 4.581754062374195513e+01 4.954648791625209725e+01 5.370100972156652119e+01 5.036389787189834522e+01 4.263406791143138719e+01 4.503513566116834710e+01 3.546571397844137152e+01 2.812619750021567100e+01 2.723940174477658616e+01 1.532648953942135428e+01 3.182265277979458418e+01 4.302925417016343346e+01 3.071492744872782055e+01 3.207465570376380981e+01 2.081004254819023913e+01 4.330890464147138630e+01 3.256124749406139784e+01 3.254017762235037736e+01 3.205539710516698904e+01 1.402617098925355776e+01 1.746494871587860231e+01 3.731720695990721737e+01 5.003717056413520226e+01 5.243859264624715877e+01 3.909702211890682122e+01 4.190171062662423651e+01 4.223396814905878216e+01 4.700456573749180222e+01 5.994548061547810391e+01 4.783357610671878746e+01 6.776208483871793931e+01 7.370025945484046304e+01 7.003739020036447016e+01 8.636312528646753606e+01
0.000000000000000000e+00 1.999999999999964473e+01 2.816496580927768889e+01 4.816496580927697835e+01 5.218779109842040498e+01 4.335597591041807419e+01 4.012137601546886145e+01 2.505698905889085637e+01 2.915767470526839489e+01 2.745534226682754309e+01 7.751204003157618594e+00 7.206233188904813680e+00 1.321136690039041461e+01 2.735498423851235472e+01 2.379853990420270193e+01 1.097083266399089574e+01 1.196709533198126785e+01 2.911473945925742157e+01 2.959152653572249392e+01 2.959421547463561097e+01 1.316795184471677693e+01 1.216818098022568506e+01 2.867988577486971380e+01 3.718455068429258858e+01 2.250854800394776589e+01 4.241252559962882884e+01 5.618415480422291353e+01 5.906555527989080190e+01 6.186031967136234755e+01 5.634091421030480262e+01 6.110874984614964234e+01 7.440722521098786046e+01 5.447180409442434268e+01 6.776208483871792509e+01 8.772143101337066184e+01 8.999815863178707787e+01 9.828855773400599105e+01
0.000000000000000000e+00 8.164965809277331843e+00 2.230710143300853332e+01 4.230710143300923676e+01 4.335597866643093568e+01 2.180808637578062914e+01 2.724624008068654391e+01 1.435179508951740779e+01 1.696612359220828736e+01 2.408015949475256079e+01 6.743210435941555225e+00 2.570073856645248966e+01 7.669976749251270043e+00 7.999498995071126828e+00 8.331140722742116367e+00 8.665355052583992190e+00 8.999089917019798435e+00 9.332221872312272737e+00 9.664641791426403117e+00 9.996462843287366340e+00 1.032775820741101391e+01 2.990872506214566684e+01 3.730819972719298505e+01 4.842096334567811766e+01 4.241252559962882884e+01 2.799257045747385675e+01 4.794665324626397052e+01 5.395285648615835328e+01 7.379764582600060407e+01 7.628418231276265260e+01 8.106003832838166545e+01 8.268540728853731991e+01 6.856184003322012188e+01 6.856184003322013609e+01 8.851923338593660162e+01 9.554385441838543613e+01 8.726683480567986351e+01
0.000000000000000000e+00 1.999999999999964473e+01 3.644923705674811742e+01 4.508641697915408741e+01 3.513417619156102489e+01 2.680169935779739276e+01 7.102742057309716195e+00 5.622296224976346402e+00 5.950613064707478195e+00 6.279005502652919013e+00 1.932664735103274012e+01 3.111853272345215160e+01 2.983658411926072063e+01 1.846013592284377935e+01 1.147308591145388412e+01 2.625539391814636403e+01 2.961388566878760287e+01 2.590401362485808434e+01 2.952270249123245804e+01 2.080901926567942795e+01 2.291067901575508969e+01 1.081251962699047731e+01 1.414399287725686705e+01 3.813088127451674580e+01 5.323011497061468589e+01 4.794665324626397052e+01 3.403253392478313089e+01 5.395285648615834617e+01 6.587025769534605502e+01 7.157693976144194892e+01 7.817146302239078182e+01 8.645430136780196051e+01 8.851923338444933620e+01 8.851923338593660162e+01 9.680897461569841767e+01 8.726683480270665427e+01 6.757373906211674353e+01
0.000000000000000000e+00 1.414213562373107536e+01 3.414213562373178235e+01 3.684077472942053078e+01 1.693723089716832675e+01 7.438450565747823262e+00 5.158139834634456022e+00 2.299902511308741992e+01 1.956838405059771802e+01 9.801817080592039488e+00 3.244662178971193356e+01 4.268217008293699166e+01 4.073420651895676059e+01 3.247661383051004691e+01 1.548241238630530781e+01 1.827447081984851351e+01 3.198660276013802672e+01 4.303775798123918861e+01 4.551139057467474913e+01 3.976006495342567604e+01 2.843499892995948386e+01 2.057994535686323090e+01 1.130104302169656982e+01 2.539140805093636644e+01 3.486129749761531826e+01 4.328383620923766273e+01 5.395285648465530670e+01 4.091519821256590461e+01 4.607576427173889044e+01 5.180841319920158838e+01 5.838789323954426180e+01 6.823399192593451801e+01 8.224598901168160126e+01 1.022633357120149213e+02 9.435206275082705929e+01 7.456453900528310896e+01 6.125271023758013200e+01
0.000000000000000000e+00 1.414213562373107536e+01 3.414213562373178235e+01 4.508641364657609785e+01 3.510431582138394901e+01 2.459291367093962322e+01 4.828878778237343461e+00 2.442428555691482472e+01 3.509440685518221414e+01 2.486665217163665531e+01 4.521055316458695472e+01 5.082275879489231585e+01 3.166767467823520121e+01 2.131456200195250972e+01 3.392342958727762436e+01 3.639899897021552988e+01 2.546301643495364075e+01 3.552496246053322437e+01 5.408807675694513506e+01 5.446030190408541216e+01 4.557084895256645041e+01 3.830461249482040387e+01 3.122251626248361234e+01 1.179634199936606009e+01 1.674036684034846800e+01 2.904862865033977926e+01 4.897244695048970442e+01 6.075934147026316623e+01 6.587025769534605502e+01 7.157693976144194892e+01 7.817146302239078182e+01 8.645430136780196051e+01 9.641931949473263330e+01 9.572095540058795393e+01 8.742955631839099340e+01 7.456661198780865618e+01 5.544165945564090237e+01
0.000000000000000000e+00 1.157283358187957845e+01 2.603943796356344365e+01 4.739289359776633148e+01 3.932583597148178711e+01 1.903968878495420469e+01 4.498083993725341401e+00 1.486001326540206868e+01 3.131884145856230006e+01 4.801510576532410113e+01 5.704360581781201489e+01 5.922364662122907220e+01 4.442090904983881927e+01 2.575777856372824104e+01 4.442090905004716461e+01 4.945727414103235731e+01 3.153747548353895880e+01 4.945727414103235731e+01 6.314888662243826190e+01 6.562834249425202415e+01 4.666270137467612500e+01 2.691306692355334462e+01 2.029831916721830254e+01 3.164764292069281737e+01 1.229969898399052575e+01 2.647017939696906907e+01 4.717890500400272913e+01 5.568890537471631319e+01 5.745240884454897667e+01 6.582604807464549879e+01 6.240350030108351120e+01 7.081760822018445367e+01 8.242207098118713304e+01 8.742955631847866016e+01 6.784091630858925726e+01 7.017904696742350268e+01 5.135162180306789992e+01
