MOVIE_S1_data/elevation_000818.asc
nrows	100
cellsize	150.0
xllcorner	0
ncols	100
yllcorner	0
NODATA_value	-9999
[rows 0 to 16 of 100, columns 37 to 73 of 100]
9.453595130591570239e+01 8.628860113777876961e+01 8.408752370883613025e+01 9.266265614872051515e+01 9.016759557604881081e+01 8.167705294939020177e+01 8.167705294940782323e+01 9.016759557878735620e+01 1.020642660546766507e+02 1.001453828115919578e+02 9.079402983646778580e+01 8.256366801289699708e+01 9.123677011640502599e+01 1.077694230527985013e+02 9.960386840846643963e+01 9.148242416577865299e+01 9.960386840846643963e+01 1.007071182885079281e+02 9.231365174205947710e+01 9.231365174205772917e+01 9.231365174205772917e+01 1.007071182833464604e+02 1.057791722548331990e+02 9.772392061062329560e+01 1.057791722548331990e+02 1.068858599885211760e+02 9.850554965966119880e+01 9.850554965966119880e+01 1.044618459470135008e+02 1.074987377715171988e+02 9.912222557864033945e+01 1.018056055900133572e+02 1.101473487925222514e+02 1.065242710534414101e+02 9.808272450666724751e+01 1.065242710534414101e+02 9.403939201750456789e+01
8.628860113777876961e+01 6.509041740625279715e+01 6.230180921269471384e+01 8.024412211234654535e+01 7.823066391542337783e+01 6.092822674020617058e+01 6.092822674020617058e+01 7.292349375071441386e+01 9.363463718835390637e+01 8.601263668600444134e+01 7.170154819675997260e+01 6.210853699100548653e+01 7.505559247275941459e+01 9.321545192138135860e+01 8.985752883112537859e+01 7.203705718092764698e+01 8.985752883112537859e+01 9.231365174205875235e+01 7.130576805077856761e+01 7.130576805077856761e+01 7.130576805077856761e+01 9.231365174205772917e+01 9.583918196392052380e+01 7.766463409630195258e+01 9.583918196392052380e+01 9.850554965966119880e+01 7.798463974093733952e+01 7.798463974093733952e+01 8.399507510001326693e+01 9.547555664831465094e+01 7.804807893460805701e+01 8.080376450410695099e+01 1.018056055900133572e+02 9.595674402902385225e+01 7.663479097609017288e+01 9.595674402902385225e+01 8.549590703393245406e+01
7.874482138618114391e+01 7.001225232761905204e+01 4.997979175036709165e+01 7.150004743980510113e+01 6.969771237656441087e+01 4.906773012375829524e+01 6.969771252284293439e+01 7.105256778441450649e+01 7.957028728866080769e+01 7.764459874450781740e+01 5.768739369792677252e+01 5.209205176893518541e+01 7.233702481424620601e+01 7.945763906031756107e+01 7.988866316549815849e+01 6.192457821087324987e+01 7.426275394616887127e+01 9.389024178230552309e+01 7.745883472557594018e+01 5.648807668853226716e+01 7.130576801749248261e+01 9.231364294547765326e+01 8.769427735346260988e+01 6.733057624053157042e+01 8.769427735346260988e+01 9.936917384428133460e+01 8.399507510001326693e+01 6.365863219656620942e+01 8.399507510001326693e+01 8.695506134076659066e+01 6.575622990312218974e+01 8.695506116631820248e+01 9.812952497936822738e+01 8.735875774137873861e+01 6.506852992021667603e+01 8.735875773310797854e+01 7.700553952513524791e+01
5.917943202133157143e+01 4.866304836802297018e+01 4.358408635324683189e+01 6.469474506814479753e+01 6.397598491444080082e+01 4.347749099655306537e+01 5.649099313104834152e+01 5.045939155602349047e+01 7.105256778870271717e+01 7.271435409713333797e+01 6.442480961887483204e+01 4.550660750000600530e+01 6.503112767162581065e+01 7.988866316549815849e+01 6.070513544054266220e+01 5.397825177120581941e+01 6.786266644027489292e+01 8.770284485539005459e+01 7.185415802944790187e+01 5.138664364168027276e+01 6.570520706587326742e+01 8.669903884007678130e+01 8.090637698248562515e+01 6.043091111491781220e+01 7.102244408114476926e+01 9.124194557878732326e+01 7.786340685626602465e+01 5.762859940100739919e+01 7.786340685626602465e+01 8.056337315832995216e+01 5.940023352938356282e+01 8.056337315832995216e+01 7.626580469341918445e+01 7.992868179931880945e+01 5.767973744814543835e+01 7.045051031030588717e+01 6.621306638431549629e+01
7.093918515279622738e+01 4.956811695527137118e+01 3.793271512134646883e+01 5.263031686070178239e+01 6.135741988263145430e+01 5.649099322392991240e+01 3.609955053389330715e+01 5.034274192279100646e+01 5.874147708822410152e+01 5.961590169658734339e+01 4.516886455954753643e+01 4.067845154077445358e+01 5.993576673036665170e+01 7.355317414562014733e+01 6.792901064651492504e+01 4.731835140108633198e+01 6.127529840244260839e+01 6.864060808184621010e+01 6.075420555267276512e+01 4.718437137783800495e+01 6.702991862357325203e+01 7.593043892258877747e+01 6.757462414839831411e+01 5.427360964981912872e+01 7.280617684836001047e+01 8.392308021435475496e+01 7.245542708591477776e+01 5.233702974786078244e+01 7.245542708570410184e+01 7.490728528653693274e+01 5.389098126646587872e+01 6.747700431310028080e+01 6.098384279049710699e+01 7.774658772620618663e+01 7.039475305808034022e+01 4.986272123695225389e+01 4.563082042060607080e+01
7.965975998787354229e+01 6.705497014164608061e+01 5.231891919011254544e+01 3.256779547990731771e+01 4.726838247910130519e+01 5.591662312367648724e+01 5.034265586352077548e+01 2.973896383843027991e+01 4.488257299376023468e+01 4.566435012002860816e+01 3.413714463597618476e+01 5.330852531471469291e+01 6.575567413979959497e+01 5.544560187698570530e+01 5.784322896814895643e+01 6.087437068770662307e+01 4.046485692172316817e+01 6.000004160165953238e+01 4.173672382254435576e+01 5.566152184768836975e+01 6.379103972037174941e+01 6.119400025386563868e+01 4.720537238231921151e+01 6.757462414839831411e+01 7.351528656743793988e+01 5.860063526430379000e+01 6.199730250594227954e+01 4.760926819179224623e+01 6.757597685657144382e+01 7.421059938393523225e+01 6.747501367544288087e+01 4.681405457534317094e+01 4.921882443443736577e+01 6.020650374975303976e+01 6.204173504442777443e+01 6.084015894036594574e+01 4.428836296569983233e+01
6.431014662308521679e+01 5.366323993553127281e+01 4.557355132596232039e+01 4.248016055324725926e+01 2.811228514466283102e+01 4.726837296169580327e+01 4.915293580166122922e+01 2.581463243577731248e+01 2.431986482155128471e+01 3.768060349068080939e+01 2.991981195846695130e+01 4.770088435129166271e+01 4.316498025710509268e+01 4.518348465403227721e+01 3.947931767222994637e+01 5.504661801879723981e+01 3.632005704086396491e+01 5.088474267548227203e+01 5.119337119220206489e+01 3.649994770505995945e+01 5.463707518716616818e+01 4.104663294555129482e+01 6.119399942900898992e+01 6.069514030725830622e+01 5.574164720330866629e+01 4.365085517640671497e+01 4.135487394470084155e+01 5.856200061638362797e+01 5.865202269811567248e+01 5.260198390504329069e+01 5.892913496538304230e+01 5.836607357168536225e+01 4.050667511317351455e+01 4.113776603254233777e+01 4.176797572950936654e+01 4.239628077629276959e+01 6.272959834998513884e+01
5.572510674043174106e+01 3.570777748600492885e+01 2.621191831302302333e+01 2.431246365077178950e+01 4.185982388675945742e+01 4.287243266058342073e+01 4.339503658691217680e+01 2.357842846664532033e+01 4.413709116984979630e+01 2.507408215264616658e+01 2.561538660075389373e+01 2.617894296278594268e+01 2.675407847313105592e+01 2.734031629511811445e+01 4.036878928954993739e+01 4.902270085290427204e+01 4.356468196386754244e+01 3.072814781255094374e+01 3.131884596095875040e+01 4.376351697858165579e+01 5.190878291465524796e+01 3.708029776245543019e+01 5.362757688684457946e+01 3.457728542317698839e+01 3.511121689899097476e+01 3.564110088423627332e+01 5.284450233961398880e+01 5.684280449058166340e+01 3.779187668735569616e+01 3.839502683582640685e+01 3.900705706075421375e+01 3.962513337525205515e+01 4.997219132233701799e+01 6.130476251363641893e+01 6.206997814619567322e+01 5.136474598634512034e+01 4.339314704120675259e+01
4.168605508057790132e+01 3.561102790730698331e+01 2.088421124634448134e+01 2.136007372677137539e+01 2.185017717408024751e+01 2.234840969154754831e+01 2.285315132964739959e+01 4.339525416721077988e+01 5.259724654645991393e+01 4.626598979526320932e+01 2.904188660024756530e+01 4.414249952409737432e+01 4.706272860683036185e+01 4.784348058117910085e+01 2.818321646515303769e+01 3.457643712046746032e+01 2.988617321604482058e+01 4.197092201242095655e+01 5.041849935635332258e+01 3.213929958125356023e+01 3.270705250382734164e+01 3.326124932303734738e+01 3.380890794360336571e+01 3.617706780846719994e+01 5.295835448741113538e+01 5.545263282488784284e+01 3.640544070476238403e+01 3.695324853517271180e+01 3.873909530346811181e+01 5.814802697546007693e+01 5.919166133010977404e+01 4.477750899779643845e+01 5.937581573734582463e+01 6.460404741756727276e+01 7.665710156344376003e+01 5.639700452320457202e+01 6.378766277380315586e+01
2.135267230153193196e+01 2.022593122834942747e+01 4.033301183665803791e+01 4.616152324028658427e+01 3.637435322702351925e+01 4.287269973840717796e+01 2.854204904088524941e+01 4.787132763102316346e+01 5.697418346752181861e+01 3.809434489679760105e+01 4.912405541480060123e+01 3.457179571790106110e+01 4.759704089366510971e+01 5.958306302890802186e+01 4.973437960609710728e+01 2.902705969073772962e+01 4.972623804455041352e+01 5.375219766409186661e+01 5.908181483406904988e+01 4.751989544409826749e+01 5.256903239862933930e+01 3.848054859677656481e+01 5.195826264952439999e+01 5.491012370618710037e+01 3.952309509585924729e+01 5.816816482942406452e+01 5.754238110410851448e+01 5.705989972954805722e+01 5.864061079342436500e+01 4.132422080320027646e+01 6.135310487754846065e+01 6.910969065842937198e+01 7.462774393353896585e+01 8.021972565376786690e+01 7.763138562378723861e+01 7.303883293953565214e+01 7.625144501030217725e+01
3.915757174862212509e+01 1.977414588760191450e+01 3.983783876915336464e+01 5.194381443321194070e+01 5.678666437049485438e+01 5.637888301037997252e+01 3.760209127587619093e+01 5.641527604922552541e+01 4.833431337882196743e+01 5.697418346764889918e+01 4.041120743766667545e+01 5.496278128279732300e+01 6.204157104635399378e+01 7.251630266320249518e+01 5.961687241957935868e+01 5.080465378790756148e+01 3.248068508960363943e+01 5.419599568477147500e+01 6.648152299420640077e+01 7.069965031474420414e+01 5.892198400768609901e+01 5.891843064347197867e+01 4.762441408769387152e+01 6.653616538061541519e+01 5.834286576899945231e+01 4.285453628662027370e+01 5.347432456593369210e+01 7.365208867199665121e+01 6.972139088807438156e+01 6.135309999619726540e+01 4.394403730903952976e+01 6.408567716140831294e+01 7.527270303664361961e+01 8.897388929530497137e+01 9.686375217192689036e+01 9.514046637579895105e+01 8.497697028765136906e+01
1.917312348556763268e+01 3.475428810673781754e+01 2.329520847517592941e+01 4.347505522715406556e+01 5.570027261619794245e+01 6.672143886064934293e+01 5.826451823097572458e+01 6.691879973766758383e+01 5.592491864279019609e+01 6.808397124941944867e+01 5.981444544699372301e+01 4.651993179287028823e+01 5.759240867528138352e+01 7.739703768213774993e+01 6.924938721336543779e+01 4.796067675431603305e+01 5.419599568505539366e+01 3.620827002193334465e+01 5.770664262859609295e+01 7.842943714612027861e+01 8.055794316653891940e+01 7.470320730430502465e+01 5.459422452233002332e+01 7.470225737881673922e+01 6.475791293883550281e+01 4.524490062695745252e+01 6.475816350914917052e+01 8.208843329516935228e+01 7.701105388150759268e+01 5.657423888657905309e+01 6.408567716140831294e+01 4.665774772491089806e+01 6.091417197264035366e+01 7.719446406867412236e+01 8.573308852367100030e+01 9.596612671962682839e+01 9.557308219195411425e+01
1.875703431076040317e+01 3.867926160156756765e+01 4.347505522715406556e+01 2.706649711536200442e+01 4.695651068824672336e+01 5.956715183091687749e+01 7.422201801937330856e+01 8.251655435475936429e+01 6.888875682328713879e+01 7.446403300059954233e+01 7.085157278188484042e+01 5.129660008084363909e+01 7.085157278188484042e+01 8.581741251088182310e+01 7.801149028807044772e+01 6.924938721336543779e+01 6.021396751716282125e+01 3.893846657539390321e+01 4.852677241716219214e+01 6.064971780895478304e+01 8.197679964652184026e+01 8.302616571601812723e+01 6.614695481202885219e+01 8.302419430063652328e+01 6.766661419992330195e+01 4.772710893372963170e+01 6.165781045585067943e+01 8.217314969250170975e+01 8.540985465520432740e+01 7.103794585694861041e+01 7.538710732272718928e+01 6.695633022833715131e+01 4.948205582546687964e+01 5.665819028010117364e+01 6.702272391233935878e+01 8.757401353627838603e+01 1.016030429135755071e+02
1.834470607582385426e+01 3.920240812897461780e+01 5.569887590906527919e+01 4.718846334657201425e+01 3.103185504893950153e+01 4.521821599311852680e+01 6.444856580786463951e+01 7.900963802564680805e+01 8.792394036184251149e+01 9.371198973465894255e+01 7.710988601615659377e+01 5.731936188508302621e+01 6.715995496573401624e+01 8.727738838912364372e+01 8.861634258632793149e+01 7.797228707415125371e+01 6.282762224826272046e+01 4.175575416722035982e+01 6.282762232428242299e+01 7.637519789118448443e+01 9.066803744903116069e+01 9.474395168419093238e+01 8.640672319620715314e+01 7.509653944828758654e+01 6.045593764899623324e+01 5.043338815532045771e+01 6.206026384480993840e+01 7.668605470568755322e+01 9.708862670136693396e+01 9.143141292687602117e+01 8.663206906094698923e+01 6.618053093144168031e+01 5.161209441094514005e+01 7.217064776387852021e+01 8.573308852367100030e+01 9.596612672607240313e+01 1.001501632976917904e+02
3.814379278233658965e+01 3.277101742723925781e+01 5.473072563233212406e+01 5.731503934637074593e+01 3.705483644147517452e+01 3.568644017368185217e+01 4.988749359008246387e+01 6.956079052652097516e+01 7.879691162113883252e+01 9.076396949607827480e+01 8.421656902466133943e+01 6.411583403643361123e+01 8.421656902466133943e+01 9.572530446305832186e+01 7.986108133653051766e+01 5.851042911573449601e+01 4.809821187703971646e+01 6.282762232427983662e+01 4.655493031018874461e+01 6.759150226060164357e+01 7.563450584855736736e+01 9.696944703208089322e+01 1.037881730586658335e+02 8.945886343444443867e+01 7.425388927649393622e+01 5.362819270435439023e+01 7.425388927648204174e+01 8.809257590901265189e+01 9.829118536074616941e+01 9.699744641215733054e+01 8.863961399319541101e+01 7.446214312978123928e+01 5.383868483317716880e+01 7.446214312978123928e+01 9.157154759450359904e+01 9.991548107770364595e+01 1.086075368938459320e+02
4.212721353650321277e+01 5.473083684651502523e+01 6.373866702616429336e+01 6.415601530916417516e+01 4.367560330709434169e+01 5.591907223114990444e+01 4.064157341682609115e+01 4.958973221701875644e+01 6.145078398012160648e+01 8.227476216190571279e+01 9.268725983871092922e+01 7.556558126689857602e+01 9.268725983871092922e+01 1.023076689007886841e+02 8.861634257727905606e+01 7.449983856820733763e+01 5.324350226351381110e+01 7.210749393580893241e+01 5.092561541117306945e+01 5.435471856081574060e+01 7.563450584855736736e+01 9.386005435402837804e+01 1.025234726887345857e+02 9.471147046853047868e+01 7.425388926810964563e+01 7.425388922708981454e+01 5.896925736063982981e+01 6.944520816702953425e+01 8.994950061740303227e+01 8.863962529717726113e+01 6.827836997691336762e+01 6.200626105739655713e+01 5.638630883873704391e+01 7.693982126032190649e+01 7.125005341052982999e+01 8.563386158259413605e+01 1.059076903379325216e+02
2.844071716049169041e+01 4.145068602895264576e+01 6.400279294480820624e+01 7.198498886300691879e+01 5.127147198960648211e+01 6.786858813640269261e+01 4.727208651074963086e+01 4.768165472447112307e+01 6.829800168082073242e+01 8.374289663981515730e+01 9.219952223191577900e+01 9.603403806959336464e+01 1.044994707612505067e+02 9.364337032690114881e+01 7.217381608887090749e+01 6.147038758844558259e+01 7.449983856821140193e+01 7.688240216391567117e+01 5.552836339517379116e+01 7.563450584855726788e+01 6.429710792763621896e+01 7.239033505211969555e+01 9.386005435402837804e+01 9.779911766778013771e+01 7.745290604699361836e+01 6.546008573303080880e+01 7.969735419600952753e+01 8.809258563507553674e+01 9.829119336932306794e+01 8.005479872441478051e+01 8.863961399319541101e+01 8.250046749254468637e+01 7.702226554479481990e+01 6.016819090892460054e+01 8.071305941965488273e+01 9.157192854441794339e+01 1.117892823129475772e+02
