MOVIE_S1_data/elevation_000724.asc
nrows	100
cellsize	150.0
xllcorner	0
ncols	100
yllcorner	0
NODATA_value	-9999
[rows 51 to 67 of 100, columns 37 to 73 of 100]
1.195982760758397490e+02 1.177166953742430309e+02 1.095139427429993901e+02 1.084495971586004828e+02 1.134167486326978604e+02 1.052489185796758733e+02 1.063543676999768195e+02 1.040680548688542473e+02 8.430638363708804661e+01 7.006184581326743910e+01 7.156568100825077750e+01 7.097675836679100314e+01 5.083256715548201754e+01 4.831860484926434651e+01 6.139743851851350342e+01 6.070032810883460428e+01 7.294517059690166150e+01 9.042785611715432026e+01 9.902249656027906610e+01 1.069821558023041490e+02 1.005795731221499949e+02 8.120061858798527510e+01 7.490035848461511137e+01 9.415363897175980412e+01 9.930832868754190201e+01 8.020404469836061878e+01 7.302966049742170185e+01 7.289715478733417342e+01 6.445523367720777230e+01 5.793123576785654905e+01 5.850546383785246007e+01 5.909943427510830816e+01 7.793215204138124363e+01 8.595957448826611369e+01 8.906640306048380751e+01 8.340504077001480709e+01 1.027636825902900597e+02
1.177166953742430309e+02 1.063777501771080125e+02 8.994206541988019410e+01 9.461504980655101349e+01 1.021273848301074025e+02 8.576356782377237664e+01 8.685973841531031781e+01 1.006910399908191067e+02 9.826424535370315994e+01 9.009429181201316794e+01 9.156934066644259929e+01 7.874993738779136265e+01 7.056862613262381956e+01 6.629208533130525893e+01 4.754456172286403159e+01 6.708984816818082209e+01 7.932633549464830480e+01 8.665194261232991835e+01 9.477408872646250870e+01 1.060423213353072924e+02 1.005795731221588341e+02 8.120061858798527510e+01 6.785397689386967102e+01 7.968671368216747908e+01 8.694470127175469543e+01 8.496896197147934515e+01 6.516825054138872986e+01 7.482322803363180697e+01 5.713003121680343099e+01 7.607409662467638611e+01 7.458953033041636616e+01 6.047154410923314316e+01 7.933848937259853074e+01 8.505010654933118985e+01 9.314292646266046916e+01 1.027636826389421145e+02 1.109188587262772216e+02
1.095139427429993901e+02 8.994206541988019410e+01 7.884531735105397843e+01 9.029637445461484901e+01 9.344828960709412513e+01 7.468167591120378290e+01 7.327481301300790051e+01 9.099852464430736632e+01 1.020088533187801261e+02 9.385609820172939521e+01 8.578278658648063981e+01 7.514789657113649923e+01 5.852265387563554100e+01 4.677483575932290449e+01 5.407478727831501431e+01 5.463799359555543589e+01 6.003210440668495096e+01 6.735772688709369049e+01 7.843873265268187822e+01 9.787161541130122089e+01 1.012523839164618664e+02 9.325239750175263964e+01 7.406446441691325333e+01 6.081958600859940134e+01 6.790978873255092196e+01 7.402063177303469388e+01 7.409762113069804457e+01 5.632670099162416477e+01 7.531368554544553717e+01 8.406126925227125923e+01 6.746695189811345017e+01 7.933848944450592455e+01 6.361628581057392040e+01 6.622689182401049379e+01 8.515884264496430944e+01 9.687744051489423214e+01 9.857221872065105117e+01
9.995540327665950997e+01 1.063433227392098956e+02 9.029637445461152367e+01 7.107042152304704530e+01 8.326860140263192989e+01 6.613399126349557378e+01 6.372075583538516241e+01 7.456363047747598216e+01 8.828624189812776990e+01 8.265312896092396500e+01 6.641472009837477231e+01 8.144984598596485625e+01 6.580693478688938569e+01 4.622912707057286497e+01 6.580563819349677601e+01 7.399297352859099419e+01 7.935909737460772817e+01 7.579946354536600950e+01 9.477408872646250870e+01 1.012523408783571455e+02 8.180699816853449136e+01 8.480731190418038068e+01 7.655936197621302597e+01 6.383690586105957721e+01 5.438175445858932733e+01 5.495307551470904173e+01 5.552295832965604205e+01 7.413271043376565217e+01 8.314603387648195110e+01 9.170945915291329698e+01 7.270888197299716182e+01 9.076411646585511050e+01 7.708384824903237131e+01 8.515884264519199576e+01 6.982484407421058847e+01 8.877191083276137817e+01 7.918839750404795552e+01
7.865308810142033735e+01 9.627992643072511214e+01 9.695470913261938506e+01 7.759962996477189279e+01 6.411603970047362111e+01 5.990338934238482693e+01 5.581014593732570717e+01 6.097669913568324063e+01 7.863117934584323621e+01 7.448887401116994056e+01 5.499340661302242950e+01 6.400225566988459036e+01 6.452945413172415101e+01 4.568305755846390070e+01 5.203236802959535368e+01 7.151438667457038889e+01 8.987702286916969285e+01 9.519765160096966383e+01 1.033507760381765905e+02 1.036515986326890726e+02 8.537518691249948688e+01 6.603305628691146012e+01 5.888095010399484863e+01 5.357833167757217296e+01 7.273180189809779961e+01 7.402067319482699759e+01 6.791511517122864916e+01 6.909133422296160632e+01 8.844526339242797519e+01 9.750148752727100998e+01 7.829169541590150061e+01 9.750148752727100998e+01 9.630841572144638008e+01 9.556218362480998962e+01 7.632147115457263453e+01 7.369765230357958785e+01 9.285622556132098282e+01
6.642108334093811095e+01 8.771530725889456903e+01 9.456095459520894053e+01 9.134942476794849142e+01 8.326860140263192989e+01 7.908596864857558728e+01 7.060039935777614062e+01 5.118800022534701810e+01 6.650642240262686755e+01 6.964566021104570837e+01 5.122948439456288128e+01 4.438124376247793634e+01 4.491591653651033766e+01 5.680300610610146350e+01 7.090321304075197872e+01 6.254596384102708129e+01 7.615300372115979144e+01 9.547781296845224119e+01 9.660570271705846324e+01 9.542549446917195155e+01 7.425968038730128740e+01 7.762820228458312499e+01 7.146604087032675068e+01 5.301171963723945169e+01 7.220022286280347146e+01 8.346976333531365810e+01 8.447089275526819563e+01 8.825122079641155892e+01 9.666301747119145205e+01 9.750148752727102419e+01 9.175992321015098696e+01 9.175992321015095854e+01 1.113628499705344410e+02 1.036278991750741625e+02 8.479147643512540355e+01 9.285622556132098282e+01 7.992097581916375759e+01
5.923148732693512386e+01 8.020028908777044307e+01 7.348612255755053013e+01 8.826310348493042568e+01 8.861608129042392079e+01 8.022763301804438640e+01 7.863197806310486726e+01 6.650642240259902849e+01 4.696474134305724846e+01 6.251512899762930431e+01 4.363266069744214093e+01 6.325850310447391678e+01 5.183932251588885265e+01 6.928322626417639185e+01 8.148813276604253986e+01 7.615300372314311517e+01 8.987702365335155719e+01 9.660570271705846324e+01 7.737873356583455120e+01 8.086828643912984660e+01 7.591831603467797152e+01 5.646672277596055523e+01 5.223138130372598198e+01 6.933311207664459630e+01 5.650754688047359764e+01 7.549959355711388298e+01 8.689924057956245917e+01 9.599474615002586120e+01 1.041260154024515145e+02 1.171622195274636198e+02 1.113628499717772229e+02 1.113628499705344410e+02 1.195801606362529270e+02 1.122346064245995194e+02 9.594704093416270041e+01 1.055082711397056414e+02 8.595141569590886377e+01
5.301874243318163593e+01 6.646640920071715186e+01 5.879979957859259798e+01 7.965879674677732680e+01 8.005555821836026098e+01 6.051282001507822628e+01 6.614664915501171549e+01 6.129865974291183761e+01 6.178773717662058118e+01 4.287827751654050701e+01 5.040595808005709699e+01 6.950587194632026922e+01 6.982847715519081078e+01 6.428707353314990769e+01 8.320660893410520487e+01 9.547781693210878018e+01 9.397217703116508858e+01 9.184288557124783381e+01 8.083391326152421641e+01 6.190378069572916075e+01 6.163491736343051031e+01 5.145478000038881561e+01 7.073312713199443635e+01 7.889849529260979466e+01 7.549959355711388298e+01 6.001968572228856402e+01 7.888853979103043912e+01 7.679381579387215595e+01 9.599474615002586120e+01 1.081340236339562182e+02 1.089051713225010616e+02 1.175587987268023937e+02 1.230533455054131906e+02 1.234713644441857525e+02 1.153761912259291762e+02 1.124643542696697125e+02 9.278958006288996785e+01
6.646640916364619045e+01 4.614975839523877710e+01 6.642298564534551986e+01 8.191338675245552281e+01 7.706492651660481386e+01 5.920659295863254101e+01 4.802983671969478507e+01 4.157699284602149703e+01 4.211322386095157100e+01 5.708571609227271892e+01 6.950578068470787230e+01 6.398250115564479046e+01 8.284046861918449167e+01 8.320660893410520487e+01 9.128823926021365764e+01 9.397217703116508858e+01 7.476842328491282785e+01 7.267957425632529578e+01 7.807106976035211687e+01 6.070184270278431882e+01 5.068648770020643468e+01 7.000074957502441464e+01 6.188112049043368756e+01 8.089841477710227480e+01 8.689924057956245917e+01 7.888853979103043912e+01 6.357740874097370209e+01 8.241763809009893293e+01 8.587944838274799508e+01 8.127316484229864102e+01 9.068232078527461226e+01 1.033471021821571014e+02 1.033471021824112626e+02 1.189617220267091398e+02 1.288423224403575489e+02 1.206593486484834870e+02 1.025957314686925912e+02
5.990056538802974018e+01 4.221767494164359391e+01 6.129885656216634970e+01 6.516744456851017731e+01 6.734533466766477261e+01 5.978128970840421630e+01 4.088283093552497860e+01 6.049250842932734429e+01 4.977773513213183065e+01 6.292925548367373523e+01 8.344135503700501033e+01 8.284046861918449167e+01 9.090317170081740983e+01 9.785588756495157270e+01 9.043087761600152419e+01 8.240846728430578594e+01 7.826427668315919561e+01 5.929963585739689336e+01 6.824546960200044055e+01 6.875320374185845651e+01 5.014852164392358702e+01 6.948406174545640113e+01 8.089841457637668043e+01 7.527761954699602143e+01 9.446821595126985471e+01 9.045991559814446248e+01 8.241763808891793985e+01 6.732719244206801079e+01 7.086852847997950278e+01 7.477651981635347056e+01 7.877635403382917900e+01 8.393058739048083794e+01 9.113682187285590430e+01 1.008957642216162327e+02 1.206369886245476266e+02 1.305386689316467255e+02 1.223329770706468764e+02
3.794097715584184982e+01 3.838443099604460684e+01 4.906955136090401481e+01 6.005394019193632005e+01 5.755941394139153289e+01 4.027689984841731530e+01 5.982281861983314997e+01 6.786565721756363700e+01 6.821321049022108696e+01 7.655010115114595237e+01 9.307453988844646631e+01 8.761027578451877673e+01 9.486770609603411231e+01 7.853823658271765851e+01 7.850127750842041507e+01 6.343170242677517479e+01 6.702340407685090895e+01 6.221225216682158532e+01 4.886726780920518820e+01 4.939106886387462225e+01 6.501005639208325704e+01 7.665392543026467820e+01 9.158188794422355272e+01 9.446821595126985471e+01 1.025827932921623926e+02 9.989734527645937590e+01 8.058046513459389359e+01 8.623824833650185440e+01 7.386462595496928429e+01 9.300560713033399907e+01 9.222764144755909399e+01 9.436559756089451412e+01 1.033471021821571156e+02 1.189617220267091398e+02 1.288423224403575489e+02 1.297999891458038633e+02 1.250232411939269923e+02
3.785213679371005924e+01 5.450998289457848500e+01 3.890891420726149619e+01 3.927502982392739739e+01 3.963718690035543091e+01 4.013052063907187517e+01 5.977924754128854801e+01 5.879274417533074626e+01 6.075505149316165898e+01 7.984611741048688316e+01 8.552418243418937038e+01 7.021180356177779913e+01 8.553096350360665667e+01 7.849455763522078655e+01 5.930294931162339367e+01 6.444208310303106657e+01 4.760757120647684104e+01 4.812892980192367531e+01 6.752910209070044800e+01 6.408841257658173163e+01 5.337972739084560203e+01 6.452080987245743415e+01 8.353325996232976536e+01 9.814339181353135189e+01 1.065389039983937067e+02 1.080502743519199811e+02 9.989734527676019127e+01 9.816794868018158127e+01 7.885223528714413987e+01 9.816794868018158127e+01 1.118057268513220635e+02 1.139637737527012575e+02 1.221613266927977435e+02 1.312688907279915043e+02 1.297999891458038633e+02 1.097557144610574937e+02 1.049499262344282187e+02
5.608457440217851797e+01 6.116081859338316207e+01 4.510625420080170045e+01 4.671598585631492284e+01 5.914380100169755394e+01 5.709395780258689257e+01 4.081992573625173293e+01 4.130524385899202144e+01 6.094973731355522517e+01 6.834450524116880388e+01 6.878389955043037673e+01 5.997548965651950681e+01 7.824205020489320361e+01 7.852056583761117281e+01 6.390155290987053149e+01 4.687006148166312869e+01 6.630890920844286995e+01 5.757947385225301673e+01 6.675280115741310283e+01 7.841759364674801702e+01 7.255641678498756164e+01 5.756867056036165309e+01 7.097162283868041754e+01 8.711082355090340457e+01 8.711082355090340457e+01 1.038493970214829147e+02 1.151526171793934310e+02 1.063239500848727488e+02 8.838967444085758984e+01 8.989436999712627596e+01 1.036966392823126597e+02 1.234076728204736924e+02 1.302297269565719660e+02 1.357807663551401731e+02 1.267850583565127209e+02 1.067585998136967191e+02 9.340798464402564605e+01
5.336236545026387290e+01 5.508613239990258137e+01 6.365302952969403094e+01 6.045212207103428170e+01 7.090582300191218224e+01 5.664283815855033311e+01 6.046517576834911267e+01 6.009069819758515507e+01 4.199203225610708756e+01 6.023378972211254734e+01 4.980622466349323929e+01 6.317474907926197147e+01 6.804065270485321548e+01 6.409423537755439781e+01 5.726761811886952813e+01 4.634871441236214906e+01 6.580467012665233995e+01 7.451710015280507093e+01 8.247122149236112421e+01 9.372462214485238974e+01 8.455750732610594866e+01 7.649885458368700597e+01 6.188974550449362511e+01 6.813672353641156576e+01 7.648218152947400483e+01 8.746549534217197674e+01 1.069711986000178143e+02 1.161325311331902839e+02 1.021744222660646670e+02 1.036966392823126597e+02 1.176586836830560401e+02 1.247058733900589260e+02 1.112740917407434864e+02 1.168260687537600973e+02 1.209306485116894123e+02 1.008883450363761227e+02 8.692556363054161750e+01
6.838753202678086041e+01 7.236377345242962633e+01 6.862634491725066255e+01 8.179957041079161684e+01 8.326332395265423258e+01 7.539411675953624581e+01 6.840271108836688541e+01 4.902098474632705916e+01 5.484482894767074868e+01 4.268577451775890808e+01 4.317919404684673879e+01 4.367677151348579656e+01 5.837500747519465705e+01 4.510306148237132362e+01 4.561131485942101449e+01 6.290110948168302940e+01 7.309581412760191199e+01 6.990919826773406953e+01 8.085979763194275449e+01 1.001765451714217363e+02 9.446591957925318184e+01 7.517810893777426884e+01 8.073898537967291134e+01 6.719875434636948341e+01 8.614577217697683409e+01 9.919008582293000131e+01 1.073528270786343768e+02 1.161282999553481545e+02 1.218805823363567384e+02 1.234076728204736924e+02 1.231610822586022920e+02 1.152604576191733798e+02 9.750554310942364111e+01 1.168260687537509313e+02 1.157557480063879609e+02 9.578985814204999372e+01 8.203188927459198965e+01
6.100149080196069917e+01 7.844494484917319710e+01 8.518643105340225929e+01 9.239116602904699960e+01 8.701828287091754532e+01 6.783249024562235263e+01 5.672150190524141777e+01 6.840271162815059824e+01 6.201000952625490470e+01 5.718623436046848951e+01 6.302427471656062608e+01 4.974252681647269725e+01 4.438613795688726782e+01 6.407529784814411755e+01 5.928539103244381891e+01 4.893674794969958697e+01 5.641597203103555813e+01 6.990919826773406953e+01 8.902401577963550494e+01 1.083185825946389684e+02 1.028368351367950737e+02 9.448074409090226311e+01 9.409894928809700332e+01 7.800194681980141809e+01 7.322480502161207028e+01 7.984452378372155579e+01 8.837781811990276992e+01 1.021652807212940814e+02 1.218725086472252599e+02 1.287218172051969987e+02 1.096845799106613129e+02 9.592278407205594704e+01 9.004352410226931624e+01 1.095235964603199221e+02 9.935209640803040543e+01 9.114806745338565008e+01 7.772427091323598347e+01
5.429418099226674599e+01 6.740311226490779006e+01 8.546336508825874034e+01 9.979839709917074231e+01 9.507543741351881295e+01 8.232792513557794223e+01 6.316823073110528242e+01 8.232792513557794223e+01 8.249489238481500308e+01 7.938790985662443234e+01 7.198292885643388672e+01 5.152290243713321871e+01 6.510663921048946179e+01 7.367653821075974463e+01 7.225258477541318314e+01 5.394362538451050426e+01 5.298763343331452802e+01 7.216653688492485230e+01 8.413142164083097896e+01 9.511592119156033220e+01 1.032463754142884937e+02 1.115424235594443303e+02 1.051940043427032521e+02 9.717373017966814075e+01 8.413384270715458513e+01 8.330829235827920343e+01 1.027337298897318760e+02 1.161282999553481545e+02 1.169024488689236989e+02 1.248160307861945597e+02 1.174344539080120597e+02 1.030302390076375616e+02 8.357871775796972713e+01 1.030302390076375616e+02 9.114806745338593430e+01 7.187196670013820210e+01 9.114773977770458657e+01
