MOVIE_S1_data/elevation_000440.asc
nrows	100
cellsize	150.0
xllcorner	0
ncols	100
yllcorner	0
NODATA_value	-9999
[rows 68 to 84 of 100, columns 37 to 73 of 100]
1.036705035103595662e+02 9.505375740693445152e+01 1.036707188100857024e+02 1.046297394605175128e+02 9.583457149940667819e+01 9.748523417253980483e+01 8.914934295993857916e+01 9.748523417256647861e+01 9.108091341875329761e+01 7.657161981457592503e+01 8.557826344494709758e+01 8.278829950870355958e+01 9.251964964364024979e+01 9.380992307565784927e+01 8.786977573065045988e+01 8.458759866290101570e+01 7.126529524871514809e+01 5.096772194372236697e+01 3.665444883319182168e+01 5.600599026863039853e+01 6.919717032677020541e+01 6.409975330139799610e+01 5.776675051883709955e+01 6.976349749381607523e+01 8.784182895815889935e+01 9.156316366550269947e+01 8.070199079367760930e+01 7.818550024663402098e+01 9.775553513659646399e+01 8.503611135099382068e+01 7.125231274921247859e+01 6.179395702339366636e+01 6.496486163144399484e+01 7.009114974292612033e+01 7.543770875375631135e+01 8.210865368806766185e+01 9.192692410648500356e+01
9.084269211099849883e+01 9.092545866030718571e+01 9.967095026537498370e+01 1.058123606571397630e+02 9.757342125868436256e+01 9.682121093062390571e+01 8.833795394621948560e+01 9.682121093062390571e+01 1.019026987236636472e+02 9.315148209557254688e+01 8.720058653731602760e+01 9.541667692579750337e+01 1.041580623933147081e+02 9.665942894475587366e+01 9.045762871356782853e+01 7.088776226948793635e+01 5.723099426302378845e+01 5.591412887785050856e+01 3.635210950022882059e+01 5.527134542775376502e+01 5.923599985535870616e+01 4.683889331034605163e+01 6.412224387075612242e+01 7.588603093651329345e+01 8.139822110377710374e+01 9.361901163939504045e+01 1.003500368622914607e+02 8.931642667048441808e+01 1.060294035490558713e+02 9.881990994807155460e+01 8.585410706680251280e+01 6.673477656389539447e+01 8.401056166000910252e+01 7.196380843195515808e+01 9.133047272255075200e+01 1.020503428617334976e+02 1.103618120565359106e+02
7.128565496230717713e+01 7.128801843228190194e+01 9.093306357331240974e+01 9.402050673881633713e+01 7.692833543580916000e+01 8.639331310155367305e+01 6.732666185680000126e+01 8.639331310155367305e+01 8.664362897117035800e+01 7.835985036487052469e+01 6.355462591253570537e+01 8.208963883154996211e+01 9.449980918021132936e+01 7.996193895837177479e+01 8.389763675195511894e+01 7.800474368072113407e+01 5.741753782927863625e+01 4.364963106156385919e+01 3.605027153298548370e+01 5.367568116937426481e+01 4.260649223027937893e+01 6.057689749061692908e+01 5.129794806310063393e+01 6.310318573997780334e+01 6.213938881003836912e+01 8.383330166761444957e+01 1.031517207463358403e+02 1.092835712446400294e+02 1.175596303835055494e+02 1.056675448868705161e+02 8.585410706680276860e+01 7.258737412778663156e+01 9.198964330407901002e+01 8.549068145267310115e+01 8.037959429343833051e+01 9.166960532032241815e+01 1.118288850586007470e+02
5.848399730082451953e+01 7.132892303459757954e+01 9.132740840499309343e+01 8.548432994427717801e+01 6.478809761407084977e+01 7.363287598817474588e+01 5.682249733642602507e+01 7.783230790150983580e+01 7.487015487247738577e+01 5.776681614809546517e+01 5.081773618821329563e+01 6.435122018011456646e+01 7.689976933745388976e+01 8.393259368749691873e+01 6.641045187066964672e+01 7.415645823931896530e+01 6.811672761899139061e+01 5.622707126272285905e+01 3.574667994090199130e+01 3.846299837009999578e+01 4.983269109750072801e+01 6.479137613878030777e+01 6.830724779122810730e+01 5.578364966892591781e+01 6.824503910361758585e+01 7.689103292982689197e+01 9.042321993815471615e+01 9.855542774890817270e+01 1.082261898982265507e+02 1.061101990537444522e+02 8.614071760432221936e+01 8.356860769308188708e+01 1.002661632833244880e+02 1.054289760077173241e+02 9.011475653050985102e+01 1.001899194750367457e+02 1.200938312022923782e+02
6.826332873579048055e+01 8.220206437443229674e+01 9.061780984385232784e+01 8.194627085753468521e+01 7.363287598817474588e+01 5.268314505883967769e+01 4.943787537585433967e+01 7.040421814050202443e+01 6.647268519793108510e+01 4.520260605852006819e+01 4.104708261154742388e+01 4.683367407478475997e+01 6.775814742542233660e+01 7.988402784267955781e+01 7.415645823855574292e+01 5.559589521380419086e+01 4.898998460458744830e+01 4.264970493355299652e+01 3.544342702408484769e+01 3.712178946991001283e+01 3.807654378420208729e+01 6.528984362006865183e+01 8.031666157277059881e+01 6.771914364928227315e+01 6.127345472718734243e+01 6.612748488108481126e+01 7.210040186842597620e+01 8.087324662013568854e+01 9.997319568894427277e+01 1.143916089623266288e+02 1.061101990537444522e+02 1.034929918748745195e+02 1.117857726309430433e+02 1.185392741632605578e+02 1.102650824195636687e+02 1.185392741632605578e+02 1.285271071259148812e+02
5.568716148788443832e+01 7.403313038206712804e+01 7.840122785335212541e+01 6.069438939714689241e+01 7.837060775619659125e+01 6.377407573626047110e+01 4.284732330484941087e+01 5.746925071010709019e+01 5.935458946073236319e+01 5.154773882265069318e+01 3.356574504126970737e+01 5.037606667212757827e+01 6.154527849224555069e+01 6.204954454932443753e+01 6.942262837157034028e+01 7.344567681084150479e+01 6.822066080255088139e+01 5.976765529848436387e+01 5.013658296361480637e+01 3.501767820730258052e+01 5.009801202784666430e+01 5.920001352720749566e+01 7.969746710713526738e+01 8.567857040443199423e+01 6.882428126995567652e+01 8.394512784547906392e+01 8.394513245117096290e+01 9.855542414570027177e+01 1.082261480327091476e+02 1.211619784140671072e+02 1.012398081181528653e+02 1.012398081181528511e+02 1.053724220491387769e+02 1.136080249473652373e+02 1.186690546610526269e+02 1.102196695148778360e+02 1.186690546610526269e+02
6.072047448453167817e+01 7.757782046463509573e+01 6.967129852688594838e+01 4.818398576700767677e+01 6.967129852688593417e+01 7.239018092600301202e+01 5.746925071010709019e+01 3.667392480992215553e+01 4.724740677305035774e+01 3.161511404978350015e+01 3.191295678323144713e+01 4.938667331106353942e+01 4.375545315708518501e+01 5.404539616162531956e+01 4.781227427859646184e+01 5.194157486383053168e+01 5.407106996607289773e+01 5.365239502825635753e+01 3.459394298281655722e+01 3.510766496376348300e+01 5.574030968784637707e+01 7.051159786237481342e+01 7.903036230717252408e+01 8.917692776660398124e+01 7.888890301321008280e+01 9.491483549072441406e+01 1.030411086483841387e+02 1.058135178143515702e+02 1.139172530681143201e+02 1.028581500725061630e+02 9.459994084206675780e+01 8.117959978532245202e+01 8.534331403572720376e+01 1.053724220491388053e+02 1.082976934510875537e+02 8.933441529424710836e+01 1.082976934510875537e+02
5.029586784996957505e+01 6.918031230626884565e+01 6.206294673200545731e+01 4.049043609218855266e+01 6.206294673200545731e+01 6.982983891677264410e+01 6.066157924663296086e+01 5.041996920187719411e+01 3.119600048753283517e+01 4.254253273035561733e+01 4.984017976404317096e+01 3.233808547557764967e+01 3.264016103087667631e+01 3.294405835042687158e+01 3.324852703669649401e+01 3.355318277011625838e+01 3.385772249221177788e+01 3.416343800252951723e+01 5.221054269879127219e+01 5.547850884425302809e+01 4.402547091236730381e+01 5.074180260623651151e+01 6.039024811142104454e+01 8.064784150942728047e+01 9.777514044277550909e+01 1.059712819318490489e+02 1.024656854594255293e+02 8.586707904794607771e+01 1.024659008046834430e+02 9.127521140063197436e+01 7.448586060446389467e+01 7.106844937352524028e+01 8.273622114640203051e+01 1.027846967223567418e+02 9.977704240456252194e+01 7.903056182134267260e+01 8.863189278459546472e+01
5.374852019500477240e+01 5.605891400855721685e+01 5.205937051914717273e+01 3.419362562919925352e+01 5.021085010946540450e+01 4.559912665044198121e+01 5.023317488655646912e+01 5.057602706708373574e+01 3.090363810075896467e+01 3.723743255304546551e+01 4.039091125357385437e+01 3.760922469731791296e+01 3.597009047595951614e+01 4.610432656242434035e+01 4.924276199816613087e+01 5.068926609660628912e+01 5.165302519129495806e+01 3.453186945881316205e+01 5.468141438578681601e+01 7.016189171448472450e+01 6.391863482088408688e+01 7.051564894515901472e+01 7.903036230717252408e+01 8.925671287949772648e+01 1.069102225777727710e+02 9.701706063956746107e+01 8.888126690519627005e+01 7.421807987466914369e+01 8.271306227591547611e+01 7.675116471719532285e+01 6.278042474660424688e+01 7.448586060446389467e+01 9.459994084206677201e+01 1.110241805647396092e+02 9.244205385148757159e+01 7.223747120856891968e+01 9.244205385148757159e+01
4.511201785192230318e+01 2.968162801700330178e+01 2.828506731017409948e+01 2.855513978174472101e+01 2.882937898230461471e+01 2.910785965682051923e+01 2.939034240564274469e+01 4.001847610758146345e+01 4.387460601036382002e+01 3.049357853759635617e+01 5.121870917264254075e+01 5.476683896800783202e+01 4.648393837633666692e+01 4.104721644647408141e+01 5.206947132872132045e+01 5.520070910307455847e+01 3.929726180058707286e+01 5.437621437884401132e+01 6.238952886281116150e+01 7.090710668591248123e+01 7.592340508360567242e+01 8.169759713231090359e+01 8.943880078202288075e+01 9.852500169863887436e+01 9.883439880740483829e+01 7.892813500298765916e+01 6.882866740779326165e+01 7.883716413143561397e+01 6.252849557778335310e+01 5.653531601922521332e+01 7.675116471719532285e+01 9.127520966560135207e+01 1.028581500725368159e+02 1.038099363806613695e+02 8.704215200201895186e+01 6.751663165483736861e+01 8.333544324939637704e+01
2.761163759864816214e+01 2.786961674773208486e+01 3.824832207870892375e+01 3.472074906281462603e+01 4.383357412500833306e+01 4.471493019168261185e+01 4.647766274881898596e+01 2.979573228071007307e+01 3.008479833877508369e+01 3.075458872284087875e+01 5.254497720261002058e+01 6.728842458261216564e+01 6.182952853898577672e+01 4.564719695940542010e+01 6.266790424208112142e+01 6.434874096737357263e+01 5.807353605991218615e+01 4.403827276599511720e+01 4.831442132274248991e+01 5.332556341230630181e+01 5.855136700545885020e+01 6.437894863248233435e+01 7.282534456519087485e+01 9.056984969943094654e+01 1.069102225777727710e+02 9.701706063982996397e+01 7.885496715649476585e+01 5.871016083846570410e+01 7.027809487995568816e+01 5.242569393088936636e+01 6.671871238031847895e+01 8.688353191270263665e+01 9.402744356032808071e+01 8.591184248034782911e+01 7.595693713158803462e+01 6.328852448300514055e+01 6.644343561707508172e+01
2.752550750938771529e+01 4.659075751974186375e+01 3.882328342175240010e+01 4.233287368918814764e+01 4.258797890036402123e+01 4.953557937192744021e+01 4.110716234924650792e+01 4.956452823865061674e+01 4.687885060457143283e+01 5.254509236691938412e+01 3.892393689667306944e+01 6.158781432038167480e+01 7.011564465651643729e+01 5.121578602024069937e+01 7.011564443757090714e+01 6.902733451535593190e+01 5.127211417794660520e+01 6.231631354537523748e+01 6.106339517352357404e+01 6.106339517352357404e+01 7.592471429903471858e+01 8.169759713231090359e+01 8.943880078202288075e+01 9.852500169863938595e+01 1.011449357172399459e+02 8.983864049871168334e+01 6.939248555374214789e+01 6.926855679943928124e+01 5.009491272751065338e+01 4.900992152969630666e+01 6.068829907188010964e+01 8.109830443822500001e+01 8.591184238938092221e+01 6.760217475606093274e+01 7.296495219516957320e+01 5.940224997223683800e+01 6.647283915232870299e+01
2.725271101119415107e+01 5.309483353569012820e+01 5.947082958817101428e+01 5.695554037776143019e+01 5.209636215169484785e+01 5.573235136534334089e+01 5.803394848025126151e+01 5.433684158430420297e+01 6.639809322539831271e+01 7.031378689640037294e+01 5.233029799475577448e+01 5.233029793039161603e+01 7.423362104348244372e+01 7.011564465652918443e+01 6.087692307319331064e+01 7.408127158142572455e+01 5.657410939749637890e+01 7.408142056395843156e+01 7.863380299216970570e+01 7.337838670711015254e+01 8.630708359541867480e+01 9.193029375163341399e+01 1.002529639041928675e+02 1.011449357172399459e+02 8.200118426939886263e+01 8.551412811394750690e+01 6.933492473319468274e+01 4.913211475628251179e+01 4.445902870039236632e+01 6.469037143373121523e+01 7.752318215377997035e+01 8.951856908511976485e+01 8.591183940213444714e+01 6.760217475472920512e+01 5.531359950356122113e+01 7.296495219516957320e+01 8.485898251858773733e+01
4.387737346483362444e+01 6.180274433475884877e+01 6.550246905797619945e+01 7.269114234195259883e+01 6.942772986255933176e+01 7.278193479208206895e+01 7.488448678594723162e+01 6.865576882227304623e+01 7.543379902119379210e+01 8.272156014155930848e+01 7.423391416712195223e+01 6.536728644012210054e+01 8.271831785022403949e+01 8.715242931035645313e+01 6.809007143506892135e+01 8.166904607169189489e+01 7.408142081309425464e+01 6.591694537968000134e+01 8.345741378035911850e+01 9.132150026347693483e+01 8.876039064922390764e+01 7.210202359796195992e+01 8.876039064922390764e+01 9.909206300349664787e+01 7.988924592001379210e+01 6.581167400501756504e+01 5.817837726899656303e+01 6.172707262401485195e+01 4.170660886709278259e+01 6.196256176920196168e+01 6.845659835611070321e+01 8.792181810770568973e+01 8.321222248923072584e+01 6.503982965754882173e+01 5.256504946175601845e+01 6.275512535176785889e+01 7.532868386085701218e+01
4.253778834636634087e+01 5.252504669718630481e+01 4.754100744603148598e+01 5.994072585339888803e+01 6.851766356210860920e+01 7.030918883527155572e+01 7.402035935688570589e+01 7.093418720099317909e+01 6.257109800182741566e+01 6.741000848424836533e+01 7.584762372432142286e+01 8.634471046339079692e+01 9.467688714993407473e+01 9.541720441382400963e+01 7.987932526123215382e+01 9.539642515099582454e+01 9.125367493831099353e+01 7.581918299029550212e+01 9.125519469246000881e+01 8.723325315609980635e+01 7.896998878663048060e+01 6.089584864618471016e+01 8.048243664084655791e+01 9.026470339353103611e+01 8.184207484505458297e+01 8.390922747276000848e+01 7.807753317581351382e+01 5.958836963610529125e+01 3.934747205396729441e+01 4.841608415267377552e+01 6.270379549270812447e+01 8.246544813815623343e+01 8.069137446757174814e+01 6.259316495165732874e+01 4.987514630566239759e+01 6.259315636599536958e+01 8.069002790072727294e+01
2.615692669052742758e+01 4.426583259072492638e+01 3.649388441406949823e+01 4.061130929859316296e+01 6.021367543602227101e+01 5.068625142265241834e+01 5.388730996512962435e+01 5.937362818663446973e+01 4.267744537758053980e+01 4.741330971236736502e+01 6.278580239326782220e+01 6.991684741263614455e+01 7.831124012468566775e+01 9.003338888826777975e+01 9.878359767036351968e+01 1.061536557282815920e+02 1.019075511414772279e+02 9.389283244913454496e+01 9.299838541246418799e+01 7.315923664586129860e+01 5.934287418313343920e+01 5.351133027057881009e+01 7.307940223139532065e+01 7.859941414887299516e+01 6.192530697950931540e+01 7.854177579127112097e+01 7.463585928771293254e+01 5.732546324279340411e+01 3.713651756353795008e+01 5.131350247102144380e+01 7.092916066167407507e+01 7.773671077300751620e+01 7.830011135160847857e+01 6.021087817296400857e+01 4.722381138866091277e+01 6.021600232581577217e+01 7.841137874946385011e+01
3.329664655609209234e+01 2.573645281811006313e+01 2.569610003852690028e+01 4.650008555897821338e+01 5.282880336805160226e+01 3.887514521571981163e+01 3.972708048808001990e+01 4.503764665226892561e+01 3.206475370290623061e+01 3.731590442849430644e+01 4.295878430568696160e+01 4.975514542080216529e+01 6.140966126133688618e+01 8.155326488609266278e+01 8.610200312562164982e+01 8.311314426992605320e+01 9.476430014702532389e+01 9.680854908245461843e+01 8.535106072817131917e+01 7.654528375435835130e+01 6.655671157778982661e+01 4.685879409864171663e+01 6.655671157778982661e+01 7.032505178980066773e+01 5.041900231508307684e+01 5.964963540757634775e+01 5.707150281418063997e+01 4.614742620466948608e+01 3.501550993961118508e+01 5.498480563587106218e+01 6.972717062393986964e+01 5.506852149307771072e+01 7.034945589567344371e+01 6.318362108570618574e+01 4.463235385984167891e+01 6.318371624108870321e+01 7.169947703034661401e+01
