MOVIE_S1_data/elevation_000435.asc
nrows	100
cellsize	150.0
xllcorner	0
ncols	100
yllcorner	0
NODATA_value	-9999
[rows 51 to 67 of 100, columns 0 to 36 of 100]
0.000000000000000000e+00 9.459757341407629028e+00 1.247158627558817656e+01 3.251359030874949241e+01 2.657495144565582734e+01 2.657581347700759977e+01 8.448904452122732778e+00 2.839712891309317300e+01 3.858199839494960059e+01 4.362230158816188919e+01 2.978389121662430483e+01 1.768194641793410327e+01 1.913124460339060917e+01 3.915043279938804233e+01 4.276880591307952528e+01 3.583612367773245921e+01 4.665715764071853044e+01 3.001974278495045922e+01 5.005236637126913024e+01 6.185174220340263673e+01 7.149669575276435296e+01 7.979655743459554174e+01 8.522590100514865696e+01 7.688885479530161149e+01 8.269755763978247387e+01 8.908424375660200667e+01 9.752910765200260812e+01 1.066866231220473367e+02 1.078046300004503166e+02 9.969145682842618328e+01 9.969172450911942462e+01 8.404314117176409127e+01 6.565962051578917169e+01 4.968137531735540335e+01 6.922132313220653543e+01 5.698656891373889266e+01 7.661200719160699180e+01
0.000000000000000000e+00 1.999999999999964473e+01 3.240068821023830026e+01 2.882931318146991018e+01 4.657008621202086829e+01 3.669884405443273323e+01 2.826523083698405969e+01 1.034513267658748248e+01 3.035380337389663197e+01 3.366966755116091292e+01 1.565399343693289502e+01 3.566922042314421759e+01 3.915043277555390233e+01 2.123168340511419316e+01 2.274666735337117629e+01 2.431191863097580708e+01 2.664263871628299185e+01 3.874578933826828120e+01 5.592244277192178714e+01 5.857309253007730376e+01 6.205548584551230107e+01 6.570802427892253661e+01 6.955852593749266077e+01 5.686088996538090612e+01 6.263578270911511225e+01 6.896178621654662777e+01 7.791049322543797473e+01 9.217064048596952830e+01 1.129204271521570604e+02 1.100319810947953556e+02 8.968237646495970239e+01 7.544963467679779967e+01 6.952183614711893256e+01 4.917128926118728316e+01 5.200581319715522000e+01 7.143665311304295074e+01 6.222257316484910916e+01
0.000000000000000000e+00 1.414213562373107536e+01 3.414213562373178235e+01 4.892515343807973238e+01 5.720111198693763299e+01 4.467590752349948957e+01 2.451210900107804136e+01 3.017461265198151565e+01 1.227587722695199624e+01 1.365713596868229907e+01 3.366967228525867029e+01 4.395786325219010848e+01 4.954255453975910228e+01 3.019035227182560988e+01 2.942621979144169941e+01 4.433648583991482894e+01 2.738714343981689936e+01 4.739570494191187322e+01 5.379089090815986651e+01 3.857257401632452343e+01 4.205578610872377254e+01 4.570788653715082717e+01 4.955701681191872154e+01 5.622437734532162068e+01 7.592033071774874031e+01 8.906359847619644654e+01 9.752910765200260812e+01 1.066866231220473367e+02 1.058764558919233423e+02 1.000608908257901106e+02 9.410146950641141927e+01 7.329136321196803294e+01 5.926565985284514682e+01 6.496452556207214002e+01 4.844496666617547476e+01 6.784242438850726842e+01 7.093490304298583737e+01
0.000000000000000000e+00 1.999999999999964473e+01 3.574781327320720692e+01 4.402664784604070292e+01 5.813311848600449849e+01 5.312728126018956232e+01 4.469057240278404919e+01 4.045876584730888226e+01 2.383249911531639142e+01 2.774465060586185317e+01 2.781259375526659383e+01 4.783375023374293988e+01 4.653024160617935223e+01 5.020225691167853199e+01 3.650536721960406084e+01 5.568232786510932897e+01 4.740082264502226650e+01 3.053690132894029219e+01 3.378708834376502779e+01 5.379089090815986651e+01 6.205548584551230107e+01 6.570802427892253661e+01 6.955852594867413075e+01 7.620084426467809635e+01 6.776676778417548519e+01 7.929079119754707961e+01 9.923926195794004457e+01 1.012530544599588893e+02 8.605048944106707154e+01 8.024719117322405282e+01 9.425973646326490041e+01 8.791254030590110347e+01 7.895790476737440144e+01 7.436972737096414221e+01 6.767273008782527199e+01 4.771838782800995205e+01 5.268566374869385527e+01
0.000000000000000000e+00 7.942795940571864222e+00 1.634349936433953943e+01 2.988944363007020755e+01 4.537092847372926485e+01 4.577208283504165109e+01 5.411053273796345309e+01 5.220562721592848732e+01 4.386748815565164961e+01 4.716837099165369551e+01 4.780725578881342130e+01 5.612612146018566506e+01 6.067835539042379622e+01 6.407678829364894568e+01 4.406818030627965044e+01 6.407679229227821338e+01 5.882394146947157765e+01 5.054416471222972262e+01 3.501601662807166093e+01 3.910210256952184693e+01 4.346807302533873951e+01 6.292306942407901715e+01 7.629633349438317680e+01 8.482898101544606106e+01 8.772200699450574746e+01 9.600095901993239522e+01 1.075292695206330080e+02 9.303502100649593842e+01 7.327978247319092020e+01 6.636000960757429823e+01 7.860818760750210288e+01 8.680322081478719554e+01 8.311637225247609706e+01 7.490276002820485246e+01 6.673058753699586987e+01 4.720367621722060392e+01 6.738142887339063236e+01
0.000000000000000000e+00 1.999999999999964473e+01 3.574300414155332817e+01 1.602232093611493013e+01 2.589096126555668675e+01 2.565645812895310840e+01 3.737240514041157269e+01 4.071603746868958495e+01 4.466556462640949832e+01 4.877656017866866023e+01 5.317735864817548475e+01 6.150766495903432229e+01 8.069417533062151904e+01 7.236855086835217321e+01 5.821472637429644692e+01 7.236861543574700306e+01 6.257494808063498226e+01 4.257980441995917431e+01 5.501796836690804327e+01 5.324508615219351526e+01 6.338167601656562056e+01 5.013553940078391946e+01 5.646150697388841166e+01 6.541382046984448095e+01 7.698790198197877999e+01 9.707729658448516830e+01 1.070867606450842402e+02 8.721459987325710017e+01 9.303502100649593842e+01 7.860818760750210288e+01 5.900352130296171538e+01 7.240854832220797732e+01 6.262718060993186242e+01 6.601286509149140613e+01 4.647457047712132550e+01 5.166134116972745005e+01 7.018502298888124358e+01
0.000000000000000000e+00 1.999999999999964473e+01 2.476249779633829107e+01 8.500616213062384574e+00 1.126657489098858633e+01 1.409506365631500735e+01 1.729646723794316898e+01 2.062940644726764461e+01 2.455195466760242695e+01 2.863687739085119688e+01 3.301036643410719051e+01 5.317735866271534917e+01 6.863427849521644930e+01 7.869650609460089186e+01 7.822908496164187397e+01 7.889295762116832123e+01 5.890755912508111436e+01 4.924778630220907871e+01 6.923852896984800509e+01 7.323355132378468113e+01 7.838103248380099330e+01 6.169027033554128536e+01 6.647892053292282810e+01 7.650540158567577009e+01 9.380801312827843219e+01 1.054121733026052254e+02 1.152915090466607069e+02 1.070867606450842402e+02 9.838294493042671718e+01 7.860818760750210288e+01 7.240864777851174949e+01 5.235848444438651939e+01 4.656172558330289490e+01 4.574731142831299735e+01 6.606530499771081111e+01 7.018292646792642131e+01 5.949955036278711162e+01
0.000000000000000000e+00 2.347974809613907254e+00 4.730059882534491500e+00 1.590599286537654677e+01 2.810957223731151799e+01 2.166097862691463760e+01 3.737240086273646966e+01 4.072096120984113554e+01 3.134498241938778662e+01 4.877656017866866023e+01 5.317735866271534917e+01 4.012781350752491250e+01 5.023599409955372863e+01 6.451032250787251598e+01 8.459432060550292931e+01 8.717401999623845654e+01 7.751763950393363700e+01 5.924750480245927520e+01 6.923852896984800509e+01 8.922247347092924485e+01 9.057304536838435638e+01 8.191911139018189658e+01 8.656742519022256488e+01 9.496739547370387413e+01 1.049238793643497729e+02 1.109334160207959599e+02 1.017110625909652697e+02 9.391350654680660170e+01 8.798020740626994041e+01 8.258552220962981494e+01 7.811928027620878368e+01 7.193184894310863342e+01 6.548371238971999730e+01 4.523374512073930731e+01 5.989761863900648109e+01 8.053072370239011946e+01 7.880609196599810673e+01
0.000000000000000000e+00 1.999999999999964473e+01 1.144644780111435090e+01 3.086222295201104515e+01 3.189054566749346264e+01 4.005510331237615418e+01 3.437542868884771252e+01 5.447055784382988008e+01 4.558604415050358227e+01 4.558604072520415684e+01 6.573578884312388482e+01 5.441684809363877662e+01 5.023599409955374284e+01 5.927761950211480979e+01 7.091063334103182569e+01 9.096155771486776587e+01 8.750990797020374146e+01 7.922955313723663551e+01 8.750990797020374146e+01 8.969240313097810713e+01 9.798918296557599206e+01 9.924160493394987270e+01 9.097733629597433946e+01 9.924160493394987270e+01 1.092174596483973517e+02 1.029783516677466508e+02 8.484866142586642468e+01 7.611360912519637623e+01 7.008805998139189342e+01 6.440037089111419277e+01 5.966035388069033019e+01 5.517461445437246681e+01 6.482183485613531104e+01 4.472578865463068354e+01 5.953838931369186582e+01 8.048973674237474540e+01 8.727628473745632220e+01
0.000000000000000000e+00 1.999999999999964473e+01 3.166240238358726700e+01 2.317240579629888231e+01 4.337166693987818178e+01 5.562379962106981424e+01 4.860055422974026129e+01 6.275744345724685758e+01 6.573651877038697933e+01 6.573578884312388482e+01 7.404984297800434945e+01 7.455232199467619125e+01 7.039278961414957791e+01 7.869663435832428888e+01 8.767744898548924937e+01 9.924484070242763778e+01 9.592232956703615798e+01 8.765154148653209631e+01 8.643718196443343516e+01 6.969654996682579906e+01 8.643884130703497704e+01 8.927116793594414901e+01 7.104095048321758554e+01 8.100914338959599093e+01 1.001138610506122291e+02 1.109334160207959599e+02 1.017110625909652413e+02 9.391350654680660170e+01 7.926966765830576378e+01 8.258552220962981494e+01 7.817479807387783808e+01 6.826541758208394128e+01 4.878526992484749769e+01 4.422114958767868842e+01 6.422867368867208882e+01 7.331326107627678823e+01 6.466169330243755553e+01
0.000000000000000000e+00 9.999999999999912959e+00 2.999999999999955591e+01 4.340974444906728991e+01 3.972903749280935415e+01 5.978701229712756771e+01 6.864264048970905208e+01 6.403463256659193803e+01 5.575899571929135590e+01 6.403269275607317468e+01 5.575888779482341562e+01 6.403269275609378042e+01 7.739377481786962676e+01 6.916873308600055736e+01 7.739377481786962676e+01 8.678501266838942740e+01 8.440072497351424374e+01 6.770000607367359180e+01 7.814762082562964451e+01 5.818913198126347908e+01 7.814776917627538921e+01 8.100914338959597671e+01 6.108246542017059966e+01 7.191376647859256366e+01 8.601381376460237504e+01 9.492995978242835520e+01 1.064451525821555862e+02 1.051829413145743501e+02 9.733936519731642534e+01 9.002830203456203151e+01 8.177687055721617071e+01 6.801157655127641988e+01 4.841964857485807983e+01 4.372364474067272511e+01 6.352969917387557786e+01 5.769721608961205561e+01 4.938005050400885665e+01
0.000000000000000000e+00 1.999999999999964473e+01 2.999999999999955591e+01 4.999999999999884182e+01 5.978701229712756771e+01 5.992702532457250442e+01 5.166446360874114418e+01 5.250228456468411053e+01 3.578795805590950607e+01 4.422866612504534345e+01 3.578795804023612703e+01 5.575888779482341562e+01 6.742702547436864791e+01 4.920355062916515010e+01 6.742702547436864791e+01 6.692612756402670016e+01 7.548226032344844327e+01 5.619755274614435336e+01 7.109120202444076142e+01 5.115018197898474028e+01 7.109127918623447329e+01 7.436691739978755322e+01 5.444837891715988576e+01 5.783032968267536233e+01 6.673463041545824126e+01 7.823880593305290176e+01 9.817934201654641413e+01 1.065086840325420070e+02 8.720616941881129947e+01 7.413465808723644557e+01 6.357573056707352066e+01 5.508685864109454400e+01 6.751994535895457261e+01 5.053474382636088080e+01 4.303053996749551402e+01 4.254757736175994864e+01 4.207454670169106237e+01
0.000000000000000000e+00 1.999999999999964473e+01 3.373773447853293561e+01 4.202200572600004591e+01 5.356901110979678293e+01 4.841258016521508267e+01 3.172251001358647571e+01 4.356946681374461861e+01 2.425522156547375019e+01 2.425522156546711727e+01 4.422866612504534345e+01 6.403269275607220834e+01 5.918614185758285373e+01 3.880099602334753683e+01 5.639710250370102074e+01 5.272351947679071316e+01 6.721690448248673988e+01 4.729207221259796512e+01 5.726055181303388508e+01 4.514612211897813410e+01 6.507880109490386644e+01 6.836125207985759289e+01 4.844749601191816879e+01 5.839972494383913926e+01 6.989752647964832022e+01 8.399053407625655154e+01 1.039341655221416545e+02 1.111443455291828002e+02 1.000552819571828422e+02 8.204108198051564216e+01 6.337365958941049371e+01 7.408124570116464724e+01 7.977231100875836489e+01 6.541554041355331606e+01 4.336175288073254563e+01 6.316658953724257231e+01 5.682020115043882669e+01
0.000000000000000000e+00 6.666666666666695384e+00 1.373773447853223217e+01 2.528473986232495108e+01 4.528473986232565807e+01 4.014514249362812848e+01 2.019451748656540602e+01 2.863771019636411097e+01 1.532059612117153158e+01 3.529627016903725689e+01 5.250182809373507808e+01 5.928527943314557547e+01 5.197890443015056405e+01 3.120307143081602419e+01 3.584026416547632010e+01 5.639710250370102074e+01 7.102177479081966283e+01 5.139708489390146440e+01 3.733221415522255882e+01 5.726055950184398569e+01 6.748141310495329037e+01 5.922618982910590546e+01 4.454191643584719884e+01 5.862046458311873920e+01 7.854369341074287547e+01 9.181130241913807311e+01 1.000758715488475019e+02 1.029405365201675835e+02 8.398175872723170698e+01 7.337320206514735332e+01 8.204108195985917007e+01 8.996860013139192347e+01 8.196935430065707351e+01 6.883257421719532942e+01 4.886864319468665485e+01 6.883154577558023846e+01 7.675590316687909365e+01
0.000000000000000000e+00 1.999999999999964473e+01 3.373773447853293561e+01 4.202200572600004591e+01 3.846815352421182155e+01 3.514933274405984776e+01 2.652243251202121854e+01 8.661220204661082889e+00 2.863771019636338977e+01 3.032086055099383515e+01 5.028781406560383260e+01 3.889518373426423636e+01 3.889518373426423636e+01 2.481048506516729191e+01 4.540900917363213551e+01 6.466572542307307003e+01 5.617643948306981372e+01 4.788526933084265380e+01 3.342548583180748523e+01 5.282731819403176132e+01 5.535718423182277093e+01 3.930926509130824087e+01 4.365785554354599185e+01 6.357176045848486012e+01 7.553402033894568035e+01 7.187578467122820314e+01 9.084228654616636334e+01 1.008132764324133177e+02 1.000552819571828422e+02 9.199468119752023654e+01 9.868402989782497059e+01 8.749939087869471166e+01 7.386716300619640663e+01 5.448600914742383594e+01 6.883257421719532942e+01 6.883230384123753254e+01 8.446425025942349407e+01
0.000000000000000000e+00 1.999999999999964473e+01 2.215917808212405404e+01 2.324408228502046825e+01 1.848123022862518638e+01 2.543354029895656510e+01 7.048086673359004628e+00 2.702931096633213670e+01 1.034981467298447022e+01 3.032086055099393107e+01 3.325292030104588292e+01 3.449402596238054031e+01 1.930782253208896293e+01 3.889518373412052910e+01 5.377083773257385246e+01 5.331671574325238794e+01 4.506376500617941616e+01 2.801050736845694189e+01 3.043818589850969047e+01 3.290668830997054783e+01 3.543701152240282681e+01 5.535718423182277093e+01 6.357176045848486012e+01 5.029491335720143752e+01 5.561405205479448455e+01 6.265133730114351351e+01 7.261106714986441091e+01 9.254852060081343268e+01 1.110475288850461908e+02 1.013433857339032329e+02 9.055132258238576526e+01 7.130639768631210984e+01 6.029528640221153069e+01 7.386868877644110398e+01 7.386868877644110398e+01 8.842344103457477900e+01 7.646011889051160892e+01
0.000000000000000000e+00 1.081475685374209572e+00 2.164532021638512216e+00 3.252367287595787637e+00 4.346649082413113874e+00 5.447442078286039546e+00 2.543354029895660418e+01 3.528596609049568400e+01 3.018825799386237918e+01 1.205324284883249497e+01 1.329180559048089627e+01 1.453739757268044208e+01 1.581193802569792162e+01 3.576809736917523708e+01 4.589299234252692372e+01 4.227683078939495687e+01 2.516094410586860874e+01 4.506378673769052057e+01 5.035647091694804089e+01 5.282731970498267771e+01 4.952304685398431161e+01 4.952304685398431161e+01 6.944203781415185972e+01 6.178822177232315482e+01 7.553402033894568035e+01 8.257979372423174880e+01 9.084228654616636334e+01 1.008132982042801302e+02 1.028947732443850214e+02 8.360006717393360987e+01 7.418856795788006764e+01 6.760146778108051535e+01 7.235552543680894644e+01 8.750716480482140014e+01 9.336118709670124360e+01 8.384508274085197854e+01 6.430630494829782151e+01
