MOVIE_S1_data/elevation_000554.asc
nrows	100
cellsize	150.0
xllcorner	0
ncols	100
yllcorner	0
NODATA_value	-9999
[rows 17 to 33 of 100, columns 0 to 36 of 100]
0.000000000000000000e+00 4.587800714412286318e+00 9.298169857443838282e+00 1.482894775237459761e+01 2.082305161180419617e+01 2.969850236299215140e+01 4.376952628899756803e+01 6.373496057244545909e+01 5.883535757049444470e+01 6.710689671200576356e+01 6.937353312821855411e+01 5.188525531481428743e+01 6.937353312821855411e+01 8.193247204384314841e+01 6.464635229286302831e+01 5.231264969821782529e+01 3.491702820522196049e+01 3.374494379806711208e+01 4.361298131122743627e+01 6.368115338021974026e+01 7.228816035363661285e+01 6.028997563804788484e+01 4.032028760597599870e+01 6.028997563804788484e+01 5.809382504596812424e+01 3.802187038250075091e+01 4.365642645949950662e+01 2.581390451229781746e+01 4.560569930899034574e+01 5.255898638062363659e+01 4.095223830191552850e+01 4.969046533394698884e+01 6.375820911968007465e+01 8.381251394727365778e+01 8.619050740203567784e+01 9.375435308309259597e+01 1.020158825621153085e+02
0.000000000000000000e+00 1.999999999999964473e+01 2.919843623598114135e+01 2.554514248437480006e+01 4.070932442991794886e+01 4.070932442991794886e+01 5.789302066945158032e+01 6.714380334217766233e+01 6.461643717411030252e+01 7.274861158655014037e+01 7.893818986335190857e+01 7.076741814206529568e+01 7.893818986335190857e+01 8.143647652027244987e+01 6.138089069479120496e+01 4.724651472546219111e+01 5.460053595153562611e+01 3.878904758449086643e+01 5.881870183532835483e+01 7.197533501810711698e+01 7.445491680198817619e+01 5.442266489772688232e+01 5.442266489772688232e+01 6.860511559762846900e+01 6.652128114887982235e+01 5.809259768622549558e+01 5.377255024308526288e+01 4.560571803380830147e+01 2.756483941828912165e+01 3.280878536028354375e+01 5.229727523153734836e+01 6.733888201383288674e+01 7.795587564132627278e+01 7.199938577040835241e+01 6.612123072530198442e+01 8.028728829187893723e+01 1.004421390394362845e+02
0.000000000000000000e+00 1.414213562373107536e+01 3.414213562373178235e+01 4.545372931112747494e+01 5.372377139676862612e+01 6.065806719197016861e+01 6.154484989610941170e+01 4.780193711571898518e+01 4.530511232266918853e+01 5.891153342192099984e+01 7.838929318468379392e+01 7.506519397131479820e+01 6.677615490860146963e+01 7.506519397131479820e+01 7.554041704371078936e+01 6.725503578240584091e+01 5.881870183513920125e+01 4.541356579496360979e+01 5.881870183527926343e+01 7.889152181796549712e+01 8.278756629752997753e+01 7.445491680198817619e+01 7.445491680198817619e+01 8.244627899836578422e+01 6.827253716555509300e+01 5.511333756635086445e+01 3.515686877268844057e+01 3.192931759511295908e+01 4.734583712602752570e+01 2.954667772019611505e+01 3.383289446265898448e+01 5.554132769052741736e+01 6.257595406846673569e+01 5.201005312703430405e+01 6.612123072530198442e+01 8.619050740203567784e+01 9.588312219929079561e+01
0.000000000000000000e+00 8.164966397041597546e+00 1.816502202798396226e+01 3.231041426414979156e+01 5.236213417489385336e+01 5.362230441054452257e+01 4.556061993464371085e+01 3.410034721660172607e+01 5.346703857272473925e+01 7.274861158655014037e+01 6.439071622566603992e+01 5.611084145777788734e+01 4.682318048083474338e+01 6.091849715809330945e+01 8.091779169361802815e+01 8.716206333577559917e+01 7.381442778395155813e+01 5.702433964373694408e+01 5.963748835442748231e+01 7.972597495345213758e+01 9.662731906068742660e+01 8.657260522570577166e+01 7.823311057123181911e+01 7.066758956031577554e+01 5.409879533274432362e+01 3.997096350090468775e+01 5.511333756635086445e+01 4.597570945372924456e+01 5.765998397118026730e+01 4.940725161189151038e+01 3.155120535871122200e+01 3.692929490977157059e+01 4.261861391516331565e+01 6.257595403354356733e+01 8.033335162633954951e+01 8.583502804135815722e+01 7.546453840054297757e+01
0.000000000000000000e+00 1.999999999999964473e+01 3.646828997540055894e+01 4.650999631215276509e+01 4.807435081016511447e+01 3.957311259206908005e+01 2.601249767916489475e+01 4.556061993464371085e+01 6.154484992992240677e+01 5.442596823371712844e+01 5.611084136739597739e+01 3.619006137228116415e+01 5.611084136739597739e+01 7.506519397131455662e+01 7.046156851448648695e+01 7.876177344884291642e+01 8.539787523101654187e+01 7.712829237900282919e+01 7.972597495345213758e+01 8.799136728887940251e+01 8.827792742419940453e+01 6.818829371826427632e+01 5.821662343771400572e+01 5.067913582567758368e+01 4.551468886822652138e+01 5.150615741610216247e+01 6.827253716555509300e+01 6.597258109828582917e+01 5.691991575260418301e+01 3.463048741682583653e+01 3.309534450150487572e+01 5.297718066076466670e+01 5.690288164081164979e+01 5.690116560782528410e+01 7.690505832585834867e+01 6.610397753119191577e+01 6.300639492147298171e+01
0.000000000000000000e+00 1.999999999999964473e+01 3.747567397310351112e+01 4.080560884250683529e+01 3.784923764590841699e+01 1.894160035152992450e+01 3.214529322401032374e+01 4.840420854699487307e+01 4.859492076487801171e+01 3.449452841956340876e+01 4.282887489807917092e+01 3.043417146794726946e+01 5.036020753083138857e+01 6.723133374714267063e+01 5.051807966974930508e+01 6.363906287743210299e+01 6.939415367835354687e+01 7.571093278057024634e+01 8.327773895775628432e+01 9.159179381348111804e+01 9.662731906068742660e+01 8.334960006233681895e+01 6.329758081405584136e+01 7.066758956031577554e+01 5.183663170600255654e+01 7.151250876058182371e+01 7.983962815942429359e+01 6.512857597295854362e+01 4.341048662449322393e+01 5.691991568363464893e+01 5.297717088846290778e+01 3.530479788216347714e+01 3.690833694022423117e+01 5.690341225751645737e+01 6.191587920127272326e+01 5.345343157334312423e+01 5.345334256299830145e+01
0.000000000000000000e+00 1.999999999999964473e+01 1.749511585166138161e+01 1.951014481209167428e+01 2.740465906044197553e+01 1.467598166905136026e+01 3.439200785190504916e+01 4.516588649561039404e+01 3.690590718119334923e+01 2.037700585518279084e+01 2.287965042690142070e+01 4.184691722665037616e+01 4.970272423116235672e+01 5.308111060324512209e+01 3.905434724342023856e+01 4.373313152080520894e+01 4.945793433961708274e+01 5.573552334141193398e+01 6.325785159389470635e+01 7.739993882504082023e+01 9.746800375507642400e+01 9.169294179899472397e+01 7.745247634772780998e+01 7.850132822069032557e+01 5.848318072081846708e+01 7.850132822069032557e+01 7.688013222914965183e+01 5.652583972542285551e+01 5.383273547736345677e+01 7.348637342307837628e+01 6.356110811447438635e+01 4.680719265268506746e+01 5.690341225751645737e+01 3.926376270366269949e+01 4.189558090699611625e+01 4.459015461653470425e+01 4.755946481486041222e+01
0.000000000000000000e+00 1.672484022506800061e+00 3.350846780496386845e+00 5.053360205504571212e+00 8.902472853876234993e+00 2.866857209358306235e+01 3.173138786977461479e+01 3.376951241995178066e+01 1.694420088906315769e+01 2.327241086507438084e+01 4.281229615384852849e+01 2.705301609319203138e+01 3.006801347219114362e+01 3.318682166677049139e+01 5.308111060324512209e+01 6.363906287743210299e+01 5.997087680514634656e+01 7.571093278057024634e+01 8.327773895775628432e+01 9.159179381348111804e+01 9.893784051171360261e+01 1.011232008213774947e+02 9.758651611313796082e+01 8.684131698671382082e+01 6.845533514454101010e+01 8.684131698671382082e+01 8.518757470596482051e+01 6.839503988706803739e+01 6.578067004867907031e+01 8.257583726518883793e+01 7.511980463682455422e+01 6.680512424695561435e+01 5.342350556292189623e+01 5.927965543111000812e+01 4.248697877077405138e+01 6.248243207754538986e+01 6.749595681720232676e+01
0.000000000000000000e+00 1.999999999999964473e+01 2.335489939697993478e+01 2.452364833039450431e+01 7.787727115989838467e+00 9.758435492024014835e+00 1.175856876914661520e+01 1.380012522692506316e+01 3.376951241995178066e+01 4.315232982461570543e+01 3.324389103435686366e+01 4.724467385139650588e+01 4.997412983435133782e+01 4.724381819618206180e+01 4.098632122489227925e+01 6.088687308701911860e+01 7.996061918068757279e+01 8.826877105515046651e+01 9.398816675415385191e+01 8.572064884085212100e+01 7.904162209662429461e+01 8.121606140326281320e+01 1.011232008213774947e+02 9.689694435809462902e+01 8.854732129683974051e+01 9.689694435809462902e+01 9.677271002858746840e+01 8.847098392188981109e+01 8.585978576157226883e+01 9.416278867352444593e+01 8.978767460544592893e+01 6.973694084537477522e+01 6.581178281564375254e+01 4.585158796319044683e+01 5.404418798377871980e+01 7.076442860109928290e+01 8.052126762363694468e+01
0.000000000000000000e+00 1.414213562373107536e+01 3.414213562373036126e+01 3.664184307390555517e+01 2.357135310977468023e+01 2.389222273663465046e+01 2.589084575106227959e+01 2.793031263006248466e+01 2.274558137085500320e+01 4.268804632092830076e+01 5.299763943989314896e+01 4.468306519992406578e+01 6.435555907334256176e+01 6.717358109991425863e+01 4.908952619949693741e+01 5.355064252116565626e+01 6.764592616786462997e+01 8.769115065890400729e+01 8.252581173514134605e+01 6.591124570694341855e+01 6.506561025488562677e+01 8.486908955043523406e+01 8.440940351976050238e+01 8.440940351976050238e+01 9.267297252230112292e+01 1.020719118096073856e+02 9.386372781646181807e+01 9.386372781646181807e+01 9.487720816637796872e+01 1.030805939436504843e+02 9.809869569933650268e+01 8.783043732968378947e+01 6.819560495687844082e+01 4.826237400565580060e+01 6.819516247048321134e+01 7.400756409965551086e+01 9.403631536756503806e+01
0.000000000000000000e+00 1.999999999999964473e+01 3.908502447770279531e+01 4.735935285966301223e+01 4.716532427040382913e+01 4.383764668520810659e+01 4.583345191062986146e+01 4.786262257709616108e+01 3.685208185418390769e+01 3.426786699571827910e+01 5.419022518359462737e+01 5.605415236795220579e+01 7.251927035450844983e+01 7.732383882489739335e+01 5.902978086644342426e+01 7.351461745333514841e+01 8.184659922258421716e+01 9.115350100144985390e+01 7.428368460900406944e+01 5.462655660712378847e+01 7.428368460900406944e+01 7.508728637220448832e+01 6.463420676960386402e+01 6.463420676960386402e+01 8.440940351976050238e+01 9.386372781646181807e+01 7.407476776420689646e+01 7.407476776420689646e+01 7.508458119986566714e+01 9.165126960119576438e+01 9.370520984569574807e+01 7.367877619413768286e+01 5.961273550592213866e+01 5.072008461908058052e+01 7.062971081234044846e+01 7.728410946046338381e+01 8.556252480934004723e+01
0.000000000000000000e+00 1.999999999999900169e+01 1.914461450778212637e+01 3.178657405064907593e+01 3.507821287751136197e+01 4.235033091739077094e+01 5.045327097555588836e+01 5.871925364417982252e+01 5.677722817412480083e+01 4.576588061278072672e+01 6.245838423407991513e+01 7.569549152005221515e+01 8.387852147617657295e+01 8.732944862087164495e+01 7.902100509344046486e+01 8.732921561733847682e+01 9.115541029328457512e+01 7.148741741495524593e+01 6.903008516600945654e+01 4.947709081415359833e+01 6.211706557511804760e+01 5.544437706361547669e+01 5.084946221062123328e+01 6.463420676960386402e+01 8.440940351976050238e+01 8.656051242487086483e+01 7.987081997088270668e+01 6.022196426027588245e+01 6.375715251595479316e+01 7.765146806493950749e+01 9.744604061344044510e+01 8.782525699931630925e+01 7.062859959667649434e+01 5.961273550474962235e+01 5.460838405840016918e+01 5.739957071483916451e+01 7.728354258994079373e+01
0.000000000000000000e+00 3.779533484006670996e+00 7.627640450566493868e+00 1.188711413757151547e+01 1.703247443230827685e+01 2.253659121374408514e+01 3.060520241669026831e+01 4.203509371335070455e+01 6.195271496926846311e+01 6.569809387758137120e+01 7.397450829429941166e+01 7.961033295499171913e+01 7.702618084752126038e+01 8.530067003741559972e+01 9.142775598574090168e+01 8.319262231537874186e+01 8.494544639940610864e+01 6.531751807117062469e+01 5.553694126177620660e+01 6.211705508288626731e+01 4.265282568005811470e+01 4.174346094675217955e+01 6.119765199530539945e+01 6.580663279378076425e+01 7.397753973734822353e+01 6.686035212405336381e+01 6.686035212405336381e+01 5.347496565234489907e+01 6.401270708961038736e+01 7.729509621865126689e+01 9.682547800070032906e+01 9.886594537377628455e+01 7.954148034291607416e+01 7.367873578573535553e+01 7.449693387883768025e+01 6.625996220056700281e+01 6.173834712577718875e+01
0.000000000000000000e+00 1.999999999999964473e+01 2.757242341381806128e+01 2.595522236648628223e+01 2.813205497953735090e+01 4.235033091739077094e+01 3.652717580054306268e+01 5.640867097628626681e+01 7.022962133924939110e+01 7.617797047348770434e+01 6.795058921153308518e+01 5.982102254756789961e+01 5.726520716228755248e+01 7.385524024646630892e+01 8.000541902189370091e+01 6.344885875418402321e+01 7.800728503566939764e+01 5.843134385882177639e+01 4.584005933434397662e+01 6.531751807117063890e+01 5.580203079576260450e+01 3.627409015395499381e+01 5.254314673144950376e+01 4.633894706377314066e+01 5.801091002564889010e+01 6.155643023135256442e+01 4.752465524775988825e+01 6.686035212405336381e+01 8.111049590524933706e+01 8.734430939929585236e+01 9.250718698184596178e+01 9.571393608679932186e+01 9.956546683103974260e+01 9.370197276825496147e+01 8.252899768120046531e+01 8.620252758635498935e+01 6.802562048726028365e+01
0.000000000000000000e+00 1.414213562373082489e+01 3.414213562373011257e+01 4.586470237352284585e+01 4.804731917236737360e+01 5.631936556877244016e+01 5.640867097628626681e+01 6.467967645037927582e+01 7.573053740720183669e+01 6.480075583709715659e+01 4.830959992020646609e+01 4.598017318569824852e+01 4.598017318569824852e+01 6.561717737090249614e+01 7.179355510850665212e+01 5.216310227914869557e+01 6.045990788316257181e+01 5.843134542936477516e+01 3.891746155722253775e+01 5.046495574746302282e+01 4.775437900285795223e+01 3.280165114055120057e+01 3.293061599692265418e+01 3.506380106386639994e+01 3.865987971563001935e+01 4.227388561156975300e+01 6.155643023135256442e+01 7.503350458224572606e+01 8.344525794250321837e+01 6.421504810353225423e+01 7.650707371850249672e+01 7.621151054749392983e+01 9.571393604332729410e+01 1.108083788919194319e+02 1.025453067795337603e+02 9.512232910297448996e+01 7.476045333759196865e+01
0.000000000000000000e+00 1.999999999999964473e+01 3.735195756608545281e+01 4.562268797821866428e+01 5.715540296625567152e+01 6.278384055335850178e+01 5.470603017419970371e+01 6.278384055335850178e+01 6.512750083717726568e+01 4.783784333150114065e+01 3.699379989788694445e+01 3.464621315486992614e+01 4.807107894442805218e+01 6.776558846636929445e+01 6.339507602223700644e+01 6.045990788316248654e+01 4.086953856669489227e+01 5.122491885838254433e+01 5.046495100890167862e+01 3.075816623870234423e+01 2.793998773404638314e+01 2.994000822607733170e+01 4.969630750971643351e+01 5.456695923678976357e+01 3.884621906295459581e+01 5.821800451208227400e+01 6.480955387666111278e+01 6.775605422767563368e+01 7.043129739306702675e+01 5.643781761836307709e+01 6.037585855989362926e+01 7.979027218520104725e+01 9.103536858965698286e+01 9.908157629710927949e+01 1.156929969027115277e+02 1.034508925899119589e+02 8.530687828088363744e+01
0.000000000000000000e+00 1.999999999999964473e+01 1.743050145274798624e+01 2.890613589661711558e+01 4.888916452241240762e+01 5.311750023970456169e+01 3.544330141319203875e+01 5.311750023970456169e+01 5.693398317399771003e+01 3.725201388724791229e+01 2.811205092895528068e+01 2.834289256893219644e+01 4.807107894442869167e+01 5.768559551652591466e+01 4.375550879552831418e+01 5.132470502555101177e+01 5.122491922341379933e+01 3.150409505075625560e+01 4.317393135597988163e+01 2.555090587918436285e+01 4.539348472309337268e+01 3.753533266139113778e+01 5.657214737178157549e+01 6.635163841954752684e+01 5.821800451208227400e+01 4.267035103132137408e+01 4.546965063831681420e+01 4.836849178847033670e+01 5.140703396061782371e+01 6.898117865235379043e+01 7.921813975063483326e+01 6.698905214102219929e+01 7.193898103221829388e+01 9.103536858965698286e+01 9.784821467382228377e+01 1.143639327750241392e+02 1.063488157192698367e+02
