MOVIE_S1_data/elevation_000741.asc
nrows	100
cellsize	150.0
xllcorner	0
ncols	100
yllcorner	0
NODATA_value	-9999
[rows 17 to 33 of 100, columns 0 to 36 of 100]
0.000000000000000000e+00 1.129362340113453378e+01 2.488980838717771960e+01 4.439507342054393746e+01 4.430818615887585565e+01 4.430775288611324925e+01 3.294740062853077944e+01 1.475471761012512317e+01 2.561254400724547509e+01 1.416492963925584192e+01 3.171065268618125899e+01 2.932341636680503427e+01 1.360390907006026495e+01 6.989104184433037936e+00 7.480642136499076500e+00 1.103164911945979298e+01 2.708861223049838785e+01 2.938465504272111772e+01 2.996067636556881197e+01 1.039209398857393296e+01 3.050870529372007667e+01 3.918771965268266655e+01 4.440461486207077968e+01 4.803654620948042009e+01 3.694305681269245412e+01 2.139229094976919043e+01 2.301425695828456242e+01 3.524297919649654887e+01 3.609954531946154077e+01 3.664166228646440970e+01 1.725475000658371982e+01 2.877718109641088162e+01 4.544524582795089174e+01 5.858625727485190282e+01 4.155306844747177308e+01 5.557531156731281641e+01 4.472319844903574904e+01
0.000000000000000000e+00 1.999999999999964473e+01 3.722854215387306454e+01 4.877554684529213347e+01 6.222199517559160142e+01 4.523937289496534220e+01 2.588545460431708989e+01 3.299884580528018319e+01 2.156069745995323217e+01 3.230608130036232239e+01 3.196718776584136990e+01 3.357318068463277427e+01 1.331128876101922742e+01 2.817399568801535636e+01 2.522207257274965286e+01 1.648793409045300251e+01 1.575498497064924841e+01 3.199599505343033101e+01 3.759347858584889934e+01 3.069711552183647285e+01 1.111572769133560534e+01 3.101828757507072609e+01 2.565498803067660560e+01 3.316532391401518254e+01 1.366373606019269005e+01 1.421094651510957974e+01 1.476755360163444131e+01 1.533139223421596853e+01 1.589781967352936398e+01 1.646295709660136453e+01 2.404525499485335871e+01 1.857861268601520877e+01 3.853454933888145462e+01 4.370178194321395182e+01 3.023967559643409331e+01 3.534464321758691341e+01 5.557465313992118894e+01
0.000000000000000000e+00 8.944271909999079284e+00 2.049127729379139140e+01 4.049127728859607345e+01 5.446057620233737140e+01 5.333172958620490789e+01 3.950869482405428812e+01 4.674714868866875150e+01 2.758535640530967115e+01 4.674714868866875150e+01 5.103626968998258207e+01 3.934871013495661174e+01 1.808799889060693999e+01 3.934870978467261438e+01 4.336325002345049029e+01 2.992310089952270857e+01 3.463883734950317006e+01 2.162644081016317799e+01 3.810182215124427785e+01 3.400349508015661826e+01 1.310554301619375295e+01 1.185199245836594351e+01 1.237468439963252465e+01 1.290027929645954075e+01 2.228336443456879934e+01 3.402384136542177373e+01 3.632411954631016471e+01 3.568255413606890869e+01 3.613135614414981234e+01 2.091525102819710469e+01 3.832592703976282422e+01 3.853813355116394490e+01 1.987823042433896958e+01 2.403046435341329357e+01 4.370257328014682230e+01 5.557531156731221955e+01 6.400975463188537162e+01
0.000000000000000000e+00 7.074267322808107217e+00 1.477749012937745476e+01 2.517816880865977680e+01 3.995482808059289681e+01 6.059293014714872072e+01 5.907485947524923375e+01 5.481840116772779936e+01 3.712019247147895129e+01 5.481840116772779936e+01 6.088109495982514829e+01 3.934870800396336676e+01 2.462802639183256304e+01 3.538432218803012574e+01 5.698821683489668288e+01 5.219961799779585476e+01 4.550524162484005330e+01 2.642625763400768335e+01 3.861776828471875689e+01 1.835894100800276973e+01 3.445937601994812383e+01 3.233478257916558363e+01 2.685826852095171091e+01 3.305849004962154680e+01 1.739087523525006418e+01 2.104063185971633132e+01 3.923234728649242697e+01 5.311759532158271924e+01 5.034682319156249974e+01 3.285923764393339752e+01 5.023733720321516927e+01 3.953720021591496447e+01 3.982125739852379809e+01 2.118621552572639644e+01 4.113880933003895990e+01 4.945921630385147694e+01 5.315974732323612528e+01
0.000000000000000000e+00 1.999999999999964473e+01 3.521132051971655841e+01 4.362069105390474988e+01 5.187195992802507760e+01 5.994728499344206796e+01 5.747866307033295641e+01 6.449787279165460063e+01 5.637410490720609602e+01 6.449787347236832602e+01 6.768751455020787944e+01 4.615631330240054098e+01 3.276724362481325414e+01 5.460837518785307054e+01 6.567043025200611339e+01 5.325682013862216735e+01 3.425463926348755450e+01 4.550524162484005330e+01 4.783784767930944071e+01 3.923193505992233554e+01 2.409926370304957999e+01 4.475147528498064275e+01 4.760770244108643823e+01 3.447671982947102265e+01 3.831854975700319699e+01 2.553343720372802395e+01 2.606280880464144190e+01 3.914481417713358979e+01 5.876787704965788350e+01 5.442856019907990373e+01 6.273581514617006150e+01 5.892511598106595017e+01 4.947160349416050451e+01 4.113496421371717560e+01 2.247701996465961116e+01 3.168210119278806047e+01 3.296288219089088045e+01
0.000000000000000000e+00 1.999999999999964473e+01 2.711622149467002529e+01 3.571385511950248315e+01 3.248518310095219874e+01 4.115250345415262956e+01 3.748328280892396691e+01 5.747866307227809557e+01 5.772539661698545643e+01 6.080927227110461786e+01 6.909866144404534793e+01 6.345201359702569732e+01 4.560834616689482601e+01 6.345201359768513072e+01 6.892139871004100371e+01 4.974149374857532990e+01 4.144133911412933458e+01 6.043841500054713833e+01 6.368402630957235999e+01 4.266222364685147994e+01 2.807704358088490793e+01 4.881938413582089709e+01 6.346607628310010085e+01 5.516876557861134245e+01 5.152698722639132711e+01 3.174010261917520026e+01 3.068640963110774322e+01 3.914643009995580769e+01 5.301242417168696619e+01 7.292514664148544057e+01 6.675306788567316119e+01 5.217446706757250041e+01 3.197555599522090120e+01 2.791455578081982836e+01 4.246696335898055708e+01 2.380031399974034656e+01 4.384736136807317308e+01
0.000000000000000000e+00 2.156655463953534024e+00 2.014531630179292421e+01 1.641551567321175042e+01 2.981113031003699021e+01 2.117204648676144885e+01 3.475470203142988623e+01 3.773297671534147923e+01 3.773297671534900388e+01 4.081020670519933446e+01 6.080927227110716160e+01 6.578593806470891536e+01 6.727920632017810476e+01 7.576232609439442456e+01 7.704184917248834097e+01 6.851203265672786813e+01 5.231614362375179184e+01 6.851203265672786813e+01 5.822791911345060356e+01 3.718979350733631151e+01 4.881938413582089709e+01 3.675410268347886245e+01 5.778846622123717935e+01 6.304738560583002993e+01 4.309347028977618521e+01 5.152698722671935627e+01 3.582257128275516322e+01 5.558798054612300632e+01 6.708884315562494294e+01 7.269391655595076429e+01 5.250578093482070585e+01 3.818496306653875649e+01 5.217446706757250041e+01 4.805419067864225013e+01 4.483699718841126725e+01 2.474787021952711541e+01 4.483699718841126725e+01
0.000000000000000000e+00 1.999999999999964473e+01 5.261257391583367138e+00 7.483479179887416066e+00 9.824300396329418206e+00 1.223201083357401409e+01 1.477198724718226330e+01 1.775327472518922178e+01 2.668893099213448039e+01 4.586618558406521373e+01 4.945342205261418655e+01 4.578277284020047233e+01 6.578593806470891536e+01 6.887038868022905547e+01 7.594452722738803629e+01 7.967408821677936714e+01 7.154695572863613506e+01 7.152809163076848620e+01 5.049867242713217053e+01 4.932905497192311373e+01 6.483605132355388889e+01 4.369329601660356133e+01 6.483605132355388889e+01 7.130211961812250365e+01 5.461082681752248646e+01 6.159140267776384547e+01 4.168030400899551324e+01 6.159140267776384547e+01 8.005089226366001753e+01 5.990298451301053717e+01 4.557836137959303358e+01 5.841874895873595364e+01 6.675306788567056060e+01 5.300129340026671798e+01 3.348857062548974994e+01 2.571260683217461818e+01 2.725167882888221982e+01
0.000000000000000000e+00 1.999999999999964473e+01 2.626447504383973808e+01 2.161824132520592556e+01 2.395759335968543979e+01 3.221697145450468014e+01 2.371037908533521943e+01 2.371037908533521943e+01 2.246562073797631598e+01 2.589281328974900021e+01 2.947933639784172399e+01 4.945342205261410129e+01 5.987464502631961238e+01 4.875175528458780150e+01 5.584552454085110895e+01 7.013017475351340124e+01 9.034237483160300997e+01 8.000147808924717197e+01 6.546735666930430853e+01 6.431462587623079230e+01 7.336522393693989841e+01 5.433494928222106068e+01 7.336522393693989841e+01 8.281740828001443333e+01 7.457193923117901591e+01 6.864475418063551615e+01 4.869486346954403189e+01 6.864475418063551615e+01 7.588974851579354208e+01 5.571859161711590502e+01 5.728266058857778376e+01 7.412335304031249450e+01 7.435926663364834610e+01 5.300129340024470537e+01 5.233344800118352680e+01 4.583276859889266319e+01 2.709786464248921689e+01
0.000000000000000000e+00 1.414213562373107536e+01 3.414213562373178235e+01 4.160391241557053377e+01 4.394281860346740842e+01 5.197571806814716666e+01 3.524019303239351331e+01 3.036751156284216790e+01 4.244096799850675694e+01 4.586618558406686930e+01 4.945342205261416524e+01 3.523712487352391776e+01 3.981129458735897941e+01 5.987464502631964791e+01 7.605026374521152377e+01 7.234368973329678454e+01 9.254262679209290354e+01 8.576631573193408542e+01 8.616000017268410716e+01 8.503674351143511956e+01 8.377322674829646587e+01 7.533715336488695868e+01 8.377322674829646587e+01 9.417893025794678863e+01 9.202812661467694966e+01 7.689288746328936952e+01 6.021130380238749780e+01 7.689288746328925583e+01 8.418925130558058356e+01 6.476951179932744651e+01 7.744476849182454714e+01 8.574171221503732454e+01 7.497159090256276670e+01 5.997356587048133747e+01 3.889695767692468564e+01 3.086641543594278403e+01 4.725655160135980992e+01
0.000000000000000000e+00 1.414213562373107536e+01 3.414213562373178235e+01 4.638684511920462938e+01 5.467111636666624008e+01 6.352152245833171662e+01 5.523205233771287936e+01 4.189639970435011662e+01 4.299822033155763989e+01 6.300299523592989459e+01 6.350823763293782775e+01 4.676449278081703653e+01 5.382139649225667455e+01 5.400623331877149269e+01 7.425491722975237963e+01 9.254262679209290354e+01 8.000444744893245286e+01 6.595060588166198556e+01 8.000444744893245286e+01 8.840743709299474062e+01 8.018984057988600966e+01 8.840743709299474062e+01 9.417893025794678863e+01 7.482550824373048215e+01 7.272241547769409920e+01 8.647720408623234789e+01 8.016506163887773084e+01 8.840147780963044966e+01 9.317040107374252500e+01 7.640842389985185434e+01 8.771467987669160493e+01 7.609093875663650408e+01 6.663925112654519012e+01 4.642098581988099681e+01 3.478996339271287042e+01 5.106783221135012951e+01 5.001494067720076941e+01
0.000000000000000000e+00 1.999999999999964473e+01 3.373773447853133689e+01 2.638684511920534348e+01 4.052898074293579356e+01 6.052898074293508301e+01 7.019050635507784364e+01 6.189987861349510467e+01 6.300299523592989459e+01 6.300299523592974538e+01 7.505971286005436127e+01 6.677555079193606957e+01 7.289296588802874055e+01 7.419576524881875912e+01 8.258743053664862543e+01 8.216930595456676656e+01 7.175449292278163682e+01 5.178332852662853014e+01 7.175449292278163682e+01 7.855372142988808548e+01 6.053692043192747718e+01 7.855372142988808548e+01 7.734628288062958745e+01 6.928236181934721571e+01 5.908444046940616090e+01 7.272241547769409920e+01 9.202812661467694966e+01 9.846168128812973919e+01 1.047344547397701859e+02 9.646707881672608664e+01 7.940003570674912226e+01 5.924244523034949594e+01 4.752795643772159906e+01 4.212131115718203489e+01 3.826564964700767035e+01 5.847334137519676034e+01 5.837815655743979448e+01
0.000000000000000000e+00 6.666666666666637653e+00 1.373773447853205099e+01 3.373773447853133689e+01 3.907512455239086790e+01 4.510536785126091530e+01 5.217643568042277735e+01 6.046071231588279460e+01 7.200772145059418960e+01 8.302009043395143806e+01 7.393319826935591266e+01 6.526118849769613917e+01 6.254419041053458272e+01 7.121640059326692551e+01 7.308527972022163510e+01 7.383826324543774433e+01 5.382641452050260966e+01 4.406907699212317908e+01 6.420610229640898581e+01 7.036338050590670434e+01 5.059454662031070882e+01 6.897781483304055428e+01 6.927598210183690242e+01 4.968163426953932316e+01 6.362168964546592065e+01 8.287743546304707820e+01 8.244408643765123657e+01 7.884421414297787578e+01 9.846168128812973919e+01 8.887731309117296519e+01 6.877297168248377091e+01 5.710050828857038141e+01 6.385622868605569380e+01 4.364396726269934135e+01 5.256178150233471058e+01 6.681290955108750040e+01 7.266967821433902941e+01
0.000000000000000000e+00 4.467253523209301136e+00 9.055257831485066689e+00 1.390537122284156091e+01 1.906858942437942162e+01 2.510531343435428653e+01 3.217643563150198815e+01 4.372344101529503746e+01 6.372344113104161067e+01 7.476278508155017732e+01 6.526118849769613917e+01 4.447121549982247046e+01 4.178775633605054907e+01 5.920220688458918090e+01 5.229375718733498957e+01 6.700853178065582938e+01 5.749376052831372164e+01 3.722961131681972091e+01 5.749376052831372164e+01 6.337323762360752966e+01 4.339310598937018426e+01 4.906853828372629778e+01 5.753191379120061555e+01 4.438944790818547403e+01 6.421220781310063330e+01 7.198374617101913486e+01 6.287458172424472735e+01 7.670338718263046474e+01 9.630336043662742895e+01 9.718552743827535778e+01 8.558615012326427518e+01 6.721514872435386678e+01 6.779790463090640174e+01 4.762263997684944883e+01 6.779790462427256159e+01 8.106403414294511833e+01 7.372897539861865823e+01
0.000000000000000000e+00 1.999999999999964473e+01 2.906043765012286073e+01 3.391114865027458336e+01 3.317249381060435809e+01 4.510536785126091530e+01 5.217643568042277735e+01 6.046071231588279460e+01 6.878447868512789398e+01 5.445338994523719123e+01 6.878447868512789398e+01 5.056045761021449891e+01 2.997391425187052505e+01 5.056045761021449891e+01 3.778983707866286323e+01 5.668792126112543173e+01 5.226131408754497443e+01 3.195674673381004638e+01 5.226131406948396574e+01 5.726355124868476310e+01 3.688796820855931458e+01 3.464150765779619690e+01 3.731449745196649559e+01 4.062496456472043604e+01 4.635182573241084469e+01 5.224399607699876924e+01 6.624979284777867861e+01 8.582673405000036837e+01 1.036965568672508908e+02 1.073861850862910075e+02 8.732498338365930124e+01 8.732498352207289827e+01 7.197131603055937887e+01 5.187018828151532546e+01 7.197131603055937887e+01 8.862127591765238321e+01 8.203997477410165118e+01
0.000000000000000000e+00 1.999999999999964473e+01 2.816647002602932659e+01 4.817602196684620708e+01 5.321716456982599652e+01 5.862111481637951726e+01 5.318447353044630432e+01 5.852124961394995495e+01 5.966564540575558340e+01 3.994819591896881406e+01 5.966564540575558340e+01 4.435338124203175880e+01 2.388298382869284708e+01 3.632423079123259413e+01 2.763509119730075980e+01 4.060041591228827684e+01 4.105899333735376189e+01 2.718594442900426245e+01 4.747527478936202527e+01 5.128438903380562408e+01 3.098221135334484444e+01 5.128488376509351099e+01 5.753191379208191591e+01 6.075798529480817933e+01 4.658298453537885564e+01 6.651058926122823323e+01 8.012060554866110351e+01 8.764449196244422069e+01 8.403687269626786360e+01 1.036965568664147952e+02 9.350768993318159517e+01 7.353077924844288304e+01 6.196861722018436325e+01 7.197131603055937887e+01 6.048464231009130287e+01 8.038104480064411916e+01 9.246188973337903860e+01
0.000000000000000000e+00 8.164965841877817709e+00 2.230721292932480893e+01 4.231179526365519905e+01 4.867364833577339311e+01 4.073074700760314926e+01 3.550776394360167387e+01 3.994769545668955857e+01 4.153084876219980259e+01 3.064073864528718971e+01 5.123092370775242443e+01 4.286223396871490365e+01 3.455438252976209412e+01 1.600809565616846086e+01 3.623935903870916064e+01 1.954200921536418889e+01 2.083061909294699632e+01 4.105793948638871171e+01 4.438398713407794105e+01 4.579220563310694558e+01 2.868389290707022710e+01 4.308707322008581997e+01 6.317666690542783670e+01 7.465605694844377638e+01 6.651058926122823323e+01 5.302406267981459109e+01 7.274777460862047462e+01 6.811049368012044170e+01 8.764449196032974498e+01 1.071728464777742573e+02 1.017975998895454666e+02 9.025769091190940685e+01 7.353077924844215829e+01 8.726833484156256304e+01 6.755479510416176936e+01 8.726833488237703307e+01 8.392263808972622030e+01
