MOVIE_S1_data/elevation_000374.asc
nrows	100
cellsize	150.0
xllcorner	0
ncols	100
yllcorner	0
NODATA_value	-9999
[rows 17 to 33 of 100, columns 0 to 36 of 100]
0.000000000000000000e+00 2.010075630568008087e+00 4.030380720774372705e+00 6.082337438100205773e+00 1.608440684462371451e+01 3.139280331574448013e+01 2.519209822185333181e+01 4.201182560035523750e+01 5.199098400278526810e+01 3.774291135174402001e+01 2.856265778331126626e+01 4.866596094626456193e+01 4.058081768682118451e+01 4.576359907286661155e+01 5.210821760249571355e+01 5.920511058729552190e+01 7.084994073509903956e+01 9.112053789787123037e+01 9.318459808343807538e+01 8.111754807792439692e+01 6.115852584938732406e+01 5.192012393715837959e+01 7.187683891528284619e+01 7.419400206501400419e+01 6.811568968019989256e+01 4.815647449282565873e+01 5.918965602744743393e+01 4.244395128981130227e+01 4.492201411808754585e+01 4.825238528992574771e+01 6.820891541050259832e+01 7.689130446413098241e+01 8.515713032838502272e+01 9.927233307971742704e+01 1.073959865578395210e+02 1.156449357737077719e+02 1.191749744033536302e+02
0.000000000000000000e+00 1.999997786734829219e+01 2.404717819904105625e+01 2.610460475661381707e+01 2.610385549996820487e+01 3.243851212936492345e+01 4.527336507629161844e+01 5.361382753778952548e+01 6.623905654930196363e+01 5.623596445133414790e+01 3.832606812594221424e+01 3.423392462329602637e+01 5.433582747055432094e+01 5.699292063365751204e+01 7.227121395061475084e+01 7.941730316931021605e+01 8.779659294761857780e+01 8.674341854363051141e+01 9.504552858214157141e+01 8.938063747708989126e+01 8.014208366326204214e+01 6.189680107836910850e+01 8.014208366326204214e+01 7.878439033511772038e+01 5.882507902874162653e+01 6.811568967983951950e+01 6.842432829152154738e+01 4.846708362066586062e+01 6.488282687009584038e+01 6.820891541050259832e+01 5.316868752181535029e+01 5.693960164379323885e+01 7.104339879554125048e+01 8.997046886985042136e+01 9.823285903148882880e+01 1.097572111155409829e+02 1.111934648259554166e+02
0.000000000000000000e+00 1.999999999999964473e+01 3.373773447853008634e+01 4.202200572130427503e+01 4.616568364829146276e+01 5.251009286836642076e+01 6.079947664196423318e+01 6.474774731969219488e+01 7.309305675275436442e+01 6.561293685179578006e+01 5.156557839078629257e+01 4.843377604149516458e+01 6.269412033435450127e+01 7.717924234353685620e+01 8.555082145702372998e+01 8.712314207665042431e+01 8.343326199292559409e+01 6.660140068139332925e+01 8.343326199292559409e+01 9.322956474529692628e+01 9.012076005564243530e+01 8.185687675219658388e+01 9.012076005564243530e+01 8.704792741735946038e+01 7.034643510767180885e+01 8.704792741735946038e+01 7.507594160621562196e+01 5.512110235348336573e+01 7.507594160621562196e+01 8.138583661871906827e+01 6.468419529215798036e+01 7.689125616601263857e+01 6.294983222452663085e+01 6.999855205609553366e+01 8.152842889343332899e+01 1.015025149912366658e+02 1.107654428343872013e+02
0.000000000000000000e+00 6.666666666666637653e+00 1.373773447853205099e+01 2.528473986232436133e+01 3.942687548605481140e+01 5.942687548602219749e+01 5.572468283900887087e+01 4.458776943639482226e+01 6.145582193666187720e+01 7.719826469682446657e+01 7.110444782534013086e+01 6.858464007641255478e+01 7.041925088147760903e+01 7.885578747921616127e+01 8.121720336957075403e+01 6.700124867903200254e+01 7.511440657110613017e+01 5.501238922699134548e+01 7.312719494761888939e+01 7.312719494695865308e+01 8.635644853761149875e+01 7.803989714004785583e+01 8.405579332546766125e+01 8.761756849063300479e+01 9.031085153180448799e+01 9.857025269964752567e+01 8.334078755015281104e+01 6.509449597675572363e+01 8.334078755015281104e+01 9.291126362712492437e+01 8.464544105588976208e+01 7.235161411080891014e+01 7.292274725432592675e+01 8.997041778357014152e+01 9.823285903148882880e+01 1.074629333400066855e+02 1.053328721709276721e+02
0.000000000000000000e+00 1.999999999999964473e+01 3.373773447853008634e+01 4.202200572130427503e+01 5.278575114422238101e+01 4.448304066084363484e+01 3.560144811750327420e+01 3.299412190372466114e+01 5.310837866191348411e+01 5.842316284064092002e+01 7.167671495343566335e+01 6.701563453333267262e+01 4.985345428529083733e+01 6.701563453333267262e+01 7.289481480488161935e+01 5.280850856688549300e+01 6.019111930653841114e+01 4.745423320364752584e+01 5.304075835291291696e+01 7.312719494761888939e+01 7.475216230511735205e+01 5.793186978971918677e+01 6.392417285038438024e+01 6.746912551280462367e+01 8.169484921678039768e+01 9.592057145109498606e+01 9.332001577667020342e+01 8.505738723567567661e+01 9.332001577667020342e+01 1.049545467684413182e+02 8.498522940147267946e+01 8.388402092043362757e+01 8.704816845501746059e+01 1.011517027013652665e+02 1.074629333400066855e+02 8.783200661157304978e+01 8.567739190271750260e+01
0.000000000000000000e+00 1.414213562423893755e+01 3.414213643199232706e+01 3.879604053192208823e+01 3.971199308600295552e+01 2.445215193037989820e+01 2.143143172130081098e+01 4.149540710802393306e+01 5.176520077730927483e+01 4.470025994314472229e+01 6.392226285684893838e+01 5.854558264054221439e+01 3.852238621326235801e+01 5.854558264054221439e+01 5.976376792090712797e+01 6.019105455702344898e+01 4.014950664743837905e+01 4.038146212843537342e+01 6.042341700465235732e+01 5.942708713927326869e+01 6.194992661903093989e+01 4.639268983225728249e+01 4.976468802184534468e+01 5.328931486312464472e+01 6.746912551280448156e+01 8.336220175784497144e+01 8.826009635692717836e+01 9.656568286869969597e+01 1.066270626294933521e+02 1.132058403656417340e+02 9.911309300264026945e+01 9.801305605617388039e+01 1.070126561827828624e+02 1.077841799394138889e+02 9.967813143460297454e+01 9.143434878579780900e+01 7.119948067835150596e+01
0.000000000000000000e+00 1.999999989008265544e+01 2.318877418997933759e+01 1.865123427247913668e+01 1.995701965686274448e+01 1.290310178615504988e+01 3.291923325491006125e+01 4.945906750082285441e+01 3.215732931379407233e+01 5.176520077730927483e+01 5.103546549446912906e+01 4.270907390811695592e+01 3.188453084048171604e+01 5.146631282582161049e+01 3.970814204673550307e+01 4.743607988680680876e+01 3.306172364448453038e+01 5.310323028147635682e+01 5.591438241101241147e+01 3.940158910698992401e+01 4.192550902987405692e+01 4.639268983225728249e+01 6.643052213125773164e+01 7.337046782971455627e+01 5.893557519009419110e+01 6.319953391235473816e+01 6.806555958625168046e+01 7.816918320169199319e+01 9.247688493227661866e+01 1.125324007399921271e+02 1.190569924513390418e+02 1.179593487108375740e+02 1.135346070789461521e+02 9.393859129602353164e+01 7.928782398804038678e+01 8.678216869015695067e+01 8.061835682550878346e+01
0.000000000000000000e+00 1.999999999999448619e+01 3.172435568449371690e+00 4.496938800389942870e+00 5.833176129480983185e+00 2.583120204177837564e+01 3.609626337881307734e+01 4.485074199255946326e+01 2.509007011002736576e+01 4.427014625769225376e+01 3.648035106941580352e+01 2.334614364371810424e+01 4.270907390588688202e+01 4.299386352767646002e+01 2.553345208898484131e+01 2.738546596543226741e+01 4.720508343725379063e+01 5.260012608289613212e+01 3.588212132656936149e+01 4.296296332894372227e+01 6.194992661927864930e+01 6.643052213249376337e+01 5.323641405486417710e+01 7.331868367016028287e+01 7.315815906117835254e+01 7.483344223235447146e+01 8.826009635692717836e+01 7.758954918707252091e+01 9.190033767201222759e+01 1.119616238184457160e+02 1.170402803597465038e+02 1.091679852670198585e+02 1.088629275077824730e+02 1.011409984912175446e+02 8.083454664675076629e+01 6.447409714654573065e+01 7.623950096327929771e+01
0.000000000000000000e+00 1.307440627853965864e+00 1.285280695906727999e+01 2.449116713869170070e+01 2.583120210526049831e+01 7.818087431983810731e+00 2.781558393181761346e+01 3.126865180905040020e+01 1.876620418648974109e+01 3.415066028620673677e+01 1.646527665769793458e+01 1.804129736391964300e+01 3.807179689629953145e+01 2.294914903515242344e+01 4.299386657830817171e+01 4.735993891399002109e+01 3.041015562697500130e+01 3.260146832179821530e+01 5.264313011922349261e+01 6.299774871224462203e+01 5.450751517151763892e+01 7.459562341124400575e+01 5.839232743019886129e+01 7.851410427908454892e+01 9.332027604950496880e+01 9.501270403782521612e+01 1.032989553351303300e+02 9.190033767201222759e+01 9.190033767201222759e+01 1.119616238184464265e+02 1.091679852670198585e+02 9.093859387601943922e+01 9.055949021530371112e+01 9.055949021530369691e+01 8.585414155073441123e+01 7.626604291436889582e+01 5.349221747693263040e+01
0.000000000000000000e+00 7.337010713078236712e+00 2.712764498937363911e+01 3.275307372868640954e+01 3.609973249645585724e+01 2.781581021805041232e+01 9.827744214698668657e+00 1.127075862316797306e+01 1.273684249121487433e+01 1.425704174184346407e+01 3.428070529056709148e+01 3.359144494641817857e+01 2.039824360788042057e+01 2.595163900842612037e+01 4.599387514533122356e+01 5.889754362950240107e+01 4.501260626832729628e+01 4.658472132523329634e+01 4.676927792314655363e+01 6.682410200662019406e+01 6.870074931767943838e+01 7.459562341124400575e+01 7.851410427908454892e+01 6.657893269258298119e+01 8.674815466565563327e+01 9.752479078043985794e+01 1.175446956772217817e+02 1.119616238184457160e+02 1.119616238184464265e+02 1.202071617499611449e+02 1.067572992089368142e+02 8.860637632791626572e+01 7.819478914487011423e+01 7.233575319932761261e+01 6.755601330905395230e+01 7.933280906993702786e+01 7.308613534929857281e+01
0.000000000000000000e+00 1.673238284533001163e+01 3.382445359105196303e+01 5.229355040885572237e+01 4.401368355848204317e+01 2.397238599459996777e+01 2.982585767527585219e+01 2.126949058818653882e+01 3.284085847906581535e+01 2.320203043763544670e+01 4.274931992256797031e+01 3.185352565148836490e+01 4.043772537439741654e+01 4.599387514533123067e+01 3.491629695898082986e+01 5.486906888735330057e+01 6.666296701521282841e+01 6.567876284148317723e+01 6.680054842536161175e+01 7.513182749711037900e+01 8.882710839753220000e+01 9.470364925844158677e+01 9.505421736472118255e+01 8.085048472027357036e+01 7.736355071871130917e+01 9.165010352650951120e+01 1.117075404235787630e+02 1.090319785514599147e+02 1.007554010316695923e+02 1.090319785514599147e+02 1.146021791978809432e+02 1.039894371178829147e+02 9.627785899753985177e+01 9.055949021530371112e+01 7.957793534232560262e+01 6.139090837242135734e+01 7.393000435868623299e+01
0.000000000000000000e+00 1.414213562373082489e+01 3.414213562373011257e+01 4.906209201027087374e+01 5.253336360087571677e+01 4.407633936149763798e+01 4.955211520419631199e+01 4.126791865774333701e+01 4.955207860377957729e+01 3.479382142606635853e+01 5.201439445790128957e+01 4.170816244076044654e+01 5.986578026347955017e+01 6.323098233452004280e+01 4.647923674706058250e+01 4.907869009057342424e+01 6.911124526452518069e+01 8.026074880280911827e+01 7.197563808552804687e+01 8.026074880280866353e+01 8.771868300498425697e+01 7.943590648725754022e+01 8.771868300498387327e+01 1.009863894341971644e+02 9.752479078043984373e+01 1.058035125511193399e+02 1.016370310242024289e+02 9.335861024855921642e+01 8.075708777679258787e+01 9.903529504942181916e+01 1.105778750371502781e+02 1.120837180728040039e+02 1.015012451516062697e+02 9.380509208211573480e+01 8.720424659551937907e+01 7.393006821744998547e+01 5.600112507661671657e+01
0.000000000000000000e+00 8.958553033089348361e+00 2.058990642829497375e+01 4.075785585351069074e+01 5.277961407376924541e+01 6.087125466032759391e+01 6.235289166400369965e+01 5.407797849817784197e+01 6.235289166400369965e+01 5.560975235715196163e+01 6.417077132350442525e+01 5.569083067697955158e+01 6.962456857337491556e+01 7.478797725005095742e+01 6.651202582097195659e+01 6.911124526452518069e+01 7.738327457846658319e+01 7.025426046718439466e+01 5.195812577087419726e+01 7.025426046718439466e+01 7.771261383032189940e+01 5.941724553928463592e+01 7.771261383032189940e+01 8.786991553973130920e+01 8.677924109896785865e+01 9.505964391976895911e+01 8.888076238956064401e+01 7.335344459064256739e+01 7.074875352406178308e+01 8.230444375195502005e+01 1.023016188029621105e+02 1.042456691623419545e+02 8.616205919905101496e+01 7.599129699636836222e+01 8.352029269406877177e+01 7.607291472455464998e+01 5.971824017231005399e+01
0.000000000000000000e+00 1.999999999999964473e+01 3.698442781382490097e+01 3.877216126914247241e+01 3.297009497381093013e+01 5.277961407349702228e+01 5.238569135950665157e+01 3.416139196498585306e+01 5.238569135950665157e+01 5.725179443565065185e+01 6.555251843934576073e+01 7.545590796685817736e+01 6.919577452562650421e+01 6.086912919355577856e+01 6.917023958385483695e+01 6.925348602178442547e+01 6.094436010540580639e+01 6.196688192820107588e+01 4.196774990457186050e+01 6.196688192820108299e+01 6.942657601327104544e+01 4.940765284963183035e+01 6.942657601327104544e+01 6.785793192365966320e+01 6.676641684520879494e+01 8.301538746839753458e+01 6.887025208105200136e+01 6.179063423004612332e+01 8.180862247077796212e+01 9.903529504942181916e+01 1.058570453365762631e+02 9.533483656173002885e+01 8.768969004155533753e+01 8.231014347837566447e+01 6.589121459809940973e+01 7.771966000559071119e+01 5.866359037462101611e+01
0.000000000000000000e+00 1.839454307618607842e+01 2.795385232447802792e+01 1.903121694466646474e+01 3.863140906490200166e+01 3.686374553634993845e+01 3.415687792025099156e+01 2.419407060892011785e+01 4.411968523158184041e+01 3.734754541248467063e+01 5.403788641855035024e+01 6.576522861910260076e+01 5.919990076466056195e+01 4.098307972355257789e+01 5.911798723602608163e+01 6.093271796980595667e+01 4.093224056913572184e+01 4.678305875635375344e+01 3.533170448818794540e+01 5.137017815013062005e+01 5.380850915889106290e+01 4.275176680527253126e+01 5.929967406885315029e+01 5.369560437510378392e+01 5.519992519344050663e+01 6.855077306280264793e+01 5.470433933306916430e+01 7.473119485541093354e+01 9.009030521451464324e+01 1.014774359435106135e+02 9.808061795494671742e+01 8.008300287116728100e+01 6.984775255197783395e+01 6.457219501327939781e+01 5.974987393672262215e+01 7.210581406281369254e+01 6.723188998515800563e+01
0.000000000000000000e+00 1.045614789330176642e+01 8.681856898490407204e+00 2.349697284503575645e+01 2.461336870672793253e+01 1.824557820332855229e+01 1.410689471325437516e+01 3.415687789941020469e+01 3.557861185051994823e+01 2.541442403725867294e+01 3.734853720193779480e+01 5.729284491978823723e+01 5.092199998275976469e+01 3.107927495417264652e+01 5.091707584176405987e+01 5.183556377167205653e+01 4.365670590298626053e+01 2.683072152102454666e+01 2.903900448513462251e+01 3.142116931940458358e+01 3.384990967910464832e+01 3.655121261111701614e+01 3.930454782020505888e+01 4.214601906599875747e+01 4.518752286769844773e+01 4.852040515294048362e+01 5.560520894201256681e+01 6.318008308891262459e+01 7.319378401106182253e+01 9.319899622662454419e+01 1.004661148405275810e+02 8.239752161118110507e+01 8.768969004155533753e+01 8.096138407812996718e+01 6.322345524404749995e+01 5.431490207944305126e+01 6.462330659858135107e+01
0.000000000000000000e+00 1.073656322744557690e+00 2.148864451627007899e+00 3.241596440207151542e+00 4.340990143207436702e+00 5.445812260137983252e+00 2.573524418044105389e+01 2.853304982254602251e+01 8.699820138168741224e+00 3.557861074573266791e+01 5.121277685691254078e+01 4.664492211306088620e+01 3.873633586561708597e+01 2.442227240498225171e+01 3.945962729226284438e+01 4.064333729181117150e+01 2.380340389935570755e+01 4.377478793924106526e+01 4.898581554184089271e+01 5.137017815017150468e+01 5.380850915889106290e+01 5.652684895522421016e+01 5.929967406885315029e+01 5.629443990230068096e+01 5.934846783665422265e+01 6.008915030637869847e+01 6.855077306232983858e+01 8.319639011884311230e+01 9.147765490443332226e+01 1.014774359435106135e+02 1.082721515122788958e+02 1.004661148405275810e+02 9.909286195589494639e+01 8.096138399179049827e+01 7.361044227740629253e+01 5.699279226680022958e+01 4.906536279199195860e+01
