MOVIE_S1_data/elevation_000566.asc
nrows	100
cellsize	150.0
xllcorner	0
ncols	100
yllcorner	0
NODATA_value	-9999
[rows 17 to 33 of 100, columns 0 to 36 of 100]
0.000000000000000000e+00 4.472135954999597374e+00 9.060450632410873339e+00 1.406045063241091597e+01 1.960745259466330381e+01 3.115445797866663824e+01 5.115446528476103794e+01 5.999228576271094227e+01 4.344443837279892051e+01 5.999228576271094227e+01 6.408424109928500911e+01 4.447580531079002242e+01 5.571852655033616486e+01 7.419931685007114197e+01 7.519207718600299017e+01 6.734849661860853587e+01 5.078300324708175850e+01 3.918346568517640094e+01 5.078622467555009479e+01 7.091235381496836965e+01 7.485384003801200947e+01 6.133510723162602574e+01 4.130446592907261305e+01 6.133510723162602574e+01 6.745148020280878143e+01 5.723655974128971025e+01 3.722353031102957033e+01 2.304099875152707000e+01 4.246725997049476575e+01 3.198446942909044566e+01 5.207757784186104999e+01 6.665294513507025442e+01 7.498223370703234991e+01 8.503084320676791208e+01 8.473946745334886543e+01 9.298376932872498912e+01 1.044419855587302948e+02
0.000000000000000000e+00 1.999999999999964473e+01 2.906045230613832686e+01 3.406045286404751948e+01 3.960745568279293849e+01 3.115445797866663824e+01 4.270146336717094471e+01 6.270148064242773955e+01 6.314287494371217946e+01 7.140861173003939655e+01 7.315166009021896798e+01 5.890055196740771493e+01 7.315166009021896798e+01 8.428170254959717056e+01 9.090817302740124717e+01 7.085044710569577830e+01 6.433273849615507345e+01 4.420596810373723429e+01 6.433273886737326563e+01 7.926647307174329171e+01 7.548157931705432588e+01 5.547544663410924670e+01 5.547544663410924670e+01 6.962770092263237132e+01 7.063786631839306551e+01 5.057474993034671940e+01 4.614140411062464153e+01 2.604944347125165294e+01 2.488945905593071473e+01 4.424477852127791522e+01 5.491753370313460891e+01 6.687385965058992099e+01 8.156715335464296857e+01 7.335378421342444710e+01 6.501888560291429542e+01 7.637520243274053655e+01 9.616526595548542389e+01
0.000000000000000000e+00 1.999999999999964473e+01 3.132050465414897999e+01 3.798717132081610970e+01 4.627144256827831015e+01 5.115446528476103794e+01 5.943898610743752897e+01 7.098616870986745653e+01 7.206293161932325120e+01 6.400022321543833925e+01 7.206293161932325120e+01 7.909020667312614705e+01 7.530793362908029565e+01 7.530773974652980485e+01 8.365211402732734314e+01 7.859245154752387919e+01 5.842616677375050926e+01 5.180544085244734731e+01 6.433273886737326563e+01 8.451383751422349633e+01 8.377995521115541067e+01 7.548157931705432588e+01 7.548157931705432588e+01 7.792792725361091755e+01 6.371438820122895663e+01 5.058252580475684823e+01 3.048176523616737299e+01 4.614269837034347432e+01 4.498226931742456713e+01 2.682744269863360387e+01 3.843080858804150068e+01 5.854001513714661797e+01 6.527897547923177513e+01 5.357462304408349496e+01 6.757255791565388847e+01 8.731089914864999457e+01 9.161950972826005568e+01
0.000000000000000000e+00 5.547001962252315010e+00 1.132050465414862295e+01 1.798717132081540626e+01 2.798717132081558390e+01 4.212930694454703229e+01 6.212930694454773572e+01 6.347907969400956318e+01 5.554624156343510322e+01 4.550101142583424263e+01 6.267187467424730585e+01 6.923767704251341115e+01 5.482334316330079815e+01 5.482334264763126441e+01 7.530773974652980485e+01 8.695846536622396172e+01 7.859245237915355631e+01 6.602895477797942192e+01 6.602895477801186530e+01 8.622637021411296132e+01 9.387505105936430994e+01 8.370837204866174375e+01 7.523525638822304984e+01 6.758764629664017320e+01 4.950084914884694598e+01 3.528498818713499219e+01 5.058252580475684823e+01 5.890893865235232596e+01 4.832403058396772622e+01 2.821855018380516356e+01 4.832403058396772622e+01 5.855527158362373541e+01 4.539631974709600826e+01 6.527891701999058682e+01 8.156715335464296857e+01 8.835090069686275172e+01 7.152823993481477771e+01
0.000000000000000000e+00 1.999999999999964473e+01 3.132050465414897999e+01 3.798717132081610970e+01 4.627144256827831015e+01 5.627144256827848778e+01 6.248786179341411184e+01 5.281310924257532236e+01 3.735294021100587258e+01 3.658808256461202291e+01 5.475061732063625186e+01 6.082308183499946352e+01 4.006254531657931039e+01 6.082162154686827193e+01 6.826460298365142876e+01 7.665299596653292724e+01 8.091679712497646904e+01 8.622637017928688863e+01 8.622637021411296132e+01 9.459263980878746736e+01 8.536791323251487995e+01 6.511934037690535604e+01 5.506354552831791693e+01 4.745759445787129494e+01 4.075392414052279833e+01 4.689203802214432670e+01 6.371438820109682410e+01 6.170135676101059374e+01 4.319210971936623622e+01 2.962286093495945849e+01 4.972890382185470770e+01 3.806354450478877283e+01 5.371870962650577752e+01 6.259997716895364306e+01 7.743089433246358055e+01 6.928126870520540592e+01 5.992983907777409769e+01
0.000000000000000000e+00 8.164965809277331843e+00 1.816496580927750770e+01 3.230710143300895965e+01 5.230710143300966308e+01 6.251177330362409634e+01 5.140048793092226020e+01 3.611544700125573826e+01 2.674647531573405601e+01 4.504233413029101030e+01 5.581310739325019199e+01 5.425772749211338919e+01 3.352034268839399545e+01 5.216403119473387306e+01 4.762045752527087217e+01 6.099433809817816154e+01 6.056809616470860647e+01 7.271684226670330986e+01 7.990146714729948485e+01 8.821308387679168561e+01 9.387505105936430994e+01 8.205810305083595324e+01 6.207285942964001890e+01 4.786448957408799032e+01 6.086036526909005318e+01 6.699390129622970846e+01 7.532009307917584806e+01 5.914761100606269650e+01 3.909181828067974607e+01 4.738781005488711173e+01 3.168188997027033338e+01 3.319369703571464214e+01 3.479231772707967707e+01 4.900330393773716509e+01 6.193832490637185373e+01 4.917206804709876167e+01 5.739200416640508706e+01
0.000000000000000000e+00 1.999999999999964473e+01 3.644923705674169412e+01 4.644923705674775505e+01 5.924797278181475946e+01 4.250626228554353503e+01 4.173860204421194453e+01 2.338318369642987449e+01 2.133903379452182136e+01 3.811522642266085370e+01 3.519549553598941571e+01 4.371885146111448961e+01 2.765993087988137944e+01 3.147295569410829685e+01 3.555527554125535517e+01 4.019487676299826973e+01 4.582267895156329018e+01 5.219108199128661596e+01 5.958027925390334190e+01 7.139362834305035221e+01 9.152339108523955247e+01 8.205810305083613798e+01 6.207285942964001890e+01 6.792640176262317198e+01 5.792143278052510169e+01 7.793137074472103620e+01 7.072981878340456774e+01 5.066884679382909695e+01 5.914555830968615879e+01 5.713377380309884046e+01 3.725415410226921153e+01 5.329815911078666346e+01 5.489177228241208439e+01 3.709449270612127236e+01 4.182562744999269455e+01 6.193842682931029486e+01 6.673240005581568823e+01
0.000000000000000000e+00 1.414213562373107536e+01 3.414213562373178235e+01 3.648913062835588050e+01 4.477300691790318155e+01 3.095807273554280670e+01 2.250421124949236074e+01 1.384402027534431667e+01 1.613817794457535371e+01 1.844758491388261845e+01 2.080466055849834106e+01 2.323033995003541818e+01 4.371885140316612706e+01 5.218566252743881506e+01 5.634310610559487742e+01 6.099433809817816154e+01 5.724261183921390028e+01 7.271684226670330986e+01 7.990146714729948485e+01 8.821308387457925448e+01 9.981679175564177342e+01 9.029640927100933823e+01 8.205810305083615219e+01 8.617311095999693293e+01 6.795813281182449828e+01 8.617311095999693293e+01 7.906991465706104805e+01 6.223640627802558356e+01 6.745795602573352312e+01 4.731691768747605664e+01 5.738743685660479343e+01 5.738743685660472238e+01 5.946022767930686115e+01 3.935128595123696726e+01 4.095626835906370644e+01 4.374112691939354391e+01 4.661391208724476343e+01
0.000000000000000000e+00 1.999999999999964473e+01 2.328208394316490981e+01 1.649025837291047125e+01 2.663283669487868721e+01 2.834308571794743870e+01 1.095726893767091070e+01 1.612124441350316673e+01 3.612186802625688387e+01 3.882660730451986808e+01 4.123284014874356984e+01 4.371885142356366316e+01 2.916320476519074489e+01 3.424961701915203349e+01 4.894712844396765661e+01 6.933062025060171152e+01 7.768760560516983560e+01 8.602101153438476899e+01 9.837300822939860723e+01 9.009793557938496633e+01 9.486501751452998121e+01 1.031473897040864784e+02 9.516960119597165146e+01 9.613521330558585021e+01 8.790460867761767361e+01 9.613521330558585021e+01 9.068331755476846467e+01 8.233203603057279452e+01 7.579147034484222445e+01 5.739623861633421598e+01 7.579147034464025978e+01 7.751742896924390891e+01 6.175252881351440237e+01 4.163766900759544143e+01 6.106846503190062947e+01 5.797142348461576233e+01 6.084693144661594033e+01
0.000000000000000000e+00 1.638463841038079183e+00 3.282453714091648767e+00 4.943363311166440788e+00 6.633671820623462168e+00 8.342387136056835573e+00 2.834308571794749199e+01 3.026342862001521183e+01 2.464916701537307020e+01 3.879158920314790748e+01 5.878633684477758692e+01 4.375920732488314968e+01 4.375920732515859157e+01 5.499137578321543174e+01 4.273348758080916099e+01 5.319617236759450662e+01 6.777887269675123605e+01 8.802107806513865285e+01 8.690494423686604364e+01 7.028210307022698089e+01 7.501464882086274599e+01 8.938436304342823746e+01 7.531550939256622712e+01 8.524255529418817900e+01 9.350503483451385023e+01 9.927833787045949521e+01 9.100068755894945127e+01 9.927833783971598791e+01 8.585215664704388416e+01 7.751967343513280184e+01 8.585215664704388416e+01 8.195868266282776915e+01 6.407571396507967165e+01 4.395634141476948287e+01 6.407571396507967165e+01 7.807036662792430093e+01 8.094117819306680417e+01
0.000000000000000000e+00 1.999999999999964473e+01 2.328208394316490981e+01 2.494277634818553935e+01 2.663283669487868721e+01 1.319309812679455618e+01 3.315630156085876479e+01 5.026539189514659256e+01 3.879170009440688460e+01 3.619614774711410377e+01 5.619945844147849812e+01 5.575602921172642823e+01 6.440431020619097069e+01 7.186091880299672141e+01 5.210041027300034244e+01 7.186091880299672141e+01 8.205150819275786489e+01 8.955972276870058124e+01 7.865725934603212011e+01 5.888596436450310989e+01 7.865725934603212011e+01 7.638670916970485791e+01 6.134982797967826684e+01 6.544028136162225451e+01 8.524255529418817900e+01 8.935359826696677032e+01 7.120693519849214681e+01 8.935359816071782291e+01 8.861433888660144476e+01 9.688386895158421908e+01 8.483949221738672009e+01 6.569493386620926856e+01 5.450582914251729250e+01 4.632594414608644229e+01 6.646651956784390336e+01 7.850406410865143414e+01 9.272291875643398384e+01
0.000000000000000000e+00 1.999999999999964473e+01 3.469169536594717584e+01 4.272253249224506533e+01 3.736530493527446595e+01 1.835715474711141582e+01 3.834893527063491803e+01 5.600667803191270622e+01 5.879528384757598758e+01 4.774459367005113819e+01 6.448258439102707484e+01 7.621807910416727339e+01 8.455924560770941412e+01 8.099966582611179433e+01 6.670445554935865573e+01 8.099966582611179433e+01 8.380355160708829487e+01 6.983152618257695110e+01 7.240502690276910869e+01 5.261344868309397782e+01 6.432514892901140513e+01 5.658775675958557372e+01 5.144321096906646318e+01 7.124023311355716714e+01 8.302504859122828407e+01 8.110381137871264912e+01 6.136827130824713095e+01 7.719078137805381346e+01 6.882815687862527909e+01 8.861433888660144476e+01 9.317900959345534773e+01 8.195868266282776915e+01 6.609672433377843959e+01 5.796346891721145766e+01 5.003559676287203928e+01 6.428520946086858601e+01 7.768407367307449363e+01
0.000000000000000000e+00 7.071180694800583311e+00 1.463187670366446724e+01 2.880654030718448411e+01 4.605860980415656769e+01 3.250559862233616570e+01 2.779017394319074086e+01 3.934719749701817193e+01 5.926985473405997595e+01 6.774913035775151116e+01 7.603008985238852802e+01 7.313333083364858567e+01 6.902593947705584299e+01 7.726281808797006079e+01 8.697771933731117144e+01 8.380355159540401644e+01 7.392556359701386270e+01 5.586438240533374255e+01 7.392556357966279279e+01 6.432514892901140513e+01 4.448128338756924904e+01 4.252773222505728512e+01 6.238673566011521388e+01 6.519221953098292488e+01 6.383563014423596371e+01 7.412624427038657871e+01 5.437302719784558747e+01 5.743905562394993325e+01 7.719078137805989570e+01 8.861433888659789204e+01 1.085479410098399455e+02 9.412186177443227564e+01 7.807366493893340476e+01 7.776471144085236631e+01 5.766077569556068028e+01 5.415419691525291057e+01 5.756606487203964662e+01
0.000000000000000000e+00 1.999999999999964473e+01 3.469169536594717584e+01 4.300320185842752352e+01 5.719986340944232950e+01 5.245997409209755347e+01 3.934719749701817193e+01 5.600667803191137040e+01 6.750001947695572824e+01 7.142528668723436169e+01 6.318887340774129768e+01 5.330159620167856360e+01 4.919441410832505568e+01 6.580394014723094642e+01 7.726281808856106181e+01 7.560978118206885767e+01 5.586438240533374255e+01 4.587588944515876932e+01 5.762878397083441939e+01 6.582832013496822299e+01 5.707919373891827064e+01 3.717093965041668469e+01 5.355227609630441776e+01 4.541664551836899477e+01 5.611666692554755542e+01 6.190874735156651809e+01 4.807622425328921167e+01 6.208918789432761542e+01 8.185933038269774897e+01 8.980112962629698359e+01 9.141231203643387460e+01 9.971000184557902912e+01 9.814025213384533686e+01 8.607702087062395435e+01 6.773158015431368995e+01 7.428312435375009670e+01 6.275315759702529306e+01
0.000000000000000000e+00 1.999999999999964473e+01 3.132050465425510311e+01 3.798717132105566208e+01 4.627144271681488874e+01 5.627144304937036168e+01 5.926985473405997595e+01 6.750001947695038496e+01 6.406995117823272778e+01 5.583560059169781908e+01 4.333036757926578986e+01 3.923718324240861222e+01 3.769679426668483302e+01 4.919441410832505568e+01 6.902593947705591404e+01 8.380355158941456750e+01 7.392556359398275845e+01 5.762878397083476756e+01 3.707507742495472769e+01 5.036548533642804415e+01 4.851315203588611524e+01 3.354191089196123698e+01 3.360794391469252673e+01 3.578252434248202718e+01 3.804094677595035279e+01 4.204779689892493622e+01 6.190874735179097144e+01 6.825682399816530221e+01 7.192877216510335359e+01 6.991933271052216980e+01 7.145497791484039851e+01 8.817493332560999875e+01 1.034363030154415100e+02 9.611047559635912307e+01 8.193198386867531724e+01 8.915272957479828619e+01 6.912085947805189790e+01
0.000000000000000000e+00 5.547001962252315010e+00 1.132050465414862295e+01 1.798717132081540626e+01 2.798717132081558390e+01 4.798717132170714450e+01 6.065302189709040448e+01 5.484107262247505332e+01 5.583560059169786882e+01 3.593336834552544445e+01 3.180163469739179760e+01 2.770300053900536952e+01 4.763649861683157383e+01 6.182789238056724912e+01 7.255651951156566781e+01 8.078814150666833882e+01 7.745575386199776347e+01 6.390300862861212039e+01 5.034173974531280038e+01 2.710986670509679541e+01 2.842732891749609081e+01 3.052871513860635488e+01 5.054555489436356908e+01 4.989602541777491496e+01 5.793655726107195392e+01 4.200835745739097149e+01 4.521410550802501405e+01 4.845908616760327448e+01 5.210564936330863617e+01 5.587365479303651483e+01 5.994096890007093492e+01 7.988993980902452563e+01 8.330081729995626461e+01 1.034363030171021052e+02 1.019881134919598651e+02 9.622496142721961121e+01 7.622369314504598492e+01
0.000000000000000000e+00 1.999999999999964473e+01 3.132050465425510311e+01 3.798717132105566208e+01 4.627144271681577692e+01 5.627144282970383671e+01 4.079982498571062877e+01 3.498375003950076234e+01 4.325943426683878812e+01 4.116637392389596783e+01 2.161796236390958015e+01 2.213935234409983366e+01 3.369634109656902865e+01 5.359840008277698331e+01 5.273018862903946058e+01 6.933353020942054457e+01 6.624680822106049050e+01 5.010821468997940542e+01 3.609179552019073611e+01 2.609509369503470211e+01 4.605279061124478091e+01 3.816667180044006358e+01 5.806720383412496744e+01 6.972591064582650233e+01 7.008607886287180122e+01 6.186968497606773809e+01 5.141136267944311555e+01 6.825679885867201335e+01 6.051084794452459903e+01 7.574257620497868970e+01 7.988993980902452563e+01 6.681811277712102992e+01 7.848046326458725730e+01 9.273812178489966129e+01 1.128468869827987646e+02 1.044803782359715001e+02 8.778757099876980874e+01
