MOVIE_S1_data/elevation_000965.asc
nrows	100
cellsize	150.0
xllcorner	0
ncols	100
yllcorner	0
NODATA_value	-9999
[rows 68 to 84 of 100, columns 0 to 36 of 100]
0.000000000000000000e+00 3.535533905932744858e+00 7.127639946468258714e+00 1.419870775833379639e+01 3.419870781261821691e+01 4.413953179467821286e+01 5.016975892912343227e+01 5.724082723131959938e+01 6.552515961989939797e+01 7.707229590900966798e+01 6.780979097838483938e+01 4.638399431338222456e+01 3.587845530481943968e+01 2.911968013157987301e+01 4.063256049654259527e+01 3.092490649889941068e+01 1.069622043674197975e+01 2.912718330826240631e+01 3.633995055085798498e+01 3.879585957772477656e+01 5.604223019455603350e+01 5.341951361811694454e+01 3.503066371039297877e+01 5.341951361811694454e+01 5.316207446785868029e+01 4.006202714883125537e+01 1.996105986393456178e+01 3.432117231392228263e+01 3.306810376660492778e+01 3.773825424883800395e+01 1.851598310231816313e+01 3.621290217124919053e+01 3.686425068894812540e+01 2.061138741737682523e+01 3.996364031453931887e+01 5.002080960373866247e+01 5.798616930935020974e+01
0.000000000000000000e+00 1.999999999999964473e+01 2.712763998156021827e+01 2.712763998156022538e+01 2.574571314212785467e+01 3.729271852595778824e+01 5.143485415359636193e+01 7.143485517746286462e+01 7.300817343743258903e+01 8.129244467906791272e+01 7.635087601533626867e+01 6.501353886220286427e+01 5.651490386956979250e+01 4.064964018597150641e+01 2.050513039557429451e+01 2.981337401151797906e+01 1.107939545971881046e+01 3.062651029856116480e+01 4.009763180838506713e+01 4.031184011738210415e+01 5.660620549388549705e+01 6.347683489621030617e+01 5.511453421502422856e+01 6.347900201570188017e+01 5.045338250895774479e+01 2.845523946143006810e+01 3.572208487506900809e+01 5.019732095172259534e+01 5.389587898086449513e+01 4.128609253166258242e+01 2.146980853196266992e+01 4.128609721958243739e+01 4.820340325651921631e+01 3.996364031453931887e+01 2.473636652931429936e+01 4.465954254495871112e+01 5.797800726136190974e+01
0.000000000000000000e+00 1.414213562373107536e+01 3.414213562373178235e+01 4.712764050838215013e+01 4.574571327056253978e+01 5.402999081191681796e+01 5.611594321539813990e+01 6.440021446024482543e+01 5.300817343744137133e+01 6.974543929765803796e+01 7.199977042516491110e+01 6.160436792957581531e+01 5.296755940232654325e+01 4.516560640017281258e+01 3.345090609226110701e+01 1.192505180741912696e+01 1.146482150469181072e+01 2.737635920345715590e+01 2.341052289247476281e+01 4.019137014449133005e+01 5.058536235995876496e+01 5.808003309077989229e+01 6.639768099056502138e+01 7.673386334350877291e+01 5.788439783993398891e+01 3.559135184700527788e+01 5.788439783993398891e+01 6.884159383339358840e+01 5.503033872250168201e+01 3.729967417899430870e+01 2.451131902763530235e+01 4.434694062239611156e+01 5.669839352763380447e+01 5.296092990240681075e+01 4.465954254495871112e+01 2.960100106338405723e+01 4.123942333594578713e+01
0.000000000000000000e+00 1.414213562373107536e+01 3.414213562373178235e+01 4.450671184618272491e+01 3.622244059985735021e+01 4.030492350449575412e+01 3.611594321540086838e+01 4.991416266985550010e+01 4.146116805364926705e+01 6.146116805364558644e+01 6.335415943735299038e+01 4.259713203398659687e+01 3.240868899506805434e+01 2.476199155282243680e+01 1.947732338341768354e+01 2.964025129210299170e+01 3.107778095108529470e+01 1.200910353853498869e+01 1.284544024594504030e+01 1.971213902198838497e+01 2.734943600937645769e+01 3.559605492889789247e+01 4.749873119037301450e+01 6.866133502443788927e+01 6.684626485617167191e+01 4.670464130161487049e+01 6.684626485617167191e+01 6.590346369885735101e+01 4.736553394049894905e+01 3.385989861663858136e+01 3.259322908617300385e+01 3.023219096380104176e+01 3.797096928697271778e+01 5.968829047016540557e+01 4.967919372393145494e+01 4.967919372393145494e+01 3.549059286390124868e+01
0.000000000000000000e+00 1.414213562373107536e+01 3.414213562373178235e+01 3.077913006033944399e+01 1.622244059985806430e+01 2.030492350449662453e+01 2.456893783160876055e+01 2.991416266985715566e+01 3.991416266985680039e+01 5.991416266985365979e+01 7.199977042516491110e+01 5.978704328751111774e+01 3.914405190977092985e+01 3.969504491608358165e+01 3.622874102199023838e+01 3.935476738911656724e+01 2.742650191435025064e+01 2.496561985922788196e+01 1.255009793179442745e+01 1.985945999578200372e+01 4.313065607549480518e+01 5.808003309034026529e+01 6.639768315638391982e+01 7.673386705396541174e+01 7.786208456369912767e+01 6.906415437825303627e+01 7.786208456369912767e+01 6.608486119499157496e+01 4.638021395639442090e+01 5.362254945341988588e+01 4.143386333758078166e+01 5.007509381362554990e+01 3.657364415999688134e+01 5.644601416465133781e+01 6.969398119509729383e+01 6.374634230305431970e+01 5.543748660198011891e+01
0.000000000000000000e+00 1.999999999999964473e+01 2.606508485242935436e+01 1.077913006033998577e+01 1.833841952052439694e+01 3.833841952052362245e+01 4.456893783160754907e+01 4.089886945016270658e+01 4.991416266985550720e+01 5.991416266985365979e+01 7.991416266978154681e+01 6.839897900050441137e+01 5.978704328751111774e+01 6.167218989251111338e+01 5.563149251000580620e+01 5.081673880282704658e+01 3.462630797502959723e+01 1.309305657011820223e+01 2.066071231442875700e+01 3.631908624975432076e+01 3.318304000244948071e+01 4.714944862020521299e+01 6.359074311120133416e+01 8.505973740023343055e+01 7.665155471141369503e+01 6.835198439398934056e+01 7.665155471141369503e+01 7.427551171209938730e+01 6.031456879236807822e+01 6.967171796505512305e+01 5.291061990078798516e+01 6.129510333588004301e+01 4.130179928233320652e+01 5.540722743219271251e+01 7.550969319613170683e+01 6.994292261755917650e+01 4.989789063665821800e+01
0.000000000000000000e+00 3.015113445777630297e+00 6.065084852429710516e+00 2.606508485242935436e+01 3.833841952052362245e+01 3.248055514425484347e+01 5.248055514425194445e+01 6.089886945015657460e+01 6.918314069392182830e+01 7.819843391072288341e+01 8.024404179374924695e+01 6.877116337072806118e+01 6.050871333624168358e+01 5.307660007411227809e+01 4.651389910493869451e+01 4.198245901429994831e+01 3.329530917727010575e+01 1.348033809064534161e+01 3.264749009337943164e+01 4.449149080975731607e+01 5.675603439994145560e+01 6.572979550785085223e+01 6.520235356763444656e+01 6.881292998425274732e+01 6.053663645210571786e+01 4.851463399814242905e+01 6.670365099238260598e+01 7.819814571886216470e+01 8.001558485531856491e+01 8.123516513515268400e+01 7.293220598160692703e+01 6.686746386412588095e+01 4.677604943200341125e+01 6.097749120190078287e+01 8.108710778959405729e+01 7.601210480362504995e+01 5.588333457248519665e+01
0.000000000000000000e+00 1.999999999999964473e+01 2.606508485240144779e+01 2.239501647098452253e+01 4.239501647099714177e+01 5.248055514425194445e+01 6.076482638921009283e+01 6.063875705469251898e+01 6.063875705469251898e+01 8.042060853243994245e+01 7.193875271789202941e+01 5.214134377636048612e+01 4.084518992898229328e+01 3.341493248645050329e+01 2.678222209249873131e+01 2.204345681864743511e+01 3.367761281209152457e+01 1.387015206425012970e+01 2.536574740190830468e+01 4.291639285409303994e+01 4.911377299227782345e+01 5.589556647367550823e+01 4.577462426742861368e+01 5.736883407327040629e+01 4.078073443487451044e+01 3.869920041835730729e+01 5.004249869062206812e+01 6.989536950470183285e+01 8.048211107049247914e+01 7.216055197297683321e+01 8.048211107053107582e+01 7.518509905039563535e+01 5.680890140061440263e+01 6.097749121644689296e+01 8.108711571215920344e+01 8.435006428801793277e+01 6.748761506302730595e+01
0.000000000000000000e+00 1.414213562373107536e+01 3.414213562382094835e+01 4.239501647099686465e+01 4.966361283119323389e+01 4.188709731216236065e+01 4.658732402006471318e+01 4.076702988634454528e+01 5.922055426832089609e+01 6.741166030574193258e+01 7.731106700977861124e+01 6.877116337072806118e+01 5.703986891286584182e+01 3.736406788877448548e+01 4.652271087822502693e+01 3.584506889651914463e+01 1.588686081530231853e+01 1.426008068043191912e+01 3.308283175038754820e+01 3.277618774667941182e+01 3.400347032560477345e+01 4.603597386035700367e+01 3.164994051803898145e+01 4.238458519935982594e+01 2.946283061138999670e+01 4.333664521833743066e+01 6.311831141276651636e+01 6.906300146578233523e+01 6.278466076954262576e+01 5.227127869965820395e+01 7.216055197297683321e+01 8.523583307788874208e+01 7.104135757769985560e+01 8.108711571215920344e+01 8.939270688434700673e+01 9.598343341597929168e+01 8.765677434358146058e+01
0.000000000000000000e+00 1.420195945098723378e+01 3.476577944701093514e+01 4.380700838666880514e+01 2.974184367673351304e+01 2.193216855053654513e+01 2.664595095043354789e+01 3.267493881860632854e+01 3.933722757962895855e+01 4.931131656918714867e+01 6.912979196745470745e+01 7.103433275400816171e+01 5.124317219172480264e+01 5.703986891286584182e+01 5.513464674804146881e+01 3.993643237194238083e+01 2.005231480372723496e+01 3.077577716461249224e+01 1.481573747804213959e+01 2.356925799589907911e+01 3.325315191185680419e+01 3.593459498868998736e+01 2.229953040799752984e+01 2.276502538963094935e+01 4.238458519935982594e+01 5.736883387359784336e+01 6.329966557752401002e+01 4.922678891777559329e+01 4.303110767475145337e+01 6.278466076954262576e+01 6.629128182885810361e+01 8.633017715552439597e+01 9.113300708811324569e+01 9.349866209534718564e+01 9.237674673930446545e+01 1.011990407715492779e+02 9.089709900958798983e+01
0.000000000000000000e+00 1.999999999999964473e+01 2.592828827862030394e+01 2.992869230098437683e+01 1.560773698958197286e+01 3.557679476884845116e+01 4.658732402006471318e+01 5.259277870542359778e+01 5.922055426832089609e+01 6.741166030574193258e+01 7.731106700977861124e+01 7.933126759473820755e+01 7.103433275400816171e+01 6.356075856501199439e+01 4.690565210527836371e+01 2.719372197319444950e+01 3.993643237194238083e+01 4.167709153774433162e+01 2.866905020131793336e+01 1.537333349650249303e+01 1.577127066537422451e+01 1.616961462057635401e+01 1.656796286271960739e+01 2.944624233484109155e+01 4.320186368281709122e+01 5.671713059686677383e+01 4.848185472186079892e+01 3.537219966656727621e+01 5.503668106002908900e+01 7.107858560822334937e+01 8.633020144762420500e+01 9.467242610018030291e+01 8.738812874399516772e+01 7.245877507095539727e+01 7.136057537027802766e+01 8.901753828141529823e+01 7.857138623593749571e+01
0.000000000000000000e+00 2.519763153394762867e+00 6.171246868087371773e+00 9.950891551419379866e+00 2.992869230099612210e+01 3.906337418920002591e+01 4.353471583878167195e+01 4.868479603919318777e+01 5.443683773957863536e+01 6.106851352298372859e+01 6.928919240329841500e+01 7.921241117491715045e+01 6.672429263176033487e+01 4.693555228498968290e+01 3.561450722654110024e+01 4.690565210527836371e+01 5.513464674804146881e+01 5.427682540778609166e+01 3.903321607437529650e+01 1.858840472958378243e+01 3.589331149042001101e+01 3.344394501039889178e+01 3.635059133144284260e+01 1.713369338359397176e+01 3.691620551260189842e+01 4.303141380072631250e+01 2.883000884221327453e+01 3.862964657866675111e+01 5.251192884295774377e+01 7.238993778315540339e+01 7.247302595374713974e+01 7.832760849131575753e+01 7.702667238723699938e+01 5.808150453266637925e+01 5.964603526653704790e+01 8.024305454206178467e+01 6.916806038972583792e+01
0.000000000000000000e+00 1.999999999999964473e+01 7.519763034512369160e+00 1.117124643222809688e+01 1.502024686001850995e+01 1.910272353294996606e+01 2.357482818887973863e+01 2.873862119136682125e+01 3.451118079493375745e+01 4.117348617276843470e+01 5.114531003647987006e+01 7.099171700948760133e+01 7.503045427193023897e+01 5.529925806562867052e+01 4.693555228498968290e+01 6.356075856501199439e+01 6.744045970748456398e+01 5.592279643975443548e+01 4.249270791146309989e+01 2.190516031049078194e+01 4.248491532530441361e+01 4.151205759156241726e+01 2.273166491865242023e+01 1.753355358269349296e+01 3.573836983292978431e+01 2.333639273448758544e+01 4.303141380072631250e+01 5.671713059686677383e+01 6.660950408739377337e+01 6.675921982364654639e+01 5.275125036705394166e+01 5.852762469935705525e+01 6.835135991883360873e+01 4.813616727604280499e+01 6.835135991881394091e+01 7.664178209539942088e+01 6.040973052835635571e+01
0.000000000000000000e+00 1.990133302389426007e+01 2.755486051396697178e+01 2.530760164869123585e+01 2.915444223683607561e+01 3.323370505818911624e+01 3.511534679018017613e+01 4.868479603919318777e+01 5.443683773957863536e+01 6.106851352298372859e+01 6.928919240329841500e+01 7.921241117491715045e+01 8.350578511617517563e+01 7.503045427193023897e+01 6.672429263176033487e+01 6.901207679622955027e+01 5.930453096724832562e+01 3.922806167234902119e+01 2.715958513622013726e+01 3.657695833502411631e+01 5.075677118632312101e+01 5.011286588132310982e+01 4.174350565222972165e+01 3.730511641163015923e+01 1.809924325645373955e+01 3.782914264436401197e+01 4.659478555001701494e+01 5.514618277446756167e+01 6.346169737918022946e+01 5.852762469935704814e+01 3.902423873763574846e+01 5.852762469935704814e+01 6.294862242761851689e+01 4.285554581098573834e+01 5.584464791875961964e+01 6.438907514475292260e+01 4.712023608599244540e+01
0.000000000000000000e+00 1.415334447845258659e+01 3.435354398440657064e+01 4.524101436480895444e+01 4.907463446500911886e+01 5.313744046943436672e+01 5.503085613154921418e+01 6.323439949428283313e+01 7.333822651026474659e+01 6.506639920714823688e+01 6.506789340277720157e+01 7.335432792129545021e+01 8.490301966431165681e+01 9.075239475629147989e+01 7.472877973597935863e+01 5.516730900078124478e+01 4.093283701442602762e+01 3.461449747893343698e+01 3.383302744459378886e+01 5.413269432344654319e+01 6.493658403762222520e+01 6.439636564684008135e+01 4.626844261247613588e+01 2.656982796875751163e+01 3.786296706329998329e+01 1.866945042381400199e+01 3.839837399318508204e+01 3.537637180857871044e+01 5.138189524745488512e+01 4.323491585236077128e+01 3.193747314542331495e+01 4.588774472042645414e+01 6.550040930702783726e+01 5.584464769151008312e+01 3.587180966797776449e+01 4.967401300183096424e+01 4.771097320239663730e+01
0.000000000000000000e+00 1.414213562373107536e+01 3.414213562373178235e+01 4.070417978985658181e+01 4.040320770970059527e+01 4.868762826380522313e+01 5.194263603305799393e+01 6.022715150098460413e+01 6.180244777280803703e+01 4.506760480284052761e+01 4.506760634693455359e+01 5.661461769722871651e+01 7.661532879428440879e+01 8.259494876415384113e+01 6.315345371910273542e+01 5.177596291556253760e+01 5.126131764293565851e+01 5.487739057160342782e+01 4.123521785461726807e+01 6.118655843116680160e+01 7.017481928187147844e+01 5.031114109585654148e+01 3.640780800049349608e+01 4.626844286886323943e+01 4.657716795412329702e+01 3.827890218653648446e+01 1.923996699239146224e+01 3.899532424815605935e+01 4.008542477374323454e+01 2.128373853936924576e+01 4.323491583622359968e+01 5.484659988508379058e+01 6.273263498465319543e+01 6.354766572166178662e+01 4.958508330977698364e+01 2.984399445792177019e+01 2.836761506722718451e+01
0.000000000000000000e+00 1.999999999999964473e+01 2.432596299348851687e+01 2.070416376000187242e+01 2.040319075262791060e+01 3.714055285720296951e+01 3.194259337396787402e+01 5.194263603305799393e+01 5.352075481779436217e+01 3.352060047812619814e+01 5.352075481779436217e+01 7.019391852705096824e+01 6.607920306621461748e+01 7.436436350444810728e+01 7.948517425924623581e+01 6.567087601523341789e+01 6.524709890582893479e+01 6.930133801417238715e+01 5.138742722051156875e+01 6.930133801417238715e+01 7.236382568547490735e+01 5.248040139753047839e+01 5.612907773723298988e+01 5.213814210363194945e+01 4.143019384302289154e+01 2.170613652556834694e+01 2.368675489910023302e+01 1.982671259744130765e+01 2.024185829542163617e+01 2.065843928222723491e+01 4.041565204913756304e+01 3.521957276681106919e+01 5.477488245810322809e+01 5.871486952836544759e+01 4.980352119113304354e+01 4.224596623470657164e+01 2.436275241041605000e+01
