MOVIE_S1_data/elevation_000071.asc
nrows	100
cellsize	150.0
xllcorner	0
ncols	100
yllcorner	0
NODATA_value	-9999
[rows 34 to 50 of 100, columns 0 to 36 of 100]
0.000000000000000000e+00 1.999999999999964473e+01 1.577350269069630606e+01 2.732050795018006184e+01 4.146263596740289614e+01 6.146217733672911265e+01 5.281707120258408139e+01 3.828613885408570638e+01 1.983638304418202480e+01 1.552073757373355356e+01 9.827226775700708572e+00 1.526971488450923786e+01 2.100354806298845034e+01 3.325359722758563663e+01 4.038426510122810242e+01 4.376520419555749442e+01 3.046435154012800339e+01 2.690348041764882581e+01 1.453537864466369989e+01 1.500084903919731438e+01 4.817618276016244749e+01 4.864005495088645148e+01 6.870097291090164049e+01 7.664570442693894847e+01 6.795115372239267515e+01 7.616010506224682786e+01 6.026218554028198326e+01 5.628577693133271964e+01 6.716217435113195222e+01 8.188273460899330303e+01 1.023102455456072590e+02 1.031818883519670749e+02 8.961417277525137592e+01 8.105487685988427415e+01 7.233100624254296918e+01 9.282367316906410792e+01 9.008512449598148919e+01
0.000000000000000000e+00 1.999999999999964473e+01 3.577344257703906294e+01 3.210341916889068870e+01 5.210277147137956888e+01 4.932070886771952445e+01 4.031481291672818656e+01 2.337097612211178799e+01 1.060507796090695720e+01 1.143313538083982905e+01 5.669880049841529157e+00 5.953408710790249359e+00 1.934824773892473715e+01 2.215668792458581393e+01 3.693850356208715624e+01 4.476776917688636814e+01 2.530281745761533685e+01 2.427982144061429182e+01 1.419952080104306802e+01 3.861505382635768768e+01 5.638027440129942391e+01 6.293357708614589541e+01 6.152147239842240367e+01 6.409217796995956462e+01 4.589596813056845548e+01 6.002435605440447119e+01 4.541743429400284526e+01 6.754102348434845737e+01 8.597712643491651363e+01 9.620968386078143908e+01 9.738691139039394784e+01 8.379167919473755433e+01 9.738691139039394784e+01 1.010475425241018286e+02 8.693956973697638091e+01 1.010475425241018286e+02 1.033687384932153890e+02
0.000000000000000000e+00 1.414213562373107536e+01 3.414213562373178235e+01 5.210277147137956888e+01 4.529549333918856036e+01 3.682309437167280919e+01 2.167862633442182130e+01 1.044960420126762202e+01 4.984504649703890955e+00 5.268631606028635339e+00 6.691419963204109145e+00 9.430964749079395304e+00 6.352878404382413358e+00 1.995410959566807563e+01 3.275978950817397362e+01 4.593171294797465976e+01 3.536966767512131327e+01 1.372845281981853027e+01 3.329978016832993859e+01 4.197673265294569234e+01 4.152073367589530051e+01 5.258460892987561408e+01 3.761078451003041323e+01 4.901834777253335318e+01 3.230684787393784774e+01 3.731328931709616370e+01 6.002435605440447119e+01 6.366714936068234465e+01 8.455197683100266204e+01 9.120035254407368086e+01 8.263574791579651446e+01 6.946305499705694331e+01 8.850561244834868546e+01 1.025316135832224234e+02 1.070401693864325949e+02 1.030241464180548263e+02 9.345523283368048340e+01
0.000000000000000000e+00 1.999999999999964473e+01 3.584358538377064463e+01 4.584367167262328735e+01 3.348541377702410671e+01 1.670573603581588529e+01 1.086885555887570831e+01 4.583340020188217068e+00 8.291753627752328271e+00 3.044309782565519740e+01 8.227687385413664956e+00 1.874970364153125502e+01 6.636303562151951496e+00 2.771836388321305122e+01 3.884705470888467715e+01 4.893251071384049311e+01 3.544415942921883556e+01 1.339822323169328833e+01 3.179366016700861408e+01 2.683041965091989667e+01 4.381997231010084448e+01 4.002241697950537258e+01 2.241050678735842894e+01 2.610053780792259204e+01 4.249178854106150283e+01 6.002435605440447119e+01 6.879327030938230791e+01 8.460972994884025411e+01 8.635198544271929677e+01 7.759179076008804543e+01 6.248105664716610619e+01 6.043909471594197669e+01 7.447961131347499020e+01 9.331594522243837275e+01 1.047941062706625814e+02 9.483339914618136390e+01 7.498819837223086893e+01
0.000000000000000000e+00 7.559289460184577258e+00 1.755928946018511283e+01 3.755929139702847408e+01 2.517522834297962930e+01 4.170810652267024743e+00 4.182795123982512742e+00 8.383741606535913604e+00 2.061882017355863539e+01 4.036886769827012245e+01 3.694994467548605854e+01 2.535036689448896752e+01 6.922217636894677284e+00 1.489207257693361974e+01 2.296366766494362821e+01 4.688716094071975959e+01 3.766620729865555006e+01 1.388973343697747076e+01 1.293148309254231876e+01 3.220332660305557937e+01 3.494614486323962410e+01 1.760095312095203468e+01 4.002337885772158188e+01 3.953485660906648747e+01 5.802208090349916603e+01 7.355237326605215742e+01 7.615916079139880424e+01 6.789313489172175764e+01 7.314040891188473381e+01 5.657810322476013454e+01 5.081484172295978397e+01 5.758962924248914561e+01 6.518036185259526860e+01 7.667846851702375943e+01 9.655334425547279409e+01 9.043771063042110825e+01 7.862986056642650112e+01
0.000000000000000000e+00 1.999999999999964473e+01 3.584358538343566636e+01 4.584358497058023829e+01 3.337710211571764063e+01 2.385305079923669069e+01 3.899209439570469726e+00 2.253169000957452539e+01 3.712633591952965162e+01 4.930263004645112090e+01 4.087438001921799469e+01 2.142747468696147806e+01 7.210419193717952702e+00 1.950122663538498813e+01 3.495486265585288521e+01 5.114154766086745951e+01 4.501721032447713355e+01 3.486969116567898652e+01 2.978905780826596938e+01 1.246666445293114656e+01 1.267663073411069696e+01 3.520999805444694175e+01 4.905756231861540329e+01 6.197303761839475555e+01 7.077637902315714769e+01 7.161967899879969934e+01 6.332927345411910380e+01 4.749509081152849177e+01 5.958946139408498510e+01 4.447073819488615953e+01 5.899028516187033944e+01 7.755776008948436129e+01 8.507857939776882006e+01 9.331594522243837275e+01 8.786565088995257611e+01 7.640385905802955335e+01 6.237000748563883690e+01
0.000000000000000000e+00 1.999999999999964473e+01 3.596982907022573528e+01 4.642370927298669159e+01 3.537371248908414856e+01 1.717847192468958184e+01 3.614954765941691406e+00 1.188006127221397534e+01 2.553570846826183072e+01 4.679319080903634642e+01 4.391739100628925030e+01 2.641223460675010770e+01 7.498530140077781958e+00 2.224876398307694103e+01 3.318232489762279869e+01 5.318835495245237865e+01 4.167808339206763435e+01 3.503092248458915492e+01 2.734427598421553895e+01 1.214100449301441209e+01 3.431588704809998802e+01 2.570883394761905549e+01 4.159736190185108029e+01 6.361434147180944620e+01 7.161928644637224295e+01 5.976808911189520757e+01 4.258969808609874264e+01 3.485139334820544121e+01 3.877931638363970279e+01 5.958946139408498510e+01 7.314040891188473381e+01 8.729053266192421745e+01 8.779177203257154360e+01 9.598438844103145584e+01 7.966070021794311629e+01 5.979010936374030649e+01 4.819980832209135713e+01
0.000000000000000000e+00 7.559485045865909747e+00 1.756865221330616933e+01 3.783953403137051197e+01 3.434826697510996496e+01 1.923745131205268422e+01 3.330162376362345800e+00 2.079175971801733880e+01 2.928134098568746779e+01 4.700796965882896217e+01 3.893997280139946326e+01 1.900431601604155674e+01 7.783902874091372937e+00 1.485299163716146964e+01 3.805024977759450877e+01 5.135992575469908417e+01 3.133912993948457881e+01 1.933924008921320947e+01 2.069523138133546780e+01 1.181973744867170950e+01 4.103197646886177807e+01 4.799610255964015693e+01 4.803677566298551938e+01 6.983063945455334931e+01 6.332926306884970558e+01 4.258969808593469963e+01 2.928975280046330099e+01 5.135527403396633161e+01 5.958946139408498510e+01 5.958946139408498510e+01 7.970074276352117693e+01 8.455803404392007394e+01 6.799565054789272267e+01 8.455803404392007394e+01 8.138363334493006107e+01 6.485696930360650470e+01 4.470530501029521275e+01
0.000000000000000000e+00 1.999999999999964473e+01 3.596982907011520325e+01 4.541431502635374784e+01 3.258881126247337789e+01 1.095227617607773318e+01 3.045638174931568187e+00 1.984991773415066874e+01 2.805687724701212460e+01 4.702105301624654743e+01 3.782775387495810548e+01 2.759193810132643065e+01 8.064744945616171279e+00 2.522177792398845497e+01 4.136981617413275103e+01 5.361664651291205530e+01 3.587659860616878404e+01 3.116002366563838777e+01 1.137241953295598407e+01 2.839642521606175052e+01 4.027438224013619106e+01 6.497616345450209963e+01 6.118174510725926041e+01 6.870928729982330196e+01 6.299424061160356558e+01 4.207166331343015742e+01 2.559845506725299558e+01 4.819974047686326202e+01 6.845614899546383469e+01 6.408282580934667294e+01 6.975557562424783953e+01 7.621714839694865873e+01 5.678668397277757407e+01 7.636247596448160380e+01 7.316322892985483861e+01 5.318847666235991767e+01 4.122497606972318351e+01
0.000000000000000000e+00 1.414058233945593201e+01 3.405786070921848108e+01 4.744778509096635588e+01 2.833033824850176785e+01 1.474545819877787878e+01 2.762629604780903136e+00 1.027593001661078098e+01 3.134524292340334384e+01 4.425977669032367601e+01 2.362879578869357999e+01 9.737047339450088046e+00 8.339169558679527583e+00 2.790670804109489467e+01 3.639882476297791669e+01 4.941198643652285938e+01 4.101070878769094463e+01 2.928420891311314023e+01 1.106839798384840989e+01 3.082759797271331692e+01 5.063491413101893102e+01 5.745725356809374063e+01 4.261606570830111451e+01 5.876439426673265842e+01 4.940522166156764428e+01 4.076238845797130494e+01 2.219894728818051632e+01 3.886823373747687071e+01 5.748317135591883442e+01 4.274622650485974162e+01 4.674312808325520052e+01 6.881782782632869555e+01 4.971857475526267933e+01 6.935380609010809394e+01 6.380301120933749814e+01 5.550127776352345421e+01 3.771189116825822651e+01
0.000000000000000000e+00 1.414213562373107536e+01 3.414213562373314659e+01 4.792552697778175030e+01 3.767116132676274987e+01 2.225776959079733075e+01 2.481441078082184060e+00 1.839498402017237311e+01 2.684611461980865244e+01 4.529369402722966242e+01 2.966835628316723117e+01 2.368778839290170168e+01 2.833835821854792769e+01 8.710435092535517398e+00 2.756726524311665116e+01 3.575152752906478071e+01 2.886124650659010982e+01 2.790065609354446607e+01 1.077517876275541120e+01 3.298946946149796133e+01 3.567589920188501651e+01 4.244619839457816823e+01 2.959463368273610939e+01 4.154441300068042153e+01 3.774859434484359610e+01 1.782164090430702430e+01 3.953460557524931573e+01 4.092583094570688473e+01 4.188625662358958124e+01 2.852319049927425354e+01 4.898920986404007749e+01 6.327121947599538032e+01 4.315702339135690835e+01 6.084001682488462848e+01 5.248247484022058984e+01 3.408740377991830428e+01 5.550567845513291587e+01
0.000000000000000000e+00 1.416635650316911565e+01 3.449005968761358787e+01 3.910614746431610200e+01 2.666492077963551210e+01 2.172388518768730847e+01 2.200710991844362585e+00 1.582692365431793924e+01 3.128243947039318229e+01 4.335269781931109634e+01 5.019894891369462897e+01 4.471562869014113772e+01 3.685879013542855631e+01 2.004048757645134060e+01 9.064510668044141184e+00 1.742191006578899248e+01 2.601666200491352754e+01 2.343822193433103251e+01 1.049081939248973505e+01 3.163159262905202951e+01 2.414225964747230080e+01 2.536683536283414497e+01 3.540130186982437976e+01 1.541929318412560512e+01 1.639856670835856889e+01 2.325526564263764229e+01 1.930843808613955304e+01 2.032915320136988058e+01 2.130829814361792529e+01 2.224410007333324302e+01 4.296124842980821512e+01 5.289536232800160320e+01 3.663198223465889924e+01 4.946460567672368569e+01 3.047291900324287539e+01 5.248247484022058984e+01 6.380418811311949412e+01
0.000000000000000000e+00 1.983096035576462413e+01 3.261692537083190047e+01 3.265087585778966428e+01 1.393442720511982102e+01 2.030403719554321285e+01 1.919389290911814205e+00 8.097145040844043962e+00 1.461759243173240819e+01 2.872353290446136498e+01 4.943370845799015001e+01 5.877638758259791985e+01 3.927236896847207959e+01 3.717540199827027436e+01 2.931714187106281955e+01 9.407330113477849309e+00 2.981257625474216510e+01 1.010013801505039588e+01 1.067255899938767527e+01 1.133924821242732150e+01 1.219088782640525004e+01 1.312117814840945940e+01 1.406127458032634614e+01 2.418647361959594022e+01 2.135485541643839369e+01 3.956244183014689497e+01 3.991969624443210307e+01 3.484501154502893172e+01 3.585451083762161772e+01 4.296124842537709299e+01 2.353755289451760291e+01 4.443784277418306061e+01 4.704489340012661103e+01 2.765896201404325794e+01 4.946414772631752754e+01 5.248229852724222155e+01 7.278570056766460539e+01
0.000000000000000000e+00 2.443920859657129352e+00 1.499260791180987162e+01 1.972876261735802927e+01 1.412876555225908959e+01 1.521066310679335176e+00 2.644402113773893781e+00 2.305662616423808942e+01 3.478731217540389054e+01 2.872352727659386673e+01 4.943252755753477601e+01 6.303377278064785827e+01 5.407429355172049412e+01 3.726077221056739575e+01 1.567242747790830393e+01 9.479888593989105772e+00 9.747738504201443277e+00 2.298075000892695741e+01 2.436133708328702951e+01 3.201120928397116217e+01 1.819270526654029752e+01 3.483542698032145069e+01 3.548287611546643916e+01 2.770986589636425279e+01 4.142554034822559572e+01 2.857863576588598775e+01 4.907062309455814386e+01 5.561972606807529473e+01 5.662637465873324061e+01 5.232337005017662790e+01 4.145291575232231196e+01 2.485306878471722669e+01 2.584684003230935900e+01 2.712920551111408685e+01 4.841728360610385096e+01 5.875735327336055747e+01 5.485688451626144513e+01
0.000000000000000000e+00 2.805515427478125767e-01 5.611306613428682644e-01 8.417924808709722484e-01 1.123130319039008285e+00 1.991764784470981198e+01 2.280891500600245436e+01 1.153176827349032685e+01 3.240216406731870791e+01 4.943240330491932610e+01 5.798653317991869471e+01 5.463081465820354055e+01 3.463661259882772470e+01 2.552861388384178198e+01 3.250832033343056793e+01 3.034362678462707663e+01 2.769638877161206736e+01 1.242291330528324522e+01 3.235495174322675638e+01 4.182845989692299327e+01 3.969347544637699343e+01 2.746383533017926126e+01 4.877899527747679542e+01 4.717166866170951067e+01 4.700362687244889770e+01 4.907457808262027754e+01 3.662153931725525524e+01 5.711154095898981353e+01 6.360712922256525559e+01 4.309547993709044533e+01 3.064212387945045535e+01 4.593900406287112048e+01 4.098484117421369888e+01 4.841708533266529457e+01 2.906323009348333031e+01 5.037229449686525129e+01 3.379398726378366291e+01
0.000000000000000000e+00 1.969991412222825744e+01 2.051625917483968919e+01 1.117459295937478281e+01 1.197862328382585773e+00 1.331218251526536633e+01 3.346223622840265222e+01 2.625178192959370804e+01 2.350914008234493124e+01 3.571991793735337950e+01 5.673586315363759525e+01 5.461056844415315936e+01 5.407429355172057228e+01 4.571043945641936546e+01 4.582686123723294003e+01 3.775386684092385536e+01 1.744765722280888198e+01 3.292856285653687110e+01 1.592622676229937895e+01 3.638905313576190537e+01 4.818932356677613882e+01 4.880752526555978932e+01 3.833012383108965082e+01 5.928427535768947365e+01 6.651261639561934658e+01 6.325476918044142138e+01 4.288039996227604433e+01 6.325477033518381376e+01 7.188126200420137479e+01 5.621682412102648385e+01 3.530847688265223638e+01 5.621679799440816794e+01 6.164165331971767614e+01 5.426818012270825875e+01 3.335206171055318691e+01 3.117914580171359518e+01 3.396971670189193304e+01
0.000000000000000000e+00 1.999999435613834109e+01 2.756456732212716432e+01 7.578736549407292244e+00 2.173060262009150634e+01 3.002199253663265921e+01 4.213640718527854290e+01 4.725078276802469190e+01 4.457307634501933080e+01 5.310532586536752575e+01 6.534181147549359991e+01 7.478399454149572989e+01 6.175516337559405144e+01 4.714753373770554390e+01 2.703092208986001665e+01 2.272075540688045336e+01 3.775386683377215746e+01 4.463624004219033026e+01 3.646276798152675980e+01 1.957666916641214172e+01 3.410400432391588765e+01 5.435108352606363979e+01 5.333478684059678443e+01 5.333477425672737127e+01 7.365026621438998689e+01 7.038957358236513073e+01 5.021050885713471246e+01 7.038958523315709215e+01 7.514343036661465192e+01 5.504742460323754472e+01 4.033579034431155463e+01 6.093340903855129653e+01 6.178146295862693194e+01 4.053708138368822489e+01 5.427079797803919092e+01 4.642244756875478373e+01 5.501547091375096699e+01
