MOVIE_S1_data/elevation_000908.asc
nrows	100
cellsize	150.0
xllcorner	0
ncols	100
yllcorner	0
NODATA_value	-9999
[rows 51 to 67 of 100, columns 37 to 73 of 100]
8.119444076551138778e+01 6.959923110595636331e+01 7.561266092531398897e+01 6.996762761983595169e+01 9.006257891457056530e+01 9.716086027979180528e+01 8.419851326109242962e+01 6.403761411133388037e+01 8.419851326109242962e+01 8.297054508617038948e+01 6.264778713259200060e+01 8.193637508074128561e+01 8.648951218669495233e+01 7.455697987705104879e+01 8.149850908757915136e+01 9.474987817074178054e+01 1.145697983589516724e+02 1.379073290803152929e+02 1.274701996551534506e+02 1.066270485997675195e+02 1.105108437693896093e+02 9.976665400707599929e+01 7.990384130433407961e+01 9.307134003265115041e+01 9.362289413282566386e+01 8.438254062099913710e+01 1.028578505608375622e+02 1.026922697896026193e+02 9.371279388327832294e+01 7.413651859831070112e+01 7.922171036297757496e+01 9.720079336127210468e+01 9.809099298156459668e+01 9.256857759042068778e+01 9.344323118491618629e+01 8.974115973431507598e+01 1.016826155660859996e+02
9.799654597930749844e+01 8.152416956133122028e+01 6.127713847538529279e+01 7.556700516280230318e+01 9.507382991311773424e+01 8.284766659067155103e+01 6.795767798614339483e+01 5.954935081097713834e+01 7.979342172101122799e+01 7.310629126279249590e+01 5.728919443321516525e+01 6.153799286435473448e+01 6.608171927872818685e+01 8.045080252837890100e+01 1.005281503832424193e+02 9.856874906000199132e+01 1.199875697319513677e+02 1.189264840599974207e+02 1.278161923640245305e+02 1.274701996551534506e+02 1.237448697551532035e+02 1.048871178451747710e+02 8.472127440261517961e+01 1.048870372493759362e+02 1.111537885942824317e+02 9.303112829104507853e+01 1.108325885129995356e+02 1.179020369968242221e+02 1.002047055691716935e+02 7.936137979246954899e+01 7.526460020670754147e+01 7.606281054595318381e+01 7.686237807516735643e+01 7.767064989265954011e+01 7.848051698795470088e+01 7.930035555024410598e+01 8.012320731621635161e+01
9.135706718519402614e+01 7.763999202741766226e+01 5.745293925977446037e+01 7.180197597567614309e+01 9.147143016546959871e+01 7.405318774330284270e+01 5.347772093556322659e+01 6.834119773471557835e+01 6.870666450799181746e+01 5.265696242950188122e+01 7.310629126303652470e+01 8.195307348237875544e+01 8.648951195165092543e+01 8.060600612374884122e+01 1.018984768904206533e+02 1.199890088823706833e+02 1.151287617066067526e+02 9.705136468186856291e+01 1.151338444858577787e+02 1.266853274716020223e+02 1.143699397217178273e+02 9.529195603709814577e+01 1.048871178451678787e+02 9.862840970767807391e+01 1.190458621689150505e+02 1.066946527176634589e+02 1.211581723987792287e+02 1.093970712547279476e+02 8.787373863405753127e+01 1.002073046176534206e+02 9.641842850053392056e+01 9.722752168992525412e+01 8.255297059773374713e+01 9.896698729815797435e+01 8.406512556313111872e+01 1.007690700245234012e+02 9.524671684296227170e+01
7.473257709530059856e+01 6.304081638164735324e+01 5.387496585949137540e+01 7.414832767164084260e+01 9.098681090306308761e+01 8.187458032713205114e+01 6.851419723169136944e+01 4.809518003555266574e+01 4.827964301468973218e+01 6.870666450799181746e+01 8.150281684657979042e+01 9.134790052785326964e+01 9.949690615295841667e+01 1.018859453741892906e+02 1.114978905780125302e+02 1.255676886330386139e+02 1.062192617603965061e+02 8.463191663343407356e+01 9.484048264634104441e+01 1.186788312482973993e+02 1.200071730453496173e+02 1.106778804795870315e+02 1.237448558667631033e+02 1.179834387015566648e+02 1.271183529701871464e+02 1.273461408374718076e+02 1.308905689823137948e+02 1.093970700675921535e+02 9.726498366832454678e+01 1.181089366858902139e+02 1.141570505492371552e+02 9.200029359769169446e+01 1.042484576336303803e+02 1.125000654711183472e+02 9.028615247187774173e+01 1.126481778344270879e+02 1.172203131377913508e+02
7.674295902875788045e+01 6.244425321291162589e+01 5.064123289067693889e+01 6.244995836291784030e+01 8.280641657064531103e+01 7.029791450138635867e+01 6.180591780869732332e+01 4.450464621020088885e+01 6.441692492479306509e+01 5.704095602544401089e+01 6.388533304187711082e+01 7.156557715984541801e+01 8.556948626349176834e+01 1.048557596429089500e+02 1.194449397316825525e+02 1.049491274149457212e+02 9.809185366667972517e+01 7.687428299848518520e+01 9.809203943310977536e+01 1.135160864437976187e+02 1.319277081634901378e+02 1.297451261716028625e+02 1.229292415209320239e+02 1.311700721803543388e+02 1.236991786356699379e+02 1.153182045046574586e+02 1.237239178997528768e+02 1.276904660095512440e+02 1.129137313616102745e+02 1.277107034474414320e+02 1.219654267991537893e+02 9.987943955093697923e+01 1.219654267991537893e+02 1.200333153456651729e+02 9.787795940336746980e+01 1.200333153277985190e+02 1.237684541183203777e+02
7.227889138638040833e+01 6.390984129873682207e+01 4.767497251792651980e+01 6.801899072308033567e+01 6.738415025351686438e+01 5.899038756936302974e+01 4.154469847503276725e+01 5.594321311904661087e+01 7.303317998891927232e+01 7.725019742588708027e+01 8.389559451353919428e+01 9.134790052785326964e+01 9.949752244564632520e+01 1.055825586217743819e+02 1.091903177018725444e+02 9.038412642581262446e+01 9.214004226388946961e+01 7.147583764593248645e+01 8.128331168805927121e+01 9.863949394098905543e+01 1.185741975595640127e+02 1.183397952446074441e+02 1.001520300932794640e+02 1.183397582575867233e+02 1.137179229347539575e+02 9.546585296244154506e+01 1.137179687980454901e+02 1.272094776671077625e+02 1.341823303478970217e+02 1.282415611528346346e+02 1.304272138095722084e+02 1.129761854680505877e+02 1.304272138095722084e+02 1.285088555208291723e+02 1.093555896615090148e+02 1.285087936978886773e+02 1.237556232845920619e+02
5.376210722709762990e+01 4.358736612586408654e+01 6.007598253001116717e+01 6.845057978623469808e+01 5.898869408173693785e+01 3.868857105518622319e+01 5.899038756936302974e+01 7.029791450139829578e+01 8.465261588375012991e+01 8.636939803995956311e+01 9.471955191964931942e+01 1.022513852909328449e+02 9.373324051037988625e+01 8.505881011140027681e+01 8.890028059053200593e+01 8.026094884546216690e+01 8.691551518229621820e+01 6.655535720434480140e+01 8.691553716362639648e+01 9.032978353072168431e+01 1.050587706585940282e+02 1.094099864269962978e+02 8.783849727589712586e+01 1.094099863685841996e+02 1.053896727992689364e+02 8.606820624539869868e+01 9.860414331168068713e+01 1.173132896110309389e+02 1.219191602831006946e+02 1.072203968158018910e+02 1.219163020798781787e+02 1.342420053402215387e+02 1.424222205343837686e+02 1.389837786762126655e+02 1.307111180207355403e+02 1.389850038515742483e+02 1.439558858205146805e+02
7.012215777016713503e+01 5.114504356972231847e+01 3.978758514349416942e+01 5.646170242663477978e+01 5.699202304105056527e+01 3.672757110809958903e+01 5.699202304105056527e+01 7.627189555548380895e+01 7.208937308031779878e+01 6.617439307100794110e+01 8.636939803995956311e+01 9.373305733118964156e+01 7.343199375697776077e+01 7.081892357393876125e+01 6.869683287669840865e+01 8.890028059053200593e+01 8.249324339779121829e+01 6.243536282462135034e+01 8.249322845096435231e+01 7.621569925461569994e+01 9.651722350205555756e+01 1.011620995593724928e+02 8.057278208125497088e+01 1.011620995593724928e+02 9.857278799687686899e+01 7.976957236831071896e+01 8.958376129121144515e+01 1.089798630295094171e+02 1.125263116341552916e+02 9.235126963860814442e+01 1.125262958113277705e+02 1.263552969221859570e+02 1.315634415460854143e+02 1.230193040888766660e+02 1.226291269781620770e+02 1.311424551593899821e+02 1.403052613982370360e+02
7.840132716265877377e+01 6.781695360671842820e+01 5.051916104246723194e+01 3.622582512871927918e+01 5.299004802545348269e+01 3.480472552288105703e+01 5.502571194798010623e+01 5.600177105320095450e+01 5.178813304853016319e+01 6.617439307100794110e+01 8.636939803995956311e+01 9.372809093059824193e+01 7.343194722787370665e+01 5.928497702485065446e+01 7.937806806511569846e+01 8.247871127660248192e+01 7.396928363838054565e+01 5.847750730509643802e+01 6.499244208150587099e+01 8.490792001675451672e+01 1.050587688452249040e+02 9.494566720713487484e+01 7.477759392727196541e+01 9.494566720713487484e+01 9.314300415461200089e+01 7.471014867302532991e+01 9.314299601242532844e+01 1.079354360191521778e+02 1.039332951692795461e+02 8.337876620878691369e+01 9.707910801936199618e+01 1.168099215072512891e+02 1.197802337123981005e+02 1.027763854074485295e+02 1.023719819371440281e+02 1.109653898391640752e+02 1.286280812961791185e+02
7.854116694635227702e+01 7.917103969456326240e+01 6.458926391229140052e+01 5.294596690645571613e+01 3.282758984449880302e+01 3.291492759772095411e+01 3.715029746662095533e+01 4.163553605651350153e+01 5.178813304853015609e+01 6.354879298606939386e+01 8.375602245211695163e+01 8.913924016240812875e+01 6.895610500472318449e+01 5.479722219188225552e+01 7.487100467090873224e+01 6.955815945241621989e+01 5.368057809056158902e+01 6.172014052144999852e+01 8.233956197456197401e+01 9.348787758755445054e+01 1.040020314202059524e+02 8.361754205492661640e+01 6.969621483166505982e+01 8.954978903898594922e+01 8.879741690706006807e+01 7.047112806283297459e+01 8.082001030129693220e+01 9.969470484914752717e+01 9.707841198522710613e+01 7.724427022306639401e+01 8.782836913075909990e+01 1.082526257126710902e+02 1.108749470667753911e+02 9.155207575748357840e+01 9.128062182312392281e+01 9.977330437384111406e+01 1.113169928402018201e+02
6.997947029177484524e+01 7.543393535191425769e+01 5.529282534511554559e+01 4.177545935621912321e+01 3.050864799578668851e+01 5.059483914698652285e+01 5.739825256872693160e+01 6.193866341311748869e+01 5.600177105320107529e+01 7.627189555745840721e+01 9.210499187310837499e+01 8.266166731216247854e+01 6.226988809663343005e+01 5.068701823826339847e+01 6.546919317270720740e+01 4.942631560757905618e+01 6.149991982613720864e+01 7.365364762152016453e+01 7.606173859966202144e+01 9.696883914518139136e+01 1.000695232633506606e+02 8.486595932074482107e+01 6.516077104170068424e+01 8.486595932074482107e+01 8.497541018901286236e+01 6.656359080934269912e+01 8.497541018901270604e+01 9.369300097931677840e+01 8.532537753768757227e+01 7.231759852081827944e+01 8.560866595068198137e+01 1.059778087378478375e+02 1.025407353065490383e+02 8.382185776412748623e+01 1.025407351115766659e+02 1.080504822305768187e+02 1.167377735868492437e+02
6.906147941627936859e+01 6.864694337281660808e+01 6.024618479713431185e+01 4.834963300770526473e+01 2.915923983184356771e+01 4.919636332900489606e+01 6.199255882499037540e+01 7.368153770933916746e+01 7.627189555687897382e+01 8.462731463396407605e+01 9.322924299456400377e+01 9.141349113144089245e+01 7.922015214684657280e+01 6.549487616221060193e+01 4.539335162832071546e+01 6.550731350401353836e+01 7.735354866744758340e+01 8.670119212931261643e+01 9.564981809363105469e+01 1.056315006969764596e+02 9.197843472468692028e+01 7.218609346731049925e+01 6.089398942518631230e+01 8.056312335891962562e+01 7.632118686846301614e+01 6.276527286014945872e+01 7.988711980623935460e+01 8.183857686256202157e+01 6.636185299812888161e+01 8.505280849914686314e+01 8.948675963068230033e+01 9.182937854118750920e+01 9.430752839192122394e+01 8.028567249266900774e+01 8.391878028630331698e+01 8.843231096276026904e+01 9.958259041428229352e+01
7.236450195379546813e+01 6.024790443831729903e+01 4.003275772602674465e+01 4.592291422339015128e+01 2.779957425485498845e+01 3.348651237712580553e+01 4.507551847082297769e+01 6.533384750691932652e+01 8.504035637756706478e+01 8.718149533003240492e+01 7.256059133019137164e+01 8.718149533003240492e+01 7.753203112891847582e+01 5.739279537298834555e+01 4.319245655003907558e+01 5.739279536247671842e+01 7.753202145423419722e+01 9.486014859123889664e+01 8.598904127293110378e+01 9.486014859123889664e+01 9.067618651420364984e+01 7.090717659357066793e+01 5.702502541052502494e+01 7.403730987823726650e+01 5.739680177404955685e+01 5.929646894153560055e+01 6.121412541714072120e+01 6.334708688637312690e+01 7.693394677099793455e+01 6.976818586154891477e+01 7.217461519497241795e+01 7.450577741995429903e+01 7.680023870001011232e+01 9.430752839079120520e+01 1.026503964909336304e+02 9.876086061235724856e+01 9.799272611313057268e+01
5.806417667370786262e+01 4.405129828954606808e+01 4.406296329473286733e+01 2.588065300665989099e+01 3.969080745139424238e+01 5.347710543299614017e+01 4.506961739736389916e+01 5.675321263479035139e+01 7.679991499338765948e+01 7.778972054099145339e+01 5.723839091661110245e+01 7.778972054099145339e+01 6.656139074955677870e+01 5.818807768919509016e+01 4.106727513645765981e+01 5.264641894587345661e+01 7.274598544638884334e+01 8.408993854544372937e+01 6.439739435849824645e+01 8.408993854544372937e+01 8.327521286881146523e+01 7.144094072947115137e+01 5.336741765540223525e+01 5.500730469339350037e+01 7.398742058331673377e+01 7.808219731803401942e+01 7.988711955128312070e+01 6.765643070899155020e+01 8.539765957735588131e+01 8.435560394430241615e+01 7.691236454941734735e+01 8.466126020867508828e+01 9.430752839286932954e+01 8.634042101701547267e+01 1.052064206030203479e+02 1.121548907259975181e+02 1.172220411574482881e+02
3.851015226159172755e+01 4.221321476141648077e+01 2.392829180063338512e+01 4.406262558590036349e+01 5.389935092286444984e+01 6.713965646479449845e+01 6.522594171579986266e+01 7.349189882649086769e+01 6.888976064971261337e+01 6.058747943178240547e+01 4.715214990685235108e+01 6.043298459682934265e+01 5.531688960982132386e+01 3.815389772158623316e+01 5.818807768912683542e+01 6.952871361248600124e+01 8.117577436661215984e+01 7.519321781571468932e+01 5.408895648317540861e+01 6.464108714944529765e+01 7.206802337573289208e+01 5.125345008010149428e+01 6.522291981234521074e+01 7.355059469382867121e+01 6.717268839293046767e+01 8.027418723558028546e+01 9.394306650752717758e+01 8.606689602664690142e+01 7.456783487046881476e+01 7.680543587726283761e+01 8.349426036320822675e+01 1.023775334927408096e+02 1.108374687604131452e+02 9.683526438638116929e+01 1.135588794400050574e+02 1.311441293272133635e+02 1.292868248804509506e+02
2.130528208961570158e+01 2.199736557354830069e+01 4.221425966224101956e+01 4.387716603822102002e+01 5.223958971762740333e+01 6.015145204937370238e+01 6.145989247796607202e+01 6.135911299313239908e+01 6.036674219258021168e+01 4.282455967647452866e+01 5.177357839769953074e+01 3.738333082490723314e+01 3.531948499692139620e+01 5.531688960982132386e+01 6.639048585057733476e+01 7.808539079815861328e+01 8.263810261516123035e+01 7.041631036687901712e+01 6.220469467385266427e+01 4.400341284501962491e+01 6.402715575526353575e+01 6.682529637486577201e+01 4.915619467508797413e+01 6.881424931353936358e+01 8.577337212487853435e+01 9.360668851466579099e+01 1.066322327962255798e+02 1.012572815929287202e+02 8.495743352621353495e+01 8.413754634443422731e+01 9.226849135394184032e+01 1.024962112024177827e+02 1.230517855998997732e+02 1.166783188630429038e+02 1.251894476294664571e+02 1.260241737403972166e+02 1.094703326022086287e+02
2.441028173184966121e+01 3.866429480605771118e+01 2.320054911785308605e+01 2.407926434487761114e+01 4.406383712374748285e+01 4.022422973861544193e+01 4.112125006001687666e+01 4.186199763383549310e+01 5.453641283352463631e+01 5.029650892235609660e+01 3.162359068913883675e+01 3.253432135015702897e+01 5.252034978469860249e+01 5.510307863302556797e+01 5.034910530500484072e+01 6.440253040697984943e+01 6.870302192522349571e+01 5.464304636429841366e+01 4.225115210506819352e+01 5.969550257394055137e+01 4.579455604642655686e+01 4.707246770005660608e+01 4.967473914197346119e+01 6.912187329160484239e+01 8.102117519985553429e+01 9.064850253803278690e+01 9.887639270352929088e+01 1.125025133359415292e+02 1.042024376272869404e+02 1.027080337401778678e+02 1.109885208318728189e+02 1.198546915221059379e+02 1.314315392469345056e+02 1.277648678336616967e+02 1.196096160898278384e+02 1.178831637927967648e+02 9.782167501994547365e+01
