MOVIE_S1_data/elevation_000586.asc
nrows	100
cellsize	150.0
xllcorner	0
ncols	100
yllcorner	0
NODATA_value	-9999
[rows 0 to 16 of 100, columns 37 to 73 of 100]
9.431359678085340192e+01 1.026706530087323017e+02 1.018249056318712888e+02 9.970179422486911847e+01 9.970179422486911847e+01 1.080411180596350817e+02 1.119875213363146571e+02 1.061196759929577951e+02 1.034871958141546884e+02 9.523689376406927920e+01 1.034872676383686496e+02 1.043707602431883856e+02 9.605421757576071684e+01 1.043707683730957996e+02 1.066802501481999030e+02 9.842248577589678860e+01 9.625372213133574917e+01 1.021217586939403645e+02 1.084686969659784097e+02 1.167401101073182446e+02 1.199419422548779579e+02 1.234466833979474671e+02 1.151831444208363422e+02 1.106874484199155546e+02 1.160553368502852152e+02 1.221186761023403307e+02 1.292290904588332126e+02 1.374499340533425311e+02 1.489554020924562963e+02 1.455676025902788808e+02 1.373313999938665688e+02 1.455676025902788808e+02 1.456608428942277271e+02 1.399397845518807628e+02 1.394309309834692101e+02 1.381400008450187045e+02 1.298657799823280925e+02
7.445577921129350329e+01 9.269518871248655500e+01 8.183987950950195511e+01 7.972903539618755531e+01 7.972903539618755531e+01 9.970179422486911847e+01 9.203489017834802155e+01 8.620078087081638785e+01 9.356675252648649632e+01 7.542858462235423644e+01 9.356697630741820149e+01 9.439047532088386561e+01 7.614236602101630069e+01 8.973526844994563589e+01 9.161391927949058811e+01 7.846789618158031487e+01 7.628797038111117956e+01 8.213580340164320148e+01 8.842403118458328493e+01 9.990217549844123823e+01 9.990217581695317506e+01 1.118782040609453077e+02 9.511010828700818820e+01 9.062407042625443410e+01 9.597053745341439424e+01 1.020088548266392792e+02 1.091178016247442031e+02 1.207728761447272774e+02 1.407804940317473097e+02 1.355959131338711359e+02 1.173634056522300142e+02 1.355959131338711359e+02 1.260572251384391933e+02 1.203068807489414382e+02 1.181273381264395113e+02 1.183634887962003432e+02 1.097943933678721464e+02
6.460706418079821844e+01 8.274587323823099894e+01 6.775031971214643534e+01 6.563918546418281608e+01 7.972903539618755531e+01 9.970179422486911847e+01 9.203489017834729680e+01 7.226898712962423588e+01 8.062304012485186888e+01 6.565847956355048609e+01 8.533273835065709534e+01 8.607316021719670118e+01 6.643827253456835535e+01 6.989951507200591152e+01 7.170159374913447436e+01 7.928700195131742134e+01 6.244499526623181396e+01 7.216931004523921445e+01 8.723301644630039675e+01 7.987047666779166377e+01 9.990217581695318927e+01 9.754821951385837053e+01 8.354247661940577530e+01 1.035939732124122230e+02 1.160553368502852152e+02 1.221186761023403307e+02 1.292290904588332126e+02 1.374499340533425311e+02 1.389061045467371684e+02 1.273474028230481991e+02 1.072601534375319972e+02 1.273474028230430690e+02 1.260571727713168571e+02 1.061385172528987084e+02 1.146612079795019952e+02 9.741988274268004488e+01 9.959258972759189987e+01
5.761033423750186699e+01 6.280679258063220516e+01 5.625031505125587472e+01 7.617923953460834241e+01 8.538992831605058598e+01 8.801087369758636214e+01 9.461949653192398557e+01 7.482551891494274798e+01 6.101978227393931320e+01 5.881037089214720481e+01 6.993861266995774884e+01 7.158000776079681771e+01 6.912565281450034149e+01 5.613705133060655328e+01 5.793264125377289986e+01 5.974923226728304115e+01 7.936509219118056535e+01 6.530849837248501899e+01 6.736082149528890284e+01 8.723301665226280477e+01 9.332066992853850707e+01 7.749519129241757298e+01 9.754821951385837053e+01 1.086162661418141084e+02 1.144121144268447807e+02 1.215215112834707725e+02 1.297718059715229799e+02 1.397780816077677173e+02 1.306549579875921268e+02 1.106011471656368599e+02 1.005061639354360068e+02 1.181867296625314765e+02 1.098788308008747947e+02 1.118184776898596340e+02 9.446603218668541047e+01 1.130902628720657077e+02 1.196015286472605510e+02
6.138866435451753745e+01 4.873504710867239709e+01 6.864681409461739747e+01 7.976348733312967454e+01 6.589346541142012370e+01 6.845625733926601697e+01 8.236239759626475632e+01 8.767305723405407036e+01 7.185703541271925587e+01 5.233141182348238374e+01 5.036741215891319001e+01 5.201907348140775156e+01 5.368850442873650763e+01 7.324679716308456534e+01 7.751950670788281172e+01 6.616168656245376667e+01 8.596666030512949419e+01 8.510274423921558196e+01 8.723301664699506830e+01 7.046158876339258370e+01 7.329440597303847937e+01 9.332066822307622544e+01 8.383727996999904519e+01 8.856097982384109457e+01 9.433470702157660526e+01 1.014131003736044079e+02 1.114760601805259768e+02 1.315669623864158098e+02 1.284731756067776018e+02 1.084024274936030423e+02 9.421545046000188961e+01 1.071912820479901569e+02 8.994601110698756941e+01 9.174877964196898006e+01 1.059253209326638370e+02 1.219018668589799290e+02 1.224749851736626880e+02
6.489586266012030080e+01 4.511566206127506007e+01 6.489586266012034343e+01 7.001809229900987930e+01 5.219934767726130076e+01 5.476488985535171850e+01 7.418328925470098056e+01 7.365347168691774016e+01 5.972761657468254981e+01 4.803687091763305261e+01 6.763312348794605100e+01 6.579270875777363869e+01 6.053933926190855885e+01 8.019463222067028596e+01 7.861576468472357249e+01 8.596678641332530901e+01 9.425355547545856894e+01 1.020062942069813374e+02 8.195578565873003640e+01 9.043012769939990392e+01 7.183506349280879988e+01 9.605964120426729380e+01 1.038891898237886693e+02 1.086162661418141084e+02 1.049341107200531553e+02 1.144121144268447949e+02 1.297718059715229799e+02 1.397780816077677173e+02 1.312592204141922139e+02 1.113358268299560052e+02 9.714704976628117095e+01 8.748122263880770788e+01 1.071912820484463822e+02 1.118193494932121581e+02 1.201266203619794339e+02 1.343279198613842880e+02 1.411037331675885298e+02
5.330600219900215819e+01 4.166757199519057764e+01 6.146132567910561306e+01 5.535702997963385030e+01 4.233040048552179968e+01 6.190159713113789763e+01 7.933356025527366739e+01 5.972461676702801725e+01 4.586164159684011565e+01 6.549513588264248654e+01 7.584537679536282440e+01 8.551788638243735363e+01 8.019463222067371078e+01 7.288333718191934452e+01 9.277561068309150016e+01 9.274157998931954694e+01 1.127953695818916344e+02 1.102890356221409860e+02 9.352528850383794179e+01 9.605964120426729380e+01 9.605964120426729380e+01 8.218941156883970223e+01 1.032947763147186322e+02 1.197721222382834156e+02 1.249999789222731579e+02 1.332356204155945818e+02 1.426477122966125251e+02 1.350231639903020948e+02 1.267760337735440288e+02 1.251583091681058733e+02 1.054400295397068561e+02 8.592421352742782403e+01 1.054819193864973812e+02 1.142275298751748380e+02 1.200352926170152159e+02 1.283199454605807830e+02 1.398829275157481788e+02
5.821928726950125110e+01 3.844366740991657139e+01 5.386755238169315874e+01 3.546522156693718841e+01 3.653087619554882082e+01 5.638821001047022463e+01 6.612653687475457787e+01 6.401105852648316841e+01 4.434332810144333337e+01 6.401105864802967460e+01 6.416768987829041748e+01 7.550854097825933309e+01 9.541506706226795131e+01 8.691353172034544627e+01 1.010425612827013282e+02 1.127953695820823867e+02 1.210434749119251165e+02 1.218543104339411514e+02 1.135915634474623914e+02 1.164870052270171215e+02 1.115730344355870756e+02 9.739674885518196845e+01 9.136964893830509027e+01 1.004317836681114784e+02 1.120398345251968095e+02 1.320425753906893647e+02 1.350231639903020948e+02 1.236787969783885757e+02 1.072352533562526133e+02 1.231477988356221545e+02 1.015211823107284914e+02 8.438600043207354418e+01 1.038048594000583620e+02 9.421901816224104209e+01 9.991661232214947574e+01 1.115595215761455563e+02 1.316134111755037281e+02
5.635974076279598677e+01 4.312350480762768257e+01 3.396398384570395734e+01 5.383927748968427096e+01 5.639846580293088607e+01 3.807326408655971761e+01 5.791805021424794830e+01 6.054293557077615873e+01 4.283317252209818804e+01 5.033108200851748393e+01 6.416768987922604595e+01 8.392203142537482563e+01 1.036958242040764162e+02 1.069279214076824758e+02 1.102382028419223872e+02 1.019581636289442912e+02 1.067110765536848049e+02 1.149071303550695546e+02 1.114383904600728386e+02 1.115835004804676771e+02 1.200308157364802923e+02 1.173513728876254874e+02 1.014930847476287568e+02 1.197721222382735817e+02 1.287165510350303350e+02 1.402217835438247278e+02 1.267760337735440288e+02 1.072352533562526133e+02 9.685880846680660738e+01 1.070423366688532241e+02 1.021594036362825904e+02 8.286185363622560374e+01 8.702547239190424477e+01 9.819707937773492290e+01 1.182324497913158297e+02 1.115595215761455563e+02 1.231725247223252495e+02
4.854219793704751140e+01 5.143037609110604791e+01 3.295828432663964236e+01 5.287071208631933672e+01 6.518407102502382600e+01 5.194769118992273604e+01 3.963089269120299463e+01 4.074083631104638670e+01 4.245056395411697991e+01 6.221395182564515380e+01 7.281364591768559080e+01 8.680734878695893997e+01 9.202435400051507486e+01 1.002470212166098378e+02 9.869190158305477212e+01 8.195565634124162102e+01 8.673285345309712113e+01 1.054006813099768891e+02 9.125189928454577171e+01 9.126181629675228635e+01 1.115835004804676771e+02 1.297692598016371335e+02 1.215507097083370098e+02 1.297692598016371335e+02 1.371719181455375178e+02 1.286566017785821430e+02 1.286566017785821430e+02 1.236787969783885757e+02 1.070423368257165464e+02 8.929122699114410011e+01 9.957756413757074654e+01 8.142577546276883993e+01 1.006351142321332333e+02 1.149577733259386036e+02 1.265210069038676579e+02 1.316134111755036713e+02 1.398829275154147638e+02
3.031455064449722414e+01 3.150025722248007654e+01 5.140944969525139641e+01 6.103408087533417614e+01 7.829628265668537779e+01 6.723661357690242824e+01 5.176714804706204376e+01 4.607943030470168821e+01 6.206006267587563485e+01 4.489216907097364384e+01 5.881995989885075460e+01 7.523441183572307978e+01 7.219744988005972175e+01 8.875261481192188739e+01 8.047858218570915767e+01 7.054186200446102362e+01 8.748729219876142338e+01 9.125058040666921499e+01 7.715396560982921415e+01 9.715673562534581720e+01 1.104944766831350762e+02 1.171994184434271773e+02 1.253559023441768545e+02 1.353002178271993898e+02 1.286566017785821430e+02 1.081975536105042011e+02 1.081975536105042011e+02 1.172564730049492567e+02 1.098684960405706903e+02 9.999419882807563909e+01 8.274827096504826329e+01 7.998427535489193474e+01 1.011701941500802207e+02 1.168181571272336612e+02 1.244366863072723959e+02 1.328085890936892781e+02 1.445828464637403101e+02
5.058196838730688683e+01 3.281844490673648806e+01 5.281172563834795142e+01 5.567871343488116764e+01 7.558554897058871802e+01 7.924472583677160742e+01 7.084002777804994366e+01 6.199613645526345351e+01 6.399667088419680283e+01 6.460019212172187508e+01 4.737297844769115329e+01 5.615349689291461743e+01 7.583575457578137957e+01 7.627221057817591543e+01 6.075376282390626415e+01 6.414576920304277508e+01 6.764895358061528441e+01 7.134656694626022500e+01 9.117289365322592687e+01 8.465161875044712758e+01 9.040543057464138599e+01 9.708459316255073190e+01 1.071734461779851273e+02 1.272253907088693552e+02 1.259822837561611379e+02 1.055572241291844904e+02 9.408444777510244705e+01 1.052696499902112350e+02 9.138679355736545062e+01 9.509804231815216724e+01 7.800505986754829735e+01 9.717317096515925812e+01 8.796161900796532507e+01 9.466074384620998217e+01 1.028942897498840381e+02 1.157419238069113732e+02 1.363139527626380811e+02
4.695278246014157020e+01 5.281204998266468920e+01 3.529390535775224436e+01 5.568093327227450828e+01 6.693630632018049198e+01 7.422643374330783672e+01 8.251556781928753992e+01 8.487618247189976728e+01 8.417705644223229910e+01 6.703976221569010363e+01 5.718729240655557788e+01 4.995886147401655819e+01 6.960913948441714183e+01 5.659540834637130047e+01 7.627221128832501051e+01 8.392269431300505289e+01 8.748729219876142338e+01 9.125058040666921499e+01 9.948078866297484524e+01 1.046952685938842649e+02 1.104944766831350762e+02 1.171994184434271773e+02 1.253559023441768545e+02 1.353002178271993898e+02 1.345009710974196366e+02 1.226847358780189126e+02 1.056168892052537132e+02 8.592870749595149960e+01 9.458983206744969152e+01 7.607343601561245805e+01 9.517891216757546147e+01 9.992120528261656887e+01 1.079803385658648835e+02 1.168181572647036432e+02 1.244331975228068501e+02 1.328085890936892781e+02 1.326668927987905704e+02
6.695757322001111334e+01 6.189362718205166658e+01 4.270432332635003547e+01 3.841310537958074178e+01 5.869328795412236133e+01 5.447554297806930634e+01 6.838554750573668173e+01 8.832758096931439695e+01 9.510593392946552171e+01 7.689223202482465069e+01 7.689223202482465069e+01 6.960913948441724131e+01 5.256100297224471518e+01 7.221226017202604908e+01 7.959720473915783145e+01 8.355062346666424844e+01 8.768848538843096208e+01 9.214215962626475687e+01 9.730226074033767247e+01 1.036462997557102454e+02 1.107641085362070612e+02 1.190886181826800367e+02 1.307163511413398567e+02 1.260148843234805298e+02 1.177162287937849356e+02 1.177162287937849356e+02 1.140614245567966236e+02 9.874129993757246382e+01 7.915030115582317194e+01 7.471239793763405146e+01 9.183687830381501271e+01 8.077032393821704659e+01 9.161919075301153725e+01 1.054436460210497870e+02 1.253173657915688892e+02 1.347617205646910463e+02 1.232902360367109225e+02
7.623605938579608221e+01 5.595280416786300748e+01 6.189363207665818578e+01 5.869329089393205834e+01 4.178988199241773316e+01 6.173487360933453516e+01 7.464480669177115146e+01 8.294266946398721529e+01 9.292583996455800843e+01 9.679174125666276041e+01 8.621474458991657741e+01 6.641224121921783308e+01 7.221226017202604908e+01 5.613288641917960575e+01 5.988741576181105586e+01 6.378402892744425401e+01 6.785174937904635328e+01 7.223126575452883458e+01 7.731727506078703982e+01 8.358468690216086827e+01 9.063190511269320382e+01 1.022343385272810821e+02 1.224159910568386920e+02 1.177162287937849356e+02 9.789184439828473216e+01 9.789184439828473216e+01 1.119533643608825599e+02 1.068728454913352408e+02 9.749254773280424047e+01 9.026721115763201908e+01 7.286089350094557915e+01 9.203136264295734748e+01 9.161919121415317591e+01 1.028650161452984833e+02 1.227384536076088466e+02 1.265434546094702455e+02 1.066748472628019186e+02
8.474162975913969831e+01 7.623605938579608221e+01 7.917097652526881291e+01 6.418086367249523505e+01 4.446066131956455081e+01 4.949021198952343781e+01 5.492327809909840397e+01 6.468916972977758917e+01 7.871384754493679736e+01 9.881194381590955800e+01 9.449003573381651222e+01 8.621474458991657741e+01 8.045204711024382505e+01 6.073032738672792163e+01 6.350954315942726680e+01 8.327252319624057009e+01 8.757817098241335430e+01 8.366946144144236541e+01 9.730226074033767247e+01 9.730226074033768668e+01 1.107641085362070612e+02 1.190886181826800367e+02 1.160124686781157379e+02 1.078055639722335002e+02 1.036982721548781115e+02 8.428611585712367571e+01 9.454729391781445713e+01 9.666006772666315783e+01 8.852097312523453354e+01 7.105955998408407481e+01 8.452917028039661318e+01 9.999770210732278031e+01 1.112632143017681443e+02 1.194872370476240775e+02 1.309517315640349295e+02 1.195491872087437315e+02 1.113618247582599707e+02
9.332605812108060661e+01 7.330821544948392443e+01 5.936958527362028804e+01 5.288930778141826039e+01 4.729336436828084089e+01 6.689978501510779552e+01 7.464480669177115146e+01 6.731281904524146853e+01 7.876580806589551287e+01 9.886657555884973192e+01 1.018336657389536981e+02 8.183614866332104043e+01 6.786233691300643045e+01 8.045204711024375399e+01 7.227705182408604401e+01 7.400453816475392443e+01 8.804570349459089584e+01 1.037667509806299933e+02 1.122405056374392416e+02 1.174151060615253357e+02 1.159453233320564181e+02 1.077525794928169205e+02 1.047042537689730466e+02 8.831311224898303180e+01 9.830847037200743443e+01 9.454170273242674227e+01 7.537468484267320434e+01 8.678554944693667039e+01 6.927550777572490404e+01 8.851962525365068757e+01 9.813962427607199857e+01 1.112748636464271357e+02 1.084156903544112396e+02 1.167977505729640058e+02 1.241969448846590893e+02 1.112774407241895176e+02 9.170852137245520908e+01
