MOVIE_S1_data/elevation_000524.asc
nrows	100
cellsize	150.0
xllcorner	0
ncols	100
yllcorner	0
NODATA_value	-9999
[rows 51 to 67 of 100, columns 0 to 36 of 100]
0.000000000000000000e+00 1.999999999531840444e+01 2.191233942465157369e+01 1.441387275875592699e+01 3.102329951925543483e+01 2.561713080611465188e+01 7.048677540996141744e+00 8.062763272572412987e+00 9.138064455101773120e+00 1.021811673320678260e+01 1.130297727237748617e+01 1.243914487598633301e+01 1.358082227159206035e+01 3.330681587843859148e+01 1.692582156618143685e+01 1.812259370455918983e+01 3.398511128225355549e+01 4.724755697055976356e+01 5.663710486758755280e+01 6.818922551890175043e+01 7.787439235742803589e+01 6.933348383247142976e+01 7.480918441604966063e+01 7.778487543911390389e+01 8.220097492546460671e+01 7.475423964598064686e+01 8.323191287579406605e+01 9.504825098514996284e+01 1.071185347349717460e+02 1.035954226127600180e+02 8.374598338960510091e+01 6.983284849726902621e+01 6.002895720808393065e+01 5.401820348823282814e+01 6.211556967495960180e+01 7.605099498110310208e+01 7.570875854299723073e+01
0.000000000000000000e+00 1.415547682367668969e+01 3.428572830553426343e+01 3.422271611928946555e+01 4.230467494506842030e+01 3.204152463438978060e+01 1.239382852531045209e+01 2.770997552208211445e+01 2.913038550493120482e+01 3.022607127620232248e+01 1.515176814215740997e+01 3.199197278993550597e+01 3.357614779452931941e+01 1.523893475213392890e+01 3.485107816058552288e+01 3.812331571748724457e+01 2.025251905594246793e+01 2.840612724651251852e+01 3.989242447613083442e+01 5.982443479865709435e+01 6.861931030667361142e+01 6.885670905924715157e+01 7.724718498352888219e+01 7.778273944522523209e+01 8.156528668081784872e+01 8.557034836159920133e+01 8.727065322813805892e+01 9.573320640225546185e+01 9.678310718468316054e+01 1.052204789993414522e+02 9.367070300117281079e+01 7.390791135967107550e+01 7.916374284789020521e+01 5.958455169044246702e+01 4.882252066908231569e+01 6.310029242759964774e+01 7.123693505234157897e+01
0.000000000000000000e+00 1.154700538379241515e+01 2.568914100752311569e+01 4.568914100752144947e+01 4.966276699421575103e+01 2.887142857713395472e+01 3.245515810438476478e+01 2.238688640921732542e+01 4.212006636904032320e+01 3.906877080738642860e+01 1.907218814033124588e+01 3.891695599097691627e+01 2.677890182354608584e+01 3.538633320723619136e+01 4.312109653040371171e+01 4.184300022181215439e+01 2.179363409943425722e+01 4.184300022181215439e+01 5.663710368265558515e+01 6.272928175865691713e+01 4.839859001988757825e+01 4.864762400289146882e+01 6.022754294416299814e+01 5.746139280696741736e+01 6.119564642638060548e+01 6.514846069815256158e+01 6.680839408908636301e+01 8.225820779243274217e+01 7.624179747205783997e+01 9.678310718468316054e+01 1.019795118828021288e+02 9.367070300117281079e+01 8.741116042731540858e+01 7.605099498108910439e+01 6.310029242759998880e+01 4.450214529716809153e+01 5.871657811503499147e+01
0.000000000000000000e+00 1.414213562373082489e+01 3.414213562373011257e+01 4.335078059392161975e+01 5.163581371855426028e+01 4.974492460878047240e+01 5.003664027776354573e+01 3.235725677493499575e+01 5.003663848493071953e+01 4.323887133627313517e+01 2.323976966291186486e+01 4.323887132699360336e+01 4.087994676511161884e+01 4.304362812246158398e+01 5.501898446878942650e+01 3.490131659730119651e+01 2.334856438605959994e+01 4.340433301241740338e+01 4.773402811614587193e+01 5.041748845703382642e+01 3.422573987805812834e+01 3.708588090652906288e+01 4.010256294645701303e+01 4.326439095908282439e+01 4.697603228377968776e+01 5.089638615889300155e+01 5.516194647010984653e+01 6.185387163307056113e+01 7.357639762762434543e+01 9.411778102839484461e+01 1.046234245121151218e+02 9.356402805588481897e+01 7.958551202539700853e+01 7.137320299723410244e+01 6.653415679410169048e+01 5.871657811349171396e+01 4.031751984285072865e+01
0.000000000000000000e+00 1.999999999999964473e+01 3.180374887170784604e+01 2.335073497443774926e+01 3.749287173219634894e+01 5.749302361504410896e+01 5.970647343477667590e+01 5.188292776358440506e+01 5.970564083121102783e+01 4.185287384256535148e+01 2.771033519255163569e+01 4.771120017045077333e+01 6.061910243697975886e+01 5.702991686189298548e+01 6.342312513436488075e+01 4.682067090238793838e+01 2.677657397253404525e+01 2.586616698326076857e+01 2.766171953746840728e+01 3.033604185786534657e+01 5.041748847817866164e+01 5.719358805480855779e+01 5.428684668611142428e+01 5.746139280696741736e+01 5.483658274845556235e+01 7.112989311014612781e+01 7.545676240597863682e+01 6.523258478246015102e+01 8.568094002949715104e+01 1.025661585892318897e+02 9.631931431530054510e+01 7.653546589732144412e+01 6.560357079552466075e+01 5.201701818749621253e+01 4.761607541953775780e+01 4.378085074365394291e+01 3.996992664646008819e+01
0.000000000000000000e+00 5.773502691896282180e+00 1.180372958345160761e+01 3.180374887170784604e+01 5.163581371855072177e+01 4.703854177041313278e+01 5.410966846260652829e+01 6.239658465816741284e+01 7.015282423239712273e+01 5.271125890837499384e+01 3.271102395667836760e+01 4.685271769230195105e+01 6.685502856793914361e+01 7.658254396261690999e+01 6.196980119139400500e+01 4.186822397876770907e+01 3.031362873158991889e+01 4.593149263536746929e+01 4.773402813271122369e+01 3.117266262974218094e+01 5.125043909563976285e+01 6.331699495588470938e+01 7.456965242029026797e+01 7.778273944522523209e+01 7.512949685861089222e+01 6.914045823907031263e+01 8.958831511948180548e+01 7.966337092840029754e+01 7.966337092840029754e+01 1.002086369658826328e+02 9.156299576443041133e+01 7.182284742117116139e+01 6.050468262819801879e+01 7.137314303995113107e+01 6.079999943562436471e+01 6.230394520006038306e+01 5.835480819113221429e+01
0.000000000000000000e+00 1.999999999999964473e+01 3.180372672970556991e+01 4.008676409368244720e+01 3.809420807293996347e+01 2.703840158051977838e+01 3.410946941583092951e+01 4.565647699022930084e+01 6.565706143335361844e+01 6.100503493558750279e+01 4.425869939107850826e+01 4.271243197705184258e+01 5.425392907952326738e+01 7.426141079248057508e+01 7.037509984642746019e+01 5.415745839720773347e+01 3.409690806917322448e+01 5.415745839721467547e+01 5.125043909563976996e+01 5.125043909563976285e+01 3.482830260606951356e+01 5.491836607726850872e+01 5.875274735111436542e+01 7.903515253017397413e+01 8.831354389315892206e+01 8.958831511948180548e+01 9.803419634623512025e+01 1.002086369658826186e+02 1.002086369658826328e+02 1.086321474045659130e+02 9.985540345145292918e+01 8.841030754092092536e+01 8.016598984851607668e+01 8.840825634853115389e+01 8.037763726010192045e+01 7.562701149804361478e+01 5.975833652953765096e+01
0.000000000000000000e+00 1.999999999999964473e+01 2.671385554390614558e+01 3.024939274273233281e+01 1.809412966377277243e+01 3.809420807293996347e+01 5.410971652741834959e+01 6.239669459173357779e+01 7.394573637340300820e+01 7.255829747364950322e+01 6.425766993600198873e+01 5.684825161815833638e+01 6.271008583969818773e+01 8.256928896613682411e+01 7.244572989044586109e+01 5.225939062543857716e+01 3.809996195076568171e+01 5.817183250882692391e+01 7.147048967708889222e+01 6.331699495588470938e+01 5.491836607726850872e+01 3.864508231477694977e+01 5.875274735111436542e+01 6.923704396995997001e+01 6.790649585776097297e+01 7.913146200671384634e+01 8.635118619970029386e+01 9.480133198329129129e+01 1.050281390492235829e+02 1.124374525010121033e+02 1.040929311672269364e+02 9.740167759716749174e+01 8.658013431243112734e+01 7.879115175798685300e+01 7.205327539786586044e+01 6.599931670794262573e+01 5.859167964205702361e+01
0.000000000000000000e+00 3.333333333333340143e+00 6.713950352247421094e+00 1.024948425818018904e+01 3.024953637109974736e+01 4.421941406903030014e+01 5.179642190488831233e+01 5.180546048537490122e+01 7.189477773440303565e+01 8.858670611740602396e+01 8.030563271376455248e+01 7.686180551772265801e+01 8.273622711162812493e+01 7.936135647310585739e+01 5.910019672645668720e+01 4.752855367166874601e+01 5.225939062543857716e+01 4.704426931424954716e+01 6.717422023922125618e+01 7.418660025970443428e+01 5.392942142093482261e+01 4.235940024718583885e+01 4.467524730505996899e+01 4.903902154849129147e+01 5.362979281597753811e+01 5.880650953103360479e+01 6.593072245907133322e+01 7.610236054418271578e+01 9.660001185521799982e+01 1.009721096279304646e+02 8.435321273610520620e+01 8.957829024102490223e+01 7.089441832012155942e+01 5.973355949810915178e+01 5.279106797932526973e+01 4.664406125220718735e+01 4.161721807223855762e+01
0.000000000000000000e+00 1.999999999999964473e+01 2.671397557911891951e+01 3.024953637109974736e+01 1.755245169160180652e+01 2.421911835845029159e+01 3.177844614439902315e+01 4.592812520967492418e+01 6.599797029921901981e+01 7.220695571091680165e+01 6.030071092976847780e+01 6.875578573665703175e+01 8.875716976914350198e+01 8.780992808352301893e+01 7.608922933729755300e+01 5.754246873952224917e+01 7.244572989044580424e+01 5.411708913048784098e+01 7.431540236894149132e+01 8.262709556115353848e+01 7.012961148359053709e+01 4.992004732233649378e+01 4.902559977961731619e+01 6.922386632506596982e+01 7.388358184332942358e+01 7.314054589582453048e+01 7.537824560725604783e+01 9.480133198329119182e+01 1.050281390492235829e+02 9.218125757204940385e+01 7.317299455775740569e+01 8.802885232399739834e+01 8.658013405987313149e+01 7.879115175798685300e+01 6.597816106492750521e+01 6.599931670794262573e+01 5.495040560188079581e+01
0.000000000000000000e+00 6.666666666666637653e+00 2.666666667472587804e+01 4.564138072532222878e+01 3.755259133688804241e+01 3.169459131888245196e+01 5.169505442873893486e+01 6.014323000413435949e+01 6.634248059098854355e+01 5.219425610231213852e+01 4.873867478886010929e+01 6.875578573665704596e+01 7.723786976901699575e+01 8.551945728699342908e+01 8.623278952993626945e+01 7.180908716921456403e+01 8.275925244126440816e+01 6.415190961325210139e+01 8.275925244135727610e+01 8.452997089499449146e+01 6.416478795104644917e+01 7.012961193522424708e+01 6.062816635849712554e+01 5.688767249573099605e+01 7.718521985855659295e+01 9.359481293266254909e+01 9.583135987854743121e+01 1.042566125036956066e+02 9.960188323911327757e+01 8.396515677637704300e+01 6.462261900501000866e+01 6.860467934303309789e+01 7.902129653779492457e+01 8.719998589832187008e+01 8.496135026084279218e+01 8.088571271287496245e+01 7.027186735811839924e+01
0.000000000000000000e+00 1.999999997125097195e+01 1.735711634316342611e+01 2.890412172695573645e+01 4.890412165075537132e+01 5.169505442873893486e+01 5.998308877801252237e+01 6.043622955190960511e+01 5.214667659706812231e+01 3.801599859061163755e+01 4.381230728915824102e+01 5.015294203018175523e+01 5.723325444145677210e+01 6.878488261807210336e+01 8.878486495507124232e+01 9.221101041632456941e+01 9.293594615600999020e+01 8.447889512463098072e+01 9.293594615600999020e+01 9.297099788744633031e+01 8.452997089499449146e+01 8.941114790288995096e+01 8.096581190819418339e+01 6.855361071485621949e+01 6.697810726185420549e+01 8.139708654114281217e+01 1.018661364508799778e+02 1.053089330301020112e+02 8.554662114755576852e+01 7.183644439719759589e+01 6.229345040261195976e+01 5.531593441313159332e+01 5.987625802399181651e+01 7.604512070452676653e+01 8.940635061850323950e+01 8.520419316050588066e+01 7.711160336100718382e+01
0.000000000000000000e+00 1.999999999999964473e+01 3.735711631095721685e+01 4.564138072532222878e+01 5.718838137282670431e+01 5.916754569119576956e+01 5.460788561160951815e+01 5.214667659706801572e+01 3.208806311774940667e+01 5.214667659706812231e+01 6.383674798767254543e+01 7.016517019244388109e+01 7.723786976901699575e+01 8.551945728699342908e+01 9.706460602105013891e+01 9.532348666921531333e+01 8.705417861300318805e+01 8.964445694695999123e+01 9.791386138713818355e+01 9.830566709940868009e+01 9.003423603603505398e+01 9.830566709940868009e+01 9.741618598617122871e+01 8.897621722438918823e+01 8.139708654114281217e+01 8.363796850970479113e+01 1.040973363216770053e+02 1.002293861226006868e+02 9.196310641170050815e+01 8.978531819524027924e+01 8.158565634161385560e+01 6.796790339820489635e+01 4.949056102729309004e+01 6.796790339820489635e+01 7.004462034297881701e+01 7.711160336100718382e+01 5.822702207991925150e+01
0.000000000000000000e+00 1.999999294176913622e+01 3.983037882806922880e+01 4.804044166127199134e+01 3.990910154470221016e+01 3.503277974545686391e+01 3.619822259859792268e+01 4.835596381806790589e+01 2.828630996528740837e+01 4.835596381807025779e+01 6.461472191039321444e+01 7.197818473057104427e+01 7.197818473057104427e+01 8.026078071618127296e+01 9.378371381653623473e+01 8.379507077180657859e+01 6.708475017797415774e+01 6.967628015647511575e+01 8.964445694695999123e+01 8.832182574605870684e+01 7.006709940643079904e+01 8.832182574605870684e+01 8.959692469115640279e+01 9.786843891862103817e+01 1.018661364508799778e+02 1.040973363216770053e+02 9.727687623082094603e+01 8.902544527276862141e+01 7.244781521661516877e+01 7.602893787510434720e+01 7.124693845539458437e+01 6.427243492403648872e+01 4.617377108262142116e+01 5.151510997736136943e+01 6.726371954816076482e+01 7.645599128556264645e+01 5.773986369263683116e+01
0.000000000000000000e+00 1.154700538317330150e+01 3.154699211399514525e+01 3.721413370791559316e+01 2.041324455631426105e+01 1.953772746430407992e+01 3.262911537072984203e+01 4.444402346565485828e+01 2.467396900559336004e+01 3.627802108917214952e+01 5.632614484679783118e+01 5.198563218487542059e+01 5.198563218487542059e+01 7.197818473057104427e+01 8.551392852379073872e+01 6.554312803454267566e+01 5.554876152659616650e+01 7.552482373047628528e+01 8.696550379326390612e+01 7.869388915629802739e+01 6.007538193444102603e+01 7.696782655277910123e+01 6.962856723562408945e+01 8.374979309346952050e+01 1.037131490952723283e+02 1.003739609760452822e+02 8.071775518747692502e+01 6.956530506685243154e+01 6.280377989375229220e+01 5.690094019626537403e+01 5.244660871823505488e+01 4.855149745530924577e+01 4.504469987224300809e+01 4.168603313126772747e+01 5.600906863740051023e+01 6.371554313604256237e+01 5.771224078252862455e+01
0.000000000000000000e+00 1.999999738969805563e+01 2.393181686189138091e+01 2.593181500487254354e+01 8.929946663693833386e+00 1.111215481729108490e+01 3.113509613928238906e+01 3.676545770333223118e+01 2.132511713362262995e+01 4.138920282735940503e+01 4.931604172037398115e+01 3.784777658684950552e+01 4.939176486485491324e+01 6.938361573206245225e+01 8.332996500907559323e+01 6.335826175451428099e+01 4.923554650210787997e+01 6.920783820592988889e+01 7.543428795565810674e+01 5.871990887717774399e+01 5.252470991974050918e+01 5.699031584138183604e+01 7.696782655277910123e+01 9.375448607643335208e+01 1.052814031883405193e+02 1.087009798685250246e+02 9.727687623082094603e+01 8.902544527276862141e+01 8.214524672154642815e+01 7.602893787510434720e+01 7.124693845539458437e+01 6.131802150103698068e+01 6.301471692473073460e+01 5.062267367599843482e+01 3.846924251834303021e+01 5.284818253958881229e+01 5.064817447849885212e+01
0.000000000000000000e+00 1.961161351381838447e+00 3.931819907710420559e+00 5.931819907710412565e+00 2.593181462159988016e+01 3.113509604716896817e+01 1.437935322822988304e+01 1.672244037551641682e+01 2.073374180902972341e+01 2.492210304331816317e+01 2.930538318114511398e+01 4.931604172037398115e+01 6.612320645052840007e+01 7.766619367687971476e+01 7.958386475771519031e+01 6.436384580512398657e+01 4.439964116678951456e+01 5.946312732113885602e+01 6.258047465735136683e+01 4.719190886923158956e+01 6.716190626535963304e+01 7.696782655277910123e+01 6.551242511062868346e+01 7.704633795681193931e+01 9.700896636468837642e+01 1.020254057040466193e+02 9.229465836421539393e+01 8.420726446686143163e+01 7.774207269166033996e+01 7.215066481741371263e+01 8.021487883364993365e+01 8.049164912358499180e+01 7.706884135254942692e+01 6.384575751427395574e+01 5.285868487508948732e+01 3.523883723447467275e+01 3.292999546646561271e+01
