MOVIE_S1_data/elevation_000532.asc
nrows	100
cellsize	150.0
xllcorner	0
ncols	100
yllcorner	0
NODATA_value	-9999
[rows 34 to 50 of 100, columns 0 to 36 of 100]
0.000000000000000000e+00 1.999999999999964473e+01 3.299122198700421649e+01 4.127549323446641694e+01 5.127549323446658747e+01 3.789192885995365145e+01 1.817057151654899627e+01 2.752194639064586212e+01 1.806664260019068990e+01 1.321892581715542470e+01 3.093060637200805729e+01 3.534330823579211511e+01 4.394401999974420647e+01 4.521051529218097187e+01 4.531473865393669342e+01 3.415673454015339416e+01 3.819924065525323442e+01 3.963304453493891799e+01 2.129024771520632342e+01 4.166577325617020477e+01 5.210749502557416690e+01 4.854649012176507483e+01 3.705738845655950797e+01 5.120866943610247546e+01 7.109294196878562389e+01 6.951254369042200665e+01 5.142204701405368183e+01 4.539061241169769545e+01 4.831262525978196010e+01 5.724539019690163144e+01 7.661339253298400820e+01 8.045011069013919780e+01 7.046320176155505521e+01 9.043701961872338302e+01 9.986812948542683444e+01 1.082126247426336221e+02 1.046108120482122104e+02
0.000000000000000000e+00 1.000000000000008704e+01 2.414213562373128852e+01 4.414213562373199551e+01 4.123003183737204580e+01 3.409110097811198870e+01 2.426779376999790117e+01 7.519105568515136895e+00 8.457752108656777068e+00 9.402666474196369251e+00 1.039898820444082084e+01 2.182574340914401390e+01 3.290382009040465761e+01 3.443952384625329444e+01 2.538065199465051691e+01 3.296521389770350652e+01 1.760565444050660844e+01 1.911609418936673421e+01 3.963304453493891799e+01 3.578557346549255413e+01 5.586191783174009373e+01 5.708852803508103335e+01 5.122692069640802259e+01 5.122690708898699796e+01 7.123934873928821787e+01 7.117565355670299709e+01 7.117565355638386393e+01 5.692641274688075725e+01 5.983833142297517327e+01 7.656210584386839457e+01 7.133691883522126886e+01 9.132816214376869368e+01 8.455999230070381145e+01 8.455999230070381145e+01 1.046254186763235623e+02 1.022071676422793587e+02 9.237530688091950992e+01
0.000000000000000000e+00 1.999999999999964473e+01 3.828427124746097832e+01 4.123003183725792553e+01 2.122834158904438695e+01 2.489872013623915592e+01 6.204623991610048961e+00 2.620663331431696363e+01 2.252064812309637531e+01 1.391815560870700530e+01 3.009769553659419472e+01 1.182018101776344565e+01 1.283355639941694548e+01 1.385534569369673186e+01 1.490619169937092003e+01 1.600418086387874439e+01 3.663677769638882609e+01 2.020195017938084803e+01 4.058003457555687277e+01 5.586194382539662939e+01 6.416742948496388976e+01 7.710895333930376694e+01 7.124165564454909827e+01 7.123936384445515557e+01 7.954186256030274649e+01 9.075000747727335693e+01 8.518485612140914043e+01 7.688142108347098258e+01 7.979195642491609419e+01 8.809980441577066301e+01 9.132816214376869368e+01 9.965430471317205274e+01 1.046254186763235623e+02 1.046254186763235623e+02 1.129692891363996665e+02 9.395505090912776325e+01 7.439846597812149298e+01
0.000000000000000000e+00 1.999999999983956656e+01 2.179562190314929282e+01 2.269663235591266215e+01 2.360051561650086072e+01 4.897183088492192304e+00 2.489872013557241104e+01 3.449105382452790991e+01 1.981766378540818607e+01 3.109401702231957287e+01 2.710164822278532526e+01 3.553085631804687239e+01 3.342244356776429015e+01 1.967973528391159022e+01 2.004074102084560138e+01 3.663681353130806428e+01 4.231230960809960351e+01 2.205671975555784670e+01 4.231231524444086745e+01 5.307277518827118712e+01 6.721812171311522377e+01 7.637928169457730121e+01 7.524419278311802373e+01 8.393899321563141314e+01 8.137775667229860233e+01 7.700379996297792218e+01 8.033493109443836033e+01 8.381419821806578341e+01 8.752318895517827002e+01 9.311291660802952208e+01 8.474563186139300797e+01 9.068341020116659479e+01 9.762051469983909158e+01 1.060573074406473211e+02 1.171765619177580220e+02 1.022071676422793587e+02 9.237530688091950992e+01
0.000000000000000000e+00 8.971226080325136465e-01 1.795149118166389890e+00 2.695903816388510510e+00 3.599411719294111300e+00 2.360051561734175962e+01 3.318341720389154403e+01 2.682802231345198507e+01 3.779226329221580016e+01 4.589327458825169970e+01 4.060659115377765715e+01 4.874335933161630408e+01 2.856169501710368763e+01 4.014558788802130351e+01 4.049798764991471955e+01 2.767778508718865993e+01 4.787179196591939956e+01 4.231231524444086745e+01 2.467110772697013843e+01 3.892742866342729968e+01 5.559876620447093387e+01 5.713277314270709439e+01 5.416340712808563751e+01 7.030168123568245164e+01 6.229706401449391961e+01 5.691396747550227531e+01 6.022346285300946533e+01 6.369164982090753568e+01 6.739611987138339089e+01 7.727805745645245850e+01 6.448852864398590157e+01 7.036033816374268213e+01 7.714537310896635347e+01 8.750063515982898821e+01 1.085994908449870451e+02 1.132692240355053883e+02 1.032936057761547630e+02
0.000000000000000000e+00 1.999999961896278222e+01 2.179562185495585780e+01 2.269663235329152329e+01 1.358064267545304737e+01 1.360063211220050228e+01 3.361156516328011890e+01 4.592346692031667033e+01 3.549582000494392275e+01 5.519475668005882341e+01 6.032968887616122089e+01 5.543911892663729901e+01 3.537008367664240183e+01 5.543911892663729901e+01 5.344213908648968214e+01 3.335797739520872085e+01 5.344213908648968214e+01 5.307277310313288154e+01 3.892742866341539809e+01 2.729061016690149444e+01 4.730537658667073941e+01 4.335066279972918579e+01 4.277211272536573716e+01 5.543661036734798131e+01 5.842120573224565305e+01 4.277375824833870865e+01 4.601974130187116430e+01 4.942572882764697084e+01 5.308727643247294736e+01 5.705777420087156315e+01 7.727805745645245850e+01 9.068341020116659479e+01 9.762051469983909158e+01 1.060573074406473211e+02 1.167512233836586262e+02 1.038880408187022084e+02 8.735985875524370670e+01
0.000000000000000000e+00 1.154700538036146185e+01 3.154690708834435853e+01 4.118174328418829333e+01 2.748305321169234716e+01 2.774069854938404589e+01 2.775058027943246231e+01 4.776123436025852698e+01 4.938765847592282654e+01 4.790035810923766491e+01 6.765422009211661702e+01 6.370409978866177880e+01 4.543451763058263992e+01 6.370409978866177880e+01 5.977829228496976555e+01 3.974161657401177905e+01 5.977829228496976555e+01 6.721810751392040117e+01 5.557563873993655079e+01 3.886330469549105260e+01 2.993217290550248322e+01 3.191937250918766722e+01 3.394389156726445833e+01 3.618814933175607962e+01 3.846572913259784343e+01 4.206950511121917913e+01 6.207347518124496588e+01 6.958540779168068013e+01 7.329120192061694183e+01 7.727782167127752189e+01 6.790324335227163033e+01 7.799117449664360890e+01 9.219954697083014139e+01 1.123302847725056637e+02 1.131814080434827758e+02 1.034066853526640273e+02 8.768915600877359395e+01
0.000000000000000000e+00 1.999999999362087522e+01 3.983043902537492187e+01 4.608396121911780341e+01 4.676968216939356893e+01 4.769753393934578867e+01 4.776123436043645398e+01 5.604499764084826552e+01 6.921433192251647881e+01 6.191263876134687649e+01 7.504978370121946796e+01 7.369606374795878878e+01 6.544372368660999939e+01 7.369621556781291360e+01 6.808231997455459350e+01 4.871181749840312136e+01 6.808231997455459350e+01 7.876211425357196561e+01 5.881639251611912300e+01 5.504337656359414410e+01 3.510182113306120044e+01 5.186455777531854494e+01 3.945165997486657261e+01 5.612999329327467990e+01 5.254455816828467363e+01 6.207297962607228925e+01 4.745704820622412257e+01 6.753924050467608708e+01 7.908654142524689235e+01 8.740446747502038249e+01 8.804343803126299406e+01 9.638276277932622804e+01 1.064414564148385693e+02 1.042976996535852692e+02 9.062620557801892573e+01 1.042838617641294974e+02 1.011998859049237467e+02
0.000000000000000000e+00 1.999999999999964473e+01 2.777132665516177212e+01 2.608374895389174597e+01 3.710559589228883937e+01 4.265259989589142720e+01 4.972367173318001932e+01 5.800813274824513144e+01 6.800824276197252516e+01 8.151562361032900128e+01 7.661443271568147395e+01 6.844067140142439598e+01 7.354238763898678144e+01 8.160589055337554498e+01 7.704069883263470331e+01 6.286456639310067374e+01 7.704069883263470331e+01 7.775619666217190229e+01 5.770041330142144176e+01 4.357472814210312606e+01 5.504663571218858920e+01 6.335313698074487831e+01 4.517159711088667251e+01 6.521065153771630207e+01 7.258819248454169326e+01 7.584430492924776956e+01 5.642888734522246352e+01 5.395391688087018878e+01 5.899529416613941635e+01 7.908654142524689235e+01 9.637757112858605524e+01 1.079688039654992053e+02 1.045939872485649857e+02 9.452726204672083554e+01 7.512588274280919620e+01 8.894713248290395313e+01 9.725747111246866439e+01
0.000000000000000000e+00 3.849001794597513015e+00 7.771324497361210781e+00 1.194161277850274239e+01 1.710559057344605449e+01 2.265259253569844233e+01 2.972366034756409903e+01 3.972366034869996554e+01 5.972368311766009441e+01 7.532768173696604208e+01 6.493833812289250318e+01 4.950163206564934626e+01 5.395627902959179067e+01 7.009512308683410708e+01 8.053883747315141761e+01 8.289470599752748114e+01 9.044956198449517615e+01 7.037958918892577742e+01 5.620383959735784885e+01 5.770041329153589515e+01 7.189071375920636342e+01 7.280286839667475363e+01 5.271576471538840281e+01 6.152568247409706714e+01 8.160691248075561077e+01 7.652770502418140097e+01 7.065183643808414615e+01 6.818707401916527999e+01 7.321422540126134493e+01 6.800727077795936282e+01 7.957619802526875219e+01 9.962509672596848986e+01 9.618709155056116344e+01 7.612098863030298901e+01 6.609172196016848488e+01 6.907298665106067403e+01 8.568272146378362208e+01
0.000000000000000000e+00 1.999999999999964473e+01 2.777132665516177212e+01 2.608374844426013794e+01 2.827154473168879534e+01 4.265259989589142720e+01 4.265259989589142720e+01 5.800813274824513144e+01 6.800824276197252516e+01 6.713641153217116653e+01 4.722648346116621809e+01 3.943604708083177712e+01 4.074361329578860591e+01 5.147988212343901893e+01 6.639603686269796867e+01 8.652472825123878408e+01 8.519707108996868783e+01 8.458166154476310794e+01 7.625794812251844235e+01 7.775618666447020644e+01 7.608817641579678082e+01 8.112500114372606674e+01 6.431836822842777224e+01 8.112500114372606674e+01 8.993367610273784862e+01 9.660047257758634487e+01 9.071330665545950467e+01 8.825122291519784312e+01 9.326356641289403626e+01 8.217414057772194269e+01 8.436681924840021907e+01 1.044375102160727522e+02 1.045939872485649857e+02 9.153214269904556488e+01 7.164921334335473091e+01 5.747769563867696974e+01 7.067996826251572884e+01
0.000000000000000000e+00 1.414213562373107536e+01 3.414213562373178235e+01 4.608376177163255960e+01 4.827156440920732194e+01 5.655604974489900627e+01 6.265267541098115345e+01 6.276977087248730669e+01 5.443194548238522401e+01 5.297365979298781724e+01 4.463471778418183789e+01 3.095481572370339407e+01 4.506502889273500045e+01 6.522120730244650133e+01 7.209661107372288313e+01 7.929724436046421943e+01 6.507870047831252691e+01 7.090409266100597563e+01 6.870769026341805841e+01 6.341041149154877132e+01 5.604289230654815412e+01 7.022682773181973914e+01 8.439291116491345690e+01 9.271986271413484815e+01 9.474553789365279499e+01 8.641419451268167506e+01 8.301771206922224167e+01 8.936350773344463505e+01 9.695749702922336155e+01 1.022351003713465616e+02 1.044375102160727522e+02 1.081625616071405744e+02 9.830134652224009528e+01 9.006635575396630600e+01 8.357082724346840052e+01 7.067996826260228715e+01 5.058407328062181563e+01
0.000000000000000000e+00 8.944271909999235604e+00 1.894427190999941146e+01 3.308640753373086341e+01 5.308640753373156684e+01 5.355731281711327796e+01 6.179251326376835607e+01 5.120576639472974989e+01 3.444386051872147192e+01 3.913628178461792828e+01 2.482194952995780923e+01 3.875356016454485086e+01 5.883308827196319868e+01 6.623957287047625186e+01 5.205864060044630293e+01 5.942316763614545749e+01 5.086899947425865065e+01 5.085934764692595422e+01 4.907104807942309321e+01 4.339084957886201721e+01 4.189747851893790198e+01 6.191401346502551206e+01 7.914348293679518065e+01 8.746756294916409047e+01 8.315381550035807834e+01 6.635173279008714076e+01 6.296475551333504228e+01 6.929633986848089933e+01 7.686568989370627492e+01 8.844649442549349772e+01 1.085837427975937999e+02 9.986187805380924942e+01 8.027083345420118121e+01 7.057977022250325660e+01 6.405214975904017649e+01 5.829131904487301341e+01 5.260461238769349990e+01
0.000000000000000000e+00 1.414213562373107536e+01 3.414213562373178235e+01 4.722854315746231180e+01 5.027585640457402150e+01 3.358258041601840205e+01 5.027585639017767249e+01 4.233038433706373382e+01 2.313934400545860726e+01 1.947953068529043463e+01 3.913628178461792828e+01 5.297365979298781724e+01 6.118871201278210492e+01 5.792743112038120046e+01 3.791481065383012350e+01 3.940801374331386597e+01 5.357042785551833219e+01 3.670013338390499769e+01 4.512317803450011411e+01 2.925589428656222779e+01 4.925444350670403537e+01 6.106829310419164614e+01 5.909199465844262988e+01 7.646881970847081789e+01 6.815134467784879746e+01 5.479178036047607492e+01 7.483112683653506281e+01 8.936350773344463505e+01 9.695749702922336155e+01 1.052962501816518994e+02 1.169208621115059827e+02 1.081625616437490152e+02 9.830134652224009528e+01 9.006635575396630600e+01 8.357082724346840052e+01 6.889024451047757225e+01 6.655311766161861442e+01
0.000000000000000000e+00 1.414213562373107536e+01 3.414213562375338995e+01 3.874850477146898697e+01 3.048453107470776402e+01 2.203622469156098518e+01 3.786376277106990784e+01 2.962243232445893426e+01 1.447818112466533513e+01 3.405824377477514275e+01 4.744331548062785231e+01 5.533879062272024640e+01 4.117171317465956548e+01 4.853244677632358162e+01 4.527020998302616306e+01 2.525795829746796883e+01 4.094463750313445871e+01 4.297665991693748566e+01 2.600641397222653950e+01 4.600952537091338002e+01 3.276319776819067187e+01 4.275361903760374105e+01 5.925252249921506831e+01 6.211223500985583001e+01 4.812188384130828211e+01 6.815134467784879746e+01 8.129034324275087897e+01 8.797811765835487563e+01 9.631169719774166538e+01 1.079224966412998441e+02 1.113988918326627271e+02 9.983074051976417707e+01 9.149290876833433117e+01 9.408576965584184393e+01 9.672426986902020474e+01 8.849476586912064136e+01 8.537784438347756577e+01
0.000000000000000000e+00 1.999999999999075939e+01 2.190591519016597388e+01 2.286268388619060943e+01 1.048927084568195234e+01 2.480351069393312713e+01 2.578527141567198200e+01 1.005020812495669169e+01 2.962243232447217878e+01 4.233037637917915674e+01 4.464964906439806214e+01 4.702608814141203197e+01 2.701276148641778363e+01 2.850780101279169543e+01 3.625156556206925274e+01 1.890009504683459340e+01 2.091788729512833811e+01 2.296231996159160715e+01 3.711545314275574725e+01 5.430571881660479505e+01 5.276256517630200449e+01 3.647217244233085864e+01 3.924121723078275181e+01 4.209425338059390498e+01 6.211223500985583001e+01 7.274118189324302364e+01 6.124078267924833341e+01 6.791479441154278618e+01 7.948196249879153186e+01 9.958408144081259650e+01 1.030086189245412385e+02 8.306282384875403579e+01 7.167738955205879847e+01 7.423960693398396415e+01 8.833718311627271191e+01 9.861722813480956518e+01 9.474644893096022713e+01
0.000000000000000000e+00 9.523809523809527722e-01 1.905843541626546012e+00 2.862573288096427859e+00 3.822604009571068495e+00 4.795037286223703177e+00 5.780366770377081131e+00 1.302149616715887781e+01 2.722660014738817225e+01 2.937092518830212384e+01 2.462321918252004238e+01 3.161454509100484955e+01 3.244249005555398924e+01 1.431735096432986509e+01 1.619189855312380644e+01 3.625161831079553565e+01 4.094287215848641637e+01 3.191877971460170826e+01 5.127181436137944104e+01 6.542093370723090118e+01 6.478611364948447715e+01 4.646478050428439133e+01 5.925252249921506831e+01 6.211221177751459521e+01 4.798927873979860692e+01 5.270473989179112806e+01 6.426390780741307651e+01 8.432135364933016319e+01 8.428676092641735806e+01 1.044027715740643458e+02 9.828245340150034792e+01 8.833718378524169168e+01 8.005241341468541805e+01 6.022901950219172562e+01 7.043204055542035746e+01 9.028668263802711635e+01 8.887091819564878392e+01
