MOVIE_S1_data/elevation_000811.asc
nrows	100
cellsize	150.0
xllcorner	0
ncols	100
yllcorner	0
NODATA_value	-9999
[rows 17 to 33 of 100, columns 0 to 36 of 100]
0.000000000000000000e+00 1.414213562373107536e+01 3.414213562377771183e+01 4.505494575530222079e+01 3.723234697569940010e+01 2.006120503291858981e+01 2.138047405734559803e+01 3.823580644052128719e+01 4.309480012422422135e+01 4.058289672620794875e+01 2.088756789433650596e+01 1.759713785077082449e+01 1.080124138082818597e+01 2.007325359041674773e+01 3.669662679359008450e+01 2.275724959012367776e+01 4.412684123738787889e+01 6.058196756365821045e+01 6.984102969212564460e+01 7.293028981193411653e+01 6.880664597165880991e+01 7.841611542704109183e+01 5.448717435380335417e+01 3.792480350081282126e+01 6.102750742118418970e+01 6.717360844426256961e+01 4.746172333186157744e+01 3.359166128402772244e+01 4.553986521747673777e+01 3.991838451421869394e+01 2.290462578495515444e+01 4.048409459628072682e+01 4.270227121877760368e+01 2.486538910600850016e+01 4.435398093110889306e+01 6.097741079411500920e+01 6.660872638722214845e+01
0.000000000000000000e+00 1.414213562373107536e+01 3.414213562377187827e+01 5.064864364596536461e+01 3.216566999253308978e+01 3.898456766699678866e+01 3.984909275586533539e+01 3.143472677753688771e+01 4.860667846996725672e+01 4.190152479178807710e+01 2.910303121336437115e+01 2.271376148908836967e+01 1.101757497845143696e+01 1.092145923337582047e+01 1.454266170481825604e+01 3.669897282986532616e+01 4.652284697134501101e+01 5.475840542694796653e+01 7.260855664382408747e+01 5.513470954259116041e+01 7.299223772308211267e+01 6.802015413913068187e+01 4.900822013639163544e+01 3.118610446516260382e+01 5.264099599850535327e+01 4.923415457157552311e+01 5.086978140299309814e+01 4.556430643914865186e+01 2.667550740296719169e+01 2.246079966361703839e+01 4.179405602842374634e+01 4.514486316812237021e+01 2.545621286837198127e+01 3.808765011677132151e+01 3.347941016753762966e+01 5.238912029872309262e+01 6.990513020084830487e+01
0.000000000000000000e+00 1.414213562373107536e+01 3.414213562375949351e+01 4.725228830787625611e+01 5.064864364445782030e+01 5.057476328023746959e+01 5.611775479490094654e+01 4.155729109841813340e+01 5.604611025060992091e+01 4.070382742796126507e+01 2.231959717093170426e+01 1.131482924919608024e+01 1.595502440276740863e+01 3.197114017963892252e+01 3.669815779539015921e+01 2.115302578962958790e+01 2.585787141565432989e+01 4.428589912912963911e+01 5.795762030757130390e+01 4.792524374794003705e+01 6.642780746371779799e+01 5.847083458840415915e+01 3.747011193696309306e+01 2.560379398853703492e+01 4.051124421378968776e+01 3.191684267318909463e+01 3.011709117681214209e+01 4.108947719185089653e+01 2.201591650180497695e+01 4.169988886068966849e+01 4.796449438743469784e+01 2.901035578575358187e+01 2.587284732071729110e+01 4.401929319171227206e+01 4.712390799373770989e+01 4.349106144422830766e+01 5.617887251930322634e+01
0.000000000000000000e+00 8.944271927921295884e+00 1.894427313115451028e+01 3.308670689081210270e+01 5.310297150225247265e+01 6.878271259448622743e+01 6.615605862540594728e+01 5.863991553727974804e+01 5.727765151588184267e+01 4.047357383981129431e+01 3.083399899109918252e+01 1.152366842631419352e+01 2.301097105267536591e+01 3.828667149425563565e+01 5.057773055344848245e+01 4.238330954084785418e+01 4.652284698391516571e+01 3.296414799633058834e+01 3.858426187468404578e+01 5.795760022832352831e+01 6.402481922688241411e+01 5.042153411528304474e+01 2.287001560405170864e+01 2.040899353090717838e+01 2.069504349954161171e+01 2.098177376779506176e+01 2.127427379816374398e+01 2.157601205378103160e+01 3.606615245650041857e+01 4.935361490991911637e+01 5.672941072733552659e+01 4.234554306040099192e+01 3.372914792379593507e+01 2.646520415582062569e+01 4.664463312044136245e+01 6.059735559475001310e+01 6.960709487894233405e+01
0.000000000000000000e+00 1.999999999999964473e+01 3.050976302924883754e+01 3.654076053669562185e+01 4.361462533043858514e+01 5.193835040771136846e+01 6.349881133982148640e+01 6.593989871108757939e+01 5.655853937626820027e+01 4.370913266241232975e+01 2.532407808862659238e+01 1.173418282540369795e+01 2.407231439087540892e+01 3.833092673916532789e+01 4.793180153024854206e+01 5.631045878179177322e+01 6.096742396042244394e+01 4.456116350009862970e+01 5.795762030754311667e+01 6.590766083723698898e+01 5.484699241186159213e+01 3.060637480946241951e+01 1.999986806029379593e+01 2.881245390104519188e+01 3.771846790070549815e+01 4.080764297405794849e+01 4.091189733091604097e+01 2.237847663030143153e+01 3.273091638734857867e+01 5.252633284214009990e+01 6.030565320213072766e+01 4.450968925757182149e+01 4.503666278148824631e+01 2.688260522739220804e+01 4.639682414728831361e+01 6.279393270629399382e+01 7.411200527829585383e+01
0.000000000000000000e+00 5.163977794943249933e+00 1.050920263319332193e+01 1.653942952488723961e+01 2.361049735334283639e+01 3.515755430213224741e+01 5.517526177159483325e+01 5.803889837978507416e+01 3.942154847019332209e+01 2.917998943379007670e+01 3.149470335757363770e+01 1.194994435996136239e+01 1.717738627424767373e+01 2.245354869179847412e+01 2.802958420860102606e+01 4.793628436916894486e+01 6.700109113922583504e+01 6.425609249340949702e+01 7.228607607649553302e+01 8.010113485389712196e+01 6.268860049039192006e+01 4.715515867831087604e+01 1.970160388854209188e+01 2.125534519593300686e+01 3.635811770130730736e+01 4.715597761775106278e+01 4.740956534416273627e+01 3.442114783306562487e+01 5.085142813417942165e+01 5.257161266502917840e+01 6.627680189862847726e+01 5.881671535838523823e+01 4.657392100582019623e+01 2.729607423193769122e+01 3.241720009231914901e+01 5.440072053817169007e+01 6.597895101191822675e+01
0.000000000000000000e+00 1.999999999999964473e+01 3.050976302924883754e+01 3.654076053674124580e+01 4.361462624029440605e+01 5.193099724716174848e+01 6.239558970981669006e+01 6.586696850454896435e+01 5.473394137971520479e+01 3.845678520619223661e+01 1.411452607822719152e+01 1.217454862637027979e+01 2.238161711787562780e+01 4.027987484401780449e+01 4.793450039341763613e+01 3.923780236641760411e+01 5.305949156096853159e+01 7.298819819700436540e+01 8.340957030402411476e+01 6.499511918236814267e+01 5.259460826029601321e+01 6.044181334151277696e+01 4.276504451941345053e+01 1.926647882510189902e+01 3.361197906206966479e+01 3.628664889015971085e+01 4.925297042106601708e+01 5.473809900953895635e+01 6.455346556466808750e+01 7.235437760285346087e+01 6.969395679217385009e+01 5.798060984772113358e+01 4.561657379090965492e+01 2.989431896514711440e+01 2.787183339912072100e+01 5.987864265256727236e+01 5.633615977866899982e+01
0.000000000000000000e+00 1.999999999999964473e+01 2.883566166201410041e+01 3.354900104078696899e+01 3.854794591179847885e+01 4.610258034504978752e+01 4.243646991931828438e+01 6.239558970981836694e+01 4.751612687774976251e+01 2.546160715263012975e+01 1.253801925864998168e+01 1.241071129979803622e+01 3.181853226205278773e+01 3.486000604821347792e+01 4.403411988088747364e+01 5.384134931246329359e+01 5.604421944001175859e+01 7.480516249723832800e+01 9.063910770128721595e+01 8.016998916030821931e+01 6.114690917247562396e+01 3.833822402640392113e+01 4.290725503732156909e+01 1.894360460378311473e+01 2.769950600958683040e+01 3.618066149208772941e+01 3.220738675566565234e+01 4.459431589901655002e+01 6.740807537978908215e+01 7.864534670877888800e+01 6.235733979993709397e+01 4.325105939046396486e+01 3.443597459550287709e+01 3.550666865987828658e+01 2.827232160092534130e+01 4.981656166065089053e+01 3.648560250519681603e+01
0.000000000000000000e+00 4.364357804719747769e+00 8.836493759715105867e+00 1.355053896750681197e+01 1.855053896515891054e+01 2.610982734871662103e+01 4.025117289996913428e+01 6.023602740263709165e+01 4.943289172938068532e+01 2.816727904841637908e+01 3.127048481248866807e+01 3.134705815077153090e+01 1.276899922452797220e+01 1.306734004940158833e+01 2.299833482002950547e+01 3.648607210777772281e+01 5.880262822035169989e+01 8.167869741253534244e+01 7.816686952111710696e+01 7.853015865354142022e+01 6.010080120284212057e+01 5.086539801966151941e+01 2.607009279608158536e+01 1.861007897955376222e+01 2.098028379892657114e+01 2.122805822725578295e+01 4.526842145570610398e+01 6.301499175412193665e+01 7.715976516292458598e+01 7.054790502026638421e+01 5.121238393396626520e+01 4.242443578697336903e+01 5.099987123842333148e+01 4.450214394951448327e+01 2.866436896000272938e+01 3.662388491432403725e+01 3.335231514596904390e+01
0.000000000000000000e+00 4.999999999999977796e+00 1.016397779494315401e+01 3.016397774391532138e+01 3.854794591179847885e+01 3.009748245739413619e+01 4.164396579250590946e+01 6.163102976134413069e+01 5.738098354835278769e+01 4.737455958687041857e+01 4.058455242812105723e+01 2.125980116472910098e+01 3.163726538526703180e+01 1.313802365840572151e+01 2.734133650092692491e+01 4.767603999311513974e+01 6.104992979593447444e+01 6.808119964397137380e+01 5.417282133739634276e+01 6.979982556183901465e+01 6.126273622063953184e+01 4.184229008708974362e+01 3.957307746443848373e+01 3.792007403327154691e+01 1.812531666999143098e+01 3.228098877631216368e+01 4.042433728928143211e+01 6.064740870910446091e+01 7.902661442844532758e+01 7.882294478358956269e+01 6.898810944341228435e+01 6.086888212749247629e+01 6.696861351190666767e+01 5.088783950602650208e+01 3.268621800238985031e+01 2.919765710868162500e+01 3.397011100507225478e+01
0.000000000000000000e+00 1.999999999999964473e+01 3.016397774391530717e+01 1.832894360422027091e+01 3.832894346204116687e+01 5.009149332830292423e+01 5.836011060248311821e+01 6.989249789674907731e+01 6.395196643153515481e+01 4.489333135190913993e+01 3.116591254802004229e+01 4.081726312742737406e+01 3.348296505682707647e+01 1.341832762276360924e+01 2.973595381349423761e+01 4.964503114603903100e+01 4.148152161509791114e+01 5.564499023040698944e+01 3.625581553057280360e+01 5.824810265087562300e+01 6.218807522294167001e+01 4.129592931243843879e+01 2.819335327702395944e+01 3.697836599732867313e+01 1.776856595946876993e+01 3.616460813888626546e+01 5.670172064588360428e+01 6.308802856692361161e+01 5.865625331051533209e+01 7.191378654402569737e+01 7.397218880939202279e+01 7.454535817716140400e+01 5.420865330319669084e+01 4.018061812075347916e+01 5.093629788752269860e+01 4.411975798709296015e+01 2.971438767425338057e+01
0.000000000000000000e+00 1.999999999999964473e+01 3.299122198700280251e+01 3.832894346204116687e+01 2.775703402004073794e+01 3.482810183190596831e+01 4.897023745439118869e+01 6.897023773622868248e+01 6.395830320705855598e+01 4.489351116679110021e+01 5.047899286153763398e+01 3.515932661818891347e+01 1.757884837785985965e+01 1.747827929139661762e+01 1.383281357627746466e+01 3.755076523395093346e+01 2.747880059912776218e+01 3.962474534233079027e+01 2.578379972291618571e+01 4.740880336525055583e+01 4.627086553173029415e+01 4.127160893027118505e+01 3.693405650021863806e+01 1.725118833654274653e+01 1.814915960773622672e+01 3.823393054503785748e+01 4.902210742806124699e+01 4.273570984802105244e+01 4.419846492845837105e+01 5.152029058870434142e+01 5.373967811768423530e+01 7.397218880939202279e+01 6.836357544281371190e+01 5.001260672593771517e+01 6.822416114355644368e+01 6.146795692487059171e+01 5.919517974051262144e+01
0.000000000000000000e+00 6.324555320336785691e+00 1.299122198700351127e+01 2.193549389700282504e+01 4.193549389700353203e+01 5.482810120492415251e+01 4.897023745305068587e+01 6.897023371595625463e+01 7.187553436336848733e+01 6.395830514834290170e+01 4.768901213760024405e+01 2.787916911541784870e+01 3.022885983212443151e+01 1.794915984267257869e+01 1.691055982958842918e+01 1.424857725662393371e+01 1.454460756883639228e+01 1.785948650921178071e+01 2.491911788998895361e+01 3.361285572291397727e+01 2.645514563898634464e+01 3.542489376615963437e+01 1.673635590579446486e+01 3.657104831568302927e+01 3.717226951677812252e+01 2.062949277308471352e+01 4.065276546425950244e+01 2.858351360825646381e+01 3.259358423864530607e+01 3.712747581899015614e+01 5.749340726191753959e+01 7.453259386936656483e+01 7.872964517475095647e+01 6.434616996757196716e+01 7.628757755513798600e+01 5.684607404983152890e+01 4.521691437267384117e+01
0.000000000000000000e+00 1.999999999999964473e+01 3.299122198700421649e+01 4.127549323447639296e+01 3.826542551555792215e+01 5.826542551555862559e+01 6.897023431802530524e+01 7.725435965288895090e+01 7.663306526080111780e+01 6.834303655961211632e+01 5.604908456302381126e+01 4.177080325171423425e+01 5.013679715421644545e+01 3.546443576424102417e+01 1.724799965055679252e+01 1.691932496983922363e+01 2.325862945399451576e+01 1.496931006516283524e+01 1.527344316621056919e+01 1.558340481004966094e+01 1.590456554543576928e+01 1.623816102002252393e+01 3.651436269702519866e+01 2.591420518204515488e+01 4.561443683450445974e+01 4.065271540078362023e+01 2.321784233399406006e+01 4.322468970506103858e+01 5.282399541177482405e+01 5.749340725131901308e+01 4.576077575276514153e+01 6.026653366438650750e+01 8.050747718253320784e+01 8.501572076127742150e+01 8.437644297746386712e+01 6.516471828691737755e+01 5.339736957014608265e+01
0.000000000000000000e+00 1.999999999999964473e+01 3.299122198700421649e+01 4.127549323446641694e+01 5.127549323446658747e+01 6.654969676305765347e+01 6.504950769366546126e+01 6.593446197737604564e+01 5.764412567819963584e+01 4.832720702577525884e+01 6.507724812504368117e+01 6.197685809195602502e+01 5.011882439551691704e+01 2.951931956102962573e+01 3.552864671251802520e+01 2.226577537117270111e+01 2.243343111627703834e+01 3.530753234800440055e+01 3.564216595931961251e+01 1.844654137694550400e+01 2.107644088040171582e+01 1.866489332332784556e+01 3.818554280577000526e+01 3.294589136219671133e+01 5.301200127802648865e+01 5.160921225508197097e+01 4.322468971094510692e+01 2.616647057119113029e+01 4.621305648835057411e+01 5.768555647783428242e+01 6.621129081463297439e+01 5.761658708847892996e+01 7.206823425985182041e+01 9.215623836497552190e+01 9.282599866794369348e+01 8.137540071896729899e+01 7.323430499891136947e+01
0.000000000000000000e+00 6.324555320336785691e+00 1.299122198700351127e+01 2.299122198700368713e+01 4.299122198700439412e+01 5.918522205745183129e+01 4.503082336437047672e+01 5.437613875462889723e+01 3.762246779948420539e+01 3.676476716416395618e+01 5.092442577516561641e+01 7.094013731571527615e+01 5.885471010895996358e+01 5.011253034710334475e+01 3.513669088800030949e+01 3.653713643359102292e+01 4.011701946120855666e+01 3.795735061920049702e+01 4.194880102377426567e+01 2.146315316636317760e+01 3.872008658467682807e+01 3.825668386529250142e+01 4.620020553060258806e+01 4.716097777841076066e+01 4.716111037918130933e+01 6.713857774294692149e+01 5.460989076612506921e+01 4.621305844407461905e+01 2.916249428767679319e+01 4.331417743344111670e+01 6.375136233566348665e+01 7.795187444173937763e+01 7.795187444024141143e+01 9.795336500319474737e+01 1.005907972103999981e+02 8.100209718600603992e+01 7.931848136121371340e+01
0.000000000000000000e+00 1.999999999999964473e+01 3.299122198700421649e+01 4.127549323446641694e+01 5.127549323446658747e+01 5.089416025398811882e+01 3.085303261436897060e+01 3.821903821011798641e+01 2.603124849469715585e+01 4.608461611230063681e+01 5.245727866021177022e+01 6.074916929105552299e+01 7.128019645034466123e+01 6.437608921398442874e+01 4.828904120239335640e+01 5.824879334650248097e+01 5.383164046426011851e+01 5.021751148419844668e+01 3.009251181325597102e+01 4.199710109108064415e+01 2.598510387866311433e+01 4.615899804392162054e+01 5.874946188332813790e+01 6.713886831296055391e+01 6.713856501807538280e+01 7.513455959538092088e+01 6.394647454494398175e+01 5.151116751858842235e+01 3.132023560068451573e+01 5.144926751400917198e+01 6.321948447130901627e+01 7.008076187014172831e+01 7.843948256391914242e+01 8.858614036149589310e+01 9.435823420923433957e+01 8.100209718600603992e+01 6.138581680077926706e+01
