MOVIE_S1_data/elevation_000282.asc
nrows	100
cellsize	150.0
xllcorner	0
ncols	100
yllcorner	0
NODATA_value	-9999
[rows 68 to 84 of 100, columns 37 to 73 of 100]
6.635837148943555519e+01 5.058182251191030332e+01 3.045018382176982286e+01 4.534949655453004169e+01 4.476013868071220969e+01 4.084036376666463752e+01 2.715952959477303352e+01 2.255403172731065808e+01 4.251039958910936178e+01 3.502256812543136988e+01 5.513105063240365666e+01 6.929837103279058397e+01 8.566917118811554133e+01 9.393213602816598495e+01 9.007475538429804374e+01 8.180553944782268161e+01 9.007476344617786879e+01 9.153450353360241820e+01 7.746057688883072956e+01 8.230055313755227075e+01 6.408250162439225051e+01 7.431386146262596526e+01 5.435932125032283579e+01 6.928490619948698281e+01 5.521399251885658543e+01 7.499927227018308429e+01 7.543755768038070642e+01 9.515198186800931524e+01 1.076049820464778861e+02 1.141789946500217638e+02 1.141789946500217638e+02 1.224198321189305858e+02 1.287776629855869714e+02 1.204689004321382981e+02 1.252728810236293953e+02 1.256127256336023663e+02 1.114199483286161012e+02
5.060967730495880801e+01 4.284546125186561483e+01 4.534949655452867034e+01 2.464544385225578793e+01 2.086604360327391916e+01 2.063629537275821235e+01 2.142187071299672851e+01 4.132500324697041094e+01 5.016102632121508975e+01 5.519372002148253387e+01 5.149815164175821280e+01 6.577517105258361596e+01 8.580843717289398853e+01 8.735605060594882332e+01 7.923139693189800425e+01 8.735605060594882332e+01 8.513098338915071395e+01 9.327956573472610557e+01 9.737232012718949647e+01 9.226433636226794022e+01 7.822381312741424608e+01 8.006137071839928865e+01 6.015995137975139073e+01 8.006137071839928865e+01 7.499927227018308429e+01 6.157996936551047895e+01 7.014003731714274181e+01 8.066465892075953548e+01 9.947705303878319683e+01 1.114876226605691869e+02 1.200115563150462918e+02 1.210915827949006740e+02 1.193380471872192459e+02 1.193380471872192459e+02 1.278073399584181118e+02 1.169839775444058461e+02 9.773700505639713754e+01
3.212926616348313047e+01 3.012705846229692597e+01 3.929223360556438394e+01 3.962152607157312900e+01 2.009055814562166731e+01 4.028425391498075214e+01 2.127137365538593983e+01 2.172512398534082578e+01 4.185629585281350984e+01 5.084169675957561196e+01 5.753265988757193838e+01 6.598967568013384266e+01 7.765116942371466280e+01 6.956893805093454830e+01 5.990647906469751405e+01 7.765116356306435819e+01 6.575568759591482149e+01 8.007116359810154904e+01 8.691141165028129478e+01 9.506612833722549283e+01 9.808525372753159388e+01 8.666032057156428436e+01 6.686347101206933985e+01 8.666032057156428436e+01 8.832887857335720128e+01 6.890376652012035663e+01 8.121177883774905126e+01 9.758683407139461963e+01 1.070021724971363000e+02 9.034013291095379827e+01 1.078982484346959723e+02 1.003561969505684885e+02 9.856855674300120995e+01 9.856855674300120995e+01 1.193380471872192459e+02 1.096125866538777842e+02 8.956126108065221558e+01
3.047372094276008170e+01 1.878322640864132964e+01 1.916426004436484831e+01 1.954634998470309171e+01 3.342242472481379423e+01 4.846340475775436119e+01 4.646518880352763858e+01 4.190585758851226217e+01 2.237010381279733906e+01 4.250863609857751868e+01 3.757810356004382868e+01 5.631432516624327889e+01 6.542151073312400911e+01 5.043894336504732223e+01 5.043894336504732223e+01 6.663694769678716057e+01 5.461028517107990154e+01 6.069743014017999627e+01 6.756426851950391210e+01 7.870158757326848331e+01 9.812623990008191299e+01 9.481752643816196269e+01 7.684418167488217932e+01 9.481752643816196269e+01 9.649234673001345186e+01 7.965224269909873556e+01 9.649234673001345186e+01 1.091704859947484323e+02 9.867831909648261046e+01 7.775559191767877110e+01 8.939471555663136826e+01 8.556624616306730502e+01 8.374668715790647866e+01 9.856855674300120995e+01 1.193380471872192459e+02 1.095621905504281131e+02 9.084802260175499100e+01
1.824679945545713267e+01 3.821643740021603719e+01 3.933308902729643819e+01 2.369836682007667150e+01 4.219884341736331379e+01 6.008620169660543553e+01 5.653719335095961895e+01 3.662172371993363384e+01 4.248913598658811708e+01 2.301689821809568670e+01 3.443250476749886246e+01 4.913938006920173507e+01 5.202710274854015893e+01 3.982774516410834309e+01 4.356979572730191563e+01 4.751377709861888832e+01 5.845930898697901767e+01 7.780780992526156581e+01 8.691141165028129478e+01 9.506612833722549283e+01 1.063559914393508592e+02 1.046474750973269323e+02 9.647645946824650309e+01 1.046474750973269323e+02 1.065995906452494495e+02 9.849341676925398303e+01 1.054567414159280503e+02 9.747470602215933866e+01 9.005846809752341642e+01 6.888931373700906136e+01 6.846834556411555184e+01 7.387394143509277455e+01 8.596923162058780576e+01 1.068560389475350689e+02 1.168952501012088447e+02 1.036059265918170809e+02 8.706673328688570734e+01
2.212978244698829045e+01 4.142133509142032466e+01 5.090391396507388322e+01 3.674270179515468726e+01 3.681146939880981250e+01 5.758227644130439415e+01 6.469163679115230536e+01 5.666526332305062397e+01 4.633287284800369576e+01 2.347555897612658882e+01 2.659161009100314388e+01 4.553867417030197373e+01 3.541164700543587429e+01 5.398015592087052994e+01 6.246392975719238905e+01 6.663694770012881463e+01 7.471129089960253111e+01 8.592349987955520874e+01 9.606244227612802433e+01 8.768276903901436015e+01 9.032624037905502234e+01 9.869510264397290200e+01 1.046441849633372669e+02 9.612123914306847894e+01 1.046441849633372527e+02 9.632758935334388184e+01 8.774619094000952657e+01 7.509564232121248040e+01 7.741969049824628257e+01 6.186796172454538834e+01 8.277721632305627963e+01 9.479703511481022815e+01 1.033741946197759773e+02 1.153818428876200528e+02 1.085381458856604837e+02 8.930802992683268826e+01 7.870226538325829324e+01
4.128536181351751821e+01 2.857402345276185684e+01 4.797047609450613948e+01 5.676119247192425377e+01 5.755715424857012863e+01 6.680281531365666581e+01 6.881704866571278956e+01 5.571241418328207828e+01 4.202748279429744827e+01 2.394037337966195267e+01 4.323642279403898669e+01 3.103018436666486579e+01 4.966280071263204121e+01 5.353829577829040431e+01 6.202065057911582358e+01 7.420485734204517314e+01 7.198624376180555373e+01 8.021263906765403817e+01 8.423508075569962728e+01 6.709144248819563927e+01 6.977505963271477185e+01 9.032624037905502234e+01 9.612123914306847894e+01 7.538168387609157151e+01 8.414725132680622721e+01 8.774619094000952657e+01 6.694516573699772266e+01 7.303764496332749445e+01 5.663779037538908057e+01 6.315509780210897617e+01 7.357281505983421255e+01 8.564314751362933009e+01 1.065054858700737412e+02 1.226440711931028744e+02 1.144766201841202644e+02 1.056328146263695800e+02 9.683565215149336325e+01
5.400044016674069525e+01 4.797047609450613948e+01 3.573846839951068688e+01 5.528125513249247547e+01 7.192232947775595164e+01 7.578495415967215365e+01 5.300566669141966969e+01 3.701358354393013883e+01 2.952947530901738205e+01 2.440623211869982612e+01 4.445668329290345611e+01 4.583414932083765336e+01 4.647365518109397442e+01 3.349458906343421916e+01 4.555072550145332855e+01 5.772858972982891146e+01 5.182354875636934111e+01 7.198624375297586653e+01 7.579436111107678187e+01 5.514654812651506433e+01 6.926494933760537265e+01 8.978896828435614452e+01 1.046441849633372669e+02 8.414725132680622721e+01 6.349811371527669479e+01 7.441315450629510053e+01 6.906435399927279661e+01 5.248125642915710642e+01 7.303764496332749445e+01 8.401671213194497057e+01 7.790304264393888900e+01 9.877641592575550078e+01 1.150311378438385219e+02 1.113161262131083618e+02 9.489638615779414010e+01 1.113161262131083618e+02 1.058434767749045449e+02
6.247572230588206565e+01 6.343124865305035343e+01 5.528125513249247547e+01 4.447879416292749255e+01 5.555005348860535008e+01 7.508580175348993180e+01 6.881704860142293967e+01 5.867618171129409887e+01 4.955890255055196292e+01 3.196633208619254773e+01 2.506763084974076605e+01 2.553767563341206426e+01 2.600787083878185513e+01 2.647821686366057037e+01 4.486155061835643210e+01 3.729199726286756089e+01 5.182354875636981717e+01 7.198624377078132852e+01 6.926494933760535844e+01 4.860123049884710866e+01 6.926494933760535844e+01 8.017662207792128015e+01 9.043258202871056994e+01 8.903392854751625407e+01 6.835703160602885475e+01 5.404275516727558681e+01 4.891353702696144978e+01 6.831856722190673281e+01 7.140556662394199350e+01 9.362186577660989428e+01 9.877641592575550078e+01 1.073321603056391780e+02 1.178100524925980466e+02 1.031719667982249860e+02 8.352602795577115558e+01 1.031719667982249860e+02 1.012537668694601791e+02
5.483788964305287550e+01 6.318251296120282490e+01 7.192232947584821545e+01 5.569153044998077462e+01 7.192232947584821545e+01 8.321752909209017446e+01 8.085472633515023233e+01 7.053896849844878147e+01 5.250609938963978607e+01 3.182180105817781524e+01 4.542302792535986811e+01 4.402146340897308363e+01 3.485140009613802903e+01 4.675535030640374856e+01 2.714283570623190656e+01 4.751644598973664557e+01 5.634661257086047215e+01 5.407809848706673250e+01 5.781167645689024681e+01 4.320207707663323049e+01 5.107927533164354372e+01 6.142434671358747522e+01 8.203079130413966880e+01 9.403861718359289057e+01 8.193589024048202418e+01 6.680021686164027983e+01 4.951028781971765369e+01 4.612756747688450787e+01 8.092658610958403642e+01 8.228218669026119869e+01 9.022966750333836217e+01 9.983075589874228228e+01 1.079778613314366851e+02 8.996628921312228044e+01 7.643088666109603935e+01 9.622607850908731564e+01 9.560545901415957815e+01
3.486391893018156907e+01 5.483788964305291813e+01 6.702413199316539760e+01 7.388267032681241631e+01 7.706089691210318904e+01 9.158011353514550024e+01 6.817925443680461228e+01 5.040995052167062340e+01 4.065617333962518387e+01 4.373099182220964565e+01 6.108350819477541194e+01 5.974785522022084194e+01 5.444779886640777988e+01 4.974669658269738903e+01 2.995799679818200545e+01 2.781388785485827242e+01 3.994220284049846015e+01 3.337747860987612825e+01 3.703495167240792796e+01 4.745607510887172253e+01 6.199996079663080906e+01 8.017662207792128015e+01 9.043258202871056994e+01 8.535211452010895528e+01 6.443343892675537177e+01 5.258254358379567606e+01 4.326890010870738479e+01 6.395358723226002695e+01 6.943918574896133578e+01 6.285709129782002691e+01 7.267477705409579869e+01 9.188959632642651343e+01 9.983260747784085254e+01 8.009997094840375098e+01 6.997882218370175167e+01 8.311064458086599416e+01 9.129592733217278067e+01
5.483788964305291103e+01 4.163949389968429671e+01 4.688104929617031758e+01 6.702413199316539760e+01 8.323250580753747840e+01 9.162886574213376889e+01 8.118200261719105981e+01 7.062834219538876823e+01 5.297638305402223580e+01 6.449784855427036234e+01 7.308074245234635669e+01 6.743715352983417688e+01 5.462916323967160537e+01 3.401973271337081428e+01 5.005687900045390393e+01 4.671641720821190802e+01 2.848116926341271338e+01 4.902265159890959723e+01 5.781167645689024681e+01 6.603409726597735130e+01 7.618661975894242744e+01 9.135825003019839130e+01 8.083831820277970337e+01 7.258626284367663573e+01 7.258617776329688809e+01 6.165081681586416806e+01 4.089372778808259312e+01 6.149347576863814879e+01 5.312039066861436964e+01 7.256963899404058793e+01 9.022966750333836217e+01 9.983075589874228228e+01 1.079778613314366851e+02 9.458683452316354590e+01 7.470949046579316644e+01 6.290692941182884113e+01 7.727833438512884356e+01
7.004604410238806622e+01 6.167411215772116861e+01 6.702413199316539760e+01 5.585141802870094807e+01 6.295409013377025786e+01 7.464787967289008463e+01 9.495918234678860870e+01 8.444701796958979401e+01 7.443562311512549456e+01 7.637334396325817920e+01 6.847136633421962415e+01 5.940417858493933778e+01 3.884908589009149438e+01 5.462916323966840793e+01 6.206193321230131943e+01 4.931456110511955160e+01 2.895501231283242305e+01 4.339903782013794142e+01 6.376832603449700088e+01 7.610044091001935840e+01 8.434096389794012794e+01 8.812084772758258566e+01 7.258624227342329505e+01 5.237565115163905460e+01 5.237565095659697079e+01 5.629023663798152199e+01 3.862159327679549392e+01 4.438723831051977697e+01 5.861623103012575342e+01 7.827512317318732471e+01 8.251201919611231972e+01 8.251201919611231972e+01 1.022927226504983338e+02 1.027388761001573840e+02 9.129592733217585021e+01 7.727833438512884356e+01 5.697080035172709955e+01
5.418601952037770531e+01 6.251989933030243662e+01 7.674940255075591722e+01 7.606301871038002105e+01 8.323250580753767736e+01 9.162886567232430934e+01 1.033420535643601994e+02 9.197049400625398619e+01 8.131188423359506601e+01 6.779999388056779708e+01 4.866570119323893095e+01 4.438661682316505619e+01 5.566912879894461952e+01 6.695608994503253086e+01 6.449046287261356269e+01 4.973488750743151598e+01 2.942646474576539362e+01 4.985026050703243783e+01 6.188539023116115345e+01 5.602520914833075238e+01 7.610044091001935840e+01 8.073885289662970877e+01 6.170200206979303204e+01 5.829512724575809557e+01 3.593508458349973722e+01 3.576158419622142048e+01 5.541562040309457160e+01 6.236314847659488692e+01 6.560439606148062808e+01 7.172143905638407091e+01 6.232469236339633767e+01 7.670826969909256832e+01 9.652350994443355603e+01 9.763996381127918767e+01 7.777543575110439633e+01 6.342553698877183876e+01 5.323956083752281643e+01
3.417546664719155558e+01 4.829039877893146837e+01 6.670536875511179176e+01 7.343877363636522659e+01 8.176143729299550955e+01 9.182130776356879664e+01 9.913773852271708620e+01 8.422791490506078560e+01 6.638740666572579130e+01 5.526448522027717303e+01 5.958974584320518630e+01 5.927628847191749628e+01 7.036152368188859896e+01 7.409175364205029268e+01 5.106484141084786188e+01 3.467310746927726228e+01 2.989530048988656219e+01 4.711267466878238963e+01 4.151130332518195587e+01 6.190040674815464428e+01 6.343626026477591040e+01 5.873631821012997989e+01 5.666501711631193672e+01 4.492205098062150626e+01 3.504545577704666925e+01 5.552799611828239534e+01 3.651460264227899444e+01 4.659232933191974979e+01 4.652048200011473966e+01 5.045845024933273493e+01 7.172143911570495334e+01 9.070385656528610241e+01 8.812376852251827586e+01 9.638425166487068907e+01 9.181479836531167393e+01 8.135912981528736054e+01 6.819605007181134226e+01
5.418601952037770531e+01 4.079056778302980035e+01 4.653867385001815649e+01 5.323855899260621527e+01 6.336769725316609936e+01 8.350985001956431120e+01 9.121177380287672065e+01 7.239832948095578047e+01 6.277289391746490566e+01 7.460595632678207778e+01 7.094747119428436122e+01 8.023700607729122680e+01 8.194351873796641428e+01 7.030792993670868896e+01 5.592651869845781931e+01 3.523394103828872659e+01 5.032080491678421197e+01 3.055924130756146084e+01 4.759396972473137311e+01 5.422976167562728733e+01 5.005563968134533326e+01 3.330276798491686208e+01 3.380871223909134216e+01 3.431899229622490566e+01 4.858724364184224953e+01 6.347563289127386099e+01 5.708859325812196772e+01 3.728174768499386005e+01 3.910578399011642148e+01 6.680982474222388134e+01 7.997754072308359241e+01 8.472093139252740457e+01 6.781509616805556107e+01 8.472092985711721269e+01 8.798585939801718325e+01 7.495369585751029717e+01 6.667275169398764945e+01
6.922102154628210258e+01 5.079740435504898244e+01 6.670536875511223229e+01 7.343877363636522659e+01 8.176143729299550955e+01 9.182130776356879664e+01 9.913773852271708620e+01 8.812877109403112286e+01 6.924328843612033779e+01 8.812877109403112286e+01 8.427769548641798281e+01 9.036794034547162369e+01 7.369355641287747005e+01 5.344226331804303953e+01 4.129189054932373182e+01 5.592651869845781931e+01 5.789257086155242860e+01 3.854799066421190190e+01 3.122125998098557176e+01 3.742540691706277300e+01 3.259054641875214742e+01 4.388444292966464388e+01 4.831892157820568912e+01 3.531842867834797772e+01 6.007434161859444544e+01 7.445370343989465312e+01 6.361764964160495595e+01 5.613788323353558241e+01 3.805564555430827056e+01 5.942111046503580951e+01 7.368910105001637589e+01 6.530304204064179885e+01 5.564926735699354055e+01 7.639233558014478831e+01 7.359806689314241623e+01 5.961809364710848058e+01 4.644273714461497349e+01
