MOVIE_S1_data/elevation_000465.asc
nrows	100
cellsize	150.0
xllcorner	0
ncols	100
yllcorner	0
NODATA_value	-9999
[rows 0 to 16 of 100, columns 37 to 73 of 100]
9.935711538680568822e+01 1.075677549218407876e+02 1.110168233021374675e+02 1.027804188360994289e+02 1.110168233021374675e+02 1.132562869752270700e+02 1.050176279174764176e+02 1.132562869752270700e+02 1.199075495032957832e+02 1.083907007875028654e+02 1.001300404050873283e+02 9.252856262117094843e+01 1.008078899466354983e+02 9.932441385562353275e+01 9.345308007709515152e+01 9.589520120815095083e+01 9.839302672290453700e+01 1.001837040269850689e+02 1.064097261622740120e+02 1.146909602067653537e+02 1.196307363757051831e+02 1.281011069002023817e+02 1.203632899282895323e+02 1.248322265923521428e+02 1.274024953412852170e+02 1.361240006421433577e+02 1.370765386063952178e+02 1.456412547330271821e+02 1.529877805590016067e+02 1.450521998339893059e+02 1.529877805590016067e+02 1.518773076735869267e+02 1.462534227182314623e+02 1.492961890217128484e+02 1.413076710056329262e+02 1.392288163417929070e+02 1.452234791502019675e+02
7.963803219847194725e+01 9.769310675466367400e+01 1.010385924288835326e+02 8.279412444324596265e+01 1.010385924288835326e+02 1.032789001395333486e+02 8.503597541506563573e+01 1.032789001395333486e+02 1.116495874271274715e+02 9.169714670477534924e+01 8.001842059226201798e+01 7.231533555351420262e+01 8.348893266758700804e+01 7.915101831287489631e+01 7.322691036386807184e+01 7.566346510699074202e+01 7.815798478603964838e+01 8.203317123471386196e+01 8.776760892667894609e+01 9.988029783353358937e+01 9.899804462049679898e+01 1.144215312055598872e+02 1.000123244031596812e+02 1.045410511548234069e+02 1.068008056016047220e+02 1.223576586839222671e+02 1.164072782853494488e+02 1.369962245669440506e+02 1.436435385081221909e+02 1.265582728821003968e+02 1.436435385081221909e+02 1.329190464208019762e+02 1.273957669126202745e+02 1.354505747880270405e+02 1.223591891043820112e+02 1.202889438099628308e+02 1.272707743247742656e+02
6.973782259213177781e+01 8.949757379263884616e+01 9.278727163967275260e+01 7.269904617957428172e+01 9.278727163967275260e+01 9.502680166627099823e+01 7.489678436458756039e+01 9.502680166627099823e+01 1.068802173210039967e+02 1.083907007875028654e+02 9.773418921929955161e+01 7.758835420438360586e+01 6.321202930144995236e+01 7.582498355702584547e+01 5.885625685887720948e+01 6.126846603948293790e+01 6.374071629841197506e+01 7.396213772819419319e+01 8.739296787717889003e+01 8.223588149205015441e+01 9.672440897995308262e+01 1.001094792980517809e+02 8.569160673905788883e+01 9.021416057164610436e+01 9.581331916862568221e+01 1.019157598395169231e+02 1.135227272453132628e+02 1.331920847641152648e+02 1.358040718667717215e+02 1.171460081890789837e+02 1.358052363580448514e+02 1.329102256036041467e+02 1.139965531892089246e+02 1.164724311988013170e+02 1.235715061562523829e+02 1.067532202029128712e+02 1.084090270938886960e+02
6.308475648545437764e+01 8.291099005913649478e+01 8.609119648630664301e+01 6.597267423149814647e+01 8.609119648630664301e+01 8.831679589904317140e+01 6.811298887671794944e+01 7.854007548927944526e+01 9.862168163865277393e+01 9.315454148947247859e+01 8.485270811390500967e+01 8.149794718495823531e+01 7.316210361420215236e+01 5.556764473356269463e+01 5.959833652366257439e+01 7.985978303744754214e+01 8.408469135175330678e+01 6.754908444174232329e+01 7.029957510514900321e+01 7.313606596287613115e+01 7.641574349229692587e+01 7.982506736669775194e+01 1.001094792980517809e+02 1.105319351274591213e+02 1.161728886803044816e+02 1.223576586839222671e+02 1.303945618211016892e+02 1.406229839929595471e+02 1.291656521105616093e+02 1.107696160960727525e+02 1.215870603691732583e+02 1.184465150166387275e+02 1.187181414443653154e+02 1.029185975433628641e+02 1.044660996219355695e+02 1.235715586219038897e+02 1.274708410976344197e+02
5.729866354718771504e+01 7.718764941374564614e+01 8.028347936655093520e+01 6.016539398197217281e+01 8.028347936655093520e+01 8.222511887815218756e+01 6.199312930727005266e+01 7.633677340863333427e+01 9.644084237060296516e+01 8.485255895249143521e+01 6.463710234053014858e+01 7.055809581607785219e+01 5.292934272736164303e+01 7.316210362466252093e+01 7.985978303744754214e+01 6.571341422792735898e+01 8.592417697693193190e+01 8.836959012567989191e+01 9.061987010912937990e+01 8.086016421229567186e+01 9.672440897998963294e+01 8.889748130858386332e+01 9.416313416301127859e+01 1.085053447207339872e+02 1.288461332588753692e+02 1.409060149319935817e+02 1.465453406139155277e+02 1.449703166837109336e+02 1.262291641079241344e+02 1.128599883580144905e+02 1.025832009989506872e+02 9.933012812712630080e+01 1.007963580542283069e+02 1.199129196001643010e+02 1.154271875119012805e+02 1.156119438585012063e+02 1.348365185121199659e+02
5.212777453175620934e+01 7.205233534480348112e+01 7.508901205641416254e+01 5.497982894247849117e+01 7.508901205641416254e+01 7.745639320399678240e+01 5.723018375851858508e+01 7.745639320399678240e+01 8.965460480223431716e+01 8.484835119513094526e+01 6.463706132755473277e+01 5.034918909065598314e+01 7.055809581607785219e+01 8.149794840380529592e+01 9.413799969104798038e+01 8.592417697693193190e+01 7.251191016674941636e+01 7.797224241581423598e+01 9.737139714159185644e+01 9.001061946480014342e+01 1.099241852709827327e+02 1.091777498873076979e+02 1.054468232797890295e+02 1.228950727499240401e+02 1.353809999176702377e+02 1.218269501341949734e+02 1.274150788346896519e+02 1.359523050012582530e+02 1.345377997827170873e+02 1.163813473405411969e+02 9.726907940531380348e+01 1.163856360592173331e+02 1.118780721974444958e+02 1.278168307886372901e+02 1.282136909873158572e+02 1.291924558897955819e+02 1.348365185121332388e+02
4.742478366048101890e+01 6.735607132378018491e+01 7.034923214175218220e+01 5.024548798670956984e+01 7.034923214175218220e+01 7.304267245133321751e+01 5.283570836342036614e+01 6.117158030350253739e+01 7.541309255286839175e+01 7.731834699750967843e+01 6.878388250121298597e+01 4.859050085590052959e+01 6.878388250121298597e+01 7.243444287587556119e+01 9.258716344276787424e+01 1.006802143245775625e+02 8.680838621852355175e+01 9.785423014955071608e+01 8.662248545277535072e+01 1.062036792306197128e+02 1.049187319736576427e+02 1.264446706587357170e+02 1.257741280959609327e+02 1.341985852138473945e+02 1.274150788347725864e+02 1.083595491480323290e+02 1.172294485935615427e+02 1.171663380897081055e+02 1.160274735644606210e+02 1.150026565264055307e+02 9.588529020433634287e+01 1.150026565264055307e+02 1.308877227022887553e+02 1.388099667449158403e+02 1.459569941864765212e+02 1.481160887500172407e+02 1.539690403709918485e+02
4.308188551100863606e+01 6.300670778020843699e+01 6.596223550639459177e+01 4.584486911095543604e+01 6.006962098955825269e+01 6.838312696993084217e+01 6.708388856000252076e+01 4.691144219998943754e+01 6.169383022265780880e+01 5.712758309565330705e+01 6.468338105696659568e+01 4.685246892792188333e+01 5.221728011527799396e+01 7.243444287587556119e+01 9.027773973684813313e+01 9.927852269328907653e+01 1.064884289502061847e+02 1.126503628154902685e+02 9.331031206087848773e+01 1.126503628154902685e+02 1.264446706587357170e+02 1.346889685586693588e+02 1.306177485460593175e+02 1.304563586189339901e+02 1.225816535904927065e+02 1.172294697467768003e+02 9.821211016934211102e+01 1.095301493134242605e+02 1.025639411208513252e+02 1.116996754750112757e+02 9.451227873084404507e+01 1.080519884786203875e+02 1.270977015345161050e+02 1.404871824080691169e+02 1.484807361775316679e+02 1.490884314551643968e+02 1.571389622902927385e+02
3.901906992633077920e+01 5.893957046561411062e+01 7.219656701425859069e+01 5.976764685776904429e+01 3.992780878804602906e+01 5.743094897615727490e+01 5.866467619944477718e+01 5.980953902296663927e+01 4.155095637709990086e+01 4.289154302183533929e+01 4.452284760954842113e+01 6.468327283712145004e+01 7.243443043134521986e+01 6.173807106698802016e+01 7.081554830239146270e+01 8.513486670831419190e+01 1.051614794698736119e+02 1.206086517018672311e+02 1.045942784165598169e+02 1.126503628154902827e+02 1.317512453280876059e+02 1.306177485460593175e+02 1.125836417330655053e+02 1.162863852852278939e+02 1.035406625649925161e+02 1.070353478865681609e+02 1.025630780550179537e+02 9.046706731226692000e+01 9.152260853979883848e+01 9.259404199889641518e+01 1.116766024034118772e+02 1.215028966018714556e+02 1.270816385635486512e+02 1.215288814362476870e+02 1.404871824080691169e+02 1.302086503822087309e+02 1.448431776844011267e+02
5.351388272933456847e+01 6.675705317615094714e+01 6.182795620984936136e+01 4.629452692148647941e+01 3.607628381789520944e+01 3.729961057286392645e+01 3.853075102016236997e+01 3.976860620819032022e+01 5.990505015244794862e+01 6.293731753178065702e+01 4.594952271413815481e+01 6.605662695665412798e+01 7.808531783066938203e+01 8.197352942770197615e+01 9.027773973684813313e+01 9.927852241290119650e+01 1.022958924129987679e+02 1.103446512766817307e+02 1.236551787594607106e+02 1.316569349788210275e+02 1.340880358186066417e+02 1.261674904575044138e+02 1.162858102238966609e+02 9.748693089902504028e+01 1.055838298122953773e+02 8.801255553262188869e+01 8.901663064554836069e+01 1.080691586339274863e+02 1.106633906300478429e+02 1.117091097049473092e+02 9.515724417415182756e+01 1.142753114655411792e+02 1.080361997351141667e+02 1.270816392311185723e+02 1.259535694947621636e+02 1.192725219817560856e+02 1.316612485739552199e+02
5.070114831943933353e+01 5.147941305887777474e+01 5.292694376167460746e+01 3.443591328455374168e+01 5.455881196103424458e+01 5.743197801023114835e+01 5.866474143961723797e+01 4.735636870449911839e+01 6.743960435344962434e+01 7.434707700246198669e+01 6.605662746386543915e+01 4.900331334815454198e+01 6.968705908040406882e+01 7.721310558808360724e+01 8.181230898520550454e+01 8.662139279209353049e+01 8.276245612548315478e+01 9.997990719441931162e+01 1.084786715676615216e+02 1.191030000205071673e+02 1.261674904575044138e+02 1.071336091275425559e+02 1.126920368541900217e+02 1.054538787732630425e+02 8.660463370958557050e+01 1.055882065390345161e+02 9.701694266681366230e+01 1.029285609584242422e+02 1.216349099707891384e+02 1.221855910276805730e+02 1.086981210861938791e+02 9.778417545483536344e+01 1.169014284551247869e+02 1.221006740730354210e+02 1.068827070294141635e+02 1.096936786553069965e+02 1.126668730436294794e+02
3.072567572712802431e+01 3.168692272243130148e+01 3.281986228305278530e+01 5.292837142073008039e+01 5.455881196065028149e+01 7.470291780449402097e+01 7.567391482635731847e+01 5.898151874054813959e+01 7.567391521496664097e+01 9.005598612214765808e+01 6.968465821260214454e+01 5.936386221362842974e+01 5.272582148182387840e+01 5.642187572921395855e+01 6.128749330527144679e+01 6.626707359381465778e+01 7.279250436677889979e+01 7.961619394208943845e+01 8.982904229513584937e+01 1.104917008568615557e+02 1.261674321962579484e+02 1.071336087679172806e+02 9.365843749872456669e+01 1.031799787398659021e+02 8.561936934841722291e+01 1.045817556142146572e+02 1.169917805273281743e+02 1.211197672444981492e+02 1.295056943962035234e+02 1.356750557982529983e+02 1.236474738680747834e+02 1.045665630879788779e+02 1.006533838068662021e+02 1.029956396195014889e+02 1.078065880200883981e+02 1.268653694006035124e+02 1.316612485739551346e+02
4.490852674786251697e+01 5.176639827689180606e+01 3.430643058552151103e+01 5.431250078519602198e+01 6.531308013025913795e+01 7.508498621246128835e+01 8.340066506692880921e+01 7.899356416780996426e+01 8.718996517445191330e+01 9.641524691291927240e+01 7.630390607735762387e+01 7.816116728270044689e+01 5.743916390754028356e+01 7.721310558808355040e+01 6.552148343360323679e+01 8.590441800650081916e+01 8.293419669662694105e+01 1.000275730819216449e+02 1.084786715676615216e+02 1.188221239590018428e+02 1.154785053168965163e+02 1.096904327999509121e+02 1.018016654893806532e+02 8.423478446318360113e+01 1.010166755170762229e+02 9.491954559929487800e+01 1.032547797502393792e+02 1.140748563140726475e+02 1.329323540630049649e+02 1.356437110296869264e+02 1.166759946385632816e+02 1.236474738680749255e+02 1.142015859146184482e+02 1.068876625519561401e+02 1.259518516186554820e+02 1.150703113084029923e+02 1.205952776996850133e+02
6.506675111294998715e+01 6.259519907327690191e+01 5.426322328612499746e+01 3.698588378853624192e+01 5.700140242650484623e+01 5.492292106266767604e+01 6.980936285108911932e+01 7.695477312970795936e+01 8.526867273640563383e+01 9.534219568307274528e+01 9.641524691291927240e+01 8.286077176988077042e+01 6.239835299421108061e+01 8.286077176988050041e+01 7.244147778704508767e+01 9.263588835018880729e+01 1.030275342130162954e+02 1.113074455949633546e+02 1.254664697243018452e+02 1.154735098331849912e+02 9.684496572700781769e+01 1.004319458267018064e+02 8.285416615615952196e+01 1.018018855200360662e+02 1.106372154853766858e+02 1.136383631405330732e+02 1.214950645525868254e+02 1.299307456411557666e+02 1.408696911253958888e+02 1.435988688919572951e+02 1.300902934558486947e+02 1.411506529011855093e+02 1.305620774134206670e+02 1.115536293994173036e+02 1.305620774134206670e+02 1.340323441512243221e+02 1.394854741556813735e+02
8.371309249186680290e+01 7.242179377767159565e+01 5.982730424087822030e+01 3.982801584267861017e+01 4.068639642286760960e+01 4.337034696722855642e+01 4.968162241622575692e+01 5.674450088010280524e+01 6.684997019544495345e+01 8.705957606838840945e+01 9.925924416240725634e+01 7.917529920100388097e+01 6.821249783268677902e+01 8.848271982944652336e+01 9.263588835277376177e+01 8.418760457060587044e+01 1.041764586175952587e+02 1.224129407850019220e+02 1.131498090239951608e+02 9.955149036196512213e+01 9.950129440445851969e+01 8.146035694977294384e+01 8.492132890093418496e+01 1.038063730678631629e+02 1.125259095549427144e+02 1.165765795525609008e+02 1.237528760566011528e+02 1.316264348208758861e+02 1.331986847946327543e+02 1.521285945329577487e+02 1.490508470539683969e+02 1.425180080809655578e+02 1.236140223392997370e+02 1.187963701899171838e+02 1.305620777211633481e+02 1.495479323334146500e+02 1.564072278523313173e+02
7.901263563080613039e+01 5.813174704582342400e+01 4.395589642677273190e+01 5.923199572666876378e+01 5.504797286277392487e+01 6.344441247156884600e+01 4.779230514752989478e+01 6.796663236238386219e+01 8.526867266748894281e+01 9.534219567483133062e+01 1.075142558667663195e+02 9.674927382399626197e+01 8.001306600804619507e+01 7.914896672874972694e+01 9.920096231683461951e+01 9.578236546688117414e+01 1.124241428818378665e+02 1.144328741810157055e+02 9.621284784241670707e+01 8.772346891857878859e+01 8.766544466339924213e+01 8.050480740771072874e+01 1.019229921049040399e+02 8.990656397351904161e+01 9.356796766816059119e+01 9.757725630435176356e+01 1.047661801724485855e+02 1.143070673185699064e+02 1.331986847946327259e+02 1.377494512102861393e+02 1.567021529111380289e+02 1.505126724281235226e+02 1.369553647774096703e+02 1.321721723072058694e+02 1.321721723072058694e+02 1.510836583634690271e+02 1.649595765560551399e+02
7.983708361378546670e+01 6.662409613616223680e+01 4.698866931495066268e+01 6.109640053353644618e+01 7.612181344677973982e+01 7.126296094500993661e+01 5.099538115535516880e+01 7.126296094505983092e+01 8.248810691125645178e+01 8.860716431996391407e+01 9.688907502386464898e+01 1.082955492628377954e+02 1.000524821107393336e+02 8.925397619152741413e+01 1.074436642686020775e+02 1.156430031032036396e+02 1.239052709807526895e+02 1.224129406885625002e+02 1.131498070528708411e+02 9.821592491947167503e+01 7.914742894554342456e+01 9.821590791896522887e+01 1.135720179519468900e+02 1.088079516667841204e+02 1.069740661473777408e+02 1.165765795525609008e+02 1.053446056571788603e+02 1.117130338938495129e+02 1.189177204163791828e+02 1.322310803918414024e+02 1.510719768823792322e+02 1.547389388587778853e+02 1.559474169870537708e+02 1.510836583634690271e+02 1.510836583634690271e+02 1.591555725359723681e+02 1.555446956778586980e+02
