MOVIE_S1_data/elevation_000986.asc
nrows	100
cellsize	150.0
xllcorner	0
ncols	100
yllcorner	0
NODATA_value	-9999
[rows 34 to 50 of 100, columns 0 to 36 of 100]
0.000000000000000000e+00 1.856953381734084196e+00 3.721962997431924602e+00 5.611785353582692260e+00 7.601859650825508297e+00 9.632551463308866246e+00 1.177677334867201964e+01 1.395893611098095199e+01 3.398272269280708002e+01 4.612771441133135397e+01 5.629910403535625818e+01 6.439291998092762981e+01 6.583614187967066300e+01 7.417608381977321130e+01 8.074233511460882085e+01 7.885020294613454439e+01 5.790472147383881918e+01 4.248396084463320932e+01 4.248396084463320932e+01 6.027639694678017435e+01 6.202159303287371728e+01 4.489769125685668882e+01 6.193725201025439020e+01 6.390867085144793691e+01 5.432417837278519812e+01 3.602000552955068713e+01 2.247462311888073572e+01 1.259688064852618439e+01 3.254171551732881085e+01 3.434682201487396469e+01 1.676400614820450485e+01 3.591426298445217213e+01 4.667432553741690526e+01 4.338335602139121505e+01 4.193472353808159170e+01 5.565636736324442779e+01 7.542002267600956600e+01
0.000000000000000000e+00 1.999999999813858764e+01 2.373181557028938116e+01 2.009784957628962232e+01 2.174507658574410840e+01 2.149391019792479796e+01 3.178608653102577364e+01 2.703970452184711704e+01 1.973095002929917996e+01 3.971774394367246686e+01 5.267898427543384798e+01 5.264128872870761455e+01 7.239572321687195711e+01 7.586709081716385583e+01 6.736523645072954025e+01 7.023787879491504782e+01 6.189784123795512016e+01 5.159440829913772575e+01 3.022286818061880354e+01 5.159440829913772575e+01 5.403231467298716950e+01 3.559739666695404736e+01 5.397986200203066431e+01 4.590607676235480739e+01 5.874073261330269702e+01 4.918849321383913065e+01 3.262701517588124034e+01 1.226127528257949173e+01 3.020171704160280512e+01 1.470234367095463313e+01 3.449879331494548040e+01 4.463497056643018368e+01 5.701523524878918181e+01 6.292039121604483398e+01 6.144500798331979752e+01 6.969894765507201839e+01 7.720161630022407451e+01
0.000000000000000000e+00 1.399135570523574046e+01 3.253413706659865312e+01 4.163430546944670141e+01 4.177564128052099335e+01 4.205034901781257162e+01 4.962474028031706297e+01 4.483961577867881232e+01 2.971927924763788909e+01 2.639250939603994439e+01 3.270904136058245371e+01 4.683031002230823958e+01 6.683669004473513553e+01 6.394393162029179933e+01 4.674289385339682923e+01 6.189254076873938004e+01 4.195555972819725810e+01 4.539552461956551355e+01 2.472996182096611761e+01 3.796947690448361357e+01 4.515411572231602833e+01 2.905690929825480850e+01 3.952479678939324970e+01 3.261442711175968867e+01 5.120385501379828952e+01 5.417895859808286474e+01 3.206916620922687855e+01 1.192460340266044660e+01 1.277561071028299544e+01 2.919173685216258107e+01 2.284700875347619586e+01 2.974971572519269003e+01 3.820586855032523488e+01 4.931175348899493827e+01 6.964994604150176372e+01 8.369566167273383428e+01 6.900313758903645578e+01
0.000000000000000000e+00 1.999999999999964473e+01 3.016397779494513998e+01 3.593748048684345520e+01 4.260414715351422643e+01 5.088841841459945670e+01 6.088841842225316014e+01 4.970195820515488805e+01 4.970195820516690333e+01 3.394148774224424869e+01 5.268951165132550329e+01 4.901838051343843716e+01 6.902142698458391123e+01 5.469658861205076761e+01 3.483815702146622328e+01 5.469339883788768475e+01 4.713784603799155803e+01 2.744866660967897687e+01 3.796516270357415124e+01 1.723278066967200672e+01 3.230026686735268271e+01 3.828600949792009089e+01 2.005858514241191415e+01 3.931000962031179569e+01 4.595107883808062610e+01 4.125244606204966402e+01 3.003543609314726837e+01 3.089631261670057683e+01 1.144465944673521385e+01 3.150965911575820044e+01 4.258623780991758423e+01 4.303128571398438851e+01 5.754255054532331570e+01 6.644951358720300050e+01 7.827278834010509456e+01 6.959389546684086270e+01 5.549179757692942871e+01
0.000000000000000000e+00 5.000000000000020428e+00 1.016397779494328724e+01 1.593748048683959517e+01 2.260414715350637849e+01 3.260414715350673021e+01 5.260414715353305581e+01 6.974704088466587848e+01 6.222985237717097817e+01 4.392351460625187798e+01 6.222985237717097817e+01 6.902157746424327911e+01 5.815526464662785600e+01 4.622095640155375662e+01 2.567594515792094256e+01 4.622045499003284874e+01 3.900825929800669911e+01 1.764564669333867641e+01 3.082982033691396495e+01 7.730414584677303580e+00 1.673630604038333303e+01 3.092580840226088057e+01 1.549704679907847726e+01 2.843660935238352039e+01 2.717449335619535233e+01 1.648275211997529155e+01 2.993382417027406106e+01 1.096883890017543806e+01 1.225917832092746629e+01 2.635803681597681702e+01 4.814795437435602565e+01 6.433127560183221760e+01 6.463096129885735763e+01 7.253244385177427489e+01 7.538732244556540252e+01 6.135406279266253193e+01 4.103631296252192584e+01
0.000000000000000000e+00 1.999999999999964473e+01 3.016397779494513998e+01 3.593748048684345520e+01 4.260414715351422643e+01 5.088841841459945670e+01 6.088841844106118373e+01 7.112948560607004822e+01 7.224192123644915853e+01 6.393921438593805817e+01 7.224192128897487919e+01 6.519756366735903441e+01 4.324013219996074042e+01 2.837289444011657480e+01 1.926553123315838434e+01 3.264892686352293794e+01 3.191117979665705207e+01 8.753384859371937665e+00 7.642590122793357921e+00 7.952748173608177318e+00 1.944685957127721210e+01 2.547260648244004244e+01 1.500765039195915129e+01 9.508841624555611105e+00 9.832083496783077692e+00 1.015441591789699061e+01 1.047936612218553520e+01 3.035725285419033881e+01 3.202694637536173161e+01 4.048000157341623151e+01 4.306052316903603128e+01 5.209389708557752385e+01 4.502851805604866797e+01 6.156386573536734375e+01 5.533409962891536082e+01 5.344906890601208005e+01 4.510791239865206137e+01
0.000000000000000000e+00 1.000000000000008704e+01 2.414213562373128852e+01 4.414213562377098299e+01 6.074150249409743907e+01 6.901471020911131404e+01 6.528548559402183571e+01 5.121456517413149356e+01 6.528319418567711807e+01 7.666563073433562181e+01 6.537072574612804488e+01 5.734845261933102023e+01 5.579305299934912199e+01 4.541786969723290213e+01 3.264838185500813950e+01 1.240618118494486666e+01 1.957250083411389596e+01 7.220336266887841248e+00 1.931187260141457429e+01 2.441496718810019217e+01 8.405265364315189558e+00 8.728402890035713568e+00 9.051957718337961367e+00 2.653425110233977691e+01 2.884252290337300906e+01 3.005785793393139826e+01 1.125116014370998663e+01 1.163649831669985346e+01 1.247073254648410945e+01 3.272597836158462314e+01 2.190700426177097881e+01 4.061363761872295441e+01 3.334749504023247368e+01 5.343966019355951858e+01 5.533329196102800296e+01 3.488574739016684845e+01 2.447273910232636496e+01
0.000000000000000000e+00 1.999999999999964473e+01 3.828427124844409946e+01 4.442085696657252214e+01 4.075284285103192161e+01 5.590533464915208128e+01 4.765585191932569842e+01 3.712114732544086593e+01 4.862888904277561863e+01 6.851725334809364654e+01 5.733891648457554879e+01 4.076856070939289367e+01 4.547857772228839934e+01 4.079317933131228102e+01 2.846923668598562784e+01 8.819117558375385357e+00 6.807618303806512117e+00 2.666749057017267788e+01 2.086702624326316524e+01 1.725728662122459411e+01 2.767233272837497537e+01 2.759082607656095121e+01 1.295249188015164954e+01 3.023723636364398359e+01 3.622150647166245108e+01 1.771363009858835014e+01 3.063931261364821168e+01 2.068889646055928822e+01 3.222940736770018333e+01 1.367169412572374831e+01 1.452890285662515346e+01 2.157366663653692740e+01 4.183290961870742564e+01 5.768437770964133193e+01 4.943271935200409217e+01 4.098713047056655512e+01 2.217830377825831434e+01
0.000000000000000000e+00 1.999999999999964473e+01 3.287969281801919408e+01 2.443095639156379661e+01 4.442085696655735205e+01 3.983547599995463884e+01 2.771514990189406191e+01 4.765585191932569842e+01 6.528319418567711807e+01 6.536171485491766475e+01 4.850036118254774209e+01 3.751118561225486303e+01 2.927417911282077867e+01 2.390107881418442659e+01 3.277601400196851245e+01 2.559609058451379227e+01 6.500909405543161768e+00 2.284529349218486871e+01 3.615715336194435281e+01 3.573687356649227809e+01 2.646846244581053398e+01 3.949243553550626018e+01 3.916828979620689211e+01 4.429098816033030772e+01 4.269059595331933110e+01 2.281204470356797387e+01 3.977920880663867109e+01 3.006019798833094470e+01 4.135128853481693056e+01 3.404448140189495575e+01 3.496041917357568707e+01 1.578338555937219567e+01 3.025594739273842748e+01 3.861802814039122467e+01 3.964408610815046785e+01 2.047366904905704743e+01 4.108732445238389630e+01
0.000000000000000000e+00 1.999995553393946679e+01 1.288934371996319861e+01 2.936251521397836228e+01 3.278256227680554247e+01 1.988470799257811095e+01 3.983547599995463884e+01 5.180117821288227731e+01 5.995757239592802534e+01 7.079731093641534301e+01 6.081229781808325185e+01 5.265869841971179000e+01 4.547899532375846832e+01 3.507669319736315572e+01 1.658266520260598753e+01 2.438837631827916752e+01 6.214290994060457152e+00 2.680970359676579662e+01 4.198845852713601801e+01 4.910678907133156912e+01 3.797482736183778940e+01 3.797482289156118185e+01 5.469499375366082461e+01 5.870133031627291587e+01 3.929312147584032999e+01 2.926870597940541430e+01 4.899828103548059488e+01 4.768623239903584476e+01 5.555344225288260418e+01 4.282953022522774944e+01 2.314802554143253133e+01 3.628785678938780990e+01 1.708861608926510200e+01 1.806054375637440401e+01 1.904366526887366717e+01 3.964412727841371265e+01 2.322113011607790867e+01
0.000000000000000000e+00 2.906571060492615377e+00 6.122594946130230475e+00 9.416231494273301195e+00 1.285015790215409659e+01 1.845538684385314809e+01 2.503546136391585719e+01 3.206903367594605214e+01 4.346604832056291201e+01 6.279647120389826398e+01 6.497551694264522837e+01 5.430651001136813250e+01 4.624345111527801322e+01 3.181011052123431071e+01 1.182443869397466329e+01 2.168040569590043631e+01 7.121328005596487820e+00 5.899855711277885106e+00 2.166067615379859035e+01 4.277695536747426530e+01 5.469571731259026137e+01 5.469499375386207873e+01 6.221521708942992746e+01 6.646249612577004484e+01 5.624013210841798127e+01 3.648133382032463601e+01 5.624013232942387219e+01 6.477592074210346595e+01 4.524219454931295559e+01 3.105891238882715299e+01 4.256070529609172581e+01 2.205158674062156976e+01 3.777201398038663882e+01 3.859937072073795150e+01 2.454528123040805809e+01 4.470890251580583197e+01 4.384731797039570722e+01
0.000000000000000000e+00 1.999999999999964473e+01 2.608194807273004301e+01 2.936252745783358264e+01 2.435152467314111746e+01 3.829370887596078177e+01 3.912366172519788421e+01 5.180117487763650530e+01 5.995754763387825648e+01 5.851317911721619680e+01 5.691744666418657772e+01 3.884172875458825303e+01 2.873196725293712461e+01 1.997320839487647604e+01 1.212094262510178844e+01 5.808715380089141789e+00 5.629015507405413565e+00 5.832062581635250709e+00 5.931561814194323823e+00 3.405602812998174755e+01 4.758497066825569988e+01 5.186407287062941407e+01 5.399390210925905365e+01 6.228763939818747986e+01 6.415695836820356135e+01 4.814433708233141829e+01 6.415695836820356135e+01 5.965411011616976111e+01 4.035543665807015401e+01 5.096383800532307617e+01 4.644832060931344131e+01 2.572525212763489577e+01 4.648096911147673183e+01 5.309322853470935399e+01 4.489135847303755611e+01 3.375935287883666547e+01 5.377672667034358511e+01
0.000000000000000000e+00 6.666666666666637653e+00 2.666666541070194185e+01 4.564128003435020986e+01 4.429957382315303249e+01 5.256154410339162553e+01 5.807246772049107619e+01 5.177381552416497357e+01 4.314832266096252766e+01 3.408627244825955671e+01 5.019701319252644822e+01 5.121922740018415254e+01 3.946530918713703784e+01 2.886550189510174036e+01 2.438239704144588416e+01 5.360692143167766766e+00 1.798621260941607858e+01 1.933294604271685913e+01 6.119430842829606476e+00 2.649695465260253968e+01 2.747985139161033175e+01 3.190366247178890546e+01 3.407287057402211872e+01 5.116994581232494710e+01 6.268798118091802962e+01 6.750394871940925157e+01 7.535486361434055880e+01 6.621529717935189296e+01 4.759897994724758519e+01 6.636559462494797401e+01 5.038547292321099036e+01 2.962906306848591598e+01 4.437493790001320804e+01 6.489618809333346405e+01 6.094606981414241886e+01 4.094792391356917705e+01 6.093276567041929326e+01
0.000000000000000000e+00 1.999999999999964473e+01 1.735711634313913621e+01 3.149925193810616264e+01 5.149924187499745187e+01 4.739589332195505023e+01 3.685844055311572731e+01 4.094286062821061734e+01 2.338991091198818140e+01 1.837933581892463053e+01 3.361738827206325908e+01 2.957781677727077607e+01 3.307226939753215333e+01 5.155273091483572045e+00 5.077356396869171284e+00 1.857306181221154162e+01 2.754611210388764775e+01 6.568695529831356517e+00 1.113604061266138956e+01 9.783712033916067696e+00 1.284168210004750144e+01 1.713612258295361812e+01 2.260897759265774809e+01 3.447467168853529529e+01 5.437081674017567678e+01 6.883386892438531390e+01 8.090460825103643572e+01 7.178438722448953513e+01 5.850405331281222487e+01 7.340880969439035653e+01 5.192971595346433844e+01 3.386329825119705816e+01 4.592184081679027940e+01 6.644173621301307264e+01 6.926819376851139509e+01 5.250108732957515656e+01 6.926819376851139509e+01
0.000000000000000000e+00 1.999999999999964473e+01 3.735711336656997617e+01 3.735711270530989481e+01 5.735706710187402280e+01 3.788265058221755055e+01 1.662050664234068620e+01 2.313242923137991625e+01 1.491855380894681815e+01 9.729031676020177599e+00 2.193139066097814904e+01 1.804003282462196722e+01 2.880377579681074351e+01 1.506782011261881493e+01 4.861358562579797926e+00 1.739841599983589404e+01 2.517994249672725360e+01 6.887880742193543959e+00 1.311555860894208259e+01 2.595319276671164488e+01 3.310542217688823996e+01 3.774992572176601868e+01 4.288377203877526256e+01 3.196355168390114088e+01 3.928089764787287663e+01 5.013274659402926403e+01 7.272611376142873496e+01 8.438841487498939387e+01 7.683838847023045560e+01 7.490624226241696704e+01 5.349672603021692652e+01 3.871156525125311276e+01 5.933601075191809571e+01 7.488328818537891607e+01 8.083578610396415343e+01 7.250935254606608282e+01 7.853246470087086095e+01
0.000000000000000000e+00 1.414213562373107536e+01 3.414213562373178235e+01 4.877565244635160013e+01 4.485700771720244973e+01 3.442022317271850085e+01 2.093852879981466586e+01 3.620820152368079636e+00 3.757414270933933764e+00 1.231865028409028895e+01 1.119817300229778567e+01 1.568465687925435503e+01 1.850357251514753187e+01 1.992409819614643496e+01 4.632204139034308277e+00 1.617311534832223074e+01 2.401536853235835167e+01 7.754680567608767561e+00 7.298273076870186671e+00 2.300719855061712238e+01 3.943878093661992068e+01 4.946243587321274049e+01 5.769406453799780365e+01 5.228904131007765699e+01 6.004494361608779940e+01 6.883386892438537075e+01 8.020222445507599218e+01 7.313427409492511799e+01 8.127677416467096805e+01 7.979397520041956682e+01 5.933601075173926631e+01 4.530995684000940571e+01 5.557997364500911175e+01 7.604845933262249957e+01 9.253072213263683921e+01 7.273419662304338829e+01 5.859164354631112559e+01
0.000000000000000000e+00 8.944271909999235604e+00 2.049127729380580476e+01 4.049127918548369109e+01 3.180589584865198205e+01 1.491846593592340042e+01 3.305105217297248377e+00 5.752021772352369666e+00 2.380493177665261584e+00 2.622118732258621687e+00 2.894457710696783259e+00 4.377335324374224790e+00 8.720024927714344898e+00 1.129938337954420113e+01 4.386455349700213446e+00 1.616298038768586309e+01 2.778669711702979583e+01 1.505285996587251063e+01 7.582177493429090198e+00 2.608863788189850297e+01 2.351798927011045848e+01 3.068007691433025741e+01 4.384062350104580474e+01 6.320755963449683890e+01 7.327554738602630380e+01 8.154881451256555636e+01 7.101933624361132047e+01 5.402835435591101998e+01 7.101933624361132047e+01 8.625533825885639772e+01 6.582271417977453609e+01 5.451644729100751618e+01 6.582271417977453609e+01 8.449146364023060585e+01 9.253072213263683921e+01 7.273419662304338829e+01 7.148231977046219754e+01
