MOVIE_S1_data/elevation_000723.asc
nrows	100
cellsize	150.0
xllcorner	0
ncols	100
yllcorner	0
NODATA_value	-9999
[rows 0 to 16 of 100, columns 37 to 73 of 100]
1.108906945268966240e+02 1.028749375381056268e+02 1.048228189844586069e+02 9.671721244121340533e+01 1.043068692853275365e+02 9.855377693951623996e+01 1.072000119649460146e+02 1.209189562585793141e+02 1.122508948750043629e+02 1.039208792798630725e+02 1.034523892468055521e+02 1.117976234568277931e+02 1.146524540253379882e+02 1.200909307652009517e+02 1.166418049043715399e+02 1.082941623572834828e+02 1.109139902395466066e+02 1.082939411817894495e+02 1.166398968598385579e+02 1.282935627420218339e+02 1.244042360281850250e+02 1.160601668045943597e+02 1.244042360281850250e+02 1.255507193563876740e+02 1.171440621692397883e+02 1.170866411879837159e+02 1.190431498037195439e+02 1.276107976152603527e+02 1.380144331957727957e+02 1.299583408887988014e+02 1.380171201144837028e+02 1.301078433665415162e+02 1.274849758711126668e+02 1.358558671290421387e+02 1.475264380390603662e+02 1.644415872988589058e+02 1.563999955485080307e+02
1.028749375381056268e+02 8.304950195459211670e+01 8.885623759702620816e+01 7.668274331807567989e+01 9.307503676929505332e+01 7.825052882425053724e+01 9.541106249001687445e+01 1.009133558507238604e+02 1.005756680721598997e+02 8.365254657676956640e+01 8.317184203674607090e+01 9.442897215208870421e+01 9.442897215208870421e+01 9.986498135302699097e+01 1.049492215125194008e+02 8.800217487241316405e+01 9.063988342424401878e+01 8.800217466585503701e+01 9.974802769779157074e+01 1.199678946314979271e+02 1.142849081918829768e+02 9.578245469178905580e+01 1.142849081918829768e+02 1.171440621692397883e+02 9.674126002955971160e+01 9.673892867769771442e+01 9.866388082887041833e+01 1.157367514594225639e+02 1.278856969691153154e+02 1.097941155049096551e+02 1.239507994833557376e+02 1.098331816682663487e+02 1.071966277005544299e+02 1.189394943025468763e+02 1.391583207813454237e+02 1.506326798938294758e+02 1.369670641984980080e+02
1.028749375381056268e+02 8.304950195459211670e+01 6.891617914775073928e+01 6.668531368196826747e+01 7.518522291114075529e+01 6.668904871978566007e+01 8.691173620627090202e+01 8.659620527999179274e+01 9.031426076437512052e+01 7.192376012712520605e+01 7.144359524122226901e+01 7.413431275947908716e+01 9.442897215208870421e+01 8.542600012929827358e+01 8.916268477533978398e+01 7.617489810557215435e+01 7.617489810528573457e+01 9.657849923772405987e+01 1.074241072259031853e+02 1.133332514903083137e+02 1.059213107481916722e+02 8.562773238418165533e+01 9.577452156618669221e+01 1.041530665202426036e+02 1.027171024210645669e+02 8.221564399586596039e+01 8.681652882136933158e+01 1.072759127031117430e+02 1.198800263470725156e+02 9.959493839058008291e+01 1.157311340925746350e+02 9.541069372595524101e+01 1.096290805278868419e+02 1.299002153334184868e+02 1.448950658937827427e+02 1.311124323704908079e+02 1.255964580119331231e+02
9.285394331637779430e+01 8.460720232070947588e+01 7.888623105271948077e+01 5.893421758216633322e+01 5.516253987497810840e+01 7.515850727527632102e+01 8.980789721357676569e+01 9.031426076437512052e+01 7.002178391154100723e+01 6.286430052342529962e+01 6.131725079431745229e+01 8.159350254849356077e+01 8.449550333038830274e+01 7.599479971629347119e+01 6.834243039839616074e+01 6.671842105496891406e+01 8.745373924008939071e+01 1.014538976159282271e+02 8.715249087806580519e+01 9.308990984073501807e+01 1.023442312414098865e+02 9.396695787774581277e+01 7.550615814363085576e+01 9.577452156618669221e+01 9.547348019894035076e+01 7.496009242264730688e+01 9.546519800078895912e+01 1.105915848349541761e+02 1.122097733266710264e+02 9.187903440569377267e+01 1.026373330327428448e+02 8.925774712746347461e+01 1.036858111832976022e+02 1.240855649978147000e+02 1.300395109937173004e+02 1.170328989994060720e+02 1.368297804996368257e+02
8.132319419074239875e+01 6.460970853184709028e+01 7.333100590854760981e+01 6.506691368766560402e+01 5.001331839413578706e+01 6.153340012974974371e+01 8.153307183615888221e+01 9.866316126353460447e+01 9.031426076437512052e+01 7.547998261909464190e+01 5.525056309954713640e+01 6.997492425684976070e+01 7.045514694827278390e+01 5.453981680197741611e+01 5.921386371192049580e+01 8.054196651171589849e+01 9.584975674546060986e+01 9.308990984073476227e+01 7.282793221875849099e+01 9.308990984073351171e+01 9.065569472649369231e+01 7.371295527295062300e+01 6.968291363090949631e+01 8.992355686095854139e+01 9.049795836646585201e+01 7.005715689177151262e+01 8.183591028327306560e+01 1.022764524898274061e+02 1.056586843426833440e+02 9.728571813839695892e+01 8.228119864713215748e+01 1.026398894239871424e+02 1.180421199803668202e+02 1.300395109937173004e+02 1.100328554695162779e+02 1.300395109937173004e+02 1.448950658937827427e+02
7.047281746396947710e+01 5.307107930814747476e+01 6.041849740767788290e+01 4.507043387071459506e+01 6.506661653580152915e+01 6.412748072131553556e+01 7.826921928026725084e+01 9.827895437535372025e+01 9.463161790422032027e+01 8.293219161923315141e+01 6.997491171235029128e+01 4.979845007592896167e+01 4.986917671929072071e+01 7.045514694827276969e+01 8.054196651171589849e+01 8.898343507493508753e+01 9.124041487860196753e+01 8.592621895229875406e+01 6.568810693446464199e+01 8.592621895235869545e+01 8.227330883967846376e+01 6.206035002903471565e+01 8.227330883967846376e+01 8.421458303405287893e+01 8.285743115501455236e+01 6.579969334610044029e+01 8.613309285280045913e+01 1.011337344244994938e+02 9.275082226457878676e+01 7.698322263062371462e+01 8.413111853451761135e+01 9.854030304671461238e+01 1.188410073200758177e+02 1.256740061860166122e+02 1.055536388376850283e+02 1.256740061860166122e+02 1.436935822231862119e+02
5.045714343228983978e+01 5.631959862614929335e+01 4.033945918804888464e+01 5.196977351439122117e+01 7.195966887546798318e+01 8.412953662698019741e+01 8.640954296364051856e+01 9.477832286317620003e+01 8.625340136566160254e+01 6.597399322269617983e+01 5.432824077433386378e+01 4.615276338764907393e+01 6.629163786562978089e+01 7.902636825135232357e+01 8.793097613425479153e+01 7.955530187481463145e+01 7.099899521369648880e+01 7.188819949096738071e+01 5.959452028710502702e+01 7.982383829721619861e+01 7.215031872363175580e+01 5.764766722797570253e+01 7.548892638788754539e+01 5.805374435283313517e+01 6.003491113767261567e+01 6.233713173146777109e+01 8.232895787712641322e+01 8.853463937284632834e+01 7.252998804798056653e+01 8.679713859479080895e+01 1.044887687605796458e+02 9.854044332317036492e+01 1.188492967049830042e+02 1.215672048036326203e+02 1.013805942045784576e+02 1.157480769806392829e+02 1.349089982354076369e+02
5.255183818570333898e+01 3.620641287802047970e+01 5.045714343228983978e+01 6.868840804961651259e+01 8.022255971811522102e+01 8.307076196397491685e+01 6.610077186128721394e+01 8.307076196397491685e+01 8.412187353765688158e+01 8.293219161923315141e+01 6.391836027819593369e+01 4.381505527474406136e+01 5.799416566618451441e+01 7.822063125665134464e+01 7.955534232236792036e+01 5.932271386151597881e+01 5.669852031044450058e+01 5.165728175598018623e+01 6.817181208554374905e+01 6.969305056875303706e+01 5.171151685099800943e+01 5.332161705796382023e+01 5.526856918757628279e+01 6.714501498500386845e+01 6.904866907688116839e+01 8.094247711360647202e+01 6.561841821754565274e+01 6.842621844183031499e+01 8.853463937284632834e+01 1.011425461896030669e+02 1.154879537784951111e+02 1.188492967049830042e+02 1.271703443594994241e+02 1.177530639744492476e+02 9.755230713659304342e+01 1.067514350427453138e+02 1.208374945746389955e+02
3.258498200136975953e+01 5.255183818570333898e+01 6.459536100019089133e+01 7.873357856809194288e+01 8.158807515732691229e+01 7.468426850166082431e+01 5.442486778317597640e+01 6.385516330896549420e+01 6.385516330896549420e+01 7.076122655532671502e+01 6.059390719556892435e+01 4.156239521302617135e+01 5.569402335545242266e+01 7.590081967031443355e+01 7.166366821315449442e+01 6.328689874190381204e+01 4.505116166171166725e+01 4.644862890682853873e+01 4.794244354634902550e+01 4.945531654009698741e+01 6.901807492956689316e+01 7.286190541856758784e+01 5.895360390144682583e+01 7.835787463472499326e+01 8.285125020455066647e+01 8.996314148608091443e+01 8.566210620097710660e+01 7.170203810714134818e+01 9.162133202194489456e+01 1.049754676516558902e+02 1.120434974817660958e+02 1.204454075924409722e+02 1.321416588031426897e+02 1.259406701200922640e+02 1.126215980714073339e+02 9.246612865373424484e+01 1.079636615838608549e+02
4.896280272126190170e+01 6.050090693359788219e+01 6.063714575547852803e+01 6.654648799872676079e+01 6.174784757023688542e+01 7.149670777654620224e+01 6.023816457160441473e+01 4.418097049186999925e+01 6.381969506013095383e+01 5.932700670463905368e+01 4.811734663413017188e+01 3.938792499787810186e+01 5.868020569321235769e+01 6.000905518296634256e+01 6.135545602109379359e+01 4.312218780570373156e+01 6.328689874208799182e+01 5.358716935515728608e+01 6.817189380261265796e+01 6.966719370231356834e+01 5.772357509503842721e+01 7.776000314479750841e+01 7.922790271440895538e+01 6.493480675600604002e+01 7.926894010562362780e+01 9.953715879772333608e+01 9.994579256167780557e+01 8.576604645936852478e+01 7.873121422276783221e+01 8.503953289339561650e+01 9.205209019176730578e+01 1.034918114335136892e+02 1.237253178688678048e+02 1.322447551418272269e+02 1.108260624070869653e+02 1.074536932732083585e+02 8.781418098108382253e+01
4.718419882350317351e+01 4.736836352305564191e+01 2.882392847206736519e+01 4.773323618890866271e+01 4.737794767220493242e+01 5.472040273591257886e+01 3.692502963724172105e+01 4.502749728796882778e+01 5.398112911253236490e+01 3.535755359232698680e+01 3.632427968567282051e+01 3.738306996345492195e+01 3.866651815505169054e+01 3.994663867985535433e+01 4.124088640927028848e+01 6.135545602109379359e+01 6.328689874208799182e+01 6.123304492455221748e+01 8.146188480322639691e+01 8.616456388679050349e+01 7.794282129684116001e+01 6.782806085228206427e+01 8.796985376894772912e+01 8.520536391796763098e+01 7.151027972145539024e+01 9.178256022301729899e+01 1.109772232234233940e+02 1.057572418386840241e+02 9.280087869596917471e+01 9.498807258355040517e+01 1.120434974817660958e+02 1.204454075924409722e+02 1.280817222160291919e+02 1.247570566183389502e+02 1.102122727908584494e+02 8.788327962543789340e+01 8.464385333524424482e+01
4.466600425008390118e+01 2.685574075118995907e+01 2.769576753525571533e+01 4.710220665498597725e+01 4.561328074292421775e+01 3.107885856223614951e+01 3.203222169958220178e+01 3.300438436213781301e+01 3.397713106988776133e+01 4.036370646023186737e+01 5.525983089860866926e+01 5.734000235209784790e+01 3.990160862033134492e+01 5.994621082896089348e+01 6.133449201077188206e+01 6.970925373984599105e+01 8.351725626147299408e+01 8.146188480322639691e+01 7.552984226512705845e+01 9.578310235128003569e+01 9.623621247770766729e+01 7.792230752740987043e+01 9.623621247770766729e+01 9.819511197937649172e+01 7.791684281556851488e+01 8.234523374584269106e+01 9.406215563039194194e+01 1.143096159376084699e+02 1.128433121377742197e+02 1.150590825661644487e+02 1.234495744234617121e+02 1.221655061554781980e+02 1.080316770289433776e+02 1.105767361550631733e+02 9.640959571496789238e+01 8.344273687007637363e+01 1.035459401790950267e+02
2.567675848196342514e+01 4.504246062963365915e+01 4.769604009382913290e+01 2.889196265054752999e+01 2.974285713494789363e+01 4.249985433242699884e+01 4.380897756947894095e+01 5.303330511913834755e+01 5.364572062227102833e+01 3.991094002096883031e+01 5.958048369932892285e+01 6.521863603263098241e+01 5.994733779326702461e+01 4.248590178027693298e+01 6.261326626211934610e+01 7.368680347105069472e+01 8.351504689058226916e+01 9.184685953338151876e+01 9.578310235128003569e+01 1.041515177833584715e+02 1.062524196879567882e+02 9.801740001163152272e+01 1.062524196879567882e+02 1.053652911308989957e+02 8.508496192944296865e+01 1.026197392788306786e+02 1.109772232234233940e+02 1.226468936555527591e+02 1.251366065077261425e+02 1.228679748725970029e+02 1.189723950557362713e+02 1.139057907497993085e+02 9.372844903099439762e+01 1.011195468406323812e+02 8.225271077218536675e+01 1.023121781398879051e+02 1.118184353190249283e+02
4.582581921793250501e+01 3.520950701182769649e+01 5.505080382724727883e+01 4.897523357263742128e+01 4.527991344601445434e+01 3.268025190300182459e+01 5.293391831867296560e+01 6.299462080784103790e+01 6.807505695110894806e+01 5.093306364447172996e+01 5.406404362959080601e+01 7.608076958487072261e+01 7.096699794571041764e+01 6.261146747763557130e+01 4.515560435455194721e+01 6.533417401237963418e+01 6.330327008507175890e+01 8.351504689058226916e+01 9.659905751286390796e+01 1.019401865296623697e+02 1.102264806064608393e+02 1.071031560772533027e+02 1.153731478781849091e+02 1.137186088882348969e+02 9.944082684142755113e+01 1.016556572274168673e+02 1.218712691339234340e+02 1.251366065077261425e+02 1.050780034513080068e+02 1.022705020546479204e+02 9.760083837624061687e+01 9.916000248570863107e+01 9.996919694272398260e+01 8.111530391677383989e+01 1.010935944927088883e+02 8.625106747630486836e+01 1.064315244772942464e+02
6.261404835416605152e+01 4.279265766880413224e+01 6.257251025257000521e+01 5.500782023526151221e+01 3.566080804442511720e+01 5.293256951144794442e+01 6.258987081817217302e+01 8.055848175198373440e+01 8.173599934622137653e+01 7.356113400783929990e+01 7.711990053131434308e+01 8.607799681379691492e+01 7.821570693069141100e+01 5.800362928651412631e+01 4.790420182324265852e+01 4.901538575488309135e+01 6.922316245157686865e+01 7.640489657250881805e+01 7.640489657250881805e+01 8.173629308513160652e+01 9.280967697528154758e+01 8.688912407774833468e+01 1.071031560772533027e+02 1.202156130871586868e+02 1.196682131683358676e+02 1.218712691339234340e+02 1.287101492484993344e+02 1.204204360273515988e+02 1.087588256373219338e+02 8.881412611198275897e+01 8.173913290523933028e+01 7.917028501943707397e+01 7.997764662881216680e+01 9.997543427772588132e+01 1.093836887119114891e+02 1.064315244772942464e+02 9.044887938788826887e+01
7.086352573502932728e+01 5.428321246280432888e+01 6.873436189938536245e+01 4.934416692772157376e+01 5.500964367800880694e+01 3.870064398070355338e+01 5.796157983252239632e+01 7.725382098607252601e+01 8.555517368919120713e+01 8.537930475951216636e+01 9.370672491112496516e+01 9.840541244224866091e+01 7.821572559808642211e+01 7.102743035645177372e+01 5.081248572034957789e+01 6.922316245157686865e+01 5.318074973773509129e+01 5.619736422139347098e+01 6.523222640474597256e+01 8.544377661077493258e+01 7.257921874684170405e+01 8.161919357744983472e+01 9.175969653265239856e+01 1.060915716765879466e+02 1.261489436203799102e+02 1.213929636536206544e+02 1.130882835480448279e+02 1.007080841856431874e+02 1.042807700361528873e+02 9.687671903770640824e+01 7.802140204490838471e+01 9.801511701810829891e+01 8.707246556015704186e+01 9.451692605718029938e+01 1.141909214613357477e+02 1.183560902621509854e+02 9.812014649240150277e+01
8.230224984796363685e+01 7.404339211702459522e+01 7.696436146788092003e+01 6.873026094984611234e+01 6.004377475765498673e+01 4.084849093995950398e+01 6.004966552014467851e+01 5.767719332988152559e+01 7.281212544869080716e+01 6.550884956654857660e+01 7.948358766010591125e+01 9.961282494081373784e+01 8.567690704215404196e+01 6.546508807324333645e+01 5.379525704764635918e+01 7.400760791964147245e+01 7.339253550556782102e+01 7.640489657250881805e+01 6.103107442110535885e+01 6.566166694378098612e+01 8.587068704935738594e+01 8.425866506577483506e+01 9.596824644787891145e+01 1.161322957837476793e+02 1.274697983181406755e+02 1.071312650828021731e+02 9.296529790657980641e+01 1.003326831828576786e+02 8.465684136770872215e+01 7.687281055871051194e+01 9.687679112225204392e+01 1.062916115939543147e+02 1.092436416556007259e+02 1.134921800131408105e+02 1.224089938059616713e+02 1.265882361797143574e+02 1.083290163994871875e+02
