MOVIE_S1_data/elevation_000285.asc
nrows	100
cellsize	150.0
xllcorner	0
ncols	100
yllcorner	0
NODATA_value	-9999
[rows 17 to 33 of 100, columns 0 to 36 of 100]
0.000000000000000000e+00 1.999995022713054382e+01 1.387325349247176121e+01 3.387324250277388415e+01 5.284667360359355825e+01 5.452579281647255982e+01 4.208195485146308812e+01 2.206187180116993218e+01 4.133695553973738157e+01 3.132469865741195392e+01 5.134921242206284830e+01 5.510602154923427065e+01 5.510602154922865736e+01 5.602548608098829419e+01 6.614208849381644484e+01 4.939002820879655786e+01 4.422681149456973770e+01 4.937417642720520661e+01 5.682172115831220793e+01 6.657155969516830396e+01 8.664912318950618442e+01 9.998851211700468866e+01 8.860735368587056371e+01 7.204607974885225019e+01 5.235323748980884062e+01 4.739256210636761324e+01 6.054599106789850538e+01 6.073199684415985899e+01 4.096231711797693720e+01 6.073201399018132918e+01 6.980770720398250262e+01 6.153670088483158906e+01 5.529453770122432132e+01 3.556324286349632757e+01 4.959926204887565859e+01 5.846719284405115502e+01 6.650553627990721850e+01
0.000000000000000000e+00 5.345224838248510579e+00 2.534518744503236576e+01 2.456370316695157996e+01 3.611070846189778649e+01 5.611056011808486943e+01 5.038830660533749040e+01 3.207170505027679752e+01 5.038830660529460914e+01 4.548078747123140175e+01 4.548078747123140175e+01 6.551684352812887369e+01 7.518592910658325934e+01 7.612496566888869154e+01 7.809544098046394822e+01 6.968993036890248050e+01 5.563118956603457121e+01 6.906823162487218326e+01 6.070351429196509940e+01 8.068778230901592963e+01 9.514645133194534310e+01 9.747137718133051010e+01 9.541304261484664551e+01 8.021657144982665955e+01 7.204607974041661578e+01 6.054605418639457781e+01 4.080328717454064247e+01 5.445487850346714254e+01 3.835025333716166074e+01 5.809020077359645029e+01 5.856896938139571773e+01 4.158173554412603323e+01 4.766154083526863872e+01 4.766910899151606884e+01 3.024881177692819989e+01 4.973188547119113423e+01 5.913009888267515635e+01
0.000000000000000000e+00 1.999999999999964473e+01 3.362965435856059315e+01 4.456364038063267685e+01 5.284667360359355825e+01 6.439278162196487187e+01 6.040598863770269134e+01 5.209977207029153590e+01 6.040598863770269134e+01 6.551684352812887369e+01 6.551684352812887369e+01 7.381652894460793846e+01 8.121820271659916557e+01 7.878203569354047886e+01 7.044217917981040955e+01 7.878203569339414969e+01 7.537694354971021937e+01 8.376573847671039630e+01 7.204880241415975206e+01 8.937431476278530340e+01 9.746856277425150950e+01 7.841950424634252670e+01 7.633726754640609613e+01 8.983286723625309378e+01 8.251674722418761121e+01 6.822904913969078677e+01 4.866972537876071669e+01 3.480442361152468322e+01 5.445495199794435592e+01 6.600098411616710337e+01 5.010052814188997417e+01 3.039326394280068655e+01 2.827054255894800150e+01 2.860474551811443078e+01 2.893648274665030584e+01 4.439599657289698342e+01 5.082830309024251392e+01
0.000000000000000000e+00 1.011915005143467639e+01 2.351089027682427002e+01 3.907217943777828140e+01 5.010536160989056498e+01 4.733424253964513184e+01 5.617245355959797593e+01 6.275599438086037196e+01 6.275599891777283545e+01 7.105761722297050653e+01 7.446779691979457994e+01 7.534143579589111539e+01 6.112762255535497502e+01 6.873605052192161224e+01 5.036769873980313861e+01 6.751773002687095016e+01 7.591330841226458404e+01 8.605291305532375645e+01 9.288784515841784639e+01 1.012908253207392590e+02 9.687463559658267798e+01 7.661742542695266422e+01 6.306636783530004209e+01 7.297331089193079379e+01 6.374315313643959513e+01 6.634657294345841194e+01 4.655494199769760399e+01 3.278921107713089356e+01 4.939048769269894734e+01 4.738816099045470764e+01 4.642863871206965598e+01 2.779463617816369947e+01 4.692187182188729366e+01 4.786516172102132316e+01 4.824927442540726474e+01 2.940262568702628698e+01 4.726568950818989379e+01
0.000000000000000000e+00 1.999999999999964473e+01 3.754706241830328395e+01 4.075163616101333020e+01 1.557965425249889790e+01 2.662628909371074926e+01 4.759536927591145172e+01 4.273464091796405739e+01 4.273464092123837332e+01 6.275599891777283545e+01 5.389817711685787316e+01 5.829769224382731352e+01 4.695257119301601989e+01 5.282784691526843801e+01 4.036057304678647739e+01 4.743170839398178629e+01 5.745620941242356139e+01 7.166648564678676792e+01 9.198480117972324877e+01 1.043558533348894741e+02 8.719668299285851276e+01 8.769110437277527126e+01 7.297235938582063852e+01 5.447648750197630818e+01 5.080684367882490449e+01 6.427706781616059573e+01 6.017923469993765195e+01 4.939045160630308118e+01 3.001665058401695774e+01 2.728877806588330301e+01 2.731643103548733365e+01 4.404338571775953426e+01 4.271978086214176074e+01 6.178453656396440152e+01 5.271686824883553868e+01 3.288909732726366286e+01 2.986389051208355028e+01
0.000000000000000000e+00 1.999999999999964473e+01 2.575031205549231217e+01 2.592018061477182655e+01 1.372585357323661626e+01 3.295961502636208706e+01 3.860417226876877095e+01 2.860958287539458311e+01 4.859876090985979857e+01 5.286839488792904973e+01 3.943484550127920585e+01 3.828286896867059141e+01 4.665379597279877544e+01 3.282342410371840202e+01 5.282784691526843801e+01 6.751772922405557154e+01 6.875027174060716106e+01 7.720984486329965080e+01 8.736230654613176227e+01 9.949332085495784384e+01 8.511411352701178146e+01 6.952892342141204551e+01 6.216305338275741832e+01 7.297331089193079379e+01 6.427688679469156341e+01 4.586203900936210687e+01 4.262366429668376355e+01 5.648568358744510221e+01 4.937200333079611880e+01 4.633037513707886035e+01 2.697696720325966879e+01 4.621898665658827099e+01 5.979836964518975861e+01 6.953294584649228227e+01 5.788640957448392754e+01 3.852331198305651583e+01 4.851664559456892079e+01
0.000000000000000000e+00 1.999999999999964473e+01 4.156800610658152095e+00 5.910193168479088932e+00 7.685266668211287566e+00 2.772065630443487905e+01 1.861319457891771378e+01 3.432059491425893327e+01 3.640123557451812530e+01 3.292689733581580214e+01 2.998853097682321334e+01 2.414371770750602408e+01 2.666572743676474389e+01 2.982798402108400637e+01 4.983841692885705044e+01 5.812893893797481581e+01 4.821153893649287170e+01 5.764256622514820094e+01 7.066023931630604693e+01 9.317713903086819016e+01 9.531371803870865733e+01 8.059520989268501978e+01 8.062499190514162706e+01 8.837961413449653492e+01 7.200369696188899127e+01 5.878946282355538955e+01 5.664688687414415114e+01 3.803197096306704594e+01 3.492585115951786179e+01 4.629112005737928826e+01 2.664108911580751737e+01 3.834843984927623239e+01 4.995174078054384381e+01 6.442762769124473721e+01 5.034073981051130176e+01 5.794670710686413173e+01 6.087768386033040002e+01
0.000000000000000000e+00 1.697895476459584385e+00 1.850854339287247541e+01 2.549282544862476740e+01 2.772064556208207264e+01 1.033575819933857964e+01 1.225432637855704066e+01 1.430068777841410288e+01 1.639193600738031620e+01 1.852747383932575431e+01 2.072084093334851218e+01 4.072225914615103193e+01 4.665379597279877544e+01 4.983841692885705044e+01 3.446030109640670958e+01 3.799003108830667941e+01 5.812495899697157853e+01 7.024167147675426293e+01 7.736959834690966886e+01 8.580106257777974577e+01 9.591205959266886794e+01 9.914170668775388151e+01 9.212090965516530616e+01 8.416751490462296204e+01 7.713584814209229990e+01 7.732677547146468555e+01 6.447856350559325733e+01 5.666652168582974269e+01 4.949279501784172908e+01 3.066485425672360776e+01 3.033900987232872737e+01 2.616875478261285082e+01 2.885671994876323865e+01 5.986948466850122230e+01 6.351916703484965865e+01 6.910309970494421350e+01 7.004934155423470088e+01
0.000000000000000000e+00 1.999999999982461318e+01 1.589899894829874150e+01 3.512682226290043275e+01 3.036836967938146614e+01 2.451202501440948112e+01 2.642601339667386640e+01 2.846338332458054765e+01 3.054249772598959112e+01 3.266624415112129043e+01 3.226368206993345922e+01 3.071764470157815197e+01 5.072688233933143209e+01 6.287882060818105145e+01 4.603940345050306604e+01 4.961421034109702788e+01 4.469541324756944078e+01 5.008801966455049381e+01 5.721482093972325345e+01 6.727203621082061602e+01 8.749792678013346858e+01 9.788243658007010595e+01 7.848660833976825302e+01 6.429668951988736580e+01 5.696254456268739830e+01 6.811617523545135100e+01 7.357738069201064945e+01 5.457979712381547444e+01 5.379500937250093529e+01 4.744328495507220822e+01 3.905679129414725992e+01 2.583295977250610775e+01 4.914258424462065733e+01 6.677669170141656707e+01 8.258390568846454016e+01 8.827057408350843559e+01 8.121749498135844192e+01
0.000000000000000000e+00 1.999999999999946709e+01 3.578165582847414328e+01 4.395353861349319402e+01 5.036871283925131593e+01 4.450690751836874171e+01 4.642120808678608057e+01 4.846115501499855327e+01 5.054547747634783406e+01 5.267730724251497065e+01 4.640561027095603919e+01 4.485635023015123579e+01 4.485635034945165955e+01 6.489960028764451749e+01 6.025678719083564516e+01 6.385772106431458894e+01 5.633354376446947498e+01 7.019733578043309308e+01 6.654860333851404164e+01 8.580106257752964893e+01 9.602764567146583374e+01 1.034557946876119559e+02 8.416641375842368689e+01 8.416751490462296204e+01 6.811617523545166364e+01 4.764196406969432473e+01 6.008586648021105958e+01 5.367710302042331705e+01 3.585959282376755652e+01 4.189746518424205135e+01 2.535502370770783998e+01 2.664774622460850040e+01 4.376220927979893105e+01 6.473136321189332421e+01 7.572000088698870002e+01 8.431626209794420390e+01 8.787254584500594490e+01
0.000000000000000000e+00 1.414213562373107536e+01 3.414213562373178235e+01 5.051798949079994827e+01 4.226403654710119895e+01 3.461009390633485339e+01 4.289426022867487376e+01 5.703626668598756311e+01 5.638320262045393605e+01 6.466725600288752673e+01 6.645063119576349209e+01 6.489957151103106980e+01 6.489960028764451749e+01 7.321380397040840649e+01 8.038241189405961507e+01 8.401029937086138943e+01 7.648181074230323873e+01 8.486188639816597856e+01 8.689745809121275499e+01 9.565796974374035244e+01 1.000827440939341955e+02 8.972662994541239811e+01 8.198875383333090383e+01 7.497554241122330154e+01 6.893053840267482713e+01 6.008586812507831354e+01 3.958997869809589787e+01 4.889744591908901583e+01 2.467372968764619756e+01 2.487517012909024672e+01 4.301861472323076896e+01 4.486128360088554956e+01 5.343967058019637761e+01 5.962088607382581529e+01 5.600269258562308039e+01 7.489731209086389185e+01 8.508668610241790020e+01
0.000000000000000000e+00 1.999999999999964473e+01 3.880791330797860184e+01 3.899745464738481360e+01 2.227196096474250808e+01 1.461011994664456815e+01 2.875225377136087701e+01 4.167398837028694203e+01 3.638330926688652056e+01 4.821686653750257534e+01 5.180896054526708383e+01 5.565794637389723221e+01 5.982821279906521994e+01 6.454222568226346368e+01 7.031567272051454154e+01 7.738663521035762471e+01 8.567052063577672527e+01 9.567015260737819915e+01 9.947662747073233902e+01 9.089630229065367928e+01 9.240985100108117933e+01 7.466552706143636442e+01 6.421741372422357585e+01 5.578212710886216996e+01 4.957301107596907030e+01 6.105343094079317012e+01 5.284158538486234136e+01 3.266874097713711222e+01 3.721135575758754044e+01 2.453613126064552219e+01 4.095145010618309556e+01 3.364788089396004978e+01 3.744967901162227975e+01 4.153387436499227903e+01 4.735168475043580116e+01 5.635075100998137287e+01 7.642018194928574815e+01
0.000000000000000000e+00 1.999999999999964473e+01 1.880791134877716431e+01 2.707349479815194826e+01 1.072497649721554502e+01 3.072497896549767660e+01 1.869260285128312660e+01 2.167402682128279423e+01 2.483630448145111913e+01 2.821692150036512814e+01 3.180902754090056561e+01 3.565802933549755949e+01 3.982831761663199188e+01 4.454236282440211880e+01 5.031586551039678312e+01 5.738693310602251785e+01 6.738692230142159190e+01 8.738634811929364332e+01 9.089664510138815956e+01 7.003953026068225540e+01 7.614817398272948878e+01 8.445301736001832182e+01 8.198875383333090383e+01 7.497554241122330154e+01 6.105349410399632859e+01 4.201812520870314671e+01 5.454072890740506807e+01 5.052058499909594502e+01 4.553269216467484881e+01 2.419754855131735027e+01 2.805452803010705765e+01 4.557176610192770738e+01 5.470674635163608457e+01 5.962088607382581529e+01 6.634988934708644592e+01 7.489731209086389185e+01 8.520541664773094226e+01
0.000000000000000000e+00 2.324952774876390738e+00 4.665775718799011429e+00 7.073492780514405887e+00 2.707349479815194826e+01 3.900929424550472646e+01 3.283473594590999056e+01 3.322103177058502155e+01 4.483625880900798677e+01 4.235905169972338058e+01 4.595115589335203055e+01 4.980015496893643956e+01 5.137532011685720335e+01 6.454222568226346368e+01 6.087224368041972866e+01 7.031567272051455575e+01 8.567052063577672527e+01 9.567015260737819915e+01 8.893661489575427481e+01 6.831502753891697921e+01 5.557664437271800750e+01 7.133337606565567057e+01 7.984085462927755827e+01 7.883653439813141972e+01 6.066736473413375563e+01 5.455720070016586476e+01 3.627484406309456944e+01 3.289850999220551131e+01 4.266004168311578582e+01 3.963810573607097609e+01 2.371889986371272840e+01 2.367845781018052165e+01 6.012803981109824747e+01 7.421083719551509716e+01 8.268404521657670614e+01 8.255397856802802892e+01 9.102866729112395205e+01
0.000000000000000000e+00 1.999999999999964473e+01 2.466577629888304202e+01 2.121562580804993203e+01 2.121562865236484896e+01 4.121567637562471020e+01 5.283463287095368344e+01 5.322094182256710582e+01 6.150501462420267274e+01 6.235888256473941738e+01 6.595095198165137163e+01 6.979990582930041398e+01 7.137507893842641238e+01 7.965902126215327428e+01 8.087177295566604585e+01 8.915566899980001381e+01 9.859885068681566622e+01 9.443701214979532210e+01 8.256246924837749646e+01 6.831502753891696500e+01 4.801882815769580759e+01 5.104495070617712571e+01 6.808494320686253332e+01 7.844579467921710147e+01 7.366020549272282381e+01 5.455666279467261148e+01 5.454987536635946554e+01 4.574402862281053928e+01 2.800386100678377232e+01 3.403998235435636133e+01 2.338125571005356207e+01 4.768390410600161289e+01 5.756664014628213266e+01 5.390483534161388235e+01 6.803474106695159662e+01 6.202067597868969528e+01 8.255397856802802892e+01
0.000000000000000000e+00 1.414213562373107536e+01 3.414213562373178235e+01 4.121500081479826605e+01 4.121565690118517011e+01 4.950035315748684184e+01 5.921071944860121761e+01 6.554065264474148478e+01 7.382484726181145618e+01 7.358468531827497827e+01 6.530338052644241031e+01 6.789745560782490941e+01 7.617883414247836527e+01 8.527254060515626577e+01 7.699120165115311920e+01 7.809270167409256658e+01 8.637415461644211234e+01 8.591304963927281335e+01 6.535044111253357357e+01 5.369153888525571006e+01 4.616001427061775786e+01 3.960175322586056978e+01 4.832358693319000054e+01 6.236746146742012797e+01 7.033170110464338620e+01 6.252594243424127285e+01 6.072668627590691415e+01 4.927200540183331157e+01 4.126415225556130650e+01 2.290369989680313267e+01 4.251274935744287831e+01 5.143147216414264733e+01 3.784965707207001628e+01 4.262432353070350644e+01 4.782096099934599209e+01 5.531978128292789165e+01 6.544309753192354151e+01
0.000000000000000000e+00 1.999999999999964473e+01 2.409319778114040034e+01 2.617825385107986591e+01 3.446259877345190858e+01 3.921073306478136544e+01 3.921073306478137255e+01 4.554066566666593729e+01 5.522321163282190781e+01 5.789732151824863138e+01 4.530122448717178685e+01 4.789718742867236045e+01 6.789745560782490941e+01 7.373234814564578699e+01 5.700495754584149211e+01 5.810621598934451271e+01 7.223774500226051032e+01 9.222781747833663246e+01 8.256246924837749646e+01 7.404122207111900877e+01 6.634976478986948223e+01 5.394637387426008246e+01 3.413082845702727042e+01 4.881043752965936733e+01 5.676197186640998638e+01 4.327707181645066470e+01 4.142705787796024453e+01 4.143451111089295580e+01 2.242849582313339951e+01 3.399861156679543939e+01 2.820470156103197468e+01 3.200842933549005664e+01 5.152570852982577065e+01 6.263238110233868383e+01 6.803474106695159662e+01 7.576067128407447626e+01 8.425900432515233263e+01
