MOVIE_S1_data/elevation_000420.asc
nrows	100
cellsize	150.0
xllcorner	0
ncols	100
yllcorner	0
NODATA_value	-9999
[rows 17 to 33 of 100, columns 0 to 36 of 100]
0.000000000000000000e+00 1.999999999999964473e+01 2.406990887159991388e+01 7.139793718080619023e+00 9.348424189211316460e+00 1.161297807085134437e+01 1.403833352600039319e+01 1.653833045566939219e+01 2.231147172236507004e+01 4.220647032956230049e+01 4.777774172737512259e+01 5.148126321605987954e+01 3.860053507796462213e+01 4.461932258278213936e+01 5.092650016568764215e+01 5.845739129528882927e+01 7.251506273143149883e+01 9.237332219222402330e+01 8.214933594649679094e+01 6.331447270941075089e+01 5.072399045258672601e+01 7.096476724186928209e+01 6.912246901417003642e+01 5.403711310316629834e+01 3.378475485586939442e+01 4.836411141471238295e+01 5.008616849033014518e+01 3.241582574112042181e+01 5.273219778804989488e+01 6.369327157057271904e+01 7.727997954029260086e+01 8.172365197193370534e+01 8.762667867134064181e+01 8.995950769324930718e+01 9.823137688458075445e+01 9.449665886698592487e+01 8.621948991286075170e+01
0.000000000000000000e+00 2.030692330266860246e+00 4.071933782575805516e+00 2.406990886494604354e+01 2.934216955254609260e+01 3.160443303214585598e+01 2.817502030334278018e+01 3.652308016899105070e+01 2.596417569693253213e+01 3.124603611865513386e+01 4.015035666320400054e+01 5.966789006443525523e+01 5.852596735754065804e+01 5.487623698115058346e+01 7.081973840256908659e+01 7.833141226493623321e+01 8.656682198264930150e+01 8.944489968211733810e+01 9.198163705878597796e+01 7.936571312076087281e+01 6.239199601888253000e+01 7.936571312076087281e+01 6.075947894352736967e+01 4.059238142244414860e+01 4.551793074551910223e+01 6.239786287951697830e+01 6.101476176640002080e+01 5.229962931158041073e+01 3.515116680263065518e+01 4.944179977305988416e+01 6.633325941829787098e+01 6.143233359737774890e+01 6.736933011531553461e+01 6.969743087435286100e+01 8.995950769324930718e+01 1.041945526261473276e+02 9.996077828298446377e+01
0.000000000000000000e+00 1.999999999999964473e+01 1.820077628221536159e+01 1.561873585772505280e+01 2.716596568342152196e+01 4.719598203290581040e+01 4.815411945588329701e+01 3.664485391658077873e+01 4.593957249447021240e+01 4.527924310049599654e+01 5.100735721357003172e+01 5.603230857174200708e+01 7.479673009574905507e+01 7.476540523121209958e+01 8.300319233692844989e+01 8.446792369490790975e+01 7.619581360019064675e+01 6.950030275533362101e+01 8.361337933219979845e+01 9.107584572872761441e+01 8.267539051330138022e+01 7.721863204986006224e+01 5.706036869543011392e+01 4.643746970878696345e+01 6.567453262318464624e+01 7.404329343053593959e+01 6.979060106839619948e+01 4.950360017245809985e+01 5.541859797413124511e+01 3.798244517107668372e+01 5.821196175755564184e+01 4.715805987444620939e+01 5.538029054028545062e+01 7.563205577368476895e+01 7.550857577839208545e+01 8.654427657517943828e+01 9.492892822957966814e+01
0.000000000000000000e+00 1.993332928927323167e+01 3.780758124765877426e+01 3.560549294280737342e+01 4.394893468364507783e+01 5.552746934276496660e+01 6.488954591668708360e+01 4.662885855079823472e+01 6.488940405454648896e+01 6.483624855959638467e+01 7.050067316899939840e+01 7.479673009574905507e+01 7.616554212980798866e+01 6.737240891794404263e+01 7.540980787595576373e+01 6.937346514794300845e+01 5.630010260789091348e+01 5.544956728588230987e+01 6.950030275533362101e+01 8.944489968211894393e+01 9.890378807741070943e+01 8.559960447256449356e+01 7.494065795036681266e+01 5.805524278807839522e+01 5.719401875432714633e+01 7.734047892468639418e+01 7.826223283738313796e+01 6.983098277052685887e+01 6.080165747299537315e+01 4.059133932170426817e+01 4.246752873010228768e+01 6.267505843073679017e+01 5.273953014208545653e+01 5.684857341064563485e+01 6.114835539823116051e+01 6.620700211346091635e+01 7.795465561543333877e+01
0.000000000000000000e+00 1.988595973165577036e+01 3.196074055529406621e+01 2.620888185113614455e+01 3.785022863099409562e+01 5.772657119213904764e+01 7.487668444530095258e+01 6.659712251231533742e+01 7.487664605197838341e+01 6.987542957668395616e+01 6.158304505805117657e+01 6.987542613182840512e+01 6.408928674966543326e+01 4.513557719477600472e+01 6.390777788922756741e+01 5.056623222583203869e+01 4.484570726266852603e+01 6.470901950308285677e+01 8.361337933219979845e+01 8.889345203297945375e+01 7.888311598854814122e+01 9.303867500683902847e+01 8.658987123135685238e+01 7.820549862697346555e+01 6.724584656610582556e+01 8.572396346969215131e+01 8.613674411123399466e+01 6.803229304758072260e+01 5.469691387287500106e+01 4.322862578758250862e+01 6.267505843073679017e+01 7.107378147226134502e+01 7.301774818285143454e+01 7.712950979456306300e+01 7.286777243165107620e+01 8.654427657517943828e+01 7.579597653278254654e+01
0.000000000000000000e+00 5.783286598885599261e+00 1.186106322404351410e+01 2.423020022666758067e+01 4.679756590335396282e+01 6.595053103729387090e+01 5.909061084581880152e+01 5.080417588838157172e+01 5.909061084581880152e+01 5.986664981412815933e+01 4.156638826023386457e+01 5.986655158146830047e+01 5.515069247691110377e+01 3.458259731112585911e+01 5.019633289993687697e+01 3.704672980660091497e+01 5.691798744781524988e+01 7.296845895605687815e+01 8.302558254975998864e+01 6.886642284770991296e+01 6.471737269864516406e+01 7.628475613021927870e+01 9.630672309804204190e+01 9.582998117939528981e+01 8.743511128326693438e+01 9.582998117939528981e+01 8.913958037396763245e+01 6.651651751004628466e+01 5.113893253190700250e+01 6.302228805000176237e+01 4.767826356817666777e+01 6.791983698968644489e+01 7.264325098235075018e+01 9.301170000807930194e+01 9.319710175082693127e+01 1.015686473034552080e+02 8.755967605163988310e+01
0.000000000000000000e+00 1.999999999999964473e+01 3.221253154780951888e+01 4.081545884819068704e+01 5.447473579062572924e+01 4.799303499790237737e+01 4.909091141280018888e+01 3.080718973015989093e+01 4.870902151990976137e+01 5.157471643004306117e+01 3.156986161175656136e+01 4.157228900519487524e+01 4.386787454843425138e+01 2.746046573381090994e+01 3.020596677234181371e+01 5.019633289993687697e+01 5.884840073846639541e+01 6.270022921812908123e+01 6.687535591154639292e+01 5.470109331273161501e+01 7.473220388905447464e+01 9.303867500683902847e+01 1.045971692701033788e+02 1.019734922374761226e+02 9.371978168993415181e+01 1.019734922374761226e+02 8.816182059340823685e+01 6.774301801058852845e+01 5.879261994048145823e+01 7.572294728752000026e+01 6.791983698968644489e+01 5.235332313951379035e+01 7.264325098235075018e+01 8.246322878058218464e+01 9.089209547388547605e+01 1.026716585886472046e+02 1.078365060808125691e+02
0.000000000000000000e+00 1.414213562373107536e+01 3.414213562373178235e+01 3.899579661489586613e+01 4.065373258965752257e+01 2.934741318267334620e+01 3.078490485145060518e+01 2.080970934877338152e+01 2.870996374091523862e+01 3.652956418778840941e+01 3.852060729120184845e+01 2.157186603339711795e+01 2.386775937699949068e+01 3.053178586902927449e+01 5.019632092753080599e+01 3.519779761799985351e+01 3.884252717437052382e+01 4.268554133167933884e+01 4.685215170147375829e+01 5.685995669212667281e+01 7.102537540596273402e+01 9.105103441153744370e+01 9.280940107860087096e+01 8.453555413008183450e+01 7.363410484897528363e+01 9.195400573893543594e+01 9.664441567304628222e+01 8.741937727313511175e+01 6.898886444458628375e+01 8.741937727313511175e+01 8.105073687705288421e+01 6.403001302466871891e+01 5.764057548027945899e+01 6.204609282062899211e+01 7.381773956590184582e+01 9.427319315090691987e+01 1.069267587710216247e+02
0.000000000000000000e+00 1.999999999999964473e+01 2.322499710932261507e+01 1.899897848058729366e+01 2.065777250023985445e+01 2.820655852712933154e+01 1.078835648356386301e+01 1.264493052386809069e+01 1.456895534587501650e+01 1.652979947187486687e+01 1.852008563479905234e+01 3.852060730158246571e+01 3.540995808460721861e+01 5.053510993711508092e+01 4.121650500326640554e+01 5.519584466058248040e+01 5.884840073846639541e+01 5.683431097893149797e+01 5.840954838736905685e+01 7.516978264020998779e+01 8.518375903298405660e+01 8.577275504560674335e+01 7.765205358627606813e+01 6.442503894848310608e+01 6.356247037100350639e+01 8.367694326945481009e+01 9.884172448850394233e+01 9.749935944967782575e+01 8.922236858104162138e+01 9.749935944967782575e+01 9.280869353845341152e+01 8.440664380866554950e+01 6.529380597214077397e+01 8.246322878058218464e+01 6.973254247311611209e+01 7.810021745202270438e+01 8.997883228920701981e+01
0.000000000000000000e+00 1.611645895365420689e+00 3.228549615378242699e+00 4.861539635314727548e+00 6.522434148615217531e+00 8.206684968584340822e+00 1.487342995473635732e+01 3.264236082786243287e+01 3.456755214805438214e+01 3.652956418778919812e+01 2.429572582644014744e+01 4.429337353521136578e+01 5.541623487076429200e+01 6.368485452229053578e+01 5.537122454327397492e+01 5.537122454327397492e+01 7.540085460570081466e+01 7.686180858707344044e+01 7.843986405301156140e+01 8.673263380889905250e+01 8.282939625768082692e+01 7.432198957980217813e+01 5.769878877904550762e+01 5.278383285281924486e+01 6.040847158950012386e+01 7.048178042594311421e+01 9.057991766601099926e+01 1.056280596214814125e+02 9.969709508773280504e+01 9.969709508773280504e+01 1.080814647167190259e+02 9.413226204315354551e+01 7.549982996536746782e+01 9.413226204315354551e+01 7.891380848934491610e+01 9.024087585045805326e+01 1.069267587710636747e+02
0.000000000000000000e+00 1.999999999999964473e+01 2.322499710932261507e+01 1.899897848058729366e+01 2.651445356415216636e+01 1.442069589953222319e+01 3.353737835547638468e+01 2.487468651901184202e+01 4.487155998381361144e+01 5.258102224490288279e+01 4.429337353521136578e+01 3.429129854888510209e+01 4.843327642968073832e+01 6.844798389066367861e+01 7.540085460570081466e+01 7.540085460570081466e+01 8.369228432486143276e+01 7.607464742260594903e+01 6.775502466830414505e+01 7.607464742260594903e+01 6.882663651110325986e+01 5.461349005198815121e+01 4.606703893821905638e+01 6.621246176363648317e+01 8.053084904597706384e+01 8.881497010814993587e+01 9.884172448850394233e+01 8.544707906886340254e+01 7.954452916981388455e+01 7.954452916981388455e+01 9.969709508773280504e+01 1.043226775240945159e+02 9.593403206122366100e+01 1.043226775240945301e+02 9.096218202997496860e+01 1.081598046793397430e+02 1.189977908100389925e+02
0.000000000000000000e+00 1.414213562373107536e+01 3.414213562373178235e+01 3.899579661489586613e+01 4.038840169246340395e+01 2.107902045410582303e+01 4.038840169246340395e+01 3.901438956778813605e+01 3.901438956778814315e+01 5.901202023931266183e+01 5.429544852153764367e+01 4.843327642968073832e+01 6.258400428803837201e+01 6.857639604079216156e+01 7.696137904995715928e+01 7.359664217672768416e+01 6.524578438932390156e+01 6.602458433937167115e+01 4.764877639257587560e+01 6.602458433937138693e+01 6.051323256748399615e+01 4.041104405595929450e+01 6.051323256748399615e+01 7.452241076483676352e+01 7.576939143737897098e+01 7.888470699362721916e+01 8.716204833078465697e+01 8.544691516811954557e+01 6.536937521870453338e+01 8.026142403446080209e+01 8.554687259715876735e+01 9.147065927350622871e+01 9.834433159940390112e+01 1.063311501222615476e+02 1.122027412423005330e+02 1.210590322690305385e+02 1.168259255414770195e+02
0.000000000000000000e+00 1.999999999999964473e+01 3.373773448343993664e+01 4.202200758451888163e+01 4.895939256828083330e+01 3.198229847806442550e+01 4.895939256828083330e+01 5.901202023931266183e+01 5.901202023931266183e+01 6.729727794215119729e+01 7.430930674343112230e+01 6.844798389066367861e+01 6.518470555772503872e+01 4.811453812662786333e+01 6.518470555772503872e+01 6.199352410081773712e+01 4.517492346548405635e+01 5.770190053044002099e+01 3.772440755932567669e+01 5.770190053044002099e+01 5.690277292847234492e+01 3.687585406885765593e+01 5.356134140211978689e+01 5.567823775989464963e+01 5.567823754611042375e+01 5.878046725962512653e+01 7.888470699362721916e+01 7.910431007766354128e+01 5.901328642947397896e+01 6.031618330442636733e+01 6.568549680987091222e+01 7.171827058872756311e+01 7.876233525325658036e+01 9.011669276669829287e+01 1.091335278655858900e+02 1.112236660361384679e+02 9.727619463517382314e+01
0.000000000000000000e+00 6.666666666666695384e+00 1.373773447853223217e+01 2.528473986232495108e+01 4.528473988170055975e+01 5.220861364004419869e+01 6.068654904024240437e+01 5.755370863963181449e+01 6.596490539296665645e+01 6.434635251864837358e+01 7.274533111644325345e+01 6.944216644285695850e+01 4.906059084162955486e+01 3.638477392412689682e+01 5.676273686592954704e+01 5.365783821628216543e+01 3.379766281542151773e+01 4.219161131275826904e+01 3.124328602158739443e+01 4.688399598704005911e+01 4.858620510271417459e+01 3.350057825784637799e+01 3.364351508683690639e+01 3.569297959835418510e+01 4.456521330563563765e+01 6.120266258221565892e+01 6.459810265712295063e+01 6.809360474685715303e+01 5.318923943069655280e+01 7.326664118432333339e+01 8.554687259715876735e+01 9.147065927350622871e+01 9.834433159940390112e+01 1.063311501222615476e+02 1.169273724878086682e+02 1.030020920105902746e+02 8.366799064387028295e+01
0.000000000000000000e+00 1.999999999999964473e+01 3.373773448343993664e+01 4.202200758451888163e+01 5.356901479082173978e+01 5.675159812353292921e+01 5.435948018355998812e+01 3.751718464621413318e+01 5.435949158381221480e+01 4.406882810209803125e+01 6.103819809229373305e+01 6.381066381052465175e+01 4.906059084162896511e+01 2.931358342123125027e+01 4.325876830103330661e+01 3.850909924442095189e+01 4.001628526418475218e+01 2.261640423379762055e+01 4.212960660747378938e+01 2.721884778251560633e+01 2.885733757992205994e+01 3.079009520901713870e+01 5.061062674448017873e+01 5.567823775939510256e+01 3.880525380236690580e+01 4.110017120063578488e+01 4.447388017583504194e+01 4.797478445989820273e+01 6.809360474685715303e+01 7.686267710048392132e+01 8.096103017045300021e+01 8.923334497627456585e+01 9.750277022044710407e+01 1.057349727021694576e+02 1.157104745490404270e+02 1.021262198404449606e+02 8.367786162437728592e+01
0.000000000000000000e+00 1.414232295536715611e+01 3.415131917162591435e+01 5.221217314409823018e+01 5.095314202850516949e+01 3.680252849466680232e+01 4.598431755720439185e+01 2.618906219540482283e+01 4.598431755846317515e+01 3.228810126552368587e+01 5.194661936718215145e+01 5.441511087063365437e+01 3.704522663030317631e+01 3.131623694951748860e+01 2.188052190392609120e+01 1.892130441565216259e+01 2.044161975725045366e+01 4.001831713930175027e+01 2.490317137131930636e+01 4.451016095183767618e+01 4.851498107474307631e+01 3.643359819670337174e+01 5.642982378951506206e+01 5.886782338973499407e+01 5.297794252151953742e+01 6.120263182628483634e+01 4.581621381659237358e+01 4.932133738910101783e+01 5.294888763607622195e+01 5.676686798132232070e+01 6.088328849184804881e+01 8.096082872386779172e+01 7.744171461423370317e+01 8.749549454606911070e+01 1.075100458948252964e+02 1.094166160677971504e+02 9.455158928631681192e+01
0.000000000000000000e+00 1.999258109054605725e+01 3.172199009313695228e+01 3.200989551683538537e+01 4.262771072170848186e+01 2.286109937310933304e+01 3.013908114777358804e+01 1.921427725515601281e+01 3.897653207974326506e+01 2.314311164576294289e+01 4.279316718548101051e+01 4.687736929957132048e+01 2.420884015248227072e+01 3.437875652375853974e+01 1.678002545845226123e+01 3.634243879798517440e+01 3.417111879950689968e+01 4.816941540404314281e+01 4.453420242710370047e+01 3.881448416816248681e+01 5.880525427065251876e+01 5.709836405429464179e+01 6.743529808227785338e+01 7.895808066332543262e+01 7.308725994163206963e+01 7.424532739569575313e+01 6.594775761164802930e+01 6.945204105207857026e+01 6.718690440483335635e+01 7.098753810560819488e+01 8.096103017045300021e+01 6.740316107200078477e+01 8.747232189837620808e+01 1.057349727021178296e+02 1.157104745459202917e+02 1.067795936822423357e+02 7.775886312323768834e+01
