MOVIE_S1_data/elevation_000167.asc
nrows	100
cellsize	150.0
xllcorner	0
ncols	100
yllcorner	0
NODATA_value	-9999
[rows 68 to 84 of 100, columns 37 to 73 of 100]
3.970164283651937609e+01 5.993810460803798890e+01 6.242670704144934035e+01 5.225592819096441133e+01 4.515200010774879757e+01 2.678811891226354547e+01 4.695186765707656207e+01 5.421263157089477858e+01 2.971905338107777084e+01 2.792169263592334261e+01 4.811146371087705376e+01 3.690472875223768057e+01 5.638600764959552691e+01 6.814372398338109349e+01 6.367905187385304089e+01 5.770570519739814586e+01 7.009085451302415493e+01 7.040616238875732336e+01 5.004810957371024216e+01 5.952985691810963687e+01 4.616468522416171538e+01 6.477580550865125986e+01 5.357377621444027227e+01 6.865514915320754596e+01 7.838541711832536407e+01 9.676399293601366480e+01 9.797753281470762943e+01 9.081967414475893463e+01 7.030280338402128848e+01 9.081977417413179410e+01 9.457323024229235386e+01 9.677935183490876625e+01 9.285983125029976293e+01 7.225213085530891988e+01 9.285976074330558561e+01 1.068281201290916300e+02 8.681146251213033338e+01
3.584249546091918859e+01 5.601087181956140881e+01 5.357144783055083792e+01 3.490785412782481245e+01 2.507431287169739420e+01 2.433348326163756781e+01 4.194616160145535133e+01 4.585025040933224716e+01 2.680537545546431843e+01 4.698448877086242703e+01 4.439842932134745013e+01 5.638600764647294739e+01 4.918203386689015133e+01 6.878231195722837299e+01 8.405757167453617740e+01 7.809998702955228111e+01 8.482557180790578855e+01 6.443522400781159831e+01 7.040744809797375581e+01 5.411415282460221476e+01 6.657972413336560180e+01 7.359388870675391559e+01 7.361314844486813058e+01 5.929489250019980062e+01 7.347258874208830548e+01 9.318504371242892148e+01 1.027742026407204747e+02 9.914939270697664142e+01 9.081977417413179410e+01 8.066909615719832516e+01 1.009704521859341497e+02 1.092381194573598435e+02 8.913839873269327541e+01 7.831321870814483077e+01 9.882514745765023179e+01 1.128018614744947996e+02 9.300073298066180882e+01
3.211255912951514802e+01 5.223719474251475958e+01 5.167537368098442130e+01 4.332559908967413520e+01 2.376627569554780095e+01 4.388384332486860728e+01 2.490643635061156402e+01 2.569053198853622888e+01 4.585926870994412496e+01 5.535555352130285911e+01 6.463257218890117883e+01 7.299755559732967924e+01 6.290344817750305850e+01 7.713024148132697633e+01 8.127738155511561047e+01 8.961367090373239819e+01 9.320799999484150078e+01 8.482547769895694501e+01 8.308430505955936951e+01 7.462455990499002212e+01 6.324073133295804894e+01 8.383427068081499556e+01 8.740127225190695981e+01 7.090568508615126575e+01 6.603629374496472337e+01 7.499618292439744494e+01 8.635898943734336797e+01 1.059357423844264190e+02 1.092566013834096310e+02 9.093478562673078613e+01 1.092566013834096310e+02 1.173620286272194448e+02 1.052349595115210121e+02 8.492399815889078241e+01 1.053553413406339558e+02 1.197432174336686757e+02 1.001100979562227309e+02
2.850738161536033033e+01 4.475466220490647373e+01 4.278033280379310810e+01 2.319745776986420793e+01 4.336831273768569162e+01 4.701648860187777501e+01 4.097532417401494342e+01 2.557889833467242013e+01 4.486747619091752881e+01 5.455433260317717981e+01 6.175714987677430656e+01 7.009986364898271916e+01 8.297514462558480375e+01 7.795363238811984274e+01 6.105262145482645053e+01 7.795363238841699172e+01 8.543614194322206856e+01 8.543635844189236650e+01 9.376552429713922265e+01 9.111708196359120393e+01 7.051818098697955861e+01 9.111708196359120393e+01 9.878154399779897687e+01 9.063963409648162894e+01 7.314330645415211052e+01 8.010431984375856018e+01 9.972540616685438408e+01 1.140990245231414804e+02 1.192771351573339160e+02 1.110061187451374280e+02 1.192771351573339160e+02 1.217029278442363136e+02 1.015697278866043973e+02 9.682996735489085438e+01 1.140027872157498052e+02 1.279798157924995365e+02 1.114468825556490259e+02
4.446923542426028320e+01 2.468831623818660503e+01 2.262874151385032206e+01 4.205339838249705053e+01 5.157748236244766815e+01 5.621867727869120301e+01 3.823949344282898011e+01 4.063104891955600806e+01 2.625540666322201133e+01 4.651146435196677231e+01 4.138415027317587658e+01 6.155283204050029866e+01 7.659199345733343023e+01 6.960060993032674048e+01 4.941528864343932526e+01 6.637541617884350842e+01 6.520407790274539650e+01 6.520407851708326064e+01 8.543637151734083091e+01 9.950924495074605147e+01 8.246876252443354360e+01 9.950924495074605147e+01 1.066494307763118172e+02 8.706533323364281785e+01 8.453076006042883250e+01 9.972540614179614238e+01 1.078757211975388373e+02 1.111168150738090219e+02 1.026468877521293450e+02 1.093576390512414207e+02 1.137279265677949667e+02 1.186243499938674972e+02 1.216904865613430644e+02 1.182162730613414539e+02 1.263527844037652983e+02 1.381767147600143062e+02 1.310762216353464282e+02
2.835887811924084900e+01 2.206097609977457097e+01 4.157382147913173753e+01 3.338510639089458465e+01 5.360261314595054216e+01 6.435828444220082645e+01 5.116083420908607593e+01 5.151085479939357725e+01 4.649440347554966024e+01 2.693299667539377751e+01 4.248398811726741542e+01 5.515185568306824138e+01 5.658928293791823450e+01 5.666257341291912297e+01 4.175575921361974707e+01 4.619231726342676581e+01 5.095847061178875492e+01 7.112991135733685155e+01 8.900808118475057995e+01 9.805471656456856522e+01 1.029309060175231991e+02 1.112654388190746744e+02 1.148125491712946626e+02 1.066494307763118172e+02 1.040992630918391626e+02 1.122589113859811363e+02 1.058227859030371008e+02 9.731798286873211623e+01 8.192372132493565573e+01 8.867853756897476103e+01 9.309702086903710949e+01 9.812247122273161892e+01 1.098427534640634775e+02 1.162978224502929692e+02 1.103171086841385318e+02 1.244852450327013571e+02 1.439161779114533033e+02
2.540325057211284943e+01 2.166470762912388182e+01 4.175204606865435863e+01 5.358046579384291164e+01 4.767691878443336861e+01 6.790851930818503490e+01 6.843223986263980407e+01 5.735783231823131700e+01 3.703995056913316830e+01 4.717753804681181862e+01 2.761279618532210733e+01 4.739147207747335955e+01 5.180488784454686169e+01 3.640374933699916937e+01 5.666257341291912297e+01 6.636594274148809802e+01 7.112991134903305124e+01 6.043808119724032935e+01 6.945780971433880779e+01 8.381880713856250509e+01 1.040155622747375475e+02 1.059018293307598810e+02 1.143803770186934372e+02 1.085996798694920216e+02 1.000777586549348825e+02 1.011700163671640524e+02 9.387186828016480433e+01 7.658218766111255604e+01 6.997545641268756356e+01 7.402383244258516015e+01 7.842851272631180848e+01 8.344979758116768664e+01 8.920639332285992396e+01 9.578244713096393070e+01 1.103808456131891802e+02 1.305826681786765846e+02 1.294975038402284326e+02
4.125173313559132282e+01 2.127057873259229481e+01 3.520934075035797406e+01 5.444158729853398881e+01 6.790852273573216280e+01 7.630808184258003735e+01 7.170890602684201554e+01 5.141348028562584460e+01 5.141346246855626134e+01 5.576193703944150570e+01 4.751507427029248021e+01 2.829348627743497957e+01 3.155105707803750192e+01 5.180429151096660689e+01 6.485531145608199211e+01 7.314968409212900724e+01 7.848332276225150395e+01 8.066524130029856110e+01 8.900838218874535812e+01 9.805478870886852860e+01 1.024599250239846100e+02 8.517023418597332807e+01 9.662299984192647173e+01 9.663821434632150442e+01 7.931215770139945676e+01 8.047201856452713287e+01 8.047412578178338549e+01 6.464205395056656300e+01 8.534616592375201094e+01 9.473530616428585915e+01 9.309702086903710949e+01 1.041420439291466948e+02 1.098427534640634775e+02 1.162891580126305371e+02 1.245572108983271988e+02 1.207979429449876250e+02 1.096653392713674151e+02
4.098311623965462047e+01 2.087691630934948606e+01 4.027375943039729123e+01 5.597694860569846753e+01 6.691013458950538961e+01 7.536044657729435414e+01 8.006442265702114014e+01 7.170890603898064342e+01 7.170820277234977880e+01 5.891980648949090948e+01 3.824300301634600174e+01 3.066044993294128673e+01 2.898385018122419510e+01 4.836544617235512078e+01 5.645312795664722927e+01 5.470093705575911258e+01 5.969150228259066182e+01 7.132472858593403942e+01 7.946263756922166976e+01 8.913021271401014189e+01 9.393275635354582676e+01 7.334515914549153592e+01 7.600933383345193306e+01 8.808821915045160722e+01 6.734946019282428153e+01 7.611441814832686248e+01 5.976681953066149333e+01 6.901368331887402974e+01 8.097192401874512768e+01 1.017311812452091857e+02 1.137279265677955351e+02 1.134740141276788705e+02 1.213689278840468688e+02 1.175432048928068554e+02 1.093179092474100713e+02 1.009116096638347813e+02 9.555903766019112311e+01
4.062292701215167057e+01 2.048364046375459679e+01 2.505502807301732915e+01 4.635486312788169272e+01 4.727645845725722751e+01 6.313722047633284973e+01 7.158825331088696942e+01 8.169165742932773355e+01 7.353827320099414067e+01 5.280275438820047640e+01 5.235856923413654584e+01 5.499414167939270470e+01 4.928101181832239064e+01 2.967337215791673088e+01 4.595846828676543083e+01 4.188042737449607955e+01 4.709459410720365469e+01 5.300928466215454193e+01 6.180496108387949050e+01 8.084558861058435753e+01 9.434321532190263326e+01 7.483721090403913934e+01 6.179779333569067745e+01 7.384754737220134757e+01 7.227585429285514351e+01 5.542171498973003452e+01 6.574745410661209633e+01 8.648138219004185601e+01 9.828493892613830951e+01 1.102291523940792359e+02 1.102490010206387865e+02 9.413101533882046112e+01 1.102490010206387865e+02 1.093179092474100713e+02 8.929960235110065980e+01 8.668983916689222724e+01 8.545564211559198498e+01
4.015231569184754079e+01 2.009208711051980245e+01 3.555414900794349364e+01 3.188641603292499838e+01 3.752339645119875655e+01 4.365920851069279252e+01 5.311491747922449491e+01 7.315952348588831455e+01 8.229855829471901529e+01 7.345881738551426565e+01 7.268301339341566347e+01 6.731651024471231892e+01 5.236164253356966469e+01 3.016038020845243040e+01 3.491664731791104970e+01 5.378482790739635533e+01 6.519378034014812329e+01 7.132384095589860351e+01 7.946253815627156314e+01 8.911337975207112549e+01 1.006591376804265821e+02 8.944898896910265762e+01 7.384754737220134757e+01 5.340872637393441380e+01 5.164974726995161092e+01 6.620221843136570783e+01 8.467887240884060418e+01 8.648138219004185601e+01 1.072012025811470295e+02 1.130310671429687375e+02 1.023063166907815571e+02 8.273813270797528219e+01 1.023063166907815571e+02 1.082992849975889413e+02 9.516241756062017032e+01 7.489777591489232123e+01 7.772488731526878780e+01
2.572119172208304505e+01 1.970086894774685149e+01 3.986037759855456386e+01 5.078170085775145282e+01 5.664454981907326214e+01 6.313722047633284973e+01 7.158825331088696942e+01 8.169165579861760307e+01 9.262486642364619627e+01 7.183477799102898587e+01 5.810693224484003849e+01 4.898426256543737622e+01 4.841693766494908147e+01 3.064990256114136358e+01 4.995215774467282444e+01 4.422834944336337770e+01 5.819388705354057834e+01 7.699678190367228581e+01 9.310453246555030660e+01 8.447554724471808640e+01 8.322285409467774286e+01 6.477449354349579380e+01 6.540193491421999283e+01 4.806216926598331440e+01 6.253663078817548637e+01 8.084213016068592594e+01 9.548922041294160579e+01 1.018301632948316779e+02 1.099396905570213647e+02 1.050881722986473505e+02 8.564130724565089281e+01 7.585123480160658005e+01 9.538791639575289594e+01 1.000538654969114560e+02 7.988168791325823292e+01 6.803195158835883660e+01 8.840745680905611437e+01
3.512762859798692716e+01 1.931071477062404895e+01 4.089412856936597507e+01 5.057255994364237495e+01 5.566289880344673691e+01 6.127069493702641267e+01 6.864350715527172042e+01 7.702390657007093466e+01 8.724620452509601876e+01 8.655411865842802399e+01 7.648852838891178862e+01 5.990369035741206005e+01 3.905614065826469528e+01 4.365342265963391100e+01 3.134837343211854943e+01 5.407967478036307085e+01 6.368023805119620562e+01 8.227851973984571998e+01 8.343783938287636204e+01 6.871839130162535980e+01 5.591523935829226133e+01 4.913925648943605040e+01 4.473359052330890506e+01 6.528550472495054180e+01 7.716682795740231882e+01 9.179034944704554277e+01 9.812379717976979521e+01 8.099678092762377446e+01 9.812379717976979521e+01 9.709723962613057324e+01 8.920987347311283600e+01 6.985881204810706890e+01 8.920987347311283600e+01 9.844578398141230480e+01 7.824100941575731838e+01 6.373722015285392217e+01 7.849488555905570308e+01
1.876160182126165310e+01 2.491719163778773449e+01 2.520448476431544549e+01 2.967270638917380055e+01 3.468120781175271361e+01 4.029351239476405055e+01 4.777498271883123948e+01 5.833846089206647889e+01 7.894879925689841116e+01 8.911317676054623860e+01 8.097370044511630738e+01 6.675846098572583287e+01 5.661053005300525598e+01 5.152905819488677253e+01 3.184593234487313396e+01 4.644663051457351344e+01 6.791734563078358633e+01 7.318175249044065822e+01 6.435020269013763539e+01 6.130547434103207394e+01 6.227957973241014145e+01 4.125324924991583231e+01 6.228399158023198368e+01 7.397212739072054433e+01 8.550851669695103396e+01 9.143036416927191112e+01 8.980200437699376437e+01 6.842022649956102498e+01 7.837296335735720731e+01 7.726451015660950361e+01 7.798828148825072049e+01 6.522063293699521580e+01 8.437210727472988481e+01 9.497841905228233372e+01 8.667988659953728359e+01 7.849488555903417364e+01 5.800654911388195245e+01
2.238468363695560370e+01 4.171792901155524191e+01 4.589855910547932183e+01 5.057305890830748751e+01 5.566289880344673691e+01 6.127069493702641267e+01 5.749057374311598068e+01 7.702391797020315778e+01 8.724346887795037730e+01 8.097618843745237882e+01 6.078905546162728513e+01 6.663103888653211015e+01 6.223789134726209937e+01 5.273625717494155651e+01 3.234679270693391828e+01 5.287650436546092436e+01 6.077372796725399695e+01 5.548738197629958080e+01 4.698425600875675912e+01 6.084406465308153855e+01 5.824962613127842559e+01 3.942823432908451053e+01 6.005434051380400717e+01 7.155986589752781413e+01 6.572399490766977692e+01 7.263483240568172050e+01 7.689696170802456265e+01 7.197592045987359199e+01 5.737346812707093591e+01 7.225781673326915211e+01 5.901716486474821011e+01 7.798781480526422172e+01 8.516613835637038221e+01 7.688371063694148688e+01 6.637782221932775428e+01 7.017510452209891980e+01 7.138531142623411085e+01
4.105611416410725667e+01 2.852702677085068927e+01 4.798673422181983739e+01 6.047967661523524185e+01 6.700417764088442141e+01 7.535987043845487676e+01 7.824603789146884480e+01 8.684019484427463453e+01 9.405012541417777072e+01 7.434226104473680152e+01 6.669674517486487275e+01 4.650723175653807573e+01 4.248976791352037452e+01 5.284208017001039792e+01 3.284996570607395938e+01 3.966928560186338615e+01 4.226841203708890049e+01 3.556365744350926406e+01 5.389528814001073442e+01 3.710288740455852263e+01 3.766203799944594266e+01 3.824312437260343955e+01 5.871183539479185498e+01 4.874173591663286231e+01 5.505924238230313961e+01 6.731729291182294617e+01 6.050989068691482231e+01 4.925432453818631018e+01 6.690571721888653656e+01 5.311051160323628295e+01 7.225320692641568598e+01 7.344777203911287700e+01 6.679345355598032086e+01 5.803188229096171824e+01 6.841193800829212535e+01 4.960269293313753280e+01 5.080279735520377216e+01
4.241294683086184136e+01 4.229930951287096974e+01 3.528839051204225541e+01 4.113862068028137031e+01 4.749452773439234221e+01 5.705281226414152229e+01 7.118119880257063414e+01 9.246162783941520047e+01 9.174811440045164090e+01 7.435181732073282035e+01 5.406112144937146979e+01 6.669674299671008555e+01 5.681894042952610135e+01 3.715777724420372152e+01 3.335442071585961799e+01 5.383817661970532953e+01 3.480964654273803660e+01 5.527593346543685726e+01 3.631400002384932435e+01 4.093282197522593435e+01 5.670100065591589100e+01 4.872540082127147087e+01 3.905992942131591406e+01 4.849269998618716926e+01 5.963148812937372867e+01 4.132201524212230481e+01 4.194290346190316399e+01 5.398983326418579765e+01 4.740253586087428062e+01 6.441201628804542167e+01 6.512904897057956077e+01 4.560817998256565886e+01 4.622490921749486859e+01 4.683311840965554751e+01 4.795616547209052527e+01 6.848013956369490529e+01 5.901458982346771620e+01
