MOVIE_S1_data/elevation_000849.asc
nrows	100
cellsize	150.0
xllcorner	0
ncols	100
yllcorner	0
NODATA_value	-9999
[rows 17 to 33 of 100, columns 37 to 73 of 100]
6.657634865342210162e+01 7.909660153598325394e+01 7.762003903288822926e+01 7.549547704704330897e+01 5.469239361156004264e+01 6.078547568022354142e+01 5.013320797032915266e+01 4.527552907646459346e+01 5.306443959593948279e+01 6.516367120530087220e+01 8.595625713155466485e+01 7.555872108678600796e+01 5.544189474840192133e+01 5.173002311774770590e+01 7.200405256687005817e+01 8.472552246524821840e+01 8.930217260058181239e+01 6.907555001153276919e+01 5.708917561957738229e+01 5.546538651851825819e+01 6.961790685444336191e+01 8.984315300508964697e+01 8.544399016561375504e+01 6.520581207587822803e+01 5.084105876145494562e+01 6.317411153559299919e+01 4.764761380292426196e+01 6.202241675106439800e+01 8.227189050423937999e+01 8.625090614954432056e+01 6.601592583807372705e+01 7.799000980204704092e+01 7.803716130997989353e+01 5.781631263451988900e+01 7.210662717948103762e+01 9.235711097627591926e+01 8.913533578186000739e+01
7.037692135958275230e+01 5.907128812196984313e+01 7.323921901770323473e+01 8.397903667597805111e+01 7.549547704704330897e+01 7.945442105946416689e+01 7.094435247576669212e+01 5.306443959593948279e+01 6.605702780209655600e+01 8.244829513650142871e+01 9.437292172820953340e+01 8.374051534688169340e+01 6.563547809455451443e+01 6.615437267824269441e+01 6.615440569666887427e+01 8.612634937600296325e+01 9.164387082493570347e+01 7.142210787455496757e+01 7.734492511517458979e+01 6.264755451838976796e+01 7.572701849898929538e+01 9.593655347788143217e+01 8.765302054318416936e+01 6.742074556551489195e+01 5.853315303989847251e+01 7.302625780984050152e+01 5.273462639362902848e+01 6.423868205963836431e+01 8.448172885815390032e+01 9.300651162874471822e+01 7.273969570808297647e+01 9.300651048469363502e+01 8.160876427694621782e+01 6.140866860804450766e+01 6.948251926786574018e+01 8.378256845249188700e+01 1.040701736796650323e+02
6.208842969615265872e+01 4.499003241067980241e+01 6.160478021248870562e+01 6.990627911241320191e+01 7.886172732681777120e+01 9.085018281272590457e+01 7.015379301715603333e+01 6.787716143750229492e+01 8.244828096776313942e+01 9.520793011066056977e+01 1.050619119944167039e+02 9.368332356334772726e+01 7.972883898994739127e+01 8.612574179622887982e+01 8.612634937600296325e+01 9.439243163289133065e+01 9.999085842780279165e+01 9.164387082493570347e+01 9.123738571759348304e+01 7.695959462307777699e+01 7.695959462307777699e+01 9.717453945116722025e+01 9.600362464014988007e+01 7.878968761531993437e+01 6.867706846960014389e+01 7.843706854186423527e+01 5.819166859795199542e+01 7.843706854186423527e+01 9.283542396633275473e+01 1.013971034880596562e+02 8.178138952621081614e+01 9.701016665437208530e+01 7.672320457568679331e+01 6.509353979892270559e+01 8.529748349442861866e+01 8.600256158978309884e+01 1.062861570451495510e+02
4.743757273319840806e+01 3.505242878955641572e+01 4.168087489191548656e+01 5.055642553801007466e+01 6.466940438321191209e+01 8.472626603173236504e+01 9.085018281272596141e+01 8.861676900352499331e+01 9.447286832608143925e+01 9.228236302925081702e+01 8.503462197633098185e+01 9.919504870796195917e+01 9.946489813292816962e+01 1.053437804155865649e+02 1.053687902415278472e+02 1.135623721986507206e+02 9.686812057087905714e+01 8.853964445766116853e+01 9.686812057087905714e+01 9.717453945116722025e+01 9.717453945116722025e+01 1.055151768121092317e+02 1.073310902882361830e+02 9.725205389800842681e+01 8.298661114842506947e+01 8.558569330392609231e+01 6.536632912227811687e+01 7.472846018508526811e+01 9.493848338535232756e+01 1.104688865986106379e+02 9.351076840654650368e+01 1.053981562147060345e+02 8.934456939581185964e+01 6.910913988889562631e+01 8.339573271069149030e+01 1.037063316013721561e+02 1.146606791180768425e+02
2.747720311822977024e+01 3.901578752425677266e+01 5.894191468429969660e+01 6.990619950645219660e+01 7.885748854813247988e+01 8.609311087248495653e+01 9.392817454603414262e+01 9.447286832608143925e+01 7.443200284525241273e+01 7.223900716817928469e+01 7.085498682746857924e+01 8.917532374049031318e+01 9.936922466648738350e+01 8.517537383223758241e+01 8.517607713432394689e+01 1.053687902415278472e+02 8.680849596586618588e+01 6.841520547329689350e+01 8.680849596586618588e+01 9.267587345077859595e+01 9.349286663674448050e+01 1.018148552859656206e+02 1.100307788582730666e+02 1.016470133290541469e+02 1.031840593398849109e+02 9.394008620682062372e+01 7.547491877263476567e+01 9.394008620682062372e+01 1.032820966146189079e+02 1.221682575506967368e+02 1.138043049731868166e+02 1.055099471548515311e+02 8.517739811635132696e+01 7.348674555170431688e+01 9.377094449416219391e+01 1.104576103965289207e+02 1.221646736878288237e+02
4.112547863476745391e+01 5.571381439900455490e+01 6.723339990079711015e+01 8.260398750247266264e+01 7.484686094205572715e+01 6.677213127171185647e+01 8.313866620557493547e+01 8.568862559905349485e+01 7.810957018215205494e+01 5.807690581953980313e+01 6.084033994888520169e+01 8.087773312065365872e+01 9.109038587286950417e+01 7.067682888390220342e+01 9.109038587286950417e+01 9.311063676776021225e+01 7.847742496547900259e+01 5.841842038782320401e+01 7.256727847261828401e+01 7.256727847261828401e+01 7.335815101703435914e+01 9.349286663674448050e+01 9.835647431547192809e+01 8.143468962655468601e+01 9.835647431547192809e+01 1.040390216165372124e+02 9.569646783521726263e+01 1.040390216165372124e+02 1.072604596220915312e+02 1.057494095315528710e+02 1.141309949635821397e+02 1.138865298467688234e+02 1.021660758971244292e+02 8.517739811635132696e+01 8.173489234517359137e+01 9.348834223767613594e+01 1.138036277255692568e+02
4.939917613450861467e+01 6.330770689647999916e+01 7.517486128333224826e+01 6.707295083604307706e+01 5.536063227864329406e+01 5.536061750986060304e+01 7.520596535023800300e+01 6.591031429271211550e+01 7.053793475336658503e+01 5.055056350605816107e+01 5.330273574943499426e+01 7.330431037000748518e+01 8.463593252934740008e+01 6.419522649469685405e+01 8.463593252934740008e+01 8.461393632579529367e+01 6.471898674147931274e+01 5.138596845420018155e+01 5.255798212990166007e+01 5.919089004828526157e+01 7.335815101703435914e+01 9.349286663674448050e+01 8.997742279846822555e+01 6.981317726335304030e+01 8.997742279846822555e+01 1.013300518038426929e+02 1.124245556323093069e+02 1.013483849985048550e+02 8.705501007456783213e+01 8.554821015180314703e+01 9.982082387721308692e+01 1.200622814239503668e+02 1.138865298467705856e+02 1.055099471548515311e+02 9.348834223767613594e+01 9.612923272204351122e+01 1.164279596181864775e+02
3.507003124858960774e+01 5.046642933670611342e+01 6.381599520285833904e+01 4.735143532956358570e+01 4.403006790881689625e+01 6.374870214193123985e+01 7.170324755392094573e+01 5.186137338661787055e+01 5.772534456539937509e+01 4.394702693049930531e+01 6.387547767093044371e+01 7.989612614610746277e+01 7.151297143512381638e+01 5.855087600467782494e+01 7.896730338003732186e+01 7.628683165427652568e+01 5.625073653123180861e+01 4.477302805170001676e+01 6.471898674148187069e+01 7.925547268478480589e+01 8.758650315150001120e+01 9.611519954064236515e+01 8.284828542077295310e+01 6.268212114451706896e+01 7.276712961772607002e+01 9.295233784743805927e+01 9.814366096436189935e+01 8.386276629641471914e+01 7.285547367809417096e+01 9.297304923011481037e+01 9.483017358135847985e+01 1.150512839651619430e+02 1.209126053620579313e+02 1.221646736878288237e+02 1.138036277255692568e+02 1.164279596181864775e+02 1.247859880710141454e+02
2.318178332135017072e+01 4.177965230610518432e+01 4.914660813617767587e+01 3.608483965730070508e+01 5.568672854954971285e+01 7.188918530975111310e+01 7.185077205768011765e+01 5.187440092377894274e+01 3.784595814692425364e+01 5.772534456539937509e+01 7.216623896059758181e+01 6.491558476309994319e+01 5.117693971661460495e+01 7.151297143512381638e+01 7.416629952406067616e+01 6.433253479308099543e+01 5.603343369474303159e+01 4.108832931939240751e+01 5.515051730274632291e+01 7.517350697225498379e+01 9.193178720787859959e+01 8.774053949321120172e+01 6.756194702251794126e+01 5.630689697980232467e+01 7.647118434256393016e+01 9.390408551399384862e+01 8.807398698307429186e+01 6.966232193833704400e+01 6.651460393194952303e+01 7.469815949520302922e+01 8.890998648854049691e+01 1.091227695526259254e+02 1.006619741874274609e+02 1.149704731555869586e+02 1.115764118382207783e+02 1.199498703448642658e+02 1.339021997662983381e+02
1.722907266923736103e+01 3.695459886265474125e+01 2.954972338095492290e+01 4.303345229513037395e+01 4.530145218848936395e+01 5.349871198788374471e+01 5.740989852929740778e+01 4.913355951942461530e+01 3.422982998480802763e+01 5.409793843782595957e+01 5.881706874619952430e+01 4.468755368236849534e+01 6.491558476309994319e+01 7.009175926551240821e+01 6.002729510520592271e+01 4.588846000982892548e+01 3.611335504201914404e+01 4.314315709454725578e+01 5.202691161008769427e+01 6.355265521764766845e+01 8.364263826700423010e+01 8.960024934653392847e+01 7.126478773295619362e+01 5.120440043031328514e+01 6.535585751213396577e+01 8.259263878035801554e+01 7.424055933507214888e+01 5.959206623983132545e+01 7.121455153382450476e+01 9.133439664708828332e+01 1.032069558764159041e+02 1.048537988241676260e+02 8.635619706437714171e+01 9.726317316707178406e+01 9.133443558799902462e+01 1.115764118382207783e+02 1.221968995790880683e+02
1.766119484693351538e+01 3.750128587610116426e+01 3.829075694375505634e+01 2.331534337479650887e+01 2.774723174914083756e+01 4.466005992571596295e+01 4.445447466439600959e+01 2.927242186337615593e+01 4.913355951942398292e+01 5.312346242370846028e+01 3.868530469941931926e+01 5.881706874619952430e+01 6.443347111364710145e+01 5.446608582153369582e+01 4.182043153933953761e+01 3.179782279553628754e+01 5.172742971231703279e+01 6.305884450292040100e+01 7.140908667028412538e+01 8.034604900874222722e+01 8.217992745088808704e+01 7.382159316505055813e+01 6.108903265900521262e+01 4.712196560702790293e+01 6.597815734306067270e+01 6.920440718495393639e+01 5.409595073459947656e+01 6.834461040957121725e+01 8.807397553580028671e+01 9.970524222735383546e+01 1.015402639453828471e+02 9.316499743383739940e+01 7.629565788752130118e+01 7.707926162169437134e+01 9.133443558799902462e+01 1.115764118382207783e+02 1.138149647701926739e+02
1.897072172234294385e+01 1.827821466653183435e+01 1.870846974426533649e+01 1.913335455899804316e+01 1.955667548483602758e+01 3.492359467916268301e+01 2.460670270919301927e+01 4.445447450633148634e+01 4.775028231743448970e+01 3.301712017301755964e+01 5.312346242370846028e+01 5.875963524522930470e+01 5.370856043064040364e+01 2.723841847228275270e+01 2.769120168102418589e+01 4.764587908775992986e+01 5.422161839915920467e+01 6.669267518889328983e+01 6.086811670557429466e+01 6.908358506887859107e+01 7.382159160012970744e+01 5.385937208143548105e+01 5.970616305493553000e+01 4.333694704506752515e+01 4.615501641871219363e+01 4.912906513116100626e+01 6.069551771482930747e+01 8.082776635913808150e+01 9.684066715114467172e+01 1.015402639453825344e+02 8.989706060097788054e+01 7.302035678012441622e+01 6.813014416184290667e+01 8.823665351361051989e+01 9.726317316707178406e+01 1.175020276796400935e+02 1.061130471709659844e+02
2.063460052483433671e+01 3.806943996321969337e+01 3.268617332930498520e+01 3.894351396272131183e+01 3.937339864615724849e+01 2.015398237223049094e+01 3.578651936459412752e+01 4.257378680405944493e+01 2.763201037689966810e+01 4.775028231743448970e+01 5.001987831485204339e+01 3.878381827062247567e+01 4.540838311059212629e+01 2.662822444855346049e+01 4.653529131151035614e+01 2.889133420790829732e+01 4.789771929324864175e+01 5.082636895358004381e+01 4.167628428124731954e+01 5.944611401008448581e+01 6.487954656288287936e+01 5.658839260900976598e+01 4.011129845485796608e+01 5.970616851919375279e+01 6.597815734306067270e+01 5.741403676540836187e+01 7.535349076362912513e+01 8.918647169807374553e+01 9.851922289451877646e+01 9.316499743383739940e+01 7.302035678012441622e+01 6.148331392810641205e+01 8.153448372968797742e+01 8.587630541418539565e+01 1.060760105012401340e+02 1.052345338565666850e+02 9.683847987015053604e+01
4.062841102785480274e+01 4.882879899970610182e+01 5.254361395976157922e+01 4.887710500941091141e+01 2.898582016076264267e+01 3.992441807358915895e+01 2.075940217209836547e+01 2.312253632329870001e+01 4.183455701536677651e+01 4.287643788337859974e+01 2.398359408969048800e+01 2.475129672505914868e+01 2.552040607833139774e+01 4.124276468895952519e+01 5.438629356501350287e+01 4.860057373147777326e+01 3.009534150693082211e+01 3.094485737383746127e+01 3.179763338480003654e+01 5.173541441797416240e+01 5.380606601137404255e+01 3.698472736599455146e+01 5.658839951532999635e+01 6.489811763673696987e+01 8.163358255158424015e+01 7.623337098357738739e+01 8.516500099837176663e+01 9.518792838554514901e+01 7.836366124974917113e+01 7.836366124974917113e+01 7.281669415713275839e+01 5.764171085558187002e+01 6.578884564140123814e+01 7.996373444055073776e+01 1.001505144472275219e+02 9.358976407319129009e+01 7.671078971511708744e+01
3.958694898258507067e+01 5.951472904203550485e+01 5.953689151310252470e+01 3.959914829569208194e+01 4.887970684472148974e+01 4.882542503053006300e+01 4.059953483652490291e+01 2.137193851187184990e+01 2.213284943084082457e+01 2.289666769591172013e+01 2.943698417244164034e+01 4.384272991701238453e+01 2.998677553534050233e+01 4.817923420595315775e+01 6.314726739811232648e+01 5.917059457628626973e+01 4.186075315785667783e+01 5.088784659033512270e+01 3.961131213434967435e+01 3.301788991204179524e+01 3.388533194453084008e+01 3.484693725363582928e+01 5.475274476589959249e+01 6.441228925859617505e+01 7.166916502736931704e+01 8.001054566642024213e+01 8.250545216955693206e+01 8.000894536243376365e+01 6.718054137669824399e+01 5.831530548186333363e+01 5.279399879912978122e+01 6.432986148064100007e+01 8.440992319088847751e+01 9.424503320874474355e+01 8.937227730159229111e+01 8.101835701805106282e+01 6.529827659628332981e+01
4.900396188109086637e+01 6.780506832785675897e+01 6.783504102228133092e+01 5.108651591665569214e+01 6.783504102228133092e+01 6.050373222408950369e+01 4.215823902696777736e+01 2.190156091904670532e+01 4.035107845055635067e+01 4.032928416792508131e+01 3.202263624809839371e+01 4.567514021115583489e+01 4.920511278188510573e+01 3.665302897705478813e+01 5.656098196290739821e+01 7.179163071967727205e+01 6.352584350306965888e+01 6.639192130335105446e+01 4.760138639838692143e+01 5.293842830780963737e+01 3.872353435036133362e+01 5.475076246497715005e+01 3.620568407815575540e+01 5.610239076532626257e+01 5.162760527528159571e+01 7.165789332275038248e+01 6.271974374065242586e+01 6.112023152954154881e+01 5.642798708823325171e+01 4.833286009744371370e+01 6.833948336580638738e+01 8.116181264768309234e+01 9.277414122797928542e+01 8.537731129426765619e+01 7.703941188176091259e+01 6.112363191925211936e+01 8.101826705692457153e+01
6.573666958656032477e+01 6.897880877743577344e+01 7.938981413400182419e+01 7.108031924936904034e+01 6.646893118730959316e+01 4.643291901703479851e+01 3.234864287514664483e+01 2.243352861977696122e+01 4.227954406081818206e+01 5.534437720367643010e+01 5.303262039358124014e+01 4.660755248916180449e+01 6.470007661594786441e+01 5.656098196290763269e+01 4.534064110030853101e+01 5.959815062462750035e+01 7.965557902535637425e+01 7.539768078936536710e+01 6.706344486270263872e+01 6.359747833906800452e+01 4.368028803193681853e+01 6.359770585969199885e+01 5.610063207414098940e+01 3.756502049686698541e+01 5.745803932971432459e+01 6.690110943961967394e+01 5.803392448342785315e+01 4.325558485777479945e+01 4.428926686815202629e+01 6.422015322923603264e+01 7.415834886733664177e+01 8.280188854758780792e+01 8.158588698989029808e+01 7.328051231910413321e+01 5.714918504428414536e+01 7.117200133277745522e+01 8.937202067801983674e+01
