MOVIE_S1_data/elevation_000675.asc
nrows	100
cellsize	150.0
xllcorner	0
ncols	100
yllcorner	0
NODATA_value	-9999
[rows 34 to 50 of 100, columns 37 to 73 of 100]
1.065234637322524947e+02 9.311163616836785195e+01 7.354482371756749615e+01 7.881266351393529135e+01 9.901361085793593020e+01 1.056402369080589807e+02 1.139876602653550464e+02 1.141838721604443094e+02 9.408985923197786860e+01 7.988690601900700017e+01 7.076176564035259275e+01 8.087662013682900408e+01 7.481184970129733358e+01 6.610659379228694377e+01 4.604722586102658966e+01 4.288224878811196561e+01 4.671907089048364980e+01 7.143063330048683213e+01 8.487106982977657310e+01 8.185015266451036098e+01 9.006108357249716789e+01 1.000374003002474979e+02 1.068749941805923385e+02 8.883919927336575029e+01 9.145848865158494334e+01 1.054182815479674247e+02 1.250852807505967093e+02 1.343739022627138695e+02 1.294589050969000539e+02 1.213686663606682572e+02 1.091092369649266374e+02 1.176382358532773935e+02 1.095542525534285971e+02 1.040365095460781362e+02 8.439557127672014758e+01 8.852262154024026586e+01 9.510111469522038874e+01
1.099128310473975176e+02 1.021759495495139163e+02 8.526857817587087141e+01 9.900640576132192905e+01 1.074034931718033050e+02 1.099122687962289575e+02 1.018158036646148474e+02 1.099122687962289575e+02 1.083405914445894354e+02 9.254511863861868903e+01 7.233468638547770979e+01 6.039350965609514077e+01 6.629518899607208482e+01 4.617364157898930443e+01 4.202325650070050500e+01 6.294517988919923113e+01 7.076038642840282478e+01 8.070195873172691847e+01 7.388976862171440985e+01 6.155507591109744681e+01 7.182011545538027519e+01 8.607541222719098073e+01 1.058941627942474781e+02 1.002621253606099714e+02 1.111786122488270792e+02 1.193472091477897976e+02 1.286960410976674325e+02 1.149085784501304346e+02 1.213686663606682572e+02 1.018720789875460326e+02 9.782837106060883059e+01 1.095542525534285971e+02 8.994537532909565414e+01 9.568868249664828340e+01 8.034309381973896791e+01 1.001083218666313570e+02 1.146013518284135557e+02
1.182395475364141504e+02 1.138927006691055368e+02 1.054127002251894396e+02 1.127780087653568870e+02 1.046445622404858824e+02 1.001802367990017331e+02 8.238592551637344741e+01 9.960250770927709141e+01 1.076955623868580858e+02 1.008992969698422257e+02 8.461793491270248069e+01 6.422225428267266523e+01 5.241350925049648168e+01 6.232341870514178339e+01 4.144550537551076275e+01 6.142792503699869400e+01 6.977429003782712869e+01 6.701020364857913592e+01 5.339210519113672149e+01 7.388976864034367509e+01 7.338346547884235349e+01 8.503397092309241145e+01 1.048657391981290345e+02 1.199278124173950744e+02 1.281065275512324035e+02 1.303517721186917981e+02 1.108674405596343604e+02 1.011250412874587283e+02 1.159299274633541756e+02 1.075824972190339963e+02 8.795718754400533612e+01 1.075824972191375508e+02 9.568868249664828340e+01 7.573477630224216739e+01 9.568868249664828340e+01 1.081959564907396185e+02 1.188276997228095979e+02
1.189743020473803057e+02 1.182877959208754390e+02 1.085791990333086972e+02 1.005041095609706048e+02 8.517155653776542579e+01 8.873939243445087754e+01 7.249367213023742806e+01 8.010668225122262243e+01 9.238195471702150030e+01 1.004722472213450999e+02 9.297689942172007704e+01 8.123786470080892741e+01 7.270770873174181759e+01 5.456979126754976761e+01 6.028219426315031626e+01 4.064209827493772309e+01 6.055837749043571705e+01 4.626562341874401341e+01 6.701020833698895274e+01 8.215494027620383122e+01 9.341586244602947886e+01 1.015669380851041268e+02 1.129729982175402512e+02 1.057815074309371539e+02 1.139594237835665353e+02 1.246412408810762713e+02 1.051621458537440219e+02 9.130126694559301370e+01 9.639575631348074580e+01 9.780926705228333162e+01 8.188286887829285376e+01 9.358912323925518706e+01 8.878668426812276948e+01 7.269908455081726117e+01 9.280858420802168496e+01 1.028830117027329294e+02 9.929952484428181947e+01
1.271717002798708336e+02 1.101804819810859755e+02 9.082773714085513461e+01 8.111068203589475445e+01 7.485172883224367979e+01 6.904139087893548776e+01 6.421663230125416533e+01 6.859986581015157014e+01 7.271204295107880000e+01 9.238195471713214602e+01 1.015048794843455653e+02 8.800703839483884394e+01 6.880735322220729699e+01 7.314194349879636547e+01 6.585410083235184686e+01 5.972721766937696231e+01 3.985234247604545033e+01 6.057348703744241902e+01 7.244432422220229739e+01 8.378307874030294045e+01 9.411056882452352568e+01 9.545773196045827547e+01 1.024923290708835140e+02 8.605246136492752385e+01 1.025664540847805313e+02 1.139602986964286231e+02 1.189473999051233335e+02 1.021171826320031073e+02 8.237583071562451664e+01 7.790656338140834691e+01 9.194028061531214746e+01 7.349040041122785283e+01 6.844486262226256201e+01 8.878668420684924456e+01 9.482455310817681493e+01 8.314390003911479710e+01 9.070345809997026265e+01
1.270676986673405793e+02 1.182877959208754390e+02 1.005041095609706048e+02 1.005041095609706048e+02 9.437136929930640861e+01 8.873939243445087754e+01 7.847322672190627202e+01 5.833640026585233329e+01 7.365947023414717876e+01 7.365947023414717876e+01 9.178778465855634749e+01 9.580812765710545875e+01 8.793205541944199410e+01 6.730545255639816560e+01 4.575544449772346667e+01 3.907304793757772643e+01 4.023632112224030521e+01 4.411131760372002475e+01 5.862501757097292199e+01 6.738482194474886455e+01 7.727572533549722777e+01 7.557044768528619727e+01 8.628011577423978906e+01 7.450243558471287031e+01 8.605246136583257055e+01 1.057815419454506838e+02 1.134026991623070870e+02 9.385560002819622127e+01 1.021171826320031073e+02 8.616292173292686130e+01 7.176482909968095214e+01 8.599252014659198551e+01 6.549270300241664700e+01 6.982704874283555796e+01 7.479282079301499664e+01 9.482455311078562943e+01 1.102836156219751444e+02
1.188609792106706635e+02 1.154087315019314985e+02 1.199291382743663377e+02 1.069378102202954324e+02 8.752861043789110340e+01 7.620146206875610062e+01 6.722087580884814884e+01 5.993761817080650900e+01 5.327076482963919091e+01 6.368605481640025090e+01 7.773691973747831696e+01 8.803172608925508769e+01 8.603036810046806693e+01 7.480149809769585545e+01 5.913257635183280314e+01 3.851356901879934469e+01 5.909483551344614227e+01 6.510188759971134687e+01 4.928289480329317485e+01 5.295242541313714923e+01 5.689110020169004400e+01 6.117035223757613238e+01 6.619061938541544521e+01 8.046711544903850211e+01 9.076731263524436599e+01 1.103804067351575924e+02 1.134026991623070870e+02 1.076981555900003258e+02 1.139810410436463428e+02 1.000719813882866731e+02 8.654816499574701538e+01 6.608591761692701994e+01 6.290136985831087202e+01 8.352463217603731493e+01 9.482455311077532656e+01 9.482455154866710245e+01 1.144354883678647212e+02
1.095874843908948293e+02 9.555443481620343960e+01 1.095874843908948293e+02 1.150468879561566098e+02 1.038125982028145984e+02 9.508119030595447896e+01 8.699762456647826525e+01 8.000548741777274131e+01 6.368605481356011921e+01 4.894692008064107824e+01 5.974685076354149516e+01 7.388928842639826655e+01 7.741107661323103173e+01 6.262094104594540767e+01 5.846983394694350977e+01 3.795559159971789143e+01 5.251639422400020152e+01 7.311457208932290541e+01 7.092475730082320240e+01 6.760033776007051642e+01 6.880016341054752615e+01 8.139740552985885813e+01 7.774484725577437416e+01 9.438403920392222801e+01 1.082838397100539538e+02 1.183923253507198439e+02 1.328876997945569371e+02 1.271747135331697365e+02 1.115779456026615861e+02 1.034726212991582770e+02 9.472246152405710973e+01 8.135074945929386558e+01 6.063176093392851129e+01 7.546389389671846004e+01 9.556287599834024604e+01 9.730008720200859784e+01 9.730009222570971872e+01
1.006717210257667716e+02 8.139336507800253173e+01 9.503243212577159227e+01 1.032637425625077157e+02 9.618657030288522947e+01 8.793524054279802726e+01 9.618657030288522947e+01 9.178757331671158681e+01 7.773689463333759875e+01 6.564841324279547052e+01 4.493686196623855977e+01 6.201531715983058746e+01 5.658793810739490482e+01 6.385705681810710388e+01 4.731740317537940399e+01 3.739267361947344170e+01 5.820327108305196617e+01 6.968527276544061522e+01 7.829927202424541122e+01 8.771313183760220511e+01 8.887892447383424610e+01 9.706748552139093533e+01 9.752404837114552549e+01 1.055276703914872627e+02 1.176897888647550587e+02 1.257324389740129504e+02 1.178415104779130331e+02 1.080503682399783969e+02 9.995243791247824561e+01 8.363552065146080849e+01 8.727569644479414990e+01 7.949758683882967603e+01 5.870207331168128917e+01 7.949758683882967603e+01 9.134177916579135115e+01 7.721907521395658591e+01 7.721907521744840608e+01
8.400333987125668500e+01 7.234063672721588034e+01 7.496944886153052323e+01 9.171264552920136737e+01 8.613228323497715166e+01 6.774875204002917428e+01 8.613228323497715166e+01 9.580859323766802049e+01 7.989604541940262550e+01 5.974685076354149516e+01 6.201531715983058746e+01 4.132636516174738261e+01 3.900266696199963690e+01 5.516643440142387078e+01 3.659622986969033320e+01 5.732834962386463218e+01 4.373790144621882092e+01 4.861469792381945609e+01 6.968527276544061522e+01 8.455031027911468300e+01 9.174368434840415887e+01 1.040793503516630096e+02 1.120020879068113260e+02 1.039591526003415680e+02 9.827173683960967310e+01 1.176897888647550587e+02 1.097568976350658829e+02 9.014797818989059408e+01 8.011432410797974057e+01 7.322759831096185223e+01 6.685629692452508266e+01 6.149728650086348836e+01 5.678832433083871933e+01 7.524950943141892878e+01 7.357609334275670676e+01 6.261080554866210690e+01 8.309188270304493074e+01
8.920063837736161361e+01 7.496944886153052323e+01 6.319167254939236500e+01 7.760125832514287936e+01 7.381348215753332909e+01 5.746414506898116059e+01 7.570193936719860517e+01 7.570193936719860517e+01 8.803172608925555664e+01 7.989604541940262550e+01 7.029780325874047264e+01 5.212909331016355452e+01 4.807906282341654247e+01 3.579343968789365960e+01 5.630553084347487669e+01 6.674243421585848068e+01 6.478010487151439634e+01 6.968527276544061522e+01 5.680852213621331259e+01 6.343823411557259817e+01 7.401403545657305472e+01 9.544647564432921172e+01 1.039591526003415680e+02 8.434689529962321330e+01 1.039591526003415680e+02 1.154713710879922957e+02 1.178415104779130331e+02 1.080503682399783969e+02 9.995243791247824561e+01 9.333973331097880077e+01 7.849795360076231532e+01 8.217084274749167605e+01 6.928756618269717649e+01 5.427859476415466844e+01 5.253940369583033743e+01 6.559061887240295619e+01 7.882261115632947224e+01
8.660928190510895774e+01 7.496944886153052323e+01 7.760125832514287936e+01 5.720637111029509470e+01 5.335822565578924781e+01 4.971681401336361716e+01 5.532858689643292394e+01 7.386718036450324121e+01 8.456796551256366001e+01 9.216519546549201891e+01 7.248072629934132749e+01 7.234517892949425288e+01 5.574257495000328078e+01 3.523948306414187925e+01 5.492397579640898186e+01 5.639307196878971951e+01 7.631580499840927700e+01 8.633203492834176984e+01 7.400907302260846166e+01 7.935124705122922251e+01 9.316480195483207183e+01 1.042257523917678128e+02 9.732515452746287110e+01 7.760816122329750044e+01 8.784657297376064378e+01 1.074391005257354550e+02 1.094527230123419770e+02 1.013369567201519459e+02 1.094527230123419770e+02 1.066383797216082172e+02 9.851334623357945475e+01 9.781764998781633835e+01 8.349336082807766957e+01 6.923806427171540179e+01 7.127478526441538520e+01 5.016937378091863309e+01 6.919596867794433592e+01
1.032637425625077157e+02 9.503243212577159227e+01 8.581737432945450905e+01 7.752895333673883727e+01 7.029645080046532257e+01 4.979056374680624941e+01 4.532202451099748686e+01 5.599063029211861675e+01 7.027929790234097140e+01 8.126542373850048762e+01 7.634686217927131224e+01 6.801147626092043197e+01 5.888478744228955009e+01 3.468568306183170336e+01 3.884675523857623602e+01 5.642539146661378169e+01 7.004357098665940384e+01 7.832991642176114055e+01 8.756727334355562675e+01 9.900497583616484576e+01 1.103905559371670932e+02 1.092247032047204840e+02 9.144186876781576245e+01 7.138650052467180274e+01 8.569436791210149806e+01 1.053175632834319373e+02 9.948276281920348652e+01 8.125341716942951109e+01 9.215290839216885388e+01 1.003349587356224646e+02 9.999389316060589294e+01 9.182695101391304604e+01 9.701060383978375512e+01 8.762728580300172609e+01 7.477539808894877638e+01 6.577416361830735525e+01 4.785588811416661059e+01
1.129249649010421024e+02 1.013818492216780101e+02 9.310302368092602876e+01 7.771059094237679687e+01 5.713605539335654271e+01 7.029645080046532257e+01 6.192849314765243918e+01 4.211583311205796321e+01 5.274404020824138684e+01 6.698817676149116096e+01 6.800973573052701227e+01 4.760712338474983341e+01 5.358227002360014524e+01 3.413768817586642967e+01 4.539022364742452709e+01 4.464565428334825725e+01 4.938259707980072477e+01 5.586946107825146157e+01 6.793409083368933921e+01 9.410018338160371343e+01 1.005196830452204182e+02 9.082463076030749960e+01 8.671666951484290564e+01 6.642876534722445570e+01 8.092541331644575564e+01 1.006979987721905445e+02 9.129518694479074270e+01 7.062525675947220805e+01 7.153065444010516671e+01 8.857565074897658519e+01 9.182695145009365945e+01 7.155543694362701501e+01 7.749282573594162216e+01 7.525270441008173350e+01 6.088575086409078807e+01 4.698335182463265625e+01 6.573621063171167123e+01
1.046763574745341430e+02 8.465022144467995702e+01 7.285426051678548731e+01 6.543972312823106563e+01 7.771164424994590547e+01 7.464638371995823718e+01 5.521514503725320111e+01 5.865188313705399281e+01 3.916697953716172265e+01 5.555410809466910393e+01 6.030225339921171468e+01 5.281339062710148369e+01 3.336966066588048818e+01 5.349122990726361593e+01 6.047665088738722972e+01 6.374114137532665580e+01 7.004357098665940384e+01 7.832991642176114055e+01 8.863389107985116766e+01 1.024729912268038987e+02 9.520864410846951387e+01 7.755755093563925584e+01 8.239269006351246105e+01 6.188701564211053352e+01 7.655475997408929345e+01 9.648670006158336321e+01 9.462377577271792006e+01 8.024664452164810768e+01 5.900230285582728129e+01 8.024664452164810768e+01 8.056264211297241218e+01 7.749267522471488689e+01 5.667352448604700754e+01 6.636530868183186271e+01 4.612434274409275048e+01 6.723827127795733816e+01 6.068038232725266568e+01
1.048889569979941427e+02 1.013818492216780101e+02 9.311426244686977327e+01 7.742663487809836909e+01 9.271937939557835762e+01 7.660271380052824952e+01 7.464638371995823718e+01 6.698818115639814152e+01 5.555410809856258680e+01 3.628150026158523644e+01 3.441138594466725209e+01 3.262144761508130841e+01 3.867186476927807348e+01 3.977502745364219550e+01 6.027622445794594341e+01 7.376677925132671021e+01 8.056708833278888449e+01 8.885063235037067386e+01 9.889676011195004435e+01 1.048850933933161542e+02 9.681217695328784600e+01 8.487156023395857574e+01 6.496242791111038173e+01 5.767527059299690961e+01 7.248685655818370321e+01 9.258104310212422661e+01 8.637377313229433184e+01 6.561965552820041125e+01 5.276004787623613623e+01 6.938455405540361198e+01 5.845214903031643416e+01 6.491063174473323727e+01 6.544955146211265173e+01 4.528129125475432915e+01 6.630905778510346238e+01 6.345441423269214454e+01 7.963836144329701483e+01
9.588648351820110349e+01 9.848733623970767326e+01 1.058438623401115564e+02 9.759123137224842992e+01 9.557137820608697609e+01 8.290061849044839448e+01 7.440892077221906220e+01 7.581655054614877542e+01 6.194124710046657611e+01 4.968301962020638740e+01 3.562073580278357099e+01 3.211834848429055711e+01 5.745450325504516798e+01 6.027622445794594341e+01 4.715328579197473147e+01 5.318095245946885541e+01 6.016616108840226218e+01 7.048201985243339607e+01 9.065215681314431606e+01 9.681217695328784600e+01 7.680632882368037428e+01 8.266590607745419561e+01 7.452991259877643415e+01 5.367885737403591406e+01 6.859731181000080369e+01 8.885247788318386597e+01 8.525834929838177345e+01 6.712363981496062593e+01 5.540079299418011516e+01 4.401987834995788518e+01 4.335017017595811240e+01 4.390345831939513488e+01 4.446279243316254082e+01 6.539806310560999236e+01 7.468670507353496646e+01 8.397235844972885843e+01 9.212109576017118684e+01
