MOVIE_S1_data/elevation_000415.asc
nrows	100
cellsize	150.0
xllcorner	0
ncols	100
yllcorner	0
NODATA_value	-9999
[rows 0 to 16 of 100, columns 0 to 36 of 100]
0.000000000000000000e+00 1.999999999999964473e+01 3.382760170699267377e+01 4.052235090370665205e+01 4.856365309888298043e+01 5.832724021633256939e+01 7.455246975640727669e+01 6.624344047249010714e+01 6.932894226043575259e+01 6.932894226043575259e+01 7.763947828649264693e+01 7.877450794902459563e+01 7.055852409514831436e+01 7.877450794902459563e+01 7.410085274799676824e+01 6.585191724514639589e+01 7.410084068325052442e+01 8.574194457749207743e+01 7.802926262276967861e+01 8.574196765400687070e+01 8.745963798614256746e+01 8.162714832052208180e+01 8.745963820065165351e+01 8.585762477831241313e+01 7.763227556876294955e+01 8.585762477831241313e+01 9.257743479374224194e+01 7.904394421533346815e+01 7.083568096481305076e+01 7.422315877803505657e+01 6.250509754400406592e+01 3.648412643556956425e+01 3.789313811964819934e+01 3.992167409150921031e+01 4.198027474403960468e+01 4.420251169762893539e+01 4.647539078718580896e+01
0.000000000000000000e+00 1.972202423267022553e+01 1.407043526689599844e+01 2.073389011639023849e+01 3.072280545102490379e+01 5.032255740889766571e+01 6.298350309393721602e+01 4.621440458208639512e+01 4.929694030586031772e+01 4.929694030586031772e+01 6.932894226043575259e+01 6.884509431349054864e+01 5.068988508945528082e+01 6.884509431349054864e+01 6.419120404198987728e+01 4.607215582187557601e+01 6.419115748778830266e+01 7.626223416311056269e+01 5.892929680007485871e+01 7.626224785530418160e+01 6.765032453406286095e+01 6.186093457733070977e+01 6.765032454432873976e+01 7.598118162340148274e+01 5.792282506294831279e+01 7.279526375137599814e+01 7.279526375137601235e+01 7.083568096481305076e+01 5.115424621434127062e+01 5.691880498927392296e+01 4.634956648036761351e+01 3.525386511063376105e+01 5.487091319647430510e+01 5.394129343012306776e+01 4.750609772393806196e+01 6.398640463339373952e+01 6.623863547849151701e+01
0.000000000000000000e+00 5.546959799169370875e+00 2.559193863353278076e+01 3.986079335786526201e+01 4.856365309888298043e+01 5.832398661976525034e+01 5.319946182567547766e+01 3.461324836402851446e+01 3.509970386575573542e+01 4.929694030586031772e+01 6.932894226043575259e+01 6.062420459230174430e+01 4.073390328449836773e+01 6.062420459230174430e+01 5.596203648239437456e+01 3.616062837027068610e+01 5.596203648239437456e+01 6.847927959957779365e+01 4.908706896808887166e+01 6.847927965567102149e+01 6.765032452731985302e+01 4.793041146802193708e+01 6.765032454378244609e+01 6.777755031585527945e+01 4.808879287737713781e+01 5.309527911388126142e+01 7.279526375137599814e+01 6.906815566162003961e+01 5.691880498590149529e+01 3.727251000874453268e+01 3.251006238697350170e+01 4.047225006392007884e+01 6.014303816543898051e+01 7.362756368483982783e+01 5.893530397730058468e+01 5.686170412596590040e+01 7.647818816361149175e+01
0.000000000000000000e+00 8.166628338048285585e+00 1.819301306892123904e+01 3.276050121892827605e+01 5.463171650173499927e+01 4.730307315633840659e+01 3.309862569716793246e+01 2.554825889925931648e+01 3.983211598960370736e+01 5.988574958324248598e+01 6.516414823149115421e+01 5.399410415636728544e+01 3.407252107421311393e+01 4.549951258826115463e+01 4.936156703360055786e+01 2.913715039697763487e+01 4.936156711485430293e+01 6.201520940941432514e+01 4.243863359567084359e+01 6.201520940949108507e+01 6.107702018199929483e+01 4.131993071640065551e+01 6.107702018199929483e+01 6.033589948641400014e+01 4.077169579281655132e+01 6.033589948641400014e+01 6.652936007126159268e+01 5.514229238941143052e+01 4.122216295528833285e+01 2.986126575775613290e+01 4.949320347031926559e+01 5.211269919861783961e+01 5.437813985919157744e+01 7.406283062915332494e+01 7.278323393736067715e+01 7.647818816361149175e+01 6.816176705617290565e+01
0.000000000000000000e+00 1.999999999999964473e+01 3.643343495603083682e+01 4.692070150708262588e+01 5.184844158575136674e+01 3.898654931474488450e+01 1.874196014436767754e+01 3.898654932372082271e+01 5.401202862340929300e+01 5.216474750203489918e+01 4.461045202347549576e+01 4.461045202347549576e+01 4.549951258825662137e+01 2.550841352491806191e+01 3.794358749039268730e+01 2.269079157464729590e+01 3.535936380202733176e+01 4.372153487727057808e+01 3.663749717005083539e+01 5.636393803610710052e+01 5.537363972200195406e+01 3.556787297020176908e+01 5.537319286388229500e+01 5.528437279017217776e+01 3.582478734032775236e+01 5.528444381393988039e+01 5.833373940301910920e+01 3.867408819938616205e+01 2.728439067080766378e+01 4.697959144154955879e+01 5.766212999802629469e+01 7.180743450922577154e+01 7.406283065962921341e+01 8.227980963215925669e+01 9.251437413461495396e+01 9.609039508108067196e+01 8.783862614997943297e+01
0.000000000000000000e+00 1.999034464240952502e+01 3.491748919525934980e+01 4.288876270984719241e+01 3.757429641650151808e+01 2.333452352851380240e+01 1.461561721170636652e+01 3.485415633562152493e+01 3.976359683048544014e+01 3.186744211732386489e+01 3.186746610466869711e+01 2.446200133734737037e+01 4.461044788606120193e+01 3.794358666961017690e+01 1.787865646880825921e+01 3.109957394997867297e+01 1.492560245427082855e+01 3.535173213055932706e+01 3.123376507802537461e+01 4.384356707452119650e+01 5.021816540098539150e+01 3.039363220838344404e+01 5.025855354003653019e+01 5.069747467304425470e+01 3.124666037387063255e+01 4.454690839886678333e+01 4.204357250611993635e+01 4.290567747047990110e+01 2.549888599786121546e+01 4.525219284919970875e+01 6.030286130415591117e+01 6.833467443541209718e+01 7.190929619198435319e+01 7.209860275447549327e+01 8.030587935963910695e+01 9.371276634582368104e+01 8.544809745627188136e+01
0.000000000000000000e+00 1.952641210434475383e+01 1.939982665032682263e+01 3.478513703625200293e+01 2.923572429064926936e+01 9.105466222838197510e+00 2.421437200619458707e+01 2.487228362592277620e+01 1.964245815020763786e+01 2.620085710173317750e+01 1.272481713044689045e+01 3.154816321767041387e+01 2.875754844388212206e+01 2.944120793712825801e+01 2.682673486349984415e+01 1.097445747849586262e+01 1.166579205837372690e+01 3.178962078624056176e+01 3.717715060229262036e+01 2.381996796974899411e+01 4.384417247188701339e+01 2.563290988371071322e+01 4.557301182949301221e+01 5.264611964796602450e+01 4.454690839886587383e+01 2.496289204752399371e+01 2.203844331073418417e+01 2.298058913875184217e+01 2.409525517718990173e+01 4.404842071731194864e+01 4.141330423735371369e+01 5.691306402520862662e+01 5.230516199311482239e+01 5.246070313325743939e+01 7.209860275447549327e+01 8.229338861284330164e+01 6.574102100567283458e+01
0.000000000000000000e+00 8.296297271038906018e+00 1.964137016047043005e+01 2.189375383791445984e+01 2.262826738826554163e+01 1.076135024236652171e+01 4.105752180273967156e+00 4.763844039786791384e+00 5.422031071867324137e+00 6.081485944582986747e+00 6.742383183588311013e+00 2.599017054183411446e+01 8.645282743936425263e+00 9.325517626541174110e+00 1.000708854542133430e+01 3.012052865718421302e+01 3.177628651918922742e+01 1.265486822819466362e+01 1.704911036047541018e+01 3.623224385653865909e+01 4.068564372816758379e+01 2.108715493679557440e+01 3.771267174993356974e+01 3.278686105275179585e+01 3.948469145933938051e+01 2.071137915535144813e+01 4.074719419180729574e+01 4.296263353194889589e+01 4.404842071731195574e+01 2.567490212017965945e+01 4.558770564137594050e+01 3.928077642296458549e+01 3.845353062875288686e+01 5.821251076405145142e+01 7.347801392633041928e+01 6.528099688071726803e+01 5.441693137120079626e+01
0.000000000000000000e+00 6.359630007489062153e-01 1.272247763725033121e+00 1.909500751606982183e+00 2.548051608464737772e+00 3.189333517538619933e+00 2.327261382617160379e+01 2.487096392482765239e+01 2.553567531559118109e+01 2.620095921226514690e+01 1.881861164008361342e+01 7.684954781715987338e+00 2.783382693729486590e+01 2.944120533740058576e+01 1.981432800163381458e+01 3.696937655568169845e+01 3.969426789368370123e+01 3.204652665413370727e+01 1.365889176131880767e+01 2.759642873986287270e+01 3.397835077797068948e+01 1.675894693570510796e+01 1.764278040440232687e+01 1.853208814179110675e+01 1.942830901497731233e+01 3.948469144041425238e+01 3.494542191653465579e+01 5.475391150779685034e+01 5.252881775475603376e+01 3.034024207059876233e+01 2.727943590080148084e+01 2.841430179092804664e+01 4.825787317348414263e+01 5.804678637083537041e+01 5.808752444322445285e+01 4.558086292359589464e+01 6.528099688071726803e+01
0.000000000000000000e+00 1.999999999999964473e+01 2.205939137024281038e+01 1.611752861965213057e+01 2.255078805056086821e+01 5.199143122127644290e+00 1.032739260562687456e+01 2.491666001481889836e+01 4.497510395394790805e+01 3.550709720497636823e+01 1.522138638367400887e+01 2.796285723285202707e+01 1.528500726908472096e+01 3.566603542130650339e+01 3.823487801439326006e+01 4.624013367010350350e+01 3.381289647715311730e+01 1.961307168934732559e+01 3.394321495736616612e+01 1.468028490647454731e+01 1.553879772076696320e+01 3.569210331295309402e+01 3.771276926649498051e+01 3.859718976169649807e+01 3.108918091634800263e+01 4.754608090306395241e+01 5.475391150662731121e+01 6.293986096797754470e+01 5.750623663980974243e+01 3.744228487220571111e+01 4.714466810221068727e+01 4.825808953259993217e+01 3.003939003160178345e+01 4.986139845156686334e+01 3.832170709805343733e+01 5.808752444322445285e+01 7.347801392633041928e+01
0.000000000000000000e+00 1.413983407145753368e+01 3.404238484593692249e+01 3.639894632202910429e+01 3.916054728564003540e+01 2.500171535693088032e+01 3.079851809081355896e+01 1.967122872144945234e+01 3.979543168313404067e+01 4.140448924332361713e+01 2.097534047384070988e+01 4.140448639633754624e+01 3.566706298709397771e+01 2.390579706307104502e+01 4.441014730860039350e+01 6.080601242144437890e+01 4.411263418862544228e+01 2.414564949489401613e+01 4.362976189742549593e+01 3.554611808661107375e+01 1.658233816349438072e+01 3.674539149316074571e+01 4.666891430592020384e+01 5.161303002741129831e+01 5.073434219563365133e+01 5.871194441154209187e+01 6.950455013409070659e+01 7.794059231522675191e+01 6.581255038913013777e+01 4.921134240501885415e+01 6.581255038913009514e+01 5.611463636494796958e+01 3.633999378661140156e+01 3.168912455267918915e+01 5.149891724183881792e+01 5.441166849479913026e+01 5.564058369702077300e+01
0.000000000000000000e+00 1.999999999999964473e+01 3.182014118400631020e+01 3.891334878350699000e+01 4.725583501696621624e+01 4.560032536676560255e+01 4.687331421778220886e+01 2.685574020623473501e+01 4.687329224229569036e+01 4.827003220839278441e+01 2.767340279225227562e+01 4.827003221012961376e+01 5.128347183837477274e+01 3.066349824905153554e+01 5.128347183837477274e+01 6.073603324174284523e+01 4.052568320345343267e+01 2.936141087990250043e+01 4.941056945819530455e+01 4.513286305065898318e+01 3.674539434087977696e+01 1.847960473910875123e+01 3.051895482729697306e+01 3.566099774202277217e+01 3.431374980005792708e+01 4.084129549606360143e+01 4.867116391440956846e+01 6.350279059084235911e+01 7.726569071308601622e+01 6.905372900442453954e+01 6.087384305921901273e+01 4.694679282280786481e+01 5.611442126909143724e+01 4.572091722323997942e+01 3.339632456590868514e+01 3.460774471212020842e+01 3.583654589308723359e+01
0.000000000000000000e+00 5.773502885032667287e+00 1.180373395601872843e+01 1.887488841575967058e+01 3.042899488845132083e+01 5.061057809012660158e+01 5.512428648233156281e+01 3.843850034171096297e+01 5.512422607546854181e+01 5.690163394609601966e+01 3.785973111311830053e+01 5.690163394609601966e+01 5.990108074305972252e+01 4.086801218224817234e+01 5.990108074305972252e+01 6.932799967711339661e+01 5.497294186660683124e+01 3.491971789304184171e+01 5.497294186660683124e+01 5.898978666024249407e+01 3.869023386402282227e+01 3.869023385443551177e+01 2.036866892298454346e+01 2.587080897220739217e+01 4.760655925582915415e+01 6.163027029078773467e+01 6.950455013409070659e+01 7.794059231522675191e+01 9.237839276263049726e+01 8.880291651840944667e+01 7.483837978881419417e+01 5.832567139154114955e+01 7.359664734465796698e+01 6.137645959663583994e+01 5.320126379524216986e+01 4.272995038131399781e+01 5.562730042751594084e+01
0.000000000000000000e+00 1.999999999999964473e+01 3.182014118400631020e+01 3.891334878350699000e+01 4.725583501696621624e+01 5.909906614417813131e+01 6.409714657961436046e+01 5.839716230331992364e+01 6.665369406315048195e+01 6.731593494048591708e+01 5.868032884177205943e+01 6.731593494048591708e+01 7.031061159239760627e+01 6.169893149450143000e+01 7.031061159239760627e+01 6.935707924632129107e+01 4.901483708089132563e+01 4.381208927238428430e+01 6.352007690817904262e+01 6.081713181783943156e+01 4.052298024161104451e+01 2.601800134872299353e+01 4.067199534766620417e+01 2.246479962362565530e+01 3.692706555893907705e+01 5.726067776079474214e+01 7.182000363575966162e+01 8.016916060947058043e+01 7.683848941961859680e+01 7.082974129492316706e+01 7.918621342072272284e+01 7.800213494539470105e+01 8.623046343720687901e+01 7.639418035605018531e+01 5.670348973259787329e+01 6.247075948996066330e+01 6.408297515809049116e+01
0.000000000000000000e+00 1.154700538379261765e+01 2.568914100752474283e+01 4.568914102559971724e+01 5.611233306005752297e+01 4.770580134680326978e+01 4.411758972385573685e+01 6.403615401603380519e+01 6.738757556479022526e+01 6.902432238718188273e+01 6.310940404538262527e+01 6.678802157198241218e+01 7.074367388585160654e+01 6.923431384380143072e+01 7.760045646019356980e+01 7.802531767379066707e+01 6.935707924632129107e+01 5.376632483718869793e+01 6.708166310525605525e+01 4.684287898219741209e+01 3.237704559253847236e+01 4.642041825813520006e+01 4.156378501857594898e+01 2.397961776138233958e+01 4.447365198224846239e+01 5.514886790386638893e+01 5.160080767868262086e+01 6.847486756458918933e+01 5.665128689711535515e+01 5.060436430161693977e+01 7.082974129492316706e+01 8.928293917073330022e+01 9.936916670986641975e+01 8.462697406298016745e+01 7.639418035605018531e+01 6.989063540605499725e+01 5.021247524169376675e+01
0.000000000000000000e+00 1.999999999999964473e+01 3.901246030992437852e+01 4.480623634218520834e+01 4.472385024798248310e+01 2.777636982967037937e+01 4.780402299545582423e+01 5.263411724486627463e+01 4.690744349667905055e+01 4.887541378682627169e+01 4.297950663879208832e+01 4.663934202550541386e+01 5.057372554844406665e+01 4.907013382231335896e+01 6.331235907303580746e+01 8.353117736714412445e+01 8.295389983830509095e+01 6.811007960841874365e+01 7.186283102978671877e+01 5.164912291098742259e+01 3.724782959441227348e+01 5.744088279223081628e+01 5.211562495815594787e+01 4.447365198224846239e+01 2.623726708734323054e+01 4.676117248619606670e+01 3.985249017774692248e+01 5.562098347341088811e+01 4.231216764273664666e+01 6.257276571378496755e+01 6.072508618828018001e+01 7.084100715182013630e+01 9.102778565131222877e+01 9.380930619570250428e+01 7.396779772917926721e+01 6.264780306198913706e+01 5.516014128900496161e+01
0.000000000000000000e+00 1.999999999956122920e+01 1.901386273940116567e+01 2.485874480240283901e+01 2.504402132774666256e+01 2.021629157650959741e+01 3.577892458295537637e+01 3.255051103197270379e+01 3.269888812450915339e+01 4.407958522785218491e+01 2.881302371522024686e+01 3.246486048756248977e+01 3.638810401914822279e+01 5.648136664028837117e+01 6.968178605527734248e+01 7.682935414694699716e+01 8.519771932550381166e+01 8.903278360495377797e+01 7.406804877867062942e+01 5.386163491484335708e+01 4.342257838182686669e+01 6.367631114383765123e+01 6.221886123287472259e+01 4.134378675639764111e+01 2.944810625250232761e+01 2.879770412424904436e+01 3.063014988978668285e+01 3.527667037090590441e+01 5.562454857410477160e+01 7.093534443659586941e+01 8.093439640156618964e+01 8.928293917073330022e+01 9.936916670986641975e+01 1.021344112074938124e+02 9.063543940681549316e+01 8.046084376604846966e+01 6.231943761252131964e+01
