MOVIE_S1_data/elevation_000268.asc
nrows	100
cellsize	150.0
xllcorner	0
ncols	100
yllcorner	0
NODATA_value	-9999
[rows 68 to 84 of 100, columns 37 to 73 of 100]
6.517326635357670739e+01 6.653085139312523211e+01 4.639498129646662505e+01 3.227123417909976411e+01 3.467566558337146176e+01 5.409953977864869046e+01 6.601639500458885834e+01 5.774863453345480480e+01 5.263798146811114265e+01 4.429746634781906778e+01 2.526518948726441138e+01 4.543293537033445517e+01 5.788073170774725185e+01 5.065220158542911122e+01 7.110052979288300889e+01 6.130506093105029208e+01 7.772369480213059489e+01 8.430421295287176520e+01 6.514515140325761422e+01 6.880953647421176811e+01 8.862165930982556006e+01 9.017960307637578410e+01 7.102151507264257191e+01 7.500807375579265113e+01 7.338116973805142607e+01 9.400799251095506293e+01 1.093151481266353358e+02 1.196314975233125324e+02 1.170490188522131518e+02 1.088493669462946798e+02 1.135834521352304591e+02 1.217830952704699428e+02 1.141232639597993881e+02 1.222850908831501187e+02 1.346956398968031863e+02 1.312229671438267644e+02 1.231183197585108218e+02
5.908235694931746451e+01 6.325701530562877650e+01 5.471321830748252779e+01 4.579741504281718534e+01 2.672006511011465335e+01 4.579393881816869083e+01 5.741869957917158018e+01 3.751202626445885357e+01 4.317018271591457079e+01 2.419509583867663949e+01 4.380819902066471627e+01 3.950248626853317546e+01 5.982815854102633324e+01 6.528925625461707227e+01 7.931293459742342122e+01 8.090480340830228556e+01 8.905087650309899061e+01 9.316480560595189786e+01 7.656294543886748727e+01 8.862165930982556006e+01 8.862165930982557427e+01 9.903974548206872441e+01 8.243079272705087135e+01 8.969927491646521389e+01 8.814009682593456319e+01 8.814009682593456319e+01 1.081743458563221338e+02 1.144013484692074201e+02 1.062608043721676410e+02 1.037130927207246032e+02 1.118524515719142585e+02 1.109094039246185446e+02 9.442046236111484347e+01 1.109094039246185446e+02 1.222850908831501187e+02 1.199415417484342328e+02 1.035892313538393523e+02
5.342907742172523200e+01 5.215271581903701303e+01 3.369012497195738121e+01 3.979862964302820671e+01 2.394712014111916787e+01 4.214049869965112549e+01 5.029466934861908811e+01 3.619985857780077509e+01 2.310795998738776902e+01 4.316960261479835026e+01 5.247474550652341208e+01 5.980032544729152733e+01 6.812807421493248228e+01 8.513018518487405117e+01 7.537002269745616445e+01 6.714322729106326904e+01 7.537002269747237904e+01 8.685650225062620677e+01 9.639995362907471588e+01 1.046183948774388170e+02 1.084586585881849317e+02 1.104982279154296947e+02 1.022759518181024134e+02 1.097109910210658512e+02 1.081743458563221338e+02 1.081743458563221338e+02 1.164009961344623605e+02 1.062608043721676410e+02 8.651967805444448345e+01 8.394801553093417112e+01 9.931744111320548996e+01 9.340805626663836847e+01 8.293515986247841454e+01 9.442046236111484347e+01 1.141232639597993881e+02 1.118431953110456618e+02 9.208643788239547234e+01
4.327451551180097056e+01 4.304258843155657388e+01 2.098798130163045528e+01 1.973122008814727124e+01 2.520709733214014747e+01 4.086426225063614481e+01 4.298616531464100632e+01 2.227828728264002578e+01 2.234506740432780703e+01 4.231975902928888189e+01 5.128695781346009852e+01 5.801908085857137820e+01 6.628132129114929683e+01 6.654188333482407813e+01 5.924862444060693889e+01 4.701586029779217313e+01 5.872048840454721130e+01 7.864890257948732710e+01 9.830321898575579098e+01 1.091234677588167870e+02 1.008323943059835841e+02 1.091234677588167870e+02 1.108598032032429188e+02 1.027238679711330462e+02 1.001728509303620314e+02 1.083099515602002612e+02 1.153470883439355958e+02 9.567055020427227419e+01 8.163942093306030756e+01 7.241791730702537677e+01 7.947328606219724634e+01 7.351194905284202719e+01 9.340805626663836847e+01 1.087844526448291305e+02 1.199971154796087944e+02 1.172204292751827666e+02 1.004366260913003401e+02
2.320719164781528576e+01 2.749229879406192012e+01 1.919992645235110729e+01 3.924119374294430429e+01 2.027289167326831176e+01 2.497808646076054373e+01 4.084212499016225451e+01 2.176885296290994276e+01 4.177247076741289789e+01 2.297878816120692491e+01 4.305156959895877122e+01 3.776412541456760863e+01 5.801902189750919092e+01 4.637748854226641271e+01 3.894198066614513465e+01 5.924862444060693889e+01 5.872048840454721841e+01 7.026460375430698946e+01 9.010206776760367120e+01 9.905924640879707965e+01 8.065755110297138231e+01 9.905924640879707965e+01 1.027238679711330462e+02 8.295241378666817411e+01 8.037635494357429877e+01 9.690610849495560331e+01 9.777013509863428453e+01 8.959981415071027300e+01 8.527173419472991611e+01 6.540128798552903788e+01 6.540129080349345259e+01 7.290606886504163242e+01 8.106771232613166944e+01 9.253181287652994058e+01 1.119846898445528467e+02 1.074312960477371206e+02 8.922378953784307498e+01
3.809573058386141042e+01 1.869107913906156426e+01 3.130508359652417028e+01 4.659657087761467409e+01 4.143594917958307633e+01 2.081933927330163669e+01 2.120947159264632731e+01 4.125530899743462498e+01 4.999039600832083607e+01 4.305183279153070686e+01 2.360450639476348655e+01 4.369500465634988018e+01 4.670769561198230235e+01 3.218162664678532536e+01 5.228350308798067658e+01 6.750599297401018362e+01 7.864890257948732710e+01 8.685650225054284590e+01 9.240597139114818503e+01 9.074497270447744768e+01 7.062313257091676633e+01 9.074497270447744768e+01 1.049096217903377521e+02 8.874333864337879163e+01 6.886275560570732068e+01 8.874333864337879163e+01 8.959981415071027300e+01 6.975440922116889908e+01 7.556699374963864102e+01 5.994995857007591411e+01 7.976066398906661448e+01 7.937148816295453457e+01 9.867512336940716011e+01 1.087844526448291305e+02 1.132618909537796412e+02 9.349277417879953589e+01 7.911162703444577460e+01
1.820274185941714862e+01 1.877348254479376521e+01 3.725373680681059341e+01 4.983536121352683779e+01 4.981312697846902893e+01 3.562620573444964833e+01 4.130256350982755720e+01 3.186021172791262757e+01 5.209953112110252960e+01 5.201862224372216303e+01 4.369632175296219145e+01 2.422359022084630809e+01 2.423475550024030056e+01 4.670775044976383583e+01 4.486357537176614585e+01 5.660723842913343162e+01 7.665845307659076013e+01 8.650895042841847271e+01 7.230618901606753468e+01 7.548749932022836617e+01 6.398571186485649775e+01 8.403769265995724425e+01 9.571538936220169091e+01 7.694456230945642972e+01 6.288766439122926499e+01 8.274911732070060566e+01 8.001928050170374718e+01 7.182236622551531013e+01 5.575228738684280927e+01 6.496244717481509667e+01 7.485576147357953403e+01 8.805276483593283388e+01 9.848216817738352802e+01 1.170485587269967169e+02 1.143767921850581786e+02 1.074312960477371206e+02 9.606197005856755311e+01
2.382676909565311618e+01 4.088149237109683298e+01 2.600267771247887083e+01 4.666760516385283353e+01 6.048084541294827687e+01 5.621844435571559728e+01 6.043256542231504369e+01 4.358336854459955134e+01 6.035179341281460808e+01 5.201739693841435752e+01 3.168717468590713793e+01 4.434045997307462983e+01 2.483984128455756135e+01 3.906040222598955580e+01 5.932956122134681465e+01 7.334997138364879277e+01 8.496097121761667381e+01 7.649063677353865387e+01 5.817288034275630082e+01 5.548352222794679989e+01 6.960444246995695039e+01 8.969045495636540011e+01 8.754973032683216161e+01 6.769200933317752344e+01 5.777888266239742876e+01 7.134628255465759139e+01 6.828667002034156042e+01 5.197834734230662690e+01 7.182236622551531013e+01 8.376227215990169839e+01 8.061872490348886799e+01 1.011297652486474732e+02 1.141392092701642156e+02 1.085816224715970577e+02 9.467292382541099016e+01 1.085816224715970577e+02 1.042383202760049272e+02
3.620969213937860331e+01 4.202479826797596019e+01 4.666762424782430685e+01 3.171120263574299969e+01 4.614639622805501062e+01 6.658758798994171002e+01 7.223463928176411741e+01 6.383016723824487570e+01 6.065192999916508398e+01 4.040968137563398699e+01 5.202617875171955575e+01 4.546025689085161048e+01 2.527209900219672534e+01 4.546095439424720297e+01 6.188067871833426636e+01 7.045556650832641310e+01 6.994652001090528870e+01 6.818307965805547610e+01 4.809840642857480475e+01 6.818307965805547610e+01 7.939482095086775360e+01 8.835889430690187396e+01 9.571538936220169091e+01 8.280407848676456695e+01 6.295859378959832497e+01 5.145617250816456334e+01 4.832994127096058179e+01 6.828525109236825585e+01 6.818362850330393599e+01 8.801217224051009680e+01 1.013967395692726825e+02 1.096168812339968213e+02 1.128600207514585350e+02 9.969692188183320525e+01 8.048573227930258156e+01 9.969692188183320525e+01 1.091321182174348792e+02
5.606370650181703041e+01 6.188937043330349042e+01 5.630149755104042697e+01 3.584713594189310015e+01 5.032540551981933419e+01 7.073039316855000891e+01 8.459582265171115978e+01 6.486307742263346654e+01 5.064381326951176021e+01 6.065192999916508398e+01 5.111942387930408671e+01 2.987084958733483475e+01 2.570294519156711388e+01 3.782349147869979333e+01 4.176907034322934464e+01 5.254655172142493313e+01 4.976193910947035448e+01 5.894028157866703310e+01 4.377572101034101593e+01 5.103315338490677533e+01 6.001200540044848708e+01 7.415105177985302021e+01 9.426377895948452590e+01 9.097983345944514610e+01 7.954021027020571921e+01 6.583016508649549792e+01 4.574567496084398499e+01 6.001347893167787362e+01 7.987288768952387841e+01 9.618352643156332249e+01 1.003057756271090568e+02 1.084297988948476643e+02 1.045350355694961593e+02 8.477695409339391119e+01 7.129402074048522309e+01 9.151842076984827656e+01 9.713220169786474401e+01
6.248032381113834077e+01 7.254642321339396460e+01 6.088459963526327812e+01 4.039517097761671494e+01 5.491824796366366002e+01 7.528864675872846135e+01 8.662224207154736177e+01 6.701776302679766673e+01 6.486307742263346654e+01 7.158094222967876874e+01 5.110659135054996227e+01 5.088278774159334716e+01 4.592159487676920548e+01 2.631521908496882034e+01 2.906092097863918156e+01 3.202499788035213868e+01 3.517431025484567186e+01 3.853303842415415659e+01 5.043518107848075260e+01 7.055821396546841129e+01 7.939482095086775360e+01 8.835889430690187396e+01 9.551380403832629895e+01 7.571144394919068077e+01 7.571144394919461718e+01 6.378030039683652319e+01 4.363057159264469931e+01 5.795409881585141676e+01 7.784599527077050141e+01 9.697066017087732348e+01 8.036075612935293577e+01 9.697066017087732348e+01 9.637621866379947733e+01 7.628570309742352151e+01 6.438613603132191088e+01 7.733128008100689499e+01 7.725271682779346349e+01
4.407519460629046648e+01 6.429158894398125312e+01 6.926232899430571877e+01 5.225946252846100748e+01 4.877975206142269826e+01 6.331837526369684355e+01 8.379918735471262892e+01 8.662224207154736177e+01 8.459582265171115978e+01 7.277908014995857400e+01 5.260462601333476584e+01 5.216905176829351376e+01 2.939623950665525598e+01 2.675631169507213514e+01 4.621257204616968295e+01 5.214536844386834247e+01 5.567250056505508837e+01 5.894028157650569000e+01 6.726014329081736776e+01 7.886609889095082337e+01 8.255815182689300968e+01 9.073906511860349156e+01 8.973484166934011341e+01 6.990276242295838927e+01 5.578877595652273413e+01 6.176532751641737917e+01 4.164411234494351532e+01 5.592844616984352513e+01 7.585680562527858228e+01 8.879051325108726189e+01 6.858544466251051119e+01 8.879051325108726189e+01 9.983350091890976330e+01 8.904020775743775573e+01 6.875975607782731913e+01 5.719763378150481969e+01 7.138086900374207744e+01
6.248032381160501814e+01 7.254642331865773031e+01 8.099257168928990325e+01 7.266675603428154773e+01 5.657410730824449274e+01 6.924383913733666418e+01 8.946367803373766492e+01 8.754658036331703386e+01 6.761223324313280614e+01 6.580053865980271155e+01 5.260519759333348588e+01 3.199712283343550112e+01 2.943795490720181718e+01 2.720058117949213283e+01 4.753777311685259122e+01 4.140990026679845215e+01 5.416797451262640806e+01 6.786017503890157343e+01 7.669518265449757166e+01 6.848188226030858061e+01 6.265130049820967884e+01 8.255815182689300968e+01 7.788778505709446165e+01 6.968847112643584296e+01 6.417147915189410412e+01 4.413725008088803037e+01 3.967327730718844947e+01 5.394756548215916325e+01 7.390267782606777303e+01 8.164694025134465960e+01 6.129745496646132352e+01 7.151589920743022333e+01 9.165704708328735251e+01 9.724092449833369756e+01 8.561240348629905839e+01 7.138715607302269461e+01 5.194068056410700507e+01
6.384857414627202843e+01 7.203375293981999050e+01 8.089698666962638640e+01 8.526738759206011764e+01 7.103530838159687733e+01 7.324448694707375296e+01 9.339561426711246384e+01 8.339893374030900475e+01 6.761214823896372650e+01 4.742984680275201725e+01 3.695682584592721298e+01 5.260519759333348588e+01 4.931563736302803136e+01 3.755403598302208223e+01 2.784224349360368578e+01 2.829933169967168993e+01 3.523368632563123271e+01 5.568819535989494796e+01 5.842350712559249359e+01 4.836513199098931892e+01 6.848188226030858061e+01 7.876547003328482788e+01 6.927533388992596031e+01 4.960854113330996285e+01 5.524259043258012980e+01 3.480331736401067388e+01 5.705378169199040883e+01 6.801046196805822319e+01 7.627292236156648642e+01 6.793942302214337303e+01 5.464233678830301244e+01 6.930010500865449785e+01 8.948413807397929531e+01 1.011435814118999588e+02 8.039076062175877269e+01 6.521709563645204355e+01 6.770374042707432238e+01
4.381319642228707778e+01 5.286898064900901772e+01 6.695092361069693254e+01 8.668619877209012259e+01 9.120299731203589033e+01 9.339561426711246384e+01 8.766012916311701986e+01 7.519847284341143734e+01 5.516414288643735375e+01 4.336289617343602742e+01 4.493738365097298271e+01 6.516707076535294618e+01 6.217672156532270833e+01 4.280323653367507575e+01 4.823271961033876210e+01 4.805570208602874516e+01 2.895213242398078179e+01 4.940594771945973918e+01 3.803844857486948428e+01 5.254945386843604638e+01 7.260472552426892889e+01 7.053260656597727518e+01 5.053367101752470347e+01 4.755985908064699430e+01 3.469688171664126486e+01 3.524679669679634486e+01 5.556087146857404235e+01 6.472555096424464693e+01 6.792554276363802046e+01 4.623608398623834148e+01 6.464818096872997444e+01 7.255315750444984246e+01 8.039778641131319148e+01 9.031636413066955527e+01 9.373462361161385559e+01 8.291960955143426304e+01 6.687117503170200905e+01
6.384857414627202843e+01 7.203375293981999050e+01 8.089698666962638640e+01 8.948402008915240913e+01 9.757672712104850632e+01 9.352232696173966531e+01 7.363436969461812964e+01 5.947000314633945095e+01 5.043981275680012999e+01 6.363246604134009488e+01 5.514942269415725207e+01 7.341022581818944559e+01 7.104633546573612080e+01 6.282282425169159978e+01 5.543176868975945126e+01 3.498149920633056809e+01 4.864219909974283240e+01 2.961520662174393692e+01 5.010129797710432342e+01 5.906156767344587166e+01 7.306551494536353175e+01 6.200330697034074490e+01 5.372160505339968495e+01 3.392750465589491426e+01 5.448331040960961502e+01 5.578909467111221687e+01 3.604842467174485421e+01 5.658266938361981602e+01 5.886473500101225653e+01 3.859066311622505907e+01 5.012434221760591413e+01 5.905969393220122754e+01 6.281020916998456727e+01 8.215328189608051446e+01 8.188970010457798310e+01 7.161213889548724865e+01 6.006289365033946837e+01
7.345884474196427050e+01 8.501033561226641666e+01 8.629708764106838714e+01 6.994736591254522295e+01 8.629708764106838714e+01 9.662851796096902035e+01 8.766012916311701986e+01 7.655126106858087098e+01 5.654754266932315687e+01 7.655126106858087098e+01 6.935112923962368825e+01 8.339739067528878991e+01 7.595925691967174487e+01 5.599404669246893462e+01 4.157167118448013809e+01 5.543176868975945126e+01 5.817015186671868321e+01 4.417101105282660711e+01 3.028749363410973672e+01 4.486966393737458247e+01 5.974522370966023743e+01 5.295251376979499724e+01 3.316478891252289429e+01 5.372606048611240936e+01 6.275805728532962746e+01 6.441338205689389440e+01 4.349305528319565184e+01 3.685858967910650819e+01 3.743848603387063889e+01 3.802712126337124943e+01 5.239930359425648732e+01 4.933599932052877080e+01 6.789182089254613572e+01 8.078182369849241695e+01 7.332903406731514906e+01 5.499009274577861106e+01 4.477738509430195535e+01
