MOVIE_S1_data/elevation_000638.asc
nrows	100
cellsize	150.0
xllcorner	0
ncols	100
yllcorner	0
NODATA_value	-9999
[rows 17 to 33 of 100, columns 0 to 36 of 100]
0.000000000000000000e+00 1.999999999999964473e+01 2.862512944908425538e+01 3.690054432739764678e+01 3.877413102727199856e+01 5.215717782393811319e+01 6.035947174742432253e+01 5.703622492998606930e+01 4.802422815674769652e+01 4.507658414989829510e+01 2.291383504242286406e+01 3.562626504628121182e+01 4.407004392539009530e+01 4.294379153767249591e+01 3.510265365568245244e+01 2.132738309142110467e+01 3.297217728893058108e+01 5.667058242799070200e+01 5.051364658492822457e+01 4.734750410212469518e+01 2.755476553877673140e+01 4.734750410212468097e+01 6.402295352113415561e+01 6.959780493250212885e+01 5.536909300872841300e+01 5.552727871376762181e+01 3.560917730436211315e+01 4.140246172385456447e+01 2.331198166532137250e+01 4.310549617565247615e+01 3.484139622249130497e+01 5.472476182254647625e+01 7.094742944006553387e+01 7.666115269213121053e+01 7.887951194109356834e+01 8.728086483914671589e+01 9.662106716356503000e+01
0.000000000000000000e+00 4.264014327056286469e+00 8.628372130123922901e+00 2.862500817201680903e+01 2.464355111717682689e+01 3.220226717743194911e+01 4.374209602792982565e+01 6.364419906617572309e+01 6.638590826592400163e+01 4.507809587834788090e+01 3.199695698919654063e+01 5.349894990930661720e+01 5.862794951317741976e+01 4.042529988646826666e+01 2.684199644544942487e+01 4.108931779519338079e+01 5.058287953399300818e+01 6.541821682959749751e+01 6.903263712074478065e+01 5.060810368751443633e+01 3.077465070319992435e+01 3.957898881389839119e+01 5.106500413166775587e+01 7.109539881637070380e+01 7.550784029681716447e+01 6.394563441873113874e+01 5.558616052712419275e+01 5.138513452184692909e+01 4.310549736127794063e+01 2.501920622228207236e+01 3.644262700532377153e+01 4.238031238712069637e+01 6.247286461879075148e+01 5.649398345730035942e+01 5.869730694824398398e+01 6.797342507832348701e+01 8.309496985381615275e+01
0.000000000000000000e+00 1.999999999999964473e+01 2.862512944908425538e+01 1.569943677467020038e+01 2.724594669744767828e+01 4.725086018054665971e+01 6.035947174742432253e+01 7.178746256362526879e+01 7.120520249179816119e+01 6.211473821799935990e+01 4.478136426349622923e+01 6.211473821799935990e+01 5.785791584969867785e+01 3.826385706909635331e+01 4.657867987172886615e+01 3.458120303588363242e+01 4.597440165993094752e+01 6.486197456379765924e+01 7.257770315857401044e+01 5.424130308647239218e+01 3.434145041923729735e+01 5.424130308647237086e+01 6.786090866346472694e+01 7.944836874410437133e+01 7.258671789348495906e+01 6.423470609040357715e+01 5.972435530563401329e+01 5.005790000082080837e+01 3.028887130343841250e+01 4.476627609825686704e+01 2.688930863082193667e+01 4.665670150432838881e+01 5.590082854243598121e+01 4.236652050487149523e+01 4.788107772602020873e+01 5.453841438236671735e+01 6.350472893863803137e+01
0.000000000000000000e+00 1.414213562373107536e+01 3.414213562373178235e+01 3.569071842286742680e+01 4.395695836011410051e+01 5.561564871154298118e+01 6.551275183125180490e+01 6.534364296244515913e+01 5.119317265317251042e+01 6.534364296244515913e+01 6.581833801453825572e+01 7.407502627706287512e+01 6.594421224551186356e+01 4.967521875461937952e+01 6.070221162350091504e+01 4.125671608738986151e+01 6.070221162397228198e+01 7.272007776941651969e+01 6.423801412413391176e+01 4.424459204880545826e+01 3.885935535983274036e+01 5.882076438768832105e+01 7.717981696905091837e+01 7.998901982338374239e+01 6.423470609040357715e+01 4.437500146637525944e+01 3.987478128054083015e+01 3.580276503940582700e+01 5.005751867405303557e+01 4.792357603456578374e+01 2.821712714746499628e+01 4.797382753809640832e+01 3.596814874093478664e+01 5.590082855789087546e+01 6.797342507832348701e+01 7.469093042630173329e+01 8.309496985381615275e+01
0.000000000000000000e+00 1.414279125616400279e+01 3.416975131999594595e+01 4.934365347994176432e+01 4.365791544915925471e+01 4.577816774953060275e+01 4.550267621407977714e+01 4.550267621407977714e+01 3.704611000270824661e+01 5.705456048759842957e+01 6.488670712557333786e+01 7.318541469632859275e+01 7.716815810487507576e+01 6.906518044662794864e+01 6.871582189606846214e+01 5.110218619097476989e+01 6.871582196696878952e+01 7.842997379350815379e+01 5.835951195243350043e+01 6.423801412413833134e+01 4.548388215677152857e+01 4.881048216776875392e+01 6.883104660760787397e+01 7.163245319182092885e+01 5.179152372158409179e+01 6.423470609040357715e+01 5.385171073900257710e+01 5.561994752544937626e+01 5.794564694395760540e+01 3.800010511497605137e+01 4.792156570481144229e+01 3.010697927514615557e+01 4.989089946533878361e+01 6.046284540497774174e+01 6.858899260716364665e+01 7.697677274914255463e+01 8.901546913260374083e+01
0.000000000000000000e+00 1.999999999999964473e+01 3.005564489565150765e+01 2.945149652541934415e+01 2.361201556096743914e+01 2.576722091658567138e+01 3.697255545246236608e+01 2.549776978733614641e+01 4.550267621407977714e+01 5.072399431516512891e+01 4.485757891137298259e+01 6.488673978375965135e+01 6.688874987469633027e+01 7.519625143674917922e+01 7.834903921702783691e+01 7.030223705702795201e+01 7.834903932479241462e+01 8.679589436489621335e+01 7.842997379350815379e+01 7.257278073547995234e+01 5.253740440816836355e+01 5.879603615250142212e+01 7.717981696904158184e+01 7.750450576208051245e+01 5.769117125580754646e+01 7.750450576208051245e+01 7.390217346539238008e+01 7.066041649404417058e+01 5.055675714343944804e+01 5.794577675019068153e+01 5.342277851386363352e+01 3.059854738336595048e+01 3.213976742088249949e+01 5.211497671612831084e+01 4.849390457003139687e+01 6.858899260813419119e+01 7.059654915084948357e+01
0.000000000000000000e+00 1.881441736767192729e+00 2.186447377506407719e+01 2.650065123032045022e+01 9.467739350585686608e+00 1.162439481471416514e+01 1.696962074847237290e+01 3.697255545246236608e+01 4.002475564254434914e+01 3.070754229586050243e+01 5.072399431516512891e+01 6.362254610592031412e+01 4.684657862314122667e+01 5.940617689008343660e+01 6.519136349392525176e+01 7.153206274181079038e+01 7.862450869408959875e+01 8.693292532166780973e+01 8.900645546103311290e+01 6.887939662279426045e+01 6.407800075616921731e+01 7.886605706271424765e+01 7.886605706271424765e+01 8.432788150995096998e+01 6.457330439332577043e+01 8.432788150995096998e+01 9.089594078083615614e+01 7.066032382589310146e+01 7.066041649404417058e+01 5.895944084168009880e+01 3.862103231893649280e+01 5.342402381691799462e+01 5.211497672764934919e+01 3.444304357187068177e+01 5.437961957533141089e+01 6.204205428445894199e+01 5.053448038379028162e+01
0.000000000000000000e+00 1.999999999999964473e+01 4.578241186620149783e+00 6.502742083918894522e+00 2.649877422896545553e+01 3.162580777797950304e+01 1.505436652568509182e+01 1.751619636492537069e+01 2.001619643240665170e+01 4.002473522829570385e+01 4.693218268543433425e+01 5.005857865450443711e+01 3.529241359656025878e+01 3.937532763617107179e+01 4.515088923560828249e+01 5.148101116045605607e+01 5.856404218189909017e+01 7.014368473767673606e+01 9.020952966357327796e+01 8.900645546103311290e+01 8.417686598677781262e+01 9.255489710301631590e+01 9.904530890765396123e+01 9.267369690582599162e+01 7.555524804031729502e+01 9.267369690582599162e+01 9.114395905424595412e+01 7.086237098930604361e+01 5.663132214802875097e+01 4.507501649951795031e+01 5.045421694080845754e+01 6.732914848854683498e+01 6.273533760125091874e+01 4.849390457003065080e+01 3.674224900630544255e+01 4.203137219656531443e+01 6.204205428542442746e+01
0.000000000000000000e+00 1.999999999999964473e+01 2.458517115120029928e+01 2.064396030033602614e+01 1.466749652283533223e+01 2.099138702392520628e+01 3.505878853398488104e+01 3.752251384120733491e+01 4.002474902119189437e+01 2.390134153789903593e+01 2.691645924091498543e+01 3.003994845534442604e+01 5.005857865450443711e+01 5.940617689008343660e+01 4.880997481520414283e+01 6.885593149030893301e+01 7.862450869408959875e+01 8.693292532166780973e+01 9.851578795838719316e+01 9.533108499474977293e+01 8.689506133403652655e+01 9.422125109795643993e+01 9.374618254022153963e+01 1.014561206771265205e+02 9.485418107027879842e+01 1.031149555384092764e+02 8.962603462951946653e+01 6.935086851092977156e+01 5.773956440889762121e+01 5.084533809570690721e+01 7.057757682723112680e+01 7.896932266468243711e+01 7.697677061863905124e+01 6.508063961050568480e+01 5.671755195904771085e+01 3.919463442555051813e+01 5.920084355904352691e+01
0.000000000000000000e+00 1.414212017154413914e+01 3.413901910901143566e+01 4.061051135512601462e+01 3.463738043174991077e+01 4.091917457642172451e+01 3.098053378624144472e+01 5.079330461938163666e+01 5.105286429679196658e+01 3.097275199448069927e+01 4.693218801194201006e+01 4.159106408059832916e+01 4.159106523450120818e+01 6.162630762587997424e+01 6.298055698270128033e+01 6.148319096583816901e+01 7.566644545196172089e+01 9.572903787631747718e+01 8.859441639543923941e+01 8.015003670436726679e+01 6.593352564100318602e+01 7.753983325482126077e+01 7.026395559377985478e+01 8.699250175641483906e+01 9.622787008468725389e+01 1.081681814849820142e+02 9.803781963126959909e+01 8.632619479443845023e+01 6.724821493999102984e+01 7.096485722383577865e+01 6.155440553954669269e+01 8.177100542334022748e+01 8.753611888817465569e+01 6.728287791639738202e+01 5.307632043566790259e+01 4.154549147789509789e+01 4.294501315080137971e+01
0.000000000000000000e+00 1.999999999999964473e+01 3.373773447853133689e+01 4.202200572599294759e+01 5.202200572599276995e+01 5.889600758289530091e+01 4.503474245767576178e+01 4.713123823327922679e+01 5.942717358633920810e+01 4.098506557405976025e+01 5.946388754748019068e+01 5.575242694477028493e+01 5.315146174642373467e+01 6.994113504940452231e+01 8.304034031059677545e+01 8.154264272487368714e+01 8.985013359598808336e+01 9.458430219462954369e+01 7.417116817540686213e+01 5.981888879563317118e+01 5.527656603931441026e+01 6.881621430122817173e+01 5.753527815551227320e+01 6.682518686831537025e+01 7.892051118432293322e+01 9.973992039027250200e+01 9.791580638433394768e+01 9.591244985067972095e+01 8.750180037053011972e+01 8.177100542334022748e+01 7.581964896271978205e+01 9.018218433877648010e+01 8.533627603666863592e+01 6.869421994701130529e+01 4.859450610386452496e+01 6.158789821563126310e+01 4.552738444698510278e+01
0.000000000000000000e+00 6.666666666666637653e+00 1.373773447853205099e+01 2.373773447853187335e+01 3.787987010226232343e+01 5.787987010226161289e+01 6.469570348994048459e+01 6.089124408088190421e+01 6.960530170761607849e+01 6.129728588454167237e+01 6.987008985359319979e+01 7.579947230059724461e+01 7.320472477816214507e+01 8.154558852387938828e+01 8.430907146468528879e+01 7.616037591815788232e+01 8.430907146468528879e+01 9.229087953303911718e+01 7.185476997760116546e+01 6.729105840311251541e+01 4.703211962410385638e+01 4.837223179152773866e+01 5.855028726830242647e+01 7.304540690409307047e+01 9.361673634062913152e+01 9.205584249649311346e+01 7.796667816423510544e+01 8.645309594315610013e+01 9.469584285016155434e+01 1.020945945371759365e+02 9.613885090508685494e+01 9.127415112459220836e+01 7.098620199194760971e+01 5.675885358341042775e+01 6.277203855842405744e+01 6.850373468031635582e+01 4.840704006314740582e+01
0.000000000000000000e+00 1.999999999999964473e+01 3.373773447853133689e+01 3.850902961863520346e+01 4.558009743050055818e+01 5.386436867795828221e+01 6.386436867795522687e+01 7.986710050787102944e+01 7.086196986353118632e+01 6.260027242393707780e+01 7.086196828486944810e+01 8.015642243426316327e+01 7.160607519046442349e+01 8.016676014289213015e+01 7.445830774084444670e+01 5.644690414870802186e+01 7.445830774084444670e+01 8.718497284590047514e+01 7.185489150691024918e+01 5.153311164288000867e+01 4.144341385038567438e+01 6.169437538662539566e+01 7.729997568060602475e+01 8.753232584932571569e+01 8.515890779103844466e+01 7.686603536241764800e+01 6.378252311777352901e+01 6.644060103620297753e+01 8.061437289517273541e+01 1.005490203125379622e+02 1.030240182967998948e+02 8.267265137235054340e+01 6.835973242892464441e+01 7.098620199194760971e+01 8.299163057417221978e+01 7.150278152348177230e+01 5.138456372646214732e+01
0.000000000000000000e+00 1.999999999999964473e+01 2.956475770863655939e+01 1.850902961863591756e+01 2.558009743050126872e+01 3.558009743050091345e+01 5.558009743050020290e+01 7.181945370045531263e+01 6.089254500313479923e+01 4.266419968774104632e+01 6.089254500313479923e+01 6.989435870093377901e+01 5.110086592094800295e+01 6.989435870093377901e+01 6.630364003343294144e+01 4.654308935117517620e+01 5.931723033973045744e+01 7.788438387484137593e+01 7.518391032973603672e+01 5.830025799845778778e+01 3.809839278338834134e+01 5.830045290634287625e+01 6.732687348063730326e+01 6.990047213301156148e+01 7.357199964090550282e+01 5.677689512671681626e+01 5.374339407484900022e+01 7.343916923827352150e+01 8.534055289725135651e+01 8.601077527095199571e+01 9.438007300347896944e+01 9.704835864523337818e+01 8.267265137235054340e+01 9.127415112459220836e+01 8.941721888604064361e+01 7.461080921541997668e+01 5.446848769287441883e+01
0.000000000000000000e+00 4.714045207910297464e+00 9.564757708636914657e+00 2.111176309242922500e+01 4.111176309242851090e+01 5.386436867795828221e+01 6.386436867795522687e+01 5.182284497610604035e+01 5.182284497610604035e+01 3.233437461541920044e+01 5.263223564095798679e+01 6.135405140492574105e+01 4.086985231768450433e+01 6.135405140492574105e+01 5.931723033973046455e+01 3.951138106974675424e+01 4.997437741366118757e+01 6.973093966531223487e+01 6.673807569492301184e+01 4.649258688223451941e+01 3.489158702071214435e+01 5.504899957461606164e+01 4.723362544680404085e+01 4.980002409209985359e+01 5.839355093791360218e+01 4.519249686689769874e+01 6.526756483954768839e+01 6.915498427791759184e+01 6.684323924314706744e+01 6.580065443202171593e+01 8.014361223961645919e+01 1.003314323207920467e+02 1.030240182967998948e+02 9.537372705973410802e+01 7.504585880688371446e+01 6.079613756312429729e+01 7.461080921541997668e+01
0.000000000000000000e+00 1.999999999999964473e+01 2.956475770863655939e+01 3.784902895608727391e+01 4.939603433987799974e+01 5.796861145959393014e+01 5.771323327920932655e+01 5.182284497610604035e+01 3.143066876412265032e+01 2.480568672387224893e+01 4.545585791800021980e+01 5.452600855198461005e+01 3.405207131649400054e+01 5.441019002742302035e+01 4.698588857282965137e+01 3.375811744658220448e+01 4.781114875788994567e+01 6.757475203117107299e+01 6.629943180814952086e+01 4.607189837084892758e+01 3.187671672883496754e+01 4.957410034419547173e+01 3.306694351810221377e+01 3.562662431644354655e+01 3.832352370864987279e+01 4.170644303955592136e+01 4.524699846914339929e+01 4.903460595818530265e+01 5.304505300482494334e+01 7.325064939152753141e+01 8.651398792466673626e+01 9.328482045833999337e+01 1.015924657900612829e+02 9.760186987602914144e+01 7.726851307729215534e+01 6.635580051145753089e+01 8.662004329537384706e+01
0.000000000000000000e+00 1.931627348539630518e+01 3.220989668838648612e+01 3.915013700085436454e+01 4.044885022996329127e+01 4.037650382925880166e+01 3.734595581482135174e+01 4.029067757291525709e+01 3.190661181369522481e+01 1.846171667868451394e+01 3.892570032062660346e+01 4.052593958451846845e+01 2.819963342704522447e+01 4.698588857282911846e+01 2.710803072236585010e+01 4.088356448888562511e+01 4.914697488288820892e+01 5.088284403453741334e+01 5.934056781351000609e+01 4.912993280718597333e+01 2.896238242202574042e+01 2.953458695660069466e+01 4.957410034419921629e+01 4.719342979388314774e+01 5.839355093791360218e+01 5.589738479359748879e+01 5.683586481409238189e+01 6.915498427791759184e+01 7.325064939152753141e+01 6.038328492329001307e+01 6.620603482007834373e+01 7.297232285738417090e+01 9.328482045833999337e+01 1.060126596438945370e+02 9.274989126501178305e+01 7.241948552780112891e+01 9.274989126501178305e+01
