MOVIE_S1_data/elevation_000255.asc
nrows	100
cellsize	150.0
xllcorner	0
ncols	100
yllcorner	0
NODATA_value	-9999
[rows 68 to 84 of 100, columns 0 to 36 of 100]
0.000000000000000000e+00 1.980622299450261181e+01 1.071887194958437206e+01 2.863687381427995149e+01 2.865803424272200672e+01 3.115223721150798042e+00 2.126113974339761459e+00 1.441324152558496507e+01 2.006512161060378219e+01 2.310441104220281261e+01 5.923927341666689550e+00 2.583375184805139924e+01 2.843020782983624528e+01 4.061831968105964563e+01 3.311971956381739091e+01 1.311464385767645524e+01 2.715349988534687498e+01 3.542415552616797214e+01 3.749839601125882638e+01 1.763617384786289577e+01 3.749916311958831017e+01 3.648742788292162231e+01 2.882450088935599553e+01 1.250293785346457121e+01 3.248106195771936200e+01 3.670311314355647170e+01 3.690227304487926574e+01 5.109351943949400976e+01 7.118382388021653639e+01 6.343051974382746749e+01 7.178006070259836235e+01 8.339577687951405949e+01 8.041334944682354546e+01 6.063802930190956175e+01 5.655161856699673706e+01 6.732453517955561040e+01 4.760578780885131778e+01
0.000000000000000000e+00 1.999999968870583089e+01 2.863818960229482613e+01 1.725196209962293281e+01 3.408960133587288510e+01 3.249070588349167821e+01 2.759266237316042147e+00 2.569451367981316459e+00 2.880435191779725290e+00 3.201139833597301365e+00 3.530323190487506757e+00 2.324388823804435589e+01 1.429505316245854551e+01 2.447794274640992285e+01 2.491937829819549677e+01 8.613712946856360020e+00 9.478768933326254142e+00 2.714857843807513760e+01 3.235854551028163684e+01 1.311049314825728729e+01 2.727833314884824745e+01 2.507885938221339117e+01 9.440250567937171766e+00 2.877850784440328979e+01 4.027774514778017334e+01 5.677666061596672620e+01 5.697783337468806764e+01 6.532243702793167017e+01 7.356771945051289663e+01 6.554853960313135985e+01 7.356771975952318599e+01 7.876348909694281986e+01 8.041334944682354546e+01 6.063802930190956175e+01 4.667817165792213530e+01 5.800784169661336165e+01 4.160289547931534315e+01
0.000000000000000000e+00 1.708521059787175034e+01 3.777918135195699278e+01 2.183478234872548640e+01 3.884643179348402242e+01 4.778727083366636919e+01 3.773331546206857467e+01 2.262057804686471485e+01 1.455063673812951386e+01 2.299927697395616732e+01 8.025824219010180727e+00 3.995144049843066369e+00 4.324846117730773543e+00 4.653860777846729135e+00 4.983280956026335140e+00 5.313804764753568222e+00 5.646621086972935188e+00 2.562799042138030714e+01 9.358457284795180797e+00 9.917441307991120780e+00 7.270466599504450400e+00 7.609323819825089430e+00 7.948445530921177671e+00 1.561428931075010240e+01 3.184186558928371369e+01 4.262774439709644980e+01 5.184833168018195693e+01 6.837960972545144500e+01 6.042265469951628631e+01 4.695408171064963199e+01 6.325365287467420217e+01 5.976789672753893967e+01 7.876348909702683443e+01 7.198112460470913732e+01 5.221991840520391293e+01 3.813677923681528625e+01 3.597847088447830544e+01
0.000000000000000000e+00 1.414213563461779977e+01 3.414214748028456370e+01 3.884643206221135614e+01 2.873184218894363084e+01 3.928991632106402676e+01 5.515582402314022659e+01 4.366534264349449046e+01 3.504908175315670604e+01 3.385599782584512951e+01 1.389356099771871023e+01 6.350961508754977558e+00 2.228905445528770102e+01 1.984291657589842828e+01 1.911362062166480058e+01 2.532517598802778025e+01 1.086805236059944058e+01 6.119736593341372988e+00 6.455893460944693629e+00 6.792778258408581848e+00 2.676669656473919545e+01 2.758469077581119677e+01 2.793067637561397021e+01 8.433277478807228889e+00 2.141150385909798359e+01 2.526140291042782238e+01 4.379518891956907822e+01 5.759849625852352517e+01 4.197138287221328312e+01 3.791885257305164458e+01 4.472719677039098229e+01 5.770888348409064861e+01 7.663991033765221061e+01 7.464875675645225783e+01 5.488196498164523263e+01 4.083239195454075343e+01 3.067985752775143737e+01
0.000000000000000000e+00 1.390534781496933903e+01 3.369393524304243925e+01 5.221057072215195660e+01 3.442574650082673315e+01 5.222899029665040871e+01 6.466236211243126775e+01 5.827035509171916772e+01 3.811087692763783252e+01 2.653334234474785802e+01 2.887229131347988798e+01 8.864806834131842450e+00 2.872285094354708690e+01 4.125476702613288182e+01 3.933563367439321468e+01 3.245230497053302798e+01 1.249751717253496608e+01 2.611705448075060687e+01 2.643813155881386123e+01 7.872080117550255274e+00 2.275350122072170578e+01 4.281112047622949035e+01 3.071983459531098859e+01 1.126244946238206879e+01 8.918032356134514060e+00 3.062604287219899390e+01 4.300762811703526012e+01 4.439404402979258890e+01 3.153970555740932369e+01 4.976980794313197975e+01 5.076988005764786038e+01 6.948465474944595144e+01 7.999749923366623250e+01 7.179685946907993355e+01 6.887641826385363686e+01 5.896137104036442622e+01 4.602091914031247910e+01
0.000000000000000000e+00 1.414213562373107536e+01 3.414213562373178235e+01 4.479167758391844956e+01 5.222899029665165926e+01 4.668710931628680783e+01 6.560352642595783834e+01 6.653183136060744118e+01 5.492910734661361971e+01 4.554146709015358852e+01 2.555949294469699140e+01 1.144390844749748304e+01 3.146289711397484723e+01 4.426202203851668315e+01 5.198808889398351596e+01 3.158779176803894018e+01 1.740321443322992678e+01 3.748471951092209764e+01 3.315243415365088708e+01 1.641012441734007510e+01 3.665063866833733641e+01 4.031126070794974936e+01 2.155235742439994695e+01 9.401363562397506257e+00 2.784457931073493242e+01 1.488513079645171722e+01 3.498726565804314248e+01 2.603309109704816038e+01 4.439404402979258890e+01 5.759849625864948308e+01 6.948465474944595144e+01 7.754687500527322186e+01 6.862692797455865445e+01 5.214540156489719180e+01 6.565869159650783615e+01 5.723716569129847187e+01 4.880714498985068417e+01
0.000000000000000000e+00 7.559289460184920983e+00 1.650356137046760807e+01 3.064570137262934679e+01 5.064665544170862432e+01 6.560352642595783834e+01 7.365748896020058112e+01 6.009364681526496099e+01 3.976190390354324222e+01 2.819961095998559131e+01 1.926771767542845382e+01 3.146289711397484723e+01 1.579639532180485872e+01 3.569805144624520210e+01 4.894139982670090916e+01 4.331512400464551860e+01 2.317023169162617435e+01 4.331512400464551860e+01 3.759234657483914077e+01 3.152604598209013531e+01 4.641310573969757058e+01 4.277180455303353313e+01 2.955591409322189023e+01 9.738202412440111644e+00 2.942003798155193550e+01 3.449982894478583972e+01 2.057710193244206209e+01 3.676832265322389759e+01 4.410057529416356914e+01 6.219291683745551325e+01 6.932966277389483878e+01 7.762588026963867094e+01 6.045108495813140337e+01 4.076129238465297533e+01 4.908107965220441571e+01 3.685695823657196968e+01 3.895709045359063083e+01
0.000000000000000000e+00 1.999999999999964473e+01 3.584153352505374812e+01 4.479134536913434772e+01 4.754794602446189344e+01 5.598149725064784832e+01 6.800980036233346482e+01 6.870640922037443943e+01 5.687847598861598897e+01 3.934401846321628682e+01 2.819961935166149303e+01 3.583406356456801234e+01 3.583406639616359968e+01 2.049352882134569498e+01 4.056312170234799908e+01 5.087075152992622407e+01 3.074352060798781139e+01 4.359040927379909647e+01 5.922127889149978586e+01 5.391474032282266649e+01 5.439568713837369529e+01 4.175273315020800169e+01 1.019613925279424116e+01 1.478914127913899179e+01 3.059114777679360841e+01 4.456858400936324927e+01 3.924446251455355394e+01 3.434111587051153691e+01 5.380405011507309609e+01 6.574886365038123870e+01 4.853324988652353511e+01 6.005499510859954171e+01 5.779962795722204305e+01 4.765144871753108902e+01 2.920488815757769885e+01 2.112290994527587173e+01 2.081866429629190307e+01
0.000000000000000000e+00 1.999983716214638818e+01 3.111242492816631611e+01 3.591763710339316162e+01 2.744923428844908386e+01 3.901949796204643661e+01 5.932310082281693298e+01 7.517231099300748554e+01 6.827815336627213583e+01 5.689169410904683843e+01 3.976235031140699050e+01 5.609270733379565144e+01 4.406320306728500924e+01 2.396516723533296656e+01 4.406320306728497371e+01 5.938954225624411265e+01 4.232831353500897364e+01 5.944338387355042386e+01 7.357050852757728876e+01 7.023306302201960705e+01 4.824852956480768285e+01 1.342359570098340349e+01 1.050893551024024752e+01 1.846782009027214144e+01 2.318030114569389610e+01 2.848894747166324137e+01 4.835129485006285677e+01 5.428771187831168277e+01 6.315114402646305791e+01 5.674278692137092150e+01 3.465935950740077232e+01 3.736478529458498343e+01 3.415687545863424646e+01 3.897884605528066260e+01 3.924174905770397714e+01 2.033149205081489086e+01 3.986945532039686668e+01
0.000000000000000000e+00 2.828427124746196064e+00 2.282845444027477200e+01 1.589847111844089333e+01 3.004613804363808782e+01 5.009325228140053810e+01 4.754185790678444334e+01 6.152887900851015246e+01 7.215320290865653874e+01 6.871013582290265731e+01 6.010458487565675512e+01 6.333335972833129546e+01 4.825987664552472012e+01 2.813333597258213103e+01 3.466152181788405073e+01 5.478820921919424336e+01 6.263456008823898458e+01 7.141466969488995176e+01 6.672970651165903178e+01 5.505759544149969997e+01 3.939433063594970008e+01 3.858852491720907807e+01 1.791887945515611591e+01 1.093695299763615303e+01 1.655885366507666134e+01 4.181492428569040243e+01 4.803290962733889558e+01 6.641452251160364995e+01 6.699749981888858485e+01 4.879596363761366717e+01 2.990241265844075969e+01 1.876033229751708475e+01 1.912285821117387030e+01 1.948153580694755860e+01 1.983643929127292793e+01 3.934339746848459640e+01 3.404065020262382291e+01
0.000000000000000000e+00 1.999999999999964473e+01 6.954112109781386941e+00 2.695419132850171806e+01 3.539401543250779270e+01 3.931337613211967863e+01 3.345332409882244207e+01 4.390002688545553156e+01 6.111086926979891132e+01 7.264284417146456008e+01 6.925642664089907896e+01 4.881824770485098952e+01 3.463269923181847076e+01 4.230947170101043042e+01 5.483948747780016220e+01 4.886406700555410509e+01 6.926542862277831603e+01 7.391123328684984983e+01 5.839168263427875871e+01 3.813899016867785008e+01 2.633198446117139468e+01 1.784626252290034998e+01 1.297844796760144881e+01 1.123813898218886820e+01 2.971433982180002076e+01 3.714322847409505357e+01 4.516824142325063463e+01 5.457016217261327284e+01 5.896388374246822650e+01 3.355918644825412400e+01 1.824284623862846644e+01 2.237910309857531033e+01 3.467862772819005812e+01 3.888194153213788695e+01 2.327233371418266827e+01 4.213926661914982219e+01 5.397913219243456950e+01
0.000000000000000000e+00 1.999999999999964473e+01 2.695419132850171806e+01 1.180482460247361765e+01 1.539693062013479619e+01 1.931925319829753107e+01 2.390756666736464808e+01 3.285157223935536308e+01 4.439538993589405891e+01 6.437172493444538190e+01 7.152855363068309202e+01 5.104580493181644130e+01 4.041085683968132969e+01 6.064577790890260189e+01 7.118852357804483688e+01 6.926542862277831603e+01 7.778095163060619655e+01 6.565470357084727482e+01 4.575337032407390581e+01 4.873216657173711752e+01 3.592587364545406814e+01 1.637886666785619738e+01 2.905411916984697740e+01 2.885221126162033656e+01 1.168059307862577612e+01 1.596436317420953621e+01 2.441813027439408756e+01 3.929800382666066128e+01 6.193534504635695015e+01 5.353178233993372714e+01 3.959549927620975751e+01 1.771896182111970930e+01 3.278672122971233449e+01 4.077772285249947259e+01 4.213898595304929273e+01 3.426948694534627293e+01 4.806192686908774903e+01
0.000000000000000000e+00 1.414213562373107536e+01 3.414213562373178235e+01 2.594588496569676650e+01 2.694330895495881961e+01 3.929719079899857803e+01 4.390000924599085863e+01 3.285157223935536308e+01 4.698803344224361922e+01 6.696237469563806144e+01 8.011847173076392892e+01 6.921246180672271464e+01 5.040965951586180438e+01 5.309471926231302064e+01 7.363933161556850848e+01 8.189452544615993190e+01 7.041584561582276081e+01 6.151650602694141412e+01 4.940533301895354867e+01 2.944007239576918522e+01 2.064134337205531367e+01 3.592587364545406814e+01 3.451960490504360024e+01 3.753070159568551389e+01 2.918182412232214062e+01 1.214349651108964778e+01 2.625063803751764624e+01 4.691947164178004215e+01 6.449784603264919269e+01 5.389659431584215810e+01 3.101919988318241650e+01 2.212048122687718177e+01 1.719058499401186424e+01 2.408659930773678326e+01 4.455578421774496434e+01 5.382787097300901280e+01 5.612680024753245078e+01
0.000000000000000000e+00 1.414213562373107536e+01 3.414213562373178235e+01 4.591861474309993696e+01 4.691755024516014316e+01 5.509369616182422646e+01 6.111086926301371136e+01 5.283838254554139979e+01 4.549652632803078234e+01 5.962428449170370470e+01 7.958946107166181605e+01 7.949605585123306639e+01 6.477950385799351807e+01 6.752807791955873995e+01 8.225198177764438867e+01 7.362571302802541595e+01 5.377761999454552466e+01 4.227366745362553502e+01 3.329755588896689034e+01 2.575147525533395054e+01 4.047659703056625347e+01 4.872272404761702802e+01 5.213234989239467154e+01 4.302442581302599933e+01 3.229205161370041566e+01 1.248063388379474503e+01 3.235200808650475324e+01 4.574133268028939625e+01 4.555818278402440313e+01 5.861238166558857188e+01 4.629425331337777294e+01 3.396224034387513058e+01 1.681561619029361410e+01 3.668722516729542349e+01 4.284199637047785103e+01 4.751028798206019133e+01 5.294799509477907407e+01
0.000000000000000000e+00 1.999999999999964473e+01 3.235478221189124071e+01 3.991407167207565010e+01 4.819834291952154359e+01 5.974534830328401114e+01 6.583527149558341307e+01 5.994047077303230964e+01 6.547194932438662818e+01 7.374313805342200112e+01 7.427629304061777304e+01 8.256177580498716395e+01 8.561437490305020503e+01 8.839320312959924308e+01 8.932195297192751582e+01 7.783417243155267329e+01 6.894658162630712184e+01 5.257400851167203371e+01 3.259478518715190631e+01 4.572119144360091525e+01 4.206857601725851481e+01 6.202854380261332068e+01 5.332336455068803360e+01 3.188056175355454869e+01 1.328202263745089695e+01 1.282807078521858557e+01 3.268760156548495388e+01 2.581469498303864185e+01 4.573880223823733360e+01 5.482708910325180085e+01 4.776465274856896315e+01 3.777806464324706326e+01 1.644068168673301145e+01 2.050896077563789177e+01 2.432478327081630098e+01 2.809769828215396714e+01 3.237294484795621941e+01
0.000000000000000000e+00 6.030226891555247271e+00 1.235478221189195125e+01 1.991407167207636419e+01 3.146107705586867453e+01 5.146107705586796044e+01 4.468648420832991519e+01 3.836807609325697399e+01 5.047863681441504013e+01 5.933531809647923438e+01 5.423231032426243559e+01 6.904463928090432034e+01 7.733388924703994860e+01 8.808598299535059084e+01 8.103701216149897846e+01 6.118276007700862351e+01 4.972915309463102318e+01 4.079662686355509749e+01 4.675084576015556337e+01 6.082038852170720133e+01 6.203736345809959118e+01 6.174224833887513597e+01 4.673812076136788818e+01 3.193369299926750671e+01 1.589744283338077402e+01 3.254406466065486114e+01 1.332430793357991661e+01 3.319596826244659837e+01 4.139246747493131551e+01 4.737183605174455181e+01 2.928718188966992741e+01 3.420452959814038962e+01 1.606753367796538257e+01 2.358618281491921920e+01 3.490108085908759961e+01 4.751029958180311041e+01 5.294799511048952922e+01
0.000000000000000000e+00 1.999999999999964473e+01 3.235478221189124071e+01 3.991407167207565010e+01 4.103333033431142951e+01 3.465417195548333495e+01 3.434972912238909970e+01 1.652969497514204988e+01 3.029931770610993169e+01 5.102436982538499421e+01 4.263504486232815793e+01 4.898923412625516960e+01 5.976670427563529131e+01 7.702546525679383649e+01 8.858267924458600362e+01 7.473722395348987391e+01 5.488446003261275763e+01 6.069919995974208859e+01 6.663236700228874554e+01 7.279777066051403267e+01 6.608421874102648985e+01 5.184810982817739244e+01 3.328386881311829626e+01 1.924787758374106517e+01 3.585269467481987249e+01 4.126301622309213002e+01 3.284374104323003962e+01 1.382279252742296194e+01 3.322588401426406790e+01 3.429422723501951253e+01 3.469484174928397380e+01 1.554066289595428074e+01 2.272944200718169938e+01 4.120152978814910938e+01 5.231808008313696945e+01 6.353306726264327864e+01 5.993970749410504339e+01
