MOVIE_S1_data/elevation_000400.asc
nrows	100
cellsize	150.0
xllcorner	0
ncols	100
yllcorner	0
NODATA_value	-9999
[rows 68 to 84 of 100, columns 0 to 36 of 100]
0.000000000000000000e+00 1.186781658193854616e+00 2.375658254749385190e+00 1.131993210871427813e+01 2.530401674221827690e+01 2.652911284298072658e+01 2.776014468648370936e+01 2.897120320393061732e+01 1.077813726416090212e+01 1.208217919460491530e+01 1.339438319476935213e+01 3.339020795453952672e+01 1.744873894153904459e+01 3.744351718757472014e+01 4.120074232832622130e+01 2.361357194404070015e+01 2.534703439471455511e+01 2.836184648072027414e+01 4.836906355668049429e+01 5.868260727571055213e+01 7.293180769535160834e+01 8.005754470539125123e+01 7.516460451104217100e+01 8.347317319221582466e+01 8.123179074183236992e+01 8.953318491452132832e+01 1.011066504767642869e+02 1.051228691135481483e+02 9.565635152944182096e+01 8.774450707882841982e+01 7.379680340793420612e+01 5.384172761804150298e+01 6.714511185669634585e+01 5.144427341910864016e+01 6.317158231941142787e+01 8.270929959464302783e+01 7.735714824475262219e+01
0.000000000000000000e+00 1.999999994613856913e+01 2.237581987082922907e+01 4.087500224793044090e+00 5.304661463693418177e+00 6.528641586417632148e+00 7.759556496210964660e+00 8.997842863573655592e+00 2.900059743344931107e+01 3.208035863741027782e+01 2.046271024234477665e+01 4.043890322179777286e+01 3.734778406509909843e+01 1.962878578764852122e+01 2.119866026245236768e+01 4.119104885286261464e+01 4.535157750348644612e+01 2.839468881428588176e+01 3.054919157539190877e+01 4.443284970858134386e+01 5.748593435922857964e+01 5.675401694302379951e+01 5.493733464548206058e+01 6.961401361150886657e+01 6.110921048110343889e+01 7.275756534342799853e+01 9.280779791346139973e+01 9.714150018242551710e+01 7.834751397521552008e+01 6.857701741611107593e+01 6.132925855275667715e+01 7.379680340793420612e+01 7.465279628312902105e+01 5.464857124307553704e+01 6.901479698792265083e+01 8.826333983698562236e+01 8.338346771085603848e+01
0.000000000000000000e+00 1.999675609559280787e+01 3.238119589398915110e+01 2.409303095407012663e+01 2.530502475371886106e+01 2.652911287742373858e+01 2.776014468648390476e+01 1.430173899586035979e+01 3.516244628315515541e+01 4.868189563287550925e+01 3.045856610113997220e+01 4.868208718547959535e+01 3.376841641223701629e+01 3.962906688002112787e+01 4.119815027389845596e+01 2.736900606770856115e+01 4.737425875990146551e+01 4.816756392147588173e+01 5.033950141222297248e+01 3.360054719533903267e+01 5.353170397451609830e+01 4.033249225116542647e+01 4.304941579963325893e+01 4.929096801964298180e+01 6.110921048110343889e+01 7.535984769375717462e+01 9.540791528596038518e+01 1.051228691135445246e+02 9.565635152944182096e+01 7.748172939283510630e+01 7.540303598015582054e+01 8.888651800627206967e+01 7.803097549190519544e+01 5.818802347075779124e+01 7.245604061115443528e+01 9.148702096814194817e+01 9.046639261258847853e+01
0.000000000000000000e+00 1.999999999999964473e+01 2.395026570176204217e+01 2.595989909044751798e+01 2.801133748804303281e+01 3.629297696674394302e+01 4.515062915303857949e+01 3.623604866097957000e+01 4.515062916033942741e+01 5.864891957163685277e+01 5.041924138393045496e+01 5.864893631991520806e+01 4.531506442223052034e+01 5.806681719883595605e+01 3.806120629115313392e+01 4.737425875990149393e+01 3.589826034275728972e+01 5.590553312208066217e+01 6.188801816521269217e+01 5.353175469283112875e+01 3.671339852898458389e+01 5.580927996939352198e+01 6.328981813005904655e+01 4.779657586363649813e+01 6.816722392452142287e+01 7.943939332547921595e+01 8.653530991755400237e+01 9.484215166470521297e+01 1.044657489770185634e+02 9.647890527218756063e+01 9.440224723469155776e+01 9.619100967435130656e+01 8.156577966980430006e+01 6.204293107912154426e+01 7.360195942975448702e+01 9.244504589271436146e+01 9.878932705753452126e+01
0.000000000000000000e+00 1.973233580994701475e+00 3.953875805387525144e+00 5.964055804513968440e+00 8.016136960714483450e+00 2.801133748806213930e+01 3.927224751606679121e+01 4.795545378961843852e+01 5.622311216558651381e+01 5.571847965376673528e+01 6.399270797838774882e+01 7.356648467441378614e+01 6.529682522400730704e+01 6.634063473023043400e+01 4.806378505674798873e+01 6.418949953206428916e+01 5.590553312208066217e+01 4.659130869954940835e+01 6.660128982785934681e+01 6.234986309484241929e+01 4.195636728727973264e+01 6.218413468255076282e+01 7.520923220393223119e+01 6.816722392452142287e+01 5.283761348801075997e+01 5.931586961310039641e+01 6.646502695378865155e+01 7.805895302142802450e+01 9.811422876934062742e+01 1.148721411635811194e+02 9.597441615346559729e+01 8.832593827760669569e+01 6.949734248184368823e+01 6.857617575375765284e+01 8.757305051182132161e+01 1.003695032682532542e+02 1.103822680511954388e+02
0.000000000000000000e+00 1.999999999999964473e+01 2.395026570176204217e+01 2.010290999918240828e+01 2.801133748806214285e+01 1.099773785338540932e+01 3.099184335568588367e+01 2.796771161721339993e+01 4.307963131120602895e+01 3.573490684237469139e+01 4.986793170049396196e+01 6.984295210414130395e+01 7.877787316666390893e+01 7.633657624913176676e+01 6.806985047011333734e+01 7.633657642161249157e+01 7.489192177825225372e+01 5.814271079302298517e+01 7.489192177825225372e+01 7.075373059505207607e+01 5.219437016162564191e+01 5.377004805574977553e+01 7.406473031772991078e+01 7.727662198629410284e+01 5.713054840829027370e+01 7.727662198629410284e+01 8.653530991755400237e+01 9.484215166470470137e+01 1.064208460382076424e+02 1.091988534799694577e+02 9.049827997692482029e+01 7.760972760698811612e+01 8.832593827760669569e+01 7.968834320732112531e+01 8.071033987261596110e+01 9.383840588868567067e+01 1.127659368054366240e+02
0.000000000000000000e+00 1.414213562373082489e+01 3.414213562373011257e+01 4.009992158925099659e+01 3.927220977170128435e+01 2.513586322415302021e+01 1.408403997264099061e+01 1.642536829086726158e+01 2.308809351823397193e+01 3.722696997630008298e+01 5.720963979587302362e+01 6.404147329167150815e+01 5.885156526934243004e+01 7.084843189924863793e+01 7.209399595359768398e+01 8.033510776829997724e+01 8.367883316548798689e+01 7.815603481189577906e+01 8.644716807690416260e+01 8.115549314437549810e+01 6.667385652740323110e+01 6.815233628855301617e+01 7.406473031773030868e+01 8.264440099794701666e+01 6.256001100291020123e+01 6.879433327077522620e+01 7.883544872961530814e+01 9.301798389767404274e+01 1.131218398076977678e+02 1.117106292573809441e+02 9.406621284804006677e+01 8.811405378150092815e+01 1.038875234812346378e+02 9.281047649759585738e+01 9.938215134308397580e+01 1.073705864855452035e+02 1.107748324996787801e+02
0.000000000000000000e+00 1.999999999999964473e+01 3.644923705674023751e+01 4.644923705674040804e+01 5.340834952494152077e+01 4.041753185784117619e+01 2.040517008972330970e+01 3.641585398280029295e+01 2.010863884318601080e+01 4.009437250243368567e+01 4.684849112630821111e+01 4.408514795077679338e+01 4.473672593620835158e+01 5.091484372577549777e+01 5.217104083965460148e+01 6.493938060063497630e+01 6.381127219484880442e+01 7.494026169740760679e+01 8.091660280538154382e+01 8.789924505157826218e+01 8.759579517607703281e+01 8.833851216906354864e+01 9.423412791830192248e+01 8.843481469971550268e+01 6.837623323672490017e+01 8.843481469971550268e+01 9.718633323276209524e+01 1.072417196636611862e+02 1.114277644996723922e+02 1.030311684346873164e+02 1.107859471601330767e+02 1.067111502439539521e+02 1.147637691511719567e+02 1.116988885065006940e+02 1.081520057222114701e+02 1.016150584791198668e+02 9.348163339983553044e+01
0.000000000000000000e+00 8.164965809277331843e+00 1.816496580927750770e+01 3.230710143300895965e+01 5.230710143300966308e+01 4.752260163584779917e+01 2.747619256085566164e+01 4.752209731053449815e+01 4.009432885267975166e+01 2.388860294026208209e+01 2.687125991796234459e+01 2.995786189086759066e+01 3.320300319364420716e+01 3.679674987490189153e+01 4.064693681166465211e+01 4.499988838748580378e+01 4.971101230897068035e+01 5.505044666777956053e+01 6.106779519845534310e+01 6.811147518596925465e+01 7.804003632042872596e+01 9.200391857578848942e+01 1.116557525396456612e+02 9.674251879805228782e+01 7.995894926345144427e+01 8.106380505033610007e+01 9.524256197627975951e+01 1.153044313395254363e+02 1.000820097460589153e+02 8.218521316852850589e+01 9.457620236286810211e+01 1.028218799632305718e+02 1.153901158748735440e+02 1.041022631439045512e+02 8.860058197832314875e+01 8.859985277312539154e+01 7.389897529199214432e+01
0.000000000000000000e+00 1.154700538379261765e+01 2.568914100752381913e+01 4.568914100752452612e+01 5.481119945962362294e+01 5.586317726959116214e+01 3.903042920332771359e+01 5.586297128951441948e+01 5.018914550276083730e+01 3.020790643957234067e+01 4.684849112630821111e+01 4.993022020776140124e+01 4.473672593620852211e+01 5.675325656825725673e+01 5.493103636653546573e+01 6.493938060063497630e+01 6.963034607751184524e+01 7.494026169740760679e+01 8.091660280538154382e+01 8.789992190073944300e+01 9.605460142505685894e+01 1.059070942374642357e+02 1.071352034313855768e+02 1.083214689893020903e+02 1.000130622047108488e+02 1.011185474906275630e+02 1.094268608813592323e+02 1.028047068128885400e+02 9.131581421631980788e+01 7.145681749440110764e+01 7.480738841497051794e+01 9.138498099327850355e+01 1.072244609163922888e+02 8.774064046121809213e+01 7.646094034097295378e+01 6.899974679604345340e+01 6.329411698881483517e+01
0.000000000000000000e+00 1.414213562373107536e+01 3.414213562373178235e+01 3.532383899764619173e+01 3.481119945962433349e+01 4.895333508335477291e+01 5.912312491198804310e+01 6.747605562907695287e+01 5.845574586995913080e+01 4.175052046589951260e+01 4.434210692915996077e+01 6.430517821802429523e+01 6.468784591446296872e+01 7.294154866708929319e+01 7.467339614709990769e+01 6.868804335519847371e+01 7.193469705295446204e+01 7.245697224684521132e+01 8.149559566402716371e+01 7.998566645663237296e+01 8.895155036358306688e+01 9.171813884017772978e+01 8.533218159451143947e+01 1.006001384833981263e+02 1.050938423078451933e+02 1.138547968389633809e+02 1.113036291592784295e+02 9.454625976058393633e+01 7.466275013802304272e+01 6.306852145906116647e+01 6.338455465855238202e+01 8.253045574522067795e+01 9.398143188456674579e+01 1.041022644160269266e+02 9.597547188749608438e+01 8.859985277534428860e+01 7.885389639689690000e+01
0.000000000000000000e+00 1.999999999999964473e+01 2.825277118577971791e+01 1.532383899764548651e+01 2.066906383589387985e+01 4.066906383589316931e+01 5.765644371189791428e+01 6.594071495935851601e+01 6.998064660639614942e+01 6.171654446945989747e+01 6.430517821802429523e+01 7.256938481117138906e+01 6.774383649764921245e+01 6.128094319710143623e+01 6.210463487166916963e+01 4.630681066501394838e+01 4.965949497806885660e+01 5.014113371099755767e+01 6.324423016996569658e+01 5.773691615560402823e+01 7.144747519483404119e+01 6.965102453091962786e+01 6.965102453091962786e+01 8.964278076219611080e+01 8.324274309480952638e+01 1.050938408636380217e+02 1.028994211433445400e+02 8.326329947571984746e+01 8.326329812937538577e+01 7.431743235642059631e+01 5.456930635367547922e+01 6.595930358730851140e+01 8.573771203346946379e+01 1.011969456042744184e+02 1.050552484940192528e+02 8.551554978538931095e+01 7.165666710695802522e+01
0.000000000000000000e+00 4.082482904638612631e+00 8.252771185780073182e+00 1.979977656957238352e+01 3.979977656957166943e+01 3.009715425171434688e+01 3.765644371189862483e+01 5.179857933562907846e+01 7.179857933562766448e+01 7.154506589283430174e+01 6.243205581570040152e+01 6.662834089626242928e+01 4.568825244482405168e+01 3.923296749942863215e+01 4.863030355382376513e+01 3.106346513769412709e+01 3.410233274728994957e+01 3.733785947698088847e+01 4.090012262714316194e+01 4.474520055283057474e+01 4.906055269833441912e+01 5.377612551306922484e+01 6.005322139553665295e+01 6.755000346563662106e+01 8.324274308899407515e+01 1.050938325283408830e+02 9.466304378578635692e+01 7.491810718114794554e+01 6.356566435415577132e+01 5.619248266139213399e+01 5.045094467948923267e+01 7.005372940837794715e+01 7.326778575097161195e+01 8.724293046061518453e+01 9.714893935955545601e+01 9.936529998175971912e+01 9.123859504486740946e+01
0.000000000000000000e+00 1.999999999999964473e+01 2.825277118577971791e+01 3.653704243324096979e+01 4.808404781703328013e+01 5.009715425171363279e+01 5.765644371189791428e+01 6.594071495935851601e+01 7.154506589479210277e+01 5.881014455263847651e+01 4.035100669203618651e+01 5.118639699919812358e+01 3.568725133583190257e+01 2.427921789621376547e+01 2.701412199246183832e+01 4.863030355382376513e+01 5.618375061350220534e+01 5.304713731386976150e+01 5.672625679183315128e+01 6.062228093251223981e+01 6.496510049416423271e+01 6.676687397173640193e+01 8.227852182456814489e+01 8.227852171841129802e+01 9.854868547551070890e+01 9.646518168304875473e+01 8.710459808424951689e+01 7.899572012773926133e+01 7.257031557357866802e+01 6.600544194848856705e+01 4.655644431626679847e+01 6.600544194848859547e+01 5.942489772749360100e+01 6.923685884081653796e+01 8.724966488520492192e+01 1.012315001330253779e+02 9.948982445379022010e+01
0.000000000000000000e+00 1.999999999999964473e+01 2.887857013193190880e+01 3.374162215677020527e+01 3.930562140029704921e+01 4.681782674390650101e+01 5.509560070187985303e+01 6.662824340297264314e+01 6.243205581570125418e+01 4.035100669203618651e+01 2.807898274839315178e+01 3.888126945426849090e+01 2.094177390254943205e+01 4.210351913913207511e+01 3.268772574595977431e+01 5.455043657023550452e+01 7.332047203620440712e+01 7.532754234867503840e+01 7.898000989864019061e+01 8.247844218890450918e+01 8.698848828347001927e+01 8.877736146522651950e+01 9.762150490942637759e+01 1.041201746031771052e+02 1.019931439620393547e+02 8.282715716172029374e+01 6.926563702618581431e+01 5.958156360138566754e+01 5.315535959193760362e+01 4.763705779859446210e+01 4.333781718609013467e+01 6.093998546355305024e+01 4.977858957060689704e+01 5.942489793936688613e+01 7.326789715353379506e+01 8.903293164257432579e+01 9.136146399114542760e+01
0.000000000000000000e+00 4.460648651279671917e+00 9.009086881080818898e+00 1.392586047587578868e+01 1.955367365542315028e+01 2.694239960704744163e+01 3.837915344730517120e+01 5.834526884131724245e+01 5.461647971274854285e+01 4.492103936788567609e+01 3.589322703821056137e+01 1.793668048299047868e+01 3.888126945427769954e+01 3.008009940903083645e+01 5.183035029486449474e+01 4.229058080366097983e+01 6.431615832978742731e+01 7.671680092790681726e+01 9.817488557427567741e+01 8.828618700779178141e+01 7.892708668200322109e+01 7.726331769864337673e+01 8.669832391289121176e+01 9.353847154975092337e+01 8.440532715473389658e+01 9.290099805837255076e+01 8.710458960436100995e+01 7.899571993405372439e+01 7.257031540867832575e+01 5.944098646485362281e+01 4.013473533913017377e+01 4.162963454642990513e+01 6.093998546355305734e+01 7.111865338569452888e+01 6.135553200537378160e+01 7.519420938127348109e+01 8.496868590568836055e+01
0.000000000000000000e+00 1.999999999999964473e+01 2.887857013193190880e+01 2.790157426739779467e+01 3.930562140029704921e+01 3.707123051903852229e+01 5.509560070186505953e+01 5.440119541991682439e+01 3.301574607131235695e+01 3.301634056103193160e+01 1.512074391844877219e+01 2.956868667660532779e+01 4.794503809756189128e+01 3.754697468401678861e+01 5.964309055263389325e+01 6.431615832978742731e+01 5.493609541394329199e+01 7.577935102294129877e+01 8.775025992203134706e+01 7.537325618068899757e+01 5.681524167040827678e+01 5.611600506894954066e+01 7.403195711980200144e+01 8.234383619274072430e+01 6.303944546825891138e+01 7.414191274117388275e+01 8.288956553215118106e+01 8.551031295097084239e+01 6.599551810622126879e+01 5.227546563892615694e+01 5.577901921729419854e+01 3.643979966659247083e+01 5.256940756584805996e+01 5.169088056650363683e+01 4.768765086512784279e+01 5.732230395539469470e+01 7.682696905431748746e+01
