MOVIE_S1_data/elevation_000652.asc
nrows	100
cellsize	150.0
xllcorner	0
ncols	100
yllcorner	0
NODATA_value	-9999
[rows 51 to 67 of 100, columns 0 to 36 of 100]
0.000000000000000000e+00 1.999999858057657676e+01 3.722844295610346421e+01 4.336245321173240086e+01 2.357792876420046468e+01 3.214511543704789887e+01 1.620917449199313154e+01 3.422662263417591078e+01 2.526553385620851344e+01 1.274661508824651435e+01 3.099985696960326820e+01 2.344364001530250263e+01 3.995683532162104967e+01 2.637622266701815121e+01 3.644930569320861480e+01 3.760888559768725514e+01 3.877462556502047164e+01 2.043205594608033238e+01 4.052657365441732651e+01 2.419137184054102718e+01 2.560007732635899202e+01 2.702452065618255972e+01 4.719141703902064933e+01 5.158827103069781117e+01 3.461368900217014755e+01 4.894971678840537521e+01 6.651475548305624841e+01 8.066871492112612430e+01 8.241834467884611115e+01 9.060203272863927282e+01 9.003491224722017705e+01 9.820193004805750547e+01 1.095954546505311100e+02 9.094934301597136539e+01 8.554244351248165401e+01 6.586545087074706828e+01 6.021091042573619490e+01
0.000000000000000000e+00 8.944271909999235604e+00 2.308640754007497264e+01 4.308641256189734747e+01 3.511682667772993938e+01 4.864924281572875486e+01 3.600266026428850807e+01 3.966601278849555712e+01 3.515180312677393459e+01 1.555118715016852704e+01 3.517493088477382202e+01 4.230074494323632450e+01 5.044092578786256098e+01 3.397101065763584415e+01 5.414695123672256472e+01 5.336845367419213915e+01 3.510396698936393278e+01 2.881572622882316992e+01 2.221115080113379747e+01 4.233282659135925030e+01 4.575085015384729559e+01 3.203246868651223167e+01 5.197068162274301528e+01 6.313403030356892032e+01 5.484754795968096630e+01 3.798749532598718304e+01 5.236079604509743035e+01 6.561901801942053680e+01 6.964698818331828534e+01 7.391455945657516224e+01 7.029159284185466561e+01 8.645602780932001963e+01 9.871529439124738303e+01 1.095684789439295912e+02 9.301991227815685193e+01 7.303007598253513777e+01 7.488327898203259281e+01
0.000000000000000000e+00 1.999999999999964473e+01 3.722861821937146942e+01 5.040596396610461483e+01 5.544837665460428866e+01 6.374333696896464829e+01 6.004510139236985822e+01 4.747331572744203498e+01 2.860202547165095766e+01 1.839443001981862835e+01 3.797997548012418889e+01 5.044352870790404353e+01 6.243970878921548007e+01 4.825815672754034580e+01 5.414695132186763971e+01 6.145169165021900426e+01 4.314305397804569253e+01 4.487005698824003019e+01 2.515497310403051401e+01 3.680598919545150949e+01 5.710413571264314925e+01 5.197068162274301528e+01 3.990462863054811748e+01 5.975769223320187251e+01 6.648321172014519220e+01 5.824476559706581469e+01 4.153425972915898967e+01 4.538547785748029639e+01 4.949005587890984259e+01 5.387855537980669851e+01 5.935189222336764914e+01 7.090483502419198203e+01 9.056767913563950856e+01 1.070128631139403126e+02 9.301990334996548881e+01 9.301991227815685193e+01 7.867669694149273596e+01
0.000000000000000000e+00 1.999999999999964473e+01 3.026331646430854505e+01 3.026331646430854505e+01 4.487455708763908291e+01 5.361355831479402667e+01 6.295772469533573457e+01 4.699557872495124400e+01 3.986741016572703700e+01 2.642629926562059239e+01 2.301439662743905856e+01 4.248653681445031083e+01 5.542116745473879291e+01 6.836375909752194957e+01 7.420820550345187883e+01 7.190473889589412693e+01 6.331915773453008711e+01 4.846470329579498326e+01 2.828008533144438630e+01 4.846470329579498326e+01 6.550328201763892366e+01 6.572105666479363606e+01 4.594283434027904178e+01 6.572105666479363606e+01 6.833507440344533279e+01 4.816592907064936924e+01 4.648502642061353640e+01 6.561901801942053680e+01 6.964698818331828534e+01 6.555767019637795556e+01 7.921533046790635524e+01 6.937983961664089350e+01 7.924707177822295989e+01 9.885457269142158054e+01 1.129488434053407246e+02 9.497904327875340869e+01 7.501282821054395811e+01
0.000000000000000000e+00 4.891367101285251096e+00 9.995298479213463594e+00 1.625376947094978419e+01 2.362101065461143534e+01 3.570106352414876483e+01 5.820139650026188605e+01 5.851172825231408581e+01 4.003373785000606233e+01 4.595821618769034700e+01 3.289436747074055489e+01 2.815754153631664636e+01 4.747403362575220598e+01 5.759112636026893739e+01 6.263658495860027386e+01 7.064835523309308485e+01 6.341152506697589786e+01 4.320540514819756339e+01 3.153172902642614872e+01 4.583445760455809648e+01 6.601607434522466633e+01 7.270396215045786903e+01 5.295332286526627286e+01 7.270396215045786903e+01 7.319268661379740593e+01 5.314325376597501105e+01 6.670129264647070499e+01 5.397319036056488528e+01 7.402213048755143632e+01 8.533028486093058973e+01 9.349208560909242749e+01 8.330522825491290462e+01 9.719624560252435685e+01 1.070133345805821534e+02 1.088893274980835173e+02 1.032540443453596595e+02 9.432338765744816556e+01
0.000000000000000000e+00 1.999999999999964473e+01 3.026331646430854505e+01 3.673848331462930616e+01 4.487455708763908291e+01 5.361355831479402667e+01 6.504361801094607642e+01 6.778849301451633380e+01 5.960622306906532231e+01 5.207869456049393619e+01 5.207869456048938162e+01 3.942788088797431811e+01 3.387829877242711518e+01 3.862661035851213143e+01 4.375820752449169504e+01 6.263658495860027386e+01 7.171606163290869063e+01 5.532658293416666595e+01 3.508154015935418357e+01 5.532658293416666595e+01 7.060882764925597144e+01 8.096396440376324222e+01 6.429593435941474411e+01 8.096396440376324222e+01 7.832338899914076080e+01 5.842762665309894743e+01 7.832338899914076080e+01 7.402213048755143632e+01 6.227115729207980621e+01 7.121904900762535817e+01 8.262166921089739446e+01 1.023397759281770050e+02 1.110876331547208764e+02 1.072255389829752232e+02 8.905306885091319202e+01 8.905305758988417608e+01 8.273520716207129055e+01
0.000000000000000000e+00 1.913671109903036438e+01 3.187238025562256283e+01 4.359099082712583595e+01 4.422502884774858245e+01 5.238797623001683945e+01 5.556388569421876156e+01 5.155200244501190809e+01 5.963417629035259893e+01 7.119292494087183343e+01 6.645490299535354950e+01 5.846528266822583220e+01 4.178407648072615643e+01 5.759112636026893739e+01 6.263658495860027386e+01 5.260437121496169510e+01 7.158337148687397189e+01 6.117510418791859195e+01 4.091523226662906154e+01 4.202193222164110153e+01 6.228506906553798217e+01 7.855774079755609307e+01 8.418954170874837928e+01 9.246320413783973891e+01 8.401168076909286242e+01 6.427648938718050431e+01 8.401168076909286242e+01 9.031303481597933569e+01 7.378923758081724316e+01 8.212910278865125235e+01 9.914353154638857291e+01 1.105419304779789798e+02 1.129614115779458103e+02 9.317083330034265032e+01 7.913874724506297298e+01 6.907426130479169046e+01 6.263904135076978008e+01
0.000000000000000000e+00 2.917293948986088736e+00 2.327021018978025069e+01 2.414025887756871214e+01 2.483427352998134552e+01 3.654542063706801258e+01 3.990892572400580462e+01 3.296589198957941846e+01 5.155823198138352836e+01 6.771880852609456269e+01 7.599018500698122125e+01 6.872303247393375614e+01 5.268698005675346963e+01 6.872303247393375614e+01 7.882331749849471692e+01 5.966822084621222189e+01 7.882331749849471692e+01 6.756597947443052021e+01 4.735625732697177170e+01 6.228506906553798217e+01 5.001585928635618927e+01 6.434274039465542216e+01 8.442250880995692341e+01 9.972569530834158513e+01 8.037693650430188086e+01 7.827442908236450592e+01 7.827442908236450592e+01 9.786263160194054933e+01 9.352157052669048198e+01 1.017127686308833319e+02 1.100707945098940286e+02 1.196427596011660768e+02 1.117670367782862400e+02 1.034474399423643831e+02 9.729549672420793627e+01 8.905305758988417608e+01 8.273520716207129055e+01
0.000000000000000000e+00 1.748243396188688692e+01 7.180326274740866488e+00 1.026410085641599501e+01 1.354456110903528199e+01 1.717238115442098234e+01 2.096450431366464073e+01 4.023676293595966769e+01 5.164049460217627541e+01 4.804003457412898825e+01 6.558610635386366994e+01 7.386082765851030274e+01 7.170176189888881879e+01 7.978627213949313557e+01 8.696598034802448751e+01 7.311673960862081856e+01 8.696598034802448751e+01 7.467037840439523677e+01 5.457610376586512047e+01 7.467037840439523677e+01 6.017880179651287165e+01 6.285214738728425488e+01 7.717795598620649855e+01 9.806529044042247278e+01 9.972569530834158513e+01 9.786263160194054933e+01 9.786263160194054933e+01 1.059762440945297044e+02 1.019435763224943940e+02 1.101371739527183564e+02 1.138332129408776154e+02 1.000273765966783373e+02 1.001854338201187886e+02 8.339801912726765920e+01 9.427884700646691840e+01 9.004016339263033331e+01 8.617511632956782819e+01
0.000000000000000000e+00 1.999999999999964473e+01 2.682804677715642683e+01 2.414025887756869437e+01 2.483424435344414150e+01 3.654542063706801258e+01 4.023909183400405709e+01 2.740283170882145569e+01 3.232652079775452592e+01 3.865902946335969403e+01 4.590466457675723433e+01 5.975604916360887131e+01 7.966110949198734659e+01 7.713689243799701956e+01 8.538960005307220058e+01 9.260021523496662610e+01 9.206855918565948116e+01 8.295383723315919156e+01 6.623967518664312593e+01 8.295383723315919156e+01 7.179839325742054257e+01 8.307074403010059882e+01 9.154264931848804565e+01 1.035042317511060475e+02 9.529027071012100691e+01 1.035042317511060475e+02 1.016813885675473870e+02 9.344942500766002524e+01 8.185235053595602039e+01 9.858994314675294390e+01 1.057725892631214890e+02 8.609342917527089867e+01 9.183580792751769195e+01 7.230262766987075906e+01 7.478817399146927869e+01 7.065801182888809251e+01 6.684286887682482359e+01
0.000000000000000000e+00 1.999999999999964473e+01 3.722854315745997411e+01 4.359099082712563700e+01 4.421784969325699421e+01 5.237132100625351683e+01 5.482392548291323919e+01 4.665989504345844097e+01 5.165115687746504136e+01 5.814722058451776832e+01 6.558610635386366994e+01 7.386082765851030274e+01 7.386634758812581936e+01 5.716351133668517548e+01 7.386634758812581936e+01 8.621934170569373634e+01 7.208842127493039698e+01 8.621934170569373634e+01 8.618693317161194045e+01 9.448490334089392206e+01 9.184038341203080336e+01 1.002074756189697808e+02 1.089567904765137030e+02 9.347250779695549738e+01 7.513023161122058013e+01 9.347250779695549738e+01 9.009223256172857930e+01 7.329386980378009753e+01 7.016560703666078780e+01 8.960137883814675774e+01 9.915996211832661800e+01 9.308331548665884725e+01 7.395976486847615661e+01 6.736521028595211646e+01 6.140079809891833662e+01 5.716589722359170622e+01 5.318629909001471390e+01
0.000000000000000000e+00 8.944271909999079284e+00 2.308640753372977983e+01 4.308640753372906573e+01 5.018916270739239138e+01 4.190824634467244891e+01 4.654291800034125259e+01 4.603285736367205772e+01 5.431382159797657749e+01 5.295210165659776180e+01 5.518756299523442266e+01 5.748126540381042560e+01 6.560525548252776673e+01 4.561451652549675373e+01 6.560525548252776673e+01 7.245222999853692158e+01 5.795705592530212158e+01 7.728202221081748746e+01 7.929069016103446188e+01 8.756963481337849942e+01 9.910677674669736348e+01 1.030484486956680001e+02 8.897967905578839520e+01 8.521025116067076510e+01 6.502993066623629659e+01 8.521025116067076510e+01 8.109761354946856216e+01 6.164874979753327722e+01 6.115743165042818674e+01 8.131989399602586843e+01 7.779761013182010743e+01 9.238963635442107147e+01 9.332639559978346711e+01 8.646670907278658547e+01 7.478817399146927869e+01 7.633491258792275858e+01 6.188916581096020764e+01
0.000000000000000000e+00 1.999999999999964473e+01 3.722854315745997411e+01 4.589316654956337516e+01 3.644888965397013436e+01 2.191651970575856367e+01 2.655115835637345967e+01 2.604138541518902272e+01 3.663381287838694078e+01 3.295873217403122624e+01 3.519299419026560116e+01 3.748523692460980072e+01 4.911274424094165170e+01 3.854169117304411429e+01 5.467231241881128057e+01 5.246124720350492510e+01 4.900979882676821120e+01 6.775477629992386142e+01 5.930990124185264989e+01 7.084666591999935292e+01 9.082544178446021022e+01 9.483083952239951486e+01 7.467599017028011588e+01 7.848347766252601332e+01 5.833657827424252673e+01 6.989281089867309049e+01 6.595067703928069136e+01 5.267513883434647681e+01 5.406466431171750031e+01 7.419138707103053321e+01 6.316249977637940560e+01 8.186662867916771802e+01 8.755516513155330927e+01 9.597882523889332163e+01 9.427884700646691840e+01 8.922759427474926497e+01 7.284953873987095108e+01
0.000000000000000000e+00 1.414213562373107536e+01 3.414213562373178235e+01 3.490699731626038727e+01 1.846124642610916666e+01 1.036734067581082464e+01 1.241297770116566923e+01 1.450015453659062636e+01 1.664489377199693720e+01 1.882691221778563317e+01 2.106228047841284834e+01 2.335490372529384118e+01 2.911984508316557907e+01 4.911274424094165170e+01 3.466121980767138666e+01 3.831066990727676824e+01 4.290260390742280094e+01 4.776043019860817651e+01 5.776419619225438851e+01 6.930149574941721369e+01 8.927988241514377421e+01 9.632215584442288048e+01 7.618607078498662588e+01 6.191025010393605754e+01 5.557256589731586160e+01 4.978956401951614907e+01 4.585200079036068388e+01 4.509238304777881012e+01 6.519044302020685677e+01 7.336575244253181438e+01 5.303650596909334780e+01 7.094202947624678757e+01 6.725113501901536495e+01 8.639416751317423859e+01 9.647349349921248063e+01 1.005267811895370045e+02 9.230568528887644675e+01
0.000000000000000000e+00 1.999999999999964473e+01 2.318603296874589859e+01 2.480063255018833956e+01 7.546145547808337462e+00 2.754811443691499662e+01 3.240660918823999737e+01 3.449077565271850432e+01 3.663381287838694078e+01 3.881465451670678135e+01 4.104926780633996941e+01 4.334193591835932580e+01 2.700117199307132054e+01 2.966871193351648017e+01 4.961299930220840793e+01 5.829858253162024795e+01 6.290543372319738324e+01 6.775473383278313122e+01 6.190260318574085829e+01 8.188318275404907354e+01 9.756072375923189099e+01 9.688302023634740578e+01 9.035989950535584114e+01 8.208379355234627894e+01 7.570435897501199918e+01 6.985746991406244888e+01 6.057963184208699658e+01 4.048609633612396408e+01 5.656030924306200092e+01 5.948610052294524309e+01 4.544403681475997558e+01 5.080616573810139158e+01 5.789669257178106676e+01 6.796485448338096091e+01 8.818866779954302615e+01 9.592609830419164041e+01 8.436624008220461235e+01
0.000000000000000000e+00 1.591114568351458480e+00 3.187288337286699580e+00 4.798934265337466698e+00 2.480063255018833956e+01 3.226156779126984020e+01 3.610024009018127344e+01 4.008563367054782134e+01 4.432724952866121981e+01 4.887710344960300546e+01 5.705563560419282965e+01 5.527404413277769635e+01 4.113443896614477779e+01 4.966382705479918513e+01 3.583341461070273937e+01 5.583709892511712525e+01 7.107077824833247348e+01 7.935100560029481187e+01 8.188318007722507730e+01 9.016308231339553458e+01 9.094481125947592659e+01 7.682897662688587559e+01 8.685599843161659805e+01 9.507924350125699675e+01 8.934799022678060965e+01 7.774607593363042213e+01 6.876298611206546241e+01 5.655645697045137155e+01 3.648902926495727428e+01 3.940043071562367061e+01 5.935332170270027774e+01 7.094202947624678757e+01 7.807676114146187274e+01 8.639416751317423859e+01 9.647349349741317326e+01 8.766197932771591184e+01 6.761033525989522275e+01
0.000000000000000000e+00 1.999999999999964473e+01 2.318603296874589859e+01 2.276411854007444191e+01 9.062988465561522489e+00 1.226566298568024216e+01 1.611525443922616319e+01 2.011710890578965660e+01 2.438548268504596095e+01 2.898118347047487831e+01 4.888010142342066899e+01 6.323419567654951834e+01 6.113297382603912666e+01 6.339695306559450216e+01 4.339545906203593262e+01 4.400160219685430008e+01 5.107839968771602912e+01 6.262392160485794790e+01 8.260941248071227960e+01 9.249166704349519819e+01 8.088344154994354085e+01 6.248696026093409728e+01 6.668763959863291291e+01 8.685599843161659805e+01 8.109945471095987557e+01 6.107954114047264937e+01 4.949314608195730614e+01 4.130735202133510597e+01 3.375708322278038764e+01 5.076330602346857290e+01 5.927377253762407605e+01 7.198189591568353762e+01 8.148639066715824697e+01 8.148639067158961780e+01 9.006657035784128595e+01 8.578014208142705854e+01 6.571056956763980850e+01
