MOVIE_S1_data/elevation_000786.asc
nrows	100
cellsize	150.0
xllcorner	0
ncols	100
yllcorner	0
NODATA_value	-9999
[rows 34 to 50 of 100, columns 0 to 36 of 100]
0.000000000000000000e+00 1.999999999999964473e+01 3.659713823732754889e+01 2.419350650700448924e+01 3.264558352112123885e+01 4.092835152643491625e+01 4.766116630585558767e+01 3.566758314978830668e+01 4.132212183631069990e+01 2.286642497891725512e+01 1.776620464897774809e+01 2.222970036196492671e+01 4.171331563876904625e+01 4.358105822964972731e+01 4.538691791207957493e+01 3.127143789774694582e+01 5.041232673055576896e+01 5.580241202448833349e+01 4.304324719102142893e+01 6.246165169950180740e+01 7.828116271917645008e+01 7.822278025032885296e+01 8.645740695376883878e+01 8.052725463703060882e+01 8.895360186814087911e+01 9.725536848257152656e+01 9.298187556056238634e+01 7.596904417386784303e+01 9.298187556056238634e+01 7.989072973843151715e+01 5.991519901807961190e+01 4.842306900069041831e+01 5.991519901807961190e+01 7.989072973843767045e+01 8.506232004584879292e+01 7.345955815587731763e+01 6.074613939950366159e+01
0.000000000000000000e+00 1.999942533141569356e+01 1.660160269156904178e+01 2.370225710201932756e+01 1.264651652543421179e+01 3.264495759859363488e+01 2.407182558488786839e+01 3.759635650015916042e+01 2.358627736310751999e+01 1.555798378493515166e+01 3.540573492968139391e+01 2.026336154509268184e+01 2.204109099976490427e+01 2.383811266797172479e+01 2.566377341554194658e+01 2.764586608366408171e+01 3.197303779480428787e+01 3.636805688719335450e+01 5.580241202460052108e+01 7.061688073787497899e+01 7.509580519779024144e+01 5.863854881293366361e+01 7.080254902699964248e+01 6.662692147348700189e+01 6.917868428053601804e+01 8.895559906402081651e+01 1.047189811358995541e+02 9.638589020370618243e+01 1.019715256861348109e+02 8.819879453062785046e+01 7.292870957519915009e+01 5.300480202725206169e+01 7.292870957519915009e+01 8.819879454197591429e+01 9.136902327500264676e+01 7.990532631685660192e+01 6.495376758246868576e+01
0.000000000000000000e+00 1.228590233667903764e+00 2.459505143461233612e+00 3.702244675463636447e+00 2.369353786110066551e+01 2.678914393913330727e+01 8.676350911106649022e+00 2.872054509914086395e+01 3.181053533317489368e+01 1.405042730023009057e+01 3.391196082085764374e+01 4.025971297828200335e+01 4.180298165731291249e+01 3.783892570265982158e+01 3.965094371974310405e+01 4.726492806993390872e+01 3.083264479597776386e+01 5.039099277651866515e+01 5.650735616612335832e+01 5.912801165709312556e+01 6.190103786271168929e+01 4.750013680752883261e+01 5.135535796913540452e+01 5.544774089396784689e+01 7.496815409845046929e+01 8.960534759918874670e+01 9.773317922274931391e+01 1.060372426870361124e+02 9.366280794190328152e+01 7.357902156141392425e+01 6.361763059882417792e+01 5.961833972916919322e+01 7.958389449821439143e+01 9.913890724971376756e+01 8.315843331564389018e+01 6.330815481592313176e+01 5.141709571536642187e+01
0.000000000000000000e+00 1.999547617459352367e+01 1.660160584025607733e+01 2.370210098464666260e+01 5.509260481274146137e+00 6.794909174340601155e+00 2.533908636600714459e+01 1.057895688726813610e+01 1.193043164295564651e+01 1.193043043293011785e+01 1.911786176997832243e+01 3.894051782907269654e+01 5.249612136948879737e+01 5.744381104114332004e+01 5.923478460123212130e+01 5.520528745445378149e+01 3.577523126808431186e+01 3.445019767742403616e+01 3.704170741994814620e+01 3.969271070255297928e+01 4.248985429917653533e+01 6.190103786270907449e+01 7.080180903775772094e+01 7.496815409845046929e+01 6.332004190933107424e+01 6.980179320846224300e+01 7.782413902976659870e+01 9.773317922273929526e+01 1.019715322723337891e+02 9.193325642915100104e+01 8.362091470607499843e+01 6.711560544542854245e+01 8.715994135837074452e+01 9.105546361918825937e+01 7.146426798226391952e+01 5.992091305613779895e+01 7.169632832580818160e+01
0.000000000000000000e+00 1.999984130519243664e+01 3.659817819890442081e+01 3.382502257933960266e+01 2.551237674852715287e+01 1.234196976674017066e+01 3.198431838653975134e+01 3.046801497769434164e+01 1.948653940789469630e+01 3.530299953432493254e+01 3.894051782907269654e+01 2.456462050757169280e+01 3.861101962571586910e+01 5.822668954060981150e+01 6.770116347240939092e+01 6.031139083001627910e+01 4.101000268178969321e+01 5.395139126596279056e+01 5.650735616612335832e+01 4.939735841388534254e+01 6.190103100738791397e+01 4.955913054750537583e+01 6.320069567182962800e+01 8.241664624853063970e+01 7.718106212810003797e+01 8.960534759918874670e+01 9.773317922274931391e+01 1.060372426870361124e+02 1.155129768593812543e+02 1.070742703266372331e+02 9.547560833498231148e+01 7.865717373555482084e+01 9.547560833498231148e+01 9.214979632143413824e+01 7.254437346379445728e+01 7.390679384526195861e+01 8.788641511027709896e+01
0.000000000000000000e+00 1.000000000491155205e+01 2.414214089054800638e+01 4.414273491685208484e+01 3.237457952233892655e+01 3.237455487397247822e+01 2.234716103994284353e+01 4.240167354852911075e+01 2.840093567870954416e+01 4.737025765766146179e+01 5.249612136948879737e+01 4.435631632652281553e+01 3.074235693605100650e+01 3.896422982359914755e+01 5.933774892258835365e+01 6.495344624743967188e+01 6.031140023879267176e+01 4.963103888205017711e+01 6.895199408246283213e+01 6.885866306852337004e+01 6.885865729902165810e+01 6.899899496251710218e+01 5.777614138099070118e+01 6.899515588611231465e+01 8.874578241690250024e+01 1.053623426777008945e+02 1.141136755675048562e+02 1.057126552736185943e+02 1.036444147760258261e+02 8.644105577461688483e+01 1.036444147760258261e+02 9.877493793361722396e+01 1.070786118702102812e+02 1.003487300961569417e+02 8.640646792355059347e+01 9.295208852153994883e+01 9.703202038605273572e+01
0.000000000000000000e+00 1.999999999999964473e+01 3.828530738804557387e+01 5.157278307898673120e+01 5.243758054888248665e+01 5.071454744604999121e+01 3.236520559007913533e+01 5.071454739630639352e+01 3.981037553834956810e+01 5.611554006172214315e+01 6.651610948110385380e+01 4.689468971928219077e+01 3.676193372328909703e+01 5.631970386005637152e+01 5.363613943335371204e+01 7.408445322252751453e+01 7.711302944717036212e+01 6.070532858341294258e+01 6.322459942656392684e+01 8.277914793779703473e+01 8.856866596265473390e+01 7.371359065814723976e+01 6.899571511127028600e+01 8.558376792745471562e+01 9.700356543521927222e+01 1.065126424293907661e+02 9.807554831877284585e+01 8.510599790794739761e+01 9.516167835078100268e+01 7.436613707994207800e+01 8.731774728062103463e+01 1.080556062548875360e+02 1.179392215635930796e+02 1.143960788194145124e+02 1.003308268238828873e+02 8.884373125195970999e+01 8.030073654393505933e+01
0.000000000000000000e+00 1.999951197092005017e+01 2.328797051920711780e+01 4.051416479266089965e+01 5.205236865687967196e+01 6.075013580429045135e+01 5.244282006835385346e+01 6.075013773142494955e+01 5.931144436379805995e+01 6.736443901221271346e+01 7.470306237720525644e+01 6.444497994329204005e+01 4.809532587217570665e+01 4.901162770014166625e+01 6.194629575581009817e+01 7.937872570354701907e+01 8.843266861360770292e+01 8.021714865067748690e+01 8.277914793779703473e+01 9.100145946777691108e+01 1.017986402699596766e+02 9.352499234242250736e+01 8.875992006307717475e+01 9.702783153588944742e+01 1.102262689606672836e+02 9.807554831877284585e+01 7.736661495646272613e+01 7.304884611783619164e+01 8.730457122265917747e+01 6.645127480894841199e+01 8.124866130072855697e+01 1.021508298407665905e+02 9.788852004204828461e+01 1.119593340573858313e+02 9.196565078352027456e+01 7.153672611349169586e+01 6.001492263407416061e+01
0.000000000000000000e+00 3.287979746107139167e+00 1.223225165214762988e+01 2.377925528032862701e+01 4.377789912160415042e+01 5.838552397125401683e+01 5.009671756312259561e+01 5.612838815499385703e+01 6.320206088380022180e+01 7.149266894220387769e+01 8.304848170755289516e+01 7.572457274656605364e+01 6.755441312182689728e+01 6.803440374763707155e+01 7.610521238115003939e+01 8.808376510921776514e+01 8.640612673506802821e+01 7.802803250439652061e+01 7.954209946714146895e+01 8.547017314384704889e+01 8.669922845814234336e+01 9.507358903671983796e+01 9.827839441348410787e+01 8.986053645626736852e+01 8.986053645626738273e+01 9.807554831877284585e+01 7.736661495646272613e+01 6.262809212094195033e+01 7.456125334126117821e+01 6.070559143603701813e+01 8.151764496003914928e+01 9.083782747766260002e+01 8.329056172055140905e+01 1.037746655465152372e+02 9.582340097386190791e+01 7.436040144117497164e+01 8.030073654393505933e+01
0.000000000000000000e+00 1.999931059181213655e+01 8.540237060495996957e+00 2.854006383488517784e+01 3.816942220165444866e+01 4.253616238422797835e+01 3.009337000154865649e+01 3.612359994273602837e+01 4.319469306606688974e+01 5.474263686930748207e+01 7.475784898898147901e+01 7.197084459415479785e+01 6.979640152849653134e+01 7.222006223160632032e+01 7.222006223160632032e+01 8.047050297616739556e+01 7.473198839867750110e+01 5.781044462424724628e+01 5.932225108304449179e+01 6.524450756028181786e+01 6.645581068564588634e+01 8.669922845814234336e+01 8.986053645626736852e+01 6.926637508623001338e+01 7.797049184554165890e+01 8.643428712022804916e+01 8.709955800918800151e+01 7.456125334126117821e+01 5.387543901458167994e+01 5.542501831818358227e+01 7.614140274912270456e+01 7.006754824848634655e+01 8.299591441569221217e+01 1.035588257175610352e+02 1.050679313880416430e+02 9.590517761281108733e+01 9.110963440204936603e+01
0.000000000000000000e+00 1.999999999999964473e+01 2.854007760074483713e+01 1.408723902274824091e+01 1.816972192738671055e+01 2.253407973211805881e+01 4.253616238510956293e+01 5.612838815499385703e+01 6.320206088380022180e+01 7.149266894220387769e+01 7.197084459415479785e+01 5.209156990270466281e+01 4.991691921375208807e+01 5.234526471180954132e+01 5.234526471180954132e+01 7.222006223160632032e+01 6.570980770606489330e+01 4.620134606488946361e+01 4.509758549451647980e+01 5.218869148044308304e+01 6.645581068564588634e+01 8.669922845814234336e+01 9.050980420858687125e+01 7.797049184554165890e+01 5.734129717292432105e+01 7.797048914877453285e+01 7.250988247487670435e+01 5.792101960714020237e+01 4.848831477135347257e+01 6.903273691434306158e+01 7.413327723623828547e+01 6.219585010611123010e+01 8.299601685355537484e+01 9.781748004858962986e+01 1.080977219886332250e+02 9.671379116912500251e+01 7.695523242771515982e+01
0.000000000000000000e+00 1.414213562373082489e+01 3.414213562373011257e+01 3.408701852085158635e+01 3.816943451966320566e+01 3.408113219876716471e+01 5.081133390209927825e+01 6.678322578205640525e+01 5.876265806293145033e+01 6.678322578205700211e+01 6.793522900873263382e+01 5.573948477726267470e+01 3.578089627882213364e+01 3.822523665623472766e+01 5.816645813064845072e+01 7.161122243175427116e+01 5.143182628984978777e+01 3.725150949838389636e+01 5.734223457956397141e+01 7.238497047681768493e+01 7.358327426482286171e+01 8.196213636930446000e+01 8.206238491188631201e+01 6.143872545334541257e+01 5.121579705207756916e+01 6.449042098412721202e+01 6.066260530427678788e+01 4.356084408224133853e+01 4.676071073469939421e+01 5.005285376286948917e+01 5.345165115635860076e+01 6.067941270609054527e+01 6.853974847262695391e+01 7.902080683577322873e+01 9.970162220729021385e+01 9.705219934403162085e+01 7.699113071478940640e+01
0.000000000000000000e+00 8.944271604934078468e+00 1.894425871495181823e+01 3.308523649091802099e+01 5.305415316948379001e+01 5.407871146027780185e+01 6.233470803411150740e+01 5.694878266009506973e+01 3.896722009912745932e+01 5.694878266009506973e+01 5.969813425637281057e+01 3.977116153559778411e+01 2.812647352929707267e+01 4.819584739344158208e+01 6.346997009978038307e+01 6.740352746919948856e+01 4.725027899659004049e+01 3.308608290063558144e+01 5.315302881127996670e+01 5.930809598574413144e+01 5.339512353725590543e+01 7.358327426482286171e+01 9.050980420858687125e+01 7.636352666230723685e+01 5.579868254703087871e+01 4.410273565836229182e+01 4.032225379827104206e+01 6.066263768179921101e+01 6.725491586257024323e+01 7.063832974881637483e+01 7.413327723623828547e+01 6.148405136381317959e+01 8.229665008170989893e+01 9.781748004858962986e+01 1.080977219886332250e+02 1.052281381004653866e+02 9.705219934403206139e+01
0.000000000000000000e+00 1.414213562373107536e+01 3.414213562373178235e+01 4.719702663299393208e+01 5.015185569552779299e+01 4.422421005256497750e+01 5.000722020873401874e+01 4.886493908102944772e+01 2.901675876866947235e+01 4.886493908102944772e+01 5.265247202163337192e+01 4.370340746498406048e+01 2.355183752035182110e+01 3.526090497042197569e+01 5.523559220515546997e+01 6.352503299229731937e+01 4.339527310194449683e+01 2.924175646860007305e+01 3.343127785599767776e+01 3.920137495457548482e+01 4.922240837344423170e+01 6.346894991774811956e+01 8.369787533578298167e+01 8.482654455682178707e+01 7.297765670352765710e+01 5.837423922248700592e+01 3.807692350642895462e+01 5.837423922248700592e+01 7.238923144342930982e+01 8.094343456763093059e+01 8.857699656147414657e+01 6.774744373466648995e+01 8.857699656147414657e+01 1.080288856936241899e+02 1.197911569114944541e+02 1.129020850511844571e+02 9.284324491315962291e+01
0.000000000000000000e+00 1.963911157073015801e+01 3.251561141532155119e+01 3.988263549078042303e+01 3.010859359763060183e+01 2.428782550409770380e+01 3.008872747275026427e+01 4.224881919694773558e+01 2.243932495442385289e+01 3.380231547736404707e+01 3.027940458959640324e+01 3.438015918285213957e+01 1.951548876312629588e+01 3.381170408565151320e+01 5.382115721324544921e+01 5.984985846926097963e+01 3.974085082119701440e+01 2.559532904406813358e+01 4.563000207884547876e+01 5.930807787630539707e+01 6.767862995318350272e+01 7.777339689691152103e+01 8.405727052695854695e+01 7.217126434691610370e+01 6.364991294483181150e+01 5.638397252132539705e+01 3.611985973830429941e+01 5.620913800688244777e+01 5.179517797932589929e+01 6.632176328891563344e+01 8.706348641894480522e+01 8.857699656147414657e+01 7.894988835256449988e+01 9.097959421037919014e+01 1.114516615335890179e+02 1.210225667181010749e+02 1.095184067641314272e+02
0.000000000000000000e+00 1.999998353373079496e+01 1.316288244486308834e+01 2.219368833359581927e+01 2.340519764015317961e+01 1.110357739985376035e+01 3.007700502549085542e+01 3.593727902743270164e+01 2.766399239496040607e+01 1.408148076660644143e+01 1.493768572233319070e+01 1.437147152552320328e+01 3.437388107965006867e+01 4.788689436233589447e+01 4.861945307075857414e+01 4.923137696635930638e+01 4.270819162532737323e+01 2.268380329686613450e+01 3.682282574309899559e+01 5.691631704120509738e+01 6.126100910323315674e+01 6.956503263863992004e+01 7.554297358489925784e+01 5.494359507923653041e+01 4.323918553869007297e+01 5.186577118808518350e+01 3.419001183078914607e+01 3.903198863217448888e+01 5.936338619785565385e+01 7.687291292941250731e+01 8.541335122880803965e+01 9.576841970154112005e+01 9.963210795366572370e+01 1.080288856936241899e+02 1.043187323435397502e+02 1.127197439878147378e+02 1.161233714632581808e+02
0.000000000000000000e+00 8.504865111181203474e-01 1.701743041730350958e+00 2.556881289784203481e+00 3.415163429570742260e+00 4.275826337339035277e+00 2.426994839704954643e+01 2.637685739058818868e+01 7.686431388938292919e+00 8.611899454861040581e+00 9.552646713783952137e+00 2.929348004522583437e+01 3.189995583322609818e+01 3.291584596664206686e+01 2.811465764838460402e+01 2.910295040628267316e+01 3.602979956789098992e+01 1.989068612293891292e+01 3.990417497698020100e+01 4.727460829161340428e+01 4.148125650289786392e+01 6.126100152761239315e+01 7.420991844691127426e+01 5.789017349102136478e+01 4.940696366786790605e+01 3.166422028352191020e+01 5.186567599323888800e+01 5.936338409682734607e+01 4.850259448726222899e+01 5.617302389939220575e+01 6.647986315465884388e+01 8.120315844396711213e+01 1.019028669751522784e+02 1.008819496134194935e+02 8.372318809055771283e+01 1.008819496134194935e+02 9.569904649306550937e+01
