MOVIE_S1_data/elevation_000808.asc
nrows	100
cellsize	150.0
xllcorner	0
ncols	100
yllcorner	0
NODATA_value	-9999
[rows 0 to 16 of 100, columns 37 to 73 of 100]
1.066452344122613454e+02 9.806532483379409371e+01 9.533789051323640251e+01 1.039374462466251146e+02 1.015854890651847882e+02 9.315589169957443971e+01 1.015854890651847882e+02 1.150125462962069349e+02 1.148987872890355391e+02 1.097820532973436514e+02 1.015498731268441333e+02 1.097820532991240441e+02 1.135794543097945137e+02 1.053931866197892617e+02 1.098817937650817953e+02 1.016978965389694309e+02 1.098817937650827474e+02 1.055260850669718025e+02 9.725038094291591051e+01 9.725038094291589630e+01 9.774190609750007752e+01 1.036000269128616083e+02 1.018589089396538441e+02 1.101171684552665226e+02 1.216588604830158715e+02 1.205441671964635191e+02 1.128475703431501813e+02 1.128475703430618609e+02 1.182334241558975947e+02 1.155284558947426774e+02 1.073272361955135921e+02 1.098773879937211149e+02 1.180503721624231446e+02 1.123676094197505222e+02 1.040909308970660874e+02 1.123676094197505222e+02 1.029221651760824159e+02
9.806532483379409371e+01 7.728439497197470587e+01 7.461060805973785648e+01 9.196481469211811088e+01 9.129852294784701883e+01 7.248955506756159650e+01 8.136743408787266674e+01 1.052127144960846579e+02 9.860577278168416626e+01 9.979392491662645170e+01 8.153136006086931786e+01 9.979392491754906303e+01 1.021545829579640383e+02 8.559434912086857139e+01 9.997856042037003022e+01 8.187121995021421128e+01 9.997856042037243185e+01 9.725038094291591051e+01 7.714912194627940778e+01 7.714912194627940778e+01 7.763844002673789646e+01 8.352660877360867175e+01 8.169024393464106026e+01 9.338740470936993177e+01 1.134311956693244667e+02 1.128475703431501813e+02 9.329596511472325915e+01 9.329596511472324494e+01 9.901396849026758673e+01 1.040220537831847736e+02 8.741271250880156174e+01 9.000186443488503585e+01 1.098773865629750901e+02 1.024145940783665196e+02 8.421623085516527851e+01 1.024145940783665196e+02 9.473853033671596791e+01
9.694742613143472454e+01 8.337098840913967024e+01 6.326446714454956322e+01 8.337098840913967024e+01 8.282272338356800390e+01 6.224409492194472904e+01 7.970858669248288209e+01 1.011379892681010375e+02 8.724340461648212397e+01 9.154061659385659766e+01 7.209318363460127443e+01 9.154061659385664029e+01 9.396232246014574230e+01 7.417130532703347967e+01 8.253597339080690176e+01 7.199782765530190431e+01 9.178455824459180690e+01 9.582976978310503569e+01 8.303664439600711944e+01 6.322282088415006740e+01 6.369614790685300676e+01 7.015077467136775624e+01 9.021451607518022797e+01 8.767818723509165579e+01 9.604069973283074546e+01 1.074167593023490639e+02 9.902249770304717913e+01 7.823690817134234976e+01 9.901829201109657674e+01 9.582296662004011978e+01 7.591176162675141370e+01 9.582316820995902162e+01 1.078792401357050608e+02 9.410847456029385683e+01 7.445542727436254893e+01 9.415354053103853005e+01 8.685566330297484683e+01
8.838615938186993048e+01 6.808601214575409699e+01 5.748717801524551163e+01 7.730864414787168926e+01 7.654930870805402776e+01 5.634846564608974262e+01 7.487528325747659608e+01 9.452800789121097580e+01 7.800584086322560040e+01 8.505813894077139992e+01 6.608474304825318768e+01 8.505813894077144255e+01 9.176320383048172857e+01 8.253597339080678807e+01 6.292676360056017870e+01 6.513537012947627147e+01 8.478889255599283103e+01 8.753587907357889719e+01 6.760953665244626620e+01 5.647329385377791766e+01 7.603139991277332399e+01 9.021451880254544164e+01 8.447790772535665837e+01 6.771956484617594185e+01 7.708452109646312067e+01 9.514024378168360840e+01 9.205523089456103492e+01 7.163814150598311414e+01 9.275555039283706549e+01 8.981880940664198931e+01 7.001376839920366990e+01 8.981880940664198931e+01 9.597583699991899664e+01 8.166888232296079764e+01 6.805810332703211429e+01 7.959832586099705054e+01 7.666629280179164141e+01
8.342957778701658356e+01 6.330588540167765643e+01 5.210509311628106843e+01 6.572973474099565294e+01 7.114262817079105616e+01 5.119962144548935612e+01 7.114262817079105616e+01 8.778620492660829200e+01 7.018359159866994901e+01 7.958099132777803675e+01 6.089857752619207076e+01 7.251970264072129169e+01 7.251970264069204575e+01 7.599957012739125162e+01 5.649780522680345030e+01 7.599957012739125162e+01 8.006115726339561434e+01 8.823899786011760682e+01 7.226744085659852601e+01 5.275007382900122366e+01 7.210784379617695095e+01 7.878309259424895572e+01 7.596283720996207478e+01 5.672093147298042481e+01 6.573846481354651416e+01 8.648455295061282300e+01 8.708816212213510255e+01 6.600760726940563927e+01 8.708816212213510255e+01 8.452510168442110228e+01 6.489260387326493174e+01 7.758329946294399804e+01 7.733036590337206917e+01 8.468312666524407462e+01 7.812707585115053632e+01 6.041878177642540493e+01 5.741109787281913412e+01
9.199764128902462801e+01 8.028427755665740051e+01 6.572973467452366947e+01 4.600454488519604723e+01 6.003558022112830628e+01 4.648457702802655689e+01 6.630384815027861123e+01 7.285292418584170093e+01 6.338084016891938433e+01 7.445519902620236508e+01 6.649929023140894913e+01 5.395845329450867212e+01 7.251970264032212299e+01 7.184177988030654660e+01 5.233208390512466934e+01 6.620981576882084596e+01 6.047240226520651873e+01 8.006115726280130218e+01 6.870564940276224775e+01 4.914406140027434589e+01 6.417637074030130862e+01 5.862866433773605479e+01 6.487082938437731627e+01 5.073860445438326394e+01 6.916371127455855117e+01 8.361490476144270190e+01 7.508721413913754361e+01 6.112454713348536472e+01 8.199428109705188206e+01 8.467784102907485533e+01 7.726823883089188882e+01 5.821759660505622946e+01 7.138940951739935770e+01 6.845777994910852726e+01 5.924993432218111877e+01 5.550733217389176843e+01 7.470671384670718851e+01
8.515811093803569065e+01 6.836586291298051776e+01 5.818443585218131631e+01 6.003518783302819628e+01 4.023093846158409548e+01 5.479910501678902079e+01 7.148174494557903813e+01 5.331826834716175512e+01 7.285142226126093590e+01 6.635943545030492885e+01 4.776609542845452694e+01 6.107002349613456715e+01 6.539959982922621862e+01 6.835596228715903067e+01 6.137307731959515422e+01 4.686295284066758882e+01 6.620978739260867485e+01 7.980890404979767538e+01 6.921282571347725820e+01 6.169673152876062261e+01 4.415138853565919419e+01 4.470960009713046190e+01 4.527696767134365530e+01 4.585029245174808921e+01 6.537035661934940833e+01 7.414176940525301518e+01 5.477016399746815267e+01 6.915444098917693339e+01 7.016470845327314976e+01 6.472038584550705309e+01 6.633548753079482196e+01 6.788064913225491637e+01 5.231659722849308736e+01 5.296234389127636888e+01 5.360587520651080951e+01 7.284779125306621950e+01 7.453088444422208170e+01
6.594881091792294114e+01 5.608765232978622350e+01 3.280312299387505703e+01 5.280031960664843638e+01 3.739943578198894869e+01 5.551568723083066459e+01 6.641802830877921338e+01 4.611460397134276690e+01 5.913266089766585054e+01 6.458645766722128201e+01 5.800638693909916555e+01 4.209794299465181666e+01 5.365005253350673797e+01 5.824730556337933507e+01 4.263562269489982981e+01 6.137301617203601722e+01 7.433651694425729772e+01 6.928930986112978019e+01 5.429145128653703267e+01 4.338721918224823781e+01 6.152031104860286348e+01 6.410174852061680895e+01 6.478472761817890557e+01 6.537965955775497662e+01 4.666965433363315441e+01 6.618346895609768410e+01 6.739568300597139228e+01 4.892234221398692284e+01 4.951595553211419798e+01 5.014545526054595825e+01 5.077752241460426319e+01 5.141275233869750849e+01 7.074601972126492910e+01 6.978596306943698835e+01 6.779755890905248350e+01 5.461727787609245155e+01 5.532501246107295856e+01
5.174655919492460043e+01 3.211708029597352976e+01 4.388306469061919302e+01 3.349111515862102095e+01 5.165764298952063172e+01 5.466325165941613307e+01 5.488073701486547407e+01 5.525225075509214179e+01 3.677913865633055934e+01 5.623848791104379075e+01 3.806868975439329006e+01 3.851408559992155745e+01 3.896498190069399925e+01 3.942198475997777507e+01 3.988597960426154998e+01 5.921400363404531220e+01 6.803080409658281269e+01 6.142454301732247046e+01 4.264937408614122916e+01 6.218104187889606038e+01 5.203488035101481302e+01 7.085834826176500201e+01 8.069028770139188111e+01 6.836686786187425469e+01 4.916830144617890852e+01 4.750228538701239955e+01 4.809017149540376579e+01 6.280829744185968622e+01 5.131607614098599868e+01 6.939467947573500339e+01 7.012808613353260512e+01 6.143176053818613980e+01 7.772851944989785977e+01 9.012510558560515506e+01 7.307393201854779363e+01 6.302040272722590686e+01 7.450202206885209932e+01
4.957768547858053410e+01 3.163212144581515517e+01 4.899279156861925344e+01 5.287732745116272781e+01 3.419429466705818754e+01 3.831069011675202773e+01 3.560679857003966475e+01 3.610097335244718408e+01 4.167798307819630566e+01 3.743199893442132264e+01 5.074671910315795742e+01 5.725926320043284790e+01 5.919788599157845965e+01 5.324657271557642702e+01 5.920936754791410550e+01 4.055688008910379949e+01 5.993806453098923726e+01 4.193291622200849389e+01 6.143150624405821247e+01 7.025132227606947311e+01 5.862582587657654898e+01 7.715110291989130076e+01 7.299627365026293546e+01 5.342875313812796634e+01 6.839688892262219611e+01 6.698199182763100623e+01 5.546244471084173000e+01 7.184337074322390038e+01 6.679661671051051997e+01 5.384079331941637747e+01 7.262057164462089531e+01 7.897692652990123463e+01 8.760543032181411149e+01 9.946914982593035859e+01 8.256230320997634919e+01 7.675525340607249802e+01 8.658167155378598068e+01
3.094615421892529739e+01 5.068093450025008906e+01 5.268411918756886791e+01 6.092848596434660635e+01 5.436916608300781917e+01 3.490144668776770231e+01 5.475362919136912865e+01 3.787563825814248730e+01 5.620807641849059877e+01 5.644405927217382413e+01 4.286167688522110097e+01 5.234628275669601294e+01 6.832443070197702184e+01 7.383200864378963502e+01 6.553154072871802782e+01 4.584175493399330037e+01 4.122927424779008021e+01 6.060110616455281018e+01 6.945535265773077072e+01 8.419591937518003988e+01 6.596301797150593416e+01 8.419726018274378987e+01 7.637738275965865853e+01 5.691964853934568680e+01 7.637738567192891992e+01 8.226024209863446401e+01 6.817055568415847233e+01 7.363854973309062757e+01 7.921361879917513704e+01 7.262066472182334564e+01 5.632859359336856642e+01 7.503845813527435382e+01 7.753175472061828088e+01 9.660688934125671778e+01 1.023524935658624031e+02 9.659046116573172469e+01 9.477463577746833323e+01
3.047251658994818868e+01 3.284438465210209301e+01 3.524014151859651633e+01 5.475643884537818451e+01 6.578931844570807641e+01 6.538855109604746474e+01 6.942133948211017014e+01 5.141489129394177837e+01 7.001886249781439631e+01 6.606639600700518145e+01 4.714318760199938652e+01 6.503649986023435758e+01 6.838602877988235207e+01 8.013403551320332951e+01 6.764907335791555454e+01 4.893996514997805036e+01 4.299714108755179609e+01 6.257924958911124946e+01 7.353046688391658847e+01 8.599920704950672246e+01 8.065678570861746266e+01 8.419994668111087321e+01 8.448061275338866949e+01 7.637738567192994310e+01 6.210890844292368485e+01 8.156652751296546455e+01 8.813350689053868336e+01 9.328607987873003538e+01 8.842465024186809330e+01 6.949372390783882736e+01 7.503845819738988610e+01 5.882343441177486199e+01 7.753175472285555259e+01 8.949196796873843596e+01 9.841452308698534068e+01 1.091741754430747875e+02 1.034496235823104371e+02
3.000713645171233779e+01 5.001320108573443690e+01 5.475673622550567643e+01 3.872808889439914282e+01 5.820305227505080126e+01 6.996356329308646593e+01 8.019532142675005559e+01 7.221006058394999627e+01 8.019492789790160714e+01 6.237525895261109810e+01 6.619147734961765650e+01 5.471054460820555931e+01 7.320861743637367169e+01 7.885885783665847271e+01 5.883856326707041262e+01 6.764584298194793632e+01 5.683632297288396273e+01 4.583723578756979578e+01 5.639697908998387277e+01 7.487443704182898330e+01 9.641494631359998380e+01 1.025725181589745745e+02 9.182760844143642487e+01 7.239376215951875793e+01 8.156652742943039414e+01 6.846117794358767128e+01 8.236706454977719716e+01 1.021984856344581090e+02 9.645222122297798251e+01 8.842465999021217726e+01 8.220887531719321828e+01 7.148244303553281043e+01 6.135600327200095450e+01 6.813417892925276931e+01 7.874128286627215800e+01 1.006057629802801330e+02 1.056185398836407501e+02
4.216247259152063975e+01 5.731412903174554430e+01 6.636727379901998347e+01 5.820305329201556077e+01 4.230493115216836486e+01 6.178824913951041253e+01 7.380582360552295995e+01 8.780749787569843079e+01 9.201355273742711915e+01 8.317158708922455901e+01 8.136583085328544485e+01 6.072218787974581744e+01 8.136583085328544485e+01 7.947634659305072091e+01 7.326392273687606860e+01 8.394495624979603576e+01 6.739694263465250401e+01 4.795996936542803013e+01 5.922539902582322213e+01 7.288950248143314070e+01 9.219784533295496942e+01 1.067511253079142932e+02 9.933117422910670768e+01 8.217892071338421545e+01 9.392941901635245472e+01 7.405829166138363462e+01 8.445367370411094043e+01 1.038947253569489959e+02 1.034511810103327463e+02 9.520633708898596126e+01 8.308626553250202562e+01 6.626148195358612725e+01 6.355763933713858904e+01 8.555203394622738244e+01 9.789016571510606468e+01 1.091741754430747875e+02 1.138025697926249933e+02
5.645607124516121900e+01 6.783561201325316858e+01 7.794542718933199410e+01 5.815700623665229330e+01 6.178824913951041253e+01 4.606275119085297121e+01 5.980450988861652206e+01 7.815609976087289112e+01 8.703815349864323991e+01 9.846341193413320525e+01 9.000821201030824170e+01 7.064527110803422261e+01 9.000821201030824170e+01 1.004948282360088854e+02 9.447446452183774568e+01 8.350414472754796691e+01 6.959015731103885116e+01 5.015221989411544001e+01 6.959015122178301738e+01 6.743389956654951334e+01 7.872224897577508784e+01 9.856475436659762579e+01 1.084511248943347681e+02 9.577396343810094947e+01 9.961591537311390709e+01 8.030939225657655811e+01 1.004488037846323323e+02 1.117743503748720570e+02 9.548351520955797866e+01 7.763595641479584231e+01 7.105410010377327978e+01 8.297686143355919342e+01 6.579601403583441765e+01 7.863556025507575953e+01 9.647527138739916097e+01 1.082508297013752099e+02 1.160463445097061594e+02
6.562839186037633965e+01 7.591215126224403775e+01 8.609216659890108758e+01 7.708738110635131591e+01 5.722825199002677010e+01 6.562170756703858387e+01 5.025339034621391932e+01 5.895065629175609700e+01 7.047735858775372719e+01 9.038633091940290853e+01 1.005981711374511889e+02 9.208639743353229790e+01 1.005981869404400015e+02 9.899978859831105638e+01 8.991035298799080522e+01 7.532437857270244308e+01 5.590716674007896358e+01 6.944059818434746489e+01 5.382124633003801506e+01 7.326696521744784718e+01 8.779419776086361082e+01 9.604107782949326122e+01 1.050008573514281807e+02 1.138686205428086566e+02 1.073979246248798916e+02 8.847796025537090259e+01 1.087300735471729496e+02 1.145670233024884652e+02 9.548351520465834597e+01 9.185458275850187704e+01 7.480434558335920769e+01 8.669813696766718181e+01 6.809752675370219777e+01 8.669813696917682933e+01 8.131706991644749394e+01 9.460038397336674620e+01 1.138570167997454803e+02
4.763278616422745415e+01 5.932510910825561012e+01 7.977863139697484485e+01 8.524267498004221011e+01 6.867480722945177263e+01 7.815610700390523391e+01 5.895065629175609700e+01 5.538332929367685153e+01 7.528777380341738024e+01 8.692977128961879885e+01 9.350687963287948890e+01 1.014851785926465197e+02 1.058689120667155095e+02 8.491139752458379064e+01 7.072677008148342281e+01 6.209524577309381499e+01 7.532437857270113568e+01 7.618102018875188719e+01 5.683085650736150285e+01 6.197099316668701618e+01 6.802812448987326377e+01 7.678662586335876483e+01 9.089246034046077227e+01 1.110257947213504508e+02 1.147949482300610953e+02 1.029256466894541262e+02 1.174483443657359771e+02 1.144746198809538527e+02 9.838606652919338558e+01 8.049886184085690388e+01 9.185458155909542199e+01 9.392929772110032616e+01 8.547708336559600184e+01 7.143402024831010522e+01 9.060446159975451508e+01 9.702090577821793715e+01 1.159864872466730077e+02
