MOVIE_S1_data/elevation_000882.asc
nrows	100
cellsize	150.0
xllcorner	0
ncols	100
yllcorner	0
NODATA_value	-9999
[rows 51 to 67 of 100, columns 0 to 36 of 100]
0.000000000000000000e+00 8.944140925261717001e+00 2.048757066359897294e+01 4.042734464056228205e+01 2.997775224371445191e+01 4.037310729365970019e+01 2.040496468341946468e+01 2.775844269861019598e+01 2.881836576078337941e+01 1.522216406089796514e+01 3.097311462725179254e+01 3.207914700468133162e+01 1.364279766856938458e+01 3.365543569726795425e+01 3.946934219009227007e+01 2.580803729556611614e+01 4.560956500133202951e+01 4.178144799241880492e+01 3.484391137668104932e+01 4.481925199086450107e+01 4.636084101942709168e+01 4.791507233615976702e+01 3.018462159560709424e+01 5.010322940006276582e+01 3.491033840406950617e+01 5.481988911337062120e+01 5.938846758417309246e+01 5.354982960201181186e+01 7.352440536270395910e+01 5.867364950518556554e+01 7.407374711507797826e+01 7.294023300240731089e+01 7.512359900543727065e+01 9.145362595197828171e+01 9.966546246870780124e+01 1.096049697001988790e+02 1.032425687673488426e+02
0.000000000000000000e+00 1.999999999998838618e+01 3.190704611392810008e+01 2.350254189293078610e+01 1.583664299150223265e+01 2.527476733008814946e+01 2.513063263378294465e+01 7.748435677261358734e+00 8.808435347284387262e+00 9.872933856778832507e+00 1.096242247043246110e+01 1.206970750568516060e+01 3.207914700468133873e+01 1.938494389066717005e+01 3.952780763217943161e+01 4.560956500232457955e+01 3.252258301021329601e+01 5.220591031279301575e+01 5.460272964205262269e+01 6.300428013058235166e+01 6.493593546394370719e+01 4.619679108913665999e+01 5.016422694187738784e+01 3.248142563257566451e+01 5.247016033270560342e+01 4.274760159055494313e+01 6.272924547568302955e+01 7.352440781972951811e+01 8.176199863629410913e+01 7.021405729796641992e+01 8.687983837235489659e+01 9.288283408380331707e+01 9.505612471915240747e+01 1.032606114026261821e+02 1.087909125045280376e+02 1.145580463682300376e+02 1.116601115760666687e+02
0.000000000000000000e+00 1.999999657182051394e+01 2.192987243463829117e+01 3.310225862196080282e+00 4.289630075944897314e+00 5.274959354109309828e+00 6.263895707338590135e+00 2.627186019087539037e+01 2.881829101444205676e+01 2.988324036329841960e+01 1.874699371406936876e+01 1.182722028882052889e+01 3.996182943209085181e+01 2.366135283315355409e+01 4.388640094178907702e+01 5.885350758064777210e+01 5.220591031279301575e+01 3.985638453521249147e+01 5.113722361739675648e+01 7.070500775739310484e+01 7.242705145839163094e+01 5.983131962011653115e+01 4.064083342295923984e+01 5.251707104080012556e+01 6.089065711891032606e+01 6.272924547568302955e+01 5.168956805513628439e+01 6.582332207759826304e+01 8.575280377530296505e+01 9.016445189719100028e+01 9.837752654667663421e+01 9.821467466692170944e+01 1.064429847409867449e+02 1.031087503735917323e+02 8.925759194151636677e+01 9.497876907533189694e+01 1.023131886627045759e+02
0.000000000000000000e+00 9.644856443408237334e-01 1.930094743511358013e+00 1.424440855765272751e+01 2.425890395961031842e+01 2.527474393303563360e+01 9.312659362527515583e+00 2.792566712500923742e+01 4.018505220104511722e+01 4.637045641822692232e+01 3.221569283033899467e+01 3.221844493658539932e+01 5.175637502845099647e+01 4.388640092906457824e+01 3.033653480373292766e+01 5.058536377110949900e+01 6.528974376638396393e+01 4.593562503935245900e+01 6.528974376638396393e+01 7.877688861059627357e+01 7.560677475599511865e+01 5.498613624393229316e+01 5.498830475357827652e+01 5.494221108469709236e+01 7.569783354160711042e+01 7.988126591656791220e+01 6.582332207759826304e+01 6.582332207759826304e+01 8.575280377530296505e+01 9.910944159118599828e+01 9.086757077066388888e+01 7.827176106732137839e+01 9.494213083593936631e+01 9.497876907533189694e+01 7.557903688608672610e+01 9.223357677853877590e+01 9.414480714150128904e+01
0.000000000000000000e+00 1.999999999999964473e+01 2.192987299971221660e+01 1.864235304221197609e+01 3.128579889828672478e+01 3.617808746815475018e+01 1.592718112531159669e+01 1.407836574435234667e+01 3.359115365712135315e+01 4.699395985037881474e+01 5.221009146974526516e+01 5.231201370966672215e+01 6.053297551694168988e+01 5.634058369070601913e+01 3.606821576331834223e+01 4.691360365185191483e+01 6.726010322918931195e+01 6.528974376638396393e+01 5.669263783449874694e+01 7.556487019028516272e+01 8.426749444481201579e+01 7.576659270757151887e+01 7.619243056034355277e+01 7.569783354160711042e+01 8.444378589892387765e+01 9.051358309267644131e+01 8.575280377530296505e+01 8.575280377530296505e+01 9.393920975554151198e+01 8.760565318671015689e+01 7.093102989127422120e+01 6.677465235260382315e+01 8.603479204081554599e+01 8.764635952190367618e+01 6.823877949344961280e+01 7.280788523501747989e+01 8.658034313456712994e+01
0.000000000000000000e+00 1.999999999999964473e+01 3.828685624190529069e+01 4.055620677817427122e+01 3.929596347400642031e+01 4.498549994509655647e+01 2.559193523818219163e+01 3.359116223337172613e+01 1.901860219249384798e+01 3.866344455968880567e+01 4.973686480663152309e+01 5.738656385534184068e+01 6.573187810913861995e+01 6.266888626291096642e+01 4.232990233813391256e+01 6.266888626291096642e+01 7.584932585237352498e+01 8.339854745104091194e+01 7.178361751102040955e+01 7.548509828069643390e+01 9.408831747282886226e+01 9.276432375267772557e+01 8.414145564819784795e+01 8.228603001295573449e+01 7.719851489829478908e+01 6.946061174532054849e+01 8.421139986909402353e+01 8.981423466913712161e+01 8.121319672972835235e+01 7.870763095735078707e+01 5.946763627112540007e+01 5.790137608960381499e+01 7.778946085972242486e+01 9.048273744927976736e+01 7.849753855887669829e+01 5.896883571595531492e+01 7.849753855887669829e+01
0.000000000000000000e+00 1.000001370280165247e+01 2.414331891939204766e+01 4.416152443934499416e+01 5.708086805972349964e+01 5.525519389228300327e+01 4.067247133258222647e+01 4.698786731139350792e+01 3.018989613975653086e+01 2.461733040060661182e+01 2.960036545685964171e+01 3.714736237660454066e+01 5.738656395118982090e+01 7.100954778470575945e+01 5.676263877164710436e+01 5.603838563748626456e+01 7.413707649047688619e+01 9.526115400977536751e+01 8.227885919415646754e+01 7.441330356657461209e+01 8.304128084863502579e+01 8.336383857039736256e+01 6.184700635303627791e+01 6.093369533457801168e+01 5.599901719892369556e+01 5.441009149967860736e+01 7.562688428883502922e+01 8.121319672972835235e+01 6.131591830161944046e+01 6.714369622605570953e+01 5.058160535637062338e+01 5.086742152256987737e+01 6.234543245631419239e+01 8.224835440903659389e+01 7.345524916663215720e+01 5.380594475904786833e+01 7.345524916663215720e+01
0.000000000000000000e+00 1.999999999999964473e+01 2.989768194791860267e+01 3.426203597999049322e+01 4.254630923682900345e+01 5.668844738038366415e+01 6.221925298757471268e+01 5.858139919406376350e+01 5.023517960388198134e+01 3.199178198528802497e+01 4.973686480663152309e+01 4.230681992446725559e+01 5.368522340782413949e+01 7.385563975443885454e+01 7.692782813003427123e+01 7.678631059796300917e+01 8.515245545183273634e+01 8.425128088486256672e+01 7.201579168184090918e+01 5.352465969775670374e+01 7.194329275438042259e+01 6.737584278092101897e+01 6.448597378152985016e+01 4.551142904232884945e+01 4.097057494159204794e+01 6.220820631732087236e+01 7.578898857690337820e+01 8.572066659168514491e+01 6.714369622605570953e+01 4.863328577614031190e+01 4.289729097080479647e+01 6.295635377052362713e+01 7.900143805296509925e+01 8.263750359684676994e+01 6.310512178282246509e+01 4.906875274728985659e+01 6.882386370256502062e+01
0.000000000000000000e+00 1.999999999999964473e+01 9.897678246195852125e+00 1.426203605091566295e+01 2.840417167394397779e+01 4.711200529197327569e+01 5.539627994470527739e+01 6.694328757117918371e+01 6.051099377416408487e+01 4.205317075456970599e+01 6.051099377416408487e+01 5.399868608433640560e+01 7.086307042554199143e+01 8.218784319795270221e+01 7.965390756326182498e+01 7.137729677773133119e+01 7.965390756326182498e+01 7.461344795235223160e+01 5.627172674891266269e+01 4.362758073463486852e+01 6.338246914201261006e+01 6.448597378153004911e+01 4.436527769025604329e+01 5.112709559485917765e+01 3.381667804552034085e+01 4.599371411895383233e+01 6.716282366475086008e+01 7.763680096170766376e+01 5.797325624692271617e+01 5.866404356090048822e+01 3.834172776148772499e+01 5.282494478485216405e+01 7.276087501807246838e+01 8.013654293083840230e+01 6.461202062723801021e+01 4.477591420189556715e+01 6.461201989970668080e+01
0.000000000000000000e+00 4.000000000000016875e+00 2.399998992200492509e+01 3.426203156606018041e+01 2.156500348431774938e+01 2.711200544656994182e+01 3.865901083029214647e+01 5.865901046467877933e+01 7.060591200583677107e+01 6.226803985379817163e+01 7.060591200583677107e+01 7.416549586131083061e+01 8.249777458621031201e+01 7.473842035505113301e+01 6.645813355577550396e+01 5.134649826043241916e+01 6.964572702533493498e+01 6.643930400944370263e+01 4.694147196663831778e+01 3.652946316291937734e+01 5.627172674891201609e+01 6.443185310398759214e+01 5.112709559485917765e+01 3.024593539108329665e+01 2.857454607086467746e+01 4.367399229116592352e+01 6.485688618489920998e+01 7.052784077080130487e+01 5.037110868031022193e+01 4.065794110750865542e+01 3.450794517598640709e+01 4.927621800049417544e+01 6.931729447955078172e+01 7.201922557166048477e+01 5.232094486238722197e+01 4.074884394952914590e+01 5.232093720237012491e+01
0.000000000000000000e+00 6.324555320336785691e+00 1.299122198700351127e+01 3.299122200383178694e+01 4.156500337259847555e+01 4.711200529197327569e+01 3.865901083029214647e+01 5.280114644137829316e+01 7.280114523626824052e+01 7.536143157739311960e+01 6.731834485283800973e+01 7.536143224072552016e+01 8.060900973140036285e+01 6.059664872436944449e+01 4.640212235304947797e+01 4.128514496457770377e+01 6.136189751908192136e+01 6.431106816808834026e+01 4.480669100180596587e+01 3.064938857532681027e+01 5.051939081099003204e+01 5.575381606761771280e+01 3.457099869394094327e+01 2.223960327513259827e+01 4.352391075473079241e+01 5.311389224561931854e+01 6.161143053531876035e+01 5.436319375501748397e+01 4.598654347878353832e+01 2.934339152174848309e+01 5.037110868031021482e+01 6.341912920657337338e+01 6.758440662972667212e+01 5.944728079091831319e+01 5.242624730828148216e+01 3.719317932417156669e+01 5.134313808451422290e+01
0.000000000000000000e+00 1.999999999999964473e+01 3.299122200383178694e+01 2.453822737079623195e+01 3.608523275459094037e+01 5.608523300143547630e+01 5.865901046467877933e+01 5.865901046467877933e+01 7.865900806359312014e+01 6.573455670593793343e+01 4.813251748997693369e+01 6.573455670593793343e+01 7.626746285303906348e+01 6.469877645869806315e+01 5.377359832008205132e+01 3.363644411271668133e+01 5.377359832008205132e+01 5.977223323769489838e+01 4.020578508641822424e+01 2.594183818604351188e+01 3.992291068786254016e+01 4.801669388723006193e+01 3.992908270684374372e+01 1.867241885229168119e+01 3.724446212046914439e+01 3.410647478095560814e+01 5.018284621078486651e+01 4.175020361788273249e+01 2.476781036050815743e+01 4.598654347878353832e+01 5.868993746131313571e+01 6.957764093811761086e+01 5.614252126213960281e+01 3.955762578372127791e+01 3.245313365163374186e+01 5.243002799026999128e+01 6.526353211393882248e+01
0.000000000000000000e+00 1.414213562373107536e+01 3.414213562373178235e+01 4.453822744294703995e+01 5.282250828156553979e+01 6.436953121381151277e+01 6.431208167031532241e+01 5.555436478843282799e+01 6.431208167031640244e+01 5.772543117068097729e+01 3.855244588084268997e+01 5.772543117068097729e+01 6.798753922551851758e+01 4.793008419262535824e+01 3.628117696005651283e+01 2.838846168591709684e+01 4.857420746107295173e+01 6.062279448404599691e+01 5.379833040798730082e+01 3.595651223326482437e+01 1.990890949612680672e+01 3.446257107415046761e+01 3.775607399188535140e+01 1.528727977449826092e+01 2.078021032666235257e+01 3.750967146241866601e+01 4.174956410415711616e+01 2.056111772574169194e+01 3.982606891362400603e+01 4.891204830088468469e+01 5.144662820482225385e+01 4.661057411341460721e+01 4.278760890799471639e+01 2.793307072348844855e+01 4.796398311842428797e+01 6.058817303037096735e+01 5.998878420259298139e+01
0.000000000000000000e+00 1.999999999999964473e+01 3.196724496462439546e+01 3.924173927766698000e+01 4.762875289348978924e+01 5.935737675872398711e+01 5.330678767019327324e+01 3.318440960459011535e+01 5.330678767018680020e+01 5.133443607388037577e+01 3.207300755730763342e+01 4.564472326228188592e+01 6.480613955648972535e+01 5.530209083144857374e+01 3.516934566949927188e+01 2.345593200821235058e+01 3.216528693329821209e+01 4.639404070867209384e+01 4.796418582006643305e+01 3.622531205793771392e+01 2.969787191278325622e+01 1.440848503843870532e+01 1.155298039240827812e+01 1.212349887049035857e+01 1.269203287700485205e+01 3.310342005012321920e+01 3.472759456532976685e+01 1.779623934329069712e+01 2.698279556772846632e+01 3.691086506562634639e+01 3.389281194291753962e+01 2.378266181226904408e+01 4.070678159999236811e+01 2.494788942678609445e+01 4.504723469862220497e+01 4.390793332736518551e+01 3.782982234545426792e+01
0.000000000000000000e+00 5.774143526424663442e+00 1.180973732358063799e+01 1.891123507815073879e+01 3.062828512039591899e+01 5.100793653191654187e+01 4.436938719651148944e+01 2.214774592869762060e+01 4.436938719651148944e+01 4.582943929805519900e+01 2.605552860604809240e+01 4.582943929805519900e+01 6.091602816520173747e+01 6.359460185527128573e+01 4.971827198550567317e+01 2.954240375648778993e+01 1.783234502442403269e+01 3.316144245288569437e+01 3.596559915151176057e+01 1.670733896517882755e+01 1.009643256015970891e+01 1.070323069478655853e+01 1.322039466657173357e+01 2.910235237034795830e+01 3.224903613196952534e+01 1.358372812432048349e+01 1.427292480962259091e+01 1.500020092831944751e+01 1.576475730722300206e+01 1.651066404863284731e+01 1.723609578102563233e+01 1.794871598471223706e+01 2.080218814518344317e+01 4.002243274249355665e+01 4.080365598069802502e+01 2.157201824315789906e+01 2.234917363379663158e+01
0.000000000000000000e+00 1.999999999999964473e+01 3.196724489064634867e+01 3.924173908381568765e+01 4.559680860094009347e+01 4.470396962972859711e+01 3.696217344057349408e+01 1.563430263299312273e+01 3.696217344057349408e+01 4.088596162498126318e+01 2.073806618445961192e+01 3.263411286500596731e+01 5.252384529862875695e+01 6.474306661692124010e+01 5.801995047180506759e+01 4.639404070867203700e+01 3.316144245288569437e+01 1.296556744109776460e+01 2.846380352615729947e+01 9.253525465108596748e+00 2.935415860359074358e+01 2.502838000672454655e+01 3.168218584947740624e+01 2.099343762963609095e+01 3.967440185862862734e+01 3.405763010541134861e+01 3.472959414019076974e+01 1.929547308519597948e+01 3.529998334062283760e+01 3.119430241137112958e+01 3.661310069520143173e+01 3.828772567799451565e+01 1.898381868736037248e+01 1.972955867692348164e+01 2.047903737006501856e+01 3.675370038316685140e+01 4.237803354392669064e+01
0.000000000000000000e+00 1.590640824408171206e+01 3.768823143407638554e+01 3.251734101651845066e+01 3.590461463554262878e+01 2.564076054915761915e+01 2.907320595773328264e+01 1.095622104833314836e+01 3.079857870628719496e+01 3.633836759035489905e+01 1.580395279061672831e+01 3.632999129458710286e+01 4.532616811200391282e+01 4.286941559282585956e+01 4.613775791701249318e+01 3.778537719271544404e+01 3.582999254220246144e+01 2.730044646911550288e+01 8.430229257894461981e+00 2.846759008472263375e+01 3.767600135624694246e+01 4.563714149640107109e+01 4.804115343629236889e+01 3.196300096466020690e+01 3.649311370314807590e+01 4.746674289766573196e+01 2.705749581319517105e+01 3.975369593753934794e+01 3.001032086367049345e+01 4.756647991063920244e+01 4.456299264082581857e+01 2.453419733161911154e+01 3.965815031590832973e+01 3.413884805210867057e+01 4.083345789260575032e+01 2.558997538119115234e+01 3.967923414923177461e+01
