MOVIE_S1_data/elevation_000156.asc
nrows	100
cellsize	150.0
xllcorner	0
ncols	100
yllcorner	0
NODATA_value	-9999
[rows 17 to 33 of 100, columns 37 to 73 of 100]
2.859982413643775345e+01 4.311591180744935059e+01 6.377043198505749189e+01 6.641174453495914065e+01 5.886567601172438913e+01 7.939053768542666489e+01 6.743211824414616729e+01 4.565165915194745594e+01 6.578332844796405254e+01 5.908084781652675588e+01 5.399190862091113985e+01 3.908816906907752298e+01 5.885378446741317049e+01 4.912073734293699800e+01 5.426145339770062748e+01 4.478759971454000066e+01 5.386149359048104657e+01 3.353260437479527667e+01 4.420338662588081746e+01 5.596891417908517496e+01 3.642699282252893767e+01 5.735516679023951525e+01 6.644104041582768616e+01 7.044149271219318109e+01 7.361991125621341325e+01 8.176023762653431959e+01 8.523694332954347885e+01 6.447310071987675428e+01 7.831566246056533487e+01 9.863029943474936090e+01 1.072710454662474149e+02 9.140364080678293135e+01 7.091029468375937483e+01 8.457252547119658459e+01 1.046804539804239482e+02 9.693878430425232295e+01 1.135899224169291273e+02
3.012555988140788799e+01 4.212477633658770770e+01 5.678330011613768136e+01 7.732169659681397889e+01 7.345532252888189362e+01 8.774479968371856842e+01 7.465277681575970803e+01 5.306302707600350033e+01 7.465276499287762135e+01 6.412119523533641541e+01 4.446761345931847842e+01 5.304375544424255651e+01 6.707473168631450733e+01 6.445816446128479527e+01 7.573565260783168185e+01 6.710379669254633939e+01 6.096908915024152975e+01 5.132390932342358525e+01 3.410283717154857186e+01 3.506501803260764660e+01 5.600729304441167500e+01 4.164765999594424528e+01 4.549495040332834606e+01 4.962845488383118919e+01 7.061713248920852948e+01 8.538690129733973322e+01 9.353113189836452079e+01 8.523694332954347885e+01 7.780738120914197964e+01 9.219296537869163899e+01 1.120925911854731822e+02 9.966211255077136855e+01 8.298590565646922812e+01 8.775031296327945540e+01 1.076590842292648915e+02 1.167813255297927952e+02 1.250775087812358066e+02
3.184401319783894024e+01 4.386134099013015231e+01 5.851679297610176889e+01 7.904221914436330110e+01 9.377658944042249800e+01 9.168604386044033561e+01 7.082464304905711572e+01 6.852820126956530089e+01 8.281321435115746965e+01 6.799595530360318207e+01 4.829140397994959955e+01 6.799595530363144746e+01 8.121042258605781683e+01 8.560715203841195375e+01 8.481005008806302214e+01 7.646000019022828553e+01 6.514448213988944758e+01 4.834203980902431397e+01 3.454984222937942206e+01 4.386183361944724624e+01 6.287584442055251088e+01 5.661971111477315333e+01 6.034700564829841340e+01 7.061713248854293568e+01 5.610805371420375565e+01 7.104142687593741812e+01 9.146986248282559018e+01 1.019993818449893439e+02 9.802143084125923167e+01 1.062519116905248211e+02 1.061634092397780620e+02 1.111669934768569306e+02 1.029024808644406761e+02 1.076590842292648915e+02 1.103132082286253137e+02 1.020108607328195376e+02 1.103132206318129249e+02
3.362756786357847716e+01 5.436634083542012519e+01 6.812130372029338332e+01 7.542582037067938927e+01 8.379319347085002789e+01 9.396990580169861573e+01 9.168604858157073068e+01 8.943881217893371627e+01 7.585219080790720625e+01 5.573213294937535522e+01 6.208548313328842738e+01 5.795630773600856855e+01 7.836747586308628399e+01 9.080458540026791070e+01 7.132992569022405860e+01 5.659016756517208790e+01 5.896446457495958526e+01 5.441914129485477503e+01 3.499739915313578820e+01 5.577784614936276597e+01 7.199992175017624163e+01 7.835338748755678751e+01 8.115334178824828371e+01 8.538689957946988329e+01 6.885172444660177860e+01 6.443211840312011418e+01 7.375539353831545952e+01 8.799305334956696356e+01 1.077994498743833844e+02 1.002564399016979735e+02 8.605989785238344325e+01 1.002564399016948329e+02 1.042095270251751344e+02 1.011174602059224981e+02 9.280180127068169327e+01 8.186824600120267803e+01 1.002563831949177029e+02
3.543081631615699933e+01 5.615560061644386280e+01 4.743594500306512174e+01 5.476552922866466133e+01 6.518590109956117828e+01 7.975933972610721412e+01 9.992505700032145910e+01 9.016881773301328451e+01 6.992204898044758465e+01 6.306978817850732355e+01 8.226509737713828940e+01 6.698374314748211589e+01 8.670346375920495063e+01 9.516714287563712560e+01 7.989780195457717582e+01 5.839458411503245117e+01 4.333684361827829434e+01 3.926375095158598327e+01 3.544439418403769793e+01 5.367813635492556301e+01 6.195176973312012336e+01 6.245682687635308383e+01 8.450099067889802029e+01 9.901668725799841297e+01 9.047387449204494203e+01 7.228538408389496794e+01 9.194301638000997912e+01 1.019993818449893439e+02 1.009329315795145874e+02 9.117107027769984029e+01 7.152598154021180221e+01 9.117107027769857552e+01 8.404665313644318303e+01 8.943487292535769484e+01 7.250108249301175078e+01 7.162538943812205616e+01 9.193955318374445085e+01
5.615560061644386280e+01 3.816905481373251519e+01 5.887052962620391128e+01 7.051355169626374675e+01 8.379313754343181131e+01 8.564782445917954590e+01 9.395513674125258774e+01 9.827217989890154115e+01 9.016881863340827863e+01 7.215724426272124958e+01 9.163031408625501228e+01 7.945185028653622794e+01 9.641740877640359031e+01 8.694217943721596953e+01 6.572194884311515750e+01 5.458622480692034173e+01 6.465654004682771472e+01 5.956625646501159110e+01 5.632660356005660418e+01 3.607821791132364808e+01 3.805452084206328323e+01 6.238408847923059852e+01 8.038224722302290104e+01 8.926179618880571809e+01 1.000606300643213586e+02 8.999124903063984959e+01 8.836351087299840401e+01 1.078699894183601771e+02 9.261027326954504701e+01 7.210977825316577139e+01 6.198498721787916566e+01 8.281503991359677741e+01 6.922640271451405170e+01 7.302966145811512888e+01 5.978337209884663395e+01 8.108117581965102261e+01 9.616946206642231232e+01
6.349552367572223233e+01 4.281192195188043570e+01 4.136447705640905781e+01 6.205819952330742950e+01 7.266718379261146765e+01 6.512362946189891488e+01 7.973688808218460622e+01 9.991808722684547206e+01 1.005012685387174258e+02 8.641278514212761763e+01 1.005012685387174258e+02 1.012071703836844279e+02 1.091954761511012748e+02 9.516837911563160901e+01 8.475612532705383728e+01 7.633193727485466695e+01 7.394047510736642437e+01 6.947259249146196680e+01 6.472987117853190853e+01 5.632061413948779460e+01 3.671110016118668540e+01 5.789509695250171006e+01 5.870666498058529470e+01 7.685510768021831041e+01 8.677916095615896097e+01 1.025864165734314639e+02 1.078699894184003085e+02 9.635738867976023414e+01 8.785104928916342715e+01 7.587168903858778890e+01 5.487811726551494473e+01 6.795691083484513229e+01 6.866110779433940081e+01 4.942335509434963114e+01 7.302849902214738620e+01 8.937616212069106325e+01 9.058897622131544836e+01
4.989043901084129828e+01 6.349552367572223233e+01 6.205820359228312810e+01 4.460995661614037289e+01 5.190876693017948895e+01 7.266717241685837791e+01 8.280606351436729540e+01 9.125785529779184913e+01 1.008963335296674728e+02 1.062706417970304216e+02 1.113745665677565313e+02 1.037682983196161217e+02 9.702182133570985911e+01 8.984837096805617307e+01 8.576840393751322722e+01 7.394049087024922073e+01 5.311150585740662677e+01 4.853966116131034170e+01 5.961090506074633311e+01 3.922461596951391982e+01 3.715706713712153686e+01 5.270034496776258948e+01 4.637641680840753367e+01 5.467543420516057751e+01 6.901557970571310818e+01 9.456426646699335947e+01 9.565654166070284248e+01 8.785104940950652974e+01 6.723829470380945850e+01 7.310822082047009474e+01 6.537757548440134769e+01 4.710267585780680832e+01 4.778321972223931624e+01 4.846551637558549430e+01 6.930578677693047496e+01 7.883627925468839237e+01 8.552588116356461967e+01
7.059824153197725138e+01 7.346614770668102778e+01 5.271778968353258676e+01 6.532797129584365337e+01 4.842175365988246938e+01 5.469594642590053013e+01 6.146201214817526193e+01 7.051324818008862394e+01 8.477707817146280433e+01 1.090860798463347976e+02 1.012941839917940001e+02 8.725942461559506569e+01 7.876260335056016970e+01 7.206338099762790250e+01 6.597733353918371790e+01 6.043369134725909220e+01 7.394049062714717024e+01 6.352477227868544674e+01 4.248042504962878496e+01 5.425307332691912876e+01 5.733195092332164933e+01 3.779425475335331441e+01 5.884269580448123804e+01 7.651713139935591812e+01 8.677916095615896097e+01 8.535147569160712067e+01 7.735925396639643736e+01 7.816193027567057072e+01 7.316666732765730785e+01 5.283765040919350042e+01 4.614027583672318400e+01 6.697097847761480693e+01 6.866106676974646916e+01 6.936850862174360088e+01 4.941742963783167397e+01 7.038385327816834547e+01 7.989189123681147464e+01
8.267995718208135258e+01 6.207725578751485074e+01 7.346614770668102778e+01 7.764141688443569933e+01 6.921197235016028060e+01 5.282080811703187351e+01 7.365351992108224977e+01 9.125785529779184913e+01 1.008963335296674728e+02 1.177217181210771741e+02 1.113972502958428379e+02 1.038190474795252243e+02 9.702182133570985911e+01 9.110975717391059447e+01 8.576840393751322722e+01 8.077567565431058938e+01 6.884307561622301819e+01 4.756988364960235316e+01 6.352477167038247785e+01 6.455627210831818275e+01 4.432572448902150342e+01 3.824650675278319056e+01 5.879257937423607672e+01 6.179827958306510283e+01 7.098119878894635804e+01 6.287193181204584391e+01 7.601572913547012433e+01 5.769303215819823549e+01 6.474805873190763350e+01 4.516862340614797944e+01 5.988919074719127877e+01 7.547866127547847270e+01 8.245699864092961207e+01 6.155137681555776652e+01 7.034281782476520561e+01 5.036580971363147796e+01 7.140881352093802548e+01
8.989237714932059475e+01 6.949258774451929810e+01 8.989237714874252561e+01 8.246723173920979377e+01 6.179724877608425260e+01 5.657006336151537340e+01 7.739352382727784629e+01 9.123328553103209515e+01 1.002766510507253770e+02 1.118169384614571271e+02 1.166971892868733676e+02 1.052872628956453411e+02 9.713800755206784743e+01 9.071918978554936075e+01 8.553870616717284747e+01 7.455400803614851668e+01 5.318565551080980214e+01 6.884307561614758697e+01 7.736184082277064533e+01 7.426692212383088076e+01 6.414358502186362898e+01 5.761809582890884229e+01 3.889052303537032174e+01 3.929741682909281764e+01 6.080482795153392317e+01 4.927004251886064168e+01 6.771716835430416381e+01 4.658326598591379764e+01 4.419095955042555346e+01 6.501312224312871990e+01 7.450141797288252121e+01 8.910710646590855788e+01 8.245702559545263455e+01 7.647770607241371010e+01 7.861360021985341007e+01 6.114589433190487711e+01 5.131684721711267372e+01
9.817025402222051866e+01 7.982860757073881075e+01 9.263650003363345320e+01 7.229796834188665855e+01 8.246723173921937189e+01 7.739352382727834367e+01 6.223871946610388051e+01 7.167901826649278973e+01 8.354912282013292213e+01 1.035824207764581786e+02 1.085980262597663000e+02 8.874869160233176046e+01 7.683992352430622930e+01 6.999725531204258289e+01 6.447253750382355975e+01 5.955145715004788798e+01 7.455400803614851668e+01 7.455400803593451542e+01 8.363172194202380183e+01 6.457228623181757143e+01 6.314216380328867473e+01 6.295518943319817851e+01 5.933040537565471340e+01 3.963313070903356561e+01 4.015119494304303061e+01 4.085289119614949271e+01 6.174717166362478338e+01 6.337082806100711707e+01 4.349479078466934823e+01 6.432617333435595697e+01 7.761781153089096108e+01 8.958819689510021078e+01 1.027869432136292147e+02 9.688515620982278165e+01 8.948876928948371301e+01 7.919194163289307653e+01 7.244019736961421074e+01
1.082019957010567595e+02 9.411973504629295917e+01 1.009019896072059481e+02 8.153200077293503512e+01 9.462325756771325302e+01 7.435457936933509870e+01 8.292113075376164488e+01 7.024320200417604099e+01 8.214828688979687854e+01 1.022033643517936099e+02 1.111395041102171035e+02 9.133839778416444233e+01 9.071918978554883495e+01 8.485448298114967258e+01 7.960165976392059406e+01 8.082816678127511523e+01 8.917325378591557694e+01 9.515906601925411223e+01 7.711652263468397450e+01 6.534974620213334617e+01 4.444075385949822277e+01 5.271760820079593657e+01 4.043868268242452046e+01 6.022833210267633319e+01 6.107261918275097656e+01 4.400684085000016665e+01 4.183713621282126383e+01 4.252436658874648145e+01 5.061976029458656257e+01 4.820746899805721597e+01 6.026689829060708803e+01 8.118594767901234377e+01 9.217851400198927081e+01 1.039024594798131318e+02 9.422984453368427182e+01 7.449286470392220849e+01 6.243074764401393395e+01
1.097956447239018587e+02 1.140465768408506619e+02 1.098603605161396075e+02 9.320207483736929532e+01 1.028778702899505078e+02 8.616975710615628259e+01 9.699735116187557082e+01 7.684481597607313574e+01 9.699735116187572714e+01 1.104388381495443667e+02 1.192361280214403791e+02 1.111395041102173451e+02 1.106258342085606614e+02 1.048778444920729385e+02 9.987200411434285741e+01 9.818020714467053267e+01 8.983631595946613402e+01 8.040388079584091940e+01 6.856510242498406171e+01 4.758419290242910193e+01 6.250603811784052510e+01 4.131051055651717263e+01 5.978730347025241088e+01 5.517312355117849165e+01 7.388329340283279123e+01 5.797248338139966961e+01 6.270307341666373446e+01 4.983690242206608900e+01 6.835279243838002117e+01 6.910832888342540059e+01 5.336899502263633366e+01 6.292112083849124105e+01 7.518477528849108182e+01 9.558840560642329365e+01 1.024073466065640901e+02 8.710255534839456004e+01 6.708451082601402504e+01
1.181342961561239946e+02 1.215570423135046383e+02 1.213529592313167740e+02 1.131196793067999238e+02 1.144047633002016653e+02 1.061709539491036765e+02 1.052382291438052420e+02 8.596399168762006582e+01 1.052382291701664485e+02 1.221853229398090406e+02 1.139961217189313629e+02 1.139952736194189526e+02 1.089557802161638875e+02 1.044315299859090231e+02 1.008067385445479687e+02 8.627594653214298148e+01 6.902067889544937884e+01 7.187902048717997161e+01 5.076896184987982963e+01 6.856510242498281116e+01 6.284296661364783887e+01 4.196818634636557022e+01 6.276917297675075247e+01 7.393362292158285243e+01 8.261245630416668462e+01 7.309535158804818877e+01 7.762148300792328826e+01 5.928991138714184927e+01 7.776445151492437446e+01 8.292651392215375949e+01 6.568538939879273642e+01 5.993205854774346619e+01 7.497107595286878734e+01 9.540209059005748315e+01 1.084749027553813647e+02 9.525873063149695952e+01 8.136559564626730889e+01
1.051417958869778317e+02 1.014525394568750016e+02 1.215570505249099966e+02 1.194100482264045695e+02 1.113019262206048694e+02 1.194100586667475170e+02 1.141520878624217943e+02 1.001081937203014576e+02 1.141520878640554599e+02 1.139961478892453215e+02 9.383621485495886816e+01 9.383621094665187456e+01 8.872255158532038877e+01 8.411370334484533373e+01 8.574629623664331746e+01 7.174528469007761089e+01 5.657099274160737679e+01 5.410171072479691645e+01 7.187898559734402681e+01 8.040288506115342670e+01 6.349037746608953370e+01 4.263255488636202983e+01 6.349031816776425785e+01 7.347244701857378857e+01 9.381517774126380971e+01 9.284526545021120114e+01 8.785715591323078399e+01 7.941225442934081968e+01 8.789609777559867609e+01 9.482113036162999720e+01 8.646362473068870713e+01 7.229212031468902921e+01 6.784223560516875295e+01 7.994930045678280806e+01 1.001742511931299617e+02 1.091518724571763670e+02 9.964576265755481188e+01
8.512839242240445969e+01 9.925621436795307773e+01 1.193508463504714001e+02 1.096215368421158587e+02 9.172396541114152058e+01 1.096215368421160292e+02 1.186809322660501920e+02 1.199629817036837665e+02 1.255081564156182594e+02 1.055685582824113595e+02 9.119943008897037373e+01 7.937259769429671508e+01 7.414809355768180410e+01 6.935452636365708656e+01 6.479011917163197154e+01 6.039176090691442766e+01 7.781840356990939256e+01 6.921752132201382324e+01 8.380474773428029778e+01 7.885571239992977155e+01 5.804203902614058563e+01 4.329942598065074577e+01 5.257052329442928595e+01 6.745867004304147940e+01 8.811019727449905758e+01 1.031501115066260610e+02 9.485275934162615386e+01 9.397611021317699453e+01 1.022607588598425679e+02 1.138279022068297053e+02 1.011096253560454841e+02 9.278914337508598464e+01 7.994930045678280806e+01 7.837211049719763878e+01 9.275021465892838535e+01 1.127998961184091371e+02 1.061556026436136762e+02
