MOVIE_S1_data/elevation_000621.asc
nrows	100
cellsize	150.0
xllcorner	0
ncols	100
yllcorner	0
NODATA_value	-9999
[rows 0 to 16 of 100, columns 0 to 36 of 100]
0.000000000000000000e+00 4.082482904638648158e+00 8.252771185780179763e+00 1.261712899050006520e+01 1.720544366791138202e+01 2.205615616863930839e+01 3.619831283323544824e+01 5.619959925586736205e+01 7.299283140307566953e+01 8.129391527490039948e+01 8.496934023472981323e+01 7.901827919672390976e+01 8.496934023472981323e+01 8.575273810696047860e+01 7.732255752435469276e+01 8.028684264131490522e+01 8.872437846901905800e+01 9.304193977696471052e+01 8.697707604604875087e+01 8.697707604604875087e+01 9.553397732859758662e+01 9.603143213450135818e+01 8.770218217114636161e+01 8.690628723376029541e+01 8.102787280860603403e+01 8.053907254413674366e+01 8.053907254412136751e+01 8.885934275018358619e+01 9.489004914364946330e+01 8.660469222085446006e+01 8.403001626444590499e+01 9.230508080715780750e+01 1.006229085210517695e+02 9.462103555465009208e+01 9.462103555465009208e+01 1.030671918528765048e+02 1.053431766523054307e+02
0.000000000000000000e+00 1.999999999999964473e+01 2.825285262069113301e+01 3.261727670329585038e+01 3.720519068216502490e+01 4.205653205104223957e+01 2.990080158674961197e+01 4.990162304866577614e+01 5.298737288273586898e+01 7.299283140307566953e+01 6.472473883532795469e+01 5.880416056331048225e+01 6.472473883532795469e+01 7.406171256336696729e+01 5.711569095531196893e+01 6.006986002989277296e+01 7.702622030218051918e+01 7.216436711470362297e+01 6.602874217985528560e+01 6.602874217985528560e+01 8.697707604604875087e+01 8.770218217114636161e+01 6.767925408352725469e+01 6.685466907826844363e+01 6.098393587088536805e+01 6.049373855588905968e+01 6.049373855588905968e+01 8.053907254410526662e+01 8.660469222085446006e+01 6.690223445396914315e+01 6.435900173016931092e+01 8.089614179880929612e+01 7.981193201825412586e+01 7.367780048689154171e+01 7.367780048689154171e+01 9.462103555465009208e+01 9.694763247996965561e+01
0.000000000000000000e+00 5.345224838248510579e+00 1.089222680050085046e+01 1.796329461236645031e+01 2.552258407255112971e+01 4.552258407262105777e+01 4.990162304845841135e+01 3.884507412964541828e+01 5.298743775669243661e+01 7.299883832978787268e+01 6.472473883532795469e+01 4.450425573637846099e+01 6.472473883532795469e+01 6.500993937958287461e+01 4.543749243937543980e+01 4.840094604634965236e+01 6.797411377263969712e+01 7.216436711470360876e+01 5.095985616918453331e+01 6.936635891967226542e+01 7.800082638873423946e+01 8.770218217114636161e+01 6.767925408352725469e+01 5.347633935244455472e+01 4.668049589125615739e+01 4.618311265557957768e+01 6.636488094977188723e+01 7.916514711911538882e+01 7.643699826087426175e+01 6.884967063507050966e+01 5.291883479497179366e+01 7.267281195313071862e+01 7.981193201825412586e+01 5.863967365023917466e+01 7.981193201825412586e+01 9.135486065603730310e+01 9.543681567949005284e+01
0.000000000000000000e+00 1.999999999999964473e+01 3.089222680051342351e+01 2.722215841905566336e+01 4.552258407262105777e+01 3.966471969628258165e+01 5.966471969660577201e+01 5.298737288273586898e+01 6.714064407881821239e+01 7.227758927761277619e+01 5.206309300621054348e+01 3.773791915481010761e+01 5.004327182069012281e+01 5.661407358523116784e+01 3.636180925692129051e+01 3.933287543879112036e+01 5.957475829074093809e+01 6.545891198892249463e+01 4.419299136067575517e+01 4.815111418535122567e+01 6.581473241075795499e+01 7.800082638839300841e+01 8.185534310901439881e+01 7.354383394118023887e+01 5.922954834124310963e+01 3.889769650262087453e+01 5.072176138289962211e+01 7.085140145623461194e+01 6.633475727161933833e+01 5.011335919869539879e+01 4.650371951604947185e+01 6.798518123042148886e+01 7.342825592996608464e+01 5.229832916387502451e+01 7.041690701206819369e+01 7.041690694535324724e+01 8.699250364519704704e+01
0.000000000000000000e+00 1.414213562373107536e+01 3.414213562373178235e+01 4.722215841912376533e+01 5.550642969351505229e+01 5.966471969664572583e+01 6.794899112731714297e+01 7.299283140306877726e+01 7.273002006266108310e+01 6.428026896495151732e+01 6.637950950721860011e+01 5.004327182069012281e+01 2.978596592589916625e+01 4.288129699988250820e+01 2.919595011982611155e+01 4.352697727064953170e+01 6.376247339489177079e+01 7.411306883348575525e+01 5.711773166138821267e+01 3.582296544206070621e+01 4.815111418535122567e+01 6.936635891967223699e+01 8.432354688952393929e+01 6.958112202499505372e+01 4.940815695946912456e+01 3.487952281450314018e+01 5.531668163052233922e+01 7.073923479557524274e+01 5.877127451183262963e+01 3.849274384898371437e+01 5.814676434486322165e+01 7.436117596271186869e+01 6.756786866827843596e+01 4.651550550623508684e+01 4.934435799124232602e+01 6.853690604460797431e+01 7.903366195647507197e+01
0.000000000000000000e+00 1.999999999999964473e+01 3.180372958345196466e+01 3.887479739531791267e+01 4.715906864278011312e+01 5.870607402657282847e+01 6.225038077885634635e+01 7.037806833109340232e+01 6.428026896495151732e+01 4.401375869445556788e+01 4.994968212169703037e+01 4.354174166738520313e+01 3.836239558351923762e+01 2.267230882211566723e+01 3.695145104879937037e+01 5.719721151771428680e+01 6.671229248169503023e+01 5.802628676838230604e+01 5.257767224878767109e+01 3.133378535723611691e+01 4.636497625497516850e+01 6.757644717600095419e+01 7.599418077406345162e+01 5.574066468851444967e+01 5.164605954880227046e+01 3.116645906607355343e+01 4.668334782795515281e+01 5.503785424632869905e+01 4.220165256442683699e+01 3.395729251443732011e+01 5.423685720723820225e+01 6.940467947961620609e+01 6.076650856334607909e+01 5.407939040288177779e+01 3.896395654522783047e+01 4.934435799124232602e+01 7.041690708845852953e+01
0.000000000000000000e+00 5.773502691896282180e+00 1.180372958345160761e+01 1.887479739531720924e+01 3.042180277910992814e+01 5.042180277911063513e+01 4.329501086538418519e+01 5.932145642018309672e+01 6.428026896495157416e+01 4.401375869445556788e+01 2.969512792043735772e+01 2.336460005139901241e+01 1.828881745324214592e+01 3.836095094403683703e+01 5.123666842321713233e+01 6.536336233306190024e+01 5.802628676814725850e+01 3.683713392022448829e+01 4.304329311767663313e+01 2.727742464913308140e+01 4.219607398473884530e+01 6.341653549698980896e+01 7.119430266400658525e+01 5.086666012792547065e+01 3.779652760010687729e+01 2.853275052106696208e+01 2.654761180192325298e+01 4.252873219843307595e+01 2.795166893485365023e+01 4.812233844157036344e+01 5.302873395094460562e+01 5.650577291186831275e+01 3.988992753502284216e+01 3.332439994866816591e+01 5.407939040288177779e+01 6.853690787521213679e+01 7.903366195647507197e+01
0.000000000000000000e+00 1.999999999999964473e+01 3.180372958345125056e+01 3.887479739531791267e+01 4.715906864278011312e+01 5.086348241656279612e+01 3.257499417824971033e+01 5.086348241656279612e+01 6.230292226644758813e+01 5.823552452195367124e+01 4.994968212169703037e+01 3.530243676913936923e+01 1.527970520059021275e+01 2.520907004627318670e+01 3.684011592316338124e+01 5.705651865239861564e+01 5.802628688771679322e+01 3.683713392023854283e+01 2.199744076015079131e+01 4.304329311767663313e+01 4.841008283719384053e+01 6.955463389409845831e+01 7.952927174047179903e+01 6.782121215655584479e+01 5.924899950729184184e+01 5.212139829859778928e+01 4.251312727079012888e+01 2.260838367505552782e+01 4.099296136975135596e+01 4.186269627274816685e+01 2.726825692593569883e+01 4.758712427232603659e+01 2.819432104550294227e+01 4.871340888688465043e+01 6.241277884204552606e+01 5.893175638185120846e+01 6.688782127735062488e+01
0.000000000000000000e+00 1.999999999501036996e+01 3.799366015011904807e+01 5.072927598667541105e+01 4.194883658782541147e+01 3.406240966526647185e+01 2.411954744727067990e+01 4.292951198362092669e+01 4.304705611693897538e+01 4.969608005897147507e+01 4.861659731478847846e+01 2.724630178906495814e+01 1.233601466709784233e+01 2.914436498224419125e+01 3.756004744431641029e+01 5.152194130670014260e+01 5.825370671243526033e+01 3.576519232790944613e+01 1.853056625928195800e+01 3.077465726082528619e+01 4.572895562665816982e+01 6.688690835687806668e+01 7.413819128784122370e+01 6.837468023871407752e+01 5.780163536902139043e+01 4.689008868625789006e+01 3.827101201538252440e+01 2.042783123127709644e+01 2.121203369469749589e+01 2.198899089709365740e+01 2.275842723202777762e+01 4.263260703171100374e+01 2.494230721059082612e+01 4.509617728775209855e+01 4.705369814233112891e+01 3.937808853067082282e+01 5.597066478029096004e+01
0.000000000000000000e+00 1.104890689849543151e+01 2.313678512483841487e+01 3.639258705776558855e+01 2.752041587019173008e+01 1.496233778980856499e+01 3.405636023807729629e+01 3.290059995790702629e+01 2.907172641322492979e+01 2.935623017398780732e+01 4.185275760531675360e+01 3.128112241774704927e+01 2.689723544654262000e+01 7.955278324853653160e+00 2.295908341172335199e+01 4.178662966512117549e+01 4.475661207812525078e+01 3.657379108905584530e+01 1.542756694272745044e+01 3.038006747911648375e+01 5.152856960358844418e+01 6.026368097433032034e+01 5.425173933641706014e+01 4.840182870148541383e+01 4.978413352948903992e+01 3.056123578122331708e+01 1.937177330056345781e+01 3.916828756389765687e+01 3.514256563864158522e+01 3.912138166691060093e+01 3.161636716223672039e+01 2.384343210600606255e+01 4.197703527592597794e+01 2.609121780100012344e+01 2.691491437090092020e+01 2.775074716073300962e+01 4.792873673785744160e+01
0.000000000000000000e+00 5.398704623360708332e-01 2.096742671173695527e+01 2.164101860451427584e+01 7.209456324704247798e+00 2.074972512042831241e+01 2.374890939335402962e+01 1.276518999096520623e+01 2.423407434447930342e+01 1.536038518682771858e+01 2.553922056723544287e+01 6.256680038308423342e+00 6.813112888599477834e+00 7.382698145681395374e+00 2.745353314240626830e+01 2.355867559884121576e+01 3.877327461458494184e+01 3.163304854663988053e+01 1.308157209236048324e+01 3.355690476088455654e+01 4.183972940161259402e+01 4.183972924627492773e+01 5.425157911184816584e+01 3.476701280331339206e+01 4.300241264535195995e+01 3.735041613812432360e+01 1.862031529425672716e+01 3.841296819854795075e+01 5.531406038695396887e+01 5.658047204002062358e+01 3.949423623398087813e+01 4.384551525712512188e+01 3.439073710330762879e+01 4.028478233414401899e+01 4.704620706564124077e+01 4.434849722340369027e+01 2.895779436104162130e+01
0.000000000000000000e+00 4.234778025806385848e+00 1.300827306295099683e+00 1.834856592202189329e+00 2.361390394152952599e+00 2.880922286823418332e+00 3.392916119736963498e+00 3.901985537806576865e+00 4.415457049132545109e+00 4.938730030556734540e+00 5.474363464290315839e+00 9.174359265001120534e+00 2.620729947818839278e+01 2.723699245138267244e+01 8.179589694234714159e+00 2.729427028419900836e+01 2.962033975549621090e+01 1.040139089674112505e+01 1.100132793031178302e+01 3.112055401043974712e+01 2.456609847574563332e+01 4.086866698781688001e+01 4.662665385335466794e+01 4.241941883154127879e+01 2.420359802527160298e+01 1.755736704996450115e+01 3.687435832727589968e+01 3.101942625101287021e+01 4.257086913939416206e+01 6.257659475507686153e+01 5.389814549225697249e+01 6.216259977725780317e+01 4.337031236551894153e+01 6.009964151454519765e+01 5.551076637558755777e+01 3.534642503945254788e+01 4.917755620368576075e+01
0.000000000000000000e+00 1.996101539428980587e+01 2.110326498186475064e+01 2.074368170281548984e+01 1.330779889232097801e+01 8.806069081475927263e+00 1.051960729493980828e+01 2.363036985817435465e+01 2.442981440331476861e+01 2.499359742072796919e+01 2.547914602721787602e+01 9.405098947417295463e+00 2.867796515603048846e+01 3.344826082453560900e+01 2.317659770200591041e+01 8.982175234209133663e+00 9.562085261805696845e+00 2.456968347200703917e+01 2.935417791835110179e+01 1.187379900922377374e+01 2.591014369928857874e+01 3.315360577308664602e+01 1.424170849377525094e+01 3.220967172420179736e+01 3.555649237382549899e+01 1.680749432028766321e+01 2.811081542875460215e+01 4.783284527353663407e+01 5.927303751975924939e+01 7.079582974081557722e+01 7.433462356335195409e+01 6.289932231200678814e+01 5.728136991513181187e+01 6.260219975129754744e+01 4.257435495861727759e+01 5.552128731856939936e+01 6.379350264683866811e+01
0.000000000000000000e+00 1.414561988565503725e+01 3.419803829181358878e+01 3.865154505691730691e+01 3.176320437596688961e+01 1.519314796325751615e+01 2.853753840640975881e+01 2.106473507767395859e+01 3.758134791129690910e+01 3.472236678748914329e+01 1.433168925169608343e+01 2.870831638431852539e+01 2.870236086149328614e+01 3.545411870650706732e+01 1.533299406076218396e+01 2.956167738160616310e+01 1.684997554960615673e+01 2.933234907155621229e+01 3.397389313987404336e+01 1.726097762310223871e+01 1.274581921063603573e+01 1.335947294722039835e+01 2.224477059498096310e+01 1.512374665045950017e+01 1.574758427712573550e+01 2.375854867086900057e+01 4.266174974467691783e+01 5.616372820003613953e+01 6.038336810976234403e+01 6.864584547542128234e+01 8.214814412846384073e+01 8.205432459194608441e+01 7.646225918130942034e+01 6.791966531321232026e+01 4.802353101455815931e+01 6.791966531321232026e+01 7.538656096173963306e+01
0.000000000000000000e+00 1.999999999999964473e+01 3.583938938022714638e+01 4.584030187801518963e+01 4.097961214674636921e+01 2.190420215281559280e+01 4.092815698483251907e+01 3.269215729187639141e+01 3.624242524731297976e+01 3.924817561073939487e+01 1.861437324140033311e+01 3.925414232863645481e+01 4.900694040461755918e+01 4.067436272111106632e+01 2.005347068517299647e+01 4.067436272111106632e+01 3.915093470676005438e+01 2.814025534954391006e+01 4.418283957784262839e+01 4.156263007608666271e+01 3.370215081904031962e+01 1.589401588083437034e+01 3.106659807137137719e+01 3.474098504558581624e+01 3.364618207842955400e+01 1.733780299774858946e+01 3.698397347924601775e+01 4.622931817324197823e+01 4.036652413080604163e+01 6.038336810976234403e+01 6.203595041836575064e+01 7.626818708067453656e+01 8.782441298065052138e+01 6.791966531321232026e+01 5.472342413703737662e+01 7.451778590130017221e+01 8.340206139292686771e+01
0.000000000000000000e+00 7.559289479018214131e+00 1.755929843929319745e+01 3.756803738732803311e+01 4.901408966355439389e+01 3.540200345579570751e+01 3.931696823841451760e+01 5.048844556903671332e+01 4.517689452349044643e+01 3.287098100738938200e+01 2.444948129193593189e+01 3.552596287527258312e+01 5.584263856563401163e+01 4.605506171531931159e+01 2.521570411979588400e+01 4.605506171531931159e+01 5.562961094457335065e+01 3.897735767623730396e+01 5.379653726781624101e+01 4.065186525143533203e+01 2.011859644694899174e+01 3.582163486968311616e+01 2.704784118698630735e+01 4.585626492491132922e+01 4.477597211600696880e+01 2.863646500337455691e+01 1.892728564909674560e+01 2.625097319569971077e+01 4.622932199428921507e+01 5.365977746164720230e+01 4.775023477154432783e+01 6.488788685406490231e+01 7.322359947442302541e+01 8.281601936338324776e+01 6.869357089865246735e+01 6.869357089865246735e+01 8.857868475086900162e+01
0.000000000000000000e+00 1.999999999999964473e+01 3.585767766170030768e+01 4.588790176566598689e+01 5.518680002868416778e+01 5.444520077894327414e+01 5.978668586339765767e+01 6.578330964695898331e+01 5.807834604398330214e+01 4.396185161591695589e+01 3.093702610651405038e+01 5.121880066205462612e+01 6.419702957851413316e+01 5.215710693283551791e+01 3.101900223919390243e+01 5.215710693283551791e+01 6.690550810911253166e+01 5.890526391003726303e+01 4.583083871337865389e+01 2.546524033194254599e+01 4.065186519014988420e+01 4.049804906589918829e+01 3.828737761362260983e+01 5.383392096621607692e+01 4.829527654498591716e+01 4.694463864054801405e+01 3.872687163810898880e+01 2.051869428803972539e+01 4.035146515884852647e+01 3.346616969236274741e+01 5.322547793618533518e+01 4.468803066448655414e+01 5.899947149919031375e+01 7.910377906462881015e+01 8.857868475086900162e+01 8.857868475086900162e+01 9.693846783300213588e+01
