MOVIE_S1_data/elevation_000559.asc
nrows	100
cellsize	150.0
xllcorner	0
ncols	100
yllcorner	0
NODATA_value	-9999
[rows 0 to 16 of 100, columns 37 to 73 of 100]
9.262818019916183232e+01 1.008577551180167973e+02 1.024549748482071010e+02 9.423092124122584323e+01 9.680575405611136830e+01 1.050306474764905147e+02 1.056996924750281153e+02 9.982200449032374934e+01 9.580812076397577925e+01 9.580813995320902166e+01 1.041255303722688552e+02 1.130802415944529002e+02 1.045046979695930816e+02 1.044141098519962298e+02 1.031734086910320798e+02 9.465824038126210382e+01 9.352935605822447940e+01 9.942735143275849907e+01 1.025657543283306978e+02 1.108694585763222591e+02 1.165727827301843149e+02 1.082755846678721099e+02 1.031747440444390236e+02 1.080822986163019976e+02 1.134749660638223077e+02 1.195405665709790668e+02 1.266318269995439323e+02 1.348855923232986243e+02 1.464035173700325743e+02 1.411876854891953599e+02 1.329452004894186814e+02 1.411876854891953599e+02 1.494427684238009988e+02 1.447781984972668283e+02 1.365330249111730154e+02 1.447781984972668283e+02 1.496850812609790466e+02
7.279417717459858750e+01 9.093578198394263268e+01 9.100143446961696725e+01 7.439964517229759622e+01 7.697222146274314980e+01 9.680575405611136830e+01 8.555232599689928463e+01 7.964163163421926583e+01 7.560812289081196980e+01 7.560812305895807128e+01 9.580813995320902166e+01 1.045046979695930816e+02 8.398301212266908067e+01 8.397798112032189977e+01 9.424707782755558583e+01 7.361045086501495405e+01 7.329497545726519547e+01 7.922148821833559396e+01 8.235975214385209142e+01 1.025657543283366380e+02 1.049266461641832677e+02 8.804569075211253448e+01 8.289723066601577273e+01 8.784793275302804716e+01 9.329745207439235344e+01 9.942324556055052653e+01 1.065747136547519744e+02 1.181904781099122204e+02 1.381629240249884560e+02 1.312390209327369064e+02 1.130486128027070407e+02 1.295464590249835339e+02 1.295464590249835339e+02 1.348281334855538773e+02 1.166351647251502897e+02 1.348281334855538773e+02 1.297931487010488638e+02
6.279571649619516904e+01 8.083577202703327202e+01 7.429047438398403358e+01 6.286851029871060348e+01 7.697222146274314980e+01 9.680575405611136830e+01 8.555232599689928463e+01 6.532783692407863896e+01 6.128948553136574873e+01 7.387641451701156825e+01 9.407409925436161302e+01 9.880414241278056409e+01 8.998847052400559221e+01 6.961682789788223147e+01 8.112311071262111284e+01 7.610497082582013206e+01 5.896199062100820498e+01 6.802708173844311546e+01 8.509742562145322609e+01 8.767848351659495165e+01 9.085169325105880489e+01 7.628718912932355067e+01 9.659584996994819051e+01 1.080822986163019976e+02 1.134749660638223077e+02 1.195405665709790668e+02 1.266318269995439323e+02 1.348855923232986243e+02 1.352064127078514559e+02 1.229969066460629392e+02 1.030524363355327040e+02 1.096232254142855709e+02 1.282964532349393778e+02 1.265840948181616454e+02 1.066901508441915212e+02 1.265840948181616454e+02 1.297931487010488638e+02
5.561384894480953278e+01 6.084564309267376814e+01 5.420836694251825350e+01 7.427987801566729331e+01 8.651032243461796156e+01 7.834866407808300437e+01 8.652893816806457039e+01 7.387590031477056129e+01 5.359588236495294922e+01 6.795448897580310188e+01 8.817320747413492654e+01 7.861235053628357150e+01 7.861235053628379887e+01 6.244638714474944408e+01 7.314953437258390068e+01 5.586448948363292999e+01 7.614125235572026895e+01 6.232530410226376461e+01 6.483676134035457039e+01 6.740206094503074041e+01 7.055448000237736039e+01 7.596985793413189469e+01 8.161795929054700593e+01 9.600042098361132048e+01 1.161551291484663295e+02 1.312898070300515201e+02 1.450631187730019178e+02 1.369059822982679293e+02 1.269642675711436368e+02 1.070358761778254717e+02 9.538434418680665772e+01 1.083612426715547912e+02 1.083553030316193713e+02 1.199345312619924471e+02 9.996956621222174988e+01 1.114296662468420607e+02 1.132992854606765860e+02
6.084564309267327076e+01 4.640516976596610021e+01 6.670061630075417725e+01 7.808523519204426577e+01 7.668449798303589660e+01 5.874667262100064136e+01 7.668449798353704239e+01 6.922377573756281777e+01 4.890563103749953910e+01 6.922377573756281777e+01 7.504847503649435225e+01 6.667976262146915190e+01 5.834651210977894920e+01 7.033006425578540188e+01 5.283941319199917785e+01 7.314953435944858029e+01 8.449375123020357137e+01 6.997345094602893312e+01 8.509742361667815658e+01 8.767848351659495165e+01 7.414754142615572619e+01 9.427363302459454530e+01 1.019035983322614527e+02 9.122784626043822698e+01 1.029333946888586553e+02 1.230232490850503524e+02 1.336841662198949905e+02 1.171904912105498937e+02 1.272744513498800245e+02 1.237031341045372699e+02 1.083612318225048909e+02 8.815995938965704681e+01 1.055131941330988496e+02 1.071126581580416968e+02 1.088931130018238918e+02 9.124203920549082625e+01 9.316287027434630375e+01
5.711713678755789658e+01 4.267928504894330644e+01 5.799397586480272082e+01 5.799397586480264977e+01 6.852832864456699724e+01 4.870374563658028677e+01 6.852832864127040580e+01 6.489196042987401825e+01 4.457186347793842174e+01 6.244322955644040718e+01 6.416344134437294144e+01 4.632935892729994265e+01 4.813357136012310633e+01 4.998977591331757253e+01 5.651888812607103318e+01 7.688913298584466816e+01 9.599862244154465429e+01 9.018465052886050159e+01 8.277347852404308526e+01 1.022857731106686145e+02 9.427363302459454530e+01 8.182611120649389136e+01 9.607067478997299759e+01 1.114243662414286860e+02 1.055455750031006659e+02 1.256175062640279663e+02 1.255232382115682270e+02 1.056896453035195833e+02 1.073969142641667389e+02 1.074009893313685922e+02 1.018315543934603937e+02 8.378530314966211279e+01 8.534318422069736698e+01 8.694630576691335477e+01 8.868315139443681971e+01 1.089158377463029268e+02 1.132992854606765860e+02
6.408581425553458644e+01 5.799397586401159543e+01 3.790155667316577848e+01 5.352683027487531575e+01 5.463848482176465637e+01 4.203034874552748335e+01 5.724927374193944729e+01 5.853448386331950815e+01 4.050522183172271440e+01 4.214077895787506378e+01 4.382541686148468330e+01 6.416344103521356601e+01 6.847943125651478624e+01 5.796057535129856575e+01 7.609836437889937599e+01 6.748510955162852554e+01 7.918698600257955889e+01 9.930076493757042044e+01 9.695784685407944892e+01 1.027339502390674966e+02 1.080662839140702403e+02 8.795061757397745339e+01 1.080662839140702403e+02 1.244451282374225229e+02 1.256175062640279663e+02 1.338830196565622543e+02 1.280790941106239700e+02 1.082701490444591883e+02 9.403124793266586323e+01 8.725297068700932357e+01 8.175390736914113177e+01 1.018326224992985516e+02 9.968450372505850510e+01 9.191199590353569704e+01 1.089157114884313415e+02 1.052504343270954053e+02 1.252249908513068988e+02
4.408362418023435936e+01 5.097690505046013243e+01 3.659834505314751851e+01 3.366132720901063635e+01 3.478375844660729399e+01 3.588552365328720839e+01 3.697893891904108443e+01 3.841623488535829267e+01 5.853448431965772869e+01 6.244322955715886536e+01 5.822557947334797035e+01 5.826981019967352182e+01 7.856950010591087619e+01 7.105886815764948494e+01 7.322525514448867057e+01 8.768806925503280070e+01 9.599862811573834165e+01 1.075969455214749502e+02 1.166786973687751043e+02 1.224137982855710902e+02 1.164323998963690059e+02 1.028615890058820384e+02 1.006683689422773966e+02 1.148636337387350608e+02 1.351190759780587882e+02 1.284850335711824982e+02 1.202784355866447044e+02 1.165025859646984685e+02 1.036617742322089555e+02 9.841534162597442048e+01 8.040517886686848215e+01 1.004019026009342497e+02 1.196860246485716885e+02 1.120695336551617487e+02 9.938072332775800533e+01 1.193676794003877575e+02 1.334643990539431400e+02
3.010275626770589597e+01 3.111252732942576316e+01 3.215376158686515851e+01 5.202725286310615616e+01 4.992968674772050974e+01 5.506070384578426768e+01 4.534022335011000138e+01 3.934580869202476094e+01 5.920880599678970668e+01 7.008408262212276441e+01 7.849859615252486833e+01 7.858676879554278116e+01 8.692592955426336232e+01 9.106261348136787603e+01 9.334786732008258525e+01 1.019430646889971257e+02 1.115782241871314682e+02 1.192920865117239373e+02 1.110845584552095318e+02 1.107276160909255651e+02 1.188428682416216731e+02 1.249499790128127756e+02 1.207963148134306977e+02 1.291858077888723528e+02 1.308436504519395385e+02 1.202784355866447044e+02 1.003093279493394618e+02 1.054941351628251169e+02 9.086632215733894213e+01 7.854628110601481694e+01 9.600937338145043043e+01 9.444177990597007977e+01 1.143413748817967672e+02 1.276039899392700079e+02 1.193676794419360760e+02 1.079578540819978372e+02 1.220232513085913553e+02
4.935023999397286332e+01 5.097690505424516516e+01 4.318701879753405848e+01 5.924018919080555179e+01 7.145666230333594626e+01 5.808941711884692438e+01 5.799084044935668203e+01 5.920880599678957168e+01 4.174234553046539276e+01 6.179537539553563619e+01 7.273130237528124553e+01 8.092266582710760758e+01 8.343139613388963483e+01 9.177103670180707695e+01 1.039638843668235211e+02 9.575952567539982851e+01 9.184708937133686391e+01 1.058320422858409557e+02 9.151831170021731054e+01 9.145770867181383323e+01 1.024161833952860832e+02 1.157051990689375174e+02 1.347744514483430578e+02 1.308436510530842440e+02 1.108412127437697450e+02 1.145117288016035815e+02 1.061581235367444265e+02 8.600945444149758146e+01 9.520580930864377933e+01 7.726252062768533335e+01 9.704131808189443120e+01 1.114553254684924752e+02 1.143413748817967814e+02 1.342452066321546340e+02 1.360844896468892102e+02 1.220232513085913553e+02 1.205381135981096747e+02
3.120389095678678260e+01 5.209165233800278116e+01 6.067995823752084306e+01 7.018474841323754276e+01 8.269221182977523199e+01 7.028047376519828049e+01 7.602565965344533083e+01 5.810514770436852672e+01 6.178207428750405228e+01 4.421636856012138850e+01 6.371518593085254878e+01 6.252790738844739593e+01 6.354790908162770791e+01 8.358030119192973473e+01 9.260425586543659904e+01 7.613859087235357492e+01 7.803977213063416229e+01 9.157773664299827487e+01 8.034798705856871948e+01 9.978798062418410098e+01 1.094601171732509215e+02 1.177009650556483251e+02 1.276333927978073746e+02 1.286530187873334228e+02 1.086542147000634913e+02 9.443747766420914047e+01 1.037692296748098642e+02 9.518253973490156739e+01 7.553707561531096815e+01 9.520560986526768943e+01 8.318195117259828919e+01 1.032350738488362936e+02 1.153168320526254575e+02 1.210854271982602057e+02 1.293250261879117602e+02 1.419153428957547192e+02 1.404306628856365080e+02
5.209165213436489239e+01 3.386028825613161075e+01 5.484154263665576678e+01 6.600448989623568252e+01 8.027478869506613535e+01 8.749374549083385944e+01 8.649708405587979598e+01 7.823432948643034024e+01 7.274117560444328490e+01 6.448337187035360785e+01 4.683576147406807877e+01 4.885163722965255317e+01 6.933081582223854866e+01 8.057647994355343712e+01 7.992454342378120202e+01 6.473087596327566473e+01 6.822804215606194589e+01 7.204119646184580006e+01 7.746617058659353461e+01 8.331634940412875778e+01 8.977285596385030431e+01 9.954024475730237498e+01 1.193799895891994112e+02 1.243136810066733773e+02 1.043110384720093577e+02 9.267729988471414515e+01 8.372262158876331739e+01 7.889935490181618150e+01 7.433225123764604803e+01 9.394411356624162579e+01 1.032350738488362936e+02 9.001860313192297269e+01 9.524733530945646010e+01 1.011024274371911389e+02 1.210854271982602057e+02 1.399624149397463668e+02 1.514451676622682612e+02
4.885878909757279587e+01 5.484154341966792146e+01 3.672415199034178102e+01 5.173419109740510891e+01 6.888675198033422475e+01 7.366830185124761954e+01 8.188982094045670124e+01 9.183035811467725296e+01 7.802124004229973764e+01 5.790785743535328578e+01 6.727510183525714638e+01 6.933081582223854866e+01 5.199907730495886682e+01 7.236300551237687273e+01 6.003963016367315930e+01 7.992454342378144361e+01 8.783298854450566751e+01 9.157773664299827487e+01 9.699369839715383534e+01 1.028976967701173209e+02 1.094601171732509215e+02 1.177009650556483251e+02 1.276333927978073746e+02 1.326312483011539598e+02 1.210695710528277829e+02 1.120911465691061011e+02 1.037815902990824100e+02 9.273248881790055975e+01 7.315367955451532112e+01 8.722251798646490784e+01 1.066232318020770009e+02 1.101349102757550327e+02 1.153168320526254575e+02 1.210854271982602057e+02 1.118185297032764538e+02 1.233182826495353623e+02 1.432132784975459572e+02
6.928519008407104707e+01 5.768018700224347128e+01 5.768018700224342865e+01 3.977731865358613561e+01 6.059528537268789705e+01 5.353400266415656716e+01 6.371427313656426605e+01 8.362233056633897377e+01 8.623625283207343273e+01 6.964290858435633425e+01 8.623625283207343273e+01 7.930536517125696605e+01 5.990790950543490823e+01 5.539326379401539668e+01 7.554404771047290978e+01 8.690536304547788404e+01 9.235296880451170409e+01 9.930435940430461983e+01 1.075303729709448533e+02 1.174354014531839283e+02 1.203115035992834407e+02 1.118007664146423963e+02 1.203115036009900365e+02 1.193213635098451846e+02 1.110695749612102077e+02 1.131704944875578178e+02 1.049142390595984864e+02 9.153189498550743508e+01 7.195777960656273819e+01 7.387154614647778317e+01 1.008994084452843225e+02 1.080467610511857970e+02 1.162940161080506982e+02 1.262772855516353445e+02 1.317268972891706085e+02 1.399624149397463668e+02 1.402000219899606748e+02
8.610113483995129968e+01 7.485990718988409753e+01 5.468668573401751587e+01 6.059528544651445969e+01 4.299396772839490666e+01 6.360115226011870959e+01 8.188982094045670124e+01 9.183035811467725296e+01 9.768396698826744284e+01 8.946625365517675732e+01 9.293852467811124995e+01 7.365832560552209429e+01 7.930536517125696605e+01 6.048234873346154217e+01 6.197639460058237404e+01 6.720495368203214070e+01 7.271134116373285394e+01 7.964285767714426356e+01 8.941975021936710277e+01 1.091889685892413979e+02 1.099835107658484787e+02 9.109952852863337114e+01 1.099835107671281804e+02 1.110695749612099235e+02 9.111608477204997314e+01 9.696032674000302620e+01 8.504743843935456482e+01 8.869306564987773811e+01 7.073695303496150188e+01 7.657484448798513199e+01 8.146293154864765995e+01 8.799544354298168969e+01 9.804033899687270548e+01 1.180531831236578739e+02 1.331092511627486488e+02 1.412356160392354525e+02 1.320244828956251411e+02
9.789101632589877511e+01 8.308682800086448594e+01 7.485990718264181965e+01 6.583167349099484511e+01 4.538860886047516630e+01 5.997655576923327203e+01 7.996717810416291172e+01 8.623588736941100308e+01 9.322924885934621386e+01 1.014357877021472092e+02 1.012049620711619298e+02 9.293852467811124995e+01 8.529083320364944143e+01 6.557590290100715436e+01 8.181875032582709650e+01 7.820197550931966646e+01 9.235296880451170409e+01 9.235293999718386715e+01 1.075303729709448533e+02 1.174354014531118509e+02 1.014501474716373934e+02 8.109781452029749005e+01 1.014501474716373934e+02 1.110695749612105487e+02 9.111608477204997314e+01 7.718071057393981960e+01 8.707049910662367154e+01 6.902069743118588008e+01 8.869060118120448521e+01 9.561959056347885166e+01 1.013627642060026801e+02 1.080467610511857970e+02 1.162940161080506982e+02 1.262772847353386538e+02 1.130230138126918291e+02 1.297178694107121828e+02 1.320244828956259653e+02
9.669375707971066447e+01 7.689362150798235973e+01 6.281988294821845642e+01 5.515343054842541193e+01 4.780672326260204130e+01 6.810059779772504385e+01 7.737083026134669694e+01 6.641301705136156386e+01 7.344903552805794789e+01 8.486073683430372228e+01 1.046608488774298706e+02 1.013762320992814949e+02 8.167572229756817137e+01 7.157585835512300321e+01 9.121107324667448779e+01 9.791153974360759094e+01 1.061283561371166968e+02 1.121269803270476046e+02 1.111541733873965114e+02 1.028287343808842280e+02 9.466603648785725511e+01 7.459204348758026981e+01 9.466603648785725511e+01 1.068169230180282341e+02 9.358518625094686172e+01 8.547099999553887528e+01 6.728552938057792687e+01 8.706986863909111207e+01 8.287868391159824455e+01 1.027256990961112848e+02 1.145457053205560101e+02 1.063169313168554169e+02 1.145828448624476863e+02 1.215124566216866100e+02 1.011437338781441468e+02 1.215124566216866100e+02 1.301770045428321225e+02
