MOVIE_S1_data/elevation_000091.asc
nrows	100
cellsize	150.0
xllcorner	0
ncols	100
yllcorner	0
NODATA_value	-9999
[rows 51 to 67 of 100, columns 37 to 73 of 100]
6.285622131186852357e+01 8.279535933223849042e+01 7.461506361322274472e+01 5.566621012911425481e+01 7.461506361322274472e+01 7.931763335912873458e+01 7.287792287914231792e+01 7.287800958248168115e+01 5.921097915778600651e+01 7.852298017141859532e+01 9.089036716803205707e+01 8.342496264427829544e+01 9.775139129491095957e+01 1.181860207026943783e+02 1.298831770960092342e+02 1.326266283989474459e+02 1.406370254615690953e+02 1.362238920328886707e+02 1.282028819138705273e+02 1.251429790484496039e+02 1.057668436917334276e+02 1.017427395546169748e+02 1.161889284478959752e+02 9.631291510478746432e+01 8.498292599316478402e+01 8.953931086064835654e+01 7.094367177974856986e+01 7.707340447035431907e+01 9.054589957538192380e+01 1.104013977688520498e+02 1.011723155539777679e+02 8.153732757512240426e+01 1.011723155539767163e+02 1.089109792101265697e+02 9.003597419441044281e+01 7.639384030341614107e+01 6.848548915050534447e+01
7.263652780671669973e+01 8.747986015194243237e+01 7.852729178503862784e+01 5.936136622845796040e+01 7.270098250303902887e+01 9.259324667222240635e+01 9.270003999507345327e+01 8.276828600424356353e+01 6.312463703630216116e+01 7.685536080131656433e+01 9.704333210377244257e+01 1.037365556328809220e+02 1.121910517538533583e+02 1.239924695824762324e+02 1.098074270449000807e+02 1.239924695824762324e+02 1.319719305134376555e+02 1.236770834552372236e+02 1.319719305134376555e+02 1.331571975676087902e+02 1.251429790484496039e+02 1.129728497346558100e+02 1.242165704333738319e+02 1.128249508477856438e+02 9.333682710717873476e+01 7.435757147624299535e+01 8.951630918248598334e+01 9.635310184044497817e+01 9.054589700196881097e+01 1.104007784265661627e+02 1.081839931141342248e+02 8.835197384907122853e+01 1.081839931141342248e+02 1.130185065911734057e+02 9.439406282266089931e+01 8.076737689202057879e+01 8.229993314575445140e+01
5.922697893799805513e+01 7.907659301596746104e+01 8.288280917865640163e+01 6.340434324003229705e+01 7.441508552037873869e+01 9.444993480809019104e+01 9.324356015696170630e+01 7.426104871454438694e+01 8.276828100852385717e+01 7.135508396597526826e+01 8.249488392601885778e+01 1.006731010823685892e+02 1.237985683129155348e+02 1.149893634535641240e+02 9.552214819889240971e+01 1.149893634535641240e+02 1.219014336937089524e+02 1.034882641488466106e+02 1.219014336937089524e+02 1.348841909352329083e+02 1.403156816156215996e+02 1.322994334381868100e+02 1.219195375956855827e+02 1.130793772068818868e+02 9.630379392294629781e+01 7.702712957638750879e+01 9.625102189885146231e+01 1.095137190413108499e+02 1.104007784265661627e+02 1.185117464515394801e+02 1.162612579312448986e+02 9.983744651021201832e+01 1.162612579312448986e+02 1.183066471401157855e+02 9.985163510653435992e+01 9.269495945173173368e+01 8.329494897348233451e+01
6.407852307476193232e+01 8.407594966303601325e+01 8.800130659279926704e+01 6.817745135021814917e+01 8.800130659279926704e+01 1.028766030926731361e+02 1.015845167240846649e+02 8.740727899393003497e+01 8.862237605910252114e+01 8.362510581943969612e+01 1.009776698074605008e+02 1.127159611078263595e+02 1.077450257579835693e+02 1.066692684090808143e+02 8.645776497728351728e+01 1.066692684090808143e+02 1.135826738020419526e+02 9.327772548421246768e+01 1.064037904784521373e+02 1.253862918657138863e+02 1.321823095355426005e+02 1.276997254515289058e+02 1.080420987253602050e+02 9.396449588586625623e+01 8.526864336807300049e+01 9.627002674850005803e+01 8.189300840048923646e+01 9.313197168339516452e+01 1.073115139334751689e+02 1.269323949408082086e+02 1.275919588867944725e+02 1.195855869653507284e+02 1.161236646772864134e+02 1.064014906941771557e+02 9.824911916362384545e+01 8.478765700459338461e+01 6.528691166563486092e+01
6.950568744181873626e+01 8.966795714276700835e+01 9.561545341148675448e+01 7.547031448330602643e+01 8.057029676224074421e+01 9.482477747500368537e+01 1.151854666784467440e+02 1.073336195022064459e+02 1.033602243519488866e+02 1.044606254372383489e+02 1.129490024840089291e+02 1.074261714657969975e+02 9.213312114177574585e+01 1.002778298310018528e+02 8.007723215863900634e+01 1.002778298310018528e+02 1.064037904784521373e+02 8.604820811709093675e+01 9.680988403054726632e+01 1.170697570551411246e+02 1.118784159390596358e+02 1.261869243254284356e+02 1.219195375956855827e+02 1.130661161247459461e+02 9.848942526686629151e+01 1.061300608689480498e+02 8.627391050866664557e+01 9.573383108857096602e+01 1.098782843041143025e+02 1.294134304125076653e+02 1.313269137035228482e+02 1.232280078947900108e+02 1.080933403234183743e+02 8.862576035823090592e+01 7.846684971911200535e+01 6.577704587046041240e+01 6.679401597971282456e+01
7.612559607064002876e+01 9.643913767883044841e+01 1.040505592179861196e+02 8.545993510584851549e+01 1.007882852730604810e+02 1.092285101785450365e+02 1.137827786538216657e+02 1.221087648652338942e+02 1.239082564951360013e+02 1.183326049355999174e+02 1.093177209784155650e+02 9.913961552353838158e+01 7.945640387624952439e+01 8.731698870318400907e+01 7.452392220993696981e+01 9.467519208463866676e+01 1.005276400005303685e+02 8.016276065674861684e+01 1.005276400005303685e+02 1.159450043725117041e+02 9.721840012111965734e+01 1.159450043725117041e+02 1.339809978568639224e+02 1.209551441655449793e+02 1.145859471192097345e+02 9.489401601834691746e+01 9.617416336624997086e+01 1.061300608689480640e+02 1.235748988996292042e+02 1.313269137035228482e+02 1.199080043852916333e+02 1.033564124547442589e+02 1.161234388702049074e+02 1.064014905110143445e+02 9.824911978664097489e+01 8.770113232403360826e+01 6.724841780491949805e+01
8.622838492259907639e+01 1.048975408544714156e+02 1.142181091632530894e+02 1.057709717171250645e+02 1.142181091632530894e+02 1.105016487113897909e+02 9.367725290309971342e+01 1.105016487113897909e+02 1.242397532058662506e+02 1.041253539443681007e+02 8.982500958004168012e+01 8.078309319854085402e+01 7.319038188672220713e+01 6.726284425641799203e+01 8.141065666847812565e+01 1.015761356018416706e+02 9.572759190651909478e+01 7.537472765712961120e+01 9.572759190651909478e+01 1.075218444050495066e+02 8.673523618156086457e+01 1.030162410428775246e+02 1.210359407960657023e+02 1.281409257266492716e+02 1.095854658719818815e+02 1.037965399597510157e+02 1.160859583716461856e+02 1.160859583716461998e+02 1.336250751281500868e+02 1.232280078947900108e+02 1.033564124547442589e+02 9.144352516133710651e+01 1.015993321117610151e+02 9.802954388578930889e+01 9.472671630123507214e+01 8.811259925421514083e+01 6.839978823796987228e+01
1.066498904350619199e+02 1.151080412781422666e+02 1.131613968370486560e+02 1.048348635983165309e+02 1.063354218805364440e+02 1.021748479494434605e+02 8.206639006457443486e+01 1.021748479494434605e+02 1.134504445995054596e+02 1.183326043451031495e+02 9.849243464698433570e+01 8.686153981847748184e+01 7.851729778641220037e+01 6.322755941601153751e+01 7.736354664521780933e+01 9.753088448339948968e+01 9.128623280975772047e+01 7.095342358584906606e+01 8.867937261837265339e+01 9.289493705948555657e+01 8.015160924484791849e+01 9.213864699934134705e+01 1.126702476146173382e+02 1.302640037974024096e+02 1.242040642300045619e+02 1.152759349643000775e+02 1.311850817385374910e+02 1.354125596311805566e+02 1.294368515269485158e+02 1.213704966570503530e+02 1.143371149571772492e+02 1.015993321117610151e+02 8.116678167609815375e+01 7.799700049394104440e+01 7.519286543636934539e+01 7.244886141997517370e+01 6.952674770203626053e+01
1.217613465841966160e+02 1.190483556559040039e+02 9.894744241938153095e+01 8.473278241561366997e+01 8.623346400119253019e+01 9.506543448464594803e+01 7.497243309904129660e+01 8.502297816703890021e+01 1.051233740916038357e+02 1.091187235748456317e+02 9.014820719211056144e+01 7.000288250022680359e+01 5.851354698699358892e+01 7.412924072665818187e+01 8.246988265499636839e+01 9.408953800545501167e+01 8.704654900830010433e+01 6.673483898440304074e+01 6.823227586190438387e+01 7.233728782126819112e+01 7.937233917720107002e+01 8.834167080012991846e+01 9.995938094168485577e+01 1.196037233523291263e+02 1.407487435515040488e+02 1.344338782556580725e+02 1.421607694788705203e+02 1.351438293873686973e+02 1.156653961059125209e+02 1.018244577808378182e+02 9.436761880756949950e+01 8.753982008052160779e+01 1.015993321117610151e+02 9.209836332169466289e+01 8.879933503349487012e+01 9.166600418441079512e+01 8.922699418394432769e+01
1.014233391683435741e+02 1.157301864063747558e+02 1.063354218805364440e+02 8.623346400119253019e+01 7.204411675243144941e+01 8.314245052094942423e+01 6.864710739849459742e+01 8.282426561885095850e+01 1.029244369877896901e+02 1.007635521854715961e+02 8.046853745504932931e+01 8.419274229428646095e+01 7.412924073396111169e+01 5.418578437055286656e+01 6.562731496162533062e+01 8.574308732060953275e+01 8.298420700352068025e+01 6.269462425157173868e+01 7.903489589827152884e+01 8.741723306014068839e+01 1.001743223729083070e+02 1.086318277496286839e+02 1.180318396906327223e+02 1.161351871394761446e+02 1.244827252566138753e+02 1.330002752806270507e+02 1.296722068827390899e+02 1.370947836438087677e+02 1.187301523630113849e+02 1.194299955014554797e+02 9.949403266566608295e+01 9.949442341105466880e+01 1.160985075849041124e+02 1.123486804445439731e+02 1.090125818550521757e+02 1.065233781997686577e+02 9.386748091770317615e+01
8.683169742849931083e+01 1.055130276452483429e+02 1.079554615964051436e+02 8.785948436775287007e+01 7.368022629095372622e+01 6.311929711858110181e+01 6.366831541946320527e+01 7.781188345895211000e+01 9.789951937049593766e+01 9.591934280670690782e+01 7.560825081833561967e+01 6.396167285071319242e+01 7.126742748466426747e+01 5.138519246967909737e+01 6.537947353247724891e+01 8.548220577084192939e+01 8.381698863229510721e+01 7.544987070926069350e+01 5.882530127313057022e+01 7.903489590150469724e+01 9.814012533179861464e+01 1.082205412172550751e+02 1.128725628755338164e+02 9.604375159211147661e+01 1.045353914177990049e+02 1.225074654379684063e+02 1.079473380410272085e+02 1.236948148155395160e+02 1.374017602110294831e+02 1.274720031941690195e+02 1.111541387281527449e+02 1.194576881352560633e+02 1.275536311941044119e+02 1.228617314067887776e+02 1.113560278897539604e+02 9.829759646070412771e+01 7.848277006104196118e+01
7.649619785440663122e+01 9.710595052656194071e+01 1.000448997036110654e+02 9.000591543606245182e+01 7.736226703832285523e+01 5.740486593913843194e+01 7.736226703832285523e+01 9.201893458680739002e+01 1.023355052921832140e+02 1.042842873545909157e+02 8.839776790830256914e+01 6.814544015231142282e+01 5.403573603525548208e+01 4.871060403408624495e+01 6.852514043047526116e+01 8.182604221335947159e+01 7.544987084058345772e+01 5.533338107653974447e+01 7.477888287322663530e+01 6.959371783630439268e+01 7.970881949810743095e+01 9.990367634222812399e+01 1.045353914177989907e+02 8.456751761089603292e+01 9.802725089234353106e+01 1.133907223268510478e+02 9.332231413393044761e+01 1.134827263883803852e+02 1.258376472054803656e+02 1.385900997976741849e+02 1.306224049338113957e+02 1.341689285835771557e+02 1.243853661473004735e+02 1.147044334739863842e+02 9.467862865826744212e+01 8.316315035353230201e+01 9.829759646070412771e+01
7.738149784563962896e+01 9.798502804283022272e+01 9.171893837215920087e+01 7.165036429639924620e+01 6.168302595975802660e+01 5.422009162864326015e+01 7.412474886023630916e+01 7.395709471928795153e+01 8.814647470797926587e+01 9.066203319684319695e+01 8.238955168094928183e+01 8.182440688817945329e+01 6.582639035607502365e+01 4.608621257914274594e+01 6.551833424290487073e+01 6.174116401453668601e+01 6.978751745087967606e+01 5.298384193141378518e+01 6.048826303812960958e+01 8.063685584669364914e+01 9.814012533179861464e+01 1.082205412172550751e+02 9.747568193042990004e+01 7.766444152276136492e+01 9.747568193042990004e+01 1.042464659512861829e+02 8.340213493022996261e+01 9.695235093895789191e+01 1.132100690387963908e+02 1.224261684182317680e+02 1.343489455089676881e+02 1.261353361354915990e+02 1.062729510282865846e+02 9.613574840372530161e+01 8.851984989229190148e+01 1.031425296728921381e+02 1.113560278897718803e+02
9.454569686495702285e+01 1.063872425570016418e+02 1.000448997036121170e+02 9.000591543606908829e+01 7.122134890967880949e+01 5.136658475879478658e+01 6.721015852577943406e+01 5.987577647915934875e+01 7.983086031766704593e+01 8.238957253013802529e+01 6.242230473209360042e+01 6.809380828846836664e+01 6.027586471860924178e+01 4.372160171109927518e+01 4.574774731660834703e+01 4.778477826742500412e+01 4.986550860486015324e+01 6.389208393987961898e+01 8.063683844809325763e+01 7.471557738037256513e+01 9.493208662667387898e+01 1.070872143055311199e+02 9.198329745950105973e+01 7.203970765565955503e+01 8.680367016793623236e+01 8.485588555064148863e+01 7.616266431327447606e+01 8.414335002440319045e+01 9.344493495538978323e+01 1.052884255580539019e+02 1.257764257555513012e+02 1.340823317047362480e+02 1.238656043711738732e+02 1.131640520231431424e+02 9.311556238434936006e+01 1.074160361266084607e+02 1.272416958943860408e+02
9.069557112341937000e+01 1.025175481511332833e+02 9.890331391410315121e+01 7.885742894816847581e+01 6.472631516486407577e+01 5.482802759755362132e+01 4.741328786219217051e+01 6.368286759908453121e+01 6.958616107808467177e+01 8.005384277642150437e+01 6.827062029063263537e+01 4.843990394396508492e+01 4.150352334432616885e+01 6.125512672525832869e+01 6.551833426837190189e+01 6.762388861526186190e+01 6.128629241440948761e+01 7.812975658038108406e+01 9.236879088142291039e+01 9.493208662667387898e+01 1.032791708121665835e+02 9.858442892649760836e+01 7.830827335209359319e+01 6.676299933677162812e+01 6.635214074236844795e+01 6.947935000025321983e+01 8.988482093391245087e+01 1.018658298746642572e+02 1.078231626741380893e+02 1.148074473061434730e+02 1.235001088015225150e+02 1.345305983878855329e+02 1.231771714637834805e+02 1.032685034953756684e+02 1.132228374795795531e+02 1.048230688416612537e+02 1.246971348187076671e+02
7.355973668232942941e+01 9.410318653941939715e+01 9.507890021193078667e+01 9.302236410188677951e+01 8.301820006948604203e+01 7.472752394233845052e+01 6.368286759908453121e+01 4.389982468725054332e+01 5.124121964429004805e+01 7.088707564941681483e+01 7.654120693496005856e+01 5.975035132753755107e+01 3.993670397867384025e+01 5.975037942528171442e+01 7.299451058541625059e+01 8.131693023767358852e+01 8.140039051204242071e+01 8.975182776637417703e+01 9.435557700152831728e+01 8.599221849309459742e+01 9.435597794577606123e+01 8.708011298142399426e+01 7.860602429994051477e+01 6.205677955771571419e+01 7.621101917699432704e+01 8.971106320567376713e+01 7.628046060240411919e+01 8.139332649194462022e+01 8.730748016190507599e+01 9.414485398918203884e+01 1.044456171350261400e+02 1.256756341140907693e+02 1.312909318163434591e+02 1.133415811956228936e+02 1.312909318163434591e+02 1.163996668943491528e+02 1.328085187486684333e+02
9.069557112341937000e+01 8.933400300520337112e+01 7.529997222601477347e+01 8.933400300520337112e+01 8.474206296557444773e+01 7.476192775096518517e+01 6.129689383300932803e+01 4.151123545497051026e+01 5.795094959310446825e+01 7.414864140828385075e+01 7.232751228418658229e+01 5.242496899108952846e+01 3.834654442131058971e+01 5.825413925908303270e+01 5.307638951358612189e+01 6.296740849859129696e+01 7.712390994654239762e+01 9.725989168917504912e+01 8.427583358213729525e+01 6.584570118060115362e+01 8.427583358206648256e+01 7.870077421950428231e+01 5.857478655139894386e+01 7.870073297409186353e+01 9.012590083646078654e+01 1.030223089433156787e+02 9.672566320268239792e+01 9.587692909383359563e+01 1.078231626741380893e+02 1.148074473061434730e+02 1.235001088015225150e+02 1.341604779288850295e+02 1.411077576431929117e+02 1.330127617319441242e+02 1.411077576431929117e+02 1.360316867915057628e+02 1.441289519811328148e+02
