MOVIE_S1_data/elevation_000257.asc
nrows	100
cellsize	150.0
xllcorner	0
ncols	100
yllcorner	0
NODATA_value	-9999
[rows 17 to 33 of 100, columns 0 to 36 of 100]
0.000000000000000000e+00 1.999999999999964473e+01 3.235478221189124071e+01 3.991407167207565010e+01 4.819834291953726080e+01 5.720562537218816601e+01 4.308833138320095912e+01 4.773987357463489900e+01 4.188775465432369316e+01 4.713855977920140816e+01 4.579765526325636671e+01 5.623806624276817701e+01 5.254163631476893670e+01 6.835426548572181105e+01 6.376343177551185448e+01 6.473475307823881053e+01 5.417294406434807286e+01 6.571838878177159415e+01 8.567687059072603972e+01 1.021187827939085793e+02 9.407062562481185353e+01 8.393135959168265003e+01 6.423424449735394148e+01 5.013682611785284848e+01 4.342681183357461805e+01 4.047817138967950967e+01 5.657361832229384646e+01 5.369235580792849305e+01 3.339841748874486882e+01 5.117735776258674463e+01 5.937947064616687953e+01 6.480734444036757225e+01 4.471876584495039708e+01 6.480734444036977493e+01 8.128347594454544378e+01 7.441951395252307577e+01 6.638493211761056045e+01
0.000000000000000000e+00 6.030226891555247271e+00 1.235478221189195125e+01 1.991407167207636419e+01 3.405620729580681427e+01 5.405620729580610373e+01 6.306763351847556720e+01 6.771012466904213056e+01 6.186813844067029322e+01 6.708982859991169789e+01 6.571719023270662774e+01 7.388403209118985160e+01 7.235181657181639991e+01 8.050930067894771014e+01 8.372290306510444680e+01 8.240565689874122768e+01 6.571838878177159415e+01 8.240565782654945792e+01 9.391817242552079392e+01 1.062945579046113096e+02 9.629586225098074692e+01 7.674586698168538135e+01 6.275744778979545657e+01 7.000339593866858934e+01 5.758865774177466790e+01 5.657422945450443308e+01 3.644088964405536046e+01 5.295816814883772849e+01 5.117307713637890743e+01 3.077252048078360147e+01 4.868658175831107826e+01 5.274513622130858437e+01 3.868717916381238808e+01 5.948114749402338930e+01 6.431385715505787459e+01 6.638493211760967938e+01 4.677404789739078694e+01
0.000000000000000000e+00 1.999999999999964473e+01 3.235478221189124071e+01 3.991407167207565010e+01 4.819834291953726080e+01 5.241402947603702245e+01 5.244632140561867573e+01 6.073569265350283786e+01 7.165140518839108097e+01 6.582801888820061720e+01 6.258374714976452680e+01 6.419091504183909080e+01 7.244151169396107548e+01 6.812495147361462955e+01 7.638956845426211828e+01 8.635174237117125529e+01 8.567687059373398029e+01 9.391817328331653414e+01 1.003172154765930628e+02 8.595378205157318519e+01 9.342992169274100434e+01 9.054574427030540562e+01 8.247192802389703559e+01 8.545756394615595752e+01 6.722005409656573249e+01 4.730341932740611099e+01 5.295817759404808100e+01 3.273161876987112606e+01 4.943718775712265057e+01 4.868032019585378123e+01 2.845730213780234052e+01 2.804640436760637456e+01 5.240699978074318466e+01 5.658102034872110409e+01 4.314860563618736222e+01 4.986948858217391489e+01 5.096109554476869619e+01
0.000000000000000000e+00 1.414213562373107536e+01 3.414213562373178235e+01 4.081598826863513096e+01 4.170710966745593140e+01 3.242226215646132204e+01 3.242577938941253279e+01 5.244632140561867573e+01 5.198694711053916251e+01 4.625378835353465234e+01 4.310410751300295829e+01 4.461695372179853081e+01 5.758271754459970992e+01 4.840223774612110930e+01 5.817445860055305928e+01 7.222486556329269547e+01 9.219999098460817777e+01 1.082659041086028253e+02 9.191145736433240643e+01 7.178506830024724650e+01 7.328089921089299708e+01 8.755725305674742742e+01 9.501140687499866999e+01 7.543806584752518063e+01 6.144120065036082678e+01 6.722005409656637198e+01 6.115306839403194772e+01 4.943718775712262214e+01 2.920277157219055297e+01 4.576251879754848773e+01 2.716435646338388921e+01 3.490435635658611346e+01 4.547099957789527025e+01 4.595382935048807838e+01 2.853971286955713893e+01 2.953343304488944554e+01 3.055461244484100902e+01
0.000000000000000000e+00 1.999895507683637419e+01 3.463313984050977012e+01 2.053845158232509860e+01 2.234082167212592296e+01 1.827412152232439269e+01 3.828966038292914220e+01 5.181645808716140067e+01 4.867880774267502630e+01 3.284374181265756221e+01 2.977516214980967746e+01 3.375136937326868747e+01 3.823352448612200760e+01 4.535526790796319574e+01 5.507476180784553321e+01 6.910112811720190962e+01 8.906536096852315154e+01 9.986739477184998748e+01 7.957106608684837568e+01 6.809816665647635148e+01 5.941424645004394023e+01 7.171078671784745495e+01 8.003622923533076516e+01 8.924707041392129270e+01 7.653934599533417327e+01 6.521314087038625473e+01 5.712355634704338314e+01 5.683428047449464771e+01 4.582282897767419172e+01 2.553556529705909384e+01 2.584247427353907511e+01 3.055803325160386308e+01 3.900464497960214061e+01 2.714414320410551085e+01 4.643177132327345902e+01 4.753748113855657920e+01 3.715691417188460122e+01
0.000000000000000000e+00 1.999999999999964473e+01 2.367598703030734697e+01 6.347160505533699926e+00 8.271665738663488199e+00 2.827611511522283649e+01 3.654426567753623090e+01 3.813304665195190779e+01 2.849638957616448920e+01 2.438247289938690798e+01 4.342584846685177524e+01 5.288988320460635606e+01 5.758271754459970992e+01 6.501222742668063859e+01 7.327066355190723357e+01 8.321768551894166421e+01 8.587331327938505865e+01 9.412324799809407239e+01 9.655434288945426147e+01 8.319142977392057503e+01 6.330628245269389254e+01 5.226405957072075381e+01 6.584739722050852606e+01 7.411542475029820309e+01 6.849838887086157513e+01 4.879955483488482315e+01 3.732239099006478256e+01 4.621975897171567027e+01 3.088784006310826058e+01 2.539192330588677393e+01 4.364463507452055779e+01 2.634055508922566347e+01 2.667469734966453032e+01 3.261783932366054728e+01 2.763557108565860787e+01 2.797949805866358730e+01 2.831986463728456727e+01
0.000000000000000000e+00 1.833396994797231727e+00 3.674546244106693837e+00 2.367184499913338414e+01 2.827555690079060113e+01 1.117362130595575032e+01 2.562829953622969725e+01 2.956457839624416906e+01 1.946617677479890318e+01 3.870144277318737380e+01 5.086008381515404153e+01 5.213612578623977356e+01 5.584386132900187505e+01 5.973481314628919847e+01 6.450297389826201311e+01 6.961717514060146073e+01 6.596601653439225288e+01 8.487147189873478226e+01 9.481582735898393821e+01 9.157732784506136170e+01 7.171097484468204186e+01 6.006775569542215010e+01 4.673021148760089716e+01 6.074063997173593776e+01 6.894204523170787979e+01 6.521191319609253867e+01 4.662696188280919074e+01 2.530026971958696080e+01 2.491693041248483098e+01 4.444839230885568071e+01 5.242695283505752712e+01 4.509857456303684131e+01 4.176100186963372352e+01 4.236964757785993640e+01 3.883649627436680163e+01 4.757675502122017974e+01 4.667091014342287991e+01
0.000000000000000000e+00 1.999999999999964473e+01 2.367598703030735052e+01 2.367517966576811617e+01 3.117777836071891073e+01 2.947398961475802892e+01 1.417177320877287983e+01 1.632826154809024999e+01 3.656382559795988385e+01 2.372584617106394944e+01 4.278988834895439197e+01 3.301612968456603880e+01 3.657696970669907444e+01 4.028023096047532903e+01 4.484571871467186099e+01 4.981272614297992618e+01 5.675475530341022079e+01 6.668986283955523220e+01 8.661331008246578733e+01 1.001476611698359278e+02 8.816411613447203877e+01 7.390402845258383024e+01 5.503019285293613194e+01 4.193491526477842513e+01 5.618147770743975400e+01 6.431173169020321723e+01 5.403735870950858811e+01 2.666325004046450076e+01 2.457698085404399180e+01 3.834947674064117962e+01 5.746072312236046287e+01 6.694331870493188319e+01 6.335527851495016449e+01 6.193344603474145060e+01 5.305803535190494813e+01 6.248436036337999866e+01 4.265825886386289767e+01
0.000000000000000000e+00 1.414213563458333134e+01 3.414214157939807848e+01 4.366898875439959227e+01 5.116111149275656089e+01 4.362756301233517320e+01 3.796953199417735902e+01 3.994903760674911553e+01 4.677805235829736574e+01 4.280088511576602883e+01 2.809368427046702266e+01 3.516460876920871925e+01 5.435508234992295939e+01 5.973480427515298885e+01 5.246393516128244983e+01 6.378757153777405620e+01 7.665151036358994929e+01 8.487137477335109281e+01 9.481569552450230276e+01 1.101558027462095168e+02 9.162528814092551954e+01 8.286512029873611596e+01 6.894204523170787979e+01 5.618116561005364673e+01 3.755999201298624968e+01 5.201911100607122052e+01 5.909750941907982025e+01 4.393095951349729944e+01 2.423542963628229785e+01 4.337045796416166610e+01 6.035637613511384103e+01 5.945907600342447807e+01 5.936118147411379198e+01 7.810148926776467704e+01 7.414365586928381902e+01 7.072807346791947225e+01 6.254396130552060384e+01
0.000000000000000000e+00 1.999999999999964473e+01 3.620815162691194189e+01 4.449262070619368359e+01 4.993542377248027009e+01 5.822039388537186966e+01 5.508822358401000940e+01 5.904696937349358876e+01 5.876265474330683247e+01 5.488966288201363852e+01 4.712793657621187293e+01 5.439540272084177985e+01 4.862656715581196210e+01 6.831104116387389524e+01 6.384344626334242179e+01 8.041456481300309633e+01 9.188901488216356483e+01 8.952996441285328899e+01 9.814309474822972845e+01 9.440138292937358244e+01 8.909830791570158226e+01 7.426511305325328749e+01 7.562738289889351506e+01 5.618109006033245123e+01 5.201911100607145499e+01 3.343428676313879322e+01 4.805331881193622934e+01 4.361496381427055979e+01 2.389264645755828553e+01 3.718018139577657166e+01 5.117130507012340246e+01 4.011536482892703503e+01 5.945913726884283790e+01 7.703595300710459526e+01 8.666530164619818777e+01 7.735706565848762750e+01 5.753271715618862459e+01
0.000000000000000000e+00 1.999999999999964473e+01 1.621093087082229545e+01 3.294671061813522073e+01 2.993547692964022389e+01 4.923429671329793678e+01 3.509157112590686722e+01 3.877134564432553532e+01 4.088633538901927267e+01 4.729420192595251393e+01 5.883997022428407320e+01 7.186683637589814566e+01 6.831874402961697967e+01 7.666782896770247646e+01 8.370500960344116947e+01 9.184670522136201498e+01 8.599019539178459581e+01 6.837464187969665375e+01 8.428078323064779909e+01 6.931182674093599871e+01 7.855951584377586983e+01 6.451863335061334226e+01 7.132515039400861667e+01 6.548052310169039458e+01 6.008301299384011429e+01 4.809710234308104049e+01 2.944026217943694590e+01 4.186706620071340268e+01 2.354939150829934746e+01 2.791524668961464073e+01 3.237773058084399480e+01 5.189068737329453995e+01 4.983547906992871646e+01 5.942939103932402389e+01 7.873619989635896843e+01 7.735733399110445419e+01 5.753271845622811043e+01
0.000000000000000000e+00 2.324952726878335874e+00 4.665774973463262754e+00 1.360886475419155595e+01 3.360553555656898794e+01 3.637009413756666021e+01 2.097107285691903300e+01 2.439596538355552369e+01 2.804032228336649979e+01 3.195803133308937305e+01 4.355631251456762953e+01 6.359183230525011510e+01 7.036897058203689426e+01 7.864052207065776656e+01 8.862184906208048574e+01 9.226921653057418382e+01 7.112207666658305527e+01 5.639618732279143387e+01 6.851521070554059634e+01 5.213985149064646407e+01 7.207801285126720359e+01 7.132515039400861667e+01 5.327425899465368531e+01 4.653888112241408237e+01 5.758669577134156725e+01 5.292405572106053313e+01 3.603011061172872331e+01 2.551156631212801074e+01 2.320656489050810833e+01 4.254602695528873113e+01 4.586303191328036633e+01 5.930095524537839680e+01 6.908279546773590596e+01 7.703595242878517979e+01 8.666530149669722505e+01 8.555392466107244331e+01 7.735725132455608843e+01
0.000000000000000000e+00 1.999999999999964473e+01 2.466275250901464489e+01 8.257830085337207748e+00 2.825141646631605141e+01 1.638703470189333089e+01 3.637009413763812660e+01 4.436999541289560511e+01 4.804697032563030490e+01 5.202433960791010747e+01 3.847137328378876475e+01 4.367174782388273968e+01 5.038045475835665599e+01 6.039052541069253977e+01 8.034745675538700027e+01 9.226921653057418382e+01 7.112207666658305527e+01 6.851521070554059634e+01 4.767538969438609087e+01 4.257603319139035847e+01 5.713469518165515382e+01 6.579833720977690348e+01 7.132515039396277245e+01 5.758669577138616802e+01 3.695615956639012012e+01 5.015317435920842115e+01 4.244143468464378088e+01 2.271966715285935123e+01 4.072122506563884059e+01 4.665509515991016798e+01 5.446788878526503197e+01 7.048783406260336903e+01 6.853697145852410699e+01 7.661735275241778709e+01 8.780723597679580905e+01 9.593888754458761525e+01 7.677721539899776815e+01
0.000000000000000000e+00 1.999999999999964473e+01 3.653540440419367030e+01 2.825141563998527161e+01 1.197141073535876288e+01 1.751582864612738177e+01 2.457981457796726943e+01 4.457363970138088405e+01 6.440997702140573722e+01 6.681118359084680947e+01 5.267677468442226996e+01 5.785620677657289690e+01 6.004120662433643929e+01 7.036899108303975936e+01 8.862184906208048574e+01 1.008583141174953113e+02 9.226921653057418382e+01 7.723420508258689665e+01 6.851521070554059634e+01 5.713469518165515382e+01 3.657921673004386065e+01 5.146925733223119437e+01 6.007641343735028983e+01 6.536725809836498513e+01 5.017251741726814629e+01 2.763376501596013313e+01 2.223203788947575887e+01 2.800394041969127557e+01 2.574225496455021656e+01 2.847545703284595930e+01 4.724044934738827806e+01 5.766134366846767279e+01 4.969983156199123897e+01 6.039773183304728121e+01 7.965537955453514485e+01 9.229649452587776182e+01 9.041625609190681701e+01
0.000000000000000000e+00 1.999994320707065754e+01 3.722611422639205614e+01 4.024499322492992093e+01 2.610432248411348510e+01 3.164703933395297497e+01 3.750475503811735223e+01 3.611876208590393134e+01 5.026292363426440346e+01 7.027121777927708024e+01 7.267214599176293177e+01 7.782913641876413635e+01 8.001323669768419222e+01 8.828745365905162146e+01 9.860992412568809584e+01 1.067536616440221309e+02 8.944142669877251706e+01 7.773228475881380461e+01 6.933568295487076227e+01 6.375438131908968131e+01 5.146925733223119437e+01 3.108473808807103111e+01 4.623531237775846847e+01 5.310728035077634246e+01 5.813112300010854483e+01 4.883320578828215730e+01 4.123357257614366489e+01 2.174052282978261275e+01 3.239396517089225824e+01 4.679334902033745891e+01 3.260487005365362734e+01 3.897892342665343790e+01 5.766134366841833980e+01 7.014645423186777862e+01 7.637917094483275093e+01 7.280183410306109693e+01 9.229649452459530323e+01
0.000000000000000000e+00 8.944271909888321659e+00 2.308640952616721975e+01 4.308696681021473296e+01 4.609967055590417573e+01 5.164653173563938537e+01 5.750623370870969353e+01 5.612321730979523693e+01 6.440997702140573722e+01 5.761425060899684780e+01 6.353395647530591361e+01 7.167240205288283050e+01 8.036914641667407011e+01 9.144563703813820155e+01 1.067536616440221309e+02 8.643851249670765924e+01 8.105027878094362848e+01 6.076000362005129318e+01 4.921201372323094603e+01 4.367711120771112121e+01 5.642319883033882633e+01 4.623531237775846847e+01 2.605520260167919133e+01 4.020277894183460177e+01 4.051569569141784655e+01 4.065555209360604039e+01 2.123991457975047226e+01 2.194081779079738581e+01 4.357707938972076533e+01 4.924130478027287694e+01 5.143387025447199079e+01 3.757072756935180280e+01 5.636684742222765010e+01 5.199100986377062839e+01 5.768102080579389224e+01 7.067903675360517468e+01 9.014051221742919040e+01
0.000000000000000000e+00 1.999999999999964473e+01 3.721776570483157798e+01 3.944736442463612036e+01 4.775183118973836116e+01 5.028123544771764841e+01 4.197035983193676856e+01 4.585743745461314802e+01 4.990473942496879545e+01 3.736623659240796513e+01 4.320346622723663899e+01 5.068412784868127119e+01 6.150790037240018648e+01 8.286060184169629395e+01 9.965678991826452204e+01 9.016641182420308098e+01 6.978211864754287319e+01 6.076000362005129318e+01 6.933568295487076227e+01 5.642319883033882633e+01 3.636833749936574378e+01 4.991654261895716616e+01 4.149638587555998015e+01 2.190149489183817266e+01 2.033739324950070326e+01 2.071747198965768177e+01 4.068312207941659864e+01 4.468299253951960281e+01 5.432386419141383271e+01 6.767519811067236901e+01 6.188442775212127600e+01 4.271482266296744257e+01 4.442195161176236695e+01 6.240494674131863917e+01 7.637917094483275093e+01 8.449697345561766326e+01 9.485807347031830261e+01
