MOVIE_S1_data/elevation_000047.asc
nrows	100
cellsize	150.0
xllcorner	0
ncols	100
yllcorner	0
NODATA_value	-9999
[rows 0 to 16 of 100, columns 0 to 36 of 100]
0.000000000000000000e+00 1.999999999999964473e+01 3.175900369843337145e+01 2.383223920381897898e+01 2.484322965758888913e+01 2.585859027498842977e+01 7.322240227012873248e+00 8.355038856075122311e+00 9.390614414687728839e+00 1.042898429233057200e+01 3.042409281886262917e+01 3.297644644796278612e+01 1.455433798983157168e+01 1.566902322784218882e+01 1.678713821113691651e+01 3.674454929694863381e+01 3.949498557856285430e+01 2.116646449879348779e+01 2.234494313616407979e+01 2.352745681415738233e+01 2.471405867373267995e+01 4.471014382434430701e+01 4.759730151185505775e+01 4.881433968195710804e+01 5.709426188277044645e+01 5.417466595033072707e+01 5.369060037832583987e+01 5.506806315104804384e+01 5.645568524734724036e+01 5.785340638111520661e+01 5.926143891650148277e+01 6.068311083350575785e+01 4.284231463564088926e+01 4.437849906105625308e+01 6.438246203335700102e+01 6.538157010912914302e+01 7.575856502318890762e+01
0.000000000000000000e+00 1.999999999999964473e+01 2.147577310146173701e+01 3.836623647768930834e+00 4.848227439342962519e+00 5.863588714431827498e+00 2.584696397925930711e+01 2.834894932749958230e+01 2.938534614316844085e+01 2.815167800830305467e+01 1.190343808953102567e+01 1.298031224342023293e+01 1.797676554732207421e+01 3.566455211420625915e+01 3.678288332509734460e+01 1.837576816132589030e+01 1.950261871751970233e+01 2.449821241578829500e+01 4.233955581261412959e+01 4.352330616278747044e+01 4.470979851111752623e+01 2.640103955682477377e+01 2.760034194408652297e+01 2.881736345199639970e+01 4.881447258342296891e+01 3.238490769854586659e+01 3.368452961430461556e+01 3.506234738960620234e+01 3.645018516060227398e+01 3.784826115049780526e+01 3.925682011544193983e+01 4.067611174888172343e+01 6.068249643800490389e+01 6.438238406690290105e+01 4.657027622874535666e+01 4.813413525941140136e+01 6.814959882409932845e+01
0.000000000000000000e+00 1.999999999999964473e+01 2.411091387981449063e+00 2.238493750191390319e+01 2.484324083560740704e+01 1.605197156274694947e+01 1.848095575093169884e+01 3.935146028637168314e+01 3.803396018967507786e+01 1.807122378121205486e+01 3.189965653375150367e+01 2.297610101289686568e+01 3.793121912870732615e+01 2.553489964447127036e+01 4.553702008183691419e+01 3.838226807868931445e+01 3.949833017698279747e+01 3.018874973309523924e+01 3.180060454733296282e+01 5.180325629044897795e+01 5.408023851257097903e+01 4.639756379613823611e+01 3.576232069421664050e+01 4.866675544343735282e+01 3.055483002365749101e+01 4.651483900027854190e+01 3.776406802449290012e+01 5.506800535375360539e+01 5.645568523387012760e+01 5.785340638111471634e+01 5.925936116909420548e+01 4.467506100780902045e+01 6.462373568420736092e+01 7.481822631399475654e+01 6.657236125887224887e+01 6.723406443875836658e+01 5.037988925310469313e+01
0.000000000000000000e+00 9.974513875201200808e-01 1.993319641105625095e+01 1.721198127532129973e+01 3.839737628652505208e+01 2.833371169856784633e+01 3.299254736641599095e+01 3.935174002983058017e+01 4.261211518038302870e+01 2.265680616909315859e+01 4.261149229429808116e+01 4.294583299978746282e+01 4.292389098430736283e+01 4.553702014859611324e+01 3.406393035110865242e+01 5.406588020301713016e+01 4.433141437984551203e+01 4.433210211284425384e+01 5.180325652361908340e+01 3.996772397079833894e+01 5.996005839037109553e+01 4.989896656499175975e+01 5.577033853044527234e+01 4.687934349026029679e+01 5.055243287545975761e+01 3.687541310927658600e+01 5.659470344486471305e+01 4.363710444665586863e+01 6.294855348679335805e+01 7.708390180753586662e+01 7.286970362262587741e+01 6.463332556611509006e+01 5.084954862256486052e+01 7.078261253778021000e+01 8.462055141639419276e+01 6.636559118444591832e+01 7.041696077049411429e+01
0.000000000000000000e+00 3.389662928929543906e+00 2.781749406479670839e+01 3.884141463423883778e+01 4.763115365665276357e+01 4.721608331459873398e+01 5.266005168899867783e+01 5.945745396874522726e+01 4.966531191691034053e+01 2.971585898470799947e+01 3.263447722439600085e+01 5.258975315993593114e+01 6.273624397145926679e+01 6.073280964501567070e+01 4.073202131955472538e+01 6.073280964500632706e+01 5.587644720342257187e+01 6.434657153649521888e+01 6.630055940831285000e+01 4.629403438022744410e+01 6.630055940831285000e+01 6.142574983295757818e+01 7.509645728396557729e+01 6.684403610446835842e+01 6.137060077526160740e+01 4.158670259833716187e+01 6.137059995285326153e+01 6.294855350530877303e+01 4.984713994409582227e+01 6.335850630692840468e+01 8.264583268939624361e+01 7.535081962565030267e+01 5.543849939369552970e+01 7.535081962565030267e+01 9.173072936147619316e+01 7.711199304285634071e+01 5.727814644387899534e+01
0.000000000000000000e+00 1.999999999999964473e+01 3.012276592064715075e+01 3.596634813193512059e+01 4.266304857299683562e+01 5.105258786067805943e+01 6.131534754199230264e+01 6.379467074691556405e+01 4.381273986188612213e+01 4.381273986188612213e+01 4.673457218607345709e+01 4.673457218607344288e+01 6.672541047618743448e+01 6.899891790791565427e+01 5.073337477865887735e+01 6.899891795479993561e+01 7.583189496577091404e+01 8.403962537293423907e+01 7.455291182930174898e+01 5.523978079647250183e+01 7.455291182930174898e+01 8.138611200163475701e+01 8.975088227908355520e+01 7.744368075363523474e+01 5.775936748573677448e+01 4.734318260067495032e+01 6.706471286313534108e+01 7.378491178110493820e+01 5.467579773668097687e+01 6.810723730720926028e+01 8.749203049872328108e+01 8.032210332635838768e+01 6.043696852352583448e+01 7.451645980289187321e+01 9.433816665901485976e+01 8.577368077305959559e+01 7.738463620092848316e+01
0.000000000000000000e+00 5.040666055760590680e+00 1.022955623848553053e+01 1.596413976053966088e+01 2.260969774501153040e+01 3.261018811070962187e+01 5.279755005221483088e+01 7.208701558824513711e+01 6.379467074691556405e+01 6.379467074691556405e+01 6.672541047718372909e+01 6.672541047658037883e+01 7.501822902883337463e+01 7.898867539283244810e+01 7.073224451234436572e+01 7.898867554709411820e+01 7.914378424314101323e+01 8.746458384950892651e+01 8.348475781257756978e+01 6.939235747296176271e+01 8.348475781257756978e+01 9.563542285020240286e+01 1.039276108301801855e+02 8.563147336394794706e+01 6.706647699481798952e+01 5.435417912338832025e+01 7.401583609506998584e+01 7.985130432599200390e+01 6.066768170398984239e+01 7.378491129479955646e+01 9.327317819615080907e+01 8.693535573769527502e+01 6.709559850368465561e+01 7.668404619467439431e+01 9.650960121744540743e+01 1.025543302866991837e+02 8.227098360262218080e+01
0.000000000000000000e+00 1.999999999999964473e+01 3.018601424714638526e+01 3.596634813193512059e+01 4.266304857299683562e+01 5.105813121413127220e+01 6.115388411296046911e+01 7.740977729054691281e+01 7.294900192853116039e+01 6.726969301579643457e+01 6.726969301579643457e+01 7.529282329304078303e+01 7.724958093787154212e+01 8.539122005259977755e+01 7.886876672505808017e+01 7.053546393411623683e+01 5.895548362119272667e+01 7.512445215521151454e+01 8.345086117807508685e+01 8.938790338240480082e+01 9.231470667236369820e+01 7.548192121168422375e+01 9.228930795608587800e+01 9.501559157664424049e+01 8.219073226498632323e+01 6.419824343954434198e+01 8.219073226497695828e+01 7.985130094216387420e+01 7.412596420795783558e+01 7.412596420795783558e+01 9.367349808814870471e+01 9.441619499414454708e+01 7.462375472353035377e+01 9.441619499414454708e+01 1.047537388324405043e+02 1.027670938187501548e+02 8.244340145055863900e+01
0.000000000000000000e+00 8.164963180843491486e+00 1.816479317775951330e+01 3.229847261855351803e+01 5.217663561404642536e+01 6.482260680176807455e+01 5.275582179640925062e+01 5.714030682390735194e+01 5.341106617403364254e+01 4.767063498030764634e+01 4.767063498030764634e+01 6.726969301579643457e+01 5.703455366229821522e+01 7.381465947549443740e+01 6.719331810302597319e+01 5.026987487498256968e+01 4.719511378421716330e+01 5.492046671253726942e+01 6.922269206744358883e+01 8.937256140097288437e+01 8.399979325409049125e+01 6.383100751310274035e+01 7.637684888836226094e+01 9.651420386055261247e+01 9.203141073805262806e+01 8.383345003069740642e+01 9.203177576207424693e+01 9.948039046235230387e+01 9.367349808814870471e+01 9.367349808814870471e+01 1.018930358867117008e+02 1.026549794530949242e+02 9.441619499414454708e+01 9.441619499414454708e+01 1.142735723813105579e+02 1.111639096390245669e+02 9.680644938750707240e+01
0.000000000000000000e+00 1.999999999999964473e+01 3.642475241709696121e+01 4.636449234960115007e+01 4.421656694157454126e+01 5.212126275011814158e+01 3.843742413805122737e+01 3.737175495796233804e+01 4.456512610022539178e+01 3.363094284410892243e+01 5.341106617403364254e+01 6.483424499817051867e+01 4.541609539482061564e+01 6.483424499817051867e+01 5.883512063554993432e+01 3.837562560194297134e+01 5.883512063554993432e+01 7.512445215521151454e+01 8.345086117807508685e+01 8.308992315829982545e+01 7.637684888836226094e+01 5.623035344983470907e+01 7.637684888836226094e+01 8.745611702587808622e+01 8.595103890223643361e+01 9.427844551385206273e+01 1.085108161696865068e+02 9.991568902197577984e+01 9.159896009473622769e+01 9.049018995481698369e+01 9.444612153353990891e+01 9.613523602547108737e+01 1.044447970008704516e+02 1.090056840572373886e+02 1.111983885039891504e+02 1.194864331342360657e+02 1.171573628115497598e+02
0.000000000000000000e+00 1.414213860659297062e+01 3.414280155764983249e+01 4.068040125017331832e+01 2.415298613408542749e+01 4.059696407295388099e+01 4.373323053252187975e+01 2.393183955275826591e+01 2.470430282079983542e+01 4.456512609748966014e+01 5.546407338770988105e+01 4.721038149653096383e+01 3.672471528605097291e+01 5.656155957040156324e+01 5.401277140958742251e+01 3.352919881824214343e+01 4.806169267107505050e+01 6.837994641085427361e+01 7.317899274968418410e+01 6.296066024467757671e+01 6.296066024467756961e+01 5.045199344725595836e+01 7.056112206950329835e+01 6.718322060260280182e+01 6.566496657632599465e+01 8.004607485801759026e+01 8.895568237913259679e+01 8.828425077561671230e+01 7.142460034370317601e+01 7.031616073094616581e+01 7.427474921919420581e+01 7.596218020190072195e+01 8.938706419863578390e+01 8.889068461193279802e+01 9.109278446160868725e+01 1.106963719745965022e+02 1.222779868198020665e+02
0.000000000000000000e+00 1.999972165919400879e+01 2.419673120791044951e+01 2.357285422670101482e+01 1.274868809591463226e+01 3.193275591241450329e+01 3.097811379522672226e+01 1.686939837937404363e+01 3.097717449578727056e+01 5.077221741767697694e+01 4.721037383202908444e+01 2.769049211744291128e+01 3.959664617625860217e+01 4.795246912446878440e+01 4.377301442077403237e+01 2.930222128108825075e+01 4.964565905959760528e+01 5.140222561166812909e+01 5.140206270478093842e+01 6.296066024467756961e+01 4.292046758152398667e+01 6.296066024467756961e+01 7.312101449068762804e+01 5.254040527602065680e+01 7.312101449068762804e+01 7.506782653931976768e+01 6.879758257129586241e+01 7.927089070866219345e+01 5.978150359281012527e+01 5.606638511882338349e+01 6.000185544635430546e+01 6.429368752552457522e+01 6.918901130415264333e+01 7.459536378813034219e+01 8.224847773308952981e+01 9.390894005160087943e+01 1.139944050944619960e+02
0.000000000000000000e+00 1.965211885248787738e+01 2.506205399413236279e+00 3.551348932242911705e+00 4.601000468130156840e+00 2.410423216108709710e+01 1.109877110746790940e+01 2.829859877413016278e+01 2.943309418334608907e+01 3.772233690869076383e+01 3.414633486946136287e+01 3.378391662275485885e+01 2.003849210677437398e+01 3.813553396121072581e+01 2.378557733390872642e+01 4.377301431524234943e+01 4.292499974600902135e+01 3.195853112610599212e+01 4.791463939886865120e+01 5.245251977204949867e+01 3.848998135162845102e+01 5.847956833179181757e+01 6.661285569321029243e+01 4.597912228636590726e+01 5.869421643761153717e+01 5.497703519161169083e+01 5.458936189977397646e+01 6.625587770805967125e+01 5.082225403502370398e+01 7.093108622893554127e+01 8.018280738422745912e+01 8.448831681535544647e+01 8.938706419863578390e+01 9.478223154589886690e+01 1.023980564451673132e+02 1.106963719745965022e+02 1.094104707831056231e+02
0.000000000000000000e+00 1.032795558988645723e+00 9.838742398107322984e+00 2.321813864886592782e+01 2.460122386665974048e+01 6.106375655140806380e+00 7.175403294628232231e+00 8.298608853598935298e+00 9.427225520904963574e+00 2.942917296073803257e+01 1.269417940492719410e+01 1.387059690829584646e+01 1.505314705030413691e+01 1.864587130807722204e+01 3.833365545592371859e+01 4.076397006036804527e+01 2.306002825604961259e+01 2.459868467861472041e+01 2.848530289231240786e+01 3.252477741617441609e+01 5.035595668106094536e+01 5.213801120823074342e+01 5.394419011311845225e+01 4.060782066715706407e+01 3.887872283708332333e+01 4.099808550672036489e+01 4.315873856517831797e+01 4.623221544065143007e+01 6.625587770805967125e+01 7.619033892310383749e+01 8.070241701657604949e+01 8.902462133090507734e+01 9.884284026681356750e+01 1.071289495733348645e+02 1.186998262110383564e+02 1.045986993738993505e+02 9.627275021604218352e+01
0.000000000000000000e+00 1.999999952692028771e+01 2.665288000587384332e+01 2.234831419920420359e+01 3.348491444120615768e+01 2.631775204275020030e+01 1.536920581819461162e+01 2.734393662660783875e+01 2.591596367174047799e+01 1.103622565851123838e+01 2.799693589744876832e+01 3.359073032203423281e+01 3.505491400169118776e+01 1.688592767462781197e+01 3.688256078044835107e+01 2.089236734044781230e+01 4.076397783623352211e+01 4.446682975009990457e+01 2.701024067499637837e+01 2.872400343193188377e+01 3.045352896682954835e+01 3.221407085902981748e+01 3.399429169547668295e+01 3.587233552576442008e+01 5.580288483178917147e+01 6.086149173795136136e+01 6.308985860933251644e+01 4.783049076768680408e+01 5.187060124895391056e+01 5.603477145365715018e+01 6.052379034299323735e+01 8.070241701657604949e+01 7.869509891315631478e+01 9.035708257196345983e+01 1.104346008483381354e+02 9.627275021604218352e+01 7.625908395876146528e+01
0.000000000000000000e+00 1.414237923796143903e+01 3.414853233544598510e+01 3.912557319282611701e+01 3.933595957668541843e+01 3.579070769402395058e+01 2.983161098587926574e+01 4.332890872223750733e+01 2.717943232758840111e+01 3.104517127140623955e+01 1.918260799508777836e+01 3.874982402899416201e+01 4.501435535120339182e+01 3.093867797764148619e+01 1.873772521598043284e+01 2.154601465646908309e+01 3.213860380662365657e+01 4.739941643776462854e+01 4.688611944085644723e+01 4.274304851245954495e+01 4.188837837616057413e+01 5.213801120823092816e+01 5.394419011310766621e+01 4.157811887235961024e+01 4.732587108081074945e+01 6.738234608323013219e+01 7.621246240044047227e+01 6.788124483919951047e+01 5.780750513089143539e+01 7.619033892310383749e+01 8.070241701657604949e+01 6.788709781593823323e+01 8.807341951499600441e+01 1.071289495733348645e+02 1.000459412329965261e+02 9.172476412718491190e+01 8.212095108911454133e+01
0.000000000000000000e+00 1.999999999999964473e+01 3.584248543305177748e+01 4.584162434491542371e+01 5.649694303950527541e+01 5.627411330714136284e+01 5.117853733557584661e+01 5.543452252198289898e+01 4.704304514688519134e+01 3.875058253088582205e+01 2.619603692740750844e+01 4.560874946778334760e+01 5.833739867012806712e+01 4.483477173812925543e+01 2.502520495258883670e+01 4.276653995053312940e+01 2.564292296630407364e+01 4.658206123370153762e+01 5.972022735052655662e+01 6.277086165116117655e+01 6.192262975453960649e+01 7.025182718231293677e+01 5.307362252943072178e+01 6.157522139427620544e+01 5.568170611330501885e+01 6.148405613178652374e+01 8.162207767881427856e+01 8.627848341291564793e+01 6.787206098932148279e+01 7.795498454750745054e+01 9.638196419293981876e+01 8.217840339390443205e+01 8.438240963392058802e+01 1.044965301213528193e+02 8.847784863413170342e+01 7.171001706854175950e+01 7.608657522143572294e+01
