MOVIE_S1_data/elevation_000962.asc
nrows	100
cellsize	150.0
xllcorner	0
ncols	100
yllcorner	0
NODATA_value	-9999
[rows 0 to 16 of 100, columns 0 to 36 of 100]
0.000000000000000000e+00 5.773502691896282180e+00 1.180372958345160761e+01 1.847039625011839092e+01 2.602968571030307032e+01 3.602968571030341849e+01 5.017182133403486688e+01 7.017182133403628086e+01 7.317151903218116615e+01 7.906930907303615186e+01 7.706919995552007663e+01 6.873380102000659519e+01 6.470055935021474625e+01 7.054801546846022120e+01 7.729243902887121465e+01 8.560984362463437947e+01 9.567341199085957726e+01 1.073903553234118817e+02 9.921173227606745115e+01 1.073903553234118817e+02 1.021171664872178440e+02 9.395043193507507340e+01 1.021171664872178440e+02 1.101814386315484029e+02 9.889383684463771829e+01 9.077125409221812902e+01 9.330556963878512988e+01 9.330556963878625254e+01 1.014341064258635612e+02 1.015173275748016408e+02 9.578744364907861097e+01 9.066460965467796029e+01 9.876255167714647598e+01 1.030820328210299976e+02 1.008171461627724739e+02 9.281273303823880383e+01 1.008171461627724739e+02
0.000000000000000000e+00 1.999999999999964473e+01 3.180372958345196466e+01 3.847039625011909436e+01 4.602968571030377376e+01 5.431395695776597421e+01 6.431395695776731714e+01 6.722289477211549524e+01 5.294780862324791570e+01 5.887119626089955204e+01 6.540237582483516121e+01 4.849078075538017174e+01 4.444981711169974403e+01 5.029183310675567498e+01 5.705917010553726243e+01 6.720934225209092006e+01 8.737553580565169398e+01 9.763965041628873109e+01 7.981119707870908542e+01 9.763965041628873109e+01 9.242676647263296275e+01 7.470857623632504385e+01 9.242676647263296275e+01 1.020255006187520337e+02 8.253257383388979918e+01 7.158745023464256008e+01 7.405799596259858220e+01 7.405799596259858220e+01 9.330556963878595411e+01 8.179040400055511384e+01 7.599264034506275323e+01 7.081869712607041834e+01 8.735452082769874949e+01 8.348149092478710998e+01 9.102823865299212969e+01 7.312993464047812608e+01 9.102823865299212969e+01
0.000000000000000000e+00 1.414213562373107536e+01 3.414213562385933187e+01 3.927880291628672182e+01 4.683809237631282230e+01 5.512236339778871042e+01 6.666936862538464936e+01 5.887119626080301060e+01 3.865072386697192286e+01 5.887119626020638918e+01 5.704650588148287227e+01 3.683026703524588186e+01 5.704650588751040630e+01 7.054801546846022120e+01 7.729243902887121465e+01 8.560984362463437947e+01 9.567341199085957726e+01 8.951146467738827539e+01 7.043060040885956141e+01 8.951146467738827539e+01 8.432950408570016521e+01 6.533529604668902380e+01 8.432950408570016521e+01 9.913625293393880611e+01 9.103532103766498551e+01 7.969547977096590330e+01 6.070048917327896021e+01 7.969547977096290481e+01 9.388409194198200680e+01 8.179040400055511384e+01 6.185649349920024065e+01 5.924853711904447806e+01 7.846864393205642330e+01 6.944538635084961697e+01 7.307452803454708601e+01 6.314699334110572693e+01 8.297133383935842232e+01
0.000000000000000000e+00 1.999999999998993161e+01 2.985071250064219583e+01 1.927880291654706468e+01 2.683809237673147763e+01 3.838509776052358546e+01 5.838509775953308889e+01 5.172217954601672574e+01 3.154598443511068240e+01 4.368087932112216265e+01 4.668315550395529812e+01 3.245140681190544285e+01 5.263496089674132605e+01 6.354646433550212237e+01 7.189613496970831363e+01 8.199842858257635214e+01 9.679803641145015547e+01 7.749846216515089736e+01 6.417892083409314807e+01 8.315117658787872301e+01 7.799810140602973263e+01 5.897764979568453469e+01 7.799810140602973263e+01 9.103532103766498551e+01 7.187125764121886107e+01 7.479099428788524051e+01 5.567399340648852046e+01 6.671682863031534794e+01 8.579954887457198254e+01 8.476730502152936708e+01 7.028155540659601286e+01 4.999282629858031157e+01 7.028155540659601286e+01 6.546061661256072739e+01 5.291109006643647916e+01 7.307452803454708601e+01 7.357277146620080543e+01
0.000000000000000000e+00 4.850712500726639398e+00 9.850712500726595877e+00 2.139771788451931656e+01 4.139771788594794799e+01 5.512236339778871042e+01 5.855259542037980935e+01 4.534190647363610793e+01 2.520985369871168658e+01 2.356017918977475745e+01 2.654333027542035595e+01 3.140067110473166423e+01 3.658098418439392674e+01 4.329580031233934534e+01 5.342482730579002492e+01 7.366810136521419849e+01 9.144529760070737723e+01 7.227410822983027572e+01 5.886301675028483515e+01 7.116244106793881485e+01 6.745626975603485675e+01 5.329784093007779688e+01 7.250736997472284884e+01 8.613177825763099804e+01 7.748428185494896070e+01 5.837134046133142817e+01 5.119673867047260529e+01 6.488509852931223065e+01 8.394526287792842822e+01 7.663419252288190364e+01 5.655084995055739938e+01 4.433261468103242464e+01 5.832478268803568966e+01 4.474757135133368280e+01 6.511357311162156236e+01 6.244524106086493731e+01 5.354118004296173439e+01
0.000000000000000000e+00 1.999999999994752642e+01 2.985071250070369331e+01 3.813498378592479554e+01 4.968199059090559189e+01 5.514532545094591143e+01 4.429953821647631429e+01 3.004648101257288673e+01 1.943300913895251369e+01 3.953028484755691352e+01 3.814237301710718242e+01 5.157656549600940110e+01 5.086954960867236508e+01 5.308463409710378045e+01 6.354856631289381852e+01 8.199842858257635214e+01 9.145137908036186047e+01 7.227417846626512699e+01 5.886301675025971747e+01 5.189882693599034269e+01 4.797488162275447365e+01 4.788545184811387401e+01 5.880469003533363548e+01 7.807925661820270591e+01 8.212210447902810984e+01 6.644941999633829255e+01 4.693740762792383947e+01 6.644941999633829255e+01 8.431259630271054561e+01 7.772507810181308230e+01 7.012337875359106931e+01 5.832478262629346233e+01 3.710475824908890985e+01 5.621755905820969446e+01 5.529843315789457847e+01 4.383386370454954317e+01 4.206616181554616674e+01
0.000000000000000000e+00 1.999975821801750087e+01 2.372124354345283237e+01 2.475652149691581982e+01 3.310075155683302484e+01 4.090136998172737037e+01 2.665741451250886485e+01 1.586899948837994323e+01 3.004648101257288673e+01 3.953028484755692062e+01 5.835008134918705736e+01 6.670160022986718218e+01 7.110420071126254982e+01 7.331045671848828249e+01 8.164063116603452386e+01 9.212759120774025234e+01 9.144038128151123601e+01 7.227407215323472656e+01 7.788902236493339615e+01 7.106985490815804951e+01 6.234163902687116376e+01 4.254981630691178651e+01 5.846076395908904288e+01 6.650080359930932161e+01 7.410662835669319293e+01 5.487042863695072015e+01 4.328463757059085992e+01 5.736146324632930060e+01 7.081482693283660979e+01 6.316496835459842885e+01 5.149066065612233700e+01 5.689159371755853556e+01 4.129202020906130599e+01 3.270635972125077018e+01 3.147456977835780023e+01 3.184592556649897688e+01 3.221726067327976750e+01
0.000000000000000000e+00 1.561737618886057000e+00 3.128258518861861237e+00 4.714361690412055772e+00 2.475611207482495146e+01 2.929993185503014530e+01 1.248821280961676194e+01 3.255523869325164554e+01 4.429953821647631429e+01 5.855259542037980935e+01 6.805206936016581665e+01 7.487603309810825181e+01 8.075901124531550579e+01 7.870629121390032878e+01 8.700726934573586391e+01 9.550184531116170206e+01 9.953690568651389015e+01 9.144181773130982549e+01 8.867953513028523105e+01 7.807875261683840051e+01 5.880467935135125401e+01 5.846076395908904999e+01 3.845721906354307151e+01 5.471326085672509265e+01 6.278610762972365933e+01 5.536254576530648563e+01 3.992083883720054871e+01 5.975184701305907709e+01 6.096904975436644492e+01 4.421080202879874577e+01 3.997758201906677300e+01 4.995155941390761001e+01 4.475928196268609582e+01 3.095112225940292205e+01 4.474412275403908268e+01 4.963776018389476263e+01 4.394434910002818384e+01
0.000000000000000000e+00 1.894746751730066237e+01 1.673627070125078831e+01 2.462080992552943570e+01 6.993573349129588834e+00 9.243750457547420751e+00 2.929993185503014530e+01 4.090136998172737037e+01 5.715404020150277375e+01 6.548954148544720510e+01 6.893055183911572215e+01 5.467662471080452491e+01 6.059289445142752584e+01 5.852400311850652059e+01 6.705450537207713069e+01 8.545429412895549603e+01 9.358435784786321676e+01 8.346140305498114742e+01 7.076620858419680360e+01 8.346033590776342237e+01 7.807875261683840051e+01 6.650086859126216154e+01 5.471431195474468723e+01 3.455173134767056808e+01 5.107449142570622058e+01 3.528651370932841758e+01 5.536254502628391805e+01 6.240987005752128169e+01 5.210126480201729038e+01 3.163620554966538023e+01 2.971928540618261039e+01 3.007766262786137901e+01 3.043776626006979669e+01 4.604519037256324765e+01 3.563005226944106596e+01 5.550772642537135226e+01 6.094295242974024518e+01
0.000000000000000000e+00 1.999999999999964473e+01 3.288904406868068264e+01 3.470737556639399202e+01 2.704343155126019482e+01 1.032692670384576061e+01 3.039137004394925157e+01 4.222967764592129214e+01 3.697626589633098604e+01 5.715404020150277375e+01 6.059289445146149689e+01 4.035600987464046341e+01 5.800218603155618524e+01 4.681353787845892356e+01 5.695712843786814972e+01 7.715095506043290641e+01 8.457015741670974762e+01 6.834669897512615933e+01 5.846847623032133612e+01 7.564100846631914976e+01 7.049090581164540481e+01 6.231399891334995544e+01 5.729333885522564884e+01 4.993971448758383502e+01 3.063456920098403558e+01 5.106687883580214304e+01 6.230067122532755519e+01 5.291466261223180112e+01 3.625544151408075066e+01 2.921578233138529868e+01 4.928657652170044656e+01 5.032560584885123234e+01 3.193365133678299017e+01 5.267324144984316092e+01 3.900431997497977932e+01 5.864077312125424868e+01 6.960066837809699791e+01
0.000000000000000000e+00 1.999999999999964473e+01 3.785919403095066826e+01 4.774007807216828780e+01 2.740376095046443794e+01 3.039137004394925157e+01 1.380863662930775249e+01 2.276220295573480357e+01 4.050716975803962328e+01 4.348966093665769250e+01 4.711153617058216980e+01 3.273960150651130618e+01 3.776976274760890817e+01 4.945311572799189292e+01 6.968043324500946767e+01 8.545429412895549603e+01 7.711405247799847018e+01 5.957897598956208896e+01 5.026139238991929403e+01 6.150621639695738452e+01 6.264612284584054436e+01 4.308526520910449165e+01 4.637791026407015238e+01 3.899984523843238549e+01 2.690910369495196619e+01 4.779012538784294151e+01 4.801027826273077181e+01 3.188613069935268740e+01 4.858887801547956542e+01 2.886476809619142259e+01 4.865533547622899846e+01 6.075530428557827634e+01 5.427469835153741684e+01 5.360484255159844480e+01 5.864411999410795318e+01 4.387419508176671457e+01 6.338552734468152750e+01
0.000000000000000000e+00 1.002226096287028412e+01 2.435278491653389921e+01 4.483153013626373706e+01 4.890478993592497403e+01 4.222967433547886884e+01 2.537607985017974954e+01 1.762321631406322098e+01 2.039776707493160401e+01 2.334868281559072400e+01 2.694580659911531129e+01 3.593661827684091037e+01 5.615223465736367814e+01 6.634534351960944321e+01 7.799925681959770429e+01 8.818964576310857240e+01 8.457015741670974762e+01 7.573444048821018271e+01 6.150621639695738452e+01 4.282082148558410495e+01 5.506990841428343231e+01 4.777621594064616062e+01 2.823768443622491731e+01 2.674706430850026706e+01 2.724203967039341023e+01 2.733574172989753848e+01 2.769913772951538533e+01 2.803990482862753453e+01 2.837593523314736643e+01 3.367754726680642108e+01 3.993450906038594894e+01 4.995507505654843783e+01 6.908811050727160818e+01 7.364288811944233260e+01 7.140057067761290455e+01 5.768660343210756736e+01 4.910154834667991963e+01
0.000000000000000000e+00 1.414213562373107536e+01 3.414213562373178235e+01 5.126290063091389015e+01 5.352563134570407044e+01 5.385692943382195352e+01 4.551188962358953916e+01 3.181327833512877135e+01 3.026214065441876144e+01 4.348966093665769250e+01 3.072570942330388988e+01 5.021635859044883432e+01 5.244576215829955856e+01 7.264414602385845399e+01 8.247750647795254508e+01 6.842523901566562472e+01 7.568953737832443096e+01 7.687581330239801503e+01 5.959310644865509232e+01 4.690186027788453771e+01 3.588156136160094434e+01 3.311129998660744889e+01 2.629893254521653390e+01 4.644884415589883275e+01 4.117840796770803280e+01 3.563942743098217392e+01 4.747561489867420192e+01 4.833033728728099732e+01 3.370315617635516503e+01 3.430672825820049354e+01 5.437021208000715689e+01 6.723472809645176085e+01 6.888373198088233096e+01 8.634670238273264431e+01 8.511372280599933049e+01 7.249540110747761901e+01 5.297192639855131802e+01
0.000000000000000000e+00 1.999999999999964473e+01 2.297862938345068784e+01 3.383649375972023421e+01 3.352563134570336700e+01 4.645456353383821835e+01 5.473883478130230884e+01 5.197495209343453126e+01 4.154009669856903741e+01 5.686495859942275644e+01 3.694444433023536334e+01 5.021635859044883432e+01 7.124531905408747434e+01 8.095780812421671158e+01 7.421409972586253900e+01 5.454810094027006073e+01 5.601314938777159114e+01 6.998709660726910897e+01 6.666758757944279523e+01 4.974177600379450581e+01 3.123055506290344141e+01 4.410128323540074291e+01 2.597891434518187381e+01 4.673512205374320416e+01 5.992735421841095445e+01 4.896378704424004980e+01 5.103728303113830833e+01 5.874777731641236045e+01 5.222962193322672420e+01 4.324464456570698445e+01 4.131628959871977713e+01 6.121399572217568164e+01 7.649995944531889336e+01 8.622241204696999262e+01 7.882860996110593987e+01 5.929609707437008126e+01 7.249540925905840538e+01
0.000000000000000000e+00 4.364357804719866785e+00 8.836493759719484586e+00 1.383649375971952722e+01 1.938349572197191506e+01 2.645456353383751491e+01 3.800156891763043632e+01 5.800156891763113975e+01 5.550452274761855165e+01 6.664978285592117402e+01 4.707999148093749398e+01 6.664978285592117402e+01 7.690431781429720104e+01 6.875122267884935923e+01 7.690431781429720104e+01 6.177623000094699535e+01 4.199420378339863191e+01 6.177623000094699535e+01 5.558156014765258135e+01 3.686414671443434088e+01 4.507881483501333264e+01 2.552187627384295610e+01 2.699471865780413538e+01 4.483613514820146406e+01 6.822783867541708958e+01 6.636000921659427831e+01 6.817290024819943994e+01 7.511328655045075209e+01 7.126604018941772267e+01 5.478462293767120883e+01 6.096025264128640231e+01 4.895504920178936459e+01 5.890876846055083860e+01 7.857394084762252362e+01 8.354529895445952548e+01 6.407208263563339301e+01 7.795619694157916513e+01
0.000000000000000000e+00 1.999999999999964473e+01 2.883649375971983986e+01 3.383649375972023421e+01 3.352563134570336700e+01 4.645456353383821835e+01 5.473883478130230884e+01 6.628584016509744004e+01 7.550825695899398227e+01 7.735285718622237994e+01 6.878740677624163879e+01 7.735285716947710455e+01 6.693332321610508018e+01 4.870208623207286536e+01 6.693332321610508018e+01 5.581172467762143441e+01 3.583502328425452532e+01 5.542778721717368029e+01 4.820057086053858342e+01 3.373588346791393633e+01 2.506304746666663164e+01 4.397291988962326315e+01 3.072473488851168710e+01 5.073095442504600072e+01 6.200218667310868881e+01 6.726341135132034310e+01 7.416790699747862448e+01 8.225243887151363253e+01 8.321656753851050325e+01 7.464391988459493632e+01 6.501978932250484888e+01 6.042135450522412299e+01 6.887418694796571117e+01 8.691592168156506659e+01 8.964640082040672553e+01 7.034226001010844698e+01 8.005120411908940525e+01
0.000000000000000000e+00 1.000000000000008704e+01 2.414213562373128852e+01 4.414213562373199551e+01 5.352563134570407044e+01 5.566218136629024116e+01 5.220996576460881755e+01 6.049659186901833863e+01 7.049848676195416886e+01 8.088690672018103101e+01 7.197713560001449196e+01 6.687128315825538039e+01 5.774050688818363142e+01 3.687727726506654591e+01 4.730789353142991160e+01 5.037963554852837689e+01 3.043595888725936049e+01 4.355861297251063036e+01 3.155821626480394215e+01 4.424631356951908856e+01 2.473745130456627095e+01 4.474210534960526076e+01 5.101160455198739641e+01 3.702946876352581995e+01 4.215784889338531372e+01 4.757346624685738590e+01 5.463093635554842109e+01 6.594129916550599546e+01 8.537870524725853727e+01 9.150534302407068310e+01 8.395162067845558340e+01 7.992631482912287311e+01 8.814297754573212273e+01 9.799123392417797618e+01 9.623102304497489001e+01 7.732558349023939570e+01 9.644345718039748760e+01
