MOVIE_S1_data/elevation_000800.asc
nrows	100
cellsize	150.0
xllcorner	0
ncols	100
yllcorner	0
NODATA_value	-9999
[rows 68 to 84 of 100, columns 37 to 73 of 100]
4.246817741377490307e+01 3.392675037753303968e+01 5.414072152718066633e+01 4.930585181115783655e+01 2.938756502073633214e+01 4.915689100239689679e+01 4.417914443276088576e+01 5.835299979883703969e+01 7.816356120378158323e+01 8.638691738477615445e+01 8.114739355092167727e+01 6.681176634237655776e+01 7.276154119737906001e+01 8.078687150913377479e+01 6.049916533525117046e+01 7.348282994119976763e+01 5.342842884622498190e+01 7.348288250607130578e+01 8.792374274363065467e+01 7.066442825932222149e+01 7.066356549839564138e+01 5.358081538963669743e+01 5.804839980561681045e+01 6.275906616341464428e+01 6.857774896428159650e+01 8.040513541381051255e+01 1.007770098832876187e+02 1.079216134837043768e+02 8.833298634820374673e+01 1.079216134837043768e+02 9.414209968523149996e+01 9.944829697276803415e+01 1.198315741949165698e+02 1.303819863866169442e+02 1.220377997210631236e+02 1.081657024498704516e+02 1.183834345196487732e+02
5.569856915986573398e+01 4.565058363198649261e+01 6.244141030433706874e+01 5.771227535569503431e+01 4.962549773855167246e+01 3.130144280265779244e+01 5.152464216611589620e+01 6.894867512869640791e+01 7.714046973862461698e+01 8.484256222322994745e+01 9.062388440206940743e+01 8.712556834539759620e+01 9.304867529025034401e+01 8.915185705898804258e+01 7.063138229575068294e+01 7.953192616167270046e+01 5.946950661876697097e+01 6.979609513001781806e+01 8.988720511964501725e+01 9.095982909000822758e+01 7.633008335040618419e+01 5.610072824346318043e+01 7.633008335040618419e+01 8.311510102912190234e+01 8.901531575935895546e+01 8.040513553856126805e+01 9.223790124745735852e+01 1.124417220526920147e+02 1.001354710561387265e+02 1.169808696080890513e+02 1.044603668574981583e+02 1.198315685048131485e+02 1.282610640836861080e+02 1.470565016773110187e+02 1.365514430598097135e+02 1.281236103107573854e+02 1.365240641829031745e+02
6.247837387364834427e+01 6.588002080543631678e+01 7.416316289241390791e+01 5.955532761888279225e+01 3.951902853647551694e+01 3.268425707143895664e+01 5.288728458610741967e+01 4.903908232918336552e+01 6.894867512869687687e+01 6.506996283659862002e+01 7.086122311525794260e+01 8.711751017673121567e+01 9.699656387630292897e+01 9.928100387488809986e+01 8.501675831360931568e+01 8.622849416626870322e+01 6.613882910843209118e+01 8.622849432900547129e+01 9.821528240432374446e+01 9.334888054306152583e+01 7.298062394401893016e+01 5.867577079238935056e+01 7.894710334916595684e+01 9.136728227665406621e+01 1.057258511726341084e+02 1.007770406721307950e+02 1.091016687060679402e+02 1.207359472806994063e+02 1.202720636176030666e+02 1.286024755116984579e+02 1.195314000075799186e+02 1.342951429022281218e+02 1.407555112935164345e+02 1.261040184912490076e+02 1.407555112935164345e+02 1.420838939074442635e+02 1.339188725037987808e+02
5.629391305047743543e+01 7.740898306891330094e+01 7.100155840619777337e+01 5.117579019760153614e+01 5.955532710537030283e+01 4.704586954299605850e+01 3.470268679398773060e+01 5.487046704949765541e+01 6.240540334245774545e+01 5.103056793495050414e+01 5.915409896040080184e+01 6.905438029997273475e+01 8.304174024439211621e+01 1.027751008930345051e+02 1.052480284381289124e+02 9.455940541655688492e+01 8.622849432900547129e+01 8.033495034881748609e+01 1.004567681364177361e+02 9.335153205619688777e+01 7.298064434493775821e+01 7.894710334916595684e+01 6.262562429118003138e+01 7.700871338067396721e+01 9.705950998571699984e+01 1.018636540424036099e+02 1.079682025790648936e+02 1.146695625541969861e+02 1.229489875011455808e+02 1.329419655050504332e+02 1.419722613787259888e+02 1.349554061976943728e+02 1.283486667627108773e+02 1.111170211977136972e+02 1.313830206693441482e+02 1.340694270771754475e+02 1.151136226412737358e+02
7.740898306891330094e+01 8.594069245743750685e+01 7.913487371787212510e+01 6.267104418149264689e+01 7.517665333512211134e+01 5.835094063492444150e+01 3.828103745132915492e+01 3.694374366971445767e+01 4.242910904369656322e+01 6.240540334245774545e+01 7.569568727914558792e+01 8.388536515783097514e+01 9.449562161242404557e+01 8.639320841180705202e+01 9.313806127807359303e+01 9.527654871626272381e+01 1.033615467835789445e+02 1.004567681364177361e+02 1.087838604842962980e+02 1.017058825741796255e+02 9.335160099026823843e+01 8.595479032639860861e+01 6.554245015899361704e+01 8.595479032640886885e+01 7.660578359308465224e+01 8.148139700072235314e+01 8.772170556844655209e+01 9.456548262880059497e+01 1.046775554618140092e+02 1.246615696465799488e+02 1.427728204673319397e+02 1.223367056199472671e+02 1.076805862794995363e+02 1.019366927089415213e+02 1.227939920681874924e+02 1.243783867427713261e+02 1.201080195903722512e+02
8.913735752260417655e+01 9.741696586557553417e+01 9.049323594040620833e+01 8.238125246373260779e+01 7.335362387977176013e+01 5.357769726440753999e+01 4.197335767481276037e+01 5.706677837584823720e+01 3.930496232083111607e+01 5.936960614282274662e+01 5.588473460413792537e+01 7.569568535893787953e+01 8.313316106978928133e+01 6.666357097801095222e+01 7.344639033751248292e+01 7.560395991608021404e+01 8.979010199197082898e+01 9.601722478471010902e+01 1.034252595065219396e+02 1.114807452540161421e+02 1.003584892637055219e+02 7.998876584094428210e+01 8.594996615415973906e+01 7.011668349123250721e+01 9.059147378187341815e+01 1.018636540424036099e+02 9.596881101363884170e+01 1.146695625541969861e+02 1.229489875011455808e+02 1.329419655050504332e+02 1.346190329000510815e+02 1.257218520304526947e+02 1.154198232283677470e+02 9.492756804788128022e+01 1.079693405793420169e+02 1.037447797858483938e+02 1.111578244311552339e+02
6.935297849496598133e+01 8.331733497571309499e+01 1.031881348886260383e+02 9.329111564837853621e+01 8.151856583083011287e+01 6.575837630136261680e+01 4.590311144424751433e+01 6.575837630136261680e+01 5.936960614282271109e+01 4.169419203820665132e+01 6.168722875581635634e+01 6.603213590292197921e+01 6.962648340265660352e+01 5.525030061603823128e+01 5.945955261841167072e+01 6.455855334295998205e+01 7.004953454024654036e+01 7.632533349008862444e+01 8.382544192885340806e+01 9.773267787774716453e+01 1.086876474807521902e+02 1.003582706786653773e+02 9.606107310734532234e+01 7.559273339166016115e+01 8.686801843005657986e+01 1.071589501774866733e+02 1.102370070795539050e+02 1.243807375619397817e+02 1.272218124349403752e+02 1.355412261421597577e+02 1.224291467070232784e+02 1.055229725540960430e+02 1.132221090706249953e+02 1.049383069555297965e+02 8.787116064432048290e+01 8.970723589834862821e+01 9.158542290255358864e+01
8.913735752260417655e+01 9.741696586557553417e+01 9.904009186535424192e+01 7.936221349315491125e+01 6.541671325568508166e+01 5.656833491308679385e+01 5.078294620240745871e+01 7.055342068798772459e+01 6.987397876447454337e+01 5.863522463923369799e+01 4.414515674560768588e+01 4.617179919654976317e+01 4.985046880464563657e+01 6.962648381002354370e+01 7.921394670886444089e+01 8.431505367244000126e+01 8.979010199197082898e+01 9.601722478471010902e+01 1.034252595065219396e+02 1.114807452540161421e+02 1.252288125010276758e+02 1.103663618931833952e+02 9.013722187695846344e+01 8.403295770814067112e+01 9.606219981013883569e+01 1.154676128331073528e+02 1.302376645706559657e+02 1.240830266475121704e+02 1.074744840092575231e+02 1.240830266475121704e+02 1.139744733527761298e+02 9.420661973329507077e+01 1.025247192264757672e+02 8.545931138135840399e+01 1.021545494743779017e+02 1.088380972970756488e+02 1.054114428322608035e+02
1.010868331727115077e+02 9.278015006245523466e+01 1.010868341046834473e+02 9.329111564837853621e+01 8.447645565068272333e+01 6.987916605035518103e+01 5.591421748108122358e+01 7.564889164720219128e+01 8.323458979111359213e+01 6.208659891035208744e+01 6.406555157728548977e+01 4.905307334871000791e+01 4.958098438729045654e+01 5.200152456620162411e+01 7.176952185923892102e+01 7.867970263880107495e+01 8.229305820865982923e+01 8.800743141133823144e+01 9.426028375200110077e+01 1.012329596240321621e+02 1.093890570916981488e+02 1.186624934735099259e+02 1.103663618931827557e+02 9.429441416235916051e+01 1.126653041384578700e+02 1.245287443735268340e+02 1.281820784559573951e+02 1.084263304036742994e+02 9.625705832261475337e+01 1.158206870485431637e+02 1.164677098866766158e+02 9.674934339497585256e+01 8.307266560461623328e+01 1.001692509741939716e+02 1.076359781704594099e+02 1.157637746666896561e+02 1.251269513531630935e+02
9.108497115239592290e+01 7.279729584539232690e+01 9.108497115239592290e+01 9.934999707710332473e+01 9.774635475598677203e+01 8.381276040317084153e+01 6.579403014849535225e+01 6.732057380945649072e+01 8.702558538435404500e+01 8.326886594790103402e+01 6.653547840095369281e+01 5.253143417073624732e+01 6.940786847945207683e+01 7.176952505812842276e+01 5.547066130190795263e+01 5.890219623119659786e+01 6.250245140397561272e+01 6.821222415080124790e+01 7.448702719764654034e+01 8.151125701296807335e+01 9.293089739259934845e+01 1.125737875359686200e+02 1.227126774952276662e+02 1.144278843556392644e+02 1.227126774961161289e+02 1.337547114747406738e+02 1.223431458574371646e+02 1.084263304036742994e+02 8.895156874605721953e+01 1.084263304036742994e+02 1.074129336197118221e+02 1.088240108673633983e+02 1.001913048847629426e+02 8.074320208885872319e+01 8.823359398834486456e+01 1.024844612260081362e+02 1.233517306808662966e+02
8.278872295147647264e+01 6.277291086742916093e+01 7.934128444681587666e+01 7.934128444695542726e+01 9.763719866452130702e+01 9.366753121181145048e+01 7.974155654876219046e+01 7.871096815839266014e+01 9.519068610138775455e+01 9.458092311324706714e+01 7.597446595850158246e+01 5.614771977926022117e+01 7.597446595850158246e+01 7.878903322400185516e+01 5.901119499607717955e+01 7.867970346409266824e+01 8.229305820865982923e+01 6.972989898231182337e+01 8.951964586587747874e+01 1.012329596240313094e+02 1.093890570916981488e+02 1.207435077051462429e+02 1.331357685865603457e+02 1.247549542439368651e+02 1.280257267168983333e+02 1.137984380878429960e+02 1.140921770978542753e+02 9.454126192682984708e+01 8.336292508693694003e+01 9.593083524692237063e+01 8.776888175124463487e+01 8.918170351677431995e+01 9.636189398460753353e+01 7.912165520107538441e+01 9.828390707070833798e+01 1.075720691727831735e+02 1.258937997612257647e+02
6.623915781710383044e+01 5.561699458402783591e+01 5.929431606464130056e+01 6.934781610372522209e+01 8.347339050431847340e+01 1.034853331147082969e+02 9.941492631980106864e+01 9.838356373776082364e+01 1.065600097030520175e+02 9.129948258220387913e+01 7.139745002067895996e+01 5.994654256916112445e+01 7.980903872571667534e+01 8.246413597171309107e+01 6.267330773166509772e+01 7.411063214308850888e+01 9.387525858600659490e+01 8.374536785824233220e+01 7.819302052927136515e+01 8.962567369252671767e+01 1.035401601132468272e+02 1.231295183792084629e+02 1.247549444145862623e+02 1.050095618494840863e+02 1.107928563745838488e+02 9.995877243593552919e+01 1.128300270920646255e+02 1.046229269458777651e+02 9.593083524692237063e+01 7.644136911528066491e+01 7.390259325109775546e+01 7.534359597850865953e+01 7.681638054656568215e+01 9.633935850393416445e+01 1.049943073144091841e+02 1.132383646075948604e+02 1.272961193657826584e+02
4.598712323611000130e+01 4.912979171760696318e+01 6.931780025684250290e+01 7.835539209980771602e+01 8.261658644247697225e+01 8.837600955378019307e+01 9.468441341731674754e+01 1.029948809491807822e+02 1.145649248121196990e+02 9.954121954638321768e+01 8.407119265050891954e+01 6.415772911569182213e+01 8.407119265050891954e+01 8.650550028484705933e+01 6.670718903932920796e+01 8.650550028484705933e+01 1.020387254620745807e+02 1.034599861448230769e+02 9.794080117993976842e+01 8.962584032631932018e+01 1.009990502065657552e+02 1.207101192451715264e+02 1.247645553661498639e+02 1.050096877289642805e+02 9.124418395047750607e+01 9.024389950889167267e+01 9.743152994151141399e+01 8.511271233113346568e+01 8.965619955955777698e+01 7.190381475434114122e+01 9.153912523686121006e+01 8.919799814472553123e+01 9.634911368332318204e+01 8.173067804863090657e+01 8.544626802462475723e+01 1.050026882542772455e+02 1.074341686654235986e+02
6.623915781710383044e+01 5.346690915015793877e+01 5.416758273842272331e+01 5.831952001036199107e+01 6.262981333776553328e+01 6.842478263579624809e+01 7.473548879004900414e+01 8.622420876931595046e+01 1.062412677965267847e+02 1.028110917610868569e+02 8.281806169602134560e+01 6.870261494585783169e+01 8.867388460179873277e+01 9.276162512046371944e+01 7.297857980257397514e+01 7.516703712836573459e+01 8.508650050869832171e+01 9.648369165735741149e+01 1.161180598334312890e+02 1.093145134709479578e+02 1.175474463210309892e+02 1.291333011350813536e+02 1.269212403279675385e+02 1.071606891297417121e+02 1.024579604984450043e+02 8.298436311233759000e+01 7.793196666213670198e+01 7.380803968489121303e+01 7.002500279869771305e+01 8.965103893787053835e+01 9.966918027081086962e+01 1.090477294351079962e+02 1.012262416291913780e+02 9.546728772066569491e+01 9.920990408445166508e+01 9.138971343535932590e+01 9.658445738249368162e+01
7.894160547206737988e+01 5.890047250163739534e+01 7.426558683637075831e+01 6.495776471235308236e+01 8.261658644247697225e+01 7.332476282371149523e+01 9.328668000237489366e+01 8.881732768321514015e+01 1.088488114057200704e+02 1.049984497157548162e+02 8.500502234964817205e+01 7.444867142155719364e+01 9.450852630357947248e+01 9.973963550737127548e+01 8.000394655711674829e+01 9.493433906111667397e+01 8.769998901508679978e+01 1.073832704814189896e+02 1.243002608153073396e+02 1.262902745089496506e+02 1.222118017082711248e+02 1.138179210347678207e+02 1.222142027285629666e+02 1.269300825947614300e+02 1.106872924531844689e+02 1.024450506362777560e+02 9.738767894314347018e+01 8.842017661728954181e+01 6.875300910073434579e+01 8.010435994695646400e+01 9.392766494714227576e+01 1.132678439346812382e+02 1.209274350510506366e+02 1.152936133313957612e+02 1.189877061405094736e+02 1.026984993089947409e+02 1.163656508939619840e+02
8.471110084562803877e+01 6.472498260354689137e+01 8.471110084562803877e+01 7.391178769099595058e+01 9.325126776911118043e+01 8.328623801493509404e+01 1.015938851376416210e+02 1.088488114405373466e+02 1.171724465749569646e+02 1.132997365988187681e+02 9.527863888654590596e+01 8.143521225678007625e+01 1.012139550359220124e+02 1.079068037238259450e+02 8.991037138996384215e+01 1.079068037238259450e+02 1.016303285208864509e+02 1.155549220720564421e+02 1.204136236042127308e+02 1.061845437942842238e+02 1.120582306481650079e+02 9.352962116756884825e+01 1.120616192607696036e+02 1.150669941336224866e+02 1.068291225913824007e+02 1.066457609912457087e+02 9.346393808353136023e+01 8.545825883816752366e+01 6.738603482613747531e+01 8.715908825412142846e+01 1.001544216273126437e+02 1.067026034755555344e+02 1.149518674430479308e+02 1.248817205190030819e+02 1.308158092926741745e+02 1.225267510031627864e+02 1.301264368358536956e+02
9.136509153397089733e+01 7.140311946894219375e+01 9.136509153397089733e+01 8.542713941822786694e+01 1.021952995344900756e+02 9.740669853945340151e+01 1.116066698283347307e+02 1.241065840206499473e+02 1.244001202266327226e+02 1.262709712664064767e+02 1.096682832345476157e+02 9.122692916024664100e+01 1.096682824958362090e+02 1.177643556861884093e+02 1.095712403191160149e+02 1.177606031924298975e+02 1.212736936772793399e+02 1.205275176108283546e+02 1.100617714691966427e+02 9.200094454617604356e+01 1.036712365822940853e+02 8.326362673636998579e+01 1.036712891494408240e+02 1.068291225880291080e+02 8.718546346381388901e+01 9.288324218501863072e+01 7.963693742657545727e+01 6.504740840790343270e+01 8.318624251711557349e+01 7.495604852385687877e+01 8.061827043080087662e+01 8.710392428080642446e+01 9.682502253554127947e+01 1.165828519807941035e+02 1.298298556483769630e+02 1.215865774277638138e+02 1.201908057916939754e+02
