MOVIE_S1_data/elevation_000916.asc
nrows	100
cellsize	150.0
xllcorner	0
ncols	100
yllcorner	0
NODATA_value	-9999
[rows 0 to 16 of 100, columns 0 to 36 of 100]
0.000000000000000000e+00 1.154700539034836915e+01 2.568914291455363141e+01 4.568957972583973515e+01 5.157363741087039699e+01 5.984772314678692595e+01 6.415667743575070858e+01 6.793469743991055054e+01 5.969033916394900530e+01 5.598873580679373418e+01 6.199942828398467753e+01 6.903372113510002350e+01 7.719364623828478500e+01 8.840949756430470075e+01 9.034051244524172830e+01 7.546261420913337759e+01 6.541841163780259194e+01 5.709259946916930062e+01 6.047311196743886086e+01 6.443354854544664079e+01 5.668880039601164356e+01 6.436245287255434278e+01 7.490678834699099298e+01 7.559831822679703350e+01 5.931182969064031596e+01 5.038984643729671831e+01 4.952424561936445002e+01 4.414318180468078623e+01 5.407631849445460404e+01 6.100867038787960439e+01 5.701125197357237084e+01 5.396286414674467125e+01 5.261796046312986164e+01 3.788919104395361614e+01 5.547224185116460404e+01 6.519886148672077297e+01 6.834454397157517747e+01
0.000000000000000000e+00 1.999999999896225233e+01 3.641395457080142961e+01 4.469151539682397356e+01 3.158133274651020272e+01 4.417133690425573178e+01 4.417133700861191414e+01 5.641668417321853468e+01 3.972144050782338809e+01 3.602042976987593903e+01 4.205006858430537875e+01 4.911891528409167051e+01 6.064563286971032596e+01 8.032787204618145438e+01 7.908145497878813046e+01 6.104122447303924304e+01 4.594028374446226337e+01 3.761354520710948179e+01 4.060317858897057164e+01 4.648937378795582731e+01 3.737770878379824779e+01 4.861940145997818519e+01 6.748695788387993844e+01 6.321302330751444742e+01 4.327695979676147431e+01 3.046944217804496091e+01 2.980661889302509238e+01 4.480402677551683155e+01 4.860253163480976468e+01 4.961428672477853041e+01 3.133678823548969561e+01 3.166340233335445831e+01 3.199327992992581216e+01 3.232675263890980943e+01 4.467315255132137963e+01 5.506433380882627660e+01 5.014036577872188616e+01
0.000000000000000000e+00 1.999999991973582070e+01 1.641571328366920213e+01 2.740746580976378866e+01 2.003483744223854046e+01 2.417664770925260598e+01 3.851950934219313893e+01 4.167998401680678455e+01 2.817603922075193168e+01 4.816129015469322638e+01 6.199942828398467753e+01 6.903372113510002350e+01 7.719364623828478500e+01 7.643038010310567643e+01 6.537264144019162870e+01 5.177094322161391915e+01 5.913618571735249674e+01 2.868486970626665311e+01 2.666776872541710475e+01 2.698749058809460877e+01 4.611755274877163657e+01 5.439828633471165631e+01 6.364773401531487451e+01 5.635113050800767098e+01 4.492001411845064496e+01 2.936842387337760130e+01 4.874993326920118619e+01 3.024764738492503113e+01 3.056177688313849217e+01 3.087950459178352602e+01 3.804988017042768433e+01 4.566681312659845560e+01 4.954998202597621315e+01 5.124464492288091577e+01 3.280599032523841174e+01 4.737155003881299820e+01 3.378121695503588739e+01
0.000000000000000000e+00 2.425356250363325028e+00 4.868745137489419506e+00 7.408747677493218831e+00 1.003487633468736639e+01 3.003295654087925470e+01 1.852491907856534326e+01 2.168719663750299631e+01 4.167998401680682008e+01 5.456163989244458890e+01 6.122067840080572410e+01 6.947411732176065868e+01 7.944220175080945978e+01 6.825650987095480104e+01 4.935194100919493110e+01 3.948205467099808175e+01 4.630764331410943413e+01 2.621172344441200508e+01 3.629670634009605834e+01 4.627186561441460100e+01 2.743492208149410416e+01 4.540247971837564478e+01 4.276663270313613197e+01 4.802929284748038441e+01 2.893222162994907265e+01 4.849196683154924870e+01 5.440860579710803080e+01 5.071973966458360650e+01 3.678187608096398264e+01 3.606572139684649159e+01 3.748025543599170817e+01 4.420210269081473342e+01 5.091135484716318871e+01 5.286182426095719222e+01 3.385227224356103903e+01 3.329159972685351931e+01 3.833055352486261569e+01
0.000000000000000000e+00 1.999999938201327154e+01 2.486798203854273481e+01 2.155063156814001957e+01 3.003295566083046353e+01 1.416056131797333251e+01 3.415719614170127727e+01 4.167998334978579322e+01 2.854711935704476033e+01 3.457725553086357451e+01 4.124348445384129747e+01 5.123971777906263725e+01 7.120070656837523870e+01 7.224704423120681440e+01 5.303651295393575538e+01 4.040720399223390302e+01 3.064684056430621695e+01 2.588543313262843171e+01 3.504143341066924933e+01 4.980941629548698302e+01 3.110252182005249466e+01 2.787760859150631987e+01 2.818831993538091751e+01 2.849713198868647268e+01 4.361464998414712113e+01 3.930181857145900182e+01 5.819062464818482283e+01 6.159465148859698047e+01 4.448531052602803015e+01 4.157093207298598969e+01 6.144384806195696314e+01 6.113415749804422461e+01 5.904414238558067041e+01 4.023190934126319718e+01 5.659028863400521914e+01 5.698545015566728011e+01 5.163303097162012989e+01
0.000000000000000000e+00 1.414213563506229576e+01 3.414214211881424887e+01 4.154376422411064596e+01 4.243262481674377540e+01 3.415617110881778018e+01 4.243280614461664157e+01 5.679992237784730946e+01 4.853614119547577133e+01 4.487152697263981338e+01 6.122067169357880090e+01 6.947411732176065868e+01 7.944220175080945978e+01 7.479117879001360336e+01 5.550672132354827681e+01 4.272472142232589931e+01 4.516727029570430574e+01 2.555653879301513243e+01 4.471329569486508859e+01 5.281120368378883256e+01 5.100081239260977384e+01 4.756118110117307651e+01 4.777012788782619168e+01 3.193703437834751213e+01 5.042339409846216824e+01 5.290553354516474371e+01 5.441724407066930524e+01 7.242651797696180438e+01 5.885570798143417193e+01 5.302716988469136794e+01 5.302717168570704587e+01 7.555344470975022375e+01 6.913091668516150889e+01 6.111298000476288195e+01 4.809679617940800966e+01 6.625967020152342002e+01 7.596361430740260801e+01
0.000000000000000000e+00 1.414213562854268069e+01 3.414213746950223793e+01 4.271280155742155671e+01 4.139563122707463094e+01 4.433258796083875097e+01 4.385197990197422513e+01 4.678837299127988558e+01 5.388844048796475050e+01 6.484149034575905546e+01 7.308703239963344345e+01 7.436463524290093119e+01 6.647683172540735086e+01 7.248197344814197152e+01 6.923433038274163209e+01 5.835584613150534494e+01 3.881021016052984152e+01 2.865818892511355642e+01 2.508653764844981637e+01 4.415563965502521881e+01 5.227634855494429900e+01 5.997574032690244650e+01 5.884732499952189499e+01 5.061721710258613882e+01 5.896115741280142686e+01 7.254643054556301252e+01 7.354073803934251430e+01 8.173840645425616458e+01 8.158431263653744736e+01 6.890605750343677016e+01 6.890617904322162701e+01 7.555349040673145566e+01 8.359699467921089422e+01 6.465479445428684357e+01 5.464026164165928634e+01 7.395397899275120324e+01 8.264122734951936877e+01
0.000000000000000000e+00 1.798616941698831084e+01 3.152910108216021712e+01 2.162054067194329576e+01 2.328628660847057930e+01 2.741184645393135000e+01 2.573863886488677366e+01 2.823292143978660818e+01 4.152443034019532320e+01 5.038558733805830059e+01 6.282612435534090878e+01 6.304248610851462331e+01 4.662865896980628122e+01 5.296606782646923506e+01 6.666560307765989535e+01 6.653834499749808629e+01 5.418467070511245964e+01 3.474284147129170464e+01 4.398352358669148288e+01 2.461011069064402434e+01 4.355575517988813772e+01 4.021558684354143054e+01 6.000235876913590261e+01 6.664837679591555286e+01 6.665589026883782253e+01 7.483806874073211191e+01 8.521460736764360888e+01 7.700685920722540345e+01 8.521460515962968429e+01 9.159642133244619799e+01 9.160151965383403194e+01 9.784766559791285090e+01 9.154487697278963765e+01 8.102563250718782228e+01 6.231796126837974015e+01 7.395283019381318468e+01 9.081067810561283693e+01
0.000000000000000000e+00 1.987011507733501858e+01 1.396988152612097078e+00 8.821525836555718314e+00 1.705752745411828641e+01 2.145919491751336849e+01 1.036610068851892663e+01 2.941283340400448409e+01 2.115898262666540219e+01 3.320633376343828758e+01 5.406880630926000464e+01 5.314300049652010216e+01 3.422985865767327596e+01 3.818862012097700642e+01 5.868214508288438225e+01 7.044725017196192596e+01 5.070733879633782237e+01 4.854845128795369646e+01 5.224983031951244783e+01 4.343562669255645403e+01 2.412658335449311764e+01 4.332195802871226675e+01 5.142122685913007984e+01 4.695807915978881653e+01 4.695849207581149187e+01 6.665589026883782253e+01 7.526510586874243813e+01 5.707316030547793417e+01 7.359131942655305636e+01 8.180734203371929425e+01 8.584880127004127814e+01 9.404005646060385004e+01 9.721220318703893781e+01 8.893526262028773033e+01 7.316560518509731992e+01 8.893526262028773033e+01 1.007463254527173007e+02
0.000000000000000000e+00 2.884948816293787521e-01 5.771746809486206775e-01 1.099511258849082473e+01 1.669048434576444961e+01 1.920624159356975014e+01 2.552716183893460222e+00 9.279816578387832138e+00 2.942758974319091436e+01 4.352242287405238841e+01 4.562843439432302972e+01 3.225977673304740989e+01 2.430997068464183286e+01 3.422986011102625525e+01 4.662891570491942161e+01 6.651981061409738061e+01 7.044724731936568674e+01 6.828914677441109404e+01 5.217873594789769953e+01 3.252367246696196190e+01 4.331465867450402385e+01 2.363688573841227480e+01 4.277514001289004142e+01 3.305775557784464525e+01 5.272755788645734754e+01 6.529150188006086353e+01 6.704000982818273258e+01 4.709273200858753938e+01 5.366410004468463057e+01 7.359131945198251401e+01 6.612186474474368936e+01 8.264250241976159828e+01 7.746191392494900185e+01 9.143610212358920819e+01 9.176720945638940918e+01 9.981448421960648432e+01 1.015215304782497157e+02
0.000000000000000000e+00 1.688333099329043208e+01 1.891180146901221804e+01 9.857321815053605718e-01 1.274638514699149239e+00 1.563682905362833386e+00 1.853390165929392319e+00 1.480006070902397042e+01 1.744957586580359532e+01 3.441900494292556800e+01 3.137255775940812796e+01 1.683685383443677708e+01 3.837633136033262815e+01 5.393033615924804280e+01 6.307845468811519396e+01 7.451282461115037847e+01 7.593728378031067905e+01 5.624594801468774108e+01 4.234406735959523616e+01 5.217873686090619856e+01 5.145052752574827792e+01 4.283450238621042416e+01 2.314071153562931471e+01 4.227428886275532705e+01 3.743609720415016540e+01 5.136380323937866876e+01 5.460243572533607903e+01 3.966065227797048465e+01 5.817288548858841324e+01 6.204346711336820874e+01 5.482805783425890667e+01 7.185150631978719105e+01 6.350969420599991366e+01 7.746191392494895922e+01 9.721220318543176120e+01 9.849755229125997857e+01 8.242851640286443171e+01
0.000000000000000000e+00 1.227901818141146961e+01 2.327209461416865821e+01 2.520523742692897784e+01 1.422928662758336671e+01 2.272492245775396569e+01 2.193267079767981187e+01 2.263192986813053587e+00 4.489815713077768500e+00 2.541190192475723819e+01 1.054849821239999663e+01 1.631316352761516342e+01 3.783721547161254506e+01 5.423885864974511151e+01 6.209367758888355127e+01 7.099058323471957976e+01 7.809430715846150406e+01 5.839930683112404353e+01 5.624594801468774108e+01 6.942170941617655444e+01 5.148170579423932480e+01 3.175855474316058746e+01 4.238416996796223657e+01 2.264107760868155239e+01 2.393989502165157646e+01 4.319945393920190924e+01 3.168911511728315844e+01 3.525725906456851533e+01 3.890085648580943456e+01 4.269055994480626026e+01 4.726257548603623349e+01 5.219501592182770366e+01 6.094198621635609214e+01 7.233360133044702422e+01 9.207546213204474839e+01 9.049817366260874962e+01 7.137815681091356623e+01
0.000000000000000000e+00 1.999927218501974835e+01 3.199147075082235503e+01 4.152108812782091718e+01 3.899103222404867353e+01 3.325473445308208653e+01 1.381193196068660178e+01 1.543950702768110794e+01 2.673429247957130439e+00 5.869231973121515011e+00 2.694237835754521626e+01 3.783721547161165688e+01 2.608341406885044123e+01 3.347976472817642701e+01 4.320904215903137668e+01 5.759055125178714718e+01 7.661323947368200038e+01 7.809430715846328042e+01 7.593728378031900661e+01 6.127771758040046279e+01 4.168570081352624612e+01 5.092757314256868284e+01 4.195056977377449670e+01 2.228968983430846151e+01 4.207506425604383793e+01 2.750464550447957635e+01 3.782218412463381441e+01 5.240412924535348083e+01 5.817288548858841324e+01 6.204346711336820874e+01 6.677622189204241465e+01 7.185150631978719105e+01 8.003517194899244203e+01 8.886529866414775825e+01 1.002704827408270631e+02 9.849755229122956734e+01 8.093816523691846498e+01
0.000000000000000000e+00 1.999999894394399647e+01 3.805345574868373859e+01 5.027903228106653444e+01 5.228110494212063486e+01 3.656284434227919888e+01 2.590853682040744488e+01 1.920876282735281393e+01 2.964724925017635737e+00 2.408157983844666816e+01 3.079003914044274381e+01 3.557382462333672635e+01 4.059569747998416744e+01 4.911023151801057196e+01 6.220528856322054168e+01 7.099058323075257704e+01 7.463649664483109802e+01 8.256839557524571660e+01 7.513863341057825096e+01 5.553633825661982826e+01 6.127769110614865866e+01 4.662049390987532149e+01 2.922768433468742444e+01 2.193883547791799771e+01 3.458562442970197992e+01 4.713922724232504891e+01 5.217289218403914219e+01 6.038826732769688022e+01 7.193635614612504980e+01 6.384658912670258246e+01 6.978434508766413558e+01 7.672261746129561288e+01 8.474516406190724638e+01 9.582337522305867594e+01 1.124827757228899401e+02 9.857957389978150786e+01 8.874926390141251886e+01
0.000000000000000000e+00 8.811038316457651121e+00 2.090167703809440525e+01 4.317604989603323418e+01 4.314042991288380335e+01 2.123808730941811973e+01 2.201262146973927969e+01 2.038099669977514949e+01 3.258130973444998801e+00 3.743624255555898728e+00 7.757584744300118018e+00 1.232180118320010642e+01 1.759476621050206901e+01 4.059569747998487799e+01 5.412982018227823033e+01 6.042272369995965420e+01 5.453518617370338717e+01 7.463649664483122592e+01 8.330708066714618099e+01 7.513863341055558465e+01 6.099903913179605297e+01 3.709492997668735370e+01 2.144195519573476005e+01 3.601234936682443788e+01 4.370284270881940358e+01 5.867159891999389743e+01 5.979465779889922317e+01 6.380351185007732795e+01 5.639293753925919361e+01 4.386493289268207718e+01 4.976019925571358726e+01 5.664755352147113143e+01 6.744688225974152829e+01 8.500651680121640652e+01 1.038844242465156071e+02 9.543605529974909985e+01 8.078080348281334011e+01
0.000000000000000000e+00 1.414213562373082489e+01 3.414213562373011257e+01 4.980017701252295836e+01 4.114295118380147898e+01 1.913945094514231116e+01 4.213847708633488232e+00 3.672537448993962617e+00 2.223491321786882224e+01 6.841012441974128500e+00 2.722411662671921206e+01 3.557382462268047618e+01 4.059569747998482114e+01 2.631920140563598665e+01 3.270490501935804417e+01 3.955152109302868979e+01 5.187709581279328575e+01 7.209624247822455345e+01 7.833065616272780574e+01 6.838163890833756398e+01 6.012068432960717246e+01 4.813789628064336057e+01 2.103093615585003917e+01 2.094323682512704465e+01 3.994379979789417945e+01 4.837613299526282873e+01 3.984571457914070436e+01 4.402578181852604189e+01 3.646600611077022336e+01 5.639293754672503667e+01 6.978434508765951705e+01 7.672261746129561288e+01 8.474516393890944244e+01 7.424294769710220976e+01 8.782693528047551013e+01 1.007388876161745372e+02 8.131690186262552800e+01
0.000000000000000000e+00 1.033439201820824849e+01 2.204591531387166725e+01 4.157961922681445088e+01 4.160330883000368374e+01 2.560536927075001756e+01 4.083048196071793257e+00 2.123019188273948998e+01 2.894269528288345228e+01 2.711447534565258977e+01 1.149855390826063939e+01 3.195102174913805371e+01 4.544753645639166706e+01 4.840377135462860281e+01 5.412982018227823033e+01 6.042272369996042869e+01 6.855179087390654047e+01 8.005497750566672721e+01 7.005075294377942896e+01 5.019064120305994692e+01 3.959191948836135566e+01 3.173184964535012753e+01 3.018975117793077700e+01 3.622129559942456467e+01 2.044601670131435966e+01 3.998745668015753552e+01 2.572773442241018671e+01 2.994359580681860322e+01 4.981856424186351262e+01 6.451153545100947895e+01 6.502332949766228865e+01 6.645476933463812941e+01 7.436419709522492383e+01 5.974993294998322568e+01 7.721001501208614570e+01 8.836644700066662494e+01 9.250138010610977801e+01
