MOVIE_S1_data/elevation_000942.asc
nrows	100
cellsize	150.0
xllcorner	0
ncols	100
yllcorner	0
NODATA_value	-9999
[rows 17 to 33 of 100, columns 0 to 36 of 100]
0.000000000000000000e+00 1.999999999999964473e+01 2.555541075863461131e+01 2.090413527528249915e+01 3.490302419788434918e+01 3.490381013621204431e+01 3.383624951802207192e+01 4.519791069378281634e+01 6.515029122172055054e+01 6.577136756173264587e+01 7.405429398587754974e+01 7.976991515534446364e+01 8.802199808827437266e+01 7.026244511838065421e+01 4.928326561946919782e+01 3.714718741512386657e+01 3.987199147446205671e+01 3.554498196075905270e+01 3.757549007357194881e+01 3.277536990896363989e+01 2.913062441286291460e+01 1.269576203558605876e+01 3.364662538807208136e+01 2.389261413535542644e+01 4.397199154743284311e+01 5.869247576811027045e+01 6.981959306205480686e+01 7.501382935723509604e+01 6.571433209622227878e+01 5.726202052926674924e+01 4.230498900489894254e+01 4.756166785541815756e+01 6.836076111456409876e+01 8.576799646564472823e+01 9.398570817840892744e+01 8.936937542087231634e+01 9.766972032915134605e+01
0.000000000000000000e+00 2.747431287646969089e+00 5.522266479889922586e+00 1.093897365106746378e+01 1.621437140540102106e+01 2.289214291659746436e+01 4.080424254102847925e+01 4.492017238969200577e+01 4.942010184081937041e+01 4.574523872928304513e+01 6.243496857823608082e+01 7.071780635698674189e+01 8.071768581685782351e+01 7.430199000445162483e+01 6.087421179933793525e+01 3.987425139473025837e+01 2.519667133765281974e+01 2.099426250566340357e+01 1.713476698300587486e+01 1.214152701756286667e+01 1.222730252073077750e+01 1.402779038263996370e+01 1.771744027924946252e+01 3.807964071753625745e+01 4.037784263443385413e+01 5.985216842053922903e+01 7.236849437658548823e+01 6.044796095205469300e+01 4.588211018662040885e+01 3.639246762525957735e+01 5.120176787490652259e+01 6.836076111456409876e+01 5.747949821618906441e+01 6.538708132240341797e+01 7.990317215014079011e+01 9.992693486907005251e+01 9.925180736566262851e+01
0.000000000000000000e+00 1.999999999999964473e+01 2.555541075863461131e+01 1.024892732428130060e+01 1.360180792584143816e+01 1.704033445175852179e+01 2.068585701665034904e+01 2.475631649705911386e+01 2.929580554747103704e+01 3.570655683540535108e+01 4.241689570523551112e+01 5.243375550836604759e+01 7.243618164810604299e+01 6.558146145877253730e+01 4.448522701736661134e+01 3.397564835785446036e+01 4.602499739259084066e+01 4.167322922596187595e+01 3.759172611236031969e+01 2.027159533836455552e+01 1.189879878269479363e+01 2.930412734217069470e+01 3.488891229131812821e+01 3.348778348803917737e+01 5.125318302407931270e+01 6.774893740744059301e+01 6.397110762971918518e+01 4.316924858340627225e+01 3.111251434971307006e+01 5.196114879077452287e+01 6.571433209622249194e+01 8.022689631753864603e+01 7.806473461408377545e+01 8.576799646564472823e+01 9.398570817840892744e+01 8.598235634144012351e+01 9.422138077932564215e+01
0.000000000000000000e+00 1.999999999999964473e+01 3.249467383245561081e+01 3.509768802786317821e+01 3.335769912610916066e+01 3.700222504976945004e+01 3.492007878974897750e+01 3.904481221399193203e+01 4.355348695364662603e+01 4.574523872928304513e+01 6.243496857823608082e+01 7.071780635698674189e+01 8.071768581685782351e+01 7.430199000445162483e+01 5.512956960405057316e+01 4.611775656131504775e+01 6.332323004384553400e+01 5.269983287469105449e+01 3.304282973245209831e+01 3.318018346647572514e+01 1.157212879796579763e+01 2.839563040656738480e+01 3.358841972213864580e+01 4.460384980124688070e+01 5.897747428102411504e+01 6.073714667936819467e+01 5.275280654852934958e+01 4.423025921537351479e+01 2.778754100183405029e+01 3.820599491587618246e+01 5.299452588407019960e+01 7.363300333190559854e+01 7.933263367515253606e+01 7.098171301207993622e+01 7.933263367516507003e+01 6.559634580093005241e+01 8.253525918488423940e+01
0.000000000000000000e+00 6.286890363178086361e+00 1.282254246127054920e+01 2.065664258663788289e+01 3.177940168293420342e+01 5.152664068925875540e+01 5.500987047259170026e+01 5.910454660969394780e+01 6.358336306665179194e+01 6.577136756173264587e+01 7.405429398587754974e+01 8.478337118832412500e+01 9.285706982375917562e+01 8.568800251709529903e+01 7.593898149135283404e+01 6.721706175659029725e+01 7.248572754197830648e+01 5.298294097198733965e+01 5.291530061476859714e+01 3.470271465850385795e+01 1.124688250189474559e+01 2.610146143053574619e+01 2.317600460664462858e+01 4.059502220664179362e+01 5.386902855954966896e+01 4.002647692694024784e+01 4.002836850591918250e+01 2.343196131669445137e+01 4.423025921537350058e+01 5.712638304632771735e+01 6.747428692204849199e+01 6.611747892235796087e+01 6.904266028677882616e+01 5.022819383206008581e+01 6.495804922057949682e+01 5.351893420842419857e+01 6.290486233906056412e+01
0.000000000000000000e+00 1.999999999999964473e+01 3.249467383245561081e+01 4.012556693320525625e+01 4.835702603694684854e+01 5.979389507072246346e+01 5.397688826647603832e+01 5.397688826647603832e+01 7.398114933416860595e+01 7.873958059912858687e+01 7.052719351456821073e+01 6.462209137449809759e+01 8.478337118832412500e+01 9.159822467912918853e+01 8.406798674797774140e+01 6.847942467269565725e+01 5.858583020350116044e+01 5.060046619974303894e+01 4.411436237537409966e+01 3.819563394792355382e+01 1.373552700754134470e+01 1.078971573025344810e+01 2.825512861177401192e+01 2.816599998010991612e+01 3.171876445700916136e+01 3.604303218276405829e+01 1.934230315623140228e+01 4.002836850591918960e+01 4.334566075458140233e+01 4.592948026462688915e+01 4.861808337107365929e+01 4.534238837454492455e+01 5.511674403060025185e+01 3.970647477822417670e+01 4.408133529248834037e+01 5.624122300831655252e+01 7.093171325000696470e+01
0.000000000000000000e+00 1.999999999999964473e+01 2.777137328356480950e+01 3.194170196350824753e+01 3.665581623236853659e+01 4.242946685600139745e+01 3.397616768712529733e+01 4.811837834925548663e+01 6.812058236392711308e+01 7.052719351456821073e+01 5.004591060063966523e+01 7.052719351456821073e+01 8.362720098180315631e+01 8.103726191430048686e+01 6.543109139626572812e+01 5.994037667272722558e+01 4.158259557838970721e+01 3.258642853362604086e+01 2.559607511337707919e+01 3.437747352879392793e+01 3.384722328464839336e+01 2.676563809278304973e+01 1.033620346744499052e+01 1.205093424243214706e+01 1.379074822215242691e+01 1.553612919519205882e+01 1.780304615299061055e+01 2.011053407164148865e+01 2.252888342071855021e+01 2.509806152323359640e+01 2.779225339380901616e+01 3.059377479210391115e+01 3.424593584524210854e+01 5.511674403060027316e+01 6.495804922057949682e+01 5.534734982792441116e+01 6.580425267441634674e+01
0.000000000000000000e+00 3.849001794597513015e+00 7.771324497361210781e+00 1.194161277850274239e+01 1.665565798641314288e+01 2.242916067831494686e+01 3.397616908245581158e+01 5.397827884382712682e+01 6.398171247318364863e+01 5.564011781996578776e+01 4.315109801662609357e+01 5.508872689015796453e+01 7.546345256017389147e+01 7.269661827765607143e+01 5.426196676650417317e+01 6.768997815418852326e+01 5.827316446381085058e+01 4.765862189644229829e+01 3.596912531234748656e+01 1.639446212145237425e+01 2.790919286214915118e+01 9.890719412640962105e+00 1.080534345339797575e+01 1.599121124794633175e+01 3.170955520610051792e+01 3.604798131697837960e+01 3.842928735625328329e+01 3.476454193991504837e+01 3.454366021296259248e+01 3.712813445985629102e+01 3.981693501002072111e+01 5.142727151623476090e+01 3.732311297819121165e+01 5.214155662098909261e+01 7.282955093264752122e+01 7.599431837083862717e+01 8.430415506051372176e+01
0.000000000000000000e+00 1.999999999999964473e+01 2.777137328356480950e+01 2.348861848557675813e+01 3.665581623236853659e+01 3.298561907586347530e+01 5.071594456402920059e+01 6.226856036877768474e+01 5.564011781996578776e+01 3.519020231742369731e+01 5.564011781996578776e+01 6.851788475291996861e+01 7.673971088030737064e+01 6.492436405409090128e+01 4.547940368740864159e+01 6.485376138520163636e+01 5.426322603944546330e+01 3.013304817220202025e+01 1.817723631561445785e+01 1.011041766849315771e+01 9.444188138729360915e+00 2.938364785647831212e+01 3.190903793760141838e+01 4.013006591532188594e+01 5.187071143661674455e+01 4.773710701651533128e+01 5.628115383269683036e+01 5.556747511960190877e+01 4.931061943788990476e+01 5.190215273328612966e+01 5.460141760650063247e+01 6.665581421222360348e+01 4.943196956689877197e+01 4.588047713204170464e+01 5.383998821284279757e+01 6.430734936393976398e+01 7.884534587621247681e+01
0.000000000000000000e+00 1.414213562373107536e+01 3.414213562373178235e+01 4.348882873467614729e+01 5.177425993812088478e+01 5.298632083609793852e+01 6.127307211314534641e+01 6.527556900699981668e+01 4.483161661309400614e+01 3.063598560057468490e+01 5.082000462285973441e+01 4.815422185774488639e+01 6.851788475291996861e+01 5.846358529951375260e+01 3.889241092952256906e+01 5.811203116607412511e+01 6.325011236291824446e+01 5.014853536828640301e+01 4.035350987423888114e+01 2.958048275926558901e+01 9.128294730902409171e+00 2.845184848311390269e+01 3.458150940159627140e+01 4.242793933802762751e+01 3.704664543550944700e+01 2.757544116497425790e+01 3.900799557521153105e+01 5.966809829766527429e+01 6.999690493107085842e+01 7.255879175818112969e+01 7.522073420492831985e+01 7.853850929929160429e+01 7.017955239869914408e+01 5.639476808139631459e+01 7.451533056255810550e+01 8.283681178487334762e+01 9.297094225804877965e+01
0.000000000000000000e+00 8.164965809277331843e+00 1.816496580927750770e+01 3.230710143379438648e+01 5.230710342224463716e+01 6.146907639947318813e+01 5.284045447324349709e+01 5.258946413150909649e+01 4.651679207032302088e+01 2.667281112218169881e+01 3.393595714894884452e+01 5.411860062994471576e+01 5.403744397548670975e+01 4.591716698331401858e+01 3.318510885192632287e+01 4.712301806634746271e+01 6.664397369334734833e+01 6.339290393844304816e+01 5.102599724855852514e+01 3.135538827210449142e+01 1.091692248238439689e+01 8.681736909371547739e+00 2.816743913376236108e+01 2.965320721203420007e+01 1.710693851442163549e+01 3.726458792814834453e+01 5.629389473793809628e+01 6.821783932671984019e+01 7.858995586805599487e+01 7.018661832381636145e+01 7.859167626156495601e+01 8.383528078223359614e+01 8.531020634603525821e+01 7.700680318904525734e+01 8.531023228956748028e+01 9.005546989369148037e+01 8.161684729307849295e+01
0.000000000000000000e+00 1.999999999999588240e+01 3.644924614873450253e+01 4.644926333172715971e+01 5.555742954222038321e+01 5.264921824292146368e+01 3.240174896846112063e+01 3.238199736619409919e+01 4.245060566626325027e+01 2.294951211397488322e+01 4.246615861195531494e+01 4.801260758114442950e+01 3.984957538275970279e+01 2.619784542488795154e+01 4.591716698203632774e+01 6.089192729543709248e+01 6.354120728538367757e+01 5.430774198071009806e+01 3.310478697785619318e+01 2.130642796219561674e+01 2.913734370980666100e+01 2.805178101105622090e+01 8.234216556495077555e+00 1.047623916592288218e+01 2.992113571232526326e+01 3.350336984393192097e+01 4.794212820023817301e+01 6.862256336006807089e+01 6.858811120650379678e+01 5.029903046568206548e+01 6.858821419927949137e+01 6.381981245562545269e+01 6.749313307331283340e+01 6.757848625001484777e+01 7.593179943276602728e+01 8.161684859066184572e+01 6.171210991611702212e+01
0.000000000000000000e+00 1.743818575910033175e+01 3.396160888221865548e+01 4.918332964678474895e+01 3.465524060297020270e+01 4.848952003279896417e+01 3.825699842018993735e+01 1.887596854278118741e+01 3.445182323766896104e+01 1.975334345611306475e+01 3.906884059622008465e+01 3.435457080836713573e+01 1.998886384303314756e+01 3.984957453105719338e+01 5.403728642647841696e+01 5.742568719852165771e+01 4.280893820153766427e+01 5.742561604794627783e+01 5.102250575674840860e+01 4.203753876052200411e+01 4.121763525589077659e+01 2.766954313506861496e+01 7.918788297773961204e+00 2.799963871044823094e+01 3.778421583927293881e+01 4.650172263232970948e+01 5.473416955427575203e+01 5.293222995196941127e+01 5.840104546127591334e+01 4.049440057059494791e+01 6.024280512772305940e+01 4.983046200632812628e+01 4.766630332857756969e+01 4.775015686648616509e+01 6.442642192060787920e+01 7.409356529349751952e+01 5.424318946543960607e+01
0.000000000000000000e+00 8.089080248785572635e+00 3.136183131890019382e+01 3.991493444166735571e+01 2.038616437234897560e+01 3.558136753188576762e+01 2.744411705678274771e+01 1.213655325169110100e+01 1.526229561779894794e+01 3.445141670313384452e+01 2.900954823012724759e+01 1.395755594087019169e+01 3.435449043299656324e+01 4.801037330710958173e+01 4.559917099328670531e+01 3.708428328226209203e+01 2.844762154314471658e+01 4.888093193123798841e+01 4.866614151223981111e+01 5.050156462272705227e+01 3.442885712817797383e+01 1.770524691898621938e+01 7.605517218408018643e+00 2.761673725369847432e+01 3.757804997572061012e+01 2.698293053046794299e+01 3.714917271914164587e+01 3.336310344193073263e+01 3.872232095223794346e+01 3.365381805558995865e+01 5.326066471159830940e+01 4.991824357218443708e+01 3.383975590981826542e+01 3.642352488578169556e+01 5.613061854939348905e+01 6.312002207423667244e+01 4.913601497933126439e+01
0.000000000000000000e+00 1.714808185097807680e+01 3.179494251878276145e+01 2.812711514263266821e+01 1.325342421406399218e+01 2.441706115237650110e+01 8.071346185251771388e+00 2.728997159064435252e+01 3.424496203966603503e+01 2.899565122214985990e+01 7.615283470067190308e+00 2.564953607474924269e+01 3.376991823546702420e+01 4.642490329130131954e+01 3.702928360808399333e+01 1.684348838587738939e+01 3.477650046526206040e+01 3.414708990195761373e+01 3.111386733205435107e+01 3.662122225999083724e+01 9.200810722200150948e+00 7.171380628357633569e+00 9.155907260006024728e+00 1.009201266689038512e+01 2.993820166531540750e+01 1.559226323583405360e+01 1.760680400981740945e+01 1.963950751588664190e+01 2.506145227368395112e+01 4.431341878413120838e+01 4.657069622070100934e+01 3.039885203050135232e+01 4.991816555539308808e+01 5.613061021505416193e+01 4.039114749641790070e+01 4.331343436129047575e+01 6.311970551321999778e+01
0.000000000000000000e+00 1.984979427057427870e+01 2.235960970840943318e+01 1.079790113181422662e+01 1.107107848326023714e+01 4.122411789111067648e+00 1.784419152628418104e+01 2.135920490430293484e+01 2.244977166757185572e+01 2.275002913299071139e+01 3.972334975117969513e+00 1.061317218290837516e+01 2.066599090694520768e+01 3.453952579098115194e+01 2.621176538582006188e+01 1.074800176137959440e+01 2.192403180340148694e+01 1.475321044053212383e+01 2.310639651505142211e+01 2.025592905379062358e+01 2.432087554633313431e+01 6.863764421875096389e+00 2.002805966477309241e+01 2.957303184625485315e+01 1.278643205307215069e+01 3.256001655221106716e+01 3.142228763144139236e+01 3.909476519817744844e+01 2.271584788524707932e+01 2.493061260493187703e+01 2.715292049859846912e+01 4.657069622070100934e+01 4.412569191119997214e+01 6.390345750841554207e+01 5.434289367647315316e+01 6.311993009645197361e+01 4.989641455052144892e+01
0.000000000000000000e+00 1.626614487753046845e+01 6.928019275849889302e-01 9.798933114650346665e-01 1.267178495121071613e+00 1.554559097914369303e+00 1.843862390490680569e+00 3.264168959644335288e+00 2.598890756233631638e+00 2.834970971911559889e+00 3.065731918377013088e+00 1.283470245845601632e+01 2.440155680532388516e+01 2.644663604083484998e+01 7.095106152042303549e+00 4.944427705641461834e+00 5.240825083430029174e+00 5.537375590888533594e+00 5.833316083244326933e+00 6.128128493336680194e+00 6.424541192834159808e+00 8.898997604253395366e+00 2.918765463166137053e+01 3.852514816633719619e+01 3.254530318372921016e+01 4.073161626688897741e+01 5.097507739338754362e+01 5.027004386594463625e+01 3.232817609791230495e+01 4.428904026922271697e+01 4.079643754671247535e+01 5.481352907887514903e+01 6.390371698562020697e+01 7.224763575875664401e+01 7.422855937059645726e+01 7.809148672010520897e+01 6.973201840233228666e+01
