MOVIE_S1_data/elevation_000848.asc
nrows	100
cellsize	150.0
xllcorner	0
ncols	100
yllcorner	0
NODATA_value	-9999
[rows 34 to 50 of 100, columns 37 to 73 of 100]
7.773676966796654142e+01 9.100578526122856715e+01 7.899357578215662556e+01 6.882359684356809737e+01 6.028691957790601208e+01 5.348696055723017651e+01 4.128355340542567120e+01 2.337568982065509715e+01 4.271515050632699229e+01 5.111102869529641168e+01 6.334389601049289098e+01 6.445714874648832904e+01 7.261233074663684306e+01 7.611695185104620975e+01 6.178702577571993260e+01 6.178702577571993260e+01 8.195903326333323946e+01 8.482622890079484534e+01 6.462609217511534609e+01 5.312614665005596493e+01 6.461964393090198655e+01 7.302300190471198960e+01 6.338771077227245598e+01 4.349711684693522074e+01 3.990868305937242155e+01 5.986362916498809028e+01 4.280684128769632935e+01 6.273782908265534530e+01 6.526480380160276695e+01 4.691168923100189403e+01 6.687336094234009920e+01 6.375040567070929143e+01 7.084358605375409468e+01 5.137741357985417068e+01 7.433938484067287789e+01 8.655872800931578581e+01 1.000680633846928345e+02
6.306289152760321315e+01 8.377422926956921856e+01 7.034530766165684668e+01 5.022853149415522012e+01 4.052113433788664310e+01 3.339834022926302026e+01 2.504447145651344897e+01 2.392138291867307487e+01 4.397743295252954709e+01 3.802901358323235570e+01 5.158039747735448088e+01 6.012866073689558277e+01 6.909002531330736474e+01 8.248246483991556488e+01 8.195903326333323946e+01 8.195903326333323946e+01 9.044687792637250823e+01 9.333008290902745330e+01 8.076933602069678386e+01 6.064674554893483815e+01 8.076933602179690297e+01 7.102707772509650397e+01 5.125158582166245935e+01 6.320776478839411539e+01 4.877721737396814206e+01 4.133437958839650861e+01 6.127078057670666311e+01 7.112566931009209270e+01 7.527648834864439209e+01 6.686967842915318272e+01 4.851298351801285236e+01 4.965273263527300429e+01 5.082532173786107421e+01 5.215820264494671932e+01 7.219440615794600546e+01 8.250935047501717179e+01 9.728707869524555463e+01
6.896151027038877146e+01 8.965944022326510776e+01 7.899357578215662556e+01 6.882359684356809737e+01 6.028691957790601208e+01 5.355049453132385651e+01 4.747374670151695852e+01 3.790620700303649215e+01 2.468788647302571704e+01 2.524528102034371102e+01 3.626133500099961537e+01 4.070768438533173139e+01 6.062493641178436832e+01 6.211571175828614599e+01 7.660641745073075981e+01 9.109703988469323122e+01 8.607360632917557552e+01 9.457424269030917685e+01 8.925990141067981654e+01 7.479528963583027235e+01 8.925990141067981654e+01 7.686245021807533817e+01 5.715590829948570928e+01 7.545937187045738881e+01 6.740176622980612819e+01 6.127078135582244300e+01 4.674120916464246278e+01 6.670314712365893683e+01 8.181732836754828497e+01 6.849647343924895893e+01 6.849694624031415913e+01 5.517037738149954862e+01 7.084073038260072508e+01 7.219440650517225322e+01 5.406593660845140903e+01 7.411958970907656408e+01 7.751627694011312997e+01
7.618897409729417802e+01 8.749503408152419581e+01 7.727008086778253926e+01 6.872151382966615074e+01 6.204579764690134880e+01 5.628490602564217227e+01 4.780920545717861359e+01 2.769474329875497531e+01 4.476257063153338578e+01 4.533723261673438998e+01 2.603030170645178742e+01 4.615352349742832416e+01 5.650131119613697450e+01 4.802483297146708452e+01 6.211571175764171926e+01 7.985320522037797275e+01 6.638429772912411408e+01 8.306575126639688733e+01 9.193384359587167864e+01 9.519202319892426090e+01 9.107692629561101683e+01 7.097462144473237800e+01 6.687733815720979180e+01 8.528074738508921371e+01 7.829694325311422176e+01 5.821732888052555666e+01 6.670397210035866919e+01 5.335933969322284298e+01 7.337636549839773181e+01 8.872852712352958804e+01 8.100465193578699541e+01 6.094185117082499659e+01 8.100285310662047777e+01 8.249389241559632069e+01 6.819204034413994009e+01 5.601266628744538423e+01 5.745854659296308142e+01
8.471784608473765843e+01 7.886852859681573591e+01 5.857449906251657268e+01 4.869436528137171649e+01 4.208948367706690874e+01 3.628728067902401477e+01 3.084566048430973240e+01 4.780920545718507242e+01 5.516073508005466408e+01 3.990484269257086680e+01 2.658579149815058429e+01 4.571497725540914558e+01 3.645781098066724724e+01 5.650156389818996416e+01 7.431142284280211641e+01 6.035259554432930429e+01 5.538236020136081095e+01 6.389047333406258389e+01 7.753426599520004459e+01 9.775201134315818763e+01 9.958687332863645736e+01 9.107692629561098840e+01 8.086633832635399699e+01 9.534590610900933427e+01 8.676912930675175062e+01 6.973142521299676844e+01 7.916809709211325696e+01 5.910495421102741886e+01 6.965890124883723900e+01 8.991718454598041887e+01 8.771911808744630434e+01 6.757572301343559218e+01 8.771911808744630434e+01 9.652070634531391136e+01 8.092363465883639151e+01 6.089083028141407539e+01 7.751627693373097827e+01
8.881713334135292826e+01 8.749503408152419581e+01 7.727008086778253926e+01 6.872151382966615074e+01 6.204579764690134880e+01 5.338164652753813044e+01 3.334248320907120444e+01 5.338164652753813044e+01 6.563100426468827209e+01 5.437975305737187171e+01 4.673264590886603997e+01 2.737751349656214828e+01 4.755501169756328039e+01 6.493792834035961903e+01 5.962551694325548368e+01 4.674816349003439342e+01 5.786223356491441905e+01 7.726827976486558214e+01 9.193384359587167864e+01 1.014621965148138543e+02 9.288313252252187624e+01 1.014621965159859087e+02 1.012875142648653650e+02 1.070812098213974792e+02 9.852347192081231242e+01 8.999766026283975862e+01 8.629504211210135622e+01 6.613700564177496233e+01 7.916809709211325696e+01 9.843744394365657513e+01 9.626666928425865422e+01 7.750509959340551802e+01 9.626666928425865422e+01 9.530278271316427663e+01 7.498287801615947501e+01 8.093444030884775486e+01 6.978455399205046206e+01
9.676804141265100156e+01 9.486374700087006318e+01 8.620652678250840495e+01 7.145214059360969827e+01 5.116160899604916779e+01 3.709885209226731462e+01 5.332017855664629735e+01 4.750305301951938475e+01 6.758433937353441934e+01 5.581990443767246290e+01 3.778751260941295698e+01 2.794443981903574681e+01 4.813996670093064267e+01 5.734345259784920046e+01 4.016644057738187712e+01 5.962414411999532859e+01 7.431148961050554647e+01 8.565979761164169304e+01 9.349850831263202622e+01 9.112827450522115669e+01 7.223345122572897026e+01 9.112827451335631679e+01 1.007956325889610412e+02 8.578515893322452257e+01 9.643316548127377530e+01 1.051916786883333828e+02 9.481935328670851959e+01 7.609337161273067807e+01 9.481935328670851959e+01 1.081224924461189971e+02 1.065277124710126770e+02 9.793313658148720435e+01 1.065277124710126770e+02 1.038593148285958847e+02 9.530278271316427663e+01 9.716248605460806687e+01 7.677631970502110903e+01
9.510810222749439902e+01 7.436417983514456864e+01 6.566387104615807857e+01 6.978888212228935117e+01 5.968911372811462712e+01 3.980191886118389988e+01 5.967598038226968526e+01 6.757133826975247359e+01 7.612245224866771309e+01 6.428182469402521804e+01 5.485677082180488640e+01 4.813994663307183686e+01 2.876118022251326778e+01 4.897014635560929463e+01 3.577070669507610745e+01 5.476362403680468560e+01 7.118910523399026147e+01 8.302121668504358354e+01 7.275458779025055378e+01 7.275458779025055378e+01 6.176149495876334328e+01 8.255829187412507508e+01 9.030252802911472543e+01 7.111658325130908054e+01 7.541290956300487380e+01 9.643314107723237782e+01 1.050610282004982849e+02 9.649672791595891397e+01 1.050613346326589408e+02 1.076993474075122492e+02 1.163319387445184674e+02 1.089209119121185267e+02 1.002627386644895751e+02 1.089209119121185267e+02 1.092915407395102250e+02 1.057445736701922812e+02 8.839452755245710591e+01
9.137566675453616938e+01 7.436417983514455443e+01 5.421847991011492240e+01 4.983909677788989256e+01 4.564967372260607448e+01 4.344124105820539938e+01 5.737520629606022737e+01 7.757022541721896403e+01 7.385631515506848643e+01 6.482507565949214268e+01 5.262791561613609304e+01 3.249610616016978781e+01 4.643209233727901619e+01 2.961513577335701441e+01 4.730720944076476542e+01 3.563220549339578014e+01 5.802142421282113105e+01 6.281081751798074464e+01 6.478868993959012812e+01 5.167880310805924182e+01 7.275458779025055378e+01 9.112827451335348883e+01 8.156960616823562304e+01 6.107777671414455511e+01 7.538280749740310682e+01 9.629566726586331527e+01 9.729518982230194979e+01 8.889389170760078684e+01 9.729476638155453827e+01 8.668660056140210202e+01 1.042292801110381362e+02 9.843819065637445931e+01 7.927129877121845425e+01 9.215551862252037552e+01 8.830428553567392669e+01 1.092915407395102250e+02 1.091397401078738341e+02
7.229666357303067059e+01 6.226153116911069674e+01 7.436417983514455443e+01 6.898161286400664949e+01 4.910886338688510477e+01 5.737520629606022737e+01 7.177036877283964600e+01 7.703575485577528070e+01 5.675974667927096107e+01 4.529702825457736992e+01 3.632196470253492038e+01 5.262791561613609304e+01 5.712925365256164412e+01 3.055489001370822066e+01 3.046663664465904375e+01 3.108482247332961990e+01 4.282619828366167525e+01 6.052269846564732347e+01 4.361628664522790899e+01 5.893987011092995232e+01 6.718723673132922158e+01 7.498097767746520503e+01 7.577200259117576309e+01 5.556892146110701702e+01 6.972943215924752280e+01 9.036005807953169722e+01 8.753512135804393779e+01 6.969040681390464442e+01 8.753494797419376994e+01 7.489233014544369382e+01 9.495221620600669610e+01 8.973962661847869526e+01 6.916762224821223981e+01 7.160145773541213998e+01 8.601078057348098582e+01 1.069902285577413181e+02 1.046616549018226578e+02
7.503516682496258738e+01 8.271377232191153439e+01 8.880480981987791722e+01 7.319275498200035202e+01 5.326825405531829460e+01 7.319275498200035202e+01 8.616553125033044580e+01 8.565120267387926845e+01 6.923828500680419040e+01 4.914015924948265734e+01 3.918282657170116323e+01 5.085427981626968830e+01 7.038924675394409292e+01 5.988639041991649492e+01 5.185889853287088158e+01 5.129499388511531777e+01 3.199413770016214187e+01 5.216178716388166947e+01 3.848276128225555937e+01 4.213661212897122255e+01 5.890621793878025159e+01 5.473477695446962343e+01 6.465811494031974860e+01 5.075102112615515892e+01 6.487241706374705075e+01 8.535639878256094448e+01 7.929213195264034653e+01 6.028374045465538700e+01 7.929213790012086349e+01 6.599117012590293996e+01 7.545441890686160491e+01 7.515790172035725902e+01 6.171672880313941789e+01 8.187848817896625064e+01 1.008181223152681696e+02 9.863846054974079891e+01 8.418687943011238417e+01
8.974734189570747844e+01 9.478939401295232869e+01 7.415754897697226511e+01 6.014150559162098375e+01 7.319275498173084316e+01 7.319275498200036623e+01 9.377133769095513571e+01 8.983685775255305828e+01 6.923828500680419040e+01 6.226116573266007492e+01 4.225213723963793910e+01 6.226116573260969034e+01 7.939524190345954935e+01 7.979742245655609167e+01 5.951253837209993236e+01 5.475615791703975788e+01 3.337715580362625190e+01 3.290955169804217206e+01 3.355026824230701266e+01 3.420096972385183420e+01 5.441272427196597761e+01 4.059441532972114430e+01 4.461018062922411076e+01 6.465771235495704161e+01 7.899149822494288742e+01 7.622852718814043271e+01 6.593527277795098485e+01 5.379923485436960817e+01 7.294031421991056163e+01 7.545441890686160491e+01 5.523263331187668967e+01 5.493255200326790089e+01 7.515790172035725902e+01 9.048847149123362499e+01 9.390674464723197445e+01 9.018380232250432016e+01 6.999450398976688348e+01
1.108453436082841677e+02 9.478939401212231530e+01 7.415754897697226511e+01 8.020047647937614954e+01 7.052848240750414277e+01 9.070724965937270667e+01 9.896388345150610633e+01 8.677890138357165029e+01 7.802654381506860659e+01 6.545400747463610003e+01 4.540741544382095896e+01 5.947487576434146206e+01 7.988890834084438097e+01 7.378212213101237182e+01 5.360188325445397339e+01 3.905641982031651338e+01 5.473678527978867692e+01 4.758169205794851564e+01 4.460054205532753713e+01 5.420181307336726206e+01 3.513574838458102079e+01 5.532010974913876566e+01 6.442047516931725681e+01 7.213380641659470882e+01 6.815018447663473466e+01 6.061976380137505060e+01 4.537990941310814463e+01 5.862988245331295900e+01 6.810920804721561694e+01 6.905966425583463320e+01 4.807130762435605220e+01 6.905972956230831983e+01 8.370690670413166856e+01 9.390674464723197445e+01 7.364973889281124286e+01 7.736696870891417177e+01 6.296808055164149920e+01
1.122489092811609339e+02 1.034520708716244286e+02 9.478939401212228688e+01 9.931650089043088769e+01 8.165534758613618749e+01 9.931650089043088769e+01 9.019735637896347669e+01 6.911689063889606643e+01 5.734666696910105088e+01 5.183335237552742569e+01 5.020546150424407017e+01 6.431409824195591796e+01 8.487587066817840764e+01 7.735892694051473484e+01 5.712962663651507711e+01 4.301959037298902899e+01 6.305230342713451819e+01 6.541456244518757046e+01 5.979112305569648811e+01 4.572299078762685554e+01 5.526650449895130635e+01 3.608652697305055312e+01 5.613706468239369229e+01 5.768924701223756557e+01 5.738120421564790519e+01 3.936084450458578488e+01 4.004479569416331941e+01 4.073204560731753077e+01 6.077434297411057429e+01 6.241843400732572178e+01 4.473059972244264770e+01 5.950794389949027874e+01 8.000727068009268805e+01 8.064660854045280303e+01 7.224833234749708311e+01 5.721321984435167707e+01 7.736696870891417177e+01
1.208203079629778500e+02 1.215450009872713792e+02 1.134278192460451891e+02 1.101080639322172487e+02 1.015925118393395792e+02 1.072315491110920220e+02 8.300009197908326541e+01 6.942178814104596540e+01 7.802654381385899285e+01 6.075652655489899701e+01 7.033650195238185177e+01 5.796330441775869957e+01 7.832173565645439339e+01 8.119310271051449490e+01 6.090455141820143581e+01 4.678007622427929135e+01 6.684693052275282810e+01 7.787296340831794339e+01 5.790127580793114959e+01 6.520783401684535363e+01 6.302345082134308996e+01 5.537325243971275768e+01 3.703162589121984638e+01 3.771267167818779598e+01 3.839170730048465430e+01 5.522875873057306251e+01 5.993749236536101677e+01 5.814966984095696745e+01 4.169935597451723197e+01 4.238128994331171384e+01 4.307578847765892505e+01 6.310576404029161068e+01 7.254061052236686180e+01 7.205976352662524675e+01 5.186131912570862568e+01 6.723107524490288256e+01 7.602901540761915555e+01
1.123757533542104028e+02 1.102664165802777489e+02 9.391822416831442411e+01 1.053911534084692505e+02 1.133788633607356928e+02 1.178123383753602837e+02 1.005412804271160496e+02 9.151796668577394200e+01 9.007908090243047639e+01 7.250763482905770729e+01 8.452305213720504184e+01 6.395561216447104869e+01 8.452305213720504184e+01 8.534596354109859817e+01 6.500118318088198066e+01 5.081003447511637461e+01 7.096003143168310601e+01 8.651031774161377541e+01 7.182458894686725159e+01 7.319886512076331542e+01 5.318155773627720606e+01 4.131815906614794187e+01 5.718599653362640822e+01 5.785320447326831328e+01 4.136007521692756939e+01 5.033343317528025551e+01 6.923057474047961080e+01 6.117304744376247783e+01 5.580563757780753775e+01 6.241864470679902865e+01 6.310485222989643717e+01 4.405224191708108350e+01 6.408473985428750552e+01 6.504056507554209077e+01 4.865764961701930957e+01 4.748616562871888647e+01 6.759527477067732093e+01
9.354325727748039299e+01 1.015080827561131969e+02 8.257013318744986918e+01 8.614379191549485881e+01 9.957591681888756341e+01 1.179513516158351365e+02 1.151275879671752165e+02 1.069572723780303534e+02 1.022015870029591866e+02 9.347951045275668491e+01 9.188860144212475234e+01 7.105568200114380772e+01 9.188860144212475234e+01 9.364914221740548328e+01 7.546796944335191881e+01 5.530785766851516883e+01 7.546796948212740119e+01 9.495676947004736235e+01 9.247503099658837300e+01 7.482391182335828717e+01 5.450095202510949122e+01 4.442543521885104951e+01 6.460457869556621802e+01 4.834162416470203993e+01 6.201504391525490689e+01 6.903920774289521489e+01 6.976040304488378752e+01 8.030388736700938068e+01 7.605449125216058803e+01 6.958910489912419450e+01 4.934967876087254979e+01 5.097474401992967330e+01 4.504274085210459333e+01 4.574792902147312645e+01 4.645656511054348670e+01 6.658307097528638963e+01 4.851351112062346971e+01
