MOVIE_S1_data/elevation_000118.asc
nrows	100
cellsize	150.0
xllcorner	0
ncols	100
yllcorner	0
NODATA_value	-9999
[rows 0 to 16 of 100, columns 0 to 36 of 100]
0.000000000000000000e+00 1.999999999999964473e+01 2.267425966910975532e+01 3.092428892665668627e+01 3.784612112214201574e+01 4.582820260215920882e+01 3.894298889095848892e+01 3.185737042885768844e+01 3.295643635717858899e+01 4.142385612418861740e+01 5.572265715550122422e+01 5.253011277924778710e+01 5.071491173725414825e+01 4.242810195615140145e+01 4.421543502143000381e+01 4.602345451177216518e+01 5.367702433123341166e+01 6.667947396257238779e+01 6.653667242646608315e+01 6.697556884098199248e+01 5.877601035092286708e+01 6.155131418560461043e+01 6.441024400145965956e+01 6.735959300732562838e+01 7.040777490707185393e+01 7.309510397322134168e+01 6.088692415690722015e+01 6.596701012216425397e+01 7.139798641019064007e+01 7.758602408813339935e+01 9.738617832890034265e+01 1.163019435548826408e+02 1.278323158096265502e+02 1.206745014958658118e+02 1.125812969842583300e+02 1.125245256595231211e+02 1.104964989002791924e+02
0.000000000000000000e+00 1.342269198449392187e+00 2.687367122791105345e+00 2.250150769297444597e+01 1.971110894532523616e+01 3.515945634760804239e+01 2.582744174949172589e+01 1.193040151513178238e+01 1.335533162671983298e+01 2.742575964111403408e+01 3.685148762874626271e+01 3.251680358716967589e+01 3.992946906790938755e+01 2.244065397453531574e+01 2.423411685679313976e+01 2.605491744839263646e+01 4.010447524925554319e+01 5.044741629163117125e+01 4.657450415503224406e+01 5.496035561082535281e+01 3.894988051253498185e+01 4.173064988673544917e+01 4.460299721612220480e+01 4.757475840786236176e+01 5.065329841323625715e+01 5.388765261966337050e+01 7.362184430067239305e+01 8.565358061416823432e+01 8.530584287007893352e+01 9.738617832890034265e+01 8.812010839036534549e+01 9.958878724115967884e+01 1.195530987133399350e+02 1.125777284680017374e+02 9.323205881529224825e+01 9.323068330397794057e+01 9.098067157085567658e+01
0.000000000000000000e+00 1.999999999999964473e+01 2.267425966910975532e+01 4.610274360909326852e+00 1.598144597753131890e+01 2.697747857032592478e+01 9.925402985713784432e+00 2.959272389033578321e+01 3.290816241563767619e+01 1.539448754045277568e+01 1.689465370521812915e+01 1.840719333752943498e+01 1.994506140453388454e+01 3.992946766450942420e+01 4.421543472276329823e+01 4.602345452821229799e+01 2.869711371573072256e+01 3.058766144238662932e+01 3.250865648131779295e+01 3.513417526275070202e+01 5.496012286919941658e+01 6.155125617742860555e+01 6.441024400145965956e+01 6.735959300732562838e+01 6.463294063813799539e+01 7.362184430067239305e+01 6.048953861404516630e+01 8.018799714398602418e+01 9.650216436591776414e+01 1.134438933181651663e+02 1.080266981106911288e+02 1.163019435548826408e+02 1.173516888731292340e+02 1.110343052427124206e+02 9.309322301844453307e+01 7.909580662226670711e+01 7.668649394860565849e+01
0.000000000000000000e+00 1.154700538379241515e+01 3.154700538379205810e+01 2.202787593368375241e+01 6.558410974407015814e+00 7.944625159515787516e+00 2.787972661385125761e+01 2.984213518628087414e+01 2.317785760802615869e+01 3.533874620955936052e+01 3.685148888356810915e+01 3.251982007407696074e+01 3.989731917033619624e+01 2.477179810116529879e+01 4.464001673753964639e+01 5.705486987658634490e+01 4.887820562833613280e+01 4.466598339236507798e+01 5.136016020567051044e+01 3.662405434771002177e+01 4.053229756610929968e+01 4.447246868420250365e+01 6.368798476061903102e+01 7.718869931291254716e+01 8.434945811958888839e+01 8.018799714398603840e+01 7.438946092614943950e+01 6.851001014931051714e+01 8.824461641488372265e+01 1.064456616247506417e+02 1.179769541099407348e+02 1.096118650379830228e+02 9.515027873778561229e+01 1.094444750642679764e+02 1.047559145362777286e+02 8.961960894187643589e+01 6.917986570172342908e+01
0.000000000000000000e+00 1.999999999999964473e+01 3.983127663125330997e+01 3.702134963166808745e+01 3.071428260419146028e+01 2.787972661385125761e+01 3.616306019028768759e+01 4.978910181968081616e+01 3.472347511520378305e+01 3.260365693815720078e+01 5.262969147849391049e+01 5.258557139974001160e+01 4.811155261206754830e+01 2.830791015921644771e+01 4.831369942653033434e+01 5.964968982979301160e+01 6.793045943312144175e+01 6.463263426626207320e+01 5.661801545359117682e+01 5.727573365885523771e+01 4.338820983868364323e+01 6.307171628595479262e+01 5.018542918163622346e+01 6.917365362015037533e+01 8.312360162467994940e+01 1.000287064575547760e+02 9.418690192299874298e+01 8.824461641488372265e+01 7.832120426302843441e+01 8.973117144643475740e+01 1.096929897211741149e+02 9.992366953817541742e+01 8.000040989534346636e+01 9.986491463093280174e+01 9.672364743008127164e+01 7.678869617300759387e+01 6.456576084835153040e+01
0.000000000000000000e+00 1.999999999999964473e+01 2.906045063241040083e+01 3.406045063241000292e+01 4.038500595274664562e+01 4.745607376461200033e+01 5.574034501205424164e+01 6.297822349528766495e+01 5.471405188388685303e+01 4.416321154673156002e+01 4.677722704697659140e+01 6.692308198828268928e+01 5.462902572492635045e+01 3.464096083506238699e+01 3.480533441609432543e+01 3.965894501478700107e+01 5.964968982979301160e+01 7.609076421782810939e+01 7.694821963522979047e+01 6.838368029241748047e+01 4.849517367110704669e+01 6.838368029241748047e+01 6.917365362015037533e+01 5.634771023957945602e+01 7.511237201946393327e+01 9.203673825287083332e+01 1.029400212907953005e+02 1.064456616247506417e+02 9.816802856673892563e+01 1.064456616247506417e+02 1.075047833014958201e+02 9.140714551219325301e+01 7.047370440197667563e+01 9.140714551219325301e+01 9.554823226976211004e+01 7.537931696959694250e+01 6.038881696066603411e+01
0.000000000000000000e+00 4.472135954999560070e+00 9.060450632410756100e+00 1.406045063241071347e+01 2.038500595274735971e+01 2.745607376461271087e+01 3.900307914840481516e+01 5.900307914840410461e+01 7.249224147899786885e+01 6.419511814591253085e+01 6.697274858008779574e+01 7.539272071604395364e+01 6.170648572066626514e+01 4.171477565485085393e+01 5.480122204114370987e+01 5.964968982979301160e+01 4.782263923311459308e+01 6.195561877521672756e+01 8.194081687032345940e+01 7.413232997362651133e+01 5.421842332808910925e+01 7.413232997362651133e+01 8.159072616599627281e+01 6.311028534240922738e+01 6.529556655584944735e+01 7.595395814478510488e+01 9.483285706113632330e+01 1.015267708030819449e+02 9.284265599407707725e+01 1.015614474482064367e+02 9.847864179930527939e+01 7.868982636774605055e+01 6.366842068387952480e+01 8.472314463176127219e+01 9.139460425023497692e+01 7.093911097856330628e+01 7.093816826724251712e+01
0.000000000000000000e+00 1.999999999999964473e+01 2.906045063241040083e+01 3.406045063241000292e+01 3.039038225096494727e+01 4.745607376461200033e+01 5.574034501205424164e+01 6.728735039583234823e+01 6.840998523412621068e+01 7.429990605851941154e+01 7.515620956300570299e+01 8.345420452996140170e+01 6.999134615451323782e+01 5.171178221585238788e+01 6.999134615451323782e+01 7.609076421782810939e+01 5.936286166795053987e+01 6.195561877521672756e+01 8.194081687032345940e+01 8.078275703991650403e+01 6.083147584104677463e+01 8.078275703991650403e+01 8.894658249061306776e+01 7.079007516580064419e+01 8.403316572733815804e+01 8.129151415575418582e+01 9.943525588731078813e+01 9.093758308624499875e+01 7.193725081260387810e+01 9.091000223907680322e+01 9.035182081088213124e+01 6.992634508712072261e+01 5.792864384490375329e+01 7.904436576178963492e+01 8.557779569822818644e+01 6.488275292888971535e+01 4.983472453736548147e+01
0.000000000000000000e+00 1.414213562373107536e+01 3.414213562373178235e+01 4.649794329811671645e+01 5.039038225096423673e+01 5.867465349839881128e+01 6.640078362869097361e+01 5.802739102567079499e+01 4.793327323650437677e+01 5.393076333244950149e+01 5.491753666068964890e+01 7.515620956300570299e+01 7.998877164184212063e+01 7.170118922548010687e+01 7.998877164184212063e+01 8.763130987064404565e+01 7.934698916229885413e+01 8.194081687032345940e+01 9.022590966043226501e+01 8.907905531965970169e+01 7.077687040131333163e+01 8.907905531965970169e+01 9.698788702146808305e+01 8.400003405064116180e+01 9.698788702146808305e+01 9.888605946993655493e+01 9.724396125018743930e+01 7.547458817159231614e+01 6.183036912696085352e+01 8.229809480864426519e+01 8.841342016483727662e+01 6.766062980639813418e+01 5.262946467860649591e+01 7.373898137384210827e+01 8.773327856519892975e+01 6.772972094779566987e+01 4.670877682463832770e+01
0.000000000000000000e+00 1.999999999999964473e+01 1.821367205045941873e+01 2.976067743425213763e+01 4.976067743425284107e+01 5.984482916685310272e+01 5.140360974370251057e+01 3.708115085498666019e+01 3.277351450276671585e+01 4.010167657422523035e+01 5.491753666068964890e+01 7.515620956300570299e+01 7.194729352074372741e+01 8.023116383613739799e+01 8.366682936434125395e+01 7.538248917982228647e+01 7.538248917982230068e+01 8.366682936434592932e+01 9.521396798326655642e+01 9.908885263159100987e+01 9.078864367851964801e+01 9.908885263159105250e+01 1.075013209370432179e+02 9.856753199259344456e+01 8.863627700196920500e+01 7.711096953823647482e+01 8.863627700196920500e+01 7.512985745839665697e+01 5.498929463304990861e+01 7.512985745839665697e+01 8.265960626599219552e+01 6.281371441563086222e+01 4.830775932530659844e+01 6.351265061996545569e+01 7.203915421716766332e+01 5.856094842446908899e+01 4.377904138988287031e+01
0.000000000000000000e+00 6.666666666666695384e+00 2.666666666666705154e+01 4.649794329811671645e+01 5.804494868204424307e+01 4.773303202028297676e+01 3.017715183708406457e+01 2.447623085803852305e+01 4.593407495516832029e+01 6.084530671156156956e+01 6.918587059532548267e+01 6.300036272657908398e+01 5.195784762812665747e+01 6.868863082847273915e+01 7.211954788559336293e+01 5.538188182511815683e+01 5.538188182511815683e+01 6.692937037773873499e+01 8.692966420467632815e+01 9.495932730899146179e+01 1.032436259884272260e+02 1.028319446368192445e+02 8.966816565566361419e+01 7.624425529137241142e+01 6.632634011952995934e+01 5.654888058812805696e+01 7.750830788870648291e+01 6.952058960321276970e+01 4.975593860941045676e+01 6.449425015428926145e+01 8.702578598157663237e+01 7.562888149637446134e+01 5.464293935242632472e+01 4.268460527757768119e+01 5.839649826757329976e+01 6.174661695148790841e+01 4.100422553248956348e+01
0.000000000000000000e+00 1.999999999999964473e+01 3.495093791346847922e+01 4.540704891483537153e+01 5.369131612491498373e+01 3.914850836367344300e+01 1.782741542980294724e+01 3.914848646207368432e+01 5.443038602151871430e+01 5.930707472227165056e+01 5.104092908932584294e+01 4.304211550445592849e+01 4.045552856279147136e+01 6.040638155368977635e+01 6.383513313962784252e+01 4.383831437600373704e+01 6.383513313962784252e+01 7.661778342528003805e+01 8.490213121739317614e+01 7.495926436267585302e+01 9.169658370785268175e+01 9.355209066377186389e+01 7.058740304621400696e+01 5.769877836182823216e+01 4.814125279782411582e+01 4.660149665291667986e+01 6.821811133481567424e+01 6.466777989579885855e+01 4.517387362711153997e+01 6.466777989579885855e+01 7.825328016996543568e+01 8.404020228802093584e+01 7.203896260553088382e+01 5.227498866594653038e+01 3.780590700714851238e+01 5.368194807946694169e+01 5.403614460124399699e+01
0.000000000000000000e+00 1.999999999999964473e+01 3.126491331047908773e+01 2.540704894948300208e+01 4.540704891483537153e+01 3.504446203412314276e+01 1.396322471635695450e+01 3.503977996948779605e+01 4.676471157251535971e+01 4.498544788973893560e+01 3.126614357575738623e+01 2.903993967179334490e+01 4.509527076592970474e+01 4.799222903613643609e+01 5.099397512710796576e+01 3.831072813763975660e+01 5.828901349359649942e+01 5.661722870059952584e+01 7.186510849299848758e+01 6.341198817902913731e+01 8.341228558312673158e+01 8.454624072567881399e+01 7.577680130596263552e+01 7.931762792858755517e+01 6.017173158089321561e+01 3.922669490474733323e+01 6.017173158089321561e+01 6.026325670778335564e+01 4.091116793478342117e+01 5.040803012565412899e+01 6.408998336482622449e+01 8.409426411175203953e+01 8.160858621322549311e+01 6.694178743958605082e+01 5.368198496367553929e+01 3.327900600917097762e+01 3.363237942657761437e+01
0.000000000000000000e+00 1.999999985855015439e+01 1.126491332575812443e+01 2.469106209055734880e+01 2.630270801900104871e+01 2.793570118128636892e+01 1.031719847137842727e+01 2.202543459028866835e+01 3.156434656531130400e+01 1.796017523283703454e+01 2.008926320408835053e+01 2.253083470507890240e+01 2.527729811946318961e+01 2.813168374382424020e+01 3.108264412777089092e+01 3.560710002886791159e+01 4.029397378390126505e+01 4.583394966708452500e+01 5.186408828051259690e+01 7.186510849299848758e+01 7.784982442775122990e+01 6.881630293841337220e+01 5.347068901212303160e+01 7.197050952485820119e+01 5.548137968782120311e+01 3.471750003392123318e+01 5.548137968782121021e+01 5.633918496824224320e+01 3.716355603608814562e+01 5.063052742338754086e+01 7.012110343597403528e+01 7.512557474959029946e+01 6.888744289551624433e+01 5.628426926839206601e+01 4.775659965091955428e+01 3.017907796397859244e+01 5.050138873467584233e+01
0.000000000000000000e+00 1.547646465068271970e+00 3.099947516480934695e+00 4.691062084832388734e+00 6.302708012883142530e+00 7.935701174738587937e+00 2.096185348292119599e+01 1.302078635039128507e+01 1.494400512202534337e+01 2.145370996528080099e+01 2.642332619757604917e+01 2.818369127151227360e+01 4.509527067123094923e+01 4.799222903613643609e+01 4.513952514350207679e+01 4.254697336311284772e+01 6.028739887592052327e+01 6.583457399580473179e+01 7.186510849299848758e+01 8.014944593674853479e+01 6.881630293841337220e+01 4.651752459424154296e+01 4.076713720171239430e+01 6.214959230341464291e+01 5.115150758745092929e+01 3.060079695679060308e+01 5.115150758745093640e+01 5.281473811812829666e+01 3.369675747369120700e+01 5.281469521022901858e+01 5.656906915076797304e+01 5.631490068076088562e+01 5.868163491045146429e+01 3.943939129211356232e+01 2.750198717114421143e+01 4.720840549601869895e+01 5.438566544530491598e+01
0.000000000000000000e+00 1.999999999999964473e+01 2.309994752184979561e+01 1.883319770856586217e+01 2.044484363661686643e+01 1.687997308473790170e+01 3.267689193679334636e+01 3.234192273473149726e+01 3.420631062001854872e+01 1.969726356221783803e+01 3.885378529218396437e+01 4.781997747278138888e+01 3.732803133292698305e+01 5.717675600728416185e+01 6.512786767776441366e+01 5.667505769797802628e+01 5.886278916704698361e+01 7.886244352795503687e+01 7.558105588341132375e+01 6.725376550808014997e+01 6.874035412833910641e+01 4.649466606831586546e+01 3.112844227966967026e+01 5.264008725100727304e+01 4.454925212723767913e+01 2.718366153827840748e+01 4.712273434948575357e+01 4.946674756487963975e+01 3.044835241112656377e+01 4.510112661859561456e+01 3.778136082091487680e+01 5.475998497223823591e+01 5.249995608838523253e+01 4.032866375955360638e+01 2.570158404671702712e+01 3.720784600683391119e+01 3.406276201722005936e+01
0.000000000000000000e+00 1.414213562373082489e+01 3.414213562373011257e+01 3.883319772810536818e+01 4.044484365749527655e+01 3.102210870847718027e+01 3.687997309658292266e+01 4.977064012031532769e+01 2.934707514272624351e+01 3.885378543993621747e+01 2.617333425902920396e+01 4.655874735954994037e+01 5.717675600728416185e+01 4.874081026112380499e+01 6.870047216471584761e+01 7.667462084351517149e+01 7.886244352795503687e+01 7.402572849026779522e+01 6.397134258700682352e+01 4.714318224721507278e+01 6.397134258700682352e+01 4.706087551902599841e+01 2.512580564117868676e+01 4.024908929492801946e+01 2.326223094483836462e+01 3.214680141331291452e+01 4.512396199260621188e+01 4.878670139204822220e+01 4.199323534932974411e+01 2.617187294446862111e+01 3.887579144133453468e+01 4.150223763834750201e+01 4.278493393215649121e+01 3.160918997958655297e+01 2.393063651990362573e+01 2.426428089532407739e+01 2.991060314240742812e+01
