MOVIE_S1_data/elevation_000705.asc
nrows	100
cellsize	150.0
xllcorner	0
ncols	100
yllcorner	0
NODATA_value	-9999
[rows 68 to 84 of 100, columns 0 to 36 of 100]
0.000000000000000000e+00 1.999999999999964473e+01 3.132050900617103295e+01 3.551217635426522179e+01 4.377113623174503232e+01 5.610840814546266131e+01 5.854475648973957647e+01 4.189840961678384446e+01 5.854475648973957647e+01 6.313034786976449197e+01 4.304098561128919442e+01 4.892502321305583735e+01 4.042890130461935883e+01 5.466342793511300613e+01 6.949006308422647749e+01 6.279975450721961749e+01 6.279975450721961039e+01 4.760595887754068656e+01 4.301874478111151490e+01 4.752786437698949840e+01 5.241493343257087645e+01 5.798898767798051068e+01 6.432851089815204659e+01 7.327962216730561806e+01 8.740921617899309126e+01 1.072996745970010579e+02 9.070593788174930694e+01 9.014218008076439048e+01 7.346682946361089250e+01 7.190542766436578859e+01 9.194089299355334788e+01 1.019770802840530450e+02 9.249495218295325571e+01 8.473948259697743879e+01 9.248627698462287583e+01 8.374588597802170398e+01 7.569771471471898394e+01
0.000000000000000000e+00 5.547001962252315010e+00 1.132050465414871354e+01 1.887979411444115385e+01 2.782406603270756307e+01 4.196620360523696291e+01 6.196625040613709245e+01 6.176110592089635531e+01 7.002903704835391352e+01 7.142168045663750320e+01 6.313034916158542131e+01 6.882318319083987035e+01 6.053094157362963301e+01 6.882318319083987035e+01 8.298293844656669194e+01 8.279043989944852910e+01 7.592215932900596442e+01 6.180856433015404150e+01 5.124307526906950727e+01 6.758623208560516105e+01 6.659396746859829364e+01 7.799176455818492570e+01 8.431068183311492703e+01 9.254030720775634222e+01 1.014478982148016968e+02 1.018875288744323768e+02 9.070593788174929273e+01 7.060671017605911004e+01 6.160774678926262737e+01 8.192316032629913991e+01 9.632101994595319638e+01 9.432139323137042197e+01 7.515757196258441297e+01 6.503367833589898339e+01 7.488642128958596800e+01 8.278403844789286836e+01 7.699641418135463766e+01
0.000000000000000000e+00 1.999999999999964473e+01 3.132051004291808738e+01 3.132051004291809093e+01 4.716411382589017620e+01 5.610840814546266131e+01 6.709066723151083522e+01 7.294741222568643479e+01 6.866112224229676997e+01 6.037985902181364395e+01 6.866112224229676997e+01 7.593869969747710513e+01 7.444612389584901280e+01 8.272267407613585988e+01 9.640806928279062049e+01 9.056215918662668685e+01 9.003575432785791577e+01 7.953249187997238323e+01 6.283362335082907890e+01 7.953249187997238323e+01 8.656720202498873107e+01 8.274950285321743593e+01 7.447347955541226838e+01 8.274950285322098864e+01 9.601528954770503788e+01 8.196563179553363909e+01 8.928781485827735764e+01 7.649363767444324935e+01 5.599944912573688072e+01 6.797714091122287527e+01 8.812738860472620672e+01 1.019770802840530450e+02 8.621524616140752073e+01 6.659314589336263168e+01 5.481321498282200366e+01 6.729939582085673067e+01 5.706240174755092909e+01
0.000000000000000000e+00 1.154700538379261765e+01 2.568914100752381913e+01 4.568914100752452612e+01 5.960488413598490354e+01 6.123166122752740392e+01 4.709149575093279338e+01 5.294911745948147797e+01 5.866238402039594035e+01 4.038041984223587377e+01 5.866238402039594035e+01 5.594130846979128080e+01 5.444833037376556462e+01 7.117972159565553625e+01 7.642698530902269738e+01 7.057200458241723595e+01 8.469467836967527319e+01 9.105180760486877034e+01 8.282218839028914203e+01 7.732249061551935654e+01 6.908033850351901606e+01 6.774181155512177099e+01 5.396911518668376573e+01 7.257409921112532913e+01 8.780062035584263924e+01 6.760909440220478928e+01 6.912475438233325065e+01 7.222030395763457022e+01 5.160650971664844633e+01 7.222030395763457022e+01 8.214260786872029030e+01 9.036995453931037048e+01 9.395410200656419875e+01 7.879863191583076798e+01 5.888137075110575580e+01 4.711971758589233161e+01 4.271223178464289560e+01
0.000000000000000000e+00 1.414213562373107536e+01 3.414213562373178235e+01 4.945480278049539891e+01 5.531256828364421096e+01 5.294911745948147797e+01 3.294938425268766480e+01 4.225881038995371597e+01 3.993424745506636953e+01 3.038042032831466344e+01 4.647235844947724104e+01 4.179926263093467753e+01 4.290136415016652194e+01 5.996543251765922378e+01 6.573840328016062529e+01 5.643024996748064126e+01 7.642594291449010768e+01 7.866209487764766095e+01 7.731078996212039556e+01 6.555552805013689976e+01 4.851639685162023596e+01 4.706016178802154570e+01 4.344881390415641675e+01 6.422129737104805258e+01 7.307809636717419721e+01 7.503037806626286965e+01 5.450850500508583707e+01 6.535627433012435006e+01 4.748003276318645760e+01 5.392737296405275060e+01 6.181988298556892403e+01 7.628665252149943399e+01 9.628013468863240121e+01 8.664023943974635245e+01 7.530772875239802033e+01 6.729939582085673067e+01 5.707237332370103644e+01
0.000000000000000000e+00 1.999999589239589071e+01 3.012544420394603861e+01 2.945489905713619194e+01 3.531273722207108534e+01 4.447165835727418681e+01 4.225881038994468497e+01 2.225893484395332678e+01 1.993437952362590693e+01 2.282113086957398451e+01 2.647261458627502861e+01 3.025225931636723686e+01 3.496630452427542224e+01 3.996630452421887014e+01 4.573980721408203465e+01 6.573811795794290447e+01 7.259099162286365470e+01 5.821710636599014066e+01 6.907960982069278089e+01 4.851639648498849056e+01 3.623001699883954529e+01 3.195621553212937727e+01 5.311059765802834676e+01 5.628711141595076839e+01 5.251406390113447742e+01 7.307809636702661749e+01 6.535627433012435006e+01 4.461597970023905901e+01 4.343468062058751400e+01 6.419435641610057530e+01 8.214260786872029030e+01 9.036995453931037048e+01 8.838564328696551797e+01 7.791717474051556280e+01 6.923698229029287177e+01 6.233017470288661599e+01 5.614078462890139321e+01
0.000000000000000000e+00 1.841149235796644579e+00 2.184111281502776691e+01 1.531276540324348012e+01 2.832962497486784414e+01 2.447178897234555706e+01 3.237084518433351121e+01 1.593437952362597798e+01 3.593429719041726855e+01 3.696325849253464213e+01 3.282113074949235454e+01 5.025189635642931307e+01 5.496573539011038889e+01 5.410838723704967634e+01 6.573627242479892629e+01 7.401326879028358974e+01 6.226220746509682158e+01 4.339295548064370678e+01 6.226220746509682158e+01 6.254308242970122222e+01 4.671845254529730340e+01 2.522768748303948527e+01 4.405554622851136770e+01 3.520754270680402698e+01 5.628763416777759687e+01 6.386292729384825861e+01 5.542919244424822267e+01 3.852121064534406258e+01 4.794419230507552498e+01 5.999437843120564651e+01 7.446535979375812531e+01 9.432417479891225298e+01 7.969777994240135399e+01 5.877617866286288262e+01 4.851655882666797481e+01 4.177512484424755712e+01 3.619588354082670634e+01
0.000000000000000000e+00 1.999998725599418847e+01 4.478671129379781846e+00 6.368493494425909951e+00 8.329654845807734631e+00 1.032965484580771864e+01 1.237089629812701652e+01 3.237084518433351121e+01 4.421778972529394736e+01 5.696268924703980474e+01 5.282078153182443003e+01 4.436813104264669505e+01 6.436731682935214849e+01 7.410559066954002105e+01 7.570254642685891611e+01 6.381414253435181649e+01 5.379817850182006111e+01 3.262747978338168053e+01 5.379817850182006111e+01 4.794167131814057825e+01 3.316059107436618092e+01 2.036871374573381743e+01 2.245655149437151721e+01 4.411817277759936928e+01 4.937593199257476329e+01 5.159745212750767251e+01 3.444188650525434525e+01 5.542919244424822267e+01 6.772625313605396968e+01 7.689388931683413375e+01 8.427369420053511817e+01 9.250270698116283086e+01 8.838564328696551797e+01 7.791717474051556280e+01 6.923698229029287177e+01 6.233017446002329365e+01 5.456193989312655646e+01
0.000000000000000000e+00 1.999999999999964473e+01 1.862080626162230246e+01 2.051062836158454061e+01 2.247178937833197310e+01 3.032961509234593578e+01 2.237089627573320172e+01 1.791789826037915745e+01 3.791782735506787816e+01 5.269011130288759404e+01 6.268961091849411105e+01 6.436731682935214849e+01 6.069779618831866941e+01 8.069481128256180114e+01 6.733062061829292588e+01 4.660106867205037418e+01 3.424692987318969983e+01 2.529424667165782026e+01 3.915845701136394297e+01 3.675914752895430837e+01 1.774437104616027838e+01 3.936976393987606571e+01 4.411817277480194832e+01 2.564956207535869126e+01 2.799447378941929898e+01 3.037689852403587309e+01 5.159745212537396242e+01 6.152941636915498691e+01 6.628037582143385009e+01 7.143247942468038048e+01 6.396995089298035708e+01 7.842243648619610497e+01 9.839987993143282097e+01 9.105365822995490532e+01 7.035608535475157055e+01 5.586751388541762964e+01 4.457057041273488807e+01
0.000000000000000000e+00 1.999999999999964473e+01 3.862075879814965162e+01 4.051055799238758937e+01 4.247169111817654397e+01 4.237077864560185247e+01 4.237077864560185247e+01 2.686217016051256934e+01 2.440675510556421202e+01 3.440675496258128163e+01 4.854887041015106064e+01 6.854822357266240829e+01 8.069481128256180114e+01 7.441136133633597183e+01 6.608733326768704330e+01 6.381414220192574049e+01 5.347424405464322206e+01 3.915812708986715762e+01 1.760595290110575561e+01 1.525526752943143016e+01 3.675914752807798891e+01 4.798731667809094859e+01 5.568973166221416449e+01 3.832061507603745554e+01 4.937593199264670574e+01 5.159502602286093520e+01 3.629605628564488029e+01 4.063518005093765595e+01 4.544452242347419002e+01 5.067341945714757401e+01 7.143247942468038048e+01 9.052039149188570377e+01 1.020717287236557809e+02 9.592331433724056922e+01 7.532383045520374765e+01 6.077666986205643695e+01 6.455328292978524019e+01
0.000000000000000000e+00 1.999999999999964473e+01 3.463034365674519677e+01 4.291450600371845070e+01 5.291443899851078925e+01 6.236988636749672565e+01 4.686204171324152412e+01 4.100429689792500909e+01 4.440665014734934601e+01 3.257172090364286277e+01 4.257172018548551051e+01 5.671380945928008543e+01 7.671276159175445741e+01 6.281685225107009529e+01 4.601073025925842330e+01 6.281685023371948517e+01 4.492910538077260441e+01 2.349775844238422096e+01 1.285845336821383711e+01 3.421390916997828668e+01 3.493612238153180982e+01 5.372410194189025390e+01 5.632974495421589012e+01 5.918539826193001119e+01 6.758280145218172663e+01 6.569520353124651990e+01 5.728505182871342782e+01 5.283467399340722181e+01 6.628037582143385009e+01 7.143247942468038048e+01 6.165894880378960607e+01 7.377684665843283085e+01 9.388023559570251564e+01 9.566040339850917462e+01 8.775537632268427046e+01 7.090178020276813697e+01 6.227105705281838510e+01
0.000000000000000000e+00 7.071067811865445307e+00 1.463035727204879599e+01 2.463035727039565614e+01 3.877249190356106823e+01 5.877241394914489092e+01 6.686116839349013219e+01 6.100388869129939451e+01 6.013072530443535157e+01 4.013101027724670189e+01 6.013072530443535157e+01 7.085400259767129683e+01 6.575539722036283763e+01 5.449610111334551732e+01 3.518274049305237838e+01 5.449610111085501529e+01 5.344575949931180503e+01 3.256319537620085214e+01 1.130881842097535284e+01 2.826704907911060261e+01 5.175837561509852236e+01 4.875777438468135472e+01 3.395838327192888073e+01 4.937727477517817931e+01 6.408659563271265824e+01 6.283563137917454355e+01 7.028074371501566020e+01 7.340664131005250681e+01 8.170257257052473676e+01 8.722186548226594027e+01 8.227353742706210937e+01 9.052039149188570377e+01 9.801099195853659296e+01 8.735432746798976211e+01 6.682714642580788222e+01 6.227137460356774312e+01 4.008351477027713372e+01
0.000000000000000000e+00 5.345224838248464394e+00 2.534521315669428887e+01 3.983471709767542990e+01 4.811843418476323819e+01 5.706243645770730666e+01 6.860885365713563999e+01 7.490033091925427300e+01 6.841352601434778080e+01 5.427311537929136875e+01 6.841352601434778080e+01 7.167714619252821251e+01 5.153137254702495085e+01 3.790366091019395611e+01 2.923217696173029623e+01 4.043675188071298265e+01 3.660445023710574475e+01 3.094016675309312703e+01 9.778711711631363102e+00 3.068217552521446478e+01 4.613710375195676505e+01 3.856197614715792810e+01 1.969152716295089434e+01 3.233812945986404941e+01 5.031433720359227380e+01 4.605060954574755527e+01 5.873263654578462933e+01 6.687974170876377400e+01 8.195671792813764966e+01 7.169467953929957105e+01 8.289733744554705197e+01 9.385772246942111963e+01 9.041101826637719796e+01 7.083975775882147730e+01 5.778459085231902748e+01 4.839522030742802627e+01 5.488795206984388386e+01
0.000000000000000000e+00 1.999999999999964473e+01 1.351019064752468601e+01 1.983474596785789146e+01 2.877901787748108120e+01 4.032602316124071251e+01 6.032589982994823430e+01 5.490033368659850765e+01 6.904245537832737512e+01 7.427224662840576741e+01 6.941229326541640887e+01 6.123951966741391573e+01 6.377532365022616290e+01 4.397207822797264498e+01 3.110118923865196194e+01 2.287466810627466884e+01 1.913588169899376368e+01 2.855780995929883304e+01 8.278569904976562199e+00 2.786346610109215760e+01 2.379495608713659394e+01 2.406951033685759711e+01 1.307247660654116750e+01 2.067127669685642033e+01 3.896159454552963552e+01 3.536157169406969558e+01 3.949565097448878959e+01 5.865563635103825391e+01 6.573662782475602739e+01 6.003643049882794713e+01 6.794533535119171574e+01 8.143366128808945348e+01 9.157107619567780432e+01 8.735432746798974790e+01 6.682714638281271391e+01 7.066754677115675065e+01 6.360152244847614611e+01
0.000000000000000000e+00 1.999999999999964473e+01 3.351017090689202149e+01 3.983471709767542990e+01 4.811843418476323819e+01 4.276386238532620609e+01 4.810908714016775889e+01 4.075819808797916011e+01 6.075819725233120039e+01 7.688461644775394177e+01 5.854762911494089650e+01 4.279941025657305431e+01 5.300537633116569936e+01 5.803071476259130890e+01 4.850968973504871684e+01 4.043661381329471283e+01 3.145304534971542054e+01 1.371518037351096275e+01 2.665607822043110176e+01 6.039173319888554659e+00 6.339632044802156585e+00 9.855407529967678215e+00 2.710270629449714619e+01 1.194078301932066744e+01 3.347303343869529613e+01 2.535089552980540262e+01 3.950121176704769255e+01 5.882822009461481372e+01 5.438948106303100616e+01 5.143720770356430450e+01 5.817064397654189634e+01 6.709595488344710645e+01 8.390652785641616163e+01 9.566006251608521893e+01 8.775536890727524053e+01 8.251204019465676254e+01 6.497077648183311283e+01
0.000000000000000000e+00 1.414213562373107536e+01 3.414213562373178235e+01 4.397706142689921194e+01 3.569279465204194679e+01 2.276386260956356367e+01 2.810908744781195878e+01 3.705335935781054246e+01 4.860036474116798644e+01 6.860036342458839442e+01 5.059311753492228547e+01 3.265627819037978696e+01 3.494855922797059122e+01 4.797752925184163786e+01 4.684360479758531426e+01 3.796621763750032130e+01 3.719361622905071840e+01 2.759873388503841696e+01 1.807350381781219895e+01 5.977761037029583058e+00 2.170465265402915378e+01 6.701412273093101390e+00 7.015332383109831760e+00 3.165245888727598356e+01 1.645511587346318194e+01 3.102401323398618871e+01 5.043156426605806786e+01 6.112848285839350382e+01 4.406068222578039695e+01 5.640199081393213731e+01 7.253924428703962235e+01 8.143288659881937974e+01 7.858489505051333879e+01 8.594120028455039062e+01 8.677692972534164539e+01 7.789273243885176612e+01 7.048139454848326579e+01
0.000000000000000000e+00 1.999999999999964473e+01 2.671395016871373684e+01 3.024948415216508124e+01 1.569279479769821251e+01 3.569279464949375580e+01 4.810908713911154422e+01 5.639335092013543260e+01 6.533761915439436052e+01 5.966887434462793749e+01 4.842822281292558984e+01 3.973485140372170576e+01 2.228589401746873833e+01 3.481415070510573173e+01 2.779107519865255327e+01 1.646878390453341723e+01 2.617122213312843115e+01 2.296808411850640397e+01 5.619282572816452159e+00 2.435672112279126011e+01 1.442291905002519847e+01 1.498666785173162097e+01 7.059091558980850500e+00 3.188785844159994909e+01 1.944669960494618621e+01 3.914656418654357850e+01 5.015862713697980269e+01 5.727723610075091187e+01 3.946413561433528372e+01 5.727722810710680790e+01 6.250267328893958307e+01 6.736990530079492601e+01 6.272452004651841406e+01 7.858489511968220143e+01 7.931416391472316718e+01 6.164862518224463628e+01 5.260192183211384531e+01
