MOVIE_S1_data/elevation_000214.asc
nrows	100
cellsize	150.0
xllcorner	0
ncols	100
yllcorner	0
NODATA_value	-9999
[rows 34 to 50 of 100, columns 0 to 36 of 100]
0.000000000000000000e+00 2.407717061561839511e+00 2.240524441881154161e+01 3.030912226117555619e+01 3.382348354289477754e+01 1.998344238565582032e+01 2.457323099154461232e+01 2.942832108943505176e+01 3.546993318844477017e+01 4.215316782520150696e+01 5.216646530886069399e+01 7.213517681676809445e+01 8.482795922832684710e+01 7.341859001288044340e+01 6.523844876010127791e+01 5.015987894036849326e+01 5.378773480917773497e+01 5.185195513890794672e+01 3.238756619485258170e+01 3.723019314855655892e+01 1.619200782482273127e+01 1.490389108733868007e+01 3.383983418570596768e+01 1.738298173302251470e+01 3.699087784143061697e+01 4.367139009092912261e+01 2.952151966799390692e+01 4.910205292743695793e+01 4.234672871266076299e+01 4.782527362384347924e+01 6.763501409936095854e+01 8.569199598076176017e+01 9.555656938044523940e+01 8.817503636979949988e+01 7.996197985598351465e+01 7.996197985598352886e+01 8.029841727510239480e+01
0.000000000000000000e+00 1.999999999999964473e+01 6.996025457483197485e+00 1.032934256410001872e+01 1.381084358564785219e+01 2.197781224063866290e+01 4.199572356675555795e+01 4.945018604477119339e+01 4.578174382967637257e+01 6.215082106281438001e+01 7.042022432765963913e+01 8.040353663568124887e+01 8.805748344957443408e+01 7.964716448887355682e+01 7.810891129476576111e+01 6.992984228587559414e+01 6.532497158212375155e+01 4.610800038067755935e+01 5.185195513913419063e+01 4.427591337406978056e+01 2.500448692550638441e+01 3.374147478441140180e+01 1.445960080086337030e+01 1.656311424724036030e+01 2.745573170077240377e+01 4.770363111957031776e+01 4.910205292743695793e+01 3.520708431934454552e+01 5.491301480692381887e+01 6.763501409936095854e+01 5.774854143924978445e+01 6.765534240273051125e+01 8.738763111501242520e+01 7.996197985598351465e+01 6.017532410204239568e+01 6.017532410204239568e+01 7.209034514598532439e+01
0.000000000000000000e+00 1.999999999999964473e+01 2.698423139504855683e+01 2.991791668098601065e+01 2.522091706520606991e+01 4.069001110089092776e+01 3.613600976163485967e+01 5.614232410670283713e+01 6.577288205282864908e+01 7.404372163942817053e+01 7.377301753601157941e+01 8.205731149165498550e+01 7.964716448887355682e+01 6.007419609362034407e+01 6.580698580864003588e+01 7.406583960690447554e+01 7.325702348027451194e+01 6.486998179043442292e+01 5.831352979806474934e+01 3.880616139462603797e+01 4.398417585382973272e+01 3.370615556988718708e+01 1.415131143312093265e+01 3.377119966757819469e+01 4.348026346321537972e+01 5.487316384400426017e+01 6.310011259142338247e+01 5.491301480692381887e+01 4.911762957289212039e+01 6.890431252885407787e+01 7.752148675578835935e+01 8.569199598076176017e+01 9.555656938044523940e+01 7.739252320696698462e+01 5.760934751427902967e+01 4.618985084859139079e+01 5.753611838197586792e+01
0.000000000000000000e+00 1.999999999999964473e+01 3.601873974660775701e+01 4.556761345537347552e+01 4.425882664818536227e+01 5.197643547713720125e+01 5.614232410670283713e+01 6.441641289646356938e+01 6.791516412547036907e+01 5.963088136305252362e+01 5.377301675928572422e+01 7.377301753601157941e+01 7.964716448887355682e+01 6.007419609362034407e+01 4.696501563268318336e+01 5.692479588707126936e+01 6.249335354145491550e+01 7.195946846402043207e+01 6.649609130933949075e+01 5.831352979806579384e+01 4.110350262098580032e+01 2.044203699498613247e+01 1.384578225989429079e+01 2.997476135357577931e+01 4.731987698739683168e+01 4.933848794838110052e+01 5.724041219072837094e+01 6.555828631881227864e+01 6.890431251214207009e+01 7.708260523586578472e+01 7.767634604330176273e+01 6.944175006240816117e+01 7.767634531166092415e+01 8.560391424667868421e+01 7.417518023591634346e+01 5.753611838197586792e+01 3.775526676100163570e+01
0.000000000000000000e+00 7.561087686945761277e+00 1.760357751457484099e+01 3.202507620841966229e+01 5.268682849395088397e+01 5.403894944163089775e+01 5.622674543648709289e+01 6.451101667770366532e+01 5.963088136305252362e+01 3.963088113442769611e+01 5.963088136305252362e+01 7.521828267778758459e+01 8.177011776144372845e+01 6.211179305785015003e+01 4.891265560082688779e+01 3.850814722339066520e+01 4.239336060530646222e+01 5.803026186046061952e+01 5.490552637067786179e+01 5.215265522465771397e+01 4.048200673672085514e+01 1.341842316611442421e+01 2.273848180492202076e+01 3.230513256895981300e+01 3.648619798998616659e+01 3.055169107459125755e+01 3.836664289306032316e+01 5.153901578728852684e+01 7.099945213597798954e+01 6.866909597294647938e+01 6.044048403217852439e+01 4.974565657650155970e+01 6.780134610957898644e+01 7.848856082692645941e+01 5.869672931599723853e+01 5.224946341166888431e+01 3.247168838224669685e+01
0.000000000000000000e+00 1.999999999999964473e+01 3.601873974660775701e+01 3.837113633021344583e+01 4.665540661323764482e+01 3.403894944162404812e+01 3.622674543644769329e+01 5.175791668314507632e+01 5.296421462017730875e+01 3.296421446776079733e+01 4.693398768266652610e+01 6.228933605151897979e+01 7.228934120129254381e+01 6.914870571073136318e+01 4.981084225498030804e+01 3.912344268331126784e+01 3.176437424618729111e+01 4.484627457931030392e+01 3.639965038829140553e+01 3.383151194917080318e+01 4.181711058709987583e+01 1.312124742148277790e+01 1.618044994782408352e+01 1.562020905598895304e+01 2.011986101385057069e+01 4.229735793070096150e+01 5.724041219071973785e+01 6.555828631881227864e+01 6.770690288666662582e+01 5.725344981709967840e+01 4.091835428921830697e+01 4.008937743608841231e+01 5.959370331329137827e+01 7.145862309456094863e+01 5.869668496490840681e+01 3.891669918194221367e+01 2.894967015747128158e+01
0.000000000000000000e+00 1.999999999999964473e+01 2.451472987014199134e+01 1.837113633069207808e+01 2.923184800791183946e+01 1.989681381789259618e+01 3.445350328516545346e+01 3.175791656235625737e+01 4.090376075901190234e+01 2.693398757620531470e+01 3.400505538807103534e+01 4.400505538807143324e+01 6.400505571744426447e+01 7.748966200836962059e+01 6.618983116199106576e+01 5.783664653474571082e+01 4.484627457931030392e+01 2.688146175392407144e+01 2.411133069288025865e+01 2.169334268858926507e+01 3.508305047669905719e+01 3.211372201654233294e+01 1.270532233908355302e+01 2.457670890272317266e+01 3.352145550074065738e+01 4.103885464614626954e+01 6.103441596906851174e+01 6.469654624278285837e+01 5.962422085351251155e+01 4.037754691139672047e+01 3.030028669366109639e+01 4.916831254588191769e+01 5.692474290612357635e+01 6.073025825699811264e+01 4.342667927153428309e+01 4.342131050103525070e+01 2.550851540714054622e+01
0.000000000000000000e+00 2.250175801852052793e+00 4.514729870141254153e+00 6.824130946899766847e+00 9.231848008615170187e+00 1.173184800861519150e+01 1.445350327837430093e+01 1.761578093854273419e+01 2.090376068464993509e+01 4.090376075901190234e+01 5.400505555275785952e+01 6.228933605151897979e+01 7.228934120129254381e+01 7.182499191713372966e+01 5.284459236755795075e+01 4.279674752490099365e+01 3.591786952587880677e+01 3.239429108443722072e+01 4.181989596512462271e+01 3.574559674186136959e+01 1.823977659145029051e+01 2.863682001122649012e+01 1.241480394504596241e+01 3.245580082210324235e+01 4.750795083780634798e+01 5.806454625234329825e+01 5.903156906914886548e+01 4.521705711579825504e+01 5.902124229786591769e+01 4.393530113251450331e+01 2.580982087455578977e+01 3.790995576283662416e+01 3.790995576147565771e+01 4.118767054372138858e+01 4.131565458011480274e+01 2.312336800513684665e+01 4.342669428536673593e+01
0.000000000000000000e+00 1.999999999999964473e+01 2.451472987014199134e+01 2.096626657063097099e+01 2.077885339240788909e+01 2.327885339240791041e+01 2.859563890202767311e+01 2.339777518837330206e+01 4.090376075598801719e+01 2.943178933887450555e+01 3.943178933887572413e+01 5.097879472290149039e+01 7.097879733893402943e+01 8.014886009158895774e+01 6.900193947090794211e+01 6.068226758932190990e+01 4.345846476635920652e+01 5.226856038534700843e+01 5.574429023366671743e+01 3.934954494797474922e+01 2.271401795323850692e+01 1.462407027440439045e+01 1.212406224943309674e+01 2.482155841482936154e+01 4.011594919820642247e+01 5.945293980921746879e+01 5.092414676226865566e+01 3.045278723530121567e+01 3.910483421026182072e+01 3.465358900098786421e+01 3.430070893319459202e+01 2.048048850749498584e+01 3.725646027432176766e+01 3.863789408841567052e+01 2.081528855683258428e+01 4.131565458011441194e+01 3.418309506463729974e+01
0.000000000000000000e+00 1.999999999999964473e+01 3.828427124746097832e+01 4.096626657063976040e+01 3.492098901613933748e+01 3.742098901613935880e+01 4.859563843699227448e+01 3.006444185503985267e+01 5.006444083436446135e+01 4.943178989182504068e+01 4.208089997997660703e+01 6.208090385624770846e+01 7.926314814307234258e+01 8.032670136257856086e+01 8.611965468354127040e+01 6.966789275453686514e+01 6.144419179252771102e+01 6.966789268742888908e+01 5.749862733273678117e+01 3.798523311895953469e+01 3.403382843004123970e+01 1.810979929689689527e+01 1.183305183746970357e+01 3.091389652138573041e+01 3.881317748284212144e+01 5.087124216786866526e+01 4.566408034149775830e+01 3.910478787701316605e+01 1.520677536325075430e+01 1.459049064851003230e+01 1.551920377671455320e+01 1.649730232524841611e+01 1.753357311203439650e+01 1.859418429646777327e+01 3.920432544708219069e+01 4.949046724153965471e+01 5.404141023458252846e+01
0.000000000000000000e+00 1.000000000000008704e+01 2.414213562373128852e+01 4.414213562373199551e+01 5.492098901615121065e+01 5.742098901615299411e+01 5.834865708959163300e+01 4.420657747452540320e+01 4.420657747231707191e+01 6.420656769338110337e+01 5.622303564906555096e+01 7.036533463228818164e+01 7.452033215892865314e+01 6.051264986946637947e+01 6.631605118901947549e+01 7.070917277237961684e+01 6.199145930881632438e+01 6.199145900289540378e+01 6.572434095502318030e+01 4.836643931518437256e+01 2.879539714417342466e+01 2.968296627252098929e+01 1.900273329400928191e+01 1.141563318784062808e+01 2.464592001368209750e+01 3.749479723335270620e+01 2.763161078757956091e+01 3.197318408150736602e+01 1.329265696903336114e+01 3.309063301199246609e+01 2.049986262893386524e+01 3.874590554756121463e+01 3.229837040981335861e+01 3.921242958661638056e+01 2.078015872782684426e+01 3.545253675311163732e+01 5.536795002684098677e+01
0.000000000000000000e+00 1.414213562373107536e+01 3.414213562373178235e+01 4.921202397117822613e+01 4.840529249172639936e+01 5.262911462989332989e+01 5.756277283114770427e+01 6.420657400480264698e+01 6.420657106789083457e+01 7.249062033160996066e+01 7.622306026883271102e+01 7.895520215685775156e+01 6.631605118901947549e+01 4.620114552621095783e+01 6.631605118901947549e+01 6.199145930881633149e+01 4.038295281703256734e+01 4.038295281695928196e+01 5.554606274745058414e+01 5.711099922881518864e+01 4.740281388161693599e+01 4.476584128421759345e+01 3.773187410553894239e+01 2.896343856288754637e+01 1.098753335682402010e+01 2.849731194644325782e+01 1.925283759725015997e+01 1.202612314277292604e+01 3.197318362663965630e+01 4.130950359252346971e+01 2.556764453785608637e+01 4.493348741251131173e+01 5.233619734208062368e+01 4.275579711485564616e+01 2.237744981077601736e+01 4.275624442303996631e+01 6.041614647402999339e+01
0.000000000000000000e+00 1.999999999999964473e+01 2.101897737359520946e+01 3.052468275316573809e+01 2.857889654473250474e+01 3.287014108825468384e+01 3.790430538306407016e+01 4.954190463797215926e+01 5.630962958095961568e+01 6.448620317208968800e+01 7.491413275870955601e+01 7.075302890988925242e+01 5.075014429076644262e+01 3.865094397762661060e+01 5.081346191570565907e+01 5.912969629262752136e+01 4.671193783716252312e+01 2.521432081674762671e+01 3.657786400406102700e+01 4.503037010031420806e+01 3.936591493146372756e+01 3.554040768228799152e+01 3.207663093172373436e+01 3.406122083266939882e+01 2.986785298835205538e+01 1.055014283925055807e+01 1.097497736578293370e+01 2.276000490375137986e+01 3.961131039143405275e+01 5.006558977413785527e+01 3.082184410221762150e+01 5.006666172761436684e+01 5.567155755179175003e+01 3.584673405190135043e+01 2.400923024230553793e+01 4.422725096498828634e+01 4.062403697155712479e+01
0.000000000000000000e+00 3.429950811705665625e+00 6.911300424514832841e+00 1.062403861493382351e+01 1.454198653115317974e+01 1.889280963826155002e+01 2.401906671686933947e+01 2.996249123866304132e+01 3.686249820030796798e+01 4.788273426103291541e+01 6.684581555880501469e+01 7.795434211297607874e+01 6.642904444056364355e+01 5.081346191570565907e+01 2.958851054959039928e+01 4.330930839503822938e+01 5.174439985682516152e+01 3.657786400406102700e+01 1.507579413426003967e+01 2.858860885639622396e+01 8.545018262454336266e+00 8.838789675331106821e+00 1.353582100982327319e+01 2.050893830381495775e+01 2.329160062587652291e+01 1.023950808596018014e+01 2.991407932728513686e+01 3.174576148006667609e+01 4.188830423714191653e+01 5.584049787373122342e+01 3.662056072171186116e+01 5.584089640090715534e+01 6.385469139783633352e+01 4.893098072466377602e+01 2.902858351891867983e+01 2.643495870527459601e+01 4.642101163080094750e+01
0.000000000000000000e+00 1.999999999999964473e+01 2.685525142397333553e+01 3.052468275316573809e+01 2.857889654473250474e+01 3.031165042566400203e+01 4.366213719087274114e+01 4.857773922855776050e+01 5.630962958095961568e+01 6.448620317205229924e+01 7.044352298742933272e+01 6.975167927393903256e+01 4.972323799011251566e+01 3.757174138316133849e+01 2.913603667742064118e+01 2.160209046879785788e+01 3.750781037414084551e+01 3.834808201390402616e+01 9.698161557254318055e+00 8.129361274906193202e+00 1.005308455463628370e+01 1.884765786092786399e+01 9.250481465932448799e+00 9.539234457479073725e+00 9.826965498616164751e+00 1.226387031498045310e+01 3.364254731135545029e+01 5.304761763310198575e+01 5.953902206802457897e+01 6.261915274181905033e+01 4.335542083682730663e+01 6.261915274181905033e+01 5.620544986287880107e+01 3.635230123273694858e+01 4.893140328655395166e+01 4.642101163084380744e+01 2.881611577726959794e+01
0.000000000000000000e+00 1.154700538379241515e+01 2.568914100752311569e+01 4.568914100752240159e+01 4.840529249172639936e+01 5.005793065551104348e+01 5.829037619136492765e+01 6.190557643140213173e+01 5.387485707050684169e+01 6.121543660433671619e+01 4.771747714623666070e+01 6.157821563767063111e+01 6.642904444056364355e+01 5.818825331615285279e+01 5.039594425091058127e+01 3.750781037414084551e+01 1.582235737703114076e+01 2.949815672914024844e+01 7.714161134487261151e+00 2.076595056152108754e+01 2.649550429811724683e+01 1.885671874151751481e+01 2.929487205835328112e+01 2.508783057945786155e+01 1.109449817546893868e+01 3.160112574228998383e+01 4.175278997247112045e+01 4.380275083024394434e+01 6.411021602169309119e+01 7.055054236909018073e+01 5.439371033342428063e+01 7.055054236909010967e+01 6.174880754747668021e+01 4.184196967096380604e+01 6.174880754747670863e+01 5.671319308660950043e+01 4.773510393836102850e+01
0.000000000000000000e+00 1.999999999999964473e+01 3.451053248117078454e+01 4.272873694488200158e+01 5.417858850375347401e+01 5.694616429570097438e+01 6.551794172930178206e+01 5.062528973508252506e+01 3.503934430760558882e+01 4.516792534786659985e+01 3.329309760176770538e+01 5.127087712717666079e+01 6.746937774246009667e+01 4.839258062521341230e+01 4.839258062521341230e+01 4.604803895474883291e+01 3.209578201418131016e+01 1.075693419359560643e+01 7.420819022352544536e+00 1.836552685047890776e+01 2.356757369591208118e+01 2.688043677435888412e+01 4.144772027927573532e+01 3.023754339654032108e+01 3.200505803394636217e+01 1.649345352753781668e+01 2.221020048286085569e+01 3.781631070874885836e+01 5.825529576189181569e+01 6.973445098722447710e+01 7.289994496203581775e+01 8.092727779045243608e+01 6.811212947827537789e+01 4.810238690554836438e+01 6.811212947827537789e+01 6.945892928623166540e+01 5.353012682228817454e+01
