MOVIE_S1_data/elevation_000457.asc
nrows	100
cellsize	150.0
xllcorner	0
ncols	100
yllcorner	0
NODATA_value	-9999
[rows 17 to 33 of 100, columns 37 to 73 of 100]
8.617275555043133295e+01 6.648688596980373688e+01 5.249781257262920775e+01 7.225237745115208554e+01 8.667231970152079157e+01 7.869897064305038725e+01 5.898570078819100360e+01 5.923970972961155468e+01 6.452909853516803196e+01 7.077506362360342962e+01 8.467242950002795965e+01 1.043183088568136867e+02 1.177877796039153395e+02 1.096045937765411367e+02 1.177877789263103665e+02 1.164134330146509626e+02 1.049892145057990831e+02 9.560711764485419906e+01 8.803256288158220855e+01 6.936808018436501300e+01 7.460898071082824856e+01 9.412341059551502553e+01 1.104760668140654616e+02 1.156592788392242852e+02 1.194735034561534377e+02 1.235851479187121953e+02 1.311261321510126265e+02 1.228889097203764607e+02 1.304774991388989349e+02 1.386858489541715755e+02 1.510221931739753813e+02 1.429301267552975787e+02 1.404146017829504274e+02 1.484970683621250203e+02 1.508318446035401621e+02 1.480420946646289337e+02 1.337560881183080710e+02
8.709991417665528957e+01 6.742485167336423046e+01 5.601071706079520851e+01 6.997894227280664836e+01 8.965017021926330187e+01 8.492211627644090299e+01 6.524276941072353964e+01 6.671450561165777060e+01 7.845733813458616623e+01 9.042657434125776206e+01 8.467242950002795965e+01 1.043183088568136867e+02 1.186766613644080195e+02 1.102462040639278484e+02 1.102462043126621722e+02 1.078253509847252474e+02 8.786034457530840314e+01 7.679242788495162131e+01 6.803426234418908791e+01 8.765682848728890519e+01 9.412158485820839360e+01 8.272505772795682333e+01 1.022033418688373416e+02 1.205019509987538697e+02 1.294373343597966084e+02 1.409966442749204134e+02 1.388748126415634374e+02 1.307879966303702304e+02 1.333081298191688973e+02 1.414026443748128088e+02 1.429301267552975787e+02 1.235701696521640685e+02 1.210606106703400258e+02 1.372961814130695473e+02 1.307402852952067462e+02 1.378853036935630314e+02 1.193143515816887259e+02
9.525609958329842186e+01 7.960549935990638915e+01 5.989785106715721241e+01 7.129692433481406511e+01 9.095522391343155277e+01 9.186822784613208626e+01 7.222165747090419075e+01 7.552964603857283521e+01 9.454231841437555772e+01 1.062759898118872002e+02 1.043183088568136867e+02 1.124988968344687237e+02 1.102462040639278200e+02 9.000786617411993973e+01 9.000786617416298441e+01 1.043415752049127718e+02 1.001753213429842901e+02 8.194167343306754958e+01 7.216101588067512296e+01 6.669601495073023045e+01 9.207963732546029689e+01 1.022033418688373416e+02 9.265365880712718649e+01 1.011811711244155418e+02 1.126822332041725048e+02 1.327649928619037212e+02 1.275695731743844590e+02 1.111827445270008639e+02 1.137365019739559671e+02 1.333081298191688973e+02 1.296911219885365085e+02 1.292405698041910682e+02 1.097711638133420848e+02 1.292405698041910682e+02 1.163320609010336852e+02 1.217370035021035477e+02 1.090159977908128894e+02
9.524146405207126520e+01 7.559944417018502349e+01 6.421604667487098084e+01 8.390113858583622175e+01 9.911357499770160473e+01 1.000267243368968195e+02 8.101590182081820046e+01 8.686628890972390593e+01 1.033349945752576815e+02 1.127192543180291295e+02 1.044932941889940281e+02 1.040929756545942979e+02 9.961264554453407527e+01 9.593239164387568962e+01 7.620342389690203788e+01 9.553060484745495273e+01 9.659832585419505335e+01 8.814520236993918445e+01 6.537107290032011520e+01 7.156191084189805451e+01 8.318835736688544102e+01 9.659614960238435799e+01 1.084084586415048790e+02 1.097931771887434991e+02 1.097931769054222428e+02 1.180696767354000372e+02 1.194688990509593651e+02 9.960281625436489605e+01 1.194688990509593651e+02 1.238843557987533615e+02 1.099534476541088281e+02 1.233703230257599728e+02 1.037766908921560542e+02 1.226654852878041169e+02 1.044595691316567212e+02 1.012251540773253993e+02 1.217030371530077844e+02
1.034038949188855128e+02 9.011523193368148554e+01 7.046454336177036737e+01 7.559944417018502349e+01 9.524146405207125099e+01 1.088187600991301593e+02 9.233650950106407151e+01 1.065157133015708268e+02 1.146967208292926870e+02 1.044932941889940281e+02 8.458310182848701686e+01 8.421687130511159580e+01 7.949581818601336636e+01 8.215861190485465215e+01 7.043508141086914520e+01 8.399949053165066459e+01 8.080402190810136176e+01 6.407362762508000742e+01 6.491211585530055572e+01 7.623576216699825636e+01 8.651876289949095167e+01 7.336977907339694127e+01 9.401661635220003177e+01 8.868830392411263119e+01 8.868830392402206542e+01 1.097931769100128605e+02 1.056405679440588870e+02 9.349478733287521948e+01 1.134789981814987101e+02 1.139467777632112160e+02 9.579304424206146962e+01 1.105750985046043553e+02 9.821957934757705289e+01 1.146837240825423123e+02 9.409371263151329856e+01 1.086986427095118728e+02 1.107939198933309797e+02
9.637529194313516712e+01 9.705325376372340429e+01 7.742956462791011063e+01 9.524146405207125099e+01 9.163270625478955367e+01 1.112985948552650086e+02 1.120015747363085836e+02 1.201898309743323097e+02 1.086977354687711426e+02 1.005363495766319772e+02 9.041466144045247688e+01 7.065164882534494950e+01 6.784677090502310648e+01 6.699828858611654425e+01 8.033707298156058130e+01 6.260542614876803214e+01 6.320265564463131369e+01 6.554591528527477351e+01 8.434998679936836652e+01 6.611408634316622113e+01 6.697330876135690403e+01 6.783911814402777907e+01 8.761355664320940662e+01 7.517062388142007023e+01 9.486977829395294748e+01 1.056405679338079153e+02 8.554511389932250154e+01 9.853574547874116263e+01 1.048391741552098750e+02 9.986820023036321459e+01 8.567310223309863204e+01 9.060143931520045157e+01 1.105750985046043553e+02 1.141143575470043885e+02 1.086986311910321064e+02 8.801434590894984922e+01 9.058488794179105241e+01
9.637529193800529015e+01 1.052172663669884258e+02 8.723509369835345240e+01 1.052172663956382905e+02 1.112985948552649944e+02 1.144068241583272538e+02 1.062104346473964256e+02 1.062104346473964256e+02 1.005363493218675899e+02 8.068416764404506125e+01 8.649585093246373901e+01 7.950130700564643860e+01 6.056184430860464118e+01 6.116262095784149011e+01 6.176135276304125910e+01 7.451151132631159157e+01 8.271480103857007293e+01 8.221748939733168982e+01 6.885871775043028720e+01 8.563193626791040458e+01 8.624522778037223247e+01 8.750583507576604347e+01 6.905708112106742647e+01 7.474329779471588608e+01 8.987947562569873128e+01 9.908201488945698543e+01 9.745572494252043327e+01 7.846200554290761886e+01 9.351767368204986042e+01 7.967336326370599409e+01 9.687558837016560176e+01 9.782142559569575724e+01 9.879509590770096850e+01 9.383186166580762233e+01 1.007552976088767736e+02 8.440676240951962939e+01 8.292062878108127677e+01
1.046331250282800909e+02 1.150520431808729853e+02 1.068714138295495388e+02 1.150520434457238537e+02 1.207308011148926994e+02 1.062104346473964256e+02 8.621453771702918800e+01 8.621453771702918800e+01 9.856957770554670617e+01 8.616022077626625730e+01 6.651335612601462799e+01 5.971258708483044586e+01 7.953514428263828506e+01 8.420863313515044979e+01 8.214233306671712853e+01 7.286009228391291970e+01 9.105917445002287991e+01 9.456558186050716586e+01 8.763908628237140874e+01 7.207274150037093818e+01 9.005975619996927151e+01 9.639463025990779954e+01 8.515705698429248116e+01 7.025321639455373202e+01 7.107936494427218577e+01 9.078972615736962837e+01 7.333861445522767042e+01 7.412203552129491868e+01 7.491637072867476377e+01 7.572366268821947699e+01 7.658306843290270649e+01 7.748148843516027284e+01 7.843723514851876644e+01 7.941358012015075474e+01 8.040209327989730070e+01 8.140134238867854322e+01 1.017495501924944676e+02
9.637144174821165166e+01 1.039280098674236825e+02 1.121666612661562539e+02 1.236530650452357918e+02 1.125567885181722829e+02 9.258463135342385897e+01 8.100263448848804160e+01 7.202663093238143688e+01 8.421614046045428381e+01 7.443365420793803366e+01 5.886250226533528007e+01 7.872760819501222329e+01 6.963130389152235011e+01 8.949611613463108029e+01 9.726508712457398076e+01 8.632675020925631770e+01 1.003785143305704963e+02 9.483538293108239259e+01 7.635962644032194646e+01 9.075851694923753143e+01 7.655748341896818943e+01 9.436825930179209365e+01 1.043401220870501191e+02 9.636755454857308223e+01 7.589448623323345089e+01 7.221348817295695710e+01 7.603467039353277812e+01 9.303754073876358177e+01 9.545433727959495229e+01 9.593632626000560037e+01 9.687500704688571318e+01 8.163462218338493415e+01 9.879503044113978660e+01 9.382419946298415425e+01 1.007553231003855814e+02 8.529463448960208893e+01 9.908430567833875102e+01
7.630543030117769376e+01 8.393520985886947017e+01 9.551723680655427984e+01 1.154173395340372110e+02 1.087134112510090347e+02 1.092401754264947158e+02 1.003106809371077901e+02 8.431748924286353031e+01 6.440582624508272147e+01 7.733018727944238435e+01 5.826155045519330145e+01 7.816600543550320879e+01 8.362278106693580071e+01 8.364664527885594225e+01 1.038682589640048803e+02 1.076241282440062577e+02 1.121495872457864920e+02 9.286089467452154622e+01 7.945084226970377017e+01 9.851042192842290035e+01 7.981075355664742688e+01 9.895926289526907738e+01 1.122063042085068787e+02 1.103844711991532819e+02 9.566767507663314518e+01 7.650688079141224307e+01 9.308835164645596194e+01 9.317009845072524854e+01 1.128613439717840379e+02 1.082392337229674126e+02 8.793249002614145127e+01 1.019723222512059522e+02 1.102682946296529138e+02 1.139306780639492018e+02 9.493231524864762605e+01 1.051081563248367274e+02 9.226695175795933324e+01
9.637144174821165166e+01 9.637144174821165166e+01 1.121666612661562539e+02 1.028270914266466747e+02 8.845371959094457281e+01 1.028270914266221610e+02 9.336610638031122278e+01 8.381160399880546663e+01 7.655220092832324497e+01 5.741159742155196000e+01 6.864663186790861005e+01 8.466035640945227669e+01 1.037397162818180476e+02 1.039857618254507088e+02 1.125052305676923083e+02 1.252219403941863192e+02 1.060856181880319156e+02 9.239502527478941829e+01 8.282099619185514427e+01 1.020427712350166445e+02 9.895926289547020360e+01 8.484856988320234450e+01 9.858147983513342183e+01 1.178865615014072858e+02 1.050344500666876399e+02 9.059636582751427625e+01 8.369601258668467381e+01 1.038080681983486500e+02 1.165236122719318246e+02 9.623111135186091758e+01 1.082392337229674126e+02 9.967275913850050983e+01 1.199424306566626370e+02 1.230319684017907207e+02 1.025601085992305457e+02 1.208189578093235497e+02 1.124071080094176978e+02
1.098032151316970868e+02 1.162959459206845025e+02 1.009231446241514476e+02 9.251034999286410709e+01 7.438773467926138494e+01 9.383370660547990383e+01 8.523538416385879657e+01 6.728203853977828430e+01 5.657308313217023965e+01 7.652413325717095915e+01 6.498302906659229450e+01 8.467627402395861225e+01 9.943273984576279645e+01 1.064911148531999885e+02 1.147249912652687982e+02 1.246675398262809864e+02 1.196244002074473372e+02 1.060102210036343138e+02 8.673692096628782622e+01 1.060102210036343138e+02 1.082933868977097802e+02 8.883388272667458807e+01 1.001460202304808860e+02 1.194228875417470022e+02 1.192000766397415674e+02 1.093879902961680699e+02 8.927104074869578199e+01 1.093879901484849597e+02 1.229339946314229621e+02 1.026625849536332282e+02 1.229339946314229621e+02 1.114179137974184783e+02 1.282499733794204531e+02 1.314129531966418085e+02 1.171463441177153584e+02 1.230628247662427697e+02 1.295634635232476910e+02
1.034505218197685394e+02 1.088496035074099382e+02 9.251034999286410709e+01 7.254072424778649975e+01 6.553347097288209966e+01 8.533581775193874819e+01 8.547225112951700510e+01 6.580933245473906368e+01 5.598323941092262146e+01 7.495578901171933239e+01 8.430715009220256206e+01 7.330520973129513607e+01 7.949948260975473602e+01 8.652701552553402564e+01 9.654576578720774194e+01 1.164364639191922066e+02 1.212226011637237946e+02 1.022021351911698162e+02 9.104205135382922265e+01 1.102411300143576653e+02 1.128723689106603416e+02 9.344539336992507117e+01 1.128723670730717004e+02 1.273596070587707345e+02 1.219986380248800799e+02 1.020596002101092523e+02 9.939140732018846336e+01 1.175548883602385644e+02 1.229339919928702614e+02 1.170463939820737380e+02 1.192499220933093795e+02 1.315891041575552265e+02 1.398623767550265313e+02 1.400232746985903702e+02 1.373464725894357912e+02 1.432193809147952095e+02 1.397480066490344939e+02
8.411871019867042776e+01 9.040554623815603463e+01 8.954908797069246873e+01 7.786830952932609762e+01 5.838956701402065619e+01 7.337040768636289556e+01 7.313298970927017706e+01 7.461994772573801527e+01 5.539653651767766718e+01 5.961402313039779699e+01 7.945332753042053753e+01 9.034981019433874394e+01 9.567838889555672210e+01 1.039703695162662029e+02 1.147249912652687982e+02 1.246675398262809864e+02 1.291220144309357067e+02 1.150525360915039386e+02 9.605776269494472785e+01 1.150525360915039386e+02 1.178588338877421222e+02 9.854633807505783238e+01 1.178588338877421222e+02 1.343280341294149594e+02 1.300938035291405299e+02 1.162433611049633271e+02 1.136149280557518040e+02 1.275150050936223920e+02 1.429774230098532541e+02 1.371479199689182451e+02 1.393262376014284882e+02 1.475679114879917506e+02 1.341797007379839783e+02 1.199816061665389384e+02 1.269166991653360697e+02 1.352466429333124154e+02 1.339605350461851572e+02
7.279824574940181492e+01 7.718250209857195898e+01 7.880940418574647310e+01 6.326796935515597653e+01 5.285998713469057009e+01 5.342968093601403012e+01 5.399956352881584110e+01 5.457770865736701182e+01 7.195955841656075336e+01 7.936510867496066624e+01 6.581410560314355962e+01 7.036274830992009299e+01 7.549655106366586210e+01 8.980565748971224593e+01 1.098564167037208250e+02 1.236246765006915211e+02 1.281000533910670640e+02 1.122088241851409975e+02 1.021944212318584135e+02 1.213906055383651506e+02 1.257835100885305621e+02 1.178588338877421222e+02 1.073078766381543545e+02 1.183766777888775010e+02 1.373476110137279704e+02 1.358943222222795271e+02 1.333615746446014043e+02 1.350168998940568770e+02 1.267049010865134591e+02 1.278028142130818026e+02 1.361245808146219929e+02 1.357320858854625101e+02 1.241321796156159536e+02 1.057610194590227479e+02 1.068309191357247556e+02 1.236459722706538571e+02 1.139034165240430099e+02
6.393570744570178732e+01 7.795614631988905785e+01 6.142619641561430655e+01 5.205686699662665262e+01 7.207991174270554779e+01 7.351116096794865484e+01 7.407837683602915035e+01 5.524872034231933782e+01 5.940015651158960708e+01 7.943614717146694204e+01 8.568348974199612655e+01 8.450771743536242298e+01 9.567838889555672210e+01 8.515446813878786259e+01 9.377556280319345205e+01 1.073113652317456967e+02 1.306647601038893072e+02 1.203376214387406975e+02 1.158050970047066670e+02 1.158050970047066670e+02 1.348752159930740788e+02 1.343280341294149594e+02 1.183766777888775010e+02 1.343280341294149594e+02 1.453328421454477848e+02 1.349511683795899728e+02 1.266608455050924960e+02 1.234248484787106293e+02 1.066222888543511402e+02 1.077253168300769062e+02 1.245306298424995504e+02 1.274013248709350137e+02 1.073182344602271314e+02 9.560248600205956393e+01 9.511055730730276991e+01 1.107553819126298720e+02 1.022451665656664233e+02
5.678242048143111731e+01 7.064643187116405443e+01 5.125130758438928069e+01 7.142346951398327803e+01 6.854709442729932789e+01 8.836988730719703256e+01 7.026448596730939755e+01 7.933600410177741935e+01 7.943614717146694204e+01 6.479485985092058797e+01 8.453234354860479982e+01 9.850220300857637312e+01 1.127043987583130189e+02 1.058006632420991906e+02 1.142025683139148242e+02 1.236246765006915211e+02 1.406551616733260346e+02 1.380560430217385033e+02 1.348752159930740788e+02 1.348752159930740788e+02 1.428487266467761287e+02 1.410371546275729315e+02 1.373476110137279704e+02 1.453328421454477848e+02 1.424021235749552261e+02 1.266699171650115829e+02 1.065895719866637990e+02 1.124733730247847632e+02 9.490097897244156400e+01 9.601446527330899983e+01 1.132008703730029140e+02 1.215292741520403013e+02 1.212211749417942031e+02 1.062821557023949026e+02 8.594643716295914260e+01 9.048159279186228332e+01 1.107553819126298720e+02
