MOVIE_S1_data/elevation_000337.asc
nrows	100
cellsize	150.0
xllcorner	0
ncols	100
yllcorner	0
NODATA_value	-9999
[rows 51 to 67 of 100, columns 0 to 36 of 100]
0.000000000000000000e+00 1.999999999999964473e+01 3.570566616752272271e+00 2.060535811683292096e+01 2.724894299744577708e+01 2.881154016836856613e+01 1.790613068061889024e+01 3.309212126800048992e+01 3.596794827881338108e+01 2.003844333644757825e+01 4.011909528648396872e+01 4.893837503030575675e+01 5.361343624911255290e+01 5.873673347662143129e+01 6.530067938802885408e+01 7.331462619952600335e+01 8.233631097661398712e+01 9.432347353295996584e+01 8.720113980738862836e+01 7.111470201869512664e+01 7.746965656720195170e+01 6.926715744636967997e+01 6.017812943581932927e+01 4.124698603537964914e+01 6.021281197833979348e+01 7.078786521065228499e+01 5.562931239992386878e+01 7.189493030368412008e+01 7.421749537666642027e+01 8.405867577761216580e+01 6.955020341166171249e+01 7.165519641716731769e+01 8.869303680385262112e+01 1.006691823517321893e+02 1.088016989236277254e+02 1.016874585404763849e+02 9.372764482403593433e+01
0.000000000000000000e+00 1.474383472835830045e+00 2.147413038653872519e+01 1.883246920013322878e+01 3.801171203862869419e+01 4.571578512491731061e+01 2.934633158196457003e+01 3.747874328219840834e+01 4.818198599956765094e+01 3.406620864183846464e+01 2.446384049736105482e+01 2.873928714859819777e+01 3.334581919047342069e+01 3.837643332092559234e+01 4.476652636992335488e+01 5.207429060930913067e+01 6.462351505894771719e+01 8.733133190292150516e+01 9.458164814885574856e+01 7.529646003796602827e+01 5.909186420344205004e+01 5.322312796576137117e+01 5.976644704766042082e+01 4.096860200496545446e+01 5.427611642292762895e+01 7.413764992260236397e+01 7.496489309607532903e+01 8.296395300089740488e+01 9.385240811270655570e+01 9.413484933391119114e+01 8.637413270497727069e+01 8.869304695119977566e+01 9.649320033535326502e+01 1.008326031766833353e+02 1.086465508857352376e+02 9.201408272922660103e+01 7.437854027538797652e+01
0.000000000000000000e+00 5.347606966721770050e+00 2.782946652662523235e+01 4.114198853575326353e+01 4.933346631844973018e+01 5.765403723513679779e+01 4.960756681109072019e+01 5.720738846215521534e+01 6.079763696237645831e+01 4.865650243526215490e+01 2.919109072126569515e+01 4.893729419417478255e+01 5.361343624911255290e+01 5.873673347662143129e+01 5.498222518809094339e+01 7.331462619952600335e+01 8.233631097661385922e+01 9.122809041088693505e+01 8.301789831757844240e+01 8.488603924100848985e+01 7.747688970642614947e+01 6.412071508625746219e+01 4.530321338267656017e+01 4.069116068387759100e+01 5.395391410163576751e+01 7.395831575373583178e+01 8.602663512735441032e+01 7.727612451339321353e+01 8.601538461266403601e+01 9.116596338093052054e+01 8.278232937134551150e+01 9.112490261426748361e+01 9.763301971827516468e+01 8.163725650194383832e+01 9.763301971827516468e+01 8.405130717439601540e+01 6.457467426250568110e+01
0.000000000000000000e+00 1.999999999999964473e+01 2.890255426446077536e+01 3.378497495090236669e+01 3.928674580208441114e+01 4.558126053639867337e+01 5.312539725152246461e+01 6.140828301337746353e+01 6.682395162659351229e+01 4.587755281941655738e+01 4.939413605210116032e+01 3.740234504040376606e+01 5.171672726651365082e+01 7.203307609897835562e+01 7.544237959563223228e+01 8.385496017518205747e+01 9.943412122589836599e+01 8.301789831757849925e+01 6.337744734179179318e+01 6.902534594402442281e+01 6.163812484437364247e+01 5.862248117213938059e+01 4.029316200122835312e+01 4.855087477874187130e+01 5.782275939095593742e+01 7.675228081677573755e+01 7.507674598588694437e+01 5.507997297692843830e+01 7.507680507353889254e+01 8.126603546848930648e+01 6.319168436377585607e+01 8.123980541111097864e+01 8.971421514456119439e+01 7.038719627244053356e+01 8.974069990777498163e+01 7.755868916368031307e+01 5.812349736318795834e+01
0.000000000000000000e+00 4.473299183426787451e+00 9.049812448655853103e+00 1.399609737443394941e+01 1.944982889229425638e+01 2.567625721047598475e+01 3.316548764663319560e+01 4.726996539327157620e+01 6.726166025726327291e+01 6.694645288289986240e+01 6.605523493721831585e+01 5.171672726651365082e+01 4.907888552264120108e+01 6.081263827714843018e+01 8.112858925241505403e+01 9.943412122589836599e+01 7.965367748963303995e+01 8.328345654600445869e+01 6.913000224703765184e+01 4.953875755810175718e+01 4.060603985113318970e+01 3.988284653619587061e+01 5.796572362385551003e+01 5.829775121140431082e+01 5.937025728104948996e+01 6.043123586679093506e+01 5.940941376551041486e+01 4.449421842214040623e+01 6.576860377587240691e+01 7.271941648391569402e+01 5.389063155009642259e+01 7.298086455998718236e+01 8.282648432243111358e+01 6.328424404282643678e+01 8.282648432243111358e+01 7.194809495526688181e+01 5.261664065739286400e+01
0.000000000000000000e+00 1.999999999999964473e+01 2.891133586908484432e+01 3.089563331257004464e+01 3.928674580208441114e+01 4.558126053639867337e+01 5.312539725152246461e+01 6.140828301337746353e+01 5.841736373365510815e+01 6.060964285656158523e+01 6.891765604433616943e+01 7.203307609897835562e+01 6.939916948800161833e+01 7.776718357233552581e+01 8.946408959022745933e+01 9.725869704240709268e+01 7.749472239496877535e+01 6.372672964811660989e+01 6.711473512905317307e+01 4.737519952811599211e+01 5.885130917237641057e+01 3.970266727515488014e+01 3.948414472277473664e+01 3.918858682834435569e+01 3.888830206249129873e+01 4.126606759562736215e+01 3.803582456323308492e+01 3.773946427734725972e+01 3.806727928456789556e+01 5.861824381629381975e+01 4.746481370839409664e+01 6.659862387181317445e+01 7.693478042190066901e+01 5.696851215196008411e+01 6.913884193849845872e+01 6.678143979968625388e+01 4.746242542220007721e+01
0.000000000000000000e+00 1.414213562373107536e+01 3.414213562373178235e+01 4.661995542772244505e+01 4.439629735377601349e+01 4.703620473042926164e+01 4.977790001632159544e+01 5.255164495070393826e+01 3.837453818808261730e+01 4.056646598768980994e+01 5.427821484906978355e+01 6.006199486593949644e+01 6.674166223318920288e+01 7.505708160279586139e+01 8.508999194382276698e+01 1.000720033199441730e+02 8.867601009281493418e+01 7.282994630906124200e+01 5.344872256664485377e+01 6.711473512904964878e+01 6.518164409813316240e+01 4.603995764763315890e+01 4.571705635714961602e+01 5.584553436074983068e+01 5.477117646722695810e+01 3.845951967011137640e+01 5.153148536672353686e+01 4.976126993433955192e+01 3.731504287423978639e+01 4.039404716477209689e+01 5.863649270078331455e+01 7.349619625898012032e+01 7.573649735242342729e+01 6.913699849148727594e+01 4.835926386552616663e+01 6.134427587360904965e+01 4.246959998427698224e+01
0.000000000000000000e+00 1.999999999999964473e+01 3.608029528643896811e+01 2.407176939042332009e+01 2.438335525681566196e+01 2.701836765460030065e+01 2.974994291780203781e+01 3.845935009855651998e+01 2.420400569555147996e+01 2.906584696326299877e+01 3.424122675384733583e+01 4.002639316789966983e+01 4.670266013144006934e+01 5.671263619512833998e+01 7.677068827125006578e+01 9.185445747351973012e+01 7.215763480138463137e+01 6.097225331004791826e+01 7.282994630906124200e+01 7.643286120263398686e+01 5.694602885891819710e+01 6.518191645913877608e+01 6.249701931531476617e+01 5.966499835998509838e+01 4.278275451958657527e+01 5.021068099432984866e+01 6.082893050540840107e+01 5.981060953534168334e+01 5.473686729943327833e+01 3.688225579672172927e+01 5.433907128621901705e+01 5.618270895012469168e+01 5.129109628229109319e+01 6.052666345019475358e+01 5.848534284685014484e+01 4.046985118120985447e+01 3.957865640058088275e+01
0.000000000000000000e+00 1.999999999999964473e+01 2.432694575175498741e+01 7.732987459848033041e+00 1.021663932916232120e+01 1.284823269919108313e+01 1.557769054480487192e+01 1.841513629022895771e+01 3.845916556960298038e+01 4.910460679241307247e+01 5.427821484906978355e+01 6.006199486593949644e+01 6.674166223318920288e+01 7.505708160279586139e+01 8.508999194381804898e+01 9.294889243472132989e+01 7.323778200589350718e+01 7.470422621422771670e+01 8.867587076515654587e+01 7.280437203683399616e+01 7.643286120263176997e+01 7.885843991757805327e+01 6.674318524244134210e+01 4.874972044405480887e+01 4.748642024941253936e+01 6.576871424464758320e+01 7.415859225198123283e+01 6.346825897660755800e+01 4.555526103290512907e+01 5.520924389687349532e+01 3.645175154590085498e+01 3.614826176668436375e+01 3.584562827990875888e+01 3.554342137922563438e+01 3.524159726370893964e+01 3.622552389286852303e+01 4.262622488023541933e+01
0.000000000000000000e+00 2.156671122534245644e+00 4.326101797828070694e+00 2.424751011178478066e+01 2.015286144674652746e+01 3.287939073123846612e+01 3.561602027610039300e+01 3.845935009855645603e+01 2.446311548538309566e+01 3.156113566076458454e+01 3.916044668633369241e+01 4.737216380446263742e+01 5.742284370082951739e+01 7.164775134033465065e+01 9.182529156602338105e+01 1.011657988199072093e+02 8.712814091765635283e+01 9.443245826857089753e+01 1.007921598421890224e+02 9.257777880020348960e+01 8.400565925239082787e+01 7.154725771191677097e+01 5.429975744926699832e+01 6.674318537884374791e+01 6.608511694764831645e+01 5.364874347644196462e+01 7.162777086373682778e+01 7.167604615075562435e+01 5.321857731013614057e+01 5.538160386588483419e+01 3.645087221732970306e+01 5.107788360849119158e+01 4.715205926219569221e+01 4.153338002771919690e+01 4.380648185229041047e+01 3.481383778038708243e+01 4.345295117946793795e+01
0.000000000000000000e+00 1.999999999999964473e+01 1.848013978169465332e+01 1.286413142977162671e+01 3.296134382538024710e+01 3.549571576623741009e+01 5.188103877444140721e+01 5.276946312019249063e+01 3.734762067098547078e+01 3.385321077771396148e+01 4.529374753917755925e+01 6.528248805763153939e+01 7.584268498066703046e+01 8.591683069342572310e+01 8.564573222546769671e+01 9.397705430603409127e+01 1.070014296904235636e+02 1.061987225037097033e+02 9.599664217723891113e+01 8.852591798390686506e+01 7.666582023117555877e+01 5.983523262785435293e+01 7.154725771191677097e+01 7.751142138864162234e+01 5.987124921606373817e+01 7.166249448541329059e+01 7.942991028821171540e+01 6.672030281134219365e+01 7.233593215005734578e+01 6.551541979263465976e+01 5.784875869840826113e+01 4.624842887405639402e+01 4.768605498742447679e+01 5.639461580778134220e+01 5.550217781409757833e+01 5.158434127886716425e+01 3.438634607405697352e+01
0.000000000000000000e+00 1.999999999996852651e+01 3.849006351392984016e+01 3.296564820911258664e+01 2.290313954712130240e+01 4.318576049898221214e+01 6.094634476706016102e+01 6.677053718335092469e+01 6.018442484965964212e+01 4.375721180788737996e+01 6.208390315786471803e+01 7.366739707514359736e+01 8.290343367051232804e+01 8.237415123141843765e+01 6.555586223827964432e+01 7.926913370525740277e+01 8.759795298959819831e+01 9.852124415428200166e+01 8.120883138896937226e+01 7.192642303723393127e+01 6.581404866700556511e+01 7.666582023117555877e+01 8.400565925237206955e+01 8.257495479964083529e+01 6.439096343569524095e+01 8.257495479943753480e+01 9.374011358093636659e+01 8.030132684769387197e+01 8.345878988240367846e+01 6.509110211993075268e+01 5.541241069831586685e+01 5.571395757334601484e+01 5.997961447306190763e+01 6.145260136174968579e+01 6.502757317780800861e+01 4.862367217474729841e+01 5.236991707870175361e+01
0.000000000000000000e+00 1.999999999999964473e+01 3.373773447853293561e+01 4.202200572599513606e+01 4.320624384722000144e+01 3.574780676705097449e+01 5.066589721770589705e+01 7.245607515427650469e+01 7.208777633609156510e+01 6.376673605442363169e+01 7.221796646789651675e+01 8.290343367051232804e+01 6.274234159969338975e+01 6.644197092691952378e+01 5.393523527912444848e+01 5.916399975415959744e+01 7.926913370525740277e+01 9.564743415161674989e+01 9.199099039859970617e+01 8.824789185583979645e+01 7.156205654845096831e+01 8.824789185583979645e+01 9.349842635874503571e+01 7.457841829119870170e+01 7.700154690812013314e+01 7.700166814135535276e+01 9.603450275593191066e+01 9.936914820457003827e+01 9.342170819995847353e+01 8.003704631399081393e+01 7.224879322259002379e+01 7.104512447788037832e+01 7.806521882240186017e+01 7.942678890797743918e+01 7.335338152968063241e+01 6.059888928175124789e+01 4.417028656761299032e+01
0.000000000000000000e+00 6.666666666666695384e+00 1.373773447853223217e+01 2.528473986232495108e+01 4.528473986232565807e+01 5.651984280441687503e+01 6.515562781291095007e+01 6.203460834842618965e+01 6.209720617556169486e+01 6.209720617556169486e+01 7.039361987822152855e+01 7.145799556146717180e+01 6.312414899115645994e+01 4.630252339151396512e+01 4.491953888889852919e+01 5.497420836502097075e+01 6.655890324723900164e+01 8.700983050821022857e+01 1.019600468654485468e+02 9.550106627386901437e+01 8.083326669836783651e+01 9.550106624640586972e+01 1.016142241107987587e+02 8.526803166956082691e+01 9.603035171998719477e+01 9.603740527102733893e+01 1.041848179410012278e+02 9.853780948034145126e+01 9.039610327687769598e+01 8.797726706641540773e+01 7.977593709621173446e+01 7.721440650678579232e+01 8.533677159340113860e+01 8.969806876607526647e+01 7.719249594568790940e+01 6.064502627534641732e+01 4.034691348877530004e+01
0.000000000000000000e+00 1.999999999999964473e+01 3.373773447853293561e+01 4.202200572599513606e+01 5.356901110978785141e+01 5.948060584418490038e+01 5.609960357200173320e+01 4.185290001868322918e+01 4.208955160535979445e+01 4.208955160535979445e+01 6.209720617556169486e+01 5.983999852483795223e+01 4.299983098855853569e+01 3.732241558157786443e+01 4.983361310547151390e+01 6.816336319665148835e+01 7.725575969433214141e+01 8.579494869687212599e+01 7.882636683348263773e+01 9.254417755359683895e+01 9.643237244342665804e+01 1.044668732349843907e+02 1.128913840988341093e+02 1.047413537662234262e+02 1.041936042712856079e+02 9.608360084120030820e+01 9.392636189395352631e+01 8.708761091411828659e+01 7.049066647010548081e+01 7.977593709621173446e+01 6.000004044193600805e+01 5.744928083007187780e+01 7.398361115681001365e+01 8.043259796543800633e+01 6.394613321691132768e+01 5.178055401560816051e+01 4.801621963736955934e+01
0.000000000000000000e+00 1.414213562373107536e+01 3.414213562373178235e+01 3.982000289075782007e+01 4.135903492194012188e+01 3.746629724090287539e+01 3.746629724090287539e+01 2.775592912114127131e+01 2.807817584644877940e+01 4.794965795333389735e+01 5.497115861154621541e+01 5.150536857500321020e+01 3.141627786082798579e+01 5.150536857509889899e+01 6.487963656393397116e+01 6.291521548285380305e+01 5.631118453174732963e+01 7.625623302277001869e+01 6.192703862166960249e+01 8.077301708456650431e+01 9.696474065569420020e+01 1.071975969380202969e+02 1.126849145962217307e+02 1.013390834814379957e+02 9.323017955406723445e+01 7.615154787690775606e+01 7.396160483875661384e+01 7.498127890819581864e+01 5.915206809561880874e+01 6.641166892078241801e+01 6.295453235049441076e+01 4.656672162588534292e+01 6.566445432330351650e+01 6.301077961391814597e+01 6.978908271224649695e+01 5.690188427611675337e+01 5.083139896928956603e+01
0.000000000000000000e+00 1.999997730563444875e+01 3.384858448941577791e+01 1.979846052257524747e+01 2.133085176734948973e+01 2.875013138525403988e+01 1.649081797355975354e+01 1.819264243407488024e+01 3.801391689989130640e+01 4.903350135578782698e+01 3.488845870832786034e+01 4.282189027509613766e+01 2.777056817901061336e+01 4.783812772871505814e+01 5.085607814520366077e+01 4.178646724049892924e+01 5.398361493641208853e+01 6.138242050539424355e+01 5.130303947130791187e+01 6.619907643856861057e+01 7.584170844615759677e+01 9.247999868447722349e+01 1.046672413545418152e+02 8.485334651482901336e+01 7.318607282093049093e+01 6.610958211048541955e+01 5.990242796212565679e+01 5.525295071041543338e+01 5.106473615407676192e+01 4.716262858593722029e+01 4.393132847824941223e+01 4.086292760127367529e+01 5.563988486565499159e+01 5.092888108965086502e+01 5.625939384368086849e+01 3.832214650610072937e+01 3.216438536689915395e+01
