MOVIE_S1_data/elevation_000354.asc
nrows	100
cellsize	150.0
xllcorner	0
ncols	100
yllcorner	0
NODATA_value	-9999
[rows 51 to 67 of 100, columns 37 to 73 of 100]
9.669447779594543135e+01 1.073870180225552247e+02 1.099416693505838936e+02 1.090410879493963989e+02 1.181889957324806488e+02 1.076189245734144606e+02 9.614033057669593063e+01 9.585727084973895273e+01 6.935276673283361504e+01 9.585727084973895273e+01 9.934805810899693768e+01 1.072751289292142474e+02 1.122143143022066880e+02 1.105184905826988455e+02 9.189374554415481100e+01 6.814301997554001389e+01 5.263067475215052582e+01 7.187678638369428086e+01 6.458424387415453793e+01 8.948254792162536830e+01 1.044539057632213854e+02 7.783426723823562554e+01 6.106298290490396141e+01 7.133097476853002661e+01 4.884664289449732877e+01 6.101814377880982931e+01 8.541856388542335310e+01 8.471798703036354539e+01 7.760307326630663738e+01 8.781652929805791530e+01 1.048089318632910931e+02 1.319104923161570753e+02 1.281076249088087309e+02 9.977890640866618810e+01 1.080761959550331142e+02 8.604531956580521523e+01 9.625206111840073220e+01
9.822218345427197050e+01 1.015960312094780846e+02 8.283279281186727871e+01 1.015960312094780846e+02 1.076189245734144606e+02 8.073532288252600608e+01 7.727312640951326728e+01 8.686044868433005206e+01 6.197436954290301259e+01 8.686044868433005206e+01 8.025053980655991381e+01 9.018327803765437523e+01 8.523191562575415503e+01 1.122143143022066880e+02 1.044057605449733046e+02 8.627038192278980944e+01 6.458423433557125293e+01 4.930029087120333031e+01 6.841371005790426807e+01 7.882336448959974007e+01 9.338869765200387008e+01 8.279467735343325785e+01 7.323966759540452642e+01 5.051969765471603324e+01 4.682559047107840655e+01 6.913672865369085230e+01 8.299425688307643156e+01 6.689194198045845496e+01 9.277842949430882413e+01 1.154880533262666091e+02 1.265460540058027874e+02 1.316673124846472547e+02 1.124070967597576782e+02 1.014721902667037909e+02 7.934691282879578011e+01 1.080761959550331142e+02 1.255742352176401937e+02
8.554937347274562853e+01 8.998229610408067458e+01 6.484424893915307564e+01 7.961052495520384298e+01 1.057023761946707339e+02 8.860934751506914608e+01 6.352082505743953789e+01 7.678250460857526605e+01 5.595225845596804248e+01 7.967645643864152305e+01 9.018327803765437523e+01 6.485901604737914283e+01 7.938497644264666064e+01 9.013954124686966907e+01 1.050708684071089323e+02 1.002338553165197510e+02 8.241362292716767968e+01 6.126868894509700425e+01 4.612883274571498760e+01 6.510998004199711886e+01 7.539604617436333456e+01 5.882443762626227368e+01 6.322305857924054351e+01 4.398306681210713975e+01 6.608641263372739161e+01 7.464667307406517693e+01 5.865707706885172712e+01 8.299425688307643156e+01 1.025024051237478773e+02 1.161635367007142037e+02 1.280017210376328762e+02 1.184843360461110962e+02 9.314433020627268434e+01 7.391811345473027473e+01 1.014721898970097413e+02 1.130544827381843191e+02 1.227771310058609089e+02
7.479246286184917381e+01 7.957558543912168147e+01 5.570065923972598654e+01 7.957558543912168147e+01 9.526871707414933610e+01 9.494587320118432672e+01 6.925899099913503676e+01 5.342850914288982267e+01 5.048156232093390372e+01 7.333589782241598698e+01 8.178232323799069547e+01 7.125487068628198983e+01 5.568184865996300914e+01 6.849673568205723484e+01 9.425858992413299120e+01 9.461329490388088459e+01 9.637804003410235509e+01 7.882336448959860320e+01 5.809451260830451247e+01 4.304612100751259618e+01 6.194179452110542883e+01 6.322305844523857843e+01 4.127896078715616568e+01 4.432257748311984358e+01 4.783357654652852631e+01 5.145399244619211032e+01 5.775463871917504832e+01 6.536898744147339357e+01 7.752402159369607659e+01 1.053977255033527172e+02 1.184843737412775653e+02 9.207128193233120328e+01 9.693572971822359818e+01 7.061132948169084500e+01 7.690677973569712833e+01 8.460456321204434005e+01 9.629157865321140264e+01
5.991137967144653942e+01 6.421665703054591745e+01 4.936925400942367759e+01 6.010006503541003298e+01 8.457387772799673087e+01 9.423191170916827275e+01 6.859840535188085653e+01 5.574470645024027959e+01 4.536860531968223142e+01 6.762230493087282923e+01 6.471929827176971628e+01 4.861498372932005196e+01 6.088355834298705815e+01 8.542234681780587380e+01 8.731391541391307953e+01 6.927132371687470425e+01 8.731391541391307953e+01 9.269757999717290886e+01 7.539604630273989017e+01 6.194179452110542883e+01 4.005344166569435771e+01 5.884631397448131196e+01 3.941442746558146837e+01 6.127263551081902193e+01 7.049536015096100527e+01 6.197761398539437039e+01 7.411434287653710840e+01 9.117449919410711345e+01 1.025024051237478773e+02 1.161635367007142037e+02 1.149685435283200263e+02 8.841117326098881790e+01 7.364585030797344700e+01 6.746992331168685553e+01 9.398806727161674246e+01 1.130544827381843191e+02 1.227771310058609089e+02
3.807009739071348520e+01 4.209712658912781080e+01 5.058070435585389646e+01 7.405116640776557801e+01 9.526871707414933610e+01 1.050027040963025371e+02 8.070666152004383775e+01 5.685854780868068303e+01 4.189266164565525230e+01 5.893493955761461223e+01 4.269322706068822981e+01 6.471929827176971628e+01 8.178232323775610269e+01 9.620033826567672008e+01 7.627498646083053302e+01 5.367877884570537361e+01 7.627498646083053302e+01 8.030414919640590199e+01 8.134703146699879994e+01 6.690047763443189410e+01 5.700364136193004327e+01 3.711203653486873577e+01 4.285954217678894906e+01 6.437049218452496291e+01 8.179499640359104262e+01 8.768812810723942164e+01 1.000747862736135119e+02 1.139022813699097583e+02 1.181820108267398979e+02 1.075899319235860929e+02 1.081473349062818698e+02 8.064160054152206669e+01 6.364799235554982459e+01 7.046066487058587313e+01 9.708128135249162938e+01 1.218224334192965586e+02 1.353417427237189941e+02
5.414045211895565757e+01 3.846316255173272225e+01 7.339273600751479876e+01 6.933804480913866541e+01 9.502215261734602336e+01 8.755193716486812150e+01 8.829024603089305856e+01 6.384327621199976477e+01 5.893495461938239544e+01 3.728916065180914075e+01 5.893496859048945424e+01 6.471929827176971628e+01 8.927142722928131491e+01 8.044553565925725991e+01 6.759209573604684351e+01 4.596584349145011572e+01 5.739738266017678114e+01 5.739738264217258745e+01 6.490902266635814044e+01 4.848112019737733647e+01 3.535952890905971913e+01 5.700364136193004327e+01 6.435499531023350528e+01 5.182872943030453428e+01 5.971069007595649225e+01 7.351605548211196606e+01 9.415043138558183955e+01 1.042468423268338142e+02 1.075899319235860361e+02 8.019220159773355761e+01 8.821681102105546302e+01 8.207187675482452960e+01 6.133638018748389698e+01 8.587422954981539647e+01 8.291455509020156001e+01 9.707856964672669164e+01 1.254106475486986341e+02
6.402216960468071250e+01 7.909542727422683583e+01 9.045242433084794698e+01 9.502215261734602336e+01 8.021662809264711314e+01 6.218437096787744878e+01 8.021662809260183735e+01 7.720931990352154628e+01 5.640151839735921868e+01 3.489473782057554985e+01 4.967011954190060408e+01 7.265255280795001624e+01 7.904686909924525651e+01 6.896454376939315978e+01 4.831883404946866278e+01 4.985268571106882973e+01 3.633870163051001612e+01 5.734637433308360244e+01 5.341170187563955096e+01 3.364470466751252786e+01 5.519444968852797473e+01 5.025117064050154170e+01 7.330554775712998605e+01 6.345593692505223515e+01 8.179499640359104262e+01 9.237800751271910826e+01 9.318569643211746722e+01 7.499866629554183817e+01 9.318569643140772030e+01 8.773393855508415129e+01 6.296152783185079471e+01 5.813447626549469760e+01 8.207100539386084392e+01 9.682800929507251908e+01 1.112474397992298520e+02 1.218224334192965586e+02 1.353417427237189941e+02
5.028622789350409761e+01 7.179514108721795651e+01 9.210501410707877312e+01 8.214821105702040427e+01 6.925472269581874230e+01 4.635902477367811514e+01 6.925472269581835860e+01 6.688729754062195809e+01 4.448026848745855943e+01 3.258521525431655874e+01 5.395059328503798923e+01 7.371383973589922789e+01 5.437287006011257517e+01 5.450631929974338163e+01 3.947426437513747288e+01 2.867580264190268124e+01 4.762042672218071004e+01 5.185963077675853583e+01 3.196504300455164937e+01 5.341170187748367937e+01 6.513043613558376421e+01 7.330554775712998605e+01 8.374895231407900553e+01 8.722323210594539944e+01 9.788449008919491234e+01 9.656228262170105836e+01 8.108504008353673953e+01 5.718359647126219159e+01 7.312481177932647824e+01 7.507285331791246108e+01 5.500632225314244295e+01 7.844886800699954676e+01 9.294714630775246178e+01 1.030820577925408230e+02 1.134941186749848896e+02 1.247581220970313183e+02 1.398878833097736276e+02
4.718233154416061126e+01 5.772085250929058020e+01 8.158679249682113266e+01 7.183867927017647048e+01 4.893083344685904024e+01 3.866483275860930036e+01 6.034443210625191512e+01 6.775556270881821774e+01 5.159117218396109905e+01 3.036834377190244894e+01 4.833548423961709517e+01 5.803907255659293440e+01 4.353097623593284737e+01 3.391398328582047128e+01 2.749200807861258156e+01 4.856761838067532011e+01 2.987954978048368915e+01 3.073482156962714384e+01 5.207409324135287676e+01 3.383991148116740533e+01 5.545383318385137272e+01 6.756088068225311360e+01 8.495895804750254854e+01 7.437677783418600086e+01 8.495895804911890536e+01 7.903916986096362507e+01 6.141479724435914278e+01 4.852099404513242575e+01 5.025910097383869157e+01 5.201345687414963948e+01 7.507285331791284477e+01 8.530349377011727086e+01 9.079035430328657696e+01 7.532285419201403442e+01 8.503182042215905767e+01 1.016861885971132295e+02 1.302466736764748134e+02
6.965382250264705988e+01 7.994837593203965298e+01 9.210501381125607168e+01 6.920895674742891401e+01 4.650211834814321321e+01 3.201434739631860538e+01 4.555466120758429582e+01 4.549614471607150534e+01 6.107834421090420562e+01 4.833548412078109635e+01 2.730179966026726390e+01 4.520188290096744765e+01 4.606295955475255965e+01 2.630457379558647446e+01 4.731061885132553613e+01 5.709383937725086611e+01 5.215840794907147426e+01 3.994807172539300666e+01 5.969543046469378567e+01 5.545383295535794588e+01 3.575322310521243452e+01 5.752504991957016500e+01 6.118308278972099146e+01 5.118387988352193219e+01 6.441048731295178698e+01 6.606630842301115081e+01 4.610888732279654079e+01 6.860657758025845965e+01 6.574548316605614673e+01 7.507222019719111472e+01 5.658608954730140539e+01 6.067264763184209642e+01 6.510477655382294415e+01 9.079035430328657696e+01 1.134941186749848896e+02 1.247581220970313183e+02 1.322198800410249646e+02
6.699780560182617251e+01 7.712767893856988621e+01 7.427465098866844073e+01 6.402078575665045435e+01 5.956434212291195252e+01 4.481302590818415155e+01 2.470113186938326066e+01 4.155174818804482584e+01 4.248054403513351929e+01 4.327408467856967889e+01 3.953314530185642894e+01 2.427867061881877220e+01 2.511173991262245053e+01 4.606298002938149949e+01 4.150035064987493172e+01 6.082044981626905411e+01 7.386255322488420916e+01 5.586508080338783344e+01 7.320506703930018944e+01 6.752730529021464179e+01 5.227185724182510995e+01 3.770857086013479176e+01 3.914465671234759014e+01 4.064697083678523626e+01 4.217848732168621950e+01 4.372971628635350072e+01 6.606630842301115081e+01 7.905750573494023570e+01 9.094061596093597188e+01 8.726128412523424061e+01 6.220028091852036312e+01 8.534663336812224088e+01 9.079035430316864108e+01 7.684470234247424969e+01 9.642942498852013955e+01 1.243647325010995388e+02 1.247032614312831384e+02
4.455902726386398172e+01 6.699780560284897035e+01 6.094212100618359784e+01 4.175955026778528634e+01 4.722824574567076894e+01 2.624009421685182630e+01 2.012333539167837415e+01 2.086405066146112119e+01 2.162161723117474921e+01 2.239285061276626010e+01 2.317068784216210986e+01 4.406641334761921058e+01 3.569049670183806455e+01 3.081862002513100052e+01 5.324563481665668974e+01 5.613213197879349536e+01 7.286202563175041291e+01 8.304487019178185392e+01 9.119281407026466013e+01 6.309577662422424282e+01 4.789220680121750462e+01 5.283959560931464239e+01 4.493782800457692161e+01 6.278032788877294479e+01 5.743583927597173044e+01 6.541026566404393350e+01 4.985315778379024465e+01 7.338492774220574688e+01 9.423961340473054804e+01 9.828304407831157619e+01 8.728117141969708825e+01 7.245003747341483802e+01 9.983686921931534641e+01 9.642942498852015376e+01 9.917337456475770807e+01 1.271612645645273716e+02 1.258019716714681948e+02
4.975522552553034927e+01 4.951806774205187622e+01 5.108942835912758795e+01 2.983388384261641590e+01 3.875695674543226943e+01 1.910182872173919932e+01 3.983312270186282689e+01 3.533920842575639654e+01 4.248736229148182275e+01 4.314872864337480252e+01 2.869010718440172525e+01 4.905562606102783718e+01 4.883753346283590702e+01 5.324564238904602576e+01 3.739153277673073461e+01 6.192510585357627662e+01 8.562337872833143138e+01 1.028170840407811113e+02 9.938130342777481019e+01 7.970676377776645438e+01 6.182434884718681189e+01 7.620353486066080961e+01 5.270672373599673222e+01 6.321042189702712477e+01 8.192700619010309993e+01 8.344946664630278121e+01 5.911759538257678770e+01 5.780070942185803773e+01 8.315899748246479817e+01 1.072530228044718399e+02 1.105117991858162867e+02 8.244705105624241526e+01 1.105117991858162867e+02 1.243647325012036617e+02 1.271612645667892707e+02 1.266978462206972154e+02 1.150953293276732268e+02
3.474728641924372141e+01 2.854264355560829003e+01 3.771090745672565703e+01 3.766962137634895669e+01 1.812758004309599258e+01 1.855239020522872551e+01 4.905731626687797586e+01 5.714488496487734182e+01 5.849262243478301571e+01 3.762058873355853450e+01 4.911340368659203648e+01 5.885279171978687884e+01 7.184395290409311485e+01 7.265545471690678880e+01 4.810033005863800071e+01 4.749748665669166314e+01 6.264855922121257947e+01 9.165409117535837424e+01 1.072181796601762613e+02 1.008020376205083153e+02 8.746782558852605405e+01 9.051590767137261651e+01 6.509987576159034006e+01 8.346533658376679909e+01 9.978082950556600395e+01 9.761476130970291365e+01 7.473659705538914011e+01 8.315899748246479817e+01 6.793671024202312481e+01 9.600268466524147470e+01 1.223751346977864074e+02 1.007462691635974181e+02 1.223747025226641938e+02 1.296626871278741646e+02 1.201772510318824487e+02 1.123320875501736680e+02 1.008614920276851308e+02
1.793287456521279566e+01 1.758543663602441853e+01 1.724715735933616401e+01 1.708688488274173878e+01 3.767133371262809760e+01 3.484622713123478377e+01 4.953160684487735921e+01 7.272195199679889299e+01 6.843489800515345678e+01 5.849262243486834478e+01 4.935211451437276509e+01 6.132327806861669472e+01 8.560731970427683279e+01 8.580199120795511192e+01 6.371638210707449446e+01 6.328001618308362453e+01 8.210974657430946877e+01 1.001679284604411890e+02 1.089044792400145667e+02 1.117684801172140254e+02 1.090607129607300436e+02 1.042008665768716469e+02 8.873294532884069952e+01 1.069094114926634660e+02 1.132635619161759166e+02 1.127670723242987521e+02 1.021662522985827763e+02 1.059396511026302505e+02 8.828898441605028324e+01 8.722656027060814665e+01 1.169513189886958457e+02 1.301764355531772139e+02 1.363719345345381839e+02 1.215722049061681957e+02 1.031751181968945161e+02 9.411127690534316059e+01 8.770758498926252855e+01
3.523630654053732059e+01 3.111728856811251021e+01 3.713182552552493831e+01 1.679706394065987496e+01 3.671797115866836236e+01 4.595006951698226061e+01 5.368971596457912199e+01 5.859288641782063678e+01 5.344435235749559610e+01 6.221830045572708912e+01 7.142094708592065899e+01 8.191977499071889213e+01 9.612925596677126805e+01 1.007381725084644444e+02 9.161892852949993937e+01 9.039252848375191718e+01 1.017721848676502105e+02 1.082487072213730102e+02 1.069920128134829724e+02 1.059450613453781216e+02 1.068557715749901149e+02 1.120051022667968397e+02 1.093974410571864837e+02 1.156796556985313913e+02 1.116225061029981731e+02 1.165298823093007172e+02 1.154854618799584927e+02 1.179702307849521503e+02 1.178745316870671473e+02 1.169513189886958457e+02 1.261866259433097781e+02 1.355790309620875860e+02 1.260298979427446540e+02 1.296095113059789696e+02 1.201772510466217057e+02 1.123320875501736680e+02 1.003757543213838801e+02
