MOVIE_S1_data/elevation_000816.asc
nrows	100
cellsize	150.0
xllcorner	0
ncols	100
yllcorner	0
NODATA_value	-9999
[rows 51 to 67 of 100, columns 37 to 73 of 100]
7.328864990137378754e+01 8.247119544868996854e+01 6.416429357335130135e+01 8.401531241038676967e+01 1.005351861402635762e+02 1.086327168402330869e+02 8.971093237789385455e+01 6.992822246712259471e+01 8.255868505200280083e+01 9.641094383779766019e+01 1.077300669951794134e+02 1.198728854247340507e+02 1.115474859686789415e+02 1.128318760355426207e+02 1.045322714259328762e+02 8.905866107559096179e+01 9.163377903431373284e+01 1.115866911602767999e+02 1.085274025332513332e+02 8.794106972085057805e+01 7.681871255886485983e+01 6.973561460121450750e+01 8.889427147912886085e+01 8.538258353648342336e+01 7.298591973184868209e+01 8.232323502562246631e+01 1.027026262827808836e+02 1.072808056275964645e+02 8.745379327549096615e+01 7.407234919177129484e+01 8.731507823655761058e+01 9.549241416883523925e+01 8.664036410991514003e+01 6.918967636216893879e+01 6.060926210920193569e+01 6.945548521970222566e+01 7.684853462930716717e+01
7.413848104275336937e+01 6.263102774096577718e+01 5.919243080299137461e+01 7.905255770112781022e+01 8.091319617687105392e+01 9.731626991939032223e+01 8.345509021705147745e+01 6.361296601126971240e+01 6.851850629884671662e+01 8.000399092387299049e+01 9.963670428015664982e+01 1.083239577894498069e+02 9.158390638804587525e+01 1.083239577894498069e+02 1.172920947217819929e+02 1.089786799523458853e+02 1.115866911602767999e+02 1.198979083692854886e+02 1.171745614407875422e+02 1.052400384218337450e+02 9.416397032847919490e+01 7.444656270273314647e+01 9.416397032847919490e+01 9.888226308165876333e+01 7.874030694744504899e+01 9.888226308165876333e+01 1.113584643798096323e+02 1.121339878284307048e+02 9.212380499404618206e+01 7.850849815441647195e+01 9.798465185345482098e+01 1.062328643033971360e+02 8.664036410910702557e+01 8.611901091538057074e+01 7.972262498059583891e+01 6.169053004567224008e+01 7.038820955802245294e+01
8.715466996337393368e+01 7.437148089949526764e+01 5.452600823946196584e+01 7.437148089949526764e+01 6.944844102118908324e+01 8.850368864450577178e+01 7.772716234130044199e+01 5.787479283211694536e+01 7.772716234130044199e+01 8.912270202535778196e+01 9.896971888866589495e+01 1.000215079231595752e+02 8.005322893906046033e+01 1.000215079231595752e+02 1.108316472623242674e+02 1.025226725072842413e+02 1.108316472623242674e+02 1.111448107643801819e+02 1.194694923541468938e+02 1.110876656712546691e+02 9.036045659519669471e+01 8.097389758539289062e+01 1.013778606523372900e+02 1.075283112877771856e+02 9.277436735392704747e+01 9.277436735392704747e+01 1.136280277851094240e+02 1.177203153296135980e+02 9.757856987183541264e+01 8.367159367838293349e+01 1.034779515118772366e+02 1.099587441305158251e+02 9.027808114952824781e+01 7.687171080356769437e+01 7.030944715332260841e+01 8.069233838038203999e+01 6.277221011190353295e+01
7.066885332506556949e+01 5.917503581337215479e+01 5.107968434193730900e+01 6.977578427318117349e+01 6.054970116503460531e+01 7.653668648633662031e+01 6.837104240791779830e+01 5.365119484985136467e+01 6.115359144088709797e+01 7.111814929465202795e+01 9.086802037671650112e+01 9.296165518357521762e+01 7.296270985673810117e+01 9.296165518357521762e+01 1.008327950590832955e+02 8.255062247434946698e+01 1.008327950590832955e+02 9.116947085723008115e+01 1.079160569579400573e+02 1.197421337133954466e+02 1.100468534981477831e+02 9.523495733477646752e+01 9.752904624768154918e+01 1.185031208677286543e+02 1.136280277851094240e+02 1.136280277851094240e+02 1.222822552216252774e+02 1.236078945799538360e+02 1.034779515118772508e+02 9.097300448816818630e+01 1.110762726796239974e+02 1.099587441305774718e+02 9.027808114952824781e+01 9.604241387390821671e+01 8.864381748673547179e+01 7.653996184152462945e+01 6.355557091867619590e+01
8.715466996337393368e+01 6.778029979909850056e+01 4.793321427073379937e+01 4.992990831411058394e+01 6.977578427318091769e+01 6.393331509610983687e+01 4.852492253829925772e+01 5.602847850101700544e+01 7.586232731687539399e+01 8.912270202535778196e+01 9.896971888866589495e+01 8.693174628788764835e+01 6.692237465038630262e+01 8.693174628788764835e+01 9.253664749081683283e+01 7.254140264868750876e+01 9.253664749081683283e+01 7.963533955422934696e+01 9.897290887201103260e+01 1.079160569579400573e+02 1.194694923541468938e+02 1.162081411539392093e+02 1.185031208677286543e+02 1.202872676813420441e+02 1.119758945902285490e+02 1.162733325451069533e+02 1.078440180123599248e+02 1.162733325451077064e+02 1.194053148180761497e+02 1.025362697917903603e+02 1.194053148180865378e+02 1.182347078843658039e+02 1.099587441305774718e+02 1.017043313463077965e+02 8.228537993417654661e+01 6.927111143519086056e+01 8.237361562642112744e+01
7.784724690422088145e+01 7.594737813335892440e+01 6.349996725398862196e+01 4.360786362744109823e+01 5.974067973676292098e+01 4.404589939368341334e+01 5.812987727700263463e+01 7.586232731687539399e+01 7.008485389265136689e+01 8.981038201388732034e+01 9.657397592297556344e+01 8.158401677412392416e+01 6.159111730965425124e+01 8.158401677412392416e+01 8.587156587677372954e+01 6.587399725424796770e+01 8.251313174117933613e+01 7.067796417488901284e+01 7.963533955422934696e+01 9.116947085723008115e+01 1.111448107643801819e+02 1.136761994340525916e+02 1.216109176667446974e+02 1.087505975876327966e+02 9.202831262094618126e+01 1.061292437241732216e+02 8.758151656814655439e+01 1.061292437241736764e+02 1.190192613276239513e+02 1.227421335727971297e+02 1.310432343758374714e+02 1.198476756858464398e+02 9.982494005881299870e+01 8.600155759425827284e+01 7.527406316915461559e+01 8.797311822000654047e+01 9.143308885614239045e+01
5.836828582076005034e+01 7.784724690422088145e+01 7.166069022913490016e+01 5.974001679109512963e+01 3.977377914116996038e+01 5.974067963411614102e+01 7.210762659193517266e+01 8.608539816992686156e+01 8.981038201388732034e+01 9.788429285859618290e+01 8.827878130650634603e+01 6.828441130904030842e+01 5.676841443667360920e+01 7.673502640619236104e+01 7.168596582603305478e+01 5.986377347984531383e+01 6.251854244245608072e+01 7.251525211464421261e+01 8.665810964143898332e+01 1.066411660945259285e+02 1.104384315808737398e+02 9.424402759801607488e+01 1.104384315808737398e+02 1.004533503004936534e+02 8.062325292438522695e+01 8.902908398613767815e+01 7.765654677554941543e+01 8.925920155003490208e+01 1.102162773472778952e+02 1.140709145289576867e+02 1.219934590694868461e+02 1.209533118730869319e+02 1.009269742895557584e+02 8.707589856805624606e+01 8.132688847810759114e+01 1.008205243786111680e+02 9.433795445909683508e+01
5.624178354365204058e+01 7.570607247118064720e+01 7.177132330789201831e+01 5.197523608773501991e+01 3.778100039816720823e+01 5.197700193640483946e+01 7.183165833720639171e+01 6.916545274491123507e+01 7.732680280660305527e+01 8.720908110588186446e+01 8.401596729992363066e+01 6.403184763364149035e+01 5.251916770916506749e+01 6.704598882395691817e+01 5.172867007017087815e+01 5.588656550255084454e+01 6.739780082678180406e+01 8.739182235051616487e+01 1.008077816483014004e+02 1.051103498208333775e+02 9.709528947395104126e+01 8.277921883342912679e+01 1.024570297935778456e+02 1.019471360883113817e+02 8.305058406736139887e+01 6.917593475157684679e+01 8.902908398613767815e+01 1.059927774745692375e+02 9.980617579862483524e+01 9.526576342726937696e+01 1.140709145289576867e+02 1.229377116000093793e+02 1.150885641656717837e+02 1.067925527654410587e+02 8.845572689423653401e+01 1.083336871518958020e+02 1.138937410169739763e+02
5.787376233616778620e+01 7.338683081729739399e+01 6.997159075753553736e+01 5.006421135397258126e+01 3.583530441139398448e+01 5.588406553622706241e+01 5.922348189368366889e+01 4.928151107216374527e+01 5.925777710991117431e+01 7.907312837991119636e+01 9.230916356835135161e+01 8.076499766934679769e+01 6.704598882395136172e+01 4.706671495715258402e+01 6.359409675441834509e+01 7.187635740310467725e+01 8.413771246804562054e+01 9.568654316837292129e+01 9.788498862908271292e+01 9.217249210599061371e+01 7.732739701876887750e+01 7.521228900213863255e+01 9.501947247228726212e+01 9.384632753525750104e+01 8.471456342822048668e+01 6.491895344657160649e+01 8.471457085705179679e+01 1.007736646637162323e+02 8.180169127814770036e+01 9.373075499933378296e+01 1.128835655594794787e+02 1.033782024770906816e+02 1.172270495654465634e+02 1.166425373301561166e+02 9.984008842785955551e+01 1.166425373301561166e+02 1.238994670841307482e+02
4.574541743849687947e+01 6.529562607230980120e+01 6.808058222314738828e+01 4.817835389875776997e+01 3.392850614175041102e+01 5.138085780923298529e+01 3.922981103432755390e+01 5.922348190909686139e+01 7.732680280660305527e+01 8.720908110588186446e+01 8.386276409998475856e+01 8.025204052697043267e+01 6.028818474299896479e+01 6.028818184419747439e+01 4.360878837012221254e+01 6.359409940684680151e+01 8.012712061086564574e+01 8.822200092513959646e+01 7.815889886434105449e+01 7.235427848606991574e+01 6.577727730644204485e+01 8.568229041368185506e+01 8.825868494718108082e+01 7.432606457261844923e+01 8.072719175119581791e+01 6.094603789086394841e+01 8.032550604636374203e+01 8.556863589178635721e+01 7.435915789916523977e+01 9.373075499933378296e+01 9.775125458346199991e+01 8.943823533243531188e+01 1.033782024770906816e+02 1.229377116000093793e+02 1.199361587784803902e+02 1.282345123585782289e+02 1.230481996585859719e+02
4.465779103641254011e+01 6.430062777253147033e+01 5.549545594693565675e+01 4.724091346622862631e+01 4.893370898321881413e+01 3.127519585460596829e+01 4.554353077033122332e+01 5.922348190753170627e+01 7.903510078694210961e+01 7.891160547957734650e+01 6.389185109757639935e+01 6.389185148398810554e+01 5.706219951646240673e+01 4.024191792700717230e+01 4.434825233546862933e+01 6.974127451841356162e+01 6.028430901004478670e+01 7.681649058456426360e+01 7.815889886434105449e+01 5.825409487737658765e+01 7.815238117641550275e+01 7.663248745059851785e+01 6.871630442305435338e+01 6.024902445180118349e+01 7.174462945589419860e+01 5.714765458192785275e+01 6.055125460228228462e+01 6.586518107726803350e+01 8.556863589776121160e+01 8.840148828308558393e+01 7.791881468765831187e+01 9.775068272736301367e+01 1.021086880598378173e+02 1.099651255422110552e+02 1.105607784340807882e+02 1.187010531824180362e+02 1.252184646155516390e+02
4.355145460966986803e+01 5.168200105510256037e+01 4.487233159139302074e+01 2.714298796296209559e+01 2.882096492695520595e+01 3.938792637811329911e+01 5.737757456941609036e+01 7.364748504901318427e+01 7.311742975835407776e+01 5.903901401313856212e+01 6.216869242391198469e+01 4.388252651004930982e+01 3.695311502508636181e+01 5.706219940639292787e+01 6.408997415661870889e+01 5.718782455935876641e+01 4.876696292963097790e+01 6.867018530918602437e+01 6.794869488363372056e+01 5.393244139124815462e+01 7.376649449267034697e+01 6.610071787553773959e+01 4.887517856828188911e+01 5.036576838598723072e+01 5.189224749414938032e+01 5.357663858912533783e+01 7.344061338650583082e+01 7.795371807889165439e+01 7.989342497336018312e+01 6.844945199432849847e+01 8.536512277501083190e+01 8.816678247131490309e+01 8.267865541598978041e+01 9.801809176910836641e+01 9.085141662821902742e+01 1.048128899765105047e+02 1.244374087033553167e+02
2.380522719442960167e+01 4.227771096588325150e+01 2.482633717342959301e+01 4.487129461448509460e+01 4.892128531265998959e+01 5.605073161330671638e+01 6.710051979415659673e+01 6.851229985424996016e+01 6.026192278655585710e+01 4.494208230413421035e+01 5.083588940282966462e+01 3.373636321469599864e+01 5.388666972678245770e+01 6.348039220003084893e+01 5.342967739144717143e+01 3.711266029475851980e+01 5.716609197167220202e+01 6.243258395798351046e+01 4.807568348013282389e+01 6.794869453158038652e+01 6.455466243950205296e+01 4.677205922059872023e+01 6.662461968082297403e+01 5.919782775031087141e+01 7.174463632146375858e+01 7.344064684154760414e+01 5.613949580033857956e+01 5.801840847225471265e+01 5.992893888459154539e+01 6.262253158302679878e+01 6.536095564672631042e+01 6.817120131816029982e+01 7.108261810902391176e+01 7.822131412964451158e+01 9.809548352711016150e+01 1.136749016397979091e+02 1.270068078639546343e+02
2.109200504850539204e+01 2.259923163535306401e+01 4.253028686404293524e+01 4.335178646322114560e+01 4.379643891109465415e+01 5.222820086611191215e+01 6.658818230970990726e+01 5.595409559051051929e+01 4.019004775716373246e+01 4.820224996240518323e+01 3.067848993994918771e+01 5.083181573321140689e+01 5.324678249815636377e+01 5.425628238811233217e+01 3.560966631405417360e+01 5.571765064758905339e+01 3.863872577638464634e+01 4.250183237193501640e+01 6.135834213347410326e+01 6.250919329412086967e+01 4.467259724961424183e+01 5.873162860940525576e+01 7.483819944473786734e+01 7.329411631251618076e+01 7.911521553026273068e+01 8.358583007177023205e+01 6.363118368307647899e+01 7.795357871605467892e+01 7.989342497336018312e+01 6.448996749000679074e+01 8.447931468995042792e+01 8.816678247131490309e+01 9.105434636242557644e+01 7.591623685621462414e+01 8.594790104763563932e+01 9.989924565378154853e+01 1.177143284853591467e+02
3.882433973330366683e+01 2.200779948937716313e+01 2.266928378960447787e+01 2.333977835964732961e+01 2.402269460758647313e+01 4.407432031285676288e+01 5.306875062214208327e+01 4.044607721166810421e+01 2.851282601475030276e+01 2.940556687107234524e+01 4.946933999845310126e+01 3.209728532604130891e+01 3.310696635547499511e+01 3.412387223310593498e+01 4.626974080016146473e+01 6.221263596834672427e+01 5.818620378905117718e+01 4.023263574864472503e+01 4.140495895840496843e+01 4.258178912101328706e+01 6.250919278979883842e+01 7.276862270375788455e+01 8.680572873097331410e+01 9.316965214352420332e+01 9.894052327517734113e+01 8.358577210860062223e+01 7.777958350794267517e+01 9.175706160708732284e+01 8.780951335293057980e+01 6.782840868495780740e+01 8.780831235384178513e+01 1.013670290662259248e+02 1.039610318166211300e+02 9.581564015678432611e+01 8.130619090878722943e+01 9.023706949469617200e+01 1.016489136595241831e+02
2.729889406833012799e+01 4.199257317946424450e+01 3.676042696018760836e+01 4.335358636128272281e+01 4.407872085398573603e+01 2.501385110300035208e+01 4.510970825377165028e+01 2.725964492400885320e+01 4.739564325477461182e+01 4.955330997391787662e+01 4.952992731848332397e+01 4.639097824440811735e+01 5.324678247619100802e+01 3.894182759624035839e+01 5.837871152060379387e+01 6.590164986397695657e+01 4.607559082526343985e+01 6.023656748852170750e+01 5.554037613129076334e+01 6.250624419965016898e+01 4.531477121105974248e+01 6.518904002520351071e+01 7.612775778174503216e+01 8.681136011044715417e+01 9.510483797205270662e+01 1.033539803004497202e+02 9.760489296517762625e+01 1.003485888125712364e+02 8.053385589849544601e+01 8.779111358926088826e+01 7.331565747259278965e+01 8.497872367026144502e+01 1.053575745787105546e+02 1.092399427573129742e+02 9.280739608290200238e+01 8.798096001562801405e+01 1.019411374575915943e+02
4.738941796550281538e+01 4.369913584366988601e+01 5.686971572804304031e+01 5.942593220941405718e+01 3.931776657732943647e+01 4.100708111456335558e+01 2.602737570693491875e+01 4.614804696536379680e+01 3.805739981196151689e+01 5.811904112080181761e+01 6.939066421570113619e+01 6.636674430497416211e+01 5.501908056665595836e+01 4.453739916555282718e+01 6.400743305472528277e+01 7.023188403973408356e+01 5.033890450099773517e+01 7.023188403973408356e+01 7.542795296704990449e+01 7.336158287862494376e+01 6.508906176801363586e+01 4.806636717108534640e+01 6.775045932938623139e+01 6.678400403854323031e+01 8.341220091463904396e+01 9.230777678923639940e+01 1.037497652703071793e+02 1.085316880002356186e+02 9.458692198196828826e+01 9.744115948884171985e+01 7.761897405889752122e+01 9.744310973835123946e+01 1.137483284856914025e+02 1.206236797537685135e+02 1.124768217951083642e+02 9.372085524270615053e+01 1.040828397166985013e+02
