MOVIE_S1_data/elevation_000516.asc
nrows	100
cellsize	150.0
xllcorner	0
ncols	100
yllcorner	0
NODATA_value	-9999
[rows 17 to 33 of 100, columns 37 to 73 of 100]
9.056205974797580893e+01 7.071727347633895988e+01 7.652967680410212381e+01 7.417867184080590448e+01 5.431591986326369437e+01 5.355695355047613759e+01 7.341725557660231516e+01 8.325893409279909463e+01 8.925044526644610698e+01 9.625698717678363892e+01 1.044380189840696858e+02 1.158454012819193508e+02 1.086556179450393529e+02 9.206934468409359340e+01 1.086556179450393529e+02 1.063665797904116488e+02 8.825268661881321464e+01 1.063665797904116488e+02 1.178073065478381949e+02 1.125539455472844566e+02 9.279013762893075068e+01 8.167394351686753851e+01 7.336548859575864867e+01 9.387991063739200115e+01 8.962021035566930038e+01 1.100677388475223211e+02 1.077041795779067712e+02 1.041960588112835069e+02 1.133241973833520433e+02 1.275843058404180681e+02 1.474420441839878038e+02 1.409337373059030369e+02 1.228810290595887835e+02 1.409337373059030369e+02 1.364958397396923715e+02 1.166121625946873621e+02 1.258675672445729958e+02
9.875260679383177376e+01 9.056205974797576630e+01 8.306710723216507120e+01 6.319196296980146599e+01 7.417867184080590448e+01 7.341725557660231516e+01 5.850988651573590715e+01 7.838637859689119125e+01 8.907590164958169510e+01 9.479645420973092484e+01 1.010477864949434235e+02 1.085081408159340555e+02 1.166814560405240400e+02 1.118699854606181958e+02 1.200984538419656502e+02 1.162733990098231374e+02 1.080494388642704422e+02 1.162733944215381712e+02 1.197501052571163171e+02 1.142295997504470080e+02 1.094481937186094314e+02 9.288114648988386080e+01 7.224489965606726116e+01 9.288116662197487017e+01 1.100604413140651587e+02 1.184147724638504684e+02 1.278936486111130648e+02 1.244221060383266035e+02 1.284384559053059718e+02 1.200752064734616198e+02 1.285334372974341193e+02 1.327607909541790150e+02 1.129274311261867894e+02 1.327607909541790150e+02 1.397905544842597578e+02 1.258675672445729958e+02 1.057742433274504776e+02
9.974079876401859224e+01 9.708550395581958981e+01 7.726050145925468371e+01 7.468354607291699665e+01 9.126507315618798089e+01 8.491353538660864331e+01 6.512818352489981066e+01 6.463493658937657926e+01 6.921057819845746906e+01 7.497987884663780278e+01 8.127933806312650233e+01 8.876989859016680384e+01 1.027311450307103655e+02 1.224550423903932028e+02 1.194231486188174358e+02 1.111484020372708414e+02 1.110351581149398896e+02 1.099164888644726119e+02 1.003205020596557091e+02 9.457853747420635671e+01 9.847661405996079509e+01 9.020632634111943560e+01 7.113661741416801476e+01 8.309859496053518058e+01 1.036143436902706014e+02 1.183252707329652367e+02 1.265582625333448448e+02 1.327359445671466460e+02 1.182975184967119304e+02 9.976221351057340314e+01 1.182975267899164322e+02 1.261496710115148545e+02 1.060560462432631681e+02 1.261496710115148545e+02 1.316051453460221694e+02 1.116207066033563251e+02 9.982937683541767626e+01
9.727246218846083536e+01 1.052698582572689645e+02 9.708550395581958981e+01 9.451926474988079008e+01 1.027046346649901807e+02 9.235203426977007268e+01 7.266668390059959393e+01 8.451848389146597640e+01 8.328363623090145040e+01 8.544795091775367268e+01 1.010477864949434235e+02 1.085081408159340555e+02 1.166814560405240400e+02 1.205347911592258185e+02 1.111484020372708414e+02 9.085537297008809787e+01 9.083545498199202939e+01 9.156102734313503788e+01 9.758832480396409892e+01 7.978018351541740572e+01 8.865491181705849044e+01 6.959729429924955468e+01 9.002293506105631593e+01 1.000441555322700822e+02 1.119910631952097191e+02 9.797870951717740695e+01 1.148904486678120662e+02 1.126503628203339247e+02 1.099012507748804808e+02 8.946566532387534210e+01 1.099012508792525864e+02 1.203491411770422133e+02 9.984564888707497232e+01 1.125995495196694662e+02 1.208862536691471377e+02 1.176157148137898645e+02 1.129120000389958278e+02
8.567238263601419135e+01 8.969746015892549451e+01 9.104608081213187631e+01 9.929941730502713426e+01 1.077218182371914992e+02 1.004815701182278360e+02 8.410420619821059063e+01 1.004815701182278360e+02 1.030596673802242549e+02 1.052184312181730803e+02 1.133942636546517093e+02 1.153761111501966923e+02 1.070940438762381888e+02 1.063005891023036895e+02 9.206638704538156048e+01 9.679896839662490038e+01 7.631575989567591023e+01 7.778359841803948882e+01 8.434830019603619178e+01 6.924385807239410440e+01 6.810004010507137195e+01 8.865534482115742776e+01 8.557919368135483751e+01 9.790421220761055565e+01 1.059573450763645468e+02 8.536800822499579056e+01 1.059574077073666700e+02 9.778849779504825790e+01 1.011944146279695929e+02 8.261251325395114975e+01 1.030832131501505273e+02 1.147479208649671705e+02 1.125995185500293871e+02 9.176892407631409299e+01 1.056560203695230200e+02 9.737253821254488173e+01 1.041787071278551338e+02
7.174602628743414812e+01 6.955002497963228336e+01 7.091389699289729265e+01 7.942276530550280711e+01 9.325940774650644016e+01 1.015052417759608687e+02 1.036536044749328198e+02 1.117802798894132934e+02 1.150047064559856835e+02 1.067253840759715757e+02 1.067253840759715757e+02 1.037284472833324571e+02 8.684527798092638307e+01 9.796039378392997321e+01 7.760407730655033731e+01 8.510061820550589573e+01 8.558941754920461165e+01 6.618500276418478734e+01 6.673358688626522905e+01 6.729070050844794082e+01 8.707691523475480722e+01 6.909767253603548909e+01 6.981420449956912933e+01 9.041198882385333491e+01 9.220930191922725783e+01 7.674291730276050316e+01 9.794881862320877985e+01 1.012939182104406939e+02 7.895052898651998419e+01 7.643486460863186949e+01 9.700503845815993031e+01 9.442216399438032681e+01 1.147289065395474807e+02 1.056560064559206609e+02 8.548833475473567489e+01 8.287412566605986797e+01 8.377835183118040163e+01
5.139079843524468316e+01 5.515775023302327895e+01 5.917097076490996699e+01 6.596674843842050961e+01 7.315315481816200816e+01 8.325786125918935454e+01 9.743365151756728437e+01 1.173293074834622161e+02 1.067253840759715757e+02 8.649826667135323532e+01 8.649826667135323532e+01 9.537636211745618198e+01 7.506795693211250864e+01 8.369052894071953119e+01 8.323109465474732360e+01 6.489197424908088863e+01 6.542221758337068138e+01 8.566289242704641538e+01 7.904427144719802811e+01 7.403266034767106873e+01 9.457566292439148015e+01 8.967434109099875172e+01 8.658955454993410683e+01 7.084726927443058742e+01 7.159338599726770269e+01 7.234558046179029134e+01 9.296117514158120798e+01 9.479594582218736321e+01 7.529309356425687838e+01 9.585276414266338918e+01 7.758727826410297723e+01 9.808744164039413249e+01 1.000868495836417083e+02 1.009013595168749049e+02 8.159576015196748244e+01 1.020678709877306147e+02 1.041787046311238214e+02
6.320388481814666193e+01 7.545106087452352028e+01 7.942276538051645218e+01 6.827903004192590686e+01 8.843823665025288960e+01 1.015052417759608687e+02 1.114850655653855966e+02 1.061448667557836245e+02 9.777699479097428537e+01 9.241990543742718955e+01 7.213003825692696580e+01 8.230408827774809311e+01 8.049619251064362402e+01 6.363010111902024590e+01 6.414909205301427164e+01 8.427047356302001901e+01 6.977839155923409464e+01 9.191722709168243455e+01 9.650573082152872928e+01 8.222982901495994668e+01 1.043299752436650039e+02 9.844311923251930807e+01 7.796081329984704666e+01 9.145951003427315129e+01 9.220930841949191858e+01 9.226693852976197263e+01 7.342308599312434580e+01 7.419495851276660403e+01 9.479710262221350092e+01 7.967781808230699880e+01 9.087732202957118943e+01 7.874555248553048159e+01 7.956805815723518549e+01 8.039558496934606069e+01 1.009013641834142447e+02 8.579523594987628599e+01 1.061877888815523079e+02
8.341480853720130995e+01 9.169206190913138244e+01 9.669836116499649847e+01 8.257507901615201718e+01 8.107631381189571584e+01 1.011063332516979330e+02 1.121494354077102571e+02 9.182373496312030170e+01 7.764818546576383085e+01 8.502942894745899594e+01 8.007074359213046932e+01 6.237602969708150624e+01 6.289683480138691607e+01 8.287589480338290571e+01 6.693828984571159424e+01 7.107953999463721573e+01 9.056142811260997405e+01 1.037155435367772611e+02 1.132000064369673993e+02 9.528032809615785936e+01 1.132000123252026498e+02 1.037107064911361363e+02 8.330942875928181479e+01 1.037107064904918161e+02 1.017853022169820463e+02 8.128749058938458916e+01 9.403193289358834761e+01 8.798770655951953756e+01 1.024038678290683038e+02 8.278386181204587047e+01 1.028280014576073000e+02 9.333488913032991263e+01 1.000889960202980546e+02 8.405056839573144600e+01 1.042185424466021857e+02 1.061877888864309796e+02 9.006904802686005951e+01
9.727900256129730394e+01 1.001790037866958016e+02 1.084132676038281318e+02 1.025931513288309276e+02 9.527282159123363670e+01 1.093368629607437867e+02 1.099900506956742277e+02 1.015422016205790499e+02 8.504641797999384778e+01 6.584643928465096963e+01 6.163649497847421799e+01 8.150079196010244686e+01 7.329229043065141980e+01 8.236871991923845826e+01 9.441757111832222904e+01 9.167251581176962816e+01 7.956470524873009253e+01 9.411608641327600822e+01 1.142926650701238032e+02 1.170525074543569701e+02 1.255627651666390534e+02 1.095795789355669712e+02 8.924920841957001016e+01 1.095795789355669712e+02 1.076943725570602908e+02 8.727013113311170400e+01 1.076181059184316666e+02 1.063775839233292402e+02 1.061540767042723417e+02 8.590648460712674250e+01 1.061876833226323242e+02 1.136737476704375638e+02 1.042185413029093581e+02 1.042185435408202494e+02 9.045674865384749808e+01 1.114030733296081763e+02 9.315031906893530333e+01
8.381280637559014224e+01 8.013458744326186434e+01 9.745522725657181695e+01 1.089916775117419689e+02 1.151896762186523944e+02 1.135007205734533073e+02 9.278795816379975747e+01 8.084513704605086559e+01 7.397923381649142982e+01 8.084708019628685349e+01 6.111205507264732972e+01 8.093894927804994666e+01 9.149706304468826090e+01 9.965622964213322632e+01 1.106125137248221648e+02 1.083330840859136259e+02 9.411608641327600822e+01 9.148309714429689166e+01 1.032242551802972201e+02 1.232663479775839761e+02 1.238349073650114889e+02 1.036748285640084362e+02 9.947190910810182629e+01 1.178773158888496795e+02 1.144665908030992227e+02 9.414993606498229894e+01 1.144665908030992227e+02 1.238116979762197190e+02 1.034971825542540387e+02 8.909170182383709857e+01 1.094471663675023620e+02 1.237753877550156716e+02 1.246303319509716374e+02 1.167606175397499157e+02 9.601093803741092358e+01 1.167606175397499157e+02 1.135024148822605241e+02
6.360408853057302991e+01 6.904693156124469056e+01 8.073326094357425120e+01 1.007623594143873476e+02 1.157931293163908890e+02 1.218577390443452941e+02 1.099900506956742277e+02 1.013031643338774330e+02 9.381732956777226207e+01 8.018086404072370499e+01 6.058473235020217373e+01 7.444384281807207060e+01 9.471064770688326462e+01 1.076926267375978341e+02 9.947298031436476151e+01 1.077079242338061960e+02 1.142926650701238032e+02 1.116950403059469323e+02 1.199578555101410018e+02 1.315023320496669612e+02 1.320798034098788776e+02 1.238349073650114889e+02 1.196872487394407472e+02 1.196872487557122184e+02 1.227228347949218090e+02 1.044131462493877365e+02 1.227228347949218090e+02 1.181588963884288290e+02 9.772811199342939403e+01 1.094471663675023620e+02 9.501198893096434972e+01 1.095670714814488207e+02 1.297688703271668373e+02 1.225976947072119856e+02 1.023774662637227948e+02 1.225976947072119856e+02 1.243373679477552542e+02
8.381280637559014224e+01 7.376228439833997186e+01 7.860109070839075684e+01 8.761459870085779755e+01 1.017577698109810029e+02 1.216251891173625239e+02 1.110756876964427988e+02 9.255941478228029951e+01 7.862152307523302852e+01 6.863916311273483473e+01 6.005481519814191671e+01 7.994708584653626815e+01 9.621148380502536668e+01 8.802197532326870544e+01 7.963965304153398961e+01 9.368232516826650169e+01 1.134528585031010124e+02 1.270226044141735002e+02 1.234594016754524546e+02 1.147761891384473785e+02 1.234594111858453829e+02 1.234569671801825166e+02 1.317861621993755534e+02 1.396634000839476926e+02 1.327367359768329038e+02 1.245200353568108511e+02 1.327367359768329038e+02 1.249305665973751331e+02 1.046155951218000553e+02 1.201759932401749751e+02 9.972027572448338617e+01 1.142960892669500339e+02 1.343752386142884347e+02 1.292217163943463163e+02 1.093496513329433952e+02 1.292217163943463163e+02 1.313831808912388226e+02
1.014306517853389380e+02 8.140939589255577857e+01 9.864943339967889813e+01 9.864943339967889813e+01 1.157931293169044409e+02 1.166494418874880807e+02 1.083964259632015086e+02 1.055841711885712186e+02 9.063472094500062326e+01 7.071289155327036724e+01 5.952207197680617412e+01 7.894996429037058761e+01 8.011081482910307727e+01 6.823755672161678376e+01 8.802200184454642340e+01 9.861453757748155624e+01 1.069302053310277785e+02 1.070974366474251411e+02 1.131946262340739224e+02 9.442624740988873100e+01 1.131946245829331872e+02 1.034173285480086548e+02 1.202046331305220832e+02 1.388836721822518143e+02 1.322811165652435079e+02 1.406262957637049738e+02 1.390587676021857817e+02 1.190784741292493862e+02 1.164704811057347342e+02 1.260335146148665615e+02 1.057462380679814942e+02 1.164986753470571728e+02 1.365444086738140186e+02 1.374010865233575771e+02 1.193335012559600727e+02 1.374010865233575771e+02 1.395366675094067546e+02
1.096582761049141652e+02 9.301013046589473277e+01 1.096582761049141652e+02 1.185488042393664472e+02 1.168839656628996266e+02 1.050131645026477401e+02 8.814530798454771343e+01 1.050131645026477401e+02 9.855993264749189109e+01 8.169048922560284609e+01 5.898487131300306885e+01 7.055459630901277990e+01 6.056663503768471202e+01 6.221171286311178505e+01 8.184637558848980632e+01 7.859198602839612136e+01 9.861453757748492421e+01 9.291973331906820022e+01 1.045525874694615567e+02 8.436992732201088074e+01 1.002861655403657153e+02 9.179370941348132362e+01 1.118870764138185905e+02 1.188782813790482606e+02 1.123231776282927541e+02 1.290715961701263268e+02 1.472440998700922137e+02 1.390587676021857817e+02 1.306827115630925960e+02 1.331212665938040516e+02 1.130743233618173207e+02 1.260336018431042930e+02 1.447349280786798715e+02 1.472825770256962130e+02 1.391099315327325598e+02 1.472825770256962130e+02 1.494041990161233571e+02
1.139161701754252931e+02 1.129332978208080789e+02 1.211437976285458831e+02 1.125413884279792285e+02 1.034975574246024479e+02 8.837397871276748162e+01 7.629901456055677045e+01 9.596501742846017180e+01 9.715423369548837229e+01 7.716005759347996218e+01 7.708035477482786746e+01 5.821716930926937295e+01 7.792091170523976018e+01 8.184344915300489731e+01 6.466462788861880995e+01 8.445645560046379785e+01 8.925238512742112107e+01 8.134230905100261566e+01 9.357278106157866659e+01 7.731757560200922796e+01 8.022116599968069295e+01 1.002861655640177645e+02 1.089894159753905143e+02 1.047300192544094699e+02 1.007244366242567395e+02 1.207583951475248085e+02 1.390739089873563330e+02 1.480368314526949405e+02 1.505006242428113126e+02 1.413104494570363556e+02 1.231942941460564498e+02 1.413104494570363556e+02 1.540909809911047148e+02 1.527867469514086451e+02 1.447136370902546219e+02 1.447136370902546219e+02 1.447136370902546219e+02
9.984942282424292159e+01 1.197769088944480131e+02 1.184659169463677699e+02 9.839277067504886531e+01 8.394228728593196820e+01 7.476131867125567965e+01 6.811147653554519366e+01 7.567579096997484100e+01 8.477392000832597319e+01 7.645010489554549338e+01 5.747608721709410418e+01 6.008287149902772484e+01 8.276514358479262512e+01 9.271023200493903005e+01 8.445533750334710987e+01 6.725903602379210611e+01 6.926684442518416063e+01 7.135660070526311927e+01 7.354465109032402381e+01 9.333797250082066910e+01 1.002244271917750211e+02 8.484998508879795054e+01 8.885287351043726289e+01 9.305885149405129653e+01 1.131862705720772055e+02 1.107830941786275503e+02 1.196935819698483101e+02 1.337617418838273693e+02 1.539178732440917656e+02 1.512185037982748668e+02 1.430482390415517386e+02 1.512185037982748668e+02 1.482362218664256943e+02 1.447136370902546219e+02 1.256300344279636647e+02 1.256300344279636647e+02 1.256300344279636647e+02
