MOVIE_S1_data/elevation_000335.asc
nrows	100
cellsize	150.0
xllcorner	0
ncols	100
yllcorner	0
NODATA_value	-9999
[rows 0 to 16 of 100, columns 37 to 73 of 100]
8.414339814714625732e+01 9.336643899634199784e+01 1.017531534183963373e+02 1.012605423640505080e+02 1.044943283215311851e+02 9.611439197032207460e+01 1.002017706296305732e+02 1.045579925332262690e+02 1.092456914053191639e+02 1.176187843590312099e+02 1.311509087847029775e+02 1.396030038343616013e+02 1.488209248063316750e+02 1.405351301870102816e+02 1.431331286767630502e+02 1.415841874228589745e+02 1.415841874228589745e+02 1.498694481275344970e+02 1.562913400918709499e+02 1.447545508571805328e+02 1.364870412830105977e+02 1.364870412830105977e+02 1.447545508571805328e+02 1.391379748121058526e+02 1.391379748121058526e+02 1.474026496904910459e+02 1.478978921011520242e+02 1.396321239719638072e+02 1.478978921011520242e+02 1.415733285353195470e+02 1.333042190893251870e+02 1.415733285353195470e+02 1.400161957146445673e+02 1.317613759749647215e+02 1.342152009960156249e+02 1.240101245472451836e+02 1.158903139480113111e+02
7.578482811670521357e+01 7.319384538637316950e+01 8.431341778794555353e+01 8.105840207539472431e+01 9.065096347383888542e+01 7.596512661694650603e+01 8.009321494066347213e+01 8.449883710095255651e+01 8.924521190978039442e+01 1.092456914053191639e+02 1.111250984655567748e+02 1.311509087847029775e+02 1.372429761708123692e+02 1.204608583811568678e+02 1.230684296834366194e+02 1.215133512006554071e+02 1.215133512006554071e+02 1.415841874228589745e+02 1.480367151563908124e+02 1.280320931968456080e+02 1.164098679779917944e+02 1.164098679779917944e+02 1.331828825280114188e+02 1.190742272394250705e+02 1.190742272394250705e+02 1.391379748121058526e+02 1.378855916981038661e+02 1.195788300600635665e+02 1.378855916981038661e+02 1.315393141377596748e+02 1.131928500431673541e+02 1.315393141377596748e+02 1.317613759749647215e+02 1.116109452603267869e+02 1.175077458332791593e+02 1.063052144059607969e+02 9.518088617274165131e+01
5.903600426516172917e+01 6.151487080547603625e+01 6.409456385868328709e+01 6.674202055325191907e+01 7.045151376362177587e+01 9.065096347383888542e+01 1.002017706296305732e+02 1.045579925332262405e+02 1.092456914053191639e+02 9.709073568153051781e+01 1.085450147292495444e+02 1.285273006846587407e+02 1.289452439561150356e+02 1.087158456350998392e+02 1.087158456350998392e+02 1.071396277538112258e+02 1.273919630260542846e+02 1.280984382114249343e+02 1.364033276351937332e+02 1.386092978128451421e+02 1.248954798707911920e+02 1.046036443307247765e+02 1.248954798707911920e+02 1.046562200015968358e+02 1.172801466557527874e+02 1.374142308791358289e+02 1.296054770160137650e+02 1.094052608857866318e+02 1.195053689509001487e+02 1.232485345662462777e+02 1.028807972854333173e+02 1.232485345662462777e+02 1.154096091792463454e+02 1.069886685504354347e+02 9.689266364419563615e+01 9.136997564733380273e+01 1.122843750069276609e+02
7.922842143274276339e+01 8.171978664537354575e+01 8.431341778794555353e+01 8.697547197145999576e+01 7.253505482955219463e+01 9.291864700554648948e+01 9.948193708812165426e+01 1.199052391353040008e+02 1.253640511497913081e+02 1.084413968743104846e+02 1.253640511499592236e+02 1.369674698733061859e+02 1.289452439561149788e+02 1.087158456350998392e+02 9.673660452146548039e+01 1.110760114480867742e+02 1.137549423880511767e+02 1.078136718861678673e+02 1.280984382114249343e+02 1.303254054910594846e+02 1.100820894069274516e+02 9.879793933696703334e+01 1.172801466557527874e+02 9.674688949301240370e+01 1.113674781988565172e+02 1.315545910342074194e+02 1.337550668071163500e+02 1.136029508391365965e+02 9.899828145041215066e+01 1.111333855364329821e+02 9.583592352219665145e+01 1.072362394661075911e+02 1.039738842860701311e+02 8.611015289952202068e+01 8.813742133801591194e+01 1.090950023420164285e+02 9.903742587211071680e+01
8.577884315677492566e+01 9.157567545082038407e+01 9.916454370072031566e+01 1.013713086135131363e+02 9.291864700554648948e+01 7.892102873176369826e+01 9.950976946015667579e+01 1.146893569232026380e+02 1.263496590341353283e+02 1.266251382060840172e+02 1.361504010929585320e+02 1.411900874493330491e+02 1.372429761707489035e+02 1.255968238675218913e+02 1.110760114480436584e+02 9.047116981722899709e+01 9.319469514649998132e+01 1.128061916869897772e+02 1.211678680833390587e+02 1.281314784846809971e+02 1.078591918280947226e+02 9.322250648955115082e+01 1.072906422219890317e+02 9.097453834268758044e+01 1.056328114979862249e+02 1.259556933087123554e+02 1.299721476211711035e+02 1.215508376381498721e+02 1.111333855364329821e+02 9.041948677704539250e+01 1.035697388188521302e+02 8.653157820790050891e+01 8.344044032537867395e+01 1.039324163301929786e+02 1.090606220102513220e+02 1.174702876667162457e+02 1.110323635506841242e+02
6.569412871057006953e+01 7.149485933833456386e+01 7.908628557905115031e+01 9.916454370072031566e+01 1.080480237856968984e+02 9.947598708788517285e+01 8.661370443688227283e+01 9.567310897549560877e+01 1.108536580262877038e+02 1.358303988621948406e+02 1.352506216289177416e+02 1.209855781980664347e+02 1.298225980171691560e+02 1.214711372713892672e+02 1.194438044451828205e+02 1.053612566001735615e+02 8.491549283085235800e+01 9.231808318488559451e+01 1.042065538265960498e+02 1.245535154676341136e+02 1.191012768810722804e+02 9.864463591824200250e+01 8.678301753719645717e+01 8.594180908865125446e+01 1.064325689097979932e+02 1.217775797680249639e+02 1.180771777684127102e+02 1.008355409761243777e+02 1.178867848506900629e+02 1.035641989192783115e+02 8.315302041737572836e+01 8.108592647551685673e+01 1.012593768911604002e+02 9.209596042133648552e+01 1.128196108935262032e+02 1.312105836898735731e+02 1.311365015454279614e+02
8.577884315677492566e+01 9.157567545082038407e+01 9.157567545082039828e+01 9.327632191120314076e+01 1.133799686032336069e+02 1.119841013859816314e+02 9.734985974741076120e+01 1.107374473426941535e+02 1.269901692808224141e+02 1.410442316014175219e+02 1.223005584379601487e+02 1.067612509837765771e+02 1.150374644387691063e+02 1.009488325850597050e+02 1.052875247018214822e+02 1.012525785403001919e+02 8.163491520493398923e+01 1.018548370415769284e+02 1.211678680833390587e+02 1.328694439938902860e+02 1.274203791914712980e+02 1.156729210080291352e+02 1.016028505036051968e+02 8.137836227101577435e+01 9.294649876140996980e+01 1.134276468747248430e+02 1.067473626473019834e+02 8.895109068065833924e+01 1.048383334787984040e+02 9.600674867086891595e+01 7.889257338511625051e+01 9.875716837759013345e+01 9.749282775984833904e+01 1.128196108935262032e+02 1.026373435873323814e+02 1.129700319802042969e+02 1.272184549885209179e+02
8.152346061083180473e+01 1.016135915537810916e+02 1.116914503774349186e+02 1.133799686032336069e+02 1.217785207055803909e+02 1.276999235581741914e+02 1.196387127079578505e+02 1.280826099686642863e+02 1.411109165708994055e+02 1.381649446146374203e+02 1.161629844123761757e+02 1.037440710701164477e+02 9.441288029090107159e+01 8.905096725361272547e+01 8.490258300336176944e+01 8.109999775319467119e+01 7.874870349257959390e+01 9.279750804045303880e+01 1.131934748369114203e+02 1.246584614014237502e+02 1.161885562927050728e+02 1.131398835934972027e+02 9.273809127797514407e+01 7.865420191009819462e+01 9.481694858226948952e+01 1.006618266754570357e+02 8.650721724373795496e+01 8.088274659274583200e+01 9.441169507770312919e+01 7.676026162285697296e+01 9.647103381481269935e+01 1.071823772788743270e+02 1.180185986166227252e+02 1.263545896525930203e+02 1.230082196375485779e+02 1.312633709907385651e+02 1.412683303150398899e+02
9.836548380292560978e+01 1.099847610526942816e+02 1.245061101209061576e+02 1.291629912775168521e+02 1.206231015883497548e+02 1.289335418815918501e+02 1.260180807371029914e+02 1.240976397070946291e+02 1.374016759407495840e+02 1.449437983554913103e+02 1.332493703453425837e+02 1.150374644387691063e+02 1.058713822611429123e+02 1.096225791363452657e+02 1.052764498173773973e+02 9.566254022038630467e+01 7.592432299809958351e+01 9.581918902909983160e+01 1.131201015825663916e+02 1.128700120755762697e+02 9.578277569444107087e+01 1.128700120755762697e+02 1.071153780467576411e+02 9.481694858226804001e+01 7.488964534587432809e+01 9.076437763103392342e+01 7.252625383924062419e+01 7.353391167455214372e+01 7.454599513868842564e+01 7.582709238117801931e+01 9.569137716191389131e+01 1.059238528640891701e+02 1.203071962956954479e+02 1.273786627045708002e+02 1.335563185823927483e+02 1.341520036879347515e+02 1.360802177617468942e+02
1.111573435185836587e+02 1.201067929108673127e+02 1.057744410271671711e+02 1.149872932825120273e+02 9.797718530439898643e+01 1.167803098975141012e+02 1.086787445578825242e+02 1.253848346311888804e+02 1.368625551598264849e+02 1.463729332380440269e+02 1.437379882671004054e+02 1.346506514573995617e+02 1.263134911557182392e+02 1.246456098346763213e+02 1.040746043010202442e+02 9.354496097179539049e+01 7.367272082023856683e+01 8.452945277387360079e+01 9.882477717821998908e+01 1.044064042319931076e+02 8.413426216644374733e+01 9.646482875237948917e+01 8.796918795988921147e+01 8.885259319326382865e+01 8.975426031924281745e+01 7.109970604733332777e+01 9.105170467501976361e+01 8.486084947342054363e+01 9.441183482822543738e+01 9.569140787569754991e+01 7.760034511801896429e+01 9.154105136192242753e+01 1.077954576646476994e+02 1.061274622617479082e+02 1.123305887713898841e+02 1.162034516064782679e+02 1.270097405262077359e+02
1.259012604846916474e+02 1.061863030366069864e+02 9.238058177821854144e+01 9.505377135500552299e+01 8.736247619632700889e+01 1.075491889620482482e+02 9.939079463170446616e+01 1.169890152961414032e+02 1.145029319589876877e+02 1.326828546522885119e+02 1.440431542712016437e+02 1.338940410167998323e+02 1.255000948087346870e+02 1.189591485173833973e+02 9.801283840228451538e+01 8.337301477363165247e+01 7.640639710135334894e+01 7.047121391873255902e+01 8.749679942105460384e+01 9.581092719756578902e+01 7.663541010450474289e+01 8.668998078978653155e+01 6.791281171585917775e+01 6.883316242800552232e+01 6.976004591030610413e+01 7.516765890529983096e+01 9.513595743879911026e+01 1.051058506419233254e+02 1.134877751237334280e+02 1.059241238288089164e+02 9.154105136192242753e+01 7.935364158599992379e+01 9.938066405660343605e+01 9.126029242203900083e+01 1.084213618191141819e+02 1.036534126379434468e+02 1.090876138771656372e+02
1.065441637513324054e+02 1.148703616476980045e+02 1.008921769115630838e+02 8.141673964014398734e+01 8.003803613976948839e+01 9.951607206778268733e+01 9.148741169505362336e+01 9.710213696641594083e+01 1.046322841918601370e+02 1.162162168797301263e+02 1.359595191357745421e+02 1.221416017763308872e+02 1.051065616445886945e+02 1.221416017763308872e+02 1.127271535914172631e+02 1.040509445575290073e+02 9.732138291730085200e+01 8.749679942105460384e+01 6.746139654604456837e+01 8.456480394726325756e+01 8.542750269244075412e+01 6.662074716090478432e+01 8.664992753165068962e+01 8.885034725343041373e+01 7.727334038510258551e+01 9.139540171052449580e+01 8.352544562265562433e+01 9.103838372052975103e+01 1.115268463582401495e+02 1.203071962956954479e+02 1.077954579577532996e+02 9.338781269572183419e+01 8.109881102208188963e+01 8.233347737816814060e+01 9.755787684969222084e+01 1.060014779051123952e+02 8.802765304012427805e+01
8.661277574577387384e+01 9.911839762435106138e+01 9.086850659826539811e+01 7.545241525501016611e+01 9.483024273893418865e+01 8.532515987124193657e+01 9.648249087103359045e+01 1.161357420818811050e+02 1.245607182635550458e+02 1.326828546522885119e+02 1.266971711737469661e+02 1.137258829466873920e+02 9.329830209479304415e+01 1.137258829466873920e+02 1.081287064846551260e+02 1.058249558343663779e+02 9.728693785892366463e+01 9.064360629779119449e+01 8.285859934487933742e+01 6.451069675484366428e+01 6.534835092454788708e+01 6.769969634351501497e+01 8.764398415637144524e+01 9.925003586506744568e+01 9.914527095650038291e+01 1.064724603841811756e+02 9.511841754224423084e+01 1.115220604055191131e+02 1.055198937781419772e+02 1.260289127456450586e+02 1.222031032197392619e+02 1.096928274283118725e+02 1.012745812924010096e+02 8.769466541894290401e+01 8.418206822049552329e+01 8.572515347543188113e+01 1.065934170441529290e+02
7.547842941091462876e+01 8.705211296488586470e+01 7.143690192239080261e+01 9.086850659869223534e+01 1.030929346420237920e+02 1.049619297752293932e+02 1.131889411485098691e+02 1.223993804263157870e+02 1.302977114554671800e+02 1.215013516977569310e+02 1.182898920123745086e+02 9.787550898275220845e+01 8.619091763913309023e+01 9.853633629705696251e+01 8.777994490785435744e+01 8.933661354988625192e+01 7.728586424315963654e+01 7.360718212113383174e+01 6.340741916370291165e+01 8.351373266996805000e+01 7.941989448016406072e+01 8.763470902729685008e+01 7.109065332927706038e+01 9.095673683922642283e+01 1.028052473702808669e+02 1.147401259795791049e+02 1.155632702816466804e+02 1.238945306261304040e+02 1.260289127456450586e+02 1.344843926393182869e+02 1.282745578434991671e+02 1.095061281492492498e+02 9.590948446181664622e+01 1.068157154673602491e+02 8.686902663584810114e+01 1.065673715232622385e+02 1.151330484527838394e+02
7.489826025270815535e+01 6.747221131199306399e+01 8.380793010692015343e+01 9.204556373379658396e+01 9.991926186822766454e+01 9.647114321073425458e+01 1.047485468267887825e+02 1.147261254060559565e+02 1.169474439014125551e+02 9.833918542416766684e+01 1.130120749581857211e+02 1.149307768559465188e+02 9.853633629705696251e+01 7.819178894109069233e+01 7.313683054662136840e+01 6.885317318269235898e+01 6.547552703133068519e+01 6.229691281946811188e+01 8.243125207711040048e+01 9.186405415357488380e+01 9.881758269085456448e+01 9.924377805028653654e+01 8.503740709561965616e+01 7.455728649062362479e+01 9.441320934688091882e+01 9.431394347882314833e+01 1.147401259794432207e+02 1.219767935805624575e+02 1.302663467445800904e+02 1.377068531720727549e+02 1.188425548726175123e+02 1.056388571222572494e+02 1.150033185222296765e+02 1.119914622088239611e+02 9.078763824292246909e+01 9.313478926356819443e+01 9.795775758793271848e+01
9.356609080532052758e+01 7.399018088424487871e+01 6.405890042113288985e+01 8.070136602236988210e+01 8.016442782366894448e+01 7.678931549074468421e+01 8.650527331871404613e+01 1.064370131056468409e+02 1.065774101121125454e+02 8.493259345302512031e+01 9.077078587296455225e+01 1.063345963673188805e+02 1.069597740752284096e+02 9.853633629700129859e+01 9.374108049853191460e+01 8.931298719493776161e+01 8.161838316735041587e+01 6.152017347063689812e+01 7.317926834164398997e+01 8.736467927758299368e+01 1.075976976553782976e+02 1.136201995878184903e+02 1.028052473702808669e+02 8.846002436951430070e+01 7.807577535003497360e+01 9.806221780495644680e+01 1.074956020623204296e+02 1.014972961363509683e+02 1.219767935805624575e+02 1.348105688594679634e+02 1.322791623953395117e+02 1.149827595692678557e+02 1.306944897741570628e+02 1.102316855327454022e+02 9.505681259044374087e+01 1.142890102210401011e+02 1.189925168246748370e+02
9.356609080532054179e+01 9.196083256608793022e+01 8.070136602236988210e+01 6.077750700459804989e+01 6.626894642323370022e+01 7.762358571929468098e+01 9.732590079900765545e+01 1.147261241817719650e+02 9.744661998034096939e+01 7.474162977249791595e+01 7.473185308740040966e+01 9.516133932865494671e+01 1.074713366715871246e+02 1.062259596365527017e+02 9.479337138387352013e+01 8.639446621179040164e+01 7.989484193705875725e+01 6.074101366723934348e+01 8.093200232666156069e+01 9.385159249922628533e+01 1.021768492553385670e+02 1.122300757832863241e+02 1.171504703710476605e+02 1.064710632789262093e+02 9.806221780602190563e+01 8.174576111950243273e+01 8.691784513744424601e+01 9.414361333043848390e+01 1.061939688102205537e+02 1.265514368120706195e+02 1.417388792153207362e+02 1.281609250419483033e+02 1.281015807769791479e+02 1.075309512289542511e+02 1.033017418253993469e+02 1.052971198883326025e+02 1.259708415724966528e+02
