MOVIE_S1_data/elevation_000304.asc
nrows	100
cellsize	150.0
xllcorner	0
ncols	100
yllcorner	0
NODATA_value	-9999
[rows 0 to 16 of 100, columns 0 to 36 of 100]
0.000000000000000000e+00 1.999999999997525535e+01 2.217050947083097867e+01 1.699973992179422311e+01 3.041094288077960073e+01 3.903579832700687291e+01 4.732589477984091531e+01 4.960508168147794805e+01 4.960508168134056461e+01 5.786277133291987695e+01 6.845814290297303728e+01 6.018600959619737978e+01 6.281227407068126922e+01 7.106394201152632206e+01 7.708838066381967735e+01 6.883916559642207744e+01 7.142799568607217964e+01 7.967446742056854703e+01 8.058890697925747304e+01 7.617776448480671547e+01 8.451583591756998715e+01 8.332171554812543945e+01 7.498313207372454769e+01 8.134354288744037831e+01 7.291949149291876608e+01 6.571707055777980599e+01 6.918834905025150306e+01 7.282920159637491508e+01 7.666000625995313555e+01 8.070660641017096282e+01 8.500534511272519467e+01 8.975530906638206829e+01 9.779716568975193525e+01 1.050928194529713409e+02 1.129423700893617877e+02 1.228887007711555412e+02 1.382823163447353352e+02
0.000000000000000000e+00 1.081476141132597713e+00 2.164536867881611482e+00 3.252393495469813267e+00 2.326187930069849585e+01 1.944224849262918653e+01 3.879973372548928978e+01 2.824638050996179928e+01 2.824638050996179928e+01 4.960508168134056461e+01 5.686527351600619795e+01 4.006158059122242321e+01 4.266664775680269628e+01 6.281227407068126922e+01 6.555128656148940536e+01 4.882838634895915675e+01 5.142810422477965915e+01 7.142799568128911858e+01 6.040323997634327213e+01 5.596950966928825011e+01 6.454897812292047377e+01 7.166237022282702185e+01 5.473626024718352312e+01 6.946854476842574400e+01 5.219724753157068164e+01 4.491858178448986649e+01 4.828656622073108196e+01 5.183329363831633430e+01 5.558972616843480097e+01 5.958383025664582533e+01 6.384115519389722238e+01 6.850103624818568449e+01 8.730762620505173288e+01 8.527323816432695480e+01 9.245938051008005232e+01 1.051882470011525470e+02 1.271356297136248656e+02
0.000000000000000000e+00 1.999998950632303263e+01 2.217050881681561592e+01 2.326188177854677264e+01 4.802363661016402219e+00 2.481702302465092203e+01 2.751837143188282653e+01 1.083370255754174138e+01 3.450219924316064635e+01 4.564300493704633510e+01 4.856716441923666139e+01 2.894848348986071329e+01 3.982964680086499953e+01 4.828992006639094825e+01 5.728593681159988904e+01 3.723258740528785182e+01 5.728593680717710868e+01 6.301567698211102453e+01 4.613546734140174266e+01 4.430048875759465687e+01 4.430125508075319374e+01 5.221599305643744771e+01 4.304839322533288737e+01 5.660997591267206275e+01 4.030874477498587538e+01 6.096166858828344459e+01 6.918834905025150306e+01 7.282920159637491508e+01 7.666000625995313555e+01 8.070660641017096282e+01 7.865780038925198880e+01 8.975530906638206829e+01 7.601685050500763907e+01 9.770648132476075887e+01 1.129416609848579043e+02 1.220395635590928407e+02 1.141366520042680150e+02
0.000000000000000000e+00 1.999999999999964473e+01 3.828399768304856821e+01 3.200719590766437506e+01 9.361244804714509371e+00 6.378369387894601061e+00 7.497770570428142989e+00 8.638227234736426396e+00 2.865397338965080465e+01 2.560474656636174373e+01 3.267721715822279549e+01 3.382955131813591976e+01 2.036936076517832461e+01 3.982045401597324741e+01 4.340291130738263092e+01 3.116974743496597000e+01 5.123962446068896526e+01 4.384557850784563726e+01 3.449069849864538639e+01 4.749525638561358676e+01 3.001695214793371491e+01 3.199387245701789340e+01 3.400241881327954019e+01 3.608652615363952521e+01 5.660998925774728718e+01 6.931980779087965061e+01 7.162662709246619386e+01 8.005299224336120290e+01 8.918109483089295964e+01 1.009233795914737328e+02 9.883949585501113688e+01 1.051512207854944023e+02 9.197649995871148576e+01 1.082189884980634957e+02 1.228890548872119979e+02 1.205122007560754867e+02 1.123756637937548248e+02
0.000000000000000000e+00 1.000000000000222578e+01 3.000000384181553059e+01 3.988203134033869901e+01 2.022151631090985191e+01 2.052805527360922966e+01 2.751701262558443162e+01 1.583142935210665669e+01 1.025905372617603817e+01 1.143810006800760526e+01 1.263887114679297596e+01 1.384826284431396992e+01 1.506388853251560711e+01 3.510735753765422373e+01 2.329229357316515703e+01 3.950080263508708356e+01 4.132598543530549762e+01 2.370172604179801112e+01 2.548093690357702812e+01 2.731462618911378826e+01 4.742708631080063242e+01 5.221551105144482818e+01 5.424167091502549454e+01 4.477034053986587026e+01 4.061657800621793513e+01 6.107570310720274875e+01 5.106451175364797024e+01 6.039557017772340686e+01 7.230862733623092709e+01 9.255467870774685935e+01 1.016295126587003210e+02 1.131050577247534079e+02 1.170702125795321393e+02 1.146595159777588719e+02 1.032380911135153951e+02 1.055343083937960245e+02 9.249282853086749867e+01
0.000000000000000000e+00 1.999999999998044942e+01 3.828443178607523834e+01 4.880248891590555615e+01 4.049299225884978171e+01 4.055322589761180296e+01 3.769780026069065570e+01 1.754130848394394349e+01 3.028964167589551693e+01 1.961685905176301858e+01 3.267721716936384269e+01 3.388721855059630172e+01 3.510472795161341963e+01 1.683339707258763696e+01 1.812797689441318028e+01 1.947280207566129562e+01 2.121002285957895950e+01 4.132598544876560709e+01 4.564291833781359031e+01 4.138433891239179729e+01 4.131590292579393520e+01 6.054095220641601571e+01 6.220225808488473263e+01 5.707721343435816408e+01 6.106332603781573454e+01 4.535433773818677139e+01 6.587801017668617476e+01 5.796317247531914774e+01 6.456723362757669804e+01 7.207432947533212086e+01 8.312933275081623208e+01 1.046603609804836310e+02 1.191684448097392135e+02 1.074811634486252530e+02 8.901339051690672477e+01 8.527578472010684152e+01 1.055343083937960245e+02
0.000000000000000000e+00 1.999999999999964473e+01 3.089222680050168179e+01 3.692245369206325734e+01 4.520672495293085547e+01 5.675373029649666279e+01 4.355330174130719456e+01 2.327019502547170759e+01 4.355330174130719456e+01 2.963313390285303228e+01 4.795266220019043146e+01 4.398311159961784256e+01 2.390869852269511142e+01 3.688577783841373048e+01 3.275993033610446759e+01 3.826202744573902237e+01 2.253858961467242850e+01 4.296065087265608184e+01 6.242124730730519389e+01 6.068123948592229056e+01 6.052165725357981074e+01 6.899236544444957531e+01 8.007852074522376995e+01 7.459705020392674157e+01 6.212738332841806965e+01 5.455866875057268572e+01 7.433486267866223329e+01 6.576032028216764047e+01 8.551058000245521384e+01 9.319980645516396578e+01 1.016300813962237299e+02 1.125073526385093743e+02 1.109237967775477216e+02 9.062781097062261892e+01 7.884026544455420549e+01 9.920590390845168827e+01 1.137618750390345070e+02
0.000000000000000000e+00 5.345224838248510579e+00 1.089222680050085046e+01 1.692245369205623007e+01 2.846945907584854041e+01 4.846945907582231428e+01 5.028937635983638188e+01 3.008115250424824794e+01 5.028937635983638188e+01 4.380628254186383685e+01 5.797194492107212227e+01 4.934924513394928169e+01 2.927101195680577561e+01 4.934924513394510370e+01 5.387989183787456682e+01 4.467093719717968980e+01 2.473733551473889491e+01 4.482703449596066037e+01 4.244838351270379206e+01 5.669262964836882190e+01 7.633385638716745802e+01 7.240200485601978642e+01 8.073267335301534331e+01 9.096357056117638251e+01 8.257725418350264590e+01 6.641153523302814676e+01 8.358002477968484811e+01 8.006310589411850742e+01 8.007167913126460235e+01 1.002485829239792139e+02 1.144494754712530096e+02 9.788587436929645946e+01 9.946558816897118049e+01 9.552857100625742248e+01 7.512893555786777711e+01 9.552857100625742248e+01 1.035284286221130969e+02
0.000000000000000000e+00 1.000000000000008704e+01 3.000000000000044409e+01 3.692245369202925076e+01 3.106458931578742977e+01 5.106458931597492068e+01 5.859416160872407886e+01 4.024592347663103453e+01 5.859416160872407886e+01 6.384225367956249642e+01 6.353347738259788713e+01 4.347394376470916910e+01 3.686647936385818269e+01 5.693408841261953057e+01 6.483987349050210014e+01 4.482662962356424430e+01 3.109795627395470063e+01 2.818294076043268248e+01 4.828984869196331431e+01 5.473236584579191089e+01 5.758755938162904187e+01 5.234542767660728657e+01 6.956953688806851233e+01 7.178177196564625717e+01 8.017571121920897781e+01 8.698161959982596159e+01 9.556182031795685816e+01 9.998237309424051489e+01 1.002482649051936221e+02 1.085206461631735095e+02 1.137514795195118751e+02 9.699597230948705828e+01 8.336615465325870389e+01 9.059171440314847246e+01 7.157646636845588262e+01 9.201345994170607412e+01 8.382135444223015952e+01
0.000000000000000000e+00 1.999999999999964473e+01 3.000000000000044409e+01 5.000000000000115108e+01 5.106458931600228368e+01 5.934886081717577611e+01 6.862914625550452286e+01 6.033282924303632910e+01 6.862914625550452286e+01 7.538219599723782949e+01 7.183525217070095437e+01 6.353347738259788713e+01 4.690768762667127589e+01 6.523691613194067429e+01 6.118766511442505873e+01 4.116381679507747293e+01 5.117574095475525553e+01 4.828984869196331431e+01 3.182853295261922355e+01 3.459703498789529164e+01 3.744940657600677980e+01 4.068112164609360804e+01 5.950718162379023113e+01 5.162864286564576588e+01 7.178065626021485457e+01 8.381814934872649303e+01 9.028218282699394592e+01 9.801214810039409997e+01 1.074611822675774420e+02 1.188704686148355449e+02 1.058386672152464598e+02 8.689254500059303155e+01 8.094516146015149616e+01 7.301294144114267226e+01 6.816510519119647427e+01 7.387069852391638847e+01 9.367489153217167086e+01
0.000000000000000000e+00 1.154700538379261765e+01 2.568914100752381913e+01 4.568914100752452612e+01 6.252872278988022714e+01 6.145616031026148818e+01 5.307715921962275019e+01 6.145616039100595884e+01 6.947144539823955256e+01 5.523606170867016374e+01 6.947144539823955256e+01 7.526150407268991671e+01 6.696048919856781367e+01 7.526150407268991671e+01 6.944487777488326685e+01 5.120521666547386985e+01 6.944487777488326685e+01 5.955514881242213221e+01 3.945155147409759877e+01 5.473875435417790669e+01 5.760179648677759445e+01 4.750835472416565608e+01 4.565649006069237714e+01 6.576285690756918711e+01 5.820963060858829152e+01 6.344861488757799606e+01 6.956961143238738998e+01 7.641525108599425664e+01 8.746107056021813264e+01 1.122451060247513652e+02 1.156811608888535829e+02 1.065205689952974950e+02 9.078134095960770367e+01 7.148464215732556681e+01 6.480149833180435337e+01 8.144950839734651993e+01 8.144950839734651993e+01
0.000000000000000000e+00 1.414213562373107536e+01 3.414213562373178235e+01 4.983126337819818019e+01 4.191540570436618651e+01 4.191540570439224922e+01 3.219543047477091591e+01 5.111093009440000401e+01 6.040728363183204408e+01 4.080804913617677698e+01 6.040728363183204408e+01 7.016923412279994920e+01 6.845537442614190127e+01 7.675689728775031995e+01 7.942047968023206295e+01 7.117011356337616235e+01 7.942047968023206295e+01 6.790084312885623774e+01 5.368490150720688803e+01 5.955734990327681544e+01 7.392307862790487150e+01 5.504349627631221153e+01 6.576505606378691482e+01 5.645354147794616750e+01 7.645784588468687559e+01 7.472727716805047748e+01 8.383530686887154104e+01 9.804605909261391616e+01 1.076522563897357969e+02 1.207657982519421154e+02 1.100885464604768202e+02 9.246745018541068362e+01 8.220082240478136271e+01 9.078134081891772666e+01 7.562381309313008160e+01 6.133284500180194954e+01 7.236495731146295896e+01
0.000000000000000000e+00 9.999999999999912959e+00 2.154700538379175967e+01 4.154700523557092140e+01 4.008098901899357003e+01 2.121956567862052978e+01 2.192844907708388291e+01 4.263629484718757823e+01 5.204546633796711319e+01 3.166211151030928050e+01 4.152587251377039479e+01 6.182599680469832748e+01 4.846517238619546930e+01 6.520684896241664319e+01 7.195277667785290987e+01 8.026781528393554765e+01 8.539328613062613726e+01 7.711695578361575087e+01 7.377632767119091284e+01 7.963301066052352439e+01 8.167524092931056146e+01 6.853149083094035632e+01 7.392353098409694212e+01 6.802474652430657898e+01 7.645832411174468746e+01 9.504370897491622827e+01 1.035615994559686186e+02 1.131048543332958900e+02 1.208729910394854699e+02 1.230847205708455618e+02 1.194755337974995797e+02 1.091699394490480159e+02 1.009962223875918426e+02 1.037201712198051808e+02 8.967256674890900570e+01 7.822020779327178275e+01 5.805332348754127025e+01
0.000000000000000000e+00 1.999999999999964473e+01 2.289193414844135788e+01 2.439517893638143420e+01 2.591147675823590291e+01 1.222066024528984052e+01 3.156748569148615857e+01 4.549993705395016974e+01 4.006788102652087247e+01 2.513248905800858779e+01 4.525101401906667320e+01 4.545069006552397894e+01 3.705894581249483366e+01 5.691402589722382288e+01 5.194740011008383362e+01 7.195277667785290987e+01 7.386342296937638707e+01 5.710278391382269092e+01 7.386342296937638707e+01 8.464677672958595167e+01 8.594067856424480567e+01 8.694106745163095695e+01 9.242734662081754493e+01 8.797879166876252555e+01 9.637692119798842327e+01 1.049471807024398942e+02 1.219125835836863700e+02 1.151138277847690148e+02 1.009553505244027036e+02 1.031268459362255783e+02 1.230847205362616421e+02 1.179550586074482510e+02 1.098826633419497938e+02 1.049275804446199629e+02 8.505025100526390247e+01 7.086766151471792341e+01 7.517327495570305018e+01
0.000000000000000000e+00 1.443375672974065882e+00 2.890524883558911906e+00 4.393816939564575641e+00 5.910013026722388929e+00 7.442044776650654114e+00 2.746242553063583003e+01 2.551527090090525007e+01 2.402817126516972124e+01 2.010040507672406918e+01 3.718599227909131599e+01 2.605140101037887135e+01 4.545069006552383684e+01 3.793635538313345990e+01 5.780683924659294348e+01 6.459346526252942056e+01 6.556499378049669247e+01 4.555699292242830012e+01 5.630988645814525029e+01 6.676612998266645604e+01 6.590059407266078040e+01 7.755028736303259507e+01 8.422815493123839303e+01 9.254608825511309078e+01 1.025806582077055680e+02 1.161337868866764751e+02 1.019563381971202176e+02 1.067891847199435915e+02 8.705154906620347788e+01 9.981089226880381204e+01 1.197281116751446604e+02 1.066674713152766429e+02 9.030628313787615014e+01 1.066674713152766429e+02 9.909995709126326346e+01 9.087217653210203139e+01 8.345295459971927698e+01
0.000000000000000000e+00 1.996584931246710326e+01 8.664027575041071572e+00 2.439514515068363565e+01 2.591147668872758203e+01 2.746242553063567016e+01 9.736574919153273555e+00 1.137846688593028865e+01 1.310625532298199403e+01 2.352216890992257348e+01 1.829546332011794618e+01 2.007289350274755790e+01 2.688834922011378481e+01 4.391581237136141880e+01 5.217997081462737441e+01 4.459927837864997713e+01 5.292675629815607152e+01 3.801509367567400233e+01 4.216966081035145208e+01 4.675442103406638950e+01 5.175392402847171525e+01 5.752747489275288473e+01 6.419455578928550210e+01 7.419928281691113625e+01 9.425703542826896353e+01 1.061863059109663254e+02 8.799802993592307132e+01 9.981089339589817655e+01 8.000689195429782785e+01 9.981089337679280504e+01 1.095315054183819257e+02 9.858023483327677638e+01 7.886684627582974372e+01 9.858023483327677638e+01 1.035259014599995595e+02 9.504556149009879107e+01 8.683718140555610887e+01
0.000000000000000000e+00 1.999999999999964473e+01 2.866019232593189514e+01 1.760829651158900688e+01 3.760136445790926274e+01 3.802984347785235286e+01 2.974227066642422201e+01 1.718959940278139698e+01 3.308114248763005349e+01 1.571893778832389366e+01 3.606821633191957233e+01 3.898220260792231073e+01 2.268682834157763395e+01 2.486182427504024517e+01 4.391552517418914903e+01 3.062020284314658269e+01 3.300209463938228538e+01 5.292675629815607152e+01 6.217512892391803092e+01 6.676612998266645604e+01 7.177019892469431284e+01 7.755028736303259507e+01 8.422815493123839303e+01 9.254608825510911174e+01 1.025803716731017659e+02 9.789971053742100082e+01 7.801203551935704184e+01 8.726930184912235688e+01 7.438077492009512071e+01 9.431825910934321655e+01 1.014482505654605404e+02 8.177274825254707480e+01 7.174718731752392387e+01 8.381946738737403280e+01 8.381946738737404701e+01 8.683718140555610887e+01 6.624431480080373547e+01
