MOVIE_S1_data/elevation_000591.asc
nrows	100
cellsize	150.0
xllcorner	0
ncols	100
yllcorner	0
NODATA_value	-9999
[rows 68 to 84 of 100, columns 37 to 73 of 100]
7.980198869208844314e+01 6.251611508466042011e+01 7.980198869208844314e+01 8.500168582297951048e+01 7.687341675505977889e+01 5.747388147186838836e+01 3.762592267063203622e+01 3.034306486806470815e+01 2.465839172498376186e+01 4.414669854270013616e+01 2.465389421072188014e+01 2.794971107013416400e+01 4.084148820269459179e+01 2.637548195732652445e+01 2.682929375754258672e+01 4.756624418310226332e+01 3.789070667551555260e+01 3.143306132891107296e+01 5.198958913035471596e+01 5.776770217268695973e+01 6.341542767403065284e+01 5.210627169497220024e+01 6.122109118405796124e+01 8.174192124958233308e+01 8.116597930962552709e+01 7.516764100644425639e+01 9.465688681559834095e+01 1.063889260717353551e+02 1.116193940116952632e+02 9.726723922583727244e+01 8.890465430992529150e+01 7.583054483698312254e+01 8.369371392707085988e+01 9.827297426471284325e+01 1.183694633514921719e+02 1.127371467807247427e+02 9.323852456146268253e+01
9.164405712165715556e+01 8.323674139482672274e+01 8.444047971137149489e+01 7.532824242940826309e+01 5.674813954379683167e+01 6.043232725178948073e+01 4.809801311119878875e+01 2.916866416001198203e+01 3.010676124187806124e+01 2.401627004745076732e+01 4.516739420636717028e+01 4.173081715333492525e+01 4.314174273442450414e+01 3.502115525401761431e+01 3.384344669334267053e+01 5.674332362574397592e+01 5.620237122603996482e+01 4.601489086939159279e+01 3.488977345770253891e+01 3.746216419198686509e+01 4.305226404888004765e+01 6.341542767414650683e+01 7.123980996088721440e+01 7.497735277078022875e+01 6.063327088549890931e+01 6.573621052718692681e+01 7.765141625189812657e+01 9.812812036886127487e+01 1.124585330975200463e+02 1.129459089830713765e+02 9.270891060941971773e+01 9.048003894898984356e+01 9.642410339620614934e+01 1.041576902022762141e+02 1.241344679128606572e+02 1.211280134981497270e+02 1.072084725560667096e+02
9.675285558645165906e+01 9.049813380555816877e+01 7.045285285049502022e+01 5.610446539700108559e+01 4.686349088932539786e+01 3.969985843491548394e+01 3.394059311429553105e+01 2.808374070275137058e+01 2.356057276967240810e+01 3.498865042227669875e+01 5.244442298949075365e+01 6.332768875675325404e+01 5.962797837392697886e+01 4.486339136181666731e+01 4.243352849254290504e+01 6.475047130731303469e+01 7.484204698325075356e+01 6.112116599816728524e+01 4.078081903330649283e+01 5.776770224479947302e+01 4.153362839952434626e+01 6.187703244510401390e+01 5.079413134774015504e+01 5.450056506574804871e+01 7.497733624323662127e+01 8.630587243122373309e+01 7.495751697438892336e+01 8.422166973806817225e+01 9.862175354787467541e+01 1.181747379467334724e+02 1.129415132079910506e+02 1.107743444002952202e+02 1.165940758199866707e+02 1.145467886109001796e+02 1.064098667274825090e+02 1.145597593000158554e+02 1.269088399563265028e+02
7.637894260569153460e+01 9.069123725595675012e+01 8.422503162774363261e+01 7.424040632476921076e+01 6.720544054003802614e+01 6.037697371127785573e+01 5.495453270990115868e+01 4.584853020196876372e+01 2.323528375229997778e+01 2.805970669403820494e+01 4.866627277433076415e+01 6.558670526654020705e+01 7.556540616385591136e+01 6.102642883756815451e+01 6.495973518458005458e+01 5.859153320017490785e+01 8.033393478318156156e+01 6.757555954736174897e+01 4.716497522605917680e+01 6.757555940511088011e+01 6.187703035798786289e+01 4.573128961297834394e+01 6.612965506663751114e+01 7.497735277077468652e+01 6.897057292885943980e+01 8.947900827816646085e+01 8.690742901140642118e+01 1.036587451612297599e+02 1.124585330975200463e+02 1.177906294349110397e+02 1.093782799291607972e+02 1.085537626615003575e+02 1.005144330644443471e+02 1.047801906609782350e+02 8.694182680690404652e+01 1.047865688124455517e+02 1.160613468301704643e+02
6.176147062146213784e+01 8.234632350981864590e+01 8.488776322869649960e+01 7.445305081724539775e+01 6.630326476806936853e+01 5.911289453359302115e+01 5.239212767810634830e+01 4.656939422768076753e+01 3.574420536421224170e+01 2.277565742667896842e+01 3.233370306247162773e+01 4.911903964625417274e+01 7.325715958783531789e+01 8.539171937618189645e+01 8.312666791400174304e+01 8.033393478318156156e+01 8.913258663981005725e+01 7.601431592956542715e+01 5.624688816162392158e+01 7.601430389725862824e+01 7.295060434792819137e+01 5.248775528906001853e+01 6.237217270845135175e+01 8.284853301864524155e+01 8.947901029094258263e+01 9.781835362772972076e+01 1.071768361800046563e+02 1.153420643963094960e+02 1.100650018097601048e+02 1.018937967389463495e+02 8.957274258600347139e+01 9.733263653258239856e+01 8.104290063495434993e+01 8.793785487238855580e+01 7.713973724229400375e+01 8.844561237270771414e+01 1.079165053946782251e+02
5.484922026391470240e+01 7.548470241823493154e+01 7.674746690415821604e+01 5.644038593087205413e+01 4.516508358293512515e+01 3.706007815203732036e+01 3.019736251628826906e+01 4.198238989706843682e+01 2.232604695306990905e+01 2.269019763357766806e+01 5.208486631648644760e+01 6.580459362526937639e+01 6.889873980920536667e+01 7.707719377633439706e+01 6.440931063920008626e+01 7.878692413114868032e+01 8.866086162393251868e+01 8.515626389724098999e+01 7.073794513167092646e+01 8.515626310440002555e+01 6.919141200839705164e+01 6.427567246209902407e+01 8.137667642999159057e+01 9.122661809048838677e+01 9.944840886079838072e+01 1.074702462758149863e+02 1.079171392162297280e+02 1.159221693888573270e+02 1.018937967389463495e+02 8.229677668875866914e+01 7.823754056114313471e+01 8.858849480365776685e+01 6.959950233970320710e+01 6.821804778926200186e+01 8.222249734139008126e+01 1.017359484822662097e+02 1.114383677970422610e+02
4.861166935699532132e+01 6.926286112519106553e+01 8.444671878248449559e+01 7.466130071366744403e+01 6.632522806285727768e+01 5.907072490287857391e+01 4.421029745711355474e+01 2.186864137826366417e+01 3.233862814185131640e+01 4.208532953570743018e+01 6.013424644895044935e+01 6.558394060386865476e+01 4.871104278889433203e+01 6.077309289646414214e+01 5.062043107253973773e+01 6.073314903927484210e+01 7.472331887679399642e+01 9.440270890979398644e+01 9.123245203317333107e+01 9.802205476925975347e+01 8.967709331783512994e+01 8.480078222053695924e+01 9.317462472988077593e+01 9.478150448886989921e+01 8.021657914101361087e+01 9.433277766465674574e+01 8.870595087381555288e+01 1.079171392162297280e+02 1.018937967389463495e+02 8.229677668875866914e+01 6.826899422298561149e+01 7.960025036187042247e+01 6.051690494421573163e+01 8.048408572211090473e+01 9.163188566951814096e+01 1.014431863592064644e+02 1.090723137992211775e+02
4.400911068555913630e+01 6.464043826781667690e+01 7.256887317601037068e+01 7.726790843768866068e+01 5.808871440985204515e+01 5.212721252061265176e+01 4.679441751618939804e+01 2.154649684966244649e+01 2.641448120709482694e+01 4.305686498210362601e+01 4.777765400274696361e+01 5.265092411853490262e+01 3.675321755815193825e+01 4.034740833685803807e+01 6.077309289646414214e+01 7.401712150967604487e+01 8.223679812674204470e+01 9.112770294552319683e+01 1.025561769404780961e+02 1.065237666751973222e+02 9.830790978270310632e+01 9.025604294759693857e+01 8.918162007915246647e+01 7.554461012071327275e+01 6.926587418235516225e+01 7.523444569224207612e+01 8.848567795779692347e+01 1.069153863188902562e+02 1.034492756021676456e+02 9.535052136258121891e+01 7.960025036187042247e+01 5.958443865281697782e+01 5.609848527332869139e+01 6.362029389984824945e+01 7.369263737262426162e+01 9.334258512667331331e+01 9.781418370603952894e+01
3.991877004212192759e+01 5.434670020369584620e+01 5.159933386885009554e+01 7.307959576844493199e+01 6.063304955847206656e+01 3.730971878042276302e+01 3.652833009909794981e+01 3.913360895498574621e+01 2.109194209475161585e+01 4.162502047563117458e+01 2.843046373954199524e+01 3.186104563938434708e+01 5.265316119521371263e+01 6.077309289646414214e+01 4.658274653316645697e+01 5.387852495974041744e+01 6.301211574974715290e+01 7.456224949721170958e+01 9.433774246823716680e+01 9.680598274988751939e+01 7.913225371463755664e+01 7.098907482342362130e+01 7.502733852205241760e+01 6.212842019103670310e+01 8.117896604174811159e+01 9.433277766465674574e+01 1.023140601313032505e+02 1.077406420353181034e+02 9.535052136258121891e+01 7.570257424811306635e+01 8.145732472154607251e+01 7.202988972158583181e+01 5.175906017619483634e+01 6.621749520013534607e+01 8.606225140514389693e+01 1.014431863556307434e+02 8.972052940767504481e+01
5.510924506843944926e+01 3.458694596832264523e+01 5.510907376003969205e+01 7.044554592556750094e+01 6.722261307052680479e+01 4.147407171301374262e+01 2.525192904375186487e+01 2.548649729418111676e+01 2.077298949644835346e+01 2.365888649937699739e+01 4.519403525435323132e+01 5.265203997095674993e+01 6.101531981266380456e+01 7.514723832509471890e+01 6.689705241771352462e+01 5.536749392418675342e+01 6.553145807598727401e+01 7.960186960870095163e+01 9.934836593585072251e+01 8.875550695575283555e+01 6.950900047352217825e+01 5.999440555519728946e+01 5.592740857466579030e+01 7.502733852205241760e+01 8.629865816352011620e+01 8.711662150009675543e+01 9.485487170692110226e+01 8.426738474825977221e+01 9.535052136258322264e+01 7.570257424811306635e+01 6.150497361874639779e+01 6.907250891574163632e+01 4.875385102863196352e+01 6.323484721785003160e+01 8.316587095992711909e+01 9.317195811085913704e+01 8.269979555233325641e+01
4.723105334465921601e+01 3.123628321512454065e+01 4.139709602858328452e+01 6.198645839211940967e+01 6.535771459391646943e+01 4.415636422131157701e+01 4.085830074570360892e+01 2.033178673543640613e+01 3.885693820189948866e+01 4.303364505957112129e+01 3.594899778998792783e+01 4.477594659318818060e+01 5.582856937785308560e+01 7.583625707873183330e+01 8.366642612363139619e+01 6.553142254082467844e+01 8.366642612180659455e+01 9.356515977801770134e+01 9.313740495122883090e+01 9.680598274988673779e+01 8.715504211311350957e+01 7.097184784044240757e+01 5.175428938031755877e+01 7.097183969953691474e+01 6.724322375203658453e+01 6.935493807197026683e+01 8.500084429848196521e+01 6.760369256731397059e+01 8.559958382764736484e+01 8.957592492028358322e+01 7.205169621127608082e+01 5.184401266586829848e+01 4.590632246856564791e+01 6.622682069604955757e+01 7.948905070339407075e+01 7.918758887071807351e+01 6.520322038315649138e+01
2.684809054080426094e+01 4.723117854497363766e+01 6.017283509162501076e+01 7.044965471062052131e+01 6.744145781372573367e+01 4.636447189182050721e+01 3.176139798229312916e+01 2.003247473486412389e+01 3.591670201773243321e+01 2.793567527691193320e+01 4.520597991556703477e+01 5.944235167096364592e+01 7.268520967882737693e+01 8.431459364668513956e+01 9.354192243010339780e+01 8.534642064259487881e+01 9.354192243010358254e+01 8.710874540284562784e+01 7.273219944880841581e+01 8.710874540284562784e+01 8.136622603361814754e+01 6.214808207225463832e+01 4.843873887857230898e+01 6.346242104181268928e+01 5.396427432001446078e+01 7.282443390868624533e+01 7.629205993611830650e+01 5.511950549152788881e+01 7.629206969519320580e+01 8.322693795840542919e+01 7.504265059511517677e+01 6.343479330728609256e+01 4.305617562634674300e+01 6.311192285793366352e+01 5.946299146269527824e+01 6.761551038158344795e+01 5.072575496378857451e+01
2.383386128057975029e+01 3.824812457349678141e+01 5.877365640893657428e+01 6.494215864718245257e+01 6.779726940829485216e+01 5.662542791350851701e+01 3.631970633455944863e+01 1.974623235107197061e+01 2.341251445558853561e+01 4.110817990867663951e+01 3.284765431276169778e+01 5.112443273806820088e+01 6.565558910223769828e+01 7.438681571828051631e+01 8.478820789791524248e+01 9.498540772956123135e+01 8.478474275195058851e+01 7.637036343858896714e+01 5.819988824985061626e+01 7.386656902122470569e+01 8.226536778092108193e+01 7.577225098260615255e+01 6.346244026691957885e+01 4.396559637898787543e+01 6.346244898333279849e+01 8.077980020232635638e+01 6.788121134310318894e+01 4.716044460774481450e+01 6.787726088409766589e+01 7.269908602590885494e+01 5.488307856568413001e+01 5.854765531753370311e+01 4.032727710209894667e+01 4.272456018408514922e+01 4.501210340827761058e+01 4.728670955342635551e+01 6.176693944068414766e+01
3.901280123544808731e+01 4.393276137878820720e+01 5.170607666726230889e+01 4.505099912167921872e+01 4.772107579835174107e+01 3.914914040711549603e+01 3.909119000289651780e+01 1.947243822534449009e+01 2.535934958139667827e+01 4.223582318018647186e+01 5.112443273806820088e+01 3.903097480701335087e+01 4.583800989919036795e+01 5.536862812191359495e+01 7.617521276839036659e+01 8.660579364708102901e+01 6.615521872735801878e+01 5.585262324848758908e+01 4.901025050918845238e+01 5.337197062909118017e+01 7.046968778799411837e+01 7.444238097428211631e+01 5.510188984283212932e+01 4.116586618053742797e+01 5.510188984422092773e+01 7.444238352859487406e+01 6.152274620514602077e+01 4.116710655984839207e+01 5.362392593755237158e+01 5.338906583361810476e+01 5.778695601175749630e+01 3.785851827046250406e+01 5.857876344311035410e+01 6.311192294745181641e+01 5.946299127340903823e+01 5.914919203081536381e+01 7.581062130832536639e+01
1.822764951119410171e+01 2.348754831729505099e+01 1.771542382714214625e+01 3.650387059831601277e+01 2.847305637800746680e+01 3.866468264810909261e+01 1.909350037086681340e+01 3.841450360624723004e+01 4.183694185816664657e+01 5.148457814476588368e+01 6.655191780379628597e+01 5.216461821497577489e+01 5.216461821497577489e+01 7.236181920926006228e+01 8.478820789791524248e+01 9.504208954543025811e+01 8.478474275195058851e+01 7.637036343858896714e+01 6.203400712259316663e+01 4.155056506859150289e+01 5.571135385182527955e+01 6.415261552176690429e+01 5.817726361338115737e+01 3.849792745334232080e+01 5.456358624719898387e+01 6.262303726152426009e+01 5.884766995415370161e+01 4.235647494066162011e+01 3.347672021736922687e+01 5.280815609844342617e+01 4.900183595124232028e+01 3.657725299514956419e+01 5.913952382586672485e+01 7.788908446105135397e+01 7.948896394488389205e+01 7.918072175388513756e+01 8.730544285294077156e+01
1.698420884842773404e+01 1.728803049631917688e+01 1.956139403712574421e+01 1.813647169245385982e+01 1.842854164694072949e+01 1.871188505268397151e+01 2.186082714858207865e+01 2.500512655939943230e+01 4.553258216306701200e+01 5.942111098660960522e+01 6.790664844072477990e+01 7.236181920926006228e+01 7.236181920926006228e+01 8.093921739261696757e+01 8.741460371373295857e+01 8.262337624653864054e+01 9.089931953458273028e+01 8.198278170116738295e+01 6.155576594003947832e+01 4.705313530590536431e+01 3.529343714639741592e+01 5.025244338203955863e+01 4.914940497425204313e+01 5.376114263075303512e+01 3.478725233022211683e+01 5.133528147923856721e+01 5.193273119091131917e+01 3.262335839806703319e+01 5.278067855965373667e+01 3.433527690950999300e+01 3.494111524540975466e+01 3.559614155167023597e+01 4.985524893427071902e+01 6.468225678197417494e+01 7.188388201621143025e+01 8.024184506124917959e+01 8.459698158527416467e+01
2.275456114026361476e+01 1.932932280391746005e+01 2.852767845312553163e+01 3.616212091875635082e+01 3.825085717570176769e+01 1.907176383411445286e+01 4.000988387756036246e+01 4.553258216306701200e+01 3.204537478591363708e+01 3.887905894924006844e+01 4.803699450833985907e+01 5.992825147029437005e+01 8.051930495681341426e+01 8.741460371373295857e+01 6.731628943115984498e+01 6.249871701108697408e+01 7.930482210206855598e+01 7.555249285372423174e+01 6.727493545822213150e+01 6.406519972124014828e+01 5.024730499777382420e+01 3.049817833725473548e+01 2.896281232654879645e+01 4.534339712373328268e+01 4.930476242760644112e+01 3.117731178086070898e+01 3.177203530204587878e+01 3.741199033068853907e+01 5.750064192329726609e+01 5.498789240752905982e+01 4.928140188424271884e+01 5.554599259096777075e+01 3.652035966505528819e+01 5.668661067995549985e+01 5.173340319638698759e+01 7.188914365643441329e+01 7.635820436663289001e+01
