MOVIE_S1_data/elevation_000056.asc
nrows	100
cellsize	150.0
xllcorner	0
ncols	100
yllcorner	0
NODATA_value	-9999
[rows 34 to 50 of 100, columns 0 to 36 of 100]
0.000000000000000000e+00 1.999999999999964473e+01 1.387325349247300466e+01 3.387325349247370809e+01 5.284797441643307536e+01 4.798162915240118309e+01 4.430968983877792766e+01 6.447552835273717164e+01 6.868206644269554317e+01 5.983331135467430073e+01 4.872569715060963347e+01 3.048050706277594202e+01 4.868226601278295362e+01 4.747010880029748137e+01 2.769593134667465861e+01 3.606426878891730325e+01 1.849543216599483486e+01 3.788994967590110718e+01 2.737488494635285008e+01 3.412155824132862136e+01 4.474604345800208449e+01 6.523233519510039002e+01 6.352226430004886026e+01 5.303445408799354510e+01 4.025199157547739759e+01 2.497370399437081545e+01 1.371867406194540173e+01 1.930720074499888383e+01 2.503709680633248880e+01 4.524783877212211536e+01 6.023153510218704554e+01 6.830738082201357031e+01 7.815560374603994376e+01 7.438471897907720631e+01 5.385015018487275285e+01 6.340883167534062181e+01 5.472812881663667639e+01
0.000000000000000000e+00 1.999999999999964473e+01 3.387325349247370809e+01 2.456370316897017148e+01 3.611070855276309288e+01 5.611070855276379632e+01 6.448771570841947209e+01 5.785674726714030669e+01 4.943485481026636563e+01 5.096033865901507909e+01 3.015685609611856677e+01 2.068458998606658739e+01 4.040655309109374116e+01 4.472386446284897943e+01 3.602368894956062206e+01 1.693090360285074070e+01 1.499643711164660687e+01 1.950506172842603192e+01 3.905364735302828905e+01 5.429756158184692083e+01 6.250667759519708255e+01 7.336303368557966564e+01 5.483361129017907842e+01 3.612961418631237365e+01 2.718216682322220734e+01 2.026443316473858758e+01 1.339964177107953525e+01 3.352279084888062499e+01 3.677362809978248492e+01 3.683636044216643057e+01 5.575204340519682233e+01 6.716551730410850496e+01 7.565750169913597745e+01 8.283827430830928051e+01 6.568591681188135567e+01 8.283827430830930894e+01 6.657103828759889552e+01
0.000000000000000000e+00 1.414213562373107536e+01 3.414213562373178235e+01 4.456370316897087491e+01 5.284797441643307536e+01 6.439497980022699153e+01 6.254663392732949490e+01 4.585414082384149737e+01 2.841721986839998593e+01 4.342556022371223179e+01 3.211722601010432498e+01 1.415162513753456963e+01 3.321114651062819689e+01 2.401639731454307380e+01 2.600691966032070113e+01 1.120294158761204351e+01 2.968000819860769468e+01 3.891513049068812080e+01 4.428416416738470929e+01 5.189110380439404935e+01 6.125411728569911674e+01 7.513969662699997798e+01 6.389140955923380005e+01 5.377660489854422821e+01 4.529985556749171849e+01 3.063426477985900931e+01 1.308133575173145324e+01 1.937865294532481286e+01 2.081902433587508838e+01 3.141072865448721174e+01 5.010616647805222357e+01 4.701481438176630689e+01 6.396417318169963551e+01 7.833676584594205394e+01 8.626518017795413584e+01 9.463703037469767310e+01 8.715417217136254635e+01
0.000000000000000000e+00 1.999999999999964473e+01 3.299122198700421649e+01 4.127549323696081274e+01 5.127549324372608908e+01 5.665038940875705009e+01 4.248745731226998856e+01 3.730281206700156815e+01 1.563199808320769257e+01 2.519254624492409533e+01 2.056591966184029374e+01 8.965839628301106146e+00 2.390733902577348502e+01 6.302814544397704388e+00 7.708644005237564656e+00 2.577049262741867253e+01 3.667951072753474051e+01 3.565575914741842212e+01 2.533544083817544390e+01 3.166510818087149914e+01 4.373812082326229955e+01 6.600278263968888837e+01 6.242182014440064108e+01 6.168351614538256200e+01 5.930048268750654472e+01 4.383732218182390739e+01 2.039609230036299081e+01 1.262818249093246514e+01 1.885169209334137363e+01 3.948025916614178499e+01 4.472854676296103804e+01 3.532146775269623618e+01 4.961668244457788290e+01 6.705466199115072357e+01 7.723892843096113836e+01 9.029027099544575208e+01 8.186266215335270147e+01
0.000000000000000000e+00 6.324555320336785691e+00 1.299122198700351127e+01 2.299122198700368713e+01 4.299122198700706576e+01 4.654233046640757010e+01 2.806016420392318977e+01 4.094632840655408046e+01 2.478753887292354818e+01 4.738348545052150307e+00 3.461956093881565000e+00 3.750471886296297797e+00 4.039092564902806437e+00 4.327422701304780794e+00 1.331296825772269088e+01 1.329872519180240076e+01 2.727272756250208730e+01 1.777901659044770000e+01 3.574562408820090553e+01 5.200079253055990591e+01 6.140917773590354045e+01 6.240623048047408616e+01 4.373231474242755468e+01 4.201020105467019761e+01 5.480101011914104703e+01 4.581927514675209778e+01 3.287793061825443175e+01 1.230448911615723517e+01 1.633047375219331343e+01 2.021276647028066620e+01 2.434344734142465683e+01 3.120126746472523394e+01 3.853596486257627873e+01 4.851855897523805794e+01 6.866524793569756469e+01 7.845885846028951960e+01 6.131636299084581765e+01
0.000000000000000000e+00 1.999999999999964473e+01 3.299122198700421649e+01 4.127549323696081274e+01 5.127549323666555381e+01 3.821141204463719987e+01 1.815510084131708624e+01 2.704339192644149747e+01 1.557361452366868271e+01 3.053717612401511960e+00 1.635715984917206001e+01 2.157361138404820267e+01 1.491065089994100923e+01 2.421169946386038063e+01 4.737821123309764459e+00 5.252501873197655158e+00 1.073148873374984369e+01 2.856977784576222135e+01 3.971920769519494598e+01 4.863452302761744050e+01 6.172634946434178715e+01 6.139835777188371679e+01 4.198546773980574187e+01 2.795770389451021387e+01 3.848340382248979097e+01 3.972391417107859013e+01 2.852686481234942661e+01 1.199036114955881160e+01 2.099431496234344863e+01 3.973813606332392112e+01 4.472854676296621790e+01 4.472854675732717311e+01 5.858574012706434075e+01 6.705466199926274840e+01 7.720405751600121391e+01 6.930340934579473355e+01 4.951124880418369401e+01
0.000000000000000000e+00 1.729073166973793008e+01 2.532306624833451991e+01 4.496455167521659035e+01 4.574622394268290293e+01 3.743102627057184861e+01 2.730740988044688677e+01 8.229641698526515725e+00 2.645773345947233235e+00 9.152257432951136806e+00 2.727524435257172186e+01 3.355950188554243852e+01 3.100063153764024548e+01 3.783438038992046870e+01 2.612827586659751233e+01 5.143484234121059373e+00 9.498778095683903189e+00 2.705274471338543663e+01 2.250500278516852148e+01 3.997742039480451126e+01 4.387827301015561687e+01 6.173855338166784179e+01 5.263875780935139659e+01 3.848347484601373480e+01 1.823673790995899324e+01 3.115491583937158637e+01 1.156498164419150854e+01 1.198899073988404318e+01 3.456617686666938027e+01 3.463425709800510077e+01 5.432625755860768635e+01 6.496672471446031238e+01 6.965529584495128290e+01 7.804220912340298355e+01 7.530550472183206523e+01 5.483127696766058534e+01 4.049658605544500034e+01
0.000000000000000000e+00 8.255686760646350209e+00 2.608083807527047071e+01 3.063336189016440869e+01 3.647129450419918584e+01 1.701781715812924034e+01 1.935932540689292836e+01 2.238323961104714765e+00 1.620172826063038585e+01 2.840246112646929433e+01 2.007275345758331753e+01 3.999983535905856513e+01 5.301407731152569625e+01 4.471061180809964242e+01 2.662906692412550669e+01 5.433394552813838985e+00 2.312759613842349893e+01 1.566465209502396938e+01 3.207635990049793406e+01 3.027121275180648752e+01 4.196728654512305923e+01 5.965031643857957988e+01 4.471356636350792968e+01 2.277441286152691191e+01 1.172339546441589953e+01 1.116124080156070164e+01 3.130832720940734859e+01 3.505705600827167956e+01 4.441695192723263119e+01 5.432625307614343058e+01 6.285369343159894129e+01 6.634492869063466003e+01 4.938983937310030825e+01 6.634483672823049005e+01 7.523002641513809863e+01 5.637988612033628044e+01 3.613770150183255936e+01
0.000000000000000000e+00 1.171549335044092821e+01 1.534327153654356835e+01 1.304448801715757433e+01 2.109644910258545281e+01 2.125024749572638427e+01 1.831686270141064776e+00 1.947974932575024098e+01 2.973672580946858801e+01 4.299541624524725592e+01 3.140971221097792210e+01 4.836543781957825416e+01 5.182270193876044573e+01 3.028890160445407886e+01 1.724265890170526561e+01 5.730393922380242699e+00 2.487042475979206557e+01 2.494937229978902948e+01 3.924993367585130954e+01 4.714652545270424611e+01 4.661651035772460006e+01 6.353451013368223244e+01 5.286837608154048951e+01 4.135936887577735632e+01 3.115417050246415442e+01 1.090907248346361413e+01 2.343246688063894112e+01 4.122908508829199548e+01 5.312656494662951445e+01 5.977615990384453681e+01 6.567904693617057887e+01 5.795502909628853416e+01 3.777247890224292348e+01 4.661412112676968178e+01 6.684601156219154916e+01 5.239662059501475255e+01 3.219562614888562280e+01
0.000000000000000000e+00 2.850563699248480076e-01 5.701639379473087965e-01 8.554054758287608085e-01 1.140769610808775703e+00 1.426968055341018893e+00 2.110292846089227936e+01 6.837004576005345058e+00 2.686983063828941098e+01 4.040321699718774795e+01 5.173900043956268746e+01 6.006733109507713664e+01 4.775262109574929781e+01 3.508806056171930265e+01 1.038130983945521635e+01 6.028995701948398178e+00 2.567048746232138257e+01 3.979484570118881948e+01 4.213247753167036791e+01 5.501522090347700100e+01 5.356875414495377186e+01 5.670336931271983616e+01 5.741747638494473449e+01 4.044153215769649279e+01 3.073965014522424610e+01 1.066319598447873496e+01 2.222451730553306248e+01 2.599487951522628748e+01 4.050077400470328115e+01 3.948757759071106932e+01 4.542180141276027427e+01 5.032673899197953915e+01 3.015057077931783525e+01 5.032227526474125767e+01 5.305764385664318894e+01 4.515927584977279707e+01 2.829454667228143805e+01
0.000000000000000000e+00 1.970144750504131892e+01 1.492293208453065922e+01 2.073576166158937539e+01 1.370687695763297498e+01 1.587224825879747003e+00 2.213280942332767864e+01 2.686983446598217995e+01 1.210636113327165830e+01 3.212770506719759567e+01 4.617362444252449905e+01 5.616032431185898588e+01 3.863038335463797779e+01 1.730854655585538637e+01 7.768517717600730066e+00 6.324446382232641994e+00 2.605295586806082397e+01 3.159707491530545198e+01 3.527429919893751276e+01 3.398395750933808301e+01 3.342160986243108312e+01 3.833034590584384205e+01 5.161653711924216736e+01 4.102503057114889629e+01 2.098551953274655091e+01 1.119526013235162409e+01 1.029161069595237876e+01 1.158133523990263924e+01 3.225218525258566160e+01 2.521727183835685793e+01 4.541604213361191000e+01 3.871738548961158699e+01 2.446174596779411914e+01 4.057261051944944086e+01 2.192787263664968123e+01 2.457715723100624317e+01 4.515927584977279707e+01
0.000000000000000000e+00 1.995476706821591506e+01 3.478237468191197479e+01 2.748010239296541357e+01 7.480175354735077775e+00 2.213292159817507354e+01 3.042298865224213600e+01 4.040482954928641135e+01 3.212770532772184140e+01 1.790617806481366614e+01 2.791892834942676416e+01 4.788020720128169927e+01 4.748959024305991505e+01 3.270347246860401924e+01 1.216720589401242059e+01 1.739767450939782023e+01 6.739384736114724106e+00 2.643370569404739001e+01 1.309061718505571470e+01 1.716321027923245168e+01 2.299783563924016150e+01 3.167716774270616042e+01 4.346755713164994717e+01 3.746616161851174809e+01 2.917193340158426906e+01 9.891397050893480980e+00 1.752893671078617288e+01 3.215019290433974675e+01 1.352426172838811702e+01 3.373359613345881058e+01 3.641283414922969541e+01 1.796453529402477400e+01 1.908696364460089612e+01 2.024945624951729428e+01 2.155579628661074310e+01 4.184017786540384520e+01 4.026206270957126065e+01
0.000000000000000000e+00 1.414589363665410460e+01 3.424235074101743237e+01 3.578911847428843629e+01 1.904757058484666743e+01 1.366424724662338974e+01 1.838531708927384756e+01 3.840240707031509970e+01 4.260559878906456532e+01 2.263797162805894203e+01 4.260559878907227471e+01 5.616612501374826394e+01 4.097733134258306364e+01 2.019597530016569209e+01 3.270350411859295292e+01 2.954722596706538340e+01 1.352987450179943707e+01 7.153640410871301647e+00 1.503542113241501532e+01 2.142890666037899905e+01 2.560713407604147207e+01 2.745848306465171618e+01 2.599412292063286856e+01 2.917549230464728538e+01 9.469817320563274521e+00 1.220532348153657409e+01 3.315143970273784646e+01 4.105787614941890951e+01 3.193823639633507483e+01 1.521057239943238493e+01 1.635927447401456902e+01 2.021820310899828499e+01 3.914451281876650057e+01 4.057261010760682751e+01 4.184017786540381678e+01 2.361047895346636238e+01 4.398212764995082580e+01
0.000000000000000000e+00 1.414213562377790012e+01 3.414213579222298733e+01 4.733837781672676215e+01 3.906023568948126012e+01 2.782598783009919075e+01 3.840240707032376832e+01 2.570394856213786738e+01 4.570619466425299748e+01 4.260559878907297104e+01 3.019586040161228624e+01 5.014600717825102549e+01 4.749873337969620479e+01 2.641852451384709255e+01 4.741163108245061153e+01 3.974545141227061862e+01 2.999466791202943838e+01 1.813888299049138197e+01 7.568874543299215496e+00 7.862957647767039759e+00 8.158780408359056935e+00 8.455102814381504572e+00 8.751699483166653692e+00 9.048408537782460570e+00 2.902683181122523948e+01 2.722333763403403140e+01 4.273962573540756438e+01 3.977364328368503266e+01 1.959642718889612567e+01 3.527983937138183990e+01 3.641502380902424107e+01 3.835869608978743628e+01 2.610654439038097863e+01 4.585006706740595916e+01 5.238569985817633778e+01 4.398212764995082580e+01 2.584594855230752941e+01
0.000000000000000000e+00 1.999999999999964473e+01 3.180375257270348044e+01 3.887485146622368859e+01 4.715898205098980611e+01 4.782764414504199380e+01 5.125031187566860780e+01 3.126071299273322879e+01 5.125031187566859359e+01 5.590620899907770536e+01 3.595228456803261707e+01 5.590620899907770536e+01 5.590261822789373980e+01 3.390064670365017463e+01 5.590261822789373980e+01 5.425833793677824701e+01 3.646252019888527229e+01 3.567011743112403366e+01 2.984989735679944189e+01 1.117033792750742904e+01 2.869920394634783989e+01 2.826546876543854125e+01 2.906451990585412659e+01 1.033528988610133048e+01 1.803607703044299271e+01 3.805116535893293417e+01 5.400208323258654275e+01 4.618427414798821218e+01 2.593361468158950345e+01 2.493878488152569872e+01 4.521481902826248245e+01 5.323707169521208016e+01 4.585007074920699210e+01 3.259353018863469487e+01 5.206984903388082842e+01 5.452408282260380190e+01 4.022105639597712212e+01
0.000000000000000000e+00 5.773502691896282180e+00 1.180372958345160761e+01 1.887479739531801215e+01 3.042180283522947803e+01 5.042193063558708843e+01 5.756849392727405501e+01 3.758864797260721957e+01 5.756849392727405501e+01 6.256391184610486533e+01 4.259080330502345646e+01 6.256391184610493639e+01 6.562774038945457278e+01 4.710521076775413718e+01 6.484222202358755283e+01 5.683723693975382929e+01 4.873901356422551601e+01 3.712285235973400432e+01 1.614691577157674374e+01 3.212219267239672860e+01 4.033895156526691039e+01 3.537370987323841831e+01 1.506321542351192022e+01 3.032309871309949045e+01 2.995113429623500423e+01 3.232621971723575882e+01 5.202961641788850500e+01 5.333623409046689545e+01 3.310743659406184491e+01 4.521481902826248245e+01 3.068952967561992295e+01 5.096912406876805335e+01 5.666797233405899448e+01 3.737096926434636401e+01 5.665091371473987181e+01 6.863579512325196674e+01 5.223553935113117319e+01
0.000000000000000000e+00 1.999999999999964473e+01 3.180375257270348044e+01 3.887485146622368859e+01 4.716000542319628863e+01 5.870765705111167421e+01 6.511975698905281718e+01 4.514099284316537108e+01 6.511975698905285981e+01 7.085460511071440237e+01 5.256222254674563743e+01 7.085460511231559622e+01 7.946663922474081687e+01 7.018495458773917051e+01 6.177740064584150304e+01 4.279721123154211426e+01 2.820537682378398969e+01 2.282903100451662937e+01 2.223817028525542483e+01 4.319989098587389975e+01 5.140737710948477002e+01 3.079449090474561501e+01 1.898754752821189840e+01 3.951322623525002342e+01 4.995468465479411435e+01 5.202961647748210794e+01 6.013811124367691008e+01 6.174005139354681404e+01 4.213124981395318258e+01 5.521555322574789670e+01 3.492113365285495519e+01 5.521555322574819513e+01 6.222403396811932197e+01 4.297727052163035921e+01 5.445532587025969207e+01 7.275057688568409731e+01 5.628047131892288490e+01
