MOVIE_S1_data/elevation_000381.asc
nrows	100
cellsize	150.0
xllcorner	0
ncols	100
yllcorner	0
NODATA_value	-9999
[rows 17 to 33 of 100, columns 0 to 36 of 100]
0.000000000000000000e+00 1.998522068584398426e+01 1.549799041705996672e+01 2.598232946092032947e+01 3.264932736799438828e+01 2.333876611460760131e+01 4.334093792816818080e+01 3.696502369510402985e+01 2.084892940304238707e+01 2.376622923300060464e+01 2.776622923301031776e+01 3.184871213777064014e+01 3.621306994399029833e+01 4.137704777254945299e+01 4.770160412200389288e+01 5.477268624143261633e+01 6.632054775320416695e+01 8.634449183395337002e+01 8.558085816168170368e+01 6.970631067140251957e+01 5.959565231544043229e+01 7.804557712492201915e+01 7.471011918319626943e+01 6.635885348977674880e+01 6.438081530500942051e+01 4.420367241291487659e+01 5.657018550917585742e+01 3.916166537091089594e+01 5.948899709699083616e+01 6.680192101006632299e+01 7.071225501938823754e+01 7.484827539573559818e+01 8.315517421536013387e+01 9.478669620818213559e+01 1.071206535341431163e+02 1.154111927629934371e+02 1.003107302616611776e+02
0.000000000000000000e+00 1.999999999999964473e+01 3.549899100387950313e+01 4.380960993641139112e+01 5.163384013260515815e+01 3.488584162282656109e+01 5.163384204289970825e+01 4.914275987752456842e+01 3.084893284589938389e+01 4.376802467456389678e+01 3.531325752161441045e+01 4.599114025455032362e+01 5.621667697581107603e+01 5.254411743520052624e+01 6.770871388395921997e+01 7.478366232869112196e+01 8.309289779317761315e+01 9.466410768533614828e+01 9.817835594382538034e+01 8.813617977046229157e+01 7.981696902895484413e+01 8.813617774017141926e+01 8.503960834597698693e+01 6.486749411872281712e+01 5.324093099591460998e+01 6.438081530500942051e+01 6.785025265567513486e+01 5.948899709699083616e+01 4.270018275757748683e+01 4.647512099812981745e+01 5.039274227970894060e+01 5.456043245272373099e+01 6.633070147341209122e+01 8.649874486522931250e+01 9.484606941352814147e+01 1.031061552628961664e+02 1.130823362110425876e+02
0.000000000000000000e+00 1.999999999999964473e+01 3.235478221259099740e+01 4.063905335632808402e+01 4.958332539444972298e+01 5.489081427270875224e+01 6.318825317513399398e+01 5.914798610948055568e+01 5.085199516654085272e+01 5.914798610945893387e+01 4.531337415942497415e+01 6.361546152007233701e+01 7.430377796432114224e+01 7.255769298151821545e+01 8.086624757067379221e+01 8.243155097369438522e+01 9.070380677403011305e+01 8.676833551313083603e+01 9.503958120946815313e+01 9.448793011916104945e+01 8.623852689291265960e+01 9.448793018642109587e+01 9.337523015190663500e+01 8.173699400182010777e+01 6.330841760113459316e+01 8.173699400182010777e+01 8.072047022352599299e+01 6.049004792833341071e+01 4.608790974951568131e+01 6.641540143216097647e+01 7.071225501938823754e+01 7.485471958393556235e+01 6.157432221162024888e+01 6.801839133994785414e+01 7.476961485198471280e+01 8.483270941443029756e+01 1.048460293151025837e+02
0.000000000000000000e+00 6.030226891555298785e+00 1.235478221189211290e+01 2.129905412189142666e+01 3.544118974562287860e+01 5.544118975228194302e+01 6.157143712508307232e+01 6.157143712508307232e+01 6.980297316642094074e+01 7.362520547592617959e+01 6.532152861772510732e+01 7.362520547592617959e+01 7.322437827201341065e+01 8.149778991937127159e+01 7.916485402959817463e+01 6.243926038873882334e+01 7.263457067647735244e+01 6.678017359374865691e+01 8.676833551310484438e+01 8.451586079005399199e+01 6.628267297674534575e+01 8.362618821809256531e+01 9.187750709725425224e+01 9.181825500764553283e+01 8.347826585274545153e+01 9.181871339385560304e+01 7.724517642649172444e+01 5.698458731478873318e+01 6.641540143236809968e+01 5.196995517676290888e+01 7.227780647169913664e+01 9.008086838989684964e+01 7.329208902849434537e+01 8.178738252429029387e+01 9.484606941352814147e+01 1.031061552628960385e+02 1.130823362109762513e+02
0.000000000000000000e+00 1.999999999999964473e+01 3.235478221259138110e+01 4.063905382220589502e+01 4.958332622756098829e+01 5.164645820651473684e+01 4.172147928794647953e+01 4.172147928794647953e+01 6.157143712508307232e+01 6.716928362772220851e+01 7.545101110008785383e+01 6.995614280552939590e+01 5.322664369919240812e+01 6.995614280552939590e+01 7.022336034723841180e+01 5.088936827177450795e+01 5.263601106361501536e+01 7.263457067630741903e+01 8.289965352541209143e+01 7.464369113783044440e+01 5.629035200884757728e+01 6.366896385450946383e+01 7.694509225173014499e+01 8.209699406637362529e+01 9.034497151688404415e+01 1.018518141802011030e+02 8.556078208880123270e+01 6.716202353842781747e+01 7.660045484499966051e+01 5.632556324414058935e+01 7.070300778326924274e+01 9.083815152457741249e+01 9.338999801504043319e+01 1.016563960659871100e+02 1.101031144468046534e+02 1.016239727786505824e+02 9.316692688545134615e+01
0.000000000000000000e+00 1.999999999999964473e+01 3.722853749044560345e+01 4.877553263026880614e+01 4.581174847664998850e+01 3.174883116111066172e+01 2.761802505420066112e+01 4.753539733217670005e+01 5.302430953407906600e+01 4.716526942507602627e+01 6.716928362772220851e+01 6.167868083321248918e+01 4.167414601312207623e+01 6.167868083321248918e+01 6.194489091927459157e+01 4.194097212869747437e+01 6.194489091927094648e+01 7.936099142483212177e+01 7.137072634985571540e+01 5.465966179244134082e+01 4.809998495355511494e+01 5.212301050071665998e+01 5.698300293913232650e+01 6.214181579802845334e+01 7.366592781648277821e+01 9.361500709351614091e+01 9.562530098831194891e+01 8.145060040557326886e+01 8.423085248303763706e+01 6.404376819086625972e+01 6.502690481561066349e+01 7.671596075855278229e+01 9.679886531083461421e+01 1.042475516831867992e+02 9.572681641723545454e+01 9.316692688545136036e+01 7.305169199866354290e+01
0.000000000000000000e+00 8.944271909999079284e+00 2.049127729379139140e+01 4.049127719559255212e+01 3.757522141496018264e+01 1.762068887253673566e+01 3.757522141496021817e+01 5.302430953407906600e+01 3.301247578166326946e+01 5.302430953407906600e+01 6.015144539317908112e+01 5.188692065642523232e+01 3.459512549227719092e+01 5.460600884279520528e+01 5.045235322786420795e+01 3.693558572269784435e+01 5.108639426604744926e+01 6.700426512007692281e+01 5.873188790844010043e+01 4.306020236254668987e+01 6.309180928803726829e+01 7.209080992311265845e+01 6.843880023466807927e+01 8.209724331528437347e+01 7.212169033172743582e+01 8.623640676819989892e+01 1.061543467294360568e+02 1.015196402023934326e+02 8.423332139401699692e+01 7.574001089267524378e+01 7.409518168936159555e+01 8.520399496186239219e+01 1.050793433585769066e+02 9.572676355926834901e+01 7.534676957218556481e+01 8.131451916501865185e+01 7.894327869539554854e+01
0.000000000000000000e+00 1.999999992964010787e+01 2.287549554456036205e+01 2.432641809478688089e+01 2.579285601670737904e+01 1.227546990372854019e+01 3.224226224860824885e+01 4.594905765752463367e+01 2.593758538032770744e+01 4.594881239292559627e+01 4.861360384685711722e+01 3.187665798050696253e+01 2.826138506817440543e+01 4.427532894670682140e+01 3.043650690082792210e+01 4.928032456322419108e+01 5.186387988340469946e+01 5.457939820123802122e+01 3.866438722225989721e+01 5.873188790844010043e+01 5.725449012085354639e+01 7.724061402600287352e+01 8.830854365045112786e+01 9.647917402349604288e+01 9.206417161247070169e+01 8.623642940343015084e+01 1.061583159434317025e+02 1.126557320174106280e+02 1.041221886412664048e+02 9.583014859436092081e+01 8.572224620687137531e+01 1.024742969469297265e+02 1.135284688825017838e+02 9.571985074000414784e+01 7.534670470325085034e+01 6.110114935992071139e+01 7.169563589652256042e+01
0.000000000000000000e+00 1.435916317235474748e+00 2.875547818732860694e+00 4.326500318952878565e+00 5.792971469166405818e+00 7.275470102488614366e+00 2.727593296311277982e+01 3.777542504010368418e+01 1.991331210957954667e+01 3.590787622384040390e+01 3.769670484216997153e+01 2.032985701776366838e+01 2.223077997871610023e+01 2.425733538461125249e+01 2.673814890249034804e+01 2.926234399930174135e+01 3.185071787615281380e+01 3.452627574712471414e+01 5.228462399075718281e+01 6.665647370921220727e+01 7.724106208353822467e+01 8.552371421731274381e+01 8.658790636771854565e+01 8.507657061586752434e+01 9.367478612002464899e+01 1.061583159617677694e+02 1.143659335255400862e+02 1.079124794621992720e+02 9.985042206481659832e+01 1.079124766290637325e+02 1.057600381166088397e+02 1.140314986872606653e+02 1.099824263702020204e+02 1.009819447070595118e+02 8.918317041194531214e+01 7.174911040045003574e+01 5.275980285986015161e+01
0.000000000000000000e+00 1.999999999999964473e+01 2.287549555292486758e+01 1.846862840951085261e+01 1.993509632125729780e+01 2.727593296311274074e+01 9.490865204975479585e+00 2.949133779582080805e+01 1.415046830521670351e+01 1.591600214649467127e+01 1.770081480576497412e+01 3.769672958164401422e+01 4.224287501432480951e+01 3.093181018665877602e+01 4.675841974199573059e+01 4.928032456323833799e+01 4.907225606204936241e+01 4.461815098414130887e+01 4.994840790113368456e+01 7.155512070932641677e+01 8.273582404953101843e+01 7.438974485211345211e+01 6.640381745632510047e+01 6.490729743382487982e+01 7.910940805316388946e+01 9.975316017288717774e+01 1.038699736453518625e+02 9.587731186034029918e+01 8.025543016684262909e+01 9.813423215101296648e+01 1.002356620436636092e+02 1.084639051375560257e+02 1.025163898173190091e+02 8.452520926677942725e+01 7.523114825705876285e+01 7.448824336617002473e+01 5.478078925816791411e+01
0.000000000000000000e+00 1.414213562373107536e+01 3.414213562373178235e+01 3.846837339867136052e+01 3.993473891858558034e+01 3.584521226343873224e+01 1.638048006602965145e+01 1.176986926093990071e+01 2.070387472890482172e+01 3.590830538128408733e+01 3.769672959996176331e+01 2.923918472971572413e+01 4.925002904757105426e+01 5.094708832218990580e+01 4.163514600547200928e+01 6.164028478796630139e+01 6.755185699482115069e+01 6.208712965990514476e+01 7.042977785612433195e+01 8.039008056675098146e+01 7.116761183619229314e+01 5.438533480587226165e+01 5.226941879399875290e+01 7.229335119597652692e+01 8.544347055663628510e+01 9.735538029082242417e+01 9.576377678813901184e+01 7.627079413515210149e+01 7.036805093798946587e+01 8.442745617053630269e+01 8.060388136873635290e+01 9.910608702840775663e+01 1.099824268107180245e+02 9.693363891812418842e+01 8.302369851202041673e+01 6.431007549009217428e+01 6.766917019979473480e+01
0.000000000000000000e+00 1.414213562373082489e+01 3.414213562373011257e+01 4.709134983679792441e+01 5.348442646957860802e+01 3.227748133883111592e+01 3.616902827840070245e+01 1.931966933333659497e+01 3.931979679728634380e+01 3.484517463346681154e+01 5.485268753214047877e+01 4.079396655812438865e+01 5.753442111793759040e+01 6.991874652313924798e+01 6.164028474106003586e+01 5.797131659556102790e+01 7.796532112667074443e+01 7.187498865895166489e+01 6.363712004401749311e+01 7.187498865895166489e+01 6.284073350639923206e+01 4.288199711171294837e+01 6.284060034597723643e+01 5.681283651450554828e+01 6.836990325200282825e+01 8.872581640089731536e+01 9.340942828352334004e+01 8.204826592298988430e+01 6.229925994614265505e+01 6.463238305540924955e+01 7.199850029656565198e+01 8.555741583900989156e+01 1.046521682328400118e+02 8.958648579342336404e+01 7.294257634625478204e+01 6.428468881456262807e+01 6.690850361620897502e+01
0.000000000000000000e+00 8.623499472422748724e+00 1.887716344056414286e+01 3.304647480845266472e+01 5.292304242922628532e+01 5.348442646957879276e+01 4.760605073839956702e+01 3.086299701657882366e+01 4.760605073839950308e+01 5.485268753214047877e+01 6.313253693227724739e+01 6.080140801428843389e+01 6.908598641566358367e+01 6.719194428077894088e+01 7.546595532511587123e+01 7.796532112667074443e+01 7.295213101378443810e+01 6.191638102310298564e+01 4.370779269701253611e+01 6.066531403077959084e+01 5.244399114106030879e+01 3.791843264239103206e+01 4.419938891305066875e+01 5.830749320952782000e+01 7.842261709850627938e+01 8.602943972439766185e+01 7.782052534492902396e+01 6.540588918470947988e+01 5.659699107694137865e+01 6.796337270071379066e+01 8.697666604095381615e+01 8.701356380801784951e+01 1.052606899611891720e+02 9.718529983926227089e+01 8.874462060352749404e+01 7.196746362630085514e+01 5.384025831349865143e+01
0.000000000000000000e+00 1.999999999999964473e+01 3.547633955744536394e+01 3.645613643813092608e+01 4.473161427935980328e+01 4.542350116726379383e+01 5.353222244733614588e+01 5.087202289119823462e+01 5.915707802076529731e+01 5.694360450317560662e+01 5.694360506419928925e+01 6.533610417566087847e+01 6.395482047492512123e+01 4.726720435207894155e+01 6.395482047492512123e+01 6.758638273632901416e+01 5.301624830176397296e+01 5.301624830325357607e+01 3.376118140582653382e+01 4.735887985126509392e+01 3.251197837547510971e+01 5.226395002968900627e+01 6.406619605228242165e+01 7.220910486026210151e+01 7.357051988999374714e+01 7.457582269016218390e+01 5.797392228127090874e+01 5.140484943829567044e+01 7.120821375568901601e+01 8.408292376607543872e+01 9.455418335230251614e+01 1.052608416257567967e+02 1.094511197192626781e+02 9.335842912133735183e+01 8.310808548729978895e+01 6.676309282246099031e+01 5.021350767321965236e+01
0.000000000000000000e+00 1.999999983963047967e+01 1.843081454529405860e+01 1.777576818257891489e+01 3.648655921218075093e+01 2.583053903659733663e+01 4.222309604255668347e+01 5.774074875484618730e+01 5.108192815247454632e+01 3.682776699598942116e+01 3.682776699613274474e+01 5.694360507429897211e+01 5.568843507656908542e+01 3.579560313332850541e+01 5.568843507656908542e+01 5.932903855592160625e+01 3.939547740703764589e+01 3.308971636692510998e+01 2.563164631790710501e+01 2.745493077674042581e+01 2.961938445181310442e+01 4.950645342811063188e+01 5.477398648431681494e+01 5.710419185355108596e+01 5.364425438435113591e+01 6.189490499312721994e+01 4.653495528338599740e+01 6.636208372362629859e+01 7.574680190611212538e+01 8.135745467740851211e+01 8.912249440229892627e+01 9.727466607180130609e+01 1.018894782706158679e+02 7.537651659672862081e+01 6.102090843305707324e+01 5.404032393245350363e+01 4.932805652897771154e+01
0.000000000000000000e+00 9.929043773254268013e-01 7.137168051600859542e+00 2.248233572939233227e+01 2.438801471119736064e+01 1.432987203220555017e+01 3.341522813824788329e+01 3.856717929380656074e+01 3.856717929380662468e+01 2.267759530193871242e+01 4.271787158169648535e+01 4.801195607078963690e+01 3.975771693423101993e+01 2.875971109659714386e+01 4.865526863820255699e+01 4.890997924471550107e+01 4.065075652616348378e+01 2.312321522047871980e+01 4.305343498034519456e+01 4.152354327034008463e+01 4.950655548360361280e+01 3.272861182278165870e+01 3.496460001391116634e+01 3.725530748410834292e+01 3.962268372109593884e+01 4.205811918871999211e+01 4.618672118098242407e+01 5.072873792220647715e+01 5.602225225106502648e+01 6.172947943633477053e+01 7.043800147477134033e+01 8.322265428748933402e+01 1.014967417230061955e+02 9.335792799334861058e+01 8.310649789081681149e+01 7.438479508520640593e+01 6.891952385347850907e+01
0.000000000000000000e+00 1.999994172179749796e+01 2.408499657063218446e+00 3.411422618491843473e+00 4.416867251807368611e+00 5.423618394155092837e+00 2.539793354312936913e+01 2.788039630200647068e+01 1.890519326684658097e+01 1.598829079624043636e+01 3.607824630117883657e+01 3.425880215451642385e+01 1.982844078420007605e+01 3.544983743106286767e+01 3.663915620402054429e+01 3.828876822133246804e+01 2.070485302958124763e+01 4.065077947493004018e+01 5.131082969780040060e+01 6.144658730385825862e+01 6.083963115183673409e+01 5.259716676328636709e+01 4.899510676533235198e+01 4.870027155162943444e+01 5.946483421539038261e+01 5.606283237749556037e+01 5.762337153099564802e+01 7.051969353227391935e+01 6.688655947511593070e+01 8.135745467565348576e+01 7.711061272376896625e+01 9.713764862439643366e+01 9.749150982530451870e+01 8.863232580604287136e+01 8.042922458636813587e+01 8.760819106571101145e+01 8.093943804009401788e+01
