MOVIE_S1_data/elevation_000478.asc
nrows	100
cellsize	150.0
xllcorner	0
ncols	100
yllcorner	0
NODATA_value	-9999
[rows 34 to 50 of 100, columns 0 to 36 of 100]
0.000000000000000000e+00 1.999986604476476160e+01 2.946803274006781947e+01 3.184149163521954051e+01 3.890829144224737490e+01 3.322394370730347646e+01 1.362890083106449524e+01 7.292644841834886371e+00 2.751984897843845701e+01 1.409506561688660575e+01 3.085665965466775873e+01 3.187309955557589092e+01 1.829424820070364532e+01 3.821402815136194420e+01 4.552182713819252768e+01 3.722136006202838843e+01 1.860322808646230897e+01 3.925828041229810594e+01 4.127869782550488509e+01 6.125220688868935071e+01 6.640083920177471555e+01 6.497674117874547051e+01 6.689794491353448791e+01 6.893729014708857505e+01 5.831631977603033334e+01 7.125032198448097631e+01 5.431106758840226689e+01 4.687192187661895559e+01 4.991341311902068867e+01 5.978778806474576157e+01 7.915660358315922451e+01 6.836616641846522668e+01 8.884012642030442919e+01 9.764539354801463844e+01 1.062996825378259445e+02 1.162766006228426505e+02 1.268426325624649564e+02
0.000000000000000000e+00 1.414213693333604560e+01 3.414245593865922501e+01 5.001282517456240839e+01 4.510011806354539488e+01 2.756541073163272415e+01 3.129863982066653350e+01 2.753404418687024346e+01 8.707623820595795650e+00 9.719972172996431681e+00 1.075655945941454661e+01 1.180944382306819662e+01 1.285490390487549917e+01 3.289387104583686749e+01 3.539602334140858630e+01 1.645614609130847583e+01 3.722136006202841685e+01 4.754074789112558364e+01 5.408065062459123595e+01 5.239435708290677240e+01 4.660926251080918092e+01 6.056072626608116138e+01 8.050011905691643221e+01 8.692525325035583705e+01 7.848737417024223362e+01 8.293666785980342127e+01 7.450018639792136810e+01 5.849025278576792886e+01 6.159973207869697376e+01 7.862453509862817214e+01 7.586371057638983473e+01 8.884012126787696673e+01 8.018826896412207361e+01 9.195406738289921122e+01 1.127390666111599273e+02 1.267987072107580104e+02 1.074240243386305877e+02
0.000000000000000000e+00 1.999999999999964473e+01 3.248887469074197298e+01 4.097051247829858056e+01 4.982968713009670836e+01 4.289743680557873518e+01 4.970909455519417008e+01 3.623642125579119266e+01 1.594256881728057351e+01 2.986349181129189034e+01 1.555291287881026641e+01 3.181426384957151754e+01 3.055085773301053464e+01 1.433609922818266114e+01 1.538516252090994207e+01 1.698794901722910922e+01 3.699382313732358085e+01 4.099688682230370063e+01 3.216544064322520313e+01 3.273099410786416996e+01 4.644008507037622024e+01 6.627073028278985589e+01 7.996418610253715542e+01 8.215445799982157382e+01 9.044756108153113416e+01 8.877533324452718944e+01 8.720393919207053557e+01 7.874875312670124572e+01 8.190107031426302342e+01 9.037038955969622123e+01 9.595165934040255706e+01 1.044372657695401614e+02 1.006948923473628810e+02 1.093847566499132142e+02 1.217095609601545760e+02 1.249680333320211787e+02 1.052990677155913062e+02
0.000000000000000000e+00 5.787020766223719193e+00 1.188411867164782088e+01 2.032892615825377547e+01 3.360335592125599646e+01 5.604102908231818958e+01 5.070261598535471137e+01 3.038915913311008765e+01 3.022322305742734727e+01 4.032103036981717281e+01 2.042402588051881196e+01 4.040784604129404300e+01 3.057546561418403286e+01 2.857680488690941800e+01 3.490735282107021931e+01 3.669381303467000066e+01 1.927099822889372049e+01 2.099352028732932496e+01 2.274098003981885441e+01 3.185156914563696517e+01 5.086929896481888846e+01 6.804793452575303547e+01 5.994090549973324755e+01 6.213126405782507078e+01 7.484778036209436891e+01 6.898593938963030325e+01 8.085198576160156847e+01 8.438702956169520064e+01 8.557519565479839230e+01 9.382790573342521157e+01 9.451308962534524483e+01 1.027559831241215136e+02 1.041409885560134398e+02 1.123712115652077728e+02 1.299204325941498723e+02 1.216662189142233927e+02 1.190649207252106550e+02
0.000000000000000000e+00 1.999999999999964473e+01 3.248887484821983662e+01 4.097067988279169271e+01 5.082660176372501581e+01 6.660757228462919954e+01 6.040957922222729337e+01 5.239655364257534131e+01 5.091441069993506829e+01 4.578489642765610057e+01 2.577310888626565699e+01 4.578489642765610057e+01 4.456530308322729184e+01 4.908980079212585679e+01 4.603844884085195588e+01 2.613161847234813706e+01 3.927529255817763953e+01 3.510920678013434326e+01 4.250929451510650381e+01 2.535516772120744378e+01 4.535016596047256598e+01 4.803423051783145326e+01 4.578971273454864388e+01 6.580558860608391569e+01 5.431000184205145587e+01 5.486918594071976685e+01 6.085201601188949638e+01 6.438980201901593148e+01 6.557473903412994787e+01 7.819984663554521376e+01 7.453352893782269462e+01 9.003373953351953674e+01 8.419032566062801948e+01 1.041409885560134398e+02 1.216662189142233927e+02 1.013190148857022308e+02 1.072785729674698558e+02
0.000000000000000000e+00 1.414195628152092787e+01 3.412562468914679670e+01 4.210325080796896202e+01 5.033173483038906681e+01 5.483979251818794154e+01 6.304020057399231547e+01 7.147816272109587032e+01 6.585629982564968543e+01 4.578489642765610057e+01 3.244052471148742711e+01 5.245708228574053322e+01 6.448990026709650181e+01 6.244501949674931751e+01 4.246274394529962137e+01 3.190519748131400846e+01 5.190219609659197886e+01 5.481600054815281453e+01 4.167350374307952876e+01 4.533437288569227519e+01 2.803894464458666036e+01 3.510282156053429503e+01 5.343629532182913522e+01 5.576176721067425746e+01 4.011593220693591633e+01 4.331808901921747434e+01 4.670057455425571646e+01 5.023865799051026926e+01 5.402037275895665402e+01 5.819202121267937144e+01 6.335773872065894352e+01 7.003034898784288487e+01 8.159604958961936916e+01 1.015598383461435503e+02 1.190608304333321712e+02 9.865336187460096085e+01 8.630890515262311169e+01
0.000000000000000000e+00 1.999999999999964473e+01 2.691196651851416632e+01 2.210996059372795131e+01 3.876423302390594472e+01 3.486751968593249273e+01 4.331293112198255812e+01 5.704362284658192550e+01 6.527889893641174979e+01 6.080670183374874682e+01 4.658262141317160854e+01 4.658262141317160854e+01 6.663928539592642153e+01 7.071073639295650537e+01 5.822466699324790795e+01 3.823125851968802635e+01 5.822466699324790795e+01 7.002498630061636220e+01 6.166095438440515863e+01 5.271369267732062269e+01 3.274801833675996221e+01 3.115974058412554726e+01 3.343561145565089276e+01 3.575621102533229134e+01 3.983405028426776084e+01 4.409811349426845339e+01 6.410332088302730824e+01 7.024685436133627547e+01 7.402792664093999520e+01 6.974841970879006681e+01 8.336594268496310178e+01 7.751524864278160010e+01 9.749076759086366906e+01 1.097915220390142537e+02 1.273247819852834795e+02 1.156197237399260729e+02 1.072785729674698558e+02
0.000000000000000000e+00 3.429971702850183934e+00 6.911524821964156295e+00 1.056300853866529543e+01 3.054441591236433240e+01 2.332063023133306956e+01 2.998729715641296067e+01 3.705836542403363865e+01 4.860492323416999483e+01 6.857135719639219928e+01 6.663928539592642153e+01 6.663928539592642153e+01 7.503078225432599879e+01 7.452365008754372866e+01 5.456155413390672493e+01 4.978305938142113973e+01 6.649058440136803938e+01 7.420738946206272146e+01 5.419113334487772704e+01 4.004431191983732674e+01 5.275433642643711352e+01 4.115152813826458100e+01 5.343629532183040709e+01 4.391769294923761180e+01 5.980638454059381814e+01 6.410332086181786337e+01 5.059073996742129253e+01 7.059095448943287465e+01 8.597840311013514736e+01 8.974471051572423619e+01 9.799222809286858649e+01 9.749076759086366906e+01 1.057289130256129965e+02 1.198607735447799882e+02 1.184954343551153499e+02 1.102687165995064760e+02 1.120612813587331971e+02
0.000000000000000000e+00 1.999999954083805065e+01 2.691196598014777663e+01 3.056413397769845730e+01 1.646068678559540643e+01 3.060275657491958157e+01 4.331443430475376744e+01 5.704362284658192550e+01 6.527889893641174979e+01 7.678476204376690362e+01 7.867308171761565916e+01 7.039189573900586083e+01 7.409431436935479098e+01 8.237605156353700409e+01 7.452365008754372866e+01 6.975611743978335255e+01 7.801707163808814016e+01 8.006619912488567081e+01 6.005375902763449858e+01 4.636806772959261735e+01 6.638305315568834430e+01 5.529888389762056278e+01 6.945508492464985295e+01 5.392290135255164074e+01 7.223819645610933549e+01 7.883168618829282082e+01 6.214535285695179567e+01 5.843981211233735706e+01 6.600489726287085546e+01 7.601642580012908468e+01 9.014219364763928866e+01 1.099384415634871317e+02 1.140317384670915004e+02 9.999339107566204632e+01 1.069178373917304441e+02 9.013555115735185552e+01 1.069178373493401324e+02
0.000000000000000000e+00 8.944271968635264969e+00 2.049128655497892026e+01 4.049235372392935517e+01 3.060435129449748004e+01 4.479214144938991637e+01 5.888679698856393685e+01 7.149651547329914081e+01 7.641007931348119087e+01 6.813274319202348295e+01 6.713332190633516916e+01 5.040655842570270551e+01 5.410850896914568153e+01 7.083587562376226288e+01 7.093557829923250324e+01 7.921677244990782185e+01 8.921090987562735108e+01 8.053741050357805875e+01 6.052012637575369780e+01 5.792215199972535089e+01 7.466807668650260155e+01 7.531928115419685810e+01 8.227796150458274838e+01 7.395797581991438108e+01 8.227796150458274838e+01 9.034358506812158396e+01 8.212786086964527499e+01 6.999617006089803795e+01 7.842912749842719222e+01 9.417334048473075825e+01 1.041036868676209224e+02 1.129821094439911633e+02 1.039553913821953586e+02 8.553152505391099680e+01 9.864483585199948834e+01 7.803659840145488147e+01 8.762927302193197932e+01
0.000000000000000000e+00 1.999999999999964473e+01 3.722945539998335818e+01 4.877942443723806321e+01 5.067462823975206732e+01 5.695077421116571514e+01 6.523099317923556839e+01 7.212440721745004168e+01 6.487178469140144443e+01 4.814476795629505546e+01 5.819149524570279652e+01 3.885678321631935717e+01 4.256218156505671857e+01 6.025437150603649883e+01 5.095287015052157642e+01 6.094322049228098592e+01 8.092793610618400635e+01 8.881602700702612196e+01 8.053741050357805875e+01 7.794085907403849944e+01 8.622105578285326999e+01 7.819491138439332190e+01 7.856224300479519229e+01 8.695148814938734461e+01 8.884087667793970411e+01 8.308275365292027459e+01 9.153945495328319737e+01 8.991910603252296141e+01 9.804391749027547576e+01 1.064798959708872133e+02 1.188164044128665751e+02 9.893927591745936923e+01 8.443712057240895774e+01 7.486601292392860785e+01 8.717797292069435855e+01 8.762757198652204238e+01 6.670020279320048928e+01
0.000000000000000000e+00 1.999999999999964473e+01 3.722765876859033085e+01 4.877405535790312285e+01 5.379522929828139155e+01 3.717801477533348731e+01 5.379522929828139155e+01 5.213099405469809966e+01 5.213099405469809255e+01 3.658939651049777098e+01 4.456030187641313489e+01 2.989157168839390621e+01 3.490788740667300516e+01 4.026327594502298268e+01 5.440124769415544392e+01 7.438506239492852501e+01 8.921090987562735108e+01 8.288510111796756519e+01 7.714331111671027941e+01 6.859394043418764397e+01 7.224270850319501847e+01 5.795785125510654012e+01 5.803461381712308054e+01 7.842406526688233726e+01 7.004654108999129392e+01 6.284078963512920524e+01 7.644029124585188129e+01 8.205911586625049381e+01 8.848655673867448002e+01 9.692676227613422668e+01 1.071094063686811495e+02 1.129821094439911633e+02 1.039553913792659330e+02 8.717797292069481330e+01 6.628239974850677640e+01 8.064580908845584872e+01 6.441004430033721917e+01
0.000000000000000000e+00 8.944271897914340741e+00 2.049127534627473324e+01 4.049096329283104012e+01 3.505004796650408139e+01 2.591507822735684741e+01 4.553753925347600529e+01 5.213099405469809255e+01 3.211402328123710248e+01 2.762025433364911464e+01 2.452429151108373162e+01 4.456030187641313489e+01 5.491152647921003194e+01 6.025437150603649883e+01 6.025437150603649883e+01 8.024054612191477531e+01 7.698617598724310085e+01 6.277124518057121350e+01 6.859394043418764397e+01 4.832675574982803823e+01 5.426287670831597154e+01 4.362671228680687108e+01 5.935640316170702135e+01 6.210956112721619604e+01 5.633382763828905837e+01 5.113231262074964434e+01 5.622454850169689422e+01 6.184493211984914041e+01 6.822047855227350510e+01 7.830853961568504928e+01 9.866457386166402443e+01 1.132850256606321153e+02 9.321378372373779087e+01 7.845592322343847513e+01 8.072945904183376342e+01 6.025239726533290963e+01 5.576474089324887728e+01
0.000000000000000000e+00 1.999999999999964473e+01 3.603579555745749019e+01 3.502400516968010891e+01 1.539128674180184397e+01 3.502940723399355960e+01 4.304174068685786381e+01 4.370949198919481660e+01 3.542105139893189403e+01 1.942417810201501283e+01 2.840172735766038059e+01 3.997388650589294912e+01 5.997298787266477405e+01 7.397390655728460729e+01 6.566077425356635899e+01 7.397390655735659948e+01 6.692353980186710771e+01 4.852474285421590849e+01 5.924833495561657770e+01 5.091283553590321276e+01 3.420783254477784396e+01 3.658952668115270512e+01 3.918580194526929716e+01 4.188262602051472783e+01 4.469441358069625636e+01 6.498071451191347592e+01 7.644029124585188129e+01 8.205911586625049381e+01 8.848655673867448002e+01 8.894074861768895346e+01 1.071094063686811495e+02 1.190945567295858751e+02 9.909251438021826175e+01 9.909251438020875469e+01 8.876433343643559226e+01 7.736190888873359484e+01 5.511657532211300037e+01
0.000000000000000000e+00 1.998937365738247607e+01 1.605021591363743738e+01 2.286216239873510858e+01 9.375837257799835456e+00 2.910847801275485836e+01 2.302593134619051085e+01 3.154987093304399792e+01 1.537340999433400412e+01 3.542105139893118348e+01 4.775706610210542635e+01 5.670843211415589735e+01 6.825356080025775896e+01 6.395723662538912180e+01 4.564248561787185565e+01 6.395723662534758347e+01 5.859360002151907310e+01 3.853267388694912654e+01 4.787024044993867022e+01 3.097862359288672707e+01 3.718009671133628302e+01 5.666108221341399087e+01 5.935640316170899666e+01 6.210956112721619604e+01 6.498071451191347592e+01 5.045271938111555698e+01 7.071671764371281199e+01 8.567236703252159202e+01 9.472374851833667719e+01 1.064215075085871121e+02 1.196527496520024698e+02 1.179585376190575090e+02 1.103266989218465142e+02 1.010939341864733478e+02 8.248142102175908974e+01 6.786976825306660999e+01 5.450593208722750660e+01
0.000000000000000000e+00 9.534625892455927954e-01 1.908010509052288972e+00 2.866937112023059342e+00 3.830303213741237389e+00 2.383308130523301216e+01 8.870497924537168899e+00 1.152024074761353312e+01 3.154988121895901187e+01 4.208598557497008841e+01 4.437982222232839291e+01 5.270994132466668702e+01 5.761526710569455645e+01 5.565162993571141925e+01 3.580672592975641777e+01 5.565162993571996708e+01 5.336808811173690970e+01 4.505679094014649877e+01 2.798445242354613427e+01 4.786928395962814164e+01 5.721580007153959713e+01 4.717871212148468629e+01 5.883055779099318983e+01 7.884085846259588948e+01 7.908847301941716523e+01 6.216975133492357486e+01 5.705656580278792234e+01 6.610076705208226144e+01 7.776796684841896479e+01 9.804344789221042333e+01 1.137301754837303776e+02 1.099308251670627072e+02 9.158898480386260132e+01 9.715807811090211032e+01 8.964822216518673770e+01 6.994521380823152867e+01 5.393245339144652206e+01
0.000000000000000000e+00 1.998745328903664387e+01 2.190621906090209592e+01 1.700970193850234224e+01 2.383307774417052727e+01 5.218723482742490205e+00 2.522256545534980887e+01 2.781010140697862099e+01 2.889997073102468050e+01 2.692702149731622185e+01 2.445564267604662234e+01 4.431503714257009818e+01 3.492733438805415602e+01 4.786022819847766385e+01 2.931823715566756405e+01 4.041654564870471944e+01 4.231272961008629352e+01 2.518402906535265728e+01 4.505679094041995114e+01 4.199010725151089218e+01 6.207473127076441699e+01 5.883054695958883684e+01 7.550223057675921723e+01 8.701996039666443039e+01 9.076066440175011962e+01 8.239209074680863409e+01 6.873059274680164776e+01 6.658983448723965637e+01 7.422195539704912903e+01 8.437800401260228966e+01 1.051115996465914009e+02 1.083040976979782073e+02 8.912578717883401680e+01 7.736973097159706469e+01 8.835463487451436038e+01 7.921788665918651873e+01 5.339251716350279509e+01
