MOVIE_S1_data/elevation_000028.asc
nrows	100
cellsize	150.0
xllcorner	0
ncols	100
yllcorner	0
NODATA_value	-9999
[rows 51 to 67 of 100, columns 0 to 36 of 100]
0.000000000000000000e+00 1.000043145097560249e+01 2.155476986433025033e+01 3.579988263614161781e+01 5.624793038774195253e+01 6.553528026509334836e+01 7.335395301323313788e+01 8.041838603858282397e+01 8.265156352165520559e+01 8.553053132511119827e+01 7.593696444798902689e+01 7.766617873558541874e+01 7.301944651680160803e+01 8.334136834407500771e+01 9.115879584652005008e+01 8.979482025974272119e+01 9.179662818995555540e+01 8.887418998730090891e+01 7.470024251615321020e+01 5.487275222602661273e+01 7.366394437316189681e+01 6.651128112756829580e+01 5.801878401815318398e+01 4.794090888907288672e+01 4.009463929958246098e+01 2.497215544574536850e+01 1.350511870078536880e+01 3.323289472571788394e+01 4.566467125910882174e+01 3.839009175115850070e+01 2.995136930244333939e+01 4.413450897822670527e+01 6.498198412805159307e+01 6.577149259733077713e+01 4.882545463849865541e+01 6.577149288336184441e+01 6.636873150871670646e+01
0.000000000000000000e+00 1.999999999999964473e+01 3.258026583296098977e+01 4.116701096673790516e+01 5.103421060028210832e+01 6.507548686983466268e+01 6.655194581569026013e+01 5.954138485900739397e+01 6.067562873963377257e+01 8.334239562035577364e+01 8.643773109194771109e+01 8.920552000453086805e+01 8.381698211204363247e+01 8.439227452874834512e+01 7.609703263936961548e+01 5.757942499671575831e+01 7.802493194237854368e+01 7.944546353961384000e+01 5.384140026041737315e+01 3.726651472960227096e+01 6.091737564720200737e+01 4.548518113233802751e+01 6.249417996140355314e+01 5.858489254266173418e+01 4.848271318509041805e+01 3.301360014543875820e+01 1.318036921325333033e+01 2.727824196099761878e+01 4.744036811680592081e+01 5.698921336733141629e+01 5.016251967859034266e+01 5.894550104921364664e+01 6.134263598426264252e+01 5.721897959026765790e+01 3.770802608049947224e+01 5.721897959496700992e+01 6.019200912179175589e+01
0.000000000000000000e+00 5.777114261624515912e+00 1.183220478429062794e+01 1.920786183397174440e+01 3.257807172124134354e+01 5.622463642315835131e+01 4.573316303648960002e+01 4.188059026453252187e+01 6.484134828204442158e+01 7.970747313219864338e+01 8.873298953475804751e+01 7.993472292584826278e+01 6.989518955683134038e+01 7.785146823791428972e+01 5.892693024453334516e+01 3.745622514701764771e+01 5.984692746746885206e+01 6.839222523458586522e+01 4.540156457666803647e+01 2.737337737507153790e+01 4.045302502591561478e+01 3.158553696646318798e+01 5.283097578223276969e+01 4.947451490536827379e+01 3.105407450684985449e+01 2.844811690894016110e+01 1.285087775304050339e+01 2.716627319039842448e+01 4.653399543874201072e+01 5.405032141596191053e+01 4.781560115726220772e+01 5.319282312131122836e+01 4.169443509685468996e+01 4.169448309628616300e+01 3.105085617875036519e+01 5.030535815402947009e+01 4.798141394495766576e+01
0.000000000000000000e+00 1.999999999999964473e+01 3.258026583296098977e+01 4.094421895160657243e+01 4.939782729458389099e+01 4.419234615901318364e+01 3.098663415763658691e+01 4.087394024271807780e+01 5.293015915164879459e+01 7.413780069999137368e+01 7.804032448634060870e+01 5.755695308515502973e+01 4.000969701097768905e+01 6.354354749723877660e+01 5.539750341938331246e+01 2.609626828034311075e+01 3.047830133507026673e+01 5.039987574602797338e+01 4.142253495895400306e+01 4.041571234112778654e+01 1.847068658762761473e+01 3.154745202564483009e+01 4.892426148190406821e+01 5.786471568520648390e+01 4.058874461132000988e+01 1.928105863328939051e+01 1.251771164132522607e+01 3.175866340495083051e+01 4.628162930024279120e+01 4.462618129350327223e+01 3.045411597212332921e+01 3.458451870411239781e+01 3.539689245912457238e+01 2.334811215032920018e+01 4.169424911383386956e+01 4.201321135803907225e+01 2.729227316056130448e+01
0.000000000000000000e+00 1.414213562373082489e+01 3.414213562373011257e+01 4.569330932393935285e+01 3.763057515690660182e+01 2.430867290576569317e+01 4.427927608156119277e+01 5.989189136091613364e+01 6.634161907197713504e+01 6.799939505785444283e+01 6.936793802255800756e+01 4.392632583066345831e+01 2.508179859198969197e+01 5.239295491266111071e+01 5.794254420466128153e+01 3.893434355375775624e+01 1.586873073862519590e+01 3.846129353349639501e+01 2.641648818237935714e+01 3.405832428712812288e+01 1.401948385414896947e+01 3.489317598633360262e+01 5.078672397232958247e+01 6.260530477839976982e+01 4.011697751899379227e+01 3.245736670121244316e+01 1.218188402777682633e+01 3.076520730182744501e+01 3.048465689502494058e+01 3.543886482617251943e+01 2.100292428113276344e+01 3.276441177836048979e+01 1.800755889356006634e+01 3.146244810849600526e+01 3.618982017640931304e+01 2.132414996734276613e+01 4.201319091005443340e+01
0.000000000000000000e+00 1.414217831323598240e+01 3.414625867399344372e+01 3.770859198857643690e+01 1.846726567167748811e+01 3.754407154618989750e+01 4.955054659486208379e+01 5.324349142451823269e+01 4.106718663300318894e+01 4.327074155578463177e+01 5.943223445360558088e+01 3.270621348370107029e+01 1.639647664237262603e+01 4.245364071329717603e+01 4.693334858106567964e+01 2.314730615847602024e+01 1.167105921618235342e+01 2.526901652470768056e+01 1.663855582327899185e+01 8.524459427292972791e+00 1.174001497194826271e+01 2.052911699822776015e+01 3.564255017970577910e+01 5.836245533137574881e+01 4.354055741464944873e+01 2.324237651180663988e+01 1.447876598064707032e+01 1.170297231063714349e+01 3.093425546203835452e+01 2.551609602521743980e+01 1.256746430372250245e+01 1.340283144564749485e+01 1.421941045492299160e+01 1.501562791803364938e+01 1.580111436706809869e+01 3.638609292972898857e+01 4.599025448416396955e+01
0.000000000000000000e+00 1.999874292856111779e+01 3.462709218622118357e+01 2.853896249681592323e+01 1.446182495039251492e+01 2.746070537820483537e+01 4.541193647917226883e+01 4.248365237882887158e+01 2.029329268292881849e+01 2.899197300869784044e+01 4.476384888181380006e+01 3.402556620000767396e+01 9.833252988494631808e+00 3.481736030108476143e+01 3.889936410452960303e+01 4.078377495494748928e+01 2.447854372518212784e+01 7.308632992338862877e+00 7.475343046904334265e+00 9.524127457740801717e+00 2.048975697892043968e+01 2.641243082463666170e+01 4.682571314945910501e+01 6.024367737851239468e+01 4.199149484937245802e+01 3.996888377699509931e+01 3.320794136751462844e+01 3.010621090795258326e+01 1.121825124204751845e+01 1.155839258579388051e+01 3.119995268250512055e+01 3.384588791266529739e+01 2.791724567310972560e+01 3.720018244684455766e+01 3.637904372208384274e+01 1.693061035716525353e+01 3.709425348914022180e+01
0.000000000000000000e+00 1.870359810202416639e+01 2.674241029340986486e+01 8.596672920309824661e+00 2.778882181952193164e+01 3.300468462180135276e+01 3.092363410108304578e+01 2.902328803236672528e+01 1.986600111294128723e+01 9.017663780034517629e+00 2.636414138047001643e+01 2.446427257545554212e+01 5.646804383868355259e+00 2.484725603121501436e+01 1.797216035674171053e+01 2.496178691580225006e+01 4.003882147180445550e+00 4.239097079661349632e+00 2.402126787034508837e+01 9.324581420819560762e+00 2.567196546750858133e+01 4.147337769386189166e+01 5.644123735625407789e+01 5.735392583105269892e+01 3.938928720767938785e+01 3.803169285300408120e+01 3.698033888365792166e+01 2.930049087764816562e+01 1.087012794642423330e+01 3.134180286188491849e+01 2.583511525167986989e+01 4.726794783185574289e+01 4.422148650122655056e+01 5.218719481245343417e+01 3.131779220002177411e+01 1.771972812216747073e+01 1.801727296608948237e+01
0.000000000000000000e+00 1.115224697870113779e+01 2.163988297834594832e+01 4.507040211790175555e+00 1.604982376305850522e+01 7.151512155580442176e+00 1.586382228587801757e+00 1.819267637451065900e+00 2.052151909405195873e+00 2.285055624626047610e+00 2.517816724086168634e+00 2.749978085127247507e+00 2.981658699653949363e+00 3.212633057147596727e+00 3.443015175347849954e+00 3.673853078780053849e+00 5.533900037533493688e+00 2.135198420215400006e+01 4.573872473428814978e+00 4.920209150250366648e+00 1.401032641972797954e+01 3.103028153549825419e+01 5.454824882843242762e+01 4.989088806311337265e+01 3.844755090130207265e+01 2.091372496749944077e+01 2.929775086477291879e+01 1.040710557224157817e+01 1.284329089583142469e+01 3.391482656842641319e+01 4.746244512023571360e+01 5.700416157245099669e+01 6.699924881672799870e+01 6.089309962952293631e+01 5.201376661749183938e+01 3.832708949883247129e+01 3.267176104233190159e+01
0.000000000000000000e+00 1.130086697834365772e+01 1.229876044656897349e+01 7.918049505850122127e-01 1.024405356276223200e+00 1.257056761056202232e+00 3.816294275527785107e+00 1.126985486332943687e+01 8.237260724797163647e+00 1.435135742058209551e+01 1.745999244358396751e+01 5.307401968937921488e+00 1.851927984076187883e+01 1.997510846138312246e+01 2.102807303308460618e+01 2.186515743512693177e+01 5.492376014159186859e+00 2.497185541125898212e+01 2.302754656389343069e+01 4.905127423407995124e+00 1.033375795398483454e+01 2.622546846283198008e+01 4.727461025815651396e+01 4.141239243421471627e+01 2.101260893852375489e+01 9.930089881446718891e+00 9.939594387844618240e+00 2.595778268293473801e+01 3.106573729742798662e+01 3.183383736666394626e+01 5.692738163928397199e+01 7.176331255337605342e+01 6.119218648069674060e+01 5.253855796670698908e+01 6.126318120308246051e+01 5.957695638924155901e+01 5.347125644937396771e+01
0.000000000000000000e+00 2.318228953095717859e-01 4.636625130509012815e-01 4.530187172474093416e+00 1.106575796040348081e+01 1.470828961759166553e+01 3.977586929254066650e+00 1.679950734470581608e+01 2.226468249113959530e+01 1.465977258652180915e+01 2.299607681295132622e+01 2.328368646679527743e+01 9.821463969887984646e+00 2.439928091526625664e+01 2.990430546090685837e+01 1.602577045396842692e+01 2.401070675135903087e+01 3.219404514494575409e+01 2.327885065160532108e+01 5.139483573470261746e+00 2.072953944659205661e+01 3.676715622702213437e+01 5.095354920612945904e+01 5.029757379090633407e+01 3.883469229363337405e+01 2.648267077311060547e+01 9.612956943556067557e+00 2.851936656198917319e+01 3.789106463187098939e+01 5.432528984634011948e+01 5.506823465989956645e+01 5.126925599845304760e+01 5.087944436089586020e+01 3.308229251670121585e+01 5.122951354197795126e+01 6.643225752838023368e+01 6.482649663329753764e+01
0.000000000000000000e+00 1.997751500309655981e+01 2.367388141133234569e+01 4.356902653018310367e+00 9.491929186781192129e+00 1.443298738691089156e+01 1.322333383332584233e+01 2.622576671065594667e+01 2.614008835114923812e+01 2.642285473262758444e+01 3.400210260618906943e+01 2.343256010273496770e+01 2.920273454927128753e+01 1.590959932418514100e+01 3.347619721804738191e+01 2.871424826890767790e+01 3.462359829190111071e+01 2.433860994600296834e+01 5.427759033165130198e+00 5.376222917446955130e+00 2.445195249545363225e+01 2.254410679893343783e+01 4.157962477690274028e+01 5.742867593078644006e+01 3.623485418866891905e+01 2.950550066295452467e+01 9.304570035235567360e+00 1.797518530384455460e+01 3.852054286576756681e+01 4.916236238379175205e+01 3.480908554758415363e+01 3.701379252614859183e+01 4.267781296523285306e+01 2.445966546405875519e+01 4.267844051430120089e+01 4.599515383854129880e+01 4.443700712768853123e+01
0.000000000000000000e+00 1.999999999999964473e+01 3.685316514488170725e+01 3.664346935934180038e+01 3.090963675720684023e+01 2.133527919900486225e+01 2.470895365851346526e+01 4.079818756436441163e+01 4.190049462426347304e+01 4.709256246307882776e+01 4.181838285629693530e+01 4.189119063916702856e+01 3.794336470622182844e+01 2.036895539408137523e+01 3.794307166123729758e+01 4.561163228153409932e+01 4.974319036562469165e+01 3.374670691339122897e+01 1.323000908134361175e+01 2.167369938181575151e+01 5.718779000870515716e+00 9.930685126180792466e+00 3.272380184728520902e+01 4.530082104426713130e+01 3.915768457851264372e+01 1.711164145908993461e+01 9.027927274805493951e+00 2.700575486699567662e+01 4.277706493994170955e+01 4.070463540544742642e+01 2.060513819708763705e+01 3.091245779798565607e+01 3.137664389218117833e+01 1.895793373427225958e+01 3.655911922905276157e+01 3.184754617899044149e+01 3.030427976788923417e+01
0.000000000000000000e+00 9.539058208923798077e+00 2.255516399799408589e+01 3.952092520419656552e+01 5.091570071868711977e+01 4.343364731733750261e+01 4.576738170065007694e+01 5.427267227824573581e+01 5.256563602672116531e+01 6.074747442677124099e+01 6.042838196092333902e+01 5.311994914466099971e+01 3.453659608277057913e+01 2.584613591044234937e+01 3.453659801901771687e+01 5.312008379173763473e+01 4.809132132914689350e+01 2.735833654364446232e+01 3.375537597673754675e+01 3.074837990175578994e+01 1.154070743241655528e+01 6.072887952906471654e+00 1.932508521885698372e+01 3.383131690990332174e+01 3.522513017914032929e+01 1.590322126830183613e+01 8.781347879361680597e+00 2.829754553460028177e+01 2.931276164931344397e+01 2.979008014735153864e+01 1.671452309788399049e+01 1.089555029431668309e+01 1.142205072594955517e+01 1.974481872091728363e+01 3.210164475630784153e+01 2.031789504209428898e+01 4.035585293058149858e+01
0.000000000000000000e+00 1.999999999999964473e+01 3.515265076396697452e+01 4.595824990498217488e+01 4.344215742116860923e+01 5.155388813521060598e+01 5.099453022964186744e+01 4.277139799610904447e+01 3.289444422468924500e+01 4.941925146259299595e+01 6.082457089774617032e+01 6.151863392912904516e+01 4.899784465201104666e+01 3.107753388894844448e+01 4.899784465489274510e+01 6.152291336875694583e+01 5.677030561903289652e+01 4.650880627816412982e+01 4.119218088348365825e+01 2.084364247459177832e+01 3.059382632716098982e+01 1.631750038991408758e+01 6.435446787352118392e+00 2.147176998134463943e+01 3.094261632668188966e+01 1.253033872600009424e+01 8.544061163144938575e+00 1.619985829106039077e+01 8.883967102742085231e+00 9.452270327524173510e+00 1.007242644709870127e+01 3.025428543900649458e+01 3.137645504178174605e+01 1.208779119382558243e+01 1.253392976715965901e+01 3.249471432651635894e+01 3.363400786474240789e+01
0.000000000000000000e+00 5.539615654476753193e+00 1.905023027182601325e+01 2.931629815757080593e+01 2.362067952666387427e+01 4.343629311179924457e+01 3.965640633218293942e+01 2.326053281694890273e+01 2.176991433461374825e+01 3.289474149946976667e+01 5.259082098093229973e+01 7.016342967633298144e+01 5.733693461026376781e+01 4.329138213524257139e+01 4.394390310465732341e+01 5.793048059872869970e+01 7.681606209078373126e+01 5.640051512671340106e+01 3.520751543211003565e+01 3.512474043662420087e+01 4.450116041487745377e+01 3.143361990719854759e+01 8.184704170391025713e+00 6.800218224355156771e+00 2.420172746794081675e+01 2.561482150562556015e+01 9.123573141656009966e+00 8.191566209087007167e+00 2.887234104435595938e+01 2.978876927774363992e+01 1.293376546436642371e+01 2.496565904959078352e+01 4.250613172408628770e+01 3.655614220071031184e+01 2.926593146379029875e+01 1.314985927136841504e+01 1.358612244989892481e+01
0.000000000000000000e+00 5.336854726306099472e+00 2.073484849939360330e+01 1.005909032858621188e+01 2.920821400561338876e+01 3.385089206527219829e+01 2.584299287033076453e+01 1.199320452233222412e+01 3.149907368232660332e+01 4.198057958624337260e+01 5.023547161785252513e+01 5.097788371956585962e+01 6.456591454340551195e+01 6.324129265914504572e+01 6.270336795623681780e+01 5.630670025347827590e+01 6.510156642376837510e+01 6.453123667221268533e+01 5.640048920549482858e+01 5.583471174476753163e+01 4.064523815081649616e+01 2.460353934236199436e+01 2.888689196276566307e+01 1.491346245860818698e+01 7.161219070435555167e+00 1.828538701253582488e+01 7.860608280162890260e+00 2.998693499614698510e+01 3.917048066567669906e+01 2.810383053258800601e+01 1.546536953000466497e+01 3.498013860224411786e+01 5.219403970373620183e+01 4.375903183249902639e+01 2.380179973235137680e+01 3.316482296811230412e+01 2.933380020934110988e+01
