MOVIE_S1_data/elevation_000232.asc
nrows	100
cellsize	150.0
xllcorner	0
ncols	100
yllcorner	0
NODATA_value	-9999
[rows 51 to 67 of 100, columns 37 to 73 of 100]
7.189130889368708210e+01 7.792442481630276063e+01 5.806395769025978382e+01 6.112388831645716891e+01 8.102627445956903784e+01 1.009565127071414707e+02 9.834429705665597510e+01 8.433807930689917498e+01 9.027222780990834394e+01 9.727146625131213398e+01 1.056696091589546995e+02 1.134395779562141797e+02 1.094432723390601581e+02 8.916260733798570470e+01 7.745685343679980406e+01 8.602707904473788858e+01 7.855460867151946047e+01 5.843864252694882566e+01 7.264238389679643149e+01 9.282798165743723473e+01 1.049228801411841658e+02 9.316412205638731336e+01 7.292897438165263679e+01 8.567988233377352003e+01 7.347595364813950880e+01 8.777183918199213508e+01 1.080046998123323050e+02 1.207182735208552771e+02 1.094969497383215185e+02 8.961899435243908840e+01 1.094969497383215185e+02 1.063276499690156669e+02 8.703770004493880208e+01 1.063276499690156669e+02 1.043048285276517362e+02 8.963665999059122669e+01 6.941035094257597393e+01
9.191221944255498499e+01 8.497870313664493835e+01 6.502541144836405351e+01 8.102627445956903784e+01 7.255482375718773369e+01 8.669948324041388332e+01 1.068399566505295155e+02 1.037334406508885394e+02 1.083811334913843893e+02 1.063897216433054780e+02 9.803656918922330021e+01 9.323168939560228807e+01 1.075022152233308788e+02 9.773422494134517535e+01 7.745685343679980406e+01 6.580884539965434499e+01 7.537399511360879956e+01 5.527060082674912422e+01 7.081623684094839177e+01 8.937754364602378132e+01 8.470459600098752162e+01 8.468984096281363350e+01 8.576620424095861495e+01 6.543427330211154924e+01 8.576620424095119688e+01 1.020449386210027996e+02 1.060549622356365660e+02 1.143983861616173243e+02 1.177832097356991028e+02 1.011254616397486785e+02 1.177832097356991028e+02 1.152487752617657861e+02 9.860261622671615100e+01 1.075518486592787184e+02 8.759788371526083495e+01 7.580940970104281007e+01 8.963665999059122669e+01
1.051025466390587582e+02 8.497870313664493835e+01 7.648497861836260370e+01 9.331878573570777746e+01 9.259849132592938759e+01 1.009565127071414707e+02 1.050673266670304429e+02 9.671549955919624608e+01 8.817566281833511255e+01 9.473339920242862888e+01 7.783767938580432144e+01 7.895027460840502442e+01 9.915044292154352945e+01 1.061031489857671630e+02 8.908792467455251085e+01 6.885422937941055466e+01 5.723687034076711910e+01 5.221498565799978309e+01 6.876654411987009041e+01 6.745811940907989879e+01 7.182442256788293378e+01 6.416352178881361112e+01 7.718568651828459792e+01 6.161196834238126741e+01 8.217185582366050767e+01 9.174389942182737911e+01 8.581606311237436557e+01 1.060549622356365660e+02 1.184708953796394155e+02 1.209326151484510063e+02 1.292753559746686847e+02 1.267329262313940461e+02 1.184115301492267207e+02 1.158309154803692280e+02 1.012214168980737696e+02 8.112065156919824460e+01 1.012214168980737696e+02
9.355066378834440854e+01 1.014513393224094671e+02 9.657871846446995789e+01 1.048719188110937637e+02 1.072255023051824310e+02 9.885233051479509925e+01 9.671549955919624608e+01 7.652256156566801337e+01 7.390358682332418994e+01 8.637473472388774098e+01 6.620126778966789516e+01 8.637473472388774098e+01 1.022772663766184564e+02 1.106237719788777270e+02 9.746596578382046516e+01 8.546648503137664932e+01 6.825654456045899110e+01 6.873505297820038606e+01 4.864334076942458296e+01 4.922049753346199452e+01 5.128383161749765407e+01 5.353877190982316137e+01 5.625013929443434080e+01 6.109026476980272236e+01 6.602293824587236770e+01 7.152495210937034642e+01 7.976895603930287848e+01 8.987593928998035153e+01 1.101348373010455219e+02 1.292999228120239366e+02 1.209746235782801875e+02 1.292999228120239366e+02 1.278077661420001476e+02 1.079491112503267942e+02 9.393151860284828558e+01 8.886051272107064847e+01 1.087322199463309857e+02
7.435915145340727861e+01 9.138536594007743474e+01 9.993629881034864582e+01 1.109081528224145785e+02 9.554052335021421527e+01 7.861093945539403194e+01 8.978931356597361457e+01 8.243693617189296674e+01 6.225656572854461501e+01 7.292381831366076028e+01 6.037111658998834685e+01 8.055115644140781228e+01 8.207666470495161093e+01 1.022772663766184564e+02 1.063214424996244389e+02 8.729219833252798821e+01 7.819158935751372042e+01 5.975317554098678841e+01 4.617900009701616426e+01 6.628877319297211557e+01 7.182203973482981496e+01 7.443665835584882018e+01 7.718568651828292104e+01 8.168031802530248342e+01 8.634015845293825464e+01 8.262809858339578284e+01 9.174389942182739333e+01 1.083610517002746860e+02 1.184708953796394155e+02 1.191938294717577236e+02 1.007155742831979524e+02 1.191938294717577236e+02 1.216010561039551305e+02 1.220645433993015985e+02 1.137655766028545372e+02 9.885628267966509952e+01 1.170052332911229627e+02
6.405777264670665261e+01 7.290685139576295626e+01 8.404670286767689902e+01 1.029925888124386404e+02 8.716486910889008755e+01 6.692335565759509564e+01 6.955000587467033313e+01 8.385306393587615048e+01 7.292381831366076028e+01 5.271222200865880581e+01 5.956086815698942871e+01 6.780956453264957418e+01 8.799328395053450436e+01 1.032803568411045774e+02 9.476231455581013563e+01 8.630961069798290453e+01 8.320225905516711862e+01 6.459813388477543583e+01 4.449085923117648633e+01 6.459817595669053958e+01 7.182462686733850887e+01 7.702188715276207631e+01 8.283354357680894964e+01 8.955220919306859173e+01 9.790943849089826756e+01 1.028569307670642985e+02 1.112039697753348833e+02 1.202980777979924341e+02 1.238977009621217604e+02 1.036732058657240287e+02 9.055992204987144589e+01 1.108450989307391268e+02 1.008565555993061054e+02 1.154864204072304545e+02 1.269312239755764722e+02 1.186081632676040414e+02 1.269312239755764722e+02
8.349046112487219773e+01 7.790434556981882963e+01 9.697653705886547471e+01 1.006945511584798680e+02 8.950378226864611975e+01 7.547796185093206134e+01 5.521495183000650542e+01 6.683761037292836704e+01 6.892528109869343211e+01 4.873347492116273116e+01 6.895999815378105779e+01 7.852956519102761490e+01 7.483346491578022608e+01 9.497532546948480103e+01 8.313993526691511704e+01 6.629341570092603320e+01 7.561030089992276260e+01 5.470563403291043159e+01 4.282544187979246431e+01 4.682192523733898071e+01 5.169399549884107614e+01 5.689298462434942394e+01 6.270137517164171470e+01 6.939621234429046126e+01 7.944882011140984446e+01 9.373259578363965261e+01 1.139549912186825082e+02 1.132415760226537600e+02 1.048924652144049645e+02 1.036732058657240145e+02 8.340701942099850896e+01 9.539956989544286614e+01 8.699787892046259685e+01 1.039454247369068440e+02 1.126286522635036533e+02 1.245291335716104584e+02 1.362456423092869500e+02
9.594044441707798399e+01 9.697653705886547471e+01 1.048663863103361393e+02 9.210729851873657026e+01 7.085456929957946670e+01 6.041029726581498238e+01 5.268355189867768473e+01 4.658338942915718661e+01 6.084498766421797455e+01 4.538675872383902288e+01 6.565942294623360453e+01 5.837878340091085505e+01 6.951786161516409379e+01 8.965815203095080221e+01 7.475325512828007390e+01 5.505764949749229942e+01 6.338199193863263758e+01 5.924591784600607980e+01 4.131262397126429420e+01 6.138611410739768814e+01 5.756925140246514161e+01 7.702188715130240837e+01 8.283354357680937596e+01 8.955220919306880489e+01 9.790943849089826756e+01 1.080058859399871096e+02 1.075176520646687521e+02 1.015706126840390766e+02 8.465367103631875523e+01 1.015706126840390766e+02 9.539956989544286614e+01 7.518711461058410350e+01 7.765009160406238209e+01 8.427992833961161523e+01 9.537902667550595481e+01 1.160034561134848872e+02 1.315638378736596223e+02
7.999938191927259368e+01 9.904497837730188792e+01 1.111767003548586530e+02 1.005888384165948111e+02 8.950378226864611975e+01 7.306764297468488678e+01 7.306764284882810045e+01 6.095535358502467460e+01 4.086638138270925680e+01 5.745860565461233449e+01 6.581395961456860277e+01 4.936774234466836475e+01 6.951786161510291606e+01 7.983868312219532015e+01 7.150712745145395388e+01 6.338199193863263758e+01 4.372385079702281274e+01 3.919340848055755799e+01 4.702139080437100205e+01 6.707436170872692571e+01 7.179851183203011544e+01 7.179851183203139442e+01 9.196629858820497816e+01 9.555573403878959482e+01 8.723687645412348957e+01 9.555573403878955219e+01 8.730745686845190789e+01 9.320750815097218833e+01 7.303787529011938773e+01 8.242689491153642223e+01 8.497740916966819213e+01 7.002835022414349453e+01 9.018073638182826812e+01 1.039454247369068440e+02 1.126254078578311066e+02 1.150804217954599267e+02 1.113758627104728021e+02
9.594044441707798399e+01 1.069381507321271556e+02 9.917837166977480479e+01 8.505156699123016040e+01 9.917837166977479058e+01 9.340484946206574079e+01 8.559748763149764272e+01 6.552063233432591005e+01 4.338330058988310611e+01 3.750567578276361758e+01 5.424918717166737281e+01 4.273992070756543171e+01 6.279928156336430334e+01 6.557874871321598675e+01 5.141502737370512222e+01 5.510843277869373225e+01 3.712452165058862619e+01 4.517499457872111890e+01 5.539860423081736229e+01 7.310247260983348383e+01 9.196629857836330757e+01 9.196629858820497816e+01 1.003156422679485047e+02 8.555504551666186330e+01 6.726951535666539428e+01 8.555504551604396113e+01 7.308051252124899122e+01 7.677744093599270059e+01 7.904939443581815794e+01 6.237146053071418095e+01 6.489492997113832473e+01 8.497740916966819213e+01 9.440465117141779672e+01 9.872062796266084206e+01 1.033711620687808761e+02 9.480028020555867840e+01 1.150804251770638444e+02
1.040939705114067095e+02 9.594867815122806576e+01 9.111708351207674639e+01 7.194746859603094435e+01 9.095098655571051438e+01 9.600550792658181365e+01 7.219396596537603727e+01 5.477112321007317775e+01 5.219991551415915154e+01 5.424918722664469328e+01 3.444740240087411820e+01 5.133414198587191635e+01 5.079739319763879735e+01 4.581507239858625269e+01 5.311372807174886645e+01 3.512913297571004989e+01 5.510843277868708157e+01 6.461377228921885774e+01 7.289933135309449597e+01 8.211262363588851088e+01 9.480518972185879534e+01 9.338164761311318784e+01 8.407983497174393506e+01 7.595796969888408512e+01 5.712974305105906581e+01 7.147005796860595694e+01 7.364738303680319120e+01 5.673529140455191566e+01 5.902473462384846670e+01 7.906079295168179044e+01 8.497420502861724856e+01 7.020944908761612169e+01 7.420101304000152709e+01 7.847688513612283145e+01 8.309825538285492996e+01 8.949474042016080944e+01 9.667204766258531379e+01
9.594867815122806576e+01 7.673372920214947612e+01 8.236165744918125142e+01 6.450449821782194704e+01 7.620451497075158898e+01 8.798453269726110193e+01 8.559748763149764272e+01 7.601750088457485788e+01 6.929654677965997678e+01 6.252697398415146068e+01 5.132685042006146858e+01 3.160129031602492233e+01 3.087933198395323942e+01 3.178860442753414972e+01 3.316678843879292771e+01 5.310261643591236691e+01 6.341753284299559823e+01 7.715174026164996235e+01 6.894727874376594912e+01 7.723065188150287952e+01 7.464936250446741894e+01 7.834804266643116932e+01 6.650737389556812218e+01 5.900997401294736022e+01 4.970367289361386298e+01 5.134771029353402838e+01 5.357343768453981170e+01 7.364738304743175945e+01 7.315726142277070210e+01 8.741627428428118662e+01 9.871902659248618761e+01 9.036392660926053111e+01 9.440465117141779672e+01 9.872062796266084206e+01 1.033716916657824783e+02 1.097894387947709589e+02 1.169635782256802372e+02
8.624567968401422036e+01 7.279375030157912363e+01 6.318933153680805503e+01 5.751622249858991864e+01 6.202900012115996731e+01 7.885425459290495098e+01 7.922411487543288899e+01 7.114748585295828320e+01 7.088643879835852601e+01 6.272417200200619192e+01 4.350294131301719602e+01 2.959677242320597657e+01 4.949509091004509287e+01 5.171875044096381657e+01 3.351178116092675197e+01 5.334223490346675334e+01 5.633574470327387473e+01 5.759454905444972184e+01 4.878614654482011304e+01 6.717384728907360625e+01 6.039479297976623684e+01 5.818960344300538878e+01 6.551748789457846556e+01 4.743879204279072326e+01 6.767463609439003847e+01 7.147005702861267196e+01 5.477460657778738806e+01 7.478269062394915068e+01 8.656489243363819241e+01 1.016752700347043401e+02 1.020070818511863564e+02 1.051943756764723332e+02 1.085590131735172008e+02 1.129852100725315580e+02 1.046102640133887149e+02 1.098338503889378757e+02 1.156988072804189613e+02
1.000499473901456611e+02 9.041384985677814257e+01 8.236165744918125142e+01 7.083173388975193063e+01 5.142655390873776611e+01 6.602842513324839047e+01 6.286684864095347791e+01 5.162809221011139016e+01 5.133234093565146594e+01 6.507256116170317739e+01 4.872953783743640344e+01 2.877295882707812424e+01 4.733915506598946621e+01 5.555892219407117949e+01 5.333299699167368857e+01 3.522963520794852599e+01 3.643952914354697725e+01 3.763918385569834157e+01 3.882751737608570153e+01 5.889126981697208407e+01 6.211441086746750528e+01 4.376059567073273371e+01 4.525552804265943507e+01 6.551748794308792867e+01 6.767463600740087770e+01 8.310651736399107392e+01 7.478269062394915068e+01 5.825709062609034561e+01 7.823421099777000620e+01 8.475504802203008126e+01 8.187570850022920865e+01 8.503615955675337545e+01 8.837118819177135265e+01 9.789156943741723182e+01 8.445418028993756820e+01 8.960298734454993053e+01 9.538200064051426352e+01
9.290455921502642411e+01 9.664301298761672854e+01 7.734679878650145213e+01 6.376112680010210454e+01 6.602842513324839047e+01 4.651578414752314927e+01 4.333327301075728144e+01 4.021951054057701214e+01 3.737250511573828504e+01 5.322215890294507545e+01 5.065145165030357077e+01 4.743490896305592486e+01 2.760781016770139118e+01 4.750188902557264470e+01 6.342484145561711273e+01 4.919564872100843189e+01 5.044049440279644614e+01 5.761202425889130296e+01 5.889072599238955519e+01 4.053954828139526256e+01 4.182533806945784960e+01 6.211449256515250994e+01 4.510035458185035395e+01 6.909793493415843102e+01 8.362574160959053415e+01 9.616339324575484682e+01 8.530417506007539430e+01 6.530585763919646070e+01 6.203227346279842891e+01 6.476516984052685189e+01 6.775951590879165565e+01 7.090219275285507194e+01 7.422186001213631812e+01 7.780583607869732532e+01 9.789156943519427045e+01 1.098338503857678035e+02 1.156988072796143427e+02
8.472910562041720084e+01 9.456989087902576330e+01 9.106770100045281424e+01 8.299852907477996666e+01 7.282133908136735556e+01 5.797297219620566722e+01 4.985204116474808700e+01 5.987795867884236145e+01 5.322215890308065411e+01 3.350956277674217176e+01 3.092505661036873832e+01 4.588139490524221031e+01 2.678366374520064142e+01 4.086487257695284114e+01 6.153718990693971591e+01 6.933630882704865428e+01 7.060525384899030144e+01 6.768898755571800052e+01 4.744427293321017203e+01 6.074334973926698922e+01 5.200331405153463749e+01 7.018822277529872622e+01 6.909793494274235570e+01 5.420651493390503362e+01 6.943261595419487264e+01 8.952300132917628162e+01 9.362485647859182336e+01 7.420950967752243344e+01 7.612691423286322845e+01 7.228357989991977206e+01 8.777205124012148474e+01 9.094036436159507275e+01 8.837118819177133844e+01 9.789156943797871691e+01 8.721856093959263490e+01 9.726364392498457789e+01 1.116196201199671805e+02
6.656811228036450245e+01 8.638317330692471785e+01 8.995519453086562578e+01 8.161433183078898423e+01 8.255973427659849051e+01 7.414142257018814064e+01 7.539426720045422314e+01 7.280636911599930272e+01 5.322201715341304151e+01 5.321565931441003983e+01 4.707844320361483170e+01 2.732519261639987818e+01 2.595789246369568914e+01 4.607189339658535943e+01 6.061563286650502391e+01 6.939926991846282078e+01 7.994635520791382532e+01 7.289816223161435005e+01 5.272884792090277983e+01 7.288735727127829023e+01 6.623550401058173520e+01 8.011238623548641158e+01 7.994722789788555417e+01 5.987084071643622707e+01 7.144363022858097168e+01 9.150721127468926852e+01 9.419814871253598199e+01 8.833312945816017248e+01 9.621038743412131566e+01 8.381443192431038369e+01 8.863008597234336605e+01 1.088090148385178253e+02 1.085590131726981014e+02 1.157812918873842136e+02 1.014684120019424824e+02 1.157812922765140229e+02 1.259089298689690253e+02
