MOVIE_S1_data/elevation_000361.asc
nrows	100
cellsize	150.0
xllcorner	0
ncols	100
yllcorner	0
NODATA_value	-9999
[rows 17 to 33 of 100, columns 37 to 73 of 100]
1.020545267712314370e+02 9.977512293114546083e+01 1.075657248877984244e+02 8.810531856031052200e+01 8.394170603933332586e+01 1.011724691584891218e+02 1.002084772447237526e+02 8.578274329579721780e+01 1.053324975080940789e+02 1.079226809556849673e+02 8.975283349935567401e+01 1.079226809556849673e+02 1.079417140892715707e+02 8.798872866366886569e+01 7.275985358505737111e+01 6.546517899545825969e+01 6.221137534701086480e+01 8.055227223844066486e+01 6.873171489157989811e+01 8.830641694071414349e+01 1.026772060567844562e+02 1.167948562274461608e+02 1.276658671578637438e+02 1.172492240437636184e+02 9.722695622487739797e+01 1.009011103644154872e+02 8.583740318590331242e+01 1.059223460771819134e+02 1.159401343545829235e+02 1.229730910662924543e+02 1.312949540101497519e+02 1.412915142280480723e+02 1.441731004809593344e+02 1.241985176513727112e+02 1.142757315333030448e+02 1.241985176513727112e+02 1.441731004809593344e+02
8.392029866792336179e+01 8.233600665543880837e+01 9.701916847946941402e+01 9.256726576440929932e+01 7.275991892959812901e+01 9.256726576440929932e+01 7.906564954781508447e+01 7.546860325588622231e+01 9.649475746550810129e+01 9.969070933763313747e+01 7.983989834494953186e+01 9.969070933763313747e+01 1.118047058939733773e+02 9.772910825479939945e+01 8.743639784925771608e+01 7.979658363698048618e+01 6.150274997331671756e+01 8.084687479182143477e+01 8.830641694071414349e+01 7.465904122625707373e+01 8.855955588612299323e+01 1.076888027120214559e+02 1.076888027120214701e+02 1.249268106468780815e+02 1.172492238540067575e+02 1.037462473317858951e+02 8.948760296740793763e+01 1.095930887826695397e+02 1.211633513136567046e+02 1.277824836060513434e+02 1.352841861847242626e+02 1.436526044502305410e+02 1.526115508890708270e+02 1.407869143155249105e+02 1.208705441161184524e+02 1.407869143155249105e+02 1.526115508890708270e+02
8.923169110776352397e+01 7.149576773486666070e+01 8.923169108360136192e+01 8.637339016628068578e+01 6.692165360619399905e+01 7.876733792979499071e+01 6.484134227202149248e+01 7.840869783957562333e+01 8.809157551053603186e+01 9.307377234007195455e+01 7.327792327305378706e+01 9.307377234007195455e+01 9.190646133352754532e+01 8.975027220789120008e+01 7.128993546018959648e+01 6.053242698762032603e+01 7.387409555560162744e+01 7.527859260279322484e+01 9.496078413814386465e+01 8.855955588612299323e+01 8.176311794476934836e+01 8.771077819176740320e+01 9.664975762624719380e+01 1.166195777880840296e+02 1.320321260306030524e+02 1.178892265420537342e+02 1.011522429044562017e+02 9.559952668789418340e+01 1.012254934789239371e+02 1.079250867288674129e+02 1.154365467519837694e+02 1.294254110151488533e+02 1.494285206580078409e+02 1.492013577781823983e+02 1.349048731381710411e+02 1.370941090883051174e+02 1.572180132961351831e+02
8.309398924184225166e+01 6.590156375867765348e+01 8.380701948713861782e+01 9.324033914910779686e+01 7.860738482528581983e+01 5.979584724919219951e+01 7.274069181639596593e+01 5.721238961041537152e+01 7.505045925681616836e+01 7.992956353657133661e+01 6.765940537734590521e+01 8.735920282714327811e+01 9.190646133352635161e+01 7.228274152914985962e+01 7.803039598774657293e+01 5.988143631817229107e+01 7.906101457507014629e+01 9.461584123198231566e+01 1.032034018344327109e+02 1.084932107582545768e+02 9.322490616210917835e+01 1.076888027120214559e+02 1.159848213406243218e+02 1.166195777880840438e+02 1.366025029827986828e+02 1.294360643425860360e+02 1.211234986817383543e+02 1.072217522562279726e+02 1.083179140161829821e+02 1.211633513136567046e+02 1.352841861847242626e+02 1.436526044502305410e+02 1.384793156819195019e+02 1.469017834277715338e+02 1.549874179003294898e+02 1.572180132961351831e+02 1.591553456723601983e+02
6.527568545432946223e+01 6.072695283209184680e+01 7.864121167215093067e+01 8.741165579675686104e+01 7.548120686171948535e+01 5.944723124875675069e+01 5.355570655183132089e+01 5.395952367109585879e+01 7.248797412800406903e+01 6.069564180788852781e+01 7.986923877954508555e+01 9.311009163842551573e+01 8.470967947247540053e+01 5.896411253082362691e+01 5.895653235388934377e+01 6.411253420124275237e+01 7.043916029803453682e+01 8.182908477159612914e+01 1.018019231078770872e+02 1.215000352770642422e+02 1.131948595251935075e+02 1.122630599487754779e+02 1.161073768783060558e+02 1.202678350520766912e+02 1.224492196388713410e+02 1.307815464709048285e+02 1.354555248944972163e+02 1.271243610066975975e+02 1.198026480419767097e+02 1.365588789501076121e+02 1.495169691465215749e+02 1.353268018880147565e+02 1.185489848732322571e+02 1.353268018880147565e+02 1.478726285088235102e+02 1.528415047615933702e+02 1.469263078477959539e+02
5.778088610890929289e+01 5.591667999534236344e+01 7.016675468028708451e+01 6.796600698079271297e+01 6.691259452993841705e+01 5.298586641399469244e+01 7.142648290786917187e+01 7.273483083491289847e+01 5.453052648466843522e+01 7.346413846188366392e+01 7.078403974440840329e+01 8.595237430052878835e+01 7.646522582933724266e+01 5.779600931434407585e+01 7.701227658438452295e+01 8.467546779225816067e+01 9.014063747718473962e+01 9.855332093546201122e+01 1.100913371654708328e+02 1.128125323976509549e+02 1.045168453731711082e+02 9.228983190864781250e+01 9.613171330744417276e+01 1.003149785913529968e+02 1.024978994806106982e+02 1.185639688434538925e+02 1.268661913185017198e+02 1.357792113057735435e+02 1.397232660973455722e+02 1.481189682791788869e+02 1.356019949291450644e+02 1.269725338244855806e+02 1.070532823233794204e+02 1.194437644281316864e+02 1.378055956213992488e+02 1.328554769024212590e+02 1.270271478909879477e+02
5.081712867655549104e+01 5.121306659985782517e+01 5.161241843008323116e+01 5.201340605640177017e+01 5.241549443725197932e+01 7.119449052546052314e+01 7.917705500377724093e+01 8.081574951651987249e+01 7.189099695985156302e+01 5.510204653144289466e+01 7.182945095140395608e+01 7.463813141400297013e+01 7.532807063735702968e+01 5.673141564915881929e+01 7.645738738758720388e+01 9.281702619683575506e+01 1.011646021941480456e+02 1.051389009488060537e+02 1.135679647092421902e+02 1.012887830104925797e+02 8.458522647540240769e+01 7.826937900585286911e+01 8.201573968690750860e+01 8.612883581014217782e+01 9.148206078511559269e+01 9.861899780974565033e+01 1.075937673154676304e+02 1.216094844073372911e+02 1.415128605510111583e+02 1.413888334355464451e+02 1.213775152946319622e+02 1.072306078828604115e+02 9.935405604586456718e+01 1.094185053391112632e+02 1.294308599095730017e+02 1.328554769024212590e+02 1.129965649553849687e+02
6.909985948343847895e+01 6.461244078328601859e+01 6.808655816867957355e+01 6.389293335196863666e+01 5.570846041597949494e+01 6.735716980640222573e+01 8.516730293469915125e+01 8.312029971441658915e+01 6.819125093965674012e+01 5.535941025266054538e+01 5.563921464408881690e+01 5.606311227610020609e+01 5.648064931893995322e+01 5.698281076451355887e+01 7.602667394376223342e+01 7.318745246638391677e+01 8.874862488677955241e+01 8.507217274371086546e+01 9.691592208054676405e+01 8.865378878215730651e+01 7.328881426166833535e+01 9.300931983598216846e+01 1.019824497071903551e+02 9.772101487078325022e+01 1.115123567092017254e+02 1.056820822034554936e+02 1.255878844933322682e+02 1.357792113057735435e+02 1.298667749120508290e+02 1.357666371285295099e+02 1.272386946776240677e+02 1.072306078828604115e+02 9.279668223570216412e+01 1.130908408264776455e+02 1.286192268754431041e+02 1.411795414609626107e+02 1.222404419624324419e+02
6.869681614181203599e+01 8.461319520035607411e+01 8.743093703186173116e+01 8.071027797989887631e+01 7.191556209884033990e+01 7.071396346605378369e+01 8.971626425076286182e+01 8.415917911377366067e+01 6.432887483357001202e+01 7.925594664177567950e+01 7.570859632570744679e+01 6.955559384804575984e+01 7.561896644605734252e+01 6.631680001615323761e+01 5.769158715164395801e+01 7.604933855796488729e+01 6.914042390324159726e+01 8.863335498424518732e+01 8.456856153588698533e+01 6.906172718932921839e+01 8.865378878215730651e+01 8.568280121931043425e+01 1.056164942997884850e+02 1.176855847236672901e+02 1.259946310508507992e+02 1.255878844933322682e+02 1.339267036791468968e+02 1.240540526460981283e+02 1.098586747568374875e+02 1.157189116136396763e+02 1.246724386403313076e+02 1.086622923543654196e+02 8.828269701481494280e+01 1.001585355412908029e+02 1.202786401893840917e+02 1.322176600369824087e+02 1.274041908791433002e+02
6.822883624003968350e+01 7.403600283575411822e+01 7.788378137170325033e+01 8.038273671632433093e+01 9.367827877096134159e+01 9.281664226285074903e+01 1.005554764281825442e+02 8.423174250065515878e+01 8.425853481976054127e+01 7.252071063424214969e+01 9.262950137487366931e+01 9.038310749420875823e+01 8.200477234557187955e+01 8.485365701838766483e+01 7.640188492248113050e+01 5.840244540768427584e+01 6.800469407716214221e+01 8.056251400638959126e+01 6.509943440835725426e+01 8.456856153588724112e+01 9.691592209167568228e+01 1.056164942998768339e+02 1.056164942998768481e+02 1.255883717036029026e+02 1.294688011985068670e+02 1.210984796626203064e+02 1.294688011985068670e+02 1.157189116136398468e+02 9.561953937751736987e+01 1.157189116136397473e+02 1.163327630266704773e+02 9.612451377386933871e+01 8.434992438280883675e+01 9.345237202922847075e+01 1.036727638305924302e+02 1.237720693125847902e+02 1.271182082098126926e+02
6.547341593455830377e+01 5.747602490824382926e+01 6.130101578745212976e+01 7.788393369476150951e+01 8.991215115263877067e+01 9.629003484800276169e+01 1.042447119535212607e+02 1.045061992156379205e+02 9.913783995603509425e+01 7.914867386626386292e+01 9.913783995603509425e+01 1.091532066879990452e+02 1.012336713378391551e+02 9.508879853943325600e+01 7.646377540532135697e+01 7.755838368884593592e+01 5.911681992158090537e+01 6.150048572693968651e+01 8.083451651272800120e+01 7.730178212842652385e+01 9.123821624184378720e+01 1.111592065050880507e+02 1.144190840189008895e+02 1.229540372220443203e+02 1.194060769833627944e+02 1.010071190795531635e+02 1.194060769833627944e+02 1.086127104107624177e+02 8.852679980481192956e+01 1.086127104107624035e+02 1.050575272042209178e+02 9.670817430986018337e+01 8.117584319693335715e+01 9.263206623747967683e+01 1.128673781612215663e+02 1.321011246110078901e+02 1.188216038195893134e+02
5.204318239770527299e+01 6.921323930848073758e+01 7.788339320606914384e+01 6.746829188210828931e+01 7.231307049363272199e+01 7.825065560555874811e+01 8.842313540318036758e+01 1.070364193386481020e+02 1.073849497491639937e+02 8.916601585672870556e+01 1.026797591901003841e+02 1.185149213168040490e+02 1.074034567585264881e+02 9.897795403131226522e+01 8.413395279324716114e+01 5.984931971645973192e+01 7.201988340842221703e+01 7.969601266476101387e+01 8.825308400876498638e+01 9.707293920165638212e+01 1.053546839254160830e+02 1.114720806448067947e+02 9.482910225978581309e+01 1.114720806712466583e+02 1.110527993710867634e+02 9.098220215142578127e+01 1.110527993710867634e+02 1.025565804968935026e+02 8.264594087993025084e+01 1.008998977231787109e+02 9.259817993451991924e+01 7.727335878799308944e+01 9.670815988939145313e+01 1.095437066624869686e+02 1.212143596906360017e+02 1.256658071437820752e+02 1.186738077218874849e+02
4.820029107697595805e+01 6.350617287698253222e+01 8.456739586494585126e+01 8.460582855781289879e+01 8.991215115263877067e+01 9.629003484800276169e+01 1.042447119535212607e+02 1.151599851585332317e+02 1.173467543834968154e+02 1.091089211821959850e+02 1.173467543834968154e+02 1.102902895224467557e+02 8.908592999554845449e+01 7.881997433269066278e+01 8.798255122441854326e+01 7.951411094172408411e+01 6.058382987319401991e+01 7.471590005651101762e+01 8.991410091463079368e+01 1.025222094652595644e+02 1.160624408433037758e+02 1.031032102944641338e+02 8.389430072533946259e+01 1.031032102944651854e+02 1.043626002978663934e+02 8.429997819621068800e+01 1.043625978768953644e+02 9.703437100286485872e+01 7.738987009920997195e+01 8.987216783194809011e+01 7.373936720958748481e+01 9.259671384670211580e+01 1.042074312654569184e+02 1.127754092012836509e+02 1.189128180686928289e+02 1.052003697349039868e+02 1.196359422608056207e+02
4.782741739605225462e+01 6.353740480484019315e+01 6.902708283295974923e+01 7.886540774313385782e+01 8.904970555719800984e+01 9.234898401548562674e+01 9.329285259843240397e+01 1.015967357456914613e+02 1.032835772067617199e+02 1.115751404015600912e+02 1.216317255866040909e+02 1.188050485024856471e+02 1.074034567585264597e+02 8.857640866497195020e+01 6.842567125848499643e+01 6.255816264861434206e+01 6.110677738826760219e+01 6.539848555801746954e+01 7.514223535411520061e+01 8.827076821788875804e+01 9.882529498373509114e+01 9.479565140170289794e+01 7.652342093505893672e+01 9.611796826486573764e+01 9.856102778678950926e+01 7.833495720368524928e+01 9.092090457398606418e+01 8.837658195998447752e+01 8.817896486264618261e+01 7.052128002352569069e+01 7.114286809430481640e+01 9.050127102425969383e+01 8.712199099182363682e+01 1.045773039501560788e+02 1.095649416217854792e+02 8.983523265294022053e+01 1.100530379997023260e+02
4.745445705256095437e+01 5.787606507699417335e+01 5.063314869463162893e+01 6.852086143070023638e+01 6.980067456251967428e+01 7.282992474363290114e+01 7.358446051421110212e+01 8.689470840865241996e+01 8.321141972671588860e+01 9.318535084184642869e+01 1.091365232089841300e+02 1.154606178209201772e+02 9.523429241807571088e+01 8.126449822540394052e+01 8.853952927607757317e+01 8.350857298567898113e+01 8.026700786619636574e+01 6.185273194047535839e+01 8.103033874028913885e+01 8.739812480377050008e+01 6.631795095126379636e+01 6.630488635143149168e+01 7.279868978161786686e+01 8.509030257974225719e+01 1.033003811211325598e+02 9.092087904090246298e+01 7.117925089499034641e+01 6.902949016307353247e+01 6.964677696912914939e+01 8.899373796179047247e+01 9.047783863646058933e+01 7.204100284201146565e+01 9.093693442051049658e+01 9.985018926571390807e+01 9.416236848949777993e+01 7.540353839416059145e+01 9.543310501901477494e+01
6.512467776579968870e+01 4.692552873959871818e+01 6.561088009508017649e+01 5.449724957642153100e+01 5.725081119787586204e+01 6.014592173048693979e+01 6.334938118588147660e+01 6.760538288118823402e+01 7.329411316809292032e+01 8.058915230810137587e+01 9.229357335710554366e+01 1.125095994061456537e+02 1.095370591454376665e+02 1.011584459700831502e+02 1.054488189078971772e+02 8.728951387678442586e+01 8.381314669640934767e+01 7.169965512918302863e+01 6.260173201028417367e+01 7.918404072746558597e+01 6.416301224458500485e+01 6.473139595561080739e+01 8.106287319622131804e+01 8.521966833104136185e+01 8.604315201385384171e+01 8.664416576023468508e+01 6.815771041120893869e+01 8.750806963838874708e+01 7.639738368810542113e+01 9.470870802273503841e+01 9.781845502533541037e+01 9.141302104086815916e+01 7.293702541263027683e+01 9.188012740674807333e+01 7.472508785331643821e+01 7.644849454697089186e+01 7.605734804478755962e+01
5.834056072430144724e+01 4.655273629388820922e+01 6.410126106886339414e+01 7.205259588094459389e+01 6.751760019613547570e+01 7.854692484197640567e+01 6.360553162615659062e+01 7.042623964902323053e+01 9.024973584048539976e+01 1.008378713247878693e+02 1.091365232089841300e+02 1.207564397594375833e+02 1.222535294927521790e+02 1.022203352883095846e+02 1.006133131681076520e+02 8.788393020541515455e+01 6.926146104163335337e+01 6.650765390888972206e+01 7.222871449097814889e+01 6.337066027509265354e+01 7.527917171877358271e+01 8.369320934243495458e+01 6.554659024916395538e+01 6.612621929484322436e+01 6.670954015348640098e+01 6.729677521513167449e+01 6.729605592268653425e+01 9.435392759484909675e+01 8.916446025382963114e+01 9.497942495944334951e+01 1.062456333281665195e+02 8.628591875914599996e+01 8.392184935880715102e+01 7.383141551898836497e+01 9.325995929447303467e+01 9.485700173623405362e+01 8.156449963724972463e+01
