MOVIE_S1_data/elevation_000879.asc
nrows	100
cellsize	150.0
xllcorner	0
ncols	100
yllcorner	0
NODATA_value	-9999
[rows 0 to 16 of 100, columns 37 to 73 of 100]
8.802975137561786312e+01 7.957624876840577599e+01 7.693636277522611522e+01 8.538577817846743301e+01 9.164845719074655506e+01 8.309206938298301282e+01 9.164845719074655506e+01 1.023076249653046403e+02 9.421988505549629167e+01 1.023076249653046403e+02 1.006125432272060465e+02 9.476306299511780651e+01 8.955961155016132125e+01 9.784186506745608369e+01 1.022153337677544727e+02 9.394452751902043985e+01 1.022153337677544727e+02 1.009999707619392950e+02 9.272893559658515983e+01 9.272893559658515983e+01 9.272893559658515983e+01 1.009999707619393092e+02 1.104983463828292258e+02 1.022146822198330227e+02 1.104983463828292258e+02 1.169280091419477969e+02 1.087290674118067244e+02 1.087290674118067244e+02 1.145294104870452685e+02 1.191298891873816359e+02 1.109226638255430970e+02 1.083485696321653649e+02 1.165538960455539836e+02 1.245925268821771255e+02 1.164182517350983801e+02 1.164182517350983801e+02 1.148867659819977547e+02
7.957624876840577599e+01 5.932084262083377268e+01 5.670107464441020539e+01 7.367529699822583211e+01 8.133917996936574468e+01 6.248941786126510323e+01 8.133917996936574468e+01 9.244796072053904368e+01 7.442028317451962494e+01 9.244796072053904368e+01 8.045433984951189643e+01 7.452747266236002588e+01 6.919960507390413795e+01 8.614871139006697831e+01 9.214136647090511190e+01 7.372185141153966015e+01 9.214136647090511190e+01 9.272893559658515983e+01 7.249389016777006134e+01 7.249389016777006134e+01 7.249389016777006134e+01 9.272893559658515983e+01 1.004028902898139677e+02 8.194408453266093773e+01 1.004028902898139677e+02 1.087290674118067244e+02 8.874385077843743375e+01 8.874385077843743375e+01 9.459738520686902064e+01 1.076845763428804190e+02 9.109471277183126858e+01 8.850664448889817493e+01 1.051036535453394549e+02 1.164182517350983801e+02 9.661135356931229978e+01 9.661135356931229978e+01 1.066536885663493592e+02
7.489160158780848064e+01 6.525351372576984943e+01 4.503931530890098855e+01 6.525351372576984943e+01 7.279074362212401184e+01 5.223977674632114798e+01 7.279074362212401184e+01 8.432008411500797251e+01 6.419654243123882509e+01 8.432008411500797251e+01 8.045433984951189643e+01 5.985191158784170540e+01 5.713178467491370327e+01 7.697275347825978997e+01 8.383318946528007132e+01 6.331840916578681799e+01 7.357579931553337360e+01 8.195091218875535333e+01 7.842059775625213547e+01 5.798355735895314922e+01 7.842059775625213547e+01 9.238566688430664442e+01 9.207938337624705127e+01 7.171101257603987733e+01 9.207938337624705127e+01 1.040389726690475385e+02 9.459738520686900642e+01 7.439029240300625645e+01 9.459738520686900642e+01 9.947499094720386381e+01 7.949888222350391231e+01 7.687767340874229660e+01 9.617781490310767367e+01 1.072866198548067729e+02 1.024126597277997632e+02 8.251160639496107763e+01 9.246206790564096423e+01
5.967659636056936279e+01 5.727503690328956054e+01 3.890096872787152193e+01 5.915870358153806308e+01 6.594042133018973573e+01 4.539925852199479550e+01 6.594042133018973573e+01 7.761223688708490442e+01 5.723837221568027900e+01 7.761223688708490442e+01 8.308003946928917571e+01 6.254492722181979758e+01 4.784863625425062850e+01 6.855952234667665834e+01 7.388807531320911437e+01 6.545821559101872822e+01 5.287994040827143039e+01 7.357579931553337360e+01 7.275238259692977749e+01 5.224027730915373269e+01 6.372052371201876042e+01 8.407794316565339443e+01 8.528992644284463154e+01 6.486471250062328409e+01 7.540164875727303695e+01 9.572739519524488117e+01 8.850471748556874729e+01 6.819995958717569806e+01 8.850471748556874729e+01 1.020468033492833655e+02 8.209928689724173978e+01 6.773832770005323312e+01 7.905224976220475241e+01 9.906833833806514633e+01 1.065148026522053613e+02 8.664132672931268075e+01 7.242095569414948386e+01
5.062046019559443977e+01 5.369003333982073656e+01 3.341655217472764861e+01 5.369003333991082627e+01 5.230925735714776437e+01 3.945964819587862848e+01 6.001069839180009780e+01 7.173080876085069235e+01 5.108486469465677260e+01 7.099180980547293984e+01 7.923926256279345637e+01 6.338180082357013845e+01 4.284546907417747263e+01 5.671893498117159282e+01 5.839494033764440672e+01 4.486540647978036844e+01 6.545821559101872822e+01 8.195091218875535333e+01 6.745617978524911962e+01 4.690176200133817019e+01 6.745617978524911962e+01 8.313607307027866966e+01 7.913149272383704158e+01 5.865167892008893347e+01 7.317158184208538785e+01 9.351999040509691952e+01 8.307804267291322731e+01 6.270126130336129222e+01 8.307804267291322731e+01 9.689637674815291746e+01 7.685540603076744048e+01 6.242729989733082618e+01 8.272527045232855869e+01 9.672881390273572322e+01 1.123056984308134219e+02 9.246213306138042753e+01 9.246206790564096423e+01
5.709064800451496779e+01 4.760059763322827564e+01 2.840072002963483300e+01 4.576055711024246619e+01 3.165716083926154312e+01 4.395537308407700294e+01 6.618534778400071161e+01 6.621294810948434417e+01 4.520842438520004691e+01 5.023602706615509561e+01 6.739874131862161732e+01 7.182428828196761117e+01 5.671893498117159282e+01 3.652324207552602076e+01 3.810986780043302957e+01 4.968608374490570867e+01 7.029145968124103661e+01 7.742291903214869819e+01 5.698459017539138216e+01 4.245280405570267135e+01 5.431817092791109758e+01 7.479060127091281629e+01 7.430435431781428690e+01 5.377675699110802299e+01 6.833161420141982489e+01 8.872382451134355108e+01 7.813594726722017469e+01 5.770955655330340051e+01 7.813594726722017469e+01 8.118945964739305055e+01 7.286770272485514965e+01 5.803955226123343891e+01 6.830428605468489422e+01 8.848996240370213684e+01 1.011993437817637016e+02 9.298803972985710686e+01 9.366378120427015119e+01
5.762369287527371142e+01 4.420801507322008916e+01 2.369849906902589964e+01 2.514628165370464430e+01 4.576055711024246619e+01 6.071853685968742553e+01 7.496910676306455912e+01 7.450326824858595387e+01 5.900845305380230599e+01 3.732118191367874260e+01 5.261457584985083002e+01 5.672757125730296934e+01 4.829977242698709006e+01 3.226435459760816826e+01 5.241319878639006902e+01 6.684904418747088073e+01 7.868973538795549416e+01 7.348956080973715643e+01 5.302953894822513803e+01 3.860057915625006331e+01 5.302953894822513803e+01 7.348956080973715643e+01 6.992785586270098008e+01 4.936599863506872765e+01 6.992785586270098008e+01 8.602691745883068108e+01 7.356846745009133315e+01 5.312418518183826421e+01 6.740428441446375984e+01 6.791285563979359097e+01 5.245650643403989477e+01 6.419018981915705524e+01 8.376269169028394401e+01 9.672881390273572322e+01 9.298803972985710686e+01 7.292485699860901605e+01 7.880122665929921766e+01
5.144809730122764080e+01 3.979270937106679185e+01 1.958829663870132620e+01 3.979270931320888138e+01 5.382922574501551338e+01 6.749216749263398185e+01 6.585446929884814438e+01 5.821619557867680328e+01 6.118492024798386808e+01 5.261457584984365354e+01 3.002691668245194023e+01 4.635102150595079706e+01 2.770890291417060425e+01 4.827486441249885729e+01 6.059212285627493344e+01 7.126499416158280553e+01 6.312259442167509604e+01 5.895869261884714518e+01 5.053355853891580551e+01 3.500375895598801890e+01 5.541208446195755499e+01 6.893811282734381507e+01 6.050393246531894675e+01 4.524393216512225990e+01 5.715364684012430274e+01 7.764777459087986244e+01 7.644518067474439249e+01 6.740428441445889973e+01 4.701750701083861372e+01 4.755109760303012223e+01 6.197173882755690499e+01 8.079782140288799042e+01 9.177120807543985848e+01 8.762332898690529248e+01 8.770393377871992868e+01 7.880122715447755866e+01 5.850778226605593346e+01
2.973980564781768265e+01 3.471207416905745902e+01 1.729214552359949408e+01 3.686744747894628915e+01 4.349457718401374251e+01 5.678110588059148256e+01 5.457364839369471810e+01 3.856241755141600436e+01 4.106618511013984829e+01 4.780813362623948137e+01 4.353185630489262792e+01 2.296053627858443846e+01 3.028321546778314044e+01 4.597050186248726789e+01 6.233364241184988686e+01 5.765785146783415627e+01 4.220456437946820216e+01 4.589580793465589892e+01 2.988477199755908131e+01 5.053355853891580551e+01 6.382995002980864996e+01 6.050087146262354310e+01 3.992816229615708323e+01 6.050393246531894675e+01 7.423945408864334183e+01 7.644518067474712097e+01 5.612741124923157798e+01 5.985579140673233667e+01 4.309595109445196925e+01 5.736141540226963542e+01 7.625176143850998756e+01 9.053178411248050850e+01 8.762332888124861086e+01 6.797519769674710233e+01 7.171417629792188109e+01 5.911705604992736340e+01 6.678552402369871288e+01
1.394988027997743529e+01 1.442038800988337144e+01 1.489173156212458338e+01 3.479625373241290021e+01 2.966085193872174841e+01 4.580333254593863046e+01 3.869792485002749771e+01 2.685257066095907064e+01 3.288144895070891494e+01 1.900351974406720146e+01 1.948083078452411954e+01 3.852581130428002609e+01 2.811279685056322819e+01 3.870834266668114765e+01 4.601760559735393485e+01 3.624971909362064082e+01 4.346521786980603963e+01 2.541788643603261022e+01 4.576855073034501942e+01 5.818062356846770200e+01 6.082514940989064200e+01 5.236243148737901976e+01 3.643238046143763853e+01 5.101487278039055440e+01 7.153806983489334925e+01 6.497123679517511619e+01 5.660471561494047421e+01 3.982296587985667458e+01 5.390104667622834000e+01 7.170611076772638626e+01 8.605080600722770612e+01 8.375470535491712099e+01 8.291936662165545613e+01 6.265372743595345639e+01 5.134678816703807769e+01 4.446736448849210888e+01 4.621569921097857048e+01
3.322951008494532488e+01 3.454226599814733589e+01 3.507401253334880664e+01 1.556798514927613653e+01 3.490360191219150465e+01 3.687027456753610721e+01 1.737419427111452563e+01 1.785417825134114977e+01 1.832941177031202429e+01 2.675536946882109390e+01 2.974727529651592306e+01 2.017707091076464110e+01 3.158997522319651097e+01 3.983445770095561755e+01 2.209210207736969167e+01 2.260188044681111208e+01 2.311469045727854521e+01 2.363152628062040961e+01 2.984683698184205269e+01 5.123392845082805991e+01 4.807527166920937134e+01 3.189912282686418266e+01 5.236182132135850509e+01 6.546081919794265502e+01 6.911530009068192726e+01 5.660471561164189325e+01 3.677747176942116880e+01 5.660471531163074133e+01 6.823302725464402840e+01 8.257306640531331254e+01 8.375470535491712099e+01 6.350956478824590334e+01 6.722461730182880046e+01 6.033564465299252788e+01 4.203960849143400225e+01 6.265458019624411179e+01 5.819900351265864202e+01
3.329365751023718190e+01 4.725089375292558458e+01 3.524949490530077156e+01 1.640517645891662113e+01 1.622736070690651644e+01 1.669461624100471298e+01 3.367456628756069392e+01 3.810308350105391639e+01 2.221679501785617461e+01 2.868520085279703125e+01 3.872257084737962174e+01 3.657134345365770400e+01 2.087731656247818890e+01 2.137439045994694453e+01 3.176495262964366617e+01 4.258689219903955347e+01 4.346708630690862663e+01 4.399574220499628296e+01 2.438280180973179512e+01 4.475188265669662968e+01 2.817231580406915015e+01 4.761234978230218218e+01 5.841988452198172865e+01 6.878863889430029133e+01 4.803547080363536281e+01 5.139921051534321350e+01 3.475046219554022287e+01 4.587707785188138843e+01 6.010261550667888031e+01 8.039723761152626480e+01 7.758718976885214147e+01 6.621974727901606173e+01 4.670439950808940921e+01 3.974085394509227598e+01 6.033564465299252788e+01 5.892540374313499285e+01 7.851466513937380398e+01
4.091244924083056134e+01 5.368852617435933894e+01 3.470709936465244283e+01 4.284698644784560884e+01 3.692430783262665983e+01 2.088670330525308927e+01 2.272162592510569468e+01 2.794608896914721896e+01 2.651271579909192511e+01 4.665917206666988903e+01 5.415574548672290689e+01 4.321026745003560166e+01 4.588772806542785787e+01 3.009847681972575018e+01 2.551722609500110650e+01 4.505061161206010212e+01 5.933258754560945647e+01 3.882737974395022462e+01 4.198327126744780458e+01 2.514154395652317220e+01 2.568856726684727576e+01 4.602586454613447131e+01 5.486187228680920214e+01 4.881481621500267920e+01 4.907330266177631728e+01 3.211738387326604283e+01 5.139876357318394184e+01 6.046122304025617211e+01 6.534515344050066687e+01 7.423778591352035505e+01 6.950432523544523633e+01 4.937810633185049625e+01 3.751338901524290037e+01 5.804775443145992853e+01 6.871100247021269070e+01 7.924751257338162702e+01 8.753017209851739722e+01
5.916784634730326786e+01 5.524909792826087340e+01 5.491691144516399703e+01 6.153454245270079070e+01 4.676960698168394970e+01 2.584042758601574974e+01 4.092902215697785095e+01 3.606058950663705076e+01 4.724779450576335904e+01 3.257256514835381722e+01 5.259976375414427707e+01 6.465046832692409851e+01 5.941077828803145877e+01 4.001492991570803071e+01 2.848270951830395958e+01 4.796682718551431179e+01 6.773874366941797120e+01 5.918783615191266989e+01 4.863877755529651381e+01 2.834682635029819053e+01 4.603933541892546089e+01 2.648253086346428375e+01 2.714132819402954766e+01 2.790004083015385206e+01 2.981925013373511746e+01 3.732549756083643899e+01 4.987334472634611870e+01 3.353352810180022203e+01 4.495608054129896658e+01 6.570678639431456247e+01 6.097750631241516572e+01 5.435621516776098616e+01 3.601917291143593758e+01 5.181613116475288194e+01 7.367800630166851761e+01 8.548499359802013942e+01 8.228936150051850973e+01
6.286306263631892932e+01 7.340704259681491806e+01 6.655160264670011827e+01 4.520558200088704126e+01 3.312477029191491340e+01 4.676889679727443649e+01 5.524581715676308846e+01 4.948198219221125527e+01 5.645524559068629600e+01 3.674023928860386690e+01 5.069558791128061870e+01 7.040508159517865749e+01 6.832552146761527467e+01 5.106019531028137948e+01 3.149684729180959053e+01 4.503027348672108587e+01 6.561771492985597831e+01 6.645920890790496571e+01 4.598768343955296700e+01 3.159603168868021683e+01 5.128686877062008875e+01 3.624704316296514861e+01 2.770138931666341975e+01 4.660130746556192349e+01 2.889606054496787380e+01 2.951863626036363186e+01 3.009855938517280904e+01 3.066593367166434803e+01 5.095627735437528827e+01 5.928595167914394182e+01 4.562677705626228430e+01 3.394169942998761513e+01 5.267771143637051523e+01 6.151758107972730016e+01 6.270421570604717232e+01 7.076982235098724061e+01 6.325003796914074172e+01
5.484951612991608272e+01 7.540494157672063125e+01 7.647785321122468360e+01 6.225660074975242253e+01 4.499714804613627450e+01 4.282513257254890249e+01 6.340458198589276151e+01 6.924170355695014223e+01 6.064568728254297270e+01 4.105088003830243082e+01 5.485802836337059318e+01 7.459005979387715968e+01 6.861105503327306110e+01 5.436076408461634912e+01 3.455829098622812268e+01 4.825975369180752494e+01 6.908990490829027920e+01 6.727513571459327579e+01 4.677556614023392001e+01 3.498937472356049483e+01 5.543815599651750858e+01 5.312431219819292494e+01 4.165605190573452177e+01 3.240177127369607035e+01 5.230938257124833513e+01 5.274740555935493802e+01 4.457386964750033087e+01 5.095947590714202846e+01 3.147630081831561100e+01 5.178881152355202033e+01 3.312234207416420873e+01 5.325031284076921168e+01 3.482634195011227263e+01 4.610655969819526945e+01 5.674424283362406385e+01 5.687956626470894861e+01 4.345978335890967514e+01
5.137364295820470517e+01 5.973348339517693262e+01 6.875521927470099115e+01 7.416318044559076839e+01 6.559745314648392878e+01 5.054938199828983869e+01 7.121565475785345711e+01 7.929348466967888953e+01 5.944907086520080952e+01 4.567826970788628671e+01 6.526153665943839144e+01 7.489963189027355384e+01 5.371764493415186337e+01 3.954072512143383733e+01 5.436076408461634912e+01 4.825975369216112654e+01 6.908990611088206890e+01 7.565449853022374782e+01 5.918436077456675548e+01 3.866455575663900390e+01 5.901199754552107635e+01 7.081249023988408453e+01 6.170758860658222034e+01 5.292015041455336188e+01 3.772177093116275870e+01 5.801075905149963319e+01 6.577978821364465034e+01 5.689411289475282985e+01 3.602038935651903273e+01 3.229431215899258945e+01 5.239990790150126543e+01 6.149930163583033504e+01 5.597640588593382915e+01 3.571251514078416989e+01 3.634158591713012498e+01 3.699640994825055174e+01 3.765646630567668751e+01
