MOVIE_S1_data/elevation_000919.asc
nrows	100
cellsize	150.0
xllcorner	0
ncols	100
yllcorner	0
NODATA_value	-9999
[rows 0 to 16 of 100, columns 0 to 36 of 100]
0.000000000000000000e+00 1.154700538379261765e+01 2.568914100752381913e+01 4.568914100752452612e+01 4.981596204444333864e+01 5.806189879795753939e+01 6.971727683441187651e+01 7.167499211999496822e+01 6.355975855920974027e+01 6.060914094197809732e+01 6.713100711551642519e+01 7.524665383081013204e+01 8.502540984314403261e+01 9.159658960443452713e+01 8.292572094827696105e+01 8.292586916325755908e+01 7.806171444681311300e+01 6.962435656800830941e+01 6.699284888494182155e+01 7.540455778642449047e+01 7.178326664219495967e+01 5.997835628421750442e+01 5.209356322378960868e+01 5.195435747983092512e+01 5.487991003175353200e+01 5.176608006908113424e+01 5.019179906057080132e+01 4.993206899398369814e+01 4.953585599739798795e+01 4.244280895225463013e+01 5.613358445743599390e+01 5.473632119390565265e+01 3.161237297306384519e+01 3.195702341297519311e+01 3.230418195881011911e+01 5.261636782133182777e+01 6.124077425246660056e+01
0.000000000000000000e+00 1.999999999999964473e+01 3.699676719785066581e+01 4.525613067145556556e+01 2.991314341049047698e+01 4.657021554996991597e+01 4.981596201803731105e+01 6.037454144503173126e+01 4.399465410284529554e+01 4.103770677560482483e+01 4.756544671015647197e+01 5.736950115449611332e+01 7.689260896906436926e+01 8.292572094889516165e+01 6.117582437139486018e+01 6.117582474714657792e+01 6.962360705487945722e+01 4.936606981916414583e+01 4.673700895312765624e+01 6.325368170356302500e+01 5.891973692000829033e+01 4.517740004186402558e+01 3.659818203279771609e+01 3.790626441001682423e+01 4.591809801998108043e+01 2.891770227961380257e+01 2.922802011843687708e+01 2.954260386944968175e+01 2.986181733385021531e+01 3.687941199849038298e+01 5.065724455335442400e+01 3.112880181374835331e+01 3.771758790530961392e+01 5.192310426857856243e+01 5.258180325030277658e+01 3.279959933487261736e+01 5.300313844178557332e+01
0.000000000000000000e+00 1.999999999999964473e+01 1.708817784460122624e+01 2.839392134580255700e+01 1.846277836598459388e+01 2.991314341049047343e+01 4.188619413632817157e+01 4.576903640928532724e+01 3.277952018044980065e+01 5.226384023460459360e+01 6.713100711551642519e+01 7.524665383081013204e+01 8.502420673922452465e+01 8.139257640604178334e+01 6.754625102086706079e+01 4.622067894200033322e+01 6.754613694986142036e+01 5.527657840313228377e+01 3.481917048119462521e+01 4.677184137334963765e+01 4.062464301464204652e+01 2.812724144866279730e+01 2.788036135311861585e+01 2.818144180264749821e+01 2.848408685242840122e+01 3.991064912304146617e+01 4.651673787117778147e+01 4.863287815934030789e+01 4.793351089785510055e+01 3.032250619452928220e+01 3.065334791234792178e+01 3.721398951125769372e+01 3.541034612017666916e+01 5.906544933179829115e+01 5.641238877444969546e+01 3.584667925487347162e+01 3.329952149689847118e+01
0.000000000000000000e+00 2.823635962270502731e+00 5.661380338020874703e+00 8.630521723240731191e+00 2.839392131047681644e+01 3.657656838209344841e+01 2.248941485366672666e+01 2.647758681842913120e+01 4.576903640928532724e+01 6.037360334687942043e+01 7.648749293977799368e+01 8.040793216504724228e+01 7.264690094167495715e+01 7.256950321802321469e+01 5.134223563648166078e+01 3.944031299887536335e+01 5.251074961719954359e+01 4.769129417769551083e+01 2.896874809065848666e+01 2.685279185593741147e+01 2.715448119054017795e+01 2.745519435904432370e+01 4.730341532802773941e+01 5.143575189746680110e+01 2.855570839593947241e+01 3.897758572495188645e+01 4.856735161076284868e+01 6.233389747394207347e+01 5.701098591962976769e+01 3.560600832622758105e+01 5.095895595052807892e+01 3.858218724008478517e+01 3.871772736422183669e+01 5.767336222415625002e+01 6.187701966224365435e+01 4.159831800478558250e+01 5.362671887934475023e+01
0.000000000000000000e+00 1.999999999999964473e+01 2.550253777556638113e+01 2.839392134301481718e+01 1.347639227560242325e+01 1.703618693965294995e+01 3.657656838471508109e+01 4.576903202750895616e+01 4.255569566160823314e+01 4.958392154986217548e+01 6.688800671204954540e+01 6.743720485943373433e+01 4.942493073040310492e+01 6.785714842990454088e+01 6.927816453283990938e+01 5.251124108632456711e+01 3.174127660468280610e+01 2.736400015790249896e+01 2.642257744567089262e+01 4.602515049681210968e+01 4.707489449442831386e+01 2.910722980189174081e+01 3.560881559526367113e+01 4.423262318826959927e+01 6.349021547874917815e+01 5.934898057590189779e+01 6.376190457260852895e+01 6.496131290744266096e+01 4.430487947746998145e+01 5.726218577109315078e+01 6.192766346141999634e+01 5.410895325247536647e+01 4.501511883491257038e+01 4.506199155603431450e+01 6.457420809732111877e+01 4.890239687029365001e+01 6.895781219712071675e+01
0.000000000000000000e+00 1.414213562373107536e+01 3.414213562373178235e+01 4.131300727553914953e+01 3.310614412616724422e+01 3.657656819831213824e+01 4.472639224522443868e+01 4.101913835952301213e+01 2.236263237636639900e+01 3.514223366622783828e+01 5.178378513984917220e+01 5.835683881290952257e+01 3.733707274622967986e+01 5.835817475516435593e+01 7.312981653845852748e+01 5.230815551227649252e+01 4.336903919277361297e+01 4.425831731264339197e+01 2.611358466627505592e+01 4.548812289686880916e+01 5.672659725143969212e+01 5.002142299727093899e+01 4.938960764399715941e+01 5.578433055820960362e+01 5.845054365993295420e+01 7.785909339291454501e+01 7.950100948603883921e+01 5.929303888486241192e+01 6.519584308184542465e+01 5.577274728825006633e+01 7.601511791792538020e+01 7.204286675772402759e+01 5.309746508600994730e+01 6.457428008914702389e+01 5.253135821849922138e+01 6.902849817105202135e+01 6.169693275638326924e+01
0.000000000000000000e+00 1.415481523077407111e+01 3.433952394039878442e+01 4.247693516699332861e+01 4.018361965939930514e+01 3.909713611817455359e+01 2.931509983678608222e+01 2.841802409416041186e+01 4.289535132727862354e+00 1.686682811917566127e+01 4.086992681353557089e+01 5.043644313433451742e+01 3.056511107651250470e+01 5.043644310860563706e+01 6.415759024387166676e+01 7.135300886540775878e+01 6.303066180356569959e+01 4.589467953140023582e+01 2.579833038800377309e+01 4.407884039007854682e+01 4.419044645160774820e+01 6.221792476798912475e+01 6.934970957173668182e+01 7.546796612096146362e+01 7.786047507353823960e+01 8.561717600045895438e+01 8.789245148746353209e+01 7.956544774578952683e+01 8.423435033842741859e+01 7.017764041806960051e+01 7.601335971200734321e+01 8.089945800700567702e+01 6.433855229541357801e+01 7.808691805729712598e+01 5.820470339059400544e+01 7.808812385048840099e+01 7.576523855808189012e+01
0.000000000000000000e+00 1.998209061772130113e+01 3.869057901522212006e+01 2.374154010656804559e+01 1.877656645755201481e+01 2.213122283961679315e+01 2.078936967274994885e+00 2.366460814448767103e+00 2.654092506117834649e+00 4.241901743764828758e+00 3.205309571929350909e+01 4.436060785150831265e+01 2.494050588350916797e+01 3.531414342585452459e+01 5.533737943240380730e+01 6.908415756200992064e+01 6.336905348709221641e+01 4.214519187657711541e+01 2.669921034317759734e+01 2.534256683407739530e+01 4.455774517481346209e+01 5.287222833767796715e+01 6.605254315433245438e+01 6.790639501247378007e+01 6.791796294927451072e+01 7.621607000134943632e+01 8.635664478891774820e+01 7.808530112886640495e+01 8.635326758467961383e+01 9.010968857111787145e+01 9.589178881968646806e+01 9.237783402828509338e+01 8.417722195358713577e+01 8.557923761446222954e+01 6.573822377040812626e+01 7.812063149310878885e+01 9.536770713824323309e+01
0.000000000000000000e+00 1.154892010342269337e+01 3.108880795131085151e+01 2.347014733299710798e+01 7.862603410067342757e+00 1.672451354351735642e+00 9.073261497148520149e+00 1.058786238695552484e+01 1.329657534407325947e+01 3.061554157970585166e+00 2.342288469918083749e+01 3.864865880031405965e+01 1.973290491069514019e+01 3.887739090860163316e+01 4.011291506786501060e+01 5.532418000723399132e+01 6.527104135156868381e+01 5.762752178221231958e+01 4.800807355532752752e+01 4.363781328139659621e+01 2.487437806391751494e+01 3.835232846516947802e+01 5.239987518323232507e+01 4.783129773911974070e+01 4.783209817950346121e+01 6.791796294927451072e+01 7.635430924879602799e+01 5.807147148646249946e+01 7.466061756312642217e+01 8.292735312408929360e+01 8.785153129675562411e+01 9.610787225096878217e+01 9.933315146175758059e+01 9.371279107017060994e+01 7.723574943082161326e+01 9.371279107017060994e+01 1.063468946682839800e+02
0.000000000000000000e+00 1.979911306779638736e+01 2.047029881766523829e+01 2.000171831667558919e+01 1.266181985956781553e+00 2.061125076210680263e+01 2.258275894975013642e+01 2.289364237034838112e+01 2.280325214578012094e+01 3.351484252182213908e+00 3.949641205991312631e+00 2.933870696898654984e+01 1.528143238387194813e+01 2.082628362378468978e+01 2.747004249680569288e+01 3.695929508021126253e+01 5.691157030838992625e+01 7.328340267618150961e+01 5.401341598567291413e+01 3.411391366661892732e+01 4.421755541003943790e+01 2.439598483871697354e+01 4.360923494458083383e+01 3.372544206468233341e+01 5.370918267896687581e+01 6.658382892679198051e+01 6.807815259100749472e+01 4.802177517824393504e+01 5.463075292829740448e+01 7.466061756312642217e+01 6.787202686843450294e+01 8.458063664374719792e+01 7.938372664165842707e+01 9.348461962316373786e+01 9.697988185146654416e+01 1.050779253003040452e+02 1.087469409048492111e+02
0.000000000000000000e+00 2.865951995192861923e-01 5.732270364021978537e-01 8.600679335463423669e-01 2.055840289227470308e+01 2.833557535932891014e+01 2.857858490300096577e+01 4.311344229315263732e+00 3.761395116448405851e+00 1.929180846470138277e+01 7.222948831397564717e+00 1.004541948760587999e+01 2.966824518776756747e+01 4.005217492935391732e+01 4.690393090144500121e+01 5.532418001357921611e+01 6.553090012365778705e+01 6.526694967596061758e+01 4.563285095707415451e+01 5.401367343541625843e+01 5.250401006894028910e+01 4.377010987767947370e+01 2.390847062510457022e+01 3.640835444190928882e+01 3.823059198597309205e+01 5.240733836204998397e+01 5.229540151680868121e+01 4.040681725740071073e+01 5.963954162029590833e+01 6.365484154342791356e+01 5.629674208024547966e+01 7.368903201909256495e+01 6.524291823192403683e+01 7.938372664165842707e+01 9.933315146175758059e+01 1.030159155249926357e+02 8.932391209006300414e+01
0.000000000000000000e+00 1.999997176280489342e+01 2.063469754689183944e+01 1.766500292652889659e+00 1.333538109806461058e+01 3.302209352197976244e+01 2.513452659753885143e+01 4.167976150588727613e+00 1.890308282221296921e+01 2.693022103326438810e+01 2.449771371780344964e+01 1.329381808566592760e+01 3.213583368724734868e+01 4.375241740290506698e+01 4.942115021236067207e+01 5.624131743520263171e+01 6.490194428454560693e+01 7.269037000190601816e+01 5.960877773781047040e+01 7.085467006635393261e+01 5.238182027804690932e+01 3.230601030909203786e+01 4.331013441786957685e+01 2.341379488678604659e+01 2.370725635371089268e+01 4.410154815268401052e+01 3.222791355744092812e+01 3.579773576035031368e+01 3.954032428608844185e+01 4.357836377559375052e+01 4.846638549954185748e+01 5.366215913872287757e+01 6.263852597121292831e+01 7.419289035812234090e+01 9.415312748869560266e+01 9.500880059517218967e+01 7.529759528520662570e+01
0.000000000000000000e+00 1.978432931334159406e+01 3.026392821076004580e+01 1.407277287664079601e+01 3.031613655854357248e+01 4.107760240723544598e+01 2.517719465786123223e+01 8.988735477330941137e+00 4.576025105756934330e+00 2.533600583545283769e+01 3.664725005633616917e+01 3.213327450570519517e+01 2.007058853576981150e+01 2.510866034692156035e+01 3.069834692554686484e+01 3.720109068620744353e+01 4.798522785372519905e+01 6.819724809874423954e+01 7.898734787764877296e+01 6.255240283449963101e+01 4.230473161116641023e+01 5.235572938723024095e+01 4.294101027403958426e+01 2.305819105693313276e+01 4.239826291813025705e+01 2.808462457917371324e+01 4.806478206202187664e+01 5.590718696945137367e+01 5.377232118579065201e+01 6.365484154342791356e+01 6.851810602988096832e+01 7.368903201909256495e+01 8.195483182254471899e+01 9.088814608054227051e+01 1.024061687540682328e+02 9.393377896497501922e+01 7.420114393364848127e+01
0.000000000000000000e+00 1.999999999999964473e+01 3.694377672725256900e+01 3.802592361220489892e+01 4.603598536429596066e+01 4.031453474140275972e+01 2.766003865527040517e+01 1.766996616002542453e+01 4.866392251276762337e+00 2.666171675380964601e+01 3.392054708932937501e+01 3.849122262940904449e+01 3.875677969157300140e+01 4.375239793744868422e+01 4.942115021237407291e+01 5.624131743520263171e+01 6.483894064842552041e+01 7.715724084705594521e+01 7.693226990661712250e+01 5.659606686810628418e+01 6.255240283449963101e+01 5.603975032396702005e+01 3.673213012648621856e+01 2.270165158200978084e+01 4.265448762117193837e+01 4.801582193879944072e+01 4.528254739695900355e+01 6.645774810910964447e+01 7.380994550746196126e+01 6.836872167857588067e+01 7.445446499186991218e+01 8.128935773509196849e+01 8.928234592180646700e+01 9.770405756346001169e+01 1.095199052743282948e+02 1.019306781965378406e+02 9.061014323623795974e+01
0.000000000000000000e+00 8.934225221632248193e+00 2.035303360331357325e+01 3.969387824044726898e+01 4.399494724697650128e+01 2.793737483068623817e+01 1.592241200643744392e+01 5.280292458148863055e+00 7.566651766980083238e+00 1.001349794936191984e+01 1.385389388974360259e+01 1.822181871996464153e+01 2.303655341347108987e+01 4.343532976899297893e+01 5.732729518599789742e+01 6.432480383412163860e+01 7.068409866801280828e+01 8.303004380696945930e+01 8.533156749102133176e+01 7.693226990661712250e+01 6.713984850890966527e+01 4.781933109399082582e+01 3.387172878838639178e+01 2.234184580798387998e+01 4.223268250654910361e+01 5.787596317312999616e+01 6.467676555843299013e+01 6.911310907009406890e+01 6.030718560195869316e+01 4.629111248873388718e+01 5.251200542647616487e+01 5.967552910355420437e+01 6.813492541265721059e+01 8.057710751434139240e+01 1.011739377393370063e+02 1.076855676362566498e+02 8.850420544219268493e+01
0.000000000000000000e+00 1.414213562373082489e+01 3.414213562373011257e+01 4.772587235473568512e+01 4.479577597457726057e+01 2.523548289377260190e+01 1.419818053570659799e+01 5.572809775129675458e+00 1.920065002617984717e+01 1.075893168221540641e+01 2.856187411020653144e+01 3.849208188539748932e+01 4.343532976899297893e+01 3.051207310813049389e+01 3.634105890740140410e+01 4.330305854465985504e+01 5.396691500879477132e+01 7.506039386519960033e+01 8.186593088741841484e+01 7.196128650043019093e+01 6.392151695099368425e+01 5.654160678348598168e+01 4.200569702739890943e+01 2.197824558121167016e+01 3.431328825427379314e+01 5.026359756303660475e+01 5.793550037867332492e+01 5.334538672151729344e+01 3.829208516041887833e+01 6.030718560195869316e+01 7.445446499186991218e+01 8.128935773509196849e+01 8.928234592180646700e+01 8.842237005085139856e+01 9.677183849259388637e+01 1.021877997955382540e+02 8.283627507902595255e+01
0.000000000000000000e+00 1.154700538379241515e+01 2.568914100752311569e+01 4.568914100752140683e+01 5.246645062429452366e+01 4.130564578150081445e+01 2.598979868822598860e+01 5.865558728995890370e+00 2.256754894814061885e+01 2.290131862576345512e+01 1.420107218711349262e+01 3.267463371958542950e+01 4.596092579274816359e+01 5.127566342275709843e+01 5.732729518599789742e+01 6.432480383412163860e+01 7.269220483093077689e+01 8.346585118143087811e+01 7.399166785969121918e+01 5.385136604229613511e+01 4.323033281490459245e+01 3.585117529427036942e+01 4.222272836867431067e+01 2.160993882786780773e+01 3.889089157054018386e+01 3.946887705865888307e+01 4.695789707289390691e+01 3.164528051150171351e+01 5.334539264629349020e+01 6.912570044121761725e+01 7.190710111984951425e+01 7.354167763976543881e+01 8.186758877348853503e+01 6.834036984873021936e+01 8.516474002426926404e+01 9.677183849415291661e+01 9.637919383063830026e+01
