MOVIE_S1_data/elevation_000052.asc
nrows	100
cellsize	150.0
xllcorner	0
ncols	100
yllcorner	0
NODATA_value	-9999
[rows 68 to 84 of 100, columns 37 to 73 of 100]
7.683549195479690752e+01 8.852464095901829921e+01 9.624051619298755611e+01 9.539031614739116094e+01 8.364154667080612171e+01 7.457555992219376151e+01 6.094394931888226807e+01 4.056313264989219647e+01 5.501365017777546740e+01 7.526095553587130382e+01 8.730922341451315560e+01 7.746316957241300827e+01 5.692761942286214349e+01 4.541368205410896053e+01 6.209803467831880397e+01 5.616388224299052467e+01 7.643447081867232384e+01 8.183436001390633407e+01 7.583542246857474822e+01 9.030012504256480099e+01 8.312751501698787138e+01 7.469799936857650380e+01 5.734151866831813749e+01 6.383077317626972302e+01 7.410249327119854001e+01 8.591811332508628141e+01 1.062216487267247516e+02 1.128205234875893552e+02 9.251514688229329408e+01 1.128205234875893694e+02 1.287179425284609522e+02 1.204567778822008961e+02 1.287179425284609806e+02 1.278597425868427564e+02 1.360330059702758376e+02 1.312851140970016957e+02 1.229891133399408574e+02
5.989896396758919650e+01 8.021016960660647044e+01 7.588620719039411711e+01 9.032458824823606847e+01 8.241183905256164621e+01 7.228513763085298649e+01 5.823171200611819387e+01 3.778610186446000085e+01 5.229881363005204520e+01 7.258787191941469530e+01 7.482685879718840738e+01 7.027560969748260788e+01 6.426840875243486551e+01 5.891798344558294076e+01 4.206375243402600717e+01 5.616382775763364776e+01 7.642879122449635076e+01 8.182298446541122416e+01 6.095025453640332813e+01 7.783293473422735076e+01 7.169596615732240252e+01 5.423036492849263368e+01 7.437212236325055414e+01 8.425371802628629325e+01 7.833557344356255214e+01 9.870262654485304665e+01 1.146208928034720458e+02 1.051479870998193320e+02 8.477866529977940502e+01 1.051479870998193320e+02 1.186222712436547226e+02 1.001630720239940189e+02 1.186222712436547795e+02 1.167824681570171066e+02 1.251364418533723324e+02 1.212105072006006026e+02 1.027898226800655266e+02
7.111378092970964815e+01 6.909555404837354331e+01 6.168459836021636278e+01 8.184790999440878068e+01 7.400847118191968832e+01 5.377010037992901914e+01 4.359078152944743323e+01 3.525437258050634881e+01 5.560244591777836831e+01 6.604587243350862025e+01 5.456052221878253050e+01 5.221393245130604299e+01 4.610666546360814522e+01 3.884861289471405144e+01 4.624964208964800605e+01 6.756885776593411208e+01 6.357306006073493876e+01 6.528766178756926308e+01 5.673397851782950596e+01 4.949304414279102815e+01 5.136449354390370559e+01 7.154215114331779546e+01 7.100285144862638731e+01 9.159284111436662101e+01 9.870262654485351561e+01 1.071054345269811421e+02 1.130553947762385718e+02 9.276513548997486680e+01 7.831229702052777952e+01 9.870801484288820404e+01 1.103099249530974930e+02 8.980628197111620636e+01 1.103099249530974930e+02 9.697937024557656116e+01 1.136413655050210707e+02 1.128894680100032417e+02 9.256700916048629324e+01
6.909555404837351489e+01 4.913916967307336137e+01 6.909555404837354331e+01 7.617166039459904425e+01 8.241094330563559822e+01 7.082977042740303375e+01 5.314334543093144703e+01 3.302297994402653103e+01 5.028834890443697958e+01 4.569642523174200477e+01 5.280088958676829236e+01 3.444888887235222796e+01 3.569442919733629083e+01 5.580591954437099389e+01 5.954424030915500765e+01 6.114831262042985571e+01 4.349056130538816234e+01 4.520241280051775590e+01 4.692338762917866291e+01 5.024346756614571774e+01 5.363814806565088844e+01 7.322912716222811014e+01 8.819178881926973190e+01 1.001477870221247031e+02 1.088596832658003990e+02 1.172394135874330345e+02 1.084292124308648084e+02 9.325787318162056749e+01 7.285136820097848442e+01 9.325787318162056749e+01 1.034753772924370310e+02 8.292080017209427467e+01 1.033601612131695475e+02 8.551146546926722181e+01 9.435612924562379078e+01 9.814591376667229383e+01 8.609046629247785631e+01
5.395383749004253815e+01 4.253351663845457864e+01 6.244344109030554080e+01 5.643977492689586484e+01 6.407301967262549169e+01 6.243431640747894562e+01 4.219117934687886162e+01 3.082916682827125499e+01 3.028550482240079234e+01 3.148921653581938429e+01 3.270648076318825304e+01 5.279576544900229607e+01 5.580508501008862510e+01 3.786632614509841233e+01 3.946245935384933290e+01 4.107215296423542839e+01 6.113377692450784195e+01 6.528560363586950643e+01 6.703145773490170711e+01 6.317353151394268451e+01 7.322912566438075999e+01 5.958068110237250181e+01 7.978397434615041561e+01 9.454042955122979208e+01 8.860920045959339575e+01 1.088596832658003990e+02 1.000752685785881653e+02 7.969584551074214573e+01 6.790726242644990407e+01 8.830920318338759500e+01 9.750795296205305362e+01 7.699158839370730334e+01 9.647746459446921108e+01 7.646322832469518005e+01 7.394134989699377059e+01 7.773729314686639214e+01 8.320313723241081050e+01
3.406745595159079443e+01 5.395020754373756233e+01 6.219367860062232012e+01 4.222082106500760545e+01 4.247579897804633475e+01 5.669286766630429497e+01 4.863452377202859367e+01 2.862541703574850871e+01 4.867907110433910134e+01 5.158400212888145830e+01 4.429183880697623721e+01 6.108848423266419303e+01 6.402954989627836824e+01 4.392191444458479310e+01 5.955097810312126683e+01 6.114831262042631010e+01 4.812343239919834303e+01 6.232580726909295521e+01 8.257909077025448141e+01 8.324483914860910261e+01 8.819136253814076554e+01 7.117990803122123111e+01 6.772719950904355812e+01 7.418007011837948994e+01 8.860920045959338154e+01 1.088596832658006122e+02 9.836647000394422946e+01 7.799254416622001429e+01 6.358818164894283598e+01 8.395992888723273495e+01 9.199763151890461188e+01 7.152244791768163168e+01 8.472787794498381686e+01 6.875442123397726846e+01 8.320917054536687374e+01 9.814591376667178224e+01 1.035961803787707964e+02
4.160107536974802400e+01 4.303469053094142538e+01 4.346155169388706696e+01 4.376503526117987519e+01 2.877599637515947961e+01 4.527669007943311641e+01 4.613278547978062250e+01 2.764008559672224052e+01 4.172051234386051277e+01 6.184836554809341180e+01 6.441559952576641024e+01 7.272695605020874154e+01 5.809771121663825255e+01 5.809771121667098726e+01 6.031223712671211246e+01 7.667243351277612362e+01 6.827436849050282319e+01 5.663976961086820694e+01 7.096518286705425282e+01 9.131314303612592198e+01 9.992827447505891314e+01 9.153734750818964017e+01 8.810191857247957614e+01 9.454042955122979208e+01 1.029243070242644791e+02 1.013672205009440148e+02 9.279018055009883881e+01 7.996503933140802189e+01 5.964942734163401639e+01 7.996503929670014088e+01 9.097476937398270991e+01 8.464295118049120958e+01 6.431445049022816818e+01 8.472787794498381686e+01 9.757559890799389279e+01 1.119420272643773870e+02 1.126805799430501480e+02
2.268195815624518730e+01 2.311249788996009258e+01 2.354079078527729507e+01 2.396725922471545545e+01 2.439250321210968764e+01 2.456351580252839284e+01 2.614829884126232074e+01 4.590707269221610431e+01 4.022116815146895874e+01 5.442109950786316119e+01 7.461392776149739348e+01 8.675188553881640985e+01 7.240701676313082658e+01 7.835330221905086034e+01 8.056768736877646120e+01 8.894431369633466034e+01 7.691557137703594549e+01 7.096442667739049170e+01 7.096442667739049170e+01 9.128290562256486851e+01 9.900941461877660288e+01 9.062613815382785276e+01 9.900941461761681239e+01 9.717935742819346956e+01 8.878217271446153802e+01 9.279018055009883881e+01 7.044373392083984697e+01 7.519081263142822991e+01 5.594742305171912022e+01 7.450255501495988142e+01 7.054022803774931560e+01 7.855866966716438071e+01 6.174583824459208614e+01 7.615951539702167850e+01 9.656120460659961680e+01 1.018619115316390520e+02 9.244070378751342787e+01
2.741211762462557999e+01 4.271378394995783623e+01 4.321450092489629213e+01 4.189163164494212310e+01 4.428905480644475290e+01 2.500733544695722443e+01 4.467776901042854121e+01 5.411283401333044196e+01 6.032962999432378837e+01 6.870812721963820024e+01 7.702772564626449991e+01 8.536096060005952779e+01 9.270890493831976187e+01 9.211118377125305301e+01 9.211118378934132522e+01 1.004875925128427525e+02 9.720632237905412865e+01 9.128290562256486851e+01 9.128290562256486851e+01 9.965236493616656333e+01 8.882732226070282877e+01 7.021010840825017851e+01 8.882732226070282877e+01 8.536150803628265749e+01 6.823165656126407441e+01 8.536150792791701747e+01 7.656061034743170524e+01 5.548468363183022944e+01 5.233329533316263849e+01 5.424094985970271665e+01 5.620189528567525628e+01 5.821308895990584631e+01 7.855861155121678507e+01 8.822262009311563702e+01 9.277551937494135359e+01 8.154412036585884493e+01 1.018619115316390520e+02
3.291531974275568473e+01 4.297691884727079525e+01 6.063347640776196812e+01 5.965693838529427495e+01 4.559152241898132019e+01 2.552185354947213725e+01 3.910110878280310232e+01 5.599701231930497869e+01 6.995281819256321398e+01 6.298169075084057766e+01 5.716363259959024390e+01 7.702772564626449991e+01 8.625037707225810379e+01 7.201316163167223294e+01 7.201316163167359718e+01 9.211118378934132522e+01 9.846393635379691034e+01 9.012609024307117522e+01 9.846393635379691034e+01 9.366323327524678177e+01 8.041812328094360396e+01 5.963839251478738390e+01 8.041812328094366080e+01 7.683246484178422975e+01 5.612319561942241108e+01 6.621445833890038557e+01 6.777675852671571022e+01 4.998708112396607817e+01 7.011674885641362209e+01 6.845986558522547227e+01 7.650378197915075873e+01 6.825865693691179104e+01 6.370965832689721964e+01 6.785519085101343251e+01 7.241443744130454263e+01 8.262040172689124518e+01 9.701433690630231865e+01
4.004331017785665381e+01 5.919210574925629942e+01 6.614184379514071566e+01 5.549025075882777713e+01 3.450596777774211432e+01 2.600258181458242390e+01 4.596214212314465186e+01 5.746387219528817525e+01 5.314674898885445486e+01 4.372748950068563545e+01 6.298169075084057766e+01 7.686284267700099804e+01 6.856028700735606662e+01 5.808777281487999744e+01 7.789973603319836570e+01 8.932738304487629932e+01 8.101652394895027953e+01 7.020039506957800768e+01 8.847126550258830946e+01 8.534422659256432553e+01 6.477580589251806487e+01 5.209322254223270221e+01 6.516177474605935060e+01 6.268514684224149391e+01 4.890510044364889097e+01 4.634210774870470573e+01 4.776603485796565707e+01 6.777675852687725921e+01 7.852523034417511383e+01 8.834420234410575290e+01 9.555436590796504959e+01 8.209484330323044787e+01 7.811285648163931228e+01 8.227569822572789349e+01 8.419638088574028245e+01 1.011384511348642405e+02 1.112663086564176638e+02
5.403745669006251973e+01 5.960702872595475554e+01 6.988071690761925936e+01 4.955190874174336102e+01 2.771209968488732756e+01 2.647801026811253067e+01 4.646899474467016944e+01 3.960319987187364177e+01 3.419121122714267358e+01 5.301412429052423647e+01 6.694998904968484510e+01 6.085413739454907045e+01 4.891338338061669333e+01 6.856028700735606662e+01 8.162968256057349947e+01 7.778984086068747672e+01 6.106629183878231970e+01 6.021087225224135864e+01 8.016324265632459856e+01 9.030666078866181579e+01 7.073814220744793602e+01 5.590959379575340904e+01 4.392190190208400224e+01 4.297653448721388969e+01 4.435345973400497144e+01 6.412146312389410241e+01 5.178435175872259322e+01 7.128813646736686849e+01 8.405994202495830336e+01 9.109270100529155911e+01 9.957624003478640873e+01 1.017483750637097017e+02 9.843537759858111258e+01 1.025798345301461438e+02 1.044948394800674691e+02 1.128267288506995669e+02 1.056421483242686605e+02
7.305316507162619644e+01 7.858225868970798444e+01 7.286706627656808166e+01 5.284494334269616189e+01 4.873600787223219299e+01 2.939136781549721533e+01 2.716246381309036906e+01 2.764944498638633164e+01 2.814082854711350024e+01 4.111006483737353534e+01 5.641386710561117468e+01 4.115289326766933442e+01 6.005907998861960806e+01 7.119498469889683179e+01 6.168820323381640236e+01 6.168820566625124968e+01 4.958646256301317123e+01 6.949825206974061587e+01 7.930460274696126532e+01 7.944514144257034616e+01 6.713967348069355978e+01 5.878893368141353193e+01 4.102088162767823576e+01 6.068823108255844545e+01 4.543290012798430411e+01 7.131674612873010233e+01 7.128813646736686849e+01 5.771377375209021210e+01 6.332245728026452269e+01 6.999442406429174923e+01 8.063351421961304766e+01 9.556345053907031684e+01 1.160092542219267955e+02 1.038595958105158132e+02 9.543399827215841924e+01 1.038595958102658585e+02 9.726350025945957611e+01
8.540418850358160796e+01 8.098483990328367099e+01 7.103125800781049293e+01 5.384517239819671630e+01 3.374350625434770024e+01 4.882087746166401132e+01 3.477023791674998421e+01 3.344812210444619183e+01 4.805691938483274583e+01 2.884655355636159868e+01 4.903878078463206691e+01 3.604433251595551013e+01 4.732329314165485812e+01 6.436354900942546919e+01 6.168819978779145430e+01 4.177499724054683838e+01 6.138789479487026313e+01 7.198451440867719953e+01 6.059600259874870432e+01 6.237585606828452711e+01 5.104964164257156511e+01 3.907338032318540400e+01 5.291620578587343715e+01 6.905607105504400067e+01 6.252046405948419761e+01 8.065396578490243940e+01 8.636094887476905058e+01 6.898981674250678964e+01 7.398631744173239611e+01 9.109270100529155911e+01 9.957624003478640873e+01 1.099363607958491826e+02 9.967651199213575808e+01 9.128136255240428909e+01 7.504783193107365946e+01 9.352438060376178441e+01 8.675982005904218397e+01
7.706495566280939613e+01 7.268278243111078041e+01 5.283185888196650382e+01 4.281659013176582107e+01 3.815522663173238271e+01 5.805228985461020130e+01 5.492047049893722743e+01 5.206392610819432321e+01 4.548714344725204484e+01 4.820284003152330143e+01 2.955910083387483311e+01 4.683642547176940241e+01 4.935358557850472749e+01 5.146259348484250751e+01 5.376309735910227516e+01 3.704583702538401013e+01 5.210851721972720441e+01 5.267515805730852918e+01 5.011160663790283110e+01 4.392999049265809930e+01 3.705398924390248538e+01 5.690914882991727097e+01 6.713972282124876756e+01 8.136323985600611763e+01 8.473029850547663955e+01 9.316226942472802364e+01 9.834525729696240148e+01 8.985233653404110044e+01 9.480902305675688524e+01 1.032650097748191058e+02 9.811908347796259022e+01 1.066390528860671054e+02 9.128136255240428909e+01 7.102191059631495307e+01 6.499764910114119232e+01 8.400936220052702197e+01 7.537706686478234985e+01
7.886192129350288837e+01 8.098483990329671656e+01 7.103125800787775290e+01 5.435994765059688660e+01 4.834380251034390596e+01 4.568356259544343345e+01 6.547609444448544025e+01 7.401515800135094025e+01 6.547704823818126840e+01 4.969339708857820170e+01 4.782260530428297329e+01 3.027989433754401105e+01 3.079091256522026399e+01 3.130245292335083107e+01 3.182470905860676424e+01 3.234955700428776026e+01 3.433499176616226833e+01 4.151137670681123382e+01 3.437786442883442817e+01 3.495638512815943244e+01 5.503130138811987848e+01 6.417675258480450395e+01 7.082203182256259311e+01 7.923783609252248539e+01 9.531052311071529459e+01 8.936590312058125107e+01 8.939653342252631774e+01 9.777752992329040183e+01 9.454382085560465043e+01 8.831697088147720365e+01 7.626609251291536395e+01 9.423934373740119952e+01 9.128144725458575692e+01 7.695576128733955557e+01 5.681308431250653967e+01 7.300643934522906875e+01 5.562430518134462432e+01
6.468479942112836056e+01 8.472468142705446326e+01 8.259384837603376184e+01 7.423816289258193990e+01 5.972992147372125515e+01 6.547609444448544025e+01 5.374695775979771639e+01 7.356662322208207172e+01 7.779343477315777022e+01 6.609774097432479323e+01 4.508542324305391702e+01 5.236670744356304397e+01 5.125343513453874067e+01 3.404458614515647952e+01 4.101752269224042635e+01 5.243492923798785199e+01 3.308604903034625266e+01 3.360356880282324710e+01 5.074533032926810705e+01 5.504075564148001121e+01 3.588362701476147265e+01 5.584700741746643615e+01 5.081355055258189424e+01 7.082206869168000196e+01 7.511475972639064480e+01 6.921174285733076204e+01 6.959974363472507264e+01 8.914149086648724563e+01 7.259706642865525339e+01 6.608566880508719521e+01 6.314990644171610512e+01 8.550215131503898647e+01 7.700077233873605564e+01 6.272040753157479998e+01 5.102893810092947291e+01 5.283711286971801258e+01 7.300643934522798872e+01
