MOVIE_S1_data/elevation_000617.asc
nrows	100
cellsize	150.0
xllcorner	0
ncols	100
yllcorner	0
NODATA_value	-9999
[rows 68 to 84 of 100, columns 37 to 73 of 100]
7.716005712929293736e+01 7.017040143074241598e+01 7.853581062323765138e+01 7.821501738961974581e+01 7.109071725688208687e+01 7.330303663938565251e+01 5.340850542603934770e+01 3.565437057766813922e+01 2.518100343590186441e+01 4.500515300170854971e+01 5.582957181115247636e+01 6.516804198432474493e+01 7.594799313495947501e+01 7.172850488897685750e+01 5.238755994869274701e+01 6.260930671458829266e+01 6.039877172395096494e+01 4.460133892437433190e+01 6.389170755936932267e+01 6.185178519795088192e+01 8.133129226645860399e+01 9.630104778297304335e+01 8.908948331431939494e+01 9.420590578681991190e+01 1.001856827938709955e+02 1.083741302980586454e+02 1.182683742370224849e+02 1.192609470741764000e+02 1.108619475653712101e+02 1.165822929623472248e+02 1.081910708979760187e+02 1.165822929623472248e+02 1.207086947714538070e+02 1.193714539658984535e+02 1.112057561655045106e+02 1.193714539658984535e+02 1.155538677351113677e+02
7.662361277620381372e+01 6.806509639526994704e+01 7.562079167358734821e+01 7.056982965781377004e+01 5.382166346674539881e+01 5.904015298627651731e+01 5.668148112216518797e+01 4.435775398068295061e+01 2.482496895130785219e+01 3.085265921726950111e+01 3.663465058814961850e+01 4.545772501992636450e+01 6.649660002183141216e+01 7.988435745943283450e+01 6.095215054399498911e+01 7.988435745943283450e+01 7.198910084901845607e+01 5.820663128011762666e+01 4.833519354775782517e+01 6.755720072414550259e+01 8.000462676132903539e+01 7.652156491082993739e+01 6.933953136515565063e+01 7.439008675866415388e+01 8.035300613148815785e+01 9.028322630120166536e+01 1.043041737304127849e+02 1.240518673764419759e+02 1.157815325144042191e+02 1.076407821417448361e+02 1.157815325144042191e+02 1.150100330644148556e+02 1.011106721300934055e+02 1.095498394790970451e+02 9.159173314262936572e+01 1.095498394790970451e+02 1.222709285289113126e+02
6.202544998522315467e+01 4.765035314310215142e+01 5.618711595809460846e+01 6.452455013175850240e+01 5.912442933889878560e+01 4.120124115879417559e+01 4.537920273666995996e+01 4.331549117075748256e+01 2.446200010456571050e+01 4.449104018107033909e+01 5.583233474503499849e+01 6.511825458700232616e+01 7.594807046108918769e+01 8.866627939626678767e+01 7.467623666897091539e+01 8.866627939626678767e+01 8.577008698738437431e+01 7.401147251959480400e+01 5.469263099017980778e+01 5.259808254981591347e+01 7.185989120601016111e+01 6.273544911534997937e+01 8.231532272203430978e+01 8.840452925690516395e+01 1.001856827938709955e+02 9.655579185875777171e+01 1.163368452770788366e+02 1.186481358898584944e+02 1.059220059059844630e+02 8.789458001799283693e+01 1.059220059059844630e+02 1.051803128711002557e+02 8.720738584097856005e+01 1.013987446540668458e+02 8.172456014682484238e+01 9.444287001437378137e+01 1.129731873190114158e+02
6.021609974583397928e+01 5.410739161608519510e+01 3.568843132697029574e+01 5.618711592804497457e+01 6.552791272928025990e+01 4.990374631958640350e+01 3.193370856511939593e+01 4.069915824709029550e+01 2.411057090622788124e+01 3.324922630824983116e+01 4.407882477874416338e+01 5.809307170057233094e+01 8.266436687318024212e+01 9.793105585105480770e+01 9.445764446824705374e+01 9.915959044821913437e+01 7.953628929424537830e+01 6.575956459710602076e+01 7.393354820910693093e+01 5.958051861336714694e+01 5.729240716518511789e+01 7.666310007327533071e+01 7.868525721698188136e+01 9.846726195239649826e+01 1.163954838484076788e+02 1.163368452770788366e+02 1.157815325144042191e+02 1.059220059059844630e+02 9.064335770381846658e+01 7.761705159758459160e+01 9.776768107986883649e+01 9.702909295243954091e+01 7.732380374161186865e+01 9.444287001437376716e+01 7.472999885458435188e+01 8.514383329403401035e+01 1.048078864396386649e+02
3.843138506092806495e+01 3.129113458201015874e+01 2.875728097124843075e+01 4.588855147374139420e+01 4.940432780496895049e+01 4.701665118472848803e+01 4.231596809543721349e+01 2.363697381612647774e+01 2.409026532418346278e+01 3.535712728659931514e+01 5.022660506790999335e+01 7.462907990393692614e+01 9.029201570374472396e+01 7.872902369851158255e+01 8.797510019114564273e+01 9.617000736625185198e+01 9.341372769551057331e+01 7.953628929521532598e+01 8.706376931048188794e+01 6.965649784988404747e+01 7.089341335287589629e+01 7.089341335287589629e+01 9.059235600430761792e+01 1.066589888392230137e+02 1.061901274175399976e+02 1.143944289236924448e+02 1.076407821417448361e+02 8.789458001799283693e+01 7.761705159758459160e+01 6.998740007802685170e+01 8.394168010207302189e+01 8.958119370037459817e+01 6.982910819304173344e+01 8.234532024620382629e+01 6.900474853386181451e+01 8.043410256180763440e+01 1.001150572881155227e+02
4.834051808200256062e+01 4.228001951450066542e+01 2.364429336732124654e+01 3.138597633136208742e+01 2.254350235781516787e+01 2.285527042150930299e+01 2.317157601890745866e+01 4.043200236059085029e+01 4.698719468931962950e+01 5.722085823904324542e+01 6.708967663504634515e+01 7.970689309906381936e+01 8.231544147623871766e+01 6.562694084857214705e+01 6.847109440577247597e+01 8.797510019114564273e+01 9.949900621227543240e+01 9.915959284370080695e+01 9.907301018434428386e+01 9.057480248139010826e+01 9.059235600430582735e+01 9.059235600430760371e+01 9.878504313288475203e+01 1.031104908499487465e+02 8.675453835385684442e+01 1.031104908499487465e+02 1.157815325144042191e+02 1.059220059059844630e+02 9.776768107986883649e+01 8.394168010207302189e+01 6.319101621879029551e+01 7.768701524715923767e+01 6.318838718679542410e+01 6.253221717923628376e+01 7.401135986477035544e+01 9.372923480551443731e+01 1.082697255890239347e+02
2.747244792528121593e+01 2.149655998603671492e+01 2.180052585173061530e+01 2.210585649313046019e+01 2.406893292551773200e+01 3.118283814822187239e+01 4.235507890663394193e+01 4.982345906629188903e+01 5.370034407400451926e+01 5.650923774661081467e+01 5.519539354885773719e+01 6.246972364653406373e+01 6.576020573345451226e+01 5.496449056037011616e+01 7.418368544000661302e+01 7.157641457377377492e+01 8.546448878022798112e+01 1.052813130873576597e+02 1.087547509526075515e+02 1.006320835464101293e+02 1.022738425036336594e+02 9.412690451852836304e+01 9.868810158141339173e+01 9.055975762157139286e+01 7.554398311121316567e+01 9.496898483976359273e+01 1.070073574436731576e+02 1.096988146404387834e+02 8.992886747205777453e+01 7.548262858255779406e+01 6.498164198542406211e+01 5.780869283240540568e+01 5.683864540448949043e+01 7.674132096221033805e+01 9.050242170943825215e+01 1.018749231177107930e+02 1.073743498254675472e+02
2.106693149027515233e+01 3.778761700953379687e+01 4.123894518901602169e+01 4.208898820193299883e+01 2.416385423491658102e+01 3.062353346687265798e+01 2.900100469448392460e+01 4.646657395797075907e+01 3.490665534176792306e+01 3.741961443121937947e+01 4.017752761432785036e+01 4.318127760165398143e+01 4.645527427216988059e+01 5.063505124569856264e+01 5.786566076281911108e+01 7.157641457402077378e+01 9.126870317641095198e+01 1.074261532018273186e+02 9.755048387875562810e+01 8.131001367980438488e+01 9.412690451852836304e+01 7.464206537208396242e+01 8.034904262774843176e+01 7.106330659349038115e+01 6.810657411343932210e+01 7.941550721358559883e+01 9.884416523946110544e+01 1.001691993646966097e+02 1.039036360029305683e+02 9.388506686941580881e+01 8.540909189584075989e+01 7.345345533976761487e+01 5.353008051827253411e+01 7.345345533976700381e+01 8.100572027515792684e+01 1.006591941032289270e+02 8.765758172875722209e+01
2.076314693063935479e+01 3.537477383782489682e+01 4.129029464135089711e+01 5.240383087926106498e+01 4.943921292542334811e+01 2.648955570234100421e+01 4.565273507964737121e+01 3.169474408102361807e+01 4.429466411658093250e+01 5.650923969033382832e+01 5.369956827347577644e+01 5.425175906684187055e+01 6.576020573345451226e+01 6.998197461478565629e+01 5.844901479395750243e+01 6.810953196900389628e+01 7.940658505889528840e+01 9.918689206441216299e+01 8.947648130762455310e+01 7.004119688142176869e+01 7.825551461237941453e+01 8.034901581712037455e+01 6.070581595848717882e+01 5.964218296603340974e+01 7.106330659349038115e+01 9.055975762157137865e+01 9.413408384312512567e+01 7.944438046063049796e+01 9.413408384312512567e+01 9.392942854526383201e+01 7.418830406215447226e+01 6.011101897750243950e+01 5.115663332559846310e+01 6.116412988069148327e+01 8.101079256542672624e+01 9.018566507652785447e+01 7.367308774907199620e+01
2.045925831353049773e+01 2.734675092860348755e+01 3.982132312146445940e+01 5.135305153240198450e+01 5.660529326215674928e+01 5.432063684974155393e+01 5.671303549885059425e+01 4.871101869544406071e+01 5.800901470308579633e+01 7.172353048994439462e+01 7.315381174582572044e+01 7.369567180288554198e+01 8.187484249812557380e+01 8.613096395466295974e+01 7.216884410905527147e+01 7.216879078648042878e+01 9.185852373351482925e+01 9.663152191074445341e+01 8.682136480483542584e+01 7.825406618773988043e+01 5.861942916346018961e+01 7.292450850082833824e+01 5.316594566176633663e+01 7.292451045701038481e+01 8.741032625316819349e+01 9.868810158138875011e+01 8.551453937876831901e+01 6.511535134675159497e+01 8.551453937876831901e+01 9.968912618882099252e+01 7.997034555500940201e+01 6.887429831113925616e+01 4.893843306440893315e+01 6.887429831113924195e+01 8.163753775534067358e+01 8.131648329357714999e+01 6.217758271542666648e+01
4.214570980431584246e+01 2.002789158717009244e+01 3.668747701782922377e+01 3.787420658549590513e+01 4.807456547778935629e+01 6.534958588737003993e+01 6.473106050024017577e+01 6.868706373506680052e+01 6.087354754746001362e+01 6.573412665302689106e+01 7.127327860779358559e+01 7.776400330987588916e+01 8.571283043604822183e+01 9.537495064961704827e+01 9.186641333916622898e+01 9.186272004677431369e+01 1.000732904638876164e+02 8.846295270800310107e+01 6.893065719307075767e+01 5.902158962856839253e+01 5.196205325038848599e+01 6.511704258916978461e+01 4.944685087744198171e+01 6.925543707329499910e+01 8.675690345169557816e+01 9.483641019985921616e+01 7.780437102443097785e+01 5.752630076577664653e+01 7.780437102443097785e+01 9.137442711657263317e+01 8.321855107836920240e+01 6.669913529510661476e+01 4.676017981686743497e+01 6.544588041715519466e+01 6.179720907306494837e+01 6.982306574341004080e+01 5.322327059702245577e+01
3.065064223945278599e+01 1.972000700916914084e+01 2.751396953491349961e+01 4.300332051228489405e+01 5.182855161156864909e+01 5.844041628246105091e+01 4.605026533250345011e+01 5.470374373800972023e+01 4.244434147964208393e+01 4.690849343279237615e+01 5.208424927392749026e+01 5.829074060645189093e+01 6.799901713080498666e+01 8.751478311217121586e+01 9.152799184177635539e+01 8.331968747481600701e+01 9.155954778358137958e+01 9.664579731121516204e+01 8.680470753046138555e+01 7.866201376294326053e+01 6.481610349874019050e+01 4.523896947685420855e+01 4.580477401013343552e+01 6.595051793666129925e+01 6.724086091424868528e+01 8.675690345169557816e+01 7.139188216740424764e+01 5.111567646747189997e+01 7.139188216740424764e+01 8.322052431695033192e+01 6.341482811236976147e+01 6.454270612878895008e+01 4.460379263515690695e+01 4.550367656455264864e+01 4.767173428982872707e+01 4.989040560080641740e+01 6.982306573843915487e+01
4.673310543943028961e+01 1.940917522351961111e+01 2.855833278380164231e+01 2.951917640752294147e+01 4.572939262462528376e+01 4.715409528327403166e+01 3.372130777938758683e+01 3.668855421667765171e+01 5.470381636301910788e+01 6.573412664611656453e+01 7.127327858834122765e+01 7.776400341425701868e+01 8.571283230563787470e+01 9.537492549841543621e+01 8.188866283858116901e+01 6.424479234020908791e+01 8.188872536707424388e+01 9.502581690368386091e+01 8.698445434642020757e+01 7.486714645338430785e+01 5.502796226107292910e+01 4.066415267725420790e+01 6.083852121912605782e+01 5.320532110926028224e+01 7.295697743154181580e+01 7.447314843659493988e+01 6.576827452717640199e+01 4.548403106691809228e+01 6.576827452717640199e+01 8.052384623072435943e+01 6.850739527296823894e+01 4.929981171008324026e+01 4.246553352356358602e+01 5.660126014095057201e+01 6.760798957503286033e+01 6.401698853749748253e+01 6.401698853749752516e+01
4.925244335515691319e+01 1.909452305809814021e+01 2.469012675832633974e+01 3.937404350154893251e+01 4.143876358886929268e+01 2.988267315443655647e+01 4.730448466025395504e+01 5.470278783671292899e+01 4.440499935130056031e+01 6.302774432980159247e+01 8.104554311604496775e+01 9.209300833599152725e+01 8.522363148211765349e+01 7.695468614514442152e+01 7.376929828895727326e+01 5.520060322360193084e+01 7.378017150129755919e+01 8.698445434642020757e+01 6.760219681318817209e+01 7.328034704124357290e+01 5.818863446815994678e+01 3.779156668232594285e+01 4.140080436571241762e+01 6.158504656919262743e+01 6.886679568157104825e+01 5.419018971105863614e+01 5.419018971105865745e+01 4.065036367221375002e+01 6.069721366211179259e+01 6.648180969106846305e+01 5.244007682278206062e+01 4.033510169621494157e+01 5.190005330287919350e+01 7.061458643392160184e+01 8.460144672180676650e+01 8.384017608521631360e+01 8.384017608608691319e+01
5.557865564381101109e+01 4.017981927179565105e+01 1.864372280699613782e+01 3.608684618993983406e+01 2.645905895613923775e+01 4.343360376097494679e+01 5.389947620209195378e+01 6.272171070970171769e+01 6.302477610781971151e+01 5.411054583904113002e+01 6.507908562333535940e+01 8.437225942412425184e+01 7.410225916422160708e+01 5.811295120226998989e+01 6.758490516286963157e+01 4.918940558582416145e+01 6.204445214636015038e+01 8.096044205007707717e+01 7.328034704124357290e+01 5.376462772887450114e+01 4.665187955389733077e+01 4.004829515300892240e+01 3.389339525615827142e+01 5.123466933203333440e+01 4.661570844479270903e+01 5.078522013351069830e+01 3.478656579802102300e+01 5.418835372653062876e+01 6.901883361288111018e+01 5.826872651786605672e+01 3.825664243814834009e+01 5.826869483227309132e+01 6.031304956322979649e+01 7.180529362699671481e+01 9.157793424538908766e+01 9.455301118050189757e+01 1.026662841807166586e+02
6.407121303463442530e+01 3.800302430458698666e+01 1.831915318718748154e+01 3.170917364668144600e+01 2.433173424896689241e+01 2.903510028640033624e+01 3.504605623909736067e+01 4.513981487545596138e+01 6.408948029999582729e+01 7.324914627649870624e+01 8.115595828639911247e+01 7.966001493453465798e+01 6.053373077551552939e+01 4.752618502961566804e+01 5.614276755786165296e+01 4.400245426181569286e+01 5.700531597834260822e+01 7.579783077020064752e+01 7.521809679162912232e+01 7.328034704124357290e+01 6.646124058609754570e+01 6.023205584954408209e+01 5.121341935729498118e+01 3.086882638590497763e+01 2.962639794938321813e+01 3.025007625675853973e+01 3.087548977512799553e+01 5.119544707492940461e+01 5.982497080933787714e+01 5.484781160146633283e+01 3.679321213270974766e+01 4.845608421429064805e+01 6.882002578446846996e+01 8.833560547218785075e+01 9.137598468280421571e+01 7.501081136763033896e+01 9.137598468280421571e+01
5.898186033412611096e+01 4.451776362521914621e+01 1.799023592206192745e+01 2.627674353016640652e+01 2.243170101673575445e+01 4.383058262120984239e+01 5.503783701324299216e+01 6.270647804867698483e+01 6.323711591438064517e+01 7.911503358901858007e+01 8.434803679036176050e+01 7.623095675735680743e+01 6.929168106926154280e+01 5.069630925089093409e+01 3.728222207244176190e+01 5.614103989060095756e+01 7.033577170676198875e+01 6.611363069414004201e+01 5.166550869080319330e+01 6.093499945663757700e+01 6.135938946173367725e+01 5.628205250615509669e+01 4.677340345249304931e+01 2.875004895930276305e+01 3.851551954410162892e+01 4.964918246897276788e+01 5.101203464601445603e+01 3.176536667399156144e+01 5.197032479616238732e+01 3.472929156573010090e+01 5.484290766772109293e+01 6.490550571791038692e+01 7.588614834377887064e+01 8.019703363599008128e+01 8.327031664168745806e+01 6.360120593021647295e+01 8.327031683235505000e+01
