MOVIE_S1_data/elevation_000476.asc
nrows	100
cellsize	150.0
xllcorner	0
ncols	100
yllcorner	0
NODATA_value	-9999
[rows 51 to 67 of 100, columns 37 to 73 of 100]
7.951545644814734715e+01 7.614947234773731566e+01 7.362467325617892300e+01 7.696806083024040390e+01 7.811585622000492890e+01 9.451416685196987544e+01 9.899671167169971397e+01 1.129672238326068765e+02 1.216035480914334244e+02 1.257380534990741126e+02 1.188434718720202028e+02 9.898009831742852782e+01 8.760815688921243805e+01 8.018666395471802844e+01 9.108590777677677863e+01 8.563719698744135655e+01 8.060144481449061971e+01 7.360489785755206071e+01 5.503135003812765547e+01 5.441692454661204437e+01 7.294944966039022916e+01 7.131856560840421366e+01 7.968023254515590281e+01 6.433822823820784720e+01 8.371265180640415338e+01 8.592088040652410541e+01 9.992499605647557814e+01 1.113481778941150964e+02 1.018020149853188911e+02 8.201814013988935415e+01 7.183322834180107463e+01 9.161210430131282578e+01 9.446860551128493455e+01 8.615455577398709863e+01 8.042515959899141365e+01 7.263403957933572030e+01 5.455060680878818147e+01
7.269716026784524843e+01 9.158446536195744159e+01 9.338203021927074587e+01 9.649384547322335948e+01 9.764465193536015875e+01 1.058273376034193660e+02 1.186486005143338787e+02 1.157998056473544608e+02 1.017342475041763521e+02 1.058512900762693505e+02 1.069229657372028868e+02 1.151679025706333590e+02 1.073753478028646668e+02 9.990405190566104920e+01 1.081454911470345337e+02 9.868245214579987135e+01 7.911224675074601009e+01 7.089658530089087662e+01 5.238080931457454881e+01 7.087869230208323756e+01 7.343795628580906509e+01 5.835536294912543553e+01 6.068701206462878162e+01 7.968023254515590281e+01 7.795216107411914663e+01 9.761970666189287726e+01 1.139291083151855304e+02 1.127049968111893463e+02 9.780407798765058658e+01 8.564854881652364327e+01 6.596198867912333696e+01 8.564854881652364327e+01 8.612001052956597391e+01 6.632424563646847560e+01 7.095448008571025866e+01 5.373350011793472447e+01 7.224368477556703283e+01
8.014415981046234094e+01 8.192208710660960946e+01 8.687443576373395615e+01 9.261549519000401176e+01 9.913564743839371829e+01 1.071183287832212159e+02 1.168219508987910302e+02 1.059021866655278501e+02 8.780511164875308339e+01 9.189491653995648335e+01 8.718078232094376290e+01 1.037422085736910446e+02 1.112827201395836028e+02 9.986256137810997302e+01 9.164409926664933437e+01 8.473652481654600876e+01 7.911393088850468303e+01 6.014482333597391772e+01 5.104914859894067547e+01 5.294361718473688683e+01 5.511946140086692481e+01 7.343795629112156576e+01 7.961735205970148854e+01 8.781883903284419546e+01 9.761970666424772958e+01 1.058518620094691443e+02 1.165842056179459121e+02 1.021598309443594417e+02 8.093947503568404045e+01 6.877216364594524123e+01 6.136572845647614827e+01 7.531660518342116006e+01 7.892623185880475489e+01 7.013934365717038588e+01 5.292705894245473530e+01 7.185142964093024887e+01 5.669977928042695936e+01
7.531443569684230965e+01 6.259574363269077679e+01 6.749964959697069844e+01 7.307148964874046726e+01 7.957519069322461291e+01 8.937596289882623068e+01 1.088953319779612059e+02 9.767947127875160618e+01 7.802918587161356356e+01 8.717595191506094920e+01 7.589607913981184595e+01 9.552481082739608098e+01 1.030298777150714784e+02 8.330913081363793538e+01 7.210652826380575675e+01 6.547155665099532484e+01 7.611977066166767258e+01 6.837232282409840423e+01 4.970352618978579073e+01 5.858016176601745428e+01 7.168176563912004440e+01 6.269395402471833023e+01 6.950098109370024702e+01 8.316036119815669281e+01 1.028945978525449476e+02 1.146246262268129357e+02 1.053979388660225140e+02 9.203230753503336814e+01 9.775868251958793564e+01 8.888984015877609579e+01 7.531660518342116006e+01 5.617548652113394070e+01 7.029138587542533401e+01 5.210820195673536404e+01 6.072103714085181281e+01 7.833075732584497075e+01 7.571858165521751971e+01
5.615125693700215237e+01 7.531469952487893238e+01 8.697362675985706915e+01 9.261549519000401176e+01 9.913564743839371829e+01 1.071183287832212159e+02 1.168219508987910160e+02 1.005155879564342740e+02 8.717595191506094920e+01 6.765193469119861902e+01 6.943500963512909152e+01 8.321172370009428221e+01 1.029123400510531638e+02 9.986256137810997302e+01 9.164409926664933437e+01 7.612096915869526015e+01 5.737821129096914774e+01 5.302457496798790970e+01 4.852574760295375000e+01 6.720284742401925371e+01 8.001459393101836781e+01 8.159228461656535103e+01 8.318676857658785195e+01 8.316042383007923888e+01 1.028960859179393879e+02 1.069736997172547603e+02 8.852761342400057742e+01 7.922726370652731021e+01 8.865584035565866827e+01 9.643347338527348711e+01 7.975070800448186503e+01 5.579273227901573051e+01 5.128101230080815043e+01 6.167967867492357925e+01 6.197742622811320246e+01 8.122949308936453860e+01 8.702742220789119187e+01
6.901240924365555429e+01 7.275822632999422979e+01 7.325427444849272263e+01 9.262348897148665117e+01 9.538871621272126333e+01 9.282587316680704248e+01 1.010327475636525634e+02 9.230926610767849638e+01 7.272436048014677112e+01 6.163646264647014306e+01 8.100191557156962574e+01 9.397410281342183680e+01 1.021813746489838621e+02 1.059459137319414737e+02 8.622166413880276536e+01 7.255251640343844599e+01 7.612096915869184954e+01 6.614667937447300972e+01 4.738559489774903710e+01 6.534787894043476797e+01 7.710769159217225877e+01 8.700897971419530563e+01 1.009488721355056100e+02 1.028960859179393879e+02 1.111617952512859375e+02 1.146246262268129357e+02 9.982886019209730932e+01 8.199943357418462142e+01 6.994507731334304879e+01 8.179693323365316360e+01 7.752999107513817023e+01 6.974506778256458972e+01 5.069788320527092651e+01 6.974614324611580685e+01 8.118725372785094407e+01 7.548448713163256230e+01 9.513060739615505668e+01
4.472547453189592659e+01 5.466982060955403711e+01 7.028173163804096646e+01 7.985579188405579032e+01 7.575710920624779021e+01 7.322153497026016566e+01 8.967886756667319048e+01 9.329970918798565549e+01 7.727503241437790393e+01 5.805002947974808336e+01 7.727503241437729287e+01 7.439647793048136748e+01 9.397410281345757710e+01 1.065701267944415349e+02 9.517716625393838115e+01 8.642284318719745784e+01 7.826229396844554742e+01 6.705147071571930439e+01 5.502991112311394062e+01 4.578631878884458217e+01 5.510294005112064752e+01 7.062998805641433364e+01 9.346109020148210789e+01 9.144309236889277770e+01 9.965791873684582924e+01 1.068893345463161495e+02 1.059607116215723295e+02 9.643347338527348711e+01 8.179693744660418986e+01 6.297845882043139909e+01 5.870244575020451094e+01 6.916604485624645804e+01 5.011300343483279818e+01 6.355337694039741336e+01 8.286308868152566731e+01 9.513134458911510194e+01 1.033520416930243755e+02
5.264531725857673194e+01 4.406794569661816752e+01 5.581785475862390200e+01 6.984737463708640348e+01 6.211123533488409976e+01 6.211123575725928703e+01 8.150730323174622072e+01 8.473420413848756994e+01 6.660454200543811965e+01 5.464385093210472633e+01 6.080941977738154236e+01 7.439647793048112590e+01 9.397410281299798385e+01 9.832802511760284858e+01 7.866318681054561068e+01 6.749337871822474710e+01 5.895607051411521127e+01 6.359164079496638067e+01 4.423230674198971002e+01 6.359164079609246301e+01 7.664590080177518416e+01 8.700897933251447114e+01 8.828973895607883549e+01 7.181162260046612289e+01 8.828973895607883549e+01 8.487560740847655438e+01 8.299107624885598966e+01 9.452195368368525408e+01 8.789828922206019968e+01 8.086747811921780738e+01 7.141205937128104608e+01 5.286483507591941589e+01 4.952792790368570053e+01 6.867613339693333785e+01 7.771296997163659626e+01 8.385993303125766829e+01 9.079128940130439673e+01
5.388134038261950565e+01 6.275090553289557249e+01 4.341841363396059705e+01 6.209645418252844706e+01 5.106209225904019178e+01 7.030882383462966345e+01 7.189272993445364079e+01 7.851492602914713359e+01 5.806022916769394016e+01 5.133605138507594035e+01 7.047002563776499073e+01 8.828892616944800409e+01 8.816310659437320396e+01 9.636018497752105816e+01 9.489275223104176860e+01 8.519021820871449791e+01 6.860918206100529915e+01 4.936488325651829001e+01 4.316304786134031701e+01 5.321720426434102080e+01 6.592025900816612705e+01 8.498163954473272952e+01 8.010885824758960894e+01 6.060875834960426545e+01 8.010885824758960894e+01 7.006710369858798515e+01 6.415636095460806132e+01 8.290899577983965685e+01 8.801264749648012753e+01 6.857667688967561048e+01 5.659219674988938920e+01 4.872044827052652494e+01 6.672165476854439703e+01 5.314243004616139388e+01 5.851959860061296581e+01 6.442128844916577179e+01 7.118773278199469701e+01
7.044157555815009175e+01 6.624899804477503551e+01 4.713744040739542385e+01 4.277618221068495785e+01 6.145887043159540042e+01 6.100783924632487754e+01 5.347195677224516430e+01 6.667563833725404265e+01 6.368590966916153917e+01 4.837383811542945722e+01 6.192504957887537387e+01 8.128873283173491870e+01 6.857553039788422211e+01 8.501714735041522886e+01 8.685774953448913038e+01 6.745038356564957382e+01 5.787662131817106825e+01 6.147741871661747126e+01 4.213259270186318162e+01 6.147939992044716462e+01 7.924815851836997638e+01 7.270703545516786903e+01 6.456280797240906111e+01 5.330564404372052678e+01 7.321453078375564871e+01 7.345491035835719629e+01 5.367609886738107861e+01 6.504166881700659530e+01 7.214854330467142063e+01 7.417878304433924086e+01 6.642708546010857162e+01 4.815705737893133431e+01 6.751689428916338898e+01 7.217843022357072869e+01 5.707849199371997884e+01 7.621596364001896973e+01 9.079128940130439673e+01
7.263103363331089213e+01 5.360811397333658590e+01 6.624118960534063660e+01 5.977493166210523157e+01 4.214655477241423398e+01 4.171101137043179108e+01 4.128141970517132364e+01 5.049364434705974247e+01 4.442821651547726702e+01 6.360029405215896503e+01 7.421354943415695971e+01 6.648907601298769521e+01 5.746281626164861933e+01 7.685421420392842151e+01 9.489241065464351266e+01 8.518905274580468756e+01 6.684983529460505736e+01 4.758862055245217704e+01 4.111921192573846184e+01 5.991995173459987001e+01 5.865827037630924679e+01 6.090371015462068982e+01 4.446929061914383396e+01 6.455905824252468506e+01 7.923596620181368166e+01 6.696643190164485304e+01 4.910069817083083166e+01 4.525790366825222577e+01 6.315358817758485799e+01 6.584144376679623178e+01 4.736419271414084164e+01 6.231090005575321555e+01 7.462015002970123589e+01 7.915910226270048611e+01 5.987583686820916995e+01 7.915910226270048611e+01 9.214455607179860408e+01
6.054350141102072058e+01 7.263103363331089213e+01 7.325248116455358627e+01 5.386932653406617533e+01 4.465032072022183485e+01 6.098809644388638418e+01 5.992523485669603645e+01 4.068389616948782361e+01 5.927323751262041185e+01 5.788089700392828973e+01 5.842021078797230160e+01 4.729393768101254381e+01 6.648867992808786198e+01 8.501714735084699726e+01 8.574709891451441024e+01 7.633783849578593106e+01 6.481516224594953712e+01 4.955978270380283845e+01 4.012413129078454688e+01 4.060601723731524260e+01 4.108699058139464455e+01 4.156781811951542238e+01 4.204997785556169987e+01 6.140259555860203733e+01 6.261700223183808589e+01 5.943686827250048310e+01 4.449721430421074331e+01 6.322372500160565068e+01 4.602953307118158222e+01 4.657893941691199302e+01 6.572571446193063593e+01 6.109961832372552237e+01 8.025566864020656510e+01 8.737350709802304038e+01 6.833529851599095650e+01 6.438962529207044838e+01 8.389485827524441675e+01
7.144106702455030700e+01 8.778553217645304585e+01 7.325501220432241212e+01 7.165866119421077940e+01 6.355532157389794889e+01 5.015621149213821184e+01 6.799124155328156860e+01 5.930116716094406826e+01 4.010859470769997870e+01 3.970946775505485249e+01 3.931133634489024331e+01 4.932900183614739120e+01 6.243987298504173822e+01 7.203304621469651181e+01 6.558615517840460996e+01 6.433257706814124788e+01 5.096259540955836798e+01 3.951085616113157073e+01 5.871255318954604974e+01 5.988815990099318043e+01 5.477794581834474741e+01 6.090319958657630650e+01 5.497132360950961782e+01 4.274314759622640025e+01 4.324134704628853854e+01 4.374520549684375936e+01 4.563302907944348163e+01 6.489900764942012756e+01 6.516576235801620953e+01 5.712577463264393174e+01 7.297598544855827640e+01 8.043240437915940788e+01 8.854120891268222238e+01 9.617836492683366600e+01 7.956605254754769874e+01 8.389480251018616741e+01 6.932311778912570333e+01
9.088351352898006041e+01 9.906154381079821292e+01 9.283735661072881840e+01 8.961124902478779575e+01 7.383388120915050479e+01 5.457607850879836064e+01 7.383387755167997568e+01 6.542639737919755305e+01 4.946485632913062602e+01 5.873634453836015723e+01 5.780397016150403289e+01 3.874621576686572411e+01 4.047509566778892776e+01 6.396679533035823084e+01 5.964012969076198090e+01 4.757631501230136450e+01 3.890294296212039171e+01 5.815755559045599199e+01 5.408932315278816105e+01 6.906100110511870582e+01 7.436004737442846135e+01 6.877385634761871813e+01 4.948176125693578342e+01 6.211207961347867723e+01 6.260325394014782319e+01 4.770191070281363466e+01 6.472702979634041753e+01 4.837373064819112756e+01 6.752638452726712615e+01 7.463025300569414355e+01 8.254175455586658927e+01 9.259782408494611161e+01 1.007779670296587682e+02 1.076395794800163088e+02 9.932166411512484672e+01 9.725783948153602410e+01 8.063222731739432447e+01
1.088241912523955932e+02 1.108599533324527613e+02 9.944574377559511902e+01 8.143649199350844015e+01 6.205348137274032183e+01 6.560728352991885970e+01 8.196859572167956287e+01 7.408208651387269583e+01 6.616343575874500971e+01 6.659859945614250876e+01 5.697811891268609230e+01 3.833971135302002153e+01 5.737076449005939338e+01 6.326660540378657771e+01 5.094288886979537523e+01 3.830431984072421159e+01 4.013124715325719905e+01 5.953549008390669428e+01 7.048262323973303012e+01 8.000871461910956839e+01 9.180033806837037957e+01 7.095506050646633867e+01 5.451396862245520225e+01 7.388158359784925722e+01 7.718709817894146852e+01 6.309437225603803512e+01 7.482754881395202062e+01 6.752910873398610647e+01 5.112106317006814749e+01 7.016980747890006853e+01 8.020738475562728809e+01 7.300681933955809200e+01 8.681761208236076754e+01 1.065524902949794921e+02 1.057685976384767201e+02 1.092458212086720266e+02 1.008003513966168185e+02
8.949280277100527314e+01 1.026468337868535770e+02 8.290002351557448890e+01 7.162684094613764785e+01 7.567812618991280260e+01 8.507162262569511313e+01 9.325623143847109020e+01 8.520949079705920326e+01 6.451229418733358045e+01 5.820507312213866413e+01 3.775360623143613736e+01 4.939774720944976139e+01 6.011545844378617431e+01 5.343308461838759627e+01 3.772557663629032731e+01 5.656462165581223189e+01 5.863368565900926654e+01 4.288418566887860806e+01 6.254795861886989172e+01 7.384178309949278685e+01 8.487246975092672585e+01 8.202325876205254929e+01 7.388161294090488695e+01 6.357130556333095939e+01 8.307640475899484045e+01 8.330334979152947028e+01 8.130300103402866796e+01 6.201974550874938785e+01 7.016980747890006853e+01 5.391321863405072889e+01 6.094672782382676957e+01 7.967711544654625300e+01 8.364463217097015502e+01 8.781441650182681258e+01 8.649556351837100010e+01 9.739543213663780818e+01 1.030741559942882191e+02
7.737277330428609901e+01 8.790151757860755311e+01 9.944567550116765631e+01 8.545878375241528602e+01 9.533841681365474585e+01 9.735129640025900244e+01 8.579570681915204489e+01 7.758613355198038164e+01 6.451229418733358045e+01 4.307724992176797230e+01 3.904049049824710949e+01 3.714520462273984691e+01 5.540074803547869209e+01 5.533910578322487339e+01 3.731667273781501137e+01 5.649016139623311261e+01 6.797470663083137765e+01 6.254795867082000882e+01 4.618616009771724862e+01 6.576703283102820308e+01 6.549940053931234729e+01 8.487252462321225721e+01 9.124923160733440852e+01 7.731589498824313011e+01 7.731589498824313011e+01 9.698350625217740628e+01 8.945414161739662973e+01 7.303308500121059410e+01 7.934476978228725841e+01 5.839571561253949739e+01 5.682378448585779296e+01 6.039898292703134786e+01 6.418119096529154888e+01 6.822675577643101974e+01 7.266337736024422611e+01 7.771888196510344926e+01 8.340247950708022984e+01
