MOVIE_S1_data/elevation_000405.asc
nrows	100
cellsize	150.0
xllcorner	0
ncols	100
yllcorner	0
NODATA_value	-9999
[rows 17 to 33 of 100, columns 0 to 36 of 100]
0.000000000000000000e+00 1.999999999999964473e+01 2.399003590141796494e+01 7.255822029257534389e+00 9.596065950164982539e+00 2.944625476011230703e+01 3.521776107197204908e+01 3.793788006045443950e+01 2.211800852802596751e+01 2.501278000767531751e+01 2.819286094356472105e+01 3.166839191761282635e+01 5.162917937166283622e+01 4.604549314940549465e+01 5.238024980073905823e+01 5.946195625800743301e+01 7.101716447801375409e+01 9.101884611916332801e+01 8.821874601408973149e+01 7.009337074322868943e+01 5.993463016055201820e+01 7.845413534127915511e+01 6.545214487884175014e+01 4.636312545467756507e+01 4.808232664799530909e+01 5.447914877899568609e+01 5.447914877899568609e+01 3.773318295052571614e+01 5.755892413822429177e+01 6.890161072105655649e+01 8.287683709493870765e+01 8.580879316356670472e+01 9.125568207637505225e+01 9.901833263492078174e+01 9.924210858470074470e+01 1.087497902417191113e+02 1.019361679864266108e+02
0.000000000000000000e+00 1.414213562373107536e+01 3.414213562373178235e+01 2.980034737103321874e+01 2.944625476011231058e+01 1.297153101795177932e+01 1.540662878581600026e+01 1.813431046681629155e+01 3.210308248801880637e+01 4.487111928345461820e+01 3.810296618164203153e+01 5.162917921611186500e+01 4.427307632935388426e+01 5.842594521433559862e+01 7.239665060062743862e+01 7.947086983941838412e+01 8.775421082208532653e+01 9.930106471161521142e+01 9.863880662570090863e+01 8.858278905138949710e+01 8.025211132590546015e+01 8.858278905138949710e+01 7.428034477925496049e+01 5.772973863731074573e+01 5.612416046790597335e+01 7.422433374908074200e+01 6.575667396458665337e+01 5.755892413822429177e+01 4.099733826756943245e+01 5.492638111000006518e+01 6.779456204489299864e+01 6.590508702653066564e+01 7.610974494971279114e+01 8.112211777875275232e+01 7.771093124590055368e+01 9.702213653083693146e+01 1.071266011420417357e+02
0.000000000000000000e+00 1.999999999999964473e+01 3.132050465414812024e+01 3.798717132081431203e+01 4.105327507781382224e+01 3.279744604850335321e+01 3.521776107197204908e+01 2.382959604705204626e+01 4.366661497763136168e+01 6.001741589810570332e+01 5.809818847121548657e+01 5.809818830687184743e+01 6.428726150489474378e+01 7.257383474811410906e+01 8.672172426373953158e+01 8.215090276095430966e+01 9.042154714518103731e+01 8.542614257691833757e+01 9.369964198457458338e+01 9.957644806668587023e+01 9.129409390802696578e+01 9.957644806668587023e+01 8.569857400395109437e+01 7.745296538696449318e+01 6.593569860603759025e+01 8.407527672421822729e+01 7.462348952334482988e+01 5.492638111000147916e+01 6.069553059450314692e+01 4.439990137566609718e+01 4.819467822788121225e+01 5.208244561924481530e+01 5.630202729537992923e+01 6.115323445662008339e+01 6.857790993675882874e+01 7.854686378742445640e+01 9.874462444494700719e+01
0.000000000000000000e+00 5.547001962252267049e+00 1.132050465414847551e+01 1.798717132081502612e+01 3.212930694454547620e+01 5.212930694454476566e+01 5.190827299753627244e+01 3.525099095692572604e+01 3.634829467374716927e+01 5.043631531227843823e+01 7.047073892655541272e+01 7.810908782246089288e+01 7.736643526783177549e+01 6.919936725680594236e+01 7.736643526783177549e+01 6.221775597304576877e+01 7.133064461094984665e+01 6.549209818504333214e+01 8.542614257691833757e+01 8.956721384962114030e+01 7.126605850920211083e+01 8.956721384962114030e+01 9.889855603898595859e+01 9.399614142408913153e+01 8.573109120332904354e+01 9.399614142408913153e+01 8.287684212744282775e+01 7.462348952334482988e+01 6.703558704509303823e+01 4.745192717399924476e+01 6.703558704509303823e+01 7.173500993129459857e+01 6.762185808355582139e+01 8.112211777875275232e+01 7.740006700935489903e+01 9.702213653083693146e+01 1.071266022005283958e+02
0.000000000000000000e+00 1.999999999999964473e+01 3.132050465414812024e+01 3.798717132081431203e+01 3.212930694454547620e+01 5.212930694454476566e+01 6.340009770588282834e+01 5.516257117861371739e+01 5.627892939808882744e+01 6.455844058144514008e+01 6.840572324673263438e+01 6.730438080591541450e+01 6.751461506210540620e+01 4.950127976983255707e+01 6.751461506210540620e+01 5.069911979209211239e+01 5.138791537335755777e+01 7.133064461094984665e+01 8.765442502473040065e+01 7.936684934614768849e+01 6.125002856797649997e+01 7.888093620036435993e+01 7.888093454078946820e+01 9.229757212906710606e+01 1.005798703947063331e+02 1.025162088593180130e+02 8.251864013218404637e+01 6.849033939396403525e+01 5.869203344261860167e+01 5.084394658939829981e+01 7.044825987763978503e+01 8.418896664107619188e+01 8.766944830740798977e+01 9.604447163028208934e+01 9.768334449930712537e+01 1.061168248357407151e+02 1.083744022614351366e+02
0.000000000000000000e+00 8.944271910048838592e+00 2.049127736821264634e+01 4.049154236311002819e+01 5.212930694454476566e+01 6.041357819199473767e+01 6.294340563780189512e+01 5.439898386587135093e+01 6.294340563780189512e+01 6.258338568579745953e+01 4.847949501815685380e+01 4.738387243960126938e+01 5.933903536844933768e+01 3.959588165177164854e+01 5.286288995919424849e+01 4.076482699495104356e+01 6.067080744462558073e+01 7.349950027698805854e+01 7.609516650728436105e+01 5.934013985206716058e+01 5.368457627786284547e+01 5.885177523869870697e+01 6.518333735374739035e+01 7.226718565376128822e+01 8.643750923930610952e+01 1.064450171563851484e+02 9.667014799868464081e+01 8.670695985899300240e+01 7.639229341331426326e+01 5.667814581359526471e+01 5.696443332862619968e+01 6.433320329775654045e+01 7.420499144089859556e+01 8.830476173264833051e+01 1.083399849293066808e+02 1.024796772698403515e+02 8.828292033595147359e+01
0.000000000000000000e+00 1.999999999999964473e+01 3.722940490934709601e+01 4.877753117867945321e+01 4.917435903970122979e+01 5.541575917637526061e+01 5.202699098161142643e+01 3.206712231925589407e+01 5.202699098161142643e+01 5.431575211290247296e+01 3.464791000364485285e+01 3.357398833665038751e+01 4.385727113034417357e+01 3.273860808794040622e+01 3.313092702869050754e+01 5.286303954077273914e+01 5.629703374002151861e+01 5.348046937388090072e+01 6.254733195022018322e+01 4.778601446439283507e+01 6.780442322875781258e+01 7.888093620036435993e+01 8.521573190533121078e+01 9.229749403249853401e+01 9.229757022169734171e+01 1.122980205351169616e+02 9.787188351515175100e+01 7.788436505923507980e+01 6.645252386264724009e+01 7.639230373427112397e+01 6.257808878570346423e+01 8.240883758361263745e+01 9.248174674556065611e+01 1.024776361399486717e+02 1.005928988071010934e+02 9.228106839551085727e+01 7.384516438294193108e+01
0.000000000000000000e+00 1.999999999999964473e+01 3.754458853814389130e+01 3.539022437895260964e+01 2.965884082199485405e+01 3.600811832969638004e+01 4.298645879447246898e+01 2.033194789208296527e+01 4.298645924746571012e+01 4.739901990092474904e+01 3.921526682230903305e+01 2.277722679519478532e+01 2.465508170525408360e+01 2.654375431358062087e+01 4.590272400104721129e+01 5.209588970904346894e+01 3.636961219657688815e+01 3.936358182999696709e+01 4.254198189446722012e+01 5.253613898287643025e+01 6.669343467134332570e+01 8.671810513262111897e+01 9.137684586476235893e+01 8.374589388121081868e+01 8.674993458269707958e+01 9.513742075409938082e+01 1.061788422707592758e+02 9.462766949409993344e+01 7.788436505926561892e+01 9.069885144745026651e+01 7.397107356914047216e+01 7.397107356914047216e+01 9.393503791659210833e+01 1.038957429066563947e+02 8.377853670854231893e+01 7.191032269817593203e+01 6.420595425277861068e+01
0.000000000000000000e+00 1.999999999999964473e+01 2.063458924003605333e+01 1.216158542487250216e+01 1.749682430878971928e+01 3.600807328931320939e+01 3.077796265841494261e+01 1.320874082222787926e+01 3.351122072975731214e+01 3.662705480598064156e+01 2.017603424872778461e+01 3.921526761732800281e+01 3.806404804790724938e+01 4.590272400101241601e+01 2.980196119848178782e+01 3.230725625719092164e+01 4.210954349960720577e+01 5.934369689233084699e+01 5.408464387780038862e+01 7.083776982501723296e+01 8.084809741307776676e+01 8.407679155964291340e+01 7.580680055303062659e+01 6.384773256821868159e+01 6.650554489207850395e+01 8.677471287837295222e+01 1.024982260615861094e+02 1.061789215654982286e+02 9.787188729409514565e+01 1.022393110896094726e+02 9.393503791659210833e+01 8.547026640106143702e+01 1.022393110896177433e+02 1.121930927251851671e+02 1.005928988071010934e+02 9.228106849283199153e+01 7.745708855244939173e+01
0.000000000000000000e+00 1.503292056005656185e+00 3.010848778894471334e+00 4.535843477908636068e+00 2.454346595990014279e+01 2.837839130497663476e+01 1.077120427895748378e+01 2.291829115796238270e+01 1.574144687063017223e+01 1.753426424155570018e+01 2.356734484744355385e+01 4.312043175419143637e+01 5.784334886573665813e+01 4.209846282607639978e+01 4.942759103606675097e+01 4.624217351094507222e+01 5.209575466923017473e+01 5.840893110032759239e+01 7.410706571023719391e+01 8.239326000715050213e+01 7.799554677695066118e+01 6.961443103937205024e+01 5.595741720669822428e+01 5.223013084861442934e+01 6.230463489297061841e+01 7.398585403177784769e+01 9.416945440512502330e+01 1.093915163882257247e+02 1.035164492679790413e+02 1.035164499291851143e+02 1.118149033368913905e+02 1.054981308440378172e+02 1.138082406195293288e+02 1.147266201688827039e+02 1.049888488451960882e+02 9.695109985782509909e+01 8.576346642814758070e+01
0.000000000000000000e+00 1.999999999999964473e+01 1.715298427123178371e+01 2.454359741576578458e+01 6.772294970992043694e+00 8.369191216461631555e+00 2.837836150986509409e+01 3.511392401438595812e+01 3.449040071272825969e+01 2.456482846507859819e+01 4.208756122878547501e+01 3.921131560623159373e+01 6.051400395788699171e+01 5.617809414623629038e+01 6.203925597836682471e+01 6.622801074524495846e+01 7.208898825328952853e+01 7.842560564637291520e+01 8.670436968254560384e+01 7.800441617132432270e+01 6.630952886513718170e+01 4.946979317070665871e+01 4.440763806077413278e+01 6.448796307506535186e+01 8.076264556726876265e+01 8.405205329401601944e+01 9.236946543959014377e+01 8.928696245249409458e+01 8.339292032594883608e+01 8.339292032605105476e+01 1.035164499291851001e+02 1.047578058207392928e+02 1.130607075650914766e+02 1.067145401077814739e+02 8.718780036960544066e+01 7.707671284065258988e+01 8.632612787727455839e+01
0.000000000000000000e+00 1.999999999999964473e+01 3.715292246833312362e+01 3.506603052759266603e+01 2.678066171205135859e+01 1.835933317353278937e+01 1.690633298987359723e+01 2.507526110139417241e+01 4.505783349275853311e+01 4.349395777919148998e+01 3.635068909826501482e+01 5.578580322323512775e+01 6.900256597606995967e+01 7.618935236475986983e+01 8.205102613234429043e+01 7.398305196173159004e+01 6.555918646352594692e+01 7.398305196173159004e+01 7.897411710823698172e+01 6.961951696535307121e+01 4.946944713921219261e+01 3.798006085274243304e+01 5.797409375285504041e+01 7.282802481884937151e+01 6.978540959906393937e+01 6.387598093144554667e+01 8.405206852884111868e+01 8.928696568540073031e+01 6.908916997667306248e+01 8.470258663929493537e+01 9.053088407528545645e+01 8.463830093244915531e+01 1.047577727861971368e+02 1.147250419293051351e+02 9.778583025615985491e+01 7.793985831330667224e+01 6.607899800446071481e+01
0.000000000000000000e+00 1.999999999999964473e+01 3.584825387316393375e+01 4.568844609777926991e+01 4.602501503427888707e+01 3.226802238813993284e+01 3.105437004399790979e+01 3.692683444631566658e+01 3.925291496782921996e+01 5.938467830450642992e+01 5.002870404351027389e+01 6.395127114334921004e+01 7.223338206159692731e+01 6.388653754780049354e+01 7.223338206159692731e+01 6.389619655170232448e+01 4.545311651661222641e+01 6.389619655170232448e+01 5.884597396073154840e+01 5.884574670359431536e+01 5.142775976642337099e+01 3.422636180586932397e+01 5.419516746234479143e+01 5.971708705653010441e+01 4.964874994704956634e+01 6.387598093646843722e+01 8.405207130805867166e+01 8.289986221755916063e+01 6.266376012251586047e+01 6.447741976455507995e+01 7.034103630122247353e+01 8.046432229993729379e+01 9.471512962600826313e+01 1.147964118602824612e+02 1.058205378893277526e+02 9.443829811544631525e+01 8.632698571197117587e+01
0.000000000000000000e+00 7.559309815375176989e+00 1.755934645186298937e+01 3.168770698443478295e+01 5.154474458528697767e+01 5.160742242422938375e+01 5.106935463412430209e+01 5.696366039412440330e+01 5.938467830450650098e+01 6.770252642220424377e+01 6.968467014285403138e+01 6.738288559969421954e+01 6.220926999747516106e+01 4.388091159793926010e+01 6.220926999747516106e+01 5.550571524869105389e+01 3.549677342997641460e+01 5.548631187886580562e+01 5.715181773071378046e+01 3.882376737847715731e+01 3.152591692590617356e+01 5.149017854500442581e+01 3.738873068299381686e+01 3.970842379421343793e+01 5.971708304760592512e+01 6.601405751586842996e+01 6.878387222198358586e+01 7.164695812724220048e+01 5.681116339496325907e+01 7.705820299404538787e+01 9.053088407528545645e+01 9.884481147276866864e+01 1.088928135022038930e+02 1.110634580358556889e+02 1.088692419996885121e+02 1.037586328757557510e+02 9.506255354888365616e+01
0.000000000000000000e+00 1.999999999999964473e+01 3.581829843019195181e+01 3.662396638690568551e+01 3.721388202811157697e+01 4.546724661302639703e+01 4.669890978542900228e+01 5.491007851128686923e+01 5.115249592489094255e+01 5.946401203133176949e+01 6.149742912047045706e+01 4.735210065840510651e+01 5.388372457286990169e+01 3.399036025847127718e+01 5.388372457286990169e+01 4.883419475248802399e+01 2.886012531925735658e+01 4.450768617713150377e+01 4.627804497570773634e+01 2.887013074071052543e+01 4.296169032533238408e+01 5.981278455214683731e+01 4.626504274584099363e+01 5.971708705653018256e+01 4.328601220188905074e+01 4.590179031957595868e+01 4.862062524854314916e+01 5.143399488716099910e+01 5.681116342976226008e+01 7.706063641130211295e+01 9.401159545812633667e+01 1.040813903090502777e+02 1.110634580358556889e+02 9.109682107170320364e+01 8.891684562468270769e+01 9.520427252631911585e+01 7.469564504304456420e+01
0.000000000000000000e+00 1.999999315088680163e+01 2.197787940829875097e+01 1.704304778444822333e+01 1.713003419775138880e+01 3.719457295339226022e+01 2.765572182635815679e+01 3.706541908430300225e+01 3.124692736940478355e+01 5.115249592489094255e+01 5.147094893270088534e+01 3.313553554231689446e+01 4.725239485875722067e+01 2.737682787729043099e+01 3.884009174348599913e+01 4.046385810364449753e+01 2.284710524415790900e+01 2.456911935520234636e+01 2.631320234073979236e+01 4.041011061202269161e+01 5.715181874307693022e+01 7.134194715994642877e+01 5.627569661007225221e+01 7.169289713452536716e+01 5.744036878911204980e+01 6.009767631949144118e+01 6.878387222198358586e+01 5.967083105967200396e+01 7.703685397658955480e+01 6.546046283712368563e+01 7.559970941206729833e+01 9.576822654403031265e+01 1.088692419996885121e+02 8.891684562468270769e+01 7.469244242876756346e+01 8.530047639822140582e+01 8.043354137629337686e+01
0.000000000000000000e+00 9.829463743658242159e-01 1.967082036972087389e+00 2.954811633570279206e+00 2.288224648643415549e+01 2.683757080308283705e+01 1.670299774559099859e+01 1.742265205932825722e+01 3.707713341593294132e+01 3.890993221725751994e+01 3.241536601018318464e+01 2.317168700624609556e+01 4.293080579636639982e+01 3.391835443015721552e+01 1.891701669135731834e+01 2.052260751782089443e+01 4.006103281164423180e+01 4.452924347072821121e+01 3.619380412290404081e+01 5.397191093649198734e+01 6.877253282518623223e+01 8.478029348701736012e+01 7.645149893174982481e+01 8.478029348667176635e+01 7.761759834213403053e+01 8.023667241693311780e+01 8.797862053641371460e+01 7.397899310063198186e+01 7.983275399550240081e+01 7.716244143588994575e+01 8.568396798227234967e+01 1.040813903090502777e+02 1.143345987053652379e+02 1.030677332296805986e+02 8.530047639822140582e+01 6.513499989432767734e+01 7.305812246123373654e+01
