MOVIE_S1_data/elevation_000485.asc
nrows	100
cellsize	150.0
xllcorner	0
ncols	100
yllcorner	0
NODATA_value	-9999
[rows 17 to 33 of 100, columns 0 to 36 of 100]
0.000000000000000000e+00 2.721655269759092555e+00 2.272165667172108172e+01 2.953939351347175801e+01 1.418929384856150122e+01 2.174858330874995715e+01 4.174859423179674422e+01 4.865362074373737755e+01 3.759787708112914117e+01 4.515716654729082791e+01 5.670417243910321048e+01 7.670427836833250979e+01 8.430326365478494210e+01 8.468103805990601529e+01 7.735506625618408805e+01 6.903329858625122029e+01 5.307909103516779936e+01 5.567791393825008583e+01 7.571099091025179462e+01 7.035136699784753489e+01 5.005161641185083710e+01 7.035136699784753489e+01 6.046312027696815505e+01 4.034493480577705782e+01 3.027141590012371708e+01 4.595176813099418922e+01 4.321417865967092808e+01 2.522209301219622546e+01 4.538490022167404447e+01 5.597218645796465353e+01 5.303104941110265003e+01 5.040634189800097431e+01 6.209874858528020525e+01 8.220936810723843280e+01 9.164360276133430716e+01 9.241320844741481721e+01 9.227621163540328553e+01
0.000000000000000000e+00 1.999925117291918752e+01 3.100279409230650174e+01 4.247368409069475348e+01 3.418930064308856487e+01 1.963260438807976982e+01 2.380289266922133962e+01 2.865360516994808293e+01 3.865360517596186440e+01 5.865363631148917989e+01 7.344185538939986202e+01 7.846103529423429279e+01 6.432723519933882983e+01 7.846103529423429279e+01 8.951500922434362906e+01 8.143543391853981461e+01 7.311075007329462494e+01 7.571099091025179462e+01 8.404009688694203817e+01 7.893412026182484453e+01 6.158422855476661795e+01 7.893412026182484453e+01 6.876354836691882610e+01 5.381592039914060166e+01 3.366153369092347702e+01 5.381592039914060166e+01 5.373490085475116729e+01 4.538490022209027330e+01 2.743092091980458491e+01 4.761713417738756249e+01 3.869705629569104843e+01 5.894055061009581920e+01 7.739015891843993700e+01 6.315318009181923031e+01 7.739839142657687887e+01 8.747506737472764371e+01 1.004326781467683958e+02
0.000000000000000000e+00 8.944271910156439631e+00 2.308640862258220494e+01 4.308651587485649515e+01 4.791702312637402628e+01 3.377474023851362972e+01 3.794502861445850073e+01 4.013282590152987694e+01 5.693808145993747871e+01 5.865363631148918699e+01 7.865387604287650447e+01 6.953488071387056380e+01 5.023405607354042246e+01 6.125884050687529481e+01 7.716056803697337330e+01 8.301910214488211182e+01 8.930914182957259584e+01 9.105038534090536473e+01 9.932208677270176622e+01 9.090473236454107564e+01 8.232753899002719322e+01 8.554303056617689549e+01 7.227467629250010361e+01 5.738782126221141766e+01 3.721618467010152642e+01 4.889887407954078213e+01 6.898393876512386669e+01 5.597220993722977767e+01 4.761713589703662564e+01 2.967364256240844966e+01 4.988738472976469751e+01 5.435625165804518844e+01 5.999100781507041802e+01 4.879355102625884655e+01 5.897392379570042209e+01 7.324279732254251485e+01 9.333493095986879950e+01
0.000000000000000000e+00 1.999999999999964473e+01 2.894431505834822005e+01 4.894468035814367113e+01 5.780277879479658054e+01 5.377477134446620965e+01 5.794506773571789893e+01 6.013288126456873783e+01 6.841748924188979686e+01 6.904396338759130458e+01 6.085731693313933022e+01 6.125884050687528770e+01 4.133650557645526646e+01 5.787427789116374299e+01 5.717057827464843456e+01 6.302384093814233523e+01 6.932953934732131529e+01 7.103005711681986156e+01 9.105038534090536473e+01 9.980875054800796420e+01 7.963391987020530394e+01 6.544409255921627278e+01 6.395047070816146828e+01 4.378274169521782255e+01 4.437343601811465987e+01 6.450562490226803902e+01 7.729253076108788889e+01 6.821561327003081487e+01 5.388584326235287847e+01 3.369667541434575497e+01 3.223111659749699953e+01 3.407250325555356341e+01 3.968656793063783539e+01 5.999099887621792249e+01 7.739313956372849646e+01 7.870482694682841895e+01 8.712907872487582495e+01
0.000000000000000000e+00 1.422127747844674239e+01 3.469403498287930887e+01 4.199144491173335325e+01 3.856352243957307024e+01 5.779860914191045396e+01 6.077229023788245144e+01 6.295780204748974285e+01 7.122939265231605077e+01 5.909184258053030447e+01 4.177779536294801233e+01 4.646703783344942451e+01 3.504379186721122608e+01 3.795142774814205211e+01 4.308517948952044918e+01 4.937444737714946541e+01 5.690284045693530857e+01 7.102903325250900934e+01 9.104039561109784984e+01 9.561519146965775917e+01 7.547150070754422302e+01 6.129060515980366119e+01 5.119574446451207450e+01 6.395047101029345527e+01 5.343553733304887743e+01 7.281001327506700704e+01 7.408442308517126662e+01 5.404668733776598799e+01 3.977183867538654738e+01 5.388584326235287847e+01 4.431081915260371318e+01 5.436042278831060059e+01 3.687918590539722885e+01 5.721281173570433509e+01 6.433522405390199594e+01 5.838326021957040979e+01 7.870482694682841895e+01
0.000000000000000000e+00 1.962150963905595447e+01 2.921119014678556169e+01 2.248128555932072103e+01 3.953905569720662072e+01 4.792983673746503825e+01 4.078249075588793460e+01 4.296943348408024832e+01 5.136561911531924096e+01 5.035681374457539761e+01 3.088168422063488805e+01 2.654302888128139770e+01 3.112296199707893507e+01 5.103768128382395020e+01 5.990974651899723824e+01 6.445796776424933228e+01 6.961675988088079237e+01 7.646337916596161222e+01 8.406183997879989533e+01 9.233189463850769130e+01 8.974575326460420399e+01 7.968465737178252084e+01 6.188116876374053277e+01 7.389421916145667524e+01 6.502633867472073348e+01 8.177022976294746570e+01 7.870720656498599510e+01 5.876277772583335945e+01 4.453608290083542443e+01 6.267262492111895256e+01 6.077303682032273002e+01 6.559325740676015926e+01 5.721425563993712160e+01 3.975522949067482870e+01 4.392533761572705941e+01 5.569264365468525568e+01 6.968299254910702700e+01
0.000000000000000000e+00 1.696377859359943674e+00 9.861095131383251555e+00 2.589339886544552627e+01 2.005186619275408333e+01 3.979795434837024004e+01 2.664026576602682184e+01 3.509284301876305534e+01 3.136757678900278279e+01 3.940706686234919687e+01 2.286219334662805736e+01 4.283814458837291284e+01 3.197147740754495615e+01 3.594961482615504877e+01 4.008443019313340727e+01 4.462516739439692515e+01 5.034318422552400563e+01 5.662238083281143020e+01 6.414450611916502965e+01 7.822579700135045755e+01 9.815129309861950446e+01 9.188913692880716155e+01 8.326682752015480560e+01 9.125404734192007083e+01 8.498417748391904070e+01 9.332180587557050444e+01 8.088863726602187398e+01 6.094455916395489226e+01 5.063589221255404027e+01 7.063403155041191894e+01 8.422212926388210974e+01 7.267111880083533038e+01 5.237163142682248917e+01 4.211424920236787983e+01 6.252137515146969093e+01 5.141325071630644317e+01 5.711510051743669436e+01
0.000000000000000000e+00 1.999999999999964473e+01 4.167586112220815764e+00 5.928487924872077208e+00 2.541855916248825409e+01 3.025412544821374894e+01 3.219497525636400326e+01 1.509269551937168785e+01 1.722470271129870412e+01 1.940688172818279256e+01 2.472674923703273464e+01 4.439071950633486807e+01 4.958013440952786510e+01 5.577695726404489562e+01 5.409963486058287430e+01 5.864910188112780531e+01 6.081845545572822687e+01 7.653379543719840683e+01 8.406183997879989533e+01 9.233189463850769130e+01 8.929480266217753126e+01 8.057450152221274209e+01 8.929480266217753126e+01 9.052187098192969472e+01 9.270356303469223747e+01 1.009775856808504955e+02 8.919048423206491805e+01 7.727433282685763061e+01 5.735342908595916356e+01 7.727433282685763061e+01 9.287005534626484859e+01 7.267111883219601509e+01 6.501794052499104737e+01 4.459086647915238188e+01 6.501794052499104737e+01 7.203185429438224219e+01 7.798537510758109192e+01
0.000000000000000000e+00 1.999999442325670174e+01 2.429323669255282425e+01 2.592810289158467896e+01 8.499785311005737753e+00 1.034093454680414759e+01 1.220594416329084986e+01 3.220599570117965982e+01 3.722486775579735507e+01 3.778486233293754282e+01 4.439071773269132137e+01 3.309267200204922688e+01 4.884791540509070984e+01 7.179118742306904721e+01 7.393659688364317617e+01 7.848181056128753141e+01 8.065194044974674625e+01 8.889660695880381525e+01 8.958175314355058561e+01 8.372249654150336085e+01 7.973430101089526545e+01 6.163768635950850694e+01 7.113022597497217703e+01 7.061751135142748126e+01 7.279386579603907137e+01 9.223076807705498936e+01 1.037392163338509903e+02 8.555909553129203005e+01 6.734030741603817205e+01 8.555909553129203005e+01 9.092447867650078308e+01 7.072977716640336610e+01 5.636009916249734175e+01 4.714016879912953328e+01 6.757313321769075287e+01 7.509379090805668966e+01 8.350497577615601585e+01
0.000000000000000000e+00 1.999999999999964473e+01 3.458179895503605650e+01 3.718954235641263040e+01 2.877197990844835473e+01 2.981627733939597746e+01 2.112925423749188170e+01 2.073258266373419900e+01 2.888975187697866076e+01 4.875269901610896994e+01 6.142308676578248594e+01 4.729372450315648990e+01 4.575388012826273609e+01 6.033949539679751695e+01 8.094593879260014546e+01 8.609876682271882942e+01 7.780196681384981616e+01 8.609876682271882942e+01 6.960319106184189764e+01 6.375478324087728055e+01 7.153268401311390789e+01 5.170655392751150004e+01 5.122122492120260517e+01 5.655245711834762545e+01 6.407456927838617844e+01 7.554939037347800479e+01 9.546184743500322156e+01 9.552328161706945764e+01 8.720835823767716022e+01 9.552328161706945764e+01 9.685917919481758531e+01 7.664466824424869174e+01 6.385777533762922076e+01 6.757313321769075287e+01 5.111943466376053635e+01 5.463080179042164986e+01 6.915884894906660918e+01
0.000000000000000000e+00 7.071053380818401735e+00 1.463009753661612322e+01 2.616939295289628475e+01 4.607335926090763678e+01 4.032018540613308488e+01 3.506442418999388622e+01 3.483149379122124856e+01 4.064368634581676787e+01 4.295484837658680277e+01 6.274996441120691060e+01 6.791327967138606425e+01 6.637498293129137039e+01 7.483781236421985739e+01 8.535514363269398075e+01 7.609774505996257687e+01 5.781160559376212404e+01 7.609774505996257687e+01 6.895331383060970154e+01 4.964214162368698169e+01 5.867593783689810749e+01 4.415535960834107243e+01 6.409133114908691198e+01 7.644736331202580004e+01 8.396538499030478420e+01 9.223076807705498936e+01 9.806360171864901076e+01 8.985476247419271090e+01 9.113480727946411264e+01 9.113522213543464545e+01 9.942596589473841107e+01 9.250124249328173676e+01 8.410457989804989154e+01 7.621387451851504125e+01 5.597350180254282748e+01 7.509811723505464442e+01 6.014957116079084898e+01
0.000000000000000000e+00 1.999999999999964473e+01 3.458179895503605650e+01 4.280486815773134168e+01 5.428164837481178751e+01 5.888968348387913920e+01 5.509381760370536085e+01 5.465401485029125439e+01 6.046925857000194071e+01 6.274996441120691060e+01 7.096843291221856020e+01 7.937653425683130592e+01 7.832839278015082130e+01 8.661514136230040606e+01 7.706270627795888117e+01 5.707052108819248559e+01 4.781822512594142438e+01 6.780372375826289044e+01 6.067155222464811715e+01 4.069923369804151747e+01 3.870685916354459266e+01 5.867593783689810749e+01 6.409133114908691198e+01 8.400245774979555335e+01 8.588165874270291056e+01 9.416601296870867088e+01 8.657621336907246246e+01 6.992536178499457833e+01 7.113759000083317119e+01 7.113760673979672333e+01 9.113522213543464545e+01 1.017871900494461102e+02 9.271534298862393086e+01 7.250525410942810822e+01 6.153160774817163770e+01 8.162857413567448361e+01 8.067017027562772569e+01
0.000000000000000000e+00 1.999989783092594564e+01 3.982554287699828421e+01 5.447985933638397427e+01 4.925575675016732191e+01 5.287029402363074837e+01 5.912992664613211957e+01 6.319004217401703016e+01 5.601231587548026880e+01 6.468887560576975204e+01 7.352508196820956243e+01 5.938667336325111989e+01 5.833922292752362893e+01 7.507154600000713174e+01 7.487446186656575264e+01 5.488411978894407639e+01 4.074573060486566334e+01 5.318177118814622872e+01 5.358383219825356036e+01 3.362637603005746456e+01 5.361234473079732510e+01 6.693950823753107215e+01 8.002720700015022715e+01 7.174429066384669795e+01 6.588840106932399010e+01 8.588165874270291056e+01 7.766869355412642051e+01 5.839238058962845912e+01 5.700920128257981645e+01 6.455826388106478930e+01 7.349540949964078607e+01 8.763645690515713227e+01 1.011358484576449541e+02 9.002197838537588837e+01 7.155142130601886663e+01 7.254367452543327488e+01 9.243904388045362452e+01
0.000000000000000000e+00 1.154700531656295048e+01 3.154655377533658367e+01 3.574401189613488583e+01 3.024193615433164695e+01 3.205075628496175710e+01 4.845799390308603449e+01 5.307617144123854303e+01 3.473733335189918847e+01 5.358403177057755329e+01 6.353480110947637627e+01 4.526830060353573515e+01 4.681240770200398060e+01 6.678764018485119891e+01 7.486538889742163860e+01 6.655779879247107544e+01 5.318198954905183484e+01 3.318909829690125690e+01 4.632417580374114863e+01 3.054805815894555465e+01 4.468050379935124994e+01 6.465946684060054395e+01 6.508671153227739126e+01 5.175649595948684123e+01 6.106036499868414325e+01 6.934188491505166496e+01 6.367256984726791558e+01 4.945763115168112733e+01 6.358571276995154875e+01 8.357821692404644409e+01 9.284054348954326485e+01 1.017871900494461102e+02 1.159379231937324590e+02 1.001238614899233710e+02 8.577529816552484476e+01 8.391055741551497249e+01 9.376083393567147084e+01
0.000000000000000000e+00 1.999947901207096024e+01 2.175025377985633668e+01 2.722613739864785387e+01 1.645157451858839437e+01 3.161619126727467233e+01 3.926356504841720607e+01 3.450660095446806253e+01 2.441461734437894648e+01 4.504905869196313972e+01 4.796816995618651447e+01 3.529930823281200247e+01 4.940347624553689343e+01 6.938160380835971353e+01 6.655779879247107544e+01 4.652134615235675597e+01 5.238987719650118180e+01 4.632410691196491115e+01 2.634623646531612806e+01 4.558055886155194258e+01 4.733314672590908145e+01 4.912824056787817995e+01 4.508903847316263835e+01 5.282818287577870109e+01 4.106075920552198255e+01 5.832932226133692666e+01 4.368020031639122891e+01 6.367256984726791558e+01 7.772734728578485885e+01 8.302721272486481041e+01 9.131812754816448319e+01 9.022915638499154056e+01 9.852305674946927638e+01 1.019068245913344839e+02 1.060230486045084035e+02 1.040896752647384886e+02 1.125349566937803445e+02
0.000000000000000000e+00 8.864842905642869031e-01 1.773839504591866678e+00 7.545777750417318686e+00 2.385031825494559499e+01 2.485567721533760377e+01 1.985467349618866706e+01 1.431147632844076512e+01 3.450702222676617481e+01 4.796816995618651447e+01 2.802327907085409109e+01 4.796816995618651447e+01 6.353479785597694729e+01 7.152546580431621237e+01 6.572554266323896854e+01 5.235920328907724297e+01 3.246889332336350265e+01 4.184436425939068727e+01 2.387203817172551723e+01 2.560251583085031868e+01 2.735066129406348523e+01 2.913878801957297426e+01 3.094847337455727043e+01 3.282269760556620497e+01 3.472578492401679284e+01 3.832283806615497923e+01 5.832938434017111717e+01 7.195681616050173091e+01 6.853946994817002292e+01 6.303590120116489004e+01 7.468471637431872523e+01 7.022886755441345485e+01 8.304497176131408764e+01 8.189899499773164848e+01 9.310583367087160411e+01 1.001794904052071331e+02 1.084771852316678320e+02
0.000000000000000000e+00 1.999997613907703808e+01 2.177357127272894743e+01 3.047672581223531019e+00 3.952983017606951144e+00 4.861036715133439046e+00 5.772779790196899796e+00 2.577127725694028726e+01 3.536643843083886196e+01 4.339249817477534776e+01 2.344743462364133535e+01 3.754649762206146590e+01 5.750599430763931963e+01 5.191381656672598410e+01 4.619281539889023236e+01 5.277869486535855259e+01 3.328136211394702570e+01 2.186915768891305234e+01 4.184613983658411485e+01 4.558055886157502101e+01 3.733435975390269590e+01 4.912077075858438491e+01 3.989016849394570841e+01 5.282818288371512239e+01 5.473610110342688273e+01 3.818583462431687536e+01 5.819278818279580889e+01 6.446089476217960623e+01 4.855871143408965196e+01 5.150625166430290847e+01 5.470401111796336835e+01 5.869565883331434009e+01 6.305126711720528476e+01 6.775859600403147454e+01 7.310046747323025329e+01 8.017205002451304097e+01 9.017511069702803184e+01
