MOVIE_S1_data/elevation_000708.asc
nrows	100
cellsize	150.0
xllcorner	0
ncols	100
yllcorner	0
NODATA_value	-9999
[rows 17 to 33 of 100, columns 37 to 73 of 100]
7.969632574942791337e+01 8.237467324039256766e+01 6.244849789689826025e+01 6.610501920146309374e+01 6.149017909797801451e+01 4.161005390301944118e+01 4.038587657729486580e+01 4.264695164249932446e+01 4.977035649679982043e+01 6.976254035031459466e+01 8.591905617439689991e+01 9.501942585277237185e+01 1.032584060965743191e+02 9.644534049157080347e+01 7.786363086564334424e+01 5.852986877684699607e+01 7.786363086564334424e+01 8.894633369233449116e+01 9.207511128020352942e+01 7.577497419682617874e+01 9.183099518004068784e+01 8.456934670026723211e+01 1.043265437544174148e+02 1.187428995503049265e+02 1.079779176124557267e+02 8.818318244391069527e+01 9.545853887690559247e+01 8.375739689755522477e+01 7.080142845062287904e+01 9.067804600494770284e+01 7.533132870412622140e+01 9.521512493556694778e+01 1.070745990481846803e+02 1.171398739516478145e+02 1.254346987799716828e+02 1.308894175777509759e+02 1.302229226890505629e+02
9.094454198640741538e+01 9.061111588021348950e+01 7.213079083682164594e+01 5.822372124738372889e+01 4.829693701665149064e+01 6.149017909797801451e+01 5.457837029581106947e+01 6.269440776826624528e+01 4.614730022872044657e+01 5.776179607802509253e+01 7.768433389872271277e+01 7.515327669223144369e+01 9.501942585277237185e+01 9.525173063294350584e+01 7.564675111408324426e+01 6.208013110241054022e+01 8.138891667013405140e+01 9.878706412876711340e+01 1.036174928344140795e+02 8.553218379612349054e+01 1.036174928344140795e+02 9.853047151411260529e+01 1.125330779295663461e+02 1.101234819242984884e+02 1.017468842949336931e+02 9.545858905170553044e+01 7.567471058027065567e+01 6.973824210771411458e+01 8.375741468376334353e+01 9.897075576335534208e+01 9.521512493556694778e+01 7.884869833120741589e+01 9.876341241436374219e+01 9.699162130926269754e+01 1.138231201183460826e+02 1.108513495501114079e+02 1.308894175777509759e+02
8.973243525089640116e+01 1.002810700240223412e+02 8.620593043042194381e+01 7.355297396947855759e+01 5.384440394179541300e+01 7.355297396947855759e+01 7.453815638965144785e+01 6.898360734543317108e+01 4.897682620094560946e+01 5.474479003492345441e+01 6.108861084725200641e+01 7.257635395924648947e+01 9.244051686772988319e+01 9.741365795829466379e+01 7.778743825024291425e+01 6.715827742026831970e+01 7.106406242264016271e+01 8.481212849696947842e+01 1.045618284974249264e+02 9.951037115506358077e+01 1.135086767889296482e+02 1.183194999654555915e+02 1.153246396633267494e+02 1.009432538598548774e+02 8.167625053836181337e+01 8.749808767648960384e+01 6.867921957720236037e+01 8.854566173075431834e+01 9.789698712870539055e+01 1.120438187845209654e+02 1.070694489878518993e+02 8.766618268794904623e+01 8.261929836143083605e+01 8.543953827847316518e+01 9.435660422716959772e+01 1.145284035447861015e+02 1.296723659308425454e+02
7.834544441672927917e+01 8.982726777098508819e+01 8.974312509149682171e+01 6.991432053775021416e+01 6.129344690693669406e+01 8.100217177969423688e+01 8.588828670514229202e+01 6.601540474301195616e+01 5.187102331652351239e+01 7.183576218760437371e+01 8.097193706529037627e+01 8.920584139433205451e+01 1.006784906615265953e+02 1.056086444468484160e+02 9.201627078864277109e+01 7.241350205146096641e+01 9.059668170070290216e+01 8.481212849696947842e+01 1.045618284974249264e+02 1.192945277977709679e+02 1.168646507176027285e+02 1.085563740417349408e+02 1.070828282402049467e+02 8.507138354080284159e+01 7.211688646831967731e+01 6.763043788991505778e+01 8.749666785626332910e+01 7.857476011221973522e+01 9.264882643801543338e+01 1.126945426101514869e+02 1.040563576554103236e+02 1.077402787412371765e+02 9.147863356747481589e+01 1.055073006442513019e+02 9.001999482138181463e+01 1.101987707540862544e+02 1.096416462543320733e+02
6.170265923628728189e+01 8.157391111402728257e+01 9.802221546334159541e+01 8.927158731303046579e+01 7.516861495657575176e+01 8.100217177969425109e+01 8.626917451209727972e+01 6.641169419659254913e+01 5.488833362903221058e+01 7.480479663165517934e+01 8.436312040153120506e+01 8.869416387372541521e+01 9.693264448778201370e+01 1.084115021446443166e+02 9.797535128706029184e+01 7.821131717828542662e+01 9.797535128706029184e+01 1.045618284974249264e+02 1.127619997605648763e+02 1.142426894826530059e+02 1.085563740417349408e+02 8.850896206750867634e+01 9.438071308951917615e+01 1.013126506955175614e+02 8.676141558971472989e+01 6.689131885611269013e+01 8.676141559193040109e+01 9.852009270590832557e+01 9.264882685209589397e+01 1.126945902773464638e+02 1.182751911520848154e+02 1.116168543103468807e+02 1.057375262185887834e+02 1.185068658861031565e+02 9.905225020878670250e+01 9.528963033648467729e+01 1.070336361428622496e+02
7.834544441672927917e+01 8.188639898402981032e+01 8.039567117699338894e+01 8.866806298972352351e+01 9.508562377894105566e+01 1.009508532733657944e+02 9.449847615787537336e+01 8.011115195301638892e+01 6.025239238050711066e+01 6.045316869448076602e+01 6.452047368081031209e+01 6.884682932425064905e+01 8.029415805653167126e+01 1.001687852119496114e+02 1.061776338231729540e+02 9.217324942735849902e+01 9.069266757949554858e+01 1.105070964236046649e+02 1.142426894826530059e+02 9.428524317434296620e+01 9.794750280786927021e+01 9.430898604504994864e+01 7.433505187051645180e+01 8.429033759323934305e+01 8.499131189190195812e+01 6.615085365023905695e+01 8.018145914760582116e+01 1.001383407466857420e+02 1.126945902773464638e+02 1.209973160227416997e+02 1.382710677978052729e+02 1.316677981959146564e+02 1.258108079271105453e+02 1.275041450217537715e+02 1.107624642053442159e+02 1.054732312855353200e+02 1.022858719002992700e+02
7.600734197383091839e+01 6.185687126372695133e+01 6.035905857189558787e+01 7.454654665303158367e+01 9.451696699074200581e+01 1.067680086593853730e+02 8.685099887635203686e+01 7.281390155173916412e+01 6.776584830890304545e+01 8.031275710052484840e+01 8.436312040153120506e+01 8.869416387372562838e+01 7.633403215544066711e+01 8.626335617691714219e+01 1.003211365127405088e+02 1.119828642870222808e+02 1.047169401349578237e+02 1.187052346716301798e+02 1.120496483607950040e+02 9.210620286128792600e+01 7.853339087573269239e+01 8.784359292813405773e+01 6.594855218018031451e+01 6.439222883384263696e+01 6.510291445627470353e+01 7.780167279617560894e+01 9.282564424209098775e+01 1.061757415853143556e+02 1.144829970675030495e+02 1.243450464985748027e+02 1.326416137867744851e+02 1.301653417392937797e+02 1.384610935747676592e+02 1.390541962723845018e+02 1.307649165476879602e+02 1.171202517013779101e+02 1.165709052278632782e+02
5.979605620521599718e+01 4.751263478894010461e+01 5.925229957209302256e+01 7.929538458307335702e+01 9.777594284783143053e+01 1.058516667300215630e+02 1.009305862047005036e+02 9.267519882881407511e+01 8.179388403838331101e+01 8.179388403838331101e+01 1.016602816477273450e+02 1.028318254834614578e+02 8.294982386268820562e+01 1.028318254834614578e+02 1.143901730690453604e+02 1.284592096253502689e+02 1.244857702639157537e+02 1.231885513283403952e+02 1.150282428701502795e+02 1.062279850608126850e+02 8.824044684180122999e+01 6.916911716564705159e+01 6.338787148894671475e+01 8.330418214217405648e+01 8.318544082512140392e+01 6.857626620152863950e+01 8.843347553650275472e+01 8.614513342741463475e+01 1.029141131647428296e+02 1.042745950196418221e+02 1.160008857829672877e+02 1.101337760222203599e+02 1.301653417392937797e+02 1.393310622890599575e+02 1.453501607889133140e+02 1.370505458198818189e+02 1.365121598319916245e+02
3.946652938664581001e+01 5.979605620521599718e+01 7.600734197383090418e+01 8.756912818258386721e+01 7.788379035899129121e+01 9.450234138627327241e+01 9.296642735133062274e+01 9.881479077176282999e+01 1.016602816477273450e+02 1.016602816477273450e+02 1.098937952671160190e+02 1.110750120107952768e+02 1.028318254834614578e+02 9.700775878351075221e+01 1.168923662986480849e+02 1.299857805506878776e+02 1.188859517110341386e+02 1.107937949698362701e+02 9.636480716129395319e+01 1.111580760935035386e+02 9.556024270769781026e+01 8.087619534213141037e+01 6.268813232774773780e+01 8.261253038099943069e+01 9.580709597761108398e+01 8.836003523530035864e+01 7.213754690826944227e+01 7.473426342413732471e+01 9.461106459259721646e+01 9.267521497799121732e+01 9.587619635123805040e+01 1.160008857829672877e+02 1.193439522021705272e+02 1.193439522021705272e+02 1.339627886503895127e+02 1.422523276852352865e+02 1.537784567272444178e+02
5.260846894015067932e+01 6.303619036652699492e+01 7.728264631277718877e+01 8.152413105526524362e+01 6.636352152398269766e+01 8.563249716611547058e+01 7.302538483470297592e+01 7.886596346382174261e+01 9.564038190076043122e+01 9.183001736951042915e+01 1.001025887192469526e+02 1.005183896530450909e+02 1.087928031551644921e+02 1.168923662986480849e+02 1.251422652380798581e+02 1.217178062896060311e+02 1.027968636613071567e+02 9.229335938011764995e+01 8.580970146318205138e+01 9.672349759569004846e+01 8.436716471985594978e+01 8.178740048711077293e+01 6.198996176436379102e+01 7.608126338409421408e+01 9.602368771132309178e+01 1.002016773131244491e+02 8.614072579642530059e+01 9.461106459259721646e+01 7.863037573137667380e+01 8.518384883355193438e+01 1.052437868017156291e+02 1.111186588539659823e+02 9.919618051436097517e+01 1.063895101538218455e+02 1.140301828937048469e+02 1.255453218648479776e+02 1.454612621149505856e+02
3.435116455083545617e+01 4.878934971138878751e+01 6.492495136032310654e+01 6.151800516300279753e+01 5.736312377765448645e+01 7.739073245868942763e+01 5.889024281795254012e+01 6.743339171967839718e+01 7.674859716414873390e+01 7.190399929739531615e+01 8.422814940883131385e+01 8.056700146020746445e+01 9.469890575330884985e+01 1.017609144255899594e+02 1.100380699200755998e+02 1.200324431812806978e+02 1.188859517110341386e+02 1.107937949698362701e+02 9.672349764372029313e+01 7.812402379463595992e+01 8.436716513989668442e+01 6.516091921491126016e+01 6.129006080245591193e+01 8.189927465403373219e+01 8.973369922387389863e+01 1.085204094227792808e+02 1.061493607869975051e+02 1.068680209230265490e+02 9.006831321312634486e+01 8.345772248932031800e+01 8.704650503602455558e+01 9.093662871233740930e+01 9.998759146462340652e+01 1.101243779707225485e+02 1.301233851042314313e+02 1.422523276852352865e+02 1.485651967335083725e+02
5.470811974052039517e+01 3.646047578676404299e+01 5.352823624547271208e+01 4.715027779010328857e+01 6.374223039658501477e+01 6.625508230075074323e+01 4.979024768842485571e+01 5.322964289663978832e+01 5.678354063958463627e+01 6.040911823602161235e+01 6.432961393474707279e+01 6.945738469328179576e+01 7.475778444052548366e+01 8.178653201820239360e+01 9.176408675542226945e+01 1.117577420957577914e+02 1.222028219500992634e+02 1.030507524262230277e+02 8.999008629042469920e+01 7.944020468737375040e+01 7.102132944898626477e+01 7.939014811936438321e+01 6.059607718845057889e+01 7.055257704069063607e+01 8.890864195778422641e+01 9.975684929666229550e+01 1.137707596474801477e+02 1.184517300045870059e+02 1.101511767998009645e+02 9.759834912512594940e+01 9.865268997951186236e+01 1.111186588533380615e+02 1.026220199805249251e+02 1.227250949550440424e+02 1.301233851042314313e+02 1.500945260690243970e+02 1.403205160180445716e+02
6.515760463619145071e+01 5.683845955539500494e+01 3.861433951986870738e+01 4.090676620951919062e+01 4.341541055496249868e+01 4.599583716141165723e+01 6.625508230201420190e+01 5.660475959611479624e+01 7.659643946518595214e+01 8.032572547169749555e+01 8.422814940883131385e+01 7.689807139694440252e+01 9.469888552755614342e+01 9.103187075671613115e+01 1.100380699200755998e+02 1.200324431810127521e+02 1.217704443008386050e+02 1.131663869031937395e+02 1.058405258352942724e+02 9.765111682462739395e+01 8.993018555482163379e+01 7.980641379495185106e+01 5.990851490450079808e+01 7.885634349083909456e+01 7.066585265021326734e+01 8.272313871816574249e+01 1.046922622450235849e+02 1.099807937756413168e+02 1.182662157764980435e+02 1.177079936495995582e+02 1.187827261324339929e+02 1.270748589187845994e+02 1.227250949547097036e+02 1.190595360980743465e+02 1.331813233563037784e+02 1.531633408607904983e+02 1.424077908059323647e+02
7.318500883449391381e+01 6.106796442668648695e+01 4.069455732025720351e+01 6.106796425723991462e+01 6.374223212841503283e+01 6.625508230203179494e+01 7.453304589236759625e+01 7.659643946518595214e+01 6.394526053858090364e+01 7.544464527628707629e+01 9.538642522984298466e+01 8.839812107985635237e+01 1.051156155846340283e+02 1.110154248692535077e+02 1.192921072753456286e+02 1.210615373540058499e+02 1.116008133307596921e+02 9.202854625097312180e+01 9.590729869769015181e+01 9.050640222683215086e+01 8.515422143404643407e+01 7.946887467238573777e+01 7.700321176342842477e+01 5.897922860523691924e+01 7.948595499388507335e+01 9.962704584127470753e+01 1.068104516476908827e+02 9.022131318448286663e+01 1.041980576885111986e+02 1.124583195633802859e+02 1.135412152204437888e+02 1.147924489236023788e+02 1.230808303179711061e+02 1.268315219962406815e+02 1.290171834682871861e+02 1.373333209796379890e+02 1.482175869436435960e+02
5.903510753809806744e+01 4.460997033160954572e+01 6.106796442682788495e+01 4.551240079324842469e+01 6.578049900309025588e+01 7.893357835966685343e+01 9.046296390369953144e+01 8.988053907590210656e+01 6.995589617804428428e+01 8.988053907590210656e+01 1.036597405697165044e+02 1.083752026119613561e+02 1.166489807484869772e+02 1.259008760115714836e+02 1.274063127716612911e+02 1.062494315833331058e+02 9.114253612571020824e+01 8.188411352191879189e+01 7.498974106467750289e+01 6.962766043963264906e+01 6.528377936132669390e+01 6.182360660423283605e+01 5.924547525768907974e+01 5.838891555257050214e+01 7.908772551060914680e+01 8.858250592841018545e+01 9.811558234653963950e+01 7.932720716399532535e+01 8.463698593604590314e+01 9.609368689506672467e+01 9.365020181896308316e+01 9.482520404101755673e+01 1.075029592750507987e+02 1.068080221316321712e+02 1.089991995915227676e+02 1.284953349029495371e+02 1.384704440765771380e+02
6.185081105604455587e+01 4.749331768293519929e+01 6.770563115483327010e+01 6.578049900309025588e+01 5.053214833325912281e+01 6.222185227299894450e+01 8.219470976631832571e+01 9.815251561330241259e+01 8.988053907590210656e+01 8.144423406887621297e+01 9.295924423792368430e+01 1.129415160246733620e+02 1.200342610395599223e+02 1.058446346681354413e+02 1.200342610395599223e+02 1.210619422862302201e+02 1.116008133307596921e+02 1.029188910450568812e+02 9.590729881071615637e+01 8.433687474460568012e+01 8.571493195390019082e+01 7.735707549327433696e+01 5.761040431065054435e+01 7.675999490326229591e+01 6.185645176332255346e+01 8.059770349904310649e+01 8.617678758062675115e+01 7.140797650151799303e+01 7.408543874530072060e+01 7.696070299818063631e+01 8.004796230619709263e+01 8.358338980384181127e+01 8.762603825327592233e+01 9.265595004189530925e+01 1.001944210710801713e+02 1.102580011700434710e+02 1.302107491378674524e+02
6.035672183665367641e+01 6.770563115483327010e+01 5.200538693361429665e+01 7.208772688444153687e+01 7.066337511606435839e+01 5.600137919978467238e+01 7.601184718560142528e+01 8.610825507739130558e+01 9.438331390673430121e+01 1.014047460295731184e+02 1.096795247747090087e+02 1.212148120163284943e+02 1.117189717525138803e+02 9.175886527525783265e+01 1.001949989048164724e+02 1.061656478459487261e+02 1.066045490423595226e+02 9.830903481426339852e+01 1.066045705405646942e+02 1.054009584278780522e+02 9.381273457318751241e+01 7.889060640575083028e+01 5.705515165058081806e+01 6.006131979593008907e+01 7.770920862532663875e+01 6.518840184235502022e+01 6.782342222749379346e+01 8.617678758062675115e+01 9.290446764658781831e+01 9.609368689506672467e+01 9.107791570427195893e+01 1.032643547438084539e+02 1.016402221558378898e+02 1.038305810746638684e+02 1.127252656608977617e+02 1.284953306788871714e+02 1.384710873817839456e+02
