MOVIE_S1_data/elevation_000207.asc
nrows	100
cellsize	150.0
xllcorner	0
ncols	100
yllcorner	0
NODATA_value	-9999
[rows 34 to 50 of 100, columns 37 to 73 of 100]
7.994593326050281235e+01 9.707415602555060730e+01 1.070776067972878565e+02 9.956492804162620303e+01 8.905405227939171198e+01 1.038839542416187669e+02 1.061123427724113952e+02 8.963066255964533013e+01 1.061123426987692397e+02 9.660199431127117009e+01 7.856177332812903558e+01 9.660199433217523790e+01 1.045684665195513645e+02 1.072977562186540297e+02 8.616604527685110781e+01 7.406609386141727214e+01 7.841245457317654655e+01 7.320690239358953022e+01 7.470811719846496146e+01 7.038914249149635793e+01 6.634212778662707422e+01 6.395678850568574347e+01 4.178135253645843505e+01 3.830635108349741103e+01 4.741451887508959828e+01 4.439125215693969295e+01 4.948520635104657117e+01 5.536357508675911276e+01 6.503168286396513054e+01 8.734537122543724763e+01 1.073812820331064160e+02 9.900843013459994779e+01 1.073812798746653385e+02 1.157358793365610126e+02 1.138688145827089357e+02 1.034049344747682682e+02 8.839636158665933863e+01
6.809395964735037410e+01 8.848952136838713045e+01 8.362887857534546754e+01 9.540309317392458865e+01 7.778495263721015363e+01 9.596267509907700344e+01 9.794508390779631668e+01 7.818682058598227513e+01 9.794508390779775198e+01 1.064698893651187177e+02 9.811488841680564121e+01 1.064707851314914677e+02 1.223289253429904164e+02 1.160221261809127071e+02 1.038334306133938298e+02 8.616604527685110781e+01 9.947566315871296183e+01 9.420986101094980825e+01 8.917581177459557296e+01 8.074957231409582903e+01 6.982475583934250096e+01 4.760693120967236069e+01 6.395678844514684158e+01 6.094536718291218591e+01 3.921298058810866394e+01 4.746029412538793935e+01 6.180368286082753571e+01 7.551048526287421225e+01 8.451426595926677976e+01 9.627486770785461090e+01 9.720458350769146705e+01 7.859725033380630066e+01 9.720453741987863339e+01 1.038626996168322307e+02 1.122369206650834172e+02 1.048259970081920471e+02 8.470388528683633922e+01
6.019081346796886578e+01 8.066879433770289154e+01 6.660478235022644355e+01 8.460262503072173956e+01 7.059643257665683791e+01 8.034393589946584768e+01 8.848027375117104043e+01 7.106953522776981913e+01 9.095948292012670322e+01 1.042766864133158720e+02 1.144434133827983686e+02 1.062716680094717105e+02 1.026629573205976698e+02 1.223289253429923491e+02 1.160221235134847149e+02 1.072977562018746482e+02 1.028696144250683346e+02 9.455323619409259095e+01 8.074909941453098838e+01 5.942817483110074761e+01 5.421346355682879192e+01 6.981393229089827912e+01 7.734130708602776849e+01 6.020728737180515111e+01 3.987413271604084741e+01 5.969302379821007776e+01 6.697455122450212173e+01 6.533956299740162876e+01 8.066259531668328009e+01 9.944097105123414337e+01 8.880277285516601182e+01 6.822787637728056609e+01 8.724069638456772680e+01 8.350506890390471426e+01 1.033627260689744531e+02 1.132310158597339296e+02 1.005270707477153991e+02
7.097078564269099843e+01 7.475292102993030596e+01 5.479970907575139449e+01 7.504148466569033360e+01 8.034393379339375940e+01 6.047140799282663437e+01 7.707084424208595408e+01 6.456495590258116124e+01 7.629480231975286131e+01 9.611001771993542775e+01 9.575056865471188416e+01 8.658841764507013750e+01 1.062717291942959719e+02 1.165775155535431935e+02 1.204598921301326442e+02 1.003858665617039776e+02 8.597963821015189012e+01 7.398617691772750504e+01 6.753193449547403304e+01 8.074957231409582903e+01 6.713721172938286941e+01 8.444288041307459025e+01 7.059279778688076590e+01 5.443989010208719037e+01 4.055903420159221895e+01 6.091417913985738153e+01 4.827828945405677530e+01 6.860391129512926511e+01 8.560615301428829582e+01 8.376836984158074983e+01 7.531443986449411909e+01 6.092036189927797807e+01 6.664481160174862850e+01 7.449627566856618444e+01 8.641476634168257931e+01 1.066912178995481071e+02 1.089159114770749994e+02
6.681092746642281099e+01 6.343707256637163994e+01 4.586980550818740454e+01 6.669833306043187804e+01 7.171384243306518158e+01 5.417114592991196531e+01 5.660191882519975337e+01 7.707084293756001614e+01 8.348331613179962574e+01 8.642887795058686606e+01 7.597619975749407217e+01 8.065543216954853278e+01 8.873694331555284975e+01 1.001023955350169103e+02 1.197434581097268023e+02 1.088704949416634236e+02 8.862323223356442270e+01 9.455310570201392295e+01 7.971625727050660259e+01 9.643155607293695653e+01 8.806410442446397724e+01 7.663151989756805449e+01 6.448294766291554936e+01 4.413216739987225168e+01 5.909992095724050643e+01 4.160120949645416033e+01 4.234825074809523926e+01 5.670329202219181042e+01 7.220156894595298525e+01 6.961552664669532930e+01 5.476558356026405505e+01 7.531487211663899473e+01 8.724074323685508148e+01 9.498460313054991389e+01 1.033627260689744531e+02 1.150550901516764242e+02 1.179307725121307016e+02
6.111924056615471557e+01 4.308154721352530458e+01 6.388857203470590207e+01 4.883998946252478390e+01 5.098522045590972596e+01 7.171384293226434181e+01 7.707084424213569207e+01 6.050593154236551641e+01 6.336570205435704395e+01 6.645109788810977136e+01 6.997701547447260850e+01 8.983439493492082306e+01 1.037008427066858189e+02 1.165775155535431935e+02 1.279417043622907073e+02 1.171254881981124072e+02 1.088704997177333098e+02 1.084343126247902518e+02 1.001487077929483149e+02 9.245880155880806228e+01 8.064050036135894572e+01 6.817394533233496645e+01 4.778974444660211418e+01 6.448294766291554936e+01 6.989230492401794947e+01 5.351423895516092699e+01 5.309909288632898949e+01 4.341409441819693171e+01 6.374230684428213323e+01 4.920414622732415921e+01 5.623137543853690801e+01 6.401614178043955405e+01 7.441302442062217892e+01 8.896402156860966670e+01 1.092381120820812441e+02 1.164916063121057874e+02 1.249519095434960576e+02
4.036223588804505624e+01 4.550860105496207808e+01 6.636661005032546257e+01 6.962755054258555276e+01 6.315676328646124205e+01 7.996487164272315340e+01 7.713108646509422783e+01 8.077065963074170440e+01 7.112638755521349765e+01 8.642887795058180700e+01 8.983439493492082306e+01 7.578225859174820300e+01 9.553713732951753457e+01 1.096765497557581455e+02 1.178510678726461123e+02 1.292134123213611758e+02 1.136507570014149735e+02 1.019389557872871990e+02 9.280553749035065891e+01 8.403598429935271952e+01 6.350999399853445482e+01 5.173133134990374771e+01 5.684056474290185434e+01 7.663151989756804028e+01 8.236131219814060955e+01 7.390704090578979901e+01 5.480055154978828824e+01 6.374454444407304976e+01 4.448280371106216791e+01 4.882596219013200312e+01 7.249881208623625639e+01 8.465759354927733682e+01 9.307729919008423281e+01 1.032851330670814178e+02 1.133405743322092434e+02 9.651005746325127177e+01 1.133405743322092434e+02
5.953441606508148709e+01 6.632379333196777793e+01 5.380420577227645396e+01 7.456993856503687823e+01 8.338132547574460318e+01 9.152928707468244340e+01 9.119283056413188149e+01 9.916088784136253764e+01 8.112966874543266727e+01 9.916088375056884274e+01 1.037009302080714264e+02 8.465535801572677599e+01 8.303416716885371329e+01 9.002445679009878177e+01 1.013814661347104931e+02 1.210078447086241624e+02 1.052793752965352212e+02 8.496282006269922249e+01 7.305655114810903683e+01 6.381912053337977397e+01 5.608722966447344049e+01 6.191753465772371356e+01 7.734284283290556061e+01 7.358961248886031115e+01 8.992419162359867357e+01 6.924712360422748247e+01 7.530324477924112614e+01 7.326243401617210793e+01 6.481099923795846962e+01 4.557253512578353849e+01 5.988997576465350647e+01 8.039898694351963115e+01 9.405654688925027074e+01 1.024516977550750596e+02 1.049552537153575713e+02 8.496148784936210063e+01 9.372147390142305312e+01
6.806650906056377437e+01 8.204194055876008917e+01 7.456993856503687823e+01 6.379178362033886174e+01 7.574252542322842885e+01 9.564561520033376496e+01 1.108999079660882785e+02 1.090224904925739224e+02 1.008537271998677909e+02 1.090224903465402946e+02 1.125090368370475176e+02 9.603978925894341501e+01 9.110193626441626691e+01 1.096765497557581455e+02 1.178510678725244816e+02 1.215068588268457148e+02 1.116502915712852939e+02 9.728491299414029925e+01 8.221104446774400287e+01 6.163783001136900452e+01 6.331518567130279962e+01 8.245306188985956908e+01 8.245306188985956908e+01 8.809002682758708147e+01 9.836189736422132057e+01 8.992419162359867357e+01 8.440191693365817116e+01 7.066211856423660720e+01 5.008017447893502805e+01 4.633782305195484241e+01 6.666972878476585151e+01 7.957588368165458803e+01 7.357780277102222044e+01 9.405654686770002115e+01 8.916605089035071785e+01 7.723346046444791568e+01 9.739832053883475282e+01
6.217042993146876029e+01 8.259000517462281721e+01 9.230324808527944924e+01 7.573898258559400176e+01 9.230324808527944924e+01 1.037284566788670617e+02 1.025682404438033331e+02 1.106826706936182916e+02 1.100904966256108821e+02 1.182110675495226104e+02 1.238711369554536503e+02 1.156799117039587372e+02 1.049964634527203913e+02 1.071425572451122861e+02 1.267991990360608838e+02 1.131356046085009552e+02 9.290063422399161652e+01 8.291953439833717709e+01 6.832074409048291841e+01 7.005803742638461529e+01 7.111776776620467899e+01 9.164083287985378945e+01 1.028390595226082240e+02 1.084140751191989835e+02 9.572975990431403659e+01 8.750707512959152723e+01 7.610049969862207320e+01 5.566934400095583868e+01 6.672600073392946740e+01 4.711129682294709653e+01 6.745978566847922764e+01 5.901357510217065538e+01 7.957588801046402693e+01 8.196645591868865210e+01 6.880252117518789134e+01 8.327889667642291727e+01 1.033788982617558929e+02
8.259000517462281721e+01 9.084927853708691714e+01 1.035098161780993138e+02 9.553989149928125357e+01 9.160473228238726051e+01 9.903981906163396332e+01 8.303611934677950046e+01 9.939601098037748272e+01 9.048280365746222742e+01 1.068910520486729894e+02 1.094342361242420765e+02 1.175506660385703270e+02 1.246389625084021588e+02 1.267991990360608838e+02 1.210112701962336246e+02 1.008442994551111269e+02 8.647657254232201751e+01 7.615733369267597652e+01 8.888199522756957549e+01 7.931897207559224228e+01 8.145909757114124261e+01 1.000347940643935658e+02 1.145306357643757735e+02 1.046591520374616238e+02 8.750707512959152723e+01 6.716926335717386110e+01 6.184080535317537652e+01 7.610049200189664020e+01 7.527648304066339335e+01 6.746000098875677509e+01 4.819303140314251266e+01 6.858487296543812306e+01 7.820094111282040217e+01 6.150287970511976710e+01 8.190958658057471098e+01 9.535369848492334199e+01 9.132534063904051891e+01
8.233062422463149232e+01 9.059992747438612071e+01 8.481197073255104613e+01 8.520919478832342975e+01 6.963871146473050544e+01 7.996292983514995001e+01 7.184532477037994624e+01 8.644847909973903199e+01 7.905512929879292017e+01 9.390518539630488704e+01 8.982011587274200792e+01 1.035675225505367791e+02 1.101010736129230310e+02 1.174751079509459117e+02 1.255955624470477971e+02 1.151169519405901127e+02 1.049910473588717963e+02 8.647657254232201751e+01 1.049910473349274440e+02 8.959919461806354946e+01 1.018225681885664216e+02 1.018225681885664216e+02 1.063404206917963819e+02 8.660986342968131169e+01 7.642193477592564932e+01 8.750707512959152723e+01 7.107990244158612825e+01 9.051535050017444917e+01 7.698047600567426230e+01 5.641553222572791526e+01 6.858487296053958460e+01 4.928610895506682965e+01 6.973208574598767484e+01 5.680138435952216014e+01 6.725737061485989443e+01 8.149608157398203900e+01 7.863709399505709996e+01
7.402545813477576075e+01 7.046568473617215034e+01 6.452927973587169674e+01 7.262006597317571277e+01 5.630865184791357336e+01 5.963452103132437543e+01 6.297809528689670344e+01 6.651261186884477183e+01 7.012733629704351301e+01 7.414543886784611004e+01 7.838760253249476762e+01 8.389021118590517290e+01 9.050041756476773003e+01 9.796524559329118631e+01 1.117688110791420257e+02 1.312513179634181881e+02 1.151169498761970402e+02 1.067510684064287574e+02 1.151169498499328796e+02 1.039297937729070185e+02 1.182052887826371830e+02 1.220280162793873586e+02 1.145306357643757735e+02 1.046591520374616238e+02 8.814420674541852918e+01 8.766251810501779573e+01 9.129742620393039942e+01 8.667698898466444746e+01 6.610757874045394544e+01 7.698047600567426230e+01 7.818179413429128033e+01 6.970731176613342939e+01 5.038837485718939746e+01 6.906423286160264752e+01 5.275136334110344905e+01 7.324247692649827002e+01 5.790549082222558752e+01
7.026089206714408419e+01 6.736733097135480364e+01 4.946975332075653142e+01 5.181124673044705276e+01 5.590800027757077828e+01 6.002355068799016635e+01 8.032707774573482595e+01 8.644847911456159295e+01 8.995323617018907214e+01 9.390518539630488704e+01 9.237005306235175794e+01 9.451532075366215224e+01 1.035675224404158001e+02 1.174751079509459117e+02 1.255955624470477971e+02 1.239339725821503038e+02 1.156404462770715469e+02 1.204476221362157986e+02 1.287209088440341986e+02 1.240988494071362851e+02 1.274191258898600552e+02 1.191488476754661150e+02 1.274191258898600552e+02 1.160527789149672202e+02 1.078554113387512530e+02 1.017033976713081245e+02 9.846940330590881274e+01 7.804434255723863600e+01 8.667698898466444746e+01 9.133006584059081945e+01 7.609175041416114027e+01 5.528276449038793317e+01 6.186564946485699323e+01 5.155936945376839731e+01 7.213773987103066077e+01 5.396081644174143577e+01 5.539376973581493502e+01
6.184661041271856163e+01 4.630840109081288603e+01 6.739098458944418724e+01 6.678671194249697862e+01 6.326049334688227077e+01 8.032707774573479753e+01 6.598968383747144628e+01 8.597077992752753062e+01 9.716980462345154024e+01 1.052121288398136159e+02 1.119675209655772790e+02 1.141045893440355457e+02 1.222318783003227338e+02 1.312641183946236936e+02 1.239259394955383016e+02 1.123454436028567613e+02 9.554969825649419590e+01 1.003536436894508057e+02 1.096827617545336722e+02 1.179883939183875867e+02 1.173892361417648971e+02 9.905031366813400950e+01 1.173892361417648971e+02 1.259467519166705785e+02 1.176760314135036367e+02 1.213949250411069727e+02 1.068487315220390599e+02 8.990536461096426990e+01 9.467646479237517099e+01 7.439717036680534079e+01 6.233883386133347670e+01 6.071783718777631833e+01 7.834995707762011818e+01 7.342237397355684436e+01 8.087306648784100105e+01 7.446526000423375535e+01 5.521100897428947718e+01
4.333326415481149496e+01 6.436433259559338182e+01 7.574185631884819259e+01 8.696135306899581963e+01 7.250052276613752156e+01 9.166780923290949090e+01 8.597077992752753062e+01 7.215830888431732149e+01 7.752691935777566812e+01 9.717006869519796908e+01 1.143840831974882093e+02 1.230412609564144475e+02 1.341961982528664521e+02 1.258702422130394893e+02 1.156381322222076733e+02 9.554969748496790771e+01 8.404606615123505264e+01 9.551505177773645983e+01 8.964710543664310194e+01 1.096828116184340729e+02 1.090995806718000409e+02 8.906443497879138249e+01 1.090995806718000409e+02 1.143745576484543705e+02 9.760078075518069340e+01 1.143745576484543705e+02 1.185379255956245572e+02 1.101680977221960234e+02 1.030120386628011033e+02 8.862942194519072814e+01 6.821762727314221308e+01 8.125449759899738922e+01 6.889774176027374608e+01 8.922911944974939047e+01 8.799601883016876513e+01 6.714462286336789987e+01 5.610548406396589627e+01
4.658199835123311061e+01 6.765743764946708438e+01 8.109624337468396504e+01 9.273107445362471424e+01 8.408274126316821651e+01 1.005328196419955589e+02 9.927299173743405447e+01 7.972484781994621983e+01 9.716929578261230915e+01 8.687198603098586602e+01 9.566192377135639902e+01 1.068700202727778077e+02 1.261167306403736177e+02 1.116968629300344702e+02 9.747328009526924575e+01 1.048560754783639908e+02 9.551526159874028110e+01 7.560039544951085588e+01 8.964710230824302073e+01 1.096819914370207698e+02 1.024211987741304881e+02 8.245138012251406678e+01 1.024211987741095129e+02 9.665640868703343358e+01 8.608328702394348397e+01 9.760078075518069340e+01 1.176760314135036367e+02 1.102981325050152606e+02 9.023577681966462194e+01 7.854371783915648564e+01 8.011015671999858512e+01 9.533405770463086526e+01 7.508626642695706721e+01 9.533405770463086526e+01 9.158661168527899576e+01 7.566722983888153919e+01 5.702422284985486556e+01
