MOVIE_S1_data/elevation_000974.asc
nrows	100
cellsize	150.0
xllcorner	0
ncols	100
yllcorner	0
NODATA_value	-9999
[rows 0 to 16 of 100, columns 37 to 73 of 100]
1.017155474379707130e+02 9.387838028797669665e+01 9.634031746565007381e+01 1.041734621745384288e+02 1.125856390997782910e+02 1.044233944632661490e+02 9.642406977100156951e+01 9.167990700051356612e+01 9.653387100570451196e+01 1.026906995341013697e+02 1.095793237782991696e+02 1.175259667080491113e+02 1.286339872038058445e+02 1.279321626939363767e+02 1.199655617502383933e+02 1.174689931829082639e+02 1.254360651821060628e+02 1.253284537792189326e+02 1.196916956737267981e+02 1.201578728951686088e+02 1.201578728951686088e+02 1.281440890291316066e+02 1.231452075381965869e+02 1.151899437356047002e+02 1.231452075381965869e+02 1.250337749615893159e+02 1.260308351573697365e+02 1.180602471490162344e+02 1.173860987251340333e+02 1.215100212323793301e+02 1.236108145512854577e+02 1.315797387639140368e+02 1.329317508684009681e+02 1.407700977284233943e+02 1.468729001921403494e+02 1.389068724076831813e+02 1.468729001921403494e+02
9.065724256755832755e+01 7.462834308532629279e+01 7.714102296057831154e+01 9.634031746565007381e+01 1.016633093072219935e+02 8.522008881525479751e+01 7.701820550861397408e+01 7.229987453512806894e+01 7.711736699900653491e+01 8.322008879180906149e+01 9.009411303534675142e+01 1.013945600201689388e+02 1.207559523680356932e+02 1.199655617502383933e+02 1.005959475965680525e+02 9.807034119056167754e+01 1.142640551452521862e+02 1.059890355183417938e+02 1.003132078413918009e+02 1.007849139236088973e+02 1.007849139236088973e+02 1.201578728951686088e+02 1.134699212554835128e+02 9.577936537648611193e+01 1.134699212554835128e+02 1.057224230869522472e+02 1.148629294615339944e+02 9.867516470705024290e+01 9.798684573955490862e+01 1.021670045669813902e+02 1.042863348900411040e+02 1.195571968935878431e+02 1.140172752465293939e+02 1.329317508684009681e+02 1.373555271053630236e+02 1.199537039971700239e+02 1.327128060301110395e+02
8.276436612711616192e+01 6.294334351258168425e+01 8.276436612711616192e+01 9.463035718902720816e+01 8.796123757299041301e+01 7.425916583875905985e+01 6.582651028451955710e+01 7.953591011642605224e+01 9.653387100570451196e+01 9.297096838603640379e+01 1.095793237782991696e+02 1.175259667080491113e+02 1.206834438331681127e+02 1.188397526528807902e+02 1.062691762332110841e+02 8.673919923682960587e+01 1.062691762332110841e+02 1.052884745652080909e+02 8.646144710690508361e+01 8.693642074288385402e+01 1.064591222347299606e+02 1.181879353235373742e+02 1.054846545560454700e+02 8.596261176251312008e+01 1.054846545560454700e+02 9.191993229334090643e+01 1.061609038220089758e+02 8.734468161013552390e+01 8.411122024800127406e+01 8.830298575779588077e+01 9.339312916112506002e+01 1.003466602492034951e+02 1.140172752465293797e+02 1.329317508684009681e+02 1.294294996450117310e+02 1.103042121280387278e+02 1.136168866788684824e+02
6.886132125366771106e+01 5.657869158116768205e+01 7.678810294446743967e+01 7.519977806295523237e+01 7.519977806297407597e+01 6.038922717090344605e+01 7.994193089688106113e+01 9.323527292269019995e+01 1.069346357289543903e+02 1.123869696664531403e+02 1.203325828668300943e+02 1.154761370494084929e+02 1.026958294349359591e+02 1.108489953535860053e+02 9.139057485485776056e+01 8.084063488576882150e+01 1.003806666094593112e+02 9.725603249341995138e+01 7.772216229830493717e+01 9.725603249341995138e+01 1.144645014763702591e+02 1.102162143619656263e+02 9.074985571708383247e+01 7.943599056796944069e+01 9.131285340588112831e+01 8.060970149660927575e+01 9.332127230104475757e+01 7.857521115076275464e+01 9.813705696193623851e+01 1.078324429796720096e+02 1.124348894284482441e+02 1.056623865473140143e+02 1.188259332682305995e+02 1.366834564165481538e+02 1.323966537832019981e+02 1.135940496169089329e+02 9.975991007694911161e+01
4.788959769997830307e+01 6.884532798111186480e+01 7.873801386236253563e+01 7.067546699635298069e+01 5.522069628674698549e+01 7.519977806297407597e+01 7.994193089676761588e+01 9.933273326781042556e+01 1.052944056422696946e+02 9.722887322429966162e+01 1.052944057855929856e+02 1.064201801499387301e+02 8.989833418112051788e+01 1.064201801499387301e+02 9.496126787811724057e+01 7.545718684873199322e+01 9.496126787811724057e+01 9.265185513415870844e+01 7.316852906005345858e+01 9.265185513415870844e+01 1.076847060905121651e+02 1.177980053317308347e+02 1.041850434006194774e+02 9.131169370956759224e+01 7.180983298639240786e+01 7.088150345066549107e+01 7.379061216743573937e+01 8.067899210576501901e+01 8.945638675626088343e+01 1.007750953612800942e+02 1.201316823881357294e+02 1.251076682076329831e+02 1.324298362291366402e+02 1.310844979032557092e+02 1.230986147148028067e+02 1.269751648821185768e+02 1.115525843769915042e+02
4.243564471003592331e+01 6.454136132016670047e+01 7.067189063456739007e+01 4.975011750495981744e+01 6.616971431546807025e+01 7.028042902596725128e+01 7.754692601381566419e+01 8.706876139617695287e+01 9.551509602319310943e+01 7.763434097476947215e+01 9.551509602319335102e+01 9.892640441908592663e+01 8.066298237974342555e+01 9.892640441908592663e+01 9.048672763988341217e+01 7.103415066900322472e+01 8.462202667184050142e+01 8.290520517863801331e+01 6.897234584467754814e+01 8.015757786277693242e+01 9.965993728675293539e+01 1.083958260930269972e+02 9.049558475381313372e+01 7.667890263268409967e+01 6.700296528113042882e+01 8.643829865672893220e+01 9.332127230104475757e+01 1.002354159876879720e+02 1.082509445180881755e+02 1.169449020585608991e+02 1.281056881277930870e+02 1.325743722456120111e+02 1.213878279304929464e+02 1.133783941228768697e+02 1.036581735309503784e+02 1.163324359740273621e+02 1.083006900033970510e+02
4.075228514447353234e+01 6.124180828626214890e+01 6.653755648536838407e+01 6.323885120946768268e+01 4.435510565444577225e+01 4.581783290583436496e+01 5.808586386705498938e+01 7.893707661849043689e+01 8.743160709948027431e+01 6.778987899393217731e+01 8.743160709948027431e+01 9.283815324175155581e+01 7.440056180830518429e+01 9.283815324175155581e+01 9.850961024574638714e+01 8.461988270371467991e+01 6.522455523324241256e+01 6.352154305766320874e+01 8.290520517863801331e+01 8.932444340013624640e+01 9.735905344302577191e+01 9.992624665525549688e+01 8.114407047132137052e+01 8.115601007130509004e+01 6.473211416872894119e+01 7.005640302292265176e+01 7.564009218272919099e+01 8.541368838524425655e+01 9.672906818843448207e+01 1.104918113212276580e+02 1.297515021749159132e+02 1.245871071650607433e+02 1.051730466885383350e+02 9.374210438763600450e+01 9.220808315255939647e+01 1.050059537431111636e+02 8.858833394183209009e+01
5.861688800762892271e+01 4.133907009111965891e+01 4.175693664945520567e+01 4.217853994487544611e+01 4.260291740653185144e+01 4.303362664245570102e+01 6.158956763779394095e+01 7.118149648342941305e+01 7.246991021943092903e+01 6.113857873130544363e+01 8.088436439761160557e+01 8.751540363210287410e+01 6.890411377121806424e+01 8.216762094930145111e+01 1.004322448259260057e+02 9.261524978471490499e+01 7.924010797128424599e+01 5.980698459744750295e+01 7.557467333572532198e+01 6.987933209553507652e+01 8.932444340013611850e+01 8.639880428022757997e+01 7.267293443364533800e+01 6.177210318562055136e+01 6.964090356303070450e+01 8.905312887325005988e+01 9.517187863446716278e+01 8.692966182540237696e+01 9.823722708869404130e+01 1.176237982702096758e+02 1.292936159298529333e+02 1.180788276353905246e+02 1.100542645162067146e+02 1.020413769583500567e+02 8.229964065804929874e+01 9.398184686297359747e+01 7.721233259646173508e+01
6.469388545945693636e+01 4.746990991250782344e+01 4.590415295335987622e+01 5.934428998787736731e+01 5.823910988765039320e+01 6.364401710040892368e+01 4.364491009472951077e+01 5.586559228111518394e+01 5.236954130518034844e+01 7.245310863617429220e+01 8.374124886354958619e+01 7.659579586496471393e+01 6.404508428582208523e+01 8.286232242487292865e+01 8.661589160169990009e+01 7.775729191229774528e+01 8.462573592492030627e+01 7.557466515185730316e+01 5.583606495306542428e+01 7.227951726620113959e+01 7.866432643634115607e+01 7.564960458019292844e+01 5.892640363505247336e+01 7.837261944220114174e+01 8.114051088081779994e+01 8.338029800668587654e+01 1.027485540883585884e+02 1.064309561795428749e+02 1.144289111323470678e+02 1.255995213945388400e+02 1.212982347379725923e+02 1.018231070350826286e+02 9.040187259769204786e+01 9.870795075178341449e+01 9.398184686199080318e+01 7.430362952386845166e+01 9.398184686297814494e+01
7.464893227907923290e+01 6.530643639202165218e+01 6.100067139031865793e+01 5.255224005254296316e+01 7.055894213820685934e+01 6.376717165049490887e+01 6.420868893724109228e+01 4.425526291803933532e+01 6.495300801022733594e+01 7.146046225722116674e+01 6.979041390507811116e+01 5.735565340803783130e+01 7.572714386407635345e+01 7.066992048476230082e+01 6.964471992598335248e+01 5.847609763708824460e+01 7.389973370621575555e+01 7.388054358220948359e+01 5.282199756762863530e+01 5.227620955672716718e+01 6.175475532262549194e+01 5.603171620644607742e+01 6.592722581747575816e+01 8.537197939532519797e+01 1.005360895477504926e+02 1.027485540883585884e+02 1.106707532495855162e+02 1.121363839702629406e+02 1.203272998073082647e+02 1.197764634347551294e+02 1.120458530284514893e+02 1.110264851944212694e+02 9.870795075183227141e+01 7.900436954100210585e+01 8.941959349326182860e+01 7.241166803837356269e+01 9.207047430858044379e+01
9.252488988347779753e+01 8.225113376343496441e+01 6.291471942776257009e+01 7.272393656926973904e+01 8.138704630975529142e+01 8.260841833778302146e+01 7.253307636643691581e+01 6.311403489267025435e+01 4.486664998732478438e+01 6.260718592717292807e+01 5.078113386321137313e+01 6.720033048520282648e+01 6.781837368549555833e+01 4.803016230597054204e+01 4.861423383355366212e+01 4.920232540374790631e+01 6.823153224143931084e+01 7.043488026285163528e+01 5.144547213742396963e+01 7.155148119006592822e+01 5.310098079940229354e+01 7.301677258215444510e+01 8.369465151259703362e+01 8.537197939532521218e+01 1.048148482631811760e+02 1.090839028803055299e+02 1.009648470123795221e+02 9.278671436057533128e+01 1.090839028803055299e+02 1.092489768470851459e+02 9.398949294920437580e+01 1.029697062809470367e+02 8.333163114885017819e+01 8.693528489995402708e+01 6.985861583262393992e+01 8.365635410044413334e+01 9.206643052025914642e+01
8.607766470175474183e+01 9.151162327582545686e+01 7.796054016349782501e+01 9.150942915686216850e+01 8.709042172857266451e+01 7.910109451191564744e+01 7.555424102734943403e+01 6.619190632726470369e+01 4.558704090606241266e+01 4.560601830347537344e+01 4.613056036612190525e+01 4.666671378545706261e+01 4.721859865324424987e+01 6.103763663846852694e+01 6.786051277177901397e+01 5.408722035063562572e+01 5.003385942732821690e+01 5.061990124029146898e+01 7.073480777825366772e+01 7.354085875530037697e+01 5.370629949030585237e+01 7.355547192963240377e+01 8.381407381510810239e+01 9.046388883274060788e+01 9.949362632515872917e+01 9.780987263763688588e+01 8.146828144106126501e+01 8.146828144106126501e+01 1.009648470123795221e+02 1.016210086761608551e+02 8.360931127928066076e+01 9.122195033544228693e+01 8.693528396507231548e+01 6.762163218527686581e+01 8.693528489995402708e+01 9.750076177214536699e+01 1.112491139212343114e+02
7.524472621229571700e+01 9.484306375980683868e+01 1.005930959640210460e+02 9.256379772201546530e+01 7.909349338120482287e+01 6.002922382458903883e+01 5.621400963977763610e+01 6.688986990312355374e+01 4.626876762680760180e+01 6.636921951923268637e+01 6.720730251127446309e+01 5.886557298465022114e+01 6.750991012625773635e+01 6.877826650724550461e+01 7.352530988546277513e+01 6.247670251806309949e+01 7.058263011274598853e+01 5.491748396879957994e+01 7.468257090799333753e+01 7.284230505803377298e+01 5.431062574021778744e+01 7.409419964221204680e+01 6.602400337160258914e+01 7.406868784032364772e+01 9.023154218302053664e+01 8.304377160244571598e+01 6.991602636021892181e+01 8.712652101563763551e+01 9.685686714321700208e+01 9.685526477469963424e+01 8.933537758012137431e+01 7.305648047212103791e+01 8.292932808816814827e+01 6.619466450027962878e+01 7.950395298689529966e+01 9.912131807654571958e+01 1.070855466151856348e+02
9.484255416897416069e+01 1.028902809392257609e+02 9.673202550613146400e+01 7.838979077114701965e+01 6.547787847091812807e+01 7.910109451238382405e+01 7.070346589389706082e+01 4.633720850617466880e+01 4.701030075058083924e+01 6.771032521002119609e+01 7.681847333794098631e+01 7.846788778812212684e+01 8.520486005265442486e+01 8.641505136625379180e+01 8.579160139615619585e+01 7.342949518675240483e+01 6.327858877170675811e+01 7.533596663688572903e+01 8.408547712638389271e+01 8.121647675370944341e+01 5.619878217133658893e+01 5.516077942614924723e+01 5.575767782955689711e+01 7.538955211699686743e+01 7.671778431308761981e+01 6.557015977346850377e+01 7.697557780598653210e+01 6.245686369264746673e+01 7.910825938959001746e+01 8.655205700506365929e+01 7.188215663336711714e+01 7.814404611013249280e+01 6.422609856547673246e+01 8.292313985540098997e+01 9.328411334495839924e+01 9.796852187362692632e+01 9.860276655230016729e+01
1.141176450035555803e+02 1.053559023812633910e+02 8.594433576892780025e+01 7.230845988218268872e+01 7.489689454395951884e+01 9.256379772202311074e+01 7.892768325316062317e+01 7.071090601087328764e+01 6.770267586355075196e+01 4.825067476556053947e+01 6.847636626682520955e+01 7.786623639281390297e+01 8.744975056831383142e+01 9.924170786136349420e+01 9.014967856578017802e+01 8.917128301602789975e+01 7.508165770624655977e+01 7.618764643232051981e+01 9.592749124955072659e+01 8.843966068687630866e+01 6.900541040109595770e+01 7.485327311392461525e+01 6.466112212618591570e+01 5.659331155776349220e+01 5.718418912398320941e+01 5.776929724357363938e+01 5.834889432496861872e+01 5.893758800280767929e+01 7.704310838141340412e+01 7.963061895713863692e+01 6.118543196405341433e+01 6.510011402916330780e+01 6.281918235442550014e+01 8.186828678917716218e+01 8.359859356268351860e+01 7.824141976536591869e+01 8.463932503562156739e+01
1.135915207546878207e+02 9.425749659096391042e+01 8.047114857505258101e+01 9.163012595401033877e+01 8.857464700020663884e+01 1.022261479130464039e+02 9.026278329454430605e+01 7.525023224726534465e+01 5.536982195681084562e+01 6.879972507086525013e+01 4.954689275146738936e+01 5.908691158711462066e+01 7.121887181726717131e+01 9.228040342224952042e+01 1.068301739522880922e+02 1.027272896924007455e+02 9.486461006050240030e+01 9.030461683623450142e+01 1.037812361783189772e+02 9.678018322026409237e+01 8.872902340809204702e+01 8.154262489139799186e+01 6.217689715953586216e+01 7.612027350330080822e+01 7.660202013788455133e+01 7.584592472621605452e+01 6.078010202578011700e+01 7.765892006226327737e+01 5.976264592816413312e+01 6.034015992856534183e+01 7.969387555348924934e+01 6.201629797935624566e+01 7.918611610447695170e+01 6.363633110565129414e+01 6.419199429837537707e+01 6.473608686201284002e+01 6.528356023432719724e+01
1.135915207506826619e+02 9.425749659096388200e+01 9.172901035003236814e+01 1.078384246558589297e+02 1.079744439384706425e+02 9.824597253072941783e+01 8.217884764942171216e+01 6.258370286402119120e+01 7.525023224726076876e+01 7.067071372197131041e+01 5.044694316124162015e+01 7.067071372218319425e+01 8.113362965387472059e+01 8.953875871417167787e+01 1.039570643458495880e+02 9.588629392548934050e+01 1.039570643458495880e+02 1.095023109176994325e+02 1.110918567692975643e+02 9.163159184688528569e+01 7.777698293559190290e+01 6.807452133060819222e+01 8.154262489152384319e+01 8.943049054349013716e+01 7.761065121446955573e+01 6.414207025416556007e+01 7.985449523195367760e+01 8.616516414084705389e+01 7.936434603598169701e+01 7.096362476698058686e+01 6.294152955270806160e+01 8.212695381060096622e+01 8.994797667203241076e+01 8.244720513421654573e+01 7.475036121141157253e+01 8.400431269016874580e+01 8.467248441467914688e+01
