MOVIE_S1_data/elevation_000977.asc
nrows	100
cellsize	150.0
xllcorner	0
ncols	100
yllcorner	0
NODATA_value	-9999
[rows 0 to 16 of 100, columns 37 to 73 of 100]
9.868025993805521523e+01 9.033966723405794141e+01 9.296656244142862136e+01 1.012988828381539150e+02 9.729633001724342023e+01 8.892123124883964636e+01 8.821381502767347627e+01 8.043559471502837255e+01 8.539525583673386677e+01 9.153162118225066024e+01 9.828710851316091635e+01 1.066694449570205308e+02 1.168157915174588624e+02 1.187991909002800810e+02 1.104511053413255439e+02 1.078367466555888399e+02 1.161844550448857518e+02 1.160484019484320299e+02 1.101562486186995073e+02 1.106432301047525044e+02 1.106432301047525044e+02 1.189735054505675862e+02 1.174041007965803658e+02 1.090687692288813366e+02 1.174041007965803658e+02 1.250001132549514296e+02 1.197555713681962999e+02 1.114876583648801045e+02 1.118085385340256721e+02 1.160907872908991010e+02 1.182857484130041712e+02 1.266032880390631306e+02 1.283515223362147140e+02 1.366774112750084669e+02 1.431887577162248988e+02 1.349161323802427148e+02 1.431887577162248988e+02
8.693709539781814044e+01 6.991549884892941691e+01 7.257530795748252217e+01 9.296656244142862136e+01 8.554801717183242715e+01 6.851895674626520361e+01 6.779445807255103773e+01 5.990842901997174152e+01 6.494796543126561517e+01 7.118264494014827903e+01 7.802444144441760443e+01 8.819208147923416163e+01 1.083918201061905791e+02 1.104511053413255439e+02 9.022832760733489010e+01 8.759720541349673795e+01 1.045137592538074358e+02 9.586220127253753276e+01 8.994141300055423471e+01 9.043270944768009656e+01 9.043270944768009656e+01 1.106432301047525044e+02 1.073122134864889574e+02 8.885993298883599323e+01 1.073122134864889574e+02 1.048814443586927041e+02 1.084496000648429543e+02 9.206171062843154118e+01 9.167426393155361097e+01 9.600526023417523902e+01 9.820290434775289157e+01 1.141823803006186751e+02 1.083133295022839491e+02 1.283515223362147140e+02 1.332057118130602191e+02 1.149524398961278564e+02 1.283806582392531084e+02
7.854776811892976696e+01 5.797646560586613873e+01 7.854776811892976696e+01 8.349428159194053478e+01 7.638810327690231361e+01 5.658187089896037492e+01 5.317157666153994455e+01 6.779445807258269951e+01 8.539525583673386677e+01 8.167694949148476269e+01 9.828710851316091635e+01 1.066694449570205308e+02 1.167783196729148472e+02 1.092980272323894155e+02 9.615144207119249131e+01 7.574510761322817132e+01 9.615144207119249131e+01 9.511981425230692366e+01 7.545550717027545318e+01 7.595322785867318771e+01 9.635223389682579409e+01 1.106761760258432048e+02 9.896435110885862230e+01 7.861020164621406536e+01 9.896435110885862230e+01 9.056059390860927749e+01 9.967022435854872242e+01 8.057147952550677417e+01 7.724692768126492126e+01 8.164097052996260118e+01 8.693927468855395091e+01 9.412617850211596249e+01 1.083133295022839491e+02 1.283515223362147140e+02 1.249342861381853425e+02 1.049785489403150081e+02 1.084216326859314705e+02
6.427194342549053374e+01 5.176221872716273964e+01 7.234528703849993292e+01 6.302309161024049189e+01 6.302309161024048478e+01 4.734903765070415460e+01 6.794721562415803362e+01 8.219472291496207106e+01 9.659498775734162734e+01 1.019398217804449160e+02 1.103154189118502444e+02 1.171825946321762473e+02 1.088155990277679024e+02 1.009349779892149570e+02 8.057651008262831738e+01 6.949630242993399065e+01 8.999870073086803757e+01 8.673605023079716148e+01 6.618949644494713880e+01 8.673605023079716148e+01 1.047031074491236922e+02 1.023324904823148245e+02 8.202677876042139360e+01 7.172748348276142849e+01 8.470997647149238219e+01 7.874785429529939051e+01 8.680261153765937365e+01 7.140981161984832681e+01 9.182962113516892089e+01 1.018881749053837780e+02 1.070914421523351052e+02 9.972383829899533225e+01 1.138933552169686720e+02 1.339551347949533806e+02 1.283806582392530800e+02 1.084216326859314705e+02 9.433948117539017630e+01
4.382235837030525971e+01 6.427194342549053374e+01 6.695720235785952923e+01 5.849792816975229925e+01 4.253537762260015853e+01 6.302309161024048478e+01 6.794721562415804783e+01 8.838016963628945177e+01 1.013184065717903621e+02 9.284030013239404866e+01 1.013184065717903621e+02 1.057638589677024044e+02 8.915311181691913589e+01 9.880229827973180079e+01 7.834605162543586232e+01 6.373957241185948419e+01 8.431235855056002038e+01 8.189318106013422494e+01 6.129616561601372382e+01 8.189318106013422494e+01 9.604284111995887940e+01 1.106761760167219677e+02 1.005396124356800129e+02 8.470997647149238219e+01 6.417800121124862756e+01 8.470997619789257271e+01 6.632739763195337446e+01 7.471630229855759353e+01 8.385095874245077141e+01 9.546500557905311268e+01 1.153107740885301666e+02 1.197693144126906617e+02 1.280878392770892731e+02 1.264983146447564053e+02 1.182229107167577098e+02 1.225368470732255588e+02 1.067354143318095225e+02
5.725780015093543796e+01 6.048652851976227396e+01 5.427667967292667583e+01 3.838049293895092973e+01 5.849730438117092035e+01 7.145961694180810753e+01 7.238760277117258113e+01 8.084105968467035552e+01 9.105098707434855498e+01 7.227775876407793021e+01 9.105098707434855498e+01 9.722814082607351338e+01 7.855576269758303454e+01 9.722814082607351338e+01 7.971161017323339593e+01 5.910495384558858945e+01 7.363442582106350187e+01 7.178633870337121436e+01 5.677798781275036788e+01 6.713754441703261477e+01 8.765955829608564898e+01 9.669963564245567511e+01 8.795981309292500328e+01 8.037783698805336030e+01 5.986335740407815820e+01 7.893059801507023110e+01 6.283532926781499839e+01 8.334166882440153756e+01 1.019594175199706427e+02 1.120893562700283894e+02 1.235584617078213938e+02 1.280423199828651946e+02 1.165334576703505007e+02 1.082681767998760023e+02 9.831344288299389689e+01 1.115295912737121995e+02 1.032621004159799867e+02
5.198041728881625545e+01 4.150807803923100892e+01 3.503703651785258444e+01 5.427550616499619451e+01 6.577742408825874065e+01 5.780352285051975514e+01 5.176383592021120705e+01 7.238759727622017692e+01 8.255902944823590417e+01 6.204061865998939851e+01 8.255902944823590417e+01 8.905434168595500921e+01 7.055238992892317640e+01 8.905434168595500921e+01 8.813155056289311062e+01 7.363442582106350187e+01 5.303291284691798779e+01 5.119515967609084584e+01 7.178633870337121436e+01 8.582282444316277292e+01 9.604230226111801016e+01 8.797278063368355561e+01 6.722158051673370949e+01 7.309165166125875146e+01 5.572503963307027419e+01 5.837363111063481824e+01 6.410820969234781330e+01 7.329925010637919058e+01 8.503913482329410556e+01 9.940034283643268509e+01 1.199272124843298997e+02 1.197655987214104840e+02 9.985147979725660150e+01 8.837826920776555539e+01 8.684129249131626693e+01 1.000240610105604588e+02 8.334691291887578757e+01
3.200520840901375408e+01 3.241452100100107003e+01 3.282057864371699196e+01 5.277971694459187546e+01 5.377569117543542632e+01 3.852305402586309668e+01 5.780094722696447462e+01 7.522331440295361915e+01 6.694101636784506582e+01 5.513205138976528019e+01 7.571955918548711395e+01 8.320554744410895864e+01 6.475768703217913469e+01 8.316277906405818499e+01 8.537302784613235929e+01 8.207612799774707923e+01 6.802692059117366341e+01 4.752924788244347809e+01 6.802692056799200770e+01 8.568437669056342543e+01 7.727023056931457745e+01 7.870245058496480794e+01 7.015368489839121935e+01 5.260526385194339838e+01 7.320813374952781771e+01 6.968179544303106354e+01 8.443159586363843516e+01 7.592239367219863766e+01 8.756562360010552482e+01 1.076526088335709517e+02 1.246373441660772983e+02 1.130972194085125864e+02 1.048173578686782292e+02 9.678473329741423470e+01 7.681768771355362446e+01 8.864816588651416396e+01 7.167886172089885122e+01
5.029993710696970766e+01 4.170386361729455160e+01 4.785998403578788185e+01 3.339285141810125879e+01 3.379427483281742894e+01 3.419221140880590326e+01 5.389962475972297540e+01 5.936450608454633482e+01 4.565090673696303014e+01 6.694099508194288717e+01 7.914609246602161363e+01 7.116184685347265315e+01 5.951287678467576825e+01 7.686047735044084561e+01 6.362285089667818738e+01 7.857088032152483947e+01 6.449835652494938643e+01 4.490417849788594395e+01 6.195652293238528330e+01 6.960206315802487609e+01 5.672199542870198741e+01 6.736486388703515615e+01 4.969173561494907432e+01 7.025406446623294698e+01 7.108872393457980365e+01 8.532940472010530186e+01 9.713038522911024586e+01 9.605538250182169691e+01 1.044166533398171595e+02 1.160421441883112266e+02 1.163567631112564840e+02 9.636992694198434606e+01 8.482270600293163909e+01 9.322438830613124594e+01 8.766522511935200157e+01 6.836322955932611478e+01 8.864816588651710560e+01
5.944109676036636358e+01 6.044690027842109714e+01 4.310305488978951871e+01 5.336516646330169067e+01 4.780208158112903760e+01 5.418895821792855116e+01 3.474984408850516360e+01 3.620955434992576016e+01 5.736411070491131170e+01 7.103753588740808311e+01 6.492454154977802716e+01 5.226444357999507417e+01 7.115617025234547555e+01 6.738557623146547826e+01 4.851576938124726013e+01 6.018403223309081085e+01 6.069779530786084365e+01 4.245548257359778432e+01 4.171612444690585164e+01 5.825906583283446594e+01 4.502703579989866967e+01 4.689564239775583587e+01 5.707872430962974875e+01 7.765100876359703364e+01 9.300264188002670096e+01 1.003687080019323190e+02 1.059414980602409599e+02 9.747142840429603439e+01 1.067396797557337464e+02 1.176621122517275211e+02 1.094573889048096618e+02 1.067356730669697527e+02 9.327344023163665554e+01 7.309748074004704677e+01 8.376406752337756245e+01 6.618113211440278576e+01 8.660898320796333394e+01
7.801361314632485744e+01 7.149428566735628010e+01 5.195230117728286245e+01 7.146032271462112817e+01 6.815365231485269248e+01 6.261596684748748487e+01 5.152129390601997727e+01 3.530330423707425069e+01 5.158568462218144646e+01 6.263174975771013919e+01 4.593788146199108269e+01 6.492399758241934649e+01 6.677633163260915694e+01 5.616883571254106045e+01 3.949530463761144716e+01 3.998933658116236245e+01 4.048654897617338122e+01 4.098966789188860815e+01 6.121705907678143177e+01 4.243883352525421770e+01 6.270805802574762566e+01 6.681045536283949104e+01 7.557728490407852462e+01 7.765100876497633919e+01 9.804414904527425279e+01 1.082748422087914832e+02 9.423166128476837855e+01 7.337896782530253859e+01 9.423166133822378754e+01 1.063550068833997528e+02 8.996547363144010490e+01 9.815105433340791308e+01 7.805321301214502228e+01 7.810258838625588851e+01 6.314794711220535817e+01 7.787512414982047915e+01 8.660898314653151431e+01
7.568818893216088384e+01 8.053051116083345562e+01 6.617313417469119941e+01 8.053060617152071643e+01 7.581161916419979718e+01 6.741872759542211213e+01 5.856005859180318396e+01 3.851622051614540254e+01 3.585479185518651235e+01 5.360467421228082685e+01 4.195475451428369951e+01 5.762218873670209973e+01 5.821760731383639609e+01 3.880190820429940857e+01 4.404599027973582537e+01 6.017507141294299799e+01 6.069704372108979840e+01 5.062352680107068892e+01 5.991596534980430988e+01 4.297059635510751718e+01 6.326198816396577485e+01 7.240690326856008596e+01 7.380720566605307909e+01 8.217570294519740060e+01 9.353140052302343577e+01 8.514944334482578370e+01 8.466978217233754833e+01 6.104294008901605650e+01 8.466978217458910194e+01 9.820372637470826760e+01 7.866207788235888643e+01 8.683491624247109542e+01 7.765136305902167635e+01 6.034011393317265970e+01 8.106633534916305450e+01 9.206485436065631234e+01 1.062545493504709810e+02
6.437694733518598866e+01 8.483917561159437071e+01 8.646623722855316885e+01 8.175654477540275877e+01 6.746446252674664379e+01 4.724548376470371380e+01 4.344627452403329926e+01 5.856049604993595636e+01 5.237165053898118572e+01 3.640542175850979589e+01 4.472544352500155895e+01 3.763735573080452923e+01 3.811686629405026849e+01 5.821229691719462807e+01 6.440320182705686136e+01 5.230060235050396500e+01 7.267121922499320874e+01 6.978971239858540798e+01 6.921594869057626909e+01 4.836234460689239256e+01 4.372470747947330239e+01 6.404648921106574733e+01 4.642463559274398222e+01 6.428768603493949740e+01 8.156734451984104339e+01 6.740290202716481360e+01 7.209908892797082558e+01 4.922151694770943209e+01 7.644057298689861568e+01 8.493016736197843386e+01 7.670050291711784496e+01 6.654609097146942531e+01 7.920440745167249474e+01 5.848641678816377976e+01 7.913375170828803107e+01 9.140839868036687221e+01 9.677884282196112053e+01
8.483917561159437071e+01 9.320706598304887791e+01 8.762791750976627725e+01 6.752193947061577717e+01 5.324568309210229700e+01 6.746446252674664379e+01 5.773855636642746703e+01 7.155524664828044479e+01 6.180446329917391779e+01 5.138202646291444609e+01 3.696376298222649126e+01 5.742152080288858684e+01 4.399891465412478198e+01 4.823519504119395407e+01 6.848588507542349646e+01 7.282964431604523270e+01 6.199503730162876991e+01 8.248876737518681068e+01 8.337574954040353248e+01 7.009625469144947374e+01 6.215953265712310838e+01 4.447754595792703469e+01 4.500973217324769848e+01 6.539571973142740546e+01 6.380604695045798280e+01 6.801033899497997481e+01 4.803993306018127640e+01 4.858947233911218433e+01 6.926610117051784243e+01 7.247765636334273154e+01 5.072528318403924885e+01 7.670050279506195068e+01 7.736118767619751679e+01 5.670424643983742641e+01 7.529893154227303853e+01 7.388766345418066805e+01 7.768631365861396887e+01
1.049071044335050971e+02 9.523218069302390631e+01 7.511319140611618650e+01 6.091125946645266254e+01 6.336327266313275430e+01 8.175654477540275877e+01 7.788974559869998870e+01 7.743416901272551911e+01 6.246445327513050927e+01 4.201505310064089116e+01 3.769903931302055611e+01 5.829670332071431460e+01 6.607118424921297617e+01 6.209223054768872885e+01 6.248581556773914514e+01 8.301103145304317366e+01 7.653914982400003453e+01 7.501374470123325011e+01 9.535149775304056163e+01 7.943664987360949681e+01 5.887138437242544597e+01 6.483564425916613061e+01 6.418013633690456743e+01 4.575903737011769579e+01 6.619201454313788702e+01 4.727359074830467023e+01 6.018687952114053985e+01 6.593414104903534678e+01 4.937784549202782358e+01 4.995640992667007652e+01 5.054448056383984067e+01 7.133747364399583546e+01 7.750856904220175636e+01 5.493478063550002588e+01 5.811756548919892396e+01 7.366496670294750970e+01 6.572657567989487859e+01
1.042511961131623934e+02 8.408406454344353165e+01 6.989986868625615557e+01 8.100590693763197692e+01 7.756184927863215250e+01 9.181615932789596002e+01 8.481577571682350936e+01 6.907692273409772099e+01 4.869550903958405286e+01 5.911576608326627991e+01 3.845375299979846773e+01 5.303068566337135792e+01 7.383793842992021439e+01 8.272347079773240353e+01 8.301849072478614744e+01 9.148963828703335821e+01 9.683922721806216316e+01 8.946512381733867869e+01 1.035537449368575693e+02 8.798485896409312090e+01 7.954929003752846484e+01 7.203401703787368149e+01 5.150502087442588817e+01 5.653510808345092187e+01 4.651432245628190998e+01 6.659035122812223051e+01 7.110175389942243385e+01 5.299993975496435183e+01 6.993364614051252204e+01 5.834362368575912683e+01 7.081008344771994700e+01 5.138710676872434391e+01 7.211025002748442603e+01 5.312312012501174507e+01 5.382063589884906207e+01 5.451795706451247270e+01 5.521590449185067229e+01
1.064652644134253165e+02 8.628834735678341872e+01 8.147297007815099334e+01 9.835941178021573705e+01 9.769398574090089937e+01 9.341340640644764903e+01 7.646932115994910362e+01 5.622338973098002413e+01 6.907692273397199756e+01 5.993876198862682259e+01 3.921622506614433235e+01 5.992429457902233025e+01 7.370136888419358456e+01 8.188942270106119281e+01 9.530209208919590935e+01 8.701898097721743852e+01 9.530209208919590935e+01 1.095624615418112313e+02 1.030274087287084228e+02 8.269149100930123097e+01 6.812596136045327455e+01 5.780131309490626279e+01 7.203401603312795487e+01 6.559095870247419668e+01 6.101003122684017654e+01 7.490363753203341446e+01 7.519267931341569522e+01 5.562505177361340714e+01 7.523412342188504454e+01 7.198015941827536324e+01 7.406646350714261473e+01 5.215077296067721591e+01 5.221566219494555838e+01 7.305412188506113580e+01 7.237258291574566726e+01 6.990109420750340519e+01 7.731401214599513594e+01
