MOVIE_S1_data/elevation_000492.asc
nrows	100
cellsize	150.0
xllcorner	0
ncols	100
yllcorner	0
NODATA_value	-9999
[rows 51 to 67 of 100, columns 0 to 36 of 100]
0.000000000000000000e+00 9.690031662230180753e-01 1.939145666368346843e+00 1.088329422691103865e+01 3.085830327438704046e+01 2.619197773918587657e+01 7.579639252085208945e+00 8.630181451766384626e+00 2.871710551182557225e+01 1.181585957467175341e+01 1.294150918351554758e+01 3.300228579762372050e+01 3.147812800668762279e+01 2.480883282706432524e+01 3.870448755636788718e+01 2.146457465269221387e+01 4.149335790375271671e+01 3.792759130026677639e+01 5.459263465726259312e+01 6.345990014129338164e+01 7.171915596257855441e+01 8.703247825572552188e+01 8.353539366459328619e+01 8.572183447895326935e+01 9.399679182387544074e+01 1.015875188743927140e+02 9.334561072250747316e+01 1.015875188743927140e+02 1.099390764603036246e+02 9.459860523747765626e+01 7.467781279831140751e+01 6.499206356251001182e+01 7.413685643147952931e+01 6.405935383631246793e+01 4.168073278479271693e+01 4.197092518338477163e+01 6.132651522023026303e+01
0.000000000000000000e+00 1.999323122696249300e+01 1.238838040453266132e+01 2.909254436662433818e+01 2.718802903520144554e+01 3.635242967967305816e+01 2.776987565740021324e+01 2.460030895177872523e+01 1.022251753302304955e+01 3.027796256682273324e+01 3.299419310722790755e+01 1.455209305969288103e+01 1.572115469296967660e+01 1.690642819004386155e+01 1.877867232466540770e+01 3.882938605479213123e+01 4.976196774190644589e+01 5.785869631053278539e+01 6.605615528899149069e+01 7.518967211841845710e+01 6.692506485644152292e+01 7.238505933396064052e+01 6.359943918318616340e+01 6.577895927537579723e+01 8.275268628732243315e+01 8.700305143355282667e+01 8.919128557386271439e+01 9.746976108523017501e+01 1.063022262081220077e+02 1.029946780763105494e+02 9.298161353445068755e+01 8.463816030173779836e+01 8.221682329942002809e+01 6.318314105480461507e+01 5.702287225433644835e+01 4.147995095654154341e+01 5.503542487194744837e+01
0.000000000000000000e+00 1.999999999999964473e+01 3.065477319591729710e+01 3.911095834436760299e+01 4.700257311069219668e+01 5.508360276553649726e+01 4.084063548924510201e+01 2.091869855306651615e+01 3.029191066507882724e+01 3.857552126016977923e+01 2.244244475662136651e+01 3.461278357721204202e+01 2.471658252398425759e+01 3.696988619322952729e+01 1.912023587661203905e+01 3.910273852350319146e+01 4.958830915648840687e+01 6.368919389319332680e+01 7.128059157613414243e+01 6.302381007350329156e+01 4.703458936998575268e+01 5.247452191729395565e+01 4.952224851700343322e+01 6.467566889440173838e+01 6.282463462443069346e+01 6.706708437905167841e+01 6.924620311490659219e+01 7.804085502703753718e+01 9.523921400716663754e+01 1.067924220106936843e+02 1.031286376733040271e+02 9.360778540978269291e+01 8.523354319566747961e+01 7.237435714500691120e+01 5.651901680539967998e+01 5.515262926420025735e+01 4.079508496198874923e+01
0.000000000000000000e+00 1.414213562373082489e+01 3.414213562373011257e+01 5.019773136855133089e+01 4.836527044302685852e+01 5.664954169048459676e+01 4.918770720789802198e+01 3.500473639560421191e+01 4.086428562369238193e+01 4.823955653841252911e+01 2.824115218216568124e+01 4.823955653814262234e+01 3.473783219085233043e+01 3.910269968623813952e+01 3.910273852350319146e+01 2.137050776720422363e+01 3.548742441976916950e+01 5.188023094493098597e+01 5.979923007929625811e+01 4.315381436295379558e+01 3.560989742857832852e+01 3.845759101961395743e+01 4.142242388381595930e+01 4.475638319622226646e+01 4.873264444307871202e+01 5.299647037090758772e+01 5.815459148596650607e+01 6.702336532882308973e+01 7.849295750981329434e+01 9.851217212548451130e+01 8.963594896189164274e+01 7.466103401060119893e+01 6.536339225012521581e+01 6.900934815958309798e+01 6.007713417212399065e+01 4.348430408471761410e+01 4.031062178323988832e+01
0.000000000000000000e+00 1.999999999999964473e+01 2.191346012109186248e+01 3.203533882447262471e+01 2.836527044302756906e+01 4.520030463374965279e+01 5.348457588120155037e+01 5.501048883953558999e+01 6.090286772531631243e+01 5.490026245690813056e+01 3.491814470142134041e+01 5.490026245690813056e+01 4.628124176789907551e+01 5.904885240380772871e+01 4.958830915641417647e+01 3.031811028035031796e+01 2.369265879358145810e+01 4.361671206997002770e+01 4.792325826663056887e+01 3.172020818234285500e+01 5.155204756098011387e+01 5.830585271758764776e+01 5.547251192014913812e+01 5.883878229924474823e+01 5.625593142367428356e+01 7.290619393980348661e+01 7.804078965999975992e+01 6.960864960886013364e+01 8.955930717812485398e+01 9.551922653281059183e+01 7.534326451941166169e+01 6.147776807945547972e+01 5.508400624747538643e+01 4.966122611532773590e+01 4.596546694267254196e+01 4.291346376862131251e+01 3.982180864147685639e+01
0.000000000000000000e+00 3.849001794597497472e+00 7.771324497361161932e+00 1.203533882447333525e+01 1.703533882447324643e+01 2.520030463375036334e+01 3.674731001754246762e+01 5.088944564127292125e+01 7.088944564127150727e+01 6.316191525578729937e+01 4.491371509951825658e+01 6.316191525578729937e+01 6.040792661697759058e+01 6.434808193838145485e+01 4.438256938654065209e+01 4.712297911683167939e+01 2.682177938651046389e+01 2.622995697039947061e+01 2.802700805805055495e+01 3.061659143329547916e+01 5.050843943090590216e+01 6.253685322160725235e+01 7.540252838343785413e+01 7.876294924711466194e+01 7.617535597796930347e+01 7.033132605892109268e+01 9.028969136406077212e+01 8.109545313496874996e+01 9.784334557209926686e+01 9.551922653281059183e+01 7.534326451941166169e+01 8.125266697617399814e+01 6.536339225012521581e+01 6.320461529303929638e+01 5.912055975271782415e+01 6.264989381723533768e+01 5.284795401559206596e+01
0.000000000000000000e+00 1.999999999999964473e+01 2.777132449736080488e+01 3.203533882447262471e+01 3.703533882447253234e+01 2.703533882447306880e+01 3.520030463375004359e+01 4.674731001754214788e+01 6.674731001754072679e+01 7.314218732093846143e+01 6.488680981429793349e+01 7.314218732093846143e+01 8.037158037178835457e+01 7.261803076824411107e+01 6.434808193838145485e+01 5.159408952470392506e+01 3.062273347576766014e+01 4.612346918995619660e+01 3.949073058195330077e+01 5.050843934011381720e+01 3.437353693573359692e+01 5.425966610372525878e+01 6.663834410664190955e+01 7.838041093679282767e+01 8.663208267424030851e+01 9.028969136406077212e+01 9.856324517050515510e+01 1.011211468149996762e+02 1.093976822071226707e+02 1.039286334043701601e+02 9.551922653281059183e+01 9.360778540978033391e+01 8.523354319566747961e+01 8.302418508913076778e+01 7.879807471810272546e+01 8.035302703780452305e+01 6.664154656294148538e+01
0.000000000000000000e+00 1.999999999999964473e+01 2.985071250072623883e+01 3.539771446297812929e+01 4.172226978331477198e+01 4.703533882447235470e+01 5.520030463374933305e+01 6.348457588120383122e+01 7.503158126499040748e+01 8.001503093525880672e+01 7.173068198433109899e+01 8.001503093525880672e+01 8.233639844206248881e+01 8.013097133226783342e+01 6.010699346413205291e+01 4.563861840494944033e+01 3.606661338976675779e+01 5.676991962393680069e+01 5.358402234957567600e+01 6.253682500352940821e+01 4.321856393086998338e+01 3.844382329620714955e+01 5.835863155639763278e+01 5.844441986467735717e+01 7.110183057576810484e+01 7.684504437520918430e+01 8.312317181988318282e+01 9.134794357305140977e+01 1.028032891275300500e+02 1.126777752909430035e+02 1.024818404433193706e+02 9.406579637652512815e+01 8.735592531702330632e+01 8.163214641502862889e+01 7.657612548688567244e+01 7.220167107194413347e+01 6.293471441117484488e+01
0.000000000000000000e+00 4.850712500726639398e+00 9.850712500726595877e+00 1.539771446297883806e+01 2.172226978331548608e+01 2.928155924349989903e+01 3.928155924349954375e+01 5.342369486722999739e+01 7.342369486722857630e+01 7.001499991630387854e+01 5.173067195294370180e+01 6.233635357443198188e+01 6.233635357443198188e+01 7.769176525919132814e+01 7.423823365912589622e+01 6.219446271572436302e+01 4.189768105336656845e+01 6.219446271572436302e+01 7.358544255951105129e+01 5.952651855042220319e+01 6.319916714274746283e+01 4.591908240303541788e+01 4.302412693593825566e+01 4.690735839215948033e+01 5.116024736720142130e+01 5.694196505130847186e+01 6.326068789210236787e+01 7.473381505040050854e+01 9.458246215232193777e+01 1.042922761472672448e+02 8.383931660578321043e+01 7.393622787624207149e+01 6.752831074195962913e+01 6.205014803747413055e+01 5.717383402520511737e+01 5.293872221739155037e+01 4.903419012553361256e+01
0.000000000000000000e+00 1.154700538379241515e+01 2.985071250072623883e+01 3.539771446297812929e+01 4.172226978331477198e+01 4.928155924349918848e+01 5.756583049096079208e+01 6.756583049095944205e+01 7.105085418133880637e+01 6.173067696863743947e+01 4.173067195268124152e+01 4.233634830177039277e+01 4.940741611360509467e+01 6.354955201706801660e+01 8.354957890977512136e+01 6.929869222664399331e+01 4.920489677753646163e+01 5.852162953352664942e+01 7.853669628686664339e+01 7.369202316503508143e+01 7.407411469176174990e+01 5.484057390818624356e+01 5.712490169158412812e+01 5.298509246882641577e+01 7.110183057576810484e+01 6.179227814712261591e+01 8.149787748625415418e+01 7.730921634405964937e+01 9.716228523920068483e+01 1.126777752909394081e+02 1.024818404433185322e+02 9.406567870127877029e+01 8.735496805290460998e+01 8.163214641502862889e+01 6.818643600078270595e+01 6.643170189110244905e+01 6.826965303651577699e+01
0.000000000000000000e+00 1.999999999999964473e+01 3.154700538379205810e+01 5.154700538379134400e+01 4.783228544149773853e+01 5.611655460825753039e+01 6.883237486436486563e+01 6.297460498466136869e+01 5.690868518561635625e+01 4.276651618989395587e+01 3.417138249249852322e+01 5.417138561259962870e+01 6.940742427002864190e+01 6.573734906121191557e+01 8.573738626690145281e+01 7.754892131019381907e+01 5.930185638844907459e+01 7.754892131019381907e+01 8.677501471992805193e+01 9.368279318769552333e+01 8.286858509942386775e+01 6.634465823999026668e+01 7.708084842126710612e+01 6.054809767731268977e+01 8.049615248852595073e+01 7.300504194164901151e+01 8.150542223963040556e+01 9.716270874438275484e+01 1.054167501765847135e+02 9.393235496511854876e+01 8.508777684144462228e+01 8.228178510497313880e+01 9.113128616797270354e+01 9.638231526302007524e+01 8.800455823738252548e+01 8.613160892280679093e+01 8.370372641304274453e+01
0.000000000000000000e+00 1.414213568021003375e+01 3.414217487670223505e+01 3.369014986868534578e+01 2.783228551351274760e+01 4.783228544149773853e+01 4.883249251356641452e+01 4.297463772743323318e+01 4.415224632581227837e+01 2.862438053024642315e+01 4.862438278498711952e+01 4.682049314398581430e+01 5.836749861870639222e+01 7.836751841924923667e+01 9.402180147304324009e+01 8.752857249496700831e+01 7.929552806483891914e+01 8.752857249496699410e+01 8.727005227080911709e+01 9.565152626888735199e+01 9.426840834185348683e+01 8.607975201164369139e+01 8.877240576406052242e+01 8.050209649895985820e+01 7.684603660784297574e+01 9.087532684371261382e+01 1.006526870726991802e+02 1.098651469132117455e+02 9.958390553201128625e+01 8.508764731431546124e+01 6.359099240178669987e+01 6.081442798857944609e+01 7.874767935896072402e+01 8.710158676663964172e+01 7.847835285430184626e+01 7.583741086446059398e+01 8.438381989155249130e+01
0.000000000000000000e+00 1.999998369808794507e+01 2.369014644987136364e+01 1.369014988988065085e+01 2.783228551351274760e+01 4.783228544155475959e+01 4.817230288273826488e+01 2.883250215813168538e+01 2.415224457524692170e+01 4.415224632581227837e+01 3.805247094606536962e+01 5.805247521160016078e+01 7.510483955124446709e+01 8.665189672489601946e+01 9.429803179646009426e+01 8.583496637647552063e+01 8.583496637647552063e+01 8.371994868544514645e+01 6.642524936302318395e+01 8.371994868544514645e+01 9.273466700586904210e+01 9.633439195573816960e+01 8.782645177515698265e+01 9.633439195574601399e+01 9.678707050081800389e+01 1.051462335496337772e+02 1.105182985387334469e+02 9.465907955006474594e+01 8.420024741907546684e+01 6.862213376328027437e+01 6.870017188577820377e+01 4.889466744313097024e+01 6.988530161285645192e+01 7.846805715841183826e+01 5.800810837802896458e+01 5.534807525371360271e+01 7.248728076953378263e+01
0.000000000000000000e+00 1.841149235796644579e+00 3.690149889880737888e+00 2.369014987931003802e+01 3.473468262062081635e+01 4.545166713714403528e+01 3.988823169808963343e+01 1.988823024813478568e+01 3.988823169859623619e+01 5.243654394836278954e+01 5.805247521160016078e+01 4.959947633591299621e+01 6.114648181524964343e+01 8.114650543408178862e+01 8.583496637647552063e+01 6.493780090094733737e+01 6.493780090094733737e+01 7.523529970079425766e+01 5.386800525897181302e+01 6.330195223822489226e+01 8.432210161055728292e+01 8.583321948691862247e+01 6.663259090327356660e+01 8.579146699043990054e+01 9.527318985268274787e+01 1.097595719943983710e+02 1.002203955492719274e+02 7.326002970270276649e+01 6.071711710113302729e+01 5.334011109113016147e+01 4.756101389695432147e+01 4.258774980830586543e+01 5.749753082642327939e+01 6.625276074898908973e+01 6.378040082345382444e+01 4.149393713586821519e+01 6.376411977529435404e+01
0.000000000000000000e+00 1.999999999999964473e+01 2.369014987931003802e+01 6.450412127250142902e+00 2.645041211490657318e+01 2.545166720596559173e+01 3.339467673968530192e+01 1.714101896916105261e+01 2.868802435328447942e+01 4.283016005208144605e+01 6.283016990066163743e+01 6.959948641395016011e+01 7.788383225707983115e+01 8.943089599117217858e+01 8.314721445519342069e+01 6.220884109822033281e+01 4.968403437206190887e+01 6.194436222101477085e+01 4.529922744311977567e+01 6.715922151745782287e+01 7.600717139137600498e+01 6.870661866522645767e+01 5.575853807187952071e+01 6.467835488629137330e+01 7.729866350236449080e+01 1.002424517232994674e+02 1.032404680902446330e+02 9.425577843501866937e+01 8.404714343516650388e+01 7.554777107117200785e+01 6.867248645006561958e+01 5.753389645481119885e+01 3.725329364305572000e+01 5.753389645481119885e+01 5.627137909431119311e+01 3.059850754584328669e+01 5.244183852777501187e+01
0.000000000000000000e+00 1.999999999999964473e+01 3.473453650212221078e+01 2.645038555034317440e+01 9.278839251996357618e+00 1.130953158226361310e+01 1.339467572283434293e+01 3.339467673968521666e+01 4.239702052377761987e+01 4.794402901753563384e+01 5.397426607460290171e+01 6.153357602085624478e+01 6.981821643462846794e+01 8.136551365666788627e+01 9.162840165028035244e+01 7.961791634870374423e+01 6.193976781652295216e+01 4.001289875951921715e+01 3.864643761167262426e+01 5.789874912405234397e+01 5.493506997049266971e+01 4.695322437814881766e+01 6.252812700109168276e+01 8.362281703578980796e+01 9.494369576855477533e+01 9.440938156231113965e+01 9.618036592202813040e+01 1.030565166419599166e+02 9.049728094336585116e+01 6.989155500974700885e+01 5.525748002304348461e+01 4.363263327680808601e+01 3.394823918355349690e+01 4.942738077974973265e+01 3.019576515935721517e+01 3.213763337096243333e+01 3.098387692186369335e+01
0.000000000000000000e+00 1.414213562373107536e+01 3.414213562373178235e+01 3.756279971038369325e+01 2.927883923360198182e+01 2.545167124114638213e+01 3.339395971155908427e+01 1.847468080284205172e+01 2.239700350560579878e+01 2.794400546785818662e+01 3.397423235941403163e+01 4.153352181981283309e+01 5.308052755441387660e+01 7.308065496543761697e+01 7.201000978180540812e+01 7.150664866956870469e+01 5.608059540882681659e+01 3.389877980031127436e+01 3.232580975935196932e+01 3.561341030786829975e+01 3.906985238402844374e+01 6.118344025569155065e+01 7.216303901420448597e+01 7.784228712097056757e+01 8.379006497257182673e+01 7.708875643818353751e+01 9.440938156231113965e+01 9.029272623583037216e+01 7.093672911911650658e+01 6.795651075151204168e+01 6.014552292678539658e+01 5.200931696474004440e+01 3.411340272745322721e+01 2.978223729768129857e+01 3.318754970479694322e+01 3.826208114239715030e+01 4.369722804604205635e+01
