MOVIE_S1_data/elevation_000821.asc
nrows	100
cellsize	150.0
xllcorner	0
ncols	100
yllcorner	0
NODATA_value	-9999
[rows 0 to 16 of 100, columns 0 to 36 of 100]
0.000000000000000000e+00 1.414213562373126365e+01 3.414213563158786968e+01 3.479651890501521194e+01 2.332454758125970429e+01 2.964910290159635053e+01 4.964910280167938339e+01 6.862379015499931256e+01 8.017078415285129722e+01 8.134202457951539600e+01 7.363768697702386135e+01 7.608630497986483476e+01 8.377006505948384074e+01 8.756013895865254426e+01 8.756013908732855100e+01 9.416890241709310772e+01 9.006866080682883080e+01 8.095754631306544979e+01 7.813043972786837799e+01 8.722817002979775225e+01 8.995510029522689877e+01 8.083789617629919633e+01 8.344450550515489340e+01 7.437458288489624181e+01 8.144807630445745872e+01 9.060438280873817973e+01 1.003988877213217705e+02 1.132816268179455221e+02 1.057615773512408452e+02 9.594429826747992252e+01 8.781521467262939495e+01 8.082585852399077453e+01 8.339147251272262906e+01 9.153181536567714716e+01 9.500383836404655824e+01 9.669143414937660452e+01 1.048227089897835782e+02
0.000000000000000000e+00 1.999999999999964473e+01 2.749355148765726398e+01 1.479651892703543759e+01 3.479651890501522615e+01 4.964910280167939760e+01 4.033955257809294892e+01 5.188655796187687486e+01 7.188655738423022967e+01 7.020472568355820897e+01 5.406133603601810478e+01 5.663941261876357203e+01 7.608630493738147038e+01 6.547538658295191283e+01 6.547538658298185510e+01 7.194386083183624692e+01 8.095754631308537341e+01 5.970652224578442002e+01 5.700004923350037700e+01 7.488759142114787437e+01 8.083789616735397487e+01 5.961106063678566613e+01 6.582825681525528694e+01 5.344044483883028818e+01 6.022759604577388615e+01 6.942594364384932248e+01 8.172548954181387160e+01 1.040813452419677958e+02 9.763581494960511975e+01 7.799462272176734245e+01 6.804633387310319392e+01 6.095232954168624673e+01 6.355372713426927334e+01 7.528194065863682738e+01 7.528194065863682738e+01 7.702096834348910193e+01 9.669143414937660452e+01
0.000000000000000000e+00 3.713906763541030109e+00 7.493551493633286320e+00 2.749355148765718582e+01 4.308078570592174827e+01 5.520591487413514642e+01 6.033955232032259630e+01 6.862375664126111019e+01 6.835173815436749578e+01 6.233527546474141445e+01 4.238191787981377701e+01 6.209507026076133940e+01 6.786168181315201764e+01 5.050390704076537673e+01 5.050390704076538384e+01 7.194386083183754010e+01 8.005371335297404300e+01 6.593080308782799648e+01 4.509291592384641945e+01 6.593080308788211141e+01 8.083789587118435804e+01 5.961106063673819477e+01 4.505198184001888961e+01 5.961106063678019495e+01 8.083789614926392630e+01 9.060438280873817973e+01 9.364793703741435138e+01 1.028508697961040355e+02 1.057612289958193657e+02 9.594429826747992252e+01 8.642370367901303041e+01 7.193814487835733473e+01 5.193201837666872933e+01 5.532573212068311364e+01 6.293819075852354672e+01 8.278231438893544691e+01 9.751380424946094649e+01
0.000000000000000000e+00 1.999999999999964473e+01 2.749355148765721069e+01 1.692164190945375424e+01 2.692164190945357660e+01 4.106377753317008228e+01 6.106377760178305181e+01 6.238241917138167025e+01 4.856215176906194841e+01 5.632100426034890717e+01 3.626767687016254627e+01 5.614290322000707079e+01 5.939310420647222344e+01 3.869673739896764886e+01 5.101045457288829965e+01 5.991229873297484687e+01 7.105434144650388362e+01 4.995801972954071601e+01 3.866840609394476758e+01 5.964794371088859037e+01 6.422349811425753785e+01 5.537377580936455246e+01 4.052765165115189916e+01 6.139874010135670090e+01 7.119605360419588180e+01 7.821286619963346709e+01 7.181940340538420742e+01 9.364781692225966481e+01 9.438893891844554673e+01 8.621204356567221794e+01 7.826938754312421054e+01 5.835634097489144523e+01 4.670173853417330889e+01 6.094997763077039821e+01 8.082960181390177468e+01 9.092183866663634717e+01 8.940869088539916731e+01
0.000000000000000000e+00 1.414213562373107536e+01 3.414213562374283129e+01 3.692164190180716332e+01 3.325157352780706788e+01 5.325157347103570515e+01 5.674463122684935712e+01 5.243432461295667935e+01 3.424514316970257255e+01 5.097247683767100312e+01 3.082465282109443194e+01 5.097247969934294787e+01 6.562994809226043458e+01 5.101045457287962392e+01 3.075542358491463446e+01 5.101045457288142870e+01 6.738317529010517148e+01 5.382926668135912962e+01 3.252140109046447236e+01 4.798595460311917549e+01 5.086042238448506225e+01 3.420426212122196574e+01 3.955155121615717206e+01 4.486058285460034512e+01 5.038124434917618544e+01 5.716235964788351964e+01 7.181940346296552491e+01 9.364793805120324066e+01 8.621182126011397884e+01 6.640280875153287354e+01 7.220220325035367637e+01 6.322452673122493394e+01 4.313387205066133845e+01 6.322452673122446498e+01 7.558284402924681444e+01 7.503867856065545539e+01 8.332592054683600225e+01
0.000000000000000000e+00 1.154689622971651985e+01 2.568510330905970562e+01 4.561287917188369789e+01 5.325157347550140230e+01 5.672860339767870386e+01 3.648770841879220228e+01 4.015791853214410878e+01 2.415646097679227822e+01 4.001669325238341202e+01 2.590967828472677326e+01 3.762502958759743166e+01 5.766339151204282132e+01 4.608326842331723583e+01 2.622414000721995464e+01 3.748719005322606534e+01 5.823315947685782135e+01 4.862623606260693521e+01 2.712044332999721874e+01 2.622546699714479601e+01 2.931930798097566182e+01 3.708233811703996707e+01 4.748110823225513855e+01 6.563306824922145211e+01 7.119605360419588180e+01 7.119605079856272312e+01 8.733595229342680000e+01 9.459790454292112827e+01 8.620568379571915330e+01 6.640275375234699595e+01 5.220496645409220093e+01 4.581141438913128638e+01 3.975262535012343079e+01 5.568723527758969993e+01 5.568136597859103176e+01 5.506955734015384962e+01 7.173661942004238767e+01
0.000000000000000000e+00 1.414213562373107536e+01 3.414213562373178235e+01 4.861103642433145211e+01 4.937346824048901794e+01 4.103128781905419942e+01 3.909830758473290757e+01 2.006330847157255093e+01 1.607906950479969055e+01 1.991694120453785999e+01 4.001669340138098363e+01 5.419698120978736000e+01 4.479397108917913783e+01 3.624814669993608618e+01 2.220617556913056134e+01 4.181952336743244558e+01 5.590460232251277972e+01 3.682691230232374835e+01 2.195869554908733789e+01 4.395061691375963875e+01 4.469444465701798208e+01 5.829844285046137742e+01 5.830740549929699768e+01 6.434693416454821602e+01 8.633461755295631690e+01 9.287227243240455721e+01 8.881259331059314377e+01 7.488740016371134800e+01 8.881259331073691499e+01 8.037714846917083378e+01 7.220347401930192177e+01 6.570705604324072624e+01 4.566589189363550361e+01 3.567517796250677975e+01 5.193868273415012737e+01 4.347639639124860622e+01 6.350415728666470727e+01
0.000000000000000000e+00 8.944150885481978008e+00 2.048625353306252705e+01 4.039755085583796301e+01 4.103049008203312553e+01 2.083641122350758224e+01 2.675065261994437904e+01 1.094471741558282218e+01 3.117746305254844330e+01 3.986361853829864543e+01 4.352450786064233057e+01 3.944636384854438660e+01 3.119419865558030835e+01 1.674335892560545602e+01 3.624814669906356812e+01 5.049546006753285354e+01 4.709312930572042433e+01 3.818443315009259464e+01 1.948379990723794108e+01 3.245735942045887867e+01 5.390185030205086747e+01 7.470131828590446332e+01 7.961430461524160762e+01 8.633461755295633111e+01 9.291806221396726073e+01 8.306360569531580040e+01 7.489429847058258360e+01 6.077798734311220130e+01 7.994686462223884860e+01 8.567414048289801087e+01 8.552809763938948606e+01 6.570659460870591317e+01 5.568588435220517852e+01 5.193330958453776702e+01 3.201380487121437568e+01 4.857072876889876767e+01 5.681436256914012972e+01
0.000000000000000000e+00 1.999999999999747402e+01 3.719418667174153370e+01 3.777514303133481377e+01 4.046869847808220300e+01 2.581285037887603195e+01 5.503830353082668658e+00 2.675065288826662524e+01 3.590397988987052713e+01 2.865921576916723978e+01 2.229287015346474377e+01 2.670725961806174453e+01 1.163056037462335901e+01 3.119419865557506455e+01 4.479397478068773353e+01 4.385595453739732363e+01 3.492569898102430415e+01 1.617335376476675179e+01 3.818443314886095408e+01 5.040361595556076679e+01 6.278497509462881254e+01 7.118965087659617552e+01 8.016625906914281074e+01 9.258433834875901880e+01 8.482336454539360204e+01 6.536853995423184926e+01 5.513790336609839215e+01 5.178282329142798091e+01 7.165284229487420475e+01 6.584503042331749612e+01 7.983521734053705643e+01 8.374958448654069798e+01 6.609669874739741147e+01 4.608043720055869841e+01 4.856506372840797070e+01 2.868409909278543779e+01 4.532324601786113760e+01
0.000000000000000000e+00 1.998235569542952561e+01 2.266944147891118533e+01 1.546648679018639783e+01 1.936346752857404852e+01 1.514786732861228336e+00 1.785885680963746003e+00 2.199593939655165897e+01 2.260082860711436226e+01 1.566274906947772294e+01 4.129950900123791513e+00 6.870632582060792970e+00 2.052747732195424391e+01 2.751801173411756452e+01 3.012359719250200740e+01 3.204518447470882592e+01 1.305987896176374186e+01 1.773363397273054431e+01 3.972417345667150812e+01 5.269542298842350903e+01 5.905190704385461231e+01 5.016405482659283166e+01 6.215265017985822738e+01 8.353281104231291465e+01 9.296979392541160792e+01 7.829196812813385975e+01 5.838375997183388932e+01 4.424964760547733533e+01 5.168270492051236431e+01 5.168270492051236431e+01 6.749018020593078404e+01 7.568264413444141780e+01 7.436010982364946642e+01 6.609756598101196801e+01 5.681436256914012972e+01 4.532324601786113760e+01 2.543695857008665229e+01
0.000000000000000000e+00 2.807726262279563456e-01 5.615729243257111536e-01 8.424562871488733284e-01 1.123480236003115307e+00 2.271540423384493579e+00 4.440566985792004040e+00 2.174037698729327062e+00 2.456856529042270143e+00 2.750056386188381552e+00 3.051482686819829038e+00 3.935655345203480149e+00 5.312871915590381633e+00 6.937462163420284433e+00 8.630709179710269296e+00 1.039061743308478647e+01 3.204518445440221797e+01 3.972417342835117893e+01 2.522602797456218937e+01 3.128116332168610114e+01 3.796814300451930535e+01 5.905191577794909819e+01 7.429562170456233616e+01 6.558030923825445768e+01 7.431438026606960534e+01 8.202574335290398722e+01 7.241946676550348627e+01 5.753182273495719556e+01 3.759279994677645931e+01 5.209026217603174302e+01 4.750572607973609962e+01 6.417946550806770745e+01 6.814631296398758309e+01 7.395783864583478362e+01 5.573142690635591379e+01 4.662917612207829166e+01 2.374177417222245978e+01
0.000000000000000000e+00 1.321912540311076789e+01 1.643099250480894113e+01 7.464005749961381220e+00 1.948624715809158658e+01 2.162516630405415530e+00 2.143559690340910251e+01 4.027919455604359378e+00 3.762998997334002116e+00 2.248567949957704926e+01 1.559861412282726256e+01 3.490252746141949913e+00 2.458553561379101993e+01 2.799130023435622050e+01 2.383909042898587316e+01 1.053340780610298211e+01 2.190680214509262314e+01 4.398166843150782768e+01 3.800219555229006119e+01 5.269542296487112054e+01 5.905191577794909819e+01 6.790144244271721163e+01 6.428746947627578834e+01 4.602128761779187016e+01 6.428289501692322006e+01 6.199541991970394861e+01 6.199988836907400014e+01 6.575896071447994018e+01 5.209026217603174302e+01 3.225370334402035866e+01 3.602358069726144407e+01 5.527603551793737324e+01 4.819491956372748120e+01 5.403807944586697687e+01 4.753532888912909726e+01 2.971879717608904059e+01 2.187388578994289290e+01
0.000000000000000000e+00 1.090307159567345963e+01 2.567021951384238676e+01 2.488914745516871463e+01 1.529877312914391041e+01 2.029953899684905849e+01 2.777499450000922820e+01 3.454492570078976144e+01 3.391011543862570932e+01 3.400995881642415242e+01 2.307303558714350800e+01 3.795965932041149848e+00 1.682954477147906402e+01 3.456006822132594891e+01 4.541593102947769012e+01 4.721898637421810463e+01 3.812145219017500608e+01 3.999687244069717451e+01 5.922465976821528244e+01 6.807942507910873076e+01 7.378796831355791142e+01 6.842807652341464575e+01 5.579027596088373997e+01 3.650534981075241348e+01 5.579000733694491743e+01 6.031245436620870493e+01 4.196687568149777547e+01 6.031314319644663158e+01 6.032730841964184521e+01 4.703985744041873573e+01 2.731294236449543789e+01 4.256417649627143618e+01 3.416618455941334531e+01 5.403812927240615238e+01 5.564567176836605000e+01 4.109308268427243149e+01 2.140660064760658443e+01
0.000000000000000000e+00 1.186258612450246552e+01 3.074059648744277240e+01 2.674355826878886688e+01 3.313290716058740770e+01 3.246363138855068087e+01 3.778210743961859208e+01 5.031658324117228887e+01 4.283226046643745377e+01 3.498406233977078017e+01 2.423718297034188041e+01 4.090211966998686499e+00 1.860886983408063955e+01 2.685643867620430214e+01 4.725649581025621160e+01 6.030290774398869047e+01 6.150409908497771028e+01 6.171196341194623614e+01 7.072983909449067141e+01 6.786767182049040059e+01 5.353373672028971697e+01 5.964148826355719990e+01 3.998079248727902524e+01 3.007059485913965702e+01 4.935878759426179130e+01 5.198571115488607575e+01 3.203618967356314329e+01 5.198577136443584124e+01 6.132452125296454426e+01 5.317406412548724859e+01 4.256414686264230340e+01 2.291056750933264041e+01 3.856858304163978346e+01 3.902985099777681910e+01 3.949381331592340416e+01 3.995654332464773262e+01 2.094313167561314160e+01
0.000000000000000000e+00 1.999239420910348386e+01 3.868542240812163158e+01 4.278043969539005076e+01 3.975547033027278587e+01 4.847608304322936590e+01 5.360730525965173854e+01 5.287836351646495103e+01 3.545858315790500370e+01 1.645383610338701885e+01 1.036809681730687949e+01 4.371370982625965240e+00 7.198400812422724115e+00 2.765033318723350320e+01 3.461173168043092829e+01 4.642143415792564554e+01 5.554514657412367740e+01 6.493663048315406172e+01 6.945233002196648897e+01 5.792021884795557440e+01 3.965777517167862243e+01 5.793352671599869552e+01 4.353996621159259917e+01 2.424031919364393772e+01 4.325952235003961732e+01 4.502338388334818120e+01 2.546855166385057245e+01 3.692119617455018954e+01 4.523814862439027706e+01 3.359936006888105453e+01 3.746177445999158095e+01 3.368248609150882800e+01 1.896139285649742234e+01 1.940296405793285928e+01 1.984702212111475106e+01 2.029551607931206902e+01 3.542876301308348275e+01
0.000000000000000000e+00 1.414213562373107536e+01 3.414213562373178235e+01 4.726242953502482180e+01 5.583528011502011879e+01 6.267548562619245445e+01 5.843754761911755224e+01 3.986921477010942994e+01 2.698154350635646281e+01 3.424137013738521063e+01 2.379010846114037747e+01 4.644244516083058549e+00 2.366160863906298673e+01 1.450382414966163225e+01 2.149880117033307414e+01 2.861730860930277842e+01 3.837312729473213579e+01 5.702722782038845395e+01 6.106689190509698051e+01 4.116914253479763630e+01 3.000674094704940487e+01 4.083780656912892937e+01 3.603033268012487156e+01 1.956020249800944910e+01 3.352891817009636100e+01 3.435852321785879582e+01 3.539705838989188180e+01 1.737222067105046008e+01 3.674814537749084309e+01 3.230254275637407346e+01 1.790480113828299480e+01 1.834462718287132077e+01 3.790221854988386241e+01 3.902640920204240871e+01 3.949345748039713300e+01 2.554909197752477112e+01 2.777367431472858073e+01
0.000000000000000000e+00 8.944317940664504363e+00 1.894534243930906925e+01 3.311016939237176615e+01 5.328946025821544907e+01 6.679959164457078202e+01 5.903162030675814975e+01 4.368815045920505469e+01 4.472012120625276310e+01 3.013555568095676662e+01 6.366437341895251123e+00 4.912993728184825493e+00 2.470110759575202053e+01 3.192759973841164367e+01 3.952450945244285663e+01 4.769697376715297565e+01 5.554512671668035750e+01 6.493673251008510761e+01 5.405023440906397525e+01 4.558262640198235260e+01 4.077411979239884232e+01 2.135674715347332153e+01 1.525399357876422535e+01 1.497394934241997078e+01 1.527733423348720443e+01 1.558372689841415060e+01 1.589296399162954110e+01 1.620156277627222607e+01 2.808116258891945449e+01 1.727544775796906507e+01 3.681871854584497328e+01 3.450600746505618588e+01 4.338097413527535906e+01 5.222191974874269960e+01 5.368115292789679671e+01 3.937138598123887334e+01 4.166961721402395114e+01
