MOVIE_S1_data/elevation_000438.asc
nrows	100
cellsize	150.0
xllcorner	0
ncols	100
yllcorner	0
NODATA_value	-9999
[rows 0 to 16 of 100, columns 37 to 73 of 100]
8.186694098751426907e+01 8.588200764683283239e+01 7.348002998644869876e+01 7.955153922519008347e+01 8.603218228600658790e+01 1.060254991416010597e+02 1.249164297410578683e+02 1.364082011839623760e+02 1.246270943690479811e+02 1.131263786218923144e+02 1.048628370794823326e+02 1.048628370794823326e+02 1.131263786218923144e+02 1.163800702293802374e+02 1.080942244208071514e+02 1.099507784791660754e+02 1.017792179951484712e+02 9.520772733738606064e+01 9.871533650067051724e+01 1.024098553134741820e+02 1.063878286003596969e+02 1.108518795751459578e+02 1.191635006973703668e+02 1.307365474024447565e+02 1.392249396520720097e+02 1.476002172100244536e+02 1.579101754575518441e+02 1.495911031119358086e+02 1.579101754575518441e+02 1.608674507095688568e+02 1.494874974846133853e+02 1.412818827502666466e+02 1.438187427339317708e+02 1.430615795884336592e+02 1.347847266521402787e+02 1.364204756857505743e+02 1.445993083958803993e+02
6.077645440260263854e+01 6.501910929768632741e+01 8.588200764683283239e+01 9.970305721708965052e+01 1.060254991416010597e+02 9.675357340053557209e+01 1.082592249081593963e+02 1.281658232194169500e+02 1.163465044436032372e+02 9.645620911172504464e+01 8.494837241887533708e+01 8.494837241887533708e+01 1.016227557608304863e+02 1.080942244208071514e+02 8.825169278462513489e+01 9.406127801683463474e+01 8.203116560769032617e+01 7.544455264182714416e+01 7.891027767797626780e+01 8.255511032273672356e+01 8.648514509546292572e+01 9.089185330105841842e+01 1.023884882730200729e+02 1.224130870960357385e+02 1.191740047442093413e+02 1.392249396520720097e+02 1.480421760313527386e+02 1.299992582135099042e+02 1.480421760313527386e+02 1.526055650041091951e+02 1.329923720116886727e+02 1.214992511834028477e+02 1.240732574522242544e+02 1.314117429536343593e+02 1.147002734982864354e+02 1.164609043286653787e+02 1.266403745204901981e+02
7.588922366571378575e+01 7.995398085283962075e+01 7.512444212327690707e+01 8.961305831196490601e+01 1.096292567759988970e+02 1.166727433257626387e+02 1.249164297410578683e+02 1.156558647502238273e+02 1.074282677850210916e+02 1.076002169494568363e+02 9.336521554691358915e+01 7.285326437355826101e+01 9.336521554691358915e+01 1.016648865487891840e+02 9.342446154732513719e+01 7.436308057737900867e+01 7.070654569490352515e+01 8.700355618780778855e+01 9.871533650067051724e+01 9.695257348545683840e+01 9.792968119190209109e+01 1.108518795751459578e+02 9.868434729506830649e+01 1.050031819822393686e+02 1.165755081280387060e+02 1.366214912998357534e+02 1.397951806627229701e+02 1.200141053096661494e+02 1.397951806627229701e+02 1.395657456429639183e+02 1.313347040615354615e+02 1.298603750898656415e+02 1.095506828947277995e+02 1.207720151362907473e+02 1.024598979264262653e+02 1.042623024508171738e+02 1.061025668237291484e+02
9.629842721783900572e+01 1.001935303310005878e+02 8.961305831196490601e+01 8.961305831196490601e+01 1.096292567759988970e+02 1.177566537006944003e+02 1.095108430120472320e+02 1.042321902652341947e+02 8.767369127434794507e+01 9.933955835200266904e+01 7.913807045476627877e+01 6.617519805576570491e+01 8.030143286176463846e+01 8.875172389250001004e+01 7.377811955918956244e+01 6.646002520175876782e+01 8.601985493246645831e+01 9.865406304344188015e+01 1.161479966546341700e+02 1.185107301469820555e+02 1.175461303498089052e+02 1.259934268071345116e+02 1.128416595297978233e+02 1.250467876088238768e+02 1.333871089686207654e+02 1.450021938033875415e+02 1.332014888783706112e+02 1.130991641032628650e+02 1.332014888783706112e+02 1.313347028254478630e+02 1.110480843500388488e+02 1.169898967864965158e+02 1.185420990132072632e+02 9.996229720742923064e+01 1.207781499499810991e+02 1.248983671405904516e+02 1.266403745202575948e+02
8.588820834967312123e+01 9.407046797310519537e+01 1.096292567759987691e+02 1.096292567759988970e+02 1.178771235115000593e+02 1.063195593646474322e+02 8.974160843730372505e+01 9.542826782014081743e+01 7.639174299526024470e+01 9.542818504228027621e+01 8.337090885025223486e+01 7.523775360456215822e+01 5.838089589795549017e+01 7.860539290171585947e+01 6.282651043166200111e+01 8.208164071188366506e+01 9.424340109334788451e+01 9.939921791913201332e+01 1.012577517861930545e+02 1.121390775082089846e+02 1.211038663739623900e+02 1.324105269460718262e+02 1.329802444847498180e+02 1.363207819223731292e+02 1.441802158034895172e+02 1.405944268139218138e+02 1.273984475682477182e+02 1.069730755042321704e+02 1.196783811779977924e+02 1.231474149355457115e+02 1.148204272252783369e+02 9.606846147420731086e+01 9.766162138225872980e+01 1.185465293166641345e+02 1.087340274685292627e+02 1.207176029856715900e+02 1.405209752497105171e+02
6.634196716436026975e+01 8.426696249610502321e+01 9.559462900295081056e+01 1.019602584676348584e+02 1.101922200475223548e+02 9.749988098933737035e+01 7.842928746853384325e+01 8.724361159828551138e+01 6.780547240329164538e+01 7.808038465679932472e+01 7.280206759445601961e+01 5.637697540442319877e+01 6.145821713634304473e+01 6.042125435535525924e+01 7.914296656539119112e+01 6.748931490690145552e+01 8.699533420319122001e+01 7.990808281183473127e+01 8.547417134799869132e+01 9.199472160045691282e+01 1.019651587534027755e+02 1.232099547191871523e+02 1.330299028284391625e+02 1.165610637958250351e+02 1.330299028284383951e+02 1.262208934880478495e+02 1.119449607672511036e+02 1.196783825800545173e+02 9.887794171793518672e+01 1.148152006770539373e+02 9.385726382943569490e+01 1.148166193037242664e+02 1.126254057499248518e+02 1.268447020072661786e+02 1.162016199871461453e+02 1.361351446932206386e+02 1.487289558608357254e+02
5.662073564870023290e+01 6.784762608476356149e+01 8.740865042612873026e+01 8.225458329548997938e+01 9.205571626820980669e+01 8.930137031864988728e+01 6.954078714116349147e+01 8.930137031864988728e+01 7.808038466987289894e+01 5.903734884551379736e+01 5.407396278524899458e+01 7.280206994466844606e+01 7.757982221981480109e+01 6.829729655039270142e+01 8.711738244790048213e+01 7.768163527108356448e+01 7.269686285589207841e+01 9.217917692190755474e+01 1.054023812137075424e+02 1.123058213184021668e+02 1.211354576934461562e+02 1.320510043356736389e+02 1.245683539248988581e+02 1.045714343320602211e+02 1.147900871190348653e+02 1.158960987463362358e+02 9.708364136700113534e+01 1.085850088185614055e+02 9.368574628905768975e+01 1.111840775601845763e+02 9.231843671192247314e+01 1.046223415733610125e+02 1.251624720744340493e+02 1.410636175436265489e+02 1.303897727365827848e+02 1.303897727365827848e+02 1.500057340011962879e+02
5.868090842926765305e+01 7.818749512030723281e+01 9.058318160243373995e+01 7.098492009572207451e+01 7.244401978487491078e+01 7.474391653063993601e+01 6.213948216804957525e+01 8.271371864616806135e+01 8.620418604619672465e+01 7.118714707409810671e+01 5.249366554741619950e+01 6.555253370676449265e+01 8.481910334381582572e+01 8.734192191085018919e+01 8.369988133129035646e+01 9.636549547744337474e+01 9.217917692190755474e+01 8.129981569302941580e+01 9.102973652900712409e+01 1.050512969530648917e+02 1.251285682187371719e+02 1.306885550362926836e+02 1.330468219939288019e+02 1.147900871190291099e+02 9.394985269890533175e+01 1.059260995746730458e+02 8.644391219813731198e+01 8.755255067673080305e+01 8.866947588818331383e+01 9.017279760065669336e+01 1.103394563221700082e+02 1.212478633642604251e+02 1.334208346981272655e+02 1.451666250960312823e+02 1.500057340011962879e+02 1.500057340011962879e+02 1.582623214367229991e+02
7.505155354697012626e+01 8.634562803294231514e+01 7.657226409803610068e+01 6.843817822034182541e+01 5.868820374632242931e+01 5.739802979702422903e+01 5.424343841576209968e+01 6.973373441689969354e+01 7.373657665949980355e+01 6.742275241408265174e+01 5.089268080375383363e+01 6.008055415196068338e+01 7.343362937747694730e+01 9.294558465399585145e+01 1.026316519182145157e+02 1.105421869688365177e+02 1.092826256252216837e+02 9.256005300288664728e+01 1.092826256252216837e+02 1.192654621763563227e+02 1.306885550362926836e+02 1.103523982379410739e+02 1.140841525412359516e+02 1.128790379769282879e+02 1.044266602780521538e+02 8.489714897994487330e+01 1.059287956243891813e+02 1.085850088185621161e+02 1.096946764562894430e+02 9.120622092281763571e+01 1.121104956304935598e+02 1.229632459099830442e+02 1.289564812347325358e+02 1.253133345373858845e+02 1.451666250960312823e+02 1.585031754562746471e+02 1.502531417047889022e+02
7.585858569424999587e+01 7.072837386459589482e+01 6.843817821586205241e+01 4.892898823385522888e+01 6.843817822023866881e+01 5.165970939409541529e+01 6.210994495855608477e+01 4.437298145314716180e+01 6.423898960719604645e+01 4.862199524042556931e+01 6.742274028366881566e+01 7.767415185336162153e+01 8.729665931864906270e+01 9.953119639537888474e+01 1.016904854584038844e+02 1.098968438748232899e+02 1.137757022162057865e+02 1.124836716101560512e+02 1.208194941763386652e+02 1.336468477848177940e+02 1.285017654293515079e+02 1.081119563084780282e+02 9.322716512816818124e+01 1.029354156241968923e+02 8.341477410130204362e+01 1.044266605181367140e+02 9.439343373588904740e+01 1.152610994284509474e+02 1.204695007577984569e+02 1.061332172499065223e+02 9.379532865698382693e+01 1.146495536030344908e+02 1.086590048689352699e+02 1.289564812347325358e+02 1.399194758958541911e+02 1.420797771348589720e+02 1.306246260992592170e+02
5.571481553648036567e+01 4.998402809436290539e+01 5.637389174364979993e+01 4.344538171666967230e+01 5.904668577595761292e+01 6.027746220320602077e+01 4.250337326249366754e+01 5.384851948017092838e+01 4.631856026067810461e+01 4.887805150258621723e+01 6.767830346078366688e+01 7.928567787058192096e+01 9.302102032358784811e+01 7.989852773511177020e+01 8.204351744873791574e+01 9.758132424424738360e+01 9.394172084967247827e+01 1.137757022162057865e+02 1.276864223927961604e+02 1.134969631596218278e+02 1.230802834875126734e+02 1.099437583450637135e+02 1.014686750818730729e+02 8.196456751532315366e+01 1.029354156241449942e+02 1.128790426464416754e+02 1.019319929230402551e+02 1.225510298418716388e+02 1.348057855006109378e+02 1.229815577741532451e+02 1.086985726902849336e+02 9.645161106761064218e+01 1.172377277910694318e+02 1.282559412431002670e+02 1.200384959231889468e+02 1.222802753087458569e+02 1.306038354659610263e+02
5.401465934265171143e+01 3.590534492996821569e+01 3.702296476570079875e+01 3.814487996642887424e+01 3.940590394782337569e+01 4.067374497327207195e+01 6.030403787973822460e+01 6.592167312372909294e+01 5.721940176362110719e+01 6.767754900290222508e+01 5.243543385276576885e+01 6.555036651587542451e+01 7.919406334317748986e+01 6.623834403097802692e+01 7.173702240458165136e+01 7.786732020434348556e+01 8.920696853552496464e+01 1.090209068826897152e+02 1.193987277262152134e+02 9.865998946615599152e+01 1.062823979860544483e+02 9.393713174727238879e+01 8.056728255902712021e+01 1.014726466701519598e+02 9.686010352852731842e+01 1.176025164812633790e+02 1.166720843986615677e+02 1.166720843986615677e+02 1.367440596633207406e+02 1.372645429058649427e+02 1.249852333344150992e+02 1.045093392868318602e+02 9.928582672336044368e+01 1.199783582710132492e+02 1.054222132601443320e+02 1.077518844033819931e+02 1.104072848790803221e+02
3.434068132907145809e+01 3.763460371970096929e+01 5.664540526657727781e+01 5.779381449211826549e+01 4.215263666846885116e+01 6.030323667398217680e+01 5.458398701805122499e+01 7.411531235409223939e+01 7.052541989487889396e+01 6.764961643074438769e+01 7.119901796377084224e+01 5.611874945133834558e+01 6.005418116949328322e+01 7.918990647706515063e+01 9.126712483043348811e+01 9.685715022175564570e+01 1.057010456212900209e+02 1.172752661043485176e+02 1.166746816827252786e+02 1.059627239293289023e+02 8.517168573475788662e+01 7.920855937436265037e+01 1.000211477185330153e+02 1.099437084806010461e+02 1.176025164812602952e+02 1.259411156363913591e+02 1.367440596633207406e+02 1.367440596633207406e+02 1.449852953140647571e+02 1.390959141147242235e+02 1.191403979831967632e+02 1.249689497496980408e+02 1.159551716774701333e+02 1.021760976610517986e+02 1.227624950272302016e+02 1.280794149762095344e+02 1.151698285300070381e+02
3.730478855107999436e+01 5.648262666059860493e+01 4.236059632609917003e+01 6.186684193702467383e+01 4.502152164280393976e+01 6.457695783159437042e+01 7.411538213264009300e+01 8.227321226382774455e+01 8.983340193019330400e+01 8.122211465132001251e+01 8.316234930973314476e+01 6.683284749735813079e+01 6.147184005617456393e+01 8.068754908157985994e+01 9.433433822452728634e+01 1.027146905379835147e+02 1.127778935168243351e+02 1.240414987979322348e+02 1.027098899349083183e+02 8.810591589392210210e+01 7.795328302231797579e+01 9.817669024163622282e+01 8.338026994788354784e+01 1.043320130180802323e+02 1.171556475564129585e+02 1.327568893015945548e+02 1.372214675556637644e+02 1.389461185678959509e+02 1.467573970144799773e+02 1.473255582360377218e+02 1.390959141147242235e+02 1.401094744249529924e+02 1.200154839338464399e+02 1.068522239801964133e+02 1.188898496698043914e+02 1.388664635486509553e+02 1.351403053483034853e+02
5.688126899674691828e+01 5.686120068998528865e+01 6.186684193793850994e+01 4.729470580023357229e+01 6.457643679328164410e+01 4.919492680217698677e+01 6.868628049044521333e+01 7.293231264557728366e+01 9.254526512047115716e+01 1.008462422717785358e+02 9.458677361732912914e+01 8.631947627665422829e+01 7.242400937061222521e+01 6.770348580843206321e+01 7.450380956914538899e+01 8.433035097019762816e+01 1.046201503494523877e+02 1.160329989476802552e+02 1.096428909992683316e+02 9.773614543986612091e+01 7.709323060150593676e+01 9.763012141053140169e+01 1.043120728179762011e+02 8.783095885942374537e+01 1.088033396198583915e+02 1.131947844603023157e+02 1.184046235843384522e+02 1.203387846090609088e+02 1.338111355399626916e+02 1.395657808454594431e+02 1.473394414239712660e+02 1.486218998715019950e+02 1.327630185106552574e+02 1.125349745750390440e+02 1.327629954626611379e+02 1.471067602024835708e+02 1.487314151108760143e+02
7.084093998586388352e+01 7.674067117889572387e+01 7.020749139424101770e+01 5.082738036778423663e+01 7.020749139424101770e+01 6.868628048582039014e+01 5.347453854414458618e+01 7.293231265186179257e+01 8.269214122163720049e+01 8.812098453072421478e+01 9.632735214208659613e+01 1.001937063112885937e+02 9.197575568500029419e+01 7.498681550432701215e+01 8.727961847204326773e+01 1.028332813263569534e+02 1.133320005503852457e+02 1.089726010813401018e+02 8.880522062662198834e+01 9.546369003269145992e+01 7.624191918129449164e+01 9.069297440327534332e+01 1.113576768233283190e+02 1.086676709993163854e+02 9.257069074866468839e+01 1.116484537172370182e+02 1.041317169640514066e+02 1.092682367181850509e+02 1.151976555024345714e+02 1.213679945536945866e+02 1.342011928351686834e+02 1.525170419764471887e+02 1.398042028162314239e+02 1.198887261361564782e+02 1.291174598934355231e+02 1.489838941849856724e+02 1.569761471384546496e+02
8.229678928699757989e+01 7.567898305341239507e+01 5.634475107904603419e+01 6.455498052750969862e+01 7.820713262905574936e+01 8.108273096768860455e+01 6.467621468212610125e+01 5.818604144312404713e+01 6.317938966978531568e+01 6.854697976633586620e+01 8.234515480248907693e+01 1.020650594071215380e+02 1.032513912545919226e+02 8.639580380534376047e+01 9.633960770012265584e+01 1.157462017336273448e+02 1.200584926663474619e+02 9.663092886889504030e+01 7.760505816907648580e+01 7.504800287326956720e+01 8.342828997927425405e+01 9.137276086468462211e+01 1.115018945208892944e+02 1.215375420465992136e+02 1.072286486302548667e+02 9.782920343288928677e+01 1.172086891625489073e+02 1.284378866848514065e+02 1.250569708551175694e+02 1.395657808454594431e+02 1.342011928351686834e+02 1.525170419764471887e+02 1.480771289172069771e+02 1.299342350534012951e+02 1.480771289172069771e+02 1.573028991830054224e+02 1.683784238286357038e+02
