MOVIE_S1_data/elevation_000659.asc
nrows	100
cellsize	150.0
xllcorner	0
ncols	100
yllcorner	0
NODATA_value	-9999
[rows 68 to 84 of 100, columns 37 to 73 of 100]
8.697599058784945214e+01 7.884522199820379740e+01 7.267704984734145057e+01 5.994210946148344021e+01 3.914916575071757165e+01 5.365494733107859560e+01 4.777297856016745214e+01 2.830271395928761535e+01 4.806310904223470715e+01 6.390795163777868737e+01 6.065040995471632357e+01 4.119314668242788002e+01 5.128431815639255831e+01 3.632800808481838573e+01 5.442635114739237423e+01 5.471084609494315032e+01 5.638347897677639509e+01 3.954711476518856017e+01 5.312248855510694057e+01 6.852894110581502218e+01 6.283554971464344874e+01 8.227400381828030618e+01 7.723728223756425848e+01 9.103920495273176527e+01 9.976323645706142429e+01 1.022524514603003212e+02 1.103976567975731768e+02 1.211556588351450330e+02 1.129626002344077591e+02 1.211556588351450330e+02 1.182775997018220977e+02 1.000395905833841113e+02 9.628539830721963710e+01 1.144093749842053853e+02 1.245324377469161305e+02 1.388861261084676073e+02 1.307142217692122870e+02
8.270362784216027308e+01 7.462943500691889653e+01 6.784533545965490475e+01 6.826030036746197993e+01 5.367588332548786667e+01 3.309054867329157901e+01 3.781155140525201119e+01 2.798770065050978317e+01 4.613548675941988364e+01 6.183229329269260433e+01 6.888634632348629339e+01 5.017853827699009628e+01 6.265933073133413700e+01 5.464932059615053817e+01 4.349163533369084433e+01 6.270747812506027685e+01 6.682221970671263023e+01 5.312248855504957135e+01 4.206511979901986109e+01 4.924246609223286697e+01 6.852894110581522114e+01 7.423752354189328173e+01 6.347442755790128643e+01 7.217542667589938787e+01 8.594751686589135886e+01 1.054438488354903427e+02 1.174576937771489185e+02 1.093256488991625872e+02 1.174576937461911115e+02 1.251803731545967509e+02 1.266478701462510941e+02 1.186268364899436847e+02 1.155350616691354020e+02 1.146039216129050402e+02 1.323644511175137382e+02 1.305970751919857662e+02 1.225521663267755912e+02
6.648947861332594300e+01 5.586211194350066478e+01 4.963221829570776578e+01 5.958834142036948123e+01 6.204519931811567091e+01 5.040416047877057082e+01 2.754041957399333640e+01 2.915393105692623976e+01 3.808234891481133388e+01 5.017983404176321471e+01 7.079093662083312211e+01 6.139429415518304012e+01 7.748076697660846435e+01 6.912545348348145069e+01 4.948687481945343336e+01 6.912545348348145069e+01 8.052192947773748699e+01 6.615379175411109713e+01 4.728999057745862444e+01 4.473683242556949580e+01 6.390625905237460813e+01 5.484772496563500255e+01 7.423752354189328173e+01 9.103920495273176527e+01 9.976323640047483821e+01 9.582001196117489883e+01 1.039028155198968619e+02 8.970702310666773371e+01 1.076463499614423824e+02 1.069228621581497549e+02 1.203103449121181825e+02 1.208097373704627415e+02 1.123675572085203811e+02 1.209328718844141832e+02 1.357464308788600817e+02 1.225521667045179441e+02 1.033126691887643034e+02
8.257435721104729964e+01 7.458763071566197311e+01 5.966509252972011268e+01 4.176785669711781424e+01 5.344202428416310369e+01 5.133479185494267938e+01 2.722418112496778875e+01 3.653409161730280630e+01 3.502357599827514179e+01 4.756653886327169545e+01 6.784913218334203577e+01 8.065770450913606737e+01 8.852636420786627980e+01 7.727699888570010955e+01 5.862605986575108830e+01 7.727699888570334963e+01 7.625700279168236762e+01 5.579101340728516334e+01 6.615379178720952780e+01 6.390625905237460813e+01 4.741136225567545637e+01 6.663221882611544800e+01 7.774668078294935469e+01 9.152621282834520855e+01 9.265684306096591172e+01 7.639540629352465828e+01 8.893670838185164484e+01 7.993878596351741805e+01 9.948414601771862920e+01 9.368169761630794312e+01 1.124980077788088977e+02 1.091491951194102654e+02 9.245537198264989343e+01 1.044633098154144619e+02 1.214365330235941514e+02 1.211914450762902646e+02 1.089477853989440206e+02
8.243389613322449350e+01 7.037203521582367216e+01 5.553093177473853359e+01 5.344459947538913980e+01 3.567784937894379738e+01 4.786200114147857221e+01 3.922376016302025192e+01 2.677717957569228346e+01 4.787829165342714788e+01 4.610709497576902294e+01 6.049321133914762072e+01 8.248673425846348550e+01 9.468780203642968729e+01 8.691045686866765152e+01 7.582195093154955146e+01 8.709018680874510210e+01 8.474037469338450990e+01 6.494958850059279598e+01 8.474037469338450990e+01 7.470233732839835739e+01 6.023573133099049670e+01 5.035833449842532872e+01 6.396608110077339404e+01 7.610532276945086494e+01 7.910687780596163066e+01 6.513667540228853170e+01 6.950385495957317517e+01 7.538867695383868295e+01 8.154516988139053524e+01 9.512098169097608036e+01 1.140551245374901157e+02 1.022417735536555909e+02 8.287758969697814848e+01 9.223144151085247699e+01 1.123972334040705050e+02 1.131945366301708731e+02 9.438088767882803154e+01
7.724827612390977549e+01 7.976066851278656600e+01 6.493476838468386347e+01 4.832557899559171233e+01 3.868726612133344389e+01 3.061823294707497922e+01 3.160889213058762337e+01 2.646299311500250084e+01 4.725769940482523879e+01 6.663487999610134693e+01 7.527734221451453323e+01 8.191617159888168942e+01 7.674798588467682237e+01 8.480508858307769060e+01 9.243888998311780369e+01 1.038470818904714577e+02 9.570642932822345017e+01 8.200365700716987760e+01 9.400144536061930012e+01 8.151511953373679376e+01 7.453110580515578931e+01 5.509973029317436755e+01 5.377745337717134788e+01 5.665262978505575120e+01 5.962726311509001675e+01 6.578863142255801222e+01 7.229694835996106406e+01 9.174599821523847254e+01 1.006950248321956565e+02 1.085906876929710165e+02 1.096108285251255410e+02 9.002721218042573526e+01 7.650109928058998321e+01 9.571185336847176472e+01 1.116515943542191138e+02 1.037368219791027002e+02 9.789772041218370191e+01
8.114443262310552996e+01 7.569500780891718250e+01 5.625507362224657015e+01 4.234306336788211667e+01 3.815159519004772903e+01 3.744320314410489914e+01 2.602140079275566364e+01 4.584043122051539854e+01 6.675061702201827529e+01 8.154412425146732346e+01 7.625057159276664720e+01 6.300273741748571865e+01 6.340656609172850722e+01 6.588777375401875247e+01 8.481173879219510070e+01 8.916152245895939643e+01 9.933569458125293750e+01 1.047899599150783416e+02 9.488037635378890400e+01 7.406798324681396650e+01 6.268200818968794863e+01 7.453110580515588879e+01 7.317622062909450165e+01 6.081188660666079926e+01 7.910745240059254968e+01 7.340779763686768433e+01 9.174599821488877183e+01 8.354017439364078257e+01 9.726379744424360752e+01 1.166639360189577417e+02 1.038374162746627434e+02 9.085182233384735184e+01 7.164928918444569206e+01 9.085182233384735184e+01 1.009522518806394658e+02 8.517075632602288238e+01 8.909541520362124345e+01
7.265975052671694812e+01 7.050526480252348449e+01 7.005476989446158598e+01 5.637294301971830635e+01 2.642671419262767429e+01 2.558411362407753842e+01 4.149546770453228106e+01 4.716051064539217919e+01 6.732558944132125589e+01 7.248696104871247314e+01 6.339472621296055621e+01 4.927902537503254621e+01 5.226350768281582759e+01 7.142250276678966259e+01 8.208187705586922789e+01 7.475717485440885923e+01 8.666989177126876598e+01 1.027475044428615405e+02 1.029667339050872670e+02 8.880699329808932418e+01 6.918239339398000709e+01 8.880699329808932418e+01 8.549589767647982796e+01 6.600909069783732264e+01 7.979282079514223369e+01 9.286717574994136726e+01 9.286717574980028189e+01 9.726379764750760160e+01 1.107961451610790533e+02 1.094197535096973439e+02 9.008484192109371236e+01 7.656461954046979201e+01 6.714191978178341458e+01 8.640420165893731053e+01 9.256510848341082465e+01 7.423003654858142397e+01 7.004744615324250390e+01
5.317900780149171425e+01 5.104682638729903488e+01 6.479122385103092086e+01 5.822325467221681095e+01 4.108999649413468802e+01 2.527538613914990506e+01 4.404683264418334687e+01 5.958150942208141032e+01 6.874397959694198335e+01 6.095559632840473796e+01 4.520041035546460506e+01 6.468834290498142536e+01 7.142250276678930732e+01 5.699163902668412618e+01 6.365599548010013109e+01 8.208187705587077687e+01 9.319129887862331429e+01 9.497357167434968517e+01 1.127715662414162381e+02 9.697156873975316671e+01 7.897994925816733769e+01 9.697156873975316671e+01 9.165431870169116735e+01 7.217968147168294024e+01 9.165431870169116735e+01 1.073717771970772645e+02 1.123386823544603033e+02 1.166640410497245739e+02 1.106575174566919060e+02 9.969365699423376270e+01 9.178980338190338273e+01 8.216156548304896035e+01 6.283289621046533568e+01 7.825372847051676217e+01 8.072578385051248517e+01 6.553000871233768976e+01 8.472666757134135196e+01
5.248159909915855792e+01 3.666995299790684015e+01 5.036488976101959025e+01 5.830374986455510111e+01 4.543898097282361448e+01 2.496585341191452301e+01 3.629978539481080446e+01 5.393351940820465273e+01 5.730013229033038868e+01 4.125823161641073256e+01 6.095559047350766946e+01 7.246424051852244475e+01 8.351366935222105781e+01 7.559832045862378891e+01 6.264560937332612411e+01 6.712250745866123225e+01 7.654140146113165599e+01 9.502794365826925116e+01 1.095255280808209903e+02 1.068133315295662982e+02 9.287109380632725220e+01 1.054209824020698960e+02 8.595197988836484626e+01 8.595197988836484626e+01 9.974640560338055195e+01 9.818318355667960873e+01 9.818846220649842849e+01 1.066367139567550737e+02 1.026691181711719167e+02 8.383086516318127224e+01 7.283582753957018951e+01 7.840358663833227126e+01 5.904050724637558289e+01 5.889230249444558751e+01 6.141156110473323793e+01 6.710329511724940232e+01 7.327122032028854903e+01
4.300268969747762071e+01 2.359616732251151561e+01 2.973823616533655567e+01 4.591645104344563322e+01 4.453922024681486391e+01 2.464547330736323616e+01 3.987918117539170737e+01 5.495388984959246415e+01 3.737560797754260733e+01 4.138132836892107491e+01 4.617797264872756102e+01 6.570004697816870021e+01 8.021170895963905423e+01 8.872512065480367482e+01 7.355838440977301218e+01 8.568397790043596274e+01 7.515259625117150222e+01 8.444005496553297974e+01 9.693150573905920453e+01 1.136648484042574694e+02 1.125512900728745933e+02 1.135408323799487533e+02 1.054209824020698960e+02 1.054209824020403943e+02 9.244159166815613560e+01 7.827726923688398131e+01 7.827731400341016865e+01 9.818844741139368182e+01 9.608724811855238102e+01 9.422895815546610265e+01 7.530062178511464310e+01 6.161046347638552589e+01 5.538512248790413395e+01 7.480538666340291343e+01 8.072578385051224359e+01 8.625416330109021601e+01 9.225845369356034098e+01
2.251310991966650832e+01 2.283171258719812258e+01 3.129318769857255589e+01 3.594846419456629150e+01 3.845711160124243833e+01 2.431947812964356359e+01 4.554137113854792318e+01 5.160012398274622569e+01 3.462309548442821949e+01 5.476674013441023448e+01 6.561934654554266899e+01 5.345883421305092043e+01 6.469362830498371864e+01 8.348767657584338053e+01 9.227326872010475256e+01 9.924614397155077938e+01 8.590246491722935218e+01 9.013507131198997513e+01 1.074032486542223381e+02 1.144353399684641062e+02 1.046810837863097703e+02 9.641038573455854532e+01 1.046810837863097703e+02 9.676976824741002758e+01 8.410806599879509804e+01 6.440138982402091017e+01 8.410806599879509804e+01 8.992311316222610174e+01 7.489106026491137413e+01 8.992310316237362144e+01 8.871094380413495628e+01 7.289685454121024577e+01 5.344997789668936150e+01 7.289685221611988197e+01 8.661679110141798787e+01 8.146148184062751341e+01 8.867955756638488651e+01
3.827397643278301587e+01 4.285289521198495777e+01 2.327695885891932548e+01 2.358952575929506423e+01 2.390016291555587458e+01 2.411510646538742009e+01 4.794451075949723418e+01 3.119450575981418439e+01 5.158100635304825232e+01 6.280483116855114645e+01 7.825240698870359779e+01 5.967597450930287550e+01 7.858219783137074899e+01 9.099310404670947605e+01 1.054845073834983253e+02 1.112779821823239814e+02 1.040167382308537327e+02 1.075796073351611852e+02 1.046063904529019339e+02 9.569585982182231021e+01 8.573092950938307411e+01 7.650017936586475287e+01 9.471762947847660996e+01 8.837070629398454003e+01 6.855811076647877655e+01 5.818094895889588969e+01 7.787620671896000601e+01 8.078393788406140175e+01 6.060035813594557652e+01 8.078393788406140175e+01 8.461304168227417222e+01 6.538168440035749995e+01 5.156006172732791271e+01 6.839942517980006187e+01 6.620716338046024418e+01 6.071925692302142608e+01 6.911425512268299087e+01
4.863000675756118341e+01 5.566447724360961757e+01 4.794485492904041735e+01 4.704012868428544891e+01 2.804132966845939734e+01 2.835804166029019768e+01 2.770750204666659045e+01 4.850099505183044357e+01 5.968812968407090125e+01 6.727940144944626866e+01 7.467583538804034049e+01 7.833268603187707413e+01 7.073150044303281447e+01 8.142069681756046862e+01 9.806223303407890057e+01 1.046936407708365664e+02 9.738353782507100220e+01 1.059904842309385486e+02 9.037160897781373592e+01 7.338403943861109724e+01 7.103552676370722452e+01 6.652153861143114000e+01 8.645528255021169173e+01 8.616280779793149236e+01 6.640080635087508654e+01 5.244441278994246858e+01 7.219127322100368360e+01 7.163702225682085611e+01 5.353699591822027060e+01 6.381877287985102498e+01 7.206680160627483644e+01 7.895660667757555018e+01 6.839932559261380618e+01 4.899452295127257173e+01 5.245018008826008327e+01 7.218540833470395057e+01 8.867955756638417597e+01
3.992089163573164967e+01 5.383223178022146271e+01 6.951070955614599711e+01 5.625321710958253618e+01 3.481380835871725310e+01 4.718209640500162294e+01 4.855261782998071141e+01 3.438691644871448005e+01 4.072753607357655170e+01 4.717842799595227632e+01 5.718095505121106470e+01 7.721172758147849891e+01 8.893522013334712994e+01 9.605855630682812318e+01 9.571299396101926504e+01 8.766956088942534109e+01 7.649282072271310540e+01 9.519609444979137436e+01 8.182844299448873926e+01 6.118616914809186369e+01 5.952299069375255414e+01 5.895747661790378658e+01 7.892103552728958960e+01 8.163369551885368480e+01 6.187281564883967633e+01 4.778090393929130641e+01 6.179755651910006264e+01 6.079140404510764739e+01 5.723783301522036737e+01 4.492233670262076117e+01 6.295468918163827965e+01 7.222097120721821284e+01 6.426080483769182194e+01 4.726244402609017214e+01 5.903438919685082453e+01 7.052822016275371197e+01 9.032704351074241345e+01
3.437423859829863204e+01 4.617575007373934426e+01 6.630385076659092647e+01 6.402314684899241115e+01 4.269292455322210600e+01 6.388998403948210836e+01 6.178337092014332654e+01 4.178709316395656259e+01 5.465679652452440962e+01 6.743376010887023142e+01 6.736535973159614343e+01 7.719637536590178684e+01 9.692009488018778995e+01 9.346823581429497096e+01 8.400318444632195281e+01 6.718469303200673437e+01 6.632568197500401652e+01 8.673649670102859943e+01 8.361748795651165267e+01 6.366666196314189108e+01 4.952008252538399091e+01 6.343851099177172159e+01 6.944681671979027726e+01 7.765650756906856600e+01 7.590869854695162644e+01 6.176062646289231850e+01 4.172302038791198697e+01 3.948661641446412318e+01 3.729398548283231918e+01 4.900583541325745784e+01 5.831563448614249978e+01 6.406189826277524446e+01 4.498650115136692307e+01 6.211218054317200910e+01 7.069770464431456958e+01 8.495160983868406390e+01 8.190405887605804480e+01
3.977588316284905545e+01 5.853776611561055176e+01 7.388640465607305430e+01 7.277652948070380035e+01 5.785920977707934298e+01 6.408692247952697585e+01 7.004473617170238242e+01 5.188309886855417119e+01 7.007404422036425728e+01 8.280499714971598735e+01 8.795290187795355052e+01 9.013130573859686478e+01 8.197047943954903815e+01 8.540458192191404407e+01 6.608958463882422052e+01 5.558244915766262295e+01 7.571390714279235112e+01 8.879694423553445404e+01 8.058119565752279811e+01 7.750120385416244062e+01 5.761355288468212166e+01 4.350572458715670621e+01 4.958816446205046446e+01 6.619763495535407571e+01 6.772167771154747129e+01 6.775412235992104115e+01 5.098010072398341919e+01 3.643877474993304588e+01 5.624840257888850203e+01 3.816215383554187213e+01 3.877959578358321835e+01 5.729163772094452156e+01 6.014672779874658914e+01 4.264429317824242816e+01 6.260237857096684166e+01 8.136671227009385632e+01 6.841043882627569417e+01
