MOVIE_S1_data/elevation_000483.asc
nrows	100
cellsize	150.0
xllcorner	0
ncols	100
yllcorner	0
NODATA_value	-9999
[rows 68 to 84 of 100, columns 0 to 36 of 100]
0.000000000000000000e+00 1.999999999999964473e+01 3.175516868257135883e+01 3.876396113158655510e+01 4.694033921504198048e+01 4.869982786339112124e+01 3.163623726748754805e+01 4.875623708868848638e+01 4.995632943248998714e+01 3.025104571398841102e+01 4.870723469688442009e+01 4.135567602962038336e+01 6.135669110506790247e+01 7.383538824408233836e+01 5.724773732202496035e+01 3.727294956684392702e+01 5.272472485280028565e+01 3.260572511584813071e+01 2.105968774437736002e+01 4.116310255660878425e+01 5.081218886740133911e+01 4.262381143140610362e+01 3.992715495844005602e+01 2.553977266739800100e+01 4.523768647466007309e+01 5.304563872958090087e+01 3.267541031849323474e+01 1.892627063358153805e+01 3.304515821321877667e+01 3.306885255738531271e+01 1.675738798307132882e+01 3.519993165418495096e+01 4.132714546405230749e+01 6.171626159180222260e+01 6.210412052529712668e+01 5.383211022254400291e+01 4.005921671327442368e+01
0.000000000000000000e+00 5.773494446072152009e+00 1.180360009265826982e+01 1.887325728058631569e+01 3.038439976373224027e+01 4.970077120161808182e+01 5.274689875633327318e+01 6.216290779371336583e+01 5.735125277236232932e+01 3.734177307959692627e+01 5.735125277236458174e+01 5.551664376731564943e+01 6.961447263977171929e+01 5.859311964913545268e+01 4.848181046428373975e+01 2.840638901177781506e+01 4.843476781969136624e+01 3.708879347593585862e+01 1.723224623109458165e+01 3.594076879749540154e+01 3.764537614468414262e+01 2.994351209918209378e+01 1.970862871547368655e+01 3.704028229800921679e+01 4.006250455348938289e+01 4.060822181269072928e+01 4.214283883965718758e+01 3.213097278839311599e+01 1.258828721328959155e+01 1.499822594360149175e+01 1.840316409455579816e+01 3.476863069561382957e+01 5.128280016674152364e+01 6.772800877173951051e+01 4.807624058210669205e+01 3.446001709672150071e+01 5.383211022254400291e+01
0.000000000000000000e+00 1.999999999999964473e+01 3.175516868257135883e+01 3.876396113158655510e+01 4.694033921504198048e+01 5.798910224447828199e+01 5.593336471549740452e+01 6.424124492766794958e+01 6.564630951815175308e+01 4.889560618644136980e+01 6.564630951986977436e+01 7.545343427902601263e+01 6.441949171437535426e+01 4.398059575500364815e+01 2.989015284182170973e+01 2.182676831255075811e+01 3.464108460719118909e+01 3.117217507631360363e+01 1.351543149745015526e+01 2.676469109412627390e+01 2.253921057288006224e+01 2.336362024674565419e+01 2.154513368624407121e+01 1.480713830607127690e+01 2.492685905777247513e+01 2.442444542608700075e+01 1.209868958401320604e+01 1.239332797540624753e+01 1.268026828981957976e+01 3.205542992571001548e+01 1.805767357805990159e+01 2.648856465259586912e+01 4.187150793850500463e+01 5.366572120645081156e+01 5.028181584582287655e+01 3.091153076403131905e+01 5.028181584582287655e+01
0.000000000000000000e+00 1.999999999999964473e+01 2.792339282876850248e+01 3.218830670818531559e+01 3.677798766519195794e+01 4.178014466297936025e+01 3.591768896596924066e+01 5.593336471548142441e+01 6.440439347621602906e+01 6.890188081416155796e+01 7.720258538930686143e+01 7.810421035399886591e+01 6.930002859802225146e+01 5.857440878021167663e+01 4.990322313390032605e+01 3.464276777062795531e+01 1.477936711143131276e+01 9.671284399608717663e+00 9.599106710043493251e+00 9.853862547955214879e+00 1.012984952938930761e+01 1.042198253558566279e+01 1.072522730370972432e+01 1.103677451213192207e+01 1.135310304441055251e+01 1.166802644725534499e+01 1.520914647671590991e+01 1.507692673284018525e+01 2.714389618785564195e+01 1.306755444768425178e+01 1.330973728013783841e+01 1.548297142420076611e+01 3.478488866188803996e+01 3.410535604658444697e+01 4.225820856198427578e+01 2.755021262960254091e+01 4.689820624645542324e+01
0.000000000000000000e+00 3.922322702763767488e+00 7.922322702767102598e+00 1.218633702998432966e+01 1.677465170985868070e+01 2.177465175521072283e+01 2.844132126420862505e+01 3.600066587808755969e+01 4.755097123808157988e+01 6.766248297452918337e+01 8.212907709713540783e+01 6.930002859802216619e+01 4.778194240316299357e+01 5.408171188426778997e+01 3.973626879181790628e+01 2.964696957397782384e+01 2.789800149881711633e+01 9.260253754738625886e+00 2.830611499704108880e+01 2.020734075288259390e+01 3.052866087535331374e+01 1.340087349046713250e+01 1.665984087502333466e+01 3.106941713263458738e+01 1.637875338042053741e+01 2.469366611764453978e+01 2.664386955940405244e+01 1.619044198921354649e+01 3.262790086505438580e+01 3.274503221961648336e+01 1.342984684768858372e+01 3.120323646057064693e+01 1.821154383706808133e+01 2.057923754463995891e+01 2.298703071998922454e+01 2.683587666806971228e+01 3.093342704745491645e+01
0.000000000000000000e+00 1.999999999999964473e+01 2.792339282876850248e+01 3.218830670818531559e+01 3.677798766519195794e+01 4.178014466297016583e+01 4.845245575927693693e+01 5.603363364024073690e+01 6.440439351593555273e+01 7.605754150946783909e+01 7.019999032118242610e+01 5.260589600826182277e+01 5.255865075896132765e+01 3.144938508520436926e+01 3.042169244397045347e+01 9.304030271472500502e+00 8.936843048071780871e+00 2.899972280042759465e+01 3.329761029911124126e+01 3.731073391633859160e+01 4.565486711655892549e+01 3.690970925306952211e+01 1.784383865053111151e+01 3.762989592567164010e+01 4.495190448913517400e+01 4.102342807021924642e+01 3.978588132364210139e+01 2.049148997111068482e+01 3.977063148588501917e+01 3.348001363848437251e+01 1.369622832595816142e+01 3.263836894876907735e+01 2.149115207965261831e+01 3.941480514078169506e+01 4.225820855990348690e+01 4.625143972816040616e+01 4.600528955926132824e+01
0.000000000000000000e+00 1.999999999999964473e+01 2.843610614563169037e+01 3.302601613634809752e+01 3.802856727541105641e+01 4.357988555570769762e+01 4.991243306990632789e+01 5.823493076847996264e+01 6.724906184933661280e+01 7.646122344918961744e+01 5.517657847440826657e+01 4.089353581162158235e+01 3.210658615798467252e+01 2.453155649444126851e+01 1.672055510245795062e+01 2.883154882360084059e+01 8.718388971042873692e+00 2.628183458679372819e+01 3.406402275399130275e+01 3.724177613382693153e+01 4.447575562752815159e+01 4.651440935869549520e+01 3.792382283875235061e+01 2.429582910991683775e+01 3.596880027031366467e+01 5.591977170080546244e+01 5.098591683805950936e+01 3.203937481118514796e+01 4.948475689621727724e+01 3.431018808722894420e+01 1.395910924781654394e+01 2.524111530019418836e+01 2.478067835385265738e+01 4.310862541802119807e+01 5.102907232955689665e+01 5.826863188261688720e+01 6.731456756818229792e+01
0.000000000000000000e+00 4.170288281143887055e+00 8.434302608338803964e+00 1.302261728809116192e+01 1.802261733770785668e+01 2.356962013359565233e+01 2.989418732234543441e+01 3.883884257398398177e+01 5.299811626372631679e+01 7.320471552372339374e+01 7.017443212224679883e+01 6.101242382064445025e+01 5.260589600776047803e+01 4.207632067106987961e+01 2.906145505519871008e+01 3.035581249148773253e+01 8.804081397611932758e+00 8.412266502273304525e+00 2.605805096264206355e+01 1.971361930508284743e+01 2.763733411075158131e+01 4.627490572674641811e+01 5.002648794771958052e+01 2.982441484060409209e+01 5.002670016345878423e+01 6.291495426696092608e+01 6.710694404377194644e+01 5.598121017491400409e+01 4.805151694486132641e+01 3.448622811794690790e+01 1.421067081445683655e+01 3.366860162653240707e+01 4.296512676775335393e+01 2.969936267493052640e+01 3.338102789202844889e+01 4.929894257819735515e+01 6.042561357655362286e+01
0.000000000000000000e+00 1.999999999999964473e+01 2.843610614563169037e+01 3.302601613627631139e+01 3.802856727508803658e+01 4.357988555401147579e+01 4.991241619211118064e+01 5.823475558205675640e+01 6.724906209740407803e+01 6.948126790127612651e+01 6.083204059909270001e+01 5.919448633091533196e+01 5.098657564541485954e+01 3.423761265666566800e+01 2.608225129397095543e+01 3.368661780310350906e+01 2.911157192396359505e+01 2.804740590066688810e+01 8.101390886708763617e+00 8.138713119676758367e+00 2.279778068357567733e+01 4.400865984307077383e+01 5.877956197335160482e+01 5.002670018738997726e+01 3.921804494926912810e+01 5.345666436911636055e+01 7.512274526587933110e+01 5.626633165994829966e+01 3.717563081120663071e+01 2.428138222221412335e+01 1.445967458466495614e+01 3.423355047799953610e+01 4.747979979158514396e+01 4.285965322364607033e+01 5.102907232958941819e+01 3.904069160755790335e+01 4.390808023544590100e+01
0.000000000000000000e+00 1.999999999999964473e+01 2.930236088436471320e+01 3.446633965663781396e+01 4.023984409401825957e+01 4.690651696144578153e+01 5.519119180958074367e+01 6.519143516707347885e+01 7.243491642244708828e+01 6.059730024304845841e+01 3.954849524347765310e+01 3.895196305738429743e+01 3.936554716811900789e+01 3.397234967474328471e+01 3.206453889966831383e+01 1.933759100197827507e+01 2.992868254861010513e+01 2.558865357392332029e+01 7.876832216247607654e+00 2.793784205577519586e+01 1.767012859595606500e+01 3.848192191841322085e+01 5.923403115194297897e+01 6.850256278371885799e+01 5.346835974502863564e+01 5.566799919573659849e+01 7.661441931569450503e+01 6.138841425850555567e+01 4.062630522770078301e+01 3.484832587069321619e+01 1.470722914433354767e+01 2.466216646556619807e+01 4.355654899431767291e+01 6.077842793855180048e+01 6.340526184227032758e+01 4.911989944620184900e+01 5.296625026233346745e+01
0.000000000000000000e+00 4.588314677411255538e+00 9.302359885321614286e+00 1.446633768026488198e+01 2.023984037216123966e+01 2.690650703882802475e+01 3.690650703889959772e+01 5.690653391233124836e+01 6.435789027583525979e+01 4.548266482226015484e+01 3.458054452267946033e+01 2.470183464990227407e+01 1.916742443759945758e+01 1.476022637358385303e+01 2.292109818140641408e+01 1.427422182571157805e+01 2.192382565775415060e+01 2.330265392957644721e+01 7.648225173985093051e+00 2.895773066521617167e+01 3.848192271631816652e+01 2.886410366792522453e+01 4.364306133908989693e+01 6.572391659499064076e+01 7.517089089013467174e+01 7.652436702507412747e+01 6.869129697382582833e+01 5.871430654757261891e+01 4.304545228163369330e+01 2.129217611181146808e+01 1.495352106354089727e+01 2.651540462312815905e+01 4.438464249755036661e+01 6.028820985267702071e+01 7.293301438141622839e+01 6.603747447206541210e+01 6.966665354471874139e+01
0.000000000000000000e+00 1.999999999999964473e+01 2.930236088435982467e+01 3.446633965666036659e+01 4.023984409414332930e+01 4.690651696221252109e+01 5.519120833358533673e+01 6.519165424789566998e+01 6.304863181477827538e+01 5.243302608285683419e+01 5.299591512880262201e+01 4.494126651061366573e+01 3.935524937281616786e+01 2.936984979734499390e+01 1.056234808774319056e+01 1.024961027596189744e+01 1.067652811903501764e+01 1.455639216599565167e+01 7.414704973885668515e+00 3.127666689907264796e+01 5.753048889802131072e+01 5.011039410943196515e+01 5.908401838175146992e+01 7.266081174947656507e+01 8.112542616327097278e+01 7.471172827282991591e+01 5.384720031475574586e+01 4.076855213693387014e+01 3.195470114389699035e+01 3.151997618828601233e+01 1.519800579800012663e+01 2.676969887613412524e+01 3.363791444285951826e+01 5.326986116735533727e+01 5.696729734375453802e+01 5.696729735678994189e+01 7.738259676164484802e+01
0.000000000000000000e+00 1.999999999999964473e+01 3.180605184112259920e+01 3.888022847284609895e+01 4.717811545261135819e+01 5.873809964305348785e+01 6.751856649992515713e+01 6.040971935470285104e+01 4.577786041981153886e+01 2.629023920282656945e+01 3.424692944237930448e+01 2.566018042237407570e+01 3.254313367604458307e+01 2.926188167410045438e+01 9.189334410912366025e+00 2.212264745466185190e+01 6.835756211864670639e+00 7.077808114510740545e+00 3.307408629903155628e+01 3.905925675607886660e+01 4.603773138504738682e+01 5.152045485764337229e+01 5.780414788658052316e+01 5.167548821182344199e+01 7.268109526801008258e+01 7.288078311920328645e+01 6.144956341634968311e+01 5.215406022043537604e+01 4.626007455306823601e+01 3.295803609184426364e+01 1.543956306682899360e+01 1.980633182973683049e+01 4.474777756028353792e+01 4.447125027302448075e+01 3.721918915164651054e+01 5.696729735679299012e+01 6.182946126214200433e+01
0.000000000000000000e+00 5.773502692392662894e+00 1.180372960117790981e+01 1.887479821323508844e+01 3.042204076145082325e+01 5.043432776945203244e+01 4.402626262704711735e+01 4.204292072208745878e+01 1.986751027646945644e+01 1.362729687249918697e+01 2.351599169425763947e+01 4.951542752080663412e+00 2.263369804819305031e+01 2.749549941004198317e+01 6.622594103807108112e+00 6.495250077759036067e+00 2.335474389563615105e+01 2.857354691435504179e+01 3.457496815181531957e+01 2.118040223329684579e+01 2.584207959642682084e+01 3.106664532010507074e+01 3.704355946145247458e+01 4.895039163976463215e+01 7.030946846234706982e+01 6.377324343849236499e+01 4.052668269853101179e+01 2.824718218364952449e+01 2.954716980854686170e+01 3.245122809258312913e+01 1.567877095274194410e+01 1.560732559946579201e+01 3.692399517195524083e+01 2.482730551381540351e+01 4.447749706366924727e+01 5.337911537843832832e+01 4.200145061527102541e+01
0.000000000000000000e+00 1.999999999999964473e+01 3.180605184112257433e+01 3.888022847283777139e+01 4.716520045714000986e+01 4.559343824708864190e+01 2.354956786695100845e+01 2.928929447995538737e+01 4.158387201019764667e+00 4.407525723778653592e+00 4.654412422240628899e+00 4.899236201791921985e+00 6.240212873692597917e+00 3.100253112259187915e+01 2.697271426103743153e+01 6.256538307122692544e+00 1.066833690779268551e+01 2.643126011968032429e+01 1.507051051418240561e+01 3.458185782202229319e+01 4.603856306884758709e+01 5.152070492240834199e+01 5.780286427482556633e+01 6.630923043107250692e+01 7.848687569825327159e+01 7.287973465203806711e+01 6.144956423475714757e+01 4.134740978367954511e+01 1.681456380935151529e+01 1.601140498149471014e+01 3.101089766369916845e+01 3.057461230300483734e+01 2.003024417994900830e+01 3.991690136161433600e+01 3.005888646459327518e+01 3.381313835262255196e+01 5.337911537843832832e+01
0.000000000000000000e+00 1.000000000000008704e+01 2.154700538379280772e+01 4.154700538435400858e+01 4.777502458825838971e+01 3.246753438589105656e+01 2.769237050962355440e+01 3.803418295510085478e+00 9.468711521284905785e+00 2.002737062014384861e+01 2.297978882407483425e+01 2.392139974664567603e+01 5.241926948966540323e+00 2.372083646288221814e+01 5.918847973078664282e+00 6.557290058999017290e+00 8.456134023408779399e+00 1.021577927065257541e+01 2.843770141370796978e+01 3.304136321062124892e+01 5.335101235758003924e+01 6.286954541367320815e+01 6.005881985203625106e+01 6.782093990569299535e+01 7.721774587535611545e+01 6.733868523878562939e+01 5.499417800869685635e+01 3.705883214749071186e+01 1.634221251394496477e+01 3.103262654779444318e+01 3.342101111062133612e+01 4.063601826849772891e+01 2.681852326323501856e+01 4.624513304348285914e+01 4.961322510232869831e+01 5.337904116758917894e+01 4.165140982806290992e+01
0.000000000000000000e+00 1.414213562373107536e+01 3.414213562373178235e+01 4.983127691094837530e+01 5.305014440532112019e+01 3.273335923209344855e+01 1.515369532355135362e+01 3.551141300799823597e+00 4.814677412356061836e+00 1.840704133778600848e+01 2.674897023503530491e+01 2.453455747096180772e+01 5.689464533792747858e+00 5.580452864555300430e+00 1.153365144507409035e+01 2.404207808776835975e+01 2.635976329433005816e+01 2.850075096203277880e+01 1.364142159965688350e+01 3.313293051878324036e+01 4.243398722844757032e+01 4.239572827837159963e+01 3.954233026335625567e+01 5.146249700179258468e+01 7.107176376146763630e+01 5.827034740791682310e+01 3.683306848892915042e+01 2.787334148683967427e+01 1.657719256660746154e+01 3.650182967888146379e+01 4.302495637143736218e+01 5.020872196815691524e+01 4.621630321360341043e+01 3.802004463780556165e+01 4.912026734043879372e+01 6.891441698200641497e+01 5.286237115101497608e+01
