MOVIE_S1_data/elevation_000558.asc
nrows	100
cellsize	150.0
xllcorner	0
ncols	100
yllcorner	0
NODATA_value	-9999
[rows 34 to 50 of 100, columns 37 to 73 of 100]
1.017312615257062873e+02 8.789892188843262488e+01 9.003681090202620396e+01 1.095688985078372895e+02 1.088084886041141033e+02 9.899745928022679209e+01 8.308339235808604428e+01 6.298340970202445277e+01 6.829287974180337528e+01 8.490198835819076351e+01 8.874114625285642433e+01 7.550677066240547219e+01 6.727407037177285076e+01 4.756844091051002721e+01 6.806579093087496801e+01 8.348938496432936063e+01 7.531147652681544002e+01 5.803913219822647562e+01 7.803383801015934296e+01 8.977024453309550722e+01 1.019255832879275232e+02 1.098828665601759695e+02 9.355192625674435192e+01 1.098828665610654269e+02 1.016041427286441063e+02 1.179497379718148693e+02 1.221152071952907647e+02 1.302949357568932953e+02 1.344701171565644415e+02 1.318851090303626279e+02 1.402054021198757709e+02 1.315089360678482535e+02 1.148291647223895637e+02 1.208854816830854020e+02 1.011551813371324187e+02 1.004748258968508168e+02 1.011551813371324187e+02
8.662927175252470136e+01 7.384537736123375851e+01 9.362101575931166053e+01 9.952060613465377514e+01 9.620617612184798872e+01 8.804954326280881105e+01 9.123571975390656519e+01 7.672721974578254844e+01 5.642361601348697775e+01 7.109574934897150911e+01 7.473380878756991308e+01 6.059154630645313944e+01 4.678982166902309103e+01 4.943846216954428030e+01 6.188209990431445817e+01 8.242300028217071883e+01 8.619677992619895690e+01 7.803383801015934296e+01 6.244721258718948320e+01 7.402691335512052717e+01 9.380120837630022379e+01 1.067660536146098167e+02 1.130111464380389492e+02 1.211495487750173794e+02 1.210499826795042821e+02 1.292265305980154437e+02 1.313279346373674912e+02 1.230529582765215366e+02 1.146950178982438899e+02 1.121430230450349512e+02 1.287489838362228909e+02 1.232098750483885539e+02 1.034511652454892783e+02 1.118021786248449416e+02 1.103391925355562933e+02 9.049156073058122729e+01 1.103391925355562933e+02
7.494176603578489448e+01 6.665567262210562660e+01 7.977838377038369799e+01 7.977838377038369799e+01 8.804954326280881105e+01 6.804179480895936649e+01 7.390192865481721185e+01 8.212332314315555948e+01 7.109577741630809555e+01 5.065374124287663449e+01 6.572724611231605252e+01 4.601430891169719928e+01 6.650201485206135033e+01 7.449628454963954027e+01 8.195815060424071419e+01 9.065103225935861531e+01 9.634217963883425284e+01 7.660305934271610795e+01 8.238451382279211543e+01 6.739133195465112181e+01 7.895966873037521339e+01 9.864818635564756732e+01 1.099192381544896335e+02 1.172559196088615181e+02 1.254103703393245866e+02 1.367109741434707360e+02 1.230529582765215366e+02 1.033029954124136509e+02 1.007426967839456324e+02 1.007426967839456324e+02 1.204870103723689283e+02 1.257877655274091353e+02 1.060091588520553643e+02 9.196696047442617328e+01 1.033444131873667686e+02 8.608526277129993787e+01 1.060080841968937904e+02
9.124336006128068277e+01 7.138543861787447042e+01 5.957715563034549433e+01 7.406461360793670679e+01 8.227026368024186809e+01 7.387898935674458301e+01 5.364518795046762989e+01 6.390264882944735803e+01 6.443557966019635330e+01 6.496907124948825185e+01 4.524249840180959126e+01 4.839122328085993274e+01 6.862694730671273646e+01 8.145029090596574406e+01 8.331327892477455066e+01 1.030831043773374347e+02 1.044689386485996749e+02 9.634217963883425284e+01 9.096449561843877518e+01 7.112834760391592681e+01 9.096449561843877518e+01 8.448858973088296409e+01 9.045187295420770113e+01 9.784488503209384191e+01 1.090302610379576862e+02 1.284923781795733646e+02 1.230529582765215508e+02 1.033029954124136651e+02 8.918144187011641577e+01 1.090876256071283734e+02 1.059048021048540420e+02 1.141440979398100666e+02 1.200543990953934070e+02 1.033444131873667686e+02 8.338643327868751953e+01 8.187654834203698329e+01 9.347296858275825571e+01
9.936694134614087659e+01 8.794354069271615515e+01 7.406461360793670679e+01 5.354409173169114666e+01 6.876623764245771042e+01 6.520027465909853959e+01 5.612775123093559415e+01 4.346033937644053680e+01 4.397504186055410713e+01 4.449551257638160706e+01 6.496924581011025168e+01 6.862694730671273646e+01 5.297515395509579861e+01 6.310475060022144334e+01 8.331327892477455066e+01 9.081509417452917887e+01 9.827796882651162491e+01 1.063637778262315550e+02 9.908503777552547831e+01 8.267273273084930452e+01 7.719809739265561177e+01 9.690693320397046762e+01 1.004764741087481781e+02 1.099192381544896477e+02 1.254103703393245866e+02 1.303836033571594442e+02 1.189515068779401759e+02 1.042596668923840042e+02 8.427202802866014508e+01 9.777482052934057322e+01 8.595088102927965679e+01 1.025904043936747456e+02 1.145289733637755631e+02 9.799172446650798918e+01 7.799846053950960822e+01 7.799846053532962742e+01 8.960749516918447455e+01
1.050180610163390611e+02 9.689924738050912367e+01 8.227026368024186809e+01 6.876623764245771042e+01 4.799897893655158754e+01 4.511083877899569927e+01 4.274158889653896409e+01 6.315194447989602367e+01 6.443538870696870902e+01 5.130838804362866057e+01 6.366487494482610288e+01 8.145021869122567182e+01 7.320901476250158169e+01 5.807335856992929024e+01 6.421061032485390285e+01 7.075414978191187743e+01 7.853305843171779088e+01 9.258183453355134418e+01 1.104078533360653438e+02 1.022912543650331116e+02 8.714165107626794793e+01 1.050157897114946337e+02 1.199482235011166154e+02 1.281216425649603252e+02 1.376561259548183784e+02 1.221138934995364735e+02 1.023808002928050342e+02 9.084715150932778727e+01 8.410586440551168153e+01 7.771682454879004354e+01 7.430987396774354181e+01 8.981307991554453451e+01 9.735051162067081520e+01 8.715230860682126490e+01 7.296214787436775850e+01 9.300655098742041105e+01 1.062537020184910119e+02
8.713006464256909567e+01 7.720642949760835450e+01 8.705283843905142760e+01 7.702560622457721706e+01 6.876623534676656391e+01 6.262776547042871300e+01 4.224504094594126968e+01 6.262506716112350347e+01 7.928362182666114677e+01 7.093161034150179489e+01 7.931734148752646263e+01 9.207200258985110963e+01 8.301947041532876881e+01 6.271998401708817283e+01 8.301947041532876881e+01 9.081509417452917887e+01 9.827796882651162491e+01 1.063637778262315550e+02 1.201457211069102300e+02 1.147914807374449850e+02 1.066722153316729020e+02 1.147914807374449850e+02 1.226155931043414427e+02 1.308937242126477543e+02 1.275965750668224388e+02 1.268542911891761378e+02 1.070951094101674670e+02 1.107209868246861362e+02 9.412723978378855350e+01 9.777482052934057322e+01 8.989497671162277470e+01 6.979385460354905035e+01 8.778687816043338898e+01 8.643341053839323251e+01 7.015927431648202628e+01 8.178989299662647738e+01 1.017494345106120619e+02
1.050180610163390611e+02 8.705283843905888830e+01 6.711401767995459977e+01 7.855089670080461417e+01 7.333018273047002822e+01 6.210615812828302040e+01 4.175047595061118955e+01 6.137182131368785321e+01 6.522779818059508727e+01 7.118484582970455676e+01 7.844734844995352319e+01 8.663970283215373058e+01 9.118586387834051266e+01 7.720284613508904670e+01 7.082792033101199536e+01 7.921306307641566491e+01 8.921025709054030983e+01 1.029881053052360471e+02 1.223975467875973351e+02 1.210234879990492232e+02 1.127498317684154188e+02 1.125838818690958902e+02 1.026599575461443123e+02 1.193673372330538029e+02 1.076412553385547000e+02 1.217600767887655735e+02 1.268542911891761378e+02 1.222581320969319449e+02 1.140046936426479363e+02 1.010272740760833443e+02 8.103635066676778820e+01 6.676530164296886483e+01 8.285621940615828862e+01 6.632226647747874893e+01 7.642866530607177822e+01 9.643815576813169343e+01 1.099959437259032313e+02
9.378470731411346151e+01 9.256704238283846564e+01 7.274521906710913299e+01 5.833115845338782179e+01 5.286508590151383657e+01 4.770998555117957096e+01 4.330126220781046698e+01 4.105151943733329745e+01 4.613933342266602722e+01 5.149033065139145293e+01 5.825846757972341550e+01 7.001025849020003022e+01 8.997262766899135045e+01 9.706204285638190754e+01 8.104758235913641329e+01 9.088747515194538096e+01 1.070289225802859647e+02 1.167742743356747468e+02 1.194792033789876200e+02 1.095162557174356834e+02 9.283663596601093104e+01 9.267727943769124010e+01 9.119333483218046865e+01 1.008897871050187405e+02 9.356961940556109880e+01 1.134860331662182347e+02 1.217562285239166755e+02 1.118236009916034703e+02 1.035822440236049289e+02 1.064012341485447877e+02 8.678330505819181440e+01 8.254972091847703553e+01 6.268080754799335352e+01 8.285621940615828862e+01 9.469550055754551465e+01 9.643815576876396278e+01 1.163186927774327444e+02
7.392069140227749813e+01 8.122160056226783809e+01 7.582385138540045944e+01 7.073097515030276838e+01 7.333018273434335299e+01 6.850645759934729995e+01 6.085925359743230700e+01 4.056089481649402728e+01 6.066542600295899490e+01 7.113707743045263499e+01 7.844734844995352319e+01 8.663970283215373058e+01 9.811232236930443662e+01 1.088172263081792295e+02 1.007273679277870997e+02 1.088172263081792295e+02 1.185825528155796036e+02 1.253170978137020910e+02 1.053612173522262481e+02 9.129972620691719953e+01 8.148338250229978996e+01 7.878487151471593108e+01 9.850778829946503379e+01 8.112369640745519916e+01 1.008897871050187689e+02 1.136133293108078703e+02 1.135019726556885757e+02 9.366251539152129624e+01 8.363133726499737008e+01 9.291803578843601485e+01 8.801676594897237749e+01 8.044174573438017717e+01 6.078231372532184906e+01 7.512207251511027550e+01 9.515344781498896509e+01 1.046305844184468015e+02 1.128786314092021570e+02
6.880364714871339515e+01 6.102507248268944551e+01 5.545234644500933996e+01 5.033899334068942011e+01 6.527978447748806445e+01 6.184411671043196890e+01 5.963029330272298267e+01 4.006740039880764925e+01 6.034724989526145578e+01 6.909759224420743351e+01 6.909759224420743351e+01 8.906917863214559361e+01 9.537368345834418903e+01 1.034783779297754052e+02 1.040304191658913879e+02 1.121284583691156911e+02 1.242515970488965849e+02 1.127444380936632768e+02 1.044834154382101588e+02 1.059483476465312464e+02 8.612833553811992715e+01 7.239170377679992896e+01 8.590275880226684535e+01 7.430878329532626481e+01 8.552328033758803372e+01 1.053461685870824880e+02 1.217562285239166755e+02 1.070042052793849905e+02 8.708335334339889755e+01 7.285741851461446572e+01 6.794501364016061018e+01 6.338746724398598076e+01 5.891396455569603319e+01 7.915207511314666533e+01 9.053614083908185250e+01 8.469803543220602648e+01 1.046305844201532409e+02
8.876706221863543078e+01 7.979665636941844298e+01 5.953855895495436812e+01 6.527978447748806445e+01 4.530384530068063498e+01 4.238771744717026735e+01 3.937128474167759862e+01 5.219584024473503803e+01 4.503214584146266475e+01 4.872585366434122989e+01 6.909759224420743351e+01 7.925063760234817778e+01 7.562706572415902428e+01 9.023812340650772512e+01 8.452516744670994342e+01 1.040304191658913879e+02 1.159832814744087557e+02 9.606492921947710784e+01 8.468087515492020145e+01 9.305041347501429527e+01 8.762306470423204985e+01 8.590275879261639602e+01 6.654080034538093003e+01 7.430878329532626481e+01 8.399793248699822357e+01 9.796724356364504160e+01 1.178982662377618595e+02 1.070042052793849905e+02 8.708335334339889755e+01 8.708335334339889755e+01 8.805262143931513208e+01 7.746556669276290563e+01 5.720164482413192530e+01 6.367675496358085496e+01 7.045536246578821249e+01 8.469803543220537279e+01 1.046305844093114104e+02
8.211701534818030268e+01 7.050110726898424218e+01 7.979665636941844298e+01 7.343955633253311532e+01 5.927078942625728786e+01 5.900736363028718046e+01 3.887922688905778301e+01 5.894974269392657362e+01 6.538299500869682390e+01 6.909759219899908089e+01 5.465553717472726447e+01 5.905739140134734555e+01 6.422216005843098685e+01 7.041136259252111529e+01 8.046419907162871255e+01 9.432921237419944305e+01 1.137316259575834323e+02 1.044834154382101588e+02 8.468087515492020145e+01 7.348182919213263631e+01 6.819818600268813213e+01 8.053010184249394854e+01 6.360634242960116325e+01 8.291514377111981560e+01 1.021456142030109788e+02 1.120709109077030377e+02 1.146794110557457884e+02 1.152525004350803215e+02 1.070042052793849905e+02 1.070042052793849905e+02 9.234347087238319318e+01 7.584315443233521137e+01 5.555807050194648866e+01 7.364292013764975309e+01 8.194401775636008267e+01 9.878833216767669967e+01 9.307213560533551799e+01
9.873032988615784689e+01 9.049423235625359041e+01 9.863825581135509424e+01 8.677193294282469083e+01 7.440530685528320021e+01 5.982917820897277750e+01 3.838403302622732838e+01 5.236085006323163782e+01 5.672858465110522275e+01 7.673009610976416184e+01 7.494542304674952504e+01 7.925063760234817778e+01 8.426013009486082694e+01 8.066015244045242127e+01 9.832681290791276751e+01 1.080962008121552884e+02 1.075125469629273312e+02 1.127444380936632768e+02 1.012875364995963139e+02 9.305041347501429527e+01 8.053010187647392115e+01 6.122349076728213646e+01 6.070253987013381902e+01 8.000469591202164565e+01 9.288670948565552976e+01 1.011013594777083853e+02 9.480826103616502110e+01 1.088737022747800722e+02 1.123073507217759328e+02 1.023457751944881835e+02 8.407601036840540587e+01 6.390950689608850865e+01 7.363890377588913339e+01 5.333436303811610912e+01 7.147184578800647614e+01 7.978141152924929713e+01 8.460285859398454988e+01
1.009634086562665232e+02 1.027770520481191596e+02 8.340829678606030484e+01 8.207288955075873105e+01 6.744448973462959884e+01 5.069769765271040285e+01 5.638930699073891617e+01 3.768064049547391647e+01 5.859049708372436527e+01 7.037859513321703275e+01 7.633415762461066834e+01 8.421477774830739804e+01 9.264818997430535319e+01 1.002781937423993526e+02 1.083782972985314643e+02 1.017606329940453094e+02 8.777565559340412449e+01 1.017606329940453094e+02 1.093062353549524346e+02 8.975564300367706494e+01 7.027334866699936811e+01 5.661808885882418707e+01 7.272969640266960312e+01 7.692950218446654276e+01 7.334315409530950092e+01 8.816366913909155301e+01 8.091993809145151317e+01 1.006283861269250366e+02 1.040623084984088109e+02 8.413176029518764665e+01 7.405498634001267533e+01 8.407601035000418221e+01 8.193903823932573971e+01 7.147184549529701769e+01 5.114607461229038421e+01 6.939193194073756388e+01 7.748207697792798854e+01
8.122849273157440564e+01 9.515889062349708638e+01 8.340174859409412988e+01 6.325370056361814619e+01 5.341652578226408821e+01 4.590017151570589959e+01 4.712136061580343949e+01 3.718094937284150348e+01 5.923723717761608754e+01 5.154327398509868630e+01 5.750108038587647741e+01 6.597888803417390591e+01 7.917953829417506029e+01 9.806762976717261893e+01 1.075021843341991712e+02 9.355645723599529617e+01 7.401173849952354544e+01 9.355645723599529617e+01 1.010834213539252033e+02 8.142667341554363247e+01 7.027223922145262236e+01 7.263075815487253806e+01 5.324239739412088568e+01 5.753301175620956087e+01 6.293751615706832325e+01 6.871438817276460043e+01 8.238616735702525773e+01 1.021117922979909025e+02 1.123073507217759328e+02 1.023457751944881835e+02 9.409703439679822168e+01 9.746532639965380440e+01 7.972949510482972357e+01 5.950246779391950724e+01 6.939193167370082449e+01 4.905215105619809890e+01 6.733717065663735468e+01
6.700151210410555791e+01 8.700871577977032700e+01 9.143587418113904164e+01 8.246318966124340477e+01 6.616213014991515706e+01 4.551635747134114496e+01 3.647545408122308430e+01 5.300055888793551873e+01 4.408437407411532405e+01 6.271480897724033099e+01 7.633415762461066834e+01 8.421477774830739804e+01 9.264818997457039984e+01 1.030068313881194513e+02 9.480525035198888872e+01 7.969913160553862497e+01 6.675889897931349992e+01 8.616924791865115196e+01 8.690337204354953826e+01 7.874161462020046542e+01 7.579799641911034769e+01 6.767575076484543217e+01 5.084549723704638069e+01 7.046423889035908417e+01 8.229947849940111837e+01 8.816366913909155301e+01 9.637239888659570397e+01 1.080747101178302501e+02 1.163985967040334089e+02 1.132473943971931334e+02 9.338015820054435778e+01 7.921369027435537191e+01 6.910283358317724378e+01 7.972949510482972357e+01 7.770942742800474434e+01 6.142042084801987301e+01 4.698312814986859820e+01
