MOVIE_S1_data/elevation_000250.asc
nrows	100
cellsize	150.0
xllcorner	0
ncols	100
yllcorner	0
NODATA_value	-9999
[rows 68 to 84 of 100, columns 37 to 73 of 100]
6.782320025567852895e+01 7.608875844716246206e+01 5.579536448262539494e+01 4.104109145180835583e+01 4.185915029619858529e+01 6.175623810373508604e+01 6.105799553588296646e+01 6.105799553531862500e+01 5.670416134770362504e+01 4.478474605241434148e+01 2.692700789081206381e+01 4.626891950151112098e+01 3.586790820333306584e+01 3.995949356915775041e+01 4.549763571249049221e+01 5.483880678402231723e+01 7.480449212727725694e+01 8.096539015226993286e+01 6.057634629911136415e+01 6.821277525845117395e+01 8.390002312676919871e+01 9.239376625516830188e+01 7.354401224924581015e+01 7.243670926312520919e+01 7.088023437505103175e+01 9.095609914692741427e+01 1.086335215664335720e+02 1.130457402696829377e+02 1.135067091938551442e+02 1.052408846093101431e+02 1.135067091938551442e+02 1.142233310025408031e+02 1.147647384645008657e+02 1.230379901920200894e+02 1.268666914592175914e+02 1.351409469552089035e+02 1.227796876613165580e+02
6.201275714066496647e+01 6.811113755743456011e+01 6.789396303548831213e+01 4.728094927878348130e+01 3.254199055841056776e+01 4.690886055468148186e+01 5.538746971927164253e+01 4.134005269406753769e+01 4.712291246566532976e+01 4.917016542406717150e+01 2.615219963152030758e+01 3.008579351373472832e+01 4.753429427335643709e+01 5.838031154126333178e+01 5.476070648557785603e+01 6.482164945564983327e+01 8.309187531346741196e+01 8.865915885947603670e+01 6.830336021535782720e+01 8.854874263555709035e+01 8.854874263555709035e+01 1.019038619611112324e+02 8.514549344601061875e+01 8.663874509661961554e+01 8.509222957989250347e+01 8.509222957989250347e+01 1.051127325836495174e+02 1.150385420453713152e+02 1.067552785942917382e+02 1.041587309561045913e+02 1.124428522210853885e+02 1.114777985155703846e+02 9.472141925594898737e+01 1.114777985155703846e+02 1.230379901920200894e+02 1.317217996747179143e+02 1.310574652638741213e+02
5.718358912511643410e+01 4.898348151679095963e+01 5.280635118599393252e+01 5.261612862007532954e+01 4.690842845263119898e+01 2.626935782875321834e+01 4.238289506818505004e+01 4.268211404055910663e+01 2.898413375370784451e+01 4.384568899893158545e+01 2.537448084677146198e+01 4.183810484268142460e+01 4.224626375148732649e+01 6.091663250067979618e+01 7.448570710946235351e+01 8.276397945015582991e+01 9.309563175580879602e+01 9.699730924250496855e+01 8.010649519288057263e+01 9.699730924250488329e+01 1.087259937122639570e+02 1.134654260196355438e+02 1.051634515002299253e+02 1.066641594484100466e+02 1.051127325836483664e+02 1.051127325836494180e+02 1.134231633840699658e+02 1.067552785942917382e+02 8.647423307711559914e+01 8.381697690609648532e+01 1.007563693195973684e+02 9.359222387570677881e+01 8.282698920880601179e+01 9.472141925594898737e+01 1.147647384645008657e+02 1.118657579158453075e+02 1.259484565212746503e+02
4.451043168998308630e+01 3.610392209616846060e+01 3.452047174801555229e+01 3.489893584911663282e+01 4.141479284658645099e+01 2.217351771929804016e+01 2.258988009672054886e+01 2.300695171923605997e+01 2.342332500914972826e+01 2.424708676396242524e+01 4.389195782919298239e+01 5.262103742699483178e+01 6.069759531658318963e+01 6.910195394189553042e+01 6.608562525422546230e+01 7.329044219452642039e+01 8.205229909438556035e+01 9.167848784122307393e+01 1.003423146980696004e+02 1.086502472047925352e+02 1.064183628019655430e+02 1.146518763168140822e+02 1.110211583437177438e+02 1.027142264977781565e+02 1.001012182137164501e+02 1.084134854210737160e+02 1.164120632046010400e+02 9.630526342496986558e+01 8.180021118222586551e+01 7.179902106516377103e+01 8.518646861771004808e+01 7.300241226489730195e+01 9.359222387570677881e+01 1.003460009110625180e+02 1.061873603098178052e+02 9.777309688701859614e+01 1.118657579158453075e+02
2.485373218494925851e+01 3.167172903372986781e+01 2.078526106273154284e+01 2.118576850885790819e+01 2.159005044470072221e+01 3.336513696505831206e+01 4.214224690522173944e+01 3.259135819140038848e+01 4.314041429474502820e+01 2.409493386042016994e+01 4.379351205630035082e+01 5.260491893787015272e+01 6.513787670903276705e+01 5.714261174678531319e+01 4.615849231330388847e+01 5.303479157869053040e+01 6.190278535018503447e+01 7.646924846155143030e+01 9.843468644102389931e+01 1.030536527592148133e+02 8.646548569081434721e+01 1.031448305294029808e+02 1.027142264977781565e+02 8.229339977749479829e+01 7.961677852706630176e+01 9.665727906060631369e+01 9.899250178410967749e+01 9.063477439938820623e+01 8.554261616192992790e+01 6.510070393805686706e+01 6.475778921750644201e+01 6.941526277265251110e+01 7.441530237114081103e+01 7.985927198457730469e+01 8.595229778198951465e+01 1.003591483696348803e+02 1.202579086201923388e+02
3.183837856239182784e+01 2.022454457479054923e+01 2.562631173246387206e+01 4.110933562556255083e+01 2.359195669695121467e+01 3.007806906692690063e+01 4.456428491268020053e+01 5.203043905446430983e+01 4.372147988882601055e+01 4.379464652965867089e+01 2.475611636341831812e+01 4.427584849080515994e+01 4.972678842303650981e+01 3.754658122821054889e+01 5.714261174678531319e+01 6.872144391937440844e+01 7.893683686804880040e+01 9.162324717671914698e+01 9.518355967111135385e+01 9.411376872993426446e+01 7.468273250008236630e+01 9.486394511229396187e+01 1.014576982843042856e+02 8.827452144643031318e+01 6.771635020502959890e+01 8.827452144643031318e+01 9.063477439938820623e+01 7.031126659307854254e+01 7.626388421204887891e+01 6.007109224987990359e+01 6.683848105163150422e+01 8.732094382055969106e+01 9.505635024769298980e+01 1.003460009110625180e+02 1.061873603098178052e+02 1.144459141173851719e+02 1.232788488652630008e+02
1.967485779131047607e+01 3.957381074364617746e+01 4.314358184778932070e+01 2.726861744011984356e+01 4.634976265558563568e+01 4.142475075147097385e+01 4.048053840877548737e+01 5.857712377764612199e+01 6.359923671655961641e+01 5.265264675314537612e+01 4.442453495673159125e+01 2.540685075961098960e+01 3.022971756091684270e+01 4.800159423437823847e+01 4.029225771237344134e+01 5.004334236207737518e+01 7.050429118294331943e+01 8.946369861547711366e+01 7.550513816703336545e+01 7.889989022889052706e+01 6.740749986592165044e+01 8.741984891745195796e+01 9.309787554961137346e+01 7.273139993781346391e+01 6.185865774095449865e+01 8.207599959337565565e+01 8.112303827201368733e+01 7.276786731789098894e+01 5.664253805758020377e+01 7.626388421204887891e+01 8.732094382055969106e+01 7.981161558501136710e+01 9.435196101549585990e+01 1.144641665034735638e+02 1.167423830298525758e+02 1.119070423266677494e+02 1.036971168877478391e+02
3.868604937396199261e+01 4.764702712219870051e+01 3.173976065014405634e+01 3.710439348803706849e+01 5.456355959262761246e+01 6.021819271238444315e+01 5.303348437270803828e+01 6.759381732197024917e+01 6.937336645033943228e+01 6.123291052065079043e+01 5.313931207707263127e+01 4.497468952746175574e+01 2.605151796466567404e+01 3.117353801112520983e+01 5.000290297687813990e+01 6.872144391937440844e+01 7.893683686804880040e+01 7.952867716142500853e+01 6.117982983939091213e+01 5.868749899479510646e+01 7.889989022889052706e+01 9.554543748930909430e+01 9.087715457797310137e+01 7.050054794047930784e+01 5.671556520934186096e+01 7.646871784703036212e+01 6.958703253567230718e+01 5.341963036180813873e+01 7.276786731789098894e+01 8.465188418859416686e+01 1.020425418976210210e+02 1.002426896183072103e+02 1.085499116908500241e+02 1.109785316193240448e+02 9.700667400313932376e+01 1.004652259897405173e+02 8.388043057055537588e+01
4.711531657997480949e+01 5.464588616594289050e+01 3.494504757861916033e+01 5.467296448156169930e+01 5.326217697170078225e+01 7.317310439119084720e+01 7.410006659883907787e+01 7.782370517311071012e+01 6.123368046825869726e+01 4.132143046857375879e+01 3.650236544429192520e+01 3.194381226996999601e+01 4.527053021869223670e+01 2.669509127036241125e+01 4.150021352744734315e+01 6.434065146618500819e+01 7.266544965260480637e+01 7.126968521245841259e+01 5.098514012728026046e+01 6.275399512148642600e+01 7.707753585266894447e+01 9.696464139375888180e+01 8.632080681875217465e+01 6.614135364683096441e+01 5.259707036043184303e+01 6.649491156643601641e+01 5.034892473369664856e+01 6.958703253567230718e+01 6.342001509001357107e+01 7.330729232833259346e+01 8.776957974684319197e+01 1.080104953552521039e+02 1.127826458248435415e+02 1.010652852448945254e+02 8.293963667960611019e+01 9.225593674305949321e+01 7.196995288560600557e+01
5.259041702507654037e+01 5.801455405197646797e+01 3.822455681933342220e+01 5.801455405197646797e+01 7.138578354048743790e+01 8.130229727473499679e+01 8.358286373392076030e+01 6.394429645557938358e+01 4.971909154931819330e+01 6.123363772055116527e+01 5.619755318195050364e+01 4.322508935322306911e+01 4.667594647604929747e+01 2.714827674406348734e+01 4.058885449642169618e+01 5.976181580828160378e+01 5.257894051993068274e+01 6.182822262183545803e+01 4.691300997269331674e+01 5.701822908619423202e+01 7.138897220344684058e+01 9.139630094004108685e+01 9.203369058645985490e+01 7.199672778221187741e+01 6.460591851081990455e+01 4.725446232759516363e+01 6.495475274734509696e+01 7.524666188072211526e+01 8.350264949972709871e+01 9.188028013072619160e+01 9.031621833813548506e+01 9.823252860246360285e+01 1.044163661306371438e+02 8.468709968080503359e+01 7.283566085731891349e+01 8.508372081914595242e+01 6.442925991405431319e+01
6.088278290191150433e+01 6.619141119382419447e+01 5.217343744422753815e+01 4.331420271927866850e+01 5.740519910210304744e+01 7.733033727591242723e+01 8.380165281745520645e+01 6.396324492370703041e+01 6.396324492370704462e+01 7.782370466713332746e+01 7.093824601508619310e+01 6.289565184759277372e+01 4.723244271410126771e+01 2.760081197720447932e+01 4.723338851079477507e+01 5.398748225907304032e+01 3.858683285217540515e+01 4.178610505368292394e+01 5.328084928775527374e+01 7.350415173181866635e+01 8.548649337981584040e+01 9.120446023103848177e+01 7.943257479423407119e+01 7.100743469986765888e+01 6.660217999636275010e+01 5.433286424144648663e+01 4.459339599478082761e+01 6.251498596114181794e+01 9.046185144541937007e+01 8.726678620143219689e+01 7.136347530537740624e+01 8.726678620143219689e+01 9.621707895897833396e+01 7.624656903896578797e+01 6.452419200513355690e+01 7.645561208444189560e+01 5.835277496716715717e+01
6.448722748711763586e+01 8.020938492596721403e+01 6.723648214160155590e+01 4.723161068027304310e+01 6.141578667990469143e+01 8.128888406767153185e+01 9.168416542869164232e+01 8.380165281745520645e+01 8.380165281865366467e+01 7.295761678584047161e+01 5.286712936284264686e+01 5.281763263763170357e+01 4.671545505912224883e+01 2.805365542650594080e+01 3.109576707186988642e+01 3.417963786103879187e+01 5.398753973384903304e+01 6.182822262183545803e+01 7.014114576715910232e+01 8.177302972035673179e+01 9.680657657901768687e+01 8.280728111788734225e+01 6.236934760036756131e+01 5.079537925260369491e+01 5.933799904651415602e+01 4.204666650471137501e+01 5.962515245631714578e+01 7.467480217594926728e+01 8.589382737571224880e+01 7.934057728818386579e+01 5.994738938714581167e+01 7.934057741536119579e+01 9.077408793132222797e+01 9.064565371188011511e+01 7.057792561480631832e+01 5.622060112726114056e+01 6.924843153801218421e+01
6.448722748711763586e+01 7.536272385778246985e+01 5.540393310108996872e+01 6.723648214160361647e+01 5.725549401890934575e+01 7.145962164552089746e+01 9.111814648984049825e+01 8.774341598266710207e+01 6.755809795996096057e+01 6.581002872998280395e+01 5.286712956730699631e+01 3.363817046708813052e+01 3.116927755560428182e+01 2.851296942288100311e+01 4.814635315167664231e+01 3.730231721557228752e+01 5.213458908884771148e+01 6.622248952206864203e+01 7.454379329293739431e+01 8.323978040750809271e+01 7.591907068673593528e+01 7.459107468272482322e+01 6.649434027221427357e+01 5.932923150007866298e+01 3.959934746834315433e+01 5.910022307880633718e+01 6.929516589520851255e+01 7.637385663921318724e+01 6.639133347089610027e+01 6.708483865339391627e+01 5.137863023599860668e+01 6.517526917854316082e+01 8.028334026991180394e+01 8.931157359962000442e+01 8.471257384074569075e+01 6.951508301361974418e+01 4.925729653049143053e+01
7.278467823723362073e+01 8.161104798637389024e+01 6.179001252266944277e+01 8.161104798637389024e+01 7.145962164552089746e+01 7.361997779391823826e+01 9.322447611099164533e+01 8.317919476102039766e+01 6.755809795977354781e+01 4.737152924979439916e+01 3.768942682269334199e+01 5.286712956730699631e+01 4.990934048493480901e+01 3.984889427955803143e+01 2.917479281293296367e+01 2.964552177622401530e+01 4.926059019520224780e+01 4.625884643743462732e+01 6.317131242728121521e+01 6.317133920817289550e+01 7.591907068673555159e+01 5.307593356904391158e+01 4.766181207550214793e+01 5.531615273197616034e+01 3.794936929823222016e+01 5.555389245519570096e+01 6.235519928241996013e+01 5.312820052614940636e+01 5.845783519151622443e+01 4.195365202724838127e+01 4.878222620162960510e+01 6.639034837901741071e+01 5.896586906137937945e+01 7.585472111310595267e+01 7.212571350685419702e+01 6.380900292858236611e+01 4.478534820584544462e+01
7.323182726446137281e+01 8.896794378833612882e+01 6.942065954980166964e+01 8.896794378833612882e+01 9.111814648984049825e+01 9.322447611099164533e+01 8.632264990388695480e+01 7.491541662747516739e+01 5.468862742141061517e+01 4.316354638671218424e+01 4.492981904189471720e+01 6.505638975455393336e+01 6.258830410508255682e+01 4.328378648497432835e+01 4.879935330771467505e+01 4.925685510345353890e+01 3.031509602515265200e+01 4.992054041145996024e+01 4.325886301270628564e+01 6.311683999469444473e+01 7.586006413436592766e+01 6.229662312704121518e+01 3.644342360221341437e+01 3.563036722694120328e+01 4.888192551072242509e+01 5.594541529516023104e+01 5.700045186990103474e+01 3.808579462785328218e+01 3.860117505881169109e+01 3.911404879490063990e+01 5.556778892979242812e+01 6.015760669047246267e+01 4.239447758037737657e+01 6.436073556534083195e+01 6.266194923744068745e+01 4.369211404702628698e+01 6.380900292860372502e+01
8.152939035870635109e+01 9.668635977907551649e+01 8.876262849680125555e+01 8.885018398082242186e+01 1.071897333829121237e+02 8.966216194701289055e+01 6.959541651721490041e+01 5.781800178999777984e+01 4.956028963268317966e+01 6.323747443451200922e+01 5.492177977771391539e+01 7.355669988834142714e+01 7.141222340655593825e+01 6.311394592836693818e+01 5.573033397232917707e+01 3.601596540711042849e+01 4.905851290881957283e+01 3.099129172776333263e+01 5.058460579646201438e+01 4.755261550989463615e+01 6.746022187926803326e+01 5.508213176861602278e+01 3.493987659503925158e+01 5.293108423378212279e+01 3.634469019277560875e+01 3.684909284679146424e+01 3.735608695818491043e+01 5.482107410183367335e+01 5.452861110776526488e+01 5.525164225316758149e+01 3.983837897940014727e+01 4.034952166875383739e+01 4.086047489648071718e+01 5.294578242494080200e+01 4.262897559475364062e+01 6.248086464577609433e+01 5.526299659001995224e+01
7.603712896434099378e+01 8.452047319438497652e+01 9.113116781813508283e+01 8.248516089129908835e+01 9.176304995954916421e+01 9.786273390238000047e+01 8.632264990388695480e+01 6.980607438258523700e+01 5.593740749190491357e+01 7.621999020207360331e+01 6.925735768202733311e+01 8.346653279463754416e+01 7.630670541103027915e+01 5.613613673489567901e+01 4.207852249648048826e+01 5.573033397232917707e+01 5.702139314607729403e+01 3.582049316098591873e+01 3.166860284582662644e+01 5.123741389685670100e+01 6.019958313254527837e+01 5.321958932667151743e+01 3.444702654029653388e+01 5.402098998060079538e+01 5.348925838588288428e+01 5.655320350615085090e+01 4.002334089767681036e+01 4.783174238651533727e+01 6.280538775279369901e+01 6.564179398706318125e+01 4.806146211381231836e+01 5.436304977523743531e+01 6.085643741472338775e+01 4.158586206685291131e+01 6.175180308456556588e+01 7.085170710419082241e+01 7.547736545763906690e+01
