MOVIE_S1_data/elevation_000862.asc
nrows	100
cellsize	150.0
xllcorner	0
ncols	100
yllcorner	0
NODATA_value	-9999
[rows 68 to 84 of 100, columns 37 to 73 of 100]
4.802675284396202215e+01 4.521273888973712474e+01 6.662509403736851255e+01 5.490749470793240050e+01 3.537173969882316271e+01 3.309158209509010362e+01 3.403435900481865417e+01 3.587486514425627604e+01 5.578861018545840267e+01 6.648637521553798990e+01 5.946154191931055522e+01 4.163508558250999414e+01 6.136036081103756601e+01 6.429477052180499186e+01 4.649230127731348716e+01 6.607960051728690587e+01 5.876263746634813856e+01 7.837177122677407226e+01 8.282994332445680641e+01 7.468689338132304556e+01 5.723624397792490726e+01 5.877331764764119981e+01 6.111172933882274805e+01 6.483688235400980204e+01 6.864162440081182126e+01 7.259099805536384054e+01 8.645241013970827737e+01 1.039732800107911430e+02 1.096364458741325763e+02 1.161856389154014408e+02 1.243407141134677261e+02 1.341811095387627120e+02 1.356975324392826110e+02 1.263765221310407014e+02 1.079402510226607745e+02 1.263765221310407014e+02 1.382729162017606939e+02
6.076580650578888765e+01 6.708924759209477884e+01 5.997967411248441749e+01 4.056355113415563807e+01 5.490749470820851741e+01 4.734745962580217338e+01 3.329074477864934067e+01 5.576057985578110987e+01 3.857094473267913060e+01 5.840483543168367220e+01 6.910100468065473933e+01 6.136509726321384051e+01 6.134531296474650475e+01 7.413604413945154192e+01 5.779509040999427327e+01 4.832517026328302734e+01 6.788813409467084625e+01 7.107917046400919503e+01 7.257213955387487658e+01 5.509593530317123822e+01 7.470534153949026290e+01 7.267530312580639418e+01 8.078151113802971395e+01 6.552126074881950046e+01 8.517817102139353835e+01 9.219534777489326416e+01 7.932611889220441981e+01 8.437839295590779898e+01 9.001866386013827537e+01 9.653805979159521655e+01 1.063482681996300272e+02 1.260230096311726840e+02 1.273920392827960910e+02 1.071948397994725326e+02 9.783641429246772248e+01 1.180464060810696338e+02 1.194713975072561993e+02
6.745216300122335440e+01 7.758642687737628307e+01 5.797800774766947995e+01 4.427974206885479447e+01 5.797800774766947995e+01 6.715147423098208890e+01 6.755736537613131532e+01 5.473324777314257261e+01 5.840483550533445367e+01 4.134318750006377741e+01 5.534636437591763780e+01 7.500898111916440314e+01 8.083823141338241669e+01 7.731521767036028336e+01 7.550585211257157425e+01 6.560767499916798329e+01 5.018233858709199069e+01 5.151405941169353753e+01 5.299197366455256031e+01 7.255769259595670917e+01 8.281582067285155802e+01 9.222147469942458997e+01 9.328629228167588394e+01 7.943257702869564696e+01 7.024402550653007893e+01 8.986957240357483556e+01 9.891390192849918606e+01 1.039732800107911430e+02 1.096364458741325763e+02 1.161856389154014408e+02 1.243407141134677261e+02 1.341811095387627120e+02 1.251876997220973209e+02 1.049833895624345814e+02 9.069447000854452767e+01 1.109010949603465832e+02 9.926612617810046402e+01
7.613314726514852282e+01 8.177252201254090380e+01 6.213799541844427665e+01 4.834087718197990569e+01 6.788881511246756872e+01 8.572025123994369267e+01 8.255814136144000770e+01 7.443394542393714630e+01 6.302315209421141873e+01 4.333459983097092305e+01 5.473441029934931379e+01 6.860109879478984851e+01 8.821468076806135628e+01 9.663964221781807851e+01 8.011868420634405652e+01 6.059537081844931805e+01 6.974176980872266540e+01 7.107914664230472113e+01 5.590740762255921226e+01 7.536258834596252143e+01 8.647223232502047097e+01 9.459595778925842069e+01 1.071906079056780356e+02 9.328217959697093420e+01 7.367823650229723853e+01 9.328217959697093420e+01 1.058703221718419485e+02 1.124154197972835902e+02 1.205682360256605108e+02 1.304050716710777067e+02 1.365091312786243520e+02 1.281964058441607222e+02 1.199710285809700991e+02 9.976581394432172090e+01 8.548022309581381251e+01 9.894925166590928711e+01 8.498085289984594226e+01
8.663554866751718464e+01 8.391895739961033485e+01 6.428612284575483216e+01 5.331477052407228712e+01 6.721286025187730218e+01 8.684030696154994189e+01 8.943550601616718154e+01 6.988371538786917370e+01 6.495076243802490978e+01 4.536030585174991359e+01 6.499682781041154556e+01 7.661479651283144676e+01 9.048453787455599695e+01 9.904010221680309201e+01 8.825962097407914086e+01 7.186720893782978692e+01 8.825920161504322436e+01 8.345502484014394895e+01 7.536276232139398701e+01 6.056933840212323616e+01 6.708453665809764743e+01 8.076138880646658436e+01 1.002619661469443315e+02 9.851810314386473522e+01 7.892707112804578173e+01 8.061520934832600460e+01 8.626225980445347830e+01 9.278020225342800131e+01 1.025822989099096105e+02 1.222485406846575273e+02 1.281964058441607222e+02 1.078852620727017779e+02 1.138342408587140966e+02 1.132359153740191999e+02 9.303152178564830876e+01 7.875795824692843894e+01 9.894925166590938659e+01
1.054928643189506658e+02 9.205410748396380427e+01 7.296160629576289125e+01 6.074207456235215830e+01 6.936010225357429704e+01 8.898646159007319056e+01 8.376682728888241058e+01 6.415119550982556973e+01 5.029922185087599473e+01 6.499682781041154556e+01 4.889328061368564704e+01 6.274371239980504811e+01 7.128566841283652877e+01 8.247584490114692812e+01 9.060810212536337360e+01 9.142031050394837166e+01 9.956871240978283311e+01 9.765405547752015991e+01 7.818997570832635802e+01 6.448649827604555185e+01 8.389087268316734480e+01 8.076138880646658436e+01 1.002619661469443315e+02 1.041764337280734480e+02 8.457540161233255560e+01 9.191397970668255368e+01 1.058703221718419485e+02 1.124152311500156713e+02 1.205682360256605108e+02 1.304050716710777067e+02 1.281964249241822813e+02 1.078852620914575482e+02 9.347109567348533687e+01 1.036526781421955690e+02 9.590529954557355552e+01 7.573206559325697640e+01 9.590480955353882564e+01
9.715137881483678939e+01 1.007274365999675183e+02 8.851726035620214361e+01 7.058422619492637295e+01 8.851726035620214361e+01 9.712287269357193509e+01 8.785822075747925908e+01 7.366919236578044661e+01 5.406560927321728371e+01 7.366919236569904683e+01 6.848812566033976168e+01 5.253134999076858946e+01 5.741244298200701479e+01 6.284700003427702342e+01 8.247584490114692812e+01 1.004184392880637802e+02 1.102304366410394039e+02 9.938558787133366934e+01 7.989854869719492569e+01 6.875679724535109472e+01 8.814032537712412818e+01 1.002619661469443315e+02 1.084305267720501860e+02 1.103829967144790345e+02 9.075612123614089910e+01 1.103829967144790345e+02 1.115424979495949742e+02 1.229021770866531114e+02 1.145894195762710410e+02 1.229028388783457757e+02 1.179618261349429815e+02 1.096214869168060630e+02 1.036526695645128058e+02 8.341617128076255483e+01 9.296273332203297457e+01 7.281829229413857263e+01 8.704749082651510150e+01
1.054928643189506658e+02 1.104267780146510773e+02 9.832516241506328925e+01 9.018877767582512206e+01 9.832516241506328925e+01 9.359676902645234975e+01 7.397942252993912859e+01 6.010146937437645676e+01 7.366919236578044661e+01 7.366919236575087382e+01 7.518986186527716598e+01 5.557761553844427738e+01 7.518986186527716598e+01 8.247584490114692812e+01 7.267061555417609497e+01 8.247791717994553551e+01 1.020842313162901007e+02 1.075544416729387507e+02 9.427471270348915766e+01 7.487607670250508818e+01 7.990114342177362516e+01 9.107724795188066480e+01 1.107578692235563125e+02 1.178126212500887107e+02 9.815568239428155550e+01 1.178126212500887107e+02 1.312104658243023323e+02 1.128523120591496678e+02 9.447814654419968861e+01 1.128523120591496678e+02 1.063071882566137560e+02 8.941345348600178511e+01 1.063069893432976869e+02 9.502380450600770700e+01 7.500460472944965318e+01 7.003794019274896243e+01 8.973923989986879235e+01
1.008756592818954658e+02 9.020090269808869721e+01 9.020151763064764339e+01 9.853903285962670111e+01 1.012902076509954981e+02 8.167571081440868852e+01 6.780102979420475151e+01 7.143423316786839905e+01 8.785822075747925908e+01 9.329237650708013518e+01 7.837431291780126230e+01 5.874429321799173920e+01 7.262833333687102311e+01 9.224482341835404497e+01 9.228107424811776127e+01 1.004184392880637802e+02 1.102304366410394039e+02 1.139485917571161053e+02 9.427471270348915766e+01 8.270525200452546244e+01 9.939525723453530759e+01 1.075639786563910008e+02 1.189381403478384698e+02 1.259678672532306791e+02 1.120492282961120480e+02 1.259678672532306791e+02 1.203292275032955558e+02 1.045337438430210995e+02 8.438354062385803900e+01 1.045337438430210995e+02 9.795437560568106505e+01 7.780618170459632665e+01 9.509454680500331847e+01 9.198194130024779724e+01 7.641394134151971684e+01 6.730854446361267662e+01 6.964125456471066400e+01
8.061042566056859471e+01 8.061183858812985648e+01 6.986025599602159275e+01 8.425360112784574085e+01 1.045610583195747552e+02 9.362116013256307667e+01 7.401346950380903422e+01 9.105089566074741469e+01 9.918909610267134269e+01 9.379011765594641759e+01 7.418083797372331389e+01 6.283285854778658575e+01 6.711849526084354522e+01 7.333554180905339592e+01 7.987681774095477749e+01 8.727736303019923980e+01 9.858256079805053673e+01 1.182243757344073884e+02 1.104383165631267190e+02 9.390868361823062571e+01 1.104383165631267190e+02 1.128719814710260465e+02 1.113712474826536862e+02 1.196843239728903825e+02 1.317266826848638743e+02 1.176719604428260766e+02 1.076317301455540019e+02 9.190209137555598318e+01 7.761329033355312390e+01 9.781699892264377638e+01 9.033907194614890557e+01 7.031095235510285590e+01 7.501720879189275593e+01 8.254297800979514932e+01 6.496953915762088627e+01 8.490941004890368049e+01 8.382744258269769944e+01
7.322510619308457080e+01 6.038266669011027687e+01 8.061231939058984608e+01 9.020151763064765760e+01 1.104331060594449525e+02 1.017605178334008826e+02 8.787459424968561450e+01 8.641128009521374054e+01 1.060276276823305608e+02 1.019304475470237463e+02 8.867188807212856716e+01 6.905569441083022753e+01 7.210290861455393951e+01 9.171253147602473632e+01 9.947349266139065094e+01 1.068841685935289831e+02 1.068841685935289973e+02 1.263764226614720059e+02 1.218420764222049257e+02 1.136597343792814740e+02 1.070057551984313307e+02 9.282792747865792649e+01 9.133418262968761780e+01 1.054831369212149355e+02 1.255864038583201250e+02 1.093734393809099288e+02 8.927390187932306276e+01 7.904963375269402093e+01 7.133227888207385092e+01 8.587622272580806282e+01 8.178319498203025262e+01 7.885144002869456870e+01 6.121760108829936797e+01 6.273154654699200705e+01 8.254297800979514932e+01 9.325704382633418277e+01 1.040111735863464446e+02
5.310257396194193547e+01 7.322562665986453112e+01 8.897652090720676199e+01 9.743929060630344452e+01 1.057433842286044410e+02 1.142870013908615903e+02 1.074945974240763604e+02 1.002719907112467297e+02 1.141783120142955141e+02 9.998850158847595537e+01 8.038755200854154737e+01 8.292936700587929977e+01 8.596878712973527570e+01 8.450602825944402241e+01 9.836151134433336551e+01 1.180017802081833054e+02 1.265406595572385697e+02 1.229728633396271391e+02 1.146648704915109676e+02 1.115459078456943871e+02 9.869869497055520924e+01 7.866760596547418061e+01 9.869869497055054808e+01 1.093512361009056946e+02 1.235341398403334807e+02 1.176719583332439498e+02 1.076317296757691508e+02 9.932367062860734563e+01 7.988630687868102598e+01 6.422748819456978708e+01 6.078548128805407913e+01 5.936188165672758998e+01 7.885147989640412902e+01 6.627872505913641987e+01 8.619554124863428513e+01 1.001754494758980059e+02 1.059552879632189786e+02
5.040475094021503821e+01 7.049330928147875852e+01 8.083787743171629359e+01 7.710679496287514212e+01 9.407345583172705972e+01 9.407345583172705972e+01 1.140761523783660891e+02 1.199229645180172810e+02 1.160206418170574239e+02 9.638536029467152844e+01 9.998850158847595537e+01 1.025355602437659428e+02 1.055796584599700054e+02 1.041140098515627557e+02 1.122612246329845505e+02 1.097755843520582602e+02 1.179645096110865552e+02 1.113873851395813972e+02 9.459435332337670843e+01 1.032389086573507342e+02 8.315778399827594569e+01 7.251064839722903343e+01 8.096044720247134308e+01 9.516772302713104636e+01 1.095320929555339973e+02 1.013814502546684650e+02 1.095324717582997067e+02 1.086555856888020202e+02 9.427048437074985543e+01 8.587622272458847306e+01 7.751019840719133924e+01 5.808493071726650214e+01 7.751019840719202136e+01 8.619554124863428513e+01 7.182202459730565636e+01 9.186437360685938813e+01 8.584649131392328059e+01
7.049330928147875852e+01 5.603769393865281501e+01 6.059795551532185698e+01 6.692686394297560071e+01 7.366722085652372698e+01 8.547597706129943163e+01 1.058178302406285809e+02 1.071442028066124692e+02 1.151342064961891651e+02 1.160206418170574239e+02 1.086873710472114851e+02 1.007420091382191458e+02 1.086873710472114851e+02 1.188422046140470769e+02 1.065156321965691291e+02 8.991524644245880893e+01 1.065156321965691291e+02 1.030771520017137277e+02 8.299603618668089666e+01 9.148331438027648232e+01 8.684273903203308009e+01 6.652981189193248213e+01 8.096044722250834980e+01 1.010438476964239243e+02 9.967213702416982812e+01 8.164380399293976609e+01 9.967212311685459269e+01 1.048875760911840729e+02 9.518348385279800539e+01 9.312288895064298799e+01 7.620351169938962244e+01 5.691531500804470767e+01 7.036543625318581974e+01 9.029787261985354974e+01 9.186437360680577058e+01 7.796602242750671508e+01 8.801807624583582879e+01
8.456854842365405034e+01 6.604151750181742386e+01 8.083787743171629359e+01 7.710679496287514212e+01 9.407345583172705972e+01 1.024001796982068839e+02 1.039576667777415082e+02 8.775738709604283372e+01 1.039576667777415082e+02 1.039941310788689606e+02 9.601195287112341248e+01 8.117108465008342932e+01 9.601195287112341248e+01 1.039941310788689606e+02 9.074686284717846263e+01 7.830074718618807594e+01 9.830935832860598111e+01 1.056822211874324466e+02 8.560193460988070058e+01 7.128064828488352589e+01 8.260720117308585486e+01 6.225321533918999251e+01 8.260720117314102140e+01 9.861280261874719599e+01 9.151262140563109426e+01 7.155349499696404791e+01 9.151262140563109426e+01 9.155595826236664436e+01 7.442916315126834093e+01 8.138676652009081636e+01 6.727326238466312702e+01 5.575478768650221895e+01 6.909734658526851092e+01 8.896903773245264802e+01 1.063747398261088364e+02 9.806796900093991098e+01 1.063747398600533955e+02
9.470131809843738324e+01 8.634752428175022487e+01 9.470131809846718340e+01 9.743929060630344452e+01 1.057433842286044410e+02 1.067605921395300754e+02 9.595121953738539844e+01 7.626768849228693625e+01 9.595121953738539844e+01 9.601195287112341248e+01 7.614072175963327993e+01 7.084160320056570015e+01 7.614072175963327993e+01 9.601195287112341248e+01 9.074686025711898196e+01 7.044141001879829389e+01 9.074686025711898196e+01 1.047248072483244954e+02 9.979666546559676021e+01 8.286886861261450576e+01 6.260607078022016481e+01 5.838088117932592525e+01 7.006408972022957471e+01 9.029684037597473889e+01 8.485957746562223747e+01 6.498979630676464581e+01 8.485957746562223747e+01 8.302221486638218551e+01 6.316322941888805076e+01 7.143879883671263542e+01 5.410424749164658920e+01 5.928938034710845528e+01 7.702644708963303799e+01 8.836576206373197806e+01 9.417437147169012235e+01 1.009642793675376993e+02 1.093477443895560270e+02
9.365574521288002074e+01 8.547374775965300842e+01 8.547374775965197102e+01 8.547374775965255367e+01 9.365574521141709852e+01 9.874292480395119753e+01 7.911433206811602759e+01 6.914623580589370988e+01 8.899204039754290818e+01 9.703532009853282148e+01 8.196087060166367166e+01 6.120719156604303635e+01 8.196087060166367166e+01 8.592406107432223905e+01 7.758577927968572396e+01 6.423925817183663867e+01 7.637659102211891593e+01 9.650820269606107615e+01 1.008370021131954246e+02 8.070688922681837596e+01 6.636953478344419466e+01 5.492615894508332275e+01 7.492114541677908335e+01 9.204735419411086639e+01 7.893467007254102441e+01 5.956288046195977159e+01 7.906867680393385456e+01 7.762417739653075444e+01 6.978836853974412691e+01 5.247685716708492976e+01 7.143879883671223752e+01 5.846548053139910195e+01 6.326429975130989192e+01 6.846912643002583820e+01 7.405275823987776107e+01 8.059455567999516745e+01 9.075621880490334092e+01
