MOVIE_S1_data/elevation_000645.asc
nrows	100
cellsize	150.0
xllcorner	0
ncols	100
yllcorner	0
NODATA_value	-9999
[rows 0 to 16 of 100, columns 37 to 73 of 100]
9.568831254729906277e+01 9.568831254729906277e+01 1.015387672477524887e+02 9.798639566187659966e+01 9.798639566253626754e+01 1.062886109105267707e+02 1.173581327642850596e+02 1.115088826084485873e+02 1.096572027395357054e+02 1.014092160163567513e+02 9.883247959532226901e+01 1.070769880730492787e+02 1.041390306815973474e+02 9.829658926880284753e+01 9.829658926880284753e+01 1.065694780764756047e+02 1.120003843513671882e+02 1.134026113426118485e+02 1.144352214869280999e+02 1.085745954014472545e+02 1.086636076220738119e+02 1.169573188986668129e+02 1.196883843425309095e+02 1.138192349178827385e+02 1.182846351326990941e+02 1.254519573691285359e+02 1.171433451092168241e+02 1.254519573691285359e+02 1.344182682611256610e+02 1.460103027905516910e+02 1.478603081077064303e+02 1.393309575919598160e+02 1.425637090223995926e+02 1.340392137496236273e+02 1.425637090223995926e+02 1.438811166837105588e+02 1.498373277064472120e+02
7.593580066514599025e+01 7.593580066514599025e+01 8.172117744934179484e+01 7.799088281778189469e+01 7.799088281778190890e+01 9.798639566253626754e+01 9.745727055383591164e+01 9.163690226761002577e+01 1.014092160163567513e+02 8.159420906917968352e+01 7.902718985912332528e+01 9.562570590435780105e+01 8.426616953396310805e+01 7.845457939400537839e+01 7.845457939400537839e+01 9.829658926880284753e+01 9.209757813685713757e+01 9.349090870193911940e+01 9.451691299505968402e+01 8.869403028680025614e+01 8.878248547153539505e+01 1.054565753751896438e+02 9.972956138919111879e+01 9.389342752419784688e+01 9.831442154197911520e+01 1.089875161097081531e+02 9.716572563102654669e+01 1.060643036332386373e+02 1.176157331127341052e+02 1.377050510821415514e+02 1.356113315233376113e+02 1.178565656047036470e+02 1.320860768478791840e+02 1.129284899768729247e+02 1.320860768478791840e+02 1.233788440904432377e+02 1.293838207032762284e+02
8.172117744996083388e+01 6.228765626892007390e+01 8.172117744676965856e+01 6.412064693982799213e+01 7.639140866333151791e+01 9.629589700148086706e+01 9.745727055383589743e+01 7.764682621307188981e+01 8.601970518092963403e+01 8.739789023474926921e+01 6.758540088697412784e+01 8.362802335462707504e+01 7.538994897797199712e+01 6.441833698748592951e+01 8.426616953396309384e+01 9.472424862296549009e+01 7.810754937694345301e+01 7.949471891884125796e+01 8.313366018832856241e+01 7.473107503025728704e+01 7.739619854947042654e+01 9.118813470720927228e+01 9.413361320570275836e+01 7.994317761824326851e+01 8.433400809730335368e+01 8.909804925645023843e+01 1.089875161097081531e+02 1.134614503324478392e+02 1.335258981524575290e+02 1.366481782543943382e+02 1.267201801313201912e+02 1.051213153292087128e+02 1.138638987327513945e+02 1.023651271395300313e+02 1.234838518632482192e+02 1.089250051379292898e+02 1.164445296201510018e+02
6.759212456254888934e+01 5.637832224809571358e+01 6.874740830320831719e+01 5.691750353059150314e+01 7.051607112721887916e+01 9.036863937730923624e+01 1.000357894093345408e+02 8.021405300216076739e+01 6.618786771227073018e+01 7.715074544771664478e+01 6.125047423585965589e+01 7.265485090308756355e+01 5.540306020171289703e+01 7.175499464272209593e+01 7.368030693898909078e+01 7.563531398926366478e+01 6.667128917960717160e+01 7.967905033246252344e+01 6.331368886585892852e+01 6.587101963911199221e+01 6.855698381616423376e+01 7.142371173346420221e+01 7.437474648686108480e+01 7.945922774954586032e+01 9.924133005882292480e+01 1.089875161097081531e+02 1.172864256149525062e+02 1.335258981524575290e+02 1.345493576709991999e+02 1.246295643315221611e+02 1.097841360615452970e+02 1.138638987327513945e+02 9.272978221050789216e+01 9.505249210241947821e+01 1.160172551319891596e+02 1.164445296200598676e+02 9.611334193877742393e+01
7.840324021545927735e+01 6.874740830320831719e+01 4.865669119347096228e+01 5.308579336204088150e+01 7.564411446258006322e+01 8.594458127797473423e+01 9.419678393542052675e+01 8.980422111181596279e+01 7.715074544771664478e+01 5.718731329285451892e+01 7.265485068835407390e+01 5.256381341595825063e+01 4.963201973491580077e+01 5.164859465813881201e+01 5.367180147127780998e+01 5.569800010254380851e+01 5.773420349552355191e+01 5.982601523836156332e+01 6.467784882838937222e+01 6.981420620099650876e+01 8.833538512984398494e+01 9.118760743185453066e+01 8.574476236489037717e+01 9.924133005882291059e+01 8.748426561396087209e+01 1.073525047003813455e+02 1.250788100393808691e+02 1.351064523503281691e+02 1.262057572940173173e+02 1.064919451177994176e+02 9.689493169726692656e+01 1.063180103528787441e+02 8.599162566105191274e+01 1.048780538163466929e+02 1.013370680558405752e+02 1.044858114900159478e+02 8.901375919479077936e+01
5.838772461833337246e+01 6.425013340778639304e+01 4.452301139174594624e+01 6.228630287449755798e+01 7.899900135616682917e+01 6.635897495425970760e+01 8.283204621782405752e+01 8.156020919445049344e+01 6.166186129615802258e+01 5.146998238487091726e+01 6.490364675905836123e+01 4.697316027486346002e+01 6.728969669325246628e+01 7.175499464272209593e+01 6.786717911683115290e+01 6.982644086678381257e+01 7.762429836058582566e+01 6.688259620943975392e+01 8.448806702681746117e+01 8.959569712188601898e+01 7.756545547998327095e+01 9.735958966950106230e+01 1.055930675086756594e+02 1.138866691988436770e+02 1.073525047003813455e+02 9.679774547697395803e+01 1.067439968407921924e+02 1.267866038087682199e+02 1.345493576710000241e+02 1.246295643314195019e+02 1.073787477850493985e+02 8.772630264683944290e+01 8.175707820119177427e+01 9.313998320933609421e+01 8.122408674048777755e+01 8.432167873744928954e+01 1.044858114900159478e+02
6.425013340778639304e+01 4.419121967958921005e+01 4.123264836113663279e+01 6.126413566641833341e+01 7.403483597080040113e+01 5.501025911437584170e+01 7.403483597080040113e+01 8.979511773473528535e+01 7.836298947001691317e+01 5.896166018232979411e+01 4.463313136000718373e+01 6.490350671194643439e+01 6.144431530297892152e+01 8.140171777961424482e+01 8.771443896705079624e+01 8.965917426365923859e+01 9.491960617523093902e+01 8.087528844389694882e+01 8.087550013521261860e+01 1.007077396913413025e+02 9.152932379788289552e+01 8.685818885598801842e+01 1.008715936816727350e+02 1.208557832204334801e+02 1.250788100393808691e+02 1.167653003247802133e+02 1.250788100393808691e+02 1.351064523503281691e+02 1.286327717762799523e+02 1.083487820746520072e+02 1.056864557912031870e+02 9.399975223481752096e+01 9.378663669321700525e+01 7.694324376582054015e+01 9.699681701165171432e+01 1.044803466912734109e+02 1.129133288321641686e+02
5.258724872191935873e+01 3.688354722514120709e+01 5.666857438518550794e+01 6.955387897077594062e+01 6.584635751367660816e+01 4.610933569987415837e+01 6.584635751367660816e+01 8.209423749688393457e+01 7.384139472628287137e+01 6.333922146831560696e+01 4.320892160850795705e+01 6.333924510578992795e+01 8.140170889373787588e+01 8.965068038695858377e+01 9.450119428556256196e+01 9.450642707041762947e+01 1.027971184537356066e+02 1.006947672543027181e+02 1.007074858009676177e+02 1.089827609675361515e+02 1.114351459278489500e+02 1.067248272798884301e+02 9.938295372243769066e+01 1.134835538043569585e+02 1.335416149605158012e+02 1.293787043684733931e+02 1.211277134121273775e+02 1.293787043684775426e+02 1.227030174187447500e+02 1.024030631176334509e+02 8.807857910674192681e+01 8.047179115415386264e+01 7.382573783218596475e+01 9.378663669272903292e+01 1.054144954276331561e+02 1.130616301662884808e+02 9.878796096268722238e+01
3.299904367561548213e+01 5.258724870132572704e+01 6.001831181788641345e+01 5.185811841513201870e+01 5.292076026758873297e+01 3.977270092219792730e+01 5.960391635476948835e+01 7.384316217419417683e+01 5.379427485089301797e+01 5.966338760795548524e+01 4.181672541418122790e+01 5.592647736719801088e+01 7.597969584150129663e+01 8.855228243121204912e+01 7.431800933183326663e+01 7.431811021282102558e+01 9.450642707041762947e+01 9.815315120320295250e+01 1.021594708069286668e+02 1.094203561534276048e+02 1.011377475924608262e+02 1.094267167172581736e+02 1.193584238995414779e+02 1.276696236085180232e+02 1.323804673437862505e+02 1.196581540984217469e+02 1.018848363171977951e+02 1.196581540984217469e+02 1.254511285059703454e+02 1.167355996498866944e+02 1.083466133154221041e+02 9.172747281689663623e+01 7.179629614882125566e+01 9.172746878579995666e+01 1.058099718664392839e+02 9.747803050763914712e+01 8.494377941740226845e+01
3.032841365809161616e+01 4.991167885996515707e+01 5.019756504248213247e+01 3.187530154081595057e+01 3.291664641180773287e+01 3.397314512176220802e+01 5.398948955963488316e+01 5.663613267865274992e+01 5.774729995421172646e+01 3.981902494553348504e+01 5.966357958238324954e+01 7.008177251961885190e+01 7.516665700815849505e+01 7.954753890408427708e+01 5.951337382226785166e+01 7.661735111944719279e+01 8.016643919349108671e+01 7.802491907968986595e+01 8.212678117602719396e+01 9.262042314813911048e+01 8.116290050006260515e+01 1.011376621769900765e+02 1.209450870065499686e+02 1.324984869621753774e+02 1.228470121316852612e+02 1.046911257916492843e+02 9.223012236736292380e+01 1.115062748646626147e+02 1.061786548421668073e+02 1.199397416074552325e+02 1.038903340759211176e+02 8.382766233913767451e+01 6.982214083640357671e+01 8.970384239108642532e+01 9.747801489636078998e+01 7.791177062063221115e+01 9.747803050763914712e+01
2.766784290601917462e+01 4.756750919176899828e+01 3.041641773374141167e+01 5.035779083763827657e+01 4.707348291344645475e+01 5.398810379189155384e+01 3.552057691811214113e+01 3.662920284768513568e+01 3.775529395981755698e+01 3.947445739434570555e+01 5.944693842714222853e+01 6.569756397774364132e+01 5.620230983360106336e+01 6.863715766377744387e+01 5.247878807925921762e+01 5.586880240613085391e+01 5.947187736323269291e+01 6.335937054771949306e+01 6.762450594807559412e+01 7.245563980035613838e+01 9.262000859217884852e+01 9.270648912542795017e+01 1.041985522766001253e+02 1.242041246662216167e+02 1.146530323944600696e+02 9.529093421515746343e+01 8.529822245540796644e+01 9.965818999034382841e+01 9.258849566751788984e+01 1.118234316861408644e+02 9.927693496455904665e+01 7.926959605956413668e+01 6.791403075131347578e+01 8.697226233724107658e+01 8.746323985120314148e+01 7.356600794960469614e+01 8.729796668442406826e+01
3.005215896871141368e+01 2.896680912030664246e+01 4.887622689199204729e+01 5.860849644838579309e+01 6.702379442912170759e+01 5.553477119836512799e+01 5.444578131276818311e+01 4.470907956601791255e+01 5.573224442898276010e+01 5.892168432183100890e+01 4.191616545492675527e+01 4.367578144193043954e+01 4.546764581703131824e+01 4.829585511951832189e+01 6.891667599676117106e+01 7.661735111944719279e+01 7.423829073120205635e+01 7.802491907968986595e+01 7.952180470019287384e+01 9.262042314813911048e+01 8.677144567889254745e+01 1.067415755783767111e+02 1.209450870065502954e+02 1.209420925672874745e+02 1.125218239341219117e+02 9.317838265118372476e+01 7.935672656209115416e+01 8.023489424000074166e+01 9.756825677266917296e+01 1.057751325842350667e+02 1.076617093481495573e+02 8.831761059733389629e+01 6.607305501856014018e+01 7.847656831312302472e+01 6.797646328736730936e+01 8.746129464159810141e+01 1.013557760030727763e+02
4.011614736949935889e+01 4.887625823490618160e+01 3.182069689169220439e+01 5.178892342899836621e+01 6.304913937702504967e+01 7.546233355257595576e+01 7.116291529281849648e+01 5.897621376606701205e+01 6.371134267362025838e+01 6.818435644587347610e+01 5.190061300664980593e+01 5.352209252259005012e+01 6.513952556603007338e+01 4.885289750955358556e+01 6.349740627798152559e+01 8.402407687134640923e+01 9.447825561091049451e+01 9.815315120320295250e+01 9.956794554541932030e+01 1.078551530212000387e+02 1.067417530988673207e+02 1.150404023409589200e+02 1.150997133006405875e+02 1.008336320154024435e+02 1.150997133006405875e+02 1.069375031287599711e+02 9.234820580834545467e+01 7.280939906421784258e+01 7.872642184733496151e+01 9.475721866351443623e+01 1.033978247583862782e+02 8.983350427892192158e+01 7.962139109497319112e+01 6.350857456593744388e+01 6.432570582011821614e+01 8.399521323480108492e+01 9.357776843502912811e+01
5.194593454776729402e+01 6.005366241147350337e+01 4.594257941561556891e+01 3.478986620227654214e+01 5.478655360577104716e+01 6.613174698950076902e+01 8.023220245274956142e+01 8.119559717435537038e+01 8.341590649547897840e+01 7.149814476240430849e+01 7.157558947786736780e+01 6.301425193884627163e+01 7.200900098217871914e+01 5.131481833963606221e+01 7.206114713211492528e+01 8.129297751253356807e+01 8.626310297153925433e+01 9.455554142352706037e+01 1.061363895086146840e+02 1.155984240495979378e+02 1.238830138292390330e+02 1.172608586372274289e+02 1.067232637518274316e+02 8.687054518742472453e+01 1.067232637518274316e+02 1.087450822330532390e+02 9.938879758787999208e+01 8.706506986105071633e+01 6.753796447488861077e+01 8.228420760820297630e+01 8.907298442293082985e+01 7.512151244327752408e+01 6.245546096626426902e+01 8.204598343471381838e+01 8.399957107280867774e+01 6.551241540081842629e+01 8.524775883773824603e+01
6.604731571725379524e+01 7.416474540733130993e+01 6.304913937705190108e+01 5.478655360577104716e+01 3.787918154571359963e+01 5.203129152625178477e+01 6.966092157465133994e+01 8.136931114436131907e+01 8.963723082201201464e+01 9.071768761247719226e+01 8.615142449075975151e+01 7.717944069035630150e+01 5.791381347958710535e+01 7.206114713211492528e+01 5.575600146292097747e+01 6.059489963034079096e+01 6.577075073148729700e+01 7.776922091146239779e+01 9.786596164235308493e+01 9.567982775243839910e+01 1.155984240495979378e+02 1.088862441572281625e+02 8.897353368219495451e+01 7.944346952841458176e+01 9.921964144183246503e+01 1.001472923187081392e+02 7.906509624887502241e+01 8.424961553198863839e+01 7.777206708900439480e+01 6.284559973824526224e+01 7.983583342374497249e+01 6.140830696798725086e+01 7.255299297171984563e+01 9.035999360350129450e+01 9.289778745129103754e+01 6.690699406498735868e+01 6.668006977662496126e+01
8.591901260029800369e+01 8.155513407461205588e+01 6.516019097060498666e+01 4.519907921100955406e+01 5.787142351486361491e+01 4.142752489344575650e+01 6.140254081861226609e+01 6.145484045572464282e+01 7.507145389359428123e+01 9.498030924896762883e+01 8.601791675309011964e+01 6.545057376558396811e+01 7.278801039942750606e+01 8.491066127077813519e+01 7.654451278548026494e+01 6.228113197464249851e+01 8.291104089807826938e+01 7.470559337094869079e+01 8.153645796766662102e+01 9.567982775243839910e+01 1.155984240495979378e+02 1.066845553019282988e+02 8.680499603510807560e+01 7.291721589712756213e+01 8.543037526942063664e+01 9.369337376281893626e+01 8.420025332976047139e+01 6.512384016607947501e+01 5.895009776014593683e+01 5.963436049750133350e+01 6.037130592073318525e+01 7.987329397687538801e+01 8.926138651186759887e+01 9.243258086871752255e+01 1.066104740915210130e+02 8.932542202325740277e+01 6.969248356863992910e+01
8.736631194982790305e+01 6.746875130110343832e+01 5.336653231070928882e+01 6.516019097060498666e+01 6.966092157465133994e+01 5.556588040385383209e+01 4.514816839993349618e+01 5.514697393861237629e+01 7.507145389359594390e+01 8.932460768350181013e+01 9.144782474015420348e+01 7.113096941085285607e+01 9.144782474015420348e+01 1.014172820286242427e+02 8.759856041630790457e+01 6.716613654047024795e+01 8.759856041630790457e+01 9.485471901332829248e+01 1.015138495361591140e+02 1.097814207908386948e+02 1.116222009155929840e+02 1.032693859926468321e+02 9.942556660612939368e+01 7.963337720974955403e+01 6.584549496365168864e+01 7.938631576162093495e+01 7.645286138875233917e+01 5.798666350847559414e+01 7.743493188438469588e+01 7.792234121332013785e+01 6.059881047674459609e+01 8.160817023217758504e+01 9.364439952439819592e+01 1.125662866953336447e+02 1.044088805189671234e+02 8.433629833348783222e+01 7.282743509129495862e+01
