MOVIE_S1_data/elevation_000820.asc
nrows	100
cellsize	150.0
xllcorner	0
ncols	100
yllcorner	0
NODATA_value	-9999
[rows 51 to 67 of 100, columns 37 to 73 of 100]
6.796681614468869270e+01 7.817593692171307396e+01 5.969622654331291756e+01 8.005580666139088919e+01 9.119861422716034838e+01 9.960856258965877430e+01 8.697827461452079945e+01 6.659608385634138017e+01 7.958006217142434480e+01 9.396117221243945039e+01 1.057074635017544608e+02 1.189023489149219870e+02 1.104056893985520702e+02 1.037477734904172024e+02 9.527493672105180167e+01 7.968946834243836008e+01 8.227507388195144244e+01 1.023847977940791623e+02 1.044164548313797951e+02 8.467776636876543250e+01 7.363960027817499565e+01 6.606951383141424117e+01 8.524141279312507891e+01 8.219355499202082171e+01 6.999706351337982824e+01 7.942588426914878141e+01 9.899136694719969398e+01 9.778425967674353103e+01 7.805893360328958863e+01 6.713892688100099804e+01 8.058966038793312237e+01 8.883668546746464756e+01 7.974239360697218615e+01 6.202393567680322661e+01 5.388855651151634873e+01 7.291465762720267207e+01 6.822252978658309530e+01
6.954513733681008603e+01 5.783547973593011449e+01 5.468281024998182005e+01 7.496591163187136431e+01 7.084741206256497037e+01 9.119860903763398596e+01 8.053285996453271878e+01 6.019091336147344862e+01 6.518399171866651898e+01 7.693504347283348466e+01 9.730165407700707192e+01 1.070658521964363530e+02 8.990897161250461522e+01 1.070658521964363530e+02 1.082499918516509467e+02 9.974297053995572071e+01 1.023847977940791623e+02 1.109053400265724036e+02 1.126892135331163161e+02 1.011969118378844712e+02 9.009239997855829074e+01 7.067163517476433299e+01 9.009239997855829074e+01 9.536477100716724919e+01 7.589732993918342174e+01 9.536477100716724919e+01 1.072462672994171413e+02 1.052514805659948962e+02 8.525961805643807168e+01 7.165708472378248928e+01 9.111509901693814584e+01 9.984885764282483933e+01 7.974239360697220036e+01 7.784547783431017365e+01 5.965659621637617249e+01 5.488745502639689988e+01 7.388564395748250035e+01
8.336073267621277694e+01 7.018513878832861508e+01 5.001807111232011493e+01 5.653667709336917113e+01 7.084741198782272420e+01 9.119855041196069578e+01 7.466064579097412945e+01 5.439695494674874254e+01 7.466064579097412945e+01 8.643665009101351870e+01 9.661277682410221246e+01 9.857190386727376108e+01 7.811748652321335840e+01 9.857190386727376108e+01 1.095224147517828754e+02 1.010286893500477277e+02 1.095224147517828754e+02 1.110863542552687875e+02 1.194474828762292589e+02 1.057838610141454154e+02 7.122366311213946233e+01 7.679976452976117685e+01 9.629906464404049871e+01 1.036061591122504382e+02 8.956645156441751965e+01 8.956645156441751965e+01 1.093631524448252321e+02 1.108475802917005097e+02 9.067055584374520549e+01 7.687531716159355710e+01 9.658026948162026315e+01 1.018957807314373696e+02 8.226693397308409317e+01 6.900929922718198384e+01 7.845256934271515092e+01 7.175312518175387311e+01 5.588256991555052622e+01
6.633735057152792081e+01 5.468787790256868675e+01 4.662680964650035520e+01 6.667239675547084232e+01 8.522524316991615478e+01 7.354107089977118505e+01 6.513409714091787350e+01 5.017644015089680209e+01 5.771183896897483123e+01 6.783034394737966011e+01 8.819736015675240992e+01 9.134017526267135167e+01 7.092752721717694442e+01 9.134017526267135167e+01 9.928594201437762479e+01 8.056929759958084958e+01 9.928594201437762479e+01 9.128541083779528265e+01 1.079503651106183213e+02 1.141949768600059940e+02 1.041430926376906854e+02 8.787385017954190403e+01 9.048163766993104673e+01 1.103435760048623280e+02 1.093631524448252321e+02 1.093631524448252321e+02 1.176458666600930627e+02 1.168543092442705529e+02 9.658026948162027736e+01 8.413783708390756999e+01 1.041406051860859776e+02 1.018957807314373696e+02 8.226693397308409317e+01 8.801609008173419113e+01 9.241665691903801871e+01 8.251425400876001959e+01 7.486041024720424275e+01
8.336073267621277694e+01 6.380758866032696375e+01 4.386970653632148753e+01 6.380752354504160451e+01 6.904884691107763217e+01 6.066120776171887741e+01 4.513072772546635747e+01 5.256418158959380094e+01 7.277189425490317376e+01 8.643665009101351870e+01 9.661277682410221246e+01 8.518553030408159543e+01 6.484485306707051677e+01 8.518553030408159543e+01 9.079899347481430993e+01 7.040451239478882428e+01 9.079899347481430993e+01 7.981566145456037020e+01 9.905339062591737331e+01 1.086745271524828098e+02 1.160370997834137228e+02 1.077489050483499398e+02 1.103435760048623280e+02 1.186328495142644641e+02 1.210013046126681644e+02 1.167895248441009670e+02 1.086678258637310108e+02 1.167895248441009670e+02 1.126179453819487719e+02 9.554686301083161482e+01 1.126179453819487719e+02 1.103771688313650685e+02 1.018957807314373696e+02 9.893119482255787034e+01 7.912882626547573750e+01 6.567428181367648676e+01 6.196353731331362980e+01
7.531064427057967237e+01 5.513126894679422207e+01 4.120385339243390632e+01 5.729130657533647053e+01 5.651494516560254056e+01 4.081712890896223200e+01 5.474905645044650271e+01 7.277189425490317376e+01 6.681430979066304587e+01 8.715477546745516690e+01 9.347601276780558521e+01 7.974925564437828029e+01 5.950816921271594850e+01 7.974925564437828029e+01 8.400083311480585735e+01 6.369412265902712278e+01 8.062402059195383686e+01 7.032134904863600866e+01 8.073750131915782902e+01 9.453458876585885662e+01 1.143864258442620638e+02 1.147942317486031243e+02 1.230471273741473652e+02 1.152832031120876763e+02 1.014138537074547628e+02 1.069378127807208756e+02 8.892467521884741188e+01 1.069378127807208756e+02 1.155606297694556730e+02 1.158798753110570914e+02 1.243952500894238256e+02 1.169797311375259881e+02 9.668337236564482851e+01 8.267211888695749167e+01 7.157100599289277909e+01 8.492880573225822616e+01 8.093981636009716851e+01
7.433709279700050843e+01 6.942515800638156520e+01 5.729132911211401336e+01 3.759107158535168480e+01 3.683321867222736756e+01 5.637798524033751590e+01 6.836877483033386227e+01 8.334894599531374126e+01 8.715477546745516690e+01 9.557009986120012002e+01 8.499737194611110169e+01 6.468277024441015044e+01 5.471755036734177935e+01 6.890626281120657382e+01 6.963718225227168546e+01 5.769201368596107926e+01 6.032503621784408665e+01 6.769119450039225683e+01 8.132566139119218462e+01 1.023789845292860861e+02 1.115259762702254847e+02 9.482618592003554170e+01 1.115259762702254847e+02 1.071508853375793109e+02 8.734580940439299468e+01 9.462505553771876521e+01 7.879008384973884915e+01 8.759724510782346840e+01 1.074193051902233407e+02 1.110325087604221324e+02 1.191615757562446447e+02 1.143221664947839429e+02 9.406785757376145796e+01 8.267211893497479025e+01 7.756674152057856020e+01 9.736830003254111432e+01 8.623563919092590879e+01
5.417520292589458109e+01 7.434019566901680776e+01 6.565008700087241778e+01 5.369857444998918083e+01 3.417091933270023674e+01 4.612715958755914158e+01 6.371858496708235009e+01 7.642947796755024115e+01 8.481176742373003208e+01 9.650594048723225171e+01 9.347601276747086274e+01 8.329567934191155132e+01 6.890626144215363524e+01 4.895929246121702505e+01 4.966755903181219622e+01 5.372965034661963557e+01 6.768876886790481251e+01 8.666872763128624513e+01 9.632203432381761843e+01 1.060639863833871601e+02 9.778848247747826861e+01 8.315015913174168816e+01 1.032656751142889107e+02 1.086131131616249661e+02 8.883101235864026535e+01 7.453662897771333462e+01 7.107174439419392797e+01 9.074984900842187585e+01 9.709140125593279436e+01 9.131680545265207627e+01 1.110325087604221324e+02 1.228177522784608016e+02 1.110801259473706750e+02 1.026281872889639857e+02 8.441526348280046932e+01 1.044525832330876938e+02 1.058661642104579101e+02
5.781210588377838633e+01 7.401242332528347845e+01 5.759257459244443567e+01 4.929762279319450613e+01 3.247294304807893184e+01 5.185272928683125571e+01 6.546677909589594435e+01 5.621724462704419523e+01 6.786118271629774767e+01 8.813398694656748944e+01 7.676878501326481796e+01 6.798449807321645721e+01 6.157207652527119990e+01 4.518675881452642784e+01 6.499433970784023984e+01 7.382797199761608908e+01 8.228087217437158074e+01 9.547632326476013986e+01 9.856859671774489584e+01 9.276942392773769086e+01 7.760675546146075021e+01 7.545467124149718074e+01 9.566272471663675958e+01 9.501102441826810718e+01 8.703925007841962724e+01 8.025692473794828175e+01 6.495883837682403339e+01 7.057820216261887936e+01 7.703790929237675300e+01 9.131680640435953933e+01 1.110328004068265955e+02 1.151409722810198701e+02 1.233926668127649009e+02 1.129200657130853074e+02 9.431186128953756054e+01 1.129200657130853074e+02 1.185917070253020853e+02
4.592323352416249094e+01 6.578493290564625795e+01 4.929762822108780540e+01 3.010935131028627509e+01 4.929750853820079470e+01 5.662483821387547067e+01 4.559777107789768991e+01 6.562558479898525832e+01 8.481176742373003208e+01 8.249879664050260430e+01 6.219248898750993959e+01 4.940538622576926997e+01 4.188583679757226008e+01 6.157211076090297297e+01 6.499433970581685571e+01 8.523265788554442679e+01 7.941702186132611985e+01 8.775430651128715454e+01 7.847161015047420562e+01 7.256624419412241878e+01 6.588878510575970893e+01 8.613655695206902863e+01 8.329555181344922232e+01 8.301928487631039388e+01 6.710906383411980869e+01 6.010584551720451429e+01 8.025692473820176076e+01 9.074992189744479276e+01 9.709140125420637446e+01 1.052389302959375073e+02 1.010712597571615561e+02 9.524309447921217497e+01 1.151410449734092083e+02 1.230965873796596242e+02 1.145934367839936243e+02 1.230991781152014681e+02 1.100949294850102262e+02
5.109260778673418457e+01 6.583625738292134599e+01 4.754659051376344081e+01 2.843082209622380319e+01 3.261228618187004713e+01 3.696774831396081851e+01 4.662555999166302456e+01 6.069983350815838463e+01 8.092885646535184208e+01 7.771653137880497297e+01 7.676878390596458246e+01 5.929199032455159113e+01 3.969463172617827951e+01 5.343113260998810432e+01 7.344135248684916917e+01 7.609705520239525356e+01 5.921081115731347211e+01 7.609452700763330313e+01 7.841561639524320526e+01 5.831841542387644495e+01 7.848358065792123739e+01 7.680895049513657113e+01 6.263263887387518025e+01 7.097798396563632650e+01 5.556826581434130929e+01 7.563618794702644266e+01 8.849903295790714708e+01 9.083423941144526736e+01 9.913104366091033626e+01 1.010700180454801966e+02 8.093954698333767794e+01 1.010705596332109053e+02 1.048166399741215855e+02 1.128701375785829555e+02 1.131165590743574256e+02 1.213687044312401042e+02 1.185917071742710363e+02
4.393090747329088686e+01 5.174516229262039246e+01 3.791277612396392982e+01 2.665074056854574991e+01 4.015594702181881104e+01 5.662475176968442270e+01 6.497388685978432932e+01 7.501711379223891640e+01 7.190794243863322777e+01 5.764614636898627253e+01 6.236827019656177384e+01 5.404955960588112163e+01 3.755460735687989171e+01 5.710093902116320663e+01 5.626897193931073815e+01 5.726187208107018733e+01 4.768895547159002035e+01 6.769484729660484845e+01 7.408206456562521680e+01 5.401883714745407161e+01 6.817215600926698471e+01 6.635413361091794116e+01 4.856664917419099936e+01 5.139160185873866027e+01 7.135427703666532295e+01 7.466144195606186429e+01 7.654694563589016809e+01 7.062982877109223523e+01 9.083332517224661729e+01 9.395067848722656834e+01 7.368141963570165842e+01 9.041604354868532312e+01 8.489780215170294753e+01 1.004830955150664238e+02 9.318767370486922630e+01 1.073015291277604462e+02 1.271552832370372244e+02
2.448396352873711734e+01 4.174951983304776348e+01 2.246575454142332973e+01 4.365045048180272147e+01 5.415901748473341115e+01 6.815813106542108812e+01 6.772215198710858886e+01 5.942268202922093678e+01 6.344173487701074521e+01 4.381409983752736537e+01 5.107820869143564124e+01 3.456487838353972109e+01 5.332511968396109125e+01 5.482421427283569670e+01 3.675367740274071338e+01 3.775054160759990651e+01 4.249867419636620269e+01 6.496827691901846435e+01 7.556400224052315195e+01 6.814524711266159329e+01 4.827789777071047439e+01 4.653344582958656872e+01 6.635720871183625036e+01 5.101333873611228142e+01 5.276995619674156757e+01 5.457836325283885515e+01 5.641526358628596682e+01 7.654603099231218266e+01 8.132446367031639056e+01 8.386216700056753837e+01 6.722015349771413639e+01 7.009251044115192997e+01 7.307749351277287531e+01 8.035261891448472227e+01 1.005124252751595719e+02 1.164966882281468230e+02 1.305319157834763075e+02
2.171587591576923160e+01 2.229713417635662154e+01 2.296881251671539204e+01 4.245864866406483884e+01 5.169049141055469221e+01 6.375484187288018489e+01 5.505024973335324034e+01 3.981177797908105020e+01 4.896337312558465982e+01 4.651610367346260944e+01 3.165754494324162849e+01 5.107013410363860118e+01 5.340789380728568148e+01 3.534833146438754170e+01 5.478436206489403304e+01 5.725879406393854509e+01 3.917916035011096909e+01 5.871044034276884105e+01 5.541355884001716703e+01 6.230638075813318721e+01 4.454419634486974644e+01 6.412993002580020629e+01 7.468721202924406555e+01 7.127107434660227625e+01 6.164313761139057135e+01 7.466144203461853124e+01 7.654686526196847751e+01 5.912220083641845036e+01 6.108201198725807046e+01 6.357284836913169102e+01 8.386217934129470564e+01 9.041604354933195964e+01 9.337837480559512926e+01 7.807331622479314603e+01 8.829208078856029829e+01 1.024614606728168980e+02 1.219032940910701797e+02
3.862650311920114632e+01 3.675317143874590897e+01 4.245865371409304601e+01 2.396824900716137563e+01 4.345026091027629889e+01 5.134759285155006836e+01 3.926957712120947974e+01 2.872819747738161311e+01 2.959206685253281321e+01 3.044862065495216186e+01 4.966297566740813352e+01 3.300023443512353793e+01 3.395493977709897138e+01 5.340694437257054972e+01 6.297664219420050813e+01 6.655938851595585959e+01 5.672152403369143059e+01 4.060711534720795868e+01 4.165063149693984457e+01 4.269820494373472286e+01 4.696831384500175233e+01 7.049850593989307868e+01 8.615750719255875367e+01 9.014578085808624053e+01 8.183479712623001490e+01 8.183478337802783642e+01 7.932154282148074742e+01 7.932160378979286008e+01 8.075685784512941723e+01 6.587701389945769392e+01 8.613143973327449032e+01 9.989779925495180635e+01 1.065248536375286221e+02 9.827896391327369940e+01 8.367413835824612534e+01 9.380856263787802618e+01 1.078760320923701244e+02
4.962164839923953252e+01 5.785519896621303815e+01 4.538961242845761745e+01 2.469125313270355448e+01 4.016108799506704230e+01 4.537775211391034702e+01 2.749659029471230198e+01 4.688655904150008524e+01 4.896337508324624110e+01 4.217940605695875433e+01 5.770874712565429121e+01 5.242808463602705160e+01 3.859941656866975279e+01 5.210325122978101575e+01 7.161911495479806433e+01 6.586224763903919666e+01 4.610811104426933582e+01 6.017852004731917503e+01 5.540348222767998720e+01 6.234280589344686518e+01 4.520460058267786252e+01 5.895472168352557674e+01 7.557207204302524417e+01 9.007219347662677933e+01 9.893918804287569913e+01 1.019390535716387234e+02 9.946454732293213397e+01 9.882624956730043664e+01 7.875741709583175520e+01 8.613143973327449032e+01 7.141138024699314713e+01 8.318696347958515958e+01 1.031772215198983389e+02 1.119704700589055477e+02 9.534983645036176370e+01 9.046956414574884775e+01 1.045810449236687134e+02
5.352216054996208072e+01 5.915816653064970154e+01 3.741617842557731421e+01 4.534241773177551948e+01 2.572910764017948182e+01 2.646454524250047413e+01 3.371430198264847888e+01 2.927402414686778798e+01 5.287490978834660638e+01 6.116699727513319829e+01 6.951604143744826558e+01 6.602046343212438728e+01 5.783250317730553292e+01 4.637135324049408069e+01 6.570667833266020352e+01 7.010368028549544306e+01 5.020959775632739763e+01 7.010368028549541464e+01 7.539742632050403870e+01 7.328381482399353786e+01 6.496831061094268023e+01 4.779002931390714792e+01 6.178588149541526064e+01 7.053974764186742163e+01 8.650652037542474204e+01 9.553832577684966054e+01 1.071609423502519860e+02 1.072044973861136441e+02 9.305341415190846988e+01 9.593244742807137015e+01 7.577957532537465113e+01 9.593244742807137015e+01 1.114265705750446642e+02 1.234370110891514116e+02 1.152018245027942527e+02 9.629094861419990536e+01 1.067436272466055414e+02
