MOVIE_S1_data/elevation_000776.asc
nrows	100
cellsize	150.0
xllcorner	0
ncols	100
yllcorner	0
NODATA_value	-9999
[rows 17 to 33 of 100, columns 0 to 36 of 100]
0.000000000000000000e+00 1.998692102631832412e+01 7.796801198132726762e-01 1.102866351015803437e+00 2.107775454119898129e+01 2.748670836989849064e+01 3.699953780381235902e+01 3.779050793753878423e+01 3.130958875371955585e+01 2.071276513365700467e+01 3.913904533417106091e+00 2.399541608293843709e+01 4.835136423014116502e+00 5.731229297735938033e+00 1.594435837435676362e+01 2.986228677496594841e+01 5.160313095003477457e+01 5.396170962779888214e+01 4.566936061256836865e+01 3.916172863954162153e+01 1.787043328539609988e+01 3.867551742831263084e+01 3.187100233688080664e+01 3.028323821515864367e+01 2.172457696789691184e+01 3.684208513812974672e+01 2.798470533701906859e+01 4.658752644485264938e+01 4.034391187572040849e+01 4.035693363143739987e+01 2.820738823144991514e+01 3.414071576952490261e+01 1.500218873656359619e+01 2.153743436400628397e+01 4.160876773672183759e+01 4.955789354921052592e+01 6.958498285257414295e+01
0.000000000000000000e+00 1.999991818623211515e+01 2.687635655387459011e+01 1.969829377483614863e+01 1.561687504310470098e+00 2.029295942883383930e+01 2.218797350839683347e+01 1.710767509606950654e+01 2.307147510376554322e+01 3.455695259323753099e+00 1.067814970078836190e+01 2.647626113814272486e+01 1.454407082330093104e+01 5.306890867173250648e+00 3.285448160109027071e+01 4.739462913219039564e+01 5.144462695471305835e+01 4.115425113556319303e+01 2.398306675365775931e+01 3.019800909350774987e+01 1.412065753452526806e+01 3.138476486936324150e+01 1.142081919668168943e+01 1.087857397076341748e+01 2.748109961671212531e+01 1.941802322143234250e+01 3.073264989326244745e+01 3.565918830229442449e+01 3.346685400262187926e+01 1.912473458638632451e+01 3.349715213577882622e+01 1.438503237504247068e+01 2.677693470415269772e+01 4.050675135905999014e+01 3.310880788812469433e+01 4.473815301075719475e+01 6.480625004712368309e+01
0.000000000000000000e+00 1.460767183849105599e+01 3.571090038130017064e+01 2.456444855712997466e+01 5.062487828110180388e+00 2.020878696162781374e+00 2.345964224285304933e+00 2.671026914069321467e+00 2.996456188154502875e+00 2.304840216123376351e+01 3.009099537232213351e+01 2.574953319671611141e+01 5.781686457990645955e+00 2.527259697335401611e+01 3.930735552158967749e+01 4.191366112802716515e+01 3.408557885724224690e+01 2.106706537308242844e+01 8.667143639672319821e+00 9.460858341314448694e+00 2.901322972474339323e+01 2.968548373085822689e+01 1.037502485430666255e+01 2.951125416587501249e+01 1.137189362489318434e+01 2.433652457358219934e+01 2.531616184152647975e+01 1.271349188736013858e+01 1.306441151696129310e+01 1.341499174901483293e+01 1.376571739510268877e+01 3.332705291207587095e+01 3.972829254182619962e+01 4.863256635058850463e+01 5.321992882105356415e+01 6.149818173419270551e+01 7.306089117097914709e+01
0.000000000000000000e+00 1.999999999999964473e+01 3.644879792054184264e+01 3.435936569100152838e+01 2.497829288459043440e+01 8.393388249940603174e+00 2.257852703362255653e+01 1.846906092997892301e+01 3.297415420639694172e+00 2.481465321523581480e+01 2.904945895012759394e+01 8.430663212090086844e+00 6.120692759510790282e+00 2.253235328000282323e+01 2.635583329287575438e+01 2.613347945920573778e+01 7.807926121452016588e+00 8.163530453803680587e+00 1.323454525283711725e+01 9.142919568886611614e+00 9.485154835335695367e+00 9.852142363254257518e+00 2.902041369022849437e+01 3.393598293227735496e+01 1.422923826562098171e+01 1.186394816093304527e+01 1.221616312685614680e+01 1.826956151950178864e+01 2.761918823640478138e+01 3.311692026734685612e+01 1.774090130513730301e+01 1.458916785685095618e+01 2.268038834345331978e+01 4.108087977135499358e+01 5.022630021973527192e+01 5.862196302665656589e+01 6.752021424507321967e+01
0.000000000000000000e+00 8.164965809277331843e+00 1.971197119347102600e+01 3.971197794902802514e+01 3.599847746186198805e+01 1.514358165442173920e+01 3.593554665965066874e+01 3.129572455046884727e+01 1.117423856438956697e+01 3.181169002050305750e+01 3.505341178406035141e+01 2.856894248345799525e+01 7.254249972137974289e+00 6.609291903637055654e+00 6.957077618703195299e+00 7.306339849908405348e+00 1.547759927857463147e+01 2.412619777285248546e+01 1.321132236093297507e+01 3.044980635895513643e+01 2.911983206824287507e+01 1.290510131243477865e+01 3.129162377698958508e+01 3.506695115014848341e+01 1.479106268613361941e+01 3.225577694833278031e+01 3.380393983778184719e+01 1.893864580461856306e+01 3.681713302222192397e+01 4.398083847818921299e+01 3.070163940008538361e+01 3.426064827111772360e+01 1.540627658302072689e+01 3.304319651750028441e+01 3.018615597745785450e+01 5.034197473565499337e+01 5.592916889016638748e+01
0.000000000000000000e+00 1.999999999999964473e+01 3.644934300506493230e+01 4.799642149344454367e+01 4.511386854601350649e+01 2.542774756568332961e+01 4.511386856800044853e+01 4.198240389334340250e+01 2.095152807191651689e+01 3.669793078304579836e+01 4.477335935745195172e+01 3.152319237977351207e+01 1.216310519463186246e+01 1.716594745905731756e+01 1.887398282501658286e+01 2.574575768896932004e+01 1.116985691495768052e+01 1.456542003023447762e+01 3.085304185404530131e+01 4.226598088844907863e+01 4.069474873226592848e+01 2.174989637720522140e+01 3.972448036804563287e+01 4.333496546348541045e+01 2.921918893082490953e+01 1.786453921557285085e+01 3.852296728281238103e+01 3.880980511874034278e+01 3.074190749206427142e+01 5.269178087698414714e+01 5.079394898496784094e+01 4.342507043370115838e+01 2.516127630590894881e+01 1.621548695301071774e+01 3.599020462768900330e+01 4.505339987366157573e+01 4.170149856627036655e+01
0.000000000000000000e+00 1.999999999999964473e+01 3.790973733380840827e+01 4.335535505306554427e+01 5.528494248728265603e+01 4.730369349552785252e+01 5.677455789842875333e+01 5.401336644687817312e+01 4.042450060878767459e+01 5.143195737928001421e+01 3.751297905920517195e+01 1.833620157717710697e+01 3.152319237977351207e+01 2.833746855305470191e+01 3.335095506940844956e+01 3.400074922280976608e+01 1.490703208666853996e+01 3.172522950659855567e+01 1.858195778634977557e+01 3.591349918628127824e+01 4.843017961244564873e+01 4.269937772727070069e+01 4.269915339195406290e+01 5.793005942117177653e+01 4.089107460911086633e+01 2.009618664741539007e+01 3.490239088325969874e+01 5.535559036703762814e+01 5.269178087698415425e+01 5.269076742974255723e+01 6.148409896372099581e+01 4.147171451121320018e+01 4.388930145713452191e+01 2.373196082696347275e+01 1.702016714846227785e+01 3.666823687531409348e+01 2.171792344269791641e+01
0.000000000000000000e+00 1.999999999999265654e+01 1.845800214374316894e+01 3.083116172237395602e+01 3.910258677682225681e+01 5.321975053512368703e+01 6.096623591876331005e+01 6.315277974225795532e+01 6.479071685827935312e+01 4.828531327417232433e+01 3.266180245530051707e+01 2.327089848339014466e+01 4.270767648730848265e+01 4.618839903548536086e+01 3.809864611224767117e+01 2.002036442957281182e+01 3.421601184754764091e+01 3.419086321830594244e+01 3.591349919005136826e+01 2.255029642479635399e+01 3.478441386456397311e+01 5.388100856593015209e+01 6.424762081371686406e+01 5.773856093284984325e+01 3.737888139412264366e+01 2.241710767368163104e+01 4.334207681617998986e+01 5.301445426778538916e+01 6.542068158288122959e+01 7.382608957745259204e+01 6.967429708606918837e+01 5.854056100032084231e+01 3.819031588467315430e+01 4.410526553686940332e+01 3.094859500294024812e+01 1.782202889992453620e+01 3.766468493713901466e+01
0.000000000000000000e+00 3.481548655807825021e+00 7.017031580593751094e+00 1.086567267581211560e+01 2.498542303338606629e+01 4.169254954564252103e+01 4.099472513620143133e+01 4.317898571870649960e+01 6.315277974225795532e+01 6.020228909748792745e+01 4.270767648730848265e+01 2.908776187713580086e+01 4.900655052234434805e+01 5.805542086642194732e+01 3.839390724858480297e+01 2.366346389873190859e+01 4.254795599586618948e+01 5.277761377456186409e+01 4.383198291809249270e+01 2.555345141299649114e+01 4.383198291809249270e+01 5.989864051052401805e+01 7.138230424993729173e+01 6.234694065055840184e+01 4.225935228226648377e+01 2.721673046142163344e+01 2.657588819911872946e+01 3.841856735624908481e+01 5.716751508746235544e+01 6.741095751114725942e+01 7.710110121583059595e+01 6.688643338902390667e+01 5.855160930781929096e+01 5.904855491925348332e+01 4.593121032819117744e+01 3.761696016511645979e+01 1.864474669913250082e+01
0.000000000000000000e+00 1.999999999999964473e+01 2.698880140505018943e+01 3.083116172237417985e+01 1.703348487585773086e+01 2.174056386330327229e+01 2.689181520653789903e+01 4.099472513620143133e+01 6.096623591876331005e+01 7.139855502935013476e+01 5.621674707262140913e+01 3.582323157506645828e+01 5.621674707262140913e+01 5.559532484171329259e+01 3.991498446027428315e+01 2.761258084466646423e+01 4.107785238501701031e+01 5.937567549493957131e+01 4.906139901444480955e+01 3.020647113830965225e+01 3.255323961387642839e+01 4.325313388281664828e+01 6.303364596058212754e+01 6.729548043849918315e+01 4.750118322010153804e+01 3.267504627657177707e+01 4.753362397447671839e+01 3.121566079859728049e+01 3.943508322749463701e+01 4.969323592115003407e+01 6.909788988676230304e+01 7.777952833794691401e+01 6.804247887285707463e+01 5.398491093564693699e+01 4.206149413206477305e+01 2.206032710131360730e+01 3.852563939865851239e+01
0.000000000000000000e+00 1.414213562373082489e+01 3.414213562373011257e+01 4.526272776222703698e+01 3.698982112491637508e+01 4.169254954564252103e+01 4.684424521387352058e+01 3.840463891608358438e+01 4.992681474018635868e+01 6.991063994526727754e+01 6.466412549474085836e+01 4.750769833728698188e+01 6.466412549474085836e+01 5.544347853757007272e+01 3.724977083423485169e+01 4.107785211422877580e+01 3.628006398414864009e+01 5.465443811471788393e+01 5.489898973101109902e+01 3.553789164449889881e+01 5.161320383887881036e+01 4.325313375437911390e+01 6.303327195172378339e+01 6.942836339534758849e+01 4.967376169150414000e+01 3.955939195109747430e+01 5.534337824579550613e+01 3.490817889219861314e+01 5.534337824579501586e+01 6.741095751067237529e+01 7.710110121742370382e+01 6.776260636551684513e+01 4.954035615571859807e+01 3.980664031227541244e+01 2.559888282558520700e+01 4.206149413206477305e+01 4.772333974939093082e+01
0.000000000000000000e+00 1.999999999999964473e+01 3.050920263319199677e+01 3.628270532508850010e+01 4.260726064542514990e+01 5.089153189312017389e+01 5.983580380322727166e+01 5.837296746264649983e+01 6.665400684478257176e+01 7.819447116470203696e+01 7.650030939548614128e+01 6.811352888788486837e+01 6.483917246855308747e+01 4.350112601151343483e+01 5.212551059790901320e+01 5.937550303159579812e+01 4.292855800262600496e+01 6.106754945152785297e+01 6.150036201433027827e+01 4.169624516437265527e+01 6.150036201433027827e+01 5.451270323565039178e+01 7.138234147427253617e+01 7.748788782823653776e+01 6.620780160736998710e+01 4.654320124248263824e+01 5.884094181152282488e+01 3.874896879795343096e+01 5.312743147090409934e+01 7.263457596460351340e+01 7.355617077539345416e+01 5.372571055257003536e+01 3.947930009334451285e+01 2.938389237365171880e+01 4.570150612831317716e+01 5.400492747697511930e+01 5.462342692848375236e+01
0.000000000000000000e+00 5.163977794943199306e+00 1.050920263319163972e+01 1.628270532508779667e+01 2.260726064542444291e+01 3.155153255542344226e+01 4.569366817915489065e+01 6.569366817915630463e+01 7.874328728372580599e+01 7.045838024247913722e+01 7.524074052155145864e+01 8.352659557806030932e+01 7.343907762503526726e+01 6.483917246855308747e+01 6.774657919382454452e+01 6.875868486552145953e+01 5.202018591084991783e+01 6.875898698058853142e+01 6.986433400997928800e+01 5.140202527691863565e+01 6.986433400997928800e+01 7.467258527257089895e+01 8.302067028799058335e+01 7.996241814050233643e+01 6.051045289410546246e+01 5.798861428393716011e+01 6.251024070130242194e+01 4.275046145320369817e+01 5.682308292336927025e+01 7.624025414014435853e+01 7.662058970603663965e+01 6.548335905483835973e+01 5.245972499795104227e+01 3.228131826302345786e+01 4.657513270357583934e+01 6.666638792825419557e+01 6.292471530265707003e+01
0.000000000000000000e+00 7.071067811865445307e+00 1.463035727204992398e+01 3.463035727147514109e+01 4.260726064542514990e+01 5.089153189312017389e+01 5.983580380322727166e+01 6.578182109055799742e+01 6.719780717797840452e+01 5.046237809794992302e+01 5.524427097697925149e+01 6.506593731769896749e+01 5.671468438559691805e+01 6.506595774772301866e+01 7.595131406974842037e+01 7.791381113103724942e+01 7.011492778822365324e+01 7.791406614426857402e+01 7.996170594413473509e+01 7.159869875174199194e+01 7.996170594413473509e+01 8.717399218042920950e+01 9.546202725475814077e+01 8.801222667117252740e+01 7.996241814050233643e+01 7.173134792300386664e+01 6.073183732149799141e+01 4.691230361695014039e+01 5.822438569653234453e+01 7.759110636180726317e+01 6.870631689051975854e+01 4.877647411162718072e+01 3.712181701173741288e+01 3.993488994616878784e+01 5.242819995541999845e+01 7.234439534824696239e+01 8.099002366752563375e+01
0.000000000000000000e+00 1.999999999999964473e+01 3.463035727147514109e+01 2.877249289578062630e+01 4.291462851950699786e+01 6.291462850723896594e+01 5.992598911646726378e+01 4.578471700496283603e+01 4.948661356434116243e+01 3.891582920596894013e+01 5.891369166200904317e+01 5.505189770565930729e+01 3.672500607047285115e+01 5.505189383125171076e+01 5.596036303220422781e+01 7.009308557993233535e+01 7.852475423602268734e+01 8.071215809587151568e+01 8.899919718509005406e+01 8.391689419427748931e+01 7.563180770811230502e+01 6.718234224404379518e+01 7.872261012647703637e+01 9.871879476321572611e+01 9.924437152023246256e+01 8.816840802281535616e+01 7.084596388217549645e+01 5.150884678501946468e+01 7.084596388217549645e+01 8.564422532545940214e+01 7.464486998065997625e+01 6.083509696645982956e+01 4.082464107691950517e+01 5.997367290989294730e+01 5.267970780179282286e+01 7.240854168782028921e+01 7.527086102387724509e+01
0.000000000000000000e+00 1.154700538379241515e+01 3.154700538376978614e+01 4.877249289218280381e+01 4.570939503285141114e+01 5.378626715702705496e+01 4.992630687577789672e+01 3.164261662805855835e+01 2.948713352180184089e+01 4.948661356434116243e+01 5.910108443620385543e+01 4.666101402905066919e+01 2.672970648986451891e+01 4.675320332723072170e+01 4.181910536965239089e+01 6.009686200790257260e+01 5.853141046498927125e+01 6.071840282454917315e+01 7.575418876843950500e+01 6.747037138355695163e+01 5.564045314473604265e+01 6.718234224404379518e+01 8.717399218042920950e+01 1.070105167915930764e+02 9.330196541405385346e+01 7.379327003766766779e+01 6.265237467528731941e+01 5.763798086562754719e+01 7.695432973169346269e+01 8.079832823522818330e+01 6.078238872787020597e+01 4.654964359223035331e+01 5.515288215764698521e+01 6.921644691829942531e+01 6.671622859589811583e+01 8.031490950906677995e+01 6.700452466665305451e+01
0.000000000000000000e+00 1.999999999999964473e+01 3.983127650025727462e+01 4.240779636558576726e+01 2.591482331041881082e+01 4.240779630418585811e+01 4.164217490606041849e+01 2.164209999110136096e+01 4.164217490779950026e+01 5.777064345846462601e+01 4.584091418869277845e+01 3.178534530066507102e+01 2.006476847174645073e+01 4.006685092851668628e+01 3.181681520198452873e+01 5.181734864838811205e+01 4.439094733711615959e+01 6.438732527693115060e+01 6.098325257212256645e+01 4.747572836349215919e+01 5.902099419422019366e+01 7.901243527034779390e+01 9.546202725475743023e+01 9.999388617975658633e+01 1.013435613068748893e+02 9.009620199443955357e+01 8.203861488695885384e+01 6.440239515787902747e+01 8.381921070175494037e+01 8.516122886530398262e+01 6.516790647841102668e+01 5.095720479365110833e+01 7.102381502708313121e+01 8.437393193653919354e+01 8.580237334767615209e+01 7.802262452614314725e+01 6.026052816762432940e+01
