MOVIE_S1_data/elevation_000839.asc
nrows	100
cellsize	150.0
xllcorner	0
ncols	100
yllcorner	0
NODATA_value	-9999
[rows 51 to 67 of 100, columns 0 to 36 of 100]
0.000000000000000000e+00 1.679939392235004192e+01 2.153569329791141485e+01 3.077304544224352512e+00 1.560452264445260973e+01 2.460079299239545492e+01 1.056494673526978723e+01 2.718539752045387914e+01 2.813965749477423373e+01 1.240665861833321060e+01 3.247905742245428939e+01 4.532057763592715816e+01 4.523328708603504822e+01 5.352739593383009264e+01 3.366235915899038389e+01 3.724254351360760751e+01 2.060183842515152719e+01 3.988346746554524458e+01 4.113714446887519216e+01 2.289652721626827514e+01 4.307312533018025391e+01 4.635693966428971891e+01 2.819752269300229486e+01 4.832475808365291670e+01 5.204447367229480648e+01 3.418510153174228350e+01 3.583133088173699576e+01 5.596735044860661645e+01 6.170248971399749394e+01 4.986270630823933914e+01 6.987018850230761302e+01 6.208733997124699755e+01 8.208993643994459433e+01 8.971854759615489172e+01 9.800831717826103784e+01 1.043859322586613985e+02 9.599350909945964361e+01
0.000000000000000000e+00 8.980264398074623289e-01 1.796958756484471786e+00 1.909022736494068084e+01 4.370888011091810021e+00 5.287430090903407098e+00 6.207719018623899743e+00 7.151091996624600711e+00 8.103816695551330440e+00 2.811567317290026224e+01 3.775111607046923012e+01 3.309504215727921661e+01 2.510109237526084058e+01 3.469357203105039389e+01 3.578140525406647043e+01 1.724665175833115782e+01 1.848566035549892206e+01 1.972960425121094019e+01 2.103009180221192764e+01 4.118530375962020429e+01 2.480138833591975001e+01 2.615907174064129848e+01 4.635828797004314339e+01 3.034437909137387734e+01 3.187433955069068858e+01 3.666799976817890183e+01 5.596528825209396985e+01 5.228849941843849791e+01 7.233592872859934175e+01 6.401027001900564528e+01 5.986898241827844203e+01 7.986687672588830367e+01 7.622621321263588356e+01 9.038316860827305277e+01 1.103966448559716440e+02 9.599350909945970045e+01 7.603759755214265681e+01
0.000000000000000000e+00 1.998845349953058204e+01 2.190782999415949561e+01 1.753532025223069368e+01 2.719000973334177118e+01 1.971305947620378873e+01 2.633663967523299121e+01 1.469828212227834818e+01 2.815440166393887012e+01 9.528792472525060120e+00 2.952379735813862638e+01 1.247403741140300859e+01 1.354530526936886048e+01 1.462316005624767712e+01 1.570431554428291321e+01 3.577426769059248812e+01 3.859555938256777807e+01 2.431565057695637933e+01 4.117437285661427637e+01 4.951159330413429416e+01 4.499399689308536665e+01 3.200623504481708892e+01 3.628580151627957662e+01 5.055498673346453131e+01 5.205516495222683915e+01 5.680005572886661724e+01 4.382687383916096024e+01 6.389420345770125209e+01 8.063289630615840053e+01 8.401728317909613963e+01 7.400815774690907745e+01 7.400815774690906323e+01 9.402274542772657639e+01 1.045080784539451315e+02 1.026777658552747425e+02 9.408298812822441448e+01 8.188254871959303216e+01
0.000000000000000000e+00 1.423326569136242270e+01 3.456898161253947421e+01 3.568386888962277226e+01 4.347997418295023664e+01 4.131262806909555252e+01 2.880879427502222612e+01 2.886227864484992978e+01 3.732514149179600338e+01 2.593941395939642192e+01 1.096205853485571069e+01 1.511548225884606111e+01 3.350888760602874328e+01 3.469356650813808329e+01 2.706319563409910955e+01 4.227652727077435202e+01 4.919954623688634143e+01 2.906753882704432002e+01 4.920034832621601595e+01 6.550510870196251290e+01 5.816719117035836462e+01 3.812444300137730835e+01 5.641631769349089609e+01 4.794426330597287489e+01 6.800508304848648322e+01 7.219731929805041659e+01 5.281963838859160632e+01 5.387685694472165920e+01 6.803873638102948007e+01 8.808977709317038318e+01 9.402274542772657639e+01 9.402274542772657639e+01 1.022762928403999894e+02 9.348038455147352010e+01 8.490007321032533127e+01 7.343713398666723435e+01 8.725801298569379583e+01
0.000000000000000000e+00 1.414213562373107536e+01 3.414213562373178235e+01 4.124267924618817460e+01 4.933746592547900178e+01 5.655353016496944463e+01 4.278395781322888070e+01 4.884193915383070106e+01 3.831105107712306079e+01 1.824109991310240275e+01 3.103054574979399760e+01 3.495900014350574025e+01 2.127809184938115550e+01 4.053264974893163952e+01 4.648557436980389923e+01 5.416726525680503102e+01 4.920034833991402223e+01 4.920034834374944666e+01 3.733762357164612666e+01 5.738441782727192475e+01 6.483010481943770742e+01 4.486637638370535086e+01 6.483010483095110033e+01 5.954482760681970177e+01 7.628401745486773677e+01 8.115901800419615597e+01 6.438233438753685789e+01 6.803873638102948007e+01 7.023154338344252778e+01 9.028570297856204263e+01 8.459842174115257762e+01 9.311997163590113757e+01 9.954934295230496843e+01 7.883214700433569533e+01 6.448588447825115111e+01 6.181491454754438308e+01 7.895042971951177435e+01
0.000000000000000000e+00 1.999999999999964473e+01 2.808248290463822983e+01 2.333183353775325841e+01 3.974891974067094935e+01 5.257126077798660191e+01 6.225777641641328586e+01 5.848113405971000844e+01 3.831017689730397535e+01 2.426446066350077047e+01 4.437302418246202507e+01 4.903927570115497758e+01 4.104823442290541635e+01 2.816381223338398598e+01 4.215071448458229497e+01 6.135227126573872880e+01 6.905699744789282590e+01 6.403612887988391833e+01 4.408099573079410050e+01 6.403612887988391833e+01 7.306122242896309160e+01 5.490186886736827887e+01 7.306122242896309160e+01 7.956200690430897282e+01 8.783235019153615042e+01 9.273321761491297366e+01 8.442583622513670605e+01 8.808977709317038318e+01 9.028570297856204263e+01 8.137352999446154911e+01 6.434718332099350846e+01 8.137352999446154911e+01 9.413701785664135002e+01 8.229690275527923404e+01 7.198900661474550589e+01 5.186248257026366559e+01 7.198900661474550589e+01
0.000000000000000000e+00 3.999999999999992006e+00 8.082482904638586874e+00 1.279784669693262344e+01 2.436708017396464143e+01 4.432978279731346305e+01 5.548816483733143912e+01 6.372500433192728764e+01 5.275330830903647694e+01 4.437302421684335485e+01 3.498992203354851682e+01 5.514793580915726778e+01 5.572349781853334605e+01 3.710243973915878968e+01 3.813607260082987693e+01 4.937642401904307832e+01 6.839203743870909591e+01 7.211213344088207577e+01 5.413655425191869597e+01 7.211213344088207577e+01 8.299290267731061022e+01 7.476028286874488060e+01 8.299290267731061022e+01 8.407536816456386930e+01 8.626707526739481580e+01 9.460367889869795022e+01 8.075890282713777424e+01 7.230774261912243617e+01 7.982407036781289378e+01 7.137758718767112498e+01 5.301981363445910489e+01 7.290636378785043803e+01 8.556590043297353532e+01 6.513477736248260896e+01 5.357747794505970518e+01 4.611747863714729334e+01 6.022865471370526080e+01
0.000000000000000000e+00 1.999999999999964473e+01 2.808248290463894392e+01 2.696097327452361370e+01 2.134375196413752462e+01 2.803000080215606715e+01 3.559904392000220952e+01 4.967252348884586866e+01 6.952836505474274986e+01 6.354678977617096791e+01 4.660960969139651411e+01 6.354678977617096791e+01 6.433527806554134543e+01 4.836915170699416677e+01 4.937642401904307832e+01 6.534238719677129836e+01 7.635727243981894219e+01 8.194330414803214069e+01 7.393570350784918332e+01 8.194330414803214069e+01 8.912816104480197055e+01 8.486633686371320096e+01 7.656118410619573922e+01 6.419470584056020357e+01 6.636563461696273691e+01 8.075890282713777424e+01 6.917961012899557716e+01 5.239554413435405422e+01 6.825873048332321957e+01 5.149488894895441149e+01 4.565115009974710603e+01 6.538995433915225419e+01 7.871294977619346867e+01 7.702543037615326682e+01 6.099912258544912191e+01 4.098629974715645119e+01 5.507598174923007406e+01
0.000000000000000000e+00 1.414213562373082489e+01 3.414213562373011257e+01 4.691137640478061854e+01 4.132385608818297840e+01 4.797078373119637007e+01 5.548816483733143912e+01 6.372500433192728764e+01 6.062787731938756508e+01 6.891214856684817391e+01 6.681150619181471484e+01 7.523171557099118445e+01 7.535027588670020293e+01 6.739110818624317290e+01 6.839203743870909591e+01 7.635727243981740742e+01 8.289372105471457530e+01 9.119887813547370570e+01 8.459443390200918600e+01 7.628968684906335795e+01 6.919547463681212207e+01 7.656118410619576764e+01 5.672504266863055733e+01 5.022024564857822782e+01 7.001761702078097471e+01 7.230774261912243617e+01 5.239554413435405422e+01 4.109976544626661621e+01 5.095559745502536231e+01 4.020600705693767907e+01 3.913142475337648563e+01 5.041886267724093074e+01 7.027334060767282153e+01 6.852699414625936924e+01 4.841273685147391603e+01 3.695582352214782418e+01 5.100864090792052963e+01
0.000000000000000000e+00 1.999999999999964473e+01 2.644699149871661703e+01 2.982760851763065446e+01 3.347909223433137527e+01 3.784345003905114879e+01 4.243176471646230397e+01 4.797876667871449285e+01 4.062787731938827562e+01 5.477001294311872925e+01 7.477001294311730817e+01 8.973675730073283319e+01 7.979107203581897068e+01 7.152073209532781561e+01 7.563561523476522552e+01 7.970734075765069804e+01 6.305047519968579905e+01 7.970734075765069804e+01 7.310607903395445817e+01 5.645382649125561159e+01 5.520585935773658548e+01 7.185083778495437912e+01 6.253491398311848570e+01 4.276266732006451576e+01 6.253491398311848570e+01 7.024132225870908997e+01 6.474809961025405869e+01 5.095559745502495019e+01 3.131230360861551176e+01 3.145124889515150102e+01 4.529616224825201698e+01 6.508305846492832814e+01 6.906401940155357977e+01 6.748977081000047917e+01 4.738021905509036458e+01 3.338298803607387555e+01 4.738021946323324585e+01
0.000000000000000000e+00 3.202563076101736073e+00 6.446991498716973190e+00 9.827608517631011509e+00 1.347909223433208759e+01 1.784345003905185933e+01 2.243176471646301451e+01 2.797876667871520695e+01 3.692303858871404998e+01 4.847004397250615426e+01 6.847004397250474028e+01 8.143535286737423462e+01 6.160611132328154582e+01 5.176746224467495239e+01 5.584862062938805138e+01 6.988322977750144105e+01 5.168488711327065488e+01 7.143721771871774706e+01 6.423639663629990082e+01 4.505768053506288595e+01 4.381161553229072325e+01 5.849877679767200078e+01 5.026814150891148358e+01 3.750130069718476022e+01 5.725055736310631005e+01 4.920024235233609033e+01 5.639740290004661460e+01 3.671096737232575435e+01 2.538399582023556533e+01 4.488715952813776511e+01 5.641908834427805175e+01 4.987085921531998167e+01 4.936358161921674537e+01 6.540798132486389704e+01 4.977116569583434824e+01 3.010387150603957451e+01 4.990862219885684681e+01
0.000000000000000000e+00 1.999999999999964473e+01 2.644699149871661703e+01 2.137461390142332363e+01 3.347909223433137527e+01 2.502609761812439970e+01 4.243176471646230397e+01 3.876169633501695699e+01 5.626303792617610355e+01 6.520730983617394827e+01 7.675431521996604545e+01 8.973675730073391321e+01 7.979107203582546504e+01 6.164409717000140176e+01 4.193585046055682142e+01 5.467617972322435804e+01 4.425310483653932891e+01 6.397153849072594767e+01 5.599166681507934840e+01 3.623305410679259353e+01 3.498681046484333024e+01 4.402054280731586289e+01 3.051150005567208368e+01 5.026814113238836512e+01 5.524134119457508518e+01 3.452678448977651016e+01 4.059395277766231658e+01 3.736812636359054096e+01 2.207166741428484613e+01 4.102610456168119413e+01 3.994932420825212205e+01 3.091856305872823540e+01 4.759003573870913328e+01 5.742802213979161507e+01 3.907778397566919892e+01 2.696842347322829170e+01 4.624948753833762538e+01
0.000000000000000000e+00 1.999999999999964473e+01 3.828427124746080779e+01 4.137461390142261308e+01 4.965888514888421668e+01 3.916823324185484978e+01 4.135602923667834574e+01 5.876169633501624645e+01 6.704596758247684818e+01 7.567038010278180593e+01 7.567038010278180593e+01 8.400406825250695420e+01 7.781515026467918972e+01 5.800973592205175322e+01 5.467617972322435804e+01 3.498841861353294291e+01 4.950592035860675821e+01 5.771399773340253603e+01 6.423639122819523095e+01 4.667736745402883258e+01 2.685690068649096673e+01 2.415846937720887411e+01 4.402045184670667055e+01 4.847318999444338061e+01 4.886527050869544553e+01 3.988876626236766754e+01 2.001411392188351357e+01 1.734592046845468616e+01 3.567417526721169452e+01 3.878403842784742039e+01 2.001553187435938241e+01 3.079853770753502573e+01 4.097467907498721473e+01 4.201319060108459524e+01 2.927964891247344070e+01 2.396069292831070996e+01 4.084872956020267765e+01
0.000000000000000000e+00 9.999999999999912959e+00 2.414213562373111444e+01 4.414213562373181787e+01 5.770067693682504739e+01 5.916823324185413924e+01 6.135602923667763520e+01 6.964030048413823692e+01 6.978361088227467235e+01 5.556315351204226261e+01 5.556315351204226261e+01 7.567038010278180593e+01 7.936251401155045926e+01 7.781515026464749951e+01 6.289638494232715260e+01 4.950592035860675821e+01 2.982616736711538863e+01 4.372848757084493343e+01 6.345387661399612966e+01 5.130931568052731251e+01 3.151143606868411240e+01 2.001869624840987782e+01 3.568205412125793430e+01 2.854662941154641231e+01 2.916467712015342428e+01 3.558596732869381185e+01 1.637221835034296191e+01 3.644109713398771078e+01 1.833937152789223646e+01 1.903822722932163458e+01 3.787919285988169804e+01 2.098078410816115991e+01 2.165600299249550176e+01 2.233402085048428631e+01 2.300569414959281289e+01 4.266412254830967754e+01 2.492837030808098930e+01
0.000000000000000000e+00 1.999999999999964473e+01 3.215367970107935491e+01 3.770068157388816132e+01 3.770068157388816843e+01 5.293671467448407242e+01 6.122094520147317809e+01 7.486340061076046482e+01 5.482591531628523285e+01 4.157289828962491640e+01 6.145242382961538397e+01 7.347857798695491738e+01 5.924958821996854397e+01 7.347857798695491738e+01 5.755431000062999658e+01 3.785244850408948025e+01 2.647350581013036930e+01 4.171692075932306665e+01 4.991203227059597936e+01 5.954456500477915881e+01 4.750980457861969342e+01 3.556908267407823843e+01 1.602611068300184982e+01 1.410587811363414090e+01 1.475393600100813529e+01 1.541232541867293371e+01 3.559879488341351816e+01 4.026207589351291460e+01 3.872154410972301974e+01 2.756088172844087936e+01 4.476373175920139147e+01 4.264390086535392754e+01 2.548544625551964771e+01 4.200908269679495533e+01 3.800939634634170972e+01 2.799469491935109033e+01 4.498825468145318496e+01
0.000000000000000000e+00 1.999999999999964473e+01 1.215367993412879066e+01 1.770068189638098488e+01 2.477174970824633604e+01 3.293671551752331084e+01 5.293671467448376688e+01 6.925890918647041872e+01 5.482591531628522574e+01 3.514085422896058475e+01 5.482591531628522574e+01 6.455654104426142226e+01 4.526461975805328564e+01 6.455654104426142226e+01 6.578362700547597797e+01 5.309271694054550750e+01 3.338925997789323219e+01 2.190696544396805834e+01 3.758625953448691348e+01 4.578287900501988616e+01 3.980550671889104564e+01 2.625202858637098302e+01 1.320272195145905236e+01 3.335830535259385954e+01 3.498012846819934651e+01 1.947426166240887468e+01 3.456904362644755224e+01 4.742404388122789527e+01 5.300726112672166579e+01 4.312223566928836505e+01 5.073501494907323917e+01 3.124829392051747945e+01 3.933896735137558665e+01 5.318309657920251254e+01 4.659668412067423304e+01 4.767372666369300305e+01 3.332401733533197330e+01
0.000000000000000000e+00 4.850712500726639398e+00 2.485071235277485258e+01 3.770068157388816132e+01 4.477174920937637381e+01 5.293671467448407242e+01 6.122094519995881257e+01 6.093636291135481287e+01 4.115727716948375559e+01 2.996679132748878516e+01 4.956486144296493279e+01 5.625175149794636553e+01 3.659746210568062708e+01 5.625175149794636553e+01 6.245552272883750078e+01 6.131105875714438724e+01 4.991203218267714448e+01 3.758591044459250696e+01 1.758351641553005607e+01 3.362512833695260639e+01 3.175439540914590708e+01 1.233492132483135073e+01 3.261222924184828997e+01 4.161851517570782732e+01 3.016732035105565046e+01 3.877799487019769487e+01 2.599204091900460867e+01 3.155468255996570903e+01 5.196636287507821095e+01 6.740680413411278948e+01 5.520659265795559634e+01 3.551719337479455163e+01 5.520659265796736292e+01 6.711009081690991707e+01 6.569380287580807476e+01 5.692846980610072194e+01 3.725609166415765117e+01
