MOVIE_S1_data/elevation_000806.asc
nrows	100
cellsize	150.0
xllcorner	0
ncols	100
yllcorner	0
NODATA_value	-9999
[rows 34 to 50 of 100, columns 37 to 73 of 100]
4.269133701204440712e+01 6.239817557520701996e+01 7.659559389886119618e+01 6.027591217408084390e+01 7.659559413593682109e+01 7.132891079813165902e+01 7.927049235432993157e+01 6.289546362219279274e+01 4.193738551702737993e+01 3.385959000265892627e+01 5.241147910049319592e+01 5.344715140090296757e+01 7.276171107508717739e+01 8.971154433892569102e+01 7.680636585328360866e+01 8.949608965377872494e+01 9.206947986493163683e+01 8.346157803043170986e+01 8.998364324568478878e+01 6.984288457058221411e+01 6.498496757954251279e+01 6.762742686529870184e+01 8.781011778903845766e+01 9.146994800500424105e+01 7.132572881895683281e+01 5.674682448778496280e+01 7.722585458905322753e+01 8.443443854296300799e+01 8.492824272658248219e+01 6.454702968738391178e+01 7.403452135681510526e+01 5.802866784178488047e+01 5.672141806816381404e+01 5.814882247638050217e+01 5.961167096086905559e+01 8.025140674398339513e+01 8.517822325111551152e+01
4.630752516331890689e+01 5.774475148529069202e+01 7.783711143499387219e+01 7.971866893078104965e+01 8.785492955853057140e+01 8.411861386704019594e+01 7.502268160464771540e+01 6.726596385381672860e+01 5.587440325428251953e+01 5.149182231816247679e+01 3.458627250134384923e+01 5.426674018399907595e+01 6.109574645029707085e+01 8.282957432379238583e+01 9.545349886207979750e+01 9.660574752560751222e+01 8.835996055818344530e+01 8.885860923581172699e+01 9.711090189091815716e+01 8.998364933177468572e+01 7.938503400631927320e+01 8.781013041230932004e+01 9.602037338292555546e+01 9.147001677552771071e+01 7.132572891023612272e+01 6.457057506214050591e+01 7.353682189888131404e+01 9.364016778174169531e+01 9.317324015019380568e+01 7.490739137795273450e+01 8.636167469883025660e+01 6.540098963992346626e+01 7.729565564083587503e+01 7.879205585988844973e+01 8.030059572148086033e+01 6.177666973900470992e+01 6.461962134292497240e+01
5.512534816034351337e+01 7.453739999761131685e+01 8.612261371183912217e+01 8.796657421122370124e+01 7.975725740897524929e+01 7.508981717876518758e+01 5.454150160645066592e+01 6.000180789282517679e+01 5.789285787763547120e+01 5.012806192866155897e+01 3.509547223701289198e+01 4.225323688639248587e+01 5.417646965017593175e+01 7.071007415146353026e+01 9.455989277644005142e+01 8.500022776114884948e+01 6.817814590289872001e+01 6.867189566204314133e+01 8.550106840568766131e+01 9.711148015628394603e+01 9.932069967661693966e+01 1.056393844611997253e+02 1.078166067363908951e+02 9.969532792596463366e+01 9.147002637875642961e+01 7.385608343598597969e+01 9.314800236753072227e+01 1.018666533421077247e+02 1.031632241199038447e+02 8.915334867662970453e+01 9.351639133314719743e+01 7.333431581923234432e+01 9.351639133314719743e+01 9.838733660771271161e+01 7.845565468827513200e+01 6.367510527268098741e+01 8.429351279604578906e+01
6.674630919997194667e+01 8.351499508828703711e+01 9.119951123714886876e+01 7.138178696042795934e+01 5.985996467074116367e+01 6.888413174510014869e+01 6.027704742630451307e+01 4.097073886554628785e+01 3.929170996538244509e+01 5.479845617582841300e+01 3.560107516461111032e+01 4.895731792448250985e+01 6.886503160294819281e+01 7.790147493396199252e+01 8.711885315107835481e+01 7.590339248825060281e+01 5.621312281317194248e+01 5.671645658838696136e+01 6.867189566370893772e+01 8.885867353841727834e+01 9.495215427355971372e+01 8.564500286953193608e+01 8.783452982129561804e+01 1.078166067361792813e+02 1.020700386671497455e+02 8.807695109266961708e+01 1.020700387633677337e+02 1.204373714496817058e+02 1.121926458417609354e+02 1.089418126477052908e+02 1.017785986637544937e+02 8.514890103180654535e+01 1.017785986612596076e+02 9.498285794541958182e+01 7.498492132940984334e+01 8.429213809440688010e+01 6.655994045074722010e+01
8.680975892902048940e+01 9.508367708262633755e+01 9.940838473090308014e+01 8.795297279362726783e+01 6.912327706780318692e+01 4.915268568827384854e+01 4.311518571333587602e+01 6.027704742630398727e+01 5.675679957641060724e+01 3.603995877828024419e+01 3.611836682065615634e+01 5.532821410374558013e+01 6.435379574666683311e+01 6.045468508372830030e+01 7.691404565198826049e+01 6.752340479684535524e+01 4.730451026251373037e+01 6.752340578698958495e+01 8.550106840472651015e+01 8.903384936772270919e+01 7.485999337809606402e+01 7.137777554792856449e+01 9.150130925584463171e+01 9.367525039286697108e+01 1.019404430439636400e+02 1.078310499263579914e+02 1.142927370649279908e+02 1.088977417953854001e+02 9.217107987629928800e+01 1.088977417953854001e+02 1.132788224931878034e+02 1.049551846239626087e+02 1.089316062129154972e+02 8.920509727209557127e+01 9.498285797172624711e+01 8.336686269709714736e+01 8.699834335877770286e+01
9.973533166768827130e+01 9.595716796730020803e+01 9.218182694567310875e+01 7.819580649645975257e+01 6.547713315888644559e+01 4.556959873242500692e+01 5.696588925394379999e+01 7.098983409540701928e+01 6.724188076934443359e+01 5.069372689486353067e+01 4.537956648945874605e+01 3.683996092738046002e+01 5.597803710612785011e+01 4.936328335835005277e+01 5.929780717014416069e+01 5.903553885566785908e+01 4.350550303797710683e+01 6.275430877821471398e+01 8.109804366045129598e+01 7.279455395611942947e+01 6.047935262656550748e+01 8.074485105568624022e+01 9.037569529202839647e+01 7.361296350516226994e+01 9.037579763538703048e+01 1.084286685172262423e+02 9.432285731510542348e+01 1.006331897724820692e+02 8.056643619900800957e+01 1.006235384861126221e+02 1.053896166249640913e+02 1.136392909956219341e+02 1.171643842832042424e+02 1.089316062129183535e+02 1.113958476226051744e+02 1.031734479558438835e+02 8.975177518273373778e+01
8.033600922188598759e+01 7.625873098647754489e+01 7.835420348703084414e+01 6.421001922427652175e+01 5.002499012645242971e+01 4.790957108198208658e+01 6.790808285806133426e+01 8.501377893845365463e+01 7.969948502735630314e+01 6.157358275061468333e+01 6.435146590117139453e+01 5.022843100090202739e+01 3.755739682315400785e+01 5.668878250867786051e+01 3.899515834132469649e+01 3.950551907935885509e+01 4.001278543982918734e+01 5.961451411154858704e+01 6.878882188653655305e+01 5.246195163980766552e+01 7.279455060037462033e+01 8.900348972195602926e+01 8.209224611152876605e+01 6.155416841879981149e+01 8.209225221607047729e+01 1.001718996755515860e+02 8.015324057091078203e+01 8.751098798143161162e+01 7.344665475325983550e+01 9.122152322833460403e+01 8.535290679048199536e+01 1.053896166249640913e+02 1.053228922747566259e+02 1.135697486748450586e+02 1.053918505760259308e+02 1.136388534274945386e+02 1.094865073728423823e+02
6.643024551562686497e+01 6.225243126547832162e+01 5.850360519034503426e+01 5.492221770264522007e+01 7.001003657793694401e+01 5.036722086794010522e+01 6.457310055080859001e+01 8.436586353616836220e+01 8.993098970930728342e+01 8.170436751072138293e+01 7.832519001283911564e+01 6.125974517847929945e+01 4.178041935161478193e+01 3.826689659775240671e+01 4.083504632675658996e+01 5.894441156023342643e+01 5.960953420189349572e+01 4.073393088462937328e+01 6.045240513308094421e+01 4.761631419504541896e+01 6.782975714511022147e+01 7.858854744242296420e+01 7.467218051509851762e+01 5.383735829979135445e+01 7.467218737851256094e+01 9.125452420215130189e+01 8.751098798099735632e+01 6.735826387837776963e+01 6.669235259832677798e+01 7.110433876197197378e+01 9.122152322833460403e+01 9.818793840532028128e+01 8.532413240769808738e+01 1.020385241206839879e+02 8.539339031875883279e+01 1.021076913999930298e+02 1.162236557055022388e+02
8.614031503290844682e+01 7.370475004166847555e+01 7.835420348703084414e+01 7.484364446446312513e+01 5.801627701776720869e+01 5.326226945988450723e+01 6.743678517411328244e+01 8.718737659631949555e+01 9.116144945168822744e+01 8.102734874943416798e+01 7.265592356367201887e+01 6.137587582940250286e+01 4.158919752939085157e+01 5.768841871917116748e+01 6.031133823772513836e+01 4.474043268484511060e+01 6.435224969249539129e+01 6.045233495975670479e+01 4.145729312194561800e+01 6.129398293481656168e+01 6.246340466375696820e+01 5.753127762460056260e+01 6.399223892260560831e+01 4.829313668593150766e+01 6.233567734038496866e+01 7.549946665321591865e+01 8.004542023728819800e+01 6.005920755297103142e+01 6.025376511148093073e+01 8.030645176205034375e+01 7.804145913703952431e+01 7.804145912270959684e+01 7.369410779723678218e+01 8.311049904923899589e+01 7.376194828182073593e+01 8.799172709448384921e+01 1.048176285122623170e+02
1.015685647676584864e+02 9.339801756310309599e+01 8.561687294871084930e+01 6.588361765299701744e+01 7.615463493114407356e+01 5.626182057432593808e+01 7.038079481499289614e+01 9.009391804745769150e+01 8.281396298693297808e+01 6.249788414052340357e+01 5.228814319626016527e+01 4.526505349526579636e+01 6.137587582950788345e+01 6.976005110341142768e+01 6.753164914753681103e+01 4.769685900152632030e+01 6.750509624873987491e+01 6.922259368580530747e+01 4.242272997803603118e+01 4.219485008234426715e+01 4.272227909717241090e+01 4.325788341286580163e+01 4.380567336127795386e+01 4.436476046462147593e+01 6.461340455857612142e+01 5.724844656923436759e+01 7.300983915443548256e+01 5.352090967712929626e+01 6.868336904061422388e+01 6.935998956380251457e+01 5.107840777351715644e+01 7.683696908302012218e+01 6.457722346564455052e+01 6.286313549683145396e+01 6.934898803415985924e+01 7.651963807024044684e+01 8.656489561437238933e+01
8.830247631431873856e+01 8.088505369058815120e+01 7.432897869346922448e+01 8.081740332203111166e+01 6.103526508999341615e+01 6.629261006844861015e+01 7.615463493141571405e+01 9.586617772031594598e+01 9.116144945168822744e+01 8.102734739352753479e+01 6.867258185239501245e+01 4.832170512043499144e+01 6.867258186283014254e+01 8.382859269294448268e+01 7.070720796678558884e+01 5.087561009257682798e+01 7.045582372877936450e+01 7.992576823981249845e+01 5.907757583105161814e+01 6.214968523862794569e+01 6.264393068856666957e+01 4.981178119765116463e+01 6.398533566437465936e+01 6.288254782599894810e+01 4.518449870560175441e+01 4.579866620054261972e+01 6.615463267771072253e+01 6.216969633028620024e+01 4.826263416664255601e+01 4.893635063871992230e+01 4.961585483269544739e+01 7.003772166509845931e+01 5.617246052019106628e+01 7.654138686999354491e+01 8.947485792348629730e+01 9.656030293680289844e+01 1.048176285122623170e+02
1.080233604055491554e+02 1.005695668434085235e+02 9.400806246015386591e+01 8.419787187502566894e+01 6.448685751412529044e+01 8.419787187502558368e+01 8.240185276344821830e+01 1.020715781553179085e+02 9.741142454510286086e+01 7.720505136978916028e+01 7.202708961212067607e+01 5.162241531939598360e+01 7.202708961212067607e+01 7.570353018649727517e+01 5.603298993694214403e+01 7.070720796678473619e+01 6.500022975156912253e+01 8.449684763918367025e+01 8.047640193685987242e+01 8.081103998756475448e+01 6.071625004941034121e+01 7.007353866142773313e+01 6.882500855437299947e+01 4.843389820671195878e+01 6.550132063205596467e+01 6.435964057937788141e+01 4.669045916490666315e+01 4.733247029405045225e+01 6.774247908898693993e+01 6.935998941023554210e+01 7.003778391523920277e+01 5.058002258227489278e+01 7.048440764701315686e+01 7.192165898532671520e+01 9.193694973021378303e+01 9.686904594893930209e+01 1.051339192519520367e+02
1.141176194665824539e+02 1.059225358177191794e+02 9.934895390104092883e+01 8.772963500749008858e+01 6.807293224340669724e+01 7.941816339941202330e+01 9.903172627923369475e+01 1.101898015906115944e+02 9.151551936158837464e+01 7.127746155146770946e+01 5.681939525858704343e+01 6.608397082509050335e+01 8.040039399572334844e+01 7.939024727093821809e+01 5.988197415157022618e+01 7.939024727093820388e+01 8.450449526674238143e+01 9.270360044751615192e+01 9.472760146644566248e+01 7.504722179491686518e+01 8.081147154438176017e+01 7.224825673974987694e+01 5.185163439208749026e+01 6.882500855437309895e+01 7.715559703463254948e+01 6.329140328347395439e+01 6.708286664891691942e+01 4.964286208321718163e+01 6.569371345587191513e+01 8.628093468178030889e+01 7.933224000835927825e+01 7.099987593632157257e+01 5.156126050314957610e+01 6.605613769757862030e+01 8.628402662220599950e+01 7.683577735543579479e+01 8.968243720326039181e+01
1.001271573255320106e+02 8.620179006760764651e+01 7.969302774888380725e+01 7.464127383919962710e+01 7.503669992598565841e+01 9.466558306989610116e+01 1.071776038522048680e+02 1.029384142314036978e+02 8.278980259798240127e+01 7.108311328794346196e+01 6.085279465406581068e+01 8.119436059058300259e+01 9.471680241897072960e+01 8.752216910842072650e+01 7.939024727093821809e+01 6.579223814686388039e+01 7.939951605483321373e+01 9.878372311165036024e+01 1.026033318400490799e+02 9.472760146644566248e+01 8.586382866504945355e+01 6.733317015722184351e+01 5.432060879943262677e+01 6.616881005016762174e+01 8.636434254573727287e+01 7.753677965383420201e+01 8.012648047099969517e+01 7.172703977338112225e+01 6.068406673521281647e+01 8.157510101816531289e+01 9.119343822459613591e+01 7.267452548097450915e+01 5.225686570377462203e+01 7.267454989332128434e+01 7.959899450651228392e+01 6.513675450579030723e+01 6.961256913662735712e+01
1.001271573255319254e+02 9.934895390103466184e+01 9.356267624647105663e+01 8.849819668194020039e+01 8.889711879670822725e+01 8.889599718040641108e+01 1.086155491242613778e+02 1.112586906096022403e+02 9.397390633350863709e+01 7.376767033665925055e+01 8.119436059580871756e+01 6.860337563127933436e+01 8.294355429642727984e+01 1.030922145035733593e+02 8.936582912990674288e+01 7.018568649018693861e+01 8.117031219297905409e+01 1.005611134628957473e+02 1.081209022101735968e+02 9.808932613197322326e+01 8.653222960380757911e+01 7.328631079626563860e+01 5.691553412749119900e+01 7.749017432118650106e+01 9.464313165692050234e+01 9.752102721343887026e+01 9.571722311662301763e+01 7.571724264502992696e+01 7.571724264502992696e+01 8.984742894832990601e+01 8.315810838131265825e+01 6.442856266515849484e+01 5.295341402375449036e+01 6.993571653601223659e+01 5.929245945516517224e+01 7.371712018542895350e+01 8.968243720326039181e+01
1.199138171719491197e+02 1.191115249795090563e+02 1.133182638903599297e+02 1.082173930944485249e+02 1.086651396267950105e+02 1.086155491193389935e+02 1.167721068260869828e+02 1.102831303315437594e+02 1.023023190040906343e+02 8.807756751561117881e+01 9.557086281267038430e+01 7.539315315647880311e+01 8.884496009534402106e+01 1.089769062453358117e+02 9.431902027162763602e+01 7.513539346916037687e+01 9.431902027162763602e+01 1.088975435217014223e+02 9.979304328130132262e+01 7.974732032663858661e+01 6.973254219843285284e+01 6.200450980510585453e+01 6.089493753278321719e+01 8.144506417219008654e+01 9.578395495490930500e+01 1.075661497366915000e+02 1.039776576864895219e+02 9.571722311662377081e+01 9.571722311661876859e+01 9.138964302849777255e+01 7.814778538948792175e+01 5.780736278316601329e+01 7.337071802025951683e+01 5.396334523526898863e+01 7.438019381911159655e+01 8.789247228187495864e+01 1.020681577175545556e+02
1.143867711380423771e+02 1.045072113502103122e+02 9.632271710388114627e+01 1.045072113472185293e+02 1.029877722437762770e+02 1.111554922913604742e+02 1.044326984781921510e+02 9.043452852391875751e+01 1.044326983753993403e+02 1.082089274753337946e+02 1.038963638637273448e+02 8.967704591172162054e+01 8.967704591671923708e+01 1.097997965006131409e+02 1.004385722562436172e+02 8.108684972505342614e+01 9.431902027162763602e+01 1.141317360804310113e+02 1.081209022101731136e+02 9.808932613197322326e+01 8.647274201469568311e+01 6.621485632288101897e+01 8.144506417219008654e+01 6.684992339080814361e+01 7.870578447132568556e+01 9.920128884102292943e+01 1.143539976648061582e+02 1.083264613290141085e+02 8.839061994624805152e+01 8.312116131881130343e+01 6.290238686606578966e+01 7.814778538948792175e+01 7.510797250061050079e+01 5.469210976950769520e+01 7.510797062832261872e+01 9.109172586582782571e+01 9.928087114415626502e+01
