MOVIE_S1_data/elevation_000947.asc
nrows	100
cellsize	150.0
xllcorner	0
ncols	100
yllcorner	0
NODATA_value	-9999
[rows 17 to 33 of 100, columns 0 to 36 of 100]
0.000000000000000000e+00 1.999999999999964473e+01 2.546784793133452496e+01 2.546784793133452851e+01 3.179773607421584813e+01 4.284963038943330105e+01 3.440213449471601592e+01 4.594512478284073609e+01 6.592384233922230408e+01 6.580581515426109718e+01 7.405092363717518822e+01 8.691235662502836590e+01 6.766486756350018084e+01 4.612953753175556670e+01 3.460655817410891189e+01 2.644072496218950974e+01 3.526240085790364276e+01 1.440847075059850724e+01 3.147680163072947224e+01 3.252456962291405773e+01 4.334008138005923882e+01 4.072399886058678220e+01 4.853541744251586465e+01 5.543530052744277015e+01 6.488103434445795870e+01 7.748071367906335638e+01 7.935985796272990456e+01 6.954799272593393766e+01 5.758795792817750936e+01 4.853537190260917100e+01 4.481304837652080408e+01 5.378630430288945519e+01 7.412991794409539636e+01 8.828088084527463764e+01 9.913873579694593730e+01 9.084551369459893522e+01 9.913873579694869420e+01
0.000000000000000000e+00 2.721655269759081008e+00 5.468866548732824739e+00 1.546884549731662517e+01 3.285294416765063374e+01 2.285625794586795934e+01 4.054998430941989085e+01 4.480981274500108213e+01 4.951733821547901471e+01 4.585658656070761197e+01 6.409162529934907582e+01 7.228838664276615589e+01 7.641204933202327254e+01 6.546297997604499130e+01 5.512064540484269770e+01 3.551453332265995044e+01 2.148627810092968815e+01 1.867340230631862852e+01 1.393841713573977792e+01 1.532291117323388718e+01 3.659163848879278902e+01 4.792089601462024717e+01 3.825914773287342285e+01 4.793454867535712083e+01 6.367672495833590318e+01 8.416017223016545756e+01 6.903962320636233585e+01 4.667368965251736768e+01 5.088231977938276174e+01 3.697354874571077232e+01 4.329126792907546672e+01 5.036592392305325205e+01 5.937871080143401059e+01 7.378886642602789436e+01 9.430159591343522152e+01 9.103263071962577158e+01 9.948059628133221111e+01
0.000000000000000000e+00 1.999999995097554617e+01 2.546784792106658912e+01 9.732880874815066363e+00 1.285635610977730536e+01 1.663600081514280049e+01 2.055832334471148215e+01 2.482233637475633614e+01 2.953637216244978703e+01 3.660721321918997262e+01 4.416510957262624260e+01 5.827132832011341890e+01 7.799990323025420480e+01 6.386756521821511967e+01 4.370427853538580365e+01 2.988433241789499917e+01 3.992649085858303692e+01 3.078640221991338777e+01 1.360395663157130564e+01 3.373570624942854579e+01 2.262728929950000634e+01 2.829264538054928479e+01 4.792910003355078175e+01 6.461728610899106684e+01 7.504763547227211973e+01 6.856170601529859709e+01 6.476463999280406370e+01 4.552744566709809249e+01 3.171247430308262238e+01 5.181019909040682592e+01 6.348858356698372063e+01 7.066561017332959693e+01 7.914121217927333873e+01 8.828088084527463764e+01 8.770276734246711214e+01 7.063092510336122132e+01 8.770276734246714057e+01
0.000000000000000000e+00 1.999999999999964473e+01 3.801030227550631224e+01 2.973060682804379695e+01 2.440311209445459895e+01 3.663048288103644978e+01 3.469835279300754394e+01 3.896106824619479170e+01 4.367286775558038414e+01 4.585658656070761197e+01 6.409162529934907582e+01 7.228838664276615589e+01 7.297144964770386366e+01 5.268413976345176764e+01 4.109321026101772389e+01 4.768718622427623899e+01 4.153105759023454624e+01 2.545718784215486963e+01 1.326715144932816948e+01 3.015838984192394179e+01 4.120152439741691097e+01 4.792898653276888865e+01 5.596912202855508411e+01 6.823430197535905961e+01 6.267107573820027255e+01 4.836458503230343098e+01 5.258350285194863005e+01 4.420653152720823442e+01 2.845299103020893483e+01 4.002616761286500946e+01 5.423912528401140776e+01 7.453088296838397753e+01 7.351541398263941574e+01 7.753139114154105016e+01 6.909378285718003099e+01 5.893386399463485503e+01 7.327608000568442037e+01
0.000000000000000000e+00 1.000000000000008704e+01 2.414213562373128852e+01 4.414213562384870215e+01 4.439562943734895129e+01 5.267092699585579396e+01 5.467707247835230788e+01 5.892993103687430079e+01 6.362713806465539790e+01 6.580581515426109718e+01 7.405092363717518822e+01 8.680666686784293518e+01 8.129456999074902512e+01 6.961200575097687704e+01 6.125850570998419187e+01 6.063132881408385799e+01 3.772165216594441972e+01 2.346838152119748599e+01 1.292830137437552906e+01 3.129904935414723255e+01 3.955831137840416289e+01 4.365065993266873079e+01 4.316220628339486609e+01 5.614943133878846737e+01 4.838126297980132051e+01 3.416700897534931869e+01 4.005815609174409531e+01 2.411954876444136175e+01 4.420653152719506096e+01 5.694075563037608134e+01 5.259318062980077713e+01 5.584999988742504229e+01 5.326912875014406268e+01 6.270293729517740644e+01 4.888415794561078798e+01 5.556638877977138691e+01 6.269658948671052912e+01
0.000000000000000000e+00 1.999999999999964473e+01 3.828427123025454648e+01 4.979179716173083392e+01 4.738453181905557443e+01 5.566880309566411711e+01 5.315803451093837140e+01 5.315803451093837140e+01 7.315803451111797528e+01 7.916740478081172228e+01 7.122118398142146134e+01 6.771841027741555763e+01 8.680666686784293518e+01 7.549213965497042977e+01 6.463248854488513473e+01 5.574119411060833329e+01 4.691291933010732151e+01 3.582379403832017317e+01 1.458083379595742102e+01 1.244751813678045416e+01 3.125075689114211031e+01 2.463486446816205699e+01 4.329732121960261537e+01 4.400507455047978311e+01 2.749674805015993329e+01 3.756446863018528859e+01 1.998017248221431785e+01 4.005815609174409531e+01 4.565020562627206147e+01 4.810450407487717683e+01 3.251967825298713421e+01 3.577269085829614426e+01 3.910435556752142361e+01 4.257508541551227665e+01 4.888415794561078798e+01 6.909378173562457448e+01 8.305540711638067819e+01
0.000000000000000000e+00 1.999999999984341059e+01 2.150752610397282183e+01 3.136539048019847797e+01 2.738453181903434697e+01 4.161102912714105173e+01 3.315803451093070464e+01 4.730017013466215303e+01 6.730017013468837206e+01 7.122118398142146134e+01 5.214572376957912780e+01 7.122118398142146134e+01 8.344486820769041913e+01 6.670598033236325364e+01 4.477640788885300083e+01 3.357503029769057434e+01 2.532228371322129945e+01 2.030999000879233662e+01 2.632975766552707242e+01 2.728624750428969392e+01 1.196868405009205460e+01 3.146701027067377154e+01 3.879502138820222257e+01 3.345546814577681261e+01 1.575871730236262991e+01 1.749037398956119560e+01 3.756679313374137763e+01 2.323417129777480383e+01 2.556874657163150033e+01 2.802560954273692673e+01 3.276193047757080734e+01 3.776727001681393148e+01 5.785013859102322442e+01 6.270293775570869599e+01 6.909378173562457448e+01 5.963299112080056119e+01 6.975866935578567052e+01
0.000000000000000000e+00 3.651483716701099613e+00 7.365390480242121285e+00 1.136539048024208753e+01 1.583752643524162806e+01 2.161102912713778323e+01 3.315803451093070464e+01 5.315803451093837140e+01 6.455165131856247740e+01 5.660007189058877231e+01 4.518255086752557048e+01 5.642013895949631319e+01 7.548285991492709002e+01 7.549213965427261996e+01 6.171007155381277443e+01 3.831664456299677823e+01 4.095111810699911103e+01 3.552816375569818774e+01 4.280421743035905990e+01 2.851252607241263703e+01 3.036633192742474563e+01 1.149486546057812042e+01 3.010499394190192390e+01 1.331587428616983715e+01 3.347665832365352401e+01 2.751013330897133002e+01 4.558749724584239260e+01 4.331580055838441723e+01 3.454318278546375609e+01 3.560770557810880632e+01 5.282152755169267522e+01 5.785013859086782162e+01 4.560072487902527172e+01 6.574487332559984054e+01 8.294261941378086078e+01 7.995790539928970020e+01 8.840687769251337613e+01
0.000000000000000000e+00 1.999999999999964473e+01 2.736539048024280518e+01 2.291239586403480644e+01 3.583752643524393022e+01 3.216745805379672873e+01 4.989530037915778848e+01 6.144230576609535177e+01 5.660007189058877231e+01 3.694046557646050388e+01 5.660007189058877231e+01 6.344687726229474123e+01 7.151436373389282153e+01 8.290797739966932056e+01 7.129587239663835874e+01 5.245248949777977998e+01 6.312779940617324570e+01 5.764555009177107792e+01 5.701648653545130685e+01 4.868996207863955306e+01 3.927091482521280597e+01 3.101790541443437377e+01 1.102880133251918870e+01 1.207987420452441540e+01 3.306900129843339897e+01 4.162845479915456082e+01 5.549904832584979175e+01 5.462590193475377021e+01 4.871885151765086164e+01 4.977159743115633717e+01 4.978363225536388370e+01 7.010352881378547352e+01 5.981226154953105123e+01 5.505195555895121373e+01 6.266800265469932896e+01 7.437000800060161509e+01 8.873204184957134544e+01
0.000000000000000000e+00 1.414213562373107536e+01 3.414213562373178235e+01 4.291239586403813178e+01 5.119666711552906690e+01 5.216745805380919876e+01 6.045172930984169568e+01 6.552001557786726949e+01 4.616212213572496381e+01 3.196755057990117521e+01 5.183191785544182295e+01 4.398536918298792386e+01 5.530619658512163284e+01 7.462169850437337004e+01 8.353369431462610351e+01 7.806547857467505480e+01 6.963225350120126222e+01 6.030651433776046844e+01 5.193935563929507282e+01 5.754917848539929537e+01 4.615077483192680319e+01 2.554037176145140720e+01 1.071234582011819469e+01 3.102731284586333516e+01 4.210951152742259040e+01 6.033777138671316465e+01 7.017582895134667353e+01 7.481287903066655076e+01 6.888458634891317445e+01 6.993155518717574637e+01 7.016394355105774139e+01 7.881761838664172615e+01 7.999288054562973116e+01 7.527849678130866096e+01 8.294261941378086078e+01 9.129552898866542421e+01 9.446904701386235104e+01
0.000000000000000000e+00 7.559289460184577258e+00 1.650356137018389191e+01 2.805056675397661081e+01 4.805056675397731425e+01 6.146375082387505273e+01 5.347476479562816820e+01 5.347476479562816820e+01 4.749715818424605374e+01 2.750751143038087321e+01 3.237356824234513653e+01 4.652024568692830542e+01 6.594878728468358986e+01 7.191155318492688764e+01 7.490525857504111684e+01 7.743800075718776554e+01 5.523172052064620630e+01 4.084627207053873121e+01 3.327758524429565057e+01 4.280755591728573961e+01 4.358716858897921043e+01 2.957231158097798129e+01 1.039958450908863696e+01 3.073165393259868594e+01 3.154628413494365446e+01 4.591875818128782072e+01 6.616130285817037304e+01 7.078621953716685766e+01 7.936856276690815548e+01 7.652379253121888780e+01 8.503629050524673971e+01 8.240606125977225815e+01 7.754429637502347816e+01 7.482749286914933862e+01 8.339602249759280994e+01 8.817895231666342681e+01 7.360800835438115541e+01
0.000000000000000000e+00 1.999999999999964473e+01 3.584356070764747670e+01 4.478783261764679224e+01 5.633483800143951470e+01 5.347476479562816820e+01 3.375307388004665654e+01 3.375307388004665654e+01 4.332902927663572967e+01 2.327040227257583282e+01 4.332902927663572967e+01 6.021965904950722148e+01 6.068171961577267837e+01 5.507523103683738697e+01 7.191155318492688764e+01 7.765964022209223572e+01 6.963133783193264037e+01 5.352670013394611459e+01 3.509229455888311122e+01 2.530167844456940074e+01 3.053506543029754638e+01 2.894055505723739330e+01 1.008800676022100973e+01 1.726254963467433967e+01 3.185618502014896336e+01 5.385324985343171988e+01 6.112481064640522987e+01 4.922069470901655563e+01 6.706095321217907212e+01 5.510617229203174361e+01 7.281737093669771355e+01 6.128577285130072028e+01 5.617923873673316848e+01 5.337258576009082844e+01 7.112032800957187817e+01 7.971350103205506343e+01 5.831411019178581512e+01
0.000000000000000000e+00 1.042728410089756963e+01 2.524215152453523814e+01 4.568992143521479221e+01 5.118166402886613753e+01 4.304849551630847060e+01 3.952942338674097300e+01 1.948966801967793572e+01 3.542495760058051957e+01 1.989803753322514623e+01 3.562878423451013532e+01 5.754400576375969223e+01 4.343409330306737104e+01 5.136240305690989061e+01 5.907049390191892968e+01 5.864376759184152377e+01 7.216948373080705892e+01 6.182448455265662801e+01 4.894669806651739208e+01 3.119377589488402336e+01 1.890549168554913351e+01 2.687624579983936357e+01 9.777872462996450409e+00 3.066587229127210179e+01 4.387933962797868048e+01 5.407490958173477225e+01 3.959012747435164670e+01 3.679233574855769717e+01 5.833536313751508118e+01 4.259456901954585817e+01 6.322861884446016489e+01 4.603358567575983784e+01 4.086792633469661240e+01 4.086792798135579829e+01 6.243885509436791637e+01 7.214725592723054604e+01 5.048891476749140850e+01
0.000000000000000000e+00 1.999999999999964473e+01 3.722521422985142436e+01 4.533017303639638840e+01 4.281623860263177050e+01 2.282189545022533039e+01 2.859350743804630213e+01 1.234397274646512521e+01 1.532167257531315840e+01 2.680571156648462150e+01 4.581400788166326521e+01 5.916849687617944653e+01 5.136240297551506018e+01 3.339799321995236880e+01 5.136240299370371787e+01 4.572786565090800082e+01 6.421338766802215048e+01 6.003384524695548663e+01 3.632812140405936674e+01 2.322395783321650953e+01 1.494428326519341610e+01 2.190085109041395484e+01 9.468356775739653841e+00 2.546882067609682210e+01 4.787986772383747081e+01 4.589749295797961537e+01 2.471312381832812122e+01 4.589749334010471671e+01 5.451465996859843699e+01 3.308986994243381474e+01 4.379644842379716607e+01 4.607724723219889285e+01 2.865124985164834115e+01 4.998430285301474640e+01 5.725528791209982415e+01 6.045535305392318293e+01 4.498811830500083886e+01
0.000000000000000000e+00 1.555389758976884451e+01 2.940228481848042819e+01 3.013778560876871637e+01 4.138888006226392235e+01 2.852902804634473100e+01 8.502650096479964503e+00 2.849754246074540021e+01 3.537082653858021075e+01 4.303796453030452085e+01 5.342820614086851805e+01 4.048509175427154361e+01 4.048510093331092463e+01 2.776255158532305600e+01 3.430981566178367359e+01 5.252211187806748427e+01 6.387541203375319299e+01 6.654411493337985917e+01 5.392081200052643197e+01 4.089264139572423318e+01 1.283558180290033235e+01 1.084926856847414278e+01 9.157297700645877114e+00 3.003967812229256396e+01 5.053976413787401611e+01 3.975705989352404401e+01 1.886988459887854219e+01 3.622514639361670419e+01 3.834484624979000955e+01 4.053212510264721402e+01 2.272626041495552940e+01 2.508457706006572963e+01 4.626996632547779598e+01 3.270522310489663909e+01 3.564961319119985461e+01 3.875164192921065620e+01 6.045535305392318293e+01
0.000000000000000000e+00 8.279207083290755165e+00 2.342006289739537905e+01 1.909730245763489620e+01 3.428956008472594164e+01 2.537690407748791088e+01 5.984504339145710006e+00 2.260671431459458347e+01 2.967537990313952534e+01 4.044101031921825040e+01 4.158534260461763665e+01 3.527465487273035194e+01 2.167986282472478976e+01 4.048508392942376588e+01 5.252194585839350793e+01 5.862534083728522916e+01 4.626269066584448098e+01 5.539229067809447571e+01 5.638754722157827359e+01 3.645847564004428421e+01 2.869905039615379749e+01 8.718721951570607587e+00 2.501887384655889335e+01 3.521222283463914948e+01 3.986943774706827526e+01 3.142649264502419371e+01 1.348711203497323119e+01 1.549869846558144992e+01 1.753543690181047765e+01 1.962031761100969263e+01 4.053287065628644825e+01 4.626995400996007390e+01 4.118880846026332421e+01 5.419976005432532418e+01 5.094856434065442130e+01 5.416180739079916862e+01 4.618537578792695797e+01
0.000000000000000000e+00 9.561965106257531488e+00 8.386534023267982363e+00 1.841767346680525463e+01 2.009623902492429792e+01 1.808111860914074143e+01 2.109877675177740741e+01 1.968649543419926040e+00 1.396959689588133635e+01 3.260470466596585482e+01 3.033285639768670094e+01 1.609318994989053309e+01 3.527323377871174159e+01 4.363851803595483858e+01 4.520732443447501225e+01 4.182261573027053458e+01 3.454947100767026313e+01 5.138277429668558227e+01 5.457074743506847625e+01 3.317907901465728315e+01 1.861228978271778445e+01 8.640987257492390938e+00 8.289787316655029770e+00 2.796432661100573469e+01 2.876702502424519992e+01 1.085944506295265732e+01 3.143369639778495639e+01 3.001532174177292944e+01 2.936675150942024359e+01 4.053287065826301472e+01 3.428239768991132763e+01 5.562285138280173413e+01 6.035760541223669406e+01 7.224279916038508986e+01 7.248106549244461405e+01 7.564931634921234149e+01 6.790518675462598708e+01
