MOVIE_S12_data/elevation_000752.asc
nrows	50
cellsize	150.0
xllcorner	0
ncols	50
yllcorner	0
NODATA_value	-9999
[rows 17 to 33 of 50, columns 0 to 36 of 50]
5.436832538903087209e-02 2.005436832538867620e+01 3.844907352574318082e+01 2.472370316648964916e+01 4.271943553228095425e+01 4.470649891576997703e+01 4.452242173718990159e+01 2.533592991749208068e+01 3.641651936701838821e+01 5.557244462246826089e+01 6.156799155824321446e+01 4.330407272916109207e+01 5.364947919126883136e+01 6.845716385893882716e+01 7.930535848999541315e+01 9.667870753832404773e+01 9.765876253984828281e+01 7.635936372369970115e+01 6.181640569410991759e+01 5.278770237005527122e+01 4.567672461267957118e+01 4.094349582837684665e+01 3.666445523013990027e+01 3.383015640775295907e+01 5.391951598571291981e+01 6.875634674981574790e+01 7.465082541417132234e+01 7.952121368345126484e+01 7.584173897608343395e+01 8.586819193960931784e+01 9.416294182727529005e+01 8.839809679831947165e+01 6.838646366269826160e+01 5.684086332808490738e+01 4.791510930976983929e+01 4.791510930976964033e+01 5.832388675169090675e+01
9.647730019007895452e-02 1.423861292392115452e+01 3.423861292392185618e+01 4.436410422245440088e+01 4.435060716637989486e+01 5.662893491378771671e+01 3.747130192047572450e+01 3.141386634139401224e+01 5.058756708491848286e+01 6.365207596560822623e+01 7.155736476418761072e+01 6.321870896926919414e+01 7.155725954817184231e+01 8.368246714418435772e+01 9.397417900647990052e+01 8.499293768096259782e+01 9.297252574123184843e+01 9.082054402362777523e+01 7.774234361173157026e+01 5.731979717968965815e+01 5.993507318845106369e+01 5.517606047416909121e+01 5.678214374836137068e+01 3.784322498358078235e+01 4.034158248887404596e+01 6.044044953706433887e+01 7.609379985276426339e+01 8.768860973186393437e+01 9.589299865271475198e+01 9.384045949462215219e+01 8.557167277028197816e+01 8.557167277028197816e+01 8.310054152535967376e+01 6.309501353343279106e+01 4.896884977910757897e+01 3.899727682364023451e+01 4.420584884222486011e+01
9.953738903938927352e-02 1.164654277283200656e+01 2.578867839656320982e+01 4.578867839656391681e+01 6.401581247091618820e+01 5.662261543235073447e+01 5.662513034264453893e+01 4.247688144344468952e+01 4.352917639595423793e+01 5.704329082853195132e+01 7.643487524485249196e+01 7.558548683150111458e+01 7.607665871575703420e+01 8.337107521963059753e+01 8.354787211441090733e+01 6.354297489454375381e+01 8.354787211441090733e+01 9.618261355095029330e+01 8.623572459025230330e+01 6.908341573149714065e+01 8.019989954336962512e+01 7.537319732004141315e+01 6.204189785969099091e+01 4.193987064099678719e+01 6.044044953706433887e+01 4.767596618146685472e+01 5.928724186348817682e+01 7.938655871815849707e+01 9.714727842409946845e+01 8.557167277028197816e+01 6.555906614787555498e+01 6.555906614787555498e+01 7.969976282124886779e+01 7.723255733296278436e+01 6.677591788628063796e+01 4.679655707828489142e+01 3.268674803678834451e+01
3.582433992925927735e-02 2.003582433992890444e+01 3.558953123303069788e+01 4.506784629165638023e+01 5.855042141461007077e+01 7.587001509796753851e+01 6.975792922559942610e+01 6.165938154931812676e+01 6.272295440612087702e+01 7.085524561678111866e+01 7.011686114619467958e+01 5.754039783231637273e+01 5.925325631000235660e+01 7.147841475897766372e+01 6.496415994064282984e+01 5.253972241708633106e+01 6.534241092265924067e+01 8.755072941936143138e+01 9.822583823942001402e+01 9.002092110679485870e+01 8.629901283982309224e+01 6.621196592850822071e+01 5.198846996456194347e+01 4.730768067007482358e+01 6.741609861165055406e+01 6.778221272158702959e+01 5.715575465210904582e+01 6.877127234739305095e+01 8.885333280438176473e+01 8.592919969428601235e+01 7.142060388387265846e+01 5.142821250448803738e+01 6.995512883775866442e+01 6.687167973654371167e+01 6.389371572170339419e+01 6.092456903461400941e+01 4.757811770696290665e+01
8.338298177320474514e-02 6.823266213725084128e+00 1.538139043918478244e+01 2.785663829174005457e+01 4.952540502318343130e+01 6.282359779226578667e+01 6.292391567511195660e+01 5.462415749334360271e+01 6.292391567511195660e+01 6.138062395939821414e+01 5.332562245890220254e+01 4.425745234411645868e+01 6.074631728751815984e+01 5.652713560233179635e+01 4.315279744247349925e+01 5.837012477624683982e+01 8.088356906529313051e+01 8.283892571240959057e+01 8.380869594418328461e+01 9.209575205990321933e+01 8.629901283982309224e+01 6.621196592850822071e+01 7.209532575482003836e+01 5.311100274706787872e+01 7.322149875290367049e+01 8.556282245309195389e+01 6.877127234739305095e+01 8.556282245309195389e+01 8.178930595994881969e+01 7.179144785732611922e+01 5.765266316422060555e+01 4.478506862498153396e+01 4.997209475489570707e+01 4.689488980957587216e+01 4.392099151271529678e+01 4.731369560799917195e+01 4.491003234765670271e+01
1.813270376062421294e-02 2.001813270376026921e+01 3.558931703080624942e+01 3.000196038550091870e+01 3.942830999308532824e+01 5.496926346322907619e+01 5.282009335646936421e+01 3.434599056544715978e+01 5.282009335646936421e+01 5.333303777846656146e+01 3.369616591096689007e+01 4.522813319271918431e+01 4.984354849402347298e+01 3.570990203951770070e+01 5.049860276556250938e+01 7.256522614839570906e+01 7.792581299201218314e+01 6.371282937863122697e+01 6.375587392412514021e+01 8.380869594418328461e+01 9.459542913433604383e+01 8.629901283982309224e+01 7.957953021434110497e+01 5.947366936118974934e+01 7.957953021434110497e+01 9.714727842409946845e+01 8.885333280438176473e+01 8.766398232706217186e+01 6.764905276811578005e+01 5.351202311989876392e+01 4.354714848527607529e+01 3.964042597661092771e+01 3.587057016407499077e+01 3.278845158791277470e+01 2.980871228194842359e+01 2.734736901121872066e+01 2.493982646837991268e+01
2.351309638313057310e-02 1.416577262056921960e+01 3.416720077208723438e+01 2.617436339037978854e+01 2.890125231750560530e+01 3.863882052135254952e+01 3.434142520224055062e+01 2.419777637508572710e+01 4.448507402939537059e+01 4.887530750208721031e+01 4.053271592371665832e+01 2.512294821009794887e+01 2.931808265191397922e+01 5.027362696609451831e+01 6.013297270379769088e+01 6.848007810414051733e+01 6.101238587983099393e+01 4.939101154642327884e+01 6.375587392412514021e+01 8.380869594418328461e+01 8.939809996131388914e+01 9.768130932461649252e+01 8.788143286479129301e+01 7.370066484102410698e+01 7.370066484102410698e+01 9.377236672996838251e+01 9.807919946989247251e+01 8.452189989316494234e+01 6.450604279477835235e+01 5.037743889230956995e+01 6.351165651542949320e+01 5.959629365336524387e+01 5.582498990145775508e+01 3.665774164199438445e+01 4.977086699475921705e+01 4.731369560799917195e+01 4.490422097379391175e+01
2.372884694381488524e-02 2.002361860040577213e+01 2.266848807920582942e+01 2.371962929332884329e+01 1.276950942212088869e+01 2.660475654873030393e+01 1.414048350902003826e+01 3.434142520224055062e+01 4.440399985461583299e+01 3.604507497771409419e+01 2.039585438716488852e+01 4.053271592371660859e+01 4.317456914900456155e+01 4.572385967461218570e+01 3.970879057900101827e+01 5.330537508335112307e+01 4.059793964088952123e+01 6.101238587983099393e+01 7.792581299201415845e+01 8.303295374627472825e+01 6.935262013877056120e+01 8.611617039341271607e+01 9.507741356418873124e+01 9.377236672996838251e+01 9.377236672996838251e+01 1.020622008885584506e+02 8.981504762199840286e+01 6.979412020736464228e+01 5.978773661925748684e+01 6.036001128695880880e+01 7.864852140203664987e+01 7.293669013382640287e+01 5.294892787733581230e+01 4.218833014578088125e+01 6.215431977124242735e+01 5.885109472612054304e+01 3.888630130780999394e+01
6.296921807001566729e-02 1.367625137542822333e+00 2.675063562495704872e+00 3.990953216980384521e+00 5.342374177185093664e+00 6.722349071296711109e+00 8.112095753009317178e+00 2.827543841452794382e+01 3.185793315164582751e+01 1.592257590622226893e+01 3.604507490934275182e+01 3.963313227346122147e+01 2.282544501591778285e+01 2.532425232051757646e+01 2.789448861736606133e+01 3.281757869070982281e+01 5.330537508350363396e+01 6.023558354790263536e+01 6.416215652858636531e+01 6.293110339970257883e+01 5.768672419982287636e+01 6.673947447790726528e+01 8.093079889728849707e+01 1.009458897732889113e+02 9.824447492068587451e+01 1.004329738909126490e+02 9.807919946989247251e+01 8.807891379342626692e+01 7.134370855778243481e+01 7.451544829098243383e+01 8.865083971571652910e+01 8.121104640943981678e+01 6.817944929129288312e+01 4.819635535440698249e+01 6.817944929426434442e+01 6.711571400812155730e+01 4.886151164625916721e+01
8.175220331382776484e-02 2.008175220331347077e+01 2.266850092788732240e+01 1.031286233396269658e+01 2.594931210199899496e+01 2.687486617881070572e+01 2.827540800844924007e+01 1.014690433333695196e+01 1.166189111374622378e+01 1.343867974354949801e+01 3.365435963065652203e+01 1.935492416323770115e+01 3.366047233851679010e+01 4.572385967448079924e+01 4.834106565623160634e+01 3.248758591040601829e+01 3.599674890126337345e+01 3.976473621138762127e+01 4.375908482207231742e+01 4.852096562772488397e+01 6.293110339970257883e+01 8.303295374627472825e+01 9.507741356418873124e+01 9.237433578162443837e+01 7.821834412774478551e+01 8.040948299488471207e+01 1.004329738909126490e+02 9.962449755417134156e+01 9.136235459045926177e+01 9.452835149534733716e+01 9.388063771216324938e+01 7.387159443829600036e+01 5.972231650457611352e+01 6.817944929426434442e+01 7.645873519700401744e+01 7.709926878851595689e+01 6.884067780598176967e+01
7.631710034972485901e-02 2.007631710034937100e+01 3.846296612147182969e+01 2.441631846463069522e+01 2.183474011055423247e+01 4.171606663600225318e+01 3.509822894009979422e+01 1.485774711349707822e+01 3.185712449436092797e+01 1.930760706238605451e+01 1.601055110470259280e+01 3.623058527549662244e+01 4.804193227106238595e+01 6.242339176582721905e+01 6.135706588150586782e+01 4.436910629300133024e+01 4.790696877683374311e+01 6.023558354790263536e+01 5.825583734295314287e+01 5.825583733541920139e+01 6.293110341083301051e+01 8.303296411275712785e+01 9.702575442527448502e+01 7.698028827696117560e+01 6.399192133317414033e+01 8.408386203606849563e+01 9.890092222898900332e+01 1.064852365396354514e+02 9.488688110867308012e+01 8.659810603055719014e+01 9.488688110867308012e+01 8.800515611909492009e+01 7.973210752815666069e+01 8.800515611909492009e+01 8.919389079804334131e+01 7.997512896423349105e+01 7.168998436097510307e+01
9.124702163186203252e-02 1.423338264536268660e+01 3.423338264536197784e+01 4.429104731713636767e+01 3.332639995250091403e+01 4.993493221420077788e+01 4.017839452804516043e+01 1.986133960395299169e+01 4.017855730176493978e+01 3.129786631932215357e+01 3.623058527549662244e+01 2.012213676327300149e+01 4.041712082657034699e+01 5.326916143659774150e+01 7.307702435110489603e+01 6.474784922566115597e+01 6.823388692907904840e+01 7.655057138343795486e+01 7.842127241024621753e+01 6.994266447649620488e+01 8.303296405880900011e+01 9.132119696957738597e+01 9.116416847837720638e+01 7.110513273045948779e+01 5.681135069366425228e+01 7.053917750926601116e+01 8.472004986912747881e+01 8.646326837352515327e+01 8.488498129406697501e+01 6.659723637404727015e+01 8.318161130960005778e+01 9.146969509764977602e+01 9.413880429420237306e+01 8.258958817321159529e+01 7.430468936459827489e+01 6.090296747618250350e+01 5.168109956458681609e+01
8.187870513261463756e-02 2.008187870513225803e+01 3.647163876149930672e+01 4.647164670655609342e+01 5.317720952755328767e+01 6.140197154365666421e+01 4.583613548192476372e+01 2.543785352021781421e+01 4.583613548192476372e+01 4.661766254434632373e+01 4.041712082657034699e+01 4.041712082657034699e+01 2.448333400071243204e+01 4.486469937970242228e+01 5.415993969817639453e+01 5.862742677562733462e+01 6.582861768929869584e+01 7.415544451046248753e+01 8.317418503801143004e+01 9.000324962214541813e+01 9.828655861134004113e+01 1.020458573453049098e+02 8.560079294564782515e+01 6.549865015133168811e+01 5.116767466576540357e+01 5.624530761537953083e+01 6.637308543970081587e+01 8.646326837352515327e+01 7.659767120230225146e+01 5.659779329889457244e+01 6.318012950288408547e+01 8.318161130960005778e+01 8.585521483157990019e+01 6.584911786864951466e+01 5.429590679545034249e+01 4.722104969591957513e+01 4.089154805572989915e+01
2.239863785106879432e-02 8.187364447128400613e+00 1.818736444712857647e+01 3.232950007094998313e+01 5.232950048471314375e+01 6.551909363116494944e+01 5.230292964138422462e+01 3.185313093801824280e+01 5.230292964138422462e+01 6.718808985550873558e+01 6.077340755997241217e+01 5.259158294533861522e+01 3.214044335414744324e+01 2.952334982094581406e+01 3.367506500672521241e+01 3.815482907697138870e+01 4.546057397859473070e+01 5.465442334488844267e+01 6.637862678699386265e+01 8.646642859181834240e+01 9.617513580253296368e+01 8.202065319286992917e+01 8.057525724706871983e+01 6.043188517790064651e+01 4.612773530250433396e+01 6.633174226099630744e+01 7.166266210993586583e+01 7.998922671573602372e+01 6.903842789029181404e+01 4.903125209156878839e+01 6.903842789029181404e+01 8.250950271695519689e+01 8.639888942832068608e+01 8.258958817321159529e+01 7.430468936459827489e+01 6.723051644563240359e+01 5.569514069503949116e+01
1.991760116496149591e-02 2.001991760116460739e+01 3.090989277226034204e+01 3.723444818786614263e+01 3.723444914857481081e+01 5.551874263701274970e+01 6.068863162951726054e+01 4.634390189421817041e+01 4.634390189421817041e+01 6.668929524715018431e+01 6.696562967436074132e+01 4.663765784399307535e+01 5.259158294533861522e+01 3.725337351285009646e+01 5.415993969817639453e+01 5.862742677562734173e+01 4.738604722939248859e+01 5.919904776855873507e+01 7.936431815415703284e+01 9.476140622025187099e+01 8.788589969447320982e+01 6.780245272754704899e+01 7.518401255793581583e+01 6.251354383962566885e+01 4.238684023861341643e+01 5.740135601277815169e+01 5.150110547344677769e+01 7.165646599975157471e+01 6.369128523916496931e+01 4.367712100311455004e+01 6.250366336267228462e+01 6.250366336267229173e+01 6.639498101620904436e+01 8.639888942832068608e+01 7.879934068317281515e+01 5.879171335591421865e+01 4.723791073951370834e+01
1.766589122093755945e-02 5.362890729469448559e+00 1.090989269172178844e+01 1.723444801205866028e+01 2.723444801205883792e+01 4.137658363696009189e+01 6.137658483345227722e+01 6.668929524715018431e+01 6.668929524715018431e+01 7.503336136481628671e+01 7.527071455410458611e+01 6.696562967436074132e+01 6.606921470323361234e+01 4.754486151893383550e+01 6.606921470323361234e+01 7.604424461473074359e+01 5.763202624113805683e+01 7.604424461473074359e+01 8.766571136193735470e+01 9.816003715671787688e+01 7.811373599708063864e+01 6.387373332190121999e+01 5.502401362670494933e+01 7.084089835812153524e+01 5.740135601277815169e+01 3.743792681431984448e+01 5.202325727421990820e+01 7.114653041091388275e+01 5.868774418015231475e+01 3.867318746093310011e+01 4.249107812023876818e+01 5.005833517905861640e+01 6.420695292050427838e+01 8.421019406029803633e+01 8.708521840133099090e+01 7.553444333530886468e+01 6.724793165993445143e+01
6.490672536223988931e-02 2.006490672536188313e+01 3.090989277226005427e+01 3.723444818786614263e+01 4.551873437182116078e+01 5.493988550301841656e+01 6.322278062542972066e+01 6.650967717759030506e+01 6.895845325356778233e+01 6.559390167952932416e+01 6.636762975458445624e+01 7.465674002286269229e+01 7.620051987454110076e+01 6.787605177968784176e+01 7.620051987454110076e+01 8.611422122161818038e+01 7.781176149636253569e+01 8.611422122161818038e+01 8.235901214050895192e+01 9.064498849527828384e+01 8.179230076747165867e+01 6.167079724152605280e+01 4.741107090805425628e+01 5.965952231796776317e+01 5.424029342665023989e+01 3.436294947209228923e+01 3.848300298304060618e+01 6.723712923839886457e+01 4.864438655482059204e+01 3.397751801218843326e+01 5.397026651848791801e+01 7.006576207765134257e+01 7.234058483887511670e+01 8.062597808144472822e+01 9.330756701182274071e+01 8.505625984194831801e+01 8.258927369262551110e+01
