MOVIE_S12_data/elevation_000202.asc
nrows	50
cellsize	150.0
xllcorner	0
ncols	50
yllcorner	0
NODATA_value	-9999
[rows 0 to 16 of 50, columns 0 to 36 of 50]
8.271705653423140625e-02 2.127631151761726416e-02 9.425194436011796739e-02 4.939197167322698090e-02 3.975871534419905817e-02 6.171646774684565184e-02 1.696294146011132625e-02 1.936121709489252440e-02 4.216450047424835645e-02 2.297044857093000214e-02 6.704298068806634203e-02 4.162315340452049650e-02 3.835349583220235004e-02 2.777463300387698203e-02 2.207885817162396139e-02 7.161913568127860341e-02 9.025521335945362045e-02 3.502399586135773735e-02 8.040414306008919487e-02 3.131346976591601466e-02 7.604099264847130613e-02 2.387740603804927586e-02 5.687112022313325910e-02 4.074439634684711570e-02 8.709178300582484655e-02 7.612946965408906586e-02 1.077918208624280109e-02 9.929772718869623455e-03 4.600412614040166881e-02 2.152795518990661267e-02 2.378824418737431057e-02 9.511189423522797837e-02 9.406546861214974686e-02 1.749038473908382007e-03 2.223905489293687143e-03 6.269637160239108220e-02 9.476101746191394060e-02
7.639902522890137937e-02 2.002127631151726206e+01 2.009425194435976181e+01 2.004939197167287190e+01 1.158676409913661409e+01 8.226682277024178092e+00 2.001696294145975585e+01 2.001936121709453786e+01 4.892877001200887754e+00 2.002294043047130501e+01 3.153109979929910711e+00 2.004162315340416356e+01 1.418048911956302760e+01 8.972046543003113328e+00 2.002207885817126964e+01 1.007161913568136491e+01 2.009025521335909659e+01 2.003502399586100324e+01 1.269280739615618714e+00 2.003130060997666462e+01 1.107860536308795218e+01 8.193844409879464052e+00 2.005687112022277674e+01 1.418288002007792237e+01 2.008709178300546938e+01 5.849632161550321285e+00 4.010779182086259276e+00 2.000992977271851458e+01 8.990276036139480453e+00 1.416366357892098193e+01 1.002378824418746106e+01 1.423724751796630272e+01 1.423620109234322584e+01 2.000174903847355168e+01 1.970210200269350675e+00 3.033031273204438882e+00 2.009476101369545731e+01
7.813061968023242432e-02 1.422026624341130763e+01 3.422026624341201284e+01 3.987103534659750892e+01 3.158676409913625704e+01 1.717095418702349363e+01 3.219584411652505906e+01 1.219584443460303902e+01 2.489287679926855290e+01 2.627657925346602852e+01 6.276585217702045583e+00 2.627658790261059707e+01 3.418048911956231706e+01 2.311418216673381210e+01 2.897204654300275806e+01 2.421375475941256639e+01 3.835589038314225974e+01 2.246026345889702824e+01 2.460263407966448490e+00 2.246026342023855094e+01 3.052849426174154246e+01 2.216502734373040440e+01 2.435180787746018183e+01 3.418288002007862758e+01 3.187985905310518575e+01 1.187985905310554102e+01 8.093262086724925197e+00 2.809326208682483283e+01 1.899027603613930282e+01 3.416366357892168537e+01 2.157079362798017996e+01 3.423724751796700616e+01 3.423620109234393283e+01 2.474800211526343929e+01 4.320130682602527195e+00 2.201564225166485045e+01 1.617275967096060540e+01
1.795629399984677299e-03 2.000179562939963063e+01 2.896953977570807481e+01 4.896953980517552907e+01 4.545522543448639397e+01 2.871795957081621253e+01 3.774284595670017239e+01 1.774284639685523146e+01 3.774284595670017239e+01 2.981212072521764611e+01 9.812119123634753137e+00 1.782359060021245156e+01 3.782359508164918083e+01 4.311418216673310155e+01 4.897204654300204396e+01 4.421375475941326982e+01 3.790982198733928499e+01 1.780461902331939328e+01 3.657632088144950444e+00 1.779976771258048984e+01 3.779976808791928278e+01 4.189412861121851961e+01 3.829217461760877939e+01 4.187985905310465284e+01 2.187985905310536339e+01 3.187985905310518575e+01 1.235727641383717135e+01 3.235727641401728505e+01 3.313241165986952552e+01 4.727454648384711788e+01 4.157079362798088340e+01 4.985506487544308385e+01 4.089741247807545932e+01 2.089261939255732869e+01 6.613064846618143200e+00 2.675187035030946703e+01 3.612163407776201041e+01
2.526786264046545702e-02 8.969539772639700814e+00 2.311167539637884616e+01 4.311167539564574014e+01 5.700223081827911642e+01 4.871795957081691597e+01 4.406740107347599178e+01 2.406740171719187771e+01 4.406740107347599178e+01 3.346360483821190712e+01 1.346360284033582921e+01 3.346354496758107189e+01 3.196572603619004838e+01 5.196572146583282148e+01 5.674433915821681040e+01 4.673990227006393638e+01 3.818173138149288803e+01 2.411367540976510782e+01 4.865876274805299495e+00 2.486586079905281466e+01 4.049705279955166759e+01 4.878155052335289810e+01 5.813038622797241572e+01 5.016413030056625644e+01 3.082413096310436273e+01 3.682941237034460613e+01 1.682941236883682734e+01 3.097154799256624003e+01 5.097154796490873707e+01 6.141668008558624337e+01 5.861319457574975189e+01 3.861318969164842940e+01 3.861318969164739912e+01 2.878554972657935451e+01 8.756302048938566784e+00 2.878554972657935451e+01 2.116021835139886065e+01
8.483503398980346555e-02 7.644124494174315387e+00 2.764412454154135901e+01 4.029323495667161126e+01 6.029323226556123672e+01 5.820953514984368127e+01 3.820953733814582165e+01 3.820953733814582165e+01 5.235164337288944125e+01 3.731260710893027266e+01 1.731260463493326895e+01 3.731260710893027266e+01 5.196570760211074003e+01 6.025028516913851462e+01 4.830122632241542391e+01 2.844751849595391491e+01 1.870905986925239972e+01 1.210278710305719052e+01 6.080789753266878428e+00 2.607774534192338578e+01 2.049508046953705787e+01 3.463898695256026627e+01 5.464010751299603186e+01 5.910840221056525934e+01 4.237113634689647057e+01 4.315396769137878152e+01 2.315396768917369741e+01 2.837641775262954980e+01 4.837641775498598662e+01 6.530444627478578923e+01 5.375742618358827229e+01 3.861318969164842940e+01 1.861309557909783408e+01 1.444119247076304369e+01 2.878553364114135249e+01 1.221327410763551136e+01 3.221599244598356648e+01
4.163169627051844027e-03 2.000416316962669683e+01 2.029323513484419195e+01 3.443537075803642011e+01 5.443537015155648362e+01 6.649374940763301822e+01 5.820953514984368127e+01 5.820953514984368127e+01 5.604306587085248736e+01 3.604305494714152047e+01 2.190091931234442413e+01 2.996171527608363405e+01 4.150872066490268963e+01 6.150873657601248112e+01 5.674433915821681040e+01 4.673990227006393638e+01 3.831671893910545634e+01 3.172467353891853747e+01 2.608228761241663562e+01 7.845114118927051905e+00 2.198829284766648584e+01 4.199034664298969943e+01 5.566235876746153366e+01 7.065540759435636176e+01 6.237113634689576003e+01 5.022503550445039622e+01 3.022503550103929726e+01 4.837641775512650355e+01 4.470634937122813568e+01 5.702014009168267705e+01 3.702013900160759619e+01 2.547313121790994117e+01 3.861318969164739912e+01 3.444288178668289646e+01 3.488862633676473024e+01 1.488839855345563024e+01 3.488863015434440484e+01
2.434392073152260791e-02 1.002434392203487157e+01 2.416648160963715597e+01 4.416678889231061333e+01 5.031669208047934916e+01 5.468107857933821947e+01 5.468107857933821947e+01 6.296686300376182999e+01 5.823086771181596077e+01 3.823085109157491956e+01 2.744792127459661657e+01 4.744792571733856335e+01 5.824619924769358903e+01 6.979335138597164701e+01 6.220402125898372958e+01 5.059457685849496755e+01 4.226831585974918681e+01 3.253130657993354191e+01 1.288881421257200977e+01 9.112562652017802023e+00 2.912847985958394403e+01 2.737492320478823871e+01 4.737940684297200278e+01 5.444804299682399318e+01 6.284907417387732664e+01 5.850930759559601313e+01 4.022503550103964898e+01 5.850930759559601313e+01 5.884848499523291565e+01 5.547313454363251850e+01 3.547313361343755389e+01 3.702013900160759619e+01 5.375742618363051406e+01 4.918284965428750866e+01 2.918284832049725708e+01 1.763582845162312651e+01 3.177797859337265507e+01
5.883922493566802470e-02 2.005883922493531202e+01 3.830668542362081297e+01 3.209199450922113073e+01 3.031658911240349497e+01 3.468094708627428702e+01 3.468094708627429412e+01 5.468107857933821947e+01 6.651545405671960509e+01 5.500721787704519272e+01 3.500721073478089806e+01 4.159005691653545966e+01 6.159007202283967786e+01 6.942043182459229911e+01 5.385555563588079764e+01 3.378817479068333540e+01 2.260800592336510917e+01 1.847083904997170123e+01 3.253130045848453733e+01 2.912170634644196809e+01 1.102823071600731453e+01 3.104581434917032112e+01 3.922486200303988824e+01 3.291921397295425322e+01 5.444804299682399318e+01 6.850930805888798147e+01 6.022503550786187532e+01 6.850930805888798147e+01 7.884848503993627844e+01 6.375743784541437975e+01 4.441740555585388250e+01 5.702014009168267705e+01 6.530444627491134213e+01 5.746717165006700156e+01 4.055314351152479446e+01 2.055314226971808722e+01 3.055314293369929146e+01
2.016265153036126551e-02 2.001991107749411825e+01 2.654492975576012981e+01 1.209197020507321341e+01 1.617445310971191574e+01 2.053881091443183848e+01 4.053884997597011619e+01 4.870384273370958539e+01 6.870448146978912973e+01 6.329172027134474376e+01 4.500721073467472166e+01 6.159007202283967786e+01 6.987467733490230160e+01 6.119806232707091453e+01 4.100209702558655067e+01 2.959561227556508811e+01 4.226831585974918681e+01 3.807672369753873909e+01 4.636931677368026783e+01 3.458450239966516904e+01 1.456521704815124707e+01 1.313076597216914898e+01 1.824289631305038384e+01 3.904524772296077373e+01 5.436274617107216756e+01 6.157660903449325929e+01 6.377555183975798059e+01 7.208366539391869310e+01 7.988406632768455040e+01 7.270172499494476881e+01 5.855954119702830241e+01 7.270172499494476881e+01 6.882091269561774993e+01 5.781875612114755825e+01 3.781875380416181542e+01 2.367661815623167243e+01 3.262089008837075710e+01
1.256007409845548775e-02 3.256988496713712600e+00 6.544968242820872639e+00 1.470993405209953231e+01 3.470996373243404065e+01 4.053884997597011619e+01 2.870377672372779898e+01 4.870384273370958539e+01 6.853700823126892772e+01 7.329185059604016317e+01 6.500722501941572773e+01 7.329185059604016317e+01 7.139199389119714567e+01 5.113380367609984489e+01 3.943545310656531200e+01 4.363250664507697252e+01 5.790247756741690210e+01 5.377924202596705072e+01 3.984070142142012116e+01 1.982686719499486472e+01 3.458481106118465931e+01 3.315021162671962429e+01 1.528517159318077212e+01 2.800274527187659146e+01 4.446111389278220116e+01 4.138520687098395712e+01 4.359614070488159143e+01 5.979838729460641389e+01 5.979838729460641389e+01 7.816391217767954913e+01 7.855954668248054418e+01 7.467870426952919161e+01 5.467869722116747511e+01 4.053656158427524758e+01 3.053656158401058107e+01 2.867661817821253933e+01 4.867661908436671325e+01
1.283213977233468341e-02 2.001283213977198017e+01 2.654498580621097403e+01 2.654498580621097759e+01 2.885207006345874703e+01 4.885217007501378106e+01 4.284591364426024995e+01 4.025078218161073806e+01 5.439292446849322005e+01 7.439343435685117356e+01 7.606236582181435324e+01 8.434076151748826078e+01 7.972216581098190602e+01 6.806181882496780133e+01 5.113384441688285875e+01 6.385997725932149649e+01 6.063590372981293797e+01 4.549771590077894245e+01 2.549714940265334562e+01 3.984070142142012116e+01 4.812282350130392672e+01 3.529630898594048460e+01 3.529631466939528650e+01 1.747326499213198403e+01 3.749324792504734916e+01 2.730208085795310069e+01 3.318643360253320651e+01 3.953661992897257704e+01 4.972314583071353411e+01 6.987362875849932209e+01 8.320673819567259955e+01 6.320672589539162800e+01 4.906459023850183598e+01 3.906459023849876644e+01 5.053656262306444802e+01 3.402184301682032697e+01 4.816397864548795837e+01
9.594114293757748102e-02 2.009594114293722100e+01 3.723249338669747033e+01 4.654518402050234727e+01 4.885217007501378106e+01 5.713768642870058301e+01 6.284613458887798743e+01 6.025093818760466746e+01 6.853700823126892772e+01 7.279710876590601742e+01 5.606470250823666390e+01 7.279710876590601742e+01 8.686546994002006272e+01 7.974039364232496041e+01 7.139754692474966191e+01 6.879687213546429803e+01 5.235374175311113731e+01 3.236516328572888312e+01 3.550350074135982936e+01 5.377924202596705072e+01 6.358603946938975326e+01 5.104490157262642214e+01 3.965323437271317886e+01 1.962228598630120402e+01 2.066573745437457177e+01 4.044019980964527150e+01 5.249901014641292818e+01 5.979838729460641389e+01 6.810858280463861547e+01 7.816391217767954913e+01 8.426707611570890322e+01 7.734897865488605362e+01 6.734893722934580751e+01 4.800886214849885647e+01 6.158113445486188198e+01 4.158113247700883619e+01 4.816397864548795837e+01
3.950229235330715398e-03 8.948222139234566441e+00 2.309035776296576969e+01 4.309035776296647668e+01 5.439077890414706218e+01 6.267358988363120176e+01 7.233667822909445988e+01 6.405735201732670703e+01 6.405735201732670703e+01 6.451670952455680208e+01 4.451774473660811537e+01 6.451670952455680208e+01 6.687039913081383702e+01 8.100599370531043064e+01 7.465232290540296844e+01 5.465682005004154576e+01 4.052644830035921331e+01 4.649864611661298142e+01 4.963629359796766494e+01 6.377457683437198455e+01 5.689999616528610460e+01 3.690683678694873038e+01 2.273172136151099210e+01 3.965320632268244339e+01 4.043993734645734861e+01 2.429800702779790456e+01 4.416082581900717940e+01 5.643844092857217731e+01 7.243758944729692928e+01 6.791219659785298290e+01 6.423652130398744475e+01 8.426707611570890322e+01 7.629324698370255931e+01 5.955586753298291569e+01 6.986543390945310250e+01 5.158113247700955384e+01 6.816398284228644400e+01
7.711341127313005306e-02 2.007711341127277649e+01 3.723249338669747033e+01 4.024895454052347077e+01 3.439121909241232800e+01 5.439077890414706218e+01 6.405735201732670703e+01 4.405871976383822641e+01 4.405871976383822641e+01 4.850203557806231203e+01 3.744667802742150542e+01 5.744600771542204853e+01 5.272870794150545493e+01 7.272681978052504803e+01 7.465232290540296844e+01 5.465682005004154576e+01 5.051667153108655839e+01 6.648919304773629335e+01 6.962869043785477174e+01 7.060800782799684328e+01 5.906635241084516252e+01 4.501490441150759381e+01 2.499455172485856735e+01 4.501512048842273117e+01 5.249487838157956077e+01 4.416082581900717940e+01 2.803078484875108245e+01 4.809592316347139729e+01 5.227690536589970094e+01 4.774109002363667287e+01 5.943900345622661519e+01 7.948679368048644278e+01 8.784033464464994267e+01 7.955587536461474940e+01 7.986552202702529257e+01 7.158113653131302101e+01 7.986553273351671578e+01
9.541454368626212448e-03 2.000954145436827147e+01 3.787093526409300637e+01 2.024909418885173906e+01 4.024895440905206101e+01 4.174089261642598103e+01 5.002386643114489573e+01 4.991618353642896722e+01 2.991661998770916142e+01 2.850240642928654822e+01 3.404940838984904161e+01 4.007963525849815056e+01 5.162662168322103895e+01 7.162493469338122054e+01 8.293692422088702187e+01 7.465232290540296844e+01 6.465202275474162263e+01 7.879464582683583274e+01 7.554807708406077893e+01 6.232342188413181105e+01 4.233923761593931090e+01 3.079624039965010596e+01 2.778797437894753486e+01 3.674403034158873993e+01 5.672408315083182373e+01 5.643844367570785181e+01 4.809592320431293899e+01 3.200882860646464678e+01 3.808400138648529065e+01 5.840344579284329996e+01 7.620083817428431416e+01 8.776479356031765633e+01 9.026037161254249952e+01 8.199074211603117135e+01 7.720741597047849325e+01 8.548142750792810318e+01 8.348906599808758244e+01
2.297228869525369793e-03 2.000229722886917116e+01 1.787104867637476957e+01 1.268980473207374438e+01 2.759894860405213635e+01 2.174116384475464159e+01 4.174089262253093580e+01 3.813130428116477333e+01 2.284555217992900822e+01 4.284528697794387142e+01 5.404889519890182470e+01 6.007887832206929346e+01 6.835968969467040779e+01 7.990433334603564219e+01 7.774054956396071248e+01 8.608456147678138848e+01 8.465262305606431426e+01 8.140632905754607407e+01 6.140360090240739765e+01 4.727276069354842747e+01 3.728876103994181790e+01 5.073504821220031857e+01 3.075215871948588031e+01 5.073504820467816501e+01 5.305516709401688047e+01 7.304888732987622291e+01 6.061041428423883559e+01 4.635787855430368865e+01 3.719375980631960488e+01 5.162881571393725721e+01 7.176614964128478391e+01 8.847930571983729919e+01 8.020814697569140606e+01 6.196592496991111432e+01 5.717301189166398245e+01 7.392456522684771869e+01 8.130365856531162194e+01
