MOVIE_S12_data/elevation_000351.asc
nrows	50
cellsize	150.0
xllcorner	0
ncols	50
yllcorner	0
NODATA_value	-9999
[rows 0 to 16 of 50, columns 0 to 36 of 50]
8.271705653423140625e-02 2.127631151761726416e-02 9.425194436011796739e-02 4.939197167322698090e-02 3.975871534419905817e-02 6.171646774684565184e-02 1.696294146011132625e-02 1.936121709489252440e-02 4.216450047424835645e-02 2.297044857093000214e-02 6.704298068806634203e-02 4.162315340452049650e-02 3.835349583220235004e-02 2.777463300387698203e-02 2.207885817162396139e-02 7.161913568127860341e-02 9.025521335945362045e-02 3.502399586135773735e-02 8.040414306008919487e-02 3.131346976591601466e-02 7.604099264847130613e-02 2.387740603804927586e-02 5.687112022313325910e-02 4.074439634684711570e-02 8.709178300582484655e-02 7.612946965408906586e-02 1.077918208624280109e-02 9.929772718869623455e-03 4.600412614040166881e-02 2.152795518990661267e-02 2.378824418737431057e-02 9.511189423522797837e-02 9.406546861214974686e-02 1.749038473908382007e-03 2.223905489293687143e-03 6.269637160239108220e-02 9.476101746191394060e-02
7.639902522890137937e-02 2.002127631151726206e+01 2.009425194435976181e+01 1.419152759540430253e+01 1.003975871534428599e+01 2.006171646774648920e+01 2.001696294145975585e+01 4.607675894506147785e+00 2.004216450047389131e+01 1.417127281380331816e+01 1.997337058684921729e+01 2.763278423163613162e+00 2.003835349583184566e+01 2.002777194659481452e+01 1.416421448576583586e+01 2.007161913568092260e+01 7.161323025224898942e+00 2.003502399586100324e+01 2.008040414305973442e+01 1.296224533833266523e+00 2.007604099264706221e+01 1.416601302976887489e+01 9.001143030223316188e+00 2.004074439634649352e+01 1.422922740673664954e+01 2.007612946965373268e+01 3.746748416613256527e+00 2.000992977271851458e+01 1.418813974987122606e+01 2.002152795518955131e+01 9.261082431366483902e+00 2.009511189423487210e+01 1.950136108994384943e+00 2.000174903847355168e+01 1.995239411035231925e+01 2.006269637160203700e+01 6.761427684128551441e+00
7.813061968023242432e-02 2.007813061967987878e+01 3.828606687686079368e+01 3.419152759540500597e+01 2.418189433907548747e+01 3.832402996280517726e+01 2.932172110241686269e+01 9.321721102416505644e+00 2.932172110241686269e+01 3.426059080640398236e+01 1.909115910369856195e+01 2.276311214539152061e+01 6.803888601374167067e+00 2.680418475194734285e+01 3.416422096493132443e+01 3.472061248540866529e+01 1.472061248540937761e+01 3.472061248540866529e+01 2.256367301139045267e+01 2.563673034882219870e+00 2.256367301139032122e+01 3.416601302976345522e+01 2.314327888288715940e+01 2.900115145916914017e+01 3.422922740673593722e+01 2.763315021550207717e+01 7.574772663469455658e+00 2.763315021550207717e+01 3.418813974987051552e+01 3.814784324373239599e+01 2.220851156070712662e+01 2.914600968195744457e+01 1.201983440504795908e+01 4.631639094453878336e+00 2.523619540273648809e+01 3.383249549599324979e+01 1.383249549599396389e+01
1.795629399984677299e-03 1.000179562939989708e+01 2.414393125313059585e+01 4.414393125313129929e+01 4.418189433907619446e+01 4.565165272097202376e+01 2.565165272097131677e+01 1.509522379431281358e+01 3.509522379431351879e+01 4.732878282067151332e+01 3.906917295133330015e+01 2.972218403112981377e+01 9.721188431336502234e+00 2.385689638839576787e+01 4.372217468457009204e+01 4.300488373278696486e+01 2.626761786920168973e+01 3.869616706554497654e+01 1.814482899037812658e+01 3.838826461008893798e+00 1.798096235548432276e+01 3.798107824500662844e+01 4.314338971066512585e+01 4.900124883705043288e+01 4.396886092895234555e+01 2.396177918505901161e+01 1.394659348252175768e+01 1.601210922052176500e+01 3.615259262663599316e+01 5.207284652451424023e+01 4.240310005786048464e+01 2.653704892411371929e+01 2.615824680031212068e+01 6.544867124988042129e+00 2.661313937766819393e+01 4.211676674344708715e+01 2.537950087978627423e+01
2.526786264046545702e-02 2.002526786264010994e+01 3.472193777152165239e+01 4.179300558338700000e+01 5.007727683069906988e+01 5.393592396843421710e+01 4.141977911465038886e+01 2.141977911464968543e+01 4.141977911465038886e+01 4.845299349834125735e+01 2.845187946069181706e+01 1.430950310950968074e+01 2.972218554508269506e+01 2.386411978809930190e+01 4.387133088088215516e+01 5.455188911652111017e+01 4.626761786920097563e+01 3.803292734362207028e+01 1.907597145622544588e+01 5.127139713810549893e+00 2.512725941922539974e+01 3.514118647684685470e+01 3.814517393968493764e+01 5.745878559173179667e+01 5.225280986735088362e+01 4.063047749976409051e+01 2.062753782312261919e+01 2.263155564849565593e+01 4.136030029477443293e+01 6.081625214446400207e+01 4.434350214356087605e+01 3.508550552143245937e+01 1.514752281702896752e+01 8.485306278887611242e+00 2.846726917967357195e+01 3.966041359704107805e+01 4.537950087978556013e+01
8.483503398980346555e-02 2.008483503398944947e+01 1.472193777152236471e+01 2.179300558338771410e+01 3.334001096717982193e+01 5.334001096717911139e+01 4.970405036211258931e+01 3.036405102464900096e+01 4.970405036211258931e+01 5.183502403040673556e+01 3.183259039025049475e+01 1.769012013046983256e+01 3.769169107386223061e+01 4.387654154251285377e+01 5.217360240780419645e+01 6.188203635838865324e+01 5.189696021637843160e+01 3.363605554319128998e+01 1.365483648147240103e+01 2.512725941922685280e+01 7.012757796974429247e+00 1.853630258080429982e+01 3.594294677561047280e+01 4.435610940553647197e+01 5.439140155837563384e+01 4.818989015961928857e+01 2.818956420390132678e+01 3.034790073799804233e+01 5.039044986989147645e+01 5.799112617237393863e+01 3.819851369963503629e+01 2.668277928299698232e+01 3.508551101884118140e+01 2.846726917555339398e+01 1.140012100973691567e+01 3.138191312432764235e+01 4.680549308477831971e+01
4.163169627051844027e-03 5.777665861523284541e+00 2.577766586152293016e+01 4.179300558338700000e+01 5.007727683069906988e+01 6.162428221438729992e+01 5.864832227211190485e+01 4.450618664838044936e+01 5.864832227211190485e+01 4.838376014275485915e+01 2.838063290607089684e+01 3.769169107385617679e+01 2.358779870691894942e+01 3.773202891998626995e+01 5.777761136904170058e+01 5.360201684117128451e+01 3.363997615567086541e+01 2.365120766912498240e+01 3.363610208377303223e+01 3.529155572825372644e+01 2.701198011879042227e+01 8.928410367409961523e+00 1.599979117884247160e+01 2.600780439173203717e+01 4.608292849154654647e+01 5.647338751632011622e+01 3.818991006088375428e+01 4.038785689014518709e+01 5.867447931107058423e+01 6.609276724586047180e+01 5.470498592184841158e+01 4.656385603327216671e+01 4.252071513088356625e+01 3.367391938794502693e+01 1.369267202658365434e+01 1.869908743398691797e+01 3.022286774451858093e+01
2.434392073152260791e-02 8.189309730008712762e+00 1.818930973000853513e+01 3.233144535373898520e+01 5.233144535373827466e+01 5.873483365218109498e+01 6.701910489965050033e+01 6.450618664838187044e+01 6.253065601987798061e+01 4.252392796522969576e+01 4.838376294308105230e+01 4.844188311134551839e+01 2.843851248852536884e+01 3.991345996521984318e+01 5.984402690628039068e+01 6.188203635838865324e+01 5.189696021637843160e+01 4.362099649842105009e+01 4.509563866328610260e+01 3.685466714141799116e+01 3.031115473285876760e+01 1.031183929512628517e+01 3.031210873808490902e+01 4.435609798595071851e+01 5.439120970218699824e+01 6.647295374911321630e+01 5.233207026417590413e+01 5.453517915859888632e+01 6.867576521053682370e+01 6.680088329099029920e+01 5.851234586033289986e+01 4.252071513232473166e+01 2.254676069039334863e+01 1.700151457810991928e+01 3.367391938895588765e+01 3.859947510041843799e+01 2.811472413685409677e+01
5.883922493566802470e-02 2.005883922493531202e+01 3.647358097744912442e+01 4.647358097726046111e+01 4.608572301150713457e+01 3.873483365218039154e+01 5.287696927591183993e+01 7.287696927591325391e+01 7.081681610076213929e+01 6.253065601987798061e+01 5.111104707439887562e+01 3.696661902937046307e+01 3.998590801860592592e+01 5.667068871610732117e+01 6.799138225873306851e+01 7.074816357632485619e+01 6.306635274105274647e+01 4.918547271759569384e+01 3.685488670953102996e+01 1.699734811766720455e+01 1.419692760285846056e+01 1.192874346196525259e+01 3.193049362073038111e+01 3.424232358789350883e+01 5.424932845434975803e+01 6.957272119389885745e+01 7.233185044997082969e+01 7.453517681907662507e+01 7.005511104513355747e+01 5.006245528522158139e+01 3.854019589226458464e+01 3.148212206017305448e+01 3.958175788570197540e+01 1.960447292869679714e+01 3.373156996845638389e+01 5.370536089794757117e+01 4.216701998014387698e+01
2.016265153036126551e-02 1.416229827526143659e+01 3.416229827526213825e+01 4.608572301150713457e+01 2.608572301150643113e+01 4.318494348078306899e+01 5.074423294096774839e+01 5.902850418843747349e+01 6.902850418844251124e+01 7.941102041995863203e+01 6.404643394425551151e+01 4.403792995529940413e+01 5.999295990180504390e+01 6.828162467330039931e+01 6.571084749720684215e+01 5.084625422696125696e+01 5.083714526791690957e+01 3.516968864140535800e+01 2.116558520174302416e+01 3.685461220419710315e+01 3.408136438326152273e+01 3.193049607764355002e+01 1.423814457145908285e+01 3.424233587470291695e+01 4.135695499103922401e+01 5.482050171181188603e+01 6.310660959622831001e+01 7.465192543481968812e+01 7.834869043423306323e+01 6.680088329099029920e+01 5.851234586033289986e+01 5.145112452168500283e+01 4.227510234662592126e+01 2.230072526938243627e+01 4.227510234662177879e+01 5.687216132046289374e+01 6.191079335030848796e+01
1.256007409845548775e-02 2.001256007409810067e+01 2.629858503771320954e+01 2.958656478382038557e+01 1.901465519964083128e+01 2.318494348078236555e+01 3.074423294096704495e+01 4.074423294096739312e+01 5.488636856469884151e+01 7.488636856470026260e+01 7.233540167780536478e+01 5.403961122957699814e+01 7.233540167780536478e+01 7.153946955504173388e+01 5.159006591331456804e+01 3.767254076218588921e+01 3.112627443209925104e+01 2.562692808624677099e+01 4.097392698092143348e+01 4.921060385274408588e+01 4.745640676994820950e+01 2.744370206519865363e+01 1.589335643129245135e+01 3.248427526347769856e+01 2.724559817788637162e+01 3.481880563288454056e+01 4.637179271099791578e+01 6.636166992499111927e+01 8.314016146925614237e+01 6.312442318968889055e+01 4.899707582543238971e+01 3.747663094033523379e+01 3.082161647285934691e+01 2.666382749673620367e+01 2.862190309297075075e+01 4.273775637385300996e+01 6.271641369504396835e+01
1.283213977233468341e-02 3.136307377544462760e+00 6.298585037712855161e+00 9.586564783820030300e+00 1.375685306496156279e+01 2.042351973162834611e+01 2.749458754349394596e+01 3.643885945349342137e+01 4.798586483728634278e+01 6.798586483728776386e+01 8.234170173790101899e+01 7.405325665893401776e+01 8.234170173790101899e+01 7.153946955504173388e+01 5.159006591331456804e+01 5.743311095934887334e+01 4.931653958554682760e+01 2.952597497519852254e+01 4.065591546724825633e+01 5.911302242768205417e+01 5.573671676005223219e+01 4.416967314248304888e+01 3.590217661954267214e+01 1.829239893555316954e+01 3.831325446300614601e+01 5.064756162308370335e+01 6.310660959402478909e+01 6.676399505376994625e+01 7.504129832886427209e+01 7.158406958551890398e+01 5.158949236919512060e+01 5.744576844889836309e+01 5.078938927937729630e+01 3.113265013623060540e+01 4.858936975777539402e+01 3.591340630001742085e+01 4.588872173934768028e+01
9.594114293757748102e-02 2.009594114293722100e+01 2.629858503771320954e+01 2.113357016761274920e+01 3.375685306496226445e+01 3.008678468351637392e+01 4.749458754349465295e+01 5.577885879098217004e+01 6.472313070101553478e+01 7.627013608489720298e+01 7.847909158896619886e+01 7.847909158883101099e+01 8.668820151650059813e+01 7.983162908109910916e+01 7.153946955504173388e+01 5.778077130083745772e+01 3.793038838472115515e+01 3.579936403372929021e+01 5.366480790246380650e+01 6.640421285648484684e+01 5.571930448271920255e+01 3.567890500502666384e+01 2.151576370885826606e+01 3.831287816285464487e+01 2.233326503785723460e+01 4.235810616749239443e+01 5.261823321948855892e+01 4.675886681762973041e+01 6.676399505376994625e+01 7.987794837646944757e+01 7.158406958551890398e+01 5.794509441097663682e+01 3.797897470480617699e+01 5.109677185018828283e+01 5.938078296067540407e+01 4.222224438924016710e+01 6.219666654800675332e+01
3.950229235330715398e-03 1.414608585296640619e+01 3.414608585296711141e+01 4.113357016761345619e+01 4.941784141507847750e+01 5.008678468351708091e+01 5.837105593098813472e+01 5.941051055606638442e+01 6.184769724876945673e+01 7.017560458033175053e+01 5.852199259478408067e+01 5.852199259478408067e+01 7.847909158874836066e+01 8.189339623380298860e+01 6.190682390143251013e+01 4.780078719687743671e+01 5.778077130075838852e+01 4.284134038278912726e+01 6.285979610959216757e+01 7.369285512845566188e+01 6.323224480034119921e+01 4.388139543339081428e+01 2.384087356020087611e+01 4.388131805119409989e+01 4.235810445727628348e+01 2.655118522491623523e+01 3.258996853510130620e+01 4.155504265830851551e+01 5.571339521933263939e+01 7.570411811786725309e+01 7.427416635696924629e+01 5.427521923653056746e+01 4.373577908273296089e+01 6.371162418432340502e+01 7.048773101421348031e+01 5.374339674258129662e+01 5.633738246689174645e+01
7.711341127313005306e-02 1.421924903500420534e+01 3.421924903500490700e+01 4.965736813263803384e+01 5.119412764936942750e+01 5.953410325603167053e+01 5.357414908217782568e+01 3.954266404862421780e+01 4.175148863591950033e+01 5.538474543501163083e+01 4.426368762057601458e+01 5.852199259478408067e+01 7.847909158928959528e+01 8.772786523216539933e+01 6.776075540477710035e+01 5.930904276843975964e+01 7.107820428238868260e+01 5.287206560406473699e+01 7.107820436355065397e+01 6.564008747184543324e+01 4.482120701317032996e+01 3.459795229284505069e+01 2.776493434808571692e+01 2.843193362605313368e+01 4.858771254812685925e+01 4.657958033054163138e+01 3.155732085859025204e+01 5.158699406221074213e+01 6.156854239549219443e+01 8.155589821109592208e+01 8.256885252086638616e+01 6.371162418432341212e+01 5.078590115847118369e+01 7.078093684705622479e+01 8.203963067236097118e+01 7.374412474218155467e+01 7.634233170458296058e+01
9.541454368626212448e-03 1.415167707809970210e+01 3.415167707810040554e+01 3.049987848042666272e+01 3.056357522638179347e+01 3.774051070593584711e+01 3.556086600336720238e+01 2.538635799700000817e+01 4.536182156308054658e+01 3.506436217472903394e+01 5.538474543501163083e+01 7.260509711464824534e+01 7.096358057205752345e+01 7.924785719214953872e+01 8.755705798524400052e+01 7.930600957125130890e+01 7.969926511284248249e+01 7.278698815663814514e+01 8.082026224267188752e+01 7.410798000093454618e+01 6.323226216810537892e+01 5.178262883457818333e+01 3.177024821430490320e+01 3.176969103341446754e+01 5.178302925771310328e+01 5.524343844993532571e+01 3.521626773573585467e+01 4.678880847568697021e+01 6.093894789293928937e+01 8.092483184454073353e+01 9.202246005430792763e+01 7.907626765328633667e+01 6.077161088228501029e+01 7.907626765328633667e+01 9.332950243353286623e+01 8.353047937654083910e+01 7.524248289517177568e+01
2.297228869525369793e-03 2.000229722886917116e+01 3.554366568824683981e+01 1.797544423627590504e+01 2.984150600905793382e+01 1.302740379826742689e+01 1.537768060111680946e+01 2.377978747579490459e+01 3.920397734387579902e+01 2.923911860654096984e+01 4.975278685930197753e+01 5.457624473052215563e+01 5.089327504436550953e+01 6.611966145269917661e+01 7.440725841913597094e+01 8.597004018763530553e+01 9.343793747551946183e+01 7.611977158945185806e+01 7.512885083475531189e+01 7.032992058694739512e+01 5.781715365852002009e+01 3.781847960386446061e+01 5.178262885657468217e+01 3.520790671717819009e+01 5.521405546030647571e+01 5.858233857689915425e+01 3.922757171674570742e+01 5.925535545309689667e+01 7.195901060532256110e+01 8.024257658435899998e+01 8.918741622193772400e+01 8.908741686632492929e+01 8.079026281182726166e+01 8.908741686632492929e+01 7.918597412291947535e+01 6.504244581230609867e+01 5.525031480055672972e+01
