MOVIE_S12_data/elevation_000543.asc
nrows	50
cellsize	150.0
xllcorner	0
ncols	50
yllcorner	0
NODATA_value	-9999
[rows 0 to 16 of 50, columns 0 to 36 of 50]
8.271705653423140625e-02 2.127631151761726416e-02 9.425194436011796739e-02 4.939197167322698090e-02 3.975871534419905817e-02 6.171646774684565184e-02 1.696294146011132625e-02 1.936121709489252440e-02 4.216450047424835645e-02 2.297044857093000214e-02 6.704298068806634203e-02 4.162315340452049650e-02 3.835349583220235004e-02 2.777463300387698203e-02 2.207885817162396139e-02 7.161913568127860341e-02 9.025521335945362045e-02 3.502399586135773735e-02 8.040414306008919487e-02 3.131346976591601466e-02 7.604099264847130613e-02 2.387740603804927586e-02 5.687112022313325910e-02 4.074439634684711570e-02 8.709178300582484655e-02 7.612946965408906586e-02 1.077918208624280109e-02 9.929772718869623455e-03 4.600412614040166881e-02 2.152795518990661267e-02 2.378824418737431057e-02 9.511189423522797837e-02 9.406546861214974686e-02 1.749038473908382007e-03 2.223905489293687143e-03 6.269637160239108220e-02 9.476101746191394060e-02
7.639902522890137937e-02 2.002127631151726206e+01 2.009425194435976181e+01 1.419152759540430253e+01 2.003975871534384368e+01 6.386271788083631051e+00 2.001696294145975585e+01 1.416149684082571802e+01 1.418430012420507325e+01 2.002297044857057529e+01 2.006704298068770953e+01 2.541623153404515278e+00 2.003833665136875197e+01 2.002777463300352068e+01 1.416421448190244803e+01 2.007161913568092260e+01 3.423588546692793777e+00 2.003502399585784133e+01 2.008040414305973442e+01 6.697980136432611253e+00 2.007604099264811737e+01 1.002387749206831380e+01 2.005687112022277674e+01 2.004074439634649352e+01 1.405852729797397727e+00 2.007612946965305056e+01 1.155778456587865755e+01 2.000992977271851458e+01 2.004600412614004767e+01 4.872240455916545976e+00 2.002378824418702052e+01 2.009511189423405497e+01 2.009406546861179521e+01 2.098318711917749102e+00 2.000222390548893969e+01 2.006234587180378171e+01 1.423690049224331311e+01
7.813061968023242432e-02 1.007813061968031931e+01 3.007813061968067458e+01 3.419152759540500597e+01 3.455123759736024880e+01 1.455123759736096289e+01 2.271620340663786308e+01 3.416149684082500926e+01 3.418430012420436270e+01 2.625552218449468711e+01 6.255529916945536506e+00 2.254162059490148806e+01 1.668375871853163872e+01 3.668375257768860820e+01 3.416421448189979060e+01 2.680420556560723000e+01 6.804205565606874728e+00 2.680420556560606471e+01 3.376904794829743395e+01 1.376904794829814804e+01 3.376904794829885503e+01 2.416604117459452539e+01 3.830777689127759089e+01 2.272748950729600992e+01 2.727489930707574839e+00 2.272748950666505152e+01 3.155778456587776049e+01 3.984205580801496183e+01 2.987221139043914420e+01 9.872240455916502455e+00 2.987221139043914420e+01 3.842771138046001766e+01 1.842823950666091903e+01 2.209749577907730966e+01 5.148290118569855522e+00 2.514855424300321474e+01 3.423773834756105572e+01
1.795629399984677299e-03 2.000179562939963063e+01 3.007813061968067458e+01 5.007813061968138157e+01 4.283550884482185950e+01 2.609824298115327323e+01 4.271620340663714899e+01 5.100047465409875969e+01 4.307023731788756749e+01 2.307027762638281487e+01 8.928142336069758045e+00 2.892813019656374607e+01 3.668375389299009015e+01 4.496804138158319120e+01 4.448187234542884028e+01 2.448187509415866003e+01 1.033973947153964268e+01 3.033973948930773190e+01 4.205331919796766726e+01 2.531605333209086695e+01 4.205331919796766726e+01 4.416723759645130798e+01 4.233436418351497821e+01 2.265121333877931420e+01 2.237939413205387851e+01 4.621544825949095880e+00 2.053895892732095874e+01 4.280520298766757037e+01 3.541879642906505410e+01 1.541924241816874463e+01 3.541918373692983835e+01 4.670755963743078354e+01 3.549525880440075554e+01 1.549543483052180015e+01 7.330469020929788471e+00 2.147260562747255008e+01 4.147269038427622689e+01
2.526786264046545702e-02 2.002526786264010994e+01 3.188856461744089899e+01 3.895963242930589132e+01 4.724390367676750202e+01 4.609824298115255914e+01 5.438251422861416984e+01 5.856631685628713768e+01 4.962216213853380253e+01 3.377883881029642055e+01 1.377885483679637524e+01 1.370905677340729234e+01 2.785119161496398021e+01 4.785110433612980074e+01 4.188674473276197574e+01 2.188674485532977698e+01 3.033973803170181682e+01 1.651187347002342776e+01 3.651187432304427460e+01 4.531605333209242303e+01 5.360032458328340255e+01 5.488188443957183438e+01 4.513013126698963617e+01 3.062594827036077660e+01 2.593985506117478934e+01 5.969944546939625951e+00 1.924512576367483163e+01 3.734857177778965820e+01 4.174371191864396735e+01 2.174379773850404263e+01 4.174371191864396735e+01 4.963706709459041377e+01 2.963756851479751475e+01 2.963990708027086640e+01 9.639870097688310935e+00 2.378201050640096170e+01 4.378256656163083704e+01
8.483503398980346555e-02 5.858337725886036296e+00 1.188856461744125603e+01 1.895963242930660542e+01 3.050663781309891576e+01 5.050663781309820166e+01 6.182931194526523910e+01 4.182942113365062653e+01 3.028241620324620698e+01 2.133814429695826931e+01 3.377883881029642055e+01 1.724459067933996792e+01 3.138672506176467891e+01 5.138659355787859795e+01 5.017095787641595450e+01 3.343375023905402799e+01 4.110018744807761948e+01 2.110018814743474280e+01 3.524232377111000147e+01 5.524232361422231463e+01 5.836028377107628273e+01 3.791605151752531810e+01 2.589793032855885002e+01 2.797203834287652313e+01 7.931104934236322457e+00 2.580655515028077573e+01 1.665510561657876565e+01 3.659986089273687071e+01 5.002702869961041188e+01 3.068806964389538550e+01 5.002702869961041188e+01 5.791668340540363147e+01 4.963706709458629973e+01 3.201348481378394695e+01 1.201343341407603837e+01 2.615556193733759471e+01 4.615426282718959072e+01
4.163169627051844027e-03 2.000416316962669683e+01 3.188856461744089899e+01 3.895963242930589132e+01 4.724390367676750202e+01 5.879090906055981236e+01 7.011306688054034453e+01 5.288508886579651858e+01 3.288514957484437673e+01 4.133811853238911027e+01 4.095843955240805201e+01 2.095849744288094030e+01 3.510063114986412813e+01 5.510044004361261472e+01 6.171787746045232126e+01 5.343374791602566631e+01 4.687369077569329789e+01 2.687369083933110048e+01 3.743011976476577729e+01 5.743011952475018944e+01 6.658657776804653849e+01 5.488188436267857639e+01 3.519316024978881075e+01 1.489008332422238112e+01 9.327963369497306090e+00 2.931445850102411299e+01 2.663396410823558469e+01 4.455717891990084212e+01 5.897081950500086123e+01 4.483019788530951644e+01 5.897081950500086123e+01 5.461488822813481647e+01 4.632957043418453225e+01 3.445689438367464419e+01 1.445682230120216438e+01 2.262178811501775044e+01 3.262178917746419415e+01
2.434392073152260791e-02 8.189309730008854871e+00 1.818930973000903251e+01 3.233144535374048445e+01 5.233144535374118789e+01 5.804347705064184737e+01 6.632774866388442092e+01 6.116899277118974965e+01 4.702727983471331186e+01 6.116899277118974965e+01 4.543054241657486614e+01 2.543063339788044175e+01 3.360760759053395219e+01 4.774972972852655317e+01 6.774924259225868184e+01 5.842069607255559305e+01 3.842069622312320831e+01 3.842069622312320831e+01 5.515795628383501992e+01 6.571438008778987694e+01 6.409335668609990933e+01 4.361506727012787366e+01 2.919918156388252584e+01 3.078182124656217766e+01 1.077890958706302271e+01 3.078182124670154707e+01 4.633290647269004126e+01 4.633290647269643614e+01 6.561387341564494591e+01 6.482969306333536963e+01 5.787677588484441316e+01 3.787642935893800455e+01 2.632942269036034233e+01 1.877013322933977690e+01 1.945682230120225142e+01 3.945659375868644503e+01 5.090876445246096438e+01
5.883922493566802470e-02 2.005883922493531202e+01 3.647358097747175520e+01 4.647358097747193284e+01 5.121051687420573018e+01 3.804347704831071297e+01 5.478074312981051008e+01 6.478074324894645031e+01 6.702709087442914893e+01 6.428635435700506662e+01 4.428680885304076043e+01 3.014467860579067704e+01 5.014454011050298021e+01 5.360745142588609724e+01 7.360641538350937196e+01 6.670495766417893435e+01 4.996770160690221729e+01 5.842069607255559305e+01 6.670495766417893435e+01 6.439337958467667988e+01 6.079961583968897543e+01 5.803090202919969443e+01 4.425101549018341274e+01 3.224463961613073337e+01 1.224144024662653685e+01 3.224463961608558549e+01 4.505073818872386937e+01 5.171719499830624045e+01 5.999208721936185640e+01 6.998538911101789495e+01 6.616271671045345215e+01 5.461488820569957880e+01 4.215086084522041432e+01 2.215075024825390315e+01 3.945689166006710735e+01 2.730146770863803241e+01 4.144360260804135976e+01
2.016265153036126551e-02 1.416229827526143659e+01 3.416229827526213825e+01 4.535265264137941443e+01 3.121051687242819384e+01 2.649647166451779157e+01 3.649647166451813973e+01 5.063860728825080315e+01 7.063860729497294244e+01 6.428635435700506662e+01 4.428680885304076043e+01 5.014454011050298021e+01 3.957276899141560733e+01 5.111977151856110879e+01 7.111890235443888741e+01 7.825195628256126668e+01 6.996770125068732682e+01 6.355216365346386453e+01 5.524209066167298232e+01 4.437612870915558716e+01 4.077480865623841311e+01 4.322901041255821752e+01 3.572214397103974903e+01 1.438167191896227237e+01 1.400231032097650363e+01 3.400263522057939980e+01 2.505045199156001701e+01 3.171782458992186804e+01 4.172006297488030668e+01 6.171432702173224527e+01 6.634755221956329763e+01 4.634688002985896560e+01 3.479986266136231876e+01 2.593039497834624285e+01 4.593053134654650194e+01 4.730152309103782216e+01 3.672955829797204075e+01
1.256007409845548775e-02 2.001256007409810067e+01 2.702991916481940748e+01 3.074382592871624453e+01 1.706838124869699058e+01 2.462767070888166998e+01 3.357194261888114539e+01 4.511894800267406680e+01 6.511894800625769619e+01 7.256818290406702943e+01 6.428635435700506662e+01 6.785364044138533757e+01 5.111977128141907656e+01 6.785364044138533757e+01 7.939830228265753931e+01 7.917992650953119949e+01 6.939838569027895687e+01 4.937836126786953628e+01 3.522991101451444251e+01 3.019768429705748858e+01 2.646273927514673829e+01 2.264394998860950281e+01 1.865034513109226921e+01 3.544924947310932595e+01 3.400275645977632877e+01 1.652202900635149163e+01 3.652259068009028908e+01 5.171719499830624045e+01 5.999208721936185640e+01 6.998538911101788074e+01 7.463416373874447629e+01 6.308592854053900112e+01 4.985288731780262594e+01 2.985271768111001123e+01 4.985288731780262594e+01 6.501387104513440818e+01 4.827656952531115309e+01
1.283213977233468341e-02 3.494385258886298917e+00 7.029919164819051325e+00 1.074382592836012051e+01 2.229083131215283942e+01 4.229083131299543652e+01 5.291194215453229077e+01 6.185621415618908969e+01 7.340321973994613813e+01 8.046615858122322607e+01 8.106053458786546173e+01 7.278595042756556666e+01 7.111846971642003723e+01 7.939391150609451131e+01 8.503051350395948305e+01 6.497771738298189348e+01 5.083646321456965467e+01 4.376379323171207147e+01 3.876036127620947980e+01 5.023904574988335270e+01 4.663951097312077820e+01 4.322896957710101162e+01 2.539315565378710460e+01 4.564694683323652669e+01 3.840409190890034807e+01 1.840345946707738634e+01 2.547485889918966606e+01 3.303501985220110981e+01 4.303748188042192169e+01 5.718003851764301260e+01 7.715733087356282738e+01 5.910311604303301891e+01 3.879561278874955832e+01 3.801716913310748680e+01 4.054316795602206724e+01 6.054353110626097845e+01 6.827680281765546511e+01
9.594114293757748102e-02 2.009594114293722100e+01 2.702991916481940748e+01 2.229083131215243085e+01 3.902809614036973329e+01 5.057510275014774948e+01 6.396996449430286447e+01 7.226878809939486814e+01 7.462255811070953371e+01 6.051354529684050476e+01 6.951758992925707048e+01 5.281269912137646827e+01 6.644340659101848701e+01 7.471471086698397812e+01 8.723255966478140522e+01 6.716938406507060222e+01 7.085104538506494976e+01 5.790709029877577052e+01 4.508869092835958980e+01 6.510028718445931872e+01 6.580489974080323634e+01 4.577135748671901894e+01 3.280233210331171989e+01 5.286435073643517057e+01 4.037481624204488639e+01 2.037414871613004053e+01 4.037481624204488639e+01 5.303436692968382005e+01 6.130898266070497016e+01 7.130199826028466248e+01 7.849645565562997263e+01 5.869577073527035083e+01 4.695307494194009479e+01 4.695466496387202682e+01 6.054353110626097845e+01 5.468534498017982770e+01 7.468644350275188515e+01
3.950229235330715398e-03 1.414608585296640619e+01 3.414608585296711141e+01 4.229083130281418335e+01 5.057509975458596330e+01 4.987491214912437698e+01 4.403655030539275117e+01 6.396996449430286447e+01 6.463215387000147416e+01 4.636542776911174712e+01 6.055389289591479951e+01 4.123744580008006722e+01 4.644476684575277403e+01 6.644340321575882058e+01 8.210713382642271085e+01 8.723255966478140522e+01 8.628103107280583117e+01 7.217703985456385851e+01 5.216096064732037973e+01 7.217703985456385851e+01 6.701522414202317179e+01 4.700287234862286567e+01 5.286435448141904203e+01 6.115879441049211351e+01 4.237488216334646296e+01 2.237422295033062980e+01 3.651808333555729291e+01 5.651444532548588029e+01 6.461120512928648907e+01 6.461120512928648907e+01 8.458122143849936947e+01 7.473718267853813302e+01 5.690524679643844053e+01 5.843808682573679647e+01 7.472217252103163787e+01 7.468644350275188515e+01 8.297381356874984704e+01
7.711341127313005306e-02 2.007711341127277649e+01 3.984081808562193316e+01 4.750157945960813066e+01 3.923664384143616957e+01 2.997253455115204801e+01 4.987491214912437698e+01 4.958425923367138211e+01 5.199542265177625211e+01 3.632960210039904325e+01 4.498204956406430455e+01 3.225517659294447270e+01 4.229621097264644902e+01 5.386806671616157871e+01 7.383772190144496506e+01 8.829062224923687552e+01 9.226193571880874345e+01 7.217703985456385851e+01 6.630217018782659011e+01 8.050806881864950526e+01 7.531471647247846590e+01 6.701522414202317179e+01 6.345072553183478448e+01 5.517669963589406024e+01 4.441618711694255239e+01 2.441556493403795258e+01 4.441618711694255239e+01 5.306784932911723018e+01 4.461752639354840966e+01 5.876035057588747890e+01 7.873641754357481659e+01 8.448979225250461411e+01 7.079862609728694167e+01 7.796390537026189804e+01 8.595652983633618760e+01 8.208067924399162507e+01 7.380927195273811492e+01
9.541454368626212448e-03 1.155654683816104189e+01 3.155654683816068484e+01 3.923652737098091592e+01 1.930708925691648403e+01 3.080587457518242189e+01 3.308825669554948234e+01 2.954854280607488448e+01 3.196050886610964170e+01 2.813671534756280579e+01 2.493333317604471944e+01 2.893913476558776310e+01 4.899380016060853649e+01 6.004455696808452814e+01 6.004455696808452814e+01 7.272651523222781123e+01 8.099811871574917177e+01 9.097664922608699101e+01 8.636022988117510124e+01 8.793497076210888963e+01 7.795094510839906832e+01 6.931052890969337454e+01 4.932227586242058237e+01 3.517687879605804113e+01 3.058808599927351324e+01 2.757798773952464089e+01 2.941581985155151813e+01 3.306754219926776273e+01 5.306784932911723018e+01 6.766432026539342814e+01 7.660086998735469876e+01 8.812945176830123728e+01 9.014416541390599491e+01 8.429632285188442609e+01 7.602511732329892880e+01 6.898773137645525821e+01 5.387714949063603598e+01
2.297228869525369793e-03 2.000229722886917116e+01 2.387696496918341182e+01 2.581953994599002655e+01 2.571348762307093949e+01 1.078123737388275138e+01 1.306045055706743163e+01 1.538541034887463965e+01 1.779315681131776117e+01 2.056681624143723752e+01 3.473174243036848452e+01 4.898695540174949059e+01 3.499178703814668978e+01 4.001810452190112244e+01 4.607963302937732664e+01 5.276504150057410669e+01 6.275310287157690681e+01 8.269992759287966066e+01 9.377942349246555409e+01 7.382621098439348373e+01 5.969588178899410735e+01 4.969319623137059239e+01 4.302371345796743185e+01 5.517669963589406024e+01 5.058842606064333580e+01 3.078068375900707920e+01 4.941630948989156025e+01 5.306784932911723018e+01 3.939327185596133063e+01 4.834101844261273584e+01 5.989030894703570596e+01 7.986460163373568832e+01 8.752143423280359968e+01 6.760922924562825642e+01 5.612038402393861247e+01 4.906027581435603935e+01 4.273500639457866157e+01
