MOVIE_S12_data/elevation_000941.asc
nrows	50
cellsize	150.0
xllcorner	0
ncols	50
yllcorner	0
NODATA_value	-9999
[rows 0 to 16 of 50, columns 0 to 36 of 50]
8.271705653423140625e-02 2.127631151761726416e-02 9.425194436011796739e-02 4.939197167322698090e-02 3.975871534419905817e-02 6.171646774684565184e-02 1.696294146011132625e-02 1.936121709489252440e-02 4.216450047424835645e-02 2.297044857093000214e-02 6.704298068806634203e-02 4.162315340452049650e-02 3.835349583220235004e-02 2.777463300387698203e-02 2.207885817162396139e-02 7.161913568127860341e-02 9.025521335945362045e-02 3.502399586135773735e-02 8.040414306008919487e-02 3.131346976591601466e-02 7.604099264847130613e-02 2.387740603804927586e-02 5.687112022313325910e-02 4.074439634684711570e-02 8.709178300582484655e-02 7.612946965408906586e-02 1.077918208624280109e-02 9.929772718869623455e-03 4.600412614040166881e-02 2.152795518990661267e-02 2.378824418737431057e-02 9.511189423522797837e-02 9.406546861214974686e-02 1.749038473908382007e-03 2.223905489293687143e-03 6.269637160239108220e-02 9.476101746191394060e-02
7.639902522890137937e-02 2.002127631151726206e+01 2.009425194435976181e+01 2.004939197167287190e+01 8.204724524621388682e+00 2.006171646774648920e+01 5.790465633356393305e+00 2.001936121709453786e+01 2.004216450047389131e+01 4.193258729712472821e+00 2.006704298068770953e+01 2.004162315340416356e+01 1.158355202147456531e+01 2.002777463300352068e+01 1.959011227306370984e+01 2.321794937533331549e+00 2.009025521335909659e+01 8.979295905860437799e+00 2.008040414305973442e+01 1.417344909349699122e+01 2.007604099264811737e+01 1.157088278983046514e+01 2.005687112022277674e+01 2.004074439634649352e+01 1.408728983916005761e+00 2.007612121949588513e+01 2.001077918208588713e+01 1.155693515651128500e+01 1.418813974987147652e+01 2.002152795518955131e+01 2.002378824418702052e+01 4.945824394961867654e+00 2.009406546861179521e+01 2.000174903847355168e+01 2.098793578933134452e+00 2.006269637160203700e+01 2.009448419536490249e+01
7.813061968023242432e-02 2.007813061967987878e+01 3.983307226065329587e+01 3.648899577208228351e+01 1.820472452462121282e+01 3.182069252491207578e+01 1.182069252491171873e+01 3.182069252491207578e+01 3.242154218888050821e+01 2.415393431414217673e+01 1.051781402068098004e+01 3.052423557602953252e+01 2.569942574279007275e+01 3.819051768309922323e+01 1.867457874826896003e+01 4.586349005822532909e+00 2.458732121672282744e+01 2.897929590586008075e+01 2.530922752441466983e+01 3.417344909349769466e+01 3.985515403729135642e+01 3.157088278983010809e+01 3.259062805238314553e+01 2.273326419137469756e+01 2.733261340981052001e+00 1.428021672561074418e+01 3.426657353247092175e+01 2.569907078024198555e+01 3.418813974987217819e+01 3.250510126760292451e+01 1.250511385514543328e+01 1.908795987998501076e+01 2.526140334606086313e+01 5.261071239101499764e+00 2.209798513412376053e+01 1.152688399078216364e+01 3.152674567149457019e+01
1.795629399984677299e-03 1.154880101319239927e+01 3.154880101319204400e+01 4.648899577208210587e+01 3.234686014835166645e+01 3.889176033677660627e+01 1.889176033677732036e+01 3.889176033677802735e+01 3.756355321853185814e+01 1.758888004420771622e+01 3.051887936027252124e+01 3.887903605332057566e+01 4.546832701471011262e+01 4.069363796151427692e+01 2.102419822614052336e+01 6.911301780698945407e+00 2.691326772317920302e+01 3.959012778269251243e+01 4.530922752441395573e+01 5.359349877187548827e+01 4.588322417949682119e+01 3.432002900086179409e+01 2.322110249723693087e+01 4.635867317599036141e+00 2.272045827931948736e+01 3.099522802480381500e+01 4.250645207887773580e+01 4.569907078024127145e+01 4.103312056461199120e+01 2.103314250922717221e+01 3.250510126760292451e+01 3.908793362061364007e+01 2.752561436155295027e+01 7.525625307390681584e+00 2.752545875491317773e+01 1.908617343499190966e+01 3.908543572518421882e+01
2.526786264046545702e-02 7.584557322825042469e+00 2.172669294655624483e+01 4.172669294655695182e+01 5.234686014835095591e+01 4.717603158472988412e+01 3.043876572057003926e+01 4.717603158682567965e+01 4.358285103048712017e+01 2.361909868682427671e+01 3.391022590538887016e+01 5.381899562539130955e+01 5.617905224326455027e+01 4.441148331431919871e+01 3.064547955214329278e+01 1.062540483779762468e+01 1.132815988636132865e+01 2.956489062331012008e+01 4.464180156025057755e+01 5.189455633735632745e+01 3.714641554812784818e+01 1.811572069893907866e+01 6.601760066335493171e+00 2.463588103710921473e+01 1.358012367036196189e+01 3.357172460351206666e+01 5.182330326305983448e+01 6.180184190408570544e+01 4.769977625921391251e+01 2.769980917540812015e+01 4.769977625921391251e+01 4.397712048339813151e+01 2.397716170734318197e+01 9.835026384149164969e+00 2.983501400939827164e+01 3.908543845750880052e+01 3.322828223376852463e+01
8.483503398980346555e-02 2.008483503398944947e+01 2.172669294655624128e+01 3.586882857028768967e+01 5.586882857028839311e+01 5.872303697089904517e+01 5.043876572057078533e+01 5.765229500627015113e+01 3.775509652066900657e+01 3.361842240708404717e+01 5.176704952332906373e+01 6.196101943859573424e+01 4.787135202950649671e+01 2.777713657121203283e+01 1.617822347253361315e+01 3.065731118208514516e+01 2.592994600021432561e+01 1.596977938480234371e+01 3.932772194368837404e+01 4.528427106446109462e+01 2.503589961731639590e+01 1.513191305884535609e+01 2.638856961504967558e+01 8.653716770660192736e+00 2.869982403156923212e+01 2.357983500127105359e+01 3.357827254648022119e+01 5.354895930646426905e+01 5.598373170114027175e+01 3.769980914017661888e+01 5.598373170114027175e+01 4.635067825676122766e+01 2.635072496311660828e+01 1.220858970053685155e+01 2.635072496311660828e+01 4.635067825676122766e+01 5.322586444980044007e+01
4.163169627051844027e-03 1.414629879335812745e+01 3.414629879335883089e+01 5.001096419401914517e+01 5.992373952260133052e+01 5.523667754450909229e+01 6.058190238275766859e+01 6.577900252303807349e+01 5.765229500626973902e+01 4.774191126880351277e+01 6.169286328586499479e+01 5.699124995243644776e+01 3.691004179938767749e+01 2.269033828689296328e+01 3.626995132550583634e+01 4.375507250151437688e+01 3.754862375663998364e+01 1.938287990125613192e+01 3.925810485153079554e+01 5.196987724479933490e+01 4.122320246327859650e+01 2.408732124807774966e+01 3.000959367450194648e+01 1.011236668598695054e+01 3.015026484134615004e+01 4.356361592647222380e+01 5.182330326305983448e+01 6.180184190408570544e+01 6.598354099816191365e+01 5.184194004122898036e+01 5.775673102911659385e+01 3.775682586467812030e+01 2.361469142981384195e+01 1.467041952012348460e+01 3.467040350804717974e+01 4.600995757480017545e+01 4.600995757480018256e+01
2.434392073152260791e-02 2.002434392073116598e+01 3.828111838757120466e+01 4.656538963512243612e+01 3.992373952260062708e+01 3.523667754450838885e+01 4.058190238275696515e+01 5.246999365058170639e+01 6.075426489844358713e+01 6.756267874374064775e+01 6.457643564147639381e+01 4.450792066003064917e+01 3.029359087866147604e+01 4.279169149299705310e+01 5.110213100011062437e+01 4.448959892801632066e+01 2.456866298242389135e+01 3.925810485153079554e+01 4.755909232585862867e+01 5.769847936692499246e+01 3.821891388858647076e+01 4.250911436704478064e+01 2.310291478537732957e+01 1.158279593128171392e+01 3.158087077451500235e+01 4.196749336438084299e+01 5.603038512249298009e+01 5.270046561030757459e+01 6.098157921147662819e+01 7.184173164020472768e+01 6.361443653071626869e+01 4.361466246425427329e+01 3.783267816100171643e+01 1.783269718029180950e+01 2.115927636535380785e+01 2.600998886607995786e+01 4.600995757480017545e+01
5.883922493566802470e-02 2.005883922493531202e+01 1.828111838757050123e+01 3.038559672047927762e+01 2.578160389886917869e+01 2.109454192077693691e+01 2.643976675902551676e+01 3.246999365058100295e+01 4.661212927431245134e+01 6.661212927431387243e+01 6.197408343446176815e+01 4.190267887622914600e+01 4.034926221014622882e+01 5.869189776736273245e+01 5.052566573516344306e+01 3.050629712445245900e+01 4.448959876332417451e+01 3.861175989051463375e+01 5.867995772238339214e+01 6.541712364072061803e+01 5.769847936692499246e+01 5.076178571379612947e+01 3.959791881513023526e+01 3.158087077409670229e+01 1.370279170802853663e+01 2.784384294451754371e+01 4.201135765285572887e+01 3.270682463512454774e+01 4.425099632776279890e+01 6.424265529876005587e+01 6.266514850794849423e+01 4.266528020746968508e+01 2.852314684564832703e+01 2.142480322082724697e+01 4.115925266332362753e+01 4.600995757480017545e+01 3.453801751916980578e+01
2.016265153036126551e-02 3.353495984863701374e+00 6.734113003777782325e+00 1.038559672047892057e+01 1.423459851507645979e+01 2.423459851507663743e+01 3.837673413880808937e+01 5.246999365058170639e+01 4.511910429125496336e+01 6.511910429125637734e+01 7.027474543822404485e+01 5.349638341898108251e+01 5.454781029101905432e+01 6.872381826809721872e+01 5.501801685407943410e+01 3.492761148184422382e+01 5.501801678816976704e+01 5.867995769094955705e+01 6.699198161695784393e+01 6.763060405222869065e+01 5.938317987860316549e+01 4.483518810272152422e+01 2.477715346887245218e+01 2.003916698417497599e+01 3.370047387996463328e+01 1.598943410334355875e+01 2.201892574068656572e+01 4.201341497555046800e+01 6.098157921147662819e+01 7.252397402110753433e+01 6.266514850794849423e+01 4.266528020746968508e+01 4.507625857642579348e+01 2.507628693752829108e+01 3.921842154350725451e+01 5.921832818746908345e+01 4.868015004774077426e+01
1.256007409845548775e-02 2.001256007409810067e+01 2.673411300377813760e+01 3.038559672047927762e+01 3.423459851507716678e+01 4.251886976268561824e+01 5.251886976276638563e+01 6.666100538672567666e+01 5.926123991498641175e+01 7.340337554019711774e+01 8.185010297544040725e+01 7.355483702127210677e+01 7.460506099193345619e+01 6.663379095450866885e+01 4.651468004332262751e+01 5.501801685407943410e+01 4.389188578300431942e+01 6.401924597222235036e+01 7.088821103564364989e+01 5.096091252898659008e+01 3.934420418597611757e+01 3.216995943332287311e+01 4.375943820835017561e+01 4.007533814341737610e+01 3.766678625267338276e+01 1.767372348453935871e+01 3.766678625267338276e+01 5.029472649855902944e+01 5.871574435867883324e+01 6.699532817047411015e+01 7.094885290694585933e+01 6.266514850794849423e+01 4.899857436019270551e+01 2.899860964029190313e+01 4.314074385566174641e+01 6.314062821031405548e+01 6.867997436788448340e+01
1.283213977233468341e-02 4.726877347682632013e+00 2.472687734768227585e+01 3.714316999779573081e+01 4.317339688935039277e+01 5.024446470121485220e+01 5.852873594306290528e+01 7.007574131692157948e+01 7.926123991498782573e+01 7.242049406445704562e+01 7.242049406445711668e+01 7.242049406445718773e+01 8.070463026390360994e+01 7.493919773946220175e+01 5.814609535420769504e+01 7.112863015831983660e+01 5.102025508612035054e+01 7.112863015831983660e+01 7.913099003718528479e+01 5.938317987860317260e+01 4.863397152836910209e+01 4.644653590980883706e+01 5.932435361200157331e+01 5.148781188481798665e+01 3.936663696894666487e+01 1.937618866505146187e+01 3.936690289468720749e+01 3.165488906777547484e+01 3.872207061456921195e+01 5.286074187864719676e+01 7.285097075369948527e+01 6.740461136548827881e+01 4.740475757483724806e+01 3.326262396740396099e+01 4.480962916360084591e+01 5.895175482183896065e+01 7.895142813865888343e+01
9.594114293757748102e-02 2.009594114293722100e+01 1.179794515954804623e+01 1.714316999779644135e+01 2.317339688935160780e+01 3.024446470121695896e+01 4.179147008500906679e+01 6.179147008500179084e+01 6.656369414228200299e+01 5.242275802144999375e+01 5.242275802144999375e+01 5.242275802144999375e+01 7.242049406445718773e+01 8.652472462495080663e+01 7.822819876410913764e+01 7.942907208202178992e+01 6.264903489475344855e+01 7.942907208202178992e+01 8.754164734683907056e+01 7.684890149988905250e+01 6.860286675994173322e+01 6.642581775305608005e+01 5.409637328177996807e+01 3.638788246333120924e+01 2.408658146461867133e+01 3.936690338072242668e+01 2.223282784243367161e+01 4.222258266980902164e+01 5.871574435867883324e+01 5.871574435867884034e+01 7.870471518556240653e+01 6.959234835153846177e+01 4.959254724324154751e+01 4.220689587281155042e+01 4.326262394160452374e+01 5.480962811773358823e+01 7.480941891190607862e+01
3.950229235330715398e-03 2.000395022923497379e+01 3.179794515954769096e+01 3.714316999779573081e+01 4.317339688935028619e+01 5.024446470121485220e+01 5.852873594306290528e+01 5.200820875854959269e+01 5.656613286927169071e+01 3.828632065638746695e+01 3.828632065638746695e+01 5.827995930006812841e+01 6.728959759257406859e+01 7.557374896021975985e+01 7.355537587634506735e+01 8.183960889108705317e+01 8.271197270216164554e+01 9.100558531422231567e+01 9.550545505329682783e+01 7.551007818947566363e+01 7.551007818947566363e+01 6.320143701870404129e+01 4.324419522115945114e+01 2.915472376566384227e+01 4.405719004746899969e+01 4.436567453059600297e+01 2.437624460338131982e+01 4.436567453059600297e+01 6.146425184253103424e+01 6.850517818448840046e+01 7.673131449069690291e+01 7.787590788489984561e+01 6.220681476475143512e+01 5.634902602317460918e+01 5.740475276934940041e+01 6.326253431315438291e+01 8.309287356986632744e+01
7.711341127313005306e-02 2.007711341127277649e+01 3.000954145436818266e+01 5.000954145436747211e+01 4.342693224072056779e+01 4.575148620946064426e+01 4.615331061981170535e+01 3.201524245937152813e+01 4.072741955342797837e+01 2.829258275827611158e+01 4.779741022670024364e+01 5.157518953981637821e+01 4.729201813928644782e+01 6.090693099519707943e+01 5.355642853458228814e+01 6.769756738648951000e+01 8.769737657833863409e+01 9.734754064295296416e+01 7.735125139641903047e+01 7.551007818947566363e+01 5.552428951415742375e+01 6.286995557971463455e+01 5.285709529339315793e+01 3.292104503391676928e+01 5.285709529339307267e+01 4.654673473419131113e+01 2.655698801443677581e+01 4.654673457584379292e+01 4.152160151560702417e+01 4.859043214067919791e+01 6.011468739630448965e+01 7.996680175403541568e+01 8.220627493762796689e+01 7.634876779018252080e+01 7.740446996162719984e+01 8.326195457816082524e+01 8.690001853213352945e+01
9.541454368626212448e-03 1.000954145436853970e+01 3.000954145436818266e+01 3.756919068000699724e+01 2.342859958053203329e+01 2.575491580199365771e+01 3.398599673182938830e+01 1.787152787189959824e+01 2.073280966475075004e+01 2.421694514122777520e+01 2.780847978145620303e+01 3.158506040730966902e+01 3.575112643155593872e+01 4.091094538822829207e+01 4.797903945395748337e+01 6.211965711731932061e+01 8.211934357229463899e+01 9.149148671885699002e+01 7.149417415071812343e+01 5.735748477176990434e+01 4.843569251178288226e+01 4.291286940936700489e+01 3.866880997563765732e+01 5.285709338351307451e+01 5.847384532833341808e+01 4.914935876681283844e+01 2.915822454204177561e+01 3.258168086469189006e+01 5.254562759799742366e+01 6.850517718648940502e+01 7.673131195342807587e+01 8.819509143504897963e+01 8.941692815484883283e+01 8.104520972796102285e+01 7.843095622597665795e+01 8.679858112107991985e+01 7.865165899952955897e+01
2.297228869525369793e-03 2.000229722886917116e+01 2.404299632289884414e+01 2.608218891841745091e+01 9.278334336380885006e+00 1.160448665639494692e+01 1.398046321311736939e+01 1.915160390166110460e+01 2.470225491119965611e+01 4.420729233421823778e+01 4.779740966389966417e+01 4.312393785846992245e+01 5.574398971207747877e+01 5.207426127139843430e+01 6.797742965837689155e+01 6.211965711731932061e+01 8.211934357229463899e+01 9.409338349922334999e+01 7.409691437051772311e+01 5.995898912771878742e+01 6.840976713662261943e+01 5.701594717617096819e+01 5.861509051182586205e+01 4.450729975016044904e+01 3.847756219792609045e+01 3.293384809287533699e+01 4.914935876677969162e+01 4.671137065315348735e+01 4.257663259213084928e+01 5.669351135756625837e+01 7.656802945008962524e+01 9.285058233609188960e+01 8.104520972796102285e+01 6.098952001564000369e+01 5.839587299789217667e+01 7.112230916860579555e+01 7.946638378869887731e+01
