MOVIE_S12_data/elevation_000639.asc
nrows	50
cellsize	150.0
xllcorner	0
ncols	50
yllcorner	0
NODATA_value	-9999
[rows 17 to 33 of 50, columns 0 to 36 of 50]
5.436832538903087209e-02 2.001231212616118427e+01 3.139069219362962571e+01 5.074220708173982786e+01 5.506115468336081875e+01 5.508191462133059702e+01 4.922423682906429576e+01 4.336881213419683689e+01 5.120422635785241994e+01 3.115796162319134766e+01 3.715811948441238854e+01 4.873634834862470910e+01 6.874699110616865028e+01 7.405201245644907715e+01 8.230594365044990468e+01 8.368641887961156556e+01 9.193070410709512430e+01 9.762102356822094862e+01 8.464863269471334206e+01 6.451811429484803284e+01 5.035174610377780624e+01 4.331946865847604755e+01 3.702544909837846632e+01 3.228439362006682245e+01 5.234647861102715183e+01 6.538804174767149391e+01 7.610112876209157662e+01 6.786659649469781641e+01 6.200587556913770726e+01 8.201562843846885187e+01 8.503928991316189467e+01 9.314878405173968190e+01 9.169811514519435036e+01 7.209469610078539858e+01 5.805465064880786485e+01 4.795430350890425331e+01 4.042903768398021214e+01
9.647730019007895452e-02 1.163476812597008703e+01 2.963208444377957562e+01 3.502903518091466140e+01 3.502910995224416268e+01 4.999787249733276440e+01 5.895627455246699355e+01 6.338692012879172921e+01 5.120422639261057896e+01 4.534052237850378475e+01 4.753157684249021031e+01 6.546509351542242428e+01 7.700622048792295971e+01 7.674302037587247582e+01 6.845219328163204864e+01 6.760069612515043502e+01 7.588882216579418127e+01 7.752797539350645195e+01 9.051967151973620673e+01 7.041420662536800990e+01 7.041407283977338238e+01 5.331487914256223348e+01 5.677660269688378492e+01 3.664818315100274759e+01 3.759655369071728614e+01 5.717932500998316669e+01 7.014719142027321652e+01 7.841661703226219515e+01 8.201562843846885187e+01 9.019652660181043302e+01 9.099832981092257000e+01 8.286029482648761757e+01 8.576732700151994493e+01 8.248835517815277285e+01 6.284515036431083956e+01 4.871376013045601638e+01 3.867612329589935172e+01
9.953738903938927352e-02 4.813582906815587314e+00 9.664300810426853516e+00 1.500958908222295562e+01 2.167699438929482980e+01 3.062731986270947004e+01 4.479843534455681464e+01 6.483459665648992143e+01 7.120854087333151483e+01 6.536046018685252079e+01 6.754564292939660675e+01 7.580618221686503944e+01 7.899263314740782960e+01 6.532545275032521204e+01 4.877580558956096013e+01 4.794077368555757346e+01 5.767341685679443941e+01 7.752797539350645195e+01 8.650735068686975637e+01 8.885914088735867722e+01 8.167040587155487685e+01 7.337290604928600146e+01 6.214184318964303344e+01 4.126702327476976961e+01 5.717933936147779406e+01 4.325462739569174886e+01 5.054195078617838277e+01 6.431504687262543030e+01 8.422727081798400661e+01 9.104881102143329485e+01 7.974006734749472969e+01 6.334234398481898864e+01 6.705418495965548686e+01 8.049265435361367338e+01 7.673700366641415371e+01 6.682929089885257667e+01 5.862758751868276619e+01
3.582433992925927735e-02 2.003582433992890444e+01 2.967860938190482401e+01 3.502903518091466140e+01 4.170492240789126726e+01 4.999787249733276440e+01 5.895627455246699355e+01 6.262100730201435539e+01 7.088241557595044640e+01 6.926980795745822661e+01 6.156861125525421841e+01 6.926980795745886610e+01 5.942537226076731116e+01 5.707142504282493434e+01 3.750525179580634472e+01 5.709202555093536091e+01 6.559961526637344775e+01 7.290655569304821881e+01 6.621188138031084236e+01 6.902426843765189801e+01 8.885914088735867722e+01 7.919683520145881062e+01 5.830882120336289631e+01 4.675999495592027699e+01 6.716551505489015028e+01 4.806937798218972802e+01 6.751189887336397533e+01 7.014720223771580265e+01 9.009346955109661792e+01 8.290358998549808689e+01 6.334815938835674842e+01 5.196764535623579206e+01 5.369674961038788297e+01 7.116551252820754314e+01 6.697965524870107856e+01 6.434727911373836662e+01 5.654143260218702949e+01
8.338298177320474514e-02 1.163038836556562039e+01 2.577252398929632093e+01 4.577252398929560684e+01 5.030372118092584088e+01 5.616321035888283575e+01 5.933212352548351021e+01 4.259009367218150999e+01 5.933212352548351021e+01 5.994621246699372108e+01 4.289869757207542733e+01 5.994621246699642825e+01 5.631900382512794323e+01 3.987296752041833514e+01 3.220167438291986883e+01 5.185518755099685961e+01 4.126259846747044691e+01 4.662330807804683985e+01 5.359058755075874103e+01 6.686536279962025731e+01 8.666326926159460697e+01 8.763530934072737466e+01 7.403470503688873805e+01 5.285645494506113096e+01 7.403470503688873805e+01 6.170642205367210664e+01 5.585696280087035603e+01 6.969693199140129991e+01 8.968948556658099847e+01 8.544233965709352674e+01 6.588506321891772188e+01 6.358181156234364551e+01 4.384863964719074403e+01 5.717951796452576474e+01 4.727871380821170533e+01 4.461848402483620646e+01 5.170693260551525583e+01
1.813270376062421294e-02 2.001809002533591197e+01 2.964513374759181374e+01 3.875364150545234310e+01 3.030305876114478636e+01 3.616120075500520414e+01 5.105615392562830834e+01 3.094598381121878461e+01 4.030681584599768286e+01 4.697698608621206517e+01 3.316751272648360782e+01 4.235437071265417330e+01 4.471634555346699358e+01 2.846156736928543651e+01 4.817416369043169055e+01 3.659220639191345725e+01 4.938678567063178093e+01 4.645342048975935256e+01 6.394387241346263551e+01 7.831334361416861611e+01 8.712082410457453818e+01 9.871998760933966821e+01 8.103807443117428022e+01 6.002796624831739791e+01 8.103807443117428022e+01 8.152755974750678547e+01 6.452455073725879231e+01 6.969693199140129991e+01 8.968948556658099847e+01 9.359507147607179434e+01 8.544233965709352674e+01 7.107846288095518617e+01 5.142239266341524484e+01 3.737049619242034737e+01 3.320209724348500657e+01 3.053077524029966128e+01 4.353447554075297177e+01
2.351309638313057310e-02 1.359819305945251022e+00 2.135982841791462405e+01 1.875601789569910238e+01 1.616090566974913401e+01 3.616120075497261865e+01 5.448614344766653517e+01 4.030681584581301280e+01 2.018996895329158647e+01 3.851288227931180330e+01 3.805246366973860717e+01 2.256431913225049968e+01 2.495464622367882868e+01 4.471634555346699358e+01 4.833087466752397887e+01 4.592724405045363767e+01 5.592636018422539479e+01 6.394387241346262130e+01 5.165292876043894665e+01 5.910691270306799794e+01 7.030795557955275399e+01 9.038406615554463031e+01 8.944801815218232832e+01 7.071961282903860990e+01 8.944801815218232832e+01 8.447450705547073824e+01 7.859735472411240664e+01 8.968948556658099847e+01 9.797884248574496269e+01 9.309364812487321217e+01 7.352502646156831645e+01 7.184525331797127023e+01 5.824793136353003575e+01 3.845117974240000080e+01 5.304905220108172159e+01 4.673923721307809842e+01 2.685130987503946187e+01
2.372884694381488524e-02 2.002359289090181704e+01 3.262425282563223838e+00 4.613900039362201611e+00 2.461389481009304347e+01 3.485916167768542095e+01 4.034490572534119934e+01 2.620366761570510050e+01 1.441093891327370180e+01 3.236173981200713001e+01 1.938214498693876919e+01 3.925173652115412182e+01 4.471634554355397739e+01 5.290971307252872435e+01 6.809981340192405241e+01 6.723744258729986711e+01 6.358961700156538654e+01 6.925274186676864474e+01 7.010422554732764411e+01 5.979624604596657633e+01 7.082193038242624539e+01 9.087402217611010258e+01 9.969092314394883658e+01 9.135653603330999317e+01 9.969092314394886500e+01 1.045218617621933817e+02 9.866320792196860623e+01 1.035309599248460444e+02 8.393281200901861894e+01 8.393281200901860473e+01 7.352502646156831645e+01 5.391583187278975231e+01 4.398905773125853358e+01 5.824793136353003575e+01 6.286330450681940363e+01 4.311545637364393713e+01 3.239440737451393204e+01
6.296921807001566729e-02 2.006296921806805500e+01 2.326242003274780856e+01 2.461389481009307545e+01 6.575061390744050271e+00 2.657505559767798076e+01 2.999289079425415494e+01 1.206205797061762297e+01 3.206114738351055848e+01 1.688214713469101724e+01 3.705809764758000568e+01 2.355207579098535220e+01 4.338116517727784327e+01 5.592849158327103964e+01 6.828777234298837584e+01 7.668972708474950650e+01 8.222975986512236091e+01 8.816553562328965654e+01 8.761993031382334607e+01 7.082193038242624539e+01 8.761993031413452115e+01 9.920883600687433557e+01 9.679229017547385183e+01 1.026459589294337320e+02 9.885443084781641687e+01 9.057620070045084049e+01 9.885443084781641687e+01 9.775327816573148709e+01 7.820818748858984293e+01 6.443147306270422803e+01 5.699919858952264207e+01 5.102536091963569476e+01 5.543695916014846858e+01 7.184525331797127023e+01 7.100526648720493483e+01 5.795866910788492277e+01 3.816307091900269199e+01
8.175220331382776484e-02 1.422388782704490318e+01 3.422388782704963717e+01 3.447519016410689119e+01 2.027665960265605705e+01 8.565135771387865304e+00 9.993707200526673162e+00 2.999289079425451732e+01 1.671197676264124254e+01 3.668553133823876067e+01 4.649240471313936496e+01 4.338116517732301958e+01 2.786253734037832075e+01 4.764825987134874197e+01 4.833100704209117993e+01 6.195699139593833138e+01 6.750834419689621768e+01 7.592862203681080757e+01 8.481769372899552195e+01 9.087402217610998889e+01 9.920883600647060518e+01 9.094169619043285024e+01 7.681037254841186268e+01 8.266294072026737183e+01 8.886030694233798499e+01 7.058677970548698966e+01 8.886030694233798499e+01 9.767046111169265998e+01 9.207727338085875601e+01 7.656199871120068678e+01 7.656199871120068678e+01 6.089404604953973887e+01 7.503585962826929290e+01 8.316530179676709622e+01 6.465867713519908477e+01 5.073406138668961063e+01 4.964735846686681953e+01
7.631710034972485901e-02 2.007631710034937100e+01 3.837543086898399025e+01 4.673699219585520837e+01 3.613865243523021320e+01 1.872620134200094455e+01 1.881530552243786047e+01 3.750678136690224562e+01 2.009262728704880985e+01 4.009636097458326276e+01 5.338163171817149788e+01 5.592849137119283398e+01 4.764825986296734328e+01 3.243762451099838984e+01 3.699032286834740546e+01 4.207249051230356685e+01 4.749265702485327978e+01 5.628406337349311883e+01 6.786904571630479666e+01 8.816400459269014789e+01 9.491356753620380005e+01 8.266294072026737183e+01 6.266738141205037493e+01 8.071063140259352053e+01 8.058149020296887954e+01 6.058069367435773955e+01 8.058149020296887954e+01 7.767834856403386823e+01 9.181513239642566759e+01 9.612355627588350160e+01 8.857022400587499078e+01 8.043313903607511861e+01 8.857022400587499078e+01 9.237988792174066077e+01 7.851928252846988698e+01 7.039047945543076423e+01 6.931213058226857981e+01
9.124702163186203252e-02 1.009124702163106413e+01 2.423338262822082712e+01 4.423336820928086865e+01 4.793627693951052748e+01 3.350978908141391344e+01 3.230730770844675703e+01 3.791315243969945215e+01 4.009636097458326276e+01 2.509295941324829471e+01 4.509750339098783201e+01 5.928026611251904399e+01 6.047682160227296322e+01 5.217553262082439858e+01 3.942327249405665412e+01 5.915183326102368255e+01 6.750834419689621768e+01 6.154141857391185511e+01 8.191377696157655919e+01 9.651053122487469693e+01 8.664153078319831991e+01 6.665600154886840301e+01 5.510292985392969456e+01 6.071887843343297675e+01 7.391455802676516385e+01 5.390935881019603215e+01 7.088414268083541003e+01 6.353287590816616159e+01 8.353390275899840844e+01 8.998120272326457325e+01 9.826459744382044903e+01 9.512782788312375715e+01 1.034113493482669810e+02 9.206929939910428118e+01 8.360238487402735075e+01 8.187584411111464533e+01 7.556610657625346050e+01
8.187870513261463756e-02 1.422401432886369044e+01 3.422401432886439210e+01 4.659616687443296712e+01 5.487093994470200187e+01 5.397363820297062631e+01 5.144685884997561232e+01 5.725348097259167446e+01 5.338163171817149788e+01 3.403986277806386340e+01 3.099200997387736578e+01 5.099626649513503196e+01 6.576837769862666505e+01 6.443726920513313416e+01 4.465665728929528200e+01 6.443890289282306583e+01 8.181093861548532686e+01 8.191377696157645971e+01 9.035593888963060749e+01 9.438424306327924285e+01 8.606561593019978318e+01 8.046214633022590590e+01 6.070385614785195827e+01 4.657086973617381886e+01 5.971524226761435727e+01 4.787650399928840272e+01 5.087672461744401176e+01 6.332204945623039549e+01 8.332334047736658533e+01 6.998708686376119203e+01 8.672035209093743902e+01 7.513294196805439640e+01 9.186673787825446880e+01 8.360238487402735075e+01 6.319899730385021996e+01 6.150989809065894320e+01 6.150986345574482783e+01
2.239863785106879432e-02 2.002239863785071350e+01 3.027076334208354069e+01 2.660171262478989362e+01 4.158682389120032497e+01 4.825051183368236707e+01 5.651335485709444129e+01 6.649689448985738238e+01 6.232672202567691500e+01 4.559054454413721658e+01 5.099652302221456779e+01 3.748363637621840638e+01 4.903406147595494957e+01 6.903228099166825871e+01 6.443890289282308004e+01 5.337144580187474219e+01 6.480688679018264509e+01 8.512105322126282658e+01 9.156477566129611034e+01 8.279583624516868667e+01 6.599855942659662844e+01 8.272214093795948031e+01 7.477300622734293256e+01 5.971524226761435727e+01 3.970986408587820193e+01 5.479102491486172966e+01 4.331502347806450359e+01 6.332204945623036707e+01 7.777775696448946974e+01 5.844138329864053105e+01 7.777775696448946974e+01 6.358868123415201978e+01 8.292443119839239785e+01 8.360238487402735075e+01 6.319899730385021286e+01 4.889502820078602952e+01 4.128631640151216686e+01
1.991760116496149591e-02 2.001985982428194788e+01 1.027228278720509103e+01 1.581928469547475302e+01 2.159278693690044193e+01 2.825944800623611641e+01 3.825918019157199268e+01 5.824184347579270593e+01 7.387297653687093657e+01 6.559003207294661308e+01 6.283148105727811128e+01 4.283145659000476968e+01 6.283148105727811128e+01 7.731865497085644279e+01 8.181093861689299729e+01 6.480688679018264509e+01 8.181093861689299729e+01 9.354199909034529981e+01 8.326247807421029279e+01 6.322053820739644436e+01 5.443696400158470539e+01 7.447989545600111683e+01 6.869902650654540821e+01 6.799829892006945897e+01 5.479102491486172966e+01 3.478610633674267660e+01 4.893145392844107278e+01 6.893728065883733791e+01 6.949501701966613609e+01 4.949446490646330687e+01 6.464257855244268569e+01 5.464345981523783990e+01 7.464169728964756700e+01 8.701275779741571625e+01 6.658971697100642473e+01 5.225840903324460385e+01 4.218487523001338957e+01
1.766589122093755945e-02 4.100148795859418271e+00 2.409972143922216858e+01 2.660171262478989362e+01 4.156201856340383927e+01 4.825051183368236707e+01 5.651335485709444129e+01 6.649689448985738238e+01 6.726540533637651720e+01 6.960890150165833745e+01 7.111497787505906842e+01 5.697463276926130504e+01 5.283325300045468964e+01 6.697280797405178987e+01 8.696951927988814646e+01 8.512105322126271290e+01 9.354199908933156848e+01 9.479191787575184946e+01 7.475388937589094951e+01 6.689830269779751859e+01 4.687370807137192941e+01 5.871958586458070073e+01 4.868313375391146991e+01 5.069411354735352404e+01 5.193348013515962691e+01 3.192895901843743545e+01 4.607372684083950531e+01 6.608023618133213972e+01 6.282814984805614245e+01 4.282528595170804664e+01 4.464037734313848915e+01 5.619050952528753129e+01 7.033183257638222585e+01 9.032712985714347553e+01 8.103374595129956504e+01 7.086012801845748754e+01 6.241494808492826252e+01
6.490672536223988931e-02 2.006488546267770090e+01 3.238256993095407665e+01 4.659616687443296712e+01 5.487093994470200187e+01 5.966859331551334833e+01 5.129871276433665628e+01 5.692460361442408612e+01 4.478882900255864996e+01 4.727343049691723564e+01 6.960890150165833745e+01 7.697116362696995395e+01 7.282970911410168924e+01 6.697280797405178987e+01 8.696951927988814646e+01 9.177877198117903390e+01 8.349755372657772057e+01 9.169977885927136185e+01 7.475388937589112004e+01 5.472822673292404971e+01 4.577926325554544462e+01 3.870707917360181227e+01 3.453669593943956784e+01 3.068766963009892734e+01 4.543912919991144861e+01 2.918174648651859826e+01 4.332606241974859529e+01 6.333308239958352459e+01 5.679691294909304844e+01 3.679372933927474065e+01 5.679706976159258147e+01 6.594022217571453837e+01 7.422310705434233569e+01 8.422169307105370706e+01 8.891018905528964922e+01 7.871478344333002042e+01 7.029414869906737806e+01
