MOVIE_S12_data/elevation_000344.asc
nrows	50
cellsize	150.0
xllcorner	0
ncols	50
yllcorner	0
NODATA_value	-9999
[rows 17 to 33 of 50, columns 0 to 36 of 50]
5.436832538903087209e-02 1.614848806376035739e+01 6.869784863351241277e+00 2.673723389605493850e+01 1.278583219352914746e+01 1.525690496211101888e+01 1.784723253421375233e+01 2.050417399681000674e+01 2.326068822321759555e+01 2.715801181736842551e+01 3.159861739005026493e+01 3.615136724138109514e+01 4.243046671236466238e+01 5.240817665401370107e+01 6.657083940140466893e+01 8.605739130132094772e+01 8.719761940853190652e+01 6.717960828546108587e+01 5.564165486210186629e+01 4.875086959970764866e+01 6.079608868891458684e+01 5.041865766986859398e+01 5.759726011387789413e+01 3.778997113189824120e+01 5.759726011387796518e+01 6.911476419275673777e+01 6.091703990983166506e+01 4.759723029445552811e+01 5.351816708037541304e+01 6.231086968197733000e+01 7.631781707958302263e+01 9.617752619126385127e+01 8.553913841670470219e+01 7.657975613505627166e+01 6.828297258644420253e+01 6.194160515192191241e+01 5.530504797604197620e+01
9.647730019007895452e-02 2.003297044981849240e+01 4.836935105578233696e+00 2.481108031761110766e+01 3.268741712639331354e+01 1.892926359626539679e+01 3.773727660959631436e+01 4.038522415201395432e+01 4.313095100735660736e+01 4.699381993449367911e+01 4.083357365845269982e+01 5.597578081709350073e+01 5.557226893105855936e+01 5.494545373751432749e+01 6.886105042061953441e+01 8.884846414510700185e+01 9.542757809621642195e+01 8.389539271190072611e+01 7.564021529798597498e+01 6.011408364465398080e+01 7.683195824945102004e+01 7.017674860947832371e+01 6.113547503495884428e+01 4.112030892302548324e+01 5.522301806229559418e+01 7.540940884530969868e+01 7.478414468640394830e+01 5.502001804772813642e+01 7.326915342705301271e+01 7.326915342705301271e+01 9.034966230175322721e+01 9.140586098096896706e+01 7.137733536117380595e+01 5.720708397853912430e+01 4.822980801333493872e+01 4.188218843087053500e+01 3.654046940520597531e+01
9.953738903938927352e-02 2.033010096467699590e+00 9.919127383465220049e+00 1.948718859969597617e+01 3.889624465297784184e+01 2.783612258814140716e+01 2.619941181592177770e+01 3.172743735567078005e+01 4.583461065114993715e+01 6.562284863550993919e+01 5.999017591419104178e+01 5.866168808091055098e+01 7.397549483548306171e+01 7.411959977262463894e+01 8.228206813747688386e+01 9.223430109914920649e+01 8.393477119876547476e+01 9.223430109914885122e+01 8.836558564352752398e+01 8.012018370303630377e+01 8.552059809634228316e+01 6.541082902076190919e+01 5.371157614000520653e+01 4.514395409068998788e+01 6.528820204846685726e+01 8.209312765120820643e+01 8.299843890090292575e+01 6.639898986583752105e+01 8.299843890090292575e+01 9.310530419733487406e+01 9.280537711596930706e+01 9.061568254317127469e+01 8.553913841670470219e+01 7.657975613505627166e+01 6.828297258644420253e+01 5.607134491516228536e+01 5.070834786533058747e+01
3.582433992925927735e-02 2.003582433992890444e+01 2.918560883476989076e+01 3.781339553988767932e+01 4.715701963521210160e+01 3.781083978919904354e+01 4.611034847969223449e+01 5.163045136903573962e+01 4.113878479615171102e+01 5.265644263596236385e+01 7.236670708837323218e+01 7.661662615074706650e+01 8.288148013472022058e+01 7.497371286586702865e+01 8.348084274182419051e+01 8.232214045670872338e+01 6.419847707322956865e+01 8.232214045670725966e+01 8.034728454172484646e+01 8.862864143662672234e+01 9.376061734668421366e+01 8.218686472761410755e+01 7.174043981692673810e+01 5.148946128994773375e+01 5.373619970732429607e+01 6.548038060557396989e+01 8.563303274954937194e+01 8.623847918596341344e+01 9.445036473736504945e+01 9.280537711596930706e+01 7.283151080292373081e+01 7.064854412028806507e+01 8.132744270511233253e+01 7.304962978047635147e+01 8.132744491145498955e+01 7.611369053190153977e+01 7.075715072632105773e+01
8.338298177320474514e-02 2.008338298177284997e+01 1.604834491861511836e+01 3.604177673488791811e+01 5.583681012695868873e+01 5.767185337532699663e+01 5.767185337532699663e+01 6.907125955202420187e+01 5.265644263596236385e+01 6.907125955202420187e+01 8.039580806834791815e+01 7.779117795826087445e+01 6.949130291246589763e+01 5.383658399565695873e+01 7.222145550165244288e+01 7.406662413599752881e+01 5.455008556728833469e+01 7.406662413599752881e+01 6.069821991166080011e+01 6.900289178823300063e+01 8.877590436052574319e+01 8.592364640073989790e+01 6.586556329197198068e+01 6.167925062983250228e+01 6.263454221609875106e+01 8.216869305490392605e+01 9.400778524242015521e+01 9.791778594324540563e+01 8.962381175761241536e+01 8.832159187011923507e+01 6.837037895165462942e+01 5.659123882113684090e+01 7.136412745333700514e+01 5.314779521512009808e+01 7.136437326002322834e+01 6.920156994493954983e+01 6.879965138816888270e+01
1.813270376062421294e-02 6.048359593637840703e+00 2.604706921413215426e+01 2.759500203005474717e+01 4.173293292619268158e+01 6.169704359843535713e+01 7.729090541642109713e+01 8.039580806892489306e+01 7.236670708837338850e+01 6.911964141893801639e+01 7.736047093703089672e+01 6.949130291246589763e+01 4.970542221200508948e+01 4.342662666345029265e+01 6.353190698416181448e+01 6.756111127976114972e+01 4.816333302282581030e+01 5.928987083958933368e+01 4.957684989094558858e+01 6.323492450855258085e+01 8.292799662216191336e+01 9.409801421054304171e+01 8.592364640073989790e+01 7.336692891872414179e+01 7.398690542349278587e+01 9.045838341450601661e+01 9.914056112816093957e+01 8.914350458757525075e+01 6.966393088267925293e+01 7.332663726750480748e+01 6.758720648591176428e+01 4.847394124191283282e+01 5.899110826764524518e+01 4.319284910914830533e+01 5.275610916632644631e+01 4.529289726631603941e+01 4.950676734950634739e+01
2.351309638313057310e-02 2.002351309638277499e+01 3.432664435178907780e+01 4.758028556173385937e+01 5.583681012695868873e+01 5.698126360694349302e+01 6.488191892782212733e+01 7.204501177109742116e+01 6.599870728069916481e+01 4.952994740130939988e+01 6.599870728085829796e+01 7.284883673921291347e+01 5.550057249742199872e+01 3.586369561946761308e+01 4.825208580604181918e+01 5.067783681815704000e+01 5.357988358393413364e+01 3.992636016314478553e+01 5.357720732849082879e+01 7.308146056535721868e+01 8.165494016116146270e+01 8.994003597927392946e+01 1.011193040626904320e+02 9.316227466270308355e+01 9.358965613338578748e+01 1.016055139181719511e+02 9.084327992968937338e+01 7.086461524114704957e+01 6.093855644300879248e+01 5.344466582701718949e+01 4.770228634700089287e+01 4.323956554464107427e+01 3.907196125728453495e+01 3.564241515577610642e+01 3.281405742773391410e+01 3.004057812244950654e+01 4.630371912614297258e+01
2.372884694381488524e-02 1.002372885046463225e+01 2.416586743088830858e+01 4.416611989936609461e+01 5.406004384506606897e+01 3.837384691570974837e+01 5.406004384507645710e+01 5.240338467246504450e+01 5.780952630451765373e+01 3.834385294729948868e+01 5.780952630451766794e+01 5.320994329883396290e+01 5.052071505565157139e+01 3.035328207409247625e+01 2.864908389940006117e+01 3.113291459465702360e+01 3.411139222692243322e+01 3.853951215626718607e+01 5.791100213062542679e+01 6.920953968186874761e+01 6.197703420740307934e+01 7.582330217747424683e+01 9.573375967222779082e+01 1.044371413284846284e+02 9.616802772735151450e+01 1.044371413284846284e+02 9.914056112816093957e+01 8.914350458757525075e+01 8.018328649962799659e+01 6.026713528309397816e+01 6.758720648591176428e+01 5.730899396511446042e+01 4.630950260515865580e+01 5.557500273812271274e+01 5.138610016701785099e+01 3.184032329867663691e+01 2.629425626265365779e+01
6.296921807001566729e-02 2.006296921806966083e+01 3.830786914644716745e+01 4.133038295727941858e+01 3.617836270471340754e+01 2.741790955979397637e+01 4.623826657133613338e+01 3.861583756996608230e+01 4.220157631037372425e+01 3.141590031198529687e+01 5.092737148889195709e+01 5.003087572755983814e+01 3.359645217480301937e+01 2.518726559770842499e+01 4.484531559007010770e+01 5.056965259379275324e+01 3.792561384929263113e+01 5.732458864785331798e+01 4.501402768976895885e+01 4.980933835860816572e+01 5.939534469633181146e+01 7.063345287395780758e+01 9.048507274216549945e+01 9.446172321660479554e+01 7.622239816015949998e+01 9.446172321660479554e+01 9.246943563447455006e+01 1.007383065934084811e+02 8.846969386663627688e+01 7.433063933556225322e+01 8.550191639328409110e+01 7.448427872089595780e+01 5.520964501268182545e+01 5.960644993642261369e+01 4.032535228650635162e+01 4.026483908177994664e+01 4.090190797378672016e+01
8.175220331382776484e-02 2.008175220331347077e+01 2.270322706575369409e+01 2.229965259114474208e+01 1.696592370285758378e+01 3.067927978440687298e+01 4.945432235784192443e+01 4.220157631037332635e+01 2.255181303233657175e+01 3.531862332656780268e+01 3.712328166021770670e+01 3.894928363167222329e+01 2.211375096328660561e+01 4.188608891862637051e+01 5.297021310702865549e+01 6.225554556685072072e+01 4.297293471499870066e+01 6.230289114097033831e+01 6.435948935105363944e+01 6.920953968186874761e+01 6.343882361117141500e+01 8.314128068435064733e+01 9.879922811367659108e+01 8.619521294375556408e+01 6.623400031555422629e+01 7.836013424706865749e+01 7.251587025679569365e+01 9.246943563447455006e+01 1.019678680857415571e+02 9.431282665889989403e+01 8.923249770164950689e+01 6.927198070172060795e+01 6.911175148948316860e+01 5.010114838338564880e+01 5.960644717742589194e+01 5.146046464161759104e+01 6.252252020254137221e+01
7.631710034972485901e-02 1.386560665003092385e+00 2.699625002229813386e+00 8.472499744324450077e+00 2.585175733019167765e+01 2.739863770311914593e+01 3.412304086445222850e+01 3.125027482008346524e+01 3.007914282205067735e+01 1.548345040605520673e+01 1.730232753145863356e+01 1.914480415703093996e+01 2.332095903891008248e+01 2.791362083900898483e+01 4.758495378391634034e+01 6.269386170598251340e+01 6.230289114097033831e+01 5.117593199574559293e+01 7.056026356000062094e+01 8.846627447151404056e+01 8.314128068435064733e+01 9.143037922257882144e+01 9.408649909314290483e+01 7.913785853870169262e+01 5.916663033448477904e+01 5.838777754507103168e+01 7.597565474773422523e+01 8.410572106810302273e+01 8.224972189296470049e+01 1.019634192860673920e+02 9.752466058264523951e+01 8.923249770164950689e+01 7.707541776516299592e+01 5.965124594450382745e+01 7.707541776516299592e+01 7.055941638680248218e+01 7.858290720518634487e+01
9.124702163186203252e-02 2.009031712949249737e+01 2.270318076889401482e+01 4.628597463578955740e+00 6.005455903442396881e+00 7.734815345086451188e+00 2.540052390324151688e+01 1.139501012063270657e+01 1.308363575363267906e+01 3.292539652116028037e+01 3.712328161432571960e+01 3.319750862454574047e+01 3.478587493715932055e+01 4.758485719750307652e+01 3.494034581964059072e+01 5.450881416275377234e+01 7.060704086919120925e+01 7.041937150831770964e+01 6.079442605506229569e+01 7.202674518773484635e+01 9.166323202824760585e+01 9.992391035292303059e+01 7.997656086219673455e+01 6.585732648458156291e+01 5.691884387758111785e+01 5.022581985647298097e+01 5.606187566609333572e+01 6.604744143030612236e+01 7.855604982221780119e+01 8.754029188109379334e+01 8.854415119744733431e+01 9.072703669038052965e+01 8.660501382763818867e+01 7.857225703451545940e+01 8.660501380849991904e+01 8.501207502698999008e+01 6.513587160238517981e+01
8.187870513261463756e-02 1.965398035264113119e+01 3.312027800799209132e+01 2.207657355391856058e+01 1.904009234867532285e+01 7.508545606068374845e+00 9.250359672067343553e+00 2.945182265127640520e+01 1.188069540577395600e+01 3.502550514892068634e+01 4.744035198618233551e+01 5.283474868080072184e+01 5.438406919766151049e+01 6.254835882495695643e+01 4.876377733069536191e+01 4.329846054227024155e+01 5.652516922689176226e+01 7.488627806466064385e+01 7.457396963104768872e+01 8.846627447151404056e+01 9.980787199963008050e+01 9.456536316564040590e+01 9.408649909314290483e+01 8.015350519275231989e+01 6.536043823284556709e+01 4.537612409768188115e+01 6.528688941095307996e+01 7.549665471049981136e+01 5.857940908005267744e+01 7.527823079217077407e+01 6.854804798121921294e+01 7.073642551612623208e+01 9.072703669038052965e+01 8.710823652286504171e+01 7.710080657805792725e+01 6.880696383562349183e+01 6.214013987680861106e+01
2.239863785106879432e-02 1.416453554360199441e+01 3.416488265498507815e+01 4.489327347153835746e+01 3.784301887442342149e+01 3.821091370957480393e+01 2.440525198848506960e+01 3.841154389565065230e+01 2.325710439718146105e+01 1.917824092170232930e+01 3.931967265674050083e+01 4.779907103274342006e+01 5.591623478879371589e+01 6.974031855064133367e+01 6.837855999904229520e+01 5.707058670087116781e+01 5.560326725440958029e+01 7.529063839707102090e+01 9.421297478519197455e+01 9.312451017258680963e+01 8.870930688918866736e+01 7.456702553466371342e+01 8.870930688918866736e+01 7.187653658386297195e+01 5.189255427256748732e+01 4.189463573862002477e+01 5.730192421682360049e+01 6.558004789338137641e+01 4.702768956005166956e+01 6.362402075093813636e+01 5.440292440996202572e+01 7.440477101594629517e+01 8.954015721241916026e+01 7.881097745327178927e+01 5.880295021797525834e+01 4.880653913116120179e+01 4.214116711172658825e+01
1.991760116496149591e-02 2.001991760116460739e+01 2.981439105354291641e+01 3.606261090955353410e+01 4.299642929049007734e+01 5.116956271662458988e+01 4.856423139107126730e+01 5.110105214188587297e+01 3.335012453008813083e+01 3.931967265674050083e+01 2.404770048995655785e+01 2.822746908184057446e+01 4.209215100321891612e+01 5.447648519562467584e+01 7.403934122600857393e+01 7.683399752635520485e+01 6.948417667910354112e+01 8.363548054031754475e+01 8.726887865294632718e+01 7.312738441069377870e+01 7.976822552758336826e+01 6.043512504163626886e+01 7.976822552758336826e+01 8.015350519275231989e+01 6.884503707347529655e+01 4.885177912823364466e+01 3.730596803206103118e+01 5.308891393967287087e+01 3.886316363694469089e+01 4.371397808801909690e+01 5.127197363514049755e+01 6.127097688161855871e+01 8.127667132349489520e+01 8.710823652286504171e+01 7.710080657805792725e+01 6.880696383562349183e+01 6.214015560080271428e+01
1.766589122093755945e-02 4.868355791968101975e+00 9.868096356528139879e+00 1.618948520580498496e+01 2.324389333015156822e+01 3.464028821559593041e+01 5.396077113746371623e+01 6.080935682166052203e+01 4.707061711168846330e+01 4.860734135595976113e+01 2.905041561121202776e+01 4.779907103273929891e+01 3.500864481283154817e+01 5.447648519563477976e+01 7.058061266048444793e+01 7.934652465622707496e+01 8.944430569200417835e+01 9.278308902540403835e+01 7.898440694211198831e+01 5.899419293880619364e+01 6.634148550918418152e+01 5.149707942387584581e+01 7.148492614070720208e+01 8.677691228407609003e+01 7.713234813534891998e+01 6.558685419581331644e+01 5.308891393967287087e+01 3.308935150501059752e+01 5.303013445999258835e+01 6.368921979933547561e+01 7.127355775063975329e+01 7.954549265717190565e+01 8.954015721241916026e+01 8.993635622139508712e+01 6.991747189009058161e+01 6.991747189009058161e+01 6.235778878008513004e+01
6.490672536223988931e-02 2.006490672536188313e+01 2.981439105354300168e+01 2.616044198960582534e+01 4.299642929049007734e+01 5.116956271662458988e+01 6.197824708528371218e+01 7.454809653163268024e+01 6.453054551569169917e+01 4.502868288493893800e+01 3.501112653708386091e+01 5.447631714991374707e+01 5.447648519561214187e+01 4.297210106483782965e+01 5.162627724617732383e+01 6.537101339805576572e+01 8.506842002123549662e+01 8.449765684865469950e+01 6.450569680826151853e+01 5.451337189199569622e+01 4.635293341262060096e+01 4.483361600443261352e+01 5.850133034086427131e+01 7.832507350275626834e+01 8.488490280877934424e+01 6.488665965358134713e+01 5.074683726101017811e+01 3.074882232169274232e+01 4.756492357134931126e+01 5.333298987176504369e+01 5.965429252403269800e+01 6.791850907897945433e+01 7.684921910606627193e+01 8.406944481352088872e+01 6.405553277086890773e+01 4.991643039056077669e+01 4.235880738827311376e+01
