MOVIE_S12_data/elevation_000396.asc
nrows	50
cellsize	150.0
xllcorner	0
ncols	50
yllcorner	0
NODATA_value	-9999
[rows 17 to 33 of 50, columns 0 to 36 of 50]
5.436832538903087209e-02 2.005436832538867620e+01 2.418616683878641638e+01 2.626914363170660849e+01 2.253282658892766577e+01 3.056576369758187184e+01 1.408520662593113393e+01 1.668894080905625188e+01 3.665461542686807661e+01 4.544430200308119083e+01 4.936443376783963544e+01 3.624865078449536071e+01 4.140136649926542134e+01 4.954731401834481375e+01 5.952960379838101090e+01 7.951228115197855573e+01 8.566572919967715904e+01 6.560169220732672102e+01 5.552419210501295765e+01 4.879272036515130395e+01 4.319841547716096386e+01 5.680879575480100385e+01 3.822706689511547751e+01 5.772978832387635606e+01 3.759082141293154677e+01 5.772978832387635606e+01 6.821391812612513661e+01 4.808066528218385116e+01 6.401643548000241424e+01 5.662802230652402358e+01 7.085611483431952706e+01 9.091120781095521863e+01 8.804490541434398665e+01 7.980431566940436028e+01 7.224754011800544617e+01 6.549934193142151173e+01 4.552498810397941043e+01
9.647730019007895452e-02 2.137718752479760287e+00 4.189675455985589103e+00 6.274819588539258142e+00 8.394815283703888298e+00 1.057699377364696680e+01 3.056576369766416335e+01 3.666814700895184842e+01 2.176811766992810249e+01 2.548060815815398428e+01 2.939991876937854798e+01 4.936443376783963544e+01 6.136674280331651232e+01 6.136674280331651943e+01 7.779865161084258318e+01 8.779032563777306564e+01 9.395363864883532301e+01 8.392971185452105942e+01 7.563371070350194714e+01 6.304942535283054639e+01 5.222158277261713977e+01 6.418295227930528313e+01 4.403687058860003845e+01 6.202550212312852551e+01 4.187681841942509919e+01 5.352278006747914674e+01 7.364043645246384528e+01 5.816570005069205962e+01 6.452997177541892881e+01 7.673011556984948811e+01 8.502699837473262789e+01 9.390239456920164685e+01 7.396470018570238381e+01 5.981096684686983878e+01 5.225684745538033127e+01 4.594835294823372607e+01 4.019229947527683322e+01
9.953738903938927352e-02 6.424092709376120425e+00 2.418616683878641638e+01 2.626914363170660849e+01 2.253282658948758410e+01 2.212045732538420495e+01 1.842061390905731244e+01 3.840382325014545728e+01 4.175005809764217446e+01 4.544907024643317328e+01 4.351583787711214057e+01 4.351583787711214057e+01 6.348419328807359818e+01 8.134656706673774806e+01 7.818900406459754038e+01 6.991253991752128627e+01 7.818900406459754038e+01 8.972946718527948917e+01 9.141950793087445959e+01 8.064478796720899823e+01 6.386010389188708558e+01 7.054900949320185077e+01 5.041776898234271442e+01 6.691150428111484416e+01 4.676600129674137207e+01 6.691150428111484416e+01 8.193962026220107475e+01 6.978656479994877770e+01 8.460559962655636923e+01 9.289614623220174394e+01 9.062243657247469741e+01 8.846812528258999464e+01 8.804490541434398665e+01 7.980431566940436028e+01 7.224754011800544617e+01 6.592592803617432651e+01 6.015889885878505083e+01
3.582433992925927735e-02 2.003582433992890444e+01 1.585218312519667094e+01 3.585218298397533943e+01 4.251891034535302083e+01 3.625018263854257583e+01 3.840382325014545728e+01 2.735990305868799766e+01 3.889419367549250239e+01 5.887373720405858535e+01 6.348419328807359818e+01 6.348419328807359818e+01 7.176049693135026075e+01 6.750410242429002494e+01 5.922576327835842847e+01 4.991941154115788493e+01 6.146122114420131766e+01 8.145725605735665908e+01 9.381717354276763388e+01 9.222450707794484970e+01 8.393463325092375271e+01 6.686673037258155716e+01 5.944291827263675998e+01 7.297881781063931328e+01 5.285581534775982249e+01 6.322658139816882539e+01 8.330753085173041939e+01 8.983998204774593432e+01 9.812628271249494105e+01 9.062243657247469741e+01 7.083740571132571517e+01 6.866899573909955734e+01 8.264927713059149994e+01 8.915612805961400511e+01 7.554643520711935878e+01 6.734737917923305872e+01 6.843025251783748786e+01
8.338298177320474514e-02 2.008338298177284997e+01 3.585218298397533943e+01 2.739918850898567015e+01 4.739918753109942173e+01 5.623044647085068704e+01 5.561712655490250512e+01 3.734913014301028511e+01 5.561712655490250512e+01 6.715424364225779641e+01 7.202075339759656458e+01 6.374684390420401314e+01 6.374684390420402025e+01 5.922574492251693101e+01 3.923290887051059173e+01 5.922574492251693101e+01 7.386146678389249587e+01 8.214276919742256666e+01 7.381509848649074002e+01 8.795513032793478203e+01 9.522170383898675539e+01 8.693327267046655038e+01 6.950873032900078385e+01 7.967510546285001283e+01 5.958624250621809892e+01 7.967510546285001283e+01 9.159850063173774970e+01 9.431852553004976869e+01 9.168704384428897924e+01 8.924996936333450037e+01 7.446793183128505689e+01 5.454952111234471346e+01 7.446802652079702511e+01 6.935505585901820780e+01 6.734737843442623273e+01 4.741991537932283762e+01 5.325653389026489748e+01
1.813270376062421294e-02 1.416026832749169984e+01 3.416026832749240327e+01 4.739918800938820453e+01 4.372912010547364758e+01 6.372911750317393853e+01 6.560822555176746107e+01 5.732795459609998545e+01 6.560822555176746107e+01 7.923940824551819162e+01 6.374684390420401314e+01 4.375448936605052808e+01 4.375448936605053518e+01 4.589742086174275926e+01 3.346007677647845213e+01 5.345431232481239903e+01 5.386590057438825596e+01 6.812802266272591112e+01 5.967609494750164600e+01 7.381509848649074002e+01 9.381717354276763388e+01 9.784511254778499278e+01 8.369629483842678042e+01 8.796686216394138569e+01 6.965157887115177004e+01 8.796686216394138569e+01 9.431852553004976869e+01 7.456953347221791262e+01 7.190006924795291354e+01 7.189923377845239827e+01 6.124365193460992174e+01 4.787815458285200521e+01 5.890639130656151679e+01 5.525467723044739898e+01 6.734737609989778662e+01 4.741991537828778291e+01 3.328388090635702667e+01
2.351309638313057310e-02 1.416564872011420562e+01 3.416564872011490905e+01 5.361891557517837015e+01 6.372911750317393853e+01 5.765582695827500714e+01 5.920735670786220339e+01 6.508492071198712381e+01 6.833288807119923547e+01 6.247595728157001105e+01 5.096271787736061043e+01 4.961011443839006319e+01 2.961530549255054723e+01 2.590107660180390070e+01 2.859787338597696049e+01 3.754134360955616501e+01 5.753515534011831534e+01 4.813497429346901413e+01 6.812802266272591112e+01 8.489994671093580791e+01 9.318119832240122946e+01 1.031809228300668195e+02 1.037139207833337906e+02 9.798382321473087586e+01 8.969863205454807087e+01 9.798382321473087586e+01 9.216756141186048978e+01 7.240531227835563755e+01 5.829183579130194914e+01 5.195387367196486395e+01 4.709988491490237550e+01 4.293229077387709225e+01 3.893694144300329185e+01 5.444108656974250238e+01 5.139539905931108876e+01 4.887874036435228930e+01 4.327020719505547675e+01
2.372884694381488524e-02 2.002372884694345956e+01 2.533716299732972033e+01 4.533681479732842234e+01 5.179256424414488436e+01 3.761845360182717712e+01 3.916719939486357305e+01 4.503682557579567458e+01 4.833718105672743093e+01 4.248070818903931922e+01 4.770050991720048472e+01 3.096722517032829813e+01 2.254435215616038235e+01 4.254131578812577885e+01 4.859365091659074665e+01 3.268032330355268300e+01 3.871009739882602929e+01 5.870320927706445246e+01 7.420926643704535763e+01 6.489951530271544300e+01 7.489743079259613978e+01 8.904407148418303564e+01 1.090458699854439146e+02 1.067270180162219191e+02 9.844310778940692330e+01 1.067270180162219191e+02 9.216756141186048978e+01 7.240531227835563755e+01 7.190006924795291354e+01 7.190006924795291354e+01 5.865624945186581130e+01 6.289990831133040672e+01 5.444108656974250238e+01 3.446917795585407163e+01 3.142003993424301100e+01 2.889958889678698384e+01 2.650773967637276485e+01
6.296921807001566729e-02 9.007241127875527553e+00 2.900686146952979527e+01 4.206174130225984698e+01 4.172798643516490813e+01 2.347062678328251550e+01 2.501800372931149141e+01 4.503682557458964197e+01 4.833718105672742382e+01 2.834124598235852233e+01 3.679252255884225775e+01 1.942087699803123257e+01 3.941831478037069303e+01 5.082340849439503927e+01 5.600726353182415096e+01 3.601357784942199913e+01 5.600735574319961074e+01 6.526767364708136654e+01 5.421525713156392356e+01 7.420926643704535763e+01 8.581521894301944542e+01 8.581521894301944542e+01 1.058168327397788318e+02 9.673014360469279893e+01 7.845158726797205873e+01 9.673014360469279893e+01 1.003206687586510242e+02 9.216756141186048978e+01 9.168704384428897924e+01 8.671779196584188298e+01 7.854547576000565812e+01 7.709628719266534347e+01 5.824464011573915201e+01 3.827584184744971196e+01 5.139539905931108876e+01 3.784115644398114853e+01 4.064682694323039414e+01
8.175220331382776484e-02 2.008175217031340054e+01 2.271689015905040776e+01 2.258013228187962085e+01 3.341820687464917938e+01 1.347040797824174163e+01 2.935781870324539966e+01 3.080485101520531543e+01 3.253243274859362799e+01 3.427303982792968640e+01 1.679474834329304755e+01 3.679252255883837108e+01 2.476609280789616108e+01 4.476260856426412715e+01 5.869996400243350365e+01 5.600735574319961074e+01 4.101306223910742688e+01 4.527608946274315826e+01 5.159738916038032386e+01 5.825912632368947897e+01 6.581329049139893073e+01 8.581521894301944542e+01 1.000681024326448210e+02 8.844734752868946259e+01 6.845307772460792251e+01 8.844734752868946259e+01 1.000681024326445510e+02 9.451163328361654692e+01 8.626055804256881743e+01 9.451163328361654692e+01 8.036987846041468231e+01 6.050661470885614790e+01 4.896406400954570159e+01 4.534352019500679631e+01 6.530049688033059851e+01 4.783903206657358709e+01 6.059931373131828991e+01
7.631710034972485901e-02 1.395078047141300459e+00 2.716715248051482678e+00 2.221866752370117482e+01 2.590842479842650903e+01 7.923406251473786632e+00 9.359322568709250945e+00 1.080647177929408187e+01 1.253420863045674949e+01 1.427498519001331267e+01 2.841630036361205569e+01 4.507481191152287892e+01 4.476260856426412715e+01 3.042285743424565680e+01 5.041812424022963057e+01 6.518704680252872663e+01 6.100545357789700773e+01 5.100878113043300743e+01 7.100212602536097961e+01 7.825520059663439554e+01 8.581521894301944542e+01 9.409683844341124370e+01 9.178458869216606786e+01 7.179015341257564842e+01 6.178627511301027653e+01 7.179015341257564842e+01 9.178458869216606786e+01 8.455039635685538713e+01 6.633700056394155808e+01 8.455039635685538713e+01 8.854146820647171978e+01 7.709628719266534347e+01 6.890181778646784494e+01 5.429206696054996684e+01 7.350323677594221294e+01 6.196390431719363789e+01 7.597465639704694240e+01
9.124702163186203252e-02 2.008741405051907236e+01 2.271686083533954559e+01 4.610770143292988621e+00 5.962244900091954847e+00 2.596092106039522918e+01 2.935700087301581362e+01 3.080485102172362843e+01 1.465547355645085403e+01 3.427270996448779528e+01 4.255388093024748031e+01 5.669454686315559400e+01 5.870011754661736347e+01 4.456188175824325270e+01 3.691117772211413239e+01 5.690496561022111166e+01 7.248772282294258673e+01 7.100212602536097961e+01 6.365154167105790606e+01 7.779209907382688982e+01 9.779465418840199220e+01 1.057330453197348277e+02 9.081507731105131143e+01 7.545920064879980771e+01 5.546170271317664202e+01 6.960294175226317748e+01 8.959746030158657959e+01 7.629877930325515933e+01 5.634316404142289514e+01 7.629877930325513091e+01 8.816519437641194656e+01 9.068432471349055390e+01 8.238792821464330984e+01 6.840722462962409622e+01 8.238792821464330984e+01 8.181322109321635594e+01 8.319203977446602494e+01
8.187870513261463756e-02 1.993244598677407708e+01 3.301139034130792993e+01 1.879319268321293634e+01 2.596166490620202083e+01 1.665256603540761660e+01 3.665114617840380618e+01 3.739994300528445592e+01 1.740268479208347330e+01 3.740032437762364026e+01 3.785621914133741228e+01 5.199473590008590662e+01 7.198971548771126550e+01 6.455634426478654575e+01 5.690496561022111166e+01 4.421232617982305868e+01 6.420540623821197812e+01 8.191358733640939249e+01 8.365071182582828158e+01 9.193171052349690342e+01 9.987723706942588819e+01 8.573342525695561278e+01 8.253225791456000593e+01 6.253636571837056124e+01 5.098963027240228740e+01 7.098762417240331501e+01 8.406615648356581971e+01 6.964690754931110916e+01 4.967744042495313295e+01 5.996605819318036623e+01 7.991025591694254615e+01 7.069886760674755521e+01 8.483143362102397589e+01 8.820720236028391525e+01 8.642358614578554921e+01 7.669498852022830704e+01 6.858152163186986172e+01
2.239863785106879432e-02 1.416453828013977834e+01 3.416528132754683611e+01 3.929769379507048654e+01 4.495389751838931858e+01 2.819872578519728989e+01 4.494611778962053705e+01 3.739887882512456230e+01 3.740034528334697939e+01 2.152836858910948692e+01 4.152542608741152463e+01 5.445676197226774207e+01 6.859399052375383121e+01 7.692803010525855711e+01 7.248772282294299885e+01 5.834838496996480472e+01 5.363599379601020445e+01 6.777316731787401238e+01 8.777397988076106117e+01 1.023205590961163551e+02 8.988059543114201233e+01 7.160246470333657953e+01 8.112745789342034186e+01 6.113128068622273759e+01 4.699076062831072420e+01 5.578666647445765392e+01 6.992641147901174747e+01 6.362588666614446709e+01 4.365200784187089766e+01 6.362588666614446709e+01 6.390947367875416063e+01 5.656213615350028334e+01 7.655247246819976681e+01 8.973888817268887408e+01 7.825608652782187846e+01 5.890695673591795156e+01 4.915811912185430543e+01
1.991760116496149591e-02 1.416205322489603624e+01 3.416205322489673790e+01 4.445299797234712003e+01 5.273726921980932048e+01 4.820208379367036855e+01 5.651619122660312655e+01 5.738311854471224649e+01 4.980780482748120619e+01 3.152782698169390585e+01 2.617825964712684339e+01 4.031815167060863558e+01 5.693183970669478811e+01 5.693184220334902079e+01 7.521093884655589079e+01 7.834550641912201741e+01 6.777316731787401238e+01 6.996107015729513989e+01 8.996178485548753656e+01 9.012779605214325329e+01 7.404418408043315480e+01 6.161442109949481960e+01 8.159682152776287012e+01 7.318875791385778484e+01 5.319183931301813573e+01 4.165249096248471972e+01 5.693159811627106137e+01 5.381094076435869056e+01 3.881086339500686933e+01 5.635446124409978097e+01 4.392078962465767233e+01 5.147367085098772321e+01 6.147132476118189714e+01 8.146023741748382463e+01 8.642358614578554921e+01 7.669498852022830704e+01 5.886982037686211555e+01
1.766589122093755945e-02 2.001766589122058093e+01 2.831767791114277699e+01 2.445299797234641659e+01 3.893621948010977718e+01 4.560288614677656227e+01 5.388715739423876272e+01 6.388715739423911089e+01 5.980545668816701976e+01 4.566662120522339308e+01 3.195160942703043006e+01 3.235019850229110006e+01 3.693814631040110896e+01 4.693501011387787969e+01 6.107133883551137643e+01 8.106935820634367929e+01 8.777397988076106117e+01 8.996178485548753656e+01 9.012779605214325329e+01 7.013954480344077069e+01 7.380745724885328229e+01 5.406633972429322910e+01 7.404418408043315480e+01 8.147155848386265120e+01 6.992641147825312942e+01 5.693159811627106137e+01 3.694964138951773691e+01 3.380738145903639946e+01 3.408330040152623042e+01 3.635826729959192960e+01 5.635446124409369872e+01 7.146578108933283602e+01 7.974479528474020640e+01 8.973888817268887408e+01 8.119306739313827848e+01 7.235595136282283590e+01 6.416317351822577564e+01
6.490672536223988931e-02 4.147389630000888339e+00 8.317677911142419944e+00 1.290599258855369591e+01 1.893621948010907374e+01 2.560288614677585883e+01 3.560288614677620700e+01 5.560288614677691044e+01 7.394429217111071750e+01 5.797473262241557990e+01 3.798121818297538965e+01 5.234496486760222922e+01 5.107544471081635606e+01 4.636337312243553299e+01 5.635860676289161830e+01 7.049680399124736141e+01 9.049823237639417073e+01 9.192515216966840796e+01 7.193594025578445894e+01 7.193594025578444473e+01 5.383091635544401043e+01 4.804917268414693865e+01 6.802063736684816320e+01 6.947635806210125509e+01 7.775692948855989073e+01 6.521409139292201473e+01 5.693159811627106137e+01 4.949742272030185575e+01 2.937729884069554487e+01 3.656950187368721572e+01 5.656749692847504463e+01 7.638910726189115508e+01 8.638488750924834392e+01 8.693912029989053281e+01 6.721769020710105735e+01 5.324771909822938198e+01 4.433720340292623519e+01
