MOVIE_S12_data/elevation_000372.asc
nrows	50
cellsize	150.0
xllcorner	0
ncols	50
yllcorner	0
NODATA_value	-9999
[rows 0 to 16 of 50, columns 0 to 36 of 50]
8.271705653423140625e-02 2.127631151761726416e-02 9.425194436011796739e-02 4.939197167322698090e-02 3.975871534419905817e-02 6.171646774684565184e-02 1.696294146011132625e-02 1.936121709489252440e-02 4.216450047424835645e-02 2.297044857093000214e-02 6.704298068806634203e-02 4.162315340452049650e-02 3.835349583220235004e-02 2.777463300387698203e-02 2.207885817162396139e-02 7.161913568127860341e-02 9.025521335945362045e-02 3.502399586135773735e-02 8.040414306008919487e-02 3.131346976591601466e-02 7.604099264847130613e-02 2.387740603804927586e-02 5.687112022313325910e-02 4.074439634684711570e-02 8.709178300582484655e-02 7.612946965408906586e-02 1.077918208624280109e-02 9.929772718869623455e-03 4.600412614040166881e-02 2.152795518990661267e-02 2.378824418737431057e-02 9.511189423522797837e-02 9.406546861214974686e-02 1.749038473908382007e-03 2.223905489293687143e-03 6.269637160239108220e-02 9.476101746191394060e-02
7.639902522890137937e-02 2.002127631151726206e+01 2.009425194435976181e+01 1.419152759540430253e+01 1.003975871534428599e+01 2.006171646774648920e+01 2.001696294145975585e+01 4.607675894506108705e+00 2.004216450047389131e+01 1.416510607252476106e+01 2.006704263325354276e+01 2.763278423163601616e+00 2.003835349583184566e+01 2.002777455814727858e+01 1.416421448190269849e+01 2.007161913568092260e+01 6.414810533696239325e+00 2.003502399586100324e+01 1.422254025517943354e+01 2.003131346976556060e+01 1.343495824407473505e+00 2.002387740603769473e+01 1.419900674395420914e+01 2.004074439634649352e+01 7.158159594871330356e+00 2.007612946965373268e+01 2.001077918208588713e+01 3.858931567316366884e+00 2.004600412614004767e+01 1.416366357892098193e+01 1.002378824418746106e+01 2.009511189405397857e+01 2.009406546313221398e+01 1.874920661637298425e+00 2.000222390548893969e+01 1.160970175539480564e+01 2.009476101746155763e+01
7.813061968023242432e-02 2.007813061967987878e+01 3.828606687686079368e+01 3.419152759540500597e+01 2.418189433907548747e+01 3.832402996280436724e+01 2.932172110241610952e+01 9.321721102416466564e+00 2.932172110241682361e+01 3.416510690740849299e+01 3.104202774456469172e+01 1.276327836306134955e+01 6.845761327802249774e+00 2.684583406980273779e+01 3.416421448190340016e+01 3.308147720036367190e+01 1.308147720036296491e+01 3.308147720036367190e+01 3.422271352434841418e+01 2.261738543277446567e+01 2.613543376071599145e+00 2.261740717692644509e+01 3.419900674395505291e+01 3.544243084236691743e+01 1.610243150487064412e+01 3.544243084236750008e+01 2.778125427007967474e+01 7.781254270080030899e+00 2.778125427007967474e+01 3.416366357909340223e+01 2.416592386792125069e+01 3.830805681091631953e+01 2.375636239840615005e+01 3.756362398404497149e+00 2.375636239846804187e+01 3.160970175539445037e+01 3.989397300280907643e+01
1.795629399984677299e-03 1.000179562939989708e+01 2.414393125313059585e+01 4.414393125313129929e+01 4.418189433907619446e+01 4.565165272097198113e+01 2.565165272097127769e+01 1.509522379431277450e+01 3.509522379431347616e+01 4.908806485578281098e+01 2.909302918399374960e+01 2.979313851506313426e+01 9.794600450900217581e+00 2.134160603067166306e+01 4.134192958050158495e+01 4.136574844782586524e+01 2.308147720036314254e+01 4.136574844782586524e+01 3.804067072750839884e+01 1.803892847695128765e+01 3.891468672819790253e+00 1.803892890947389205e+01 3.804083027168066167e+01 4.438670275245718955e+01 3.024456712860184737e+01 4.438670275246351338e+01 3.195154255122113440e+01 1.195154255122149145e+01 2.609367817495219199e+01 4.609367817495147790e+01 4.416592390314222882e+01 4.375621499066941311e+01 2.375635175885477679e+01 1.192132807609868905e+01 6.556922566460529289e+00 2.069906163037040159e+01 4.069949703575385058e+01
2.526786264046545702e-02 2.002526786264010994e+01 3.188856461744176940e+01 3.895963242930771742e+01 4.724390367676991787e+01 5.393592396845521364e+01 4.141977911465035334e+01 2.141977911464964635e+01 4.141977911465035334e+01 5.734865360608104368e+01 4.446211207879611038e+01 2.446507612494672301e+01 1.291807568867236533e+01 3.291830466310177883e+01 4.962909013660281232e+01 5.136574844782604288e+01 4.308147720036384953e+01 5.136574844782403915e+01 3.934220674550649477e+01 1.933228806790696197e+01 5.182898669321572171e+00 1.933218315362387330e+01 3.933448207533604091e+01 5.582329939084753789e+01 5.024456712860255436e+01 4.828147416977500939e+01 2.828147416977572348e+01 1.749854451347368567e+01 2.828147416977572348e+01 4.828147416977500939e+01 5.868026575193792382e+01 3.871029422051874747e+01 2.457029545352328270e+01 2.856704708868367248e+01 8.566998196978969915e+00 2.270913816410941877e+01 4.270920037556383164e+01
8.483503398980346555e-02 5.858337725886086034e+00 1.188856461744141235e+01 1.895963242930701398e+01 3.050663781309973288e+01 5.050663781310043987e+01 4.970405036211290195e+01 3.036405102464896189e+01 4.970405036211290195e+01 6.101708565901653714e+01 5.267456882865501200e+01 3.625176477043528678e+01 1.625140902200575610e+01 2.625140911076616135e+01 4.039358114429040825e+01 6.039588558937854401e+01 5.937393922867354945e+01 5.100449436520408142e+01 4.063661445006908224e+01 2.063925393583065571e+01 6.488395900271148875e+00 2.649792898810052932e+01 2.753806128777157625e+01 3.908591209575418191e+01 5.908606009164812178e+01 5.656574541723662009e+01 3.749854451347297868e+01 2.456961232533903683e+01 3.749854451347297868e+01 5.656574541723662009e+01 6.451074439031413021e+01 4.455936346229115230e+01 4.215075532499150057e+01 3.061904127253458441e+01 1.061895490114929608e+01 3.061874176399924252e+01 4.626391015435917353e+01
4.163169627051844027e-03 2.000416316962669683e+01 3.188856461744105530e+01 3.895963242930771742e+01 4.724390367676991787e+01 5.879090906056263321e+01 5.864832227211297777e+01 4.450618664838041383e+01 5.864832227211297777e+01 5.275332136298117547e+01 3.275056780020655367e+01 2.567949957586671061e+01 2.061576682672567884e+01 4.061621072464645721e+01 5.454247959529978118e+01 6.288087544444433519e+01 4.231038000515050612e+01 3.008682207969911104e+01 2.314394923897562251e+01 2.781653436278131508e+01 7.805627893974310005e+00 1.488452625155420961e+01 2.903117809575589092e+01 4.903200402829053672e+01 6.737038854980971792e+01 6.578281576093287697e+01 5.285388357279992988e+01 3.351388423533787631e+01 5.285388357279992988e+01 6.578281576093287697e+01 5.575263199325701180e+01 4.747346921015854804e+01 3.387407898145847440e+01 1.386337228777152220e+01 3.058142105306662373e+01 1.792971141577128336e+01 3.797863299927979597e+01
2.434392073152260791e-02 8.189309730008854871e+00 1.818930973000903251e+01 3.233144535374048445e+01 5.233144535374118789e+01 5.597845893097147751e+01 6.426287127326953907e+01 6.450618664838182781e+01 6.690160020299310872e+01 4.689291238321187905e+01 5.275331736341900069e+01 3.975792610757805079e+01 2.561576682672590977e+01 3.694576904116337346e+01 5.694780334678819855e+01 7.114605373205678518e+01 5.937393922867354945e+01 5.100449436520408142e+01 3.396254717721808447e+01 1.467933792624105216e+01 9.152840385017945835e+00 2.918429944442087987e+01 3.970226255053947284e+01 4.391605859854507798e+01 5.252018700023869968e+01 6.280042629996668779e+01 6.179815548279876936e+01 4.765601985906832994e+01 6.179815548279876936e+01 6.643916468427212862e+01 4.747346921015854804e+01 2.747817953291073678e+01 2.170667349565706061e+01 1.644532263993335519e+01 3.642889354669466684e+01 3.709798738625966763e+01 2.651035471234205687e+01
5.883922493566802470e-02 2.005883922493531202e+01 3.647358097747175520e+01 4.647358097746992911e+01 5.271580223221990735e+01 3.597844409800926968e+01 4.443144498336422288e+01 6.443150234870967097e+01 7.521676636779380942e+01 6.690160020299310872e+01 6.805438703409110701e+01 5.116358780782375248e+01 3.116276878899876479e+01 5.116358780782375248e+01 6.524179066437238816e+01 6.819134983843289888e+01 6.010508777278685244e+01 4.592912163824874483e+01 3.330681222055975610e+01 1.332633867673998473e+01 2.918429842074367642e+01 1.138758827087566594e+01 3.142106915822561319e+01 2.370959353024756666e+01 3.372351861573419995e+01 4.802061033393430733e+01 6.880630244493617909e+01 6.765601985906691596e+01 6.970632586757419347e+01 4.971162945503835573e+01 3.816525680628421213e+01 4.747346921015854804e+01 3.905740100236653944e+01 1.907130463251739272e+01 3.905740100236653944e+01 5.356999317480772049e+01 4.082347171117759643e+01
2.016265153036126551e-02 1.416229827526143659e+01 3.416229827541886976e+01 4.271576960420475899e+01 3.443144184262651919e+01 2.443143870188876221e+01 4.443144498336422288e+01 5.781254077134502722e+01 6.609695825373108846e+01 7.764407478869797785e+01 6.116440612510336905e+01 4.116276949054405065e+01 5.116358780782375248e+01 5.945465120629950917e+01 6.353539806647966515e+01 4.814307358344873933e+01 4.814307358344873933e+01 3.175315550369659690e+01 1.762619853818099003e+01 3.330681222055975610e+01 3.073135508068705590e+01 3.100819231352420147e+01 1.367037524874375976e+01 3.381282606588561634e+01 5.252018700022468778e+01 5.868784338907681075e+01 6.711169303616161130e+01 7.733783713400826798e+01 7.797945692332929468e+01 6.643916468427212862e+01 5.816238251143176541e+01 5.549040787179696821e+01 4.183996989061137128e+01 2.176766892978370294e+01 3.429402880491403494e+01 5.166657279108127909e+01 6.109886014603215187e+01
1.256007409845548775e-02 2.001256007409810067e+01 2.614887050256379908e+01 2.935143596484019923e+01 1.443143870177568111e+01 3.443144184262651919e+01 4.626552673030239049e+01 3.781252577654807112e+01 4.935953127757451853e+01 6.935956647826668586e+01 6.945881350962046952e+01 5.116277860033765279e+01 6.945881350962046952e+01 6.941260229979953067e+01 4.936935977531177144e+01 3.516706269084857439e+01 2.807350918642755033e+01 2.231296973330907107e+01 3.207229307911261884e+01 4.592886730370216242e+01 4.824321375401684975e+01 3.531173369936431072e+01 1.534290289194373180e+01 3.536910173057732720e+01 4.836455192131607816e+01 3.804164812768694048e+01 4.841393378609582498e+01 6.300217108533117027e+01 8.334945645735056985e+01 7.298960522131915241e+01 5.301312356636271517e+01 4.721057297120076868e+01 2.711561578949670448e+01 4.172826880192924648e+01 2.779990443791533750e+01 4.784516333078425276e+01 6.756199170932364950e+01
1.283213977233468341e-02 3.062803546424421430e+00 6.148870545666246912e+00 9.351433621768016735e+00 2.935143596481886519e+01 2.092029554700629745e+01 2.626552038525487731e+01 3.520979229534562194e+01 4.675679771200844925e+01 6.675682479179118900e+01 7.946524726990654131e+01 7.116603364986907820e+01 7.946524726990654131e+01 7.160226860601780174e+01 5.156252882699907047e+01 5.523988959376768548e+01 4.653360929340755092e+01 2.646727511478911055e+01 4.653360929340411190e+01 6.178073754901664216e+01 5.054158246886026262e+01 3.113739965580916547e+01 1.709988310073025275e+01 2.075116141170482109e+01 2.733306210024952776e+01 4.836474575838184364e+01 6.711169303616161130e+01 6.936505821545540584e+01 7.774298006369453162e+01 6.715450526580465862e+01 4.715557147575922414e+01 3.291249867881492008e+01 4.721057297119920548e+01 5.306332820582898080e+01 3.315445787912694442e+01 3.935566397211616874e+01 4.933644118399571710e+01
9.594114293757748102e-02 2.009594114293722100e+01 2.614882991059260675e+01 2.089843898837760250e+01 2.935139905441537067e+01 4.092030019626859172e+01 3.725022769524025534e+01 5.454988704818052270e+01 6.349420308543217573e+01 7.504130471671801672e+01 6.945821688858008258e+01 6.945821688858008258e+01 7.770630856762630856e+01 7.989064160379935231e+01 6.968251792889046214e+01 4.963958902824271036e+01 3.543814682796157456e+01 3.280548499574054944e+01 5.288252763565076009e+01 6.479668741854324310e+01 5.074882901958605430e+01 4.290760863526276125e+01 3.273630310675574151e+01 1.959086260905721133e+01 2.263226984417440946e+01 4.289271134303445621e+01 5.482840645376288791e+01 4.880712814257515930e+01 6.936505821545540584e+01 6.915019668201932745e+01 4.917948857337079716e+01 3.753874534262052265e+01 5.762010299895684540e+01 6.134502346353395552e+01 5.311118348387991972e+01 4.210759679415375700e+01 6.201327211494642455e+01
3.950229235330715398e-03 2.000395022923497379e+01 3.836140328606904859e+01 4.089835296406065623e+01 4.917966926268655214e+01 5.763225849706051918e+01 5.725025014486497810e+01 6.553468078111589534e+01 6.556097121590813970e+01 6.364287976514146550e+01 4.957945096265663665e+01 4.957945096265663665e+01 6.945821688858008258e+01 8.124208294980377332e+01 6.122032902018585077e+01 4.703687710813405687e+01 5.551002698840264316e+01 3.991221073772945260e+01 5.997622949687389848e+01 5.816402366339548990e+01 3.703314570296399211e+01 3.047604026645607789e+01 2.268481276144976277e+01 3.973998653649406521e+01 4.289271134303445621e+01 2.714674710105213151e+01 3.426161978789282614e+01 4.880712814257309162e+01 6.936505816954746706e+01 7.739900798134991078e+01 6.587843825209763793e+01 4.917948857337112401e+01 4.657106673217786152e+01 6.655896111024753736e+01 7.024185804934124633e+01 5.360990925586143163e+01 5.618996951098470305e+01
7.711341127313005306e-02 1.007711341128165650e+01 2.421924905711157194e+01 4.421925328370539177e+01 4.437814243064436681e+01 4.612751892366783579e+01 4.870113921204108465e+01 5.134074450684637014e+01 4.567014355158611494e+01 4.727272919891251490e+01 3.548971474172488882e+01 4.700000558561333719e+01 6.105666670988016875e+01 8.093494786385389261e+01 7.537408924045008973e+01 6.122032902018585077e+01 6.826869597198064810e+01 4.995626507711378395e+01 6.826869597198064810e+01 6.250884941309341514e+01 4.470589467866161471e+01 3.383444527154148318e+01 2.656681261728822108e+01 2.690286996026518196e+01 4.638137594454531865e+01 4.755694929591662401e+01 3.243689091953182668e+01 5.303244769038980877e+01 6.742143150475604330e+01 7.924796118763806874e+01 7.739900937850170237e+01 6.915019672785807359e+01 5.368043855888650029e+01 7.360245897628844602e+01 8.171620540246206588e+01 7.349247925767518552e+01 7.607196823923342777e+01
9.541454368626212448e-03 1.415167707809970210e+01 3.415167707810040554e+01 3.801173169405590357e+01 2.373467970267121174e+01 2.618679934899411776e+01 2.876596218246390890e+01 3.141229878025012212e+01 3.156883561581880571e+01 2.733107522816593971e+01 4.727272919891251490e+01 6.364287976514146550e+01 7.194040535578213280e+01 7.194040535578213280e+01 8.018937941128811531e+01 8.124208294980377332e+01 7.828409699454473980e+01 6.999619391663401302e+01 7.828409699454473980e+01 7.146279822232310153e+01 6.137473160619815360e+01 4.984053981595912575e+01 3.051052663070878168e+01 2.994915063946678302e+01 4.937954874930487392e+01 6.149090850156773058e+01 5.303244769038980877e+01 3.823280716276229185e+01 5.027899831882245962e+01 7.088093139758603911e+01 8.622534229233789915e+01 8.185001461708421289e+01 6.365576093065670449e+01 8.185001461708421289e+01 8.690992585427717643e+01 7.796477549544438546e+01 6.967880984987651516e+01
2.297228869525369793e-03 2.000229722886917116e+01 2.404879521296891554e+01 2.589266239343931630e+01 9.549488005010417169e+00 1.206278739853285309e+01 1.463930554876086987e+01 1.728472745943041744e+01 2.002996782482926008e+01 3.999106731843397000e+01 4.874645582836076585e+01 5.320107624380855071e+01 5.207268329089740888e+01 5.207268329089740888e+01 7.194040535578213280e+01 8.463583704791484763e+01 9.222225860364177663e+01 8.228988842750980837e+01 7.404831438647410380e+01 6.746726478706706587e+01 5.571025858408078335e+01 3.635175170459814353e+01 4.988410128438537328e+01 3.304710522668834471e+01 5.244693044411722838e+01 7.183800954481867507e+01 6.742143309250883476e+01 5.898639979771353836e+01 4.524701287173978415e+01 5.740501548348179028e+01 7.789002671031364855e+01 9.180078237817454578e+01 8.354915702191996729e+01 9.180078237817454578e+01 7.862324765057596210e+01 5.862287670769312342e+01 4.969589160518367521e+01
