MOVIE_S12_data/elevation_000817.asc
nrows	50
cellsize	150.0
xllcorner	0
ncols	50
yllcorner	0
NODATA_value	-9999
[rows 0 to 16 of 50, columns 0 to 36 of 50]
8.271705653423140625e-02 2.127631151761726416e-02 9.425194436011796739e-02 4.939197167322698090e-02 3.975871534419905817e-02 6.171646774684565184e-02 1.696294146011132625e-02 1.936121709489252440e-02 4.216450047424835645e-02 2.297044857093000214e-02 6.704298068806634203e-02 4.162315340452049650e-02 3.835349583220235004e-02 2.777463300387698203e-02 2.207885817162396139e-02 7.161913568127860341e-02 9.025521335945362045e-02 3.502399586135773735e-02 8.040414306008919487e-02 3.131346976591601466e-02 7.604099264847130613e-02 2.387740603804927586e-02 5.687112022313325910e-02 4.074439634684711570e-02 8.709178300582484655e-02 7.612946965408906586e-02 1.077918208624280109e-02 9.929772718869623455e-03 4.600412614040166881e-02 2.152795518990661267e-02 2.378824418737431057e-02 9.511189423522797837e-02 9.406546861214974686e-02 1.749038473908382007e-03 2.223905489293687143e-03 6.269637160239108220e-02 9.476101746191394060e-02
7.639902522890137937e-02 2.002127631151726206e+01 2.009425194435976181e+01 1.419152759540430253e+01 1.418189433907527430e+01 2.006171646774648920e+01 6.341518261796842637e+00 6.343916537431623759e+00 2.004216450047389131e+01 2.002297044857057529e+01 6.733709647354761962e+00 2.004162315330829358e+01 1.444787673220909596e+01 1.925493286778226576e+01 1.660454346340885934e+01 2.365775453994890754e+00 1.895861128641261928e+01 2.003502399586100324e+01 1.162740952685250484e+01 4.745358677676252412e+00 2.007604099264811737e+01 1.416601302976912535e+01 2.005687112022226160e+01 2.004074439634315041e+01 1.394532683927053096e+00 2.007610090552790183e+01 1.415291507650355207e+01 2.000992977271851458e+01 5.209981921083646661e+00 2.002152795518955131e+01 1.002378824418746106e+01 2.009511189423487210e+01 1.423620109234322584e+01 2.000174903847355168e+01 2.032916235756527801e+00 2.006269637160203700e+01 2.009476101746155763e+01
7.813061968023242432e-02 2.007813061967987878e+01 3.645103268614021630e+01 3.419152759540500597e+01 3.418189433907598129e+01 3.300818492846273955e+01 1.300818492846345009e+01 1.301058320409823210e+01 3.301058320409752156e+01 3.380475336400380826e+01 1.380477745922029875e+01 3.380481137995653995e+01 3.540611905514246871e+01 2.532290022396530915e+01 5.675939184973262996e+00 2.277100506790697310e+01 3.170824737639098956e+01 3.162740952676828243e+01 2.959607117840179669e+01 9.596071178402954871e+00 2.959607117840884882e+01 3.416601302977111487e+01 3.610109657586892240e+01 2.270501456256045358e+01 2.704776248087892299e+00 2.270501324295342727e+01 3.415301414321707085e+01 3.055520675933182417e+01 1.055520675933218122e+01 3.055520675933253827e+01 2.416592386791866431e+01 3.830805949165036139e+01 3.423620109234393283e+01 2.407365857775042528e+01 4.074157688075707995e+00 2.407365857746891535e+01 3.838630626432588144e+01
1.795629399984677299e-03 8.166761438677315965e+00 2.230889706240851922e+01 4.230889706240922266e+01 4.933811654701697336e+01 2.933811654701768390e+01 2.300818492846327246e+01 2.056987266428264505e+01 4.056987266428193095e+01 3.380482097966854838e+01 2.794691367470364440e+01 4.209022662956587624e+01 3.948611221310761010e+01 2.772619568437466597e+01 8.048891972758324798e+00 2.772619574519740482e+01 4.730243403335798291e+01 5.162740952467516564e+01 3.494129601665954965e+01 1.494129601665148854e+01 3.494129601665954965e+01 4.311844216127730789e+01 2.032096592679475577e+01 4.586165454073444891e+00 1.537260029339333833e+01 1.785332143110020553e+01 3.644731598684212059e+01 3.658543365088826249e+01 1.658543365088755905e+01 3.658543365088826249e+01 4.416592386791936775e+01 5.174460936383059106e+01 3.759931221090138109e+01 2.614933798911986784e+01 6.148061077534147323e+00 2.011870521290776992e+01 3.912919319868452561e+01
2.526786264046545702e-02 2.002526786264010994e+01 2.816676143867767124e+01 4.816676143867837823e+01 5.762238779447857695e+01 4.300818492846256902e+01 4.300818492846256191e+01 3.056987266428246741e+01 4.885414391174354165e+01 5.380529286940972611e+01 4.794710288565179468e+01 4.657314954707840116e+01 3.127635815057601931e+01 1.166378573926184536e+01 2.772611561906525779e+01 1.943724639158522649e+01 3.325688662829834641e+01 5.303277262427685912e+01 4.097152290821846066e+01 2.097152290820686815e+01 4.097152290821846066e+01 4.311844216127214935e+01 2.032096592679475577e+01 2.481460499364373362e+01 6.505621194946124675e+00 2.594753509002622138e+01 4.452329423016021792e+01 4.486970489862050471e+01 2.813243903468027796e+01 3.072756927461875875e+01 5.072756927461946219e+01 4.088789784371687830e+01 2.345395901686016416e+01 9.310338750410169339e+00 2.513692373456906282e+01 1.614978214823374003e+01 3.029908725051111773e+01
8.483503398980346555e-02 1.422697065772087832e+01 3.422697065772157998e+01 4.761979390276093227e+01 5.593175525579876961e+01 6.300818492846185848e+01 5.885414391174336401e+01 5.056987266428175332e+01 5.885414391174336401e+01 6.065046771133498993e+01 4.074213756294840749e+01 2.693855429322443484e+01 2.045761923839724616e+01 1.453716137570573430e+01 3.409242789716313382e+01 3.904910656770973532e+01 4.730243411341867699e+01 5.511365853197786180e+01 3.511365853193832010e+01 3.251852829199979311e+01 4.925579416886219519e+01 5.188122727003779033e+01 4.311844216127214935e+01 2.727100223797974721e+01 7.868457526605171282e+00 2.154835816616188282e+01 4.108742731151195926e+01 5.641671028260022780e+01 4.813243903468098495e+01 4.486970489835020715e+01 4.415250799255206715e+01 2.414645061786591995e+01 1.259831875648631261e+01 2.931341903092229018e+01 3.709364713453729934e+01 3.617634992746967981e+01 3.030847678951554158e+01
4.163169627051844027e-03 2.000416316962669683e+01 3.347317128445351386e+01 2.765161058341054101e+01 4.761979390276093227e+01 5.293449323049333799e+01 6.032562015991511828e+01 5.555987703682124845e+01 6.468318205208566951e+01 6.065046771133498993e+01 4.074213756294840749e+01 4.657300828820845595e+01 3.120310777069871477e+01 1.745651933718545123e+01 3.696804629623689209e+01 5.051825598842468423e+01 6.195934626806293721e+01 6.339792980578712189e+01 5.511365853197786180e+01 5.251852829202775297e+01 6.080279956279645859e+01 5.632323087088889935e+01 4.243345873669645130e+01 2.287570410568136836e+01 9.242393534211874595e+00 2.859995462129008104e+01 4.090948567624253940e+01 4.846093971566841674e+01 5.725868028316957492e+01 6.486970489835223930e+01 5.243785931068741490e+01 3.540316502706124169e+01 1.539887992981613252e+01 1.926510660493029903e+01 3.927045304905613676e+01 5.151011282839198202e+01 5.034397745988316331e+01
2.434392073152260791e-02 1.572093114910762957e+01 1.364230673500578206e+01 3.350015606967212989e+01 4.908193927450935234e+01 3.340752520026784111e+01 4.589651003845209942e+01 3.573644805192843421e+01 5.555987703682124845e+01 6.899579268335210713e+01 6.065046771133498993e+01 5.916459453867818752e+01 4.200571390412513040e+01 2.249490951344496992e+01 2.276417990133963443e+01 3.393451298183253328e+01 5.366658216201557963e+01 6.807657343293800523e+01 7.370159677242396867e+01 6.537223351295901352e+01 6.026638820307498179e+01 4.801988566717612628e+01 2.833433352632608759e+01 2.995037595789297313e+01 1.062569029478733285e+01 1.530593172640750055e+01 2.084732268619145756e+01 2.716286431201416462e+01 4.215110307759043451e+01 6.371742530759892986e+01 5.240791968684487045e+01 3.240117795139823187e+01 1.825602694619175281e+01 3.826102150641417410e+01 2.633690737935727810e+01 3.150201083171840466e+01 5.151011282839198202e+01
5.883922493566802470e-02 3.007734849102815300e+00 2.302995736078570843e+01 3.102018562818684444e+01 3.452725145742073209e+01 2.091577834848929385e+01 2.600990314077509780e+01 3.301654488146812838e+01 4.712834058520482472e+01 6.709725892116590273e+01 6.597635557676736084e+01 4.601050813866444855e+01 3.215306378129577070e+01 3.112565157368075575e+01 4.227426670916859308e+01 2.871245810680234456e+01 3.993015521986026783e+01 5.978032519901817921e+01 6.101503154401645190e+01 4.456705173801051245e+01 4.118474964458634702e+01 4.081977949287903584e+01 3.194010624260675613e+01 1.266275498400643151e+01 2.995037595942858388e+01 3.442347625336340400e+01 2.853695658307496430e+01 4.500154969008646333e+01 4.215110307759043451e+01 6.371742530759892986e+01 5.459607257125664148e+01 3.458979655055345859e+01 2.581588062461886324e+01 2.303703348439906406e+01 4.304348273786420975e+01 5.151011282839198202e+01 4.003404031104165739e+01
2.016265153036126551e-02 2.002016265153000774e+01 7.659846316358120077e+00 1.104433749466677206e+01 1.458683996808450267e+01 3.452725145742073209e+01 4.589651003845209942e+01 5.299203294695588795e+01 4.714315899467227666e+01 6.711246376716974282e+01 6.597635557676737506e+01 4.601050813866445566e+01 5.185836946114873314e+01 4.085743968603653542e+01 5.309680336256629829e+01 3.337937653111600866e+01 4.725496416640631736e+01 6.720025077913834366e+01 5.304976517821818760e+01 3.240834153582838439e+01 3.970748306027255126e+01 1.833378365561609158e+01 1.483645449146953688e+01 3.194467703738894571e+01 1.825542608757042728e+01 3.766910609191775450e+01 4.519069780078811505e+01 5.277756076560008580e+01 6.371742530759892986e+01 7.236625748874861586e+01 6.288006323480640702e+01 5.410737704161581263e+01 3.476285998961019175e+01 2.651876212435755420e+01 4.066652342554834121e+01 6.067321384062832124e+01 6.004119020960946074e+01
1.256007409845548775e-02 2.001255963045258568e+01 2.765933356542079835e+01 3.102018663756125250e+01 2.869582667583221891e+01 2.517398552653825305e+01 3.646396406978307425e+01 5.612483663220568531e+01 6.711246376716974282e+01 7.538977395536592496e+01 7.430244092146622847e+01 6.597635557676737506e+01 6.075830860313982384e+01 6.075830860313981674e+01 5.860153190291479319e+01 3.875279262532121294e+01 5.838136409783422920e+01 6.964051635428073439e+01 5.765882315567275640e+01 4.068622153922341766e+01 2.109752237667011343e+01 1.699912870474719284e+01 3.411348052172029099e+01 4.232777670673528547e+01 3.766910609149206834e+01 2.422567373296246274e+01 4.388572830814591441e+01 4.703138891535174082e+01 6.115105221647780809e+01 8.113693556352427549e+01 6.891527169912492923e+01 4.891195606272933816e+01 5.017942626491092994e+01 3.017067891340924390e+01 4.431981453548186778e+01 6.432578923734693888e+01 7.594003041999417292e+01
1.283213977233468341e-02 1.415496776350341079e+01 3.415496776350411778e+01 4.488377377624369302e+01 4.860555625294159654e+01 3.845813019839856395e+01 5.297337314913245621e+01 6.436318060485781700e+01 6.910003885668791668e+01 6.082230632043989260e+01 6.192239825547899557e+01 7.020073664135556157e+01 8.085048675917775540e+01 7.275013130970923214e+01 5.274099014003666497e+01 4.755456576573748606e+01 6.689567175813638755e+01 6.111281922534387689e+01 4.070194072076338898e+01 2.924808889741338191e+01 4.068557810099282790e+01 3.633323078843852727e+01 1.929602018146251652e+01 3.876706936797920378e+01 4.999537984533417756e+01 4.388572830814591441e+01 3.083971562863849769e+01 5.069657482233021994e+01 6.669059964967664200e+01 7.496649854775564847e+01 7.719539270796316544e+01 6.891527169912492923e+01 5.534589354685315499e+01 3.533626186136940817e+01 3.870250763984375908e+01 4.765281504823531122e+01 6.765750766316425313e+01
9.594114293757748102e-02 7.655230603122154420e+00 1.659950251312146818e+01 3.074163813685267144e+01 5.074163813695221137e+01 5.706528060901268162e+01 6.202318013869057012e+01 5.426148734535398432e+01 5.450855633601299388e+01 4.092350909896556743e+01 4.201796667128854068e+01 5.607331244799996739e+01 7.604334053937883198e+01 8.105035337623613145e+01 7.275013130970923214e+01 5.906415827961217957e+01 7.584045546870420651e+01 6.351707504642541124e+01 4.330299150867547553e+01 4.330214054403413115e+01 5.611164181728026534e+01 3.620270839892795323e+01 2.238437403818972626e+01 2.205240693033800170e+01 4.172314543187348335e+01 5.897068034790271440e+01 5.069657482233021994e+01 3.966224421676101031e+01 4.670192457565012489e+01 5.824136673803008790e+01 7.823246644947735717e+01 7.534753872198628244e+01 5.534589354685314788e+01 4.137011124920294947e+01 4.870911340782629395e+01 6.699482749614226407e+01 6.765750766316425313e+01
3.950229235330715398e-03 2.000395022923497379e+01 3.593950185552880328e+01 4.488377377669877433e+01 4.329804055059127421e+01 4.550472774795777298e+01 4.652176473713799254e+01 3.018402555989827363e+01 3.462556886790125787e+01 2.946722943548917328e+01 4.933373038807192756e+01 6.422239215301212312e+01 7.250730820553292233e+01 7.326483218128292663e+01 8.155186952533557587e+01 7.911517534358812043e+01 8.741438848383535287e+01 7.203565585305699415e+01 6.350643246542731646e+01 6.347283001339631880e+01 5.887299300469567243e+01 4.548638851298571950e+01 2.567893638199168294e+01 2.405921481376197590e+01 4.381137770186997216e+01 5.265996236115083917e+01 6.094036793099517269e+01 5.962353580378727713e+01 6.669059964967664200e+01 7.496649854775564847e+01 8.650513267262452644e+01 7.292662262001084628e+01 5.292505882702647568e+01 5.552074638631031434e+01 6.137871437991779544e+01 6.504374157321569783e+01 8.504020453532332624e+01
7.711341127313005306e-02 1.421924903500395487e+01 3.421924903500324433e+01 3.743086417423986489e+01 2.327574783119279545e+01 2.547730462866573120e+01 3.251898202629404722e+01 1.761471491369703202e+01 2.053791698614663375e+01 4.044916106582720516e+01 4.895475851109104326e+01 4.428402530006089677e+01 5.695090989818359617e+01 5.328443953277603384e+01 6.841642755290294531e+01 7.670555388589031054e+01 8.826119566567092534e+01 8.146372264889852488e+01 7.148970896051990565e+01 6.324251577664651336e+01 5.063084067404608390e+01 3.070221183936253695e+01 4.548638857432634808e+01 2.662935555552900269e+01 2.904353791561259968e+01 3.268994495763246277e+01 5.265996236115083917e+01 6.587914515630735934e+01 7.415556918476727333e+01 7.588095593176616660e+01 9.586309632755516930e+01 8.120866698172191889e+01 6.447558017643081030e+01 7.552110015803268084e+01 8.137735606669549782e+01 8.504020453532332624e+01 8.303964303409119907e+01
9.541454368626212448e-03 2.000954145436827147e+01 2.404064935250024604e+01 2.609841438495238464e+01 9.117258992173857379e+00 1.131294244008689809e+01 1.368750774668686354e+01 1.868657391477725938e+01 3.800575796853640043e+01 2.547199176744360827e+01 2.906651224589123217e+01 3.283496412495767203e+01 3.706383218380885580e+01 4.216709808908350965e+01 4.843174405566944074e+01 5.995580804416943721e+01 7.997385232650803744e+01 7.323311946723497101e+01 5.325295179009885516e+01 4.325004922864807355e+01 3.619274244885581027e+01 5.063237924994211880e+01 5.476748432769449693e+01 4.648929081356256887e+01 3.045200231907446664e+01 5.040176020979868099e+01 3.831585615151224289e+01 4.587210670135096535e+01 5.587733438084854498e+01 7.588095593176616660e+01 9.520128803433874509e+01 9.275278924171233541e+01 8.447096128640170321e+01 8.142944490170279437e+01 7.317716321622189923e+01 7.601169438679575308e+01 7.818769200226518024e+01
2.297228869525369793e-03 2.012373002742294581e+00 4.032679938158397093e+00 6.084649047169563119e+00 2.609841438437658567e+01 1.798760007015813756e+01 3.372710024695982156e+01 3.800575801021233957e+01 2.639045244247341770e+01 4.494865468782404605e+01 4.895475851109104326e+01 4.686800448669052344e+01 5.110009780783904176e+01 5.623810195853845784e+01 6.209671144720687153e+01 6.255357815886640793e+01 8.257058529441928840e+01 8.146372264889852488e+01 7.148970896051990565e+01 6.102355950995319489e+01 4.102949682639691531e+01 6.102355950995319489e+01 6.477879759863380116e+01 4.477265116416493385e+01 3.324198464566536160e+01 5.322824411640300468e+01 5.831719541020442676e+01 4.538363104120492864e+01 5.538885457310512805e+01 6.694166945531792123e+01 8.693711402164991853e+01 9.032796858464679701e+01 7.884002390802207572e+01 6.993250487585021347e+01 5.326780823498369699e+01 5.610826113827636874e+01 5.828577126681304321e+01
