MOVIE_S12_data/elevation_000475.asc
nrows	50
cellsize	150.0
xllcorner	0
ncols	50
yllcorner	0
NODATA_value	-9999
[rows 17 to 33 of 50, columns 0 to 36 of 50]
5.436832538903087209e-02 2.005436832538867620e+01 4.700299107292781109e+00 6.680594193242024303e+00 8.700899282331029383e+00 2.857937044530225279e+01 1.477049863235881233e+01 1.768779834927023487e+01 2.063663686661682917e+01 2.401724940020603682e+01 2.749878045022078865e+01 3.115017336311949947e+01 5.109056005394933919e+01 6.255268751300141616e+01 5.264174777776724312e+01 6.077269879906684480e+01 7.477155098832366775e+01 9.441497513450046597e+01 9.031825404280888847e+01 7.726598927719091137e+01 5.722773464110215969e+01 4.292367613715017427e+01 6.309680354086977871e+01 7.598406987086207209e+01 5.810742477736753386e+01 3.785875022767615405e+01 5.810742477736753386e+01 6.989191610103412700e+01 6.205487760697366184e+01 4.955526835452432977e+01 6.119414683653792508e+01 8.120080473157919698e+01 8.186683105947125227e+01 6.187131760856575369e+01 5.032253701823883318e+01 5.963203100395882217e+01 4.405844366407756496e+01
9.647730019007895452e-02 2.009501533192106493e+01 2.495666872581628937e+01 2.082770795308713119e+01 2.024690484250538702e+01 3.678727792595721979e+01 3.474723103183208650e+01 2.419796350972466925e+01 4.060299100107850734e+01 3.006340115453392059e+01 4.744990676096368531e+01 5.109056005394933919e+01 4.378540020922897469e+01 6.366098121349482142e+01 7.246200092058904829e+01 8.052497671501531329e+01 8.866082904943354492e+01 9.617289458961782600e+01 7.623200046042143185e+01 6.207277964385717439e+01 5.200202690767760316e+01 4.935809947475081572e+01 6.945061476466911188e+01 7.351066783333619981e+01 5.344133351783442265e+01 4.173029454689720552e+01 5.344133351783442265e+01 7.351066783333619981e+01 7.793150436754444854e+01 5.858404890319330605e+01 6.379261440593451482e+01 8.379082750245717648e+01 8.012128643265636185e+01 6.012523314112111450e+01 4.857598553113147233e+01 3.962924192877111551e+01 3.462846799752266946e+01
9.953738903938927352e-02 2.009953738903903542e+01 3.986710097118256613e+01 4.096103822301351727e+01 4.021168529043471551e+01 4.843950950422249235e+01 5.120059758350078027e+01 3.126745637462566663e+01 5.120059758240898873e+01 4.005562371759349105e+01 4.418349062166621621e+01 6.405000681889447378e+01 5.786769749828328457e+01 7.183635211711344937e+01 8.235055481664380750e+01 7.406451257762850560e+01 7.666071497450943184e+01 8.494645414153391982e+01 8.620244752501953656e+01 6.621991940471112059e+01 7.207266638575936213e+01 5.650360618427246351e+01 7.653156888376611278e+01 8.179876739161242938e+01 6.631608431635697798e+01 4.618752092552592359e+01 6.631608431635697798e+01 8.179876739161242938e+01 7.860246183269988762e+01 7.275530151804274226e+01 8.379082750245717648e+01 9.207039432915428279e+01 8.840223773977288602e+01 7.685819895293442983e+01 6.791457778454628169e+01 5.963203100395882217e+01 5.463133373516190261e+01
3.582433992925927735e-02 1.158282972372167485e+01 3.158282972372131781e+01 4.750268567119598373e+01 4.490755543001510830e+01 5.319182719656935632e+01 5.939937423936666505e+01 4.280014243130865736e+01 5.939937423936666505e+01 5.157200024265389260e+01 6.405000682271193568e+01 7.222439965844826304e+01 7.764720534245581973e+01 7.291415970380506906e+01 6.462551240007820752e+01 5.404136947812786218e+01 5.664030245400604713e+01 7.666071497450943184e+01 9.444402219557679246e+01 8.620244752501953656e+01 8.478383602922822604e+01 6.654374321971462791e+01 8.478383586476830658e+01 8.266359834653569294e+01 6.264206437807236227e+01 5.143009855616951853e+01 6.563895337599896607e+01 8.564142717235733926e+01 9.856895001160587810e+01 9.271875556571468735e+01 9.181336620458000652e+01 8.015397326128002931e+01 7.176192704042053094e+01 7.175934370954249175e+01 8.013247825740080543e+01 7.808961632322267121e+01 6.974673023681256723e+01
8.338298177320474514e-02 2.008338298177284997e+01 2.864650483617625554e+01 2.750268566723437758e+01 2.490755542729581862e+01 3.645456081108874002e+01 5.645456081752257660e+01 6.267583272518437809e+01 7.085115021136188318e+01 7.139194197297938160e+01 7.955263997054355229e+01 7.720010710677372856e+01 7.133240680204973216e+01 6.135225484212084979e+01 4.459339233807455827e+01 4.247000793082260373e+01 6.250414551910940730e+01 8.124103973532642442e+01 8.952644011242027489e+01 9.653813375047387524e+01 9.475967414819916712e+01 8.651939454788499972e+01 9.475967412891056085e+01 9.095285108444598166e+01 7.782892169451260145e+01 5.780773798852920464e+01 7.149754231044607877e+01 9.149804429673784512e+01 1.008250122764989527e+02 9.487229773239083386e+01 8.338782768571140025e+01 6.325059172090277571e+01 5.169104196629663051e+01 5.169104031312529912e+01 6.852397528159309559e+01 6.649951374948358307e+01 4.969977895104392474e+01
1.813270376062421294e-02 4.282147030872851978e+00 8.646504835592738303e+00 1.336055004350309616e+01 3.336055004467053209e+01 5.233527216004434024e+01 6.473883325017929735e+01 6.840970772505059472e+01 6.013273673036544409e+01 6.013273673036544409e+01 6.598175630555809335e+01 5.718134595283015642e+01 5.100805015263038911e+01 5.266662687885935412e+01 3.294626849950103065e+01 5.305996248984147456e+01 6.489791194336956437e+01 6.122487778962996430e+01 8.062530223511170391e+01 7.653922471524315085e+01 8.239676955535487934e+01 9.068070245318764933e+01 1.022273308279806088e+02 9.196262972366966437e+01 7.197454814221413244e+01 6.938059786449545641e+01 8.611650675096109353e+01 9.659797826255696407e+01 8.058135448758646646e+01 7.466185197648444216e+01 7.500743979306884057e+01 6.982325005540003815e+01 6.017302264214882968e+01 4.013986080717582183e+01 5.557710582520311959e+01 5.244956260567084882e+01 3.814786271721411737e+01
2.351309638313057310e-02 2.002351309638277499e+01 2.864650483617625554e+01 3.336055004436298788e+01 2.405099972000026298e+01 3.819313534373650754e+01 5.819313539510609701e+01 6.013273673036544409e+01 4.017725752133988948e+01 4.017725752133988948e+01 4.602208205596149071e+01 5.306982495772769681e+01 3.711233275321751535e+01 2.537060953627666393e+01 2.800124270273501281e+01 4.805725166973933682e+01 4.487113490682516215e+01 6.238227693651865735e+01 6.060926101877554828e+01 6.238474827266917089e+01 6.238474827266917089e+01 7.394398306019600398e+01 9.394349064050810227e+01 1.002584653597721740e+02 9.196262972366966437e+01 8.937179671432637917e+01 9.767062457346676752e+01 8.819516705330435968e+01 6.804722090888439823e+01 6.048406908596624021e+01 5.493626286004607806e+01 4.977180365463328116e+01 4.568868375044286978e+01 5.557680164285174840e+01 3.554875860568459700e+01 3.242320074513001771e+01 2.997861784424951281e+01
2.372884694381488524e-02 1.416586447070205246e+01 3.416586466728544025e+01 5.233527185121740644e+01 4.405099972535870734e+01 5.233527180357937425e+01 5.955546484273661889e+01 5.368976476768421691e+01 4.602179759407241022e+01 2.605615254162362504e+01 3.711289371019285710e+01 3.306599547491093460e+01 4.121766394619942986e+01 2.454051505869348304e+01 4.452562248951121404e+01 3.221111874289441346e+01 5.223186601780205507e+01 4.234864563246959079e+01 4.643721777222827996e+01 5.081238567450377985e+01 5.977863236660078172e+01 6.979315490036179881e+01 8.393816404102314266e+01 1.039337311908196568e+02 1.040878165600916816e+02 9.824131873902854295e+01 1.047637627155823026e+02 8.447388164834187307e+01 8.819714419675027273e+01 8.058135448758646646e+01 6.132482880754690058e+01 6.982514120274545633e+01 6.573180470231990569e+01 5.839510529529173510e+01 3.832446794536648582e+01 5.224159956627239154e+01 4.981645358826509096e+01
6.296921807001566729e-02 2.006296913634604095e+01 3.503559731210197725e+01 4.295942702780732958e+01 4.814247998467968870e+01 4.216252729218107476e+01 3.956838704171089915e+01 3.359053919414898814e+01 4.184592397018325727e+01 3.386444049617363561e+01 1.701862848498669223e+01 1.890981929808653206e+01 2.123052158626798303e+01 4.121766397066515708e+01 5.281545299700410112e+01 5.223110397116082737e+01 3.680082249952581464e+01 4.497183840285248380e+01 6.500407275875947732e+01 7.084282368076776493e+01 6.348792671551030509e+01 8.349883044629747531e+01 9.807825353272839664e+01 1.011565114054780423e+02 8.413118957971009593e+01 7.828658271508435007e+01 9.240190554411449853e+01 1.047637627155823026e+02 9.795734615587063843e+01 7.772387222952349362e+01 7.551453983009244553e+01 8.257505857540792249e+01 6.253004386815842253e+01 5.097784722937149127e+01 4.332673118564455450e+01 6.324548427165139231e+01 5.445970623104918218e+01
8.175220331382776484e-02 2.008175220331347077e+01 1.551836107477792837e+01 3.452133173433710311e+01 2.789502487946985454e+01 2.199576733174886201e+01 2.922364536275124536e+01 1.994643620655699934e+01 1.268345124346713781e+01 1.439120717300750130e+01 3.465639572203724583e+01 3.892492783532043177e+01 2.329913140041548303e+01 4.328613328809423422e+01 5.616060552579143916e+01 6.511280508250936805e+01 5.096040980697755884e+01 5.682594732878897048e+01 5.914095047738950228e+01 7.915890208829463859e+01 7.764134740878732543e+01 9.178276300147707900e+01 9.624186723378666386e+01 9.288199156177176974e+01 7.293344313591167349e+01 6.418984551073918965e+01 8.413118957971008172e+01 8.897827726461864017e+01 9.484669599238587523e+01 9.795734615587005578e+01 9.573434576688141817e+01 9.090213345903869424e+01 7.931927638667428937e+01 6.867295031987579534e+01 4.867319957172423983e+01 6.867295031987579534e+01 6.279938899229648541e+01
7.631710034972485901e-02 1.380973246456610903e+00 1.822539832051334230e+01 2.419021980707598374e+01 2.590905863194669223e+01 7.853647052361888647e+00 9.241158059156219906e+00 1.063714949424227640e+01 1.380297164574689006e+01 3.234963235612472943e+01 3.465639572203719609e+01 5.157205183996617848e+01 4.328613328809423422e+01 2.787922108107588670e+01 4.787302692972838969e+01 6.108639321410871048e+01 7.098660756455426224e+01 7.684706978127594823e+01 7.915890208829463859e+01 8.744401806654663289e+01 9.764004543682499104e+01 9.572267987688539392e+01 7.618499689757514659e+01 7.626932666965150531e+01 7.659404982061944622e+01 5.669303868465747342e+01 7.659406997758587465e+01 6.900346437444906655e+01 7.485395161704724387e+01 8.635856244723096609e+01 9.466285609829716918e+01 9.020961774768748853e+01 7.022447924564603738e+01 5.867470798600984239e+01 6.281758084389496588e+01 7.694218399717081525e+01 7.282219250544524414e+01
9.124702163186203252e-02 2.009124702163150644e+01 3.250050499836373952e+00 4.577497121359779264e+00 5.914977750109442489e+00 2.574268581560163227e+01 2.920612108927124950e+01 3.061591021242093191e+01 1.441372913128617839e+01 3.435745246536608022e+01 4.653507521017490234e+01 6.295905463190759122e+01 5.616060552579143916e+01 4.787302692972838969e+01 3.278989725505885389e+01 5.279890383580770674e+01 6.653453916770817500e+01 7.459222460727976056e+01 8.286996510008079042e+01 9.286729974552144995e+01 1.042976344603926577e+02 8.755561981829292506e+01 6.774646364144463462e+01 5.628791595659897951e+01 6.868606308309881570e+01 5.121901607890199415e+01 7.107098757246934895e+01 5.495764187710074111e+01 7.224160997031177089e+01 6.639417679496780522e+01 8.635856244725631825e+01 9.846017144985874836e+01 8.693299837742509339e+01 7.022447924564603738e+01 8.280906272149435665e+01 7.221580189861839472e+01 6.393153064406207164e+01
8.187870513261463756e-02 2.008187870513225803e+01 2.472299133313423170e+01 2.072415401184273875e+01 1.118038716526518428e+01 2.025846359524999230e+01 3.988856014848042975e+01 4.261700606934832081e+01 3.435745246536606601e+01 1.833048849413338388e+01 3.827130043950133853e+01 5.108777388286731735e+01 7.104815573867622902e+01 6.108639321410871048e+01 4.693471719032972089e+01 3.822514237200447695e+01 5.824859825923450529e+01 5.457273092274201787e+01 6.459056725919258213e+01 8.459388195536702426e+01 9.638161449961586413e+01 7.683123195081603285e+01 6.689415994340468785e+01 6.849701191052646720e+01 4.882509227505428839e+01 4.613233173416777078e+01 5.894009344168828335e+01 4.613233268033639689e+01 5.236492852509866935e+01 6.639417679496781943e+01 8.635856244739596832e+01 9.295771766384807222e+01 9.846017144985874836e+01 9.020961774768748853e+01 8.221580188380119125e+01 6.393153064406207164e+01 4.393153067824888325e+01
2.239863785106879432e-02 1.416453426158214413e+01 3.416453426158285112e+01 3.831144361228174233e+01 3.641274120240572643e+01 3.922491271258974876e+01 4.809838428890910222e+01 5.258766294391951135e+01 3.269839636661387772e+01 2.118325887736586211e+01 3.115738005674579014e+01 5.108777388286730314e+01 6.556648655934803571e+01 7.523806923491997622e+01 6.653453916488375341e+01 4.978552317297285867e+01 4.455299210169595625e+01 6.458247776501094961e+01 8.286996510008079042e+01 9.286729974552144995e+01 1.042976344603926293e+02 9.458679472573217595e+01 8.660642322521589165e+01 7.565053718672918137e+01 5.602335875121861619e+01 4.206036703958013589e+01 3.915501433898334938e+01 5.894730843318495772e+01 7.224160997031177089e+01 8.052851647210944463e+01 7.639287681087344595e+01 7.267001378374951059e+01 9.295771766384807222e+01 8.807366607395290714e+01 6.807366629974015382e+01 5.393153067824653135e+01 5.576656484874176556e+01
1.991760116496149591e-02 1.621343142762107092e+01 3.385703703782287732e+01 3.677094904704721756e+01 4.216055870362851010e+01 4.796709167741688162e+01 5.625719710526448125e+01 6.078951345192542277e+01 4.933459574677971204e+01 3.269875172129383145e+01 2.582323001424290965e+01 3.733552946568877928e+01 5.727765778319012213e+01 6.798112284080561096e+01 7.808965093896314613e+01 6.980937382120175982e+01 5.273413420365550763e+01 5.872078319813174119e+01 7.287826708215622773e+01 9.287051281739283581e+01 1.025674333801777749e+02 8.756546668897166796e+01 7.591822203285497039e+01 6.683709138270380379e+01 5.855754198975585467e+01 5.195623245893738584e+01 3.579711471619850016e+01 4.978660753721644028e+01 6.964414112330668161e+01 6.545209994272457266e+01 5.592455751799615626e+01 7.044437370380735786e+01 9.075383368777092130e+01 8.807366607395290714e+01 6.807366629974015382e+01 6.990870042430391607e+01 4.990870049242491291e+01
1.766589122093755945e-02 2.001766589122058093e+01 1.599416827462018276e+01 1.664941479117704404e+01 2.199448592025266080e+01 2.785267142456563505e+01 4.796709167741688162e+01 6.696047308840475409e+01 6.090718114027394847e+01 5.262973625631578756e+01 4.576406463086672716e+01 3.080982714947191781e+01 3.972793642274314863e+01 5.382255755806984610e+01 7.382429540041580651e+01 8.103519436279648858e+01 6.689869780812682620e+01 7.275662568178408662e+01 8.700998082610395556e+01 9.319616696390130528e+01 8.255152462348462450e+01 7.902278725572411133e+01 5.901323854516373757e+01 4.758931761244218706e+01 3.875191158041569395e+01 3.212579311562370066e+01 5.195623245893542475e+01 6.385692348408590391e+01 6.545209976453712386e+01 4.510399877814035108e+01 6.545209994266510023e+01 7.525012132058999725e+01 8.363190008500983197e+01 9.635793746786208658e+01 8.807366607395290714e+01 7.819297170189972235e+01 6.990870042430391607e+01
6.490672536223988931e-02 2.006490672536188313e+01 9.664599068345095745e+00 1.974947145333175058e+01 3.393140453005324275e+01 4.796709167741688162e+01 3.864226662332652751e+01 5.021951794749907094e+01 7.022559684442447292e+01 6.621495341145255509e+01 4.623215034616357855e+01 3.472143316782679534e+01 5.467787668254467093e+01 6.798112284066746724e+01 7.694812401028350735e+01 8.531099040063099892e+01 8.689891460177118176e+01 9.274980675359888949e+01 9.319616696390130528e+01 7.318368674910981042e+01 6.839499966197473668e+01 8.162104050001855171e+01 7.340466586835171370e+01 6.678608801966376518e+01 4.959807194664982433e+01 2.975339279817702476e+01 4.960253630623869014e+01 6.290586691187625235e+01 5.931691612987562223e+01 3.922011360658341772e+01 5.860974681209768988e+01 5.486990798751448750e+01 7.157116290815243076e+01 7.996355912259282661e+01 9.014277958221936160e+01 8.085060335058813052e+01 7.085060341677481688e+01
