MOVIE_S12_data/elevation_000365.asc
nrows	50
cellsize	150.0
xllcorner	0
ncols	50
yllcorner	0
NODATA_value	-9999
[rows 17 to 33 of 50, columns 0 to 36 of 50]
5.436832538903087209e-02 2.064443983913040181e+00 4.084749483916953139e+00 6.136709348511484308e+00 8.244911296978441939e+00 1.045361244685110336e+01 1.310300432517912306e+01 3.325228105917499732e+01 4.002352745612273566e+01 4.372044350502996934e+01 2.893929746740650089e+01 3.356554341410006970e+01 3.898721311801995881e+01 4.544354954313184436e+01 5.724398062158704903e+01 7.748481751250432126e+01 8.451518479494187375e+01 6.453587952943310313e+01 5.458430812202990978e+01 4.800533735309867467e+01 4.256109088553499475e+01 5.594080318999984769e+01 5.808367982149658104e+01 3.832357214652720501e+01 5.808367983560866321e+01 7.226490046898808828e+01 5.823794841245564413e+01 5.359906127539183274e+01 7.334184188544709571e+01 6.922511546771083601e+01 8.912770980186552094e+01 9.583628068964576130e+01 8.428335196407154228e+01 7.599493029364286656e+01 6.892316674297606482e+01 5.149568644690131691e+01 5.735203347050786249e+01
9.647730019007895452e-02 1.360384725855916344e+01 2.391260872155622152e+01 2.132755186331474562e+01 2.243841608597661264e+01 3.058344420681399356e+01 1.648772178816802736e+01 3.666148874259372548e+01 5.218186353440651004e+01 5.763340557719021007e+01 4.329405034454422463e+01 4.329405034454422463e+01 5.936188061058772547e+01 5.936188061058772547e+01 5.987698197679218026e+01 8.009521349511688015e+01 9.279371406089997265e+01 8.280306085147620365e+01 7.452553216218744581e+01 6.203186973511426316e+01 5.241209601053280664e+01 7.063100423948425544e+01 6.169787921853964008e+01 4.190090973893953219e+01 5.327300258359891671e+01 7.320710501596371955e+01 7.803034054741348768e+01 6.099375500038645015e+01 8.084485087717200713e+01 8.912770980186552094e+01 9.740147475102183705e+01 8.754799454676928860e+01 6.753750027724663596e+01 5.599296244714525983e+01 4.893046285190969513e+01 4.290918593546842885e+01 3.736899867518980045e+01
9.953738903938927352e-02 2.009953738903903542e+01 3.502297387237171478e+01 4.300577773181102259e+01 4.265759982353834801e+01 4.503110430207259185e+01 2.809956828290311748e+01 2.357878719926316791e+01 4.381665586494518294e+01 6.300398860324398953e+01 6.362103756638309449e+01 5.769315289935085644e+01 7.197276080983601787e+01 7.959648518778739401e+01 8.009521349511688015e+01 8.840638708957717995e+01 8.463711953123598164e+01 9.288499000328565103e+01 9.027180435989362195e+01 8.059656938335247389e+01 6.647222038261490695e+01 7.720195092689330352e+01 5.722799533556938911e+01 4.581091472485520910e+01 6.566995483769569830e+01 8.149224116855089051e+01 8.911300601308801106e+01 7.242076270051066444e+01 8.911300601308801106e+01 1.016187414993620450e+02 9.333057560186630042e+01 9.333057560186630042e+01 8.428335196407154228e+01 7.599493029364286656e+01 6.892316674297606482e+01 6.289513971103554013e+01 5.735203041929999301e+01
3.582433992925927735e-02 2.003582433937590324e+01 3.097561020502600115e+01 3.925991390751944721e+01 5.080694170846084035e+01 5.671213042028815465e+01 4.835728967194879147e+01 3.180790460066486602e+01 3.437137347036404833e+01 4.610104980523123430e+01 6.635877274200213094e+01 7.793221712571578053e+01 7.667299429003752209e+01 6.878555743261652822e+01 7.667299429003752209e+01 8.137159852929039516e+01 6.468305568308706199e+01 8.137159852929039516e+01 8.688826742145862170e+01 8.906481513108732884e+01 8.644186984683416597e+01 8.548997371682612822e+01 7.197759595448141567e+01 5.203108336251035837e+01 5.463445496769420373e+01 6.614067512607471144e+01 8.615059357949274954e+01 9.235236933021137418e+01 1.006289504312433962e+02 9.333057560186630042e+01 7.332013062590573327e+01 7.332013062590573327e+01 8.746943606263390336e+01 8.017698897232635602e+01 7.188969146476705419e+01 7.188969146476705419e+01 6.436162242600030936e+01
8.338298177320474514e-02 5.428607820021714936e+00 1.097560978227405393e+01 2.252261516608027847e+01 4.252261746614916404e+01 6.235402919753160234e+01 6.045019360766000460e+01 4.195619355872025125e+01 5.466297095128857819e+01 6.300398860324398953e+01 7.466529140457140556e+01 7.358965470144281085e+01 6.575544801958130847e+01 5.073503349197876133e+01 6.750254030480839162e+01 7.311663539708025894e+01 5.302960974282807882e+01 7.311663539708025894e+01 6.693816048680686492e+01 6.912180007275593141e+01 8.906481513108732884e+01 8.612555686080236228e+01 6.611731866715891215e+01 6.197478549992983687e+01 6.353754776663436132e+01 8.288513213217586895e+01 9.443709867037978256e+01 1.004583173483171379e+02 9.656641100546413270e+01 9.070555269682186861e+01 7.918105426480430253e+01 5.917696822800376566e+01 6.975103767276385724e+01 7.188969146476705419e+01 5.189517312372422708e+01 5.189517312372423419e+01 5.282022600716617688e+01
1.813270376062421294e-02 2.001813016146511259e+01 3.097561005268227063e+01 2.252261516607520164e+01 3.406962055008698087e+01 5.406962350361754943e+01 7.056489809894301857e+01 6.224674389225408078e+01 7.056489809897317400e+01 6.709851512316143385e+01 7.527195790150683763e+01 6.575544801958130847e+01 4.764218908672761899e+01 4.173517365843269999e+01 5.976029546229761280e+01 6.601479936650677871e+01 4.584869551350298877e+01 6.273486445491494123e+01 5.268831738726030522e+01 6.693816048680686492e+01 8.688826742145862170e+01 9.441211278391104145e+01 8.612555686080236228e+01 7.352053899051092856e+01 7.508630062082013978e+01 9.183291193027766042e+01 1.004583173483171379e+02 8.044635939667276148e+01 7.655473915384763473e+01 7.069328026573482759e+01 7.155366881958474323e+01 6.975103767276385724e+01 4.975824444121280976e+01 6.158901401438560441e+01 5.775143195895388715e+01 3.776717378794074875e+01 4.453837625250725551e+01
2.351309638313057310e-02 1.416564872368725325e+01 3.416565485431355143e+01 4.252261634845172011e+01 5.080696661226451738e+01 5.478034472992755610e+01 6.298494271776514353e+01 6.797994834290466315e+01 5.981116054530035342e+01 4.741754227467872340e+01 6.095966605919904424e+01 5.198808440126413188e+01 4.574633181712065522e+01 3.458814473980646653e+01 5.294743979877265616e+01 5.102731365602674884e+01 3.944005990863897182e+01 4.254170485102617505e+01 5.686199980027311796e+01 7.691321395413284279e+01 8.317060179064347381e+01 9.141061881668079536e+01 1.018217191359292713e+02 9.353680021538232836e+01 9.510179461380208465e+01 1.033863647179477283e+02 9.567316133881568874e+01 7.566011232456011726e+01 6.410646887332690369e+01 5.655045778299400894e+01 5.155796938479522851e+01 6.488843575883703352e+01 6.089149123050719226e+01 4.160541033980796755e+01 5.403592178003796676e+01 4.775930288803969148e+01 2.777389447143749024e+01
2.372884694381488524e-02 2.002372884694345956e+01 3.729151224321761049e+01 4.883851739691781546e+01 5.148631627215541329e+01 3.481917518530938338e+01 5.148631627303749525e+01 5.981116054530035342e+01 4.007139731619586343e+01 3.597038006279125000e+01 4.782095987328005293e+01 3.168556482755469261e+01 2.687089027230156546e+01 4.384219829624985465e+01 4.685641050607866021e+01 3.081494634958435341e+01 3.428221025001781896e+01 5.449104200750764448e+01 6.551316259377257722e+01 7.054655749375847051e+01 6.321023516013564603e+01 7.734616806528718769e+01 9.723202868354202622e+01 1.066714957927184457e+02 9.841613316994090610e+01 1.066714957927184457e+02 1.039611027667902334e+02 9.070555269682186861e+01 7.069328026573482759e+01 7.643618121032518786e+01 5.643489705826291214e+01 4.490371328776745230e+01 4.091040352647355149e+01 3.743280353030388596e+01 3.405446209947986347e+01 3.125485008412531585e+01 4.762586290346496298e+01
6.296921807001566729e-02 9.007241128069095382e+00 2.055424651186140750e+01 4.055424651139747994e+01 4.284793694407691333e+01 2.320585556184727238e+01 4.078096739143740024e+01 4.896471908623849600e+01 4.585304010698371258e+01 2.600016029497985670e+01 3.697456234522891805e+01 1.974651868953262479e+01 2.168902160660049461e+01 2.413966620534118945e+01 2.664033684046026806e+01 3.186414107351735581e+01 5.207398266849563129e+01 4.067340507549733530e+01 4.532359334345189694e+01 5.041297792044060344e+01 6.210727851904984931e+01 7.625048521699791593e+01 9.613603179752800543e+01 9.672355669974456305e+01 7.853447502682826098e+01 9.672355669974456305e+01 1.072819172630087508e+02 9.899384786012439008e+01 9.070555269682186861e+01 8.472450406269948076e+01 6.488843570178232767e+01 5.354185476245045550e+01 6.089149123061263680e+01 5.741323032292544326e+01 3.941279627983174549e+01 5.123795778073390750e+01 5.938324935766385693e+01
8.175220331382776484e-02 2.008175220298477015e+01 2.272863840556231096e+01 2.407404568781881338e+01 2.950898405118769929e+01 1.501555673595031948e+01 2.090148034745707051e+01 3.100671591027491303e+01 3.272191796773984152e+01 3.445592336036850867e+01 1.706297285559583798e+01 3.697456234522895357e+01 4.264444323072998344e+01 2.776384800710434675e+01 4.685641050608077762e+01 4.617420760987327810e+01 4.049158238713128810e+01 6.068410193203967395e+01 6.551316260042901263e+01 6.470260530476922156e+01 6.470260530476922156e+01 8.465510612627610953e+01 9.929840477015527256e+01 8.847530409838456933e+01 6.853026920731015537e+01 8.738080669871141026e+01 8.738080459758826635e+01 9.636712629425041143e+01 8.808559720888543154e+01 9.318195334315898037e+01 8.182629476537697144e+01 6.508227709263965721e+01 6.939234160065427659e+01 4.939988328024983844e+01 5.939611244045202199e+01 5.939611244045202199e+01 6.258589538342123859e+01
7.631710034972485901e-02 1.399623399719534866e+00 2.726794887341206231e+00 4.653122292055053677e+00 2.341089196616565715e+01 7.909434917690621347e+00 9.359120242913796517e+00 1.107155561396846721e+01 1.279307064722413756e+01 1.453371814587175415e+01 3.445592336036850867e+01 4.516322760921521962e+01 5.256488722466522034e+01 3.217711799152750274e+01 5.256488722466522034e+01 6.631729958601296460e+01 6.068410193203848024e+01 5.062917741461028953e+01 7.073902644946913654e+01 8.465510612627610953e+01 8.465510612627610953e+01 9.289544238954884747e+01 9.104244893913948999e+01 7.107018806320400017e+01 6.135815988733646265e+01 6.738629250810157600e+01 8.738080669871141026e+01 8.483073805824685110e+01 6.810909551687555563e+01 8.483073805824686531e+01 9.337795820839423300e+01 8.508978174205287814e+01 7.767958789208798009e+01 5.939082494383229260e+01 7.767958789208798009e+01 7.939548690897346717e+01 7.087163273189902668e+01
9.124702163186203252e-02 2.009124702163150644e+01 2.272863840559751480e+01 4.242609543357939828e+00 5.781898781682054178e+00 2.599507509089290380e+01 2.930354004466431306e+01 1.314194713431231598e+01 3.272191795404870618e+01 3.445592330593936481e+01 3.081966366392027723e+01 5.063542356610594197e+01 6.095419117109696572e+01 5.256488722466522034e+01 3.935700524270937706e+01 5.383659269659398205e+01 7.415773591802813769e+01 7.073902644946913654e+01 6.339709502776064198e+01 7.754592949917821443e+01 9.743984565340178960e+01 9.727796781033465834e+01 9.017168889883508598e+01 7.473516622054157210e+01 5.444705296981793907e+01 6.888198119965502997e+01 8.886600488104485862e+01 7.655215584833237585e+01 5.656514892173429132e+01 7.655215584833237585e+01 9.009219913867302409e+01 9.244049002526504921e+01 8.768204448482431701e+01 7.939385825747599768e+01 8.768204448482431701e+01 8.473171989993072373e+01 6.442906572475824589e+01
8.187870513261463756e-02 1.442598970363520650e+01 3.418010874184457748e+01 3.454202885698011727e+01 1.755780855667488893e+01 1.801830851672771416e+01 3.709400712348380580e+01 3.303890599304775577e+01 1.698823986714426226e+01 3.686398479261633554e+01 4.904531952382736648e+01 5.881021762178668411e+01 7.024248377968908130e+01 6.815325314722173289e+01 5.978828073467975912e+01 4.808695563782859494e+01 6.257049702170219518e+01 8.277155129059021021e+01 8.337272263639370351e+01 9.160043769819725412e+01 9.139769674120270793e+01 7.722393788667662307e+01 8.191308132715218449e+01 6.179000397121457411e+01 4.995521246473435184e+01 6.538357208735209269e+01 7.350839463957548503e+01 6.948568004667185960e+01 4.949561672928426503e+01 6.948568004667185960e+01 7.010661200399781023e+01 7.245575836025513183e+01 8.659392302198068592e+01 8.668339135876462365e+01 7.652269103049231092e+01 6.811906989649993704e+01 6.134917964129664369e+01
2.239863785106879432e-02 1.416453426158214413e+01 3.416453426158285112e+01 4.709838884926126212e+01 3.842002817797380487e+01 3.363624918915171946e+01 3.983712375685276186e+01 3.686398479261633554e+01 3.686398479261633554e+01 2.102254714805259894e+01 4.087471713579858346e+01 5.352634614710948568e+01 5.058664515196356604e+01 7.024248377968908130e+01 7.681147003705005716e+01 6.257048710335050856e+01 6.105591251093385097e+01 7.540226284467330231e+01 9.545231136334156474e+01 8.796385793502200556e+01 7.966021072046959262e+01 6.300232208695924641e+01 8.135841575502870171e+01 7.505929695230852872e+01 4.615797076049359049e+01 4.798976395409803786e+01 6.538357208735209269e+01 6.345844898392483913e+01 4.347226100261850235e+01 5.964078634512507904e+01 5.597306947239963648e+01 5.832131825000584513e+01 7.830915074474305015e+01 7.829354884913826140e+01 5.794459094386165532e+01 4.780939913088997884e+01 4.108893935172876155e+01
1.991760116496149591e-02 2.001991760116460739e+01 2.922852329277894512e+01 3.782109005451967221e+01 4.933947120736433334e+01 5.639694702034125129e+01 6.133021114801923801e+01 5.661670960500433836e+01 4.835697713323804692e+01 2.856077793528639930e+01 2.554122721859525313e+01 3.444912527391073098e+01 5.419355874488408631e+01 6.715158495231784741e+01 7.531557928652851786e+01 8.276999937754725067e+01 8.127476827046358210e+01 8.956539413603688615e+01 9.230020906885849286e+01 7.966021071672238918e+01 5.956356883516366452e+01 5.294164108167283445e+01 7.304997467407866907e+01 7.510233056058375212e+01 5.709007364096201798e+01 4.133536255289744332e+01 5.646290986114637178e+01 5.334282985076607275e+01 3.793265768375478331e+01 3.965632158865602008e+01 4.567915535537318306e+01 5.721971811435463451e+01 7.720794188426330606e+01 8.668339135876462365e+01 7.652269103049231092e+01 6.811906989649993704e+01 6.134917964129664369e+01
1.766589122093755945e-02 4.731710518736678139e+00 9.582413497991057127e+00 2.112531472000480548e+01 4.108183467666990651e+01 5.379561458878332303e+01 6.376025713710589571e+01 6.228022653977276235e+01 4.258977839674830079e+01 4.835697713323804692e+01 3.129749814356567583e+01 3.184605430346072552e+01 5.161510101707820297e+01 4.752145460966355017e+01 6.715158495231784741e+01 8.666741959178904153e+01 9.805469900205451950e+01 9.327870452282353142e+01 8.399836018679043548e+01 6.391544119619569386e+01 6.544973896418360937e+01 4.535338814033462995e+01 6.544973896506546396e+01 7.960615769828442012e+01 6.798962611123906186e+01 4.802476792164865316e+01 3.649039393964597622e+01 3.334214833352413621e+01 3.255900147219778518e+01 5.257478552659225102e+01 6.566646422895878743e+01 7.395002978775654867e+01 8.549223748994967309e+01 9.013733589853097783e+01 6.982131754748206731e+01 6.914121648468818648e+01 6.073539176327055600e+01
6.490672536223988931e-02 2.006490672536188313e+01 2.955993250760114677e+01 1.852530829728377171e+01 2.559280593778667878e+01 3.557599186503039590e+01 5.550255129016149880e+01 7.044404264262738025e+01 6.228022653977276235e+01 5.701604214224181533e+01 3.730127440124996241e+01 5.161510119498021254e+01 3.867103745402002346e+01 5.837272375827259907e+01 5.886119075747610907e+01 7.016167488848316225e+01 8.983470069001401725e+01 8.497497300606464421e+01 6.490423259759775476e+01 6.760072549729991920e+01 4.750936878167422606e+01 3.999762547568435878e+01 5.120735214858615336e+01 7.129680698184685639e+01 7.624558793979313975e+01 6.454393878329510414e+01 5.617338227537494788e+01 4.903575439919219292e+01 2.890345537559434774e+01 4.902605194847883752e+01 6.164951381984752743e+01 7.525523043997928596e+01 8.356944665549927720e+01 8.420219021729495523e+01 6.386456504888501229e+01 4.950456985546697553e+01 4.047982795641549103e+01
