MOVIE_S12_data/elevation_000098.asc
nrows	50
cellsize	150.0
xllcorner	0
ncols	50
yllcorner	0
NODATA_value	-9999
[rows 0 to 16 of 50, columns 0 to 36 of 50]
8.271705653423140625e-02 2.127631151761726416e-02 9.425194436011796739e-02 4.939197167322698090e-02 3.975871534419905817e-02 6.171646774684565184e-02 1.696294146011132625e-02 1.936121709489252440e-02 4.216450047424835645e-02 2.297044857093000214e-02 6.704298068806634203e-02 4.162315340452049650e-02 3.835349583220235004e-02 2.777463300387698203e-02 2.207885817162396139e-02 7.161913568127860341e-02 9.025521335945362045e-02 3.502399586135773735e-02 8.040414306008919487e-02 3.131346976591601466e-02 7.604099264847130613e-02 2.387740603804927586e-02 5.687112022313325910e-02 4.074439634684711570e-02 8.709178300582484655e-02 7.612946965408906586e-02 1.077918208624280109e-02 9.929772718869623455e-03 4.600412614040166881e-02 2.152795518990661267e-02 2.378824418737431057e-02 9.511189423522797837e-02 9.406546861214974686e-02 1.749038473908382007e-03 2.223905489293687143e-03 6.269637160239108220e-02 9.476101746191394060e-02
7.639902522890137937e-02 2.002127631151726206e+01 2.009425194435976181e+01 2.004939197167287190e+01 1.158676409913661409e+01 2.006171646774648920e+01 4.381320746179977910e+00 2.001936121709453786e+01 2.004216450047389131e+01 1.002297044857084352e+01 2.006704298068770953e+01 2.004162315340416356e+01 3.689837212533301880e+00 8.972046543002957009e+00 2.002207885817126964e+01 1.443099823823166972e+01 1.933245230174225071e+01 2.003502399585582694e+01 1.260966814844747930e+00 2.003131346976556060e+01 2.007604099264811737e+01 6.056687030125271320e+00 2.005687112022277674e+01 2.004074439634649352e+01 1.422922740673664954e+01 2.007612946965373268e+01 4.482247355789647614e+00 2.000992977271851458e+01 5.819506818036634499e+00 2.002152795518955131e+01 8.188754053464705862e+00 2.009511189423487210e+01 1.423620109234322584e+01 2.000174903847355168e+01 2.000222390548893969e+01 1.969621550093573870e+00 2.009476101746155763e+01
7.813061968023242432e-02 2.007813061967987878e+01 3.828606687686297505e+01 3.987103534658019299e+01 3.158676409913625704e+01 2.885345670117924044e+01 8.853456701179595711e+00 2.885345670117995098e+01 3.002297044857048647e+01 3.002297044857048647e+01 2.903506205078138791e+01 9.035062050781743181e+00 2.368983721253294661e+01 2.311418216673365578e+01 2.897204654300260174e+01 3.441321533428777002e+01 2.736054171591063877e+01 2.178417351532129587e+01 6.444620948941860661e+00 2.979113763200398335e+00 2.507602487530811430e+01 2.440363916784306753e+01 1.548885681790806323e+01 3.522129002922250862e+01 3.422922740673593722e+01 2.917717840927917194e+01 9.067121388069825372e+00 2.917717840927929629e+01 1.184973370959185424e+01 3.184973370959149719e+01 1.818875405346488350e+01 3.647302530092760975e+01 3.423620109234393283e+01 3.802740256268128860e+01 1.802740963924510709e+01 3.885274120535872733e+00 2.388527194283661359e+01
1.795629399984677299e-03 1.000179562940007116e+01 2.414393125313127442e+01 4.414393125313198141e+01 4.518338831973511560e+01 2.518338831973440861e+01 1.419868153942812938e+01 3.419868153942883282e+01 5.002297044856977237e+01 4.709952037727537544e+01 2.709952037727608953e+01 1.295738475354539077e+01 3.295738475354468022e+01 4.311418216673294523e+01 4.897204654300188764e+01 4.309135896727666903e+01 2.399277304671164757e+01 1.414341565991869132e+01 2.377474922154059200e+01 4.198534890082190607e+00 2.418188882185652488e+01 3.960925147893033937e+01 2.947324645687615075e+01 2.805486983362983366e+01 4.742516054651915880e+01 3.428082815839071884e+01 1.405911352903481770e+01 3.428082815839071884e+01 1.851640037625840307e+01 3.851640037625769253e+01 3.233088967719633189e+01 4.647302530092778738e+01 4.203980040861184619e+01 3.375413723098643004e+01 2.583708481484157460e+01 5.837074266432931147e+00 2.582234674485926718e+01
2.526786264046545702e-02 2.002526786264010994e+01 2.543005987223791209e+01 4.543005987223720155e+01 5.346765956719875135e+01 4.052323685976570289e+01 2.052323685976499945e+01 3.419868153942883993e+01 5.419868153942954336e+01 5.136353470438751145e+01 3.136353470438822555e+01 1.722139908065752678e+01 3.136353470438822555e+01 5.136353470438751145e+01 5.471549304683993142e+01 3.595633564553234152e+01 2.337282705828789275e+01 3.263222729275312872e+01 2.540781290192427377e+01 5.424812360953518819e+00 1.325094220159516745e+01 3.256056834227245389e+01 4.909822299594620887e+01 4.151238802657822902e+01 5.518043512992716870e+01 4.000833127764312280e+01 1.960224644695332685e+01 4.000833127764312280e+01 2.607568983644308247e+01 4.607568983644378591e+01 5.233088967719703533e+01 4.789720742838044032e+01 2.789588574641056695e+01 1.375368255045941801e+01 9.039637342534646791e+00 2.583706494929717223e+01 1.173475251276299680e+01
8.483503398980346555e-02 5.430059872238268248e+00 2.543005987223862263e+01 4.144539959410198549e+01 4.972967084156359618e+01 4.880750810722854283e+01 3.207024224355792086e+01 3.466537248349644784e+01 5.466537248349715128e+01 4.876840446444912658e+01 2.876840446444984067e+01 2.478068854084193973e+01 3.136353470438822910e+01 5.136353470438751856e+01 5.478948634421895747e+01 3.602158558632405772e+01 4.151206470021536177e+01 2.717331710612225493e+01 7.189127536747047742e+00 2.540042362958658373e+01 3.194928057492153428e+01 3.253406811626987860e+01 5.344381006096685383e+01 5.987300693790169959e+01 5.324015805226893860e+01 3.241060024960900421e+01 2.859843448146104450e+01 4.804274043784401016e+01 3.607568983644343064e+01 5.435996108390598636e+01 5.574639308979109131e+01 3.574084495243943849e+01 2.159832856874261608e+01 3.164336917388324721e+01 1.164341556215110174e+01 3.164336460118915184e+01 3.173510450004321370e+01
4.163169627051844027e-03 2.000416316962669683e+01 1.437433178223734842e+01 2.144539959410269958e+01 3.299240497789480742e+01 5.299240497789409687e+01 4.621237786728936925e+01 5.466537248349715128e+01 6.294964373096140520e+01 5.705267571190430687e+01 4.031540984824194851e+01 3.294565435011891452e+01 5.136353470438751856e+01 5.964780595184134881e+01 6.293431093237753515e+01 5.478948634421895747e+01 4.150413475164431532e+01 2.775030540906722720e+01 8.441562091437958770e+00 2.841982583526894501e+01 3.159946836095933520e+01 3.989462682957636019e+01 5.407037911771141836e+01 6.081366765215848602e+01 5.947529530968805034e+01 5.126427649039924717e+01 4.275465410799404253e+01 4.856013467761514590e+01 5.021782546017487903e+01 6.435996108390733639e+01 5.103018925348153090e+01 3.102644618979157798e+01 4.159311492046888503e+01 3.425793989983861110e+01 1.431602798127532239e+01 3.431616234753436601e+01 4.650989299347841666e+01
2.434392073152260791e-02 2.002434392073116598e+01 3.437433178223663788e+01 4.144539959410198549e+01 4.972967084156359618e+01 6.127667622535570047e+01 6.621237786729078323e+01 7.398275302970431255e+01 8.219459288725165891e+01 6.859968109569122419e+01 6.031540984824123797e+01 4.294565435011855925e+01 6.122992559757237530e+01 6.384252843591144000e+01 5.489383008395876118e+01 4.660842137005656838e+01 3.376642382300446599e+01 1.378407673901230268e+01 2.841825374948232508e+01 1.033554914239916833e+01 1.168385959689116582e+01 2.580462712424129990e+01 4.186689046118203095e+01 4.112245011041841281e+01 4.613321752064841519e+01 6.466272682493119817e+01 6.253912536117147880e+01 6.835221406420778578e+01 7.021782546017630011e+01 6.517880076241020504e+01 4.516964247773520214e+01 4.257390222018364767e+01 4.846158181451193059e+01 2.845847105162873092e+01 3.431616234753436601e+01 1.839851088591367301e+01 3.839867967641895774e+01
5.883922493566802470e-02 2.005883922493531202e+01 3.182389223498145725e+01 3.889496004684644959e+01 4.717923129317615150e+01 5.872623667415341231e+01 7.070967540550979891e+01 5.406240531901403301e+01 7.070967540550979891e+01 7.798986506141319808e+01 7.122992559756737307e+01 5.708778997384901288e+01 6.711205083827603346e+01 4.710247408091053245e+01 3.554425954994589887e+01 2.660567576767955345e+01 1.954865848708510256e+01 3.376642382300446599e+01 3.858575260610271584e+01 3.031141738956481291e+01 3.165739372193809587e+01 1.361699885461910853e+01 3.358690832552129280e+01 2.719619421402123294e+01 4.688987884669440120e+01 5.953752621006773893e+01 6.779315833032543992e+01 7.917756625948850058e+01 7.615799910903949410e+01 7.347127002162679332e+01 6.517880076241020504e+01 5.671936212864029159e+01 5.675722577018573389e+01 4.846469054551790379e+01 4.134756571781039725e+01 2.134735000901090274e+01 3.289436050223299901e+01
2.016265153036126551e-02 5.793665343426593672e+00 1.182389223498181430e+01 1.889496004684716368e+01 3.044196543063947402e+01 5.044196543063837623e+01 6.248173491658634759e+01 4.252006094787477508e+01 6.174074136744641805e+01 5.808883415261984595e+01 7.798986506141319808e+01 7.708778997384759180e+01 7.539145759415316661e+01 5.925797473043802199e+01 3.924444843015675133e+01 2.769872321416650607e+01 3.367635594968018609e+01 4.782179150488895658e+01 5.228232069860177944e+01 3.865931877929190108e+01 1.868974920994138245e+01 3.358704276451719295e+01 1.573009203783482235e+01 3.569621218301586651e+01 4.541224638752833442e+01 3.956151450284231430e+01 5.953752621006773893e+01 5.917448791927916574e+01 5.615521591699583581e+01 7.030084809800004564e+01 8.185044085817874304e+01 7.673460883789553577e+01 6.990931854976584248e+01 5.991363043416293266e+01 4.477595638067401040e+01 2.477732171185606092e+01 3.203780197972002242e+01
1.256007409845548775e-02 2.001256007409810067e+01 3.182389223498145725e+01 3.889496004684644959e+01 4.717923129317615150e+01 5.320013833240993506e+01 4.494875565240437965e+01 3.496057997018593255e+01 4.177922452723451840e+01 6.013262897554106701e+01 6.678457220245036297e+01 7.500581821798425608e+01 8.494789468620398054e+01 6.753982245766962933e+01 5.477966124988456897e+01 3.476429297842502564e+01 5.368373923844668383e+01 5.876946661878464084e+01 4.399876330248179102e+01 2.402039244547350449e+01 3.865931877929190108e+01 4.397647956551325166e+01 3.569632713053186279e+01 1.790349791264248580e+01 2.544095518256300892e+01 4.541217128264203495e+01 6.175321293642841169e+01 4.503006642268719872e+01 4.201047486121453289e+01 5.355983185879837549e+01 7.356236113234122342e+01 7.576764001497474510e+01 5.577842553192412822e+01 4.163724315309142554e+01 3.163726505740951822e+01 2.994129950581626076e+01 4.993945591398142625e+01
1.283213977233468341e-02 2.001283213977198017e+01 3.599853005969356445e+01 4.620227674100407000e+01 4.823177478972332466e+01 4.010087153176959873e+01 2.496041736226129970e+01 2.913071353229951654e+01 3.413076443724069264e+01 4.016127108973450532e+01 4.682874252172240404e+01 5.682745592719079042e+01 7.674168847770995683e+01 6.892706374671688252e+01 4.891961526334562649e+01 5.477966124988456897e+01 6.306294818439397432e+01 5.048520301387817710e+01 3.049265312070528466e+01 3.294575856746502041e+01 5.228232069860177944e+01 5.783932968485034110e+01 3.786516655611340809e+01 2.604529455106695579e+01 2.018542524520173842e+01 4.014214149540050869e+01 4.681751337056044093e+01 3.348513908613891488e+01 5.348440826906399082e+01 5.615521591699607029e+01 7.615799911056437566e+01 7.212005312907322718e+01 5.212825741119662837e+01 4.058152867040003997e+01 5.163518702825437146e+01 3.548830144429755507e+01 5.548575566148539195e+01
9.594114293757748102e-02 7.655239478037049849e+00 1.765634386748650542e+01 3.776298027599299445e+01 3.994193473574071618e+01 2.010970285829905535e+01 4.010087153176340280e+01 4.911596961385665594e+01 5.411103800634777627e+01 5.045315628682232045e+01 6.678457220245036297e+01 7.500581821798425608e+01 8.494789468620398054e+01 7.720628110544269873e+01 6.892706374671688252e+01 7.218842174348392859e+01 5.218671151187382407e+01 3.804353081331593245e+01 4.462686343569696845e+01 4.448706090452442652e+01 6.122515261389366259e+01 6.013304097960178041e+01 4.016643210637990080e+01 4.601450549652592059e+01 4.015086107769258916e+01 2.248728725408970774e+01 2.683380106993907788e+01 4.681774276684400604e+01 6.177098080231031219e+01 7.615799911056437566e+01 8.444648027900419152e+01 8.039347782491617522e+01 6.885424991143096918e+01 4.952572715654869739e+01 6.255543194359415793e+01 4.255936778410288213e+01 5.181729896673899560e+01
3.950229235330715398e-03 2.000395022923497379e+01 3.599853005969356445e+01 4.600437175894661124e+01 3.688226661653069272e+01 1.690713974062985514e+01 3.680964171080211145e+01 4.272353498885522782e+01 6.256579629235199036e+01 7.038674519769077165e+01 7.860490832149811524e+01 7.434578157556812528e+01 7.434578157556812528e+01 8.260566457536430107e+01 8.218821781847670138e+01 6.218862566849118423e+01 4.804378301851146915e+01 4.959112886467593739e+01 6.462848587651015464e+01 6.448893019429769424e+01 7.277285176339545103e+01 6.837162224224793761e+01 6.013304097960178041e+01 4.526811167042409068e+01 2.528958940951447687e+01 4.245674391557291472e+01 2.801332395593117397e+01 4.799996322334891374e+01 5.946786363555862920e+01 6.665039455663654167e+01 7.495050001831164366e+01 8.499504959623752143e+01 7.779321418550890144e+01 6.107183096029459790e+01 7.083152986499925419e+01 5.255926300647666949e+01 7.083152986499925419e+01
7.711341127313005306e-02 2.007711341127277649e+01 3.547148982892223756e+01 4.345815530371938706e+01 3.370469040486997159e+01 1.382107273332576014e+01 2.276543028510412014e+01 3.696617548507668261e+01 5.759353536285734521e+01 7.171291855837500862e+01 6.848740767497801585e+01 5.436915077459166667e+01 5.436915077459166667e+01 7.434578157556812528e+01 8.845389592886103003e+01 7.632967819642544782e+01 5.804615040245721502e+01 6.959338444993048256e+01 7.787659879386745843e+01 8.110077439399759669e+01 6.695923031527961200e+01 5.867621502945760881e+01 5.513984494381678303e+01 4.727681021136568518e+01 2.729051142213473113e+01 4.727681021122523930e+01 4.799992268170309728e+01 3.389837078294037553e+01 3.944246202639480003e+01 4.652305888436943349e+01 5.658477311417391320e+01 7.671601599909929803e+01 8.932926216961361376e+01 8.105825262124520236e+01 8.082496444668036872e+01 7.255160088071176006e+01 8.082496444668036872e+01
9.541454368626212448e-03 2.000954145436827147e+01 1.538257585228697621e+01 2.542220204535520267e+01 2.689326140945349053e+01 1.096392987456277801e+01 2.510260302735828120e+01 4.503782052037266936e+01 5.184073656094740556e+01 5.202099801157149273e+01 6.022017047093760311e+01 4.023104981216827269e+01 6.022017047093760311e+01 6.022785097648991126e+01 8.019689142239221269e+01 8.632927158820822910e+01 7.804659077405618461e+01 8.632927158820822910e+01 8.405247833098208332e+01 7.250674818364549878e+01 5.281840935344823862e+01 3.867121790190698505e+01 3.513545258832737517e+01 3.180638888626544158e+01 4.727677295765342080e+01 3.105776285279434745e+01 5.105610731063700314e+01 4.056236065985430628e+01 5.946786322276003034e+01 5.838965254437714236e+01 7.456246401418485448e+01 8.499504959623752143e+01 9.480297054153434999e+01 9.136005961467368763e+01 8.307451426700252739e+01 8.307451426700252739e+01 8.303970982238053011e+01
2.297228869525369793e-03 1.996488767763360173e+01 3.833588435934292882e+00 5.424703004285746921e+00 7.041607171194627313e+00 9.061912260299031630e+00 2.906047769671152992e+01 3.949528581337570188e+01 3.216235483503896830e+01 5.202099801157148562e+01 4.659883670800808630e+01 3.390675691313260387e+01 4.390587281339777093e+01 5.907043162619525845e+01 6.733825744466544450e+01 7.627074582191919205e+01 8.779506328451610386e+01 9.071806847732683821e+01 7.577029688132047625e+01 5.577133076213834784e+01 4.422167482820952245e+01 5.867627254260516878e+01 4.928161148983773643e+01 4.594732986369257333e+01 5.377833351553024244e+01 3.377439269327732063e+01 5.377834259006417739e+01 6.053050602787781287e+01 5.124887813833069572e+01 7.081378718214894263e+01 8.455087304834275130e+01 8.894151073547831743e+01 7.480311033197548909e+01 8.307451426700252739e+01 6.307031879234097715e+01 6.307031879234097715e+01 6.303533133446794778e+01
