MOVIE_S12_data/elevation_000551.asc
nrows	50
cellsize	150.0
xllcorner	0
ncols	50
yllcorner	0
NODATA_value	-9999
[rows 17 to 33 of 50, columns 0 to 36 of 50]
5.436832538903087209e-02 2.034663411342383821e+00 1.267481266891055647e+01 2.665006323747795847e+01 2.913967541485041934e+01 1.234692712313411711e+01 1.475305338526957399e+01 1.719899362554611955e+01 3.715750306058719588e+01 3.362902402319657824e+01 5.356436432360600008e+01 5.503377362411267626e+01 5.987612515838942073e+01 6.522187029778390865e+01 7.190085596294913728e+01 7.948202014882649280e+01 8.780580555765145334e+01 9.384389583059028439e+01 8.561060355968548663e+01 9.004592630900087613e+01 8.109809074632646286e+01 6.573684736300521081e+01 6.573684736300519660e+01 6.551419475211363874e+01 4.550912663944902192e+01 3.655757218196551150e+01 5.070830746764898578e+01 6.525531892187817107e+01 6.783033107704413567e+01 4.782789392388445293e+01 6.783033107704413567e+01 8.033342134789258182e+01 9.725852183758929925e+01 8.572532304733668695e+01 7.745571922505347118e+01 6.039499220714673555e+01 6.406331489567794790e+01
9.647730019007895452e-02 2.009647730018972211e+01 2.899884964245046248e+01 2.831975416791132361e+01 4.043132082006806627e+01 2.533363492840761211e+01 3.474975936429761703e+01 2.476812400984449170e+01 3.130678411131158256e+01 5.114251140465586332e+01 4.989391969515145320e+01 6.989597004479580278e+01 7.753259348121478922e+01 6.927496712773957199e+01 7.298759377091950284e+01 7.298759377091950284e+01 8.126353810717462522e+01 8.235169424147429140e+01 6.567298703956230099e+01 7.458540691020910174e+01 8.282057778808814419e+01 8.574429666874289069e+01 8.184821624155648578e+01 6.184320719316126969e+01 6.022020534037237383e+01 4.021437039476329289e+01 6.022020534037237383e+01 7.899926630854328380e+01 7.610831280868744386e+01 5.677409898391297816e+01 6.416092588170920408e+01 8.415731185580214913e+01 8.969083903890054899e+01 9.795916801367233973e+01 8.865300910322109473e+01 8.038547907151620109e+01 7.514106631329727293e+01
9.953738903938927352e-02 1.424167404604984455e+01 3.424179328433773861e+01 4.483472459114384634e+01 5.185201938465187510e+01 4.628349030057324853e+01 4.452615959163698989e+01 3.878113082606380146e+01 4.452615959211821206e+01 5.114251140465586332e+01 6.989597004479580278e+01 7.368160743855348471e+01 6.600669913387416443e+01 4.930003350100125914e+01 5.295736543512616379e+01 5.295736543512616379e+01 7.298759377091950284e+01 7.340324441605257277e+01 5.414730040260509725e+01 5.463022343141428649e+01 6.874624995753434575e+01 8.868237881818149049e+01 9.013378988982060491e+01 7.821568671116099836e+01 5.821075651460940037e+01 4.406560777159687348e+01 5.561502924668736370e+01 7.561985842084764897e+01 8.504990906199610379e+01 6.832357758866110942e+01 8.415731185580214913e+01 8.639108428021201291e+01 6.962326556490413054e+01 8.639108428020279007e+01 8.193259129307551802e+01 7.362030246539929124e+01 7.362030246539929124e+01
3.582433992925927735e-02 2.003582433992890444e+01 3.097560978227355477e+01 3.730016510260984575e+01 4.485945456279425514e+01 5.314372581025586584e+01 6.413372527853742611e+01 5.839588596235450524e+01 6.413372528979768106e+01 7.098481084957785470e+01 6.764936712441739530e+01 5.323957392503288588e+01 5.708288248453565927e+01 3.778641465602301963e+01 3.883938201806328294e+01 5.875571727004393097e+01 6.663248991718583625e+01 5.852225297886855060e+01 4.522363361686121408e+01 6.517981833384219215e+01 6.874624995753434575e+01 8.868237881818149049e+01 8.976579806335388412e+01 6.976041836829094223e+01 5.821075651460940037e+01 4.891759901961138723e+01 6.892179511552623694e+01 8.390573355638827024e+01 9.658937083232814302e+01 8.831988310925183328e+01 9.056726678256357843e+01 7.049595721678751659e+01 5.797366116467963337e+01 7.810482009170605977e+01 7.362030246539929124e+01 5.348672096791564456e+01 5.348672096791564456e+01
8.338298177320474514e-02 5.428607820021668751e+00 1.097560978227391004e+01 1.730016510261055629e+01 2.485945456279496923e+01 3.900159018652541931e+01 5.900159018652470877e+01 6.739246889472829594e+01 5.914447788465812295e+01 5.914447788465812295e+01 5.922692277793063198e+01 3.936565686457981172e+01 4.666538970614981707e+01 2.887002461550035193e+01 4.606584322658080310e+01 4.827652877057877845e+01 5.250177403435262846e+01 3.857906384153583446e+01 5.852758127586973558e+01 7.343403056607404267e+01 8.868237881818149049e+01 9.689490561864155893e+01 9.805104852501568757e+01 8.047185339374621549e+01 6.046656562547669722e+01 5.891920118408769014e+01 6.156895092855510399e+01 7.571486172858978136e+01 9.572013135907238279e+01 9.540061883650965058e+01 8.470630837654535128e+01 6.460977252938995719e+01 5.032189234006760614e+01 7.049595721678750238e+01 6.703510803862113221e+01 5.938371045895659961e+01 3.929237360170802873e+01
1.813270376062421294e-02 2.001813270376026921e+01 3.097560978227355477e+01 3.730016510260984575e+01 4.485945456279425514e+01 5.314372581025586584e+01 6.039418317413868920e+01 5.914447788465812295e+01 3.927587708292431046e+01 3.927587708292431046e+01 5.333417197433637114e+01 4.666550907903859269e+01 2.752050697284455794e+01 2.371220746974584515e+01 2.611888966195250816e+01 2.857855563666662846e+01 3.256997419698870999e+01 5.251037053388382958e+01 6.492070367488391014e+01 7.007048181833455658e+01 7.582621393544864929e+01 8.405524357959455983e+01 9.553964352826096729e+01 8.875760712232722938e+01 7.201641547995890846e+01 7.046888661026609668e+01 8.157426954389285356e+01 8.985996307540045791e+01 9.540061883650965058e+01 7.533207957455304893e+01 7.901451688628519321e+01 6.490053754471695413e+01 4.472155659712021247e+01 5.753258418490674586e+01 4.689168193562289133e+01 4.990417153653873328e+01 4.711327166598631067e+01
2.351309638313057310e-02 2.001722641500952093e+01 2.412838513761707304e+01 2.451021505022500335e+01 3.282799726155950282e+01 4.184000810522235980e+01 4.041936529625333208e+01 4.041936529625333208e+01 4.509296009509311887e+01 2.521336588089985398e+01 3.576999492972309724e+01 3.775699448809665881e+01 2.064492851998461376e+01 4.060900660764752246e+01 4.606585156910906420e+01 4.852064593427692785e+01 3.315624675283708456e+01 5.309446498952091531e+01 4.497553881158891897e+01 5.012602455333220064e+01 5.588789725233217354e+01 6.740872365198299576e+01 8.732471949877150053e+01 1.003073208224464281e+02 9.202219638399861878e+01 9.047482017715327629e+01 9.876004044176879404e+01 1.017631815104935242e+02 8.171247930406083526e+01 7.901472514490824040e+01 5.888178562213393974e+01 6.738546248246622383e+01 5.753258418490676718e+01 3.741627541763220677e+01 3.278717648109940797e+01 2.997315985976379338e+01 2.723327946780866782e+01
2.372884694381488524e-02 2.002372884694345956e+01 3.188502962465916024e+00 4.504406352375716516e+00 2.449017789352593155e+01 2.185861462814268563e+01 2.906506611010813756e+01 2.043759760603970932e+01 3.196617918601954500e+01 3.175910810139721008e+01 1.579783825704182654e+01 1.778790261205670120e+01 3.775699448802863856e+01 3.694901672818480876e+01 5.689409403498240181e+01 6.133384198801880416e+01 4.466630971174338072e+01 3.813859488847543133e+01 5.807975199805634503e+01 7.006588951561317913e+01 7.582618188602849330e+01 6.850746181752167274e+01 8.260155964350032320e+01 1.024679281464071892e+02 1.054090970272614811e+02 9.715155489725501070e+01 1.019205560337455125e+02 9.589361964120264759e+01 7.583845864650045598e+01 6.159959712168064527e+01 5.395093561196777188e+01 4.719876424336956688e+01 4.231263466200839218e+01 3.824704434233488115e+01 5.279155484486095418e+01 4.990417153651136317e+01 3.139099377111239519e+01
6.296921807001566729e-02 1.335538744021572688e+00 1.946280420025002655e+01 2.428163503690053560e+01 6.385848088764887187e+00 7.722154297487249686e+00 9.076725217747352303e+00 1.044071388814144186e+01 1.199301489917645114e+01 1.355475236089379365e+01 3.352725295323699584e+01 1.992075072469547337e+01 3.965739716798295689e+01 5.213364473765795282e+01 6.513974017632500590e+01 7.283998790659737210e+01 6.460683586661616573e+01 4.965157801807664839e+01 4.705490956037191097e+01 6.700012150949352474e+01 8.671562149513530926e+01 8.842025181828198299e+01 9.663663337457415992e+01 9.474830934343047772e+01 8.648876629882062161e+01 7.720330403578448397e+01 8.197420289321192399e+01 1.019205560337455125e+02 9.002132264180372090e+01 8.171247930406083526e+01 7.411052438930092023e+01 5.879826387719671033e+01 5.397393301753317019e+01 5.837620251954426465e+01 6.012057160827533409e+01 3.989194933171621926e+01 5.149505808777641391e+01
8.175220331382776484e-02 2.008175220233510672e+01 9.496504908805421863e+00 2.928643721122472954e+01 2.637522102205039687e+01 1.926561499963627000e+01 2.906506611010813756e+01 3.042848145114650293e+01 1.475396093397100472e+01 3.226996916926704984e+01 4.092286713465409065e+01 3.965739716798295689e+01 2.416533416319451177e+01 4.386044531979987227e+01 5.662827433540810773e+01 7.079134018972480646e+01 7.782820527934475763e+01 6.959285168841496727e+01 6.116313947376555404e+01 5.857502036150896174e+01 7.267934711127838909e+01 9.260238865916214479e+01 9.474830934343047772e+01 8.323449147584456398e+01 6.654533057650496630e+01 6.569137697576728385e+01 8.178805341901812653e+01 9.004781288227235336e+01 8.780148330488043484e+01 9.606085359532445977e+01 8.723839209659162464e+01 7.893228809127100476e+01 6.824661860789713330e+01 7.025693954668111019e+01 4.998420366986952956e+01 6.012057160827533409e+01 6.749702453772647459e+01
7.631710034972485901e-02 2.007631710034937100e+01 2.929234850159539150e+01 1.889046170044853667e+01 3.856881138241912765e+01 3.924767973251441333e+01 4.751554535310756222e+01 3.204736162916091047e+01 1.783988038111301933e+01 3.774112691465375491e+01 4.974592241145429483e+01 5.213364452238021585e+01 4.386044531979987227e+01 2.862655829340735281e+01 4.246520848109152979e+01 6.153999428621917644e+01 7.509846296247975772e+01 8.340859713531159514e+01 8.109221908520808597e+01 7.851281196793966899e+01 8.677817339104421990e+01 9.771988110917205006e+01 8.648876629882062161e+01 6.654533057650496630e+01 5.503476755907379925e+01 6.769348731042222767e+01 6.184616290236214553e+01 7.628664173824714112e+01 6.785719267036559188e+01 8.195911451994595609e+01 1.019062092618545847e+02 9.663151566666518022e+01 8.455221535037487968e+01 6.433564243092735069e+01 7.025693954668111019e+01 7.860616134516253339e+01 7.889593902784190504e+01
9.124702163186203252e-02 1.423338264536293707e+01 3.423338264596131353e+01 3.284124048781652050e+01 3.138044954911576312e+01 5.093825057644464493e+01 6.098467006846568950e+01 4.651600045497676916e+01 3.803042609725673628e+01 2.255285115391155770e+01 4.281504946275884294e+01 5.678770738207970936e+01 5.662827433540810773e+01 4.832643585320714408e+01 3.340410076249075644e+01 5.320808769781082503e+01 5.491053088300705554e+01 7.191852673306766519e+01 7.670948424216928174e+01 9.199976141322125045e+01 9.197810955522861320e+01 7.818626273269703120e+01 8.509796025520374485e+01 7.695950023051187827e+01 6.769348731042222767e+01 4.774767273263882572e+01 5.033096807490429825e+01 5.634694697953204212e+01 7.628664173824714112e+01 9.606085359532445977e+01 9.012762834483696395e+01 9.841041553696587130e+01 9.287668025939760241e+01 8.455221535037487968e+01 8.472351962914977719e+01 6.482024952341238588e+01 5.898990803092512181e+01
8.187870513261463756e-02 1.422401432886369044e+01 3.422401432886439210e+01 5.239639071562223904e+01 5.093825057644464493e+01 5.093824981315207623e+01 7.050974541315508759e+01 5.733609762654678832e+01 3.680022568404140060e+01 4.281505112178314221e+01 2.789623533149872259e+01 4.221051484755274430e+01 6.285308245052228671e+01 6.093771564830414178e+01 3.942180581467786737e+01 3.893741823951297931e+01 4.390939368937237930e+01 5.136375260811662713e+01 6.182718474443738899e+01 8.373469389521100936e+01 8.390764781834349151e+01 6.425679602620211028e+01 7.147940916736020256e+01 5.718524689514055837e+01 6.299221372900887417e+01 4.303830987287133070e+01 6.299221372900887417e+01 7.628664173824714112e+01 8.454675723788754738e+01 8.687181173312036719e+01 7.014672387340738169e+01 8.378500187515210484e+01 9.206629789648825124e+01 9.450996070180002562e+01 7.889593902784190504e+01 5.898990803092512181e+01 4.484489127940032205e+01
2.239863785106879432e-02 2.002239863785071350e+01 2.958472996509857822e+01 3.493000990319060151e+01 4.096033909877690604e+01 4.803200247114494914e+01 5.632621823242740078e+01 6.585326847416688167e+01 5.733609762654678832e+01 5.243149404423881776e+01 3.197869007960063925e+01 4.636286989050019969e+01 6.708244878113968923e+01 6.981931294951827738e+01 4.907968789480507610e+01 5.861508544358914463e+01 5.491053088300705554e+01 5.541000016694761143e+01 7.573755084118096192e+01 9.200344762302171375e+01 8.432117146211221836e+01 6.565431300853650498e+01 5.170381263730463672e+01 4.568713713690142697e+01 5.831649894961382330e+01 3.970589884311181805e+01 5.966656308631927885e+01 7.630433153065456509e+01 8.871114783752264543e+01 7.793801984729081767e+01 5.862068123196802816e+01 6.380974179809346936e+01 8.378500187515210484e+01 8.625942394567681504e+01 6.637118626177415592e+01 5.486355448145113911e+01 6.482024952341238588e+01
1.991760116496149591e-02 4.733962809075298317e+00 9.584675309801999887e+00 1.492990014805053356e+01 2.096012703960788315e+01 2.803119485184350523e+01 3.957820390878149652e+01 5.958120951302529278e+01 6.708244878113968923e+01 4.636286989050019969e+01 4.636286989050019969e+01 3.958462121789864341e+01 5.414654620258684048e+01 7.494262941206672224e+01 6.149324482448891871e+01 7.849640232107104509e+01 6.919109954392287420e+01 6.717255600852006125e+01 8.407216975304635298e+01 8.922679147982310610e+01 8.050289671158428462e+01 7.956577197833436799e+01 7.147940916736020256e+01 5.831649894961382330e+01 3.839017867545851459e+01 3.646023570288671323e+01 4.800111363681310195e+01 6.800994141878813082e+01 8.043079198182962841e+01 6.045699461397340002e+01 4.969243741170227935e+01 6.380974179809328461e+01 8.378500187333521865e+01 9.101657121311785659e+01 7.112717176243437223e+01 7.477694456470209161e+01 7.958405601720980371e+01
1.766589122093755945e-02 2.001766589122058093e+01 2.958472996509857822e+01 3.493000990319060151e+01 4.096033904997442221e+01 4.803200407307033970e+01 5.632566706037393089e+01 6.788358885778026774e+01 7.558251279001949285e+01 6.708244878113968923e+01 6.708244878113968923e+01 4.982614370783218050e+01 5.054575979652954487e+01 7.136699781385071617e+01 8.193602553303317393e+01 9.022684579694831086e+01 8.936009984542640439e+01 8.743755136587807897e+01 9.573117860679444391e+01 8.054930907962568654e+01 6.017349229267001220e+01 6.606481960078411930e+01 6.946593685864351642e+01 5.363298474024323070e+01 3.367187243865958379e+01 3.336971074067178478e+01 4.746134283219542738e+01 6.706391167839777268e+01 6.574061377529957895e+01 5.746521669641210650e+01 4.415114064269226191e+01 6.412225472283181205e+01 7.905576931214839931e+01 8.904490828769971245e+01 9.101657121311785659e+01 7.864078362744176331e+01 7.036959226495785913e+01
6.490672536223988931e-02 2.006490672536188313e+01 3.056275679211451646e+01 3.659446711680817543e+01 4.366868931781048246e+01 5.195026039030961584e+01 6.345267065185822020e+01 6.813505020774290699e+01 5.985213470827795845e+01 6.815126320883784672e+01 7.913667541011797368e+01 6.457692050033413977e+01 6.529878498045643198e+01 6.757301514506768569e+01 8.824828478289812494e+01 9.347045149039668388e+01 8.513922607547087296e+01 9.347045149039652756e+01 8.943040936028805277e+01 7.785597234767287489e+01 6.606481960078411930e+01 4.601840795998251821e+01 4.946577522485998202e+01 4.918163155740997894e+01 2.918648522188582817e+01 4.918163155740997894e+01 6.155987240728023124e+01 6.082199672104118093e+01 5.254650614183684354e+01 3.748532002788906681e+01 4.325891762302386923e+01 5.080960520755390064e+01 6.079136121700990003e+01 8.076420876383627956e+01 8.448176979148838939e+01 6.452413702305220511e+01 5.039200961635386022e+01
