MOVIE_S12_data/elevation_000574.asc
nrows	50
cellsize	150.0
xllcorner	0
ncols	50
yllcorner	0
NODATA_value	-9999
[rows 17 to 33 of 50, columns 0 to 36 of 50]
5.436832538903087209e-02 2.005436759369870359e+01 1.391525918077648782e+01 2.593571490090154441e+01 1.402863320075316800e+01 3.023478863773589964e+01 3.262537063331613751e+01 3.510621981112117140e+01 2.581059529961470034e+01 4.039387207942968416e+01 3.812730838068871009e+01 4.190524831402893824e+01 4.589193197422053316e+01 4.768020323953602002e+01 6.446318441920074349e+01 7.443618851502435518e+01 8.278448357759407372e+01 9.440485965189995454e+01 9.130065660038225417e+01 8.719971296378687953e+01 7.558311169275631869e+01 6.724452247568255814e+01 5.012934843237217564e+01 5.173422920369937827e+01 3.170810200130967971e+01 5.173422920367124789e+01 4.800297011894337373e+01 6.806540672010341098e+01 6.758856959919664575e+01 4.753439193708000943e+01 5.536666692398839018e+01 6.955489967476205493e+01 8.965805073069172693e+01 8.853211202400228785e+01 6.958540362213027208e+01 5.908725342418783555e+01 6.253090368284244249e+01
9.647730019007895452e-02 2.009647729821400830e+01 3.391544269915900855e+01 3.391544285297496941e+01 3.402894833217868609e+01 2.345672545461811964e+01 4.345731814485905176e+01 5.409888510963051544e+01 3.735767486499403134e+01 5.409888510963051544e+01 5.813187243158412798e+01 6.186551814672674965e+01 6.570194437669026399e+01 6.779126877708117149e+01 7.621215622695524416e+01 7.861469054214899188e+01 8.690545819823579166e+01 8.546836610036818627e+01 7.136604412376608764e+01 8.133335036207417090e+01 8.959884057683881053e+01 7.854224939896967328e+01 7.020435311398644274e+01 5.494442948453140474e+01 3.491059154868656123e+01 5.494442948453140474e+01 6.806540672010345361e+01 7.639503855947550903e+01 7.468750026965433619e+01 5.460869220463892049e+01 7.468750026965433619e+01 8.376768000584566209e+01 9.352581854408073525e+01 8.287552263680876763e+01 6.408045608069787136e+01 5.092095115885438616e+01 4.366747188247492062e+01
9.953738903938927352e-02 1.424167301277046427e+01 3.424167301559850785e+01 5.391623466688471211e+01 5.174288744971745757e+01 3.759899039225659578e+01 3.759899039225659578e+01 5.760057245801854720e+01 5.736044039186834453e+01 6.564192216729706786e+01 7.042483409568004049e+01 7.878489480661770017e+01 7.361907658150866496e+01 6.533234333240940828e+01 6.447604786518643039e+01 5.861963078526228799e+01 7.861469054214899188e+01 7.549448269785682442e+01 5.725796374564934155e+01 6.139012481887484540e+01 8.133335036207417090e+01 8.652343381417465196e+01 7.315182888308646625e+01 5.809015160029507285e+01 3.824369859023012452e+01 5.829393375866599314e+01 6.409396964213182457e+01 8.430571637341797953e+01 8.301413219989582615e+01 6.618859402020231641e+01 8.301413219989582615e+01 8.768115159278771387e+01 7.354075023085005114e+01 8.768115159278771387e+01 7.750582169950808975e+01 6.958540362213027208e+01 6.253090368284244249e+01
3.582433992925927735e-02 1.417795996366033506e+01 3.417795996366103850e+01 5.193126895201969262e+01 6.021445834352176973e+01 5.760057245801854720e+01 5.760057245801854720e+01 6.588678453316603623e+01 7.043836308134976321e+01 6.714840101020374163e+01 5.029265242549389114e+01 6.593962116451925226e+01 6.207378455926108529e+01 4.533898128977864417e+01 4.448273072629865510e+01 6.447604819563322565e+01 6.645579969017265398e+01 5.940062603218147785e+01 4.726682681663230312e+01 6.139012481887483830e+01 8.133335036207417090e+01 7.911111431634778057e+01 5.833058962580039264e+01 4.824139452845264486e+01 5.829393375866599314e+01 4.401588382105140340e+01 5.818442009325976727e+01 7.836088431053457271e+01 9.462203647342782631e+01 8.629722211078806993e+01 8.963138733317637730e+01 7.551231807056620937e+01 5.940515362842321423e+01 7.499263287384690102e+01 6.677411942636452125e+01 7.499263287384687260e+01 7.161840545474055375e+01
8.338298177320474514e-02 2.008338298177284997e+01 3.778659509316948828e+01 3.192767934548957953e+01 5.193126895201969262e+01 5.155722164569027655e+01 5.744492999949356715e+01 6.467155794067683416e+01 5.089497522769707416e+01 5.813491781932574298e+01 3.872919053281396629e+01 4.594739829937663700e+01 4.594758088110298644e+01 3.379696116157236929e+01 5.378917052096312545e+01 4.975819908728126961e+01 4.648978489797030278e+01 3.942364115031528371e+01 5.940062603218147785e+01 7.549448269783428600e+01 8.784105368079360687e+01 8.770430581437203443e+01 7.677585374670449880e+01 6.827860307021994402e+01 6.989600863466053227e+01 4.978800510961579562e+01 5.471497318665898035e+01 6.631801928041078042e+01 8.672750440805670280e+01 9.714486645654217511e+01 7.524210545419600749e+01 5.998575291638461238e+01 5.034235726891930796e+01 6.196820815196210219e+01 4.692226363473949391e+01 6.434920267096777025e+01 7.250400542919032887e+01
1.813270376062421294e-02 2.001813270376026921e+01 1.778504753047785059e+01 3.778562463527950399e+01 3.989518935300804969e+01 3.153766451295605577e+01 3.740474458642857059e+01 4.554783268596852253e+01 3.687613625200494027e+01 4.265989915771682206e+01 2.979960595427568748e+01 3.925852030899385170e+01 2.597780537656604949e+01 4.376377263732816658e+01 4.616924710723544223e+01 2.977179693194090859e+01 3.235291004123540404e+01 5.233769529599980075e+01 6.239252146785539566e+01 6.839833963493067870e+01 6.830698914719931736e+01 8.414755403404740264e+01 9.303118788067553169e+01 8.268625502605979705e+01 6.247172063290432220e+01 5.874360234996142083e+01 6.896504169331171852e+01 8.341709577513455542e+01 9.537689740750951728e+01 9.514863809501859748e+01 8.814482477066106014e+01 7.602938170757249736e+01 5.614387936865166040e+01 4.198375238954419331e+01 3.694563600827338234e+01 4.451008466088060089e+01 6.110418922049605328e+01
2.351309638313057310e-02 7.094580927546024540e+00 2.321424500861637696e+01 2.452389983814720864e+01 1.998443752419547081e+01 1.739294897271137330e+01 3.740474458642857059e+01 2.552307945485501861e+01 3.298140853259130267e+01 2.276204993034633262e+01 3.629005802698957694e+01 1.922901806185071294e+01 2.148014717406739749e+01 2.379432644586418277e+01 2.618514148046471846e+01 4.616924709322886855e+01 5.233769529529460129e+01 3.688183680263087894e+01 4.242869854403093655e+01 4.845811777665193176e+01 5.601254789135828815e+01 6.493867102636785660e+01 8.481178645350198053e+01 9.110782501549263657e+01 7.673636321863200749e+01 7.035712897127658039e+01 8.734635423753135797e+01 9.850719474070044157e+01 1.018498840400849161e+02 8.838089317532137557e+01 6.966988988747375799e+01 7.467214592899897241e+01 6.189823120496821218e+01 4.208756176690263118e+01 5.290820559170772697e+01 3.297206041731414672e+01 4.920716212442660975e+01
2.372884694381488524e-02 2.002372793645315951e+01 3.211109477077369601e+00 4.524173805674589488e+00 5.845811006584763270e+00 2.584548239699506311e+01 2.913824710606677115e+01 1.137679376970939948e+01 1.297508497067948241e+01 1.459007157487684125e+01 1.644394140774672763e+01 3.586346990510546817e+01 4.133552635196468827e+01 4.376377263732816658e+01 3.772460964414170803e+01 5.439532824449239001e+01 5.686057094202719497e+01 5.686057094823549107e+01 4.291185974016335081e+01 5.107428523135171616e+01 6.106139626381919072e+01 7.515937471333187148e+01 8.481178645350198053e+01 1.046410267985310725e+02 9.705056452220426877e+01 9.063687489630412131e+01 9.906718618268985210e+01 1.018498840395050564e+02 8.237200015460425107e+01 8.598243137604899289e+01 7.467214592899897241e+01 5.525721125936879474e+01 4.745797520775403200e+01 6.189823120496821218e+01 6.113483148680676749e+01 4.920716212442660975e+01 2.924014227447407066e+01
6.296921807001566729e-02 1.362108822993276291e+00 2.130758673360980993e+01 2.452202132019436220e+01 2.582922989140262260e+01 7.761463577027058136e+00 9.138320358670075194e+00 2.913573223413977686e+01 3.298112701314767747e+01 3.459818817932547574e+01 1.810174955811569930e+01 2.050309553382355432e+01 4.063506400969754395e+01 5.360140601849652597e+01 5.766754504429339789e+01 6.585184280410159374e+01 7.680889640766204707e+01 6.803539639745137890e+01 4.807524012088751419e+01 6.803539639745137890e+01 7.928563942517763508e+01 8.925280897470753416e+01 1.033462432360832395e+02 1.051526059474922761e+02 9.686718573733244853e+01 9.841413425408185844e+01 1.066996888706309790e+02 9.729953938160763016e+01 7.768938774465398467e+01 6.629650928390488218e+01 5.930558517646960581e+01 5.402704347539470575e+01 6.139372187084243393e+01 7.337085634805232814e+01 5.632520856367335682e+01 3.642515134910222230e+01 3.081726174176215594e+01
8.175220331382776484e-02 2.008175219848928350e+01 2.958734963345797553e+01 4.041479049737794327e+01 2.041125062313003014e+01 2.776102726631459561e+01 1.913537327406575983e+01 1.337865810442095338e+01 3.335475450256063112e+01 4.592345706678959516e+01 4.691660655043914829e+01 4.063506400969754395e+01 2.518537905368295426e+01 4.531572982790370929e+01 5.860936629069892945e+01 6.755481218000900867e+01 7.909972563590639538e+01 7.557310483684852898e+01 5.563020285089091033e+01 6.070858945856681288e+01 7.222362420355725021e+01 9.214423972461274559e+01 9.774874420734283831e+01 8.946412050664982019e+01 7.687162221085246472e+01 7.841807484949177365e+01 9.515376828288178501e+01 1.053969633217333381e+02 9.191240456123701108e+01 7.310861604638027700e+01 7.903293373661685450e+01 6.545041244800175662e+01 8.089451707416404247e+01 6.519681044963728311e+01 4.536548882995797527e+01 5.632520856367335682e+01 5.000844094367848669e+01
7.631710034972485901e-02 1.421845272408079985e+01 3.421845272408150151e+01 4.877570887631962648e+01 3.456143420403172684e+01 3.895709617020887094e+01 3.895709090291129684e+01 3.335475450256063112e+01 1.775538803810124833e+01 3.771880589568442588e+01 5.060371592725208956e+01 5.358408281777654736e+01 4.531572982790370929e+01 3.028310019830243505e+01 3.926682983394546511e+01 5.082057952958403035e+01 7.082195040959054211e+01 8.383053882407530466e+01 7.557310483684852898e+01 7.191727279579195908e+01 8.890228674217352989e+01 1.004088618122331695e+02 8.946412050664982019e+01 6.947085139760923767e+01 6.533074693039851866e+01 6.687693103607146838e+01 8.686940397410386083e+01 9.697584634684545790e+01 9.996891514207524665e+01 9.197754558746099462e+01 9.338783048885655091e+01 8.531660315671012995e+01 7.922758753077920346e+01 5.938507229199468895e+01 5.938507229199468895e+01 7.343217287481473932e+01 6.184443251880004055e+01
9.124702163186203252e-02 2.009124702163150644e+01 3.731042186259475102e+01 4.885742724638747347e+01 5.463145156315543005e+01 5.855959688164406884e+01 5.185127918311224704e+01 3.186494379015636014e+01 3.771880589568442588e+01 2.258255395521632636e+01 4.118000444701369389e+01 5.518780604427617220e+01 5.860936629069892945e+01 5.032660637120201130e+01 3.621758548187013815e+01 5.622708623734108357e+01 7.074051744093708294e+01 7.901845138063814034e+01 8.795963709998341074e+01 9.183969200486828299e+01 1.001043628607522322e+02 9.924403923239962921e+01 8.946412050664982019e+01 6.947085139760923767e+01 5.533508082926235971e+01 7.532674434155977394e+01 8.064942731623517602e+01 7.698014837095541907e+01 9.697584634684596949e+01 9.419137185466510687e+01 8.590917901268808521e+01 9.419137185466510687e+01 8.747927345763477547e+01 7.922758753077920346e+01 7.922758753077920346e+01 7.818267156132219498e+01 6.678455558970368600e+01
8.187870513261463756e-02 9.026150615131850685e+00 2.057315599892456959e+01 4.057315599892527302e+01 4.689311783600594907e+01 5.520089921140566247e+01 6.012987466222425326e+01 5.185127918311224704e+01 5.084314304448518129e+01 4.256469383921779581e+01 2.782486985661526546e+01 4.197165346216907977e+01 6.197151978819876916e+01 6.329936086859093791e+01 4.329594746790942850e+01 4.406972022234781861e+01 5.073805435041994372e+01 5.968512524428126653e+01 7.383084677963728382e+01 9.381652910983459037e+01 9.038645566473914528e+01 9.095930758345352274e+01 7.096460184215862910e+01 7.061466406264405293e+01 5.061992631030677359e+01 7.061466406264405293e+01 6.065667225411763042e+01 7.170839544097012208e+01 9.170328789253514401e+01 8.419263763253738375e+01 6.591068076767093942e+01 8.249180592644806609e+01 9.077435417973575227e+01 9.362185875002322177e+01 8.199714703097833990e+01 6.993627074326774107e+01 5.006551773841093222e+01
2.239863785106879432e-02 2.002239863785071350e+01 2.827268878694549770e+01 3.274482474194546455e+01 2.688705983792615584e+01 4.689114697938065035e+01 5.983629112446032394e+01 6.980995750403697286e+01 6.597085197121397471e+01 4.597419105613818147e+01 3.182308368288990152e+01 4.597419105613818147e+01 6.597085197121397471e+01 7.157923250889656686e+01 5.224254849331016004e+01 6.407302974409805074e+01 6.407302974409805074e+01 7.901845138063815455e+01 8.795963709998341074e+01 8.447282758771243039e+01 7.022179483851871851e+01 8.447282758771243039e+01 7.463369870903028414e+01 5.463813870006936924e+01 4.625124781002887175e+01 6.228212289580245908e+01 5.171225172696566830e+01 7.170839544097012208e+01 8.761466367593936866e+01 7.590992989017946968e+01 5.588186537541945853e+01 6.247817677946473935e+01 8.249180592644806609e+01 8.530302911251644105e+01 6.526344855299332437e+01 5.371416098356808533e+01 4.704743885804172265e+01
1.991760116496149591e-02 4.102400505803609931e+00 8.272688786945142425e+00 1.274482474194475934e+01 3.274139400526870958e+01 3.160023229160562153e+01 4.160016898287347686e+01 6.158554778289100540e+01 6.597085197121396050e+01 4.597419105613818147e+01 4.597419105613818147e+01 3.938656390015599129e+01 5.353897068042974894e+01 7.352477655702665515e+01 6.379330918162057174e+01 8.052197116443103653e+01 8.406611950777775633e+01 8.742330498905252512e+01 7.847641586433381633e+01 7.015756722834873926e+01 5.626303273388396065e+01 7.555210718325461983e+01 7.712880683840033669e+01 6.198739616698527755e+01 4.197996055806785165e+01 4.227514698573298091e+01 5.642563406273691129e+01 7.642093766447598568e+01 7.933089374574726094e+01 5.928938661636559715e+01 4.823625254446653088e+01 6.247817677946473935e+01 8.249180592644806609e+01 9.010477213008569208e+01 7.005373868980453267e+01 7.373311795756983145e+01 6.706304445617058718e+01
1.766589122093755945e-02 2.001766589122058093e+01 2.827268878694549770e+01 3.274343424911371159e+01 2.090979053353799699e+01 4.090756859930683476e+01 5.983629112446032394e+01 6.980995750403697286e+01 7.424579324273835823e+01 6.597085197121396050e+01 6.597085197121397471e+01 4.939707324986124348e+01 5.008774084006199701e+01 7.007782957862028184e+01 8.378906497208018322e+01 9.206304074846920571e+01 9.334551247772502336e+01 7.316883044116060830e+01 5.913075738195094999e+01 5.052607697946612575e+01 4.772159364484252109e+01 6.724405424007990462e+01 6.884569733442778272e+01 4.884292939656847921e+01 5.251350570483057822e+01 3.671829403524777291e+01 5.673318616504471379e+01 7.138036369522205860e+01 6.308143539163781099e+01 5.641145449035847292e+01 4.276130244162070682e+01 6.296707169796848547e+01 7.812642948721585867e+01 8.813156971995550748e+01 9.010477213008569208e+01 7.890882504521478324e+01 7.053814026314056207e+01
6.490672536223988931e-02 1.420704234909331554e+01 3.420704234909401720e+01 4.917722399763990637e+01 4.091092554595795860e+01 4.920855789889912302e+01 5.981329435438148323e+01 6.810594331842303006e+01 6.623705256767098604e+01 7.453976051254301183e+01 7.766180764859849717e+01 6.353839563126639689e+01 6.422800771754538118e+01 6.641279321155325022e+01 8.638537130081296311e+01 9.417948778610382021e+01 8.610207940174446151e+01 8.742330498905252512e+01 7.430629971733873163e+01 5.455754608497146307e+01 4.094065845645886270e+01 5.427840135576541769e+01 5.042671994523947632e+01 4.858878163525511695e+01 3.250126109267678487e+01 5.243473450324173513e+01 6.490555473981419254e+01 5.973863389197801865e+01 4.286406595392241314e+01 3.609111087403284301e+01 4.202915639097119538e+01 4.975244151225694367e+01 5.983275969878557987e+01 7.984906937104592828e+01 8.477741305713246334e+01 6.464714985157017679e+01 5.049120149246010669e+01
