MOVIE_S12_data/elevation_000255.asc
nrows	50
cellsize	150.0
xllcorner	0
ncols	50
yllcorner	0
NODATA_value	-9999
[rows 0 to 16 of 50, columns 0 to 36 of 50]
8.271705653423140625e-02 2.127631151761726416e-02 9.425194436011796739e-02 4.939197167322698090e-02 3.975871534419905817e-02 6.171646774684565184e-02 1.696294146011132625e-02 1.936121709489252440e-02 4.216450047424835645e-02 2.297044857093000214e-02 6.704298068806634203e-02 4.162315340452049650e-02 3.835349583220235004e-02 2.777463300387698203e-02 2.207885817162396139e-02 7.161913568127860341e-02 9.025521335945362045e-02 3.502399586135773735e-02 8.040414306008919487e-02 3.131346976591601466e-02 7.604099264847130613e-02 2.387740603804927586e-02 5.687112022313325910e-02 4.074439634684711570e-02 8.709178300582484655e-02 7.612946965408906586e-02 1.077918208624280109e-02 9.929772718869623455e-03 4.600412614040166881e-02 2.152795518990661267e-02 2.378824418737431057e-02 9.511189423522797837e-02 9.406546861214974686e-02 1.749038473908382007e-03 2.223905489293687143e-03 6.269637160239108220e-02 9.476101746191394060e-02
7.639902522890137937e-02 2.002127631151726206e+01 2.009425194435976181e+01 2.004939197167287190e+01 8.984030625343278231e+00 1.160872185153946390e+01 2.001696294145975585e+01 2.001932749654351440e+01 2.004216450047389131e+01 2.695582867695179186e+00 2.006704298068770953e+01 1.418375877713559596e+01 2.003835349583184566e+01 6.058001524559175621e+00 2.002207885817126964e+01 2.007161913568092260e+01 1.163726059715186878e+01 2.003502399586100324e+01 2.008040399604208304e+01 2.003124383823331200e+01 1.273409672826969485e+00 7.436760249777509379e+00 2.005687112022277674e+01 1.418288002007792237e+01 1.422922740673690001e+01 2.007612946965373268e+01 3.440750923222954949e+00 2.000992977271851458e+01 2.004600412614004767e+01 5.568529917442221588e+00 2.002378824418702052e+01 8.260077703512559211e+00 2.009406546861179521e+01 2.000174903847355168e+01 2.000222390548893969e+01 1.978348943418930084e+00 1.652034507564129839e+01
7.813061968023242432e-02 2.007813061967987878e+01 3.983307226065329587e+01 3.726830187280417306e+01 2.053103600913559035e+01 3.160872185153981917e+01 3.989299309900035695e+01 3.953424557674998141e+01 1.953451726332054861e+01 5.392382317548157999e+00 2.539238386052054253e+01 3.418375877713629762e+01 3.238255684489527653e+01 1.238255684489598885e+01 3.238255684489669051e+01 3.992153184461276538e+01 3.163726059715151351e+01 3.301493549455820897e+01 2.296447478278444976e+01 2.972846827475315479e+00 2.127320549839280872e+01 2.656356674382484329e+01 2.053807317559733647e+01 3.418288002007862758e+01 3.422922740673760700e+01 2.693518705354531662e+01 6.922304702698455436e+00 2.693518705354531662e+01 3.134203260933888657e+01 1.134203260933852953e+01 3.134203260933888657e+01 1.826007770351273507e+01 3.654434895097546132e+01 3.579576848093341113e+01 1.550877843379674914e+01 3.902849887191108369e+00 2.351473533505394187e+01
1.795629399984677299e-03 1.154880101319239927e+01 3.154880101319204400e+01 4.204727358863359399e+01 4.053103600913487981e+01 4.881530725659648340e+01 5.018018073857179218e+01 3.295167055095948427e+01 1.295167177773263667e+01 2.539238386009436255e+01 1.010642752545851586e+01 3.010642954539508054e+01 4.066682809235889096e+01 2.132682875489530261e+01 4.066682809235889096e+01 5.597292336988047623e+01 3.596955448549029200e+01 2.470589829491213862e+01 4.694172759122960059e+00 2.294485238064793009e+01 1.711486490611623879e+01 3.711238141067777008e+01 3.502551814815361553e+01 4.958263401617717392e+01 3.239632233643892079e+01 1.236570545036050106e+01 2.106992641345224726e+01 3.523029873756605213e+01 3.800869927600601983e+01 1.800869927600531284e+01 3.800869927600601983e+01 3.240221332724418346e+01 4.654434895097563896e+01 4.417022981893678235e+01 2.607342629154682356e+01 5.873509172809497692e+00 2.607342629154682356e+01
2.526786264046545702e-02 6.691934529307160595e+00 1.376300234117269738e+01 2.790513796490390064e+01 4.790513796490460408e+01 5.603807183164450834e+01 3.603807927120875121e+01 2.189594368772983302e+01 2.709380738666721911e+01 3.353640166650306043e+01 1.353639922830872244e+01 3.353640166663934252e+01 4.961110000235820650e+01 3.546896437862675100e+01 4.961110000235820650e+01 5.200576102059545036e+01 3.595590498834020821e+01 1.592984061715922373e+01 5.918152881846948432e+00 2.591446530672559945e+01 3.710684680990674877e+01 4.538323748424872406e+01 5.580098351768308618e+01 5.061258556747844040e+01 3.053184835372033135e+01 1.636592353673096412e+01 3.641336011237102355e+01 4.939067093219465931e+01 4.629297052346821317e+01 2.800869927600549047e+01 4.629297052346821317e+01 5.240221332724488690e+01 5.391366845489758930e+01 3.956480185698030283e+01 2.810090592531654963e+01 7.873515654711567002e+00 1.421191434208060933e+01
8.483503398980346555e-02 2.008483503398944947e+01 3.376300234117340437e+01 3.009293395972751028e+01 5.009293395972821372e+01 5.603807183164450834e+01 3.603807927120875121e+01 3.603807927120875121e+01 4.709380324871963097e+01 3.712850824169238706e+01 1.712850526884428248e+01 3.127064093396718647e+01 5.127065094258460931e+01 5.546896437862745444e+01 6.112805459005054587e+01 4.368546144970136424e+01 2.413250122831068367e+01 1.291292390826298231e+01 7.156121803027293282e+00 2.696338250719405849e+01 2.528457696700694157e+01 3.940742320982077729e+01 5.933428335795850472e+01 5.091112157997452670e+01 3.062418160319314353e+01 3.641336011240507275e+01 2.343948381671715708e+01 3.501018821575085127e+01 5.513507562263612272e+01 4.215083489973694242e+01 5.629297052346839081e+01 5.337096949027196047e+01 4.321081109334276249e+01 2.521593488305877528e+01 1.090625094587176847e+01 2.810090592531654963e+01 3.432507804879655566e+01
4.163169627051844027e-03 2.000416316962669683e+01 2.818930973000921014e+01 4.818930973000991713e+01 5.837720520719041417e+01 6.432228220593488288e+01 5.603807183164450834e+01 5.603807183164450834e+01 5.553466797691218915e+01 3.553465527894680065e+01 2.139251959595656771e+01 2.977761591686185483e+01 4.132462136149347742e+01 6.132464045047574785e+01 5.276117821718045064e+01 3.290464833359551022e+01 2.330827402564494477e+01 3.239655460242463647e+01 2.715652756975869764e+01 8.959461078293887937e+00 2.310243899236250087e+01 4.310002332466002173e+01 6.047154450466266695e+01 5.922929037453577905e+01 5.071260936399445995e+01 4.074878884232580134e+01 2.979646128991559095e+01 5.001866243994694372e+01 6.347486785748589000e+01 6.215083489973764586e+01 5.934842675675923829e+01 3.907620153980025890e+01 2.463370316318246722e+01 1.450210249065680124e+01 3.117387518152483494e+01 1.725765162569357969e+01 3.760978478378540046e+01
2.434392073152260791e-02 8.189309730008854871e+00 2.233144535374005812e+01 4.233144535374076156e+01 4.975887257320746215e+01 5.431620203441612205e+01 5.434618778736587785e+01 6.265247192916629615e+01 5.772247003637003360e+01 3.772245161197975705e+01 2.639251959595665653e+01 4.639252463383299130e+01 5.806199832322803900e+01 6.960908204254587872e+01 6.112805183730276326e+01 5.114957262687310902e+01 4.283291326989754566e+01 3.421037017516943735e+01 1.433298696355633162e+01 1.025045554190154107e+01 3.025361877617112327e+01 3.219150600999508782e+01 4.672879336476782441e+01 5.489311237393795295e+01 6.517622337295246382e+01 5.638432102513218069e+01 4.149800480665727065e+01 4.412151009138023028e+01 6.425564761923683932e+01 7.325379408521344260e+01 5.829910326993024938e+01 3.800508899219448722e+01 2.355495070735658558e+01 1.745963048985785804e+01 3.782632908022968365e+01 3.760978478378540046e+01 2.421145543442197834e+01
5.883922493566802470e-02 2.005883922493531202e+01 3.647358097746975147e+01 4.389283994884296902e+01 2.975070257018937525e+01 3.433847861213205732e+01 3.433907967203256817e+01 5.434748654240915755e+01 6.600688684828763542e+01 5.467687551951352987e+01 4.639252463383299130e+01 3.455748540523902079e+01 5.455749391872729603e+01 6.924023469590748903e+01 6.095495118246778077e+01 5.348987356899873902e+01 4.032850547911621675e+01 2.050348124172881015e+01 3.421037017516936629e+01 3.025361877617006456e+01 1.218846229125128033e+01 3.219150580473898771e+01 2.693545349462320360e+01 4.087455515482809432e+01 6.005111221043195258e+01 6.992829991187342387e+01 6.164704875655146310e+01 6.425564761923683932e+01 7.253501618123183903e+01 6.495005993519012577e+01 4.471602436159869143e+01 3.448646389677946189e+01 4.090251236171668836e+01 2.049508769837606081e+01 3.229947055452826277e+01 5.265448602015398194e+01 4.460456295752927502e+01
2.016265153036126551e-02 2.002016265153000774e+01 2.637740298010942652e+01 2.971073674738474324e+01 1.560841238989789659e+01 2.019672706730993994e+01 3.433896682278447798e+01 5.434267528181932505e+01 6.947248514425896815e+01 6.455750243041855185e+01 4.455748540703599048e+01 5.455749391872729603e+01 6.284187569269634110e+01 6.095495258178677034e+01 4.120421510728542813e+01 3.376778070227321393e+01 2.715383119422429203e+01 4.032850547844269329e+01 3.735643191826760301e+01 1.735276011929636297e+01 3.219150606890465127e+01 1.430846255312602011e+01 3.431125568018090632e+01 4.477119489213059467e+01 5.446360867518266247e+01 6.280503284977521616e+01 6.645837144192482526e+01 7.231502320221510161e+01 7.620223422325111073e+01 7.325379408524192115e+01 6.316416883945969118e+01 5.482544137472427082e+01 4.417427563268962132e+01 2.373948235565979203e+01 4.417427563268888235e+01 6.098613480741716586e+01 5.975019866738512775e+01
1.256007409845548775e-02 3.174837734266841238e+00 6.377400810368597739e+00 9.710734143701959198e+00 2.971073674738772397e+01 4.019791738155562655e+01 2.962481913570264425e+01 4.117190280591464813e+01 6.117703809996122288e+01 7.284194079684891676e+01 5.455748543356804703e+01 7.284194079684891676e+01 7.725558714125814674e+01 5.729146856411708200e+01 5.747277037780121134e+01 3.772256701072535634e+01 4.691584261798597311e+01 4.280063923738649123e+01 2.279734425871061632e+01 3.735643191826760301e+01 4.259292681396231472e+01 2.845364985716352990e+01 1.649066593411270887e+01 3.641025767252374123e+01 3.442997922963032664e+01 4.747039368661102543e+01 4.646508700577454931e+01 5.232098443897638163e+01 5.620930338407078608e+01 7.620223422325111073e+01 6.920699757761296667e+01 5.021201875744689147e+01 3.642703351493378960e+01 2.718501273633431481e+01 4.780083215331231372e+01 6.319309862397766153e+01 6.806022261358346270e+01
1.283213977233468341e-02 2.001280962321025569e+01 2.637739628643156919e+01 2.971073674739097470e+01 1.913882455952361639e+01 3.913882948519568572e+01 4.962706785276848365e+01 4.376726219694806730e+01 6.377389013992089417e+01 8.284204149313406162e+01 7.455751942726905668e+01 8.284204149313406162e+01 8.556259758793227377e+01 7.154069487155318541e+01 5.164564525804853190e+01 5.747277037780121134e+01 6.093922387528408535e+01 4.094485533637198671e+01 2.679891500348006517e+01 4.680107029587636447e+01 5.671701469450071897e+01 4.475661319431662122e+01 3.649285760726144900e+01 1.870614897539778454e+01 2.287734812237925297e+01 2.746781776089186877e+01 3.232148702070836777e+01 3.988389344301880612e+01 5.142868741453816739e+01 7.142015201480457165e+01 7.497077210041238970e+01 5.577551924537869610e+01 5.303476308228943736e+01 3.280619847100539488e+01 3.483993523898420364e+01 5.498198026010836514e+01 7.164264257471566566e+01
9.594114293757748102e-02 5.869443834833809603e+00 2.586944383493308308e+01 4.188478355627390926e+01 2.808309646953737726e+01 3.913882948519565730e+01 5.913889001444248095e+01 6.377389013992089417e+01 7.207037937404803074e+01 7.853715686081714864e+01 7.024566702509859795e+01 7.503227347703320049e+01 8.332690356283684707e+01 7.984079498127721308e+01 7.154069487155318541e+01 6.779604680981560705e+01 4.780514446845290877e+01 3.366229611152964907e+01 3.835004447859484600e+01 5.508215833202807232e+01 5.596815555730540126e+01 3.597600023210227249e+01 2.183011088529029209e+01 3.870964138100245577e+01 2.248653329667093104e+01 4.249497533915477732e+01 5.232098443897637452e+01 4.646508700547342841e+01 6.645837048061929409e+01 7.970399641426642745e+01 7.351589465032833459e+01 5.345040343580556907e+01 4.166973122097668636e+01 5.329161064522520519e+01 5.498198026010836514e+01 4.361867564050044876e+01 5.513083660265601793e+01
3.950229235330715398e-03 2.000395022879724038e+01 1.481371574483289066e+01 2.188478355669824182e+01 4.188478355627417926e+01 4.222523218385664734e+01 5.636736915843601281e+01 7.636746735991786750e+01 7.087528248231777184e+01 6.265654893636830280e+01 5.025131338798073699e+01 5.503215047325156206e+01 6.625852494781764790e+01 8.626943355816760572e+01 7.631921790379846016e+01 5.633060989235400484e+01 4.219272490523987074e+01 4.521099247726444048e+01 5.834538625032104164e+01 6.662560935453990396e+01 5.570006421551791220e+01 4.402874923386403339e+01 2.408092763972150152e+01 4.407922812490138398e+01 2.520916842771541511e+01 3.935953116767231563e+01 5.937303533848610471e+01 6.645837067794592201e+01 7.474159794675080093e+01 8.816412653060694993e+01 8.176990663509094759e+01 7.020851786719686061e+01 5.082253449161702719e+01 7.020851786719686061e+01 7.164264257471566566e+01 5.361816790657868381e+01 7.164264257471566566e+01
7.711341127313005306e-02 2.007711341127277649e+01 3.481371574455863538e+01 4.188478355627417926e+01 3.602691918042869190e+01 5.602691917898117424e+01 7.051004607193928564e+01 6.483371272670996177e+01 5.652480344821041314e+01 4.269538880707897022e+01 3.870981240819361346e+01 4.626647791401718024e+01 6.039937345633755683e+01 8.040376794254731863e+01 7.631921790379846016e+01 5.633060989235400484e+01 5.219089931082770306e+01 6.520237330397181097e+01 7.348244336669100107e+01 6.229413717471379641e+01 4.740120173395707326e+01 2.734857959353984924e+01 4.391935999521515299e+01 4.800045076609112016e+01 2.801124929814579900e+01 4.802753348065097327e+01 5.647651973695613492e+01 6.095519150946243769e+01 5.980484509526709047e+01 7.398449911726680739e+01 8.400988142437068973e+01 7.917405627280942326e+01 6.507483486101376968e+01 7.917405627280942326e+01 8.150055510740071441e+01 7.324028868268217707e+01 8.150055510740071441e+01
9.541454368626212448e-03 1.415167707809945163e+01 3.415167707809874287e+01 4.539580619560907593e+01 5.602691917898117424e+01 6.431118984328495003e+01 6.676308421084520717e+01 5.312319304076156357e+01 3.652503113710236704e+01 3.115133835008247587e+01 4.528943322252609249e+01 6.528433492721501352e+01 6.625852494781764790e+01 8.626943355816760572e+01 8.459962933914225403e+01 7.631921790379846016e+01 6.632475532257427631e+01 8.045962257274022988e+01 6.814212732671185790e+01 4.815670460087633131e+01 3.401923164760680862e+01 3.007204222203484889e+01 5.002135333180500965e+01 5.623557066024154238e+01 4.802753348065097327e+01 3.218439306614818207e+01 3.645124100899440123e+01 4.092596182753337075e+01 4.564265590223524072e+01 5.565381817100741557e+01 6.982631059379652072e+01 8.988392651195371741e+01 8.502491583575273637e+01 8.758262942804584839e+01 8.161211203728439045e+01 7.319567024738309158e+01 8.166276357682157538e+01
2.297228869525369793e-03 8.167263038146856502e+00 1.711153494814617204e+01 3.125367057187737529e+01 5.125367057187808228e+01 5.374312307637415387e+01 4.813020481290538299e+01 3.909993548390119145e+01 2.497928202552101595e+01 4.497560590464103569e+01 5.943246289267074900e+01 5.666867236121538554e+01 6.351341706355757566e+01 7.134587921911831643e+01 7.994122820368797022e+01 9.035642037559811968e+01 8.631368048502255874e+01 8.017930784830716107e+01 6.186086690555632828e+01 4.186506435366340639e+01 5.401029859659468713e+01 5.005371906238515578e+01 3.403540726863591459e+01 5.400327497877218264e+01 6.050988931448139851e+01 5.220711597217061239e+01 3.836056571541155336e+01 5.840940058273692870e+01 6.567743422639844653e+01 5.508083632530463802e+01 6.665063064922374281e+01 8.670721784085850459e+01 8.758262942804584839e+01 6.752865467664004484e+01 7.057722905619434073e+01 5.302549010517634542e+01 7.032429889186637695e+01
