MOVIE_S12_data/elevation_000424.asc
nrows	50
cellsize	150.0
xllcorner	0
ncols	50
yllcorner	0
NODATA_value	-9999
[rows 17 to 33 of 50, columns 0 to 36 of 50]
5.436832538903087209e-02 2.005436832538867620e+01 2.405332096738519709e+01 7.051421404224655909e+00 9.208076868293442629e+00 1.140445551851427908e+01 3.144533714777234579e+01 3.759286098080161764e+01 4.097157865684869904e+01 2.599956220511365856e+01 2.977602474279740719e+01 3.393124080548611232e+01 3.945768769712592672e+01 4.576807234376698119e+01 5.283244381736932382e+01 6.437748210000029303e+01 8.438118911604402683e+01 9.365901920515563006e+01 7.355206153426733806e+01 7.724175701401684080e+01 6.187236949102903338e+01 4.160745472559518277e+01 5.614058603070673570e+01 5.959289010052517455e+01 3.936456498296943352e+01 5.369200880539025889e+01 7.383887775319354319e+01 7.286707520051946574e+01 5.799787421221206785e+01 5.911152384850865360e+01 7.338979079360503022e+01 9.347394487935342511e+01 9.306506613801488470e+01 8.151679388275914562e+01 7.323517278480348125e+01 6.029680488971706609e+01 5.124852052601643493e+01
9.647730019007895452e-02 1.423861292392115452e+01 3.423861292392185618e+01 2.119451983236870163e+01 2.695931818898804622e+01 1.957900408935926961e+01 1.946088087309405879e+01 3.910284773633289035e+01 5.424085956929604890e+01 4.011110596993511734e+01 4.128900242285925515e+01 4.804169254752551410e+01 5.022826877443014837e+01 6.575639989342202796e+01 7.283204348554076546e+01 8.111662947681483615e+01 9.266493291266644405e+01 9.146709547081924541e+01 7.134942889586177728e+01 5.703230750243335478e+01 5.025931852957565127e+01 4.877920777212872139e+01 6.903325741578984776e+01 6.363870692798723638e+01 4.340962279067705509e+01 5.774732275353112954e+01 7.786176650310926561e+01 8.647172711600242678e+01 7.816500548804383186e+01 7.927230333092529690e+01 8.757785617597215833e+01 9.744533879848916058e+01 8.478844623161700156e+01 6.477760096575822502e+01 5.321862260218578911e+01 4.614609205156659044e+01 5.762503119692308928e+01
9.953738903938927352e-02 2.009953738903903542e+01 3.830166078771858196e+01 4.123705370757880928e+01 4.412346879471525796e+01 3.321915489464507942e+01 3.910284773633289035e+01 2.864445225139236229e+01 4.842970561865783452e+01 6.008792555653431577e+01 5.541270558245089006e+01 6.803248607157897254e+01 7.022022125977116502e+01 7.850211588484638980e+01 8.280399165148358520e+01 7.447559532291182904e+01 7.706892548901613793e+01 8.538857793692777420e+01 8.555409761215656772e+01 7.724175701401684080e+01 7.050527384348902160e+01 5.786485624939972894e+01 7.736243244402375296e+01 6.924124425788598103e+01 4.904100864223483569e+01 5.356163362461213495e+01 6.369100004311319196e+01 7.789914794831388178e+01 9.784297763123298353e+01 9.423302133084645504e+01 8.594647711972339721e+01 7.743502721960412316e+01 9.158278577529928555e+01 8.151612131129338934e+01 7.323512648813260739e+01 5.762502704858874836e+01 3.762326499892901666e+01
3.582433992925927735e-02 1.003582119429347230e+01 2.417718994773128927e+01 4.415164475746303197e+01 5.595561319059856942e+01 5.602790927054438441e+01 5.670589110774977826e+01 4.258485271715323250e+01 4.258485271715323961e+01 6.254042876354608183e+01 7.540943008113629276e+01 7.416234210910415925e+01 6.586963359140879959e+01 7.416234210910415925e+01 7.122413521703543893e+01 5.446444529019644420e+01 5.705969249714318181e+01 7.706892548901613793e+01 8.422432950859099776e+01 9.252470942191276038e+01 8.637957975761436558e+01 7.806868375939653504e+01 7.806868375939654925e+01 7.531434700200799170e+01 5.517214388647747114e+01 6.785247021644505594e+01 8.199477846799608471e+01 9.200544729759097606e+01 1.000950623801760031e+02 8.008594121645192843e+01 6.592937611389406527e+01 6.327718991921583580e+01 7.890522168517603063e+01 7.373632625448024669e+01 6.901825523447179478e+01 6.591024134526672640e+01 5.762503197584344861e+01
8.338298177320474514e-02 2.008338298177284997e+01 3.018211049870342322e+01 3.595561319059927285e+01 3.595561319059927996e+01 5.179917389824529295e+01 6.334617928203739723e+01 6.254042876354608183e+01 6.254042876354608183e+01 7.082692949834643059e+01 7.074462455988631859e+01 6.245255689826523593e+01 4.586769862781174822e+01 6.415867497066534497e+01 6.292026115412118514e+01 4.291726163871624777e+01 6.292026115412118514e+01 7.267286315493591076e+01 6.421660288213811896e+01 7.714914303643858773e+01 8.544575913353595809e+01 9.700391530910441418e+01 9.815619741364835704e+01 8.200209524319546972e+01 6.193885051963316357e+01 8.200209524319546972e+01 9.613708671954684348e+01 9.116476384212103312e+01 8.293592972135911623e+01 8.995031203907034012e+01 7.328655085330993302e+01 5.326566131915304680e+01 5.888617054606774559e+01 5.371918073344671996e+01 4.900505686423679919e+01 6.315616934920072367e+01 6.081998175790455008e+01
1.813270376062421294e-02 5.018132703760602276e+00 1.018211049870377849e+01 1.595561319059998695e+01 2.351490265078439990e+01 3.506190803457650418e+01 5.506190803457579364e+01 7.346923118296443533e+01 6.517677346398734528e+01 7.346923118296443533e+01 6.245255689826522882e+01 4.245065647969426692e+01 3.586787457026965598e+01 5.586866610961016733e+01 5.688890658231672859e+01 3.688724028876112726e+01 5.487652998913339530e+01 5.266931031066243207e+01 5.266931031066243207e+01 5.714533909548231350e+01 6.869233031156331037e+01 8.870136405366602617e+01 1.028350206180346760e+02 9.026340266114162603e+01 7.202384073972785927e+01 9.026340266114162603e+01 9.658839079352650003e+01 7.728089518549670345e+01 6.380304502392692712e+01 7.192050012531291259e+01 6.757647178744231553e+01 6.474961487179230346e+01 4.473578616873011526e+01 3.957680907220633770e+01 3.486840362426845275e+01 4.883704396508358059e+01 4.483828144000559490e+01
2.351309638313057310e-02 2.002351309638277499e+01 3.018211049870342322e+01 3.595561319059927285e+01 4.351490265078368935e+01 5.179917389824529295e+01 5.016567920181476836e+01 5.845486727428873053e+01 4.517456512096676846e+01 5.989856399675841914e+01 4.870284968456847707e+01 4.041550994883787951e+01 2.830887671318495080e+01 4.482969087850553080e+01 4.717053715202099795e+01 3.134056599778460850e+01 3.487588461084425973e+01 3.852711116427482807e+01 4.559807936181594101e+01 6.559994144631103552e+01 7.818797504799397302e+01 7.451537995208664711e+01 9.452914925662882695e+01 1.002389503187742150e+02 9.198034974666289543e+01 1.002389503187742150e+02 9.367683301527758033e+01 7.365666230452336549e+01 5.948948993764919635e+01 5.240879917550157074e+01 4.755709817619776203e+01 6.108132931271473609e+01 5.715743196792256242e+01 5.377677087525117372e+01 4.883704396508358059e+01 2.884382151936495475e+01 2.484531555583293638e+01
2.372884694381488524e-02 1.416586447677423521e+01 3.416586580406821128e+01 3.554860648281606217e+01 4.382885015925702277e+01 3.602260845575204939e+01 3.016435719000361715e+01 5.016567920181476126e+01 3.517473834277923572e+01 4.252596987776054505e+01 3.160857087919792008e+01 2.041549774825394792e+01 2.253548989882934350e+01 2.482963638548189422e+01 2.717043258526897986e+01 3.125276604959662308e+01 5.125289372492696316e+01 5.852821529092669550e+01 4.608631798351885323e+01 5.186002777773971673e+01 5.818480974273963824e+01 6.973144330499614796e+01 8.973981223719015077e+01 1.069431162949651224e+02 9.861617733462578883e+01 1.069431164466703876e+02 9.368392698555267373e+01 7.365837279887402644e+01 7.952372182313349924e+01 7.243307109280227962e+01 6.108132931271473609e+01 4.107330018228496726e+01 3.715717122405786910e+01 3.378117837953364244e+01 3.053977513966620450e+01 2.733886496094298124e+01 2.461781953353743546e+01
6.296921807001566729e-02 2.006296921806940148e+01 2.268846102547959021e+01 1.554836764751892098e+01 2.533179713919684062e+01 1.602219188726961363e+01 3.602260877456140520e+01 4.154299104691563826e+01 3.325793248640150068e+01 2.252589293640411938e+01 1.746666042003869634e+01 2.094820924094225489e+01 4.094821145911735982e+01 4.482969087851142831e+01 4.717053715204967546e+01 5.068852422202479602e+01 3.742462453964125046e+01 5.744643444528924903e+01 6.608822586286474632e+01 7.186241877022821711e+01 7.818797504799397302e+01 8.648466845619614674e+01 9.804268436360287353e+01 9.684578140037982052e+01 7.838354499481629034e+01 9.684578286587129980e+01 1.019693426261817137e+02 9.368392698555267373e+01 8.939052217083110463e+01 6.937497528235127220e+01 5.521769564552282361e+01 4.869761666249296184e+01 5.715743196792256242e+01 5.377677087524553912e+01 3.517682627779979043e+01 4.733157006030851477e+01 4.461090776587632689e+01
8.175220331382776484e-02 1.383641313122067507e+00 2.688297459228954356e+00 4.001361787826185790e+00 5.331741998301669838e+00 2.533193734198401614e+01 3.554694396744151419e+01 3.122737253087421294e+01 1.325794519972916241e+01 1.496666051398465491e+01 3.496665137810003898e+01 4.094821145911735982e+01 2.611211934693483983e+01 4.611221375666956845e+01 5.994823047051000486e+01 6.517573726689849423e+01 5.098318588893284442e+01 4.449591709476553092e+01 5.205589498292813744e+01 6.022155905305307755e+01 7.437672046237182144e+01 9.443050775160415355e+01 1.001901777136876888e+02 8.849986116214770959e+01 6.810007121976560995e+01 8.849986116423703209e+01 1.038880131306453336e+02 9.940700963937455015e+01 9.102903873327589679e+01 8.352592007474976299e+01 6.871375458645148626e+01 6.285064730730247362e+01 7.700322851743962360e+01 6.095134084272169872e+01 4.094435415886879781e+01 6.095134084272169872e+01 5.726108382002951913e+01
7.631710034972485901e-02 2.006706914155329713e+01 2.268794243411773337e+01 1.814389608661964459e+01 2.533193734198696134e+01 7.260713286983325965e+00 2.726093293591851818e+01 1.122725286968234037e+01 3.122767808092743991e+01 1.710691617693547784e+01 3.700858036187509725e+01 5.440025975640445921e+01 4.611221375666956845e+01 3.165893350891846225e+01 4.580079420657446576e+01 6.580306692420977299e+01 6.933391181213531240e+01 5.864045050412515536e+01 5.604461027007839391e+01 7.606833801082453306e+01 7.657000216806069659e+01 9.662595873530626989e+01 9.184323322181847971e+01 7.146742806742341259e+01 6.116576593891601732e+01 7.520645798022808037e+01 9.511266597535488643e+01 8.766855238960449981e+01 7.065377900996385563e+01 8.766855238960449981e+01 8.872911644397291298e+01 8.286854769747380089e+01 7.729481374517199299e+01 5.727822912717754633e+01 4.988619463263214016e+01 6.924119742369190078e+01 7.727334698087538811e+01
9.124702163186203252e-02 2.008938322265419174e+01 3.643123951533186045e+01 3.816107865444107716e+01 3.529724038032682643e+01 2.116886801746327151e+01 9.217177239161465252e+00 2.921756082075629024e+01 3.941142227003592069e+01 1.988033898240780672e+01 3.394644904703781663e+01 5.380679695320702649e+01 5.994825623227964684e+01 4.320564913184852429e+01 3.832534285972924692e+01 5.832631493977611115e+01 7.392197592380912852e+01 7.866480052398614475e+01 6.759753794726361775e+01 8.437427371789526376e+01 9.662595873530626989e+01 1.010797515369556407e+02 8.081340707182583571e+01 6.629765840401378796e+01 5.458303104998385180e+01 6.629765840401378796e+01 8.674928193579997071e+01 7.926537704721312139e+01 5.871774446719428653e+01 7.926537704721312139e+01 9.434712175768356701e+01 9.071212377285810646e+01 8.558291607351046082e+01 6.990323217192759842e+01 6.990323217192759842e+01 7.819240806032796343e+01 7.948434399866791011e+01
8.187870513261463756e-02 8.246844540997010142e+00 2.238930394915801969e+01 4.240609559749896107e+01 4.762086111620954654e+01 2.895571392466068161e+01 1.677647898126157955e+01 3.677708777702154919e+01 4.260174066186373665e+01 2.273719540350466062e+01 3.678478407668980310e+01 5.664511614153053642e+01 7.149894652435698106e+01 6.320725920828187583e+01 5.832631493977611115e+01 4.562822202583628695e+01 6.562989225442940722e+01 8.335478085217394550e+01 8.763966608802743963e+01 9.594850930953069224e+01 1.014535100645013017e+02 9.317067772226353384e+01 8.453235057327360380e+01 6.405206427012534220e+01 4.942001612920847009e+01 7.005060124767551599e+01 7.179331007873668113e+01 7.200069187988260921e+01 5.140461681750730349e+01 6.548764107419259517e+01 7.789414035875532250e+01 7.044511358090552733e+01 8.469742538588465663e+01 8.991776523900601603e+01 8.704607729438352237e+01 7.552380629346792773e+01 6.725172647505846157e+01
2.239863785106879432e-02 2.002239863785071350e+01 2.824820149921215418e+01 4.825641043074990222e+01 5.626641595752325742e+01 4.506429617706829305e+01 3.091884427185445716e+01 3.677709190106014603e+01 4.555961501312386730e+01 2.571759065817042256e+01 4.555961501312386730e+01 5.831961025838064216e+01 6.944352189098073325e+01 7.776298145598246947e+01 7.392197592380912852e+01 5.977047128051849256e+01 5.505636606707948033e+01 6.919868170739650282e+01 8.920850877918771005e+01 1.006899302811397234e+02 8.993210431122369641e+01 7.323194484940468385e+01 8.051583552046227510e+01 5.999386428252826420e+01 4.541477375175350062e+01 6.059745456624393256e+01 5.125694997921666385e+01 5.774094882775802517e+01 4.492857692918642698e+01 6.544989616608319238e+01 5.743844145615880592e+01 5.590321206529802112e+01 7.638118343175143821e+01 9.030556303820080188e+01 7.876641059784391530e+01 5.882239266407281519e+01 4.734331132264481568e+01
1.991760116496149591e-02 1.416205322489603624e+01 3.416205322489673790e+01 4.614932441731610169e+01 4.833738201431516046e+01 5.662461127860910182e+01 5.092015829184242648e+01 5.677982464446049704e+01 5.382280123822759066e+01 3.974122599207308326e+01 3.023704692972043873e+01 5.004530131954163608e+01 4.949147813926675354e+01 6.944352189098073325e+01 8.257481627242904665e+01 7.977578583729858508e+01 6.919868170739650282e+01 7.138713024159822851e+01 9.139925940693760253e+01 8.657997531205893438e+01 7.246983749671863961e+01 6.174640292543581666e+01 8.101898987818364617e+01 7.247459497924242555e+01 5.190278433517954682e+01 4.009742470735186970e+01 3.684089904831743212e+01 3.727708088544678589e+01 5.771490728676059945e+01 5.561446446509607000e+01 4.292978669958605309e+01 5.127896039756010538e+01 6.159949321514667986e+01 8.202570686994226890e+01 8.135893239791177223e+01 6.140833045462252215e+01 6.725172647505846157e+01
1.766589122093755945e-02 2.001766589122058093e+01 2.783623472729615145e+01 2.614866495296176296e+01 2.833649050550864601e+01 4.380344162825366539e+01 5.087079595958775258e+01 5.914220519582453051e+01 6.790437646502199698e+01 5.704869077056979165e+01 3.724011408211766394e+01 3.554194707873084980e+01 4.434205648535022704e+01 5.420945332061850053e+01 6.835433391691694283e+01 8.847853350043185117e+01 8.920850877918771005e+01 9.139925940693760253e+01 8.973139457497229898e+01 7.830992562341894825e+01 5.839513730344869202e+01 5.284416919447742345e+01 7.275384070368777145e+01 8.088962115375940698e+01 6.905579461684810383e+01 5.190278433517954682e+01 5.275989165837066963e+01 3.241773586401173191e+01 4.907434456241869469e+01 3.529637360895268472e+01 4.968323927658753547e+01 7.016260755958064976e+01 8.015643472165275796e+01 9.030556303820080188e+01 8.963928213231339726e+01 8.135893239791177223e+01 7.323986673057677876e+01
6.490672536223988931e-02 3.913908519959737209e+00 7.836231222723401224e+00 1.200651950386493283e+01 1.778002216842396521e+01 2.381024838042738168e+01 3.088129926864998609e+01 4.242706371322436354e+01 6.240514871087399484e+01 6.534610898239911592e+01 4.603955060936071675e+01 5.533529645561310417e+01 4.229240331265994257e+01 6.214451437375137743e+01 6.629172045391594281e+01 8.052135974655448081e+01 1.006303393429577397e+02 9.556373932508421376e+01 7.561633528803048421e+01 6.153968518242071895e+01 6.571470865264845429e+01 4.579614636011071127e+01 6.571470916834785214e+01 7.435114258309404534e+01 8.088962129566618842e+01 7.247459497940617723e+01 6.122357224411582166e+01 4.907434456241869469e+01 2.879755912519612693e+01 4.907433955145188520e+01 6.409576007692056976e+01 5.852654909895852597e+01 6.577258052823756884e+01 7.418595098921370834e+01 8.439206867684103486e+01 7.931107106993057698e+01 5.880285355498079980e+01
