MOVIE_S12_data/elevation_000504.asc
nrows	50
cellsize	150.0
xllcorner	0
ncols	50
yllcorner	0
NODATA_value	-9999
[rows 0 to 16 of 50, columns 0 to 36 of 50]
8.271705653423140625e-02 2.127631151761726416e-02 9.425194436011796739e-02 4.939197167322698090e-02 3.975871534419905817e-02 6.171646774684565184e-02 1.696294146011132625e-02 1.936121709489252440e-02 4.216450047424835645e-02 2.297044857093000214e-02 6.704298068806634203e-02 4.162315340452049650e-02 3.835349583220235004e-02 2.777463300387698203e-02 2.207885817162396139e-02 7.161913568127860341e-02 9.025521335945362045e-02 3.502399586135773735e-02 8.040414306008919487e-02 3.131346976591601466e-02 7.604099264847130613e-02 2.387740603804927586e-02 5.687112022313325910e-02 4.074439634684711570e-02 8.709178300582484655e-02 7.612946965408906586e-02 1.077918208624280109e-02 9.929772718869623455e-03 4.600412614040166881e-02 2.152795518990661267e-02 2.378824418737431057e-02 9.511189423522797837e-02 9.406546861214974686e-02 1.749038473908382007e-03 2.223905489293687143e-03 6.269637160239108220e-02 9.476101746191394060e-02
7.639902522890137937e-02 2.002127631151726206e+01 2.009425194435976181e+01 1.419152759540430253e+01 2.003975871534384368e+01 8.226682277024178092e+00 2.001696294145975585e+01 2.001936117972848805e+01 2.004216444541217612e+01 2.413427667239722130e+00 2.006704298061984915e+01 2.004162315340416356e+01 2.003835349583184566e+01 1.157478001679629287e+01 2.002207885817126964e+01 3.851263865773559392e+00 2.009025521335909659e+01 2.003502399586100324e+01 6.110631034615387591e+00 2.003131346976556060e+01 1.421817661637954622e+01 2.002387740603769473e+01 1.160387635855416022e+01 2.004074439634649352e+01 2.008709178300546938e+01 1.348698995605646100e+00 2.001073648755173195e+01 1.415206564739341388e+01 2.004600412613878291e+01 6.688194621856601962e+00 2.002378824418702052e+01 2.009457541354380439e+01 2.009406546861179521e+01 2.053705742644212240e+00 6.668890572504999170e+00 2.006269637160203700e+01 2.009476101746155763e+01
7.813061968023242432e-02 2.007813061967987878e+01 3.828606687686079368e+01 3.419152759540500597e+01 3.651095477215271501e+01 1.977368766081689699e+01 3.651094985519212344e+01 2.900465243339136379e+01 8.989285928539555215e+00 5.039556324434184553e+00 2.503955632499022599e+01 3.713767800013101095e+01 3.985905126425718947e+01 3.157478001679593760e+01 2.184240128410228365e+01 7.700265660371081289e+00 2.770026566037143567e+01 3.243518635495290425e+01 1.243518635495220082e+01 3.243518635495290425e+01 3.421817661638024788e+01 3.987271454278847926e+01 3.160341737432145237e+01 3.273425992445834964e+01 2.262385347749863129e+01 2.623852421732325357e+00 2.262384149062481953e+01 3.415216659082194184e+01 3.375931091045030286e+01 1.375926243372217783e+01 3.375931103983742787e+01 3.825477611079958962e+01 1.825864929869153386e+01 4.116548235161790359e+00 2.411653443351330850e+01 1.666889218263883166e+01 3.667058307805258721e+01
1.795629399984677299e-03 1.000179562939989708e+01 2.414393125313059585e+01 4.414393125312988531e+01 4.805796101670804887e+01 3.977368767289423346e+01 3.982459716275992889e+01 1.818470780376568285e+01 2.900465249407085722e+01 2.503955632495750550e+01 8.853406681416586821e+00 2.299554230514784692e+01 4.299554230786225872e+01 5.012667253156518399e+01 3.598453690783398429e+01 2.184240128410177917e+01 1.402482098070789540e+01 3.402482098070859706e+01 2.657732197868340407e+01 2.508429699562594095e+01 4.508429699562664439e+01 4.618675865713726125e+01 3.463563309114502431e+01 2.444961748448726979e+01 4.449594280082886932e+00 2.262380641887597577e+01 2.262384977932890706e+01 4.262381910485847669e+01 4.204477052128692094e+01 2.530626785392749056e+01 4.204477202252020618e+01 3.822725068846806096e+01 2.622417681420284197e+01 6.224733341940701159e+00 2.621606790862660574e+01 3.666904365210532291e+01 2.931810134485504449e+01
2.526786264046545702e-02 2.002526786264010994e+01 3.140533968813878474e+01 3.807200635480591444e+01 4.635627760226811489e+01 5.635627760226829253e+01 4.837946827649258807e+01 2.798084234119491853e+01 4.320046619358490148e+01 2.320097209046125997e+01 1.165396684947262962e+01 3.165397056813210597e+01 4.469749395317701612e+01 5.619625711909763766e+01 5.012667253156225655e+01 3.873886618861899933e+01 1.873886618861829589e+01 3.873886618861899933e+01 4.657732197868411106e+01 3.922643261935738934e+01 5.336856824308884484e+01 3.789599613556464419e+01 1.789491599139344657e+01 6.347910271587892339e+00 2.444927447317921576e+01 1.200888374026757610e+01 3.200885981933444668e+01 4.882012546323438329e+01 5.359367152425548397e+01 4.530645940602213528e+01 4.410888391734263791e+01 2.408127972300818698e+01 9.938640105481706399e+00 9.938640105481706399e+00 2.148564842596607960e+01 4.148594150345592624e+01 4.346131535809024626e+01
8.483503398980346555e-02 5.631836996242118865e+00 1.140533968813842769e+01 1.807200635480521100e+01 2.807200635480538864e+01 4.807200635480609208e+01 5.781332883522804877e+01 4.069760681223296928e+01 5.147932929949894998e+01 3.768413473367017730e+01 1.768419374102800745e+01 1.643488128681028826e+01 2.798179533356615778e+01 4.796333070141447052e+01 5.873886618861970987e+01 3.873886618861900644e+01 2.506342150895516596e+01 3.506879780717339656e+01 5.506879780717410000e+01 5.922643261935809278e+01 5.062070449947349005e+01 4.237519912063073946e+01 2.770575699345475584e+01 7.705598738192159125e+00 2.770524198713193087e+01 3.200878691603372772e+01 2.053691239449570816e+01 3.467904716365965356e+01 5.467881068263810818e+01 6.190190840172633813e+01 4.679243042140010544e+01 2.680225707611062802e+01 1.266029537524076964e+01 1.393864010548167265e+01 3.393805856613321481e+01 4.976917307816795244e+01 6.347242546982392497e+01
4.163169627051844027e-03 2.000416316962669683e+01 3.140533968813878474e+01 3.807200635480591444e+01 4.635627760226811489e+01 5.635627760226829253e+01 6.962143034695786525e+01 6.130282348109310675e+01 5.768434073884576918e+01 3.768420863542328902e+01 2.524348320121860567e+01 3.643488617364724291e+01 2.168713860119783021e+01 4.168700996174519702e+01 5.997052679741565129e+01 5.262271096914067670e+01 3.262271096913997326e+01 4.506342150895587650e+01 6.335306905463630045e+01 5.388887529125436515e+01 3.395118552684520097e+01 2.240566607536686305e+01 1.484627639633550089e+01 9.072770592241496956e+00 2.907271292617116032e+01 3.935819270471171194e+01 4.053686473074466790e+01 3.208391774928945495e+01 5.208380627844797317e+01 5.362459011020387578e+01 3.362581960774357981e+01 2.362582133476433199e+01 1.546085554329676626e+01 1.810892838662309501e+01 3.810819364259387498e+01 5.270904593315948716e+01 6.425004808461316941e+01
2.434392073152260791e-02 8.189309730008854871e+00 1.818930973000903251e+01 3.233144535374048445e+01 5.233144535374118789e+01 6.126892748544594980e+01 6.954435373409147303e+01 7.203493706082180381e+01 5.203473513014258600e+01 3.789259403880143395e+01 4.524350714581434829e+01 4.627528634105767225e+01 2.627545327859986557e+01 3.168713817620285056e+01 5.168688174728750084e+01 6.090698221660287714e+01 4.416971635293289467e+01 6.090698221660287714e+01 7.334769275642464947e+01 6.212097144211443833e+01 5.062070449947349005e+01 3.129023420920353971e+01 3.484734247624656689e+01 2.907284486337589158e+01 1.107778942070982175e+01 2.262477291832344051e+01 4.262429259173016050e+01 4.363092264503814732e+01 6.036640216597935193e+01 6.190190840172635944e+01 5.190480133589725398e+01 3.847556232343001170e+01 1.847596898907434948e+01 3.810819364259387498e+01 2.443348370652947921e+01 3.598048169318879275e+01 5.597795679573604133e+01
5.883922493566802470e-02 2.005883922493531202e+01 3.647358097747175520e+01 4.647358097747193284e+01 4.864091796789283251e+01 4.130229129056996129e+01 5.542128847159248295e+01 7.538637690055307417e+01 6.617733735949269658e+01 5.789265865053825166e+01 5.696554613779052545e+01 3.696590137030158729e+01 3.260000859681870367e+01 5.168688174728750084e+01 4.582923162765707303e+01 6.582850010973544386e+01 6.416971635293431575e+01 7.245398760039680042e+01 6.838060323583191291e+01 6.036061740201925829e+01 6.033145145085965311e+01 5.201366869395293691e+01 4.681824824191764378e+01 2.666708984693831042e+01 1.251370573794528696e+01 3.251325196402394369e+01 5.090774618456020306e+01 6.363066005691947424e+01 7.191217515558825824e+01 6.205135253545148544e+01 4.205329716344400026e+01 3.050630773567115384e+01 2.156203598831613633e+01 4.156157295503190596e+01 3.857555871351256371e+01 3.227812904078908929e+01 4.382511157650407796e+01
2.016265153036126551e-02 1.416229827526143659e+01 3.416229827526213825e+01 4.522643407536342153e+01 2.866300155050609177e+01 4.480034300797203883e+01 5.146872626199012046e+01 5.975939649522962327e+01 6.976598544655594480e+01 7.110699555738247568e+01 5.110796599658232253e+01 5.696554613779052545e+01 4.076497410204031979e+01 4.892985532601755239e+01 6.582850010973521648e+01 7.411182196666405275e+01 7.985240201443617991e+01 7.165081272344387742e+01 5.720752019090951279e+01 4.063302221222728150e+01 4.593738399594695920e+01 4.299198887070056685e+01 4.012772403133855903e+01 3.386741048471121474e+01 1.396465823816529905e+01 2.810671567979801111e+01 4.810976757869976694e+01 5.996430547312152015e+01 6.827102382565463756e+01 7.032989971445036304e+01 5.878602506287589335e+01 4.494209578644199610e+01 2.494265300723014533e+01 4.494209578644199610e+01 5.857209694810143219e+01 4.642012869886359994e+01 4.296856744486758117e+01
1.256007409845548775e-02 2.001256007409810067e+01 2.725196278636954972e+01 2.524504633543876864e+01 2.110494329651705669e+01 2.479725726451730949e+01 3.146357649993580807e+01 4.146307783043900486e+01 6.147437469354116502e+01 7.939019295127654630e+01 7.110699555738247568e+01 6.904801167072035639e+01 5.076496414677624358e+01 6.892898749707340755e+01 7.721225040760899105e+01 7.476206435375623016e+01 5.970724989028521890e+01 5.970724989001411132e+01 4.324815070367478853e+01 2.935437240684473537e+01 2.626432127117694648e+01 2.324887989113961595e+01 2.046040773882753427e+01 1.774267359785341114e+01 1.571877427677934236e+01 3.571901159566962747e+01 4.579653370130839818e+01 3.993244699886862037e+01 5.996451513336141659e+01 7.062777191530344112e+01 5.063160579415722395e+01 3.648965307572922967e+01 2.886497570999279461e+01 4.886428254918751435e+01 6.444669304097283202e+01 6.641455692354686846e+01 5.451541678020145554e+01
1.283213977233468341e-02 3.604938180106316725e+00 7.256421891829182513e+00 1.110542360669544237e+01 1.626939753409274658e+01 3.627099858831748236e+01 5.146872626199012046e+01 5.975939649522962327e+01 6.976598544655594480e+01 7.656933137495248332e+01 7.921951197998660632e+01 7.904734239410483099e+01 7.076415994518316666e+01 7.904734239410483099e+01 8.069859944919350880e+01 6.056058060190357395e+01 4.620401014563132946e+01 3.956104670999019390e+01 3.417455614764585903e+01 4.913341288309652555e+01 4.600114423859876922e+01 3.123897553874635946e+01 4.022217638385170346e+01 3.755571748222511985e+01 3.571901159566964168e+01 1.822859749732998225e+01 2.578788521790926325e+01 4.580058812237987809e+01 5.596438663757685816e+01 7.281437281161076669e+01 5.281915673887169049e+01 5.553060264029291204e+01 3.553164236697662659e+01 3.616794310924927913e+01 5.616685131609851567e+01 7.444367675642138238e+01 7.450685704039777590e+01
9.594114293757748102e-02 2.009594114293722100e+01 2.725196278636954972e+01 3.109745930694495186e+01 3.597125207909969191e+01 4.437391682631736955e+01 5.771024381973094108e+01 6.601055858068272642e+01 7.070923408862658732e+01 5.656053715147081107e+01 5.921086777367560217e+01 7.335957292954705622e+01 8.054928672299746495e+01 8.883683064054470435e+01 8.069859944919359407e+01 6.056058060190357395e+01 6.645886976261222401e+01 5.294759603297597295e+01 3.873680098103705660e+01 5.886363988616520260e+01 5.939984629166019658e+01 4.260380714702653648e+01 5.939984629166019658e+01 5.465595276787458801e+01 4.151690049800103566e+01 2.151657724234998526e+01 2.135207273455952048e+01 2.767662447392539704e+01 4.767708535554161386e+01 6.665851647954232817e+01 7.281437281161076669e+01 6.308926056607973720e+01 4.309093144904056771e+01 4.616793685000074277e+01 4.616793685000074277e+01 6.030971425457393309e+01 8.030352480213788624e+01
3.950229235330715398e-03 1.414609032854041004e+01 3.414647066565245837e+01 3.788321022434942620e+01 4.593646574043521724e+01 4.355206534502468685e+01 3.769073664784803412e+01 5.771024381973094108e+01 6.070511803494468950e+01 4.241332088328354644e+01 4.506335156701120326e+01 6.507126397935518014e+01 6.054040071462300432e+01 7.728486149705665298e+01 8.896354810672652036e+01 8.069859944919359407e+01 8.143162453610071339e+01 6.427709254244959425e+01 4.402180742311212214e+01 6.427709254244959425e+01 7.098739924141997903e+01 6.268351015124034120e+01 5.982091270088865542e+01 4.636771663802660726e+01 2.636728932225030420e+01 4.151690049800103566e+01 2.372563604930116554e+01 4.372599657098151482e+01 3.836688103788729620e+01 4.991330686730173483e+01 6.991800236420179715e+01 7.136788978577489218e+01 5.309091194780455680e+01 5.771482617525688141e+01 6.616576578219624594e+01 6.249708223180847710e+01 8.248953560916412187e+01
7.711341127313005306e-02 2.007711341127277649e+01 2.410346231381065962e+01 1.774101535401891638e+01 3.285604708156098042e+01 2.354527111589531074e+01 4.355431454247983680e+01 5.659472871390015314e+01 5.241714908972298304e+01 3.241194055038079114e+01 5.241714908972298304e+01 6.833664073762189162e+01 4.898810289124129724e+01 6.833664073762189162e+01 7.988871381881844513e+01 9.120296665557974336e+01 7.117370088656343796e+01 5.685999181335696306e+01 5.309694641239974544e+01 7.258813963459880370e+01 7.703120877206397665e+01 6.547912035500854699e+01 5.153184492855263699e+01 3.153126206166680134e+01 4.636771663802660726e+01 4.613376297542374971e+01 2.613335310442593595e+01 4.613376297542374971e+01 5.836828603401006887e+01 6.665851647946594483e+01 7.821100223917792960e+01 8.136390088767052475e+01 6.723237051551303978e+01 7.770996397112355680e+01 8.598487645407556101e+01 8.248953560916412187e+01 8.168988082267486561e+01
9.541454368626212448e-03 2.050782906687945495e+00 4.102739610858262331e+00 6.187883751429018808e+00 1.285455264674166109e+01 3.170142901739311725e+01 2.830443320330419965e+01 3.670374562660970241e+01 3.930793980678308941e+01 2.686480462829142013e+01 4.617129162433752043e+01 5.151773173961304053e+01 4.004162756702957182e+01 5.159202929854588859e+01 7.160104086924350497e+01 8.777330332018999570e+01 8.531247851202486743e+01 7.704013700812069487e+01 6.483454417540626480e+01 8.160233498113049677e+01 6.873794404909338596e+01 4.873448668676222439e+01 3.718808208440918861e+01 5.153184492855263699e+01 5.982091270088865542e+01 4.859565033218703434e+01 2.859518289795476420e+01 4.859565033218703434e+01 5.908205270175156443e+01 6.737251276409537581e+01 7.632026651653923466e+01 8.787563767333935516e+01 8.722340578960441348e+01 8.828346325575813580e+01 7.999588175892078823e+01 7.583123539974189953e+01 6.168491273540924880e+01
2.297228869525369793e-03 2.000229722886917116e+01 2.410346231381065962e+01 2.618905834165276048e+01 9.390446827645073213e+00 1.169984790469809965e+01 1.416167772560614857e+01 1.670168027161506075e+01 1.930545851786961364e+01 2.268607585505540314e+01 2.616763088694644424e+01 3.151289656789301219e+01 5.151524477721562079e+01 6.534497890219090266e+01 5.948628029481089641e+01 7.363389379763042086e+01 9.362947829632940966e+01 9.317039945982649840e+01 8.491612939155048423e+01 7.800409573798147278e+01 5.799585021013403008e+01 4.385456837749467951e+01 5.718894255622831224e+01 6.547912035500854699e+01 5.312489586334321245e+01 3.312428914543119873e+01 4.859565033213306862e+01 3.449285119514699005e+01 3.908113819893620899e+01 4.802498472398655593e+01 5.957087455070546156e+01 7.957924894811874594e+01 8.902389169350745135e+01 7.902205622905404425e+01 5.999281951200740792e+01 6.366344982623154181e+01 4.752776200346225011e+01
