MOVIE_S12_data/elevation_000835.asc
nrows	50
cellsize	150.0
xllcorner	0
ncols	50
yllcorner	0
NODATA_value	-9999
[rows 0 to 16 of 50, columns 0 to 36 of 50]
8.271705653423140625e-02 2.127631151761726416e-02 9.425194436011796739e-02 4.939197167322698090e-02 3.975871534419905817e-02 6.171646774684565184e-02 1.696294146011132625e-02 1.936121709489252440e-02 4.216450047424835645e-02 2.297044857093000214e-02 6.704298068806634203e-02 4.162315340452049650e-02 3.835349583220235004e-02 2.777463300387698203e-02 2.207885817162396139e-02 7.161913568127860341e-02 9.025521335945362045e-02 3.502399586135773735e-02 8.040414306008919487e-02 3.131346976591601466e-02 7.604099264847130613e-02 2.387740603804927586e-02 5.687112022313325910e-02 4.074439634684711570e-02 8.709178300582484655e-02 7.612946965408906586e-02 1.077918208624280109e-02 9.929772718869623455e-03 4.600412614040166881e-02 2.152795518990661267e-02 2.378824418737431057e-02 9.511189423522797837e-02 9.406546861214974686e-02 1.749038473908382007e-03 2.223905489293687143e-03 6.269637160239108220e-02 9.476101746191394060e-02
7.639902522890137937e-02 2.002127631151726206e+01 2.009425194435976181e+01 1.419152759540430253e+01 2.003975871534384368e+01 7.132784279612290668e+00 2.001696294145975585e+01 2.001936121709453786e+01 5.387389338722712750e+00 2.002297044857057529e+01 1.006704298068797954e+01 2.004162315340416356e+01 2.003835349583184566e+01 2.306986162196630996e+00 2.002207830942601774e+01 2.007161913568092260e+01 1.009025521335954068e+01 2.003502399586100324e+01 2.008040414305973442e+01 8.196279278356760400e+00 2.007604099264811737e+01 2.002375755129125068e+01 1.356010725146396423e+00 1.986602018856417118e+01 2.008709095416671531e+01 1.408743524769023736e+01 1.776845294195647895e+01 2.000992977271851458e+01 4.730804063342051613e+00 2.002152795518955131e+01 2.002378824418702052e+01 1.163939472156619637e+01 2.009406546861179521e+01 2.001749038473904285e+00 2.000222390548893969e+01 1.160970175539480564e+01 2.009476101746155763e+01
7.813061968023242432e-02 1.422026624341105716e+01 3.422026624341034307e+01 3.419152759540500597e+01 3.469207373979605791e+01 1.469207373979677023e+01 3.391541799294634529e+01 1.391541799294705584e+01 2.538738933872306802e+01 3.367166058618561664e+01 2.161404836448028988e+01 2.581540299045653342e+01 5.815218239424732261e+00 2.230666165073880691e+01 1.125125807218799423e+01 3.125124682499535567e+01 3.009025521335989595e+01 3.009025521335989595e+01 3.646656435760178283e+01 1.974328148101494662e+01 3.646656435760178283e+01 2.266430843386450888e+01 2.657899834954637441e+00 1.082286634604523634e+01 3.080659030807349907e+01 3.346018087756448267e+01 3.764103177760821950e+01 2.276159827278592829e+01 9.632655832802342388e+00 2.981439862289932563e+01 3.910821409644825764e+01 3.155169797870931347e+01 2.384922449848711423e+01 4.011824668992320042e+00 2.401182072252498756e+01 3.160970175539445037e+01 3.989397300285570225e+01
1.795629399984677299e-03 1.154880101319239927e+01 2.569093663692309804e+01 4.569093663692238749e+01 4.297634498725766150e+01 2.469207373979659437e+01 4.058208465961289590e+01 2.058208465961360645e+01 4.058208465961289590e+01 4.989831961145027606e+01 4.161404836447957933e+01 2.833497251161660202e+01 8.334981392819559076e+00 2.833490219029469515e+01 3.125124682499535567e+01 2.194170774606611829e+01 4.194168358899430871e+01 5.009025521336059938e+01 4.798929848573300916e+01 3.973777400598670795e+01 4.210050796728216937e+01 2.398895675306122044e+01 3.982432192019683903e+00 2.398821021760541683e+01 2.496359943958695737e+01 4.493894835719335390e+01 4.410028652106042557e+01 2.441579821903018299e+01 1.976034218460991099e+01 2.131869250900592405e+01 4.146945173085202185e+01 4.060753318648911403e+01 2.022964635015996748e+01 6.053066121311643677e+00 2.605337494106535345e+01 4.162127957684383972e+01 5.006299022641206165e+01
2.526786264046545702e-02 2.002526786264010994e+01 3.652675411315156140e+01 4.650871910383354191e+01 5.297634498725749097e+01 3.883420936352704445e+01 4.886635590707449950e+01 3.058208465961342881e+01 4.886635590707449950e+01 5.142894259222232733e+01 3.142899206324571537e+01 1.988198677143044435e+01 2.833497251161660202e+01 1.222012484224858220e+01 3.222011352536490136e+01 3.348871304577961183e+01 4.194168358899431581e+01 6.194146428957594708e+01 5.020272873558645443e+01 3.035600447805938629e+01 2.220173302167130558e+01 2.532272330722325293e+01 5.315765525353022269e+00 2.532268090419350415e+01 4.493887263375988539e+01 5.317172918249300295e+01 5.269260683170448800e+01 4.454933802462393544e+01 3.137016932798056601e+01 3.291639470168578185e+01 4.943757770286705977e+01 4.229025002284754464e+01 2.230614146418378141e+01 8.143781462943369576e+00 1.486274609451343665e+01 2.144739391436738529e+01 3.577230211035163876e+01
8.483503398980346555e-02 8.249800803937455740e+00 1.824979503153445748e+01 3.239133355739104303e+01 5.237648322390142397e+01 5.883420936352633390e+01 5.886635590707432186e+01 5.058208465961271827e+01 5.886635590707432186e+01 5.971281066087583866e+01 4.816599007060331417e+01 3.988196577053853531e+01 3.502067164376714459e+01 1.502068501030457881e+01 3.502067164376714459e+01 5.348865608846704589e+01 6.177232642174930533e+01 6.419148929902502232e+01 4.440839438942035144e+01 4.367005780510105950e+01 2.374524930374927223e+01 1.220507544731309046e+01 6.658077635781076253e+00 2.666618975436334438e+01 3.694686417996259564e+01 4.717182367430259404e+01 5.545320350759460126e+01 5.849243737293810597e+01 5.039438633561456271e+01 4.680757346090442184e+01 5.297534097553503329e+01 3.298536700342697969e+01 1.885807951773664826e+01 2.815935149989069330e+01 1.144372124688076653e+01 3.137074401133397927e+01 4.171024955164877923e+01
4.163169627051844027e-03 1.414629879335812745e+01 3.414629879335883089e+01 4.322164830299013261e+01 5.145797503622073066e+01 5.175743001381916741e+01 6.004341354931997898e+01 5.935180357581529620e+01 6.763861575369200807e+01 7.021436077981582002e+01 5.021453536181585520e+01 3.607240215967487984e+01 2.607240216551503309e+01 1.790743635625265640e+01 3.790742050701160792e+01 5.155579803568056008e+01 6.297705204243044363e+01 7.239300848246242026e+01 6.419148929902502232e+01 5.207961459407262339e+01 4.039601385671384293e+01 2.297077176815504984e+01 2.666619074706012427e+01 8.643244303723031763e+00 2.865255120452708582e+01 2.714686580551491701e+01 4.269019526607615944e+01 5.003705454394794572e+01 5.856341760647985240e+01 6.603025246454684805e+01 5.297534100045935190e+01 3.298536700343252193e+01 3.534692586468996467e+01 1.546602149134023563e+01 1.582687428742394253e+01 2.986535044137075801e+01 4.981846472628717493e+01
2.434392073152260791e-02 1.416647954446259838e+01 3.416647954446330004e+01 2.328282914603151710e+01 3.585869865697655001e+01 3.177069401495514711e+01 4.521178605099243697e+01 3.935479740703731011e+01 5.935180357581529620e+01 7.171057554124729450e+01 6.435615567342949817e+01 5.435633871993717037e+01 4.309103408663256829e+01 2.307151882101276996e+01 2.356231778669783949e+01 3.500080750315693479e+01 5.469726961112783670e+01 6.786219897725887051e+01 7.305453977488100747e+01 6.476357016521144772e+01 5.114340044474534608e+01 4.289035161034989585e+01 3.230452452516200168e+01 1.229472803653753665e+01 1.081254888191617169e+01 1.658606663903833223e+01 2.261649589786498638e+01 2.969271757482198382e+01 4.402205397416473431e+01 6.472107817589528622e+01 6.125958994277149117e+01 5.297534100045935190e+01 3.821751644346069554e+01 1.832948498972231022e+01 3.570948256572287249e+01 2.261990828331959591e+01 3.409952344506429256e+01
5.883922493566802470e-02 2.005883922493531202e+01 2.630342385591043808e+01 1.183375990183875359e+01 1.595614435576160339e+01 2.027288362292762613e+01 2.523697127068294321e+01 3.188339556138925701e+01 4.342286676117190325e+01 6.342315054342910940e+01 6.725548411286165162e+01 4.724219014511216130e+01 3.307811993888026336e+01 3.201970408822514003e+01 4.332551191100757393e+01 3.002899805761272489e+01 3.986787959729885245e+01 5.955470253224562782e+01 6.476357016521144772e+01 4.473347640750157694e+01 5.060015504133244946e+01 3.774866841641519244e+01 1.773804318961645521e+01 3.230449592960921024e+01 1.242419480998475123e+01 3.243506866872871086e+01 4.269225408929145971e+01 5.003705454526345875e+01 5.008464795431117267e+01 7.083040755361493268e+01 6.163041992564437521e+01 4.163429406341740702e+01 3.011326210586532071e+01 2.123938114946672329e+01 4.115372730468649110e+01 4.254306460563478254e+01 3.072552102575600941e+01
2.016265153036126551e-02 3.106229650772205808e+00 6.434299109033461583e+00 1.392807090465754882e+01 2.279540034118436509e+01 4.021808237119646634e+01 4.521178605099243697e+01 5.187598132899160674e+01 4.601783700409013989e+01 6.601879280850774023e+01 6.725548411286163741e+01 4.724219014511216130e+01 5.310394823438616640e+01 4.203025947819573105e+01 5.495894379021086706e+01 3.532401360867383744e+01 5.495894379021086706e+01 6.786213287160879304e+01 6.476357016521144772e+01 4.473347640750157694e+01 3.058306353138352307e+01 2.351159253916382497e+01 3.774866841357224700e+01 3.405980696886958725e+01 1.404640902135714597e+01 3.385711130975411010e+01 4.653225973314894048e+01 5.371881810370886257e+01 6.209900547253898395e+01 7.219621925769953918e+01 6.991545941402628728e+01 5.836972200731438676e+01 4.434774940935503196e+01 2.440110652341566677e+01 3.589911473893525340e+01 5.588855060171394484e+01 3.777254274848312576e+01
1.256007409845548775e-02 2.001256007409810067e+01 1.091397570839658471e+01 2.395014990672399691e+01 4.209946376011117763e+01 3.689006992775335192e+01 5.102051710427009823e+01 7.102058019518250376e+01 6.601879280850774023e+01 7.430649829519856553e+01 7.553473629145236146e+01 6.725548411286163741e+01 6.203976462782505052e+01 6.203976462782504342e+01 6.151433222333442075e+01 4.184818873419564511e+01 5.495881148530624216e+01 7.488427714653946055e+01 6.522814284664995910e+01 4.522039658416054664e+01 3.107138732201467946e+01 4.352304446817410621e+01 3.657056268115423592e+01 1.655603879736865380e+01 3.405981080750445500e+01 2.023451887095548329e+01 2.657156108119762195e+01 3.363906865089810339e+01 4.363834968970004979e+01 6.379933307880965287e+01 6.931906714396970415e+01 4.931735755976280444e+01 3.777508087928328706e+01 2.780014647698506991e+01 4.777295048732246130e+01 6.416947137197806228e+01 5.190590850748881024e+01
1.283213977233468341e-02 2.001283213977198017e+01 3.332071064941291638e+01 4.260800014465719698e+01 5.385332215938478129e+01 5.687839995943953397e+01 5.864043512955883841e+01 5.864043513016161313e+01 6.692403353206701411e+01 6.947251512784411887e+01 6.995673531972707337e+01 7.809887474218899683e+01 8.203290797731382611e+01 7.565074799756648360e+01 5.565883708630257587e+01 5.565883708617076309e+01 6.983591624186013291e+01 7.892786385231087820e+01 6.001875500537582298e+01 4.001824892318798277e+01 5.108052978818387402e+01 5.151046172332799955e+01 3.836017088360136285e+01 1.834449550199460433e+01 3.836017088360136285e+01 4.027367385635522368e+01 2.974357894147225068e+01 4.978014594745553723e+01 6.209874016660452867e+01 7.219549016873867231e+01 7.760432709223486825e+01 6.309792350825202334e+01 4.309757201334582533e+01 3.156133706852896736e+01 5.155071518878077086e+01 6.926402201834289940e+01 7.190663437977111982e+01
9.594114293757748102e-02 1.423807676666791977e+01 3.423807674901614462e+01 4.023083084245115515e+01 3.972084478533977858e+01 4.800492174073369966e+01 3.864055678020962148e+01 3.864055678020965701e+01 5.864043513016161313e+01 4.973999443106120566e+01 5.108646527535059079e+01 6.735395105161084928e+01 7.827795702027421498e+01 8.401642434599584419e+01 7.565074799756648360e+01 7.565074793552665255e+01 8.221631314887315511e+01 6.227126372006512156e+01 5.071618795872421259e+01 6.001878054162514076e+01 5.763586312933544065e+01 3.716690712852435752e+01 2.299207160372191439e+01 3.824978363425949368e+01 2.142817543925364987e+01 4.150442850599053912e+01 4.978014594745553723e+01 4.142864444642719235e+01 5.296444052228518728e+01 7.306148140072376407e+01 8.371102709638354611e+01 7.138319900321234002e+01 5.689547342060259183e+01 3.689721930198573574e+01 4.097887638301688185e+01 5.512013113570912282e+01 7.512268145771361105e+01
3.950229235330715398e-03 2.000395022923497379e+01 2.404747732887473433e+01 2.023085966495079902e+01 1.972087382178848713e+01 3.449840464258639372e+01 2.449842378079561556e+01 4.449838552600456154e+01 4.538451175849136376e+01 3.601168542222951174e+01 5.551223029749339588e+01 4.414417441653424135e+01 6.268223226909714896e+01 7.282307254439622568e+01 7.135448023159408137e+01 7.955614795877413314e+01 9.042175001746086593e+01 7.892936211082266595e+01 7.070103349215054322e+01 7.147453194255137987e+01 5.992833662332544975e+01 4.648691706349620034e+01 2.647243553412477723e+01 4.363275621160231310e+01 2.363410234234392604e+01 4.365302340057308328e+01 5.614315690303640594e+01 6.134669297794246745e+01 6.981712426034071939e+01 8.144319324667534943e+01 7.542579039217250170e+01 5.542280931450511616e+01 4.542242889688654373e+01 5.689547342060259183e+01 5.512013113570912282e+01 5.730820793154955339e+01 7.731074832565475674e+01
7.711341127313005306e-02 2.057408497226474786e+00 4.047482877646444877e+00 6.088724329965751636e+00 8.173868470536481468e+00 1.449842379087293232e+01 3.377240805844652272e+01 3.627177931395279131e+01 2.561866082543167522e+01 4.241873650785740324e+01 4.588247252879217086e+01 3.111349544041532766e+01 5.146081438800639063e+01 5.367342111579931441e+01 5.226695439710589852e+01 6.558925860837760524e+01 8.527297965434316041e+01 8.326863621663086690e+01 7.327149525342272796e+01 6.321426927850375677e+01 4.319217438874670734e+01 3.163712598717695457e+01 4.648691706328229856e+01 4.621812670500325027e+01 2.588116321393529518e+01 3.795768974107599547e+01 3.928947738789055677e+01 5.892179773150553501e+01 7.216193419355749938e+01 8.646848751925425347e+01 8.371102709638354611e+01 7.370963178575946984e+01 5.542280931450511616e+01 7.370963178575946984e+01 7.512268145771361105e+01 7.731074832565475674e+01 8.090880161553648975e+01
9.541454368626212448e-03 2.000954145436827147e+01 1.559448823989575317e+01 2.608871568013067943e+01 2.817385617506876372e+01 1.139716032663797485e+01 1.377072364302570229e+01 1.627072364302613394e+01 1.904429196187005502e+01 2.237863833691574200e+01 2.581280352573006809e+01 4.058787589883375801e+01 3.683841652794058064e+01 4.099213237216279282e+01 4.759231102622617726e+01 6.065658429646369854e+01 8.021919946639420118e+01 7.501940295091509370e+01 5.499245154638138189e+01 4.497707463168702446e+01 3.741289055534254260e+01 5.165570589759450826e+01 5.051879009177857682e+01 3.011895884602754236e+01 4.621812805176232786e+01 3.095355557723884132e+01 3.719774597997243859e+01 4.468956374751174110e+01 5.785538038883845502e+01 6.912746627838005509e+01 8.955788401545994759e+01 8.371102709638354611e+01 7.542579039217250170e+01 8.371102709638354611e+01 7.860372326549415334e+01 7.709560938796656160e+01 8.541923144079292740e+01
2.297228869525369793e-03 2.000229722886917116e+01 3.559438579948416503e+01 4.387241226827659091e+01 3.963189564593238856e+01 2.139601281953921585e+01 2.271395139522354256e+01 3.610321201301650262e+01 3.905872543180238665e+01 2.660806801666871735e+01 4.001030784843721477e+01 5.198386376070941139e+01 4.955907653903305032e+01 5.367343636268152807e+01 5.928286049480963982e+01 6.065658437435682515e+01 8.021921071531671998e+01 8.326863621663086690e+01 7.327149525342272796e+01 6.244267048526057096e+01 4.241536251580030381e+01 6.244267048526057096e+01 5.363290655572564702e+01 3.321227927970669214e+01 5.363290655572564702e+01 5.543230421764966565e+01 3.617988149163659983e+01 4.018734458518851227e+01 4.876144573236739177e+01 6.312655051717852217e+01 8.361495849702200189e+01 9.333453598941804330e+01 8.168562070344218284e+01 7.260802246382698399e+01 5.829219918690451152e+01 5.673284216672014679e+01 7.370806206007175376e+01
