MOVIE_S12_data/elevation_000150.asc
nrows	50
cellsize	150.0
xllcorner	0
ncols	50
yllcorner	0
NODATA_value	-9999
[rows 17 to 33 of 50, columns 0 to 36 of 50]
5.436832538903087209e-02 2.005436832538867620e+01 3.723384563839367445e+01 2.792731983391904649e+01 2.228924760194421140e+01 2.389788924316876972e+01 2.609150330996821765e+01 3.407887499979673862e+01 1.726497857969642880e+01 2.242893389895860778e+01 4.242275288519931564e+01 3.690805708203043167e+01 5.161397250912362722e+01 4.794587318268815324e+01 6.292674707175326176e+01 5.707152429987323927e+01 7.706250529834194651e+01 8.818157941885522177e+01 7.662069799663133551e+01 6.165070041881904928e+01 4.165984382989712032e+01 5.409486684318414973e+01 5.017876832752715188e+01 3.131786506547731719e+01 5.005342954819469981e+01 3.564761552967809877e+01 3.970711820243884205e+01 5.960825823936984591e+01 6.994352401009005860e+01 6.409026474920530347e+01 8.407454190180369835e+01 7.987711918685046442e+01 5.990849651050045566e+01 6.724785330809973516e+01 4.966917796170238120e+01 6.652876185845067880e+01 7.480772844934807608e+01
9.647730019007895452e-02 1.423861292392115452e+01 3.423861292392185618e+01 4.833839204984999327e+01 4.398451627605987113e+01 4.332015024792437430e+01 4.608437401706904524e+01 4.554137421512191963e+01 2.620886128794263215e+01 2.101131831997503951e+01 2.392860922534131873e+01 2.691000682171960889e+01 3.162384830209325060e+01 3.717002539409883610e+01 4.294149161888571342e+01 5.187856721089910650e+01 6.600735309008125284e+01 8.600631131022647935e+01 8.166293964468616196e+01 6.165070041881905638e+01 4.797276044096669523e+01 6.797640975292337373e+01 5.464640292193468696e+01 3.459589894111567077e+01 4.636671049700417058e+01 5.398547294145185305e+01 5.959775973823630579e+01 4.599142696440446798e+01 6.590500815683941482e+01 8.407454190180369835e+01 9.233991119630711353e+01 7.877554738369585152e+01 5.880899555065272466e+01 4.728035405128290591e+01 4.150299265368294499e+01 4.655762743172854812e+01 5.895610365670060560e+01
9.953738903938927352e-02 2.009953738903903542e+01 3.239060655182049686e+01 3.946167436368585157e+01 4.774594561046081509e+01 5.669021752014178617e+01 6.252297478657341401e+01 4.253291966352952613e+01 4.620116312605126296e+01 2.767778205933609215e+01 4.392198664414767251e+01 4.690225504793946243e+01 3.308168707940604492e+01 3.862756968964487925e+01 5.861451192432217283e+01 7.121091569668266175e+01 7.186491233609531548e+01 9.186812406168621692e+01 7.952660447065861149e+01 5.952108038222755226e+01 6.211651566450139939e+01 6.115762978457303944e+01 4.108868741270875091e+01 3.994466161548877636e+01 5.977902806338536834e+01 7.054760764118977079e+01 7.122270309141767086e+01 5.130347727770394783e+01 6.006089423342682210e+01 7.415525479941300091e+01 9.411925044707052734e+01 8.706064929934831298e+01 7.552695995366629234e+01 6.724785330809973516e+01 5.500112437472501625e+01 3.501253438558396880e+01 4.127621625458141352e+01
3.582433992925927735e-02 6.066051231484506978e+00 1.239060655182121096e+01 1.946167436368656212e+01 2.840594627368556147e+01 4.254808189741601154e+01 6.254808189741510915e+01 6.252297478657341401e+01 5.473671688273836367e+01 3.474785795616973871e+01 5.473671688273835656e+01 5.307113153456329968e+01 4.721667729614227937e+01 4.940297892447311767e+01 4.715075223617353828e+01 5.714112771541235958e+01 6.867774787742570197e+01 8.868011908842784408e+01 8.783897519599138093e+01 7.107002202532933666e+01 8.212344553526155266e+01 6.602333391786449113e+01 4.596152930748834819e+01 4.631778989791369838e+01 6.004534947593202077e+01 8.007114107678198422e+01 7.753070214200582200e+01 5.759256480448475912e+01 7.122575499610582028e+01 8.826772935565371370e+01 9.264859178975999043e+01 8.436887478300864984e+01 8.249908821210404142e+01 7.421926195011850780e+01 6.213117600301458765e+01 4.929053214214410872e+01 2.924232195590498762e+01
8.338298177320474514e-02 2.008338298177284997e+01 2.751168420906065748e+01 3.151168421858780988e+01 3.979595790712574654e+01 5.669021752014178617e+01 6.338324071218156064e+01 6.637983937806535550e+01 6.301950815378585702e+01 4.628886395193841707e+01 6.301950815378585702e+01 7.306277489979478901e+01 6.720503435725197505e+01 6.353545481134479189e+01 6.128011898220628240e+01 6.128011898220628240e+01 8.127483665401534552e+01 9.697020805807441945e+01 9.940784158787337788e+01 9.107851092017577344e+01 8.534327271812675519e+01 6.533787646500196900e+01 5.115856266923507434e+01 6.639422331861781856e+01 5.639068075640554412e+01 7.639836708637551510e+01 8.458564161528428826e+01 6.463133136044733362e+01 8.458564161528428826e+01 9.942894634326567882e+01 8.436887478300864984e+01 6.437693426597914481e+01 7.023243807433887298e+01 5.418411333219498260e+01 5.383459733380900047e+01 3.376857557973286816e+01 4.929053214214410872e+01
1.813270376062421294e-02 3.732039467301669244e+00 7.511684197393957874e+00 1.151168419739399340e+01 3.151168421858780988e+01 4.338324143100778940e+01 4.338324143100778940e+01 4.637983976223843285e+01 6.637983937806535550e+01 6.627669859364591787e+01 7.456194526667134426e+01 7.381091337136751918e+01 8.210374100806851061e+01 8.353279090709273191e+01 8.127483665401534552e+01 8.127483665401534552e+01 8.956351708235624187e+01 9.548511036784263695e+01 8.720337579746720280e+01 9.548511036784263695e+01 9.120994041753486670e+01 7.119732136721823679e+01 5.751387039748625085e+01 7.752558547815822010e+01 6.535492493223686949e+01 8.470308684379637043e+01 9.284629434864538666e+01 7.614545223919559191e+01 9.284629434864538666e+01 9.199501676667981087e+01 8.371027318698662611e+01 7.023243807433887298e+01 5.017638753689141140e+01 4.256292982047993689e+01 3.877196472059429766e+01 4.535367992492916756e+01 6.213117600301391974e+01
2.351309638313057310e-02 2.002351309623217190e+01 2.751168420277475590e+01 3.151168421856033319e+01 1.783623951773086347e+01 2.338324147998325131e+01 3.004990814665003640e+01 4.159691353044058815e+01 6.159691335662947864e+01 7.466888320115700139e+01 6.636706202300806012e+01 5.371196802824069039e+01 6.636706202300806012e+01 7.466888320115700139e+01 8.072095553708379612e+01 7.243191460618712085e+01 8.072095553708379612e+01 8.547956054997217734e+01 6.718514186497830565e+01 8.547956054997217734e+01 9.474086134798322689e+01 8.459535386144405322e+01 6.459915114106239287e+01 8.459535386144405322e+01 7.688406748765241616e+01 9.365880006762498056e+01 1.043687952670912864e+02 9.611524057780350461e+01 9.524103296516838668e+01 7.526970546732560763e+01 6.373322798071407647e+01 5.663410015520266683e+01 4.991828705702474167e+01 5.678642275667633754e+01 5.038018810372643941e+01 6.541974596173652401e+01 7.370593612920214355e+01
2.372884694381488524e-02 1.416586447066756271e+01 3.416586440471694885e+01 4.612051337273208418e+01 3.197837514152956118e+01 3.416617114143519984e+01 5.004990807318681334e+01 5.833417517037859312e+01 6.988117764022746314e+01 6.636706202300806012e+01 4.619808070944404221e+01 4.200409526603876742e+01 4.619808070944404221e+01 6.636706202300806012e+01 7.068285675870306761e+01 5.232892467142990256e+01 7.068285675870306761e+01 7.719425883122274001e+01 5.714501085615020060e+01 6.643059790182877578e+01 8.645846085687448124e+01 9.290504324171374151e+01 7.614267753293070484e+01 9.290504324171374151e+01 9.687871059328443835e+01 1.052304518901502632e+02 1.111499645422148888e+02 1.085245769765888468e+02 1.035367943012485767e+02 9.199501676686632834e+01 8.371027318712648935e+01 6.997613527102748776e+01 6.152457329223994265e+01 7.681263152105779568e+01 7.043295785403734044e+01 7.871513292132972595e+01 7.735495717339679800e+01
6.296921807001566729e-02 2.006296920768206604e+01 3.653098688954261064e+01 4.807799745696237892e+01 5.197837530338279066e+01 5.416617227756610475e+01 6.245050382925620625e+01 6.493907649383463365e+01 7.318095091566402743e+01 7.081287205578254884e+01 5.210543856656219219e+01 3.178847257074693289e+01 5.210543856656219219e+01 4.851753016471403868e+01 5.158246050358211932e+01 4.217916622432507268e+01 5.853636472695878723e+01 6.222224613393078840e+01 5.000663468231931574e+01 7.010577923079047480e+01 8.356240498973862429e+01 9.252877314801061459e+01 9.614202849601591083e+01 1.044701229766262571e+02 1.036209077147804010e+02 1.052346317631602517e+02 9.095455495887318875e+01 8.834069142526499263e+01 9.703689856271631697e+01 1.054305549740559087e+02 9.825624460772664293e+01 8.980074311084173644e+01 8.152098079614232518e+01 8.277957249915692728e+01 7.438229642275543085e+01 6.793767183034508150e+01 6.229724756526114504e+01
8.175220331382776484e-02 8.246718012591159663e+00 1.979372339638387857e+01 3.979372341159103144e+01 5.054737182659395955e+01 4.931242124335216204e+01 5.463766222399916472e+01 4.495868684840794316e+01 6.165927233113145434e+01 5.066234855491253342e+01 4.685952930493244395e+01 2.651124265042176376e+01 4.427465987743168796e+01 2.816843279963941526e+01 3.125222030577455001e+01 3.471998406044416186e+01 3.829334550237381052e+01 4.203422204864087064e+01 4.847129712756125741e+01 5.521035503848803927e+01 6.419897872901319147e+01 7.836313607247799951e+01 9.838070781373247087e+01 1.036219087888096340e+02 8.345908340358163002e+01 8.715573954810500368e+01 7.677217041704415124e+01 7.417221974669233475e+01 7.693417441788584199e+01 9.379015961140355273e+01 1.053911363286254783e+02 9.520808741353422988e+01 7.491900175610405199e+01 6.312359662611682865e+01 5.400336270562956997e+01 4.760140151129345298e+01 4.201989271188183750e+01
7.631710034972485901e-02 2.007631710034937100e+01 3.653099079581211583e+01 4.245723820140150195e+01 3.172500786919622939e+01 3.201600527749471325e+01 3.532491592112430112e+01 3.333744104981635559e+01 5.340339324922020126e+01 4.730503422068962038e+01 3.036087887509940586e+01 2.158404198081762004e+01 2.392100542713371425e+01 2.799413811447704958e+01 4.834479031816772476e+01 5.501245812427340809e+01 5.853628052462553200e+01 5.373583663500254914e+01 6.222209261421060944e+01 7.526871713718338697e+01 8.356240499039604686e+01 9.252444819597688763e+01 1.050989664698482073e+02 9.816033634622084492e+01 8.654841837964853823e+01 6.711625484274522080e+01 8.265958402838273855e+01 6.264405586063465847e+01 6.539984155656600251e+01 7.693416864279299716e+01 9.702939545717178760e+01 1.035907427776228786e+02 9.188072245599134646e+01 8.277957249915692728e+01 7.438229642275543085e+01 6.793767183034508150e+01 6.229724756526114504e+01
9.124702163186203252e-02 2.009124702162392850e+01 2.294459601703084317e+01 2.016491462176327332e+01 1.912715540042636420e+01 2.268955097217198613e+01 2.154827627268503321e+01 3.211240262510728627e+01 3.407922820418831122e+01 3.606841378708387680e+01 1.862557959513234351e+01 3.894153715027660922e+01 3.834388184595552929e+01 4.834479031816772476e+01 3.416884314822335256e+01 5.446401481622277174e+01 6.970051639265388133e+01 7.381464544584699183e+01 8.209632151239922848e+01 9.054866762225660182e+01 8.892708047106312108e+01 7.666432624047568822e+01 9.090017124755708267e+01 8.977590486898168365e+01 6.971706239233446922e+01 5.819121556105064030e+01 6.966514431414900343e+01 5.599276487707648897e+01 7.598800219534081180e+01 9.379015961140355273e+01 9.171120706873554695e+01 9.171120706873554695e+01 1.001087169840458984e+02 9.003253596899699573e+01 8.179474724308137468e+01 8.049899192021763383e+01 7.227988111145243977e+01
8.187870513261463756e-02 1.471915418156616306e+00 2.865071235158403340e+00 4.271424750648755264e+00 1.294616845788629966e+01 2.713436545294111113e+01 2.913215708632140633e+01 1.187454996346408720e+01 1.381740759635441584e+01 1.578260214628653202e+01 3.606841378708387680e+01 4.730681388687555966e+01 5.859282463644578343e+01 5.446401481622277885e+01 5.446401481622277174e+01 4.118792774312385774e+01 6.139497476430387479e+01 7.826614967737391737e+01 8.828571905193309988e+01 8.892708047106312108e+01 6.884901431491509527e+01 6.251029599825922389e+01 8.087037200066490072e+01 9.464966215902069280e+01 8.654841837964853823e+01 6.966516598853570486e+01 4.967301589274249096e+01 6.965657592566182643e+01 8.407924701585160676e+01 8.586805506846818048e+01 7.162739315289044839e+01 7.162739315289044839e+01 9.171120706873554695e+01 8.179474724308137468e+01 6.204613237516633717e+01 6.783036775093714255e+01 5.252788824688686020e+01
2.239863785106879432e-02 1.727313963879119996e+01 1.577236916747771112e+01 2.435996987373786737e+01 6.315350370252175161e+00 7.783234880165630365e+00 9.262800490591333258e+00 1.205599778814610623e+01 1.490160849057588521e+01 3.507735389136462345e+01 4.443858876264651769e+01 5.586626718504742684e+01 6.595636490502231197e+01 7.457959158630453089e+01 6.139497476430387479e+01 6.139497476430387479e+01 4.985715798033987056e+01 5.994609725465348760e+01 7.999780588404047421e+01 8.538062668799122434e+01 7.253340810292750973e+01 5.252732532379941688e+01 6.620783055734760580e+01 8.538062668800507993e+01 8.048883659520858203e+01 6.042223088472699288e+01 4.628482582392567224e+01 5.594966258115794489e+01 7.007594519323649251e+01 6.856026652481915562e+01 5.749802729602765083e+01 7.162739315289044839e+01 9.171120706873554695e+01 7.922362035643890010e+01 5.948992798024251272e+01 4.810687659266049820e+01 4.149039365778665456e+01
1.991760116496149591e-02 1.999937979070018557e+01 3.303470687271217798e+01 2.131422221843877196e+01 2.959461378141685728e+01 2.789504601051470090e+01 1.498369095688974184e+01 3.205618433645824439e+01 3.507735389136294657e+01 1.904916536113604764e+01 2.726139320511633457e+01 3.741725882251554225e+01 5.175241611513278883e+01 7.187343602308772006e+01 8.146279825864151292e+01 7.826614967737023676e+01 6.149886722188345800e+01 7.826614967737391737e+01 8.828571905193309988e+01 7.702207075106129253e+01 5.698859824052536283e+01 4.622037924142976095e+01 5.698859824052536283e+01 7.702207075106129253e+01 8.635636581405071865e+01 6.628780505253486410e+01 6.180129598584275641e+01 4.179599907628885802e+01 6.125590024132851852e+01 4.855650395369125505e+01 6.009727377632134449e+01 7.423283478865798202e+01 9.433604798869761510e+01 8.745673555246220587e+01 7.521187562027698448e+01 5.547510418283055600e+01 6.125587069817731845e+01
1.766589122093755945e-02 1.416064008752501380e+01 3.418574730285880037e+01 4.303185607637018251e+01 4.303185926409827999e+01 4.032536479968437249e+01 2.080439884520375315e+01 4.032536479968436538e+01 4.760875133546026206e+01 3.925247392708624261e+01 2.368013336545758207e+01 4.391247719610053935e+01 5.738189787916051188e+01 6.365928020350302319e+01 6.909047984011003507e+01 7.720912297109609312e+01 8.154640003639039492e+01 8.983386344628671338e+01 8.841151911796598029e+01 7.482284085946788821e+01 5.480036010534611535e+01 4.068014063182635454e+01 6.066480894209417585e+01 6.691910456413404518e+01 7.525925078631122744e+01 7.579856704240131648e+01 5.882992683579906412e+01 3.880199119715590683e+01 4.123589931180832480e+01 6.125592519469633856e+01 7.182963868245923322e+01 7.351074504048199287e+01 9.362051899422426970e+01 9.263975543135509838e+01 8.343607723649019192e+01 7.521187562027698448e+01 7.443962719803120365e+01
6.490672536223988931e-02 2.006490672536188313e+01 3.728092337280804003e+01 4.882807939360405669e+01 6.403073822332723353e+01 4.884334130784914407e+01 3.182900236772232816e+01 3.443667514390560314e+01 5.476993888887998452e+01 5.224930925830382478e+01 3.407002499483935765e+01 2.883506698902586862e+01 4.904983477533306058e+01 4.300766315362893266e+01 4.948082339427977416e+01 6.812212596338372350e+01 8.848317284227225343e+01 9.954469978813546049e+01 7.811174294230218607e+01 5.931321961671543619e+01 5.649779834430658099e+01 3.650001953577179137e+01 5.084167347222842182e+01 4.691748236796887994e+01 6.368877228079423958e+01 6.746429474716083519e+01 4.744924018479323991e+01 3.587648228574187215e+01 3.650625132623836322e+01 4.347981714689849042e+01 5.349094224447209456e+01 7.351074504048199287e+01 8.678197771854475207e+01 7.264407001582840451e+01 8.678197771854475207e+01 8.020179572218231101e+01 6.044323476815145568e+01
