MOVIE_S12_data/elevation_000549.asc
nrows	50
cellsize	150.0
xllcorner	0
ncols	50
yllcorner	0
NODATA_value	-9999
[rows 17 to 33 of 50, columns 0 to 36 of 50]
5.436832538903087209e-02 2.005430024189862337e+01 4.825268142482596723e+00 6.855959523313148729e+00 2.683547234641884671e+01 3.214827988312990215e+01 1.552166655115222760e+01 1.792901563953521560e+01 3.791410550423159975e+01 3.428417470197170758e+01 5.391771424987466332e+01 6.860054908377735217e+01 6.029663965372778733e+01 6.565125073001985356e+01 7.233800529515524147e+01 7.992471606879315971e+01 8.822470501628119166e+01 1.010052273176863480e+02 9.270825045542987652e+01 8.942394898117275659e+01 8.048381608565863132e+01 6.514442398355855346e+01 6.514442398355855346e+01 6.604985362325813014e+01 4.613336283124780124e+01 3.728265166129546060e+01 5.130569825534035289e+01 6.727373065710119704e+01 6.983115402274636097e+01 4.987426838425956532e+01 6.983115402274636097e+01 8.236764869708676429e+01 9.803231916420631364e+01 8.651404451658434880e+01 7.824727958120378446e+01 6.108235030537491639e+01 6.476595352362751612e+01
9.647730019007895452e-02 2.009647730018972211e+01 2.481959035273008496e+01 2.124733117718161779e+01 2.090711486359474591e+01 3.995372544326119169e+01 3.550234047336804366e+01 2.547879370085803430e+01 3.201264170737074721e+01 5.164190838352961777e+01 5.001289758478113612e+01 6.895968462863844195e+01 7.393219924940945020e+01 6.558573876658887514e+01 6.927126516915785714e+01 6.927126516945459400e+01 7.761359026253337845e+01 9.058751061233206769e+01 7.253420909859534049e+01 7.623621466417377235e+01 8.456747744810871836e+01 8.512618273684049086e+01 8.233794634123636058e+01 6.238918832014192617e+01 6.077342305062014560e+01 4.088838362079265920e+01 6.077342305062014560e+01 7.948006210558456530e+01 7.813681070400797068e+01 5.877967804677535213e+01 6.615904740093473890e+01 8.617015477090311038e+01 8.944948438863090701e+01 9.766685376244942063e+01 8.943059126761076527e+01 8.115610825972586895e+01 7.585465547153222587e+01
9.953738903938927352e-02 1.424167301277046427e+01 3.424167301277116593e+01 4.240871637516730885e+01 4.032356610037520284e+01 4.816640277074090193e+01 4.489099020992829026e+01 3.985056359212820354e+01 4.513646001287575871e+01 5.164190838352961777e+01 6.895968462863844195e+01 7.277338040353116355e+01 6.228939084463313947e+01 4.541325946148126036e+01 4.909402154593453815e+01 4.909402154593453815e+01 6.927126516944690593e+01 7.533879177305998098e+01 6.206430216391305521e+01 5.601783824709490034e+01 7.032392547735267385e+01 9.050974340518678218e+01 9.057030845519777529e+01 7.866129469850946521e+01 5.875950689995981691e+01 4.469110194105909528e+01 5.617106829866403928e+01 7.613294916137213875e+01 8.708900635113188571e+01 7.031076377543794820e+01 8.617015477090311038e+01 8.617388893006324224e+01 6.951495429135164272e+01 8.617387589516008006e+01 8.477899857310748644e+01 7.646886721628170847e+01 7.646886721628170847e+01
3.582433992925927735e-02 2.003582433992890444e+01 3.097560978227355477e+01 3.730016510260984575e+01 4.485945456279425514e+01 5.314372580996700890e+01 6.366150541606180013e+01 6.147076568194245993e+01 6.447156281229298713e+01 7.099870440173197039e+01 6.665822938651002971e+01 5.150628293110577971e+01 5.070168151294162584e+01 3.381580333907225366e+01 3.487563485897013749e+01 5.500379937755377568e+01 6.940455101593117604e+01 5.513948578010241874e+01 4.778842746968352628e+01 6.798209705582756612e+01 7.032392547735265964e+01 9.050974340298178333e+01 9.012375694477235299e+01 7.027740122302877523e+01 5.875938287673712779e+01 4.949805499107092999e+01 6.944632166249364502e+01 8.438749151073075438e+01 9.866428148448866864e+01 9.033023026976685799e+01 9.031463466806505380e+01 7.034894003218506953e+01 5.785552138636742114e+01 7.794026499960310161e+01 7.646886721628170847e+01 5.625319859012837753e+01 5.625319859012838464e+01
8.338298177320474514e-02 5.428607820021668751e+00 1.097560978227391004e+01 1.730016510261055629e+01 2.485945456279496923e+01 3.900159018652541931e+01 5.900159018652470877e+01 6.701577372085556306e+01 5.871982333347536809e+01 5.871982333347536809e+01 5.839645602352386788e+01 4.021446893217415663e+01 3.148150279924373507e+01 2.486833870064088003e+01 4.493971711824699611e+01 5.095127914798031554e+01 5.497711938875902149e+01 4.089526971104593400e+01 6.105572553017758963e+01 7.632590644267379787e+01 9.050974340296818355e+01 9.881102890790732829e+01 9.818602916571629180e+01 8.097018285851488884e+01 6.100467602387932686e+01 5.945978123057597742e+01 6.210579559140058592e+01 7.623223916913076437e+01 9.618954795879481878e+01 1.001910848132192484e+02 8.429473947352259700e+01 6.424702507366610860e+01 5.011118043435233460e+01 7.034892802821461544e+01 6.935251633765422241e+01 6.217423084450856408e+01 4.173297184313366159e+01
1.813270376062421294e-02 2.001813270376026921e+01 3.097560978227355477e+01 3.730016510260984575e+01 4.485945456279425514e+01 5.314372580996700890e+01 5.951169222997302199e+01 5.871982333347536809e+01 3.876120295285669926e+01 3.876120295285669926e+01 5.144643195337230424e+01 3.399584928553630192e+01 2.173638345831312080e+01 4.179446099892893329e+01 2.834329964322713025e+01 3.084202908807160526e+01 3.484699622025494392e+01 5.497711938884793881e+01 6.719999612265759481e+01 7.303490662570018799e+01 7.943042241147543336e+01 8.773432321523188193e+01 9.934797201763522878e+01 8.918839159718130816e+01 7.253606331444821365e+01 7.099164483051357877e+01 8.207759957938949924e+01 9.032812912159445773e+01 1.001910848132192484e+02 8.031933776346021148e+01 8.326310767526896939e+01 6.424702735940677201e+01 4.385937953085450403e+01 5.809991116910298814e+01 4.906183593187627423e+01 5.203589335379253811e+01 4.915405748238407568e+01
2.351309638313057310e-02 1.416564871184339935e+01 3.416563408159904469e+01 3.812609778412778638e+01 3.946409707316432502e+01 4.081447990591604480e+01 3.940073484267706050e+01 3.940073599027972762e+01 4.460694578956310608e+01 2.449386499463771116e+01 3.479549267862807227e+01 3.680574732755211897e+01 1.964644752360141311e+01 3.969359189815660471e+01 4.843614842436092971e+01 5.095127914798381852e+01 3.556294988771752230e+01 5.569442941977212769e+01 4.701116372773007157e+01 5.282218372792620897e+01 5.920602571686439575e+01 7.090045839986224507e+01 9.108256994470593781e+01 1.005768074209447320e+02 9.243875650565465207e+01 9.091123565930141126e+01 9.904922139301223183e+01 1.055643096574734443e+02 8.571883608311509306e+01 8.396587129003042094e+01 6.396027740375283344e+01 5.486639451091296849e+01 5.809991593123969977e+01 3.756953004314790689e+01 3.443534452000442769e+01 3.145788798822410826e+01 2.859406665700386796e+01
2.372884694381488524e-02 2.002372810719854357e+01 2.264199230713998290e+01 1.807859897888774725e+01 1.941268805285459464e+01 2.075888247243060292e+01 2.799929546300251459e+01 1.935001127322287218e+01 3.094518118411791718e+01 3.252502376195194955e+01 1.475583622107411941e+01 1.676514175832100051e+01 3.677105763315508824e+01 3.599954501697993692e+01 5.611760692996876543e+01 5.569704889659388414e+01 5.569796225340769524e+01 4.065781843050805122e+01 6.081691536566547285e+01 5.865865458607346028e+01 7.886268219486736086e+01 7.352476203879174932e+01 8.781331557235064622e+01 1.078705645227558705e+02 1.038676337485198644e+02 9.557159536924777399e+01 1.003609510648952039e+02 9.975914460557358154e+01 7.990314987321026763e+01 6.575140210548718755e+01 5.809114860563722971e+01 5.126376108128812348e+01 4.471845505304766277e+01 5.217593111435891018e+01 5.500484504763342386e+01 5.202194003199281980e+01 3.337511659567144306e+01
6.296921807001566729e-02 1.335538744020104085e+00 2.610692170111999832e+00 3.932329370485748488e+00 5.265662699077958031e+00 6.611008257292570356e+00 7.974996788998525155e+00 9.348601847983591284e+00 1.091512000171603525e+01 1.249133212841555007e+01 3.252502535388089200e+01 1.892590617841518963e+01 3.897249136779203837e+01 5.162150837973011619e+01 6.446230491938140972e+01 7.587975863643801233e+01 6.917278046736149122e+01 5.227906826300684884e+01 5.339240479414571894e+01 7.358895640559205731e+01 7.296282672038152839e+01 9.309895106860098224e+01 1.019438843916720145e+02 9.316537452440110201e+01 8.487073426686109201e+01 7.555211737495450564e+01 8.033930359380130426e+01 1.003609510648952039e+02 9.393752812777375993e+01 8.571883608311509306e+01 7.817185542241433893e+01 6.140320446322341041e+01 5.657982559072099349e+01 7.240166080677651905e+01 6.253003863194727785e+01 4.220734851574069779e+01 5.386441444944043155e+01
8.175220331382776484e-02 1.958248373900242356e+01 7.773617640553739605e+00 2.394723781154025488e+01 2.528560946486545191e+01 1.816004626987874815e+01 2.799929647204169569e+01 2.937537391148981314e+01 1.366183802570077432e+01 3.252500394372624726e+01 4.085156763845145633e+01 3.897249136779203837e+01 2.323934869308107309e+01 4.329862803690617312e+01 5.623465645019757631e+01 7.045865610582920624e+01 8.081400542026271694e+01 7.247856936908252123e+01 7.359820095346921676e+01 7.359644086445345579e+01 9.309034453537597642e+01 1.012953714412851269e+02 9.316537452440108780e+01 8.160729887130514726e+01 6.485398676583044164e+01 6.399681563571564169e+01 8.015274158816229999e+01 8.844680429396026966e+01 8.618806231782706107e+01 9.448288234467668190e+01 8.970629314036065693e+01 8.147197391643081232e+01 7.086386028179974517e+01 7.255253293778122270e+01 5.250754432611333300e+01 6.253003863194727785e+01 6.753211563161356423e+01
7.631710034972485901e-02 2.007631710034937100e+01 2.756849054830397705e+01 1.559342046323918041e+01 3.531690027071221039e+01 3.820734332320327553e+01 4.653736418880547632e+01 3.678840278058693514e+01 1.674779526140967434e+01 3.678839784421683845e+01 4.978511260612676637e+01 5.162667588409465935e+01 4.329862803690617312e+01 2.782915649811973324e+01 4.201065695520865972e+01 6.125977985995842090e+01 7.485053428805937870e+01 8.316585266090291384e+01 9.242667277413495697e+01 9.377878561235036159e+01 9.742888246333116342e+01 8.908373038850852765e+01 8.487073426686109201e+01 6.485398676583044164e+01 5.329753619145025567e+01 6.600505873996880268e+01 6.013608557500955953e+01 7.463130297915341771e+01 6.617116797453654442e+01 8.032383408703655903e+01 1.003455616454523778e+02 9.902785171873803449e+01 8.645062840512053981e+01 6.679575330405330646e+01 7.255253293778122270e+01 8.061211075073318000e+01 7.829120584854875631e+01
9.124702163186203252e-02 1.425029903361293648e+01 3.449781527727252950e+01 2.957292148567992740e+01 2.490291523848340205e+01 4.435724508937601485e+01 6.298220108185217470e+01 4.511880063998068380e+01 3.678840278058693514e+01 2.139767617028645219e+01 4.145061691458933240e+01 5.515495621628769385e+01 5.623465645019757631e+01 4.790414663058441391e+01 3.283338910904137009e+01 5.292773247108844004e+01 5.470657388887736516e+01 6.398945448608978381e+01 7.407130446643944310e+01 9.417207556642809152e+01 8.582514081819017804e+01 6.904041169911280917e+01 8.079609554745135824e+01 7.249805196522488870e+01 6.600505873996880268e+01 4.598960881822804936e+01 4.858028935615308797e+01 5.461486500083585582e+01 7.463130298038790045e+01 9.448288234467668190e+01 9.000029780264428325e+01 9.831151794805361988e+01 9.442846819741312459e+01 8.645062840512053981e+01 8.400457860865257942e+01 6.424672084072139455e+01 5.842930467393369298e+01
8.187870513261463756e-02 1.422401432886369044e+01 3.422401432886439210e+01 4.918408629328344972e+01 4.435724508937601485e+01 3.608390179228526762e+01 5.511876566515169173e+01 5.416390254367399848e+01 3.406243297757696098e+01 4.145061691458932529e+01 2.674392539954931891e+01 4.091943385058713289e+01 6.104739715468568306e+01 6.125977985865278441e+01 5.292773247108686974e+01 3.828542341768488910e+01 4.384742090354641419e+01 5.390760450573998241e+01 7.407130446643944310e+01 9.182624622674894965e+01 7.750759881669361562e+01 5.748421383863732359e+01 6.594534497993571165e+01 5.248084832439278813e+01 6.128737195058130993e+01 4.127497262659186816e+01 6.128737195058130993e+01 7.463130297915341771e+01 8.292467335296578312e+01 8.671359065133565025e+01 6.990251399719807068e+01 8.361954942640311117e+01 9.193368583515248815e+01 9.329291919609784145e+01 7.829120584854875631e+01 5.842930467393369298e+01 4.395394858297948559e+01
2.239863785106879432e-02 2.002239863785071350e+01 3.339063529500187144e+01 4.184819580158153229e+01 5.303980726209407237e+01 4.916256900780490469e+01 6.298220152082830481e+01 5.416390254367400559e+01 5.416390254367398427e+01 5.091497046884943245e+01 3.082821055406261834e+01 4.501472896108622024e+01 6.515941353816812409e+01 7.003755648985730886e+01 4.988601657546315238e+01 5.840305949578309708e+01 5.470657388887736516e+01 5.546869706546389267e+01 7.562902558214939575e+01 8.352171323158916039e+01 6.350126705313385855e+01 5.349335165916845369e+01 4.592946138303739900e+01 4.093065188304556301e+01 5.461298972803859897e+01 3.794592991564564244e+01 5.795197206324970551e+01 7.300514227929276956e+01 8.807372362638130880e+01 7.772970625876367023e+01 5.830405373516998679e+01 6.352572668237488074e+01 8.361954942640311117e+01 8.538279475476571179e+01 6.587691355880502897e+01 5.426758047712332456e+01 6.424672084072139455e+01
1.991760116496149591e-02 6.349899685131437543e+00 1.304979073272422774e+01 2.331509751517693374e+01 3.916115658861098581e+01 6.212858434517301021e+01 7.483566102973422574e+01 7.431224006531920168e+01 6.515941353816818093e+01 4.501472896108622024e+01 4.501472896084278119e+01 3.839792372615220728e+01 5.261301469141352527e+01 7.278292135182951483e+01 6.152332894966037458e+01 7.835887685493861454e+01 6.895890504388566455e+01 6.712083491470392005e+01 8.394318315071809877e+01 9.182624622674894965e+01 8.181185380143350017e+01 7.351149014236158052e+01 6.594534497989248223e+01 5.461298972802109830e+01 3.462498843745717636e+01 3.471831547916735161e+01 4.470058501309755172e+01 6.471254193662925047e+01 7.975867419174338124e+01 5.965195456780338645e+01 4.928093388653088169e+01 6.334160636512403642e+01 8.344412965282451466e+01 8.959457512274832425e+01 7.049400617968629490e+01 7.388327600681348883e+01 7.826694459191848807e+01
1.766589122093755945e-02 2.001766589122058093e+01 3.339063529500187144e+01 4.184819580158153229e+01 5.044254734477421920e+01 5.872620154557291272e+01 6.165026628438352674e+01 6.993263145935102898e+01 7.350229812511865646e+01 6.515941353816818093e+01 6.515941220036172865e+01 4.843754967741631390e+01 4.913315072828559948e+01 6.930059897812708414e+01 8.166820760241300547e+01 8.997368659003291214e+01 8.907418551381749694e+01 8.725143017412156610e+01 9.554888668864971635e+01 8.759386402452115306e+01 6.757678277315808657e+01 6.757678277260644961e+01 6.907099778684724356e+01 5.044505468132314974e+01 3.051922128940763557e+01 5.044505468348747002e+01 6.299797008857176195e+01 7.300514227927658339e+01 6.499332444823870958e+01 5.667939623238245161e+01 4.294000641648883487e+01 6.334160636512402931e+01 7.944226888923174101e+01 9.153893675613907988e+01 8.959457507695363176e+01 7.642286147422225895e+01 6.800577250520269956e+01
6.490672536223988931e-02 2.006490672536188313e+01 2.911266921173013955e+01 3.411266353245261485e+01 3.044260589521278604e+01 4.750824868326080974e+01 4.165043328822725499e+01 6.165026547996016859e+01 6.236317857423080113e+01 7.065065832232781418e+01 7.694663692120600729e+01 6.269347894917905961e+01 6.339073641091146527e+01 6.559901030534105359e+01 8.577077952612657441e+01 9.381953421145983896e+01 8.553279467192437835e+01 9.381953402374983852e+01 8.900322555170329508e+01 7.744630411365513112e+01 6.757678277315808657e+01 4.756883489214769867e+01 4.906220600914083718e+01 4.806343469066290197e+01 2.823124334479234676e+01 4.806343469066757024e+01 6.680943836774997635e+01 5.981087386061153666e+01 5.150861975874934728e+01 3.667351930962158235e+01 3.810659312387695508e+01 4.982690845016392700e+01 6.242640412224174895e+01 8.311792520608679524e+01 8.520170255472812926e+01 6.753467378056738823e+01 4.744644514139088898e+01
