MOVIE_S12_data/elevation_000071.asc
nrows	50
cellsize	150.0
xllcorner	0
ncols	50
yllcorner	0
NODATA_value	-9999
[rows 17 to 33 of 50, columns 0 to 36 of 50]
5.436832538903087209e-02 1.419650394911985636e+01 3.419650394911914759e+01 4.488430991783687318e+01 5.160061089376335985e+01 4.030015782544554526e+01 3.201533273252481848e+01 1.494252272084805355e+01 1.723964161783825588e+01 1.963228869191849313e+01 2.213365531708057432e+01 2.514953587709085525e+01 4.514997182062772652e+01 5.623393214438817012e+01 4.778093237708102947e+01 5.932793894571820204e+01 7.932796497859887097e+01 8.000520554002770268e+01 6.000783939217851071e+01 5.000603374364019515e+01 6.368181259815521145e+01 6.192718354106365553e+01 7.606353755491130642e+01 6.916065095853882383e+01 4.915748078067051807e+01 3.500912796165040675e+01 5.501627368053957667e+01 6.589339820349756849e+01 4.588987415258557689e+01 6.589339820349756849e+01 7.734960046565325342e+01 8.532002901816056806e+01 6.534807578982113796e+01 7.119772545686120679e+01 6.582283081725829277e+01 4.587040903292108140e+01 6.582283081725829277e+01
9.647730019007895452e-02 7.655766760374656421e+00 1.660003867037397285e+01 3.074217429410517610e+01 5.074217429410587954e+01 5.128009338909571113e+01 3.127899389843370415e+01 2.049439774048481766e+01 3.724391097963955133e+01 2.963444313820367171e+01 4.213479265388912864e+01 4.514997182062772652e+01 2.956714396771006292e+01 3.623390990043807847e+01 5.623393214438817012e+01 6.534077294077759746e+01 8.534084154115402043e+01 8.828218165935940931e+01 7.535138272873057019e+01 5.535274684579967186e+01 7.535138272873095389e+01 8.192360295561684325e+01 8.375011379002572198e+01 6.325212166035252181e+01 5.821986326659916955e+01 3.821345271396729260e+01 5.821986326659916955e+01 7.417855809089374475e+01 5.589273437803564804e+01 6.003517114783695519e+01 8.003640941273428666e+01 8.532002901816056806e+01 6.534807578982113796e+01 5.124398433709087897e+01 6.006306277317221998e+01 4.010296778493349024e+01 6.006296319354586188e+01
9.953738903938927352e-02 2.009953738903903542e+01 3.594003800783755764e+01 4.488430991783687318e+01 5.887685686242824090e+01 5.956448440551288570e+01 4.627070959852922982e+01 2.626993314916587607e+01 4.627070959852922982e+01 4.963485783537248608e+01 4.963485783537248608e+01 5.712655535789329520e+01 3.712653462939111648e+01 3.534074348614840488e+01 4.534076258547822391e+01 6.534077294077759746e+01 7.785107521117015494e+01 8.785112079137104502e+01 8.138071628024933091e+01 6.138367915396193553e+01 8.138071628024933091e+01 8.924596147503487487e+01 7.776291847483852848e+01 5.724155281895213676e+01 4.380334594509855606e+01 4.356200418162445231e+01 6.356621294387314691e+01 8.037971467029609585e+01 6.744072932497070383e+01 8.003640941273428666e+01 8.832194503395048457e+01 8.533105293969391880e+01 7.704316229799069049e+01 6.122085489697605709e+01 4.126221966743439395e+01 3.493950192768252805e+01 4.937067856848610603e+01
3.582433992925927735e-02 2.003582433992890444e+01 3.059258561496534057e+01 3.059258561496534057e+01 4.554352352909242541e+01 5.448779543909142831e+01 5.455502165067970566e+01 4.627070959852922982e+01 3.696110292483558624e+01 5.696122398372374107e+01 6.963492056659703167e+01 6.541087266627360464e+01 4.712654977814447221e+01 5.534076776312788581e+01 4.200742836163462357e+01 4.956672045128485138e+01 5.956672062363295339e+01 7.956674109052701738e+01 8.845013079705330483e+01 6.845480702165022535e+01 8.845013079705330483e+01 8.084541831811533541e+01 6.003763892848427020e+01 5.010681495846051803e+01 6.325212166035252181e+01 6.356621294387314691e+01 5.209342843652295585e+01 7.209484608576586595e+01 8.744152924924971160e+01 9.572738666400498175e+01 9.117346224856285630e+01 7.119020041806382437e+01 5.708495876615526043e+01 6.442032006908399921e+01 5.736455983893142729e+01 4.937072731975023743e+01 2.938740975896246255e+01
8.338298177320474514e-02 5.247360776716448960e+00 1.059258561496498352e+01 1.725925228163153236e+01 2.620352419163053170e+01 4.034565981536098178e+01 6.034565981536027124e+01 6.524553036093145408e+01 5.696122398372374107e+01 5.329114903955509419e+01 7.329118480304782679e+01 7.541090090949235503e+01 6.126868678077493513e+01 6.833199580288336961e+01 4.833198625700443785e+01 6.833199580288336961e+01 7.785107521117015494e+01 8.785112079137104502e+01 9.672505432683074389e+01 8.000121440517489191e+01 9.672505432683074389e+01 8.924596147503498855e+01 7.673222891616612173e+01 5.586833637614984127e+01 7.673222891616612173e+01 8.037971467030072859e+01 6.364173223775696187e+01 6.623686424548573370e+01 8.623726529270544461e+01 9.519017258639860302e+01 8.519613251943476939e+01 7.690909046111384839e+01 6.442048606482732964e+01 4.446641960292285489e+01 3.740112777283361112e+01 3.374838828384916667e+01 3.026278863534822960e+01
1.813270376062421294e-02 2.001813270376026921e+01 3.059258561496534057e+01 3.725925228163082181e+01 4.554352352909242541e+01 5.448779543909142831e+01 5.349081486032406474e+01 6.177508610823304736e+01 7.177508610847836223e+01 7.329118480304782679e+01 7.848421304062986792e+01 8.678077230472214865e+01 8.126872017382557090e+01 7.661633639132672613e+01 6.833199580288336961e+01 6.098109699837842612e+01 7.512323351917095238e+01 9.512331819506280794e+01 9.676708274014058020e+01 9.999156522281013793e+01 1.082627971807706331e+02 9.129307318341858490e+01 7.070092974106762540e+01 6.799665409353104906e+01 8.516541900977941282e+01 9.192721441348967915e+01 8.364201434322788486e+01 8.623726529270544461e+01 9.452256509511585136e+01 8.689542234703000645e+01 6.692275857519774718e+01 5.695618412304779099e+01 4.990516552056705990e+01 4.388530517963844346e+01 5.736561917413300904e+01 4.787471043919442337e+01 4.439705032891650660e+01
2.351309638313057310e-02 1.157051848017554541e+01 2.571265410390624595e+01 4.571265410390553541e+01 5.177508610807439737e+01 4.349081486032371657e+01 3.349081486032336130e+01 4.349081486032370947e+01 6.349081486032441290e+01 7.521345454021813737e+01 5.844674608905584279e+01 7.521345454021813737e+01 7.546428621563180172e+01 6.717559072986979629e+01 7.546428621563180172e+01 8.098112269643453942e+01 8.926551077134239165e+01 9.088389717464266937e+01 7.670931884405774781e+01 9.088389717464266937e+01 1.019603428037133455e+02 9.962990827849110076e+01 9.129307318341858490e+01 8.866524604054518477e+01 9.701011470475009446e+01 1.044190658764667745e+02 9.645319146938938104e+01 9.393614541206558499e+01 1.019084110035072541e+02 9.519017258639860302e+01 8.519613251943476939e+01 6.985467277310060297e+01 6.017626339341326513e+01 5.540549314912570367e+01 7.211728028228604614e+01 6.783386638071324626e+01 6.435942364446536601e+01
2.372884694381488524e-02 2.002372884694345956e+01 2.730655897530624188e+01 3.115556076990371537e+01 3.532584905104630479e+01 2.349081486032300958e+01 4.349081486032371657e+01 6.177508610823304736e+01 7.177508610847836223e+01 6.691557610226035990e+01 4.690137725142812286e+01 6.691557610226035990e+01 6.546799367302544681e+01 4.719050124122611578e+01 6.546799367302544681e+01 6.843509410244571711e+01 7.671349432560712955e+01 7.923826704729522419e+01 6.250389759594898464e+01 7.360396152031846384e+01 9.349322354890902886e+01 1.098954879530210746e+02 1.018907201027666787e+02 9.993062723812445824e+01 9.640481014758142919e+01 9.645319146938938104e+01 7.687429086798771039e+01 7.431415013004195202e+01 8.712819436666418937e+01 9.499780699244445259e+01 9.812938900172046885e+01 8.842901269950505139e+01 8.013996021624586774e+01 7.536096988024355880e+01 8.364670794277468246e+01 8.069959724087789255e+01 7.484972824735734775e+01
6.296921807001566729e-02 3.655075258605506416e+00 7.306558975306598036e+00 1.115556076990407064e+01 1.532584905104560313e+01 2.427012096104491690e+01 3.841225658477636529e+01 5.841225658477706872e+01 7.365929667769171374e+01 5.983948823854063193e+01 3.983932525906902811e+01 5.983948823854063193e+01 5.718304598554797025e+01 3.720708325395037264e+01 5.344401743072165800e+01 4.847571238777695868e+01 6.081297762559378128e+01 5.917296378889427899e+01 5.354303813360863273e+01 6.511865221283905214e+01 8.519510959330385447e+01 1.018907201027666787e+02 8.228336822820612895e+01 8.081132638054825179e+01 7.538804987887613152e+01 8.901773579862324937e+01 8.260881808596083431e+01 6.282754810073791418e+01 6.766930757868288993e+01 8.407324872067962929e+01 8.638261723069261677e+01 9.473940295284184288e+01 9.166833646462984575e+01 8.168058149664867074e+01 7.340789483701229301e+01 6.071905990658152064e+01 5.486594543443607108e+01
8.175220331382776484e-02 2.008175220331347077e+01 2.730655897530624188e+01 2.529769639363527389e+01 2.687285443483791525e+01 4.361012029803625722e+01 4.427012096104562744e+01 6.427012096104714090e+01 6.536267121631740906e+01 4.535149320871340706e+01 3.380683359224742190e+01 4.650537622618340095e+01 4.591103001037028264e+01 3.012741540544606167e+01 3.347054790367127453e+01 3.695707254371676953e+01 4.087524546994417562e+01 4.503237468623768791e+01 5.396005333112008628e+01 6.553681795502706109e+01 8.561267610886390855e+01 1.018884328427753161e+02 8.228312868987121931e+01 6.822853891829008433e+01 6.117978642912313347e+01 7.389151102638066959e+01 6.966378513176320553e+01 5.617780731278293871e+01 5.617766028813502999e+01 7.221651136383876235e+01 6.635598297006345092e+01 8.638261723069261677e+01 8.339709027615138837e+01 6.341869939787324739e+01 5.342146664573110115e+01 4.675747535221152162e+01 4.073290171457168896e+01
7.631710034972485901e-02 1.421845272408054939e+01 3.421845272407983884e+01 4.529769639363598088e+01 4.687285443483720115e+01 5.515712568050847153e+01 5.759055673871833392e+01 5.759055673871833392e+01 6.589681707891038798e+01 6.065351670112120530e+01 4.064502455910444922e+01 2.648799235896828108e+01 2.589787324606009378e+01 4.005387183204800294e+01 5.344401743072165800e+01 4.847571238777695868e+01 6.081297762559378128e+01 5.651868374592565658e+01 7.335658444743900475e+01 8.232700493810048670e+01 9.391052049360521892e+01 1.026836074368902700e+02 9.519498406239276278e+01 8.016912567884432406e+01 7.370335395973663140e+01 5.412560186265168483e+01 4.976958321716851685e+01 6.364187708105576746e+01 4.725199406574771643e+01 5.224179087136164412e+01 6.635598297006345092e+01 8.638261723069261677e+01 9.166833646462984575e+01 8.168058149664867074e+01 7.340789483701229301e+01 6.674575210658531432e+01 5.365288591286291364e+01
9.124702163186203252e-02 1.546132531117313569e+01 3.660691779743685004e+01 4.376003261462947336e+01 5.106011093099115783e+01 5.169429652743562542e+01 3.749177759995404102e+01 3.749177759995404102e+01 5.759055673871833392e+01 4.684931989355479232e+01 3.855523866780602305e+01 2.188991116814285931e+01 4.191307341611748427e+01 5.419793730173794444e+01 6.834200277142792856e+01 6.843509410938939652e+01 7.671349494463572682e+01 7.546002586570614312e+01 8.424776676762341765e+01 1.008285721189461981e+02 9.276210169527431049e+01 8.301770549544662003e+01 9.672990529689501216e+01 9.769100702207397546e+01 8.192403541677632006e+01 7.399788376396340084e+01 6.380029690264932185e+01 4.388253318981205098e+01 4.226070401024851009e+01 6.222251954582069544e+01 7.269498720799630576e+01 8.913991801850718844e+01 9.731118918259092254e+01 8.443658455312235844e+01 7.440148914560383275e+01 6.609169764694767935e+01 5.888887476645274432e+01
8.187870513261463756e-02 2.008187870513225803e+01 2.489904059399910352e+01 2.655844237970548960e+01 4.100763179131649849e+01 3.390316080054711989e+01 2.327818754669124246e+01 4.337857371612737012e+01 4.398551760680830824e+01 3.569344413858559761e+01 1.853208152091377769e+01 3.855523866780602305e+01 4.891116567676574789e+01 5.369246739985410244e+01 5.896361432095702071e+01 6.492198030700397737e+01 7.209284882699456887e+01 8.112477655009713828e+01 9.269149088024562388e+01 9.276210169527431049e+01 7.307211975984775165e+01 6.896903204470868332e+01 8.221880134430331566e+01 9.036201659259829455e+01 8.332815091744497238e+01 7.184414826197868820e+01 6.361509961539839964e+01 5.829062700761060256e+01 3.834241166056878569e+01 4.455568487535297351e+01 6.448432106038495704e+01 6.931082742770992411e+01 8.913991801850718844e+01 7.613034679081413003e+01 5.605304850308110076e+01 4.604502604890907946e+01 3.898008606325767289e+01
2.239863785106879432e-02 1.473351136723894506e+00 1.139675859039235561e+01 2.487643248216653546e+01 2.653319262912927101e+01 1.383063756178119341e+01 2.964146135457004760e+01 3.124833002468733767e+01 3.288918097666123685e+01 1.567602911872771720e+01 3.569344413858559761e+01 2.443665068118349026e+01 2.881148519026599431e+01 3.353755767331230686e+01 3.870940973856453837e+01 4.449124492526869545e+01 5.119996457024078751e+01 6.152866665384210165e+01 8.412497375262150001e+01 8.959549200187809959e+01 7.049114187001912057e+01 5.905189422058305126e+01 6.240753943495715106e+01 7.894953604352400589e+01 7.511090254307781322e+01 5.519961136151575687e+01 4.367552229978836209e+01 5.210297354052499230e+01 3.561953280858131876e+01 5.557636596235802529e+01 5.522365656906268327e+01 6.931082742770992411e+01 8.913991801850718844e+01 8.443658455312235844e+01 7.440148914560383275e+01 5.952290700385116651e+01 3.951493233027596830e+01
1.991760116496149591e-02 2.001991760108099783e+01 3.558494828486333361e+00 5.040992418064723424e+00 6.535859397383831926e+00 8.056422190536911998e+00 9.642501414050016706e+00 1.124888694764812769e+01 1.287633213417038824e+01 3.288918097666122975e+01 4.029955653005134053e+01 4.450113009736494263e+01 4.891116567676574789e+01 5.369246739985410244e+01 5.896361432095702071e+01 6.492198030700397737e+01 7.209284882699456887e+01 8.112477655009713828e+01 9.390359069039658380e+01 9.782327017349774678e+01 8.477898196725288926e+01 6.498251219531863399e+01 5.100661588548623371e+01 7.078075010916732879e+01 8.261265064714626760e+01 6.619060264180387776e+01 4.626465994371495327e+01 3.213218816036328462e+01 5.210239600675213723e+01 5.878043947545742043e+01 6.542631131697132219e+01 7.363701424980294519e+01 8.252563608681657570e+01 8.636320272463238723e+01 6.632069780685729654e+01 5.216097952799863435e+01 4.583343765135040115e+01
1.766589122093755945e-02 1.938281874964104645e+01 2.412331329068728181e+01 2.503725972462643057e+01 1.653474721069617814e+01 2.805498386087399609e+01 2.378288277915451232e+01 2.744895684311584105e+01 2.420732239320847867e+01 1.713844372755365342e+01 2.033871239014133891e+01 4.029955653005134053e+01 5.336169844129874917e+01 6.751102734866225319e+01 7.132802680338707546e+01 7.962378539301843716e+01 8.073992625116751753e+01 8.903237212519294985e+01 9.951186632422863454e+01 8.926353789968308661e+01 8.105868889969788427e+01 6.636586028144004956e+01 4.659714238321743096e+01 5.461097793788491117e+01 6.861217295785483827e+01 6.394869680933235401e+01 4.398756929045586617e+01 2.984737525770147215e+01 4.982381170647099111e+01 3.882682311638636463e+01 4.548869590009097408e+01 5.441734582194381886e+01 6.851568755569563507e+01 8.837638657113349439e+01 8.048803482158312761e+01 7.219101158530888540e+01 5.290351067332061774e+01
6.490672536223988931e-02 1.436519829612631582e+01 3.536858592503805454e+01 4.481849835767956591e+01 3.653163808959404690e+01 4.481849835724914755e+01 4.378532120756663204e+01 4.683965799186317014e+01 4.195607146390076991e+01 2.711817677601463572e+01 4.029955653005134053e+01 2.511187984991538613e+01 3.921236953393525937e+01 5.496999432304485111e+01 5.129361041703086954e+01 6.656452248987831410e+01 6.069287799983773368e+01 8.073992625116753175e+01 8.960615518562948978e+01 7.145339376830190758e+01 6.119813453705270234e+01 6.484261416726886296e+01 5.972919634190969873e+01 4.062383922170435113e+01 6.041366556482900307e+01 6.289647839694837472e+01 4.761001556130835866e+01 2.762099888397175818e+01 3.029423035380866835e+01 3.866050910167346188e+01 5.861619645699934722e+01 7.363700409611008979e+01 8.252563608681657570e+01 8.036357469242251739e+01 8.856901601637486010e+01 8.123485316143808177e+01 6.291313010145019291e+01
