MOVIE_S12_data/elevation_000821.asc
nrows	50
cellsize	150.0
xllcorner	0
ncols	50
yllcorner	0
NODATA_value	-9999
[rows 0 to 16 of 50, columns 0 to 36 of 50]
8.271705653423140625e-02 2.127631151761726416e-02 9.425194436011796739e-02 4.939197167322698090e-02 3.975871534419905817e-02 6.171646774684565184e-02 1.696294146011132625e-02 1.936121709489252440e-02 4.216450047424835645e-02 2.297044857093000214e-02 6.704298068806634203e-02 4.162315340452049650e-02 3.835349583220235004e-02 2.777463300387698203e-02 2.207885817162396139e-02 7.161913568127860341e-02 9.025521335945362045e-02 3.502399586135773735e-02 8.040414306008919487e-02 3.131346976591601466e-02 7.604099264847130613e-02 2.387740603804927586e-02 5.687112022313325910e-02 4.074439634684711570e-02 8.709178300582484655e-02 7.612946965408906586e-02 1.077918208624280109e-02 9.929772718869623455e-03 4.600412614040166881e-02 2.152795518990661267e-02 2.378824418737431057e-02 9.511189423522797837e-02 9.406546861214974686e-02 1.749038473908382007e-03 2.223905489293687143e-03 6.269637160239108220e-02 9.476101746191394060e-02
7.639902522890137937e-02 2.002127631151726206e+01 2.009425194435976181e+01 1.419152759540430253e+01 2.003975871485601701e+01 7.132784279612290668e+00 2.001696293986536546e+01 5.566363179347207257e+00 2.004216450047389131e+01 2.002297044857057529e+01 6.733709647354761962e+00 2.004162315340416356e+01 1.418048911956327807e+01 2.002777463300352068e+01 2.002207885817126964e+01 2.428641739636432817e+00 1.008975224611468313e+01 2.003502399586100324e+01 2.001976610700662462e+01 4.745358677676252412e+00 2.007604099264811737e+01 1.416601302976912535e+01 2.005687112022277674e+01 2.003637474960306264e+01 1.400156111603051867e+00 1.896894718894413856e+01 1.388848908077938304e+01 2.000992977271851458e+01 5.209984033106250578e+00 2.002152795518955131e+01 1.002378824418746106e+01 2.009511189423487210e+01 1.423620109234322584e+01 2.000174903847355168e+01 2.032916235756527801e+00 2.006269637160203700e+01 2.009476101746155763e+01
7.813061968023242432e-02 1.422026624341105716e+01 3.422026624341034307e+01 3.419152759540500597e+01 3.469207373949919315e+01 1.469207373979677023e+01 3.133986586921235329e+01 1.133986587124351608e+01 3.133986587180090666e+01 3.380477745921958643e+01 1.380477745922029875e+01 3.380477745922100041e+01 3.418048911956397973e+01 2.580910022774995127e+01 5.809258758550484458e+00 2.242851000543199547e+01 3.002322878585590971e+01 3.002990518780354279e+01 2.959607117840259960e+01 9.596071178402954871e+00 2.959607117840331014e+01 3.416601302976982879e+01 3.288118535559828359e+01 2.271597761096342438e+01 2.716059501522592345e+00 2.106082810363925972e+01 3.272391869268173537e+01 3.055380125124052526e+01 1.055523654212182549e+01 3.056033527075426903e+01 2.416592386791866431e+01 3.830805949165036139e+01 3.423620109234393283e+01 2.407415768807358702e+01 4.074157688075834116e+00 2.407415768807358702e+01 3.837311880635787276e+01
1.795629399984677299e-03 8.946067539399219726e+00 2.308820316312991849e+01 4.308820316312920795e+01 4.297634489795826340e+01 2.469207373979659437e+01 3.800653253677698729e+01 1.800653253791029940e+01 3.800653253938997977e+01 3.380477745922100752e+01 2.794691308295150023e+01 4.208904870668320086e+01 2.946082353404452903e+01 9.460742475250885519e+00 2.580758660890401757e+01 1.649970575055239763e+01 3.650033198173143489e+01 4.987145200039995530e+01 3.494129601665219553e+01 1.494129601665148854e+01 3.494129601665219553e+01 3.880137091055785703e+01 2.174559726359476031e+01 4.605881866568752869e+00 2.271465973813626249e+01 1.932394042443254634e+01 3.955512802099223535e+01 3.659266392358230746e+01 1.658569317004172206e+01 3.659266392358230746e+01 4.416592386791936775e+01 4.132500841143055226e+01 2.132088729598624610e+01 7.178759790900586246e+00 1.114523464127661434e+01 2.407400699492495377e+01 4.407247762842719396e+01
2.526786264046545702e-02 2.002526786264010994e+01 2.894606753939886445e+01 4.894606753939815036e+01 5.297634449536298007e+01 3.883420936352704445e+01 4.629080388231719922e+01 2.800653253791047703e+01 4.629080450281267645e+01 5.380477745922171096e+01 4.794691308295220722e+01 4.624287835934224233e+01 2.622925512332490783e+01 1.208687113244358535e+01 3.208652258762637643e+01 2.804668321437099721e+01 3.650033194390405100e+01 5.650637152566871180e+01 4.097152290820757514e+01 2.097152290820686815e+01 4.097152290820757514e+01 3.529803052363395466e+01 1.341857115219700702e+01 5.951240281157639700e+00 2.595609645539277821e+01 3.615860036187979176e+01 4.801558857158803306e+01 4.487847765639656217e+01 2.813612444969350435e+01 3.073256377703516762e+01 5.074019717424091169e+01 4.355462532775602824e+01 2.355686473219852317e+01 9.414827768398883023e+00 2.941443522483426065e+01 2.183677717652260597e+01 3.599011643503415314e+01
8.483503398980346555e-02 1.422697065772087832e+01 3.422697065772157998e+01 5.196245947473156690e+01 6.024598813349895465e+01 5.883420935761823500e+01 5.629080489519409269e+01 4.800653254086978450e+01 5.629080489519409269e+01 6.868948485063776843e+01 5.843682362713569489e+01 5.039000137509349031e+01 3.480449297858542224e+01 1.480852640219593930e+01 3.480831874246647573e+01 4.804759149543122732e+01 5.633637788745608788e+01 5.511365853193902353e+01 3.511365853193832010e+01 3.251852829199979311e+01 4.925579415566976849e+01 3.960349180498580068e+01 2.078260674956376164e+01 2.595402479679832908e+01 7.898782717930574293e+00 2.204614218457350816e+01 4.205406801427200492e+01 5.642899278771159288e+01 4.814451167302021872e+01 4.488140246788560717e+01 5.401439140743590173e+01 3.401577167639786836e+01 1.987394428466619800e+01 1.170898510709865015e+01 3.170860082311510908e+01 4.185724414675694760e+01 3.818142600797462194e+01
4.163169627051844027e-03 2.000416316962669683e+01 3.782034703729585345e+01 3.196249226510470010e+01 5.196245947473156690e+01 5.146581619342561709e+01 5.974782919327381592e+01 5.922581906441148192e+01 6.750667515831941046e+01 6.044180961827267851e+01 4.041942430870065550e+01 3.041944990676822158e+01 2.375279427629810414e+01 1.793200163992456098e+01 3.793193310828485210e+01 5.199017149334859056e+01 6.353746979075428669e+01 6.339792977940122398e+01 5.511365853193902353e+01 5.251852829200049655e+01 6.080279953946269700e+01 4.844367778514113354e+01 4.019607509566088055e+01 2.929413565824439303e+01 9.289533590304960953e+00 2.929437697530380547e+01 4.044394676993223925e+01 4.722317329000555475e+01 5.558192113248720290e+01 6.488457881348350043e+01 5.620192291074969404e+01 3.620342912469023844e+01 3.413374996344201406e+01 1.413434135743394826e+01 3.413376321328500751e+01 4.525855604881935790e+01 5.387057505895707976e+01
2.434392073152260791e-02 2.002434392073116598e+01 1.782035671325196802e+01 3.782034703729585345e+01 4.819064992498917377e+01 3.143863712010453426e+01 4.507989481124898390e+01 3.922046113328661221e+01 5.922581906441148192e+01 6.877938808840360707e+01 5.872569483283815828e+01 5.042299922142327517e+01 4.309499447739996469e+01 2.309597942138672266e+01 2.370550428685944766e+01 3.525248105438835466e+01 5.525232095919970732e+01 6.865726543583159014e+01 7.283229079429780484e+01 6.454075523188943464e+01 6.629899720037616362e+01 5.278444149580003142e+01 3.279832687758365495e+01 3.071574900037207811e+01 1.070748784221946259e+01 1.469998289757579357e+01 1.954282978791183112e+01 2.603424641629959169e+01 4.124984470076804399e+01 6.164406418265384247e+01 6.448191493741779823e+01 4.596416772984338905e+01 2.596533441247924046e+01 1.702109270305328437e+01 2.099427951554291738e+01 2.599428381984020220e+01 4.601697214147224457e+01
5.883922493566802470e-02 7.129907036801113485e+00 2.648549512038768228e+01 2.990690136937668342e+01 3.355931056726686990e+01 1.984223538989828484e+01 2.503032816910181779e+01 3.213776444835072255e+01 4.630315781822248766e+01 6.629345718424239919e+01 6.724360138720435032e+01 4.723834679586648377e+01 3.309597407787508416e+01 3.204024730670867172e+01 4.370540800640746681e+01 3.037216982202605919e+01 4.037213205225631896e+01 6.037192214494351816e+01 6.128108509095773826e+01 4.453773090718879502e+01 4.652542686790663140e+01 4.328374322418462583e+01 3.279832687770494459e+01 1.282294161104942631e+01 3.071574898359153494e+01 3.443769948325168428e+01 3.062202013880663287e+01 4.722317329000555475e+01 4.124984470076804399e+01 6.164406418265384247e+01 6.229270663438916955e+01 4.229442608259933678e+01 4.010636102306265371e+01 2.010715969868337893e+01 4.010636102306265371e+01 4.601697214147224457e+01 3.452421947222583754e+01
2.016265153036126551e-02 3.222726186944931293e+00 6.467160912457401878e+00 9.847965472614779614e+00 1.350099778633340009e+01 3.355931056726686990e+01 4.507989481124898390e+01 5.215818094458058596e+01 4.630315781822248766e+01 6.629345718424239919e+01 6.724360138720435032e+01 4.723834679586648377e+01 5.309775020630605269e+01 4.204023481452992428e+01 5.591897570844599841e+01 3.591916807327564953e+01 5.591897570843926246e+01 6.865726543480647592e+01 5.299200375198439872e+01 3.299638685918873193e+01 4.144103279306194310e+01 2.661228928025236229e+01 1.509956643990995495e+01 3.279832687770494459e+01 1.872028278947328772e+01 3.868585205355395118e+01 5.141552559190725447e+01 5.977425013152153355e+01 6.164406418265384247e+01 6.991399756420643996e+01 7.057862019340035431e+01 5.744962649416930844e+01 3.745143046754325411e+01 2.330972274529654342e+01 3.745143048520986895e+01 5.744964581622393496e+01 5.456044920614763782e+01
1.256007409845548775e-02 2.001256007409810067e+01 2.648549882440134695e+01 2.103346840871167700e+01 3.259537273795359624e+01 2.508702630657863253e+01 3.667376955406381711e+01 5.668773365879223292e+01 6.629345718424239919e+01 7.457451427169038993e+01 7.553566577729216647e+01 6.724360138720435032e+01 6.204346807381536877e+01 6.204346807381536877e+01 6.224345008674757906e+01 4.224370604793735140e+01 6.224345008674757906e+01 6.912799268692114651e+01 5.558765124786331313e+01 3.559049843524537238e+01 2.147484864489413425e+01 1.741281365031897366e+01 3.505819675114415901e+01 4.334076171378475095e+01 3.868585205355395118e+01 2.502327446595963778e+01 4.500445666168300107e+01 4.819180885879377030e+01 6.233452840688124041e+01 8.234244101663361448e+01 6.722759837349735790e+01 4.723000433105288920e+01 3.568385007573627377e+01 2.673969422838623444e+01 4.673855113152364993e+01 6.258177414642068470e+01 7.152558320516560286e+01
1.283213977233468341e-02 1.415496776350341079e+01 3.415496776350411778e+01 4.094556725445875145e+01 4.778072424807847085e+01 4.513266609536116647e+01 5.341770136883297937e+01 6.496930557861443845e+01 6.541520383951237250e+01 6.330266126030210216e+01 6.181414933477289964e+01 7.008397790960111706e+01 8.205584893988030615e+01 7.638572933050777181e+01 5.638552622111456003e+01 5.638552622111456003e+01 7.052883802009296232e+01 6.083734972656683482e+01 4.083556362093830927e+01 2.929660786283053397e+01 4.144752895888708366e+01 3.737039922149548943e+01 1.995018516418251764e+01 3.991639764385540445e+01 5.079262778383750998e+01 4.500445666168300107e+01 3.186821262444007274e+01 5.186240967065624830e+01 6.787898108762516358e+01 7.617013439462036217e+01 7.551271619668150947e+01 6.396652640404523282e+01 5.228511848767362835e+01 3.228668559493944912e+01 3.429893004580279126e+01 4.324279884572856503e+01 6.324035992336168022e+01
9.594114293757748102e-02 9.026609907304234071e+00 2.041596790064516043e+01 3.408464105617403561e+01 5.353241231023655189e+01 5.231852477370021859e+01 4.413872771282903784e+01 5.234806813577568363e+01 4.547364032745637275e+01 4.336178540681605398e+01 4.187362170997287336e+01 5.596977817593219839e+01 7.592370944998825166e+01 8.467214981907140725e+01 7.638572933050777181e+01 7.638572933050774338e+01 7.238761592712799597e+01 5.238196803244741773e+01 4.083556362093830927e+01 4.343065984107685296e+01 5.757765712459584506e+01 4.820165810834048870e+01 3.991639764688413550e+01 2.252848135989893308e+01 4.250634243431534287e+01 6.015048317235746822e+01 5.186240967065624830e+01 4.080633112720067146e+01 4.787629925136258180e+01 5.942365084655953211e+01 7.942917699430741152e+01 7.228353539436169228e+01 5.228511863903631252e+01 3.895324609856370301e+01 4.185795821359059943e+01 6.185556273876572675e+01 6.324035992336168732e+01
3.950229235330715398e-03 2.000395022923497379e+01 3.704699141162992504e+01 4.017175610205604386e+01 4.226543859516924329e+01 4.212488125802821060e+01 2.417993839612210394e+01 3.694258287489901704e+01 3.137420369855652424e+01 2.926137098793895319e+01 4.920265232679778933e+01 6.337709222902348216e+01 7.164849206645641289e+01 7.470343377895625281e+01 7.321284092484673067e+01 8.148740074604918959e+01 8.068104142420055780e+01 6.912799308998097558e+01 6.083734972982126976e+01 6.343335337642624694e+01 6.088686078624447617e+01 5.257724272746163052e+01 4.436197190564735848e+01 2.437623085719967619e+01 4.436197190567336435e+01 5.295321447548588623e+01 6.124141909059037658e+01 6.080696510345600814e+01 6.787898108762516358e+01 7.617013439462036217e+01 8.772349903996489218e+01 7.049657323300060341e+01 5.049914887485113724e+01 5.309385823388979730e+01 5.599829713220844951e+01 5.818580141809638917e+01 7.818412821870251150e+01
7.711341127313005306e-02 2.007710181787192738e+01 2.399950653949987256e+01 2.017240407050814355e+01 2.225944312020528315e+01 3.041182651450532148e+01 1.418410571908513873e+01 1.698666503104133696e+01 1.984419359026694352e+01 3.980200631688242652e+01 4.816448000044562860e+01 4.343923207649876872e+01 5.602131719956538092e+01 5.474938017253061417e+01 5.326036502100397740e+01 6.736451897531863153e+01 8.733193909252206311e+01 8.369037520742567438e+01 7.356292649192944566e+01 6.517725080778380686e+01 5.257759357580647475e+01 3.297516303935606885e+01 2.935342381915024390e+01 2.722426698753306695e+01 2.936462375198774666e+01 3.295310057465870557e+01 5.295321447548705152e+01 6.545151150553833475e+01 7.371432332387425390e+01 7.440739625932229728e+01 9.442221290064084371e+01 7.878253836340726934e+01 6.204421404192198253e+01 7.309157851757547064e+01 7.599625281552373224e+01 7.818412821870251150e+01 8.227533065652858113e+01
9.541454368626212448e-03 1.999615834788602609e+00 3.999615834788598612e+00 6.030308165055828340e+00 8.115452305878449124e+00 1.043072600945350459e+01 1.554322292156710539e+01 2.093602170846690669e+01 3.980154016198795830e+01 2.469332853276785400e+01 2.822605943335291556e+01 3.193408440708199691e+01 3.609286808785191170e+01 4.066285267440422047e+01 4.818732448767043763e+01 6.228479527161049134e+01 8.224931171558831977e+01 7.530887705952736155e+01 5.504562455604016691e+01 4.526035765042992409e+01 3.848516680182251548e+01 5.257724272746984440e+01 4.899805400865162142e+01 4.721825605448845664e+01 3.134442923700922634e+01 5.134381415168208918e+01 3.839521598552507697e+01 4.546655163464131988e+01 5.441121320049978749e+01 6.856186576359361595e+01 8.876111835268854122e+01 9.033027397507567002e+01 8.204271060992485332e+01 8.278103491690688998e+01 7.460752521835517825e+01 7.527406311177428222e+01 8.338285958536215503e+01
2.297228869525369793e-03 1.999909006835957470e+01 2.399929089372435698e+01 1.987887369261830273e+01 2.811906353479734477e+01 1.569193736025507668e+01 3.493663691243767033e+01 4.085589383636443017e+01 2.909167656963492377e+01 4.464000681274759330e+01 4.816469356456283180e+01 4.602530186805066137e+01 5.017910715344336836e+01 5.474938017253061417e+01 6.059378716169278789e+01 6.228479527161049134e+01 8.224931171558831977e+01 8.369037520742567438e+01 7.356292649192944566e+01 6.309034705719444958e+01 4.327122163608470373e+01 6.309034705719444958e+01 6.720321526924281841e+01 5.432541682615731560e+01 3.432421687514648312e+01 5.432541702542901163e+01 5.839701452977667628e+01 4.525541521109995102e+01 5.680210965968309722e+01 7.092523171571917828e+01 9.072018027903746429e+01 9.161984954691877192e+01 8.020898892615946352e+01 7.135056481676268447e+01 5.478221565142415983e+01 5.560764950905459614e+01 7.047836951075628065e+01
