MOVIE_S12_data/elevation_000467.asc
nrows	50
cellsize	150.0
xllcorner	0
ncols	50
yllcorner	0
NODATA_value	-9999
[rows 0 to 16 of 50, columns 0 to 36 of 50]
8.271705653423140625e-02 2.127631151761726416e-02 9.425194436011796739e-02 4.939197167322698090e-02 3.975871534419905817e-02 6.171646774684565184e-02 1.696294146011132625e-02 1.936121709489252440e-02 4.216450047424835645e-02 2.297044857093000214e-02 6.704298068806634203e-02 4.162315340452049650e-02 3.835349583220235004e-02 2.777463300387698203e-02 2.207885817162396139e-02 7.161913568127860341e-02 9.025521335945362045e-02 3.502399586135773735e-02 8.040414306008919487e-02 3.131346976591601466e-02 7.604099264847130613e-02 2.387740603804927586e-02 5.687112022313325910e-02 4.074439634684711570e-02 8.709178300582484655e-02 7.612946965408906586e-02 1.077918208624280109e-02 9.929772718869623455e-03 4.600412614040166881e-02 2.152795518990661267e-02 2.378824418737431057e-02 9.511189423522797837e-02 9.406546861214974686e-02 1.749038473908382007e-03 2.223905489293687143e-03 6.269637160239108220e-02 9.476101746191394060e-02
7.639902522890137937e-02 2.002127631151726206e+01 2.009425194435976181e+01 1.419152759540430253e+01 2.003975871439665113e+01 8.226682277024035983e+00 5.180940736403310432e+00 2.001936121709453786e+01 2.004216450047389131e+01 1.416510607230175545e+01 2.006704298068770953e+01 2.623612050876126034e+00 2.003835349583184566e+01 2.002777463300352068e+01 1.416421661881606475e+01 2.007141883871104682e+01 4.172738117998200380e+00 2.003502399586100324e+01 1.422253976679091458e+01 1.003131346976582883e+01 1.421817661790413290e+01 2.002387740603769473e+01 1.332024546349808602e+00 2.002146812613078097e+01 2.008709174742789827e+01 1.421883017203014177e+01 1.155781534977875324e+01 1.415206539644994521e+01 7.605293890976450477e+00 1.416366357892098193e+01 2.002378824418702052e+01 2.009511189423487210e+01 1.992381554726624149e+00 2.000174903847355168e+01 1.796795036726618378e+01 2.006269637160203700e+01 6.761427684128551441e+00
7.813061968023242432e-02 1.422026624341130763e+01 3.422026624341201284e+01 3.419152759769865213e+01 3.651094967398660884e+01 1.822668227702421362e+01 2.518094073637379182e+01 1.302558614193060293e+01 3.302558614188203023e+01 3.416510607230104313e+01 2.522710953096638065e+01 5.227390270492592528e+00 1.677427709723034965e+01 3.675634393892024576e+01 3.416469022418979762e+01 2.834442681948360487e+01 8.343026399144298111e+00 2.834447410780038012e+01 3.422253976679020582e+01 2.157831885355814094e+01 3.421817780015139476e+01 2.260977550946820003e+01 2.609777676349685827e+00 2.260977549643505213e+01 3.260664124237922579e+01 3.424382881182312843e+01 2.570169887393103636e+01 3.415206539645065220e+01 1.577026928388634808e+01 3.416366357892168537e+01 3.534907039037098286e+01 2.385980033802395539e+01 3.899308068529672600e+00 1.430373616752461530e+01 3.315790881676402790e+01 3.383249549599337769e+01 1.383249549599408823e+01
1.795629399984677299e-03 2.000179562939963063e+01 3.183254324128148127e+01 4.013757956273305183e+01 4.651095389030274418e+01 3.236881790075634768e+01 3.905581303341618593e+01 1.905581303348576938e+01 3.905581303341618593e+01 4.209015627586675379e+01 2.209114612209497253e+01 7.949045540251668207e+00 2.794872057911609531e+01 4.479842881121501819e+01 4.703293286667386752e+01 2.695996251059873572e+01 1.281516235429949191e+01 3.281786576888425344e+01 4.986259010101903755e+01 4.157831885355742685e+01 4.559019445444336327e+01 3.078520467121385451e+01 2.255753487362104082e+01 4.435519534700231858e+00 2.445463185959589580e+01 4.224682764331786444e+01 4.575069225816479701e+01 4.415539063214563242e+01 2.731829839606368537e+01 4.414832391924170452e+01 2.703950184610102170e+01 6.967251394200802750e+00 8.370925069706609989e+00 2.629212889945543807e+01 4.145937790709693616e+01 4.211676674345699212e+01 2.797463111972529148e+01
2.526786264046545702e-02 5.798770554591803794e+00 1.182899744841906475e+01 3.183255345250491786e+01 5.170133065468198197e+01 5.236881791708087519e+01 4.612688084524347687e+01 2.612688084535112054e+01 4.612688084524347687e+01 4.491842180041562216e+01 2.491956448636922516e+01 1.077747266499783407e+01 1.894243823632568535e+01 3.894179903347912131e+01 5.199529889100018210e+01 3.195831070332651080e+01 1.781516235972749840e+01 3.195780480280206604e+01 5.197086507930267629e+01 5.478725278752196459e+01 3.765018257092148701e+01 2.049363408155016941e+01 2.573066481886011303e+01 5.734659139623488500e+00 1.389965890307420437e+01 2.805519826580000853e+01 4.828519605711276341e+01 5.590591970243378483e+01 4.739772898186853922e+01 4.777856139475084518e+01 2.918186260248210928e+01 9.176051896208889502e+00 2.830673601242822102e+01 1.522243889953540297e+01 3.513241530774276100e+01 5.078448444055759126e+01 4.797463111972599847e+01
8.483503398980346555e-02 2.007189767224810240e+01 3.182481196389237610e+01 2.337604070935821454e+01 3.492343231197913411e+01 5.494221324974626697e+01 5.441115203283614221e+01 3.767388622914322838e+01 5.441115203283614221e+01 4.804168785009814258e+01 2.804302730742455196e+01 1.390094790276992853e+01 3.390049936572581402e+01 3.308447078555553844e+01 5.308264032888731521e+01 4.385103021652994926e+01 2.384538951283419550e+01 4.385103021652994926e+01 5.846467307767421318e+01 3.756031247512066784e+01 2.435867651735224726e+01 1.500330999470261695e+01 7.611952157479208836e+00 2.571509083928103223e+01 3.348937391310249723e+01 3.391786055110151921e+01 5.396254234630505664e+01 6.356871495291583329e+01 4.371989927606182391e+01 2.958832987779426205e+01 1.958267901410239986e+01 1.141252614976662905e+01 3.141919450328142460e+01 3.513241530774276100e+01 2.276146174408715339e+01 3.684776097730266287e+01 5.663045227321169506e+01
4.163169627051844027e-03 8.948435079626131383e+00 2.049544046341844350e+01 4.049544046341772940e+01 5.170133065468198197e+01 6.327636798156097342e+01 6.595815737525022371e+01 5.767388622888861960e+01 6.287459574647182592e+01 4.287774297751370511e+01 2.873591651579608452e+01 1.718892764887666402e+01 3.718839086512832637e+01 5.308264032888731521e+01 6.136391688804909705e+01 5.092533770181275798e+01 3.091646394252625996e+01 5.092533770181275798e+01 6.666911337620445011e+01 5.478725278752196459e+01 4.597792791427260539e+01 2.897609184688935713e+01 8.975940836420145175e+00 2.897400874725946451e+01 3.695649381693335300e+01 4.362570661582542897e+01 4.362570661582543607e+01 6.363187534099095188e+01 5.769890066319008071e+01 4.036119273056652190e+01 2.036247283566844501e+01 3.141919450151787885e+01 1.503570028970096573e+01 3.504238859369484516e+01 4.264197710775432171e+01 3.215893754508429936e+01 4.622038213577476284e+01
2.434392073152260791e-02 2.002434392073116598e+01 3.723270632708702266e+01 4.877971171087934010e+01 5.972828621174015495e+01 5.823526122868277355e+01 6.651953247578521200e+01 7.287201244948172985e+01 5.287717904346195752e+01 3.873584094291529567e+01 2.873591651579608452e+01 2.218892764773093873e+01 2.613319789529239756e+01 3.429815303455044528e+01 5.429653517449585820e+01 5.923667196110726962e+01 4.246405764813975026e+01 5.923667196110726962e+01 7.148433639827153740e+01 5.155286691027570356e+01 5.155275699794685096e+01 3.725651255117865901e+01 2.897607048463648383e+01 1.092774098231719471e+01 1.695796787306069220e+01 2.362463452102627315e+01 3.776687174255821589e+01 5.777018522657144928e+01 6.032938094674022267e+01 4.036133061463206673e+01 2.853252846030770584e+01 3.764736285487660439e+01 1.764134543411593370e+01 3.181215088940310665e+01 5.210183038493933338e+01 4.622038213577476284e+01 4.622038213577476284e+01
5.883922493566802470e-02 1.420097484866674264e+01 3.420097484866744963e+01 5.387042183527317007e+01 3.972828621174086550e+01 3.823526122868348409e+01 5.237739685241393772e+01 7.237739685241250243e+01 6.701432122712523665e+01 5.701636864181778463e+01 4.735194062272169191e+01 2.735290542088909049e+01 4.613222985382011387e+01 4.613222985382011387e+01 4.843985307987286859e+01 6.843581651784244002e+01 6.248398365859340231e+01 7.081088194964084437e+01 6.135638671903393515e+01 4.983298156762823794e+01 3.159150167373873686e+01 3.877467597521881970e+01 3.234920449627351502e+01 1.234907909135458581e+01 3.234920775999687947e+01 4.362570661582538634e+01 4.362570661582543607e+01 6.363187534099095188e+01 6.263945363036226155e+01 4.267435493586837225e+01 4.852199695511537669e+01 4.034471710771983766e+01 2.034057657438446398e+01 3.448925384322599541e+01 5.448105593483830944e+01 6.586486877779879023e+01 6.586486877779879023e+01
2.016265153036126551e-02 1.416229827526143659e+01 3.416229827526213825e+01 4.411734763507484303e+01 2.558615058801041187e+01 4.297537662057930419e+01 4.964204328725121229e+01 5.792631455036038801e+01 6.792631455892700387e+01 6.149217782500964091e+01 4.149486259836152158e+01 3.401957113427489787e+01 5.401812536694515643e+01 6.612827413632308549e+01 6.843581651784244002e+01 7.671567145963044254e+01 7.516170133598340897e+01 6.690008907094102142e+01 5.309531389405312041e+01 3.313701928526088381e+01 2.159278193819321245e+01 1.879222178312985747e+01 1.609542233644723552e+01 1.405159215287206820e+01 3.405164737933483821e+01 3.281585174630271950e+01 4.695803543328808871e+01 6.695890418985123915e+01 7.089028318666636608e+01 6.263945362975321984e+01 5.958122322269460369e+01 4.314550767707172696e+01 2.314383422123927048e+01 4.314550768933872860e+01 5.424111099064618458e+01 6.130349741175404432e+01 6.955168198823547243e+01
1.256007409845548775e-02 2.001256007409810067e+01 2.654524030849435334e+01 2.411734763507555712e+01 1.891948392134386125e+01 2.297537662056904395e+01 2.964204328723582904e+01 3.964204328723617721e+01 5.964204328726690818e+01 6.977272483460716046e+01 6.149217782500964091e+01 4.556645418977468864e+01 4.816137097575902004e+01 6.815758124963495845e+01 8.215788430789395136e+01 7.065520747559968129e+01 6.239609240000881840e+01 4.696814640933048679e+01 4.598386477159061769e+01 2.601004171223803851e+01 4.157238712910103118e+01 3.292891398131433789e+01 3.608021350454562537e+01 3.405169669195673521e+01 1.648591463067276663e+01 3.062804834067569004e+01 5.062827525244781413e+01 6.153496622270014882e+01 7.003877169242250034e+01 6.543774427965574603e+01 4.545570598903278636e+01 3.131361015563505745e+01 4.314550768933872860e+01 2.792839415608749931e+01 3.425554061528277572e+01 4.132765320492231353e+01 5.132598908977301733e+01
1.283213977233468341e-02 3.257260562387578773e+00 6.545240308494710391e+00 9.975212011344858354e+00 1.444734796634447527e+01 3.444734796635037810e+01 4.964204328725121229e+01 5.792631455036038801e+01 6.792631455892700387e+01 7.600787298768845801e+01 7.384345440296040408e+01 6.556332289939277302e+01 6.815758124963495845e+01 7.643746383720302617e+01 7.388968946465813303e+01 5.398219538696145037e+01 4.246165408572689159e+01 3.643313612632650234e+01 3.065992979951154140e+01 4.598386216641281266e+01 5.424546201111362365e+01 5.288740243376849293e+01 4.797526598336236958e+01 2.824081605605880796e+01 1.824681644332398633e+01 3.824722887627027035e+01 4.686173120721008445e+01 4.078387825991153903e+01 6.153496622270044014e+01 6.199094752144982579e+01 4.200556183768193819e+01 5.130830952625883867e+01 5.619962091826282347e+01 4.792578998796968648e+01 3.396116113023020233e+01 5.395334248047343095e+01 6.955168198823547243e+01
9.594114293757748102e-02 2.009594114293722100e+01 2.654524030849435334e+01 2.997521201133222135e+01 2.858948359007517581e+01 2.709645860701821363e+01 4.123859423074966202e+01 6.123859423080615727e+01 7.014909926529291795e+01 5.600635021022736026e+01 6.129269061285435072e+01 6.885288448936141492e+01 7.713705192539008237e+01 8.868428138078968459e+01 7.647475597126482683e+01 5.656452034325072020e+01 6.239609240000581281e+01 5.498071444884870829e+01 3.502420363455143359e+01 4.655933076757438016e+01 6.648452899749507594e+01 6.744587259779009969e+01 4.797526598336236958e+01 4.628411196560996643e+01 3.824722887627198276e+01 2.081811382945695854e+01 2.757139287268535455e+01 4.686173120721396401e+01 6.143631158064843589e+01 7.026064380628977801e+01 5.354898828784664744e+01 7.026064380628977801e+01 6.211212710624223376e+01 4.212715887184824481e+01 4.212715887188984709e+01 5.395334248047343095e+01 7.392594554999270429e+01
3.950229235330715398e-03 2.000395022923497379e+01 3.495938522741898424e+01 4.298421510596735118e+01 4.858948358994528860e+01 4.709645860703249554e+01 5.538072986946978205e+01 6.483563329458240787e+01 5.655103347949822279e+01 4.186214578779787132e+01 4.129015138326727907e+01 4.885049162864739714e+01 6.039946112247545074e+01 8.040047555735065998e+01 8.474603358830312061e+01 7.647475591748666091e+01 6.563187220560440949e+01 4.570537793371198632e+01 4.168932667077654486e+01 6.162640650877666815e+01 7.474682935342569579e+01 6.943738708320213959e+01 5.788939780968686222e+01 4.513194559189030031e+01 2.513142476544190274e+01 4.081852233943162389e+01 2.422141685707492087e+01 3.314563413514438395e+01 4.468763187515587987e+01 5.884291241348907420e+01 7.352287829272906095e+01 8.178998065558184294e+01 6.842977577672836276e+01 4.845148851720718142e+01 6.211220229128930725e+01 5.626338535758490877e+01 7.623249545647614411e+01
7.711341127313005306e-02 2.007711341127277649e+01 1.535908985561293072e+01 3.186766939263521792e+01 4.077620527631169267e+01 4.906105823066305760e+01 5.893738326962724727e+01 5.065269930402896392e+01 3.654881119787689414e+01 3.186131942743061529e+01 4.600488734863873930e+01 6.600711159895793401e+01 7.713705192539008237e+01 7.607626100911573985e+01 8.435766708445656548e+01 7.971301037761384123e+01 5.979927735237937725e+01 6.563187471669736794e+01 4.923997273538046926e+01 6.915272007405516774e+01 7.436153309542142154e+01 6.115196236238290339e+01 4.115070580794288446e+01 2.960356086657800745e+01 4.513194559189030031e+01 4.671987281327602659e+01 2.673740783225454010e+01 4.671987281327602659e+01 6.030491754987818354e+01 7.174349963159751553e+01 8.713947023999475050e+01 8.254583289925130885e+01 6.258335090280360191e+01 5.999214217708500740e+01 7.669158568204055371e+01 7.623249545647614411e+01 8.449532041763875156e+01
9.541454368626212448e-03 1.916466632859813002e+00 3.832119203302119637e+00 2.383258366307103771e+01 2.077500358522674873e+01 4.077620445456294362e+01 4.738913974161728504e+01 3.065084672659958187e+01 2.500124541685786639e+01 4.500274506144351250e+01 6.014815095377026921e+01 6.736574914691668425e+01 7.282979661726005816e+01 5.612026752925530104e+01 7.282979674999806718e+01 8.798815084399772957e+01 7.971301037795862499e+01 7.741575928460380851e+01 6.074120210667553721e+01 7.741575928460380851e+01 6.607599892496125449e+01 4.607446785486015273e+01 3.452722230361952427e+01 4.960423150654619917e+01 5.788939780969262472e+01 5.014840874994955300e+01 3.015524161099567380e+01 3.226422742436952973e+01 4.372481015227048573e+01 6.347194896536782238e+01 7.801321706765142494e+01 9.081264373833303694e+01 8.254504543052421184e+01 7.995416644566974185e+01 8.820251148015975673e+01 8.625741070339505256e+01 8.339208487118058599e+01
2.297228869525369793e-03 2.000229722886917116e+01 2.383258366307103771e+01 6.632679371359756715e+00 2.663321867927100328e+01 3.168269411461494656e+01 3.385206889456085122e+01 1.910354946659420250e+01 3.910462459986783301e+01 5.328758519387698556e+01 4.941870680454008635e+01 4.748130851540677355e+01 5.752807439257924926e+01 4.468046955191962155e+01 6.455466280118368161e+01 8.151095581455223282e+01 8.979371894405696253e+01 8.891950207474687318e+01 8.064306730188505412e+01 8.385006041786878939e+01 7.230163009473309899e+01 5.824221776914399129e+01 3.824113304525939583e+01 5.824221776914382076e+01 5.523171358853277013e+01 3.521703804487711409e+01 5.014840874994955300e+01 5.207093305590065313e+01 3.856443703648241694e+01 4.997418828855165884e+01 6.971432982396707700e+01 8.553520644087014091e+01 9.349805026599577218e+01 8.196725175843164379e+01 7.368561474550838852e+01 6.625214816515475036e+01 6.625241807173941311e+01
