MOVIE_S12_data/elevation_000644.asc
nrows	50
cellsize	150.0
xllcorner	0
ncols	50
yllcorner	0
NODATA_value	-9999
[rows 17 to 33 of 50, columns 0 to 36 of 50]
5.436832538903087209e-02 2.005436832538867620e+01 3.164348268398213904e+01 5.164348268398142494e+01 4.522540351518696866e+01 4.776534345103220147e+01 5.036904528868245734e+01 4.298203085157016545e+01 4.298203085157015835e+01 3.494154591665554221e+01 3.668772580188038290e+01 4.823476517146642095e+01 6.823774733644229684e+01 7.602424822970291984e+01 8.430260525022964657e+01 8.911823359383818399e+01 8.237762494137965064e+01 8.828442661887638110e+01 8.161512057380586782e+01 6.195029023954448633e+01 4.815665906202303148e+01 4.154142327259200584e+01 3.552285818535440853e+01 3.128273010622531203e+01 5.128787726797847313e+01 6.491396208966735060e+01 7.572375358728270101e+01 6.744948977093308429e+01 6.159881835273308326e+01 8.157426005774006228e+01 8.663412241994939222e+01 9.490939433015554982e+01 8.453992090020082628e+01 6.454464642113816808e+01 5.298818354774280692e+01 4.404247378078408559e+01 4.875823928187939060e+01
9.647730019007895452e-02 1.164348268398249431e+01 2.966429510762592514e+01 3.500951995583913856e+01 4.103974684859961286e+01 4.811081480717263759e+01 5.639511153749546679e+01 6.298085126471575990e+01 5.494028880054121089e+01 4.908364049783259020e+01 5.082996331497088249e+01 6.498171538466716868e+01 7.653540198327550570e+01 8.601628857588299581e+01 7.781111785534037040e+01 7.653016993563879566e+01 6.231200886429925845e+01 6.818535648120023041e+01 8.380402110972862317e+01 6.409293377378972423e+01 6.770998569356665087e+01 5.165839531951486663e+01 5.526231156345168216e+01 3.575536011182878582e+01 3.662877670814373232e+01 5.663468040379263613e+01 6.996806870986806359e+01 7.824342100071939399e+01 8.157426005774006228e+01 8.984868882183243954e+01 8.848370259796907078e+01 8.020399506106636522e+01 8.463138778550704444e+01 7.876273847899673797e+01 5.876206830308169060e+01 4.461451762563580559e+01 3.462834819130372210e+01
9.953738903938927352e-02 4.813582596949725456e+00 9.664295097676427915e+00 1.500951993592496159e+01 2.103974682748033942e+01 2.811081463934593927e+01 3.965782002314002597e+01 5.965782062899724281e+01 7.493074601941795265e+01 6.907948856298980900e+01 7.083196908454600305e+01 6.828335559500325758e+01 5.996196982080757465e+01 6.826428832997976315e+01 5.784213331182263573e+01 6.817872093093130559e+01 4.817248367036241063e+01 6.818281895784608082e+01 8.275148075646447410e+01 8.380402110972862317e+01 7.955493171816115705e+01 7.129789992469837046e+01 6.034755255695738185e+01 4.034516655667224683e+01 5.663468040379263613e+01 4.240488125283552989e+01 4.997003901067968457e+01 6.411543133572443764e+01 8.409758523417731624e+01 8.848404668655490468e+01 7.693469112259501230e+01 6.019401867452381794e+01 6.462766552841118539e+01 7.876345798484715033e+01 7.289406828578434272e+01 6.289573726543460452e+01 4.872312663892918039e+01
3.582433992925927735e-02 2.003582433992890444e+01 2.966429510762592514e+01 3.500951995583913856e+01 4.103974687047745817e+01 4.811081480717263759e+01 5.639511019258488744e+01 6.794213691541789046e+01 7.218852746225830685e+01 7.087975585292171843e+01 6.259694773437531978e+01 5.825510795447274859e+01 3.995700335174717566e+01 5.824558859404747579e+01 4.629870990823495447e+01 5.215606546349023631e+01 4.110223811101060676e+01 6.110188115099252570e+01 6.275867946544166642e+01 7.169999261112666034e+01 9.169232247917612710e+01 7.448146866130818466e+01 5.449309281709176389e+01 6.034755255695738185e+01 4.851559395967326083e+01 4.740855594165989118e+01 6.740984662309128339e+01 6.996806870986806359e+01 8.994847717766714368e+01 8.020403418210415225e+01 6.019401869687924744e+01 4.863313631505752710e+01 5.047043970588607920e+01 6.876138717561552482e+01 6.396463476298163187e+01 6.131493644538781496e+01 5.700323455257932181e+01
8.338298177320474514e-02 1.008338298177329229e+01 2.422551860550696645e+01 4.422551862759826946e+01 5.745046795655579785e+01 5.975754968591070337e+01 6.804173543602135510e+01 6.633092649949563224e+01 5.218848130903023730e+01 5.933435928796691172e+01 4.259797926107283672e+01 4.995714413643116103e+01 2.995031298537513464e+01 4.544508441584129343e+01 4.805785847672059674e+01 3.215206110476949419e+01 3.569261397111716860e+01 4.276588975249693192e+01 5.170660860926255253e+01 6.584385059661687478e+01 8.583797008573922938e+01 8.275617820910116507e+01 7.448146866130818466e+01 5.746412493553275169e+01 6.851017498232545222e+01 6.155642990480512111e+01 5.558025925953673863e+01 6.972003082359263715e+01 8.969667581930015388e+01 8.279884382802300991e+01 6.279111960699106021e+01 6.047887845709377075e+01 4.046917364702375863e+01 5.398687295564045741e+01 4.395985114386347448e+01 4.131616621172272374e+01 4.461704662005976729e+01
1.813270376062421294e-02 2.001813270376026921e+01 3.836765443010837373e+01 3.745039574549114292e+01 3.745039574517796410e+01 3.975748729676892879e+01 5.975754968591070337e+01 5.633084679780223780e+01 3.804637764175534187e+01 5.105056039030210258e+01 3.104591352506658097e+01 3.950088670044604555e+01 2.287395404400006171e+01 2.543502884004923104e+01 2.806343659876365138e+01 4.807240442659396251e+01 5.569085124789150143e+01 4.172542161522369497e+01 6.171920322392598024e+01 7.649252073869598689e+01 8.543705889425420708e+01 9.698674015591217312e+01 8.410466546643962715e+01 6.413052063981156437e+01 8.410466546643962715e+01 8.154124465059912552e+01 6.452706996561038011e+01 6.972003082359263715e+01 8.969667581930015388e+01 9.107826263819879387e+01 8.279884382802300991e+01 6.813739651273077413e+01 4.812553418366427138e+01 3.399901569314570793e+01 2.984643569677200858e+01 2.720580036780232192e+01 2.465022900581832488e+01
2.351309638313057310e-02 2.002351309638277499e+01 2.850611831360562221e+01 1.745038336438516779e+01 2.561534918559925345e+01 4.561537002671276753e+01 4.478374288693274252e+01 3.649937117990276647e+01 2.804638142237346088e+01 4.462285796243341451e+01 3.633762937859817299e+01 1.949478880586172735e+01 3.364196243839104028e+01 4.544507230581687196e+01 4.221505889436557624e+01 4.072212023263463010e+01 6.072047372338677462e+01 6.171920322392598024e+01 4.821205333341718813e+01 5.715194570440881705e+01 6.869591437306571891e+01 8.869654409843741405e+01 9.237493905415070117e+01 7.411978793335465809e+01 9.237493905415070117e+01 8.450582599499793446e+01 7.865586609935625972e+01 8.969667581930015388e+01 9.797032712724171688e+01 9.053948882021558120e+01 7.053911343008813617e+01 6.881562420832295857e+01 5.498087388528308139e+01 3.498932449375008957e+01 4.981911661030964922e+01 4.717367039757331071e+01 2.918821116492605228e+01
2.372884694381488524e-02 2.002372548574822275e+01 8.506111452861798483e+00 2.411936770628423687e+01 2.551623179466701430e+01 2.692692688960616465e+01 2.837406626517772423e+01 1.649937686676700110e+01 3.153190364104500887e+01 3.325110746816616825e+01 1.633477449110223034e+01 3.633762937860672082e+01 4.731113221041851347e+01 6.192706777124009676e+01 6.221328745001073912e+01 6.072047372338693094e+01 6.072047372338693805e+01 6.820614226547141357e+01 6.820614226547141357e+01 5.763562022675096586e+01 6.917968014920261055e+01 8.918043844798575037e+01 1.023590127280361344e+02 9.408954299952472411e+01 1.023590127280361344e+02 1.044804760916425579e+02 9.862887851439505482e+01 1.011965721183044451e+02 8.120602617858699546e+01 8.120602617858699546e+01 7.053911343008813617e+01 5.052226220019418435e+01 4.052054912175353962e+01 5.498087388528308139e+01 6.326650342844342134e+01 4.846467124138644778e+01 3.433634827265761658e+01
6.296921807001566729e-02 1.396302551403350245e+00 2.732608760965474559e+00 4.119359251528552868e+00 5.516219843067714734e+00 6.926911074784917410e+00 8.374060285369749224e+00 9.832710200348682150e+00 1.153520696117880462e+01 1.325007347762853094e+01 1.610602711155551603e+01 1.902122704923193552e+01 3.902710027957787275e+01 5.162655819420481151e+01 6.426022577386240187e+01 7.254445102212550012e+01 8.071942297852305614e+01 8.820704541327845050e+01 8.592097099466846544e+01 6.917968014920261055e+01 8.592097099466846544e+01 9.747075320514535690e+01 9.810332381546849945e+01 1.039580707532025343e+02 9.516240381391772019e+01 8.687829843419696374e+01 9.516240381391772019e+01 9.534469628892863113e+01 7.534959726496435906e+01 6.119773878198198247e+01 5.362702339269196017e+01 4.758964686196706850e+01 5.207108200506306162e+01 6.881562420829419580e+01 7.675623630363652694e+01 6.009977489716366961e+01 4.009538772600007661e+01
8.175220331382776484e-02 2.008175209612102208e+01 1.427961416684723517e+01 2.411936767045650498e+01 1.965835601864546689e+01 1.399797892552994050e+01 2.837406662475658692e+01 2.980708038148818062e+01 1.436139977266585710e+01 2.659026048141562981e+01 3.593092575844379155e+01 3.902710027957787275e+01 2.333351314721124226e+01 4.334230794192232850e+01 4.426258431217834755e+01 5.809545952260229740e+01 6.364076411808812850e+01 7.192487519692150499e+01 8.086796286972088410e+01 8.918043844798575037e+01 9.747075320514535690e+01 9.224893012871262954e+01 7.810947226514363706e+01 8.396553580219665491e+01 8.516665639636235596e+01 6.689016068599248399e+01 8.516665627117015447e+01 9.809270801696241904e+01 8.948355781892735195e+01 7.364360437691200900e+01 7.364360437691200900e+01 5.760222192296545529e+01 7.208672425771023029e+01 8.036764952378827331e+01 6.689760873805687424e+01 5.274443216214742591e+01 5.164139897916612654e+01
7.631710034972485901e-02 2.007631710034937100e+01 3.427962650271094702e+01 4.256396462681709636e+01 3.965839495173690921e+01 2.155727460467649337e+01 4.157024759316752238e+01 3.738446550660685830e+01 1.760211004981389848e+01 3.718408806931783772e+01 4.946930545039372618e+01 5.162655819546441194e+01 4.334230794192232850e+01 2.792525753588683202e+01 3.293131064106753314e+01 3.809949226789350973e+01 4.364688406099788409e+01 5.258743650910022893e+01 6.413075996547041768e+01 8.412919700806959611e+01 9.623589876142398225e+01 8.396553580219665491e+01 6.398261821528092241e+01 8.202344338589739436e+01 7.688422956009476650e+01 5.691473192190418473e+01 6.982394596085299554e+01 8.332386025202450242e+01 9.160692490519238618e+01 9.364085595703242859e+01 8.589338750624514773e+01 7.761453433805478141e+01 8.589338750624514773e+01 9.517957397360868299e+01 8.103859135583280704e+01 7.275654872511580606e+01 7.165413127590679210e+01
9.124702163186203252e-02 1.163825240542427686e+01 2.578038802913427574e+01 4.578038794964485447e+01 4.990171318280469848e+01 3.570307719590392992e+01 4.157414460627069985e+01 3.741135859008811337e+01 3.741418579364424346e+01 2.255887875523901087e+01 4.240350008740391274e+01 5.660815827084963558e+01 5.621590766395244287e+01 4.793221989377882153e+01 3.500358994046843009e+01 5.500312240793019924e+01 6.364076411808812850e+01 5.778382854811454905e+01 7.778065740506376358e+01 9.241492481793940783e+01 8.795218574916493992e+01 6.796521513929459957e+01 5.644230212729447516e+01 6.204605330798949581e+01 6.982394596162176015e+01 4.986304442285485550e+01 6.919690975870764760e+01 6.334533526922740521e+01 8.332386025225288506e+01 8.573124977030347793e+01 9.397679665157025397e+01 9.003593491821904138e+01 9.829080896857487915e+01 8.616481433609544638e+01 7.788059486460556968e+01 7.617932120810651497e+01 6.974986827324111971e+01
8.187870513261463756e-02 1.422401432886369044e+01 3.422401432886439210e+01 4.660221441289669286e+01 5.488648566035830356e+01 5.575524825361198822e+01 6.163826899661572156e+01 5.740464246949424165e+01 5.071477845683386221e+01 3.135096264647583908e+01 2.834450157993584085e+01 4.828306028382533555e+01 6.312507508687962599e+01 6.034711601463730091e+01 4.035172286122895002e+01 6.034711601463730091e+01 7.757375602846451557e+01 7.778065740506376358e+01 8.606592184572849646e+01 9.233228241735601216e+01 8.405738304493051771e+01 8.202344338589739436e+01 6.204605330798949581e+01 4.793428941042880354e+01 6.083930792534396659e+01 4.409907481879415769e+01 4.923175499355018303e+01 6.919690975870153693e+01 8.254032613909551230e+01 6.596327952943249784e+01 7.604382916489839772e+01 7.024810919538599308e+01 9.003593491782874025e+01 7.788059486460556968e+01 5.788127535359242160e+01 5.618018710200774990e+01 5.618018710200774279e+01
2.239863785106879432e-02 2.002239863785071350e+01 3.027228279434281788e+01 2.660221441289740696e+01 4.159278744849085996e+01 4.825945411515741057e+01 5.654372536261902127e+01 6.654372536261766413e+01 5.967006489717833517e+01 4.283983082212422744e+01 4.828306028382533555e+01 3.471849326234170263e+01 4.627931211538341216e+01 6.643373721041837143e+01 6.034711601463730091e+01 4.929412743991206725e+01 6.083718653137302113e+01 8.083479794033705446e+01 9.250463649823447554e+01 8.356891083966614531e+01 6.407971620315474581e+01 6.774574698720321919e+01 7.602112368372635842e+01 6.083930792534396659e+01 4.087223867893769125e+01 3.855548467593820305e+01 5.267647140688787033e+01 7.264488945518355933e+01 7.368442143222388552e+01 5.453549630469783693e+01 5.626408227491494785e+01 7.604382916248212609e+01 9.168558355595916964e+01 7.788059486460556968e+01 5.788127535359242160e+01 4.374035892013928617e+01 3.618118305554932590e+01
1.991760116496149591e-02 2.001991760116460739e+01 1.027228279434317493e+01 1.581928475659541711e+01 2.159278744849157405e+01 2.825945411515812467e+01 3.825945411515777295e+01 5.825945411515706240e+01 7.128120885929509143e+01 6.296372838062482913e+01 6.018612511038594448e+01 4.002401475203528491e+01 6.018612511038595159e+01 7.474693240278612905e+01 7.757375602846451557e+01 6.083718653137302113e+01 7.757375602846451557e+01 8.912028099038360551e+01 8.422963584105448831e+01 6.424739040937446077e+01 5.532415053752839640e+01 4.778168283144648143e+01 5.991516549576495976e+01 6.818870450341840694e+01 5.436113599896251714e+01 3.438531997628298598e+01 4.851241959399073522e+01 6.848118646637863094e+01 6.547110972766049031e+01 4.562958656636490673e+01 6.547110972690983033e+01 6.364428098273081247e+01 8.344352311706593639e+01 7.927315493176499217e+01 5.927376458442513041e+01 4.772769829974625111e+01 5.618018710200774279e+01
1.766589122093755945e-02 4.100148795859550610e+00 2.410014879585919445e+01 2.660221441289740696e+01 4.159278744849085996e+01 4.825945411515741057e+01 5.654372536261902127e+01 6.654372536261766413e+01 6.723091350716119052e+01 6.941907716801863160e+01 6.850805218577252731e+01 5.428884474535630744e+01 5.010776179222347793e+01 6.438287191621647310e+01 8.446396678129745794e+01 8.083479794033705446e+01 8.912028099038360551e+01 1.042143783959251664e+02 8.422963584089862366e+01 8.069418650099184731e+01 6.071899679229795055e+01 4.660627563784400706e+01 3.994706090286068445e+01 5.426733209067938901e+01 5.067976258275363932e+01 3.143622811788360494e+01 5.141586275869095601e+01 6.833972772293036257e+01 6.051072893710571776e+01 4.063311427020665434e+01 4.744209947275782469e+01 6.148003098966099600e+01 8.127386112421969244e+01 8.755738080730746731e+01 7.601064283622035589e+01 6.772650153110009796e+01 5.873535218258273005e+01
6.490672536223988931e-02 2.006490672536188313e+01 3.238442004332044633e+01 4.660221441289669286e+01 5.488648566035830356e+01 5.629191339974738639e+01 4.800552462309629220e+01 5.629191339974738639e+01 4.723002191147372741e+01 4.941785472641398513e+01 6.941907716801863160e+01 7.442341934875700815e+01 7.026448842854836130e+01 6.438287191621647310e+01 8.446396678129745794e+01 8.949911005310696055e+01 8.117155432171384177e+01 8.949911005310696055e+01 9.333424350221639543e+01 7.334855856268845287e+01 5.922827924037557779e+01 6.656959440218041379e+01 5.426733209053703177e+01 3.429174384891184246e+01 3.069951410576425488e+01 2.854924512321758101e+01 4.009088804064153067e+01 6.006289945377285022e+01 5.582553022866272130e+01 3.591960495609737336e+01 5.582553022866272130e+01 6.489963350818943866e+01 7.311441393890659413e+01 8.301863929568482092e+01 9.219388915421380659e+01 8.219644889632205320e+01 6.701717598818379429e+01
