MOVIE_S12_data/elevation_000422.asc
nrows	50
cellsize	150.0
xllcorner	0
ncols	50
yllcorner	0
NODATA_value	-9999
[rows 17 to 33 of 50, columns 0 to 36 of 50]
5.436832538903087209e-02 2.005436832538867620e+01 2.405338169433965945e+01 2.610944525431455077e+01 9.184041657585417795e+00 1.140636697203371064e+01 3.141511800906584284e+01 3.756375039126081106e+01 4.089827612139119140e+01 2.582183009737943280e+01 2.954041435194496756e+01 3.362535917328052193e+01 3.896878229626841517e+01 4.562972969539918466e+01 5.269531364773923343e+01 6.423881284997604268e+01 8.423652996070183008e+01 9.377763190979499086e+01 7.367272104135133759e+01 7.736204092585403203e+01 6.211788763658478985e+01 4.207446870202996081e+01 5.644875265787013063e+01 5.979221492742592403e+01 3.985783107976921258e+01 5.396352902053290279e+01 7.386390749466006866e+01 7.306862877496388364e+01 5.826393193540637583e+01 5.936926182257608531e+01 7.355667076962821227e+01 9.365335275947617788e+01 9.530340348826807428e+01 8.363621829721813583e+01 7.525513186752125705e+01 6.896427158252144807e+01 4.831191010900685257e+01
9.647730019007895452e-02 1.423861292392115452e+01 3.423861292392185618e+01 3.751428976220341127e+01 2.333468159054221047e+01 3.141512041034565428e+01 1.897032469218010320e+01 3.897689212790483992e+01 5.410315163825923435e+01 3.996638576946715915e+01 4.108572704657262165e+01 4.775972996412161820e+01 4.994658092688682416e+01 5.895747117695270134e+01 7.269084260364630268e+01 8.097310129985858396e+01 9.251805257199401922e+01 9.157684035636540898e+01 7.147407821532284800e+01 5.728953689139051164e+01 5.061189604151773125e+01 4.915249484666793478e+01 6.920889641371429946e+01 6.377547451114823929e+01 4.385917659253657774e+01 5.794862754528686821e+01 7.784272748200331193e+01 8.666027661345596300e+01 7.833555751042875670e+01 7.944285264510511979e+01 8.776767302236220303e+01 9.716738401214074372e+01 8.690784605577658795e+01 6.672475303563966520e+01 5.516659695742163905e+01 6.451735829097259511e+01 5.761203226959825230e+01
9.953738903938927352e-02 2.009953738903903542e+01 3.726436749739139742e+01 4.881137288118411988e+01 4.339629229997424176e+01 3.897689212791992475e+01 3.897689212791992475e+01 2.840578673581358160e+01 4.840426536057550067e+01 5.995860352464400478e+01 5.522040386815432100e+01 6.775178250015433434e+01 6.993904577436167358e+01 7.822045682936138178e+01 8.723293055030809739e+01 8.233132510872373189e+01 8.233132510872373189e+01 9.065847780034864911e+01 8.568881162432370502e+01 7.736204092585403203e+01 7.067120624769941628e+01 5.811204261235040036e+01 7.753210034112748872e+01 6.929019830423038684e+01 4.940657889825131832e+01 5.383799266947031015e+01 6.376499097408440520e+01 7.778917034909018469e+01 9.783658355402870654e+01 9.392014452309375372e+01 8.552635071356361607e+01 7.691108624755719347e+01 9.123699626099416093e+01 8.363621829721813583e+01 6.451735829097259511e+01 4.449193904977487080e+01 3.870274081864025817e+01
3.582433992925927735e-02 8.980096249928495311e+00 2.052710163372121599e+01 4.052710163372191943e+01 5.595561319059856942e+01 5.897224305439102210e+01 5.668584488531202226e+01 4.254857135932418544e+01 4.254857135932418544e+01 6.254116123550324602e+01 7.521454051370025695e+01 7.504924339818845169e+01 6.684131506033175185e+01 7.504924339818845169e+01 7.646898289001579485e+01 6.227948797968280559e+01 6.227948797968280559e+01 8.233132510872373189e+01 8.543273139511069303e+01 9.375988793057265980e+01 8.651339727931292600e+01 7.818643972311186019e+01 7.818643972311186019e+01 7.527547958359637903e+01 5.542454731520129485e+01 6.787257801244702193e+01 8.201373742624770102e+01 9.199430827054445103e+01 9.985659758881794801e+01 7.959056810567874152e+01 6.532764141937474278e+01 6.265911205995796251e+01 7.842344603553628701e+01 7.321434991104852941e+01 7.287571287074970883e+01 6.451735829097259511e+01 5.873651769620229857e+01
8.338298177320474514e-02 2.008338298177284997e+01 3.018211049870342322e+01 3.595561319059927285e+01 3.595561319059927996e+01 5.179917389822998786e+01 6.334617928198688475e+01 6.254116123550324602e+01 6.254116123550324602e+01 7.082311841129983065e+01 7.163143697810534150e+01 6.341996726909091819e+01 4.684344445773109555e+01 6.507698754839762501e+01 6.815253509953075195e+01 4.811999390951334021e+01 6.815253509953075195e+01 7.383499948230195287e+01 6.534487042864395789e+01 7.587781172161659526e+01 8.414475496183750636e+01 9.561359614958399789e+01 9.829383104613526712e+01 8.189135477582829026e+01 6.204372919913242868e+01 8.189135477582829026e+01 9.615489684004825222e+01 9.415924472764417885e+01 8.576401083200994435e+01 8.727702782454552732e+01 7.275156528051383020e+01 5.259727918642627742e+01 5.824870354915398707e+01 5.304851904748687019e+01 5.420595672270430754e+01 6.256901437032409774e+01 5.812635462454002777e+01
1.813270376062421294e-02 5.018132703760602276e+00 1.018211049870377849e+01 1.595561319059998695e+01 2.351490265078439990e+01 3.506190803457650418e+01 5.506190803457579364e+01 7.278104050339437947e+01 6.451751327612107900e+01 7.278104050339437947e+01 6.341996185495901983e+01 4.342474301213999865e+01 3.683781542240711815e+01 5.684232881791048442e+01 6.181732296385857950e+01 4.179155830920515058e+01 5.592008177008550263e+01 5.374162881516891588e+01 5.374162881516766532e+01 5.665920117571722159e+01 6.752078729858980921e+01 8.729371938364768369e+01 1.034848144610598695e+02 9.022073734473680418e+01 7.191251924802227791e+01 9.022073734473680418e+01 1.000955134875934220e+02 7.982770806288131382e+01 6.557144129907838703e+01 6.707651542718762983e+01 6.810700003211340459e+01 6.415774881451925182e+01 4.400741177542408877e+01 3.880665176775708858e+01 3.406604238321501299e+01 4.799063357073048763e+01 3.798376252062614356e+01
2.351309638313057310e-02 2.002351309638277499e+01 3.018211049870342322e+01 3.595561319059927285e+01 4.351490265078368935e+01 5.179917389822998786e+01 5.062136839348753625e+01 5.888902517115594293e+01 4.451105961638985775e+01 6.278609290878694082e+01 4.965965442802717433e+01 4.137700717085927238e+01 2.927643522348338223e+01 4.582047309493014353e+01 4.816794025620041708e+01 3.601559546174544124e+01 3.584879481975757187e+01 3.951316758906937565e+01 4.620736760203502058e+01 6.478194174977095088e+01 7.842733630408542922e+01 7.468691847277968066e+01 9.507028707820313684e+01 1.002338343114841308e+02 9.187019030363437366e+01 1.002338343114841308e+02 9.443318128710465942e+01 7.419252272522915348e+01 5.996050812914611328e+01 5.284716711032905323e+01 4.795846893732698391e+01 6.156995333595208564e+01 5.761750606507341388e+01 5.421146767282829160e+01 4.799063754389385394e+01 2.786930980310692973e+01 2.377859084154592750e+01
2.372884694381488524e-02 1.416586447067489019e+01 3.416586447177589037e+01 3.985151275354703415e+01 3.778213438968864324e+01 3.650384237937512921e+01 3.066786633161049735e+01 5.062136808147221956e+01 3.450646859001883371e+01 4.296276742106027768e+01 3.841044955227269497e+01 2.136941636295304292e+01 2.350203264784195767e+01 2.581185443188325479e+01 2.816910813130507663e+01 3.084190643565130330e+01 5.085804434387397066e+01 5.962684082209509029e+01 4.655766419752891494e+01 5.185286622979562310e+01 5.799259062444463098e+01 6.980891401450772094e+01 9.037978706404724960e+01 1.063798409338613311e+02 9.783482773522588616e+01 1.065954838468345116e+02 9.443318128710465942e+01 7.419252272522915348e+01 8.012087436212213731e+01 7.299310851826287205e+01 6.156995332687350952e+01 4.141666998737753858e+01 3.746709416300614492e+01 3.406863985496669045e+01 3.081150481890261261e+01 2.759983133465826555e+01 4.388340194961796925e+01
6.296921807001566729e-02 2.006267670398612424e+01 3.282989061001885744e+01 1.912989890103573742e+01 1.946805506644403394e+01 1.655733192172374757e+01 3.650908247777019966e+01 4.249134656748171324e+01 3.418436501564605123e+01 2.295589656960477498e+01 1.840335928860380932e+01 2.188609319665223651e+01 4.189337833874185435e+01 4.582347971854265012e+01 4.818257216941059085e+01 4.499190234535453925e+01 3.714895578483439920e+01 5.708180042076570970e+01 6.850455477699776452e+01 7.195532569944019485e+01 7.842733630408542922e+01 8.685834146013148427e+01 9.896738136293744503e+01 9.362621208258437377e+01 7.685059626679492339e+01 9.570934887087811660e+01 1.028321796147933327e+02 9.443318128710465942e+01 9.011467657379692753e+01 6.990780626404239229e+01 5.566327030168670120e+01 4.909855807134340466e+01 5.761750606507345651e+01 5.420861838143367351e+01 3.547885240004923446e+01 4.772024732002562786e+01 5.607928196284577638e+01
8.175220331382776484e-02 2.008175219746769358e+01 2.267752345585790863e+01 4.542355431561865053e+00 5.872735642037178572e+00 2.587269178040419604e+01 3.606249986811439356e+01 3.178866859031562342e+01 1.417349258215587859e+01 1.588265990875796874e+01 3.588948112759464237e+01 4.189337833874185435e+01 2.705108929157026765e+01 4.705977352222115684e+01 6.089032070703634503e+01 6.502016390849047411e+01 5.122723905512761888e+01 4.414561328557471143e+01 5.151319484050079467e+01 5.943764310983907961e+01 7.338729494549681931e+01 9.336646193625476542e+01 9.664610499371590890e+01 8.602999693709615769e+01 6.673623523779076550e+01 8.709580006822071141e+01 1.017959653739808061e+02 9.849840425621563611e+01 9.022617410491656642e+01 8.419205708853924364e+01 6.924831672947216532e+01 6.334021220854089051e+01 7.748989428254691347e+01 6.143821518001962545e+01 4.128773673214197260e+01 6.143821518001962545e+01 5.986563463351976822e+01
7.631710034972485901e-02 1.375456705272988023e+00 2.677345815081229041e+00 2.267658648974284930e+01 2.587420487472629560e+01 7.806208619111925984e+00 2.780054358787465318e+01 1.178265135395522378e+01 1.447992782940512591e+01 3.448561444778442109e+01 4.405977658771796257e+01 5.532262538645841232e+01 4.705977352222115684e+01 3.259914193919831860e+01 4.674858098985377097e+01 6.675971078673117631e+01 7.121596187143444467e+01 5.814073392477159530e+01 5.555716538416891837e+01 7.550067243314418874e+01 7.557113269110409703e+01 9.555945117623676310e+01 8.893493692481808921e+01 6.986863465534572981e+01 6.007357968251314873e+01 7.368504716753898265e+01 9.320621634395124033e+01 8.697667798778753934e+01 7.027605394254538851e+01 8.697667798778753934e+01 8.942358705190707724e+01 8.353858475835231445e+01 7.793484648354665012e+01 5.773525459539494165e+01 5.029516626288430103e+01 6.981431163095027159e+01 8.005682551274550462e+01
9.124702163186203252e-02 2.009124679562828319e+01 2.267752343303447304e+01 2.233932337805904567e+01 3.560078685901180506e+01 2.056738892825586618e+01 9.767384908634518581e+00 2.977359036729254527e+01 3.448016729797540592e+01 1.840349946390248803e+01 3.255010409909767333e+01 5.256616063009394679e+01 6.089032070704221411e+01 4.415152433666828813e+01 3.926810785781186297e+01 5.928050388332660958e+01 7.486211716866826293e+01 7.809868777820179275e+01 6.704097259180541357e+01 8.380347419248555241e+01 9.555945117623676310e+01 9.902822872586581582e+01 7.913753549686356337e+01 6.505470538028089322e+01 5.375959472039998843e+01 6.505470538430792260e+01 8.496338553052800080e+01 7.870796685880621624e+01 5.875667881185198382e+01 7.870796685880621624e+01 9.356953124495558427e+01 9.106409594037441479e+01 8.638868552740163409e+01 7.045313112313344561e+01 7.045313112313344561e+01 7.884143415440368585e+01 7.943279334309519868e+01
8.187870513261463756e-02 1.008187870513270212e+01 3.008187872344547742e+01 4.137133052830653668e+01 4.071859754127694231e+01 2.776171359041189035e+01 2.391690133863355427e+01 2.391237564307484575e+01 4.126610771678097933e+01 2.126158888952116399e+01 3.540795700881415797e+01 5.541124439598581120e+01 7.243838198427042130e+01 6.416379514840951970e+01 5.928050388332660958e+01 4.657497520879190489e+01 6.658835803330991610e+01 8.428807712027958132e+01 8.705683732480419224e+01 9.536788965947201291e+01 1.091730593582753812e+02 1.009570018327802217e+02 8.278754626759157986e+01 6.287608397951949968e+01 4.876462812147428139e+01 6.870801626035560616e+01 7.056180639616020756e+01 7.165412132310245852e+01 5.169635596047931614e+01 6.534292176779196382e+01 7.747133925778764763e+01 7.110885310303611107e+01 8.522277197297923124e+01 9.068413384971404412e+01 8.699995878083632306e+01 7.547620521802627991e+01 6.722347606666153297e+01
2.239863785106879432e-02 2.002239863785071350e+01 3.008187874876267998e+01 5.008187949525552796e+01 5.620328735962812061e+01 4.875289945888879117e+01 4.403761328460311120e+01 3.546086803621384576e+01 4.424898242228506717e+01 2.424378882167563276e+01 4.424898241988844205e+01 5.704801510267705567e+01 6.826617632038653483e+01 7.650601786262143378e+01 7.486211716866826293e+01 6.072862237960718090e+01 5.601019726544542010e+01 7.016547260793061014e+01 9.016098737904955840e+01 1.086627718070576947e+02 9.766957979990790761e+01 8.099540417373825107e+01 7.630543120035748927e+01 5.637556331838750623e+01 4.484510881570682983e+01 5.964970421785314869e+01 5.061058628393692516e+01 6.471643265268819789e+01 4.537864657176474026e+01 5.751228878323224336e+01 5.751228878323201599e+01 5.699707300996185921e+01 7.695360840986823803e+01 8.889003155058492212e+01 7.876752922378410915e+01 5.877264263037195491e+01 4.721915740422495844e+01
1.991760116496149591e-02 1.416205322489603624e+01 3.416205322489673790e+01 4.624238117356760114e+01 4.843017716839121078e+01 5.671444841585341123e+01 6.372043607369164420e+01 5.544217246305487379e+01 5.252018061301966156e+01 3.839023220556519789e+01 2.877365332321325653e+01 4.877943566802846931e+01 4.826887471789362394e+01 6.826617631593397562e+01 8.130240658900285666e+01 8.073501132040024686e+01 7.016547260793061014e+01 7.235381843786980482e+01 9.234366315984190976e+01 9.760214831745294362e+01 8.047810520227898223e+01 6.941027484660602909e+01 8.455349745774947223e+01 7.108415569380724719e+01 5.121795253865421671e+01 3.968624693833503159e+01 3.649210391594630210e+01 5.215046750323887892e+01 5.751228878323203020e+01 3.754591512866865344e+01 4.436868514157148269e+01 5.068406648653770219e+01 6.066722810901833896e+01 8.062039876409403405e+01 8.135545812116363606e+01 6.136981743647363885e+01 6.722347606666153297e+01
1.766589122093755945e-02 2.001766589122058093e+01 2.783623122272380712e+01 2.624238117356689770e+01 2.843017716839050735e+01 4.390397513328814227e+01 5.097504294515373857e+01 5.925931419261593902e+01 6.662260942856295287e+01 5.585189209944445565e+01 3.584653196413088239e+01 3.412001496164008074e+01 4.306809361346169140e+01 5.307398555927909456e+01 6.722310520163648562e+01 8.718530155044967955e+01 9.016098737904955840e+01 9.234366315984190976e+01 9.172863443231292990e+01 7.766693974320904204e+01 8.047810519904557225e+01 6.043443164030214376e+01 8.047810520227896802e+01 7.922187964965597473e+01 6.784650800366229362e+01 5.121918147588354486e+01 5.215046750323955393e+01 3.220220954680597458e+01 4.803671147500141103e+01 3.285409553927024717e+01 3.915381041358715919e+01 5.912004816200660429e+01 7.891176370177160493e+01 8.889003155058492212e+01 8.958259299957904886e+01 8.135545812116363606e+01 7.377611365503672403e+01
6.490672536223988931e-02 3.913908519959752752e+00 7.836231222723450074e+00 1.210024554983569622e+01 1.787374824173205567e+01 2.390397513328743528e+01 3.097504294515303513e+01 4.252204832894595654e+01 6.252204832894665998e+01 6.411318234104940927e+01 4.479489243578524338e+01 5.412594870555889059e+01 4.098260795411636792e+01 6.098760662378343511e+01 6.516880893156832144e+01 7.930539951560764678e+01 9.921011299493279978e+01 9.760214831745294362e+01 7.766693974320904204e+01 6.349289872411355873e+01 7.195135751611225317e+01 5.408948956380882578e+01 7.413973908777751376e+01 7.853480758758904301e+01 7.942274666420824758e+01 7.116601245048371993e+01 6.041630794565157458e+01 4.803671147500141103e+01 2.812259105902551326e+01 4.803671053354947418e+01 5.912004782148206061e+01 6.738785457213580798e+01 6.691317431589226317e+01 7.518413399417261189e+01 8.516635097245838892e+01 7.965423374157191461e+01 5.968917475851370824e+01
