MOVIE_S12_data/elevation_000451.asc
nrows	50
cellsize	150.0
xllcorner	0
ncols	50
yllcorner	0
NODATA_value	-9999
[rows 0 to 16 of 50, columns 0 to 36 of 50]
8.271705653423140625e-02 2.127631151761726416e-02 9.425194436011796739e-02 4.939197167322698090e-02 3.975871534419905817e-02 6.171646774684565184e-02 1.696294146011132625e-02 1.936121709489252440e-02 4.216450047424835645e-02 2.297044857093000214e-02 6.704298068806634203e-02 4.162315340452049650e-02 3.835349583220235004e-02 2.777463300387698203e-02 2.207885817162396139e-02 7.161913568127860341e-02 9.025521335945362045e-02 3.502399586135773735e-02 8.040414306008919487e-02 3.131346976591601466e-02 7.604099264847130613e-02 2.387740603804927586e-02 5.687112022313325910e-02 4.074439634684711570e-02 8.709178300582484655e-02 7.612946965408906586e-02 1.077918208624280109e-02 9.929772718869623455e-03 4.600412614040166881e-02 2.152795518990661267e-02 2.378824418737431057e-02 9.511189423522797837e-02 9.406546861214974686e-02 1.749038473908382007e-03 2.223905489293687143e-03 6.269637160239108220e-02 9.476101746191394060e-02
7.639902522890137937e-02 2.002127631151726206e+01 2.009425194435976181e+01 1.159639735546564232e+01 2.003975871534384368e+01 9.005988377746081852e+00 2.001696294145975585e+01 5.566363618689528003e+00 2.004216450047389131e+01 1.416510607230175545e+01 1.420921074455703526e+01 2.004162315340416356e+01 2.599091094490116216e+00 2.002777463300352068e+01 1.416421448190244803e+01 2.007161913568092260e+01 4.454613018079320419e+00 2.003502399586100324e+01 1.422253976679091458e+01 1.417344909391598762e+01 2.006750579361333919e+01 1.215604116109877175e+01 1.326872389937781893e+00 2.004074439634649352e+01 2.008709178299505993e+01 2.007612946965373268e+01 7.251754219073403895e+00 2.000992977271851458e+01 9.745055494066445334e+00 5.929059990037576888e+00 1.915151028517606768e+00 2.009511189423487210e+01 1.164107085240456563e+01 2.000174903847355168e+01 2.000222390548893969e+01 9.006968281601626103e+00 2.009476101746155763e+01
7.813061968023242432e-02 2.007813061967987878e+01 3.988066860292653359e+01 3.159639735546528527e+01 3.729025962520697846e+01 2.055299376153880075e+01 3.136425844487214931e+01 1.133987479683744048e+01 3.136425844487214931e+01 3.416510607230104313e+01 3.421270250646701783e+01 2.517958614247320170e+01 5.181079991961503595e+00 2.517958614283047680e+01 3.416421448190173749e+01 2.892674897307929527e+01 8.926748973078938221e+00 2.306888459681013970e+01 3.422253976679020582e+01 3.417345044758986461e+01 3.860020721254141307e+01 2.399834608526346713e+01 6.484704051143727277e+00 3.183825643400256311e+00 2.367310639111073911e+01 3.548615535414446498e+01 1.625595770203544177e+01 3.472227438290148882e+01 2.797979912649685019e+01 2.226572717235538690e+01 3.864549048216776139e+00 2.414355284040398431e+01 3.164107085240420858e+01 3.992534209862052563e+01 3.729123952906452644e+01 2.055397366539434501e+01 3.593240824941452871e+01
1.795629399984677299e-03 2.000179562939963063e+01 3.002526786264090930e+01 5.002526786264161274e+01 4.883726500900170464e+01 4.055299376153950419e+01 3.805565023395865154e+01 1.800668119059383088e+01 3.806573638639599011e+01 5.192115629156462830e+01 3.198949767081255047e+01 2.782015971713266467e+01 7.830144706086986872e+00 2.197169237631714722e+01 4.196545988946414951e+01 3.392674897307968251e+01 1.392674897307898085e+01 3.392674897307968251e+01 5.135315584427304003e+01 5.001713606369941800e+01 3.357951925015812122e+01 1.425444170522152199e+01 2.439567415994912380e+01 4.502586291549324216e+00 2.449846251846776823e+01 4.437964669725649003e+01 3.028487357440836902e+01 4.437964669725649003e+01 4.481965335907082704e+01 3.206719245954209185e+01 2.372755905256907383e+01 6.832953758663376398e+00 2.156071057110874278e+01 4.307305187892456644e+01 4.883824491285724889e+01 4.055397366539504844e+01 4.487668015941149235e+01
2.526786264046545702e-02 1.002526786264055225e+01 3.002526786264090930e+01 3.743576790722048031e+01 4.450732860465904395e+01 5.280105990714496045e+01 4.650013468965759245e+01 2.804566350946512543e+01 4.430624632767452198e+01 4.614549571172688047e+01 2.614166946729810448e+01 1.200043297175733947e+01 1.677437735617242964e+01 2.782772239449958818e+01 4.781915141006737002e+01 3.947375093533207746e+01 1.947375093533137047e+01 3.947375093533207746e+01 5.551892438906921967e+01 3.659177524923799751e+01 2.300385791137965441e+01 3.166621918002140745e+01 2.582670619409551449e+01 5.830032002691480031e+00 1.997157841113842380e+01 3.996223824131046598e+01 5.019754242057290128e+01 5.061076100335554884e+01 3.090902961061724241e+01 1.676956726377256857e+01 9.889823806568102782e+00 2.732141930273003538e+01 3.548037908516401728e+01 4.267449115744391719e+01 4.844263662393893810e+01 5.657984194764804187e+01 5.642368554319935470e+01
8.483503398980346555e-02 5.631836996242118865e+00 1.140533968813842769e+01 1.743556657969443791e+01 2.450663439170731905e+01 3.605364261031075301e+01 5.605674819465359349e+01 4.257033938216417823e+01 5.720864297911303709e+01 5.276122856457792665e+01 3.511751452637155779e+01 1.512390816421716977e+01 3.511748932629572550e+01 3.091501952365339179e+01 5.090520935295310778e+01 4.579830625566894753e+01 2.579830625566824054e+01 4.579830625566894753e+01 5.551892439843018678e+01 3.659177524923852332e+01 3.659177526979851791e+01 4.465355834225042742e+01 2.262996134534927251e+01 7.169328578192656565e+00 2.716689375222440006e+01 4.573512261478279584e+01 5.727213680189425560e+01 5.061080430457778334e+01 3.090902969387432364e+01 3.667945037182906276e+01 1.905762550058167193e+01 1.310118890781709489e+01 1.695959256155138561e+01 2.161850885130078836e+01 2.774596853425563481e+01 4.266343554164598828e+01 6.239486225649189777e+01
4.163169627051844027e-03 1.000416316962696506e+01 2.414629879335766560e+01 3.743576790722048031e+01 4.450732860465904395e+01 5.280105990714496045e+01 6.436718912512921520e+01 6.417573708522296272e+01 5.860466436211620334e+01 3.868100086449723563e+01 2.455155001578594209e+01 1.883781457503739887e+01 3.882996701362761627e+01 5.090514375743704534e+01 5.917683752682969356e+01 5.408257750313114087e+01 3.474257816566771595e+01 5.408257750313114087e+01 6.344249914000518942e+01 5.551892439535794210e+01 5.551894288385909704e+01 4.265376284993030964e+01 2.266305149404015395e+01 8.520797493991734584e+00 1.746607541993110857e+01 2.901233888822072871e+01 4.899761602877168798e+01 5.873116004145700941e+01 5.061079205455912700e+01 3.532248062091372987e+01 3.893011835638526463e+01 3.308781595483416282e+01 1.657239386371815826e+01 3.647073749273044285e+01 4.844263662393893810e+01 3.922010886189070789e+01 5.903315555387737845e+01
2.434392073152260791e-02 2.002434392073116598e+01 3.828843441708785633e+01 5.243057004081855865e+01 5.972828859557048986e+01 5.823526314350767308e+01 6.651957529393236257e+01 7.080818654058491290e+01 5.124932762932770203e+01 3.718840789886238696e+01 4.367816733413481245e+01 2.368852042833328753e+01 2.778180031144850659e+01 3.594554872093311815e+01 5.592443427277082435e+01 6.302684941313061984e+01 4.888471378939916434e+01 6.302684941313061984e+01 6.646815929805876522e+01 4.648327178375162561e+01 4.476878095341596264e+01 3.648960663070212718e+01 2.989485840834185026e+01 9.897642561695237262e+00 2.989485861233351116e+01 4.425594718491538515e+01 5.507272206601113851e+01 6.349552406007780547e+01 6.310369425341404082e+01 5.498217476628889244e+01 4.053956522795250095e+01 2.018590692044499946e+01 3.542977607633122261e+01 3.065887622687110792e+01 5.014736191389940245e+01 5.903315555387737845e+01 5.332799516624381653e+01
5.883922493566802470e-02 2.005883922493531202e+01 3.985143928278367298e+01 5.387044514822823515e+01 3.972828621743293098e+01 3.823526122957139251e+01 5.237739689881015437e+01 7.237740327829874332e+01 6.521437595887802274e+01 5.704687657969026304e+01 4.883855779421012500e+01 2.885244865200850128e+01 4.776811355664584369e+01 4.776809844436646557e+01 5.007647841591995075e+01 7.004264861453943070e+01 6.888471378940057832e+01 7.027227564081995581e+01 6.306890730008063173e+01 4.648327178375162561e+01 2.649594156403221490e+01 1.648691751149547713e+01 1.374006321266874586e+01 1.151137523266066864e+01 1.672493254703238108e+01 3.595025167641783526e+01 3.488079418756121441e+01 4.640748435976575337e+01 6.690965690257313270e+01 5.796489575361098190e+01 3.508606120133195105e+01 4.011310052811658267e+01 2.404676268331471434e+01 4.365514320759871936e+01 5.014736191380320918e+01 6.931886672099851410e+01 7.280663113721608681e+01
2.016265153036126551e-02 1.156716803532277638e+01 3.156716803532242110e+01 4.411734851867800700e+01 2.558615058801106201e+01 4.297538331932208422e+01 4.964205333536401099e+01 5.792653159114505712e+01 6.792665030292245376e+01 6.296125237697825128e+01 4.298874616077452515e+01 3.551864792227583933e+01 5.549851282378853767e+01 6.773901491430987676e+01 7.004264861453943070e+01 7.831246966585625557e+01 7.027227832615622560e+01 5.028825566759181953e+01 5.329793742232178744e+01 3.480553647638399184e+01 2.066547946222273424e+01 3.425388292208146623e+01 1.714813429533886691e+01 1.327943173813861044e+01 3.532596281983948927e+01 2.473930549370219723e+01 4.427968262320987236e+01 6.349552406007780547e+01 7.528452759417758955e+01 6.655440875782524301e+01 5.661135113113344630e+01 4.499583235151274607e+01 2.684003661191768231e+01 4.635171577038825319e+01 5.699967814117393772e+01 6.363748176819162694e+01 7.148177349742556430e+01
1.256007409845548775e-02 2.001256007409810067e+01 2.654524045755523431e+01 2.411734763618166966e+01 1.891948392134427692e+01 2.297537662056955199e+01 2.964204328723818804e+01 3.964204328784934006e+01 5.964206338287863929e+01 7.123272203106621703e+01 6.296125237697825128e+01 4.705928743094506217e+01 4.965062318958135279e+01 6.961656728995245658e+01 8.425135943805669569e+01 7.596876086502285830e+01 6.280513618025894118e+01 5.395538405084302269e+01 3.397548541643875808e+01 2.503236605223714051e+01 4.065842373349136807e+01 4.245408434541862874e+01 3.416919184520821062e+01 1.520937859990098673e+01 3.626037988154962477e+01 4.427968262320987236e+01 5.268017276351071843e+01 6.775666360331386784e+01 7.774919647035135029e+01 6.621392213112072511e+01 4.818450573661456815e+01 3.468027132866652096e+01 4.635171577038825319e+01 3.164314027334936341e+01 3.793930518120262008e+01 4.486293792804440272e+01 5.434423124516930415e+01
1.283213977233468341e-02 3.257260562387591651e+00 6.545240308494751247e+00 9.975212011344957830e+00 1.444734796634457474e+01 3.444735180873996683e+01 4.964205333536401099e+01 5.792653159114505712e+01 6.792665030292245376e+01 7.478673563942422220e+01 7.529796793768505836e+01 6.702671004625246098e+01 6.961656728995245658e+01 7.788845533948757804e+01 7.596103436161274658e+01 5.596426681072295395e+01 5.451969113523596633e+01 3.454503329247170029e+01 2.995739173643987385e+01 4.502010622445874333e+01 5.329883232583825503e+01 5.031108869935460604e+01 3.782904011435869762e+01 1.729694525044240905e+01 3.807658147241597391e+01 4.794654276567501228e+01 3.950761077110562525e+01 4.948604546430465945e+01 6.946263095668066967e+01 6.266867875868501869e+01 4.390266769417434745e+01 5.382229632832871857e+01 5.881476446657044477e+01 4.544611195972817086e+01 3.778962773581776702e+01 5.685638908924386925e+01 7.148177349742556430e+01
9.594114293757748102e-02 2.009594114293722100e+01 2.654524045755523431e+01 2.997521227092794760e+01 2.858948346075121094e+01 2.709645861156515423e+01 4.123859449701149060e+01 6.123863100239239543e+01 6.892038003170780769e+01 5.478136936423226189e+01 5.958478736350207328e+01 6.665755128395007034e+01 7.493543619778458265e+01 8.493391881843403723e+01 7.327674234260379649e+01 5.336769337935319868e+01 4.184050923453414583e+01 5.451964004960725418e+01 3.550290408369030359e+01 5.548002235811514993e+01 5.643506501223638594e+01 3.644661270132981201e+01 2.204043829106842267e+01 3.807658147241597391e+01 2.094469051906919788e+01 2.791921355274114092e+01 4.794534878268646594e+01 6.433654392305579961e+01 7.774919647035135029e+01 7.049068734053099661e+01 5.241251526153619977e+01 7.049068734053099661e+01 7.218341697341263341e+01 6.118451428431211525e+01 4.231865394401748404e+01 5.572506605030954319e+01 7.436478825391483838e+01
3.950229235330715398e-03 2.000395020628186060e+01 3.034168373543027286e+01 4.123007645737872195e+01 4.858940081543894962e+01 4.709646821212479040e+01 5.538094194434481210e+01 6.380089256148096410e+01 5.552032739643075843e+01 4.063731851922801752e+01 3.958153814961836048e+01 4.665275396440569011e+01 5.665393936788601081e+01 7.666116320001447093e+01 8.138599689097188161e+01 6.963686555176182935e+01 4.948017165689017105e+01 6.150244692007740355e+01 4.152701790122623748e+01 6.150310505130903493e+01 5.951612322467558869e+01 3.954858387315744750e+01 2.533356617468646377e+01 4.539694074560789261e+01 4.127046950690427707e+01 2.458387760524812293e+01 3.622478851886626217e+01 5.614466552534268118e+01 7.059489856544264796e+01 7.885139531620652065e+01 6.548954830532629501e+01 7.885139531620652065e+01 6.848367025933961827e+01 4.987440088462815879e+01 6.118451428431211525e+01 6.901403468297145594e+01 7.564114101406597968e+01
7.711341127313005306e-02 2.057408497226474786e+00 2.205740848946242849e+01 2.123001734948333663e+01 4.123006197830068231e+01 4.625544555307313033e+01 4.849651202898517965e+01 5.224861689434211343e+01 3.551765611940908940e+01 3.063721543667927349e+01 4.478001509867002738e+01 6.478405359335016556e+01 7.493543619778458265e+01 8.493391881843403723e+01 8.992523995256652825e+01 6.979260899447521638e+01 6.125771870677960607e+01 6.856738466171779578e+01 4.858658459484627201e+01 6.856738466171779578e+01 6.275452577334898052e+01 4.279167175505640586e+01 2.865537941283750456e+01 4.863865632517713777e+01 5.294062887923761451e+01 4.466473566203539036e+01 2.821118053940254455e+01 4.235072781804419151e+01 6.211900550341139393e+01 7.365114575249306483e+01 8.418762892947430032e+01 8.378193071578975548e+01 6.504546468053975161e+01 5.822911215848789368e+01 6.504546468053975161e+01 8.378193071578975548e+01 8.392541306449938077e+01
9.541454368626212448e-03 2.000954137715908843e+01 4.900084715301269433e+00 2.490002693676526846e+01 2.993742214642169941e+01 2.624028308020107758e+01 2.849039835956740419e+01 3.819699612800446431e+01 2.397054789047374257e+01 4.397178007509212705e+01 5.892081407773421375e+01 6.790002712267643403e+01 7.620706938615947479e+01 7.770367906017160919e+01 8.601371226749729715e+01 8.974637383806931723e+01 8.145148594598045122e+01 7.685333851135575856e+01 6.011722579652626308e+01 7.685333851135575856e+01 6.617855554677649366e+01 4.621320265140237638e+01 3.210586936445368167e+01 5.206091912567495683e+01 5.296762426762312970e+01 3.301386173961508774e+01 4.819776270015515962e+01 3.388804394507123874e+01 4.540328650003043265e+01 6.536815674508733309e+01 8.013522705145673797e+01 9.181534743521260111e+01 7.677978203273409008e+01 7.124522190621931372e+01 8.378193071578975548e+01 8.224958852484941474e+01 8.292198912008942102e+01
2.297228869525369793e-03 2.000229722886917116e+01 2.490008466872166437e+01 7.833027015728323050e+00 9.941212122507224080e+00 1.209786758657600991e+01 1.434804338842807780e+01 1.819704518302632223e+01 3.819791060642467073e+01 4.996017413891142667e+01 6.392413457463938897e+01 4.787796999381649243e+01 6.134368245650784246e+01 5.766685743193077229e+01 7.405593215996368883e+01 8.236643727937304504e+01 9.239414051325024957e+01 8.839954834012928586e+01 8.011051633758368951e+01 8.115813495080844575e+01 6.962507409098283517e+01 5.570285137189242164e+01 3.575516693030496640e+01 5.570285137189242164e+01 5.644019517776656869e+01 3.649179403990202530e+01 5.644019517776656869e+01 5.384143353476778060e+01 4.036101774724080826e+01 5.187177192757237520e+01 7.184992575647406454e+01 8.643135966473514031e+01 9.583852545448361582e+01 9.014139215193533516e+01 8.224958852484941474e+01 6.202364150773915696e+01 6.573517193935353475e+01
