MOVIE_S12_data/elevation_000057.asc
nrows	50
cellsize	150.0
xllcorner	0
ncols	50
yllcorner	0
NODATA_value	-9999
[rows 0 to 16 of 50, columns 0 to 36 of 50]
8.271705653423140625e-02 2.127631151761726416e-02 9.425194436011796739e-02 4.939197167322698090e-02 3.975871534419905817e-02 6.171646774684565184e-02 1.696294146011132625e-02 1.936121709489252440e-02 4.216450047424835645e-02 2.297044857093000214e-02 6.704298068806634203e-02 4.162315340452049650e-02 3.835349583220235004e-02 2.777463300387698203e-02 2.207885817162396139e-02 7.161913568127860341e-02 9.025521335945362045e-02 3.502399586135773735e-02 8.040414306008919487e-02 3.131346976591601466e-02 7.604099264847130613e-02 2.387740603804927586e-02 5.687112022313325910e-02 4.074439634684711570e-02 8.709178300582484655e-02 7.612946965408906586e-02 1.077918208624280109e-02 9.929772718869623455e-03 4.600412614040166881e-02 2.152795518990661267e-02 2.378824418737431057e-02 9.511189423522797837e-02 9.406546861214974686e-02 1.749038473908382007e-03 2.223905489293687143e-03 6.269637160239108220e-02 9.476101746191394060e-02
7.639902522890137937e-02 2.002127631151726206e+01 2.009425194435976181e+01 1.419152759540430253e+01 2.003975871534384368e+01 4.325730794859072859e+00 2.001696294145975585e+01 1.416149684082596849e+01 2.004216450047389131e+01 8.187936257848262400e+00 2.006704298067920433e+01 2.004162315327393884e+01 3.630459536367708129e+00 2.002777463300352068e+01 1.002207885817153610e+01 2.007161913568092260e+01 1.423239083709052899e+01 2.003502399585696025e+01 2.008040406972535763e+01 1.201724941727222884e+00 2.007604098777534318e+01 1.999030683233890215e+01 2.005687112022277674e+01 5.587746358616917597e+00 2.008709178300546938e+01 1.421826509338516509e+01 2.001077918208588713e+01 3.858931567316366884e+00 2.004600412614004767e+01 1.416366357892098193e+01 1.416592386791819891e+01 7.654401354419805514e+00 2.009406546861179521e+01 1.414388466220498408e+01 1.414435952922036854e+01 2.006269637160129804e+01 3.630294923393614148e+00
7.813061968023242432e-02 1.422026624341105716e+01 3.422026624341034307e+01 3.419152759540500597e+01 2.869008860008401030e+01 8.690088599578958295e+00 2.869008860008407424e+01 3.416149684082667193e+01 2.818793625786425494e+01 2.233007188157946388e+01 3.647220743899546136e+01 2.728194325298139944e+01 7.281943253068830835e+00 2.728194325308909285e+01 2.416421448190223487e+01 3.830635003460754717e+01 3.423239083775214908e+01 3.383618962268943164e+01 2.099126483739242133e+01 2.374145705248323246e+00 1.650650878660534460e+01 3.633263838427882320e+01 3.136256623038781299e+01 1.136124905124882822e+01 3.136256623038781299e+01 3.421826509338586675e+01 2.778125427007967474e+01 7.781254270080030899e+00 2.778125427007967474e+01 3.416366357892168537e+01 3.416592386791748481e+01 1.659867326441911928e+01 3.593867260188270762e+01 3.414388466220568574e+01 3.414435952943814101e+01 2.722039731112565875e+01 7.222400963895674764e+00
1.795629399984677299e-03 2.000179562939963063e+01 3.586882857035782024e+01 4.586882857025332072e+01 3.340413380845028257e+01 1.340413380748931615e+01 3.340413380845028257e+01 5.021643452214478032e+01 4.818793625825789206e+01 4.233007188163365697e+01 4.648628413802394022e+01 3.113094504770531756e+01 1.113094504766636916e+01 2.267795043145867950e+01 4.267795043113536479e+01 5.244848538003968486e+01 4.166257923365296989e+01 1.910514689928911380e+01 4.058449536428077487e+00 1.752010921223210360e+01 1.651172119023740237e+01 3.606793995210226456e+01 3.803088830123504493e+01 1.802791576151127373e+01 3.803088830123504493e+01 4.876436532443936755e+01 3.195156736960399968e+01 1.195154255122156250e+01 2.609367469424184449e+01 4.609286749355292301e+01 3.659867326441982982e+01 3.659867326441982271e+01 4.488294451188001233e+01 4.218033469610809050e+01 3.247032996736166410e+01 1.247465822618173448e+01 2.685504786595860693e+01
2.526786264046545702e-02 7.584557322825042469e+00 1.758455732282521922e+01 3.758455732282592265e+01 4.168840536034078781e+01 2.495113919128203506e+01 2.193216246171388661e+01 3.607429808544601713e+01 5.607429809532004583e+01 4.974901824347795554e+01 2.974901824332468792e+01 1.820201285953196901e+01 2.007521695766568470e+01 3.941521633346260245e+01 5.096222161041379195e+01 5.645756491677713740e+01 3.652112658026741343e+01 2.524463168918573075e+01 5.257969797156269109e+00 2.482590024780558124e+01 3.503984192941887699e+01 4.410020460388508212e+01 4.632743521794018449e+01 2.802793704674090947e+01 4.632743521794018449e+01 4.047961447325741347e+01 2.047957120551118138e+01 3.195156736960399968e+01 2.264199223209729439e+01 4.264201281370287688e+01 5.659867326442053326e+01 5.630166207822740176e+01 3.633108937572365704e+01 2.219194477654318476e+01 1.802165912760528599e+01 3.245607072236547452e+01 2.919621651488208869e+01
8.483503398980346555e-02 2.008483503398944947e+01 3.586882857035782024e+01 4.586882857059926977e+01 5.323541095495774300e+01 4.495113919355571852e+01 3.347916784550680802e+01 3.607429808544601713e+01 5.607429809532004583e+01 5.803328961866919400e+01 4.423223975118005313e+01 2.423223975108734862e+01 3.162222234145840360e+01 4.835948828137442490e+01 6.248797890850334369e+01 5.420432711970652662e+01 3.646157428768514563e+01 1.668199301217295982e+01 6.464015080191225060e+00 2.644974027453886833e+01 4.238303221599522885e+01 5.052854483474692415e+01 5.633193022940552197e+01 4.803892398338066982e+01 5.636156308327233688e+01 4.755070594886773705e+01 2.755063901768996359e+01 4.755070594886773705e+01 3.264199227633798017e+01 5.092644282121288768e+01 6.559579575906339244e+01 4.883764637288242483e+01 2.885855644880197701e+01 4.218033469610809050e+01 3.216187941583750387e+01 3.304606457433836653e+01 1.304412758896912372e+01
4.163169627051844027e-03 1.000416316962713914e+01 2.414629879335834062e+01 4.414629879335904405e+01 5.754961935503627757e+01 6.176344287260361909e+01 5.347916786265628275e+01 5.607429809532004583e+01 6.435857095884360035e+01 5.837437537513533670e+01 3.837437537481879701e+01 3.317651166108682048e+01 5.162222234162506140e+01 5.990649371776962795e+01 5.420432712125435870e+01 3.416732345498135714e+01 3.672865260080561001e+01 1.204539277658617102e+01 7.687485725893241195e+00 2.768125107336125978e+01 2.241809383757653151e+01 3.913113965097324609e+01 5.327659419557878806e+01 5.920149700373495705e+01 6.187721838251817275e+01 5.583560742668917953e+01 4.169277712579535944e+01 4.755070594886774415e+01 4.678413163268321995e+01 6.092654088222423070e+01 5.735070191714395094e+01 3.738581697261562908e+01 3.885685923012345455e+01 5.709016712465128762e+01 5.214105774494341716e+01 3.582031777022884000e+01 1.581762857043423054e+01
2.434392073152260791e-02 2.002434392073116598e+01 3.828843441708803397e+01 4.927453559888223822e+01 3.727988654809685443e+01 4.994007882893249928e+01 5.759703825947533318e+01 6.610515230434847922e+01 7.793459983547941761e+01 6.665864681464150010e+01 5.837437537513533670e+01 4.472351704487974189e+01 6.146078304921031332e+01 6.019196282688077559e+01 5.190308388333232870e+01 4.003602595190567826e+01 2.011711443102188213e+01 1.240442645022107548e+01 2.768001593632761370e+01 9.566924688695481294e+00 1.090543999983862022e+01 2.500882302659625012e+01 3.970820365429961640e+01 3.916561045802943397e+01 4.217174293384140071e+01 6.187721838251817275e+01 6.169299716094537445e+01 6.755124455602852152e+01 6.678427275555603160e+01 7.144174244724399614e+01 5.151400182162753794e+01 4.738076824420810595e+01 5.296940602592153624e+01 6.698469246679857747e+01 5.282727073295128406e+01 3.281770697812005011e+01 1.867477142891235431e+01
5.883922493566802470e-02 1.420097484866674264e+01 3.420097484866744963e+01 2.909390670182888172e+01 2.310135354462497759e+01 2.977010385817645499e+01 3.733862780734821030e+01 4.895848944518262158e+01 6.939751539163123084e+01 7.796454480658559305e+01 7.300778853004548807e+01 6.472351704527666527e+01 6.346058254552364275e+01 4.344240765419893080e+01 3.185644678411464881e+01 2.471069658974938577e+01 1.796449476810145640e+01 3.241477409598119408e+01 3.781661243788740023e+01 2.953968088787729585e+01 3.086101112763109811e+01 1.281834795951841599e+01 2.121534427237651244e+01 2.668133979198519512e+01 4.578776505311836331e+01 6.324675136254642638e+01 7.153256511261024286e+01 7.126715014060262376e+01 7.959006809512989378e+01 7.967758969649925405e+01 7.144174244724399614e+01 5.890789209525143377e+01 7.264508719479002252e+01 6.383336568989486182e+01 5.413633847317150583e+01 4.165743178067490504e+01 2.165619540473814908e+01
2.016265153036126551e-02 2.002016265153000774e+01 2.849345155134596297e+01 1.493573429624614057e+01 2.648826122084103218e+01 4.663831507275404675e+01 5.759703825947533318e+01 5.799827023272563054e+01 5.799827023272568027e+01 5.799827023272568027e+01 6.833088403644238440e+01 7.659769658673715753e+01 7.174744657975018924e+01 6.019196282688077559e+01 5.190308388333232870e+01 4.330878539431437702e+01 2.318925400638349288e+01 4.330878539431437702e+01 5.272494935552073514e+01 3.841000026645298249e+01 1.844457984372425940e+01 3.276293064942359479e+01 1.486687962140731578e+01 3.481628170645345222e+01 4.520351406763906965e+01 4.324265530513695666e+01 5.730417676705234697e+01 5.152052382467345382e+01 7.126715014060262376e+01 7.984534509104604183e+01 8.704474872045302902e+01 7.881265691953771579e+01 6.871342573193280145e+01 4.670656419259810832e+01 3.483657728457378511e+01 2.665619598255285538e+01 2.982119775420235541e+01
1.256007409845548775e-02 4.182848355818850727e+00 8.446862699896239945e+00 2.849344861888981129e+01 4.341927396708587139e+01 5.509994492770638175e+01 5.214166844552539004e+01 3.801553364867533702e+01 3.801553364867533702e+01 5.420780317538750381e+01 4.835783154024662167e+01 6.833088403644235598e+01 8.001057424141907859e+01 6.431544221234187830e+01 4.429767196879343771e+01 3.271300535128630571e+01 3.744054257742120484e+01 5.160265827158676899e+01 4.443739102791842299e+01 2.444679740728284401e+01 3.841000026645298249e+01 4.309845518796763741e+01 3.481628170642056119e+01 1.696118556095846586e+01 2.692680518979919313e+01 4.595083779015926240e+01 3.763961682352191929e+01 5.437898142112054956e+01 5.991959988246696867e+01 5.991959988246696867e+01 7.522536220146865560e+01 8.518512773278833095e+01 7.686695986831281857e+01 6.390826937370719918e+01 5.072444129868750196e+01 3.073865550853392747e+01 4.982620678372175149e+01
1.283213977233468341e-02 2.001283213862521038e+01 2.308644221344674818e+01 3.135188243043253564e+01 4.566399479988753285e+01 4.637189076332838056e+01 3.809687990510944644e+01 2.387540592912709769e+01 2.887539164113492518e+01 3.422055497710395144e+01 4.177927539631399867e+01 5.177538525255058488e+01 7.174404388389883991e+01 7.260364465872559947e+01 5.275828108362691893e+01 4.429767196879343771e+01 5.747597679015641603e+01 5.200017422318411775e+01 3.199093066901270888e+01 3.443226442915574381e+01 5.272494935552073514e+01 5.113282237405680064e+01 3.113759351288404531e+01 1.962017700383292862e+01 1.955160568878472205e+01 2.619284704259706942e+01 4.594398952862450614e+01 3.439709787588271439e+01 3.994261592230011360e+01 4.701769078496838716e+01 5.701465674789125870e+01 7.693711980272072992e+01 7.238838996573326767e+01 5.344796003806848006e+01 3.966849684477482185e+01 3.651132710706305318e+01 5.649251275495736735e+01
9.594114293757748102e-02 1.672161955415777168e+00 3.253300785499963599e+00 1.739509653320059002e+01 3.380805098166944589e+01 3.284594405446813425e+01 1.810190715414000096e+01 3.809687990510944644e+01 4.886598892151389606e+01 5.420780317538750381e+01 6.175967932422597784e+01 7.002169344542970464e+01 8.000712076113040894e+01 8.106966330519527730e+01 7.260364465872559947e+01 6.431544221234187830e+01 6.053417946157475882e+01 4.052016312929305286e+01 5.200017422318411775e+01 4.858156203558236541e+01 6.272955094931093356e+01 5.941937734042257802e+01 4.235874579668094242e+01 2.238308282618702094e+01 3.951975224343952675e+01 2.227550591074847475e+01 2.710829401847441744e+01 4.708262918167888955e+01 5.991959988246696867e+01 6.697588827530600497e+01 7.522536220146865560e+01 8.518512773278833095e+01 7.092325741913296611e+01 5.113710846590478809e+01 5.949971899476068415e+01 4.466967781238214741e+01 5.063862871715301139e+01
3.950229235330715398e-03 2.000395022923497379e+01 2.325112436636585045e+01 5.532512314692713318e+00 2.553005586435476815e+01 1.284965009010635306e+01 3.284594405446813425e+01 4.637189076332838056e+01 6.540701877040260115e+01 6.822812700976385258e+01 5.995944646896532504e+01 6.822856359719618524e+01 6.842660543010441643e+01 7.669395671155733396e+01 8.623085220435515907e+01 6.622752439974168226e+01 5.207739383091467289e+01 5.467399117061355440e+01 6.882036768851301645e+01 6.859211610317824181e+01 7.136048242951250131e+01 5.768927849949778164e+01 4.518502230081785598e+01 2.520058992500323924e+01 4.516460486079266445e+01 4.224924774303115527e+01 2.527896904210002305e+01 4.526145058841930791e+01 6.136641692084194943e+01 6.843878652367695281e+01 7.672218100364351301e+01 8.672140124854581700e+01 7.914164113382179266e+01 6.255713647775633035e+01 7.293500717317485282e+01 5.465431179620019719e+01 7.062503899158410547e+01
7.711341127313005306e-02 2.007711341127277649e+01 3.380788187464955996e+01 2.553002461754095620e+01 7.849650100146672749e+00 2.784687163994774650e+01 3.879602683874755087e+01 4.543053924191188742e+01 4.543053070975458496e+01 5.823981351356252389e+01 3.997723134006288603e+01 5.823981351356252389e+01 4.845347795074113151e+01 6.516482953482231721e+01 7.515001045831961335e+01 8.037131100503754055e+01 6.622752439974168226e+01 7.468192551167338422e+01 7.705123040231130460e+01 6.549929726118179474e+01 5.135154014353781804e+01 4.940138272253549445e+01 2.940142916931162631e+01 4.518502230081785598e+01 5.344561427977442492e+01 4.741707614447111752e+01 2.742662711850585922e+01 4.741707614431227569e+01 4.135818205735323971e+01 4.843510450273954149e+01 5.843933548155297331e+01 7.843823756580097495e+01 9.058325687386944480e+01 8.235159115618647263e+01 8.293305146466521194e+01 7.464381285972727653e+01 8.293305146466521194e+01
9.541454368626212448e-03 1.415167707980293166e+01 3.415167822595940805e+01 3.612409199083184319e+01 2.199130115024667731e+01 1.052226251927089429e+01 3.051905552672316801e+01 2.543868651845890483e+01 3.769863704723639586e+01 4.002297137940050931e+01 2.997801056412397003e+01 4.795738572327296367e+01 3.690975694324015421e+01 4.690765389056543455e+01 6.103649688051452671e+01 8.099625921053453226e+01 8.623085220435476117e+01 8.085074358357468327e+01 6.876468489557812802e+01 4.875488866379669872e+01 3.719648049549411439e+01 3.386455668727761292e+01 4.940138272253549445e+01 5.768927849949778164e+01 6.258760913214388211e+01 5.021782833670818746e+01 3.021645700976261750e+01 3.241289807053936300e+01 5.241846226798334385e+01 6.719472045739156840e+01 7.672218100364351301e+01 8.672140124854581700e+01 9.983163967105127767e+01 8.869460534688977305e+01 8.038680623475617892e+01 8.038680623475617892e+01 8.258381578905006393e+01
2.297228869525369793e-03 1.414443285260060001e+01 3.414443285260130523e+01 5.025751123562154277e+01 3.879602672996688995e+01 3.051905547205633695e+01 1.325660622736887895e+01 1.543878512972655059e+01 1.770333919800502187e+01 2.002829197282948925e+01 2.241874919124377286e+01 2.796574952694490790e+01 4.795739111264738597e+01 6.516482953439813741e+01 7.258225686314973757e+01 8.084918302464592443e+01 8.670945091616857781e+01 6.670524615167033744e+01 5.255739898124853227e+01 4.254731811363603100e+01 5.721202365472953488e+01 4.801516058846055302e+01 6.216377831757224470e+01 6.695379613617116377e+01 5.430252035636956265e+01 3.429169794719188502e+01 5.021782833670818746e+01 5.241846226798334385e+01 3.890068386800293609e+01 4.890874974007901699e+01 6.305487610055206460e+01 8.305324168460626311e+01 7.976338739170327585e+01 8.038680623475617892e+01 6.021176945230512700e+01 6.021176945230512700e+01 6.242094522914221244e+01
