MOVIE_S12_data/elevation_000702.asc
nrows	50
cellsize	150.0
xllcorner	0
ncols	50
yllcorner	0
NODATA_value	-9999
[rows 17 to 33 of 50, columns 0 to 36 of 50]
5.436832538903087209e-02 2.064443743521169772e+00 7.837554370256913039e+00 2.725846123829722600e+01 2.949799734302432341e+01 3.176553862531407901e+01 1.555348112171969355e+01 3.548455473734134102e+01 4.758647995027648392e+01 4.458016548565821324e+01 6.449857516671139024e+01 8.172302171122493064e+01 7.346012391246863160e+01 7.604703684214938164e+01 8.431083547249308197e+01 8.687771280001516061e+01 8.687771280001516061e+01 9.518175233449501604e+01 9.619921058477089559e+01 7.634788020662892905e+01 6.225442396858665717e+01 6.035855951899954874e+01 4.040843778113821116e+01 3.529668846000747351e+01 5.520062055155323577e+01 6.796632827178611080e+01 6.874500255455274100e+01 5.030410470661438183e+01 5.672128485220637373e+01 7.690896651715819132e+01 7.961527781254896752e+01 8.786205255986273244e+01 8.850322071882898456e+01 7.691448477914167370e+01 6.332429084826041077e+01 4.341343580209871078e+01 4.293124083240028455e+01
9.647730019007895452e-02 2.009647730018972211e+01 5.114374223989385015e+00 7.296461170309345157e+00 9.532262634380598953e+00 1.181080985083228185e+01 1.846709041732805900e+01 2.843993675945580080e+01 3.995545111391115256e+01 5.991064681172292694e+01 7.275977669846896845e+01 7.669578191924432531e+01 6.836197256848787163e+01 7.669578191924432531e+01 8.095142236173808215e+01 6.672109238898131878e+01 6.672109238898131878e+01 8.687771280001516061e+01 9.380668938682690339e+01 7.390203092923385952e+01 5.979071684319815461e+01 4.981502641066571613e+01 6.034316974947819290e+01 5.510721183374631238e+01 3.977583768641667206e+01 5.972502990780802890e+01 7.617277673531150128e+01 7.054748221512099349e+01 7.054748221512099349e+01 8.516970638389067005e+01 9.667472643159081258e+01 9.450508222730557861e+01 8.013927577994863327e+01 6.011673090274211262e+01 4.859609750625325830e+01 4.106461093623113356e+01 3.402026506257528382e+01
9.953738903938927352e-02 2.009953738903903542e+01 2.513678186770282252e+01 2.142304894934775561e+01 2.949799734302432341e+01 1.846709041732185952e+01 3.841426788668814396e+01 3.257109473326139693e+01 5.252248955240261097e+01 6.817788636799784285e+01 7.197344116660812574e+01 6.660157299680258802e+01 4.814504760015491058e+01 6.660157299680258802e+01 7.150796804243445592e+01 5.239767662761544642e+01 6.547345122779776716e+01 8.563746687027554572e+01 9.484463602562131257e+01 8.796420496433771063e+01 7.800337271426955965e+01 6.133474902336593004e+01 6.542160294234986395e+01 4.553082503473508780e+01 5.972502990780802890e+01 4.791380369388163984e+01 6.202028461927205427e+01 8.200362423459488070e+01 9.060778139539385734e+01 9.667472643159081258e+01 7.678246002489947841e+01 7.460381175713997948e+01 8.455444699222275062e+01 7.691448477914167370e+01 6.857695317692686388e+01 5.970959011698901264e+01 3.977312302957869861e+01
3.582433992925927735e-02 2.003582433992890444e+01 3.836765422923401303e+01 4.139237831123253386e+01 3.841432532168554559e+01 3.257107934083902734e+01 3.475337083145038974e+01 5.252248955240261097e+01 6.078929776923587980e+01 7.197344116660812574e+01 5.178214103072066621e+01 5.548731364117048059e+01 3.806237715588454762e+01 5.385089409137523830e+01 5.129594301461087724e+01 4.524668399585871725e+01 6.547345122779776716e+01 7.771880775911618855e+01 7.473187647300906633e+01 9.484463602562131257e+01 8.950302201767003396e+01 8.127228592707280086e+01 6.966108801918601046e+01 4.977614040128513295e+01 6.966108801918601046e+01 6.787326928184641872e+01 5.857456806940579952e+01 7.269217619258115803e+01 9.269352293094974016e+01 9.450508222730557861e+01 7.460381175713997948e+01 6.048875283041826378e+01 6.462295787320729801e+01 7.641745063298562002e+01 7.910450142742648438e+01 6.795320473147455687e+01 5.644873455154357345e+01
8.338298177320474514e-02 1.008338298177311820e+01 2.422551860550381875e+01 4.422551860550310465e+01 5.836436306909767069e+01 5.252116901692721740e+01 5.470370477478285665e+01 6.296422593068453466e+01 7.391831533475559013e+01 6.907967148444816985e+01 5.481566413265924353e+01 3.531733523193391733e+01 3.048099996932965183e+01 3.368633015442784995e+01 3.702582412949326596e+01 4.151701775440949405e+01 4.914949008295461397e+01 5.821604044282032220e+01 7.842263661789193918e+01 9.303097240592148864e+01 9.495072994127794175e+01 7.535287880948352779e+01 6.129237945898017159e+01 5.608157541760282783e+01 6.604027322918528853e+01 8.577186628781184652e+01 7.010106349582285645e+01 8.686032412998039831e+01 9.681564239383315851e+01 8.070436145976012199e+01 7.246697188215408403e+01 7.046075587702107157e+01 5.050002501446927283e+01 5.646907878546791437e+01 5.916217367009110006e+01 7.324658524006220262e+01 6.581725976807734924e+01
1.813270376062421294e-02 2.001813270376026921e+01 3.465572880354489627e+01 4.294776041066824490e+01 5.450137957001356170e+01 6.605249231721222714e+01 5.769334851440135026e+01 6.605249231721262504e+01 5.371720569215523966e+01 5.371720569210138052e+01 4.055637777604061256e+01 2.635381199657832951e+01 4.646721413809829215e+01 5.385089409137511041e+01 5.721590808374817527e+01 6.173730083241150624e+01 5.013146424459019102e+01 5.688851510529050870e+01 6.455697558356993682e+01 7.623250772587041979e+01 9.632901233151820009e+01 8.915354944633892842e+01 7.535287880948339989e+01 6.273858882016736516e+01 8.254262127512842540e+01 9.381504877349580340e+01 8.422109739402181106e+01 9.681948351205666370e+01 7.695676027782049289e+01 7.246080178480585232e+01 5.250786895758995598e+01 6.541000432611215842e+01 6.105270234802889462e+01 4.234056932079665359e+01 4.503555791431755040e+01 6.327248087692537837e+01 5.756815100368207538e+01
2.351309638313057310e-02 7.094580909701757143e+00 1.465387043425084634e+01 2.620090794717440374e+01 4.620522887779350185e+01 5.595097841489563706e+01 3.748109639492474088e+01 5.595097841490347435e+01 5.190575697127096078e+01 3.333504978490238813e+01 4.380312894337978236e+01 2.370457601154914329e+01 4.380312894338785412e+01 5.470173367795836583e+01 6.305093743458012057e+01 7.470192659845913852e+01 7.036484216716004880e+01 7.710300569806250337e+01 8.472628998777429388e+01 9.303097240592148864e+01 1.046201985652827915e+02 1.029542190220460043e+02 9.059393532272731875e+01 7.424750955647755291e+01 7.895608911804386310e+01 9.850085932023823432e+01 1.042603364813596727e+02 9.469377718423255885e+01 7.477970482746312086e+01 6.066285018139966922e+01 6.540811201268138575e+01 4.544229557075156123e+01 4.107965513276457870e+01 5.501935207594369359e+01 3.503898829676452920e+01 4.899504613313817458e+01 4.657085904596409875e+01
2.372884694381488524e-02 1.416586447067489019e+01 3.416586447067559362e+01 4.293780004157284225e+01 3.712845458308307656e+01 4.544192721200209917e+01 2.743880720303846843e+01 4.755700125235578923e+01 4.334278230709530533e+01 2.311471673265568327e+01 3.783727471745811499e+01 2.112251931548858153e+01 2.744945044518642163e+01 3.453467116362671163e+01 4.616294814825953097e+01 6.636593162899585252e+01 7.107165650717099936e+01 7.940396701544166547e+01 8.262975654428394989e+01 8.851379531059814099e+01 8.934731320540474542e+01 9.764855649476614019e+01 1.018713011981813708e+02 9.387395461003548292e+01 9.850085932023823432e+01 9.725646309170561210e+01 1.055755105211910916e+02 1.004789278923567366e+02 8.060830618647084123e+01 7.064811537868344260e+01 7.358603798718772282e+01 6.540997948309583876e+01 5.516292165666296654e+01 3.518317669069956111e+01 3.205838148493847228e+01 2.900477162651767316e+01 2.657490362010156915e+01
6.296921807001566729e-02 2.006296921806966083e+01 2.280863785512168818e+01 2.416732528614603837e+01 1.716507105149542056e+01 3.390781996620096805e+01 2.035679984034159062e+01 3.097540031082111867e+01 3.220448895537204237e+01 1.548497499683790402e+01 1.776560293897390963e+01 3.193870364047512211e+01 4.757159349228516021e+01 5.470173367795910480e+01 6.305093743458012057e+01 5.550597398982596076e+01 5.084654518850788207e+01 6.370800309272640050e+01 6.243879583034599534e+01 6.835259130478728196e+01 6.919464322204250095e+01 8.934731320540474542e+01 9.799385603745747630e+01 8.967868887320690874e+01 8.307974565173016401e+01 7.720755701816109706e+01 9.725646309170561210e+01 1.067615628137499328e+02 8.692706713219016024e+01 8.395148762936564424e+01 6.400870817574187299e+01 5.247654271051638375e+01 4.248416686711541246e+01 5.516294454827171734e+01 5.204263714536265439e+01 4.899504613313817458e+01 3.365298432916848270e+01
8.175220331382776484e-02 1.427097791306454200e+00 2.775497516232940942e+00 4.133185982837208172e+00 6.921917401495062627e+00 2.560476317074467900e+01 2.889205019997567447e+01 1.087740760855571587e+01 1.240453699462726966e+01 3.247268980977414543e+01 3.783727471386365693e+01 4.618070907008691250e+01 6.042182454315617690e+01 5.856110040345135559e+01 5.020685541218809789e+01 3.532753161564686906e+01 3.918835807535535309e+01 4.347673875409605415e+01 4.810730065405373779e+01 5.486332671205235556e+01 6.657344140419006351e+01 8.674092661853380548e+01 8.967868887320690874e+01 6.964254605697028921e+01 6.305471744617840812e+01 8.307974565173016401e+01 9.469075899308053579e+01 1.030084224368798260e+02 1.067615628137499328e+02 9.221281710500041129e+01 7.656223596180895186e+01 5.661261686207986088e+01 5.142205496442275603e+01 7.070055250096906718e+01 6.775113983688265762e+01 4.778914698588253174e+01 4.778914698588252463e+01
7.631710034972485901e-02 1.777994608157417389e+01 2.206853602759003152e+01 1.909391483812239088e+01 5.875711750454709836e+00 7.228001272309010794e+00 8.722201077826349902e+00 2.891877869965405168e+01 3.247268980678614270e+01 1.538206174099640400e+01 3.544734771447142663e+01 4.100435529323740980e+01 4.357767923853773340e+01 4.621864648591035518e+01 3.006738753910725137e+01 5.020685541218809789e+01 5.939468304295066758e+01 6.370800309272640050e+01 5.981260353444297095e+01 6.835259130478728196e+01 8.342159985840430636e+01 9.504510981292388294e+01 8.961221907922147523e+01 7.551099641902385429e+01 5.549857103016773152e+01 7.551099641902385429e+01 7.464561933133884963e+01 8.727018665538642495e+01 9.558380619489074093e+01 1.016319486976885855e+02 8.479707932653231239e+01 7.656225012363896099e+01 6.295471427253750818e+01 7.962191272926693841e+01 7.599080197689214344e+01 6.775113983688265762e+01 6.775113983688264341e+01
9.124702163186203252e-02 1.549830261779537999e+01 3.673693810905404433e+01 3.961897314799850278e+01 3.493107095197662915e+01 2.163239257705031804e+01 2.300979138744234476e+01 2.042562303034231519e+01 4.057005011684491080e+01 3.543661247683085236e+01 1.839868062038502572e+01 2.091858634184733745e+01 2.347937672875309900e+01 2.610563924911998157e+01 4.621864648591035518e+01 3.674890021725512668e+01 5.101590304168749412e+01 7.122780822661961508e+01 8.001843154708588202e+01 8.833427321175362579e+01 9.681948123077022217e+01 8.961221907922147523e+01 6.957591615030264620e+01 7.016245075591845648e+01 5.016059448889687644e+01 7.016245075591845648e+01 6.309302685691881862e+01 6.723809603331253015e+01 8.727018665538642495e+01 8.157867053407375124e+01 9.224864896828950123e+01 9.112464167340050381e+01 8.289445894094971834e+01 8.646506592920947298e+01 7.818263518778287846e+01 7.882015176090949637e+01 7.053683858478331103e+01
8.187870513261463756e-02 2.008187870513225803e+01 2.795925676676280602e+01 3.558941637575628647e+01 4.592791739681639029e+01 4.200934414058962574e+01 4.283890038885252949e+01 3.463917552591685478e+01 4.057005022381229509e+01 4.679524300988158814e+01 3.847378626767163468e+01 2.443008355092181105e+01 4.357767923853773340e+01 3.768976666951267163e+01 5.457112397353410671e+01 4.193798205603587803e+01 6.215613857578917845e+01 7.874904794730574054e+01 8.883026418301288629e+01 9.271900313105903990e+01 8.440699504485844784e+01 8.440699504485844784e+01 7.325264624332719166e+01 5.324489013688696559e+01 4.531717417296613348e+01 6.415773303230041336e+01 5.309785843746936251e+01 7.310535953517458552e+01 8.419633273524318895e+01 6.742881262745461868e+01 7.221549067060007587e+01 9.224864879987111976e+01 9.232437009654414339e+01 7.232493702968361049e+01 5.817867847065910070e+01 6.553102205484545095e+01 5.053286327641968967e+01
2.239863785106879432e-02 3.942905631759781482e+00 7.934126207531493336e+00 1.936911966050915623e+01 3.832859510727048757e+01 5.030108395816485256e+01 5.751678904540272441e+01 5.486158524229136191e+01 6.083582054183246868e+01 6.320653201000970967e+01 4.301532152281477295e+01 2.879673595740632663e+01 4.892919015415012751e+01 5.786931012105856098e+01 6.621748467346299094e+01 6.215613857578917845e+01 5.018395683014233555e+01 6.031627873150705454e+01 8.051516567220922127e+01 8.440699504485844784e+01 6.437988447944491099e+01 6.437988447944491099e+01 7.854944380525206782e+01 6.059863021022847107e+01 4.060693016517515019e+01 4.416261875366784295e+01 5.829502454155099400e+01 7.831156338290782060e+01 7.589166643438944959e+01 5.588841622885459515e+01 7.589166643438944959e+01 9.203003194033726686e+01 9.462481062915198038e+01 7.708050043417782149e+01 5.707621711340599546e+01 4.552573750931675534e+01 3.920025778274074924e+01
1.991760116496149591e-02 2.001991760116460739e+01 2.795925677084896677e+01 1.455415475694412386e+01 3.330214257902487418e+01 3.354687880950513090e+01 4.760805300822399744e+01 5.329977705089089568e+01 6.903963008596097950e+01 6.320653201001298527e+01 4.301532152281477295e+01 3.883519401669396132e+01 3.825863442723446894e+01 4.990455626584195414e+01 7.011208558890433551e+01 7.874904794730574054e+01 6.031627873150705454e+01 7.874904794730574054e+01 8.883026418301288629e+01 8.440699504485844784e+01 6.437988447944491099e+01 5.024229310749748123e+01 6.129989859776317473e+01 5.660029020029539026e+01 3.660576044474994717e+01 5.660029020121782395e+01 6.997645575339119262e+01 8.153560640326955422e+01 6.956608632487163391e+01 4.956839319550935130e+01 6.370312653479687981e+01 7.458635403238588424e+01 7.458635400644465108e+01 8.536306060185003730e+01 7.334996215421318766e+01 5.334567577312801490e+01 5.920479560135018460e+01
1.766589122093755945e-02 1.415980151495201333e+01 3.415980151495271855e+01 3.557604581964073276e+01 2.177552555940037848e+01 2.898624051259126233e+01 3.819474471815212269e+01 5.595570192585803682e+01 7.588039569984508148e+01 7.154828819368034942e+01 6.320653201001314869e+01 5.048297597928021219e+01 4.990455626584195414e+01 5.844533442404341628e+01 7.844534452617259035e+01 8.883026418301288629e+01 8.051516567220922127e+01 8.883026418301288629e+01 9.304040830387749850e+01 7.299808735980890617e+01 5.885092003260100313e+01 4.885846779313125410e+01 4.130569415293535940e+01 3.683317271343717891e+01 3.351695626755208934e+01 4.168275324163540319e+01 5.322158545110716688e+01 7.323004728653741324e+01 6.422147986484741011e+01 4.422345528525085712e+01 6.303582767744878623e+01 5.458025552099365285e+01 6.872027545973114115e+01 8.874832048043504074e+01 8.163297924241192050e+01 7.334996215421318766e+01 6.609665045037736775e+01
6.490672536223988931e-02 2.006490672536188313e+01 3.663463610421423766e+01 4.936702233135189744e+01 4.218057225500118790e+01 5.068872007504151611e+01 5.787816995460699587e+01 6.338973817955624668e+01 6.212791710641874232e+01 7.058864806226749522e+01 7.902132251591523016e+01 7.068933053190556848e+01 7.011208558890433551e+01 7.844534452617257614e+01 8.695555363870347776e+01 9.323044801318629027e+01 9.395333485633658199e+01 8.567247582494303515e+01 9.184501230545274097e+01 8.717780714622649896e+01 7.716271796876435474e+01 6.885962601759662505e+01 6.129989854726421328e+01 5.065819423227767970e+01 3.065740517620993444e+01 5.065819427722708213e+01 6.997645575339119262e+01 7.695323923168784575e+01 5.922197522861387853e+01 3.922000451223064488e+01 4.303504850837052231e+01 5.458025552099365996e+01 6.872027545974476936e+01 8.874832052926946346e+01 9.157447263305269303e+01 8.330357055243707975e+01 7.438037052168654384e+01
