MOVIE_S12_data/elevation_000534.asc
nrows	50
cellsize	150.0
xllcorner	0
ncols	50
yllcorner	0
NODATA_value	-9999
[rows 0 to 16 of 50, columns 0 to 36 of 50]
8.271705653423140625e-02 2.127631151761726416e-02 9.425194436011796739e-02 4.939197167322698090e-02 3.975871534419905817e-02 6.171646774684565184e-02 1.696294146011132625e-02 1.936121709489252440e-02 4.216450047424835645e-02 2.297044857093000214e-02 6.704298068806634203e-02 4.162315340452049650e-02 3.835349583220235004e-02 2.777463300387698203e-02 2.207885817162396139e-02 7.161913568127860341e-02 9.025521335945362045e-02 3.502399586135773735e-02 8.040414306008919487e-02 3.131346976591601466e-02 7.604099264847130613e-02 2.387740603804927586e-02 5.687112022313325910e-02 4.074439634684711570e-02 8.709178300582484655e-02 7.612946965408906586e-02 1.077918208624280109e-02 9.929772718869623455e-03 4.600412614040166881e-02 2.152795518990661267e-02 2.378824418737431057e-02 9.511189423522797837e-02 9.406546861214974686e-02 1.749038473908382007e-03 2.223905489293687143e-03 6.269637160239108220e-02 9.476101746191394060e-02
7.639902522890137937e-02 2.002127631151726206e+01 2.009425194435976181e+01 1.419152759540430253e+01 2.003975871534384368e+01 6.386271788083631051e+00 2.001696294145975585e+01 1.416149684082571802e+01 2.004216450047389131e+01 2.002296970752079730e+01 2.567042980688071463e+00 2.004162315340416356e+01 2.003835349583184566e+01 1.002777463300379068e+01 2.002207885817126964e+01 2.007161913568092260e+01 3.520227750985749804e+00 2.003502399586100324e+01 2.008040414305973442e+01 7.590602929950427402e+00 2.007604099264811737e+01 1.416601302976912535e+01 2.005687112022277674e+01 2.004074439634566573e+01 2.008709178293645436e+01 1.374365832646679886e+00 9.224081960203234232e+00 2.000992935041659848e+01 2.004600412614004767e+01 5.366752793438417157e+00 2.002378824418702052e+01 1.421918097850145024e+01 2.009406546861179521e+01 2.171053616660474361e+00 2.000221321483640935e+01 9.006968281601295701e+00 2.009476101746155763e+01
7.813061968023242432e-02 1.007813061968031931e+01 3.007813061968067458e+01 3.419152759540500597e+01 3.455123759736024880e+01 1.455123759736096289e+01 2.271620340663786308e+01 3.416149684082500926e+01 3.703266262958134547e+01 1.695481115666383332e+01 1.777683918966475218e+01 6.280502579283984588e+00 2.882367679177692210e+01 2.416991025659763181e+01 3.831203559034208439e+01 2.704502619583592704e+01 7.001792636441339646e+00 2.704502619583592704e+01 3.587487417741132134e+01 1.759060292995025065e+01 3.587487417741132134e+01 3.416601302976982879e+01 3.297781629212874321e+01 1.572666902614202122e+01 3.224169963996592170e+00 1.551647740291841338e+01 2.783785546242226161e+01 2.839917758330426878e+01 3.091375475569111231e+01 1.091375475569075704e+01 3.091375475569040177e+01 3.384029795746845792e+01 2.435429497828768675e+01 4.353232519020407310e+00 2.435429303659432776e+01 2.055397366419359173e+01 3.729097040455457801e+01
1.795629399984677299e-03 2.000179562939963063e+01 3.007813061968067458e+01 5.007813061968138157e+01 4.283550884482185950e+01 2.609824298115327323e+01 4.271620340663714899e+01 5.100047465409875969e+01 4.525475712694103692e+01 3.601947829669315126e+01 2.782024265625694781e+01 8.952037628725696194e+00 2.886040813861207255e+01 4.416990994250204494e+01 4.495894846237636244e+01 2.483577773544177347e+01 1.065337188815245639e+01 2.483577773544177347e+01 4.495894846237636244e+01 3.173273855368094942e+01 4.587487417741114371e+01 4.082516253152464714e+01 2.422274635788783215e+01 1.409185863166426245e+01 4.540165399223053733e+00 2.707259993268550957e+01 4.379726800876652959e+01 4.948270503230628492e+01 3.723831007602833409e+01 1.723831007602762710e+01 3.723831007602833409e+01 4.207736981487397543e+01 2.096209530150316169e+01 6.575454741242675816e+00 2.657718510460142625e+01 4.055393333390703248e+01 4.883740061052677106e+01
2.526786264046545702e-02 2.002526786264010994e+01 3.188856461744089899e+01 3.895963242930589132e+01 4.724390367676750202e+01 4.609824298115255914e+01 5.438251422861416984e+01 5.825413242347045895e+01 4.932729305080216164e+01 3.292180144423685562e+01 1.302511649830764107e+01 2.886040782446390907e+01 2.301825007022005920e+01 4.296462918134670161e+01 4.905772035675073539e+01 2.886697621951292803e+01 1.465397460066443891e+01 2.624667822040611043e+01 4.643841009099875805e+01 5.173273855368023533e+01 5.526219266611515479e+01 4.443545211337226419e+01 2.488227779411656115e+01 1.122190796300129634e+01 5.870554928806159367e+00 2.633970036321898789e+01 3.372873159534947973e+01 5.489901371917123640e+01 4.552258132349052744e+01 2.618258198602694264e+01 4.552258132349052744e+01 4.179643936272150739e+01 2.283007805215406805e+01 8.854666270408964479e+00 1.701960137277342255e+01 3.116259231349582137e+01 5.117096240165699328e+01
8.483503398980346555e-02 5.858337725886036296e+00 1.188856461744125603e+01 1.895963242930660542e+01 3.050663781309891576e+01 5.050663781309820166e+01 6.154364683173928796e+01 4.153475573636201545e+01 3.000469926077503402e+01 2.112610323091113074e+01 1.643681639347341417e+01 3.633416929881114754e+01 4.296462816135842644e+01 5.125391221652699869e+01 5.125897123776672260e+01 3.107598553663812169e+01 1.965820773379040176e+01 3.988088913320576268e+01 5.477049709337500616e+01 5.845333302637144612e+01 3.876417181852121274e+01 2.768506632814564838e+01 1.934718848823389692e+01 2.775258815303569193e+01 7.247955265100135769e+00 1.285892801351636905e+01 3.372760212022493675e+01 5.100515142081584230e+01 5.446685323348984298e+01 4.032471760975839459e+01 5.446685323348984298e+01 4.159781554741508103e+01 2.232356677006200130e+01 1.128002251968091052e+01 3.128403401954066609e+01 3.335114014461440490e+01 5.336032611937223180e+01
4.163169627051844027e-03 2.000416316962669683e+01 3.188856461744089899e+01 3.895963242930589132e+01 4.724390367676750202e+01 5.879090906055981236e+01 6.978879610105222753e+01 5.519955410315282052e+01 3.519806586697075801e+01 4.105636607097451929e+01 2.529767033252123198e+01 2.182453912743519098e+01 3.589555283222156845e+01 5.591762551298001682e+01 5.957728395926092446e+01 4.824408102025659417e+01 3.988088913320576268e+01 2.787244386544195507e+01 4.836372603203921727e+01 6.664414340411484261e+01 5.003163465781815233e+01 3.124944038096561982e+01 3.833654485427668135e+01 2.922673301576613270e+01 8.678446410039533987e+00 2.795970047638138212e+01 2.258652852060443550e+01 3.694775624352823939e+01 5.684886024263594351e+01 6.032471760975909802e+01 6.020992796940565484e+01 4.426214283514413950e+01 3.356294577170702809e+01 1.379988619129118810e+01 3.381511034747116184e+01 4.918998187348136497e+01 6.165168841875359362e+01
2.434392073152260791e-02 8.189309730008854871e+00 1.818930973000903251e+01 3.233144535374048445e+01 5.233144535374118789e+01 5.826114226100816040e+01 6.682192525071428690e+01 6.346944919227312454e+01 5.519955410315282052e+01 4.158748064936175126e+01 4.526288404685941913e+01 2.636080118037945397e+01 3.440149624291652941e+01 4.855340261240164779e+01 6.858956399965288142e+01 5.913393460569251658e+01 3.946832494116780055e+01 3.972809658828938240e+01 5.679660600544360705e+01 6.682856706152082893e+01 4.871257005020888897e+01 4.995529528809446163e+01 3.406288848743103159e+01 1.073274000583106691e+01 2.360735486636756519e+01 3.447924641537171908e+01 4.277665462675292929e+01 3.694775624350863552e+01 5.684886008718043371e+01 6.424817671588390056e+01 4.392242087095382175e+01 3.188208086355040649e+01 2.337620832841402674e+01 1.718166345784094062e+01 2.087563150253344801e+01 3.502957379159767015e+01 5.505026139374263749e+01
5.883922493566802470e-02 2.005883922493531202e+01 3.647358097747175520e+01 4.647358097747193284e+01 5.084329192880124282e+01 3.804768269736664621e+01 5.479836065762768271e+01 6.461695412592142418e+01 6.990854225138973277e+01 6.161655376461582989e+01 5.106548701932085521e+01 3.103582352624097496e+01 5.106547978605546234e+01 5.442182715355745160e+01 7.445173743894481788e+01 6.739260208187388912e+01 5.107085803118496870e+01 6.112174164182319203e+01 6.997218448042352179e+01 6.851709624099659379e+01 6.308454379888863883e+01 3.953278650756637802e+01 2.250785413221699827e+01 1.220069641227740220e+01 3.215856185026224523e+01 3.366334439723464556e+01 5.234816321128067784e+01 5.684886008685533199e+01 6.506253704110467595e+01 7.256188890112987622e+01 6.086987503801597654e+01 4.368601283497124399e+01 4.063146957464086029e+01 2.061450320779968237e+01 4.063146957464375220e+01 2.904789125089322610e+01 4.060327479927797611e+01
2.016265153036126551e-02 1.416229827526143659e+01 3.416229827526213825e+01 4.535265249615989092e+01 3.118346573769604646e+01 2.649629255545496775e+01 3.649405601271282507e+01 5.060657831835487741e+01 7.044842750729424097e+01 6.524014316815200232e+01 4.519415222872809323e+01 5.106548703928125832e+01 3.997990679033328831e+01 5.156560659052275497e+01 7.160187127317112754e+01 8.086389796970014743e+01 7.190590248736111789e+01 6.804519529867050665e+01 5.991248842377815009e+01 4.918726099355640713e+01 5.145638923286874444e+01 5.302225378447479898e+01 4.132497216923337646e+01 3.283955638478337136e+01 1.434282814268956585e+01 2.905237788779395203e+01 4.942701355425306531e+01 5.016696583675980037e+01 6.434043406960692835e+01 8.425100487603849331e+01 7.211049768288692974e+01 5.578208011313697057e+01 3.576696339579313388e+01 2.421091617816441754e+01 4.422634708851671803e+01 4.906840974501958641e+01 3.974601455468064870e+01
1.256007409845548775e-02 2.001256007409810067e+01 2.702991916481940748e+01 3.074382592836047579e+01 1.706838124869699058e+01 2.462756645187817384e+01 3.356938157078903373e+01 4.508757127815951549e+01 6.482950925784946605e+01 7.353116324028729878e+01 6.524014316815200232e+01 6.832689636843754499e+01 5.001438392882275963e+01 6.832687242504286473e+01 7.989110262585437283e+01 8.221105688777717546e+01 6.876657534080935363e+01 5.336508722009446615e+01 4.016829804372593316e+01 3.513610697646144132e+01 3.149608934372161428e+01 4.656436354389197874e+01 3.916264061927621043e+01 1.853637547934195950e+01 1.617231412050055894e+01 3.687127647959528787e+01 3.358763013565256017e+01 5.088875094102169783e+01 5.758747414407305598e+01 6.583744480440984148e+01 7.581367179537990353e+01 6.407414858223125975e+01 4.815132172240256381e+01 2.813779947401603465e+01 4.815132172240256381e+01 6.644637913756271530e+01 5.130363494353644427e+01
1.283213977233468341e-02 3.494385258886298917e+00 7.029919164819051325e+00 1.074382592836012051e+01 2.229083131215283942e+01 4.229083131215354285e+01 5.271293703247601314e+01 6.156635850296206058e+01 7.293504000405465604e+01 8.014556613893529402e+01 8.226541580688594024e+01 7.834234198930519710e+01 7.005345418078105979e+01 7.834234198930519710e+01 8.967705864459894372e+01 6.994914356860783755e+01 5.580981900604901114e+01 4.871233919675659507e+01 4.368553020857999059e+01 5.500973498876096102e+01 4.656437500866545065e+01 2.644679687143368341e+01 2.294470881508947357e+01 3.916269104392052469e+01 3.687135026614785005e+01 1.884143623471619833e+01 3.951871658195741333e+01 3.062121562024278276e+01 3.749130455598722023e+01 4.759664077149479056e+01 6.757830751665134983e+01 7.162013036491842399e+01 5.331871639185134626e+01 3.330550529137479288e+01 3.814362233865714558e+01 5.815853538109939791e+01 7.138919253507128815e+01
9.594114293757748102e-02 2.009594114293722100e+01 2.702991916481940748e+01 2.229083131215243085e+01 3.902809717582101712e+01 5.057510255961574330e+01 6.418316180510940683e+01 7.248654042946900233e+01 7.428820026221961825e+01 6.014202317076318138e+01 6.226116771103169611e+01 7.640922734977782227e+01 7.684946858690764770e+01 8.513995246684625329e+01 9.182341759223025690e+01 7.211010550779654693e+01 7.572756567652879767e+01 6.274952708269400858e+01 4.998079414146867805e+01 6.964687911377507135e+01 5.408437688336269389e+01 3.403465833977973887e+01 4.341818261920876409e+01 5.167339772932768227e+01 4.784583381767003374e+01 3.951882050104470778e+01 2.165202566799234418e+01 4.224664791543990106e+01 5.758747414407305598e+01 6.583744480440984148e+01 7.581367179537990353e+01 6.332759569911243602e+01 4.330983708512808050e+01 4.225337691465588819e+01 5.815853538109939791e+01 5.229541845355667817e+01 7.231335178535218233e+01
3.950229235330715398e-03 1.414608585296640619e+01 3.414608585296711141e+01 4.229083131215171676e+01 5.057510255961332746e+01 5.003156723764333691e+01 4.416978483859342219e+01 6.418316180510940683e+01 6.428662880604373697e+01 4.599948426548455416e+01 4.811859653023381611e+01 6.640697890150549654e+01 5.684667686181471424e+01 7.358927106946919139e+01 8.465053541313170626e+01 9.182341759223025690e+01 9.055873164896915739e+01 7.658359632337625555e+01 5.696359720322254816e+01 7.658359632337625555e+01 6.228258157761358405e+01 4.570044309082277323e+01 6.228252757596143141e+01 6.271688702427938722e+01 4.824430347369823124e+01 2.790536829260419793e+01 2.407559529571848955e+01 4.456682251358250113e+01 4.866252349109494446e+01 6.022066130495505831e+01 8.013188102472682317e+01 7.162013036491842399e+01 5.331715114830104341e+01 5.380895863248017008e+01 7.056326366007075990e+01 7.231335178535218233e+01 8.059733982156868137e+01
7.711341127313005306e-02 2.007711319135160721e+01 3.984065096126661132e+01 4.763102730090127324e+01 3.933844079321377052e+01 3.002655946338954607e+01 5.003156723764333691e+01 5.273787886923926749e+01 4.445285217397209010e+01 3.599944863460667932e+01 3.811856357307379284e+01 5.811943642800159893e+01 4.529954749819606263e+01 5.635599636732126783e+01 7.311055186853667465e+01 8.140040945779901449e+01 9.628379560379886470e+01 7.658359629837977423e+01 7.082548844911222830e+01 8.476531617014873632e+01 7.371643112464376202e+01 6.553310724192942871e+01 6.613111971162180680e+01 5.446085874637649482e+01 3.431703147818299726e+01 4.690385138744913007e+01 2.653027072927378782e+01 3.438095376604012898e+01 4.866252349109494446e+01 6.863613295962282734e+01 8.834654208807306475e+01 8.163036263068629239e+01 6.747434201534608178e+01 7.382979247187107319e+01 8.212202432809766606e+01 8.262094726605396033e+01 7.435647368741430796e+01
9.541454368626212448e-03 1.155654683815647843e+01 3.155654154560301450e+01 3.933417794811092705e+01 1.933607018842740999e+01 3.081009598006371775e+01 3.308741292791464161e+01 3.541235460127333567e+01 2.445243528713623604e+01 4.055944403764725337e+01 3.055927073467513466e+01 4.692756122326045443e+01 3.635526508829233450e+01 5.635599636732127493e+01 5.310803897965491416e+01 7.051720085962024598e+01 7.880621320513010630e+01 9.035739559558373912e+01 9.048489844703192375e+01 9.244545590436048599e+01 8.249204847251412787e+01 6.613069784382030036e+01 4.615380576790919065e+01 4.110889761096802886e+01 5.131106003850752728e+01 3.111469279176713343e+01 4.690385138754245986e+01 3.256073040716496791e+01 5.272465939773709920e+01 6.715535174186304346e+01 7.607285751500296556e+01 8.756074218980714363e+01 8.749426006506691067e+01 8.483043728015472595e+01 7.656394653993453403e+01 6.953725436705570928e+01 5.445291397315806137e+01
2.297228869525369793e-03 2.000229391325257922e+01 2.389451706362458339e+01 2.582803819568520254e+01 2.782667852194955671e+01 1.080804099498024051e+01 1.308725252417301910e+01 1.541220529904942538e+01 1.778576861543717413e+01 2.055926959656336805e+01 2.368274483433554423e+01 2.692717325695104336e+01 3.177788575808138916e+01 3.677788576555888511e+01 4.344455286020611595e+01 5.051562500390669896e+01 6.206277375424235032e+01 8.206616146207528573e+01 9.825466137028536195e+01 7.840724742602721165e+01 6.432047892808931522e+01 5.433406598733679971e+01 6.613132863397339634e+01 6.113690589495750771e+01 5.448975886604534935e+01 3.438590228504692448e+01 5.448975886604534935e+01 5.272465939773709920e+01 3.886768568641038968e+01 4.787322822417989698e+01 5.942128651259808692e+01 7.933674189393492782e+01 8.805427106865685971e+01 6.815244518845798893e+01 5.668945980049263511e+01 4.964654595555600025e+01 4.333247712363920101e+01
