MOVIE_S12_data/elevation_000510.asc
nrows	50
cellsize	150.0
xllcorner	0
ncols	50
yllcorner	0
NODATA_value	-9999
[rows 17 to 33 of 50, columns 0 to 36 of 50]
5.436832538903087209e-02 2.005436832538867620e+01 2.403267796903066511e+01 2.608463468540993446e+01 1.524084660509900324e+01 3.052680146589102961e+01 3.293451855390570415e+01 3.539634840461643961e+01 2.549564027867925731e+01 4.113885165289424606e+01 4.442689205992531498e+01 3.391476884051490970e+01 3.855011983826664590e+01 4.353732151234892456e+01 5.720929535563021062e+01 7.727917678150738823e+01 8.834046825790406388e+01 9.660956657164423689e+01 8.845692407907117172e+01 6.847362541807758873e+01 5.433775176590830824e+01 6.580332554092844077e+01 7.407896551089433501e+01 5.750321631383088317e+01 3.746512658917568217e+01 5.750061064164482616e+01 7.114916814796706035e+01 5.966770873919413276e+01 6.003123335333723531e+01 4.764424511782599581e+01 6.175552467289401193e+01 8.156601421826711373e+01 8.116705277924522477e+01 6.123986272697734279e+01 5.127805447281570395e+01 4.421711600225017236e+01 3.867531348323137053e+01
9.647730019007895452e-02 2.009647730018972211e+01 3.838380863650019847e+01 4.352512302923695131e+01 2.938298222902573187e+01 2.938298222902554002e+01 4.938298247628053161e+01 5.378012591252679186e+01 3.549564027884058248e+01 5.377947302898546411e+01 5.963588244879848332e+01 4.212157880201218063e+01 5.673498905267149439e+01 5.108040796683675211e+01 7.038634582191977529e+01 8.513607527453434898e+01 6.850536796735028133e+01 8.513607553658437155e+01 9.430701676670095424e+01 7.432659808540654467e+01 6.588017790215188541e+01 7.065977970930745755e+01 7.020032849995548929e+01 5.012443190561339890e+01 5.750321379748275774e+01 4.291563883463737028e+01 6.296270821207663460e+01 7.929838068936201978e+01 7.506711906747389662e+01 5.519956401087127063e+01 6.175552467289400482e+01 8.156601421826711373e+01 8.948218862363091830e+01 7.949701854462881556e+01 7.120345775311123759e+01 5.496792828127677666e+01 5.278786348518820404e+01
9.953738903938927352e-02 1.009953738903930187e+01 2.424167301277000064e+01 4.424167301276929010e+01 4.938298248324969109e+01 4.938298247632224758e+01 5.766726357109555323e+01 6.378024316424629347e+01 5.549565660775915887e+01 6.378024316424627216e+01 6.921707384206639802e+01 6.099771398512346821e+01 6.921742578583197769e+01 7.038634753120783216e+01 7.863144668392489223e+01 7.459161477566772191e+01 5.723884910078263744e+01 7.688866776574963069e+01 9.168190202133538946e+01 9.413579261278702859e+01 8.586462262677001434e+01 8.479130320449829128e+01 7.858084733392871613e+01 6.429439294148870943e+01 6.705708817238634367e+01 4.699880934316340131e+01 5.855015917445362561e+01 7.867774398332569774e+01 8.322030755126120027e+01 6.517568249807519010e+01 8.156601421826711373e+01 8.970653790294488772e+01 8.715222599785163027e+01 8.501917712900230129e+01 8.321576279589048397e+01 7.491315660753959094e+01 7.272836873631581511e+01
3.582433992925927735e-02 2.003582433992890444e+01 3.024736077671684953e+01 3.602086346861355537e+01 4.268753013528034046e+01 5.097180138274254091e+01 6.097180138274288907e+01 7.604940104038119841e+01 6.779196453270272116e+01 7.604940104038119841e+01 7.764854026385012276e+01 7.362999486514415537e+01 6.570265795124659292e+01 6.402241791164478002e+01 6.890540720797513075e+01 5.498555857935875935e+01 4.994091668232457693e+01 6.367472763188825979e+01 7.406064692127557691e+01 9.431955505915969695e+01 1.010247887124077124e+02 1.047670499368625343e+02 9.286652225015956219e+01 7.536862157147901087e+01 6.115537044066874728e+01 5.216146867923973929e+01 7.224181026690301621e+01 8.708761282368200796e+01 9.308968672203330641e+01 8.495859655489927320e+01 9.308987257635575929e+01 8.715222599785163027e+01 6.748107117596821070e+01 6.532147070516330700e+01 7.920370803138379756e+01 8.162975190112027235e+01 7.361789924655393236e+01
8.338298177320474514e-02 5.083382981773224785e+00 1.024736077671649248e+01 1.602086346861285193e+01 2.268753013527963702e+01 3.268753013527998519e+01 5.268753013528068863e+01 6.606271235719898982e+01 4.780277988247276966e+01 6.606271235719898982e+01 5.763195803268972384e+01 5.762650486154679896e+01 4.841941540678347167e+01 4.667801556187861678e+01 5.362256995004130289e+01 4.127225084701263569e+01 6.072804018514170821e+01 5.323579508734997745e+01 7.050906602983533844e+01 8.780448744043692955e+01 8.094259230166861130e+01 9.512720409447740622e+01 1.040700345206988828e+02 8.971938243234892241e+01 7.894891704525905141e+01 5.882759739839862334e+01 6.632840370199673430e+01 8.651803659434247606e+01 9.930506679640910761e+01 9.120360259938796332e+01 8.877320397083902037e+01 8.067105187116163734e+01 7.109079534288385105e+01 5.123212108460283787e+01 6.116145821374336577e+01 6.931183013483179423e+01 5.389258972447499474e+01
1.813270376062421294e-02 2.001813270376026921e+01 3.024736077671684953e+01 3.602086346861355537e+01 4.268753013528034046e+01 5.097180138274254091e+01 6.097180138274288907e+01 5.779737220758767080e+01 3.767141757249375189e+01 5.779737220758767080e+01 5.763195803268972384e+01 3.759744620647853708e+01 4.302772124556396705e+01 3.491463842883462831e+01 3.407171738486805879e+01 5.306787911050387407e+01 5.708577139779156084e+01 4.073959680575224951e+01 6.203741310912496232e+01 6.740522261075059873e+01 6.651624880358620828e+01 8.682453144925393929e+01 1.040638065710947444e+02 9.326822385104209445e+01 7.301766636423603529e+01 7.040011384073824274e+01 8.651803659434247606e+01 9.494410762056992326e+01 9.069252442232037481e+01 7.141820960111566308e+01 7.504889686398726667e+01 6.086650242325831783e+01 6.450071516634301361e+01 6.014947463450670995e+01 4.123899601608170684e+01 5.266638150522631179e+01 5.009122737695010841e+01
2.351309638313057310e-02 1.416564872011420562e+01 3.416564872011490905e+01 4.672890403064317866e+01 4.677330258647478445e+01 5.505783609889213892e+01 6.165315284612668734e+01 5.108872066255634081e+01 3.018855215919473878e+01 4.217685886881974966e+01 3.970338308077391076e+01 4.185398077154463437e+01 2.492455794518298973e+01 2.721599229446063006e+01 2.999541305465651675e+01 3.284185411219141315e+01 3.581827656573270957e+01 5.708577139779136189e+01 4.627213546975233527e+01 5.318776451932401272e+01 6.379979521933263698e+01 7.565900042793721525e+01 9.577517517203186515e+01 1.017060789109592065e+02 9.326822385104209445e+01 9.062680006665296162e+01 9.906375522679606149e+01 9.397447594068952981e+01 7.421694613937783913e+01 6.267521042315744495e+01 5.511230001302764947e+01 4.956466331162533123e+01 4.456554451223603763e+01 4.020382234309940372e+01 3.642829329689997309e+01 3.271937001625278185e+01 3.013999211482312290e+01
2.372884694381488524e-02 2.002372884694345956e+01 3.575845436267166377e+01 2.674850210289817909e+01 2.675501243799053341e+01 4.677330258647478445e+01 4.164382917268478934e+01 4.750216721037637058e+01 4.217685886880344270e+01 1.885789799547841383e+01 1.963328568666450735e+01 2.179512294904434100e+01 4.185398077154463437e+01 4.903042216416835686e+01 5.083686378184908961e+01 5.381603788971114710e+01 4.387117450527978946e+01 6.501153513956926133e+01 6.740522261075064137e+01 5.376193696216644469e+01 6.246086884417361063e+01 7.278185834048304059e+01 8.705792780281241505e+01 1.070856985113069015e+02 9.853077592612847013e+01 9.016858055022750307e+01 9.853077592612847013e+01 1.020589920810066786e+02 9.069252442232037481e+01 8.256746079138012817e+01 7.504889686398726667e+01 6.367747094700429500e+01 5.282693989731539830e+01 5.948360618401395783e+01 3.957181143041244553e+01 5.266638150522631179e+01 4.983074484179842756e+01
6.296921807001566729e-02 2.006296921806966083e+01 1.660985089812539073e+01 1.260478175309574667e+01 3.261821952141328751e+01 4.750361141695837830e+01 2.750250467439252589e+01 2.750245144960593890e+01 3.497041223676433930e+01 1.728007127186344505e+01 3.727119133250394611e+01 2.388970337110881559e+01 4.392571776020083263e+01 5.656925625943146940e+01 6.811096209268767154e+01 7.345903999710597532e+01 5.625769201074474779e+01 7.345903999710597532e+01 8.099478216251860374e+01 6.054465304689924920e+01 8.099478216251860374e+01 9.116166054746132374e+01 1.012139081641278580e+02 1.014673813608888224e+02 8.838049227272364305e+01 6.982143831697024439e+01 8.838049227272364305e+01 9.776511129040444814e+01 9.561860720286874482e+01 9.782433605549221056e+01 9.116605809816195460e+01 8.040165181509479453e+01 6.428581771111343812e+01 6.433833852243181184e+01 4.473227909094816113e+01 6.462842795647986804e+01 5.860406996111528599e+01
8.175220331382776484e-02 1.341832389935912362e+00 2.604221988130484000e+00 2.259718182890281568e+01 3.270907185945767992e+01 3.968957587523897956e+01 3.140330943838032951e+01 1.336703145995961250e+01 1.497907795060864089e+01 3.405240683582292860e+01 4.538275989756284190e+01 4.392565911228672348e+01 2.828309820308021472e+01 3.983967203990593475e+01 5.983812185539846951e+01 7.548042799400261060e+01 7.696950723428781771e+01 8.532621468530538777e+01 8.930817458201742909e+01 7.509933729095679666e+01 7.509933729095679666e+01 9.522764512766602252e+01 9.383247455338587883e+01 8.546172283795982594e+01 7.280922658676405490e+01 5.967054631707546264e+01 7.999500943359898031e+01 7.748066099831163456e+01 7.532398297524126463e+01 7.754722081417664015e+01 9.782433605549221056e+01 9.201053612049584274e+01 8.371959815050588816e+01 7.036050257618285286e+01 5.050402592177514549e+01 7.036050257618285286e+01 6.764117333262193199e+01
7.631710034972485901e-02 2.007631710034937100e+01 2.260423505602435768e+01 4.437629870252783881e+00 2.443763089057821247e+01 2.949008184907310337e+01 1.141906865962133111e+01 3.141414118080871987e+01 1.736528311498579313e+01 3.182035924295610485e+01 5.318095250462697976e+01 5.656781930421733051e+01 4.829201147104862457e+01 3.307055288838989782e+01 4.721802024918487461e+01 6.396410887981367210e+01 6.999150239376743343e+01 7.825835846512350713e+01 8.824311528627094958e+01 9.522764512766602252e+01 9.522764512766602252e+01 1.035170118730779336e+02 8.546172283795982594e+01 6.515382778978691647e+01 7.110187253777212391e+01 5.254719708932795896e+01 7.280922658676404069e+01 6.310715954408031791e+01 6.095505851077962944e+01 7.268287949927494651e+01 9.299582581097514833e+01 9.301197908704632766e+01 7.349029586126451363e+01 6.202930478857808794e+01 6.459926800661624213e+01 7.844939505442427219e+01 7.497460892071747196e+01
9.124702163186203252e-02 2.009124702163150644e+01 2.574227577119998145e+01 5.742288668697886678e+00 2.574228771723276310e+01 9.493671144146231811e+00 2.949009217753929946e+01 3.958466893730589931e+01 2.027937841471777247e+01 4.010955683211153655e+01 5.260111487708710598e+01 6.409710555481125027e+01 6.128488849593193777e+01 4.462159304934789361e+01 3.841877866456257351e+01 4.396855078775776349e+01 5.000089964416102362e+01 6.000195825934298455e+01 7.413638478450398850e+01 9.409130817728652119e+01 9.405469628355214695e+01 8.569712792883902353e+01 8.546172283795982594e+01 6.515382778978691647e+01 5.086225400191155188e+01 4.675791733803065853e+01 6.696004323519839829e+01 5.144579037997581850e+01 7.169315332066895508e+01 8.640218762732550317e+01 1.013091876301974850e+02 1.010168256837156520e+02 8.977916694129737607e+01 8.174112990400119827e+01 8.426932971962528995e+01 6.910054768699900762e+01 5.493021912090411263e+01
8.187870513261463756e-02 2.008187870513225803e+01 3.290381651264107887e+01 1.785079765514912964e+01 7.607477931026475737e+00 2.760479054470823712e+01 2.103797440194310298e+01 4.103590913003831986e+01 4.010955683211153655e+01 2.453216446931325478e+01 3.593796899814267931e+01 5.579463913536319097e+01 7.269419145883121303e+01 6.453968171097913853e+01 5.256455600779491277e+01 4.658730273151681445e+01 6.658054645010749084e+01 6.414183594037966429e+01 7.827115272010667013e+01 9.821935699898347139e+01 8.235000414668164126e+01 6.538417295185296041e+01 8.235000414668164126e+01 7.949315117158641897e+01 6.156082486088148187e+01 4.140838921536646211e+01 5.972951546135640655e+01 4.608596719187865887e+01 5.770902792201378873e+01 7.800200537602742656e+01 8.765658350478206273e+01 8.765658350478206273e+01 9.597959367243883833e+01 8.963384333180761132e+01 7.806814185141421092e+01 6.080128052087835044e+01 4.071815345962014021e+01
2.239863785106879432e-02 1.418175097864647327e+01 3.418989966988560525e+01 3.401288105432095676e+01 2.760479054470840055e+01 3.588908479468425128e+01 3.517733570217684047e+01 4.103592750767782604e+01 5.260279791383867831e+01 4.433059781342576144e+01 2.915181799017823039e+01 4.892860264881575461e+01 6.272989677835739997e+01 7.429627617971556219e+01 7.255062088524407216e+01 6.072963582804451477e+01 5.658917707997365909e+01 7.657191582024135812e+01 9.237488098986749208e+01 8.688704857258248637e+01 7.396943790483929604e+01 5.370614873625746810e+01 7.396943790483929604e+01 7.242212614800935455e+01 5.753058849159927490e+01 3.740763372654357255e+01 3.958989752129800621e+01 5.972957354065500368e+01 7.466330786902922512e+01 8.170134869812348200e+01 6.742310372380831041e+01 6.742310372380831041e+01 8.765658350478206273e+01 8.133468073356733896e+01 6.130377618749203350e+01 4.971554048913791490e+01 6.080128052087835044e+01
1.991760116496149591e-02 2.001991760116460739e+01 2.799878508933393562e+01 3.231120809984437869e+01 3.231120809984437869e+01 5.240022950846661587e+01 5.517981930092599896e+01 6.103846844851188536e+01 6.891112225998656982e+01 4.892828037017423526e+01 3.658558018511363485e+01 3.461640159221138902e+01 4.596454847495021312e+01 6.597401759796748877e+01 7.724962790929602363e+01 8.070589422612482622e+01 7.072558749208346285e+01 7.072558749208346285e+01 9.068620096016593379e+01 7.851541327528659053e+01 5.823287281882071653e+01 4.660337821554897175e+01 5.855788944769533799e+01 5.367477404443791045e+01 4.388070628266326878e+01 3.355803047238161696e+01 4.512603315606155974e+01 6.531169998319654724e+01 7.308556329370090054e+01 6.472609521738549176e+01 5.312602124119512581e+01 6.742310372380831041e+01 8.765658350478206273e+01 8.393257585620486338e+01 6.390343226538777799e+01 6.976983260177902935e+01 6.006273494378835665e+01
1.766589122093755945e-02 3.940069288798296654e+00 7.940768486952713978e+00 1.220821358796208145e+01 3.231120809984437869e+01 4.535306847636780958e+01 5.208600193627924568e+01 6.039806790430978367e+01 7.044876206501622562e+01 6.473278667607428360e+01 4.536660351245726019e+01 5.442154521345190687e+01 4.080090676635874303e+01 4.883005133047675628e+01 6.039683893209608101e+01 8.057261531059094750e+01 9.068620096016593379e+01 9.068620096016593379e+01 9.894574144239334146e+01 8.458019278698189680e+01 6.429315006066828175e+01 5.000957832275358328e+01 3.842428674832721214e+01 3.357187746800784112e+01 2.970804014191889308e+01 4.978935379652507720e+01 6.203080349302580032e+01 7.369336988139967559e+01 6.472609179143911717e+01 4.456041866958435804e+01 6.472609521738549176e+01 8.170134869812348200e+01 9.396169882671020446e+01 9.223285143744077175e+01 8.393257585620486338e+01 8.841416392011032599e+01 8.010838775667595257e+01
6.490672536223988931e-02 2.006490672536188313e+01 2.799878508933393562e+01 3.231120809984437869e+01 1.931021469417663639e+01 2.513372704775055411e+01 3.188720155654638333e+01 4.202110608701059391e+01 6.215089778555117306e+01 7.368654795651887923e+01 5.686418604325548642e+01 6.628234932670360990e+01 4.622973222157506967e+01 6.628234932670360990e+01 7.724962790929602363e+01 8.887633245212408895e+01 8.760538104276363924e+01 7.932139459399529358e+01 8.760538104276363924e+01 8.102453010037723402e+01 7.090443058062960802e+01 6.252313242410000527e+01 5.580059198914872098e+01 4.715254811988445738e+01 2.708085273653891178e+01 4.124891520674070478e+01 6.140517876606827485e+01 6.132811752268681005e+01 5.297450890509173860e+01 3.955417406418840898e+01 5.968467616842589507e+01 6.541308900767360512e+01 8.563458377443610914e+01 8.789405617527995673e+01 9.618467092652875294e+01 8.559858848510971541e+01 7.404565186853933767e+01
