MOVIE_S12_data/elevation_000861.asc
nrows	50
cellsize	150.0
xllcorner	0
ncols	50
yllcorner	0
NODATA_value	-9999
[rows 17 to 33 of 50, columns 0 to 36 of 50]
5.436832538903087209e-02 2.005436832538867620e+01 3.838074854765307009e+01 4.003811990247126573e+01 3.359311321104429027e+01 3.147473844582701830e+01 3.147474140283677713e+01 5.147483064153981758e+01 5.401278143752282546e+01 3.402461768760598204e+01 5.401278143752282546e+01 6.375767261684590892e+01 5.790295453803253167e+01 7.203985383642272211e+01 7.846048928245602383e+01 8.015804604531631128e+01 8.844416658332120562e+01 9.696604498588649790e+01 7.553233707876231051e+01 6.024771750446771534e+01 6.305251746554549186e+01 7.010458258223106043e+01 5.294921901733469838e+01 3.269480549526308266e+01 4.169348713506469295e+01 6.205529879192168607e+01 6.609817659696538783e+01 5.769564670120761463e+01 4.532557637883041934e+01 5.707604820933649847e+01 7.743034627119725144e+01 9.076524714706724239e+01 7.069700140760960494e+01 5.665511921953261520e+01 4.677834470521328569e+01 4.859076659799677600e+01 6.336440063978782433e+01
9.647730019007895452e-02 1.009647730019016620e+01 2.423861292392136946e+01 4.423861292392207645e+01 5.357701277772534354e+01 5.147458943203866255e+01 5.147483064153981758e+01 5.975935021168461958e+01 6.229362111350447151e+01 4.556636401466208497e+01 4.815918708184479158e+01 6.814460831963145893e+01 7.789215591837772479e+01 7.352841019631379993e+01 7.205067829312848460e+01 6.858281807433607469e+01 7.692632459479196427e+01 8.699639257793724312e+01 9.048981984203352624e+01 7.553233707876231051e+01 8.459281655277821699e+01 7.067501018541018709e+01 5.026326750824910050e+01 3.594534159896359427e+01 5.624172852256467081e+01 5.830866916913491593e+01 7.872588900739420126e+01 7.247201018333737466e+01 5.209294814357431846e+01 7.247201018333737466e+01 8.579416314728901227e+01 9.493549596781693367e+01 7.484748087815388828e+01 6.076789129179775273e+01 5.851671161108777142e+01 3.867959806454064875e+01 4.351499409674092789e+01
9.953738903938927352e-02 1.424167301277046427e+01 3.424167301277116593e+01 4.695042724009635293e+01 4.913822404339627070e+01 5.742255448914155380e+01 5.852766030986133927e+01 6.681210288303174138e+01 7.383372147097524874e+01 6.555080220811814229e+01 6.814460831963145893e+01 7.642805514516342669e+01 6.766244574787432953e+01 5.346041855728578440e+01 5.198615418961875889e+01 4.852860461153698424e+01 5.853847287997014348e+01 7.272948841666466535e+01 9.288194740985593967e+01 9.696604498588649790e+01 8.798758387739944453e+01 7.417933554226711124e+01 5.374578306144645268e+01 3.938700359277466134e+01 5.973063201942448330e+01 7.461876089882817098e+01 8.712271546051979954e+01 8.084903418592922719e+01 6.230421126501630624e+01 8.084903418592922719e+01 8.675609798267349504e+01 7.846287459496019778e+01 7.846287459496019778e+01 8.073112427733842367e+01 6.336440063978782433e+01 4.351499409674092789e+01 3.203484209641811020e+01
3.582433992925927735e-02 2.003582433992890444e+01 2.833615440192873436e+01 2.695042574775040123e+01 2.913822176080950399e+01 4.438552065366270227e+01 3.852765460709077416e+01 5.852766030986133927e+01 7.475168138214417013e+01 6.632823225924080646e+01 7.475168138214417013e+01 6.925833169244371845e+01 5.764169048747490365e+01 3.931991281332602028e+01 3.784974843613100148e+01 5.786291723825582523e+01 7.435584544051685896e+01 8.269003815491117848e+01 8.217003756619955368e+01 9.050890995099913994e+01 7.959149050635585354e+01 5.913597143374636289e+01 4.892884247795101516e+01 5.973063201942448330e+01 4.576825989922197380e+01 6.019973487270425494e+01 8.064455547421255233e+01 9.099153462793466929e+01 8.263980910165847149e+01 9.099153462793466929e+01 7.846287459496019778e+01 5.840423514420367468e+01 5.840423514420367468e+01 7.258016656343866657e+01 7.165032004334545945e+01 6.016412132400060386e+01 4.639353311694164006e+01
8.338298177320474514e-02 4.165865886411852514e+00 8.336154167553385008e+00 1.280829012255300192e+01 1.835529208480539154e+01 2.438551897636077115e+01 3.593252436033232300e+01 5.593253299920130672e+01 6.464942274067051642e+01 4.617817901939839231e+01 6.464942274067051642e+01 6.059805643497258387e+01 4.139135386842992403e+01 2.937921806731544550e+01 4.932904529090892254e+01 6.530704343679644808e+01 5.428563309541667081e+01 7.109422148835514577e+01 6.207502271285060402e+01 7.890082312830038802e+01 8.798756929191874576e+01 7.778697831904095494e+01 6.072167640821738388e+01 7.130373224334653059e+01 5.084034006043999909e+01 7.130373224334653059e+01 8.842935733460555525e+01 1.057021413571068678e+02 9.739228821558064908e+01 9.003148034181694470e+01 6.999406741552782307e+01 5.579947978093484551e+01 4.423510738024867806e+01 5.573241299029331230e+01 5.976023799996816166e+01 6.873535581417586116e+01 5.464744518072407686e+01
1.813270376062421294e-02 2.001813270376026921e+01 2.833615440192873436e+01 3.280829056111748798e+01 3.835529298150105149e+01 4.438552065366270227e+01 5.266981530483708696e+01 6.421691733403095270e+01 5.625320563931956741e+01 3.645662060691077500e+01 5.625320563931956741e+01 5.014108457461325941e+01 3.035376706111690481e+01 2.496880541761886363e+01 4.495892422454209481e+01 4.526341917926476555e+01 4.273321511115029381e+01 5.984661010838446771e+01 5.050996402838307375e+01 6.468045924340395914e+01 8.478237799843006428e+01 8.956029509881761896e+01 8.116899667146124386e+01 7.972487260058211689e+01 7.130373219512244987e+01 5.955983820975873044e+01 8.003390268540054819e+01 9.402731661322003731e+01 7.710477789816469851e+01 8.983720202628960294e+01 8.079317848963292192e+01 6.073876808679207784e+01 5.573241299029331230e+01 3.574721766041582782e+01 3.941447772657519977e+01 5.825204399675713063e+01 5.044133601453566484e+01
2.351309638313057310e-02 1.998878884915707133e+01 3.949365293362262719e+01 4.537751306736801382e+01 4.537757296560165088e+01 5.373634221987529713e+01 5.845295113138641341e+01 5.255023643543952971e+01 4.965434396184998889e+01 3.000144115715984583e+01 4.127431804899571688e+01 3.904697552600816834e+01 2.188929508588755368e+01 4.188972000850750987e+01 2.855050034737437414e+01 3.112688497990619396e+01 3.379580811301638477e+01 3.981996613790818174e+01 5.396857173020782739e+01 7.403744852997327541e+01 7.828950009816779243e+01 8.588975274055562181e+01 9.423197065153900098e+01 9.181166660614323405e+01 7.141198098552706597e+01 8.003390265683786708e+01 8.842936331542058781e+01 7.974253813547773007e+01 6.542206125460944577e+01 6.960844720681990339e+01 7.070136720162980737e+01 6.073876808679208494e+01 4.071334769366131923e+01 5.159385894233255243e+01 3.159254422359627057e+01 4.770846009774057705e+01 4.214944952650515120e+01
2.372884694381488524e-02 1.156916159662773325e+01 3.146741614582218460e+01 2.526735492740182920e+01 2.526735505136257487e+01 4.537757177968143907e+01 3.834819298717329872e+01 3.246727887826359904e+01 4.669651384207623579e+01 4.127431804899571688e+01 2.162072814908142959e+01 1.904442642947055475e+01 3.904697552600816834e+01 3.082802940360128474e+01 4.855114615915271514e+01 5.113406146456107848e+01 5.380834977615380410e+01 3.837920467650858569e+01 5.840186251890501978e+01 6.882274833595366204e+01 5.820748699406430404e+01 6.578137434314474774e+01 8.588975272065889044e+01 1.001696086457513104e+02 8.587643827795719176e+01 1.001696091743743295e+02 1.083120889277926295e+02 9.402731661322003731e+01 7.555067496583990305e+01 5.534555102073335320e+01 5.060683227625145264e+01 4.613231738653759351e+01 6.073876779392924163e+01 5.988842571837881934e+01 4.770846009774057705e+01 2.771228768506440687e+01 2.538876486590232417e+01
6.296921807001566729e-02 1.994715895214853063e+01 2.270272754541499438e+01 1.110648632382320322e+01 3.105117181256349923e+01 4.536562548539715323e+01 3.833891252846542130e+01 1.831938714057278261e+01 3.223732755343298351e+01 3.373050581319507302e+01 1.628226537794293804e+01 3.629145632422665813e+01 3.537256438224559929e+01 5.083881569440260506e+01 4.082250760337502271e+01 6.085512378543025136e+01 6.672391570708632003e+01 5.840186251890501978e+01 4.322542348746467411e+01 4.877054862620539666e+01 6.293651776130663933e+01 8.303336602052220883e+01 8.219249248172842215e+01 1.023406743386075135e+02 1.061405753537523395e+02 1.097546251431017197e+02 1.027441277437658158e+02 8.248111131497115878e+01 6.811531456721499467e+01 7.386941468537908406e+01 5.884990023431581108e+01 6.620068628087349794e+01 7.148623083834539216e+01 5.501518403010848601e+01 3.500489535406821773e+01 3.924792030760117001e+01 4.538395213691672581e+01
8.175220331382776484e-02 1.394816531911054813e+00 2.710719921830595514e+00 4.035252278895644196e+00 1.815249135957778037e+01 2.731395597862268332e+01 2.872800353928694150e+01 1.078230074668281446e+01 1.224183922814245484e+01 1.371549820090722882e+01 2.172997743098147794e+01 4.197141104451372939e+01 5.539623022094765048e+01 6.371390498351376408e+01 5.497602679931465985e+01 5.497602679931465985e+01 7.504851946381731409e+01 7.158806925461489357e+01 6.326126877976760454e+01 4.989086906015028688e+01 5.696736225100392659e+01 7.115097260992116901e+01 9.127436449592970291e+01 1.106782036798084476e+02 1.038569631607858099e+02 8.979139015695194814e+01 1.038569631607858099e+02 9.674903604152011383e+01 8.837319188492101318e+01 8.613117283528505652e+01 7.043371944606437296e+01 7.475943057595326025e+01 5.472402120273361703e+01 4.316299986797291410e+01 5.501518403010848601e+01 5.339890637020022268e+01 6.059585935936590317e+01
7.631710034972485901e-02 2.007631710034937100e+01 2.271495328666523150e+01 2.397068767610680950e+01 5.959753176196879387e+00 7.333358815689951626e+00 8.759066477419555241e+00 2.872806363987275802e+01 3.223691004424235018e+01 2.118221916720995779e+01 1.754390064561575358e+01 3.751008072951051986e+01 4.982533218698545596e+01 6.140952531633332967e+01 7.504851946381731409e+01 7.504851946381731409e+01 8.338132800473808004e+01 8.415967106439420320e+01 6.405916743046252293e+01 5.884419429381944866e+01 7.704497763285873191e+01 7.115097260992116901e+01 9.127436449592970291e+01 1.045540234899318222e+02 9.492729418557955512e+01 7.561887044779253131e+01 9.492729418557955512e+01 1.042497438865570984e+02 9.592759601940596781e+01 9.805127949241369834e+01 8.996642154468169394e+01 8.305046530874567168e+01 7.148624292754449527e+01 5.211566758222144102e+01 7.148624292754449527e+01 7.342955563286699316e+01 6.900952130686516739e+01
9.124702163186203252e-02 1.423338256449143380e+01 3.423330877625090807e+01 3.443584387541643110e+01 2.036675752691781582e+01 2.733912095810496368e+01 1.036070530431216774e+01 3.008095126875908676e+01 4.757189107367526049e+01 4.233893150071660472e+01 3.163975207145430701e+01 2.150721338835159813e+01 3.303416306757623744e+01 5.309009562660367720e+01 6.849237213973205485e+01 7.148969961614078272e+01 7.982364651759638718e+01 9.249939749477584883e+01 8.415967106439420320e+01 7.042336176784414192e+01 8.726753060799664752e+01 9.127436449592970291e+01 9.961553912306078473e+01 9.634138992865280215e+01 7.634299378515865442e+01 6.666741972091412549e+01 8.668544191972024748e+01 9.264580259088789660e+01 7.582600870695718243e+01 9.264580259088789660e+01 9.799014422329294405e+01 8.965741521757384191e+01 8.044465548582894598e+01 6.628726411254324091e+01 8.044465548582894598e+01 8.707927431349763481e+01 7.879679008418953856e+01
8.187870513261463756e-02 2.008187870513225803e+01 3.228282004253421889e+01 3.971472125652159946e+01 4.183539018177490476e+01 4.173721685715388929e+01 3.321136006075374070e+01 2.185945153681033659e+01 4.334602087939774862e+01 6.001185717537968856e+01 4.982533218573076539e+01 3.509274139152507388e+01 2.583843740889197704e+01 4.003254403339602874e+01 5.506427769891823942e+01 5.137274836257945765e+01 6.720694405757221546e+01 7.553979349429472734e+01 8.453223854356738798e+01 9.054649180593774815e+01 9.888828813595968370e+01 9.867082726617330479e+01 9.043767371012096135e+01 9.021050583970853154e+01 8.001276785345150699e+01 5.999475399336692760e+01 7.244666979413327113e+01 8.071046858072870123e+01 6.424499775930182466e+01 8.432193917342483758e+01 8.638486642771634649e+01 6.956313530087872721e+01 8.547959467134332101e+01 8.631382448244615091e+01 8.707927431349763481e+01 7.553348356101223260e+01 5.879797829296370537e+01
2.239863785106879432e-02 6.052514099465726716e+00 1.237583716438418335e+01 1.992491602795040251e+01 3.139075971412379928e+01 5.108544889583698279e+01 5.170994407822176697e+01 3.742920512881291017e+01 3.742029999890894487e+01 5.765244790748762682e+01 6.121978041327512443e+01 4.377128592593309975e+01 4.076453066278438797e+01 3.062180305951009274e+01 3.491591931872084587e+01 3.996535789113162451e+01 4.709769527491600627e+01 5.609563045396215131e+01 6.769376908863650044e+01 8.781070253085957233e+01 1.045629182804963619e+02 8.458680583723463542e+01 7.042289084094963414e+01 7.021069222478263328e+01 7.021069222478263328e+01 7.244666979413327113e+01 5.241614053721215782e+01 7.244666979413327113e+01 5.667511719794864433e+01 6.670434289507369385e+01 7.502143424545027983e+01 5.799166269756307202e+01 6.539787965896536548e+01 8.547959467134332101e+01 7.879679008418953856e+01 5.879797829296370537e+01 4.725100089267863979e+01
1.991760116496149591e-02 2.001991760116460739e+01 3.228282004253421889e+01 3.971472125652159946e+01 4.788439136829180853e+01 5.926290050902095174e+01 5.900196643356795789e+01 5.782860905772088245e+01 5.765255502660032505e+01 6.600212841013254206e+01 7.208726565630965410e+01 6.372761987520369331e+01 5.617662298082876760e+01 3.646473980761400213e+01 5.506427769891823942e+01 6.009725096818047518e+01 5.159890185133337326e+01 6.320622777571552575e+01 8.331740579541876457e+01 9.614906407735944072e+01 8.909945849986254984e+01 8.075646584214172208e+01 7.777921356206060466e+01 5.775478831113674971e+01 5.017013323902587274e+01 6.166536916092215392e+01 4.780549678722650242e+01 6.785135122484095405e+01 6.670434289507369385e+01 4.666806630882140183e+01 6.670434289507369385e+01 4.904020857599010697e+01 6.240203154171119593e+01 8.247468472842938070e+01 8.033595346172113238e+01 6.033733206631565338e+01 4.619527353449620932e+01
1.766589122093755945e-02 2.001766589122058093e+01 3.774487657063055934e+01 4.602676567885577441e+01 4.534907641884678497e+01 4.411513613568484260e+01 3.950308021478569032e+01 5.378926050482493082e+01 6.515840312356465347e+01 7.070476533965290855e+01 7.070476533965290855e+01 7.897415948898365912e+01 6.503377744317043607e+01 4.663975815295600569e+01 4.931398628137277740e+01 6.943786520326442258e+01 7.170621175202256836e+01 8.004050466699665378e+01 9.165443775972575224e+01 9.497612473258226373e+01 7.486649027740213569e+01 6.068795174055428987e+01 6.806402307889682390e+01 7.406296631616879722e+01 6.166536916092215392e+01 4.160307191280224970e+01 5.684214040045480942e+01 6.524444861897973169e+01 6.114727961806515566e+01 4.112011494202492656e+01 6.114727961806515566e+01 4.237180067965117303e+01 5.652631147500046183e+01 7.658727461547188398e+01 8.619267526304274440e+01 6.619479265864750062e+01 6.472590169280046268e+01
6.490672536223988931e-02 2.006490672536188313e+01 1.774633578148148061e+01 2.887095804141811684e+01 2.622224615287180427e+01 2.524521551821628407e+01 2.561846996647713226e+01 3.730980489465859762e+01 5.697924830534098106e+01 5.075925851314577386e+01 5.075925851314577386e+01 7.070476533965290855e+01 7.509380064085070217e+01 6.090606530648633310e+01 6.356269774988072641e+01 7.775135564108983033e+01 8.995747598624339503e+01 8.170461625767876512e+01 8.692844168939423355e+01 9.230748082136879873e+01 7.220786952708830597e+01 5.803313678182447433e+01 4.800056296322065208e+01 5.399553533143654960e+01 6.801836931914601792e+01 5.683418442622958366e+01 3.680934714562262400e+01 5.689586075204073268e+01 5.613124831326039299e+01 3.611995894542037888e+01 5.614048844904980484e+01 3.702623305458413228e+01 5.704872716572439373e+01 7.098577432844339796e+01 7.931062297243771297e+01 8.032533748134370910e+01 7.032628881101787499e+01
