MOVIE_S12_data/elevation_000722.asc
nrows	50
cellsize	150.0
xllcorner	0
ncols	50
yllcorner	0
NODATA_value	-9999
[rows 0 to 16 of 50, columns 0 to 36 of 50]
8.271705653423140625e-02 2.127631151761726416e-02 9.425194436011796739e-02 4.939197167322698090e-02 3.975871534419905817e-02 6.171646774684565184e-02 1.696294146011132625e-02 1.936121709489252440e-02 4.216450047424835645e-02 2.297044857093000214e-02 6.704298068806634203e-02 4.162315340452049650e-02 3.835349583220235004e-02 2.777463300387698203e-02 2.207885817162396139e-02 7.161913568127860341e-02 9.025521335945362045e-02 3.502399586135773735e-02 8.040414306008919487e-02 3.131346976591601466e-02 7.604099264847130613e-02 2.387740603804927586e-02 5.687112022313325910e-02 4.074439634684711570e-02 8.709178300582484655e-02 7.612946965408906586e-02 1.077918208624280109e-02 9.929772718869623455e-03 4.600412614040166881e-02 2.152795518990661267e-02 2.378824418737431057e-02 9.511189423522797837e-02 9.406546861214974686e-02 1.749038473908382007e-03 2.223905489293687143e-03 6.269637160239108220e-02 9.476101746191394060e-02
7.639902522890137937e-02 2.002127631151726206e+01 2.009425194435976181e+01 1.419152759540430253e+01 2.003975871534384368e+01 1.006171646774675921e+01 2.001696294145975585e+01 4.283375544207083330e+00 2.004216450047389131e+01 1.002297044857101760e+01 1.420917860441914193e+01 1.418375877713559596e+01 1.647630550961397233e+01 1.608892843824413887e+01 2.331479933702294893e+00 2.007161913568092260e+01 2.009025521335909659e+01 5.582025958265740329e+00 2.008040414305973442e+01 2.003131346976556060e+01 9.024222485586328446e+00 1.416601302976912535e+01 2.005687111939676370e+01 2.003115808294930389e+01 6.341349142185106480e+00 1.336023827982140810e+00 2.001077915915240979e+01 1.415206539639464545e+01 2.004600412614004767e+01 5.795030647086139020e+00 2.002378824418702052e+01 1.423724751796605226e+01 1.423620109234322584e+01 2.000174903847355168e+01 2.000222390548893969e+01 2.206921441277985174e+00 1.989783676044486072e+01
7.813061968023242432e-02 1.422026624341130763e+01 3.422026624341201284e+01 3.419152759540500597e+01 3.834598771520765581e+01 2.420385209147745798e+01 2.864767028715274577e+01 8.647733348926893271e+00 2.864767028715274577e+01 2.156997583236373828e+01 3.420917860441984715e+01 3.418375877713629762e+01 3.817156381254604725e+01 2.372917785564721527e+01 4.656432685485675904e+00 2.465059632221064945e+01 3.386814411312757755e+01 2.558239577129506159e+01 1.452629845727480884e+01 3.452778269680074175e+01 1.906472195616465726e+01 3.416601302976982879e+01 3.200278667624736784e+01 1.493858861483342260e+01 2.178299958148935289e+01 2.598717396016274161e+00 2.296234861488217760e+01 3.415206497080524883e+01 3.246169731356024357e+01 1.246169731375274736e+01 2.579503064702802817e+01 3.423724751796534349e+01 3.423620109234393283e+01 3.588124987152724543e+01 2.437632800646131415e+01 4.363576905346762125e+00 1.590363846369756651e+01
1.795629399984677299e-03 2.000179562939963063e+01 3.725381102010043577e+01 4.880081640389275321e+01 5.248812333893835103e+01 3.649227499499640004e+01 1.649237875413807330e+01 2.019473782415629870e+01 2.864767028715274577e+01 4.156997583236444171e+01 4.985424707982664216e+01 4.865111244159835024e+01 3.148840860896796912e+01 2.702425273648426440e+01 7.029995768834092829e+00 1.458869824920631331e+01 3.454565926856853508e+01 4.160420498746516671e+01 2.159736838789061864e+01 4.160420498746516671e+01 3.365228576720523535e+01 4.816802937293384446e+01 3.981471508377482138e+01 2.512112148510310661e+01 2.426230853029281320e+01 3.870828160506933457e+00 1.835267509739679426e+01 3.853065677399644073e+01 4.002098677353474443e+01 2.002098677393716031e+01 4.002098677353474443e+01 5.407930170221389687e+01 4.173310496727734176e+01 2.169067932896798112e+01 7.545806042052647378e+00 2.437632800883766038e+01 3.251267209378806911e+01
2.526786264046545702e-02 8.969539772639544495e+00 2.051654515643185661e+01 4.051654515643114252e+01 5.887896056494243879e+01 4.252245709807545637e+01 2.252260564464595305e+01 4.019376853573284336e+01 4.844909931737115727e+01 5.692990902693023969e+01 5.072514953469517707e+01 3.970496996702637205e+01 1.562909268532773410e+01 1.065141129492921479e+01 2.702425354318531703e+01 3.454565926856853508e+01 2.871769548742316758e+01 4.861560847002890995e+01 3.159743315816448117e+01 4.992214497450986954e+01 5.538431373333882135e+01 5.152148273532149148e+01 3.664385999461948273e+01 3.577597862058676270e+01 2.557719522122800271e+01 5.159341748004960593e+00 2.557719522859287409e+01 4.463804670662236163e+01 4.830525696502104438e+01 3.416312239766761394e+01 4.830525772886119995e+01 5.310245048156787817e+01 4.171739455737900926e+01 2.987254568515906072e+01 9.855207118818990253e+00 1.879959310967829467e+01 3.034918254932787463e+01
8.483503398980346555e-02 2.008483503398944947e+01 3.180789275307814989e+01 3.887896056494314223e+01 3.887896056494314934e+01 5.080571897602477094e+01 4.252245709807545637e+01 3.321305478774986142e+01 5.321273680638176984e+01 5.394552544975564956e+01 3.399089143598808960e+01 2.267509960082404064e+01 1.481580460859230541e+01 3.064439130604961292e+01 1.959395591306478224e+01 3.958444256026002961e+01 4.861560847002890995e+01 5.680887821950380356e+01 4.574285275172563558e+01 5.996155315657662754e+01 7.159945114904313357e+01 6.015008762744222537e+01 3.803557434964533712e+01 1.836132382199057034e+01 7.055264442214150833e+00 2.555238836838399763e+01 1.617598931805634876e+01 3.050149852544192441e+01 5.052931759862982375e+01 5.416312239644037163e+01 5.460986323281075272e+01 4.491400116760603822e+01 2.499847270730403181e+01 1.344737368109904807e+01 1.797966406805688067e+01 3.775777004758964495e+01 4.708788912866619825e+01
4.163169627051844027e-03 5.777665861523284541e+00 1.180789275307850517e+01 1.887896056494385633e+01 3.302109618867430640e+01 5.302109618867359586e+01 6.149546539761186636e+01 4.476005098648731462e+01 6.149546539761186636e+01 6.229959590853706430e+01 5.072535496103410679e+01 3.803915708350896807e+01 1.802065085260373678e+01 3.803914742828444417e+01 3.958444256026002961e+01 3.027875833688124985e+01 4.441299703676128274e+01 6.441160150772530812e+01 6.581232555016099184e+01 7.108668254794156383e+01 6.039501653532933290e+01 4.150061992142998690e+01 3.808988585590532239e+01 2.884018374610012003e+01 8.437397151309196985e+00 2.883760311710339153e+01 3.636751091822141291e+01 3.636751091948423920e+01 5.636992311061531069e+01 6.048854487465183638e+01 4.036568659793889680e+01 2.618337470887156115e+01 1.722755964150066887e+01 3.348039699549623549e+01 3.777856259435920805e+01 3.353449010366992411e+01 5.261418237675527365e+01
2.434392073152260791e-02 2.002434392073116598e+01 3.180789275307814989e+01 3.887896056494314223e+01 4.716323181240475293e+01 5.892012945722358097e+01 6.720426050903539306e+01 6.475932036656617186e+01 7.304119346809187618e+01 6.296955376997983223e+01 4.297473563274341046e+01 3.142215281750991807e+01 2.139390333712907477e+01 4.142500906415139639e+01 5.638011698442387143e+01 5.027045267203904899e+01 4.660047597525717578e+01 6.659997634062357008e+01 6.538136467007902297e+01 5.145339097463702416e+01 5.058080117003049736e+01 3.226635536268834414e+01 1.809514309389769693e+01 3.020497609304190689e+01 9.848881603285754238e+00 3.020575153870920815e+01 4.287756220576856947e+01 4.989674435621922299e+01 5.812350595940421272e+01 6.805222380337222887e+01 5.460986323281085220e+01 4.562062728839454451e+01 3.728120650266130554e+01 2.131257075901727660e+01 3.244047077617381092e+01 5.009930175684657883e+01 6.082189092620095039e+01
5.883922493566802470e-02 2.005883922493531202e+01 3.800655481448121975e+01 4.629078565984562488e+01 4.259021175146181548e+01 3.892014649684516314e+01 4.891619275792951527e+01 5.647547959804976614e+01 6.475964755100413583e+01 7.123124495997554106e+01 5.297489057153364911e+01 3.296990895377106767e+01 3.036570030580082502e+01 2.808545625692734049e+01 4.223692787816735006e+01 6.223690470718972989e+01 6.659997634062357008e+01 6.853890620809961831e+01 4.891231260073331555e+01 3.757943147044262133e+01 4.233869407597003942e+01 2.245857393002224001e+01 3.405681957158218864e+01 1.393430536212968107e+01 1.149367889297932166e+01 2.955287152852706356e+01 2.292143090352249146e+01 3.001589236124643634e+01 3.996956893954175882e+01 5.982391977289667295e+01 6.952111822723567514e+01 5.038705087525949011e+01 3.028020839811892273e+01 4.139499755690613370e+01 2.616806363060942786e+01 4.033526356024425041e+01 6.047518761103690821e+01
2.016265153036126551e-02 2.002016265153000774e+01 1.800655695637987108e+01 2.994110337449875914e+01 2.259021533070233190e+01 3.948810437483021474e+01 2.891619706998255523e+01 3.647548653008828268e+01 5.061762197173366218e+01 7.061759892595281940e+01 6.126064279290935843e+01 4.452153074317423176e+01 4.037256593719586562e+01 4.223692787816735006e+01 3.626098207406482743e+01 4.780516654127758613e+01 6.780691975497981616e+01 7.674332990739297600e+01 6.011214931084127500e+01 3.865183268326588006e+01 2.699430691516351288e+01 4.235267438982959476e+01 4.231383481158403725e+01 3.405703353198055083e+01 3.178105000076588738e+01 1.382523939044689776e+01 3.402072528344239544e+01 4.922361206769147657e+01 5.812350595940421272e+01 6.805222380337225729e+01 6.115127460874129639e+01 4.101325598610644363e+01 5.038705087525949011e+01 4.984018209607876315e+01 2.976242652179293202e+01 4.132459508045729280e+01 5.555070642484377430e+01
1.256007409845548775e-02 3.215123150200191571e+00 6.459551572815429132e+00 9.941104691929355752e+00 1.394110469192932200e+01 1.948810665418151444e+01 3.363024224961433362e+01 5.363023456403792011e+01 5.647547959804976614e+01 7.647541578144276286e+01 7.280891302617773420e+01 6.452239478773667258e+01 5.191717509474886327e+01 6.223690470718972989e+01 4.333053405022275228e+01 6.332966145600587282e+01 7.609379991675643851e+01 8.684108697005190436e+01 6.939442094350617651e+01 5.502664677030649187e+01 4.680785206978273294e+01 3.250408900105340848e+01 5.220358860866238615e+01 4.644865655446014330e+01 3.566163952904789625e+01 1.551835837945903585e+01 2.095711665012334990e+01 4.121143640883482817e+01 5.670131141470085367e+01 6.483569463481796902e+01 6.952111822723567514e+01 5.262018270094885253e+01 6.542903792284879216e+01 4.525554412792752146e+01 3.368314347293541999e+01 4.786980793181650995e+01 6.805483625712136586e+01
1.283213977233468341e-02 2.001275073262372572e+01 2.645946699180728956e+01 2.994108263805708603e+01 3.394110304519542609e+01 2.288537660192612577e+01 3.288537660166667820e+01 4.702751206653870497e+01 6.702749223729985317e+01 7.011353994105350296e+01 7.601302362125504430e+01 8.020780372171952877e+01 7.192100779848698267e+01 7.161650691880313957e+01 5.332698113458936007e+01 7.161650691880313957e+01 8.896597026829697086e+01 7.877059897067728400e+01 5.929789918667909632e+01 4.805421964512142097e+01 3.830594274824285606e+01 5.220358860918499033e+01 5.233369340287176641e+01 3.227577741231227293e+01 1.802571355593882174e+01 3.566111798279072076e+01 3.284265330823695450e+01 2.957756141491854862e+01 3.708167915303263840e+01 4.841854604955184271e+01 6.801579189663637237e+01 6.687836761952191011e+01 7.380990957372718242e+01 5.828335092236503812e+01 3.815209767870234714e+01 4.974574406585258401e+01 6.994593877588526709e+01
9.594114293757748102e-02 2.009594114293722100e+01 3.374172577834232811e+01 4.202693096795210437e+01 5.116958332278936439e+01 3.443238198333846611e+01 5.116958377180594653e+01 6.116954798854879272e+01 6.424441207519863895e+01 5.002858082432824460e+01 5.591132914976257240e+01 6.950457589627970378e+01 7.785087688734061828e+01 8.161938072037855818e+01 7.333234177742235715e+01 8.161938072037855818e+01 8.086651497984148307e+01 6.118932790796712595e+01 5.247813227951331783e+01 4.517268109002406362e+01 5.790085235383067896e+01 6.607083945846204642e+01 5.411314092712951407e+01 3.405974448119211928e+01 1.981027776884638314e+01 2.961166517605932924e+01 4.150740959674559605e+01 4.964491363841263194e+01 5.151919811195030263e+01 6.483569463481796902e+01 7.616185176502271759e+01 8.711302952563613644e+01 6.907880736167423663e+01 4.888235769680542830e+01 4.523904839717384618e+01 6.541751686677037014e+01 7.832937909943794352e+01
3.950229235330715398e-03 6.670616895902026222e+00 1.374168470776762163e+01 2.528869012645859371e+01 4.528883508574310923e+01 5.443237493812004146e+01 6.271654733010772986e+01 6.306356716684437913e+01 5.475618546111471829e+01 3.586801956180096340e+01 5.530373679795648911e+01 4.942155664635285461e+01 6.950457589627970378e+01 7.633239081324501285e+01 8.471576100141298582e+01 1.004604696646695459e+02 8.086651497984149728e+01 7.939215984998523368e+01 7.132017094302506166e+01 5.194164956678585554e+01 7.132017061449124640e+01 6.696797156217976976e+01 5.536633481411170266e+01 4.175410981156441892e+01 2.163693517892302154e+01 4.175410981156441892e+01 5.786418582765117691e+01 6.314200705559039761e+01 7.342436246210242246e+01 7.593462669825748890e+01 8.422133829996209897e+01 8.933089375709165836e+01 6.907880736167423663e+01 6.052144546046994122e+01 5.948896930968717101e+01 5.948896930968717101e+01 7.973029678425439215e+01
7.711341127313005306e-02 2.007711341127277649e+01 3.374173739223803636e+01 4.202725923373785832e+01 5.357516372262330862e+01 6.369896887887714598e+01 5.537549808520292771e+01 5.149998084477671512e+01 3.472223903607439155e+01 2.770189461367459316e+01 3.526204106283684325e+01 5.530373679795648911e+01 6.208237393979582208e+01 5.617982368676770477e+01 7.633239081324501285e+01 8.536837343031825753e+01 9.571589804159243897e+01 8.396404578853993428e+01 6.499631159575582728e+01 7.128251492966775515e+01 7.289711463265955160e+01 5.866388561393959833e+01 3.854987870794914784e+01 2.686502633294826126e+01 2.376961785158012574e+01 4.387321553502532367e+01 5.269501391109250221e+01 5.678469934202338720e+01 6.178978240057588778e+01 5.593079605482040506e+01 7.593462669825748890e+01 8.640376651706988298e+01 8.914992866801121352e+01 8.076838110809639204e+01 7.973029678425439215e+01 7.973029678425439215e+01 8.811208899014255280e+01
9.541454368626212448e-03 2.000954145436827147e+01 3.645153512904113313e+01 4.799854410969567198e+01 5.270833810341094505e+01 4.683534522838022696e+01 3.533855897457341655e+01 3.901540580911695599e+01 2.317275135667136610e+01 4.319129249627700062e+01 3.335903717970676041e+01 3.752982705760089743e+01 4.200317696862529004e+01 4.908043501801988384e+01 5.665621443609634866e+01 6.671620833130330652e+01 8.718826744984747279e+01 9.196660649106264884e+01 8.099898975237191223e+01 7.965645386759264568e+01 6.455688532424048276e+01 4.437422535041437044e+01 3.261513638267405923e+01 4.653361027464611510e+01 2.644807667387948769e+01 2.889968274290882633e+01 3.264300507766404280e+01 3.674941431347318144e+01 4.176945016636608443e+01 4.810891610601307633e+01 5.811665936244099839e+01 7.225891405753299068e+01 9.225977570769177305e+01 8.994379353817176082e+01 7.994306154663409814e+01 7.164300641555887239e+01 7.994306122142833715e+01
2.297228869525369793e-03 8.167263038146856502e+00 1.971426842193983120e+01 3.971426849276472382e+01 3.267964844670174074e+01 2.681616738274109224e+01 3.508910741936301747e+01 1.900245795350764411e+01 3.901540580911695599e+01 5.150733559041589160e+01 5.340213763161828808e+01 5.169565152394626750e+01 5.617982368676770477e+01 5.617982368676770477e+01 7.633239081324501285e+01 8.536837343031825753e+01 9.580541185709373053e+01 1.041042857164203070e+02 8.717030480686679539e+01 7.125165277038325939e+01 5.095942796328783686e+01 3.910163240139169005e+01 5.290192952510753344e+01 4.923959500416486179e+01 2.917148277181694738e+01 4.897144935021587031e+01 4.423364488749788137e+01 5.678469934202338720e+01 4.942993257721223443e+01 6.811684508386575487e+01 6.225882986136615216e+01 8.225934488261243871e+01 9.580350386827170439e+01 7.575710871219975218e+01 6.165745090817645035e+01 5.176038562158186807e+01 6.170169601647978652e+01
