MOVIE_S12_data/elevation_000856.asc
nrows	50
cellsize	150.0
xllcorner	0
ncols	50
yllcorner	0
NODATA_value	-9999
[rows 17 to 33 of 50, columns 0 to 36 of 50]
5.436832538903087209e-02 2.005436832538867620e+01 3.840136499488646393e+01 3.852600698370642363e+01 3.255676563677256041e+01 3.229892825842309634e+01 3.230414985440086895e+01 5.214691143718819433e+01 5.768123200209890200e+01 3.767215140655637384e+01 5.768123200209890200e+01 7.046320566916462269e+01 5.372341603247868846e+01 7.046320566919034434e+01 7.982193680236593991e+01 8.152463053828027739e+01 8.980808177158323247e+01 8.745902007727271155e+01 6.744935605580275251e+01 5.330336498431822179e+01 5.485078929092592404e+01 7.159866884612291926e+01 5.542568858656293429e+01 3.539724905642223263e+01 3.851661796727355380e+01 5.847603390251099142e+01 6.591426654417428210e+01 5.783377860123407999e+01 4.564656247194585603e+01 5.722588023656791023e+01 7.727346452446127500e+01 9.144764688809037523e+01 7.115921360138328566e+01 5.687680497570849525e+01 4.683955092255711605e+01 4.868142135940742321e+01 6.368596579404890434e+01
9.647730019007895452e-02 1.025226411284468142e+01 2.435151965362000936e+01 4.426667308320729433e+01 5.254233990425228740e+01 5.211665970219575428e+01 5.214691143718820854e+01 6.034381953822229860e+01 6.596661731727752453e+01 4.922488372727341499e+01 5.182138453747527507e+01 7.182815522463080526e+01 7.372959073539757924e+01 8.201195219882717424e+01 8.036516979523788962e+01 8.036516979523788962e+01 8.864793741711895336e+01 8.964906565240956127e+01 6.963794120236237006e+01 6.744935605580275251e+01 6.899679575091128925e+01 7.058427460443022028e+01 5.056128167317926625e+01 3.899213252302408961e+01 5.870527539432643493e+01 5.285313662442978000e+01 7.283358818165989135e+01 7.238289742580329289e+01 5.233116416616955746e+01 7.238289742580329289e+01 8.557341230746041560e+01 9.564595196393921128e+01 7.536256323001252611e+01 6.106002561049141519e+01 5.876312929497402138e+01 3.866350450934507421e+01 4.355483907970337043e+01
9.953738903938927352e-02 1.424167301277046427e+01 3.424167301277116593e+01 4.828247838156499228e+01 5.046903655648942788e+01 5.874156269344660330e+01 6.200996747489132588e+01 7.026084523615138266e+01 7.751670497630308887e+01 6.923281856875925655e+01 7.182815522463080526e+01 8.011185009707971005e+01 7.605530577139730042e+01 6.777270172784461977e+01 6.036934533935283298e+01 6.036934533935283298e+01 8.036516979523788962e+01 9.361071910976923505e+01 8.964906565240956127e+01 8.745902007727271155e+01 8.900720081945482320e+01 7.888819118551910492e+01 6.287993591629146550e+01 4.284694178851679425e+01 6.287993591624712053e+01 7.283358818165989135e+01 8.108586234544331717e+01 8.068322583170102291e+01 6.236103331963602159e+01 8.068322583170102291e+01 9.041810315972574585e+01 8.199403627357614255e+01 8.199403627357614255e+01 8.130343024473683045e+01 6.368596579404890434e+01 4.355483907970337043e+01 3.194849037730017827e+01
3.582433992925927735e-02 2.003582433992890444e+01 2.914327567071108049e+01 2.828589195756733687e+01 3.047350881359836450e+01 4.787723183978622643e+01 4.202326106629219282e+01 6.200996747489132588e+01 7.740269387805101076e+01 6.912231599104751467e+01 7.740269387805101076e+01 7.533197934186075884e+01 6.446141551751847487e+01 4.777338431203176583e+01 4.622620355591585195e+01 6.622598672706573097e+01 6.553991877302985358e+01 7.957531894139965800e+01 8.740110425130147576e+01 9.590968921531558067e+01 8.778164639154023519e+01 6.772007404968415756e+01 5.356109284120157099e+01 6.287993591572274710e+01 4.993570777014919315e+01 6.150033727118210436e+01 8.151462209765008993e+01 9.070396565998818517e+01 8.240476153197057840e+01 9.070396565998818517e+01 8.199403627357614255e+01 6.099432129173280259e+01 6.099432129173280259e+01 7.570621222572927422e+01 7.206087979136682975e+01 6.042333740293696565e+01 4.648442260044655683e+01
8.338298177320474514e-02 4.555518936772764427e+00 9.143833614183831671e+00 1.414383361417362472e+01 2.081050027322831042e+01 2.788156788680175069e+01 4.202326106629219282e+01 6.200996747488225225e+01 6.740477509663261912e+01 4.912430920567810944e+01 6.740477509663261912e+01 6.715605572690110137e+01 4.720831844943921851e+01 3.622758971185319865e+01 5.622609514149082344e+01 6.966601430945217999e+01 5.154757293302623111e+01 6.966601430945217999e+01 6.628032746265104436e+01 8.134835153834326604e+01 8.957601586642518043e+01 8.193521210676664168e+01 6.512255354022538256e+01 7.573674970516100302e+01 5.572331713712080159e+01 7.573674970599309120e+01 8.982972287396113131e+01 9.966773799835267766e+01 9.128564749226299568e+01 9.656996748326209001e+01 8.100269884938634846e+01 5.960740973692018230e+01 4.480471203093310351e+01 6.689717007927224302e+01 6.822892312054807462e+01 5.985439579053538495e+01 4.290640625455550605e+01
1.813270376062421294e-02 2.001813270376026921e+01 2.914327567071108049e+01 3.414275652057337851e+01 3.924371238207493917e+01 4.745042910815018189e+01 5.022166801238120115e+01 5.841776628479820488e+01 5.912331259836275876e+01 3.912462010704808080e+01 5.912331259643062253e+01 5.249683594875322257e+01 4.421527995965029589e+01 3.088444391198382633e+01 4.895488469212055094e+01 5.147374536015417590e+01 4.160600285265397247e+01 5.996241162593890550e+01 5.419828200406737295e+01 6.169758040586187775e+01 8.134835153834326604e+01 9.366629668615070159e+01 8.522093175413741051e+01 8.240587111972453727e+01 6.239850687847790311e+01 8.240587111976442714e+01 9.809750024690922032e+01 8.794391794763916437e+01 7.095036103789367132e+01 7.623564607051655173e+01 7.496014103465834921e+01 5.324810021395313697e+01 3.811965489320142098e+01 5.345947373101287070e+01 5.066926931171257564e+01 3.973786390552494652e+01 4.042467194641226769e+01
2.351309638313057310e-02 2.002351216480242968e+01 3.105136488018700547e+01 2.513051117375867705e+01 1.927255005478946970e+01 3.923960046220209819e+01 3.028353860053085711e+01 4.693201589879587488e+01 5.245708176747542950e+01 3.245918324139987732e+01 4.392994918420529871e+01 4.135835601739591283e+01 2.421600214994829159e+01 2.649788559714092528e+01 2.896073539296722998e+01 3.147965335260461828e+01 3.405942003210795122e+01 3.981998447929024820e+01 4.789170577785446170e+01 6.745315801502071906e+01 7.595431942609332054e+01 8.247147137487748125e+01 9.065773744688470970e+01 9.072129720421959576e+01 7.239528565448303254e+01 9.072129720421959576e+01 8.971129610905099128e+01 6.937883265851854730e+01 5.929024417891718457e+01 6.191847335596403212e+01 6.608537857758850009e+01 5.685775915185446650e+01 3.675323711085886202e+01 3.333902728974516805e+01 3.053289371967452936e+01 4.342931628630089591e+01 2.338584076388563204e+01
2.372884694381488524e-02 2.002372884694345956e+01 1.171987639783824520e+01 5.140514878101543950e+00 2.511337307383004713e+01 2.841342942810873851e+01 1.873705535412924661e+01 3.801744716615975506e+01 5.222233173480869084e+01 4.392994918428068019e+01 2.392879058290892047e+01 2.135441657639571389e+01 4.135835603033218888e+01 3.282123941246664600e+01 4.895488469212055094e+01 5.147374536015417590e+01 5.405499256478007197e+01 3.858406412532814755e+01 5.844487812293895246e+01 6.778085952008173365e+01 5.671587540768009461e+01 6.306085841776510392e+01 7.670358926093420848e+01 9.639637060052871220e+01 8.653986887775150194e+01 1.007441257335658520e+02 9.809750024674877977e+01 8.794391794719031452e+01 7.048683341376074907e+01 5.031670835054039514e+01 4.594771406675073422e+01 4.177130996594851808e+01 5.685775915185446650e+01 5.345947373100953115e+01 4.679402132505897072e+01 2.668899484426717805e+01 2.623086462421970566e+01
6.296921807001566729e-02 2.006296921806966083e+01 3.248355100641969084e+00 2.325076730035344497e+01 7.062795803486369373e+00 8.430506352576871976e+00 9.809082557409162462e+00 2.393568795120800630e+01 4.007827658780697533e+01 3.601235067229264786e+01 1.857779418923880499e+01 3.858441469655338096e+01 3.768881800748230404e+01 5.281720076940451492e+01 4.281814231234145041e+01 6.281625919240304512e+01 6.666117142514892180e+01 5.844487812293895246e+01 4.335896049754741455e+01 4.848059233725498274e+01 6.209787743575557784e+01 8.150079194278515615e+01 7.670358926093420848e+01 9.639637060052871220e+01 1.066037943284709257e+02 1.095967052648674809e+02 9.768923763085899736e+01 7.735690525693772202e+01 6.303356861722432569e+01 7.048522283314136416e+01 5.445939328734417728e+01 5.596519443023091611e+01 7.027088700745639471e+01 5.468913392581379895e+01 3.456046731918858939e+01 4.679402132506027812e+01 4.806602627891825108e+01
8.175220331382776484e-02 1.378229215255112328e+00 2.138149299265502989e+01 3.153402065169085944e+01 2.119177031695199176e+01 2.255707368117882794e+01 2.979438366443982389e+01 1.180204958656712755e+01 3.179348757066567188e+01 1.600849514044726263e+01 3.601235067176628490e+01 4.686727495902078999e+01 5.768592818885273488e+01 6.596685552319119950e+01 5.696059241164691400e+01 5.696059241306652154e+01 7.695308953591862178e+01 7.008432348045730009e+01 5.698067879050130102e+01 5.016540102064121243e+01 5.764692923515129763e+01 7.765017466059278206e+01 9.639637060052871220e+01 1.046118856328352393e+02 1.037335443036078857e+02 8.959600699565470450e+01 1.037335443036078857e+02 9.170515307962060092e+01 8.331210753192051754e+01 8.306865114257861649e+01 6.609160911683788697e+01 7.618206117948665224e+01 5.826008222107167711e+01 4.403979711375180273e+01 5.468913392581379895e+01 6.306111967476331870e+01 5.343764990705053464e+01
7.631710034972485901e-02 9.036682451559256535e+00 1.181603475647493973e+01 3.190174871496377307e+01 4.121271350526969712e+01 4.255822397025907122e+01 3.666342455701551728e+01 1.711627567553955842e+01 1.388358233619139348e+01 3.387998079046398203e+01 1.993041886036564136e+01 3.993571131013897713e+01 5.225925841713865339e+01 6.380469591781968575e+01 7.695308662546861456e+01 7.695308942399077523e+01 8.523001456227549966e+01 7.625953524115477933e+01 5.818337393010890679e+01 6.300525974215587155e+01 7.764484715647887469e+01 7.178479373402730346e+01 9.181045684199160917e+01 1.044528038812240709e+02 9.479424079251542423e+01 7.546498451301533805e+01 9.479424079251542423e+01 1.059247616522677333e+02 9.765404263505561744e+01 9.478464618250124829e+01 8.638325389392591092e+01 8.688347976607241208e+01 7.257178096087511676e+01 5.408133113331534503e+01 7.257178096087511676e+01 8.214172884368024086e+01 7.378361676866555285e+01
9.124702163186203252e-02 2.009124702163150644e+01 3.184154780278131724e+01 2.600042958945106619e+01 4.614879338229712147e+01 4.500970025078387238e+01 2.543594872435323495e+01 3.666342455701551728e+01 2.802173933520140992e+01 3.020975406676453545e+01 3.993571131013897713e+01 2.397560580249119866e+01 3.552426518395729005e+01 5.552247383407892301e+01 7.095932625457945164e+01 7.404398452636931438e+01 8.232479355514270480e+01 8.653354921557296109e+01 7.773628058428255372e+01 7.228561043970564981e+01 9.000373099285383205e+01 9.181045684199160917e+01 1.000771973097391339e+02 9.617504134575047203e+01 7.619277232520178700e+01 6.654939610457377341e+01 8.651468246465476852e+01 9.439241132617733854e+01 7.767463928912791005e+01 9.439241132617733854e+01 9.925906291635790524e+01 9.098198140718390903e+01 8.268454377067335770e+01 7.429121765369370678e+01 8.268454377067335770e+01 8.862700105850163368e+01 8.042617031099499059e+01
8.187870513261463756e-02 2.008187870513225803e+01 3.647163588835093151e+01 4.614879338229712147e+01 5.444856525743653464e+01 4.500970025078387238e+01 4.500970025078387238e+01 3.660696390477540518e+01 4.802302676341528809e+01 4.435330362700680951e+01 5.225925841709702269e+01 3.301728867275608081e+01 2.856622024072163768e+01 4.268944727733499178e+01 5.777482045097126928e+01 5.403448421011813707e+01 7.005597285223308290e+01 7.833755606392108461e+01 8.833695676166469468e+01 9.244302340034809617e+01 1.008450718674822184e+02 9.855389768994331234e+01 9.027346146466553023e+01 9.007040843330109681e+01 7.985958701129440840e+01 5.991390618203021035e+01 7.232089355472385250e+01 8.059520913471557435e+01 6.615849197300750006e+01 8.611895807798670432e+01 8.772414652677355207e+01 7.100440353620966505e+01 8.464044434530822514e+01 9.291684067897941190e+01 8.862700105850163368e+01 7.712839825744865152e+01 6.046129144098444641e+01
2.239863785106879432e-02 8.187364447128400613e+00 1.973436983092112129e+01 3.387650545465302798e+01 5.387650546882605340e+01 6.497178212909575734e+01 6.479583258697284975e+01 5.648805154716746557e+01 5.280318999016414239e+01 6.435142221771886284e+01 6.163998096472429467e+01 4.519684893945650828e+01 4.557627097146482953e+01 3.341354702061979509e+01 3.777186582453520458e+01 4.248034258557196097e+01 5.004224327944731954e+01 6.005438059696053443e+01 7.420282542392570235e+01 9.419215705576806386e+01 1.044106782739106336e+02 8.441763452806733881e+01 7.030151927068790485e+01 7.010412946504443710e+01 7.010412946504443710e+01 6.585334089383280798e+01 5.238696827283612834e+01 7.232088231466313744e+01 5.862800051580569516e+01 6.860133032461472169e+01 7.687051351771454222e+01 5.949103092689891525e+01 6.467526222688083237e+01 8.464044434530822514e+01 8.042617031099499059e+01 6.046129144098444641e+01 4.891304655755716624e+01
1.991760116496149591e-02 2.001991760116460739e+01 3.647163588813128854e+01 4.393475048944208794e+01 5.163876531935125769e+01 5.925753490829735171e+01 5.953184365170578474e+01 6.788281342720259204e+01 7.288380530377193622e+01 8.117808703264397252e+01 7.426098332487970310e+01 6.589530113246640042e+01 5.895067876583637911e+01 3.918371612013896055e+01 5.777482042593815237e+01 6.249149406418307251e+01 5.403448421011812286e+01 6.559209150124766552e+01 8.558948493604704311e+01 1.015249796763512080e+02 9.005738125232558389e+01 8.183553848207095882e+01 7.764198982902851753e+01 5.769848768271166506e+01 5.016520921284201506e+01 4.591302759032282665e+01 6.585347151322346804e+01 8.059510619726533776e+01 6.860133032461472169e+01 4.866067310176767791e+01 6.860133032461472169e+01 5.057572233698186892e+01 6.421506818106290382e+01 8.417807812834163883e+01 8.199680012629640657e+01 6.200150249302701866e+01 4.785717798001379464e+01
1.766589122093755945e-02 2.001766589122058093e+01 3.041703813773337828e+01 2.514967978857164255e+01 4.306133454792281867e+01 3.746952915900170922e+01 3.924900797636732364e+01 5.191528486632256545e+01 6.020032669475680365e+01 7.070479471152088990e+01 7.070479476489232695e+01 7.898493869804858036e+01 6.755624475896711090e+01 4.922657133734966806e+01 5.189150488607482004e+01 7.195689050939935782e+01 7.404398445230215486e+01 8.232478088668331395e+01 9.386862896753078189e+01 9.331364588202293930e+01 7.343263542875975247e+01 6.193486211763273275e+01 7.034584665612854337e+01 7.661049302464239474e+01 6.160215180028355064e+01 4.164929326688812949e+01 6.160215180028355064e+01 7.717642990151260562e+01 5.722801598681576252e+01 4.312040238290688166e+01 6.307079374195145505e+01 4.426173814723090771e+01 5.836975629782403985e+01 7.832689940587859212e+01 8.784618162953182718e+01 6.785840402993818543e+01 6.638666038349398946e+01
6.490672536223988931e-02 2.545601417146414303e+00 1.144356407603538095e+01 2.887600824201788541e+01 3.169321477855176994e+01 2.274417420013753954e+01 3.775439252674500068e+01 3.188875884721627330e+01 5.191528470376086091e+01 5.070418297169962329e+01 5.070418297170681399e+01 7.070479476489232695e+01 7.758107733070239931e+01 6.344699579967910807e+01 6.610096240781147969e+01 8.022927982403012948e+01 8.972139422110544160e+01 8.144162403655599292e+01 8.668423928567818848e+01 9.435205768444124885e+01 7.447505395609040590e+01 6.039437871376676270e+01 5.043026216886863722e+01 5.670375849680888081e+01 5.827667497808079133e+01 3.831339828534616743e+01 5.827667497808079133e+01 7.233830559772323454e+01 5.238914460786973848e+01 3.826973028592179560e+01 5.221552422721739362e+01 3.909907992203896043e+01 5.906314051956876199e+01 7.411109967085562289e+01 8.226724378923918835e+01 8.196374728058937364e+01 7.197332059704483243e+01
