MOVIE_S12_data/elevation_000563.asc
nrows	50
cellsize	150.0
xllcorner	0
ncols	50
yllcorner	0
NODATA_value	-9999
[rows 17 to 33 of 50, columns 0 to 36 of 50]
5.436832538903087209e-02 2.005436832538867620e+01 4.782524499512796012e+00 6.802829588617226086e+00 9.011460110114175137e+00 1.126163591196624303e+01 1.361865851592142107e+01 1.604401476628479273e+01 3.604415866504962906e+01 4.434903507829518077e+01 4.168421264904699086e+01 4.308172561781340448e+01 5.648968589466652190e+01 6.277514302089522857e+01 6.973412051873445705e+01 7.757499774674739967e+01 8.596348466530317012e+01 9.923922503822328167e+01 9.107475777979219345e+01 8.203283348725595658e+01 7.328073975556436892e+01 6.506630559537563840e+01 4.798853358388252843e+01 6.613504344859045148e+01 5.953071793990845606e+01 3.934860410288948884e+01 5.953071793990845606e+01 6.933377310217186107e+01 7.206184515356667930e+01 5.111236653195156521e+01 7.206184515356667930e+01 8.467903326593200575e+01 9.526146017011413392e+01 8.526729043981929124e+01 7.698963005078775268e+01 6.063012938693107401e+01 6.429843559708581324e+01
9.647730019007895452e-02 2.009647730018972211e+01 2.478513412810895034e+01 1.834983540390969026e+01 2.901155910574870234e+01 2.020590784172698662e+01 3.361878481955962172e+01 2.759102120413340842e+01 2.673446486067868832e+01 4.673477317615736126e+01 6.238373166922483648e+01 6.385218501681944758e+01 7.233217454014791770e+01 7.696551836881283748e+01 7.532340580399787200e+01 7.532340580399787200e+01 8.348785541331750437e+01 8.787847167977437834e+01 7.141117621641318181e+01 8.228093676842382820e+01 9.043922332038692957e+01 7.507890388387322389e+01 5.856766296878110722e+01 7.507170795109993833e+01 6.315604283841136635e+01 4.297108806484670396e+01 5.724646129542562534e+01 7.742303474743721381e+01 8.039301557372471052e+01 6.075251119604573802e+01 6.834353680704327871e+01 8.860642000192710555e+01 8.890757144901670017e+01 9.718874978684840471e+01 8.889729656315323325e+01 8.062052645255720051e+01 7.568719633650214007e+01
9.953738903938927352e-02 1.424167301277046427e+01 3.424167301277116593e+01 3.835004276017060931e+01 4.663538882912339290e+01 3.434805999128216314e+01 4.020610963784876901e+01 4.173319918052616373e+01 4.087663493415804083e+01 4.306448652509308062e+01 6.306567598314178724e+01 6.941474452311840082e+01 7.116783638116537247e+01 5.720589005445419417e+01 5.555388452005178124e+01 5.555388452005178124e+01 7.532340580399787200e+01 7.906245847799786475e+01 5.999979008004682157e+01 6.257195452375535893e+01 8.228093676841525905e+01 8.646997513757405329e+01 7.815275795154983030e+01 8.130822550798839643e+01 6.112018212487311786e+01 4.688722296766725606e+01 5.850560135750203017e+01 7.868193450941717515e+01 8.947626364101951424e+01 7.272482180929752360e+01 8.860642000192710555e+01 8.564176843595907940e+01 6.890453740773619984e+01 8.564176843595907940e+01 7.927810863047874079e+01 7.099682716995320675e+01 7.099682716995320675e+01
3.582433992925927735e-02 1.421045645126577917e+01 3.457797951389382263e+01 4.466645442322325721e+01 5.372209088623238671e+01 5.434869291630717214e+01 6.020737094145376034e+01 6.173420720203350953e+01 6.087756989663132146e+01 6.306567598314178724e+01 6.359591335216217090e+01 4.960446287860105485e+01 6.125901372500042896e+01 4.314145360616885228e+01 4.148070197682100257e+01 6.134424299826999771e+01 7.184350272712119079e+01 6.367308601089841602e+01 5.110495437534262209e+01 7.090195056401213947e+01 8.228093676842382820e+01 1.019569098864472068e+02 9.148414560317966959e+01 7.124207253189707956e+01 5.961531825651292849e+01 5.193823247480606398e+01 7.206475335226377865e+01 8.704145117014984123e+01 1.010330489960903577e+02 9.280401763581190266e+01 8.979927624714203205e+01 6.979247253676768992e+01 5.734015556011085124e+01 7.735881436067408856e+01 7.099682716995320675e+01 5.100362783965557867e+01 5.100362783965557867e+01
8.338298177320474514e-02 2.008338297836031217e+01 3.848933273168316305e+01 2.364399010304752835e+01 4.152645437297296382e+01 5.182316021022093366e+01 5.762994736689557129e+01 6.350570943804373059e+01 5.592757239155974958e+01 5.008394370854879440e+01 5.540676003199183697e+01 3.551373725929455816e+01 4.282530773035457372e+01 3.315747815290441025e+01 3.441873836889780591e+01 5.298991229745464437e+01 5.723136917106126731e+01 4.381840799874689907e+01 6.367282315839183582e+01 7.905926661588063098e+01 8.470173023574933779e+01 9.286225950039576560e+01 9.982341698906097349e+01 8.815513197526516365e+01 7.879074310216314814e+01 5.861277385246506810e+01 6.463360478833833156e+01 7.892092332114837916e+01 9.917078592337739451e+01 9.437399474740439587e+01 8.376699795972392337e+01 6.374866528561550894e+01 4.974743157946655714e+01 6.979247253676767571e+01 7.036148990579725648e+01 5.685950034588523039e+01 3.686210093748265848e+01
1.813270376062421294e-02 1.969667309934153110e+01 3.009334299189189821e+01 1.195013404446586058e+01 3.231247618525704723e+01 3.191492778815597120e+01 3.774591622128719592e+01 4.368830244139110874e+01 3.598249536189400288e+01 3.014202550157677152e+01 3.795852110721705941e+01 3.994598609977163761e+01 2.287678436058001807e+01 2.499662555331569180e+01 2.899572617299240207e+01 3.307632858858883651e+01 3.733719806979361522e+01 5.723136917106126731e+01 6.393897013236981053e+01 6.861178155794661393e+01 6.499571884523371068e+01 8.423149118354197640e+01 9.303351051275679140e+01 9.311720916813358428e+01 7.285652655676031486e+01 7.022612389870933214e+01 8.485197075924536136e+01 9.320607965942117801e+01 9.437399474740439587e+01 7.437294714558440489e+01 7.804320776554568795e+01 6.374866528561551604e+01 4.367471722763448128e+01 5.641869583925355869e+01 6.208013329453527973e+01 4.208470501023519716e+01 3.053247980602483480e+01
2.351309638313057310e-02 2.002323133210072825e+01 2.167407212868186761e+01 4.384481461068476804e+00 2.431583695805495182e+01 1.778706063184321451e+01 3.774591622128718882e+01 2.959012625884544789e+01 3.324523015574664697e+01 1.600987630324350874e+01 1.799016276309786733e+01 1.999014159753917141e+01 3.994590004458058274e+01 4.493921853525348808e+01 2.912135291083655986e+01 3.213526582494150574e+01 3.525684715822465165e+01 3.961734225365888307e+01 4.408446383511616773e+01 4.879173786862330076e+01 5.632626116058369803e+01 6.519908142361038017e+01 8.487717934369848649e+01 1.014549065488415494e+02 9.311720916813358428e+01 9.049023050782116684e+01 9.883540779475826810e+01 1.009852152510079435e+02 8.098781990030325062e+01 7.804320776554568795e+01 5.802379338045096802e+01 6.043677388495913760e+01 4.034638365643341729e+01 3.631900925716359296e+01 5.203258463890459495e+01 4.912378029958174608e+01 4.297523516207517247e+01
2.372884694381488524e-02 1.293730116945718489e+00 2.566299642897271749e+00 2.231233541785259078e+01 6.241434842588657439e+00 2.622266021869846142e+01 2.947288630485939009e+01 3.102725253569114727e+01 1.327553710364720807e+01 1.610395889852390638e+01 1.899068211610925871e+01 3.893773952197024357e+01 4.816306772046251439e+01 5.725192987824299706e+01 4.905037961531339619e+01 4.624385066615693773e+01 4.935835201822211360e+01 4.210944803026671934e+01 6.197548450854053925e+01 6.861183931167039418e+01 6.136475632636214073e+01 7.532302582461083773e+01 8.487717934369848649e+01 1.045429577797838760e+02 1.066245699458456500e+02 9.845251654279469733e+01 1.066245699458456500e+02 9.512942018236853414e+01 7.513017726981256317e+01 6.097842654895302417e+01 5.278907101642260358e+01 4.642531843058372232e+01 6.043677388495888181e+01 4.354848457412953167e+01 3.193649988216786895e+01 2.901414531281401921e+01 2.645082372860197140e+01
6.296921807001566729e-02 2.006296921806450229e+01 2.256635088428070191e+01 3.048454743476380102e+01 2.622111935614345057e+01 8.135489734866878209e+00 9.496317363716274329e+00 1.105331522745044737e+01 3.102725255546034333e+01 3.606339181803465266e+01 3.893773926323957824e+01 2.320675048565256304e+01 4.313260515599426270e+01 4.752057077623393866e+01 6.728941593821996037e+01 6.607721696229754116e+01 6.917150514276632123e+01 5.361611520681966425e+01 5.025635482187058045e+01 7.006048803824332083e+01 8.108232417715161944e+01 8.923944408994475452e+01 1.031558623552786003e+02 9.959087955283644078e+01 9.174796363525992149e+01 7.904999145445943043e+01 9.687548422603568099e+01 1.025088206289682518e+02 8.926999793027039232e+01 7.281901927139539055e+01 7.281901927139537634e+01 5.541615801238502570e+01 6.362208085563070625e+01 5.825588600264719474e+01 3.764927310456015874e+01 4.108605772143409496e+01 3.596437695401667156e+01
8.175220331382776484e-02 1.162875758710624297e+01 3.162875758708340257e+01 4.073125449084627547e+01 2.078173139417020110e+01 2.811409425053886935e+01 1.949534560020092044e+01 1.371267547449262558e+01 3.366286495687320723e+01 4.621108535762827074e+01 5.132073020445682943e+01 4.313260515599426270e+01 2.762286005668565991e+01 4.752057077623393155e+01 6.041310773680241653e+01 7.180330275162449993e+01 8.155544167763855512e+01 7.339459533430704141e+01 6.428826379058806140e+01 6.019840774231492730e+01 7.161017232574938873e+01 9.127751244799290475e+01 9.550896295365589594e+01 8.670004565665297491e+01 7.294899220344876767e+01 6.927359487923692427e+01 8.873759827022932711e+01 8.250622038695352956e+01 9.664903829764159582e+01 9.282131278535266006e+01 8.372323986225406145e+01 6.698491060930028596e+01 8.364448959165730457e+01 6.443056835678451932e+01 4.437905785735298991e+01 5.757019257229852371e+01 5.769497896964931982e+01
7.631710034972485901e-02 2.007631710034937100e+01 3.991302880932304475e+01 4.895341454932118808e+01 3.490441964501516026e+01 3.945692081647010951e+01 3.945585382898288174e+01 3.366286026292497979e+01 1.807694330118438941e+01 3.801263729446598916e+01 5.102864209153453601e+01 5.569282779629302382e+01 4.752057077623393155e+01 3.240035527997845577e+01 4.390313672100772635e+01 6.367414358558333021e+01 7.788187673936751310e+01 8.596903907197335570e+01 8.399587010199132919e+01 7.161017232574938873e+01 8.807996445685397191e+01 9.944244026125731750e+01 8.700625870080871493e+01 6.621451040589407455e+01 6.172948691060404514e+01 6.177169976702380438e+01 7.681242729580233686e+01 6.835546959306239501e+01 8.250622038695352956e+01 1.025088206289682518e+02 9.527097893166613574e+01 8.698955809389300953e+01 7.885318898614917771e+01 5.850172824269310468e+01 6.446253308739952104e+01 7.284882690062299559e+01 7.515499780192452306e+01
9.124702163186203252e-02 2.009124702163150644e+01 3.731042186259475102e+01 4.885742724638747347e+01 5.479862915563984416e+01 5.934609895937130375e+01 5.204877103822676787e+01 3.219867413815925516e+01 3.801262589326751851e+01 2.292724113356485915e+01 4.284172747650571011e+01 5.623652491768757500e+01 6.041310793161873249e+01 5.225934745067792164e+01 3.773662485829667901e+01 5.754045814032876649e+01 5.832303838621805170e+01 7.788187673936751310e+01 8.827477160673740286e+01 9.127751244799290475e+01 9.944244026125731750e+01 1.046088382848538316e+02 8.595873511322172078e+01 6.594676776370334892e+01 5.178215380846528149e+01 7.180813729549343805e+01 5.679212809128132733e+01 6.973418263135219775e+01 8.974535087506907871e+01 9.543101378163511583e+01 8.714756878970950993e+01 9.543101378163511583e+01 8.719592555855270177e+01 7.885318898614917771e+01 8.048853025352009638e+01 6.048883359329491327e+01 6.048883357606563749e+01
8.187870513261463756e-02 9.026150615131850685e+00 2.057315599892456959e+01 4.057315599892527302e+01 5.003705548016666427e+01 5.832132672762886472e+01 6.022311648151703167e+01 5.204877244339198938e+01 5.102848679378957542e+01 4.284172747650571011e+01 2.817823988307560157e+01 4.227269875074539840e+01 6.203987073639774508e+01 6.395725243309845354e+01 4.474694175567588417e+01 4.437608408700516094e+01 5.098633346053662052e+01 6.080186262579828593e+01 7.454201153780387301e+01 9.394468351994814270e+01 9.178769719638181357e+01 9.632533456822987716e+01 7.631919221666123576e+01 6.733019125616513634e+01 4.730100718793756442e+01 6.187893781933841097e+01 4.970715930820298212e+01 6.387215441872991306e+01 8.388637064025624568e+01 8.543036078149106061e+01 6.714489553037611813e+01 8.372966310256779821e+01 9.201338279243157103e+01 9.031837657100159333e+01 7.463082050534495693e+01 5.463103081542099915e+01 4.049187326857271074e+01
2.239863785106879432e-02 2.002239863785071350e+01 2.885641136088480252e+01 3.370712386161185492e+01 3.003705548016596083e+01 4.640401741983259853e+01 5.468828866729420923e+01 6.468828866729356264e+01 6.598276147111182866e+01 4.625408910999442469e+01 3.217656811218427748e+01 4.625408927732071618e+01 6.598285490796796182e+01 7.182174029820444616e+01 5.270557502098836267e+01 6.405168950772393544e+01 6.046345466840183747e+01 6.473440300830763761e+01 8.375898938218044520e+01 8.588270178648176056e+01 7.170248609867441303e+01 8.588270178648176056e+01 7.999038774062069024e+01 5.997285948255253629e+01 6.187893781933845361e+01 4.184943367420157756e+01 5.601482885113836119e+01 7.603614827293192491e+01 8.885511536406350785e+01 7.714623216007201734e+01 5.713778452151244380e+01 6.372432064750633884e+01 8.372966310256779821e+01 8.203611605136393337e+01 6.203497193496101403e+01 5.048921707493161648e+01 6.048883359329491327e+01
1.991760116496149591e-02 4.384275405884828558e+00 8.856411360884445472e+00 1.370712386161114793e+01 1.973735075316652754e+01 2.640401741983331263e+01 3.640401741983366435e+01 5.640401741983295381e+01 6.598286124328591029e+01 4.625408929953869119e+01 4.625408927732071618e+01 3.972514222840299425e+01 5.372422340436347099e+01 7.270680168226782314e+01 6.374327933441912108e+01 8.034361691840653918e+01 7.429932301513336768e+01 7.821047578549061541e+01 8.818197488367283654e+01 7.688964837588684986e+01 5.744416988945646807e+01 7.688964837588684986e+01 7.455275668639164621e+01 6.626412216626829377e+01 5.889311562482808426e+01 3.886634991738544187e+01 5.302850133710105496e+01 7.305154734804875716e+01 8.057104138419582284e+01 6.056340273971668609e+01 4.957008482640060976e+01 6.372432064750634595e+01 8.372966310256779821e+01 8.681912567217956678e+01 6.681821453307108527e+01 7.048845011165828112e+01 7.515500543562623648e+01
1.766589122093755945e-02 2.001766589122058093e+01 2.885641136088480252e+01 3.370712386161185492e+01 3.973735075316581344e+01 4.640401741983259853e+01 5.468828866729420923e+01 6.468828866729356264e+01 7.414035706210356125e+01 6.598286453016488906e+01 6.598285490796796182e+01 4.966894186235003872e+01 5.035031977569988015e+01 7.001760308112341136e+01 8.355113199515417932e+01 9.188740217482340711e+01 9.382241278831695297e+01 9.715428615832068715e+01 7.963170559313419972e+01 5.850686441467370713e+01 4.844279726314358214e+01 6.857791733395310985e+01 6.626412216626829377e+01 4.624054259066964079e+01 5.210531326473406466e+01 3.600913656900570459e+01 5.603214909519343223e+01 7.265469126333924521e+01 6.436860943192431250e+01 5.774094613381631547e+01 4.421924648210737985e+01 6.423487283854117891e+01 7.936801071982227995e+01 8.937004405556731967e+01 8.681912567217956678e+01 7.824101728954407520e+01 6.995157154322296833e+01
6.490672536223988931e-02 1.420704234909446662e+01 3.420704236648514041e+01 4.172812490435641308e+01 4.993573733530435277e+01 6.138743801101667685e+01 5.975669165876909261e+01 6.804793391313161521e+01 6.577697841360415509e+01 7.406619991018465043e+01 7.749145584557905408e+01 6.359964092792366586e+01 6.427554725055590268e+01 6.641845093140952372e+01 8.603199365399136411e+01 8.811425027694635048e+01 7.983992635377774150e+01 8.811425027694635048e+01 7.609845686155661326e+01 5.597102123720694777e+01 4.175581775764338488e+01 5.531639555972673605e+01 5.102626889780074748e+01 4.845055531014482852e+01 3.208737952523446069e+01 5.210531326473406466e+01 6.432308828119504085e+01 6.110133090956164637e+01 4.435485358208304518e+01 3.772622379154989147e+01 4.350313452434700423e+01 5.107047317647049312e+01 6.108002166613020734e+01 8.108618614797497059e+01 8.409845671033338022e+01 6.409173984167118476e+01 4.995844232075796043e+01
