MOVIE_S12_data/elevation_000030.asc
nrows	50
cellsize	150.0
xllcorner	0
ncols	50
yllcorner	0
NODATA_value	-9999
[rows 17 to 33 of 50, columns 0 to 36 of 50]
5.436832538903087209e-02 2.005436832538867620e+01 3.654571435692816550e+01 4.317569476989326915e+01 3.489307136433777146e+01 2.121879765006333685e+01 4.121708514211020002e+01 5.034150123476239713e+01 5.268195862058814782e+01 5.288843805611308113e+01 4.460360868439252613e+01 2.841711743667387324e+01 3.996363333151373354e+01 5.979731996406034256e+01 5.394397226243999910e+01 7.392855137059750348e+01 8.037185203984928705e+01 6.077302374412830233e+01 4.924390551353735646e+01 4.452209858910480733e+01 6.468780780030218125e+01 6.570182270470171204e+01 6.798299477659010392e+01 5.364812582160701027e+01 3.367344835024412220e+01 5.312721673669641120e+01 5.712043553348200220e+01 4.607506794288112673e+01 6.605632562339636138e+01 7.875304134534819411e+01 8.877411829305415836e+01 7.855604175333870387e+01 5.836944342970429744e+01 6.690130377716556609e+01 6.214776567075339386e+01 4.075476656527115438e+01 4.674476155085061180e+01
9.647730019007895452e-02 8.261443109467268897e+00 2.240357873319796767e+01 4.240357873319725712e+01 4.949952042634262739e+01 4.121708514211020002e+01 2.829020902037288110e+01 4.828702845392346177e+01 6.473238035307274174e+01 6.106799410952581297e+01 4.106586915838274621e+01 4.841753953174657710e+01 3.272997161442806657e+01 3.980034336701502440e+01 5.394397226243999910e+01 7.392855137059750348e+01 8.287757999314929691e+01 6.333156924432930168e+01 6.872171281651939978e+01 4.953304735040813966e+01 6.974330958111366385e+01 7.122179138140255361e+01 5.121460397069227355e+01 3.970559100852274526e+01 3.815386213718017672e+01 5.810903561407166507e+01 7.325315157189773174e+01 6.605632562339636138e+01 5.673979347723985711e+01 7.088132739135089366e+01 9.093459246542472840e+01 8.118946627016133277e+01 6.098295309117612106e+01 4.680629307930394845e+01 5.464119487334166791e+01 3.435404729200443086e+01 4.881819141144046625e+01
9.953738903938927352e-02 2.009953738903903542e+01 2.826144310946691363e+01 4.826144310946619953e+01 5.887685686603502688e+01 5.656929089499909225e+01 4.828702845392346177e+01 3.645460897684577617e+01 5.645019037762096303e+01 6.935267099478224395e+01 5.520973746584401454e+01 6.101600888364183817e+01 5.273109211277071040e+01 3.772929196089643966e+01 5.187308466272102692e+01 7.187502665941065061e+01 9.085583197643816789e+01 8.287757999314929691e+01 6.913623361081630492e+01 5.489321681201798953e+01 7.522079665861816977e+01 7.958219704582268150e+01 6.451717655730196554e+01 4.453636187685446401e+01 5.809247442616655377e+01 4.498598207263887616e+01 6.496010234716771947e+01 8.142214936629014232e+01 6.828188401225554571e+01 8.506927061558207015e+01 9.036401357067475715e+01 8.024731786181608584e+01 7.185048831197093477e+01 5.791454179136477620e+01 3.787210650503870113e+01 3.207952210925724756e+01 2.877874681320235339e+01
3.582433992925927735e-02 2.003582433992890444e+01 3.059258561496560702e+01 3.059258561496561413e+01 4.554352353152364685e+01 5.448779544558371413e+01 6.473238035307274174e+01 5.645019037762096303e+01 4.714339044689631208e+01 6.713748169151541845e+01 7.521107675056478570e+01 7.558921019342031400e+01 5.558771973881496820e+01 4.144281078350751102e+01 5.299201427518381990e+01 6.713728457452810972e+01 8.713475529972414790e+01 9.811969647113029680e+01 8.168980870734289113e+01 6.123299642230067263e+01 8.168980870734289113e+01 8.383416428278935939e+01 6.380540339132397065e+01 4.967849491974386211e+01 6.966339094479394589e+01 5.909782262390667995e+01 5.312391091267868148e+01 7.312586653654514635e+01 8.832900132169888252e+01 9.665085419484418594e+01 8.195129960900624155e+01 6.174967701493561378e+01 5.173480711893977002e+01 4.467700162387099283e+01 3.801000537950935865e+01 5.214246761446143807e+01 4.496159873496294779e+01
8.338298177320474514e-02 5.247360776716448960e+00 1.059258561496498352e+01 1.725925228163176683e+01 2.620352419163108237e+01 4.034565981536253076e+01 6.034565981537731005e+01 7.541989418819690627e+01 6.713748169151541845e+01 6.346860012442598276e+01 8.346213259176630572e+01 7.558921019342065506e+01 5.558771973881497530e+01 5.558771973881496820e+01 4.830338299485181608e+01 6.830731154715000741e+01 8.415026410792196998e+01 9.569522384138909388e+01 9.036231114707497625e+01 7.023537317418580983e+01 9.036231114707497625e+01 8.383451971871754438e+01 6.380541166034019795e+01 5.722162850962082814e+01 7.723684072769188447e+01 7.911289756148903507e+01 6.466051989399421984e+01 6.466051989399421984e+01 7.621604192326280725e+01 9.626503890854682766e+01 9.036401357067475715e+01 8.024731786181608584e+01 6.661182027532794336e+01 4.653573297995328772e+01 5.805134788934458356e+01 6.641530204374190305e+01 4.888134646819269591e+01
1.813270376062421294e-02 2.001813270376026921e+01 3.059258561496560702e+01 3.725925228163331582e+01 4.554352353152364685e+01 5.448779543744753795e+01 5.619561271565775940e+01 6.447785696209582795e+01 7.447625507233136943e+01 8.346213259176630572e+01 8.328063835441527374e+01 8.387243630232607927e+01 7.558921019342065506e+01 7.558921019342062664e+01 6.830731154700848151e+01 5.586526226138373374e+01 6.741596339341661803e+01 8.741231132322391773e+01 9.967052273509183635e+01 8.478093248483729383e+01 9.967052273509183635e+01 9.213900278506665131e+01 8.383451971871754438e+01 6.721789785774542736e+01 8.554083297922051088e+01 9.298596315369347565e+01 8.468974510211111806e+01 8.468974510211111806e+01 9.298596315369347565e+01 1.045554974080239248e+02 9.371416262257669416e+01 7.343340081367105654e+01 5.919551356849746071e+01 5.808722122333858806e+01 7.499656610796907330e+01 6.309911657174561839e+01 4.299215326459833619e+01
2.351309638313057310e-02 1.002351428633880737e+01 2.416584826242506878e+01 4.417098880402226513e+01 5.447890653363534597e+01 4.619608355198867855e+01 3.619655438836542061e+01 4.619651465332991336e+01 6.619471077798563385e+01 7.742415995432345710e+01 6.327658776826352494e+01 7.742415995432345710e+01 7.723391081024490745e+01 8.552413158557806128e+01 8.415026397160706040e+01 7.001078128776607912e+01 6.741596339341661803e+01 7.896229945389616489e+01 9.895524219885636796e+01 1.058661226944996940e+02 1.115020664112290376e+02 1.032234765928220526e+02 9.556197895408057263e+01 8.725578359763821368e+01 9.556197895408057263e+01 1.005789783381412263e+02 9.231071226232705840e+01 8.972488150585260769e+01 9.799102633087066749e+01 9.865197652642990533e+01 1.008361754730320143e+02 8.777988614142725510e+01 7.937349841987042964e+01 7.825663913742202737e+01 8.666228845530505964e+01 7.149910826770398842e+01 6.309911657174561839e+01
2.372884694381488524e-02 2.002372884694345956e+01 3.829940569781833659e+01 3.446674743003664076e+01 3.863697397157780955e+01 2.619655946911268529e+01 4.619608355201190619e+01 6.447785696209582795e+01 7.447625507233136943e+01 6.848060957148524608e+01 4.914217037608383976e+01 6.848060957148524608e+01 5.723460725125293180e+01 7.397498163805408922e+01 8.552413161093835470e+01 9.000657770412065872e+01 8.741231132315809305e+01 9.569522378662654205e+01 1.072392339571306508e+02 1.170655782901055488e+02 1.032234765928220526e+02 8.328131402729887611e+01 8.912223821121615686e+01 9.249304417507434550e+01 1.007650621995623226e+02 9.231071226232705840e+01 7.252681416008516635e+01 6.997344401898602939e+01 8.655288924716107601e+01 7.877660389206016589e+01 8.094851140575173076e+01 1.008361754730320143e+02 9.704261009886371880e+01 8.858771066793728721e+01 6.875010379673653915e+01 6.875010379673653915e+01 7.022769889876636284e+01
6.296921807001566729e-02 2.006296921806966083e+01 2.879981259526333304e+01 1.446698178328904483e+01 1.863727006428398525e+01 3.863697397158350810e+01 4.619608355201190619e+01 6.619378226408481680e+01 6.353055930605734858e+01 5.524550378105961101e+01 4.020661564047872361e+01 5.569165692872817885e+01 4.569600634062017264e+01 5.723460725125293180e+01 7.723391081032380612e+01 7.156720305932627468e+01 7.912616362152644456e+01 8.741722247344046082e+01 9.742327776665948136e+01 1.087856084038487552e+02 8.881070843737384735e+01 7.733664537010560025e+01 6.934164145463158491e+01 7.266764288150825735e+01 8.929433879652042094e+01 9.447927840219452378e+01 7.832138375592812451e+01 5.892826203397288509e+01 7.832138358416752055e+01 6.498402980864861433e+01 7.659060993515086579e+01 9.637587687991120333e+01 8.706257584809560512e+01 6.890101737698753936e+01 6.875010379673653915e+01 4.923600999547086587e+01 5.068412752439359537e+01
8.175220331382776484e-02 2.008175220331347077e+01 8.810127533851817461e+00 2.881000676122246773e+01 3.277937523035107859e+01 3.277937523035107859e+01 5.277846829562620456e+01 5.968297810842660311e+01 5.143856604480971129e+01 3.526065433036631447e+01 3.314403460651575273e+01 3.570702322228270731e+01 5.405374282818601728e+01 5.797347796216784843e+01 6.214166879929570086e+01 5.157262548633805466e+01 5.912703381084757126e+01 6.912188204942705738e+01 8.326627705979608152e+01 1.032877994871846141e+02 1.055305768421418691e+02 9.725309453336633680e+01 8.104684340144162036e+01 6.153101072762408563e+01 7.471507117988218738e+01 7.471507117988218738e+01 7.247413753775981604e+01 5.332295568177575262e+01 7.247413753775978762e+01 5.727058835523358482e+01 7.015060274017112363e+01 8.978078786634031871e+01 7.879484476886314326e+01 5.900718998511202784e+01 4.934921935241597168e+01 4.265835981629007279e+01 3.720804044993533921e+01
7.631710034972485901e-02 3.557870219463674655e+00 2.355783341392944763e+01 3.709376066209690492e+01 5.277846829553450902e+01 5.277846829562075470e+01 6.106088748596726390e+01 4.818194083781228443e+01 3.148438307756929788e+01 2.372465843104609462e+01 2.677366668217106138e+01 3.036205501758545822e+01 3.407039184107633645e+01 3.798667202644347185e+01 4.215172778805591491e+01 4.921713060239364523e+01 5.815556748322745051e+01 6.969698740258260727e+01 8.970608472492646968e+01 9.926086322916543736e+01 9.086805705034977620e+01 9.086805705034977620e+01 8.929433879652042094e+01 7.471507117988218738e+01 5.549330537593054657e+01 6.927833480149740808e+01 6.585925796611496708e+01 4.831506993765368918e+01 6.735576889158735980e+01 5.103642583398103483e+01 7.015060274017093889e+01 8.087078503056436318e+01 8.706257584809560512e+01 7.714349905183517819e+01 6.198841289320545656e+01 6.198841289320545656e+01 5.033665606671016235e+01
9.124702163186203252e-02 2.009124637904300315e+01 2.355783328528372422e+01 4.355760758709377001e+01 5.358514400357572072e+01 4.523220032898070997e+01 5.358514400354258100e+01 3.993103931266100659e+01 1.994421919034072843e+01 3.993103931266613671e+01 4.675425703411207934e+01 5.034292770863027044e+01 5.405374282818601728e+01 5.797347796216784843e+01 6.214166879929570086e+01 5.847163092019159336e+01 6.921033345755823518e+01 8.644468242683207393e+01 9.799888286711389185e+01 9.086805705034977620e+01 7.076328650273555354e+01 7.076328650273555354e+01 8.501207486595052387e+01 8.292499460521692356e+01 6.927833480149740808e+01 5.027373554807423517e+01 4.685890404238562468e+01 4.351739628868823218e+01 5.881353309096277826e+01 4.576259905629667202e+01 5.348914772540943119e+01 6.694479857792461530e+01 8.654852881338784698e+01 9.000721191839484447e+01 7.280542972952271441e+01 5.315348097756612589e+01 4.208214772271885096e+01
8.187870513261463756e-02 2.008187866652697551e+01 3.587699992275354788e+01 4.159154409274255215e+01 3.567349433068525855e+01 2.542126287337944746e+01 4.470226917565489089e+01 3.741293666774876669e+01 1.742325087380957882e+01 3.155917226463258629e+01 5.154704668563948644e+01 5.413836439255685207e+01 5.991128887179127105e+01 6.657717010848679706e+01 7.483452827548535424e+01 7.847146469799515955e+01 8.676174910315626221e+01 9.750919739726332125e+01 9.682486308816388032e+01 8.680526592574413769e+01 7.665048587624100662e+01 5.660567092366251529e+01 7.665183746193216052e+01 8.214185660209599860e+01 7.743865680543896701e+01 6.414041522224937353e+01 6.585925796611496708e+01 5.881353309096279247e+01 3.959604419113399842e+01 4.824067606964432997e+01 6.736693315265638660e+01 7.268659822733992826e+01 9.237327797863828494e+01 9.285911812522776643e+01 8.105677540811745985e+01 6.966530315853503907e+01 6.013660037108009249e+01
2.239863785106879432e-02 2.002239785888057355e+01 1.689831757159333847e+01 2.479521999583253944e+01 1.334432561801350658e+01 2.439581529819063732e+01 2.982780344162383201e+01 3.156841695545733728e+01 1.497900692991215443e+01 3.497080534479452041e+01 4.657759528636002955e+01 3.414158671692848657e+01 3.991073924059461575e+01 4.657618485259034458e+01 5.658247934253321176e+01 7.072651055482305082e+01 9.063138314584860211e+01 1.027087086676280450e+02 8.262959478985254691e+01 6.845365944026355010e+01 5.844668101036987196e+01 5.028798844206059471e+01 6.343040317026881070e+01 6.212701439820066440e+01 7.627634298603243224e+01 8.300287085474485593e+01 6.631690482732717840e+01 5.439093523170105726e+01 3.734240381471707337e+01 5.664990134949844958e+01 6.379105053415417359e+01 7.748609029528107328e+01 9.726017695136772545e+01 8.288389311043385987e+01 6.474852818327673276e+01 6.474852818327671855e+01 5.198599346248091990e+01
1.991760116496149591e-02 1.601056431249152867e+00 3.187159602685444515e+00 4.793598260941983824e+00 6.421175244715217723e+00 8.117554223176430384e+00 9.832548094181762011e+00 1.157336155466129846e+01 3.090667944399624645e+01 3.963219717610986947e+01 2.658821747247130673e+01 4.658115549323031246e+01 5.991128887179127105e+01 6.657717010848679706e+01 7.483452827548535424e+01 8.478834222148012145e+01 8.258590658397075401e+01 9.129712937480397272e+01 9.093390193937365495e+01 7.098994836537607966e+01 5.943744011004711325e+01 5.049890993322869548e+01 4.345473926211987958e+01 4.799851571039595655e+01 6.608317110606738254e+01 7.679409236726451127e+01 5.365058666043005076e+01 3.418159868589285821e+01 4.654547989764638771e+01 5.688640801593628993e+01 6.532241293478355715e+01 7.357649696986869969e+01 8.353911136958677730e+01 7.462014613273187535e+01 5.487691023382166122e+01 4.525748377918679921e+01 3.893988401829797397e+01
1.766589122093755945e-02 2.001766589122058093e+01 2.318717764446276419e+01 1.893671161324011365e+01 1.797218823772752572e+01 2.811308149727652506e+01 2.397028497712243578e+01 3.152756404705519699e+01 1.525638090189421980e+01 1.972994278466540052e+01 3.972428669550205882e+01 4.758371963855228159e+01 5.184827494312695961e+01 5.685151819028263986e+01 6.220339190314210498e+01 6.824510556771379299e+01 6.237723626523857945e+01 8.255552163159498491e+01 9.910934324183679678e+01 8.762964835464336488e+01 7.871448932237319696e+01 7.048311570447549457e+01 5.799387244012104503e+01 3.806063419931574998e+01 5.045644991129081802e+01 6.942345301497526577e+01 6.340125484318075877e+01 4.970815957898054904e+01 3.113784527349865172e+01 5.115566415236541076e+01 4.537832253176893715e+01 5.536058256803735134e+01 7.528424330152974164e+01 8.288389311043385987e+01 7.298192935411987037e+01 5.825151338191344053e+01 4.611195507544019989e+01
6.490672536223988931e-02 1.420704234909331554e+01 3.420704234923690734e+01 3.893891038802795634e+01 3.800309153464894507e+01 4.629166594666081380e+01 4.389026819396976720e+01 4.346013647604979013e+01 3.525378395882089677e+01 1.997184902999861578e+01 2.350779390154633930e+01 2.758847255647867769e+01 3.184808874890010344e+01 3.684186673704589765e+01 4.218236990736446757e+01 4.821207287903331462e+01 5.977097312608385238e+01 7.978300391153194937e+01 9.299928174536078984e+01 8.299908163330232469e+01 7.471610827782501474e+01 6.883442017774012811e+01 4.884713258889786403e+01 3.476536316079332778e+01 5.470127358614404045e+01 5.907341320774015259e+01 6.679784017981283739e+01 4.906028964980021811e+01 2.904639295875652394e+01 3.538158027246795712e+01 5.535036773327619386e+01 7.357649696986869969e+01 8.353911136958677730e+01 8.264776195488695976e+01 8.623338853485844879e+01 7.386435600138128166e+01 5.574851029268741343e+01
