MOVIE_S12_data/elevation_000901.asc
nrows	50
cellsize	150.0
xllcorner	0
ncols	50
yllcorner	0
NODATA_value	-9999
[rows 17 to 33 of 50, columns 0 to 36 of 50]
5.436832538903087209e-02 2.025026881717621130e+00 4.005321967670978367e+00 2.400458999770126312e+01 2.909032793125981442e+01 3.127127609373896533e+01 1.448643112105116515e+01 1.689225388732941724e+01 2.323391863386002854e+01 3.138663473524187353e+01 5.136135460672650765e+01 6.610601425493543104e+01 6.157416269620930649e+01 7.221580569815751005e+01 8.050236460664363847e+01 8.195000880557057599e+01 9.023795794864346931e+01 8.756852204612766855e+01 6.757014510244113126e+01 6.538219395206596118e+01 7.587277143009461611e+01 6.758999705916795619e+01 5.889305287565561997e+01 3.931657115047914886e+01 5.226374174629211211e+01 3.416666506769190903e+01 5.299087628449037624e+01 5.735336774276625960e+01 4.591162413797758290e+01 5.741141187151296066e+01 7.739844421961623766e+01 9.214905476406259766e+01 7.219210961936488502e+01 5.802621781672388579e+01 5.041380385707498846e+01 5.189451227255096910e+01 6.661740813184306376e+01
9.647730019007895452e-02 2.009647730018972211e+01 2.400532849115725753e+01 6.970319234315395462e+00 9.090314994328133835e+00 1.124892102684690443e+01 3.127464221534110678e+01 2.584957602585686232e+01 4.320450837870748728e+01 4.320670936669831974e+01 4.550568872401014886e+01 6.549818259750597349e+01 8.157551613328961082e+01 7.488642256303361933e+01 6.658807990440585911e+01 6.658807990442230107e+01 7.488642258613985803e+01 8.645753383964712668e+01 8.756852204612766855e+01 8.538170680928173795e+01 7.975362090241993940e+01 6.043668982964258873e+01 4.674578939814498568e+01 5.889305288547755168e+01 5.762254029942744182e+01 3.777013127813707882e+01 5.762254029942744182e+01 7.340769215442448115e+01 5.343553344546794648e+01 7.340769215442448115e+01 8.571131493345411911e+01 9.098598928095114502e+01 8.628654419141331289e+01 7.803736352047887692e+01 6.192022411209768507e+01 4.177544449257140258e+01 4.651386433069514936e+01
9.953738903938927352e-02 1.424167301277046427e+01 3.424167301277116593e+01 2.697032944148456579e+01 2.909032796947271748e+01 1.840191517108961605e+01 3.719883652270413421e+01 3.737744345750570574e+01 5.407020995766591653e+01 6.319460779162410802e+01 6.549818259750597349e+01 7.378728812344689914e+01 6.701608078109595112e+01 5.871261360700310661e+01 4.650950173986912972e+01 4.650950173986912972e+01 5.811421556315180226e+01 7.816359386286039523e+01 8.152887604250457798e+01 8.989902862200605682e+01 8.187120408986754683e+01 6.254875190911827332e+01 5.360317656859882618e+01 7.266283021072257498e+01 6.135979336640044579e+01 4.153612171179434398e+01 5.556976520025673238e+01 7.533815789162699161e+01 6.494826165137006058e+01 8.171627363278982159e+01 8.512070517316284679e+01 7.102163358961044537e+01 7.945956314835811440e+01 8.076515075718373282e+01 6.075722125946298746e+01 4.651386433069514936e+01 3.477955959243045214e+01
3.582433992925927735e-02 2.003582433992890444e+01 3.382111746030614086e+01 4.210538870899159747e+01 4.616006385260481437e+01 3.124849844782338337e+01 4.616006385260481437e+01 5.734339741133626944e+01 6.558651532186139832e+01 7.286234858965970318e+01 6.456728707276197099e+01 6.961452575813908084e+01 5.542303817710934055e+01 3.861904190057781250e+01 3.489505933553839157e+01 4.911664025678393131e+01 6.918903101816286494e+01 7.845837851937864116e+01 6.187527354484917197e+01 7.845837851937864116e+01 8.991684181395829967e+01 8.002349739246368188e+01 6.201207296241569367e+01 8.002349739246368188e+01 6.538967986353590334e+01 4.559179135749590728e+01 5.704703615385248128e+01 7.678594310568581705e+01 7.908559342876519338e+01 9.098598928095114502e+01 7.102163358961044537e+01 5.683986107266620280e+01 5.944226481803065099e+01 7.050755518985708648e+01 7.001692235219927340e+01 6.173734331547197485e+01 4.917041712778529927e+01
8.338298177320474514e-02 6.750049648439899741e+00 1.382111746030543742e+01 2.536812284409815632e+01 4.536812284409971596e+01 5.237836654324750896e+01 5.399572941158384509e+01 6.228281305371799448e+01 6.138534030069028091e+01 6.456728707276197099e+01 4.450747624767324595e+01 5.038285270295759943e+01 4.122792213530952665e+01 2.701589007247335417e+01 4.711158457331743676e+01 6.330159314744724952e+01 6.793497921658088501e+01 5.972351277943691628e+01 5.061608101714531927e+01 7.018186334993728792e+01 8.693079464720304372e+01 8.792679403902548074e+01 7.814090076867584855e+01 8.792679365485408027e+01 6.990670236439231644e+01 5.014808315941735373e+01 6.990670236439231644e+01 8.493436709126507367e+01 9.915398462673408631e+01 9.527292124144544516e+01 7.532362098057321020e+01 6.530519575794940579e+01 4.518512961437409814e+01 5.042526078752602103e+01 5.314816635537582812e+01 4.157032331271667402e+01 4.546811114606599347e+01
1.813270376062421294e-02 2.001813270376026921e+01 3.382111746030614086e+01 4.210538870899159747e+01 5.365239409362887812e+01 5.072707912466873381e+01 3.397716132418039336e+01 4.504315378872693287e+01 4.137033118283830646e+01 6.138534030069028091e+01 5.038285809449762809e+01 3.030843516804718973e+01 3.965118493923618814e+01 2.264310873779772137e+01 4.272633427540718287e+01 4.891999922826972380e+01 5.158235311558514269e+01 3.998740812904886610e+01 5.970137778009092955e+01 5.901528951761427777e+01 7.848865100289745556e+01 8.414489108223712321e+01 8.819889579402955349e+01 8.281817737246376510e+01 6.517667491195338414e+01 5.645262500371431713e+01 6.629940593955937800e+01 8.595733080586511221e+01 9.611636082754834831e+01 8.787920505390401615e+01 7.532362098057319599e+01 5.528677053532564400e+01 4.518512961437409814e+01 3.607936037838052101e+01 3.288851488082441676e+01 2.981948559382192698e+01 4.595540945118533926e+01
2.351309638313057310e-02 1.988703911176787642e+01 3.387772945878747066e+01 4.167585043788558608e+01 3.940809391049174337e+01 4.177426084080823188e+01 2.241682391734394386e+01 2.502256247353785668e+01 4.504315378872693287e+01 4.644047887886839021e+01 4.517668914935230617e+01 3.687423790891472208e+01 1.959068833647228658e+01 3.965266413026282777e+01 2.621254101258197267e+01 2.877959227741790116e+01 3.141481229895639160e+01 3.447959175175263624e+01 4.339116937358203785e+01 6.258871793099411462e+01 7.029661126598224996e+01 6.198603709508784476e+01 8.114526731949432303e+01 9.047873762183725432e+01 7.946867935192854304e+01 6.365915685450881512e+01 8.445356455853524835e+01 9.409404370727713740e+01 8.787920505390401615e+01 6.790570924374584649e+01 7.375581072254011872e+01 6.238234781063518852e+01 4.223345695228723429e+01 5.630722863618414920e+01 5.314816468455286724e+01 4.595540945221173246e+01 2.568560541545138065e+01
2.372884694381488524e-02 2.002372884301699685e+01 1.416474920187949138e+01 2.380000349490208222e+01 1.939614528455375364e+01 2.659038953135900485e+01 1.346678555068532113e+01 2.932238293220177994e+01 3.079273218125895895e+01 2.640812766091711694e+01 3.416512495638385616e+01 1.682947980017462797e+01 3.687572485382889909e+01 2.904093112307916513e+01 4.632812156515879565e+01 4.891999922826972380e+01 4.567630512728767656e+01 5.468245421381746496e+01 3.923018358973132536e+01 4.429335868371943974e+01 4.956598106107270496e+01 5.686814819787141317e+01 7.176861799213737925e+01 9.359635960151859990e+01 8.680980262598659181e+01 7.484410981933000073e+01 9.309461910596449741e+01 9.938767626312358061e+01 7.945441941131161911e+01 6.531019586239763441e+01 5.371945723466055256e+01 4.881899008779374327e+01 6.238234781063470535e+01 6.603633569569008444e+01 4.590860617833618562e+01 3.154342395339666538e+01 4.595538928677405721e+01
6.296921807001566729e-02 1.345969816271164632e+00 2.631618509384093585e+00 3.930758114887384469e+00 5.249519066657678756e+00 6.579899308248265299e+00 7.919198520468211377e+00 9.305949680617658260e+00 1.077242358356012453e+01 1.225087497527150582e+01 1.413236114461219550e+01 3.416512495608394318e+01 4.517853654126951568e+01 4.911626930619566878e+01 3.977495019555929190e+01 5.984320008095521359e+01 6.584081426895906475e+01 6.431135508269669288e+01 4.387307515824872439e+01 6.431135508269669288e+01 7.029661126598224996e+01 7.735397096166794029e+01 7.140558687623337164e+01 9.171464049492843174e+01 1.041334982931901720e+02 9.641721761470004992e+01 1.048003297875289235e+02 9.680664576450688230e+01 7.686396762460651644e+01 6.531019586239763441e+01 6.790570924374584649e+01 6.889628120590836602e+01 7.336335475629127245e+01 5.330020292804817217e+01 3.898644867779227496e+01 4.065281220782605232e+01 6.010840196067672991e+01
8.175220331382776484e-02 2.008175220331347077e+01 2.263535831262571918e+01 1.287604738854103203e+01 2.525751928853234318e+01 2.659039670747393203e+01 2.793239369964296515e+01 1.377844631207765325e+01 3.079270793250637794e+01 3.227546748819803213e+01 1.487296543280903727e+01 3.536062737309107717e+01 4.747838026942611123e+01 5.916472905562168449e+01 5.984320008095521359e+01 5.397254013855271637e+01 7.401622693398367403e+01 7.267486133333905229e+01 5.570319562420790049e+01 5.222654380834342902e+01 6.673303860268437404e+01 8.693017055011422656e+01 9.171464049492843174e+01 1.000684882683236907e+02 1.007139015125136154e+02 9.238830511996093264e+01 1.007139015125136154e+02 1.050327786731579067e+02 9.353290971935432196e+01 8.529273517207387556e+01 8.787920505390401615e+01 7.930498558693804512e+01 5.928644414534821294e+01 4.764717732274716155e+01 5.917656472306509841e+01 5.234435828669503366e+01 6.910664909472392026e+01
7.631710034972485901e-02 1.421845272408079985e+01 3.421845272410804739e+01 2.702399264156057157e+01 3.288455627445796381e+01 4.111130670448850566e+01 2.108584034210131009e+01 3.379904069518632781e+01 3.012482498608957471e+01 4.374948687127066194e+01 3.536062737309138981e+01 1.811764892081834688e+01 3.053913666101147584e+01 5.087849875221427709e+01 6.303155080066979110e+01 7.401622693398367403e+01 8.230926830294112051e+01 8.438357868965752573e+01 7.607031958281969253e+01 6.673303860268437404e+01 6.322331743035316975e+01 7.499548423950599840e+01 9.505122578725628557e+01 1.036800524875987293e+02 9.072796313111139455e+01 7.246940252851130992e+01 9.072796313111139455e+01 9.067836371100833048e+01 8.480613247160852097e+01 8.480613247160852097e+01 9.310927337030778972e+01 8.755293632671599369e+01 7.532110163066369068e+01 5.528264067822797045e+01 7.532110163066369068e+01 6.655782763622916320e+01 7.731496201904036525e+01
9.124702163186203252e-02 2.009124702163150644e+01 3.991315533638592683e+01 4.703320848014935507e+01 5.289284391466377144e+01 4.666567930058393898e+01 2.663910410232978876e+01 4.666567930058393898e+01 5.014742580472547218e+01 5.843344445558359013e+01 3.913556251552257237e+01 3.913556257959615436e+01 2.239099066693224316e+01 3.461320968000038079e+01 5.475468045806373851e+01 7.034517278783275174e+01 7.861039347909394337e+01 7.850060490956728643e+01 8.677415531951348271e+01 8.693017055011422656e+01 7.760323309457048424e+01 9.175871624322526543e+01 1.033236356137700795e+02 9.421954450810440562e+01 7.537614972220173115e+01 6.248079423923327624e+01 8.242885382423618523e+01 7.062421291877082297e+01 6.474986949950134374e+01 6.474986949950134374e+01 8.480613247160852097e+01 9.425008697383938738e+01 8.357450911883947242e+01 6.947174649420244918e+01 8.357450911883947242e+01 8.654440993766215229e+01 8.555283426893741705e+01
8.187870513261463756e-02 1.162888408892503023e+01 3.162888408892467496e+01 4.129789187231730807e+01 5.024216378231662361e+01 5.495297303639506481e+01 4.666567930058393898e+01 3.665498698119846921e+01 5.667637161996935191e+01 6.761968619077991605e+01 5.759126181082636720e+01 3.753428112895997515e+01 2.560905693861356269e+01 4.601135881956871998e+01 5.463809694759510194e+01 5.036793765215804797e+01 6.587907671890492622e+01 5.854448303109028728e+01 7.265960492941972859e+01 9.260202627946075893e+01 9.764058641763455171e+01 9.418754553030980503e+01 8.554307570884331824e+01 8.590608779916199467e+01 6.594592404212458803e+01 5.539705663711997374e+01 7.537614972220171694e+01 7.062421291877082297e+01 5.056887731172880507e+01 6.428215894303802713e+01 8.433668440661431021e+01 7.383924137010295397e+01 8.821290885910691770e+01 8.944269413224496645e+01 8.843811180475334766e+01 7.994185677104731269e+01 8.272211561960141069e+01
2.239863785106879432e-02 6.346953958187800282e+00 1.301362062485440774e+01 2.195789253485372328e+01 3.610002815858517522e+01 5.610002815858587866e+01 6.496047391381539171e+01 5.667637161996935191e+01 5.081516346610908386e+01 7.082657983691075287e+01 6.586546225369085050e+01 5.360324718863035542e+01 3.351580483234700836e+01 3.050005856102756852e+01 3.459420905185538686e+01 3.879678068767730537e+01 4.588875300192427176e+01 6.587924522958624607e+01 8.307612280830647933e+01 9.305134643264825911e+01 1.001928889818846926e+02 7.947492436491612011e+01 6.514567976535390414e+01 7.264262980530209290e+01 6.959285551671716519e+01 4.961165888735699525e+01 6.960868233678350236e+01 6.428215894303802713e+01 4.423043186979742813e+01 6.180632871718822230e+01 6.789063251036260738e+01 5.940966161164789128e+01 7.379658311565461304e+01 9.405605287337650111e+01 7.994185677104731269e+01 5.908320197814774843e+01 6.519256052055870043e+01
1.991760116496149591e-02 2.001991760116460739e+01 3.301362062485511473e+01 4.129789187231730807e+01 5.024216378231662361e+01 6.147899624964910004e+01 6.147899624964910004e+01 6.972246706638841829e+01 7.082657983691075287e+01 7.910578436152184167e+01 6.773965211411567111e+01 4.774870265344704023e+01 5.360338281344240841e+01 3.878123199591956904e+01 4.217239879526241708e+01 5.881147725888235556e+01 4.776424074307919199e+01 5.484392896886829050e+01 6.483715335815089986e+01 8.477650876632827703e+01 9.474571293463586130e+01 8.297184073950069205e+01 7.263445396867348336e+01 5.244439946647707274e+01 6.436965456703394750e+01 4.489105133487912980e+01 6.489075533799316986e+01 5.892310946295476271e+01 3.888179007814395050e+01 4.172997411158820569e+01 4.776911384985848485e+01 6.161877214793754121e+01 8.030397998372998813e+01 9.163323606646706310e+01 7.724916442156710161e+01 5.636651389828746517e+01 4.442134867484985961e+01
1.766589122093755945e-02 1.415980151495201333e+01 3.415980151495271855e+01 4.132169084796988301e+01 4.959256118056830331e+01 4.149134095474502004e+01 4.149134095474502004e+01 6.147899624964910004e+01 6.721180423913818913e+01 7.536237611226137290e+01 7.601214020847611152e+01 6.773965211411567111e+01 6.707534013571503806e+01 4.881212370675911671e+01 5.219475482033681857e+01 7.045311818026647188e+01 6.774887934104650355e+01 7.480683106223959555e+01 8.307612280830647933e+01 9.305134643264825911e+01 8.618958122793871723e+01 6.590573375981223592e+01 5.432189446242274755e+01 4.536233857260909019e+01 5.787876214342046666e+01 4.052519591758429129e+01 6.051682973583001512e+01 5.391277961675206853e+01 3.389636595488175885e+01 5.391277961675206853e+01 6.789063251036260738e+01 6.800576958129933303e+01 6.434096367589233978e+01 8.360668079077242965e+01 8.576084045933451705e+01 7.376065689145056581e+01 5.590339218814794009e+01
6.490672536223988931e-02 2.006490672536188313e+01 2.499473906783655863e+01 2.132458166810844347e+01 3.734750369828233829e+01 2.734952976898506094e+01 4.734534920012612247e+01 4.722139503067734267e+01 4.722139503067734267e+01 5.538421365335354807e+01 6.692168122442330969e+01 8.685198358892179726e+01 7.706382487310438023e+01 6.295071291698346982e+01 6.632550103837931488e+01 8.043894868607037552e+01 8.589756171161991460e+01 7.763803172712259482e+01 8.022185326827228380e+01 8.848346762880103711e+01 9.406813973187405509e+01 7.392837652723400765e+01 6.388880723978314791e+01 4.383110356809799413e+01 3.780312299966696798e+01 3.636131506092241494e+01 5.635818481814030179e+01 5.035996369374569070e+01 3.039989614587470967e+01 5.037100265681113598e+01 5.689033026435620854e+01 4.866551378082163382e+01 6.800576958129933303e+01 7.378676991986425548e+01 8.200731527443251423e+01 7.668345116608348633e+01 5.590339218814794009e+01
