MOVIE_S12_data/elevation_000195.asc
nrows	50
cellsize	150.0
xllcorner	0
ncols	50
yllcorner	0
NODATA_value	-9999
[rows 0 to 16 of 50, columns 0 to 36 of 50]
8.271705653423140625e-02 2.127631151761726416e-02 9.425194436011796739e-02 4.939197167322698090e-02 3.975871534419905817e-02 6.171646774684565184e-02 1.696294146011132625e-02 1.936121709489252440e-02 4.216450047424835645e-02 2.297044857093000214e-02 6.704298068806634203e-02 4.162315340452049650e-02 3.835349583220235004e-02 2.777463300387698203e-02 2.207885817162396139e-02 7.161913568127860341e-02 9.025521335945362045e-02 3.502399586135773735e-02 8.040414306008919487e-02 3.131346976591601466e-02 7.604099264847130613e-02 2.387740603804927586e-02 5.687112022313325910e-02 4.074439634684711570e-02 8.709178300582484655e-02 7.612946965408906586e-02 1.077918208624280109e-02 9.929772718869623455e-03 4.600412614040166881e-02 2.152795518990661267e-02 2.378824418737431057e-02 9.511189423522797837e-02 9.406546861214974686e-02 1.749038473908382007e-03 2.223905489293687143e-03 6.269637160239108220e-02 9.476101746191394060e-02
7.639902522890137937e-02 2.002127631151726206e+01 2.009425194435976181e+01 2.004939197167287190e+01 1.158676409913661409e+01 8.226682277024178092e+00 2.001696294145975585e+01 4.870073717821531645e+00 2.004216450047389131e+01 2.002297044857057529e+01 3.153109979929910711e+00 2.004162315340416356e+01 1.418048911956302760e+01 8.972046543003113328e+00 2.002207885817126964e+01 1.007161913568136491e+01 2.009025521335909659e+01 2.003502399586100324e+01 2.008040414305518340e+01 2.003131346956409331e+01 1.262822650842323480e+00 7.303006415218826319e+00 2.005687112022277674e+01 1.451989466988746180e+01 1.871620148531910033e+01 3.456746591132580981e+00 2.001077918208588713e+01 2.000992977271851458e+01 8.210969935417590904e+00 1.416366357892098193e+01 1.157079362797999167e+01 1.423724751796630272e+01 1.423620109234343190e+01 2.000174903528769477e+01 1.917876475931594493e+00 2.006269637160203700e+01 2.009476101746155763e+01
7.813061968023242432e-02 1.422026624341130763e+01 3.422026624341201284e+01 3.987103534659750892e+01 3.158676409913625704e+01 1.717095418702349363e+01 2.987007371782113196e+01 9.870073717821489012e+00 2.987007371782184606e+01 2.627658521770240085e+01 6.276585217702045583e+00 2.627658521770240085e+01 3.418048911956231706e+01 2.311418216673381210e+01 2.897204654300275806e+01 2.421375475941256639e+01 3.835589038293000641e+01 3.292189273290382800e+01 2.293743558034104524e+01 2.947126492975358225e+00 2.126282245444771135e+01 2.688821634901706403e+01 2.299559293427294548e+01 3.535143148547224712e+01 2.933038410535993279e+01 9.487246129281830420e+00 9.354494581411140430e+00 2.936307881222839100e+01 1.715524184541659025e+01 3.416366357892168537e+01 2.571292925171119492e+01 3.423724751796700616e+01 3.423620110013827400e+01 2.550998251556137575e+01 5.509982516467077041e+00 5.141168332033101862e+00 2.514116833314043120e+01
1.795629399984677299e-03 2.000179562939963063e+01 2.819023367191815410e+01 4.819023367191886109e+01 4.545522543448639397e+01 2.871795957081621253e+01 3.541707568007301887e+01 1.541707568007373119e+01 3.541707568007443285e+01 2.981211912363517058e+01 9.812119123634813533e+00 1.782359060149476804e+01 3.782359060149547503e+01 4.311418216673310155e+01 4.897204654300204396e+01 4.421375475941716360e+01 4.009862213750684390e+01 2.461195410294807218e+01 4.652732223820248869e+00 2.294712649288948825e+01 1.708926211672307716e+01 3.708926217329445763e+01 3.811205177934733257e+01 3.955344915229405700e+01 1.949702218436001289e+01 2.952523566832702784e+01 1.371902620774791615e+01 3.372978420424307444e+01 2.870224722920890059e+01 4.543951308800004085e+01 4.571292925171189836e+01 5.305516205650213379e+01 4.305516220904800662e+01 2.922388927971564243e+01 9.223889280008082281e+00 7.450569408791595905e+00 2.159270503252229645e+01
2.526786264046545702e-02 8.190233671917797054e+00 2.233236929564899853e+01 4.233236929564970552e+01 5.700223081827911642e+01 4.871795957081691597e+01 4.174163100041108265e+01 2.174163100041037922e+01 4.174163100041108265e+01 3.346360284033665522e+01 1.346360284033595178e+01 3.346360284033665522e+01 3.196572622522596774e+01 5.196572622522667473e+01 5.992889249611601343e+01 5.001619073661875348e+01 3.193511258534729080e+01 1.189563692735083755e+01 5.865410349001918711e+00 2.586545352919049634e+01 3.708926218613085268e+01 4.537353895083148103e+01 5.892630236416111700e+01 4.784579600477432137e+01 2.846432992665177153e+01 3.832113912086425245e+01 1.830788702538387014e+01 3.832113912086425245e+01 4.870224722920497840e+01 5.698651846842663105e+01 5.891302686309244052e+01 3.891302686599060223e+01 2.477089124226014860e+01 1.477089124226032624e+01 2.922388927971565309e+01 9.807592012746734866e+00 2.980759201266342373e+01
8.483503398980346555e-02 2.008483503398944947e+01 3.647450491938069916e+01 3.974452237321064274e+01 5.974452237190535442e+01 5.588376662414253104e+01 3.588376662414182761e+01 3.588376662414182761e+01 5.002590224787328310e+01 3.731260463493423174e+01 1.731260463493352475e+01 3.731260463493423174e+01 5.196572622522667473e+01 6.024999747268886807e+01 5.178154233335804690e+01 3.189153796003468955e+01 2.189518458504555198e+01 2.700735777795043546e+01 7.108149881004323767e+00 2.707779674948417536e+01 2.521220106617189316e+01 3.935182175218029244e+01 5.933357176647025710e+01 5.680924525791666468e+01 4.005701590382090416e+01 4.465068997617400726e+01 2.463489270752825178e+01 2.986218579528849304e+01 4.987628425302759894e+01 6.799779010084883168e+01 5.645078508646729176e+01 4.109544656197608958e+01 2.109544656259697248e+01 3.352149877615320150e+01 1.352149877628774099e+01 2.980759201260639557e+01 1.833562066697100335e+01
4.163169627051844027e-03 2.000416316962669683e+01 1.974452237327026083e+01 3.388665799700071091e+01 5.388665799679718305e+01 6.416803787160573336e+01 5.588376662414253104e+01 5.588376662414253104e+01 5.604305493607699162e+01 3.604305493607628819e+01 2.190091931234483980e+01 2.996171527560726489e+01 4.150872065940018985e+01 6.150872065940089328e+01 5.992889249611601343e+01 5.001619073661875348e+01 4.183649006110159263e+01 3.531873884346612869e+01 2.710804227295401958e+01 8.882862899836565518e+00 2.302498601741075746e+01 4.302465442127920170e+01 5.669572053523221200e+01 6.836657392305744452e+01 6.009185453587677728e+01 5.172722457432299592e+01 3.171176216771357659e+01 4.987628425302759894e+01 4.620540370774545380e+01 5.971351975574052062e+01 3.971351975825442793e+01 2.816651437446232364e+01 3.523758218632742256e+01 3.619411119529950582e+01 1.619411119541193855e+01 3.619411119528594156e+01 3.833562066682576130e+01
2.434392073152260791e-02 7.095411732596968335e+00 2.123754735632766710e+01 4.123754735625033874e+01 4.977392982204012384e+01 5.413828762763795766e+01 5.413828762763795766e+01 6.242255930792208574e+01 5.823085093090064390e+01 3.823085093089994047e+01 2.744792127459722764e+01 4.744792127459793107e+01 5.824598652307016522e+01 6.979299190686408849e+01 6.338653550920669488e+01 5.193553744529889116e+01 4.370466968436299737e+01 3.384820458227482476e+01 1.393250755254084972e+01 1.015286416983848028e+01 3.015608538634789682e+01 2.840539267899032083e+01 4.841099412616558340e+01 5.589215297862146059e+01 6.417063390840984027e+01 6.001089995763431517e+01 4.172317284928355008e+01 6.001089995763431517e+01 6.035332179736730041e+01 5.816651437233694111e+01 3.816651437446197548e+01 3.971351975825442793e+01 5.523758217662027903e+01 4.447838234017100945e+01 3.033624681914263732e+01 2.019411119541186750e+01 4.019411119528984955e+01
5.883922493566802470e-02 1.420097484866649218e+01 3.420097484730341364e+01 4.391606562734515506e+01 2.977392981889490997e+01 3.413828762361499969e+01 3.413828762361499969e+01 5.413828762763795766e+01 6.651512217836383911e+01 5.500721073478273837e+01 3.500721073478203493e+01 4.159005689832867603e+01 6.159005689832937946e+01 7.063310002057833970e+01 5.513452727186547264e+01 3.533743320703462132e+01 2.385165180074516300e+01 1.958889951837788246e+01 3.384820223428130959e+01 3.015608533444828865e+01 1.207292561279054866e+01 3.207648880913887979e+01 4.174631210137512483e+01 3.588691300152393637e+01 5.589215297862146059e+01 7.001279003071513785e+01 6.173127629936242755e+01 7.001279003071513785e+01 8.034869011828911312e+01 6.645078479361585266e+01 4.711078628446081495e+01 5.971351975570500059e+01 6.799779008893449372e+01 5.862051779578860078e+01 4.339667427133443312e+01 2.339667427151355383e+01 2.962220161123233453e+01
2.016265153036126551e-02 2.002016265153000774e+01 2.654496824281989475e+01 2.997493994633202874e+01 1.563179419516346869e+01 1.999615199988339143e+01 3.999615200106232749e+01 4.816111781115314727e+01 6.816111784559602427e+01 6.329148198224493882e+01 4.500721073478238310e+01 6.159005689832937946e+01 6.987432814579257467e+01 6.236284804070751164e+01 4.256727635081805516e+01 3.113589062076406222e+01 4.370466968436299737e+01 3.947199204975492393e+01 4.770158886673292642e+01 3.561278206455349249e+01 1.560845987230197807e+01 1.418111071980252191e+01 2.174065147743196036e+01 4.174630442487050175e+01 5.875462035715602838e+01 6.894378528339352386e+01 6.552707612431545670e+01 7.387605390505844127e+01 8.047393117573325583e+01 7.539505632054280682e+01 6.125292190819013882e+01 7.539505632054280682e+01 6.945844620621913634e+01 6.082678964066106175e+01 4.082678964135109823e+01 2.668465401762064459e+01 4.668465401741846676e+01
1.256007409845548775e-02 3.256988496713699721e+00 6.544968242820831783e+00 9.974939945671039254e+00 2.997493994633202874e+01 3.999615200106232749e+01 2.816111780916079610e+01 4.816111781115314017e+01 6.799239495932461352e+01 7.329148198224628175e+01 6.500721073478379708e+01 7.329148198224628175e+01 7.229867821133092320e+01 5.242701787008410008e+01 4.104196902950732095e+01 4.512976192074425086e+01 5.917527548693848871e+01 5.481050649139771025e+01 4.086656183267992049e+01 2.086076748207425169e+01 3.561278206736233898e+01 3.418509368444824048e+01 1.634406300579065885e+01 3.048872972232209477e+01 4.504138132041244802e+01 4.672435737419817769e+01 4.509694224399034823e+01 6.020921457397879095e+01 6.020921457397879806e+01 7.873220942494752705e+01 8.125292189507071328e+01 7.531631076925930302e+01 5.531631077096460558e+01 4.117417514723415195e+01 3.484961982689761584e+01 3.104901182234041812e+01 5.104901182208178056e+01
1.283213977233468341e-02 2.001283213977198017e+01 2.654496824281989475e+01 2.411707556939465746e+01 2.411707556940310226e+01 4.411707557827784854e+01 4.230325343289329254e+01 3.970812319295372106e+01 5.385025881669307779e+01 7.385025883275820036e+01 7.393379379746680513e+01 8.221655170318481964e+01 8.059033698347974450e+01 6.909271010164773941e+01 5.242701787008410008e+01 6.494622438292152822e+01 6.167249277230665427e+01 4.652554962656527948e+01 2.651800640802397879e+01 4.086656183267992049e+01 4.915192680732764074e+01 3.048876917092819028e+01 3.634852735061474505e+01 1.855945815241312147e+01 2.546786289387376456e+01 4.476316538815059687e+01 3.333541319565435401e+01 3.972561875746139748e+01 5.001402435388943246e+01 7.040440479406804286e+01 8.796542140699975221e+01 6.796542141163706674e+01 5.382328578790722418e+01 6.117417514673451961e+01 5.484961982655595847e+01 3.563732649975149513e+01 4.977946212348194877e+01
9.594114293757748102e-02 2.009594114293722100e+01 3.749622640808129859e+01 4.411707549282309770e+01 4.411707557558326442e+01 5.240134794773296534e+01 6.230325343969015961e+01 5.970812319766747578e+01 6.799239495932461352e+01 7.067209019342060117e+01 5.393851164906204332e+01 7.067209019342060117e+01 8.525846622404070274e+01 8.059033698347974450e+01 7.229867821133092320e+01 6.983898828621798316e+01 5.338846592142707692e+01 3.337979853458263335e+01 3.652167864178279189e+01 5.481050649139839948e+01 5.877899790455148121e+01 4.463618807795872812e+01 4.389455166567053368e+01 3.285623789906654935e+01 2.083080190427552481e+01 2.580385015746808719e+01 4.602264862741102291e+01 6.020921457397879095e+01 6.857879772138976193e+01 7.873220942494752705e+01 8.329627612897311906e+01 8.210755669441151383e+01 7.382328578654779960e+01 7.563732649247931761e+01 5.563732649941587027e+01 4.196188182008803125e+01 4.977946212348194166e+01
3.950229235330715398e-03 8.952173504007353344e+00 2.316800273034835911e+01 4.343194566073933061e+01 4.768381599998527065e+01 5.596674099626718402e+01 7.009089263035623674e+01 6.181301244726961386e+01 6.181301244726961386e+01 6.238951226656281079e+01 4.239391143744106216e+01 6.238951226656281079e+01 6.526264039586604326e+01 7.940198758356881115e+01 7.569774610225209699e+01 5.569858094943137417e+01 4.154941798646245843e+01 4.752955790395335356e+01 5.067099153277882806e+01 6.481299857986715551e+01 7.292180744460252129e+01 5.670175902946421331e+01 4.347892945260043973e+01 2.394675049197408256e+01 4.104804178845436979e+01 2.463412430596683933e+01 4.491555978567419771e+01 5.354840699897305001e+01 5.991110266517343064e+01 6.671387577385597467e+01 6.298706633868124527e+01 8.329627612897311906e+01 8.505589258492437921e+01 6.505589258767184901e+01 5.350888720388014264e+01 5.350888720388013553e+01 6.977946212233651124e+01
7.711341127313005306e-02 2.007711341127277649e+01 3.726853226113400552e+01 3.354345942109268464e+01 2.768633195033879701e+01 4.768381599998527065e+01 6.181301244726961386e+01 4.181797418243338882e+01 4.181797418243338882e+01 4.637732621438352965e+01 3.532357376632422330e+01 5.531999979647710575e+01 5.112403773906088844e+01 7.111928218551324221e+01 7.569774610225209699e+01 5.569858094943136706e+01 5.155570461948710204e+01 6.753312111790853578e+01 7.067291954703007661e+01 7.356681895964477746e+01 6.213902900242036509e+01 4.850564357018645723e+01 2.903726350822222102e+01 2.675562971319485683e+01 4.623351896809958816e+01 4.491555978567419771e+01 2.853406261488938611e+01 3.197772752304792832e+01 3.781121915620173723e+01 4.541181821649981032e+01 5.809078290978693815e+01 7.849323968536644713e+01 9.334016329474951590e+01 8.179315813156857473e+01 7.350888720271889554e+01 7.350888720271888133e+01 8.179315813156856052e+01
9.541454368626212448e-03 1.918221687079511639e+01 2.329505543530402534e+01 1.354474414099492741e+01 2.768633195033879701e+01 4.768381599998527065e+01 4.784275331787868879e+01 4.767438529950371873e+01 2.767723245622462258e+01 2.637970600532786136e+01 3.215308849693026616e+01 3.847725224025899848e+01 5.261668973687583417e+01 7.261199556142973677e+01 8.397939562300457794e+01 7.569774610225209699e+01 6.570036917241715457e+01 7.983844816038106273e+01 7.847505284698091543e+01 6.530552463105081529e+01 4.557456467674278855e+01 3.441428547712943953e+01 4.850564357018645723e+01 2.959957778939410034e+01 4.903941824857857767e+01 5.733183634059688671e+01 4.891200262193341786e+01 3.319110001210520267e+01 5.376652979430287616e+01 6.671387177115703082e+01 7.507879667608662544e+01 8.679881651518327601e+01 9.670210415812681504e+01 8.841140192799100817e+01 8.362773734698038197e+01 9.191696727839371306e+01 7.589363399832497237e+01
2.297228869525369793e-03 1.770064181835892203e+00 3.544777200668116635e+00 2.354410178671400544e+01 3.446476741318939219e+01 3.169244247748005350e+01 2.784527224758955199e+01 3.575422230021062830e+01 2.060623162838614064e+01 4.060451956643999694e+01 5.214991190243679853e+01 5.847317922098877574e+01 6.675570396023904607e+01 7.915759371739511607e+01 7.651480202369732808e+01 8.479798702107387953e+01 8.569512303208698256e+01 8.431070377261107751e+01 6.435959550254173678e+01 5.036732089960302261e+01 4.064731593941737486e+01 4.812531655302444022e+01 5.190480856191997816e+01 3.247078592678150244e+01 4.612775009737479337e+01 6.585186145826320114e+01 5.736956702116275153e+01 3.667169412289514696e+01 5.736956702116275153e+01 7.134666717810313230e+01 8.304434298144329318e+01 9.347926114633555983e+01 8.518480041823170268e+01 6.841585189861793026e+01 6.363530940900925970e+01 8.037102880173367225e+01 7.370934154964953677e+01
