MOVIE_S12_data/elevation_000245.asc
nrows	50
cellsize	150.0
xllcorner	0
ncols	50
yllcorner	0
NODATA_value	-9999
[rows 17 to 33 of 50, columns 0 to 36 of 50]
5.436832538903087209e-02 1.456718237769148772e+01 3.585080724311419687e+01 3.843464723244142789e+01 4.110935664293432268e+01 4.592246973080904127e+01 4.173724270415725357e+01 2.180852971941737195e+01 4.173724270415725357e+01 5.508640453030990614e+01 5.035846806048967039e+01 3.884065965772302320e+01 4.549601254667020811e+01 5.305333027007139890e+01 6.310687771445608263e+01 8.344609008000459482e+01 8.506482830181442978e+01 6.503529483182197168e+01 5.348015192986402155e+01 6.406296106365469711e+01 6.388958107076069837e+01 4.386939055975080493e+01 3.231396055267858003e+01 4.386939055975080493e+01 6.388958107068798853e+01 5.814743168742234758e+01 3.815251079119470035e+01 5.229776807588910970e+01 7.226976891392499169e+01 6.362032955348919927e+01 8.195576521712015960e+01 9.348861854940068383e+01 8.575652086709219191e+01 6.615478587795801957e+01 5.214947546867053063e+01 4.583567250977272067e+01 5.263306352305785651e+01
9.647730019007895452e-02 2.009647730018972211e+01 2.764618629663977245e+01 2.357182890886269533e+01 3.910927000143552590e+01 2.595266856502163932e+01 3.397097043710174091e+01 1.852435195145518065e+01 3.846098247116622559e+01 4.445154223456685116e+01 3.032710799141862879e+01 3.787340018607711301e+01 4.680504631467736942e+01 5.838510715106912130e+01 7.866615724880139737e+01 9.188306580903397958e+01 9.337319133937917570e+01 8.180429353482703903e+01 6.763327549928921201e+01 8.180429353482703903e+01 7.218984561083334484e+01 5.541992804376486248e+01 3.540088253796390916e+01 5.541992804376486248e+01 7.218984560375622550e+01 6.417307006914069234e+01 4.418828843483412783e+01 5.448239231788366510e+01 7.445498676921013725e+01 8.365455424051039302e+01 8.365455424077786972e+01 1.037658194575122366e+02 9.148841553432957596e+01 7.189600113325377606e+01 7.189600113325377606e+01 5.841584725529777700e+01 3.853674267860903768e+01
9.953738903938927352e-02 1.997848945697284995e+00 1.074770328806308051e+01 2.655499967193883393e+01 2.880013853774757848e+01 1.180065546428232359e+01 1.398787082195304521e+01 1.737721769357454349e+01 2.085558210975678506e+01 2.444010644371168794e+01 4.445154223456685116e+01 4.666020894256100604e+01 6.634178125035225548e+01 7.537703851428463508e+01 8.709973710378207556e+01 9.088253653410573918e+01 8.210865100200715005e+01 9.088253653410573918e+01 8.766616081378158754e+01 8.173970634713451489e+01 6.171336000464876292e+01 4.755909786738638445e+01 3.860518727523030691e+01 5.016407802292206242e+01 7.018471534258955558e+01 7.082923470941949518e+01 5.086074078881305383e+01 7.082923470941949518e+01 8.274628404351619793e+01 9.181852737328888736e+01 8.355598045315613831e+01 9.181852784618676822e+01 9.175451764454243175e+01 8.348908332005218824e+01 7.452237276561893964e+01 5.479599121140298479e+01 5.255381903668090615e+01
3.582433992925927735e-02 2.003582433992890444e+01 4.771296193467178703e+00 6.751536859284895442e+00 8.772419345003141800e+00 2.880013872375986494e+01 2.065859330997603749e+01 3.737063471735880427e+01 4.085679934202902075e+01 3.442302740920462867e+01 5.279001353648990147e+01 6.681383407286574538e+01 7.522541684218145974e+01 7.219273927862101914e+01 8.062158809517123359e+01 8.016944766592771998e+01 6.058134538953454751e+01 8.016944766592771998e+01 9.261215821997176079e+01 8.761198165741627975e+01 6.757894104597244223e+01 5.641662497861789660e+01 4.226007209250243335e+01 6.228112916848736091e+01 7.848717000451171089e+01 7.911380504195639674e+01 6.085416400117870950e+01 7.911380504195641095e+01 9.336090410029044051e+01 8.184854432246471845e+01 6.361915294035709678e+01 8.084665468618950968e+01 8.023776428166827657e+01 6.354438193804326573e+01 7.456194938982241638e+01 7.452237206758984200e+01 6.072346994395578434e+01
8.338298177320474514e-02 2.008338298177284997e+01 2.540937145330176605e+01 2.675312264539804730e+01 1.486931626171391585e+01 3.447926395767167662e+01 4.057140597087670386e+01 3.132724348191235109e+01 5.118678054113073017e+01 4.857044338651256510e+01 6.282612043394713908e+01 6.986114870381373976e+01 6.887538747388822458e+01 5.184939015666514450e+01 6.887538747388822458e+01 7.133592043555825057e+01 4.955698114338604654e+01 6.326565638340340314e+01 7.875138480970775845e+01 8.878695606870816448e+01 8.474450907589240956e+01 6.664978387341405153e+01 4.663014042477352206e+01 5.492239841939866807e+01 6.647786574618761790e+01 8.650832262028666264e+01 7.495403138454840075e+01 8.910033481928478238e+01 8.509779213213354865e+01 6.516149690927669269e+01 5.363316723504950545e+01 6.090144625387125643e+01 7.197400440869166971e+01 5.201531923207066654e+01 5.460584609228286013e+01 6.515458590376941572e+01 6.512451814510941972e+01
1.813270376062421294e-02 9.795798008400192103e+00 2.263317233796442096e+01 4.047736313056964974e+01 2.549662608591744828e+01 4.363740979479368320e+01 5.936326839896272389e+01 4.282921033176428693e+01 5.936326839896272389e+01 6.872183984031408954e+01 6.284879624748709404e+01 4.958039492091366185e+01 4.958234340202590573e+01 4.015006713600136123e+01 6.043116659144402547e+01 5.516140459105910310e+01 4.185260423660735540e+01 4.996209833075183582e+01 6.040207410742819150e+01 8.041611368732689868e+01 8.300157250170326506e+01 6.297480324112677152e+01 5.163693284138457074e+01 7.165408862281994118e+01 8.324829131214337963e+01 9.481817322643598800e+01 9.492811633648327074e+01 9.765280284064320426e+01 7.771688549553250880e+01 6.361915294035709678e+01 6.674326418149153994e+01 4.677514576213516051e+01 6.058096908383225099e+01 5.699286251167425377e+01 4.047467271806250722e+01 4.518506423664825888e+01 4.851506606274429600e+01
2.351309638313057310e-02 2.002351309638277499e+01 3.748079990818604301e+01 4.933085061263994220e+01 4.745952969348972061e+01 5.615269919623941064e+01 7.077008114083925250e+01 6.260343703449338904e+01 6.696820165786326129e+01 5.687628964597552539e+01 4.254552987996472524e+01 4.956112203514706493e+01 2.938709825505234718e+01 4.637034400706625092e+01 4.906666204247356688e+01 3.493407231438650484e+01 4.666574621935887990e+01 6.310591564144190357e+01 7.875138480970775845e+01 8.878695606870816448e+01 9.131002678031184416e+01 7.873155598282572498e+01 5.871358908385033715e+01 6.319094843690695029e+01 7.474441087001559936e+01 9.478592899971918939e+01 1.076800271951342580e+02 8.773268332385291046e+01 7.622930620224664722e+01 7.518096702769592810e+01 5.522978454237014034e+01 4.767380988119480634e+01 4.060323711869365582e+01 3.701112899683629820e+01 3.399601457933595583e+01 3.104717512512082322e+01 2.852741189245513809e+01
2.372884694381488524e-02 2.002372884694345956e+01 3.670081907916252106e+01 4.883211736956966575e+01 5.875646161671627965e+01 5.871135145661130395e+01 5.721314349860391246e+01 5.924957740809885109e+01 5.106534245742322753e+01 3.838668216195831207e+01 2.830020794745309587e+01 4.038396408557215267e+01 2.360646770097269354e+01 2.621121627448987113e+01 2.888580432618367411e+01 3.248410730125973345e+01 5.265408908326428161e+01 6.641005967761404349e+01 7.676523488768320647e+01 7.676523488768322068e+01 9.693166254917021263e+01 8.703948833567326915e+01 6.765977247767814617e+01 8.321495311256609284e+01 9.152436809899539583e+01 1.031008261681367060e+02 1.159502490717295018e+02 1.044304760941071919e+02 8.927782724659151370e+01 6.934185633815161509e+01 7.518096702769592810e+01 6.592313992742120377e+01 4.595443217296504201e+01 5.699286251167425377e+01 5.398050284946272370e+01 3.999102528197039419e+01 4.851312124173325202e+01
6.296921807001566729e-02 8.228280397536616775e+00 1.979766874916871444e+01 4.004767203010423060e+01 4.121415167769135479e+01 3.853475817556029881e+01 3.329037835716850680e+01 4.783697415337361036e+01 3.162372033316490416e+01 3.564707466836047445e+01 1.828239730437534405e+01 2.027255574823018591e+01 4.039004058639203976e+01 4.637034400706625092e+01 4.906666204247356688e+01 5.265408908326428161e+01 3.785426018152450922e+01 5.805220920784773142e+01 5.659853802578329152e+01 7.676523488768320647e+01 9.452742268810699500e+01 9.600439251370245586e+01 8.181515394223029602e+01 9.600439251370380589e+01 9.835843786991601689e+01 9.007577884448178906e+01 9.835843786991601689e+01 1.002810415892740963e+02 9.754235627238432471e+01 8.927782724659151370e+01 8.002818584937453750e+01 6.008063860865284056e+01 6.008063860865284767e+01 6.592313992742120377e+01 6.825320399963842988e+01 5.153277297397911383e+01 6.047337783532775290e+01
8.175220331382776484e-02 2.008175220331347077e+01 3.647001315778291541e+01 3.230979650732939490e+01 2.853954040152949645e+01 3.768262528730891603e+01 1.747922021014667493e+01 3.126574527638548417e+01 3.306040750448956089e+01 1.556069082267192982e+01 3.565191491339093943e+01 4.039004058639203976e+01 2.593273613580355530e+01 4.609191837109088397e+01 6.059472715626372974e+01 6.641005967761404349e+01 5.805220920784773142e+01 4.380444450553625302e+01 6.401069589452843900e+01 6.602461264864662382e+01 8.026402179976577145e+01 1.004335253003001185e+02 1.018716220645512180e+02 9.761533991287883794e+01 8.835420725441039735e+01 7.006220063480391502e+01 8.835420725441039735e+01 8.027173447796506878e+01 8.872866274226196026e+01 9.701137061246825510e+01 8.829098009435470829e+01 8.002818584937453750e+01 8.002818584937455171e+01 8.586986740476194768e+01 7.984030848911493194e+01 7.152295703184060471e+01 7.134704906927180446e+01
7.631710034972485901e-02 2.007631710034937100e+01 2.284483452061039088e+01 1.309273201293583888e+01 2.561335463902611664e+01 2.703805982255474660e+01 9.415124217946141627e+00 1.118983744598093644e+01 1.297869256603433641e+01 3.306040750448956089e+01 2.712871753694913579e+01 4.729481905107932249e+01 4.609191837109088397e+01 3.197677513383829506e+01 5.218489609282502784e+01 6.754878473642726533e+01 7.236521326919756802e+01 5.810434417112050198e+01 5.174614213786642125e+01 6.185429304869828826e+01 7.609266506814259401e+01 9.625216953338137671e+01 1.039983230252336455e+02 8.933285652249469422e+01 6.932132968494084935e+01 6.005652020206753150e+01 8.006898973964287336e+01 6.611959374439534542e+01 6.871655995619741475e+01 8.872866274226196026e+01 9.608160906853498773e+01 8.779940855558353974e+01 9.608160906853498773e+01 9.724650461859960160e+01 8.894568814173187832e+01 7.225595974245501907e+01 6.391955073189497227e+01
9.124702163186203252e-02 1.448935488236121838e+00 2.809763123115662342e+00 4.180140542770731216e+00 5.573606571354345007e+00 6.980801660825298072e+00 9.500564919370759753e+00 2.956607717957236048e+01 3.306040748107500349e+01 4.143446563780888425e+01 4.729481905107932249e+01 4.357875613036630114e+01 6.059472715626372974e+01 5.218489609282502784e+01 3.887647080678580380e+01 5.318700182897624273e+01 7.348701708826909851e+01 7.826989032932549151e+01 6.602461566013667493e+01 7.192577013467435165e+01 9.035451027707763672e+01 9.733665529045292431e+01 9.571768601200538740e+01 7.570667402528731316e+01 7.299351328048857113e+01 5.298058476492676050e+01 6.514379689395111939e+01 5.456506761138339812e+01 7.457796915643351099e+01 8.710621392765085602e+01 8.124667069393552765e+01 6.778663615727163005e+01 8.607782545901294213e+01 8.894568814173187832e+01 6.882179543909514052e+01 6.391955073189497227e+01 4.370214029932286337e+01
8.187870513261463756e-02 5.628669442261637457e+00 2.232167553853322772e+01 2.285615371017222586e+01 2.039564861142631713e+01 2.114253234110787361e+01 2.956606376286994475e+01 1.315206328654531376e+01 3.323219075706563075e+01 4.540976485855329514e+01 5.970187059200367230e+01 6.382940290032892250e+01 7.223356098229534439e+01 6.754878473642726533e+01 5.318700182897624273e+01 4.791602378375894489e+01 6.225708589899741696e+01 8.257222226605112780e+01 8.617241730076200668e+01 9.208354540526252663e+01 9.150804487073322946e+01 7.739896790294378093e+01 9.150804487073322946e+01 7.937876314394632971e+01 5.936640858201056403e+01 5.180178248531225194e+01 4.512799503488287201e+01 6.021624710599181185e+01 6.850407873812395110e+01 6.709553887927916094e+01 6.123394815871900931e+01 5.777986332034515016e+01 7.779302235642758490e+01 8.894568814173187832e+01 6.882179543909514052e+01 5.451773894772114915e+01 5.566582748519115142e+01
2.239863785106879432e-02 2.001736653513422226e+01 1.377821610461234236e+01 3.314286165667694206e+01 4.227758291093493881e+01 4.126955146739061320e+01 4.160333646072727021e+01 3.323219075710415638e+01 1.693183008467152462e+01 3.111765958482051175e+01 4.700292265498985955e+01 5.339503178412616791e+01 6.179696704609903435e+01 7.086288316489896033e+01 7.348701708826909851e+01 6.225708589899741696e+01 6.074143072851605041e+01 8.105413164596265574e+01 8.672288307409363028e+01 7.845605761167375647e+01 8.259281142688604405e+01 6.331560131606929787e+01 8.259281142688604405e+01 8.766413185929619090e+01 7.937876314394632971e+01 7.181480409827044298e+01 6.021624710599181185e+01 4.019776355439440607e+01 6.021624710599181185e+01 5.978699093509683848e+01 4.708025602109610475e+01 5.863700669834422996e+01 7.865010871716434337e+01 8.754487137496001026e+01 7.747232495766927229e+01 6.914488818403171422e+01 5.360028968158201224e+01
1.991760116496149591e-02 2.001991760116460739e+01 3.315145777442122466e+01 2.309423426186240746e+01 3.176380298703121241e+01 5.046543890749754979e+01 5.130611054023673745e+01 3.111766752296198391e+01 3.703047823535039385e+01 2.105820128980443329e+01 2.683732713171869477e+01 3.318140788369987604e+01 4.219393915345753499e+01 5.651253944702964560e+01 7.680787661788284026e+01 8.257222226605112780e+01 7.509792256421378909e+01 8.948132158528228786e+01 7.845605761167375647e+01 5.852071904985985640e+01 6.435964452936545399e+01 5.439053524965139275e+01 7.140785107638220097e+01 7.967234289804116543e+01 8.383393473382969319e+01 7.556323964846208696e+01 5.696882025536893934e+01 3.694867231313342870e+01 5.360909164251967951e+01 3.976830924578403881e+01 4.977963230695681318e+01 6.979434956140129032e+01 8.693467638622455240e+01 7.923436849503362112e+01 5.905540787302989969e+01 4.890025096219874001e+01 4.107028793234655240e+01
1.766589122093755945e-02 1.415980151495201333e+01 3.415980151495271855e+01 4.210181306577463545e+01 4.210181306577463545e+01 4.704902602607433693e+01 5.970698119922272440e+01 5.130576356394711013e+01 3.870998003080624983e+01 2.448962798451810841e+01 4.463685742932160849e+01 5.339503178412616791e+01 6.179696704609903435e+01 7.086288316489896033e+01 8.009334916321414255e+01 8.850040822200796242e+01 9.543369239145056326e+01 9.321074833973004559e+01 7.845605761167375647e+01 5.852071904985985640e+01 4.439510728917736060e+01 5.730111469647133049e+01 5.145791316951925864e+01 7.140785107434429335e+01 7.556323964846208696e+01 5.554159820021176586e+01 5.380338998218826418e+01 3.378185619990635047e+01 3.358750886568230953e+01 4.207674727703682294e+01 6.209489019816874844e+01 6.979434956140129032e+01 8.980434743923129304e+01 8.754487137496001026e+01 7.577883944773702751e+01 5.557580182653569523e+01 6.085260203035433335e+01
6.490672536223988931e-02 2.006490672536188313e+01 3.833579953225140002e+01 5.247502660986459233e+01 6.079330676243643694e+01 6.566673298050264407e+01 7.359000783868368956e+01 6.732394110317379443e+01 5.302411886100043859e+01 3.871000823144601810e+01 2.994184598728639202e+01 5.013189192036601582e+01 6.160971905974354002e+01 6.837253387998474352e+01 5.979230158653111715e+01 7.414301026003938944e+01 9.445873804397473350e+01 8.493956408057124463e+01 6.500730192857137979e+01 5.348613681187183033e+01 5.730111469647132338e+01 3.731784292582639040e+01 5.145791316951400773e+01 7.140785101381457878e+01 7.556323964846208696e+01 5.554159820021176586e+01 4.133242522972901156e+01 4.943431162083903985e+01 2.941168427638791982e+01 4.943431162100981879e+01 5.842237945646915875e+01 7.257515318261533821e+01 9.258427430446540995e+01 9.193076442976068563e+01 8.409643212871662854e+01 7.577883944773702751e+01 6.410605575290077240e+01
