MOVIE_S12_data/elevation_000573.asc
nrows	50
cellsize	150.0
xllcorner	0
ncols	50
yllcorner	0
NODATA_value	-9999
[rows 17 to 33 of 50, columns 0 to 36 of 50]
5.436832538903087209e-02 2.003784239890591579e+01 1.392353041200304276e+01 2.594310895212785084e+01 1.404733227565258069e+01 3.024487696583360830e+01 3.263699412609998518e+01 3.511922804285672584e+01 2.563402092919895026e+01 4.042912276441404629e+01 3.821999589703612799e+01 3.947211865271028586e+01 5.212627494641916570e+01 4.843006279209368614e+01 6.524141856208659362e+01 7.570903250148397490e+01 8.402494770535929547e+01 9.565707612220700184e+01 9.275247913698980540e+01 8.829531795164155028e+01 7.672621873815832316e+01 6.841710000474269293e+01 5.134418193423110210e+01 5.305483275368313656e+01 3.305113693967862076e+01 5.305483211890965833e+01 4.912224689378610520e+01 6.913364928268354959e+01 6.861217292003648538e+01 4.860421488902259313e+01 5.642287351795510375e+01 7.056969706432768419e+01 9.060455215840489984e+01 8.768317171463898774e+01 6.768250165839812382e+01 5.645953642942499329e+01 6.012846821284211529e+01
9.647730019007895452e-02 2.009643266906123316e+01 3.391384894172800557e+01 3.391732302297447177e+01 3.403328830358571366e+01 2.346220168700520503e+01 4.346064482421134301e+01 5.357731116487302359e+01 3.618504175926107536e+01 5.357731116487302359e+01 5.824048168314212148e+01 5.952566839249276143e+01 6.785994959156610662e+01 6.838962543498888635e+01 7.653325943604959036e+01 8.062636798411274697e+01 8.889746026789877931e+01 8.688126224683944088e+01 7.271204408630640614e+01 8.273226161164804182e+01 9.103133016194800575e+01 7.967270270779890495e+01 7.135775959716180239e+01 5.638889766097462086e+01 3.638450787159845135e+01 5.638889766097461376e+01 6.913364928327899861e+01 7.744450832162561937e+01 7.568727876755350792e+01 5.567585747798577955e+01 7.568727876755350792e+01 8.475226686944647270e+01 9.367649105515241104e+01 8.182466808741331477e+01 6.182462452216859816e+01 4.769640776601986687e+01 4.014970498008645450e+01
9.953738903938927352e-02 1.424167316154288265e+01 3.424173653593252453e+01 5.391868326246048326e+01 5.175802448195864258e+01 3.760010743433951319e+01 3.760010743433950609e+01 5.760923367363447056e+01 5.541244184424521535e+01 5.760059200593446604e+01 7.127206874342850540e+01 7.412696421519048329e+01 7.555621772357326904e+01 6.725752126537568643e+01 6.639332303993292328e+01 6.050842769460142989e+01 8.062636798411274697e+01 7.684403700387744607e+01 5.849170211245841244e+01 6.265674384580677980e+01 8.273226161164804182e+01 8.320362546830841666e+01 6.317919103262376979e+01 4.903439684057163817e+01 4.016423133966268466e+01 6.016954714167367513e+01 6.620192896685979633e+01 8.623302879557189726e+01 8.399995927257140238e+01 6.722418220958022061e+01 8.399995927257140238e+01 8.781258677851782579e+01 7.367783229536412648e+01 8.781258677851782579e+01 7.596676840166291811e+01 6.768250165839899068e+01 6.012846821285283028e+01
3.582433992925927735e-02 1.417795996366033506e+01 3.417795996366103850e+01 5.152955761156316328e+01 5.981753034864950536e+01 5.760923367363447767e+01 5.760923367363447056e+01 6.591597251344292374e+01 6.930323585746812398e+01 6.114628350244544919e+01 4.602529957824450690e+01 5.762341492646459784e+01 6.387251079601795567e+01 4.691217251427406154e+01 4.603262067975633443e+01 6.640078649615533379e+01 6.772415045789961141e+01 6.059874191585269898e+01 4.829875679003875177e+01 6.265674384580677980e+01 8.273226161164804182e+01 8.908259402225419876e+01 6.904421208940782151e+01 5.649638165153885438e+01 6.016954714167367513e+01 4.619478293943758018e+01 6.033868483299798413e+01 8.035705247433338627e+01 9.557353345377239862e+01 8.724808366042566377e+01 9.058685409977674396e+01 7.059126160151032536e+01 5.953581741164866514e+01 7.457804866863297377e+01 6.630413299925965021e+01 7.457804866859233073e+01 6.970461697600838136e+01
8.338298177320474514e-02 2.008338298177284997e+01 3.738307404069490758e+01 3.152340868575307908e+01 5.152955761156316328e+01 5.157987080131283619e+01 5.747633879736033435e+01 5.884423792776907902e+01 5.080974396908719370e+01 4.243630850531669552e+01 3.828401428771186232e+01 4.324719957977288232e+01 4.737098271022831142e+01 3.475120159158102240e+01 5.551442335076032464e+01 5.070127034285824408e+01 4.740500227259462918e+01 4.011772379708033043e+01 6.059874191585269898e+01 7.684403697715700332e+01 8.560406938017293044e+01 9.390464905955538200e+01 8.483104924087987797e+01 7.651325931356537069e+01 7.197813842405983564e+01 5.196876396048242697e+01 5.884517974590573886e+01 7.299186298032707043e+01 9.303077020360493066e+01 1.007662759677821498e+02 8.473281896601399410e+01 6.473363674805567314e+01 5.060340680484388542e+01 6.165232049197687303e+01 4.632481120499138427e+01 6.396913938270183309e+01 7.224472743913264594e+01
1.813270376062421294e-02 2.001813270376026921e+01 1.738064838565757597e+01 3.738216211984317283e+01 3.989470315995075111e+01 3.155117384580822204e+01 3.742159256113926347e+01 5.073211090457462547e+01 3.249611581557503115e+01 3.778944539939861613e+01 2.832640273488862448e+01 4.551088621930537670e+01 2.629097110317236030e+01 4.450754620527578709e+01 4.699567144070159941e+01 2.990383292771011980e+01 3.261037107549705638e+01 5.335766797891837854e+01 6.340080885084782381e+01 6.922883162863307405e+01 6.554858092635603839e+01 8.511761513521462064e+01 9.407809247227122285e+01 8.464082289445113361e+01 6.461936078521145532e+01 6.091381396350841726e+01 7.886112301845699335e+01 8.718048611848215046e+01 1.007662759677821498e+02 8.077706608776648523e+01 8.444515444530271964e+01 7.578891277926123848e+01 5.579689465156346273e+01 4.168063362518017101e+01 3.634757532998740004e+01 4.399273428886065318e+01 6.071129048030839215e+01
2.351309638313057310e-02 6.690179771637877693e+00 2.669051223040904830e+01 2.453268614514593082e+01 1.999308042800699425e+01 1.740180232715288611e+01 3.742159256113927057e+01 4.108253486904969520e+01 3.205385680200844689e+01 1.978237049653290214e+01 3.602301432454231644e+01 3.897924779360018022e+01 2.132836846676410758e+01 2.371691937731031175e+01 2.617851234115918047e+01 4.699535508862432920e+01 5.335765205191535898e+01 3.738097350596328283e+01 4.303970686467420848e+01 4.903996851076806962e+01 5.673957697190478200e+01 6.574257516485199915e+01 8.577751535809321126e+01 9.296696509124684837e+01 7.876803510721939006e+01 7.246252746174126003e+01 8.925048324901725039e+01 1.064467295559244633e+02 9.818395133247332751e+01 8.444515444530271964e+01 6.444373819986559226e+01 7.289733139182577304e+01 6.115823913729708039e+01 4.118750506899653629e+01 5.243602332244316244e+01 3.246666819259866088e+01 4.879017953523819529e+01
2.372884694381488524e-02 2.000316454374596020e+01 2.266600936159578694e+01 4.525219962281715524e+00 5.847223905767979346e+00 2.585682076056797740e+01 2.915311180372565047e+01 3.073375456535267958e+01 1.297174150869118492e+01 1.458157660046451376e+01 1.628237763348100842e+01 1.834368316858816428e+01 3.897924779778188764e+01 4.450754620527578709e+01 3.830662669659176345e+01 5.541121985912435832e+01 5.795893522553620159e+01 5.795907544718362203e+01 4.375108361772342391e+01 5.217061561617339294e+01 6.228928729825732802e+01 7.647580932368856566e+01 8.577751535809322547e+01 1.058173565359923316e+02 9.881898681932518969e+01 9.249530471217123306e+01 1.008328009709868098e+02 9.818393823689740429e+01 7.818910545396207112e+01 8.404546360179676867e+01 7.289733139182577304e+01 5.290426269754769351e+01 4.625323352747015804e+01 6.115823913729708039e+01 6.071336207495124881e+01 4.879017953523819529e+01 2.881547039790961406e+01
6.296921807001566729e-02 1.362111027410330522e+00 2.664018879331504053e+00 2.266848291875949073e+01 2.585582819268937271e+01 7.764134315594618307e+00 9.139089873659875352e+00 1.071746114857005239e+01 3.073375456535267247e+01 3.672910460539797839e+01 3.683780903809238083e+01 2.073832179143571253e+01 4.138295176856119184e+01 5.459063617634866716e+01 5.886512729577530934e+01 6.721333271707200652e+01 7.812130258217676726e+01 6.930459454485585979e+01 4.911681555241184327e+01 6.930459454492292082e+01 8.061955181185381036e+01 9.064470632936426853e+01 1.048136033350400425e+02 1.053976209797687886e+02 9.708856277924914480e+01 9.864214406914099698e+01 1.069503122639773096e+02 9.559156323999114591e+01 7.559313203738585685e+01 6.404059768703785949e+01 5.771858744312727652e+01 5.256258871260617127e+01 6.623297516039980337e+01 7.315736704263690626e+01 5.592777599704643876e+01 3.595715813372717662e+01 3.041522961685286219e+01
8.175220331382776484e-02 2.008164323662029815e+01 2.266867446504252115e+01 3.095957525692125856e+01 2.191683821531739795e+01 2.777646788158065050e+01 1.914991560242070534e+01 1.336159622881269904e+01 3.334711850981300074e+01 4.596529039261086069e+01 4.980642275726691537e+01 4.138295176856119184e+01 2.548959931319302186e+01 4.619742477984465268e+01 5.972353016071699017e+01 6.881143702246286864e+01 8.041457191677937999e+01 7.689322742172321057e+01 5.681559203874110864e+01 6.193154928984287011e+01 7.352393371607655581e+01 9.355919178942399128e+01 9.796461293715812246e+01 8.965345581747726555e+01 7.700668429662626124e+01 7.855984610775986710e+01 9.535993861122962301e+01 1.038565788080818777e+02 9.231807498132877754e+01 7.404991354397246539e+01 7.771937020907635940e+01 6.410159046090805646e+01 8.083253166577871696e+01 6.486472545114799004e+01 4.488279085911604938e+01 5.592777599704643876e+01 5.039153192047374574e+01
7.631710034972485901e-02 1.421845272408079985e+01 3.421845272408150151e+01 5.020832558560227454e+01 3.606297404235818505e+01 3.916631164103310425e+01 3.916444948791598790e+01 3.334711850981300074e+01 1.773128897827859163e+01 3.770594602977883625e+01 5.080491218908543516e+01 5.459063617634866716e+01 4.619742477984465268e+01 3.068771913750097369e+01 4.007456164941986998e+01 5.199398663483954408e+01 7.212761770248712878e+01 8.519322857698202256e+01 7.689322742172321057e+01 7.321654316915821425e+01 9.029229907626076113e+01 1.018607599389000882e+02 8.965345581747726555e+01 6.957801965964156921e+01 6.542167271851452881e+01 6.697376996684521089e+01 8.704762379819577234e+01 9.719679798568526508e+01 1.023124573592782696e+02 9.404658000204348411e+01 9.237517368044071020e+01 8.410302331781774399e+01 7.901005087516425363e+01 5.900553981633955658e+01 5.900553981633955658e+01 7.316054949126039730e+01 6.504423310667041847e+01
9.124702163186203252e-02 2.009124702163150644e+01 3.731042186259475102e+01 4.885742724638747347e+01 5.606835598921049524e+01 5.919167977372711675e+01 5.180275936430194150e+01 3.186685476037747478e+01 3.770594602977883625e+01 2.258531030464251188e+01 4.254748440142643062e+01 5.604213152977280998e+01 5.972353016071699017e+01 5.136732887204190234e+01 3.689466526668098822e+01 5.741988637285365371e+01 7.206603625315746342e+01 8.034392612264872469e+01 8.927434720301158677e+01 9.325259629096335345e+01 1.015536850970887315e+02 9.946496778736194244e+01 8.965345581747726555e+01 6.957801965964156921e+01 5.540314230785665472e+01 7.545797877499404649e+01 8.080319609991765617e+01 7.711881905306530882e+01 9.719679799646503682e+01 9.429259330900377734e+01 8.598209838539573013e+01 9.429259330900377734e+01 8.731555916618141566e+01 7.901005087516425363e+01 7.901005087516425363e+01 7.288593760843572511e+01 6.460521705421786010e+01
8.187870513261463756e-02 9.026150615131850685e+00 2.057315599892456959e+01 4.057315599892527302e+01 4.907475636050027390e+01 5.735902760796247435e+01 6.006372602485979684e+01 5.180275936430194150e+01 5.080491218908543516e+01 4.254748440142643062e+01 2.783884224905900595e+01 4.195503077354279498e+01 6.186257834998811944e+01 6.459304924507922863e+01 4.430428080705413407e+01 4.510142763927225218e+01 5.197730813781388548e+01 6.103387612471018286e+01 7.515062741163082194e+01 9.509173049953172097e+01 9.051173969714159284e+01 9.115568031860019005e+01 7.108398552070732990e+01 7.073100847402137958e+01 5.069006649082618310e+01 7.073100847402137958e+01 6.074082742978762894e+01 7.183103239924872696e+01 9.190132522426868888e+01 8.426164726476758915e+01 6.592079343062053454e+01 8.255574557406978897e+01 9.086544964288609094e+01 9.442447017392628084e+01 7.874617716400629774e+01 5.874783959176659209e+01 4.457094365593476937e+01
2.239863785106879432e-02 2.002239863785071350e+01 2.827268878694549770e+01 3.274482474194546455e+01 2.907475636049957046e+01 4.536289451606345580e+01 5.364716576352564914e+01 6.364716576352600441e+01 6.584202761930824011e+01 4.594478127270765810e+01 3.183888310669822630e+01 4.594478127270765810e+01 6.584202761930824011e+01 7.288220447825553094e+01 5.350069350006420166e+01 6.536979354804289244e+01 6.536979354804290665e+01 8.034392612265716593e+01 8.927434720301158677e+01 8.470045915944358228e+01 7.055485056341875350e+01 8.470045915944358228e+01 7.476721014269581644e+01 5.471933001429587762e+01 4.633009478648801860e+01 6.238300913542113335e+01 5.178874838414689918e+01 7.183103239924872696e+01 8.769958803078776555e+01 7.595144590800815365e+01 5.590548721354009842e+01 6.250083978433189458e+01 8.255574557406978897e+01 8.614741048161319270e+01 6.615773679255651984e+01 5.460406711221217080e+01 6.460521705421786010e+01
1.991760116496149591e-02 4.102400505803609931e+00 8.272688786945142425e+00 1.274482474194475934e+01 1.829182670419714896e+01 2.536289451606274881e+01 3.536289451606310053e+01 5.536289451606380396e+01 6.584202761930824011e+01 4.594478127270765810e+01 4.594478127270765810e+01 3.939197644929410558e+01 5.346957331639580246e+01 7.335984286862981207e+01 6.513652146930253650e+01 8.184567449657029670e+01 8.537572919994238418e+01 8.762503127855831053e+01 7.871142166401411089e+01 7.042638554368483028e+01 5.653596999574621407e+01 7.579406800900601127e+01 7.727802431727580768e+01 6.208785660653791183e+01 4.207118103076444271e+01 4.236560060013885476e+01 5.651024541428547110e+01 7.656111495959945046e+01 7.939077042767489445e+01 5.934149733766301438e+01 4.834128530255303247e+01 6.250083978433189458e+01 8.255574557406978897e+01 9.092656860620469672e+01 7.093848538430358985e+01 7.460636699622359913e+01 7.908649775333786636e+01
1.766589122093755945e-02 2.001766589122058093e+01 2.827268878694549770e+01 2.688696036567596082e+01 3.243396232792859735e+01 3.829182670419785950e+01 5.364716576352564914e+01 6.364716576352600441e+01 7.411279032929186883e+01 6.584202761930824011e+01 6.584202761930824011e+01 4.935609296058367335e+01 5.004176354788864955e+01 6.992142372302423325e+01 8.508313793817414705e+01 9.337328489220138295e+01 9.344958144632079211e+01 7.346224528819678312e+01 5.943772272302324922e+01 5.055193263931156622e+01 4.764002427688112817e+01 6.751658436489398696e+01 6.896980873831658698e+01 4.893708194885004303e+01 5.261317287510990326e+01 3.682335054206559022e+01 5.683119781204970167e+01 7.146384876458317592e+01 6.315781210784809474e+01 5.652337268591909236e+01 4.299478486659663901e+01 6.302060749959389341e+01 7.818564490123954158e+01 8.821324575476506880e+01 9.092656860620469672e+01 8.225977444471389788e+01 7.398208613836662551e+01
6.490672536223988931e-02 1.420704234909331554e+01 3.420704234909401720e+01 4.688696036567666425e+01 5.243396232792930078e+01 5.829182670419856294e+01 5.912678487870247324e+01 6.741105966754405188e+01 6.560242758384902118e+01 7.388670226523784379e+01 7.750972818434395606e+01 6.340039337995276014e+01 6.408607446714387379e+01 6.626312630809530901e+01 8.619898054680055566e+01 9.307113677483795300e+01 8.472671412907790511e+01 8.762503127855831053e+01 7.455166584246190098e+01 5.466427813615870690e+01 4.058439914839503615e+01 5.461947467274080026e+01 5.071099127048115918e+01 4.868933030056018652e+01 3.260551513944240298e+01 5.261317287510990326e+01 6.513661625025905266e+01 5.989685858054912160e+01 4.313062495391969975e+01 3.650467588855071455e+01 4.227924573297079291e+01 4.984094529309920318e+01 5.985090750452554431e+01 7.990292153922013085e+01 8.811420343152268231e+01 6.812837149049396146e+01 5.397968879459981650e+01
