MOVIE_S12_data/elevation_000258.asc
nrows	50
cellsize	150.0
xllcorner	0
ncols	50
yllcorner	0
NODATA_value	-9999
[rows 17 to 33 of 50, columns 0 to 36 of 50]
5.436832538903087209e-02 1.647009413017586965e+01 3.296917441373524582e+01 4.539580619560907593e+01 3.981671198106040066e+01 2.567685325086267412e+01 2.806102958462743402e+01 3.638186686461865804e+01 2.145568597097058827e+01 4.146397816368092748e+01 4.771660429119298641e+01 3.624640575761527117e+01 4.291310081111248564e+01 5.047146378421610535e+01 6.046849428507709945e+01 8.046236927818650031e+01 8.101609237606761837e+01 6.067247750241227777e+01 4.942068619848395628e+01 5.348632801527980973e+01 5.682945789411820670e+01 3.628700447000252183e+01 4.080034187792909961e+01 5.171760746630597083e+01 7.128507086901092293e+01 6.186887138248433615e+01 4.185093059500400869e+01 5.599742954198681133e+01 7.604378590449839237e+01 6.468422961904886392e+01 8.304222527096440842e+01 9.463771075098868835e+01 9.351150682144488258e+01 7.349032994851401668e+01 5.934255699800045392e+01 4.933847161886043153e+01 5.453844375655646104e+01
9.647730019007895452e-02 2.073837890526362582e+00 2.319094589555746211e+01 2.621659358323457667e+01 2.826676497743853389e+01 1.166282619347215110e+01 1.395605208207682857e+01 1.637817714946918102e+01 1.990887035503669367e+01 2.362911929063636762e+01 2.771630766876307916e+01 3.527767694587913638e+01 4.422178955540107381e+01 5.576637492116842765e+01 7.576051255138978036e+01 8.874783844063995275e+01 8.948164129716433024e+01 7.772034942826333292e+01 6.330165562913960287e+01 7.349145320710064766e+01 5.948066159238468487e+01 3.949020067942225864e+01 5.917778478165197953e+01 5.466403707953324442e+01 7.342019634133261263e+01 6.742315047993442079e+01 4.739691239584053761e+01 5.818935446764446340e+01 7.824084415346165144e+01 8.475183620136415641e+01 8.475183620136415641e+01 1.048619764383922899e+02 9.212481628711070414e+01 7.210427887032736294e+01 5.795747229224739527e+01 4.795277367835168292e+01 4.038297738748965315e+01
9.953738903938927352e-02 9.085807577334525931e+00 4.808469322873391683e+00 6.707906418150763272e+00 8.601943205278043791e+00 1.464066811215048070e+01 3.391958008391542023e+01 3.638186686461865804e+01 3.406157141198432470e+01 3.363500388439088340e+01 4.771660429119295799e+01 4.404725886912821409e+01 6.355800041707217929e+01 7.250052025060983851e+01 8.404537278423994451e+01 8.838699314953269948e+01 7.993881112699102687e+01 8.838699314953269948e+01 8.368125078506170667e+01 8.266319931807440469e+01 6.281396936776791762e+01 4.282286208164584451e+01 6.281396936772883777e+01 7.325622863624217018e+01 8.101784357973910744e+01 7.346494490678861666e+01 5.342657973245285774e+01 7.346494490678861666e+01 8.656601543074428662e+01 9.127382648318959468e+01 8.294640020886754428e+01 9.127382648318959468e+01 9.676993278208611571e+01 8.625978916732505297e+01 7.625340907663695589e+01 6.796281540447549219e+01 5.422242640026384208e+01
3.582433992925927735e-02 2.003582433992890444e+01 1.839694734452993430e+01 2.621659358323457667e+01 1.646508628794166995e+01 3.455207286026321611e+01 2.456945589372048389e+01 4.456369549649479467e+01 5.406087604377319877e+01 4.777660240017978310e+01 6.191588053704694516e+01 6.404331910939842487e+01 7.232719448491684489e+01 7.206990553458163618e+01 8.015826779822812398e+01 7.824249789676690625e+01 5.969402760975086863e+01 7.824249789676690625e+01 8.850781793729434810e+01 6.849360282381826437e+01 5.436488686118627101e+01 6.274532370528032033e+01 4.836830334349202332e+01 6.238580681054490640e+01 8.188521568359045943e+01 8.055569286418455022e+01 6.050002900674820694e+01 8.055569286418455022e+01 9.282832324676742530e+01 8.124276068091565151e+01 6.290168787792413951e+01 7.765221624589737814e+01 7.718694215406415537e+01 6.943415076566611788e+01 7.701487954706075811e+01 6.607832942389460129e+01 5.778720503597418201e+01
8.338298177320474514e-02 2.008338298177284997e+01 3.823144308594602592e+01 4.405830416188596388e+01 2.795479743999253230e+01 4.464105112434239686e+01 3.870863906169990543e+01 3.870962351665591683e+01 5.869667546533010949e+01 6.777186747559424873e+01 7.428999624978879979e+01 6.616790578423008640e+01 6.873335870160401839e+01 5.217307015381716440e+01 6.873335870160401839e+01 6.981641936837085893e+01 4.963425779755446854e+01 6.981641936837085893e+01 7.914726950888402257e+01 8.266319931807440469e+01 7.435563071042909655e+01 7.244171875157817908e+01 5.253788400926008251e+01 6.410338673340416449e+01 8.431743455772974016e+01 8.888444215884429411e+01 7.206540264896030124e+01 8.888444215887800226e+01 8.450034089235273882e+01 6.444960658646510865e+01 5.290374273372148650e+01 5.761870345215285028e+01 5.456740910720269255e+01 5.577928430462125675e+01 5.763786670600006801e+01 5.778698201935285539e+01 3.776985604023498411e+01
1.813270376062421294e-02 1.156760511611471642e+01 2.576477647300985652e+01 4.625844482749520381e+01 4.798425713262308534e+01 5.640602357088697261e+01 5.866510060473057564e+01 5.869667546533010949e+01 6.695979281501945479e+01 6.426222955373017953e+01 5.593255330857456897e+01 4.626995838166212138e+01 4.992130640670145425e+01 4.082515555777560934e+01 5.923247112095782541e+01 5.614628211184957962e+01 4.284761135098217721e+01 5.053182787314820956e+01 6.215460633670257806e+01 8.241843055505668758e+01 8.885953509406581929e+01 6.878895488981368089e+01 5.725178296374551934e+01 7.726155206150757238e+01 9.277694991755983267e+01 1.004878630149730725e+02 9.215364498368414559e+01 9.343223475538447076e+01 8.510184312553612074e+01 7.765221624495747221e+01 5.761870345215282185e+01 4.346514046696250944e+01 3.967724340463396970e+01 5.484616253999168123e+01 4.361818911576956737e+01 4.946199658477000582e+01 4.363168009291040050e+01
2.351309638313057310e-02 2.002351309638277499e+01 3.301495083394802776e+01 4.129922208141022821e+01 5.129922208141040585e+01 6.087407855710206661e+01 5.254727652362912238e+01 5.254727652362937818e+01 5.843478130563557471e+01 5.593256097909754487e+01 3.586977055423236038e+01 4.174583626393876301e+01 3.023108054778160536e+01 4.705919605915825343e+01 3.095277166840224581e+01 3.554941577942769015e+01 5.614628211184957962e+01 7.071910618777867796e+01 7.914726950888402257e+01 9.087047297188617279e+01 9.736210274453314639e+01 8.434022967106828617e+01 6.431870591285333205e+01 6.988957350139035896e+01 8.404101344952007935e+01 1.042051485558288988e+02 9.670722127064260576e+01 7.660611668585006839e+01 6.505170760371778726e+01 5.798709608388716674e+01 5.132064262640102470e+01 6.324692326294254485e+01 5.418114556787414671e+01 3.481893685114155090e+01 3.207001209817542531e+01 2.944285018719408598e+01 2.699819671271496802e+01
2.372884694381488524e-02 6.348284167280600521e+00 1.301495083394732610e+01 2.301495083394750196e+01 4.301495083394820540e+01 5.254727652362907264e+01 3.249155096895186290e+01 3.249155096895186290e+01 3.836573698229912566e+01 4.679256166836627528e+01 3.847558433591175486e+01 2.171879633781669483e+01 2.433200080638242824e+01 2.697863471355675813e+01 3.019446733989109433e+01 4.987465459720573335e+01 5.898427651076067946e+01 6.659611117984900375e+01 7.501393492646438688e+01 7.670495660661542559e+01 9.706395528984658938e+01 9.270746714321914794e+01 7.324619080816361816e+01 8.994695200306129834e+01 9.832858010439288421e+01 1.046118689684215894e+02 1.050405401093941293e+02 9.343223539642850994e+01 8.510184312734763523e+01 7.133773184825871283e+01 7.133773184830181435e+01 6.215777448963964247e+01 4.213410050288053554e+01 5.484616253660846041e+01 5.209110925686262306e+01 3.700950732711392277e+01 4.701698523836048338e+01
6.296921807001566729e-02 2.006296921806966083e+01 3.301495083394802776e+01 4.129922208141022821e+01 5.129922208141040585e+01 5.204878176568800541e+01 3.836573390072892664e+01 1.833807215996502649e+01 3.386064744517863545e+01 3.571194257122598970e+01 1.845109799166091946e+01 2.230189843488914647e+01 4.232999292017728266e+01 4.708295716514442830e+01 4.987465459720573335e+01 3.514242236786026297e+01 3.891211908223782245e+01 4.645708962450176216e+01 5.648726575308248954e+01 7.670495660661542559e+01 9.695663879122427886e+01 1.017078266685263799e+02 8.740030076960383099e+01 1.017078266685263799e+02 9.873980536223339755e+01 8.458868579690258116e+01 9.873980536223339755e+01 1.034638832199330523e+02 9.973446412858341148e+01 8.373667719505688467e+01 6.370055633277211626e+01 5.214673155757839851e+01 5.214673155757839851e+01 7.045597991708193319e+01 6.531807544750249406e+01 4.702246504111128900e+01 6.531807508349604063e+01
8.175220331382776484e-02 1.422388782704490318e+01 3.422388782704560839e+01 5.282746091240701247e+01 5.000769107093285015e+01 3.786836019441224721e+01 2.368764408486832451e+01 1.200221561517290780e+01 1.383356222266016999e+01 1.568712467263668664e+01 3.571194257122611049e+01 4.232999292017728266e+01 2.807600309331418487e+01 4.223270243237289634e+01 6.231493728098073603e+01 5.512138801590042902e+01 5.898427651076067946e+01 4.575644799008861696e+01 6.589004241781159976e+01 6.818717126546803797e+01 8.251925017900794046e+01 1.029253411292389160e+02 1.075960393455040247e+02 1.013446553788095770e+02 8.978278866936814495e+01 7.041525345513559841e+01 8.978278866936814495e+01 8.344103431629895340e+01 9.711366168723117198e+01 9.203859833126713852e+01 8.046964113028847976e+01 6.370055633277211626e+01 6.629953703052667890e+01 8.046964112976371553e+01 7.532427748556509073e+01 6.703501934452177125e+01 7.532427694674721863e+01
7.631710034972485901e-02 2.007631710034937100e+01 3.277045632543096332e+01 3.277045632543096332e+01 3.582810611612956109e+01 2.164852103644048853e+01 9.523442654930457607e+00 2.955749101655466760e+01 3.386064744518176184e+01 2.983981985744149057e+01 2.638408684317303710e+01 4.642341285086744307e+01 4.811465283814928284e+01 3.440122394829309371e+01 5.445677492841330292e+01 6.967903596685977163e+01 7.430603980110326745e+01 5.996059757055437700e+01 5.393832767023830854e+01 6.399645997864155333e+01 7.830444329011427840e+01 9.868766839152797843e+01 1.063084734839311807e+02 9.305961190210858547e+01 7.302398146659673728e+01 6.144118048675866817e+01 7.294232204813890519e+01 6.926476127616483325e+01 7.708271048283724269e+01 9.711366168723117198e+01 9.203859833126711010e+01 8.373667719505688467e+01 8.633851374344386898e+01 9.134485571663093140e+01 8.305346583532094940e+01 8.195000178677169345e+01 7.365908631417482866e+01
9.124702163186203252e-02 2.009124702163150644e+01 1.275170348796959452e+01 2.411648287341514418e+01 2.550956477669992140e+01 7.483216514653806328e+00 2.751807857451761308e+01 1.328042376076109043e+01 3.330923005037724494e+01 4.988849773451366332e+01 4.642341284249530275e+01 4.054280398450838874e+01 6.062045853104295645e+01 5.445677492841330292e+01 4.126423063652412537e+01 6.134412025779192135e+01 7.825716943068904641e+01 8.020497687934921771e+01 6.818717126538959405e+01 8.257190396471962401e+01 9.273115326870630781e+01 9.520475124893953023e+01 9.802589829097057361e+01 7.799589651791913525e+01 8.167147032729769762e+01 7.294232204813890519e+01 5.284318213836593259e+01 6.069239332619066118e+01 8.075845851611342141e+01 9.153930343392389091e+01 8.324936777487747008e+01 8.584902136596821265e+01 9.413734674614069320e+01 8.305346583532094940e+01 6.304842859593595961e+01 6.890776834546240082e+01 5.363360806396745062e+01
8.187870513261463756e-02 1.415640329731124414e+00 2.751965101722080753e+00 4.106547960316227375e+00 5.476577697459991789e+00 2.550956477669992140e+01 3.582804677089112033e+01 1.598351808996079448e+01 3.600953792027983980e+01 4.829371057273323942e+01 6.248708210912221261e+01 6.062045853104295645e+01 6.895082929333904076e+01 6.967903596685977163e+01 5.544924357598122810e+01 4.980671703528864924e+01 6.402044257225364277e+01 8.416548762958976226e+01 8.849605574580415635e+01 8.951101292073261106e+01 8.934024846564943800e+01 7.519227603250672587e+01 8.934024846564943800e+01 8.167147032729769762e+01 6.161155928730122611e+01 5.397341729862230153e+01 4.788712649916763553e+01 6.219134825851055126e+01 8.225400572082105555e+01 7.996179144381657977e+01 6.318030656721803240e+01 6.578623614149260845e+01 8.584902136596821265e+01 8.045825052767087016e+01 6.045222853616680680e+01 4.887840679015356926e+01 4.282060909690731876e+01
2.239863785106879432e-02 1.962520014719994066e+01 2.272612815474420600e+01 1.269918767300565321e+01 1.105257943019319633e+01 3.281284078578384111e+01 4.432460632469592099e+01 3.600953792027983980e+01 1.994869131847126908e+01 3.410033903634415964e+01 5.261762788485256692e+01 6.681820176451476812e+01 6.587642153715199811e+01 7.421152696859901710e+01 7.557561149153616498e+01 6.402044257225364277e+01 6.251642019722692822e+01 8.266192668786024456e+01 8.808970609189729828e+01 6.949148765134526684e+01 6.949148765213226397e+01 6.102729172216815812e+01 8.105379431507211052e+01 8.996219955115203959e+01 7.903681431763855869e+01 6.403147696053783022e+01 4.374194646199954661e+01 6.403147696053783022e+01 7.174665734126821803e+01 6.343271149345318349e+01 5.150373213061127586e+01 6.318030656721803240e+01 8.324936777487747008e+01 8.874857876258566591e+01 7.719664215627939541e+01 6.890776834546240082e+01 6.286868861188706603e+01
1.991760116496149591e-02 1.993736764381308646e+01 3.792431646707900228e+01 3.042212499797977543e+01 1.802742982909534675e+01 3.906752185370667263e+01 5.635804981923159573e+01 3.629350951321023189e+01 3.997542126147858710e+01 2.426375749423867134e+01 3.841705400073897181e+01 5.513400760699114755e+01 4.577920532036761614e+01 5.736725499048549892e+01 7.750015920493106591e+01 8.416548762958976226e+01 7.676272461284155213e+01 9.099170758670275916e+01 7.980259539804484348e+01 5.976570479633275568e+01 4.942940698593793769e+01 6.949148765213226397e+01 7.487406612696710795e+01 8.316319168674321816e+01 7.073685006414588372e+01 5.056292701974803805e+01 4.025513373768130521e+01 5.619938817424641542e+01 5.646159390593555116e+01 4.310858584039056751e+01 5.754022860610837142e+01 7.765842359613237988e+01 9.153930343391624547e+01 8.695312785653749188e+01 7.695557096653625706e+01 6.867030383169138474e+01 6.200121857564951711e+01
1.766589122093755945e-02 1.415980151495201333e+01 3.415980151495271855e+01 4.749948908031718275e+01 3.311181936370588375e+01 3.311181936370588375e+01 5.353282260166479034e+01 5.635804981923159573e+01 4.061153385592258758e+01 4.429559914596172376e+01 2.904522794046773981e+01 3.507616759697233277e+01 5.513400760699134651e+01 7.421152696859901710e+01 8.583235565122961930e+01 9.810996637339088977e+01 9.690386034454962783e+01 8.492364723209487920e+01 7.490841155097250237e+01 6.344254273466859217e+01 4.334051701016856839e+01 6.069378118888386808e+01 5.482011484921486044e+01 7.487406612696710795e+01 7.903681431763855869e+01 6.896977492009857258e+01 5.619938817424641542e+01 3.570157597986001008e+01 3.596842852468262919e+01 5.645497816796002866e+01 6.570446221847159052e+01 7.391072770143978232e+01 8.383244807496620865e+01 7.866484089571662253e+01 5.867576676766609012e+01 4.866304806356560420e+01 4.196140361718577338e+01
6.490672536223988931e-02 2.006490672536188313e+01 3.823389366929588817e+01 4.653732242712484890e+01 5.353282260166479034e+01 5.353282260166479034e+01 6.188715879692852440e+01 6.901825732995999374e+01 6.068780986573453617e+01 5.326738846610657419e+01 3.321578901858174504e+01 5.326738846610657419e+01 6.346511950039639061e+01 7.333532499971741458e+01 6.963800345009494208e+01 8.978651931053391877e+01 9.078980003939166465e+01 7.077307311807453516e+01 5.659628302985098713e+01 4.653263575324659485e+01 3.827081806948745424e+01 4.056499993385597236e+01 5.247624065239768498e+01 7.255445420869266115e+01 7.930923558677905305e+01 5.918122375738941088e+01 5.918122375738940377e+01 5.187807059013884725e+01 3.139823283570498447e+01 3.825306443867798123e+01 4.558579284827249722e+01 5.576958504633716274e+01 7.564450287111823457e+01 8.695312785653749188e+01 7.695557096653676865e+01 6.867030383169138474e+01 6.200121857564951711e+01
