MOVIE_S12_data/elevation_000259.asc
nrows	50
cellsize	150.0
xllcorner	0
ncols	50
yllcorner	0
NODATA_value	-9999
[rows 17 to 33 of 50, columns 0 to 36 of 50]
5.436832538903087209e-02 2.005420963058146810e+01 3.035462348155182255e+01 3.844694272686336234e+01 2.416350026421738661e+01 2.632782738369125397e+01 2.871845435546393333e+01 3.704180422417240948e+01 2.211715046843541188e+01 4.212339555869129981e+01 4.843340806375041296e+01 3.700985669648056842e+01 4.359939789582547576e+01 5.113465624849162339e+01 6.113807874636322026e+01 8.117334616690492055e+01 8.176746319695899956e+01 6.165122630805776538e+01 5.003848852372838252e+01 5.420493595320304792e+01 5.615127322914794661e+01 3.607927951690513169e+01 4.061307967814449427e+01 5.171808598651195155e+01 7.181473631029881233e+01 6.175525614496691418e+01 4.166066462760013422e+01 5.586254058495259756e+01 7.598152996916056168e+01 6.459928329851874196e+01 8.297212896061725473e+01 9.457209709461812963e+01 9.263186292695415602e+01 7.262565667021289073e+01 5.848216214807372637e+01 4.848199955153992136e+01 5.368006931388437408e+01
9.647730019007895452e-02 2.067135856518669268e+00 2.206751439743654331e+01 2.692757775320624702e+01 9.976226718217608536e+00 1.218485723979595470e+01 1.457531445882688459e+01 1.703714427999738845e+01 2.057267823164903220e+01 2.428658544985301049e+01 2.867309123876886190e+01 3.605136494945448788e+01 4.490446240289546154e+01 5.643404579205878235e+01 7.646182358589180694e+01 8.946793485134669766e+01 9.006458882136753630e+01 7.846488214897877356e+01 6.426362984435525050e+01 7.431800835399489813e+01 5.936743203403957381e+01 3.928237470690866218e+01 5.936741862407859571e+01 5.481083535440325960e+01 7.492523784596498615e+01 6.733433494290920862e+01 4.721868026707438304e+01 5.806404689644521255e+01 7.817925383473063050e+01 8.472219895408770185e+01 8.472219895408770185e+01 1.047742394050292063e+02 9.124630947899291300e+01 7.124047685609104974e+01 5.709710259688915812e+01 4.709701220560118173e+01 3.953786495184304783e+01
9.953738903938927352e-02 2.009904975287156148e+01 4.895562981265008773e+00 6.926255311532626635e+00 2.678778757454209014e+01 1.885152673413882241e+01 3.457940080498593005e+01 3.704180422417240948e+01 3.471643504663637003e+01 3.713989439771695089e+01 3.145652734837451447e+01 4.455786084547203529e+01 6.424818103419617898e+01 7.319417302571226003e+01 8.475695042175829030e+01 8.855427548383491398e+01 8.030962390390595829e+01 8.855427548383491398e+01 8.437238686363461682e+01 8.264653314024975828e+01 6.271738761068237977e+01 4.261765453776352786e+01 6.271738761068237977e+01 7.492523058624603038e+01 8.322934891760426979e+01 7.340436404882747468e+01 5.327235503796003258e+01 7.340436404882747468e+01 8.648594328139276399e+01 9.235127501662606164e+01 8.429307877552554373e+01 9.235127501662606164e+01 8.518650752303956608e+01 8.539057076070653807e+01 7.538731915974793196e+01 6.709857608247254745e+01 5.336630521118510018e+01
3.582433992925927735e-02 2.003582433992890444e+01 1.903789203413136377e+01 2.692757775320624702e+01 1.761692846487155606e+01 3.760995557792023902e+01 2.885121628666157534e+01 4.878144888062197282e+01 5.473022628735112960e+01 4.892284538543447781e+01 5.904529180078429818e+01 6.339386825244538670e+01 7.297722548999627179e+01 7.247459501844764418e+01 8.074415417448848586e+01 7.854959790761266447e+01 6.025677405290775823e+01 7.854959790761266447e+01 8.855513616930360854e+01 6.844909815067934744e+01 5.421049403413278611e+01 6.271738457137525558e+01 4.817609018260099418e+01 6.240395375432872527e+01 8.252839784157856684e+01 8.052345522251876275e+01 6.038762464330919499e+01 8.052345522251876275e+01 9.385229960413788319e+01 8.261423624699267521e+01 6.481077044588930391e+01 7.913567448295297879e+01 6.568663653578974504e+01 7.946560641797712776e+01 7.927214561725000408e+01 6.590637217395210712e+01 5.762072666151616573e+01
8.338298177320474514e-02 2.008338298177284997e+01 3.904017570097684597e+01 4.591366396200375277e+01 2.916601454838128049e+01 4.591415274127108148e+01 4.297642726661671730e+01 4.297642726729206686e+01 6.279601078939199255e+01 6.851120244695979977e+01 7.483927845060601669e+01 6.657044155073863578e+01 6.921018691522797894e+01 5.249181967933285620e+01 6.921018691522797894e+01 7.028319897840685826e+01 5.022525559223132063e+01 7.028319897840685826e+01 7.989587788830185389e+01 8.264653314024975828e+01 7.433802034353978172e+01 7.249694836882663651e+01 5.236082099627028441e+01 6.398884962663685627e+01 8.411924887724562439e+01 8.882746470969290442e+01 7.202745923968029729e+01 8.882746470969294705e+01 8.579041494986714156e+01 6.632477868207055849e+01 5.489913140688704374e+01 5.955141111121707809e+01 5.169558786258669869e+01 6.963046506425391158e+01 5.968558562594292738e+01 5.762092888266554525e+01 3.762022369748067518e+01
1.813270376062421294e-02 1.156513808762188589e+01 2.570727375795609149e+01 4.570730465745494087e+01 4.918379210615673713e+01 5.746887126096710574e+01 6.279600928780766367e+01 6.279601078939199255e+01 7.087842469613318030e+01 6.449814160573285449e+01 5.622724432203199285e+01 4.658861606119256749e+01 5.025534935812397208e+01 4.095323042689098969e+01 6.093702842829276278e+01 5.647277672925077496e+01 4.355820474917772600e+01 5.172564307906736758e+01 6.328611069389879873e+01 8.316419053869887534e+01 8.886152439854573970e+01 6.874171162544195113e+01 5.709962490883533803e+01 7.724534462509511457e+01 9.241417905730790494e+01 1.004177540191961384e+02 9.212920156552655726e+01 9.444955825136351280e+01 8.639583826917012743e+01 7.913567448295295037e+01 5.955141111121707809e+01 4.549044752968039518e+01 4.171106435690280279e+01 5.673548517853414808e+01 4.564767546567353662e+01 5.459796996375047229e+01 4.347819578428197929e+01
2.351309638313057310e-02 2.002351309638277499e+01 3.301495083394802776e+01 4.129922208141022821e+01 5.129922208141040585e+01 6.112320671489109003e+01 5.284964880552398370e+01 5.284964880552398370e+01 5.870165573553384064e+01 5.622724432237163228e+01 3.624571506998990600e+01 4.209816948114249158e+01 3.027456406204953865e+01 4.741423042104243279e+01 5.015709462859286560e+01 3.649430578025260274e+01 5.034462730919069173e+01 6.905934527966341818e+01 7.989587788830185389e+01 9.135492220172388045e+01 9.714847736854441962e+01 8.436602573111797199e+01 6.422569814417524015e+01 6.985249238088564994e+01 8.409646683535284239e+01 1.041385711737463708e+02 9.754804741898718135e+01 7.823185455486969886e+01 6.696802493189640870e+01 5.996696514454637850e+01 5.332602923483300117e+01 6.528749844608195474e+01 5.673545573470960335e+01 3.686049803730466579e+01 3.411330905028786020e+01 4.630940330467585397e+01 2.685875354714271523e+01
2.372884694381488524e-02 6.348284167280600521e+00 1.301495083394732610e+01 2.301495083394750196e+01 4.301495083394820540e+01 5.284964880552398370e+01 3.286131980426466725e+01 3.286131980426466015e+01 3.871576582414579093e+01 4.710941716775582222e+01 3.883538132694695122e+01 2.211775414903254244e+01 2.476533586395628106e+01 2.743551318807244854e+01 3.017921267668199192e+01 5.015862502435551562e+01 5.921258849045419481e+01 6.685496473148664620e+01 7.519912874525743973e+01 7.692673427429672017e+01 9.703955652161924661e+01 9.265995520485596160e+01 7.325327220094052905e+01 8.996666328682508151e+01 9.825206665591002775e+01 1.042896009324049515e+02 1.056381187627256821e+02 9.444955825190110943e+01 8.639583826917024112e+01 7.300703437615804603e+01 7.300703437615806024e+01 6.396730526031509356e+01 4.416215030726353064e+01 5.673548517853399886e+01 5.039147234785001217e+01 3.036698149929617330e+01 4.685882493729039311e+01
6.296921807001566729e-02 2.006296921806966083e+01 3.301495083394802776e+01 4.129922208141022821e+01 5.129922208141040585e+01 5.230088698682643411e+01 3.871526225668895194e+01 1.872601933137766039e+01 3.422439932295668541e+01 3.607751119319600974e+01 1.885271376435176904e+01 2.270035431076330212e+01 4.268057697066878831e+01 4.741423147307246211e+01 5.015862502435551562e+01 3.542338531862240814e+01 3.926681119460562286e+01 4.682023939732667372e+01 5.682797780359071993e+01 7.692673427429672017e+01 9.666876102588462061e+01 1.016350666632076809e+02 8.749254842942174548e+01 1.016350666632076809e+02 9.845244914140724291e+01 8.434651249863524924e+01 9.845244914140724291e+01 1.031522548888114983e+02 1.005388438150586836e+02 8.504693821177913549e+01 6.556264163802318023e+01 5.413693618067954816e+01 5.413693618067954816e+01 7.206175655610233832e+01 5.915397186548840835e+01 4.037091520644889187e+01 5.915397186518313077e+01
8.175220331382776484e-02 1.422388782704490318e+01 3.422388782704560839e+01 5.275749006052473078e+01 4.991459993220463787e+01 3.819157774031455688e+01 2.406167285910077425e+01 1.240237426131423426e+01 1.423575922990913512e+01 1.609267931823810827e+01 3.607751119319600974e+01 4.268057697066878831e+01 2.846838358263263657e+01 4.259542242598535466e+01 6.257831017367745829e+01 5.540941386027496662e+01 5.925897351313825823e+01 4.612066447333668151e+01 6.611800458449080509e+01 6.843036078975474368e+01 8.256679710139530926e+01 1.025164740025616794e+02 1.075130998975144792e+02 1.010483286866006694e+02 8.953046216157150639e+01 7.023864904911310703e+01 8.953046216157150639e+01 8.320502400829678891e+01 9.682509848136143660e+01 9.311224469995657671e+01 8.186516634696435801e+01 6.556264163802318023e+01 6.809631477165986269e+01 8.186516634696387484e+01 6.942676666573574096e+01 6.070735895731380793e+01 6.942676666528379315e+01
7.631710034972485901e-02 2.007631710034937100e+01 3.275748424112920532e+01 3.275748424112920532e+01 3.577206198193089648e+01 2.162952403155237491e+01 9.921685151853209206e+00 2.991759079050470049e+01 3.422439932295668541e+01 3.428391974404051012e+01 2.677656363215871593e+01 4.675798204525352020e+01 4.844827473959478681e+01 3.478472535104284447e+01 5.476732878165945095e+01 6.989235983309681899e+01 7.439000514003120657e+01 6.026297334948782947e+01 5.428403077811253752e+01 6.428805095999484820e+01 7.843078136031230940e+01 9.838906300622012679e+01 1.093651624329496457e+02 9.278288371266378931e+01 7.283543277479596156e+01 6.131819062574635382e+01 7.276035028631615376e+01 6.909991205125643887e+01 7.687800409192674067e+01 9.682509848136143660e+01 9.311224469995657671e+01 8.504693821177913549e+01 8.756197393368377391e+01 8.970609445501554546e+01 8.135168262526694605e+01 8.028779002108365148e+01 7.195013497260084989e+01
9.124702163186203252e-02 2.009124702163150644e+01 1.275748397504638021e+01 2.411517244378441660e+01 2.548246216201907899e+01 7.487363124181521279e+00 1.006935397047983649e+01 3.002677823379610444e+01 4.079250319848264184e+01 4.948055352831081422e+01 4.675796863752434263e+01 4.090559306758235181e+01 6.088689888743019196e+01 5.476732878165945095e+01 4.163664161748156545e+01 6.162238075025604900e+01 7.841069422429676194e+01 8.025330039963493789e+01 6.843036078975475789e+01 8.254956090692765258e+01 9.253711233968756744e+01 9.473566907337541920e+01 1.011952291607896655e+02 8.129347278054468973e+01 8.494551312186301573e+01 7.276035028631615376e+01 5.286006689405132875e+01 6.060883411572579860e+01 8.053836411294535935e+01 9.103086159500212204e+01 8.275957310744323081e+01 8.534865369894221487e+01 9.362110360767806583e+01 8.135168262526694605e+01 6.131250086891024154e+01 6.718184131591736730e+01 5.192459956738654370e+01
8.187870513261463756e-02 1.418184914694735177e+00 2.757483975059582537e+00 4.115172441663838221e+00 5.482344295713170723e+00 2.548246216201907899e+01 3.008993514281929649e+01 1.381586534993818738e+01 2.356310066840261186e+01 4.252403041600884848e+01 6.031028702094673832e+01 6.088689888743019196e+01 6.915500783307271604e+01 6.989235983309681899e+01 5.577018432814590199e+01 5.015857520798167002e+01 6.429441866016007623e+01 8.426729641015039363e+01 8.840992218326204011e+01 8.904850168424597712e+01 8.888112818402748871e+01 7.473841351889541329e+01 8.888112818402748871e+01 8.426053856847325108e+01 6.500284694880899394e+01 6.790508860055319929e+01 4.812872690314869573e+01 6.209606599406600935e+01 8.202741382436484230e+01 7.951409703255136208e+01 6.282066492923033252e+01 6.540709045742465833e+01 8.534865369894221487e+01 7.874562101988607310e+01 5.871656704507855551e+01 4.717114482422785926e+01 4.114105718600895045e+01
2.239863785106879432e-02 2.002238105071132424e+01 2.275748256058857777e+01 2.410966680482566460e+01 1.125584683873271530e+01 3.123688250783649778e+01 4.215935410340939882e+01 3.384300231614240317e+01 1.781603908727318597e+01 3.194845541882100903e+01 5.044825291495245523e+01 6.463817164858357955e+01 6.366649981931568192e+01 7.202360674253603179e+01 7.575083272218560637e+01 6.429441866016007623e+01 6.280260438467487205e+01 8.277769683884869778e+01 8.764030247068254198e+01 6.907300188447487699e+01 6.907300188447487699e+01 6.063796681903208707e+01 8.059547406568222527e+01 7.606376386309619875e+01 5.613389710884968054e+01 6.404951254625183310e+01 4.435303357426121096e+01 6.404951254625183310e+01 7.139142514582803756e+01 6.313533202660161692e+01 5.137633623051947040e+01 6.282066492923033252e+01 8.275957310744323081e+01 8.709456806521562555e+01 7.550929766196287574e+01 6.718184131591736730e+01 6.114838931077056117e+01
1.991760116496149591e-02 1.156692265918369600e+01 3.156650224897839863e+01 3.755246661353734083e+01 1.758039650976584767e+01 3.755322985213226872e+01 5.416824234585041609e+01 3.413759829440131455e+01 3.781328996406197263e+01 2.212745166518432782e+01 3.625833418131767161e+01 5.294750830093757088e+01 4.361310292256231946e+01 5.517754582423780363e+01 7.526262662814941962e+01 8.426729641015039363e+01 7.693327202167982648e+01 9.103790415807456782e+01 7.935699976910061082e+01 5.943480826041427179e+01 4.923161457222771986e+01 6.907300188447487699e+01 7.411013532346900945e+01 8.244956222848855987e+01 6.609632862860691205e+01 4.644812144623903549e+01 4.078395025286801712e+01 5.606639197149949183e+01 5.637190301103979095e+01 4.341671740963064963e+01 5.730643072758747536e+01 7.720754459641564438e+01 9.103086159500212204e+01 8.530549483593939897e+01 7.526954897336189276e+01 6.693788721752548554e+01 6.026508724987999699e+01
1.766589122093755945e-02 2.001740522922093390e+01 3.983967333672755018e+01 4.580621501178657695e+01 3.171587642869367230e+01 3.171587642869367230e+01 5.165167786032068165e+01 5.416824234585041609e+01 3.844858538793981495e+01 4.212636695828486211e+01 2.690126063752937569e+01 3.292061493001168060e+01 5.294750830093757088e+01 7.202360674253603179e+01 8.364566961133006373e+01 9.595962307315350870e+01 9.688738649672752956e+01 8.446206552424312974e+01 7.449709864262388237e+01 6.309059851767104732e+01 4.340205930947389845e+01 5.993580066886573832e+01 5.406526847551993598e+01 7.411013532346900945e+01 7.441194776916682940e+01 6.369625006355460783e+01 4.176636100010416186e+01 3.655035627617574079e+01 3.687288929243113955e+01 5.637190271812598752e+01 6.552419768803581235e+01 7.378341121509568268e+01 8.374273093763900988e+01 7.695622109930997112e+01 5.691955333574091469e+01 4.691948731458920463e+01 4.025289137952088936e+01
6.490672536223988931e-02 2.006490672536188313e+01 3.822154393242970372e+01 4.650584119606327249e+01 5.165167786032068165e+01 5.165167786032068165e+01 5.989655359487952779e+01 6.684010359382031652e+01 5.849061833173226432e+01 5.108384620407768040e+01 3.106281566757082757e+01 5.108384620407768040e+01 6.128544563829299818e+01 7.110352864483355972e+01 6.740777106022703435e+01 8.754776410935313891e+01 9.030629397023453464e+01 7.033436701588138362e+01 5.627688289912325814e+01 4.647654211814623437e+01 3.866102400209828716e+01 4.025185032952998654e+01 5.989667577733484904e+01 6.158970049176213024e+01 7.013869495851912461e+01 7.569061257831809542e+01 6.247880663465232232e+01 5.201179094489447152e+01 3.265636245106122715e+01 3.896514475417905743e+01 4.575607150687575597e+01 5.557352089037779308e+01 7.547487471430827100e+01 8.530549483593939897e+01 7.526954897336189276e+01 6.693788721752548554e+01 6.026508724987999699e+01
