MOVIE_S12_data/elevation_000617.asc
nrows	50
cellsize	150.0
xllcorner	0
ncols	50
yllcorner	0
NODATA_value	-9999
[rows 17 to 33 of 50, columns 0 to 36 of 50]
5.436832538903087209e-02 1.160137370918164912e+01 2.574350933291285060e+01 4.574350933291355403e+01 5.582823595152350293e+01 6.411305075618867022e+01 5.697614314328237839e+01 4.869269250990850395e+01 2.931072783933478831e+01 4.717601710946665605e+01 3.717598892719439618e+01 4.717598901917212828e+01 6.131813321977413267e+01 8.131848818929496758e+01 8.293500844952755813e+01 8.538195268608079402e+01 9.366779669883216286e+01 9.292589940902732337e+01 8.462978425379479575e+01 9.292589940902732337e+01 7.715200134238025953e+01 5.716667408781232496e+01 6.302024091644296533e+01 5.385217468177624056e+01 3.385974277181549752e+01 5.385217468177624056e+01 6.969623436416426898e+01 5.251118648619237206e+01 6.972273845505590373e+01 7.717496349577074000e+01 7.867694769231279395e+01 7.897332343903525498e+01 9.797252346216647823e+01 8.073573885108045545e+01 6.076600880012084360e+01 5.997296835197877130e+01 5.997296835197877130e+01
9.647730019007895452e-02 2.009647730018972211e+01 3.060874002223183865e+01 3.663896691378797499e+01 4.371003472565927694e+01 5.199430599155992638e+01 6.354131139411016704e+01 5.759524199520455312e+01 4.345286444369440204e+01 4.931075467641502286e+01 5.131812715501046540e+01 6.546085084549019939e+01 7.546117381014333603e+01 7.705516009176450609e+01 6.288549608455371498e+01 7.291025226687608551e+01 8.120535852203487082e+01 8.290485761621600602e+01 6.458211298402471812e+01 8.290485761621600602e+01 8.540324703571664600e+01 7.715200134238020269e+01 7.504455194908956628e+01 5.682232873929863359e+01 3.683514495885471263e+01 5.097951970569828717e+01 7.092811755057233825e+01 7.513906964979020131e+01 8.504322810943268962e+01 9.672487221882516906e+01 9.393193762950772907e+01 8.643489556611500291e+01 8.768534156015279279e+01 8.073573885108045545e+01 6.076600880012084360e+01 4.668889042877195550e+01 4.006464988445377884e+01
9.953738903938927352e-02 5.263515183982633516e+00 1.060874002223116719e+01 1.663896691378654680e+01 2.371003472565214665e+01 3.525704010944507161e+01 5.525704010947070088e+01 6.609532430207781317e+01 6.345295272733043390e+01 6.931096644899794512e+01 7.131831070465574385e+01 7.221426732699185891e+01 6.391291285148883361e+01 6.413299673480378260e+01 4.864438993101112629e+01 5.281551335178627937e+01 7.291025226687608551e+01 7.460594861890963614e+01 5.462104233924263497e+01 7.460594861890963614e+01 8.778900731343647124e+01 8.088442856687559868e+01 6.097180653427014363e+01 4.684057898218182459e+01 4.091047330616684974e+01 4.625222598347146885e+01 5.329580619582391421e+01 6.698842096013095215e+01 8.573866913666698508e+01 9.539538490728561726e+01 8.341142123642697470e+01 6.699794168090821245e+01 7.002121516018598868e+01 7.608297488109735696e+01 7.487579336655316808e+01 6.661500731358202643e+01 5.997296835197877130e+01
3.582433992925927735e-02 2.003582433992890444e+01 3.060874002223183865e+01 3.663896691378797499e+01 4.371003472565927694e+01 5.199430599155992638e+01 6.029965928697032496e+01 4.620658518082572641e+01 6.029965928697032496e+01 6.999008304756837617e+01 7.815931003134859623e+01 6.300349652001972345e+01 4.440796976812160324e+01 4.501937293849556454e+01 3.845432264894316177e+01 5.869996775963500113e+01 6.712855141707373718e+01 6.014494352268503263e+01 4.802943482491249938e+01 5.948601094958511482e+01 7.949878993099449076e+01 8.306040335006287023e+01 6.315055285788275086e+01 6.680407849641534312e+01 4.800155696946671924e+01 4.823386728987635763e+01 6.819048660142406959e+01 6.566718037175751022e+01 8.500952626475432794e+01 8.735398524189623970e+01 6.713201202133728884e+01 5.522143064275167035e+01 5.743572053004620415e+01 5.612492576675865052e+01 6.999331041651858243e+01 6.616323581918906882e+01 6.754067553142930080e+01
8.338298177320474514e-02 1.158628192576709992e+01 2.550599220793398203e+01 4.501311946056124214e+01 5.556434595144441602e+01 4.737309648897336700e+01 5.203186200073335499e+01 3.223153088658812493e+01 5.203186200073335499e+01 5.017553608563424916e+01 6.031456496709962067e+01 5.184065916476835412e+01 3.485294496490798366e+01 3.352643469736043613e+01 3.252924217164641618e+01 5.041792024677502582e+01 4.730024560649300014e+01 4.031800697975279490e+01 6.009219034304361884e+01 6.644373085489145581e+01 8.609665305345367869e+01 9.129205686225677141e+01 7.945204391913286202e+01 5.954652930245857334e+01 6.795958969616593492e+01 5.379557156036266008e+01 7.371519654538711563e+01 7.932440700369114950e+01 9.309654416755297746e+01 8.989761553449024234e+01 6.978920708284235275e+01 6.707387881128131824e+01 4.697449403787765476e+01 4.197077255706219745e+01 5.007996485092827754e+01 4.616090847561581967e+01 4.943322522160872268e+01
1.813270376062421294e-02 2.001813270376026921e+01 3.166072527995029517e+01 3.846767302586547288e+01 4.415458238572797001e+01 2.761624713267348241e+01 3.521587987423260557e+01 2.475153855508758127e+01 4.454804028586937648e+01 3.878000112328660265e+01 4.846131866421433187e+01 3.223510603350042913e+01 4.223263926122523060e+01 2.557525276476236442e+01 2.806980388446956098e+01 3.070271075080346890e+01 3.339783223637402187e+01 3.680241968669365349e+01 4.662060639649013183e+01 6.650668856508124804e+01 7.838880377363574325e+01 8.839774217713021187e+01 8.768559709951635739e+01 7.104417448010765668e+01 8.123332094402637438e+01 6.134223345957983042e+01 6.788894959087896552e+01 8.778100096069560720e+01 1.068686813314148765e+02 9.792461540486488047e+01 8.989761553449024234e+01 7.527923707275185450e+01 6.707387881128131824e+01 5.591244873930449444e+01 3.593161712782489303e+01 3.199472404672450310e+01 2.939903641941010903e+01
2.351309638313057310e-02 1.339305350912428416e+00 2.149797116847790690e+01 1.862906794730153237e+01 2.577534072321338598e+01 1.615691263057625804e+01 1.538229152903880781e+01 3.521587987423260557e+01 4.867025109224296386e+01 2.891403928408679747e+01 3.727315976479135173e+01 2.037240280704908457e+01 2.248829851269211844e+01 4.225245838731608927e+01 3.608451523428173147e+01 5.041792024677499739e+01 5.312848106709265039e+01 5.656841334372716545e+01 4.212663937815236181e+01 5.016661847025197574e+01 6.009790724184337307e+01 7.424776781216343124e+01 9.430364701958289686e+01 8.511120362398774830e+01 8.946686271284134762e+01 7.128758676277320205e+01 8.778100096069560720e+01 9.601152914969729579e+01 1.023908616108659970e+02 9.620456284850052953e+01 7.648940629059902108e+01 7.474207090008181353e+01 6.091583713219655039e+01 4.096142861592128526e+01 3.717533853501883101e+01 5.201945451131891929e+01 4.943322522160658394e+01
2.372884694381488524e-02 1.761874519132170391e+01 3.211412288977201435e+00 4.540406476287660809e+00 5.883720969252665967e+00 7.235769277142773959e+00 2.711967690561543520e+01 3.634157123045323345e+01 4.238777421559709069e+01 3.492620375244839437e+01 1.745774608261650584e+01 3.724700022009847089e+01 4.224778412395343707e+01 4.225245838731609638e+01 5.585437670951984757e+01 5.002073869777749593e+01 6.993802471544360344e+01 6.729133767526730026e+01 4.737576325934846011e+01 5.352844617583951248e+01 6.347931241257686708e+01 7.764279623174142841e+01 9.769919277014024317e+01 1.050031067936267988e+02 9.940943887791087263e+01 9.117905512527947565e+01 9.940943887791087263e+01 1.023908616108659970e+02 8.275379757136737169e+01 8.635726596315657844e+01 7.648940629059902108e+01 5.661906303810118857e+01 4.662050838226667082e+01 6.089356114956468957e+01 5.741625418643101852e+01 6.354245031149081058e+01 5.776857435460961909e+01
6.296921807001566729e-02 1.998671657799432211e+01 2.306533805207100940e+01 1.863531491047901767e+01 2.577534072321036618e+01 2.703934908926892788e+01 9.241521421128322089e+00 2.802173527399461150e+01 3.248761645859560332e+01 1.509371735126982905e+01 3.492971783062467495e+01 2.192065894778724910e+01 4.169472831480678821e+01 5.452734800090313882e+01 7.036075031425686177e+01 6.993802471544360344e+01 7.822635306475531536e+01 7.305928448008374687e+01 5.307853063749027456e+01 7.305928448008374687e+01 8.178487991101403054e+01 9.179652721742681365e+01 1.014326351082161182e+02 1.072884168111588963e+02 9.824365096077637816e+01 8.996019411281412204e+01 9.824365096077637816e+01 1.002450255044700071e+02 8.060476761016818159e+01 6.658059235029546130e+01 5.951243655780503872e+01 5.348091753439084783e+01 6.655423466435013324e+01 7.469548628004922364e+01 6.354263031304790132e+01 4.354179191906888491e+01 3.775938813291650575e+01
8.175220331382776484e-02 1.421845537084265843e+01 3.408692553730313790e+01 3.860619828529407727e+01 3.962878584780812474e+01 2.077652229450709243e+01 2.879185907325715732e+01 1.129478998988032323e+01 1.277084240446878738e+01 3.260945921221479438e+01 4.311365609889767114e+01 4.169472831480678821e+01 2.654074530990093805e+01 4.628522708364239691e+01 5.947703590067857959e+01 6.836238534464018812e+01 7.988664399412215289e+01 8.063339178931067863e+01 6.059418744577958194e+01 7.305928448008374687e+01 9.310450573116676765e+01 9.556826260718989374e+01 8.142349131631513615e+01 8.728403384510843921e+01 8.823746157259341771e+01 6.994187347989210934e+01 8.823746157259341771e+01 9.722632505284690296e+01 9.450149614619640204e+01 7.936515595267297840e+01 7.337933583440128871e+01 6.758884401198632474e+01 8.154976680101248121e+01 7.353766994309862071e+01 5.354759068299714642e+01 6.354263031304790132e+01 4.875223361034502290e+01
7.631710034972485901e-02 2.007631687575367252e+01 3.649764210824863397e+01 4.653568696193085685e+01 4.772834881799331441e+01 3.165030325255176535e+01 3.985932202657305368e+01 2.212329806045192626e+01 3.177814716797362848e+01 1.784420989006019198e+01 3.766248697330615869e+01 5.452734800090313882e+01 4.628522708364239691e+01 3.147737287117311666e+01 4.026444329521068255e+01 5.165809063903596865e+01 7.159723222153377264e+01 8.892066225152370862e+01 8.063339178931067863e+01 7.695139956038094908e+01 9.701637844494096896e+01 8.728403384722621183e+01 6.726674521018479425e+01 8.533610565814987581e+01 7.995103379635312990e+01 5.993554462614908829e+01 7.995103379635312990e+01 7.721552827455521140e+01 9.136177631598476978e+01 9.905304074851655116e+01 9.311692013182964445e+01 8.735881972488618885e+01 8.764910737116471751e+01 6.769252117581436323e+01 6.769252117581436323e+01 7.700092440005923322e+01 6.874321718367426115e+01
9.124702163186203252e-02 8.001386530140100817e+00 1.781270589806835147e+01 3.672856526377766073e+01 5.690345856432465865e+01 4.917710384894903797e+01 4.508340563848869209e+01 4.657692232310625258e+01 3.553052565911472271e+01 2.154890786621080778e+01 4.133909851933321278e+01 5.547349987952406281e+01 5.947703590067842327e+01 5.122117848779878813e+01 3.726940644379732248e+01 5.705589591350178580e+01 7.222755953974935039e+01 8.052114497054255082e+01 9.053504274003819319e+01 9.701637844494096896e+01 9.386988962051923124e+01 7.385639222478855004e+01 5.970593164669796948e+01 6.532334343419906020e+01 7.327920407295179928e+01 5.327525467280555205e+01 7.041982437798175454e+01 6.306450677840296493e+01 8.307655495397085588e+01 9.431698506614063149e+01 1.026294501397081547e+02 9.867542022800448365e+01 9.589067920949356960e+01 8.764910737116471751e+01 8.764910737116471751e+01 8.430196774133129622e+01 7.602065107721364257e+01
8.187870513261463756e-02 1.422401432886369044e+01 3.422401432886439210e+01 4.653643834143792901e+01 4.718464659715627363e+01 5.546866824539107910e+01 6.684838725291790240e+01 6.364572852082270060e+01 4.960967336894637469e+01 4.133909851933321278e+01 2.740100870206580552e+01 4.134760838752553980e+01 6.123706530085861743e+01 6.367686360547406110e+01 4.381396052955722098e+01 4.529215199251926549e+01 5.227051481737755267e+01 6.221146266436154093e+01 8.224365641513708169e+01 9.803576020912595368e+01 8.986654270652645948e+01 8.800436406362608466e+01 7.118494577932035838e+01 5.118567110164831035e+01 6.388224319632364256e+01 4.725616908976809327e+01 5.042239833591325038e+01 6.455846986797233455e+01 8.457038593001472293e+01 7.422973877565956968e+01 9.103531652566826438e+01 7.859074875743421273e+01 9.278865018454969515e+01 9.006926277786182311e+01 8.007313948102276413e+01 7.179260618226020085e+01 5.602189865193847851e+01
2.239863785106879432e-02 2.002239863785071350e+01 2.845409185553948461e+01 3.304252780481593277e+01 2.718467040033716131e+01 4.718464659715627363e+01 5.595691445644983020e+01 6.595677830372916617e+01 6.123706530085862454e+01 4.134760838752553980e+01 4.717309544332312754e+01 3.485108079524081148e+01 5.467250532571694066e+01 7.121660795642281983e+01 5.126831945480831365e+01 6.517167871193325368e+01 6.517167871193326789e+01 8.052114497054255082e+01 9.053504274003819319e+01 8.655713467531342076e+01 6.991898470280315792e+01 8.655713467531342076e+01 7.802847811992616300e+01 5.802268083445155611e+01 4.389501267249372063e+01 4.149291255707153425e+01 6.147670357710948963e+01 7.870685266325131124e+01 8.207427025852899760e+01 6.269800010335838891e+01 7.791715265680761604e+01 6.444106544803628367e+01 8.276626548582522958e+01 8.178925586174523232e+01 6.179595650277504859e+01 5.178940977494771403e+01 4.546080718691378308e+01
1.991760116496149591e-02 4.190205882306440088e+00 8.454220209418613408e+00 1.304253488682980944e+01 2.011360269869516060e+01 2.767289215887170428e+01 3.767289215431553373e+01 5.767285693943424718e+01 6.959939137163293310e+01 6.123706530085862454e+01 6.042315818324144772e+01 4.052609545716137518e+01 6.042315818324144772e+01 7.951009269851672911e+01 6.274973772240147696e+01 7.951009269851672911e+01 8.518244662856317007e+01 9.085576776227037499e+01 8.194727758280028240e+01 7.372440108328088115e+01 5.836989319318866620e+01 7.834981472340110997e+01 7.181394200191897426e+01 6.155903975965544817e+01 5.327555054632676246e+01 3.741549586051473142e+01 5.154046211594094018e+01 7.153774038829716631e+01 7.376567275206807039e+01 5.384228702433112090e+01 5.795811231932752605e+01 5.452681605307713397e+01 7.445723914064828364e+01 9.006926277786182311e+01 7.179260618226020085e+01 7.179260618226020085e+01 6.546704006917966012e+01
1.766589122093755945e-02 2.001766589122058093e+01 2.845421475213014872e+01 3.304252780481593277e+01 2.718467040033716131e+01 4.718464659715627363e+01 5.595691445644983020e+01 6.595677830372916617e+01 7.145235798271711758e+01 7.363987684743131013e+01 6.882157921916005705e+01 5.452988170911803678e+01 5.193756401203152251e+01 7.208480585784275263e+01 8.278256778664227511e+01 9.107302721361972431e+01 9.673175010646157546e+01 7.682527803226201968e+01 6.268464828190249705e+01 5.374500026404277975e+01 5.081816499109674368e+01 6.016935013723676207e+01 5.182890519196958223e+01 4.353946531372694295e+01 3.329520563001091205e+01 5.327555054643943322e+01 6.568215599855710707e+01 7.269348509912646250e+01 6.440004661672439568e+01 5.804470199111627693e+01 4.394220055311471640e+01 5.196226188000608204e+01 6.597717225911350170e+01 8.606393279585650191e+01 9.178145668432291870e+01 8.405915122417918894e+01 6.406486517661682001e+01
6.490672536223988931e-02 2.006490672536188313e+01 2.821719049446396355e+01 4.821719049476089225e+01 4.718464659715627363e+01 5.546866824539107910e+01 6.190159149011024908e+01 6.559446309893201033e+01 5.145319309681555353e+01 5.364093949113578219e+01 7.363987684743131013e+01 7.465078617388437010e+01 7.208480585784275263e+01 6.837179582994660620e+01 8.914321724713944661e+01 9.341932273051918401e+01 8.514345253496482258e+01 9.085576776227037499e+01 7.785563183832320533e+01 5.788561947192213353e+01 4.375815042626103235e+01 5.182468894925734304e+01 3.184474077242714074e+01 2.941867144478690932e+01 4.939422523803546028e+01 5.327555054649430843e+01 7.327200443774140126e+01 6.118852174771495811e+01 4.451219529964926380e+01 3.818825841432694546e+01 4.555047179490656362e+01 6.616324628858262713e+01 6.817390576092459753e+01 8.826368101398776389e+01 9.104301375627154869e+01 7.105316384178732392e+01 6.406486517661682001e+01
