MOVIE_S12_data/elevation_000149.asc
nrows	50
cellsize	150.0
xllcorner	0
ncols	50
yllcorner	0
NODATA_value	-9999
[rows 17 to 33 of 50, columns 0 to 36 of 50]
5.436832538903087209e-02 2.005436832538867620e+01 3.333175223177040181e+01 3.333175208240462695e+01 3.810963477717729120e+01 2.142875865717232386e+01 2.609711674391981617e+01 3.408543328793354732e+01 1.734969005824037325e+01 2.249685161311026249e+01 4.238801850712702191e+01 3.689773319224655523e+01 5.151905053392128053e+01 4.786589006086001064e+01 6.276969875520762088e+01 5.692732764611078977e+01 7.687443032320592806e+01 9.235126093922592361e+01 8.075916098347342142e+01 6.573298307574196997e+01 4.553067593186026585e+01 5.809722870253418847e+01 5.410737861410143523e+01 3.384650590350515387e+01 4.971872130325846939e+01 3.460934025034428885e+01 5.539400626343092426e+01 7.006249318151125749e+01 7.159069848775216371e+01 6.560904425693568953e+01 8.603168925721594462e+01 8.017785024382547476e+01 6.014152404178620515e+01 6.750576489571442096e+01 4.986007867625362877e+01 6.641372187132320448e+01 7.447119060371997534e+01
9.647730019007895452e-02 1.423861292392115452e+01 3.423861292392185618e+01 5.333517384221713797e+01 4.961773942641650592e+01 4.136207472665131490e+01 4.602274730714595563e+01 4.458427820966080901e+01 2.596941118213544186e+01 2.108535191480897808e+01 2.399017823956928197e+01 2.695872214468637296e+01 3.165110389233974075e+01 3.716164863769497373e+01 4.288459268994334650e+01 5.175270053916376156e+01 6.583161495074213576e+01 8.580825562527387262e+01 8.582187806182028567e+01 6.573298307574198418e+01 5.197673733264328177e+01 7.209490689177376055e+01 5.825935771442106414e+01 3.744471628550488163e+01 5.825935771442106414e+01 4.940549069129184545e+01 4.099432260407964890e+01 5.567636727840861255e+01 7.605827101660044320e+01 8.603168925721594462e+01 9.429838484719508074e+01 7.907375140345175168e+01 5.903741103077945951e+01 4.746214924592334938e+01 4.166415398378840962e+01 4.672205561791833617e+01 6.330381477989548955e+01
9.953738903938927352e-02 2.009953738903903542e+01 3.239060654967033059e+01 3.946167436035931075e+01 4.774594479130657732e+01 5.669021632214901985e+01 6.083118937283143879e+01 4.127659926134524682e+01 4.486493340535982810e+01 2.772120003895581419e+01 4.387298149932844638e+01 4.683613060115993676e+01 3.309928177229946300e+01 3.860691836190027715e+01 5.847922478686534475e+01 7.104131911636810059e+01 7.168263753898557411e+01 9.166533550274228048e+01 8.368138143391217909e+01 6.361301884632516845e+01 6.621681594263903037e+01 6.500359999047608994e+01 4.436670035806464796e+01 4.341529488310907681e+01 6.415643557481578796e+01 6.985156177617163564e+01 6.054165801065909847e+01 4.820139462345134973e+01 5.854080771083301471e+01 7.304873430145626401e+01 9.349994792495256490e+01 8.736862399918382494e+01 7.580245473806508016e+01 6.750576489571442096e+01 5.520640566303737273e+01 3.514192265180597730e+01 4.953131286372509123e+01
3.582433992925927735e-02 6.066051231484506978e+00 1.239060655182121096e+01 1.946167436368656212e+01 2.840594627368556147e+01 4.254808189741238778e+01 6.254808187687606846e+01 6.083118937283143879e+01 5.462015473154844614e+01 3.474984103452982964e+01 5.462015473150110267e+01 5.296763865018050410e+01 4.713723764342497446e+01 4.931347255610961611e+01 4.706096794956654605e+01 5.699177999060690780e+01 6.849706586288087351e+01 8.848004439332575544e+01 9.200783219481012054e+01 7.519989978090956129e+01 8.628587378203752678e+01 7.002441175998815481e+01 4.949188622397851844e+01 5.061662485857387139e+01 6.415643557481578796e+01 8.443354836286812315e+01 7.540399281202626014e+01 5.476725221136513255e+01 6.878978189955834921e+01 8.749238078894079251e+01 9.329133539026170752e+01 8.499902107726430245e+01 8.311250731825610671e+01 7.481404318636731432e+01 6.246333708211601277e+01 4.953131286373961473e+01 2.945404456869024301e+01
8.338298177320474514e-02 2.008338298177284997e+01 2.751194770094382847e+01 3.151216288020437872e+01 3.979889108545877718e+01 5.669021632214901985e+01 6.337701710988475412e+01 6.637365443313346702e+01 6.288184595891599571e+01 4.620793780873630396e+01 6.288184595891599571e+01 7.289108670905990550e+01 6.704347183671015387e+01 6.338087617011385788e+01 6.112082110672412938e+01 6.112082110672412227e+01 8.108202776096376851e+01 9.676429042834291749e+01 1.036035902866385925e+02 9.526730083364553536e+01 8.974263803677382612e+01 6.940738297859320483e+01 5.487805591593019727e+01 7.131178043094256225e+01 6.221339391261816587e+01 8.292659442421545180e+01 8.353445171759611299e+01 6.216230643123363109e+01 8.353445171759611299e+01 9.769680849071009732e+01 8.499902107726430245e+01 6.493581865534355302e+01 7.081219459240575986e+01 5.470790443646661316e+01 5.416270102635550643e+01 3.406818397662751607e+01 4.953131286373961473e+01
1.813270376062421294e-02 3.732039467301669244e+00 7.511684197393957874e+00 1.151168419739400584e+01 3.151216288020437162e+01 4.338213531640086273e+01 4.338213531640086273e+01 4.637919768069846782e+01 6.637365443313346702e+01 6.611145675025522905e+01 7.438514098614675163e+01 7.350947858394215473e+01 8.176003726378438330e+01 8.334015367415003084e+01 8.108202776096376851e+01 8.108202776096376851e+01 8.936430056066630812e+01 9.540688071204209564e+01 8.715724292415839614e+01 9.540688071204209564e+01 9.566501839850248246e+01 7.536344128797624364e+01 6.141456634269272996e+01 8.195175674292688939e+01 7.337656156349568448e+01 9.130469106602939178e+01 9.259394495894133570e+01 7.473600232132602628e+01 9.259394495894133570e+01 9.493715881365088194e+01 8.588056239273682024e+01 7.081219459240575986e+01 5.068745650499314337e+01 4.305801574665412801e+01 3.918085059698398709e+01 4.568208479792971133e+01 6.246333708134626050e+01
2.351309638313057310e-02 2.002350968654909735e+01 2.751180572796418744e+01 3.151216225976084573e+01 1.783623951946822572e+01 2.338324149207538127e+01 3.004990823467664640e+01 4.159684310688062681e+01 6.159308380997524068e+01 7.438867804759512126e+01 6.613909269622833165e+01 5.360403845755661933e+01 6.613909269622833165e+01 7.438867804759512126e+01 8.048675382493190966e+01 7.223728901862334340e+01 8.048675382493190966e+01 8.549447882528879461e+01 6.737037434416376414e+01 8.549447882528879461e+01 9.468600909314091041e+01 9.032621764667597120e+01 6.939380997625184477e+01 9.032621764667597120e+01 9.153126914692327887e+01 1.028482650841836374e+02 1.056583147484261644e+02 9.749263328995108679e+01 1.008645744262400683e+02 8.070793190459617961e+01 6.629771123765965513e+01 5.713946466546698844e+01 5.070463942565166349e+01 5.731974872830229373e+01 5.081290775387463299e+01 6.574743823413159305e+01 7.404068860651801742e+01
2.372884694381488524e-02 1.416585396873939118e+01 3.416439971175697110e+01 4.612361960285871731e+01 3.197847390391794065e+01 3.416728579658802545e+01 5.004824885726300465e+01 5.832914361728153807e+01 6.987272341404023734e+01 6.613909269622833165e+01 4.621979791010602412e+01 4.209098118437933067e+01 4.621979791010602412e+01 6.613909269622833165e+01 7.053064015624072169e+01 5.232661186734963366e+01 7.053064015624072169e+01 7.726380863416110856e+01 5.748207553486708576e+01 6.663608523463392430e+01 8.643857506742226349e+01 9.910465279548070328e+01 8.211313149824985658e+01 9.910465279548070328e+01 1.131167992670916078e+02 1.059208483986477773e+02 9.750927983621177475e+01 9.807961139109248450e+01 1.058906947830408285e+02 9.493715903628455521e+01 8.588056429449741813e+01 7.290501391860270530e+01 6.242852709784361309e+01 7.741584334698556802e+01 7.090034937295760642e+01 7.919650875584220273e+01 7.890182912804168325e+01
6.296921807001566729e-02 2.006273459664586056e+01 3.652816301947465405e+01 4.808134838411813661e+01 5.198179753898638467e+01 5.418750591516275250e+01 6.252218650852911708e+01 6.370353835126596209e+01 7.186442796122294396e+01 6.970672666799343631e+01 5.205402427650740549e+01 3.214509042254523763e+01 5.205402427650740549e+01 4.857515806106982836e+01 5.162147565153736650e+01 4.233802831801490640e+01 5.857448595580801509e+01 6.248708161620588442e+01 5.042751337106272302e+01 7.026990982509452977e+01 8.514155272032245136e+01 9.510662653904540775e+01 1.038953417264060164e+02 1.117308170062157444e+02 9.776433862104568107e+01 9.539844578039351575e+01 7.998730748853655825e+01 7.989399374351405925e+01 9.514634275630729121e+01 1.039077914707304870e+02 1.034498446744225078e+02 9.092572360468867032e+01 8.261675477551200686e+01 8.598649213488354803e+01 7.781751987312574670e+01 7.078665929054510286e+01 6.477934165131601674e+01
8.175220331382776484e-02 8.246718012694072897e+00 1.979372368245038416e+01 3.979406647644445627e+01 5.356174017388406838e+01 4.775756272047402717e+01 5.353319144454584233e+01 4.375214824331017383e+01 6.040250988252046227e+01 4.748263197920275047e+01 4.526786748693756834e+01 2.703891032011892648e+01 4.436424333396102071e+01 2.860103681359662531e+01 3.164543317683421719e+01 3.507628066430165603e+01 3.861609124518508196e+01 4.255053435610393109e+01 4.936187478608134427e+01 5.671648065467356759e+01 6.692114412839922011e+01 8.102733746287920269e+01 1.009113847582934795e+02 1.072198606768606766e+02 9.001012025889849610e+01 7.797745173491649950e+01 6.921428965516450660e+01 6.893381003099429449e+01 7.768519923877683198e+01 9.024973931059201959e+01 8.906601518002230478e+01 1.065099651520146864e+02 8.924722661764376141e+01 6.945039382052581800e+01 5.793124309104597813e+01 5.086264068473863631e+01 4.483287048865791036e+01
7.631710034972485901e-02 2.007631710034937100e+01 3.653282026836616581e+01 3.899722498434378082e+01 3.358481474204553052e+01 2.773096467145755284e+01 3.358114314849792237e+01 3.220634939957884058e+01 5.218675906732408265e+01 4.554668621533777895e+01 2.522400601772608297e+01 2.208044167220517195e+01 2.439877798106616780e+01 2.838494823334178463e+01 4.835906705090860669e+01 5.504630689543574107e+01 5.667269562727446441e+01 5.120175601593542325e+01 5.901969172567717692e+01 7.655492276985646072e+01 8.514155350415236967e+01 9.359329264579561425e+01 1.017622508406373072e+02 1.006638767796643918e+02 8.900970780470515820e+01 8.057637180164027768e+01 7.951969469567711712e+01 6.036309051733812936e+01 6.417156510548609560e+01 7.140424412148067290e+01 8.476699829958644727e+01 1.034862470183408334e+02 9.739471243908981535e+01 8.598649213488354803e+01 7.781751987312574670e+01 7.078665929054510286e+01 6.477934165131601674e+01
9.124702163186203252e-02 2.009124684256547866e+01 2.344132279215281400e+01 1.898805650473617490e+01 2.628040527036408847e+01 1.358842333609943331e+01 2.065949021362624549e+01 4.065221755542738435e+01 3.453284529752868082e+01 3.626172987548553550e+01 1.911881947468992138e+01 3.910201804188775299e+01 3.852028574067139743e+01 4.835906705090857827e+01 3.441087398114561324e+01 5.437997864947357840e+01 6.946987172769472352e+01 7.228185686840051005e+01 7.623933424425128180e+01 8.509842172102491986e+01 8.946107906527880971e+01 7.377955538070503394e+01 9.033836325654895916e+01 9.213194030296580195e+01 7.211710854724837816e+01 6.079221062782517038e+01 6.965958336270936968e+01 5.555280846065225830e+01 7.487605628185455942e+01 9.024973931059201959e+01 9.316784747140631850e+01 9.316784747140631850e+01 1.013330206994334048e+02 8.981288895400720662e+01 8.165158172063462416e+01 8.023778529238296642e+01 7.204961586639358018e+01
8.187870513261463756e-02 2.007940166027222162e+01 3.420883494902640543e+00 4.845824494660827320e+00 6.285455996158209935e+00 2.627616045751100060e+01 2.995775091738418894e+01 3.154495124277917029e+01 1.430548470044199938e+01 1.627614325676757900e+01 3.626172987548553550e+01 4.736232195540453915e+01 5.847280501359073668e+01 5.437997864947148230e+01 5.437997864947357840e+01 4.127455463514024814e+01 6.122184165066686035e+01 7.796136440173509641e+01 8.791067119244998196e+01 8.946107906527880971e+01 6.962234679124165382e+01 6.227293652718164907e+01 8.146329605961200571e+01 9.547777238559433499e+01 8.900970780470515820e+01 7.014912014158878151e+01 5.036713296311444310e+01 6.525533968842587740e+01 7.337960202992032066e+01 8.736181286673902946e+01 7.339060503404473934e+01 7.339060503404473934e+01 9.316784747140631850e+01 8.165158172063462416e+01 6.177888750903935744e+01 6.759946488316893465e+01 5.209657335780988774e+01
2.239863785106879432e-02 1.415864666434302643e+00 1.036007235777744562e+01 2.484083175104712637e+01 2.628528561780301587e+01 8.429681065833781517e+00 9.959119291637513527e+00 1.154522246307378808e+01 1.434578263112794794e+01 3.431282974660045682e+01 4.452374314617526352e+01 5.472324980983334086e+01 6.464254978454654577e+01 7.429873102951617625e+01 6.122184165066663297e+01 6.122184165066685324e+01 4.979826948468956260e+01 5.976978199317029095e+01 7.965800069766007141e+01 8.684314740752540729e+01 7.326282199358358582e+01 5.335213616926309754e+01 6.744872385546776172e+01 8.684314742402406750e+01 8.953567221287684674e+01 6.990894030508368928e+01 6.561360798382453652e+01 4.599630599036126455e+01 6.561360798382453652e+01 7.031736940216148923e+01 5.935856891927936374e+01 7.339060503404473934e+01 9.316784747140631850e+01 7.908771253476764684e+01 5.918948389340006599e+01 4.759246499502942385e+01 4.089769081040664389e+01
1.991760116496149591e-02 2.001991760116460739e+01 2.958608113949652463e+01 2.449020238315790010e+01 3.667500041449124382e+01 2.843316472061982125e+01 1.628367458244390775e+01 3.154495124277917029e+01 3.431282970811167132e+01 1.842826550277075626e+01 2.659287166811107284e+01 3.658653268941251469e+01 5.066903967683209942e+01 7.044227893478502267e+01 8.112569714044265368e+01 7.796136439734615919e+01 6.130846847024996293e+01 7.796136440173509641e+01 8.791067119244998196e+01 7.865013089175947414e+01 5.876826934575802142e+01 4.782027319185353065e+01 5.876826934575803563e+01 7.865013089177222128e+01 8.759394455227128162e+01 6.826641345895843926e+01 5.440510589906175198e+01 4.306422973273537735e+01 6.273239124037681336e+01 5.049543293404809674e+01 6.194180255148935288e+01 7.596968077353959359e+01 9.573430947060069229e+01 8.725261108677901234e+01 7.502734657257754236e+01 5.509134380012759635e+01 6.093046489874032545e+01
1.766589122093755945e-02 1.415352553386306056e+01 3.404927906679541394e+01 4.421601198650003539e+01 4.428800987929771793e+01 4.294947632022282136e+01 2.295034075227910009e+01 4.294947632012123506e+01 4.660270510418092726e+01 2.997161905887486455e+01 2.307816921517536457e+01 4.302422469387042980e+01 5.628224501886412412e+01 7.488006719577575154e+01 6.671480533378310440e+01 7.488006721955899536e+01 8.119591252244185853e+01 8.945016314284153225e+01 9.009129615753100495e+01 7.648213263845109111e+01 5.659054741102168151e+01 4.248748459341569372e+01 6.241665880560079671e+01 6.887972335332271712e+01 7.708724758133426747e+01 7.716373173392246088e+01 5.998959746257160219e+01 4.027177770170813886e+01 4.326425432602447074e+01 6.307942157748151146e+01 7.323623497642371660e+01 7.495222636665253901e+01 9.472001632552053252e+01 9.245255807209983345e+01 8.320503845233449169e+01 7.502734657257754236e+01 7.406403654749534837e+01
6.490672536223988931e-02 2.006490672536188313e+01 3.746611408694650436e+01 4.918713173976243525e+01 6.367588562764174753e+01 5.123204626437927089e+01 3.709230200058811988e+01 3.927991493584133309e+01 5.807646401662680802e+01 4.988229524825479899e+01 3.307532621704227438e+01 2.815814283279296149e+01 4.808587329220988238e+01 5.827305281956810035e+01 4.691714081716273199e+01 6.671480533378071698e+01 8.625767415020476392e+01 9.762295746588992529e+01 8.190136112011509795e+01 6.203184741579590877e+01 5.834863288336407550e+01 3.841346200191421190e+01 5.281962757968602773e+01 4.896744426970064978e+01 6.560738594404578805e+01 6.885935722989668761e+01 4.894181784259437507e+01 3.752594658853143272e+01 3.845545982589855072e+01 4.522628637498883108e+01 5.513640853415599707e+01 7.495222636665252480e+01 8.660114651818793163e+01 7.247353573962335815e+01 8.660114651818793163e+01 7.990681641879861274e+01 6.003843316046267375e+01
