MOVIE_S12_data/elevation_000664.asc
nrows	50
cellsize	150.0
xllcorner	0
ncols	50
yllcorner	0
NODATA_value	-9999
[rows 0 to 16 of 50, columns 0 to 36 of 50]
8.271705653423140625e-02 2.127631151761726416e-02 9.425194436011796739e-02 4.939197167322698090e-02 3.975871534419905817e-02 6.171646774684565184e-02 1.696294146011132625e-02 1.936121709489252440e-02 4.216450047424835645e-02 2.297044857093000214e-02 6.704298068806634203e-02 4.162315340452049650e-02 3.835349583220235004e-02 2.777463300387698203e-02 2.207885817162396139e-02 7.161913568127860341e-02 9.025521335945362045e-02 3.502399586135773735e-02 8.040414306008919487e-02 3.131346976591601466e-02 7.604099264847130613e-02 2.387740603804927586e-02 5.687112022313325910e-02 4.074439634684711570e-02 8.709178300582484655e-02 7.612946965408906586e-02 1.077918208624280109e-02 9.929772718869623455e-03 4.600412614040166881e-02 2.152795518990661267e-02 2.378824418737431057e-02 9.511189423522797837e-02 9.406546861214974686e-02 1.749038473908382007e-03 2.223905489293687143e-03 6.269637160239108220e-02 9.476101746191394060e-02
7.639902522890137937e-02 2.002127631151726206e+01 2.009425194435976181e+01 1.419152759540430253e+01 2.003975871534384368e+01 6.728383134413540745e+00 1.001696294146019817e+01 2.001936121709453786e+01 1.004216450047433540e+01 2.002297044857057529e+01 1.420917860441914193e+01 2.004162315340416356e+01 3.630459536367693030e+00 3.113841632245708979e+00 2.002207885817126964e+01 2.007161913568092260e+01 4.454613018079283115e+00 2.003502399586100324e+01 2.008040414305973442e+01 8.196279279043247712e+00 2.007604099264811737e+01 2.002387740590341636e+01 2.004677568836433110e+01 1.313313922298404046e+00 2.008709178292701480e+01 1.421826509338491462e+01 2.001077918208588713e+01 8.954201682718105459e+00 2.004600412614004767e+01 5.568529917442173627e+00 2.002378824418702052e+01 1.423724751796630272e+01 2.009406546861179521e+01 2.142075551811776890e+00 2.000222390548893969e+01 1.175292223768624744e+01 2.009476101746155763e+01
7.813061968023242432e-02 1.422026624341130763e+01 3.422026624341201284e+01 3.419152759540500597e+01 3.379945094627836966e+01 1.379945094627907842e+01 3.001696294146055521e+01 3.001696294146055521e+01 2.418430012420553865e+01 3.832643574793522845e+01 3.420917860442241221e+01 2.728194325306843027e+01 7.281943253068784649e+00 6.237316870017817649e+00 2.623731687001817292e+01 2.892674897307846749e+01 8.926748973078822758e+00 2.892674897307846749e+01 3.648055052650614982e+01 2.233841490277444919e+01 2.819627927904360476e+01 3.413656748230868487e+01 1.413547738718218838e+01 2.588467348425083081e+00 2.258846881854504574e+01 3.421826509325341448e+01 3.723847292273788412e+01 2.050120706651082614e+01 3.134203260933802682e+01 1.134203260933838209e+01 3.134203260933802682e+01 3.423724751796700616e+01 2.430328053730909943e+01 4.334758248232613020e+00 4.897053749220812158e+00 3.133294700466296234e+01 3.989575145328529970e+01
1.795629399984677299e-03 1.414402443317677616e+01 3.415078896001162434e+01 5.363328009378097505e+01 4.208372219374198409e+01 2.379945094627925428e+01 4.208372219374198409e+01 5.001696294146125865e+01 4.418430012420624564e+01 4.703975192955971352e+01 3.272525379258620148e+01 1.272525379258691203e+01 2.728194325306843027e+01 9.439879946119532406e+00 2.943987994611988768e+01 3.377746147380472763e+01 1.377746147380543995e+01 2.791959709753614050e+01 4.791959709753542995e+01 4.233841490277515618e+01 4.819627927904431175e+01 4.242560123354100199e+01 2.387678217249521850e+01 3.876780601226747169e+00 1.801891633970764062e+01 3.801892131321194768e+01 4.878547833487243679e+01 4.050120706653527236e+01 3.800869927600422216e+01 1.800869927600493270e+01 3.800869927600422216e+01 2.758267543774182684e+01 7.572094207318623482e+00 2.427909603100766489e+01 1.486593596229921488e+01 2.895422157055478607e+01 4.913555972428335394e+01
2.526786264046545702e-02 2.002424985447483152e+01 2.542782043375896706e+01 3.902850206950579803e+01 4.734579123776338605e+01 3.794158657001070623e+01 5.208372219374215462e+01 6.265069050384497018e+01 5.370641859541085239e+01 3.875548068414136793e+01 1.875548068414207847e+01 2.427225917637922237e+01 3.272785969222735503e+01 1.272785969222664981e+01 3.272785969222735503e+01 4.206173272126633123e+01 2.377746147380526409e+01 2.377746147380526409e+01 3.791959709753571417e+01 5.791959709753500363e+01 5.097182830173603918e+01 4.217915185211511897e+01 2.517592188672031739e+01 5.175920206150014025e+00 2.517592188672031739e+01 3.706288455988608632e+01 3.708800025823424562e+01 5.695895809932488163e+01 4.629297052346582575e+01 2.800869927600475506e+01 4.629297052346582575e+01 2.990928912949414098e+01 9.909737689295798901e+00 2.990440906367014762e+01 3.492200660383004873e+01 3.132181998871155670e+01 5.135319695951473307e+01
8.483503398980346555e-02 5.430059872238259366e+00 1.146028676378576527e+01 1.901958215917874284e+01 3.056750807629941846e+01 5.059653912167075163e+01 6.622585781747059741e+01 5.436641926080618958e+01 3.436641926080746856e+01 2.542214735080862908e+01 3.875548068414136793e+01 3.841439480010967600e+01 3.615783139507747279e+01 1.615783139507676935e+01 3.615783139507747279e+01 5.206173272126616069e+01 3.791959709753571417e+01 3.791959709753571417e+01 4.010739309235921013e+01 6.010739309235849959e+01 4.273977781702830470e+01 2.304951955578215461e+01 1.817570896913276712e+01 6.483361112729843612e+00 1.182330350719575485e+01 1.755466476305333501e+01 3.129942970879412556e+01 5.106284578544656938e+01 5.629297052346564811e+01 4.215083489973520869e+01 4.644173251125979363e+01 2.644203021395192366e+01 1.229991202623680557e+01 3.229980739491657715e+01 4.435544681383664312e+01 5.133654981581425858e+01 5.644852313173583269e+01
4.163169627051844027e-03 2.000349304745371981e+01 3.146006006240949660e+01 3.146047913847959876e+01 4.735028902529769823e+01 5.892869517308700011e+01 7.436641926077197695e+01 5.436641926080615406e+01 5.145237424236292156e+01 3.145237424236379553e+01 5.145237424236292156e+01 5.841439480010735963e+01 3.974993743561291382e+01 1.974993743561220683e+01 3.389207305934365877e+01 5.389207305934436221e+01 5.791959709753500363e+01 5.791959709753500363e+01 6.010739309235849959e+01 5.409999130835476677e+01 3.410277878669139540e+01 1.995792416162770166e+01 8.403693208775907308e+00 2.648665941608659224e+01 3.143204371451180279e+01 3.706288455988615027e+01 2.983821658357309659e+01 4.108705851814845289e+01 6.114144533390937397e+01 6.215083489973449815e+01 5.229879266106677704e+01 3.229977701661135825e+01 1.862445159333867650e+01 1.614889819746499455e+01 3.029105589916822794e+01 5.029199305990899660e+01 5.644852313173583269e+01
2.434392073152260791e-02 2.002434392073116598e+01 2.822401057393238588e+01 4.822584518047823821e+01 5.975822068526537834e+01 6.284902995171891149e+01 7.113498840694046521e+01 6.559450986609098777e+01 4.559450986609424206e+01 4.299937962615589981e+01 5.973664548638728888e+01 5.774107485394179662e+01 3.774107485394109318e+01 2.359893923020964479e+01 3.774107485394109318e+01 5.774107485394179662e+01 7.697564884226744653e+01 6.702582749603742229e+01 5.878283154597993132e+01 5.213705053488033059e+01 4.637524453957180981e+01 3.008424959197201431e+01 1.284527850815516281e+01 1.029993578172096669e+01 3.569858226506111976e+01 2.588570384442209971e+01 4.588782722321207785e+01 5.789706198782942437e+01 6.949424889679237083e+01 6.276542192580519952e+01 4.276657244592630036e+01 2.862445279669770670e+01 3.862427631969517705e+01 1.897732498414561775e+01 3.897723695863708571e+01 5.197496719584016489e+01 6.473066142390403854e+01
5.883922493566802470e-02 8.223805034315144979e+00 2.236594606371123106e+01 4.236664180404216040e+01 4.870499037303399348e+01 4.284633735280092282e+01 6.284902995171891149e+01 7.387878110667935516e+01 6.559450986609098777e+01 6.299937962615381082e+01 7.128365086780729598e+01 5.188321047767254157e+01 3.774107485394109318e+01 2.831298443811988008e+01 4.245512006185133203e+01 6.245512006185203546e+01 6.873235883174770322e+01 4.883330426021209547e+01 3.884548851268125702e+01 3.217756908042178310e+01 2.638526765772305893e+01 3.815717239156105478e+01 3.003258862900881354e+01 1.162586304118497971e+01 1.693010370761111716e+01 3.694655061016560182e+01 3.588778815477071760e+01 5.003040317444303753e+01 7.002933114854936036e+01 6.276542192587803726e+01 4.276657244592630747e+01 4.862409984267512897e+01 4.475088790845610021e+01 2.475082767649456628e+01 2.369137018619003499e+01 3.783360297956275531e+01 5.783976829076885195e+01
2.016265153036126551e-02 2.002016265153000774e+01 3.651098979055233684e+01 3.927632911608925781e+01 2.870377943614450800e+01 4.284633735280092992e+01 6.284902995171880491e+01 6.446608119799375913e+01 5.926658856652188234e+01 6.755293208696227225e+01 8.016748172698440555e+01 6.602534610232793000e+01 4.831298443812058707e+01 3.463753975845641975e+01 4.464291605667497720e+01 6.464291605667639828e+01 7.697564884226744653e+01 6.702582749603742229e+01 5.878283154597993132e+01 5.213705053488033059e+01 3.881974346196332704e+01 1.871268400979396418e+01 1.366647645934592781e+01 3.115437313628585159e+01 3.692337446922473276e+01 4.526952075650410734e+01 5.588795356159742767e+01 5.003040317444303753e+01 7.002933114854936036e+01 7.104460315523837721e+01 6.276542192587803726e+01 5.417902833664027895e+01 3.417892224439612647e+01 4.475088790845610021e+01 2.722690409316705384e+01 3.722691171688258294e+01 4.877399190602609025e+01
1.256007409845548775e-02 2.001256007409810067e+01 3.143142506039640338e+01 1.927566968496873656e+01 3.927632911608925781e+01 5.699066287958496702e+01 5.860680551795723403e+01 4.446137886293124808e+01 3.926279589275905124e+01 5.926658856652188234e+01 7.910314714799500280e+01 7.659725568747658997e+01 6.130420642512355300e+01 4.130420642512284957e+01 6.130420642512355300e+01 7.292718730544996220e+01 7.122753087387427229e+01 6.293897263962145416e+01 5.582772516251714734e+01 4.973033509935548580e+01 3.638860024969890361e+01 1.641056994817256154e+01 1.636321240896474549e+01 3.645210832867540063e+01 3.657623466428466230e+01 5.060942466999946987e+01 7.032832125343472285e+01 7.002933114854936036e+01 7.831228612179880599e+01 7.727297917711349839e+01 5.727319288522510732e+01 4.572598726644755374e+01 5.417902833664027895e+01 5.107603484300754104e+01 3.107590589337152664e+01 4.262293881948532004e+01 6.262317875176817239e+01
1.283213977233468341e-02 2.001283213977198017e+01 1.143102331340251610e+01 3.143142506039640338e+01 4.756170173169486759e+01 5.153469608450372874e+01 4.324875624654401918e+01 3.031836778414307076e+01 5.032062052125271379e+01 5.081101382905539765e+01 6.495720589539514833e+01 8.496419885290784180e+01 6.958847767352004610e+01 5.130420642512319773e+01 6.958847767352004610e+01 7.453220101866480718e+01 5.445214044241240003e+01 4.282532738459673283e+01 3.577502492354547314e+01 4.143869455846220262e+01 2.154933997047225702e+01 1.871937323350105231e+01 3.646812538631904488e+01 2.025351999897642585e+01 4.029325282421033450e+01 4.433694670172917540e+01 6.435313585710657946e+01 6.654274089062720066e+01 7.482824239924333654e+01 8.555096810369887805e+01 7.400661471263562419e+01 6.572609717775678462e+01 6.948230217891646987e+01 4.948215072591513319e+01 3.533992025752421995e+01 5.534008890671706382e+01 7.090625602143768447e+01
9.594114293757748102e-02 4.359955470050165260e+00 1.435997394074084355e+01 2.850341072625887051e+01 4.852065398893029879e+01 4.324875624654401918e+01 2.324728979183406352e+01 4.324875624654401918e+01 5.860680551795723403e+01 7.081711846149902101e+01 7.910314714799500280e+01 7.888206164159943512e+01 7.958847767403193529e+01 7.130420642512461882e+01 7.958847767403193529e+01 8.280083831877637124e+01 7.122753087387427229e+01 6.293897263962145416e+01 4.685988498917880918e+01 2.694115945887823216e+01 4.143869455845028682e+01 3.862855730133109233e+01 2.196738468289196078e+01 4.029325282421033450e+01 2.432168316887652537e+01 4.433694670172917540e+01 5.238552410008503557e+01 4.652141289998643003e+01 6.654274089062720066e+01 8.638208574681168272e+01 8.801027183769858198e+01 6.801062263278329567e+01 5.386804503575641689e+01 4.386795782684289691e+01 5.534006443692653221e+01 4.688696925081769962e+01 6.688726509790525654e+01
3.950229235330715398e-03 2.000395022923497379e+01 3.264518180449225326e+01 4.263991636631963189e+01 4.137542396511829423e+01 3.322689983999396190e+01 1.888293170000516596e+01 3.302537729141616296e+01 5.302823419431548757e+01 6.130635662124873164e+01 6.495807832602909571e+01 5.887936224758900750e+01 7.302383781023299036e+01 7.554153543246670210e+01 8.382766787703613431e+01 8.180235535483932097e+01 6.176393843705461961e+01 4.753291571911874058e+01 3.752190156427020895e+01 3.390732179659172374e+01 5.394387702649329697e+01 4.410723081741700469e+01 2.425175404147424985e+01 4.410723081741700469e+01 4.433694670172917540e+01 2.859188713321378472e+01 3.237250929019450041e+01 4.392344038055713895e+01 5.808106497721946937e+01 7.235162608839904408e+01 8.236091725774677741e+01 8.214999849254765252e+01 6.386822398913461996e+01 5.801031057103535460e+01 6.386819417504526797e+01 5.843416817892042303e+01 7.517041311732015174e+01
7.711341127313005306e-02 2.007711341127277649e+01 2.392247876687854458e+01 2.593252106558492898e+01 2.789224049633612168e+01 1.322607735175158084e+01 3.322689983999396190e+01 4.716985453180606669e+01 5.544865269917616502e+01 4.130527154841581705e+01 4.495677481118628549e+01 4.473689333720826511e+01 5.920975520605601616e+01 5.553927135947570548e+01 7.220185399840998741e+01 8.048798998163501039e+01 7.591350498039560080e+01 6.587945105828084991e+01 5.758298529175395686e+01 4.204087752571501824e+01 6.063665025949757137e+01 4.055035632819868141e+01 2.655788049621832414e+01 4.643349561176989226e+01 5.377104124391357942e+01 3.375692946031151820e+01 5.238552410008503557e+01 3.903974850362095594e+01 4.404052562590738518e+01 5.405036661488097849e+01 6.821670090765103112e+01 8.822972981782885427e+01 8.386762130325755038e+01 7.801067501408093108e+01 8.386722268317204509e+01 7.843441022989044598e+01 8.671671416686373846e+01
9.541454368626212448e-03 1.961341600265690488e+00 3.922502951647527158e+00 5.932578582165943359e+00 7.973820034485250119e+00 2.797394824559977522e+01 3.982229089810412148e+01 5.059771697901152265e+01 4.231265053604982285e+01 2.716307977602994228e+01 3.081456348585427207e+01 3.473688616146326780e+01 3.920902198386308868e+01 4.553357628886260500e+01 5.220024227699206421e+01 6.634290781695671058e+01 8.634660134152613864e+01 7.634729052733516141e+01 5.627739593558107600e+01 6.215573196380668719e+01 6.571099909090590074e+01 4.883229937669003817e+01 2.890633878054661210e+01 4.883229937669003817e+01 6.206022183439496587e+01 5.377104124391357942e+01 4.228670349663403272e+01 5.905841189831711091e+01 6.406437398912022729e+01 5.347742270274370213e+01 6.504521998066192623e+01 7.920683190605393520e+01 9.920224702481682755e+01 8.993966754749899906e+01 8.148942156654217683e+01 7.320784409105242219e+01 7.621842491433092448e+01
2.297228869525369793e-03 1.998861959607766181e+01 1.546947603410616878e+01 2.592851702288190552e+01 2.797394824559977522e+01 1.153730325998421158e+01 3.153745926748547745e+01 3.794823091937569615e+01 2.231236727799588238e+01 4.231265053604982285e+01 5.081502097811335972e+01 5.473745529763348117e+01 5.335131105890310721e+01 5.553927135947570548e+01 7.220185400152574573e+01 6.853105425120666894e+01 8.853503983838135127e+01 8.461409256805903567e+01 7.634729052733516141e+01 7.163273984591212695e+01 5.151508321936543666e+01 3.729402605499134893e+01 3.151854638714212697e+01 5.153078931489935144e+01 6.405125130097059127e+01 7.059570777932751184e+01 6.230826282786181736e+01 5.229522134498167674e+01 7.232130431074200771e+01 7.350587868238960709e+01 6.764392418854605182e+01 8.765788872344077731e+01 9.043109717475668674e+01 7.888744360215545726e+01 6.166376863115793583e+01 5.321291886810610094e+01 5.622354187545752069e+01
