MOVIE_S12_data/elevation_000625.asc
nrows	50
cellsize	150.0
xllcorner	0
ncols	50
yllcorner	0
NODATA_value	-9999
[rows 17 to 33 of 50, columns 0 to 36 of 50]
5.436832538903087209e-02 1.160137370918164912e+01 2.574350933291285060e+01 4.574350933291355403e+01 5.945624958029053886e+01 6.774079295664378719e+01 5.769813587866455151e+01 4.941365968649680696e+01 3.626342170777449780e+01 4.996735021484098382e+01 4.065770927217054975e+01 5.220473863298421691e+01 7.220514252059196281e+01 7.207511856288724061e+01 8.035974091785182338e+01 8.171819242927283256e+01 9.000288996262337093e+01 9.400203171498226595e+01 8.572422975685246627e+01 9.400203171498226595e+01 7.786801277842603497e+01 5.779521887857170270e+01 5.426336082023111373e+01 3.369861559951237950e+01 5.002139658811794476e+01 5.839499529461232896e+01 5.880552711451510817e+01 5.880552242357145332e+01 5.566047438197302455e+01 7.239893075587950477e+01 8.437571596199623514e+01 9.265264534475149105e+01 9.398205816862885342e+01 7.400101058053118663e+01 5.987349678634545569e+01 4.987863602734008595e+01 5.918109914757759071e+01
9.647730019007895452e-02 2.009647730018972211e+01 3.060876072145286031e+01 3.663899654808327710e+01 4.371008056720053503e+01 5.199454828631521508e+01 6.354172035452105405e+01 6.454807625433691953e+01 5.040558466245695968e+01 5.626355587033827987e+01 5.479989916407379269e+01 6.894245781472679369e+01 8.048977594172802696e+01 8.654344011816091609e+01 7.825614083305796953e+01 8.027866028635747853e+01 8.856682991672224148e+01 8.399940627757973743e+01 6.571033460915654700e+01 8.399940627757973743e+01 8.612277551332611836e+01 7.786801277842603497e+01 6.261158245164747882e+01 4.410596171983281266e+01 3.839000636594639815e+01 5.883500048345617017e+01 7.158201147737705128e+01 7.884997832518692462e+01 7.567552583741225192e+01 8.394669043896503524e+01 9.048598822947629117e+01 8.236449688719443429e+01 8.668553658914632365e+01 8.330173897278970685e+01 6.332161396823059363e+01 4.918854118957133892e+01 3.918980800312924373e+01
9.953738903938927352e-02 5.263515183982633516e+00 1.060874002223116719e+01 1.663896691379159876e+01 2.371003472616994756e+01 3.525704081529854506e+01 5.525714760749837495e+01 6.680854334932256222e+01 7.040594940839649496e+01 7.626406963519912097e+01 7.480037856007379560e+01 7.970552986681313712e+01 7.141768579561863817e+01 7.498903388287595817e+01 5.824104056088019377e+01 6.026177254706971098e+01 7.701133866443107934e+01 7.571728218300442848e+01 5.569752428057308435e+01 7.571728218300442848e+01 8.733361475671392782e+01 8.450890089954147300e+01 6.442075991493764775e+01 6.442075991125308576e+01 4.440972649469662770e+01 4.417645235233850087e+01 5.144044324509383159e+01 6.571112231579731144e+01 8.575559171445353002e+01 9.048598822950307863e+01 7.918758393665238771e+01 6.281066280434816917e+01 6.714747962382584490e+01 8.098346065178589015e+01 7.745211599553499582e+01 6.745943430322148515e+01 5.918109914757759071e+01
3.582433992925927735e-02 2.003582431924523277e+01 3.060873308499158085e+01 3.663899654808327710e+01 4.371008056720053503e+01 5.199454828631521508e+01 6.095046837754625102e+01 4.681186909953932940e+01 6.095046837754625102e+01 7.115287498770936736e+01 7.960279651481165786e+01 6.815417475708645156e+01 5.141060401029173477e+01 6.136021243398450764e+01 4.669472783630319412e+01 4.871142280552645332e+01 6.806087270941102929e+01 6.173615566156342993e+01 4.903059267148239542e+01 5.903512772343422199e+01 7.905293137428712669e+01 8.526029671427112078e+01 6.521625551150927436e+01 5.356617727174914734e+01 6.468917219907157801e+01 4.918242923256674715e+01 6.935296531250855878e+01 6.571112231579731144e+01 8.575559171445281947e+01 8.236449688719446272e+01 6.281066280434816917e+01 5.138239530831950219e+01 5.320111279013313066e+01 7.115055692309856283e+01 6.643091011516666811e+01 6.384613453928898963e+01 6.133174868919615363e+01
8.338298177320474514e-02 2.007812749814092612e+01 2.960943334273449778e+01 3.735013745753752090e+01 4.563623049165667567e+01 5.347748002627749031e+01 5.266875938612237462e+01 3.267000983751966459e+01 5.266875938612237462e+01 5.094385805619227625e+01 6.168858659297523417e+01 5.340240144200299000e+01 3.987416636668173453e+01 4.136614493584557550e+01 3.776515643811799094e+01 3.978100356010099148e+01 5.507096743085636348e+01 4.173972311855025907e+01 6.173615566156342993e+01 7.732858871743810880e+01 8.733361475671392782e+01 9.354760009267805287e+01 8.198137746787240587e+01 6.260417204287325177e+01 7.454059268066632171e+01 5.444899827563273220e+01 7.454059268139405958e+01 8.575559171445280526e+01 9.404284409747052109e+01 8.489603975963943583e+01 6.535025882302673494e+01 6.303557840394611134e+01 4.323520310396991562e+01 5.661127992632033568e+01 4.668357760903622022e+01 4.406417193833125623e+01 4.152935119568633837e+01
1.813270376062421294e-02 1.334036093680163626e+00 2.133403683928618122e+01 1.734936329439445046e+01 3.735008457235706203e+01 3.352444850002869003e+01 3.568222089073701397e+01 2.511072479838661309e+01 4.510994255214123427e+01 3.982085024531964734e+01 4.558040307283891224e+01 3.341518218626843861e+01 4.404312139784967428e+01 2.724162267161487350e+01 2.961426947927749254e+01 3.223819708339995316e+01 3.509074495410367689e+01 3.886015425445854987e+01 5.884838867547494345e+01 7.279653167082520326e+01 8.349830262252896773e+01 9.178461121934174116e+01 9.094285611246176870e+01 7.419265860092895082e+01 8.283199886493957820e+01 7.454059268139405958e+01 6.346382496197664835e+01 7.763922380086643216e+01 9.765560462398852337e+01 9.302490905027816837e+01 8.489603975963943583e+01 7.054721751254098194e+01 5.083899893476903031e+01 3.674755076138281851e+01 3.257716022610580353e+01 2.995101162149885354e+01 2.741100496992361357e+01
2.351309638313057310e-02 2.002351309638277499e+01 3.207207716843555545e+00 2.320720853948845175e+01 2.646438449524932679e+01 1.938492194376108912e+01 1.568263564758669659e+01 2.982472565255878294e+01 4.982346533628282970e+01 4.558040307283891224e+01 2.632743860057990659e+01 2.187782945161114512e+01 2.405993773104394151e+01 4.404312154309793215e+01 3.776515643811799094e+01 5.221665236784978248e+01 5.507096743085636348e+01 5.884838867547494345e+01 4.450091129353219799e+01 6.450695129531428051e+01 6.348031060641483236e+01 7.763795333936656107e+01 9.764643734222777027e+01 8.835414471319785434e+01 9.765560462398852337e+01 7.763922380086643216e+01 7.763922380086643216e+01 9.178930081528289975e+01 9.815082657012280265e+01 9.228408576009348963e+01 7.273739307407022636e+01 7.102646674155100470e+01 5.751276089494955812e+01 3.765724660035199634e+01 5.246945503010542922e+01 4.985746075246015607e+01 4.732933913778391144e+01
2.372884694381488524e-02 2.002372884694345956e+01 2.320715784220985967e+01 5.109813693461524586e+00 6.464384616418711538e+00 7.837990255905595838e+00 2.783800188721624025e+01 3.815827424716635363e+01 4.427506795315527910e+01 3.599088453711041069e+01 1.886274982505897313e+01 3.885579335551729230e+01 4.403850250832510937e+01 5.231165387216088902e+01 5.775360098620196680e+01 5.189313014256102008e+01 7.190202917881209999e+01 7.279653163928703918e+01 6.450695129530319605e+01 5.081787082542770406e+01 6.082781272643837411e+01 7.498710261684428247e+01 9.499681927747384691e+01 1.083616387336522422e+02 1.059393778296855828e+02 9.765560462398852337e+01 9.765560462398852337e+01 9.815082657012280265e+01 7.865614623569143760e+01 8.223348673078069737e+01 7.273739307407021215e+01 5.306719479560479158e+01 4.309988595459255123e+01 5.751276089494955812e+01 6.565198286643197889e+01 6.758900929247410261e+01 5.235584183175267015e+01
6.296921807001566729e-02 2.006296921793926202e+01 3.339370137239237835e+01 2.510981397321345909e+01 1.646438461490414085e+01 2.783800188563052913e+01 9.873936650142729476e+00 2.987394960031022251e+01 3.360892335142047926e+01 1.599091941349120916e+01 1.911431606861951238e+01 2.231600930388913184e+01 4.217796939347667973e+01 5.514299708476448103e+01 6.667975461933335168e+01 7.190202917881209999e+01 8.019004734291189607e+01 8.239566859779422714e+01 6.237687518321329350e+01 6.237687518321329350e+01 7.912654325728553317e+01 8.913445130195930233e+01 9.903860846233632742e+01 1.049221752662980549e+02 9.671519266296134276e+01 8.839779359278368531e+01 9.671519266296134276e+01 9.600760122999808743e+01 7.652806169552489735e+01 6.270661395763305279e+01 5.570262988177044861e+01 4.995069658451599537e+01 5.459595577724416415e+01 7.102616012558632974e+01 6.758900929247410261e+01 4.785493257757137542e+01 4.030934921865186737e+01
8.175220331382776484e-02 1.422388782704490318e+01 3.422388782760192072e+01 4.474863043168781473e+01 3.060652012655166843e+01 3.804479885063894784e+01 2.397719057544914989e+01 1.194228741012282313e+01 1.360895407678950342e+01 3.360892333988061864e+01 3.899750590330916111e+01 4.217797056465826699e+01 2.701543636105944302e+01 3.842518885931393413e+01 5.836692878280383923e+01 6.854556217642151239e+01 7.859513015446921713e+01 9.068210396177620680e+01 7.393839233845788783e+01 8.239566860079048638e+01 9.068210612217423261e+01 9.318808494001872589e+01 7.900694768080870745e+01 8.487408528528953866e+01 8.669809072747014511e+01 6.838254983727037484e+01 8.669809072747014511e+01 9.616523182777324052e+01 9.034550788130506760e+01 7.532969465415088450e+01 7.532969389980181063e+01 5.987567123862091023e+01 7.424892816843446042e+01 8.236080585421422029e+01 6.399582871428637532e+01 6.758900929247410261e+01 5.027821970666543194e+01
7.631710034972485901e-02 2.007631710034937100e+01 3.593480819850247343e+01 4.487907944373950642e+01 5.060651812729689425e+01 5.153401790846476871e+01 4.001160133935968588e+01 2.092497641029740052e+01 1.591043873802048125e+01 3.593495379105232246e+01 4.963091595701590819e+01 5.514716249802737025e+01 4.685396501365899269e+01 3.221367332255672267e+01 4.024603668557442404e+01 5.017065970227061911e+01 6.438345297920683663e+01 8.450505023382808645e+01 9.394852281264819283e+01 1.022335531218801492e+02 9.718547307556576698e+01 8.487408528528953866e+01 6.486089784204516207e+01 8.329349229667271004e+01 7.839017171502703718e+01 5.838018377896742095e+01 7.839017171502703718e+01 7.613475659113846916e+01 9.031380238322478249e+01 9.485372538719023794e+01 8.756414328781673362e+01 7.945202672052320736e+01 8.756414683035887947e+01 9.170626013623959238e+01 8.357680060067410466e+01 7.810073843938684490e+01 6.998224325971175119e+01
9.124702163186203252e-02 7.650536481816438972e+00 1.659480839181575362e+01 3.073694401554883626e+01 5.073694403454160096e+01 5.722276684546647374e+01 3.724041219767293143e+01 4.090003567213496893e+01 2.717804959456170977e+01 2.035679434013691136e+01 4.123905268597630425e+01 5.572185124776975584e+01 6.037681526838127155e+01 5.206794820909274790e+01 3.842872046885825910e+01 5.837575408951447287e+01 7.218904698129256303e+01 8.050740654479662339e+01 9.056533592588421300e+01 1.026889633772879478e+02 8.886693008264921900e+01 6.884941339390468329e+01 5.729882138033929806e+01 6.327793917920829614e+01 7.172017573634046528e+01 5.170932587232361044e+01 6.934327968341928283e+01 6.198706904883169955e+01 8.200154695654877912e+01 9.198167969621216855e+01 1.003036252437303375e+02 9.659614541013158373e+01 1.049237455283947469e+02 8.859700903775114966e+01 8.028039189679496701e+01 8.028039173087366009e+01 7.471326505449528099e+01
8.187870513261463756e-02 1.422401432886369044e+01 3.422401432886439210e+01 4.487908119933874929e+01 4.718467051055979766e+01 5.546894175802140836e+01 5.722276690512358499e+01 5.623595596889913395e+01 4.789710709112752340e+01 2.979345941143615306e+01 2.651028783852655835e+01 4.147382479378330800e+01 6.170263309154304210e+01 6.669806382404516398e+01 5.837575408943310862e+01 4.539935354430044612e+01 5.204025567266684504e+01 6.211721564563425346e+01 8.226087831695735986e+01 8.858501115016591143e+01 7.448105236874489776e+01 8.561732573632863819e+01 6.914035895811412047e+01 4.912760665185277986e+01 6.206478252540627949e+01 4.567217388295189551e+01 4.933012473406375875e+01 6.348068016351975018e+01 8.349684687204117495e+01 7.196096969421300571e+01 8.873278456843372908e+01 7.656829426015802653e+01 9.334767916951724942e+01 8.028039189481935978e+01 6.020783108618528701e+01 6.020783108614345736e+01 5.465293085437628662e+01
2.239863785106879432e-02 2.002239863785071350e+01 2.845422020941825636e+01 3.304253488682909534e+01 2.718467051056051176e+01 4.718467051055979766e+01 5.595716340634047015e+01 6.595716340633912012e+01 5.880525033431636217e+01 4.196218902785885518e+01 4.739871325638473110e+01 3.377313281037824311e+01 4.573139090463030954e+01 6.579555239126145239e+01 7.379762397651583683e+01 5.433475417322108569e+01 7.218904695390665438e+01 8.050740654479662339e+01 9.056533592588421300e+01 7.862303421307464646e+01 6.040828734965771218e+01 7.862303421307464646e+01 7.621692562832947715e+01 5.620277291553063037e+01 4.204766835259568580e+01 3.989035876869366604e+01 5.990898796574882113e+01 7.404341523699599747e+01 7.977663603693203243e+01 6.041095652218337619e+01 7.977663044083342925e+01 6.501821601510864923e+01 8.438911447012712586e+01 7.767482462383260611e+01 5.760403362438829333e+01 4.604555874727005715e+01 4.050318586266360654e+01
1.991760116496149591e-02 4.190205882306440088e+00 8.454220209418613408e+00 1.304253488682980944e+01 2.011360269869516060e+01 2.767289215887957354e+01 3.767289215887922182e+01 5.767289215887851128e+01 7.042524377688199877e+01 6.215986692902855992e+01 5.959957100328261959e+01 3.943926800448705450e+01 5.959957100328261959e+01 7.405305434053921942e+01 8.279873311237416544e+01 6.859271262274508274e+01 8.279873906812363771e+01 8.706653471556849411e+01 7.815570590793576855e+01 6.989107422222494392e+01 5.041914013386863047e+01 7.035824810658078832e+01 6.429889324511610482e+01 5.994507512623070511e+01 5.164857801862216746e+01 3.571642296328007404e+01 4.572710978097583023e+01 6.574252067929994325e+01 7.147318585846537076e+01 5.146146690979669813e+01 6.607609493141407597e+01 5.607004008183454147e+01 7.608214982276081173e+01 8.599159667522208395e+01 6.608694803852895916e+01 6.608694803852895916e+01 5.344846077194186762e+01
1.766589122093755945e-02 2.001766589122058093e+01 2.845422020941825636e+01 3.304253488682909534e+01 2.718467051056051176e+01 4.718467051055979766e+01 5.595716340634047015e+01 6.595716340633912012e+01 6.987924025201287748e+01 7.206667919222697094e+01 6.786221745453642029e+01 5.375047424651885564e+01 4.960479593197612758e+01 6.375902705872476162e+01 8.368205239861114819e+01 8.870558996906576965e+01 9.285840277805279186e+01 7.296654068914538982e+01 5.888801984360681985e+01 4.994978407923593977e+01 4.334322518067011032e+01 5.389686663578584813e+01 4.433911632433921568e+01 4.783221836586672993e+01 3.163541916026631640e+01 4.318869096492976922e+01 6.320499864698189896e+01 7.404341593058471460e+01 6.480261285826016149e+01 4.478763652050887600e+01 4.606169755895820828e+01 5.501385118439439026e+01 6.916179488639767214e+01 8.918220898865079960e+01 8.616079851188085570e+01 7.349931886176138107e+01 5.344846077148493180e+01
6.490672536223988931e-02 2.006490672536188313e+01 2.899649659517337952e+01 4.899649659517266542e+01 4.718467051055979766e+01 5.546894175802140836e+01 5.995426471205868779e+01 6.402493599175755890e+01 4.988694444840385245e+01 5.207378852281908621e+01 7.206667919222697094e+01 7.372053972109429765e+01 6.959434607539793660e+01 6.375902705872421450e+01 8.368205238622536513e+01 9.423441602473006640e+01 8.589960351777548908e+01 8.706653471556849411e+01 7.401249695480814239e+01 5.408330354440028032e+01 3.994260855575274860e+01 3.390904948184020640e+01 3.019841777037230202e+01 2.782736392065978137e+01 4.783221836586672993e+01 5.994507508858832523e+01 7.150527005773565747e+01 6.660923130634701295e+01 5.876787041835738279e+01 3.875053615650483607e+01 5.876787041835738279e+01 7.230205862751324730e+01 7.502563842474843625e+01 9.505816476531509807e+01 8.985517467791410695e+01 6.986140822591819699e+01 6.701375348220987860e+01
