MOVIE_S12_data/elevation_000786.asc
nrows	50
cellsize	150.0
xllcorner	0
ncols	50
yllcorner	0
NODATA_value	-9999
[rows 0 to 16 of 50, columns 0 to 36 of 50]
8.271705653423140625e-02 2.127631151761726416e-02 9.425194436011796739e-02 4.939197167322698090e-02 3.975871534419905817e-02 6.171646774684565184e-02 1.696294146011132625e-02 1.936121709489252440e-02 4.216450047424835645e-02 2.297044857093000214e-02 6.704298068806634203e-02 4.162315340452049650e-02 3.835349583220235004e-02 2.777463300387698203e-02 2.207885817162396139e-02 7.161913568127860341e-02 9.025521335945362045e-02 3.502399586135773735e-02 8.040414306008919487e-02 3.131346976591601466e-02 7.604099264847130613e-02 2.387740603804927586e-02 5.687112022313325910e-02 4.074439634684711570e-02 8.709178300582484655e-02 7.612946965408906586e-02 1.077918208624280109e-02 9.929772718869623455e-03 4.600412614040166881e-02 2.152795518990661267e-02 2.378824418737431057e-02 9.511189423522797837e-02 9.406546861214974686e-02 1.749038473908382007e-03 2.223905489293687143e-03 6.269637160239108220e-02 9.476101746191394060e-02
7.639902522890137937e-02 2.002127631151726206e+01 2.009425194435976181e+01 1.419152759540430253e+01 1.418189433907527430e+01 2.006171646774648920e+01 6.341518261796842637e+00 6.049588108650139517e+00 2.004216450047389131e+01 2.002297044857057529e+01 8.232008789965398421e+00 2.004162315340416356e+01 2.003835349583184566e+01 2.384797236959040223e+00 2.002207885817126964e+01 2.007161913568092260e+01 1.163726059715186878e+01 2.003502399586100324e+01 4.552540098059686180e+00 2.003131346976556060e+01 1.421817661637929575e+01 1.002387740603813704e+01 2.005687112022277674e+01 2.004074439574524646e+01 1.364844913005703209e+00 2.007612837247626558e+01 1.001077918208615536e+01 2.000992977271737061e+01 2.004600412614004767e+01 4.872240455916545976e+00 2.002378824418702052e+01 2.009511189416534904e+01 1.009406546861206344e+01 2.000174903831395312e+01 2.098793578933134452e+00 2.006269637160203700e+01 2.009476101746155763e+01
7.813061968023242432e-02 2.007813061967987878e+01 3.645103268613807046e+01 3.419152759540500597e+01 3.418189433907598129e+01 3.300818492846273955e+01 1.300818492846345009e+01 1.237414342898684438e+01 3.237414342898613029e+01 2.823200878996575369e+01 2.237414441369660167e+01 3.651628003742629147e+01 2.475836055334711361e+01 4.758360553346756561e+00 1.890049617707745711e+01 3.890049617707674656e+01 2.577939622088256755e+01 2.914085477549041059e+01 9.140854775470961258e+00 2.914085477526256795e+01 3.421817661637858521e+01 2.416601302976933852e+01 3.830814879765186021e+01 2.264521374878271942e+01 2.645213712334665512e+00 2.264521362453887932e+01 2.415291480425167236e+01 3.829501028892871517e+01 2.987224045591614541e+01 9.872240455916502455e+00 2.987224045591614541e+01 3.009406546849377051e+01 3.009406546853178455e+01 2.420697868598778513e+01 4.206978685712062571e+00 2.420697868601642355e+01 3.563395660929207764e+01
1.795629399984677299e-03 8.166761438677173857e+00 2.230889706240837711e+01 4.230889706240908055e+01 4.933811654701697336e+01 2.933811654701768390e+01 2.300818492846327246e+01 1.944521124085219554e+01 3.944521124085148500e+01 4.823200878996645713e+01 4.237414441369730866e+01 3.940287855357563984e+01 2.720174944047322896e+01 7.201749440472871910e+00 1.874875482426559259e+01 3.874875482426629958e+01 4.577939622088185700e+01 2.914085033411893022e+01 2.068786015500581144e+01 1.766888342969420123e+01 3.766893856806876073e+01 4.416601303052880212e+01 3.807566270527564001e+01 1.807566258890273758e+01 3.933526965136329601e+00 1.287779887513540977e+01 3.287779755538473125e+01 5.243701138396593109e+01 3.541924241816803232e+01 1.541924241816874463e+01 3.541924241816803232e+01 5.009406546563294427e+01 4.420697782640618101e+01 2.420697864111824771e+01 1.420697868571197553e+01 7.349675490985620563e+00 2.734967560326201408e+01
2.526786264046545702e-02 2.002526786264010994e+01 2.816676143867681859e+01 4.816676143867610449e+01 5.762238779447857695e+01 4.300818492846256902e+01 4.300818492846256191e+01 2.944521124085201791e+01 3.944521124085149211e+01 5.944521124085078156e+01 4.896333662156165190e+01 3.093354701041845445e+01 1.085323315494050611e+01 2.681178924428668253e+01 3.508163191638531231e+01 4.703302607172849292e+01 5.742459769167255956e+01 4.897012308584348261e+01 4.068778153673940778e+01 2.433555009635667332e+01 4.433552130917928480e+01 5.363360044134087445e+01 3.363359935784802701e+01 2.524377056874537928e+01 5.243770529297171912e+00 2.524377056874514480e+01 2.920773032626554766e+01 4.920771234771421376e+01 4.249031023003337992e+01 2.249031023003409402e+01 3.541924241816803942e+01 5.541924241816732888e+01 5.053690795829092508e+01 3.053691029293964121e+01 2.961422952080159732e+01 9.614229559274830805e+00 2.375636518300782996e+01
8.483503398980346555e-02 2.008483503398944947e+01 3.572841772205276811e+01 4.401264513079962626e+01 5.555961973227993411e+01 6.300818492846185848e+01 5.772948248831291096e+01 4.944521124085130737e+01 5.772948248831291096e+01 5.483953399912894611e+01 3.446518274074194466e+01 2.028196241760362994e+01 3.088034083089777937e+01 1.497891794147810351e+01 2.651833600893605691e+01 4.058845860714294673e+01 6.025955258610580501e+01 5.847758856524954041e+01 3.847768533346103226e+01 3.847768533346147990e+01 5.261917628343888254e+01 4.777573515128202786e+01 2.777573491181241039e+01 1.363359928795428822e+01 6.562531476088751425e+00 2.071316614293035130e+01 4.086295689021415711e+01 5.749156803764216050e+01 5.077458147749499062e+01 3.663244585376454410e+01 3.882024184858804006e+01 5.882024184858732951e+01 5.882104686658406223e+01 4.689009371896010947e+01 3.193918233631568881e+01 1.193918233415123709e+01 2.608131795788616358e+01
4.163169627051844027e-03 7.563452629811563632e+00 1.572841843908875425e+01 2.727542382284721612e+01 4.727542212630844176e+01 5.667728612560381407e+01 5.810698846344370594e+01 5.810698846375451154e+01 6.639161564425488393e+01 5.483953399912894611e+01 3.446518274074194466e+01 4.043269206204680444e+01 3.793598188786852177e+01 1.802888881694405399e+01 2.802417303426245354e+01 3.952942241067865581e+01 5.921089319937787110e+01 6.676066500579339902e+01 5.847758856533239680e+01 5.847758857715587055e+01 6.410566775684581842e+01 4.410566654588697588e+01 2.996353090871525282e+01 2.791397368998852357e+01 7.914006232887717651e+00 2.205182017299138408e+01 4.194590491773075769e+01 4.970199336931583645e+01 5.805690617863517389e+01 5.663244585376383355e+01 5.882024184858732951e+01 6.419309295978422369e+01 5.419309109369327615e+01 3.860584902553434716e+01 1.860584900081802218e+01 1.471268331527740614e+01 2.885481893901329542e+01
2.434392073152260791e-02 2.002434392073116598e+01 2.650582962008090959e+01 2.988644764351744954e+01 2.839294111238161733e+01 3.896484938498501549e+01 3.810698629566749673e+01 3.810698629566749673e+01 5.810698846377292881e+01 6.346149050238140887e+01 5.483953399912894611e+01 5.776067793991306587e+01 4.120568328769006428e+01 2.131686612759204635e+01 3.542444994293630600e+01 5.516281523583825930e+01 6.729996031890357244e+01 7.559971260221466594e+01 6.567400329018741445e+01 5.743387650050168958e+01 5.094279370781081440e+01 4.547891292710642830e+01 4.074730310417857737e+01 2.927803699119164449e+01 9.277994911828653102e+00 2.927802343144353259e+01 2.392414090923454850e+01 2.983297152557677379e+01 4.374619097544849922e+01 6.408057228340453548e+01 7.005095232316958231e+01 5.005095205821234572e+01 3.590881643422071789e+01 2.590881643422036618e+01 3.756982617535201285e+01 1.756982617242031353e+01 3.756982453427846735e+01
5.883922493566802470e-02 3.261402301037404250e+00 6.505830723652641367e+00 9.886447742566678798e+00 1.425080554728648963e+01 1.896485075519672492e+01 2.396485075519663610e+01 3.103591856706164620e+01 4.517805411589794318e+01 6.517808563390801169e+01 6.353213128789109021e+01 4.390434533314503796e+01 2.984202969775160952e+01 2.558084987927852794e+01 4.543957844349201025e+01 5.995975390206719879e+01 7.126944070181086488e+01 6.734218584927259599e+01 4.752556715173079738e+01 3.800861263037534599e+01 3.210423758632096281e+01 2.722328423591889646e+01 2.281638555785631794e+01 2.958009070940911656e+01 1.065160058557016853e+01 1.589102964376260907e+01 3.512104171155409915e+01 4.970199336931583645e+01 4.374619097544849922e+01 6.408057228340453548e+01 7.005095232316958231e+01 5.005095205821234572e+01 3.590881643422071789e+01 4.590881647315285363e+01 4.081425454494900862e+01 2.081425459503562081e+01 2.756982617241947864e+01
2.016265153036126551e-02 2.002016264707804893e+01 2.650580034191938239e+01 2.402858323094337933e+01 1.883071965254434943e+01 3.883069076862248181e+01 4.396485130684088460e+01 5.103592772341558970e+01 4.517805432560607670e+01 6.517816858488932041e+01 6.353213128789109021e+01 4.390434533314503796e+01 4.134487371256715704e+01 4.543957844349201025e+01 3.206836698265387042e+01 4.356638175828670256e+01 6.319220468148472492e+01 7.559971260221466594e+01 6.567400329018741445e+01 5.737046021776714610e+01 5.078061837132185730e+01 4.547891292015071230e+01 3.459480026014458076e+01 1.668786893625581769e+01 1.373033816432984366e+01 1.196424559622070483e+01 3.378812647756673471e+01 5.501609288603867043e+01 6.408057228340453548e+01 7.236762138182182014e+01 7.005095232316958231e+01 5.005095205821234572e+01 5.590881651208555070e+01 4.581425452825358491e+01 2.581425459503570963e+01 4.081425454494900862e+01 3.714418610090260131e+01
1.256007409845548775e-02 1.001255994573609875e+01 3.001194269424638250e+01 4.402848989172410654e+01 3.297285481665820583e+01 3.037772500657698060e+01 4.192472989057048949e+01 6.192421827896439623e+01 6.517815979019472650e+01 7.346461758395089703e+01 7.161701054668090194e+01 6.353213128789109021e+01 5.529268805585100210e+01 5.995979801386467045e+01 5.186123174275820702e+01 4.021771862421746135e+01 5.418657558614831515e+01 7.367317191269711429e+01 6.796978087907727684e+01 5.544488074598482541e+01 4.540063272709095799e+01 4.242357927839150733e+01 3.352802487583613100e+01 3.327400601008024239e+01 1.362199063298707280e+01 3.401910764427133671e+01 4.984035349729246178e+01 4.690117865285027676e+01 6.101308180240727097e+01 8.071152159802886672e+01 7.833523386135605904e+01 7.005095232316958231e+01 6.360787365683111716e+01 4.360787393534449308e+01 2.946573831173688163e+01 4.946573823003885906e+01 5.128632104232262634e+01
1.283213977233468341e-02 2.001185352324127109e+01 3.001092153034699805e+01 4.999846047548805217e+01 5.297275725431801163e+01 5.037760232812053118e+01 5.865999450773090729e+01 7.020391266533194141e+01 7.459604317470190438e+01 6.627528337308123696e+01 6.738506977714084201e+01 7.570293712475483972e+01 7.478742005589752750e+01 7.367317196308178495e+01 5.418657558617962877e+01 5.013441918111833928e+01 6.797167314788976000e+01 7.537200829104510547e+01 5.979571538867949698e+01 4.005280843108493372e+01 2.826555512568238271e+01 2.364583568775774935e+01 1.954775147128287927e+01 1.573326514904968576e+01 3.287918565726543108e+01 4.154221804863806256e+01 3.016126318602401568e+01 5.054949134336520444e+01 6.569269375862441507e+01 7.386019667061481186e+01 8.369340361455732591e+01 8.208903815952588445e+01 7.054204084467905034e+01 5.372975253501333981e+01 3.372975263884924146e+01 4.360787393534449308e+01 6.360787365683111716e+01
9.594114293757748102e-02 1.423807676667496658e+01 3.423807682043092626e+01 4.962421369787765713e+01 4.368903091144894546e+01 4.597486952625172307e+01 4.832290538380642886e+01 5.054048065879732832e+01 5.890362324824010898e+01 4.600753002381055268e+01 4.712842427443142412e+01 6.149028267560792926e+01 8.161634474496344183e+01 8.175677070959991966e+01 7.367317196308178495e+01 6.396934653613558908e+01 7.772719127894332303e+01 6.720644637406067545e+01 4.756400756651832040e+01 3.608989849090477264e+01 4.839714274212651901e+01 3.557632628487467485e+01 4.184597799235940840e+01 3.658056487083758412e+01 1.819643908338201754e+01 2.287746005246719250e+01 4.353560778193646286e+01 3.905361477700095207e+01 4.590048441712234251e+01 5.588089437106771129e+01 7.550449314618121832e+01 7.380478624855913949e+01 5.380478667686383432e+01 4.225778129307396114e+01 4.039641930551614024e+01 6.039641914976221670e+01 6.360787365683111716e+01
3.950229235330715398e-03 1.849421326319113845e+01 3.698712532200367065e+01 2.933374641022007623e+01 2.338764076790487323e+01 2.565645492057347354e+01 2.798868244502028091e+01 3.021456308394670742e+01 4.546062449611600442e+01 3.419633514761291337e+01 5.457364226850716449e+01 6.299173231790012295e+01 7.131512526157314369e+01 7.169953085617106581e+01 8.000453897125400715e+01 8.337699739002783872e+01 7.643106333476431757e+01 5.680906808044633749e+01 4.548537755646438541e+01 5.586587904098537649e+01 6.351470511486187576e+01 5.537572644889940676e+01 5.245104256206024473e+01 4.082203233932479236e+01 2.008878618139475947e+01 4.082203233906642481e+01 5.181075460996395776e+01 5.909529064479041693e+01 6.569269375862441507e+01 7.386019667061481186e+01 8.369340361455732591e+01 7.490689144128045029e+01 5.490689193371281362e+01 6.225778111204847676e+01 5.194342468930700818e+01 5.453855492891295853e+01 7.453855439827671603e+01
7.711341127313005306e-02 1.450445874988700545e+01 2.373339583290766797e+01 2.621885281287224956e+01 9.146947181076697575e+00 1.139717729182705064e+01 1.370676441647400701e+01 1.926527617448655860e+01 2.508348818479239029e+01 4.405925034056642886e+01 4.732848178704214348e+01 4.267426764746917911e+01 5.741080113817631059e+01 5.149221549989938040e+01 7.169953085617106581e+01 8.483697765705443317e+01 8.456926796256107082e+01 7.323621381775271288e+01 5.680685233422631342e+01 7.323621381775271288e+01 6.524514902771909419e+01 5.585720823060295714e+01 4.416499495313735935e+01 2.344065130702070832e+01 2.350929616246216369e+01 4.422774544269412189e+01 5.280387348819760263e+01 6.034502557145760449e+01 6.849681905678819760e+01 7.017552710448957498e+01 8.982907780134256370e+01 8.319114202323366669e+01 6.904902755355786326e+01 8.022767787379547144e+01 7.194342432079314165e+01 7.453855439827671603e+01 8.282280479945019636e+01
9.541454368626212448e-03 2.009541454535582083e+00 4.019617090285907857e+00 6.060858623346221385e+00 2.621883567584037067e+01 3.160758958688157350e+01 3.394443845415133154e+01 1.752344390648434214e+01 2.057965576058524348e+01 2.368015213621649551e+01 2.691213794750028754e+01 3.082519543909033288e+01 3.701567296941112062e+01 4.620923102862883525e+01 5.640498330598110499e+01 7.066948710431371694e+01 9.071656451517796427e+01 8.438984142501286101e+01 7.635029999113898214e+01 7.164894576023441175e+01 5.093165355813205508e+01 3.643339384241883749e+01 2.695385838007023338e+01 4.413612031627122434e+01 4.422774544269412189e+01 2.867412101193047391e+01 3.246211272487947497e+01 4.039267333955996975e+01 5.051452403842574768e+01 7.017552710448957498e+01 8.137881499582414335e+01 9.119772903858483915e+01 8.904902588555593468e+01 8.579326502834737767e+01 7.751245297287637470e+01 8.116635537189198146e+01 8.698829802690939061e+01
2.297228869525369793e-03 2.000229721934548266e+01 2.416148593654271792e+01 2.621885230331860939e+01 1.608896378998964494e+01 3.634873679075857922e+01 4.620766270553734500e+01 3.781362399343909431e+01 2.704526636072853307e+01 4.405925034056642886e+01 4.732848178704214348e+01 3.655435042172096161e+01 3.921124499747394765e+01 4.697712846989018942e+01 5.609810388883527565e+01 6.775912959499511601e+01 8.781336096834503735e+01 9.554319976934230851e+01 8.762387934209866103e+01 7.448559294988626789e+01 6.502220670505893452e+01 5.584259874799738554e+01 4.757724288817088620e+01 3.075015227346763780e+01 5.118229848920475433e+01 4.920792424394346654e+01 5.280387348819760263e+01 3.882596719727858670e+01 4.608347957933676042e+01 5.363743522298885580e+01 6.342564622448919209e+01 8.299732028987351384e+01 8.579561376184622645e+01 7.424970889599332224e+01 5.751403462095569097e+01 6.120695960088546173e+01 6.705293127382721252e+01
