MOVIE_S12_data/elevation_000291.asc
nrows	50
cellsize	150.0
xllcorner	0
ncols	50
yllcorner	0
NODATA_value	-9999
[rows 0 to 16 of 50, columns 0 to 36 of 50]
8.271705653423140625e-02 2.127631151761726416e-02 9.425194436011796739e-02 4.939197167322698090e-02 3.975871534419905817e-02 6.171646774684565184e-02 1.696294146011132625e-02 1.936121709489252440e-02 4.216450047424835645e-02 2.297044857093000214e-02 6.704298068806634203e-02 4.162315340452049650e-02 3.835349583220235004e-02 2.777463300387698203e-02 2.207885817162396139e-02 7.161913568127860341e-02 9.025521335945362045e-02 3.502399586135773735e-02 8.040414306008919487e-02 3.131346976591601466e-02 7.604099264847130613e-02 2.387740603804927586e-02 5.687112022313325910e-02 4.074439634684711570e-02 8.709178300582484655e-02 7.612946965408906586e-02 1.077918208624280109e-02 9.929772718869623455e-03 4.600412614040166881e-02 2.152795518990661267e-02 2.378824418737431057e-02 9.511189423522797837e-02 9.406546861214974686e-02 1.749038473908382007e-03 2.223905489293687143e-03 6.269637160239108220e-02 9.476101746191394060e-02
7.639902522890137937e-02 2.002127631151726206e+01 2.009425194435976181e+01 1.419152759540430253e+01 2.003975871534384368e+01 7.132784279612290668e+00 2.001696294145975585e+01 2.001936121709453786e+01 5.206142295417492960e+00 2.002297044857057529e+01 2.006704298068770953e+01 3.023047123404245973e+00 2.003835349583184566e+01 8.192740442281067459e+00 2.002207885817126964e+01 1.421375475941235322e+01 1.423264223847053067e+01 2.003502398372368276e+01 1.337793369983951042e+00 2.003090689626501941e+01 2.007604073884558460e+01 7.583166866345357526e+00 2.005687112022277674e+01 1.418288002007792237e+01 1.422922740673690001e+01 2.007612946950727562e+01 3.602885222621733607e+00 2.000992977271851458e+01 2.004594559920482766e+01 2.002152795518955131e+01 5.187766039130618623e+00 2.009511189419414023e+01 2.009406344093923025e+01 1.990912133953286300e+01 1.859177287259814459e+00 2.006269635951576547e+01 2.009476101746155763e+01
7.813061968023242432e-02 1.422026624341130763e+01 3.422026624341201284e+01 3.419152759540500597e+01 3.469207373979605791e+01 1.469207373979677023e+01 3.469207373979605791e+01 3.055136713366638190e+01 1.055136713366602663e+01 3.055136713366638190e+01 2.603816056918224930e+01 6.038160569181894921e+00 2.603816056918153876e+01 2.819274044228071219e+01 2.233487606601176978e+01 3.421375476183397524e+01 3.423762093681828134e+01 2.259768305426174706e+01 2.597674946681372887e+00 1.414467931204772455e+01 3.414336186861520162e+01 2.172535143399937496e+01 2.172531138565754816e+01 3.418288002007862758e+01 3.422922740709249467e+01 2.725436893845967035e+01 7.254368939322825227e+00 2.725436893851668074e+01 3.413201365465506854e+01 1.413203794911172828e+01 1.673477140954431164e+01 3.347122180412315373e+01 3.369344400751580793e+01 1.372412404869471381e+01 3.724186903740446031e+00 2.372873516352026968e+01 3.544418512052048698e+01
1.795629399984677299e-03 2.000179562939963063e+01 3.182899744609166603e+01 4.011326869355291791e+01 4.297634498725766150e+01 2.883420936352747077e+01 4.297634498725766150e+01 3.658159402522210968e+01 1.658159402522140624e+01 3.658159402522210968e+01 2.916163580695440061e+01 9.161635806954043559e+00 2.070864119074676424e+01 4.070864119074747123e+01 3.647701168974221986e+01 5.061914731347266638e+01 3.790149919588785110e+01 1.800732192310365321e+01 3.870244472632926147e+00 2.387025657429531833e+01 4.238762384764476110e+01 4.172986140645996045e+01 3.586754297072850761e+01 5.001393348837545005e+01 3.725436893768781488e+01 1.725436893932264937e+01 1.184268361673402126e+01 3.184268361490810406e+01 4.120306345350541477e+01 2.120310576090915333e+01 3.673462710481847893e+01 4.501606592729716994e+01 3.367611939942455734e+01 2.564494329652728055e+01 5.639839474182756440e+00 1.718696671821143340e+01 3.719875537340824678e+01
2.526786264046545702e-02 5.798770554536697652e+00 1.182899744609202308e+01 2.597113306982322456e+01 4.597113306982392800e+01 4.883420936352676023e+01 4.923070466589584981e+01 2.923070466589514638e+01 3.072372964895260949e+01 4.486586527268431013e+01 3.249496914028811290e+01 1.249496914028740591e+01 3.249496914028811290e+01 4.899291243821046749e+01 5.647701168974150931e+01 5.116412149136468202e+01 3.906672102012296932e+01 2.361725048538385607e+01 5.153245070832089603e+00 2.515326108094718549e+01 4.099090285853326066e+01 4.928381343838921680e+01 5.586966135053112481e+01 4.880137431924688940e+01 2.880137432311496326e+01 3.669339611410863711e+01 1.669339611746059759e+01 3.669339611411681545e+01 4.948673387363230347e+01 3.120310575352153748e+01 4.948673387363230347e+01 6.148216737380009533e+01 4.189284325713722978e+01 2.174944960353426282e+01 7.601000825564605101e+00 2.760673864779826303e+01 4.550950762645144465e+01
8.483503398980346555e-02 2.008483503398944947e+01 3.182899744609238013e+01 2.447810808676576144e+01 3.862024371049721339e+01 5.862024371049791682e+01 5.751497591335805026e+01 4.337284028962659477e+01 5.072372964895331648e+01 4.514407978096185303e+01 2.514407978096114604e+01 1.627461387037974561e+01 2.782161925417246451e+01 4.782161925417317150e+01 6.044973444459906631e+01 4.275539839776790529e+01 2.293126444365166350e+01 1.193179340331841942e+01 6.444239523172313078e+00 2.643990768277950565e+01 2.098764900404911060e+01 3.513276364093443505e+01 5.513462203446048449e+01 5.708564503449245819e+01 4.034837970690706754e+01 4.272362300232284582e+01 2.272362300901576404e+01 3.302332773596172899e+01 5.302332771803062172e+01 4.534523832515967001e+01 5.948638261452980203e+01 5.159575395529157049e+01 4.044632501750785991e+01 2.960737618550170325e+01 9.601000825564621977e+00 2.374398276303825384e+01 4.376285518374682226e+01
4.163169627051844027e-03 1.977315550294969171e+01 3.848885672160924543e+01 4.447810808676646843e+01 5.276237933422866178e+01 5.639920551731853493e+01 6.473681766383602110e+01 6.337284028962729820e+01 6.147401139951694660e+01 4.147401139951624316e+01 4.035709677501915138e+01 2.035709677501844794e+01 4.035709677501915138e+01 5.610589050163675040e+01 5.204398659433010010e+01 3.172395322186194377e+01 2.210175137628728947e+01 3.130992932290767072e+01 2.644914583666632169e+01 8.334064005030922928e+00 2.248098252822081022e+01 4.248316498041064904e+01 5.651844297104420889e+01 6.863265004844144812e+01 6.034837969775565369e+01 4.939028966298187839e+01 2.939028967568231465e+01 4.939028966298187839e+01 6.130759727971823736e+01 6.534496558403617428e+01 5.487232819365226533e+01 3.541691263618655938e+01 2.544673615402416544e+01 1.284542924818003584e+01 2.960737618844837371e+01 1.608985793666924735e+01 2.763727449163256722e+01
2.434392073152260791e-02 1.152890125572901425e+01 3.122765492009740740e+01 4.116678176069097361e+01 4.950492628004890605e+01 3.634542064858098342e+01 5.314607931854069989e+01 6.318148194831226050e+01 6.975828264698014891e+01 4.978518719083995592e+01 2.978518719083924893e+01 2.702376344168523303e+01 3.668702839357354861e+01 5.668702839357425205e+01 6.044973444459906631e+01 5.029363709585979336e+01 4.188396990809602727e+01 4.379723943844238931e+01 2.384101544816332208e+01 9.694896839691843127e+00 2.970071723784113615e+01 2.823317339073474841e+01 4.823378538906259649e+01 5.386648707358145316e+01 6.215140079738743140e+01 5.767455850114607330e+01 4.353242529940505534e+01 4.572022129385099731e+01 6.572022116487450205e+01 6.030809651384710435e+01 5.198596096423307955e+01 3.624591717147253433e+01 1.622628051841875063e+01 3.285303907779170629e+01 4.115981124046358985e+01 3.609929471064593542e+01 2.364916081971665562e+01
5.883922493566802470e-02 1.984734065160996153e+01 2.628604384747565703e+01 2.114123138204083929e+01 3.538102496022086996e+01 2.479562370994531761e+01 3.479708155010899873e+01 4.895763998087537772e+01 6.905907270144578547e+01 5.734447665102476321e+01 3.734447665102405978e+01 3.409483125355095723e+01 5.409483125355166067e+01 6.497129964103952204e+01 6.382641189937570658e+01 5.488295656875980200e+01 4.659822659381100607e+01 4.159799618546377786e+01 3.261825053715054423e+01 1.261247197867090719e+01 1.189691484690993306e+01 3.190335407596586137e+01 4.121915144206300141e+01 3.386929360948027323e+01 4.800921153476001990e+01 6.800720111796036349e+01 6.353242525607107183e+01 6.572022116487450205e+01 6.355567119185456448e+01 4.351634527509270356e+01 3.196645296723941243e+01 2.439868525881709616e+01 3.624591715386989677e+01 2.011324031238518728e+01 4.013535691675577510e+01 5.198062489782401485e+01 4.366431003661009669e+01
2.016265153036126551e-02 3.143637889302489441e+00 6.305915549470897830e+00 9.593895295579047300e+00 1.536739810282664465e+01 3.538102497174513417e+01 4.697601406431574844e+01 5.531120217371251613e+01 6.691044507007498510e+01 6.562874789848795842e+01 4.734447665102440794e+01 4.303910316355042909e+01 6.237910250101456455e+01 6.708691320184088625e+01 4.708828344333214488e+01 3.554472290265528756e+01 2.660050771145741777e+01 2.159682826844624870e+01 1.687865682880361362e+01 3.261899416912894623e+01 3.190335407595189565e+01 1.414038641794605411e+01 2.121667992272331915e+01 4.121914470445452139e+01 5.890196929051095509e+01 6.449144868743294978e+01 7.275422883969619647e+01 7.924007887481452883e+01 7.189269784658111462e+01 6.030809651384710435e+01 4.074190041524192196e+01 4.441929820569178133e+01 4.293907551824401736e+01 2.291651977850306210e+01 4.293907551824401736e+01 5.739925707302558777e+01 6.143212686397753686e+01
1.256007409845548775e-02 1.999738082826294061e+01 2.630658662791030267e+01 2.960502488198113724e+01 1.591845105411399786e+01 2.091845266532386916e+01 2.694869629282842283e+01 3.849822349179495973e+01 5.855689140638973100e+01 7.562874789848831369e+01 6.148661227475585633e+01 5.458610854734335049e+01 7.132337441101448405e+01 7.537401238387757019e+01 5.728673577475010603e+01 3.729036610951916941e+01 4.659822659381100607e+01 4.088472764391269010e+01 2.088218593254144650e+01 4.088472764391268299e+01 3.414721422648790394e+01 3.414720825039862717e+01 1.647429503601109246e+01 3.062337381137165337e+01 4.713764067056843032e+01 4.450708169329546848e+01 5.927405258291127410e+01 5.927405258291127410e+01 7.752529657609248659e+01 6.911440255392312793e+01 6.078184363345929597e+01 6.070464211289788636e+01 4.672243825103412007e+01 2.670276440605886847e+01 2.925160421436659064e+01 4.915209297685454715e+01 6.442368077754842659e+01
1.283213977233468341e-02 1.415590299505079486e+01 3.418941045445384930e+01 4.402202817982207961e+01 3.006513536412521859e+01 3.506448264266285264e+01 4.093755056785841617e+01 3.960179400320920706e+01 5.377022943993807047e+01 7.389716125823244397e+01 8.148661227475727742e+01 7.458610854734476447e+01 8.287037979480950867e+01 7.142876372060409551e+01 5.142891600011805764e+01 5.728673577475010603e+01 6.050274264437692295e+01 4.514841324866046790e+01 2.514995509321893508e+01 4.514841324865656702e+01 5.414679393867737645e+01 4.476496064756764781e+01 3.648081682359389077e+01 1.884989561158504756e+01 3.885498461831189587e+01 3.296451059558859242e+01 3.928661239465363764e+01 4.928271793750349872e+01 6.926538722831901396e+01 7.724634945705723510e+01 6.655654892864993144e+01 4.651227639876395159e+01 3.236961802062476323e+01 4.672243825103412007e+01 4.915209297685454715e+01 3.632598595945700026e+01 5.036754272019630463e+01
9.594114293757748102e-02 1.164314112978762772e+01 2.579283943059645168e+01 4.592836244839877935e+01 5.017753915433038969e+01 5.511629402946262246e+01 6.101260240999397411e+01 5.966527128503723532e+01 6.802038398908382533e+01 7.646951007185442961e+01 6.818481123995573512e+01 6.928692503093385824e+01 7.757164948100754032e+01 7.971640038133453743e+01 7.142876372060409551e+01 6.635850822960804862e+01 4.636060570543801163e+01 3.222245283104469848e+01 3.929152926824135506e+01 5.343267019103858928e+01 5.462485649188744929e+01 4.636161403284484095e+01 4.055188314567642038e+01 2.054823557609382689e+01 2.540428577380647823e+01 4.539835288546738923e+01 5.927405258291127410e+01 6.754003713932219455e+01 7.752529657609248659e+01 6.890121452778060984e+01 4.885290882962825521e+01 3.886135233486272256e+01 5.238310804930786446e+01 6.070464211290004641e+01 6.242428272570450076e+01 4.263677649545719106e+01 5.616692383546911316e+01
3.950229235330715398e-03 2.000395022923497379e+01 3.652635046801322005e+01 4.807335585180553039e+01 6.609879920333132475e+01 6.505483937264193628e+01 5.919695402245736915e+01 6.138475109724586076e+01 6.966912358945690187e+01 6.293528848977399548e+01 4.818475407073834305e+01 4.928685934922494027e+01 6.342899964826322901e+01 8.342920793714655758e+01 7.530286402597322137e+01 5.530267645035662127e+01 4.116402117420595630e+01 4.636060570543801163e+01 5.928818198743403656e+01 5.823340627707824524e+01 4.635491795313792807e+01 2.644711687105672127e+01 2.398265689713886317e+01 2.332552777408600519e+01 4.331751410034574690e+01 5.367014622116781197e+01 6.777854220010362951e+01 7.593677055199039216e+01 8.655530517214748443e+01 7.724634945705723510e+01 6.720775225262092079e+01 5.887706167870442187e+01 4.701871603870105076e+01 6.705811000901830710e+01 7.069846510755711222e+01 5.406502565379647507e+01 5.662186397555007034e+01
7.711341127313005306e-02 8.242079220550319718e+00 1.978908460434263006e+01 3.978908460434333705e+01 4.609935074072843975e+01 4.505549982774785889e+01 3.919791770862129709e+01 4.138558431785310887e+01 5.707758171217550114e+01 4.293525565677441591e+01 3.663777847278453947e+01 4.818475407073834305e+01 6.232689250199704389e+01 8.232707810441509366e+01 7.749106453652133553e+01 5.749040666271316979e+01 5.116095598299467895e+01 6.635850822960804862e+01 6.406096887457269418e+01 4.413669402814879561e+01 3.006946910800760620e+01 4.636173766322097123e+01 4.390622847949560281e+01 4.331855327635186370e+01 2.736968021593414946e+01 4.734514513032223704e+01 4.787699753664674063e+01 5.857692408780081905e+01 6.749816878928304220e+01 8.739847337190215626e+01 8.348356243549120848e+01 6.336657381588194227e+01 5.457099320642816309e+01 7.464559708476150490e+01 8.217384086414763544e+01 7.384324024269560027e+01 7.643256076689525003e+01
9.541454368626212448e-03 2.000954145436827147e+01 3.652635046801121632e+01 4.015996348248515346e+01 3.196261600190351260e+01 3.563166365907373034e+01 2.506452443600848312e+01 4.505549982774785889e+01 4.879312964960641352e+01 2.879343044217145930e+01 4.879312964960641352e+01 6.492230678821134404e+01 6.094480567276135474e+01 6.923436493459674068e+01 7.923791408141303805e+01 7.749106453652133553e+01 6.530167417421999687e+01 7.944707787341543792e+01 6.840403859395657094e+01 4.858158211470350807e+01 3.477174167718578701e+01 3.459252372187278723e+01 5.445103596836042215e+01 5.562171289457523926e+01 4.734514513032223704e+01 3.158596064242814805e+01 3.864707285543739346e+01 4.756691877765224774e+01 6.166429045517704566e+01 8.159067006945319633e+01 9.184037145375633315e+01 8.299861940517895675e+01 6.613486231839776508e+01 8.299861940517895675e+01 8.806951641225279559e+01 7.976981466517979413e+01 7.963736294740316168e+01
2.297228869525369793e-03 2.000229722886917116e+01 2.401113153289993107e+01 2.017583307990836161e+01 2.808791909934573638e+01 1.567279156495018455e+01 3.289394211829008441e+01 3.543079982676265161e+01 3.803327926877226162e+01 2.420659908036927987e+01 4.420488397698233030e+01 5.025370563467907203e+01 4.094358895764648310e+01 5.094360433082600537e+01 6.508622076967107262e+01 8.509278244004462977e+01 8.530405387772633219e+01 8.342524694327389057e+01 7.495685043013611448e+01 5.950566226736309261e+01 3.987314463142291032e+01 5.445234318522418704e+01 3.928521114447391227e+01 5.912702803460353351e+01 5.981362473962286685e+01 5.154195543478454056e+01 3.666043599053935509e+01 4.241999772722419237e+01 6.233049794966554202e+01 7.827757218788855198e+01 8.653881798920814106e+01 9.463289082430652854e+01 8.627147698048584346e+01 8.652010416936781212e+01 7.651310296233813801e+01 5.976220020332550575e+01 5.962659538586090235e+01
