MOVIE_S12_data/elevation_000679.asc
nrows	50
cellsize	150.0
xllcorner	0
ncols	50
yllcorner	0
NODATA_value	-9999
[rows 17 to 33 of 50, columns 0 to 36 of 50]
5.436832538903087209e-02 2.005436832538867620e+01 2.390384165672660544e+01 2.588935731334052548e+01 9.284518623087972600e+00 1.175788081277434927e+01 1.427487602354132079e+01 1.703797279483546845e+01 2.600663405350208635e+01 3.765440629076211820e+01 5.772834138851654728e+01 6.574004435798106272e+01 7.406396718349394348e+01 7.907400304636423982e+01 7.775077806249144885e+01 8.605907781262624212e+01 8.656136159379585138e+01 9.241001978007054163e+01 8.075251200142636776e+01 6.114925226635359223e+01 4.727867959983564816e+01 5.640773380599006970e+01 3.888224871722801623e+01 3.567751840811249764e+01 4.706311551769751844e+01 6.666496980175570286e+01 6.922096422139019012e+01 5.482834628349940687e+01 5.331296995893620760e+01 7.365388727219898612e+01 8.054296112746092717e+01 8.897108636905046808e+01 8.562828220561814874e+01 6.560305135417225131e+01 5.404573601489727253e+01 4.399203838199053962e+01 4.320778720357768776e+01
9.647730019007895452e-02 2.009647730018972211e+01 3.336343135686316685e+01 3.965511188401190168e+01 3.427948774654685593e+01 3.176074857809274476e+01 2.103917687831232186e+01 3.713533851545416553e+01 3.713533851828788812e+01 5.445226539628168183e+01 6.604107393332301967e+01 7.408977986650972980e+01 6.581710598515489608e+01 7.408977986650972980e+01 8.037486809841682600e+01 8.067553680082609446e+01 6.653459431410480818e+01 7.240029864508147739e+01 8.290688533385079495e+01 6.329140671634351634e+01 6.689091410939522575e+01 5.133601600419697775e+01 5.853938539095489801e+01 5.535301220848149484e+01 4.026876518997748633e+01 5.992231947020506766e+01 7.499978529761386881e+01 7.517984274843972514e+01 6.766682052818639193e+01 8.209080192613471638e+01 8.976143202377953401e+01 8.762054361060459939e+01 8.817994290536998392e+01 7.927198779562178288e+01 5.924823741787398035e+01 4.505343548193399528e+01 3.475011458493904115e+01
9.953738903938927352e-02 6.993521601204342630e+00 1.407892918228329115e+01 2.375325045656106582e+01 3.794442874700522594e+01 4.971493753729168930e+01 3.422673778342289097e+01 3.548240095647979331e+01 5.563164326449696517e+01 6.554715456592032297e+01 6.926736006900068787e+01 6.409736529635651436e+01 4.582696345457931386e+01 6.037576641624084317e+01 6.037576641624084317e+01 7.240029536131063992e+01 5.238256297889253688e+01 7.240029536131063992e+01 8.560753575924050551e+01 8.290688533385079495e+01 7.909566848592014310e+01 6.265179427298719617e+01 6.645741255168222494e+01 4.685213330725078151e+01 5.992231947020506766e+01 4.725040614398353256e+01 6.111876244051951090e+01 8.069605610939788676e+01 8.810794500442713684e+01 8.976143202377953401e+01 7.011531366495486850e+01 6.796283359404685598e+01 6.852767537327721925e+01 8.242143776395649013e+01 7.341212053297995510e+01 6.338581128041588642e+01 4.921357712131910489e+01
3.582433992925927735e-02 2.003582433992890444e+01 3.336343135686316685e+01 4.150832682085234637e+01 5.005863196853960773e+01 6.356921788044160593e+01 5.540746648039024791e+01 5.563164326481725652e+01 6.394747121320918382e+01 6.926736006900068787e+01 4.931359272470263022e+01 5.297517725575400505e+01 3.585640698064751319e+01 4.039891684000722449e+01 5.329920971199255320e+01 5.638061968436455373e+01 4.532724076723947348e+01 6.532295784450469966e+01 6.557501182978570853e+01 8.560753574570945545e+01 9.044026357174614361e+01 8.224924057874986261e+01 7.134840758076211387e+01 5.178442746444224554e+01 7.134840758076211387e+01 5.348087324950014931e+01 6.685281899885349333e+01 8.646919255257741099e+01 9.891378329500854250e+01 7.935331837955263268e+01 6.540288055584038318e+01 5.389116995152718204e+01 5.446197674847763182e+01 7.253237621769693533e+01 6.761694199776272285e+01 5.882667618301624657e+01 5.754057416933083857e+01
8.338298177320474514e-02 2.008338298177284997e+01 3.646725328532905763e+01 4.801382069210028902e+01 5.953541184878532988e+01 5.364733490184693920e+01 5.858682057843746094e+01 5.502336860764729920e+01 6.283175563398351215e+01 5.841148168010099084e+01 5.230222827959030241e+01 3.302188677065876732e+01 2.771379547977880264e+01 3.043121110329733980e+01 3.334113065548511656e+01 3.641604557086182581e+01 4.032079188048003004e+01 4.923748521213276774e+01 6.925104834447459723e+01 7.681979587021199052e+01 9.686320297794055989e+01 9.063591984751957398e+01 7.102014831700662967e+01 5.723396123028486215e+01 7.676547478008788516e+01 7.303701356168875236e+01 6.325785832954835541e+01 7.705157565774543116e+01 9.673312772452520392e+01 8.818361253449717196e+01 7.935154651423533778e+01 6.434999833509870371e+01 4.445684586414046180e+01 6.437189514639455012e+01 5.571112939720591584e+01 3.845596739659413288e+01 5.514963819216473695e+01
1.813270376062421294e-02 8.183098513037814214e+00 1.973010389565807543e+01 3.973008321503557028e+01 3.949501133790253959e+01 3.363292697862448222e+01 3.924282883519778409e+01 3.212048778549236516e+01 4.934258876425884210e+01 3.977822319753543923e+01 4.068218950501141506e+01 2.409551853592225967e+01 4.405679274656852584e+01 4.453384469890274744e+01 4.485039306274867954e+01 4.638135776108966013e+01 6.030071087660252260e+01 4.678523776062350237e+01 5.677500987381711894e+01 7.681979593740862811e+01 9.301242888268591003e+01 9.643515894910780162e+01 7.676547478008788516e+01 6.460660792848896961e+01 8.415350890763396308e+01 9.100883939436856451e+01 7.450885218103249485e+01 9.100883939436856451e+01 8.544265631339213485e+01 7.556419093810941945e+01 6.144614346371378133e+01 5.341779306679886474e+01 3.960381969826728010e+01 5.320541374243901345e+01 4.692773431037502974e+01 2.689832976475304349e+01 4.342597764615626943e+01
2.351309638313057310e-02 2.002351309638277499e+01 3.646725328247404008e+01 3.882136033856566115e+01 3.949501133790253959e+01 1.951240287300155529e+01 2.975828327028819587e+01 1.998280306593780509e+01 3.929851929668369337e+01 4.068218916442425126e+01 2.071584702461511185e+01 4.068214827129462208e+01 5.232694426959617573e+01 6.451893330195935050e+01 5.897866896426811678e+01 6.051535088551668906e+01 7.465262870455339339e+01 6.679740292003843649e+01 5.461772340081525812e+01 6.462741913443751685e+01 7.882372485816740948e+01 9.892405469210662261e+01 9.235171714767822948e+01 7.584115000901628889e+01 9.235171714767822948e+01 1.023921467240596428e+02 9.416417432418987232e+01 9.116485846922772396e+01 7.160892679137120354e+01 5.750213703225627881e+01 4.738832562505209012e+01 4.220193825854833847e+01 3.720058531106155186e+01 3.327770838557290034e+01 3.058074360481342069e+01 4.303496270533471346e+01 2.341674800353071717e+01
2.372884694381488524e-02 2.002372645648543070e+01 2.422772925566273372e+01 1.883275843901241586e+01 2.606033849558280124e+01 2.712527094177019293e+01 9.516598989851104307e+00 1.099101853280292396e+01 3.097820143960112560e+01 3.528039169379349005e+01 1.842182333657233784e+01 2.841117920141597963e+01 4.252701902297621928e+01 6.250587110391789736e+01 7.899223891394335340e+01 8.053178145460388748e+01 7.978325579482844887e+01 8.280460504340798877e+01 7.466919715041488814e+01 6.617971388781575115e+01 7.776948655155584333e+01 9.787256430835131482e+01 1.037423235461477162e+02 9.550840232851939504e+01 9.702688270982413599e+01 9.702688270982413599e+01 1.053235618213831231e+02 9.183645549843221545e+01 7.228711345137880073e+01 5.819426330248318635e+01 6.643000053496197665e+01 4.662561842838715620e+01 4.481991881582066384e+01 5.304854740181551875e+01 4.210780951896435909e+01 4.875586118269966107e+01 2.896391178357577090e+01
6.296921807001566729e-02 2.006296921801042998e+01 3.333710983312759613e+00 4.694538618178827782e+00 6.068144257617665183e+00 7.485906667444099938e+00 2.695006191931648587e+01 3.091265921232155023e+01 1.312910814636520129e+01 1.529841042665485418e+01 3.527880300738070929e+01 4.666146359682949907e+01 5.664432833536992717e+01 5.970952327567226092e+01 6.798410591026839711e+01 7.127806480484471763e+01 5.982714452417003770e+01 7.256957099075530948e+01 8.108834649467907241e+01 8.626604695302810910e+01 9.456509725234499797e+01 1.061523554398015676e+02 9.825588576280524933e+01 8.996499840387969016e+01 7.705285758707144339e+01 7.705285758707144339e+01 9.702688270982413599e+01 9.396842987936805969e+01 7.442707835035923836e+01 7.801298316922550669e+01 6.643000053496199087e+01 5.554524314996479006e+01 5.374559809071736538e+01 6.943976380235743306e+01 6.190364965261786523e+01 5.502875306169671887e+01 3.499487537632472822e+01
8.175220331382776484e-02 1.418058412875951024e+00 1.949451779783259298e+01 2.449757193813720590e+01 1.209820123569092587e+01 2.747750535214704826e+01 3.516742222797660844e+01 3.298688946269187028e+01 3.311596664801441392e+01 1.615853479063234488e+01 3.590663816466215508e+01 4.231454641245468196e+01 4.510883392534578462e+01 3.949592116674937614e+01 5.247557550771606572e+01 5.125060561538820991e+01 4.560232652186782332e+01 5.275342759311745056e+01 6.699541339793233874e+01 8.707358667378048267e+01 1.057685207546987982e+02 9.747301389383733294e+01 8.996499840387969016e+01 7.000926865172002067e+01 6.296567971636859085e+01 8.290311409793540065e+01 8.868803761501231975e+01 9.697673614685305665e+01 9.396842987936805969e+01 9.417073968214370439e+01 8.334665248087920020e+01 6.697188085510363464e+01 6.520073445248145561e+01 8.161503675281687720e+01 6.922067013266399726e+01 4.915026853482786606e+01 4.654949750622957794e+01
7.631710034972485901e-02 2.007631710034937100e+01 1.557075851917604936e+01 3.497988727145686738e+01 3.208836071156568437e+01 2.152291626185660078e+01 4.151349134593633039e+01 5.251093967094070081e+01 3.972544406739835665e+01 1.988181012060004349e+01 1.978439900463769163e+01 2.234087415322620274e+01 2.495484593134509055e+01 2.773263596343648274e+01 3.213563071786605718e+01 3.687624842779514722e+01 4.708668003889955145e+01 6.714634516518061957e+01 6.919419940445106931e+01 8.925919540393736895e+01 9.747301389583253695e+01 7.749633893799823170e+01 8.334737156809858050e+01 7.585416657260145712e+01 5.591071216306146852e+01 7.239166465659100425e+01 6.872913841190100470e+01 8.294832139650507941e+01 9.109619881640556116e+01 9.938990013512174926e+01 9.464357383358499476e+01 8.652488842031389993e+01 8.481410835128517078e+01 9.293923023680666518e+01 7.756249311780956646e+01 6.922067013266399726e+01 6.661163155564526051e+01
9.124702163186203252e-02 2.009009768906657811e+01 3.543422239801297025e+01 4.356183864495697833e+01 4.979434583175403617e+01 3.565409688677297595e+01 3.565409688677297595e+01 5.565932091655583491e+01 4.373662167740941698e+01 2.368073362735410825e+01 3.962181999208960548e+01 4.231454641245468196e+01 3.918969766716869430e+01 4.803919465679360457e+01 3.385471165350885059e+01 5.416210375382904374e+01 6.538300668218582246e+01 6.714634516518061957e+01 8.707097376357397422e+01 9.751873022927958345e+01 9.747301389749584644e+01 7.749633893799826012e+01 6.340314494721760497e+01 7.052405417908397567e+01 5.057025555601799738e+01 5.244044635488918260e+01 6.904903697616946090e+01 6.329176486198534235e+01 8.294832139650507941e+01 7.938129566392507286e+01 9.352869801204614930e+01 9.146068752105152555e+01 9.974727838324010065e+01 8.957764814238890949e+01 8.129282032705955885e+01 7.953010713665509002e+01 7.124548537969093331e+01
8.187870513261463756e-02 1.422401432886369044e+01 3.422401432886439210e+01 4.458954027062140568e+01 5.287381151808301638e+01 5.565932091655582781e+01 5.565932091655583491e+01 6.397112762181029666e+01 5.206453951790641810e+01 3.254454259523491544e+01 3.042585666842796144e+01 5.068568570867101641e+01 5.939889295737136621e+01 6.245049459911175660e+01 5.416210375382904374e+01 4.071504004257948850e+01 6.088563560945380715e+01 7.810186606258507425e+01 8.807888463548731295e+01 9.397127530161439779e+01 8.568447535435878137e+01 8.568447535437503859e+01 7.337525825785441214e+01 5.342657424317750525e+01 4.740138940302161075e+01 4.350304053368459023e+01 4.923176684187762220e+01 6.904903697616946090e+01 8.352272990009949183e+01 6.522754639487074257e+01 8.352272990009949183e+01 7.144912415533102035e+01 8.819460529641345659e+01 8.129282032705955885e+01 6.129258591496257225e+01 6.715051894894529028e+01 5.124533609060107864e+01
2.239863785106879432e-02 2.002239863785071350e+01 2.845422020941825636e+01 2.458954027062211978e+01 3.881603757872525051e+01 4.548270424539180112e+01 5.376697549285341182e+01 6.376697549285305655e+01 6.109205586432754131e+01 4.427493132114596364e+01 5.068568570867101641e+01 3.810695367153108748e+01 4.984121509943143735e+01 6.992315244178161038e+01 6.915350509387731393e+01 4.980466407613410240e+01 4.980466407613410240e+01 5.985961467979398520e+01 7.984104510839497948e+01 8.568447535435878137e+01 6.572734371331908676e+01 6.572734371331908676e+01 7.984930950746667122e+01 7.337525825785441214e+01 5.921222941991891275e+01 3.924350339528892562e+01 5.921222941991891275e+01 7.719398183919545886e+01 7.523461331316489975e+01 5.521342369493294910e+01 7.523461331316489975e+01 5.988913893770605057e+01 7.924363090377875096e+01 8.129282023647829192e+01 6.129258591481794838e+01 4.715044048524311648e+01 4.007937266862825254e+01
1.991760116496149591e-02 4.190205882306440088e+00 8.454220209418613408e+00 1.304253488682980944e+01 1.881603757872596461e+01 2.548270424539251522e+01 3.548270424539216350e+01 5.548270424539286694e+01 7.269415558728987037e+01 6.442464848718361736e+01 6.469394154570427702e+01 4.456572473997701422e+01 6.469394154570427702e+01 7.818077450460599209e+01 7.810186606258515951e+01 6.140780788403477430e+01 6.140780788403477430e+01 7.810186606258507425e+01 8.807888463548731295e+01 8.568447535435878137e+01 6.572734371331908676e+01 5.162015021000144799e+01 6.264962206680870338e+01 7.092246552534967918e+01 5.623546749892071972e+01 3.626944807746994570e+01 5.623546749892071972e+01 7.315216834707557325e+01 6.856088344042092331e+01 4.853573658705511917e+01 6.856088344042092331e+01 5.093109039883677269e+01 6.338651413891366815e+01 8.340353543012319903e+01 7.422161807438038750e+01 5.422151311464040901e+01 5.422151321547076464e+01
1.766589122093755945e-02 2.001766589122058093e+01 2.845422020941825636e+01 2.458954027062211978e+01 3.881603757872525051e+01 4.548270424539322221e+01 5.376697549285341182e+01 6.376697549285305655e+01 7.086558445176250132e+01 7.305355962500269129e+01 7.296045182037744325e+01 5.883197020684807654e+01 5.883197020684807654e+01 7.884599225421331425e+01 8.961906255304887736e+01 8.138302943184524452e+01 8.138302943184524452e+01 8.961906255305140689e+01 9.827607309686736414e+01 7.829314661983160306e+01 6.419226427651423705e+01 5.267353448133792426e+01 4.268800190352771295e+01 5.580284283649869792e+01 5.335362082702596354e+01 3.339446872080644368e+01 4.491714849583217983e+01 6.487805634976115243e+01 6.278012147724462721e+01 4.276289282400132663e+01 5.521432019821632053e+01 4.336880890514069620e+01 5.752287079660565894e+01 7.754260142083229823e+01 8.250574102914839614e+01 7.422162396119146877e+01 7.422167049395748961e+01
6.490672536223988931e-02 2.006490672536188313e+01 3.833649582011473456e+01 4.458954027062140568e+01 5.287381151808301638e+01 5.481005447301622269e+01 5.481005447301622979e+01 6.309481193343412997e+01 5.086463836034227626e+01 5.305252083795163998e+01 7.305355962500269129e+01 7.884599225421331425e+01 7.884599225421331425e+01 8.708893343390660391e+01 9.420288982570838243e+01 8.591938713331204269e+01 8.717550658052950041e+01 7.889184265127694573e+01 8.717550662528678629e+01 8.330264376927192416e+01 6.335040440245852977e+01 5.183088702760624500e+01 4.289886700570023947e+01 3.584305498630785536e+01 5.037047665792489681e+01 3.066277282030361206e+01 5.061202043778678217e+01 7.030854034266400276e+01 5.872673493561558189e+01 5.043859161505486810e+01 3.523599083904332474e+01 4.276289282399584835e+01 5.691637087281161200e+01 7.693626276967421518e+01 8.714032833566785996e+01 7.714014669280665260e+01 6.885562846403129811e+01
