MOVIE_S12_data/elevation_000619.asc
nrows	50
cellsize	150.0
xllcorner	0
ncols	50
yllcorner	0
NODATA_value	-9999
[rows 0 to 16 of 50, columns 0 to 36 of 50]
8.271705653423140625e-02 2.127631151761726416e-02 9.425194436011796739e-02 4.939197167322698090e-02 3.975871534419905817e-02 6.171646774684565184e-02 1.696294146011132625e-02 1.936121709489252440e-02 4.216450047424835645e-02 2.297044857093000214e-02 6.704298068806634203e-02 4.162315340452049650e-02 3.835349583220235004e-02 2.777463300387698203e-02 2.207885817162396139e-02 7.161913568127860341e-02 9.025521335945362045e-02 3.502399586135773735e-02 8.040414306008919487e-02 3.131346976591601466e-02 7.604099264847130613e-02 2.387740603804927586e-02 5.687112022313325910e-02 4.074439634684711570e-02 8.709178300582484655e-02 7.612946965408906586e-02 1.077918208624280109e-02 9.929772718869623455e-03 4.600412614040166881e-02 2.152795518990661267e-02 2.378824418737431057e-02 9.511189423522797837e-02 9.406546861214974686e-02 1.749038473908382007e-03 2.223905489293687143e-03 6.269637160239108220e-02 9.476101746191394060e-02
7.639902522890137937e-02 2.002127631151726206e+01 2.009425194435976181e+01 2.004939197167287190e+01 6.364314035680984638e+00 2.006171646774648920e+01 1.001696294146019817e+01 2.001936121709453786e+01 1.418430012420532371e+01 2.002297044857057529e+01 2.006704298068770953e+01 2.004162315340416356e+01 2.411916812219903949e+00 1.002777463300379068e+01 2.002207837439700810e+01 1.421375475978636516e+01 2.009025521335909659e+01 3.368357329194697769e+00 2.008040414305973442e+01 1.417344909349699122e+01 2.007604099264811737e+01 1.931423843691004549e+01 1.350563574929436683e+00 2.004074439634649352e+01 2.008709178300546938e+01 2.006279550382802412e+01 2.001077918208588713e+01 6.676596439385565240e+00 2.004600412614004767e+01 1.002152795518999362e+01 2.002378824418702052e+01 1.423724751796605226e+01 2.009406546861179521e+01 2.121744798486624006e+00 2.000222390548893969e+01 2.006269637160203700e+01 1.009476101747666199e+01
7.813061968023242432e-02 1.422026624341130763e+01 3.422026624341201284e+01 3.303098070234841543e+01 1.303098070234771022e+01 3.303098070234841543e+01 3.001696294146055521e+01 3.001696294146055521e+01 3.418430012420602537e+01 3.765747125545386353e+01 2.584093674892742243e+01 5.841888515070066568e+00 1.655405243595025766e+01 3.002777430289550864e+01 3.002777407256639819e+01 3.421375593474107291e+01 2.674897434841464161e+01 6.748974348108778720e+00 2.674897434841464161e+01 3.417344909349769466e+01 3.546017780627271776e+01 1.550446635984116206e+01 2.131388189821618084e+01 3.203527793377758393e+00 2.322220044155701402e+01 3.340028439890200218e+01 3.374766425125180547e+01 1.374766425125110203e+01 3.374766425125180547e+01 2.416366357892119510e+01 3.830579920265088845e+01 3.423724751796534349e+01 2.425375191996918645e+01 4.253751962042719548e+00 2.425375191996918645e+01 3.837905019768538040e+01 2.423689669723581375e+01
1.795629399984677299e-03 1.414393125313080901e+01 3.414393125313009847e+01 4.131525194981061588e+01 3.303098070234841543e+01 2.717311632607891170e+01 4.717311632607961513e+01 5.001696294146125865e+01 4.351955949133354551e+01 2.351955807077134963e+01 9.377422421002835407e+00 2.584188851426924316e+01 3.412615965099241322e+01 4.483832348738684459e+01 5.002776513878504261e+01 4.442664387960263639e+01 2.442664387777275081e+01 1.028450825404154756e+01 2.442664387777275081e+01 4.442664387960263639e+01 4.368586691455553961e+01 3.550029503112650531e+01 2.950723381783805621e+01 9.528084061746833200e+00 5.106133769995755856e+00 2.512761320084195305e+01 4.203193549871400592e+01 2.529466963504382093e+01 4.203193549871400592e+01 4.416366357892189853e+01 4.961036843299206112e+01 3.806384261765386867e+01 2.642305668587461298e+01 6.423056540229271860e+00 2.056519190506631389e+01 4.056507074656193623e+01 4.423691080987305924e+01
2.526786264046545702e-02 2.002526786264010994e+01 3.188856461744105530e+01 3.895963242930771742e+01 4.724390367676991787e+01 4.717311632607961513e+01 5.545738757354181558e+01 5.037950362585267072e+01 3.037950150099942448e+01 1.623736582670331074e+01 2.937742286311345197e+01 1.374178022572272084e+01 2.528878561298724037e+01 3.943092142302285197e+01 5.943092532719873589e+01 4.568051543451725394e+01 2.568051543243180745e+01 1.413351004863908678e+01 2.827564567237030957e+01 4.827564567537866225e+01 5.356728444220684082e+01 3.366472815190650181e+01 1.952804848105532187e+01 2.645543039133884378e+01 6.460704692952994321e+00 2.060277476667398844e+01 4.060087015112927844e+01 4.529466963504452792e+01 5.357894088250672127e+01 5.161272152791430301e+01 4.132676025564960298e+01 2.132678735612852705e+01 9.779781973416000085e+00 2.642305668587461298e+01 1.585114695605061819e+01 2.999328257850055124e+01 4.999328021252459564e+01
8.483503398980346555e-02 5.858337725886086034e+00 1.188856461744141235e+01 1.895963242930701398e+01 3.050663781309973288e+01 5.050663781310043987e+01 6.192651163724568164e+01 4.192650708610806731e+01 3.037950150099942093e+01 2.256192114704109386e+01 3.698620932335689560e+01 1.698620864833802813e+01 3.698620932335693823e+01 5.027048084538552075e+01 6.027048136579549720e+01 5.396478711054684396e+01 3.849786785481672524e+01 1.849786785335901129e+01 3.004487323715173019e+01 5.004487324060063003e+01 5.356728444220669161e+01 3.366472815190650181e+01 3.949405192505848561e+01 2.782709885331674116e+01 7.827876547002478702e+00 1.937487292588405197e+01 3.351650474044443229e+01 5.351109341149363985e+01 5.745882817031829148e+01 3.745772199660816426e+01 2.331531842937719645e+01 1.331531587934876804e+01 2.977978214833606785e+01 3.806405783981524138e+01 2.999328258798155744e+01 2.999328258794967894e+01 4.999328447473116910e+01
4.163169627051844027e-03 2.000416316962669683e+01 3.188856461744176940e+01 3.895963242930771742e+01 4.724390367676991787e+01 5.879090906056263321e+01 7.021078044148910635e+01 5.256192311321144217e+01 3.256192114912650482e+01 4.256192213116889178e+01 4.527048067958518374e+01 3.112834432094040693e+01 2.198620864833811694e+01 3.198620864960470556e+01 5.198621044712039208e+01 5.482779947976990798e+01 3.482779947193317582e+01 2.404486981561139913e+01 4.404486981837939652e+01 5.832914516841240982e+01 6.168409624422599080e+01 5.356728444220627949e+01 4.338852130673045338e+01 2.921035769484922184e+01 9.211305474735162591e+00 2.921035768431902113e+01 4.524132944239696741e+01 5.357103325544641592e+01 6.158387405451570373e+01 4.160691563778813418e+01 2.746606364994083549e+01 1.591909409896526739e+01 3.591920735666474940e+01 4.824500859130545649e+01 4.999328466916054481e+01 4.999328447473116910e+01 5.827757875371055007e+01
2.434392073152260791e-02 2.002434392073116598e+01 2.822380503421335618e+01 4.822380503421405962e+01 6.549896975168336155e+01 6.549896975168263680e+01 7.380788021299926527e+01 6.084619393850019264e+01 4.256192117562589061e+01 6.084619393850019264e+01 5.941261690441243104e+01 4.590853247061750153e+01 2.590853135110186400e+01 4.590853247069711074e+01 6.027048136622970986e+01 6.311207167673506291e+01 5.071153646906417833e+01 3.071153648227794974e+01 4.404486982802186645e+01 6.404487007887648531e+01 6.254215594073492213e+01 5.328988817653300458e+01 3.483365252975367099e+01 1.490235425560103266e+01 1.061140494941116863e+01 2.885661812407610682e+01 2.532340660207492888e+01 3.944507395474622058e+01 5.941460463503388212e+01 5.006948506718926950e+01 3.006140300183448133e+01 3.591568099193054309e+01 1.995970427717418261e+01 3.995986969428403768e+01 5.089070154685296643e+01 5.845018632420207894e+01 6.673634661659021106e+01
5.883922493566802470e-02 8.223805034212999132e+00 2.236594065794420061e+01 4.236594065794490405e+01 4.548963349124132804e+01 4.548963349124132804e+01 6.549896975168203994e+01 7.084619476791542070e+01 6.256192505079732769e+01 7.084619476894714296e+01 6.162582833520886538e+01 4.162582503622503083e+01 3.007881963224343380e+01 5.007882104680654578e+01 6.652805852880163684e+01 6.704146803014860723e+01 4.704146810053482852e+01 4.225854186607005403e+01 5.899580604124841443e+01 6.853103924015341875e+01 4.831131876216411314e+01 3.328389974937115880e+01 2.358577520079232670e+01 3.483365252368343334e+01 3.061729206779595103e+01 1.268104693954559004e+01 3.266894573922232325e+01 4.779165238076718936e+01 6.366887752581852311e+01 5.839862379133557369e+01 5.007156248997183923e+01 4.824171516008070881e+01 3.995986981387878956e+01 2.422371860428646784e+01 3.089038527227334896e+01 3.844967480816001881e+01 5.845018704091777551e+01
2.016265153036126551e-02 2.002016265153000774e+01 3.650807628167389396e+01 4.134873325971584990e+01 3.134723412077234883e+01 5.135023239488290869e+01 6.421573166362460938e+01 5.592417997011188646e+01 5.852111219602324610e+01 6.681294429559434889e+01 6.991009831296666732e+01 5.836309213585434463e+01 3.902309154301821081e+01 3.824378544171867844e+01 4.979079089376503475e+01 6.979079638738949143e+01 6.704146803014860723e+01 6.225854183480629445e+01 7.054281026015402745e+01 7.545757783798130447e+01 6.254215406794449450e+01 5.328988817653300458e+01 4.486457490453093300e+01 3.486798745690676071e+01 1.489322494632117433e+01 3.266888706912777707e+01 1.954201318349110750e+01 3.951915165131729424e+01 4.369205079096224154e+01 6.366887752581852311e+01 6.731886088274390545e+01 4.731775771396988262e+01 3.577072644682720437e+01 3.089038527227334896e+01 3.071257545034534786e+01 5.071288463137091895e+01 5.477977604290273916e+01
1.256007409845548775e-02 2.001256007409810067e+01 3.282006649752358385e+01 2.134723676107001467e+01 4.134873325971584990e+01 5.310454844057721857e+01 5.267272409216634799e+01 3.594125301860102439e+01 3.853250388873826893e+01 5.852111219602324610e+01 7.535303266754132778e+01 5.535302415752038740e+01 5.902309410058382610e+01 4.580307490365151324e+01 6.580307874327856155e+01 7.807506513465666842e+01 8.043800838545919873e+01 7.237372756557948605e+01 6.537837548322607972e+01 5.909830843506684772e+01 4.754715138574684374e+01 4.993500281066762625e+01 4.670072463930230811e+01 3.643213519463295569e+01 1.646065060117845746e+01 3.643212789547055763e+01 3.946122746796575598e+01 2.737295315775159565e+01 4.150605475274104350e+01 6.148539080561442915e+01 7.560548974183420512e+01 6.405707150970327746e+01 5.577121855276719486e+01 3.796145312289367268e+01 3.556328795351249283e+01 4.970547139970147299e+01 6.970670154084997705e+01
1.283213977233468341e-02 2.001283213977198017e+01 1.281920838973798027e+01 3.282006649752358385e+01 4.404047131221366840e+01 3.413183515987090999e+01 3.683865010975048904e+01 2.441589118573787331e+01 3.439738052465636997e+01 4.851557479639065917e+01 6.852664959565589697e+01 7.535303266754132778e+01 7.408734865933715241e+01 5.735008048002035252e+01 7.408734865933715241e+01 8.369744605438192764e+01 6.408419030116907322e+01 5.258788398870135694e+01 4.551905975939995130e+01 3.919294190388601606e+01 3.341855592206794512e+01 2.998990225980889690e+01 2.674915066103891803e+01 3.788094849099802985e+01 1.803787524101490192e+01 3.801323963026636221e+01 4.892747442909730182e+01 4.735786679902278706e+01 3.891233640697627294e+01 5.045465553974726447e+01 7.042393231837510825e+01 7.796437789263562479e+01 5.796194110966862922e+01 4.690572701462272676e+01 4.159351487314138751e+01 5.189334654351633702e+01 7.189487867389932774e+01
9.594114293757748102e-02 5.259918937880074807e+00 2.385226771668715884e+01 2.583346402275929776e+01 2.309496195852382527e+01 2.114375370486168038e+01 1.686232404232758597e+01 3.683865010975048904e+01 5.267272409216634799e+01 6.266784138186791608e+01 6.801294667086675361e+01 6.801294667086675361e+01 7.631026487908387423e+01 7.735008910903511037e+01 8.563435564068996086e+01 9.172047393287932948e+01 8.043800838545919873e+01 7.237372756557948605e+01 5.997713563918219393e+01 4.008629958244259939e+01 5.335212407392359069e+01 4.412080806712784664e+01 4.227438698710618326e+01 2.228680088900975775e+01 3.783070497010435673e+01 2.069986397613018170e+01 3.219876605833247396e+01 5.209227302324775621e+01 5.889466499471220118e+01 6.716026787605449044e+01 7.868543555626750674e+01 8.323889101625395881e+01 6.323600907755966460e+01 6.690660580201097218e+01 4.791807043004711630e+01 6.791892458646034925e+01 8.018156146174293042e+01
3.950229235330715398e-03 1.928451126534085347e+00 3.861924104625416465e+00 5.832582660954011011e+00 7.895425153471792079e+00 1.000360959565617058e+01 3.001301176404228599e+01 4.176915437072494797e+01 5.136036823230252679e+01 5.965550923808429928e+01 4.797567389686787465e+01 4.797567389686787465e+01 6.801294667086675361e+01 7.409240734536899708e+01 7.409240734536899708e+01 8.242659695831332556e+01 8.744270580391027181e+01 6.814667192727752365e+01 5.418767239891988652e+01 4.586106061831010550e+01 6.570582593918953762e+01 6.397171061479983223e+01 5.083076742946481374e+01 4.224656974869123616e+01 4.258523359491100280e+01 2.262604631345183748e+01 4.233890379770773649e+01 5.927811549706008520e+01 6.010661105438109786e+01 6.495566506720018651e+01 7.324161147275682993e+01 8.478647892079958126e+01 8.323889101067847207e+01 7.620527753840207197e+01 5.686235086138780304e+01 6.791892458646034925e+01 8.792259534697140566e+01
7.711341127313005306e-02 2.007711341127277649e+01 1.800422129415796846e+01 1.339125878111070733e+01 2.789780976835874071e+01 3.001301176404228599e+01 1.345900655687339231e+01 3.347400327657934582e+01 3.133381016027394850e+01 4.313651892664200460e+01 3.381174075900742793e+01 5.100451750460580058e+01 5.528226128761043157e+01 5.400424500859688237e+01 5.400424500859688237e+01 7.409240734536899708e+01 8.694616241874544471e+01 8.101594012484228813e+01 7.195934829235335428e+01 5.218397425757982688e+01 7.195934829235335428e+01 7.854836158470469343e+01 5.855227013715553852e+01 4.441314447799354070e+01 4.457462722429102797e+01 2.458149972652023862e+01 4.457462721426968244e+01 5.361888953709152617e+01 4.011011036621228243e+01 4.496250317972074839e+01 5.650744452503493420e+01 7.649614894457145908e+01 9.112711272320852629e+01 8.515091174746675051e+01 7.100487224752274074e+01 8.515091174746675051e+01 8.229825604996005950e+01
9.541454368626212448e-03 2.000954145436827147e+01 3.800533212393484916e+01 2.771371564196068249e+01 2.742148570413865727e+01 4.129142315545117015e+01 2.482782448147085219e+01 1.711011538884416439e+01 1.978221007706566326e+01 2.311458683418215898e+01 2.696291392701774470e+01 3.096414295341831391e+01 3.523289166244609305e+01 3.982977518159690788e+01 4.650976228691023096e+01 5.809029940764850863e+01 7.841046337633021324e+01 8.578268097717391072e+01 6.623353641710545503e+01 6.623353641710546924e+01 8.001046111952810236e+01 7.121818541420525150e+01 6.293232209943418098e+01 4.808245045401008610e+01 2.808478125481938648e+01 4.457462722637538377e+01 2.935701022775331026e+01 3.361985162195981047e+01 5.361888953827891413e+01 6.495566506720018651e+01 5.390664137264862887e+01 6.284510025995932381e+01 7.697396099116326695e+01 9.698027834952010551e+01 9.100877812768024455e+01 8.229825604996005950e+01 6.226567540489061514e+01
2.297228869525369793e-03 1.414443285260060001e+01 3.414443285260130523e+01 4.876817847740052514e+01 3.871412314306984115e+01 5.180819590686788700e+01 4.383129972772360361e+01 2.866007336870896083e+01 2.734191120514154960e+01 2.921248685633262099e+01 4.699379832329923090e+01 5.100451750460580058e+01 5.528226128761043157e+01 5.140050399567272876e+01 6.659625749405276451e+01 6.069365400139605526e+01 8.084640289933538781e+01 9.378738582195086337e+01 8.578268097717391072e+01 8.578268097717392493e+01 7.706863847647987598e+01 5.707686813406488113e+01 4.293769490813404133e+01 3.661184220448001270e+01 3.094020911334574819e+01 5.093949067716123835e+01 4.935508033195452526e+01 3.788477436342426330e+01 4.943219795723015153e+01 6.942433897138674581e+01 6.544508290159224373e+01 8.218355465293456064e+01 9.112711272320852629e+01 8.628441965936879399e+01 7.798180831607227503e+01 7.900954669518326057e+01 6.594172244610193445e+01
