MOVIE_S12_data/elevation_000078.asc
nrows	50
cellsize	150.0
xllcorner	0
ncols	50
yllcorner	0
NODATA_value	-9999
[rows 0 to 16 of 50, columns 0 to 36 of 50]
8.271705653423140625e-02 2.127631151761726416e-02 9.425194436011796739e-02 4.939197167322698090e-02 3.975871534419905817e-02 6.171646774684565184e-02 1.696294146011132625e-02 1.936121709489252440e-02 4.216450047424835645e-02 2.297044857093000214e-02 6.704298068806634203e-02 4.162315340452049650e-02 3.835349583220235004e-02 2.777463300387698203e-02 2.207885817162396139e-02 7.161913568127860341e-02 9.025521335945362045e-02 3.502399586135773735e-02 8.040414306008919487e-02 3.131346976591601466e-02 7.604099264847130613e-02 2.387740603804927586e-02 5.687112022313325910e-02 4.074439634684711570e-02 8.709178300582484655e-02 7.612946965408906586e-02 1.077918208624280109e-02 9.929772718869623455e-03 4.600412614040166881e-02 2.152795518990661267e-02 2.378824418737431057e-02 9.511189423522797837e-02 9.406546861214974686e-02 1.749038473908382007e-03 2.223905489293687143e-03 6.269637160239108220e-02 9.476101746191394060e-02
7.639902522890137937e-02 2.002127631151726206e+01 2.009425194435976181e+01 1.419152759540430253e+01 2.003975871534384368e+01 4.232004748888359202e+00 2.001696294145975585e+01 1.416149684082596849e+01 2.004216450047389131e+01 1.002297044857084352e+01 2.006704298068770953e+01 3.693106870105635764e+00 2.003835349583184566e+01 8.972046543002957009e+00 2.002207885817126964e+01 1.421375475941235322e+01 1.423231153739044608e+01 2.003502399586100324e+01 2.008040414305973442e+01 1.211876141778290839e+00 2.007604099264811737e+01 2.002387740603769473e+01 5.611693486974386857e+00 2.004074439634649352e+01 2.008709178300546938e+01 2.007612946965373268e+01 4.724824389996578944e+00 2.000992977271851458e+01 5.593006088392669106e+00 2.002152795518955131e+01 1.416592386791819891e+01 9.039383804234306652e+00 2.009406546861179521e+01 2.000174903492034773e+01 1.935696883579695937e+00 2.006269636064269690e+01 2.009476101746155763e+01
7.813061968023242432e-02 2.007813061967987878e+01 3.983307226065329587e+01 3.419152759540500597e+01 2.849601907600096240e+01 8.496019076000605352e+00 2.849601907600096240e+01 3.416149684082667193e+01 3.002297044857048647e+01 3.002297044857048647e+01 2.740701363364704335e+01 7.407013633646688966e+00 1.740701363364686571e+01 2.897204654300260174e+01 2.530197816155719082e+01 3.421375475941305666e+01 3.422306160734402880e+01 2.510941965400564158e+01 2.902184544536398292e+00 9.857810465615289175e+00 2.098199694351357181e+01 3.239592570397199722e+01 2.567710045564836818e+01 1.460212427010580782e+01 3.463694440205012626e+01 2.957553689072363667e+01 9.575536890723281402e+00 2.957553689072292613e+01 1.136650878028887668e+01 3.136650878028851963e+01 3.416592386791748481e+01 2.058638918802661877e+01 3.732365505169519793e+01 3.021789144000531380e+01 2.193456332990938407e+01 4.709197859380513940e+00 2.470612762712103461e+01
1.795629399984677299e-03 1.154880101319239927e+01 3.154880101319204400e+01 4.482595069455412329e+01 2.482595069455483738e+01 1.349601907600064798e+01 3.349601907600135320e+01 5.030831897768811700e+01 5.002297044856977237e+01 4.312430729857982215e+01 2.312430729858053269e+01 1.157730191478822057e+01 3.157730191478857762e+01 3.373694525220196283e+01 4.530197816155647672e+01 5.358624940901808742e+01 3.823772354829692688e+01 1.823267608636326287e+01 4.101704580571712278e+00 2.365855619671775401e+01 2.220069520189289136e+01 3.920184275445787137e+01 4.170540126043844253e+01 2.171278615207471674e+01 4.170540126043844253e+01 3.492076172897252206e+01 1.492076172897181507e+01 3.492076172897252206e+01 1.769106410062552470e+01 3.769106410062481416e+01 4.887066043548751537e+01 4.058638918802590467e+01 4.478853032370568599e+01 3.047839514097113067e+01 1.048267391510843893e+01 6.973751904967226523e+00 2.696843917890333486e+01
2.526786264046545702e-02 1.416740348637129010e+01 3.416740348637058133e+01 5.311022194201573399e+01 4.178029032346154281e+01 2.763815469973184946e+01 2.202404773022521667e+01 3.616618335395666861e+01 5.616618335395737205e+01 5.140857854603597588e+01 3.629134712269790697e+01 1.629134712269862106e+01 3.629134712269932805e+01 5.373694525220266627e+01 6.202121649966486672e+01 5.656039741263737142e+01 3.654107599373018189e+01 2.529445354388318279e+01 5.309947961557637264e+00 2.529424604858698444e+01 3.935402797682397136e+01 4.708298166165074861e+01 4.997471073966562471e+01 3.327198485889300628e+01 4.997471073966562471e+01 4.095098862052790167e+01 2.095098862052719468e+01 4.095098862052790167e+01 2.585602990990264161e+01 3.769106410062482126e+01 5.769106410062411072e+01 5.145284607409598721e+01 3.650686076250214285e+01 1.651270223432708661e+01 2.929333349657145646e+01 9.267909129539107838e+00 2.752656010882099125e+01
8.483503398980346555e-02 2.008483503398944947e+01 3.180789275307901676e+01 3.887896056494496833e+01 4.716323181240716167e+01 4.763815469973255290e+01 3.357105311401814163e+01 3.616618335395666861e+01 5.616618335395737205e+01 4.783835250649205051e+01 2.783835250649134352e+01 2.523561903269793660e+01 3.043348274642982076e+01 5.043348274643052775e+01 6.296690656050846258e+01 5.473955314890056911e+01 3.653160687720717448e+01 1.652068769601367038e+01 6.524859058649131960e+00 2.650836765690047159e+01 4.092350008872700329e+01 4.092350011853341130e+01 6.088704745674270669e+01 5.322566230564189027e+01 6.149788706011396044e+01 4.802205643239349797e+01 2.802205643239279453e+01 4.802205643239349797e+01 3.585602990990228989e+01 5.414030115736353821e+01 5.730759677861338730e+01 3.731545348311463783e+01 2.317854891968025299e+01 3.650686076250214285e+01 3.201775121631792587e+01 1.198956337708697717e+01 1.575663877761738085e+01
4.163169627051844027e-03 5.777665861523334279e+00 1.180789275307865971e+01 1.887896056494426134e+01 3.042596594873698024e+01 5.042596594873768368e+01 4.771318873774959002e+01 5.616618335395737205e+01 6.445045460142057436e+01 5.612262375395538072e+01 3.938535789028426848e+01 3.523561903269828832e+01 5.043348274643052775e+01 5.871775399389419903e+01 5.473955314890056911e+01 3.496802261400276990e+01 3.889628242218728360e+01 2.375311748285622926e+01 7.753442775980259327e+00 2.773729449439003147e+01 2.093850769660003763e+01 3.919875710597090546e+01 5.331653081324448351e+01 5.977579544617706375e+01 6.196428180670972807e+01 5.630632767985569842e+01 4.216419205612424292e+01 4.802205643239350508e+01 4.999816553363274352e+01 6.414030115736218818e+01 5.169540598521412278e+01 3.170394102436768691e+01 3.731545348311463783e+01 5.145284607409598721e+01 3.479683842182443243e+01 1.476305906073122465e+01 3.477367752473947604e+01
2.434392073152260791e-02 2.002434392073116598e+01 3.180789275307901676e+01 3.887896056494496833e+01 4.716323181240716167e+01 5.871023719619988412e+01 6.771318873775101110e+01 6.849800444987674553e+01 7.678121315650525958e+01 6.766962913774978006e+01 5.938535789028497192e+01 4.937775465642973671e+01 6.351989028016291172e+01 6.339316337933050249e+01 5.445939392264165235e+01 4.075896983323743683e+01 2.092329926403983364e+01 1.275648046516337963e+01 2.493904433243817209e+01 9.622467526821218087e+00 1.095276554595996643e+01 2.507758400102996887e+01 4.112655628731653934e+01 3.976501537000642372e+01 4.195410046502963297e+01 6.196428180670972807e+01 6.216419205612494636e+01 6.802205643239491906e+01 6.999816553363132243e+01 6.583271469301064371e+01 4.583954098298958257e+01 4.064403356925739530e+01 5.730759677861338730e+01 4.924839274208694917e+01 2.917604029129122623e+01 1.762018104466515211e+01 2.656747423880965897e+01
5.883922493566802470e-02 2.005883922493531202e+01 3.182389223498232411e+01 3.889496004684827568e+01 3.889496004684827568e+01 5.889496004684897912e+01 6.523470456604933077e+01 4.849815879922565642e+01 6.523470456604933077e+01 6.303933658428073272e+01 7.132274985254757382e+01 6.937775465643115069e+01 6.664880358027433260e+01 4.665680286609271832e+01 3.514210380534874645e+01 2.621930267980922125e+01 1.866117827531421725e+01 3.274460870275306945e+01 3.708056911459163985e+01 2.960537071655443242e+01 3.093454495079488353e+01 1.287243653967633961e+01 3.285271192215996194e+01 2.562625184261383282e+01 4.562603715748414857e+01 5.869859963894568011e+01 6.716280285086193658e+01 7.187870996789813205e+01 8.016222357442320856e+01 7.411587378920879132e+01 6.583271469301064371e+01 5.218548661509289133e+01 6.891905389907938684e+01 5.756547135191004827e+01 4.082931206020911929e+01 2.078238544915793184e+01 4.082931206020911929e+01
2.016265153036126551e-02 5.793665343426643410e+00 1.182389223498196884e+01 1.889496004684756869e+01 3.303709567057902063e+01 5.303709567057972407e+01 5.695108812690451572e+01 3.695115360850626018e+01 4.889729254487508570e+01 4.303946610407567874e+01 6.303933658428073272e+01 7.872731506148825531e+01 7.493954416371744287e+01 5.831348777649910886e+01 3.834147876917136699e+01 2.682357223125900347e+01 3.278623248394179512e+01 4.691191206536207403e+01 5.193577515791488963e+01 3.810104516709126443e+01 1.811598756333840043e+01 3.285271103993060393e+01 1.495636102162046122e+01 3.493570223501588856e+01 4.340001008700271257e+01 3.706312680940857973e+01 5.869859963894568011e+01 5.187609643693340900e+01 6.861446052669947449e+01 7.839321416344053262e+01 8.046350764033606140e+01 7.217998051810246807e+01 6.928830003379762559e+01 4.998243054063891577e+01 3.592752486889149566e+01 2.437431464584053842e+01 3.234168479035548671e+01
1.256007409845548775e-02 2.001256007409810067e+01 3.182389223498161357e+01 3.889496004684827568e+01 4.717923129431046902e+01 6.022730808097585964e+01 4.939182342295207206e+01 2.939186414836843753e+01 2.889733148018560627e+01 3.889733147426617421e+01 5.044433645007362088e+01 7.044415319952001653e+01 8.326742557116151033e+01 6.660135895948867812e+01 5.384002982483679034e+01 3.387872549924814791e+01 5.275307916984900203e+01 5.779884742594259706e+01 3.778629678893523192e+01 2.364859421086892866e+01 3.810104516709126443e+01 4.283407497170153988e+01 3.125073454433762166e+01 1.710390718684580236e+01 2.274104454959605093e+01 4.230709453279968102e+01 4.767515414895132864e+01 4.032081803706044099e+01 5.839362354588455872e+01 5.839362354588455872e+01 7.374996694301096056e+01 8.374816498527889053e+01 7.044001364786714703e+01 5.285068122827554760e+01 3.254365744742660382e+01 2.953888808236381536e+01 4.960052263507833459e+01
1.283213977233468341e-02 2.001283213977198017e+01 3.654517821556440538e+01 4.809218361031831535e+01 5.575527272837967985e+01 4.608549058997765968e+01 3.194367309897946683e+01 2.272519748170203613e+01 4.272517057698097886e+01 3.742536013408241047e+01 4.498464959195406720e+01 5.498464944578539360e+01 7.498443149933636676e+01 6.797766347461492842e+01 4.798403022723648093e+01 5.384002982483584532e+01 6.212617307708357117e+01 5.031902473643014417e+01 3.030546201216642288e+01 3.518917651073747521e+01 5.193577515791488963e+01 5.283886915224426417e+01 3.254829275261545973e+01 3.322924281671998870e+01 1.933332128589821863e+01 2.346967804145664260e+01 2.769296192361443687e+01 3.283074974540016910e+01 3.837714780876459741e+01 4.546068036008406921e+01 5.546899044394376688e+01 7.546477964648815373e+01 6.235618008927887246e+01 4.197827176377296610e+01 5.158281433745057853e+01 3.509151351604423752e+01 5.519942712040231214e+01
9.594114293757748102e-02 8.260906952214909893e+00 1.980791233600762880e+01 3.980791233603276424e+01 4.161340499425135420e+01 2.747153726012419028e+01 1.780153784252881266e+01 3.194367309897946683e+01 5.100908309967296361e+01 4.897236528742482164e+01 6.498454047256088018e+01 7.326795417664419574e+01 8.326742557116151033e+01 7.626831592727768339e+01 6.797766347461492842e+01 7.231653316906771067e+01 5.231018237332538234e+01 3.815400629486209994e+01 4.186045458061588675e+01 5.520258249284876229e+01 6.348921920990387235e+01 6.133221341393985426e+01 5.317004158352003174e+01 4.687771884776149989e+01 3.931099369538065957e+01 2.176258322139679890e+01 4.175323933866859250e+01 5.284204963546984146e+01 5.839362354588455872e+01 6.546688504521591767e+01 7.374996694301096056e+01 8.374816498527889053e+01 6.980431533680808798e+01 5.069877453557672453e+01 6.264650929875242014e+01 4.329169011967177738e+01 4.931560670017400838e+01
3.950229235330715398e-03 2.000395022923497379e+01 3.654517811241749570e+01 3.887565214807921166e+01 3.332938589615719849e+01 1.332940188752930943e+01 3.332938614131506938e+01 4.608549058997765968e+01 6.022730808097585964e+01 6.897220523053346142e+01 7.725543994663841829e+01 7.647012220924702319e+01 6.820887509497117662e+01 7.647012220924702319e+01 8.300779828896962442e+01 6.300627273406400519e+01 4.885667518646923924e+01 4.971376238600314679e+01 6.187364644896524624e+01 7.015932753128866750e+01 7.352234858544784402e+01 5.351577789069405355e+01 5.351577789035250277e+01 4.597420865703611526e+01 2.595239360299446929e+01 4.175323942719600723e+01 2.479010250802338078e+01 3.894026108145731513e+01 5.896567600261390396e+01 6.831087464590034131e+01 7.659421756350957367e+01 8.659288284525412394e+01 7.813768326512021645e+01 6.178615494300667166e+01 7.168420500579978238e+01 5.337470026447812899e+01 6.940422617748535572e+01
7.711341127313005306e-02 2.007711341123356874e+01 2.314741075691757999e+01 1.887564955358919505e+01 2.633995124893563400e+01 1.038056276443139225e+01 2.452269822314796244e+01 4.452268126603339482e+01 4.986150327082923894e+01 4.986157561862803078e+01 5.814557387359467100e+01 6.340778292008569395e+01 4.821851400513472186e+01 6.648167033897037470e+01 7.647012220924702319e+01 7.714961952765074216e+01 6.041084547931019699e+01 6.972121501678306288e+01 7.800625241793719056e+01 7.820457431706890361e+01 6.665718882401277767e+01 5.351577789069405355e+01 3.347530407676314468e+01 3.030799170247527030e+01 4.597420865821577252e+01 4.700446680744670402e+01 2.697155726199892101e+01 4.700446680730880900e+01 5.830762509010271089e+01 4.830437553441715437e+01 5.831238675110962788e+01 7.830936254069099789e+01 8.941856911031213428e+01 8.121549597635075202e+01 8.169800566184913748e+01 7.345440063383847473e+01 8.169800566184913748e+01
9.541454368626212448e-03 1.576062354344539562e+00 3.147410756981309010e+00 4.733513928417591110e+00 6.339952586222582731e+00 2.633740398283459783e+01 3.116036293605350238e+01 3.342534730199015058e+01 2.986166350204604569e+01 2.986166363028349124e+01 4.986157781620313045e+01 4.341620222136302232e+01 3.821856470907517433e+01 4.821851400513472186e+01 6.235872150049823404e+01 8.233239524471333937e+01 8.041260542246891418e+01 8.869766540495388085e+01 8.397656826814477427e+01 6.992178917375863989e+01 4.991903712667018311e+01 3.834552840552323971e+01 5.351577789069405355e+01 5.034710075940463270e+01 5.101312655425033427e+01 3.096868641255040444e+01 4.700446680744851591e+01 3.222549538474768838e+01 3.827831662332614826e+01 5.830762509015630712e+01 7.659421756236501722e+01 8.659288284525412394e+01 9.934184638879804652e+01 8.923482687585502049e+01 8.094394565834045352e+01 8.094394565834045352e+01 8.652210075246733822e+01
2.297228869525369793e-03 2.000229722886870931e+01 2.314741075698603723e+01 2.473351392842244323e+01 2.633913522321181233e+01 9.140512754278578456e+00 1.116081784338298277e+01 1.342537191167215482e+01 1.571952925037775373e+01 3.571950154989144721e+01 4.171496713533250755e+01 2.927429493402050298e+01 4.927160064138078610e+01 5.843406492855914536e+01 6.671792293732225687e+01 7.566195799980779668e+01 8.720845095114420076e+01 8.891747947419713682e+01 7.569396818832136375e+01 5.569858378181548630e+01 4.413949047106065393e+01 4.837118421999331730e+01 6.665718882401277767e+01 6.805355368696820051e+01 4.804558416440273305e+01 3.386368165786965534e+01 5.390578275978841560e+01 5.226856136335636904e+01 3.932251373777639003e+01 5.089481262575171172e+01 6.504426622650258594e+01 8.504502353400401660e+01 7.933832831898352822e+01 8.094394565834045352e+01 6.094619839817521978e+01 6.094619839817521978e+01 6.652317154376856934e+01
