MOVIE_S12_data/elevation_000051.asc
nrows	50
cellsize	150.0
xllcorner	0
ncols	50
yllcorner	0
NODATA_value	-9999
[rows 17 to 33 of 50, columns 0 to 36 of 50]
5.436832538903087209e-02 1.419650394911985636e+01 3.419650394911914759e+01 4.488438323809268127e+01 5.209961255888796217e+01 3.838751651403730136e+01 1.872463216755132365e+01 3.633141973409318837e+01 3.276790962150167985e+01 3.512493545020120678e+01 4.340787325898171645e+01 2.733046247748538349e+01 3.887757025336703265e+01 5.887654357054803711e+01 5.395068797359687096e+01 7.394840483292955469e+01 9.312081369621498084e+01 7.318080904146481203e+01 5.905959475184786100e+01 4.939356532400638855e+01 6.937392998371822728e+01 7.053870015011050043e+01 7.145600224296758540e+01 5.727180821072688843e+01 3.726536468434179739e+01 4.704554059690074297e+01 6.119114368662167891e+01 6.281441453413884091e+01 4.285250891612409418e+01 5.700642992597592951e+01 7.704968250560780518e+01 8.798395229440311027e+01 6.838554913564411208e+01 7.417394046999005752e+01 6.428450959106096718e+01 4.429537739808319685e+01 6.428450959106096718e+01
9.647730019007895452e-02 7.655766760374656421e+00 1.660003867037397285e+01 3.074217430248948446e+01 5.074218519165189178e+01 4.357459461715134097e+01 2.357537495715052245e+01 4.357459461718595861e+01 5.276715730164936957e+01 5.512407896831503251e+01 5.561360136911032725e+01 3.733057812676681664e+01 3.164379420429701284e+01 3.980893017440352111e+01 5.980788346606761507e+01 6.642322782056935182e+01 8.642034410780611609e+01 8.728361859477746520e+01 7.408166874199017116e+01 5.410842474181726658e+01 7.408166874199017116e+01 7.472604301502690305e+01 5.471396212297376138e+01 4.316332617317598164e+01 4.226554814102816948e+01 6.227389490062644484e+01 7.533674677634257932e+01 7.114090629087442608e+01 5.180016034237299749e+01 5.700658194985944505e+01 7.705319472282033644e+01 8.812031587217940398e+01 6.839716263240616456e+01 5.432015160710131596e+01 5.851358957889107870e+01 3.851115361472758281e+01 5.095358999824100721e+01
9.953738903938927352e-02 2.009953738903903542e+01 3.594006002360866603e+01 4.488438323820579257e+01 5.887685686242824090e+01 5.185142348255298117e+01 4.357459461718595861e+01 3.174120098599619055e+01 5.173842860780697350e+01 7.000424925438622381e+01 5.732968374558916480e+01 5.732968374558916480e+01 5.164334499048671745e+01 3.642478890027047811e+01 4.642495470602840868e+01 6.642322782056933761e+01 7.792206907393811832e+01 8.792058238337131115e+01 7.923594880111865280e+01 5.927350797042507224e+01 7.923594880111865280e+01 8.300630137640433759e+01 6.788864923448224431e+01 4.787786740482142989e+01 6.227389490062644484e+01 5.011148363856185028e+01 7.012309443532990372e+01 8.014748062242281890e+01 6.336321939638473566e+01 7.705319472282033644e+01 8.535995976553834907e+01 8.553542722551483735e+01 7.553746353817794557e+01 6.426544160956979113e+01 4.432291878279985298e+01 5.091401095834126522e+01 3.093845326233957849e+01
3.582433992925927735e-02 2.003582433992890444e+01 3.059258561496534057e+01 3.059258561496534057e+01 4.554352352909467072e+01 5.448779543909398626e+01 6.001270318506743706e+01 5.173842860780697350e+01 4.174388933377359479e+01 6.173296788184024564e+01 7.732740195667281569e+01 7.056480339900141985e+01 5.056681909797983110e+01 5.642409308968692727e+01 4.208183453839510690e+01 4.964124234126317248e+01 5.964051613183461598e+01 7.963761043421507679e+01 8.499399684107726216e+01 6.504753332581590541e+01 8.499399684107726216e+01 8.422631366714173851e+01 6.421684294274200511e+01 5.342612931476529781e+01 7.343930565639089991e+01 6.426213395715359411e+01 5.954401735241964388e+01 7.955757686817942442e+01 8.342030077030183577e+01 9.172690801030509533e+01 9.137618591402284096e+01 7.137609042839095252e+01 5.725691564022211821e+01 4.726335820766634299e+01 3.908541066440102441e+01 3.536266039791433968e+01 4.733039445868490702e+01
8.338298177320474514e-02 5.247360776716448960e+00 1.059258561496498352e+01 1.725925228163176683e+01 2.620352419163108237e+01 4.034565981536253076e+01 6.034565981536323420e+01 7.000424925438622381e+01 6.173296788184024564e+01 5.806832975910317884e+01 7.803873761997117242e+01 7.884783601574136469e+01 7.056480339900141985e+01 6.107383740804496597e+01 4.693272384502186156e+01 6.693085728293971215e+01 7.792206907393811832e+01 8.792058238337131115e+01 9.163580091854093723e+01 7.171038868614988360e+01 9.163580091854093723e+01 9.250217095510775778e+01 7.947407360923344299e+01 5.945901261279367844e+01 7.947407360923344299e+01 8.427270471027554777e+01 7.110111833543750492e+01 7.369836716662156562e+01 9.370296039446797920e+01 9.792299699817134240e+01 8.791472075569522815e+01 7.961107430413419195e+01 6.525520002475289516e+01 4.527054953872637100e+01 5.908780298912192563e+01 5.537342285285145493e+01 5.489345616817798401e+01
1.813270376062421294e-02 2.001813270376026921e+01 3.059258561496534057e+01 3.725925228163247027e+01 4.554352352909467072e+01 5.448779543909197542e+01 5.456043481694602093e+01 6.284478030615202471e+01 7.284482321328715670e+01 7.803873761997117242e+01 7.516088263797692548e+01 8.345435321524456640e+01 8.935392692276407445e+01 7.521388216540442784e+01 6.693085728293971215e+01 5.546047898447060476e+01 6.960072899430950599e+01 8.959768463509199421e+01 9.989686446657125884e+01 8.168183987815248770e+01 9.989686446657125884e+01 9.362087133134018302e+01 7.361427812858796926e+01 7.101671988344055819e+01 8.775292056627667137e+01 9.938131196008293955e+01 9.110931404995434946e+01 9.370296039446797920e+01 1.019735753510471312e+02 8.960683160626916788e+01 6.961531700199911654e+01 5.963545640167937734e+01 5.257475485450367358e+01 5.681177215816533987e+01 7.354558333453731223e+01 6.902936200483352991e+01 4.903817225420628034e+01
2.351309638313057310e-02 1.157051848017554541e+01 2.571265410390624595e+01 4.571265410390508777e+01 5.284475256852496727e+01 4.456043271088963564e+01 3.456043060483332141e+01 4.456043060612042694e+01 6.456043902777160781e+01 7.190344050550386612e+01 5.516051101295084891e+01 7.190344050550386612e+01 7.976692300452920392e+01 8.806351384203240684e+01 8.374068515187491357e+01 7.545770169840804442e+01 6.700599281193214551e+01 7.855122645630510192e+01 9.854822082375602577e+01 9.575061057191047098e+01 1.098589922111742680e+02 1.018915630039654019e+02 9.362087133134018302e+01 9.102703364745731562e+01 9.929919108399741390e+01 9.987460547258430665e+01 9.153698639434321649e+01 8.892048221181747181e+01 9.726040889331019912e+01 9.792299699817134240e+01 8.791472075569522815e+01 7.254862686552552020e+01 6.255848989621654965e+01 7.678913698541964550e+01 8.509020528849438847e+01 7.731097087805488854e+01 6.902936200483352991e+01
2.372884694381488524e-02 2.002372884694345956e+01 2.890853056052404924e+01 3.283085390035234497e+01 3.700114245466522789e+01 2.456043060476627105e+01 4.456043271088963564e+01 6.284478030615202471e+01 7.284482321328715670e+01 6.361366269637557025e+01 4.361307568401894486e+01 6.361366269637557025e+01 5.976288547266005224e+01 7.455012604268026166e+01 8.284478466513657224e+01 8.124969188839600065e+01 8.700295074272484896e+01 9.528591506692782787e+01 1.068311424091305497e+02 1.156867204302202197e+02 1.128131148581865517e+02 9.263536075771067146e+01 9.263536075771065725e+01 9.349987274096427825e+01 1.018513034207604449e+02 9.153698639434321649e+01 7.138568895856010954e+01 6.877220220780650095e+01 8.481988724908207189e+01 9.315970345400964447e+01 1.008738910531878332e+02 9.084607699582950602e+01 8.253876383483131463e+01 9.084607699582950602e+01 8.337232672766997155e+01 7.508766086411628748e+01 7.289992319060777959e+01
6.296921807001566729e-02 2.006296921806966083e+01 8.908530160676312093e+00 1.283085286344002718e+01 1.700114114458159520e+01 3.700114245466522789e+01 4.456043271088964275e+01 6.456045544125603897e+01 7.294525704266892774e+01 5.654238734430108337e+01 3.653662993509185952e+01 5.654238734430108337e+01 4.821641229267332562e+01 5.454621297978309968e+01 7.339860686734120065e+01 6.123926756804726779e+01 7.342641115635349536e+01 8.050213405887754448e+01 8.883196735752187578e+01 9.782793281760908144e+01 1.069080349732920325e+02 8.672342552628400369e+01 7.247225400556320096e+01 7.333508455721909058e+01 9.020960581922629729e+01 8.409705896751721355e+01 7.728786732779381907e+01 5.714510084902796905e+01 6.467261134500363084e+01 8.481988724908207189e+01 8.767601462433226800e+01 9.604848364256099558e+01 8.973894354294925790e+01 7.973923238781499379e+01 7.145480532060001622e+01 5.508851134526945970e+01 5.290082133941825759e+01
8.175220331382776484e-02 3.563305322427777533e+00 1.511031070457172376e+01 3.283085154434835573e+01 3.700114245466522789e+01 2.965025178704985365e+01 4.379238750589421869e+01 6.379239933418311637e+01 6.388171879867888947e+01 4.465162031575995627e+01 3.050068519167973236e+01 4.821426882012311665e+01 3.821153821859707023e+01 5.540477529258417633e+01 5.339579880336912510e+01 4.709935070983307526e+01 5.342359677001125107e+01 6.049256422403893652e+01 6.943315430232178187e+01 8.358052794012513687e+01 1.037015856550719235e+02 1.009872680908056992e+02 8.185772685492716505e+01 6.172131615745638555e+01 7.424687899736029806e+01 6.394646642620087107e+01 6.580590527462274508e+01 5.037295958421307773e+01 7.057361183487188327e+01 7.336583952156355792e+01 6.743837091406282980e+01 8.767601462433226800e+01 8.145412136905919454e+01 6.145548927214085211e+01 5.145574812121158459e+01 4.478910838956309703e+01 3.875888681992373819e+01
7.631710034972485901e-02 2.007631710034937100e+01 3.184756742486120018e+01 3.511026497744627761e+01 5.510974411677201346e+01 4.965025534658887807e+01 5.793459025758622261e+01 6.031657073694300664e+01 4.973540119515176627e+01 3.558887104050897676e+01 2.515984368382036607e+01 2.820364323736494327e+01 3.174091404730068788e+01 3.539773768494968920e+01 3.925166278266040365e+01 4.557933495373431754e+01 5.557825013743384801e+01 6.712178495986447047e+01 8.713309523611211205e+01 9.782586861734850459e+01 1.027359310916463784e+02 1.005784720875347773e+02 9.020960581922629729e+01 7.424687899736029806e+01 5.409319857911174978e+01 4.963752819838941122e+01 4.550201588119560370e+01 4.504494751747193249e+01 6.253578091424078167e+01 5.310465512792156062e+01 7.336583952156355792e+01 8.660241719660130855e+01 8.973894354294925790e+01 7.973923238781499379e+01 7.145480532060001622e+01 6.478845292080390550e+01 5.189864914150835062e+01
9.124702163186203252e-02 1.423338264536293707e+01 3.423338264536364051e+01 3.943517973068470184e+01 4.125976634377642682e+01 4.212912345545253601e+01 4.953867998170527898e+01 4.429679783146293914e+01 3.202949405947375539e+01 2.146305063850404693e+01 4.144810516352050200e+01 4.821426882012311665e+01 5.175186610840128054e+01 5.540477529258417633e+01 5.925448564253358086e+01 6.557890499935868434e+01 5.971945089364113102e+01 7.972487856948467311e+01 9.544087718218929695e+01 1.027479087108422959e+02 8.268925326711944024e+01 8.049138646076522718e+01 9.466335342921425422e+01 8.258368148420309751e+01 6.573207724737333990e+01 6.984512104795766163e+01 5.435774034875588256e+01 3.980518327513415500e+01 4.210075723441117646e+01 6.234271507484834984e+01 5.842946203154356510e+01 7.259738878786089344e+01 9.238226857021906824e+01 8.190558533527322993e+01 7.190573016718050781e+01 6.362123018838224908e+01 5.695475153069440921e+01
8.187870513261463756e-02 2.008187062399170841e+01 3.357750726494735716e+01 1.943410417586420635e+01 2.102906045764267162e+01 2.229651622733023331e+01 4.155020917345159148e+01 2.922563151379545587e+01 1.791909060471379078e+01 3.788722045531466875e+01 4.452581523952634512e+01 4.937989385732583258e+01 5.473002530246692032e+01 6.076422584549806771e+01 6.783754740430192953e+01 7.612709086188026220e+01 7.972487856948467311e+01 8.802774535585798787e+01 1.077581804704722970e+02 9.617635454089123925e+01 8.637475762985087613e+01 6.626875861249457955e+01 8.637420799478863387e+01 9.419131105564650852e+01 8.587186217337446692e+01 8.287982102571677956e+01 6.863170009004934968e+01 5.605607130404455063e+01 3.544071485625823215e+01 4.400253782523250123e+01 6.429954940437843902e+01 6.841794097420957144e+01 8.849165463455810254e+01 7.362073664243055759e+01 5.362172373433396899e+01 4.362181590282350641e+01 3.695515273842008952e+01
2.239863785106879432e-02 2.002239863785071350e+01 2.308330934863094086e+01 5.291916326160392536e+00 6.873055156244588737e+00 2.663390270570107532e+01 3.078995115842509733e+01 3.250723070405569359e+01 1.551587157681067808e+01 1.996960462298057237e+01 2.453103176944730279e+01 2.936619078658041815e+01 3.471188057598034504e+01 4.075132053089635775e+01 4.783155278432753477e+01 5.938276917097172714e+01 7.352544559133083624e+01 9.353800746220571227e+01 9.948465368093960137e+01 7.938861665326314210e+01 6.777529231124559317e+01 5.955215412741206649e+01 7.255994951076029054e+01 7.796680620308967491e+01 8.627740655144715731e+01 8.083431928205706640e+01 6.788226275310421443e+01 4.753823048176197830e+01 3.282975095019488521e+01 5.349685957562470406e+01 4.813279818583269076e+01 6.252761076630999781e+01 8.263845604897657893e+01 8.190558533526011331e+01 7.190573016717166865e+01 6.362123018838224908e+01 5.528893100896630841e+01
1.991760116496149591e-02 1.549355826968708216e+00 3.083285804663452367e+00 2.295940504127701232e+01 2.687362466618560575e+01 9.174654725861460136e+00 1.082954298281759087e+01 1.252538443932502155e+01 1.549419588343693732e+01 1.850581763979250027e+01 3.846210826676723826e+01 4.937989385732583258e+01 5.473002530246692032e+01 6.076422584549806771e+01 6.783754740430192953e+01 7.612660711904270272e+01 7.835988019174560293e+01 8.653765804131123218e+01 9.796709724601062419e+01 9.616354130006564560e+01 8.677310318826010871e+01 6.666944261456454512e+01 5.238170651521648580e+01 5.781684379541092511e+01 7.465865777866260089e+01 7.249944599372498999e+01 5.220625299562267685e+01 5.100897503884483797e+01 3.032298162586945978e+01 3.613803201275991483e+01 5.671796678965989003e+01 7.671444628294341328e+01 8.953068041109483488e+01 8.333817787159622981e+01 6.333938627064339499e+01 5.179278737972107649e+01 4.284856941369157113e+01
1.766589122093755945e-02 2.001766192172942027e+01 2.308330531428223509e+01 2.308330491012916497e+01 2.915606091630547780e+01 2.335073821435659269e+01 1.252691329931657904e+01 1.692556343017933784e+01 3.498367729735220877e+01 3.846210826676723826e+01 2.289443225492788514e+01 4.287508270294983248e+01 5.197833675923607899e+01 5.615009770113714893e+01 6.086492212328150231e+01 6.689487001599925975e+01 5.844147409346047795e+01 6.997511108700594207e+01 8.981399383562941807e+01 8.775083312036461791e+01 7.936978623113236608e+01 8.087020536542051730e+01 6.633321416156101691e+01 4.603812674573191543e+01 6.633323514985899294e+01 6.587045715047210592e+01 5.407466397215117837e+01 3.537195459696728506e+01 2.807926942443488016e+01 4.874987924147001905e+01 4.925680699380496463e+01 6.102827673069479175e+01 8.120704167073675706e+01 9.162356710367114943e+01 8.007659863142163204e+01 6.991878115456675857e+01 4.991961582043236234e+01
6.490672536223988931e-02 1.351604812784314547e+01 2.958241712280543112e+01 4.308339842253946728e+01 4.911483949894638101e+01 4.396981812386749056e+01 4.786970996261131717e+01 3.898638964415089703e+01 3.898638964415089703e+01 4.920052364698058511e+01 2.919770431192895188e+01 2.812589544596297131e+01 3.197039960609181364e+01 3.614293100889560151e+01 4.086148399809156473e+01 4.689558270479499669e+01 5.844290341566952662e+01 7.844817854106550215e+01 8.842130287053096538e+01 7.836039661303094306e+01 5.915630864524913335e+01 6.286248775164514768e+01 5.723223953326211699e+01 4.210423275845683122e+01 6.249803104695215694e+01 5.750330674373610407e+01 3.697433212303261740e+01 2.502992404922212799e+01 4.554801447937175851e+01 4.500160298142139226e+01 6.537967904070636393e+01 7.789462283446063395e+01 7.585318058197142932e+01 7.479811541491571347e+01 8.312573903157486654e+01 7.820342430633785114e+01 5.991940101650637729e+01
