MOVIE_S12_data/elevation_000597.asc
nrows	50
cellsize	150.0
xllcorner	0
ncols	50
yllcorner	0
NODATA_value	-9999
[rows 17 to 33 of 50, columns 0 to 36 of 50]
5.436832538903087209e-02 2.005436832538867620e+01 2.409549538535951640e+01 2.032277523509692685e+01 1.987186997874847449e+01 1.832486459560675129e+01 3.832486536575607516e+01 5.076023671620212951e+01 4.016338584461774275e+01 3.797540146324821109e+01 4.151098301238443611e+01 4.529069725571837068e+01 4.747878338955695199e+01 6.115085300620179254e+01 8.115776142749943745e+01 8.439552722728858214e+01 9.268348066769183902e+01 9.727700462267459613e+01 8.895499233180707677e+01 8.207537201110655189e+01 6.595373896735382857e+01 4.598506900791642948e+01 4.747711673554233869e+01 4.854963535903659988e+01 3.258898721559366152e+01 4.673309898368950144e+01 6.673140722053528862e+01 7.110219752593908993e+01 7.938981238155407993e+01 7.380560501161713205e+01 6.795048015893438276e+01 7.013723207258577474e+01 9.012799279797557972e+01 8.124206518523817522e+01 6.124258635667119677e+01 6.043383967721824490e+01 6.043383967778184740e+01
9.647730019007895452e-02 2.009647730018972211e+01 3.654877444577962109e+01 4.032282219360854469e+01 3.401400541920595799e+01 3.246700021354217824e+01 3.246700022787980799e+01 5.246700282816956218e+01 5.430673921844850582e+01 5.797784560825547118e+01 6.151389377364628075e+01 6.529420056741888345e+01 6.748279398090842562e+01 7.577019746107002618e+01 8.167138886393540531e+01 8.167138886393540531e+01 8.993477303393339639e+01 8.571764495453921029e+01 6.896247168243523618e+01 8.479908141705493563e+01 7.427428686947924064e+01 6.012154712055172467e+01 6.742343389307983159e+01 5.557221604204740117e+01 3.556962607944527122e+01 5.557221604210030108e+01 6.842204376436788493e+01 7.670484655143667396e+01 8.670111047396601123e+01 9.379609621771442107e+01 8.794112684349212827e+01 9.012799279914463568e+01 9.033375368351461532e+01 8.124206518335957128e+01 6.124258635667117545e+01 4.710092286398688799e+01 4.043490644241646237e+01
9.953738903938927352e-02 8.264503198316720756e+00 1.981150858210943966e+01 3.981150858211014310e+01 5.401396630832783075e+01 5.246698927213134311e+01 5.246700282816956218e+01 6.075129049831776484e+01 7.431239386032912364e+01 7.026767022501503845e+01 6.207068211238065203e+01 5.993390795612918254e+01 5.996419105466802790e+01 6.836783214228587724e+01 6.171048586783814471e+01 6.171048586783814471e+01 8.167138886393540531e+01 7.678574757728770805e+01 5.747250541554043224e+01 6.482935882089957147e+01 8.479908141705493563e+01 8.008220025531133501e+01 7.712147972936720919e+01 5.942164076762953329e+01 3.941875610607254998e+01 4.287436643463383490e+01 4.842424896193742256e+01 5.842740644951777540e+01 7.256256191884665441e+01 9.254977495193458026e+01 9.615152227336693613e+01 8.448610285650184437e+01 7.034324992466756044e+01 7.619833291629871042e+01 7.538450053127937167e+01 6.710029808481141345e+01 6.043383967778184740e+01
3.582433992925927735e-02 2.003582433992890444e+01 3.654877444577962109e+01 4.809577982957234354e+01 5.627992841147192848e+01 6.313991352670342394e+01 5.498575562055088284e+01 6.313991352670342394e+01 6.455810719267631725e+01 5.988436002438973560e+01 4.208027654382530613e+01 3.989209160177365021e+01 3.989294980285664138e+01 5.995233994914100606e+01 4.761391814222313457e+01 6.754866758116980918e+01 6.774828966230835192e+01 6.067564861039215884e+01 4.856614746998555887e+01 6.006064405707184051e+01 7.999355678934793445e+01 8.037759070814456663e+01 6.040023418032966163e+01 4.885124410448190702e+01 4.442078868923700696e+01 6.287565341387784912e+01 6.842204376436789914e+01 6.107532199946151508e+01 8.106398297851769996e+01 9.322519197415327596e+01 8.321483627502867364e+01 6.785119053627049368e+01 5.624179408870686814e+01 5.624179408870686814e+01 6.712528963722482445e+01 7.540018258944718355e+01 7.044386446630693399e+01
8.338298177320474514e-02 2.008338298078833262e+01 3.801492217506311277e+01 4.983052496788531727e+01 3.582274982693829202e+01 5.018614820805260734e+01 3.528557995326828944e+01 5.329191944909936751e+01 4.338456975869669208e+01 4.338456975869875265e+01 3.176077310426553169e+01 2.581949891305657729e+01 3.987767304671680080e+01 5.976347105885826494e+01 4.055545405776128121e+01 5.110359582283219737e+01 4.798902200707787102e+01 4.073652641796799401e+01 5.465226458464661619e+01 7.358860486480671170e+01 8.829580391515995075e+01 8.862585487790367722e+01 7.712147975385792620e+01 6.040026372826791601e+01 5.337005716908767283e+01 5.337005716908767283e+01 7.336307352170024387e+01 7.520941247246788919e+01 8.934939752808455182e+01 8.491061476366631666e+01 6.491163038639166416e+01 5.495293345829987430e+01 4.789925569458668519e+01 4.212931455328853048e+01 4.717780900356742535e+01 6.309543187506542239e+01 7.125186882217695938e+01
1.813270376062421294e-02 1.154532401582480361e+01 3.129512374587620727e+01 4.089440718230780192e+01 2.172861304255293291e+01 3.459990249401882068e+01 2.534877151442136523e+01 4.513566778690960035e+01 4.196274126476574651e+01 1.777148323946532571e+01 1.783562037306616332e+01 3.638576052889693102e+01 4.269940899380580390e+01 4.521302814592908703e+01 4.746765011242305832e+01 3.114553298445875029e+01 3.388261365910988587e+01 5.384736509299794704e+01 6.555133223621918148e+01 7.315466857702591597e+01 8.151270960492607287e+01 9.156243812812762428e+01 8.865741242069644557e+01 8.038457797323286513e+01 6.337047667310307730e+01 6.337047667310308441e+01 6.750944516800940676e+01 8.749498248227267538e+01 1.034893825837010581e+02 9.322519197415327596e+01 8.321483627502867364e+01 7.489951619411083072e+01 6.782789135704278749e+01 5.560860632372787649e+01 3.563928146285271481e+01 4.321894514120864272e+01 5.986385864781404109e+01
2.351309638313057310e-02 2.002351309568719273e+01 2.262270925175802461e+01 2.393442850900424901e+01 1.281124648067785543e+01 1.468084339416197714e+01 2.923502403121445781e+01 3.066784447756886323e+01 3.231210031778510938e+01 1.507666025985356839e+01 3.477323232815650300e+01 2.088874128736503977e+01 2.308550807278375316e+01 2.533483556137915471e+01 2.763892049209676927e+01 4.757340431690426641e+01 5.384736509299793283e+01 3.895859887787435838e+01 4.561870406447941662e+01 5.315874012431135043e+01 6.313751337676900732e+01 7.732475023534314573e+01 9.746957161618952625e+01 9.163961753136648269e+01 7.750179904264707886e+01 7.490914294111919958e+01 8.749498248227267538e+01 9.578048871731097336e+01 1.030259686001889321e+02 9.677418648202495888e+01 7.678010040753484589e+01 7.461606865022156398e+01 6.047044537634683792e+01 4.108432480408919218e+01 5.165434096322783830e+01 3.167839275133943033e+01 4.794490050461395469e+01
2.372884694381488524e-02 1.320136295618992817e+00 2.619275954913014903e+00 3.932340884327378827e+00 5.253981732082075418e+00 2.525759643649201891e+01 9.226335870392802008e+00 1.066249863682539001e+01 1.230694231063043809e+01 1.531944716152497499e+01 1.836348292888063227e+01 3.881548301111167376e+01 4.295597149247684854e+01 4.523943279159931308e+01 4.172934254451279656e+01 4.172937012400338119e+01 6.168216453962885737e+01 5.892188519145523173e+01 4.527731753369642576e+01 5.341880459574680629e+01 6.337953159725285701e+01 7.750381022907436090e+01 9.758289922390885351e+01 9.856016466195978865e+01 9.748816592185580987e+01 9.489384141231718672e+01 1.031819376580289855e+02 1.030259686001889321e+02 8.300561813856856475e+01 8.667942089930110683e+01 7.678010040753484589e+01 5.682952286194429092e+01 4.685582872398192222e+01 6.103743799013516735e+01 5.992503139358345976e+01 4.794490050461395469e+01 2.796666027808873167e+01
6.296921807001566729e-02 2.006296921806966083e+01 1.199712670030896078e+01 2.201430945557825325e+01 2.278484324254215565e+01 7.205835134780599560e+00 2.719543665429844026e+01 3.066610338221313370e+01 1.489130454634186762e+01 3.448811851842452114e+01 3.881548301111167376e+01 2.300766619888953812e+01 4.344113479969143299e+01 5.651437371567073598e+01 6.167880897629328985e+01 6.168203717628423988e+01 6.996416296118245270e+01 7.076671934410840947e+01 5.081166010193265947e+01 7.076671934410840947e+01 8.169668441534253134e+01 9.171466794347043106e+01 9.265245488799341445e+01 7.842915036765917591e+01 9.265245488799341445e+01 9.195773507347107056e+01 1.002878858631111143e+02 1.008352025462999393e+02 8.081590415512205539e+01 6.670282585144629195e+01 5.966423063417941819e+01 5.391193521684387235e+01 6.095849285504129966e+01 7.227375603134586868e+01 5.549219522445412878e+01 3.552393032416953389e+01 4.794490050201802234e+01
8.175220331382776484e-02 1.769355180753440848e+01 3.142254037369076514e+01 3.843899703988734018e+01 2.341683184391523298e+01 2.721078131921679955e+01 1.720801922720312049e+01 3.721095038866441485e+01 3.448811851842452114e+01 1.909824981746392680e+01 3.892254931210288049e+01 4.344113479969143299e+01 2.794386448441543891e+01 4.821796316030030027e+01 6.164742153763093313e+01 7.059285094534125449e+01 8.212653263295524653e+01 7.782905100616825678e+01 5.785376056924422983e+01 7.076671934410842368e+01 9.080549786309603633e+01 9.337199054791146580e+01 8.365060759591771955e+01 6.418611429601577356e+01 8.365060759591771955e+01 7.181766552337671783e+01 8.866496708028496698e+01 9.996733935230436430e+01 9.497152210222184010e+01 7.961662798762324655e+01 7.961662798762324655e+01 6.541559378133536029e+01 8.092063437902652367e+01 6.399956427073581011e+01 4.404801534607896230e+01 5.549219522445412878e+01 5.243953555035608360e+01
7.631710034972485901e-02 1.421845272408054939e+01 3.421845272407983884e+01 5.150699383587318181e+01 4.322102104635104780e+01 4.548325718621300950e+01 2.721063361907035372e+01 4.548325584149804968e+01 4.218503176602185079e+01 2.208118281448064479e+01 4.218503176825679191e+01 5.591900122407199802e+01 4.345430883717153137e+01 3.322196679520747153e+01 4.230491936872549275e+01 5.387489764261853509e+01 7.384701204667769048e+01 8.615144244297300702e+01 7.782905100616825678e+01 7.195633198862124402e+01 9.200704890633677735e+01 8.504631956873512877e+01 6.491985506759463931e+01 5.520172842380028300e+01 7.531883096418577850e+01 6.020081084963508999e+01 7.966381054391231942e+01 7.986343134373565533e+01 9.405193274982460139e+01 9.962174647331602273e+01 9.367789393537501041e+01 8.538786064782148344e+01 7.810799897428439920e+01 5.815565927267073931e+01 5.556884652693986482e+01 7.227375603134586868e+01 6.071133172938236555e+01
9.124702163186203252e-02 2.009124702163150644e+01 3.836614995259342464e+01 5.250828557632411986e+01 5.509387712901210676e+01 5.547815763174579473e+01 4.721132947764208865e+01 5.547768523966230703e+01 3.966522131575885624e+01 2.522244896032460915e+01 4.563710409555635295e+01 5.933375988764667142e+01 5.945175622932742243e+01 5.336683150813960452e+01 3.937616023188123648e+01 5.940607935462057299e+01 7.461834635498348689e+01 8.289858371181776420e+01 9.289060994666279214e+01 9.200704890633677735e+01 1.003465528973251537e+02 8.284522205583701293e+01 6.271800461549402428e+01 4.851689935631557660e+01 6.127753752806768262e+01 5.122308768930954415e+01 7.132733838976092500e+01 6.562585302117830111e+01 8.575172967109489264e+01 9.387226404683561043e+01 1.019852057883377654e+02 9.927172161471128220e+01 8.639185279002100515e+01 7.810799897428439920e+01 7.551613888089723048e+01 8.379843882925992204e+01 7.069288930510646196e+01
8.187870513261463756e-02 1.008187870513252804e+01 2.422401432886322681e+01 3.509420553448654090e+01 3.509418387171060516e+01 4.940856571222095539e+01 6.095547316064078558e+01 6.835042849253397890e+01 5.400839407040238882e+01 4.563710409555635295e+01 3.044697083610658339e+01 4.511401298960694817e+01 6.538208018784624187e+01 6.646807912574955424e+01 4.649372741813697019e+01 4.758704358378858501e+01 5.465435037603318591e+01 6.462889191283186108e+01 8.460780079713504165e+01 9.345728233702591581e+01 8.514446104450314579e+01 8.562453016751591406e+01 6.553477051570605738e+01 6.126730136921918302e+01 4.119727597116010287e+01 4.623150070289307934e+01 5.291611803288086691e+01 7.302300764682773604e+01 9.056923342929566445e+01 7.402189859096779401e+01 9.056923342929566445e+01 7.910462692501621973e+01 9.328744433730540209e+01 9.323186965244079261e+01 8.187246987301359979e+01 7.369518616405792955e+01 6.724498280564489505e+01
2.239863785106879432e-02 2.002239863785071350e+01 2.779124092954370795e+01 1.509420953192827319e+01 2.112443642348344142e+01 3.267144180486967286e+01 5.267142826982968984e+01 7.095534196744323197e+01 7.123774493020960108e+01 5.105039243042659791e+01 3.897419597710400296e+01 3.761502533942020676e+01 5.806450665571054515e+01 7.474517585208818105e+01 5.543161843800386634e+01 6.756000788683506642e+01 6.756000788683508063e+01 8.289858371181776420e+01 9.289060994666279214e+01 8.184679549251335118e+01 6.501751390271373054e+01 7.975470676459366359e+01 5.964547222986929143e+01 4.544992246649994883e+01 3.726648743773799310e+01 5.733770478814300731e+01 7.302300764681028511e+01 8.133940342840813287e+01 8.241165020737791735e+01 6.220478925028544381e+01 7.161062869828957389e+01 6.437686405406147117e+01 8.463995847738081579e+01 8.501687267789687041e+01 6.540713640856048983e+01 5.413082266257806907e+01 4.757605898153623514e+01
1.991760116496149591e-02 3.868919395762458802e+00 7.791242098526122817e+00 1.595620790780331255e+01 3.595620593234239237e+01 3.267144180486967286e+01 4.267144179037980933e+01 6.267141474927954903e+01 7.357870334004574886e+01 5.350115900327389795e+01 5.938173558994083834e+01 4.303380456380392616e+01 5.743776328971453182e+01 7.743987689077324887e+01 6.695126951572696328e+01 8.367721902575735271e+01 8.753935030215235713e+01 8.479208711591468273e+01 7.580014979679752685e+01 6.747620982112746901e+01 5.341479579624279239e+01 7.285580774516313340e+01 7.383972795373765052e+01 5.431128345392362178e+01 3.424560920208819681e+01 5.431128351230218954e+01 6.142446634187896137e+01 8.153148165285695370e+01 8.543397986846744629e+01 6.559817235271094660e+01 5.132828701234618762e+01 6.758109591980849018e+01 7.876992170221650724e+01 8.947810738347111226e+01 7.293082465538654446e+01 7.369518616405792955e+01 6.724498280564489505e+01
1.766589122093755945e-02 2.001766589122058093e+01 2.779124092954370795e+01 2.779124092954370795e+01 3.009834350968615624e+01 5.009833683963483963e+01 6.095547316064078558e+01 7.095534196744323197e+01 8.183640455285519977e+01 7.357870334004574886e+01 7.156520009456332332e+01 5.327829032894842953e+01 5.397319234229538409e+01 7.400220353861166700e+01 8.693352254583494698e+01 9.521641728038942176e+01 9.069991090868856531e+01 7.057828259488562139e+01 5.635708461003616065e+01 4.738231898663715924e+01 4.444429420676091524e+01 6.453098042055091810e+01 6.145366969883001218e+01 5.138440409988998425e+01 3.132376382449311336e+01 4.134434125883851863e+01 6.142446634231062319e+01 7.506004477212377424e+01 6.709117828035373066e+01 6.081622546145241159e+01 4.652413986697653314e+01 5.311438111418404873e+01 6.374937015502113269e+01 8.321976925298925210e+01 9.141461154765389097e+01 8.143880576414714767e+01 7.144179899026222813e+01
6.490672536223988931e-02 1.420704234909306507e+01 3.420704234909235453e+01 4.779122725498586277e+01 5.009833683963483963e+01 5.838251353160222124e+01 6.421251993500392530e+01 7.250054884820377765e+01 6.506021076713861362e+01 7.335711417392255385e+01 8.156664314805850324e+01 6.747961932392020401e+01 6.816811997054705330e+01 7.034739847200263796e+01 9.026422119435996194e+01 9.049838296259342485e+01 8.220399232389650024e+01 8.479208711591468273e+01 7.164262621019014432e+01 5.154189717679381033e+01 3.735784614309842766e+01 5.091723641513368648e+01 4.137355716306671383e+01 4.862886324573187835e+01 2.857339099463318277e+01 4.862886324573187835e+01 6.586102409575362060e+01 6.380857783997493016e+01 4.749969206743229222e+01 4.114344134166260858e+01 5.980789489435685624e+01 7.058715120131955700e+01 6.582942784687116955e+01 8.214398127273514660e+01 8.729554225599412121e+01 6.729792466822439678e+01 5.316300063851739566e+01
