MOVIE_S12_data/elevation_000630.asc
nrows	50
cellsize	150.0
xllcorner	0
ncols	50
yllcorner	0
NODATA_value	-9999
[rows 17 to 33 of 50, columns 0 to 36 of 50]
5.436832538903087209e-02 1.160137370918164912e+01 2.574350933291285060e+01 4.574350933291355403e+01 4.881541272226022699e+01 5.745843039728878665e+01 5.918379807127636383e+01 5.097303830970490424e+01 3.785544889988463524e+01 5.104636777878139497e+01 4.107474458558922947e+01 5.261408147630064747e+01 7.249794483429126046e+01 7.353353737267048018e+01 8.168197988064274284e+01 8.310625506668775131e+01 9.122226657052543430e+01 9.353355223906069682e+01 8.516344537810095972e+01 9.353355223906069682e+01 7.727485189996046699e+01 5.736008374240058316e+01 5.465577581644021876e+01 3.465508681303900573e+01 5.053051052614178218e+01 5.840033385258370657e+01 5.904565248236181674e+01 5.904924874313218197e+01 5.585245330128604024e+01 7.250927885677901941e+01 8.439071906099924547e+01 9.271774630160008712e+01 9.252830319743354437e+01 7.252792803242367370e+01 5.837472443758070284e+01 4.835578831522710885e+01 5.767675449788027464e+01
9.647730019007895452e-02 2.009647730018972211e+01 3.060874002797059745e+01 3.663896692200344773e+01 4.371003473836302788e+01 5.199430671610717525e+01 6.354131261248877394e+01 6.600646156802294229e+01 5.198715723635949360e+01 5.781173086285383533e+01 5.261408147630064747e+01 6.920300965141109373e+01 8.064767716817324583e+01 8.636969806025408047e+01 7.804612102189132372e+01 8.070586329468446252e+01 8.902020949376054659e+01 8.325492955787825622e+01 6.446121704257282659e+01 8.325492955787825622e+01 8.550125030232644008e+01 7.727485189996046699e+01 6.293544647995205565e+01 4.465565859327099929e+01 3.912724588288896399e+01 5.912809164416593433e+01 7.223453042585877881e+01 7.895887494050469968e+01 7.569805022051676247e+01 8.400078863697953580e+01 8.983974839603972384e+01 8.155378008433633852e+01 8.598481619313767510e+01 8.183765298680363287e+01 6.182911175618940547e+01 4.766403119477480033e+01 3.764727310070038868e+01
9.953738903938927352e-02 5.263515183982633516e+00 1.060874002223116719e+01 1.663896691378654680e+01 2.371003472565214665e+01 3.525704010944510003e+01 5.525704013951833815e+01 6.641258405854763680e+01 7.187349550697716438e+01 7.765090634243841805e+01 7.249794483452312477e+01 8.064767730255198330e+01 7.684909261886039644e+01 7.491812116607304972e+01 5.831917791926466776e+01 6.113339180654831040e+01 7.763546384647882803e+01 7.481233121033690736e+01 5.352291879477012060e+01 7.481233121033690736e+01 8.668113711827231782e+01 8.464586819238444093e+01 6.465589303960952350e+01 6.465589303960952350e+01 4.490096705342270411e+01 4.467444026780506050e+01 5.223487192481434249e+01 6.637948727411298933e+01 8.636988044238063367e+01 8.983974839603985174e+01 7.829194813466327219e+01 6.155353010408869352e+01 6.598334690985433326e+01 8.012707481078184912e+01 7.597509155886149301e+01 6.596562017584781756e+01 5.767675449788027464e+01
3.582433992925927735e-02 2.003582433992351852e+01 3.060874002030762853e+01 3.663896692200344773e+01 4.371003473836302788e+01 5.199430671610717525e+01 6.060018459771097099e+01 4.655456682845674976e+01 6.060018459771097099e+01 7.058486640643413068e+01 7.886202202028208319e+01 7.130394507855156405e+01 5.756826417664044726e+01 6.465482600598505769e+01 4.733860128487828689e+01 5.045379326431573475e+01 6.818294957097025133e+01 6.000735474854844398e+01 4.660524824126932231e+01 5.716901821070434409e+01 7.826270259959159148e+01 8.538751661526164582e+01 6.539632754073168996e+01 5.384680420781855759e+01 6.490186564506748823e+01 4.938892044769897183e+01 6.938955610213470493e+01 6.856657859265591526e+01 8.855508507608388413e+01 8.155378008433633852e+01 6.155353010408869352e+01 5.001525767907887854e+01 5.184873166576173986e+01 7.012916950682837580e+01 6.532937694610329515e+01 5.316350348414201932e+01 4.488728176573314244e+01
8.338298177320474514e-02 1.424406951638473551e+01 3.446330830535071499e+01 3.681689125633621984e+01 4.511400631636875147e+01 5.300055001533720400e+01 5.237084541423107709e+01 3.245753416003378788e+01 5.237084541423107709e+01 5.064249054136571715e+01 5.907113033318675122e+01 6.321548807993487173e+01 4.405279067582356589e+01 4.547965717827086252e+01 3.891294909838010341e+01 5.172163499609935400e+01 5.463250472606355856e+01 4.010842616801632232e+01 6.000735474854844398e+01 7.624702741490992253e+01 8.668113711827231782e+01 9.365728372856999329e+01 8.211979667801094251e+01 6.279348140064327310e+01 7.766541689857726283e+01 6.093874366519474250e+01 5.755596577454618057e+01 7.755352579319759343e+01 9.682442045970472577e+01 8.414943170931707073e+01 6.414849025150158468e+01 6.184518664749769812e+01 4.187065294790765080e+01 5.536459216051495247e+01 4.535292540014991403e+01 4.488728176571021322e+01 2.490648430833285332e+01
1.813270376062421294e-02 1.990226969437816962e+01 2.266608748123551109e+01 1.681195308226091001e+01 3.681687835710722112e+01 3.300078241159016557e+01 3.546052045106255690e+01 2.490251327843152396e+01 4.484432122016967526e+01 3.911455388871942063e+01 3.911455388871942063e+01 5.322799750481235037e+01 5.109593409616265092e+01 3.170888628363817219e+01 3.310054741971939762e+01 3.168689248381355483e+01 3.458075000774086760e+01 3.852057739514497570e+01 5.856318309377804354e+01 7.203111999943271826e+01 8.034791152785948043e+01 9.037408021167745176e+01 9.105774004827297574e+01 7.434098662751557640e+01 8.920511444846509619e+01 8.093358057361209035e+01 6.462942573611790920e+01 7.755352579319760764e+01 9.753405631436663725e+01 9.243540601782477495e+01 8.414943170931707073e+01 6.949671164966736114e+01 4.951087660360759202e+01 3.541057804581980406e+01 3.125550576372111067e+01 2.860465921717413451e+01 4.488728092631634325e+01
2.351309638313057310e-02 1.345150297293311370e+00 2.669682654358357610e+00 2.267120247407493494e+01 2.593609876274583925e+01 1.885818295525556110e+01 1.547603719428706626e+01 3.546052045104028139e+01 4.522065904135873637e+01 3.648117619764623498e+01 2.498075715526296392e+01 3.969907850336842614e+01 4.189442464828142931e+01 2.505616008406471451e+01 2.768249789719630982e+01 4.769255394702502571e+01 5.463250472606355856e+01 5.856318309377804354e+01 4.444521082683117896e+01 5.201941504269129979e+01 6.201579274908584694e+01 7.616430218430689081e+01 9.624720164268953226e+01 8.847495712927842249e+01 9.874945144366432714e+01 7.877014846608075516e+01 7.877014846608075516e+01 9.289203616392094887e+01 9.793133159353823203e+01 9.189581949953682738e+01 7.189343706768021036e+01 7.018091128807944301e+01 5.635684752382636731e+01 3.639953891694989352e+01 5.120389259949519811e+01 4.856166421593954396e+01 4.445173483468696674e+01
2.372884694381488524e-02 2.002372884694345956e+01 2.267118386995516488e+01 4.576607832849550306e+00 5.934296299453817092e+00 7.311153081096851025e+00 2.731309141652880967e+01 3.764281993432470586e+01 3.378402129009793242e+01 1.618841688100581777e+01 1.790974281269598478e+01 1.969859719484085048e+01 2.189388239563858463e+01 4.189163827305971211e+01 4.183211500557177231e+01 4.183216248535431703e+01 6.184110627054617737e+01 7.277680237572171507e+01 6.446740648144179886e+01 5.230469232603663698e+01 6.230095542342819925e+01 7.645018769735899866e+01 9.653416194949012663e+01 1.084460237133350375e+02 1.070139238617609863e+02 9.874945144366432714e+01 9.874945144366432714e+01 9.793133159353823203e+01 7.792682094695062744e+01 8.159771704746714249e+01 7.189343706768021036e+01 5.190035045985644047e+01 4.192197297721292415e+01 5.635684752382636731e+01 6.463887752502289175e+01 6.434500772278909153e+01 4.852715297652703441e+01
6.296921807001566729e-02 2.006296921806966083e+01 3.286983451846526805e+01 2.457828763115209725e+01 1.593430221528418933e+01 2.731309130105518079e+01 9.347099475334019303e+00 2.934946220058548860e+01 1.378069981927128573e+01 3.313954753164034628e+01 3.781980875271453613e+01 3.969907850221969170e+01 2.422770508602308226e+01 4.422676252993883139e+01 6.183593583794127824e+01 6.184096047973785204e+01 7.014934782371173583e+01 8.869103673540132604e+01 6.863677609934785551e+01 6.230095542342819925e+01 8.063391508828530618e+01 9.066054366797322928e+01 1.001418475163086157e+02 1.060039078941758248e+02 9.765519439256276257e+01 8.936567778188695854e+01 9.765519439256276257e+01 9.574293558110528579e+01 7.573857568810296925e+01 6.159652035507815526e+01 5.452888654945644475e+01 4.876324582835741239e+01 5.604033108297134902e+01 7.018091128807944301e+01 7.018403816495440140e+01 5.021823779501522722e+01 3.611019745511484302e+01
8.175220331382776484e-02 1.422388782704501331e+01 3.422388782928690176e+01 4.423330581700499664e+01 3.007699390027873321e+01 3.747951697654155367e+01 2.341310241956082905e+01 1.141545023531411296e+01 3.141823251517567783e+01 3.334156722363979242e+01 5.188096626324192329e+01 4.751530695301289597e+01 2.751568415003140800e+01 4.751530695102917434e+01 5.917646867351367490e+01 6.673350051579296860e+01 7.501777764503344770e+01 8.501772555255921304e+01 8.869103673540132604e+01 7.645018769735899866e+01 9.066054366797371245e+01 9.428521705820449483e+01 8.013680331186081673e+01 8.599614510140690982e+01 8.765200532726014160e+01 6.936190310629631028e+01 8.765200532726014160e+01 9.711729640435736144e+01 8.988380610168273677e+01 7.452622614094970288e+01 7.452622614095004394e+01 5.875384484238152538e+01 7.603588681655955384e+01 7.913759927007966155e+01 5.915718909880426679e+01 4.762651022982195315e+01 4.762646921153890389e+01
7.631710034972485901e-02 2.007631710034937100e+01 3.654048329986174082e+01 4.654048138090648479e+01 5.008735526660776571e+01 5.072363120070941989e+01 3.940437382975032676e+01 2.035973904018636560e+01 1.612949553985502149e+01 3.613117667818244172e+01 4.942842806475483286e+01 5.580844735715322003e+01 4.751530695336484911e+01 3.251566157598973916e+01 3.918192374079818308e+01 4.673922148780956576e+01 5.673360164486808088e+01 7.087416769206697609e+01 9.088395561095971686e+01 9.653416194949012663e+01 9.827449052341168567e+01 8.599614510140690982e+01 6.599163713767077866e+01 8.405059423642161676e+01 7.936379044409160599e+01 5.935763143307191569e+01 7.936379044409160599e+01 7.711157324758883647e+01 9.126007052595859648e+01 9.452961727427977223e+01 8.703905251440347968e+01 7.875313804329336165e+01 8.703905251444263058e+01 8.738165603153321115e+01 7.588040657360220109e+01 6.760889504308799758e+01 6.759266857698494846e+01
9.124702163186203252e-02 8.256212830909051448e+00 1.825621283090887559e+01 3.239834845463305868e+01 5.239834841432464430e+01 5.670809199897692565e+01 3.669165824778114171e+01 4.036474227874381882e+01 2.767690584280904531e+01 2.120950279266701699e+01 4.121798629091623667e+01 5.542286974028696989e+01 6.081027576231985421e+01 5.251518874585459429e+01 3.883988532882415967e+01 5.883933554614699091e+01 7.258017253869016372e+01 8.088567583538539907e+01 9.090483924199439514e+01 1.038312715277222935e+02 8.998468027583564322e+01 6.998031013678269119e+01 5.842900115902600788e+01 6.404499661770590535e+01 7.269507077375169501e+01 5.268777805662544722e+01 7.031844497862027765e+01 6.296548776556362981e+01 8.297111389766550360e+01 9.217108874946057995e+01 1.004398846031620280e+02 9.676707127344394621e+01 1.050365414056719118e+02 9.125198941082830117e+01 8.279215466653316469e+01 8.110434713547395802e+01 7.514570647085047028e+01
8.187870513261463756e-02 1.422401432886369044e+01 3.422401432886439210e+01 4.443233186613886687e+01 5.271657456224447458e+01 6.155061930613562282e+01 5.670809199897692565e+01 5.599094142976126420e+01 4.768812909701804870e+01 3.015406878778836131e+01 2.710721387354345069e+01 4.125327945445116029e+01 6.128078035131665047e+01 6.713650208683147014e+01 5.883933554614699091e+01 4.590932815531653688e+01 5.257262914029944767e+01 6.256636569547681148e+01 8.259397938190355148e+01 8.969255431644050702e+01 7.555383710515874895e+01 8.405059423642161676e+01 6.404499661770590535e+01 4.989747965758104442e+01 6.304214896425656889e+01 4.665566609923793351e+01 5.031159977989422316e+01 6.445892974625638772e+01 8.446456612152496746e+01 7.217045152134139130e+01 8.889893687512611109e+01 7.678648068046823028e+01 9.350350240910721311e+01 8.279215466653316469e+01 6.256155432781807235e+01 6.089293985268187726e+01 5.498925061809792680e+01
2.239863785106879432e-02 2.002239863785071350e+01 2.810240050724704730e+01 2.443233212360173212e+01 3.326637826801017184e+01 4.625760033152700856e+01 5.454187912898856183e+01 6.454188328216289960e+01 5.847428654216946597e+01 4.170413658285667680e+01 4.711919865692340181e+01 3.377413963280193343e+01 4.532513364802045430e+01 6.535731136816259834e+01 7.421222673066982622e+01 5.484866026852439091e+01 7.258017253869016372e+01 8.088567583538539907e+01 9.090483924199439514e+01 7.969252459600929228e+01 6.140819900690490840e+01 7.969252459600929228e+01 7.819234552670756955e+01 6.304214896425656889e+01 4.303596204130030145e+01 4.088136188345166744e+01 6.088712770517442152e+01 7.500663323424808482e+01 7.992502780612338142e+01 6.052094470183646990e+01 7.992502780612338142e+01 6.517199002761429938e+01 8.454429154082934872e+01 8.279215466653316469e+01 6.256155432781807946e+01 4.839507127263301811e+01 4.084525471633428850e+01
1.991760116496149591e-02 4.019917601164978649e+00 8.102400505803643682e+00 1.326637830074691138e+01 1.959093362108378145e+01 2.625760028775056654e+01 3.625760028775091826e+01 5.625760038415440789e+01 7.004397859608646115e+01 6.173194300360712816e+01 5.914316780324816847e+01 3.911991416582905856e+01 5.914316780324816847e+01 7.367148450660101844e+01 8.316739785362237569e+01 6.899024663113702616e+01 8.316739785362237569e+01 8.816806268045483819e+01 7.922353173654438763e+01 7.094060380311429981e+01 5.140445457162022791e+01 7.140966327320310825e+01 6.533683376221834749e+01 6.091950412720469643e+01 5.263219375733081762e+01 3.671093163364761836e+01 4.671245630727990061e+01 6.671881802819571305e+01 7.163348307074845422e+01 5.140848496759862485e+01 6.617829730080832462e+01 5.609610626205679296e+01 7.626048833955979944e+01 8.797589590193452125e+01 6.768958519511164695e+01 5.349017946951477853e+01 5.401664058014961967e+01
1.766589122093755945e-02 2.001766589122058093e+01 2.810240050724704730e+01 2.443233212357724327e+01 3.326637826612541460e+01 4.625760033117438752e+01 5.454187912898856183e+01 6.454188328216289960e+01 7.314535927859100184e+01 7.533315578618270081e+01 6.745372150789020793e+01 5.327233034091496933e+01 4.912452445229221354e+01 6.328601957131901656e+01 8.334722688328345441e+01 8.903290479192469320e+01 9.402754526866260676e+01 7.402896791815271627e+01 5.988297229584212999e+01 5.093535168827574466e+01 4.433159151009743937e+01 5.490622947237775975e+01 4.533246223958973076e+01 4.881762272688653326e+01 3.262841451389282810e+01 4.417676954487833285e+01 6.418251553491003847e+01 7.500663258215374185e+01 6.489181703590458028e+01 4.461556626900568290e+01 4.591256295698796919e+01 5.502484349977761724e+01 6.933362130982482086e+01 8.936825948193845193e+01 8.206635240124360564e+01 7.363130803588282447e+01 6.238862538704555760e+01
6.490672536223988931e-02 1.420704237219131016e+01 3.420706410875549608e+01 4.443233185927819306e+01 5.271657403777481221e+01 6.155061818936778906e+01 6.321622889483445817e+01 6.728749927480812687e+01 5.314535823475801379e+01 5.533315425418674494e+01 7.533315578618270081e+01 7.331662322730127812e+01 6.916181115420427261e+01 6.328601957131902367e+01 8.334722688328345441e+01 9.238328593959720081e+01 8.410056456843197736e+01 8.816806268045483819e+01 7.508308215877760006e+01 5.507888365661266050e+01 4.093293335813584122e+01 3.490237697317416377e+01 3.118844204230466133e+01 2.881455988147408576e+01 4.881762272688653326e+01 6.091946415327093689e+01 7.247015607492613753e+01 6.668232691768137954e+01 5.877829739815647514e+01 3.857906468299184866e+01 5.877829740446326667e+01 7.238872828985593344e+01 7.520163097181797696e+01 9.521637651399329627e+01 8.934045648529485106e+01 6.901910353230768180e+01 6.901910342856761815e+01
