MOVIE_S12_data/elevation_000381.asc
nrows	50
cellsize	150.0
xllcorner	0
ncols	50
yllcorner	0
NODATA_value	-9999
[rows 0 to 16 of 50, columns 0 to 36 of 50]
8.271705653423140625e-02 2.127631151761726416e-02 9.425194436011796739e-02 4.939197167322698090e-02 3.975871534419905817e-02 6.171646774684565184e-02 1.696294146011132625e-02 1.936121709489252440e-02 4.216450047424835645e-02 2.297044857093000214e-02 6.704298068806634203e-02 4.162315340452049650e-02 3.835349583220235004e-02 2.777463300387698203e-02 2.207885817162396139e-02 7.161913568127860341e-02 9.025521335945362045e-02 3.502399586135773735e-02 8.040414306008919487e-02 3.131346976591601466e-02 7.604099264847130613e-02 2.387740603804927586e-02 5.687112022313325910e-02 4.074439634684711570e-02 8.709178300582484655e-02 7.612946965408906586e-02 1.077918208624280109e-02 9.929772718869623455e-03 4.600412614040166881e-02 2.152795518990661267e-02 2.378824418737431057e-02 9.511189423522797837e-02 9.406546861214974686e-02 1.749038473908382007e-03 2.223905489293687143e-03 6.269637160239108220e-02 9.476101746191394060e-02
7.639902522890137937e-02 2.002127631151726206e+01 2.009425194435976181e+01 1.419152759540430253e+01 1.003975871534428599e+01 2.006171646774648920e+01 2.001696294145975585e+01 4.607675894506108705e+00 2.004216450047389131e+01 1.416510607230200591e+01 2.006704298068770953e+01 2.004162315340416356e+01 2.710965914956451339e+00 2.002777463300352068e+01 2.002207885817126964e+01 5.845121827577511198e+00 2.009025521335909659e+01 2.003502399586100324e+01 1.008848847096857959e+01 2.002810323945762860e+01 1.967683911625213611e+01 1.291379543505252636e+00 2.005687112022277674e+01 8.205710205624036746e+00 2.008709178300546938e+01 1.421826509338516509e+01 2.001077918208588713e+01 3.921809467274475214e+00 2.004600412614004767e+01 1.907672617274430849e+01 7.843137473305172414e+00 2.009511189423487210e+01 1.423620109234322584e+01 2.000174903847355168e+01 1.883030733402564882e+00 2.006269637160203700e+01 2.001125615118941781e+01
7.813061968023242432e-02 2.007813061967987878e+01 3.828606687686079368e+01 3.419152759540500597e+01 2.418189433907548747e+01 3.832402996280517726e+01 2.932172110241610952e+01 9.321721102416466564e+00 2.932172110241682361e+01 3.416510607230271290e+01 3.435203727480936919e+01 1.435203727480866576e+01 5.407765364809430153e+00 2.540776536480978720e+01 3.412939307503824438e+01 2.584512182757786647e+01 1.527321224339806172e+01 3.527321224339735295e+01 2.442891660399582321e+01 3.774687903476971229e+01 2.256537827705807331e+01 2.561652004477342981e+00 2.256610496059315452e+01 2.820571020562368147e+01 2.234784582935473907e+01 3.421826509338586675e+01 2.782806209605711345e+01 7.889675636227146960e+00 2.258802821572457020e+01 3.564468935283891682e+01 1.900033162515076413e+01 3.687718382820828822e+01 3.423620109234393283e+01 2.375895776525855041e+01 3.770517419772770662e+00 1.786287721062369371e+01 3.742017905891695051e+01
1.795629399984677299e-03 1.000179562939989708e+01 2.414393125313059585e+01 4.414393125313129929e+01 4.418189433907619446e+01 4.565165272097198113e+01 2.565165272097127769e+01 1.509522379431277450e+01 3.509522379431347616e+01 5.068196889336418565e+01 3.068196889336347866e+01 2.829451671075793939e+01 8.294516710757584121e+00 2.243665233448828289e+01 4.243665233448756879e+01 4.355748349085448723e+01 2.421748415339706284e+01 4.355748349085448723e+01 4.560524227585604962e+01 4.325151136477123259e+01 2.384637187147585635e+01 3.840113159606695525e+00 1.798781344745778554e+01 3.799018314283397757e+01 3.648998145308519270e+01 5.063211707681563212e+01 3.206754003024066435e+01 1.211208603771254211e+01 3.112273824779504139e+01 4.630788085183758085e+01 4.012167562107825347e+01 4.850204033409960402e+01 4.221663580512306169e+01 2.567516845538722237e+01 5.690345745204525407e+00 2.559166358911695482e+01 4.468367996484682436e+01
2.526786264046545702e-02 2.002526786264010994e+01 3.188856461744176940e+01 3.895963242930771742e+01 4.724390367676991787e+01 5.393592396843418157e+01 4.141977911465035334e+01 2.141977911464964635e+01 4.141977911465035334e+01 5.896624014082637899e+01 4.545176578026715219e+01 2.545176578026644876e+01 1.130963015653524728e+01 3.130963015653560433e+01 5.028435108049293234e+01 5.250175540085098191e+01 3.835961977712751292e+01 5.250175540085098191e+01 4.961233670256697081e+01 2.930174392982640441e+01 1.513634032660479356e+01 5.129709693868324649e+00 1.927867644441322525e+01 3.928141847545764875e+01 5.648998145308448215e+01 4.836506894925085476e+01 2.840475398933696383e+01 1.763277460664613372e+01 2.840475398933696383e+01 4.836506894925085476e+01 5.633597296106844965e+01 3.638605790361634718e+01 2.226832896934433137e+01 2.676343079282315074e+01 7.635385518121645454e+00 1.760514960611303081e+01 3.724856582947478501e+01
8.483503398980346555e-02 5.858337725886086034e+00 1.188856461744141235e+01 1.895963242930701398e+01 3.050663781309973288e+01 5.050663781310043987e+01 4.970405036211254668e+01 3.036405102464896189e+01 4.970405036211254668e+01 5.790708699905632528e+01 4.962281575159413194e+01 3.479118327564994217e+01 1.479118327564923518e+01 2.200007983303203574e+01 3.354708521682414357e+01 5.354708521682343303e+01 5.835961977712680238e+01 6.024512583022228540e+01 5.190779793336357528e+01 4.059176411098651727e+01 2.058883651744121934e+01 6.439006543915964720e+00 2.644755836582095654e+01 3.671481883819000558e+01 5.672043932581901515e+01 5.663454129554369842e+01 3.760754438921219389e+01 2.470373564894786256e+01 3.760754438921219389e+01 5.663454129554369842e+01 6.218600545369095300e+01 4.222925273984846228e+01 3.072941877115406584e+01 1.074457497132675776e+01 1.247330822904605796e+01 3.241604491878839411e+01 4.540487549364455333e+01
4.163169627051844027e-03 2.000416316962669683e+01 3.188856461744105530e+01 3.895963242930771742e+01 4.724390367676991787e+01 5.879090906056263321e+01 5.864832227211186222e+01 4.450618664838041383e+01 5.864832227211186222e+01 4.962281575159413194e+01 2.962281575159342495e+01 2.295614908492663986e+01 1.937949795306055023e+01 3.937949795305983969e+01 4.200007983303274273e+01 6.183135646428503662e+01 6.347717044864587166e+01 4.343842944049914223e+01 3.200776490807395191e+01 4.126828881484486544e+01 2.776919418328021649e+01 7.760060654913068845e+00 1.671179399821309985e+01 3.085601826986746232e+01 5.085921462947081295e+01 6.583364783901818384e+01 5.293179302793405583e+01 3.364167483469033471e+01 5.293179302793405583e+01 6.583364783901818384e+01 5.049600020845252146e+01 4.202203150961283740e+01 3.304008230045438665e+01 1.305724941293793862e+01 3.247429863484443047e+01 2.002671279750083855e+01 4.003776569905603111e+01
2.434392073152260791e-02 8.189309730008854871e+00 1.818930973000903251e+01 3.233144535374048445e+01 5.233144535374118789e+01 5.557514961039650103e+01 6.385952899638739666e+01 6.450618664838182781e+01 6.376495137532558033e+01 4.376495137532487689e+01 4.962281575159413194e+01 3.709828470865809180e+01 2.423021045378729355e+01 3.837234607751874194e+01 5.837234607751944537e+01 7.028435108049664848e+01 7.184003119150621330e+01 6.022795324804497596e+01 4.126969933618347142e+01 2.143716431247728238e+01 1.513500666442293507e+01 9.101964853393898380e+00 2.905755798308228322e+01 4.296169666180746560e+01 5.127196687374711814e+01 6.128603830026941068e+01 6.185299614101686672e+01 4.773962402057639309e+01 6.185299614101686672e+01 6.074010511752751285e+01 4.202552309040950007e+01 2.194315428373535326e+01 1.641712250800332384e+01 3.281448845830669114e+01 4.104391337027750808e+01 4.003776569905603111e+01 2.855533729319924419e+01
5.883922493566802470e-02 2.005883922493531202e+01 3.647358097747175520e+01 4.647358097746992911e+01 5.231247840275394623e+01 3.557514700788376416e+01 4.402814272404257423e+01 6.402815791740043494e+01 7.204922262278877554e+01 6.376495137532558033e+01 6.538255595612199045e+01 4.957543529203658039e+01 2.957543529203587340e+01 4.371757091576732535e+01 6.371757091576802878e+01 7.058014220875135436e+01 6.237999878386845154e+01 4.835986627591982767e+01 4.014045265973557264e+01 3.301677718664397077e+01 1.310781316616826864e+01 1.068645918280806129e+01 3.050102899735682627e+01 2.295983929107109134e+01 3.296196704834815705e+01 4.710479168248900095e+01 6.713417653515055861e+01 6.768956125665829404e+01 6.394505047900625527e+01 4.352386584143926029e+01 3.193957809630773781e+01 4.202203150961283740e+01 3.641318904719405936e+01 2.020329823210473918e+01 4.014090767851004671e+01 5.686338426780658750e+01 4.270957910351486930e+01
2.016265153036126551e-02 2.002016265153000774e+01 2.665639120607637835e+01 3.024849733998994950e+01 3.402814217402571018e+01 2.402814162400886744e+01 4.402814272404256712e+01 5.472248187045913426e+01 6.366675944581074731e+01 7.521381498739110327e+01 5.957543529203692856e+01 3.957543529203622512e+01 4.957543529203658039e+01 5.785970653949877374e+01 6.721511773427523906e+01 5.120043274199115046e+01 5.120043274199114336e+01 3.435089732129867457e+01 2.028642950828886171e+01 1.723611449794572081e+01 3.301750391120254591e+01 3.069758177060160520e+01 1.294929495852111145e+01 3.296241057217444137e+01 5.127196687374711814e+01 5.724879502233592632e+01 6.554186957711191042e+01 7.554902450059974228e+01 7.261755327596104337e+01 6.063645434678325330e+01 4.606610750218999328e+01 5.640224059496125619e+01 4.285758983828201707e+01 2.292831368647005164e+01 4.285758983821725110e+01 5.691712533249562966e+01 6.273048924243460078e+01
1.256007409845548775e-02 3.174837734266841238e+00 6.656390853380813155e+00 1.024849689391634300e+01 1.402814162400864895e+01 1.887885412473539404e+01 2.643814358492007344e+01 3.538241549491954885e+01 4.692942087894230951e+01 6.692942480757524493e+01 6.785970653950012377e+01 4.957543529203657329e+01 6.785970653950012377e+01 7.237207746329652025e+01 5.398931187548644317e+01 4.137221938060480397e+01 3.193835279581347919e+01 2.493254466542780889e+01 4.014744251144082909e+01 3.131771149827567058e+01 4.534044587412528671e+01 3.461761739437198315e+01 1.460332948452836277e+01 3.461761739437198315e+01 4.724607894840919187e+01 3.724336287448292637e+01 4.724451607346935589e+01 6.139049918253657978e+01 8.140658153642625905e+01 7.349416155810790485e+01 6.150327815086576777e+01 4.802264296202616833e+01 2.840389363510055531e+01 4.285758983828201707e+01 2.879816858752720066e+01 4.873732682856383747e+01 6.835648347076816833e+01
1.283213977233468341e-02 2.001282854776108522e+01 1.472184311805017742e+01 3.024849712291548443e+01 3.402814217402571018e+01 3.302098975030404659e+01 2.956930380123506907e+01 3.956930380126783575e+01 5.371143945055613500e+01 7.371145001515127149e+01 7.785970653950047904e+01 6.957543529203799437e+01 7.785970653950047904e+01 7.221702290247134215e+01 5.172946101514765616e+01 4.068130311323953663e+01 3.215677090781303349e+01 3.044736448442697707e+01 4.967852185478089666e+01 5.113035345154017364e+01 4.784018232755749267e+01 2.783465235183937381e+01 1.627494031521178997e+01 3.629014832712459793e+01 2.723994705355726254e+01 4.724607828017708755e+01 6.554186957711191042e+01 6.568833492012076647e+01 7.398595795365767458e+01 6.816517906499510104e+01 4.837477789570979070e+01 3.432553938808342053e+01 4.828815233586771427e+01 5.406337095554222572e+01 3.413513860554947144e+01 4.033589317244812378e+01 5.032424842626749495e+01
9.594114293757748102e-02 2.009594114293722100e+01 3.472184125810731814e+01 2.886397873485443810e+01 4.886397240826143218e+01 5.302099222319020555e+01 4.956930536119566710e+01 5.785365724889592798e+01 6.785370220565955890e+01 7.741378283821325113e+01 6.897176246879249106e+01 7.160622356795860810e+01 8.005415195669866080e+01 8.077036469736658830e+01 6.942978771460869325e+01 5.628353605032619811e+01 3.866130910582215563e+01 3.695951609935997340e+01 4.967852185478089666e+01 6.897610773625450520e+01 5.612816416294656818e+01 4.457851471753848216e+01 3.629014833054924338e+01 1.869930750693892207e+01 3.870351836496629261e+01 4.446214768892614444e+01 5.153900065650915252e+01 4.567815450612820172e+01 6.568833492012076647e+01 7.031242861951398027e+01 5.054360908281805820e+01 3.936508599029059496e+01 5.915128965419548024e+01 6.222575240413465991e+01 5.406337095554222572e+01 4.308205872271648218e+01 6.294743917243584264e+01
3.950229235330715398e-03 2.000395022923497379e+01 3.990833273732048525e+01 4.886397240826143218e+01 5.714800340707535753e+01 5.558345305109568102e+01 6.353456465045923096e+01 7.193843450170929543e+01 6.914882543860619535e+01 6.573881375199427168e+01 4.881606581420926005e+01 5.142347554729002468e+01 7.160622356795860810e+01 8.319303915228722701e+01 6.345759595840412004e+01 4.977180857038371897e+01 5.799917791250950216e+01 4.369966895718187772e+01 6.278609557891474680e+01 7.076763566992505616e+01 5.075563914290133027e+01 3.920686694201396705e+01 3.025987031220919832e+01 3.871561416997919025e+01 2.132352735915546305e+01 2.442680706054470008e+01 3.152494322469903665e+01 4.567815450612820172e+01 6.568833492012076647e+01 7.843157552336158744e+01 6.729168420912505155e+01 5.080028953786515444e+01 4.840225422086371054e+01 6.802270501970679106e+01 7.107923779783176599e+01 5.460884052802796873e+01 5.717749780755247713e+01
7.711341127313005306e-02 1.162411879506005796e+01 3.162411637034721679e+01 3.749248734095071711e+01 4.577831017755274701e+01 3.604435965749772919e+01 5.231173545522094770e+01 5.257494835086517782e+01 4.911253978227840378e+01 4.913970425837947431e+01 3.726090057058719651e+01 4.881606581420926005e+01 6.302511840986566938e+01 8.332823120645915083e+01 7.746689534240243802e+01 6.345759595840412004e+01 7.094251545506885748e+01 5.311070976626562867e+01 7.094251545506885748e+01 7.906761906091563219e+01 6.750930165973903740e+01 5.635274273086078978e+01 4.465398358594590889e+01 2.464359475027533009e+01 4.134181875986092791e+01 4.446296279148496922e+01 2.956358134166934803e+01 4.962478666926624271e+01 6.346531381951992046e+01 7.502493630489315990e+01 7.866906356166511216e+01 7.055896796010955541e+01 5.553258591119247001e+01 7.500255499043025509e+01 8.244213108618218655e+01 7.433817675265946434e+01 7.687730986963478585e+01
9.541454368626212448e-03 2.000954145436827147e+01 2.393411714227878306e+01 1.749122777527242434e+01 3.288861827532156923e+01 2.455229502277246922e+01 4.427070213370513585e+01 3.853836144669546115e+01 4.226021674805220130e+01 2.909595824384545537e+01 4.913970425837947431e+01 6.305688469764454140e+01 7.147617906279594990e+01 7.055602895861098034e+01 7.900686127864682362e+01 8.319303915228722701e+01 8.069505382395733761e+01 7.246148139156387913e+01 8.069505382395733761e+01 7.616797529030915825e+01 6.201262298902525316e+01 4.806004234736365532e+01 2.805414461377126045e+01 4.465398623224658792e+01 5.294585382646801719e+01 5.791843164781176512e+01 4.962478666926624271e+01 3.509329224409010095e+01 4.670882333549466381e+01 6.673075955679286153e+01 8.146892527967958131e+01 8.309093927061243789e+01 6.574763474269526853e+01 8.309093927061243789e+01 9.316944432951598287e+01 8.289328673565424310e+01 7.438884053320970224e+01
2.297228869525369793e-03 1.963458580251367769e+00 3.934117136579958096e+00 5.944192767098390284e+00 1.301521642066529516e+01 3.115538562914404963e+01 3.355139334121514594e+01 3.626936723810762686e+01 2.223605355676823336e+01 4.226021674805320316e+01 4.709772804121143963e+01 4.298540668518858610e+01 5.632892698628727146e+01 5.043588354595519263e+01 7.055602895861098034e+01 8.352494016627295537e+01 9.106518634015385771e+01 8.105013521179454017e+01 7.274813750592089434e+01 6.607745209591547564e+01 4.785727068774133386e+01 3.371354306895596409e+01 4.806004234736365532e+01 3.252869324577797272e+01 4.667242312989569797e+01 6.668256478648744690e+01 6.346573830837710517e+01 5.517111916484078193e+01 4.155379617041333518e+01 5.260798409890205107e+01 7.146729605850866562e+01 9.264981293561947950e+01 8.482367081448391843e+01 9.289619652297636776e+01 8.467359961362889464e+01 6.410408145279043879e+01 5.393037947856208802e+01
