MOVIE_S12_data/elevation_000721.asc
nrows	50
cellsize	150.0
xllcorner	0
ncols	50
yllcorner	0
NODATA_value	-9999
[rows 17 to 33 of 50, columns 0 to 36 of 50]
5.436832538903087209e-02 2.005436832538867620e+01 3.645253985421796727e+01 3.847247145377874489e+01 3.018537842870135890e+01 1.354610322499092057e+01 1.597818794707443502e+01 2.132441124080879646e+01 4.129954139298723703e+01 5.808614248446870931e+01 6.701648774024572219e+01 7.285128234807190495e+01 7.742932381522608409e+01 7.742932381522608409e+01 8.569477439274324126e+01 9.167095387399885453e+01 9.167095387399885453e+01 9.979342176070787218e+01 8.448359318765658088e+01 6.409422831237053231e+01 4.971836953016507721e+01 6.131907101006937211e+01 6.942954358887661215e+01 5.233074275991079105e+01 3.231183746461807260e+01 5.233074275990980340e+01 6.452300591320023671e+01 7.277436411682887751e+01 6.125311805661695530e+01 7.801201141997344735e+01 8.253226748934255852e+01 9.084502004768178551e+01 9.032612512351229839e+01 7.864988118826470043e+01 7.029218679356191046e+01 6.208805347319147216e+01 4.216833741879684538e+01
9.647730019007895452e-02 2.009647730018972211e+01 2.493264474891197580e+01 2.700841309792588874e+01 1.022568905118619575e+01 3.022862519009331805e+01 3.596094410752975534e+01 4.129954137227326783e+01 2.984148887377916637e+01 3.877625644036712771e+01 5.290317268424888653e+01 7.286398187481950117e+01 7.609919264094840230e+01 8.420197134915621007e+01 8.599737294407353261e+01 7.220132412743912198e+01 7.220132412743912198e+01 9.167095387399885453e+01 8.296517127109751755e+01 6.257000418422686749e+01 6.409422831237053231e+01 7.722161775653799509e+01 6.642638292733755634e+01 4.898962166880227898e+01 3.519533027594123809e+01 5.520780626261318247e+01 7.021177654306900706e+01 8.178163365867902712e+01 8.126201707986045619e+01 8.957393760659972770e+01 9.118294418931559164e+01 8.899785709501658459e+01 8.199493565531723505e+01 6.172528536988910730e+01 5.020877374343056943e+01 4.326621715816325775e+01 3.670640234415147063e+01
9.953738903938927352e-02 2.009953738633217313e+01 4.932651316395796570e+00 6.996120933662695940e+00 1.285181404833939034e+01 1.998978876484313361e+01 3.985620900652514109e+01 5.808605188779219475e+01 4.396852635522945008e+01 5.808614248446870931e+01 6.701648774024572219e+01 7.289817217712722197e+01 5.651319357909301289e+01 7.289286535779990572e+01 7.790376467492862389e+01 5.836487225535410772e+01 7.790384665301520783e+01 8.958006159236660437e+01 9.136614266709257492e+01 7.700766235189418296e+01 8.448359318765658088e+01 8.109601406228810561e+01 7.223367369622539513e+01 5.872012418838593817e+01 3.905861205893267396e+01 4.187547249293698570e+01 5.340485151241281869e+01 7.343123902260930436e+01 8.849993830467798261e+01 9.118294418931559164e+01 7.123952786384658964e+01 6.905936333060004984e+01 7.834028388433449663e+01 7.864988118826470043e+01 7.029224760664573068e+01 6.155727750946076782e+01 4.223082098790928285e+01
3.582433992925927735e-02 2.045899970447679461e+00 2.204589754812202784e+01 1.545234331342265754e+01 3.191650920465690433e+01 3.285492273601452240e+01 3.148247977065673808e+01 4.293414868827800746e+01 6.271598360033266317e+01 7.220375861370789039e+01 7.210791621153400399e+01 6.399811575644530137e+01 4.506369782621545284e+01 5.990592320223662881e+01 6.455834723339695813e+01 5.209828184020451403e+01 6.196945408736170435e+01 7.577660292991009783e+01 9.525149231755344204e+01 9.734787010179657329e+01 8.747699243299997818e+01 6.719675786783290050e+01 5.299117013757454941e+01 4.483262449210718614e+01 5.914264338011666666e+01 6.187295662301063714e+01 5.002989705427759048e+01 6.000650723078319970e+01 8.008142651501729858e+01 9.236439795438228373e+01 7.489921294755201586e+01 5.499182920544102871e+01 5.842530708628996194e+01 6.984850924523759375e+01 7.487882397154980652e+01 6.960202318483106865e+01 5.866510668785544169e+01
8.338298177320474514e-02 2.008338297810338702e+01 3.033016011046352745e+01 3.457302516865820508e+01 4.355958584135759537e+01 5.276550422120529049e+01 5.129493588879317656e+01 5.948829823842443432e+01 7.090897205317035912e+01 7.210867827551469134e+01 6.073965016987714449e+01 4.426117833068305885e+01 3.690973724332559414e+01 4.011281000183820566e+01 4.482413622560952859e+01 6.455835861326531244e+01 7.653984932821080633e+01 8.238463792483609893e+01 8.920687737273023288e+01 9.724948291080308138e+01 9.343848910453455403e+01 7.313670104791648896e+01 6.989535916049644015e+01 4.982710997748398540e+01 6.989535916049644015e+01 7.842804229991531884e+01 5.895230326970532531e+01 7.842804229991531884e+01 8.849993830532588390e+01 7.826454694182675098e+01 6.416469592927106191e+01 6.425826874326446614e+01 4.436220076369649945e+01 4.994493489375953743e+01 5.559919168953125990e+01 6.460536160347253087e+01 5.603687902052847392e+01
1.813270376062421294e-02 2.001813270376026921e+01 3.182724267982593247e+01 3.889831049175663225e+01 4.718258176018743910e+01 5.872958715848540834e+01 6.900640449584672353e+01 6.608082971086105317e+01 5.789869062736387662e+01 6.399816569588875836e+01 4.426117833389395884e+01 3.273669033971961539e+01 5.260300452013576233e+01 5.990694418003251798e+01 4.677008287496695971e+01 5.175193780395727572e+01 5.705566441190991611e+01 6.299966717088196333e+01 6.991067026679294827e+01 8.107341432867229969e+01 1.003173945116553227e+02 8.636985809443069684e+01 6.619280001634848531e+01 5.614516847897431973e+01 7.625448266013589205e+01 8.743509046443892885e+01 7.309907951175425467e+01 8.743509046443892885e+01 8.717724915277462117e+01 7.000103889130066648e+01 5.010661142885014385e+01 4.513616602949026912e+01 4.044300095387600891e+01 3.586732056213218556e+01 4.981663345334146697e+01 4.811825658717585696e+01 3.730155352692836601e+01
2.351309638313057310e-02 5.797015788279412440e+00 1.182724267983473787e+01 1.889831049170033950e+01 3.044531587549305840e+01 5.044531587562619990e+01 4.918129399267433399e+01 5.480048878998474748e+01 3.844975033007717968e+01 5.480048878998474748e+01 4.992425205909648156e+01 3.003608767156195114e+01 4.619881773324260621e+01 5.435632961913758976e+01 6.643703644086070881e+01 7.133142325660577399e+01 7.653984932821080633e+01 8.238463792483609893e+01 8.920687737273023288e+01 9.724948291080308138e+01 1.084093194413263745e+02 9.477764165412885689e+01 8.464748804683118522e+01 6.772036175969401484e+01 7.033574778205914413e+01 9.054357267487939964e+01 9.330719484201694058e+01 9.301220797996757028e+01 7.306426622497424717e+01 5.899281005937413624e+01 7.000103889130066648e+01 6.502743202568800029e+01 5.499752775533691818e+01 3.508838667001157319e+01 3.109259783688825607e+01 2.857361602309726223e+01 2.613053244398819430e+01
2.372884694381488524e-02 2.002372884694345956e+01 3.182724267987113009e+01 3.889831049175663225e+01 4.718258176018743910e+01 5.173153615903878944e+01 3.512354840214369034e+01 4.663465268262962837e+01 2.709066006071391186e+01 4.663465268262962837e+01 5.081985275378547584e+01 4.265037822776727694e+01 2.628312352724315559e+01 4.040567151237898003e+01 6.018480382407192764e+01 7.119226707037329049e+01 7.491825656931412425e+01 7.638086036555449709e+01 8.458723328879170822e+01 8.950904351072802001e+01 9.066564732446813935e+01 9.892014886475548963e+01 9.632547774728624290e+01 8.791230860910724232e+01 9.054357267487939964e+01 9.895922831161995248e+01 1.056477476698338336e+02 8.566920522711622255e+01 7.157645499660229405e+01 7.890688309429751257e+01 7.509642856740573791e+01 5.515601693000033379e+01 4.110032608746996630e+01 5.499752775533691818e+01 5.097622098579795846e+01 4.264326360220960765e+01 4.606292960050969754e+01
6.296921807001566729e-02 1.420510484180084099e+01 3.420510484180012867e+01 4.663803035085093995e+01 5.467099742502511361e+01 4.344208244025930554e+01 2.366608002060671723e+01 3.216333167472554777e+01 2.002479452296808304e+01 3.968803014739872026e+01 3.923108617364070483e+01 2.271265074511145343e+01 4.265037822786219124e+01 5.435680415131781018e+01 5.371903067391952646e+01 5.144655414384444470e+01 5.520217336564300581e+01 5.669512817898787915e+01 6.979976742020551228e+01 6.979976742020551228e+01 7.098487014848561216e+01 9.066564732446813935e+01 1.038112908490870439e+02 9.552264290472130881e+01 9.552264290472130881e+01 9.552264290472130881e+01 1.038112908490114421e+02 9.979855675088718669e+01 9.152078483036495982e+01 9.132584403459505040e+01 8.237118602451049298e+01 6.556031570491481375e+01 4.566679162541739601e+01 6.556031570491481375e+01 7.009728107178752055e+01 5.878787528917076344e+01 3.896104631929291173e+01
8.175220331382776484e-02 2.008175220331347077e+01 3.115476111732859010e+01 2.761255006322515015e+01 3.748988374214818720e+01 2.883522135222188254e+01 2.460280749788737964e+01 1.212883587906976146e+01 1.366495210598382748e+01 3.356457704258085784e+01 1.927525315523368121e+01 3.923108617364070483e+01 5.081985282841938556e+01 4.889546745057430144e+01 3.383097001184182773e+01 3.736923970579138654e+01 4.114993296249024013e+01 4.523117481209887103e+01 5.007289294127737378e+01 5.709316997336168242e+01 6.844175469936770639e+01 8.809746726545233741e+01 9.552264290472130881e+01 7.565902704266470380e+01 7.565902704266470380e+01 7.565902704266470380e+01 9.552264290472130881e+01 9.940859519134151867e+01 9.720575343352598452e+01 7.710312192912725493e+01 6.300872905485684328e+01 5.413362669050470544e+01 5.559457525920902299e+01 7.385724154212002190e+01 7.289073510629435759e+01 5.299304739960195576e+01 5.299304739960195576e+01
7.631710034972485901e-02 2.007631710034937100e+01 1.212917009847695660e+01 3.039067954420832152e+01 2.656112715346205633e+01 8.532148046523730045e+00 1.000128155245431927e+01 3.006978559593559908e+01 3.367380862815468845e+01 1.590466596567803315e+01 3.589130588377673092e+01 4.110962355387727030e+01 4.426378876589413380e+01 2.897386416154530764e+01 4.889546745057430144e+01 5.722993956066186172e+01 6.097688043756006238e+01 5.669512817898787915e+01 6.979976742020551228e+01 6.403902006092367571e+01 8.370744182438888004e+01 9.634324537726590165e+01 9.316737944084168532e+01 8.147694542977637866e+01 6.182138214284456268e+01 8.147694542977646393e+01 9.361027712623494779e+01 7.952119429361812308e+01 9.361027712639575782e+01 9.132584403459505040e+01 8.237118602451049298e+01 6.559933225517875144e+01 6.965681160860192733e+01 8.384542539464641209e+01 8.114610901674554100e+01 7.289073510629435759e+01 7.289073510629435759e+01
9.124702163186203252e-02 1.415779378717629600e+00 7.026977229382392665e+00 2.274445414661428444e+01 6.509083504011026200e+00 1.169538379652381010e+01 3.001826610927466277e+01 3.829385707206868972e+01 4.411501199472745327e+01 3.589128489529347377e+01 1.893289291131497976e+01 2.114662526577228263e+01 2.431509639300674408e+01 4.426378876589413380e+01 5.411412061368469750e+01 5.907389934539654064e+01 6.725258030055461234e+01 7.638086036555449709e+01 8.458723328879170822e+01 8.370744182438888004e+01 9.193632918568802381e+01 9.896170515149994173e+01 7.908361645600342626e+01 6.521310115520657291e+01 5.648812495704540027e+01 7.602547302368712678e+01 7.396849909636938492e+01 6.563953242525464304e+01 8.534607915638581233e+01 9.254157513747112773e+01 9.394205353346443133e+01 8.560490549804322313e+01 8.969566592484640921e+01 9.125342309845704847e+01 8.119716199148838598e+01 7.285852641661782059e+01 6.527554724888095450e+01
8.187870513261463756e-02 2.008187870513225803e+01 3.297685889735863629e+00 4.613689472449737039e+00 2.462472717142583178e+01 3.046840335406700007e+01 1.959883843245909674e+01 3.929985983960682461e+01 5.570355665772434151e+01 4.712498785937361845e+01 2.898981933342960104e+01 4.110962355387727030e+01 2.568455157402423339e+01 2.986236269602216709e+01 3.423220011077048497e+01 3.923478441854911836e+01 5.329817439050712835e+01 7.301773286402715257e+01 8.593471132396469159e+01 9.097734574005988861e+01 8.272490997982434635e+01 8.272490997982434635e+01 8.490577383788662758e+01 6.521310115520657291e+01 5.153775753990510822e+01 6.524746635795688121e+01 5.446767705927800307e+01 7.396849909636938492e+01 8.687303805444346949e+01 7.305100328973544777e+01 7.875965961473364985e+01 9.828813823904765457e+01 9.715332552890923523e+01 7.700602319114254612e+01 6.281002140997672711e+01 5.279584934180260092e+01 4.522706643134188909e+01
2.239863785106879432e-02 2.002239863785071350e+01 3.076895569881919101e+01 1.999891180236097910e+01 1.913790734885622769e+01 3.967465985441289433e+01 3.929985983960682461e+01 2.852927388408365417e+01 4.659006365322179022e+01 5.714356594378774901e+01 4.336889124126503248e+01 5.076273543130815113e+01 3.085718170467530186e+01 4.977527805030994301e+01 4.575552847989294492e+01 5.907389934539654064e+01 4.815824819884240071e+01 5.807053464517111507e+01 7.773915861008337913e+01 8.272490997982434635e+01 6.305167766905303495e+01 6.305167766905303495e+01 7.701451170455653994e+01 7.919024026960973117e+01 6.524746635795514749e+01 4.586025952156220598e+01 6.524746635795688121e+01 8.219126841911293013e+01 7.875965961473364985e+01 5.930959938189312197e+01 7.875965961473364985e+01 8.458728533702256414e+01 8.669967987646012375e+01 8.880297120204859596e+01 6.868560727088720341e+01 5.450904869625506421e+01 4.294654059452312822e+01
1.991760116496149591e-02 1.368377084133477517e+01 3.083283264161865844e+01 4.268764768283155320e+01 4.121102457373383032e+01 4.952683066920825894e+01 5.570364119556820981e+01 4.215666129870147927e+01 4.279886729113137278e+01 6.339146807214267199e+01 6.371571253713126026e+01 5.627158009681767936e+01 3.640927904852257058e+01 5.627158009681767936e+01 6.553169463544510620e+01 7.371196638647185750e+01 5.807053464517111507e+01 7.608323718308712102e+01 8.593471132396469159e+01 8.272490997982434635e+01 6.305167766905303495e+01 4.934595585920952487e+01 6.010753422267684698e+01 6.586194686296634870e+01 5.772153853171364091e+01 4.265701470869198886e+01 6.206022918737740923e+01 7.127477062754195458e+01 6.319094229017584752e+01 5.244693735278989521e+01 7.188302487216941472e+01 6.526299832884421903e+01 6.737721203882425414e+01 8.669967987646012375e+01 7.718820572100692345e+01 5.711049566537842281e+01 6.299112078997465147e+01
1.766589122093755945e-02 1.001766589515417571e+01 2.415980430122850464e+01 4.416001325896518637e+01 5.050830208286304668e+01 4.901536428255523248e+01 5.729866241592117859e+01 6.035559932263489458e+01 6.339134881595141024e+01 7.178360011256704354e+01 7.023191401328175232e+01 5.048902045336114952e+01 5.048902045336114952e+01 5.048902045336114952e+01 7.023191401328175232e+01 8.593471132396469159e+01 7.773915861008337913e+01 8.593471132396469159e+01 9.176341514045846282e+01 7.202676079892042083e+01 5.824959854744016496e+01 4.859371340791527416e+01 4.065894548299567646e+01 5.361932209639810765e+01 3.826301744575539487e+01 5.772153853173966809e+01 7.022004455394475997e+01 6.319094229017409248e+01 4.374194649796494616e+01 6.319094229017584752e+01 6.123456002047799984e+01 5.154616908901143546e+01 6.526299832884421903e+01 8.458728533702256414e+01 8.552920727390085176e+01 7.718820572100692345e+01 7.294852887658568363e+01
6.490672536223988931e-02 2.006490672536188313e+01 3.830213674786369893e+01 4.107841964541213997e+01 3.050848764489687781e+01 2.901546369986434115e+01 4.315759392636076797e+01 6.315727292174983631e+01 6.441400189872143756e+01 7.269844815131422422e+01 7.841787573346040574e+01 7.023191401328175232e+01 7.023191401328175232e+01 7.023191401328175232e+01 7.841787573346037732e+01 9.012682547196300220e+01 9.133188061638996658e+01 8.304752134871971236e+01 8.922388714171601976e+01 8.602002834041704205e+01 7.620169872887765905e+01 6.570076761229728390e+01 5.309196716011531691e+01 3.408017678765560277e+01 5.361932209639810765e+01 6.586194687131059311e+01 7.192100346164282598e+01 5.247275061870114143e+01 3.866675150735412103e+01 5.294314541428387599e+01 4.178946915050705968e+01 6.123456001869069354e+01 7.126782290661346053e+01 7.948711072671009958e+01 9.425754084935573474e+01 8.593312644181985149e+01 8.454986564978555919e+01
