MOVIE_S12_data/elevation_000763.asc
nrows	50
cellsize	150.0
xllcorner	0
ncols	50
yllcorner	0
NODATA_value	-9999
[rows 0 to 16 of 50, columns 0 to 36 of 50]
8.271705653423140625e-02 2.127631151761726416e-02 9.425194436011796739e-02 4.939197167322698090e-02 3.975871534419905817e-02 6.171646774684565184e-02 1.696294146011132625e-02 1.936121709489252440e-02 4.216450047424835645e-02 2.297044857093000214e-02 6.704298068806634203e-02 4.162315340452049650e-02 3.835349583220235004e-02 2.777463300387698203e-02 2.207885817162396139e-02 7.161913568127860341e-02 9.025521335945362045e-02 3.502399586135773735e-02 8.040414306008919487e-02 3.131346976591601466e-02 7.604099264847130613e-02 2.387740603804927586e-02 5.687112022313325910e-02 4.074439634684711570e-02 8.709178300582484655e-02 7.612946965408906586e-02 1.077918208624280109e-02 9.929772718869623455e-03 4.600412614040166881e-02 2.152795518990661267e-02 2.378824418737431057e-02 9.511189423522797837e-02 9.406546861214974686e-02 1.749038473908382007e-03 2.223905489293687143e-03 6.269637160239108220e-02 9.476101746191394060e-02
7.639902522890137937e-02 2.002127631151726206e+01 2.009425194435976181e+01 1.419152759540430253e+01 1.418189433907527430e+01 2.006171646774648920e+01 6.341241463713558346e+00 5.566313612203602545e+00 1.969196889526301320e+01 8.967242358570009841e+00 2.006704298068770953e+01 2.004162315340416356e+01 2.463709746195527295e+00 2.002777463300352068e+01 1.416418614153135636e+01 2.007161913568092260e+01 9.034507946219321184e+00 2.003502399586100324e+01 5.080404144266114308e+00 2.003131346976556060e+01 1.007604099264838382e+01 2.002387740603769473e+01 2.001065124168892595e+01 2.004074439634649352e+01 1.342003393282143353e+00 2.004826240191674103e+01 2.001077918208588713e+01 1.415207772750023274e+01 2.004600412614004767e+01 7.580817415374418111e+00 1.416592386791819891e+01 2.009511189423487210e+01 2.009406546861179521e+01 2.032441368741150445e+00 2.000222390548893969e+01 1.160793675110879697e+01 2.009476101746155763e+01
7.813061968023242432e-02 1.422026624341130763e+01 3.422026624341201284e+01 3.419152759540500597e+01 3.418189433907598129e+01 3.251438030767130982e+01 1.300424871207787980e+01 1.133910706270795288e+01 3.139775710508014228e+01 2.051424774236232196e+01 3.725151198935782304e+01 2.490688233441718680e+01 4.907098633321621328e+00 2.490688233441718680e+01 3.416151207185987460e+01 3.731346387418305000e+01 2.058042257842236467e+01 3.024958532307879366e+01 1.024438197290133878e+01 3.024958532307879366e+01 2.421817661637194163e+01 3.836031041293038868e+01 3.275904213195581605e+01 2.260502774910667512e+01 2.624627414030549666e+00 5.301635146547638122e+00 2.769641576632278657e+01 3.415381317030637121e+01 3.586508866283531205e+01 1.652508932537341835e+01 3.416592386791748481e+01 3.821745737091435302e+01 1.821592956514558281e+01 4.073682821060474524e+00 2.407424142536390121e+01 3.141596843479245038e+01 3.970803082201132383e+01
1.795629399984677299e-03 2.000179562939963063e+01 3.725381102010043577e+01 4.880081640389275321e+01 4.803698563614701555e+01 2.902575436946061416e+01 2.293063216232421908e+01 1.765808978688492203e+01 3.741431598093343069e+01 3.465638336605512393e+01 4.643990299855138915e+01 2.740678490203271522e+01 7.407098633321610670e+00 2.153926007841184287e+01 4.137815293439538777e+01 4.881784607243734087e+01 4.051310268274438187e+01 3.009211842849075680e+01 1.656894212460973748e+01 3.658076173387115659e+01 4.421817655565418193e+01 4.155390849523740826e+01 2.449512311769435513e+01 4.447031627306818002e+00 2.244667754269971383e+01 2.764916418522599173e+01 1.757014078818022185e+01 3.932627140606179950e+01 4.480936057283431495e+01 3.066722494910411712e+01 4.480936057283431495e+01 4.142410254923649404e+01 2.656116544383105094e+01 8.407076152487652720e+00 7.159200474490906352e+00 3.463025246160079007e+01 4.945848617568169914e+01
2.526786264046545702e-02 8.969539772639544495e+00 2.051654515643185661e+01 4.051654515643114252e+01 5.586909448887251983e+01 4.209812845301841122e+01 4.209812845301840412e+01 2.470174601352404409e+01 4.430145198434107812e+01 5.465638323986281222e+01 3.815444081201521698e+01 1.815405487475814184e+01 9.989087530793243630e+00 2.998931743987739296e+01 4.480408247158147361e+01 5.301379089202541905e+01 5.754683331551057535e+01 4.364549711013078337e+01 2.364012039864545045e+01 4.367067659879719344e+01 4.741078996536913337e+01 2.742496945837512357e+01 1.328776200661001461e+01 5.742132100768694514e+00 2.571134888137664731e+01 3.576209040260523153e+01 3.932621390773581993e+01 3.335702588277114700e+01 5.373730500419323164e+01 5.066722494910340657e+01 4.142410255744198366e+01 2.163693635730457032e+01 1.516324401326779991e+01 2.651752164854434923e+01 9.316779612513403919e+00 2.084653932681676025e+01 4.110639162867538232e+01
8.483503398980346555e-02 2.008483503398944947e+01 3.235933235360822380e+01 4.064719396079038205e+01 4.959684227775696286e+01 6.087587972923729041e+01 5.213814153653000005e+01 3.405220772816648633e+01 5.213814153653000005e+01 5.448520442908039740e+01 3.448418540467232418e+01 3.311283055005640819e+01 1.311256276856618186e+01 1.851715538302101649e+01 2.484182004937438748e+01 3.899036133226759659e+01 5.901290105885819770e+01 5.198768249040089273e+01 3.519258991667788905e+01 5.198768249040089273e+01 5.325868505326494073e+01 3.327858456630604422e+01 3.327856201470125086e+01 2.184245553084153002e+01 7.612577862891963143e+00 2.174748101840399528e+01 4.174872953988958812e+01 5.373730500419323164e+01 6.201455869435351786e+01 5.556225959931568781e+01 3.556788616373716394e+01 4.142410254365601929e+01 2.603278024592493978e+01 3.171629766011696816e+01 1.158002222434200057e+01 2.584808682139989600e+01 4.591242523239537121e+01
4.163169627051844027e-03 6.034390061182274501e+00 1.235894538153194766e+01 2.130321735253276216e+01 3.544541609934528736e+01 5.544890972491900527e+01 6.043822508058374154e+01 5.204502862021014664e+01 6.043822508058374154e+01 6.277171876356394620e+01 5.045813344862047956e+01 3.045735127379402840e+01 1.631512584469150795e+01 3.631544474376567422e+01 4.487967417954315863e+01 3.899437851504711006e+01 5.909901132773658361e+01 6.358151163077936019e+01 5.525250513727014123e+01 6.014648434528053400e+01 5.102118498916103562e+01 4.262782006529464951e+01 4.454088537373646517e+01 2.894744928395744665e+01 8.947630906385741767e+00 2.281542848980124205e+01 4.122728232036494944e+01 5.046084423040830558e+01 5.887837693985193255e+01 6.387572598229336052e+01 5.556225959931568781e+01 5.415282864115259542e+01 4.588537114775521530e+01 3.418956337979227555e+01 1.401456863353981319e+01 3.418956337995314954e+01 5.283691499141853143e+01
2.434392073152260791e-02 2.002418980130802240e+01 3.235702212850844006e+01 4.062367763240521157e+01 4.958671884258738771e+01 5.823361908287573385e+01 5.099751952674037625e+01 5.808879461751788398e+01 6.674729722959450839e+01 6.018838970142224554e+01 4.018720225436982219e+01 2.864002746910957953e+01 1.969574286405276808e+01 3.969612663116057405e+01 5.447086735366240617e+01 5.910069691805811232e+01 6.751389769263543883e+01 7.770387504711609949e+01 5.763605700599993753e+01 4.322719602243201820e+01 3.128865657928058752e+01 2.234006273326238201e+01 1.807518177734349507e+01 3.030415374128619632e+01 1.029623177111126076e+01 1.662134169700956932e+01 2.328540248615345476e+01 3.034198033237294112e+01 4.451587966292434828e+01 6.481326129726133445e+01 7.116276150115648136e+01 5.961490689994544567e+01 4.238042294498341533e+01 2.231699645589566217e+01 1.685496390202960981e+01 2.451900501433761548e+01 3.454865283045364777e+01
5.883922493566802470e-02 1.420099660305297284e+01 3.420350721209783984e+01 4.520887844614421880e+01 3.687820053271889975e+01 4.107784146910428547e+01 3.071418015919226363e+01 3.953392156101151755e+01 5.880587402441074119e+01 6.847495857004621200e+01 5.692653041323017504e+01 4.636298442962026911e+01 2.636241103424103471e+01 2.618460090923858985e+01 4.032695239222102401e+01 6.032814886740082727e+01 7.203224770534320953e+01 7.322560671376541563e+01 5.312311552745604359e+01 3.861943237221031211e+01 3.128865657941083356e+01 3.702675145622524866e+01 2.084297353349477788e+01 1.239180074984872881e+01 3.030415374011248275e+01 1.607078842862716428e+01 3.605517587831929660e+01 5.046084423040830558e+01 5.046084510329036732e+01 7.078301370389044678e+01 6.288111749240961501e+01 4.287641045454267186e+01 3.131641363955630197e+01 4.000505873660008405e+01 1.994219849178450232e+01 4.000505873660008405e+01 5.283691499141853143e+01
2.016265153036126551e-02 2.002016265153000774e+01 2.715406013273051400e+01 3.094451328954461289e+01 1.681772019911835869e+01 2.129035735520447759e+01 2.836651780411008872e+01 4.776482599880475277e+01 5.795133634522944988e+01 7.570031715773606606e+01 6.050597221288612104e+01 4.050476707731454695e+01 3.790953324099005073e+01 4.618516720795670238e+01 3.374391031557986764e+01 4.374410028847275100e+01 6.374547700299871877e+01 7.322560676286370551e+01 5.312311552749804378e+01 5.901099847785217634e+01 5.180148900103716869e+01 3.465083510861894922e+01 1.464358648252845363e+01 3.240708229631663073e+01 4.029605054687363008e+01 2.033707281808082712e+01 4.029605055632136867e+01 5.512334008885981262e+01 6.399915274643456087e+01 7.544573599788198237e+01 6.547627513216438899e+01 4.547239310264781409e+01 5.133139449903751483e+01 3.727313960753133415e+01 2.310757648127641062e+01 3.312964123259681770e+01 4.468061446033880202e+01
1.256007409845548775e-02 3.548093988974132973e+00 7.140200210693107508e+00 1.091984719889614475e+01 3.078888702427134305e+01 4.131763470769741531e+01 4.837134603028761148e+01 4.104318571766528834e+01 5.517748520274903967e+01 7.499310641046969295e+01 6.879261990759579248e+01 6.050597221288612104e+01 5.205223341216442634e+01 6.041186249505259553e+01 4.041064094710198873e+01 6.041186249505259553e+01 7.203224770534320953e+01 8.152551586136698347e+01 7.322560676286370551e+01 6.305549508740343612e+01 5.473755996550737990e+01 4.294771665338519995e+01 3.465083509723797306e+01 1.692545404793951036e+01 3.693196335232442351e+01 4.029605055632136867e+01 2.700378424949329670e+01 3.593136866354618775e+01 4.740744773354784058e+01 6.720877450327230918e+01 7.375742098318352191e+01 6.547627513216438899e+01 6.556049168265832350e+01 4.656386684422733424e+01 2.655522307683754590e+01 3.656190472022006333e+01 5.656582896823464068e+01
1.283213977233468341e-02 2.001283213977198017e+01 2.715406013273051400e+01 3.094451415364995128e+01 3.924639284435097153e+01 4.365406270128499244e+01 5.253097391517685821e+01 6.098134628106649302e+01 6.917719306753571118e+01 6.387580705607130227e+01 6.239095626078892565e+01 7.060252948110188242e+01 7.205399417163036446e+01 6.869835554454733995e+01 5.041101897121419739e+01 6.869835554454733995e+01 8.721744176469141507e+01 7.562106939857117993e+01 6.729910037572756210e+01 5.473756287833547418e+01 3.468334271694921256e+01 3.059980788734894830e+01 4.018155979719491455e+01 2.017114300472321275e+01 1.957622348912514454e+01 3.958285501404909468e+01 4.660866694285979861e+01 3.592860103073079614e+01 4.585453115480992636e+01 5.723167329166547290e+01 7.689336609085326302e+01 7.747867979392675863e+01 6.593143997922862809e+01 5.034424836893008859e+01 3.034034961831668653e+01 5.034424836893008859e+01 5.656582896823464779e+01
9.594114293757748102e-02 1.627032689816984856e+01 3.266781460298423667e+01 4.011314840792027780e+01 4.019742771965121619e+01 2.345133730187651011e+01 4.032284789724008078e+01 5.176310033558610257e+01 5.447629615073611120e+01 4.395420506525801585e+01 4.246582542100959756e+01 5.656399885276096029e+01 7.645847586262024720e+01 7.870003202693492028e+01 7.041270601889094394e+01 7.870003202693492028e+01 7.889235823104856138e+01 5.881224660038554930e+01 4.722765078868423672e+01 4.118287890211413327e+01 5.473756287833325729e+01 4.497465562384790871e+01 2.494710296405353844e+01 4.018156101683148762e+01 2.146572081056734049e+01 4.147406931261433272e+01 5.344243003575778772e+01 5.506686175462478161e+01 4.993281595957317620e+01 6.961675016415107109e+01 8.511270372333345335e+01 6.919797295835198270e+01 4.919383431036649768e+01 3.764484725066776605e+01 4.188961355507467488e+01 4.103286809679264024e+01 5.517834110417972227e+01
3.950229235330715398e-03 2.000395022923497379e+01 1.174481391125078567e+01 2.295232054012177869e+01 2.883762199222043421e+01 1.190557361850275520e+01 3.188572574035314844e+01 3.183810412214586805e+01 3.455444268527382690e+01 2.985474774919726570e+01 4.978919703467568780e+01 6.608018609456763670e+01 7.023456517382210507e+01 7.023456517384357767e+01 7.843695161718942188e+01 9.420684656027196979e+01 7.411448255073044322e+01 5.991846327362630831e+01 5.386835580786470956e+01 5.536674263969864995e+01 5.583254942265415366e+01 3.564791377576533904e+01 4.497465562516001825e+01 4.889151821385323160e+01 4.039295755142261868e+01 2.418336158912184430e+01 3.878032304233371264e+01 6.116882594550016705e+01 6.961675016415107109e+01 7.781666563920406077e+01 8.122122828424498664e+01 6.122086304547960367e+01 4.707423992149921332e+01 5.764857812503093015e+01 5.603515406228483187e+01 5.258243146443166438e+01 6.931904192726663894e+01
7.711341127313005306e-02 2.007711341127277649e+01 4.727083087520247418e+00 6.781348944666030221e+00 8.869617165616109133e+00 2.880171125731011372e+01 1.506946510720656995e+01 1.771876942129000199e+01 2.044009891267771195e+01 4.039212130179865312e+01 4.808452768097065189e+01 4.615676754032390505e+01 5.031086302568704127e+01 5.031086302568704127e+01 7.023456517384424558e+01 8.594668329285532593e+01 8.832474460962771445e+01 7.999939971905662617e+01 6.390290236168131344e+01 7.544432588740204437e+01 6.423932109289785330e+01 4.726173107334952306e+01 6.401603735713369758e+01 5.540457056597220031e+01 4.600582949811590794e+01 2.614038171512338948e+01 4.615721944292286594e+01 5.751415821362613912e+01 6.355376299399642903e+01 6.355376299399642903e+01 8.360595385693984838e+01 7.536004000809354864e+01 5.707731674978790437e+01 7.536004000809354864e+01 7.603677876983175565e+01 7.258568085111454593e+01 8.086559515136808329e+01
9.541454368626212448e-03 1.882791102515688708e+00 2.035205407021188151e+01 2.653394553730473504e+01 2.885408047434846424e+01 3.702069106130454657e+01 3.503342006543530118e+01 2.124011196601643547e+01 4.039212130179865312e+01 2.491023822263246146e+01 2.815181319227071199e+01 3.206689549941566497e+01 3.622363984411525450e+01 5.614638027854068980e+01 5.784784028371407061e+01 7.195253832693137497e+01 9.178404309320259813e+01 9.231298675045883328e+01 8.398663678035217117e+01 9.231298674552613193e+01 7.595212567687684668e+01 6.754050501915313021e+01 6.154278962634743522e+01 4.930599147095837509e+01 2.927781085827476915e+01 4.615703200931441330e+01 3.262616561299227413e+01 3.748182778110437852e+01 4.352275502804923235e+01 5.768424078530521371e+01 7.772404311486886286e+01 8.535919338471133244e+01 7.708035204562465026e+01 8.535919338471133244e+01 8.690880298672752247e+01 8.585338921707068494e+01 9.171112613533220781e+01
2.297228869525369793e-03 2.000229722886917116e+01 9.734598562276048028e+00 1.974833388997369710e+01 3.120757799633516782e+01 5.017345694440446380e+01 4.564883574511407005e+01 2.570889290515045644e+01 4.564883574511407005e+01 4.485101440961998520e+01 4.808452768097065189e+01 3.755105807140896701e+01 5.614638027854068980e+01 4.374744696799202615e+01 5.265929037240842803e+01 6.418899030756053037e+01 8.408126927982621623e+01 9.430200841167736314e+01 8.426782170650180603e+01 7.594765113887258678e+01 6.837448142619217606e+01 6.351552413588068191e+01 5.323517340571551415e+01 3.320020562748619142e+01 3.320020562748619142e+01 5.323516961890896226e+01 5.265558862368907711e+01 5.164576235850137920e+01 5.751415814501449830e+01 5.618927958857938876e+01 7.034979719316120850e+01 9.041655818634498587e+01 9.104555484244899333e+01 8.104833352710234351e+01 6.690753279516016505e+01 6.585166975419937785e+01 7.171003774948341913e+01
