MOVIE_S12_data/elevation_000555.asc
nrows	50
cellsize	150.0
xllcorner	0
ncols	50
yllcorner	0
NODATA_value	-9999
[rows 17 to 33 of 50, columns 0 to 36 of 50]
5.436832538903087209e-02 2.005436724876051002e+01 2.478491799783650151e+01 2.679496576072157765e+01 9.918643852962130580e+00 1.218319792125130263e+01 1.457365513992006889e+01 1.701704402704613273e+01 3.701669328328814856e+01 3.719589306437760712e+01 5.719398598857986116e+01 4.616124495996223942e+01 5.908745641485478473e+01 6.511683876330829435e+01 7.178362590464375614e+01 7.934313540287087108e+01 8.762524308253718175e+01 9.458629893533669986e+01 8.639429445372884686e+01 8.929663906867288858e+01 8.038008572468744717e+01 6.545611480568007323e+01 6.545611480568007323e+01 5.996293000854246458e+01 4.452116190047329525e+01 3.451258918216804972e+01 4.866205345519095715e+01 6.400204140966137345e+01 6.657643847271140203e+01 4.658135528427386163e+01 6.657643847271140203e+01 7.908005247543684391e+01 9.519976189885251472e+01 8.516085871981157140e+01 7.683636344817725217e+01 6.043146211663479761e+01 6.411186466334550005e+01
9.647730019007895452e-02 1.423861292530154543e+01 3.423861553537301461e+01 2.991840347244752252e+01 2.991840350873106047e+01 2.034816372424113951e+01 3.457334724625684430e+01 2.856404780223181561e+01 2.770749309511439407e+01 4.770674089027824039e+01 6.547128880831579067e+01 6.616203249608098247e+01 7.444765158046955378e+01 7.338172044656684534e+01 7.318048443937449576e+01 7.318048443937449576e+01 8.137880878876428881e+01 8.323214134346656579e+01 6.677440637610696683e+01 7.677518241600128590e+01 8.492849279370213367e+01 8.536429133172950401e+01 8.072686125450935890e+01 6.083097746897812641e+01 5.816562974835807154e+01 3.817084084483263950e+01 5.816562974835807154e+01 7.691727119788453138e+01 7.485588692333702454e+01 5.552591761160472572e+01 6.290852444138381117e+01 8.289678433251397394e+01 8.953406960146458005e+01 9.788393895473495832e+01 8.881431872072268163e+01 8.048777804424757676e+01 7.555140400056014016e+01
9.953738903938927352e-02 1.424167301277046427e+01 3.424167301291053889e+01 4.991647992429990666e+01 4.862854412783836011e+01 3.449027355127473982e+01 4.034770565092855321e+01 4.270610570638174153e+01 4.184956618793272298e+01 4.403723974048448042e+01 6.403414861741649133e+01 7.443220445761278370e+01 6.786470697498205595e+01 5.419903938434465118e+01 5.348791718762254277e+01 5.348791718762254277e+01 7.318048443937449576e+01 7.446450454037457689e+01 5.550643934857886563e+01 5.721020690169868317e+01 7.102257762048581924e+01 9.067183475013035832e+01 8.892712475609810951e+01 7.613771397009969633e+01 5.616186397861432766e+01 4.202292549754321271e+01 5.356899040554437619e+01 7.354691529247418202e+01 8.379552019422206399e+01 6.706955961204195660e+01 8.289678433251397394e+01 8.626447791712543278e+01 6.942218832644140036e+01 8.626447791712543278e+01 8.258959899142267602e+01 7.426446678629500298e+01 7.426446678629500298e+01
3.582433992925927735e-02 2.003582433992890444e+01 3.545789553703124852e+01 4.441101133847349303e+01 5.597672456841704047e+01 5.448879817582603380e+01 6.034441451049465144e+01 6.270355066131852340e+01 6.184721149136721152e+01 6.403414861741649133e+01 6.867928379206637146e+01 5.478288366012183985e+01 5.842262874403842687e+01 4.115847678913162611e+01 3.985363164101423905e+01 5.554221242402392988e+01 6.437181246637892684e+01 5.939694053270429919e+01 4.673858065033009268e+01 6.631911137039331550e+01 7.676540481999101928e+01 9.636620291499887969e+01 8.766544611181035407e+01 6.769882834632258550e+01 5.616186397861432766e+01 4.687486764537909778e+01 6.685968519736256610e+01 8.181745215010052164e+01 9.533472608750712141e+01 8.705522958467797423e+01 9.044362773924609655e+01 7.030962122860543673e+01 5.778076615002057537e+01 7.792246953342014137e+01 7.426446678629500298e+01 5.411497529399860440e+01 5.411497529399860440e+01
8.338298177320474514e-02 7.154451135500613290e+00 1.609875370435437958e+01 2.764659335793454531e+01 4.766654005870047683e+01 5.281241902279491285e+01 5.712084883277729119e+01 6.455913353842690583e+01 6.572327048707815322e+01 6.219167411670572676e+01 6.053803647599706750e+01 4.077655456091340369e+01 4.803977791761896299e+01 3.200219041301316736e+01 3.297479837448925366e+01 3.686427903793546079e+01 5.233118012179159706e+01 3.972048946697355376e+01 5.939694053270429919e+01 7.446450454037457689e+01 8.300276896434237983e+01 9.113358030180947367e+01 9.593607595387845777e+01 7.839106282067234588e+01 5.841813089583696694e+01 5.687256742373436680e+01 5.951904330139839061e+01 7.364410189256847161e+01 9.360721524866406185e+01 9.456415314528686622e+01 8.454384613961350681e+01 6.441361222059688885e+01 5.011238421490759265e+01 7.030376834231807948e+01 6.679377096565342242e+01 6.001658036606664837e+01 3.989519257296588250e+01
1.813270376062421294e-02 2.001813270376026921e+01 3.541490506917568837e+01 4.166238952539055163e+01 3.362831255932630370e+01 3.357160157367111708e+01 3.779984668204005516e+01 4.328254889410730044e+01 4.328899174664209681e+01 4.388566330850304809e+01 5.380638327307386248e+01 4.803977791761896299e+01 2.815032520738035160e+01 2.412036350706225463e+01 2.638523758201156966e+01 2.882799036842155616e+01 3.317680487066069617e+01 5.307836694748621653e+01 6.436106042350482426e+01 6.914660328665694067e+01 6.338773410837806921e+01 8.299951899712544900e+01 9.490852822711964620e+01 8.666107753979454742e+01 6.995332086646205028e+01 6.840881023215320056e+01 7.949116242097312579e+01 8.776123490786233106e+01 9.456415314528686622e+01 7.445839978238743129e+01 7.814787426750336863e+01 6.470726595306287265e+01 4.449172651505089959e+01 5.732340165029461332e+01 4.666548074453339012e+01 4.971503685494680980e+01 4.692407936553487247e+01
2.351309638313057310e-02 2.002351309638277499e+01 2.253556248792483174e+01 2.387335727706028266e+01 1.474321274046407027e+01 2.851368125944745913e+01 3.846840770163101553e+01 1.875684517760716830e+01 3.936897246951686213e+01 3.132431973981260143e+01 3.164837379101753001e+01 3.815875818055784663e+01 2.105824955576548874e+01 4.101487880122669338e+01 4.639208719681766979e+01 4.885221759355793836e+01 3.326739916209097458e+01 5.322157257099454597e+01 4.455873395592747244e+01 4.941719606214052618e+01 5.570650200719806833e+01 6.706037584190802647e+01 8.670049911710037804e+01 9.818772459371010086e+01 8.991723268070118991e+01 8.837331540919130646e+01 9.664357400389356201e+01 1.012129718168943953e+02 8.110822723936165346e+01 7.814787426750336863e+01 5.800582673469068595e+01 6.651885770240366469e+01 5.732485629098694346e+01 3.717371434010345865e+01 3.255762605997013281e+01 2.978359989421648990e+01 2.705152280187794034e+01
2.372884694381488524e-02 1.301481977077566521e+00 2.581850778929794643e+00 3.870164056046399015e+00 2.378414172829113582e+01 2.706908604408266683e+01 2.843535701573473773e+01 1.033654280494900846e+01 3.040672152018510133e+01 3.389236950914979474e+01 1.619180741284904457e+01 1.818902464777992378e+01 3.815875756046278156e+01 4.101487868897464750e+01 6.082784468841505543e+01 6.138677680499561262e+01 4.486104851015747386e+01 3.803440330806682113e+01 5.793579443260457396e+01 6.914660328665694067e+01 7.536131129216317959e+01 6.814037642975519304e+01 8.200776187232881398e+01 1.017386374629591046e+02 1.070460980998355041e+02 9.892009507711337335e+01 1.070460980997166587e+02 9.531895889403149624e+01 7.522194945675275335e+01 6.099669083120781465e+01 5.272597134533188523e+01 4.629424226281390276e+01 4.188582322203510699e+01 3.790169845751250222e+01 5.257473417176327501e+01 3.445437775411451042e+01 4.692407936543952474e+01
6.296921807001566729e-02 2.006296921806966083e+01 2.258387361485077705e+01 2.383315776847565814e+01 5.731141703044220215e+00 7.058610202871591355e+00 8.407079367922900559e+00 2.769167538568928322e+01 1.231834668184265702e+01 1.390666885627885385e+01 3.389414498951818189e+01 2.032529840047362768e+01 3.998443579703346984e+01 4.416255034774829369e+01 6.400642149453220497e+01 7.276905878121833382e+01 6.463400391986520788e+01 4.958912854735560671e+01 4.625902667228166365e+01 6.620510389049317723e+01 8.477912346616398054e+01 8.778680153407627529e+01 9.599814190805038550e+01 9.743359834279867471e+01 8.938896906395163455e+01 7.985784305078988154e+01 9.743359834210636450e+01 9.835395518470144793e+01 8.943775677809759372e+01 7.289772708792358458e+01 7.289772690925963161e+01 5.800582673469061490e+01 5.357926388167454235e+01 5.806155245353431127e+01 6.009018720485499188e+01 3.993803015753845642e+01 6.009018732657389705e+01
8.175220331382776484e-02 1.422388783113366628e+01 3.422389300471304097e+01 2.576181427059934137e+01 2.578936883801840096e+01 1.601188904064235530e+01 2.257093277527151898e+01 3.511966234185575075e+01 1.533981141656414771e+01 3.354789069695208070e+01 4.193413185890803874e+01 3.998448601269968350e+01 2.455846103540458003e+01 4.416257096611222721e+01 5.692197996242043700e+01 7.099102510689864687e+01 7.750960385807091768e+01 6.933755151428943009e+01 6.040456118162110499e+01 5.637664229596769871e+01 6.806312873871650027e+01 8.806525812556267852e+01 9.653662036772719546e+01 8.643220628711883080e+01 7.048580140070681921e+01 7.048580140070681921e+01 8.733958201729514315e+01 7.927650109507699483e+01 9.287263279458220211e+01 9.300524800136943782e+01 8.647817432040358199e+01 7.814787424750505807e+01 6.786074645722710841e+01 7.017847768803038377e+01 5.000189696542368978e+01 6.009018732672705454e+01 6.843270627503287074e+01
7.631710034972485901e-02 1.421845272425577811e+01 3.421845335816708911e+01 4.586754241630688966e+01 4.431777047847015893e+01 2.757363341698290782e+01 4.259325170380266457e+01 3.839838769776067551e+01 1.843626792734476183e+01 3.838027083979775966e+01 5.123307873336359819e+01 5.186234547721000609e+01 4.086968686159360686e+01 2.902866524581376595e+01 4.285293481794229109e+01 6.188094565920929568e+01 7.605280906706187238e+01 8.426670134998975925e+01 8.020885276737638492e+01 7.200872161032486929e+01 8.477912346616399475e+01 9.631145809489711951e+01 8.850071166537301792e+01 6.952675393915997404e+01 5.953808486592047444e+01 7.847522012504047950e+01 6.838946590002487369e+01 6.594266057525771885e+01 7.927650109503206011e+01 9.835395489938683511e+01 9.882049547128188749e+01 9.630883403384932251e+01 8.441162681501553777e+01 6.428291428435440480e+01 7.017847768803038377e+01 7.851285080262722715e+01 7.899290270894290700e+01
9.124702163186203252e-02 2.009124702163150644e+01 3.731043115285869050e+01 4.885743809800931814e+01 5.586948210212086963e+01 4.758565010204755907e+01 5.242702984356609619e+01 3.258760928569083859e+01 3.839844094822006326e+01 2.330470858099617715e+01 4.323632734787868515e+01 5.655991653677333630e+01 5.527674972077826965e+01 4.868300307073174338e+01 3.382879942007549090e+01 5.363440428759507483e+01 5.614212569476393355e+01 7.288392100652528427e+01 8.108786405285711396e+01 9.098517404376489992e+01 1.029558531027474544e+02 9.419302367203422932e+01 8.632181816746633274e+01 7.300854003349232357e+01 5.392324974914394176e+01 6.646233948692439242e+01 5.487590052638203275e+01 6.594266057525776148e+01 8.486415809025578483e+01 9.332033688581088882e+01 7.971457247543072810e+01 9.332033698986253967e+01 9.274278732090017741e+01 8.441162681501553777e+01 8.489839020503580969e+01 6.466840871712174987e+01 5.873500903157753328e+01
8.187870513261463756e-02 9.026150615131850685e+00 2.057315599892546842e+01 4.057315643468195532e+01 5.319568688711658666e+01 5.905535802238330234e+01 6.059501391725811459e+01 5.242703326240940243e+01 5.137977643691762353e+01 4.323632734787868515e+01 2.857131623660648856e+01 4.267694621874862548e+01 6.243181799489170913e+01 6.057298520155132593e+01 4.071127095452274602e+01 3.981621432463776245e+01 4.532057525713749868e+01 5.295458030619919043e+01 6.299135400346635549e+01 8.277648800958417041e+01 9.784118248866910506e+01 8.027488066695936197e+01 6.811584030351032482e+01 7.518336131294441316e+01 6.646225059783409961e+01 4.717568394824961331e+01 6.646233948692440663e+01 8.187852246306653115e+01 9.287264088790283267e+01 8.479580267987682873e+01 6.636339952884050319e+01 8.355660165581396370e+01 9.155842701277052242e+01 9.480881024021056191e+01 7.899290270894290700e+01 5.873500903157753328e+01 4.442321262746084898e+01
2.239863785106879432e-02 2.002239863785071350e+01 2.885651682813434604e+01 3.370732662617572117e+01 3.319450327770643128e+01 3.905271433056288544e+01 5.441401361043622842e+01 6.442411625337655323e+01 6.635794351472767971e+01 4.665939372838074917e+01 3.257872916186581591e+01 4.665964674266648160e+01 6.637592922495218772e+01 6.860533369607620102e+01 4.956391036369033287e+01 5.979580416964609668e+01 5.614212569476393355e+01 5.804868913462277646e+01 7.791743904901971973e+01 9.098517404376489992e+01 8.732225346559212653e+01 8.815860537986219470e+01 7.518155794588197693e+01 5.652442528167296132e+01 4.971612363327167117e+01 4.377299801861826722e+01 6.315469997934344093e+01 7.894407514261988013e+01 8.872540459907691002e+01 7.683713649816661473e+01 5.778372083510150503e+01 6.452713506065450133e+01 8.355660165581396370e+01 8.648759006375490799e+01 6.625387661487188495e+01 5.453116727690697729e+01 6.466840871712174987e+01
1.991760116496149591e-02 4.384275405884828558e+00 8.856411360884445472e+00 1.370712386161114793e+01 1.905234869986253798e+01 2.612341651379650642e+01 3.612341797704161195e+01 5.612602962143055407e+01 6.637696068122323823e+01 4.665968040167266651e+01 4.665964674266648160e+01 4.013630891137768231e+01 5.415060091175468671e+01 7.380434701262464614e+01 6.085768650197839946e+01 7.717506921404236664e+01 7.025075441408442600e+01 7.212519111575645070e+01 8.612506415899009937e+01 8.179519329330673827e+01 6.827273725827083695e+01 8.021337108023310236e+01 6.110454510551048202e+01 6.460840519937018200e+01 5.992199064100980621e+01 4.045926772983204955e+01 5.181804622180837328e+01 7.099792199469345633e+01 8.073356891236066701e+01 6.162758170573682293e+01 5.086308202665020417e+01 6.452713506065450133e+01 8.355660165581396370e+01 9.130307279639291096e+01 7.109793902802915966e+01 7.480565015733661482e+01 7.965528717212690424e+01
1.766589122093755945e-02 2.001766589122058093e+01 2.885651682813438867e+01 3.370732662617572117e+01 3.905271418328475619e+01 4.612422523329983193e+01 5.441401361043622842e+01 6.442563390353711839e+01 7.454315286095751958e+01 6.637755966580002109e+01 6.637592922495218772e+01 5.007443447688201132e+01 5.075486515207323635e+01 7.041679166597126027e+01 8.023539630042550641e+01 8.843239807290885324e+01 9.006020809991008491e+01 9.190116256420563445e+01 8.732225323452517785e+01 6.827273725822877282e+01 5.468487795161581033e+01 6.278429599241617609e+01 6.461348975255627636e+01 4.524680284498970906e+01 5.343052527244019245e+01 3.764339416997362520e+01 5.155017106939460092e+01 7.077466505887649362e+01 6.696869857514191438e+01 5.900326923198078788e+01 4.574780130167312819e+01 6.513359568290341883e+01 7.980393815556709569e+01 8.934785103084742275e+01 9.130307279639291096e+01 7.999726371182235596e+01 7.162466739834962937e+01
6.490672536223988931e-02 2.006490672536188313e+01 3.057865154196395352e+01 3.662764968280364997e+01 4.373587743843459918e+01 5.203489289133389661e+01 6.377629569359616823e+01 6.808567774985583299e+01 5.980569188460040664e+01 6.808567774985623089e+01 7.789940979049764280e+01 6.399133720131432312e+01 6.466776348346739667e+01 6.681294659914131273e+01 8.645206332541076222e+01 9.222014586347944487e+01 8.386651382902022078e+01 9.222014586347944487e+01 8.411866482543209145e+01 7.456028837346173077e+01 6.278594622016334625e+01 4.336415400230580275e+01 5.363061842035658344e+01 4.997280416166017147e+01 3.380818765441844675e+01 5.343034521065053610e+01 6.513046772723400579e+01 6.231413863273544251e+01 5.433049130504310398e+01 3.945563671256009286e+01 4.520246528706003630e+01 5.266684456460455266e+01 6.235358897819006074e+01 8.136108902449232971e+01 8.593964117925197854e+01 6.569521111333278895e+01 5.149279857420468431e+01
