MOVIE_S12_data/elevation_000439.asc
nrows	50
cellsize	150.0
xllcorner	0
ncols	50
yllcorner	0
NODATA_value	-9999
[rows 17 to 33 of 50, columns 0 to 36 of 50]
5.436832538903087209e-02 2.005436832538867620e+01 2.401237290951809911e+01 1.605361431170780051e+01 2.817361019048136939e+01 3.034291481345015384e+01 1.790220690818791738e+01 3.513918103750702215e+01 3.848501582405774002e+01 2.366692057475139066e+01 2.744656536285915749e+01 3.152904858689885259e+01 3.687427915487064922e+01 4.290456710337756618e+01 4.957164771924860958e+01 5.957676241649994608e+01 7.964835661128221034e+01 9.795209677255084557e+01 7.824795289893367567e+01 7.424123274653921101e+01 5.447919754693757710e+01 4.292032228547952855e+01 5.407585357475071675e+01 6.539421048873762743e+01 6.040326803271947398e+01 4.059325046208002874e+01 6.040326800072907076e+01 7.189441813452442887e+01 6.372767153740355894e+01 5.168516512338935343e+01 6.162616064578434560e+01 8.140325471468133856e+01 9.342225957690538962e+01 8.344736760869960790e+01 7.517558899020363583e+01 6.853134478565793586e+01 5.011145846827033523e+01
9.647730019007895452e-02 1.423861292392115452e+01 3.423861292392185618e+01 3.605361447355738136e+01 3.605361447355738136e+01 4.346155121809326971e+01 2.344921650300468841e+01 4.339927189108780681e+01 5.149661521588593871e+01 3.781066879400242442e+01 4.159090168544836530e+01 4.567427756469390232e+01 4.786512404755121963e+01 6.293225558234360761e+01 6.961255951389105689e+01 7.794565951955931382e+01 8.799194293684843160e+01 9.216040812603405641e+01 7.248522525796016680e+01 5.854089445585842810e+01 4.962547234119155348e+01 6.283161640431612227e+01 7.101268254739562735e+01 8.227661226306722142e+01 6.455061832094180829e+01 4.460430772268288990e+01 5.534525683729491163e+01 7.292326299801308664e+01 7.822563237632932953e+01 5.873587716618110477e+01 7.877156809378975311e+01 8.968042946219934208e+01 8.514216549469458073e+01 6.520901250866558030e+01 5.524285638549692834e+01 4.858856065104581745e+01 4.282223606684023309e+01
9.953738903938927352e-02 2.009953738903903542e+01 3.726436749739139742e+01 4.881137288118411988e+01 5.605361617979021105e+01 5.176914886968483387e+01 4.346155121809326971e+01 3.344969385691978658e+01 5.347340857926672442e+01 5.783650551337831303e+01 6.162203253169506212e+01 6.571227211740740870e+01 6.790914425626847617e+01 7.623916806084795894e+01 8.261661688343231447e+01 7.437859952449929324e+01 7.695882985359013162e+01 8.519708784227501042e+01 8.336139885348460155e+01 6.366605610166336504e+01 6.943468843587847061e+01 6.026488469972645134e+01 7.996466270726740788e+01 7.582590409497514372e+01 5.901335015998089517e+01 4.949743260642537734e+01 6.944151810997070129e+01 8.106552319357903968e+01 7.886762341234455675e+01 7.291685894238376875e+01 8.745489625835848813e+01 9.960398306536359314e+01 9.342225613223112646e+01 8.344736760869960790e+01 7.517558899020363583e+01 6.853134478565793586e+01 6.277435888952722109e+01
3.582433992925927735e-02 8.980096249928495311e+00 2.052710163372121599e+01 4.052710163372191943e+01 5.125804686920171349e+01 5.954231811670138086e+01 6.178839150993888296e+01 4.760023247015960379e+01 4.979283766042468784e+01 6.985007113024050796e+01 6.881731281384450938e+01 6.059730833513807369e+01 6.881728489526481951e+01 7.366036776303403144e+01 6.540979086550679256e+01 5.447004972057654726e+01 5.705457028264488173e+01 7.695882985359013162e+01 9.155053939422556653e+01 8.336139885348460155e+01 8.814659289109037843e+01 7.420005376813259090e+01 7.996466270726740788e+01 8.319687493458393135e+01 6.789975571598770898e+01 5.589425403280011295e+01 6.670609553055894025e+01 8.883823833738968290e+01 9.936415515091218253e+01 9.359579765670558515e+01 9.332025499268887359e+01 7.982930926477307310e+01 8.715105846743458073e+01 9.296197050511894133e+01 9.189479151402190382e+01 7.469732058372626682e+01 6.640022110258558996e+01
8.338298177320474514e-02 2.008338298177284997e+01 2.958289041239801875e+01 3.492811525064690414e+01 3.125804686920101005e+01 5.028345430997741516e+01 6.028345430997956811e+01 6.765250999607891913e+01 6.985007113024050796e+01 6.471119709968908751e+01 5.646314433166461555e+01 4.068685725084369409e+01 5.861261990700253932e+01 5.612550350780140462e+01 4.551325692828994818e+01 4.295827370715996096e+01 5.705457028264488173e+01 7.695882985359227746e+01 8.456700539448797826e+01 8.657289398084756726e+01 9.460129525332867217e+01 9.388165978990393512e+01 9.967662025296984041e+01 9.313590715593713298e+01 8.313528243400153883e+01 6.275914772367317340e+01 8.401866900750991363e+01 9.765991309428652301e+01 9.543261680899580313e+01 9.276688827133781956e+01 8.562117715414554198e+01 6.570042861054479033e+01 6.719512303559379518e+01 7.304008119865905257e+01 7.187820041366701673e+01 6.640022110258558996e+01 4.634967001823503807e+01
1.813270376062421294e-02 4.732177911670961024e+00 9.582890412397663482e+00 1.492811525064619715e+01 2.199918306251179700e+01 3.199918306251197464e+01 5.199918306251267808e+01 6.639038216862456920e+01 5.811013547915768385e+01 5.646314050119855921e+01 3.649385167524017248e+01 3.058471301441800350e+01 4.460555029845265551e+01 3.765114841849874949e+01 3.401423108136766871e+01 4.813928953229190455e+01 6.805737436462018763e+01 7.876200341959329876e+01 6.478858657178865599e+01 6.693674584375111181e+01 7.916572507342856113e+01 8.728565375568906859e+01 9.702884263713391988e+01 1.012618846196984919e+02 8.014334473237123291e+01 7.781725687599875130e+01 9.266305919687955850e+01 9.339225005807658420e+01 7.752363763503636562e+01 7.296629296127403563e+01 7.365773256923061751e+01 6.897417028612525769e+01 5.301287418821217301e+01 7.304008119865905257e+01 5.770057940014532960e+01 6.137805119227354567e+01 5.222234046431403698e+01
2.351309638313057310e-02 2.002351309638277499e+01 2.958289041239801875e+01 3.492811525064690414e+01 4.199918306251250044e+01 5.028345430997741516e+01 6.028345430997956811e+01 5.811013547915768385e+01 3.810932298441623090e+01 4.396742494819999081e+01 3.934281200566675096e+01 2.232940402649930789e+01 2.459958938248894711e+01 2.691789682801213246e+01 4.695195281939692222e+01 5.357772519667998523e+01 5.646095279819600421e+01 5.998498640495753165e+01 5.073270551843337728e+01 6.852673522777209314e+01 5.923379028463519802e+01 6.917607312635628602e+01 8.317789635772621182e+01 1.027825227532285339e+02 1.012618846196984919e+02 9.899020228126939003e+01 9.962227652161665503e+01 7.968289369883093798e+01 6.555708228313515917e+01 5.888105613909336711e+01 5.370186980796705711e+01 4.897597448566603617e+01 4.696823786004826218e+01 5.883089024912697340e+01 5.600558031244586488e+01 4.134559751512475145e+01 4.554839320527331381e+01
2.372884694381488524e-02 1.002372884694390187e+01 2.416586447067510335e+01 4.416586447067580679e+01 5.101060179060577582e+01 4.269065129378461165e+01 5.101060179065174083e+01 5.639790819706872327e+01 4.396742533488537674e+01 2.394926360717422043e+01 1.933206279953720497e+01 3.934285371791435892e+01 4.460555029862058518e+01 4.695195281939823673e+01 3.078478533166736142e+01 3.357416315743273572e+01 3.648219939212611962e+01 4.004532743217465196e+01 4.423452355310634232e+01 4.859644818862846449e+01 5.749732856749726295e+01 6.744235827870340927e+01 8.145556816759069818e+01 1.010403503002570034e+02 1.073920853505186415e+02 1.133160471028854914e+02 9.962227652161665503e+01 7.968289369883095219e+01 8.552300371495023512e+01 7.876575305606117183e+01 7.365773256923061751e+01 6.267453701753279915e+01 4.264476587977382849e+01 3.879935595837594065e+01 3.597439166568327096e+01 4.870908063946495759e+01 2.869712666147831470e+01
6.296921807001566729e-02 2.006296921806966083e+01 3.830800009440680753e+01 3.811295480599947894e+01 4.123095849288686310e+01 2.334959341733563321e+01 4.123093581974239186e+01 4.225017946620857145e+01 2.810565680337552408e+01 1.639542376186754780e+01 1.976388054992731824e+01 2.324727049681083457e+01 4.328149791833681803e+01 5.676058227563937209e+01 5.080413605679657252e+01 4.774684620080691388e+01 5.063587175038425414e+01 4.467961844255967918e+01 6.413480573469720980e+01 6.258852104478842193e+01 6.115114858867525527e+01 8.086370137554222026e+01 9.526947192327885716e+01 1.015079188021603755e+02 8.724313989710702799e+01 9.314462938665343472e+01 1.078684103699927448e+02 9.962227652161665503e+01 9.942399069482860341e+01 7.948397105654690620e+01 6.534091258889516496e+01 5.531800357599892237e+01 4.880863815728026367e+01 5.882801847487030500e+01 5.207086962703787947e+01 3.205501640272422037e+01 4.575955681691537791e+01
8.175220331382776484e-02 2.008175220331347077e+01 2.266091211828385354e+01 1.811335606839303125e+01 2.529268231489899321e+01 1.365966474998161928e+01 3.302012098113052474e+01 3.396587548373469190e+01 1.397359725733332070e+01 3.396637545009087233e+01 3.988375221857800312e+01 4.328150061044069474e+01 2.842608514213014459e+01 4.845233219651505152e+01 6.242796438513608592e+01 6.765471234908261522e+01 7.052394246573672376e+01 5.070514841721937671e+01 7.058195339667344115e+01 8.147350768904580320e+01 7.504850140859443286e+01 8.941477971223825705e+01 9.929172717858895680e+01 9.314462938665343472e+01 7.305813374400659654e+01 9.314462938665343472e+01 1.044774650404525005e+02 1.018259374041662397e+02 9.347922516725546416e+01 9.356701381561232722e+01 8.041259071531058567e+01 6.038993024677868959e+01 6.885287652658320212e+01 6.026697082422189311e+01 4.021714761782455128e+01 5.208166479315961084e+01 4.658192972369453599e+01
7.631710034972485901e-02 1.367311549085528988e+00 2.661004003791828332e+00 3.971247567952662205e+00 5.292884768862836431e+00 6.623264979338479463e+00 2.662432932456282586e+01 2.994018468183888970e+01 1.229370210229752658e+01 2.642256921772653300e+01 4.643055122039275062e+01 5.676052376537673183e+01 4.845233219651505152e+01 3.409500269128452032e+01 5.411478043735179710e+01 6.876498425646366286e+01 7.880451844361311942e+01 6.476919446454307661e+01 6.219279307380725896e+01 8.204175951412891266e+01 9.433573707428503496e+01 9.341886025179586284e+01 7.917636250868527270e+01 8.604298045683133012e+01 6.598055941198303742e+01 7.600988807135212255e+01 9.611195478388218305e+01 9.022410434314987526e+01 7.340736632372377812e+01 9.022410434314987526e+01 8.866801060367512832e+01 7.196651397971027109e+01 7.184992423279969387e+01 5.178766042743979625e+01 5.178766042743979625e+01 6.856282900964484384e+01 6.699056401300933317e+01
9.124702163186203252e-02 2.009124702159552811e+01 1.266100245381849732e+01 2.397110291762806256e+01 2.529268231489899321e+01 2.661880509853592613e+01 8.552236269876907215e+00 9.938986765168596804e+00 1.253523928654850828e+01 3.233399879935011256e+01 4.451539309532534361e+01 5.460042740134448280e+01 6.242796438513608592e+01 5.411478043735179710e+01 4.042496984235263824e+01 5.457179273370411465e+01 7.462752133241551178e+01 8.461519484542780845e+01 7.365971576760014727e+01 9.026491369822832667e+01 1.016576436486909500e+02 8.506801618074207738e+01 6.500483235309046393e+01 7.237894449843436462e+01 5.965274822067856064e+01 7.969868604352036812e+01 8.019133991308181919e+01 7.186894667688159188e+01 6.184716129295691900e+01 8.189073206080625766e+01 1.001903388623740199e+02 9.195021212281602629e+01 8.013598340120350372e+01 6.337870024349051334e+01 7.184992423279969387e+01 8.013598340119951047e+01 7.808448824096137741e+01
8.187870513261463756e-02 2.008187870513225803e+01 3.266082178274278647e+01 3.266082178275018322e+01 4.120264539431405382e+01 2.120221594261773035e+01 2.855334084077805201e+01 1.888370328038709545e+01 3.233124566073644957e+01 1.614739763678385742e+01 2.607564281621437630e+01 4.043087307039101574e+01 6.049460693861689009e+01 6.876498425646364865e+01 5.457179273370411465e+01 4.826970680774312683e+01 6.830412495038362408e+01 8.609757493605819434e+01 9.349184420751988966e+01 1.017208056859454928e+02 9.310441670238488143e+01 7.286042155573588275e+01 6.129529172957486338e+01 5.234619262485951197e+01 6.702342416865784003e+01 7.200712277508181103e+01 6.369231873045538350e+01 5.184038039155630173e+01 7.186894667688159188e+01 9.022410434314974736e+01 8.929700854214519268e+01 9.149597467899705805e+01 9.169679867510045312e+01 8.342183140334434199e+01 8.009645735618950368e+01 7.180681963829906067e+01 6.514081659635421317e+01
2.239863785106879432e-02 1.416453426158214413e+01 3.416453426158285112e+01 5.266025337631855052e+01 4.948556785768118260e+01 3.534548385053616215e+01 3.883904246537556304e+01 3.301660758078700297e+01 3.911466731828680565e+01 1.885837894017086569e+01 3.911539897412363587e+01 5.190464680124194530e+01 6.088996822498339156e+01 7.242631768866012010e+01 7.462752133241551178e+01 6.242216291156062624e+01 5.769781569601060056e+01 7.187085734266069892e+01 9.198752604956318635e+01 9.855826669984375599e+01 9.020180155188586468e+01 8.977370370017064261e+01 8.071170751933934184e+01 6.702342417038266831e+01 4.699614682905398411e+01 6.193517425849471891e+01 4.366692221877766400e+01 6.369047579283514438e+01 7.088899848465656817e+01 7.922903581929175232e+01 6.923871005911233567e+01 7.143180613752659269e+01 9.149597467899705805e+01 8.594791442667431625e+01 6.594938639015059323e+01 5.180881051246448976e+01 4.514222431673790226e+01
1.991760116496149591e-02 1.416205430357534567e+01 3.416226571756017449e+01 4.433695423621573184e+01 5.262286188928800357e+01 5.534362963005329306e+01 5.867753274877158987e+01 5.289564461757740332e+01 4.743172503923358363e+01 3.057921226981580176e+01 2.326403083870440014e+01 3.247588701725356231e+01 4.416814800822167086e+01 6.415487207937526648e+01 7.717593304924811548e+01 8.250443747787383586e+01 7.187085734266069892e+01 7.407077452372959669e+01 9.419093733576653449e+01 8.696337514384292433e+01 7.015672311902028468e+01 8.165455023482491015e+01 8.999479613871260142e+01 7.350146175834387918e+01 5.346806415365632859e+01 4.190879838689283332e+01 3.865948695126381551e+01 5.483669861658855638e+01 5.085138381519112016e+01 6.509768183886349391e+01 5.508171964121795128e+01 6.923871005911233567e+01 8.929700854214519268e+01 8.594791442667431625e+01 6.594938639015059323e+01 6.514081659635421317e+01 6.514081659635421317e+01
1.766589122093755945e-02 2.001766589122058093e+01 2.831729401535456248e+01 2.433681930740397448e+01 3.813505154686591681e+01 4.416528398203593753e+01 5.123636184958256479e+01 5.952087376208669411e+01 5.905825427293836327e+01 5.077604686365339148e+01 3.772715573986942417e+01 2.844027976307012651e+01 4.866498502578966878e+01 6.089054165338695412e+01 5.723048345856244623e+01 7.717593304924811548e+01 9.198752604956318635e+01 9.419093733576653449e+01 8.802318183012016561e+01 7.799539808631591598e+01 5.860415440962805889e+01 6.162458567653678898e+01 7.841272424548607489e+01 8.182723550783936162e+01 7.024965228368095893e+01 6.193517425849471891e+01 5.486633129456677693e+01 3.484288113065319692e+01 3.929236650244016715e+01 4.507252749124380387e+01 6.509768465347340793e+01 7.522857087986251656e+01 8.354394908740674452e+01 9.424352832223459586e+01 8.594791442667431625e+01 8.514213667398006180e+01 6.995654652489574232e+01
6.490672536223988931e-02 4.147389630000852812e+00 8.317677911142313363e+00 1.278981386614193028e+01 1.813503870439051013e+01 2.416526559594588974e+01 3.123633340782129153e+01 4.278333889754274111e+01 6.278340594084193071e+01 6.608213786261440248e+01 5.445839014846922055e+01 3.438944610584756134e+01 3.529418126751347984e+01 4.091522963381193989e+01 6.089054165338695412e+01 7.154750195990388306e+01 9.151427021857605837e+01 9.386911499507068868e+01 7.381208499488980124e+01 5.966032628805546523e+01 4.965822355533449439e+01 5.007454401408129030e+01 6.666094792515053769e+01 7.498012620208892542e+01 7.601622434562817432e+01 6.770386961623067634e+01 5.223680767868459185e+01 3.221883222101337196e+01 5.223680767868459185e+01 6.509768183886349391e+01 7.197419120949911076e+01 5.520491493215050838e+01 7.034127366145321503e+01 7.865229586418648466e+01 8.867412924287116027e+01 8.628765213143296364e+01 6.628621429567206746e+01
