MOVIE_S12_data/elevation_000937.asc
nrows	50
cellsize	150.0
xllcorner	0
ncols	50
yllcorner	0
NODATA_value	-9999
[rows 0 to 16 of 50, columns 0 to 36 of 50]
8.271705653423140625e-02 2.127631151761726416e-02 9.425194436011796739e-02 4.939197167322698090e-02 3.975871534419905817e-02 6.171646774684565184e-02 1.696294146011132625e-02 1.936121709489252440e-02 4.216450047424835645e-02 2.297044857093000214e-02 6.704298068806634203e-02 4.162315340452049650e-02 3.835349583220235004e-02 2.777463300387698203e-02 2.207885817162396139e-02 7.161913568127860341e-02 9.025521335945362045e-02 3.502399586135773735e-02 8.040414306008919487e-02 3.131346976591601466e-02 7.604099264847130613e-02 2.387740603804927586e-02 5.687112022313325910e-02 4.074439634684711570e-02 8.709178300582484655e-02 7.612946965408906586e-02 1.077918208624280109e-02 9.929772718869623455e-03 4.600412614040166881e-02 2.152795518990661267e-02 2.378824418737431057e-02 9.511189423522797837e-02 9.406546861214974686e-02 1.749038473908382007e-03 2.223905489293687143e-03 6.269637160239108220e-02 9.476101746191394060e-02
7.639902522890137937e-02 2.002127631151726206e+01 2.009425194435976181e+01 2.004939197167287190e+01 8.204724524621388682e+00 7.132784279612351064e+00 2.001696294145975585e+01 1.416149684082596849e+01 2.004216450047389131e+01 4.022970448570913682e+00 2.006704298068770953e+01 2.004162315340416356e+01 7.597642956016779969e+00 2.002777463300352068e+01 2.002207881504266140e+01 2.007161913568092260e+01 2.354809281648632346e+00 8.970465906691009295e+00 1.932399244916743797e+01 1.439737040027883808e+01 2.007604099264811737e+01 1.157088278983046514e+01 2.005687112022277674e+01 2.004074439634649352e+01 1.402995172925361578e+00 2.007612946965373268e+01 2.001077918208588713e+01 1.155693515651128500e+01 1.418813974987147652e+01 2.002152795518955131e+01 2.002378824418702052e+01 4.945824394961867654e+00 1.670965231360566250e+01 2.109934366339943690e+00 1.997399963243968912e+01 2.006269637160203700e+01 1.423689664119299003e+01
7.813061968023242432e-02 2.007813061967987878e+01 3.983307226065329587e+01 3.648899577208228351e+01 1.820472452462121282e+01 1.469207373979696207e+01 3.469207374412094680e+01 3.416149684085377913e+01 2.224758897694020732e+01 8.105453353209508549e+00 2.810545335321377181e+01 3.588191984589686001e+01 1.759764295601695849e+01 3.588191984589686001e+01 2.561990744700824507e+01 5.620795605127665517e+00 1.649672705147943219e+01 2.873216536113475073e+01 2.496523446209178942e+01 3.544726195984891604e+01 3.985515403720765448e+01 3.157088278983010809e+01 3.288359796582045647e+01 2.272186329537396077e+01 2.721756119716938205e+00 1.423230467390127174e+01 3.370417359529844248e+01 2.569907078024198555e+01 3.418813974987217819e+01 3.250511385514545992e+01 1.250511385514634632e+01 1.908796001869256642e+01 2.926833632750460623e+01 2.202656782029122340e+01 5.142346903860996576e+00 2.516904815676660689e+01 3.423689664119369525e+01
1.795629399984677299e-03 1.154880101319239927e+01 3.154880101319204400e+01 4.648899577208210587e+01 3.234686014835166645e+01 2.469207373979713793e+01 4.297634664617550726e+01 5.053186001791934245e+01 3.257758930816044085e+01 1.257758930820904908e+01 3.257758930821866272e+01 4.588193848459663826e+01 3.759764331689619610e+01 4.588191993478476149e+01 2.796061258817125506e+01 7.961618548465072998e+00 2.796061256088892222e+01 4.477784957287651224e+01 4.389880540652865193e+01 5.170196469212879009e+01 4.486124821007939545e+01 3.483286447790060691e+01 2.459538339569634857e+01 4.615811014958459246e+00 2.272186329537396077e+01 3.071586251819299207e+01 4.172599289179139959e+01 4.569907078024127145e+01 4.103314250936820429e+01 2.103314250937061303e+01 3.250511385514545992e+01 3.908796001869185233e+01 2.835570153950900618e+01 8.365776190454003114e+00 2.514883426817357659e+01 1.583490098619593844e+01 3.588774316699505107e+01
2.526786264046545702e-02 7.584557322825042469e+00 2.172669294655624483e+01 4.172669294704432730e+01 5.234686014835095591e+01 3.883420936353646624e+01 5.297634867376525136e+01 5.620708536082938167e+01 3.792281414652738647e+01 1.792281414645762894e+01 2.890752092675479190e+01 4.890752091995917539e+01 5.572550269130815792e+01 4.418024732981589153e+01 3.035093191949525959e+01 1.035207576493557369e+01 3.035093325728199432e+01 3.482274028650527242e+01 5.481948607915850147e+01 5.071940580315043690e+01 3.071926179114638344e+01 1.657698587360233944e+01 6.576972366340307907e+00 2.461592051450531216e+01 1.314384394283491275e+01 3.314402739150580857e+01 5.142830636697174640e+01 6.142831329951849995e+01 4.769980917603287907e+01 2.769980917603716364e+01 4.769980917603287907e+01 4.481163924997894554e+01 2.482126785160764371e+01 1.067539369848987896e+01 3.066375917749841307e+01 3.588774316699505107e+01 2.998821460447567944e+01
8.483503398980346555e-02 2.008483503398944947e+01 2.172669294655624128e+01 3.586882857028854943e+01 5.586882857857824547e+01 5.883420943336171405e+01 6.206494977069996111e+01 4.206494977018925852e+01 2.792281414645780657e+01 2.946981953025034784e+01 4.620708487563720723e+01 5.719179043602678547e+01 4.744283354605826020e+01 2.744572467120748271e+01 1.589907524895457591e+01 3.035093325728199432e+01 1.482421128729366622e+01 2.896575011070240890e+01 4.896276540361460405e+01 5.541811335722687915e+01 4.392614857377840565e+01 2.798417043044354102e+01 7.984167455800897706e+00 2.798427302150691887e+01 3.314402739150580857e+01 2.314388881151378641e+01 3.314402244385321694e+01 5.314430949914240898e+01 5.598408041474691288e+01 3.769980917603680837e+01 5.598408041474691288e+01 4.691158975688605892e+01 2.717768833818931284e+01 1.304938640796182625e+01 2.719253262819849581e+01 4.714320196767063464e+01 5.013046503423667843e+01
4.163169627051844027e-03 1.414629879335812745e+01 3.414629879335883089e+01 5.001096487361856191e+01 6.018115092913976127e+01 5.569750582835140307e+01 6.125077332107391470e+01 5.620708543470725971e+01 3.946981953025073153e+01 4.946981953035434998e+01 5.775409086465673170e+01 5.636079442725144162e+01 3.636458435905037589e+01 2.222359755201507880e+01 3.589749769808521052e+01 3.820305832651174427e+01 1.820482710957985617e+01 3.234618002702810458e+01 5.234281335029393034e+01 4.719992478629242072e+01 2.727102822348192390e+01 1.572648412061794687e+01 9.401929865817580279e+00 2.940218200116736469e+01 3.976036389300691809e+01 4.314416597149783428e+01 5.142830636697174640e+01 6.142831329951849995e+01 6.598408040348213888e+01 5.184194479976726200e+01 5.856148695483518907e+01 3.860215294523068508e+01 2.445946658433416232e+01 1.551196129523300371e+01 3.549608971216677844e+01 4.681738493250110622e+01 4.681738493250110622e+01
2.434392073152260791e-02 2.002434392073116598e+01 3.838323359544379798e+01 4.668804905611546019e+01 4.015756429718568654e+01 3.568078975988208867e+01 4.122818221466450694e+01 5.342073801534856159e+01 5.946981953036224411e+01 6.775409063031744950e+01 6.366215874453402535e+01 4.366654748089051452e+01 2.952635669782690897e+01 4.222133869003776852e+01 5.050409674343757160e+01 4.179477815486584547e+01 2.179692849328301207e+01 3.593802115492915306e+01 5.593424033563668729e+01 4.977618946888090079e+01 2.986092511188638099e+01 3.569397099292732634e+01 2.940218200116736469e+01 1.147583325527898168e+01 3.147610278979456311e+01 4.199267810706982829e+01 5.611499874235116891e+01 5.284979726118557153e+01 6.110522825253047330e+01 7.184194479972902059e+01 6.440525672448070793e+01 4.445432384377251367e+01 3.865511908139618669e+01 1.867566307712803564e+01 2.200356499474765926e+01 2.685586357402313240e+01 4.681738493250110622e+01
5.883922493566802470e-02 2.005883922493531202e+01 1.837777763943863363e+01 3.054751709369033463e+01 2.601403287743355719e+01 2.153804874158920413e+01 2.708505102636457451e+01 3.340960891445880776e+01 4.755354088629349718e+01 6.758540489742982516e+01 6.106759958311960901e+01 4.107198605064336050e+01 3.846977239154644224e+01 5.780579214884895123e+01 6.286848264981423284e+01 4.564327159268428602e+01 2.564591309199008506e+01 3.719201841720744994e+01 5.718789812419955609e+01 5.799330333369920254e+01 4.977618946888090079e+01 5.025057556649571211e+01 3.564583469888233935e+01 1.564612156927566922e+01 1.371190123279225048e+01 2.785413685080665402e+01 4.221719628496369836e+01 3.295861090853453135e+01 4.444144467261576636e+01 6.433582050114857509e+01 6.337825446692895781e+01 4.349623983176780229e+01 2.936822916880516132e+01 2.226959352520222879e+01 4.197600487318137397e+01 4.681738493250110622e+01 3.538345625535195893e+01
2.016265153036126551e-02 3.400779670444434633e+00 6.830751373294626561e+00 1.054465813683569664e+01 1.446698083959973680e+01 2.446699064232667808e+01 3.861012657827753713e+01 5.342073801534856159e+01 4.605962618503009054e+01 6.608743906723337602e+01 6.935042432119571743e+01 5.261653622548161024e+01 5.001447162176941674e+01 6.674821315267038813e+01 5.458578794723671734e+01 3.458971348855395433e+01 3.141927834992283053e+01 5.141575806620134870e+01 6.547065617247979219e+01 6.487726176192451533e+01 5.659983803867603314e+01 4.197025586825195376e+01 2.197068144497496434e+01 3.564583469888233935e+01 3.371217827596988315e+01 1.598374856993292958e+01 2.223353005495796708e+01 4.221751092574358211e+01 6.110522825253047330e+01 7.260153835950539758e+01 6.337825446692872333e+01 4.349623983176780229e+01 4.588738380035150755e+01 2.592259154266545096e+01 4.005698361265741170e+01 5.996321500754525857e+01 4.950391559316508250e+01
1.256007409845548775e-02 1.999059955138776701e+01 2.682594431875139662e+01 3.054751709369033463e+01 3.447053727412456681e+01 4.277185183472320773e+01 5.278311284953528570e+01 6.695609912079294190e+01 6.021018934056984051e+01 7.442186290743266852e+01 8.089503584047380969e+01 7.261196409174617372e+01 6.415303384177789781e+01 6.613002807983097853e+01 4.613481763540205094e+01 5.458578794723671734e+01 3.774336674318665530e+01 5.773890128451547810e+01 6.814428239131795806e+01 4.814871822739051055e+01 3.660121787142362848e+01 2.953001807853338434e+01 3.611302020221489073e+01 5.025048846529999480e+01 3.765721644597235951e+01 1.765419303165729659e+01 3.030138082199813354e+01 4.752190543404289969e+01 5.860243940925469985e+01 6.692507297023017543e+01 7.154554898150880149e+01 6.337825446692843201e+01 4.980093073901136336e+01 2.984567853142335281e+01 4.397604104107651324e+01 6.386345844709283881e+01 6.935148282558114374e+01
1.283213977233468341e-02 4.484968094771894620e+00 2.448519773283667078e+01 3.615092827609782233e+01 4.218085020463864510e+01 4.884701115078441092e+01 5.712054397819136398e+01 6.711384261069292734e+01 8.027637506679805313e+01 7.473016603573498173e+01 7.558178727628147442e+01 7.778059251083054448e+01 8.414916889352303997e+01 7.441300381509111617e+01 5.767893302775481601e+01 6.480814670224408758e+01 4.481330121124215538e+01 6.480814670224408758e+01 7.641824962873985783e+01 5.659983803867604024e+01 4.586010504460756465e+01 4.367248875636832395e+01 5.611087352002318340e+01 5.152849167791417528e+01 3.935743317829081889e+01 1.934228494811982202e+01 3.610149430306294960e+01 3.181432763028468713e+01 3.877541635100294570e+01 5.272623851642948267e+01 7.278884329994234292e+01 6.809831219087256216e+01 4.823508745050679636e+01 3.410942854571625560e+01 4.564875592215623357e+01 5.974294305733934607e+01 7.951195868527173616e+01
9.594114293757748102e-02 2.009470291713866175e+01 1.115163476142633669e+01 1.615163476138966558e+01 2.218186165253243303e+01 2.884852831234710990e+01 3.884852569283675905e+01 5.884549660873211252e+01 6.867866919112155699e+01 5.429050816123928769e+01 5.517079017436113020e+01 5.741117506979414031e+01 7.778059251083054448e+01 8.595780492227595460e+01 7.767443861076388600e+01 7.309104652762452758e+01 5.635719370864588740e+01 7.309104652762452758e+01 8.486073037609968139e+01 7.412972140466702342e+01 6.585511682858003724e+01 6.366874998285767617e+01 5.557390387710761104e+01 4.324672929236012209e+01 2.322660271124889420e+01 3.935767646387911611e+01 2.244587752421055171e+01 4.249798031105731866e+01 5.860243940925469985e+01 5.860243940925469985e+01 7.868962015565783474e+01 7.025668941176088822e+01 5.041117075371292344e+01 4.305026747303801216e+01 4.410471475939730368e+01 5.562959489618546627e+01 7.543671245857068186e+01
3.950229235330715398e-03 2.000395022923497379e+01 3.115114211649413889e+01 3.615092827609782233e+01 3.614998435131543175e+01 4.884701115078441092e+01 5.712054397819136398e+01 6.711384261069292734e+01 5.837891238737849875e+01 3.954655766912548387e+01 4.033423987247250864e+01 6.096609744911088313e+01 7.003673748498306395e+01 7.854369596693545930e+01 7.587160172964453864e+01 8.417926390420733185e+01 7.635236317765289016e+01 8.463569721672958224e+01 9.164103647793405116e+01 7.165457023569436501e+01 7.165457023569436501e+01 6.143514430207843446e+01 4.143340473510816935e+01 2.726980667892713939e+01 4.324672939256248583e+01 4.486185444122310884e+01 2.480345581713564940e+01 4.486185444122310884e+01 5.850046585630131091e+01 6.665219172007952864e+01 7.492153636266029082e+01 7.840774170370440288e+01 6.295420092386223843e+01 5.715691423106738256e+01 5.820668921903881454e+01 6.400106780205705093e+01 8.357201772366225612e+01
7.711341127313005306e-02 2.007711341084442580e+01 3.000953004325489104e+01 5.000939632074496899e+01 5.613655392060733362e+01 5.535075284744979029e+01 4.686783280311541233e+01 5.021977007546043836e+01 4.171568281360548269e+01 2.912989019951155001e+01 4.911596345385256512e+01 4.862422176719650224e+01 4.940873722387432565e+01 6.299775901247554089e+01 5.551626911717919199e+01 6.998481485092912635e+01 9.008356245081644431e+01 9.348187498982969146e+01 7.349448452906364082e+01 7.165457023569436501e+01 5.167013823662848893e+01 5.901530531585328276e+01 5.027632701993340447e+01 3.025536794421054054e+01 5.027632701993340447e+01 4.754294779166299634e+01 2.747914707658731359e+01 3.268008210221690746e+01 3.848863865513522597e+01 4.668462283006331148e+01 5.821915351501557012e+01 7.817193613928132834e+01 8.270341066356174053e+01 7.695008908257236158e+01 7.798993516270395787e+01 8.374152333311489826e+01 8.671636072896261282e+01
9.541454368626212448e-03 1.000954145435647646e+01 3.000953004325488749e+01 3.912296353043561936e+01 4.771628710661745032e+01 4.346433055874101115e+01 2.625203169359885891e+01 3.750314574891724106e+01 2.113110984876279019e+01 2.469356414851687376e+01 2.833830036216357584e+01 3.223368192056877746e+01 3.663273191634264947e+01 4.217909173903436937e+01 4.974204690637564852e+01 6.434546135849906534e+01 8.449644799299180420e+01 8.762727037039580580e+01 6.764049295946942664e+01 5.351312306751859182e+01 4.457210345283862551e+01 3.901511347390463413e+01 3.473878851487656050e+01 5.027610453708983584e+01 5.855576287464622709e+01 5.027332833134697410e+01 3.020886344458500616e+01 5.027332833134697410e+01 5.850046584885225087e+01 5.483732125996900919e+01 7.479959015199014516e+01 8.644447602454785340e+01 8.850724965664036858e+01 8.023639903511674731e+01 7.764242417503426452e+01 8.591478381186020385e+01 7.844323492674249110e+01
2.297228869525369793e-03 1.972792299095372792e+00 2.196585041079407929e+01 1.842025407230535095e+01 2.925627014596193831e+01 3.151526598817670433e+01 1.455803624156128073e+01 1.703687304686422266e+01 2.240755727834435262e+01 4.294813503850505043e+01 4.911596345385256512e+01 4.361914480034837283e+01 5.620501606732696587e+01 5.386780699233442249e+01 7.024754869614255881e+01 6.434546135849906534e+01 8.449644799299180420e+01 9.022862325634567071e+01 7.024125667808409901e+01 5.611297098856190502e+01 6.455854802686178573e+01 5.316196205019045351e+01 5.475124959951163106e+01 4.182604491444609351e+01 6.182021183024275501e+01 5.336766175104700949e+01 3.331361980968235770e+01 3.969772899718372372e+01 4.728686301017992832e+01 6.725010660917010341e+01 8.307091013235178423e+01 9.192510159709019035e+01 8.023639903511674731e+01 6.022526479152893586e+01 5.762678639069058306e+01 7.033374662985350767e+01 7.861085416791178204e+01
