MOVIE_S12_data/elevation_000565.asc
nrows	50
cellsize	150.0
xllcorner	0
ncols	50
yllcorner	0
NODATA_value	-9999
[rows 17 to 33 of 50, columns 0 to 36 of 50]
5.436832538903087209e-02 2.015529676770875245e+00 3.986188233099465794e+00 5.986188233099474232e+00 8.181473432893300313e+00 1.041754141039310788e+01 1.275836435431573967e+01 1.982943127294361574e+01 3.911933783619580396e+01 4.193805813333617749e+01 3.985956497917148766e+01 4.126453766783023980e+01 5.408165043865825083e+01 5.985500227920677929e+01 6.617932803993559787e+01 7.325008909001869029e+01 8.155113555415515236e+01 9.311040557851698907e+01 9.492781138572736666e+01 8.400931361734760117e+01 7.503676218092334693e+01 6.671490522718178795e+01 4.853050384820552665e+01 6.768027057908382460e+01 5.714197686035460322e+01 3.712772139960783591e+01 5.714197686035460322e+01 6.559908345225746018e+01 6.856192609671619209e+01 4.853380821336966733e+01 5.854849306286285326e+01 7.860192659222728651e+01 9.457091301172056319e+01 8.456330753381620013e+01 7.627285242681990951e+01 5.989594142488059703e+01 6.356839628294283528e+01
9.647730019007895452e-02 2.009647730018972211e+01 2.398634219868306161e+01 1.753319401906033193e+01 2.818167219025585979e+01 1.936181333179852260e+01 3.275861778890823217e+01 2.908586546526708361e+01 3.051944644349953606e+01 5.046247661375857518e+01 5.986004247358265928e+01 6.126416398471251767e+01 6.955939193546511490e+01 7.303239057676483981e+01 7.303239041668268783e+01 7.303239041668268783e+01 8.127728859610482459e+01 8.906646665434644206e+01 7.485905277644536682e+01 8.228881160330666944e+01 9.062004461266261046e+01 7.688280497618333698e+01 6.008273892419562401e+01 7.688280497112101841e+01 6.062665598729770267e+01 4.060927493382066444e+01 5.475557865640038102e+01 7.480069050529112928e+01 7.564836101663220802e+01 5.560564767251283058e+01 7.564792498128166187e+01 8.693195316033620657e+01 8.628240509584280460e+01 9.461098536984491147e+01 8.819925037299474013e+01 7.990894650472520766e+01 7.497268167708583064e+01
9.953738903938927352e-02 1.424167301277046427e+01 3.424167301277116593e+01 3.753361171412913677e+01 4.582093980225663898e+01 3.350397033482487785e+01 3.936221847237960958e+01 4.321772379084695359e+01 4.464873610905112145e+01 4.682482367845531002e+01 6.664817603719566819e+01 6.843454248956484776e+01 6.726635558147007998e+01 5.325540798822442667e+01 5.325540798818072830e+01 5.325540798818072830e+01 7.303239041668268783e+01 7.903697076011182787e+01 6.069876608149508712e+01 6.224742402093947646e+01 8.228881160330666944e+01 8.847313608106568950e+01 8.013789618035384876e+01 7.852503810158519570e+01 5.847097874826987152e+01 4.432318354497459012e+01 5.603010856915020810e+01 7.646670070030266686e+01 8.398591706742968199e+01 6.716243814320519334e+01 8.398550582114407348e+01 8.301701943695238128e+01 6.621168473904714347e+01 8.301701943695238128e+01 7.860859154768100154e+01 7.032442582235493944e+01 7.032442582235492523e+01
3.582433992925927735e-02 1.417795996366033506e+01 3.417795996459818042e+01 4.357554228072984870e+01 5.172507315710856091e+01 5.350528124722777790e+01 5.936517973761625910e+01 6.313966719038519670e+01 6.449808722185947829e+01 6.664817603719566819e+01 6.258337917744991330e+01 4.841670258116698733e+01 5.733549925092675892e+01 3.917765216420405494e+01 3.917765216420405494e+01 5.904795203008175974e+01 7.146210147609386354e+01 6.314973693435955227e+01 5.069440439758293593e+01 7.071791108769345158e+01 8.228881160330668365e+01 1.023799990967179667e+02 8.862161981615254547e+01 6.853546580498458241e+01 5.697572209711837132e+01 4.903693630156647032e+01 6.904293109182921739e+01 8.441108750446838371e+01 9.559240066483795317e+01 8.724042206245671593e+01 8.718750847236984214e+01 6.711809451820160177e+01 5.464910134696886246e+01 7.469456925512980661e+01 7.032442582235493944e+01 5.031579356892864752e+01 5.031579356892864041e+01
8.338298177320474514e-02 1.428202466029947182e+01 3.453759192411296652e+01 2.421014624524409342e+01 4.049215134198262689e+01 5.145090024441503118e+01 5.733885683736438210e+01 5.768080387674613263e+01 4.927944861689344691e+01 4.922998929807675950e+01 5.427979207773526582e+01 3.427305013927451682e+01 4.162641748310001333e+01 2.918299640215041180e+01 4.790804078049620074e+01 5.211138230588969122e+01 5.647795996906063465e+01 4.313440603723056199e+01 6.314973693435904067e+01 7.903697075786631387e+01 8.411764103272780346e+01 9.245103404949936987e+01 9.697903117253297012e+01 8.536699423653425356e+01 7.511292124776609569e+01 5.506423980348390046e+01 6.124218949128707834e+01 7.422749406826423524e+01 9.336244218289434116e+01 9.077447852376047877e+01 8.130225862757956179e+01 6.124282126637037749e+01 4.708702792284835681e+01 6.711809449653715376e+01 7.032442643230579904e+01 5.031579356909615797e+01 3.616996706273239681e+01
1.813270376062421294e-02 2.001813270313045123e+01 2.258723108765392951e+01 1.280750359035234176e+01 3.173800173437211569e+01 3.142951220743537277e+01 3.729550330417949766e+01 4.925431513718785226e+01 2.922676768050638785e+01 2.922530280022861149e+01 3.672882261888378252e+01 3.873917874977632891e+01 2.162387582871460268e+01 2.393327593787496710e+01 2.793326386296660502e+01 3.210351205967816668e+01 3.646778729861249957e+01 5.647795996906063465e+01 6.303682076915439580e+01 6.775439324813264363e+01 6.407683722923530922e+01 8.364478828780211472e+01 9.261600837577860545e+01 8.783441640497076719e+01 6.772114465219259216e+01 6.506042158116018470e+01 7.983199061338665103e+01 8.808209099409975806e+01 9.077447852376047877e+01 7.066625304398432661e+01 7.435618117099953395e+01 6.156247616400947464e+01 4.153948362634069724e+01 5.425111327149789275e+01 6.255940584878909760e+01 6.137629247878309968e+01 4.136918733970605189e+01
2.351309638313057310e-02 1.303881895712089012e+00 2.586882493911255132e+00 3.877876942647057845e+00 2.385758530406512889e+01 1.728588672808553284e+01 3.729550330417949766e+01 4.107742738057382326e+01 3.278349297322005640e+01 1.508305940561809422e+01 1.672704927315324497e+01 1.873712487646684366e+01 3.873918054622854612e+01 4.393696892205909421e+01 2.801574598722007536e+01 3.106569519956649117e+01 3.418912627947500482e+01 3.855337728418022891e+01 4.302539974770916587e+01 4.773942830439478513e+01 5.529947208589683783e+01 6.424651950711655957e+01 8.428282619554096300e+01 9.621710417036230467e+01 8.192593719502984584e+01 7.924209643136643422e+01 9.353116276844612287e+01 9.480190446176901276e+01 8.657075878776952038e+01 7.435618117099953395e+01 5.429863886979129717e+01 5.768597062284865018e+01 3.766626757055517061e+01 3.423628838658097351e+01 5.032477277659494774e+01 4.762579610911421923e+01 4.521652994206543497e+01
2.372884694381488524e-02 2.000654902946637392e+01 2.258549659680202026e+01 2.387841023085711711e+01 5.738845363443987324e+00 2.573945278459098773e+01 2.900949814431057305e+01 3.057609294954017543e+01 1.281121207133856998e+01 3.280464040946965554e+01 3.672043364677507071e+01 2.089663392112312224e+01 4.071899144000492043e+01 5.626616035335881350e+01 3.955972301367067701e+01 5.101629910986358141e+01 4.833252493163184482e+01 4.104894261794709109e+01 6.105938970020467593e+01 6.775439324813274311e+01 6.039177234183112830e+01 7.454704448152202190e+01 8.428282619554097721e+01 1.043762967565700421e+02 1.021077281983940708e+02 9.942073085356916806e+01 9.810207918524629633e+01 7.823358028005350207e+01 6.671208250190447586e+01 6.764039107889523450e+01 4.759738474029832389e+01 4.274636210904797196e+01 5.768597062284865018e+01 5.032474478337910284e+01 3.031396350682672747e+01 2.761716393704908512e+01 2.520944684980076289e+01
6.296921807001566729e-02 1.160994315743081629e+01 3.159896552956647042e+01 3.393437454038794954e+01 2.547597802088147390e+01 7.641451340061579778e+00 9.008623194110008114e+00 1.057514409408114453e+01 3.057609339965694062e+01 4.107679693174042512e+01 4.369652964973160181e+01 2.390999713834439433e+01 4.369861182860640980e+01 5.619323913990581332e+01 5.952439431429843353e+01 6.753499217369525809e+01 6.835121319957306696e+01 5.259716802474594033e+01 4.921419827606354147e+01 6.923136296398025991e+01 8.042369105642944760e+01 8.875247623726892243e+01 1.029579079930156809e+02 1.071716166611955430e+02 9.879039551434553346e+01 1.052429430872049778e+02 1.063546581963272644e+02 8.701001592897229386e+01 6.672839444741106263e+01 5.515924443636522767e+01 6.764192599355305902e+01 5.030687273679638594e+01 7.035252033101161828e+01 5.657686087196655933e+01 3.656167159085991614e+01 4.176164726335572652e+01 3.935343960478579817e+01
8.175220331382776484e-02 2.007628091742147092e+01 3.980630873427502792e+01 4.028535029459122541e+01 2.029069706004619889e+01 2.764226647992050445e+01 1.900879572890497116e+01 1.322499326135547193e+01 3.320427798792189833e+01 4.582474936053213810e+01 5.197101134647012799e+01 4.369861182860640980e+01 2.842184796431532945e+01 4.817031562602638672e+01 6.127031259221949711e+01 7.282651799123013348e+01 8.093938916044119480e+01 7.261899948133665816e+01 6.336203540469259110e+01 5.921637847650400488e+01 7.077081521552815957e+01 9.082413979632902112e+01 9.961768277959228612e+01 9.121293876018566493e+01 7.833207899720453327e+01 8.517801298309811386e+01 9.939933866125376483e+01 9.560756716648604936e+01 8.363498496368940494e+01 6.672590069304638405e+01 7.868919679627381925e+01 6.186560615202314750e+01 7.868929861987793117e+01 6.365586030399588680e+01 4.363342628931024336e+01 6.178310376283726413e+01 5.937127778088689212e+01
7.631710034972485901e-02 1.421863950938551646e+01 3.423122899811661313e+01 4.858271860826579314e+01 3.443363626021858437e+01 3.901939334751663324e+01 3.901768773614041663e+01 3.320427798792189122e+01 1.758934913551389911e+01 3.756285410241642353e+01 5.066534981103250601e+01 5.645865241563321746e+01 4.817031562602638672e+01 3.321375296703467228e+01 4.451971140085792200e+01 6.448803683230961781e+01 7.950715189775615954e+01 8.783510985516628011e+01 8.340117315962297084e+01 7.077081521552815957e+01 8.757387467460327457e+01 9.916627092489437700e+01 9.121293876078594565e+01 7.079104041802206382e+01 6.656617094593235606e+01 7.078437126345444597e+01 8.685189986808963170e+01 9.498879720794130321e+01 9.530111221964578760e+01 8.688105296852292270e+01 9.029593128052245277e+01 8.194589377773365868e+01 7.782772823612877744e+01 5.778568040243479942e+01 6.365586030405854245e+01 7.196304154284186438e+01 7.649246736857176643e+01
9.124702163186203252e-02 2.009124702163150644e+01 3.731042186259475102e+01 4.885742724638747347e+01 5.443803019592283476e+01 5.904695000876088784e+01 5.166369877069546135e+01 3.172209299989886588e+01 3.756285410241640221e+01 2.244004143463998346e+01 4.240508951825454886e+01 5.590419581221246403e+01 6.127031259221962500e+01 5.295931876919489412e+01 3.852821050293071892e+01 5.835566963083783776e+01 5.930444074988295000e+01 7.950715189775615954e+01 9.080160316439426538e+01 9.082413979632902112e+01 9.916627092489437700e+01 1.072281910727142815e+02 9.121293875746566471e+01 7.079104041802192171e+01 5.647482786721686665e+01 7.677247595694265669e+01 6.647364800523700978e+01 7.509602201526556087e+01 9.549223788752198061e+01 9.583412216779157689e+01 8.733699840336291231e+01 9.583412216779157689e+01 8.614040268324902172e+01 7.782772823612877744e+01 8.171612756034247127e+01 6.210150387512329218e+01 6.210150387512328507e+01
8.187870513261463756e-02 9.026150615131850685e+00 2.057315599892456959e+01 4.057315599892527302e+01 5.003705548016666427e+01 5.832132672762886472e+01 5.992740572089793716e+01 5.166369877069546135e+01 5.066534981092326717e+01 4.240508951825454886e+01 2.769214668753105002e+01 4.181183268543612286e+01 6.172735192962013429e+01 6.543477821970687103e+01 4.541203546584637252e+01 4.520399603548091250e+01 5.217174053445422288e+01 6.223689225348996956e+01 7.657743837072693793e+01 9.673331808174091861e+01 9.690555661106058949e+01 9.880422599305762787e+01 7.833433455812475188e+01 7.170156665556430653e+01 5.146428144594539589e+01 6.495998324762787490e+01 5.481644202035425906e+01 6.911902407825044747e+01 8.952561971548222175e+01 8.558748150429825330e+01 6.685224577763953846e+01 8.384567035111362543e+01 9.233709235923812741e+01 9.134410560109817823e+01 7.599209664866127412e+01 5.634783195892210017e+01 4.229183629330835004e+01
2.239863785106879432e-02 2.002239863785071350e+01 2.885641136088480252e+01 3.370712386161185492e+01 3.003705548016596083e+01 4.640401741983259853e+01 5.468828866729420923e+01 6.468828866729356264e+01 6.570841487593311570e+01 4.580310014433256072e+01 3.169183871575824085e+01 4.580310014433256072e+01 6.570841487593327201e+01 7.378273906950295213e+01 5.426749118973484087e+01 6.522167784674186919e+01 6.151543355688867365e+01 6.865128611424195526e+01 8.885602916035614385e+01 9.095845669828902658e+01 7.657492996066285684e+01 9.095845669828902658e+01 8.209062962447320899e+01 6.171772709724659478e+01 5.271461272350597937e+01 4.479240674493972563e+01 5.900589986904106610e+01 7.932726956961327858e+01 8.911399975484279423e+01 7.709462209050121828e+01 5.674605567497230396e+01 6.342148007801686305e+01 8.384567035111362543e+01 8.323386779799919566e+01 6.368012531221984318e+01 5.225849844007667144e+01 6.210150387512328507e+01
1.991760116496149591e-02 4.384275405884828558e+00 8.856411360884445472e+00 1.370712386161114793e+01 1.973735075316652754e+01 2.640401741983331263e+01 3.640401741983366435e+01 5.640401741983295381e+01 6.570841487593330044e+01 4.580310014433256072e+01 4.580310014433256072e+01 3.924621994061048014e+01 5.333257207551109502e+01 7.322828906027763196e+01 6.592232553879675550e+01 8.280805887657270148e+01 7.580751573171230007e+01 8.885602913308569839e+01 7.924526805851175482e+01 7.083067896118609497e+01 6.226644420405934710e+01 8.252963230831838359e+01 7.650644842508300769e+01 6.805801604661793647e+01 6.127964291529070806e+01 4.114085192256659695e+01 5.533639493859057268e+01 7.563076308605235454e+01 8.062967462330946944e+01 6.025487726173167147e+01 4.916172681125789978e+01 6.342148007801686305e+01 8.384567035111362543e+01 8.789914735665374224e+01 6.835878623431352707e+01 7.194450931016990580e+01 7.649246736857699602e+01
1.766589122093755945e-02 2.001766589122058093e+01 2.885641136088480252e+01 3.370712386161185492e+01 3.973735075316581344e+01 4.640401741983259853e+01 5.468828866729420923e+01 6.468828866729356264e+01 7.398160070170254698e+01 6.570841487593330044e+01 6.570841487593327201e+01 4.921647264606006189e+01 4.990268411143143368e+01 6.979023663781188702e+01 8.614469182536744540e+01 9.445749173037056323e+01 9.596864507059753180e+01 8.516767631499030244e+01 6.489210027021798055e+01 5.065376175831574557e+01 6.259348127370445525e+01 7.099152834506342913e+01 6.805801604661793647e+01 4.783661342283323137e+01 5.375932512623633386e+01 3.797863314195850393e+01 5.809658847728628217e+01 7.260602371508880992e+01 6.415052515405038491e+01 5.744605438037454803e+01 4.381245451865553520e+01 6.399372224048588720e+01 7.940734207504394249e+01 8.962394620722604088e+01 8.789914735665374224e+01 7.951529972153035430e+01 7.139447812502179147e+01
6.490672536223988931e-02 1.420704234909331554e+01 3.420704234909401720e+01 4.329471710239712223e+01 5.152114587139551105e+01 6.299385645650706778e+01 6.040947488931397658e+01 6.868444811756707225e+01 6.686130951459800542e+01 7.514172322294605522e+01 7.738029393274011625e+01 6.326971514216792514e+01 6.395550974612953610e+01 6.613237863555497142e+01 8.606583829941149588e+01 8.804710430291608247e+01 7.976283298472610284e+01 8.804710430291608247e+01 7.924503708841670857e+01 6.259348462457201379e+01 4.247868102528446599e+01 5.623258118851722998e+01 5.205636526765373873e+01 4.978129321091654447e+01 3.366540447592834084e+01 5.375927823986290832e+01 6.651754849090677624e+01 6.091020179876813501e+01 4.395722789764261762e+01 3.732226355729859790e+01 4.309647883976509775e+01 5.066522140727361290e+01 6.072702595696789984e+01 8.112934709656268240e+01 8.525030507359444698e+01 6.565520668502834667e+01 5.166547098615761513e+01
