MOVIE_S12_data/elevation_000433.asc
nrows	50
cellsize	150.0
xllcorner	0
ncols	50
yllcorner	0
NODATA_value	-9999
[rows 17 to 33 of 50, columns 0 to 36 of 50]
5.436832538903087209e-02 1.993838557477286555e+00 3.974359327800794706e+00 1.153686172757490525e+01 2.908640211398210340e+01 3.128087001871485739e+01 3.353042641813655678e+01 1.763059194147109565e+01 2.103114979414498364e+01 2.452294716179002876e+01 2.824097153031032903e+01 3.232474111514201809e+01 3.767028351419178733e+01 4.370056123875606602e+01 5.036723411189402810e+01 6.036723472210460528e+01 8.036723866164140873e+01 9.847210275168809801e+01 7.847886901795774861e+01 7.847886896094939857e+01 6.381552459382720599e+01 4.380569856423315400e+01 5.815589112347150547e+01 6.643845322579549872e+01 6.423324970830550740e+01 4.392077944015570523e+01 6.423324970830560687e+01 7.502639643299359307e+01 5.845117441222548393e+01 6.109903919665754302e+01 7.523448656127123968e+01 9.522595264957202232e+01 9.794425821050845116e+01 8.636849114740803657e+01 7.806459681958112640e+01 6.597856442146502332e+01 4.611054652867570525e+01
9.647730019007895452e-02 3.828521188367385086e+00 4.706049858233622984e+00 2.390100237541124883e+01 2.309043225983234038e+01 4.309230001721736159e+01 2.660306805286622733e+01 3.766275287055177046e+01 4.104585231351190799e+01 3.867033354978750737e+01 3.978948760231320136e+01 4.646722825498849119e+01 4.865502731845333528e+01 6.370056916521325974e+01 7.036723669187303187e+01 7.865156353445458137e+01 8.865159501773733552e+01 9.262394848259873470e+01 7.261978526285832913e+01 5.846516442176261563e+01 5.029620484337277020e+01 6.381552418706518637e+01 7.209663373696629662e+01 7.029300581513066959e+01 5.019506848772704899e+01 6.423324970830560687e+01 7.252380601002816718e+01 8.672451030087221113e+01 7.258664564628000448e+01 8.108985141267366714e+01 8.937277605083500021e+01 9.820518192939758251e+01 8.964174584716022309e+01 6.958953552459659875e+01 5.810409500563051921e+01 5.111277374112253113e+01 6.162903278489532966e+01
9.953738903938927352e-02 2.009953738903903542e+01 3.623545304752742169e+01 4.274388302223202629e+01 3.723436630980478412e+01 4.309230001721736159e+01 4.661022004541626984e+01 3.660968252325407946e+01 5.661075756757854549e+01 5.867083600435825730e+01 5.393176509880225922e+01 6.646725334549483932e+01 6.865505064334764995e+01 7.693938500908821254e+01 8.082760783063183396e+01 7.254519681991290270e+01 7.514438019363825561e+01 8.342407557375220506e+01 8.445728289365595742e+01 6.444761110993201214e+01 7.030830828606752902e+01 6.099288680951775632e+01 8.100549969746306544e+01 7.546635921379838408e+01 5.543004765671279443e+01 6.293393504143531203e+01 7.450130153478410477e+01 9.450579354999781856e+01 9.257783301084523941e+01 9.499356425647621904e+01 8.671080161968419020e+01 7.820281087980796997e+01 9.234449648820887546e+01 8.636849114740803657e+01 7.806459681958112640e+01 6.162903278489532966e+01 4.178432490648201281e+01
3.582433992925927735e-02 1.039112849172651387e+01 2.421357682484914875e+01 4.417963260145118909e+01 5.723460301942002815e+01 6.309247358552831031e+01 6.489500675099105820e+01 5.075286661630519802e+01 5.294067487088537405e+01 7.294075288168075133e+01 7.393177835864308634e+01 6.877597646992548164e+01 6.047100414129051416e+01 6.877597646992548164e+01 6.923001771506802982e+01 5.241942980155477727e+01 5.503595985638376220e+01 7.514438019363825561e+01 9.272637471509220575e+01 8.445728289365595742e+01 8.927757978205779921e+01 7.514747107485834476e+01 8.100549969746306544e+01 8.101880773987905116e+01 6.099916987472077778e+01 8.101880773987905116e+01 9.122757161223876210e+01 1.027669910256790615e+02 1.008545456297284488e+02 8.085227102799059651e+01 6.670991932993779017e+01 6.406089621953616131e+01 7.967552886389697164e+01 8.553356476971660527e+01 8.740080489224388316e+01 6.990585265399566595e+01 6.162903278489491754e+01
8.338298177320474514e-02 2.008338298177284997e+01 3.018211049870426876e+01 3.595561319060092131e+01 4.262227985726770640e+01 5.090655110472990685e+01 6.090655110473025502e+01 7.075295734904518952e+01 7.294075288168075133e+01 6.319408004167136284e+01 5.485271352254360977e+01 5.869967357785771611e+01 4.027588805284253226e+01 5.869967357785771611e+01 6.092557981421613533e+01 4.071513984226999838e+01 6.092557981421613533e+01 7.477097922959151788e+01 8.317119517824488639e+01 8.317119517824488639e+01 9.144076566584470811e+01 9.514803184692513582e+01 1.009944270297920212e+02 8.929234350696356159e+01 8.101880773987905116e+01 7.101339958070232683e+01 9.102421589905578969e+01 9.553486491625578481e+01 8.725213749585078915e+01 8.725213749585078915e+01 7.406113296997970963e+01 5.406170128884575377e+01 5.967546297224767926e+01 6.553334664773400675e+01 6.740012900306602717e+01 7.107032141248748758e+01 6.329236176787797774e+01
1.813270376062421294e-02 5.018132703760644908e+00 1.018211049870391172e+01 1.595561319060021965e+01 2.262227985726700297e+01 3.262227985726735113e+01 5.262227985726805457e+01 6.521917486076597470e+01 5.690157767076029671e+01 5.483583975128614441e+01 3.463043070702812543e+01 4.053795539283697735e+01 3.017052678050979608e+01 4.506739373799842951e+01 4.744760148875209893e+01 3.460916052977349722e+01 4.630706371934056875e+01 6.647704982713494815e+01 6.312126935165883168e+01 6.312126935165883168e+01 8.317119517824488639e+01 8.620208879045098627e+01 9.446642462277351626e+01 1.073414345133220849e+02 8.735700470012405106e+01 8.516942174522290543e+01 9.928942989825118559e+01 8.725213749585078915e+01 6.725137261036854852e+01 6.725137261036854852e+01 6.810965745741322053e+01 6.352150707029926480e+01 4.553401136635454804e+01 6.553334664773400675e+01 5.325833006620506183e+01 5.107058615702154469e+01 5.174661218514904704e+01
2.351309638313057310e-02 2.002351309638277499e+01 3.018211049870426876e+01 3.595561319060092131e+01 4.262227985726770640e+01 5.090655110472990685e+01 6.090655110473025502e+01 5.690157738592771608e+01 3.671900233344532438e+01 4.262852892050232612e+01 3.734595891820730884e+01 2.039567349965098231e+01 2.257862679883132628e+01 2.488986920526296842e+01 2.725071973398657832e+01 4.744760131863973385e+01 5.474884080455534985e+01 5.821945736366414792e+01 4.883688856867066619e+01 6.773642979913523732e+01 7.354117086706527573e+01 6.618341983727692934e+01 8.035534903610711410e+01 1.003173672010538979e+02 1.073414345133220849e+02 1.051589393501417362e+02 9.432390405920774867e+01 7.432192769188191050e+01 6.018081752885507996e+01 5.311024678047511571e+01 4.811037358225690497e+01 4.352214098253596575e+01 4.068342135486895472e+01 5.401633736159193688e+01 5.136736913564399032e+01 3.692911129663975345e+01 4.346345120079960367e+01
2.372884694381488524e-02 1.416586447067489019e+01 3.416586447067559362e+01 4.759168310260555756e+01 5.566918504987483374e+01 5.902191234837700051e+01 5.735521573530131434e+01 4.903672113123833043e+01 4.263032507235178059e+01 2.247327204331972794e+01 1.741379933342112452e+01 3.753482147883709530e+01 4.273727956689750584e+01 4.506720012087790650e+01 4.744757546990364006e+01 3.115300731707467463e+01 3.451226683705025522e+01 3.798245867480363813e+01 4.212907574300125191e+01 4.756832189043605297e+01 5.343295795819240368e+01 6.352573840452379272e+01 7.770787558083584656e+01 9.767668118331728522e+01 1.054184556567060014e+02 1.112776695077061930e+02 9.432390405975733927e+01 7.432192769188191050e+01 8.018037093273864002e+01 7.310946101640847417e+01 6.810965745741322053e+01 5.734956870136785057e+01 3.735018066328115083e+01 3.401706583174627241e+01 3.136827303750256846e+01 2.876479487797423218e+01 2.651449346642932881e+01
6.296921807001566729e-02 2.005997531734250217e+01 3.400405477641133700e+01 2.839263124051435128e+01 4.756805763083765726e+01 3.885844773822296361e+01 3.885844847474352548e+01 2.888295615043370645e+01 3.258179702008501977e+01 1.490391603606856208e+01 3.501051538040869815e+01 2.226757242315697027e+01 4.241688229882840488e+01 5.584873423350304478e+01 5.970089021863565648e+01 5.137607847737833566e+01 3.879803242732250368e+01 5.821945746354479923e+01 6.234627623243251549e+01 5.228377065302640148e+01 7.240878181183859397e+01 8.181788036110901885e+01 9.182218499486609176e+01 9.955939319380394181e+01 8.541245192967878097e+01 9.127207475661776925e+01 1.026058443384738723e+02 9.432390405975733927e+01 9.002019920795706298e+01 7.001892981157608631e+01 5.587748807389728256e+01 4.587796100205036964e+01 5.149179955031733158e+01 5.401633736159193688e+01 3.692911129663975345e+01 4.876370859398162594e+01 4.651365500859866842e+01
8.175220331382776484e-02 7.143613177939357683e+00 1.464852546865249039e+01 3.398035973301633561e+01 3.572962862725569977e+01 2.740048491854728852e+01 1.872675205484724970e+01 3.019913117537890557e+01 1.248741878617405021e+01 3.248186541879653078e+01 4.325481499809344399e+01 4.241688229882840488e+01 2.736101856032453838e+01 4.753567811302681889e+01 6.142039538250539010e+01 6.732777301588244256e+01 5.312484437164484063e+01 4.787368073260334000e+01 6.803542066261961452e+01 6.238634987978841906e+01 7.240878181183859397e+01 9.241389417684159469e+01 1.021521947746827408e+02 9.127207475688169325e+01 7.126267902702774393e+01 9.127207475688169325e+01 1.021521947746829539e+02 1.045051119750126389e+02 9.621803679464926518e+01 8.416065996114411973e+01 7.416104621045471390e+01 5.482184028714517154e+01 7.149147443105626110e+01 6.295840420448007535e+01 4.295905319660067079e+01 6.295840420448007535e+01 5.914331689087386934e+01
7.631710034972485901e-02 1.781451065477252627e+01 2.256586248691667507e+01 2.410431835993894012e+01 2.544613656319164718e+01 7.328222841398567944e+00 8.714973333387227683e+00 1.012216842802138927e+01 1.281897143947540840e+01 3.283023356015582550e+01 4.498524500539596005e+01 5.585153086083825258e+01 4.753567811302681889e+01 3.294432064590688469e+01 4.723982819027285984e+01 6.733577612527199108e+01 7.324812380165133163e+01 6.216083261954894823e+01 5.955228498696775574e+01 7.962359949931011727e+01 7.876636051815708583e+01 9.873794058058797418e+01 9.386447169898640652e+01 7.385671954973444997e+01 6.418926132534970463e+01 7.385671954973444997e+01 9.386447169898640652e+01 9.295412553541656564e+01 7.621108917219467571e+01 9.295412553541656564e+01 8.310495654910818075e+01 6.636803462975427692e+01 7.710055460480171519e+01 5.710053370754678781e+01 5.450550477370404678e+01 7.124215347942227083e+01 7.909570159227122588e+01
9.124702163186203252e-02 1.404311350229086264e+00 2.720214740148621857e+00 4.044747097213670983e+00 5.381053306775859468e+00 2.544599318215402661e+01 2.879258385312339641e+01 2.274425011085810766e+01 3.284273788022786533e+01 1.674161757186714894e+01 3.096032189023718573e+01 5.119616108560663292e+01 6.142039538250539010e+01 4.462354215201707319e+01 3.968634288540342681e+01 5.982698348787283749e+01 7.535034727245373176e+01 8.221793078955569456e+01 7.116940949186181342e+01 8.789614075867457643e+01 9.873794058058797418e+01 1.032268049814784234e+02 8.322027924873293614e+01 6.907167338867398598e+01 5.752298501636727224e+01 7.752821047707283242e+01 8.226009107740409831e+01 7.397301576020824143e+01 6.466036984755953654e+01 8.466702019916236566e+01 9.465172707736752500e+01 8.636892059090664020e+01 8.538377325128716677e+01 7.710055460480171519e+01 7.450527956255524487e+01 8.278873308721642843e+01 7.686742365649743647e+01
8.187870513261463756e-02 2.007748916850158949e+01 2.278097700111416302e+01 1.839271722905555961e+01 1.934018183005719749e+01 1.538926668091569105e+01 3.547494843123867270e+01 4.071208611373877062e+01 3.976892206411633879e+01 1.962912415797151056e+01 3.386851194125618747e+01 5.412957575357172146e+01 7.300850996842606833e+01 6.474008853604834712e+01 5.982698348787283749e+01 4.708587192872106897e+01 6.712994573100182549e+01 8.472560277078000013e+01 9.117223781790505654e+01 9.943587834570709560e+01 1.030411951668804704e+02 9.476694504971686683e+01 8.720209798129816647e+01 6.719494731585986358e+01 5.305237117286520743e+01 7.305490607354579424e+01 6.544366438832614108e+01 5.396991371432068973e+01 7.397301575977300558e+01 9.166365513360746320e+01 8.815813191653624870e+01 8.815813173129760116e+01 9.656109051867223059e+01 8.823600351807334619e+01 7.679578843979912506e+01 6.857050511910512114e+01 6.235335057097169198e+01
2.239863785106879432e-02 1.416466902695459318e+01 3.417473913049908418e+01 3.909424623641974961e+01 3.850475496450734170e+01 2.958347065138179488e+01 2.958960437930725007e+01 4.968344918431684221e+01 4.285198041541475078e+01 2.264648635158031098e+01 4.285202012700382568e+01 5.593338238752208724e+01 6.499718962539726874e+01 7.672738470431289670e+01 7.535034727245373176e+01 6.124698327201193848e+01 5.659983627580100318e+01 7.071989653102090756e+01 9.052527830570866740e+01 1.018977124653526118e+02 9.149944753004301390e+01 7.476980271665507871e+01 8.311815545320914111e+01 6.311233724426347180e+01 4.897104472380720352e+01 6.352836085755441076e+01 4.544313647100288023e+01 6.544366435140132410e+01 6.292945457608107773e+01 7.729658816435825486e+01 6.767779719128813554e+01 6.767779719126002647e+01 8.815813173201250663e+01 7.998664045300253633e+01 6.021331402860981541e+01 4.891013618172860333e+01 4.272494605419825575e+01
1.991760116496149591e-02 1.416205322489603624e+01 3.416205322489673790e+01 4.405829359813883173e+01 5.234034619964419477e+01 4.964374677448503093e+01 4.968345097512980857e+01 5.796415819151272331e+01 5.126897864177214359e+01 3.691054210632800903e+01 2.724785307463111650e+01 3.627855416748892736e+01 4.799439217314015593e+01 6.830465288520690592e+01 8.221179761532245323e+01 8.071760228498314405e+01 7.071989653102090756e+01 7.288701639718044589e+01 9.268905698056039455e+01 8.776207003900465509e+01 7.362642761265665570e+01 6.321965892238563356e+01 8.255659315521515396e+01 7.507728650176983365e+01 5.507396051183572183e+01 4.352795079646425336e+01 4.009646789024827740e+01 5.605731916856977648e+01 4.918313429612458521e+01 6.421567651253003817e+01 5.366873339094196638e+01 6.767779719126041016e+01 8.815813174149255360e+01 8.256586367772476365e+01 6.277343779385039824e+01 6.235335057097169909e+01 6.235335057097169198e+01
1.766589122093755945e-02 2.001766589122058093e+01 2.814728425804697309e+01 2.405875171872601115e+01 3.767632742116011002e+01 4.370681425565109635e+01 5.077835352837763594e+01 5.906667341703003160e+01 6.562808940916740141e+01 5.593645539332962358e+01 4.155357156440996391e+01 3.263108223836263733e+01 5.294181442069265131e+01 6.473530617227864070e+01 6.111988445971037720e+01 8.227011790209614617e+01 9.052527830570866740e+01 9.268905698056039455e+01 8.776207003900465509e+01 7.776310267231153261e+01 5.948071951959779824e+01 5.427257780225524897e+01 7.427645423194312002e+01 8.336458573449952780e+01 7.180568570012577823e+01 6.352427518749522051e+01 5.605731948615025573e+01 3.605262569576338194e+01 3.967947082869486053e+01 4.480918300774849428e+01 6.424466817596930923e+01 7.949272476248299313e+01 8.777767895055950476e+01 9.081813908574690686e+01 8.256586367772476365e+01 8.212665697557504529e+01 6.729345822574832425e+01
6.490672536223988931e-02 4.064906725362223305e+00 8.147389630000818173e+00 1.251174743472062900e+01 1.767572522966825943e+01 2.370595212246642092e+01 3.077702003568982292e+01 4.232407161662005990e+01 6.232711739059384115e+01 7.031933922224934008e+01 6.139321909182517345e+01 5.294181442069265131e+01 3.847472577984674302e+01 4.433905766110922286e+01 6.473530617227864070e+01 7.654846879746615684e+01 9.715348786286057248e+01 9.362308458884372442e+01 7.362642761265665570e+01 5.948071951959779824e+01 4.947696617351147808e+01 4.719842572448984441e+01 6.642692404520525429e+01 7.470850850868703219e+01 6.944182047844115857e+01 5.788151561895413977e+01 4.999397222259457152e+01 3.327577640693917971e+01 5.328316827115912702e+01 6.421567651253003817e+01 7.263490443503967242e+01 5.927108318044827939e+01 7.459452424726201514e+01 8.288616809111033490e+01 9.291275472189971651e+01 8.344931302233892723e+01 6.366251271726733307e+01
