MOVIE_S12_data/elevation_000798.asc
nrows	50
cellsize	150.0
xllcorner	0
ncols	50
yllcorner	0
NODATA_value	-9999
[rows 17 to 33 of 50, columns 0 to 36 of 50]
5.436832538903087209e-02 1.419650394912010682e+01 3.419650394912081026e+01 4.113943068047134943e+01 4.317318398950269653e+01 4.538247922488455544e+01 3.360621919203998686e+01 3.142354384653034316e+01 4.007720843084963036e+01 2.794920547332393568e+01 4.205107665014672591e+01 6.203499073704743694e+01 5.798247534888115950e+01 6.194496597890368861e+01 7.344285804268737650e+01 8.172461965968496145e+01 9.326751329619193598e+01 9.194405513246370276e+01 7.681434627075992694e+01 5.655627812545366595e+01 6.097535320095143163e+01 4.117692998556449879e+01 5.245490631764651823e+01 5.404925149969152898e+01 3.398369392233133368e+01 5.404925149969278664e+01 6.524900615191980080e+01 4.899257402392976957e+01 4.744668881149046769e+01 6.157769783192966884e+01 8.033485959456434955e+01 9.032613531499951876e+01 7.746713747164058361e+01 5.743966859444223161e+01 4.588040029916844986e+01 4.666044290914230430e+01 6.597741122872933772e+01
9.647730019007895452e-02 1.423861310990426787e+01 3.423869560085853436e+01 4.960348942925194393e+01 5.738722330315064823e+01 6.181971645985747443e+01 5.356848528381377861e+01 5.143951503829286764e+01 5.618405272325876609e+01 3.945891618457856964e+01 3.945891621743751188e+01 5.944088213339335169e+01 7.772160485176810596e+01 8.046165584780102620e+01 8.684506191218744675e+01 8.085302513580920447e+01 8.936507438065390829e+01 9.456853063570491713e+01 7.337932737440129927e+01 7.497728305938868232e+01 5.517556395408743697e+01 5.517556395408744407e+01 6.920519965622492009e+01 5.730764901596432281e+01 3.722153877422943680e+01 5.139969056756241628e+01 7.157068095299487709e+01 6.312305457333519598e+01 5.743996596067116656e+01 7.570854372332641447e+01 8.983938961472317430e+01 9.422516935777943559e+01 7.420049533528218433e+01 6.003846475299150853e+01 5.772921058649257731e+01 3.770884413573785565e+01 5.139821482893192695e+01
9.953738903938927352e-02 1.524960832850783277e+01 3.686534206383912249e+01 3.071610137262317863e+01 4.615379536605932032e+01 5.535047329883054346e+01 5.659157124725434329e+01 6.498739122256799305e+01 6.772269011062387278e+01 5.944074125075238157e+01 5.099078545920323791e+01 6.772483154527671445e+01 7.782424636576952537e+01 6.949646642524128026e+01 6.406495773442674135e+01 6.034882485514194173e+01 7.488436481882062878e+01 9.590199042981630839e+01 9.456853063570471818e+01 8.323483520938934532e+01 7.497728305982596453e+01 7.497728305972677276e+01 7.631143599248132148e+01 6.075706196590803643e+01 4.064370103178502802e+01 4.960142582522661314e+01 6.978216139899839732e+01 8.310400886505840390e+01 7.156706623298525471e+01 8.569996067148126428e+01 8.867284559716880210e+01 8.009085111792150258e+01 8.166854549766979687e+01 8.006558656542151198e+01 6.295795739409655312e+01 4.293589594881485283e+01 3.137676640786734339e+01
3.582433992925927735e-02 2.001107961593681850e+01 2.492579169666271000e+01 1.944777408679016872e+01 3.508387712973892292e+01 3.433738065289131214e+01 3.641671516640936801e+01 5.361086423733410555e+01 6.200718933006943701e+01 7.370185332346112261e+01 7.098431624119977812e+01 7.927349864331368678e+01 6.618347219701091433e+01 4.931028944133996816e+01 4.729491944365395284e+01 6.783382931939075888e+01 8.662557543770948598e+01 8.861620528536057861e+01 8.032808035435050442e+01 8.861620527402862990e+01 9.059231303349200459e+01 7.039610303951371861e+01 5.609583545322146847e+01 4.849486895732181324e+01 4.598535909971466396e+01 6.614493535134771207e+01 6.607579311673501365e+01 8.627360924542288956e+01 9.154957245048716175e+01 9.503498677833553643e+01 7.390078744943460265e+01 5.888463512802531596e+01 6.046993250896968419e+01 7.535115288974373016e+01 7.125060810827348234e+01 5.969117527419814451e+01 4.604725765903265255e+01
8.338298177320474514e-02 3.463972415100969204e+00 6.893691826148489632e+00 1.081445886820866242e+01 1.507334017974347340e+01 2.006131470579743592e+01 2.636863732532253835e+01 3.343637729551218030e+01 4.505589382635235296e+01 6.529717114735939276e+01 7.005700362650112822e+01 6.791336295135990042e+01 5.784197170955237510e+01 3.752730429840920578e+01 4.660371618208575484e+01 5.824881006348842050e+01 7.832521029901371890e+01 7.503811736707874047e+01 6.031308030870801673e+01 7.860953945223994310e+01 9.016416510751609792e+01 7.631143599136007083e+01 7.631143599248132148e+01 5.749551187577510802e+01 5.418498824911934975e+01 5.760239103613263723e+01 7.781426789888577389e+01 9.460528543289528614e+01 1.004482110343115551e+02 8.889203715113330873e+01 8.060343621329214159e+01 6.667886250161075168e+01 4.725636441303304736e+01 5.977230782350859073e+01 5.668456527890079144e+01 5.366743126184420731e+01 5.434022068693082019e+01
1.813270376062421294e-02 2.001813270376026921e+01 2.689292569690559276e+01 2.234439739049822293e+01 3.509351250489812202e+01 3.140287699465067917e+01 4.647721338728065632e+01 5.361086423733410555e+01 6.200718933006943701e+01 7.005703985368936060e+01 4.999119889749929513e+01 4.779752682874416081e+01 5.248338249924552201e+01 3.221443948129207513e+01 5.249976769406234922e+01 6.053225743351504207e+01 6.882381958210940809e+01 5.501904709756426826e+01 5.029938221272159637e+01 6.186122889880658704e+01 8.187626929009650212e+01 9.648395567033860232e+01 8.605464750001362972e+01 6.917322940322948455e+01 6.321687185536479348e+01 7.781426789888577389e+01 7.411118473656210881e+01 9.429109844631804549e+01 9.216268112382880417e+01 7.214148164164741672e+01 6.057649270610682635e+01 6.348844436724554186e+01 4.347643663340686970e+01 3.976144904846321282e+01 3.667116232531198250e+01 3.364915815627146145e+01 4.949331917575820228e+01
2.351309638313057310e-02 2.002351309638277499e+01 3.985455454308952739e+01 4.239148356373798521e+01 5.073987239615774314e+01 5.150815158968517693e+01 5.984782423800812268e+01 6.691664899905910602e+01 5.953662851992100968e+01 5.122703855010772855e+01 5.367336293499943878e+01 3.351610455536552990e+01 4.812174162718474690e+01 2.782093665042397390e+01 4.640870177923364537e+01 4.044910835403913296e+01 5.355808346826469091e+01 4.082376616249828771e+01 5.242102061040758088e+01 7.244108876428339272e+01 8.535639282528840965e+01 9.364303450368421977e+01 9.770110321371200257e+01 8.937508837768041303e+01 7.491083985662199041e+01 9.177490165943052602e+01 9.429109844631804549e+01 9.871572579405986403e+01 8.976343909729152415e+01 8.147514625274705224e+01 6.904087498837326109e+01 4.902130168044087100e+01 6.348844436724554186e+01 5.977230782350859073e+01 5.366743131311781667e+01 3.364915815627146145e+01 2.946657346185482140e+01
2.372884694381488524e-02 1.157073422991954104e+01 3.157069131418563046e+01 3.681797838174936999e+01 4.494009405367282284e+01 5.639769600647741754e+01 5.051958284914481112e+01 4.683239827710941938e+01 5.122679490401479541e+01 3.102702976549131719e+01 3.694324965218648771e+01 2.578968977584715816e+01 4.092699998622990876e+01 2.361282794382715267e+01 2.613064502148462864e+01 2.870887070644036854e+01 3.341633140927950052e+01 4.768863554339807820e+01 6.772818645547968686e+01 8.072985233143830897e+01 6.534120555049310042e+01 8.012957425605003436e+01 8.841730021211809287e+01 9.736767129528912790e+01 9.509163226880686182e+01 1.034093833015204353e+02 1.019836012389509960e+02 8.197249738853703604e+01 7.040610956544674082e+01 6.144480850724212218e+01 5.609389529070433156e+01 6.317554937644050739e+01 7.536450864906987590e+01 5.999620091377544639e+01 3.998287418926310721e+01 5.366743131311781667e+01 4.613211619779555406e+01
6.296921807001566729e-02 2.006296921806966083e+01 2.292875150492304925e+01 1.703021810671623015e+01 3.572810136830636907e+01 3.623604367445099683e+01 3.032007824272557173e+01 3.253230352655937452e+01 4.260787235592376732e+01 3.426707736821624906e+01 1.661188707621692728e+01 1.854532535985548236e+01 2.058481995217830018e+01 4.092699998693186103e+01 4.640870177923364537e+01 4.893724911092192542e+01 3.329803759328631685e+01 5.344145393479018935e+01 6.196918593785556340e+01 6.623712442823915580e+01 5.378949321470442158e+01 6.011566064098663986e+01 6.906411276876038130e+01 8.322046442802285071e+01 1.032320449131934197e+02 1.103409990505861487e+02 1.102668447232452422e+02 9.563042727947991750e+01 7.561183687227183725e+01 7.561183687227183725e+01 7.612181331095807479e+01 8.320102362843574895e+01 6.707340556212811578e+01 4.705604796734755269e+01 5.999620091377544639e+01 6.828739347863923115e+01 5.246257918952314725e+01
8.175220331382776484e-02 1.412132466907636275e+00 2.745466474774346466e+00 1.749021471773125214e+01 2.569091250915674252e+01 2.764076751831455780e+01 1.595165522995991303e+01 3.056320688277597242e+01 3.208096051305340524e+01 1.396234139603042124e+01 3.426753016959827391e+01 3.888744333976629264e+01 4.091943828982585529e+01 3.502174946664222688e+01 5.518429408928312085e+01 6.171409804608720862e+01 4.496931278836952117e+01 3.823501795362516020e+01 4.192891022586951522e+01 4.621871847098692854e+01 6.623712442823915580e+01 8.012957425605003436e+01 8.841730021211809287e+01 9.736767129528912790e+01 9.764202838517374516e+01 9.026216342940253412e+01 1.044607983098579211e+02 1.039150413223110831e+02 9.563042727947991750e+01 9.563042727947991750e+01 8.807311200122072137e+01 6.805041156501143007e+01 5.648859570710199307e+01 5.861022844771241580e+01 7.536450864906987590e+01 6.661692386457598047e+01 4.659965765861285547e+01
7.631710034972485901e-02 1.435138054073352265e+01 2.233229714714876479e+01 4.665556540263986030e+00 6.032787385151421766e+00 7.419695838307751146e+00 8.823804598120911891e+00 1.030723962362861990e+01 1.180410268364310156e+01 3.208096051305539476e+01 1.789416033652529592e+01 3.821501651245333875e+01 5.057790321302053371e+01 5.518394094089485691e+01 6.348521865792791630e+01 7.323176511640151887e+01 6.499497357785938334e+01 4.984772338892891241e+01 5.610707663735031048e+01 5.610707663735030337e+01 5.888156440127073665e+01 7.303241867817199307e+01 9.304603834781268290e+01 9.178558214302330498e+01 7.761137620789232017e+01 7.611815333131130501e+01 9.614311822451716694e+01 9.918330486413216818e+01 9.089110762579306879e+01 9.918330486413216818e+01 9.635967250178845234e+01 8.480246512005376758e+01 6.650106999430069266e+01 7.863432049714704419e+01 8.692325218952949228e+01 7.490741277972553291e+01 6.661692386457598047e+01
9.124702163186203252e-02 2.009124630949418489e+01 3.145797842850496551e+01 2.730953576947782580e+01 1.607109398021439617e+01 1.872346054181913999e+01 1.463101541314846621e+01 2.892215822624594779e+01 2.615427519994062422e+01 4.038868547671957998e+01 3.821501651245333875e+01 2.197739568494552032e+01 4.227444118396964967e+01 4.658939777823914596e+01 6.665596631308606845e+01 7.729351304302485914e+01 7.815877471151804912e+01 6.987050973541936116e+01 7.612156971524876781e+01 6.766283659624592417e+01 7.889427216332128978e+01 8.718177665398215481e+01 9.632448622134323557e+01 8.347821839902897523e+01 6.354577874266615822e+01 8.347821839902897523e+01 9.655853301191129390e+01 8.917878420885688229e+01 7.088624727266805792e+01 8.917878420885688229e+01 9.070054105880305428e+01 9.481183048007243030e+01 8.652493103464330204e+01 9.481183048007243030e+01 9.070706847156282038e+01 7.894921812368814074e+01 7.045324387509674580e+01
8.187870513261463756e-02 2.008187870513225803e+01 3.830666451134559480e+01 4.384758128265502819e+01 3.009852530095673373e+01 3.207290112085693323e+01 3.557243924979140814e+01 2.364873708315586143e+01 4.332381393814930703e+01 5.445099945121960872e+01 5.059136479665525599e+01 3.637778180198075972e+01 2.635045626104908578e+01 4.658939777823913886e+01 5.727767683129741982e+01 5.727767683129741982e+01 7.192382175195947980e+01 8.020908309963154181e+01 9.021043896989823452e+01 8.767641403963934010e+01 9.596243175672432812e+01 9.632448622134323557e+01 7.631560691914002348e+01 7.746836171752383393e+01 5.756260447976162453e+01 6.828347942814417593e+01 8.825051102354660770e+01 8.088867744923058467e+01 6.087875268318332189e+01 8.088867744923058467e+01 7.069380253988521190e+01 8.484359371951200046e+01 8.540307792368908224e+01 9.369464472329308080e+01 8.213264504306559388e+01 6.190633464726429480e+01 5.036219269814238686e+01
2.239863785106879432e-02 1.002239863785115581e+01 2.416453426208757804e+01 4.416453514475965392e+01 4.951836778000749462e+01 5.171890022022346045e+01 5.153503821045059397e+01 3.508008693011121437e+01 3.760902379215679758e+01 5.718801583697180746e+01 6.480480292417925625e+01 5.489442098816996207e+01 3.546862623754034161e+01 3.131786926418702777e+01 3.719133514089322290e+01 4.432699198768767701e+01 5.191351260793145173e+01 6.192178728564788770e+01 7.606694823452023968e+01 9.607042863870751148e+01 8.872517129379787093e+01 8.048992245037129578e+01 7.998730468289873841e+01 6.005395010590913785e+01 5.203973661802869088e+01 6.610245874485757156e+01 8.605867102401562363e+01 7.421870252721483041e+01 5.420395538557493609e+01 6.568438567066671396e+01 5.654042046052670401e+01 7.483691084924889481e+01 6.539440911615237439e+01 8.214112191695335241e+01 7.859678130398918938e+01 6.852562003307937744e+01 5.885137650120458375e+01
1.991760116496149591e-02 2.001991760116460739e+01 3.455618060453249285e+01 4.162724842371736145e+01 4.991152152108178797e+01 6.145852819094103836e+01 6.288727953574228025e+01 5.463171623632255347e+01 5.718801583697180746e+01 6.546105759163113191e+01 7.194027718649256542e+01 5.191081222682004892e+01 5.558628752910823323e+01 4.038711568037491872e+01 3.850075256960647607e+01 4.488029015070585359e+01 5.490781687508241760e+01 6.646152054818550425e+01 8.646553451188935924e+01 9.490484860388960442e+01 8.048992245037129578e+01 6.060722590245992336e+01 6.643073289306882145e+01 6.195790481665495975e+01 4.745702943377899174e+01 6.153990920809509646e+01 8.148040193871581494e+01 7.983485471884081619e+01 5.982306947697238542e+01 4.566600151877204894e+01 4.652900370225469828e+01 6.315290554728747452e+01 5.383663906394789933e+01 7.385106760153168182e+01 7.016491429041911942e+01 5.011123558765452657e+01 4.013056214446091019e+01
1.766589122093755945e-02 2.001766589122058093e+01 1.455618059761379257e+01 2.162724840947939242e+01 3.317425379327231383e+01 5.317425382695925862e+01 5.388085557426129668e+01 5.529938429918404807e+01 6.356121726882474121e+01 6.453972495926491604e+01 7.279757683194370088e+01 7.194027718649256542e+01 6.874121110435713433e+01 5.199240240541298874e+01 4.750785681442151542e+01 6.491201427007713676e+01 5.905207903061639740e+01 7.905914939981141742e+01 9.475080376355460032e+01 8.670698007313545475e+01 6.690858008201537643e+01 5.543884653586214739e+01 4.652307802216298427e+01 4.201492891332488711e+01 6.195790481665495975e+01 7.459204621075338082e+01 8.288246931083502034e+01 7.799226945152463486e+01 6.970182244958961348e+01 5.837470529413566567e+01 3.836271701220712771e+01 4.313788732345977195e+01 6.315290554728747452e+01 8.214112191695335241e+01 7.859678130398918938e+01 6.852562003307937744e+01 6.013807493903680523e+01
6.490672536223988931e-02 5.611908687614555191e+00 2.561190868913734775e+01 4.162724842371736145e+01 4.991151932079949205e+01 4.798261823656348923e+01 3.381766281054034806e+01 3.524233479145889447e+01 4.821917710315121752e+01 4.455121767418868473e+01 6.184549553184046289e+01 7.336282855074023246e+01 8.029617986652620232e+01 7.201033512282150184e+01 5.907706913048092190e+01 7.581899648697101668e+01 7.905914939981141742e+01 8.734459190246990090e+01 8.481084258614406224e+01 9.309438065968194564e+01 8.347498581811029794e+01 7.463943078292655287e+01 5.831683222797636290e+01 3.836700592424926981e+01 5.831683074578039339e+01 5.465027398919870194e+01 7.459204621074543695e+01 6.970182244958961348e+01 4.968953058370065179e+01 5.420191728341230686e+01 3.420125378766451263e+01 5.420191728341230686e+01 6.672120117669561523e+01 7.567221538219470744e+01 8.722655099220578734e+01 7.738393843090381097e+01 6.738768638262820332e+01
