MOVIE_S12_data/elevation_000542.asc
nrows	50
cellsize	150.0
xllcorner	0
ncols	50
yllcorner	0
NODATA_value	-9999
[rows 0 to 16 of 50, columns 0 to 36 of 50]
8.271705653423140625e-02 2.127631151761726416e-02 9.425194436011796739e-02 4.939197167322698090e-02 3.975871534419905817e-02 6.171646774684565184e-02 1.696294146011132625e-02 1.936121709489252440e-02 4.216450047424835645e-02 2.297044857093000214e-02 6.704298068806634203e-02 4.162315340452049650e-02 3.835349583220235004e-02 2.777463300387698203e-02 2.207885817162396139e-02 7.161913568127860341e-02 9.025521335945362045e-02 3.502399586135773735e-02 8.040414306008919487e-02 3.131346976591601466e-02 7.604099264847130613e-02 2.387740603804927586e-02 5.687112022313325910e-02 4.074439634684711570e-02 8.709178300582484655e-02 7.612946965408906586e-02 1.077918208624280109e-02 9.929772718869623455e-03 4.600412614040166881e-02 2.152795518990661267e-02 2.378824418737431057e-02 9.511189423522797837e-02 9.406546861214974686e-02 1.749038473908382007e-03 2.223905489293687143e-03 6.269637160239108220e-02 9.476101746191394060e-02
7.639902522890137937e-02 2.002127631151726206e+01 2.009425194435976181e+01 1.419152759540430253e+01 2.003975871534384368e+01 6.386271788083631051e+00 2.001696294145975585e+01 1.416149684082571802e+01 1.418430012420507325e+01 2.002297044857057529e+01 2.006704298068770953e+01 2.522317845188734253e+00 1.965790515874338595e+01 2.002777463253187307e+01 1.416421448189580978e+01 2.007161913545181875e+01 3.423588546692793777e+00 2.003502391666092208e+01 2.008040414305973442e+01 6.697980136432611253e+00 2.007604099264811737e+01 1.002387740603813704e+01 2.005687112022277674e+01 2.004074439634649352e+01 1.408728983916003097e+00 2.007612944607134864e+01 1.155778456587865755e+01 2.000992976629883202e+01 2.004600412614004767e+01 4.735573163100243121e+00 2.002378824418702052e+01 2.009511186784574477e+01 2.009406546861179521e+01 2.125698004660945717e+00 2.000222390548893969e+01 1.214632278087369066e+01 1.985058507601300448e+01
7.813061968023242432e-02 1.007813061968031931e+01 3.007813061968067458e+01 3.419152759540500597e+01 3.455123759736024880e+01 1.455123759736096289e+01 2.271620340663786308e+01 3.416149684082500926e+01 3.418430012420436270e+01 2.620602027963044378e+01 6.204616317968238093e+00 2.252346274689737271e+01 1.667325853210889619e+01 3.670118371714615080e+01 3.416421442306090483e+01 2.680420557227290246e+01 6.804205565606874728e+00 2.680420554852460668e+01 3.376904794566538470e+01 1.376904794829814804e+01 3.376904796214270732e+01 2.416601302976933852e+01 3.830814865350104270e+01 2.273326101078244932e+01 2.733261340981044452e+00 2.273324675984899201e+01 3.155778454659809285e+01 3.984204946388025803e+01 2.958630806610910113e+01 9.586285663826945580e+00 2.958630806610910113e+01 3.582936145866469957e+01 1.594709829272443535e+01 5.559404067178880915e+00 4.823483312702013137e+00 3.084395069493264785e+01 3.990498571115843163e+01
1.795629399984677299e-03 2.000179562939963063e+01 3.007813061968067458e+01 5.007813061968138157e+01 4.283550884482185950e+01 2.609824298115327323e+01 4.271620340663714899e+01 5.100047465409875969e+01 4.299990345976670625e+01 2.299641218874481652e+01 8.853681035130881227e+00 2.885529906195032268e+01 3.673089106039633123e+01 4.503818721847617468e+01 4.442361979840307384e+01 2.448025421831315995e+01 1.033973947153964268e+01 3.034014078063407283e+01 4.205332182779976335e+01 2.531605333209086695e+01 4.205332182779976335e+01 4.416601302977004195e+01 4.102676445190459731e+01 2.402914866312931252e+01 4.066594674314372604e+00 2.386587899853781991e+01 3.465769377011614694e+01 4.907477555644059919e+01 2.907365215147142123e+01 1.493151050207547925e+01 3.493155531735730790e+01 4.411236276945845702e+01 3.261269713233404843e+01 1.334400941310936872e+01 7.130864800658807567e+00 2.162376840685491430e+01 4.166288929101407490e+01
2.526786264046545702e-02 2.002526786264010994e+01 3.188856461744089899e+01 3.895963242930589132e+01 4.724390367676750202e+01 4.609824298115255914e+01 5.438251422861416984e+01 5.849913426158337160e+01 4.955287689596276834e+01 3.370652953697087639e+01 1.370439417386660175e+01 1.356772673495001058e+01 2.771075491580997507e+01 4.771493422152774144e+01 4.188409307171131246e+01 2.188665945794689804e+01 3.030721935528129052e+01 1.651187347198330357e+01 3.653113976192141621e+01 4.531605336484726365e+01 5.360032902743109418e+01 5.246749162326908333e+01 3.299095675561566310e+01 1.301029323611645694e+01 2.341316500720462201e+01 6.013764208359306807e+00 2.127256512471920402e+01 4.401354458935804814e+01 4.125613136365458189e+01 2.125606582241271170e+01 4.125613136365458189e+01 4.736458669001392252e+01 2.737183898809426807e+01 2.985490938431747665e+01 9.675522971817333229e+00 2.473853293482767768e+01 4.378443164521637954e+01
8.483503398980346555e-02 5.858337725886036296e+00 1.188856461744125603e+01 1.895963242930660542e+01 3.050663781309891576e+01 5.050663781309820166e+01 6.176401242612956821e+01 4.175808551276310965e+01 3.020858445216704524e+01 2.126374887936888314e+01 3.370652953697087639e+01 1.704928113010474178e+01 3.119259911096213500e+01 5.119730610255012948e+01 5.010165463118337215e+01 3.343270685735489423e+01 4.108439249378838554e+01 2.110018815505212331e+01 3.524224256732975391e+01 5.523897204858556620e+01 5.571389209024972899e+01 3.603901415738284442e+01 2.454447695846949529e+01 3.280456442290110886e+01 2.732783892448001595e+01 7.403860302060706999e+00 2.113459611548631756e+01 4.012038929243622931e+01 4.954119919269318473e+01 3.020033773480031769e+01 4.954119919269318473e+01 5.564876125482297908e+01 4.736458659657073156e+01 3.227408312979002858e+01 1.225365098304409983e+01 1.434489921859543138e+01 4.465085113049454435e+01
4.163169627051844027e-03 2.000416316962669683e+01 3.188856461744089899e+01 3.895963242930589132e+01 4.724390367676750202e+01 5.879090906055981236e+01 7.004874945008107545e+01 5.281708991989358282e+01 3.281188045982442247e+01 4.126707685292783623e+01 4.070389679199064403e+01 2.070076961309298724e+01 3.484449271198813847e+01 5.484974958935684697e+01 6.154712568972307452e+01 5.338297976483259788e+01 4.687225348470266795e+01 2.687369091217874484e+01 3.742985494926877266e+01 5.742572647939302044e+01 6.380146452489295683e+01 5.246739994726628709e+01 3.648285437665534658e+01 1.648992537225978339e+01 9.419031170232866401e+00 2.739966085065609747e+01 2.005177809560256463e+01 4.004394888958282195e+01 5.848586981209286506e+01 4.434247836412369281e+01 5.848586981209393088e+01 5.490896476094382450e+01 4.662475205284584234e+01 3.476748516187840465e+01 1.486038168206379240e+01 1.520169769433550044e+01 4.658950322732701466e+01
2.434392073152260791e-02 8.189309730008854871e+00 1.818930973000903251e+01 3.233144535374048445e+01 5.233144535374118789e+01 5.804352961161693258e+01 6.632818713200643401e+01 6.110245599404994010e+01 4.695771557771096383e+01 6.110245599404992589e+01 4.506912036860106241e+01 2.506515290337773649e+01 3.335107456356794842e+01 4.749693430306754749e+01 6.750217428660877772e+01 5.841731637711084346e+01 3.842068087088176043e+01 3.842068087088176043e+01 5.515104349015960850e+01 6.570172464519345112e+01 6.215587777913145118e+01 4.216941322482867349e+01 2.803465483306433015e+01 3.087257144901426287e+01 1.087768103580308932e+01 3.087257459671711146e+01 4.004394874461469556e+01 4.004394888958296406e+01 6.003659521476208738e+01 6.434286606619345150e+01 5.817128334129046863e+01 3.817210614065715646e+01 2.663486676661685593e+01 1.912265920897600679e+01 1.964026235265473375e+01 3.363400153194717745e+01 5.233312244997991058e+01
5.883922493566802470e-02 2.005883922493531202e+01 3.647358097747175520e+01 4.647358097747193284e+01 5.121055645183547966e+01 3.804347711315273273e+01 5.478100262054335445e+01 6.478114465323014315e+01 6.696287092381167838e+01 6.380512194895561606e+01 4.379890118692070899e+01 2.965356379341026383e+01 4.965858758220565505e+01 5.335633343498250269e+01 7.336038591636419426e+01 6.669328633980804000e+01 4.996746898690682315e+01 5.841731637711084346e+01 6.669328633980804000e+01 6.673047355110276158e+01 6.801022921216623729e+01 4.802331316083940038e+01 4.802330735510954440e+01 3.234259875365958692e+01 1.234811010882038396e+01 3.234259773359353574e+01 4.476483408747307635e+01 5.139257522087300600e+01 5.967407631073436391e+01 6.965130969873268896e+01 6.645574458047494204e+01 5.490893801251716155e+01 4.244659234846140095e+01 2.246616593211858515e+01 3.947811983469533459e+01 2.705557102711663475e+01 3.857434406456814457e+01
2.016265153036126551e-02 1.416229827526143659e+01 3.416229827526213825e+01 4.535282563531143296e+01 3.121051711370912329e+01 2.649647166484756511e+01 3.649647167666424963e+01 5.063860972802744698e+01 7.063875331169725769e+01 6.380512194895561606e+01 4.379890118692070899e+01 4.965858758220565505e+01 3.859913059136340507e+01 5.015030246587583918e+01 7.015640481040483678e+01 7.823239341950768733e+01 6.996002257023128834e+01 6.573273468625636440e+01 5.719275659354393326e+01 4.586385612173827298e+01 4.825739016293434247e+01 4.472746184904592326e+01 4.180380347964066345e+01 3.382553267734301272e+01 1.383060818637529721e+01 3.108736667400169651e+01 2.486780050656555474e+01 3.150981173249711276e+01 4.143143215419494396e+01 6.135371828755098278e+01 6.664168923084578466e+01 4.664178220281150544e+01 3.509626608054869479e+01 2.622990074094671442e+01 4.622538522418584250e+01 4.702637377652953887e+01 3.645592383886921084e+01
1.256007409845548775e-02 2.001256007409810067e+01 2.702991916481940748e+01 3.074383397167663645e+01 1.706838124869699058e+01 2.462767070888482479e+01 3.357194261961403470e+01 4.511894815644453161e+01 6.511902873257616875e+01 7.208976693365971755e+01 6.380512194895561606e+01 6.689101275252635048e+01 4.860260499467975848e+01 6.689101275252635048e+01 7.844039443666757450e+01 8.193910102705470422e+01 7.194682416659850333e+01 5.108142170461565712e+01 3.632391768486310468e+01 3.127372647754648938e+01 2.767454797239838982e+01 2.424332114875947752e+01 2.095534618897712420e+01 1.775288120425826222e+01 3.382567003527346827e+01 1.635036202493112967e+01 3.635254445741399110e+01 5.139257522087300600e+01 5.967407631073429997e+01 6.965130969873256106e+01 7.492586752652995585e+01 6.337895928370230081e+01 5.014756098898426018e+01 3.014831022158994500e+01 5.014756098898426018e+01 6.473739614038238699e+01 4.800023312972035683e+01
1.283213977233468341e-02 3.494385258886298917e+00 7.029919164819051325e+00 1.074382592836012051e+01 2.229083131765607106e+01 4.229085033532596327e+01 5.291217824676719061e+01 6.185655943491078546e+01 7.340380311966301008e+01 8.061798559394837582e+01 8.256486332415987306e+01 7.689327508517770582e+01 6.860914747803195723e+01 7.689327508517770582e+01 8.802982227687455463e+01 6.751181619899256248e+01 5.262872312229319505e+01 4.516395167679517897e+01 3.998102233265355210e+01 5.197554686637376875e+01 4.825739016293434247e+01 4.380515394394849693e+01 2.621167096357599391e+01 3.744156144040222500e+01 3.823413790480045549e+01 1.823178589681334216e+01 2.530363678576875230e+01 3.286667449820429709e+01 4.287153681048229004e+01 5.700596146431198008e+01 7.698593749680702558e+01 7.285989195859450263e+01 5.514754145896115034e+01 3.514761958741276260e+01 4.083802850119742800e+01 6.083798987675834269e+01 6.800007873113133883e+01
9.594114293757748102e-02 2.009594114293722100e+01 2.702991916481940748e+01 2.229083128395150482e+01 3.902686265803446020e+01 5.057532971876287320e+01 6.502988390510796535e+01 7.331805506853210375e+01 7.483407283089169937e+01 6.110988033627644000e+01 6.340963480314796641e+01 6.911002241784778732e+01 6.782560290147594628e+01 7.637850309819880579e+01 9.024031115013509918e+01 6.976391174089179970e+01 7.352140104277738430e+01 6.007026966064287876e+01 4.656114284949448034e+01 6.751971253327010913e+01 6.357601359324595336e+01 4.502531368569245984e+01 3.309161630263646003e+01 5.150105316989878901e+01 4.020514670457509254e+01 2.020240200108828077e+01 4.020514670457452411e+01 5.286474888338283051e+01 6.114181470931725215e+01 7.113416149282437573e+01 7.871776536390774481e+01 5.871776590312901334e+01 4.457563384081240088e+01 4.409181552480605859e+01 6.083798987675834269e+01 5.498012626796126767e+01 7.498012364764797155e+01
3.950229235330715398e-03 1.414608585296640619e+01 3.414608585296711141e+01 4.229062043749691213e+01 5.057175828469968337e+01 5.085031941120732313e+01 4.497695148928964670e+01 6.502988390510796535e+01 6.501059284252032455e+01 4.704907557238058757e+01 4.957086086494563659e+01 4.773551241399767520e+01 4.753160661612476900e+01 6.774936943037378967e+01 8.251814397200087114e+01 9.024031115013509918e+01 8.915274344108584614e+01 7.489395062317088048e+01 5.403645558535922788e+01 7.489395062317088048e+01 6.465295449377633474e+01 4.617297717728692419e+01 5.158563721706384797e+01 5.940479781674863347e+01 4.220546074961265504e+01 2.220232029923717931e+01 3.634902461419932962e+01 5.634414829492817489e+01 6.443795598142560266e+01 6.443795598142561687e+01 8.441745217477836150e+01 7.285989195859450263e+01 5.457563031695443101e+01 5.563881718390825881e+01 7.237607351854678939e+01 7.498012364764797155e+01 8.326432340678438493e+01
7.711341127313005306e-02 2.007711341127277649e+01 3.984081808562193316e+01 4.838282004490916677e+01 4.006178971682275858e+01 3.066682849949535594e+01 5.085031941120730892e+01 5.040610065798291117e+01 5.282737580073592909e+01 3.701009856670430054e+01 4.579236040423676712e+01 3.328839246410085906e+01 4.335335952058036213e+01 5.488082560647140440e+01 7.451422507678692853e+01 8.927367563945256279e+01 9.528230777901013937e+01 7.489395062317088048e+01 6.889462236910901538e+01 8.330159293064896531e+01 7.263661859589925029e+01 6.465295449378002957e+01 6.328423790721046771e+01 5.500807193348997259e+01 4.424707390472904223e+01 2.424343197597694299e+01 4.424707390471323265e+01 5.289990516219862826e+01 4.445346574221936464e+01 5.858665279892600353e+01 7.856425148217300602e+01 8.285988670499595798e+01 6.871776581245981674e+01 7.563881676492913186e+01 8.392307232828053998e+01 8.222467514436806368e+01 7.391969567878379621e+01
9.541454368626212448e-03 1.155654683816104189e+01 3.155654683816068484e+01 4.006178971138218259e+01 1.967135973101754587e+01 3.136728436092357342e+01 3.372096481002364499e+01 3.020362892990112513e+01 3.268091122621536471e+01 2.871708785646872286e+01 2.556150574838762068e+01 2.976915809572153648e+01 4.989123012053750017e+01 6.094477701596019159e+01 6.094477701596018449e+01 7.365931209272669378e+01 8.195777556390713414e+01 9.197666472920735714e+01 8.937761025925475167e+01 8.776937209201992118e+01 7.778087625148724271e+01 6.913670818921001171e+01 4.915579917853441572e+01 3.500933038434413902e+01 3.041733033554275778e+01 2.740561166985133568e+01 2.924420923093018487e+01 3.289771671792589558e+01 5.289990516220242966e+01 6.749685015085459838e+01 7.643075993528768208e+01 8.796429752241898825e+01 8.871776491535561604e+01 8.445038754515101687e+01 7.614651376743346134e+01 6.907726596688895881e+01 5.392067183980708478e+01
2.297228869525369793e-03 2.000229722886917116e+01 2.426663670563509712e+01 2.625863355784583675e+01 2.829376444507932220e+01 1.086502594406271527e+01 1.320205436486612705e+01 1.561663006246657659e+01 1.812999528793599069e+01 2.089078211209271529e+01 2.871712134062896027e+01 4.888815154838307819e+01 3.588467066950065032e+01 4.091501414547624194e+01 4.695748860490905230e+01 5.362906965015670835e+01 6.363897405188017586e+01 8.367965015380582372e+01 9.362464242551916982e+01 7.363804117030086616e+01 5.951763952124221646e+01 4.953048509688713352e+01 4.286203828781676606e+01 5.500807193348997259e+01 5.042004596450497189e+01 3.060878516799017746e+01 4.924692551817710751e+01 5.289990516220242966e+01 3.923020378937097519e+01 4.817925660601537885e+01 5.971301550473656761e+01 7.968790171340457107e+01 8.769182992129609033e+01 6.769475575336034012e+01 5.615166153682103101e+01 4.908094403644605563e+01 4.275644980345438029e+01
