MOVIE_S12_data/elevation_000046.asc
nrows	50
cellsize	150.0
xllcorner	0
ncols	50
yllcorner	0
NODATA_value	-9999
[rows 17 to 33 of 50, columns 0 to 36 of 50]
5.436832538903087209e-02 1.419650394911985636e+01 3.419650394911914759e+01 4.654571435737503293e+01 3.988361805237824598e+01 1.988402934433564440e+01 3.988361805237827440e+01 3.684425037333283370e+01 3.322970313550826660e+01 3.562005747640808551e+01 4.393677637598215568e+01 2.790094624305598003e+01 4.789644374720622011e+01 5.971496160763159367e+01 5.386327823647674506e+01 7.384217496498681044e+01 9.051877598971540806e+01 7.051848553727171520e+01 5.637757850021997541e+01 4.670884805000331141e+01 6.670678189803747671e+01 6.787949846539073917e+01 7.195136105045085628e+01 5.777226436322457204e+01 3.791398295390433759e+01 4.767495968809321738e+01 6.181302193259290334e+01 5.007966676187425747e+01 4.399558544858977172e+01 5.839067639451109670e+01 7.841369907355863234e+01 7.995868862115928266e+01 5.995026839571696087e+01 6.730425256213544571e+01 6.383904894877687752e+01 4.399952819439066332e+01 6.383904894877684200e+01
9.647730019007895452e-02 8.261443109467411006e+00 1.826144310946758864e+01 3.826144310946829563e+01 4.816652773251555431e+01 3.988361805237827440e+01 2.695509707706497338e+01 4.695446096448391415e+01 5.322207112148237229e+01 5.561145487309659075e+01 5.617200955374837434e+01 3.790081746066896073e+01 3.216496053210006068e+01 3.972421831145845061e+01 5.971479208986085041e+01 6.693077929495683520e+01 8.689576984324253317e+01 8.465928846458484713e+01 7.142029065405797894e+01 5.142256662667251987e+01 7.142029065405797894e+01 7.533876790943944002e+01 5.533295594728683398e+01 4.379010253201317937e+01 4.289298816845118267e+01 6.288784510685688645e+01 7.595108417709268167e+01 7.023933429491822267e+01 5.318084075656219767e+01 5.839067639451108960e+01 7.841369907355863234e+01 7.885632933442900594e+01 5.884754536294635585e+01 4.729078617792328743e+01 5.785775288956143214e+01 3.796715369163617027e+01 5.013096410963516547e+01
9.953738903938927352e-02 2.009953738903903542e+01 3.654571435573931382e+01 4.654571435742022345e+01 5.887685686242824090e+01 5.523700461763834824e+01 4.695446096448391415e+01 3.512006033491780954e+01 5.511898968121890618e+01 7.339922219492846978e+01 5.789207003374341554e+01 5.789207003374341554e+01 5.215918870506836669e+01 3.694587417968837428e+01 4.694544544924649188e+01 6.693087972319203516e+01 7.841134626107670158e+01 8.839391203425107335e+01 7.658377183585982095e+01 5.658569521028581306e+01 7.658377183585982095e+01 8.363042163058099732e+01 6.850286456523829770e+01 4.850105823000301797e+01 6.288784510685688645e+01 5.073353806733067728e+01 7.073181445665640865e+01 8.150052327589082779e+01 6.475989411789448980e+01 7.841369907355863234e+01 8.669943028248377459e+01 8.714199666642019793e+01 7.559084083209938854e+01 5.877048181715375819e+01 3.875590767344295529e+01 3.320673935060327864e+01 3.012030619303136092e+01
3.582433992925927735e-02 2.003582433992890444e+01 3.059258561496534057e+01 3.059258561496534057e+01 4.554352352909467072e+01 5.448779543909398626e+01 6.340101220524311998e+01 5.511898968121890618e+01 4.512001386119406732e+01 6.511796550124370242e+01 7.786820911549116886e+01 7.106722811994727351e+01 5.108579636039647909e+01 5.693822222495062846e+01 4.260271425595797012e+01 5.016172606611981877e+01 6.015895222731652581e+01 8.013071295672848748e+01 8.235710376672776079e+01 6.235769530028194652e+01 8.235710376672776079e+01 8.483888548755260217e+01 6.483049073287953945e+01 5.404704658838293341e+01 7.405108284085481785e+01 6.487339500383193069e+01 6.015969488492390127e+01 8.016009214059747023e+01 8.476417183487232876e+01 9.304984898953985351e+01 9.437343245375238610e+01 7.436746112676060250e+01 6.021705756197602000e+01 4.866030949225643809e+01 3.865214180213119022e+01 5.321986222808574496e+01 4.647753434376173232e+01
8.338298177320474514e-02 5.247360776716448960e+00 1.059258561496498352e+01 1.725925228163176683e+01 2.620352419163108237e+01 4.034565981536253076e+01 6.034565981536323420e+01 7.339922219492846978e+01 6.511796550124370242e+01 6.144884001456387068e+01 8.144370171920979828e+01 7.933527765461970205e+01 7.106722811994421818e+01 6.158998776493081095e+01 4.745337878010635535e+01 6.743906897838736825e+01 7.841134626107670158e+01 8.839391203432698774e+01 8.902437194543450971e+01 6.902256740931417767e+01 8.902437194543450971e+01 9.310624951022198559e+01 8.007652371225853472e+01 6.007594391447072724e+01 8.008508498409733534e+01 8.487529015373543473e+01 7.170526549239380643e+01 7.430079524164816007e+01 9.430568618001150583e+01 9.751965859523851066e+01 8.751681352745121956e+01 7.923076263246586848e+01 6.499666911865598706e+01 4.498143918780071004e+01 5.866729767130831164e+01 6.695540227879507711e+01 5.404130614442719605e+01
1.813270376062421294e-02 2.001813270376026921e+01 3.059258561496534057e+01 3.725925228163247027e+01 4.554352352909467072e+01 5.448779543909197542e+01 5.437977496391242482e+01 6.266450637266473223e+01 7.266479402122847375e+01 8.144370171920979828e+01 7.565270336656148231e+01 8.396225361442544965e+01 8.982188079531086089e+01 7.570593429010499165e+01 6.743906897838736825e+01 5.598041501352506089e+01 7.011109003079941715e+01 9.006918898647640503e+01 9.730684353708224421e+01 7.902230100830377069e+01 9.730684353708224421e+01 9.426947468467253088e+01 7.422027309090694303e+01 7.162257555409618703e+01 8.838699880725832259e+01 9.999631157894313560e+01 9.170960012663707062e+01 9.430568618001150583e+01 1.025922855157020166e+02 8.923418498405669652e+01 6.922734028087516833e+01 5.922081650455915991e+01 5.254802274793226502e+01 5.653890473776804981e+01 7.328406088427212239e+01 6.819103032725810465e+01 4.818029848406018800e+01
2.351309638313057310e-02 1.002351309638321730e+01 2.416564872011441878e+01 4.416564872011512222e+01 5.266432036852076948e+01 4.437974199497458727e+01 3.437970902603678525e+01 4.437970918076645432e+01 6.437984074705846638e+01 7.239682682862397201e+01 5.563285933167949793e+01 7.239682682862397201e+01 8.033900433888224768e+01 8.865213524561909253e+01 8.421728589215635452e+01 7.595190588082506622e+01 6.752014031039253439e+01 7.905049915642494796e+01 9.899777985270401359e+01 9.316849177175380703e+01 1.073069919057609809e+02 1.026615062201150010e+02 9.426944346483789161e+01 9.163843373303868134e+01 9.992240715724138056e+01 1.002790326158659013e+02 9.198221242645047369e+01 8.938059776506358389e+01 9.767868175512552398e+01 9.751965859523851066e+01 8.751681352745121956e+01 7.923076263246586848e+01 6.255632442999784359e+01 7.655019012217226759e+01 8.483650975800581762e+01 7.647723042847718489e+01 6.819103032725810465e+01
2.372884694381488524e-02 2.002372884694345956e+01 3.830778434384411213e+01 3.265012584348176006e+01 3.682044006994742347e+01 2.437970901610085761e+01 4.437974199497458727e+01 6.266450637266473223e+01 7.266479402122847375e+01 6.409424102388733502e+01 4.408542202957577416e+01 6.409424102388733502e+01 6.031161470388794754e+01 7.511741929800854223e+01 8.342706296156188728e+01 8.291097184595106739e+01 8.748121197310624098e+01 9.573661237576668270e+01 1.072483276551743643e+02 1.131687879020052350e+02 1.141391971625412936e+02 9.409115401264553213e+01 9.409115401264551792e+01 9.495013331036258819e+01 1.032472506506229593e+02 9.198221242645047369e+01 7.195154744659494384e+01 6.935427233566062455e+01 8.380932558982375724e+01 9.210655558093193918e+01 1.062733165431715321e+02 9.085109521671365940e+01 8.256523674966284432e+01 9.085109521671365940e+01 8.249495036070915432e+01 7.414190054969695609e+01 7.193006733660102725e+01
6.296921807001566729e-02 2.006296921806966083e+01 2.699327702527833850e+01 1.265013127477031496e+01 1.682041955591173732e+01 3.682044006994742347e+01 4.437974199497458727e+01 6.438000913737931796e+01 7.344203592388340951e+01 5.702005522668088133e+01 3.701793929900814817e+01 5.702005522668092397e+01 4.876260363007926202e+01 5.509525987461272223e+01 7.434085459188069933e+01 6.286674369636057236e+01 7.581000427097910688e+01 8.412338241615520928e+01 9.308868000770812046e+01 1.046761724256787858e+02 1.082725104187163367e+02 8.821704385640451562e+01 7.405165453601996717e+01 7.490936611922519717e+01 9.167835773531746213e+01 9.584734536087340473e+01 7.781839338751873925e+01 5.782573957232082051e+01 6.379977630181080883e+01 7.793979461869236047e+01 8.751370925184970417e+01 9.580976836604467906e+01 8.909347615420752220e+01 7.897951518881042432e+01 7.061879566902530314e+01 5.390474141547879583e+01 5.169021331672024644e+01
8.175220331382776484e-02 3.511723906164011755e+00 6.993277025277984116e+00 2.699327702527833850e+01 3.681938913090307608e+01 2.946953032152585905e+01 4.361166987348167368e+01 6.361182492495090202e+01 6.430894114870268652e+01 4.512831288579932476e+01 3.100554268661958801e+01 4.876766531693406392e+01 3.876593604785210800e+01 5.619878548592296852e+01 5.433635297375270312e+01 4.872113197348073754e+01 5.579238718204534564e+01 6.473791971717858473e+01 7.629272860328185857e+01 9.634547499044431618e+01 1.018891677929292428e+02 1.023887871184150669e+02 8.337959097779290119e+01 6.336949551805254544e+01 7.581648579248779640e+01 7.581648579248779640e+01 7.115417544911937853e+01 5.118097374094895713e+01 7.115417544911937853e+01 7.335897584436754926e+01 6.749589329521305103e+01 8.751370925184970417e+01 8.075071671699635090e+01 6.048687462105438328e+01 5.035820185912933766e+01 4.323471587652826287e+01 3.744187672759890972e+01
7.631710034972485901e-02 2.007631710034937100e+01 2.699327702527833850e+01 2.113541430454657544e+01 4.113558300259551004e+01 4.946955073748161880e+01 5.775414642314549951e+01 5.806071757685547396e+01 4.976725133103970933e+01 3.602916697314214645e+01 2.571713954684446435e+01 2.879441354717906165e+01 3.242289037468084700e+01 3.619503586042408472e+01 4.019328149079793633e+01 4.651761217561691097e+01 5.651803278608323211e+01 6.806868808436144036e+01 8.811607841760736903e+01 9.603214960761664543e+01 8.191052021615762158e+01 8.925356161044885539e+01 9.167835773531746213e+01 7.581648579248779640e+01 5.583007186886857198e+01 6.949622676673381250e+01 6.550249562975172068e+01 4.634723916977879554e+01 6.630996248885152511e+01 5.337802514648643637e+01 7.335897584407206296e+01 8.409542171184115489e+01 8.909347615420752220e+01 7.897951518881042432e+01 6.345559403210350524e+01 6.345559403210351235e+01 5.089284511514466658e+01
9.124702163186203252e-02 1.423338264536268660e+01 3.423338264536197784e+01 4.113564919570696077e+01 4.942148621251998719e+01 5.669838239001067848e+01 5.806071596582194161e+01 4.653591383583894014e+01 2.983083040768385885e+01 2.202843469944436094e+01 4.188166596297031674e+01 4.876766531693396445e+01 5.241837555982924357e+01 5.619877877894496265e+01 6.020131987004604923e+01 6.652994633108666278e+01 6.066231225541676508e+01 8.069566809561138143e+01 9.646406740784200906e+01 8.776213061245783820e+01 6.777156002330112017e+01 6.926424976720137749e+01 8.339362972866629775e+01 8.411249606200341589e+01 6.949622676673381250e+01 4.952757108182307633e+01 4.554138165961353479e+01 4.177168959289654993e+01 5.765618585925553674e+01 4.584182911158666229e+01 5.581298619385740523e+01 6.993618497921799815e+01 8.995918700324386919e+01 9.202775715076123220e+01 7.608574281962781072e+01 5.584685809494902031e+01 4.419481707406279725e+01
8.187870513261463756e-02 1.422401432886369044e+01 3.422401432886439210e+01 4.498260521031993875e+01 3.669809999453207894e+01 3.669809999349138252e+01 4.976725132668637031e+01 2.983083040768385885e+01 1.848546850586310697e+01 3.825689468386985936e+01 4.496289156448823121e+01 5.003848472408278525e+01 5.562190925338512670e+01 6.195619135366221997e+01 7.021951610888693551e+01 7.915038522887020633e+01 8.069566809561138143e+01 8.903300346231705475e+01 9.551887968267179474e+01 8.552697463932000232e+01 7.511898365483601481e+01 5.512636553541251772e+01 7.511898365483601481e+01 8.121523598506709618e+01 7.778835375557005705e+01 6.949622676673381250e+01 6.550249562975172068e+01 5.765618585925553674e+01 3.769820007405661499e+01 5.765618585704361720e+01 6.859819389683413249e+01 6.859819389793693745e+01 8.874957213512867327e+01 9.584183265345872371e+01 8.443489278251904295e+01 6.440089682937102111e+01 4.419481718926577685e+01
2.239863785106879432e-02 2.002239863785071350e+01 3.442119624705068759e+01 2.613689660100598289e+01 1.669805325618383307e+01 2.941472423478274933e+01 3.109903648019786715e+01 3.280162981438404302e+01 1.612751586438979601e+01 2.579382426101196302e+01 2.452250024471763012e+01 2.973611242177127423e+01 3.549058628818465166e+01 4.192543148058766889e+01 5.090864855387032861e+01 6.505044449310349819e+01 8.500105376057207707e+01 1.013759840045926239e+02 8.139694978053965713e+01 6.725750443016737279e+01 5.726009291586694161e+01 4.910560350627712012e+01 6.242918949143827234e+01 6.122658692969778116e+01 7.535700620513533465e+01 7.866719191113260479e+01 7.036802832906855087e+01 5.516143763610430284e+01 3.520903358919011339e+01 5.516143763529080957e+01 4.856899382793293540e+01 6.270424749437994194e+01 8.282743924197380636e+01 8.576377548031557296e+01 6.727994188479675586e+01 6.727994188479675586e+01 5.414280075652975199e+01
1.991760116496149591e-02 2.001991760116460739e+01 2.387232782308234036e+01 6.136877173788009010e+00 7.753781340696901836e+00 9.414690937771714729e+00 1.109899477990476591e+01 1.280150784142227671e+01 1.532439826791382664e+01 1.781145246436425822e+01 3.853590839646148680e+01 5.003848470015509520e+01 5.562190925338512670e+01 6.195619214633767768e+01 7.021956393169914179e+01 7.915038522887020633e+01 8.355614502479050998e+01 9.177484390347281362e+01 8.997692416017518724e+01 6.998804796822075502e+01 5.844343271502949477e+01 4.950942986605052454e+01 4.245424868202085378e+01 4.710019731591508219e+01 6.536014385795647286e+01 7.036770917172520967e+01 5.038815326258291805e+01 5.272386352012711797e+01 3.278873062099416558e+01 3.791355860399529121e+01 5.786482569018958344e+01 7.695118548981773188e+01 9.007250113533419267e+01 7.741483955334091149e+01 5.714504421625257891e+01 4.703205015264222055e+01 4.067440963801578135e+01
1.766589122093755945e-02 2.001766589122058093e+01 3.872323105498808093e+00 2.387233439429649451e+01 2.189591847911824729e+01 2.355682855402835685e+01 3.109903648019786715e+01 2.174577535150279672e+01 3.545419355334870914e+01 3.853590844056691367e+01 2.250305648267204006e+01 4.339263733759193542e+01 5.346478250005464616e+01 5.808432903581925189e+01 6.343684084572362991e+01 6.946199326366806304e+01 6.362400445406646554e+01 8.355614502479050998e+01 9.824609289532163814e+01 8.670979436198165047e+01 7.777118596501037473e+01 6.949524066215752782e+01 5.709066200358623888e+01 3.713125125776268476e+01 5.708789618879357874e+01 6.906976514438765946e+01 5.499189568534245609e+01 3.630427569148788081e+01 3.042581558870359970e+01 5.032395553969830360e+01 5.051736189424789103e+01 6.202040378421762057e+01 8.187616406575462236e+01 8.576377548031557296e+01 7.564552600742842969e+01 6.727994188479675586e+01 4.827936210690746321e+01
6.490672536223988931e-02 1.636255127999013848e+00 2.163625943556387909e+01 3.215668119298504735e+01 4.189600153794628312e+01 4.355693543422535896e+01 4.997970586273886084e+01 4.173300725833615132e+01 4.173300725833615132e+01 4.989944136810400011e+01 2.932312033573346710e+01 2.860953801828104304e+01 3.312194062338044631e+01 3.794819252143786059e+01 4.340957549440019392e+01 4.947882338864396701e+01 6.103314785780624874e+01 8.097601021264698318e+01 8.788300920387897008e+01 7.788691860047840976e+01 6.960730167493386489e+01 6.789033435162579622e+01 4.791279374290402870e+01 3.384145226213429680e+01 5.375353963521877176e+01 5.724693901713368405e+01 2.674501416456619651e+01 2.751084476842153492e+01 4.730754248779552285e+01 4.665893558152173881e+01 6.661843496705517964e+01 7.862028034781501162e+01 7.483781211266720845e+01 7.378893017850056424e+01 8.207703361351569527e+01 7.689528553214258011e+01 5.839798546720879102e+01
