MOVIE_S12_data/elevation_000847.asc
nrows	50
cellsize	150.0
xllcorner	0
ncols	50
yllcorner	0
NODATA_value	-9999
[rows 17 to 33 of 50, columns 0 to 36 of 50]
5.436832538903087209e-02 1.160073006458486589e+01 3.148748248737159727e+01 2.699906580067318629e+01 4.374980660579696945e+01 4.816742361030741648e+01 3.066676169247743289e+01 4.867851807393510200e+01 5.791236747212895608e+01 3.808440910717727235e+01 5.791236747212895608e+01 6.685014953338595944e+01 5.266173772245442564e+01 6.685030231495110797e+01 8.548971979478962169e+01 8.719933664993264699e+01 9.550374312080015216e+01 8.782779625273391844e+01 6.799787114758059658e+01 5.390200205337869477e+01 5.447225574810365600e+01 7.261872202340872207e+01 6.892298251915451601e+01 4.895619840852418037e+01 3.484057144359261571e+01 5.463223005102778274e+01 6.414680082362619373e+01 5.582685062224582850e+01 4.398072189339264781e+01 5.555647250087417177e+01 7.585599209681988953e+01 9.275564396477912510e+01 7.351323632324266555e+01 5.966182659547264677e+01 4.982259821501508412e+01 5.110896370311736092e+01 6.647347018805712082e+01
9.647730019007895452e-02 2.009647730018972211e+01 3.942826930357414028e+01 4.731972638275463794e+01 5.570974374996734468e+01 5.854135397709899280e+01 5.002736948510574422e+01 5.866402498745342342e+01 6.617100561983396290e+01 4.951127196909443029e+01 5.208633917738210073e+01 7.197762477553159499e+01 7.272963759402563255e+01 8.061410651529128302e+01 8.061410651526979620e+01 8.061410651526979620e+01 8.889665928796934224e+01 8.782779625273391844e+01 6.799787114758059658e+01 6.799787114758059658e+01 6.856739032786686039e+01 8.254335398150452363e+01 7.246980523996725765e+01 5.814497442643072844e+01 3.818072542518672918e+01 4.964447498953155957e+01 6.915290856455411017e+01 7.115177117897748360e+01 5.104165789269707432e+01 7.115177117897748360e+01 8.430393323182281051e+01 9.736586312234851448e+01 7.765709412657453470e+01 6.374002210981903005e+01 6.148468709537342392e+01 4.182640836660069539e+01 4.671045620860724767e+01
9.953738903938927352e-02 1.424167301277046427e+01 3.424167301277116593e+01 4.381673456661825838e+01 5.210116505606609394e+01 5.726980591099190576e+01 5.773646263838729453e+01 6.602138535108637996e+01 7.766452168897917829e+01 6.938847734889333196e+01 7.197763506829058144e+01 8.025541667683414460e+01 7.475609805911216199e+01 6.061553681046403597e+01 6.061553681046403597e+01 6.061553681046403597e+01 8.061410651526979620e+01 9.595629286926715906e+01 8.782779625273391844e+01 8.782779625273391844e+01 8.839236949456723380e+01 8.403626204233057706e+01 6.416574239685540704e+01 4.419711408831449972e+01 4.483175767931539468e+01 6.450142556066012389e+01 7.691385415287899718e+01 7.951015713084318293e+01 6.262063630016151450e+01 7.951015713084318293e+01 9.515889750943210856e+01 8.691858299764783169e+01 8.691858299757808481e+01 8.342965891659756039e+01 6.647347018805685082e+01 4.671045620860724767e+01 3.536406813065574539e+01
3.582433992925927735e-02 2.003582433992890444e+01 2.800570779085666828e+01 2.381672539666363519e+01 3.726972723776943752e+01 3.726972723776943752e+01 3.773641115027836435e+01 5.773646263838729453e+01 7.510018418609826085e+01 6.685098730892953256e+01 7.510018418609826085e+01 7.592161559476822674e+01 6.475637795159138932e+01 4.647261846731120727e+01 4.647261846731120727e+01 6.647298226293759171e+01 7.144915988572387278e+01 7.973197966445117402e+01 8.691517270947402096e+01 9.519741834314554296e+01 8.991194325674567267e+01 6.984748195511177471e+01 5.570434469469615379e+01 4.971924069255913992e+01 6.488514982817046928e+01 5.636878517849285686e+01 6.797936327706661075e+01 8.818369887820348652e+01 8.280551814655159149e+01 9.116220290403492754e+01 8.691858299764783169e+01 6.748834875869057726e+01 6.748834875869056305e+01 8.132361606004465671e+01 7.468183465143064836e+01 6.326256722023028800e+01 4.977461146339310716e+01
8.338298177320474514e-02 4.005705684536902567e+00 8.005705684536938094e+00 1.226972001164918424e+01 1.726972001164927306e+01 2.359427533198614313e+01 3.514128072810986936e+01 5.514137460612055719e+01 6.512650081351273457e+01 4.689034760144713943e+01 6.512650081351273457e+01 6.763853181471327503e+01 4.763819157042821217e+01 3.647086316727838806e+01 5.647280036514365520e+01 6.818573667331369847e+01 5.144957610468935627e+01 6.818573667363824597e+01 6.691739781327775916e+01 7.951108946211719797e+01 8.779361662176323478e+01 8.403626204233057706e+01 7.572422660950533668e+01 6.123757214669247162e+01 5.911704684033855273e+01 7.651872025855993797e+01 8.487403018311974279e+01 9.652962622315334329e+01 9.631895140375705466e+01 9.049931706288971611e+01 8.620791884897029433e+01 6.681350260058172807e+01 5.408184264483804071e+01 7.317933248535749158e+01 6.814257377551093953e+01 6.247061472602903365e+01 5.288238153296463651e+01
1.813270376062421294e-02 2.001813270376026921e+01 2.800570779085666828e+01 2.641185567541727863e+01 3.141185571673648269e+01 4.359429060706538905e+01 5.187889825066658744e+01 6.342726278848061838e+01 5.687066745518833244e+01 3.689016620984327943e+01 5.687066745518833244e+01 5.326714561744436338e+01 4.498296631909455101e+01 3.130579019898270943e+01 5.130832238786333477e+01 4.971606461338610217e+01 3.990095554452859261e+01 5.990239480600852318e+01 5.537043248904332415e+01 5.951248727251201842e+01 7.951108946214179696e+01 9.594635229250233976e+01 8.959824797128419505e+01 8.128414576978913431e+01 6.618354589621141315e+01 8.625293156364224956e+01 9.958902368385960813e+01 9.131926934287233166e+01 7.670040473417861904e+01 7.098470812054571866e+01 7.923255234731648500e+01 6.681350260058172807e+01 4.773103260870483666e+01 6.681350260058172807e+01 4.878877477985025024e+01 4.312416550648119085e+01 4.354414128298741105e+01
2.351309638313057310e-02 1.416564872011420562e+01 3.416564872011490905e+01 4.641186877528920007e+01 5.141188011048637918e+01 5.475008346795047487e+01 4.644475738531410514e+01 5.474742215486655539e+01 5.021050037136627253e+01 3.022231859043491298e+01 4.168752587430201828e+01 3.908447879943040704e+01 2.498022193919146972e+01 4.354388976194631056e+01 4.606403294805095072e+01 2.971306337548791632e+01 3.233975716380094667e+01 5.234256151094963627e+01 4.536951098611487510e+01 6.536994223948691740e+01 6.766642695843012234e+01 8.018977085134011418e+01 8.847227125524264579e+01 9.456755351857685810e+01 7.621121665180152149e+01 9.456755351857685810e+01 9.131926936195598898e+01 7.176319534215568297e+01 7.670040474755465709e+01 5.754045066147732967e+01 6.000751787210524668e+01 6.171349797201001053e+01 4.252662023731660668e+01 5.492991229426121436e+01 4.878877476495270571e+01 2.907909006653586914e+01 2.662998933407222069e+01
2.372884694381488524e-02 1.934290390344512289e+01 3.432681542315354051e+01 3.566102443052184157e+01 4.370222291907510481e+01 4.472228168222243738e+01 2.643588593128913189e+01 4.473445822455352072e+01 4.645431052600424238e+01 4.168743740195482417e+01 2.169317416090165196e+01 1.908213315287897061e+01 2.129080193014743827e+01 2.354106155351594154e+01 2.606101442983273131e+01 4.606403294803718751e+01 5.234256151094688647e+01 3.642335595688059868e+01 5.642547746708412149e+01 6.535900056775281541e+01 5.352446180064049486e+01 6.019133205951418830e+01 7.433276003786906472e+01 9.432984583121374556e+01 9.041445636954122733e+01 1.046069663693344722e+02 8.874931294042909258e+01 6.924940672157332244e+01 5.833891103997175520e+01 5.170711300851900205e+01 4.659650164249113402e+01 4.275853663709019514e+01 3.900755756339520985e+01 3.551833344781893942e+01 3.268702911506910169e+01 4.878772184239426224e+01 4.643757486191394435e+01
6.296921807001566729e-02 2.006296920342298762e+01 1.620759216331071428e+01 1.565334517175887186e+01 3.198198463485974230e+01 3.643624272314295354e+01 1.643498004215129171e+01 3.083186720657588964e+01 2.645190709510330862e+01 3.380965097983697376e+01 1.634777013901818421e+01 3.634992825253982573e+01 3.543497795063854738e+01 4.354388975593420241e+01 3.138695848277501455e+01 5.138954675425241447e+01 6.470901086341703490e+01 5.642547746703958467e+01 4.127535259147914104e+01 4.535870872626344408e+01 5.950155956770978349e+01 7.950011407087463056e+01 7.433276003786633623e+01 9.432984579219606758e+01 1.104906811645144131e+02 1.109434971525852660e+02 9.700887086247651325e+01 8.440515314125474333e+01 6.505105319107043726e+01 7.071973782271720665e+01 5.754045066147733678e+01 6.190397656963360618e+01 4.873059420237838424e+01 4.158070358500010855e+01 5.224071120188506256e+01 5.810761177583241732e+01 5.403316470539986227e+01
8.175220331382776484e-02 1.400513150105403337e+00 2.722150351015585557e+00 4.055483684348933693e+00 2.404278338334120946e+01 2.733814408330637491e+01 9.363786852972276975e+00 1.083025802471930099e+01 1.230870063224324085e+01 1.380776420466007437e+01 3.380965097983685297e+01 4.463418252951458953e+01 5.543686741209953794e+01 5.967319332492778727e+01 5.138954675425497243e+01 4.081696597175216112e+01 6.081823574993338610e+01 6.794309717776953050e+01 4.794317991753973018e+01 6.535900056778235978e+01 5.604996610816882452e+01 7.604885786155610106e+01 9.432984579219606758e+01 1.026117824726187706e+02 1.049188496900007834e+02 9.045153190186530878e+01 1.049188496900007834e+02 9.263257779403906511e+01 8.440515314125474333e+01 8.487182521143888891e+01 7.670040475477675557e+01 6.429057059553014142e+01 6.722486148125477712e+01 4.808320118575399960e+01 6.722486148125477712e+01 6.736125449613481919e+01 4.804731729316996081e+01
7.631710034972485901e-02 2.007631679855170503e+01 2.272302587865340584e+01 2.405246453481850111e+01 5.971136254911858288e+00 7.338308109260862189e+00 2.733963818939853496e+01 3.083186720668716774e+01 2.645202097577480416e+01 3.380153854189070728e+01 1.780779311069627013e+01 3.780981037565911151e+01 5.026304134100124088e+01 6.180923752095091572e+01 6.910132578305335471e+01 5.496059439713431516e+01 5.496059439713431516e+01 7.495983294737845881e+01 6.208573424121333773e+01 6.059278861330817278e+01 7.604885786155610106e+01 7.019172279432616790e+01 9.018923277759101609e+01 1.056726747797521284e+02 9.581726354220128883e+01 7.613710714271645941e+01 9.581726354220128883e+01 9.710867054841499169e+01 8.882454426974746298e+01 9.710867054841499169e+01 9.185070558622282988e+01 8.363894156426626125e+01 7.531582117897589512e+01 5.762370364214431362e+01 7.531582117897589512e+01 7.705222368934300903e+01 6.818449260468311479e+01
9.124702163186203252e-02 1.423338264560037381e+01 3.423338330829652421e+01 3.428071719486778335e+01 2.011418874202636431e+01 2.733964389260003713e+01 1.464137784252747920e+01 3.464332077997693915e+01 4.646034561926493467e+01 4.607165194210542580e+01 3.780981037565911151e+01 2.197822740625131388e+01 3.352694713886685207e+01 5.352848463546129665e+01 6.918377448949091502e+01 7.495983294737845881e+01 7.495983294737845881e+01 8.324206558507091813e+01 8.208402221921691932e+01 7.213935257227208808e+01 8.887369643325331481e+01 9.018923277759101609e+01 9.847132594075951317e+01 9.722171771965338394e+01 7.693004334167504510e+01 6.722545063818091648e+01 8.736772713380467792e+01 8.710917833152620915e+01 6.882583552847842157e+01 8.710917833152620915e+01 9.491803940162039055e+01 8.663389362855731690e+01 8.499196156071938901e+01 7.682601932036536141e+01 8.499196156071938901e+01 8.886181035976295561e+01 8.057637071384102967e+01
8.187870513261463756e-02 2.008187870513225803e+01 3.586596491194080727e+01 4.586598147709621998e+01 4.013288618378003747e+01 3.464332066802108301e+01 3.464332077997693915e+01 2.358627351548404505e+01 3.773027355425297458e+01 5.773205575476330154e+01 5.026304659917332174e+01 3.092376141203168771e+01 2.675961557917335654e+01 4.090417966446463538e+01 5.631510823815305855e+01 6.298180002437607783e+01 7.054049010011678433e+01 7.881818282561503963e+01 8.881341494835069739e+01 9.213665819473938257e+01 1.004186859333854898e+02 1.010704787059903254e+02 9.288690553330718558e+01 9.435796637179396384e+01 8.065363496859670533e+01 6.060212461457452804e+01 8.065363496859670533e+01 7.882518989911304175e+01 5.882267784939754307e+01 7.882518989911304175e+01 8.224785961190401906e+01 6.663374129598513207e+01 7.922891774166340895e+01 8.751313694497713414e+01 8.886181035976295561e+01 7.731557028471530657e+01 6.057941372822135406e+01
2.239863785106879432e-02 7.581688098035646028e+00 1.758168809803582278e+01 3.172382372221021285e+01 5.172382513600565801e+01 5.464518609937478288e+01 5.187384042161279041e+01 3.773027355425297458e+01 3.773027355425297458e+01 5.773205575476330154e+01 5.920698823229166408e+01 4.247277321267890215e+01 4.676209994562344718e+01 3.184051603334431846e+01 3.631364928155124971e+01 4.298172466570702710e+01 5.054207592229469270e+01 6.054262929427082440e+01 7.468385350000232847e+01 9.467235794431115892e+01 1.068209937996825545e+02 8.711521719407062392e+01 7.318296304828878363e+01 7.465383025416207374e+01 7.547635725742705404e+01 5.545753668546426951e+01 7.547635725742705404e+01 7.215768588253911275e+01 5.215087333999310459e+01 6.362675235087775860e+01 6.224523294835999820e+01 5.508161865502151500e+01 5.922527947551532179e+01 7.922891774166340895e+01 8.057637071384102967e+01 6.057941372822135406e+01 4.903581067407771599e+01
1.991760116496149591e-02 2.001991760116460739e+01 3.586596735381618828e+01 4.250433600569763826e+01 4.250433602210403450e+01 5.078860727697897914e+01 6.325152868542893003e+01 5.773205575476330154e+01 5.773205575476330154e+01 6.601740802400905750e+01 7.075188884502813380e+01 6.247274329520409708e+01 5.816754148174790373e+01 3.816646595673708475e+01 5.631510823815305855e+01 4.631545695186857614e+01 5.526063385507148240e+01 6.680777503720867116e+01 8.680059508585888750e+01 1.002716377464652311e+02 9.208855447326578769e+01 9.316791978792333850e+01 7.344063661303175650e+01 6.067016747350988481e+01 7.075787599815753026e+01 5.074878499010731758e+01 7.075787599815753026e+01 7.777192302022726267e+01 5.776763078698547815e+01 4.361643858319054345e+01 4.809551262725200615e+01 4.507449386847255823e+01 5.922527947551240857e+01 7.922891772868533167e+01 8.211586699204268314e+01 6.211850413102988000e+01 4.798038631815243349e+01
1.766589122093755945e-02 2.001766589122058093e+01 2.553377327408975717e+01 2.250433602257138688e+01 2.250433602257245624e+01 4.250433602276476819e+01 4.325152868412661178e+01 6.325152868542893003e+01 6.517393679413964946e+01 6.902675073900915947e+01 7.008379320766404419e+01 7.848465690230925418e+01 6.644767502330546449e+01 4.816810370612260783e+01 5.449810336812382161e+01 6.631475952443756228e+01 7.459329347337148874e+01 8.353417094429441647e+01 9.507367716733898533e+01 9.208855447326578769e+01 7.237957922776854502e+01 7.815220442693684788e+01 7.190027778608357778e+01 5.363112374013893202e+01 6.639153437283646042e+01 4.638255109455431580e+01 6.639153437283634673e+01 7.557678197239928863e+01 7.191189301541565726e+01 5.655203807170156693e+01 3.655336404159257313e+01 4.809551262725132403e+01 6.224523294746420987e+01 8.224785800958534310e+01 8.797432139926945638e+01 6.797559610717252099e+01 6.650744073354512409e+01
6.490672536223988931e-02 2.786561995121320745e+00 5.533773274095089789e+00 8.362200398841256543e+00 2.836220039890438827e+01 2.692159706556635612e+01 4.305024889069366623e+01 4.697303534188138485e+01 4.527775489902565198e+01 4.978311820839363833e+01 4.991676220201470926e+01 7.013189406581456353e+01 7.644510454608203531e+01 6.231081107290862064e+01 7.449466873009599510e+01 8.277109346806929580e+01 8.904488753599653705e+01 8.078816797792829618e+01 8.705599430129153404e+01 9.208855447326578769e+01 7.237957922776854502e+01 5.838187647755568577e+01 5.207783017134049430e+01 4.760919056489916557e+01 5.936058253705822807e+01 4.229747581077736385e+01 6.230721776419351698e+01 5.562662163135566118e+01 5.562662163124160486e+01 5.317164516738515090e+01 3.319766785225326799e+01 5.317164495163219584e+01 6.976176292702643877e+01 7.801965144305192723e+01 8.629078219301419495e+01 8.210797212884311591e+01 7.210919782564535296e+01
