MOVIE_S12_data/elevation_000189.asc
nrows	50
cellsize	150.0
xllcorner	0
ncols	50
yllcorner	0
NODATA_value	-9999
[rows 0 to 16 of 50, columns 0 to 36 of 50]
8.271705653423140625e-02 2.127631151761726416e-02 9.425194436011796739e-02 4.939197167322698090e-02 3.975871534419905817e-02 6.171646774684565184e-02 1.696294146011132625e-02 1.936121709489252440e-02 4.216450047424835645e-02 2.297044857093000214e-02 6.704298068806634203e-02 4.162315340452049650e-02 3.835349583220235004e-02 2.777463300387698203e-02 2.207885817162396139e-02 7.161913568127860341e-02 9.025521335945362045e-02 3.502399586135773735e-02 8.040414306008919487e-02 3.131346976591601466e-02 7.604099264847130613e-02 2.387740603804927586e-02 5.687112022313325910e-02 4.074439634684711570e-02 8.709178300582484655e-02 7.612946965408906586e-02 1.077918208624280109e-02 9.929772718869623455e-03 4.600412614040166881e-02 2.152795518990661267e-02 2.378824418737431057e-02 9.511189423522797837e-02 9.406546861214974686e-02 1.749038473908382007e-03 2.223905489293687143e-03 6.269637160239108220e-02 9.476101746191394060e-02
7.639902522890137937e-02 2.002127631151726206e+01 2.009425194435976181e+01 2.004939197167287190e+01 1.158676409913661409e+01 8.226682277024035983e+00 4.867675442186750523e+00 2.001936121709453786e+01 2.004216450047389131e+01 2.002297044857057529e+01 3.153109979929910711e+00 2.004162315340416356e+01 2.003835349583184566e+01 8.192740442281209567e+00 2.002207885817126964e+01 1.421945942374164851e+01 2.009025521335909659e+01 1.222472768613440230e+00 2.006521235868644837e+01 1.840968387974518805e+01 2.007604099264811737e+01 7.172555152588691918e+00 2.005687112022277674e+01 1.418288002007792237e+01 2.008709178300546938e+01 3.506101172504272778e+00 2.001077918208588713e+01 2.000992977271851458e+01 7.605293586324913591e+00 1.416366357892098193e+01 1.157079362797999167e+01 1.423724751796630272e+01 1.423620109234322584e+01 2.000174903847355168e+01 2.000222390548797335e+01 1.987197268901145897e+00 2.009414934030656497e+01
7.813061968023242432e-02 1.422026624341130763e+01 3.422026624341201284e+01 3.987103534659750892e+01 3.158676409913625704e+01 1.717095418702303533e+01 2.486767544145109810e+01 1.217064287558890179e+01 3.217064287292291169e+01 2.627658521855687468e+01 6.276585217702045583e+00 2.627658521855687468e+01 3.647701168974410990e+01 2.233487606601241282e+01 2.819274044228156484e+01 3.428234463055385106e+01 2.241636418829425281e+01 2.412820214269733476e+00 2.241551013219148913e+01 3.315228701606261552e+01 3.538251919272813950e+01 1.887395352870938225e+01 2.342780765889647654e+01 3.418288002007862758e+01 2.698765429161860041e+01 6.987654291618245139e+00 2.698765429161860041e+01 3.577025939560139278e+01 1.577025939560210333e+01 3.416366357892168537e+01 2.571292925171119492e+01 3.423724751796700616e+01 3.423620109234393283e+01 2.474746063985058697e+01 4.747459506270574892e+00 2.198719734303709927e+01 3.026223200107653000e+01
1.795629399984677299e-03 2.000179562939963063e+01 2.819023367191815410e+01 4.819023367191886109e+01 4.545522543448392838e+01 2.871795957081534567e+01 3.771764483299108406e+01 1.771764483784109601e+01 3.771764483299108406e+01 2.981211912527017205e+01 9.812119123634813533e+00 1.782359060149476804e+01 3.782359060351734570e+01 4.233487606601311626e+01 4.819274044228227183e+01 3.586780351235739062e+01 1.654875132557310025e+01 1.672045527352452510e+01 4.121283083517389478e+00 2.615655107322026041e+01 4.691531006035102536e+01 3.865188653536933572e+01 3.756741935650730113e+01 4.698765429161717577e+01 2.698765429161788987e+01 1.405872210348365847e+01 1.331220961195494823e+01 3.331220961195565167e+01 2.731726477939441367e+01 4.405453064306299638e+01 4.571292925171189836e+01 5.047570110824634781e+01 3.940199444674669138e+01 2.509865288751835521e+01 6.718118062599169882e+00 2.672109982131906847e+01 3.608686430912182885e+01
2.526786264046545702e-02 8.190233671917797054e+00 2.233236929564899853e+01 4.233236929564970552e+01 5.700223081827623872e+01 4.871795957081463513e+01 4.404220014927922477e+01 2.404220015817774225e+01 4.404220014927922477e+01 3.346360284299993992e+01 1.346360284033595178e+01 3.346360284299993992e+01 3.196572622522804608e+01 5.196572623212544073e+01 5.874172402114915315e+01 4.380336449591597159e+01 3.480940530084365747e+01 2.482558938780572788e+01 5.337641764472946804e+00 2.532452057224069364e+01 4.092292382662281369e+01 4.923580420215676412e+01 5.757101529296819820e+01 4.560572748727526005e+01 2.560572748727597059e+01 3.405872210348294971e+01 1.802625481986518352e+01 3.802625481986446943e+01 4.731726477939370312e+01 5.560153602685530672e+01 5.633924860900894060e+01 3.633679124946741723e+01 2.217202554136478909e+01 1.216187261098029815e+01 2.672109982253420668e+01 1.005145139983849489e+01 1.608169553754450476e+01
8.483503398980346555e-02 2.008483503398944947e+01 3.647450491938069916e+01 3.934012123795233151e+01 5.934012141964015541e+01 5.818433587342812530e+01 3.818433578191390154e+01 3.818433578188454192e+01 5.232647019489220241e+01 3.731260463902115987e+01 1.731260463493352475e+01 3.731260463902115987e+01 5.196572623212544073e+01 6.024999809096620851e+01 5.053475308828962653e+01 3.073730592890072799e+01 2.076663839458215932e+01 1.322142591884653307e+01 6.559972077923020173e+00 2.557584527889730097e+01 2.096214131232699884e+01 3.509330015455250873e+01 5.508921796335310717e+01 5.388999873473603230e+01 3.715273287106807487e+01 4.435081014020111922e+01 2.435081014020182977e+01 2.957326020365749741e+01 4.957326020365678687e+01 6.520905680039761876e+01 5.366535127231191638e+01 3.851852452480260069e+01 1.849006645838221630e+01 3.218519545305284169e+01 3.263763572737260432e+01 1.263344031063008366e+01 3.263763572737260432e+01
4.163169627051844027e-03 2.000416316962669683e+01 1.934012122807195766e+01 3.348225685181321865e+01 5.348225691985525287e+01 6.646862042394747050e+01 5.818433586280774961e+01 5.818433563235198136e+01 5.604305513192890231e+01 3.604305493610281275e+01 2.190091931234483980e+01 2.996171527560726489e+01 4.150872065940093592e+01 6.150872068571079865e+01 5.874172402114915315e+01 4.884066705304311284e+01 4.062282094968080060e+01 3.311816196256402378e+01 2.647976969327512720e+01 8.327925116703374542e+00 2.245488281122254293e+01 4.245329836167667992e+01 5.614080469097024206e+01 6.543700411852697130e+01 5.715273287106736433e+01 5.142187795206646683e+01 3.142187795206718093e+01 4.957326020365678687e+01 4.590319182221143990e+01 5.693719196980920572e+01 3.693286851564200646e+01 2.536080243808839896e+01 3.851852452480260069e+01 3.646716905678484011e+01 1.644729135306836554e+01 3.259417211949342175e+01 4.085982127298360922e+01
2.434392073152260791e-02 6.691010587398218412e+00 2.083314621112945275e+01 4.083314621489235208e+01 5.015141643409172190e+01 5.402210649840083079e+01 5.412355004683841742e+01 6.238962889897661768e+01 5.823085096697837315e+01 3.823085093102347543e+01 2.744792127459722764e+01 4.744792128389903496e+01 5.824598795041694643e+01 6.979299431893295491e+01 6.270790980026180250e+01 5.101558729767175038e+01 4.264667762323942668e+01 3.287842623292728206e+01 1.336056926918426946e+01 9.597930421329234463e+00 2.960023556498135378e+01 2.785035032243383668e+01 4.785098068437630303e+01 5.537516333415278069e+01 6.365878972283299220e+01 5.970614919952807753e+01 4.142187795206682921e+01 5.970614919952807753e+01 6.004532744594189353e+01 5.539155252081562963e+01 3.538382835636323875e+01 3.693286851564200646e+01 5.366535127231198743e+01 3.920073145721538310e+01 1.919450420542036539e+01 3.919379488300000247e+01 4.956765207604482981e+01
5.883922493566802470e-02 2.005883922493531202e+01 3.497528207396902644e+01 4.391202522902798933e+01 2.979443782095613713e+01 3.413195758867087903e+01 3.413744613883439882e+01 5.412355006737966079e+01 6.651512512172644165e+01 5.500721074973584734e+01 3.500721073478203493e+01 4.159005689833531960e+01 6.159005693006933058e+01 7.011144676385637808e+01 5.436579844608967704e+01 3.406768576087468858e+01 2.283066556940460501e+01 1.882278676267310402e+01 3.287842623276643650e+01 2.960023555723302024e+01 1.151806186133131504e+01 3.152053437745099274e+01 4.131816828038406442e+01 3.549557028290154648e+01 5.537516333415278069e+01 6.970614919952672039e+01 6.142187795206611867e+01 6.970614919952672039e+01 8.004532744594047244e+01 6.366384815989584922e+01 4.434337452134406732e+01 5.693719196980920572e+01 6.520905680039783192e+01 4.748900769309470604e+01 3.920073126761706561e+01 2.327700760622317233e+01 2.960201987121465450e+01
2.016265153036126551e-02 2.002016265153000774e+01 2.654496824198502480e+01 2.995023861112326458e+01 1.563179419367037859e+01 1.999615199316486525e+01 3.999124083481977010e+01 4.815282587032268680e+01 6.812335766530492265e+01 6.329148409430894162e+01 4.500721073478238310e+01 6.159005693006933058e+01 6.987433124096676806e+01 6.180168476835735447e+01 4.143767139960623069e+01 2.978470092904493072e+01 4.264667762323942668e+01 3.842188965805046763e+01 4.676654706554872831e+01 3.499394604500947281e+01 1.500226181909094691e+01 1.363304248032294552e+01 2.144764570648363389e+01 4.066323313645570181e+01 5.469008942388836658e+01 6.955815613955040533e+01 6.525302957452642261e+01 7.354545031908735098e+01 8.004107024610382837e+01 7.259908991651985843e+01 5.848138416773832660e+01 7.259908991651985843e+01 6.528629267313908713e+01 4.527279785857680139e+01 3.112262324552068904e+01 2.735958564003857418e+01 4.736984247708229390e+01
1.256007409845548775e-02 3.256988496713699721e+00 6.544968242820831783e+00 9.974939945671039254e+00 2.988293834469866184e+01 3.995607784976721177e+01 2.816110695581052425e+01 4.815282598340347420e+01 6.795288725044103728e+01 7.329148524943593657e+01 6.500721076468995818e+01 7.329148524943593657e+01 7.189779038510502573e+01 5.170557915161209195e+01 3.984922054234242239e+01 4.409237704499648913e+01 5.840542698870085303e+01 5.396918772213489746e+01 4.015372542885146601e+01 2.016998634919530886e+01 3.499394591702492363e+01 3.363452791331813785e+01 1.580373574741449261e+01 2.312083297305523999e+01 4.353180847009092247e+01 4.954374103881856684e+01 4.523805070056643984e+01 6.002739279863356359e+01 6.002739279863356359e+01 7.832653431607782579e+01 7.844883898018331081e+01 7.471999762778627030e+01 5.470808739235381069e+01 4.055515309168828253e+01 5.113461477452029413e+01 3.162394499974669060e+01 5.163654262744391588e+01
1.283213977233468341e-02 2.001283213977198017e+01 2.654496824214378492e+01 2.411707556940322306e+01 2.411873983343059535e+01 4.413490481680723576e+01 4.230127728560416500e+01 3.970740775795286481e+01 5.384267314300659280e+01 7.380492664150899884e+01 7.218538324270686246e+01 8.047365779474401393e+01 8.017795002934197157e+01 6.855415329305564853e+01 5.170557915161209195e+01 6.441425116431115327e+01 6.082166502322984769e+01 4.569546515572227463e+01 2.571443843709701582e+01 4.015372542885146601e+01 4.842785868367734281e+01 4.408857140563510058e+01 3.580177226984038441e+01 1.801364680300839183e+01 2.954092081367765132e+01 4.613165807556300280e+01 3.368036766203981358e+01 4.001012251100318196e+01 5.002117233594807999e+01 7.003361326131907560e+01 8.737573797695712585e+01 6.736525548741985858e+01 5.321411135581524121e+01 6.056944019581551686e+01 5.611202390974051468e+01 3.609706315125443155e+01 5.025015272661412524e+01
9.594114293757748102e-02 2.009594114293722100e+01 3.828822147669631448e+01 4.411707557732972163e+01 4.415310621483239117e+01 5.249136012038226795e+01 6.227971421051708489e+01 5.968948182495307719e+01 6.795288725044103728e+01 6.892385215812068111e+01 5.218252735669576481e+01 6.892385215812068111e+01 8.352975654985148424e+01 8.017795003020850686e+01 7.189779038510540943e+01 6.865569121901239669e+01 5.254873910117108693e+01 3.256818378608623021e+01 3.465169816327262708e+01 5.396918772213489746e+01 5.521017406574706854e+01 3.519933235443748742e+01 2.107731685899689467e+01 3.799510739728172126e+01 2.129656657295944910e+01 2.612952945023333129e+01 4.613165807556300280e+01 6.002739279863356359e+01 6.831907761603304152e+01 7.832653431607782579e+01 8.278896808202019031e+01 8.151762392121729306e+01 7.322619011379067899e+01 7.612532796866223350e+01 5.611202390974050758e+01 4.242533297585102048e+01 5.025015272661412524e+01
3.950229235330715398e-03 1.000395022923541788e+01 2.414608585296662113e+01 4.414608585296732457e+01 4.764193511878697507e+01 5.592335276817230749e+01 6.834188845253900979e+01 6.005898875960750871e+01 6.005900025938034759e+01 6.063672901235704416e+01 4.063529922968517383e+01 6.063672901235704416e+01 6.351212277921349880e+01 7.767265945373145541e+01 7.449183414904069878e+01 5.453870940664693023e+01 4.040971664623152293e+01 5.254873910117245828e+01 4.619244858762047556e+01 6.290304941562247620e+01 5.742044342364319220e+01 3.740569447452218554e+01 2.327808429315600947e+01 4.326787871797342433e+01 4.128042930736157246e+01 2.509545400429967543e+01 4.509399357406636710e+01 5.402422317469547153e+01 5.937427324159037312e+01 6.644989738198357543e+01 6.277777503884569654e+01 8.278896808202019031e+01 8.554733121203224755e+01 6.553941279427482414e+01 5.398368450650256989e+01 5.398368450650256989e+01 7.026383282092818661e+01
7.711341127313005306e-02 1.421924903500420534e+01 3.421924903500490700e+01 4.437787158858542114e+01 2.764281504327774996e+01 4.437787158858542114e+01 6.005898867513471373e+01 4.005965329878068104e+01 4.005965330627179100e+01 4.462046428002607712e+01 3.356421765214797404e+01 5.356515569598013116e+01 4.936743239362421320e+01 6.937515196732444167e+01 7.449183414904069878e+01 5.453870940664693023e+01 5.040511665346445369e+01 6.865569122454822093e+01 6.615605232808128733e+01 7.443165864600986481e+01 6.113623011774780736e+01 4.112037348182795427e+01 2.697526044031878811e+01 2.730130648452005104e+01 4.731152921520104115e+01 4.509399357406636710e+01 2.900506372149558487e+01 3.400357617694623968e+01 3.935621888852961803e+01 4.643701014142239814e+01 5.799269779852294704e+01 7.800264685786584096e+01 9.384069632582543363e+01 8.228674570623790885e+01 7.399575412761595317e+01 7.399575412761595317e+01 8.228674570648827569e+01
9.541454368626212448e-03 2.000954145436801923e+01 2.358712379622051003e+01 2.540525334626428133e+01 1.609583432631153599e+01 3.609543775963609136e+01 4.617563690859292080e+01 4.591732208522223146e+01 2.591750668820052894e+01 2.461994147226169360e+01 3.039344428800395903e+01 3.671800109760784636e+01 5.086072709006734982e+01 7.086949333338733936e+01 8.277267304244972479e+01 7.449183414904069878e+01 6.451808509329751473e+01 7.863727967437648658e+01 7.740897532957568217e+01 6.821442705256023942e+01 6.118033432124948234e+01 5.090906596780935445e+01 3.088937808777989602e+01 3.021094560601120094e+01 5.023019274772283893e+01 5.731068727759375747e+01 4.901906145901255485e+01 3.392713082470365293e+01 5.394781259603634282e+01 5.351299336128125361e+01 7.352465462467895918e+01 8.629684659014394299e+01 9.308300624794081557e+01 8.480300844661570636e+01 8.002139213824976594e+01 8.830196278062638271e+01 7.659069776419900677e+01
2.297228869525369793e-03 1.791151610869355038e+00 3.587204631137100641e+00 5.405386449318910991e+00 2.540451760317101559e+01 3.004430535609133202e+01 2.617690904752308256e+01 3.406498071864338328e+01 1.884643877191129846e+01 3.299254162509630106e+01 5.039418905233076629e+01 5.672115903955928928e+01 6.501417708873817958e+01 7.588606493619803928e+01 7.323919624395858818e+01 8.154008912809581489e+01 8.446558481372559868e+01 8.324812424992443027e+01 6.292093761047730993e+01 5.018086239478195409e+01 4.116468936910266052e+01 3.679283172213840203e+01 5.090906596780935445e+01 3.319199117714486391e+01 4.735322068800489603e+01 6.736677420374502390e+01 5.754345524507856169e+01 3.752376424226965668e+01 5.754345524507856169e+01 7.352465462467895918e+01 8.181810105882476591e+01 8.985563861145634235e+01 8.157497474752865685e+01 6.479161187430774760e+01 6.000300609205511648e+01 7.674896209064056052e+01 7.440234019068753923e+01
