MOVIE_S12_data/elevation_000822.asc
nrows	50
cellsize	150.0
xllcorner	0
ncols	50
yllcorner	0
NODATA_value	-9999
[rows 17 to 33 of 50, columns 0 to 36 of 50]
5.436832538903087209e-02 2.005436832255611890e+01 3.838072990681514796e+01 4.017234771791138570e+01 3.567560625155847731e+01 3.567560826712156086e+01 2.510283468129367890e+01 4.510446923959303689e+01 4.591685619918484207e+01 3.485159334572818324e+01 5.486884187123780521e+01 6.519549909980919722e+01 6.936918673837682547e+01 7.396224926693501800e+01 7.983860327539667878e+01 8.153335539956199796e+01 8.985871182167296922e+01 8.673201631132202749e+01 6.673986847201689443e+01 5.260556501039813071e+01 5.780055005627338716e+01 7.193762952856496895e+01 5.890196074563579032e+01 3.890913369822056467e+01 4.586582548319375974e+01 6.259729711590830448e+01 7.352685276789411262e+01 5.938691174681954976e+01 5.419190198609359754e+01 6.573242131415234724e+01 8.572690778816806301e+01 8.418310156620199791e+01 6.456475784888588976e+01 5.326661362214198192e+01 4.444757073468290542e+01 4.606589482189897211e+01 6.505856287061537557e+01
9.647730019007895452e-02 1.009647730019016620e+01 2.423861292407424273e+01 4.423861354954462399e+01 5.568026824837401989e+01 5.339314802226956402e+01 3.924523589105964305e+01 3.924523589111397825e+01 5.924991008055319952e+01 4.899624286222059055e+01 4.639927400960728221e+01 6.055142913425102336e+01 8.065110101774324391e+01 8.212391294753503246e+01 8.106872972423718693e+01 8.106872972423718693e+01 8.935074535911641647e+01 8.673201631132202749e+01 6.673986847201689443e+01 6.414630838850378325e+01 7.779125599433974969e+01 7.382265669160257460e+01 5.383247173370109806e+01 4.228877074457540175e+01 6.228131802499422776e+01 6.585747709652147819e+01 8.585142076347564455e+01 7.938001639016032129e+01 6.313138531502074358e+01 8.246878985352620361e+01 9.401517617512806169e+01 9.040086811990551041e+01 7.073110914708804842e+01 5.689143646409353750e+01 5.692116970747527915e+01 3.719080811496161232e+01 4.546422614698869324e+01
9.953738903938927352e-02 1.424167301277046427e+01 3.424167301277116593e+01 4.531811015733724446e+01 4.698699424451103113e+01 5.527126549197264183e+01 5.924990985473105809e+01 5.924991009651188278e+01 6.754108254452887650e+01 6.904655004518583894e+01 6.055142913425102336e+01 7.480758709012445706e+01 7.627208793069023329e+01 6.213813092495105650e+01 6.108340754835216302e+01 6.108340754835216302e+01 8.106872972423718693e+01 9.501659508931301446e+01 8.673201631132202749e+01 8.413715186771655397e+01 9.242155140432375049e+01 8.210635439648036993e+01 7.056359013458985885e+01 6.228131802500773517e+01 4.763316048993783625e+01 6.176904307247946946e+01 8.175955730466746729e+01 9.141186173574838847e+01 7.726542304001651473e+01 9.141186175035662131e+01 9.094334055357668944e+01 8.276608035166751165e+01 8.467710006089366459e+01 7.649224816592132470e+01 6.507225367211036371e+01 5.122550541668245216e+01 3.143130862121178026e+01
3.582433992925927735e-02 2.003582433992890444e+01 2.732697273900943102e+01 2.531811015733795855e+01 2.698699424451174522e+01 4.098699082297091678e+01 4.701721771452608323e+01 5.408828552639131004e+01 6.237255677385291364e+01 7.391956215764402316e+01 8.065110101774324391e+01 7.781812310964146207e+01 6.627992739192164606e+01 4.800999002801871995e+01 4.695532991347247531e+01 6.108340754835216302e+01 8.106872972423718693e+01 9.143945736428212001e+01 8.319077346793102379e+01 9.143945736428212001e+01 1.017568122906450441e+02 8.175626804712658213e+01 6.762305100459397522e+01 5.762958684555485434e+01 5.317899666805439551e+01 6.176904307247941261e+01 7.330868239735418967e+01 9.330366710743676606e+01 9.726819402779391055e+01 9.667669993624716085e+01 7.700411305872178502e+01 6.318476672865828192e+01 7.038177022630898705e+01 7.601521365269016428e+01 6.808685310939860358e+01 5.938099603524997860e+01 4.602729504909126490e+01
8.338298177320474514e-02 3.675489022308695564e+00 7.326972739009787183e+00 1.117597453360725979e+01 1.543998886071943311e+01 2.098699082297162732e+01 2.701721771452679377e+01 3.408828552639202059e+01 4.563529091018412487e+01 6.563529091018270378e+01 7.011639065396508386e+01 6.953764995471729549e+01 4.955543104820109335e+01 3.801753130109215562e+01 5.800091049003420807e+01 7.521707629369774395e+01 8.313115342566510435e+01 7.736655684317263137e+01 6.322027533190521353e+01 8.146246987696650876e+01 9.526978027498667245e+01 9.590055999052242441e+01 8.590295081106890507e+01 7.176257443637051381e+01 6.024695186849567818e+01 6.731276189499590146e+01 8.730417872062722040e+01 1.015906264892156372e+02 9.307353826997082535e+01 8.325711195546710996e+01 7.509935346457366734e+01 7.038177022630861757e+01 5.080110314198375931e+01 6.808685310940052204e+01 4.857789730498367931e+01 5.353121418651472396e+01 4.550439096940033323e+01
1.813270376062421294e-02 2.001813270376026921e+01 2.732697273900943102e+01 2.531811015733795855e+01 2.958212448445013365e+01 3.176992047927366514e+01 4.701721771452608323e+01 5.408828552639131004e+01 6.237255677385291364e+01 6.426437019715062604e+01 5.013183753598355707e+01 5.578527677446601984e+01 4.750661753001647725e+01 3.354692952379998871e+01 5.353249105955846687e+01 6.696424603539513498e+01 6.320409471228549592e+01 5.735550985971064364e+01 5.320937651437098737e+01 6.735071559179138490e+01 8.206319006615933631e+01 9.011496428529933667e+01 1.000433271856972794e+02 8.779035059084336012e+01 6.780058566322826152e+01 8.730417872062722040e+01 9.559024109476646913e+01 9.881320773668110746e+01 7.912312274250976429e+01 6.530849181398443193e+01 5.554195191831539802e+01 6.345895898811940583e+01 4.380841025019169876e+01 5.467096643359339225e+01 5.174193446671011287e+01 3.458067956160208212e+01 2.565549836826053465e+01
2.351309638313057310e-02 1.416564872011420562e+01 3.416564872011490905e+01 4.531811015733724446e+01 4.958212448444942311e+01 5.176992047927295459e+01 6.005419172673455819e+01 6.058437345289424769e+01 5.472258729941165711e+01 4.644080328843686800e+01 3.599917683802826218e+01 4.185294110973536874e+01 2.751785285243137480e+01 4.460554686132417856e+01 4.700138945899877996e+01 4.699743116485564798e+01 6.316751419319343341e+01 4.320116774580149155e+01 6.223827319970808958e+01 6.643226894340686783e+01 6.294533146617195030e+01 7.996447520866333036e+01 9.209312996489434511e+01 9.607682847409238036e+01 7.933788323667180009e+01 9.607682847410507065e+01 9.920804950121029719e+01 8.937076767217003237e+01 8.119555624242808278e+01 7.381207696314467626e+01 6.464548261290785547e+01 4.501872443287796699e+01 3.838637746114099514e+01 3.491162814428443539e+01 3.196711442393761615e+01 2.908335204249994632e+01 4.548271680602544365e+01
2.372884694381488524e-02 1.002372884694404220e+01 2.416586447508010238e+01 4.416586835498755903e+01 5.416066729512638744e+01 5.877997232067162514e+01 5.472571190244882189e+01 4.058209396011238113e+01 4.317873382645091596e+01 2.644622436516445774e+01 3.677506256384402406e+01 2.186131324645447549e+01 4.126583526613372754e+01 2.461528041598901595e+01 2.700569871464581340e+01 4.696319049402973178e+01 5.314624469647267802e+01 3.785704007851141029e+01 4.222009265632075881e+01 4.680879985528631693e+01 5.215931247813212934e+01 6.373219603346846185e+01 8.378723077219832760e+01 9.951094484186485545e+01 9.933663572130036812e+01 1.076249924544122081e+02 9.100709774267419050e+01 7.138401474218198928e+01 6.166070625904583125e+01 5.428390884850504960e+01 4.919803881491612429e+01 4.438923751013503960e+01 5.810322988676561806e+01 5.467096643359339225e+01 3.592959813283344772e+01 4.892914758859464541e+01 5.710522653118560754e+01
6.296921807001566729e-02 2.006296921806966083e+01 3.830803932891254249e+01 4.830213854002433038e+01 3.416165159079954350e+01 3.877820689594214798e+01 3.877820689594214798e+01 2.643871188817614026e+01 3.229713638047544322e+01 1.489990419890265194e+01 1.678134591400711884e+01 1.901741372994451851e+01 2.128196692805547841e+01 3.983647554542638147e+01 4.700138945495165643e+01 3.054098903282821098e+01 3.314440716903292383e+01 3.773134358886949258e+01 4.405512637299751333e+01 6.405504835791064977e+01 7.220847617068574209e+01 6.218099096747733512e+01 7.114872762107283677e+01 8.533336179635348628e+01 1.053828533071858686e+02 1.092848352028624674e+02 9.920804950121834054e+01 8.766643110481018653e+01 6.807341557974692137e+01 6.807341557974692137e+01 6.876992563714881612e+01 5.424484512454498031e+01 6.370147664784555275e+01 4.404586725131896685e+01 4.737667112613402765e+01 6.383113576873844863e+01 6.116016990350290428e+01
8.175220331382776484e-02 1.422388782477854363e+01 3.422388397588839126e+01 4.001574385444251192e+01 2.001884231159104033e+01 2.737026084402381088e+01 1.877681620796124662e+01 3.020619759284497619e+01 1.229612598754901853e+01 1.489990422959102112e+01 3.490977664430089789e+01 3.900524442204107345e+01 3.500528518954671142e+01 4.810582348731374935e+01 4.960114048767610484e+01 4.516081919421684177e+01 4.729055483298304097e+01 5.181133414581912433e+01 4.928050601245812601e+01 5.406142745651931847e+01 7.404866925930184607e+01 8.223596137389421301e+01 9.054202425085603068e+01 9.951094484186485545e+01 1.028042040028826989e+02 8.873068971386257431e+01 1.031716545948896311e+02 9.585646891109627177e+01 8.766643110481018653e+01 8.766643110481018653e+01 8.195557075430794214e+01 6.805949928275032335e+01 5.649633482327256218e+01 5.287048470726612948e+01 6.701571495430366099e+01 7.518303703326564857e+01 5.755706636036509138e+01
7.631710034972485901e-02 2.007631666947048643e+01 2.273741824622649688e+01 2.407075258698990083e+01 2.529406983505833395e+01 7.369525975546575403e+00 8.776721065007206946e+00 1.020529249357881696e+01 3.020619772067365716e+01 3.490977664429139082e+01 1.867955744348948244e+01 3.870604418570898275e+01 5.018948434930917557e+01 6.096009538069240108e+01 6.758104451973744631e+01 6.588897686272987642e+01 6.734185388778659842e+01 7.093873108386092952e+01 5.822899934464879124e+01 7.404866925930184607e+01 6.671024224099980415e+01 8.082965473623913510e+01 1.007914705106046256e+02 9.898247246931387622e+01 8.763833783392752252e+01 7.351243343070181879e+01 9.321578749114708273e+01 9.860499257218431524e+01 9.032224431952796806e+01 9.860499257218431524e+01 9.585163847494258960e+01 8.429044204469916224e+01 6.779488906398313475e+01 6.417226227407816452e+01 8.064297180059381276e+01 8.538049332006190184e+01 7.719214215966243842e+01
9.124702163186203252e-02 1.412884222542042822e+00 2.737416579607089062e+00 4.070749912940427429e+00 5.413062023368481412e+00 2.541366127955441101e+01 2.877751155195171151e+01 1.652985632561067675e+01 3.651924320247288591e+01 4.700964929069632348e+01 3.283422699202447603e+01 2.264024021257339925e+01 4.268989822791555611e+01 5.541728048393865436e+01 6.964604880577522295e+01 8.278880169416058266e+01 7.649729527984199251e+01 8.370454509338841831e+01 7.820859528327129340e+01 7.454509536868455655e+01 8.667633521175427802e+01 9.494729340026619013e+01 8.940419975534329922e+01 8.201254865742711786e+01 7.409211811900286193e+01 6.363327720449668590e+01 8.480397155776648788e+01 8.861407228575281181e+01 7.034640263286435413e+01 8.861407228575281181e+01 9.057730149683060006e+01 9.567069019027242405e+01 8.744449771197153609e+01 8.379056630952399587e+01 9.200608047201446027e+01 8.109189958708482493e+01 7.285293566683213839e+01
8.187870513261463756e-02 2.008187870513225803e+01 2.273741829137744830e+01 2.407075258699041242e+01 1.173721566713592068e+01 3.156928285438072379e+01 4.358491041305849478e+01 2.360101053634209833e+01 4.358491041305849478e+01 6.118507161120701454e+01 5.100718747718945423e+01 3.159180501756564752e+01 2.700521142801963848e+01 4.118851216210201471e+01 6.012981444187207813e+01 6.430210441362842744e+01 5.657799013099882757e+01 7.607972812422123354e+01 8.931496409603849429e+01 9.450930057591205014e+01 1.027814964331157626e+02 8.817291570715495652e+01 7.684667303734607913e+01 6.495838863499962201e+01 7.275001023638132835e+01 5.642002299016608902e+01 7.735204368822320475e+01 8.033432347619620373e+01 6.039793445409426198e+01 8.033432347619620373e+01 7.061067593286171018e+01 8.473509533563134255e+01 8.589925115719614723e+01 9.417969007385750047e+01 8.688411721837611879e+01 6.704102997205126258e+01 5.307788987945318127e+01
2.239863785106879432e-02 1.416453426158214413e+01 3.416453426158285112e+01 3.975613885937389114e+01 2.324087357685121447e+01 2.579986703851840701e+01 4.549788476400541981e+01 4.358654400930845441e+01 3.774094821407357614e+01 5.769906065831559516e+01 5.998632221889144489e+01 4.317386913559024464e+01 4.708340811646664292e+01 3.165756233058510816e+01 5.177547050374251114e+01 4.391461945852154969e+01 5.033960951023135522e+01 6.051124183285014624e+01 7.496621203559911351e+01 9.532099336032197812e+01 1.022937930824570145e+02 7.916937918571024113e+01 5.974548162643122851e+01 5.623735416028679168e+01 5.881658121759681279e+01 5.084809548486560260e+01 7.117939266077894445e+01 7.368886046882892060e+01 5.383274278771760635e+01 6.522218344152035741e+01 5.657636460879396623e+01 7.477948061235494492e+01 6.595763560206057718e+01 8.265808458236836032e+01 8.035864168152103559e+01 7.006822633048356863e+01 6.034609856238875381e+01
1.991760116496149591e-02 2.001991760116460739e+01 3.984120607635195910e+01 5.115899895205665615e+01 4.294784005977098218e+01 4.549788476400541981e+01 5.371241068022931131e+01 5.764976587682846798e+01 5.769906065831559516e+01 6.593910590410894201e+01 7.158519911126553836e+01 6.327224962756029214e+01 5.059585355784516736e+01 3.516059672668026792e+01 3.698917430531683692e+01 5.725789990240863148e+01 7.072687095947334512e+01 6.474855414115756957e+01 8.515980450241460176e+01 9.449140894745352171e+01 8.621287803057933274e+01 7.416349309396312606e+01 5.916308032565606112e+01 4.745616936000057962e+01 4.403995144700942888e+01 6.363817838640733271e+01 7.946941637887167076e+01 7.670087555815807434e+01 5.681919760770130523e+01 4.556604315390794113e+01 4.683008026055745887e+01 6.293921708378420732e+01 5.455962404483607031e+01 7.438595404836269154e+01 7.213279667004113094e+01 5.301025758172288249e+01 4.169489853717443140e+01
1.766589122093755945e-02 1.156467032153103425e+01 3.156216244960281969e+01 4.331423564795696279e+01 4.582565836857303054e+01 3.754040409191714645e+01 4.131986029572485819e+01 3.764979776606291750e+01 5.764976587682846798e+01 6.841018712524893886e+01 7.669414678893529924e+01 8.018010841338555394e+01 6.800035993970898573e+01 4.978478413141346692e+01 4.706826986411752500e+01 5.130952273679090325e+01 7.161855272975334685e+01 8.515980450241460176e+01 9.353577541524512640e+01 8.621287803057933274e+01 6.627419395228781696e+01 7.211409931088313385e+01 6.550664120438275972e+01 5.927955089172456837e+01 3.983502774043067518e+01 5.927955089172456837e+01 7.819675489624977160e+01 8.497718197652905303e+01 7.348173299536838954e+01 5.848018294414399065e+01 3.908791658850005035e+01 4.338607588102151169e+01 5.712561545689301568e+01 7.697449297765919596e+01 7.424249784814435316e+01 4.973362627564810623e+01 5.670803156704877779e+01
6.490672536223988931e-02 2.006490672536188313e+01 2.604876210095238775e+01 2.331437255557312582e+01 3.246021793201033034e+01 1.754022216483888741e+01 2.131986689493109566e+01 4.131986029572485108e+01 5.208030318438881068e+01 4.841024551826063771e+01 6.365751988550771756e+01 7.194156580190359307e+01 8.056724832162991845e+01 7.213233086690514995e+01 5.881493649792566458e+01 7.161855272975334685e+01 8.000009861366596908e+01 9.022131745362733568e+01 8.193285628448788316e+01 9.022131745362733568e+01 7.211409931088313385e+01 5.229172499138221042e+01 4.584954141207786904e+01 5.599282659722791777e+01 3.668486007274572813e+01 5.021711879895180886e+01 6.489325217670764800e+01 7.317205196119145683e+01 6.851090320608365403e+01 4.884036135409758828e+01 3.534801270511803750e+01 5.460172967293048174e+01 7.118693546386855076e+01 7.846987712015058491e+01 8.259280010292704333e+01 7.205788575458211653e+01 5.913940193654646293e+01
