MOVIE_S12_data/elevation_000848.asc
nrows	50
cellsize	150.0
xllcorner	0
ncols	50
yllcorner	0
NODATA_value	-9999
[rows 0 to 16 of 50, columns 0 to 36 of 50]
8.271705653423140625e-02 2.127631151761726416e-02 9.425194436011796739e-02 4.939197167322698090e-02 3.975871534419905817e-02 6.171646774684565184e-02 1.696294146011132625e-02 1.936121709489252440e-02 4.216450047424835645e-02 2.297044857093000214e-02 6.704298068806634203e-02 4.162315340452049650e-02 3.835349583220235004e-02 2.777463300387698203e-02 2.207885817162396139e-02 7.161913568127860341e-02 9.025521335945362045e-02 3.502399586135773735e-02 8.040414306008919487e-02 3.131346976591601466e-02 7.604099264847130613e-02 2.387740603804927586e-02 5.687112022313325910e-02 4.074439634684711570e-02 8.709178300582484655e-02 7.612946965408906586e-02 1.077918208624280109e-02 9.929772718869623455e-03 4.600412614040166881e-02 2.152795518990661267e-02 2.378824418737431057e-02 9.511189423522797837e-02 9.406546861214974686e-02 1.749038473908382007e-03 2.223905489293687143e-03 6.269637160239108220e-02 9.476101746191394060e-02
7.639902522890137937e-02 2.002127631151726206e+01 2.009425194435976181e+01 1.419152759540430253e+01 2.003975871534384368e+01 2.006171183457286133e+01 5.790465633356343567e+00 5.792863908991174426e+00 2.004216450047389131e+01 2.002297044857057529e+01 1.420917860442690461e+01 2.004162310645011047e+01 2.288529297684245734e+00 2.002777463300352068e+01 2.002207885817126964e+01 2.007161913398897113e+01 1.423239083705252739e+01 2.003502399586100324e+01 6.747070809726784191e+00 2.003131346976556060e+01 1.030501600821326669e+01 2.002387740598172527e+01 1.864332925468832514e+01 2.004074439599073898e+01 1.402995172806973834e+00 2.007612946965373268e+01 1.415291516487708279e+01 2.000992977271851458e+01 6.712670792807039710e+00 6.346083275526638090e+00 2.002378814789268091e+01 2.009511183604507067e+01 2.009406546861179521e+01 1.972407594802496833e+00 2.000222390548893969e+01 2.006269637160203700e+01 2.009476101746155763e+01
7.813061968023242432e-02 1.422026624341105716e+01 3.422026624341034307e+01 3.419152759540500597e+01 3.473473448321813351e+01 1.473473754335542374e+01 2.579046685465427302e+01 2.579286390944403706e+01 1.473713581899041181e+01 3.473713582090791618e+01 3.420917866198300317e+01 2.728851254039522090e+01 7.288529297684223529e+00 5.880635338219729391e+00 2.588059243629567518e+01 3.784660404514784204e+01 3.423239051073957739e+01 3.381813862159302886e+01 1.381813862159232187e+01 3.381813862159302886e+01 2.564191981418186472e+01 3.602269127828308370e+01 3.150593775029704346e+01 2.272149554417920569e+01 2.721756117340908609e+00 2.272149555056794412e+01 3.415299031780829608e+01 3.378372432356880495e+01 1.378373860467245215e+01 1.301274994219324554e+01 3.301275214672213565e+01 3.611459667723875810e+01 1.611454337883064269e+01 2.197230990950206930e+01 4.844240229273461651e+00 2.484426122099971224e+01 3.837311878888449712e+01
1.795629399984677299e-03 1.154880101319239927e+01 2.569093663692309804e+01 4.569093663692238749e+01 4.180580062143902609e+01 2.180580535522077312e+01 4.180580062143902609e+01 4.180820361666781082e+01 2.180820363085601343e+01 4.180820365534971472e+01 4.944584240468061154e+01 3.263373127108305027e+01 1.263375413593206709e+01 2.588059244371844869e+01 9.562933809812991015e+00 2.956285138125557310e+01 4.169526728723787556e+01 4.210240986905642302e+01 2.536514400538504077e+01 4.210240986905629512e+01 4.835691990600042800e+01 3.461944309248902840e+01 1.433304038862085505e+01 4.628680900128260056e+00 1.166546238064798047e+01 2.268558143820507667e+01 4.251204175238092375e+01 4.206756026418288030e+01 2.272801051465507527e+01 2.057203940237765849e+01 4.057204299684656235e+01 4.439950288656774546e+01 3.611451850147179954e+01 2.689619021881726368e+01 6.896196933443778043e+00 2.689619683127319760e+01 4.543607138546485658e+01
2.526786264046545702e-02 2.002526786264010994e+01 3.653407209072788930e+01 4.653407209072771167e+01 5.008985601101197460e+01 3.335281073846942235e+01 5.008985601101197460e+01 5.009247493708357268e+01 3.335520901464893484e+01 5.009248145606723313e+01 4.116174292452642902e+01 2.116178278393412526e+01 3.263373127108305027e+01 3.784658067584817331e+01 2.956285045829310931e+01 1.341193560441046273e+01 2.755407729708004183e+01 4.755582980626974177e+01 4.536514400538574421e+01 5.364941525284993418e+01 5.172767696078257416e+01 3.279660698689122000e+01 2.482738058635170475e+01 5.995851819801956140e+00 2.597952293601508345e+01 2.578867716464372251e+01 4.551899048855653263e+01 5.101162428682874861e+01 3.427501588359941564e+01 3.057203940221456406e+01 4.885647036220939299e+01 5.068299462406936584e+01 3.068276685380779156e+01 1.654063053419922369e+01 8.981341074014544290e+00 1.714630695012102635e+01 3.128857310595954644e+01
8.483503398980346555e-02 8.249800843266992700e+00 1.824980084326681506e+01 3.239193646699726514e+01 5.239193646699655460e+01 5.335279953950831811e+01 6.163670920943852849e+01 6.163948688651946384e+01 5.335520909195418682e+01 5.381078814236308716e+01 3.381089159657470589e+01 3.530391415760885820e+01 4.944584240468068970e+01 5.084744092995127573e+01 3.624017449257579671e+01 1.624036272915660462e+01 2.624036241991599994e+01 4.038244692580606454e+01 6.038053209474318095e+01 5.505120132055566273e+01 4.675915459742959257e+01 3.968660763991524476e+01 2.736998894073391497e+01 7.372705700479672331e+00 2.736998892206467460e+01 4.551900908017449865e+01 5.343542308789874795e+01 6.255817609640562438e+01 5.427495479310753979e+01 4.471417501889581558e+01 5.885655705514479052e+01 5.068280276595731237e+01 3.068276628750409785e+01 3.124588108223189309e+01 1.124589514230371634e+01 3.124588108306046053e+01 3.714670107000075205e+01
4.163169627051844027e-03 1.414629879335812745e+01 3.414629879335883089e+01 4.156822448029979000e+01 4.985249572776140070e+01 5.234939743877843910e+01 5.453719343360193506e+01 6.282146468106353865e+01 7.183675790075628242e+01 6.209478331465521705e+01 4.795300427857149828e+01 5.530379260477808145e+01 5.791801325949828794e+01 4.256464293865121817e+01 2.256491804924033673e+01 2.032284563379516484e+01 4.032252734527645543e+01 5.451997171810742060e+01 5.830363065996606764e+01 3.830806654542750067e+01 2.676138309740566967e+01 1.969170378037263092e+01 2.862763767482284649e+01 8.759447964464532888e+00 2.289934993579124267e+01 4.289372167789811385e+01 5.575761991726484723e+01 6.331209763217071895e+01 7.158678414474506724e+01 6.471419962929795133e+01 7.068311198678799201e+01 5.068280277508475251e+01 4.580069343990940212e+01 3.355538063008219041e+01 1.355529621906219973e+01 2.769678790779460442e+01 4.766824553019380772e+01
2.434392073152260791e-02 2.002434392073116598e+01 2.659124739365768875e+01 2.156822448030050410e+01 3.373512586004848401e+01 3.234939743877914964e+01 3.453719343360264560e+01 4.355248665329639124e+01 5.816131322109463753e+01 6.970831860488574705e+01 6.795272939177904448e+01 6.608206865285862364e+01 4.963556029555942217e+01 2.963598584644168099e+01 4.256464293865121817e+01 2.458685996090565240e+01 3.872895806486933168e+01 5.872738360811568725e+01 6.660225565432398298e+01 5.505120132055572668e+01 4.675249345047026139e+01 3.074599200284590239e+01 1.074946999954519278e+01 2.875542190177201007e+01 3.702426633811589340e+01 4.633232254450882692e+01 3.576469399652631154e+01 4.332482831355015662e+01 5.746027919437353404e+01 7.743963706924560597e+01 6.474564378755763983e+01 5.580098848192269401e+01 3.751599164552141730e+01 1.751588639096896571e+01 3.355538063008305016e+01 2.004415306423540954e+01 3.159115559455403499e+01
5.883922493566802470e-02 3.303267647550912400e+00 6.591247393658044018e+00 1.002121909650819198e+01 1.373512586004919811e+01 1.820726181504869956e+01 2.355248665329709468e+01 2.987704197363374092e+01 4.142404735742584876e+01 6.142404735742513822e+01 7.194089155140069636e+01 5.194298023113091034e+01 3.780095117867053034e+01 4.963556029555942217e+01 4.917440838279325277e+01 2.917517463828178492e+01 4.072217018733353910e+01 6.072038047662845628e+01 6.760981823281483116e+01 4.762537863173913877e+01 4.620299575753907106e+01 2.633348656088017492e+01 1.220034337575954986e+01 3.219545302478925208e+01 3.816900087979182388e+01 2.633622306095006493e+01 4.633286425438845413e+01 6.331209763217071895e+01 7.158678414474506724e+01 7.060339578555590379e+01 5.060237328959534864e+01 3.646016017561443334e+01 2.751588664020410135e+01 2.067816405113740075e+01 4.067828907337044342e+01 3.418626968672185740e+01 2.788879845290723125e+01
2.016265153036126551e-02 2.002016265153000774e+01 2.659124739365768875e+01 3.002121909650783493e+01 2.528213124384150845e+01 2.787726148377990043e+01 4.355248665329638413e+01 4.987704197363302683e+01 4.401917759736419100e+01 6.401917759736276992e+01 7.194089155140069636e+01 5.194298023113091034e+01 4.934792661746303821e+01 6.608206865279558428e+01 5.451915830880607672e+01 3.452039947529654995e+01 5.451915830880608382e+01 6.899841697345713953e+01 6.175830484674748533e+01 4.177132891746443022e+01 2.762986572983050237e+01 1.868734674707117094e+01 3.219569575032213748e+01 1.439531273379714094e+01 1.817361238173112170e+01 3.816926252785108176e+01 5.178477945263824722e+01 5.844854943050179941e+01 6.672350195373266502e+01 7.671360107905404391e+01 6.474564379984279583e+01 5.580098849724931398e+01 4.392274170439210934e+01 2.392259247375270803e+01 4.392274170439210934e+01 5.418539381850480652e+01 3.455546503453100371e+01
1.256007409845548775e-02 8.956831984097535226e+00 2.050383736788984734e+01 4.050383736788913325e+01 3.942426686757195853e+01 4.787726148377918634e+01 4.787726148377919344e+01 6.787726148377777236e+01 6.401917759736276992e+01 7.230344884482408929e+01 8.022115707463213141e+01 7.194089155140069636e+01 6.934629787775354259e+01 7.762691891365560082e+01 6.118520442987782104e+01 4.118706606605522325e+01 5.451625855963414580e+01 7.448810064623359040e+01 6.098575482464514153e+01 4.099248447436428222e+01 2.685052979963521125e+01 3.868398890325575223e+01 3.609814261484479658e+01 1.610361269284042152e+01 3.609802930429449930e+01 2.601589373819680517e+01 3.178915927382231388e+01 3.845724082824721535e+01 4.845733373409195366e+01 6.843976512691160963e+01 6.779523465066272081e+01 4.779450169738360188e+01 3.624748162659223283e+01 2.730320949266683428e+01 4.730338907892410560e+01 6.283642936776656995e+01 4.869752016611913348e+01
1.283213977233468341e-02 2.001283213977198017e+01 3.724110323155842650e+01 4.878810861535074395e+01 5.942426686757124799e+01 5.450260636310758144e+01 6.036071354520812093e+01 5.851305919969103542e+01 6.679683970221044831e+01 6.694382255781823687e+01 7.280174870985938185e+01 6.860698135476586401e+01 7.689154200247804738e+01 7.750934425750124035e+01 5.751643772215496853e+01 5.273402500571492624e+01 6.946178202157972237e+01 7.099924338337898178e+01 5.099141450675124787e+01 3.685093545559974615e+01 4.684837778186560797e+01 5.447493379319909224e+01 4.437603173132148981e+01 3.609816811636992639e+01 1.856443406109654859e+01 3.855858223442407962e+01 5.178477989637060119e+01 5.844854943050179941e+01 6.672350195373266502e+01 7.671360107905404391e+01 7.608066505137368551e+01 6.453288721832556973e+01 5.108307565595729471e+01 3.108285422275942977e+01 5.108307565595729471e+01 6.831270688676399061e+01 6.869547376323642141e+01
9.594114293757748102e-02 1.423807676666865341e+01 3.423807676666935862e+01 4.088148462549546736e+01 4.295540636458360240e+01 3.450239351146532840e+01 4.036030169384453359e+01 3.851307366030324175e+01 5.525040845630257991e+01 4.694379453673025893e+01 5.280166712018601061e+01 4.860695531628351063e+01 6.534440784136029379e+01 7.689154391659181442e+01 7.750934425750124035e+01 7.272973021522477666e+01 8.100222727077867546e+01 7.098403859745354794e+01 5.099116603747872034e+01 5.684694283489690037e+01 5.941086656083004414e+01 4.622742342118883130e+01 2.647859409125833352e+01 2.314936243067367272e+01 2.064847610126903987e+01 4.064262436800030542e+01 3.433518198655622200e+01 4.327997674505835590e+01 5.481943547959702556e+01 7.478377006685286688e+01 7.307073188170394928e+01 5.306969619399180971e+01 3.892749970676437243e+01 4.522501702747099728e+01 4.002712652056089127e+01 5.416933504207879935e+01 7.417045141169489852e+01
3.950229235330715398e-03 2.000395022923497379e+01 3.502363669312829586e+01 2.088148358823123374e+01 2.295538699899393720e+01 2.036025674265675889e+01 4.036023008975787718e+01 2.696606827356464819e+01 4.090855125993432040e+01 3.280165874262064563e+01 4.705995542270203202e+01 3.705994990894939178e+01 4.860695531628351063e+01 6.860698136158733007e+01 7.684765231737661395e+01 8.513617656474534101e+01 9.669407862040011992e+01 7.928958966328539759e+01 7.098403859745354794e+01 6.478475734364279504e+01 5.114908313790450478e+01 3.145282544939529146e+01 4.622742342118883130e+01 4.293738149169391960e+01 4.064262439684313222e+01 2.364493152544001831e+01 4.363915388210117641e+01 6.259344810502921774e+01 7.152572360758881587e+01 8.305135751508646536e+01 7.307073188168801892e+01 5.306969619399180260e+01 4.709246683614305340e+01 6.522568024602429659e+01 5.416933504207879935e+01 5.416933504207879935e+01 7.417045141169489852e+01
7.711341127313005306e-02 2.007711341127277649e+01 2.386751512685862409e+01 6.739347964229652987e+00 8.813251353690485956e+00 2.881319900173769355e+01 3.417270851447828761e+01 1.802179636355992187e+01 2.090854770950809893e+01 2.385738683260609250e+01 2.705994990870788897e+01 4.705995542270160570e+01 6.078768058600304158e+01 6.528323808368355685e+01 5.681749930686061845e+01 6.838311608698107591e+01 8.841042383935081261e+01 8.547295979930488841e+01 7.544232309288247507e+01 5.650506479519235370e+01 3.681458664615094278e+01 5.114908313790450478e+01 5.941086656083004414e+01 5.826284565230780998e+01 4.587394787069096225e+01 2.587992101634772979e+01 4.587390608834572703e+01 5.939509901580926510e+01 7.351701444377503947e+01 8.513330254518999141e+01 8.135632394547585022e+01 7.307073188168790523e+01 5.709249078948523248e+01 7.537847821132733372e+01 7.417045141169489852e+01 7.417045141169489852e+01 8.245607873144908240e+01
9.541454368626212448e-03 1.934042351667381032e+00 3.867515329758712372e+00 2.386750836545083843e+01 2.881325125397469833e+01 1.193672659146258042e+01 1.417279456896235068e+01 1.902350706968909577e+01 2.418748486463240965e+01 4.385738995463984224e+01 4.705995542270203202e+01 3.250326044822624993e+01 5.250326802375774804e+01 4.526155847557854628e+01 5.282416775293891931e+01 6.698748345305538976e+01 8.701594293197766206e+01 7.717521724545629525e+01 5.710203486038511045e+01 4.724505453907451624e+01 4.154105978468415827e+01 6.129078045288196108e+01 6.411621237388071393e+01 4.414681465186888687e+01 3.000508064267711106e+01 4.587394787069096225e+01 3.113201682359517619e+01 4.527399794996071591e+01 5.689431416566974775e+01 7.331778726017206793e+01 8.329960572139667363e+01 8.537941681826275442e+01 7.709366937456351820e+01 8.537941681826275442e+01 8.458339964549908530e+01 8.641901991449020670e+01 8.187223957209927505e+01
2.297228869525369793e-03 2.000229722886917116e+01 2.386751534027458277e+01 1.541452071369029042e+01 3.541452234605205263e+01 3.193673671346252618e+01 2.173208402914632842e+01 3.902348832197756678e+01 4.418748376151010859e+01 3.203213027016091985e+01 5.203212845495350081e+01 5.191131923587366259e+01 3.840098075094787333e+01 5.841585863456996464e+01 6.528323808484580582e+01 6.698748345305538976e+01 8.701594293197766206e+01 8.547295979930488841e+01 7.544232309288247507e+01 6.641825895031574589e+01 4.653969109591866982e+01 6.641825895031574589e+01 6.715559897235215203e+01 4.719597549641216716e+01 3.305559412968052868e+01 5.304201386258469597e+01 5.112441003233427494e+01 3.690770354257783481e+01 4.507498752937848963e+01 5.506847748863550152e+01 6.918247781732551971e+01 8.914173254893320575e+01 8.872688002869057300e+01 7.872132386885219546e+01 6.457133440818395798e+01 6.640750754739390516e+01 8.055639067670131226e+01
