MOVIE_S12_data/elevation_000533.asc
nrows	50
cellsize	150.0
xllcorner	0
ncols	50
yllcorner	0
NODATA_value	-9999
[rows 0 to 16 of 50, columns 0 to 36 of 50]
8.271705653423140625e-02 2.127631151761726416e-02 9.425194436011796739e-02 4.939197167322698090e-02 3.975871534419905817e-02 6.171646774684565184e-02 1.696294146011132625e-02 1.936121709489252440e-02 4.216450047424835645e-02 2.297044857093000214e-02 6.704298068806634203e-02 4.162315340452049650e-02 3.835349583220235004e-02 2.777463300387698203e-02 2.207885817162396139e-02 7.161913568127860341e-02 9.025521335945362045e-02 3.502399586135773735e-02 8.040414306008919487e-02 3.131346976591601466e-02 7.604099264847130613e-02 2.387740603804927586e-02 5.687112022313325910e-02 4.074439634684711570e-02 8.709178300582484655e-02 7.612946965408906586e-02 1.077918208624280109e-02 9.929772718869623455e-03 4.600412614040166881e-02 2.152795518990661267e-02 2.378824418737431057e-02 9.511189423522797837e-02 9.406546861214974686e-02 1.749038473908382007e-03 2.223905489293687143e-03 6.269637160239108220e-02 9.476101746191394060e-02
7.639902522890137937e-02 2.002127631151726206e+01 2.009425194435976181e+01 1.419152759540430253e+01 2.003975871534384368e+01 6.386271788083631051e+00 2.001696294145975585e+01 1.416149684082571802e+01 2.004216450047389131e+01 2.000623312156962896e+01 2.567042980688071463e+00 2.004162315340416356e+01 2.003835349583184566e+01 1.002777364272887795e+01 2.002207885817126964e+01 2.007161913568092260e+01 3.571808332473418002e+00 2.003502399586100324e+01 2.008040414305973442e+01 7.590602929950427402e+00 2.007604099264811737e+01 1.416601302976912535e+01 2.005687112011178286e+01 2.004074436975004758e+01 2.008709021621766411e+01 1.369821924360389742e+00 1.155763359594939210e+01 2.000039167148624841e+01 2.004600412614004767e+01 5.366752793438417157e+00 2.002378824418702052e+01 1.164211727802764251e+01 2.009406546859117881e+01 2.197034238267746797e+00 1.976076527248095616e+01 9.005488778969350960e+00 2.009476101746155763e+01
7.813061968023242432e-02 1.007813061968031931e+01 3.007813061968067458e+01 3.419152759540500597e+01 3.455123759736024880e+01 1.455123759736096289e+01 2.271620340663786308e+01 3.416149684082500926e+01 3.663788809398265300e+01 1.663383928192431327e+01 5.086806134082930697e+00 2.508689671224681561e+01 3.714747072972497222e+01 2.416971273989646107e+01 3.829977802469424120e+01 2.710734223840652746e+01 7.107342238406170409e+00 2.710734223840652746e+01 3.587487417741132134e+01 1.759060292995025065e+01 3.587487417741132134e+01 3.416601302990790145e+01 3.335920801956019943e+01 2.321475831959731551e+01 3.214884340418156405e+00 1.551195410003361808e+01 2.961840526220566971e+01 3.152693154339756632e+01 3.091375475569111231e+01 1.091375475569075704e+01 3.091375475569040177e+01 2.578425290175834306e+01 2.441986604686094608e+01 4.405664759765664407e+00 2.437601104276348352e+01 2.051594300415737493e+01 3.697106013214119002e+01
1.795629399984677299e-03 2.000179562939963063e+01 3.007813061968067458e+01 5.007813061968138157e+01 4.283550884482185950e+01 2.609824298115327323e+01 4.271620340663714899e+01 5.100047465409875969e+01 4.493550894238910587e+01 3.332454915877812596e+01 2.506902955865545124e+01 8.866450864175234869e+00 2.887443764604704910e+01 4.416328576068551826e+01 4.496338462567914718e+01 2.496338462567844374e+01 1.082124900194724049e+01 2.496338462567844374e+01 4.496338462567914718e+01 3.173273855368094942e+01 4.587487417741114371e+01 3.875705535688199177e+01 2.049369879041043419e+01 5.075852761215090325e+00 2.321481523337524422e+01 3.149886509616854369e+01 4.379624950516512882e+01 5.137852224331682294e+01 3.723831007602833409e+01 1.723831007602762710e+01 3.723831007602833409e+01 4.578425290175763251e+01 2.667276562629503189e+01 6.655840561634933650e+00 2.667276562628196857e+01 3.969779420669706127e+01 4.785901823852318415e+01
2.526786264046545702e-02 2.002526786264010994e+01 3.188856461744089899e+01 3.895963242930589132e+01 4.724390367676750202e+01 4.609824298115255914e+01 5.438251422861416984e+01 5.829004178303441108e+01 4.936233544521589067e+01 3.294472534514891748e+01 1.294893376881374358e+01 2.886734230919203625e+01 2.301151342448114079e+01 4.311462663980825027e+01 4.904586753031781399e+01 2.904586753031710700e+01 1.490373190658590552e+01 2.645073729037862620e+01 4.645073729037932964e+01 5.173273855368023533e+01 5.111521822168919016e+01 3.781989064521952315e+01 9.444311514785868056e+00 6.434336344208342773e+00 2.641059114240361794e+01 3.491879943488096671e+01 3.627310985366071350e+01 5.776606262163774375e+01 4.552258132349052744e+01 2.618258198602694264e+01 4.552258132349052744e+01 4.054249297206694536e+01 2.049852486872925539e+01 8.949997900543950280e+00 1.711579826962901762e+01 3.139994453930877327e+01 5.236740202093014318e+01
8.483503398980346555e-02 5.858337725886036296e+00 1.188856461744125603e+01 1.895963242930660542e+01 3.050663781309891576e+01 5.050663781309820166e+01 6.157734442703847577e+01 4.160462634453810438e+01 3.005815542177575139e+01 2.111389904635887760e+01 1.637890547166328759e+01 3.637336867753915470e+01 4.309158922798846447e+01 5.159331863737676116e+01 5.116478249828973190e+01 3.116478249828902491e+01 1.961777711449630601e+01 3.961777711449700945e+01 5.473500853786321585e+01 5.443826526471556804e+01 3.428520608213585774e+01 2.220512917422923849e+01 1.436016213674300879e+01 2.641059114297186383e+01 8.399316106199529841e+00 1.641906038623083219e+01 3.512079989784133716e+01 4.503944664868767944e+01 5.446685323348984298e+01 4.032471760975839459e+01 5.446685323348984298e+01 4.888215622604362665e+01 3.143475055884807290e+01 1.141182772264816947e+01 3.143475055884807290e+01 3.350853929934637421e+01 5.375526823513082064e+01
4.163169627051844027e-03 2.000416316962669683e+01 3.188856461744089899e+01 3.895963242930589132e+01 4.724390367676750202e+01 5.879090906055981236e+01 6.980127566486810053e+01 5.523486970984644273e+01 3.525534748182715816e+01 4.110571093925564412e+01 2.532316938767202430e+01 2.182221600883249124e+01 3.596275020279339429e+01 5.591150173558224878e+01 5.944905374585859903e+01 4.790204836198112304e+01 3.961777711449700945e+01 2.814580576872087647e+01 4.814580576872157991e+01 6.272620907095025444e+01 4.465246898454766722e+01 2.468420085287479893e+01 3.397898070512529500e+01 3.665018497003528353e+01 2.836865345745812661e+01 1.038972069071732207e+01 1.701519063859496939e+01 3.101391945496573044e+01 5.084445878328091339e+01 6.032471760975909802e+01 5.976007827207337186e+01 3.964597728122771514e+01 2.548106994586922980e+01 1.393159089649888749e+01 3.395781838211206605e+01 4.961642854596627217e+01 6.218674849849944053e+01
2.434392073152260791e-02 8.189309730008854871e+00 1.818930973000903251e+01 3.233144535374048445e+01 5.233144535374118789e+01 6.234258477725210668e+01 7.062685602471530899e+01 6.346932344191257869e+01 5.523486970984644273e+01 4.164625573171084483e+01 4.530246010302494852e+01 2.641059982212357937e+01 3.438573629694752753e+01 4.820263482237258756e+01 6.732253160684575732e+01 5.883625544521893147e+01 3.883625544521822803e+01 4.814580576872157991e+01 5.643007701621704797e+01 6.098191175228090799e+01 4.098251046981718559e+01 3.879479446398347164e+01 4.655272309073462367e+01 2.655622750950612598e+01 1.243530024244968857e+01 3.035803576044628116e+01 3.682158495571387391e+01 3.101389086167996112e+01 5.084101563123353884e+01 6.459071227203000376e+01 4.445280224586911544e+01 3.288157554444408248e+01 2.393271887819789967e+01 1.731220852944628419e+01 2.123472210053580511e+01 3.539027494162335330e+01 5.548463559600938311e+01
5.883922493566802470e-02 2.005883922493531202e+01 3.647358097747175520e+01 4.647358097747193284e+01 4.601265315869701311e+01 4.234258477725140324e+01 5.526449385162404582e+01 6.354876509908624627e+01 6.973580505535610996e+01 6.157070395070638824e+01 5.126634957133413906e+01 3.112532378133179023e+01 5.110297934544454534e+01 5.309668088574647982e+01 7.070353388890949020e+01 6.712052669273145966e+01 5.038326082901114944e+01 6.712052669273145966e+01 7.454050419384128645e+01 6.626248487467449877e+01 6.098191175228090799e+01 5.879414625606115408e+01 4.801891709130136832e+01 2.802099884922169082e+01 1.389520024112854379e+01 2.802100062234593025e+01 4.801917295308260947e+01 5.084100828766377589e+01 5.905360808276765283e+01 7.295693943810270810e+01 6.132017415805488980e+01 4.398291543945789783e+01 4.078027540804824014e+01 2.074218476196423211e+01 4.078027547395231522e+01 2.976466712460936392e+01 4.132838041033985377e+01
2.016265153036126551e-02 1.416229827526143659e+01 3.416229827526213825e+01 4.535265249615989092e+01 2.601265315869630612e+01 4.261538321095008541e+01 3.526449385162334238e+01 4.940662947535479077e+01 6.940662947535621186e+01 6.559876188444867751e+01 4.533030757221354179e+01 5.126680039609752271e+01 4.010005115231782469e+01 5.193984880091943523e+01 7.271688589505966149e+01 7.866753207655978031e+01 7.038326082901257053e+01 6.801255717127280320e+01 5.974233473381973170e+01 4.635141819160783427e+01 5.125160588523154104e+01 5.789379113162360113e+01 4.678406900040460670e+01 3.536377919418192306e+01 1.537750604331606574e+01 2.950616446917367242e+01 4.950531210645468150e+01 5.013077335608958407e+01 6.424579565713825957e+01 8.423333879566875737e+01 7.247218555079059854e+01 5.598130311314704954e+01 3.588849674154781866e+01 2.433431469915454315e+01 4.438071594572917888e+01 4.983290028545023631e+01 4.132838041033985377e+01
1.256007409845548775e-02 2.001256007409810067e+01 2.702991916481940748e+01 3.074382592836047579e+01 1.706838124869699058e+01 2.261538321094937842e+01 3.155965512094869396e+01 4.310666050474161892e+01 6.310666050474232236e+01 7.408439396232212459e+01 6.559876188444867751e+01 6.900792427577829358e+01 5.022391818739959035e+01 6.897937776929720144e+01 8.153048585343509558e+01 8.279787415231261605e+01 7.450895372738447975e+01 5.974233473381973170e+01 3.984029645995428126e+01 3.488169432125222613e+01 3.136961463824449226e+01 4.622741994243211394e+01 3.783799728172122201e+01 1.929268799052956851e+01 1.716316629506652092e+01 3.548241977457799123e+01 3.383625621680484841e+01 5.077128283536237774e+01 5.739639448712789260e+01 6.566771263458655028e+01 7.563176687873779258e+01 6.434191446441776918e+01 4.831433306674765049e+01 2.825674608630471241e+01 4.831433306674765049e+01 6.673001323498431248e+01 5.553734390600354942e+01
1.283213977233468341e-02 3.494385258886298917e+00 7.029919164819051325e+00 1.074382592836012051e+01 2.229083131215283942e+01 4.229083131215354285e+01 5.089965445841227876e+01 5.984392636841159430e+01 7.139093175220551757e+01 7.953341024007501403e+01 8.267711122917377509e+01 7.928123833579907398e+01 7.079351697119454911e+01 7.928123833579907398e+01 8.863286185636715686e+01 6.865863942664816477e+01 5.459643730765687053e+01 4.795926806819278454e+01 4.334857907448088099e+01 5.476682516535341705e+01 4.648636282984055157e+01 2.660741042399461875e+01 2.336834380052120252e+01 3.897688615977000381e+01 3.714895972112259415e+01 1.971932233492197994e+01 3.735751172641111140e+01 3.087481731560400888e+01 3.752153537627885527e+01 4.744916558213808599e+01 6.734362339211753579e+01 7.193378805434100798e+01 5.349812177641481270e+01 3.342140060234191168e+01 3.826314442117416803e+01 5.836552171232109032e+01 7.572540629881423513e+01
9.594114293757748102e-02 2.009594114293722100e+01 2.702991916481940748e+01 2.229083131215243085e+01 3.902809717582101712e+01 5.057510255961574330e+01 6.470102094534939852e+01 7.292514376761610606e+01 7.371110200887417818e+01 5.951800397534744747e+01 6.266254731744480466e+01 7.683865271794033447e+01 7.723450240908530873e+01 8.556044815130556458e+01 9.082672236612867778e+01 7.084161891327222804e+01 7.450895372738447975e+01 6.202965377547845804e+01 4.963928080082966687e+01 6.955159934716448333e+01 5.154918693201036461e+01 3.161609169011515519e+01 4.393247726208419834e+01 5.184181282525550216e+01 4.798421063546571474e+01 3.970462382502945076e+01 2.236252193694415169e+01 4.235680183628038264e+01 5.739639448712789260e+01 6.566771263458655028e+01 7.563176687873779258e+01 6.356302385799676813e+01 4.343323184208878729e+01 4.237415802105827112e+01 5.836552171232109032e+01 5.245581905098440956e+01 7.263280602691250465e+01
3.950229235330715398e-03 1.414608585296640619e+01 3.414608585296711141e+01 4.229083131215171676e+01 5.057510255961332746e+01 5.059333342528392308e+01 4.474973792075114432e+01 6.470102094534939852e+01 6.381695149026765534e+01 4.572621830572560953e+01 4.858579280460104144e+01 6.684975830162247235e+01 5.726504586049962597e+01 7.400889853809667329e+01 8.509064490032166361e+01 9.082672236612867778e+01 9.027180970777328639e+01 7.659327347812833864e+01 5.667623464891691043e+01 7.659327347812833864e+01 6.094983104238258420e+01 4.266762570340741689e+01 6.088544758577575777e+01 6.249531138684824327e+01 4.819717568302107225e+01 2.825103663958401867e+01 2.462200139970470048e+01 4.462127654154908640e+01 4.862233442585408483e+01 6.016844003446118450e+01 8.014133062325309709e+01 7.193378805434100798e+01 5.346858084923327681e+01 5.396399263824794446e+01 7.086753023399202789e+01 7.263280602691250465e+01 8.100420741898402355e+01
7.711341127313005306e-02 2.007214627305902610e+01 3.964167962976951998e+01 4.800839119896946983e+01 3.991270017656734836e+01 3.061169828004200966e+01 5.059333342528392308e+01 5.184512646228004940e+01 4.635071026717751863e+01 3.611872378907524705e+01 3.861589222369754992e+01 5.855523508464987970e+01 4.578906358444217517e+01 5.679839504604517941e+01 7.348990853205724250e+01 8.179261192061515828e+01 9.659423647577554561e+01 7.659270890935260923e+01 7.073937571821774384e+01 8.488204566893078606e+01 7.659674939584589026e+01 6.617020046201278660e+01 6.108522522703803759e+01 5.428172236351129953e+01 3.441305886669560010e+01 4.691583953409215013e+01 2.691227633763142535e+01 3.447270962379114678e+01 4.862233442585408483e+01 6.860997686531914042e+01 8.840906889614565500e+01 8.203338627299611119e+01 6.772896888992784170e+01 7.415471852537710618e+01 8.252924614464586739e+01 8.218664042308634521e+01 7.388024454102139771e+01
9.541454368626212448e-03 1.155637939125253233e+01 3.143723793737163419e+01 3.137732535468730433e+01 1.992135354407695758e+01 3.991270017656734836e+01 3.341458059581905360e+01 3.476572905621171827e+01 2.486467563468567832e+01 3.877150752017211488e+01 3.103498905239075967e+01 4.740151078956367314e+01 3.686459330669555357e+01 5.679839504604517941e+01 5.355779627138751664e+01 7.086860573729221358e+01 7.914271340263044863e+01 9.057147118176601452e+01 9.072583284284968386e+01 9.207020178573320379e+01 7.922337843538197433e+01 5.999938922708902567e+01 4.604044134062372962e+01 4.105059670808189765e+01 5.128146853811353623e+01 3.127564766731060075e+01 4.691584164217342590e+01 3.268562801120258854e+01 5.269085120344999496e+01 6.713665691413270054e+01 7.607293150969157125e+01 8.760177645510037792e+01 8.797038823229425475e+01 8.440261456088627767e+01 7.609369427318407020e+01 6.903614878885215944e+01 5.390785607785365841e+01
2.297228869525369793e-03 1.992741084518525341e+01 2.378770138258956379e+01 1.139332390341199641e+01 2.795887075463254234e+01 3.010348244090761227e+01 1.340915566989019325e+01 1.578271898627562209e+01 1.820837158099140751e+01 2.098485976371526363e+01 2.412040003790053078e+01 2.738932644898739355e+01 3.228369651802331930e+01 3.730940747731050067e+01 4.395853421264845906e+01 5.097412174665473827e+01 6.243489827586098784e+01 8.235317348933624260e+01 9.778266461711476154e+01 7.823622146881109529e+01 6.439520152951534726e+01 5.453013238970283538e+01 6.580391024295977331e+01 6.080951476512527876e+01 5.444457160657911032e+01 3.443936152293684927e+01 5.444457160657911032e+01 5.269085120344999496e+01 3.886196570937540429e+01 4.781394999102549548e+01 5.936198901518385185e+01 7.933284438645219439e+01 8.764056869712877074e+01 6.764077301006776111e+01 5.613193148918782072e+01 4.908139525754016574e+01 4.276823592665989793e+01
