MOVIE_S12_data/elevation_000522.asc
nrows	50
cellsize	150.0
xllcorner	0
ncols	50
yllcorner	0
NODATA_value	-9999
[rows 0 to 16 of 50, columns 0 to 36 of 50]
8.271705653423140625e-02 2.127631151761726416e-02 9.425194436011796739e-02 4.939197167322698090e-02 3.975871534419905817e-02 6.171646774684565184e-02 1.696294146011132625e-02 1.936121709489252440e-02 4.216450047424835645e-02 2.297044857093000214e-02 6.704298068806634203e-02 4.162315340452049650e-02 3.835349583220235004e-02 2.777463300387698203e-02 2.207885817162396139e-02 7.161913568127860341e-02 9.025521335945362045e-02 3.502399586135773735e-02 8.040414306008919487e-02 3.131346976591601466e-02 7.604099264847130613e-02 2.387740603804927586e-02 5.687112022313325910e-02 4.074439634684711570e-02 8.709178300582484655e-02 7.612946965408906586e-02 1.077918208624280109e-02 9.929772718869623455e-03 4.600412614040166881e-02 2.152795518990661267e-02 2.378824418737431057e-02 9.511189423522797837e-02 9.406546861214974686e-02 1.749038473908382007e-03 2.223905489293687143e-03 6.269637160239108220e-02 9.476101746191394060e-02
7.639902522890137937e-02 2.002127631151726206e+01 2.009425194435976181e+01 1.419152759540430253e+01 2.003975871534384368e+01 6.386271788083631051e+00 2.001696294145975585e+01 1.416149684082571802e+01 1.418430012422099828e+01 2.002297040537423811e+01 2.607045520691881446e+00 2.004162315340416356e+01 2.003835349583184566e+01 8.972046543003113328e+00 2.002207885817126964e+01 2.007161913568092260e+01 3.625789119292183837e+00 2.003502399586100324e+01 2.008040414305973442e+01 7.102381281631674703e+00 2.007588388082161401e+01 1.496885485546298611e+01 1.838268229700511114e+01 1.331738845082653944e+00 2.008709114487017544e+01 1.421726252859333428e+01 2.001075520125914409e+01 1.000995166006081760e+01 2.004600412614004767e+01 5.574067355703805404e+00 2.002378824418702052e+01 2.009511189423487210e+01 2.009406546861179521e+01 2.158403729572800689e+00 1.894926426190097146e+01 2.006269637160203700e+01 1.164170421242008580e+01
7.813061968023242432e-02 1.007813061968014523e+01 3.007813061967978996e+01 3.419152759540500597e+01 3.455123759615209167e+01 1.455123759736096289e+01 2.271620340652668446e+01 3.416149683946908056e+01 3.418430022889211273e+01 2.516778311944980118e+01 5.167783119349811827e+00 2.516778311944980118e+01 3.725631779046400993e+01 2.311418216673431658e+01 3.725631779046601366e+01 2.721789515982731089e+01 7.217895159827667051e+00 2.721789515982731089e+01 3.538724276899603183e+01 1.604665319214137043e+01 3.538535454564270566e+01 3.625267988190523027e+01 2.257385737372237955e+01 2.625431299788958395e+00 2.264859202319808418e+01 3.418069660207346772e+01 3.832762076295906439e+01 2.415400260727246717e+01 3.161307754974420092e+01 1.137717038896176724e+01 3.161307754974420092e+01 3.845729332445412751e+01 1.846310576723052677e+01 4.327699582356840935e+00 2.431926771842559631e+01 3.776108241462679871e+01 3.118237822859310171e+01
1.795629399984677299e-03 2.000179562939963063e+01 3.007813061967978996e+01 5.007813061967907942e+01 4.283550851102820900e+01 2.609824298115327323e+01 4.271620335663250501e+01 5.100046982599817369e+01 4.193604743676773694e+01 2.193604740027796751e+01 7.793911776544274694e+00 1.779391177654445144e+01 3.779391177687693215e+01 4.311418216673502002e+01 4.254454527371150618e+01 2.254454527371221673e+01 1.099753988991990639e+01 3.099753988991955111e+01 4.433178765013314404e+01 3.018879094491726534e+01 4.433178765013652622e+01 3.814042459934750440e+01 1.807631979862434335e+01 3.927320409597199191e+00 2.385599598008246858e+01 3.989196019431607709e+01 4.840948026474064392e+01 4.418760920373694745e+01 3.856565374321255746e+01 1.814428231989818485e+01 3.856565374321255746e+01 3.807704607301149480e+01 1.808756062678669352e+01 6.549869104380298346e+00 2.083444553763975904e+01 4.179682003539014801e+01 4.911363525106838068e+01
2.526786264046545702e-02 2.002526786264010994e+01 3.188856461742950188e+01 3.895963242927948755e+01 4.724390364513919849e+01 4.609824297861997167e+01 5.438251392215841662e+01 5.520867490738206129e+01 4.692440356367225007e+01 3.059447194479380983e+01 1.059447194460031838e+01 3.059447194479380983e+01 3.779391177687693215e+01 5.779391178313669997e+01 5.082881652117310978e+01 3.516782817106065551e+01 1.516782817106136605e+01 2.930996379479256930e+01 4.930996379479327629e+01 5.018901427917882785e+01 5.014857294331931570e+01 3.945098792627597106e+01 1.939002456256219276e+01 5.240384738194430625e+00 2.490048974715985963e+01 1.983626993860629639e+01 3.403775542468903126e+01 5.431271543819833880e+01 4.692385114075663211e+01 2.859900038381129050e+01 4.692385114075332808e+01 4.636295890535585329e+01 2.883754597018100085e+01 8.859048954046908619e+00 2.883754596957535554e+01 4.684159958976358240e+01 5.673675829823953620e+01
8.483503398980346555e-02 5.858337725886036296e+00 1.188856461744125603e+01 1.895963242930660542e+01 3.050663781309891576e+01 5.050663781298251820e+01 5.847140894821488644e+01 3.847140894694805269e+01 2.692440356315512773e+01 1.875943775387772305e+01 1.392780527793368073e+01 3.392780527816584168e+01 4.580512819198872876e+01 5.703434066470103403e+01 5.149775978961488931e+01 3.149775978961559986e+01 2.071483013331355849e+01 3.149775978961559986e+01 5.149775978961488931e+01 5.342749250971108665e+01 3.331588800523307015e+01 2.174697491608603173e+01 1.279985258869558962e+01 2.526670803615695604e+01 7.178391070640489424e+00 2.132936816820736681e+01 4.140266989140049247e+01 6.075862480420986600e+01 5.810794735780599751e+01 4.964514086399138648e+01 5.757459595338757197e+01 4.704156406073759911e+01 3.118748142800811607e+01 1.121540668805399932e+01 1.876184373458620769e+01 2.873583741129397851e+01 4.857500759111355393e+01
4.163169627051844027e-03 2.000416316962669683e+01 3.188856461742950188e+01 3.895963242927948755e+01 4.724390364513919849e+01 5.879090895034017450e+01 6.675568039657899533e+01 5.290157337863659848e+01 3.290157337760917500e+01 3.875943775417882620e+01 2.287207718793299449e+01 1.918006259232267752e+01 2.415372215307729675e+01 4.807940585403643752e+01 5.978203103707649291e+01 4.703938545364949420e+01 2.703938545365020474e+01 4.071483013331285150e+01 5.978203103707649291e+01 6.171059453864577193e+01 4.357065639297017157e+01 2.349611700965991190e+01 3.284221127263388240e+01 2.860724674086483788e+01 8.575251662179702805e+00 2.860723445065149306e+01 3.231443737175684561e+01 4.652444732198496524e+01 6.667320361405870699e+01 6.552933561715143185e+01 5.116613430612905233e+01 3.270329557010359878e+01 1.933985949268187454e+01 1.401385870711760084e+01 3.401396926783251473e+01 4.684160017946776833e+01 5.675685764067507932e+01
2.434392073152260791e-02 8.189309730008854871e+00 1.818930973000903251e+01 3.233144535374048445e+01 5.233144535374118789e+01 6.792663260374031609e+01 7.621090381266270697e+01 6.118584473968234505e+01 5.290157337863659848e+01 3.920200880649398556e+01 4.287207718835306025e+01 3.918006259263756874e+01 2.496806462128780169e+01 3.652506917665918706e+01 5.660217887257996239e+01 5.411045326551472101e+01 3.411045326551543155e+01 5.411045326551472101e+01 6.899910138077274269e+01 6.000945049113897767e+01 3.988048973262331032e+01 3.767918598402501829e+01 4.433030000894986955e+01 2.414336120294569099e+01 9.982446751640495108e+00 1.814803583507969975e+01 3.820495528310313205e+01 4.843801378186643802e+01 6.851921844613778489e+01 5.800793609526227357e+01 3.904650304987465859e+01 2.922199719183414146e+01 3.736006721527098051e+01 1.743814638064321443e+01 2.130043875147291033e+01 3.543127342034180316e+01 5.557673320206239254e+01
5.883922493566802470e-02 2.005883922493531202e+01 3.647358097746975147e+01 4.647358097747193284e+01 5.159670098535847416e+01 4.792663260395164571e+01 5.644989223858917882e+01 6.473416350806296293e+01 6.748628029782251758e+01 5.920200880874772764e+01 5.575187723948013030e+01 3.568262476469389810e+01 3.072970527902842974e+01 5.082559391491660250e+01 6.489241521515027955e+01 6.239472451297632460e+01 4.565745864930753584e+01 6.239472451297632460e+01 6.940424118830023303e+01 6.110171333969258001e+01 6.000922859923991126e+01 5.780413273891689840e+01 4.356603329735441577e+01 3.128923977828462455e+01 1.142207825313871439e+01 3.145934860239294295e+01 2.815896074932634008e+01 4.830392194244971904e+01 5.856428166200607421e+01 6.552933561715143185e+01 5.616624072366762022e+01 4.302814208857106593e+01 4.054657554422118437e+01 2.096442760605443922e+01 4.102843263539981677e+01 2.944552466160971349e+01 4.099446950279224922e+01
2.016265153036126551e-02 1.416229827526143659e+01 3.416229827526213825e+01 4.524755931530581421e+01 3.159670098539770322e+01 4.380078159788060788e+01 3.644989223853446703e+01 5.059202786226591542e+01 7.059202786245248262e+01 6.990776798808354897e+01 4.988831530393678548e+01 5.575187723948013030e+01 3.896307579861036885e+01 4.495884431221235644e+01 6.498918037281198679e+01 7.394172989676742702e+01 6.565745864930612186e+01 6.946072330486684621e+01 5.780037470498818664e+01 4.095330637467261425e+01 4.597470597394174519e+01 4.262756892551280430e+01 3.542926997981714266e+01 1.538266932377787555e+01 3.145938078050801323e+01 1.382979531537555218e+01 3.027378152058859229e+01 3.032050958317019962e+01 4.430982351394470697e+01 6.442388910118850731e+01 6.930433935876415319e+01 5.370890509377075261e+01 3.360294595879578594e+01 2.503383801326922864e+01 4.530816143519533767e+01 4.360795828544121377e+01 4.099446950279224922e+01
1.256007409845548775e-02 2.001256007409810067e+01 2.725642189700378637e+01 2.524755931533708875e+01 2.265242907539870387e+01 2.380078159786050662e+01 3.274505350785997848e+01 4.429205889165289989e+01 6.429205889173893240e+01 7.819274408183923697e+01 6.990776798808354897e+01 6.729562886921034703e+01 4.900391874649143631e+01 6.498918037281198679e+01 7.327460628406764442e+01 7.674350686883268224e+01 6.839975900637625728e+01 6.111323505031487002e+01 4.095333658826291412e+01 2.937379211640344678e+01 2.589183161143315459e+01 2.255837435549115710e+01 1.950836915895900248e+01 3.542926557645296981e+01 4.220503066771956924e+01 3.387220268221086172e+01 1.631049054807328247e+01 3.636343835033446936e+01 5.161249969081963229e+01 5.995482974490934680e+01 7.013731295992421622e+01 5.001550892566465478e+01 4.959042365501966287e+01 2.928508652569303550e+01 4.965478949051990298e+01 6.383396646843731048e+01 5.523664981671667817e+01
1.283213977233468341e-02 3.604938180307825313e+00 7.256421897008917377e+00 1.110542369160638998e+01 1.595613619233300717e+01 3.595613619234521963e+01 5.208505285752056579e+01 6.102932477316141302e+01 7.257633016926165226e+01 7.342667918390543491e+01 7.607885541019338405e+01 7.729969732518389947e+01 6.901512290965402485e+01 7.729969732518389947e+01 8.267343955989473159e+01 6.248740693612821673e+01 4.819711876988879595e+01 4.149249776694158953e+01 3.515167773602983914e+01 4.947391224641363294e+01 4.597470597396283409e+01 3.150932460779311128e+01 3.367438701797641443e+01 4.790564438750946152e+01 4.919946545161950979e+01 3.816488453717301610e+01 1.810654496596139751e+01 2.443246307005010820e+01 3.151089353935942228e+01 4.310457809519752459e+01 6.324801307234270098e+01 7.013731295991679815e+01 5.435590590857739812e+01 3.386421452029329515e+01 4.819719349443529666e+01 6.922435294561114461e+01 7.557811941951064227e+01
9.594114293757748102e-02 2.009594114293722100e+01 2.725642189700378637e+01 3.110542369159722043e+01 3.595613619155321317e+01 4.424040725005193053e+01 5.257862316626336252e+01 6.085643648189866184e+01 6.756487080024702152e+01 5.339583633542235930e+01 5.604962488105799423e+01 7.021898568981239919e+01 8.079267012797981806e+01 8.905979062505956279e+01 8.487476162901369037e+01 6.469708666077589498e+01 6.839975900633547212e+01 5.528626774595241500e+01 4.119659417084659481e+01 6.136825123297359141e+01 5.162241752640761661e+01 4.571601605014440395e+01 5.379320411461653606e+01 5.509076197755928916e+01 3.496337770331820138e+01 2.079119425220607908e+01 3.816488832663542752e+01 4.450379771250353400e+01 5.161255144509617310e+01 5.995550528503924426e+01 7.163570766874967433e+01 6.644379986888009171e+01 4.550695337315940492e+01 4.391887805521751886e+01 4.664566605277383360e+01 6.134194491810394112e+01 8.278807923518857592e+01
3.950229235330715398e-03 1.414608585296640619e+01 3.414608585296711141e+01 4.015068735870379157e+01 4.134482288518177029e+01 3.844354465222475881e+01 3.259118891612405378e+01 5.257862316626336252e+01 5.754405043781421369e+01 3.922171067493302132e+01 4.187696885593599916e+01 6.191605068109311816e+01 6.077981885412771845e+01 7.751454049521028367e+01 8.855962451233448007e+01 8.487476162901369037e+01 8.379820215720523890e+01 6.810229565910333349e+01 4.790016256085883839e+01 6.810229565914274019e+01 7.178455792630590793e+01 6.588173207727179204e+01 6.642470244422189296e+01 4.627014659882337355e+01 4.279922474506631858e+01 2.272471606055159654e+01 4.279922395278914138e+01 5.465359413643979281e+01 4.874363250298931405e+01 6.039341249061104833e+01 8.056112982436364689e+01 7.530483911148823495e+01 5.740623184940587720e+01 5.577243360082808721e+01 6.762337222934044689e+01 7.648402136023135256e+01 8.837853861620749285e+01
7.711341127313005306e-02 2.007711341127277649e+01 2.381730092263577347e+01 1.994051267313716380e+01 2.184763466369206597e+01 1.844800568153596387e+01 3.844537286946957266e+01 5.539947096672064930e+01 4.924219382422622004e+01 2.920431823531705717e+01 4.924219382422622004e+01 6.856308020624685184e+01 4.920753759753676349e+01 6.028024035407092640e+01 7.753458656359472911e+01 8.580387602318452878e+01 8.457812409468920123e+01 6.439943771632637493e+01 6.218965645447950408e+01 7.644643793165838019e+01 7.659652193359360695e+01 6.494922551289310775e+01 5.659883502969903191e+01 4.627014665543217831e+01 2.618073382710207397e+01 4.279922477933875768e+01 2.744011434941926098e+01 3.452100233481595382e+01 4.874377795759032495e+01 6.892990059534562874e+01 8.884720644882777663e+01 8.765305154361971063e+01 7.878934737191153204e+01 7.711516613693213174e+01 8.598746640699589250e+01 8.252698186709295669e+01 6.838576751774557749e+01
9.541454368626212448e-03 1.907857445875143165e+00 3.814782624404965627e+00 5.766582770874419062e+00 7.756657156878416615e+00 2.776302451753362988e+01 2.709144764135983863e+01 4.710918222482803941e+01 3.989897554785476785e+01 2.365422682956733880e+01 4.368449657741795278e+01 5.131797550605016056e+01 4.024000692153965275e+01 6.028024035407092640e+01 5.751625407004592461e+01 7.494643882964224701e+01 8.321851279958308112e+01 8.457812409468920123e+01 8.237667211802251188e+01 8.266316449699830571e+01 6.825409611064516469e+01 4.806659175910225201e+01 3.645501655573392696e+01 3.208349185222414235e+01 2.934433215869577438e+01 4.944896882936788529e+01 4.753579919787443231e+01 3.299275102876434573e+01 5.311736203490603003e+01 6.754440575776644096e+01 7.656805471052346945e+01 8.821067730545306063e+01 9.334892106479364315e+01 8.335094163105357268e+01 7.506558176122638315e+01 6.799948310913154614e+01 5.425197802923527490e+01
2.297228869525369793e-03 2.000229722886917116e+01 1.536240486084262535e+01 2.577066911247213810e+01 2.776302451753362988e+01 1.075478456727727661e+01 3.076477037950756710e+01 3.624294531354012605e+01 1.987407324530469310e+01 3.989660783111916231e+01 2.807334267954455598e+01 3.127828128546182640e+01 3.613609217638527582e+01 4.114744041740664215e+01 4.783356557634493811e+01 5.492487485643342637e+01 6.649211666530348452e+01 8.649525767790689201e+01 8.858616925911121598e+01 6.842132018231745860e+01 5.412652403364635489e+01 4.404477846442608069e+01 5.659883503578085140e+01 5.220309348171053188e+01 3.259147424292581974e+01 5.271313289072131170e+01 6.146666452458954666e+01 5.311736203490603003e+01 3.903727248990183085e+01 4.803277121378128811e+01 5.969219268007719137e+01 7.988294749989346144e+01 8.506079868070411010e+01 6.507036484174886937e+01 5.507963666752871035e+01 4.801227277821709549e+01 5.906093091301881515e+01
