MOVIE_S12_data/elevation_000827.asc
nrows	50
cellsize	150.0
xllcorner	0
ncols	50
yllcorner	0
NODATA_value	-9999
[rows 17 to 33 of 50, columns 0 to 36 of 50]
5.436832538903087209e-02 2.005436832538867620e+01 3.838074854765105925e+01 4.011270636483298091e+01 3.644233654602894745e+01 4.035216510121917111e+01 3.031155737345815027e+01 5.040714450746378361e+01 5.422725874373028887e+01 3.421634803494834642e+01 5.425289576291670812e+01 6.996667314158860052e+01 6.963136350699340937e+01 7.421876489963071322e+01 8.007715677857595438e+01 8.178044512461895010e+01 9.005966222493448470e+01 8.570370834748824507e+01 6.588737059948307717e+01 5.208746813665791109e+01 5.715954594534412792e+01 7.112233685419256801e+01 5.816553080173692081e+01 3.874293302068333134e+01 5.816553080025618527e+01 7.115438171030554315e+01 7.270747355331324968e+01 5.873870260611435157e+01 5.366432704713631807e+01 6.490832654529538104e+01 8.470655489628475721e+01 8.736920895961036138e+01 6.711773807789862190e+01 5.548414152212405526e+01 4.653575981782633164e+01 4.817614166317042645e+01 6.486226371978972338e+01
9.647730019007895452e-02 1.009647730019016620e+01 2.423861292392136946e+01 4.423861292392207645e+01 5.643741366103656532e+01 5.873938683907114466e+01 4.458958707777236441e+01 4.677369646797952640e+01 6.256348146404532429e+01 4.836090902863693231e+01 4.575863665606679831e+01 5.993969325831569250e+01 8.014014806861851525e+01 7.972960106106116029e+01 7.867490950477949241e+01 7.867490950477949241e+01 8.694157933162958329e+01 8.570370834748824507e+01 6.588737059948307717e+01 6.332579760804006241e+01 7.684157269356127529e+01 7.202429326623062877e+01 5.242522988072453671e+01 5.816432263869727848e+01 4.351138725029472454e+01 5.718618615458588295e+01 7.687132278836239152e+01 7.842749600341548444e+01 6.234821789079065724e+01 8.151445836242375265e+01 9.297099463651960605e+01 9.046043968416606162e+01 7.271268349303419143e+01 5.911570688680558305e+01 5.917412707589940624e+01 3.923340981043965314e+01 4.488136294757789813e+01
9.953738903938927352e-02 1.424167301277046427e+01 3.424167301277116593e+01 4.569968906209401638e+01 4.746243844344454743e+01 5.572247247515500845e+01 6.470925580928229692e+01 6.670303886894664913e+01 7.472071327323418188e+01 6.847741004613732230e+01 5.993969325831569250e+01 7.423314829983239349e+01 7.386782177515574688e+01 5.973992223879245955e+01 5.868413159773588461e+01 5.868413159773588461e+01 7.867490950477949241e+01 9.396361618206628918e+01 8.570370834748824507e+01 8.311912368803241691e+01 9.137758945794737997e+01 8.026057482557578737e+01 7.202404494523214851e+01 6.657012011000323071e+01 4.708037079171795369e+01 6.078525566335677155e+01 8.053731553539390120e+01 9.037837108958964905e+01 7.628466284071714654e+01 9.037837108958964905e+01 9.060938933677932994e+01 8.237785572223711483e+01 8.577752006115642303e+01 7.838775121991106687e+01 6.734779749409939598e+01 5.329649980267948450e+01 3.333615497009029127e+01
3.582433992925927735e-02 2.003582433992890444e+01 2.757309550750579774e+01 2.571732483275020797e+01 2.748708961217323576e+01 4.112956116288641084e+01 4.717013249307304790e+01 5.425840397988650921e+01 6.255725931145290986e+01 7.413178840066456132e+01 8.014014806861851525e+01 7.539896004447088274e+01 6.386889316590139742e+01 4.559594916300171974e+01 4.454004054334424723e+01 5.868413159773588461e+01 7.867490950477949241e+01 9.062662656607449208e+01 8.233111241192605689e+01 9.062662656607449208e+01 1.004552415421239004e+02 8.050270223102565126e+01 6.649202759120913697e+01 5.672165347266534496e+01 5.239778112627433160e+01 6.078525566335677155e+01 7.212949071212786123e+01 9.202261783454494548e+01 9.619695501913243163e+01 9.649495846087525308e+01 7.654570038037890356e+01 6.237704168127766735e+01 6.972003153286746624e+01 7.796005175696575407e+01 7.819410077765279254e+01 6.149303468608544421e+01 4.805548691617385515e+01
8.338298177320474514e-02 3.797289745259434302e+00 7.576934473868347730e+00 1.157693444664809235e+01 1.594129183931111982e+01 2.110528039256054811e+01 2.713582387146590946e+01 3.420974463901821139e+01 4.578009811909524274e+01 6.583998516678191493e+01 6.742758331953257311e+01 6.713917853913939382e+01 4.714319982156031585e+01 3.559282181554853963e+01 5.559535644383451114e+01 7.281285546468268421e+01 8.233168223388977935e+01 7.646340143991564275e+01 6.229578032819039635e+01 8.061015982029388738e+01 9.477579601356072203e+01 9.461740534077650011e+01 8.467358267570044461e+01 7.059565918421306208e+01 5.923286151114786691e+01 6.619824160958506809e+01 8.604059388605907088e+01 1.002957300665846674e+02 9.377231897574880293e+01 9.158940115668040960e+01 8.300296251977174222e+01 6.304487983549978480e+01 4.970497381446769936e+01 6.972003153286746624e+01 5.812785690411040207e+01 5.812785690405745243e+01 4.478752156263178108e+01
1.813270376062421294e-02 2.001745844272758035e+01 2.757165409985629623e+01 3.156981157295089346e+01 3.008026227822000465e+01 3.523965522740414258e+01 4.717013249307304790e+01 5.425840397988650921e+01 6.255725931145290986e+01 6.156242549326955782e+01 4.742557414311849584e+01 6.156240004916602970e+01 5.112204079511304400e+01 3.111839695524896854e+01 5.112204066521128709e+01 6.676905356337138642e+01 6.230185961696606967e+01 5.643595692978659883e+01 5.229027286387396600e+01 6.644452362702693904e+01 8.209795561058938063e+01 9.041358536941241653e+01 9.875150616718782715e+01 8.651211490913462399e+01 6.663148723541625884e+01 8.604059388605907088e+01 9.431010002539146342e+01 9.377232239622343002e+01 7.380970430712531538e+01 7.162586998001833649e+01 7.717919058796557863e+01 5.719063325992942026e+01 4.299603662918876523e+01 5.546445414328763235e+01 5.058283939666211637e+01 3.795642286878860006e+01 4.322960712518339221e+01
2.351309638313057310e-02 2.002330085794853431e+01 3.586688910024273014e+01 4.587076607626946867e+01 5.005137381173405231e+01 5.506046680872104560e+01 5.301635661405001798e+01 5.860142921294762886e+01 5.492932852661149212e+01 5.261852708563630188e+01 3.327942996047464419e+01 4.979264275326983125e+01 4.150794247672040171e+01 2.694660630251016187e+01 3.849789502711889355e+01 5.849814021569723366e+01 6.230185961696606256e+01 4.228803706983543975e+01 6.122614094973077670e+01 6.571112129914764921e+01 6.202826432930734057e+01 7.938469510889913749e+01 9.097637873971399358e+01 9.478584164411236657e+01 7.807635819193222915e+01 9.478584164411236657e+01 9.873637563034756681e+01 8.875454977027084169e+01 7.747290822627587659e+01 5.751674321162332149e+01 6.680586395692799329e+01 6.264110257013662419e+01 5.546444712828267853e+01 3.529333971540530257e+01 3.025872111610611626e+01 2.770840590084630151e+01 2.535678236641737371e+01
2.372884694381488524e-02 7.583018307228233112e+00 1.758301848086900065e+01 3.758423226575397535e+01 5.181883785492879468e+01 4.353241579829388996e+01 3.251665623849511633e+01 3.839117143506395280e+01 3.492249505390330455e+01 3.492830329512062093e+01 2.433587753687520916e+01 3.870652162381592376e+01 2.150279477929300143e+01 2.385954500570423420e+01 4.386587811190058517e+01 4.975428331848046781e+01 5.229701762649548868e+01 3.694087485699064644e+01 4.120662271445076641e+01 4.567967458817772552e+01 5.102550864697773392e+01 6.258266858444509495e+01 8.265821741213085261e+01 9.840764239240589006e+01 9.803557288497833611e+01 1.063136799992124679e+02 9.046978497765496741e+01 7.050350861321345519e+01 6.053267881838156939e+01 5.238515616369772943e+01 4.683485229477958001e+01 4.264068309248859379e+01 3.865697474270209000e+01 3.469080949035929962e+01 5.055184327152452539e+01 4.214319978719862547e+01 4.562881182848282435e+01
6.296921807001566729e-02 2.006296921806966083e+01 3.587066638755720049e+01 4.587836850531218147e+01 4.353240424320703283e+01 2.352912672003571259e+01 1.833090283336930071e+01 3.085848592518678757e+01 3.232087489081720832e+01 1.492118610708835824e+01 1.677811308093387410e+01 1.870253212577803836e+01 3.870652101156290570e+01 4.386587821559744071e+01 2.726493501052257074e+01 2.974653799371655793e+01 3.228809376987013735e+01 3.714175756112680915e+01 5.658853957060843953e+01 6.559646263278349920e+01 7.106759389233697277e+01 6.103186608286281967e+01 6.999314893242811308e+01 8.420157773010950564e+01 1.043115091803347809e+02 1.055049320563572905e+02 9.873637563034756681e+01 8.645385586360667673e+01 6.649451936894581650e+01 6.649451936894581650e+01 6.680586453430309746e+01 6.152118323489830232e+01 4.429994430379584713e+01 4.240426547606966068e+01 6.250669587042679609e+01 6.228344107772049654e+01 5.962401536107913103e+01
8.175220331382776484e-02 1.422388782704490318e+01 3.422388782704560839e+01 3.820479020564609129e+01 3.564729377076469774e+01 2.736203262962173000e+01 9.386280176615086290e+00 1.085670942087969948e+01 1.233920805446209101e+01 1.496536275548213979e+01 3.496947450866445450e+01 3.182521529057108012e+01 3.814827754157886375e+01 5.555789791299760338e+01 4.141280314939265850e+01 4.971335058147513308e+01 4.045688350726069160e+01 5.712370661228626290e+01 4.470368795355344105e+01 5.883398242141489476e+01 7.847902317253308979e+01 8.110332170181116851e+01 8.942219060305713185e+01 9.840764239240589006e+01 9.978085419007638279e+01 8.580461365172028820e+01 9.978085419007638279e+01 9.472070718133113587e+01 8.645385586360667673e+01 8.645385586360666252e+01 8.246008941541803949e+01 6.015490796280538177e+01 5.400906810236586608e+01 5.245646372989933326e+01 7.102736167092071184e+01 7.378286143272489994e+01 5.375922929065040279e+01
7.631710034972485901e-02 2.007631710034937100e+01 2.273178412964109185e+01 1.820420807118255624e+01 2.540548250035145728e+01 7.360801442416090801e+00 2.736218369067224288e+01 3.085848592518678757e+01 2.647021231194023017e+01 3.496522526305042078e+01 1.878002829088878656e+01 3.878848023955641366e+01 5.091526541661804117e+01 6.652322792618871006e+01 6.141887520978880843e+01 6.845454914167956417e+01 5.200753295469449711e+01 6.870513127544977294e+01 5.886635494644757927e+01 5.414426974468226916e+01 6.420447557819626638e+01 7.861789777073673235e+01 9.919846420161958633e+01 1.041513977165941327e+02 9.098953882181659480e+01 7.198027399753337363e+01 9.098953882181660902e+01 9.861154248394295507e+01 9.040678194125264611e+01 9.861154248394295507e+01 9.127699922750861106e+01 8.160045045170349454e+01 6.528297105652455912e+01 6.665608252001645440e+01 8.118412301404025300e+01 8.209941651780040672e+01 7.378286143272489994e+01
9.124702163186203252e-02 1.410007968423437452e+00 2.731645169333619894e+00 4.062025379809103498e+00 5.404337490237157482e+00 2.540548250035145728e+01 1.630518515158347626e+01 3.630748341557403336e+01 4.627318791691585176e+01 4.699842606428843794e+01 3.033543939082660401e+01 2.282398403960975486e+01 4.283554591447914817e+01 5.532085391328656243e+01 6.944259762767667610e+01 7.581848095090846584e+01 7.219458746106282376e+01 8.061999403802501263e+01 7.881328421820214203e+01 6.579252676319289606e+01 8.306222448883863763e+01 9.313049461365837089e+01 9.845162153172941544e+01 9.024841099033625369e+01 7.628195516296514711e+01 6.322224922603580666e+01 8.281180813142982799e+01 8.876641834546160226e+01 7.076532632416862612e+01 8.876641834546160226e+01 9.045892175468836172e+01 9.366911133651257160e+01 8.532568318022731546e+01 8.703615508377882293e+01 9.150857683812627386e+01 7.996491188960007435e+01 7.168346709969331698e+01
8.187870513261463756e-02 2.008187800436572701e+01 2.273178405642148903e+01 2.406224295068814101e+01 1.172760705373621803e+01 3.148680054950913387e+01 3.630748341557403336e+01 2.699637995751901798e+01 4.699971660536566276e+01 5.856474562720851651e+01 5.032124400179408497e+01 4.283554591447914817e+01 2.704721796913222320e+01 4.119911019889656956e+01 5.661011102973824904e+01 5.592106170736018811e+01 6.756292300346567004e+01 7.583935275226755834e+01 8.583944451963559175e+01 8.662153199062174735e+01 9.547099046254481891e+01 8.970103547132339372e+01 8.152234011272845748e+01 7.063267379410915225e+01 7.628195516296514711e+01 5.668981697264752029e+01 7.628195516296514711e+01 8.058605413271062901e+01 6.092404687623510284e+01 8.058605413271062901e+01 7.079397771434362596e+01 8.472978893476530970e+01 8.576850792011849478e+01 9.396467157518674185e+01 8.322771929736887841e+01 6.323248795560647295e+01 5.168578820647928040e+01
2.239863785106879432e-02 1.156940402164311088e+01 3.156940368285972909e+01 3.966913441211881519e+01 2.319401872801787334e+01 2.573751696267292743e+01 4.536679895877806956e+01 4.699971660536566276e+01 4.114074809072215544e+01 6.114451785493508140e+01 6.118412614421223594e+01 4.119911019889657666e+01 4.705258584558091428e+01 3.177009618810210867e+01 3.662644010519294824e+01 4.179049377449614155e+01 4.755961263504073600e+01 5.755491371486071017e+01 7.170954829220283955e+01 9.172156503882756340e+01 9.541637256454851013e+01 7.576724343513271265e+01 6.192841250980512058e+01 5.933684457224290298e+01 7.104573597850104250e+01 5.147621170060600804e+01 7.104573597850104250e+01 7.403205171388546546e+01 5.438154998203592072e+01 6.565304962193044958e+01 5.690192264184717175e+01 7.489115245392767406e+01 6.610425410536944923e+01 8.259070377152427511e+01 8.108431292717973804e+01 6.953951276643736890e+01 6.013780180752835491e+01
1.991760116496149591e-02 2.001991760116460739e+01 3.985364721813802902e+01 5.103528292623062868e+01 4.281495118570793323e+01 4.536679895877806956e+01 5.360075186324380070e+01 5.878636746650741429e+01 6.114451785493508140e+01 6.943010274995208420e+01 6.944259770615180116e+01 6.118412614416813256e+01 4.809938990664088010e+01 4.332003832745966321e+01 3.993978556400880109e+01 5.992272270480074781e+01 6.756292300346567004e+01 6.170071019734665896e+01 8.171555666551520858e+01 9.402493054807420947e+01 8.583556574557309204e+01 8.298917214700550460e+01 6.338941676386919966e+01 4.958547549690320722e+01 6.115101217666683908e+01 4.677398917669557221e+01 6.629942917609798769e+01 7.955108832483078629e+01 5.989629350079243864e+01 4.614427595060120524e+01 4.720009527662696058e+01 6.306328548592389183e+01 5.475300064833133717e+01 7.441534568676003403e+01 7.280294166947354029e+01 5.280544335095966346e+01 4.125848974624091881e+01
1.766589122093755945e-02 1.415980151492083650e+01 3.415980134424253123e+01 4.349125610178816004e+01 3.520699580268018991e+01 3.874252968931183716e+01 4.245643642795437245e+01 3.878636817686126648e+01 5.878636746650741429e+01 6.940490842862780596e+01 7.768912888263071181e+01 7.632289229973949318e+01 6.807358379577939900e+01 5.745294022963733482e+01 4.700783628293137184e+01 5.992272270480074781e+01 7.987952709093532633e+01 8.171555666551520858e+01 8.997799530718835115e+01 8.583556574557309204e+01 6.622921742810508761e+01 7.197178389598605008e+01 6.578575213286157464e+01 6.015261857050973759e+01 4.168232030785285502e+01 4.234410370288615155e+01 5.608779132665122802e+01 7.565872822334041814e+01 7.381515174276673008e+01 5.875565654411582273e+01 3.958267893762722167e+01 4.349390561462006133e+01 5.709787758310622507e+01 7.694402857204237023e+01 7.539729845030971944e+01 5.540043490104208246e+01 6.023993126964395373e+01
6.490672536223988931e-02 2.006490672536188313e+01 2.730260615973832117e+01 3.042608138682870944e+01 1.520699589256262385e+01 1.874252979849530121e+01 2.245643656203627359e+01 4.245643642795437245e+01 5.307497788189287036e+01 4.940490974133336266e+01 6.465220649129129527e+01 7.293644340057899456e+01 8.565679075507451046e+01 7.523793764331942668e+01 5.854688696507076884e+01 6.332417704967519256e+01 8.327983564435621133e+01 9.068949040143725426e+01 9.334136220793074301e+01 8.583556574557309204e+01 6.622921742810508761e+01 5.240983384636553666e+01 4.627196825950582593e+01 4.068912661516636575e+01 3.651957485698291350e+01 5.594778656235803282e+01 6.525564653805409421e+01 7.339845504367255558e+01 6.860495400171866720e+01 4.914118206619379237e+01 3.597848634550786784e+01 3.734649929906217380e+01 6.860947037779516222e+01 8.058028480387926606e+01 8.367859063183266244e+01 7.539729845030971944e+01 6.852210828242712637e+01
