MOVIE_S12_data/elevation_000863.asc
nrows	50
cellsize	150.0
xllcorner	0
ncols	50
yllcorner	0
NODATA_value	-9999
[rows 17 to 33 of 50, columns 0 to 36 of 50]
5.436832538903087209e-02 2.005436832538867620e+01 3.838074854765307009e+01 4.002663424271929671e+01 3.359365162759389989e+01 3.204664863033212896e+01 3.204664864518181133e+01 5.204656776399475149e+01 5.396112840122427912e+01 3.396114070543034558e+01 5.396112840122427912e+01 6.447097311685368481e+01 5.861321880951656027e+01 7.275410154183360589e+01 7.918068779376986299e+01 8.088239773790415654e+01 8.916456297551944488e+01 9.354724687400062066e+01 7.355224449106464135e+01 5.940731701602266668e+01 6.200295957022221671e+01 6.886159066723139688e+01 5.188387544157807696e+01 3.188098674691048018e+01 4.082373552143511120e+01 6.083171659713853785e+01 6.501855473553723641e+01 5.673331855874952367e+01 4.428718361537754333e+01 5.584127116058725449e+01 7.584514925436316446e+01 9.044843278045549084e+01 7.021737524332571923e+01 5.594950112985388557e+01 4.605688112961368574e+01 4.787221072249551668e+01 6.277846225006229730e+01
9.647730019007895452e-02 1.009647730019016620e+01 2.423861292392136946e+01 4.423861292392207645e+01 5.359323379922297903e+01 5.204656189790551934e+01 5.204656776399475149e+01 6.033004941360702844e+01 6.224529366081828385e+01 4.550814605756005449e+01 4.810327591513932788e+01 6.810323531951155474e+01 7.861284301067635738e+01 7.641295665267945481e+01 7.493118957679850212e+01 7.145710298464953780e+01 7.977662421616852839e+01 8.983681280582598561e+01 8.769109956892241087e+01 7.355224449106464135e+01 8.200312686576835119e+01 6.928571104457620322e+01 5.239643524530710295e+01 3.496476264491505503e+01 5.497088940359441978e+01 5.716103900676166205e+01 7.716435888458450165e+01 7.062274359106605459e+01 5.061552473948029984e+01 7.062274359106605459e+01 8.412836744242386544e+01 9.461983647423664934e+01 7.441506282127838290e+01 6.012846470457373727e+01 5.788560050230970688e+01 3.809163970383203690e+01 4.287574867969848214e+01
9.953738903938927352e-02 1.424167301277046427e+01 3.424167301277116593e+01 4.672060712230910440e+01 4.892603171296520514e+01 5.725443668078108317e+01 5.835382020220011157e+01 6.667812794373006113e+01 7.379221745699571500e+01 6.550811702041093554e+01 6.810323531951155474e+01 7.638731140649720430e+01 7.048278037368315552e+01 5.623956560332351273e+01 5.475084357260649881e+01 5.126043541539061010e+01 6.138230253603638431e+01 7.565002748322747550e+01 9.573200812406562932e+01 9.354724687400062066e+01 8.484526497725757110e+01 6.616000541756808673e+01 4.301578520257921667e+01 3.862758127468510594e+01 5.849216471478678159e+01 7.254644060360729441e+01 8.544767659028590856e+01 7.890623343441316706e+01 5.956631038957852553e+01 7.890623343441316706e+01 8.657242325777355063e+01 7.827075300254546164e+01 7.827075300254546164e+01 8.033290401189051977e+01 6.277843757023789095e+01 4.287574867339082374e+01 3.155688493154395857e+01
3.582433992925927735e-02 2.003582433992890444e+01 2.805191124726315977e+01 2.644002646493296282e+01 2.866145120353118614e+01 4.396919118206048438e+01 3.801088275221303547e+01 5.835382020220011157e+01 7.517706187339423707e+01 6.680533668728443786e+01 7.517706187339423707e+01 7.204169465363082736e+01 6.039043513145396957e+01 4.193731733857077870e+01 4.044873710364269925e+01 6.066153007054352031e+01 7.171569767386814931e+01 8.002654499115638487e+01 8.034010952647020076e+01 8.864852766472998269e+01 7.637831568607734312e+01 5.532084602244840710e+01 4.958372664433575494e+01 5.849216471478678159e+01 4.458623764529866662e+01 5.850248498007872655e+01 7.832276199252065396e+01 8.785060487566408938e+01 7.371128923690348245e+01 8.785060487566408938e+01 7.827075300254546164e+01 5.823949707320533520e+01 5.823949707320533520e+01 7.240596016548936120e+01 7.111884213043161651e+01 5.958864750918358055e+01 4.581529491928507269e+01
8.338298177320474514e-02 3.933356717264776314e+00 7.861959851106287367e+00 1.205510118840114941e+01 1.747951047392273338e+01 2.341074174529368435e+01 3.535553843480411018e+01 5.573565965419034285e+01 6.504348551840081427e+01 4.651497964024443377e+01 6.504348551840081427e+01 6.370957882220477586e+01 4.350206662654660050e+01 3.186477671695128677e+01 5.204276619036127727e+01 6.838012292708312145e+01 5.151534889389173344e+01 6.838689792553215341e+01 6.018036214385082161e+01 7.702644775818798450e+01 8.484526497724733929e+01 7.547424888128711018e+01 5.823977532828175896e+01 6.882935511232305714e+01 4.911996041145887659e+01 6.882935511232305714e+01 8.458898515844509802e+01 9.610608016304871626e+01 9.370598114977381954e+01 8.984127525138973169e+01 6.980054284628528194e+01 5.564121132778220868e+01 4.408931016827441596e+01 5.557115081139254187e+01 6.252418484786485209e+01 7.063143055097472711e+01 5.409116657129604988e+01
1.813270376062421294e-02 2.001813270376026921e+01 2.805191124726315977e+01 2.450244988272483937e+01 3.792867728565723695e+01 3.967112092822059566e+01 5.234450534792683385e+01 6.406515876944274623e+01 5.666015816376444292e+01 3.641508935560882776e+01 5.662189350569224189e+01 4.974986085576740891e+01 4.156505789537088447e+01 2.749269372260168964e+01 4.647746670765902621e+01 4.910131948001212976e+01 3.983214922629468191e+01 5.789447691911814076e+01 4.848452868971376262e+01 6.280007888570099794e+01 8.294665341727929331e+01 8.560384845951718091e+01 7.158400408823875694e+01 7.708258821808493622e+01 6.882935511232305714e+01 5.650270966768079006e+01 6.789583225673034406e+01 8.782606593476313606e+01 9.354956391472855159e+01 9.135673448656162066e+01 8.095194141175218761e+01 6.092014079447851316e+01 5.557115081139254187e+01 3.556075682623751533e+01 4.273635339101630137e+01 5.936778291724635892e+01 4.999242547659811464e+01
2.351309638313057310e-02 2.002351309631504250e+01 3.985500531197143914e+01 4.755031403515832267e+01 5.396950561057569473e+01 6.158714976748961334e+01 5.870807992014528764e+01 5.280486811966911631e+01 4.990313272953603274e+01 2.971752879376917988e+01 4.128551793570115791e+01 3.844536985381240868e+01 2.145853201985102388e+01 2.379949910745440533e+01 2.633979772422706134e+01 2.894436470103170578e+01 3.161907573109973413e+01 3.767525855697775938e+01 5.197854011437410549e+01 7.217785635809761402e+01 8.137810682606223622e+01 8.968056397445734262e+01 9.134689126887228383e+01 8.892682532258216099e+01 6.899263487480115487e+01 6.789583225661026233e+01 8.458898515844929022e+01 9.354957454693561658e+01 7.350518767065587156e+01 7.131262342210062855e+01 7.182977636131224131e+01 6.092014079447851316e+01 4.090605191802308838e+01 5.120545213952657804e+01 3.119639780037226018e+01 4.716291408374532779e+01 4.170054786804000457e+01
2.372884694381488524e-02 1.157073423073643248e+01 3.157073423101609322e+01 4.261827667816259435e+01 4.278627511835516373e+01 4.340554322579341573e+01 3.855363734693246869e+01 3.265058428035958826e+01 4.689777267172424757e+01 4.128693757229777361e+01 2.117359066396806355e+01 1.860128499608331865e+01 3.869260979539195233e+01 3.013140011939827190e+01 4.647746838321361196e+01 4.910173336136005418e+01 5.179832963978170568e+01 3.628369188239673093e+01 5.649807593515392057e+01 6.863188983978380975e+01 6.122449552808738105e+01 7.549716740728835873e+01 9.557558245368784355e+01 9.720669414093032401e+01 8.307523519799440237e+01 8.782605695965055759e+01 9.610558114272647856e+01 9.135675710233414293e+01 7.131262344575874579e+01 5.715195177548677208e+01 5.180488533809970164e+01 4.680410456037621714e+01 6.092014079447851316e+01 5.947994659146821306e+01 4.716291408374532779e+01 2.715581759156332353e+01 2.478233106334987568e+01
6.296921807001566729e-02 2.006296921784299059e+01 3.079569943209181915e+01 2.782502641245640973e+01 3.595997514645711846e+01 1.991433620529613080e+01 2.890240208588643256e+01 1.845886210625910451e+01 3.182904097559510248e+01 3.332530545966374547e+01 1.582781148403809723e+01 3.590675129914292540e+01 3.499292371830994597e+01 5.029686027061175224e+01 4.019342355997536487e+01 6.040029698124811830e+01 6.484371291211311927e+01 5.649807593515392057e+01 4.124291728670819168e+01 4.840361057413780088e+01 6.863188246388298808e+01 8.172867659209244096e+01 8.242191090912082529e+01 1.024767981048732537e+02 1.030538135628104328e+02 1.071887795123427622e+02 1.040359458766383511e+02 8.398835241340165680e+01 6.981645656894467322e+01 7.718340762676324118e+01 5.946048489768512013e+01 6.682355402187943128e+01 6.846589442917905899e+01 4.859557363997096502e+01 3.445880387464062977e+01 3.715689256773093518e+01 4.478813330940297988e+01
8.175220331382776484e-02 1.879296463592672950e+01 1.231154350581649837e+01 2.410639445842758732e+01 2.546304932376773067e+01 7.416251828897953757e+00 8.848450195350697101e+00 1.029176665693960047e+01 1.176609140816292332e+01 1.325668017122526798e+01 3.332530543341522389e+01 4.425125069373288511e+01 5.515432504688611459e+01 6.349435688955377088e+01 5.448986277130828171e+01 5.448986277130828171e+01 7.466934741039881374e+01 6.981792496360374400e+01 6.148013040348372726e+01 4.734704938999348656e+01 5.320799621661539192e+01 6.227905535729018993e+01 7.654387704497284517e+01 9.661274068997579434e+01 1.013308770159259637e+02 8.721237843711071491e+01 1.013308770159259637e+02 9.816250192461689039e+01 8.986015659222861984e+01 8.779567901778986538e+01 7.102251803216221049e+01 7.456106541436152213e+01 5.453937546678307768e+01 4.298745083236629227e+01 5.446907083466947341e+01 4.872046663573992475e+01 6.001099963539700610e+01
7.631710034972485901e-02 1.397954298730314848e+00 2.722486615273294497e+00 4.064798395701100908e+00 5.416271461975435741e+00 1.058037424338878374e+01 2.880544766271443180e+01 3.034997968329397366e+01 2.595982958510301941e+01 3.295454639251013873e+01 1.707037731555918469e+01 3.715536195680267895e+01 4.952412558313410074e+01 6.116383554442847981e+01 7.466934741039881374e+01 7.466934741039881374e+01 8.298541177503494737e+01 8.183077682800060870e+01 6.167833931991130925e+01 5.642371185990750604e+01 7.341375121062054632e+01 6.752201165323293708e+01 8.763766875848075699e+01 1.020460413172963285e+02 9.239640941314419820e+01 7.307760971015090945e+01 9.239640941314419820e+01 1.034256301116319321e+02 9.515802153827831944e+01 9.936744913972989934e+01 9.106536783246509970e+01 8.284693200025245119e+01 7.129615442902110090e+01 5.193436135982631896e+01 7.129615442902110090e+01 6.301053812040324686e+01 6.834531995711576258e+01
9.124702163186203252e-02 2.009124694935627176e+01 2.276050213865608285e+01 2.410657309110550628e+01 1.957405744265522074e+01 2.470395830977502527e+01 1.875448587691561642e+01 3.854426217890408424e+01 4.629815032175006451e+01 4.516171758922734369e+01 3.125280162371936399e+01 2.107059441216910045e+01 3.265248538526675048e+01 5.282064789976918462e+01 6.812945765045940050e+01 7.113004780863803944e+01 7.945077445493960511e+01 9.013551992985209438e+01 8.183077682800060870e+01 6.810766116508557388e+01 8.491743651947591331e+01 8.763766875848075699e+01 9.593546387660944674e+01 9.377933916623079824e+01 7.379493870714762238e+01 6.413554427955058657e+01 8.412544463947310192e+01 9.188874927859691866e+01 7.516615884740103581e+01 9.188874927859691866e+01 9.837090510657411357e+01 9.009883391447674228e+01 8.025050540154474277e+01 6.609127451484265237e+01 8.025050540154474277e+01 8.386208627776775870e+01 7.872462800101155267e+01
8.187870513261463756e-02 2.008187870513225803e+01 3.237718084955668019e+01 3.993647030947678189e+01 3.968179844902325470e+01 4.434021639806115189e+01 3.854426218504060131e+01 2.819363134887942479e+01 4.777475284309002035e+01 5.974757561407172091e+01 4.952412558313410074e+01 4.117655382420918642e+01 2.538528149695238412e+01 3.960583325145699973e+01 5.464540738977672163e+01 5.094056899890312451e+01 6.685005803666042823e+01 7.517587998047579845e+01 8.418554094218055184e+01 8.821770853814955160e+01 9.651446605216767693e+01 9.529072066861392898e+01 8.702110698869222460e+01 8.729754735916162645e+01 7.746214451949890645e+01 5.746987472570549471e+01 6.990577680262944682e+01 7.818101775032816647e+01 6.358131686413836547e+01 8.361571423209831266e+01 8.682415801747059447e+01 7.008726654930340771e+01 8.682385214145176633e+01 8.612258013142718482e+01 8.683941624164997108e+01 7.849237021424661975e+01 8.116042507843594933e+01
2.239863785106879432e-02 6.052625529406316041e+00 1.237718084974302002e+01 1.993647030992743296e+01 3.148347569371974330e+01 5.148347569265348511e+01 5.572902092429219323e+01 4.214451382531000689e+01 4.214451382530999979e+01 6.136735223921760252e+01 5.979335561373415686e+01 3.960583325145972111e+01 4.551862163769074243e+01 3.017227463479271066e+01 3.444897680428805131e+01 3.947981929831812664e+01 4.662834667249973108e+01 5.569449135729065148e+01 6.737518581412913932e+01 8.748620122096966156e+01 1.011490314963125030e+02 8.116912904945266405e+01 6.703303494406472396e+01 6.731085849639218566e+01 6.731085849639218566e+01 6.990577680262944682e+01 4.991103467902964752e+01 6.990577680262944682e+01 5.590050151721558080e+01 6.597196265303767859e+01 6.849014326465167812e+01 5.843511756004824065e+01 7.268548807053905136e+01 9.269113977103083357e+01 7.851272978813403824e+01 5.862673017430118705e+01 6.433234274431055155e+01
1.991760116496149591e-02 2.001991760116460739e+01 3.237718084955668019e+01 3.993647030947678189e+01 4.822074131739248770e+01 5.976774653532064718e+01 6.152420634055847870e+01 6.136735223960503305e+01 6.136735223921780147e+01 6.931352802506148691e+01 6.812946401783023020e+01 5.979335561912472485e+01 5.617161637656182194e+01 3.596862083911403118e+01 5.464540738977672163e+01 5.970060342026287259e+01 5.116320624570310116e+01 6.285103962345227302e+01 8.299032896627639388e+01 9.578297045953165423e+01 9.296061167469007103e+01 8.470987354471331798e+01 7.437954024937982922e+01 5.438628911254260601e+01 4.731516854223060875e+01 5.914765224494713181e+01 4.532229070558703654e+01 6.531866836479115079e+01 6.597196265303767859e+01 4.548284343836779442e+01 4.809662013332291508e+01 6.848959679537320255e+01 7.800757378590637359e+01 8.627293849586234842e+01 7.590752658163360422e+01 5.605242721424747288e+01 4.457128378564527083e+01
1.766589122093755945e-02 2.001766589122058093e+01 3.670016243896986197e+01 4.498644343519071498e+01 4.471528959960318161e+01 5.027143508930152649e+01 4.198356436979076989e+01 5.574030669296655560e+01 6.699492055390196299e+01 6.988153668577660937e+01 6.988153668577660937e+01 7.813344059742763648e+01 6.451452704234070268e+01 4.606577886271934119e+01 4.874691244361888209e+01 6.894774412820729026e+01 7.136290484290911706e+01 7.968156983608011501e+01 9.129291810289251430e+01 9.882261779247436095e+01 7.886418347498779724e+01 6.472997386741357673e+01 7.207347546432728791e+01 7.437954017421198216e+01 5.914765224494713181e+01 3.914898298408468946e+01 5.449805608302317239e+01 6.277678976489970353e+01 5.979426524679116284e+01 3.890601369634909901e+01 5.979426524679116284e+01 6.390457355827629016e+01 5.806469459463384197e+01 7.800856078724558529e+01 8.422170958183082234e+01 7.272158145920633388e+01 5.554784259118948597e+01
6.490672536223988931e-02 2.006490672536188313e+01 1.669997028608824863e+01 2.782567107340356927e+01 2.471492659615689291e+01 3.051089385605970250e+01 2.792394393803273900e+01 3.942685934255521119e+01 5.901761250986637464e+01 4.997175894460661283e+01 4.997175894460661283e+01 6.988153668577660937e+01 7.460448246355132085e+01 6.037491355633186885e+01 6.304903201634581222e+01 7.727079521346109914e+01 8.693867396152613480e+01 7.856185508281450325e+01 8.103356688836410626e+01 8.927203204788335711e+01 8.359163298879637694e+01 6.362831431341600563e+01 5.208301113459776843e+01 6.355020884689209737e+01 6.742540163550260957e+01 5.449805608300757598e+01 3.449832828922885142e+01 5.449805608312846061e+01 5.561659449898647978e+01 3.453473590593568332e+01 5.561659449900459151e+01 4.412714781290335964e+01 6.390544411818523685e+01 7.047213055197195786e+01 7.874406380339623013e+01 7.891039924879181910e+01 6.379541891444900870e+01
