MOVIE_S12_data/elevation_000637.asc
nrows	50
cellsize	150.0
xllcorner	0
ncols	50
yllcorner	0
NODATA_value	-9999
[rows 17 to 33 of 50, columns 0 to 36 of 50]
5.436832538903087209e-02 1.160137370918164912e+01 2.574350933291285060e+01 4.574350933291355403e+01 6.018358991323604101e+01 5.435439228635503639e+01 5.513129516885204140e+01 4.683765623947002865e+01 3.862653133984482423e+01 3.080454717125731179e+01 3.633061266980776338e+01 4.736989964498341266e+01 6.779601645409317712e+01 7.396587461135962371e+01 8.229612455373617763e+01 8.370392564199238450e+01 9.201934950578355199e+01 9.726970659558460852e+01 8.573149811058685543e+01 6.583390636590100087e+01 5.175945270194495862e+01 4.469801957960106620e+01 3.837459193136579927e+01 3.389985006699969716e+01 5.386856831461594197e+01 6.625317675319861621e+01 7.529852332915956481e+01 6.701202125680575250e+01 6.115258380114938319e+01 8.115795463012834432e+01 8.380102072699128257e+01 9.208754746904001820e+01 9.165857489980174932e+01 7.184667767903390256e+01 5.770019942481726360e+01 4.739196335534690974e+01 3.950330198816246252e+01
9.647730019007895452e-02 2.009647730018972211e+01 2.995024988976646796e+01 3.549725185201915423e+01 4.182180717235603140e+01 5.010607841981822475e+01 5.905035032981754028e+01 6.074361281100522802e+01 4.710694606019149688e+01 4.620698624412072064e+01 4.650891241167322931e+01 6.447739405162342052e+01 7.627981934770849648e+01 7.640491997476648578e+01 6.811838329860759700e+01 6.726158164544638396e+01 7.554812383583559665e+01 7.726443678133229298e+01 9.157236345688238544e+01 7.166177605863805411e+01 7.166085610665325589e+01 5.466889551436301531e+01 5.832070852890761614e+01 5.386856830785218619e+01 3.802585457222521370e+01 5.798604022749658071e+01 7.115520172070004890e+01 7.943064588210020815e+01 8.115795463012834432e+01 8.944446285716968248e+01 9.022878930167520650e+01 8.203330135966658077e+01 8.638711780990718125e+01 8.233332138384230348e+01 6.249516430231849284e+01 4.820417192516118376e+01 3.779443898510093902e+01
9.953738903938927352e-02 4.950249889766070055e+00 9.950249889766112688e+00 1.549725185201845257e+01 2.182180717235532441e+01 3.076607908235463995e+01 4.490821470608609189e+01 6.490821470608750587e+01 6.485140661499468706e+01 6.848267032843617130e+01 6.746330715390115529e+01 7.602686516718550536e+01 7.902781769075660634e+01 6.485472659024527786e+01 4.811283975221958542e+01 4.725605405358047051e+01 5.725872650956047494e+01 7.726443678133227877e+01 8.635184890002773272e+01 8.854019661106242722e+01 8.281178605512232593e+01 7.456941307952850195e+01 6.463242179697539314e+01 4.469327711301070138e+01 5.798604020528054548e+01 4.368408597097917578e+01 5.123652293094695409e+01 6.531597660974431108e+01 8.525233817731927388e+01 9.022878930925344321e+01 7.886134414099022649e+01 6.238434896794259288e+01 6.673649948810172816e+01 8.066765984999878469e+01 7.655445453354244023e+01 6.653111236647700366e+01 5.821253051008247326e+01
3.582433992925927735e-02 2.003582433992890444e+01 2.995024988976575742e+01 3.549725185201915423e+01 4.182180717235603140e+01 5.010607841981822475e+01 5.905035032981754028e+01 6.250743690581536782e+01 7.090902482508178650e+01 6.505759408258950316e+01 5.677541271317056726e+01 6.505759505395612052e+01 5.902431553153653709e+01 5.656813529927068629e+01 3.656510374215840642e+01 5.656817734681568055e+01 7.326857396775800169e+01 8.049227832479323297e+01 6.634620291685388338e+01 6.853463133460452639e+01 8.854019661106242722e+01 8.090875455489907608e+01 6.097439946845450720e+01 5.023704734351748868e+01 6.845913980837008239e+01 4.853426887077072394e+01 6.845913981827054329e+01 7.115520172070004890e+01 9.111365966570264163e+01 8.203330135967642889e+01 6.238434896794259288e+01 5.095934407709962244e+01 5.277673958295424939e+01 7.080673044593595478e+01 6.606579729266215395e+01 7.178156219958857776e+01 6.026897530377822676e+01
8.338298177320474514e-02 1.163038836556562039e+01 2.577252398929632093e+01 4.577252398929560684e+01 4.989138113984737544e+01 5.587218896022395143e+01 5.928267497552543830e+01 4.243040012258487792e+01 5.928267497552543830e+01 5.505854191969243061e+01 3.677601555197726668e+01 5.505854579997269838e+01 5.576122040266359647e+01 3.902165975200181691e+01 3.122251001848750107e+01 5.122212674054889447e+01 5.326278926966193694e+01 6.277493830388718266e+01 5.220000985218901235e+01 6.634620291685388338e+01 8.635184890002773272e+01 8.919551791820174458e+01 7.590386918986106934e+01 5.599719743673289685e+01 7.590386918986106934e+01 6.262237134013353312e+01 5.667827142307051247e+01 7.074216282947450907e+01 9.069678639685325550e+01 8.458425078252288642e+01 6.493336106514318828e+01 6.263438596158898974e+01 4.282605701852825320e+01 5.620771541885115852e+01 4.627091798787063226e+01 5.205983792184805736e+01 5.081997154433683050e+01
1.813270376062421294e-02 1.441866222127517183e+01 3.411418720827229123e+01 3.753436581012223883e+01 2.953003589233658488e+01 3.566208238277763343e+01 5.087109544804237515e+01 3.087943165991885053e+01 4.021765356404754499e+01 3.699095779034843190e+01 2.678082320095185409e+01 4.157274608283420747e+01 4.396801399581889314e+01 2.747808262935574319e+01 4.747585493809771151e+01 3.563734762191503336e+01 3.911759417001295702e+01 4.276887780879513912e+01 6.277493830388718266e+01 7.792341419795246793e+01 8.687007541626317675e+01 9.842040920062210319e+01 8.254091592673432842e+01 6.262977571627003215e+01 8.254091592673432842e+01 8.255034543862090857e+01 6.557147580617504445e+01 7.074216282947450907e+01 9.069678639685319865e+01 9.278932721683734997e+01 8.458425078252288642e+01 7.017146885564714864e+01 5.042373936369631338e+01 3.634017349454368428e+01 3.216289292771340769e+01 4.833597651063985268e+01 4.262434658126902320e+01
2.351309638313057310e-02 2.002351309638277499e+01 2.271136800981307857e+01 4.804682627384501359e+00 1.550897866038703832e+01 3.564544419369909889e+01 5.319497552218155789e+01 4.012345014802829724e+01 2.018864509672145857e+01 1.698756747974475090e+01 1.922361699987300554e+01 2.158057213650248585e+01 2.397082830375556028e+01 4.396801399625105233e+01 4.747585493809771151e+01 5.563996517671171205e+01 4.718465219148993128e+01 6.277493199485369502e+01 4.963102994751937302e+01 5.857824851250282450e+01 7.012798507011103766e+01 9.013400100455794473e+01 9.083280636854794921e+01 7.255926610415966138e+01 9.083280636854298962e+01 8.549827006248879968e+01 7.963967019884167087e+01 9.069678639685319865e+01 9.899623763575534952e+01 9.230915539676657033e+01 7.263030516496183964e+01 7.094551566126611419e+01 5.727996130258442520e+01 3.742215744661450572e+01 4.833695047747293216e+01 2.840864952271304134e+01 2.588497079656023914e+01
2.372884694381488524e-02 1.364526533623396709e+00 2.709439008524812120e+00 4.078038397447019570e+00 2.406624316679523545e+01 3.402695317324732116e+01 3.969947841234268537e+01 2.565343467003703992e+01 1.386409984119498340e+01 1.663760467746418215e+01 1.946607484746116867e+01 3.947317601656764197e+01 3.891113440447975336e+01 5.101022621762815135e+01 6.747969429242411366e+01 7.547352849920336837e+01 6.133060486299940806e+01 6.719009098622417753e+01 6.963689189125253165e+01 5.906217805633077944e+01 7.061193313030632623e+01 9.061797425004387208e+01 1.008269376141933691e+02 9.252256574970330405e+01 1.008269376436742135e+02 1.055169335269121831e+02 9.964218130982293076e+01 1.028028690589023597e+02 8.310134735189070909e+01 8.310134735189070909e+01 7.263030516496183964e+01 5.291660947938982673e+01 4.296637574198172160e+01 5.727996130258442520e+01 5.653101993738695086e+01 4.253336161483833422e+01 3.123938889159063947e+01
6.296921807001566729e-02 2.006197418329813686e+01 2.271131826470537618e+01 2.406625642564937806e+01 6.034334000939967524e+00 2.603033819526386949e+01 2.945784202029279442e+01 1.151522055859081028e+01 3.151566583295411661e+01 3.664074883880454081e+01 3.947317601657029229e+01 2.359260086278981206e+01 4.358326230540280477e+01 5.590418296055219827e+01 6.884898743895529094e+01 7.711657050433682059e+01 8.133618435197553254e+01 8.719489755792690744e+01 8.735351858139712533e+01 7.061193312937801636e+01 8.735396088996800756e+01 9.890425123169163157e+01 9.838329013503108911e+01 1.042584284051064856e+02 1.004573347537998416e+02 9.214586741819073268e+01 1.004573347537998416e+02 9.699161119955296328e+01 7.734781168124827389e+01 6.348034690709931027e+01 5.600645360589972199e+01 5.001386710324439377e+01 5.444538191451368903e+01 7.094551566126590103e+01 7.049578165055058321e+01 5.688392494318755155e+01 3.701963725003439265e+01
8.175220331382776484e-02 1.422390973635333999e+01 3.422624617396449764e+01 3.431691844921727608e+01 2.603141585476928910e+01 8.022225618343012954e+00 9.457873016752925466e+00 2.945802279095045861e+01 1.604433273792805181e+01 3.604856730402428866e+01 5.188770153789195660e+01 4.360632484602352577e+01 2.790926236281969253e+01 4.792764451917094704e+01 4.887231685755285326e+01 6.269726990825832758e+01 6.823070600354431292e+01 7.637550497368691538e+01 8.465072195148675860e+01 9.061792715533738374e+01 9.890367738117053875e+01 9.253636242432666847e+01 7.837205908816798683e+01 8.423321296190341911e+01 9.044997332223157116e+01 7.215224223361339284e+01 9.044997332223157116e+01 9.918874797623665529e+01 9.129528966358297737e+01 7.568530625886133123e+01 7.568530625886133123e+01 5.992444949195530057e+01 7.414981989367461779e+01 8.232892408405987794e+01 6.361023688472217685e+01 4.962084120606144921e+01 4.852945961511019135e+01
7.631710034972485901e-02 2.007631710034937100e+01 3.731164306393180397e+01 4.883435625188463547e+01 3.559102845767354495e+01 1.558122192124676353e+01 2.945802279095019571e+01 3.736743587675064759e+01 1.933232695420736746e+01 3.933735391624392719e+01 5.262903785534063417e+01 5.560272240761053553e+01 4.365208844277977818e+01 3.250942006610382862e+01 3.753342425569850604e+01 4.272240585437264571e+01 4.828031489651775132e+01 5.642488258992301553e+01 6.793229370631475206e+01 8.790928730342061215e+01 9.652900429487378631e+01 8.423321296190341911e+01 6.425171524759871033e+01 8.229371500487678759e+01 8.214905482590204144e+01 6.216982463801532077e+01 8.214905482590204144e+01 7.921622549014065839e+01 9.335756452072654099e+01 9.535639378943191957e+01 8.776631932840561490e+01 7.957936837948304287e+01 8.776631932840561490e+01 9.164917015494302177e+01 7.762970351983285866e+01 6.938722844099578424e+01 6.830093292188193743e+01
9.124702163186203252e-02 9.035518811390092608e+00 2.058249782785048509e+01 4.057075139377423056e+01 4.399545657781233388e+01 2.972751791912723718e+01 3.559236781848169073e+01 3.932343563924845142e+01 3.933735391624392719e+01 2.433251938788154689e+01 4.434112721582464189e+01 5.850405421859251476e+01 5.884757802722778308e+01 5.253830174932953412e+01 3.961240534132562630e+01 5.960770841390696262e+01 6.823070479057027171e+01 6.238377439356752774e+01 8.234642353659285163e+01 9.618631676110770456e+01 8.822177662355788641e+01 6.823242088743680256e+01 5.669577852076645996e+01 6.230452775806784160e+01 7.548931142993978938e+01 5.550324488858702665e+01 7.244297414293266968e+01 6.510721932095765396e+01 8.506604188891743945e+01 9.287439475664483268e+01 1.011383364545530412e+02 9.800801281329492554e+01 1.062726447573993056e+02 9.462058660209325467e+01 8.633602905569284758e+01 8.463593923992083035e+01 7.877814096901266794e+01
8.187870513261463756e-02 1.422401432886369044e+01 3.422401432886439210e+01 4.460262040549855556e+01 5.288689165295689065e+01 4.984908664933880829e+01 5.563750524237366335e+01 5.925031917918772706e+01 5.262903785532112266e+01 3.327926830364450694e+01 3.023131449850835750e+01 4.438313767547177235e+01 6.439926841567132954e+01 6.494413255397043372e+01 4.497706112876450391e+01 6.494412880124079379e+01 8.213802121120518507e+01 8.234635251129351730e+01 9.061951457413984201e+01 9.582419669157668807e+01 8.753049739121421169e+01 8.229371500487678759e+01 6.230452775806784160e+01 4.815844088732814043e+01 6.129901274590102389e+01 4.946498293697688098e+01 5.246621428148386457e+01 6.489246862946828287e+01 8.486507958704481780e+01 7.292083250450077969e+01 8.961858870578693370e+01 7.805862543171826928e+01 9.475431960057559877e+01 8.633602905569284758e+01 6.633973674147934219e+01 6.464176104689141766e+01 5.878628076029000482e+01
2.239863785106879432e-02 2.002239863785071350e+01 2.827268878694467702e+01 2.460262040549926610e+01 3.964814051674792950e+01 4.631480718341448011e+01 5.459907843087508184e+01 6.459907843087374602e+01 6.157782824805523347e+01 4.483204992077654083e+01 5.024572663615973767e+01 3.690146900843873112e+01 4.845829598170242747e+01 6.847382858856757082e+01 6.494413372430820175e+01 5.391446834577778446e+01 6.542670918266969693e+01 8.539747878844433160e+01 9.306186602267469254e+01 8.428625733605930748e+01 6.756139045928517817e+01 8.428625733605930748e+01 7.644987167204138245e+01 6.129901274590102389e+01 4.128640372134275793e+01 5.637224897946212820e+01 4.489661245949839241e+01 6.489245608308675628e+01 8.069207497261936624e+01 6.139047374420484715e+01 8.069207497261936624e+01 6.653108796712201922e+01 8.582935011135293735e+01 8.633602905569286179e+01 6.633973674147934219e+01 5.220851455763488502e+01 4.465701390058860909e+01
1.991760116496149591e-02 4.102400505803574404e+00 8.272688786945034067e+00 1.361791362519347537e+01 1.964814051674864359e+01 2.631480718341519420e+01 3.631480718341484248e+01 5.631480718341413194e+01 7.313070636302890648e+01 6.484462422944150717e+01 6.226744129384092474e+01 4.225112390512793326e+01 6.226744129384092474e+01 7.675880050970498303e+01 8.214002238741076667e+01 6.542670917764613137e+01 8.214002238741076667e+01 9.367200092678456258e+01 8.476292054945388088e+01 6.478607589471572226e+01 5.602705274950662329e+01 7.600135105234417665e+01 7.025421389348046830e+01 6.958819178180667109e+01 5.637224897945764468e+01 3.636053803765467762e+01 5.047455722046980497e+01 7.003465921702301955e+01 7.242615032267201514e+01 5.245304815934281351e+01 6.758031339467227383e+01 5.759639721365078202e+01 7.756422957569371590e+01 8.817110211668338593e+01 6.817405168891552592e+01 5.404184401514851288e+01 4.405196161727262449e+01
1.766589122093755945e-02 2.001766589122058093e+01 2.827268878694467702e+01 2.460262040549926610e+01 3.361791362519277016e+01 4.631480718341448011e+01 5.459907843087508184e+01 6.459907843087374602e+01 6.760426424561003955e+01 6.979208219089360909e+01 7.055388747571372221e+01 5.640499292445610280e+01 5.226023019074338549e+01 6.641133532900380487e+01 8.642995198283983882e+01 8.539739872850680058e+01 9.367055989212809664e+01 9.627533242219813303e+01 7.629173771094575329e+01 6.845177667143428835e+01 4.846035329992596985e+01 6.029030897514865472e+01 5.026360468154120298e+01 5.226919978572733783e+01 5.350978155182291118e+01 3.350776575092996978e+01 4.767158568680027031e+01 6.781316162154108440e+01 6.576844960156229547e+01 4.578494871739830074e+01 4.759950965166780890e+01 5.914153106740820931e+01 7.326350124258486574e+01 9.321754187149932136e+01 8.231486123696775792e+01 7.231884013589157689e+01 6.403644808531393551e+01
6.490672536223988931e-02 1.420704234909331554e+01 3.420704234909401720e+01 4.460262040549855556e+01 5.288689165295689065e+01 6.190218487264093028e+01 6.174651531313387665e+01 5.346208698349600041e+01 4.760420536005447190e+01 4.979200431079383549e+01 6.979208219089360909e+01 7.642064365592176500e+01 7.227465239693852084e+01 6.641133532900380487e+01 8.642995198283983882e+01 8.952024665158607775e+01 8.123658893176326501e+01 8.952022089743510946e+01 7.629183655271476994e+01 5.631781427596589396e+01 4.736527974758850945e+01 4.028406062905356322e+01 3.611397303112649837e+01 3.227123053667668273e+01 4.701279193096410580e+01 3.076782484977954368e+01 4.492330069001220494e+01 6.518747842503449874e+01 5.974319738060703600e+01 3.974989309195481013e+01 5.974319738060703600e+01 6.886579167063550244e+01 7.712936379045223134e+01 8.710496454071808614e+01 8.922366019180743990e+01 7.922578541834820953e+01 7.094231036160414305e+01
