MOVIE_S12_data/elevation_000083.asc
nrows	50
cellsize	150.0
xllcorner	0
ncols	50
yllcorner	0
NODATA_value	-9999
[rows 0 to 16 of 50, columns 0 to 36 of 50]
8.271705653423140625e-02 2.127631151761726416e-02 9.425194436011796739e-02 4.939197167322698090e-02 3.975871534419905817e-02 6.171646774684565184e-02 1.696294146011132625e-02 1.936121709489252440e-02 4.216450047424835645e-02 2.297044857093000214e-02 6.704298068806634203e-02 4.162315340452049650e-02 3.835349583220235004e-02 2.777463300387698203e-02 2.207885817162396139e-02 7.161913568127860341e-02 9.025521335945362045e-02 3.502399586135773735e-02 8.040414306008919487e-02 3.131346976591601466e-02 7.604099264847130613e-02 2.387740603804927586e-02 5.687112022313325910e-02 4.074439634684711570e-02 8.709178300582484655e-02 7.612946965408906586e-02 1.077918208624280109e-02 9.929772718869623455e-03 4.600412614040166881e-02 2.152795518990661267e-02 2.378824418737431057e-02 9.511189423522797837e-02 9.406546861214974686e-02 1.749038473908382007e-03 2.223905489293687143e-03 6.269637160239108220e-02 9.476101746191394060e-02
7.639902522890137937e-02 2.002127631151726206e+01 2.009425194435976181e+01 1.419152759540430253e+01 2.003975871534384368e+01 4.232004748888359202e+00 2.001696294145975585e+01 1.416149684082596849e+01 2.004216450047389131e+01 1.002297044857084352e+01 2.006704298068770953e+01 3.821239421300989036e+00 2.003835349583184566e+01 9.010337340229050085e+00 2.002207885817126964e+01 2.007161827157598921e+01 1.009025452521163402e+01 2.002759057072927362e+01 1.267185801253941424e+00 2.003131346976130445e+01 1.444708306272814369e+01 2.002387740603769473e+01 5.220848915166377502e+00 2.004074439634649352e+01 2.008709178300546938e+01 2.007612946965373268e+01 4.724824389996578944e+00 2.000992977271851458e+01 5.819506818036634499e+00 2.002152795518955131e+01 1.416592386791819891e+01 9.039383804234306652e+00 2.009406546861179521e+01 2.000174903847355168e+01 2.000222390548893969e+01 1.987197268901141678e+00 2.009476101746155763e+01
7.813061968023242432e-02 2.007813061967987878e+01 3.983307226065329587e+01 3.419152759540500597e+01 2.849601907600096240e+01 8.496019076000605352e+00 2.849601907600096240e+01 3.416149684082667193e+01 3.002297044857048647e+01 3.002297044857048647e+01 2.759828812671108977e+01 7.669952372637001581e+00 2.759828812671108977e+01 2.412447388622302213e+01 2.937638354868576229e+01 3.835572867282250087e+01 2.423212292288283010e+01 2.245596854114945984e+01 2.456062397809458897e+00 2.245666541073023481e+01 3.481217471651240913e+01 3.350512016094019430e+01 1.676785429895909729e+01 1.416512082516561577e+01 3.416512082516631921e+01 2.957553689072363667e+01 9.575536890723281402e+00 2.957553689072292613e+01 1.184973370959185424e+01 3.184973370676205562e+01 3.416592386791748481e+01 2.058638918802661877e+01 3.732365505169519793e+01 3.500544914454052048e+01 2.392066423978816303e+01 3.920670246992465025e+00 2.391704155584059066e+01
1.795629399984677299e-03 1.154880101319239927e+01 3.154880101319204400e+01 4.482595069455412329e+01 2.482595069455483738e+01 1.349601907600064798e+01 3.349601907600135320e+01 5.030831897772117856e+01 5.002297044856977237e+01 4.307459550572048812e+01 2.323965368390668829e+01 1.175075980407581255e+01 3.162288650553567848e+01 4.652586549171122954e+01 4.972556201995664082e+01 5.244310946076413416e+01 3.365870146618139103e+01 2.365230388862984157e+01 3.651291007143671941e+00 1.349763825599108813e+01 3.347000997342938433e+01 4.505212554774959699e+01 3.676785429895980428e+01 2.123618863703121562e+01 4.123618863703192261e+01 3.492076172897252206e+01 1.492076172897181507e+01 3.492076172897252206e+01 1.851640037625840307e+01 3.851640037025008922e+01 4.887066043548751537e+01 4.058638918802590467e+01 4.090920043412627649e+01 2.086483828313375710e+01 6.721230415048473184e+00 2.392066426925057598e+01 3.220371659934752273e+01
2.526786264046545702e-02 1.416740348637129010e+01 3.416740348637058133e+01 5.311022194028470977e+01 4.178029032298097434e+01 2.763815469973184946e+01 2.202404773022521667e+01 3.616618335395666861e+01 5.616618335395737205e+01 5.131815265638405776e+01 3.667647958683254217e+01 1.648710977666080879e+01 2.871749056117587884e+01 4.428202231009372980e+01 5.363775373549309222e+01 4.130430307612504492e+01 2.536524021307814181e+01 5.366276858417435847e+00 2.365136261142971463e+01 2.853620046280462219e+01 3.201334663698482785e+01 5.047203584886282357e+01 4.952045988471648741e+01 3.123618863703139326e+01 4.952045988471648741e+01 4.095098862052790167e+01 2.095098862052719468e+01 4.095098862052790167e+01 2.607568983644308247e+01 4.607569004346777319e+01 5.960145714423155283e+01 4.804453717056620121e+01 3.974418886310307641e+01 2.897253506581416715e+01 9.000441944241213577e+00 1.289336441353150242e+01 3.289335225876901347e+01
8.483503398980346555e-02 2.008483503398944947e+01 3.180789275307901676e+01 3.887896056494496833e+01 4.716323181240716167e+01 4.763815469973255290e+01 3.357105311401814163e+01 3.616618335395666861e+01 5.616618335395737205e+01 4.828956415722657880e+01 2.817511164870993312e+01 2.555523840530327462e+01 3.154680460582405743e+01 5.145606247030037395e+01 4.524919652415487548e+01 2.489811961010264696e+01 1.361635585740605769e+01 6.585698379750038356e+00 2.658978826143178864e+01 3.639735459113710903e+01 4.206508165419089096e+01 5.045279519496500598e+01 5.952045988486121786e+01 5.123618863703210025e+01 5.952045988486824513e+01 4.802205643239349797e+01 2.802205643239279453e+01 4.802205643239349797e+01 3.607568983644343064e+01 5.435997953992558962e+01 5.131004201639878204e+01 3.129288673525415376e+01 1.974471700716144795e+01 1.503066949485864257e+01 1.174765322321497152e+01 3.174690891607750132e+01 1.938222125873307888e+01
4.163169627051844027e-03 5.777665861523334279e+00 1.180789275307865971e+01 1.887896056494426134e+01 3.042596594873698024e+01 5.042596594873768368e+01 4.771318873774959002e+01 5.616618335395737205e+01 6.445045460148668326e+01 5.659819880995330976e+01 3.979668013453067488e+01 3.562174848034024421e+01 5.248763203011393585e+01 6.086598845952346437e+01 5.289838333129178238e+01 3.303734467659760554e+01 3.303573183971055727e+01 2.659010462928091556e+01 8.346600185576722453e+00 2.835202614999368009e+01 2.298568430421823550e+01 3.937966709312959779e+01 5.400913808079626932e+01 6.043949630354227054e+01 6.262898916761355395e+01 5.630632767985569842e+01 4.216419205612424292e+01 4.802205643239350508e+01 5.021782546276590153e+01 6.435998963385833349e+01 4.828724713724704998e+01 2.827297318176807650e+01 3.970184736502454115e+01 2.657623901399458433e+01 3.174691144917738939e+01 1.574765322283878000e+01 3.574629002788172016e+01
2.434392073152260791e-02 2.002434392073116598e+01 3.180789275307901676e+01 3.887896056494496833e+01 4.716323181240716167e+01 5.871023719619988412e+01 6.771318873775101110e+01 7.052736036898572536e+01 7.881277807592535112e+01 6.818953207676347006e+01 5.989105948362418275e+01 4.984718267997616437e+01 6.402774794907485045e+01 6.389161927526173912e+01 5.494075808344246781e+01 4.664849842546277614e+01 3.379583291613661800e+01 1.378999595050301075e+01 2.835173726144303430e+01 1.022389314964630636e+01 1.156019926630010453e+01 2.570603428682902702e+01 4.178308606191336594e+01 4.042544421933816778e+01 4.261474147874604057e+01 6.262898916761355395e+01 6.216419205612494636e+01 6.802205643239491906e+01 7.021782739314130595e+01 6.244813247458616701e+01 4.242161637531674501e+01 3.721880935230896625e+01 5.466486984895021095e+01 4.653531362305378138e+01 3.277280255821639088e+01 1.863440456781311028e+01 3.018122643994330900e+01
5.883922493566802470e-02 2.005883922493531202e+01 3.134066737875383879e+01 3.800733413726081267e+01 4.629136662799949420e+01 5.629171081109431185e+01 6.726478820637973399e+01 5.052609534070945330e+01 6.726478820637973399e+01 6.506852222578189071e+01 7.335476133191392023e+01 6.991789058493519349e+01 6.715228008914887425e+01 4.714053441511029519e+01 3.558651088910356464e+01 2.663730983029185495e+01 1.956405843156442614e+01 3.379731429208819549e+01 3.851844793521205190e+01 3.023016034906554239e+01 3.156680764090957325e+01 1.348469974658948978e+01 3.349263604380991666e+01 2.627462868723742062e+01 4.628742435981258296e+01 5.990173341616729630e+01 6.812321041465057192e+01 7.240018361743246089e+01 8.069332102447614830e+01 7.073675012389180949e+01 6.244813247458616701e+01 4.877477161694567798e+01 6.553287789018411047e+01 6.087340767035674816e+01 4.171822756909893570e+01 2.172047156258621570e+01 4.171822756909893570e+01
2.016265153036126551e-02 5.567164613782676241e+00 1.134066730567898418e+01 1.800733397234576927e+01 2.800733397234611033e+01 4.800733609820886016e+01 5.897961942356187848e+01 3.897906004772957544e+01 5.092560631542730931e+01 4.506741873385622910e+01 6.506852222578189071e+01 8.076060778744623292e+01 7.544815835637845680e+01 5.929685096821285839e+01 3.928539455859225882e+01 2.773180217077494802e+01 3.371237434348419271e+01 4.786360237463033940e+01 5.239719220543369715e+01 3.865929332541225705e+01 1.864889263987679513e+01 3.349263610771556188e+01 1.558126918080358791e+01 3.559013504237915271e+01 4.561601389828617670e+01 4.052542778931192657e+01 5.990173341616729630e+01 5.238107888549275515e+01 6.913489657203717798e+01 7.892136007211469462e+01 7.709426102978558504e+01 6.880797919351540770e+01 7.059990812228402035e+01 5.060898644954219350e+01 3.646969347264772665e+01 2.492303461729904157e+01 3.492287419307268692e+01
1.256007409845548775e-02 2.001256007409810067e+01 3.134066737875383879e+01 3.800733413726081267e+01 4.629162021921232650e+01 5.629174431721293814e+01 5.142011918913874524e+01 3.141977028355016088e+01 3.092523760925771725e+01 4.092524044118359683e+01 5.247229697465443365e+01 7.247390728872653654e+01 8.530157566196285757e+01 6.758821831714823247e+01 5.481844858977822099e+01 3.480671187679168099e+01 5.372384884294107366e+01 5.825823692373339924e+01 3.824408800955180254e+01 2.409326894154501275e+01 3.865929332541225705e+01 4.388078554461299774e+01 3.559013510387572410e+01 1.774422697755827727e+01 2.666498417610635840e+01 4.391891129443398967e+01 4.817947522874177935e+01 4.082070432391008552e+01 5.890244595185304632e+01 5.890244595185304632e+01 7.427373662162669632e+01 8.428295424794968937e+01 7.079136251598102092e+01 5.308351697059995900e+01 3.308795462843069402e+01 3.026825746487784485e+01 3.757160883350967850e+01
1.283213977233468341e-02 2.001283213977198017e+01 3.654639771217823352e+01 4.809424367390427335e+01 5.772848748364144456e+01 4.811476000078245363e+01 3.982963667685666564e+01 2.475310360641579521e+01 4.475335994993325528e+01 3.945326693560062381e+01 4.701255985421538242e+01 5.701260580173690329e+01 7.701456576570420509e+01 6.896860029376334467e+01 4.895726384435083389e+01 5.481844858977822099e+01 6.310928124429310060e+01 5.097096563075900377e+01 3.095658499269567088e+01 3.304244585874408813e+01 5.239719220543369715e+01 5.190596625145816745e+01 3.189229234788773937e+01 3.775416171778728369e+01 1.998734965943982544e+01 2.398788055890927495e+01 2.815970604844674341e+01 3.332725930463874420e+01 3.887953478542473107e+01 4.595905400870501012e+01 5.597261161617014835e+01 7.599023251649856547e+01 6.250810205578502377e+01 4.251553798497315029e+01 5.308351697059995900e+01 3.581524122390004550e+01 5.581022445236276752e+01
9.594114293757748102e-02 8.260906953188392521e+00 1.980791343941632121e+01 3.980830857803803724e+01 4.358548515475580132e+01 2.944248282587023269e+01 1.982944396718950486e+01 3.397159632005284635e+01 5.303863984699189871e+01 5.100030679072059314e+01 6.701358578372048669e+01 7.529991445148910145e+01 8.530157566196285757e+01 7.726129864423543836e+01 6.896860029376334467e+01 7.297283327411948051e+01 5.295940346122404208e+01 3.880694880827680748e+01 4.510903279294178247e+01 4.459797502231542410e+01 6.135024909671298587e+01 6.019770212088013039e+01 5.190596625145816745e+01 4.173348112451659375e+01 2.172163258511102768e+01 4.173348112451659375e+01 4.817947522874177935e+01 5.334908957534400287e+01 5.890244595185304632e+01 6.598142206633444573e+01 7.427373662162669632e+01 8.428295424794968937e+01 7.079136251598102092e+01 5.145821023002948635e+01 6.336661936941611373e+01 4.337427766326607070e+01 4.995511565719848335e+01
3.950229235330715398e-03 2.000395022923497379e+01 3.654264184159226403e+01 3.936898178555909311e+01 3.108408345065521772e+01 1.530033583060911440e+01 3.530048531243937759e+01 4.811476000078245363e+01 6.225792368151213196e+01 7.100174332707425151e+01 7.928834359893826900e+01 7.582787860792579693e+01 6.742491466576906589e+01 7.582787860792579693e+01 8.367098814034710585e+01 6.365657305031089663e+01 4.950554781780749636e+01 5.036265525506227192e+01 6.512260996437836980e+01 6.461230648913637253e+01 7.291325645571389202e+01 7.550233725333298196e+01 5.764074598506614677e+01 3.762678984645340563e+01 2.347588385718300330e+01 4.348872315189619542e+01 5.237317554798905661e+01 5.792410955962058949e+01 6.395813993530338593e+01 7.062847917543555809e+01 7.892135482339079999e+01 8.892894856629567357e+01 7.973246783380875513e+01 6.299974797064482601e+01 7.164969748995508780e+01 5.337235012178384608e+01 6.994570758265179222e+01
7.711341127313005306e-02 2.007417582751728702e+01 3.528006283253677822e+01 2.704344934735372163e+01 1.108396561705121286e+01 3.108408345065521772e+01 4.358546208832800772e+01 4.717745807216418541e+01 4.568540096889640978e+01 5.397900103101921587e+01 6.813215714889879848e+01 6.261275395664890198e+01 4.735261851269672917e+01 6.576035385323226024e+01 7.582787860792579693e+01 7.781140334185651852e+01 6.105999093011575241e+01 7.037579016784150099e+01 7.866868302083220499e+01 7.650514014675893293e+01 6.494977554983574919e+01 5.665847311496411010e+01 4.720212433348119418e+01 4.553135091199675344e+01 2.551745904950155719e+01 2.864185341571136334e+01 3.235813944162494948e+01 3.790993235396619099e+01 4.394552520555616582e+01 5.061746145503894212e+01 6.062319897042335981e+01 8.063375938044794111e+01 9.127633694117824348e+01 8.298770429084295586e+01 8.164591069462869655e+01 7.336088861704837427e+01 8.164591069462869655e+01
9.541454368626212448e-03 2.000373079717599367e+01 2.311389961856066222e+01 7.043355438842334060e+00 2.697029743762955789e+01 2.894140512560310086e+01 3.097216390307558598e+01 2.717651417115198953e+01 2.568347301144321548e+01 3.982584491313269126e+01 5.677657767199542604e+01 4.255202448655099801e+01 3.735115913138921684e+01 4.735261851269672917e+01 6.151765450372067789e+01 8.168630226545286632e+01 8.107341566923972209e+01 8.936816840014259355e+01 8.228282373882784384e+01 6.821243067435571561e+01 4.820039309247571424e+01 3.664382900131865028e+01 3.304847907109587624e+01 2.988392221748779320e+01 4.553138654894960524e+01 2.947984832498404728e+01 4.949497026917779152e+01 3.992396208955167936e+01 5.993763159595926027e+01 7.062847917543555809e+01 7.892135482339079999e+01 8.892894856629567357e+01 9.689871343940630766e+01 9.044338601149726742e+01 8.216072001884842280e+01 8.216072001884842280e+01 8.019833222861399236e+01
2.297228869525369793e-03 1.559295117192573077e+00 3.121032736078637182e+00 5.036685306520947591e+00 6.970158284612282706e+00 8.940816840940886578e+00 1.097150917120814206e+01 1.303435166372574550e+01 3.303508307779947017e+01 3.859306986623330715e+01 4.111707851484726461e+01 2.840677915823456701e+01 4.842767611279385420e+01 5.789290038271297334e+01 6.626485970818089299e+01 7.526620303420116898e+01 8.693212690254453889e+01 8.722814903998035163e+01 7.398912439498812432e+01 5.397807034718923092e+01 4.242271583776222599e+01 5.665841078903880401e+01 4.122076779658830503e+01 4.989905683846458828e+01 5.235430533478459836e+01 3.233894174296380442e+01 5.235430744386698620e+01 5.993763159595926027e+01 4.845892789010109425e+01 6.260913205156511196e+01 8.262165716577150931e+01 9.103925898740213540e+01 7.690448662774252853e+01 8.216072001884842280e+01 6.215968248613161506e+01 6.215968248613161506e+01 6.019536266519808976e+01
