MOVIE_S12_data/elevation_000373.asc
nrows	50
cellsize	150.0
xllcorner	0
ncols	50
yllcorner	0
NODATA_value	-9999
[rows 17 to 33 of 50, columns 0 to 36 of 50]
5.436832538903087209e-02 2.074673414493409584e+00 4.105365744759359004e+00 6.168208237255662141e+00 1.064013663462346315e+01 1.535227411000900233e+01 3.460695656432154266e+01 3.725334146067713448e+01 3.998749365743275774e+01 2.487095578247791750e+01 2.865796151346236087e+01 3.314597683227312075e+01 3.788494875264746753e+01 4.500135971868137119e+01 5.660423167369557973e+01 7.664081407558062153e+01 8.525904367762663583e+01 6.552090509718762235e+01 5.555500650902839510e+01 4.883191986721389810e+01 4.322356504540064748e+01 5.674998780653952224e+01 5.551038672681816877e+01 3.499986162318129601e+01 4.942578611469373584e+01 6.974924150514397070e+01 7.369928272022684723e+01 5.413227384007097243e+01 6.447522630903633001e+01 5.620207356496523943e+01 7.001981198975985876e+01 8.967548095092156757e+01 8.922967502339204771e+01 8.096310273255788559e+01 7.346301086426483096e+01 6.292050403929096092e+01 4.336212592371407482e+01
9.647730019007895452e-02 2.009647730018972211e+01 2.410278784241079819e+01 1.771088066256937310e+01 3.051820553960712346e+01 3.520608178694821078e+01 2.240043269099204082e+01 4.209938266225731951e+01 5.325659395259447848e+01 3.666850223922644147e+01 4.293438178295790664e+01 4.286780299187974919e+01 5.797640172396329206e+01 5.797640172396329916e+01 5.920541378436750080e+01 7.923754041267851278e+01 9.347538142751803036e+01 8.359198153867026804e+01 7.538997438740707935e+01 6.298241466271278455e+01 5.330497992482354164e+01 7.146260382656882371e+01 5.921277087523957050e+01 3.861552109302911617e+01 5.921277087523957050e+01 7.496202177989729876e+01 8.188181994953130527e+01 6.287354907509043045e+01 8.188394228481180903e+01 7.001980958664182708e+01 8.396702355677508933e+01 9.506218079843502267e+01 7.512296063759664833e+01 6.111968515879819108e+01 5.372938014842223708e+01 4.759964516419287150e+01 4.202101214361096027e+01
9.953738903938927352e-02 1.424327288646430922e+01 3.426373294772869116e+01 3.756392304073074939e+01 4.558355004679555122e+01 5.023689052620355966e+01 3.380977389588910853e+01 3.123472516126290444e+01 5.064113903580675213e+01 4.999738267409571790e+01 6.305722337651925358e+01 5.707204412699727669e+01 7.123692238576191471e+01 7.801764878330028807e+01 7.923754041267851278e+01 8.752341296214471811e+01 8.375836231289191858e+01 9.220582445927307447e+01 9.098479163634942779e+01 8.139333809319481361e+01 6.739596521781335525e+01 7.591049779481545556e+01 5.539872016845646385e+01 4.540087189423007175e+01 4.581862982350428126e+01 6.166730970970414205e+01 8.532469678770854671e+01 7.413371104617306173e+01 9.067577950346060334e+01 8.967487236992158728e+01 9.391405358466552400e+01 9.168115090933986266e+01 8.922967502339204771e+01 8.096310273255788559e+01 7.346301086426483096e+01 6.722269794855037617e+01 6.155801750191774602e+01
3.582433992925927735e-02 2.003582433992890444e+01 2.984345302670541145e+01 3.550639030711135291e+01 4.439858312815822217e+01 6.156992501845049048e+01 5.342319882455039703e+01 4.097821667861169459e+01 4.477376264126446159e+01 6.202681470833701383e+01 7.574218381494263497e+01 7.711405477808013131e+01 7.803942516298361909e+01 6.976227883170150790e+01 7.803942516298361909e+01 8.064371522940197679e+01 6.388455649576493300e+01 8.064371522940197679e+01 9.070903734857924405e+01 9.291146984310557855e+01 8.716911169452062325e+01 8.423930494918278100e+01 7.311290985635066875e+01 5.270593895038913246e+01 5.270580933418408875e+01 6.228936643493767633e+01 8.194823000305815697e+01 9.382848951315608588e+01 1.020881185970266785e+02 9.391405358466552400e+01 7.371840776034736109e+01 7.151902905012472900e+01 8.584631255887147461e+01 8.112312197200625974e+01 7.287354839666986095e+01 7.063448187776943143e+01 6.427845208849319647e+01
8.338298177320474514e-02 4.797342843418320513e+00 9.665381955456505025e+00 1.527193508984486314e+01 3.568951508665633554e+01 5.395397158768103196e+01 6.427714437956183247e+01 5.208162749911257094e+01 6.347419048763762817e+01 7.132343188140170298e+01 7.601951677843068467e+01 6.734027561409403972e+01 6.803294689268534512e+01 4.973683060008840329e+01 6.803294689268534512e+01 7.225843151810406084e+01 5.289872476516359256e+01 7.225843151810406084e+01 7.074623081394365443e+01 7.292575435101980474e+01 9.291146984310557855e+01 8.572680341859472719e+01 6.578248650878060744e+01 7.311290985634987294e+01 6.007328659214125821e+01 8.029189990441167879e+01 9.012894483997966688e+01 9.986180044241145026e+01 9.596920144179325973e+01 9.012495146886494979e+01 7.742437781957937659e+01 5.751623733327670607e+01 6.747030757645330823e+01 7.287354839666986095e+01 5.317378992765416967e+01 5.098552722710557816e+01 5.098552722747179189e+01
1.813270376062421294e-02 2.001813270376026921e+01 2.331674249163704005e+01 3.438299657487992533e+01 2.538477625709122165e+01 3.544913193498867088e+01 5.584137025449215486e+01 7.116469903935877994e+01 7.914967717516613277e+01 7.584892519499756247e+01 6.375674105171800932e+01 4.675496373108764914e+01 5.974955471589484546e+01 3.972295920424596005e+01 5.973929507194949906e+01 5.674129783882503375e+01 4.611532358388927122e+01 6.533789159207070441e+01 5.680590618578879258e+01 7.074623081394365443e+01 9.070903734857924405e+01 9.379565148415632336e+01 8.001406640983131524e+01 8.842463686329405448e+01 7.038366929129259120e+01 8.842463689697957818e+01 9.986180044241145026e+01 7.987762825453255289e+01 7.599028282784678368e+01 7.013551137708731176e+01 7.116781313056958425e+01 6.674778340279139854e+01 4.778298694947606862e+01 5.866602460466729241e+01 5.894371559549171735e+01 3.945021481369946770e+01 3.152855556152723793e+01
2.351309638313057310e-02 1.453380664416946644e+01 3.526833325541365127e+01 4.778204310572920832e+01 4.551922480432899931e+01 5.395197503513186632e+01 6.449113681763658690e+01 7.406058419063050735e+01 6.605101762550707178e+01 6.303945324698841546e+01 4.905936729005483699e+01 3.513417903595672698e+01 4.447907101852925393e+01 3.305103138608126301e+01 4.923624084874490592e+01 3.735892284953641251e+01 4.060818412475982342e+01 4.691642343583923491e+01 6.669955383110588798e+01 7.632283630012061337e+01 8.460032252876450798e+01 9.459740103885138751e+01 9.951857058342532980e+01 9.829156971379163110e+01 9.020013051753433331e+01 9.829156972531590952e+01 9.509296710870111724e+01 7.509094139461791428e+01 6.355743915982717596e+01 5.610673088963203980e+01 5.140083926280625803e+01 4.709934550471800918e+01 4.308629481596187105e+01 3.910432003946563384e+01 5.406146466596893418e+01 4.817850753570009914e+01 2.872723456892424565e+01
2.372884694381488524e-02 2.002372884570356248e+01 3.554401339713751895e+01 4.384277661808967963e+01 5.879801874217697844e+01 5.686620277803591250e+01 4.908410452158762638e+01 5.771514116840533148e+01 4.647019477575863533e+01 4.425416361532739273e+01 4.963739999142169523e+01 4.130249555487640123e+01 2.442950043427167373e+01 2.672388250653204267e+01 2.922435135994066258e+01 3.208247626318336643e+01 5.213416359885893314e+01 6.111567299023125344e+01 6.560567617466085721e+01 5.627286562578786544e+01 6.632139301270456144e+01 8.047547350806041777e+01 1.004445465482982058e+02 1.074819206073487550e+02 9.917668786486066779e+01 1.074819206073487550e+02 1.033487685411217853e+02 9.012495146886494979e+01 7.013551137708731176e+01 7.599028282784676946e+01 7.116781313056958425e+01 6.656946266627930697e+01 5.110626396515353065e+01 4.421218611763735140e+01 3.468430177738935072e+01 3.219016946865405515e+01 4.787893992509399510e+01
6.296921807001566729e-02 2.006058270389227971e+01 1.554001568870551786e+01 3.554403849610910981e+01 3.895994888278210055e+01 4.473827680757008807e+01 2.853643687388383299e+01 4.680117402241970126e+01 4.856970503797109018e+01 3.026210730984309194e+01 3.872850974865478690e+01 2.136148943801826405e+01 4.128226412915091714e+01 4.671811880371370762e+01 4.923624084874026607e+01 5.213416359885893314e+01 3.686699264050356817e+01 4.104277080944358858e+01 4.552577149741372153e+01 5.557906537743109254e+01 6.717913436945968897e+01 8.133069623688867011e+01 1.012997892588559807e+02 9.752071505607398194e+01 7.930737663095062828e+01 9.752071505607398194e+01 1.081093094686960114e+02 9.838660966257035057e+01 9.012495146886494979e+01 9.030546818380480545e+01 7.391216741173877836e+01 6.347284040228222324e+01 6.184039534954438011e+01 4.204133303772781716e+01 4.429802925752470344e+01 5.159259703626715066e+01 5.951227879077226390e+01
8.175220331382776484e-02 1.397655593233367188e+00 2.139539476681778041e+01 3.156491915823754724e+01 2.483769403381487351e+01 2.851495135955683935e+01 1.851139435809107070e+01 3.845774038768433911e+01 2.859058983444267454e+01 3.619804131947643810e+01 1.872393250405387732e+01 3.872857502607446634e+01 2.690926599107339001e+01 4.691755413526628615e+01 6.110193362895257962e+01 6.298287224522389494e+01 4.290837488312888581e+01 6.111567299023125344e+01 6.560567616134942170e+01 5.713317993671076067e+01 6.872795590315641334e+01 8.872410105387446322e+01 1.001185753392619944e+02 8.924203224790562672e+01 6.938664457142104425e+01 8.816562225615999182e+01 8.816562225616000603e+01 9.929317964429684196e+01 9.092286510047551928e+01 9.699242828681967410e+01 8.673393932278551688e+01 6.707560938600592237e+01 5.393361183044989104e+01 5.001679724178502795e+01 6.382490007441314361e+01 6.382490007441314361e+01 6.243982252251483800e+01
7.631710034972485901e-02 2.007631710034937100e+01 3.283273676399245389e+00 2.328449097596577744e+01 2.653779525962649188e+01 8.511109134233461049e+00 2.818313909690499131e+01 3.196810552357558066e+01 1.444669260703464708e+01 1.619410184662696395e+01 3.619804339930350778e+01 4.701291447283618652e+01 4.691755420761500517e+01 3.280921256397285646e+01 5.281775077910755556e+01 6.776999523227522104e+01 6.298287224522389494e+01 5.295332145869804918e+01 7.301242303033828307e+01 7.717932126823056649e+01 8.545649504816316266e+01 9.699747988665278342e+01 9.183195846633641679e+01 7.194596067611041690e+01 6.234114256016039946e+01 6.828989604745926556e+01 8.816562225615999182e+01 8.786034112127728690e+01 7.000784589236417332e+01 8.786034112127728690e+01 9.573582836842126653e+01 8.327303971593474330e+01 7.483591908235875678e+01 5.987074035712441855e+01 7.812272240561726733e+01 8.364249404693889289e+01 7.065583775865002281e+01
9.124702163186203252e-02 2.009124702163150644e+01 2.256238968188080563e+01 5.185879653060119665e+00 6.540450576112302628e+00 2.654377258325887112e+01 1.055235060340785580e+01 1.200330313524383463e+01 3.200633683265162688e+01 3.619798501221174547e+01 3.619783581138349859e+01 5.619808638223757669e+01 6.110194490190903593e+01 5.281775077910755556e+01 3.947996876865187943e+01 5.362822105065154688e+01 7.363012468360039975e+01 7.301242303272385925e+01 6.565810029907167689e+01 7.981683513816484776e+01 9.979205535480544143e+01 1.002977379628989638e+02 9.100166667470527671e+01 7.559510926228051630e+01 5.568322389270368689e+01 6.977266159607978580e+01 8.965174138422983674e+01 7.953729237223660675e+01 5.914518232478701520e+01 7.953729237223660675e+01 8.918352112847360047e+01 9.153969515061548634e+01 8.810506285630744117e+01 7.981425884311909158e+01 8.810506285630744117e+01 8.905432109023644216e+01 6.905515990823533912e+01
8.187870513261463756e-02 2.008187857433386370e+01 3.314104832809255186e+01 2.518740201212959207e+01 1.339373218033601098e+01 3.126730475804222564e+01 3.072385216958543808e+01 3.200634169088031911e+01 1.592563841850424211e+01 3.592940465915992121e+01 4.838277083262060785e+01 5.992414969624481813e+01 6.984822116249105761e+01 6.776999523227522104e+01 5.948664298810238904e+01 4.764976282676322228e+01 6.179494688354243692e+01 8.179519817164317885e+01 8.566744168392426673e+01 9.394186435319173256e+01 9.443751411619378189e+01 8.027997929574877389e+01 8.273258171076552969e+01 6.284413153203425395e+01 5.132021449503023547e+01 7.124997964631049285e+01 8.435902395037582835e+01 7.249738705224599755e+01 5.221328847625941449e+01 7.249738705224599755e+01 6.917227834710867285e+01 7.152651142959152253e+01 8.568497048520605119e+01 9.098201811908138836e+01 8.098223911809506603e+01 7.269994653471101742e+01 6.603147536547324137e+01
2.239863785106879432e-02 1.416453426163480422e+01 3.416453457523246584e+01 4.170313385991987332e+01 2.786304849979307363e+01 2.793133138298014373e+01 4.797763972988311565e+01 4.421469868711255913e+01 2.747468491716681882e+01 2.009602864281104928e+01 3.164606884366187600e+01 5.164884530897446524e+01 4.985033059548229062e+01 6.984822116249105761e+01 7.593540848738095406e+01 6.179494688354243692e+01 5.919974730123553996e+01 7.334226096808768602e+01 9.334216115285654780e+01 9.102328196632981872e+01 8.273149151927881917e+01 6.615759372158379392e+01 8.443905237497155269e+01 6.734143113062980035e+01 4.739741978306598469e+01 5.617764001282649389e+01 7.026833198160116467e+01 6.648791253069455820e+01 4.628083619527270542e+01 5.867923413509168284e+01 5.500371121715842548e+01 5.737019988559854511e+01 7.738823722834717955e+01 8.270152111819804475e+01 6.269837195122396167e+01 5.269453302699769637e+01 4.602663633444092284e+01
1.991760116496149591e-02 1.416205322489603624e+01 3.416205322489673790e+01 4.731993254480878619e+01 4.907185735557592920e+01 4.942313342340673188e+01 5.833405263148236486e+01 5.576359984581298335e+01 4.747876812206015273e+01 4.010066236609900159e+01 2.456860054959856043e+01 3.351611694278589937e+01 5.352001188876155879e+01 6.877242199396141586e+01 7.705689190712867287e+01 8.179519817164317885e+01 7.334226111440652573e+01 8.748156311467269575e+01 9.567005113025288665e+01 8.273149151927881917e+01 6.275658472896810025e+01 5.619283540275433353e+01 7.615031939339266387e+01 7.351297308950861975e+01 5.359126556785413698e+01 4.204822613451470659e+01 5.723911433979372987e+01 5.415586983159793988e+01 5.343757877796801381e+01 3.858433885095426774e+01 4.466966199466911291e+01 5.626682526184721667e+01 7.628551424196149355e+01 9.098201811908138836e+01 8.098223911809506603e+01 7.269994653471101742e+01 6.603147536547324137e+01
1.766589122093755945e-02 2.001766589122058093e+01 2.886400552308613854e+01 2.810230821539741086e+01 4.026361642464311785e+01 4.739047345941701650e+01 5.566947605894198148e+01 6.721364063328186944e+01 5.955280643514527839e+01 3.955133018403556378e+01 2.799924179040561967e+01 4.800494873737817159e+01 5.934627301224268336e+01 4.877653603573010344e+01 6.291636142390862574e+01 8.291069733685934295e+01 9.334222653561798211e+01 9.689237470771145411e+01 8.737747107759247456e+01 6.738980332627266989e+01 6.860709947428095745e+01 4.864408099076088376e+01 6.860709947428095745e+01 8.177380588838592246e+01 6.875069016445105774e+01 4.881199317987800868e+01 3.725740623777602423e+01 3.415862426940621788e+01 3.337584915062952007e+01 5.343491215478640299e+01 6.472157835869492715e+01 7.302222011959909764e+01 8.458173265921855943e+01 9.657241657014274949e+01 7.657625345944275352e+01 7.591238486453100620e+01 6.762992131393805550e+01
6.490672536223988931e-02 4.429258312750963711e+00 8.901317088930031929e+00 1.395270638886512238e+01 1.991670558853641637e+01 2.723267770807662203e+01 3.893632792052903824e+01 5.893905103283120184e+01 6.783714731761155292e+01 5.433084542700076724e+01 3.432660367084027087e+01 3.449100101717613143e+01 3.934458410412686646e+01 5.934627301224268336e+01 6.291635863910141069e+01 7.705294426955057929e+01 9.705036140185843863e+01 8.859915386577704055e+01 6.860916599618275313e+01 7.105760869792044332e+01 5.107403604453786272e+01 4.326285971949062059e+01 5.742255969071585042e+01 7.739297312341538770e+01 7.700902911598849698e+01 6.549768674065825280e+01 5.723911105448718217e+01 4.991274476908098734e+01 2.986613862552076171e+01 4.404883517750479172e+01 6.396477048491985329e+01 6.296560903523905495e+01 7.125497840465327215e+01 8.280526101601871858e+01 7.657614985278060260e+01 5.657164371797318836e+01 4.762497547833329747e+01
