MOVIE_S12_data/elevation_000931.asc
nrows	50
cellsize	150.0
xllcorner	0
ncols	50
yllcorner	0
NODATA_value	-9999
[rows 17 to 33 of 50, columns 0 to 36 of 50]
5.436832538903087209e-02 2.005436832538867620e+01 4.811019439569078848e+00 2.480573969115580724e+01 2.986397778689161342e+01 3.205677481206522828e+01 1.549707146126872281e+01 3.542525386742067184e+01 4.152661139513384114e+01 2.970021962000177140e+01 4.968561481527129331e+01 6.865915836660542482e+01 7.173165042389986468e+01 7.391952916303040411e+01 8.220530933142903507e+01 8.353558689081025079e+01 9.182188770358544616e+01 8.524486041877992193e+01 6.508444291317636043e+01 6.508444291317636043e+01 7.931998954221531051e+01 7.135724029701808035e+01 6.250879148436953869e+01 4.272796240300964143e+01 6.250879148436953869e+01 5.717025939532999956e+01 3.741316410830158645e+01 5.717025939532999956e+01 6.353628682229719971e+01 5.768985002225293357e+01 7.765083383652115856e+01 8.618140558420081732e+01 6.615157878468480135e+01 5.456663903237557633e+01 4.558082809354360165e+01 4.958584226347119994e+01 6.330321936641669112e+01
9.647730019007895452e-02 2.009647730018972211e+01 2.480481424552051806e+01 7.743961739996157334e+00 9.863957500008895707e+00 1.212757072138086656e+01 2.008682638122698094e+01 3.970968067998968110e+01 5.796965424804987066e+01 4.382839228552128219e+01 4.037739439774162520e+01 5.192165096346989372e+01 7.192139482081877588e+01 8.394743015153430576e+01 7.564677522445970226e+01 8.043498455695191751e+01 8.873787485870050773e+01 9.355553617125431742e+01 8.524486041877992193e+01 8.524486041877992193e+01 8.573368650513168632e+01 6.557242088000340630e+01 5.142283477111157453e+01 6.250879148436953869e+01 7.083187236738862680e+01 6.039077617129971287e+01 4.053817746071558759e+01 6.007093800177402443e+01 7.582197323094371200e+01 7.765083383652115856e+01 8.593143369472970505e+01 9.447106036833895359e+01 8.290968042498937507e+01 7.394682376328032092e+01 5.806475593068963548e+01 3.799175326645423212e+01 4.323549818608254469e+01
9.953738903938927352e-02 2.009805327010984044e+01 3.600990142826029228e+01 2.188609799824498126e+01 2.986397778689161342e+01 1.638302635508178895e+01 3.726877070093116373e+01 3.389377345518306583e+01 5.375052279764882002e+01 6.382620088443110973e+01 6.037453732105479531e+01 6.865915922699304019e+01 8.020633184194755927e+01 7.239046989662458031e+01 5.563877454938012335e+01 6.042284839434222476e+01 7.023985015584422342e+01 7.524151535560834247e+01 8.110730401638379305e+01 8.743829476033309334e+01 9.161688907688156291e+01 7.147751886430019397e+01 6.139112685024205973e+01 7.980807276653865756e+01 6.725246623445633531e+01 4.675380524414737948e+01 5.927952292375922383e+01 4.797959547290930971e+01 6.213058711652219301e+01 8.290400601711876050e+01 9.985948176482841632e+01 9.175401202200545470e+01 8.822878157084893758e+01 7.993637517903228229e+01 6.636569253250404188e+01 5.171711514092845619e+01 3.165843725794867325e+01
3.582433992925927735e-02 2.003582433992890444e+01 3.836765422933451219e+01 4.188614752759900028e+01 4.608477246541607997e+01 2.607318325381785229e+01 4.608477246541607997e+01 5.375052279764882002e+01 6.202177093756696280e+01 7.116028084495906114e+01 6.283568042834974676e+01 7.116028084495900430e+01 8.094962527961209275e+01 6.409515064875625967e+01 4.411089439483491503e+01 6.409514934117997598e+01 5.024417928278100476e+01 5.523452583232241864e+01 6.109443746360818039e+01 6.741823669035855460e+01 8.466933495909772489e+01 8.988063495238635880e+01 7.566695763492309368e+01 8.525988446033248636e+01 6.549989337064634753e+01 5.142960142552079361e+01 7.080664480036185182e+01 5.500213941988099009e+01 6.775295582087329649e+01 8.741538752884103758e+01 9.175401202200545470e+01 7.214184174085630730e+01 7.788611342241962632e+01 5.988928795386493675e+01 6.356799700212322790e+01 6.002102180931751718e+01 4.615383884516779034e+01
8.338298177320474514e-02 1.008338298177329229e+01 2.422551860550449376e+01 4.422551860550520075e+01 5.702947402926763232e+01 4.846533936231659112e+01 5.702947402926763232e+01 7.074082633477250681e+01 7.658936205790602969e+01 6.106799522434059213e+01 4.261498644491597076e+01 6.106799522434041450e+01 6.103812914019234626e+01 5.777557224933349289e+01 3.781905171368904917e+01 4.962835796737680027e+01 3.615150710445234239e+01 4.111969399184344809e+01 4.742065119669443618e+01 5.635633700879012054e+01 7.050359514356809143e+01 9.052431745857944634e+01 9.580041537534032159e+01 9.053213050787940119e+01 7.081268456587032745e+01 5.675726275467572890e+01 7.658837656104321923e+01 7.462540491654084462e+01 6.641839344636939302e+01 8.583639107394535017e+01 8.947742460554576382e+01 6.980252805814983219e+01 5.808545760589390738e+01 6.356799408131052331e+01 4.349614404811534030e+01 5.197950534518028576e+01 5.298656770017753814e+01
1.813270376062421294e-02 2.001813270376026921e+01 3.830757481409244747e+01 5.244883539917307758e+01 4.879560572028152876e+01 4.610721115957530714e+01 5.437627116121987569e+01 5.074410348228251166e+01 5.660100800426881307e+01 5.272533343663290140e+01 3.261055835910896405e+01 5.272533343649072890e+01 5.397403404294640694e+01 4.112355934810597802e+01 4.479436677976811865e+01 2.969731737461781762e+01 4.962833426886766830e+01 6.109442714263611407e+01 6.741823669035855460e+01 7.571499287076873941e+01 8.466795033192394726e+01 8.249180235066413047e+01 9.079416012689999604e+01 9.630597576285282457e+01 7.658837656104321923e+01 6.381184239163800953e+01 8.357609512881421665e+01 8.583639107394536438e+01 8.583639107394535017e+01 9.388045942115002163e+01 8.374740140048054116e+01 6.402638459497090651e+01 4.989222090470511262e+01 6.131274647857652838e+01 5.197950821280576861e+01 3.191697871118383389e+01 4.468183752209450432e+01
2.351309638313057310e-02 1.002351309637356636e+01 2.416564862120836921e+01 4.302492100996305169e+01 2.924401994406476391e+01 2.619768314230219630e+01 4.319895446562841101e+01 3.660029835059988557e+01 4.395144857661379234e+01 4.601977087663796340e+01 2.611914698500427434e+01 3.781887061676801665e+01 3.396956823811269999e+01 4.165273549720968305e+01 2.482632005741263725e+01 4.479434841106801457e+01 5.700428179086879510e+01 5.735168066361359962e+01 6.063287940346395288e+01 6.510286289784659175e+01 6.982102726178925423e+01 6.245743393947505240e+01 7.662396540206911766e+01 9.665819452508233667e+01 9.174698619065021887e+01 7.373802458530563797e+01 9.174698619065021887e+01 1.051826474356133758e+02 9.556975493405374777e+01 8.672015476108822440e+01 7.852221239478978987e+01 7.189843820989067069e+01 6.131274647857652838e+01 4.132063883065075771e+01 3.595854354442214174e+01 4.825353918768999506e+01 2.820733144067624210e+01
2.372884694381488524e-02 2.002372884505087569e+01 2.260554002588026989e+01 2.389385329468340302e+01 1.518604160245818413e+01 1.466750194595901569e+01 3.461019179196962625e+01 4.393779640472612158e+01 2.395062289471987782e+01 3.326129277405011209e+01 2.554748641648525265e+01 1.776694222531166645e+01 1.977293069358666600e+01 2.183172611828000953e+01 4.184503697559208035e+01 2.877308811417039536e+01 4.871728855174288242e+01 3.741646150365094314e+01 4.067412150913721547e+01 4.511237104896271433e+01 4.980375854382947409e+01 6.982098028647401122e+01 8.707923811793750701e+01 9.604639405435321464e+01 1.015964143475664656e+02 9.341416567232288060e+01 1.015964143475664656e+02 1.013304104618617743e+02 8.158841943554190834e+01 6.758486200566271407e+01 5.865088984009262418e+01 5.195827962246010401e+01 4.676464277606006448e+01 4.215197871847340849e+01 4.152350615713488224e+01 5.652292735577948690e+01 4.236937859084041236e+01
6.296921807001566729e-02 1.332970488071921977e+00 2.605540014023480122e+00 3.893853266825144210e+00 5.190260713929478520e+00 6.503325042526709510e+00 2.650384620833474969e+01 2.394337764295568860e+01 3.121957341775260275e+01 1.326010861279146802e+01 1.510934396809223124e+01 3.513023836539085210e+01 3.981292453257593422e+01 4.184503676272186112e+01 4.656284450148577747e+01 3.879466606590170130e+01 3.292676235659743611e+01 5.283724737335189303e+01 6.063287940346395288e+01 4.818959571118385554e+01 6.819370489199488361e+01 5.874602626346977274e+01 6.770610838827241196e+01 8.187293495326164816e+01 1.019071152707613663e+02 1.005285791681147600e+02 9.222550822667901116e+01 1.005285791681147600e+02 9.556975493405374777e+01 8.672015476108822440e+01 6.826304513959351539e+01 7.189843820989067069e+01 5.834735696871478439e+01 6.236451018860755369e+01 4.732820520095554429e+01 6.736940474157162839e+01 6.230237142362103242e+01
8.175220331382776484e-02 2.008175220331347077e+01 1.260554001402356761e+01 2.389385323302349207e+01 2.519026076289262406e+01 2.640271957254444501e+01 8.397379937768238989e+00 9.801104750455444048e+00 1.121886716047212751e+01 3.121992402338371164e+01 1.662990614752203911e+01 3.635578229144259410e+01 4.828681938642321825e+01 5.999217598871429402e+01 6.317097548347715730e+01 5.766825962799991601e+01 4.285370979088179411e+01 6.112550315660054423e+01 7.397479601827292583e+01 5.394845701518647019e+01 7.397479601827292583e+01 7.291303523171129086e+01 8.708555844179549865e+01 9.604930137006162738e+01 1.020779257718020574e+02 9.051923750882558295e+01 7.221788571812925284e+01 8.482555890094351980e+01 9.312460434249986463e+01 9.627943689091853230e+01 8.807408238716317328e+01 8.641994898394985114e+01 7.822027503966180007e+01 7.372075393667266496e+01 5.368791650699211004e+01 7.372075393667266496e+01 7.626375042577755892e+01
7.631710034972485901e-02 2.007631705765098218e+01 3.260553999713285833e+01 3.260553996342888894e+01 3.506269072479123849e+01 1.506404757063484290e+01 2.839810964857433717e+01 2.980297980881273290e+01 2.536123010257923838e+01 3.121991963762639699e+01 3.635578229144259410e+01 1.990857682120957861e+01 3.131996085178938571e+01 5.167161638680285307e+01 6.382040586529729609e+01 7.111867877646844249e+01 6.282079360877432350e+01 7.111867877646844249e+01 8.227642661598541451e+01 6.550737017851398036e+01 6.661139500855873052e+01 8.664488940915008186e+01 1.012444811737548918e+02 1.019158149203393435e+02 9.377370873628089498e+01 7.376503743161306659e+01 6.221652597721254807e+01 6.481959892433725656e+01 8.156913426896457509e+01 8.034876892927759684e+01 8.864614956322994033e+01 9.439373128370576183e+01 9.371085119582339473e+01 7.372075393667266496e+01 6.372089337193526148e+01 8.199930170567992604e+01 7.708643654338203532e+01
9.124702163186203252e-02 1.423338264536293707e+01 3.423338264536364051e+01 5.260553888768497188e+01 4.334394061181194502e+01 3.506269072479161508e+01 2.262335089514757058e+01 4.262114730690871767e+01 4.536413985470888832e+01 5.122444724025260143e+01 4.828683572450054129e+01 3.992158285760423553e+01 2.340158579623323121e+01 3.517309010430952299e+01 5.551608092737191669e+01 6.945772230467254360e+01 7.773768074666526218e+01 8.927399102860208302e+01 9.384536425142724170e+01 8.554151482004452589e+01 8.077749709394011290e+01 9.494742349882430688e+01 9.605597330244582110e+01 8.188895729019698422e+01 9.605597330244582110e+01 9.051923750882558295e+01 7.327511252305296807e+01 5.327083864926742507e+01 6.620253366861963684e+01 6.034297116713524645e+01 8.034876892927714209e+01 7.438356154479770055e+01 8.854070160370763176e+01 9.199609517169353978e+01 8.372061450141015371e+01 9.199609517169353978e+01 8.533762265385982460e+01
8.187870513261463756e-02 2.008187870513225803e+01 3.135591914986402173e+01 3.958719698823324507e+01 4.844139098901265328e+01 5.090162809758965068e+01 4.262114730690871767e+01 3.156768415957769136e+01 4.570869078802856222e+01 6.569855629426011490e+01 5.832409861538858564e+01 3.804777520742574382e+01 2.607948730032643780e+01 4.661945941909208813e+01 5.789031847912371376e+01 4.942239116709684765e+01 6.101591712729519656e+01 8.098944263042226055e+01 8.663044327402542422e+01 9.491835056577343721e+01 1.008112368061364492e+02 9.268403963109992105e+01 8.438286959825983047e+01 6.772351095460254555e+01 8.709646202843109108e+01 8.959415088724533405e+01 7.803910312492149615e+01 6.620253366861963684e+01 4.619898532425310833e+01 6.620253366860993083e+01 7.853469978793654604e+01 6.023945470355279497e+01 7.853469980414048734e+01 8.854070160370763176e+01 9.202642063546494455e+01 8.049022943183297230e+01 7.221480709307488155e+01
2.239863785106879432e-02 5.569400672650790973e+00 1.134290500598803852e+01 2.028697880702902978e+01 3.182760592114671638e+01 5.172095336295691226e+01 5.984309953489493239e+01 4.570869078802856222e+01 4.570869078802856222e+01 6.569855629426011490e+01 6.659492785001212667e+01 5.494642724830551117e+01 3.537704703770561565e+01 3.065513398319781402e+01 3.765403100393312030e+01 5.789031847908923822e+01 6.585625442352652215e+01 7.251836696239517721e+01 6.667295356096965975e+01 8.663044327411802215e+01 9.854497290298671430e+01 7.851673433771310329e+01 6.435444070108950143e+01 5.876924525285957657e+01 7.879647333798074271e+01 8.129615942546655560e+01 6.129017991606347238e+01 4.974162020751224844e+01 4.211594140920308149e+01 6.211932646122016166e+01 6.171225292971291054e+01 5.023806461119728084e+01 6.023945470355279497e+01 8.024440456862997451e+01 8.375248780370958457e+01 6.376863861138293998e+01 5.222490451810046608e+01
1.991760116496149591e-02 2.001991760116460739e+01 3.135591914986402173e+01 2.762583981174007519e+01 4.734063939416721922e+01 5.990320722509441964e+01 7.005740309175544667e+01 6.569855629426011490e+01 6.569855629426011490e+01 7.397750828176131677e+01 7.209004155856874263e+01 5.203450201600561797e+01 5.571476209340511332e+01 5.114488932071587612e+01 3.610231107307218679e+01 4.087399836466755687e+01 4.582262064136951096e+01 5.253202934598292728e+01 6.408328005502175984e+01 8.404090996105266242e+01 9.535965349894709675e+01 8.705765606140256807e+01 7.171577894430123479e+01 5.169482081860823541e+01 7.171577894430123479e+01 8.006206475607341133e+01 7.803910312492149615e+01 5.819633989513771155e+01 3.819193756110180971e+01 5.463980239160709829e+01 4.170834198930693049e+01 5.325745703365554107e+01 7.326171890754267224e+01 8.854070160370763176e+01 7.941263827499861350e+01 7.047414186234703948e+01 6.067363146033897436e+01
1.766589122093755945e-02 8.961906200548382273e+00 2.050768556773541818e+01 4.045989557888946564e+01 5.567883560784878227e+01 5.386032668312405036e+01 5.022011682874644833e+01 7.005740309175544667e+01 6.958962156171841684e+01 7.779342554349808836e+01 7.881202941913583970e+01 7.209004155856874263e+01 6.905656713964604876e+01 4.901436121241898292e+01 4.528763365542342711e+01 6.099738453247992709e+01 6.000685795786159105e+01 6.000685795786159105e+01 7.997794670284044116e+01 9.232548308296220796e+01 8.705765606140256807e+01 6.702900662667782683e+01 6.671053941287804889e+01 4.669371246327237657e+01 6.003826376300951040e+01 6.003826376300951040e+01 6.627198720167868373e+01 5.476561319822911855e+01 3.475755029684386699e+01 3.463168652996917984e+01 5.463026350159107380e+01 6.978308470698763699e+01 8.155561988650349292e+01 8.526736812585835423e+01 6.528419430953375979e+01 5.114663075377551138e+01 4.220279065909912930e+01
6.490672536223988931e-02 2.006490672536188313e+01 3.723661787984673310e+01 4.875446994812415369e+01 5.386032668312405036e+01 3.390613102002910040e+01 5.386032668312405036e+01 5.331035212572001569e+01 4.965166980997750557e+01 6.256229823682520674e+01 5.891025449210896170e+01 7.881202941913583970e+01 7.733693477593899956e+01 6.320635158235958073e+01 5.690957539809219412e+01 7.363488181891067086e+01 7.997794670283974483e+01 7.997794670284044116e+01 8.826084646411568713e+01 8.374378805833235617e+01 8.705765606140256807e+01 6.702900662667782683e+01 5.287323722430712536e+01 4.580033069099049214e+01 4.002480691320468509e+01 5.518428749680438017e+01 4.626669989175735509e+01 6.041560013176538035e+01 5.004968459528507907e+01 3.003038316212804304e+01 4.159408912962964422e+01 6.157590642725490682e+01 7.510425655921113730e+01 7.810018281366242832e+01 7.941263827499861350e+01 7.047414186234703948e+01 5.665665412505765630e+01
