MOVIE_S12_data/elevation_000182.asc
nrows	50
cellsize	150.0
xllcorner	0
ncols	50
yllcorner	0
NODATA_value	-9999
[rows 0 to 16 of 50, columns 0 to 36 of 50]
8.271705653423140625e-02 2.127631151761726416e-02 9.425194436011796739e-02 4.939197167322698090e-02 3.975871534419905817e-02 6.171646774684565184e-02 1.696294146011132625e-02 1.936121709489252440e-02 4.216450047424835645e-02 2.297044857093000214e-02 6.704298068806634203e-02 4.162315340452049650e-02 3.835349583220235004e-02 2.777463300387698203e-02 2.207885817162396139e-02 7.161913568127860341e-02 9.025521335945362045e-02 3.502399586135773735e-02 8.040414306008919487e-02 3.131346976591601466e-02 7.604099264847130613e-02 2.387740603804927586e-02 5.687112022313325910e-02 4.074439634684711570e-02 8.709178300582484655e-02 7.612946965408906586e-02 1.077918208624280109e-02 9.929772718869623455e-03 4.600412614040166881e-02 2.152795518990661267e-02 2.378824418737431057e-02 9.511189423522797837e-02 9.406546861214974686e-02 1.749038473908382007e-03 2.223905489293687143e-03 6.269637160239108220e-02 9.476101746191394060e-02
7.639902522890137937e-02 2.002127631151726206e+01 2.009425194435976181e+01 2.004939197167287190e+01 1.158676409913661409e+01 2.006171646774633643e+01 4.187251222601589440e+00 2.001936121709419325e+01 2.004216450047389131e+01 2.002297044857057529e+01 3.269606056789815529e+00 2.004162315340384026e+01 2.003835349583184566e+01 8.192740442281209567e+00 2.002207885817126964e+01 1.421434074904926348e+01 2.009025378142052887e+01 1.226006664212186292e+00 2.002670883327716211e+01 2.002754527446365174e+01 2.007604099264811737e+01 7.583166866448073584e+00 2.005687112022277674e+01 1.418288002007792237e+01 2.008709178300546938e+01 3.557682588768038556e+00 2.001077918208588713e+01 2.000992977271851458e+01 7.117071938005907761e+00 1.416366357892098193e+01 1.416592387021965749e+01 1.462569918395990243e+01 2.009406407787798798e+01 1.926248709212156740e+00 2.000222390548893969e+01 1.420483199533346585e+01 1.423689664119299003e+01
7.813061968023242432e-02 1.422026624341130763e+01 3.422026624341201284e+01 3.987103534659750892e+01 3.158676409913625704e+01 1.683636152475156678e+01 2.418721839064654588e+01 1.125831903442711024e+01 3.125817159116519761e+01 2.651406948746441472e+01 6.514034479405079736e+00 2.651406948746356917e+01 3.647701168722267795e+01 2.233487606601241282e+01 2.819274044228156484e+01 3.422808457804097060e+01 2.242036588305741773e+01 2.419106636755975703e+00 2.241660807377497378e+01 3.242579126638334941e+01 3.586495352556215721e+01 2.172531074775734439e+01 2.391312901974778526e+01 3.418288002007862758e+01 2.691069613554513396e+01 7.093216494700761210e+00 2.709321491593172482e+01 3.467639984515775353e+01 1.467636139819082430e+01 3.416366357892168537e+01 3.416592799408104497e+01 3.462219423485967695e+01 2.385777752571346255e+01 3.859709345431067806e+00 2.385777752571346255e+01 3.420483199533416752e+01 3.423689664119369525e+01
1.795629399984677299e-03 2.000179562939963063e+01 2.819023367191815410e+01 4.819023367191886109e+01 4.512003500392057020e+01 2.838336444587473650e+01 3.660326944569616359e+01 1.660354387255194197e+01 3.660326944569616359e+01 3.022800961857386426e+01 1.022794124294614981e+01 1.806103997013064699e+01 3.806112254708021680e+01 4.233487606601311626e+01 4.819274044228406950e+01 3.653902433534005212e+01 1.656618363328068355e+01 2.230034384243252532e+01 4.130948606799620393e+00 1.827838508791155903e+01 3.841284207131052852e+01 4.172576970939751817e+01 3.805540864534913936e+01 4.396885942659238111e+01 2.479821055129444218e+01 1.080712356093665072e+01 3.082974460369874947e+01 4.296162668224550174e+01 2.622336680534693443e+01 4.296226447321055275e+01 4.419772526278896407e+01 2.351709792019431333e+01 1.359282981934252454e+01 5.820986966688204589e+00 2.583552828939144419e+01 3.449322061456808086e+01 4.026303274646250685e+01
2.526786264046545702e-02 8.190233671917797054e+00 2.233236929564899853e+01 4.233236929564970552e+01 5.666662968758458874e+01 4.838316109986892144e+01 4.263326910377768542e+01 2.263377076319768122e+01 4.263326910377768542e+01 3.407705627833844630e+01 1.407694303754368903e+01 3.407705627833788498e+01 3.220318210467840458e+01 5.220344181069728506e+01 5.866724934024426830e+01 4.470876766086325205e+01 3.651963034554611909e+01 2.534026749023038860e+01 5.350370128499000622e+00 2.535141321038676310e+01 4.062935385822989787e+01 4.923676323208866279e+01 5.805700361619158656e+01 4.235006187287919488e+01 2.235602202743680778e+01 3.082974460369874947e+01 1.747408873499947290e+01 3.750756960471489521e+01 4.622353675072650248e+01 5.451141586935975880e+01 5.290488392374633975e+01 4.090702861178370853e+01 2.946283327317543410e+01 9.912606581567120045e+00 9.135046930391801823e+00 1.449340980591949801e+01 2.027581359642812231e+01
8.483503398980346555e-02 2.008483503398944947e+01 3.647450491938069916e+01 4.233144535373870809e+01 6.233144535373799755e+01 6.262972619975719368e+01 4.263326910377768542e+01 3.079873650484296377e+01 5.079758595265229815e+01 3.815960298354890057e+01 1.815942594218239137e+01 3.815960298354886504e+01 5.220344181069400236e+01 6.048872955553970598e+01 5.044666384637088896e+01 3.075001980268522317e+01 2.079868363056332825e+01 1.324372256708274342e+01 6.576649329682467737e+00 1.593647332590342280e+01 2.098834735433286269e+01 3.505180340827098462e+01 5.510890783405771742e+01 5.064159455125768261e+01 3.390733852081911692e+01 4.384686194481914612e+01 2.380025939643100230e+01 2.903180802505435665e+01 4.908566802877101765e+01 6.277493332253433067e+01 5.123952637048851244e+01 3.611086202303821580e+01 1.611337344600864796e+01 2.993950308177419828e+01 2.914811486347516123e+01 1.289098481873697288e+01 3.289525578537782025e+01
4.163169627051844027e-03 2.000416316962669683e+01 2.233144535373941508e+01 4.233144535373870099e+01 5.417865934583368670e+01 6.246296030257364151e+01 5.907455423139518302e+01 4.494076380741407206e+01 5.907455423139518302e+01 4.315973113527209648e+01 2.315942594218268269e+01 3.080853889442884253e+01 4.235556044964609868e+01 6.235664699067513794e+01 5.866724934024426830e+01 4.879701818126957136e+01 4.057758519684703913e+01 3.310566135158244805e+01 2.657872679524930248e+01 8.351908209923941229e+00 2.835795415167345368e+01 4.585659718315228872e+01 5.415602434537171916e+01 6.218652345727869601e+01 5.390452395822510567e+01 5.093966382838632256e+01 3.087819059045390802e+01 4.908566802877101765e+01 4.540611740204585089e+01 5.449337370540035153e+01 3.451907231466839931e+01 2.298919401344865676e+01 3.611086202303821580e+01 4.438781435478976078e+01 3.559143952690100576e+01 1.559600574208492496e+01 3.559143952690100576e+01
2.434392073152260791e-02 8.189309730008712762e+00 2.818930973000835749e+01 4.412467856976721237e+01 3.417865854782892399e+01 5.091594246437392712e+01 5.824656261836096149e+01 6.493458321949714218e+01 6.265421546664444463e+01 4.264687334849174505e+01 2.850465078044499734e+01 4.850515464858111869e+01 5.909593827978185487e+01 7.064509060299192811e+01 6.321561631187185526e+01 5.174061329563166112e+01 4.349901302470181719e+01 3.350266681117891210e+01 1.355412977992986612e+01 9.625520585266244211e+00 2.963256258440460655e+01 2.585363398673560908e+01 4.585659718315228872e+01 5.693490014240574482e+01 6.523968243978528392e+01 5.923747220246475820e+01 4.090600273313683033e+01 5.923747220246475820e+01 5.959203800728761280e+01 5.294744214650586400e+01 3.297496869466731795e+01 3.451907231466839931e+01 5.123952637048851244e+01 5.249570612865038299e+01 3.250915855601529358e+01 1.837647887630772914e+01 3.526405503181868539e+01
5.883922493566802470e-02 2.005883922493531202e+01 2.655257089140492610e+01 2.412467814711865088e+01 2.263165316380175796e+01 3.824655721234766759e+01 3.824655721702204403e+01 5.686462279813661524e+01 6.514870824997630905e+01 5.679338746743987798e+01 3.744892282468497768e+01 4.264681394594242647e+01 6.264855655603543028e+01 7.046852255366955831e+01 5.496174049218962665e+01 3.510771412518541013e+01 2.359089369988042861e+01 1.932933818952040639e+01 3.275786862514968334e+01 1.300844392261843119e+01 1.171448488059911774e+01 3.171236626314112073e+01 4.213094559356723323e+01 3.691802070146695769e+01 5.693490009537011787e+01 6.926328576715484076e+01 6.097332492363583611e+01 6.926328576715484076e+01 7.961897074718277167e+01 6.122874466014642536e+01 4.190065990704609789e+01 5.449337370540035153e+01 6.277493332253433067e+01 5.552447867520481140e+01 3.576120811334833149e+01 2.163563192069895891e+01 2.517990069890708327e+01
2.016265153036126551e-02 3.264591074145618332e+00 6.552570820252777928e+00 9.982542523102985399e+00 1.398254252310302093e+01 1.824655685021530616e+01 3.824655702728052376e+01 3.686463004550160605e+01 5.686462279813661524e+01 6.573986109518833132e+01 4.899594188264259031e+01 6.264855655603543028e+01 7.094135738957621129e+01 6.220142216604717333e+01 4.237446263216209275e+01 3.088472439377542500e+01 4.349901302470181719e+01 3.925458934611707207e+01 3.623125592081309065e+01 1.647050632032378559e+01 3.171236591609946842e+01 1.384478331773990512e+01 2.278310782171744364e+01 3.601209458320347778e+01 5.602692243833050156e+01 6.234873440519537269e+01 6.453572670272032497e+01 7.283715430975581739e+01 8.055406990124643585e+01 7.016750636922101592e+01 5.602812234153288529e+01 7.016750636922101592e+01 6.330062152514541651e+01 4.347526945897929807e+01 2.956854759710565617e+01 2.589120852512101223e+01 3.804520323640531387e+01
1.256007409845548775e-02 2.001256007409810067e+01 2.655257089140492610e+01 2.998254264717860096e+01 2.812467814735132166e+01 3.824655721234767469e+01 2.531762466208090601e+01 4.531762536457427615e+01 5.686460718367846567e+01 7.686433379323814563e+01 6.899808516822629656e+01 7.729160575935208044e+01 7.212230121060251520e+01 5.228080527298477165e+01 4.084194609990564118e+01 4.494460002259027931e+01 5.899977207121514056e+01 5.380013618277622101e+01 3.978646696290411455e+01 1.999188851232677067e+01 3.978646684352838037e+01 3.383757616529028667e+01 1.602307615701079513e+01 3.601209452135893940e+01 4.652196072513009995e+01 4.239675698787129932e+01 4.457829980341761456e+01 6.056131130292634879e+01 6.056131130292635589e+01 7.884449962177417603e+01 7.602296685715525371e+01 7.269385559276405218e+01 5.276779707330714331e+01 3.882900565181540742e+01 4.928198063974863175e+01 3.008981742429572392e+01 4.231636091788242027e+01
1.283213977233468341e-02 7.083779472725793447e+00 2.715252182694261407e+01 4.645099963377584373e+01 4.812467879031263607e+01 5.360193894476915943e+01 3.945976029429733245e+01 3.796673530786726047e+01 5.210887143798966292e+01 7.210903242208233621e+01 7.347045894257378507e+01 8.174928304548963354e+01 8.041683987614352702e+01 6.893051612479010259e+01 5.228080527315972148e+01 6.478043734692525391e+01 6.094215616101699595e+01 4.544087149732472852e+01 2.544953254802096154e+01 3.389117602035516086e+01 4.813001545582514495e+01 4.430660332625987508e+01 3.601209457783378554e+01 1.823807069757855359e+01 3.822617177634764829e+01 2.828136898554016199e+01 3.430451276052756526e+01 4.062287112538301415e+01 5.059027076692983371e+01 7.053235183892289228e+01 8.533157640367534214e+01 6.534958530578059310e+01 5.128271842262181934e+01 5.860400449133607736e+01 5.416150652913911756e+01 3.447355712532954897e+01 5.416148800910569605e+01
9.594114293757748102e-02 1.982952246913490413e+01 1.861516594957350534e+01 3.263849904664709811e+01 5.219047237352474866e+01 6.398640074122979371e+01 5.945977017985843105e+01 5.796675887794912541e+01 6.625187311623550102e+01 7.020666391980617504e+01 5.347593974109152271e+01 7.020666391981302468e+01 8.134488487056195538e+01 8.041711748539094629e+01 7.212231953386572059e+01 6.688802658435847093e+01 4.666380042243545745e+01 3.237407624805387485e+01 3.426152169188998187e+01 5.380013618277622101e+01 6.236885489129517879e+01 5.191443521662611005e+01 4.043372022546389388e+01 2.044351523846776431e+01 2.143503324956876099e+01 4.139461121922229125e+01 5.338060803781986152e+01 6.056131098999457407e+01 6.885512121154565079e+01 7.884449962177417603e+01 8.262333063850556414e+01 7.948223188932792027e+01 7.120217499674454587e+01 6.480632254665152914e+01 4.489169530526406504e+01 4.316021009619286275e+01 4.832342031303854668e+01
3.950229235330715398e-03 2.000395022923497379e+01 3.835079958150905810e+01 4.645099963377583663e+01 4.765769969063358502e+01 4.398790654486363394e+01 6.398640074122979371e+01 6.156960459216563208e+01 6.970579625962632520e+01 6.192661634622087519e+01 4.192920469248156934e+01 6.192661634622087519e+01 6.135338844554694759e+01 7.548801550903601765e+01 7.548449935109766784e+01 5.532398367909423342e+01 4.096269444006659199e+01 5.258733912101227048e+01 4.593609802967431932e+01 6.283626269456040347e+01 5.777202164334374146e+01 3.775176092715519616e+01 2.361801602933373090e+01 4.043371980528024068e+01 4.139458945195561768e+01 2.513993392899565649e+01 4.510134939815242916e+01 5.413334117646369492e+01 5.970153923576250321e+01 6.646462655270397590e+01 6.283304068108571272e+01 8.262333063850556414e+01 7.893979248267173432e+01 5.895204761575955388e+01 6.480632254665152914e+01 5.307143488719808033e+01 6.825589345035241706e+01
7.711341127313005306e-02 1.421924903500420534e+01 3.421924903500490700e+01 4.765769969063358502e+01 2.765825323100679967e+01 4.765769969063358502e+01 5.827405531680489048e+01 4.170386623049009245e+01 5.827405549933239115e+01 5.485646228172424088e+01 3.485813825895802864e+01 5.456216895609850326e+01 4.721274256403400926e+01 6.720876218236720945e+01 7.548449935109765363e+01 5.532398367909423342e+01 5.270221022283448775e+01 6.956654013727819574e+01 6.616338512605470612e+01 7.449565162713466293e+01 6.008412062703055057e+01 4.006072684960012253e+01 2.592125599225653687e+01 4.592544331601505547e+01 4.510134248127687329e+01 4.510135124748801871e+01 2.905432732929213913e+01 3.405583057317436868e+01 3.943560408824979646e+01 4.658750780235747868e+01 5.811187622928684959e+01 7.787469568596041825e+01 8.722395683001597888e+01 7.893979248267173432e+01 8.133600696171657773e+01 7.305204971990005447e+01 8.133600696167727051e+01
9.541454368626212448e-03 1.415167707809970210e+01 3.415167707810040554e+01 4.009861971449733176e+01 2.009896478756775196e+01 4.009861971449733176e+01 3.865644589286043953e+01 3.016636387279463349e+01 3.872306182976894462e+01 4.250255533446424749e+01 2.853358264538714550e+01 3.456380981867607716e+01 4.870561027082081296e+01 6.870115236292974714e+01 8.380909659546203727e+01 7.548449935109765363e+01 7.287648495388219771e+01 8.120120674903500912e+01 7.692305355858667326e+01 6.690442742276481169e+01 5.210305172552914854e+01 3.208531294798157063e+01 2.874318125059580353e+01 4.875563163022381730e+01 6.506728617612075993e+01 5.729434290468952184e+01 4.901619514289432544e+01 3.397179888389821656e+01 5.385988677920744294e+01 5.175511590520411431e+01 7.150973297929982664e+01 8.613891464274816201e+01 9.535834193548430449e+01 8.861602169459607126e+01 8.032144607893968669e+01 8.861602169442775789e+01 7.896711984529730444e+01
2.297228869525369793e-03 2.000229722886917116e+01 2.424444857685899279e+01 2.595518348917092766e+01 1.377440949890811517e+01 2.963381657780503886e+01 1.862072304951633583e+01 3.348545398747564406e+01 1.872371096988323558e+01 2.250335570116643780e+01 4.250255533446425460e+01 5.456216895609850326e+01 6.284292903155900234e+01 7.217774089191279074e+01 8.045976187213598507e+01 8.088021380626719292e+01 8.916201571098525847e+01 8.278389159685470133e+01 6.274358176148233213e+01 4.858612964583333849e+01 3.857570330936543002e+01 5.164516967924406998e+01 3.162586545241968139e+01 5.164515821804455697e+01 6.426706120724333005e+01 7.428180376279297548e+01 5.755802852100936917e+01 3.755972026668840158e+01 5.316023805606617003e+01 6.579825240073571990e+01 7.828852309973885326e+01 8.948691566425074484e+01 7.531903712640334447e+01 7.859800552958655828e+01 6.028079303805730405e+01 7.859800552958655828e+01 7.677987149969024472e+01
