MOVIE_S12_data/elevation_000042.asc
nrows	50
cellsize	150.0
xllcorner	0
ncols	50
yllcorner	0
NODATA_value	-9999
[rows 0 to 16 of 50, columns 0 to 36 of 50]
8.271705653423140625e-02 2.127631151761726416e-02 9.425194436011796739e-02 4.939197167322698090e-02 3.975871534419905817e-02 6.171646774684565184e-02 1.696294146011132625e-02 1.936121709489252440e-02 4.216450047424835645e-02 2.297044857093000214e-02 6.704298068806634203e-02 4.162315340452049650e-02 3.835349583220235004e-02 2.777463300387698203e-02 2.207885817162396139e-02 7.161913568127860341e-02 9.025521335945362045e-02 3.502399586135773735e-02 8.040414306008919487e-02 3.131346976591601466e-02 7.604099264847130613e-02 2.387740603804927586e-02 5.687112022313325910e-02 4.074439634684711570e-02 8.709178300582484655e-02 7.612946965408906586e-02 1.077918208624280109e-02 9.929772718869623455e-03 4.600412614040166881e-02 2.152795518990661267e-02 2.378824418737431057e-02 9.511189423522797837e-02 9.406546861214974686e-02 1.749038473908382007e-03 2.223905489293687143e-03 6.269637160239108220e-02 9.476101746191394060e-02
7.639902522890137937e-02 2.002127631151726206e+01 2.009425194435976181e+01 1.419152759540405206e+01 2.003975871534384368e+01 4.533852422746405431e+00 2.001696294145975585e+01 1.416149684082596849e+01 2.004216450047389131e+01 1.002297044857084352e+01 3.548596099802030057e+00 2.004162315340416356e+01 2.003835349583184566e+01 2.002777463300352068e+01 7.581368318356201286e+00 2.007161913568092260e+01 1.423239083766463686e+01 1.417715964392898798e+01 2.008039461685364913e+01 2.002857859072183189e+01 1.248461756169570780e+00 2.002338721027943436e+01 2.005687112022277674e+01 5.587746358599114060e+00 2.008709178300546938e+01 1.421826509338516509e+01 2.001077918208588713e+01 3.932252475482558296e+00 2.004600412614004767e+01 2.002152795518955131e+01 1.157079362797978916e+01 7.654402487904453878e+00 2.009406546861179521e+01 1.414388466220498408e+01 1.478895725325929611e+01 1.951597248900319315e+01 2.009473951052942908e+01
7.813061968023242432e-02 1.422026624341105716e+01 3.422026624341034307e+01 3.419152759540334330e+01 2.912216710015724530e+01 9.122167100157600572e+00 2.912216710015724530e+01 3.416149684082667193e+01 3.002297044857048647e+01 3.002297044857048647e+01 1.509560148359444476e+01 8.800853414190887847e+00 2.880085341419053080e+01 3.586563956581910162e+01 1.758136831835637892e+01 3.586563956581910162e+01 3.423239207071532064e+01 3.417717717698139523e+01 3.236611768627911090e+01 2.242108021276938601e+01 2.422902195198980202e+00 2.242390258135904091e+01 3.136124905049496547e+01 1.136124905049532252e+01 3.136124905049496547e+01 3.421826509338586675e+01 2.793225247548292955e+01 7.932252475482575171e+00 2.793225247548292955e+01 3.985506487544068221e+01 3.157079362797943389e+01 1.659873160559362759e+01 3.594793357379764842e+01 3.414388466220568574e+01 3.600603478643412103e+01 3.286021815308727412e+01 2.387764685347341853e+01
1.795629399984677299e-03 2.000179562939963063e+01 3.586882857028794547e+01 4.586882857028611227e+01 3.412216710015684384e+01 1.412216710015755794e+01 3.412216710015826493e+01 5.183452876344126281e+01 5.002297044856722863e+01 3.509560148359373954e+01 3.264985520878764902e+01 1.264985520878835956e+01 2.419686059258107846e+01 4.419686059258178545e+01 3.172350394208758217e+01 4.586563956581927926e+01 4.792671081356849783e+01 3.964355058463597459e+01 2.409828887289010524e+01 4.098317828365769522e+00 2.242301562456719211e+01 3.072349181549992636e+01 3.802791571716115726e+01 1.802791571716187136e+01 3.802791571716115726e+01 4.633840242632673068e+01 2.633840242632602369e+01 1.219626680259482221e+01 3.219626680259552387e+01 5.048053805009585204e+01 3.661112395882531700e+01 3.661112395882531700e+01 4.485360969387414798e+01 3.924669341298764635e+01 3.442014119953035589e+01 2.384244961443520339e+01 6.841536836498452345e+00
2.526786264046545702e-02 7.584557322825042469e+00 1.758455732282521922e+01 3.758455732282592265e+01 4.240643834761845454e+01 2.566917248395027684e+01 2.355025751597835892e+01 4.355025751597906236e+01 6.337987273105463260e+01 4.846087491969209538e+01 2.846087491969280592e+01 1.691386953590049558e+01 3.691386953589978503e+01 5.248113184004197507e+01 5.172350394208828561e+01 5.378558560568396274e+01 3.378616648700442227e+01 1.964446557529964110e+01 2.527907909239848294e+01 5.297091985356431110e+00 6.646711725098566781e+00 3.532883995366825758e+01 4.631218696462276796e+01 2.802791571716169372e+01 4.631218696462276796e+01 4.374327218638824633e+01 2.374327218638754289e+01 2.219626680259464635e+01 2.219626680259499807e+01 4.219626680259570151e+01 5.664951045776193439e+01 5.352331217065810876e+01 3.349144589212325229e+01 1.940807362357895371e+01 1.549094079816823211e+01 1.184094951227596759e+01 9.538341206573909048e+00
8.483503398980346555e-02 2.008483503398944947e+01 3.586882857028794547e+01 4.586882857028611227e+01 5.395344373141318073e+01 4.566917248395098028e+01 3.769239313970980731e+01 3.769239313970980731e+01 5.769239313971051075e+01 5.674514616715570980e+01 4.268737222779594020e+01 2.268737222779665075e+01 2.956298017657378807e+01 4.370511580030424170e+01 6.370511580030353116e+01 5.882591065693013377e+01 4.291918615861628439e+01 2.316101733309598032e+01 6.999912283525875800e+00 2.528996358923805943e+01 3.248821477445329009e+01 4.399111221632790603e+01 5.631218696462259032e+01 4.802791571716097963e+01 5.631218696462259032e+01 5.202754343476083676e+01 3.529027757018046429e+01 3.374327218638675419e+01 3.219626680259534623e+01 5.048053805009585204e+01 5.972006143649843324e+01 3.964029885401826903e+01 2.555150678649965457e+01 3.935864368528399382e+01 2.958532503156706284e+01 3.185912249728185941e+01 1.226000905857816292e+01
4.163169627051844027e-03 1.000416316962713914e+01 2.414629879335834062e+01 4.414629879335904405e+01 5.579101744431952881e+01 6.407527326866907913e+01 5.769239313971051075e+01 5.769239313971051075e+01 6.597666438717371307e+01 5.682950785152638673e+01 3.682950785152709727e+01 3.085233803707376765e+01 4.956298017657307753e+01 5.784725142403468112e+01 5.882591065693013377e+01 3.886116629037859838e+01 3.805994274539013844e+01 2.013869037102666937e+01 8.221762061551897816e+00 2.822036960148555806e+01 3.137855634189148901e+01 3.935594062549620986e+01 5.194564982491883143e+01 6.098550284287831857e+01 6.684398579133497265e+01 6.357454882136012486e+01 5.529027757018116773e+01 4.788540781011720782e+01 4.633840242632679463e+01 6.048053805011752360e+01 6.446154092819523385e+01 4.434514711958070166e+01 3.023060232289341798e+01 5.023710245310483202e+01 4.959317229653709802e+01 4.061277705494156720e+01 3.227835871065742879e+01
2.434392073152260791e-02 2.002434392073116598e+01 3.828843441708803397e+01 5.054150201483118821e+01 3.579101802047948411e+01 5.091067894121065507e+01 5.846996818132448936e+01 6.675422369131712230e+01 7.830121781635048706e+01 6.511377909898699556e+01 5.682950785152638673e+01 4.085233803707341593e+01 5.913660928453466425e+01 6.573428866429019024e+01 5.574815666952874693e+01 4.252476514254470175e+01 2.258873104707215873e+01 1.366149274966348948e+01 2.819635768197745307e+01 1.006492416340467777e+01 1.137727465224229029e+01 2.524600930777458174e+01 4.099483241820286139e+01 4.098699634398513325e+01 4.684449688352131602e+01 6.442945211874894085e+01 7.271218410761422035e+01 6.788540781011579384e+01 6.633840242632821571e+01 7.192257046314085756e+01 5.177533112788873382e+01 4.018364849670444983e+01 3.912527310704417260e+01 5.856323994934655985e+01 6.207218755341956751e+01 5.200663351563895276e+01 3.917362675064401856e+01
5.883922493566802470e-02 1.420097484866674264e+01 3.420097484866744963e+01 3.054150285416156763e+01 2.424401263672575979e+01 3.091067930339231040e+01 3.846996876357658834e+01 5.001697414710372414e+01 7.001697277010840992e+01 7.436064165438217799e+01 6.913660928453330712e+01 6.085233803707270539e+01 6.913660928453330712e+01 5.745559930586230735e+01 3.748924205901107598e+01 2.752123283303351542e+01 1.997975880364019829e+01 3.362226040776588576e+01 3.831900264334411332e+01 3.006547467237079374e+01 3.137862784663737870e+01 1.325821503858126960e+01 3.325924197990560316e+01 2.684258197239415722e+01 4.684449688352131602e+01 4.454461689673136249e+01 6.121282294733277496e+01 6.570926456237094726e+01 7.399391786390583547e+01 8.023328215932900775e+01 6.861537230063927950e+01 5.177533112788873382e+01 5.071057835006983794e+01 6.755281941010312607e+01 5.369923596780418507e+01 3.360879096582903003e+01 2.361720792605107633e+01
2.016265153036126551e-02 2.002016265153000774e+01 2.991051028654900890e+01 1.639936723119853923e+01 3.054150285422669597e+01 5.054150235416952341e+01 5.846996818132448936e+01 5.469854407790318618e+01 5.440871845728667466e+01 5.440869824353026019e+01 6.507627137753338786e+01 7.334331732600068676e+01 8.216097205478105536e+01 6.573428866429019024e+01 5.574815666952874693e+01 4.569036915295566104e+01 2.574134030222700176e+01 4.569036915295566104e+01 5.234338178493829474e+01 3.851313080143538770e+01 1.850994209449565631e+01 3.326003459573865229e+01 1.529370037458830645e+01 3.529624038351703064e+01 4.065178415398969491e+01 3.307811212039061388e+01 5.161300982766249490e+01 4.577635400055904569e+01 6.570926456237096147e+01 7.904530088584620273e+01 8.023328215932900775e+01 7.192257046314085756e+01 7.086008339355740304e+01 7.917224696651643967e+01 6.207295865437792060e+01 4.709206358640533807e+01 2.704488018301223562e+01
1.256007409845548775e-02 2.001256007409810067e+01 9.910510385968152036e+00 2.991051028654900890e+01 4.468363181577317533e+01 5.521876302652442803e+01 4.695337961465506993e+01 3.473273955333672092e+01 3.444246804580397736e+01 4.878449228027326257e+01 4.512294689978298834e+01 5.394027275081190709e+01 7.372456535512108644e+01 6.875504089270025077e+01 4.877135659081344699e+01 3.725195637035659502e+01 3.984154417729209996e+01 5.396541421851588183e+01 4.406093163669677182e+01 2.405805761700671397e+01 3.851313080143538770e+01 4.357956519126241091e+01 3.529623813236487706e+01 1.738407800780694501e+01 2.071724888926100405e+01 2.414806615026234127e+01 3.170271175667309294e+01 5.161456833532883337e+01 5.959142677845710523e+01 5.904706879730998992e+01 7.144258822585639734e+01 8.262603877714290945e+01 8.214608097275880993e+01 7.201758745862032640e+01 6.362870434120521423e+01 5.069538551900580359e+01 3.063282611228227736e+01
1.283213977233468341e-02 4.012832139772317674e+00 2.401283206922708757e+01 3.819477555147063441e+01 4.176158905149652156e+01 4.369109758762033380e+01 2.697917364080244340e+01 2.059912886666015197e+01 2.444651266904813269e+01 2.880928335313158684e+01 3.397197948756740260e+01 4.550943894256823796e+01 6.545706755533828414e+01 7.703428788601047472e+01 6.549599450124860311e+01 5.721745538160538302e+01 5.981068173314918823e+01 5.072761180249781177e+01 3.072757130509464218e+01 3.406154511080909231e+01 5.234338178493829474e+01 5.152985094576503400e+01 3.152943728469258744e+01 3.738742353506842164e+01 1.976573777471265814e+01 3.976747380906245866e+01 3.031941471171070290e+01 3.490064501259265484e+01 3.972872499371467825e+01 4.502503204096327494e+01 5.022441223313533243e+01 7.363052058074465833e+01 7.375903860786944222e+01 5.349837518455365171e+01 4.346089630832776862e+01 3.639644842871172870e+01 5.069540066922891697e+01
9.594114293757748102e-02 2.009594114293714640e+01 2.410004463371483041e+01 2.585405206127090594e+01 2.176470792246360020e+01 3.077507534076869788e+01 1.543680439810900396e+01 3.542139928479807054e+01 4.442555722406791574e+01 4.878450661401070931e+01 5.394031050702009367e+01 4.396561271895343026e+01 5.807490857328448186e+01 7.801423523782025882e+01 8.524976867170668982e+01 7.525262281225488437e+01 5.802936304120518685e+01 3.803269372754865429e+01 5.072761180249781177e+01 4.820366652457627765e+01 6.234279534101286657e+01 5.981166865995897552e+01 5.152984486212701398e+01 4.146400916221504218e+01 2.146208874425511937e+01 4.146401497295190808e+01 5.021475065826782469e+01 5.477401401778666212e+01 5.959142677845710523e+01 6.490441536429985092e+01 5.620503044090882128e+01 7.622247852653030975e+01 8.214608097275880993e+01 7.201758745862032640e+01 6.231637572766988598e+01 4.216199777092410983e+01 5.278619793320099518e+01
3.950229235330715398e-03 2.000395022923497379e+01 4.100841096886195025e+00 5.855221439997306376e+00 7.623469831592877277e+00 1.078681329907466591e+01 3.077507535024136942e+01 4.369231105265543391e+01 5.254638914772856850e+01 5.234174861937186307e+01 6.062455294387026328e+01 6.391500215058844958e+01 5.807490857337512580e+01 7.801423527022495819e+01 7.696922878572753746e+01 5.697357015278924308e+01 4.697639815885194992e+01 5.217286005543290628e+01 6.631089545871896007e+01 6.819994605981219138e+01 7.115517518131942154e+01 5.778615899469500761e+01 4.542470468614113344e+01 2.542419864963266463e+01 4.146401497294075966e+01 2.454909004154391994e+01 4.455026296697268862e+01 5.599338472381874254e+01 6.493421431773342078e+01 7.647680457282507405e+01 6.781739939015069751e+01 8.466734043577470459e+01 8.573928466021521899e+01 6.542839320585540008e+01 5.375400913369173850e+01 5.375400913369173850e+01 7.070459809565755904e+01
7.711341127313005306e-02 1.638855434381355503e+00 5.233497689579193590e+00 2.521342279171333800e+01 2.762165895403674654e+01 1.071059091243523476e+01 3.070664442241005787e+01 3.609804407848734087e+01 3.254998744023897927e+01 3.234504070568360135e+01 4.907958263102782581e+01 6.321960259688242445e+01 7.801423527022495819e+01 8.629256182120495566e+01 8.524976867170668982e+01 7.525262281225488437e+01 5.852016908141219886e+01 7.216821197753507988e+01 7.684179246259013496e+01 6.529925204310127640e+01 5.116382425187968153e+01 4.950659607919232030e+01 2.950949056882652144e+01 4.542470468614113344e+01 5.283158270017312930e+01 4.455026296535819341e+01 2.771338284871020718e+01 3.666109773970009655e+01 4.820366040837735255e+01 6.819516437104370254e+01 8.799404019297578827e+01 9.629208019645101047e+01 9.410660599005177573e+01 8.239877464734460943e+01 7.401278601155931369e+01 7.401278601155931369e+01 8.239877464734460943e+01
9.541454368626212448e-03 9.984078361696886006e+00 2.483539019472423348e+01 1.058117976764704693e+01 3.049791893142722188e+01 3.070664442240828507e+01 1.385377741917156946e+01 1.610378509268415570e+01 1.841243794242139487e+01 2.080169493675024128e+01 3.493975589665799930e+01 5.194628636815032507e+01 6.022936261346207232e+01 7.022780204014509309e+01 8.436767199118054350e+01 8.679630831548207937e+01 7.851599487229137253e+01 8.192037383798533767e+01 6.856081410665953513e+01 4.857023514719904256e+01 3.702951904622504742e+01 3.382562905332572711e+01 4.950659607914248994e+01 5.778749218987465497e+01 6.241447717178274956e+01 5.005281675687641751e+01 3.005613734911654689e+01 5.005281404356417596e+01 6.450276304699201546e+01 7.344295656970601271e+01 8.498656707614780714e+01 9.852645577728078763e+01 9.024306364571484096e+01 8.513316545673271207e+01 7.685348220386372020e+01 7.685348220386372020e+01 7.904114520308016267e+01
2.297228869525369793e-03 2.000229722886917116e+01 3.685075693107377504e+01 3.049791893142722188e+01 1.622071361802972689e+01 3.612876665150341893e+01 3.384851419119651439e+01 3.024133525934800559e+01 3.254998742188343641e+01 4.079664729118342592e+01 2.439191682342200451e+01 3.194910106342842937e+01 4.194794476058319788e+01 5.608793208910963557e+01 7.382078121404943261e+01 8.210435667449766584e+01 9.260859920907161325e+01 7.363901645365086779e+01 5.364616038144963284e+01 4.210842861120399760e+01 5.701925302016144315e+01 4.796303514946367130e+01 6.209915688640865739e+01 6.677653800333294498e+01 5.413366991126956407e+01 3.414165402607566335e+01 5.005281675723215074e+01 3.623137709750157143e+01 4.517223361349835642e+01 5.671088733709974150e+01 7.670548267001129261e+01 8.697843300483954465e+01 7.023969244675923562e+01 7.685348220386372020e+01 5.685315689272007944e+01 5.685315689272007944e+01 5.904102636105335478e+01
