MOVIE_S12_data/elevation_000810.asc
nrows	50
cellsize	150.0
xllcorner	0
ncols	50
yllcorner	0
NODATA_value	-9999
[rows 17 to 33 of 50, columns 0 to 36 of 50]
5.436832538903087209e-02 2.005436832538867620e+01 2.413904984147672295e+01 2.624723911989244129e+01 2.253358948886723212e+01 3.058535554005795731e+01 1.990798210007505986e+01 3.800040599434532851e+01 4.354815260277295863e+01 3.249216606797218532e+01 5.249260746869092031e+01 6.521748664548110241e+01 6.688653252942557970e+01 7.517373599351466851e+01 7.223196765904137351e+01 8.051877952786975357e+01 9.206814742291568621e+01 8.291891525028755439e+01 6.284492472662743268e+01 4.872343889164086761e+01 5.929318487593607045e+01 6.284163793767208972e+01 4.292430674977950389e+01 5.135140092384257571e+01 3.575729986977611929e+01 4.978707514691470237e+01 6.976766105345808455e+01 5.816520822905934551e+01 5.354259967333648262e+01 6.483397875979254366e+01 8.473486111133131260e+01 8.360402751036583879e+01 6.359746511380212297e+01 5.204674223223061347e+01 4.310048639294088701e+01 4.310048639294088701e+01 6.310605262973211893e+01
9.647730019007895452e-02 1.164348268398269681e+01 2.578561830771390007e+01 4.578561830771460706e+01 4.253364137354310515e+01 4.817184783666138514e+01 3.405008287422378288e+01 3.405003268367726577e+01 5.404585276178814013e+01 4.663435246154345037e+01 4.403918211602907462e+01 5.818153629468477561e+01 7.818445668139472104e+01 7.959922257458777040e+01 7.854358640255823332e+01 7.705074028233254069e+01 8.533255746873871317e+01 8.512775314683068473e+01 6.503790451248636373e+01 6.284551218941206230e+01 7.691444698537684133e+01 5.919196908747017005e+01 6.285771153995496263e+01 5.882779412991696688e+01 3.891536282232035404e+01 5.882779412991696688e+01 7.781178608980012257e+01 7.794044986794003194e+01 6.330167438456403062e+01 8.152364465598083143e+01 9.303781091985671026e+01 9.139870760003155681e+01 7.139325097199595405e+01 5.724632212727377123e+01 5.554466297270501940e+01 3.554030288409778393e+01 4.378628552121388395e+01
9.953738903938927352e-02 1.424167301277046427e+01 3.424167301277116593e+01 4.531787211556834905e+01 4.698670705572367012e+01 5.526931104470875056e+01 5.405085930651021187e+01 5.404585276179845010e+01 6.231904319251498947e+01 6.663576521154909926e+01 5.818153629468477561e+01 7.232713674787044056e+01 7.373943854344683757e+01 5.959810099203829736e+01 5.854212689940670344e+01 5.704882570155353960e+01 7.119357766938281884e+01 9.119118169954073494e+01 8.512775314683068473e+01 8.294042273679613686e+01 8.748370413266319190e+01 7.920696902096702274e+01 7.794986563010037628e+01 6.253375414244486308e+01 4.257654870633194122e+01 4.952122684147828124e+01 6.365049463075072822e+01 8.367254801374781437e+01 7.732982762275109678e+01 9.148957112075397902e+01 8.517626052199859998e+01 7.695231528710739610e+01 7.843526754372820164e+01 7.725271355761415748e+01 6.119565498405355441e+01 4.119054421204974403e+01 2.964238833288676389e+01
3.582433992925927735e-02 2.003582433992890444e+01 2.732693256181293506e+01 2.531810731480178944e+01 2.698699377318986237e+01 4.098675102679052173e+01 4.701537961788032050e+01 5.408797041962026952e+01 6.237062021706921655e+01 7.391629278986084728e+01 7.818445668139472104e+01 7.528641495653842242e+01 6.373860415588200823e+01 4.545280728219075428e+01 4.439684939236975225e+01 5.854212689940673187e+01 7.854358640324838348e+01 8.913827978744461689e+01 8.086303266037174353e+01 8.913827978744461689e+01 9.211040299540681531e+01 7.208437900289949596e+01 5.792745812028108077e+01 5.037265492756964846e+01 4.787653866781825229e+01 6.787986906742955284e+01 6.584039481273454442e+01 8.586412788099853799e+01 9.733254627065201703e+01 9.099904067659231544e+01 7.113397112385231935e+01 5.703621493090343364e+01 5.852455465279131630e+01 7.259164955567217703e+01 6.948201450149412040e+01 5.793207012111928833e+01 4.456485293112766755e+01
8.338298177320474514e-02 3.675489022308695564e+00 7.326972739009787183e+00 1.117597453360725979e+01 1.543998886071943311e+01 2.098699082297074625e+01 2.701721771446182530e+01 3.408828552153813263e+01 4.563528624927453592e+01 6.563455172647918801e+01 6.795559157726401622e+01 6.700344757794111672e+01 4.700017120131153092e+01 3.545242403258385622e+01 4.700017120131153092e+01 6.114539367041347617e+01 8.114604077060731413e+01 7.558548400661381095e+01 6.089399337084756070e+01 7.915241655996928216e+01 9.068328226347533416e+01 7.794986563010037628e+01 7.794986563010037628e+01 5.931400488806170301e+01 5.603150581572391076e+01 5.941726041077088638e+01 7.944000747471136492e+01 9.416501069291535941e+01 9.535865090705812008e+01 8.388651200812266495e+01 7.498382580342678239e+01 6.435626744028840562e+01 4.439589925730354025e+01 5.542994510021994614e+01 5.230976307727266317e+01 4.945225896406791577e+01 5.285109327930246081e+01
1.813270376062421294e-02 2.001813270376026921e+01 2.732693256181293506e+01 2.531810731480178944e+01 2.958211931164767705e+01 3.176989864723164203e+01 4.701701401310630501e+01 5.408797041962026952e+01 6.237062021706921655e+01 6.209695972868659197e+01 4.795494667312156878e+01 5.381300685946103357e+01 5.119008286643868644e+01 3.118746764996499365e+01 5.119008286926765550e+01 5.742094210956633304e+01 6.592085274196429623e+01 5.560051730586354779e+01 5.088605628424642902e+01 6.243854499732691465e+01 8.240772373571209641e+01 9.798124186293810567e+01 8.763565925635936082e+01 7.087299698639075984e+01 6.498603972619970648e+01 7.944000747471136492e+01 7.576447506003491128e+01 9.579425125308125644e+01 8.713208544190965199e+01 6.725776434633186796e+01 5.573374630752388015e+01 4.679109557256535368e+01 3.923088537943147713e+01 3.545103196388375011e+01 3.232748518909249213e+01 2.927748401628319641e+01 4.506340802762623809e+01
2.351309638313057310e-02 1.416564872011420562e+01 3.416564872011490905e+01 4.531787211556834905e+01 4.958172162548836326e+01 5.176935467731440355e+01 6.005148467385200206e+01 5.965395343027697095e+01 5.939971507953829644e+01 5.111587714732470999e+01 3.381063475442228849e+01 3.381063475928072393e+01 4.164135527862600128e+01 2.718523084355807740e+01 4.647784954294854032e+01 3.943128121597491287e+01 5.344227146913294746e+01 4.142128061976075770e+01 5.560051730586354779e+01 7.558548400661381095e+01 8.399996667710732368e+01 9.227975294427446329e+01 9.920018556875841398e+01 9.089759884726841221e+01 7.654378972942235748e+01 9.330895855168354558e+01 9.579425125308125644e+01 9.516249767069022880e+01 8.627797485585472259e+01 7.805172671135920837e+01 6.568046108690866447e+01 4.572060675566930854e+01 5.920462921655536093e+01 5.542994510021994614e+01 4.911141514559135857e+01 2.914359466604644666e+01 2.506109805009007729e+01
2.372884694381488524e-02 1.002372884694390187e+01 2.416586447067510335e+01 4.416586447067580679e+01 5.269477385501622990e+01 5.854205997266116412e+01 5.379464099234962760e+01 3.965228215892539509e+01 5.111587714731358290e+01 3.111269565482447064e+01 3.697149186866323589e+01 1.966252276750228845e+01 2.163423608847328339e+01 2.402652541426489918e+01 2.647209149228742575e+01 2.897421142786362935e+01 3.383168186920746479e+01 5.388233042185492394e+01 6.268001583445273184e+01 6.768031267277336838e+01 6.401255413241412384e+01 8.002676372309259989e+01 8.830648328078605402e+01 9.724492581781987610e+01 9.657085447620190166e+01 1.048752141293671798e+02 9.838743844419072104e+01 7.855715688519319428e+01 6.706716965207988324e+01 5.813679952527607497e+01 5.279228519718513013e+01 6.568046108690786866e+01 7.043348928043003809e+01 5.542066992087575272e+01 3.546835193783693541e+01 4.327972638601158195e+01 3.920377260968018618e+01
6.296921807001566729e-02 2.006296921806966083e+01 3.830800009440680753e+01 4.685572502710498810e+01 3.274267389698945863e+01 3.858650867578366217e+01 4.551063422006734527e+01 2.550634474513579875e+01 3.285881153653534881e+01 3.436684473643581583e+01 1.696481762517953129e+01 3.697148765681137661e+01 3.056994091131609181e+01 3.800853836893401905e+01 4.647784971918105157e+01 4.899876543391899020e+01 3.334265554420480981e+01 3.793895980387094369e+01 4.266558059155435245e+01 4.767912531949068011e+01 5.371816138160154708e+01 6.004270510957351092e+01 6.897908866625904523e+01 8.310942998720106800e+01 1.030999597404051684e+02 1.118085075550118290e+02 1.066184882136883374e+02 9.209217134312423525e+01 7.223598412313360484e+01 7.223598412313360484e+01 7.272923853901110647e+01 7.929554487202932478e+01 6.225544801933740047e+01 4.232881686730119952e+01 5.542066992087575272e+01 6.316895182880585935e+01 5.918352471990885988e+01
8.175220331382776484e-02 1.422388782704465271e+01 3.422388782704393861e+01 3.858236406133486440e+01 1.861408426474118372e+01 2.792712201308800957e+01 2.934159353579752860e+01 3.076733269087024425e+01 1.285321689578325000e+01 1.436073865129585236e+01 3.436684473657452799e+01 4.525605740571443647e+01 5.020872716635410882e+01 4.655701612417693980e+01 6.508881880269620979e+01 6.163548052165032232e+01 4.491134360104555157e+01 4.002266947491283844e+01 4.558359420275174045e+01 5.315480385430515753e+01 7.314751287508180155e+01 8.002676372309259989e+01 8.830648328078605402e+01 9.724492581781987610e+01 1.034743715238155630e+02 9.181923536408740461e+01 1.059554593036472738e+02 1.003199655885758830e+02 9.209217134312423525e+01 9.209217134312423525e+01 8.255265750718929496e+01 6.278854043999728418e+01 5.127126444767000635e+01 5.386729681760566990e+01 7.043348928052745350e+01 7.429695971188444048e+01 5.430484037742340320e+01
7.631710034972485901e-02 2.007631710034937100e+01 2.328537843408193098e+01 2.462165032788757557e+01 2.529090105992170123e+01 7.924170411913602052e+00 9.337945425734407223e+00 1.076257913314865000e+01 3.076739312883149324e+01 3.435696230502209403e+01 1.821057920327620749e+01 3.821709285048742544e+01 5.058486471930159212e+01 6.568519430511919666e+01 7.366366885905463846e+01 7.314731343187540347e+01 6.490871027109727720e+01 5.004185978717288918e+01 6.559097914601710499e+01 5.973604404062439954e+01 6.580155112119669525e+01 7.993339244985934045e+01 9.992276559792396995e+01 9.762369073453456281e+01 8.349081864344526593e+01 7.769439775378351953e+01 9.596366517092764070e+01 9.694590783590017224e+01 8.866449128962503323e+01 9.694590783590017224e+01 9.068369337052799040e+01 7.929554487441087929e+01 6.125203270793407739e+01 7.371387565168807043e+01 8.186247147609162766e+01 8.255624993412925505e+01 7.429695971188444048e+01
9.124702163186203252e-02 2.009104075625074515e+01 3.287588411714711611e+00 4.623562691459297547e+00 5.968430386638162943e+00 2.596996056218119264e+01 2.934159258082237187e+01 1.679353018144149701e+01 3.670073103533566439e+01 4.647604656970403880e+01 2.976275059255004507e+01 2.229519814284472901e+01 4.230069851389168178e+01 5.489862924417935375e+01 6.489872991108191513e+01 7.904020493287183058e+01 7.832055711959172584e+01 7.004179098918010027e+01 7.832055711959172584e+01 7.127826955051300217e+01 8.578814429325919377e+01 9.406763261076872595e+01 9.433912477185245393e+01 8.763432429188860340e+01 6.936949572912544681e+01 6.771083071492407157e+01 8.768417769580450738e+01 8.695465044341885630e+01 6.868636441668522252e+01 8.695465044341885630e+01 8.870745029791132197e+01 8.916386936067191016e+01 8.103164568836731974e+01 8.916386936067191016e+01 9.221034760073641223e+01 8.065880481416084535e+01 7.237087507255819219e+01
8.187870513261463756e-02 1.406390462698183130e+00 2.140416537452677304e+01 2.279121990285158716e+01 1.255262665441687631e+01 3.180940838199063947e+01 4.332187460791549682e+01 2.346189776235565461e+01 4.332187475342347227e+01 5.804970403209242846e+01 4.976593914750918657e+01 3.644234139750342649e+01 2.661138811895192902e+01 3.661417393462221526e+01 5.075725488929215601e+01 6.219000169778987441e+01 6.797255735204764449e+01 7.625697216392825339e+01 8.625991189891202282e+01 9.126591586359617736e+01 9.954529185119477575e+01 9.433912477185245393e+01 7.436096435073774558e+01 7.802702509478666570e+01 5.938556122171482343e+01 6.016361761766778216e+01 8.013496212994562029e+01 7.867542785315515630e+01 5.870189475530160905e+01 7.867542785315515630e+01 6.872856334140280410e+01 8.285861764141682784e+01 8.350466229028344856e+01 9.178488019568783329e+01 8.392186709856467530e+01 6.391496203169852208e+01 5.236692712893713519e+01
2.239863785106879432e-02 4.928225611145114371e+00 2.782760364640676798e+01 3.829165241294115418e+01 2.602231488534475901e+01 2.602314266716047442e+01 4.577868954622807252e+01 3.754318218574282184e+01 3.754318218574282184e+01 5.730990302034103934e+01 6.472738943035373893e+01 5.299883968981129811e+01 3.259495279468024620e+01 3.166718068868031466e+01 3.680296904069935238e+01 4.214723982360060717e+01 4.794119697050940232e+01 5.796732582528258604e+01 7.212020608837572411e+01 9.211924469420863204e+01 9.360686032644663612e+01 8.532806743410424133e+01 7.802702509478666570e+01 5.805541485499358600e+01 5.123299343997554445e+01 7.120350534364149553e+01 8.841277754667004274e+01 7.201758348720397862e+01 5.204569625270021049e+01 6.350154215646462319e+01 5.460755020351349032e+01 7.287035696086681469e+01 6.352820946395590340e+01 8.024914267525794287e+01 8.112417002435782365e+01 7.112143850355970187e+01 6.082159034245334794e+01
1.991760116496149591e-02 2.001991760116460739e+01 3.566928235740973463e+01 4.735466563681839602e+01 4.577478116834382149e+01 4.577868954622807252e+01 5.419249518310400049e+01 5.730990302034103934e+01 5.730990302034103934e+01 6.553500715263915311e+01 7.112178637507071244e+01 4.939253292169116349e+01 5.337992522427426678e+01 4.056560358555966417e+01 4.058784276001792080e+01 6.062032499924489315e+01 6.797255735204764449e+01 6.211260848102129728e+01 8.211972539129220650e+01 9.599511221324662813e+01 8.532806743410424133e+01 6.535357055539481053e+01 7.120396524037931840e+01 6.649641054669179141e+01 4.652683058743322420e+01 6.649641054669179141e+01 8.352756597437215191e+01 7.762535430109358003e+01 5.765126761374946085e+01 4.353058848084644694e+01 4.462283175531606361e+01 6.129552568657842926e+01 5.199879700022140128e+01 7.197125187354932052e+01 7.283618875613640853e+01 5.283217286937871648e+01 4.283197671928861894e+01
1.766589122093755945e-02 7.397531119327006799e+00 1.915714458511029150e+01 3.810196847777410767e+01 5.313847289739639734e+01 4.624719404286283719e+01 4.205219214122541160e+01 4.622752849728256308e+01 5.451907027342540601e+01 6.924504945127216615e+01 7.753617170345833642e+01 7.112178637507071244e+01 6.889563900928106932e+01 5.213390083724711133e+01 5.060725454695704428e+01 5.475646077461011885e+01 7.477694553827251411e+01 8.211972539129220650e+01 9.040133584684345180e+01 8.771582847599779598e+01 6.774022159485153338e+01 7.120396524037931840e+01 5.123354001780394640e+01 6.052932394736988897e+01 4.268407519991816201e+01 6.265326309166460561e+01 6.355121104234972051e+01 7.767962135061216600e+01 7.177780226672244623e+01 5.644074377106858265e+01 3.646509027102376876e+01 4.132230662181434866e+01 6.129552568657842926e+01 8.024914267525794287e+01 8.112417002435782365e+01 7.112143850355970187e+01 5.910243076910819582e+01
6.490672536223988931e-02 1.642076876530063245e+01 1.970654087240736629e+01 3.932461096583906368e+01 4.396551880177778315e+01 2.734442643740053569e+01 2.202211853198514291e+01 2.620331878046997076e+01 4.622752849728256308e+01 4.922605508752305781e+01 6.448624040887276010e+01 7.277841276132723181e+01 8.045952778841075315e+01 7.217375494470805108e+01 6.217673769098615111e+01 7.477694553827251411e+01 8.306037317723287572e+01 8.843820834307076950e+01 8.011106066998449649e+01 8.843820834307206269e+01 7.140581375558546995e+01 5.143538989158687968e+01 4.388700737723969070e+01 4.055841722146057293e+01 3.897374825391006681e+01 5.894507839357956414e+01 4.942886017485710681e+01 6.769146895008307752e+01 7.147854785123223564e+01 5.236323057492269584e+01 3.237808738348370241e+01 5.236323057492269584e+01 6.303530094315577514e+01 7.131639376302393885e+01 8.285575214694149793e+01 7.910816352162368048e+01 5.910243076910819582e+01
