MOVIE_S12_data/elevation_000751.asc
nrows	50
cellsize	150.0
xllcorner	0
ncols	50
yllcorner	0
NODATA_value	-9999
[rows 0 to 16 of 50, columns 0 to 36 of 50]
8.271705653423140625e-02 2.127631151761726416e-02 9.425194436011796739e-02 4.939197167322698090e-02 3.975871534419905817e-02 6.171646774684565184e-02 1.696294146011132625e-02 1.936121709489252440e-02 4.216450047424835645e-02 2.297044857093000214e-02 6.704298068806634203e-02 4.162315340452049650e-02 3.835349583220235004e-02 2.777463300387698203e-02 2.207885817162396139e-02 7.161913568127860341e-02 9.025521335945362045e-02 3.502399586135773735e-02 8.040414306008919487e-02 3.131346976591601466e-02 7.604099264847130613e-02 2.387740603804927586e-02 5.687112022313325910e-02 4.074439634684711570e-02 8.709178300582484655e-02 7.612946965408906586e-02 1.077918208624280109e-02 9.929772718869623455e-03 4.600412614040166881e-02 2.152795518990661267e-02 2.378824418737431057e-02 9.511189423522797837e-02 9.406546861214974686e-02 1.749038473908382007e-03 2.223905489293687143e-03 6.269637160239108220e-02 9.476101746191394060e-02
7.639902522890137937e-02 2.002127631151726206e+01 2.009425194435976181e+01 2.004939197167287190e+01 1.158676409913661409e+01 2.006171646774648920e+01 4.280977268572338623e+00 2.001936121709453786e+01 1.418430012420507325e+01 7.582259908755441202e+00 2.006704298068770953e+01 2.004162315340416356e+01 2.003835349583184566e+01 2.418231851672658639e+00 2.002207885817126964e+01 2.007161913568092260e+01 1.009026347006694380e+01 2.003502399586100324e+01 2.008040414305973442e+01 5.195291264709115175e+00 2.007604099264811737e+01 1.416601302976912535e+01 2.005687112022277674e+01 2.004074439634649352e+01 2.008709178300546938e+01 1.348698982611615804e+00 7.788510637596440134e+00 2.000992977271851458e+01 2.004600412614004767e+01 2.002152795518955131e+01 7.094850731302996927e+00 2.009484520398551055e+01 2.154088425245938243e+00 2.000174903847355168e+01 2.000222390548893969e+01 9.616482644274768177e+00 2.009476101746155763e+01
7.813061968023242432e-02 1.422026624341130763e+01 3.422026624341201284e+01 3.987103534659750892e+01 3.158676409913625704e+01 2.864533507329258200e+01 8.645335073292224948e+00 2.864533507329258200e+01 3.418430012420436270e+01 1.574722571803263094e+01 3.574722571803192039e+01 3.896777339030761311e+01 1.896807596137190544e+01 4.825948913388032224e+00 2.481718720114862364e+01 3.839009683643506321e+01 2.423337073411741471e+01 3.372331991893274505e+01 1.372331991893345737e+01 2.519529126470947133e+01 2.519529126470876079e+01 3.416601302976982879e+01 3.323074220406596879e+01 2.310495442947002687e+01 3.155713034482147350e+00 2.134740088426828919e+01 2.733555758267474545e+01 2.825329055223668817e+01 3.857737972809769644e+01 1.863988246861556419e+01 2.708287249800562790e+01 2.423194270706295228e+01 4.227621339722705152e+00 2.423198983001629969e+01 3.822633044144041747e+01 2.410426546568995576e+01 3.788215964900778943e+01
1.795629399984677299e-03 2.000179562939963063e+01 3.725381102010043577e+01 4.880081640389275321e+01 4.497526669184574644e+01 2.497526669184645698e+01 1.380931286823549264e+01 3.380931286823619786e+01 4.403149696549352399e+01 2.988936134176332970e+01 4.403149696549352399e+01 3.967383600583632131e+01 2.730675737927511904e+01 7.306643605172190803e+00 2.144692376488168151e+01 4.139044553917398162e+01 4.425477655215564710e+01 4.038998658559929567e+01 2.038998658560000621e+01 4.038998658559929567e+01 4.519529126470804670e+01 3.954824336835962129e+01 1.918864219240029101e+01 4.982035651550233979e+00 2.315428793083824033e+01 1.645072180509348669e+01 3.427554174689115030e+01 5.021735400969480878e+01 4.678326909222351304e+01 3.017489196314619448e+01 4.300842782889215243e+01 2.634525803291630908e+01 6.677144728160831377e+00 6.533337754734787950e+00 3.696099212333913187e+01 4.419500234937999750e+01 5.060219881700545130e+01
2.526786264046545702e-02 8.969539772639544495e+00 2.051654515643185661e+01 4.051654515643114252e+01 5.325953793930735003e+01 3.380931286823479098e+01 3.380931286823619786e+01 2.275358477823480996e+01 4.275358477823551340e+01 4.988936134176261561e+01 5.082050256567934099e+01 3.138926946439633880e+01 1.138912650981085584e+01 2.730675737927511193e+01 1.547160953812796791e+01 2.701862123759466172e+01 4.701684858638544995e+01 4.867425783306089926e+01 3.038998658559982857e+01 4.867425783306089926e+01 4.978760723849487135e+01 3.028781353097802409e+01 2.633977039873569481e+01 7.554900971805305510e+00 7.114938433367086645e+00 1.506887842275351552e+01 2.733447967031491288e+01 4.789696214129798335e+01 5.824135440242888251e+01 5.005539147000936850e+01 3.476568634064611985e+01 1.451449131547955140e+01 2.629445395830880372e+01 9.438601064420987896e+00 1.722180481916623052e+01 3.140189887769397714e+01 5.214065958752216545e+01
8.483503398980346555e-02 2.008483503398944947e+01 3.299538515663109450e+01 4.127965640409329495e+01 5.022392831409261049e+01 5.380931286823408044e+01 4.982465259010111680e+01 2.982465259010040981e+01 4.982465259010111680e+01 5.408317076148948388e+01 3.408253965757594273e+01 2.253551642884320572e+01 1.437055047981060163e+01 3.437071847810280190e+01 2.254267805373005373e+01 4.254257237056155816e+01 5.529407524416841824e+01 5.867425783306072162e+01 5.038998658559911803e+01 5.867425783306072162e+01 4.428022653301391642e+01 2.460539195733286277e+01 1.117544278531158319e+01 2.677131047423238641e+01 8.647282217329896881e+00 2.850134488866056515e+01 4.705669030804530450e+01 5.620585808415014384e+01 6.504915440300206342e+01 4.502474185735790257e+01 3.084920021215740604e+01 2.267006936074614032e+01 3.178462424801931618e+01 1.206971528379033920e+01 3.217761174798025792e+01 3.360682693484366013e+01 5.421818350390678631e+01
4.163169627051844027e-03 6.328718489963783611e+00 1.299538515663039107e+01 2.193965706662970661e+01 3.608179269036115500e+01 5.608179269036185843e+01 5.810892383756331014e+01 4.137165797389333477e+01 5.810892383756331014e+01 6.236798883899692214e+01 5.082045341934690441e+01 3.765873123821060631e+01 1.765853022591793575e+01 3.765873123821060631e+01 4.254257237056155816e+01 3.519185191090883080e+01 5.519139237556416333e+01 6.939447761828388650e+01 6.111202645652871013e+01 5.931744564866539804e+01 4.523433734396687100e+01 3.303850179269070253e+01 1.377409481325912743e+01 3.003273685477117283e+01 1.018077118561845218e+01 3.003277886258343443e+01 4.233855208719561602e+01 4.901095068780807651e+01 5.729587478093798580e+01 5.662913706331219288e+01 3.680973515677469265e+01 4.258464331295721905e+01 3.457757765808648287e+01 1.460755021656249397e+01 2.461869782375007176e+01 4.503556967896960117e+01 6.284287280536823062e+01
2.434392073152260791e-02 1.157134930452393817e+01 3.157134930452358290e+01 4.127965640409329495e+01 5.022392831409261049e+01 6.404168939630581292e+01 6.149245442446393639e+01 6.137165797389403821e+01 6.965592922135724052e+01 6.158207527641366141e+01 4.157982664655622784e+01 3.003277492433519669e+01 2.108850192876939644e+01 4.108874691226275644e+01 5.603989477193169222e+01 5.519139237556416333e+01 5.519139237556417044e+01 6.111202645652871013e+01 4.112198178658871228e+01 4.697693031250405937e+01 3.115333639045155678e+01 1.748397654039550631e+01 3.303858454180718951e+01 3.152615366569490263e+01 1.171353534207982960e+01 3.157751590280977183e+01 2.232825776319921474e+01 2.899375656887828256e+01 4.901095068733935989e+01 6.464295981056773144e+01 5.662913706327363883e+01 5.128467090340388523e+01 3.139523851892162654e+01 1.725760447918499096e+01 3.727274662308224151e+01 4.488910481380979434e+01 6.519958354002795886e+01
5.883922493566802470e-02 2.005883922493531202e+01 3.985562055198483478e+01 4.440417951975150856e+01 4.404168907947703104e+01 4.404168908236335511e+01 4.149245440083390690e+01 5.490960824842197496e+01 6.319388028611199104e+01 6.987276515866905413e+01 5.831707939412078900e+01 4.775285040774356560e+01 2.775516862961930187e+01 2.775516862902984272e+01 4.189738595026505408e+01 6.189822906877227382e+01 7.518572722289806620e+01 6.111202645652871013e+01 4.112198178658871228e+01 2.707545240269360320e+01 2.150484301996106140e+01 3.697742877026790609e+01 4.522045198292082802e+01 3.982016194157439770e+01 3.157933556337741621e+01 1.388872685208498048e+01 3.380617815135547488e+01 4.901094886200639422e+01 4.315143434183963222e+01 6.315707451921873883e+01 6.089349254973318892e+01 4.083665512051533852e+01 2.668592441077404942e+01 2.027274697188238761e+01 3.970109290573725502e+01 5.134319830238113269e+01 5.897770845804064521e+01
2.016265153036126551e-02 2.002016265153000774e+01 2.672651042634547736e+01 2.440417995590590294e+01 2.404168906237108416e+01 3.840604687092376679e+01 2.735031877709015191e+01 3.490960823727495921e+01 4.905174386103338691e+01 6.905174389899794107e+01 6.190284126117470720e+01 4.189746231615140459e+01 3.930220833482878362e+01 4.775549727022757196e+01 3.559981551318306003e+01 4.714689431811282105e+01 6.714783259770565849e+01 6.111202645652871013e+01 4.112198178658871228e+01 4.485899891707148157e+01 2.499238742878708308e+01 4.485899891707148157e+01 5.799606543725187890e+01 3.798941720241689524e+01 3.545277326772551163e+01 1.548886429583540014e+01 2.958994747418751814e+01 4.960682216694210211e+01 6.315707451923309890e+01 7.144031538238047574e+01 5.939775177749658752e+01 3.934075086847185787e+01 4.671259059657943880e+01 3.440960664458786056e+01 2.474488437380930250e+01 3.186854352367278054e+01 4.206197708801821733e+01
1.256007409845548775e-02 3.345893407431782318e+00 6.726510426345834404e+00 1.026204433227860235e+01 1.404168906237090830e+01 1.840604686709083282e+01 3.254818249082649118e+01 5.254818250389692480e+01 5.490960824842198207e+01 7.490960841151969873e+01 7.020748378344549678e+01 6.190288811383613421e+01 5.344502987456268528e+01 6.226628696109969496e+01 4.226648801525345078e+01 6.226741059258537092e+01 7.543080354495761242e+01 6.939447761829123351e+01 6.111202645652871013e+01 4.869785493062411064e+01 2.875057395538064142e+01 4.869785493062411064e+01 4.925808803697974270e+01 3.772098142258003861e+01 1.797847986145549370e+01 3.545277346012170483e+01 2.211174115834655041e+01 4.226303503203221368e+01 5.751283417847370316e+01 6.587938790798388311e+01 6.771546545275248263e+01 5.351227857033661905e+01 6.243658551870670692e+01 4.828098669389661524e+01 2.833699333856458225e+01 4.837486242426672334e+01 6.074559507023739968e+01
1.283213977233468341e-02 2.001283213977198017e+01 2.672651042634547736e+01 3.026204433436438990e+01 2.818382468610510472e+01 3.254818249082649118e+01 3.105515750776466533e+01 4.519729313153725059e+01 6.519729316699755373e+01 6.341800106069548804e+01 6.341800106069548804e+01 7.171245240463314019e+01 7.345933064498670717e+01 7.055256808799330770e+01 5.226658027975030762e+01 7.055256808799362034e+01 8.536271445567646765e+01 7.381354654691547523e+01 6.553371453154946380e+01 5.280853130713324362e+01 3.279232589425229349e+01 5.040100440748508959e+01 4.107454614449148522e+01 2.057801741459284273e+01 3.064149916439116339e+01 4.540428657284386560e+01 4.226303501836842003e+01 2.947228380740659404e+01 3.715046043568543155e+01 4.893217258999324315e+01 6.923423588961526320e+01 7.360654101520566428e+01 6.837297306881791314e+01 5.216494761251814083e+01 3.211664777322658892e+01 4.367080514076309328e+01 5.786356379217880885e+01
9.594114293757748102e-02 1.009594114293749101e+01 2.423807676666818978e+01 4.423807676666747568e+01 4.818382469632481957e+01 5.254818250389692480e+01 5.105515751819235959e+01 5.933942948156465036e+01 5.753983086764446853e+01 4.336720933065619477e+01 4.336720933065619477e+01 6.341800106069548804e+01 8.329793763097495685e+01 8.055350690625886045e+01 7.226824090542042711e+01 8.055350690625886045e+01 7.709106590468911691e+01 5.707314612548546506e+01 4.548648773345416885e+01 3.944709747219879858e+01 4.694074925004152021e+01 6.019115528731725817e+01 4.248998211612475018e+01 2.245479996017117941e+01 4.235679189580222470e+01 4.898666603526493901e+01 5.738214352773317017e+01 3.981638226207991238e+01 4.981658127948869463e+01 6.587938790798388311e+01 7.757123698961316904e+01 7.789501293271597149e+01 6.004634871462702250e+01 3.996219222509026281e+01 4.367082630059109505e+01 4.281207160148317570e+01 5.700225946489224071e+01
3.950229235330715398e-03 2.000395022923497379e+01 3.838021239039838406e+01 3.759851764003676777e+01 4.588620224192847985e+01 4.469497523049980003e+01 4.704410325113598645e+01 4.808963309765128713e+01 3.978795364409069890e+01 2.918923755115714513e+01 4.923995026022550547e+01 5.491742683383805002e+01 6.910768223240648922e+01 7.636773121183998114e+01 8.467565949620480126e+01 9.231956080810520859e+01 7.234043852555987542e+01 5.817738409271004230e+01 5.362363146196511821e+01 5.362363146196511821e+01 6.697461033041341238e+01 5.853206778583290770e+01 3.854089131947343105e+01 2.436438398216923673e+01 4.114605990716673745e+01 6.120900198673581372e+01 6.731834624102073406e+01 6.086315838019120150e+01 6.936942661657084841e+01 7.844398568319510900e+01 8.382840942779100146e+01 6.362208596626533108e+01 4.940049707498057074e+01 6.004634871462702250e+01 5.786461667647546392e+01 5.438880955453875998e+01 7.125207847516325899e+01
7.711341127313005306e-02 2.007711341127277649e+01 2.400293478431622773e+01 1.758939097606888424e+01 2.827134371336138585e+01 2.467581757627620576e+01 2.701905905786190587e+01 3.569197588158910861e+01 1.975180743912316572e+01 2.308579236635884513e+01 4.313641920096355165e+01 4.070393855527971283e+01 6.079918242760740554e+01 5.624228322133782143e+01 7.636773121183998114e+01 8.627189785305752423e+01 8.646346769917509789e+01 7.819218795996209792e+01 6.519862456460937494e+01 7.365009976463758790e+01 7.504594677491714094e+01 6.505167823448049091e+01 4.634193797451479213e+01 2.632005614282594053e+01 4.627070122840963506e+01 5.604524233419159884e+01 6.043186164394202109e+01 6.527451191718466816e+01 7.158682792713096887e+01 7.158682751343812356e+01 9.154733237994662431e+01 7.789501293271597149e+01 6.100089032198093975e+01 7.789501293271597149e+01 7.802048254075744183e+01 7.454350434042467555e+01 8.288601310946096135e+01
9.541454368626212448e-03 1.999615834806990788e+00 3.999615835227104732e+00 6.040857292905990938e+00 8.263079583562388919e+00 1.052763414557252730e+01 1.286845982571105296e+01 1.566904043373681965e+01 3.569197588156597334e+01 4.313641920096225135e+01 2.801287048452473272e+01 4.808983427298786495e+01 4.199736702977990177e+01 4.960740182462415504e+01 5.784040489896582926e+01 6.947758991980862220e+01 8.956283732368216022e+01 9.346409187996842149e+01 8.519502958733033893e+01 8.089348086693769346e+01 6.090251929959144661e+01 4.677788654314886685e+01 3.677944268262064753e+01 2.859751102825836355e+01 3.199928462998259704e+01 3.609039161027394016e+01 4.045803615508847884e+01 4.530775326869966335e+01 5.162553191979266387e+01 6.574030820183567414e+01 8.570157514062054815e+01 8.955023346452638577e+01 8.120554240337006036e+01 8.665295116509803108e+01 7.828234734366670011e+01 8.079709896004418113e+01 8.586535138541097467e+01
2.297228869525369793e-03 2.000229722886917116e+01 1.814333378076808856e+01 1.207119083823923233e+01 2.827134371336138585e+01 2.467581757627620576e+01 3.288425870840775644e+01 1.953604747944234177e+01 3.955801128283762580e+01 5.640514183110934709e+01 4.808983427298775837e+01 3.379702312587333068e+01 4.278209954606224130e+01 5.441335459709289779e+01 7.454417720867650132e+01 8.627189785305752423e+01 9.785825644363465869e+01 9.231276155839296393e+01 8.231083673381439780e+01 7.401853204506045358e+01 6.646831564487168009e+01 6.147457918866675897e+01 5.098118835534351234e+01 3.098106969015316992e+01 5.098069399848360206e+01 5.607321559726189975e+01 5.458478767410378651e+01 5.942798835110916400e+01 6.161157782933405969e+01 6.574030820183567414e+01 8.570157514062054815e+01 9.572632266733535289e+01 8.405731090602472477e+01 7.504611358037125513e+01 5.817116741855670625e+01 6.073676502376720521e+01 6.643535440987230345e+01
