MOVIE_S12_data/elevation_000073.asc
nrows	50
cellsize	150.0
xllcorner	0
ncols	50
yllcorner	0
NODATA_value	-9999
[rows 17 to 33 of 50, columns 0 to 36 of 50]
5.436832538903087209e-02 1.419650394911985636e+01 3.419650394911914759e+01 4.488430991783687318e+01 5.154421895603192638e+01 4.027050496949919989e+01 3.199732634633074113e+01 1.493035434060276501e+01 1.722451167930842075e+01 1.961496889797724918e+01 2.211496889797729182e+01 2.509639286797706248e+01 3.176305953403995019e+01 3.883412732176824278e+01 4.777839718978432870e+01 5.932531799918106685e+01 7.932131893688456614e+01 8.099065007945441153e+01 6.099475972774357047e+01 5.099474940090261299e+01 6.466879611007718154e+01 6.291365137363472826e+01 7.705355567436214415e+01 7.014539487197428969e+01 5.014580624403127018e+01 3.599946417794245690e+01 5.600355013221445688e+01 6.866428191207661769e+01 4.866508267417818701e+01 5.265302290128632734e+01 7.265131699281896260e+01 8.505313410753238657e+01 6.455337374730257238e+01 7.055761454411467071e+01 6.699973806010991950e+01 4.593736490331644262e+01 6.699973806010991950e+01
9.647730019007895452e-02 7.655766760374656421e+00 1.660003867037397285e+01 3.074217429410517610e+01 5.074217429410587954e+01 5.407288322242106204e+01 3.407249394799167419e+01 1.993035434060285382e+01 3.722449887174661143e+01 2.961496890623712019e+01 4.211497035146242496e+01 4.509639457975740839e+01 2.994710536870380579e+01 4.994667134966345401e+01 6.388375524004297290e+01 6.560274775079787446e+01 8.559584784081641828e+01 8.927375782434501161e+01 7.633687226161531214e+01 5.634082899033753478e+01 7.633687226161531214e+01 8.291032956383892838e+01 8.523391805680165589e+01 6.523719085444137988e+01 5.920669900344827141e+01 3.920304071402082258e+01 5.920669900344827141e+01 7.694699202727909437e+01 5.866598078924842241e+01 6.419978480376619245e+01 8.093394600371790659e+01 8.505313410753238657e+01 6.455337374730257238e+01 5.043297720968882203e+01 6.008902396947134150e+01 4.014921415594996290e+01 6.059170253509881832e+01
9.953738903938927352e-02 2.009953738903903542e+01 3.594003800783755764e+01 4.488430991783687318e+01 5.887742353247479343e+01 5.991905558365144202e+01 3.992920388942041399e+01 2.596058123216125324e+01 4.596062393283321512e+01 4.961497173179015618e+01 4.961497181473899332e+01 5.750570068111274935e+01 3.750639482459253315e+01 3.560395961818695554e+01 4.560395873014532242e+01 6.560274775079787446e+01 7.810668690665544034e+01 8.810259071842847334e+01 8.236567591473635730e+01 6.237039626260998659e+01 8.236567591473635730e+01 9.058847294642995962e+01 7.937688872422447162e+01 5.938033622891928331e+01 4.523631207799364518e+01 4.455099399212524247e+01 6.455226299770365017e+01 8.136217242291311891e+01 7.021113051300282848e+01 8.419629627449592135e+01 9.247840326662355892e+01 8.600562411560595422e+01 7.766976860111996928e+01 6.049529587690177834e+01 4.100901095990008827e+01 3.502127786729813153e+01 4.945777174931891551e+01
3.582433992925927735e-02 2.003582433992890444e+01 3.059260168693875315e+01 3.059260168693875670e+01 4.554393093339727727e+01 5.448802773997410753e+01 5.423740058452388979e+01 4.596062547525974651e+01 3.665103100833901095e+01 5.665112584303282972e+01 6.961497511897259471e+01 6.578604676738139290e+01 4.750639326193045520e+01 5.560335758327141065e+01 4.227062628246748943e+01 4.982991561861513929e+01 5.982990524085580120e+01 7.982702609664848126e+01 8.943530835241917032e+01 6.943936820369125940e+01 8.943530835241917032e+01 8.230501327706082293e+01 6.230954241471213351e+01 5.231005202496805140e+01 6.523719085444137988e+01 6.455226299770365017e+01 5.308195173675269984e+01 7.307905757885332321e+01 9.020748223431418467e+01 9.849001553562796119e+01 9.188374516106647150e+01 7.178214673473689800e+01 5.770148116354607026e+01 6.504071474598752900e+01 5.281914979377887676e+01 3.298397182371073910e+01 2.946753189950592500e+01
8.338298177320474514e-02 5.247360776716448960e+00 1.059258561496498352e+01 1.725925228163265857e+01 2.620352419403927868e+01 4.034566519040802035e+01 6.034605337830429050e+01 6.493587336970927026e+01 5.665112584303282972e+01 5.298098794115920640e+01 7.298136679201950017e+01 7.578352124041434479e+01 6.164836225781092338e+01 6.859386289378420543e+01 4.859518157827875484e+01 6.859386289378420543e+01 7.810668690665544034e+01 8.810259071842847334e+01 9.771866457995685096e+01 8.098335617808648124e+01 9.771866457995685096e+01 9.058847294642995962e+01 7.833608747566158570e+01 5.834078800121602626e+01 7.833608747566158570e+01 8.136217242291311891e+01 6.462788026657139540e+01 6.722237552957686546e+01 8.721833881272330302e+01 9.591443398823219013e+01 8.585876275766192123e+01 7.751782907882032703e+01 6.504071474598782743e+01 4.519808473241026547e+01 3.820080096078871179e+01 5.281899118441621965e+01 3.760009830699097932e+01
1.813270376062421294e-02 2.001813270376026921e+01 3.059260168693875315e+01 3.725929201430155757e+01 4.554393093339727727e+01 5.448888213806958447e+01 5.349081486032406474e+01 6.177508610778626519e+01 7.177508610778761522e+01 7.298136679201950017e+01 7.912688698776059937e+01 8.739251922881744861e+01 8.164420192323613890e+01 7.687239549260115723e+01 6.859386289378420543e+01 6.124423674346722635e+01 7.538563156755492400e+01 9.537642654762584016e+01 9.688127156007419671e+01 1.009808897341289224e+02 1.092643195148699675e+02 9.247561394839384263e+01 7.247930384512248736e+01 6.988479836345308627e+01 8.661937650007091349e+01 9.290712625212070463e+01 8.462358047931688532e+01 8.721833881272330302e+01 9.550196931624930130e+01 8.756295743548331245e+01 6.747270072215721370e+01 5.754640684397323724e+01 5.057247665889217814e+01 4.462376257798798918e+01 5.802528562639952980e+01 5.763827203986291181e+01 5.175060998724824657e+01
2.351309638313057310e-02 1.157051848017554541e+01 2.571265410390624595e+01 4.571265410390553541e+01 5.177508610778590992e+01 4.349081486032371657e+01 3.349081486032336130e+01 4.349081486032370947e+01 6.349081486032441290e+01 7.588159554522061967e+01 5.919662973588711452e+01 7.588159554522061967e+01 7.613964423100067336e+01 6.789772154085206068e+01 7.613964423100067336e+01 8.124079985590771003e+01 8.951584151144014356e+01 9.102250195325261473e+01 7.687531730487938830e+01 9.102250195325261473e+01 1.020826407975845171e+02 1.007594491550191407e+02 9.247561394839384263e+01 8.988076309766529448e+01 9.816452762648415842e+01 1.059568083992138696e+02 9.765057461742807732e+01 9.504663660855221963e+01 1.033538245628414813e+02 9.591443398823219013e+01 8.585876275766192123e+01 7.045686503272024481e+01 6.079248232095284266e+01 5.602959745919032741e+01 7.276666594608137473e+01 7.775555033922415760e+01 7.185240922156775412e+01
2.372884694381488524e-02 2.002372884694345956e+01 2.730655897530624188e+01 3.115556076990371537e+01 3.532584905104630479e+01 2.349081486032300958e+01 4.349081486032371657e+01 6.177508610778626519e+01 7.177508610778761522e+01 6.762014759837295230e+01 4.761080591353461955e+01 6.762014759837295230e+01 6.622996668867614289e+01 4.811084347280164053e+01 6.622996668867614289e+01 6.887832042834413926e+01 7.716437594911523945e+01 7.940399182047295312e+01 6.272979662975843951e+01 7.378835996806020603e+01 9.362614737432016909e+01 1.113898823737672643e+02 1.030839123682281979e+02 1.018679383416508131e+02 9.599178893562260839e+01 9.765057461742807732e+01 7.763634385622955847e+01 7.504446306005432632e+01 8.837924542516010717e+01 9.668124377384027923e+01 9.887612574568697710e+01 8.912370496758660465e+01 8.078673668208249126e+01 7.597968445596544029e+01 8.431353516003937898e+01 8.112328762462246345e+01 7.526681271802334550e+01
6.296921807001566729e-02 3.655075258605506416e+00 7.306558975306598036e+00 1.115556076990407064e+01 1.532584905104560313e+01 2.427012096104491690e+01 3.841225658477636529e+01 5.841225658477706872e+01 7.427383428826603051e+01 6.054577700215908465e+01 4.047164697472000938e+01 6.031583136912650644e+01 5.613266866444965331e+01 3.818623645989791271e+01 5.391276311408030608e+01 4.889155176792711899e+01 6.118321552031130750e+01 5.940382820863742097e+01 5.379166481593305349e+01 6.533310931416134792e+01 8.533844715665100011e+01 1.030839123682281979e+02 8.302435806961155151e+01 8.184654782680027552e+01 7.598739711851901291e+01 9.014294913322171965e+01 8.349837632595215098e+01 6.366422033848814266e+01 6.847407686131478499e+01 8.516571626636481085e+01 8.705153421323582563e+01 9.534662300461297946e+01 9.210249778553126987e+01 8.210163383789426916e+01 7.382262422153814896e+01 6.111502436081453737e+01 5.525307025707201802e+01
8.175220331382776484e-02 2.008175220331347077e+01 2.730655897530624188e+01 2.529769639363527389e+01 2.687285443483791525e+01 4.361012029850649441e+01 4.427012096104562744e+01 6.427012096104704142e+01 6.600151198342810233e+01 4.600120548862301462e+01 3.439858409490493329e+01 4.709387922442365237e+01 3.999519856678207930e+01 3.062485036110258818e+01 3.392434529669280607e+01 3.736099898115292461e+01 4.120784755273451339e+01 4.528113027478529062e+01 5.420762232753008192e+01 6.574944520043879947e+01 8.575481644017561678e+01 1.030839123682225846e+02 8.302435806961155151e+01 6.895043616742633219e+01 6.204075027654869245e+01 7.484414094954604479e+01 7.056460968640311648e+01 5.722458981187424598e+01 5.722458981187424598e+01 7.301522225458158744e+01 6.720119147562162709e+01 8.705153421323582563e+01 8.382946551793777701e+01 6.381578292513859196e+01 5.380483483078035789e+01 4.713418588112628527e+01 4.110224174792991647e+01
7.631710034972485901e-02 1.421845272408054939e+01 3.421845272407983884e+01 4.529769639363598088e+01 4.687285443483720115e+01 5.515712568229881185e+01 5.205300218728010009e+01 5.209715618117735403e+01 6.032923751676347734e+01 6.124376518898635169e+01 4.123683044533230913e+01 2.707280133565508962e+01 2.644368343991031267e+01 4.058060902865759800e+01 5.391276311408030608e+01 4.889155176792711899e+01 6.118321552031130750e+01 5.680918764610853344e+01 6.526174056896400089e+01 8.249193032942309856e+01 9.404253647364944868e+01 1.026615882561021493e+02 9.720711959244600564e+01 8.184654782554136432e+01 7.484414094917717364e+01 5.523286499649559289e+01 5.107553058340619145e+01 6.481759379289167100e+01 4.867438692788142873e+01 5.346251800967636569e+01 6.720119147562162709e+01 8.705153421323582563e+01 9.210249778553126987e+01 8.210163383789426916e+01 7.382262422153814896e+01 6.715002775795230150e+01 5.403985311351024734e+01
9.124702163186203252e-02 1.423338270139639050e+01 3.423341401287321162e+01 4.651287805877929316e+01 4.136367551546360488e+01 4.096204866890045793e+01 3.216052615127626524e+01 3.216761400651016345e+01 5.209715618117735403e+01 4.743645266388416815e+01 3.915112561618347797e+01 2.248329001124935900e+01 4.248469273712958483e+01 5.472442250846696510e+01 6.886823598827623982e+01 6.887832042834413926e+01 7.716437594911570841e+01 7.680814243630305782e+01 8.509547491639264649e+01 9.355164527603149338e+01 9.472481297346116946e+01 8.235845759244151054e+01 9.667637973974908050e+01 1.018679383119557826e+02 8.311739932463424907e+01 7.484414094975450382e+01 6.481759379320216397e+01 4.543906576160123478e+01 4.388343572821340643e+01 6.323887010021171307e+01 7.373963410004304819e+01 9.005276003443211152e+01 9.834735524088563352e+01 8.544435057409769740e+01 7.545116773686552847e+01 6.718297741660148859e+01 6.010796260100912036e+01
8.187870513261463756e-02 1.422401827900437254e+01 3.422467185504230258e+01 2.651238516096456621e+01 2.082508635640659378e+01 2.195239411827277110e+01 1.803288084134294778e+01 3.800484176352688337e+01 4.457908547165068569e+01 3.629381633716254640e+01 1.914996066316795265e+01 2.332024253032254535e+01 4.332172251574892385e+01 5.436160556040449165e+01 5.952635466321841307e+01 6.530070411980027245e+01 7.196808872352973196e+01 8.025369729623668036e+01 9.025463048350309236e+01 9.472481297346116946e+01 7.428507456980244683e+01 6.776656605225981878e+01 8.113188963153719158e+01 8.953749202436534915e+01 8.046151762957960329e+01 7.127226299103894291e+01 6.598497456953496965e+01 5.944295714238810291e+01 4.004722511624391501e+01 4.617997237988102910e+01 6.553367081219215606e+01 7.018436596205856404e+01 9.005276003443211152e+01 7.718659365848074572e+01 5.717936117472220303e+01 4.717181360483800745e+01 4.009872087276954034e+01
2.239863785106879432e-02 2.002206957966598466e+01 2.292536814858652150e+01 2.439236257081021364e+01 6.512122946510078947e+00 8.032694789029896754e+00 2.803329266104104889e+01 3.187077603090381217e+01 3.349311645159026085e+01 1.629281855464558149e+01 3.629381633716254640e+01 4.332172238831536504e+01 2.964483307842937876e+01 3.435899888935308866e+01 3.952336740099558199e+01 4.529777084129632669e+01 5.196593491355598360e+01 6.196772087625182479e+01 8.196845657368524485e+01 8.987764436108874122e+01 6.936703143641163649e+01 5.729398075566365378e+01 6.045049258263770042e+01 7.766277422747722881e+01 7.186317687635290952e+01 5.161897435402374157e+01 4.988834794516027671e+01 5.356422585688524407e+01 3.755346058392133557e+01 5.693877615071244236e+01 5.641608303475354802e+01 7.018436596205856404e+01 9.005276003443211152e+01 8.544435057409769740e+01 7.545116773686552847e+01 6.230580402644628180e+01 4.230297674622866566e+01
1.991760116496149591e-02 1.470870101384983641e+00 2.925656036291596429e+00 4.392127186505123682e+00 2.439229787183666431e+01 2.803328462462946291e+01 1.026876276589488590e+01 1.187004430255150567e+01 1.349225850958488770e+01 3.349311645159026085e+01 4.082616259945119452e+01 4.911143406085700747e+01 4.964694595417496004e+01 5.436160556040449165e+01 5.952635466321841307e+01 6.530070411980027245e+01 7.196808872352973196e+01 8.025369729623668036e+01 9.025463133621809675e+01 9.824432101828750774e+01 8.378176009367764721e+01 6.314798736835159332e+01 4.838975935601157374e+01 6.919147947813759458e+01 8.046151553944466173e+01 6.085030964180059243e+01 4.048147808890320931e+01 3.406026223997253055e+01 5.356422585688409299e+01 6.307757668475144897e+01 6.997777874711992752e+01 7.817126775021064589e+01 8.808905867352105190e+01 8.822823224117438201e+01 6.806806849042622787e+01 5.386292634335656970e+01 5.641301955268966850e+01
1.766589122093755945e-02 2.001766588997643481e+01 2.292542064595862783e+01 1.583063163229783221e+01 2.406030609879579885e+01 3.855365700806243723e+01 2.441117545120087939e+01 2.601354293026991726e+01 3.345157952551541314e+01 1.766254575849692898e+01 2.082482095573340786e+01 4.082616259945119452e+01 5.389283359271940554e+01 6.803677032929557811e+01 7.185199994129681045e+01 8.013744998899676375e+01 8.124228101526692569e+01 8.952784156905549651e+01 9.818666035738374376e+01 8.764034278470282402e+01 7.921812746392639326e+01 6.441923759144394523e+01 4.369848779306190778e+01 5.802467516905752376e+01 6.653870316900122361e+01 6.546782594602431971e+01 4.946779499158041915e+01 3.181125063360958194e+01 5.130291824448016769e+01 4.395888388501866473e+01 5.087931589474340655e+01 6.094987362023552180e+01 7.601531010524263365e+01 9.322614983111716924e+01 8.229474498072924860e+01 6.815572247181756893e+01 7.574910498122447677e+01
6.490672536223988931e-02 1.426686991024674889e+01 3.446646549722082398e+01 3.507534983533557948e+01 4.248366084687950917e+01 5.116855460796271871e+01 4.441252775354948312e+01 4.604189826269919195e+01 4.587223699695078949e+01 2.766270813168812737e+01 4.082616259945119452e+01 2.560572922626345971e+01 3.974889685614327561e+01 5.552014108783340163e+01 5.184963957022616654e+01 6.709916103424329492e+01 6.124088892383345950e+01 8.124228101526692569e+01 8.803065779515117129e+01 6.927247986926468570e+01 5.856216310049013174e+01 6.235260318541570257e+01 5.701939653143151077e+01 3.747295825739758612e+01 5.802467537730408509e+01 6.396687831378780231e+01 4.915042364397353225e+01 2.961594562775191974e+01 3.506576234748695953e+01 4.618483652635021741e+01 6.556814140354687481e+01 7.817126775020344098e+01 8.202703014703681106e+01 7.091978576929184896e+01 8.204025415325770609e+01 8.893176914899481744e+01 7.457024041055557007e+01
