MOVIE_S12_data/elevation_000731.asc
nrows	50
cellsize	150.0
xllcorner	0
ncols	50
yllcorner	0
NODATA_value	-9999
[rows 17 to 33 of 50, columns 0 to 36 of 50]
5.436832538903087209e-02 2.015529676770867251e+00 2.207927637414793764e+01 8.031162969815570207e+00 1.032511455117815480e+01 1.268153831243137830e+01 1.512314183282276758e+01 3.493204593145649994e+01 4.704536263146311370e+01 5.814583656652676069e+01 6.697625153485601857e+01 6.838952363299503645e+01 7.282297983657264240e+01 7.282297983768256699e+01 8.106417969279372926e+01 9.238915948758395302e+01 9.824238269079890529e+01 8.658996565780874732e+01 6.630732551433617061e+01 5.612134528403378653e+01 4.780495701102188377e+01 6.072103975172625212e+01 6.912314336245992763e+01 5.208907195563389791e+01 3.207153635676208836e+01 5.208907195563389791e+01 6.006357748508548866e+01 6.831914164742491380e+01 5.806903366695819102e+01 6.889297110655061829e+01 7.717186261097187128e+01 8.868719831053516600e+01 8.880947202090769110e+01 7.726429210049975893e+01 6.898253760587198258e+01 6.101820630332943551e+01 4.101801850014316386e+01
9.647730019007895452e-02 1.946607050983220688e+01 4.829919855531954909e+00 9.992371466486249076e+00 1.528270609634489574e+01 3.239735686807169657e+01 3.403077062853266455e+01 2.322461167737548493e+01 3.022232128829859832e+01 3.905202755049195673e+01 5.299498078724532490e+01 7.272933250483499990e+01 7.510546331929229780e+01 8.338515735208534352e+01 8.652914412774416064e+01 7.239420850230348492e+01 7.825059405191497319e+01 9.496345936024781054e+01 8.099344397719191591e+01 6.068627084223005852e+01 6.220408063373359653e+01 7.654133976937225725e+01 6.875419594229850873e+01 5.495256582809668089e+01 3.490782040171912826e+01 5.495260869751328414e+01 6.997717200045232744e+01 8.157757261052992703e+01 7.799760273040305947e+01 8.629498609899714268e+01 9.305792623874583569e+01 9.084955143852681658e+01 8.052936644779558151e+01 6.052967222728221230e+01 4.898228766125330935e+01 4.191118534149114794e+01 3.524451245361210994e+01
9.953738903938927352e-02 2.009953738903903542e+01 1.890298411293980863e+01 1.729143445930248646e+01 3.389734410597009884e+01 2.307382703663002488e+01 4.143133617483174191e+01 4.297821175384403602e+01 4.293396786414326982e+01 5.814583656652676069e+01 6.697625153485601857e+01 7.184068781433818174e+01 5.510709773224749597e+01 7.184068779546355188e+01 7.666817436109565165e+01 5.825243818620635494e+01 7.825059404590484746e+01 8.896886228979984423e+01 8.937306018977064070e+01 7.506317154118109158e+01 8.250492398672743377e+01 7.464702535329571731e+01 5.452318389398148213e+01 4.033607730946609848e+01 5.495246862251302389e+01 4.155967292194363694e+01 5.314174627872870360e+01 7.326445187990562147e+01 8.827372418590692860e+01 9.305792623874583569e+01 7.313495008663628028e+01 7.096759374284161481e+01 8.022219802772862352e+01 7.726429210049975893e+01 6.898253760587198258e+01 6.076146314270427951e+01 4.076133056594727577e+01
3.582433992925927735e-02 2.003582433992890444e+01 3.826281982473460630e+01 2.840275313328889339e+01 4.453734115411676697e+01 3.557712135139875897e+01 3.228436397575860184e+01 4.302481539768831453e+01 6.220410346030595861e+01 7.092943251139359973e+01 7.073549953028921777e+01 6.246709887700085062e+01 4.356011925490933123e+01 5.887617083986028632e+01 5.667025048568621060e+01 5.069315533142132324e+01 6.069312997192139392e+01 7.483474906476260458e+01 9.482880759676906735e+01 9.531038812077635214e+01 8.627251900822335529e+01 6.614366583022930968e+01 5.191158469320129853e+01 4.518240867477997824e+01 6.529664475537879298e+01 6.164907658530221113e+01 4.973871671037450426e+01 5.979923818985193407e+01 7.993332321203568824e+01 9.158445576011732214e+01 7.679088432864377012e+01 5.740749436637177183e+01 6.071712211328121356e+01 7.149926336789449977e+01 7.349363169862324696e+01 6.904385051984526456e+01 5.749756009865633644e+01
8.338298177320474514e-02 1.422551860550428060e+01 3.422551860550498759e+01 4.753221440403861209e+01 5.564305849151880068e+01 5.260406969137767419e+01 4.296537728054094885e+01 5.913133477025964169e+01 7.026666535666258540e+01 6.920430863157649526e+01 5.920059410584860160e+01 4.247001599181275111e+01 3.539515379834347186e+01 3.887670691721565674e+01 4.252819063279105904e+01 4.787341543655497844e+01 6.787238683337710654e+01 8.388520711206938074e+01 9.215664500669758752e+01 1.036824648325265059e+02 8.847469511372646878e+01 6.834558413180123182e+01 7.049655914131457735e+01 5.035759324213912436e+01 7.049655914131457735e+01 7.820781156399510792e+01 5.873562977759396375e+01 7.820781156399510792e+01 8.827372418590692860e+01 7.746101083553109845e+01 6.333756591094478239e+01 6.431505777317491379e+01 4.755308361905352399e+01 5.239145314412085952e+01 5.036994569264152233e+01 5.252385199272121952e+01 5.627523940973178185e+01
1.813270376062421294e-02 2.001813270376026921e+01 3.053377685873408964e+01 3.656520362323981033e+01 4.364463267231472088e+01 5.198083250034405012e+01 6.202199058306774759e+01 7.005446711511619640e+01 7.506331703618837992e+01 5.506506446253040821e+01 4.092301654068076289e+01 3.092301784341882609e+01 5.092271678507750465e+01 5.887617083986028632e+01 6.252750679727277117e+01 6.201542501868342327e+01 5.681768155847566248e+01 6.388873209848051005e+01 7.543546360192561906e+01 9.542636488695447383e+01 9.682582576106774752e+01 8.473099390976365441e+01 6.460046320750775806e+01 5.747503086542656092e+01 7.761826943518006772e+01 8.721321459113686103e+01 7.297817152515482064e+01 8.721321459113686103e+01 8.635120623036709731e+01 6.915644403104133175e+01 4.979089969203899102e+01 4.518263258437568197e+01 5.779931005910847830e+01 3.932781057736945485e+01 4.843920878117179996e+01 2.818808106481846210e+01 4.245862069300640940e+01
2.351309638313057310e-02 5.187490891328401688e+00 1.053271572966504799e+01 1.656294262605821643e+01 2.363401084244642547e+01 3.518136297657984812e+01 5.522168381577970564e+01 6.625548746141895151e+01 5.795545325380268054e+01 5.795370343267458679e+01 4.809434302177353970e+01 2.809459071867312829e+01 4.809434302177353970e+01 6.257392023994947294e+01 7.411955229485329255e+01 8.201234348071226066e+01 7.681554118043021617e+01 8.388520711206938074e+01 9.215664500669758752e+01 9.691773606730730251e+01 8.860878054885306199e+01 9.306996149796002271e+01 8.473099390976365441e+01 7.172589554958894098e+01 7.172589554958894098e+01 9.184371838434732638e+01 9.309921364280356215e+01 9.217780332788261433e+01 7.211279432144489476e+01 5.823793993874517128e+01 6.915644403104133175e+01 5.793758275983385175e+01 3.897204510726503202e+01 3.475561613746824463e+01 3.180231538892755694e+01 3.978009096002141121e+01 2.472993618135256355e+01
2.372884694381488524e-02 2.002372884694345956e+01 3.053377685873408964e+01 3.656520362323981033e+01 4.364463267231472088e+01 5.198046740883967232e+01 6.356204068402414009e+01 5.795504871666257429e+01 3.795328353127310805e+01 3.795327260967079752e+01 4.534717426360349890e+01 2.534737943969943785e+01 3.429165114987821994e+01 4.583864500241769946e+01 6.583780091757785158e+01 6.665907998963569980e+01 6.994712156103480538e+01 7.348274995886774263e+01 7.480997817275611794e+01 8.309825192996702015e+01 6.860475394573030883e+01 8.535023761120049812e+01 9.429829046141756521e+01 9.184371838434732638e+01 9.184371838434732638e+01 1.001846501474170026e+02 1.049694735148645606e+02 8.474406708059731841e+01 7.062187481469428008e+01 7.798969939486137548e+01 7.260153081226539484e+01 5.280539755790449163e+01 4.022763822153440572e+01 5.375693385269868685e+01 4.529571328804542674e+01 4.983583421170730077e+01 3.064092383987777168e+01
6.296921807001566729e-02 1.420510903471506658e+01 3.420558222935289905e+01 4.272020928975607035e+01 4.581447088931764711e+01 5.406486885734472736e+01 5.914331650942935426e+01 5.334930864362754477e+01 4.381119190472822567e+01 2.381114530666889451e+01 3.920177397522131457e+01 2.276539054222786973e+01 4.276522129518311743e+01 5.767730372048696097e+01 4.939349226617795097e+01 4.665912705159598062e+01 4.994710224612387606e+01 5.348262978155005953e+01 5.480983709818824678e+01 6.811369564634830454e+01 5.705782481533398709e+01 6.600206283117405803e+01 8.014397709802618408e+01 1.001486651766516900e+02 1.037625272192494634e+02 1.037625272192494634e+02 1.121035716670652249e+02 9.907650265580240045e+01 9.066795147294008927e+01 8.912596599503110895e+01 7.996769741754168592e+01 6.293847713600209914e+01 4.404426218929413750e+01 6.293847713600209914e+01 6.446909588558735038e+01 5.800679212612978120e+01 3.739583384840864966e+01
8.175220331382776484e-02 2.008175220331347077e+01 2.273413264514636722e+01 2.273272954350284891e+01 2.582048409240254827e+01 4.581455696024662672e+01 3.920725989134361100e+01 3.335768843630457070e+01 3.347400306989428742e+01 1.674007749714232673e+01 1.920190731672893847e+01 3.919027602066734062e+01 5.102374369138127719e+01 4.512932684774668246e+01 2.939353410214283713e+01 3.251700933990366593e+01 3.580498908596486274e+01 3.934052299167243660e+01 4.326284569296862514e+01 4.811355817281555147e+01 5.966053979863561807e+01 7.966092127647279142e+01 9.429829046141765048e+01 9.783505036981084402e+01 8.356652907257571883e+01 8.356652907257571883e+01 1.037625272192494634e+02 1.073848479767763280e+02 9.511935188341850278e+01 7.468898854256985942e+01 6.016497786661447833e+01 5.144462074274123609e+01 5.288796249897953317e+01 7.136766621782803099e+01 7.216387235164270919e+01 5.214851193240435379e+01 5.214851193240435379e+01
7.631710034972485901e-02 1.403763723549667608e+00 2.734143934025143441e+00 1.167841582518221166e+01 2.602871794647876769e+01 2.740910703166611384e+01 2.881279092867145053e+01 1.921579958462182347e+01 1.347409117343147855e+01 3.347400359964402128e+01 3.625250769718365973e+01 3.831534822030060639e+01 4.108885159702715839e+01 2.512951977503507806e+01 3.927164451636915743e+01 5.251697764373601984e+01 4.994710224612387606e+01 5.088751905034529699e+01 6.326289133952386834e+01 5.740494301370839736e+01 6.811369564634830454e+01 8.795102202841624717e+01 1.020779326310622821e+02 8.948179997690554899e+01 6.898666541275832742e+01 8.948179997690554899e+01 1.014618639408165564e+02 8.719155607214403858e+01 1.014618639408165564e+02 8.912596599503110895e+01 7.996769741754168592e+01 6.283978632899135164e+01 6.701459306006280769e+01 8.147455178561547484e+01 8.041559046171430225e+01 7.216387235164270919e+01 7.216387235164270919e+01
9.124702163186203252e-02 2.009124255547549254e+01 2.273413244198955141e+01 4.658644831323887736e+00 6.029022250978945507e+00 7.409153369663648903e+00 8.812878182350830869e+00 1.027152809732976380e+01 1.224218665365833303e+01 1.423226103407829513e+01 1.625256612318268168e+01 1.831540861570023182e+01 2.108890959682632982e+01 4.108885159702715839e+01 5.341423073727745674e+01 6.755681695818576316e+01 6.994712156103480538e+01 7.088755617420130761e+01 7.917483944021465447e+01 7.154693393764158316e+01 8.569416685620778651e+01 9.640996487695079509e+01 9.371787252582809913e+01 7.325437048514129401e+01 6.224662591863094718e+01 8.300066935947084801e+01 8.130286174186635151e+01 7.266233971206688125e+01 9.310603433653140826e+01 9.136341875600750484e+01 9.178420814059306565e+01 8.333357430108812025e+01 8.748573186597637630e+01 9.180931651867361154e+01 8.180873288902441232e+01 7.352363276377397483e+01 6.596425025568527190e+01
8.187870513261463756e-02 1.162888408864971623e+01 3.162887607977165771e+01 1.880080145247282175e+01 2.602898277784847636e+01 1.635342450470453457e+01 1.435988014459886486e+01 3.027148679725224767e+01 3.224213194207199251e+01 2.837439113667092627e+01 3.039469548333024562e+01 3.831534822030060639e+01 2.151800731310954617e+01 4.222634166828873248e+01 5.325269297894872977e+01 5.817292881586230635e+01 6.646405141193710620e+01 7.542366057576013816e+01 8.697243633275340358e+01 9.154840656128037324e+01 9.688470084502102964e+01 9.468746129627697883e+01 9.150729101414164290e+01 7.100430854519376567e+01 5.601896756556626400e+01 7.148483020724403048e+01 6.047567171376209672e+01 8.130286174186635151e+01 8.556598588347600298e+01 7.156729480596199267e+01 7.736544526972096492e+01 9.716763486881518475e+01 9.766685457612634025e+01 7.766565540486827501e+01 6.352339451728090580e+01 5.352338658215963108e+01 4.596409656160259516e+01
2.239863785106879432e-02 2.002239423163845800e+01 3.991250617409336598e+01 3.880382986483110130e+01 3.634869001728417715e+01 3.049505446684525722e+01 3.435978135932153776e+01 2.288790877032803905e+01 4.288773659973993091e+01 4.837421701643504690e+01 5.039451739029155419e+01 4.770886360334740317e+01 2.646777075657637113e+01 2.742972640610475565e+01 3.250552896447360496e+01 3.788627809429568316e+01 4.709088867316239657e+01 5.868382857429562449e+01 7.868776666540863118e+01 9.688470084502102964e+01 7.652773214570612481e+01 7.428862454902491663e+01 8.862637366585448717e+01 7.206197876614803022e+01 5.094482083232784930e+01 5.035144396081681606e+01 7.148483020721764092e+01 8.287784014322099324e+01 7.473988695171976815e+01 5.777116288537753519e+01 7.736544526972096492e+01 8.523182133735856780e+01 8.741142040063851937e+01 9.019718050155431399e+01 7.019635067631141112e+01 5.605414533283440903e+01 4.450713563216794455e+01
1.991760116496149591e-02 2.001991760116460739e+01 3.537300495054934402e+01 4.431727686054865956e+01 5.632313826680668001e+01 5.048060700499168263e+01 5.117076022500193488e+01 3.288790765220934986e+01 3.703002898072966786e+01 5.702949377797082064e+01 6.767710824774496814e+01 4.748542367815238663e+01 3.307666136651689470e+01 4.861348647512969023e+01 5.325269330321341243e+01 5.817292881586230635e+01 4.815139403874088231e+01 5.974002311676556332e+01 7.974344405828131244e+01 9.468746129627697883e+01 7.428862454902491663e+01 5.943736237285212098e+01 7.044586176222820484e+01 7.889670323469269420e+01 6.538414708811134801e+01 4.423257031502760128e+01 6.538414708811134801e+01 7.158286713316879002e+01 5.521091986089651016e+01 5.049733663739115741e+01 6.995945356411668570e+01 6.547990287093352890e+01 6.763630446079339720e+01 8.741142040063851937e+01 7.864969601793434606e+01 5.864928836658459943e+01 6.231654476583230462e+01
1.766589122093755945e-02 7.088733703086443683e+00 1.603300561308575922e+01 3.017514123681696248e+01 5.017514123681766591e+01 6.230809512494351310e+01 6.116998432606691694e+01 4.702999446903816505e+01 5.702949377797082064e+01 6.531149146927430138e+01 6.769280417251461301e+01 4.763300581818893420e+01 4.763300581818893420e+01 4.763300581818893420e+01 6.769280417251461301e+01 7.647957629961240400e+01 6.233585661376984177e+01 7.647957629961240400e+01 8.802815970021318037e+01 9.576858568478355949e+01 7.535446241118449962e+01 6.054925760558316483e+01 4.937510872810023699e+01 6.556317171064424087e+01 5.697575888382681342e+01 4.074179996440517471e+01 6.180887806731379186e+01 6.287945684774079069e+01 4.404427100384963722e+01 4.404427266644806593e+01 6.149902086323579198e+01 5.173449485150382543e+01 6.547990287093352890e+01 8.523182133735856780e+01 8.693499393755668336e+01 7.864969601793434606e+01 7.060138857852255967e+01
6.490672536223988931e-02 2.006490672536188313e+01 3.537300495054934402e+01 4.431727686054865956e+01 4.599016089072719637e+01 4.232278885988182537e+01 6.230809512494351310e+01 6.702899308690336966e+01 7.018762422671485979e+01 7.845979180482436277e+01 7.597859356589586355e+01 6.769280417251461301e+01 6.769280417251461301e+01 6.769280417251461301e+01 7.597859356589586355e+01 8.879269296027726455e+01 8.233839201881581005e+01 8.615352985381862538e+01 8.333914146151312252e+01 9.159259358142091401e+01 7.910052382821228889e+01 5.825888445134134486e+01 4.330146825044493397e+01 5.697575883736128333e+01 3.606880915491142048e+01 5.697575888382684184e+01 7.036940369150963193e+01 5.478882868872242540e+01 3.527866677290343489e+01 5.319784085031097476e+01 4.203104422817592933e+01 6.149980034990471012e+01 7.445355216919142549e+01 8.266433289140650231e+01 9.251323047310908976e+01 8.422725561738006661e+01 8.214887898350589523e+01
