MOVIE_S12_data/elevation_000442.asc
nrows	50
cellsize	150.0
xllcorner	0
ncols	50
yllcorner	0
NODATA_value	-9999
[rows 17 to 33 of 50, columns 0 to 36 of 50]
5.436832538903087209e-02 1.158799080387333014e+01 3.142329226748904247e+01 2.316612417798482326e+01 2.902773796678980389e+01 3.119727153126007480e+01 1.875445039075919595e+01 3.614129779728636294e+01 3.952247390563233864e+01 2.451916628524152131e+01 2.829881101415442046e+01 3.238129399088450100e+01 3.772652166728979495e+01 4.375677867211614824e+01 5.042362541573911017e+01 6.042549795692428916e+01 8.046111512906452390e+01 9.576222670406455961e+01 7.576215272315612026e+01 7.169822442101563809e+01 5.169824913939807232e+01 4.015124468638838096e+01 4.863652394235403875e+01 6.277878906602141029e+01 5.774297704339754489e+01 3.774841182072979251e+01 5.774297704339754489e+01 6.940861491704164621e+01 6.112528204661411735e+01 4.900335702419844353e+01 5.901750394807379507e+01 7.898800506243074437e+01 8.868659596211151097e+01 7.871048691092842375e+01 7.044367889048199061e+01 6.378776283640966227e+01 4.533747128164438323e+01
9.647730019007895452e-02 1.997727612564183985e+01 3.902728298521824968e+01 4.314260121907672385e+01 4.314260121907673096e+01 4.430614707194502699e+01 2.430145385548582482e+01 4.430614707194501989e+01 5.282254891341169412e+01 3.866194902340571815e+01 4.244182978430755782e+01 4.652467106472310121e+01 4.871385928039171631e+01 6.377007950057600283e+01 7.044330654299433547e+01 7.876046528589107254e+01 8.878819189354136654e+01 8.990425676619150863e+01 6.990430142803948854e+01 5.576218285701808952e+01 4.681791134714597291e+01 6.015123330866821050e+01 6.843567516092963388e+01 7.692105419297190849e+01 6.166401722811311714e+01 4.167062906749409734e+01 5.321404426337466020e+01 7.320689495923711831e+01 7.616603600399339769e+01 5.609207897815139887e+01 7.616603600399345453e+01 8.726368010938313091e+01 8.041745925864456979e+01 6.046989852231940432e+01 5.047593072826492744e+01 4.380964432170195266e+01 3.803449261964424721e+01
9.953738903938927352e-02 2.009953738903903542e+01 3.726436749739139742e+01 4.881137288118411988e+01 6.309832031222406101e+01 5.260530883122676471e+01 4.430614707194502699e+01 3.430155061808822126e+01 5.431074352580189668e+01 5.867479686639503456e+01 6.245738038350202714e+01 6.654375974963120655e+01 6.873674019204885610e+01 7.705289564018110582e+01 8.819874748508524931e+01 7.998151035280210408e+01 8.256219899673131124e+01 9.077559483076456104e+01 8.096000482960749878e+01 6.096004030312079180e+01 6.681789428943832831e+01 5.750835967837966933e+01 7.750832592284095313e+01 7.756985882869018667e+01 5.757645962883490398e+01 4.603459354877513476e+01 6.602666441900920802e+01 8.149367094681349499e+01 7.616603600399346874e+01 7.030502262378004730e+01 8.444591470990256710e+01 9.457397665770514550e+01 8.868659596211151097e+01 7.871048691092842375e+01 7.044367889048199061e+01 6.378776283640966227e+01 5.802057678522525208e+01
3.582433992925927735e-02 8.980096249928495311e+00 2.052710163372121599e+01 4.052710163372191943e+01 5.125804686920171349e+01 5.954231811666391394e+01 6.261596660665191649e+01 4.844595698142850182e+01 5.063559840378525934e+01 7.066326404945468198e+01 7.310792793772340303e+01 6.488243831795247729e+01 7.310792793772334619e+01 7.930901917041958882e+01 7.108439616746322542e+01 6.008695823080658727e+01 6.266872032952656468e+01 8.256219899673131124e+01 8.924474157631573235e+01 8.096000482960749878e+01 8.579296802937437860e+01 7.165047349496569495e+01 7.750832592284095313e+01 8.585802843723629962e+01 6.602666441900908012e+01 5.206303826521767775e+01 6.235735011011780671e+01 8.235324079946961717e+01 9.616251933177360911e+01 9.031577399575496656e+01 8.872834294477559069e+01 7.458027720745101874e+01 8.192885083457326800e+01 8.778779002362362860e+01 8.658077737796932638e+01 7.736333323728126743e+01 6.908655521849263437e+01
8.338298177320474514e-02 2.008338298177284997e+01 2.958289041239801875e+01 3.492811525064690414e+01 3.125804686920101005e+01 5.028345430997470089e+01 6.028345430997487853e+01 6.846959074165133075e+01 7.066326404945468198e+01 6.832962528859648899e+01 6.009942864152720432e+01 4.496827881177804898e+01 6.238132589362714953e+01 6.782531386601712597e+01 5.118187491257722144e+01 4.859054510144268590e+01 6.266872032952655758e+01 8.256219899673131124e+01 8.921669089251184914e+01 9.139053120119882578e+01 9.958010782507732017e+01 9.165043270059740621e+01 9.750842359170745510e+01 9.431500118086712803e+01 7.837661508883176964e+01 5.838394349460344301e+01 7.837661508883179806e+01 9.064265458122896746e+01 9.364301023554739345e+01 8.778308205964877686e+01 8.043629619542468845e+01 6.044066811350912616e+01 6.193342636371971821e+01 6.778995059852927341e+01 6.657518087553374642e+01 6.908655521849263437e+01 4.908660782053436122e+01
1.813270376062421294e-02 4.732177911670961024e+00 9.582890412397663482e+00 1.492811525064619715e+01 2.199918306251179700e+01 3.199918306251197464e+01 5.199918306251267808e+01 6.982627208553398646e+01 6.159816001480712089e+01 6.009943016619958200e+01 4.017102991424201264e+01 3.498532694810791099e+01 4.246224978635048330e+01 5.275847685605128845e+01 3.966620239350208976e+01 5.376490052558547461e+01 7.366556487496904992e+01 8.335891820891991699e+01 6.930509464370925343e+01 7.148418325054824152e+01 8.468706832532770079e+01 9.289438981066453493e+01 1.043593128776772261e+02 9.252151784572829740e+01 7.251817117023725245e+01 7.251816000705633769e+01 8.666691154922968110e+01 8.860206125047106696e+01 7.364732698724424154e+01 6.779210552187019800e+01 6.848304613511888306e+01 6.376794624136373812e+01 4.778642175933183722e+01 6.778995059852927341e+01 5.243399993561633465e+01 5.610419392401426109e+01 5.494445679002206617e+01
2.351309638313057310e-02 2.002351309638277499e+01 2.958289041239801875e+01 3.492811525064690414e+01 4.199918306251250044e+01 5.028345430997470089e+01 6.028345430997487853e+01 6.159816001480712089e+01 4.167709627418755503e+01 4.751184075172365340e+01 4.296291662017908664e+01 2.604481703946289173e+01 2.833891706343990080e+01 3.281056091936437724e+01 5.275848163071760411e+01 5.791265520634676989e+01 6.091850400490320538e+01 6.449615420972129698e+01 5.522974275897428953e+01 7.319047899149651926e+01 6.477412451991600051e+01 7.626760197303526922e+01 9.618656907331873640e+01 1.008241746587192011e+02 9.252151784572829740e+01 9.252017680180803438e+01 9.444593662341503659e+01 7.445737293211659846e+01 6.031820557949581740e+01 5.364615325182428052e+01 4.847857148204167288e+01 4.376272924046901380e+01 4.175419467294058506e+01 5.359187106403168599e+01 5.076293013380649199e+01 3.610547777609206577e+01 4.345578413530362383e+01
2.372884694381488524e-02 1.002372884694390187e+01 2.416586447067568599e+01 4.416586447675202720e+01 5.288615042167759128e+01 4.469616016371488598e+01 5.289427593639847913e+01 5.984601234177729623e+01 4.751184075536557572e+01 2.755529165793441493e+01 2.299487848493525277e+01 4.296291726509735298e+01 4.829792415038281916e+01 3.226089300905425716e+01 3.508885838072463059e+01 3.797478378120924702e+01 4.098839267332082414e+01 4.457705015777740698e+01 4.883287787558425919e+01 5.329004815228696401e+01 6.218465977620603269e+01 7.213077650645320205e+01 8.622956039918683757e+01 1.061289990592599253e+02 1.062662142293754926e+02 1.121370696447170161e+02 9.444593662341503659e+01 7.445737293211659846e+01 8.031188769111868453e+01 7.364732698724439786e+01 6.848304613511888306e+01 5.744174116048873913e+01 3.743722933167772027e+01 3.358823791064754971e+01 3.075982501476038777e+01 4.345589526268968683e+01 2.345689498549147345e+01
6.296921807001566729e-02 2.006296921806966083e+01 3.830800004397627845e+01 3.921860714202792764e+01 4.293244900752127791e+01 2.480961694743582413e+01 4.296219806452975831e+01 4.575286872516377912e+01 3.165974651480975055e+01 1.999675601006769554e+01 2.342671717730591752e+01 2.690820203820385004e+01 4.685095904138522371e+01 5.221207144250128351e+01 5.503375558946472523e+01 5.208057867246516537e+01 6.091844037376595367e+01 4.991226839866994425e+01 6.874019153181060915e+01 6.735805212279335308e+01 6.587129511226031298e+01 8.578503213497837976e+01 1.002531812803243412e+02 1.003688912812601188e+02 8.617718381687200235e+01 9.206112459723158281e+01 1.027467495692780375e+02 9.444593662341503659e+01 9.422822891127401590e+01 7.423393777950809636e+01 6.009392743732659881e+01 5.009016782923898603e+01 4.358996943525345813e+01 5.359187106403168599e+01 4.683999846709636472e+01 2.683751113973117342e+01 4.169760965697114585e+01
8.175220331382776484e-02 2.008175220331347077e+01 3.335756638864018697e+01 1.921985280068551916e+01 2.640431643803391282e+01 1.481249766764270603e+01 3.475245942621869943e+01 3.750246361244889926e+01 1.752554657101854474e+01 3.508171645456098275e+01 4.331759049016450547e+01 4.685095904138522371e+01 3.207146111237503305e+01 5.198741267745884898e+01 6.558590755878086043e+01 7.199253347124150082e+01 7.652655724714658447e+01 5.655335238602911119e+01 7.652655768526193469e+01 8.727120303946895774e+01 7.995405964807810051e+01 9.399241279827708695e+01 9.817995026923199475e+01 9.206112459723158281e+01 7.197591537083326330e+01 9.206112459723158281e+01 1.033111837806574584e+02 1.009913214530483856e+02 9.271169555574975618e+01 8.838224449980495478e+01 7.514010014110358782e+01 5.514127435983196790e+01 6.359377269280999201e+01 5.500645928915741933e+01 3.500279727067816538e+01 4.683999846709636472e+01 4.301097398053460097e+01
7.631710034972485901e-02 2.007608654865439135e+01 2.321649474587977835e+01 5.077688816450289799e+00 6.405135439688218746e+00 7.741441649369045663e+00 2.774094971076802452e+01 3.107740139031725946e+01 3.271328087586729083e+01 1.510018963739898012e+01 2.669150790153272723e+01 4.717806868881027071e+01 5.198741267745884898e+01 3.751184670757389483e+01 5.739120226725640350e+01 7.153672496584630380e+01 8.477621733013754124e+01 7.651689534976928542e+01 7.068232411916073943e+01 9.090092510714764273e+01 9.986224499467762428e+01 9.228992744264809289e+01 7.809908253682971235e+01 8.495993077446306074e+01 6.489062542254639254e+01 7.492892925618481570e+01 9.500773726946043496e+01 8.943397556231586520e+01 7.268172123990176203e+01 8.943397556231586520e+01 8.343032971050384106e+01 6.668986382434358973e+01 6.655468027912409923e+01 4.655257478746848676e+01 4.655257478746848676e+01 6.329349894256683484e+01 6.246106191026976973e+01
9.124702163186203252e-02 2.008698118877446959e+01 3.216720395636267327e+00 2.321655407316089637e+01 2.640466965405520483e+01 2.774089576840523819e+01 9.679447983725058435e+00 1.107972807164390261e+01 1.273493986603044803e+01 3.271792639318145746e+01 4.333256074954247339e+01 5.523773832308054210e+01 6.558590755878086043e+01 5.739120226725640350e+01 4.353231173821147593e+01 6.335119253327596311e+01 7.838517135462406316e+01 8.663504338121875037e+01 9.069199410693065033e+01 9.919256972583967524e+01 9.816648913534481835e+01 8.398063252354018005e+01 6.391570702877693577e+01 7.129045939453362735e+01 5.855859832879043836e+01 7.861345917751664558e+01 7.941528532327919265e+01 7.112211241421407237e+01 6.109684033579448936e+01 8.114738449263361986e+01 9.497954278324812094e+01 8.668333761777971347e+01 7.484302817411143849e+01 5.810286565205377229e+01 6.655468027912409923e+01 7.484302817411143849e+01 7.844403689205225305e+01
8.187870513261463756e-02 1.375571159838917978e+00 2.137598597716695892e+01 2.321656970886959570e+01 4.108706725912201563e+01 2.046227132703569396e+01 2.967873378142583718e+01 2.936363857036884539e+01 1.489357732460399752e+01 3.363242057096422144e+01 4.362277221801188176e+01 4.745858791283930600e+01 6.522461995421792835e+01 7.153672496584630380e+01 5.757662494591099289e+01 5.057528636061185523e+01 6.048468009552405533e+01 7.434838094008898679e+01 9.379558967999453500e+01 1.046089845919662764e+02 8.372253710099518287e+01 6.939736334236155813e+01 5.940058151019724875e+01 5.124357204569291468e+01 6.593256981957551943e+01 7.122715229514142266e+01 6.292801729795373689e+01 5.105076047554464935e+01 7.112211241421407237e+01 8.943397556231586520e+01 8.820983531161877522e+01 9.039543795973419549e+01 8.639203195658360812e+01 7.810007376777905108e+01 8.045554425924395048e+01 7.217048690279479217e+01 6.550500884650776356e+01
2.239863785106879432e-02 1.838469296454497126e+01 2.921828285437533879e+01 4.321507819199258194e+01 4.958723698091373677e+01 3.502501341765771059e+01 4.088047857236222171e+01 3.479946018895891768e+01 3.508238214000875388e+01 1.889355200951234082e+01 2.882275872082924195e+01 4.839688309572273539e+01 6.060622167264822480e+01 7.240970787023226762e+01 7.732479524477173527e+01 6.457017363762747664e+01 6.048928638230272270e+01 7.442227350777058348e+01 9.405978144522511286e+01 1.010754607643729486e+02 9.282267351498991559e+01 8.785526934094603746e+01 7.410743659414336548e+01 5.465816456130016832e+01 4.586740496133280942e+01 6.106360797364258275e+01 4.279477983731347734e+01 6.275111364081143250e+01 7.047223395128618506e+01 7.886937018294675283e+01 6.820636179338370653e+01 7.039511609483413679e+01 9.039543795973419549e+01 8.631261248879656023e+01 6.631262668428934148e+01 5.217405273393391951e+01 4.551029208920836311e+01
1.991760116496149591e-02 1.457169686047500434e+01 3.538766341885511935e+01 4.433681924993535262e+01 5.262109049739755307e+01 5.572216427428568153e+01 6.101312795610087392e+01 5.459073084201822468e+01 4.714510605764449735e+01 3.042501205156338884e+01 2.336539489261955893e+01 3.229608616288882672e+01 4.380225643421911030e+01 6.394389055276407419e+01 7.808548238240530281e+01 8.424303244758381481e+01 7.442233669788716099e+01 7.656998339055765257e+01 9.621314827494796873e+01 8.945972002318720229e+01 7.262282296400999826e+01 8.943053251201257581e+01 8.301157254646433614e+01 7.276004339038519220e+01 6.105485760129696615e+01 4.092117152237359079e+01 3.758490930958925702e+01 5.126069119240039385e+01 5.013281974182149980e+01 6.403664656129747357e+01 5.400807663496285471e+01 6.820636179338370653e+01 8.820983531161877522e+01 8.631261248879656023e+01 6.631262668428934148e+01 6.550500884650777778e+01 6.550500884650776356e+01
1.766589122093755945e-02 2.001766589122058093e+01 2.831767791114195632e+01 2.433681924993464918e+01 3.813503870439121357e+01 4.416526559594659318e+01 5.123633340781219658e+01 5.952060465527438993e+01 5.868026461211400147e+01 5.037493647439435307e+01 3.746983479399441563e+01 2.836336743713830799e+01 4.829282996366989522e+01 5.927621444161778896e+01 5.725628065755142160e+01 7.834526434586081223e+01 9.406169411851834639e+01 9.621314827494796873e+01 8.708161243217902836e+01 7.880979378405419311e+01 6.088847601105199914e+01 8.101726278841688611e+01 8.051879517418424825e+01 8.857271195010982012e+01 6.936418932856382469e+01 5.519089497870130145e+01 5.407176582241190488e+01 3.347443994196261485e+01 3.804966354010934282e+01 4.386238376182158305e+01 6.403666008727610404e+01 7.800089308296394108e+01 8.628038186810842092e+01 9.459846183419861632e+01 8.631261248879656023e+01 8.550442904868727112e+01 7.032109057035034994e+01
6.490672536223988931e-02 4.147389630000852812e+00 8.317677911142313363e+00 1.278981386614193028e+01 1.813503870439051013e+01 2.416526559594588974e+01 3.123633340781148959e+01 4.278333879160441455e+01 6.278333879160511799e+01 6.572888620704233631e+01 5.404170785421577961e+01 3.412701066834601704e+01 3.501600794873598943e+01 4.053902563312762197e+01 6.058912391834149247e+01 7.137878858763740197e+01 9.165291971465263998e+01 9.293302175384259556e+01 7.296242120421675281e+01 5.884908054975008440e+01 5.328296542534684477e+01 6.647245425391632523e+01 6.065449763010605722e+01 8.051179688051071537e+01 8.353744625647000532e+01 6.570530431395594917e+01 4.549606705209129132e+01 3.052245019173366458e+01 5.141521543695377972e+01 6.403664656129747357e+01 7.232430331524223277e+01 5.799072562147615173e+01 7.311872034609480409e+01 8.139999164079863192e+01 9.140061412212405401e+01 8.665072557907902251e+01 6.665108885044197962e+01
