MOVIE_S12_data/elevation_000691.asc
nrows	50
cellsize	150.0
xllcorner	0
ncols	50
yllcorner	0
NODATA_value	-9999
[rows 0 to 16 of 50, columns 0 to 36 of 50]
8.271705653423140625e-02 2.127631151761726416e-02 9.425194436011796739e-02 4.939197167322698090e-02 3.975871534419905817e-02 6.171646774684565184e-02 1.696294146011132625e-02 1.936121709489252440e-02 4.216450047424835645e-02 2.297044857093000214e-02 6.704298068806634203e-02 4.162315340452049650e-02 3.835349583220235004e-02 2.777463300387698203e-02 2.207885817162396139e-02 7.161913568127860341e-02 9.025521335945362045e-02 3.502399586135773735e-02 8.040414306008919487e-02 3.131346976591601466e-02 7.604099264847130613e-02 2.387740603804927586e-02 5.687112022313325910e-02 4.074439634684711570e-02 8.709178300582484655e-02 7.612946965408906586e-02 1.077918208624280109e-02 9.929772718869623455e-03 4.600412614040166881e-02 2.152795518990661267e-02 2.378824418737431057e-02 9.511189423522797837e-02 9.406546861214974686e-02 1.749038473908382007e-03 2.223905489293687143e-03 6.269637160239108220e-02 9.476101746191394060e-02
7.639902522890137937e-02 2.002127631151726206e+01 2.009425194435976181e+01 1.419152759540430253e+01 2.003975871534384368e+01 2.006171646774648920e+01 7.088030753325556432e+00 7.578650677279403780e+00 2.004216450047389131e+01 1.416510607230200591e+01 1.420917860441914193e+01 2.004162314032287640e+01 2.003835349583184566e+01 2.147770393016592561e+00 2.002207885817126964e+01 2.007161905445808614e+01 1.423239083721584741e+01 1.417715961959243387e+01 1.008040414306017674e+01 1.812540184101466778e+01 4.199589122549928000e+00 1.298467629444524096e+00 2.005687112022277674e+01 2.003116622357346444e+01 1.422922740673690001e+01 1.162313485344670738e+01 2.001077918208588713e+01 7.569219232903447114e+00 2.004600412614004767e+01 4.872240455916587720e+00 2.002378824418702052e+01 2.009511189423487210e+01 1.164107085240456563e+01 2.000174903847355168e+01 2.184402807849222139e+00 2.006269637160203700e+01 1.164176640125432982e+01
7.813061968023242432e-02 1.422026624341130763e+01 3.422026624341201284e+01 3.419152759540500597e+01 3.863503613711715445e+01 1.863503613711786855e+01 2.708803075332519938e+01 1.652292258727840490e+01 3.586292192474029861e+01 3.416510607230271290e+01 3.420917860441984715e+01 3.842191307151604462e+01 1.842191318029259506e+01 4.279777556572688546e+00 2.427977738704939981e+01 3.638297160081803838e+01 3.423239135314788939e+01 3.417715961959314086e+01 2.162740952685362927e+01 3.071001686847834478e+01 1.240805203970807113e+01 4.202125863906401193e+00 3.010875419625819838e+00 3.151985012886161286e+01 3.422922740673760700e+01 2.576527047719507379e+01 3.585349048036634656e+01 1.651349114290276177e+01 2.987224045591698740e+01 9.872240455916630353e+00 2.987224045591698740e+01 3.992534209986546045e+01 3.164107085240420858e+01 2.437968800764339505e+01 4.379688007643038006e+00 2.437968800764268096e+01 3.164176640125397455e+01
1.795629399984677299e-03 1.414393125313105948e+01 3.414393125313176114e+01 5.236195440768571530e+01 4.691930738457876515e+01 3.018204152091017889e+01 4.480719383473930151e+01 3.066505821100910367e+01 4.480719383473930151e+01 5.021346242835215889e+01 4.192919067392639931e+01 3.745705471515947949e+01 2.793126127092074640e+01 7.931261273273780610e+00 8.128779350413040561e+00 2.226743423962244961e+01 4.223489843442490610e+01 4.991170262523922219e+01 4.162740987038699814e+01 3.948434645553298594e+01 2.620126681355785792e+01 9.348092064368136889e+00 4.241203315405042140e+00 2.441954675081175452e+01 4.403262573513910638e+01 4.576527059786720031e+01 4.479776239036566210e+01 2.806049652669548067e+01 3.541924241816967367e+01 1.541924241816897023e+01 3.541924241816967367e+01 4.831718106905935883e+01 2.831718106905865184e+01 1.417504544532744859e+01 6.615755985142836693e+00 2.075789160887403995e+01 4.075789160887474338e+01
2.526786264046545702e-02 2.002526786264010994e+01 2.407768315844760210e+01 3.821981878063062510e+01 5.042682482850019454e+01 5.018204152090946479e+01 5.846631276837107549e+01 5.066505821100839313e+01 5.607132630127342310e+01 3.607132629615951203e+01 2.192919067242996789e+01 1.745705471743046644e+01 1.337457181279190799e+01 2.793126127367654377e+01 1.095720647306162476e+01 3.094205299982258950e+01 4.963667534504868684e+01 5.961076978428692996e+01 5.329715944223533342e+01 3.337199045045898060e+01 1.921625013119612291e+01 2.573327198704675212e+01 5.569520398269002470e+00 1.572435137614208500e+01 2.989048451794110406e+01 4.989160201140816042e+01 5.634476777415838455e+01 4.806049652669618411e+01 4.174379773850654374e+01 2.174379773850584030e+01 4.174379773850654374e+01 4.831718106905935173e+01 2.831718106905864829e+01 2.900621320381199908e+01 9.006213203811643808e+00 2.314834882754284706e+01 4.314834882754355050e+01
8.483503398980346555e-02 4.935547534716443252e+00 9.935547534716400619e+00 2.993554753471254770e+01 3.042682482850771564e+01 4.197383021229982347e+01 6.197383021228247912e+01 6.132084146757514986e+01 4.132084146174929629e+01 2.977383607795718845e+01 3.607132629615951203e+01 3.159919034116044756e+01 2.751670743652212536e+01 3.382760143641589679e+01 1.384395781048122309e+01 2.140312199537588711e+01 3.139986450505939075e+01 5.134980133552380011e+01 5.329753260252259395e+01 3.337199548886786715e+01 3.920805019067312003e+01 2.708310784702653251e+01 6.974170319075914115e+00 1.862597489756346292e+01 3.277794891290515267e+01 5.277778599774970303e+01 5.730111580730049781e+01 6.558401145698401535e+01 5.002806898596874419e+01 3.068806964850515584e+01 5.002806898596874419e+01 5.660145231652155218e+01 4.831718106905935173e+01 3.146804302339867476e+01 1.146804302339831949e+01 2.561017864712952274e+01 4.561017864712881220e+01
4.163169627051844027e-03 2.000416316962669683e+01 2.993554753471091701e+01 1.887981944471540174e+01 3.887981944471610518e+01 5.871109605703178147e+01 7.025810142775861777e+01 6.960511389823247441e+01 5.644050274831688796e+01 3.644050274462362182e+01 5.607132630127342310e+01 5.159919034513043812e+01 4.751670743919907380e+01 3.702704605184290187e+01 1.704652083356493719e+01 3.702704605117109793e+01 4.963650151794045939e+01 5.961078498462168085e+01 6.143111275797232196e+01 5.329753260252259395e+01 4.258290944081976193e+01 2.258235242281618227e+01 8.389145164132463250e+00 2.844120515642089586e+01 3.872686847509026364e+01 4.315980793436160212e+01 3.730228642369685588e+01 5.730111580730049781e+01 5.897234089596805973e+01 4.483020527223660423e+01 5.897234089596805973e+01 6.428459868428647894e+01 4.815018118713405926e+01 2.815018118713335227e+01 1.400804556340215079e+01 2.815018118748855258e+01 4.815018143860572764e+01
2.434392073152260791e-02 2.002434392073116598e+01 3.834311046164144443e+01 3.887981944471610518e+01 4.716409070285155991e+01 6.126894424740120115e+01 6.955305407102731863e+01 7.058263838097850851e+01 5.058263836834863980e+01 5.058263836834863980e+01 6.472477491267605387e+01 6.583311281906270551e+01 4.589453302827070047e+01 4.035648449429788798e+01 2.037985384137535760e+01 3.192300888573300810e+01 4.603917131479774838e+01 6.597017253179814134e+01 6.058594259988931441e+01 5.230343219442938363e+01 3.628820555472490383e+01 1.628214796916005369e+01 2.843927261829212227e+01 1.042636980883931486e+01 3.044285411635920369e+01 2.315907046278460157e+01 4.315980793431725715e+01 5.131719770511293888e+01 5.960103942040109359e+01 6.483020527223801821e+01 6.987003068026182007e+01 5.056144681327235446e+01 3.689413849924117272e+01 3.665681837034316004e+01 1.665711027753228279e+01 3.079924590808285956e+01 5.079924376358825810e+01
5.883922493566802470e-02 1.005883922493575433e+01 2.420097484866695581e+01 4.420097484866766280e+01 4.712681373225360204e+01 4.126895147202907310e+01 6.126894424740120115e+01 7.886691145700332584e+01 7.058263838097850851e+01 7.058263838097850851e+01 7.304457186940659597e+01 6.307750451798142421e+01 4.589453302827070047e+01 2.592681507478049951e+01 4.035648449429788798e+01 3.451337295564619012e+01 5.446300361902837750e+01 6.384937919254591066e+01 4.385121236990060822e+01 3.230424987279954507e+01 2.523225990319127376e+01 3.628820555472490383e+01 3.872255448532175848e+01 3.044285411635907224e+01 1.246273116906637846e+01 3.246895488827091469e+01 2.424625773912850946e+01 3.131801573771569380e+01 4.286481080665781462e+01 6.286337293101733792e+01 6.934821556141405097e+01 5.819499121049231860e+01 4.255363790664018353e+01 2.297781614958789120e+01 2.050612136618134684e+01 2.820354065677566524e+01 4.233677689821212908e+01
2.016265153036126551e-02 2.002016085515576549e+01 3.157981411906510516e+01 3.712681479739524804e+01 2.712681586253684785e+01 4.126895147202907310e+01 6.126894424740120115e+01 7.359987749170777249e+01 7.359987749170777249e+01 8.188518620586559393e+01 6.477625759314793186e+01 4.485344821846363317e+01 3.486841127859478462e+01 3.169995101432501983e+01 5.165508362027838274e+01 5.446300361931752576e+01 6.272784739443581259e+01 7.213119835279033509e+01 6.058594259988931441e+01 5.230343219442938363e+01 4.523265347558593419e+01 4.022979432288571644e+01 2.022898301486322836e+01 1.693933288680898386e+01 3.246896408176560556e+01 1.481487362536024932e+01 3.481823482597015129e+01 5.131716978999732248e+01 5.960103942040107228e+01 7.114732920759769286e+01 6.125776559149346667e+01 4.202850691487997636e+01 3.077409427143656373e+01 4.255363790664018353e+01 2.442861016156954790e+01 4.477577117737879320e+01 4.450607494506476058e+01
1.256007409845548775e-02 2.001256007409810067e+01 1.157981390028667690e+01 1.712681586253886934e+01 2.867382124626821138e+01 4.867381872626081929e+01 6.774345474066991812e+01 5.360172327547441284e+01 5.360172327547441284e+01 7.359987749170777249e+01 7.304457186940659597e+01 6.307750451798142421e+01 4.639476085125539839e+01 5.165508362027838274e+01 4.112035781018541059e+01 5.521586875144772932e+01 7.513488439933948371e+01 7.275567830851905171e+01 6.446984812209210247e+01 5.691078833638773204e+01 4.508046657104208066e+01 2.508081526424604846e+01 4.022979432288571644e+01 3.108393879690107298e+01 3.654616439743499967e+01 1.654388677913012984e+01 3.068851672295072319e+01 5.068728869495323863e+01 6.032647312791167593e+01 7.032862914340178406e+01 6.125776559149346667e+01 4.202850691487997636e+01 4.451774401721080210e+01 4.896378094599935338e+01 2.851249842828551095e+01 4.282550084194471651e+01 6.292426580904739097e+01
1.283213977233468341e-02 4.276846466884525633e+00 1.322111837688360581e+01 2.476812376056145126e+01 4.476811739975149607e+01 5.695800036005937272e+01 5.945904703419485315e+01 3.946941630818926683e+01 5.945904703419485315e+01 6.313387176776480914e+01 8.313433264355467145e+01 7.458689514995198522e+01 6.631691255452504663e+01 6.931492129153612325e+01 5.109383236641438941e+01 6.931492129153612325e+01 7.601639838437458252e+01 5.601718666641318833e+01 4.447045577807541150e+01 3.691140681794983180e+01 3.024498692049867543e+01 4.508046657104208066e+01 5.336488372161288396e+01 5.108344450663439318e+01 3.830039035137148318e+01 1.829910118574910527e+01 2.496744642526214975e+01 3.203862397930664940e+01 4.203825976324672808e+01 6.203816088884995850e+01 6.934821556141164933e+01 5.310318114341508533e+01 6.376709340079560207e+01 5.357140789195835850e+01 3.299307549642313830e+01 4.480535099399019572e+01 6.581242696770529221e+01
9.594114293757748102e-02 2.009594114293722100e+01 3.256075111486561013e+01 4.150521595117197649e+01 5.305210151827751730e+01 5.412240925788990609e+01 4.584041566978260818e+01 3.315314078401969766e+01 4.314166976465217118e+01 6.313387176776480203e+01 6.712681509857297613e+01 6.712681509857297613e+01 7.554318291204901925e+01 7.928036573201450210e+01 7.100619430350869266e+01 7.928036573201450210e+01 8.430352615618521384e+01 7.275567830851905171e+01 5.691095977206238388e+01 3.691140681798549394e+01 5.024432783171909023e+01 5.852913750136865900e+01 6.298983184452011841e+01 5.163134929504507653e+01 4.013380956192002458e+01 2.013349340356293027e+01 4.013246206790520176e+01 5.203735089048087303e+01 6.032647312791166172e+01 7.032862914340331884e+01 8.055563148063403389e+01 7.239713510487399617e+01 6.468498431419726558e+01 4.389338665732388023e+01 4.014809935117827422e+01 6.091285910929546787e+01 7.446793542797891519e+01
3.950229235330715398e-03 1.000395022923584776e+01 2.414608587018005892e+01 4.414610385421913463e+01 4.780278993180547786e+01 3.952212064020203997e+01 2.586021244738696012e+01 3.998567736426500119e+01 5.997500429109887676e+01 6.130353686498352062e+01 4.736014722312810221e+01 4.736014722312810221e+01 6.712681509857297613e+01 7.754610085288733501e+01 8.555685783216452478e+01 9.370459331456353880e+01 7.370118440454392328e+01 5.955983627226176935e+01 4.956014518373405764e+01 4.294142198910467556e+01 6.294133418967307847e+01 6.299012942938927750e+01 4.299730733241392500e+01 4.335550880349079250e+01 2.335772048043670424e+01 2.333699026391143505e+01 4.333624163094168580e+01 5.633080128327619462e+01 7.047361642868382603e+01 7.238599132407131265e+01 8.066809040100527284e+01 8.159558375896025950e+01 6.088441381682928721e+01 5.860842720220608726e+01 5.482170487381065271e+01 5.482170487381065271e+01 7.561820627510930137e+01
7.711341127313005306e-02 2.007711341127277649e+01 3.828831726052503370e+01 4.215081418921860035e+01 3.387114685428120708e+01 1.954291121854172175e+01 3.952212064020203997e+01 5.288568386973788193e+01 4.466538701038648185e+01 4.797560398771555157e+01 3.349121189795433651e+01 5.313030759541984338e+01 6.389413163951664387e+01 5.823930083823860571e+01 7.754610085288733501e+01 9.019780496593830321e+01 8.785061344449114529e+01 7.448856758632406638e+01 5.448817265646843566e+01 5.708319220190006149e+01 7.120887062579119231e+01 6.079844706499835638e+01 4.080971938701163992e+01 2.666836028655166047e+01 4.335696744437445460e+01 4.333625780634116609e+01 2.805116936596688149e+01 4.219262967416013055e+01 5.824543101350366925e+01 5.238821915331185863e+01 7.238599132407132686e+01 8.285037709822118757e+01 8.159558375896025950e+01 7.935509090650086250e+01 7.561820627510930137e+01 7.561820627510930137e+01 8.406728834453032562e+01
9.541454368626212448e-03 2.000954145436827147e+01 3.699070408085670181e+01 2.871202638483945435e+01 1.388995919505541465e+01 3.387114685428120708e+01 4.780278993180547786e+01 4.010492785546298933e+01 2.489229424337992569e+01 2.829892553295045943e+01 4.789677540113362397e+01 3.970184357774640205e+01 4.458284153986340925e+01 5.323014431637071908e+01 6.285747354954904864e+01 7.651903790603357436e+01 9.586549389723090542e+01 8.278046564232732862e+01 6.603470005141595323e+01 7.708414002686207311e+01 6.836678677714185426e+01 4.836879150090336310e+01 3.422720624712468407e+01 2.941544193419715114e+01 4.941456936400049216e+01 5.633307538343929366e+01 3.959760448713426939e+01 3.339606015061972499e+01 3.824649315578133724e+01 4.457086709657493628e+01 5.457072650195852503e+01 6.871193240984747774e+01 8.870727104413963104e+01 8.298535553895669636e+01 7.470106487320303756e+01 8.113216065988900993e+01 7.288548114001056888e+01
2.297228869525369793e-03 2.000229722886917116e+01 2.386501674835197662e+01 8.727390530703681648e+00 2.871202638483945435e+01 4.215081418921860035e+01 3.590316199634904848e+01 2.026307617596140531e+01 3.019267974576724001e+01 4.801783715807074060e+01 5.607999153420157512e+01 5.093543485201575294e+01 6.389413163951664387e+01 5.785080347616423069e+01 7.371236434625839706e+01 8.503019183268851577e+01 9.623954336220717209e+01 9.433333497050755057e+01 8.603676539923696964e+01 7.689354648871936604e+01 5.689652242301393414e+01 4.275488053213777562e+01 5.221489795882892082e+01 3.221575739412691064e+01 5.221503049327230883e+01 6.787878056235767588e+01 5.959628111686335217e+01 3.972029370760758127e+01 5.824543101350366925e+01 6.456957900283435947e+01 5.871258981822393963e+01 7.870960172699355439e+01 8.883618279915758364e+01 6.884610732252953369e+01 5.470935806079557295e+01 6.205719930490056413e+01 5.292257176973592436e+01
