MOVIE_S12_data/elevation_000426.asc
nrows	50
cellsize	150.0
xllcorner	0
ncols	50
yllcorner	0
NODATA_value	-9999
[rows 17 to 33 of 50, columns 0 to 36 of 50]
5.436832538903087209e-02 2.064443979719485789e+00 4.084749436059558647e+00 6.169896836047287891e+00 8.301922961973556170e+00 1.365217983111636180e+01 3.391510854684062082e+01 3.721470868838206769e+01 4.065552117751948913e+01 2.535514129226946167e+01 2.920364060229897518e+01 3.347996976481855569e+01 3.919021810991250021e+01 4.568126608509023612e+01 5.288239282251642237e+01 6.452277300153551209e+01 8.456005746133780576e+01 9.315252868346168214e+01 7.327920940881797662e+01 7.692603144402994531e+01 6.200021720313206686e+01 4.253850586702928638e+01 5.659689228253972715e+01 6.023345959322146115e+01 4.060728024756750187e+01 5.449462916958947289e+01 7.408822183411295725e+01 7.394837696661790005e+01 5.945243838987543228e+01 6.053062210539847143e+01 7.438664714558917979e+01 9.418569795364894048e+01 9.843431189966963757e+01 8.692172415609771008e+01 7.865276008665594532e+01 6.636558503769859385e+01 4.641945378857054294e+01
9.647730019007895452e-02 2.009644202357220877e+01 2.424305065755293143e+01 2.040510213772190085e+01 2.255362750117219761e+01 2.477523104001001286e+01 2.187854080789866629e+01 4.221911193640283955e+01 5.411981838640643616e+01 3.981168839444683272e+01 4.104120364604456483e+01 4.794698968844153342e+01 5.015953005602040093e+01 6.588187370862684133e+01 7.299152588464178848e+01 8.128318100896524356e+01 9.284615211026331849e+01 9.097059320136943938e+01 7.110858348655349914e+01 5.721703709387021064e+01 5.075945910716777121e+01 4.895647557774717029e+01 6.852210825817904549e+01 6.414630977557887093e+01 4.458205886379165861e+01 5.840408992757979689e+01 7.800925481074638412e+01 8.732709011858690928e+01 7.909584916063049320e+01 8.018565486621285743e+01 8.841967468007189268e+01 9.721170170011868095e+01 9.015252716672839028e+01 7.023434630883510010e+01 5.873592497207160790e+01 5.167863509421732005e+01 5.570395258417068618e+01
9.953738903938927352e-02 2.009953738903903542e+01 3.832009557442090397e+01 4.069050627184073221e+01 4.285460583692974978e+01 3.913590379007020914e+01 4.221911193640283955e+01 3.146716406373929686e+01 5.180776154435640990e+01 6.010563523134823782e+01 5.542619233563225833e+01 6.814434425745206170e+01 7.033968714724451843e+01 7.864059174314810718e+01 8.279245488451745416e+01 7.451156025714749376e+01 7.710565838947944428e+01 8.538653797568971981e+01 8.517474053727396210e+01 7.692603144402994531e+01 7.035636666064337419e+01 5.627075824840360241e+01 7.596643764254899622e+01 6.956395817349911681e+01 5.003034908236237754e+01 5.436256977096331866e+01 6.410026950196589723e+01 7.796509442612381235e+01 9.774955941228637357e+01 9.400020234435247346e+01 8.571387005373507861e+01 7.720338942952071193e+01 9.135020734099680340e+01 8.692172415562447441e+01 7.865276008665586005e+01 6.221485644659364311e+01 4.225886367989524928e+01
3.582433992925927735e-02 1.003582433992917267e+01 2.417795996365987321e+01 4.417795996360461430e+01 5.595561319059856942e+01 5.940037840985613826e+01 6.014991334886553886e+01 4.588478555475884235e+01 4.588478555475884235e+01 6.610709050805306219e+01 7.555328990185945770e+01 7.412702348007024966e+01 6.584383686400433078e+01 7.412702348007024966e+01 7.125035918024654791e+01 5.452020986440771821e+01 5.711418038480347548e+01 7.710565838947944428e+01 8.600917892140168419e+01 9.428908443198288580e+01 8.421549858888712947e+01 7.015093622532569384e+01 7.596647259121033358e+01 7.546245568906394396e+01 5.589935260309187726e+01 6.816118270228749054e+01 8.212124669012878542e+01 9.197724638749961912e+01 9.986216756738203060e+01 7.985345333909295107e+01 6.570853044677961918e+01 6.305907628472653670e+01 7.867708818124555137e+01 7.351213478426394943e+01 6.879739939948640881e+01 7.047673132908848004e+01 6.221485644659365732e+01
8.338298177320474514e-02 2.008338298177284997e+01 3.018211049870342322e+01 3.595561319059927285e+01 3.595561319059927996e+01 5.179917389824529295e+01 6.334617928203739723e+01 6.610709050805306219e+01 6.610709050805306219e+01 7.441504114297217143e+01 7.071042669361499122e+01 6.242721164632123987e+01 4.584742641285999554e+01 6.412867605234642099e+01 6.296954872643137691e+01 4.297493732626131191e+01 6.296954872643137691e+01 7.446693736379458528e+01 6.601750808503953749e+01 8.053013743868913821e+01 8.880847432325998625e+01 9.000707362378690846e+01 9.585109643660669576e+01 8.200942967481165624e+01 6.236850771756841283e+01 8.200942967481165624e+01 9.608131067797019398e+01 9.204571915177405117e+01 8.375843250159930165e+01 9.204571829740432065e+01 7.306138234910363849e+01 5.305886609681088117e+01 5.867330969079804959e+01 5.350920661180572324e+01 4.879508962706926667e+01 6.293929398914993101e+01 6.062668836954809848e+01
1.813270376062421294e-02 5.018132703760602276e+00 1.018211049870377849e+01 1.595561319059998695e+01 2.351490265078439990e+01 3.506190803457650418e+01 5.506190803457579364e+01 6.391235412528606474e+01 5.563611983790934090e+01 6.391235412528606474e+01 6.242721164632123987e+01 4.243005690113827200e+01 3.584760468979339976e+01 5.584563163843217382e+01 5.694094396017815285e+01 3.694460378080947294e+01 5.498648995762678737e+01 5.447501707325387343e+01 5.447501752959681909e+01 6.053968158405395883e+01 7.467435584926884928e+01 9.466695598048904969e+01 1.043256063859372915e+02 9.022661062467628312e+01 7.212973285513312760e+01 9.022661062467628312e+01 9.790724773302535766e+01 7.789780134123155619e+01 6.375340484866400459e+01 7.220852440109190695e+01 6.735723795311172069e+01 6.453228076129654767e+01 4.453083096256811046e+01 3.936685565759633931e+01 3.465281126082760466e+01 4.862315661252146981e+01 4.462300737496169489e+01
2.351309638313057310e-02 2.002351309638277499e+01 3.018211049870342322e+01 3.595561319059927285e+01 4.351490265078368935e+01 5.179917389824529295e+01 5.797742719960528035e+01 5.391735309186880443e+01 3.564304642244744770e+01 5.391716571813471859e+01 4.866615252380778855e+01 4.038242601527664277e+01 2.828824428332563201e+01 4.482259146492118163e+01 4.717922785036649458e+01 3.139754396142803472e+01 3.498967122039145039e+01 4.033499548138238566e+01 4.789425007163035986e+01 6.788709902264423590e+01 7.972275260258314233e+01 7.605396482724037810e+01 9.604698617741932765e+01 1.001241217284099605e+02 9.188912649449028436e+01 1.001241217284099605e+02 9.342869171519483018e+01 7.342067191579903351e+01 5.927722801572936362e+01 5.220615795280409088e+01 4.735545144712677512e+01 6.086780148880172447e+01 5.694524290802434052e+01 5.356446252436722233e+01 4.862315661252146981e+01 2.862258468383581445e+01 2.462258468956887114e+01
2.372884694381488524e-02 1.416586447067489019e+01 3.416586447067559362e+01 3.814738043424678438e+01 3.946491986494750392e+01 3.797781549591821459e+01 3.797786890793432235e+01 4.563937956722651279e+01 2.564285556869747751e+01 3.564317779823179677e+01 3.741801123582695254e+01 2.038250299733583759e+01 2.251466319687905582e+01 2.482412160548005886e+01 2.718116149240711721e+01 3.126365570814342121e+01 5.126401473231834416e+01 4.229273805432961808e+01 4.763796283194766090e+01 5.341101714230043740e+01 5.973385429308588357e+01 7.127342024065318071e+01 9.126475525399735034e+01 1.056373389685093542e+02 9.723359813023245124e+01 1.056373389685094253e+02 9.342869171521677174e+01 7.342067191579903351e+01 7.928088523693379841e+01 7.220852440209665701e+01 6.086780148880172447e+01 4.086659874220706001e+01 3.694427642917055010e+01 3.356365948470777028e+01 3.031923107886628443e+01 2.711666800614860406e+01 2.439501273686185101e+01
6.296921807001566729e-02 2.006296921806966083e+01 2.268829745316811142e+01 1.814355466439433329e+01 1.947087625317810478e+01 1.797791897657462457e+01 3.797787834390207706e+01 4.147260040299876493e+01 3.315343988699319766e+01 1.564164531995472451e+01 1.741701509298205153e+01 2.089908523892375669e+01 4.090238241147483222e+01 4.482259146492118163e+01 4.684305193605629825e+01 5.125484424108247339e+01 3.743586044900784771e+01 5.744126746284138818e+01 6.763089258691093164e+01 7.340170794503313800e+01 7.972275260258314233e+01 8.800296652159093469e+01 9.954464618109332719e+01 9.554808153322098008e+01 7.710060956999568305e+01 9.554808153322200326e+01 1.017156580036157152e+02 9.342869171521677174e+01 8.915920380300322279e+01 6.915245379345722654e+01 5.500896035999790712e+01 4.849131746676443555e+01 5.694524290802434052e+01 5.356446252436722233e+01 3.496131288568617634e+01 4.711723302877549457e+01 4.439548536056596362e+01
8.175220331382776484e-02 1.383641313122065064e+00 2.688297459228947250e+00 4.001361787826167138e+00 5.328808411026106029e+00 2.532880851342179440e+01 3.553313064252103004e+01 3.120065893290457382e+01 1.322395061744258093e+01 3.322637796655790510e+01 3.733776319917382125e+01 4.089945944577360137e+01 2.606323978309917422e+01 4.607223097637494647e+01 5.957389851304046857e+01 6.556256302407507519e+01 5.157929817489792867e+01 4.450705861975694688e+01 5.206636459108540294e+01 6.023161512499442694e+01 7.438490511495288615e+01 9.442073733670386559e+01 9.893507430573289696e+01 8.716710385011411688e+01 6.709017630393957177e+01 8.716710385011411688e+01 1.026503444970715009e+02 9.810418583674244530e+01 8.972012553336855945e+01 8.329914833653289463e+01 6.849351982248501258e+01 6.263414665281331395e+01 7.678016280153305217e+01 6.073678568691966007e+01 4.073481450602297116e+01 6.073678568691966007e+01 5.704536512496444089e+01
7.631710034972485901e-02 2.007631710033159322e+01 2.268829745316707047e+01 1.814349741136172511e+01 2.532880851342179440e+01 7.248869853975375754e+00 2.724886997828508584e+01 1.119738340473200999e+01 3.120066531873651883e+01 1.707450998073673887e+01 3.707542538077451155e+01 5.431272950327626603e+01 4.607223097637494647e+01 3.161032225273196516e+01 4.575945375404958071e+01 6.579641070366825772e+01 7.159331321272442494e+01 5.865153773003941495e+01 5.605486241395100677e+01 7.607228616319034131e+01 7.657668546020410361e+01 9.661216525873442151e+01 9.054877115719973801e+01 7.044512008348868903e+01 6.042410159777180922e+01 7.413420879135063046e+01 9.389871434917279203e+01 8.647738171227456405e+01 6.962444839250940731e+01 8.647738171227456405e+01 8.849969271753857925e+01 8.263929799571137380e+01 7.707212432087651166e+01 5.706550210649299260e+01 4.967910019000411381e+01 6.902587932607023902e+01 7.704926801583111740e+01
9.124702163186203252e-02 2.009124702162819887e+01 3.653111569160869720e+01 3.814349737968323240e+01 3.534283201372740990e+01 2.271589479105183074e+01 9.191656014167737254e+00 2.919531774398287993e+01 3.948499915992172760e+01 1.984864145543484781e+01 3.399128952016452843e+01 5.399141392682412999e+01 5.992826284836909423e+01 4.316084346171287223e+01 3.827741019253994637e+01 5.830350875910490771e+01 7.392260233293841054e+01 7.867140526673081524e+01 6.760682072294684986e+01 8.436725775191548848e+01 9.661216525873442151e+01 9.977708913623820308e+01 7.961856269197586755e+01 6.544353930012569265e+01 5.411002564808984516e+01 6.544353930012569265e+01 8.552285838877207880e+01 7.811788092654572324e+01 5.809025350368186480e+01 7.811788092654572324e+01 9.315390717879330396e+01 8.978812802386262604e+01 8.536405844685766908e+01 6.968375486782952066e+01 6.968375486782952066e+01 7.796797742998387548e+01 7.761601578855507455e+01
8.187870513261463756e-02 8.246844514409946925e+00 2.238898013814115018e+01 4.238898013817620836e+01 4.789421518111107900e+01 2.792868159069278633e+01 1.626520600715377896e+01 3.626707224319437017e+01 4.270637835259834247e+01 2.270605751208750434e+01 3.684849292741515114e+01 5.684856479290333908e+01 7.149607108581190573e+01 6.319468825395285450e+01 5.830350875910490771e+01 4.558235876989733271e+01 6.562034783936429960e+01 8.337393872690533669e+01 8.763632700942220310e+01 9.593024887511356269e+01 1.006871355158206285e+02 9.240111690005039691e+01 8.331772121795685848e+01 6.325065554986798588e+01 4.911085841462244161e+01 6.912816300553549809e+01 7.088634914007447207e+01 7.103704534565332551e+01 5.110244134964165852e+01 6.473317005756439357e+01 7.710071179190684632e+01 6.972756156607687217e+01 8.394699822719861970e+01 8.970267442546233383e+01 8.523085662751023506e+01 7.366692133025884459e+01 6.535824298048156322e+01
2.239863785106879432e-02 2.002239863785071350e+01 2.824684451441261501e+01 4.824684451448216294e+01 5.637504402492523070e+01 4.455188018139185147e+01 2.626676643413880896e+01 4.454426832197173525e+01 4.568649727988482567e+01 2.568757543608335325e+01 4.568784659095450706e+01 5.850111524747160274e+01 6.970422793667268024e+01 7.798813720061822607e+01 7.392260233293841054e+01 5.974611698034445340e+01 5.501992954500428823e+01 6.919849185102468425e+01 8.925826196590293193e+01 9.991622423600648517e+01 8.913945368038719153e+01 7.240120730700296292e+01 7.938224585556714885e+01 5.932898142711518830e+01 4.511716703626058944e+01 6.001667289066189426e+01 5.104770176113783009e+01 5.728255485618749532e+01 4.502069512015979313e+01 6.473317005749025554e+01 5.727148942961783717e+01 4.397546069553676773e+01 7.560316544711885456e+01 8.946824053535596022e+01 7.694111966449351314e+01 5.698223156757183006e+01 4.546803472777449429e+01
1.991760116496149591e-02 1.416205322489603624e+01 3.416205322489673790e+01 4.379806245918515373e+01 5.207833596280046606e+01 5.455672045221111688e+01 4.626778885215554737e+01 5.455520487188836398e+01 5.396794366815368704e+01 3.982997201878615101e+01 3.021672168069471098e+01 5.021702295206320343e+01 4.970456963096616931e+01 6.970422793667268024e+01 8.279010429764427670e+01 7.980199564772044596e+01 6.919849185102468425e+01 7.139338190913568383e+01 9.145012307559855458e+01 8.577294401436105886e+01 7.162966379258679694e+01 6.085301512631897225e+01 8.019449640785251177e+01 7.065893644277797137e+01 4.173180574025433032e+01 4.054719827927510067e+01 3.772271993766577225e+01 3.810751720637855300e+01 5.728255485613639308e+01 5.586238424077983211e+01 4.398507939393153521e+01 5.142738006580523091e+01 6.112947594981596922e+01 8.110651093720125004e+01 7.953520588829778148e+01 5.957026620620914770e+01 6.541786165311246748e+01
1.766589122093755945e-02 2.001766589122058093e+01 2.798722257805270175e+01 2.379824913723400925e+01 3.779805390224598227e+01 4.382854751098130208e+01 5.089965628804196740e+01 5.918503645783685840e+01 6.811400302946799457e+01 5.728818768245361781e+01 3.728791355546884745e+01 3.556201163221876271e+01 4.450661147856243360e+01 5.450697004082928743e+01 6.864875872112493482e+01 8.864742515865800954e+01 8.925826196590293193e+01 9.145012307559855458e+01 8.893288127856001779e+01 7.748763917887018238e+01 5.748606492858682770e+01 5.190717922806513229e+01 7.190937813927570232e+01 7.924863334440942708e+01 6.770679963962274428e+01 5.159717393278108943e+01 5.263196518308676985e+01 3.391964264981933042e+01 4.979051852122037758e+01 3.764636140901705375e+01 5.016960440781048192e+01 6.960596194755089527e+01 7.944897423091366306e+01 8.946824053535596022e+01 8.782672959740095564e+01 7.953520588829778148e+01 7.200848302064497375e+01
6.490672536223988931e-02 3.987229428125912634e+00 7.987229428125895758e+00 1.225124375523814280e+01 1.779824571749053064e+01 2.382847260904609854e+01 3.089954042097278375e+01 4.244654623959100093e+01 6.244681935521138172e+01 6.557218247813919731e+01 4.623253406431724954e+01 5.556233392729371445e+01 4.242218582377189051e+01 6.242232510661520450e+01 6.659697276110451014e+01 8.073819328479760316e+01 1.007370098522779074e+02 9.478977316551669219e+01 7.478946644501829155e+01 6.064615000242747556e+01 6.483753289489614247e+01 4.483499711283104006e+01 6.483753289489614247e+01 7.350952676972178779e+01 7.986327099325504264e+01 7.151792222954598799e+01 5.634313407177875632e+01 3.159599988097119194e+01 3.214078852217798499e+01 4.426589647137334538e+01 6.311495648518348389e+01 6.369683073024581432e+01 7.075023894735926433e+01 7.889090442375473344e+01 8.877758641625909775e+01 7.784685359854195497e+01 5.789539818629488366e+01
