MOVIE_S12_data/elevation_000002.asc
nrows	50
cellsize	150.0
xllcorner	0
ncols	50
yllcorner	0
NODATA_value	-9999
[rows 0 to 16 of 50, columns 0 to 36 of 50]
8.271705653423140625e-02 2.127631151761726416e-02 9.425194436011796739e-02 4.939197167322698090e-02 3.975871534419905817e-02 6.171646774684565184e-02 1.696294146011132625e-02 1.936121709489252440e-02 4.216450047424835645e-02 2.297044857093000214e-02 6.704298068806634203e-02 4.162315340452049650e-02 3.835349583220235004e-02 2.777463300387698203e-02 2.207885817162396139e-02 7.161913568127860341e-02 9.025521335945362045e-02 3.502399586135773735e-02 8.040414306008919487e-02 3.131346976591601466e-02 7.604099264847130613e-02 2.387740603804927586e-02 5.687112022313325910e-02 4.074439634684711570e-02 8.709178300582484655e-02 7.612946965408906586e-02 1.077918208624280109e-02 9.929772718869623455e-03 4.600412614040166881e-02 2.152795518990661267e-02 2.378824418737431057e-02 9.511189423522797837e-02 9.406546861214974686e-02 1.749038473908382007e-03 2.223905489293687143e-03 6.269637160239108220e-02 9.476101746191394060e-02
7.639902522890137937e-02 2.002127627235915952e+01 2.009425190508261139e+01 1.419152759539812436e+01 2.003975867420696844e+01 4.775761675657181904e+00 2.001696290235599562e+01 2.001936117802795323e+01 8.986436410473483960e+00 2.002297040946960749e+01 4.149525885326679209e+00 2.004162311425159615e+01 2.003835337425524088e+01 1.416991025676835569e+01 1.585289501839727144e+01 2.007161909652405996e+01 1.255028331863781821e+00 2.002737134584807777e+01 1.422296823136900379e+01 2.003131343064709569e+01 8.241006784130327389e+00 2.002387736689847841e+01 2.005687108095846583e+01 4.754789583789546192e+00 2.008709158388091254e+01 1.421826509348237977e+01 2.001077914303041538e+01 4.482065727718467230e+00 2.004600408695864289e+01 2.002152791611280236e+01 6.054015135742621290e+00 2.009511185498273989e+01 2.009406542266656004e+01 2.000174899941371365e+01 1.154922928928170833e+01 2.006269633246548167e+01 2.009476097811758422e+01
7.813061968023242432e-02 1.422026624340257328e+01 3.422026608983424012e+01 3.419152746684945754e+01 2.962647420284910282e+01 9.626474176383883474e+00 2.962647420294669587e+01 3.727070839135151203e+01 2.053344179428811600e+01 1.829166150836929461e+01 2.414952580929278625e+01 1.081619255199328755e+01 3.081619243613821624e+01 3.416991032212098389e+01 3.421816899792874977e+01 2.242434415073141452e+01 2.421493707449773769e+00 2.242413862615440223e+01 3.424014221883711429e+01 3.652130766484442859e+01 1.978800330561676191e+01 3.646468816300869520e+01 2.959521073551136894e+01 9.605501642613385016e+00 2.959521073541413116e+01 3.421826534416683074e+01 2.907038044271209287e+01 9.070380405129743195e+00 2.907038044326668569e+01 3.433824470156351794e+01 2.605401493287909886e+01 1.605401513574244277e+01 3.605401432210317125e+01 3.983346530396194396e+01 3.154922918294818501e+01 3.535448581157449865e+01 2.379098842631979238e+01
1.795629399984677299e-03 2.000179559022440401e+01 3.538058073110332202e+01 4.432484066917002963e+01 3.497169912088063626e+01 1.497169901463241715e+01 3.497169912099746369e+01 4.881779478559673180e+01 4.053344379784953588e+01 2.983866688912146969e+01 3.581619241179188862e+01 1.581619255199324492e+01 2.995832817555131911e+01 4.995832763255621956e+01 3.426601260562635076e+01 8.444886992350269850e+00 3.595311958718372392e+00 2.360394821559694023e+01 3.360067070183333726e+01 4.763692894282953461e+01 3.978741355519772327e+01 4.806742235463961066e+01 3.546989167734341919e+01 1.563571643453953719e+01 2.593037024722772443e+01 4.590188104453046236e+01 3.407038053120245991e+01 1.407038040512978583e+01 3.407038053127340049e+01 5.019614659865879958e+01 3.019615075734633081e+01 3.605401432350944901e+01 4.433818890673598645e+01 3.930412752476374294e+01 3.559030509620610871e+01 2.752579332938687529e+01 7.526019685047629970e+00
2.526786264046545702e-02 7.096335674505910518e+00 1.604060758450491164e+01 3.604060747986326874e+01 4.325595529183330257e+01 2.911383463875072053e+01 2.497169901463259478e+01 4.497169958583167215e+01 5.812272735806147494e+01 4.983866298295504293e+01 3.581619238363565216e+01 2.214074787232989294e+01 4.214074766838731279e+01 4.582862896928968865e+01 3.017580240552117488e+01 1.005498740803679780e+01 2.360394821560976908e+01 5.333613140575821809e+00 1.947731873256918789e+01 3.533746878118197543e+01 4.344107326472224884e+01 5.223712974086530636e+01 4.230175977225632522e+01 2.230228628060610419e+01 4.230175977735581938e+01 5.416447210190356998e+01 3.961738213117928353e+01 1.961738236738217367e+01 3.961738269724741457e+01 5.848003436953312217e+01 5.019614659940568657e+01 5.324438263483250466e+01 3.930412752690402556e+01 1.930458116383897860e+01 1.559066483519759316e+01 1.205512855911599424e+01 2.752579332933913392e+01
8.483503398980346555e-02 2.008483499479503465e+01 3.538058085259473273e+01 3.604060747990389757e+01 5.604060540323468587e+01 4.911383509418042337e+01 3.911383464191965942e+01 3.911383464051145609e+01 5.911383674216089901e+01 6.410031047771579438e+01 4.921181865335631755e+01 2.921181568419549279e+01 4.921181865236225406e+01 3.753430602741319433e+01 1.738221393414632132e+01 3.017580240497534660e+01 3.361971361836864247e+01 2.533514349327171900e+01 7.092754643589878505e+00 2.690334314200427812e+01 2.303365986271831289e+01 4.351127864078875263e+01 5.058779587509525300e+01 4.230175994318597787e+01 3.644344161724099962e+01 5.644499185416383114e+01 4.790167609158049800e+01 2.961738236738235130e+01 3.226649300813393495e+01 5.226649408283333287e+01 5.956849532032997274e+01 4.496077002254613575e+01 2.496151809093133522e+01 3.930412752505628049e+01 3.559030509641488038e+01 2.022015140511268072e+01 3.421140359884203264e+01
4.163169627051844027e-03 1.000416316962696506e+01 2.414629879333587326e+01 4.414629852980868208e+01 4.873962356719170685e+01 5.702367989026542716e+01 5.911383942111858403e+01 5.911383676631926676e+01 6.739811790737275032e+01 6.335396307204737099e+01 4.335395132855124700e+01 4.921181913279673381e+01 4.650609777808346479e+01 2.644456155447413792e+01 3.753430602737707034e+01 4.582861390840438531e+01 4.874138550394625469e+01 3.487049663327304927e+01 2.682007951012855784e+01 8.863986832204044930e+00 2.307900089419386447e+01 4.384352540305684443e+01 4.161801428952490767e+01 4.990916051794060593e+01 5.644499191349835598e+01 6.473217577740616946e+01 5.790170702393201907e+01 4.375951799441840961e+01 4.640862864114806285e+01 6.055081677500778170e+01 5.128487674284377817e+01 3.128629454925295761e+01 4.496077002247831444e+01 5.324442577692855849e+01 4.850330345871294924e+01 3.022026127415005092e+01 3.709810362228478198e+01
2.434392073152260791e-02 2.002434388164364520e+01 3.828840383457437468e+01 3.459748905167501931e+01 2.873962478088996875e+01 4.873962356718293876e+01 5.894129853964059862e+01 6.722570179219992781e+01 7.877280233130895226e+01 7.163839798297406958e+01 6.335396307626994172e+01 5.806064460727898080e+01 3.804758244519947397e+01 4.650609777831046898e+01 5.479327762277882385e+01 5.544392032942460702e+01 4.073778816379164880e+01 2.043907091683984589e+01 3.011149230330687487e+01 1.013073282796720775e+01 3.012129037011775523e+01 3.740914288189085823e+01 2.164374698154128041e+01 4.161801428957166138e+01 4.923507936713156141e+01 5.752908157916533582e+01 7.168565143422735275e+01 6.375952215410119805e+01 6.640863437283746862e+01 6.542515352709909848e+01 4.542778232816824868e+01 5.128487674451820766e+01 3.945138617196319331e+01 5.944877673795200224e+01 5.021885615237346201e+01 5.021885615243659373e+01 3.169560764698114141e+01
5.883922493566802470e-02 2.005883918530933130e+01 2.827293376565909355e+01 1.459748915764713750e+01 3.459748905198959790e+01 3.187022497899482687e+01 3.894129279086005369e+01 5.048829817591383318e+01 7.048831391436137039e+01 8.156923367420205295e+01 7.806311700796989328e+01 5.806064460718688736e+01 5.806064460736161692e+01 6.634610637776199837e+01 5.890329902658486105e+01 3.923293476981488936e+01 2.717069645213377171e+01 3.455289944881413788e+01 1.502902567139708978e+01 1.141503865249580052e+01 3.142131845188356465e+01 1.744157100496441970e+01 3.740914288192228554e+01 2.604386791737110585e+01 2.923690072958626018e+01 4.337251273048139666e+01 6.245547832762548524e+01 7.357618341727237521e+01 8.187315442729409654e+01 7.370923149998695578e+01 6.542515352715768984e+01 4.945036611801139514e+01 5.944877673805592622e+01 6.773254481098825863e+01 7.021703984135127996e+01 5.169420979446854147e+01 4.339235619991076476e+01
2.016265153036126551e-02 4.102645556168973862e+00 8.272933837310434413e+00 2.827293376891579157e+01 2.244213456317435984e+01 4.244213446649420263e+01 5.894129854067377039e+01 6.722570189878915414e+01 7.571176616375659307e+01 6.157298948961200580e+01 6.742975620164412476e+01 6.742975307879140701e+01 7.571172742075195572e+01 7.837223328924831378e+01 6.662784676296969621e+01 5.309067551995987344e+01 3.318386358802192149e+01 4.306932778285199248e+01 3.462750904367135973e+01 3.142131845203174834e+01 1.335036539585791004e+01 3.333516608771964940e+01 4.396756603778018047e+01 4.603281969757789227e+01 4.923507936740664093e+01 3.415355514452580366e+01 5.416040256306492040e+01 5.355060293258998882e+01 7.357618354210633527e+01 8.944661617180727831e+01 6.944718557815471627e+01 6.358973470788864546e+01 6.577731154549817916e+01 8.577623135778750907e+01 7.997874168307018294e+01 6.065547858900280431e+01 4.692776694447309183e+01
1.256007409845548775e-02 2.001256003500527925e+01 2.300040403026488534e+01 3.135538054663307861e+01 4.244213436974420262e+01 5.072636115904529674e+01 5.529316081549068684e+01 5.748089037871542217e+01 6.576404172169907270e+01 4.743267988674409708e+01 4.743267988793012790e+01 4.743267988640528188e+01 6.742975307878344893e+01 7.091137850965715472e+01 5.239495095578057260e+01 4.263951446507397947e+01 5.309067553443770038e+01 5.532802592925848728e+01 3.951251560507893856e+01 1.933494447756451251e+01 3.333516608783450152e+01 1.571219344544208951e+01 3.567435986530149705e+01 4.634897648212754007e+01 5.790301945194310207e+01 5.416040398060449235e+01 3.940330487901159984e+01 5.941595919939114623e+01 7.059952746474343144e+01 7.615456840431464514e+01 8.444949365321016899e+01 8.358833455050681494e+01 8.577622448415756651e+01 7.438829957838873952e+01 6.610013206788629248e+01 5.237072403773155571e+01 3.237205537833302316e+01
1.283213977233468341e-02 1.565133191184999051e+00 3.122131079508048135e+00 2.312213371623932545e+01 3.364235016942650702e+01 4.778434820580197595e+01 3.528685292527244854e+01 3.747550879585357819e+01 5.539912323572788466e+01 4.711563641111504097e+01 3.328347554231430649e+01 5.328968722723293894e+01 7.099874313137469528e+01 7.837223337309372084e+01 6.918787702045962362e+01 5.296793718096838433e+01 6.425672589088269149e+01 4.705942624199703062e+01 2.644541525243667479e+01 2.940069246628877053e+01 4.396756658765150405e+01 3.567435986534547254e+01 1.809904933554754081e+01 2.960153600733260149e+01 4.960002160864511467e+01 6.771184123613409156e+01 5.941595919909758550e+01 4.557531518203299470e+01 5.057620962384230978e+01 5.612538754558998733e+01 7.615456842065368903e+01 9.446216705954252291e+01 7.764598725837190329e+01 5.764810631994564005e+01 4.610362588726343347e+01 3.854455616974189525e+01 4.651363165514708697e+01
9.594114293757748102e-02 2.009594110356721686e+01 2.312213371592461542e+01 5.358199057007847266e+00 1.950033615379894059e+01 3.592151791423449225e+01 2.113985779701884837e+01 3.496819223032293422e+01 4.325413253602054908e+01 2.709948117764318454e+01 4.711563641021638205e+01 4.271907975892131049e+01 6.271661556646078850e+01 8.254302860708111211e+01 7.818837735214650309e+01 6.690955038437341784e+01 5.619240429943342718e+01 3.484183606879002326e+01 4.705942623948398307e+01 4.306703139333250618e+01 5.721598940646927645e+01 3.976723791662405461e+01 1.981196730668268557e+01 3.976723791658678664e+01 4.224656955169204053e+01 6.227127147574841359e+01 7.388997759402427334e+01 5.712830391830133436e+01 7.059952746428579928e+01 7.615456840439289010e+01 6.613570345144542273e+01 8.617298717654796292e+01 8.593854010631076790e+01 7.438814728677569121e+01 6.408816409394334812e+01 4.409163603707643375e+01 6.408817912063021538e+01
3.950229235330715398e-03 2.000395019010601771e+01 3.364236675444814040e+01 2.535819537552145064e+01 7.637410586200616081e+00 2.763739937320907103e+01 1.299135010170772020e+01 1.497558047521407865e+01 3.496819223460695980e+01 2.309534165088071234e+01 3.465648040738507518e+01 5.466341387229454085e+01 5.426529874134310205e+01 7.426132741489762168e+01 8.950520291896245340e+01 6.926709895368955472e+01 4.871068743131892376e+01 4.992266993507784179e+01 5.604172084809363952e+01 6.145797978601860478e+01 5.978669155431879290e+01 3.976723788576688179e+01 3.976723791751449255e+01 2.228439049595517929e+01 4.224656955159206007e+01 5.514215575100274691e+01 6.926424636287133296e+01 7.715773844918719249e+01 8.545381730816720278e+01 9.446098779151797942e+01 7.770337625498504508e+01 9.446098783868873738e+01 8.718168857034231678e+01 6.718047366268156395e+01 5.563639044104886011e+01 5.563639039764394312e+01 7.237485029680831872e+01
7.711341127313005306e-02 1.421924903499703774e+01 3.421924889735495867e+01 3.060294066540460634e+01 1.092465027775481978e+01 1.027402089327487289e+01 3.025891505382992364e+01 3.496819223401295318e+01 1.785057230890129532e+01 3.785566706506270407e+01 4.967910370705896383e+01 6.294617682792047475e+01 7.426132741480523691e+01 7.426132526819044699e+01 9.425718992420945597e+01 8.054586006401692089e+01 6.856191402393062617e+01 7.132913029163654528e+01 7.704973849578108513e+01 6.206702115506980277e+01 5.376427721381890024e+01 5.051266594235237761e+01 4.436725982196265505e+01 2.440000685204274333e+01 2.690520949607981649e+01 4.102006559557933230e+01 6.013605413900690877e+01 7.425718158056334062e+01 7.936904233828470012e+01 8.773517811983204240e+01 9.774168312030015215e+01 1.060006121658912406e+02 9.548406376334185097e+01 8.392574699472220345e+01 7.563373975765517798e+01 7.563353866835336703e+01 8.392269094615706138e+01
9.541454368626212448e-03 2.000954141529632579e+01 3.983353618649510963e+01 3.399996674923843187e+01 1.419188916188941363e+01 3.025891505384406699e+01 2.440019889534749709e+01 4.440310706185023548e+01 3.785566706502036283e+01 2.137709545370297803e+01 4.139420359582395292e+01 5.336370318875449215e+01 6.165334680646182619e+01 6.993492801310293316e+01 8.407322534440093875e+01 9.318849455256685133e+01 9.184955788494148976e+01 8.117322549902782214e+01 6.700332411209207351e+01 5.376427722820533006e+01 3.381234219860100154e+01 3.054905487681081055e+01 2.744633201967581115e+01 4.436725982301614124e+01 4.686830055330271705e+01 3.188733327970440712e+01 4.601492331303207095e+01 6.305996432846200150e+01 5.940362269166180198e+01 7.888702676100076872e+01 8.886724509669765837e+01 1.013287522505405605e+02 9.303123313695233776e+01 9.089429599966858575e+01 8.260672438720936839e+01 8.361987242136773091e+01 7.533296445396010199e+01
2.297228869525369793e-03 1.154930261266193980e+01 3.154930246387553439e+01 3.754734023349330130e+01 1.748034942966646454e+01 3.754734023536369136e+01 4.440310706184411771e+01 5.268777287064710890e+01 4.967910795934726309e+01 4.139420358677803335e+01 2.506064765608681100e+01 4.508004892508111539e+01 4.165449815980966974e+01 5.579686163458060122e+01 6.491483895284233085e+01 8.473930669107321023e+01 8.413583692633945077e+01 6.641300315572880208e+01 5.283342396382549566e+01 3.876072283780666794e+01 5.376427722086671679e+01 4.464838113254569407e+01 4.741931882520052000e+01 3.178745031071010274e+01 5.178273591920076768e+01 5.186197436865971611e+01 3.732281040353842627e+01 4.309415761665441380e+01 5.065248652330103596e+01 6.063897018503664782e+01 8.057130283176859109e+01 8.977354658552145850e+01 7.302852510697168498e+01 8.260672438709323728e+01 6.260585372195276221e+01 6.846397311008814768e+01 5.533253692215490815e+01
