MOVIE_S12_data/elevation_000487.asc
nrows	50
cellsize	150.0
xllcorner	0
ncols	50
yllcorner	0
NODATA_value	-9999
[rows 17 to 33 of 50, columns 0 to 36 of 50]
5.436832538903087209e-02 2.005436832538867620e+01 4.874129863340495028e+00 6.926086567510811420e+00 2.682599692642910938e+01 3.227474564822816916e+01 3.461864195202676342e+01 2.456993766437020454e+01 2.595490507371917843e+01 4.425159519311355183e+01 4.803062310723466766e+01 4.217504125820409655e+01 5.710683037082463898e+01 4.653990463442126924e+01 6.067709419369730739e+01 8.066179029641281772e+01 8.466485549471322258e+01 9.299892384863683503e+01 9.900878249629263905e+01 8.179360036594897565e+01 6.179938158541877868e+01 4.765334565000643607e+01 6.765555268170862746e+01 8.069527175581049505e+01 6.073186693799475933e+01 5.711112431876613016e+01 3.710749414035870331e+01 5.711113623383898386e+01 6.441240489364567168e+01 5.335896171073223826e+01 6.490828330180562489e+01 8.488994825078384565e+01 8.621318073069038235e+01 6.660786604044568548e+01 5.520497139296640654e+01 4.631550772041517661e+01 3.967355397051944976e+01
9.647730019007895452e-02 2.009571150018858532e+01 2.487553966026790775e+01 2.692644114917369080e+01 1.692606393296814105e+01 3.691654684946484366e+01 5.283823386726250249e+01 3.351411235208904316e+01 4.595172889008059514e+01 3.595465256855420932e+01 5.594880521160708753e+01 6.216724822275001827e+01 6.216724822275001827e+01 6.653047616223035732e+01 7.480887236992177236e+01 8.133672182963799457e+01 6.443247962483374636e+01 8.133672182963799457e+01 9.074038806823389791e+01 7.075220429856058502e+01 5.920428078404889050e+01 5.432264268170534649e+01 7.432200768171030347e+01 7.716219275657640253e+01 5.715273035087300713e+01 4.300661131172461182e+01 4.418032962489687776e+01 5.711110492776020209e+01 7.710788797961539842e+01 6.490828330180562489e+01 6.968752517339650865e+01 8.964489342699211250e+01 8.950997755912111131e+01 6.990799573209433504e+01 5.596617307405981734e+01 4.603169946283477287e+01 3.849994192523842429e+01
9.953738903938927352e-02 1.424167301277046427e+01 3.424167301277116593e+01 4.517559157594484986e+01 3.691670404018224616e+01 3.106658921768048742e+01 5.104438939217254756e+01 4.505999962515299728e+01 6.177007186752630474e+01 5.009413463723227267e+01 5.009413463723227267e+01 7.008323031548933102e+01 8.215409240678435765e+01 8.160123149365234951e+01 7.769056475529291106e+01 6.932022273189039652e+01 5.254764625140533951e+01 7.298368783989261033e+01 8.273645249162856885e+01 8.747308275271001321e+01 7.920020478820131871e+01 6.188507013819373981e+01 8.187900457419425493e+01 8.162169245024173847e+01 6.162603491226276020e+01 4.747967210970863050e+01 6.418316020330800598e+01 5.573088624143980496e+01 7.572918115496558755e+01 7.904452370335944522e+01 8.964489342699211250e+01 8.912317031711131676e+01 8.083928946336682486e+01 8.378502262984558513e+01 7.394957404699333381e+01 6.580772817929737073e+01 5.833309077123305997e+01
3.582433992925927735e-02 2.003582433992890444e+01 3.307460661774212696e+01 4.135896821327667539e+01 5.030333838538616220e+01 5.104449559794633018e+01 5.931356581377870896e+01 6.504329984178394852e+01 7.328435321023799531e+01 7.008323031548933102e+01 7.008323031548933102e+01 7.836211362126877589e+01 7.607154391107552271e+01 6.121521031074379948e+01 6.121521031077634234e+01 4.871489027720672738e+01 4.452784889535046631e+01 5.397890577431880388e+01 6.846600798142092970e+01 8.867763173147346834e+01 9.015103354520974221e+01 7.343189130728934799e+01 9.015103354520974221e+01 8.380815190545436622e+01 6.381354958961169643e+01 5.282688686116227217e+01 7.282820445851162106e+01 6.727989008978403263e+01 8.400395340213658812e+01 9.900205147100419367e+01 9.615362656729820401e+01 8.083101100012137863e+01 6.103624527735089345e+01 6.680933892017689857e+01 7.166810683851741715e+01 6.869336787517916321e+01 7.129857339249788595e+01
8.338298177320474514e-02 6.407938302109990047e+00 1.307460496877671474e+01 2.201887687877603028e+01 3.616101252218147977e+01 5.616102600710235748e+01 5.544937187863870065e+01 5.546092543971130340e+01 6.376213607951132900e+01 6.688831096709640178e+01 5.859302109257444613e+01 6.688831096709640178e+01 6.768108715081505977e+01 4.702485741814031428e+01 4.041548208769050632e+01 3.659651332882436492e+01 5.742372849243703570e+01 7.364251773708883775e+01 8.273645249162856885e+01 8.988430249738625832e+01 8.979436680586100294e+01 9.341797588543099096e+01 1.016855354767778010e+02 9.208449961069659651e+01 7.915182436732767712e+01 5.915478239828296836e+01 7.282820445851153579e+01 8.727112739397266239e+01 9.554185037466062624e+01 9.903016267966559383e+01 8.803795960272222487e+01 6.838684525533518865e+01 5.692916583577473233e+01 4.685860479370215614e+01 3.832334215707235359e+01 4.904056472266447031e+01 5.177821701090027773e+01
1.813270376062421294e-02 1.156513808751417294e+01 3.156512929949739643e+01 4.135859976021184536e+01 5.030331792011522651e+01 4.966285376143176933e+01 3.563231267372082556e+01 3.563244861421076592e+01 5.546263137643187946e+01 5.699876284756776812e+01 3.891644481433899472e+01 5.699876284756776812e+01 5.499326028058996485e+01 5.081529844754081182e+01 3.044096742975619563e+01 5.081529844762622616e+01 6.562312871144057169e+01 6.749857812943234592e+01 7.234981674363500304e+01 6.974980196525204690e+01 6.964469932541361175e+01 8.388285754441842812e+01 9.550975991697042389e+01 9.328569858087961109e+01 7.329738197919890297e+01 7.070342087147899690e+01 8.742891618771960793e+01 1.010925092652375525e+02 9.509984895217627354e+01 7.929423034259843917e+01 7.929423034259843917e+01 7.328206567696423690e+01 6.814242128955420696e+01 5.794843202928129955e+01 3.816068922148732412e+01 3.486887421992698677e+01 3.176095651557188759e+01
2.351309638313057310e-02 2.002351309638277499e+01 3.984921428064166093e+01 3.803550816406630730e+01 4.077623239684298539e+01 3.256522800873398893e+01 2.160076431612980841e+01 3.563393302919894268e+01 5.550246655281196695e+01 4.875473295255127226e+01 2.935390002479221394e+01 3.905431648923701715e+01 3.544195005017831335e+01 4.331815457316396589e+01 2.714790545549307055e+01 4.708719781307195973e+01 5.232800487605844353e+01 3.531268237658228060e+01 5.346962172496724008e+01 5.556588434645800589e+01 5.544036306698879457e+01 6.702978181506294675e+01 8.718031748532162339e+01 1.015604503962401566e+02 9.328569858087961109e+01 9.069255816407792281e+01 9.896780109498754996e+01 9.833209949846036579e+01 7.847517414975379779e+01 6.697226822159282733e+01 5.943890562342745909e+01 5.343303476416119935e+01 4.829494105246646285e+01 4.395772108134814715e+01 5.794843206737728281e+01 5.142474241831075688e+01 3.158036752971955252e+01
2.372884694381488524e-02 2.002372851687977828e+01 2.259998770649186284e+01 1.800697462730374809e+01 2.516044569762655669e+01 1.269825854327327264e+01 3.087435914072274201e+01 4.278608280460521485e+01 3.597684314337232081e+01 4.159061451692387124e+01 3.622211040347375643e+01 1.974124598512719331e+01 2.190821309251456483e+01 2.409013142669074625e+01 3.395096247484668339e+01 3.084733303497177559e+01 3.344929546616957339e+01 3.798474697374413722e+01 3.951306012684000279e+01 4.479414955959395428e+01 5.368948132776588267e+01 6.371362024433869919e+01 7.795806047336385802e+01 9.811175269551850420e+01 9.952950789447099567e+01 9.134755913963303442e+01 9.952950789447099567e+01 1.065691779946644573e+02 9.509984895269457184e+01 8.683037341536011411e+01 7.278273999621438861e+01 6.418090286778758013e+01 6.814242130143703946e+01 6.380696813354789043e+01 5.753446300056201324e+01 3.771896227476587882e+01 5.142389266348186538e+01
6.296921807001566729e-02 1.325358024265623325e+00 2.590269088332977532e+00 3.862838614284535677e+00 5.148487307452269235e+00 2.466838742535035323e+01 2.836228870629992826e+01 2.979070971308476601e+01 1.208986075688425998e+01 3.230333360518365282e+01 1.682576569910638753e+01 1.975690756161254669e+01 3.907472359705879938e+01 4.331815457316396589e+01 4.259372776064133603e+01 4.793737623434161321e+01 4.652788325462053365e+01 4.468076421567229062e+01 5.925084885445542682e+01 4.922648936970000477e+01 6.076832400573093196e+01 8.089582799894647280e+01 9.219385170325399770e+01 9.568371738365141255e+01 8.749864968856860514e+01 7.156029226599969206e+01 8.964089687679064866e+01 9.596854495370035920e+01 9.387734366250829510e+01 9.881254261944047812e+01 9.006232741264426522e+01 8.274469975094937979e+01 6.838108003221782383e+01 5.447561148108617601e+01 4.453848617574844582e+01 5.753446300056201324e+01 6.564774010932214310e+01
8.175220331382776484e-02 1.935884558225166430e+01 2.256878658217075539e+01 1.741545147358725387e+01 2.516084469029781445e+01 7.038309809845630483e+00 8.399137789027903978e+00 9.772744595655423083e+00 2.442742446400248113e+01 1.444645870538181320e+01 3.008225635540222598e+01 3.890796836333433362e+01 2.396486215449021984e+01 4.324418617296157663e+01 5.586472917465123089e+01 6.848418224576809621e+01 6.633073715794728287e+01 5.855866753024258031e+01 6.444140630475253317e+01 6.337886647701904508e+01 6.927520823069438904e+01 8.922917334758136576e+01 9.211037749065987157e+01 8.425178751176586900e+01 6.768132242225121331e+01 6.159522392016199888e+01 8.145392570281644851e+01 7.619414343165878734e+01 7.409485466174365342e+01 8.807911926953165960e+01 9.797300039278123052e+01 9.508613828286942748e+01 8.200647325761855200e+01 7.000074692064259807e+01 5.027938480616259653e+01 7.000074692064259807e+01 7.797676890880423173e+01
7.631710034972485901e-02 1.126991601345802252e+01 3.071546809566717684e+01 3.417327686444634338e+01 1.999150721408166831e+01 2.191927343497695446e+01 2.227792049446689404e+01 2.979070975437789670e+01 1.345532056271787269e+01 3.333871354605562942e+01 4.133257796410087792e+01 5.057326115918652931e+01 4.324418617296157663e+01 2.828326628971359824e+01 4.762399988353293168e+01 6.062833419685363623e+01 7.212172471188223710e+01 7.864359468830110700e+01 8.453988904201362686e+01 8.351023739909145149e+01 8.940650296026046817e+01 9.194605913539898268e+01 7.230313932756291706e+01 7.230313932756291706e+01 5.616351826951292736e+01 5.404041557976880483e+01 7.394804194888017435e+01 6.213183924575821493e+01 6.002105288498648861e+01 6.998889217252187223e+01 8.978913094838566167e+01 9.242144665922846514e+01 7.309628997552051999e+01 6.173552999010340869e+01 6.413503589478879974e+01 7.777556079363472463e+01 7.826345437287342577e+01
9.124702163186203252e-02 1.930637245960079440e+01 3.685263975979155759e+01 4.853321977904494133e+01 3.205838007099595899e+01 4.434218674595563670e+01 4.144796184961774088e+01 3.605712050746976871e+01 1.610495802630839890e+01 3.614551043742248027e+01 4.855918796033012086e+01 6.275889727837188303e+01 5.586477917877980559e+01 4.762399988333876877e+01 3.285227320607599921e+01 4.396878239610246197e+01 6.380799351666055941e+01 7.142365307723927970e+01 7.975416212299806773e+01 8.980900952224178013e+01 1.009860725725550878e+02 8.375952126728196845e+01 6.391648567677405879e+01 5.238549457967951639e+01 4.721780588885303587e+01 4.737031555674029448e+01 6.368886107796277685e+01 5.059791436257266639e+01 7.052316601090815595e+01 8.807910146449047772e+01 9.797299861494693118e+01 1.004293854812870137e+02 8.927069596797242923e+01 8.125892201770045631e+01 8.276370892272764479e+01 7.031963265928045814e+01 5.629551783281471700e+01
8.187870513261463756e-02 2.008187870513225803e+01 3.725098695023719131e+01 4.879810464580071283e+01 5.315572395958223240e+01 6.191624611048879245e+01 4.882889515203928710e+01 2.877269867524355362e+01 3.614551050420718070e+01 2.019053008163701080e+01 3.435952214707676688e+01 5.290081657270378201e+01 6.289988496880161506e+01 6.062833432331751027e+01 5.235381963593498966e+01 3.801254087868378662e+01 4.445588553183291225e+01 5.140764874033742160e+01 6.136960640303714598e+01 8.147769975144348109e+01 9.280300026770071042e+01 7.302230096297441264e+01 6.306407247535580041e+01 7.230313932756291706e+01 6.100599952070189858e+01 4.103575394462672676e+01 4.373065829383431691e+01 6.368886107796277685e+01 6.688438396369606664e+01 8.671388940620161634e+01 8.554662398939784396e+01 8.554662398939782975e+01 9.372238398994923614e+01 9.117183012322708180e+01 7.944869592712105089e+01 6.190457344670888773e+01 4.139020305404883970e+01
2.239863785106879432e-02 8.966670547850304374e+00 2.051367593169599601e+01 4.051368000714220585e+01 5.188751369147460935e+01 6.017495948509228043e+01 5.715589723182854698e+01 4.294804442111202292e+01 4.855920977686861306e+01 4.023760190835196937e+01 2.456142775312378745e+01 3.458040188673226112e+01 4.875372854845610249e+01 6.879228686208368515e+01 6.400468722606146343e+01 4.411994546926585059e+01 4.843024668718715020e+01 6.838036834199851910e+01 7.975416212299806773e+01 8.980900952224178013e+01 1.009860725725550878e+02 9.109938630621196864e+01 8.291265061533756864e+01 7.161147290991371506e+01 5.169673400108424488e+01 3.754347622772723270e+01 5.752962597617884200e+01 7.190426253977382487e+01 8.671388940620161634e+01 7.972426130661513355e+01 6.572613862328121570e+01 6.572613862328121570e+01 8.554662398939782975e+01 8.282799427081664589e+01 6.245613315659450393e+01 5.058006309696462210e+01 6.100573673513861195e+01
1.991760116496149591e-02 1.568356930793071946e+01 3.352907356539913764e+01 3.549976323219244989e+01 3.181670036282334380e+01 4.899605956482572822e+01 6.056110731171390427e+01 6.303368778353151214e+01 6.101010828029653510e+01 4.092816879211667924e+01 4.461327334980018122e+01 2.957146209795552139e+01 4.962698672585351289e+01 6.869307610029285627e+01 7.232477648947148907e+01 6.400468722608080441e+01 5.553030390751450796e+01 6.099844432884068368e+01 7.518720728304407430e+01 9.531630037107630926e+01 9.381997738772575701e+01 8.539088239014749604e+01 7.392794267262999597e+01 6.571606654986524632e+01 5.490531595106224216e+01 3.490781814684055462e+01 5.490531595105953500e+01 7.133978246747946628e+01 7.083722768794986280e+01 6.262720896685106453e+01 5.162099342914612521e+01 6.572613862328121570e+01 8.554662398939784396e+01 8.545158393756257453e+01 6.510771290185167004e+01 7.106629477262688965e+01 5.730856221506990522e+01
1.766589122093755945e-02 2.001766589122058093e+01 1.388823491365526408e+01 1.534818419949162482e+01 2.054872680543397934e+01 3.223264148091478631e+01 5.227555634949007413e+01 6.600413808463105170e+01 6.934320278915852498e+01 5.567630519043082415e+01 3.561298560605892760e+01 4.962698672585351289e+01 4.028145415451771072e+01 5.185776671837654561e+01 7.197132319808071088e+01 8.391124849890620396e+01 6.552027512529635089e+01 8.108288214939354077e+01 8.941139551833481391e+01 8.456044891140641084e+01 7.403549220968119471e+01 7.719551214714140031e+01 5.731252912994659710e+01 4.576803480953251579e+01 3.868260448621936831e+01 3.233894370570245513e+01 4.316559819205964033e+01 5.725265363758806814e+01 6.262720874684494277e+01 4.266823489968993499e+01 6.262720896685106453e+01 7.412697226278768881e+01 8.231910625851188001e+01 9.378967895239028962e+01 8.545158393756257453e+01 8.576074614659091822e+01 7.745627683946342756e+01
6.490672536223988931e-02 2.006490672536188313e+01 9.150490493674411141e+00 2.336792555561677176e+01 4.070377405477337618e+01 3.010508104857360934e+01 3.770752011053339459e+01 4.926600315396800767e+01 6.926744824741324180e+01 6.016471067866493172e+01 4.009195111411577983e+01 6.016471067866493172e+01 6.035875595016276662e+01 6.869307610029285627e+01 8.030772150619311844e+01 9.396960582947943408e+01 8.564154511575848971e+01 9.396960582947943408e+01 8.456044891140641084e+01 6.472351596269288621e+01 5.996954712390635223e+01 7.657020527694268708e+01 7.392794267262999597e+01 6.571606654978515394e+01 5.866337229224314598e+01 4.901057288900788933e+01 2.899963465270766250e+01 4.901057054039188898e+01 5.062107696541853841e+01 3.749235071893043880e+01 5.747382394764712643e+01 5.423437163880750944e+01 7.053976695691163457e+01 7.873409508070791674e+01 8.864454058241341272e+01 8.254950298445234580e+01 7.253063270868004508e+01
