MOVIE_S12_data/elevation_000356.asc
nrows	50
cellsize	150.0
xllcorner	0
ncols	50
yllcorner	0
NODATA_value	-9999
[rows 17 to 33 of 50, columns 0 to 36 of 50]
5.436832538903087209e-02 2.005436832538867620e+01 2.483826959210255581e+01 7.787108715200841580e+00 2.778666527898021599e+01 3.302870528964155739e+01 1.642544776293752662e+01 1.925095081232436200e+01 2.213736731030405736e+01 2.585474567131918988e+01 2.978417264115037355e+01 3.438239233438494580e+01 3.973584769998377197e+01 4.606239464351315860e+01 5.760228312717747201e+01 7.759374661184557453e+01 8.199749079593031809e+01 6.137711120305823442e+01 5.117687443921786183e+01 4.471956537314405722e+01 3.950017552173255098e+01 4.691086414312574249e+01 5.097783499996455703e+01 3.586740625992671738e+01 5.591154517816484315e+01 7.085395858383708401e+01 5.661352186738102432e+01 5.187966010484487356e+01 7.198669226559459844e+01 6.781764122721530441e+01 8.798545947493528274e+01 9.456212643743904778e+01 8.301501888289257636e+01 7.472001903679222323e+01 6.769004524014947322e+01 5.036183527492874390e+01 5.618858882898338436e+01
9.647730019007895452e-02 2.009647730018972211e+01 4.838269592102911076e+00 2.483826959210255581e+01 3.607137996265068836e+01 4.472789034149715093e+01 3.643596929999268497e+01 2.349679121853547414e+01 4.215528511722501293e+01 4.001435052818128923e+01 4.394065125026713758e+01 4.394065124909293729e+01 5.973049995219179209e+01 5.973050596440598525e+01 6.019609636382869411e+01 8.018827456232311590e+01 9.042620724623670014e+01 8.015580084650127901e+01 7.168730099949428336e+01 5.875577275395754384e+01 4.797603830841894279e+01 6.695091876202663173e+01 5.957275386811619455e+01 3.951948799591374950e+01 5.368327778042034026e+01 7.379120691431610624e+01 7.673902890993491610e+01 5.945728674195167685e+01 7.959987503471396053e+01 8.798545947493626329e+01 9.634245138345059445e+01 8.625257117065110890e+01 6.627760493387698659e+01 5.483625046412282700e+01 4.782649392286605661e+01 4.182582524469123797e+01 3.629030653496577941e+01
9.953738903938927352e-02 2.051337534936451767e+00 2.205133753493609561e+01 1.483826959210299989e+01 2.898040521583420315e+01 4.898040521583490658e+01 4.867902453971370846e+01 2.866649672588687991e+01 4.867902453971370846e+01 6.001527684882697855e+01 6.393684165736951996e+01 5.808114687564270895e+01 7.221761727067821823e+01 7.972225625876238553e+01 8.018827456232311590e+01 8.846923239741799705e+01 9.023011572036470795e+01 9.842977309835224276e+01 8.773621708933328023e+01 7.669604289870621017e+01 5.949487411776116375e+01 7.512143865194492776e+01 5.500613806844869202e+01 4.344265882436830850e+01 6.350786444523313889e+01 8.043281427869544586e+01 8.795833277934177374e+01 7.106962036018381923e+01 8.795833277934177374e+01 9.633238636322796822e+01 8.804276831878030407e+01 8.804276831877500342e+01 8.301501888289257636e+01 7.472001903679222323e+01 6.769004524014947322e+01 6.170095917438568733e+01 4.778508207374234473e+01
3.582433992925927735e-02 6.699940783906625619e+00 2.646011924899091738e+01 3.483826959210370688e+01 2.898040521583419959e+01 4.898040521583490658e+01 5.696237862692486686e+01 3.762240763642341790e+01 4.022606642546514166e+01 5.177549123031533895e+01 7.176956247788268684e+01 7.807375696612582772e+01 8.235323712563788945e+01 7.411208133506345064e+01 8.235323712563788945e+01 8.697016454684873565e+01 7.035957949513380072e+01 8.697016454684873565e+01 8.972399204460644739e+01 8.856309395345665791e+01 8.010528236484965703e+01 8.347587263126602863e+01 6.986129804728999204e+01 4.976997690214247427e+01 5.197729422297589963e+01 6.356203942746943625e+01 8.371445940144747055e+01 9.125241962087385161e+01 9.960982083108184781e+01 8.804276831878030407e+01 6.801603019014113727e+01 6.801603019014113727e+01 8.142587877379857275e+01 7.312907790220849336e+01 7.312154699672397840e+01 7.594794868264891363e+01 6.766799253751663912e+01
8.338298177320474514e-02 2.008338298177284997e+01 1.731463918976667671e+01 3.696216187651869234e+01 4.898040521583490658e+01 5.726467646330780070e+01 5.762401551476887818e+01 5.176785715110629837e+01 6.022598006090311173e+01 6.850872608111572504e+01 8.005295047739937786e+01 7.894531074110696522e+01 7.070072659132860338e+01 5.417052097883233586e+01 7.238914227580704619e+01 7.875785628178547881e+01 5.883984094451058411e+01 7.875785628178547881e+01 6.983120269205906538e+01 7.565766579670459180e+01 9.554448937176388768e+01 8.411022654528532883e+01 6.395919861413580065e+01 5.979172537046399327e+01 6.094395180100752185e+01 8.043281427869544586e+01 9.207192723911713017e+01 9.724303365863633530e+01 8.579975106609103364e+01 7.756024504776317485e+01 7.388172598297082061e+01 5.376503040364413977e+01 7.312907790220849336e+01 5.310705175433118086e+01 5.310635734371802386e+01 6.243548294603556315e+01 6.054265878836518056e+01
1.813270376062421294e-02 1.156513808755303963e+01 3.156513808755268258e+01 2.972146271426564468e+01 4.357890418187295722e+01 6.352732620890061810e+01 7.761878068188482871e+01 7.176203245972772038e+01 7.221735723229383552e+01 6.393527087699805378e+01 7.221735723229402026e+01 7.070072659132860338e+01 5.074917482716887207e+01 4.416997468250335857e+01 6.414130105456828801e+01 6.231312923917423063e+01 5.176963559844008955e+01 6.498102204781991986e+01 5.568374857605002148e+01 6.983120269205906538e+01 8.972399204460644739e+01 9.246733070342112626e+01 8.411022654528532883e+01 7.140267736923611608e+01 7.255907575526140363e+01 8.944593171347023031e+01 9.985568350143827843e+01 8.896302561576416679e+01 6.921283032442727290e+01 5.837068654141633317e+01 6.615192041062807959e+01 4.653576215875545330e+01 5.740147528044474257e+01 5.435147349810375061e+01 3.896175912393245966e+01 4.278852999207354912e+01 4.048793662829126561e+01
2.351309638313057310e-02 2.002351309638277499e+01 3.984940933501393090e+01 4.942166171961830656e+01 5.773359538204449137e+01 5.647899790658485131e+01 6.476457525376630997e+01 6.880060810290535755e+01 6.051715696622088814e+01 4.393242243876434827e+01 6.221712263333180459e+01 6.436582631054336900e+01 5.659284900129900109e+01 3.660844758255932874e+01 5.379610497080793863e+01 4.233878097799203033e+01 5.644335783262322082e+01 4.495860996315099101e+01 5.913673260915845731e+01 7.909084467126798756e+01 8.508321557615870745e+01 9.332056913702238887e+01 9.993772239209141617e+01 9.158059949526757748e+01 9.273935434998423943e+01 1.010961389966100512e+02 9.156840714883576027e+01 7.167816067690898763e+01 6.207159220093676311e+01 5.469725468886709052e+01 4.816786217339640785e+01 5.120121692533287927e+01 3.740127609373254813e+01 3.435130566915217543e+01 3.140246683282388673e+01 2.868081163326242233e+01 2.633998870553046956e+01
2.372884694381488524e-02 1.416609070173891638e+01 3.418036235879798568e+01 3.668105619403725370e+01 4.496762372564469246e+01 3.647856823083741062e+01 5.321686124260681083e+01 6.051707806371816645e+01 4.051443998279770398e+01 3.392997874492968435e+01 5.393384634055076532e+01 4.367171808471689332e+01 4.361888209776088843e+01 3.106075438972757752e+01 3.380825193405188855e+01 5.158583999511496643e+01 3.641636739378084542e+01 4.078327876161843335e+01 6.081466784027535510e+01 7.249012980804457129e+01 6.517179867761272760e+01 7.926964952325721470e+01 9.911840558682504820e+01 1.060252908200733089e+02 9.775127332951788617e+01 1.060252908200733089e+02 9.985568350143827843e+01 8.989342476830657347e+01 7.756024504776317485e+01 5.837068654141633317e+01 6.320342109458890434e+01 4.249858611528571828e+01 5.740147528044474257e+01 5.435147349810368667e+01 3.598376953769048470e+01 4.868068141549013461e+01 4.633952488990112073e+01
6.296921807001566729e-02 2.005671764866673712e+01 3.152165310556086553e+01 1.666956107310560853e+01 3.341440206019851900e+01 2.492793206882440771e+01 4.427088991181499722e+01 5.581486832651749097e+01 4.637310037892569881e+01 2.636986545933947568e+01 3.852718860953356028e+01 4.041681491251289771e+01 2.350103646197650420e+01 2.596296047802576368e+01 2.873648602541526742e+01 3.156493728996617776e+01 5.158614996052499180e+01 6.081466368796081667e+01 4.746582025939001426e+01 5.248624646147158046e+01 6.407207364222625756e+01 7.817576044604588503e+01 9.802479607255320104e+01 9.604880655135204393e+01 7.780753210481854865e+01 9.604880655135204393e+01 9.483152258563589498e+01 1.031045921614437191e+02 8.579975106609117574e+01 6.921283032442727290e+01 7.279186755493974204e+01 5.144803669611806640e+01 7.279186755493600458e+01 6.132874264251459806e+01 4.132897323309620674e+01 6.132874264250942531e+01 5.783922648741761208e+01
8.175220331382776484e-02 2.008175220331347077e+01 7.740411605645197923e+00 5.132949103469101715e+00 2.512738278380241752e+01 1.597207514631374181e+01 2.753148392517929111e+01 4.753441717559896773e+01 4.430157769822385916e+01 3.601699166008840791e+01 1.852334724759666784e+01 2.041447037328843095e+01 2.441499379433433603e+01 4.436290050293273168e+01 4.873267464760897383e+01 4.496773633268256987e+01 4.009334438424644276e+01 6.004309337907091759e+01 6.748909163071800776e+01 6.666014559889791258e+01 6.666014891561557931e+01 8.656506299855807640e+01 9.897085114126510064e+01 8.777940271716825293e+01 6.782546214897607229e+01 8.072461937358720263e+01 7.488134874007209874e+01 9.483152258563589498e+01 9.724303365863652004e+01 8.896302561576416679e+01 8.266286204006041771e+01 6.442082305695784328e+01 7.132869732501453086e+01 5.132878796001468658e+01 6.132874264251459806e+01 6.132874264251459095e+01 6.612432555962254810e+01
7.631710034972485901e-02 2.007631710034937100e+01 3.259656343350035623e+00 2.325964934316140642e+01 7.023753755927847564e+00 2.703522850280546663e+01 3.042775936939562698e+01 3.186358669369657903e+01 3.357344496280210677e+01 1.600928793819538498e+01 3.601737078728174168e+01 4.041681491251289771e+01 3.595783877477882839e+01 3.073946565117625340e+01 5.002860272235518835e+01 6.279007076123965447e+01 6.004290954492238797e+01 5.008376384063954134e+01 7.000242291750240042e+01 8.656427188445844934e+01 8.656503732245205640e+01 9.480509791722364810e+01 9.070009599841063164e+01 7.074914274876381626e+01 6.075403493838157232e+01 6.075403493838157232e+01 8.072461937358720263e+01 9.297188118721658157e+01 9.558098459712269346e+01 1.038593536568849629e+02 9.524800731199225368e+01 8.666759122079979250e+01 7.961524265427836156e+01 6.132842515188360011e+01 7.961524265427836156e+01 8.133016990782925859e+01 7.767155671732638211e+01
9.124702163186203252e-02 1.398687922553090157e+00 2.139869015278222264e+01 3.150829687788750277e+01 2.602632178161861276e+01 8.978701689854709400e+00 1.039938050441266526e+01 1.183768089875635887e+01 1.355645513283707793e+01 3.357344496280210677e+01 3.234653827128244075e+01 5.235070294471806562e+01 5.005613339678072293e+01 5.063050088570084739e+01 3.759733124606694332e+01 5.166714567040075679e+01 7.131083473323627686e+01 7.000242291750240042e+01 6.268886261015994421e+01 7.675820408196233302e+01 9.665997985352304056e+01 9.718695234825230500e+01 9.897085114126369376e+01 8.899297045074540335e+01 7.317644795184840234e+01 5.317259730249040217e+01 6.473885736074825559e+01 8.470241104602391147e+01 7.559208290237774008e+01 9.231928869527818904e+01 9.767473894854971661e+01 1.000230444022536886e+02 8.961663524734287023e+01 8.132896949814551135e+01 8.961663524734287023e+01 8.331906214575616332e+01 6.332017780879323965e+01
8.187870513261463756e-02 2.007885755161014885e+01 2.967763027355495353e+01 3.964553939402760818e+01 1.968648237567258263e+01 2.900441342197742500e+01 3.011229786451358592e+01 2.201896033244139517e+01 1.567003530411245116e+01 3.532728175209345522e+01 4.772788376339326533e+01 6.063509251427470303e+01 6.981860199928802047e+01 6.551971233194657884e+01 5.163122241418020053e+01 4.610904576302267799e+01 6.011009760035464211e+01 7.963723342606638766e+01 8.258729924779835585e+01 9.084352582372019924e+01 9.133468115549275979e+01 7.719897445291294957e+01 9.133468115549275979e+01 8.480500645693277306e+01 6.925337007461482131e+01 4.920987885390380967e+01 6.925337007461482131e+01 8.404038682284594586e+01 6.403763150755766276e+01 8.404038682284594586e+01 7.768385155869178504e+01 8.003592736534444896e+01 9.416881481639882168e+01 8.524655389467491773e+01 7.524708468000649475e+01 6.696346180325184605e+01 6.029690708732040605e+01
2.239863785106879432e-02 1.416458813989234855e+01 3.416839850789384059e+01 4.791826786010430794e+01 3.122368453843573377e+01 4.791826786010432215e+01 4.137573465185349164e+01 4.160548992105098165e+01 3.532728175209345522e+01 1.942554515699237783e+01 3.935590497359110884e+01 4.831750419040180589e+01 5.667291178891539971e+01 7.494284984165531682e+01 7.096797338449738390e+01 6.011009760035464211e+01 5.756450122820406534e+01 7.143670254750470860e+01 9.083936693070036483e+01 9.109716250572486729e+01 8.240190285301909512e+01 6.308675588634396547e+01 8.240190285301909512e+01 7.670599025224314005e+01 5.704272246075814934e+01 4.542724306068346607e+01 6.543946898163797243e+01 6.646331745696842574e+01 5.644657896248193651e+01 6.719728648856620623e+01 6.352455964360976282e+01 6.588995496711514477e+01 8.589001840908603924e+01 7.696313967166173597e+01 5.696378393484199876e+01 4.696379765545736262e+01 4.029713134508165950e+01
1.991760116496149591e-02 2.001991760116460739e+01 2.986841372014260543e+01 3.815340363692300230e+01 5.116351378718653820e+01 5.941187760797480877e+01 5.999199079155280145e+01 5.957645737344626724e+01 3.934559516705787274e+01 2.729016407777556807e+01 2.368680307546685526e+01 2.776480469192845746e+01 4.831750419040180589e+01 5.503000662180390634e+01 7.053902246049111113e+01 7.963723342606638766e+01 7.143670254750470860e+01 8.516740848033592215e+01 8.524852594243087367e+01 7.111786971781037892e+01 7.412399976630317155e+01 5.415948158684161484e+01 7.412399976630317155e+01 7.835773713831473231e+01 5.657500673750705289e+01 4.190556396662218219e+01 5.717053572360251223e+01 4.633629615562188775e+01 6.008632689002522653e+01 4.708445547738882908e+01 5.319657656093032472e+01 6.478735920371181578e+01 8.478857492498228510e+01 8.524655389467491773e+01 7.524708468000649475e+01 6.696346180325184605e+01 6.029690708732040605e+01
1.766589122093755945e-02 4.868378391947619122e+00 9.868378391947661754e+00 2.401051455596436668e+01 4.401063332931573768e+01 5.417241620753681985e+01 6.417555414165515515e+01 6.191624373043367058e+01 4.173806056764134098e+01 4.764811358399904861e+01 2.898217359548095118e+01 4.831750419040180589e+01 3.468610084522687487e+01 4.163902191444550027e+01 6.219192090900207148e+01 8.115760400348713688e+01 9.083936693070036483e+01 9.075725100288899228e+01 7.696966909207910135e+01 5.699245084992901411e+01 6.433496690018725417e+01 4.781672740852057757e+01 6.781066478280953902e+01 8.161669454661259238e+01 7.044120278587884343e+01 5.736579049505703409e+01 3.718510330939389519e+01 5.352326067533944354e+01 3.985759825165951753e+01 6.008632689013493433e+01 7.324086764418711937e+01 8.152212422658395496e+01 9.306740428543031385e+01 8.796261067579339965e+01 6.796388308872880657e+01 6.796388308872880657e+01 6.040473043732889380e+01
6.490672536223988931e-02 2.006490672536188313e+01 2.986841372014260543e+01 1.881265030222772339e+01 2.588371811514992871e+01 3.588371820327888173e+01 5.588459162013234049e+01 7.012130022239597338e+01 6.191624373043367058e+01 4.951046752806965401e+01 3.525275942815552810e+01 5.566252461553388997e+01 5.017398068085507390e+01 4.894334237871711935e+01 5.333145507201825097e+01 6.727441975087637616e+01 8.682874236115253552e+01 8.247652635553323819e+01 6.250664465476420872e+01 5.251203189650097869e+01 4.430474658168137836e+01 4.199044586839430337e+01 5.485498044187645661e+01 7.168434210580312538e+01 7.752631875870976330e+01 5.746223989410577104e+01 5.352326067533942933e+01 3.324210115343075955e+01 5.023322215551574743e+01 5.855885240533846314e+01 7.279291969433843690e+01 6.716611645257160035e+01 7.545848003419484940e+01 8.210536207244015827e+01 6.210629070166150711e+01 4.796424505075001576e+01 4.040495638160277991e+01
