MOVIE_S12_data/elevation_000466.asc
nrows	50
cellsize	150.0
xllcorner	0
ncols	50
yllcorner	0
NODATA_value	-9999
[rows 17 to 33 of 50, columns 0 to 36 of 50]
5.436832538903087209e-02 2.005436832538867620e+01 3.416081506996309969e+01 2.182919816256671908e+01 9.550109183471688468e+00 1.168241045839748793e+01 1.385243428480988648e+01 3.384562120456859446e+01 4.078574622385691129e+01 4.390942820645493327e+01 2.926022842375008182e+01 3.317707399526322831e+01 3.743475752958084968e+01 5.743943165941935547e+01 5.393354539058061192e+01 6.149935957555585020e+01 7.565680451318043254e+01 9.567225409484184695e+01 9.085517767127883815e+01 7.557215484884586942e+01 5.558334893412114042e+01 4.405011433748703098e+01 5.826345073836554889e+01 6.655154748804415021e+01 5.875185876057616241e+01 3.877609041823107106e+01 5.875186715743466692e+01 6.687922190828248858e+01 5.859200736176207158e+01 4.616273901531306478e+01 5.769588983887399536e+01 7.768514761417019088e+01 8.899540010961382563e+01 7.897653156777664663e+01 7.067401055303893997e+01 6.399803906410049592e+01 4.551258990998371701e+01
9.647730019007895452e-02 1.423861292392115452e+01 3.423861292392185618e+01 3.619857136731011593e+01 1.955204686864697194e+01 3.168147860847607689e+01 3.384987176433595835e+01 1.777743333243745738e+01 2.079468282309697713e+01 2.391917940136573151e+01 4.390942820645460642e+01 5.317442261873729592e+01 5.157681972194752973e+01 6.572979709464523523e+01 7.395240736112273794e+01 8.151919378156026141e+01 8.980781322692105562e+01 9.670848579948982149e+01 7.668613000063353979e+01 6.255681633315070655e+01 5.256766080838742994e+01 5.111216376780439674e+01 7.109749344144491090e+01 7.413664129062541974e+01 5.414952702176234567e+01 4.261679017947435710e+01 5.414952702171969889e+01 7.413663953350908287e+01 7.443541145731519748e+01 5.509615444499211634e+01 6.028849973391010053e+01 8.028160352277474487e+01 8.069026053946285515e+01 6.065776056661498927e+01 5.064609608622360071e+01 4.397757199112817972e+01 3.820815915324521939e+01
9.953738903938927352e-02 2.009953738903903542e+01 3.986710097118256613e+01 4.783098416417511345e+01 3.954707282205792040e+01 4.783098411069355649e+01 4.533246758634901141e+01 2.533702873822238288e+01 4.078747577155962745e+01 3.391017403844344358e+01 3.545637077779429092e+01 4.699865439553010305e+01 6.701017784287027723e+01 7.988286457633753912e+01 8.561466283137234257e+01 7.738644223549863455e+01 7.997036154768910876e+01 8.819486386678303802e+01 8.669730790100676643e+01 6.669519649284465856e+01 6.669519649284464435e+01 6.004733108129909880e+01 7.939286767517454280e+01 8.243347117854854389e+01 6.706576540291790423e+01 4.708117323765522144e+01 6.706576540291790423e+01 8.243339710702905165e+01 7.508251757145555416e+01 6.922327576353070810e+01 8.028160352277474487e+01 8.858232318072022338e+01 8.899540010961382563e+01 7.897653156777664663e+01 7.067401055303893997e+01 6.399803906410049592e+01 5.821862803715918488e+01
3.582433992925927735e-02 1.158282972372167485e+01 3.158282972372131781e+01 4.907858324219035495e+01 4.579925991312117617e+01 5.408353264541459993e+01 5.365626635102687914e+01 3.687623380384950167e+01 5.365626635092730368e+01 4.545114361795308611e+01 5.545651939365409078e+01 6.374598251557402051e+01 7.529992982801334733e+01 7.621933775658685306e+01 6.797826647879381312e+01 5.742868760701599484e+01 6.002070939516105597e+01 7.997036154768910876e+01 9.500519780906145684e+01 8.669730790100676643e+01 8.669730790100675222e+01 7.417473462012063123e+01 8.003726258141763594e+01 8.339273350797132878e+01 6.339636305593307242e+01 5.310614586276253135e+01 6.339636305593307242e+01 8.339273350797132878e+01 9.509931036750812439e+01 8.922797860937134828e+01 9.202462588730665516e+01 8.386996153176339419e+01 8.152405454127297446e+01 7.339264586539110269e+01 8.152405453479732955e+01 7.538699680390904234e+01 6.662745253955473856e+01
8.338298177320474514e-02 2.008338298177284997e+01 2.907858333672839635e+01 2.907858333202029399e+01 2.579925990422387372e+01 3.734626528801679513e+01 5.734626530906771080e+01 5.688959747773905917e+01 6.523277638203809659e+01 6.546189516935424990e+01 7.375176215181974726e+01 7.628523728916614743e+01 7.074347444122807360e+01 6.462970462265107585e+01 4.799478084650434795e+01 4.587455868489291788e+01 6.586382722832384218e+01 7.856412593871371541e+01 8.679211002454518109e+01 8.572654289489911150e+01 9.394321870569169164e+01 9.419065709537234454e+01 1.000666339937371561e+02 9.169653514402925509e+01 7.941129367315444654e+01 5.942669721364040214e+01 7.941129367315444654e+01 9.169653514402925509e+01 9.348565167632047235e+01 9.077825431779054099e+01 8.063596982421081805e+01 6.412822967018543352e+01 7.166003999988222972e+01 5.362440829366460093e+01 7.166003993731000321e+01 6.340421766677329884e+01 4.603530221745889861e+01
1.813270376062421294e-02 4.490268658760184550e+00 9.078583336171380580e+00 1.510881022772670690e+01 3.510881023412460422e+01 5.408353264541459993e+01 6.563053905972763857e+01 6.855258165051304786e+01 6.029499016882956397e+01 6.029499016882956397e+01 6.614080770177915269e+01 5.619006134005018538e+01 5.033453311480467818e+01 5.624162236706875007e+01 3.642833474478080547e+01 5.644079566964447281e+01 6.226297226485740310e+01 5.859937157889203974e+01 6.944319489642340670e+01 6.578359594468140870e+01 7.739323389843167433e+01 8.562400102332222218e+01 9.711670376252519077e+01 9.355948109731740203e+01 7.355092255906963317e+01 7.355092255906963317e+01 8.771159588631223869e+01 8.816746868863643272e+01 7.370720994293198203e+01 7.370720994293198203e+01 6.275648873969164754e+01 5.263807418540237393e+01 5.992794864235726493e+01 4.365491451839380233e+01 6.350852707951602127e+01 5.473856900789941449e+01 3.446376536733004770e+01
2.351309638313057310e-02 2.002351309638277499e+01 2.907858332490734554e+01 2.540851495443971331e+01 3.510881023137121559e+01 5.510881030714440243e+01 6.647157288067796799e+01 6.029499016882956397e+01 4.029290051108683457e+01 4.029290051108683457e+01 4.615137693393837992e+01 5.619000789806512586e+01 3.611915434169830519e+01 4.457491909244289729e+01 3.142298899485932751e+01 5.029599238782750348e+01 4.225576657360058164e+01 5.680072155338481110e+01 4.945368938544081772e+01 6.586236471999357889e+01 5.742118262594692624e+01 6.896544628599130533e+01 8.890580587472501861e+01 1.018722692135549011e+02 9.355948109731740203e+01 9.355948109731740203e+01 9.395148508870028081e+01 7.420397914939688633e+01 6.012663635409536766e+01 5.379930983309334636e+01 4.863942598492216973e+01 4.393464096509440253e+01 4.002272484974863431e+01 3.660304345541626958e+01 5.217629111189837232e+01 4.923101167814631651e+01 4.377589450106000157e+01
2.372884694381488524e-02 1.416586447067621357e+01 3.416586449086873500e+01 4.540851483759415430e+01 5.369277030216130697e+01 6.060112691368863125e+01 4.648244668891823039e+01 5.233714217542811298e+01 4.615137594736130922e+01 2.615187051189110790e+01 3.720739464682623776e+01 3.904645340817607035e+01 4.130844312342242830e+01 2.457363350592182272e+01 2.739054725343127217e+01 3.027170348871798211e+01 3.328870519103899284e+01 3.677952088585864487e+01 4.126599463762917708e+01 4.586578219129668810e+01 5.481857036189661159e+01 6.481912428792011838e+01 7.894601806298068425e+01 9.884686024999021470e+01 1.036989278597043125e+02 1.064138196443999362e+02 8.670913856488317606e+01 7.272794530363370313e+01 7.998788972749726156e+01 7.370720994293198203e+01 5.550868459191546123e+01 6.387814527753307203e+01 5.992770482182728387e+01 5.217495741261569719e+01 3.230361007747296043e+01 2.936628265806397664e+01 2.704002123147273551e+01
6.296921807001566729e-02 1.454045873767983998e+01 3.476226449300539656e+01 3.330461138629264184e+01 4.165547586652263590e+01 4.199662936244113354e+01 3.233820581907463776e+01 3.233820584384652363e+01 4.300134149406530071e+01 3.472708926415043607e+01 1.723230279787767572e+01 1.906853334224027208e+01 2.132371301918649209e+01 4.130872116300548669e+01 4.740545440707495572e+01 4.443269842576988538e+01 4.225580564684709373e+01 5.680072155338481110e+01 4.945368938544081772e+01 6.586236471999340836e+01 5.852291179991583903e+01 7.849179600238565513e+01 9.299322046361777439e+01 9.772292789312921002e+01 8.340761829525126814e+01 9.772292789312921002e+01 1.006583054921530334e+02 9.248050603195535757e+01 9.591710346120395059e+01 7.567353084723745837e+01 6.720224696426058131e+01 7.167175596014186567e+01 5.513420629319702471e+01 4.399701443986344884e+01 3.511875061257316588e+01 4.923101167797020139e+01 4.111304185164424752e+01
8.175220331382776484e-02 2.008175173794620960e+01 2.270063939221216032e+01 1.584315727648820094e+01 3.256528612549065116e+01 2.200695049959483640e+01 2.924723782162989849e+01 1.821237434165625046e+01 3.232514096583550867e+01 1.475532965102978622e+01 3.472978564320651884e+01 3.904651527253176369e+01 2.369887671787760652e+01 4.365296143408525609e+01 5.665299564498648266e+01 6.432099164666512081e+01 5.641758629418119853e+01 6.228291204280017723e+01 6.100688507023130569e+01 7.768525291914725983e+01 7.265614437880162768e+01 8.672066901758739732e+01 1.003793565816594224e+02 8.935080526752405206e+01 6.892066937904051827e+01 7.755546081272750314e+01 8.596445509325425860e+01 9.682352398787155323e+01 8.844756348211069508e+01 9.494349647959884919e+01 8.681364577024957896e+01 8.020702945299365183e+01 7.070657913465882416e+01 5.953930020666870604e+01 3.981634554395194669e+01 5.953930556811076258e+01 6.089324781251742280e+01
7.631710034972485901e-02 1.386560664503120099e+00 2.699624992939819279e+00 1.792531249221230283e+01 2.539240635603845675e+01 7.874007211385841920e+00 9.263019051199306020e+00 1.066202710539416820e+01 1.234795032878518128e+01 3.232514362908644046e+01 2.887308395788839732e+01 4.887049293363736524e+01 4.370219433023935807e+01 2.853550824318532619e+01 4.854829427055899771e+01 6.206921193989342811e+01 7.643126852134554383e+01 8.230307568123200213e+01 8.096740843319095404e+01 8.919162467806395966e+01 9.258030529732653235e+01 9.439111841896695410e+01 8.005527729432519379e+01 8.752528020289373956e+01 7.755546081272750314e+01 5.708733807726043352e+01 7.755546081272750314e+01 8.506799330841164419e+01 6.802847216756154580e+01 8.506799330841164419e+01 9.215338846375131254e+01 7.283183608282314481e+01 5.905522800385180204e+01 4.918526678525502405e+01 5.382027887968571633e+01 5.382027888270316396e+01 7.334626805433472896e+01
9.124702163186203252e-02 2.009124702163150644e+01 2.270063941275647679e+01 4.585718267752625366e+00 5.928872058177645066e+00 2.591869697100533898e+01 2.896811262604030901e+01 3.064276603386757714e+01 1.447556847939500813e+01 3.441276125275960140e+01 4.887060422092320522e+01 5.714199362623124046e+01 5.681739883184975071e+01 4.854829427055899771e+01 3.378733281803263111e+01 5.380525931322195277e+01 6.616114543433560868e+01 7.322431020036765403e+01 8.146639755693597351e+01 9.142983153109348393e+01 1.023628942025414119e+02 8.600806229621230159e+01 6.557094809503533384e+01 6.710009941508626241e+01 7.138408960577406503e+01 5.096981635603781768e+01 6.337695286298791331e+01 6.644041038326103887e+01 5.622222515147392841e+01 7.068437889281625530e+01 9.108163065041664197e+01 8.652763095590502473e+01 7.681466974446195195e+01 6.056515449631374537e+01 7.334626660143055688e+01 7.334627241147117616e+01 8.138925063389362435e+01
8.187870513261463756e-02 1.859100671295474427e+01 3.337167139189723741e+01 2.704317216498315091e+01 1.746941965767339511e+01 2.009925213021122659e+01 4.031299664361264234e+01 3.715061905567931433e+01 1.721871329529176009e+01 3.715061907061682689e+01 4.955095898595941861e+01 5.126340692723589143e+01 7.116083645823842119e+01 6.206582678824701560e+01 4.535399738991812058e+01 3.982895182108595122e+01 4.616657852251342575e+01 5.324666338957239731e+01 6.324898462329747417e+01 8.319963577743999394e+01 9.400375749535758985e+01 7.361754057109479277e+01 6.177090047459367383e+01 5.265191824502586115e+01 6.536046367004358615e+01 6.069488719037214253e+01 4.306949552843654772e+01 4.609293887712508564e+01 6.045809191175064967e+01 8.088300477161645574e+01 8.714712482298318719e+01 8.936666748561084717e+01 8.802515734872324060e+01 7.998538026570366810e+01 7.987799143247659117e+01 7.160322290691314606e+01 6.493784562816303207e+01
2.239863785106879432e-02 2.002239863785071350e+01 3.967652962826744556e+01 4.586137703244087049e+01 3.749808697382377431e+01 4.051364276700956424e+01 4.917127365266822636e+01 4.539665811050441846e+01 2.873232743632312491e+01 2.137558303657738890e+01 3.134959941692511975e+01 5.126340692723551484e+01 6.567058811292575626e+01 7.359028084271008652e+01 6.534859398229869498e+01 4.878911496483182475e+01 5.139326264490925666e+01 7.137445498172507996e+01 8.146639755662627636e+01 9.142983153617706193e+01 1.006387492543944830e+02 9.062765272372408276e+01 8.150234642548026898e+01 6.536046367004358615e+01 4.502368728179551738e+01 4.042656958548333535e+01 3.790268308951384313e+01 5.216436694025943410e+01 7.254456901370299704e+01 8.113887083816854329e+01 6.675095791097608355e+01 6.898469530709701303e+01 8.936666748561084717e+01 8.573786725592304947e+01 6.574846318176399507e+01 5.160708921125007720e+01 4.494042494413085365e+01
1.991760116496149591e-02 1.156686256627726550e+01 3.155646052145461056e+01 4.978161048085983964e+01 4.149777364505052901e+01 4.752788867185404342e+01 5.581164943686727753e+01 5.689330277780825895e+01 4.865021395650811087e+01 3.289132452561012343e+01 2.600995551566168018e+01 3.753062462553552336e+01 5.742786552460619021e+01 6.914829332755419955e+01 7.702439533541178207e+01 6.034239440213141847e+01 7.137445498172661473e+01 6.771694608516276048e+01 8.764850330112541599e+01 9.479200541185494444e+01 8.064070948005112882e+01 9.479200541185494444e+01 8.722178404929064754e+01 7.379174516026679953e+01 6.536046367004358615e+01 5.443994858131217995e+01 3.425376900844081263e+01 5.443994858131217995e+01 6.920640826963928305e+01 6.311144748695588191e+01 5.233173595315082594e+01 6.675095791097608355e+01 8.714712482298318719e+01 8.573786725623958205e+01 6.574846318176402349e+01 6.493784562816303207e+01 6.493784562816303207e+01
1.766589122093755945e-02 2.001766589122058093e+01 2.967442620489543970e+01 3.393858218301777896e+01 2.149803292378917163e+01 2.752825968526284228e+01 4.752788867185404342e+01 6.650157218017025684e+01 6.104440662385785998e+01 5.280185098054276693e+01 4.011272501428567949e+01 3.108110496519273269e+01 4.105938284229649327e+01 5.511149029657315879e+01 7.497837849011779099e+01 8.029954244593787394e+01 8.853327355709886604e+01 8.764850330112541599e+01 9.033610468522461190e+01 8.204538559081815663e+01 6.652524198351096629e+01 8.138085968639023804e+01 6.724535312860884062e+01 8.138085968639023804e+01 6.605552169432411347e+01 4.574378859306386857e+01 3.153436846063535270e+01 5.169295748077174579e+01 4.886645443691976709e+01 4.281115794492899340e+01 6.311144748695588191e+01 7.452589270335931815e+01 8.301477166289326703e+01 9.400755028786993250e+01 8.573786725623958205e+01 8.492595612285801110e+01 7.832643140127539994e+01
6.490672536223988931e-02 2.006490669851592656e+01 9.674729171650534809e+00 1.393874349871226137e+01 2.548574491592392732e+01 4.548537262392385827e+01 3.821869506689722584e+01 4.976557560977163064e+01 6.976405778374095235e+01 6.825226725225921598e+01 5.490269283660271071e+01 3.500169961967078791e+01 5.490269283660271071e+01 6.780601347796728362e+01 7.483725518058766113e+01 7.483725518058766113e+01 9.481707267862813637e+01 9.618094427302366967e+01 7.619024547292785599e+01 6.207592107447775476e+01 5.760177677693430098e+01 7.244921625756754224e+01 5.313652320283431152e+01 7.244921625756754224e+01 6.338846047559886188e+01 4.310516551627276982e+01 2.891025790441455712e+01 4.768253071768869944e+01 3.462507755328842052e+01 5.482388898550195222e+01 5.744639636693053575e+01 5.360786715936669111e+01 7.081198296747122356e+01 7.931826596064256307e+01 8.967885577192971880e+01 8.252032689771256457e+01 7.252660208508886797e+01
