MOVIE_S12_data/elevation_000964.asc
nrows	50
cellsize	150.0
xllcorner	0
ncols	50
yllcorner	0
NODATA_value	-9999
[rows 17 to 33 of 50, columns 0 to 36 of 50]
5.436832538903087209e-02 8.998640235388110753e+00 2.314077585911881130e+01 4.314077585911951473e+01 3.896100260206146260e+01 4.111920389450863667e+01 3.005989800017464830e+01 5.006637030901582364e+01 4.891008660298088273e+01 3.784892225577645775e+01 5.785875653744355418e+01 6.548816432366054130e+01 7.138147072802128434e+01 5.720214210473812244e+01 7.138147072802128434e+01 8.946092390515225645e+01 8.680587301811380030e+01 7.842021584092454134e+01 8.240585618989874206e+01 6.824025773905410119e+01 7.501614434716009328e+01 5.501526660725153306e+01 4.086784516632095432e+01 6.087339988154919723e+01 5.887633815699913242e+01 5.059379350791682839e+01 3.467199499722100597e+01 4.044758194853317690e+01 4.677544708166747256e+01 5.572334714636721742e+01 6.986525656390951156e+01 8.985292119712529768e+01 8.903752271463392276e+01 6.920862167299983980e+01 4.922059729848243848e+01 5.223674538567419745e+01 6.590565315777874389e+01
9.647730019007895452e-02 2.009647730018972211e+01 3.728291148135978972e+01 4.993081401929634211e+01 5.897544261548380007e+01 5.714096005496911346e+01 3.713099852106355314e+01 5.714096005496911346e+01 6.616720377746014492e+01 5.199308828745229505e+01 5.049919016156317753e+01 6.464959631290417974e+01 8.470196196767668084e+01 7.723437718508320415e+01 8.154082419060009101e+01 7.317540537469302819e+01 7.520538546502739052e+01 5.839060764997392994e+01 7.520538950849372384e+01 8.827631967753782760e+01 7.501618340583046063e+01 5.501526713608511443e+01 4.981612698034547293e+01 6.915473366955093582e+01 7.237114705690693484e+01 5.805900465285641587e+01 3.805351621881496271e+01 5.805228023828914985e+01 6.677590243896960942e+01 7.505393299400969909e+01 8.399385139793153598e+01 9.424096147137304058e+01 8.482088023490271667e+01 6.482318153583949538e+01 5.069102700860789668e+01 4.070954945522823465e+01 4.592304014978718385e+01
9.953738903938927352e-02 1.009953738903930187e+01 2.164654277283161221e+01 4.164654277283089812e+01 5.148713575101049855e+01 5.977115009144971225e+01 5.714096005496911346e+01 5.127529656545668502e+01 7.130192440366664641e+01 7.201973237895366253e+01 7.052279823435479500e+01 7.884289306081882387e+01 7.888906847623984220e+01 7.298280948554223357e+01 7.317540524110259526e+01 5.324865235523334661e+01 5.908506321083009283e+01 4.704374089683484783e+01 6.685611616011640024e+01 8.680587301811380030e+01 8.329420020301660088e+01 7.501618340583046063e+01 6.136641972531357681e+01 7.809836151413557559e+01 6.409030908885750932e+01 4.408673527823563632e+01 5.805900465285641587e+01 4.748617883808704931e+01 6.163158916606879956e+01 8.162596189446520611e+01 8.837897872497219964e+01 7.425364038991126847e+01 8.159986968286924025e+01 7.896373458988641403e+01 6.896782296327322115e+01 5.436868615850274722e+01 3.439512551909760418e+01
3.582433992925927735e-02 2.003582433992890444e+01 2.939141402547418380e+01 3.515869785656952473e+01 3.148896518195786598e+01 5.100131130914124356e+01 6.254729962603046545e+01 7.130192440366664641e+01 7.962279116980472793e+01 7.248496539803721816e+01 6.417810172615037345e+01 7.248496533806140008e+01 5.888180731993735861e+01 5.304098106422691927e+01 6.111534806070331172e+01 5.283240361813741259e+01 3.931241754702787006e+01 5.908506322892901608e+01 5.839060764997392994e+01 7.249043638283654900e+01 9.273596983052173925e+01 8.964169382961303256e+01 8.136525381552920066e+01 8.022301456499879180e+01 6.022800486576870327e+01 4.867772839656767303e+01 6.867889033269908339e+01 6.163159569673081961e+01 6.163159569673081961e+01 8.162642426091007053e+01 8.010779119691856920e+01 6.011942975238294906e+01 6.161161807238571697e+01 7.307685055876657998e+01 6.465399539691401287e+01 4.467225692174255158e+01 3.054498666536121476e+01
8.338298177320474514e-02 4.671697659328923002e+00 9.385742871719193303e+00 1.515924579595595567e+01 2.271854110880595812e+01 3.426551967351582562e+01 5.426347667922805584e+01 6.035119081067127667e+01 6.865843706187507678e+01 6.246631613593248034e+01 4.414794656524553318e+01 6.246631613584555964e+01 5.888180401072707326e+01 3.906484718895580954e+01 4.744048104203183414e+01 3.302121734522823004e+01 4.445459141438241346e+01 6.427674411747084093e+01 7.842021584092454134e+01 8.680587301811380030e+01 8.925452515425214983e+01 8.925452515425214983e+01 9.758554018705851263e+01 8.850162905026559201e+01 7.402354983992154303e+01 5.402566511493119350e+01 7.402354983992154303e+01 8.162642426091007053e+01 8.162642426091007053e+01 8.990512247371627552e+01 8.159986968286924025e+01 6.161161807238571697e+01 4.747692352260072113e+01 5.308807655458237207e+01 6.721900736769292450e+01 5.880312958515177257e+01 4.544979658512517062e+01
1.813270376062421294e-02 1.992211683676657685e+01 2.933009454530986204e+01 2.572548917168970206e+01 4.271765081873753900e+01 5.100131130914124356e+01 5.709128426260343758e+01 4.032481492685347746e+01 5.709128426260343758e+01 5.416302414547176625e+01 3.414668652005482130e+01 4.415485533266478768e+01 4.089773075981299399e+01 4.287853898815513531e+01 2.758442214027450490e+01 4.744048104590662973e+01 6.111535156213736286e+01 7.260992730963690178e+01 8.832993583592549669e+01 8.337498148237577311e+01 6.916442277769314728e+01 6.916442277769314728e+01 8.925452515425214983e+01 9.401323328408237501e+01 7.402354983992154303e+01 6.158654870906008938e+01 7.402354983992154303e+01 9.401323328408237501e+01 9.152060848841276197e+01 8.326778584617146350e+01 7.572484789562122387e+01 7.574092422160248361e+01 5.894265291280260044e+01 3.893869791509131773e+01 5.187075121383542609e+01 4.894966917540590856e+01 4.640655007035793744e+01
2.351309638313057310e-02 2.002351309638277499e+01 3.819143381762891210e+01 4.581991125127417064e+01 5.429717998087929232e+01 5.901831018589367517e+01 4.878895730325641011e+01 2.877753514356469111e+01 4.878895730324173030e+01 4.787135866849176580e+01 4.415485533266159734e+01 2.414886975518271939e+01 2.089359977360258469e+01 2.287280139402569645e+01 2.539121039538618874e+01 4.539939407831474938e+01 5.736110247432460341e+01 5.993951898856759186e+01 7.413540825191554973e+01 6.649859459667037243e+01 5.499695566212746911e+01 6.656010444425322703e+01 8.075231048927645361e+01 1.008687663750373389e+02 8.985898332902554841e+01 7.158545628617768841e+01 8.985898332902554841e+01 9.736443639737611022e+01 7.742876200382839613e+01 6.331104787422065527e+01 5.576254096603235411e+01 6.631452616359379704e+01 6.136106217465737700e+01 5.158847559929569826e+01 3.184814286145397588e+01 2.892512992479871414e+01 2.638247346741731647e+01
2.372884694381488524e-02 1.002384706633411149e+01 2.417126154346954792e+01 4.421469404940370396e+01 5.694453473578285951e+01 3.893961413473476085e+01 3.893688796678662811e+01 2.170856571272309665e+01 3.228376452879257386e+01 2.785795034887279087e+01 3.553056312772895353e+01 1.812142043717824436e+01 3.226049995858541308e+01 4.287859999253965526e+01 4.539939407831474938e+01 2.904129240177725535e+01 4.905300646662936970e+01 4.578358742015722527e+01 5.892688852190851634e+01 4.646574351107705070e+01 6.649859459667037243e+01 7.642636763503739417e+01 8.401454583519102925e+01 9.234651381661247171e+01 9.985310712840021097e+01 9.157571445318203018e+01 9.985310712840021097e+01 1.031966346292368115e+02 8.326778584617146350e+01 7.629542206703416696e+01 5.633363026015382502e+01 4.634259828492784550e+01 4.148535742089978129e+01 3.720946283455175774e+01 3.710921174632562725e+01 4.894966917540590856e+01 4.054694331214993497e+01
6.296921807001566729e-02 2.006296921806966083e+01 3.720123070120333608e+01 4.850304417903004151e+01 3.698523393952122973e+01 3.697496480538362817e+01 1.892629626377503271e+01 3.030818255866783772e+01 1.228304922180713277e+01 1.371889733473940076e+01 1.552938927299748428e+01 3.553056312773191650e+01 4.642491899719896509e+01 6.058933803366959125e+01 5.724637775471451562e+01 4.058264600056814686e+01 3.292560838376410004e+01 3.578242417168788592e+01 3.890576514976790179e+01 4.337802047502452751e+01 4.970347016764819870e+01 5.637244601324917426e+01 6.393811341354273736e+01 7.812297468300602077e+01 9.823805681448227745e+01 9.687065990154381723e+01 8.852570629330983820e+01 9.687065990154381723e+01 9.623401644880863159e+01 7.629542206703416696e+01 6.625066013097000450e+01 5.775013022335456014e+01 5.135926521102822306e+01 5.729271016614733014e+01 4.315157476223819799e+01 6.312976678216699611e+01 6.055289243943441591e+01
8.175220331382776484e-02 9.025977751349049782e+00 2.057101388378884366e+01 4.044220900488758730e+01 3.525054121625647952e+01 1.699846679171091068e+01 8.927502336322634235e+00 1.030762952571693347e+01 3.030823953858655884e+01 3.371952321834056221e+01 1.700350370232081687e+01 3.675844209831350895e+01 4.871728096008810383e+01 6.305115126076989185e+01 6.855847982069704472e+01 6.042032785582672716e+01 4.447396765075085057e+01 4.733166318880883949e+01 4.785128514403742628e+01 6.340507387161009234e+01 5.338121790518896148e+01 6.754605221928292735e+01 8.401454583519102925e+01 9.234651381661247171e+01 9.842613253067293044e+01 8.683124211112581747e+01 6.847489830646583187e+01 8.062491758751225746e+01 8.895894414688105201e+01 9.395399834401320049e+01 8.516990582585860636e+01 7.733678554624384560e+01 6.288945373252421689e+01 6.978361737605385429e+01 4.982206559439339344e+01 6.978361737605385429e+01 6.628996144637125099e+01
7.631710034972485901e-02 1.991906135119749166e+01 2.260598486778610550e+01 2.388648760207970767e+01 2.516451935799753414e+01 6.998532653225195688e+00 2.700213066210756097e+01 2.708164186548646057e+01 3.815405688022755726e+01 3.675839251693746945e+01 3.675844209831350895e+01 2.023516361062818092e+01 3.438341066075648200e+01 5.263923687792885175e+01 6.433607744533102846e+01 7.282411131572105489e+01 6.450586634513294371e+01 6.148998621254133212e+01 6.200866659036960726e+01 6.788724000658777413e+01 6.339143524679971620e+01 8.175404443090161521e+01 9.596203664252026044e+01 9.926029926664222103e+01 9.007837151715733626e+01 7.002456737929740882e+01 5.846146395075149371e+01 6.058333296497599463e+01 7.635282888259561673e+01 7.635282888259561673e+01 8.468255473122020760e+01 9.100111224270968080e+01 8.279322048414100266e+01 7.802891973519498947e+01 5.981257442495608956e+01 7.802891973519498947e+01 6.750385639656691694e+01
9.124702163186203252e-02 1.351128598329284891e+00 2.613517404524893895e+00 3.883518674526801551e+00 5.161271804526686324e+00 2.516451629291742975e+01 1.433445555974232910e+01 3.440641298824315442e+01 5.023105318035266720e+01 5.700330280188257603e+01 4.871687246338117916e+01 3.013833223089452318e+01 2.381577193424075745e+01 3.568377158630854495e+01 5.601988159796344746e+01 7.180177538373978052e+01 8.011163103143599074e+01 8.155957932320875159e+01 8.207937167542755219e+01 8.796895326691806360e+01 7.757618486071724817e+01 9.179688887112004636e+01 9.340595519005327674e+01 7.919600018326234192e+01 9.340595519005327674e+01 8.062491758751225746e+01 6.058333296497599463e+01 4.902566947772193373e+01 5.631546892596266218e+01 5.631546892596266218e+01 7.635282888259561673e+01 8.757074483573005352e+01 8.979055393503364257e+01 8.799176980654659985e+01 7.975466032715161191e+01 8.799176980654659985e+01 7.578516643809405195e+01
8.187870513261463756e-02 2.008187870210568704e+01 2.261659534139466032e+01 2.388654035838495915e+01 1.516128364698352193e+01 3.343713163319949899e+01 2.859087160670575400e+01 2.301307121153904589e+01 3.740720139889669582e+01 5.745992375753974812e+01 5.054310133646034586e+01 5.054310133646034586e+01 4.427885812894520257e+01 2.792437515899362310e+01 4.847341256712594060e+01 5.175530713619887280e+01 6.593261376303706811e+01 8.597118496819993538e+01 8.802768694899887691e+01 9.635188286451528938e+01 9.768672068127207808e+01 9.003157846314148571e+01 8.170158100621212327e+01 6.503371971849702504e+01 8.443386654997932794e+01 8.895894414688105201e+01 7.737464939100100025e+01 6.218427578018467727e+01 4.216374966733621932e+01 5.631546892596266218e+01 7.635282888259561673e+01 6.727358383419152688e+01 6.949399707315797059e+01 8.979055393503364257e+01 9.607954931619249805e+01 8.461255094651967568e+01 7.638130467037808558e+01
2.239863785106879432e-02 1.416453426158155260e+01 3.416453424713662912e+01 4.342287835550900610e+01 3.515762372475004582e+01 4.342287948158577393e+01 4.865297547723476157e+01 3.479334294864019483e+01 3.740720139889669582e+01 5.745992375753974812e+01 7.068940043043632215e+01 5.973176835672614260e+01 3.955231143513275782e+01 3.102517422679861525e+01 3.893516542927623902e+01 5.912327564284508696e+01 6.752855323572025270e+01 7.385857963858353514e+01 6.798954322388975413e+01 8.802768694899887691e+01 9.588659724187682798e+01 7.582595489891720320e+01 6.166449219093560430e+01 5.608012762002535112e+01 7.611099409946884009e+01 7.964476271668127083e+01 7.455739135437312370e+01 5.833132373332768594e+01 3.831449936493962127e+01 5.833132373331563514e+01 6.309479866107892576e+01 5.297111266945092467e+01 6.727358383419152688e+01 8.757074483573005352e+01 8.784232643889920666e+01 6.799125442916778184e+01 5.649600353050051638e+01
1.991760116496149591e-02 2.001991760116460739e+01 3.090989269169354969e+01 3.723444801174377972e+01 4.551871925730290513e+01 5.446299116627653092e+01 6.313175721656878636e+01 5.487419058476426414e+01 5.745992375753974812e+01 6.571809467556360573e+01 7.390716758599141656e+01 5.386012574391140362e+01 5.863454989259957983e+01 3.843671902972467791e+01 3.710666704498758151e+01 4.226216076365433594e+01 4.749321968313590503e+01 5.384127855653287753e+01 6.539265098832014189e+01 8.542325324146987953e+01 9.286069486986627908e+01 8.452681026718587987e+01 6.902901333914040549e+01 4.900459429735749950e+01 6.902901333914040549e+01 5.960793176202919597e+01 6.623840342510736434e+01 4.621306400667936742e+01 3.466293261498761780e+01 5.467676831489329459e+01 4.292939786392096124e+01 6.227120773093730577e+01 7.087282422837046170e+01 8.491735100746976173e+01 8.786080628662786296e+01 7.651074834235339495e+01 6.489976206903004652e+01
1.766589122093755945e-02 5.362890729469402373e+00 1.090989269172164455e+01 1.723444801205829080e+01 2.617871992205729015e+01 4.032085554578774378e+01 6.032085554576894992e+01 6.347179104015350504e+01 6.565689322250764803e+01 7.393416753818846132e+01 8.222018078955586873e+01 7.390716758599141656e+01 6.694276343271644691e+01 4.754695613309031899e+01 4.730175351248340121e+01 5.365245168489362726e+01 6.752855323572025270e+01 6.752855323572026691e+01 8.217071304420240097e+01 9.374586363731167182e+01 8.452681026718587987e+01 6.448565073230689393e+01 6.402290857869463991e+01 4.400311353292634919e+01 5.734964356343858327e+01 4.545522607406972071e+01 6.222290173111658618e+01 5.129381264113428074e+01 3.128229345697880959e+01 5.042477657002724101e+01 3.689615311863152414e+01 4.446409533736269992e+01 5.463409456478073167e+01 7.629930204703610741e+01 7.970663044459274715e+01 5.987849870274287412e+01 4.837188704196925926e+01
6.490672536223988931e-02 2.006490672536188313e+01 3.090989269169354969e+01 3.723444801205518928e+01 4.551871925730290513e+01 5.446299116627653092e+01 5.762408486038285815e+01 4.349959993462798735e+01 4.568427566458012734e+01 6.450280758891680932e+01 6.621200374733096794e+01 8.619085370399909607e+01 7.591066759442752243e+01 5.913902239549002360e+01 5.889673063785388507e+01 7.370481796956916298e+01 8.201781920816826243e+01 8.757049398943026119e+01 8.559576020666017371e+01 8.776030428198679090e+01 8.452681026718587987e+01 6.448565073230689393e+01 5.032993526933449147e+01 4.366087959036410382e+01 3.733550708552929365e+01 3.390545061962864537e+01 4.938546787645142189e+01 4.640299976535733606e+01 2.799430848869769761e+01 3.040676458600673371e+01 4.192390395232228428e+01 6.099712864628013165e+01 7.334760714916272661e+01 8.527749147025197374e+01 8.002096512028748521e+01 6.073256888339412285e+01 4.925751103829615829e+01
