MOVIE_S12_data/elevation_000970.asc
nrows	50
cellsize	150.0
xllcorner	0
ncols	50
yllcorner	0
NODATA_value	-9999
[rows 0 to 16 of 50, columns 0 to 36 of 50]
8.271705653423140625e-02 2.127631151761726416e-02 9.425194436011796739e-02 4.939197167322698090e-02 3.975871534419905817e-02 6.171646774684565184e-02 1.696294146011132625e-02 1.936121709489252440e-02 4.216450047424835645e-02 2.297044857093000214e-02 6.704298068806634203e-02 4.162315340452049650e-02 3.835349583220235004e-02 2.777463300387698203e-02 2.207885817162396139e-02 7.161913568127860341e-02 9.025521335945362045e-02 3.502399586135773735e-02 8.040414306008919487e-02 3.131346976591601466e-02 7.604099264847130613e-02 2.387740603804927586e-02 5.687112022313325910e-02 4.074439634684711570e-02 8.709178300582484655e-02 7.612946965408906586e-02 1.077918208624280109e-02 9.929772718869623455e-03 4.600412614040166881e-02 2.152795518990661267e-02 2.378824418737431057e-02 9.511189423522797837e-02 9.406546861214974686e-02 1.749038473908382007e-03 2.223905489293687143e-03 6.269637160239108220e-02 9.476101746191394060e-02
7.639902522890137937e-02 2.002127631151726206e+01 2.009425194435976181e+01 2.004939197167287190e+01 8.204724524621388682e+00 2.006171646774648920e+01 5.563964903712378174e+00 2.001936121709453786e+01 2.004216450047389131e+01 4.611285125982185207e+00 2.006704298068770953e+01 8.985895063403599892e+00 2.003835349583184566e+01 1.416991025673495308e+01 2.002207885817126964e+01 2.266904335475081300e+00 2.009025521335909659e+01 1.417715961959243387e+01 2.008040414305973442e+01 7.590602929950493127e+00 2.007604099264811737e+01 1.994564046995534667e+01 2.005687112021531604e+01 1.365276753411892141e+00 2.008709164509689415e+01 2.007612077013889973e+01 1.415291480582051520e+01 1.415206539644994521e+01 7.117071938005907761e+00 2.002152795518955131e+01 1.416592386791819891e+01 2.009511189423487210e+01 2.156907961144203245e+00 1.841198581564616887e+01 2.000222390548893969e+01 1.420483199533346585e+01 2.009476101746155763e+01
7.813061968023242432e-02 2.007813061967987878e+01 3.983307226065329587e+01 3.648899577208228351e+01 1.820472452462121282e+01 3.133746759560904138e+01 1.133746759560868611e+01 3.133746759560833084e+01 2.932533033389290011e+01 9.325330333892543067e+00 2.932533033389290011e+01 2.053290044719591023e+01 3.727016631086449650e+01 3.416991025673565474e+01 2.447553485697164533e+01 4.475534856972002373e+00 2.447553485697164533e+01 3.417715961959314086e+01 3.587487417743444951e+01 1.759060292995066987e+01 3.587487417743444951e+01 3.637062782903118574e+01 1.679880644642209475e+01 2.692723376611838582e+00 2.269287461958542451e+01 3.289309572643424673e+01 3.415291483796689676e+01 3.415206539645065220e+01 1.467636139819051877e+01 3.467636149158781933e+01 3.416592386788098423e+01 2.435203143020665451e+01 4.230811351022245148e+00 2.100981078111302125e+01 3.544382002616397642e+01 3.420483199533416752e+01 3.382658202187563745e+01
1.795629399984677299e-03 1.154880101319239927e+01 3.154880101319204400e+01 4.648899577208210587e+01 3.234686014835166645e+01 3.800413426227617464e+01 1.800413426227547120e+01 3.800413426227476066e+01 3.448930812883651242e+01 1.448930812883581076e+01 3.448930812883651242e+01 4.053290044719519614e+01 4.881717169465680684e+01 3.543862230881003939e+01 1.485900318564434386e+01 6.733324931435881844e+00 2.680955381327847320e+01 3.920354957972573828e+01 4.587487417744593898e+01 3.759060292995137331e+01 4.587487417750678276e+01 3.693370127751241938e+01 1.685967320976840966e+01 2.269284425113275461e+01 4.608375947053978017e+00 1.875049068763448545e+01 3.875081869211968666e+01 4.296064719123488373e+01 2.622336678198403703e+01 4.296064719123488373e+01 4.113250116596972106e+01 2.084189409626558032e+01 6.638530002191073365e+00 1.041031429914481166e+01 3.044760850790134654e+01 4.530001585852286894e+01 4.211085430506650340e+01
2.526786264046545702e-02 7.584557322825042469e+00 2.172669294655624483e+01 4.172669294655695182e+01 5.234686014835095591e+01 4.628840550973837509e+01 2.800413426227564884e+01 4.628840550973837509e+01 4.115597479550329751e+01 2.115597479550259408e+01 3.081923974739062189e+01 5.081923974739132888e+01 4.618591325086656951e+01 2.620784264996048307e+01 1.218630004573713421e+01 2.680955381327847320e+01 1.092369085880747548e+01 3.093824007181157043e+01 4.350377810196576434e+01 5.501617781121274930e+01 5.935729410402711181e+01 4.525205948512781617e+01 3.693082118412808512e+01 2.597554140923532984e+01 5.975547801102895740e+00 2.597554443819930370e+01 4.305920035766590104e+01 5.110684153472952573e+01 4.622336720482894634e+01 5.450767417372239976e+01 4.365114708084715289e+01 2.332222033685776807e+01 9.100378841350076797e+00 2.927598745404429081e+01 1.708811833448917383e+01 3.703857216002811015e+01 5.267844428390422706e+01
8.483503398980346555e-02 2.008483503398944947e+01 2.172669294655624128e+01 3.586882857028768967e+01 5.586882857028839311e+01 5.628840550973855272e+01 4.800413426227635227e+01 5.628840550973855272e+01 4.944024604296549796e+01 3.010024670550190962e+01 4.944024604296549796e+01 5.910351099485352222e+01 5.027092636312497831e+01 3.025853092739740902e+01 1.622653512310860791e+01 3.612002584223505863e+01 3.093824007181162372e+01 1.530529400867946777e+01 2.681667156450825473e+01 4.673884660175805550e+01 5.105104918457693230e+01 3.160482418176218289e+01 2.190241190776938041e+01 1.441331900983330705e+01 7.352404582744466843e+00 2.735323005174478084e+01 2.455199627787238370e+01 3.589536401685577971e+01 5.556897278168927556e+01 5.804519209804949043e+01 3.761724080938989090e+01 2.324836495319083696e+01 1.164049796435602957e+01 3.185016804878546637e+01 3.703857216002811015e+01 2.462646618865773718e+01 3.863086843311084806e+01
4.163169627051844027e-03 1.414629879335812745e+01 3.414629879335883089e+01 5.001096419401914517e+01 5.163388380815312928e+01 5.340311124440113844e+01 6.168740291619267424e+01 6.740311417883862077e+01 5.838451795296481350e+01 4.424238232923335801e+01 5.838451795296481350e+01 5.821274927045089242e+01 4.260563787773887157e+01 2.261563905453888879e+01 3.612002584273540151e+01 4.028976541702937197e+01 2.039611628594363069e+01 3.523677343614326674e+01 2.681667156450825473e+01 4.673884661747729297e+01 5.935729410402711181e+01 4.954531426567247365e+01 4.126554445939891735e+01 2.356156179074414325e+01 2.735389214140752756e+01 9.367575470179538399e+00 1.850216380750607215e+01 3.011070652564085748e+01 5.028413573549087801e+01 5.919508568344395627e+01 3.874327284829342943e+01 2.434754849299286761e+01 1.429005175068121680e+01 3.454050948502401042e+01 4.744750399460463086e+01 4.444361114400441437e+01 3.391800272024409679e+01
2.434392073152260791e-02 1.416647954446259838e+01 3.416647954446330715e+01 3.356942457803145885e+01 3.163388262697459297e+01 3.340311018902350781e+01 4.740310738477860752e+01 4.740310738477860752e+01 6.235406536937702526e+01 6.424238232923477199e+01 6.408134552051474486e+01 4.405830718572742910e+01 2.988371876790778359e+01 4.260563787773887157e+01 5.089822504708088502e+01 4.398558111621003519e+01 2.408300447188954507e+01 4.398558110981579716e+01 3.830031082727332148e+01 5.501617654314046035e+01 6.990809944438906598e+01 6.162024642703146782e+01 5.166145380200838844e+01 4.332914883829450758e+01 3.763863794432550947e+01 2.936550356125390238e+01 1.143092319842021531e+01 3.143235370135460371e+01 4.706646471543582777e+01 5.788715794401197456e+01 5.316983922970047161e+01 3.454050947647742476e+01 2.187534018415054149e+01 1.865975446756472422e+01 3.034466724287747041e+01 5.081544285251174387e+01 4.933493582194879679e+01
5.883922493566802470e-02 2.005883922493531202e+01 2.822419966484060438e+01 1.356942429762749569e+01 1.749174700039124275e+01 2.185610480511116549e+01 2.740310676736355333e+01 3.406977343403045211e+01 4.821190907060312014e+01 6.821191218873886442e+01 6.148518040857238276e+01 4.145875677708630036e+01 3.990846439930121647e+01 5.821274927045089242e+01 6.202540707559145972e+01 4.204142794178516596e+01 2.796243678102419494e+01 4.204142794178516596e+01 5.826610079326394498e+01 6.654841234052575771e+01 6.162024642703146782e+01 4.164135240462962173e+01 4.749303498318366223e+01 4.315300560515103712e+01 3.967069674636344701e+01 3.291278650665133654e+01 1.293898688760059734e+01 1.612873334505290757e+01 2.728160305432974297e+01 4.948942576610935618e+01 6.335347788439765537e+01 5.067727445853839896e+01 3.092530233978675369e+01 2.195678223741914081e+01 4.236783995421935600e+01 5.924670839004337353e+01 7.147569088845274621e+01
2.016265153036126551e-02 2.002016265153000774e+01 8.224199459378960242e+00 2.236633508439210516e+01 3.163388262697459297e+01 4.185610525128613091e+01 3.818603645850470230e+01 5.406977436015296234e+01 4.821190907060312014e+01 6.821191218873886442e+01 6.977129432175608770e+01 5.302824712607677071e+01 5.407691392243386019e+01 6.822369508470633548e+01 5.857433913783894752e+01 3.859437656183671095e+01 3.326361676358815345e+01 5.323114678695534963e+01 7.030904683717183445e+01 7.059848941018805135e+01 6.233788114345346543e+01 4.749303498318366223e+01 2.757850149636583126e+01 2.323251718037016289e+01 1.907659502102784188e+01 1.508779596525019429e+01 3.291305060897589385e+01 3.838551431200834685e+01 4.706646471543582777e+01 5.788718191825638826e+01 6.584501413440989381e+01 4.539812850024055990e+01 4.584875919275908984e+01 2.535583567516181347e+01 4.584831860222601563e+01 5.828675451307854161e+01 6.679849542866112699e+01
1.256007409845548775e-02 3.300539820205607988e+00 1.744267552762505247e+01 3.650847821590266307e+01 5.065062134741321387e+01 5.991817536764860819e+01 5.818603870007547130e+01 6.647033769754931143e+01 6.821191218873886442e+01 7.649622166815088065e+01 8.132228823464174639e+01 7.303756611057096393e+01 7.408577711859534531e+01 7.271394267318358118e+01 5.271752358692061335e+01 5.857433913783894752e+01 3.901324440493122125e+01 5.900116142217957815e+01 7.386416595508620730e+01 5.390005503882882465e+01 4.238795236736680749e+01 3.536875781798021734e+01 4.749303498318366223e+01 3.763936271101032816e+01 1.770728625378634291e+01 1.867015717170791334e+01 3.864882735483194409e+01 5.065952921199882297e+01 5.822150836705243648e+01 6.650754222032273333e+01 7.422601870397264179e+01 6.584501413440989381e+01 5.430450831747834428e+01 4.584748667303433223e+01 3.058759616093687228e+01 3.744581846074128606e+01 4.808729853102641272e+01
1.283213977233468341e-02 2.001283213977198017e+01 3.158481726958954638e+01 4.572822310592734141e+01 6.147304487222078251e+01 6.230875659116650667e+01 5.398289792333259385e+01 6.210111171642021333e+01 6.501984350240149979e+01 7.294296986340761180e+01 7.274527481077598168e+01 7.125394512962439819e+01 7.947166505063820807e+01 8.099809999604151756e+01 7.271394267318358118e+01 5.900116142217957815e+01 4.607434378173815759e+01 6.607107274951025033e+01 8.211870502709642494e+01 6.233788114345346543e+01 5.162305946947336821e+01 5.486939555836595872e+01 4.470584646477726665e+01 3.104668974402915183e+01 1.957430801234007234e+01 3.864883190755030995e+01 2.400019331602694095e+01 3.065639484766489531e+01 3.821439611371946654e+01 4.976662811883927162e+01 6.977108957206689865e+01 6.975439860754664778e+01 4.922659566834619227e+01 3.724645309252540670e+01 5.120139734299898748e+01 5.828885158675777234e+01 6.681932226431160871e+01
9.594114293757748102e-02 1.423807781023868735e+01 3.423834123095348048e+01 4.612406489294485823e+01 4.281636078024653358e+01 4.415331115506826620e+01 3.208334773416687113e+01 4.553122158504742600e+01 4.532799246843481455e+01 6.166920255071167389e+01 5.257067943136147647e+01 5.105606105348824286e+01 6.540273224864428414e+01 8.538002262321863611e+01 8.728403890151449218e+01 7.435525133196564695e+01 5.607135894519879571e+01 7.435525133196564695e+01 9.054136192119008797e+01 7.983269693250697685e+01 7.157613027115833404e+01 7.089295500695610031e+01 5.299542344257125848e+01 3.299752473492417693e+01 2.147481941283324858e+01 4.140776005457427544e+01 4.399181860654086762e+01 3.084962569791510845e+01 5.085287735832591238e+01 6.650754222032273333e+01 7.805706451589892936e+01 7.812299648984061662e+01 5.790266605472776718e+01 4.653079461212321633e+01 4.762581914721166498e+01 5.957417704094466870e+01 7.993390875268251250e+01
3.950229235330715398e-03 2.000384136476273866e+01 3.221956219058677107e+01 2.975174875108995920e+01 3.935783241731434856e+01 2.184300633727709595e+01 2.156792017042105059e+01 4.103242278207325455e+01 3.369942402318010011e+01 4.890923556818459872e+01 3.817769972422389912e+01 5.847968161029722722e+01 7.410120143958629058e+01 7.304881082503753476e+01 8.138947987650765015e+01 8.435504412617119385e+01 7.607078655382211707e+01 8.435504412617119385e+01 9.069149139986917874e+01 7.073372858473490510e+01 7.073372858473490510e+01 7.614227074655781280e+01 6.131365195182904415e+01 4.335297005317187313e+01 2.342049895160442929e+01 4.335297005317187313e+01 5.601876751032411761e+01 3.601136110145050395e+01 5.601876751032411761e+01 7.162158571206134638e+01 7.990749842917161061e+01 8.666203519718719406e+01 6.710270330964199559e+01 6.114447058632625698e+01 6.222550756492742607e+01 6.817936235878227080e+01 8.826068000563496696e+01
7.711341127313005306e-02 1.878071572041377379e+01 1.350253522621585667e+01 2.583710274609807556e+01 2.793941481304000973e+01 1.102333311764033930e+01 1.336606314279742058e+01 2.095368632710786017e+01 3.987771748186015230e+01 2.863351306991269496e+01 4.746462468364667586e+01 4.533867053931726332e+01 5.641464870840437840e+01 5.267620608279477779e+01 6.903998071016765437e+01 6.903998071016765437e+01 8.927241778231379499e+01 9.514367082142052823e+01 7.517737200617239068e+01 7.073372858473490510e+01 5.081259889377247418e+01 5.813449990732542005e+01 4.795715639306273914e+01 4.532648222090148238e+01 2.539498632011304124e+01 3.949143035282293823e+01 5.941354357796720365e+01 5.601876751032411761e+01 4.454335730059759157e+01 5.161828993541494981e+01 6.316782607597867383e+01 8.316963613243781595e+01 8.738789046966697072e+01 8.148714955804581450e+01 8.255323935050664375e+01 8.845121610364010678e+01 8.925534400501746291e+01
9.541454368626212448e-03 1.925194024811069271e+00 3.849694922114422102e+00 5.829993273444761925e+00 7.840103985484677018e+00 2.795413449292972885e+01 3.354455373717741651e+01 1.708861578834925510e+01 2.004823989350745705e+01 2.354637717205415726e+01 2.715771260669923848e+01 3.096061997676964594e+01 3.600757161960771668e+01 4.213536276085248744e+01 4.860692351163664426e+01 6.309731596179570801e+01 8.338684254232371984e+01 8.929365252325609958e+01 6.933021716573318827e+01 5.524300935530435197e+01 4.635311380412413484e+01 3.823035224461890635e+01 3.387674464186949308e+01 2.980198470951655310e+01 2.803711055626303761e+01 4.796614766673780395e+01 6.006293925616240159e+01 7.283515490547468119e+01 6.454935266718793230e+01 7.162158571206134638e+01 7.990749842917161061e+01 9.145616404514986186e+01 9.208753301964736693e+01 8.387628331142222748e+01 8.387628331142222748e+01 9.208753301964736693e+01 8.094977010180818411e+01
2.297228869525369793e-03 2.000229722886917116e+01 2.398389262116695875e+01 2.596152027700858866e+01 1.941702794279267863e+01 1.540853826268491922e+01 3.558833073051518170e+01 3.654741739187807070e+01 2.608506016741608136e+01 4.381808844679530779e+01 4.746666392563889758e+01 5.131287943620519343e+01 4.110485587552782505e+01 6.152090299688256181e+01 6.903998071016765437e+01 6.532091472524591325e+01 8.558792666281080130e+01 9.218032968160532903e+01 7.221465619522690815e+01 5.812096144692569766e+01 4.817728580697266239e+01 5.699625644758355492e+01 3.708596171075203074e+01 4.972604474495751248e+01 4.796614766673780395e+01 3.187886211248834201e+01 5.179996415354399630e+01 6.134236621366635234e+01 6.763943087011888622e+01 7.591693947401481068e+01 8.484411420066287235e+01 9.792753890606161349e+01 7.805606267575184631e+01 6.394014013559311138e+01 6.394014013559311138e+01 7.537548329851271944e+01 8.360077474481762749e+01
