MOVIE_S12_data/elevation_000179.asc
nrows	50
cellsize	150.0
xllcorner	0
ncols	50
yllcorner	0
NODATA_value	-9999
[rows 0 to 16 of 50, columns 0 to 36 of 50]
8.271705653423140625e-02 2.127631151761726416e-02 9.425194436011796739e-02 4.939197167322698090e-02 3.975871534419905817e-02 6.171646774684565184e-02 1.696294146011132625e-02 1.936121709489252440e-02 4.216450047424835645e-02 2.297044857093000214e-02 6.704298068806634203e-02 4.162315340452049650e-02 3.835349583220235004e-02 2.777463300387698203e-02 2.207885817162396139e-02 7.161913568127860341e-02 9.025521335945362045e-02 3.502399586135773735e-02 8.040414306008919487e-02 3.131346976591601466e-02 7.604099264847130613e-02 2.387740603804927586e-02 5.687112022313325910e-02 4.074439634684711570e-02 8.709178300582484655e-02 7.612946965408906586e-02 1.077918208624280109e-02 9.929772718869623455e-03 4.600412614040166881e-02 2.152795518990661267e-02 2.378824418737431057e-02 9.511189423522797837e-02 9.406546861214974686e-02 1.749038473908382007e-03 2.223905489293687143e-03 6.269637160239108220e-02 9.476101746191394060e-02
7.639902522890137937e-02 2.002127631151726206e+01 2.009425194435976181e+01 2.004939197167287190e+01 1.158676409913661409e+01 1.436874108590318855e+01 3.918822063391926402e+00 1.255003359908962501e+01 2.004216450047389131e+01 2.002297044857057529e+01 3.401496438302434200e+00 1.278577504012359078e+01 2.003835349583184566e+01 8.593338391467295168e+00 2.002207885817126964e+01 1.153467163653873229e+01 2.009024597994363148e+01 1.221805654055032830e+00 1.657169973657475737e+01 2.003131343243977014e+01 2.007604099235187434e+01 7.583166866222626368e+00 2.005687112022277674e+01 1.418288002007792237e+01 2.008709178300546938e+01 3.456746488568148479e+00 2.001077918208548212e+01 2.000992977271851458e+01 1.004600412614048821e+01 1.416366357892098193e+01 2.002378824418702052e+01 2.008778540485409181e+01 7.165133088074430390e+00 1.944320763188438939e+00 2.000222390548893969e+01 1.420483199533346585e+01 1.423689664119299003e+01
7.813061968023242432e-02 1.422026624341130763e+01 3.422026624341201284e+01 3.987103534659750892e+01 3.158676409913625704e+01 1.629581006610273164e+01 2.600121892958204128e+01 1.000123450688773374e+01 2.919093743144863495e+01 2.794947814744260839e+01 6.835076547190267249e+00 1.814734998293913293e+01 3.204289749634173745e+01 2.304457133946061376e+01 2.892101903161973908e+01 2.535189998009947487e+01 3.219254971224098938e+01 2.143937647278196579e+01 2.909103812416734325e+00 2.280300382569661011e+01 3.586742178417682680e+01 2.172530248996140756e+01 2.391309848485600043e+01 3.418288002007862758e+01 2.102885381514900942e+01 6.886718191418310653e+00 2.688671819141323027e+01 3.833027537322256961e+01 2.418813974987169146e+01 3.416366357892168537e+01 3.781368687811576734e+01 1.785539189445772124e+01 2.389193313615987790e+01 3.896120909085509343e+00 2.389922884540012760e+01 3.420483199533416752e+01 3.423689664119369525e+01
1.795629399984677299e-03 2.000179562939963063e+01 2.819023367191815410e+01 4.819023367191886109e+01 4.512099697969908618e+01 2.810155302836956892e+01 3.408341399130891602e+01 1.451350775186813102e+01 3.408341399130891602e+01 3.260504945246922404e+01 1.142630000677240076e+01 1.577116356929912122e+01 3.561714022280605718e+01 4.310801874860663929e+01 4.896757150258257951e+01 4.480842856483591419e+01 3.924683917629320007e+01 2.388950478836466829e+01 4.106472482647039790e+00 1.818489601440913006e+01 3.801710702480347237e+01 4.172530256919689862e+01 3.805523410908329396e+01 4.931312506291683917e+01 3.053820190811974200e+01 1.053820190811938673e+01 3.053820190811974200e+01 4.514702846055085672e+01 4.418813974988943016e+01 5.187380610670530245e+01 3.198985575149556482e+01 3.781372996269173115e+01 2.588026277841038336e+01 5.876415995038866136e+00 2.588026389840271690e+01 3.432201715137524900e+01 3.986641925957457744e+01
2.526786264046545702e-02 8.190233671917797054e+00 2.233236929564899853e+01 4.233236929564970552e+01 5.686267644729624493e+01 4.853230699751714639e+01 3.959846201334374172e+01 1.971367358325094798e+01 3.959846201334374172e+01 3.748612766745743841e+01 1.638253531955999875e+01 3.195578866596576262e+01 2.570225987817141089e+01 4.751472737237008204e+01 5.874273992787239251e+01 4.898264392042700166e+01 3.126661139339852369e+01 1.133691464939527549e+01 5.312517826085745298e+00 2.519253681885266261e+01 4.069258370621393084e+01 4.894070224902013422e+01 5.805523421690018182e+01 4.208520729191240406e+01 2.208520729191170062e+01 3.053820190811974200e+01 1.686275722845603298e+01 3.686275722845673641e+01 5.583747815406062642e+01 5.997137861177962037e+01 5.187380610670530245e+01 4.421313224695193611e+01 2.988082589135784417e+01 9.876416001954948953e+00 9.164395741488993608e+00 1.432837420217661162e+01 1.987538565004053837e+01
8.483503398980346555e-02 2.008483503398944947e+01 3.647450491938069916e+01 4.233144535373870809e+01 6.233144535373799755e+01 5.961692416981775011e+01 3.959846201334374172e+01 2.665531081607205621e+01 4.667730645953301405e+01 4.262047194028547636e+01 2.164327105483621594e+01 4.207232261278933549e+01 3.346892410193917300e+01 5.284694143834946800e+01 5.070207604266578016e+01 3.113701964028668812e+01 2.126724445692860144e+01 2.616306897838666146e+01 6.548121822625298627e+00 2.614022931845295616e+01 2.088945519749784552e+01 3.488708099841026922e+01 5.473493104315193136e+01 5.036947854025875415e+01 3.363221267570380490e+01 4.318731254879338621e+01 2.318731254879267922e+01 2.755320690495281966e+01 4.755320690495352665e+01 6.264657766892747048e+01 5.108019317437666729e+01 3.591295552654239742e+01 1.590664599902486920e+01 2.988082622460742499e+01 2.916996875906353637e+01 1.291073900995395185e+01 3.291862689205013481e+01
4.163169627051844027e-03 2.000416316962669683e+01 2.233144535373941508e+01 4.233144535373870099e+01 5.460654500959505953e+01 6.267352595854544006e+01 5.496673135093163154e+01 3.666382118252591482e+01 5.496673135093163154e+01 4.818021030633023116e+01 2.737134392123963877e+01 4.818021030633023116e+01 4.455690177869030322e+01 6.125056009037091798e+01 5.874273992787239251e+01 4.898264392042700166e+01 4.091883511148355979e+01 3.390224085798264042e+01 1.836627449622075403e+01 8.312443568864797072e+00 2.817191474788386074e+01 4.535642634344494439e+01 5.360708496294025593e+01 6.191648392467013906e+01 5.363221267570450834e+01 5.025838036065873382e+01 3.025838036065803038e+01 4.755320690495352665e+01 4.388313852350791677e+01 5.433456340747387969e+01 3.431483748843892556e+01 2.276663469996744027e+01 3.591295552654239742e+01 4.421314641881691898e+01 3.561771210632289097e+01 1.560753851277958404e+01 3.561771210632289097e+01
2.434392073152260791e-02 8.189309730008712762e+00 2.818930973000835749e+01 4.464436720129658909e+01 3.503311764621367530e+01 5.162473623374651055e+01 6.497692531529177984e+01 5.669079173654010617e+01 6.497692531529177984e+01 5.440592314624571202e+01 3.374970610886097688e+01 5.440592314624571202e+01 6.445720306992302540e+01 7.276748071350465352e+01 6.172040308487689941e+01 5.009461346108008684e+01 4.179197329229575786e+01 3.224700525300747955e+01 1.278706387092194241e+01 9.663888691419028731e+00 2.946132936549537007e+01 2.556866345851181066e+01 4.535642634344497282e+01 5.848366801547361149e+01 6.675583735173808009e+01 5.854265161010474827e+01 4.025838036065767511e+01 5.854265161010474827e+01 5.802527414723936516e+01 5.278499226121984123e+01 3.276734625681314839e+01 3.431483748843892556e+01 5.108019317437666729e+01 5.255942639906254499e+01 3.252649844921588596e+01 1.838103967871574085e+01 3.252649844921587174e+01
5.883922493566802470e-02 2.005883922493531202e+01 2.715328952967240994e+01 2.503856869437078458e+01 2.355836537675630638e+01 4.113970286246958352e+01 4.698738843175202362e+01 5.376168085128837504e+01 6.241628126115322317e+01 6.276556293153480226e+01 4.419900227885925403e+01 5.068147360702708681e+01 7.097782316851265705e+01 6.683634471116927500e+01 5.346988219462311065e+01 3.324315064963110444e+01 2.116818045611563903e+01 1.738668625920299604e+01 3.224700525300747955e+01 2.946132936549550507e+01 1.158743833855079686e+01 3.136436502299672924e+01 4.169117597145700671e+01 3.860890139644675401e+01 5.526489886619562952e+01 6.854265161118979677e+01 6.025838036065837855e+01 6.854265161118979677e+01 7.802527414724750088e+01 6.109582172730879535e+01 4.171354099499425416e+01 5.433456340747387969e+01 6.264657766892747048e+01 5.548595556728739808e+01 3.544503097389814172e+01 2.129834019788611954e+01 3.544503097389814883e+01
2.016265153036126551e-02 3.555696557464250063e+00 7.147802598038829558e+00 1.092744733127206658e+01 1.592744956923374389e+01 2.109146098738270680e+01 2.686532379414497385e+01 3.353474526843942272e+01 5.378670768500462174e+01 7.287318777257377178e+01 5.870592093876538797e+01 7.097782316851265705e+01 7.263535831001610177e+01 5.277955628604740212e+01 3.859247653505470055e+01 2.818829532115410785e+01 4.179197329229575786e+01 3.766720932323473647e+01 4.600369643277407050e+01 3.480200822558531115e+01 1.505425103073470972e+01 1.370856388096608214e+01 3.346438512581935498e+01 2.722513113333894808e+01 4.700896615789748978e+01 6.159848514098887762e+01 6.375959473143820588e+01 7.194689649356521954e+01 7.959109397774851402e+01 7.005964773788932121e+01 5.586786625551927443e+01 7.005964773788932121e+01 6.335357979119532246e+01 4.329499507121103363e+01 2.914327103950452269e+01 2.546863712320159223e+01 3.284726887094428349e+01
1.256007409845548775e-02 2.001256007409810067e+01 2.715328952967240994e+01 3.095472915904969824e+01 2.726937279672255698e+01 4.116863506962915409e+01 4.698738843175202362e+01 5.376150221953110986e+01 4.776583774050628506e+01 6.841155764965370167e+01 7.871863910505356898e+01 7.788313396772413455e+01 5.804194552921351402e+01 4.657055679136541215e+01 3.752692346407699375e+01 4.274777598888613994e+01 5.685062935403455242e+01 5.374397992695211457e+01 3.989821194401692139e+01 2.016069981365096808e+01 3.480200822558531115e+01 3.346438512581935498e+01 1.584750208817804129e+01 3.558676368086541686e+01 4.596382768023237730e+01 4.183046529557385895e+01 4.399327240738363543e+01 5.983652475256296555e+01 5.983652475256296555e+01 7.790682579048061029e+01 7.592336039180523244e+01 7.282164926447225639e+01 5.273684087658041619e+01 3.857407216852628551e+01 4.917001851469046159e+01 2.973269620725630702e+01 4.976946665145680271e+01
1.283213977233468341e-02 1.415496776350341079e+01 3.415496776350411778e+01 4.654521974772909942e+01 4.735287081452084124e+01 5.571818955912467430e+01 6.032814314294816427e+01 6.794245359739340984e+01 6.820170373334190117e+01 7.700152949856355633e+01 8.198900853363954866e+01 8.615520555917676404e+01 7.467796031623903730e+01 6.578824589908893472e+01 4.915624594332508934e+01 6.270745729803179103e+01 6.076955683059009772e+01 4.548853908556274206e+01 2.572374793139589499e+01 3.408801742634667420e+01 4.813993352093918077e+01 4.381771162422893440e+01 2.978656262736286209e+01 1.805009860282904555e+01 3.769864562368231020e+01 2.790407407914410243e+01 3.381884188010135972e+01 4.004565077627012215e+01 4.994824074204053943e+01 6.972480876308539166e+01 8.554939933522709339e+01 6.542505947874971639e+01 5.123919982483575808e+01 5.861954505456150599e+01 5.425769642665257209e+01 3.420501428827836321e+01 4.836643967445319703e+01
9.594114293757748102e-02 8.260906952214909893e+00 1.826090695221508753e+01 3.826090744393280829e+01 5.791718389988614746e+01 4.971394954691902512e+01 4.044072025320087249e+01 5.197089647416333236e+01 7.174973003816489836e+01 7.612734771783767940e+01 6.193808926914729795e+01 7.613908446263282315e+01 8.501182464827992646e+01 7.726262854896442889e+01 6.900946790774948170e+01 6.659875367326222317e+01 4.666114499280655536e+01 3.266724918648780829e+01 3.451534035201109418e+01 5.374397960943807107e+01 6.219184930841223746e+01 5.784886064247479709e+01 4.021780288920921009e+01 2.027352189125110726e+01 2.117137252131623626e+01 4.085909676772642740e+01 5.264495351615232721e+01 5.983652475256296555e+01 6.802197325041419163e+01 7.790682579048061029e+01 8.157375797617859803e+01 7.966544553721719524e+01 7.131934215580923819e+01 6.499973714691675752e+01 4.490321914191538610e+01 4.315417998544554479e+01 4.836643967445319703e+01
3.950229235330715398e-03 2.000395022923497379e+01 3.654518933482628995e+01 4.654521051037485080e+01 4.156996105458606650e+01 2.974661814139085791e+01 4.971394954691902512e+01 6.843692221595932779e+01 7.979829331887546573e+01 6.715991225996857850e+01 4.779022228359310276e+01 6.715991225996857850e+01 6.500455200038837233e+01 7.915900651960278367e+01 7.511594476017683064e+01 5.514136110843094940e+01 4.107851361010528279e+01 5.250073537466823126e+01 4.593950153723869789e+01 6.263675039258330202e+01 6.545111920924058779e+01 5.388524823085919735e+01 4.228543880935085042e+01 2.251953779775076825e+01 4.085909676772642740e+01 2.476015843920379567e+01 4.445483659781906738e+01 5.346485800039607739e+01 5.918229345654900442e+01 6.544688827908362327e+01 6.182245702306107660e+01 8.157375797617859803e+01 7.926079421835842709e+01 5.909261389414883325e+01 6.499973714691675752e+01 5.318198902117995175e+01 6.848044837723440992e+01
7.711341127313005306e-02 1.421924903500420534e+01 3.421924903500490700e+01 4.156996105458588175e+01 2.157334902001316834e+01 4.156996105458606650e+01 5.785277503529551524e+01 5.265285420488716284e+01 6.099823427548386690e+01 5.884600761332700358e+01 3.883483094906008404e+01 5.821221040872496388e+01 5.085944662299891661e+01 7.086454648590769523e+01 7.511594476017683064e+01 5.514136110843094940e+01 5.255110641755607759e+01 6.926944136194060775e+01 6.587691351597261757e+01 7.415614812442512971e+01 5.709214895450828919e+01 3.712062201031461228e+01 2.576868410964172185e+01 4.228543880935863086e+01 5.059446497496655581e+01 4.445483659781906738e+01 2.846187311580956703e+01 3.369630033873930586e+01 3.937651573136768235e+01 4.563650115546930408e+01 5.709601897498944822e+01 7.685438789215980648e+01 8.764425058464803442e+01 7.926079421835842709e+01 8.215215619845810124e+01 7.355618331750703476e+01 8.208557713565420499e+01
9.541454368626212448e-03 1.415167707834925537e+01 3.415167799136256122e+01 3.657447900719291312e+01 1.656861382300193952e+01 3.657447926810312566e+01 4.929719518438761838e+01 3.260530871580001389e+01 4.936151257540598181e+01 4.596444339832378745e+01 3.215311106030096511e+01 3.819741227743061529e+01 5.235278513129214417e+01 7.235811438121480421e+01 8.339752161545023057e+01 7.511594476017683064e+01 7.252195739836587052e+01 8.080338634335421943e+01 8.082834326207037634e+01 6.655472456620512389e+01 5.169946192157420484e+01 3.181046003074133566e+01 2.862299122487282688e+01 4.845427234710474096e+01 6.069329387825967359e+01 4.091040253451848230e+01 4.818149480828660103e+01 3.314167916129957092e+01 5.290609305641203264e+01 6.544688827908362327e+01 7.363508406225288638e+01 8.504535113700038096e+01 9.676052969797071057e+01 9.094363090381445147e+01 8.240651972611722442e+01 9.065841482047822808e+01 7.865456548724553443e+01
2.297228869525369793e-03 2.000229722847648972e+01 3.758468010366449619e+01 3.198771691333308098e+01 1.197783577972400337e+01 2.955253698262260542e+01 3.150375622171021206e+01 2.103839555779143566e+01 4.105967774937843018e+01 2.596429282209256684e+01 4.599689120275857590e+01 5.821221040872492836e+01 6.650305858705799267e+01 7.058247058690110975e+01 7.887141207968876699e+01 7.872754283441436485e+01 8.701734677786213012e+01 8.631903948399677518e+01 6.607811386336599924e+01 5.228110587033976486e+01 3.818808799792727626e+01 5.141821137725604984e+01 3.153550391165046207e+01 5.141821137953853338e+01 6.888612633205755742e+01 5.490228574988712751e+01 5.678883702967356584e+01 3.699064974372613790e+01 4.369002510680855522e+01 5.770049755428968297e+01 7.746434340071461122e+01 9.083618825114237438e+01 7.665017956111078945e+01 8.011217219633353182e+01 6.152837183763008966e+01 8.011217219633353182e+01 7.843227482986524990e+01
