MOVIE_S12_data/elevation_000453.asc
nrows	50
cellsize	150.0
xllcorner	0
ncols	50
yllcorner	0
NODATA_value	-9999
[rows 0 to 16 of 50, columns 0 to 36 of 50]
8.271705653423140625e-02 2.127631151761726416e-02 9.425194436011796739e-02 4.939197167322698090e-02 3.975871534419905817e-02 6.171646774684565184e-02 1.696294146011132625e-02 1.936121709489252440e-02 4.216450047424835645e-02 2.297044857093000214e-02 6.704298068806634203e-02 4.162315340452049650e-02 3.835349583220235004e-02 2.777463300387698203e-02 2.207885817162396139e-02 7.161913568127860341e-02 9.025521335945362045e-02 3.502399586135773735e-02 8.040414306008919487e-02 3.131346976591601466e-02 7.604099264847130613e-02 2.387740603804927586e-02 5.687112022313325910e-02 4.074439634684711570e-02 8.709178300582484655e-02 7.612946965408906586e-02 1.077918208624280109e-02 9.929772718869623455e-03 4.600412614040166881e-02 2.152795518990661267e-02 2.378824418737431057e-02 9.511189423522797837e-02 9.406546861214974686e-02 1.749038473908382007e-03 2.223905489293687143e-03 6.269637160239108220e-02 9.476101746191394060e-02
7.639902522890137937e-02 2.002127631151726206e+01 2.009425194435976181e+01 2.004937595483947987e+01 8.204724524621388682e+00 2.006169647491301333e+01 2.001696294145975585e+01 5.566363179347207257e+00 2.004216450047389131e+01 1.416510607230175545e+01 1.420917860441914193e+01 2.004162315340416356e+01 2.578356035836017579e+00 2.002773787820946438e+01 2.002206857966982056e+01 2.007161913568092260e+01 4.454613018079320419e+00 2.003502399586100324e+01 1.422253976679091458e+01 1.417344909349699122e+01 1.421817661638248609e+01 2.002387738983925658e+01 2.005686931476585499e+01 1.303133208022678291e+00 2.008709178300546938e+01 2.007612946965373268e+01 8.089317897174346683e+00 2.000992977271851458e+01 1.418813974986925963e+01 2.002152792756441002e+01 1.905229980954743718e+00 2.009511189423487210e+01 2.009342740688115825e+01 1.414389337164383065e+01 2.000222390548893969e+01 9.006968417902227131e+00 2.009476101746155763e+01
7.813061968023242432e-02 1.422026629207084802e+01 3.422030494106718379e+01 3.648827807615273144e+01 2.234686037349679566e+01 2.820468886289300059e+01 3.133986587129133028e+01 1.133986587124351608e+01 3.133986587129133028e+01 3.416510607230104313e+01 3.420917860442622782e+01 2.513909377714066196e+01 5.139093634493947960e+00 1.928122916166574896e+01 3.928116426459775568e+01 2.892674897307929527e+01 8.926748973078938221e+00 2.306888459681013970e+01 3.422253976679020582e+01 3.417344909349769466e+01 3.421817665569204081e+01 2.773457476145101097e+01 7.732374851069890198e+00 2.568044353257863399e+00 2.257002913810403655e+01 3.600851681903339596e+01 1.901675179102966240e+01 3.600851628164136997e+01 3.418813971667886875e+01 3.018132801091319806e+01 2.190435875438287994e+01 4.602029432628675032e+00 2.460498206689800327e+01 3.414538710702519353e+01 3.729553641518897678e+01 2.055400082148282692e+01 3.593240824941803169e+01
1.795629399984677299e-03 2.000179562939963063e+01 3.002526786264090930e+01 5.002526786264161274e+01 4.234698229540340719e+01 4.820425207529196854e+01 3.800653253800675913e+01 1.800653253791029940e+01 3.800653253802649800e+01 5.195845061076893501e+01 3.195844692964170264e+01 2.778815858596907518e+01 7.788158348624046212e+00 1.933516373276192724e+01 3.933516435791715082e+01 3.392674897307968251e+01 1.392674897307898085e+01 3.392674897307968251e+01 5.135315584427304003e+01 5.280812547199943907e+01 3.557970740840452351e+01 1.557846519163653909e+01 2.388148484610720246e+01 3.878288625583821148e+00 2.271536147193873845e+01 3.530276214947917168e+01 3.542014122611841742e+01 4.623718423737955874e+01 5.179013703029341542e+01 3.315069796276635117e+01 1.319313104907758927e+01 6.526530334449217818e+00 2.067047368292697840e+01 4.067683654770738144e+01 4.884398296194301281e+01 4.055865513295544389e+01 4.487668015941703459e+01
2.526786264046545702e-02 1.002526786264055225e+01 3.002526786264090930e+01 3.743556657969450896e+01 4.450663439156087264e+01 5.279090564616486603e+01 4.629080393267143023e+01 2.800653253791047703e+01 4.629080238926599122e+01 4.610058327293224778e+01 2.610058225535224707e+01 1.195844662976557871e+01 1.673243025862335998e+01 3.607217778901588190e+01 4.761934235596127252e+01 3.947375093533207746e+01 1.947375093533137047e+01 3.947375093533207746e+01 5.866561125983074021e+01 3.866622686072027903e+01 2.452406384906355896e+01 3.557970740465387394e+01 2.964145338777798955e+01 1.997183392619016828e+01 5.751477299362076856e+00 2.374335790937520585e+01 4.887010489754423048e+01 5.756489917766676712e+01 3.791462645172668999e+01 2.387185237958914996e+01 2.857389766068043357e+01 8.567771805987408840e+00 2.857425049546618823e+01 4.044013952188637262e+01 4.597237232761693093e+01 5.424811057008523107e+01 5.642368554320934493e+01
8.483503398980346555e-02 5.631836996242118865e+00 1.140533968813842769e+01 1.743556657969380552e+01 2.450663439155940537e+01 3.605363977535233033e+01 5.605363977535843389e+01 4.214866816164192898e+01 5.629080444618360701e+01 5.279430178428119547e+01 3.508192222292726115e+01 1.508192186753772646e+01 3.508192222292717588e+01 3.087456588591421891e+01 5.087456733978130075e+01 4.579830625566894753e+01 2.579830625566824054e+01 4.579830625566894753e+01 5.866561125983073310e+01 3.866622686072027193e+01 3.866622686072027903e+01 4.495117642885480080e+01 2.923884045262814979e+01 1.786440572544442063e+01 7.087816234387161352e+00 2.890671564779240299e+01 4.448666917326173120e+01 5.474189858060107383e+01 4.336062665135906258e+01 4.367005808098929975e+01 2.790542605928725450e+01 1.086192926261264091e+01 1.542790097163053176e+01 2.042832805914306249e+01 2.597666563384623828e+01 4.012971471817795788e+01 6.014616432561057024e+01
4.163169627051844027e-03 1.000416316962696506e+01 2.414629879335766560e+01 3.743556657969450896e+01 4.450663439156087264e+01 5.279090564616486603e+01 6.433791104341280231e+01 6.214866816787314718e+01 5.865215018515177547e+01 3.865214791423363749e+01 2.451001228335884363e+01 1.879582863107883028e+01 3.879582906751192439e+01 5.087456733978120837e+01 5.915886418111807643e+01 5.408257750313114087e+01 3.474257816566771595e+01 5.408257750313114087e+01 6.695002408328026888e+01 5.866561125983073310e+01 5.866561125983076863e+01 4.801492808432745107e+01 2.948925220504504807e+01 2.789275332758167991e+01 8.439370077837034856e+00 1.550614731455053352e+01 2.549679113844979383e+01 4.669151086677155860e+01 6.213022512668479180e+01 5.201380239196397071e+01 2.957961677436297876e+01 1.318692277574804983e+01 3.321158503969856213e+01 4.044012619253605578e+01 4.599239707291619794e+01 3.667481192277957547e+01 5.669207339375154930e+01
2.434392073152260791e-02 2.002434392073116598e+01 3.828843441708785633e+01 5.243057004081855865e+01 5.972828621174321739e+01 5.823526122868572941e+01 6.651953247617703369e+01 7.130126464658683005e+01 5.130125860485523503e+01 3.715912292528062011e+01 4.364654170798198862e+01 2.364654113180557360e+01 2.774010054107820267e+01 3.590506635035749383e+01 5.590506768455285425e+01 6.302684941313061984e+01 4.888471378939916434e+01 6.302684941313061984e+01 6.684992574971064982e+01 4.694435573855283650e+01 4.520926285866629257e+01 3.696370466378028397e+01 3.037921724577720539e+01 1.040087486450129539e+01 2.843281946482217037e+01 3.561899517350638433e+01 4.446030387713491905e+01 5.566605072433954149e+01 6.103573357955236389e+01 4.115687029422014120e+01 2.711755709395717417e+01 1.557764958822941637e+01 3.560927265884583903e+01 3.345238012188062982e+01 5.350424310706139153e+01 5.669207339375154930e+01 5.083012751239323279e+01
5.883922493566802470e-02 2.005883922493531202e+01 3.985143928278367298e+01 5.387042183548938112e+01 3.972828621174251396e+01 3.823526122868502597e+01 5.237739685241647436e+01 7.237739685241788834e+01 6.544342708892440896e+01 5.715912475084153499e+01 4.881051970347512992e+01 2.881051892674888748e+01 4.774010133059270089e+01 4.774010133059267247e+01 5.004720199487505994e+01 7.004720647913319453e+01 6.888471378940057832e+01 7.073879393535534632e+01 6.349167391195619814e+01 4.694435573855283650e+01 2.698305358900774209e+01 1.699924906588421081e+01 1.425130308419310410e+01 1.203439594431709381e+01 3.200013848928268345e+01 4.751207228989453313e+01 4.687972855462608379e+01 6.386227017791141947e+01 6.162497235329728085e+01 3.929060647784545068e+01 2.762987057205644703e+01 3.560927817157470798e+01 1.926756578609257176e+01 3.932544894034806759e+01 5.350424310706139863e+01 7.354430579760487774e+01 7.084406264242413442e+01
2.016265153036126551e-02 1.156716803532277638e+01 3.156716803532242110e+01 4.411734763507686807e+01 2.558615058801106201e+01 4.297537662056984686e+01 4.964204328723663195e+01 5.792631453485052617e+01 6.792631453493444837e+01 6.295265718369349628e+01 4.295265455822379153e+01 3.547718559341578981e+01 5.547718675850510550e+01 6.774011005786771022e+01 7.004720647913319453e+01 7.833153091692524583e+01 7.073879393535534632e+01 5.085599633978623757e+01 5.380931586550185131e+01 3.532805247491406675e+01 2.121188578521556778e+01 3.696370465939762795e+01 3.364950131474375894e+01 1.367921329566265776e+01 3.321303399398702538e+01 2.800528412085536800e+01 4.191641668128227138e+01 6.198633604585981516e+01 7.089892333314952566e+01 5.643038721178665895e+01 4.683145923737627925e+01 2.484881080671991072e+01 2.239714087898872563e+01 4.217856163771530476e+01 5.301522089117110426e+01 5.997855674235266576e+01 6.825155713422344661e+01
1.256007409845548775e-02 2.001256007409810067e+01 2.654524030849510652e+01 2.411734763507616108e+01 1.891948392134427692e+01 2.297537662056914343e+01 2.964204328723592852e+01 3.964204328723627668e+01 5.964204328723698012e+01 7.123696724260838664e+01 6.295265718369349628e+01 4.702419097777171686e+01 4.961932123179679621e+01 6.961932515964217316e+01 8.456537576922541177e+01 7.639178429605303222e+01 6.328860451372208473e+01 5.450455767929513939e+01 3.454359620963628430e+01 2.561818160713708536e+01 4.117044255838086997e+01 4.860646859510602269e+01 3.641838782863630541e+01 1.645436515974866154e+01 1.661345263935003302e+01 3.643508866740967989e+01 5.147953738389207956e+01 5.979144270971957553e+01 6.982696413038098626e+01 6.410892205577462732e+01 4.389340258224700619e+01 2.963677208551792930e+01 4.217856163771530476e+01 2.706593362000971226e+01 3.325587514422554136e+01 4.026999167231063836e+01 5.015600748829013611e+01
1.283213977233468341e-02 3.257260562387591651e+00 6.545240308494751247e+00 9.975212011344957830e+00 1.444734796634457474e+01 3.444734796634527640e+01 4.964204328723663195e+01 5.792631453485052617e+01 6.792631453493444837e+01 7.473983180110924707e+01 7.530850805094004841e+01 6.702419373306955208e+01 6.961932515964217316e+01 7.790364668591551833e+01 7.639178429603784082e+01 5.654595052835060187e+01 5.507460989552897246e+01 3.510476750035459759e+01 3.052648228333482905e+01 4.557774433081291221e+01 5.176460385937189557e+01 3.200398159471599513e+01 2.049322882190091022e+01 3.641592463920847678e+01 1.878242960030659603e+01 2.503141840722438261e+01 3.155179244237442759e+01 4.144222313321078133e+01 6.151981019230977665e+01 5.940330490713533607e+01 3.921095194284367125e+01 4.988453843436004576e+01 5.522068154542008500e+01 4.106291022267590307e+01 3.310615468299280906e+01 5.307927067095572227e+01 6.825155713422344661e+01
9.594114293757748102e-02 2.009594114292368516e+01 2.654524030849510652e+01 2.997521201134531310e+01 2.858948359007527529e+01 2.709645860701831310e+01 4.123859423074976149e+01 6.123859423075046493e+01 6.888208194413135743e+01 5.474006128535723548e+01 5.954214890234844404e+01 6.661304663506200541e+01 7.489731351891205691e+01 8.489730070803882711e+01 7.382813951139978315e+01 5.396241940535475123e+01 4.241046609041007542e+01 5.507460989552889430e+01 3.606344814773283503e+01 5.603129933230366788e+01 5.963029687110986288e+01 4.334373650777391873e+01 2.350288527186323861e+01 4.088664889592769214e+01 2.110243833384475920e+01 4.088425371713442047e+01 5.147551595905805755e+01 5.978066377404613974e+01 6.982696413038098626e+01 6.770784981066360331e+01 4.829898279557995266e+01 6.770784981066360331e+01 6.937845286816416035e+01 5.767137996277823220e+01 3.765483962202993240e+01 5.180709962414177738e+01 7.182900508987199828e+01
3.950229235330715398e-03 2.000394681252392459e+01 3.033198531614179672e+01 4.120613072729266690e+01 4.858948359007456475e+01 4.709645860701901654e+01 5.538072985462943620e+01 6.376308344909599413e+01 5.547912074841104868e+01 4.060108927069791918e+01 3.954571960466812897e+01 4.661352769154896691e+01 5.661306569519858556e+01 7.661302757492551052e+01 8.200330777678104255e+01 6.988001290916017183e+01 4.998038533758986546e+01 6.204665442040845136e+01 4.209597861240713712e+01 6.204665442040976586e+01 6.064307198236316765e+01 4.069675316478742388e+01 2.657860242045345700e+01 4.653889468674648811e+01 4.088710459039419476e+01 2.444900766930189207e+01 4.422650206162050779e+01 5.753604171400151301e+01 6.910301340348171095e+01 7.668397132022596452e+01 6.251859771444416936e+01 7.668397132022596452e+01 6.552599437565999096e+01 4.550057829414424759e+01 5.767137996277823220e+01 6.596600589323230679e+01 7.868016891949113756e+01
7.711341127313005306e-02 2.047771967601720533e+00 2.204777196987495813e+01 2.120613071101524838e+01 4.120613072729264559e+01 4.562984051980604505e+01 4.554544332059868594e+01 5.075850307846820186e+01 3.549486638175860520e+01 3.062467061286725567e+01 4.474229829478462506e+01 6.473994654323308851e+01 7.489731351891205691e+01 8.489730070803882711e+01 8.963938263829558650e+01 6.988001290946553468e+01 6.151093809003476309e+01 6.908472540331273137e+01 4.917805452938075916e+01 6.908472540331273137e+01 6.644853138013665728e+01 4.653815274183160255e+01 4.653467970818520172e+01 3.134102689574490341e+01 4.749101685478000689e+01 2.766575273028241355e+01 2.940336899822466421e+01 4.080303239719584951e+01 6.085880527851031019e+01 7.474475762558455472e+01 8.255420152844229165e+01 8.187063409892438415e+01 6.185262042311311603e+01 5.446046463030425855e+01 6.185262042311311603e+01 8.187063409892438415e+01 8.696543947445626088e+01
9.541454368626212448e-03 2.000954145436827147e+01 4.876199092347922814e+00 2.487619909544757490e+01 2.990168403334903147e+01 2.738337898995161623e+01 1.582113085279743281e+01 3.733084648406822481e+01 2.404168826561644678e+01 4.394120611027030776e+01 5.888324109509982662e+01 6.783704678586275350e+01 7.611898183455969047e+01 7.761917242627961855e+01 8.589999130341539058e+01 8.947775446622847539e+01 8.131238171898066014e+01 7.726638355638237954e+01 6.071278422197858760e+01 7.726638355638237954e+01 7.030469871447846231e+01 5.039967881083369150e+01 3.625410024108989404e+01 5.131328266508832314e+01 5.085700537598048498e+01 3.093867920749361389e+01 4.927871829293909656e+01 3.491553695047143435e+01 4.645733109311509423e+01 6.653578354152676866e+01 8.105816178277245854e+01 9.016905508008107972e+01 7.447819599141428171e+01 6.861529679518868363e+01 8.187063409892438415e+01 8.217140149232308488e+01 8.277822194069980810e+01
2.297228869525369793e-03 2.000229722886917116e+01 2.487619844546421888e+01 7.793498922305826859e+00 9.901684029084764305e+00 1.205833949315355014e+01 1.439228753341443934e+01 1.831254986158166176e+01 3.817225868311204806e+01 4.996460791649170829e+01 6.410364372027079582e+01 4.783758813897774331e+01 6.129026906736517333e+01 5.762043178200033111e+01 7.398682270120558258e+01 8.226831028978048721e+01 9.226644267918207731e+01 8.868667777841608313e+01 8.052100973600434486e+01 8.512552787162033496e+01 7.369379532420244061e+01 5.987595215617992039e+01 3.990473892828122615e+01 5.987595215617992039e+01 5.434559408019357107e+01 3.430517772083650385e+01 5.434559408019357107e+01 5.494348358497606455e+01 4.118485174732487053e+01 5.284247635622936201e+01 7.286943029213207979e+01 8.852076175071910313e+01 9.449874676438633969e+01 8.863248674576857411e+01 8.217140149232308488e+01 6.201535180844192752e+01 6.571405584042479120e+01
