MOVIE_S12_data/elevation_000031.asc
nrows	50
cellsize	150.0
xllcorner	0
ncols	50
yllcorner	0
NODATA_value	-9999
[rows 17 to 33 of 50, columns 0 to 36 of 50]
5.436832538903087209e-02 2.005436832538867620e+01 3.654571435692816550e+01 4.267302532186356956e+01 3.436973924226084875e+01 2.067785325511049521e+01 4.070189826113727349e+01 4.985882456351431102e+01 5.219075635257572543e+01 5.235347764558735406e+01 4.402548012213892292e+01 2.776928059232442436e+01 3.932351445575466897e+01 5.919104447889354503e+01 5.329149152306983694e+01 7.343382523678137375e+01 8.283297364140581465e+01 6.280815889863907131e+01 5.124975208527955317e+01 4.491828871194378792e+01 6.493972163695401889e+01 6.655147009221353471e+01 6.803212759951047417e+01 5.408929185619415136e+01 3.522379923558968073e+01 5.168465600744432464e+01 5.583941975625364051e+01 5.417728417486785020e+01 4.738417177183475104e+01 6.264037380167400926e+01 8.343528060552051784e+01 7.775958838046732069e+01 5.776451697098370630e+01 6.621542851973619292e+01 6.270970037838957012e+01 4.271241018499669906e+01 4.829009189284308690e+01
9.647730019007895452e-02 8.261443109467268897e+00 2.240357873319796767e+01 4.240357873319725712e+01 4.900779233304296412e+01 4.070189826113727349e+01 2.774964839006757344e+01 4.778571893726492448e+01 6.428143808931500303e+01 6.052059840118011635e+01 4.042892060511996277e+01 4.781350563122370545e+01 3.203259634566234126e+01 3.910550820985427833e+01 5.329149152306983694e+01 7.343382523678137375e+01 8.761306780782979331e+01 6.759720611623143327e+01 6.953368821506279573e+01 4.951043507451987580e+01 6.953380042970361785e+01 7.120255884428421211e+01 5.135654926405620557e+01 4.058433938835953114e+01 3.930777987119471106e+01 5.834647300878846465e+01 7.337707685965280291e+01 7.524591937724271418e+01 5.713017553547889094e+01 6.871981838707480961e+01 8.932891408790457888e+01 8.035414125244069794e+01 6.035898195135284539e+01 4.621838251250573393e+01 5.563959315137809369e+01 3.564136550913181622e+01 4.833734305969939271e+01
9.953738903938927352e-02 2.009953738903903542e+01 2.826144310946691363e+01 4.826144310946619953e+01 5.887685686243022332e+01 5.609384031403472193e+01 4.778571893726492448e+01 3.591876741186864308e+01 5.597270445025690577e+01 6.886070072096690353e+01 5.462194117173869046e+01 6.042643769360053341e+01 5.208973519605383018e+01 3.695660652927692524e+01 4.852492081753867836e+01 6.274737282163913221e+01 8.293755259123783219e+01 8.761306780782979331e+01 6.867197162649391373e+01 5.451402242307686663e+01 7.454093395113939380e+01 7.953660065377982846e+01 6.435674239640994188e+01 4.481100416779036522e+01 5.834647227553693938e+01 4.548721059619911244e+01 6.505982403253376845e+01 8.155719406294767282e+01 6.944975750613271259e+01 8.646994324521719477e+01 8.907069764679927459e+01 7.907000298850768161e+01 7.078191554439712263e+01 5.727247767546455748e+01 3.727418071868970628e+01 3.150067864406587148e+01 2.833840098570809474e+01
3.582433992925927735e-02 2.003582433992890444e+01 3.059258561496534057e+01 3.059258561496534057e+01 4.554352352909585733e+01 5.448779543909844847e+01 6.428143808931500303e+01 5.597270445025690577e+01 4.662907564382643955e+01 6.670228752139996686e+01 7.476121668428767464e+01 7.501123455741425516e+01 5.486107207217822435e+01 4.067135833445534843e+01 5.224851811865259776e+01 6.648560409085831679e+01 8.665746235800853015e+01 9.701730226827635306e+01 8.032432485014533086e+01 6.029227352612748092e+01 8.032432485014533086e+01 8.363749615757835443e+01 6.342405354202156786e+01 4.941910604880945357e+01 6.934443344547739230e+01 5.918243465434359507e+01 5.322043684699783483e+01 7.322779296400270255e+01 8.990310225412179079e+01 9.821213447066453739e+01 8.077936947981099536e+01 6.078446160898315753e+01 5.078531915652345674e+01 4.371433559687092441e+01 3.704768018173661659e+01 5.149946721542140438e+01 4.459116775748873351e+01
8.338298177320474514e-02 5.247360776716448960e+00 1.059258561496498352e+01 1.725925228163176683e+01 2.620352419163108237e+01 4.034565981536253076e+01 6.034565981536323420e+01 7.500745867748609896e+01 6.670228752139996686e+01 6.302040195920972820e+01 8.308479956446714709e+01 7.501123455741425516e+01 5.486107207217821724e+01 5.486107207217822435e+01 4.753922202644086070e+01 6.766652650302714278e+01 8.363300859428593981e+01 9.527593112198164249e+01 8.700583592726685822e+01 6.696577613513183280e+01 8.700583592726685822e+01 8.226966253621907299e+01 6.192455581183403268e+01 5.678614218377290968e+01 7.697516851614595623e+01 7.924909718070793474e+01 6.470982892074468396e+01 6.470982892074468396e+01 7.635534261419921620e+01 9.648597325509140887e+01 8.907069764679927459e+01 7.907000298850768161e+01 6.460496511933679642e+01 4.460694549281450350e+01 5.704614592638311876e+01 6.533211228695354578e+01 4.854326174705322927e+01
1.813270376062421294e-02 2.001813270376026921e+01 3.059258561496534057e+01 3.725925228163247027e+01 4.554352352909585733e+01 5.448779543909157042e+01 5.619655948251977406e+01 6.448082827546542717e+01 7.448082690999308397e+01 8.308479956446714709e+01 8.317672627317730871e+01 8.335391753418022631e+01 7.501123455741425516e+01 7.501123455741425516e+01 6.766652650302714278e+01 5.512352472095187039e+01 6.675671181437195401e+01 8.694188706791382515e+01 9.533290806685494090e+01 7.697984212903767798e+01 9.533290806685494090e+01 9.075316216038314110e+01 7.632886837124220847e+01 6.685069201797212202e+01 8.534264806567786366e+01 9.318015671313823134e+01 8.486354823561535454e+01 8.486354823561535454e+01 9.318015671313823134e+01 1.047875614448428649e+02 8.615287127315659177e+01 6.615158513139419938e+01 5.460654088590354860e+01 5.615328137248958740e+01 7.289549663524199730e+01 6.260688781611577269e+01 4.271791709310375040e+01
2.351309638313057310e-02 1.002351309638321730e+01 2.416564872025301725e+01 4.416564897772164500e+01 5.448082915815965066e+01 4.619655950359539531e+01 3.619655952467034865e+01 4.619655952466999338e+01 6.619655944036945527e+01 7.731948212143066712e+01 6.317233078579418759e+01 7.731948212143066712e+01 7.709626727614266883e+01 8.538623677912245569e+01 8.363300859417159927e+01 6.937737983642298900e+01 6.675671181437195401e+01 7.841867372728682994e+01 9.858481301308464140e+01 9.115390465531312714e+01 1.054113207966264270e+02 1.061873350663742457e+02 9.545623465462780644e+01 8.709964501431966255e+01 9.545623465462780644e+01 1.040537068148286579e+02 9.579772955095099007e+01 9.319139227326390085e+01 1.014573035797954219e+02 1.055220358347227574e+02 9.447724841464035705e+01 8.291029145813847379e+01 6.615159570514015286e+01 7.615017982228224014e+01 8.444591659930844685e+01 7.081713829858308884e+01 6.260688781611577269e+01
2.372884694381488524e-02 2.002372884694345956e+01 3.830777731679798137e+01 3.446698177296874377e+01 3.863727005137667447e+01 2.619655952467070037e+01 4.619655950359539531e+01 6.448082827546542717e+01 7.448082690999308397e+01 6.837349262803542160e+01 4.902977939836590338e+01 6.837349262803542160e+01 5.709286473330315914e+01 7.383551600995869535e+01 8.538623677914370091e+01 8.955739933009093079e+01 8.694188706791382515e+01 9.527593112193557090e+01 1.069057184167950538e+02 1.112935063854766895e+02 1.165386419575687995e+02 9.737510426687309462e+01 9.750930194012181573e+01 9.842225436259710136e+01 1.065689928639425403e+02 9.579772955095099007e+01 7.547473633154956474e+01 7.281521914309071519e+01 8.976422156731622692e+01 8.538381906712913860e+01 9.952100859232547236e+01 9.451465795788946878e+01 8.615992188301468957e+01 9.064907012832399857e+01 7.065593103923768581e+01 7.065593103923768581e+01 7.214871212205531492e+01
6.296921807001566729e-02 2.006296921806966083e+01 2.881012707715558463e+01 1.446698178334486506e+01 1.863727006448628742e+01 3.863727005137667447e+01 4.619655950359540242e+01 6.619655918989531074e+01 6.342075914030561989e+01 5.513410794236982326e+01 4.008549348764389464e+01 5.554651341797057995e+01 4.554572940261529368e+01 5.709286473330315914e+01 7.709626727614266883e+01 7.066831682171721241e+01 7.774259955738767758e+01 8.604974839301237921e+01 9.502205121571924451e+01 1.066382857784460612e+02 1.113837182084809996e+02 9.173525519629980352e+01 7.741269958766091008e+01 7.828622579923420233e+01 9.502260156018765258e+01 9.927274555316127191e+01 8.142720323150405193e+01 6.074035659439474699e+01 8.142720323149640649e+01 7.084797926599956952e+01 8.106553366982601005e+01 1.013183822722174341e+02 8.986422704266364292e+01 7.983820933682414989e+01 7.065593103923768581e+01 5.065601192276192677e+01 5.214912939349522958e+01
8.175220331382776484e-02 2.008175220331347077e+01 8.810127533852533332e+00 2.881012752850528358e+01 3.277940568819632006e+01 3.277940568819632716e+01 5.277940564350867447e+01 5.967342539941108015e+01 5.138751774077010026e+01 3.513334324572117140e+01 3.301442419322814459e+01 3.554571904745827737e+01 5.378932686125614993e+01 5.763865267950566107e+01 6.172158386264356977e+01 5.066422531878341573e+01 5.773530803017131063e+01 6.667971177356416490e+01 7.822816676068276820e+01 9.826928602248416666e+01 1.039457412851694755e+02 1.055799456890117511e+02 8.679671285112956980e+01 6.630731368348790511e+01 7.906381171997105639e+01 7.906381171997105639e+01 7.518988428687467263e+01 5.439460653596398032e+01 7.518988428687467263e+01 6.038511851778422113e+01 7.324929044552760615e+01 9.366552156844892352e+01 8.159489719770547822e+01 6.159741582286757478e+01 5.159641857510796115e+01 4.403662355257449690e+01 3.800623138993374539e+01
7.631710034972485901e-02 3.557870219463674655e+00 2.355787021783410040e+01 3.709439824609162883e+01 5.277940564350866026e+01 5.277940564350867447e+01 6.106367457050127712e+01 4.812554906296358581e+01 3.138699818134320196e+01 2.358633327262905865e+01 2.660144671840674846e+01 3.013698062434023939e+01 3.378846434104931973e+01 3.763746613572822497e+01 4.171994904114967539e+01 4.879101727134428046e+01 5.773530725565206723e+01 6.928269129832628437e+01 8.929253954837570006e+01 9.790008048139333141e+01 8.355317026261006674e+01 9.100297745703825569e+01 9.502260156018765258e+01 7.906381171997105639e+01 5.834287443525958849e+01 7.251813209004643568e+01 6.835827581820176135e+01 4.882451929111591937e+01 6.963211252925252381e+01 5.246117528468442970e+01 7.324929044552760615e+01 8.384559457717084285e+01 8.986422704266364292e+01 7.987040009464492130e+01 6.403715814128692330e+01 6.403715814128692330e+01 5.151787222129600252e+01
9.124702163186203252e-02 2.009124702160339737e+01 2.355787021782841606e+01 4.355787019140066008e+01 4.761715152778885596e+01 4.761332266693485593e+01 5.589186975787613676e+01 3.984021296594041672e+01 1.983999002630221753e+01 3.984021296594041672e+01 4.660188625467842627e+01 5.013760421684869328e+01 5.378932686125614993e+01 5.763865267950566107e+01 6.172158386264356977e+01 5.805038294844172952e+01 6.879354555928178172e+01 8.603514616021871575e+01 9.759263040272594480e+01 8.950452702053698317e+01 6.895155826737746452e+01 7.049223046536955906e+01 8.492366840341021827e+01 8.738269475503528838e+01 7.251813209004643568e+01 5.170124087711675998e+01 4.755710027606458823e+01 4.368327688713177537e+01 6.005848686375350809e+01 4.621251067029847093e+01 5.469894533320537278e+01 6.945746031811709997e+01 8.993465305649877450e+01 9.230209035958637287e+01 7.451760419989693673e+01 5.451775938694604662e+01 4.296998600508634070e+01
8.187870513261463756e-02 2.008187870513090090e+01 3.731935070167591562e+01 4.175620385273747104e+01 2.761400371896387895e+01 2.761397528763110998e+01 4.761329920407522565e+01 3.734015930968570274e+01 1.733999002630217490e+01 3.148213918570685621e+01 5.148267102456009070e+01 5.410796354163128541e+01 5.988157946466563430e+01 6.654844151011840836e+01 7.483393442511990656e+01 7.805655467408081449e+01 8.635238811014515647e+01 9.710558978858500723e+01 9.731775410205241883e+01 8.710438597771182856e+01 7.649968911218591927e+01 5.573301309987558483e+01 7.649968917202782848e+01 8.272078050262770432e+01 8.091019037340637965e+01 7.251790460712666686e+01 6.835827581820176135e+01 6.005848686375350809e+01 3.939701660395444094e+01 4.858146536782200542e+01 6.934161250407440491e+01 7.545509121152521459e+01 9.582630219331055343e+01 9.446356509026375647e+01 8.279634087484819815e+01 7.125165832566908364e+01 6.142307374332012415e+01
2.239863785106879432e-02 2.002239863781659324e+01 1.731941354728367344e+01 2.477858203825746841e+01 1.347184080520605676e+01 2.809096125174901104e+01 2.979985424538008232e+01 3.153408901782734475e+01 1.491463377593880324e+01 3.491475899987589315e+01 4.654856836157370026e+01 3.410768414913587776e+01 3.988118710747930606e+01 4.654785522581209989e+01 5.654788252656592817e+01 7.069039542626281047e+01 9.069292198389221937e+01 1.033073349220015160e+02 8.303031093099757243e+01 6.842996024078088624e+01 5.797080626407618809e+01 4.945725954087111376e+01 6.330973532005952364e+01 6.209792880701422746e+01 7.659849798344505700e+01 7.463149848880296133e+01 6.272386695139363866e+01 5.421925824370201497e+01 3.699476104882547389e+01 5.760714447928416604e+01 6.557209548485738537e+01 8.018197146786413043e+01 1.004353196761097848e+02 8.451540606506746656e+01 6.630297374064225835e+01 6.630297374064225835e+01 5.316441234276905448e+01
1.991760116496149591e-02 1.596138413643164666e+00 3.177277243727357536e+00 4.778558781778235343e+00 6.400772993085867668e+00 8.091081502542914805e+00 9.799796817976451635e+00 1.153401675702470719e+01 3.153405971920190609e+01 3.968856140862806825e+01 2.654839459220706033e+01 4.654856851920292371e+01 5.988157946466563430e+01 6.654844151011840836e+01 7.483393442511990656e+01 8.483488433823990249e+01 8.191699139983954581e+01 9.019998362325033270e+01 9.173895541228422701e+01 7.125911741462677185e+01 5.921016178623137449e+01 4.987859663685079425e+01 4.259701837329134122e+01 4.740905382010426194e+01 6.627830709604974402e+01 6.616707944716684153e+01 4.547353942978491403e+01 3.366104102221406436e+01 5.419356751309444320e+01 6.586089439985238414e+01 6.533239386712776309e+01 7.380972013468884541e+01 8.410907954707057854e+01 7.627408128730621684e+01 5.633186619397820039e+01 4.633392134072035162e+01 3.966710805072640511e+01
1.766589122093755945e-02 2.001766589122058093e+01 2.317729184334358905e+01 1.892069598613000281e+01 1.794777867234548552e+01 2.809112583481713799e+01 2.394193662553901447e+01 3.153408720905264673e+01 1.521631522861803276e+01 1.968845118361780777e+01 3.968856548591899980e+01 4.754803874790109575e+01 5.181196137931976153e+01 5.640051004635734699e+01 6.174566337582895414e+01 6.777577470247062763e+01 6.191829415840220463e+01 8.191699005453682503e+01 1.000686024026320666e+02 8.830717940713454084e+01 7.910589452712376612e+01 7.065546810979041936e+01 5.777363802075073096e+01 3.715026620476817243e+01 5.171132454312851934e+01 7.240905781058866353e+01 5.201297771101081224e+01 3.139543178089773434e+01 4.861456123335042179e+01 5.494202812201369568e+01 4.462503731280648367e+01 5.497809201758021658e+01 7.568669571667544460e+01 8.451540606506746656e+01 7.455101998472318314e+01 5.964662294066823023e+01 4.722650681774543813e+01
6.490672536223988931e-02 1.420704234909331554e+01 3.420704234909401720e+01 3.892076999213967525e+01 3.794785747764682071e+01 4.623245002791181690e+01 4.394211491998761687e+01 4.350104496522490649e+01 3.521640398846236053e+01 1.993036043652896439e+01 2.346589434246353534e+01 2.754837724711687130e+01 3.181239157434647424e+01 3.640070625286288220e+01 4.174593110788965333e+01 4.777615821216586767e+01 5.932318051161271910e+01 7.932223141340566031e+01 9.375915064753125705e+01 8.352836127832844682e+01 7.511379774412044696e+01 6.900604945404688806e+01 4.832592972840293299e+01 3.379881741296318154e+01 5.438299656029437301e+01 5.892155202017112714e+01 6.063547053243041773e+01 4.876774267523332185e+01 2.823482012635986749e+01 3.438959366418097119e+01 5.497871558996718022e+01 7.380972013468884541e+01 8.410907954707057854e+01 8.342832774478071656e+01 8.782605005508365537e+01 7.544076327217479161e+01 5.722385294949398826e+01
