MOVIE_S12_data/elevation_000461.asc
nrows	50
cellsize	150.0
xllcorner	0
ncols	50
yllcorner	0
NODATA_value	-9999
[rows 17 to 33 of 50, columns 0 to 36 of 50]
5.436832538903087209e-02 2.005436832538867620e+01 3.523147135741761105e+01 2.520821731808605648e+01 9.763164549862892727e+00 1.193211479108246564e+01 1.415316991200769614e+01 1.779460212173227518e+01 3.785279402400312421e+01 4.502475426957366977e+01 3.061506687573933760e+01 3.489073778105726120e+01 3.966670081145594651e+01 4.583378828061771770e+01 5.266813508822359324e+01 6.283207542331678752e+01 8.282150806802061993e+01 1.002847601853183335e+02 8.030635868743354422e+01 7.622445467940956121e+01 5.624628183821327099e+01 4.469926520185165231e+01 5.904143853063891356e+01 6.731907125469790287e+01 5.714135371216360682e+01 3.770687274301047154e+01 5.714135371216360682e+01 6.833133822550061609e+01 6.000418489145296519e+01 4.737991303925049635e+01 5.919219429417091760e+01 7.926269268808373170e+01 9.029627387032677177e+01 8.030613541400323641e+01 7.203632296246914279e+01 6.534474249369405641e+01 4.661130121320721287e+01
9.647730019007895452e-02 1.423861292392115452e+01 3.423861292392185618e+01 3.941009130448748010e+01 2.523553629822825428e+01 2.607493878349765382e+01 3.408264782418391547e+01 1.822279405679457653e+01 2.136549622730482767e+01 2.486946524582400997e+01 3.302972811445545176e+01 5.330009815143564111e+01 5.409370575919485447e+01 6.610723952652030277e+01 7.282679174566867175e+01 8.108196828489280961e+01 9.106316612131713839e+01 9.443951088661445681e+01 7.445221536744968205e+01 6.031036900518959953e+01 5.136596562435745028e+01 6.469790926259356922e+01 7.297402276790944597e+01 7.245124076428525939e+01 5.250276682519592697e+01 4.122689908565097028e+01 5.250276682519592697e+01 7.245124076428525939e+01 7.597321358692485660e+01 5.657148512912456084e+01 6.179969991636703242e+01 8.185926537555278060e+01 8.203275064444686393e+01 6.203989528049128666e+01 5.196158155614372731e+01 4.512619732036922926e+01 3.909197846746243243e+01
9.953738903938927352e-02 2.009953738903903542e+01 3.832009558737118482e+01 5.246223121101891707e+01 4.859996933581776801e+01 4.627998592287499946e+01 4.665263915923762283e+01 2.596174401368287121e+01 4.146176888370316505e+01 3.275742195808864210e+01 5.253680617205019132e+01 4.737957552664891381e+01 6.759350416853256149e+01 8.250164461830490836e+01 8.592549003802706409e+01 7.766346670381986428e+01 8.024918043627812381e+01 8.851263726470746462e+01 8.550165183540103442e+01 6.550814519435299133e+01 6.550814519435299133e+01 6.291313496535396155e+01 8.290835116544509731e+01 8.074750613103522312e+01 6.538100764811353827e+01 4.549331314494337875e+01 6.538100764811353827e+01 8.074750613103522312e+01 7.665795142459165845e+01 7.079619871594825042e+01 8.185926537555278060e+01 9.014672725748260973e+01 9.029627387032677177e+01 8.030613541400323641e+01 7.203632296246914279e+01 6.534474249369405641e+01 5.950815124447314020e+01
3.582433992925927735e-02 1.003582433992917267e+01 2.417795996365987321e+01 3.924711010854976223e+01 4.675534028766881534e+01 5.494281758968580220e+01 5.636727039216814461e+01 3.869266420157340036e+01 5.598566444243674312e+01 4.389323593427764081e+01 6.073435540104183161e+01 6.759350416853256149e+01 7.587598629383963100e+01 7.652663477030725403e+01 6.826623326405501757e+01 5.772892423486771207e+01 6.031594323916331035e+01 8.024918043627812381e+01 9.376933454410747970e+01 8.550165183540103442e+01 8.550165183540103442e+01 7.705461659070161318e+01 8.290835116544509731e+01 8.170622618844868157e+01 6.171199850682635457e+01 5.142990276491193669e+01 6.171199850682635457e+01 8.170622618844868157e+01 9.666791451780218836e+01 9.080947431307562567e+01 8.985573471267892387e+01 8.158982959265632928e+01 8.985573471267892387e+01 9.135405434649617007e+01 8.870430913353173707e+01 8.051685958469342097e+01 7.227023418377581265e+01
8.338298177320474514e-02 2.008338298177284997e+01 2.985614001557910058e+01 1.929619176817195836e+01 2.685309819968940914e+01 3.837327062302418312e+01 5.809967411311914276e+01 6.181303272547530980e+01 6.937192153185566212e+01 6.302253301833720656e+01 7.108571856244202536e+01 7.747615793925434957e+01 7.163640853036180545e+01 6.500801684855335338e+01 4.831189831993231820e+01 4.619547004178888727e+01 6.615425324319834033e+01 7.903396985406911313e+01 8.729698420691636329e+01 8.636436392409940765e+01 9.463074033077378999e+01 9.704051656632302070e+01 1.028855423454867832e+02 9.000989404864199628e+01 7.772696208996192979e+01 5.772939513898127473e+01 7.772696208996192979e+01 9.000989404864199628e+01 9.499419750166951815e+01 9.225617472893233639e+01 7.986784893592843559e+01 6.160572766285129376e+01 7.986784893592852086e+01 7.138086052626651679e+01 6.872866457542808405e+01 6.900270160394110519e+01 5.231304771405571330e+01
1.813270376062421294e-02 4.868845149585443899e+00 9.868844027745570457e+00 2.141440226042063344e+01 4.138776824121183040e+01 5.494281748258298137e+01 6.616038848317917598e+01 6.885824894053122591e+01 6.059573728174481744e+01 6.059573727603160620e+01 6.643670367524718756e+01 5.752930238452787393e+01 5.168594769308664638e+01 5.674559247589267130e+01 3.676713925564014573e+01 5.674559261256578679e+01 6.275536384871828943e+01 5.909683063561133309e+01 7.009159789608493440e+01 6.643437718793327917e+01 7.822729722053097134e+01 8.648782086479002373e+01 9.799437940841468730e+01 9.187570514085538775e+01 7.186636082774971612e+01 7.186636082774971612e+01 8.602654782423836366e+01 8.960926215098822922e+01 7.502124696308760576e+01 7.502124696308760576e+01 6.400757351613181356e+01 5.161543849245610716e+01 6.091677686601168773e+01 5.725025676333002167e+01 5.459712818183309224e+01 6.074794720321534669e+01 4.077113002207723724e+01
2.351309638313057310e-02 2.002351309638277499e+01 2.985614001557910058e+01 3.812190953715177955e+01 4.964838453279814701e+01 5.721014982186607511e+01 6.117855134024872399e+01 6.059573728174481744e+01 4.063024405350836332e+01 4.063024405350809332e+01 4.647797421324592193e+01 5.353123466272535325e+01 3.755510714176281084e+01 4.489653026864787222e+01 3.176699886099883230e+01 5.049476223448102985e+01 4.278740368332436361e+01 5.747325131804341680e+01 5.014024015008356372e+01 6.672138711939119560e+01 5.829847633803696283e+01 6.980918228107201173e+01 8.972665607980933089e+01 1.001867348207270538e+02 9.187570514085538775e+01 9.187570514085538775e+01 9.546701251874283400e+01 7.549249411241011387e+01 6.135208841538177893e+01 5.503435138695945028e+01 4.987886077746017577e+01 4.529764360412598023e+01 4.093803771818976145e+01 5.599834533120991154e+01 4.306204202868813979e+01 5.028100837129363043e+01 4.757314888610082448e+01
2.372884694381488524e-02 1.416586447067489019e+01 3.416586447067559362e+01 3.892145611448246001e+01 3.724295209694093955e+01 3.724295202150860007e+01 4.165831590716503996e+01 4.811638232585035979e+01 4.647800163032472653e+01 2.649266305617263129e+01 3.754027940186145429e+01 3.355348066801521867e+01 4.165393696075615537e+01 2.490788782304757021e+01 2.768083445701801182e+01 3.050860114057657668e+01 3.384147047186590385e+01 3.749325955192112758e+01 4.175882502982214106e+01 4.676153324868161576e+01 5.570287180094609880e+01 6.567818703020518001e+01 7.975663456631868087e+01 9.968295773866002207e+01 1.042553705378650619e+02 1.080841063339536419e+02 8.813472937990864864e+01 7.400028065707269320e+01 8.134289510268943957e+01 7.502124696308760576e+01 6.986065271583890990e+01 6.527650982218179365e+01 5.599833008791125621e+01 3.601754480069775610e+01 3.307019566394148313e+01 3.029936688948627221e+01 2.758361439759444522e+01
6.296921807001566729e-02 2.006296916869093039e+01 2.326413801431094797e+01 1.872449746102910595e+01 1.722278760711997592e+01 3.720558047423087089e+01 2.780270171988414063e+01 2.612996437215408463e+01 3.350639931669974203e+01 3.503101208060342486e+01 1.754873165495476783e+01 1.941372804635038563e+01 2.166383586308339559e+01 4.165394398393507913e+01 4.766829222748549455e+01 4.464762932629012937e+01 3.945345121949200973e+01 5.747325131804341680e+01 6.173142365171378998e+01 5.589147545879772139e+01 6.306464240639540009e+01 8.299203521184278998e+01 9.385743364159918656e+01 9.837168989288784360e+01 8.424379083708696214e+01 9.837168989288784360e+01 1.022371934444499146e+02 9.397776660930176718e+01 9.708164646207858084e+01 7.711366843777308588e+01 6.297813802387233295e+01 5.298680015268036669e+01 4.543683920674418886e+01 5.599833164084297010e+01 5.304012216789877243e+01 3.370493662970194748e+01 2.870046115578470136e+01
8.175220331382776484e-02 2.008175220330181077e+01 3.245982862937239588e+00 4.570515220002288714e+00 2.448247131434257895e+01 2.756962177363668332e+01 2.924340344573431238e+01 1.160887208194455944e+01 1.331758739742875974e+01 1.503891332926356661e+01 3.503101208060342486e+01 3.940489244553677395e+01 2.432688534745769360e+01 4.383154319443937652e+01 5.741988635793719453e+01 6.461098980627014043e+01 5.358555919417663915e+01 5.014099769369271087e+01 7.009120467776602936e+01 7.583030578260809307e+01 7.583030578260809307e+01 9.125566177178224336e+01 1.009357320631273041e+02 9.010504682918978858e+01 7.005874782577453175e+01 7.853131070331231456e+01 8.681297969598642794e+01 9.862151160547684015e+01 9.031724655237232469e+01 9.122678426418339370e+01 8.123937960625157473e+01 7.297014585338885695e+01 6.541716045023024151e+01 6.114728074427259941e+01 4.126694187302412331e+01 5.360809966053163578e+01 3.530889709970552559e+01
7.631710034972485901e-02 1.380973246456608239e+00 2.134204363766014367e+01 2.456665190975148860e+01 6.486167790444583581e+00 7.850156469385525249e+00 9.243622497968749130e+00 1.182561139516717397e+01 3.143549969955537549e+01 3.498014781660927497e+01 2.926875573726067969e+01 4.923760842499379464e+01 4.383154319443937652e+01 2.929231395117554726e+01 4.902201037006874884e+01 6.328468644942588384e+01 7.353075054175565128e+01 7.009120467776602936e+01 6.425394326545389845e+01 8.418360034648701173e+01 9.576244814083096912e+01 9.506444446701345896e+01 8.089828140778895715e+01 8.826293554830674282e+01 7.853131070331231456e+01 5.850574739081874043e+01 7.853131070331231456e+01 8.703435711856111823e+01 7.023889554173295835e+01 8.703435711856111823e+01 9.037424306848916444e+01 7.092212404361382028e+01 5.925666514218744396e+01 5.022757286082481443e+01 5.532390449280471501e+01 6.321217104850916968e+01 4.521384284987531288e+01
9.124702163186203252e-02 2.009124702163150644e+01 1.770805336507222805e+01 3.473021552224386710e+01 2.652317421135425946e+01 1.540944464745574471e+01 2.924340345072607406e+01 3.179710370411054399e+01 1.557195424306360998e+01 3.553067479565591924e+01 4.926106143738790166e+01 5.750715672446123961e+01 5.741988635793719453e+01 4.902201037006874884e+01 3.467190086839954688e+01 5.486297712150295780e+01 7.015662682690181384e+01 7.930971106958755001e+01 8.418360034648701173e+01 9.244892373222060655e+01 1.029223733685681879e+02 8.676711482704668299e+01 6.672661098682019087e+01 6.822275404138525801e+01 7.249337618303525232e+01 5.250394083343218909e+01 6.467277641779571695e+01 6.801999544510604778e+01 5.857306240068345460e+01 7.798255357032465440e+01 9.841897522006482291e+01 8.708153169531108517e+01 7.822083973078952113e+01 6.166865845521972744e+01 7.520615466933932680e+01 7.305578366621837461e+01 6.489121306440802073e+01
8.187870513261463756e-02 2.008187870513225803e+01 3.766704820734188530e+01 4.586145778147044183e+01 4.361641969398261409e+01 2.540936882200049141e+01 4.368432342278146763e+01 3.821707970280812816e+01 1.826875269061126161e+01 3.821830263951608231e+01 5.043318157887745912e+01 5.217860964406975199e+01 7.191646972606369559e+01 6.328468644942588384e+01 4.886257665025506469e+01 4.116188167910517848e+01 5.036511724730306128e+01 6.235001136860472570e+01 7.679011154810584117e+01 9.693359308419340437e+01 9.462733996513107115e+01 7.458198535619200698e+01 6.301504055389199976e+01 5.409323743499583514e+01 6.653221101604289345e+01 6.191468751019840511e+01 4.470137852096176090e+01 4.797239535471551619e+01 6.214869002403279552e+01 8.219096572640133047e+01 8.560953916541066633e+01 8.779067860879821694e+01 8.964015563694253785e+01 8.151559283028494463e+01 8.125910175251158307e+01 7.295563505603229260e+01 6.627420917354281471e+01
2.239863785106879432e-02 2.002239851470206133e+01 3.001991739185588770e+01 5.001991389266387245e+01 5.370116096614243162e+01 4.540719472162791703e+01 5.370166863949413738e+01 4.642323255669548843e+01 3.239653834427450363e+01 2.230934368327089956e+01 3.230377650544377843e+01 5.217860964406975199e+01 6.377215488135308874e+01 7.515419092619238484e+01 6.934922531885958108e+01 5.311400471310314231e+01 5.146294906489463017e+01 6.607944279802610765e+01 8.636766779045065334e+01 1.014083676043029101e+02 9.312376630596732241e+01 9.135245841143292012e+01 8.239138006765712419e+01 6.653341916596164651e+01 4.657662529097429882e+01 4.201034350414758478e+01 3.953756124384334214e+01 5.364023876024552351e+01 7.346295980988983843e+01 7.967068130018463989e+01 6.563691073145048449e+01 6.782253565756245450e+01 8.779067860879821694e+01 8.713796801103534051e+01 6.708112039997921272e+01 5.291135740856397263e+01 4.623747511412038591e+01
1.991760116496149591e-02 1.001991760116487384e+01 3.001991748877628652e+01 4.811959882775880715e+01 5.527669864627015528e+01 4.699324942785870718e+01 5.527793057068416971e+01 6.045000691399123127e+01 5.043318110150313771e+01 3.384618602194679937e+01 2.683828604505444204e+01 3.577533743242362618e+01 4.727401038237001529e+01 6.701255861316606399e+01 8.244793466111680402e+01 7.414071154976187472e+01 6.607944279802610765e+01 6.830317040939664253e+01 8.856740270257104441e+01 8.986054491286901680e+01 7.312209437015687286e+01 8.986054491286901680e+01 8.444199776935259649e+01 7.482838332383717272e+01 6.653341916596164651e+01 5.579887393965428544e+01 3.584730419490156095e+01 5.571890701381322231e+01 6.784783705738368553e+01 6.205874215996707477e+01 5.149424522096440171e+01 6.563691073145048449e+01 8.560953916541066633e+01 8.713796801103534051e+01 6.708112039997921272e+01 6.627420917354281471e+01 6.627420917354281471e+01
1.766589122093755945e-02 3.939988593984626419e+00 2.393998944262038719e+01 2.811964115554037491e+01 3.882822710003478051e+01 2.699318392299682756e+01 4.699319324994026914e+01 6.596524558631303137e+01 6.187651307831465886e+01 5.370898590235032088e+01 4.094491591968377975e+01 3.191731751746543821e+01 5.178088201872458285e+01 7.066948040109386397e+01 7.184286934536558533e+01 8.941259598345041582e+01 8.636766779045065334e+01 8.856740270257104441e+01 8.678477417003061589e+01 7.849985260901098627e+01 6.157193051125768335e+01 7.858225878895478900e+01 6.443774009248664925e+01 7.858225878895478900e+01 6.717740689513260577e+01 4.721316492563708778e+01 3.310618065020803158e+01 5.237962081796266745e+01 4.804259867058084410e+01 4.207329179799594954e+01 6.205874215996707477e+01 7.551212990308273731e+01 8.379415131028873986e+01 9.543708310504388237e+01 8.713796801103534051e+01 8.632472554906331652e+01 7.970485095300628586e+01
6.490672536223988931e-02 2.006490672536188313e+01 9.713491285880934356e+00 1.397750561299318051e+01 1.882821811371992382e+01 3.882812984133530421e+01 3.768363359546852109e+01 4.923063878982431874e+01 6.923032704533451920e+01 6.889265177819163455e+01 5.594790430894079236e+01 3.608561101931722703e+01 4.341368365394996687e+01 5.326844735728938218e+01 7.218697482668942200e+01 7.709096559108689917e+01 9.623046780884678242e+01 9.264356303804686377e+01 7.264133592702664544e+01 5.849354274484621641e+01 5.340075592894712742e+01 6.963388637286395522e+01 5.028502060268372986e+01 6.963388637286395522e+01 6.771013109590526824e+01 4.523348233965275966e+01 3.045852530403328728e+01 4.388634479274000455e+01 3.391760352245199783e+01 5.392634167796574474e+01 5.918414482949894762e+01 5.551451392405255802e+01 7.187865918328245129e+01 8.016152518924604919e+01 9.016133726412662952e+01 8.341560527038072337e+01 7.342939395755762177e+01
