MOVIE_S12_data/elevation_000704.asc
nrows	50
cellsize	150.0
xllcorner	0
ncols	50
yllcorner	0
NODATA_value	-9999
[rows 17 to 33 of 50, columns 0 to 36 of 50]
5.436832538903087209e-02 1.806778143100167000e+01 9.899718558229958276e+00 2.644850352115442860e+01 2.870212688387938016e+01 3.100153339700999311e+01 1.447626708548471974e+01 2.156790437577991781e+01 3.061014418275614091e+01 4.238254421854747989e+01 6.272537737504966771e+01 8.181856658332765164e+01 7.350360983520013747e+01 7.611429985489152727e+01 8.442577278936197160e+01 8.374842680253124172e+01 8.374842680253124172e+01 9.203988081120229481e+01 9.600964543453743261e+01 7.604364273348197401e+01 6.189813939259563824e+01 5.998649811254224318e+01 3.995554885464473216e+01 4.680867140694721229e+01 3.609361211956545645e+01 5.926493320126236597e+01 6.883225650274920326e+01 5.045197134865290423e+01 5.683284101083003037e+01 7.693933835394379628e+01 7.933540097338941166e+01 8.760123247068294461e+01 9.066161587923036791e+01 7.900327504083470842e+01 6.536731135554296657e+01 4.502459677016600637e+01 4.453055485110274958e+01
9.647730019007895452e-02 2.106552930777640054e+00 4.126858024453535556e+00 6.309037073874326218e+00 8.545106745068743237e+00 1.082433003494545787e+01 1.979336855310470966e+01 4.006907675906987265e+01 4.187055127852494962e+01 5.935922058574484339e+01 7.107194258625477801e+01 7.646525475459218057e+01 6.826864416136096736e+01 7.646525475459218057e+01 7.789973532153696567e+01 6.375958983187167206e+01 6.375958983187167206e+01 8.374842680253124172e+01 9.354193049537617810e+01 7.357416002952655276e+01 5.942487885559722827e+01 4.940433607630783541e+01 5.998649811251201669e+01 5.776519177671250560e+01 3.925265640772978770e+01 5.921162309616727271e+01 7.567872556707985154e+01 7.059293268906503727e+01 7.059293268906503727e+01 8.522376289527527149e+01 9.721807009370182584e+01 9.502354004486157635e+01 8.232656007836716583e+01 6.210462957770995729e+01 5.034370216312190394e+01 4.261634854004314832e+01 3.541427318836562677e+01
9.953738903938927352e-02 2.009953738903903542e+01 2.425110758196290206e+01 2.051452689174306343e+01 2.870212688387938016e+01 1.715542167613472202e+01 3.740500491634126945e+01 3.633865088553626777e+01 5.666769402497715902e+01 7.053983384206385665e+01 7.088926656962719619e+01 6.276085015708993353e+01 4.835824193997919451e+01 6.652792507453719395e+01 6.961418386495671484e+01 4.964245487297253590e+01 6.295694110865937887e+01 8.294462949305405175e+01 9.890989234210377390e+01 8.769070493634616525e+01 7.769722628757757832e+01 6.097317827378805077e+01 6.498163855170470526e+01 4.499371869249934974e+01 5.921162309616727271e+01 4.737134513349221265e+01 6.150376347028696955e+01 8.156719520993539163e+01 9.063112226699760754e+01 9.721807009370182584e+01 7.706093799355046770e+01 7.485162291474028962e+01 8.493758147980086903e+01 7.900327504083470842e+01 7.065142306027435382e+01 6.151962060044485980e+01 4.117357828356316674e+01
3.582433992925927735e-02 2.003582433992890444e+01 3.836765422923401303e+01 4.077439037877447703e+01 3.740500689951979041e+01 3.144799176125221862e+01 3.144799184126585700e+01 5.178654626102095193e+01 6.502935370840162932e+01 7.660091144413803477e+01 5.694022588624601156e+01 4.283357071097972124e+01 3.834964064417511764e+01 5.334827202183831218e+01 5.663880859538220136e+01 4.297725929346601248e+01 6.295694110865937176e+01 8.192170898937553147e+01 7.890193000144209634e+01 9.890989234210377390e+01 8.923511270385374416e+01 8.096740241467767873e+01 6.925205601998237626e+01 4.922202262574779041e+01 6.925205601998237626e+01 6.738020657295649585e+01 5.803854123701209033e+01 7.223613729253152371e+01 9.228234273350533101e+01 9.502354004486157635e+01 7.485162291474028962e+01 6.040776280074518922e+01 6.463827148162442882e+01 7.665042287544929422e+01 7.938466545253996287e+01 6.989169358602880777e+01 5.816757210845307924e+01
8.338298177320474514e-02 1.008338298177311820e+01 2.422551860550381875e+01 4.422551860550310465e+01 5.772159620084895693e+01 5.178651363758719128e+01 5.178655574028364583e+01 6.016228959848861280e+01 7.322074611008292777e+01 6.853850871500532094e+01 5.447233967092258666e+01 4.618388350933643949e+01 3.015616116349463027e+01 3.333131984174235640e+01 3.663473250821701299e+01 5.663880346572533142e+01 5.365836844032133968e+01 6.258595694586706770e+01 8.257345949962282816e+01 9.300480901497344632e+01 9.501733453543718610e+01 7.497879441092668173e+01 6.076327471605532082e+01 5.551513326443713936e+01 6.556936522569415615e+01 8.563815093500984688e+01 6.963055643462885769e+01 8.639734642129019448e+01 9.740659595090519929e+01 8.100945955692287725e+01 7.265600275031914634e+01 7.058380172668239538e+01 5.009606923430000336e+01 5.624232709952167397e+01 5.901221441542350732e+01 7.336764797586455700e+01 6.575148993492997818e+01
1.813270376062421294e-02 2.001813270376026921e+01 3.574487081444421221e+01 4.401655827812428612e+01 5.555292695528843439e+01 6.455086446788216392e+01 5.626532275752711598e+01 6.455086446788216392e+01 5.338604785518487006e+01 5.338198534672704909e+01 4.039711295320087459e+01 2.622218084333827193e+01 4.625606892555594385e+01 5.335016098618594071e+01 5.663881130594580782e+01 4.449659670422575886e+01 5.052429194462877859e+01 5.717733274226524998e+01 6.472134550803482966e+01 7.625727649706617228e+01 9.626339562728527710e+01 8.913483197246220868e+01 7.497879441092668173e+01 6.220183616301698493e+01 8.230664706594252777e+01 9.392103831458271657e+01 8.382964259376144867e+01 9.740659595091273104e+01 7.726763436882457370e+01 7.265600275030706712e+01 5.216477838436105685e+01 6.541126089832654600e+01 6.092502413951218898e+01 4.169723564387072656e+01 4.447276928538239815e+01 6.315176564406324644e+01 5.734271962678683821e+01
2.351309638313057310e-02 7.582802546570245994e+00 1.574776794003893521e+01 2.729471021160962252e+01 4.728800486397459935e+01 5.452276720303662216e+01 3.618712215439985869e+01 5.452276720303662216e+01 5.168541577389950703e+01 3.355067386767493076e+01 4.362544665416351108e+01 2.359197547206742129e+01 4.362544665416351108e+01 5.530197448607493982e+01 6.358685486483350502e+01 6.447498050938349934e+01 7.049696166039954903e+01 7.715677611946669856e+01 8.471285736201353700e+01 9.300480901497344632e+01 1.045588973424630836e+02 1.032908695339968688e+02 9.059023194745124385e+01 7.383583617271078481e+01 7.863265783597860548e+01 9.865402445976327783e+01 1.038289458549539575e+02 9.521347600361114871e+01 7.506054619578962672e+01 6.061480166720081542e+01 6.541126089832276591e+01 4.485274136556656543e+01 4.038434095900129961e+01 5.472596823009320843e+01 3.425644394152725880e+01 4.855417443898048901e+01 4.608016590906152032e+01
2.372884694381488524e-02 2.002237955092608246e+01 3.427010809299753191e+01 4.244707787179751790e+01 5.401436108911016021e+01 4.622511617223958069e+01 2.608012067794700428e+01 4.592713053320105132e+01 4.159313711539529379e+01 2.356135898754285662e+01 3.769845158102398841e+01 2.102907779317332881e+01 2.770872536324246838e+01 3.529031445539731493e+01 4.944626555855672478e+01 6.943890181802257189e+01 7.343689274578736104e+01 8.170985342881978397e+01 8.508260877229332664e+01 9.093502092713211482e+01 9.214203207951328523e+01 1.004227291592574289e+02 1.021490552217509133e+02 9.387798993675085057e+01 9.865402445976327783e+01 9.554569730985375031e+01 1.038328724238278085e+02 1.010837367899602839e+02 8.096320267571604745e+01 7.086905741421652749e+01 7.379828921509989925e+01 6.541126089832648915e+01 5.486790712172705042e+01 3.439237238597485202e+01 3.123724381132613814e+01 2.815297746391098954e+01 2.570127174617045540e+01
6.296921807001566729e-02 2.003832120212781831e+01 1.428649133419371431e+01 3.089376041320931776e+01 3.424516464781071079e+01 3.945267515239905265e+01 1.937650674105972115e+01 3.083556035717288779e+01 2.822761337981596697e+01 1.539162843903736011e+01 1.767101945024813503e+01 3.183421314045676809e+01 4.773069727826707265e+01 5.530197448607493982e+01 6.358685486483350502e+01 7.018793359953441779e+01 5.348711642222774998e+01 6.627427449491561617e+01 6.512980748670319997e+01 7.097384767958487828e+01 7.217495568264249073e+01 9.214203207951328523e+01 9.627247336577620729e+01 8.798593619969288682e+01 8.140267930981384836e+01 7.554444944131053319e+01 9.554569730985375031e+01 1.074371119128710745e+02 8.737607998907802198e+01 8.432652661775173897e+01 6.402220115246043974e+01 5.213126133600937351e+01 4.182894934076809079e+01 5.486790712172707885e+01 5.167016583536384644e+01 4.855417443898048901e+01 3.285950806219442910e+01
8.175220331382776484e-02 1.409198826513773151e+00 2.739579036989254313e+00 1.428648228875333892e+01 2.602428635229848908e+01 2.740691454858499299e+01 2.879928759045732178e+01 1.083298594563787809e+01 1.232369794423449960e+01 3.235344319830686999e+01 3.675793042287401136e+01 4.559884880108455718e+01 5.996887160150949114e+01 6.105203122518976500e+01 5.277766529006714080e+01 5.637497275829959165e+01 4.193002749931169859e+01 4.631536650673333355e+01 5.103524563108786083e+01 5.808465927780076754e+01 7.217495564146167908e+01 9.214200498853730892e+01 8.798593619969288682e+01 6.798347441989561446e+01 6.139916042126533569e+01 8.140267930981384836e+01 9.257405862273071762e+01 1.008616943017730847e+02 1.074371119128710745e+02 9.264645408828391737e+01 7.680268943771068280e+01 5.638830545576119846e+01 5.104197935338218883e+01 7.076792301371213512e+01 6.777966999332301157e+01 4.731757488030465453e+01 4.731757488030465453e+01
7.631710034972485901e-02 2.007631709584813251e+01 2.273959996140079554e+01 4.659640479938540025e+00 6.026812333987872528e+00 7.406943452672586581e+00 8.797039546386869802e+00 2.879933195435087256e+01 3.235344319830686999e+01 1.528870456000420397e+01 3.532258219561764179e+01 4.663128345093135607e+01 4.523546128771693020e+01 4.791565238468088950e+01 3.273107159756114726e+01 3.634601022836755391e+01 5.637497307262898261e+01 6.627427449491561617e+01 6.254278636283078185e+01 7.097384767958487828e+01 8.629884242094999536e+01 9.290980808986664385e+01 8.462238351547883042e+01 7.384205983477346535e+01 5.383643896696974451e+01 7.384205983477346535e+01 7.257204133478758479e+01 8.516848247604272615e+01 9.345550033335712214e+01 1.001636027486633083e+02 8.514754057770700513e+01 7.680268943771069701e+01 6.294227308077819316e+01 7.989068464239598200e+01 7.615848595579096525e+01 6.777966999332301157e+01 6.777966999332301157e+01
9.124702163186203252e-02 2.008415667428587170e+01 3.295481632696657925e+01 2.467128275971893814e+01 2.016894377112457448e+01 2.740690712691007747e+01 1.481824123726885922e+01 3.437461822976407433e+01 4.361093316480474869e+01 3.532258219559653867e+01 1.832119848079019420e+01 3.836114960122681339e+01 2.518162692406437486e+01 2.785893816548184176e+01 3.246696361856616164e+01 5.251498350522903280e+01 5.637497299340705581e+01 7.634047057022071670e+01 8.249089161622615052e+01 9.076841065732982372e+01 9.921451614207400382e+01 8.462238351547883042e+01 6.461892549831729582e+01 6.849533275641523744e+01 4.848935585869975284e+01 6.849533275641523744e+01 6.102223558834888451e+01 6.516525130983488623e+01 8.516848247604272615e+01 8.016176937019494630e+01 9.080363134041049022e+01 9.158335901290772085e+01 8.326131622815940148e+01 8.737458181370367072e+01 7.905873873170011734e+01 7.971906544201583245e+01 7.140837360279289214e+01
8.187870513261463756e-02 2.008187870513225803e+01 2.865987702953304250e+01 3.695768320101840487e+01 4.016882500807439271e+01 4.258492024312247537e+01 3.437465159324716524e+01 2.530028932914051154e+01 4.479495843767867314e+01 4.647261587390120496e+01 3.242503004089960683e+01 2.146448901444628632e+01 4.151154513976453586e+01 4.791565031217864856e+01 5.251498367612438045e+01 3.958154782896698265e+01 5.958851471720603854e+01 7.600949901727078384e+01 8.598821809080052958e+01 9.118905476400601628e+01 8.290271554867848636e+01 8.290271554867848636e+01 7.047779573596559999e+01 5.047273739021841266e+01 4.363782909451345660e+01 6.207748420442865722e+01 5.101889603655901340e+01 7.102406196008544725e+01 8.275756748718870881e+01 6.601765386324504448e+01 7.080119717332856055e+01 9.080363134041049022e+01 9.323321001504554317e+01 7.318748048667055173e+01 5.903358127145823175e+01 6.639371711612470506e+01 5.138761680058330228e+01
2.239863785106879432e-02 4.286412971384147674e+00 8.650770917512417668e+00 2.019876644392122955e+01 3.434949945371204194e+01 5.438570767889356716e+01 5.308681124346488645e+01 3.644281285200993636e+01 5.308681211307369807e+01 5.974832452972634655e+01 4.572141497440107827e+01 2.583383311976509233e+01 4.588693538085617973e+01 6.311339665390190845e+01 6.785891428372487155e+01 5.958851471720603854e+01 4.777511360662594342e+01 5.776413839300694519e+01 7.771297342473702940e+01 8.290271554867848636e+01 6.289923102353175466e+01 6.289923102353175466e+01 7.704414289376886416e+01 5.892786642161588162e+01 3.892351126251401894e+01 4.207262220058268554e+01 5.362246675564820464e+01 7.362699610957247387e+01 7.447171223275628904e+01 5.446668443209082255e+01 7.447171223275628904e+01 9.057641060080953821e+01 9.316546096985169356e+01 7.795443086344270966e+01 5.793068728132798384e+01 4.637854238657476458e+01 4.005288712992559397e+01
1.991760116496149591e-02 2.001991760116460739e+01 2.865987702953304250e+01 1.621015967058223239e+01 3.623851888023453682e+01 5.227854084566921955e+01 6.060173439446300137e+01 5.620414287161850098e+01 6.456875186108260323e+01 6.003504196348225008e+01 4.002659775655327223e+01 3.587486835696173415e+01 3.481514715125132398e+01 4.640040778243451314e+01 6.637863953373285142e+01 7.600949901727078384e+01 5.776413839300694519e+01 7.600949901727078384e+01 8.598821809080052958e+01 8.290271554867848636e+01 6.289923102353175466e+01 4.875299806729528029e+01 5.981155527736945743e+01 5.500468935628486378e+01 3.500082731788906898e+01 5.500468935628486378e+01 7.036190595017197325e+01 8.190896779578875453e+01 6.814556698224704689e+01 4.814001977082460115e+01 6.228665684275388514e+01 7.316215084622197651e+01 7.316215084622197651e+01 8.626928522632493923e+01 7.422197987379017547e+01 5.420008625671756874e+01 6.006436312496246188e+01
1.766589122093755945e-02 1.415980151495201333e+01 3.415980151495271855e+01 3.025839284814222552e+01 2.515573506488584954e+01 3.222965295029523247e+01 4.379308248679770799e+01 5.798118474312306603e+01 7.808648737317389532e+01 6.830307891147826638e+01 6.003504196348225008e+01 4.745643062344333174e+01 4.640040778243451314e+01 5.484420205418819450e+01 7.464410140190956611e+01 8.598821809080052958e+01 7.771297342473702940e+01 8.598821809080052958e+01 9.151874742523125406e+01 7.151638698755230905e+01 5.737071043230055523e+01 4.736758312407673799e+01 3.980698360406474023e+01 3.533423092398446386e+01 3.201870686413069222e+01 4.356776445085181848e+01 5.771327397554019001e+01 7.771666163375421377e+01 6.279885958938466928e+01 4.279379203565027723e+01 6.161254946402794275e+01 5.315765444509425919e+01 6.730339682518760469e+01 8.730643426241064731e+01 8.253432978053557179e+01 7.422197987379017547e+01 6.696299221338229302e+01
6.490672536223988931e-02 2.006490672536188313e+01 3.819922515033680099e+01 4.954624440378263017e+01 4.518997812873087838e+01 5.227854093460701534e+01 6.060210951661051126e+01 6.182983955328457171e+01 6.182983954531515991e+01 7.010675348702056908e+01 7.569720150753416021e+01 6.743176994507876998e+01 6.637863953373285142e+01 7.464410140190956611e+01 8.307790355882281119e+01 9.242610358465739750e+01 9.314798608065213159e+01 8.485972109279245501e+01 9.103872203438720589e+01 8.566097935146471798e+01 7.565885885428316726e+01 6.737282657615584469e+01 5.981155527736945743e+01 4.916497736758416437e+01 2.916059349294727099e+01 4.916489579440813174e+01 6.665594371355088299e+01 7.551395007615502664e+01 5.779759270095107127e+01 3.779320492262501574e+01 4.160784139815780946e+01 5.315765444509425919e+01 6.730339682518760469e+01 8.730643426241064731e+01 9.255816409487083263e+01 8.423781797127561788e+01 7.527070350073290683e+01
