MOVIE_S12_data/elevation_000188.asc
nrows	50
cellsize	150.0
xllcorner	0
ncols	50
yllcorner	0
NODATA_value	-9999
[rows 0 to 16 of 50, columns 0 to 36 of 50]
8.271705653423140625e-02 2.127631151761726416e-02 9.425194436011796739e-02 4.939197167322698090e-02 3.975871534419905817e-02 6.171646774684565184e-02 1.696294146011132625e-02 1.936121709489252440e-02 4.216450047424835645e-02 2.297044857093000214e-02 6.704298068806634203e-02 4.162315340452049650e-02 3.835349583220235004e-02 2.777463300387698203e-02 2.207885817162396139e-02 7.161913568127860341e-02 9.025521335945362045e-02 3.502399586135773735e-02 8.040414306008919487e-02 3.131346976591601466e-02 7.604099264847130613e-02 2.387740603804927586e-02 5.687112022313325910e-02 4.074439634684711570e-02 8.709178300582484655e-02 7.612946965408906586e-02 1.077918208624280109e-02 9.929772718869623455e-03 4.600412614040166881e-02 2.152795518990661267e-02 2.378824418737431057e-02 9.511189423522797837e-02 9.406546861214974686e-02 1.749038473908382007e-03 2.223905489293687143e-03 6.269637160239108220e-02 9.476101746191394060e-02
7.639902522890137937e-02 2.002127631151726206e+01 2.009425194435976181e+01 2.004939197167287190e+01 1.158676409913661409e+01 8.226682277024035983e+00 4.867675442186750523e+00 2.001936121709453786e+01 2.004216450047389131e+01 2.002297044857057529e+01 3.153109979929910711e+00 2.004162315340416356e+01 2.003835349583184566e+01 8.192740442281209567e+00 2.002207885817126964e+01 1.380366200476476024e+01 2.009025521335909659e+01 2.003502399586100324e+01 1.267185801425420033e+00 1.411315345349585826e+01 2.007604099264811737e+01 7.679575407661743291e+00 2.005687112022277674e+01 1.418288002007792237e+01 2.008709178300546938e+01 3.506101172504272778e+00 2.001077918208588713e+01 2.000992977271851458e+01 7.605293586324913591e+00 1.416366357892098193e+01 1.157079362797999167e+01 1.423724751796630272e+01 1.423620109234322584e+01 2.000174903847355168e+01 2.000222387613627006e+01 1.987241591172703270e+00 1.079294818754684471e+01
7.813061968023242432e-02 1.422026624341130763e+01 3.422026624341201284e+01 3.987103534659750892e+01 3.158676409913625704e+01 1.717095418702303533e+01 2.486765882682940543e+01 1.217064287555546542e+01 3.217058266170911907e+01 2.627660452494290766e+01 6.276585217702045583e+00 2.627660452494290766e+01 3.647701168994365872e+01 2.233487606601241282e+01 2.819274044228156484e+01 3.120570629030828869e+01 2.601306879519432513e+01 2.957494231773329929e+00 1.556448669314893962e+01 1.896037405240710427e+01 3.482935638524153887e+01 2.210329946008861057e+01 2.431311756402347157e+01 3.418288002007862758e+01 2.698765429161860041e+01 6.987654291618245139e+00 2.698765429161860041e+01 3.577025939560139278e+01 1.577025939560210333e+01 3.416366357892168537e+01 2.571292925171119492e+01 3.423724751796700616e+01 3.423620109272813750e+01 2.477237139330269855e+01 4.751741730131373131e+00 2.198886698149252439e+01 1.925923217860714232e+01
1.795629399984677299e-03 2.000179562939963063e+01 2.819023367191815410e+01 4.819023367191886109e+01 4.545522543441567365e+01 2.871795957081534567e+01 3.771753529549495454e+01 1.771764483770207121e+01 3.771753529549495454e+01 2.981215606001084950e+01 9.812119123634813533e+00 1.782359064693757489e+01 3.782363622083963151e+01 4.233487606601311626e+01 4.819274044228283316e+01 4.204441755099546896e+01 1.796051512238676651e+01 4.157014319166700389e+00 2.298937007541208288e+01 3.188114472453732873e+01 4.408787333869906178e+01 4.227711312584445125e+01 3.859760633882949321e+01 4.698765429161592522e+01 2.698765429161788987e+01 1.405872210348365847e+01 1.331220961195494823e+01 3.331220961195565167e+01 2.731726477939441367e+01 4.405453064258168894e+01 4.571292925171189836e+01 5.038794206121258412e+01 4.039053869621742621e+01 2.676065047206729730e+01 6.729643856290193682e+00 2.676062302752845312e+01 3.628164864374758025e+01
2.526786264046545702e-02 8.190233671917797054e+00 2.233236929564899853e+01 4.233236929564970552e+01 5.700223081816018578e+01 4.871795957081463513e+01 4.404199917735760295e+01 2.404220015719533521e+01 4.404199917735760295e+01 3.346366300969771146e+01 1.346360284033595178e+01 3.346366300969771146e+01 3.196572944406828398e+01 5.196587420844147687e+01 5.805168442924080097e+01 4.789348441054720240e+01 3.292325019717464585e+01 2.415914821265401002e+01 5.875136733004683087e+00 2.581885296136148256e+01 4.136845321590720204e+01 4.957329511980817927e+01 5.864904083316861261e+01 4.560572748727526005e+01 2.560572748727597059e+01 3.405872210348294971e+01 1.802625481986518352e+01 3.802625481986446943e+01 4.731726477939370312e+01 5.560153602604115974e+01 5.624395520307729868e+01 3.624793394379312161e+01 2.211101520666337095e+01 1.210056053745260307e+01 2.676065047206662939e+01 1.011449375497264036e+01 1.643408114212506632e+01
8.483503398980346555e-02 2.008483503398944947e+01 3.647450491938069916e+01 3.934034397077132184e+01 5.934220586513651341e+01 5.818638483406378725e+01 3.818434335668393231e+01 3.818430055359618791e+01 5.232502789263834586e+01 3.731269695761432104e+01 1.731260463493352475e+01 3.731269695761432104e+01 5.196587420844151239e+01 6.025073133654728963e+01 5.000204600538458521e+01 3.057544827316958447e+01 2.091069695865907008e+01 1.365885325935629169e+01 7.096776208674346442e+00 2.675300575573150397e+01 2.148569948952166442e+01 3.557319695131211290e+01 5.538633654788002048e+01 5.388999873269753493e+01 3.715273287106807487e+01 4.435081014020111922e+01 2.435081014020182977e+01 2.957326020365749741e+01 4.957326020365678687e+01 6.496481968291500664e+01 5.341910699499104709e+01 3.827798811868701989e+01 1.828440903702830056e+01 3.210782409027523698e+01 3.276881564477458397e+01 1.274360532802329260e+01 3.276881564477478292e+01
4.163169627051844027e-03 2.000416316962669683e+01 1.934012147199014109e+01 3.348227034939966984e+01 5.348376043596278606e+01 6.648456914240097149e+01 5.818614496313804096e+01 5.818104163271669904e+01 5.604738485385394853e+01 3.604309432209666397e+01 2.190091931234483980e+01 2.996171624478400020e+01 4.150872863161234250e+01 6.150930013996642032e+01 5.805168442924080097e+01 4.833736797551078013e+01 4.027888564619406253e+01 3.328341537954035800e+01 2.703548971188486050e+01 8.864173543419102685e+00 2.297310734353655803e+01 4.285872748958674094e+01 5.640538109026994817e+01 6.543700411508199011e+01 5.715273287106727906e+01 5.142187795206646683e+01 3.142187795206718093e+01 4.957326020365678687e+01 4.590319182221143990e+01 5.668051904624481097e+01 3.668371488053290363e+01 2.514285955775383385e+01 3.827798811868701989e+01 4.656047035627809549e+01 3.544218207388193775e+01 1.543652582259746886e+01 3.544218207388193775e+01
2.434392073152260791e-02 6.691010587398218412e+00 2.083314664981574893e+01 4.083323016334931310e+01 5.947849216559591667e+01 5.126100567738708236e+01 5.383428123630687168e+01 6.205466879595127239e+01 5.823155876172854306e+01 3.823087779243721940e+01 2.744792127459910347e+01 4.744813136489138827e+01 5.824768749438033666e+01 6.979586087477788681e+01 6.286938558260299459e+01 5.140095780611926557e+01 4.317034238939389468e+01 3.347880077809102772e+01 1.390337201053309535e+01 1.013364377278915995e+01 3.007712403317691141e+01 2.834587750426694797e+01 4.821209577079975617e+01 5.566369445591768539e+01 6.385289175693545616e+01 5.970614919883728078e+01 4.142187795206682921e+01 5.970614919883728078e+01 6.004532744594189353e+01 5.513358499752690278e+01 3.513713255895068954e+01 3.668371488053290363e+01 5.341910699509046623e+01 3.944644724662204993e+01 1.944757685144154635e+01 3.543772874690578334e+01 3.531839120652804098e+01
5.883922493566802470e-02 2.005883922493531202e+01 3.497556691242454718e+01 4.410907643969879643e+01 4.794703707748868027e+01 3.126605424763840801e+01 3.386060336976624541e+01 5.383474517930537928e+01 6.651859491337806674e+01 5.500754847941031045e+01 3.500721073778782255e+01 4.159006729789562939e+01 6.159074908468322462e+01 7.015049713708394563e+01 5.463505617757336097e+01 3.477758940223216655e+01 2.361514502797429316e+01 1.947668098160983874e+01 3.347879714599713452e+01 3.007694902959885397e+01 1.205178527567242064e+01 3.199139648021179738e+01 4.163840986481138629e+01 3.582894677103279690e+01 5.566369445591768539e+01 6.970614919845864677e+01 6.142187795206611867e+01 6.970614919845864677e+01 8.004532744593896609e+01 6.341785082725527189e+01 4.407851554282496664e+01 5.668051904624481097e+01 6.496481968321457146e+01 4.775212233138992701e+01 3.944216498739850607e+01 2.361757764557828310e+01 3.068332066282540893e+01
2.016265153036126551e-02 2.002016265153000774e+01 2.654494936562143081e+01 2.411697657212364021e+01 3.368901602214597091e+01 1.971907360077610960e+01 3.971958544138275471e+01 4.788357677194359496e+01 6.788025077903932925e+01 6.329400009016219997e+01 4.500721145530587108e+01 6.159074908468322462e+01 6.987800797836334254e+01 6.193063364437862361e+01 4.195087189321628074e+01 3.060891640755828647e+01 4.317034238940612312e+01 3.900116030400759115e+01 4.720802505560048701e+01 3.546417040756289651e+01 1.552506035598895551e+01 1.416171388096243611e+01 2.170925796950586317e+01 4.161056892766920612e+01 5.727022712178118269e+01 6.966835076945605465e+01 6.540707084845465147e+01 7.359258198106807924e+01 7.997043571800013240e+01 7.236181562913202470e+01 5.821942092268435687e+01 7.236181562913202470e+01 6.561591868395866811e+01 4.559787862711570483e+01 3.145656405814831302e+01 2.769650695468673973e+01 4.769726953766978994e+01
1.256007409845548775e-02 3.256988496713699721e+00 6.544968242820831783e+00 9.974939945671039254e+00 1.368884670921210933e+01 3.368901630775655320e+01 2.788403953176755579e+01 4.788613080967274982e+01 6.773462280888848852e+01 7.329537689504574871e+01 6.500788550351484218e+01 7.329537689504574871e+01 7.189318407438018710e+01 5.196808326851110849e+01 4.040120390039942322e+01 4.454862467737243747e+01 5.863804648494284066e+01 5.432687410714576970e+01 4.061461344499567616e+01 2.067932164123980954e+01 3.546127975407581800e+01 3.284892585036896406e+01 1.632443417029237764e+01 3.033643394395717863e+01 4.629897824023823460e+01 4.992131755984162567e+01 4.569566727281186047e+01 6.027004547678483704e+01 6.027004547678483704e+01 7.829848133709712954e+01 7.821955326245932838e+01 7.505644058523556339e+01 5.503006942223652942e+01 4.088178322955533872e+01 5.146102681370106069e+01 3.195725038208151148e+01 5.196237682637841715e+01
1.283213977233468341e-02 2.001283213977198017e+01 2.654495295096158713e+01 2.411707737825189923e+01 2.523585274489849795e+01 4.197476225926743609e+01 4.202638399326207264e+01 3.943108440709704610e+01 5.357414288135281311e+01 7.358756664091070832e+01 7.298043185612701222e+01 8.127088146511603384e+01 8.009479582203323389e+01 6.861211350568933653e+01 5.196808326851112980e+01 6.451046636400680256e+01 6.112616262094466890e+01 4.613564839405615459e+01 2.622976804466550504e+01 4.061461344499567616e+01 4.867731230563542510e+01 4.389986066135181630e+01 3.625812544919121905e+01 1.851833662986302897e+01 3.006188328801602339e+01 4.653709324860712115e+01 3.421108502647082616e+01 4.052681145444307731e+01 5.043376770814995069e+01 7.010632324541965943e+01 8.772358496110123838e+01 6.769507112213736377e+01 5.353516875407301256e+01 6.089565773332022047e+01 5.643657662209439962e+01 3.642734684582130456e+01 5.057204031121593601e+01
9.594114293757748102e-02 2.009594114293722100e+01 3.828822147652222441e+01 4.411725032538251412e+01 4.523625247696569573e+01 5.352290159435921169e+01 6.203281104592391415e+01 5.943593898576728662e+01 6.773462280888865905e+01 6.969068897400629226e+01 5.290531873868820867e+01 6.969068897400629226e+01 8.457784197491862699e+01 8.009479685515829317e+01 7.189318408241264535e+01 6.888099289301949568e+01 5.294164405477966540e+01 3.309969463875056306e+01 3.517884428624357440e+01 5.432687410714576970e+01 5.554052072257883310e+01 3.572819737020893172e+01 2.159728391144275506e+01 3.845546783705030691e+01 2.177734562783573935e+01 2.663672828410106419e+01 4.653709324861036833e+01 6.027004547678483704e+01 6.844681735567219505e+01 7.829848133709712954e+01 8.261429895765837728e+01 8.183711432999038493e+01 7.356128700848134372e+01 7.645763979473314009e+01 5.643657662181222179e+01 4.275084763522018960e+01 5.057204031121593601e+01
3.950229235330715398e-03 1.000395022923541788e+01 2.414608585296662113e+01 4.414608585296732457e+01 4.688198846403101072e+01 5.521067877036468019e+01 6.889116814558849455e+01 6.065355788303451590e+01 6.088733709703632258e+01 6.139005989376152428e+01 4.120289422992144068e+01 6.139005989376152428e+01 6.455075319417464641e+01 7.870824783349330289e+01 7.462466304013327090e+01 5.492330920622353574e+01 4.093077162855362872e+01 5.294164408538574662e+01 4.666146865329035620e+01 6.318236485823239690e+01 5.773954767159849411e+01 3.794842981897127743e+01 2.381895795052495401e+01 4.374511403074363614e+01 4.171054579349150515e+01 2.556191124431978423e+01 4.547347826052544661e+01 5.432240156403150877e+01 5.959905540658409961e+01 6.655419906393629503e+01 6.294477397878569036e+01 8.261429895765837728e+01 8.589724568263424942e+01 6.586052834994890759e+01 5.430107242753609853e+01 5.430107242753609853e+01 7.059481972084667234e+01
7.711341127313005306e-02 1.421924903500420534e+01 3.421924903500490700e+01 4.351824498335292901e+01 2.657018214059299765e+01 4.351824498335292901e+01 6.065164998448927491e+01 4.045049765517416773e+01 4.046141741644474621e+01 4.517740406007014542e+01 3.395957423712016521e+01 5.425281902684269397e+01 5.032346538454363127e+01 7.041655169062961761e+01 7.462466304013327090e+01 5.492330920622353574e+01 5.084522888328777412e+01 6.888099949329610183e+01 6.639038330806970123e+01 7.458009725833903758e+01 5.999235418563148414e+01 4.022418842857224064e+01 2.610347856809406508e+01 4.601415012719520803e+01 5.366056174270905643e+01 4.547347826052544661e+01 2.949848153890872027e+01 3.451274952490255288e+01 3.985560982809646902e+01 4.688214162076891256e+01 5.825141058881363421e+01 7.789601904320252856e+01 9.415973092703825387e+01 8.260662997410369712e+01 7.432904153735591990e+01 7.432904153744452458e+01 8.260663027251125357e+01
9.541454368626212448e-03 2.000954144154666281e+01 2.376512192612115015e+01 2.560201229497756970e+01 1.503131857552773631e+01 3.515496161546344212e+01 4.663595198882437387e+01 4.634636203872602778e+01 2.598099606551373242e+01 2.477534914919629472e+01 3.097150704302524460e+01 3.747311756471350463e+01 5.182548012305903029e+01 7.191159888500759223e+01 8.283868978036859687e+01 7.462466304013327090e+01 6.476952655322681096e+01 7.876628114069126241e+01 7.805888763486225912e+01 6.821806188163152740e+01 6.005382551238855626e+01 4.991025847895099332e+01 3.004333563797731088e+01 3.024741432545486930e+01 5.011273820389710920e+01 5.755070531186809291e+01 4.937075092991427283e+01 3.443641756786965402e+01 5.424796509002818112e+01 5.383938878475404266e+01 7.350419254340047814e+01 8.609573688956923831e+01 9.333033540925789850e+01 8.508249107370555464e+01 8.032720452989782700e+01 8.857177793844267910e+01 7.637364333930239013e+01
2.297228869525369793e-03 1.784038843592744783e+00 3.572893278270006689e+00 5.385313630684707142e+00 9.060415738179704803e+00 2.757167950663823675e+01 2.626273117700903015e+01 3.426837417972163280e+01 1.875714448629224052e+01 3.056771252679141071e+01 5.090035506299794577e+01 5.770856810071539655e+01 6.601418721701449499e+01 7.873131978641339401e+01 7.619951971166798899e+01 8.449921600703235924e+01 8.451494091115087315e+01 8.379312795863567942e+01 6.412098444582676393e+01 5.022482914452356084e+01 4.031595931007529288e+01 3.595464414416916554e+01 4.991025847889583389e+01 3.324103867708356574e+01 4.729672834174234453e+01 6.699874276138820051e+01 5.779807163549445193e+01 3.803191492739775725e+01 5.779807163549445193e+01 7.350419254340047814e+01 8.169418944288217688e+01 9.028430538889998047e+01 8.205630334658052050e+01 6.512676283154776513e+01 6.034194090131359189e+01 7.704699526889443462e+01 7.416475764604115284e+01
