MOVIE_S12_data/elevation_000620.asc
nrows	50
cellsize	150.0
xllcorner	0
ncols	50
yllcorner	0
NODATA_value	-9999
[rows 17 to 33 of 50, columns 0 to 36 of 50]
5.436832538903087209e-02 1.160137370918164912e+01 2.574350933291285060e+01 4.574350933291355403e+01 5.907917331406326866e+01 6.736195913974273708e+01 5.694914174889020586e+01 4.866596040068432671e+01 3.551792368946970413e+01 4.921965252583444794e+01 3.991159674670917212e+01 5.145677955800088199e+01 7.145349501719142893e+01 7.136946792542470064e+01 7.965309235941816723e+01 8.062990379116058648e+01 8.891389239897139873e+01 9.206515360490197963e+01 8.378040674768608653e+01 9.206515360490197963e+01 7.617077426846547894e+01 5.634210811697790433e+01 6.214978997086443258e+01 5.296154788846257588e+01 3.310342723916073737e+01 5.296154788846257588e+01 6.580377105401318261e+01 4.913903659620534370e+01 5.181430867780576932e+01 7.240136683874919754e+01 8.403015701313898944e+01 9.243080826558441743e+01 9.218375733093159852e+01 7.224090271991406098e+01 5.814795870386027588e+01 5.916705407492755597e+01 5.916705407492755597e+01
9.647730019007895452e-02 2.009647730018972211e+01 3.060874002223152246e+01 3.663896691378725023e+01 4.371003472565285364e+01 5.199430597311504698e+01 6.354131135690797549e+01 6.379805172060715535e+01 4.965796741126497693e+01 5.551485727332205755e+01 5.405144685988443598e+01 6.819167026926008646e+01 7.973703582677778456e+01 8.006303968202868759e+01 7.177662243944465104e+01 7.437275796710332543e+01 8.265898496723352196e+01 8.206182453214400141e+01 6.377146631775124064e+01 8.206182453214400141e+01 8.445186800333533483e+01 7.617077426846547894e+01 7.419019472992683006e+01 5.595287074821839468e+01 3.611067964297212285e+01 5.011827414221252042e+01 7.003883300541387769e+01 6.310484441094367014e+01 7.232437361940503706e+01 8.117688312247253180e+01 9.439960022903859738e+01 8.611523240949127000e+01 9.209371473144106801e+01 7.957078860762722172e+01 5.963579039071603916e+01 4.552835345304355030e+01 3.920813506277941940e+01
9.953738903938927352e-02 5.263515183982633516e+00 1.060874002223116719e+01 1.663896691378654680e+01 2.371003472565214665e+01 3.525704010944507161e+01 5.525704010944577504e+01 6.562355924359967219e+01 6.965464021162571839e+01 7.551181245241004092e+01 7.404828779795822413e+01 7.785868329128318521e+01 6.957222858852024672e+01 6.851181883436943565e+01 5.176843672803154561e+01 5.436465270515766690e+01 7.437275796710332543e+01 7.377593653271867424e+01 5.376661037862447756e+01 7.377593653271867424e+01 8.539952314371836906e+01 8.002449312370256962e+01 6.005316677290412031e+01 4.600310687105061902e+01 4.007428140323789734e+01 4.668816139765507955e+01 5.478135858544236925e+01 7.473984683016075792e+01 9.076264847824053561e+01 9.439960022995667543e+01 8.282113454177031997e+01 6.603826729022108566e+01 7.204742272328076069e+01 8.521789198681075561e+01 7.373778909863030151e+01 6.547461612391516894e+01 5.916705403870610525e+01
3.582433992925927735e-02 2.003582433992890444e+01 3.060874002223152246e+01 3.663896691378725023e+01 4.371003472565285364e+01 5.199430597311504698e+01 5.977813201056461168e+01 4.564988520276952499e+01 5.977813201056461168e+01 7.045380191360955280e+01 7.876829130818305202e+01 6.630776019773473706e+01 4.956481565086433960e+01 5.951452325437745827e+01 4.021871798951950439e+01 6.022489105768728734e+01 6.808607595152022895e+01 5.980024168976497378e+01 4.709811361647284400e+01 5.710156236898647819e+01 7.711102844809201429e+01 8.221326204141851690e+01 6.223690256772357543e+01 6.590263283176334141e+01 4.704795175233874716e+01 4.704795175233874716e+01 6.696385224318946428e+01 6.888416991046010196e+01 8.887670146658257408e+01 8.611523240949135527e+01 6.603826729022108566e+01 5.423115198162941653e+01 5.768937598926442689e+01 6.508274704483537221e+01 7.123301567059885997e+01 6.295555082495053512e+01 6.296883080279637568e+01
8.338298177320474514e-02 1.008338298177329229e+01 2.422551860556523806e+01 4.422551880393245938e+01 5.493844784261818148e+01 4.679004730595732298e+01 5.150003888146875397e+01 3.152316069807099197e+01 5.150003888146875397e+01 5.041710492970254620e+01 5.994839894721479823e+01 5.166163921738494480e+01 3.801550858868098004e+01 3.950887748171528813e+01 3.389378814992625877e+01 5.056166872794533873e+01 5.330934536920796063e+01 3.979422381335783143e+01 5.980024168976495957e+01 7.538082572278555915e+01 8.539865766213119969e+01 9.051869548235382013e+01 7.849857791570423160e+01 5.851984698403787633e+01 6.696385223423962429e+01 5.233473947658931280e+01 7.229971690562797448e+01 8.887670146658139458e+01 9.718956926371306793e+01 8.871093251613211805e+01 6.864728484617803872e+01 6.623935592617689849e+01 4.565419182243138607e+01 5.053941117002714378e+01 5.484884346466875371e+01 4.297185874864712929e+01 4.298388250699012048e+01
1.813270376062421294e-02 2.001813270376026921e+01 3.836764054625562892e+01 3.813733935974855171e+01 4.358952834570794721e+01 2.713938594326447173e+01 3.452925853224866870e+01 2.396616284021651566e+01 4.394948864579227177e+01 3.886480954632230578e+01 4.472884800971944230e+01 3.165746487668828735e+01 4.224448277919392325e+01 2.536559495450498858e+01 2.788535835925009820e+01 3.055797172035388343e+01 3.330518614403754896e+01 3.689731145565833970e+01 5.690210064643758869e+01 6.981276021738713666e+01 7.810432505873650655e+01 8.811123181440997598e+01 8.679900578971222558e+01 7.004842351238552567e+01 7.985550326990922088e+01 5.986477159048813235e+01 6.495204216523293894e+01 7.908379203136648528e+01 9.908938981717180638e+01 9.699498423788840284e+01 8.871093251613211805e+01 7.359286044517675407e+01 5.320816302766628780e+01 3.841343462060739711e+01 3.413776528925589560e+01 3.142813511299900497e+01 2.884239968956041267e+01
2.351309638313057310e-02 2.002351293889554285e+01 2.266428212342760773e+01 1.813669784911120075e+01 2.534019263279845191e+01 1.563626809759364633e+01 1.453901680870477975e+01 2.867705300421025427e+01 4.865773241164130525e+01 4.472732602466066254e+01 2.472058676653075082e+01 2.011011245852371943e+01 2.224211962717012980e+01 4.224448286212362547e+01 3.605051691228195665e+01 5.056166872794533873e+01 5.330946819135321135e+01 5.690250432212237541e+01 4.224273383818386662e+01 4.980331948934372832e+01 5.980742531186269417e+01 7.395724831246887732e+01 9.396893948747636216e+01 8.417829687689022933e+01 8.815582502448464197e+01 6.986110171866857854e+01 8.494329596113702507e+01 9.324991754308717873e+01 1.022501880275733157e+02 9.589440258451796240e+01 7.559256089454824235e+01 7.366122282716472114e+01 5.938804719537459675e+01 3.931986623090776334e+01 4.352644426843480829e+01 5.141797766251066548e+01 4.883730004434708150e+01
2.372884694381488524e-02 1.342489793735390347e+00 2.664126994645572566e+00 3.994507205121053506e+00 5.339852793113683660e+00 6.694423716070882158e+00 2.669521916357909319e+01 3.699636352232552383e+01 4.305864170275129510e+01 3.477240326089500400e+01 1.716127333330732796e+01 3.716307477888503286e+01 4.224448286211515580e+01 4.224448286212258807e+01 5.605560548633710738e+01 5.019549769526557270e+01 7.020315719251026110e+01 6.759704943262146060e+01 4.758857189804678001e+01 5.379274529021041218e+01 6.379732273707356427e+01 7.794661455873301747e+01 9.795262519870151152e+01 1.041972192794020913e+02 9.816154144501491885e+01 8.984990482114977794e+01 9.816154144501491885e+01 1.022501880275733157e+02 8.215597625718525876e+01 8.584333282061378156e+01 7.559256089454824235e+01 5.481045955242585421e+01 4.464781458461041552e+01 5.938804719592196335e+01 5.859542955545330045e+01 6.328044877399631929e+01 5.044539877608773537e+01
6.296921807001566729e-02 2.006296921806966083e+01 2.266428213504807232e+01 1.813669784911120075e+01 2.534019263279845191e+01 2.669521916357908964e+01 8.709594603510412369e+00 2.871061763917111165e+01 3.242333694480104356e+01 1.477081611460475585e+01 3.477240326089500400e+01 2.169038174178598766e+01 4.169270141307178079e+01 5.469395411973796683e+01 7.053652567580000721e+01 7.020315719251026110e+01 7.848963377165972588e+01 7.337338788334034234e+01 5.336356452662263905e+01 7.337338788334034234e+01 8.208824772222807553e+01 9.209188677220868158e+01 1.020099660027834858e+02 1.078498578592396768e+02 9.883915011924166549e+01 9.057981349035404151e+01 9.883915011924166549e+01 1.000608434991319911e+02 7.995424707438712630e+01 6.540766826045522464e+01 5.785778226326332430e+01 5.149204223661490687e+01 6.520151022348699144e+01 7.366122746620752082e+01 6.328044877399631929e+01 4.329643429039176539e+01 3.752543664069111173e+01
8.175220331382776484e-02 1.422388782704465271e+01 3.422388782704393861e+01 3.813733935974855882e+01 4.504162880096930621e+01 2.503999020490168448e+01 1.870963991094937029e+01 1.077794536349050603e+01 1.242193523654409226e+01 3.242333694480106487e+01 4.305864170317960316e+01 4.169270141307182342e+01 2.640443053366560378e+01 4.640745085999197528e+01 5.977493830947270226e+01 6.872180503024954135e+01 8.027254696705342951e+01 8.093648093209253602e+01 6.092641758265300922e+01 7.337338788334034234e+01 9.338060457854442120e+01 9.617208138932890904e+01 8.207270897325035719e+01 8.791219635894154294e+01 8.886476283887618877e+01 7.062732258273265984e+01 8.886476283887618877e+01 9.781932672958993180e+01 9.415136949693163615e+01 7.861823432634291464e+01 7.235872251076152395e+01 6.636033443775853868e+01 8.075966981406175194e+01 7.327214623454403863e+01 5.328875131344861416e+01 6.328044877399631929e+01 4.906546165735100118e+01
7.631710034972485901e-02 2.007631710034937100e+01 3.593480772968596426e+01 4.487907964069793820e+01 5.332411496958766861e+01 3.870911726243758011e+01 3.870911743614423273e+01 2.232509074260667248e+01 1.363240234916660043e+01 3.494819849648913390e+01 4.882962850955672707e+01 5.469395412118252153e+01 4.640745085999197528e+01 3.148446257694385508e+01 4.042932827063305012e+01 5.197912307131658594e+01 7.198710137764938111e+01 8.922238190394091362e+01 8.093648093209253602e+01 7.726525172034278910e+01 9.727157765317915050e+01 8.791219635894154294e+01 6.794826883448209287e+01 8.596703742468923792e+01 8.060356803654339330e+01 6.061032036062779582e+01 8.060356803654339330e+01 7.787101921151968043e+01 9.197589371687168125e+01 9.882320260073639417e+01 9.273117544917285215e+01 8.684011234898254372e+01 8.740266964615628353e+01 6.741909179402374264e+01 6.741909179402374264e+01 7.732785942642718169e+01 6.904914656270091200e+01
9.124702163186203252e-02 7.650536481816438972e+00 1.659480839181575362e+01 3.073694401554695688e+01 5.073694401554912758e+01 5.869757981715413564e+01 4.232780348421315608e+01 3.494820482161762243e+01 3.494820666159738920e+01 1.902869983711325119e+01 4.049215740781772865e+01 5.461937123906724878e+01 5.977493830947270226e+01 5.148846232416772750e+01 3.751486547858385023e+01 5.752031711953212323e+01 7.276243997388044704e+01 8.104746120653533126e+01 9.105015232551841109e+01 9.727157765317915050e+01 9.447439115636645113e+01 7.452287814764059704e+01 6.036177675158084810e+01 6.598341270238455536e+01 7.393915214457149432e+01 5.388707490066204286e+01 7.106870064260071729e+01 6.372017539840375377e+01 8.371374321036792310e+01 9.299425153138474798e+01 1.013194294635129751e+02 1.010723066027012322e+02 9.568300974121163449e+01 8.740266964615628353e+01 8.740266964615628353e+01 8.495062612365903476e+01 7.666893857939433587e+01
8.187870513261463756e-02 1.422401432886369044e+01 3.422401432886439210e+01 4.487907964069837874e+01 4.718467051055979766e+01 5.546894175802140836e+01 6.233323871480691736e+01 5.545932887914199227e+01 4.882997839470616697e+01 4.049215740781772865e+01 2.571531887097903635e+01 4.044780276065083768e+01 6.051030344954644846e+01 6.459387548177183191e+01 4.458669454241118046e+01 4.568088027483040747e+01 5.275380803500355142e+01 6.275826944412887087e+01 8.276661050363199479e+01 9.351140112140490146e+01 8.524344133481798735e+01 8.862895019441710076e+01 7.183648087086046985e+01 5.175270984383467265e+01 6.450292458334659784e+01 4.776214531825949905e+01 5.097356259919088473e+01 6.521411972947585411e+01 8.520290928507748163e+01 7.277213452229401014e+01 8.966504510639271075e+01 8.088969759858942155e+01 9.513726572191701791e+01 9.071468920246088885e+01 8.071987713852824697e+01 7.243858969576477591e+01 5.668171625100828948e+01
2.239863785106879432e-02 2.002239863785071350e+01 2.845422020941825636e+01 3.304253488682909534e+01 2.718467051056051176e+01 4.718467051055979766e+01 5.595716340634047015e+01 6.595716340633912012e+01 6.051030344954645557e+01 4.044780276065084479e+01 4.632397316486856198e+01 3.331286932127240163e+01 5.344875733817660546e+01 7.276219148648458201e+01 5.275380803419982811e+01 6.568832031075764633e+01 6.568832031075764633e+01 8.104746120653533126e+01 9.105015232551841109e+01 8.192143813571844646e+01 6.512190566872891395e+01 8.192143813571844646e+01 7.867004939727313229e+01 5.863470934558591807e+01 4.433011124485090448e+01 4.187906829540914799e+01 6.208188170613939860e+01 7.933955233423560571e+01 8.062481413782036554e+01 6.107732467171422996e+01 8.017405435195884422e+01 6.656846111273961242e+01 8.503666798714566255e+01 8.243208773743606343e+01 6.244509165409343865e+01 5.245472982542247564e+01 4.613231662502800390e+01
1.991760116496149591e-02 4.190205882306440088e+00 8.454220209418613408e+00 1.304253488682980944e+01 2.011360269869516060e+01 2.767289215887957354e+01 3.767289215887922182e+01 5.767289215887851128e+01 6.879093971748363856e+01 6.051030344954645557e+01 5.880937293982889003e+01 3.877045921254623551e+01 5.880937293982889003e+01 7.721581091308054567e+01 6.430606771670464639e+01 8.104473995000560649e+01 8.569483273189054273e+01 8.938246676686850378e+01 8.038078023571003428e+01 7.207992625756422456e+01 5.307566381709361991e+01 7.362626730149194998e+01 6.613594922558465328e+01 6.209390970854240521e+01 5.378791583845437430e+01 3.775483437021505040e+01 5.207130960357879701e+01 7.216972672522749122e+01 7.226665137438261866e+01 5.205808600014968590e+01 5.995375263342624805e+01 5.646369231574463754e+01 7.668475401329831698e+01 9.071468920246088885e+01 7.243858969576479012e+01 7.243858969576477591e+01 6.611913833257294471e+01
1.766589122093755945e-02 2.001766589122058093e+01 2.845422020941825636e+01 3.304253488682909534e+01 2.718467051056051176e+01 4.718467051055979766e+01 5.595716340634047015e+01 6.595716340633912012e+01 7.066379525212910551e+01 7.285225063474341312e+01 6.711667372558058275e+01 5.294284573208811651e+01 4.879761970668210580e+01 6.885544144095396746e+01 8.431347137354960353e+01 9.259271558532186930e+01 9.524578193218431466e+01 7.525649128683784284e+01 6.091663454554712587e+01 5.144701448174755143e+01 4.484970100264786197e+01 5.535119483081542313e+01 4.531510182508952767e+01 4.984168876671906645e+01 3.365744960605226055e+01 5.335372400452142472e+01 6.614651440351019573e+01 7.625169751674950192e+01 6.512184456589517367e+01 4.496196780198588527e+01 4.571112493316263681e+01 5.391322008947393840e+01 6.820527354085170657e+01 8.843129168026544562e+01 9.242946578357036458e+01 8.509689385396093542e+01 6.510781435960691965e+01
6.490672536223988931e-02 2.006490672536188313e+01 2.899649659311768346e+01 4.899649655284368777e+01 4.718467051055979766e+01 5.546894175802140836e+01 6.116201488863371338e+01 6.479535243462989058e+01 5.064105109053944176e+01 5.283174603120397705e+01 7.285225063474341312e+01 7.297242248878758630e+01 6.885544144095396746e+01 6.297420642149911885e+01 8.323722732468188212e+01 9.543919969983181772e+01 8.716758282064834873e+01 8.938246676686850378e+01 7.624673447671173676e+01 5.576430594908187999e+01 4.050660776448367528e+01 3.451663996640107257e+01 3.146650936823816025e+01 2.982757426807009438e+01 4.984168876682656446e+01 6.209390969978385044e+01 7.207993456694727286e+01 6.138806853738098823e+01 4.773096644420511581e+01 3.863054083952252427e+01 5.021473113768638541e+01 7.040166138771000703e+01 7.041929986656836604e+01 9.063710970178630077e+01 9.208105031859192025e+01 7.209020625796168247e+01 6.510781435960691965e+01
