MOVIE_S12_data/elevation_000480.asc
nrows	50
cellsize	150.0
xllcorner	0
ncols	50
yllcorner	0
NODATA_value	-9999
[rows 17 to 33 of 50, columns 0 to 36 of 50]
5.436832538903087209e-02 2.011880420454931873e+00 3.975282296536642779e+00 2.396655487009695307e+01 2.888465829493822312e+01 1.194754712371741334e+01 1.806855400731203787e+01 3.723535351215522127e+01 2.210363656313428393e+01 2.563176620407136852e+01 2.928199947681180149e+01 3.682056108485021895e+01 5.668711279262300451e+01 4.992769966805271054e+01 6.478209954423651595e+01 8.608512753335499212e+01 8.852840117149898447e+01 9.789785480482311186e+01 9.459242325418978226e+01 7.892045260536770002e+01 5.903092631995401973e+01 4.504239512829077796e+01 5.659485837613333103e+01 7.582259541110619239e+01 6.070301446737344975e+01 4.701148970444958053e+01 3.812508148035797007e+01 5.811740579900708070e+01 6.122800186886022544e+01 4.889109995017813048e+01 6.023893911789102162e+01 8.031531645222635518e+01 8.515768092586125704e+01 6.514937639588752916e+01 5.359829111852280192e+01 4.465217989437039137e+01 3.798499794517541517e+01
9.647730019007895452e-02 2.009647730018972211e+01 2.396655496948704922e+01 2.396655495192207042e+01 3.193510731030330163e+01 2.480146414247272801e+01 3.727988573864669775e+01 2.749436631103672113e+01 4.203062269731600509e+01 3.160581607995722564e+01 4.917826643164403322e+01 5.668711279262300451e+01 5.087095937748021157e+01 6.969558169175202522e+01 7.781466933235498118e+01 8.492846591641334442e+01 6.750960204375121521e+01 8.498316983850423867e+01 8.636703536009885340e+01 6.666867192708852485e+01 5.545138128732509841e+01 5.127655060634995721e+01 7.113679412816750869e+01 8.459201387371201974e+01 7.528376197015450089e+01 6.196600472715406482e+01 4.196814521514897223e+01 6.196600473657703390e+01 7.705784717806335493e+01 5.764594948204086933e+01 6.283754277613651595e+01 8.293589747309098925e+01 8.852515589473402713e+01 6.851618649045531129e+01 5.436893340345672954e+01 4.436677155089824964e+01 3.680692815753533154e+01
9.953738903938927352e-02 1.424167301277046427e+01 3.424167301280152742e+01 4.396227292114797081e+01 5.192384651936834672e+01 4.583075284749472189e+01 5.276756016076630118e+01 3.448406962315257118e+01 5.303930519030895141e+01 4.170002771419639487e+01 4.559272140110487470e+01 6.547403974343909283e+01 6.491136969505011223e+01 7.895534601968169852e+01 8.026444366210758119e+01 7.186166907766209988e+01 5.552918603334916980e+01 7.622174662487854846e+01 9.036472653131370691e+01 7.336383353243978434e+01 7.499606840614423220e+01 5.827423629645097947e+01 7.817156061916567467e+01 8.212768604928909610e+01 6.214156577474311405e+01 4.799829811305991001e+01 6.196600473657703390e+01 7.024622028709367783e+01 7.768671933799403462e+01 7.177102480374854565e+01 8.293589747309098925e+01 9.127814267548669136e+01 8.841417778852435561e+01 8.266810472584072045e+01 7.266283675383196794e+01 6.437280567393550257e+01 5.681107671345703380e+01
3.582433992925927735e-02 1.417795996366008460e+01 3.417795996365281042e+01 3.874390621581316196e+01 4.630039155219505176e+01 5.457037084013027339e+01 6.090751291959654168e+01 4.515410350299261211e+01 6.090751291959654168e+01 5.326944885185826450e+01 6.547403974343909283e+01 7.372098011297211428e+01 8.477230350533346837e+01 7.345207614670236751e+01 6.507893189363419140e+01 5.143018106837266146e+01 4.767246533239818973e+01 6.029933927069838973e+01 8.212532565689549813e+01 9.181621345994345518e+01 8.642811427376949496e+01 6.820877104145145609e+01 8.642811427376949496e+01 8.431366962209531835e+01 6.432790957150662337e+01 5.300104364924693101e+01 6.714068407162298513e+01 8.712344494878007595e+01 9.786918586093321437e+01 9.196846931164628813e+01 9.407711228975372819e+01 8.255681034251024641e+01 6.845107018978501401e+01 7.844238684217449986e+01 7.018044274305088948e+01 7.844238684221573976e+01 6.997716462960765682e+01
8.338298177320474514e-02 2.008338298177284997e+01 2.931801414620355217e+01 1.874856961235287045e+01 2.630781056642212334e+01 3.785394369873895926e+01 5.783845389175669993e+01 6.381069100914709225e+01 7.177575775888445264e+01 7.285116581165104321e+01 8.105574500753083100e+01 7.852242847290634131e+01 7.607540995766643732e+01 6.172418934975123506e+01 4.472473773304825784e+01 3.957839024308052700e+01 6.005910248866555179e+01 6.832582965710891187e+01 8.878014553809323672e+01 9.193890889703017422e+01 9.639260396315066259e+01 8.813435019687996430e+01 9.639260396315066259e+01 9.259527414435366666e+01 7.931339633148348867e+01 5.932812689934291939e+01 6.932662101384151754e+01 8.931174388371549355e+01 1.073627012794051012e+02 9.983550355520112873e+01 8.582721705204890839e+01 6.585825083621588760e+01 5.430953398848197367e+01 6.361377556112269360e+01 5.018766988670265761e+01 6.845283586234414486e+01 5.752664849403990388e+01
1.813270376062421294e-02 4.606447381152166010e+00 9.320492588407407908e+00 1.748545310690662191e+01 3.747442484879007196e+01 5.457037084012807782e+01 6.610299963217256902e+01 6.950471164183957740e+01 6.115910202374708149e+01 6.115910202374708149e+01 6.042624673540442615e+01 5.831399645987252001e+01 5.831394699105133128e+01 4.736944119472855874e+01 3.298345528138445815e+01 5.332743241588197947e+01 6.849058615721735066e+01 7.151282066235094703e+01 7.547031124296825055e+01 7.176907838120624206e+01 7.807417991924455691e+01 8.642274874514171756e+01 9.806190549440782434e+01 9.344190700706759856e+01 7.346117559352342141e+01 7.086878560284962703e+01 8.759361530561314169e+01 9.760200787323809379e+01 8.744450725493426546e+01 7.989725550551045785e+01 7.989726568377217575e+01 7.387235540738318207e+01 6.361377556112270071e+01 4.361519406870995397e+01 4.018477105720665321e+01 5.571209044322907999e+01 4.923666576412818330e+01
2.351309638313057310e-02 2.002351309638277499e+01 2.931801414620355217e+01 3.747442484879007196e+01 3.380697994374595794e+01 5.368219432559384074e+01 5.402658239878727642e+01 6.115910202374708149e+01 4.095223548194687169e+01 4.095223548194687169e+01 4.055940069620041299e+01 5.522255241468213427e+01 3.808091224108368777e+01 4.400597514246579323e+01 2.911264811030932620e+01 4.937483881075269920e+01 5.341131142405649967e+01 5.124307420545905245e+01 5.522692073669769997e+01 5.744314962765488985e+01 5.784665349969731807e+01 6.955191042243465915e+01 8.971581654978410825e+01 1.017260550177028193e+02 9.344190700706759856e+01 9.084894911186786715e+01 9.913204100750881764e+01 9.895553853826385193e+01 7.901734925113923680e+01 6.747605964624926855e+01 5.991471101857849391e+01 5.388137771505360263e+01 4.951488924316630857e+01 6.361377556112270071e+01 5.571209044322907999e+01 3.571237945337839648e+01 3.266238053347369430e+01
2.372884694381488524e-02 1.002372884694390187e+01 2.416586447067510335e+01 4.416586447068223720e+01 5.371603715560164716e+01 4.805409705764503059e+01 3.366247943477197424e+01 4.535242632007530972e+01 4.687068919916413279e+01 2.671554168182690958e+01 2.652180581945536986e+01 3.855982474459057130e+01 4.078909000558515885e+01 2.384753499605665894e+01 2.686500290597723506e+01 2.995579524710139196e+01 3.316753830708685058e+01 3.690227645411022905e+01 4.086220668408109447e+01 4.610238806437835990e+01 5.520563213552301818e+01 6.535892662685397170e+01 7.964273017991830272e+01 9.977313444449706026e+01 1.005300085420046656e+02 9.240875024768385515e+01 1.005310298537721962e+02 1.071709850594413922e+02 9.568658870267206851e+01 8.454854653599279857e+01 6.457528798837948614e+01 7.387235540738318207e+01 6.950998474032988383e+01 7.227391203122932950e+01 5.268199137428893408e+01 3.856036014518434740e+01 5.266778139071383436e+01
6.296921807001566729e-02 2.006296921806966083e+01 3.830800009548705276e+01 3.617908965997917647e+01 4.451971338939551970e+01 3.785400192233274197e+01 1.946049170805763140e+01 2.523076533884684736e+01 3.275939598091390792e+01 3.441317734592391986e+01 1.669833657350178413e+01 1.845528816087940527e+01 2.066452460363759513e+01 4.078909000558515885e+01 4.705160512071417855e+01 4.423641987782104934e+01 4.747684018524410021e+01 4.484386510812601045e+01 6.115607254074897980e+01 5.522692073669769997e+01 6.268797168366846506e+01 8.289380997788518357e+01 9.388335937101361139e+01 9.930677315620827983e+01 9.068071294148826667e+01 7.270118432949269049e+01 9.068924381772445997e+01 1.029281192046374400e+02 1.008259570827242300e+02 8.089031896810597289e+01 7.870817035622204116e+01 8.563873654432153160e+01 6.571470643658116728e+01 5.417494322707845100e+01 4.522832002651694694e+01 5.862273830228581062e+01 6.677619169212603367e+01
8.175220331382776484e-02 2.008175220331182231e+01 2.483768365762210806e+01 1.610218772631484541e+01 2.592228254666358822e+01 2.726559357916391235e+01 9.451936396165642407e+00 1.106324441283079274e+01 1.269066329834265794e+01 1.433433509708081033e+01 3.441318023327090003e+01 3.855982474459057840e+01 2.267270913639119456e+01 4.273983139683222987e+01 5.561693700854749522e+01 6.449384588509774119e+01 6.773839013340902682e+01 5.919223578688410470e+01 6.140562121176635202e+01 7.547031124296825055e+01 7.547031124296825055e+01 9.124266875220313011e+01 9.446604124666018265e+01 9.117717227672839897e+01 7.146741165309754251e+01 6.278920008702143463e+01 7.508461160196736728e+01 9.129923237104391376e+01 9.698816770024525624e+01 1.008259570827242300e+02 9.864856498524135020e+01 9.388554647610671111e+01 8.238484918903944276e+01 7.099779005403091503e+01 5.100374039946251514e+01 7.099779005403091503e+01 6.683964975968642364e+01
7.631710034972485901e-02 2.007631710034937100e+01 3.231830845882368575e+00 4.547365358724746009e+00 5.877598354069634823e+00 7.216848170789472050e+00 9.802691126919189202e+00 2.986396495139028318e+01 3.275939672584487283e+01 2.560599477576193550e+01 4.109110911950662626e+01 5.106466579860893518e+01 3.424799200922588938e+01 2.720422209437696281e+01 4.728787836446036863e+01 6.042236727801868312e+01 7.463863338343452369e+01 7.941265949929908174e+01 8.161799437115945466e+01 8.996930410536815259e+01 9.563551401548055253e+01 9.430127325565159424e+01 7.477775321491259319e+01 7.477775321491259319e+01 7.508422011662985085e+01 5.531585399739284270e+01 7.508422011662985085e+01 7.169274655958423637e+01 7.743535329852289806e+01 8.874021291305312786e+01 9.679216104512624952e+01 9.408624599163215407e+01 7.408239179128946716e+01 6.254957170460612303e+01 6.514145965177353048e+01 7.930417666218744444e+01 7.509652114330447148e+01
9.124702163186203252e-02 1.380186460276613403e+00 1.017236753697482321e+01 2.426461808212144433e+01 2.592132025600274758e+01 2.726615501119261253e+01 1.981802297753728581e+01 1.366184891424045311e+01 1.653203550767087648e+01 3.646444275291030124e+01 4.837332914490649927e+01 6.266289276656660689e+01 5.433904382997106808e+01 4.728787836446036863e+01 3.199318183255519088e+01 4.620623163304860270e+01 6.579617587475414098e+01 7.370517700416249340e+01 8.204667713409313023e+01 9.210873413725560965e+01 1.032877446463431568e+02 8.617097439550069282e+01 6.643733644885224976e+01 5.501374327588759883e+01 6.730765961375990969e+01 5.021848299280841843e+01 6.998003674955459985e+01 5.771468011040540347e+01 7.485586860740662019e+01 6.910478489135026336e+01 8.874021291305312786e+01 1.024257645107521881e+02 9.085463105205150214e+01 8.253363227071739061e+01 8.513622233689839902e+01 7.259450069524427818e+01 6.430202865808294632e+01
8.187870513261463756e-02 1.713803309329402680e+01 2.724555592964656014e+01 2.302493829319287499e+01 4.045340323621836376e+01 3.990914711981888985e+01 3.990940973217920629e+01 2.369071858118674356e+01 3.662182629632221875e+01 2.073027469129334222e+01 4.082338090049890411e+01 4.531542094809313426e+01 6.545727571927336896e+01 6.042236727801871865e+01 4.620623163196414396e+01 3.736080121181024083e+01 5.746584635255833007e+01 5.362687504998780952e+01 6.364893917876860741e+01 8.376141482955621598e+01 9.516737858693201701e+01 7.549007905517672157e+01 6.558966091385839547e+01 6.730765961375990969e+01 4.754377179668137643e+01 4.542308642528141860e+01 6.163645617919590336e+01 4.887486870012311613e+01 5.512367195651223284e+01 6.910478489135026336e+01 8.874021291305312786e+01 8.958705499279160733e+01 9.775198569994471143e+01 9.312132965358313186e+01 8.154754083867779002e+01 6.430202865808294632e+01 4.429927337834255496e+01
2.239863785106879432e-02 1.594251802821674424e+01 3.692048646850679461e+01 4.045365448298861821e+01 4.812681546473668703e+01 6.005414429231468887e+01 5.226520329643197016e+01 3.792106864603517380e+01 4.076332444070601468e+01 4.082337714117787897e+01 2.522634859560105625e+01 3.941438141013074414e+01 5.956180007879403604e+01 7.463850292407317966e+01 6.579615499882990548e+01 4.897581506151936992e+01 4.357515241699807262e+01 6.366602602707511238e+01 8.204667713409313023e+01 9.210873413725560965e+01 1.032877446463431568e+02 9.345978572600829182e+01 8.532872882105435508e+01 7.449601000998052314e+01 5.474325361882910101e+01 4.074874289239075154e+01 4.187517154482583948e+01 6.163645617427247458e+01 7.485586858034220370e+01 8.294847296823817828e+01 7.575137063152669725e+01 7.002063073633097190e+01 8.958705499279160733e+01 8.480597265740185264e+01 6.479146456028887258e+01 5.324351838620426491e+01 6.307828607372790231e+01
1.991760116496149591e-02 1.416205602549866072e+01 3.416254394175451381e+01 3.633046274255489294e+01 4.133045534109535879e+01 4.961423899913495461e+01 6.119087982274817250e+01 5.846684049200134581e+01 6.064638071556861121e+01 4.280690298385481896e+01 2.861496982087648533e+01 4.871250628047673814e+01 6.113908871901810471e+01 6.946427087899748187e+01 7.740044590509796762e+01 6.906344388958831360e+01 5.178780205682336657e+01 5.628277421890359022e+01 7.047214747228174758e+01 9.061245587384401290e+01 9.766350401092078926e+01 8.608646600869435872e+01 7.465989462429382684e+01 6.646548364962086453e+01 5.744952572306192451e+01 3.752036188819256068e+01 3.731342808988289050e+01 5.132512404785910576e+01 7.105170724142658401e+01 6.600938486540698591e+01 5.626748273302106185e+01 7.002062839324968024e+01 8.958660626563963092e+01 8.740037178729349421e+01 6.738740305126361818e+01 7.324906588237234928e+01 5.940714449507464678e+01
1.766589122093755945e-02 2.001766589122058093e+01 2.966380316387130378e+01 1.633047636157807503e+01 2.133047636157798621e+01 3.287748660378043297e+01 5.287970221698123652e+01 6.658994642621122750e+01 7.129163133614181902e+01 5.704839548324329002e+01 4.871251193406069291e+01 3.386258109227119917e+01 4.094991321612416613e+01 5.261033122658455596e+01 7.278961154648656873e+01 8.020016613485971391e+01 6.180981145729371917e+01 7.637083269591391854e+01 8.471638046970038260e+01 8.839406767704565482e+01 7.785829880627898092e+01 7.789677633542015656e+01 5.809719660742517533e+01 4.666127228746749012e+01 5.587967986142923138e+01 5.290071820837097505e+01 3.306046850633238421e+01 5.290308873758291952e+01 6.600938486363082802e+01 4.652182509965826540e+01 6.600938486540698591e+01 7.582970795074166404e+01 8.395994940399090467e+01 9.570767862609207555e+01 8.740037178729349421e+01 8.770417069125386433e+01 7.941299287224998693e+01
6.490672536223988931e-02 2.006490672536188313e+01 9.663809694911522641e+00 2.380594502739663199e+01 4.133043420481521935e+01 3.075856674708086658e+01 3.831785608648703345e+01 4.986485146227283138e+01 6.986325918619392894e+01 6.055090012107805819e+01 4.036301755800464974e+01 5.400112400965227977e+01 6.113908695529909210e+01 6.946427087899748187e+01 8.109184437164321935e+01 9.026018902274606148e+01 8.191182783761450992e+01 9.026037810100946501e+01 8.839406767704565482e+01 6.854665977742756411e+01 6.379182449178301084e+01 8.039942211736709510e+01 7.465989462429374157e+01 5.587968905999693447e+01 3.604729568763595893e+01 4.699949868857200386e+01 3.058054449450114376e+01 5.044845781189160761e+01 6.038379540136183010e+01 4.083465899991701775e+01 5.990181771560175861e+01 5.632210607316590512e+01 7.226667195816933997e+01 8.039011051149221032e+01 9.016984476302262408e+01 8.374587041627275141e+01 7.360637507203001917e+01
