MOVIE_S12_data/elevation_000708.asc
nrows	50
cellsize	150.0
xllcorner	0
ncols	50
yllcorner	0
NODATA_value	-9999
[rows 0 to 16 of 50, columns 0 to 36 of 50]
8.271705653423140625e-02 2.127631151761726416e-02 9.425194436011796739e-02 4.939197167322698090e-02 3.975871534419905817e-02 6.171646774684565184e-02 1.696294146011132625e-02 1.936121709489252440e-02 4.216450047424835645e-02 2.297044857093000214e-02 6.704298068806634203e-02 4.162315340452049650e-02 3.835349583220235004e-02 2.777463300387698203e-02 2.207885817162396139e-02 7.161913568127860341e-02 9.025521335945362045e-02 3.502399586135773735e-02 8.040414306008919487e-02 3.131346976591601466e-02 7.604099264847130613e-02 2.387740603804927586e-02 5.687112022313325910e-02 4.074439634684711570e-02 8.709178300582484655e-02 7.612946965408906586e-02 1.077918208624280109e-02 9.929772718869623455e-03 4.600412614040166881e-02 2.152795518990661267e-02 2.378824418737431057e-02 9.511189423522797837e-02 9.406546861214974686e-02 1.749038473908382007e-03 2.223905489293687143e-03 6.269637160239108220e-02 9.476101746191394060e-02
7.639902522890137937e-02 2.002127631151726206e+01 2.009425194435976181e+01 1.419152759540430253e+01 2.003975871534384368e+01 8.226682277024035983e+00 2.001696294145975585e+01 5.019362488317528737e+00 2.004216450047389131e+01 1.157002908056654178e+01 1.420917860441914193e+01 1.418375886237362593e+01 2.003835348360737001e+01 1.952248548081721324e+01 2.272254660023644401e+00 2.007161913568092260e+01 1.423239083709052899e+01 1.417715961959243387e+01 7.639693603244666065e+00 2.003131346976556060e+01 2.007604097061586401e+01 1.157088278983046514e+01 2.005687112022277674e+01 1.303133202842602589e+00 1.438486590314422919e+01 2.007612946965373268e+01 1.415292489101879525e+01 1.415206539645022943e+01 2.004600411893696688e+01 4.285542282302134076e+00 2.002378824418702052e+01 1.423724751796605226e+01 1.423620109234322584e+01 2.000174903846556873e+01 2.000222390548893969e+01 2.006269637160203700e+01 2.264065595648479867e+00
7.813061968023242432e-02 1.422026624341130763e+01 3.422026624341201284e+01 3.419152759540500597e+01 3.651095352448693632e+01 1.822668227702385835e+01 3.024233946741478363e+01 1.018336123918663105e+01 3.024233946741478363e+01 2.571487005632612011e+01 3.420917860441984715e+01 3.418381637183077970e+01 2.908798144797222918e+01 9.131847635659136486e+00 4.832992259336887031e+00 2.484987543250961295e+01 3.423239083709123065e+01 3.417715961959314086e+01 1.658396551324398160e+01 3.592396485070756995e+01 3.985513873738979385e+01 3.157088274826531205e+01 2.275711810905575305e+01 2.568044274122282200e+00 1.231172918984968589e+01 3.118056267464057996e+01 3.415443853279635533e+01 3.415206540008821179e+01 2.279203735816150811e+01 8.649900087022020401e+00 2.279203735816204812e+01 3.423724751796534349e+01 3.423620109236361486e+01 3.697111317504915462e+01 2.537568410793950591e+01 5.415481640935182917e+00 8.609672231933233277e+00
1.795629399984677299e-03 2.000179562939963063e+01 3.725381102010043577e+01 4.880081640389275321e+01 4.651095352448675868e+01 3.236881790075430843e+01 3.608642570947709061e+01 1.595711464757030740e+01 3.608642570947709061e+01 4.578557096017407702e+01 5.073237128918923133e+01 3.629708440390326984e+01 1.643135286733537725e+01 2.745981549711710201e+01 7.436770493316426034e+00 1.743843765474775154e+01 3.748126878151309427e+01 4.486823676070688549e+01 3.072610113697518486e+01 4.486823676070688549e+01 4.032079857721620186e+01 1.831990476308813953e+01 2.405167137058103322e+01 3.848413218748880205e+00 2.405163011080468394e+01 2.987418665566041653e+01 4.833938476831590236e+01 5.107745119617203500e+01 3.365000422030259841e+01 1.364990008702206303e+01 3.365000422048505868e+01 5.107745537140418435e+01 4.283465838076025989e+01 2.282189217142456528e+01 8.699276012188912333e+00 1.431783844963073093e+01 2.568965086615937210e+01
2.526786264046545702e-02 8.969539772639544495e+00 2.051654515643185661e+01 4.051654515643114252e+01 5.678435808247463257e+01 5.236881790075359788e+01 4.295496325115456671e+01 2.262620408492832880e+01 4.295127063074291129e+01 5.073237128918923133e+01 3.120702598361688018e+01 2.457702715946437522e+01 3.629708440390326984e+01 3.021509416705409379e+01 1.018398197107105396e+01 3.021509416705409379e+01 3.748126878151309427e+01 5.756733940706740782e+01 5.072610113697589185e+01 5.139901673285393002e+01 3.067356833568636176e+01 2.994947777695769631e+01 8.256880530132676199e+00 5.171550876322763557e+00 2.536572062933766247e+01 3.592986394147303741e+01 5.508314859269844277e+01 5.365763137270976557e+01 3.365067658973145370e+01 2.031656675250367883e+01 3.365000422041529049e+01 5.365084817378929216e+01 4.524406973373018559e+01 2.522999589356455985e+01 1.108558915407348344e+01 3.109198240218076847e+01 2.846088720011561080e+01
8.483503398980346555e-02 2.008483503398944947e+01 3.127447211196538746e+01 3.788082300623570831e+01 3.769483255539234534e+01 5.570525521570245786e+01 5.179674699868974130e+01 3.267621021659208935e+01 5.162628233392724297e+01 4.359443331518318843e+01 5.073237128918923133e+01 3.854623590286831103e+01 2.889246499296305259e+01 1.477233522246260833e+01 1.685100259504136133e+01 2.653146426465813690e+01 4.071606897662223190e+01 6.082339232541849583e+01 6.557195489192240245e+01 4.552839352869254697e+01 5.139901673285393002e+01 3.857819378343464933e+01 2.761640099098169898e+01 7.787432220318946108e+00 7.353741201345581402e+00 2.394096981064484098e+01 3.822955768068074178e+01 5.837078802035219383e+01 4.738608679652424627e+01 2.738763451926269710e+01 4.738608679652424627e+01 5.513284772941695167e+01 3.512858370013756115e+01 2.356779232307748373e+01 1.355213071806289982e+01 3.357558641512461151e+01 4.847084847663263929e+01
4.163169627051844027e-03 5.551155516196152107e+00 1.132452389522949865e+01 1.798979529891999363e+01 2.947506659799089590e+01 4.895377989124080642e+01 6.264633952745296597e+01 5.375733844622255475e+01 6.219671922000933506e+01 5.320068365883447115e+01 6.582989079406176813e+01 5.661068793466301230e+01 3.822208522805593134e+01 1.815304743467934401e+01 3.689713995306033212e+01 2.755044056610994474e+01 4.173811788350644036e+01 6.185511208648402715e+01 7.380235321120952108e+01 6.557195489192240245e+01 5.717128488264796005e+01 4.292389862516764509e+01 3.068394015976294398e+01 1.043171953741458680e+01 8.913181566122633015e+00 1.794098712582224309e+01 3.232006553630635892e+01 5.249633388219837826e+01 5.566486442730395368e+01 3.893460503834961628e+01 5.566486442730395368e+01 6.341726582673929613e+01 4.999178731586646762e+01 3.029573042022553864e+01 1.615446769697917162e+01 3.032278268437731228e+01 5.033112709548704089e+01
2.434392073152260791e-02 2.002434392073116598e+01 3.127447211196538746e+01 3.788082300623570831e+01 4.583127776810314202e+01 5.136583199364399377e+01 5.977738946799689046e+01 7.146967468340409368e+01 7.904973607222491694e+01 6.634155224537606443e+01 6.947229635560273664e+01 4.678870244578814663e+01 3.172535060404895901e+01 2.163490167351697835e+01 4.172563290957153725e+01 4.763024906846803219e+01 4.393849471772151105e+01 6.405667218498976467e+01 6.052318478477598518e+01 5.222700274055740977e+01 4.510204666870185264e+01 2.867187165184074971e+01 1.428558610007015872e+01 3.068394020930006860e+01 1.049982576969008008e+01 3.076874140600341434e+01 4.380228447733303909e+01 5.093664017392985244e+01 5.923482226950435603e+01 5.893102557781158879e+01 6.720703605856384399e+01 6.334987914275784959e+01 4.309630814360911444e+01 3.890965918129310097e+01 1.888445859663571014e+01 3.304910965573971282e+01 5.305827732884331738e+01
5.883922493566802470e-02 1.420097484866649218e+01 3.420097484866577986e+01 4.380300884874527867e+01 3.969257607604871652e+01 3.118225140785165905e+01 4.284100984949728286e+01 6.312041458748291234e+01 7.285527402931327856e+01 8.442427253308184731e+01 7.290443969813787817e+01 6.138120928534147680e+01 4.599527835719258206e+01 2.590021076872308115e+01 3.431693622440023006e+01 5.447421603917933908e+01 6.405667218498976467e+01 6.380566307972795670e+01 4.375083508870211091e+01 3.207550488283224865e+01 2.484834379666354209e+01 1.837605381744215904e+01 3.459188455921346872e+01 3.239350854089180132e+01 1.209644437421341934e+01 3.239370841230805809e+01 2.352481351533544540e+01 3.075763515213140309e+01 4.245480143076435553e+01 6.252304736789704265e+01 7.127696189539089744e+01 5.950445280322283992e+01 4.309849613860097861e+01 2.302414500297527056e+01 3.841991132712293222e+01 3.883638142152839379e+01 5.859020118783718090e+01
2.016265153036126551e-02 2.002016265153000774e+01 2.631585648375375186e+01 2.374037919503077632e+01 1.959183662110434554e+01 3.882861235832688607e+01 4.419978076772007825e+01 4.420812520358487063e+01 6.014179087420751557e+01 7.021354337256595102e+01 6.482277131980768559e+01 4.530669143141609823e+01 3.534001517023681060e+01 3.193769052960664112e+01 5.206341156810815107e+01 5.076839162166461961e+01 7.096324377346627443e+01 7.209439443397327807e+01 6.052318478477598518e+01 5.222700274055740977e+01 4.199072688260123698e+01 2.168951567043442452e+01 4.199072439018127056e+01 4.073980681224438882e+01 3.239383324365486061e+01 1.440068133315097931e+01 3.473392705877949282e+01 5.093664017392985244e+01 5.923482226950435603e+01 7.081132422288862927e+01 6.271711386915636410e+01 4.244032162730356106e+01 3.087895258295704082e+01 4.309849613860097861e+01 2.828539531251326977e+01 3.722870609620025562e+01 4.872316887867380331e+01
1.256007409845548775e-02 3.136035313935396474e+00 6.298313018801589891e+00 9.586293338511730155e+00 1.375659824370062090e+01 1.875685898236504912e+01 2.410367088816418502e+01 3.167546109432301193e+01 4.172632541247897819e+01 6.188713693140220329e+01 7.290443969813787817e+01 6.362010055018230048e+01 4.689948407745183090e+01 5.206341156810815107e+01 4.197973766761720071e+01 6.214708546859910143e+01 7.930682493871707095e+01 7.317005362002791458e+01 6.488416830289261839e+01 5.731324880942450051e+01 4.541407929612044114e+01 2.516125329483864803e+01 4.541407916217266916e+01 5.074453050344069993e+01 3.054348006908451296e+01 1.610741071090084731e+01 3.646023072090505934e+01 5.635501840228682369e+01 6.456941998836805396e+01 7.449897540236219129e+01 6.192151714980914079e+01 4.158213060208112211e+01 5.101030241002055732e+01 5.231193351861326590e+01 3.245858920978814410e+01 5.231193351861326590e+01 6.511300356169807912e+01
1.283213977233468341e-02 2.001283213977198017e+01 2.631585648375375186e+01 2.113918153070511252e+01 3.381046587643696455e+01 2.646793777248918644e+01 4.419978076772007825e+01 4.419978617831390011e+01 6.014179087420751557e+01 7.021354337256595102e+01 7.729540976403895058e+01 7.520017368213353848e+01 6.690629474007667454e+01 7.049241387308171625e+01 5.205444216266223378e+01 7.049241387308171625e+01 7.643632106343660837e+01 5.642740554537729736e+01 4.485339812708498641e+01 3.723419057735480919e+01 3.045689675345396452e+01 4.541407929612044114e+01 5.371987316815840074e+01 5.248123840951817698e+01 3.230251626991161373e+01 1.785055916991722924e+01 3.821272710557527574e+01 3.634174530258871982e+01 4.641395153275078655e+01 6.629608527182288924e+01 7.055101259609796216e+01 5.320572458635023594e+01 7.044566167072537155e+01 5.673552068645945212e+01 3.693141020008280151e+01 4.843702183527071981e+01 6.807148093045930182e+01
9.594114293757748102e-02 2.009594114293722100e+01 3.554990898960856782e+01 4.119694403456534104e+01 4.951362480403328448e+01 3.829546864650764348e+01 5.577206888483650715e+01 6.434859364550139560e+01 6.550574257843898351e+01 5.714612453786860868e+01 5.714612453703805528e+01 6.722578075373102990e+01 7.560917279762335852e+01 8.057647544757782043e+01 7.223972877453591934e+01 8.057647544757782043e+01 8.472077218013502886e+01 7.317005362002791458e+01 5.731324880942450051e+01 3.723419057735481630e+01 5.062022939873461524e+01 5.891572658621829817e+01 6.527889844758624349e+01 5.141256950383306901e+01 3.999294603621366662e+01 1.963302479447452953e+01 2.614779187294460172e+01 4.634838185243788899e+01 6.456941998836805396e+01 7.449897540236219129e+01 8.251749121114687568e+01 7.382751120560968161e+01 6.717431755233327806e+01 4.758839539970443155e+01 4.399643693266559552e+01 6.370275694183149540e+01 7.614732857345771322e+01
3.950229235330715398e-03 7.078603562674706140e+00 1.607577175918873280e+01 2.798714756798485936e+01 4.933928062832787020e+01 6.022993278895135205e+01 6.956511517280307544e+01 6.613044802146026768e+01 5.652743468027382789e+01 3.711667972535376947e+01 5.178428659418801772e+01 4.715152007283872848e+01 6.399138514997753191e+01 7.621568822772456997e+01 8.461532194655768535e+01 9.412383340818718125e+01 7.412110827322561590e+01 5.997250245723286355e+01 4.995435298999570506e+01 4.331881901432340243e+01 6.335411906746668365e+01 6.472534016574307714e+01 5.456920375967607129e+01 3.723964974559237362e+01 2.281400245088508427e+01 3.999294603621366662e+01 2.462156445874379429e+01 3.897332575786344222e+01 5.904750569274058591e+01 7.279827186528778782e+01 8.107938366518513362e+01 8.650507716975062067e+01 6.717431755233327806e+01 5.898746461123830187e+01 5.799155635117131169e+01 5.799155635117131169e+01 7.749081486523647300e+01
7.711341127313005306e-02 2.007711341127277649e+01 3.554990898960856782e+01 4.501116997598279568e+01 5.709818672656688676e+01 6.749246272409220637e+01 5.886658555462888387e+01 4.980375358802888996e+01 3.771613179977507002e+01 2.814365133658166229e+01 3.176481077340650927e+01 3.562232569749149746e+01 5.563590094761799065e+01 5.607112185693502937e+01 7.621568822772456997e+01 8.620086205320008332e+01 8.826394525334427499e+01 7.490691031398587540e+01 5.489688890577770053e+01 5.749367156989422512e+01 7.164026077853031893e+01 5.643206080392807422e+01 3.632737584931268771e+01 2.611069174757576761e+01 4.314146141339332985e+01 4.843145283718441618e+01 2.830498192081329378e+01 4.843145283718441618e+01 5.866198023917120707e+01 5.280653652597251124e+01 7.279827186528778782e+01 8.326088596199809899e+01 8.637137448199702305e+01 7.835776664691618976e+01 7.749081486521335194e+01 7.749081486523647300e+01 8.556986763267794061e+01
9.541454368626212448e-03 2.000949259032636007e+01 3.983005165169459616e+01 4.796946554405785434e+01 4.625484964989070846e+01 5.804889625001707287e+01 4.435317954901584869e+01 3.063317682610829351e+01 2.349922676047294701e+01 4.359003677928583897e+01 4.590502628138550989e+01 5.563590094761799065e+01 4.193694695831998587e+01 4.947735756958007869e+01 5.763253801567250889e+01 6.922741309289655476e+01 8.949562794777894226e+01 8.319147868546330926e+01 6.645228863244368256e+01 7.750249089768172439e+01 7.646052936383178178e+01 6.472533988194697940e+01 5.058354711302352769e+01 3.041550957354411011e+01 3.024633656381050173e+01 5.044646060311912805e+01 4.843145283718441618e+01 3.380861391202905963e+01 3.866981848015645795e+01 4.499165723016159291e+01 5.498851230074973273e+01 6.912470296196055131e+01 8.911532817249519667e+01 8.519805482242814776e+01 7.687937696274816801e+01 7.837359776424727897e+01 7.529328061203443667e+01
2.297228869525369793e-03 1.154930259487225719e+01 3.154922781217133121e+01 3.003722627760564379e+01 4.737205364116064743e+01 4.227827446135578526e+01 1.857945483169654466e+01 1.918709867262105462e+01 3.926540180865602281e+01 5.192373655363415708e+01 6.597807658000688491e+01 7.034322190174640355e+01 5.346653615417798733e+01 5.607112185693502937e+01 7.621568822772456997e+01 8.620086205320008332e+01 9.791080967084415931e+01 9.473981156354105337e+01 8.645613831035919361e+01 8.232350229058415891e+01 6.231831148818761790e+01 4.815731612551084595e+01 4.055639041959565816e+01 3.607367034598992461e+01 3.321844432957423976e+01 5.337605124283602009e+01 6.019697753894518399e+01 4.038760625700457041e+01 5.866198023917120707e+01 6.498416691335859241e+01 5.912890668527244742e+01 7.912001556722788109e+01 9.103283954133713962e+01 7.101682080815649556e+01 5.688606497094650649e+01 5.837788855797510479e+01 5.530126645149848486e+01
