MOVIE_S12_data/elevation_000923.asc
nrows	50
cellsize	150.0
xllcorner	0
ncols	50
yllcorner	0
NODATA_value	-9999
[rows 17 to 33 of 50, columns 0 to 36 of 50]
5.436832538903087209e-02 2.005436832524912205e+01 1.826680687209601217e+01 2.618742553749180502e+01 9.222092675266603479e+00 2.922040348112213337e+01 1.585979300626824262e+01 3.584108633724616766e+01 4.747468205544798536e+01 3.430235613498721392e+01 5.422210787039375646e+01 7.076465722421048099e+01 7.489055974411404293e+01 7.703106701757874930e+01 8.508009351851647750e+01 8.650991280890707458e+01 9.450853296320001107e+01 8.532033350189286125e+01 6.530017136603517258e+01 6.530017136603517258e+01 7.945381603629638789e+01 7.151243882081404024e+01 6.824286923006752659e+01 4.823191308876888428e+01 4.245991864296047424e+01 5.539291386125906769e+01 3.654852658444408320e+01 5.655154059602009653e+01 6.329562348050990295e+01 5.743292527434255135e+01 7.744942900193949242e+01 8.736647631446216167e+01 6.736727294060322890e+01 5.580756231419649538e+01 4.685046418133556045e+01 5.084359859812791171e+01 6.453006523219063695e+01
9.647730019007895452e-02 2.106552930708473159e+00 4.126858019811978195e+00 6.189700512313430103e+00 2.613185430698327849e+01 1.240432160746610002e+01 1.947521212122111223e+01 3.361558015294092883e+01 5.368789107749088885e+01 4.841915475042197414e+01 4.693311800954801782e+01 6.100906005323037817e+01 8.066005896821410204e+01 8.455494689537947295e+01 7.630490450653016410e+01 7.890182774319680448e+01 8.714453870629374421e+01 9.360746070655763162e+01 8.532033350189286125e+01 8.532033350189286125e+01 9.183654537208884960e+01 7.181620007998525068e+01 5.766079612022860346e+01 6.824286923006752659e+01 5.400672481587839258e+01 5.984010879079849587e+01 3.983652941812542991e+01 5.398420355358884848e+01 7.404478755809284962e+01 7.744942900193949242e+01 8.573802328251818494e+01 9.564952692311526050e+01 8.410334508429001232e+01 7.515543291120550862e+01 5.930340604736434784e+01 3.928760007300650869e+01 4.451411753142249239e+01
9.953738903938927352e-02 2.009953738903903542e+01 2.412536451697551243e+01 1.773658834691322639e+01 3.435808124754380799e+01 2.393281429186345477e+01 3.945693918650220411e+01 3.361072953145040998e+01 5.357093786839833172e+01 6.823167599444489895e+01 6.676470437833958727e+01 7.481927914851078754e+01 7.599010088004662578e+01 7.300899604573270096e+01 5.627325871849097894e+01 5.887345338517175009e+01 7.890182774319680448e+01 7.933246043909605305e+01 8.521748958157523646e+01 9.232031950465341197e+01 9.769630001518495988e+01 7.768002345434622669e+01 6.766867673200472666e+01 8.231138494592150323e+01 7.402206708817813308e+01 6.332670188983453841e+01 4.331716689558058420e+01 5.486158043848339361e+01 6.899495141815899046e+01 8.888796972414913000e+01 9.162482617094950399e+01 8.334178887338914876e+01 8.236223093612852608e+01 7.407832821398447720e+01 6.759061181616817748e+01 5.297385243906668961e+01 3.296911593453293676e+01
3.582433992925927735e-02 1.417795996366033506e+01 3.417795996366103850e+01 3.776847699697000138e+01 4.611398758695070654e+01 4.366090398454400656e+01 5.043793909784655227e+01 5.357093786764576748e+01 6.180706070061814472e+01 6.792908049166190665e+01 5.962411322197382901e+01 5.962411322197391428e+01 5.594594143056383473e+01 6.473962841849446193e+01 4.472059885091793774e+01 6.473962841849446193e+01 7.146065361431169549e+01 5.926321213569201518e+01 6.514135887044247397e+01 7.223048268776058478e+01 9.058950590316840135e+01 9.597785170797405385e+01 8.182920719679232491e+01 8.436226899414197078e+01 6.432405211748097429e+01 5.017426267683975993e+01 6.332670182482431187e+01 5.225879070367460599e+01 7.227694696862202761e+01 9.127667707141601738e+01 8.334178887338914876e+01 6.333699890576177438e+01 6.919626623106729824e+01 5.406313445831531794e+01 7.080917175730603219e+01 6.126186505588648856e+01 4.742553680674956951e+01
8.338298177320474514e-02 1.163038836556562039e+01 2.577252398929632093e+01 4.577252398929560684e+01 5.865311249861808562e+01 5.037971238704439259e+01 5.902890864309286911e+01 5.476926787455608547e+01 6.064697892627112452e+01 5.962411322197382901e+01 3.955983361975199131e+01 3.955983361975199131e+01 4.175515579725016124e+01 5.870366389619096736e+01 3.869290420512805895e+01 5.870366389619096736e+01 5.141129776935761697e+01 4.510797220650653827e+01 5.217941259217363381e+01 6.219047991671504150e+01 7.638176703266120171e+01 9.648710934820189777e+01 1.018438834189714157e+02 8.971947807877252501e+01 6.967463607195830377e+01 5.551832155849002248e+01 7.554563428674697434e+01 7.227696945012519336e+01 6.295382588591991180e+01 8.298302867279988959e+01 8.074734890549967758e+01 6.074028683095403380e+01 4.917511967166471010e+01 4.250171164211594999e+01 5.495538482265490643e+01 5.010228696590958464e+01 4.708749613077960561e+01
1.813270376062421294e-02 2.001813270376026921e+01 3.663951264702807720e+01 4.812960608023681175e+01 4.339651665056018004e+01 2.900104181955155624e+01 4.734654082986885015e+01 3.473559159496773674e+01 4.060331952516270348e+01 5.616407728472545813e+01 4.495468012465087781e+01 2.535837113057988645e+01 4.134141357809480155e+01 4.605124029743535630e+01 3.335184986377481664e+01 5.041768318965076645e+01 3.726615079282469623e+01 5.728361813792253088e+01 7.223048268776057057e+01 7.712512723639380852e+01 8.544452931704465470e+01 8.475408385321344440e+01 9.307231403216647436e+01 9.559336751420464395e+01 7.554563431564423581e+01 6.259207273828130269e+01 8.263017238776508577e+01 8.298302867279988959e+01 8.298302867279988959e+01 9.127667707141601738e+01 8.903023587144649298e+01 7.259258002081038796e+01 6.430646563031494622e+01 5.495538482292514004e+01 3.494554978972733750e+01 3.010442686206187801e+01 2.709534428215229696e+01
2.351309638313057310e-02 8.758671132797790193e+00 1.998477231277701449e+01 3.981626789995671345e+01 3.891347361942810323e+01 1.887555581787063730e+01 2.903718593553267269e+01 2.057018850079458261e+01 4.060331952516266796e+01 4.436352614548873419e+01 2.988663484567025108e+01 1.929908967995921287e+01 2.132540121857434201e+01 2.605246477457656695e+01 4.605124019081880249e+01 3.041295494959672752e+01 3.342387856545291669e+01 5.343437877025428406e+01 6.106203311263055866e+01 5.706124602853929417e+01 7.055213989861384505e+01 6.466950210055618697e+01 8.475408385321344440e+01 9.681911637742676646e+01 9.093570683489176076e+01 7.260559815096800662e+01 9.093570683489176076e+01 1.030107405025787415e+02 9.527984477674884545e+01 8.633742861245534073e+01 7.805503259244633796e+01 6.430646563031494622e+01 4.428190167773212238e+01 3.991703223738824846e+01 3.575100950471309602e+01 3.357247073856783715e+01 4.708749613077960561e+01
2.372884694381488524e-02 2.002372884694345956e+01 3.499032755478130241e+01 2.978051137780542135e+01 2.573931047386468762e+01 1.955267240302787357e+01 9.022188050031912709e+00 2.903713382348156813e+01 3.254548156818569993e+01 3.402003257804744862e+01 1.659168825507667933e+01 3.664141598694286017e+01 4.133278049803541876e+01 2.454092383225004070e+01 2.685301179563500185e+01 3.391714999627530602e+01 5.343437154687386936e+01 3.783732684554378523e+01 4.103847132151582855e+01 4.550961775949640042e+01 5.050854038435976889e+01 5.683336781891157585e+01 6.840200037084257190e+01 8.850075373798645728e+01 1.009607761613317081e+02 9.265474662456223598e+01 1.009607761613317081e+02 1.011325233381814144e+02 8.114268812113711249e+01 6.700144191247494518e+01 5.804459764093880381e+01 5.136408688479972540e+01 6.430646563031494622e+01 5.993674753168659208e+01 5.576234832750652970e+01 3.828041465701718948e+01 5.829591648428674233e+01
6.296921807001566729e-02 1.994672878148515238e+01 2.262561930056877557e+01 4.462154455981896639e+00 5.765171085597185829e+00 7.074139969976137365e+00 2.706887222011096128e+01 1.105255998064346201e+01 1.249776170890456939e+01 1.396396108381489398e+01 3.402003257804744862e+01 4.494335703695511341e+01 5.287460837749348741e+01 4.455948601709933143e+01 3.839160512208709974e+01 5.392839008830319614e+01 4.546033096841215837e+01 5.785569713042539775e+01 6.106203311263045208e+01 4.810825801109272248e+01 6.814668796493545244e+01 7.689673307109002565e+01 6.950897140072532920e+01 8.371808943114702117e+01 1.038319134167843316e+02 1.041487228046110403e+02 9.591920249957802014e+01 1.041487228046110403e+02 9.527984477674884545e+01 8.633742861245534073e+01 6.771472325125576219e+01 6.552653949383000054e+01 7.966874439947984854e+01 6.028847734909394518e+01 4.612782743106954797e+01 5.829591648428674233e+01 5.829591648428674944e+01
8.175220331382776484e-02 1.354321908637347471e+00 2.629477326766424650e+00 1.122988973055042372e+01 2.465854737957339182e+01 1.116853031865907120e+01 3.042716538169674934e+01 3.108722717245197842e+01 2.667917641936158546e+01 3.400656163610659632e+01 1.751964071613895868e+01 3.756332918430495482e+01 4.955318363651270630e+01 6.111846887306477072e+01 5.841233868734261847e+01 6.672326895629124976e+01 5.546577594263785471e+01 7.380942314935305149e+01 7.350605654816313006e+01 5.345313550014932247e+01 7.350605654816335743e+01 9.256222848660452485e+01 8.960929208094758280e+01 9.792664922206711253e+01 1.056884641722731715e+02 9.418461942161374623e+01 7.596598252236620397e+01 8.853907038086454406e+01 9.677762434494114530e+01 9.599824096533218665e+01 8.771524627098861515e+01 8.552819108041632035e+01 8.858019819440551146e+01 7.247888878921504840e+01 5.246132802931989403e+01 7.247888878921504840e+01 7.830714616321579058e+01
7.631710034972485901e-02 2.007631710032023875e+01 2.263610181881058026e+01 1.681661628079685755e+01 3.347807180282833883e+01 3.063384917221690884e+01 1.709296900056773438e+01 3.732053890659151563e+01 4.672772601087618227e+01 3.756340302795284458e+01 3.756332918430495482e+01 2.122808261395433149e+01 3.278892699193513494e+01 5.280703467496176984e+01 6.504899429178827575e+01 8.384189694225820233e+01 7.552616401174348937e+01 8.384189694319142916e+01 8.182580690423381498e+01 6.501579333256007942e+01 6.415632673718080525e+01 7.835230608733000679e+01 9.846318311720474981e+01 9.918783919150855866e+01 9.746184496014822685e+01 7.750991445296291715e+01 6.598240192924268399e+01 6.858074164744979839e+01 8.526629518728029211e+01 8.406930980165209633e+01 9.230110189291127654e+01 9.424801078616810912e+01 9.247801348101197050e+01 7.247888878921504840e+01 6.247687384766967966e+01 8.076272180602043704e+01 7.794712191692923398e+01
9.124702163186203252e-02 1.423480414707307240e+01 3.428234802155321148e+01 3.581253667642447880e+01 4.395464704805671374e+01 4.250515242504877023e+01 2.176715049462703178e+01 4.250515649972223997e+01 5.963734147659538110e+01 5.759790305988433801e+01 4.955340722168654821e+01 4.124958691946377343e+01 2.516527608993932574e+01 3.671071892419843863e+01 5.673393979851232416e+01 7.251573870865080096e+01 8.083301345490488643e+01 8.628836571604934136e+01 9.342300078351421178e+01 8.510397178549398234e+01 7.835230608733004942e+01 9.256222848660452485e+01 9.333095188175215640e+01 7.922121673458408964e+01 9.331880945784750736e+01 9.418461942161374623e+01 7.701612391405249980e+01 5.705129898178513059e+01 6.995752357925509557e+01 6.411118585051532648e+01 8.406626121050589973e+01 7.426744553620696365e+01 8.839587562443873026e+01 9.076358413784055301e+01 8.248090373076038873e+01 9.076358413784215884e+01 8.623091407224505645e+01
8.187870513261463756e-02 2.007082133265281954e+01 3.182652430507414820e+01 3.889927879977270919e+01 4.719171006612192798e+01 5.091444436194014855e+01 4.250515649972223997e+01 3.063114526226192780e+01 4.540954981265217327e+01 6.563350722688575445e+01 5.647174581327472964e+01 3.856521718531146092e+01 2.805554169670230280e+01 4.810122655984973505e+01 5.677376615231079171e+01 5.248695102649845268e+01 6.926079269389097703e+01 6.622493461961353489e+01 8.628836571604934136e+01 1.005236696934645835e+02 9.846318311997642070e+01 8.996772317800134999e+01 8.171258896031194752e+01 6.512306614148133121e+01 8.432694239932619951e+01 8.391948660883252842e+01 7.235381689964575003e+01 6.407099090654068618e+01 4.999225878367166587e+01 6.995752357925509557e+01 7.531993260131791601e+01 6.014863463459696646e+01 7.840149733925221653e+01 8.838431967366096842e+01 9.177404768299651039e+01 8.010952536233608612e+01 7.172450733030191827e+01
2.239863785106879432e-02 5.795901329778907041e+00 1.182612822266451147e+01 1.889719612033578855e+01 3.044425212279789505e+01 5.044906003019544727e+01 5.967408606589874154e+01 4.540954115264948143e+01 4.540954115264948143e+01 6.563202823037771338e+01 6.493761687173417840e+01 5.493430154060720128e+01 3.701966912595396053e+01 3.271025579611831091e+01 3.672250793466561447e+01 4.091346585807936265e+01 4.988370527633467333e+01 6.990664282413042940e+01 7.211630233694717163e+01 9.220012737624118415e+01 9.582387086731580439e+01 7.586750461196093909e+01 6.177467813140921038e+01 5.622026876423718988e+01 7.614806922531739986e+01 7.561001870959375992e+01 5.563238839248820256e+01 4.410654883911260526e+01 5.891363419363893428e+01 6.717301054941813732e+01 5.535469484233517790e+01 5.016562724426719910e+01 6.014863420149752926e+01 8.011488357364285662e+01 8.336657826050391407e+01 6.320191990407342786e+01 5.163217975558900719e+01
1.991760116496149591e-02 2.001991760116460739e+01 3.182747464953081362e+01 3.889927879977270919e+01 4.719171006612192798e+01 5.874574694476047654e+01 6.759377086431814519e+01 6.563202823037885025e+01 6.563202823037771338e+01 7.393863097914795901e+01 7.343328430426457487e+01 5.338802038207330014e+01 5.706639484800154349e+01 4.168586741403658635e+01 4.429407918044980619e+01 6.095211293097559491e+01 4.910424300801577147e+01 5.577429645736049935e+01 6.731868839522869052e+01 8.738983451476627806e+01 9.539251650560321139e+01 8.713823710149164015e+01 6.910274695937236800e+01 4.918330447958535245e+01 6.910115141980530495e+01 7.873288736232261442e+01 7.234194241752105370e+01 5.891610134650351682e+01 3.895340359487575199e+01 5.414407344371239361e+01 4.123882877971495020e+01 5.276395800070852005e+01 7.272947312607496428e+01 8.838431967366096842e+01 8.291261158706343792e+01 6.275168350566771380e+01 6.012419659639530067e+01
1.766589122093755945e-02 8.961937801220173583e+00 2.050894318501289249e+01 4.050894318501359948e+01 5.954806337748348000e+01 5.126421219458076450e+01 4.759422763146906021e+01 6.759377086431814519e+01 7.535794710768252003e+01 6.950007705173349848e+01 7.535794710768252003e+01 7.343328430426457487e+01 7.003569196807313801e+01 5.325717719741998479e+01 5.431366664932934896e+01 7.264483986539302407e+01 6.325204918525920306e+01 7.580175289970686947e+01 8.412266850321101685e+01 9.571569990729419430e+01 8.713823710149164015e+01 6.719148975983293326e+01 6.412300359931847993e+01 4.420341712983250204e+01 5.879934442741992484e+01 5.879934442741992484e+01 6.501878087756391267e+01 6.718332544297575737e+01 5.414407344371239361e+01 3.418153838931795008e+01 4.829675631345967446e+01 6.826074576185004616e+01 8.099581759592862795e+01 8.698390494842752219e+01 7.698211214275038117e+01 5.685724696580557236e+01 4.269837687993761222e+01
6.490672536223988931e-02 2.006490672536188313e+01 3.724620904868721283e+01 4.879321443248867496e+01 5.126421219458076450e+01 3.126433530920842685e+01 5.126421219458076450e+01 6.615203492218441284e+01 5.535800098828640614e+01 4.950016128269462712e+01 5.535800098828640614e+01 7.185485165415170172e+01 8.013926300063259589e+01 6.741513391249981169e+01 6.847305631777466317e+01 8.267049140379279493e+01 8.330674667579216930e+01 8.174705064921582220e+01 8.393976854135664212e+01 9.223646311325981628e+01 8.713823710149164015e+01 6.719148975983293326e+01 5.310870692004973392e+01 5.879934442620815105e+01 3.887477992055264764e+01 5.396698405426629108e+01 4.509310771878462987e+01 5.918035839193176173e+01 5.147644368923321423e+01 3.151325720033428368e+01 4.562922993331649479e+01 6.559286644223696783e+01 7.675205344085763670e+01 6.707811762414510781e+01 8.116627323781101211e+01 7.111704817410956991e+01 5.641026786020397310e+01
