MOVIE_S12_data/elevation_000712.asc
nrows	50
cellsize	150.0
xllcorner	0
ncols	50
yllcorner	0
NODATA_value	-9999
[rows 0 to 16 of 50, columns 0 to 36 of 50]
8.271705653423140625e-02 2.127631151761726416e-02 9.425194436011796739e-02 4.939197167322698090e-02 3.975871534419905817e-02 6.171646774684565184e-02 1.696294146011132625e-02 1.936121709489252440e-02 4.216450047424835645e-02 2.297044857093000214e-02 6.704298068806634203e-02 4.162315340452049650e-02 3.835349583220235004e-02 2.777463300387698203e-02 2.207885817162396139e-02 7.161913568127860341e-02 9.025521335945362045e-02 3.502399586135773735e-02 8.040414306008919487e-02 3.131346976591601466e-02 7.604099264847130613e-02 2.387740603804927586e-02 5.687112022313325910e-02 4.074439634684711570e-02 8.709178300582484655e-02 7.612946965408906586e-02 1.077918208624280109e-02 9.929772718869623455e-03 4.600412614040166881e-02 2.152795518990661267e-02 2.378824418737431057e-02 9.511189423522797837e-02 9.406546861214974686e-02 1.749038473908382007e-03 2.223905489293687143e-03 6.269637160239108220e-02 9.476101746191394060e-02
7.639902522890137937e-02 2.002127631151726206e+01 2.009425194435976181e+01 1.419152759540430253e+01 2.003975871534384368e+01 9.005988457048610840e+00 2.001696294145975585e+01 4.189649498236370562e+00 2.004216450047389131e+01 1.156997583236334570e+01 1.420917860441914193e+01 1.418375877713559596e+01 2.003835349583184566e+01 2.002777463300352068e+01 2.331479934930122511e+00 2.007161913568092260e+01 2.009008157650421467e+01 6.701690662527878928e+00 2.008002934232065329e+01 2.003131346976556060e+01 1.421817661681988554e+01 2.002387683120553419e+01 2.005686954361808816e+01 5.385969236011139749e+00 1.991289195512291599e+01 1.361778162720537644e+00 1.995624439169169406e+01 1.415206539644994521e+01 2.004600412614004767e+01 4.285542282302134076e+00 2.002378824418702052e+01 1.423724751796605226e+01 1.423620109234322584e+01 2.000174903847355168e+01 2.000222390548893969e+01 2.006269637160203700e+01 2.264065595648479867e+00
7.813061968023242432e-02 1.422026624341130763e+01 3.422026624341201284e+01 3.419152759540500597e+01 3.729107270654292705e+01 2.055300987490880971e+01 2.844330348479264714e+01 8.453663825348543881e+00 2.845383097147830398e+01 2.571211145609404625e+01 3.420917860441984715e+01 3.418375877713629762e+01 3.879856832772218667e+01 1.879856833353198198e+01 4.656432709806498593e+00 2.465643270809947651e+01 3.498420835593665856e+01 2.670181423452578784e+01 1.824869589974343143e+01 3.824833325964038977e+01 3.421817801244336010e+01 3.323036230561007187e+01 1.323061727577199598e+01 2.318413018871113351e+01 3.191335577705927129e+00 2.137337289238936222e+01 2.980929417487417865e+01 3.415206539645065220e+01 2.279203571075322188e+01 8.649900087022020401e+00 2.279203571075322188e+01 3.423724751796534349e+01 3.423620109234393283e+01 3.700145751846667963e+01 2.540676241090742593e+01 5.406762400922038303e+00 1.640620121940548870e+01
1.795629399984677299e-03 2.000179562939963063e+01 3.725381102010043577e+01 4.880081640389275321e+01 4.884106451658202985e+01 4.055365935293671953e+01 3.345355936641685446e+01 1.345366382534846039e+01 2.478362753535427032e+01 4.478436351443969698e+01 5.399638270344068758e+01 4.514959060117341494e+01 2.514961565635420371e+01 2.704677599879458683e+01 7.046889928475295939e+00 2.118902553726923088e+01 4.118900646820784317e+01 4.652907577098049074e+01 3.239081655316022790e+01 4.652907577098049074e+01 4.217538021706260309e+01 2.217495421128974797e+01 3.323014723792608294e+01 2.448402610860988915e+01 4.490475182629183770e+00 2.448401100610570325e+01 4.342915897435043604e+01 5.107630695821612221e+01 3.364990008702276469e+01 1.364990008702206303e+01 3.364990008702276469e+01 5.107630695821612221e+01 4.755466141001001290e+01 2.871712255265829938e+01 8.717185955331538949e+00 1.435103431092127302e+01 3.369103393055276285e+01
2.526786264046545702e-02 8.969539772639544495e+00 2.051654515643185661e+01 4.051654515643114252e+01 5.887606324018119608e+01 4.198288958478603661e+01 2.198169250689518606e+01 3.345151050914731172e+01 3.345400296493643566e+01 5.307141713649869530e+01 6.514936920006741161e+01 4.514959060117335810e+01 3.100748131877998048e+01 1.100748010038202729e+01 1.371355659514202152e+01 1.859389531218306502e+01 3.014090069388196014e+01 5.014089404893629620e+01 5.238969841119013893e+01 5.286542522149842682e+01 3.286618229360185239e+01 4.217346344185914830e+01 2.636479649543286641e+01 6.371916919396370282e+00 2.448397745964483363e+01 1.518077501703513299e+01 3.516722830896491558e+01 5.364990008702347524e+01 3.364990008702277180e+01 2.031656675368861187e+01 3.364990008702277180e+01 5.364990008702347524e+01 3.927262855333782454e+01 1.927260898327383387e+01 1.110764317400034606e+01 3.110764417258995707e+01 2.849316994258625968e+01
8.483503398980346555e-02 2.008483503398944947e+01 3.180774806512332731e+01 3.887862682026327121e+01 3.887862682026327121e+01 5.027731084742283940e+01 4.198195421265739924e+01 3.267214267029916641e+01 5.266866822303855145e+01 6.174696349142979557e+01 5.967805642635172347e+01 3.967804516723725072e+01 2.553590945470902795e+01 1.398890407038177308e+01 2.078462440700762315e+01 3.859388454912425459e+01 4.687796748866792740e+01 5.842512759512027998e+01 6.699478336913121268e+01 4.701285344912211883e+01 5.286542522149842682e+01 4.177465097490366475e+01 2.184745713002159917e+01 7.708223128958486825e+00 2.770056793380477345e+01 3.516710088663152334e+01 3.150397402839244521e+01 5.146678728283405491e+01 4.738763456555324893e+01 2.738763456555396303e+01 4.738763456555324893e+01 5.560229096243889302e+01 3.560253523746862214e+01 3.364753786934448954e+01 1.364764571400417736e+01 3.364764612363606489e+01 4.849317305405580925e+01
4.163169627051844027e-03 5.777665861523284541e+00 1.180789275307734343e+01 1.887896056472676065e+01 3.302106898526393053e+01 5.301846547568150214e+01 6.092757495938756307e+01 4.421912695697936613e+01 6.092757495938734280e+01 7.100769215898097286e+01 6.100765573391822016e+01 5.272332248924845999e+01 3.711238100500156634e+01 1.711237930815394748e+01 3.711238100500155213e+01 3.147507408354056935e+01 4.561720970223993987e+01 6.561720149026704973e+01 7.519482535470008600e+01 6.699478336913121268e+01 5.663085548017961912e+01 4.250357550913560800e+01 3.037138410545625078e+01 1.038083554808270748e+01 9.916853650455399460e+00 2.405733668638716338e+01 4.403381527291985265e+01 5.972107158813885519e+01 5.567190581301485963e+01 3.893463994934607086e+01 5.567190581301485963e+01 6.388468520435037590e+01 4.845802067928381263e+01 3.625142440396690091e+01 1.625142393362069981e+01 2.779842931793147898e+01 4.779843042857949342e+01
2.434392073152260791e-02 2.002434392073116598e+01 3.180774806512332731e+01 3.887862682026327121e+01 4.715999622012869708e+01 5.549651352074226907e+01 6.378078476819300846e+01 6.421095624280037839e+01 7.245469895982209607e+01 6.272332709259933381e+01 4.272331788589760748e+01 3.272331788483293025e+01 2.605665121815645691e+01 2.089202403824628718e+01 4.089202613049102553e+01 5.147507167327785282e+01 4.780500558603131367e+01 6.780499308381737933e+01 5.996576589538139501e+01 5.171322002342621715e+01 4.465298123353898063e+01 2.840575295861349403e+01 1.426597899666488267e+01 3.037203355890103040e+01 1.149307446293358836e+01 3.148374326583802940e+01 4.426538374459173042e+01 5.131698815689030369e+01 5.955711633903133873e+01 5.893463994934536032e+01 6.721891119680596205e+01 5.601731149007135713e+01 4.017374722244183971e+01 2.017374663638445043e+01 3.625142439604838529e+01 4.453569619118469092e+01 5.608270292807575430e+01
5.883922493566802470e-02 2.005883922493531202e+01 3.792440619416202452e+01 4.620867744166984892e+01 4.135437789701081357e+01 3.549651352074297961e+01 5.549651352074226907e+01 5.501333530910489600e+01 6.329760655653059587e+01 7.100769215902440124e+01 6.100765573394369312e+01 5.272332248924845999e+01 4.525638451921668803e+01 2.525638184296620992e+01 3.354113468414359289e+01 5.354114036242513208e+01 6.780499308381737933e+01 6.322633370600971858e+01 4.328503585445868396e+01 3.174388146428363555e+01 2.467300522122557638e+01 1.834846187508489734e+01 3.425507736127081415e+01 3.306775338768843397e+01 1.307917763436986291e+01 3.268262123899658889e+01 2.430238204419938697e+01 3.137252109101108744e+01 4.290596322432835308e+01 6.280666188663417415e+01 6.544540324956651034e+01 4.773303703983152246e+01 2.773303609656912627e+01 2.355436365529857667e+01 4.355436435987418520e+01 5.611365468745496088e+01 6.439793704870839974e+01
2.016265153036126551e-02 2.002016265153000774e+01 1.792440619416131753e+01 2.980737251321844994e+01 2.135437789701152766e+01 3.897766079435971420e+01 4.432288563260829051e+01 3.501333530910560654e+01 4.915547093283606017e+01 6.915547093283464619e+01 6.680339942457619884e+01 4.680338723906048415e+01 3.525638184308561307e+01 3.128660873452158953e+01 5.128661256600891249e+01 4.987106720528537807e+01 6.987109323038237108e+01 7.147376733104104574e+01 5.996576589538139501e+01 5.171322002342621715e+01 4.162003090101536884e+01 2.163644153125274983e+01 4.162002687054236816e+01 4.133088618165227501e+01 3.306929061274733783e+01 1.535838916356258110e+01 3.534786759862423366e+01 5.131675263822438637e+01 5.955711633903133873e+01 7.104471271396732845e+01 5.716112829401591000e+01 3.716112651248039356e+01 4.187517175418178539e+01 4.355436436045106063e+01 2.855436365529866549e+01 3.611365311548381385e+01 4.766065850494342016e+01
1.256007409845548775e-02 3.174837734266841238e+00 6.377400810368597739e+00 9.807372513218805210e+00 1.397766079436033770e+01 1.897766079436042475e+01 2.432288563260900460e+01 4.432288563260829051e+01 5.501333530910490310e+01 7.501333530910348202e+01 7.508775030273881157e+01 6.354070743513437947e+01 4.680338723906048415e+01 5.128661256600891249e+01 4.128660873482230897e+01 6.128661639719555865e+01 7.815550825107038690e+01 7.595382210060407147e+01 6.599431844342286979e+01 5.774703456528433065e+01 4.504658481270629977e+01 2.506641281598275839e+01 4.504658481270629977e+01 4.781257110588143178e+01 3.702527392003437257e+01 1.703675188015585462e+01 3.117631445131198475e+01 5.114082557629374293e+01 6.017302672233213201e+01 7.014006962158302372e+01 6.544540195527419257e+01 4.610539842346528161e+01 6.187517484743513307e+01 5.263684774154933876e+01 3.263684655993743888e+01 5.263684774154933876e+01 6.439793833608450768e+01
1.283213977233468341e-02 2.001283213977198017e+01 2.637740081036895390e+01 2.135437789701152411e+01 3.397766079435962894e+01 2.662677143503362842e+01 4.432288563260829051e+01 4.065281725116295064e+01 6.065281725116224010e+01 7.022183599609778071e+01 7.608640221169208928e+01 7.508775030274141216e+01 6.680339942457619884e+01 6.957097338133497999e+01 5.128660874038227746e+01 6.957097338133497999e+01 8.177742275873042388e+01 6.188497046997159856e+01 4.778265455725872357e+01 3.778913329464590021e+01 3.023037742456235577e+01 4.504658481270629977e+01 5.039278345407634419e+01 3.954518973352822542e+01 1.957675442015309031e+01 3.702309246037774670e+01 2.488135906713189627e+01 3.195220435922955815e+01 4.194901513183285147e+01 6.189683939182442884e+01 7.438967572762669533e+01 5.765240385563257774e+01 6.206493920135916653e+01 4.206493697586385849e+01 3.930351322660433766e+01 4.896677839185425540e+01 6.896678366788106018e+01
9.594114293757748102e-02 2.009594114293722100e+01 3.535928928856373687e+01 4.135437789701081357e+01 4.963864914447086818e+01 3.817377681882573626e+01 5.491104268248962228e+01 6.065281725116224010e+01 6.435669919148095630e+01 5.019883592915383730e+01 5.606343686906303958e+01 6.564343794344567584e+01 7.393674253895622428e+01 7.957102445993128015e+01 7.128662405400879720e+01 7.957102445993128015e+01 7.400699812352718254e+01 5.409884415351260145e+01 4.411207152567264700e+01 3.655471485689537303e+01 5.020366565959065497e+01 5.845661480607539318e+01 4.215847846652562225e+01 2.216956931426157951e+01 3.955718988054330509e+01 4.780027000467160292e+01 3.488019762483867225e+01 5.191971291509089070e+01 6.017302672233213201e+01 7.014006962158302372e+01 8.593668548368047766e+01 7.765241135459889676e+01 6.962423002624984747e+01 4.962422643647137477e+01 4.637458103847328061e+01 6.637458377907489648e+01 7.725105916552560359e+01
3.950229235330715398e-03 7.075018041100836541e+00 1.601928995110015208e+01 2.756629533489287098e+01 4.756629533489357442e+01 5.817377681882502571e+01 6.645804806627849359e+01 6.314969024282307686e+01 5.485669178903176402e+01 3.604635463350396662e+01 5.148617237032361516e+01 4.562204566711067599e+01 6.564343302620648046e+01 7.614220177229280750e+01 8.443445433894235919e+01 9.389397266706332346e+01 7.400689481219698962e+01 6.405284906549613311e+01 6.227394666748883623e+01 4.232741323970081027e+01 6.227408961168890045e+01 5.812395903497919392e+01 3.816435280506872374e+01 2.402652269582070588e+01 4.400921411432795338e+01 5.048152925564150451e+01 5.482834620125407810e+01 5.483388534601095898e+01 7.468405788924397370e+01 7.939048618390221179e+01 8.760163119140707977e+01 8.962424993401845086e+01 6.962423002691652130e+01 6.117123186514846367e+01 6.051671683273323055e+01 6.051671683273323055e+01 8.051672560750989760e+01
7.711341127313005306e-02 2.007711341127277649e+01 3.535928928856373687e+01 4.430356119856305241e+01 5.585056658235577487e+01 6.371742989616274144e+01 5.542478310731682001e+01 5.159256453835449463e+01 3.484062934252732902e+01 2.787942380739741921e+01 3.147186843033114911e+01 5.148614683521211788e+01 6.198224417203218195e+01 5.611701235081563510e+01 7.614220177229280750e+01 8.601891625030953037e+01 9.219714041661835324e+01 7.376902647719028039e+01 5.385921179634540579e+01 5.644412843603210206e+01 7.051947921914326400e+01 6.228404791339590219e+01 4.233284036844123932e+01 2.819681078173523403e+01 2.702464944536269797e+01 3.050620242032711005e+01 5.047455506948544013e+01 6.033772062904522926e+01 6.532575378026849933e+01 5.949993532663106777e+01 7.939048618390221179e+01 8.977325751610327131e+01 8.945551643064401048e+01 8.117124025403495580e+01 8.051672560750989760e+01 8.051672560750989760e+01 8.880100152463369056e+01
9.541454368626212448e-03 2.000954145436827147e+01 3.645153430338196188e+01 4.799853974251244182e+01 5.267498440484538946e+01 4.681129347640818139e+01 3.540909146012159425e+01 3.908203931248821306e+01 2.329091063391690852e+01 4.330041274747459568e+01 5.148616569073323745e+01 3.737112115035871085e+01 4.196147677388064778e+01 4.952641009508196390e+01 5.769983334184451707e+01 6.926252222292673366e+01 8.928887717152279890e+01 8.201336353763301190e+01 6.536595735614446312e+01 7.634886095006824291e+01 6.875186683967186241e+01 4.881656985019348838e+01 3.468560846443899948e+01 4.817641376550193399e+01 2.972144886398634611e+01 4.969140099741479588e+01 3.567016509129785362e+01 4.038413155592963477e+01 4.538375309967935323e+01 5.170593029878343572e+01 6.168575877170297161e+01 7.575115499249166362e+01 9.559544591658546153e+01 8.531103679208132462e+01 7.704900239765674996e+01 7.853813471711131911e+01 7.546685248505144727e+01
2.297228869525369793e-03 8.167263038146856502e+00 1.971426842193957540e+01 3.971426842196523666e+01 3.265893577837857009e+01 2.679683728034074619e+01 3.512305444823001466e+01 1.907449802869202315e+01 3.908203931248821306e+01 5.159256457327195022e+01 6.568256949715302540e+01 5.152435033645614482e+01 5.611701230417197195e+01 5.611701235081563510e+01 7.614220177229280750e+01 8.601891625030953037e+01 9.757911811500771648e+01 9.349837491103097875e+01 8.524783236629541250e+01 7.602392353986141416e+01 5.610840043633469776e+01 4.198783048333039858e+01 5.465548315344409502e+01 5.244368586699315671e+01 3.246865999238863054e+01 5.244347228081054624e+01 5.564069407287840363e+01 4.461273030734192702e+01 6.455626916510681212e+01 7.162458616246506438e+01 6.580541794546678602e+01 8.567330099367269725e+01 9.115426618251440516e+01 7.120641083711858244e+01 5.707984126239701794e+01 5.857122289393546311e+01 5.549513846873527001e+01
