MOVIE_S12_data/elevation_000540.asc
nrows	50
cellsize	150.0
xllcorner	0
ncols	50
yllcorner	0
NODATA_value	-9999
[rows 17 to 33 of 50, columns 0 to 36 of 50]
5.436832538903087209e-02 1.996169148001545679e+01 4.772392108001782596e+00 6.743050664330360711e+00 8.743050664330343835e+00 2.873505649164848919e+01 3.405692347328700720e+01 3.641252472522006656e+01 2.619244384181141072e+01 3.361623578235242604e+01 4.960031754306156415e+01 4.376442055467404657e+01 4.557117819797478830e+01 6.174245946281576636e+01 6.804436989725097362e+01 7.507878358564850885e+01 8.329657157660560074e+01 9.351544407917225499e+01 8.771459608515743867e+01 8.777825023375406488e+01 6.777280838628040271e+01 6.477521366539072289e+01 6.477521396352888416e+01 7.004869591879349855e+01 5.004124312647208939e+01 3.588378927611801572e+01 5.590129037507368537e+01 6.913703835510766282e+01 5.499701261249331452e+01 4.938093558449718046e+01 6.352803385580467221e+01 8.352796321422721348e+01 9.827169197340754181e+01 8.674298656632389282e+01 7.847995776690507341e+01 6.142024696710786458e+01 6.508827889736738825e+01
9.647730019007895452e-02 2.012129870632377582e+00 1.613110053814344269e+01 2.669010353612899067e+01 2.287543200026296475e+01 1.943332710923636952e+01 3.941261038236678615e+01 5.371721579044055517e+01 3.375156504492940712e+01 5.357996169275897103e+01 6.181555157171334258e+01 5.529185835389815651e+01 6.550636599749476829e+01 6.186089551000993225e+01 8.172684949012594302e+01 7.457875813741755167e+01 8.274292734753434786e+01 7.390984881508425985e+01 6.819187122039456028e+01 8.206294718441067459e+01 8.777825023375406488e+01 8.478136472874156482e+01 8.093777181784322750e+01 6.093321284078199795e+01 4.938202684722644875e+01 3.937222951310913999e+01 5.352554969296465970e+01 7.353123950748334892e+01 7.499996468167258001e+01 5.832910626185435632e+01 6.571605423304484361e+01 8.571471871103184981e+01 9.032410141929116776e+01 9.847216431933257752e+01 8.966805331530014200e+01 8.140914934725810781e+01 7.616090030726117277e+01
9.953738903938927352e-02 2.009953622526457195e+01 3.032521501519751084e+01 4.381464562070065938e+01 4.269092031377375918e+01 3.941211126326490444e+01 3.357025057880386498e+01 5.351731465639181096e+01 4.788284585129461846e+01 5.006342265849644235e+01 6.997473085327742126e+01 7.516070068743320576e+01 8.331389383197080178e+01 8.172684949012594302e+01 7.154652649326349945e+01 5.532015680374200173e+01 7.154648753292086383e+01 7.290433465302081117e+01 5.469177875843366365e+01 7.246002608556089797e+01 8.061103555960428935e+01 9.038172652460626466e+01 8.922566473893022021e+01 7.093549232931421500e+01 5.092959232652388124e+01 4.385106973574637124e+01 5.799975767070652211e+01 7.800441741240170757e+01 8.660738290180945853e+01 6.987873294071464159e+01 8.571471871103184981e+01 8.701643289414342064e+01 7.041146769725267518e+01 8.658305712865029591e+01 8.021310283484061188e+01 7.194185333241384228e+01 7.194185333241384228e+01
3.582433992925927735e-02 5.199802134681672960e+00 2.519866874720667838e+01 3.907200641989066980e+01 4.614162472759301892e+01 5.441868861744755037e+01 5.351731465639181096e+01 6.174472316212850842e+01 6.780263082542852260e+01 6.997473085327742126e+01 7.020207009945882248e+01 6.211460816704290977e+01 7.020207009945882248e+01 6.975845042826291831e+01 6.345964796450977730e+01 4.428670195139194021e+01 6.345963516899539059e+01 5.366002952124810577e+01 4.692246985763927825e+01 5.327339128427918524e+01 6.275706244296378600e+01 8.216402657593188508e+01 8.508098995160413835e+01 6.507623536764532446e+01 6.920554069873934111e+01 4.920056801073641140e+01 6.018804386897021885e+01 8.019281001070356751e+01 9.814844419209076420e+01 8.987699593019571864e+01 8.979457714631391241e+01 6.987463313815725030e+01 5.880823539411775869e+01 6.663372562470846105e+01 7.194185333241384228e+01 5.224750338068979971e+01 5.224750338068979971e+01
8.338298177320474514e-02 2.008338298177284997e+01 1.304444688067677127e+01 1.907467166277296755e+01 2.614572454448551042e+01 3.769226045808952108e+01 5.768367096556333706e+01 6.937209429309247355e+01 6.127900225321945271e+01 6.127900225321945271e+01 6.051990757560960787e+01 4.281677899080269611e+01 6.051990757560960787e+01 5.045241090822474916e+01 5.668091731481730733e+01 3.738460286866128257e+01 5.321811099334174600e+01 4.007454396177673317e+01 5.929656811315823717e+01 7.246013202116526486e+01 8.061032399599362464e+01 9.037517578574987454e+01 9.336930952717972332e+01 8.508098995160413835e+01 7.553140301415919566e+01 5.552726993280609946e+01 6.920554069873934111e+01 8.848073505697857399e+01 1.004046858387379757e+02 9.223519791710786819e+01 8.399720204869511520e+01 6.402487355986583850e+01 4.975775782776077705e+01 5.238728711230174184e+01 6.913480978374023778e+01 5.801584493048880375e+01 3.830405053510202151e+01
1.813270376062421294e-02 2.001813270376026921e+01 3.304258312930046770e+01 3.907200641989066980e+01 4.614162472759301892e+01 5.441868861744755037e+01 6.595821709126869337e+01 6.127900225321945271e+01 4.190162409574954694e+01 4.190162409574954694e+01 5.246569356193688094e+01 3.301436977410465090e+01 4.274003187428596817e+01 3.672856756269804634e+01 4.716194738919713814e+01 3.109943741834144504e+01 3.382368572822772990e+01 3.740097063130841093e+01 5.668086721615504331e+01 6.731525070566054580e+01 7.337848436609590408e+01 8.153483723031574470e+01 9.283616163589364589e+01 8.967689161586082491e+01 6.967214978894024568e+01 6.707648197721201200e+01 8.381882569600372790e+01 9.749947267593839229e+01 9.223519791710786819e+01 7.231954732157272758e+01 7.815270632926268490e+01 7.058326075295498470e+01 6.087809300037038440e+01 4.071584117873513975e+01 5.375147499844450749e+01 5.085252660635029542e+01 4.872158260701938559e+01
2.351309638313057310e-02 8.967785006382365864e+00 1.896778500638254172e+01 3.310992063011399011e+01 5.310992063011469355e+01 5.585866618217932711e+01 5.286355497613021015e+01 4.389193375539728947e+01 4.757712672288517552e+01 2.801301089762634433e+01 3.779506915050924221e+01 3.982651628222369311e+01 2.306836530781118810e+01 2.528792503462874919e+01 2.758416134957831645e+01 4.716194737941756898e+01 5.321811098935855711e+01 5.668086721615504331e+01 4.264738944899151818e+01 4.820772593532078076e+01 5.420163173570472281e+01 6.515368342640690003e+01 8.461781513351859019e+01 9.796550160306695432e+01 8.967689161586082491e+01 8.708103993762027528e+01 9.536933428162794257e+01 1.048326007013560428e+02 8.499837061995224019e+01 7.815270632926308281e+01 5.812583577172467386e+01 5.046260484324457707e+01 4.369509282606379941e+01 3.733779121729694594e+01 3.366921248730817950e+01 3.083366239612227488e+01 4.344427985226754885e+01
2.372884694381488524e-02 1.416586447067489019e+01 3.416586447067559362e+01 4.725205625384544561e+01 5.009528366017981682e+01 3.614844206663300241e+01 4.068672539810086874e+01 2.303653582512864517e+01 3.996832413762746228e+01 3.549418368243884458e+01 1.805922861810776681e+01 2.011261501343115654e+01 3.982652178345063021e+01 4.491886483173610145e+01 4.609674243167873442e+01 3.816480763300946677e+01 5.749364550302106380e+01 6.986731238655269749e+01 6.179944375950022106e+01 5.016901171262263404e+01 6.930532230970894148e+01 6.766414738148044705e+01 8.138832670432481109e+01 1.011621634654621573e+02 1.040555495112456015e+02 9.577768200147700384e+01 1.005545817526801500e+02 9.905242648213067014e+01 7.917699008965233531e+01 6.504001077433470357e+01 5.742096100604745601e+01 5.065865433065879841e+01 4.423856784338879322e+01 5.749274824682077423e+01 5.370166124484982362e+01 4.685197672417374548e+01 2.689691133547981394e+01
6.296921807001566729e-02 2.006296921806678668e+01 3.536785325680640568e+01 4.339181892174128308e+01 4.192143229310993036e+01 2.212432666510656531e+01 2.940064369896012053e+01 1.146471692033537515e+01 3.138718530430761078e+01 1.573621373803060308e+01 3.549419608727248487e+01 2.235821814521924011e+01 4.203740611265511262e+01 5.360979793833944740e+01 6.206948448573592714e+01 5.749364549547829739e+01 5.184478510076656477e+01 7.113120093031970725e+01 7.742744149546109611e+01 5.964409933456680335e+01 6.112340940130269473e+01 8.048202319414424721e+01 9.540552707896256379e+01 9.340848342424349937e+01 8.514518549611420895e+01 7.588610285500092800e+01 8.063862681295981361e+01 1.005545814130173881e+02 9.318934542131724186e+01 8.499837061995222598e+01 7.745481965740940211e+01 6.074115964673747214e+01 5.593608499696871661e+01 6.865102854838202973e+01 4.855022410848606995e+01 3.436323734096531268e+01 4.686021093747802979e+01
8.175220331382776484e-02 2.008175185226097881e+01 1.676240014986973392e+01 3.171767730269766261e+01 2.619166799976627402e+01 2.750076740960949095e+01 9.520186247024074788e+00 2.814607577091779334e+01 1.344144350856079484e+01 3.322138057917233311e+01 4.357632581824118034e+01 4.203740611265511262e+01 2.682593224204464022e+01 3.752897012157715295e+01 5.567299338934401476e+01 7.031262331138042043e+01 7.113120093031970725e+01 7.926214499995040796e+01 8.715347428080545455e+01 7.321597664696491847e+01 7.218986449522373050e+01 8.867555979042261072e+01 9.267186625723452664e+01 8.197002575607706376e+01 6.539009869281021281e+01 6.454912263090697877e+01 8.396449402665552952e+01 9.225716636220872147e+01 9.016052246748913035e+01 9.841524939053870469e+01 8.896371445954775936e+01 8.076133020781827554e+01 7.015804777519551294e+01 6.526260949797450905e+01 4.506973666083166563e+01 4.593411488982675905e+01 6.290959034805907635e+01
7.631710034972485901e-02 1.346318370351772042e+00 1.536124278211190486e+01 2.262751106002703949e+01 6.297111464673836423e+00 7.611553259727529941e+00 2.750079366401697811e+01 3.565722436003210305e+01 1.623292847788799520e+01 3.596008610842317665e+01 4.810156285465814818e+01 5.446016398484306364e+01 4.642019170218319601e+01 3.174348926117735914e+01 4.304354150220765263e+01 6.225510021358097390e+01 7.429275354067050330e+01 8.242283064024832129e+01 9.625496694255531338e+01 9.284964608179483037e+01 9.180932262908181940e+01 1.000490071551101181e+02 8.441655922049874050e+01 6.469417692808288223e+01 5.417485267020803974e+01 7.373958081236217765e+01 6.395002963307480570e+01 7.874818015460120080e+01 7.039376574819900156e+01 8.433711741457034350e+01 1.042194659254374329e+02 9.826936177115814530e+01 7.955663538818907909e+01 5.934183011333557545e+01 6.526260949797450905e+01 6.612805079772920180e+01 7.446926954753436689e+01
9.124702163186203252e-02 2.009124702163150644e+01 3.160754530568830489e+00 4.449066109753999854e+00 2.446994210041267337e+01 1.386513675084526120e+01 3.272029781068778220e+01 4.400406325088914627e+01 3.596009013091762796e+01 2.038770302807982304e+01 3.438698602188710396e+01 5.379382293581431185e+01 5.918006728026644936e+01 4.834096908926083813e+01 3.714806258358921554e+01 5.646569172751171095e+01 5.505483595714881062e+01 6.859069366788290267e+01 7.857915476643995589e+01 9.820532649791324786e+01 9.025153441968738832e+01 8.200408278206518276e+01 8.497465200412230502e+01 6.831330151099162151e+01 4.879803384618442408e+01 6.541778721064216029e+01 5.248742061206895926e+01 5.904755599840110847e+01 7.874818015460120080e+01 9.841524939053870469e+01 9.221127122556458744e+01 1.004832105650081786e+02 8.800136582563146703e+01 7.955663538818907909e+01 8.146918144430561881e+01 6.147055872539933574e+01 6.145723492845764468e+01
8.187870513261463756e-02 1.971552299507983719e+01 2.619940376261862980e+01 1.922149179472067004e+01 3.360129280133443075e+01 2.042167236237328964e+01 3.942770230037685053e+01 5.266864783527059757e+01 3.340341791406479643e+01 2.346569213765683415e+01 4.311244923033314791e+01 5.517185788884794562e+01 6.604625302470263648e+01 6.367852651472954051e+01 5.646569172773653378e+01 4.293185470609080312e+01 5.078261461000828803e+01 5.928634182890589699e+01 7.857915476731420767e+01 9.362255109822110910e+01 8.200408278206518276e+01 6.232889728694865283e+01 6.809162569736444937e+01 5.713662524973879897e+01 4.418421535063077243e+01 4.574160354022608743e+01 6.541778721064216029e+01 6.325318494686299431e+01 8.238804359913552844e+01 8.900643972655878144e+01 7.237097811595342023e+01 8.591795754578932076e+01 9.417662652607317852e+01 8.981852848207530826e+01 7.561596266030863944e+01 5.561134057031415523e+01 4.150292831576101804e+01
2.239863785106879432e-02 2.002239863785071350e+01 3.685164286480553386e+01 4.318277907722208653e+01 4.777944945162526835e+01 2.960503292969304923e+01 4.783302515138125699e+01 5.266864783527060467e+01 5.095216502447087237e+01 3.744008032445474043e+01 2.838626467197546077e+01 3.922334894377038239e+01 5.750675174817119029e+01 7.297407695344365663e+01 7.018349156513461651e+01 5.648385447789650726e+01 5.252800194060357342e+01 7.172325034028300195e+01 8.673781887769801813e+01 8.536162953987744118e+01 6.561990838379630020e+01 5.591447596911091011e+01 4.859143673709672839e+01 4.335935816019768652e+01 3.964839018337259802e+01 5.923318158772791264e+01 7.364400874586030454e+01 8.140035851874763750e+01 8.788364057159159870e+01 7.994209054130533332e+01 6.109981611797964263e+01 6.618655444541687416e+01 8.591795754578932076e+01 8.155562204649380931e+01 6.153713714401784785e+01 4.999945232184758481e+01 5.301599218075454445e+01
1.991760116496149591e-02 8.933609984479337740e+00 2.254806871056182160e+01 4.131056326191207262e+01 5.780224513011931009e+01 4.954000584034518795e+01 5.780224513012143461e+01 7.154563759963865266e+01 6.484289116642366935e+01 4.793705919344500188e+01 3.724912252356241993e+01 3.453216208970130197e+01 4.576894169774671184e+01 6.492039147177683844e+01 7.748925613554179392e+01 7.574606780397600403e+01 6.603412732417702102e+01 6.603412732417702102e+01 8.545800828377485914e+01 9.362255109822110910e+01 8.372212182096411937e+01 7.549076896183541407e+01 6.809162569736444937e+01 5.618446258951095018e+01 3.657472874193011592e+01 5.618446258951095018e+01 5.928235629277585872e+01 7.717653001532896440e+01 8.111702385368369050e+01 6.368519516674649594e+01 5.250391789700988454e+01 6.597512289253876361e+01 8.555598562747142921e+01 8.155562204649380931e+01 6.153713714401784785e+01 6.999794439928082568e+01 6.715931660860837837e+01
1.766589122093755945e-02 2.001766589122058093e+01 3.685164286480553386e+01 4.721697759456968413e+01 4.940477358939321562e+01 5.768904483685481921e+01 5.782201062374758749e+01 6.610628187121078270e+01 7.533527160148034341e+01 6.461596540163621682e+01 4.845950747946253045e+01 4.825033280765372723e+01 4.170182926772152143e+01 5.029853899617911139e+01 6.126534532739803751e+01 8.053168422418887928e+01 8.545800828377485914e+01 8.545800828377485914e+01 9.364507179524109404e+01 9.067712998851942530e+01 7.105434014895382688e+01 7.105434014895382688e+01 6.750785872786630648e+01 4.795149279341308812e+01 3.403859583806453770e+01 4.172880624284304218e+01 5.837940937716117418e+01 6.895968871338013173e+01 6.757096880968710195e+01 5.944197574761692238e+01 4.672825156385668066e+01 6.597512289253876361e+01 8.320346963360726988e+01 8.981852848207530826e+01 7.569960767068529606e+01 8.981852848207530826e+01 8.716795599774451375e+01
6.490672536223988931e-02 2.006490672536188313e+01 2.848652729342877521e+01 2.721697759457039467e+01 2.940477358939392616e+01 4.517289998307362708e+01 3.782201062374688405e+01 5.196414624747833244e+01 7.196414624747974642e+01 7.576227257808541538e+01 6.768174642219977954e+01 6.742266420077153555e+01 5.029853899617911139e+01 5.524292412267228514e+01 7.442809989380582181e+01 8.868209891964599478e+01 9.213649719910657154e+01 8.385227547513999014e+01 9.213649719910657154e+01 8.400405196623815129e+01 7.105434014895382688e+01 5.160032304059763675e+01 5.875053940849618073e+01 6.182283235019978207e+01 5.024130024156335850e+01 3.055911853758173180e+01 4.121982425479131962e+01 5.508978096914606226e+01 5.430114631711864348e+01 4.008490036299730974e+01 4.693994386973260902e+01 5.551617126354072695e+01 6.920801506333187092e+01 8.893983627061497543e+01 9.569329137402240804e+01 8.747439786025184105e+01 7.591489277013019432e+01
