MOVIE_S12_data/elevation_000692.asc
nrows	50
cellsize	150.0
xllcorner	0
ncols	50
yllcorner	0
NODATA_value	-9999
[rows 0 to 16 of 50, columns 0 to 36 of 50]
8.271705653423140625e-02 2.127631151761726416e-02 9.425194436011796739e-02 4.939197167322698090e-02 3.975871534419905817e-02 6.171646774684565184e-02 1.696294146011132625e-02 1.936121709489252440e-02 4.216450047424835645e-02 2.297044857093000214e-02 6.704298068806634203e-02 4.162315340452049650e-02 3.835349583220235004e-02 2.777463300387698203e-02 2.207885817162396139e-02 7.161913568127860341e-02 9.025521335945362045e-02 3.502399586135773735e-02 8.040414306008919487e-02 3.131346976591601466e-02 7.604099264847130613e-02 2.387740603804927586e-02 5.687112022313325910e-02 4.074439634684711570e-02 8.709178300582484655e-02 7.612946965408906586e-02 1.077918208624280109e-02 9.929772718869623455e-03 4.600412614040166881e-02 2.152795518990661267e-02 2.378824418737431057e-02 9.511189423522797837e-02 9.406546861214974686e-02 1.749038473908382007e-03 2.223905489293687143e-03 6.269637160239108220e-02 9.476101746191394060e-02
7.639902522890137937e-02 2.002127631151726206e+01 2.009425194435976181e+01 1.419152759540430253e+01 2.003975871534384368e+01 2.006171646774648920e+01 7.088030753325556432e+00 7.578650677279403780e+00 2.004216450047389131e+01 1.416510607230200591e+01 1.420917860441914193e+01 2.004162315340389711e+01 2.003835349583184566e+01 2.135960245070952723e+00 2.002207885817126964e+01 2.007161913567767186e+01 1.423239083709052899e+01 1.417715961959243387e+01 8.508851105587893926e+00 2.003122908496087362e+01 1.735469775083966226e+01 1.996808843944001310e+01 1.329436830421442117e+00 2.004074397227038418e+01 2.002888499981735038e+01 1.417859574768568010e+01 2.001077918208588713e+01 7.569219232903447114e+00 2.004600412614004767e+01 4.872240455916587720e+00 2.002378824418702052e+01 2.009511189423487210e+01 1.164107085240456563e+01 2.000174903847355168e+01 2.184402807849222139e+00 2.006269637160203700e+01 1.164176640125432982e+01
7.813061968023242432e-02 1.422026624341130763e+01 3.422026624341201284e+01 3.419152759540500597e+01 3.863503613711715445e+01 1.863503613711786855e+01 2.708803075332519938e+01 1.652292258727840490e+01 3.586292192474029861e+01 3.416510607230271290e+01 3.420917860441984715e+01 3.786367930394476389e+01 1.835560673423612954e+01 4.255961909433631618e+00 2.426684057582838250e+01 3.639065557738985746e+01 3.423239083711339248e+01 3.417715961959314086e+01 1.946574544478114532e+01 3.723455010724570968e+01 3.846632883216566512e+01 2.500926953047156687e+01 1.059508960885949769e+01 3.140684412298445416e+00 2.636767455542056027e+01 3.329763066355468482e+01 3.585349048036634656e+01 1.651349114290276177e+01 2.987224045591698740e+01 9.872240455916630353e+00 2.987224045591698740e+01 3.992534209986546045e+01 3.164107085240420858e+01 2.437968800764339505e+01 4.379688007643038006e+00 2.437968800764268096e+01 3.164176640125397455e+01
1.795629399984677299e-03 1.414393125313105948e+01 3.414393125313176114e+01 5.236195440591106376e+01 4.691930738457876515e+01 3.018204152091017889e+01 4.480719383473930151e+01 3.066505821100910367e+01 4.480719383473930151e+01 5.022618615622801030e+01 4.193484781388580984e+01 3.743566056583038204e+01 2.790361973219472702e+01 7.907732513793866325e+00 8.070293607655671053e+00 2.223278361465591857e+01 4.225969963267146312e+01 4.873266074555037619e+01 4.035967621881382428e+01 4.814390137115086787e+01 3.178181822440967252e+01 1.420363280179739007e+01 2.350764601622763550e+01 4.427515235887206302e+00 1.560640098538288001e+01 3.553189496629401845e+01 4.479776239036566210e+01 2.806049652669548067e+01 3.541924241816967367e+01 1.541924241816897023e+01 3.541924241816967367e+01 4.831718106905935883e+01 2.831718106905865184e+01 1.417504544532744859e+01 6.615755985142836693e+00 2.075789160887403995e+01 4.075789160887474338e+01
2.526786264046545702e-02 2.002526786264010994e+01 2.407768315844760210e+01 3.821981878217701478e+01 5.042682482850700154e+01 5.018204152090946479e+01 5.846631276837107549e+01 5.066505821100839313e+01 5.609189494411705112e+01 3.607080688938886937e+01 2.191588267343259844e+01 1.743918361963020658e+01 1.335349099176492516e+01 2.792188423040759204e+01 1.087187099708056870e+01 3.091500715432917090e+01 4.966620112791279951e+01 5.968239423398826204e+01 5.414654309435083945e+01 3.486080398342574682e+01 2.234680802530943922e+01 2.867528078163583771e+01 6.278309289886568223e+00 1.322119415159188627e+01 2.662518613778611609e+01 4.157622423678833457e+01 5.634476777415838455e+01 4.806049652669618411e+01 4.174379773850654374e+01 2.174379773850584030e+01 4.174379773850654374e+01 4.831718106905935173e+01 2.831718106905864829e+01 2.900621320381199908e+01 9.006213203811643808e+00 2.314834882754284706e+01 4.314834882754355050e+01
8.483503398980346555e-02 4.935547534716443252e+00 9.935547534716400619e+00 2.993554753471604357e+01 3.042682482850771564e+01 4.197383021229982347e+01 6.197383021229911293e+01 6.134765835038790271e+01 4.132426826774875650e+01 2.976763098361353954e+01 3.607080688938886937e+01 3.159462682643937370e+01 2.750803599159405621e+01 3.379116939211261439e+01 1.373148279886087764e+01 2.131366019711229143e+01 3.135232204489227570e+01 5.139331504707978837e+01 5.414654311140281351e+01 3.486080398342918585e+01 4.050942107821490623e+01 2.763491065396758017e+01 7.624230708752192776e+00 2.651503140306658679e+01 2.714906184418636315e+01 4.609228842754878031e+01 5.795168644968849492e+01 6.623849356270198996e+01 5.002806898596874419e+01 3.068806964850515584e+01 5.002806898596874419e+01 5.660145231652155218e+01 4.831718106905935173e+01 3.146804302339867476e+01 1.146804302339831949e+01 2.561017864712952274e+01 4.561017864712881220e+01
4.163169627051844027e-03 2.000416316962669683e+01 2.993554753471604357e+01 1.887981944471540174e+01 3.887981944471610518e+01 5.871109607595370505e+01 7.025810145973485987e+01 6.963652833269100029e+01 5.646114163999025237e+01 3.643916280828143073e+01 5.609189494411705112e+01 5.161504355672898470e+01 4.752581265740938932e+01 3.698052998263705149e+01 1.689953779766791087e+01 3.698052998263703728e+01 4.966620098211523526e+01 5.968239424673753035e+01 6.237901426465315069e+01 5.414654311140281351e+01 4.680195771728733689e+01 2.676939807105084057e+01 1.261852189268605429e+01 9.612909671610957218e+00 2.962872523380854872e+01 4.378765078091458918e+01 3.792071510897224584e+01 5.795168644968849492e+01 5.897234089596805973e+01 4.483020527223660423e+01 5.897234089596805973e+01 6.540693582512489002e+01 4.815018118713405926e+01 2.815018118713335227e+01 1.400804556340215079e+01 2.815018118713335227e+01 4.815018118714451845e+01
2.434392073152260791e-02 2.002434392073116598e+01 3.834311047238865200e+01 3.887981944471610518e+01 4.716409069218624239e+01 6.077746221945402283e+01 6.909396331623872811e+01 7.062024379126178530e+01 5.059624949790750748e+01 5.059624949790750748e+01 6.475134094572639754e+01 6.590082210333581259e+01 4.582154278715805162e+01 4.030158416611538286e+01 2.019817370958625347e+01 3.181505548482320833e+01 4.602470343751512871e+01 6.606509399680939509e+01 6.477608312619439346e+01 5.653693307670778978e+01 4.050072206574193956e+01 2.045387945285773057e+01 3.103729200111057196e+01 1.102837094834780451e+01 3.103842591120212902e+01 2.373022899811791575e+01 4.378765072489825627e+01 5.197139309719887024e+01 6.025716535393157613e+01 6.483020527223801821e+01 7.126572297477952134e+01 5.126593408936660978e+01 3.712380106191238127e+01 3.665711026460800070e+01 1.665711027753228279e+01 3.079924590126348605e+01 5.079924590116949190e+01
5.883922493566802470e-02 1.005883922493575433e+01 2.420097484866695581e+01 4.420097484866766280e+01 4.661264653099783573e+01 4.074538776432414267e+01 6.077746221945402283e+01 7.890643239354518812e+01 7.062024379126178530e+01 7.062024379126178530e+01 7.270160657673642390e+01 6.297127611237650768e+01 4.582154278715805162e+01 2.567495828803549784e+01 4.030158416611538286e+01 3.442257446795554188e+01 5.449476911273589508e+01 6.807569565183815996e+01 4.808997261523806088e+01 3.652199706408485724e+01 2.942526773401785789e+01 4.048673423589348630e+01 3.933565372829652773e+01 3.103842591120212902e+01 1.304070950858229949e+01 3.306053338124754504e+01 2.482562829872500743e+01 3.193331692189575222e+01 4.351196215492770136e+01 6.352719066590140784e+01 7.065625930243557207e+01 5.910979620265322865e+01 4.298164656799324490e+01 2.298166559786892904e+01 2.050611207212985576e+01 2.820411566130876935e+01 4.234625127687235846e+01
2.016265153036126551e-02 2.002016265145082485e+01 3.125775797346667773e+01 3.660609846890688601e+01 2.659955040681596472e+01 4.074538776432414267e+01 6.077746221945402283e+01 7.704089552874565072e+01 7.769744130225144829e+01 8.242862888611799121e+01 5.962806511863262671e+01 4.353559925037145462e+01 3.431657035995745986e+01 3.149967985966058848e+01 5.163374746228748791e+01 5.449476911273590218e+01 6.278790278431129224e+01 7.628779653683875495e+01 6.477608312619439346e+01 5.653693307670778978e+01 4.946058362598973446e+01 4.075509735189123006e+01 2.067874425414442641e+01 1.743239486110039493e+01 3.306651919686839847e+01 1.537456154259113461e+01 3.543008856910289239e+01 5.197139309596288115e+01 6.025716535393157613e+01 7.180964668908835336e+01 6.237324232222074016e+01 4.237331637409433682e+01 3.082631100339579433e+01 4.298164656799324490e+01 2.442843477489360282e+01 4.442845015533269049e+01 4.453404714427055922e+01
1.256007409845548775e-02 2.001256007409810067e+01 1.125418852454598984e+01 1.659941425535946635e+01 2.659961586392369881e+01 4.075432623327075987e+01 6.095363091947866963e+01 5.794426490636627136e+01 5.943054500136253182e+01 7.769744130225144829e+01 7.270160657673642390e+01 6.297127611237650768e+01 4.607974495165538542e+01 5.163374746228748791e+01 4.101494364458498865e+01 5.523483249804425554e+01 7.527225758376887654e+01 7.334562742766998156e+01 6.505091232117294453e+01 5.747931595866733545e+01 4.552432788431604394e+01 2.549027753759440884e+01 4.075529619655103630e+01 3.162753642130168430e+01 3.717086302385750685e+01 1.709521550283170299e+01 3.129937288184629551e+01 5.134589413442744643e+01 6.099596128831940689e+01 7.100092205731576200e+01 6.237324232222074016e+01 4.237331637409433682e+01 4.496844626852158910e+01 4.851093775067226233e+01 2.851091767953230516e+01 4.265305342207376782e+01 6.265308352730205854e+01
1.283213977233468341e-02 4.183120420916401905e+00 1.312739457919489539e+01 2.467449676360461197e+01 4.467759702931228105e+01 5.498845727893423430e+01 6.353753851784647821e+01 4.460044650044503101e+01 6.353753851784647821e+01 6.655772102904776943e+01 8.588893681050237205e+01 7.462470880813866358e+01 6.631299719558555239e+01 6.939667430924826874e+01 5.108042317707348445e+01 6.939667430924826874e+01 7.660843900046791077e+01 5.659021558209587255e+01 4.503843899489357483e+01 3.746753769734416295e+01 3.077624249343232776e+01 3.708739891907261210e+01 5.382357967835582713e+01 5.167195200118460718e+01 3.893947510060944239e+01 1.885184403627161487e+01 2.556473096567215109e+01 3.267785876751648999e+01 4.270261963626489177e+01 6.271514859565873934e+01 7.065625930243557207e+01 5.392032152728869221e+01 6.496834059009923124e+01 5.298307983827027101e+01 3.298305363453204109e+01 4.453005902621785594e+01 6.453013279953869130e+01
9.594114293757748102e-02 2.009594114293722100e+01 3.247055273833885281e+01 4.141628582935017278e+01 5.296641176097599413e+01 5.759245061497691154e+01 4.957908151143914921e+01 3.785381096346962693e+01 4.740844295632315664e+01 6.655772102904776943e+01 6.803398015608139815e+01 6.803398015608141236e+01 7.637117324957101516e+01 7.941416468897409686e+01 7.112689367919546157e+01 7.941416468897409686e+01 8.490515168447076633e+01 7.334562742766998156e+01 5.748544700248888972e+01 3.746753768158158238e+01 5.081281055712629069e+01 5.709916204340794366e+01 6.532993533439108091e+01 5.230708419018246502e+01 4.078878756856742172e+01 2.070004705902466924e+01 4.078878750890671512e+01 5.270888407791007779e+01 6.099596128831940689e+01 7.100092205731577621e+01 8.220234844068097857e+01 7.392014686427572201e+01 6.367355960353800981e+01 4.367350331260238505e+01 4.005412144639776528e+01 6.005416198143616668e+01 7.281587969636224500e+01
3.950229235330715398e-03 1.000395022923541788e+01 2.414608585296662113e+01 4.414608585376539907e+01 5.124052738921717065e+01 4.320577194888759465e+01 3.027388954206647398e+01 4.393252874056933877e+01 6.321106579152848326e+01 6.209266875354965265e+01 4.781441274271645625e+01 4.781441274271645625e+01 6.803398015608141236e+01 7.981724756755862416e+01 8.812889828250543189e+01 9.431060834255271175e+01 7.428437013591397431e+01 6.013392929237872409e+01 5.013027653547939622e+01 4.350841979112664859e+01 6.351880522912203730e+01 6.732091824820867032e+01 4.733435376707569731e+01 4.401961907101991045e+01 2.395270568438757408e+01 2.397403892819567517e+01 4.399107746923490936e+01 5.703247001263701321e+01 7.113521579114099325e+01 7.310800023711314566e+01 8.140463985287443904e+01 8.000371475489384920e+01 6.000344098424184125e+01 5.781563995701311853e+01 5.419625757151200673e+01 5.419625757151199963e+01 7.419639425496008300e+01
7.711341127313005306e-02 2.007711341127277649e+01 3.828822155703601027e+01 4.544748294874356276e+01 3.738875656885758048e+01 2.375925528195434921e+01 4.320577194888759465e+01 5.313652682322889120e+01 4.484591437482608711e+01 4.834778799870928623e+01 3.357353302738319911e+01 5.373658606814727534e+01 6.551953621894043067e+01 5.959723026744708818e+01 7.981724756755862416e+01 9.297491428912236699e+01 8.843867695431192999e+01 7.507268190197626723e+01 5.506078048020786753e+01 5.765685849440453836e+01 7.180831967374730596e+01 6.148494162753999603e+01 4.147702296155694057e+01 2.729386965768619433e+01 4.401961913560167261e+01 4.399107746995108670e+01 2.879439700383070644e+01 4.292972812890099021e+01 5.901384108111648885e+01 5.317584920845772700e+01 7.310800023711314566e+01 8.357494939619027718e+01 8.000371475489384920e+01 7.781582866146996480e+01 7.419639425496008300e+01 7.419639425496008300e+01 8.248244086703888911e+01
9.541454368626212448e-03 1.506431531534082779e+01 3.719126958949922823e+01 3.200381881898981362e+01 1.781579523799646125e+01 3.738875656885758048e+01 4.843589579586132032e+01 4.008020932308224360e+01 2.476380594255854817e+01 2.823102516355352520e+01 4.834778450855012011e+01 4.008324715035362118e+01 4.527996924788249800e+01 5.432762587476114646e+01 6.447231006029599598e+01 7.878688029479509680e+01 9.889241036670865981e+01 8.336244281835551817e+01 6.661066509976579653e+01 7.767079653798573702e+01 6.904516698484921733e+01 4.904269200411756913e+01 3.488862127472422969e+01 3.003610333746663841e+01 5.006245790826316266e+01 5.703247192003946253e+01 4.034731113482428810e+01 3.426175350309849676e+01 3.911708165473450549e+01 4.541829435274642179e+01 5.533189764037840064e+01 6.939827069550106842e+01 8.944900056059672977e+01 8.263966616945886301e+01 7.438278623111584409e+01 8.085905456570581862e+01 7.260282111404143279e+01
2.297228869525369793e-03 2.000229722886917116e+01 2.689075964955838671e+01 1.230930711998134974e+01 3.200381881898981362e+01 4.405052978906132921e+01 3.584176498757438623e+01 2.008161662029463201e+01 3.004966749715588747e+01 4.834778986859548411e+01 5.670309073922492615e+01 5.174070417524218612e+01 6.551953621894043067e+01 6.181138318470831905e+01 8.201812511252826710e+01 8.756449025756114679e+01 9.582880797256781591e+01 9.491945990108743558e+01 8.663201182104641873e+01 7.757547247868039619e+01 5.757013281649312830e+01 4.342897201818656328e+01 5.283784595096988568e+01 3.282431093204271377e+01 5.283784595683786733e+01 6.854353006521142788e+01 6.026359030445440368e+01 4.092590343763661309e+01 5.901384108111648885e+01 6.530144557281317930e+01 5.945184292152409711e+01 7.942363562804887067e+01 8.846868669978843513e+01 6.854821521875409474e+01 5.443681132632921305e+01 6.176784406077866407e+01 5.265310728657004802e+01
