MOVIE_S12_data/elevation_000862.asc
nrows	50
cellsize	150.0
xllcorner	0
ncols	50
yllcorner	0
NODATA_value	-9999
[rows 0 to 16 of 50, columns 0 to 36 of 50]
8.271705653423140625e-02 2.127631151761726416e-02 9.425194436011796739e-02 4.939197167322698090e-02 3.975871534419905817e-02 6.171646774684565184e-02 1.696294146011132625e-02 1.936121709489252440e-02 4.216450047424835645e-02 2.297044857093000214e-02 6.704298068806634203e-02 4.162315340452049650e-02 3.835349583220235004e-02 2.777463300387698203e-02 2.207885817162396139e-02 7.161913568127860341e-02 9.025521335945362045e-02 3.502399586135773735e-02 8.040414306008919487e-02 3.131346976591601466e-02 7.604099264847130613e-02 2.387740603804927586e-02 5.687112022313325910e-02 4.074439634684711570e-02 8.709178300582484655e-02 7.612946965408906586e-02 1.077918208624280109e-02 9.929772718869623455e-03 4.600412614040166881e-02 2.152795518990661267e-02 2.378824418737431057e-02 9.511189423522797837e-02 9.406546861214974686e-02 1.749038473908382007e-03 2.223905489293687143e-03 6.269637160239108220e-02 9.476101746191394060e-02
7.639902522890137937e-02 2.002127631151726206e+01 2.009425194435976181e+01 1.419152759540430253e+01 2.003975871534384368e+01 5.406941346784742031e+00 1.987175364133441491e+01 5.792863908991092714e+00 2.004082181501756565e+01 2.002297044857057529e+01 1.420917860441914193e+01 2.004162315340416356e+01 2.003835349583184566e+01 2.263842610503661756e+00 2.002207885817126964e+01 2.007161913568092260e+01 1.423239083709027852e+01 2.003502399586100324e+01 6.404959463846844336e+00 2.003131342408117632e+01 1.007602692587920856e+01 2.001678292744972509e+01 2.005657011505317655e+01 1.346242504483311064e+00 2.008709178300546938e+01 2.007612946965373268e+01 1.415291480581706729e+01 1.415206539644969475e+01 2.004600412614004767e+01 4.735573163100204042e+00 2.002378824418702052e+01 1.423724751796630272e+01 2.009406546861179521e+01 1.982044124427255083e+00 2.000222390548098161e+01 1.420483199533321539e+01 2.009476101746155763e+01
7.813061968023242432e-02 1.422026624341105716e+01 3.422026624341034307e+01 3.419152759540500597e+01 3.098686007234213236e+01 1.095394427761796052e+01 3.090270018203602831e+01 2.579321492717824427e+01 1.473713580647657295e+01 3.473624373939517085e+01 3.420917860441984715e+01 3.865615352982074171e+01 1.865615403597576005e+01 4.514018412355719434e+00 2.451401841342052279e+01 3.644977350367425117e+01 3.423239083708956798e+01 3.307239009021049014e+01 1.307162614727469396e+01 3.307157166604356036e+01 2.421777719555654329e+01 3.827988069455015818e+01 2.265874725770941112e+01 2.655582715329311227e+00 1.680051944606160319e+01 3.680175184347076112e+01 3.415291480514211031e+01 3.415206539644898243e+01 2.958628250932716952e+01 9.586285663826821235e+00 2.958628250932716952e+01 3.423724751796700616e+01 2.397204398250437762e+01 3.972118504847229392e+00 2.397204398250291391e+01 3.420483199524204565e+01 3.544418660096388862e+01
1.795629399984677299e-03 1.154880101319239927e+01 3.154880100969469936e+01 4.519360399058239608e+01 2.510210061359743605e+01 1.989849870109038221e+01 3.935198479919263548e+01 4.180682368921873149e+01 2.180820357149637800e+01 4.180682368921873149e+01 4.930184994768572437e+01 3.207330786748541129e+01 1.207330787254019810e+01 2.451401841342052279e+01 8.165502129056857683e+00 2.816550213012287429e+01 4.026362382395738848e+01 4.135885672150287462e+01 2.307163274823745525e+01 4.135885672150287462e+01 4.423507883686286135e+01 3.896822857080818636e+01 2.398063173179942709e+01 3.976896408371921599e+00 1.153907600652943266e+01 2.568182370862380992e+01 4.568429324447532736e+01 4.591620120664110516e+01 2.591621703186427084e+01 1.561651255538204097e+01 3.561650512321585893e+01 4.013419720596792217e+01 2.013453914457246086e+01 5.992423593951643035e+00 2.013453914493356578e+01 4.013419838970423825e+01 4.438845851608670046e+01
2.526786264046545702e-02 2.002526786264010994e+01 3.983307169719248009e+01 5.359864462580651434e+01 4.519323377514564299e+01 3.145197123648109638e+01 4.834874214021927941e+01 5.008028430662576369e+01 3.335519897053298166e+01 5.008028422404330371e+01 4.101757977215569895e+01 2.101757978253920101e+01 2.621544349626614689e+01 3.644977354086192634e+01 2.816550213035949568e+01 1.197935248603925906e+01 2.612148810977186031e+01 4.612148811526277825e+01 3.721410011860653810e+01 5.136047162460824467e+01 4.481433395668963016e+01 2.482493111267006825e+01 1.067378179585492859e+01 5.325131222028224087e+00 2.532929258229715686e+01 2.568182370862381703e+01 4.568429324459585672e+01 5.420028447900440938e+01 3.561650512321586604e+01 2.317580201556633668e+01 4.317578384041230777e+01 4.220793867670989385e+01 2.220843264029075925e+01 8.066326983412476892e+00 1.961332504591855752e+01 3.375533726229812714e+01 5.375440599106206463e+01
8.483503398980346555e-02 2.008483503398944947e+01 3.000416316433665997e+01 5.000416304955381008e+01 5.006314950008426479e+01 5.157634611896120447e+01 6.000578991241591353e+01 6.161888636918538253e+01 5.335195775819581598e+01 5.366669039823538156e+01 3.366669042321161953e+01 3.515971540625656644e+01 4.621544347902501926e+01 3.617165041259409719e+01 1.614964076718064589e+01 3.193870603086262250e+01 2.612184294850027655e+01 4.613103410965847218e+01 5.721813891921686235e+01 5.863176455655267461e+01 3.966035281446795580e+01 1.963062641173410228e+01 2.672975467865848032e+01 6.725190703321434427e+00 2.672975467810011452e+01 4.568429324418477933e+01 5.396954840061609104e+01 6.390014959505102610e+01 5.145964673733195838e+01 3.472280738784233023e+01 5.145964673733195838e+01 4.227351435377582334e+01 3.021028429548965022e+01 1.021055205308804936e+01 3.021031147755930490e+01 4.393716259081153197e+01 4.565320832967282172e+01
4.163169627051844027e-03 1.000416316962696506e+01 3.000416316759584134e+01 4.420321373004352239e+01 3.006104442378582320e+01 4.050721300326151209e+01 4.879136413117584681e+01 6.195231855057397041e+01 7.023626431715150886e+01 6.195095996585119025e+01 4.780882604682379622e+01 5.515971537499045496e+01 5.451405341399647142e+01 3.916369990742207108e+01 1.916475421295800530e+01 3.915345304050000408e+01 4.612230099030625752e+01 5.443145339856232567e+01 6.189381566756204478e+01 4.190870311837471718e+01 3.034679400854448517e+01 3.963714612847972774e+01 2.814064780708331526e+01 8.135761087181434092e+00 2.814064780708331526e+01 4.067142763602905831e+01 4.774546436331679189e+01 5.603402871915434957e+01 6.300570715897028151e+01 5.472273537269580856e+01 4.813138166739292956e+01 2.813225250460887850e+01 1.399019678317878501e+01 3.021022854499982202e+01 1.565386259085306442e+01 2.565385547155719692e+01 4.565320846060521376e+01
2.434392073152260791e-02 2.002434392073116598e+01 2.659125475582487397e+01 3.002111502924170594e+01 1.591889734270422885e+01 2.050721202011554567e+01 4.050721300325980678e+01 4.195231582860853337e+01 6.195231855057394199e+01 7.430776742771205079e+01 6.780882596203294099e+01 6.267656947423092362e+01 4.623419113939449687e+01 2.623582195360365077e+01 3.916369990742207108e+01 2.493825690211635759e+01 3.908018449360845636e+01 5.907579343762450463e+01 7.016897033262512196e+01 5.863176455655267461e+01 5.035540555750429803e+01 4.000823549517534161e+01 2.201163763047947342e+01 9.557024419985729935e+00 2.955811166046019878e+01 2.066306790632488344e+01 2.773707610550495772e+01 3.928844774833488174e+01 5.929796389960916514e+01 6.504379749773406161e+01 5.504523790340375911e+01 3.676309453951775907e+01 1.676369776430069791e+01 3.676307410882647275e+01 2.979592914275451676e+01 2.214271929145575868e+01 3.368967907137672313e+01
5.883922493566802470e-02 3.303267647550925279e+00 6.591247393658084874e+00 1.002121909650829146e+01 1.818618490579260083e+01 3.818605470074549402e+01 2.781017945353990228e+01 3.447684612039649465e+01 4.602385174965821335e+01 6.602385666417758614e+01 6.853491611009997087e+01 4.854234593923605701e+01 3.440078440638476565e+01 4.623419113939449687e+01 4.930070350817310754e+01 2.930261469841829935e+01 4.344444936832668702e+01 6.343890879842847141e+01 7.152067019995016040e+01 5.147735207322242701e+01 5.082932322154750437e+01 3.568661003622685257e+01 1.572881486375521654e+01 2.956583411080441692e+01 1.171323525883268246e+01 3.172360782257151612e+01 4.774546436331679189e+01 5.603402871915434957e+01 6.758677067831177965e+01 5.676140336017544286e+01 3.676360033273898154e+01 2.676368723254395476e+01 1.988717300204602978e+01 3.988631148864564580e+01 4.979503597527347125e+01 4.214223019918528479e+01 2.970200529718988847e+01
2.016265153036126551e-02 2.002016265153000774e+01 2.659125475582514753e+01 3.002123191743415376e+01 3.002115542924860847e+01 3.232831882317532290e+01 4.781018100212285304e+01 5.447684844298601092e+01 4.861898316515314633e+01 6.861898624328456719e+01 6.853491611009997087e+01 4.854234593923605701e+01 4.594759821321979132e+01 6.267656947423092362e+01 5.464523476343281061e+01 3.464783944401575155e+01 4.563184172028274332e+01 6.562492057281274072e+01 6.564998730806182436e+01 4.560685434438516950e+01 3.147853879659838228e+01 2.257134459606427512e+01 2.983182885880647461e+01 3.330565792520772561e+01 1.329403959505786936e+01 3.330565793594997359e+01 4.668459924728964694e+01 5.372278246303994109e+01 6.195126104814915635e+01 6.504379749773406161e+01 5.504523790340375911e+01 4.676250184645718377e+01 3.988631148864564580e+01 2.447548767549691817e+01 4.447411500848224364e+01 5.636750767552894104e+01 3.636865836970188326e+01
1.256007409845548775e-02 8.956831984097535226e+00 2.050383736788984734e+01 4.050383736788913325e+01 5.002039818545899408e+01 5.232788949710643323e+01 5.232789520097009017e+01 7.232447005346158164e+01 6.861898624328456719e+01 7.690283124389873137e+01 7.681079300922594655e+01 6.853491611009997087e+01 6.594154435749349830e+01 7.421785242866553745e+01 6.096859288578401248e+01 4.097239317007286985e+01 5.464516493807031594e+01 7.389566628990623087e+01 6.613507573618326774e+01 4.609146230193731952e+01 3.196125337583636039e+01 4.253361088205101481e+01 4.982130213335978652e+01 3.490284641643020080e+01 1.489004114522572131e+01 2.066873731260630009e+01 2.670220522054964718e+01 3.377651093534155535e+01 4.789905968076873677e+01 6.777938393382555660e+01 6.484703627586027608e+01 4.479080675470240180e+01 3.064762109531374890e+01 2.963946535351197298e+01 4.378106566495324614e+01 6.377235514189061405e+01 5.051031610132465488e+01
1.283213977233468341e-02 2.001283213977198017e+01 3.724110323155842650e+01 4.878810861535074395e+01 5.584396972765500777e+01 6.169609131473951180e+01 5.643201975356379307e+01 6.229092001217859575e+01 6.144403296362399658e+01 6.728591252358312147e+01 6.850500241826865988e+01 6.850500241826865988e+01 7.677876156165822863e+01 7.510365822855997919e+01 5.511365711577623472e+01 5.251909649597110530e+01 6.924489554387888290e+01 8.290125993508576130e+01 6.463834781482665903e+01 4.459544137250252049e+01 5.196210075734616396e+01 5.320681498679866195e+01 4.491390023770159701e+01 3.657674785627676073e+01 1.656216950610746252e+01 3.657674785633571446e+01 4.668459924728914956e+01 5.372278246303994109e+01 5.359424140931224656e+01 7.302151873051879249e+01 6.694046334328558601e+01 4.697464205459775854e+01 3.581159652653346370e+01 4.963637878808495429e+01 3.816746866512534098e+01 5.816213179193462679e+01 7.050801901139044503e+01
9.594114293757748102e-02 1.423807676666865341e+01 3.423807676666935862e+01 4.997990727659460219e+01 3.584109225942179222e+01 4.169979942662370576e+01 3.641687005983195746e+01 4.227915209996459112e+01 4.167437037208607364e+01 4.746476784402590710e+01 4.872301087846771139e+01 4.872301087846771139e+01 6.850500241826865988e+01 8.337684764000438520e+01 7.510365822855997919e+01 7.251081960345328525e+01 8.078459300795796594e+01 8.468298031091607925e+01 6.463834781482806591e+01 6.463834781482806591e+01 5.855500039393631795e+01 4.491390023787122487e+01 2.490187269928604508e+01 2.141821417596507970e+01 1.850336389971742435e+01 2.517851551389154707e+01 3.225461123919333772e+01 4.120673175758214768e+01 5.280731280522691407e+01 7.331527952139927606e+01 7.515777469178790682e+01 6.114736861132351464e+01 4.115681068763731787e+01 6.114736861132351464e+01 4.572664645170102915e+01 5.816213179193463390e+01 7.814001915468739412e+01
3.950229235330715398e-03 1.414608585296640619e+01 3.414608585296711141e+01 4.169952371702121496e+01 2.168630666548866515e+01 3.100361489726234510e+01 2.225340076771348663e+01 3.576196352863877337e+01 2.797468491082357289e+01 4.490869908444751246e+01 3.530037760143778058e+01 5.451702205510055421e+01 6.805676973909298511e+01 7.264444963801774691e+01 7.004965932853492916e+01 7.833376715238523502e+01 8.987968160895992753e+01 8.222508946895948156e+01 7.066309478892148377e+01 6.236800465353812228e+01 5.026199503126562007e+01 3.025083265558942003e+01 4.491388862642824620e+01 4.056474627312901049e+01 2.054378307667865755e+01 4.056479154244241414e+01 5.232715150763912959e+01 6.068831127483605314e+01 6.983528994322634276e+01 8.196790635417728765e+01 8.099334955837463212e+01 6.113025691827554908e+01 4.782339857019574225e+01 6.781144321610526049e+01 5.986626217242159242e+01 5.986626217242159242e+01 7.984618571031369072e+01
7.711341127313005306e-02 2.007711341127277649e+01 2.390391332497815924e+01 2.588420841093027036e+01 2.786517345378791077e+01 1.099053106938366398e+01 1.329995203731753328e+01 1.572575615103992952e+01 2.121006213215146730e+01 2.650114144863550436e+01 4.490869982825317663e+01 4.968155600322955223e+01 4.806734609680099624e+01 5.264721657329198479e+01 5.005245934150124754e+01 6.159808257652813523e+01 8.159472787381035630e+01 7.392991056586541276e+01 5.390410209338335079e+01 4.235316915186463405e+01 3.602746421861817794e+01 5.026199503126562007e+01 5.475555816639981543e+01 4.264113490007024865e+01 2.261766838882198982e+01 4.264113490002692686e+01 5.117285053774808290e+01 5.948650030126972865e+01 7.367304059153745754e+01 8.527769975387971613e+01 8.394652296620509446e+01 6.413293359593447462e+01 5.936845637671609666e+01 7.607773485109622413e+01 7.984618571031369072e+01 7.984618571031369072e+01 8.809728001030337907e+01
9.541454368626212448e-03 1.952113179083152739e+00 3.903913324980214927e+00 5.884208410933555733e+00 7.904507625581477015e+00 2.790625442878040730e+01 3.332335855875471964e+01 3.576196516803897651e+01 1.976608130890326365e+01 2.314113990507819452e+01 2.649598516412306282e+01 2.994229339959061420e+01 3.403213862977474946e+01 3.853110772475934453e+01 4.606485046222383062e+01 6.020595477410488172e+01 8.020239279764784612e+01 7.652913745162985037e+01 5.650227139000189425e+01 6.158966023528579115e+01 4.157559735141573753e+01 6.158966023528469691e+01 4.643820656143722658e+01 2.639511123156894001e+01 4.261927238500540938e+01 2.755153533282288691e+01 3.114772976876276189e+01 4.529996001100207081e+01 5.684547869818025845e+01 7.338202656393617929e+01 8.343883513424835030e+01 8.395652560016536370e+01 7.933604319530144267e+01 8.756919491731356686e+01 8.104364915392660862e+01 8.099560541074890807e+01 8.584738221129084934e+01
2.297228869525369793e-03 2.000229722886917116e+01 2.390391332497815924e+01 2.169161264687161150e+01 1.888725072304267272e+01 1.776809263117180748e+01 3.462151056789716819e+01 5.000563621242567791e+01 4.365946765063898027e+01 2.776504155238307803e+01 4.607767620440264977e+01 4.383557182199002966e+01 4.383557182199001545e+01 5.850427053298227520e+01 5.850427053298227520e+01 6.020595477410488172e+01 8.020239279764784612e+01 8.482391818674520323e+01 7.652913745162985037e+01 6.792064990637368282e+01 4.790030268043391004e+01 6.073890161102717400e+01 4.070959456565584134e+01 2.914344689677141886e+01 4.916951974470244835e+01 4.757360482062503593e+01 5.117285053776276271e+01 3.680797601114832673e+01 4.497446179804480693e+01 5.498557025042681090e+01 6.919087058869997975e+01 8.937407576376875795e+01 8.520732280250724955e+01 7.522836097856357185e+01 6.110259445185484140e+01 6.139479619284968948e+01 7.545866008168148653e+01
