MOVIE_S12_data/elevation_000774.asc
nrows	50
cellsize	150.0
xllcorner	0
ncols	50
yllcorner	0
NODATA_value	-9999
[rows 17 to 33 of 50, columns 0 to 36 of 50]
5.436832538903087209e-02 8.219334134666363312e+00 1.821933413466653917e+01 3.236146975839798756e+01 5.236146975839869100e+01 5.675369660604524569e+01 5.003709307914476057e+01 3.003476210102924426e+01 4.081921658905810091e+01 6.082008659671566875e+01 6.425024016320105602e+01 4.424428764508764544e+01 5.767062815206137572e+01 5.398611060496289582e+01 7.202979605020689746e+01 8.100747352104950494e+01 9.258269798129519756e+01 8.126243727452862231e+01 6.125942560241257695e+01 5.126906137032236188e+01 4.371730526837011155e+01 3.871623075782525802e+01 3.434503631927570666e+01 5.075162462018261067e+01 4.708310582143715806e+01 6.707466139983269215e+01 6.516960228014924894e+01 4.518589471284474257e+01 6.516960228014740153e+01 5.531528654313231641e+01 7.357908907050013170e+01 8.356789510803484688e+01 8.281952459332120497e+01 6.279936074740430740e+01 5.125795518560829578e+01 4.951291562318211703e+01 6.886343148275895487e+01
9.647730019007895452e-02 2.009647730018972211e+01 3.383727186757232630e+01 4.212154311503452675e+01 5.106581502503383518e+01 6.261282040882676370e+01 5.606740970052300810e+01 3.606711210036814208e+01 5.606740970052300810e+01 6.910437680258631588e+01 7.253666521869516259e+01 5.579380747652642469e+01 7.253666521869516259e+01 7.406485118498083864e+01 8.235859491234162988e+01 9.093230580963331988e+01 9.921578780850182966e+01 8.955203186072542110e+01 7.524951843608326385e+01 5.525333198137938950e+01 6.370471480369403849e+01 5.025811463082970931e+01 5.434483584794838862e+01 3.888103429717210702e+01 5.887178676503449992e+01 7.535763508589036519e+01 7.344232246841099254e+01 5.672413583542255111e+01 7.344232301694499654e+01 6.944647993145763110e+01 8.356788691184515017e+01 9.152953669199860087e+01 8.472817523407185547e+01 6.470523577721517938e+01 5.056791269689809809e+01 4.057424540800545998e+01 5.390399235658146182e+01
9.953738903938927352e-02 6.766204055706084297e+00 1.383727186757162109e+01 2.278154377757093485e+01 3.432854916136385981e+01 5.432854916136456325e+01 6.435168978634503389e+01 5.020954092738553953e+01 4.871651429335792471e+01 6.285866555530310507e+01 8.285866834300330197e+01 7.580194203859169022e+01 8.408752842799303551e+01 8.288833684397410195e+01 7.460523792007117549e+01 7.093581314702298357e+01 8.765088249730409586e+01 9.593438862579036197e+01 8.353816581372961991e+01 6.679331043536880941e+01 7.856228061268002705e+01 7.025312896901208148e+01 6.214248617891038862e+01 4.217104146963352918e+01 6.215769491265030666e+01 7.536824447798259996e+01 8.365664497707636826e+01 7.670632423062099292e+01 8.497618189711327830e+01 8.942363635848344927e+01 8.565416080283448252e+01 7.145657608337225497e+01 8.565416080283449674e+01 7.886958296577218164e+01 6.804734992352835832e+01 4.804562183485991511e+01 3.390924511499296301e+01
3.582433992925927735e-02 2.003582433992890444e+01 3.302675505332344841e+01 3.905698120223300407e+01 4.612804750370664664e+01 5.441219826313756869e+01 6.595896552951512604e+01 7.020955593923326887e+01 6.871653074807055361e+01 7.700081247020627018e+01 8.285578666313540452e+01 8.869003914228582630e+01 7.896912946286667534e+01 7.068648681863233207e+01 5.461470936368033335e+01 7.351164910084011694e+01 6.765498686650370530e+01 8.765088249730737857e+01 9.509040718813818671e+01 8.680091338474413476e+01 8.629881028338864724e+01 6.629434572388728952e+01 5.216188492408412003e+01 6.215769491293531246e+01 4.782369611874305093e+01 5.537350113694082410e+01 6.536559512352276613e+01 7.950894925927298118e+01 9.952288018914670431e+01 8.801883089849366115e+01 7.668709686858738905e+01 5.729760764814437124e+01 7.183489671528192844e+01 6.858637463253964484e+01 6.844303829865079081e+01 6.014347678422898014e+01 4.787534923127759612e+01
8.338298177320474514e-02 2.008338298177284997e+01 1.302675590423111629e+01 1.905698279578628274e+01 2.612805060765163390e+01 3.767505599089021473e+01 5.767504491027300162e+01 6.195266606921509833e+01 7.023674203585483156e+01 7.699332733549051966e+01 6.288785934523988885e+01 6.873632985041133736e+01 6.742769145845767298e+01 5.069849545907749899e+01 4.645849803906214248e+01 5.352171129389398629e+01 7.351164910087166504e+01 8.479957227396268138e+01 8.479957227396268138e+01 9.308119594706870714e+01 8.630016282465156507e+01 6.629437225892186802e+01 7.215393264553148356e+01 5.634137725572274036e+01 6.781094165367601079e+01 6.046016229349070414e+01 8.045986301671149477e+01 9.366035824763370954e+01 8.541336699537757227e+01 7.383739603892122716e+01 5.965596358771856700e+01 4.835710477021825682e+01 5.180938077544858800e+01 4.856586326707431311e+01 5.134325855989354892e+01 4.013862432285451831e+01 4.380958815444713395e+01
1.813270376062421294e-02 5.182110498703823787e+00 2.518211027296004900e+01 3.905698120223300407e+01 4.612804750370664664e+01 5.441219826313756869e+01 5.869186615022467635e+01 4.195787865621546331e+01 5.869194440485585318e+01 6.873632985041133736e+01 4.875801116644139199e+01 5.805746932481135048e+01 5.312132183741483260e+01 3.916344251772110141e+01 5.914641462662817872e+01 7.351164910086578175e+01 7.895440845532449714e+01 6.482762096569577182e+01 6.482762096569577182e+01 8.479957227396268138e+01 9.459139654662288876e+01 8.630016282203936839e+01 8.266265317874068330e+01 6.265975371282227968e+01 8.266265327893451342e+01 8.045986302747006391e+01 8.045986302238323162e+01 9.229648719097602338e+01 7.709429270834360182e+01 5.705814225334736989e+01 4.551800318843904591e+01 4.151955806081197409e+01 3.767121549811697889e+01 3.442698501572697722e+01 3.134098796582708246e+01 4.380958815444747501e+01 2.381102249243769720e+01
2.351309638313057310e-02 8.188478905660462104e+00 1.818847890566063796e+01 3.233061452939208635e+01 5.233061452939278979e+01 6.567199692991390236e+01 5.040866927129980724e+01 3.040390313758421925e+01 5.040866927129980724e+01 5.986681942779910059e+01 5.805746932478038502e+01 3.807697033933797570e+01 3.313593655466444687e+01 5.312132183741483260e+01 6.742769145845767298e+01 6.707033987278612130e+01 7.067727007035963993e+01 5.072685433312730652e+01 7.067727007035963993e+01 8.676350452005630132e+01 8.832392141250267059e+01 9.660638600415256860e+01 9.095202808624088675e+01 7.680098704524894515e+01 7.680098704524894515e+01 9.681396739841808596e+01 1.004711176650354787e+02 8.397384653216744255e+01 6.391667288343317921e+01 5.237204555535665662e+01 6.552641585694065895e+01 6.152473332143633655e+01 5.767473569613883200e+01 5.442972370476417154e+01 4.707870834377813196e+01 2.707700750394515410e+01 4.342593819010373579e+01
2.372884694381488524e-02 2.002372884694345956e+01 3.647275015308794366e+01 4.647275015315082669e+01 5.542422618981157001e+01 4.567074472162256171e+01 4.333590680880455892e+01 2.331013647750506834e+01 4.333591425138344277e+01 3.986789185490437859e+01 5.400698074733006138e+01 4.912424478086477109e+01 2.913143476524707864e+01 4.912424478086477109e+01 6.123185973763391843e+01 4.711829079044702695e+01 5.654505571562227573e+01 4.442271567405475707e+01 5.852156642063897607e+01 7.201291609570861851e+01 6.834710134870238107e+01 8.694806109943677086e+01 9.588537737885508250e+01 9.681396739841808596e+01 9.681396739841808596e+01 1.051030719983916271e+02 9.667821989700078689e+01 7.659084185536525524e+01 6.502096144943313050e+01 5.943675479617983370e+01 7.948029271785527783e+01 8.021441428037266519e+01 6.012414255988547040e+01 5.325515794407029091e+01 3.324891347784779327e+01 4.707874901254611899e+01 3.776546987956173496e+01
6.296921807001566729e-02 1.935297255689742713e+01 3.435938696249654356e+01 3.582350627663255693e+01 3.587866402025398571e+01 4.560995740423523870e+01 2.558312438564452407e+01 1.725750747507782279e+01 3.306217058315743174e+01 2.570295318964601705e+01 4.572531384333093740e+01 4.135076166942568676e+01 2.587606819844098283e+01 4.557302148428855304e+01 4.819166185757069343e+01 3.300589153381576324e+01 3.659606196437152192e+01 4.158698685109978044e+01 4.673603279102091790e+01 5.206194144586707040e+01 5.870401162897480418e+01 6.762310176659148908e+01 8.174639992683012224e+01 1.017399244113688752e+02 1.064798290161927099e+02 1.075847614338444771e+02 1.050026205636465164e+02 9.340356043664606034e+01 7.579472117075064830e+01 7.359831068094742079e+01 8.780171675632540484e+01 7.430974276136490175e+01 5.424827456603021858e+01 4.010746952166589807e+01 5.325515794407029091e+01 6.156808706442441093e+01 4.776030790525734204e+01
8.175220331382776484e-02 2.008175220329578536e+01 1.779533952951561204e+01 1.777045549101371336e+01 3.587864260386108128e+01 3.762516049144784347e+01 1.171866243411317221e+01 1.150571430098753467e+01 1.302946270839723475e+01 3.306088361637529260e+01 3.692679218216746051e+01 2.132112059921078995e+01 2.301027867362942914e+01 2.558614650604428320e+01 2.822140391372989399e+01 3.281340531968869101e+01 3.797212586183695038e+01 4.427540285221743943e+01 5.089452335907954250e+01 7.056071782499260792e+01 7.866736832907558608e+01 8.694806109943677086e+01 9.588537737885508250e+01 9.546590172132027874e+01 8.642464838920120940e+01 8.752991850955625353e+01 1.017048255272648589e+02 1.042035777493481561e+02 9.587920551299059468e+01 9.368065352499301923e+01 8.182161532416715488e+01 6.165443448082266542e+01 5.010305349582640844e+01 5.165037874191984457e+01 6.846059434225627172e+01 7.612477854743750072e+01 6.778063815310298423e+01
7.631710034972485901e-02 1.400849457414767185e+00 8.106962186568056339e+00 2.356987275687587413e+01 2.599076492640082137e+01 2.736758921722061899e+01 9.447726223211921237e+00 2.942744334504996928e+01 3.306216985871164127e+01 1.526548920169842738e+01 1.687246428635684126e+01 1.939005650481331600e+01 3.942863069986916713e+01 4.556391775145792167e+01 4.234551717378998603e+01 4.433031945535945084e+01 5.785226716021131921e+01 5.420733818177073715e+01 7.056071782499260792e+01 6.222421759191377788e+01 7.592800246998186253e+01 9.535542349984598332e+01 8.959860129537965179e+01 7.543033074180087283e+01 7.226493405961049632e+01 7.336819737133961894e+01 9.340384600763530898e+01 1.083654071901679714e+02 1.063140983979846084e+02 9.840753281538536612e+01 9.029209723590106762e+01 7.859282142742746657e+01 6.165540234152548749e+01 7.169951920089604869e+01 8.005792759972307238e+01 8.076569836771281530e+01 7.250409960616251226e+01
9.124702163186203252e-02 2.009124702163150644e+01 3.311621803660072416e+00 4.668166928295187645e+00 6.035350077441687056e+00 7.408202896332745091e+00 1.235975268843166930e+01 3.237034964048431362e+01 4.360724595776597567e+01 3.531763886737099511e+01 3.692695400919556903e+01 2.102780057798319646e+01 4.105802146110281114e+01 5.369876173952855680e+01 6.225483164971293348e+01 6.425840821261674307e+01 7.255713244160874353e+01 7.407034126295577892e+01 8.232518813413604164e+01 7.572893680080885304e+01 8.972686917478988278e+01 8.567600503200156936e+01 7.655427770231212037e+01 6.132641089240371457e+01 6.075789810761838794e+01 7.681587189069291810e+01 8.510131971940813855e+01 8.835841749291013514e+01 9.503379982882377419e+01 7.862740005941745380e+01 9.503379982882377419e+01 9.053397814889223127e+01 8.191428684247682668e+01 8.404860140924751022e+01 7.581894210262224476e+01 6.827578446072307372e+01 5.252574711576474442e+01
8.187870513261463756e-02 2.008187870513225803e+01 2.826995131463819177e+01 1.876359772209245946e+01 2.599078667413235166e+01 1.735797275669281703e+01 3.236844688061675157e+01 2.019560603475056126e+01 3.436637378299671042e+01 5.437743512598299844e+01 4.933501056910514393e+01 3.520300726232913746e+01 2.541842193163263630e+01 4.542348387170592616e+01 5.869502815594339040e+01 6.560793064739767999e+01 7.316036126631340153e+01 8.143125440188291009e+01 9.141847146292792559e+01 9.439117325932714664e+01 9.336135235315859404e+01 7.152207289832132631e+01 5.806400109858915926e+01 5.144610782891232503e+01 6.616719299133129084e+01 5.689281738146585354e+01 6.836364358015956100e+01 8.376315773246186325e+01 7.553174844409633693e+01 6.711663288679871187e+01 7.992005412184443003e+01 8.822958040877317387e+01 8.986511921463802821e+01 6.998034194660631613e+01 5.585441644564478736e+01 4.829901455708894531e+01 4.197360883470712878e+01
2.239863785106879432e-02 1.416453426158189366e+01 3.416453426158118134e+01 3.877247341337557884e+01 4.560567089986761147e+01 3.736196274692041186e+01 4.560567081257389077e+01 3.022005840784122910e+01 3.176891833645184704e+01 5.178208526535874512e+01 6.346701387588115040e+01 5.297789502863513178e+01 3.299130257085840157e+01 3.043187724657345683e+01 5.042068608008342068e+01 4.562710654363819884e+01 5.317850805459290342e+01 6.317035582666976978e+01 7.730190006241673473e+01 9.726981419587859534e+01 8.917982786991603916e+01 8.073966122233298393e+01 6.602238549996879158e+01 4.624003136489488952e+01 4.639066293732375357e+01 6.616719299133129084e+01 8.510131971940813855e+01 7.553831344399527836e+01 5.565582946166503575e+01 6.704728086635527973e+01 6.002772618327685450e+01 7.670385393791494266e+01 8.285693211937974922e+01 8.404860140924751022e+01 7.581894210262224476e+01 6.827578446072307372e+01 6.196021676627839980e+01
1.991760116496149591e-02 2.001991760116460739e+01 3.090989269171783960e+01 3.723444801205010180e+01 4.479373747222472701e+01 5.307800869447977732e+01 5.851912064805166835e+01 4.437646459557315382e+01 4.332823170587354156e+01 6.006621369892503992e+01 6.710724685416097657e+01 4.712543732774633298e+01 5.297797383765519186e+01 3.937528703723996415e+01 3.620727053030539366e+01 4.252688742847926306e+01 5.251632845073089584e+01 6.405392979142352772e+01 8.403304906482664194e+01 9.507776634179363384e+01 8.094829916151044813e+01 6.077143918449271354e+01 6.639424851632381319e+01 5.991357815316303004e+01 4.029664842125250601e+01 5.991357815316303004e+01 7.623634605382970619e+01 8.366932933561224672e+01 6.705209077741783119e+01 4.729304891901217900e+01 4.865188550514690746e+01 6.658308430042400516e+01 6.292711150128391040e+01 8.285693211937974922e+01 8.044942880689849574e+01 6.046111407698752771e+01 4.891932771040693950e+01
1.766589122093755945e-02 5.362890729469402373e+00 1.090989269172164455e+01 1.723444801205829080e+01 2.479373747224270375e+01 3.893587309597315738e+01 5.893587309585758049e+01 6.437840565639280044e+01 6.333026398748901187e+01 7.161371313890913370e+01 7.538116734299062216e+01 6.710724685416097657e+01 6.762993113558887615e+01 5.091169272644818733e+01 4.619845121428369339e+01 6.250721381244335362e+01 5.665510896899737503e+01 7.663544469391970893e+01 9.230097350332718520e+01 8.680579417775059881e+01 6.688403360046321211e+01 5.538123903525310254e+01 4.655108436743233824e+01 4.117928054237881241e+01 3.702449795433044955e+01 4.819177901169938849e+01 6.796331240009179453e+01 7.398357618876001141e+01 6.254929745865330659e+01 5.434713838287907350e+01 3.998575455299184256e+01 4.681522953637460915e+01 6.074907584227563007e+01 8.067178319468615655e+01 8.872504330000414541e+01 7.718634251291599924e+01 6.824752756995366099e+01
6.490672536223988931e-02 2.006490672536188313e+01 3.090989269171783960e+01 3.723444801205010180e+01 4.479373747222472701e+01 5.307800869447977732e+01 5.242110244654437423e+01 5.634476861707803153e+01 6.060969821933312573e+01 6.532417567175781414e+01 6.751304257986510038e+01 7.580824143612989019e+01 7.916380951753588135e+01 7.089256169034148058e+01 6.032757656011271052e+01 7.445163962137192470e+01 7.663544469391970893e+01 8.490545026722141131e+01 8.557283475595997402e+01 9.386201464801673922e+01 8.356772314828587866e+01 7.465437424523986465e+01 6.639424851632381319e+01 5.338017429740060749e+01 3.391970288829517699e+01 5.338017429740060749e+01 7.033422116373287736e+01 6.574050016806687324e+01 4.601742549899219625e+01 3.485957954097960254e+01 5.435115293526357760e+01 6.658247592316976693e+01 6.317720061025262623e+01 7.150394607043429573e+01 8.321035656562268912e+01 8.985917923145319719e+01 7.841677948057539993e+01
