MOVIE_S12_data/elevation_000735.asc
nrows	50
cellsize	150.0
xllcorner	0
ncols	50
yllcorner	0
NODATA_value	-9999
[rows 17 to 33 of 50, columns 0 to 36 of 50]
5.436832538903087209e-02 2.064537488691454925e+00 4.085395881424440212e+00 6.161044540690570948e+00 8.284774347409539885e+00 1.048636873539448722e+01 1.286941636805370237e+01 3.292048337860961738e+01 4.517661221983734521e+01 5.649948147689724465e+01 6.502151031543721160e+01 6.679871660333890304e+01 7.127047739936284643e+01 7.127047739936284643e+01 7.955038635564579863e+01 9.205184106931022825e+01 9.791575446250368486e+01 8.544407998417011640e+01 6.545002921386573291e+01 5.545412901174480425e+01 4.789798933014139948e+01 5.473445531562543209e+01 6.886627846875251180e+01 5.294895187495729516e+01 3.295213959122585123e+01 4.709282968310387929e+01 6.708662653733476589e+01 6.790010567559350818e+01 5.944982720611352534e+01 6.989256249119773656e+01 7.817000704348573947e+01 8.971054637784547481e+01 8.894471620677269641e+01 7.724025949266341229e+01 6.885019056799373516e+01 6.119646047901083818e+01 4.125938866324341348e+01
9.647730019007895452e-02 2.009647730018972211e+01 1.564398436786441060e+01 2.618283572211527854e+01 2.831206101951141463e+01 1.681937203815394355e+01 3.292026589224322919e+01 2.005097820056204938e+01 3.564927862887009979e+01 3.766216159327171198e+01 5.092262626715506002e+01 7.081311845555137552e+01 7.532790649733647115e+01 8.361762180431549041e+01 8.618937556906961106e+01 7.203934516162149748e+01 7.790086950451551218e+01 9.371716020870920261e+01 8.053484968067196803e+01 6.054204774893204899e+01 6.203462070095592651e+01 7.472329417062621815e+01 6.952911696465693581e+01 5.580538973986580942e+01 3.581034554609730947e+01 4.994933747538696878e+01 6.994280954712752418e+01 8.248902218040529988e+01 7.944340073395579793e+01 8.771798069074827708e+01 8.976291101475074186e+01 8.756545911843529950e+01 8.056443353940750285e+01 6.027476954071217818e+01 4.876505548635098819e+01 4.180169369842163718e+01 3.555575074234343447e+01
9.953738903938927352e-02 2.009953738903903542e+01 3.565051687549755144e+01 4.393460518024267714e+01 4.295771262030078219e+01 2.343270250870130411e+01 4.295788347905967441e+01 4.041521071490733874e+01 2.749123120846790869e+01 4.965167224083850073e+01 6.502151031543721160e+01 7.207014032953546234e+01 5.533218437686315383e+01 7.207014032953546234e+01 7.790082772530526256e+01 5.790351210516183045e+01 7.790085767462733202e+01 8.911908850680994476e+01 8.880655620712599330e+01 7.467990322992007179e+01 8.202711552770402648e+01 7.538489425106889996e+01 5.539065134389780098e+01 4.125370604655999784e+01 5.580538973986580942e+01 4.266989796645540878e+01 5.421249167582073625e+01 7.420647432878368477e+01 8.910553931340731992e+01 8.976291101475074186e+01 6.959482393238847919e+01 6.738502438078371881e+01 7.677856301780059312e+01 7.724025949266341229e+01 6.885019056799373516e+01 6.174902295935501684e+01 4.957724704635723612e+01
3.582433992925927735e-02 2.003582433992890444e+01 3.731192613887026965e+01 4.885893152366782743e+01 5.110148058188225662e+01 3.722881568403393260e+01 3.856777472613380553e+01 5.326105399869544499e+01 4.159460991483283010e+01 5.947629241788124688e+01 7.086523975868946934e+01 6.257914816463546259e+01 4.379838430551679096e+01 5.921321015486139316e+01 6.298979107901695329e+01 5.084032961976105014e+01 6.083041620771660973e+01 7.496871615879977924e+01 9.498387060486527389e+01 9.466994080904578368e+01 8.692992133348265327e+01 6.693334785198341308e+01 5.279648950167596411e+01 4.610317414332536856e+01 6.609573863075522127e+01 6.266294392657032120e+01 5.083190900378377108e+01 6.082743672864201301e+01 8.082286456956326504e+01 9.093553768717012531e+01 7.329573686814936195e+01 5.297729250577259563e+01 5.649380280999007198e+01 6.812911196690672000e+01 6.456664504707289609e+01 6.199085797050881297e+01 5.790193411693704917e+01
8.338298177320474514e-02 9.027654891772284529e+00 2.057466027556500521e+01 4.057466027556571220e+01 5.454678537008388872e+01 5.678922261922642178e+01 5.673161075722183710e+01 6.462898998958220886e+01 6.887677998822441339e+01 7.285492428187285441e+01 5.932446906674690723e+01 4.259574577367599346e+01 3.564843587754756271e+01 3.923212682614330049e+01 4.300536925929484511e+01 4.877158350158680378e+01 6.875989012917243315e+01 8.525894289557150785e+01 9.354277474172003792e+01 1.050939885854004814e+02 8.911750077253857683e+01 6.912073345017256543e+01 7.125788768923744954e+01 5.126497035509512301e+01 7.125788768923744954e+01 7.910772026501913956e+01 5.977209962778748320e+01 7.910772026501913956e+01 8.910553931340731992e+01 7.667402466117145821e+01 6.241251163517271294e+01 6.243507131412637534e+01 4.185172384597404260e+01 4.766429697817721234e+01 4.396036225150181309e+01 4.127563508682973037e+01 4.476585496602544367e+01
1.813270376062421294e-02 2.001813270376026921e+01 2.933933495721144524e+01 3.451030542001638679e+01 3.451030542001638679e+01 4.798508886832173914e+01 5.646617284129445125e+01 6.844011356737699714e+01 7.808468986618618146e+01 5.808214974598847391e+01 4.734901595157251109e+01 3.107287511678860525e+01 5.104173745035539866e+01 5.921321015486139316e+01 6.298989211296487412e+01 6.875965296608943333e+01 5.818933353727090463e+01 6.525445774386180631e+01 7.679940875861028360e+01 9.681488143084224873e+01 9.740005592637297127e+01 8.539746752440839828e+01 6.540108195525256463e+01 5.833245706171344125e+01 7.832704043401443528e+01 8.804996713433455113e+01 7.390996020043920112e+01 8.804996713433455113e+01 8.570777265341770601e+01 6.833161841508332657e+01 4.798434344793231787e+01 4.275297764319184068e+01 3.768160359046827068e+01 3.261884299384541919e+01 2.877325198553826269e+01 2.609143794317955312e+01 2.356060287603524372e+01
2.351309638313057310e-02 4.679453448439697461e+00 9.419780697862137231e+00 1.460521887623277948e+01 2.098418602590917104e+01 2.810646646967767381e+01 3.947432270547592736e+01 5.977275152308894235e+01 7.290208032030346885e+01 5.808214974601294500e+01 3.808888207378723934e+01 2.810154149260360512e+01 4.808551590990377633e+01 6.512718505136258784e+01 7.254943835035390975e+01 6.422517995162590410e+01 7.255104235847154825e+01 8.525894289557150785e+01 9.354277474172003792e+01 1.005847077973511006e+02 9.227645183127754080e+01 9.368035120047078124e+01 8.539746752440839828e+01 7.246970684879177327e+01 7.246970684879177327e+01 9.246789461480237549e+01 9.390802157014047680e+01 9.163189029819804432e+01 7.148428273754883833e+01 5.714055318994624599e+01 6.833161841508332657e+01 6.324479929771523246e+01 5.568794880568221117e+01 3.477366468360155238e+01 4.999579618614251331e+01 4.734298339566482383e+01 4.468063102987786550e+01
2.372884694381488524e-02 2.002372884694345956e+01 2.933933495721145590e+01 3.451030542001638679e+01 4.085168304572610509e+01 4.798508886832173914e+01 5.638841698477851594e+01 5.235348522505748292e+01 5.146742340330932564e+01 5.466409039790698898e+01 4.530428321211408615e+01 2.531555680691640120e+01 3.685003295490594866e+01 5.684801262324945981e+01 6.251292653790999054e+01 4.421144387473059822e+01 5.755149398414438622e+01 6.585131150703624314e+01 7.796445992535490177e+01 8.626803811339445360e+01 7.223767899887947408e+01 8.901208175064515160e+01 9.797422230107758878e+01 9.246789461480237549e+01 9.246789461480237549e+01 1.007505659843638313e+02 1.043300068661087181e+02 8.425252169164961913e+01 6.997719656448448688e+01 7.738538036737766390e+01 7.623920957026764711e+01 5.595240222522815543e+01 4.131023269629259431e+01 5.568794960449799447e+01 5.568794683202121831e+01 5.450202109772471459e+01 3.504415061188255009e+01
6.296921807001566729e-02 2.006296921806966083e+01 3.991302856583352110e+01 4.940302860023375331e+01 4.575779733083654577e+01 4.209105992921233508e+01 4.301059966806292323e+01 2.692887881381555104e+01 4.650304594345401199e+01 3.699409850041387671e+01 4.263667235153761226e+01 2.266501001669416837e+01 4.264806620021363415e+01 5.813990705337533171e+01 4.984510817174612640e+01 3.418877879561341615e+01 3.753596178607507738e+01 5.755105041350851280e+01 5.795386467647266215e+01 7.175664840358972185e+01 6.069333007912347711e+01 6.963344545115592155e+01 8.378854378886515519e+01 1.038547655289456202e+02 1.015230564521378369e+02 1.015230564521378369e+02 1.098056623607206461e+02 9.843407604067293448e+01 9.013308095007636211e+01 9.116857155007757285e+01 8.285667042970153773e+01 6.657648673159511077e+01 4.616717946816351770e+01 6.657648673159511077e+01 7.603307379405046618e+01 6.149825096010219028e+01 4.170913063686948874e+01
8.175220331382776484e-02 1.162875758710624297e+01 3.162875758588912589e+01 2.801747887103961432e+01 2.262611221191456679e+01 2.204495941362765876e+01 2.641511489389465339e+01 1.640812583773452715e+01 3.655799241119351706e+01 2.559220756147407272e+01 3.640694058754725404e+01 2.008904587782470941e+01 4.008813763891303239e+01 4.579665634412971542e+01 2.980653885408604609e+01 4.138575253615820770e+01 5.755053991786974876e+01 4.262865098497869809e+01 4.641247022305171299e+01 5.175628971433484793e+01 6.589141662748053818e+01 8.591639457096469812e+01 9.797422230107758878e+01 9.565942251297914822e+01 8.151318266523776401e+01 8.151318266523776401e+01 1.015230564521378369e+02 1.051356790258053167e+02 9.707961158824136305e+01 7.696533530499978326e+01 6.265223974256141304e+01 5.494901198240791018e+01 5.644707388402940751e+01 7.492456469317572498e+01 7.788865919903128088e+01 5.781362311384226160e+01 6.149613548849222155e+01
7.631710034972485901e-02 2.007631710026468141e+01 3.285228696683658001e+01 2.125322374184345620e+01 6.551258528072842147e+00 7.936590518636446490e+00 9.334949029019698585e+00 1.074291865464276441e+01 3.071061977542737509e+01 1.495977879736535066e+01 1.650627202530618121e+01 3.646345015901067654e+01 4.194051614503833747e+01 2.575978575472220555e+01 3.993244938883307071e+01 5.813623421433413796e+01 6.140012756540572525e+01 5.677073660361703134e+01 6.641133737176814122e+01 5.583593467881107841e+01 6.737757222870020257e+01 8.740570695647841148e+01 9.989031183337873188e+01 8.737393900673384906e+01 6.734291954570045391e+01 8.737393900673384906e+01 9.927112169542340325e+01 8.512496403440724180e+01 9.927112169542340325e+01 9.116857155007757285e+01 8.285667042970153773e+01 6.669197832068209664e+01 7.080307702961815153e+01 8.503023998045861731e+01 8.616434680288703873e+01 7.770289523297886092e+01 6.945460879335945492e+01
9.124702163186203252e-02 2.005257927425666153e+01 2.272051893074537432e+01 4.615043187701855842e+00 1.697892370334033885e+01 2.707473559892695647e+01 2.929057845929527915e+01 2.730885425168886371e+01 1.279276972069174079e+01 3.269659853801783811e+01 3.645649299093415152e+01 1.930518543716811308e+01 2.192728315506219872e+01 4.194051614503833747e+01 5.409178419551742678e+01 6.825111900220174732e+01 8.141822084947072824e+01 7.678183791803738245e+01 8.414224783790847084e+01 6.737757227944864269e+01 8.414531684930462063e+01 9.571272087095357506e+01 9.160530198031428029e+01 7.156789715836032428e+01 6.096598889187692549e+01 8.103957447153142368e+01 7.941934163495022858e+01 7.095198437204568620e+01 9.098596675899652553e+01 9.282469096518150309e+01 9.517568644371165476e+01 8.686976264235087797e+01 9.095657383454810940e+01 8.538079367675844367e+01 7.535128111316774380e+01 6.702434790589451552e+01 4.944963795356675718e+01
8.187870513261463756e-02 1.400805833572220216e+00 2.723094255034491873e+00 2.272472105929893615e+01 1.588658721686725350e+01 3.494268043374474786e+01 4.048724766621374016e+01 2.058604425662776549e+01 3.275341396603311495e+01 2.539885772445430945e+01 4.537238049754942182e+01 3.928922249373826503e+01 2.368927071775159732e+01 4.371074507710044088e+01 5.314773161782265021e+01 5.762294946572176713e+01 6.518424400122840723e+01 7.348206938430575974e+01 8.349309176524178611e+01 8.740596186847089655e+01 9.571401163070372320e+01 9.488500434974150721e+01 8.941629586277053932e+01 6.937481586668278055e+01 5.509349450221392175e+01 6.994028505120076034e+01 5.931122606608955294e+01 7.941934163495022858e+01 8.696701308301507538e+01 7.282822849381014407e+01 7.868505675193262050e+01 9.868161110824158300e+01 9.123008189176275096e+01 7.116468992105697566e+01 5.701304829391587958e+01 4.700766637657685720e+01 3.944099690686446280e+01
2.239863785106879432e-02 2.002233027183351410e+01 2.272483886191100666e+01 3.101807902735932743e+01 2.953087291085244814e+01 3.524496515691534881e+01 4.649750904676240992e+01 2.657285508366735272e+01 4.649652043359704123e+01 4.539153780014751050e+01 4.538789316152632836e+01 5.004512692448665945e+01 3.001382496808110645e+01 2.893829872911279466e+01 3.312073168413606084e+01 3.760919809640587630e+01 4.518223287585202996e+01 5.518237147447920421e+01 6.932169813128170688e+01 8.934783192521095430e+01 8.899548530987546258e+01 7.485064075665945893e+01 8.900632797105478744e+01 7.049511425474820214e+01 5.025049051628231211e+01 4.968539561186259590e+01 6.994028505120071770e+01 8.403753640155019866e+01 7.868505675193253524e+01 5.871612788358412871e+01 7.868505675193262050e+01 8.727681483810894747e+01 8.946412750605814779e+01 8.367568246020388756e+01 6.364705438360244472e+01 4.949826153112698535e+01 3.794116644436863339e+01
1.991760116496149591e-02 2.001991760116460739e+01 3.537300495054934402e+01 4.431727686054865956e+01 4.904000415401138468e+01 5.478659407296736816e+01 5.479090702715043193e+01 3.804654546564363926e+01 4.063708267587833234e+01 6.064582987264321190e+01 6.532089776498121125e+01 5.712241222503289606e+01 3.710523588383291838e+01 3.790712494051685155e+01 5.314773161782265021e+01 5.762294946572176713e+01 4.656730907678314679e+01 5.811323055689069150e+01 7.811541972768523578e+01 9.488500434974150721e+01 7.485064075665945893e+01 6.060433571402899844e+01 6.996711921986107541e+01 7.827247680292526866e+01 6.409320211609673379e+01 4.372907736013316793e+01 5.556637031384453707e+01 7.574107097177000014e+01 7.093032033155708405e+01 5.172188183759705282e+01 7.162497424401209400e+01 6.730030356217498877e+01 6.948506128991233766e+01 8.946412750605814779e+01 7.211225966788715880e+01 5.209461512804520567e+01 5.795764747033661735e+01
1.766589122093755945e-02 7.088733703086443683e+00 1.603300561308575922e+01 3.017514123681696248e+01 5.017514123681766591e+01 6.164599461071406239e+01 6.632813930834795713e+01 5.803531460462091474e+01 6.064582987264321190e+01 6.894473137842250310e+01 7.126794113435988720e+01 5.126343485143313217e+01 5.126343485143313217e+01 4.946896688447215951e+01 6.621028258214332141e+01 7.485497718069085238e+01 5.656671319441804968e+01 7.485497718069085238e+01 8.640507383170557887e+01 9.448938825820928855e+01 7.443813901592896798e+01 6.016459206572100271e+01 4.971709345181471917e+01 6.996711921986107541e+01 6.074536062885658794e+01 4.037221488878564202e+01 6.074536062885658794e+01 6.514410801425698594e+01 5.108283689226252733e+01 4.554915654503594880e+01 6.320617226649102349e+01 5.326105628253552027e+01 6.730030356217498877e+01 8.727681483810894747e+01 8.043526301980404014e+01 7.211225966788715880e+01 6.912180835592681660e+01
6.490672536223988931e-02 2.006490672536188313e+01 3.537300495054934402e+01 4.431727686054865956e+01 4.543840571945708007e+01 4.179583323852380516e+01 6.164599461071406239e+01 6.210890526981391702e+01 6.209581273869431328e+01 7.038954022353611606e+01 7.955875228956918477e+01 7.126794113435988720e+01 7.126794113435988720e+01 6.947219152316208124e+01 7.776008150098417104e+01 8.485716298919332701e+01 7.656758766288123752e+01 8.485716207371994813e+01 8.687443459084214226e+01 9.490838727328042523e+01 7.811761180855776843e+01 5.795646666794230839e+01 4.354332059645957997e+01 6.149739225574165147e+01 5.314013550868225622e+01 3.719655310569743989e+01 5.752408344679774643e+01 5.689603020214432405e+01 3.734840746962171920e+01 5.480048080673200417e+01 4.349307841895773663e+01 6.320617226649102349e+01 7.860049968169757051e+01 8.686361500844611783e+01 8.974684778876023472e+01 8.145846511945347856e+01 7.742036473000193553e+01
