MOVIE_S12_data/elevation_000628.asc
nrows	50
cellsize	150.0
xllcorner	0
ncols	50
yllcorner	0
NODATA_value	-9999
[rows 0 to 16 of 50, columns 0 to 36 of 50]
8.271705653423140625e-02 2.127631151761726416e-02 9.425194436011796739e-02 4.939197167322698090e-02 3.975871534419905817e-02 6.171646774684565184e-02 1.696294146011132625e-02 1.936121709489252440e-02 4.216450047424835645e-02 2.297044857093000214e-02 6.704298068806634203e-02 4.162315340452049650e-02 3.835349583220235004e-02 2.777463300387698203e-02 2.207885817162396139e-02 7.161913568127860341e-02 9.025521335945362045e-02 3.502399586135773735e-02 8.040414306008919487e-02 3.131346976591601466e-02 7.604099264847130613e-02 2.387740603804927586e-02 5.687112022313325910e-02 4.074439634684711570e-02 8.709178300582484655e-02 7.612946965408906586e-02 1.077918208624280109e-02 9.929772718869623455e-03 4.600412614040166881e-02 2.152795518990661267e-02 2.378824418737431057e-02 9.511189423522797837e-02 9.406546861214974686e-02 1.749038473908382007e-03 2.223905489293687143e-03 6.269637160239108220e-02 9.476101746191394060e-02
7.639902522890137937e-02 2.002127631151726206e+01 2.009425194435976181e+01 2.004939197167287190e+01 6.364314035680930459e+00 2.006171646774648920e+01 1.001696294146019817e+01 2.001936121709453786e+01 1.158916988426686601e+01 2.002297044857057529e+01 2.006702593265613288e+01 2.466979403767855850e+00 2.003835349583184566e+01 1.002777463300379068e+01 2.002207885817126964e+01 1.421375475941235322e+01 2.009025521335909659e+01 3.323003741968496794e+00 2.008040414305973442e+01 1.417344909349699122e+01 1.158098452099551423e+01 1.416676358434503058e+01 1.992692614725637412e+01 1.985028658942440671e+01 1.378086231741631806e+00 2.007612946965373268e+01 2.001077918208588713e+01 8.174895581996201699e+00 2.004600412614004767e+01 1.002152795518981954e+01 2.002378824418702052e+01 1.423724751796630272e+01 2.009406546856745379e+01 2.133756202030017590e+00 2.000191710081822194e+01 2.006269637160203700e+01 9.039032927445642684e+00
7.813061968023242432e-02 1.422026624341587642e+01 3.422026627944597976e+01 3.303098062783070077e+01 1.303098070234765515e+01 3.303098072261506957e+01 3.001696294146055521e+01 3.001696294146055521e+01 2.573130550799806926e+01 3.645737740242304881e+01 1.645737367484603197e+01 4.910368290893971199e+00 1.905250391482669770e+01 3.002777463300343541e+01 3.002777463300343541e+01 3.421375475941305666e+01 2.665621647902356273e+01 6.656337075301816064e+00 2.079846480177889489e+01 3.417344909349769466e+01 2.537403745430379587e+01 3.419790771444680644e+01 3.322244392844753946e+01 2.267286159015822733e+01 2.671778686447936479e+00 2.267286159017795555e+01 3.645916682945322407e+01 1.972190096578892238e+01 3.645916682946555909e+01 2.416366357892052008e+01 3.830579920264774074e+01 3.423724751807420574e+01 2.427798187233541327e+01 4.277981271705616706e+00 1.582498661445325538e+01 3.582481807376040450e+01 2.318116817881250924e+01
1.795629399984677299e-03 1.414393125313080901e+01 3.414393125313009847e+01 4.131524869984846760e+01 3.303098072261506957e+01 2.717311632609807859e+01 4.717311639522873890e+01 5.001696294146125865e+01 4.573130550799877625e+01 4.474176464479713644e+01 2.747110593082408414e+01 7.471105889551901136e+00 2.747110593082408414e+01 4.733677770232837645e+01 5.002777463300272132e+01 4.433331131771719669e+01 2.433399182028011865e+01 1.019187098123452273e+01 3.019165688196310526e+01 4.908108787361642555e+01 4.437142735394999704e+01 4.208160922811400440e+01 1.926396295653486490e+01 4.520779340536334345e+00 2.175682843060514671e+01 3.005129541203617194e+01 3.978990620246594290e+01 3.972190096578962937e+01 4.800617221326341166e+01 4.416366357891980954e+01 4.180196845494634061e+01 2.180073976990032492e+01 7.658598290619668347e+00 1.005148396360182517e+01 3.005131481845770480e+01 4.410549316768778283e+01 4.318108804921835286e+01
2.526786264046545702e-02 2.002526786264010994e+01 3.097706183449101047e+01 3.804812964635529227e+01 4.633240089381689586e+01 4.717311639522873890e+01 5.545739300028255059e+01 6.127246274544983606e+01 4.127249939029452719e+01 4.127249933391769332e+01 3.009723459425699588e+01 1.009723454674637466e+01 2.164423993054479212e+01 3.578637555589251917e+01 5.578637593412135232e+01 4.551770354642185623e+01 2.551851759275809073e+01 1.397151571132676295e+01 2.811362585392756230e+01 4.811252621189011336e+01 5.401502795656789147e+01 4.399233539369411261e+01 3.299315060696540058e+01 2.454943645765128934e+01 6.393950963797907505e+00 1.173915567435312823e+01 3.163188683890590625e+01 4.862844983514153796e+01 5.997970725078709364e+01 5.350310060976045889e+01 4.194879068412923573e+01 3.010169833135037010e+01 1.010198717774575172e+01 3.005141298364600644e+01 1.947957437897683164e+01 3.362170753275974988e+01 5.362125750563686211e+01
8.483503398980346555e-02 5.430059872238314433e+00 1.097706183449065342e+01 1.804812964635600281e+01 2.804812964635582517e+01 4.219026527008627880e+01 6.219026527008556826e+01 5.808465249405611530e+01 4.127249939029452719e+01 2.127250236780959725e+01 1.642178986708302091e+01 1.357878766586036257e+01 3.357878772338468565e+01 4.702703885615006385e+01 5.857404572175225610e+01 5.379901238451689238e+01 3.823622860285119174e+01 1.823553003843884568e+01 2.978253230777502836e+01 4.977275744435922888e+01 4.569573260671387516e+01 2.587519242697535660e+01 1.589487502121841622e+01 8.336522689862722046e+00 2.632682363152034455e+01 3.163124868132112510e+01 2.067852237800221360e+01 3.217491864347180552e+01 5.185652641159594367e+01 4.521556728157785443e+01 2.521255652040725082e+01 1.366547040324471318e+01 3.010197991589044264e+01 3.838610877025110568e+01 3.362170753275989199e+01 3.362170753275989910e+01 5.362125750719291517e+01
4.163169627051844027e-03 2.000416316962669683e+01 3.097706183449101047e+01 3.097706183449101047e+01 4.633240089381689586e+01 5.633240089381671822e+01 6.134752412564066759e+01 4.134753640457699220e+01 2.980053102203386572e+01 4.127249933391769332e+01 3.056392547925723946e+01 3.357878772338468565e+01 1.874276546080367467e+01 3.028977084461146774e+01 5.028977102805313137e+01 5.456834094912432676e+01 3.456567011403510037e+01 2.358075487692339323e+01 4.358170823740636735e+01 5.804444036626774306e+01 5.392055226070403506e+01 4.395231298094081041e+01 2.965939451658412906e+01 9.736802776728886499e+00 2.965914762893381962e+01 3.987428871664722152e+01 4.049334483250284222e+01 3.473525658281899098e+01 5.439459970142235790e+01 5.010025230641170424e+01 3.041011005439196069e+01 1.629159906043921069e+01 3.629257936940638984e+01 4.861912208121676571e+01 5.362125750719290807e+01 5.362125750719291517e+01 6.190095047069878120e+01
2.434392073152260791e-02 2.002434392073116598e+01 2.822380503421335618e+01 4.822380503421405962e+01 5.926133308195391436e+01 7.111293633258998170e+01 6.963155454894196339e+01 5.808465249405611530e+01 3.980053102195611103e+01 5.808465249405611530e+01 5.056391769822368332e+01 4.630205504565457630e+01 2.630205492098835407e+01 2.540943212747045976e+01 4.540943224379069676e+01 6.285727963356175962e+01 5.065329738642415691e+01 3.065182282228146704e+01 3.772301053941273352e+01 5.772585567774672910e+01 5.348867744822614867e+01 3.380105584968908516e+01 1.973129338517767195e+01 2.965616638814580242e+01 1.177804426354631318e+01 2.588989192699155595e+01 4.570316016778366475e+01 5.439459970142235790e+01 6.252164308746404231e+01 5.044554630952464436e+01 3.043601437352399230e+01 3.629257936940638984e+01 2.033220923899328270e+01 4.033343774288086792e+01 5.126523009510102469e+01 5.882589892614867466e+01 6.711197776385907332e+01
5.883922493566802470e-02 8.223805034212999132e+00 2.236594065794420061e+01 4.236594065794490405e+01 5.478300471407155214e+01 5.111293633263355218e+01 7.111293633258998170e+01 6.808457057919061128e+01 5.980052064023453084e+01 6.808457057919061128e+01 6.044419096707721195e+01 4.044419054607759989e+01 4.630205504565457630e+01 3.040943212747054858e+01 5.040943228256426778e+01 6.698735919300071373e+01 4.698230076640286512e+01 4.219889131416121586e+01 5.772585567774672910e+01 6.601520423222095246e+01 5.352726199332858670e+01 3.380238853282060063e+01 3.957966856322700977e+01 3.314331435910278856e+01 1.323669424240099879e+01 3.314368675364823247e+01 4.385367071322796306e+01 5.201715401655624760e+01 6.764320792611968614e+01 5.875601461946661175e+01 5.045809593130975657e+01 4.861912208121676571e+01 4.033343774288086792e+01 2.459622357728018471e+01 3.126289468171808039e+01 3.882224945387682880e+01 5.882589892615580851e+01
2.016265153036126551e-02 2.002016265153000774e+01 3.650807628167389396e+01 4.323599933028408770e+01 3.478300471407960970e+01 5.478300471407155214e+01 6.286257106895453006e+01 5.454989923105005545e+01 5.715190832737695814e+01 6.546576222995251726e+01 6.872846765344434061e+01 6.044419096707721195e+01 5.040943228256427489e+01 3.707609879413745091e+01 4.673936376005624993e+01 6.673936452877487113e+01 6.698735919300071373e+01 6.220223085504478178e+01 7.049225150170511256e+01 7.163252555570221602e+01 6.165871419037988943e+01 5.352726177929562112e+01 4.679598243345724029e+01 3.460655014871704083e+01 1.470712364822996143e+01 3.451939838888814904e+01 2.402722201262714563e+01 4.385367071322796306e+01 4.799074793801298711e+01 6.764320792611968614e+01 6.769679069720997688e+01 4.769139250091151894e+01 3.614341531385062467e+01 3.126289468171808039e+01 3.108508396233629512e+01 5.108738997036910945e+01 5.515467484980205626e+01
1.256007409845548775e-02 2.001256007409810067e+01 3.380790891446531532e+01 2.323599933028750186e+01 4.323599933028408770e+01 5.575518189034875149e+01 4.746161193894882047e+01 3.452333898131931988e+01 3.712049380228505413e+01 5.715190832737695814e+01 6.746500839281804929e+01 7.869371465574988633e+01 6.414716696587885281e+01 4.414716660600317510e+01 6.414716696587885281e+01 7.502364305132198297e+01 7.933907901358769266e+01 7.098654538508304768e+01 6.382698756943727147e+01 5.140359323406321579e+01 5.144991134169818991e+01 4.744430052098178408e+01 3.862201088941013438e+01 1.874773821535891472e+01 3.460680147921998184e+01 1.716895537068486277e+01 3.705503804649202948e+01 3.185524206818369564e+01 4.584208747356189662e+01 6.549072969465456140e+01 7.598237217891711737e+01 6.443262808982339607e+01 5.614666866333139694e+01 3.833401051831604178e+01 3.593580605597519195e+01 5.007927098563600765e+01 7.008508336932339944e+01
1.283213977233468341e-02 2.001283213977198017e+01 1.380790891446703483e+01 3.380790891446531532e+01 4.194476616653578560e+01 4.419757590797914304e+01 2.745130994358179066e+01 2.297500736282074030e+01 3.004620099373987330e+01 3.899191168811235286e+01 5.316143810292602012e+01 7.333962668131631801e+01 7.243144380881015820e+01 5.569417199018483444e+01 7.243144380881015820e+01 8.267799213377944056e+01 6.242781235105126569e+01 5.073625785812203048e+01 4.364233701374173791e+01 3.732653195573189464e+01 3.130707027830490219e+01 2.704583373048969719e+01 2.296401618165063496e+01 3.862201088941013438e+01 3.892465014950145985e+01 1.905040088125783626e+01 3.892465014950145985e+01 5.159704153901164148e+01 4.329261696993889785e+01 5.464218969232916123e+01 7.427761393815910651e+01 7.834348341451909903e+01 5.833754892143813464e+01 4.727873513927879401e+01 4.196609445047827336e+01 5.226768831176769226e+01 7.227357962684249060e+01
9.594114293757748102e-02 5.642943105189844211e+00 2.382692187447953103e+01 2.576973280256823173e+01 2.194213117098487942e+01 2.987478991081338009e+01 1.590392275867643157e+01 3.590870079298759521e+01 5.007635263885823917e+01 5.840808127459268206e+01 6.744128953149626682e+01 7.059131815136288424e+01 7.881628892058047597e+01 7.569417284073902863e+01 8.397845330091456617e+01 9.100612719156576702e+01 7.933907901358769266e+01 7.098654538508304768e+01 6.229192017386464642e+01 4.200837895669265265e+01 4.894974003610397517e+01 2.961944293391715632e+01 4.280481949446854628e+01 5.097333243445400086e+01 4.081832084167314179e+01 2.095733506697163051e+01 3.503866142110037174e+01 5.477165300071732901e+01 6.294109646417663129e+01 7.111272584689301368e+01 8.247571495155442278e+01 8.361999995864086088e+01 6.361295629013352482e+01 6.728431720883291689e+01 4.829089337419588901e+01 6.829675605142145400e+01 8.055883134783240962e+01
3.950229235330715398e-03 1.910875407726517317e+00 3.826527978168824173e+00 5.769099702883361047e+00 7.799792033150607651e+00 9.873695422611476147e+00 2.987497544902998214e+01 4.161798796947204693e+01 5.120631588236805243e+01 5.949531816217438518e+01 6.037009785110571869e+01 5.069845789998951346e+01 6.729078631840619096e+01 7.711403019888597044e+01 7.418920167602331617e+01 8.248004435099369402e+01 9.108517092025293493e+01 7.074951388004025432e+01 5.632154125709572412e+01 6.229192017386464642e+01 5.373538372951033182e+01 3.459280895588484839e+01 5.373538372950974207e+01 5.668654263434159191e+01 3.697154720579414544e+01 2.289992628979543809e+01 3.697154720579414544e+01 5.668654263433541729e+01 5.941189366461255617e+01 6.412151794208193678e+01 7.226434994058294592e+01 8.354310886646507583e+01 8.361999995864086088e+01 7.658269791017828254e+01 5.723657801426948311e+01 6.829675605142146821e+01 8.830332901691403436e+01
7.711341127313005306e-02 2.007711341127277649e+01 2.382692187447996801e+01 1.332839053210999936e+01 2.780072277981551565e+01 2.987497551689559216e+01 1.332916912503687890e+01 3.333086691894945375e+01 3.120058557662884269e+01 4.303635238587543199e+01 4.064778499463387362e+01 3.916250559993461877e+01 4.900315814176158824e+01 6.003536543944188963e+01 5.417265451045273750e+01 7.418920167602331617e+01 8.655530987114426011e+01 8.508904377524132201e+01 6.944163927362274080e+01 5.067530196211804849e+01 4.291327993730705259e+01 5.373538372951033182e+01 6.163882301380150608e+01 5.864640106333740732e+01 3.895006761686154562e+01 2.489003837226063709e+01 4.471899011882297970e+01 5.308338452374665906e+01 3.990627056861860211e+01 4.470323958910239526e+01 5.591590456619264415e+01 7.533059426718013185e+01 8.975594503246131239e+01 8.552980042725393162e+01 7.138454963487323823e+01 8.552980042725393162e+01 8.114089575466475424e+01
9.541454368626212448e-03 1.415167707809970210e+01 3.415167707810040554e+01 2.227269413627536565e+01 4.161524585326847614e+01 4.161796939910325221e+01 2.487632061055674981e+01 1.698065284479881498e+01 1.965326527135667334e+01 2.303388234969247961e+01 2.651543579970464037e+01 3.059792134626416527e+01 3.486194926338791333e+01 4.002601400981875912e+01 4.669325179166593642e+01 5.824529380196993600e+01 7.826453868623714527e+01 8.290700439091456531e+01 6.386410241973492674e+01 6.178031414793276355e+01 6.178031414793276355e+01 6.972193735948788174e+01 6.317142452881973469e+01 5.643903302771257557e+01 4.721408585523568036e+01 2.740987740769891445e+01 2.973985847966207530e+01 3.345100241010465680e+01 5.308343386726623692e+01 6.412151794208193678e+01 5.341023711152138986e+01 6.201633886517602434e+01 7.570201106995567386e+01 9.550057481904805456e+01 9.139210881687348831e+01 8.114089575466475424e+01 6.116193452108843331e+01
2.297228869525369793e-03 1.414443285260060001e+01 3.414443285260130523e+01 4.227447401352704759e+01 3.860367456842217848e+01 5.316796186558845960e+01 4.487999074863520832e+01 2.852789036719219951e+01 2.721257833973879769e+01 2.859767949210916882e+01 4.652219925357099584e+01 5.060439688506346556e+01 5.486897311575430081e+01 5.119623757199202174e+01 6.670642226333366409e+01 6.084282932868832461e+01 8.086238785038980836e+01 9.103906608839325543e+01 8.290700439091456531e+01 8.079587351697557551e+01 7.718077353634494386e+01 5.745736239775452248e+01 4.409992695099226978e+01 3.732010190638105485e+01 3.106102617045332792e+01 4.721408585523568036e+01 3.967260660178659037e+01 5.308338452374665906e+01 4.485594391723562069e+01 6.432239414838922187e+01 6.452660990973765820e+01 8.098391134399376767e+01 8.975594503246131239e+01 8.692427717860316250e+01 7.693926029825829005e+01 6.867135278464006376e+01 6.482814221696203560e+01
