MOVIE_S12_data/elevation_000449.asc
nrows	50
cellsize	150.0
xllcorner	0
ncols	50
yllcorner	0
NODATA_value	-9999
[rows 17 to 33 of 50, columns 0 to 36 of 50]
5.436832538903087209e-02 1.160137370918144661e+01 3.160137370918108957e+01 3.571013869280321984e+01 1.351036817595337070e+01 1.207475425191124963e+01 3.205061469265088903e+01 3.804277113198722304e+01 2.287503060558062273e+01 2.642624232248930838e+01 3.021374596903763887e+01 3.429891825531996119e+01 3.964483953562877616e+01 4.519195315265464075e+01 5.185863451418382652e+01 6.185863593074443401e+01 8.185864256886907242e+01 9.560421474606226866e+01 7.561569933856884518e+01 7.155079346341344149e+01 5.153982033163025989e+01 3.997026350092627922e+01 5.433290821069359566e+01 6.261938045213826598e+01 5.875702925315418668e+01 3.881042717341203740e+01 5.875702925315418668e+01 6.726238844809493855e+01 5.898958396501780044e+01 4.685756630442080706e+01 5.683413758292397944e+01 7.680419945835346596e+01 9.029665140865530759e+01 8.029947352982190978e+01 7.201796393543513375e+01 6.534970954230735174e+01 4.686827071408126244e+01
9.647730019007895452e-02 2.009647730018972211e+01 3.988564495664233789e+01 4.908903405843668821e+01 3.798455170942420978e+01 2.358813591239562157e+01 2.056348365689709112e+01 4.058991275015786471e+01 4.289939218317411473e+01 4.057860974160747247e+01 4.435911996238535693e+01 4.844182566139655677e+01 5.062962853245695527e+01 6.519197100459902572e+01 7.185863924980671413e+01 8.014292662004467616e+01 9.014293725313925165e+01 8.974959830178146092e+01 6.976124669879510520e+01 5.561432816292163750e+01 4.665072977715405500e+01 5.999745273917014288e+01 6.828165952329662503e+01 7.412745713605137610e+01 5.415693359024314901e+01 4.264195454589864909e+01 5.415693359024314901e+01 7.412745713663291269e+01 7.387942527848960594e+01 5.391000355691166135e+01 7.387942527848960594e+01 8.508014968495935193e+01 8.201556554561989287e+01 6.202036232525036752e+01 5.201320075605173798e+01 4.533723314192128129e+01 3.955596304131861274e+01
9.953738903938927352e-02 2.009953738903903542e+01 3.726436749739139742e+01 4.881137288118411988e+01 5.189653441816936663e+01 4.361057568558822339e+01 4.058991275015786471e+01 3.058365905026956355e+01 5.059616645004617652e+01 6.057969102049030141e+01 6.435938603324956375e+01 6.844188003732908498e+01 7.062967785091164785e+01 7.891396676596552595e+01 8.808414207449851574e+01 7.965693525005109166e+01 8.231969607978470549e+01 9.073351498904537493e+01 8.081053571330710383e+01 6.081394980955218443e+01 6.667081422018272008e+01 5.736156733244731498e+01 7.736091545183624874e+01 8.240306540311814842e+01 6.706221597827355652e+01 4.709526491883525523e+01 6.706221597858144889e+01 8.240306580075531429e+01 7.387942527848960594e+01 6.802959932464672477e+01 8.215490059509089349e+01 9.752669741637355116e+01 9.029665140865530759e+01 8.029947352982190978e+01 7.201796393543513375e+01 6.534970954230735174e+01 5.957260522385038826e+01
3.582433992925927735e-02 8.980096249928495311e+00 2.052710163372121599e+01 4.052710163372191943e+01 5.125804686920171349e+01 5.954231811666391394e+01 5.888090953363599311e+01 4.473768122393229874e+01 4.692575576654771652e+01 6.692762113807438595e+01 7.473111961286637950e+01 6.665211267205043555e+01 7.473111961286637950e+01 7.880441101139945204e+01 7.030217518942453125e+01 5.873905584129012425e+01 6.147460658350777862e+01 8.231969607978470549e+01 8.909092177341346996e+01 8.081053571330710383e+01 8.564109108269830983e+01 7.150655675575634973e+01 7.736091545183624874e+01 8.337027265195793291e+01 6.339706387887672179e+01 5.311097501036878299e+01 6.339706387888136163e+01 8.337027265574174351e+01 9.385429854907445701e+01 8.800215443377935287e+01 9.166626166833997047e+01 7.751948326556428981e+01 8.487302414610452672e+01 8.992268853304499032e+01 8.807424080596646832e+01 8.051448699290230593e+01 7.222840404987785234e+01
8.338298177320474514e-02 2.008338298177284997e+01 2.958289041239801875e+01 3.492811525064690414e+01 3.125804686920101005e+01 5.028345430997470089e+01 6.028345430997487853e+01 6.473980093789253942e+01 6.692762113807438595e+01 7.148355464413162963e+01 6.343344872438358095e+01 4.806570355723537347e+01 6.530347135481771659e+01 6.668294233375891622e+01 4.911299781805123388e+01 4.631186837007994939e+01 6.147460658350777862e+01 8.231969607978470549e+01 8.224166144017833346e+01 8.447459810652125611e+01 9.287148649471362205e+01 9.149458761490920722e+01 9.734934266244194134e+01 9.164737133071082553e+01 7.940046489971588528e+01 5.942745070528486906e+01 7.940046489940446861e+01 9.164737205286502331e+01 9.428607550971148044e+01 8.842594726272285754e+01 8.337946061768460027e+01 6.337687645818041915e+01 6.486995118541960892e+01 6.991786877290340385e+01 6.807127083388010647e+01 6.896827655546557878e+01 5.223216295838509637e+01
1.813270376062421294e-02 4.732177911670961024e+00 9.582890412397663482e+00 1.492811525064619715e+01 2.199918306251179700e+01 3.199918306251197464e+01 5.199918306251267808e+01 6.818587791439752266e+01 6.022946727435023462e+01 6.343344872438358095e+01 4.461629260224588478e+01 3.893792448765180580e+01 5.685303083422174097e+01 5.051512284607888859e+01 3.670414411625885975e+01 5.806859793015541271e+01 7.590868583719075957e+01 7.602352455091501326e+01 6.139926233062657701e+01 6.368976490715186145e+01 8.390679868180954770e+01 9.310438999413320005e+01 1.048282032591636010e+02 9.352277508836303355e+01 7.355081248753847944e+01 7.355081248753847944e+01 8.767633991165639884e+01 8.923453968424736615e+01 7.427976812836786280e+01 6.842022887699249623e+01 6.911650312734718682e+01 6.440401494047573294e+01 5.073379934770539990e+01 5.577909258250716107e+01 5.393317130498886769e+01 5.760265867604523038e+01 4.069293074817247202e+01
2.351309638313057310e-02 1.157051848017554541e+01 2.958289041239730821e+01 3.492811525064690414e+01 4.199918306251250044e+01 5.028345430997470089e+01 6.028345430997487853e+01 6.022946727435023462e+01 4.164368987271102895e+01 4.708733804002742573e+01 4.492885670003741438e+01 3.115101082704057234e+01 4.353287491903295603e+01 2.929679333227199223e+01 4.931096557535214941e+01 4.615858000935718763e+01 5.558997284465588251e+01 5.943799915351426222e+01 4.616363328610787420e+01 5.439798869242353874e+01 6.401764207920464855e+01 7.611084292016616359e+01 9.650354430249163329e+01 1.018018673357761088e+02 9.352277508836303355e+01 9.352277508836303355e+01 9.509546817620888248e+01 7.508690544478157847e+01 6.094474881759843754e+01 5.428252876222237688e+01 4.912310900806371450e+01 4.441318290691437198e+01 4.366813368722508670e+01 4.423963714334146857e+01 5.140855700539818685e+01 3.761283052199503629e+01 3.313999970599244449e+01
2.372884694381488524e-02 2.002372884694345956e+01 3.157051848017518836e+01 5.157051848017447782e+01 5.154560776792767030e+01 4.296646767649755105e+01 5.154560776792767030e+01 5.835846871189818330e+01 4.708732744479971188e+01 2.832468631631308398e+01 2.945806586365808855e+01 3.976331306641903751e+01 2.268632486772737522e+01 2.542009324348175880e+01 2.821851175001422618e+01 3.115431921263413528e+01 3.425578050155043996e+01 3.801309540382038676e+01 4.355003354938088478e+01 5.082734980179621687e+01 6.052350902166812574e+01 7.110701819016625791e+01 8.567334256821465033e+01 1.059130452654041648e+02 9.962588989246624749e+01 1.054311845332345285e+02 9.509546817621092885e+01 7.508690544478157847e+01 8.094727778702083754e+01 7.427976813041645698e+01 6.911650312734718682e+01 5.808235878571161948e+01 3.809323729545569392e+01 3.424629453072108021e+01 3.142013257972325135e+01 2.867752572659197696e+01 2.608256265658628337e+01
6.296921807001566729e-02 1.420510484180109145e+01 3.420510484180179844e+01 3.873058738418307456e+01 4.130064054748483215e+01 2.256925943306734794e+01 4.130092156712609608e+01 5.033901848023882053e+01 3.127415715661721762e+01 3.166069748442239273e+01 1.779990726019992664e+01 1.962882508565793316e+01 4.024885558459641999e+01 4.638596870773400838e+01 4.309584670203133783e+01 5.237366937083883300e+01 5.558997284465588251e+01 4.379129919826625894e+01 6.496810606411285960e+01 5.883776685238242976e+01 6.825263807101224245e+01 8.888332681306089000e+01 9.994539149784564813e+01 9.389863143517146682e+01 7.994766767259255857e+01 8.571128551909778537e+01 1.033821753134246819e+02 9.509546817621092885e+01 9.487546511440534402e+01 7.486890478207574517e+01 6.072770411858323314e+01 5.073337094137549030e+01 4.423963714334147568e+01 5.423545056127322539e+01 5.140855700539818685e+01 3.362781069173069426e+01 4.294094037050594181e+01
8.175220331382776484e-02 2.008175220331347077e+01 3.287459576382847359e+01 1.870074494484333272e+01 2.590124580391915288e+01 1.371924025151060356e+01 3.276786355478240864e+01 4.126774225063147128e+01 3.295503540922772601e+01 1.531544154540295466e+01 3.534965714623642441e+01 4.024885921297801161e+01 2.481465105682787353e+01 4.562105012983037966e+01 5.997858836378827618e+01 7.286649274585960256e+01 7.219508395657818767e+01 5.101573309385034349e+01 7.219508395657818767e+01 7.976805030136759456e+01 7.976804969208873786e+01 9.724759712851810889e+01 9.906642262870896332e+01 8.571128551909778537e+01 6.607297857872380575e+01 8.571128551909778537e+01 9.680474923255387409e+01 1.007566909207941421e+02 9.255034019731523642e+01 8.901542405740089237e+01 7.577714482346519276e+01 5.577909258250716817e+01 6.423126397887958206e+01 6.177715376550438009e+01 4.178602833373665248e+01 5.361581098377987331e+01 5.122262517182463171e+01
7.631710034972485901e-02 2.007631710034937100e+01 2.269776291740211249e+01 4.562318503087857025e+00 5.892650382126491948e+00 7.232964112326454753e+00 2.724810121897903770e+01 3.060233037121740551e+01 1.292247386055789171e+01 3.289359084167890046e+01 2.947869116786111121e+01 4.953978252356227330e+01 4.562105012983037966e+01 3.032639120870959815e+01 5.134031900389496172e+01 6.633143599304946747e+01 8.067021434553709014e+01 7.219508395657818767e+01 6.613449043820298812e+01 8.682665102467007046e+01 1.001803358580839500e+02 9.333176763063958958e+01 7.937624225865246785e+01 7.876809551481713356e+01 5.908351136529363856e+01 6.893271365949642870e+01 8.860847666707483938e+01 8.937734823485769198e+01 7.288310773197788706e+01 8.937734823485769198e+01 8.406357784727055105e+01 6.732236188142506705e+01 7.332235600925380936e+01 5.332547914012020129e+01 5.332547914012019419e+01 7.006201407266961212e+01 6.121730673916504628e+01
9.124702163186203252e-02 1.385248809522999780e+00 2.697383856227719257e+00 2.269780250193167959e+01 2.590125706246996629e+01 2.704604324381507396e+01 9.179132790476989712e+00 1.057249118957720313e+01 3.060233037121740551e+01 4.123961626133699099e+01 4.953449025880652101e+01 5.788076134566164654e+01 5.998001871054365353e+01 5.134031900389496172e+01 3.654064827396937432e+01 5.772878156008430750e+01 7.377275574388686152e+01 8.418609462488178963e+01 8.682665102467007046e+01 9.520593825287102163e+01 9.816176383556648943e+01 8.514336256625578869e+01 6.547619004810046306e+01 7.254328344353693581e+01 5.280012915188892464e+01 7.254328344424290265e+01 7.952522737517165297e+01 7.135340029914094373e+01 6.151134235904392256e+01 8.119545823923776595e+01 9.561330839845089713e+01 8.732659310577541589e+01 8.160851517899300234e+01 6.486811815197678754e+01 7.332235600927121766e+01 8.160851518858191866e+01 7.691343219739043491e+01
8.187870513261463756e-02 1.955848003179880479e+01 4.831515191696092337e+00 1.652132702607550740e+01 3.683326538711156672e+01 2.551343545113074995e+01 2.919708919801449909e+01 1.975665392214141391e+01 1.442391028369481631e+01 3.442544959255491221e+01 4.678564473375686816e+01 4.848268317722294540e+01 6.859305796646836484e+01 6.633143599304946747e+01 5.156217850002642678e+01 4.400747674053727820e+01 5.473272447470160529e+01 6.970116861476984127e+01 9.029751988283318553e+01 1.039002564167613087e+02 8.418969299683281804e+01 7.032023262833715194e+01 6.046569713792572287e+01 5.296316431689080417e+01 4.782355934086952942e+01 6.266151098802809827e+01 6.328947931994614606e+01 5.160090857398926545e+01 7.135340029914094373e+01 8.937734823485769198e+01 8.960725410808581159e+01 9.173778635049684738e+01 9.315768074595511905e+01 8.487105969193849830e+01 7.892588054152224686e+01 7.064053034033059930e+01 6.397192465406434536e+01
2.239863785106879432e-02 1.500769948214565730e+01 3.330731220644307200e+01 3.642491795893032247e+01 4.515753416460512426e+01 3.965558162235242179e+01 3.835607418180119055e+01 3.835607418180118344e+01 2.596123028105872876e+01 1.846654078676354160e+01 2.844919279632766518e+01 4.848268317722294540e+01 6.024171119839593302e+01 7.185589104325369192e+01 7.261627830144747975e+01 5.911688025951554692e+01 5.473272447470160529e+01 6.970116861476984127e+01 9.029751988283318553e+01 1.035085407266159621e+02 9.507519478437124860e+01 8.831829607794212222e+01 8.014150799089514976e+01 6.694365760521586139e+01 6.266151098713146439e+01 4.285070155417507465e+01 4.348213914554660420e+01 6.328947931994614606e+01 7.056025424994955131e+01 7.869580874090787859e+01 7.008377393303396730e+01 7.222059811139267538e+01 9.173778635049684738e+01 8.478589034994732287e+01 6.478133037969723773e+01 5.063471328153174511e+01 4.396370360885133977e+01
1.991760116496149591e-02 1.416932975267991779e+01 3.427298668520945313e+01 4.433681925054678175e+01 5.262109058801087258e+01 5.966098109854882381e+01 5.887616346323511607e+01 5.431573759242554189e+01 4.598778819526143735e+01 2.999553940331727730e+01 2.293394532308902001e+01 3.185552575728997127e+01 4.340707664243544173e+01 6.351620614839136181e+01 8.008597734881062991e+01 7.999934424880153472e+01 6.970116861476984127e+01 7.196168671100370773e+01 9.251723571140745150e+01 9.169102402068968161e+01 7.456165477028078215e+01 9.169102402068968161e+01 9.480508791198957397e+01 7.661061819511782289e+01 5.688360159858433462e+01 5.817524607807183656e+01 3.835143330269701778e+01 5.446190572276281472e+01 5.083149209616523478e+01 6.597771594016781194e+01 5.615487871880112891e+01 7.008377393303396730e+01 8.960725410808581159e+01 8.478589034994732287e+01 6.478133037969723773e+01 6.397192465406434536e+01 6.397192465406434536e+01
1.766589122093755945e-02 2.001766589122058093e+01 2.831767791128123335e+01 2.433681924993475576e+01 3.813503870474366408e+01 4.416526559645146222e+01 5.123633340859347385e+01 5.952060476731531935e+01 5.836910395727691281e+01 5.003671763195877986e+01 3.705952411317468886e+01 2.791896171255392289e+01 4.794603011381386182e+01 6.297415597771696127e+01 5.993354937430937923e+01 8.008597734881062991e+01 9.029751988283318553e+01 9.251723571140745150e+01 8.966980184146461852e+01 8.121456162318403926e+01 6.279070252432917698e+01 8.323169693520387113e+01 8.040428331426151942e+01 8.478984615573627082e+01 7.661061819512357829e+01 6.635536837309447833e+01 5.446190572276281472e+01 3.462778947750982894e+01 4.023847979445686462e+01 4.623213029346969449e+01 6.597847380137328344e+01 7.466812789017235730e+01 8.286387524239046343e+01 9.307043070334731283e+01 8.478589034994732287e+01 8.397627662800435644e+01 6.878906085400410575e+01
6.490672536223988931e-02 4.147389630000888339e+00 8.317677911142419944e+00 1.278981386614203686e+01 1.813503870439061672e+01 2.416526559594599632e+01 3.123633340781159617e+01 4.278333879160452113e+01 6.278333879345439072e+01 6.547089826805596147e+01 5.373781285619401160e+01 3.367448890378805970e+01 3.456697930369672633e+01 4.351584684289333893e+01 6.363158881023804980e+01 7.124564049603719695e+01 9.139797545473282980e+01 9.569411442747507124e+01 7.521693447454934756e+01 6.081683979600888534e+01 5.516419515945806040e+01 7.444218451315143170e+01 6.002623755013597417e+01 7.444218451315143170e+01 7.734018532143208802e+01 5.761260369214123500e+01 4.359653833161103620e+01 3.211548780570769424e+01 4.880472496126238724e+01 5.698857322301591211e+01 7.141417953207968594e+01 5.492872016914295585e+01 6.985510589825520356e+01 7.804504116258446800e+01 8.791750514861145405e+01 8.512251540342974465e+01 6.511820071191309012e+01
