MOVIE_S12_data/elevation_000925.asc
nrows	50
cellsize	150.0
xllcorner	0
ncols	50
yllcorner	0
NODATA_value	-9999
[rows 17 to 33 of 50, columns 0 to 36 of 50]
5.436832538903087209e-02 2.005436832538867620e+01 2.408708628487946513e+01 7.019493981037733477e+00 2.701765539767653479e+01 3.232605893833873267e+01 1.576967275800987878e+01 3.578459107698185448e+01 4.754671946919486203e+01 3.420134003940121659e+01 5.428160922558113555e+01 7.096142310690019883e+01 7.513277039008842451e+01 7.732023290062190313e+01 8.560211180121413577e+01 8.693590382468626387e+01 9.521684146793573689e+01 8.555342566829035889e+01 6.554901027169579208e+01 6.554901027169579208e+01 7.969421840309260574e+01 7.175456208195245722e+01 6.294463036449923976e+01 4.291750658815701058e+01 6.294463017091496226e+01 5.729937860570649377e+01 3.738589808387333591e+01 5.729937861143336875e+01 6.422356936026758945e+01 5.836726205391373412e+01 7.836194588469179223e+01 8.707761275259363742e+01 6.723824904814630088e+01 5.572320657227860607e+01 4.679065647222039104e+01 5.077183624830944098e+01 6.439051003650432392e+01
9.647730019007895452e-02 2.086551680610061243e+00 4.086551680610069681e+00 2.408707809141225908e+01 1.010556098030549244e+01 1.231419150891156100e+01 1.940235619050734783e+01 3.367304510109727289e+01 5.376301257509183529e+01 4.842011546606043737e+01 4.692572528932701914e+01 6.108079221316185681e+01 8.108303788182226413e+01 8.471862077220198728e+01 7.634574269408355462e+01 7.895657631563904033e+01 8.733651522215993168e+01 9.383942653448920623e+01 8.555342566829035889e+01 8.555342566829035889e+01 8.603827985033144898e+01 6.603385332780543138e+01 5.188381966208940810e+01 6.294463036449923976e+01 7.123129543374191996e+01 6.053631695140634861e+01 4.058248892439988253e+01 5.468063108134745676e+01 7.467319319603102201e+01 7.836194588469179223e+01 8.664769835907016216e+01 9.525065767285880725e+01 8.381463974004471140e+01 7.493134858519077568e+01 5.918973993685932555e+01 3.922949667388999018e+01 4.444983649701533324e+01
9.953738903938927352e-02 2.009952544909534211e+01 1.563520537130485799e+01 3.236819492984723468e+01 2.931302074026020676e+01 2.116160557326857727e+01 3.909252853014601925e+01 3.367304510109727289e+01 5.376301257483968499e+01 6.843250695558133145e+01 6.693931433055314528e+01 7.522271582430187209e+01 7.560345994960218263e+01 7.311104091189461940e+01 5.628597296584253939e+01 5.888556660162938527e+01 7.895657631563904033e+01 7.920914000271729094e+01 8.507350087597829713e+01 9.215219940612789173e+01 9.189778681539598892e+01 7.189301420250521346e+01 6.189105797629989780e+01 8.017907995723743397e+01 7.891219896777128895e+01 6.396241697913049506e+01 4.398499253357220340e+01 5.810530752526007348e+01 7.810159242008454328e+01 9.231178936218439901e+01 9.078806385477733443e+01 8.257966009478131753e+01 8.070949333312482565e+01 7.246445981936676617e+01 6.741043226280312695e+01 5.287775680065789174e+01 3.289218277326413897e+01
3.582433992925927735e-02 2.003582066121245475e+01 3.567379350919341618e+01 4.396277435649471954e+01 3.972215561589791122e+01 4.047651081241173898e+01 4.886865221399882131e+01 5.376301257483968499e+01 6.203104299118389520e+01 6.765901822532229914e+01 5.937301330568539015e+01 5.937301330568539015e+01 5.568606692871840380e+01 6.476060192624450451e+01 4.472293406741156474e+01 6.476422924160166872e+01 7.135378024528682772e+01 5.918182365800240063e+01 6.504768880640121154e+01 7.213061647555161926e+01 9.043363410373358136e+01 9.018114119398859430e+01 7.603544605154627334e+01 8.476996964021022052e+01 6.476822243850718053e+01 5.063405382654119080e+01 6.396241697913049506e+01 5.249383761370320656e+01 6.403421551597969597e+01 8.403564585311109170e+01 8.257966009478131753e+01 6.267425231452605772e+01 6.850441127107937689e+01 5.252233425540073597e+01 5.621103623703061203e+01 6.110898349816722686e+01 4.733475588332335349e+01
8.338298177320474514e-02 1.163038836556562039e+01 2.577252398929632093e+01 4.577252398929560684e+01 5.813276304381366799e+01 5.745809845183916309e+01 6.540317408267780763e+01 5.983608471368848569e+01 6.574105960082968636e+01 5.937301330568539015e+01 3.935569754809434784e+01 3.935569754809434784e+01 4.154266520789227712e+01 5.087220059682682205e+01 3.868542051256338254e+01 5.872061351681783492e+01 5.131466745001304020e+01 4.499910610800709065e+01 5.209707173351144149e+01 6.212011154555072068e+01 7.627702529637294049e+01 9.629830176339307002e+01 9.604111364911639726e+01 9.011628666337267646e+01 7.011220008162140971e+01 5.597336422605204120e+01 7.597126138997361977e+01 7.248798026861828703e+01 6.403421612233525195e+01 8.403587690729916915e+01 8.000284675319238659e+01 6.008697229061992573e+01 4.855993308849642887e+01 4.223726201313410655e+01 3.619791626021977038e+01 4.911771187252683291e+01 4.613454010391699001e+01
1.813270376062421294e-02 2.001813270376026921e+01 3.725205575488258347e+01 4.879906079445806455e+01 5.453863910965489481e+01 3.852731508143936878e+01 5.360258853292637582e+01 3.968145190089615681e+01 4.558460717943807339e+01 5.880531751676982566e+01 4.521462696208286758e+01 2.520338280712030965e+01 4.377222726240958650e+01 3.083441317976841489e+01 5.082222858137928512e+01 5.030379613657277815e+01 3.712494931061954873e+01 5.718398769878657362e+01 7.213061647555161926e+01 7.671779331573219451e+01 8.502455514388108782e+01 8.432596285895702692e+01 9.263610555777013644e+01 9.597598848284178530e+01 7.597126138997361977e+01 6.304110017332796900e+01 8.304300137985173080e+01 8.403587690729916915e+01 8.403587690729916915e+01 9.232161876571561265e+01 8.821394771934970436e+01 7.670390289154224206e+01 6.698263081828655174e+01 5.872650440816054385e+01 4.907821856972284991e+01 2.910668227970336375e+01 2.611768280895183381e+01
2.351309638313057310e-02 8.967785006382209545e+00 2.051479039017452166e+01 4.051479038660128396e+01 4.656391668332020117e+01 2.751723928540523545e+01 3.579365194647446913e+01 2.555576353638084797e+01 4.552497571868121895e+01 4.477470577921872774e+01 3.064496403341306063e+01 1.917208160107487203e+01 2.376110759487687574e+01 4.374429191241130610e+01 4.684853224367891045e+01 3.025098566079958928e+01 5.013296579313827550e+01 5.740586264210602252e+01 6.066762357953879103e+01 5.668481924688942541e+01 7.016143734005329691e+01 6.429429876554341661e+01 8.432596285895702692e+01 9.637181548543289011e+01 9.132947937897195345e+01 7.304016486917609541e+01 9.132947937897195345e+01 1.040413857891799694e+02 9.418814679031865467e+01 8.527356926929495273e+01 7.702005477385839072e+01 7.036433880720788636e+01 5.872815444078636204e+01 3.876446977641958824e+01 3.467132605095940079e+01 3.280277444345443172e+01 4.613454010391699001e+01
2.372884694381488524e-02 2.002372884694345956e+01 2.317177127868086117e+01 2.445720916130550648e+01 3.271790784508917227e+01 3.579347001560498853e+01 1.622022313670257176e+01 1.803615988289819327e+01 3.243397688622231101e+01 3.390104760367620429e+01 1.649900733689094778e+01 3.650799649574675243e+01 2.231529676699369702e+01 2.456576114938787825e+01 2.684516710861315048e+01 4.676136822581585761e+01 3.429610017244269926e+01 3.738911744753287536e+01 4.060350645779876544e+01 4.509812581242894680e+01 5.012268935750866206e+01 5.646793236606002608e+01 6.802817635480919023e+01 8.805934667948072558e+01 1.013322376307315409e+02 9.304583789052711040e+01 1.013322376307315409e+02 1.000204736095867162e+02 8.010380821296926968e+01 6.599777744574616634e+01 5.706988225464647257e+01 5.041532289890412954e+01 4.525652677880535180e+01 5.874143835983983308e+01 5.466311474755152489e+01 3.766599435453111511e+01 5.764474102891568208e+01
6.296921807001566729e-02 2.006296921784215215e+01 3.168758617335937444e+00 4.457071969629668118e+00 2.445206673431724553e+01 2.761098756420120282e+01 9.563105610481695606e+00 1.097734381818611737e+01 1.242834560353153428e+01 1.389490497964740356e+01 3.390104760367620429e+01 4.479696219661179413e+01 4.233414804211963656e+01 4.458882217349608368e+01 3.625413393392501149e+01 5.377957236288038700e+01 4.248963747209587183e+01 5.745479354710553110e+01 6.066762357953879103e+01 4.770843337170917664e+01 6.775524005188162846e+01 7.649434510034842560e+01 6.913126437507617084e+01 8.328924526060117728e+01 1.033483948359242959e+02 1.032749539926918914e+02 9.498326136902413452e+01 1.032749539926918914e+02 9.418814679031865467e+01 8.527356926929495273e+01 6.671140650415682671e+01 7.034634741232846977e+01 5.678598896221178904e+01 6.577229097403163394e+01 4.583537105762759722e+01 5.764474102891568208e+01 5.764474102891568918e+01
8.175220331382776484e-02 1.354321729306124489e+00 2.134828610554542294e+01 2.445662159685195292e+01 6.298222515449581671e+00 7.611289254299003382e+00 2.761152021840884530e+01 3.098247144776090423e+01 2.657364992924326685e+01 3.390100123350968175e+01 1.743091871115377245e+01 3.743307029705780309e+01 4.929565769382493556e+01 6.142319610367973581e+01 5.490659454896319147e+01 6.346385983004118714e+01 5.252776158837915688e+01 7.098440223321465226e+01 7.310944472612784750e+01 5.307584525643495255e+01 7.310944472612784750e+01 9.212565808238358045e+01 8.916443414637799947e+01 9.747731044675325052e+01 1.048220417473749961e+02 9.329103702374118257e+01 7.503617242649787045e+01 8.760621782583071138e+01 9.589016389544039498e+01 9.490139248014058637e+01 8.664885934178848004e+01 8.488681686282136241e+01 7.674220440741054006e+01 7.209671766503247170e+01 5.215419190988118459e+01 7.209671766503247170e+01 7.757532820339693558e+01
7.631710034972485901e-02 1.263815427157315874e+01 2.029507993505114172e+01 3.453285594377832268e+01 2.044537347175333508e+01 2.761152318535219052e+01 1.427829055443716832e+01 3.427632366704327183e+01 4.658210952750391698e+01 3.743306078328370745e+01 3.743307029705780309e+01 2.111378763061911457e+01 3.949034872059502987e+01 5.283133374091702450e+01 6.481439614683337425e+01 8.107867418698330653e+01 7.264799740086120039e+01 8.107867418698330653e+01 8.141441639042712097e+01 6.464370132190096285e+01 6.378637633275982921e+01 7.794312181386519001e+01 9.799239382394480913e+01 9.972587203061453920e+01 9.652907164434832055e+01 7.657696395284939683e+01 6.508838344402415999e+01 6.767794775640078342e+01 8.437257488648042170e+01 8.314893494926180040e+01 9.142805471995040989e+01 9.329603464473512986e+01 9.198306695991703918e+01 7.209671766503245749e+01 6.213636839890055796e+01 8.032608282259089094e+01 7.667188550491346177e+01
9.124702163186203252e-02 2.009123817745906138e+01 3.778921855619726955e+01 4.694871829689157749e+01 4.051714553315719769e+01 3.909861273759861433e+01 1.927863837686357584e+01 3.928204708288303237e+01 5.610344645248431306e+01 5.743721065216803368e+01 4.939495442115775603e+01 4.111033919933877456e+01 2.496315175620327409e+01 3.651047107289739557e+01 5.652214097215410504e+01 7.216829719714368707e+01 8.046992004273259624e+01 8.592820779121369412e+01 9.298449831203120652e+01 8.467386527822225162e+01 7.794312181386519001e+01 9.212565808238358045e+01 9.389728295141692627e+01 7.978188417226408546e+01 9.389728294287476729e+01 9.329103702374118257e+01 7.610062573676175646e+01 5.618125160783747418e+01 6.905806347498474906e+01 6.322143340468099382e+01 8.314893494925577500e+01 7.334920046261849791e+01 8.746675463331922629e+01 9.027436797845413707e+01 8.205706693116431438e+01 9.027436797845413707e+01 8.493179339733322308e+01
8.187870513261463756e-02 2.008187870511093109e+01 3.182771728322249061e+01 3.890089869824868174e+01 4.717890505836278692e+01 4.740439480855023646e+01 3.928204708288303237e+01 2.780666061732481964e+01 4.195057695206363491e+01 6.196482493953363502e+01 5.938411088617623079e+01 3.936782939803731551e+01 2.782035761822420028e+01 4.782770538468143684e+01 5.642469354530158654e+01 5.213063163868257988e+01 6.890045399882438915e+01 6.588058466771967403e+01 8.592820779121369412e+01 1.001279335873912260e+02 9.799239382394480913e+01 9.055214737689772164e+01 8.228420230509439648e+01 6.575182414527948538e+01 8.499690733061436276e+01 8.295712162856489158e+01 7.144345317937070661e+01 6.317837322695372393e+01 4.911906374462374458e+01 6.905806347498474906e+01 7.440831783982793013e+01 5.926425133488019981e+01 7.749566396368255994e+01 8.746675462518939526e+01 9.041670190575165122e+01 7.887075055577166438e+01 7.058198234671814930e+01
2.239863785106879432e-02 5.795901333806392941e+00 1.182612833687239728e+01 1.889719950978599172e+01 3.044456262104344901e+01 5.045246860264983013e+01 5.610344647833417042e+01 4.195057695206363491e+01 4.195057695206363491e+01 6.196482493953066495e+01 6.767912885531224276e+01 5.612107782017872637e+01 3.676425596491349523e+01 3.240832158093788706e+01 3.640783436769608983e+01 4.057765853735022432e+01 4.952456629789479337e+01 6.955939205515319657e+01 7.178014935445385447e+01 9.183037282470721152e+01 9.637293651304085529e+01 7.644845751949324608e+01 6.243107694947675412e+01 5.691336728872008166e+01 7.673652958949546132e+01 7.468559023288830190e+01 5.475450549351802465e+01 4.321710500109317366e+01 5.802436663487669222e+01 6.628985102694143450e+01 5.446928245515616851e+01 4.928531780594745726e+01 5.926425133488019981e+01 7.919149293134751133e+01 8.212075773782571275e+01 6.213501250330202907e+01 5.060053107929619642e+01
1.991760116496149591e-02 2.001991760116460739e+01 3.182771728322434868e+01 3.890089869824868174e+01 4.719064287937724345e+01 5.874372929596657400e+01 6.764071145442603950e+01 6.196482493953066495e+01 6.196482493953066495e+01 7.025631600460478410e+01 7.312949374219063259e+01 5.310335973697162615e+01 5.677822379772880623e+01 4.057327973296040113e+01 4.395702817925417349e+01 6.059954559303450594e+01 4.874450852756299213e+01 5.541606620488146717e+01 6.698448661569368312e+01 8.703642722018727795e+01 9.322013892523901291e+01 8.494388931457989145e+01 6.972798334577608159e+01 4.992542280345948313e+01 6.972798334577284152e+01 7.802160497070985912e+01 7.142812896793824962e+01 5.802033437107095182e+01 3.804870088417893470e+01 5.324926919573328377e+01 4.034053302841345356e+01 5.188187228748682855e+01 7.182135749719171258e+01 8.746675462518939526e+01 7.782258477000392816e+01 6.882224753982202969e+01 5.904568607867271623e+01
1.766589122093755945e-02 8.961937801220173583e+00 2.050894318501289249e+01 4.050894318501359948e+01 5.960398345391112684e+01 5.132773499726535249e+01 4.766147720138675226e+01 6.764071145442603950e+01 7.235706718164630047e+01 6.652675984206058502e+01 6.906934200303783200e+01 7.312949374219063259e+01 6.900399620132803591e+01 5.058456683485615457e+01 5.396428550711222982e+01 7.228458170702539576e+01 6.290653048835182659e+01 7.545943391440843584e+01 8.376133272957547149e+01 9.533564444679278438e+01 8.494388931457989145e+01 6.507642251180762116e+01 6.477734321019710251e+01 4.497042435028299678e+01 5.817508414233113712e+01 5.817508414233114422e+01 6.436145550616427613e+01 6.628561262547842148e+01 5.324926919573328377e+01 3.326647823308270091e+01 4.740490757350159612e+01 6.735871252660187736e+01 8.009114462916760147e+01 8.366870648695433488e+01 6.365044230976710082e+01 4.952328327841387789e+01 4.058329882339210570e+01
6.490672536223988931e-02 2.006490672536188313e+01 3.724620904868307747e+01 4.879321443247579282e+01 5.132773499726535249e+01 3.134142401154988988e+01 5.132773499726535249e+01 6.620151538097515242e+01 5.248042066968693575e+01 4.666223648279731151e+01 4.888218567113483459e+01 6.901902011488685673e+01 7.917292290684571299e+01 6.483532025340078064e+01 6.813153863656124543e+01 8.230428440775864374e+01 8.295404432292153274e+01 8.129045401970167006e+01 8.349492739676394137e+01 9.182070025780811307e+01 8.494388931457989145e+01 6.507642251180762116e+01 5.108956584518753630e+01 4.408560948976828087e+01 3.834374521501312927e+01 5.336527796028681792e+01 4.452713242237784641e+01 5.856557183779857212e+01 5.057895595034260339e+01 3.059398810115722256e+01 4.214147883638301550e+01 5.626392313303445292e+01 7.620577130561979118e+01 8.223036011389970668e+01 7.782708702676443124e+01 6.885838464750764842e+01 5.563540321381108811e+01
