MOVIE_S12_data/elevation_000729.asc
nrows	50
cellsize	150.0
xllcorner	0
ncols	50
yllcorner	0
NODATA_value	-9999
[rows 17 to 33 of 50, columns 0 to 36 of 50]
5.436832538903087209e-02 2.005436832538867620e+01 2.404936763506199782e+01 2.610257780224445767e+01 9.343899692827614345e+00 1.171763170883721727e+01 1.416144960593794444e+01 3.417199212428445776e+01 4.642161328274257670e+01 5.769213604656388839e+01 6.663334545018943800e+01 6.822848409249239410e+01 7.282920431515310611e+01 7.308477368804793173e+01 8.109862896520911590e+01 9.353084807476966489e+01 9.756764274644376655e+01 8.626363215236618487e+01 6.632063229159845719e+01 5.633763087411713144e+01 4.817424482513379758e+01 6.085318179329061650e+01 6.911728289373550638e+01 5.339776280502280059e+01 3.341801444782321795e+01 5.339776280502280059e+01 6.098937795862259748e+01 6.925890554742287009e+01 5.913745957736818326e+01 6.970455263827184922e+01 7.796708553768422689e+01 8.949173084106966769e+01 8.941375565764521127e+01 7.786690761329111865e+01 6.958310963054128706e+01 6.161826350923014672e+01 4.161600801802021721e+01
9.647730019007895452e-02 2.067135872611107317e+00 4.047431201211526997e+00 6.099390027819591609e+00 1.109978949340887588e+01 3.110349137458468505e+01 3.417198891859430887e+01 2.233317644311652472e+01 2.941113404577835411e+01 3.835875869821724393e+01 5.249564870596941546e+01 7.248808989549497994e+01 7.543882125198537381e+01 8.273550554283279723e+01 7.372862437204642561e+01 7.652734197619349743e+01 7.921987310399440219e+01 9.452245275198393415e+01 8.076356877673113388e+01 6.081303158006742393e+01 6.230254445452813883e+01 7.640693115997012796e+01 7.039980223605738274e+01 5.039770839709427719e+01 3.624722336757672281e+01 5.625402109197861478e+01 7.120141806947442831e+01 8.274852885661439927e+01 7.911973525280544095e+01 8.737557319922794363e+01 9.544851521675084882e+01 9.326107887489285986e+01 8.113044996760136485e+01 6.112986981152388921e+01 4.958157921567163129e+01 4.250932766868876200e+01 3.584103252405478202e+01
9.953738903938927352e-02 2.009953738903305620e+01 1.299260674268060534e+01 2.610257780224172919e+01 3.110349137458314317e+01 1.894686586000571182e+01 3.894895069690351619e+01 4.233955909707832888e+01 4.233956793265085139e+01 5.769213604656401628e+01 6.663334545018943800e+01 7.149481471182689063e+01 5.534191308249497609e+01 7.146798512396145497e+01 6.320161647074480271e+01 6.048235653792665545e+01 7.822087070608337456e+01 8.821547003721558156e+01 8.902266092868762826e+01 7.492190003368168050e+01 8.225246589279474563e+01 8.123836253474316038e+01 7.294801563555144241e+01 6.010732361498074994e+01 4.009622579844965173e+01 4.291926280749404299e+01 5.447316038673940142e+01 7.446686149058730564e+01 8.936455224824086940e+01 9.544851521675084882e+01 7.544870528142577371e+01 7.326078971657373984e+01 8.257047463677287169e+01 7.786690761329111865e+01 6.958310963054128706e+01 6.136136975611398725e+01 4.135892867604512446e+01
3.582433992925927735e-02 2.003582433992890444e+01 3.299447509972516457e+01 2.932447051231545743e+01 4.723182912249775711e+01 3.309161305887721483e+01 2.894961465721841165e+01 4.049656288225803280e+01 6.049359026554804331e+01 7.061718395123331504e+01 7.023587530064175155e+01 6.210317957093766239e+01 4.344389442811009872e+01 5.844879090761750007e+01 5.263410724676904806e+01 5.106541916280563242e+01 6.104283306939763776e+01 7.461415824304637567e+01 9.372911996230332932e+01 9.486660468309236194e+01 8.709535592348666455e+01 6.708799541678124001e+01 5.295798069861478297e+01 4.588170180552080524e+01 6.010732361498074994e+01 6.292349277618390602e+01 5.109302607148082132e+01 6.108780568503475905e+01 8.108280928741739046e+01 9.399226834402507791e+01 7.911873878535362792e+01 5.911155816598931523e+01 6.256497602356937193e+01 7.362374402621155411e+01 7.948205591785813340e+01 6.964548495955389740e+01 5.809754674398552510e+01
8.338298177320474514e-02 1.422551860550428060e+01 3.422551860550498759e+01 4.932412286736219897e+01 5.760801529904672691e+01 5.308983692646814490e+01 4.049656288220729294e+01 5.723071870886717250e+01 6.877565564142702215e+01 6.871190861734145017e+01 5.884945392040738454e+01 4.235008750543036626e+01 3.524959780980100987e+01 3.867348805770759412e+01 4.227723074930454317e+01 4.749600243657842213e+01 6.723670633941701169e+01 8.204961752373367290e+01 9.016556830429698266e+01 9.991513342646206297e+01 8.928649611055405444e+01 6.927602594246290835e+01 7.104189251013163187e+01 5.105179298000392407e+01 7.104189251013163187e+01 7.936721262587265358e+01 6.003319089090891936e+01 7.936721262587265358e+01 8.936455224824086940e+01 7.984992436216789713e+01 6.570758038031064530e+01 6.656296751613972162e+01 4.840788681490599288e+01 5.361124663633663090e+01 5.947277141335292328e+01 6.729115879794721877e+01 5.900454225236131833e+01
1.813270376062421294e-02 2.001813270376026921e+01 3.182724267983438082e+01 3.889831049170104649e+01 4.718258173916323983e+01 5.872958712295596229e+01 6.049358834115646744e+01 6.877557848450699396e+01 7.446479117626255118e+01 5.483304565763911853e+01 4.081403712716829801e+01 3.083936115961895652e+01 5.069872654986413352e+01 5.844879090761750007e+01 6.213968687687086145e+01 6.152348544236950545e+01 5.602717135134023607e+01 6.260970048562411705e+01 7.233919898045084551e+01 9.176003606701647186e+01 9.757921820841814053e+01 8.518660423278025462e+01 6.518296107875281109e+01 5.811951526937708223e+01 7.810937530222460623e+01 8.830872004238921136e+01 7.416560695607027753e+01 8.830872004238921136e+01 8.879505798765981694e+01 7.156613256942286228e+01 5.155347287198904382e+01 4.654351222300791591e+01 5.947277141335292328e+01 3.945336213099084688e+01 5.239484177950010491e+01 4.989418868742585289e+01 3.899338866942034088e+01
2.351309638313057310e-02 5.797015788279412440e+00 1.182724267983473787e+01 1.889831049170033950e+01 3.044531587549305840e+01 5.044531587549376184e+01 6.173462443574944558e+01 7.002155763472107708e+01 6.845376997049977774e+01 6.479685801171537207e+01 4.792016925050126019e+01 2.804336817902821011e+01 4.792016925050126019e+01 6.223199681904656444e+01 7.360081192502701697e+01 8.102964171390250669e+01 7.556964517769714007e+01 8.204961752373367290e+01 9.016556830429698266e+01 9.991513342646206297e+01 9.348745379695678537e+01 9.347982252788504809e+01 8.518660423278025462e+01 7.224640688812857547e+01 7.224640688812857547e+01 9.226383316330047535e+01 9.417648567605114351e+01 9.465379663809692090e+01 7.465469999200793438e+01 6.050806175654558672e+01 7.156613256942286228e+01 5.988981578821308460e+01 3.986596618385504343e+01 3.539648261917537297e+01 3.238961704290589694e+01 2.989662419130501547e+01 2.745779719498019844e+01
2.372884694381488524e-02 2.002372884694345956e+01 3.182724267983509492e+01 3.889831049170104649e+01 4.718258173916323983e+01 5.843547812529935470e+01 4.164157471732226412e+01 5.843547812529935470e+01 4.762890816049350207e+01 5.665259665079621954e+01 3.684655970526080893e+01 2.532724458019636060e+01 3.425483014119245695e+01 4.575301593532935129e+01 6.546982653018439180e+01 6.849804114228724927e+01 7.179214756017994148e+01 7.533725438181991763e+01 7.672351707758470241e+01 8.491008427335306408e+01 7.379073888965254469e+01 8.774870756006470174e+01 9.656494387715154915e+01 9.226383316318685957e+01 9.226383316330047535e+01 1.005576277194206511e+02 1.073009010315998353e+02 8.730407318690379270e+01 7.316164401862826594e+01 8.051229978204219151e+01 7.559922336605535520e+01 5.558845669616535190e+01 4.142655656496410899e+01 5.541234687619478905e+01 4.653230438448790807e+01 4.989418868742585289e+01 4.745109716527876742e+01
6.296921807001566729e-02 1.476116433561099406e+01 3.444992055762015326e+01 3.533037729070723287e+01 3.762946798725081976e+01 4.625143535608714274e+01 2.980033610212896633e+01 4.549131900275978069e+01 3.330318423492106916e+01 3.705127546850518883e+01 3.925156429371875078e+01 2.281485596611676669e+01 4.271317765060690874e+01 5.955613024040187042e+01 5.135892962260547989e+01 4.870816870776254603e+01 5.202750906018251698e+01 5.559893496561218740e+01 5.700824048852207682e+01 7.027919442363580060e+01 5.987269274118173001e+01 6.868556204952294308e+01 8.257551900734642913e+01 1.023153946583886409e+02 1.056976739555509539e+02 1.056976739555509539e+02 1.140243537764108481e+02 1.014427555687050386e+02 9.316100846039525152e+01 9.180188551160827615e+01 8.285751870948811870e+01 6.604240426621555571e+01 4.602228775392539717e+01 6.604240426621527149e+01 6.654825906845819361e+01 5.847928530735268993e+01 3.846877400126329150e+01
8.175220331382776484e-02 2.008175220331347077e+01 2.331042887872946778e+01 1.148099065177079225e+01 1.925244777021596221e+01 3.822536246885524491e+01 2.140808406638514327e+01 2.550894384043415641e+01 3.360952864230632287e+01 1.695204768922172178e+01 1.934761335608180133e+01 3.925156428600960368e+01 5.088710097704487367e+01 4.706483460529861418e+01 3.144803013744277109e+01 3.461022925859596455e+01 3.794474062660930258e+01 4.153821711521151627e+01 4.553718704327992128e+01 5.052600407032679186e+01 6.195877591517867700e+01 8.164509747650528482e+01 9.656494395915436257e+01 9.979288601375807843e+01 8.556144549277090050e+01 8.556144549277090050e+01 1.056976739555509539e+02 1.093450862113034390e+02 9.766099451443653834e+01 7.766269123903461491e+01 6.351731418891186109e+01 5.456488242837199465e+01 5.603810458164699071e+01 7.432696790191636182e+01 7.262920919378569806e+01 5.261819492704507439e+01 5.261819492704501755e+01
7.631710034972485901e-02 2.007631710034937100e+01 3.280172492715267119e+00 4.610396267854867780e+00 2.369329775363205215e+01 2.780190385279083287e+01 1.527523652936717724e+01 1.138001032770123189e+01 1.367318432855172539e+01 3.307883063379671995e+01 3.805082554493213109e+01 4.020569913252162308e+01 4.299715062731721815e+01 2.713733424551202233e+01 4.125295219148117098e+01 5.450448814501812222e+01 5.202750906018251698e+01 5.303455101182255760e+01 6.534089683180286556e+01 5.956723051818737957e+01 7.027919442761154301e+01 8.983858677079801680e+01 1.040529824510842047e+02 9.145921026199756909e+01 7.135744833934681708e+01 9.145921026199756909e+01 1.034413091433212486e+02 8.920327930129546701e+01 1.034413091433212486e+02 9.180188551160827615e+01 8.285751870948811870e+01 6.612078180114704651e+01 7.018864399920562391e+01 8.432947939117096325e+01 8.091338326679110082e+01 7.262920919378569806e+01 7.262920919248327323e+01
9.124702163186203252e-02 1.407144788162648208e+00 2.100214974558165082e+01 2.460565823796687113e+01 6.530892249364561586e+00 7.902230785312531758e+00 9.297793887858542661e+00 2.929645440847285798e+01 1.419328742553008205e+01 1.618928217545462900e+01 1.820952704390014532e+01 2.027223521220224001e+01 2.306219651422480155e+01 4.299715062742098581e+01 5.526968505278133392e+01 6.928641791408149686e+01 7.179214756017994148e+01 7.278046175834940357e+01 8.096416748309334821e+01 7.350644464664468103e+01 8.747117037954349428e+01 9.819895767481534676e+01 9.572342938589881101e+01 7.561733815247191615e+01 6.502592643324075539e+01 8.510247499810377292e+01 8.349021692936008776e+01 7.498930545410094339e+01 9.510267795988671935e+01 9.031493918750032890e+01 9.440415916808456132e+01 8.612263431799853208e+01 9.018931306868201148e+01 9.186207720659874099e+01 8.186174420829883047e+01 7.357692125943688666e+01 6.601761011161828208e+01
8.187870513261463756e-02 2.008187870489202709e+01 2.955013050239027095e+01 2.675653668518120298e+01 2.698461474757692358e+01 1.686421903011472878e+01 1.464792939798377347e+01 3.436738156007213263e+01 3.463486906836787682e+01 3.034065271161081512e+01 3.231348716532515652e+01 4.020569913744373736e+01 2.478783835068821517e+01 2.904630875990688210e+01 4.889262087475167107e+01 6.009077634627875142e+01 6.824730768575440720e+01 7.703189098825011172e+01 8.838217233137527273e+01 9.321777723599997501e+01 9.571589091825791229e+01 9.351345553076487249e+01 9.352166057187825743e+01 7.341891752136659477e+01 5.925234454821983832e+01 7.402818852559600771e+01 6.341822358511622326e+01 8.349021692936008776e+01 8.440739846852943629e+01 7.017131739084767617e+01 7.607124761743007468e+01 9.620425133051475086e+01 9.771936401786228998e+01 7.771901050269732991e+01 6.357686409771290670e+01 5.357686387935065397e+01 4.601757441135346482e+01
2.239863785106879432e-02 1.416453426158214413e+01 3.416453426583502306e+01 4.732642339231138351e+01 3.702158047072831693e+01 3.110212812353095657e+01 3.436738156007213263e+01 2.312423561733605482e+01 4.270700547666561420e+01 5.083580635646823254e+01 5.220199159426233138e+01 4.962116774685679133e+01 2.978201789124589638e+01 4.889260130114287506e+01 3.553150731351524172e+01 4.037675789952451311e+01 4.925259945687977137e+01 6.057977460368690714e+01 8.016874019531985596e+01 9.571589091825791229e+01 7.560723950941459748e+01 7.340869891814568859e+01 8.762920352206603525e+01 7.457997658143507635e+01 5.454183492704676439e+01 5.399111836625804273e+01 7.401468879957293723e+01 7.921029861029529684e+01 7.065739683428120088e+01 5.593727872763680153e+01 7.607124761743007468e+01 8.520767304456106217e+01 8.741266306788233464e+01 9.024999491112862415e+01 7.024976072105729941e+01 5.610761910895116245e+01 4.456061356785139793e+01
1.991760116496149591e-02 2.001991760116460739e+01 3.537300524395326562e+01 4.431727796863243896e+01 5.711704686918264429e+01 5.117940584843206864e+01 5.090200591286504306e+01 3.292674803930071903e+01 3.695822750095273079e+01 5.658578323270346289e+01 6.881594603671365462e+01 4.915791650814486502e+01 3.512498247292285214e+01 5.491866554775558740e+01 5.530942456031736754e+01 6.009077634627875142e+01 5.028914217374463647e+01 6.160949940677046754e+01 8.120707751515105599e+01 9.351345553076487249e+01 7.340869891814568859e+01 5.923995854878553047e+01 6.984214991279512219e+01 7.816589291104557446e+01 6.824335814389289112e+01 4.822491936213741326e+01 6.824335980409621527e+01 6.736039613730397946e+01 5.054060221028026234e+01 4.842536986806366173e+01 6.846383547418562898e+01 6.506561054060078675e+01 6.726857503230638713e+01 8.741266306788233464e+01 7.870285431763542761e+01 5.870275044777692841e+01 6.236991674009107101e+01
1.766589122093755945e-02 7.088733703086443683e+00 1.603300561308575922e+01 3.017514123681828409e+01 5.017514126256671148e+01 6.199845935887904602e+01 6.073300901444385147e+01 4.669107989380656676e+01 5.658578323270346289e+01 6.484578432477728427e+01 6.882321026034973954e+01 4.915921454917597799e+01 4.915921454917597799e+01 4.915921454917597799e+01 6.882321026034973954e+01 7.806895453673435270e+01 6.414511118274280932e+01 7.806895453673435270e+01 8.942429886525644633e+01 9.465418632423747169e+01 7.455267852356747937e+01 6.038028570931868444e+01 4.981691419275374244e+01 6.858188611732903439e+01 6.026917547956480092e+01 4.484941501232468397e+01 6.485973469417128001e+01 5.902009687307218400e+01 3.915580617070607161e+01 5.902009687307248953e+01 6.093815285346345689e+01 5.091122164599944711e+01 6.506561054060078675e+01 8.520767304456106217e+01 8.698785048985820367e+01 7.870285431763542761e+01 7.065455834471762842e+01
6.490672536223988931e-02 2.006490672536188313e+01 3.537300525676966600e+01 4.431727794224420336e+01 4.566852772922958792e+01 4.199845930815993000e+01 6.199845926737869206e+01 6.648048706087246273e+01 7.016847966212017695e+01 7.845853671917554095e+01 7.700418679464019078e+01 6.882321026034973954e+01 6.882321026034973954e+01 6.882321026034973954e+01 7.700418679464019078e+01 8.848311133004176554e+01 8.376761852297087785e+01 8.583400068092412027e+01 8.323887043382117668e+01 9.152314238265309143e+01 7.824137393352907566e+01 5.818780891083216034e+01 4.405094490334686697e+01 5.739122291358962258e+01 4.026737799872069701e+01 6.026918047597044392e+01 7.317651692532096774e+01 5.405365355046423304e+01 3.424607593047612397e+01 5.244790350546163893e+01 4.102675318011429795e+01 6.093815285346345689e+01 7.433202320501679594e+01 8.266044826740295548e+01 9.262687271252828225e+01 8.434388010400120095e+01 8.220184124210085486e+01
