MOVIE_S12_data/elevation_000558.asc
nrows	50
cellsize	150.0
xllcorner	0
ncols	50
yllcorner	0
NODATA_value	-9999
[rows 17 to 33 of 50, columns 0 to 36 of 50]
5.436832538903087209e-02 2.005436832538867620e+01 2.478509298618421042e+01 7.835064391323753874e+00 1.004369491281581439e+01 1.229387071452612723e+01 1.461882348714828872e+01 1.708065327922551191e+01 3.707853098286928883e+01 3.722258357816241414e+01 5.721838749572394534e+01 4.623092580328924583e+01 5.915288426708123382e+01 6.518164578667524722e+01 7.184680562788813063e+01 7.940433989802353665e+01 8.768759199242839486e+01 9.471504671975687017e+01 8.643084229295359933e+01 8.686337067922687538e+01 7.763954299194185182e+01 6.912300513844483874e+01 5.073746004221958117e+01 5.073746002417794898e+01 5.842111029601135641e+01 3.812021209226828233e+01 5.842112085551482892e+01 6.865210680361897744e+01 7.110445210063710419e+01 5.053756428902926956e+01 7.110445210063710419e+01 8.397763117864283799e+01 9.465390765218468516e+01 8.461841470136427290e+01 7.629424047599191283e+01 5.994485596625660406e+01 6.361638717643450036e+01
9.647730019007895452e-02 1.423861292392115452e+01 3.423861292392185618e+01 1.942597543040483998e+01 3.004226544621306871e+01 2.380917634643997971e+01 2.355838611815639894e+01 3.675667774316979575e+01 2.777062756445274871e+01 4.777038795633148993e+01 6.550116873539799656e+01 6.622608194337264820e+01 7.450899728158448454e+01 7.474388043890652966e+01 7.387134446788620323e+01 7.389023514935961146e+01 8.216370891007835553e+01 8.316542987170382162e+01 6.642437871737503485e+01 7.662687447681790331e+01 8.491202520412308274e+01 7.975554987770087223e+01 6.521399137317037287e+01 7.125455248206186809e+01 6.207975647221115167e+01 4.170933605393013011e+01 5.604345968629656483e+01 7.665266550529409528e+01 7.961761973497991107e+01 5.966367972628733440e+01 6.731233907434592822e+01 8.797742011459415323e+01 9.113243426234703293e+01 9.946637959560044351e+01 8.827692389540935380e+01 7.995282763642958912e+01 7.504063459692980587e+01
9.953738903938927352e-02 1.424167301277046427e+01 3.424167301277116593e+01 3.990715765009548477e+01 4.828074288489236210e+01 3.773308865756044383e+01 3.762243845628110961e+01 4.330905709739023024e+01 4.191102694149986974e+01 4.409915396743229365e+01 6.410550593329531921e+01 7.378746982221960593e+01 6.816110967548623023e+01 5.298967667108903612e+01 5.394883925966926341e+01 5.397186755908001743e+01 7.389023514935961146e+01 7.421917393679296993e+01 5.487488458658626911e+01 5.662139994454588532e+01 7.076757035369536197e+01 9.077248595692901745e+01 8.583782551655946236e+01 8.062981632010270516e+01 5.996393728442937032e+01 4.555918278988833237e+01 5.728317907069329351e+01 7.794722652767661941e+01 8.884582403837126208e+01 7.161679734279744025e+01 8.797742011459415323e+01 8.788190944026185036e+01 7.109033877452044692e+01 8.788190944026185036e+01 8.217115957164821793e+01 7.385713799855209061e+01 7.385713799855209061e+01
3.582433992925927735e-02 2.003582433992890444e+01 3.382111691322746339e+01 4.210535869290384881e+01 5.365226863913715505e+01 5.701572243674116436e+01 5.754546034895104611e+01 6.281187295814121541e+01 6.191095830000728739e+01 6.410550593329531921e+01 6.784636579795400735e+01 5.347626312691814832e+01 5.854257566234544186e+01 3.916241151042828506e+01 3.984233760059557028e+01 5.980582235610591368e+01 6.714942590728382754e+01 5.886479362714237595e+01 4.594018182813486106e+01 6.593349853973312236e+01 7.662687447681790331e+01 9.663014997063555711e+01 9.103290184292592357e+01 7.034263257062957564e+01 5.842103711962142398e+01 5.058073338024164656e+01 7.116219968311403932e+01 8.644513546019628336e+01 1.007320942112750970e+02 9.230398439175085912e+01 9.204893030542811516e+01 7.200314905050134939e+01 5.956460016118997913e+01 7.956112503732619246e+01 7.385713799855209061e+01 5.385212127452135178e+01 5.385212127452135178e+01
8.338298177320474514e-02 6.750049648439842009e+00 1.382111746030525445e+01 2.536812284406143192e+01 4.536812011851013438e+01 4.745776339734878491e+01 5.351409045017646804e+01 5.913534086205220319e+01 6.485126101029705126e+01 6.018488469113734141e+01 5.942527783389033402e+01 3.971979300181103412e+01 4.696243494043609701e+01 3.184421016967307949e+01 3.269350898502880653e+01 4.838083046252355501e+01 5.254652213894625135e+01 3.888466484914106047e+01 5.886479362714237595e+01 7.421917393679296993e+01 8.075993283066448214e+01 8.906844999304701105e+01 9.947234474790475645e+01 8.758015889163512213e+01 7.806801233076161850e+01 5.735057335564385284e+01 6.354601445860642883e+01 7.822562240913637766e+01 9.885497752081209910e+01 9.555017135443526399e+01 8.616206144574914561e+01 6.613833550793734162e+01 5.201510119684268574e+01 7.200314905050134939e+01 6.647903730861101224e+01 5.971145501523966459e+01 3.971626638803760301e+01
1.813270376062421294e-02 2.001813270376026921e+01 3.382111691322588598e+01 4.210535753363450340e+01 4.169147124350807587e+01 2.739943068576812735e+01 3.327435773447517420e+01 3.912904117521472358e+01 4.496493461240689271e+01 3.997200581242095296e+01 5.003049488770900410e+01 4.696243494043609701e+01 2.768661466899327550e+01 2.374388317554301153e+01 2.598334860027495807e+01 2.839491000999525738e+01 3.256856668076754602e+01 5.254652213894632240e+01 6.170694396910101176e+01 6.654903736426791738e+01 6.100940320928454241e+01 8.013810193305228324e+01 9.204350912488945369e+01 9.271023971132044039e+01 7.200300390808955342e+01 6.930211701776742927e+01 8.426782062984079857e+01 9.274119709010290080e+01 9.555017135443526399e+01 7.548653975889050116e+01 7.916828475567943713e+01 6.645946201720957447e+01 4.647222780777056528e+01 6.063365942259564889e+01 4.648292734818356564e+01 4.948213243128228811e+01 4.668026683910989760e+01
2.351309638313057310e-02 1.416564872447266410e+01 3.416565454228127408e+01 3.410988433108479967e+01 2.580864181736632190e+01 1.436757324057566088e+01 3.327403482969023685e+01 2.515939064949186488e+01 3.267036489719066594e+01 2.581404119480592385e+01 3.003185536269380052e+01 3.787025554597069288e+01 2.070780126176409297e+01 4.071378180085820730e+01 4.597480837914357465e+01 4.838083046252576480e+01 3.271146862168575353e+01 3.708550225028254488e+01 4.159167503379936193e+01 4.637732342534098251e+01 5.437520169461493680e+01 5.700352394897407038e+01 8.343720042173013951e+01 1.011416996053640815e+02 9.271023978194720883e+01 9.004244985959428504e+01 9.848710309131617180e+01 1.021945640680100240e+02 8.210751130384890928e+01 7.916828475567943713e+01 5.916499840471632865e+01 6.129879775742033132e+01 4.131033970735301608e+01 5.233961027436306068e+01 3.233701286953050413e+01 2.947280983838652091e+01 2.666636917448482436e+01
2.372884694381488524e-02 2.002372643267854713e+01 2.262510975795151325e+01 2.391629031555157781e+01 5.799540987815682946e+00 7.143117726731931683e+00 2.714301864181901891e+01 2.549135523303266737e+01 1.267121164048719173e+01 1.426483334068408482e+01 1.588475892099158315e+01 1.786379999339535729e+01 3.787025554597069288e+01 4.071378180085820730e+01 6.070871600748819219e+01 6.097208056132524234e+01 4.424125947460915143e+01 3.950929313474663473e+01 5.937973903696134670e+01 6.654903736426791738e+01 5.562851729354061092e+01 6.564537948084910113e+01 7.908226648303069339e+01 9.967269132362139317e+01 1.073574675374960918e+02 9.907179043847011712e+01 1.073574675374960918e+02 9.629801000292323465e+01 7.622961428585448118e+01 6.210304037193034787e+01 5.395089352028705321e+01 4.763188386166982724e+01 5.665152490422919840e+01 3.665803421084952873e+01 5.233965235824089746e+01 3.423913313386766788e+01 4.668026683910989760e+01
6.296921807001566729e-02 1.343024465723050787e+00 2.625027462457643512e+00 3.915101292206568218e+00 2.390650525671816951e+01 2.714231226228024596e+01 9.086304468477164775e+00 1.046471495133427787e+01 3.045820883951513736e+01 3.426673004749076057e+01 3.588932126095531316e+01 2.005455158892550216e+01 3.987232694129438215e+01 4.418675181475273916e+01 6.411927176292961406e+01 7.251463104576953356e+01 6.422971662919393054e+01 5.094741347874653314e+01 4.747441369613790840e+01 6.724656817874640069e+01 8.110765142262820859e+01 8.480304555838789327e+01 9.378029248867139245e+01 9.735383059473056733e+01 8.906734995046765846e+01 7.906290946246494400e+01 9.735383059473056733e+01 9.910825019198789221e+01 9.043177323211786245e+01 7.394072024425916823e+01 7.394072024425916823e+01 5.916499840468607374e+01 5.298104789267437553e+01 5.665156973970758969e+01 5.978483127431839250e+01 3.979203270957553684e+01 5.978483127431839250e+01
8.175220331382776484e-02 2.008175220306939224e+01 2.262510988543611390e+01 9.785808633946391666e+00 1.286672486614085997e+01 3.279039017007725221e+01 2.908156704351223354e+01 3.045820967765757459e+01 1.477383288603979672e+01 3.477080395995426443e+01 4.813292034885011361e+01 3.987232694129438215e+01 2.441587869178263404e+01 4.418675181475274627e+01 5.713225028919451631e+01 7.126616769882821245e+01 7.916021449204716021e+01 7.089850996246354953e+01 6.140966227031699276e+01 5.705617983204829358e+01 6.830598622542458997e+01 8.817780822624911252e+01 9.636290679762174705e+01 8.580315621738064635e+01 6.906057218518355967e+01 6.906057218518355967e+01 8.755674140260802574e+01 7.910045006470349449e+01 9.324713602631273091e+01 9.399405911658388391e+01 8.748803240371447032e+01 7.916828409432874025e+01 6.711503209408945736e+01 6.978151814117018148e+01 4.978817079232106124e+01 5.978483127431839250e+01 6.808482343741231091e+01
7.631710034972485901e-02 1.550165140388096141e+01 3.441968735007581870e+01 3.617375555895380046e+01 3.278550477081223846e+01 2.430846517292977182e+01 4.437707156612243864e+01 3.789410227627932670e+01 1.789492642885005935e+01 3.789410227627932670e+01 5.091974538643244586e+01 5.245780641305958625e+01 4.418675181475248337e+01 2.910159576362521250e+01 4.299833287956087702e+01 6.225918811058361513e+01 7.685836342520248365e+01 8.518221268996417450e+01 8.133810558517231470e+01 6.830598622542458997e+01 8.494058495838106637e+01 9.641676049931051296e+01 8.807662253244036776e+01 6.807236429008196410e+01 5.751741988056863875e+01 7.751643142206378911e+01 6.755221571537634873e+01 6.495680927173685859e+01 7.910045006470349449e+01 9.910825019198789221e+01 9.857250044227809838e+01 9.547661089647958477e+01 8.394157159197270346e+01 6.391623195791991918e+01 6.978151814117018148e+01 7.809102848583552259e+01 7.545727489185472336e+01
9.124702163186203252e-02 2.009124702163150644e+01 3.731042186259475102e+01 4.885742724638747347e+01 5.264916955033422852e+01 3.851406763660755672e+01 5.264916918875047713e+01 3.422461576264629457e+01 3.789410227627932670e+01 2.274587782773129163e+01 4.229370947628239463e+01 5.587150036493005700e+01 5.713225028822376572e+01 4.883887257262046688e+01 3.417779295170691967e+01 5.394195806037338770e+01 5.670302178208599031e+01 7.480015391486863052e+01 8.489359601745988471e+01 8.817780822625009307e+01 9.641676050609187598e+01 9.810990059684453968e+01 8.982564791350802125e+01 7.174321407355951408e+01 5.175292918456948144e+01 6.488660292344462732e+01 5.341897114506685540e+01 6.755221571531797053e+01 8.755674112317517199e+01 9.271327106949783570e+01 7.856992860328000461e+01 9.271327106949783570e+01 9.226785331594996364e+01 8.394157159197270346e+01 8.133572019900717009e+01 6.124632143461906253e+01 5.535982635413516562e+01
8.187870513261463756e-02 9.026150615131850685e+00 2.057315599892456959e+01 4.057315599892527302e+01 5.376944938104927729e+01 5.853195281960552876e+01 6.250400320708718027e+01 5.422144487718048111e+01 5.102679260526537064e+01 4.274435533495642403e+01 2.799927289911179429e+01 4.214141110461936535e+01 6.214616242007819125e+01 6.098679518772927821e+01 4.106098676729684627e+01 4.049165495194213094e+01 4.637431192529987811e+01 5.634502928190680393e+01 7.065951350033614631e+01 9.083325922904172955e+01 9.061174248646209151e+01 8.982558730489287768e+01 6.982111187882433967e+01 7.568032027173723009e+01 6.488660292344462732e+01 4.490755421117041379e+01 5.643555108559617395e+01 7.057151375855031006e+01 9.057689458703296737e+01 8.376701916352108412e+01 6.442273852498890108e+01 8.255437770970209499e+01 9.083929875751518068e+01 9.120089466916249421e+01 7.545760916572490373e+01 5.535982739097254779e+01 4.115950638252650151e+01
2.239863785106879432e-02 2.002239863785071350e+01 2.908036349038187396e+01 3.408035905621823503e+01 3.376950557725902513e+01 4.629392333912414159e+01 5.457824027189247573e+01 6.457820317036974700e+01 6.614736961289473527e+01 4.614133364881178778e+01 3.199947187271479976e+01 4.614133364881178778e+01 6.614736961289473527e+01 6.932525522481658697e+01 4.985555677154487597e+01 6.040159588616766229e+01 5.670302178208599031e+01 5.902664602998271448e+01 7.924189254317627729e+01 8.457375364403181095e+01 7.020193996797252112e+01 8.457325775810969049e+01 7.568032027173723009e+01 5.568597331241853965e+01 4.813842210052634840e+01 4.148369766756044186e+01 6.146022431967788435e+01 7.795521668570400209e+01 8.786234011286246925e+01 7.548167704849073800e+01 5.547596942357083805e+01 6.254921469955184676e+01 8.255437770970209499e+01 8.289796659481048380e+01 6.280495707863744315e+01 5.119540063016197706e+01 6.124633138599009641e+01
1.991760116496149591e-02 4.492053556164521844e+00 9.080368233575716985e+00 1.408036823357567435e+01 1.962737019582786857e+01 2.629403686249441918e+01 3.629403686186822853e+01 5.629403086479408103e+01 6.614736961289473527e+01 4.614133364881178778e+01 4.614133364881178778e+01 3.955730936021129907e+01 5.370197598708014652e+01 7.370950463423294252e+01 6.144947553060669776e+01 7.832950977159562456e+01 7.095405494930471946e+01 7.333903029469776413e+01 8.756118985633220575e+01 7.540559924812004056e+01 5.558354762462657561e+01 7.540558762557196815e+01 7.433564035906331924e+01 6.620596216867269845e+01 5.813080321222649616e+01 3.815344317313844158e+01 4.968351503025236582e+01 6.967001361865432330e+01 7.957723987723382209e+01 5.957245553125630266e+01 4.840389864433439726e+01 6.254921469955185387e+01 8.255437770970209499e+01 8.769558431715812219e+01 6.761182333348357076e+01 7.129726214181832233e+01 7.613852160963004678e+01
1.766589122093755945e-02 2.001766589122058093e+01 2.908036349038187396e+01 3.408035905621823503e+01 3.962735349403931906e+01 4.629403386333115833e+01 5.457824027189247573e+01 6.457820317037072755e+01 7.443115497438392936e+01 6.614736961289473527e+01 6.614736961289473527e+01 4.955769738141950853e+01 5.024849095559070378e+01 7.025709324853548310e+01 8.166167509329312679e+01 8.997501076601955106e+01 9.111262502414946596e+01 9.349266264027311024e+01 8.148401714146612562e+01 6.095645650242034463e+01 4.658189558535188723e+01 5.785151090600536605e+01 6.560672548072291477e+01 4.710290183082383919e+01 5.139565722213198029e+01 3.529699903759046009e+01 4.942294496780304058e+01 6.940958032792804033e+01 6.520323664548152465e+01 5.691737365912958069e+01 4.323874421025929138e+01 6.324340185654670421e+01 7.853895685500948787e+01 8.854121290552255630e+01 8.769558431715812219e+01 7.946023430757328754e+01 7.119343606852844175e+01
6.490672536223988931e-02 2.006490672536188313e+01 3.056142731836679260e+01 3.659165420992252393e+01 4.366272202178812023e+01 5.194699326930255978e+01 6.349399865323351833e+01 7.147576256281699614e+01 6.319084214025262725e+01 7.147576256281699614e+01 7.784971409659947028e+01 6.370714960311876496e+01 6.439799772893611873e+01 6.658653489608647646e+01 8.658920498804440058e+01 9.087037800274794108e+01 8.257978384226818491e+01 9.087037800274794108e+01 8.222981983320180177e+01 7.201682718549558615e+01 5.785151090600536605e+01 3.795201092405572041e+01 5.022044920732766116e+01 4.775803745216564522e+01 3.141237257140771533e+01 5.139565722213198029e+01 6.355866733303797389e+01 6.042112503910409060e+01 5.213514666747469306e+01 3.691188285047986284e+01 4.268757200441795874e+01 5.024842835038390376e+01 6.025056058359471223e+01 8.025619412186921409e+01 8.527523182546009650e+01 6.536056528343947036e+01 5.131973799194253871e+01
