MOVIE_S12_data/elevation_000649.asc
nrows	50
cellsize	150.0
xllcorner	0
ncols	50
yllcorner	0
NODATA_value	-9999
[rows 17 to 33 of 50, columns 0 to 36 of 50]
5.436832538903087209e-02 2.005436832538867620e+01 3.164348268398213904e+01 5.164348268398142494e+01 4.464024924997687549e+01 4.502285615604694868e+01 3.091297891667834818e+01 2.949484425891676764e+01 4.236549430619533041e+01 3.870408182263565777e+01 3.973701681071557346e+01 5.126950361225894426e+01 7.118981029189383491e+01 7.565450708460198825e+01 8.383080252592392867e+01 8.878200384773390397e+01 8.523004186564132567e+01 9.099905329987281277e+01 8.664627899595865301e+01 6.667204420556510058e+01 5.259273146600087756e+01 4.595485132913680104e+01 3.993688255507208140e+01 3.575642014567213067e+01 5.569893471864232737e+01 6.815420846361818974e+01 7.625775821622538331e+01 6.801218458113248744e+01 6.218624395669013438e+01 8.207724945024158103e+01 8.675415255645953039e+01 9.500842321152804004e+01 8.584047980005358625e+01 6.559924792362306789e+01 5.392349119426493331e+01 4.506863043347755138e+01 4.977315469578433493e+01
9.647730019007895452e-02 1.164348268398249431e+01 3.026351518397947871e+01 3.603701787587242933e+01 4.270368454253271295e+01 5.098795575437441840e+01 5.088049763986619212e+01 4.946733918067199909e+01 4.946733918067199909e+01 5.282227605114574942e+01 5.385569426032325424e+01 6.793569638891175089e+01 7.943655815621603722e+01 8.899767307395718774e+01 8.082315433700385654e+01 7.946003960208048511e+01 6.551554550042573055e+01 7.128978779811986044e+01 8.883460859144543065e+01 6.885626839282286937e+01 7.252236212665911808e+01 5.621161897280254749e+01 5.987174924276887822e+01 5.569893471864232737e+01 3.997290120931478441e+01 5.989354961617492989e+01 7.338603294217573136e+01 8.164320228051549577e+01 8.207724945024158103e+01 9.032927277132135657e+01 8.918780210706546541e+01 8.090361306168146882e+01 8.455195744822071902e+01 7.998792564211211698e+01 5.976099387152980569e+01 4.563605625038927371e+01 3.592623020078139007e+01
9.953738903938927352e-02 5.099537389039366708e+00 1.026351518398254292e+01 1.603701787587869987e+01 2.270368454254525048e+01 3.270368454254489876e+01 4.684582016627535239e+01 6.684582016598935184e+01 6.939730331621113635e+01 7.274296785952425637e+01 7.377063403767306227e+01 7.180462639778595246e+01 6.362118650932471553e+01 7.180462639778595246e+01 6.107022406567056549e+01 7.128978779811977518e+01 5.146559306256264676e+01 7.128978779811977518e+01 8.567378464102664282e+01 8.883460859144543065e+01 8.443750085163556207e+01 7.615746133623436265e+01 7.248788256128591456e+01 5.257449370822700274e+01 4.512896219065861914e+01 4.599138128444383256e+01 5.351076907090305212e+01 6.755501991951179264e+01 8.746334367795618903e+01 8.764164283371914621e+01 7.765434022608538100e+01 6.093670553082389318e+01 6.457990389904783513e+01 7.870865117130729516e+01 7.404070275386413869e+01 6.399814367395715919e+01 4.984131573657110437e+01
3.582433992925927735e-02 2.003582433992890444e+01 3.026351518397947871e+01 3.603701787587242933e+01 4.270368454253271295e+01 5.098795575437441840e+01 6.098795568964428782e+01 6.860187695025788912e+01 6.036879009381775063e+01 6.860187697070624324e+01 7.253942573131767801e+01 6.188351361521647220e+01 4.374348189590045166e+01 6.188351361521647220e+01 4.957945474176347034e+01 5.539026288935326647e+01 4.440086006339816294e+01 6.428087653358223008e+01 6.593711728801000049e+01 7.478867202241826817e+01 9.448002573516599512e+01 8.877809039046084649e+01 6.882674189777571883e+01 7.035063653806679440e+01 5.045260156861850476e+01 5.131263322650321612e+01 7.115800862089707834e+01 7.338603294630291884e+01 9.330759870773503906e+01 7.935814201150012082e+01 5.939328523621294664e+01 4.941192611557766412e+01 5.046568623556734678e+01 6.750659759117461078e+01 6.473774360561667152e+01 6.206902217645070863e+01 5.814474508463699465e+01
8.338298177320474514e-02 2.008338298177168113e+01 2.896265934243929863e+01 4.896473177021707102e+01 5.393748957486646844e+01 5.628516220270905279e+01 5.145418126450295659e+01 5.863185987402198407e+01 4.040241021713844560e+01 5.863185987242830777e+01 5.271664631301112536e+01 5.271664631301405990e+01 3.374815194285268660e+01 4.870264344226456643e+01 5.132166908133945071e+01 3.545830528966030215e+01 3.899396055967800123e+01 4.606470769479750516e+01 5.499599392972120881e+01 6.902206269066061850e+01 8.871049848005478111e+01 9.705749647112781986e+01 7.884515101988984043e+01 5.892374872109445505e+01 7.035063653806685124e+01 6.534325383779371066e+01 6.018594716250658649e+01 7.416853148460425871e+01 9.391597649148850735e+01 8.764164283330271132e+01 7.765434022408295789e+01 6.044763643248197127e+01 4.047701987548204272e+01 4.753833192562198917e+01 4.476743291577353290e+01 4.209683564147031376e+01 5.622146046239726758e+01
1.813270376062421294e-02 8.962404615907503924e+00 2.896265934213758086e+01 4.809651022586577795e+01 3.416743943124034644e+01 3.682567414312052279e+01 3.114513812704817397e+01 4.528740882944642721e+01 3.040077757865728358e+01 5.038560015546919146e+01 5.097212083889575496e+01 3.278309289963183915e+01 2.618888671295347237e+01 2.874962729852515508e+01 3.137576406000266616e+01 5.132166908151540241e+01 5.891115949707140231e+01 4.502439074186040102e+01 6.490555652373910789e+01 7.950609003634069438e+01 8.832946780847936452e+01 9.969304254194184978e+01 8.549498212541529085e+01 6.554548880883891115e+01 8.549498212541529085e+01 8.519606848013900446e+01 7.006858269495933200e+01 7.632776282380712018e+01 9.608031790059449406e+01 8.378142687577997094e+01 7.379583081927263777e+01 6.551892490168201277e+01 5.338695697125799455e+01 3.340946060361122960e+01 3.063596160938617885e+01 2.796165757512788019e+01 4.429782751395224949e+01
2.351309638313057310e-02 2.002351300814095580e+01 3.723799178249446129e+01 3.995778276841372190e+01 2.005859197761289892e+01 2.741345127867036879e+01 1.700236864301724893e+01 3.435809016031659269e+01 2.332922071570411759e+01 4.332596305049796115e+01 4.274986976728175847e+01 2.278385917407885941e+01 4.274986976728175847e+01 4.870264344226456643e+01 4.550303002298416288e+01 4.401614550467134990e+01 6.389271613086069834e+01 6.490555652373910789e+01 5.151088512737731406e+01 6.042749739241884299e+01 7.185808279097547313e+01 9.151398449498859122e+01 9.377638067508485165e+01 7.550371831544921974e+01 9.377638067508485165e+01 9.596578877643345606e+01 8.391009143995982811e+01 9.608031790059449406e+01 8.962630110319111054e+01 6.964862847144365787e+01 5.553789649138993667e+01 4.555324061811477776e+01 3.848744038094247344e+01 5.338695697125799455e+01 5.061657548122590811e+01 4.429782751395224949e+01 2.430247745893436218e+01
2.372884694381488524e-02 2.002239549459215695e+01 2.273252292935241314e+01 2.407798941804915316e+01 2.537346041872545754e+01 7.412820357868642240e+00 8.837761357626847669e+00 1.438476456684007232e+01 3.436992930070559993e+01 3.557185196254616244e+01 3.732434159406562202e+01 2.050464754636634623e+01 3.464047544351250707e+01 5.455918940556033192e+01 6.536910608200864203e+01 6.389271612643963039e+01 6.389271613086070545e+01 7.133847668336407821e+01 7.133847668336407821e+01 6.090709706287066894e+01 7.233409042083432894e+01 9.198902128754646412e+01 1.037700315635072883e+02 9.548624593538146144e+01 1.037700315635072883e+02 1.020029709462841225e+02 1.033567407230588628e+02 1.033366030299569189e+02 8.333786289410528525e+01 8.333786289410528525e+01 7.379583078148246500e+01 6.271724702780448979e+01 4.274893935485812335e+01 6.271724702780448979e+01 6.016471108430963000e+01 4.019239297998841920e+01 2.864766960308333665e+01
6.296921807001566729e-02 1.396302551403347580e+00 2.732608760965466566e+00 4.077954348958086506e+00 5.432525271915285003e+00 2.543302569198181118e+01 2.883878506746722081e+01 1.096976852118322121e+01 3.077158236039267791e+01 1.558825380504824487e+01 1.734236984412076410e+01 2.025966969500956694e+01 4.023863085566793529e+01 5.272845308618309446e+01 6.497239006021754903e+01 7.316891459389862007e+01 8.365175872148522274e+01 9.104085274683693285e+01 8.880558652307567513e+01 7.233409042083432894e+01 8.880558652307567513e+01 1.001692378936706262e+02 9.859345589328084714e+01 1.043646634222868386e+02 9.421974250182027788e+01 7.960121217133126947e+01 9.421974250182027788e+01 9.747401916280055900e+01 7.748247524778614093e+01 6.337467536309145544e+01 5.583398861506550048e+01 4.981307422264485751e+01 5.686956676670619970e+01 7.099315946579021386e+01 6.843843295375636160e+01 5.417433563550021347e+01 3.419724385251439003e+01
8.175220331382776484e-02 2.008175220331347077e+01 2.273264147322080930e+01 2.407668787442620228e+01 1.146267997303394637e+01 3.135606392422381106e+01 3.925833277678755451e+01 3.097085423153976436e+01 1.312642398525753329e+01 3.313874487323756313e+01 3.721612088057254653e+01 4.023737732039497672e+01 2.452368598383128173e+01 4.449705220890787416e+01 4.506794448573754863e+01 5.846566703390372055e+01 6.550418278794229821e+01 7.369795796075798933e+01 8.256137802524064284e+01 9.198902128754646412e+01 1.001692378936706262e+02 9.282907950319602719e+01 7.888544554738169268e+01 8.465778813400089575e+01 8.465838421101734923e+01 6.469905358887258728e+01 8.465838421101734923e+01 9.825813900587199612e+01 9.162389387115889861e+01 7.579248723936120768e+01 7.579248723936120768e+01 5.979361217238994186e+01 7.683479602256952035e+01 7.723103591085933317e+01 5.726359221979226533e+01 4.573490715923578875e+01 4.573490715923578875e+01
7.631710034972485901e-02 2.007631710034937100e+01 3.837565908164853568e+01 3.954943083239472656e+01 3.135606392683815713e+01 2.213816544787113472e+01 4.194126690529681412e+01 3.640101464843395007e+01 1.637085241406581915e+01 3.640101464843395007e+01 4.956289921474036930e+01 5.270369851968125374e+01 4.449705208881513840e+01 2.905281112404038169e+01 3.352501157322535619e+01 3.852521109717388725e+01 4.559625391126593996e+01 5.453278276263889524e+01 6.602819148953835793e+01 8.578933118066359498e+01 9.676148384775079592e+01 8.465778813400089575e+01 6.480380447800025934e+01 8.270773389631995087e+01 7.609175994399871001e+01 5.562804610213633083e+01 6.922434891112024502e+01 8.261445319314985625e+01 9.092125931300870434e+01 9.577778975366106806e+01 8.803968139520316072e+01 7.975593479447104528e+01 8.803968139520316072e+01 8.550810945480586156e+01 7.397733357860415992e+01 6.570282692079310038e+01 6.570282692079310038e+01
9.124702163186203252e-02 1.009124702685668851e+01 2.423338616936781520e+01 4.423364128463909850e+01 5.014346002696720461e+01 3.616573618218573927e+01 4.194126690529681412e+01 3.640101464843395007e+01 3.640101464843395007e+01 2.137085476599786205e+01 4.141275922661112219e+01 5.572578097857643087e+01 5.724239070814216745e+01 4.901835832279508054e+01 3.612401407297242173e+01 5.607050936305741828e+01 5.006468192905825276e+01 6.157444894989700401e+01 8.137140265432093145e+01 9.396758949932588223e+01 8.858928339665777685e+01 6.878225057344272386e+01 5.720616355527054964e+01 6.282431675875025689e+01 6.393248509594382512e+01 4.892521912748059520e+01 6.835055735734984239e+01 6.244225824988444629e+01 8.261445319314985625e+01 8.750000374603941111e+01 9.579952184166164386e+01 9.185266919378146611e+01 1.001502609474803336e+02 8.977983553029913821e+01 8.180887822822744226e+01 8.032792698928014374e+01 7.686824600005064667e+01
8.187870513261463756e-02 1.422401432886369044e+01 3.422401432886439210e+01 4.478415182798294580e+01 5.306842308901239846e+01 5.588463150693407755e+01 6.169039778103756078e+01 5.653237761459193678e+01 4.979204399330296127e+01 3.031560548586180914e+01 2.726857319884087616e+01 4.142479731044119973e+01 6.157940548235519884e+01 6.139617949752020820e+01 4.146934649938615536e+01 6.139617949752020820e+01 6.994162610393721025e+01 7.813025360656885709e+01 8.955206927571323661e+01 9.192931886832042210e+01 8.363462396113695263e+01 8.270773389631995087e+01 6.282431675875025689e+01 4.864165174662918645e+01 4.397515121695975893e+01 4.320394314472937225e+01 4.775054590871678073e+01 6.823950471051580280e+01 8.421880604887319066e+01 6.743267729313924974e+01 7.766626688681814983e+01 7.179006664999307930e+01 9.185266919378146611e+01 8.180887822822744226e+01 6.326742796513518385e+01 6.165955525948384519e+01 6.165955525948384519e+01
2.239863785106879432e-02 2.002239863785071350e+01 2.845422020942045194e+01 2.478415182797353467e+01 3.977472486357081749e+01 4.644139153023927236e+01 5.472566278943109097e+01 6.472566279584958693e+01 5.879941564871331394e+01 4.187171973816796111e+01 4.732794537183698935e+01 3.393555781985070041e+01 4.549386138390426026e+01 6.567671527469043724e+01 6.139617949752020820e+01 5.040938827527185140e+01 6.191959427336575317e+01 8.171160034081074741e+01 9.674246630992922746e+01 8.363462396113695263e+01 6.357373830301048656e+01 6.944943567566775755e+01 7.685663742862833203e+01 6.864803480518357048e+01 5.767738986839337656e+01 3.790918533233717369e+01 3.938734920273017792e+01 6.984788389101348116e+01 7.524247323952737077e+01 5.583314933564236782e+01 5.758736243701333279e+01 7.766626688681814983e+01 9.346038689509468611e+01 8.180887822822742805e+01 6.326742796513518385e+01 5.007587252174484149e+01 4.269250148701894432e+01
1.991760116496149591e-02 4.190205882306475615e+00 8.454220209418721765e+00 1.400122217167106164e+01 1.977472486356742110e+01 2.644139153023420619e+01 3.644139153023455435e+01 5.644139153024471511e+01 7.047779833118909210e+01 6.202747717254825233e+01 5.940141988699582498e+01 3.928147768853946786e+01 5.940141988699582498e+01 7.414071064626449470e+01 7.847167782415695569e+01 6.191959427336575317e+01 7.028468030996867810e+01 8.989092631018587554e+01 8.845041261892062323e+01 6.840232695612715474e+01 5.835333488387692569e+01 4.936748175606935263e+01 6.088646175271026806e+01 6.919341646151568170e+01 5.464340108711850519e+01 3.477752516750582856e+01 3.644852167025012335e+01 6.686325504775216189e+01 6.693364100782663684e+01 4.685315978036101114e+01 6.693364100782663684e+01 6.509073195283531277e+01 8.515981496839432907e+01 8.229425699227033419e+01 6.375136934273628952e+01 5.301313151113658506e+01 6.165955525948384519e+01
1.766589122093755945e-02 2.001766589119528916e+01 2.845422020941512287e+01 2.478415182797353467e+01 3.977472486357081749e+01 4.644139153023927236e+01 5.472566278943109097e+01 6.472566279584958693e+01 6.457581755596152107e+01 6.676224858325025480e+01 6.784337455668644168e+01 5.346437649029621042e+01 4.929308188458525564e+01 6.353477250005734334e+01 8.393464865135383945e+01 8.171160034081074741e+01 8.989092631018587554e+01 9.823683825802598335e+01 9.674246630992897167e+01 8.176906330954379598e+01 6.170377410607986945e+01 4.749786276352036651e+01 4.082463577270131339e+01 5.497055201964700188e+01 5.125133517552850293e+01 3.169193521063274588e+01 5.172576854839939386e+01 6.825423592412809626e+01 6.191352070096024107e+01 4.185024571807414873e+01 4.870088621706820220e+01 6.289473382549928715e+01 8.296601953894777637e+01 9.027330223068011605e+01 7.944576846937980008e+01 7.158851581625889082e+01 7.944576846910486267e+01
6.490672536223988931e-02 1.161191210915465533e+01 3.161191210911181315e+01 4.478415182798294580e+01 5.306842308901239846e+01 4.847253488312619396e+01 5.171776839522653546e+01 5.871378201739793212e+01 4.457835176196245186e+01 4.676611500701342550e+01 6.676224858325025480e+01 7.373471057570559140e+01 6.950975788940631617e+01 6.353477250005734334e+01 8.393464865135383945e+01 8.880805329585105312e+01 8.052372444044746658e+01 8.880805329585105312e+01 9.444172393270171995e+01 7.440448814094786201e+01 6.020465816857267072e+01 6.758076124730517620e+01 5.497055201964700188e+01 3.494195636059850330e+01 3.124086526193257995e+01 2.889029065120414685e+01 4.094432001811094324e+01 6.051166788952365749e+01 5.718456143655721036e+01 3.714690331851785743e+01 5.718456143655721036e+01 6.635971882984236458e+01 7.466848116861390849e+01 8.470320781791885167e+01 8.703166060855340902e+01 7.756438060929259848e+01 6.961738723726857359e+01
