MOVIE_S12_data/elevation_000614.asc
nrows	50
cellsize	150.0
xllcorner	0
ncols	50
yllcorner	0
NODATA_value	-9999
[rows 0 to 16 of 50, columns 0 to 36 of 50]
8.271705653423140625e-02 2.127631151761726416e-02 9.425194436011796739e-02 4.939197167322698090e-02 3.975871534419905817e-02 6.171646774684565184e-02 1.696294146011132625e-02 1.936121709489252440e-02 4.216450047424835645e-02 2.297044857093000214e-02 6.704298068806634203e-02 4.162315340452049650e-02 3.835349583220235004e-02 2.777463300387698203e-02 2.207885817162396139e-02 7.161913568127860341e-02 9.025521335945362045e-02 3.502399586135773735e-02 8.040414306008919487e-02 3.131346976591601466e-02 7.604099264847130613e-02 2.387740603804927586e-02 5.687112022313325910e-02 4.074439634684711570e-02 8.709178300582484655e-02 7.612946965408906586e-02 1.077918208624280109e-02 9.929772718869623455e-03 4.600412614040166881e-02 2.152795518990661267e-02 2.378824418737431057e-02 9.511189423522797837e-02 9.406546861214974686e-02 1.749038473908382007e-03 2.223905489293687143e-03 6.269637160239108220e-02 9.476101746191394060e-02
7.639902522890137937e-02 2.002127631151726206e+01 2.009425194435976181e+01 2.004939197167287190e+01 6.364314035680984638e+00 2.006171646774648920e+01 1.001696294146019817e+01 2.001936121709453786e+01 1.418430012420532371e+01 2.002297044857057529e+01 2.006704298068770953e+01 2.004162315302497532e+01 2.411916812219955908e+00 1.949358451391003300e+01 1.425721328953532030e+01 2.007161913566674372e+01 1.000954427718390072e+01 3.464996750268713122e+00 2.005967753513348129e+01 1.417344909349699122e+01 2.007604099264811737e+01 1.157088278983066765e+01 2.005687112022277674e+01 1.329057649148507103e+00 2.008696135480885303e+01 1.421826610039057215e+01 2.001077918208588713e+01 6.676611246599966520e+00 2.004600412614004767e+01 1.002152795518999362e+01 2.002378824418702052e+01 1.423724751796605226e+01 2.009406546861179521e+01 2.133756202030008708e+00 2.000222390548893969e+01 2.006269637160203700e+01 1.009476127764405895e+01
7.813061968023242432e-02 1.422026624341130763e+01 3.422026624341201284e+01 3.303098070235100892e+01 1.303098070234771022e+01 3.303098070235100892e+01 3.001696294146057653e+01 3.001696294146153576e+01 3.418430012420602537e+01 3.515581763251334735e+01 1.767672096987847397e+01 5.867390515252815852e+00 1.655425720371691156e+01 3.044857730823385822e+01 3.475323033953907270e+01 2.542710569442109758e+01 2.638075693262164023e+01 6.946565667481600315e+00 2.715024730134579301e+01 3.417344909349769466e+01 3.985515403726493133e+01 3.157088278983102470e+01 2.261998329775456895e+01 2.620052097884309816e+00 2.261998051431563184e+01 3.421845486761100830e+01 3.393278851561107956e+01 1.374870237420564933e+01 3.393055465951815819e+01 2.416366357892119510e+01 3.830579920265088845e+01 3.423724751796534349e+01 2.427702455095329626e+01 4.277981271705590061e+00 2.427702455095329626e+01 3.837966557365221121e+01 2.423695205125104124e+01
1.795629399984677299e-03 1.414393125313080901e+01 3.414393125313009847e+01 4.131525195401167139e+01 3.303098070235100892e+01 2.717311632607891170e+01 4.717311632610670102e+01 5.001696294149478206e+01 4.356591559531995728e+01 2.357784324920003272e+01 9.448110129773494847e+00 2.586811262421503343e+01 3.415291509242116064e+01 4.484033788505166029e+01 5.143629358060398005e+01 4.358578511959007784e+01 3.076529577760407363e+01 1.059818801057123139e+01 2.484823939595939635e+01 4.524690654005080148e+01 5.124872262916430543e+01 3.975434129805932315e+01 2.391884041501971936e+01 3.919191702807569122e+00 1.806177568683515133e+01 3.808250829649806235e+01 4.253810637074604983e+01 2.535274371797372339e+01 4.253837467943051109e+01 4.416366357892189853e+01 5.223032497937778373e+01 3.809444384478812395e+01 2.645863401790357372e+01 6.460160174065452843e+00 2.060161795913731098e+01 4.058245719122272277e+01 4.423864970268990504e+01
2.526786264046545702e-02 2.002526786264010994e+01 3.188856461744105530e+01 3.895963242930771742e+01 4.724390367676991787e+01 4.717311632610670102e+01 5.545738758543738811e+01 5.042545311950853204e+01 3.042663645709630416e+01 1.630748755501174685e+01 2.943221409653126130e+01 1.387040027297351408e+01 3.384354341788037601e+01 3.848810617657370869e+01 5.849298065600451935e+01 4.663132147385649517e+01 2.616201352282308079e+01 1.452139998633087181e+01 2.881171326141564393e+01 4.925823240782946755e+01 4.302957748824868389e+01 2.309858467019303063e+01 1.155398863454481173e+01 5.229435266968400775e+00 2.521835155972636500e+01 3.363318162226549646e+01 4.549785093693935778e+01 4.616537745546517613e+01 5.495233444361747388e+01 4.968346094216033748e+01 4.144889088296260837e+01 2.395822998832318262e+01 9.816885606763896988e+00 2.645863401790357372e+01 1.646009444638482222e+01 3.060104727511495426e+01 5.059506094649938746e+01
8.483503398980346555e-02 5.858337725886086034e+00 1.188856461744141235e+01 1.895963242930701398e+01 3.050663781309973288e+01 5.050663781310043987e+01 6.197736402184494153e+01 4.196886741468619419e+01 3.042663645709630416e+01 2.261691652729819069e+01 4.212793152803881469e+01 3.384354341788037601e+01 1.851108621643792418e+01 3.262919057631336273e+01 5.263277967952159742e+01 5.515651125406940736e+01 3.935139220428400364e+01 1.899855775408549619e+01 3.068958129728868656e+01 5.118364594601676032e+01 4.560636293199490865e+01 2.568865070905605563e+01 3.152241355324314398e+01 2.522937619503895945e+01 7.136360445459577484e+00 1.419530952863276951e+01 3.471209701050086238e+01 4.752792111122496266e+01 5.528331688108848851e+01 3.559702592628574536e+01 2.148986978261180525e+01 1.332511767193632402e+01 2.981412145721064277e+01 3.809447405136042875e+01 3.645741143247663274e+01 3.060106192856865448e+01 5.059588983080812596e+01
4.163169627051844027e-03 2.000416316962669683e+01 3.188856461744176940e+01 3.895963242930771742e+01 4.724390367676991787e+01 5.879090906056263321e+01 7.026319280720778693e+01 5.329900338763985701e+01 3.329219419308400774e+01 4.260491404355602896e+01 5.089182033616965128e+01 4.202119035270149539e+01 2.203504791743704416e+01 3.356435205181270476e+01 5.357344630741280156e+01 5.607412535171887669e+01 3.559304369374788024e+01 2.480102673434802796e+01 4.525632947657364724e+01 5.961408843522843881e+01 5.382431440489608576e+01 4.560636293207377179e+01 4.713563703846200070e+01 2.713623737511700185e+01 2.713623722358170198e+01 9.078677746609116639e+00 1.906812671587781693e+01 3.323740781790434085e+01 5.336257978883288899e+01 4.968342012971539390e+01 3.594615477856844876e+01 1.595124629837713570e+01 3.594615505342542150e+01 4.548923129380168717e+01 5.151565478819393462e+01 5.059588983080812596e+01 5.887840462719029944e+01
2.434392073152260791e-02 2.002434392073116598e+01 2.822380503421335618e+01 4.822380503421405962e+01 5.930115157439405493e+01 5.670643658065735337e+01 6.498715864637664197e+01 6.158579701706987919e+01 4.484142350060250948e+01 6.158579701706987919e+01 6.002150689831952235e+01 4.000836428670636025e+01 2.587067070330770946e+01 4.587007804479441120e+01 6.186038102034653008e+01 6.448851732031491224e+01 5.175235112512274327e+01 3.121012698594565649e+01 5.175235112512274327e+01 7.013727183133963194e+01 6.015959445207521838e+01 5.189781553035705741e+01 4.483249773118863146e+01 3.120414067863948659e+01 1.107715223274385252e+01 2.869857358421767657e+01 2.061151266195307485e+01 3.472631602874974277e+01 5.463621344390990231e+01 5.007996290228153669e+01 3.009174015445390893e+01 3.594615505342542150e+01 1.995124558647719581e+01 2.549822261633211440e+01 3.152825941400245569e+01 4.566422031234655776e+01 6.564230803377925838e+01
5.883922493566802470e-02 8.223805034212999132e+00 2.236594065794420061e+01 4.236594065794490405e+01 3.930268478231484863e+01 3.670759514167598780e+01 5.084950951994015611e+01 7.084630932447095120e+01 6.485227236786907667e+01 7.313770595594672841e+01 6.159858109355388223e+01 4.158341346035292929e+01 3.003105735607777760e+01 5.004281867264982964e+01 6.650097926314809627e+01 6.846231590526335253e+01 4.799687223965203486e+01 4.307896759111242346e+01 6.018482804808677855e+01 6.187949257091653976e+01 4.191613848986157365e+01 3.191407902306073296e+01 2.483740583393567647e+01 1.851374330375627153e+01 1.249624089824446749e+01 3.244370426474569769e+01 4.045205691865979247e+01 4.049873981309804094e+01 6.017306215777567502e+01 5.835643665384615275e+01 5.007996290228158642e+01 4.750039208890298426e+01 2.751039247707163682e+01 2.520348456499524659e+01 4.519486657599271240e+01 4.221557165974213177e+01 6.219525864331905751e+01
2.016265153036126551e-02 2.002016265153000774e+01 3.650807628167389396e+01 3.663228492724380203e+01 2.516060076867084305e+01 4.516010009238087974e+01 6.498715864637664197e+01 6.000892774386428385e+01 6.000892774386428385e+01 6.828507043726916947e+01 6.988430147334294418e+01 5.821477450908574980e+01 3.819765154085812497e+01 3.819765154085812497e+01 4.975736580536365494e+01 6.976781122929381240e+01 6.846231590526335253e+01 6.360041336934655476e+01 7.198612608564950222e+01 7.013727183133963194e+01 6.015959445207521838e+01 5.099032335750758449e+01 4.274433444537105942e+01 3.539496011014760768e+01 1.540443469819394906e+01 1.489639402757995512e+01 3.493224802754277647e+01 5.118621378107835085e+01 5.118660137725609616e+01 7.092905251659438193e+01 6.162951342674277555e+01 4.164791840635466258e+01 4.750039208890298426e+01 2.905244685561359219e+01 4.904182400133023378e+01 6.219525864331905751e+01 5.634526297850535315e+01
1.256007409845548775e-02 2.001256007409810067e+01 2.907310405742716242e+01 1.663257223035207133e+01 3.663228492724380203e+01 5.344207519051839483e+01 5.416989605127030671e+01 4.005472166527147948e+01 4.005472166527147948e+01 6.000892774386428385e+01 7.455130736081292753e+01 5.454322077691330861e+01 5.821477450908574980e+01 4.576590923713207104e+01 6.577902006421837200e+01 7.805236383912128417e+01 8.022188828482605061e+01 7.202545868412912000e+01 6.498288015341418600e+01 5.905348765647520537e+01 5.081868278829174557e+01 4.274434857321607950e+01 2.274630560104253973e+01 1.966042007517227574e+01 3.539475811565144880e+01 1.660505320335757062e+01 3.660633615739003943e+01 3.148534037127166840e+01 4.542535053055375727e+01 6.509549130759832281e+01 6.990546635082844773e+01 6.162951342674277555e+01 5.303919654076213419e+01 3.305233384360260374e+01 5.303919654076213419e+01 6.886636935892414613e+01 7.631839751713603448e+01
1.283213977233468341e-02 4.484968094771894620e+00 9.073282772183089762e+00 2.321540880322803346e+01 4.321483138436321525e+01 4.634245519449748230e+01 3.807357025658907901e+01 2.594772260960606758e+01 3.592470908535297269e+01 5.002545407077274575e+01 6.999242375312148567e+01 7.455130736081292753e+01 7.406394833655873811e+01 5.732374619579975672e+01 7.406394833655873811e+01 8.349021330186765510e+01 6.363267580763454134e+01 5.210603853969995214e+01 4.503764663706169813e+01 5.081868278829174557e+01 3.083685226475183327e+01 2.740226603814949868e+01 4.274434857321607950e+01 3.965858514323424799e+01 3.834454083700094884e+01 1.832734683330106407e+01 2.332891535109968473e+01 4.314387276243216007e+01 4.288574588143479360e+01 5.417495360237150237e+01 7.393322182897099992e+01 7.301678454530410534e+01 5.303919654076214130e+01 4.121562932013482339e+01 4.061027285666603603e+01 5.214912934822413604e+01 7.212357638206890442e+01
9.594114293757748102e-02 2.009594114293722100e+01 2.907310405742716242e+01 2.776845911318419979e+01 2.907762318506494736e+01 3.122598864515145323e+01 1.810961085118465519e+01 3.807357025658856742e+01 5.416989605127030671e+01 6.414864824649907860e+01 7.195237986840334088e+01 7.195237986840335509e+01 8.023221909783492833e+01 7.732913896443274382e+01 8.561297945191134318e+01 9.166675194100723445e+01 8.022188828482605061e+01 7.202545868412912000e+01 5.606310055947995608e+01 3.609295265061506086e+01 5.081868278829174557e+01 4.154867694247184318e+01 5.253818873247645627e+01 3.252748548869628564e+01 2.096293608934312758e+01 3.834457205168050820e+01 4.314371955015085547e+01 5.134633882899731105e+01 6.252578034959223174e+01 7.078693838204657141e+01 8.224751268219117151e+01 8.117174617456888086e+01 6.119625131089441084e+01 5.275411861602631802e+01 4.727399262101098287e+01 6.724998970474159421e+01 8.039955894783501833e+01
3.950229235330715398e-03 2.000395022923497379e+01 2.400863560462116197e+01 6.973930563864340293e+00 9.093926269329552170e+00 1.125058153162842345e+01 3.122598812857235018e+01 4.299752045607829842e+01 5.463510669012606513e+01 6.290856734019394025e+01 5.198294729746640996e+01 5.198294729746640996e+01 7.195237986840335509e+01 7.927600624330804635e+01 7.927600624330804635e+01 8.755754764062039897e+01 8.270945541164620352e+01 6.285065380785401601e+01 4.873839096328471499e+01 4.186777496293334622e+01 6.182395291611173604e+01 6.149843954246227895e+01 6.081017579389671113e+01 4.288543020869997235e+01 2.286319438694346928e+01 4.288543020868392119e+01 5.081429638208904009e+01 5.429858441154144799e+01 5.822322388649319436e+01 6.239492098051323410e+01 7.066084185769297221e+01 8.218776819917189869e+01 8.100449535635080167e+01 7.272841903420339804e+01 5.620974012581991985e+01 6.724998970474159421e+01 8.722521672472694831e+01
7.711341127313005306e-02 2.038274762654966654e+00 4.008933318983544325e+00 1.067324816921287400e+01 2.879487866185240819e+01 3.122417897243263951e+01 1.475880279386370830e+01 3.472899116818872756e+01 3.468247312304737306e+01 4.717064143903407114e+01 3.788654732840209505e+01 5.557858468533193985e+01 6.015348641876795455e+01 5.928787256635764891e+01 5.928787256635764891e+01 7.927600624330804635e+01 8.849659296683186938e+01 6.866716213136648150e+01 6.812854081563203579e+01 4.819168334441101109e+01 6.812854081563203579e+01 7.095516678586420767e+01 5.097657361104117513e+01 3.682283313776869704e+01 2.525881985179734102e+01 2.746057311142097390e+01 3.079928506749774186e+01 3.428479779302534780e+01 3.821141064061770720e+01 4.238816455103361136e+01 5.395268035860372891e+01 7.392723613506508684e+01 8.664646186590307764e+01 8.445820490615571430e+01 7.033123978522380071e+01 8.445820490615571430e+01 8.195815594165000562e+01
9.541454368626212448e-03 2.000954145436827147e+01 2.400863560462116197e+01 3.011741000636540022e+01 2.126054381324853537e+01 4.026619446322094120e+01 3.472899116818872756e+01 1.838014016731218447e+01 3.834384985218649433e+01 2.722537302541392279e+01 3.138953412606342752e+01 3.564216080592504454e+01 4.021195213136346069e+01 4.518716154385210615e+01 5.222721213596118872e+01 6.634853299675408778e+01 8.634627613352782305e+01 8.217552986496959022e+01 6.231008744089012907e+01 6.231008744089012907e+01 7.633259478165739154e+01 7.062965458098486238e+01 6.243905725272886542e+01 4.774173011581318349e+01 2.772600625079923020e+01 4.747816625360515275e+01 5.081429638209286281e+01 4.324228209020846236e+01 5.822322388649319436e+01 6.239492098058208569e+01 4.947409544937139714e+01 5.842828445227745249e+01 7.254891253314936250e+01 9.248363848678368981e+01 9.030609435750557168e+01 8.195815594165000562e+01 6.182701674836025063e+01
2.297228869525369793e-03 1.414443285260060001e+01 3.414443285260130523e+01 4.800757250077710125e+01 3.240375695669018796e+01 4.800757250077710125e+01 4.661228575807838581e+01 3.834384856151375232e+01 2.222863375988665879e+01 2.738906391163033405e+01 4.733411328989851796e+01 5.557858225673602703e+01 6.015348636310228159e+01 6.514226137707316866e+01 7.220573635308828386e+01 6.634853299675408778e+01 8.634627613352782305e+01 9.035510212242677142e+01 8.217552986496959022e+01 8.217552986496959022e+01 7.640775714351394754e+01 5.665303230924610034e+01 4.258943185344589466e+01 3.626254760575076119e+01 3.047748216639376295e+01 4.204686975663928905e+01 6.214031579915959469e+01 5.480742684788820895e+01 7.152565129149900258e+01 7.577544807277136840e+01 5.580916542230458077e+01 7.577544807277136840e+01 8.664646186590307764e+01 8.816124743537336883e+01 7.987604416024387888e+01 7.904124810361318509e+01 6.552114962014877619e+01
