MOVIE_S12_data/elevation_000445.asc
nrows	50
cellsize	150.0
xllcorner	0
ncols	50
yllcorner	0
NODATA_value	-9999
[rows 17 to 33 of 50, columns 0 to 36 of 50]
5.436832538903087209e-02 1.160137370918144661e+01 3.160137370918108957e+01 3.674036259074446775e+01 2.301705587702406675e+01 1.208868851545535961e+01 1.443949068610969633e+01 3.437087343360861524e+01 4.131328004788590391e+01 2.631207982408150059e+01 3.009173683759099305e+01 3.417438946435529346e+01 3.952021211138102075e+01 4.506836277031229088e+01 5.173686742541122641e+01 6.173824902336750853e+01 8.173454677443558580e+01 9.709314719000069260e+01 7.709890720295088329e+01 7.303489788689745410e+01 5.303618730793181157e+01 4.149339378607207607e+01 4.726479054700197224e+01 6.399909692927056426e+01 5.893855859698019373e+01 3.897455479297923375e+01 5.893855859698019373e+01 7.054051505614937412e+01 6.225748441623938589e+01 5.010482804365360465e+01 6.010034529514319246e+01 8.010043167023994215e+01 9.083473822901964922e+01 8.087667302294534011e+01 7.264224107962655808e+01 6.598689354731104117e+01 4.753943262962339844e+01
9.647730019007895452e-02 2.009647730018972211e+01 3.988564495613136529e+01 5.015028725133733900e+01 4.000807437753851303e+01 2.384776853162202670e+01 1.321106595391071004e+01 3.994543641915817744e+01 5.459791233983543890e+01 4.045546901618889279e+01 4.423556649612699943e+01 4.831866800864689537e+01 5.050657091729987513e+01 6.506988774107152551e+01 7.173639789890155782e+01 8.001945984663409206e+01 9.001778604506239390e+01 9.123783186305104209e+01 7.124237285136594267e+01 5.709941644265907001e+01 4.815618487480725918e+01 6.148863697949599327e+01 6.726176746727739442e+01 7.554406057171736677e+01 6.284738100817965289e+01 4.289108492271254391e+01 5.441582678977741949e+01 7.442842907341425018e+01 7.717138740609500758e+01 5.717158225208976319e+01 7.717138740609500758e+01 8.838311945431063066e+01 8.261540566908522010e+01 6.266907649016793158e+01 5.267619848267992211e+01 4.601311740709789433e+01 4.023624489775917112e+01
9.953738903938927352e-02 2.009953738903903542e+01 3.726436749739139742e+01 4.881137288118411988e+01 5.192555052277786132e+01 4.352358023864291425e+01 3.994543641916333598e+01 2.951575429559513708e+01 5.037511854273162726e+01 6.045665282655782136e+01 6.423646790736113132e+01 6.831902334465969773e+01 7.050655544989945156e+01 7.878999349566991839e+01 8.710172208174614639e+01 7.881120229604050564e+01 8.140873851854600218e+01 8.969899554042652312e+01 8.229559074776194905e+01 6.229758183136851102e+01 6.815486303275122282e+01 5.884577616820811841e+01 7.884478050473576616e+01 8.036877150477521070e+01 6.115158689886945353e+01 4.724650336910435300e+01 6.719184413046433235e+01 8.271138710773276159e+01 7.717138740609502179e+01 7.131365604836079797e+01 8.545433758930423096e+01 9.645314736434966107e+01 9.083473822901964922e+01 8.087667302294534011e+01 7.264224107962655808e+01 6.598689354731104117e+01 6.022096103166835235e+01
3.582433992925927735e-02 8.980096249928495311e+00 2.052710163372121599e+01 4.052710163372191943e+01 5.125804687118947811e+01 5.954231835947084051e+01 5.866627972442891092e+01 4.450699008280830071e+01 4.669950533327929065e+01 6.672972181662800040e+01 7.388700899851697557e+01 6.559672166531277071e+01 7.388700899851697557e+01 7.815091477678392096e+01 6.986048237310394882e+01 5.879678410079272766e+01 6.139356353824586421e+01 8.140873851854600218e+01 9.057681757329405059e+01 8.229559074776194905e+01 8.712619227116826437e+01 7.298840228814688658e+01 7.884478050473576616e+01 8.481292293796951753e+01 6.385008235897071671e+01 5.298935674505903393e+01 6.598500609660577254e+01 8.388245155852824553e+01 9.716944514078342365e+01 9.131320189467484738e+01 9.059767061568949487e+01 7.649164526164440758e+01 8.382838493179185946e+01 8.886677974114256529e+01 8.700574723947119082e+01 7.944479259033727203e+01 7.117438467148473080e+01
8.338298177320474514e-02 2.008338298177284997e+01 2.958289041266784025e+01 3.492811525101493686e+01 3.125804686920535502e+01 5.028345444680768850e+01 6.028345452164486318e+01 6.454203385642600210e+01 6.672972181662800040e+01 7.046835010901355645e+01 6.217864092766797057e+01 4.558810529425412739e+01 6.388183560231662739e+01 6.659733282217401040e+01 4.985053428656335939e+01 4.724722525361887904e+01 6.139356353824586421e+01 8.140873851854600218e+01 8.437872610606947887e+01 8.656853479385866024e+01 9.485862614052058461e+01 9.298332822161110300e+01 9.883859422298294817e+01 9.350906864593108025e+01 7.956902880438767056e+01 5.961227123644094661e+01 6.995740062696212647e+01 8.705059739832933019e+01 9.373538834826599953e+01 8.789991974468429703e+01 8.233823386485723006e+01 6.234347887928460352e+01 6.383714054647091274e+01 6.888760956734459739e+01 6.702159759569045150e+01 6.789690083081217153e+01 5.115835016414981595e+01
1.813270376062421294e-02 4.732177911670961024e+00 9.582890412397663482e+00 1.492811525064619715e+01 2.199918306251179700e+01 3.199918306251197464e+01 5.199918306365275100e+01 6.772448349011384039e+01 5.957551931318140248e+01 6.217864092730147973e+01 4.217011066279692955e+01 3.558540485004589016e+01 5.559241297852212682e+01 5.123410193294453308e+01 3.830048214171269905e+01 5.830773308201111149e+01 7.535897465110342353e+01 7.851560957807315333e+01 6.436212306765223445e+01 6.655169110542189514e+01 7.982401329560366321e+01 8.811519475252157463e+01 9.967328665865646542e+01 9.372072007711679476e+01 7.370720634870630761e+01 7.370691790282398870e+01 8.588727919640444952e+01 8.848834662958870467e+01 7.374005576299418863e+01 6.787484806041975105e+01 6.854405465531489483e+01 6.380521801735263665e+01 4.966837840699825080e+01 5.472704052615686265e+01 5.285927111717883520e+01 5.653219268188763635e+01 3.956926357460984178e+01
2.351309638313057310e-02 1.157051848017554541e+01 2.958289041175892464e+01 3.492811525101493686e+01 4.199918306308217808e+01 5.028345444680768850e+01 6.028345452164486318e+01 5.957551931318140248e+01 3.982652949862275449e+01 4.561087469370435343e+01 4.012400110764845351e+01 2.802622442320717155e+01 4.456526193544544157e+01 3.122758352646903646e+01 5.006216153356091070e+01 4.706006112402225483e+01 5.593682801293728346e+01 5.953001651446457743e+01 5.021664832964687974e+01 6.826828030813922510e+01 5.980889664261559346e+01 7.136185908842837478e+01 9.138353091334651879e+01 1.020118274015970314e+02 9.372072007711679476e+01 9.371948744352471294e+01 9.462538940398971476e+01 7.460335215789527297e+01 6.036154944469370776e+01 5.366125270540926095e+01 4.847647694077971181e+01 4.373917942054568186e+01 4.256570400852228175e+01 4.313981619986486038e+01 5.032048525276775308e+01 3.646934007210268902e+01 3.196838592286347946e+01
2.372884694381488524e-02 2.002372884560933031e+01 3.157051847492353502e+01 5.157051836858344274e+01 5.284388342425943819e+01 4.465864436225854917e+01 5.284388342426422724e+01 5.609290759565012507e+01 4.515341355458451034e+01 2.572790551099258849e+01 2.012891024155649333e+01 2.225822044475186345e+01 2.456424875614835202e+01 2.728261780194711861e+01 3.005447845334866486e+01 3.291194459237628678e+01 3.592897746591062713e+01 3.952398962673033367e+01 4.379044531939667451e+01 4.826317342044065839e+01 5.720524991064210951e+01 6.720768618473860556e+01 8.136518531064008641e+01 1.013862986241518627e+02 1.029738132103513806e+02 1.088297564654845075e+02 9.462538940398971476e+01 7.460335215789527297e+01 8.046767109410666308e+01 7.374005576299418863e+01 6.854405465531489483e+01 5.744907650806342758e+01 3.737435160050343796e+01 3.307945165990509651e+01 3.023510782789069040e+01 2.747757392073227933e+01 2.486831541266229451e+01
6.296921807001566729e-02 1.420510484180109145e+01 3.420510484504060145e+01 3.922413634049462416e+01 4.293667891539097070e+01 2.482207746101347112e+01 4.293667891540854953e+01 4.775872256949591588e+01 2.900257006787577652e+01 1.757032382432697304e+01 3.756421629128720241e+01 2.512314386688982637e+01 4.456526241520419518e+01 4.728759511698837059e+01 5.006216155547689084e+01 4.706006112470584668e+01 5.593682801293728346e+01 4.487745808413087190e+01 6.379500241833491003e+01 6.240566296414949221e+01 6.091163036732619673e+01 8.092730352251858505e+01 9.551974299123416756e+01 9.711861763675258885e+01 8.298090454049842890e+01 8.883669191425501310e+01 1.028619180699204634e+02 9.462538940398971476e+01 9.410165419693399258e+01 7.413434565704379509e+01 5.998220682675082571e+01 4.995901087775476412e+01 4.097546991585074494e+01 5.316255593037409710e+01 5.032048525276689332e+01 3.175608127499511824e+01 4.494384915626032750e+01
8.175220331382776484e-02 2.008175220331347077e+01 3.185155125639458618e+01 1.922613602838293900e+01 2.641657455241361419e+01 1.483223517113211187e+01 3.474036091163598883e+01 4.078618694912254483e+01 3.240491218020217445e+01 1.584302786660201789e+01 3.638094023654203113e+01 4.512428679127047815e+01 3.028407085928010645e+01 5.028972429775004827e+01 6.402427632681299485e+01 6.706895703462305391e+01 7.155372340587717872e+01 5.154469188550839931e+01 7.155372340587717872e+01 8.242189061100296499e+01 7.506331024563748144e+01 8.921834421753223410e+01 9.492656776293908649e+01 8.883669191425501310e+01 6.883789175546328920e+01 8.883669191425501310e+01 1.000515333545534133e+02 9.801907941762046050e+01 8.974337273570058926e+01 8.824504738276006321e+01 7.258474049994792665e+01 5.256732400276485606e+01 6.102767969681843852e+01 6.001311063720574168e+01 3.996548288986458886e+01 5.182870088149785204e+01 4.815373329027536187e+01
7.631710034972485901e-02 2.007631710034937100e+01 1.696487167259565609e+01 5.085811764197731399e+00 6.419176908814228533e+00 7.761573508483315287e+00 2.775888984625610689e+01 3.109933374841463660e+01 1.345245277316520394e+01 3.264382680202459852e+01 3.009333937268941028e+01 5.079359195166833274e+01 5.028972429775004827e+01 3.572796389257254646e+01 5.573493106008612585e+01 7.005717264204750450e+01 7.984468304574973274e+01 7.155372340587717872e+01 6.569066148454110987e+01 8.570840701340003420e+01 9.508423562122968065e+01 8.906952832430681610e+01 7.493002924388528641e+01 8.176604831031691845e+01 6.176463259479660195e+01 7.177139077164090963e+01 9.176913549125131908e+01 8.647739346991993159e+01 6.974783807430320337e+01 8.647739346991993159e+01 8.085296113298103649e+01 6.413567930375494086e+01 7.156890814950770618e+01 5.155367973622267641e+01 5.155367973622267641e+01 6.829159644052457168e+01 6.818043148370261974e+01
9.124702163186203252e-02 2.009124702163150644e+01 3.216720395635568330e+00 2.321673034657850820e+01 2.641657439445836175e+01 2.744801574847563685e+01 9.709079418616878954e+00 1.110291121617787269e+01 3.109847549956297996e+01 4.173006352165371169e+01 5.055817058853649115e+01 5.947709250233361189e+01 6.402427632681299485e+01 5.573493106008612585e+01 4.176038068763659794e+01 6.176722011726468509e+01 7.713199714355582159e+01 8.713959587968670917e+01 8.570840701340003420e+01 9.399870460714841158e+01 9.458434573744490592e+01 8.078687977585809676e+01 6.078626504030295052e+01 6.813738034228198615e+01 5.543913504851364138e+01 7.544104530142382714e+01 7.647957554870652075e+01 6.819911974481935601e+01 5.819929407328631044e+01 7.819894541635231633e+01 9.238617957240712997e+01 8.412637273207687372e+01 7.983905083793436575e+01 6.311921447462866297e+01 7.156890814950770618e+01 7.983905083793437996e+01 7.695720599002622464e+01
8.187870513261463756e-02 1.375571159838917978e+00 2.137557841002495707e+01 1.735885749418824986e+01 3.735888709855815648e+01 2.602574646461236085e+01 2.970585304541402394e+01 2.109943248436444208e+01 1.495224704507059776e+01 3.494651882877889193e+01 4.727070061226213227e+01 4.898696127907019360e+01 6.898807366306510858e+01 7.005717264204750450e+01 5.590569137165928737e+01 4.883269913727662725e+01 5.883383215917685050e+01 7.298524018308538075e+01 9.300487997971245591e+01 1.004403996349851980e+02 8.044661445271597700e+01 6.630330670146081218e+01 5.630129178092783349e+01 4.813734351042926107e+01 6.279215063936106844e+01 5.945956262270360781e+01 6.003483857409528923e+01 4.820079675993306978e+01 6.819911974481935601e+01 8.647739346991993159e+01 8.514363468395751511e+01 8.733062255501485538e+01 9.137403164518157439e+01 8.311140436358934380e+01 7.897317589498058510e+01 7.063466354935930269e+01 6.395550562498967651e+01
2.239863785106879432e-02 1.995178097878470425e+01 2.961092829784237423e+01 3.735888702104458048e+01 4.564324597216914725e+01 4.013641117932201041e+01 4.101514083920241660e+01 4.101514080074760926e+01 2.649374591959428926e+01 1.899094665356356870e+01 2.898536362513862130e+01 4.898696127907029307e+01 6.068816341651895385e+01 7.223584116685825052e+01 7.591820231114495243e+01 6.297868360604191196e+01 5.883383215917685050e+01 7.298524018308538075e+01 9.300487997971248433e+01 1.011105473899548599e+02 9.282498447355983728e+01 8.458548849668954972e+01 7.432760980955130492e+01 5.433888937758219839e+01 4.279662253893940971e+01 3.946929700518138873e+01 4.004411437798120943e+01 6.003483857409528213e+01 6.700317660275678122e+01 7.528391662613798019e+01 6.514571787636700151e+01 6.733341639800056555e+01 8.733062255501485538e+01 8.483693217204401549e+01 6.475189126937758033e+01 5.059718977625031755e+01 4.393031470808713124e+01
1.991760116496149591e-02 1.416684058342757702e+01 3.424609747172622320e+01 4.433681924993535262e+01 5.262109049739755307e+01 6.004930767639355338e+01 6.077229545880405226e+01 5.477753968206015855e+01 4.649322128396987353e+01 3.053242044299686597e+01 2.345910766722606766e+01 3.240023406629416058e+01 4.394992296461671089e+01 6.395257568226713829e+01 7.700438521520595714e+01 8.299506008139894675e+01 7.298524018308538075e+01 7.517527809737242706e+01 9.519440822478492237e+01 8.956241673467869191e+01 7.282351980153605098e+01 8.956241673466145414e+01 8.257157152701364566e+01 7.105991868773804754e+01 5.693424388980292861e+01 5.487349430865395306e+01 3.489218174250864024e+01 5.116305771470592845e+01 4.700848279803924612e+01 6.100374851241019769e+01 5.100454143234021842e+01 6.514571787636700151e+01 8.514363468395751511e+01 8.483693217204401549e+01 6.475189126937756612e+01 6.395550562498967651e+01 6.395550562498967651e+01
1.766589122093755945e-02 2.001766589122058093e+01 2.831767791114195632e+01 2.433681924993464918e+01 3.813503870439121357e+01 4.416526559594659318e+01 5.123633340781219658e+01 5.952060465527438993e+01 5.881840576817936750e+01 5.053418879358510907e+01 3.759929109098779776e+01 2.845563436542515134e+01 4.845887565738923541e+01 6.067539011845915553e+01 5.700553221548705096e+01 7.700438521520597135e+01 9.300487997971248433e+01 9.519440822478492237e+01 8.757971620824596926e+01 7.929388137944795290e+01 6.126704453251899452e+01 8.127713346098005331e+01 7.860635107928266052e+01 8.521739264617188780e+01 7.120059733926497358e+01 5.120406163832247870e+01 5.116305771470621977e+01 3.118773754191192538e+01 3.547698851534369169e+01 4.101288958421995545e+01 6.100375676602299535e+01 7.647816831139013516e+01 8.476330760876874137e+01 9.319446052058361829e+01 8.483693217204401549e+01 8.403956323363213698e+01 6.879018392275676774e+01
6.490672536223988931e-02 4.147389630000852812e+00 8.317677911142313363e+00 1.278981386614193028e+01 1.813503870439051013e+01 2.416526559594588974e+01 3.123633340781148959e+01 4.278333879160441455e+01 6.278333879160511799e+01 6.588617833465841045e+01 5.423388101938471095e+01 3.422867561746708986e+01 3.512217064501646746e+01 4.067120770554792841e+01 6.067539011845926211e+01 7.136600544665090240e+01 9.136202729688996271e+01 9.343823440132408109e+01 7.343509852679402172e+01 5.928497959828685282e+01 5.370322000261186446e+01 7.274615529994885321e+01 5.859990200859132159e+01 7.274615535322053006e+01 7.948403950802023132e+01 6.274001160988017034e+01 4.275076537179286618e+01 2.862914648921314509e+01 4.860548004412101619e+01 6.100265415934413227e+01 6.928161231047710089e+01 5.647921207258527687e+01 7.159798612167310239e+01 7.988286946594145377e+01 8.988311480931406550e+01 8.519408990693352735e+01 6.510349018202319371e+01
