MOVIE_S12_data/elevation_000718.asc
nrows	50
cellsize	150.0
xllcorner	0
ncols	50
yllcorner	0
NODATA_value	-9999
[rows 0 to 16 of 50, columns 0 to 36 of 50]
8.271705653423140625e-02 2.127631151761726416e-02 9.425194436011796739e-02 4.939197167322698090e-02 3.975871534419905817e-02 6.171646774684565184e-02 1.696294146011132625e-02 1.936121709489252440e-02 4.216450047424835645e-02 2.297044857093000214e-02 6.704298068806634203e-02 4.162315340452049650e-02 3.835349583220235004e-02 2.777463300387698203e-02 2.207885817162396139e-02 7.161913568127860341e-02 9.025521335945362045e-02 3.502399586135773735e-02 8.040414306008919487e-02 3.131346976591601466e-02 7.604099264847130613e-02 2.387740603804927586e-02 5.687112022313325910e-02 4.074439634684711570e-02 8.709178300582484655e-02 7.612946965408906586e-02 1.077918208624280109e-02 9.929772718869623455e-03 4.600412614040166881e-02 2.152795518990661267e-02 2.378824418737431057e-02 9.511189423522797837e-02 9.406546861214974686e-02 1.749038473908382007e-03 2.223905489293687143e-03 6.269637160239108220e-02 9.476101746191394060e-02
7.639902522890137937e-02 2.002127631151726206e+01 2.009425194435976181e+01 1.419152759540430253e+01 2.003975871534384368e+01 1.006171646774675921e+01 2.001696294145975585e+01 4.189644537625769161e+00 2.004216450047389131e+01 1.004991526616389130e+01 1.420917860441914193e+01 1.418375877713559596e+01 2.003835349583184566e+01 2.002777463300352068e+01 2.331479934930122511e+00 2.007161913568092260e+01 2.009025521335909659e+01 6.701693271606842472e+00 2.008040414305973442e+01 2.003131346976556060e+01 1.421817661637954622e+01 1.416601302976912535e+01 2.005687112022277674e+01 2.004074439634649352e+01 2.008680364829030296e+01 1.323695192757701200e+00 2.001077916741972373e+01 2.000861387351425691e+01 2.004600412614004767e+01 4.872240133419690977e+00 2.002378824418702052e+01 1.423724751796605226e+01 1.423620109234322584e+01 2.000174903847355168e+01 2.000222390548893969e+01 2.006269637160203700e+01 2.214756777474637950e+00
7.813061968023242432e-02 1.422026624341130763e+01 3.422026624341201284e+01 3.419152759540500597e+01 3.834598771475061341e+01 2.420385209147745798e+01 2.844288263605973910e+01 8.453615166042473206e+00 2.707346839222872958e+01 2.182060722766371796e+01 3.420917860441984715e+01 3.418375877713629762e+01 3.879824627751279564e+01 1.879852582328334876e+01 4.656432709806498593e+00 2.465630832249187065e+01 3.498271235008654401e+01 2.670361552261533333e+01 1.824905943161951427e+01 3.825275392063607427e+01 3.421817661638024788e+01 3.416601302976982879e+01 3.764670882462370827e+01 2.323374550145926420e+01 3.108982563467512339e+00 2.090206594488345004e+01 1.546604975758934408e+01 3.542673518197971561e+01 2.985113483438925996e+01 9.872234448276209662e+00 2.400749168634351349e+01 3.423724751796534349e+01 3.423620109234393283e+01 3.671272835059710360e+01 2.528303617003493997e+01 5.282616732864132914e+00 1.635691075107351011e+01
1.795629399984677299e-03 2.000179562939963063e+01 3.725381102010043577e+01 4.880081640389275321e+01 5.248812333656764650e+01 3.628104245797035077e+01 1.629757751667973409e+01 1.845234778982351642e+01 2.820976358169908593e+01 4.274269766230376888e+01 5.167907162867669513e+01 4.484840469959798526e+01 2.484301534316754712e+01 2.702070372072051185e+01 7.046889928480110754e+00 1.460545603053872021e+01 3.442185158209296247e+01 4.653852723288122917e+01 3.239335561388271856e+01 4.653852723288122917e+01 4.663303974797959484e+01 2.664853808498704169e+01 2.937105655374113056e+01 9.376431037409693303e+00 4.376431064516473235e+00 2.433670643451542759e+01 3.534378509528436041e+01 4.362998788767946934e+01 3.560092772210030176e+01 1.564564743037345451e+01 3.560092772210030176e+01 5.220655290895224709e+01 4.256979675242076411e+01 2.256755085241175252e+01 8.425313538137704228e+00 2.528303672234657995e+01 3.356869084125471403e+01
2.526786264046545702e-02 8.969539772639544495e+00 2.051654515643185661e+01 4.051654515643114252e+01 5.887896056494243879e+01 4.230455942906394995e+01 2.232681371760801525e+01 3.843341748229558164e+01 3.843341748229558164e+01 5.545853705997711813e+01 6.483615239652806395e+01 4.484840469959798526e+01 3.070473295727596152e+01 1.069837370824724943e+01 2.705106250244820032e+01 3.442161268894128057e+01 2.867224232188299027e+01 4.830263623643777038e+01 5.239859278014606048e+01 5.730972228727480910e+01 3.733547824257767900e+01 3.721225531828899591e+01 1.722104256309365411e+01 2.569142144014105256e+01 5.692334454436016600e+00 1.983420880480277049e+01 3.983198388264408152e+01 4.618480372113914001e+01 2.632744573509368990e+01 3.551636233621411520e+01 4.362007970483040253e+01 5.388044561137605371e+01 4.248385849404036207e+01 3.070566041341160712e+01 1.070452506733048281e+01 1.964879754893967601e+01 3.119568284783542822e+01
8.483503398980346555e-02 2.008483503398944947e+01 3.180789275307814989e+01 3.887896056494314223e+01 3.887896056494314934e+01 5.057122803340140393e+01 4.230455942906394995e+01 3.301211943558682549e+01 5.297536077500431162e+01 6.666193690827117280e+01 5.815536318955256689e+01 3.814040954404870121e+01 3.372099156434606471e+01 1.371348743526639424e+01 1.964310233646807902e+01 3.965303501524252283e+01 4.830263623643777038e+01 5.647008660477498410e+01 7.142572696878879412e+01 5.146268170166958100e+01 5.730972228727480910e+01 4.548599981175624407e+01 3.721225531828899591e+01 2.701892645405152749e+01 7.019781077635966149e+00 1.701969504210708095e+01 3.696343386372575424e+01 5.412882841487433438e+01 4.044790695458540597e+01 4.585831344223837647e+01 5.593033876543427141e+01 4.571818884191483789e+01 2.581325404723930106e+01 1.426800829283195959e+01 1.826386002683827314e+01 3.828373061439146596e+01 4.789515445505638525e+01
4.163169627051844027e-03 5.777665861523284541e+00 1.180789275307850517e+01 1.887896056494385633e+01 3.302109618867430640e+01 5.302109618867359586e+01 6.124058523200251614e+01 4.454386916152819964e+01 6.124058523200251614e+01 6.644577857851355418e+01 5.643782557221123142e+01 3.814040955897504404e+01 1.813075953243616922e+01 3.372059631717957018e+01 3.965303501037188738e+01 3.033701222616823401e+01 4.449012273682526342e+01 6.449819957716810848e+01 7.969782134542548135e+01 7.142572696878879412e+01 5.733590381117186752e+01 4.318942781445019818e+01 3.490179965563126530e+01 2.836435964093640294e+01 8.365126665628602964e+00 2.836413263990132094e+01 3.700416631060578254e+01 5.694655682778429906e+01 6.061404318564194682e+01 6.422190416272511015e+01 4.793472080194504770e+01 2.801379762680697638e+01 1.801435153922751553e+01 3.426978284659070084e+01 3.829208647756264838e+01 3.241439564598356071e+01 5.248208739859708061e+01
2.434392073152260791e-02 2.002434392073116598e+01 3.180789275307814989e+01 3.887896056494314223e+01 4.716323181240475293e+01 5.878641477243613878e+01 6.707068600422580573e+01 6.449299251080796580e+01 7.275961539665543398e+01 5.815719920202465687e+01 3.813901283230290318e+01 2.813271304917315163e+01 2.184470488688675260e+01 4.185654577560275413e+01 5.681601282635699590e+01 5.035035276486015476e+01 4.667936110521019089e+01 6.668439250031518384e+01 6.067911178586893328e+01 5.238550420332178703e+01 4.531205505561596425e+01 2.904295181757302302e+01 1.490063230801882632e+01 1.217897702711203145e+01 9.931647565604530215e+00 2.992559838411715134e+01 4.288296789089675087e+01 4.960523387126974626e+01 5.797491277857427150e+01 6.807222021678647650e+01 5.612346227813115718e+01 4.617930707604623564e+01 3.801652418063474670e+01 2.201435154054690457e+01 4.201706734065160020e+01 5.248208739859708061e+01 6.081620901288274439e+01
5.883922493566802470e-02 2.005883922493531202e+01 3.792440619416202452e+01 4.620867744162421786e+01 4.245648315389099281e+01 3.878641477244604374e+01 4.803199104159001109e+01 5.559128050177061908e+01 6.387555174458825746e+01 6.644577857851355418e+01 5.643782557221123142e+01 4.814810601592198935e+01 2.851223676543306595e+01 2.851223676545041030e+01 4.262852892589270226e+01 6.223307432837464859e+01 6.668439250031518384e+01 6.394028474307391718e+01 4.392681777791512587e+01 3.237876876843782270e+01 2.530767537385031218e+01 1.898311543714914151e+01 3.490179358048325042e+01 3.150713705279082077e+01 1.150786837808275820e+01 1.705487417447185194e+01 2.282844027069821990e+01 2.949594819550021185e+01 3.951529917205822784e+01 5.982895143788672243e+01 6.759090285820761324e+01 4.986346166986575668e+01 2.985900277186121343e+01 4.201706734062519644e+01 2.686506409301485476e+01 4.101915637413691229e+01 6.122933002028270266e+01
2.016265153036126551e-02 2.002016265153000774e+01 1.792440619416131753e+01 2.980737251321844994e+01 2.245648315389209770e+01 3.860390062576857417e+01 2.803199104158833777e+01 3.559128050177261571e+01 4.973341612550306934e+01 6.973341612549647550e+01 6.268359449906475334e+01 4.266555114134527571e+01 3.851878006291585876e+01 4.260777529771946348e+01 3.668181709887479514e+01 4.825888275581689868e+01 6.867541759941087776e+01 7.223648505557379451e+01 6.067911178586893328e+01 5.238550420332178703e+01 4.227621673684795667e+01 2.227109579310477372e+01 4.227621126381722405e+01 3.322813040904180326e+01 1.316308015528776920e+01 3.287069495611008563e+01 4.271162093456790387e+01 4.960523387126974626e+01 5.797491277857427150e+01 6.833034711079035617e+01 5.929540629800827389e+01 3.928723027900144160e+01 4.400220797712786691e+01 5.046948074646144988e+01 3.045717026261772631e+01 4.045716684539164021e+01 5.200225122050466808e+01
1.256007409845548775e-02 3.174837734266841238e+00 6.377400810368597739e+00 9.807372513218805210e+00 1.388985541785747024e+01 1.860390062576787074e+01 3.274603624949832437e+01 5.274603624948770175e+01 5.559128050177066882e+01 7.559128050171987923e+01 7.097243775368201568e+01 6.268359449896282598e+01 5.007913027961398456e+01 6.198033767543111594e+01 4.376087967019889646e+01 6.384257622727382397e+01 7.738163374401530348e+01 7.677864505556328822e+01 6.675483225675763777e+01 5.844672567171566868e+01 4.570900549901215015e+01 2.570106941209362006e+01 4.570887827581623952e+01 3.484985450887833025e+01 1.483556417530399152e+01 3.469482646135242732e+01 4.317508942652790438e+01 5.005195070848623118e+01 5.852345450745357169e+01 6.867175708198182349e+01 6.759090285820761324e+01 4.823211185379381050e+01 6.401377982738287642e+01 5.449079140750064454e+01 3.445717096935835144e+01 4.599937649258821892e+01 6.581047462810577997e+01
1.283213977233468341e-02 2.001283213977198017e+01 2.637740081036895390e+01 2.135437789701152411e+01 3.388985541785817190e+01 2.803199104158817079e+01 3.125301126644116323e+01 4.539514689017161686e+01 6.539514689015099691e+01 7.189863331311258321e+01 7.693000768697633873e+01 7.838252680849373633e+01 7.009449910562564412e+01 7.219583234512265335e+01 5.378269343427837867e+01 7.219583234512265335e+01 8.265462948435367707e+01 6.258948577415273462e+01 4.842702104204334290e+01 3.842448432433531025e+01 3.086505735399903827e+01 4.570900549901215015e+01 4.922532370581168948e+01 3.043566990029642838e+01 3.485052628076364556e+01 1.726092429831798469e+01 2.329184094499967728e+01 2.996050195026250407e+01 3.996802281005452073e+01 6.015592514264854884e+01 7.654386544993447217e+01 5.978267164882394269e+01 6.394760352439558204e+01 4.388667559560495590e+01 4.112398308469497010e+01 5.443250265404130772e+01 7.377571324895897931e+01
9.594114293757748102e-02 2.009594114293722100e+01 3.535928928856373687e+01 4.135437789701081357e+01 4.963864914447241716e+01 3.957899642538027507e+01 5.125301126643843475e+01 5.953728250737292171e+01 6.603992746786910573e+01 5.189026215885181159e+01 5.691968043778880570e+01 6.537703986379850107e+01 7.366729469735970781e+01 8.226631241055049770e+01 7.390245902026923375e+01 8.226631241055049770e+01 7.480791518815658492e+01 5.475514751871190100e+01 4.474950104374190829e+01 3.718966010619295304e+01 5.087909681631495573e+01 5.881477621017979374e+01 5.279715327669361358e+01 3.986028413819476413e+01 1.985378700842748856e+01 3.730500553846378864e+01 3.141301964453818485e+01 5.006197397635153834e+01 5.852345450745357169e+01 6.867175708198182349e+01 8.810737866868085177e+01 7.980664718076344855e+01 7.154130711228830819e+01 5.145025588878529277e+01 4.819639521784007030e+01 6.827199026655375746e+01 8.239837799798367257e+01
3.950229235330715398e-03 7.075018041100836541e+00 1.601928995110015208e+01 2.756629533489287098e+01 4.756629533489357442e+01 5.957899642537571339e+01 6.786326766458932980e+01 6.299432552708711341e+01 5.470860288457738108e+01 3.774688103219098423e+01 4.277558170864775633e+01 4.537107218514094598e+01 6.537703986383131394e+01 7.586757849746639693e+01 8.415906969742218280e+01 9.488597721427574072e+01 7.480791518815658492e+01 6.478153135343417546e+01 6.299188850883920310e+01 4.296333600164016531e+01 6.299188850883920310e+01 7.276690241620731570e+01 5.586970517775375100e+01 4.174018042184743393e+01 2.170287752369669576e+01 4.174025072747017617e+01 5.156524794758264107e+01 5.156925341330177304e+01 7.205315480285318586e+01 7.651563752756662495e+01 8.491389521445771038e+01 9.169652067586432054e+01 7.154130711228830819e+01 6.302779742154022102e+01 6.237375581424890214e+01 6.237375581424890214e+01 8.251158787536424200e+01
7.711341127313005306e-02 2.007711341127277649e+01 3.535928928856373687e+01 4.430356119856305241e+01 5.585056658235577487e+01 6.356543798994130157e+01 5.527641099754825404e+01 5.144650088465010640e+01 3.470559873593527556e+01 2.774682438027131681e+01 3.122837758677137998e+01 5.123068445399307791e+01 6.171861156651527125e+01 5.585791757014698078e+01 7.586757849746639693e+01 8.574145221600070954e+01 9.316470955612311400e+01 7.456885867370969834e+01 5.451695815044495674e+01 5.711754074379365420e+01 7.130440910718304792e+01 6.265036554478811581e+01 4.342922390619288109e+01 2.760941194851361047e+01 2.379972742651368378e+01 4.380315153617403467e+01 5.267488349273359916e+01 5.730540096080548551e+01 6.225055912711027872e+01 5.634177018532572845e+01 7.651563752756662495e+01 8.711233968669019134e+01 9.151952831869625982e+01 8.317097762521513005e+01 8.251158787536424200e+01 8.251158787536424200e+01 9.085968092939377527e+01
9.541454368626212448e-03 2.000954145436827147e+01 3.645154471535477825e+01 4.799859458390300659e+01 5.256003230472458654e+01 4.670046783621936726e+01 3.527251586157243679e+01 3.894329901378717551e+01 2.315850966761152918e+01 4.315997898708896940e+01 5.123068445399307791e+01 3.712605866234457608e+01 4.171438070575012347e+01 4.927378541826706737e+01 5.743932121295939908e+01 6.898968935325341079e+01 8.900590843985783351e+01 8.288603708373167933e+01 6.608468984743794294e+01 7.717381855330827989e+01 6.853309397309408268e+01 4.835079781875770522e+01 3.412597550276580449e+01 4.650072940172277214e+01 2.649290254078467299e+01 2.870541273993907794e+01 3.296368926288435830e+01 3.751245738725631895e+01 4.223803782747744862e+01 4.849880965200635075e+01 5.851357561534500462e+01 7.276205478654134140e+01 9.306015756523569848e+01 8.426088517668067368e+01 7.598698530208507407e+01 7.747703528407566864e+01 7.440404749126086870e+01
2.297228869525369793e-03 8.167263038146856502e+00 1.971426842204482810e+01 3.971427041548955827e+01 3.255688710047114398e+01 2.669843355551087072e+01 3.498247921443024211e+01 1.894213945200351290e+01 3.894329901378717551e+01 5.144760045043708629e+01 6.541858242496449805e+01 5.126914827023141896e+01 5.585791757014698078e+01 5.585791757014698078e+01 7.586757849746639693e+01 8.574145221600070954e+01 9.729845904971740822e+01 9.447725207503854961e+01 8.615844882039301922e+01 7.617658550265015549e+01 5.595380776721609095e+01 4.172987859953352796e+01 5.426205550244761611e+01 4.920340974297531744e+01 2.922326047057971365e+01 4.885516278546683822e+01 3.668135949211248459e+01 4.455342792007844821e+01 6.208616758725497675e+01 6.861040353027220817e+01 6.268685854299314286e+01 8.291110617588849152e+01 9.010094131124530747e+01 7.014079330435359338e+01 5.601210503581806677e+01 5.750371034381390700e+01 5.442725189290982968e+01
