MOVIE_S12_data/elevation_000613.asc
nrows	50
cellsize	150.0
xllcorner	0
ncols	50
yllcorner	0
NODATA_value	-9999
[rows 17 to 33 of 50, columns 0 to 36 of 50]
5.436832538903087209e-02 1.419650394912010682e+01 3.419650394912081026e+01 5.323124747750605223e+01 4.503555775642251291e+01 5.320646044314218415e+01 5.604264848454898384e+01 3.620176719332647508e+01 3.622881573308792014e+01 4.720888349659697525e+01 3.539728006366747337e+01 4.295683782879770973e+01 5.295759071085518599e+01 6.709583055718493938e+01 8.703755158945190828e+01 8.624953816402720008e+01 9.445338212481210860e+01 9.374124269855430214e+01 8.550505473671006484e+01 9.374124269855298053e+01 7.489510799454747314e+01 5.466625176328933833e+01 6.210125596437433870e+01 5.345873098610561414e+01 3.341288238420524692e+01 5.345873098610561414e+01 7.055630404304149295e+01 7.513065697431021306e+01 8.345482682568493260e+01 7.614980291988617012e+01 7.023534347666848987e+01 7.244743903272788543e+01 9.262343305984786923e+01 7.974556841718421651e+01 5.982569175022934616e+01 5.900922225184040570e+01 5.900922225184039860e+01
9.647730019007895452e-02 2.009647730018972211e+01 3.109919952831122103e+01 3.751758238393350098e+01 4.578536457000767967e+01 5.473253301442603203e+01 6.415244230080823229e+01 5.605023838982945961e+01 5.645241383961416659e+01 5.533358008766276015e+01 4.954624766474532294e+01 6.296293780068397439e+01 7.121675184153158966e+01 8.116253934773452272e+01 7.433135576118196752e+01 7.433135576118196752e+01 8.257857781331738067e+01 8.377717571800650376e+01 6.555860537798663756e+01 8.377717571800621954e+01 8.321912057450731481e+01 6.898348300150369994e+01 7.071301265396974145e+01 5.052633111478350969e+01 3.636525365259075926e+01 5.643887324795790050e+01 7.040459897531020772e+01 7.868985369238069438e+01 8.913307919859038009e+01 9.629794358883486893e+01 9.042857112180773527e+01 9.262343305984786923e+01 9.469691473008151661e+01 7.974556841718421651e+01 5.982569175022934616e+01 4.570748966435970573e+01 3.904066333247019571e+01
9.953738903938927352e-02 5.263638364217865906e+00 1.104287939410386166e+01 1.739973802679023507e+01 2.643910212087831724e+01 4.064574183366261195e+01 6.056603694519272807e+01 6.300886885613945765e+01 7.147087758416860481e+01 7.500643887072681082e+01 6.965969410410433227e+01 7.260196829688636910e+01 6.434591030261249500e+01 6.434591030261249500e+01 5.436046484404305801e+01 5.436046484404305801e+01 7.433135576118196752e+01 7.553183005734832989e+01 5.556114334390635889e+01 7.553183005734832989e+01 8.738922039934838892e+01 8.916703322841718204e+01 7.446552942889952931e+01 5.425760815436640883e+01 4.004932849007503393e+01 4.447491206142589704e+01 5.046702946612239060e+01 6.166680000306383391e+01 7.880465748509620028e+01 9.304209264397013612e+01 8.512031788998528725e+01 7.741039092413363676e+01 7.631532276233966172e+01 7.785198328259532730e+01 7.391125518624725999e+01 6.566008854558079122e+01 5.900922225184039860e+01
3.582433992925927735e-02 2.003582433992890444e+01 2.286442313429854423e+01 3.720034016078470529e+01 4.578536457000767967e+01 5.473253301442603203e+01 5.973622549116358726e+01 4.265187174073630416e+01 5.973622549116358726e+01 6.727595193536787122e+01 7.553998001746123236e+01 6.434591030261249500e+01 4.435108598977221561e+01 4.435108598977221561e+01 4.020506551740275114e+01 6.020980336733619254e+01 6.726454204956581862e+01 6.887492970762279754e+01 4.888985018673614036e+01 5.918649730152532840e+01 7.914636918458857906e+01 8.723374403621782847e+01 6.704542412973876253e+01 5.274821122739359680e+01 4.821972186129371352e+01 4.735112438979852101e+01 6.755308387115685775e+01 6.304769278415758293e+01 8.306406313482415271e+01 8.760255379328671665e+01 6.594547444053755214e+01 5.695232103610315733e+01 6.791280637256922148e+01 5.799919304227114480e+01 7.122889273828410239e+01 6.884453091426590277e+01 6.656228918840463393e+01
8.338298177320474514e-02 1.165423647712506217e+01 3.160994251394824062e+01 4.951398596163942756e+01 6.092619861169630013e+01 5.355201532638119488e+01 5.121500111479757322e+01 3.100151587887214077e+01 5.121500111479915773e+01 4.735477189404897302e+01 6.403341698471004406e+01 6.446668182738349628e+01 5.020743444218960150e+01 3.016926540882554164e+01 4.770420072065707728e+01 5.038156993073389600e+01 4.727776592015609936e+01 5.599043621925980574e+01 4.285267499254127443e+01 5.700138723871561552e+01 7.696712011329327652e+01 9.310945563072078812e+01 7.295844612958302378e+01 6.250551421586548173e+01 6.842523915514593114e+01 5.292997575950206368e+01 7.316537338906293542e+01 7.719332551315396529e+01 9.134462769588083120e+01 8.495846016134144918e+01 6.632124455658814099e+01 6.774042865791315648e+01 4.866972042882160565e+01 4.377350073904265315e+01 5.158433329520348565e+01 4.886730707282548281e+01 5.204697538638195198e+01
1.813270376062421294e-02 1.991105561244379629e+01 3.827192826083370392e+01 4.399895514016546372e+01 4.878912208466311284e+01 3.201541683414016148e+01 3.501941959245107228e+01 2.387713439880769428e+01 4.404373960755756201e+01 3.584367414332139390e+01 5.511903758138854670e+01 5.032405432183318794e+01 3.618142616177424031e+01 2.513672438201837522e+01 2.765373036258982253e+01 3.034597101120960261e+01 3.311011268121679052e+01 3.597956154157573394e+01 5.599045095697264429e+01 6.888913414510152222e+01 7.714086895738007854e+01 8.711283029605766615e+01 9.102059444603781913e+01 7.681922119040743269e+01 8.081491945006929711e+01 6.057612293011272442e+01 6.724873602419540930e+01 8.744939955896968797e+01 1.054959298786076545e+02 9.358315622882271612e+01 8.499578099872077530e+01 7.684282180545422136e+01 6.882304270840359095e+01 5.741863890434022011e+01 3.740533321810314504e+01 3.467079705463715555e+01 3.203379707579340874e+01
2.351309638313057310e-02 2.002351309638277499e+01 2.693739262787255484e+01 2.417606595393070634e+01 2.938615441158391306e+01 2.784276881681265436e+01 1.489706817316954890e+01 3.501941959245107228e+01 4.685634641054283378e+01 2.688841806426067649e+01 3.691836848317946362e+01 3.902068187256487164e+01 2.198065148377576961e+01 4.204558404286694184e+01 3.585940411304267172e+01 5.038156993073389600e+01 5.313175345734921251e+01 5.599045186100698146e+01 4.133614462100242548e+01 4.890410967455300550e+01 5.890786435882174743e+01 7.303484286936098613e+01 9.295869964734973223e+01 9.695453952436891143e+01 8.912462390134993484e+01 7.071983090558626373e+01 8.744939955896968797e+01 9.574069612988276390e+01 1.040310878971757944e+02 9.782203614753296961e+01 7.820436662498039482e+01 7.645713509063826052e+01 6.266681365159162453e+01 4.268793966010078833e+01 5.741863890434022011e+01 5.468356149733400429e+01 4.841164832045750188e+01
2.372884694381488524e-02 1.339632236863351533e+00 1.691160896280232251e+01 2.452991447967314542e+01 6.453355059225925672e+00 7.819398615871334002e+00 2.783881568923739636e+01 3.136889013793978975e+01 3.285833816805481433e+01 3.298838497804457148e+01 1.687406114494029552e+01 1.896588885766006527e+01 3.902068187256487164e+01 4.204558404286694895e+01 5.587590160132080541e+01 5.002360570194917955e+01 7.000459373260433438e+01 6.667797790577361638e+01 4.668826322693747954e+01 5.289271878469720178e+01 6.289256866751397013e+01 7.701266822151079339e+01 9.692398948933558245e+01 1.136219294398272694e+02 9.919053943425285524e+01 9.091000799455247261e+01 9.919053943425285524e+01 1.040310878971757944e+02 8.444798465864772652e+01 8.804155105896292355e+01 7.820436662498039482e+01 5.840467018228633833e+01 4.837881423191106478e+01 6.266681365159162453e+01 7.083748532751295102e+01 6.681475183599985712e+01 5.661605329820723398e+01
6.296921807001566729e-02 2.006296921806966083e+01 3.212804969339963623e+00 4.543187862005795274e+00 1.438039873857134943e+01 2.692356862178466770e+01 9.850454760936628418e+00 1.132788775210272370e+01 1.282002535314270908e+01 1.449233206083244951e+01 3.452889473830755662e+01 2.134511472953155931e+01 4.138785149119780016e+01 5.429482215509683840e+01 7.031005006658189416e+01 7.000459373260433438e+01 7.825555494139635471e+01 7.244506809989810847e+01 5.246727114403586256e+01 7.244506809989810847e+01 8.111656692014265957e+01 9.108360252466981422e+01 9.722040470115524613e+01 9.353015373287666989e+01 9.764191779244312386e+01 8.931137384820378600e+01 9.764746132214600038e+01 1.018878185200373707e+02 8.230623928834054936e+01 6.835779333031842953e+01 6.130822053515814218e+01 5.526858594706762773e+01 6.820695693354622335e+01 7.645414356392856803e+01 6.681475183601773438e+01 4.695328076483905733e+01 4.116760172589629008e+01
8.175220331382776484e-02 2.008174976444198379e+01 2.333423356326019871e+01 1.829818891895670774e+01 2.823995486767872620e+01 1.951400540769270009e+01 2.142262449877359032e+01 3.136859031290087074e+01 3.285833816798477613e+01 1.764865473390722173e+01 3.727817541533761414e+01 4.138785149119780016e+01 2.601209150561597738e+01 4.604553173677251721e+01 5.928855782966599008e+01 6.820224329667421159e+01 7.968095441817291658e+01 7.998936844868728713e+01 6.002900860033436459e+01 7.244506809989810847e+01 9.237145887925342436e+01 9.129497746111016454e+01 7.705946349636776915e+01 7.926609839076283492e+01 8.755738537498966423e+01 6.912107432223061210e+01 8.755968547366593668e+01 9.950145472472870267e+01 9.616816719446327966e+01 8.108229177438411739e+01 7.512018496726858530e+01 6.935224969917328508e+01 8.305682022580603530e+01 7.628335469459877061e+01 5.695334871016528666e+01 6.681475183601773438e+01 5.193322059158735016e+01
7.631710034972485901e-02 2.007631710034937100e+01 3.837542868090432790e+01 3.868478896257084898e+01 4.544419701079872453e+01 2.684750631662198828e+01 4.144631573929260071e+01 4.953460607083928835e+01 4.074713688453507388e+01 2.112635257521628773e+01 4.074713688494433228e+01 5.429482215509683840e+01 4.604553173677251721e+01 3.103972295322156327e+01 4.001469487452541784e+01 5.156396926569075134e+01 7.146034934401292560e+01 8.823003631420334614e+01 7.998936844868728713e+01 7.633489835834680548e+01 9.624973526093424425e+01 8.296392340479926020e+01 6.274458244146906338e+01 8.184881247244439351e+01 7.921595743297521608e+01 5.897716655262176033e+01 7.921604246057468401e+01 7.934949807010767131e+01 9.358329761494628940e+01 1.007059593711115895e+02 9.478920096847521393e+01 8.904521251838498586e+01 9.040516890432814989e+01 7.097287805541870398e+01 7.096954804130135130e+01 7.976433417279388038e+01 7.171813243449857112e+01
9.124702163186203252e-02 1.009124702163100196e+01 2.423338262734786497e+01 4.423336769441296212e+01 5.403020370210181511e+01 4.584723808619646235e+01 4.584680694929971168e+01 5.606366653229817842e+01 3.588011899971723295e+01 2.470966811651182482e+01 4.441229724480754015e+01 5.882186173354911318e+01 5.928855783072165053e+01 5.104746799795611167e+01 3.696276968594587942e+01 5.693777601171052538e+01 7.210685560141570249e+01 8.032459343942964836e+01 9.024386533211266226e+01 9.624973526093424425e+01 9.009193522375920793e+01 6.990201843632810608e+01 5.555201120126888270e+01 6.161703724325231946e+01 7.246958952542129850e+01 5.218417012805626598e+01 7.246954605518251924e+01 6.504124155104074134e+01 8.525186952006882279e+01 9.517112490940255043e+01 1.034822702946113253e+02 9.953517970655794045e+01 9.836768784063247040e+01 9.042031956599440434e+01 9.039251119897782871e+01 8.345111410435711718e+01 7.516452947686832431e+01
8.187870513261463756e-02 1.423238565601880801e+01 3.432952643501238299e+01 5.017916256554369880e+01 4.700702482087343270e+01 5.528988994877415308e+01 6.556037355507395148e+01 6.439929709717398509e+01 5.275651538161667986e+01 4.441229724480754015e+01 3.042289362857653856e+01 4.449413344272890924e+01 6.483214082788342125e+01 6.358426039285782139e+01 4.364480724941598311e+01 4.514363784944789160e+01 5.221642871351015458e+01 6.218792765311507509e+01 8.202578354971630858e+01 9.518130097371469844e+01 8.686220379226797661e+01 8.415669265505323438e+01 6.754285925656334655e+01 4.724580557558483918e+01 6.036682776814526363e+01 4.605231280379698688e+01 5.218417012805626598e+01 6.655180438365239581e+01 8.675623825721076798e+01 7.503252856542098925e+01 9.186771186953086499e+01 7.940719291046978867e+01 9.362428400617540092e+01 8.920636583273783060e+01 7.922246993107002311e+01 7.094209371085169380e+01 5.519295902338704707e+01
2.239863785106879432e-02 2.002239863785071350e+01 2.240094722379398817e+01 3.281950416150792194e+01 2.700377661759195291e+01 4.700702482087343270e+01 5.577841706188956294e+01 6.577927700546266010e+01 6.483214082788342125e+01 4.449413344272890924e+01 5.045099789001855584e+01 3.807492803142407922e+01 5.843808529254125972e+01 7.110434910258878460e+01 5.120806453949606407e+01 6.507452773484904185e+01 6.507452773484904185e+01 8.032459343942964836e+01 9.024386533211266226e+01 8.356648802059253001e+01 6.673093578069671139e+01 8.356648802059253001e+01 7.469572765942670856e+01 5.443142099159682346e+01 4.011378262668499417e+01 6.036682776814539153e+01 7.246954605518251924e+01 8.081890209964569749e+01 8.286733114274355216e+01 6.340600896420092170e+01 7.870835804047501938e+01 6.516406186469022543e+01 8.356207597101553120e+01 8.091654356788498603e+01 6.096764385381835893e+01 5.097490079174790623e+01 4.463969180658500591e+01
1.991760116496149591e-02 4.102400505715491086e+00 8.272688785766948882e+00 1.286100347267214872e+01 1.993208195271185090e+01 2.749148721111667371e+01 3.749257347032428100e+01 5.749787831906407831e+01 7.314959002436927449e+01 6.483214082788342125e+01 6.460167406210162255e+01 4.415936275142161094e+01 6.460167406210162255e+01 7.932229648746569239e+01 6.272009401567676434e+01 7.932229648746569239e+01 8.492529466087250967e+01 8.831279663730893503e+01 7.931816164180008855e+01 7.099112987780533501e+01 5.512945610857455137e+01 7.523941078665880866e+01 6.335641790738773693e+01 5.503863424415628458e+01 3.711884646848550773e+01 5.137889113111432948e+01 7.164110553001509629e+01 8.609206735216423567e+01 7.453807239285917774e+01 5.442511666009646376e+01 5.858867613030545840e+01 5.511869845195801787e+01 7.523330280805048176e+01 8.920636583273783060e+01 7.094209371085170801e+01 7.094209371085169380e+01 6.462791290041627690e+01
1.766589122093755945e-02 2.001766589122058093e+01 2.827476774121647196e+01 3.286259237057541327e+01 2.700377661759195291e+01 4.700702482087343270e+01 5.577841706190778126e+01 6.577927700546266010e+01 7.279996252986239824e+01 7.502074678092553484e+01 7.291522001632952765e+01 5.868351695559875481e+01 5.716639729984827767e+01 7.739599510441811958e+01 8.255745454311949061e+01 9.077612191427473931e+01 9.421795025447347882e+01 7.409504702597190828e+01 5.986926332964247166e+01 5.090318155671029388e+01 4.756434242273896018e+01 6.763856236451719894e+01 5.513125861187923249e+01 4.008692390640732128e+01 3.428952868284630284e+01 5.737547603114977335e+01 6.973588042158999656e+01 7.187305003393264258e+01 5.765403271605575242e+01 5.868738160658317327e+01 4.440985227320072681e+01 5.258297524076540697e+01 6.679261611244740493e+01 8.692900358582937770e+01 9.091100894717789060e+01 8.330375218295849038e+01 6.316275204472493954e+01
6.490672536223988931e-02 2.006490672536188313e+01 2.899765750432353073e+01 4.900367448157489747e+01 4.700702482087343270e+01 5.528988994887089348e+01 6.215947435447687752e+01 6.649117056194873498e+01 5.241543843083575638e+01 5.464733694515565787e+01 7.502074678092553484e+01 7.888936921287559301e+01 7.739599510441811958e+01 7.739599510441811958e+01 9.736158622474916058e+01 9.213450432712528482e+01 8.385083216088133895e+01 8.831279663730893503e+01 7.515817625967102344e+01 5.506070113354073925e+01 4.091713232055487026e+01 5.461462032952698564e+01 5.047439807780804699e+01 3.042100705931594362e+01 4.772672455052496332e+01 4.338542083840628294e+01 6.156724694806473508e+01 6.182635813598160723e+01 4.347797687067987482e+01 3.864116201467528811e+01 5.019464085756140292e+01 7.028867284151455408e+01 6.899580265854341121e+01 8.912962258918220471e+01 9.411431079521055665e+01 7.388960755186784013e+01 6.316275204472493243e+01
