MOVIE_S12_data/elevation_000350.asc
nrows	50
cellsize	150.0
xllcorner	0
ncols	50
yllcorner	0
NODATA_value	-9999
[rows 17 to 33 of 50, columns 0 to 36 of 50]
5.436832538903087209e-02 2.005436832538867620e+01 2.483260666935242611e+01 7.725020938051083697e+00 9.857028101607205883e+00 1.202633267979378573e+01 1.702633267979387455e+01 3.702633084147417719e+01 2.250692855554664717e+01 2.622083531908775100e+01 3.014315802185149806e+01 3.450751582657269978e+01 3.967149362157045545e+01 4.599604894442709480e+01 5.754305472811240918e+01 7.754303165129434205e+01 8.889333033063488188e+01 6.890810208925806535e+01 5.735318769530435645e+01 5.025375453311911400e+01 4.388235396366326313e+01 5.725975501419068081e+01 5.869339280612291532e+01 3.859366553465734029e+01 5.869339280612291532e+01 6.801625774269136571e+01 5.128814118128810406e+01 4.641411565204046497e+01 5.243448027431984571e+01 6.136998069527852806e+01 7.550235586085601369e+01 9.549576774476361152e+01 8.610130681158403831e+01 7.719245195693424932e+01 6.895675100113423639e+01 5.102720134338965607e+01 5.687363132847696789e+01
9.647730019007895452e-02 2.009647730018972211e+01 4.838269592102942163e+00 2.483826959872034124e+01 2.985702620662299367e+01 1.909740049167781706e+01 3.702632495310072613e+01 2.487097808561993517e+01 4.250692550829228367e+01 4.036297093295323180e+01 4.014315804806113874e+01 5.450751011261414902e+01 5.381362921519099984e+01 5.967148605413719764e+01 6.013818450999071530e+01 8.013814785697660170e+01 9.715956086875382880e+01 8.562595111891438648e+01 7.735485342565985434e+01 6.394892575249531319e+01 5.394052094905239869e+01 7.222473403956585969e+01 6.242201420900064335e+01 4.234262008739249694e+01 6.242201420900064335e+01 7.955695104161978293e+01 7.127073829810828443e+01 5.456707884269610531e+01 7.241924667203335275e+01 7.241924667203335275e+01 8.964780703309767773e+01 9.194558338057463232e+01 7.205152721618657097e+01 5.792903412704241362e+01 4.898582072714744129e+01 4.266129197220944747e+01 3.688778822475466512e+01
9.953738903938927352e-02 2.051337534936459761e+00 2.205133753739947622e+01 1.898040521768576738e+01 3.898040614224657219e+01 2.665668995249277273e+01 4.665665929982801430e+01 3.064448077834303774e+01 5.064447650214223273e+01 6.036295839509812566e+01 6.014314894196952821e+01 6.014314894196954242e+01 7.381360348116153602e+01 7.967143955371643926e+01 8.013814785697651644e+01 8.842246014221048256e+01 8.341585077505456525e+01 9.170887176560199805e+01 9.220817898684126135e+01 8.222644763187781791e+01 6.810384534532521172e+01 7.774614292068734756e+01 5.789897652562606112e+01 4.630860143069823920e+01 6.636280014314786513e+01 8.318226569139531534e+01 8.283978243804996566e+01 6.610406506561837148e+01 8.283978243804996566e+01 9.241401003095218414e+01 9.214423536990008756e+01 8.994501656300153059e+01 8.610130681158403831e+01 7.719245195693424932e+01 6.895675100113423639e+01 6.264138833531330874e+01 4.843399251959831275e+01
3.582433992925927735e-02 6.360378692623841701e+00 2.633950094893481619e+01 3.898040618490462350e+01 4.726469458140932289e+01 3.665668998705292125e+01 5.494039007265143226e+01 5.064447650214357566e+01 4.007257123327056547e+01 5.161957695888132491e+01 7.161955683455759925e+01 8.014309457137375148e+01 8.022196087950061383e+01 7.193627680016291492e+01 8.022196087950061383e+01 8.015637397628340466e+01 6.341114692685004428e+01 8.015637397628340466e+01 8.508886814412480248e+01 9.336134219167425385e+01 8.808889359812300768e+01 8.580794152522676654e+01 7.266965515124478259e+01 5.267304683896018247e+01 5.488022091825145310e+01 6.643960124527959010e+01 8.645407804633335047e+01 8.609378415633199211e+01 9.438571952091415085e+01 9.214423536990008756e+01 7.208240091762714030e+01 6.988977058342844373e+01 8.174547200214756515e+01 7.345080005298629544e+01 7.348355297782835294e+01 7.663851237435602570e+01 6.840239234431004434e+01
8.338298177320474514e-02 2.008338298177284997e+01 1.635983508425501043e+01 3.631916681361458643e+01 5.605240843734370770e+01 5.665663254804265847e+01 5.665663254804265847e+01 6.835679759308344217e+01 5.161957695888132491e+01 6.835679759308344217e+01 7.990377177315917834e+01 7.680353940750018182e+01 6.852067816483997831e+01 5.194212957884764847e+01 7.022353063774899340e+01 7.186606350618707495e+01 5.187170698415884829e+01 7.186606350618707495e+01 6.508444355843728601e+01 7.353930822459457772e+01 9.353931539406418949e+01 8.685681737319038120e+01 6.683310362973752206e+01 6.268789602806671724e+01 6.383569426941810576e+01 8.318226569139531534e+01 9.473299554614273177e+01 9.785397154081087479e+01 8.626458174944846746e+01 7.794110222064084326e+01 7.576381613248113922e+01 5.574263251038738787e+01 7.345058370457438457e+01 5.344061570394239169e+01 5.344122835290830409e+01 6.300365625052818075e+01 6.020393347815446106e+01
1.813270376062421294e-02 1.156513808755303963e+01 3.156513808755268258e+01 2.790005661587090913e+01 4.200186679511364218e+01 6.186582421088799322e+01 7.665610497372597365e+01 7.990377177315917834e+01 7.161955683455759925e+01 6.433335416248381478e+01 7.262580842634950784e+01 6.852067816483997831e+01 4.853007976135350532e+01 4.195352808874177697e+01 6.193896540275591178e+01 5.537496975266854093e+01 4.480851257376302499e+01 6.354171405824391883e+01 5.354413435838466029e+01 6.768021295699750794e+01 8.768430765018658235e+01 9.514225257813873782e+01 8.685681737319038120e+01 7.424111306486612705e+01 7.538790588536421922e+01 9.212957702812290961e+01 1.004909013329943548e+02 8.951847091043703131e+01 6.946588012175281790e+01 5.791559600032103106e+01 6.637937081368063730e+01 4.819008461640466123e+01 5.819330231607005999e+01 5.490665828469479948e+01 3.931778860070422610e+01 4.301007358411036563e+01 4.021233701232470281e+01
2.351309638313057310e-02 2.002351309638277499e+01 3.984940933501393090e+01 4.781988522099316441e+01 5.605240843734370770e+01 5.987270300207283924e+01 6.813496951075795494e+01 7.727465989628110776e+01 6.108065676296288160e+01 4.434607784800785168e+01 6.108065676296288160e+01 7.209522809223639683e+01 5.438517713335503601e+01 3.439938258995120179e+01 4.721495529166415395e+01 3.538785795264338674e+01 5.537389354914921569e+01 4.355626494867316012e+01 5.768447494936314257e+01 7.767968518334642170e+01 8.111804614609901876e+01 8.940558062173739984e+01 1.025554346338737872e+02 9.427381979851597293e+01 9.540679938723621945e+01 1.036796216049219908e+02 9.215202308525036301e+01 7.209445747584544506e+01 6.209121918614432900e+01 5.392789436067225495e+01 4.637511381974913860e+01 4.212044598452403932e+01 3.821043628055124941e+01 3.493272066329579673e+01 3.177488090321394054e+01 2.888219922234433312e+01 2.606535882589598074e+01
2.372884694381488524e-02 2.002372884694345956e+01 2.822802476178115327e+01 4.822882595947715600e+01 5.662783098134155324e+01 3.994835171416742980e+01 5.662783098134155324e+01 5.735663652180038241e+01 5.279369480195367004e+01 3.280655457134396613e+01 5.279369480195367004e+01 5.209978976855167332e+01 4.884209808886048165e+01 2.885211719254633067e+01 2.722332278226520685e+01 3.005266536816898792e+01 3.539822114925617313e+01 5.538284685500268978e+01 6.361775421953402088e+01 6.846587378549310188e+01 6.111320514880559784e+01 7.525689917532275786e+01 9.526810665400897449e+01 1.060389770854098401e+02 9.776941865675175336e+01 1.060389770854098401e+02 1.004909013329943548e+02 9.045124232650783824e+01 7.794110222065896210e+01 5.791559600032103106e+01 6.637937081368063730e+01 5.365399052564004734e+01 5.819330231589434277e+01 5.490813937630993991e+01 5.134333521946135903e+01 3.136313420986589051e+01 2.676054000012803513e+01
6.296921807001566729e-02 8.227935027391772849e+00 2.237007297962711050e+01 4.237037143091755098e+01 3.770975677564197781e+01 2.842705673898996821e+01 4.836937342257198935e+01 4.323814752979437515e+01 4.572533048942747058e+01 2.573615094163763573e+01 3.678771574255384280e+01 3.866049898546308583e+01 3.210946712273235448e+01 2.368690958174254035e+01 4.368090984395306720e+01 5.004183195856703747e+01 3.490396747892355478e+01 3.916642464711526372e+01 4.363386208425841062e+01 4.847669076860820780e+01 5.846432007041731538e+01 7.000963188239447277e+01 9.002099119589715315e+01 9.606135664723493051e+01 7.781800479765398393e+01 9.606135664723493051e+01 9.458793285743645640e+01 1.028502559331399482e+02 8.626458177385971737e+01 6.946588012175281790e+01 8.199081372810344703e+01 7.367164995670607652e+01 5.889353432944520961e+01 5.840883532638308395e+01 3.842458317299896464e+01 5.134333521944483181e+01 3.724804436377399242e+01
8.175220331382776484e-02 2.008158282231395830e+01 3.651000005323449216e+01 3.770974880244983751e+01 1.774377559333703047e+01 3.770975674013111245e+01 4.288606650975624035e+01 4.689947068339462533e+01 2.691997788853305096e+01 3.417471884021053086e+01 1.679143655991925854e+01 1.866464575320138763e+01 2.056304278710069156e+01 4.055837160780050255e+01 5.196321439338574066e+01 6.091419384287139849e+01 4.093051748639312848e+01 5.914924152870716512e+01 6.361778473927867594e+01 6.260639465682268678e+01 6.260639465682268678e+01 8.261190778144015212e+01 9.830788651631432629e+01 8.779371172429496539e+01 6.789111835581711318e+01 8.057961885744791175e+01 7.477718521267171070e+01 9.458793285743645640e+01 9.785397162950924610e+01 8.951847091052225380e+01 9.309949383040604687e+01 7.304371453649082468e+01 6.625338514493337527e+01 4.625362884435227784e+01 5.840883532657504418e+01 5.651045773528569782e+01 5.563626806795685553e+01
7.631710034972485901e-02 1.973305166678369815e+01 3.304440625055740810e+01 2.498599715074496075e+01 1.171360785146827688e+01 2.733720402899383828e+01 2.289244831380017686e+01 3.017681399542684773e+01 3.186085912957128841e+01 1.427165176432025184e+01 3.426815526096412867e+01 3.866049898472718382e+01 4.055837160665416263e+01 2.646169551603779624e+01 4.645368880293199965e+01 6.122217109235526777e+01 6.091419384290253447e+01 5.091768322217839682e+01 7.091070446364821578e+01 8.261190778144015212e+01 8.261190778144015212e+01 9.089929666568281164e+01 9.484876074693399062e+01 7.492011812817516159e+01 6.091302331245459811e+01 6.105452750667537742e+01 7.746403671971535232e+01 8.913329388583933621e+01 9.243428265079998596e+01 1.007028150703763316e+02 1.014291808942852100e+02 9.309949383040604687e+01 7.456111223899642937e+01 5.624398864623233862e+01 7.456111223899642937e+01 7.642826620920588709e+01 7.071827051390896202e+01
9.124702163186203252e-02 2.009114587925527928e+01 2.268326001412853543e+01 4.585513396679837150e+00 5.940084320125501804e+00 7.340364406053004664e+00 8.751055644966609037e+00 1.017962710065588716e+01 1.186393111668885325e+01 3.186085912957392097e+01 2.841265211661245615e+01 4.254928296455113212e+01 5.473627529315346152e+01 4.645368880293199965e+01 3.295081120058640778e+01 4.708318854704775447e+01 6.707473192561812425e+01 7.091070446364821578e+01 6.355780108171361320e+01 7.770241647566211896e+01 9.771265877616772855e+01 9.613897254314055374e+01 1.006953498094060961e+02 8.075708220508259672e+01 7.297360199192519303e+01 5.314329220851107749e+01 5.634635833851385911e+01 7.978187264444909488e+01 7.248548925115335351e+01 8.918313977837341611e+01 9.033304204691552286e+01 9.251827076988855936e+01 8.457907978326308296e+01 7.626278164363432666e+01 8.457907978326308296e+01 8.401516316096090975e+01 6.406357043385260397e+01
8.187870513261463756e-02 1.381018310055877718e+00 2.682907419864118737e+00 2.154164275041735621e+01 2.581655498270105653e+01 2.733720374521876550e+01 2.352752316540518507e+01 3.017681398643177815e+01 1.398189457483586473e+01 3.363418747429141575e+01 4.607618743878700940e+01 5.668691160906694648e+01 7.082453965652430838e+01 6.122217108438734812e+01 4.448996749004414397e+01 4.147385666538956173e+01 5.560396367257781947e+01 7.560186622898308428e+01 8.356328075229428975e+01 9.185030049598667290e+01 9.028701488143811105e+01 7.615679176859194399e+01 9.028701476866031328e+01 8.334985522834949734e+01 6.883323267941963763e+01 4.876023644595893813e+01 6.883323267941963763e+01 8.012465697609592041e+01 6.100631155208024126e+01 8.027284423918976586e+01 7.034083809784608832e+01 7.252816660107598068e+01 9.251827076988855936e+01 8.594140923609771221e+01 7.597323727416535633e+01 6.771303156962066794e+01 6.105355001663325254e+01
2.239863785106879432e-02 2.002239863785026941e+01 2.268326657074062780e+01 1.119382990486604612e+01 1.781270724571866637e+01 3.569801238420869538e+01 4.527537101183971657e+01 4.198733590813825600e+01 3.363418747429141575e+01 1.774779914147112692e+01 3.770868655582372497e+01 4.682453761748349308e+01 5.515059136053594102e+01 7.276568356165060436e+01 6.447958993755111123e+01 5.560396367257781947e+01 5.300990051405610615e+01 6.714622108855219551e+01 8.715249229624446059e+01 9.004870217255050591e+01 8.135059377931267477e+01 6.202758776264833074e+01 8.135059344107615686e+01 7.507041365402190536e+01 5.502596155698543612e+01 4.494247039603681060e+01 6.018073014492759398e+01 6.847344391518107898e+01 5.206141913729079107e+01 6.549586762908940329e+01 5.617752040479871312e+01 7.619641906366389605e+01 9.194397535616097628e+01 7.767890186440787659e+01 5.774716127483352324e+01 4.773458691065848569e+01 4.104376317282186193e+01
1.991760116496149591e-02 2.001991760116460739e+01 3.300887821240070252e+01 3.132689176426287148e+01 3.684669206041042600e+01 2.897927994374837368e+01 4.759377639064152277e+01 5.425047406906266900e+01 3.328588858478643431e+01 1.920294467345440026e+01 2.222704023261385586e+01 2.629082820357093553e+01 4.682453761710961260e+01 5.381602573646302545e+01 7.384741602553819462e+01 7.560186622898986286e+01 6.714622108855219551e+01 8.129351485078787221e+01 8.419713826331054918e+01 7.006747395629068365e+01 7.307328223011795387e+01 5.309539379132225889e+01 7.307328223011795387e+01 8.334985522834949734e+01 7.333216650980715201e+01 6.017958935699410006e+01 4.002784088164673904e+01 6.018059714849392350e+01 4.483587753975794499e+01 4.541700980447403424e+01 5.364609538815362555e+01 6.367080432104911125e+01 8.367112662810582435e+01 8.594140923609771221e+01 7.597323727416535633e+01 6.771303156962066794e+01 6.105355001663325254e+01
1.766589122093755945e-02 6.342221211557669491e+00 1.300888787822427695e+01 2.715102339261445863e+01 4.715099077222041757e+01 3.978969923930048225e+01 5.538336108659072465e+01 6.256895836125394794e+01 4.211619899316276872e+01 4.599757291119558289e+01 2.707509069403223734e+01 4.682453761748349308e+01 3.343251028888679599e+01 5.381602573646302545e+01 7.030340677443420816e+01 7.923795474734468769e+01 8.715249229624446059e+01 8.970787552952691613e+01 7.591984020439720382e+01 5.594313106398808344e+01 6.328545999671774069e+01 4.678632958522706531e+01 6.675571918787801451e+01 8.003814568584411404e+01 7.115457769563155921e+01 5.108006379441827960e+01 3.680556627986620555e+01 5.266789594264481167e+01 3.801962132356299406e+01 5.229255476319834628e+01 7.233830763400760588e+01 8.194789987387355268e+01 9.194397535616097628e+01 8.870188722940122261e+01 6.872833285755351085e+01 6.872833285755349664e+01 6.113770118487528293e+01
6.490672536223988931e-02 2.006490672536188313e+01 3.300887821459128446e+01 2.715102339261445863e+01 4.715099077222044599e+01 5.825434407011843518e+01 6.614139640549011290e+01 7.156343440588521787e+01 6.326770634739046528e+01 4.790819676209373768e+01 3.363517142679435779e+01 5.406932626166722855e+01 5.381602573646302545e+01 4.190188210494883236e+01 5.098443328890698467e+01 6.513821791434116903e+01 8.507008141935321532e+01 8.143034314953195008e+01 6.144954347996058175e+01 5.146562006953887902e+01 4.333136914433664799e+01 4.104430932832244139e+01 5.179492629440606066e+01 7.176128640107522472e+01 7.701328898600020523e+01 5.695912548782060014e+01 5.266835191024581775e+01 3.260731928258501000e+01 4.939240239501356200e+01 5.769633803264007099e+01 6.146011628756448886e+01 6.973013121586683383e+01 7.971203459041528561e+01 8.286203125611602616e+01 6.287396329437791564e+01 4.864540915775683771e+01 4.102976018597739483e+01
