MOVIE_S12_data/elevation_000406.asc
nrows	50
cellsize	150.0
xllcorner	0
ncols	50
yllcorner	0
NODATA_value	-9999
[rows 17 to 33 of 50, columns 0 to 36 of 50]
5.436832538903087209e-02 2.064443955907459216e+00 4.084749045011888846e+00 6.192934151790817410e+00 8.337159221466425407e+00 1.057322719896619567e+01 1.315521609643778511e+01 3.315467192173223054e+01 3.967502704413876558e+01 4.338967601477576608e+01 2.893596902315638175e+01 3.378668138125229348e+01 3.913190524670996950e+01 4.807618102465355747e+01 5.962388259233598831e+01 7.964053994181581686e+01 9.715630069312014427e+01 7.706105117312316111e+01 6.280411773071006820e+01 7.131593633153725875e+01 5.747627622377520140e+01 3.711826643378764601e+01 3.776684806932200900e+01 5.499344254793109599e+01 3.464370774211889881e+01 4.905036397191019404e+01 6.934402717286921813e+01 7.629154876198423096e+01 6.423718015103050050e+01 6.270919880091695120e+01 7.718244588589656985e+01 9.738513616992101163e+01 9.023368761128898541e+01 8.193577121761879312e+01 7.435559999794061525e+01 6.485136404931189702e+01 4.460274688469506543e+01
9.647730019007895452e-02 2.009647728356504714e+01 1.224971485428935125e+01 2.619293543142872238e+01 2.833716115345451669e+01 3.056715074824107958e+01 1.743317089660373753e+01 3.157339318875765599e+01 5.146579253222354566e+01 5.600673152379090425e+01 3.600703694315092207e+01 5.378981685821724312e+01 5.913618569590694563e+01 5.913618569590694563e+01 7.638166754964930760e+01 7.801723962231895371e+01 8.635077260395267729e+01 9.129607873731896461e+01 7.131742267027934190e+01 5.104392953419804257e+01 4.456399773880262671e+01 5.747816419811392308e+01 4.497851963068343650e+01 5.891659929550063168e+01 3.853542414171967323e+01 5.298230762952950101e+01 7.324324671856574298e+01 8.397954974228454716e+01 8.460783293782671421e+01 8.309967687187575791e+01 9.146424246414828474e+01 9.609301773650872747e+01 7.607164770363519324e+01 6.188052327506107986e+01 5.422755731599571050e+01 6.486714968299689588e+01 5.402802290846243949e+01
9.953738903938927352e-02 2.009953738903903542e+01 3.224971615423970661e+01 2.639185050082058837e+01 4.639185486128360481e+01 3.743375637064836070e+01 3.744055537584957705e+01 2.596122121194449406e+01 4.596337379728262817e+01 6.426754457601332149e+01 5.015181531992954689e+01 5.234290979756259787e+01 7.239621188439463140e+01 7.915432858233752711e+01 7.470866644685487756e+01 5.783355298774871045e+01 7.470866644685487756e+01 8.635077260395267729e+01 7.966428436440783400e+01 6.490624816779602213e+01 5.899107500534775994e+01 7.296846703196591477e+01 5.271949003557773494e+01 6.456464705251443092e+01 4.420032125833165537e+01 4.768483776531093099e+01 5.542828330893524935e+01 6.714737129742998434e+01 8.725102128390491885e+01 9.731937199517086867e+01 8.903141902849969824e+01 8.903141902849969824e+01 9.023368761128898541e+01 8.193577121761879312e+01 6.486714968299689588e+01 4.460507050753756175e+01 3.914502274124678394e+01
3.582433992925927735e-02 1.417795996366033506e+01 3.417795996366103850e+01 4.639185486128360481e+01 5.467617311068227792e+01 5.742836123221304234e+01 5.424170201103813582e+01 3.596155953100750224e+01 4.010466848438962018e+01 6.010753966504492496e+01 7.019647183964602277e+01 7.239621188439463140e+01 7.994703778288516105e+01 6.569702380024862975e+01 5.735195180915140867e+01 4.621226263439353232e+01 5.783355298774871045e+01 7.801723962231895371e+01 8.993773263325273604e+01 8.508265457853497082e+01 7.919494506791868105e+01 8.119858481517934479e+01 6.290189552568463682e+01 7.068120817947068701e+01 5.039486991408358563e+01 6.209797774135306980e+01 7.564417355251958952e+01 8.397954974228454716e+01 9.559203512112905798e+01 8.903141902849969824e+01 6.904374227165992295e+01 6.904374227165992295e+01 8.318155713341532476e+01 8.022343472123239394e+01 7.317984290442628037e+01 6.486714968299689588e+01 5.945188123883578157e+01
8.338298177320474514e-02 1.422551860550428060e+01 3.422551860550498759e+01 4.402665922072455373e+01 5.557366460463202884e+01 6.531369742702524661e+01 6.423944274110463937e+01 5.010701831002882756e+01 6.010753966306616292e+01 6.837874020927156948e+01 7.105156197376334148e+01 6.259395230132557231e+01 6.259396856475667903e+01 5.144668269924802928e+01 3.725184547132081292e+01 5.735195180915021496e+01 7.470750952941217804e+01 6.978672715382502645e+01 6.978659567664006147e+01 7.709756447937355972e+01 8.543329843713858907e+01 9.137245306085286245e+01 7.715479834121696001e+01 7.740768760222934475e+01 5.722824933395342129e+01 7.740768760222934475e+01 9.059982789291716188e+01 9.487364034712634009e+01 9.222313374943064446e+01 8.980308605762805030e+01 7.489799725357357829e+01 5.491033688503080867e+01 7.437171697695035277e+01 6.023457285550848184e+01 6.724910838073535047e+01 6.770163016629393837e+01 5.939138211807976120e+01
1.813270376062421294e-02 7.577422163945201738e+00 1.574238797322253269e+01 2.728939335701525337e+01 4.728939335701596036e+01 4.455756793959078266e+01 5.931135019715311785e+01 7.010806096863026937e+01 6.887013596064211640e+01 7.480249453229311030e+01 6.259395230132557231e+01 4.277160435821788553e+01 4.277160437330318388e+01 4.544116128993297110e+01 3.225168200786724526e+01 5.173864284929493351e+01 5.553449863561138500e+01 4.963088170177443459e+01 6.432653528757586514e+01 5.690521515464899949e+01 7.119097936382857483e+01 9.135771862786420172e+01 9.724993861688285790e+01 8.573882396135356032e+01 6.736756993429455065e+01 8.573882396135356032e+01 9.487364034712634009e+01 7.488403637374288735e+01 7.223313204488405859e+01 7.223313204488404438e+01 6.153134016368549197e+01 4.824273450412707831e+01 5.929443239056592319e+01 4.609906259735485889e+01 4.726653178766476060e+01 5.024639883012757480e+01 3.953787707685396668e+01
2.351309638313057310e-02 1.416564872011420562e+01 3.416564872011490905e+01 4.402665922072492322e+01 4.903087538755795549e+01 3.023377639040535669e+01 4.903087538755795549e+01 6.285116735312527680e+01 4.845947586318897748e+01 5.443761979723930722e+01 6.173959538887701370e+01 4.857743565171490729e+01 2.917133568050413217e+01 2.539063243881302157e+01 2.801774067860511508e+01 3.166967682053837407e+01 3.544863376065395499e+01 3.971067995991182187e+01 4.418207475154493125e+01 6.432688151068626325e+01 7.967371061814564825e+01 8.800305488860465175e+01 9.807756116248623357e+01 9.578639642318141512e+01 8.744780527016402516e+01 9.578639642318141512e+01 9.268526355221263202e+01 7.269808922510830484e+01 5.856955895385247146e+01 5.224457980915731525e+01 4.739061236692235468e+01 4.321969801036041048e+01 3.930848025191137651e+01 3.613838059976929173e+01 3.321529853244980046e+01 3.031152673461508584e+01 2.655527240303575809e+01
2.372884694381488524e-02 2.002372854384057632e+01 3.795690488299868548e+01 5.105231122908890029e+01 4.043162935563326954e+01 2.016411275488461996e+01 4.022382112188267200e+01 5.356207980960699899e+01 3.377038491122733888e+01 5.443761979723930722e+01 4.752458928757872059e+01 3.330958318628022852e+01 2.216565183659105642e+01 4.221717791239537831e+01 4.807458213873766795e+01 3.356478097811509542e+01 5.364231482257421391e+01 5.982228880913988434e+01 6.432540961750660813e+01 5.274364786845263353e+01 5.946480738676199707e+01 6.958346620546537054e+01 8.976397358623624712e+01 1.054113206683113191e+02 9.722337283722714574e+01 1.054113206683113191e+02 9.268526355221263202e+01 7.269808922510830484e+01 7.223313204488405859e+01 7.223313204488404438e+01 5.893829741773864583e+01 5.736146702806811248e+01 5.929443239056592319e+01 5.609411877256633971e+01 5.071732704048307028e+01 3.088988405216629118e+01 2.670888118276955936e+01
6.296921807001566729e-02 1.005898856098764682e+01 2.409366966862969406e+01 3.423162965013675318e+01 2.592132831741521670e+01 1.338301867280371127e+01 2.997634464289246026e+01 3.688194377468058605e+01 2.637731147517180474e+01 4.495509098087141098e+01 3.662782818522164519e+01 1.914865811126683681e+01 3.919442585981734339e+01 5.055008507634022408e+01 6.175473425382963200e+01 5.340235661898849173e+01 3.959471574843374952e+01 5.984195143112759752e+01 7.317508779650269446e+01 7.293740914921501428e+01 7.967371059584309023e+01 8.800165200051768011e+01 9.807748628358011445e+01 9.560241659997670638e+01 7.766755033740072633e+01 9.560241659997670638e+01 1.009745095082730728e+02 9.268526355221263202e+01 9.222313374943064446e+01 8.720845772877781599e+01 7.892387412894639453e+01 7.735021969582598445e+01 6.443191103220071625e+01 4.444690349828717757e+01 3.741969340634212671e+01 4.044835266489979375e+01 4.044835266489979375e+01
8.175220331382776484e-02 1.952535789189988336e+01 2.263749171170900709e+01 2.400601801312832251e+01 5.885905370747074095e+00 7.237380127546051867e+00 2.725885247992253824e+01 1.668594155396557710e+01 3.237539971513015047e+01 3.411282298542039371e+01 1.658653695426439256e+01 3.662782818377421989e+01 2.440380212361359824e+01 4.446290775572104792e+01 5.837445488007701755e+01 6.650730890857066413e+01 5.374431863019937339e+01 4.646423081512102016e+01 5.281614033994014790e+01 6.044288160181861969e+01 7.484668574231527316e+01 9.555530001007517171e+01 1.025057200882080934e+02 8.744546158731394314e+01 6.778287464070463386e+01 8.744546158731394314e+01 1.025057200882080792e+02 9.487815119965776489e+01 8.667473175850214773e+01 9.487815119965776489e+01 8.751236952437284344e+01 6.752389477143627516e+01 5.598396622758485108e+01 6.402772713075263766e+01 4.404297731115524073e+01 5.192717851852781763e+01 6.037173417928065788e+01
7.631710034972485901e-02 1.375456705272988023e+00 2.677345815081229041e+00 3.987589379242068244e+00 2.397417331735412205e+01 2.725572737575661364e+01 9.212845266222201346e+00 1.062005444939191179e+01 1.234145270573391961e+01 1.407588264728131655e+01 3.411282298541639335e+01 4.495554917110800375e+01 4.446290775572104792e+01 2.995313878380054007e+01 5.003283922045716281e+01 6.483451099399715645e+01 7.325499740111034441e+01 5.467328908249129427e+01 7.313150230016493936e+01 8.091209527896683085e+01 7.710649005574987314e+01 9.784508878763826090e+01 9.164047540963690608e+01 7.462715413470020565e+01 6.108240512066750938e+01 7.462715413470020565e+01 9.379524014823940092e+01 8.500088999562402137e+01 6.694103769196534870e+01 8.500088999562402137e+01 9.579999243156863997e+01 8.425632390083042367e+01 7.597201824507492063e+01 6.402772713075263766e+01 5.297834831795539401e+01 7.190721173554061352e+01 8.019110955376893912e+01
9.124702163186203252e-02 2.009124702157102860e+01 2.269458538336991893e+01 2.400602190708889339e+01 1.467897513319754133e+01 3.470525681261302253e+01 2.336607632945973734e+01 3.065115196787734320e+01 1.446972440036887519e+01 3.411281784743995615e+01 3.411282197551592787e+01 5.420330581855072438e+01 5.837499221818489303e+01 4.152337109905949575e+01 3.644667457301265046e+01 5.655955072804437123e+01 7.226588989987973832e+01 7.491977596778141901e+01 6.898277512122463406e+01 8.925296471737894421e+01 9.784508850712258266e+01 9.736978144451542505e+01 7.771551718542491471e+01 6.367648299576698179e+01 5.467095019703828740e+01 6.584525772737515581e+01 8.562269144169439983e+01 7.680788472523370558e+01 5.691248541673925843e+01 7.680788472523370558e+01 9.235757886515926884e+01 8.929189374548975877e+01 9.230501322879588599e+01 7.296686236759214239e+01 7.296686236759214239e+01 8.125034182191811283e+01 8.539543122913934781e+01
8.187870513261463756e-02 2.008187870513080142e+01 3.830666989488990737e+01 4.299175922112475234e+01 2.883406654960423765e+01 3.469205113428333931e+01 4.349313089662341270e+01 3.726046471816266603e+01 1.721789592157766080e+01 3.726046372315911981e+01 4.148762878339734073e+01 6.160018130459258145e+01 7.000089105812446633e+01 6.165698884698021232e+01 5.655955072804437123e+01 4.376548056995291347e+01 6.391833138920483748e+01 8.177565433528853589e+01 8.925296511122475351e+01 9.760141569163732811e+01 1.010076612707124184e+02 9.273146013732618087e+01 8.347209817300905854e+01 6.367648298304777654e+01 4.942209823047635098e+01 6.947448443442156929e+01 7.109423487247045159e+01 7.017608495573557548e+01 5.016134627734142981e+01 6.437394847003795917e+01 7.692119827854502034e+01 6.973210678755690139e+01 8.353384210663988085e+01 9.295983815254759008e+01 9.072669645098477531e+01 8.074948700562956105e+01 7.250041691300005198e+01
2.239863785106879432e-02 1.002239863785115581e+01 2.416453426158235729e+01 4.416453426164535045e+01 4.887967701705512269e+01 5.465331517375163628e+01 5.146354560117016774e+01 3.137735598893894462e+01 3.726046471816266603e+01 2.143641965612319922e+01 4.148763135001177460e+01 5.442716830769057879e+01 6.828094495611479431e+01 7.662010153930884826e+01 7.226588989987973832e+01 5.800581637515686850e+01 5.324636102906196555e+01 6.752472706734675967e+01 8.770590279830685176e+01 1.005198589633332205e+02 8.947819565723770552e+01 7.276631747909651438e+01 7.958985822411784739e+01 5.972302797292884691e+01 4.544675142579006177e+01 6.026464633066362353e+01 5.113811169151804137e+01 5.729588443366171191e+01 4.454737457803489775e+01 6.456863800687590071e+01 5.713265666958810129e+01 5.564549331610889737e+01 7.546103574897119870e+01 8.836148190308051653e+01 8.249394719953201616e+01 6.250688662646805938e+01 5.251301650828048651e+01
1.991760116496149591e-02 1.416205322489603624e+01 3.416205322489673790e+01 4.801135902462749527e+01 5.019907598152300920e+01 5.848115105295734395e+01 5.980035431125788392e+01 5.146354560117016774e+01 4.982003850345986962e+01 3.560017066548570597e+01 2.602691282899507641e+01 4.609054402493710256e+01 4.812405180261340121e+01 6.498663794937785099e+01 7.506106098968864160e+01 7.819240532385403242e+01 6.752472706734675967e+01 6.973378345518547405e+01 8.990710311406375865e+01 8.764002742225665088e+01 7.227440067147388447e+01 6.123609040176219764e+01 8.054729020002268669e+01 7.180638981428413103e+01 5.181550369272637369e+01 4.014568799297205004e+01 3.688875371081835652e+01 3.718713365067569043e+01 5.727442169437361486e+01 5.556328824927317811e+01 4.289889421696356209e+01 5.053685236563582350e+01 6.060510116273083980e+01 8.031113157131014191e+01 9.072669645098477531e+01 8.074948700562956105e+01 6.250671671064026214e+01
1.766589122093755945e-02 2.001766589122058093e+01 2.960533417350631069e+01 2.801152140569830706e+01 3.019931340895245597e+01 4.567301898161027651e+01 5.274403372267192935e+01 6.102625510961309629e+01 6.403990634143400484e+01 5.166104450048640473e+01 3.157631940589674713e+01 3.205995676908193559e+01 3.653513510725463931e+01 4.656628959630950249e+01 6.081280190196768842e+01 8.098268859816312215e+01 8.770590279830685176e+01 8.990710311406375865e+01 8.764002742225665088e+01 6.767028653608063848e+01 7.133480226668129376e+01 5.229663204524540276e+01 7.227440067147387026e+01 7.999069812841567284e+01 6.793216083083376589e+01 5.173730277362651009e+01 5.233030733289076153e+01 3.246356927207168752e+01 4.893241587373118051e+01 3.554921011620483995e+01 5.561477686165572010e+01 7.045811636702045178e+01 7.854811938173196495e+01 8.836148190308051653e+01 8.908933381615830172e+01 7.962706440916646500e+01 6.109349086298077935e+01
6.490672536223988931e-02 2.006474208985016361e+01 9.605372107163130835e+00 1.386938643427530415e+01 1.964288912617146110e+01 2.567311601772660268e+01 3.274418382957304630e+01 4.429118894461353761e+01 6.429083442374621882e+01 5.772562234897487343e+01 3.761169311363779855e+01 5.214702210212396238e+01 5.073899644237918238e+01 4.599070654893980503e+01 5.605493808644088460e+01 7.032852953302135290e+01 9.048412957917656740e+01 8.943501791593710948e+01 6.946423757366704876e+01 6.946423757366704876e+01 5.135541266388894854e+01 4.597121849257254667e+01 6.595687555189284978e+01 7.163710248601563535e+01 7.842054323337357857e+01 7.097211286772672167e+01 6.077469046663430419e+01 4.893241906466870716e+01 2.887030876171290927e+01 4.850984347129988805e+01 5.367354685718885321e+01 6.323589906105789993e+01 7.332620303312657484e+01 8.671732663348892345e+01 8.051404133022491294e+01 6.173882812088760375e+01 5.187725478298580839e+01
