MOVIE_S12_data/elevation_000594.asc
nrows	50
cellsize	150.0
xllcorner	0
ncols	50
yllcorner	0
NODATA_value	-9999
[rows 0 to 16 of 50, columns 0 to 36 of 50]
8.271705653423140625e-02 2.127631151761726416e-02 9.425194436011796739e-02 4.939197167322698090e-02 3.975871534419905817e-02 6.171646774684565184e-02 1.696294146011132625e-02 1.936121709489252440e-02 4.216450047424835645e-02 2.297044857093000214e-02 6.704298068806634203e-02 4.162315340452049650e-02 3.835349583220235004e-02 2.777463300387698203e-02 2.207885817162396139e-02 7.161913568127860341e-02 9.025521335945362045e-02 3.502399586135773735e-02 8.040414306008919487e-02 3.131346976591601466e-02 7.604099264847130613e-02 2.387740603804927586e-02 5.687112022313325910e-02 4.074439634684711570e-02 8.709178300582484655e-02 7.612946965408906586e-02 1.077918208624280109e-02 9.929772718869623455e-03 4.600412614040166881e-02 2.152795518990661267e-02 2.378824418737431057e-02 9.511189423522797837e-02 9.406546861214974686e-02 1.749038473908382007e-03 2.223905489293687143e-03 6.269637160239108220e-02 9.476101746191394060e-02
7.639902522890137937e-02 2.002127631151726206e+01 2.009425194435976181e+01 2.004939197167287190e+01 6.364314035680930459e+00 2.006171646774648920e+01 1.001696294146002408e+01 2.001936121709453786e+01 1.418430012420532371e+01 1.416510607230200591e+01 2.006704295635097068e+01 2.485012040530620414e+00 2.003550456468537888e+01 2.002777463300352068e+01 1.416421448190244803e+01 2.007161913568092260e+01 3.423588546692780454e+00 2.003502399586100324e+01 2.008040414305973442e+01 2.003131346976556060e+01 5.623042954900786761e+00 2.002387740603769473e+01 1.419900674395420914e+01 2.004074439634649352e+01 1.371653789260914191e+00 2.007612946965373268e+01 2.001077918208588713e+01 8.954201682717471300e+00 2.004599113610494143e+01 2.002152795518955131e+01 6.348343564524159710e+00 2.009511189423487210e+01 1.423620109234322584e+01 2.000174903847355168e+01 2.000222390548893969e+01 2.170881478381306184e+00 2.009476101746155763e+01
7.813061968023242432e-02 2.007813061948710853e+01 3.983307172369148219e+01 2.636431403568057519e+01 2.636431403568128573e+01 1.791131941947324435e+01 3.001696294145966704e+01 3.001696294145966704e+01 3.418430012420602537e+01 3.416510607230271290e+01 2.640755840468970206e+01 6.407334743294284429e+00 6.957147995530181817e+00 2.695693631403779023e+01 3.416421448190173749e+01 2.680420556461639947e+01 6.804205565606832984e+00 1.835121094939914244e+01 3.835121094935117014e+01 3.139654635815706030e+01 1.139654564679709559e+01 3.139654635815706030e+01 3.419900674395491080e+01 2.265445863437491170e+01 2.657862431936333092e+00 2.265445102554473777e+01 3.723815580615455190e+01 2.895420450050461980e+01 2.895418612982028606e+01 3.301501023119017475e+01 1.301501023119088529e+01 3.301501023119158873e+01 3.423620109234393283e+01 3.843301152296569256e+01 1.843301285889807772e+01 4.290877238394017468e+00 2.429087683716473478e+01
1.795629399984677299e-03 1.154880101319239927e+01 3.154880101293859340e+01 4.636431403567986109e+01 4.619559066693413740e+01 2.945832480326555469e+01 4.619559066693413740e+01 5.001696294145895649e+01 4.644820820649902515e+01 2.644715830099362108e+01 1.230501298949003619e+01 2.640755840468970206e+01 1.020157641814540561e+01 3.020132374817923093e+01 4.333353835689597133e+01 3.045568928228311734e+01 1.045568928230790817e+01 3.045568928228311734e+01 4.663548217366010107e+01 3.806321391885809646e+01 1.806321231346387890e+01 3.806321391885809646e+01 4.346775301304103323e+01 2.394739990623762793e+01 3.951704940604730876e+00 2.394739990623023829e+01 3.610761679757372633e+01 4.426730776692922831e+01 4.895399173357195366e+01 4.129928147865177834e+01 2.301501023119106293e+01 4.129928147865378918e+01 4.846898502407847076e+01 3.623808114533281355e+01 2.646018117246172707e+01 6.460181816580569780e+00 1.800718720023279928e+01
2.526786264046545702e-02 2.002526786236176548e+01 3.188856461743860393e+01 3.895963242937160942e+01 4.724390372749414269e+01 4.945832480326484415e+01 5.774259605072644774e+01 5.293756533421510824e+01 3.293602336003537800e+01 1.879386983471787431e+01 3.230533018746562135e+01 3.848334260239799676e+01 3.020132367618301217e+01 1.505228891887202458e+01 3.505195534857598716e+01 3.430469107687466135e+01 1.430469107690537989e+01 2.844682670063608043e+01 4.844682670053131091e+01 4.634755844968773886e+01 2.806321231346989720e+01 4.634755844968371008e+01 3.523034026448139144e+01 1.525061746942977692e+01 5.253642169529148198e+00 1.094717174910284996e+01 1.709001943637922594e+01 3.610762459400181967e+01 5.470757563331891049e+01 5.129928147865396681e+01 4.301501023119176637e+01 5.129928147865396681e+01 3.800349570855785686e+01 1.708092232912275321e+01 9.662744892682285425e+00 2.646018117246172707e+01 3.474443184398840145e+01
8.483503398980346555e-02 5.858337725886086034e+00 1.188856461744141235e+01 1.895963242930701398e+01 3.050663781309973288e+01 5.050663781325265234e+01 6.448657742748895316e+01 4.448310170471125247e+01 3.293602336003537800e+01 2.456737252660938964e+01 4.456803261230997748e+01 5.258118884869359277e+01 3.864398835797364029e+01 1.864439495940746028e+01 3.864398836056933817e+01 3.847497935800803504e+01 1.847497935804680225e+01 3.847497935800803504e+01 5.361919398312472396e+01 5.634772611926039332e+01 4.806321827015666059e+01 5.634768728632938917e+01 4.346775301304924000e+01 3.029192193498415620e+01 6.604031864577917688e+00 1.337380432737058555e+01 2.872108275267720146e+01 2.708522323795160602e+01 4.066524013211856214e+01 6.047823533860835710e+01 6.154834595779474427e+01 5.154194514154455220e+01 3.315591034063094611e+01 1.319227770905285446e+01 2.966274378195753769e+01 1.966274489266945835e+01 3.380488048286761682e+01
4.163169627051844027e-03 2.000416316962669683e+01 3.188856461748319404e+01 3.895963242937160942e+01 4.724390372749414269e+01 5.879090914628210385e+01 7.278350279202267359e+01 5.525923899928067584e+01 3.525782332361379900e+01 4.456803261230997748e+01 4.456803261230997748e+01 4.430068239633634164e+01 2.430124920888026452e+01 3.278651037154943992e+01 4.692519131279217248e+01 4.675925058418282276e+01 3.261711498177725588e+01 2.533492276374703778e+01 3.947705838747749141e+01 5.947705838727653571e+01 6.532022808678428305e+01 4.534021982828171105e+01 3.366260938216106524e+01 2.861151346422673925e+01 7.964785511184647504e+00 2.752128308620673636e+01 3.632340092707306667e+01 4.646833207248288033e+01 4.646833207248288744e+01 6.632240853144557491e+01 5.326333861390531155e+01 3.324597046803038580e+01 2.324621399428409774e+01 1.572151038496205189e+01 3.569219164319687820e+01 3.966274267124560282e+01 3.380488048286761682e+01
2.434392073152260791e-02 2.002434392073116598e+01 3.005494680624159187e+01 5.002392116871975958e+01 5.306806713044312573e+01 5.157145700511772191e+01 5.987498848349405023e+01 6.355184266343518118e+01 4.680485415239101599e+01 6.355184266343518118e+01 6.457299942689380146e+01 4.856454294152854345e+01 2.856526353593431722e+01 4.856454283573128805e+01 6.106383440219826042e+01 6.090138618658756542e+01 5.165947808399734953e+01 3.165947808408368402e+01 4.166485438230098026e+01 6.166485438198226632e+01 7.352882727801301144e+01 5.504060255082783470e+01 3.955625358350701504e+01 1.906385105897316024e+01 1.048723673258361622e+01 1.030068485942315704e+01 3.105670162874582374e+01 4.941768506359640156e+01 5.828262457859561607e+01 7.008000081321023345e+01 6.154834595779474427e+01 5.154194514154455220e+01 3.881432641916899939e+01 1.882287882516633459e+01 2.385168746452070820e+01 4.386092374692649543e+01 5.380487301294023439e+01
5.883922493566802470e-02 1.005883876358558204e+01 3.005741797726425446e+01 4.717161435520979040e+01 3.306134951160450441e+01 3.156832646333616665e+01 4.571167674290582994e+01 6.575861752823172424e+01 6.680814347350224125e+01 7.510555568170613583e+01 6.770429889147587232e+01 4.770732455734467692e+01 3.356526353545914532e+01 4.489503074195813070e+01 6.489199982116618060e+01 6.580161370751956440e+01 4.580161370781413410e+01 4.320648346787579186e+01 5.994374929537287500e+01 6.994912556334975307e+01 6.658367901918802545e+01 4.677792652097848958e+01 2.653235528491999418e+01 1.443236122640045949e+01 3.119115076066680459e+01 1.199349801062477994e+01 1.994093320549862725e+01 2.920495812332429963e+01 4.118244873476935197e+01 6.179318042655609133e+01 6.512190127696577235e+01 4.511339941259282682e+01 3.095097879219200365e+01 2.200438793717250974e+01 4.201927940362255498e+01 3.279537528440158667e+01 4.695306277162610087e+01
2.016265153036126551e-02 2.002016265153000774e+01 2.654504667811937679e+01 2.997169990777201320e+01 1.891921173349255980e+01 3.891723586170007110e+01 5.414177263397257889e+01 5.752310593656082460e+01 6.580692336884268911e+01 7.580645415928988484e+01 7.355825859992512505e+01 5.356430273659834285e+01 4.023193017631244572e+01 5.356430273659834285e+01 7.316763110880692977e+01 7.408588488293082719e+01 6.580161370751956440e+01 6.320648346767156056e+01 7.149075465420942521e+01 7.453967907992679898e+01 5.835044277934481727e+01 3.835930583695287055e+01 3.793288376425301323e+01 1.739386796679536218e+01 1.469770673554555884e+01 3.274792653395793707e+01 1.969117869906028062e+01 3.967122635399920227e+01 4.738325626380727584e+01 6.706883355747449116e+01 7.098020367389464980e+01 5.097373417821048491e+01 4.555987833153636757e+01 2.553104774416651068e+01 4.555991580451028966e+01 5.281313035982189774e+01 4.435644400309090685e+01
1.256007409845548775e-02 3.256988496713712600e+00 6.544968242820872639e+00 9.974939945671080110e+00 1.444707590067059932e+01 2.599404634286689131e+01 4.598648040751785970e+01 3.752354168750284913e+01 4.752351003685416941e+01 6.752270183626757216e+01 7.436948597887763412e+01 5.437392471667250504e+01 5.177890861173185755e+01 6.850809946124542194e+01 8.183071239402069352e+01 8.671674348011002564e+01 7.688862170590677181e+01 6.873878999397162204e+01 6.311618705329129853e+01 5.805478181896449996e+01 4.640289636829157160e+01 4.202774781702382967e+01 2.172502983148324773e+01 3.793288376425301323e+01 3.541382912641014968e+01 1.749238816788402318e+01 3.807551407676988475e+01 2.772136075549195766e+01 4.162284203659258708e+01 6.129012641603596734e+01 7.589950163649315584e+01 6.342697776885133010e+01 4.341872241521227949e+01 2.925081517309271106e+01 4.082187707301477531e+01 6.083181664690886947e+01 5.850669081598976362e+01
1.283213977233468341e-02 2.001283213977198017e+01 2.654504667811937679e+01 2.411708343908011543e+01 3.444697554197056633e+01 2.175004332588031630e+01 2.752354598743894698e+01 4.752332381203185463e+01 6.580692336884268911e+01 7.580645415928988484e+01 8.264227420581840988e+01 7.436948597887763412e+01 7.177556255211102609e+01 8.004953390933731328e+01 9.247077665549265646e+01 7.279650070971563025e+01 5.891861726864483018e+01 4.912838238271947944e+01 4.340498723020717620e+01 3.826037476393375414e+01 4.640289636829157160e+01 2.631343892600568779e+01 4.202774781702382967e+01 5.028832956471609350e+01 3.997168021998810161e+01 1.950313256871878309e+01 3.997168020332243543e+01 4.738325626380727584e+01 3.824121652348094358e+01 4.801149693235135629e+01 6.775119959735341979e+01 6.342722354471008117e+01 4.341872309745396308e+01 3.385349222369742961e+01 5.387152412725094308e+01 6.911663165734661618e+01 7.850869025864042783e+01
9.594114293757748102e-02 1.164294652672999320e+01 3.164294652672963792e+01 4.411752292458885449e+01 5.003385344680507529e+01 4.174988525665111894e+01 4.752332381203185463e+01 5.580723787796122082e+01 7.261598705883996274e+01 7.098599873768930024e+01 6.269577458333123587e+01 6.273704393072679864e+01 7.102346586372586046e+01 8.265970914138607384e+01 9.547845231612558337e+01 7.660682144437862462e+01 6.293843687172969936e+01 6.873878999397162204e+01 6.311618705329129853e+01 5.129842035675816447e+01 3.136037503377614755e+01 3.643037696643121848e+01 5.457681577613903556e+01 4.323849697565980676e+01 2.296861882110582087e+01 2.303651764468342833e+01 4.330385515082402037e+01 5.645312582385844280e+01 5.788134826485239159e+01 6.603960301645649622e+01 7.589950163649803017e+01 6.342723220718050925e+01 5.990399917808912278e+01 3.989654287727869075e+01 4.541658372561138179e+01 5.696781161988385378e+01 7.696871370796013423e+01
3.950229235330715398e-03 2.000395022923497379e+01 3.992721777419088625e+01 5.643963462685830734e+01 4.814957706022720885e+01 4.595955318827420655e+01 4.585521288305811538e+01 5.414786696014236611e+01 5.257484048012248934e+01 5.257484598721154612e+01 4.263616270758352300e+01 4.265267667779441041e+01 5.430662792389645688e+01 7.437548119733772012e+01 7.582079595164778141e+01 8.425747384266017548e+01 8.192670601513438555e+01 7.314849987697628819e+01 5.327850104488695138e+01 3.921244785331779781e+01 5.129842035675816447e+01 5.053340472511919756e+01 6.446975393204624538e+01 4.556555305371504971e+01 2.541014003061897597e+01 4.330385515081162140e+01 2.808136013455970215e+01 4.817858116236909183e+01 5.761335171809733424e+01 6.220020471430345310e+01 7.046609958104858151e+01 8.342875953359035179e+01 6.657142896589745362e+01 4.656913960247234030e+01 6.542118750337394317e+01 7.370573855662105700e+01 8.525320001336700670e+01
7.711341127313005306e-02 1.421924903500420534e+01 3.421924903500490700e+01 4.040854038987081509e+01 2.812172695454167481e+01 2.593055159244277164e+01 2.581668546920716878e+01 3.687830798519048869e+01 3.966546051495304681e+01 3.250324635004518115e+01 3.102850519152496389e+01 5.111435267859582865e+01 5.873627719144361947e+01 6.419349479569359573e+01 5.639315979197782980e+01 7.510068538097705471e+01 8.307788665131661787e+01 6.321911310263608641e+01 4.916096471227776021e+01 5.909828896063714154e+01 6.731737139952707594e+01 7.030530968836104933e+01 6.205333938029706076e+01 4.205905099814876991e+01 2.783866476366070586e+01 4.791524248027810984e+01 4.817858116236909183e+01 3.332562834580945577e+01 3.761249630016517642e+01 4.220657603496413657e+01 6.220020471430345310e+01 7.801630261218220141e+01 7.485588272470258175e+01 5.551543951333442095e+01 7.485588272470258175e+01 8.835628000555301753e+01 8.007072795556184985e+01
9.541454368626212448e-03 2.000954145436827147e+01 2.414492484156004792e+01 2.039501280788552151e+01 2.843070946109735786e+01 1.176583422104636156e+01 1.424600895017237434e+01 1.682785588151774903e+01 1.960142776056197178e+01 2.246053537190626059e+01 4.253904874532976521e+01 5.154839548850857511e+01 3.850604517654996783e+01 4.389006731784824922e+01 5.107901720144089808e+01 6.536490787531154467e+01 8.541889991443142094e+01 7.724743994943983694e+01 6.063915994954813726e+01 7.724743994943983694e+01 7.981216627170392997e+01 7.155342217924676618e+01 6.448912512591405743e+01 5.032637703115728556e+01 3.029712028656201994e+01 5.032637703115728556e+01 6.091276122206644317e+01 4.091033301117985133e+01 5.761335171809733424e+01 6.220020471430345310e+01 4.976602966910017756e+01 6.975552304314621210e+01 8.380035991541733154e+01 6.965801847551009018e+01 8.380035991541733154e+01 8.007072795556184985e+01 6.007021998472249180e+01
2.297228869525369793e-03 2.060537150527322225e+00 4.133328635351517732e+00 6.241193359225786885e+00 8.410165460020033734e+00 2.843075934290152773e+01 3.428596368651393078e+01 2.501361123787934915e+01 3.966546391086379231e+01 4.253904874532976521e+01 2.754617145470205486e+01 3.140570294607812940e+01 4.148654055934508733e+01 6.161025041767210553e+01 7.124271970152800293e+01 6.536810592778068951e+01 8.542529194781272395e+01 8.870545825041939736e+01 8.050538166309176802e+01 8.307986481652098121e+01 6.311548053823390347e+01 5.157257277633566162e+01 4.450247565993826981e+01 3.817447911645417236e+01 3.307033776754773413e+01 5.307392657928496504e+01 6.917093954255518895e+01 5.246161130155572749e+01 6.918342246852245125e+01 6.390627125533513464e+01 6.390627125533514175e+01 6.241425608321242890e+01 8.238807585134573230e+01 8.965811909536083135e+01 8.542358380436003529e+01 7.713750253537928359e+01 6.592823314220586894e+01
