MOVIE_S12_data/elevation_000287.asc
nrows	50
cellsize	150.0
xllcorner	0
ncols	50
yllcorner	0
NODATA_value	-9999
[rows 0 to 16 of 50, columns 0 to 36 of 50]
8.271705653423140625e-02 2.127631151761726416e-02 9.425194436011796739e-02 4.939197167322698090e-02 3.975871534419905817e-02 6.171646774684565184e-02 1.696294146011132625e-02 1.936121709489252440e-02 4.216450047424835645e-02 2.297044857093000214e-02 6.704298068806634203e-02 4.162315340452049650e-02 3.835349583220235004e-02 2.777463300387698203e-02 2.207885817162396139e-02 7.161913568127860341e-02 9.025521335945362045e-02 3.502399586135773735e-02 8.040414306008919487e-02 3.131346976591601466e-02 7.604099264847130613e-02 2.387740603804927586e-02 5.687112022313325910e-02 4.074439634684711570e-02 8.709178300582484655e-02 7.612946965408906586e-02 1.077918208624280109e-02 9.929772718869623455e-03 4.600412614040166881e-02 2.152795518990661267e-02 2.378824418737431057e-02 9.511189423522797837e-02 9.406546861214974686e-02 1.749038473908382007e-03 2.223905489293687143e-03 6.269637160239108220e-02 9.476101746191394060e-02
7.639902522890137937e-02 2.002127631151726206e+01 2.009425194435976181e+01 1.419152759540430253e+01 2.003975871534384368e+01 7.132784279612290668e+00 2.001696294145975585e+01 2.001936121709453786e+01 5.206142295417492960e+00 2.002297044857057529e+01 2.006704298068770953e+01 2.004162315340416356e+01 3.019777465831915642e+00 8.192740442107917076e+00 2.002196697553941362e+01 2.002690899764892407e+01 1.163479751469967916e+01 2.003502399586100324e+01 1.335315753336405065e+00 2.003131346667230162e+01 2.007604099264000297e+01 8.188843173486183957e+00 2.005687112022277674e+01 1.418288002007792237e+01 2.008709178300546938e+01 3.506101172504272778e+00 2.001077918208588713e+01 2.000992976799009782e+01 1.418813974987147652e+01 2.002152795518955131e+01 5.797290936083606461e+00 2.009511189423487210e+01 2.009406546861179521e+01 1.850749692558007364e+00 2.000222367741983831e+01 2.005441405391097476e+01 2.009476101746155763e+01
7.813061968023242432e-02 1.422026624341130763e+01 3.422026624341201284e+01 3.419152759540500597e+01 3.469207373979605791e+01 1.469207373979677023e+01 3.469207373979605791e+01 3.055136713366638190e+01 1.055136713366602663e+01 3.055136713366638190e+01 2.733308796577822974e+01 7.333088393969434016e+00 2.301977712998679593e+01 2.819259914799582845e+01 2.233486622554925560e+01 3.949456864626161945e+01 3.153952331391442954e+01 2.893438464568857782e+01 2.071725316408696216e+01 3.120603124046144039e+00 2.341982635638627031e+01 2.233087105978318831e+01 2.451844834804684226e+01 3.418288002007862758e+01 2.350610117032876900e+01 9.830656492840978089e+00 9.678235170987896652e+00 2.967823517368043440e+01 3.418813974987217819e+01 3.182751498496072173e+01 1.182751782763882709e+01 3.182751498496072173e+01 2.370790759565020522e+01 3.707703074328529969e+00 2.370790758031202117e+01 3.463909181542249627e+01 3.470203819407736034e+01
1.795629399984677299e-03 2.000179562939963063e+01 3.182899744609166603e+01 4.011326869355291791e+01 4.297634498725766150e+01 2.883420936352747077e+01 4.297634498725766150e+01 3.658159402522210968e+01 1.658159402522140624e+01 3.658159402522210968e+01 3.045656312430150692e+01 1.045656363174152936e+01 2.200356901537272236e+01 4.200356781513845306e+01 3.647688166498927842e+01 5.060847827336147020e+01 4.559872292656149284e+01 2.606532027450333899e+01 2.430439992611465883e+01 4.388051625094933961e+00 2.440202518357782324e+01 4.232696672182461128e+01 3.865917023035053290e+01 5.179036914181178020e+01 3.649732315418071238e+01 1.649732315950752692e+01 1.426654984839909268e+01 3.426654984648950375e+01 4.251796139723433754e+01 2.251796750403705616e+01 3.182751498496072173e+01 3.785172598181269876e+01 1.784995552035670485e+01 2.367941388954269399e+01 6.429358344087628296e+00 1.797268744613419145e+01 3.787577334468211632e+01
2.526786264046545702e-02 5.798770554536697652e+00 1.182899744609202308e+01 2.597113306982322456e+01 4.597113306982392800e+01 4.883420936352676023e+01 4.923070466589584981e+01 2.923070466589514638e+01 3.072372964895260949e+01 4.486586527268431013e+01 3.378989635614676246e+01 1.378989696507483309e+01 3.378989635614676246e+01 5.028781844930414735e+01 5.647301686226685291e+01 5.263694535926698848e+01 4.118054792311978218e+01 2.619429986917773689e+01 6.198766545938959815e+00 2.438630131543935420e+01 3.273912764634691541e+01 5.172224478033129458e+01 5.864678958925559016e+01 4.804432853069652509e+01 2.804432854329984082e+01 3.649732315418071238e+01 1.911726234912566724e+01 3.911726234660464030e+01 5.080208582964407071e+01 3.406497288249438071e+01 5.080208582964407071e+01 4.613342662037093334e+01 3.784566762762477055e+01 2.839407595077233637e+01 8.400016900416231280e+00 2.834396133939561579e+01 4.584103824149782014e+01
8.483503398980346555e-02 2.008483503398944947e+01 3.182899744609238013e+01 2.447810808676576144e+01 3.862024371049721339e+01 5.862024371049791682e+01 5.751497591335805026e+01 4.337284028962659477e+01 5.072372964895331648e+01 4.543605661227977777e+01 2.585494468784414579e+01 1.757766033859309118e+01 2.916401129229592826e+01 4.918274101970886392e+01 6.168590792914061183e+01 4.444304967303559550e+01 2.457461847101826891e+01 1.303674439379594219e+01 7.489760994660528581e+00 2.741728222767859080e+01 2.351929613966939669e+01 3.765125881080239623e+01 5.758950772720378808e+01 5.632859667195678810e+01 3.959133392709194510e+01 4.489076503747761393e+01 2.489076504102182241e+01 3.544719396764840980e+01 5.544719395408321816e+01 4.820710807646206320e+01 6.043493226308497412e+01 4.043584477103218688e+01 2.629358126586880928e+01 3.039685535109612502e+01 1.040001690041624904e+01 2.454218723089143239e+01 4.454244144508039227e+01
4.163169627051844027e-03 1.414629879341630136e+01 3.414629911007138219e+01 4.447810808676646843e+01 5.276237933422866178e+01 5.634253454210649892e+01 6.462679371266392536e+01 6.337284028962729820e+01 5.965359048957104449e+01 4.044642350152089705e+01 4.178539430092640572e+01 2.169135127147531961e+01 4.178538771563246002e+01 5.746777320860223881e+01 5.349613742637171043e+01 3.369459378899342994e+01 2.372087882933445258e+01 3.297200557017580991e+01 2.748499044960299997e+01 9.379583359400552212e+00 2.351984852574048901e+01 4.350664176070141309e+01 5.750367111843685564e+01 6.787559990409215516e+01 5.959133389727254126e+01 5.121532035617524059e+01 3.121532036135846866e+01 5.121532035617524059e+01 6.373146342549976140e+01 6.820706025540300743e+01 6.629122576346060214e+01 4.629344187991139847e+01 3.364461526546403292e+01 1.364444532303223845e+01 3.040013140528987989e+01 1.688887381213677585e+01 2.843590607390830272e+01
2.434392073152260791e-02 2.002434378927971892e+01 2.307395267611484257e+01 4.307395278221926560e+01 5.307979331512472498e+01 3.634253467897820400e+01 5.307979331512472498e+01 6.722192171140733308e+01 6.789131077678290183e+01 5.575623203697298180e+01 2.924302900095741364e+01 2.787806692747677317e+01 3.811081985385231974e+01 5.813529796910911784e+01 6.168590792914061183e+01 5.178948390773015120e+01 4.359536560768255242e+01 4.486031612680545777e+01 2.487717941522875975e+01 1.073727182535605706e+01 3.073076223830801013e+01 2.926465563203402809e+01 4.924485017777338669e+01 5.493849620390103894e+01 6.318294070607731072e+01 5.949959038468252714e+01 4.535745598508696474e+01 4.535745598508696474e+01 6.535745596739867835e+01 6.889387972430104412e+01 5.994892933297234094e+01 5.019482325059333050e+01 3.019435369752378406e+01 1.605216238474971746e+01 3.605235560270278938e+01 3.688904280463318486e+01 2.444816541693693424e+01
5.883922493566802470e-02 3.073952670713298474e+00 2.307395269933212489e+01 3.108162250809200344e+01 3.479552926626184473e+01 2.479552929518639459e+01 3.893766491884210978e+01 4.950957442740694603e+01 6.950957321310663417e+01 5.704476496014370923e+01 3.657588027905342187e+01 3.430284748520372773e+01 5.381278080656654339e+01 6.641916509561646365e+01 6.625298693718794141e+01 5.732633477472175088e+01 4.906726493113665555e+01 3.721643014683581896e+01 1.722604808337456817e+01 1.445117709338309986e+01 1.293919933818497014e+01 3.293108964490637192e+01 4.229751047370815087e+01 3.495134281535300147e+01 4.910023581819844907e+01 6.903330360772976348e+01 6.535745596739867835e+01 6.535745596739867835e+01 7.364172478427812507e+01 5.475006360411979500e+01 4.060746293048808297e+01 3.166311547479454092e+01 2.499643819942132694e+01 1.874896183461569521e+01 3.874918519073347767e+01 5.273299099500275844e+01 4.444843330005781468e+01
2.016265153036126551e-02 2.002016248436274282e+01 7.546088625712859432e+00 1.108162253164556610e+01 1.479552929518657223e+01 1.950957450309680752e+01 2.950957450309662988e+01 4.950957442740694603e+01 6.750580362388352285e+01 6.548845632788383853e+01 4.700706527115535494e+01 4.283718480674714613e+01 6.207501751259987799e+01 6.952872976298061758e+01 4.956229389429283572e+01 3.802443422372729742e+01 2.908453673331661449e+01 2.408543660503695349e+01 1.989440757111467661e+01 3.444308124117787173e+01 3.293108964490637192e+01 1.518228781680019779e+01 2.226234055938881440e+01 4.211671811921284103e+01 5.610360976967968583e+01 6.486697531512967885e+01 7.313315441521916682e+01 7.956345958239910487e+01 8.303769584448230034e+01 6.889387972430104412e+01 5.994892933297234094e+01 5.166361326814755728e+01 4.149643206087232983e+01 2.149617311366177219e+01 4.149643206087232983e+01 5.610623248775981864e+01 6.216129736435462405e+01
1.256007409845548775e-02 2.001256007409810067e+01 1.510537808589733899e+01 3.108162250809200344e+01 3.479552926626184473e+01 3.950957446525193006e+01 2.767454031237392442e+01 3.922154569616592568e+01 5.922154554485043576e+01 7.559626473140112068e+01 6.142145521184600909e+01 5.425004041114372200e+01 7.097203987944735104e+01 7.776786182746972997e+01 5.974446963236231056e+01 3.976924871214305313e+01 4.906726493113665555e+01 4.380309920261237266e+01 2.381656544102386519e+01 4.380322065274766175e+01 4.343928914558212284e+01 3.517231496232132315e+01 1.750723962752539364e+01 2.930359201737413954e+01 4.640072466402455120e+01 4.525890045351783897e+01 5.972470381735379164e+01 5.972470381735379874e+01 7.784613196302203164e+01 8.059327578514621848e+01 6.059178133458514282e+01 5.887666567206497348e+01 4.514797361363224582e+01 2.514765683249148864e+01 2.782072892945690867e+01 4.782110547012997870e+01 6.317774471410782411e+01
1.283213977233468341e-02 2.001283213977198017e+01 3.510537804995528433e+01 2.775448872656913935e+01 4.775448862878415923e+01 5.595880367785383669e+01 4.181667593602664112e+01 4.032365095304190561e+01 5.446578657608424834e+01 7.446578598440206065e+01 8.148482650705406627e+01 7.422453533499586342e+01 8.250851300839522651e+01 7.385692941610756179e+01 5.389889739149016634e+01 5.974446963236231056e+01 6.329544186216273971e+01 4.797064021098327657e+01 2.798640358526917282e+01 4.211971438947055901e+01 6.206525133081977685e+01 4.572538984648878824e+01 3.749422930958552058e+01 1.987273485065203360e+01 3.985632455397165330e+01 3.394387020782173181e+01 4.018671106077509592e+01 4.989789588197892556e+01 6.955151175272864350e+01 7.536687649927003463e+01 6.059178133458514992e+01 4.059102362851076151e+01 3.059096771524648872e+01 4.514797361363224582e+01 4.782109972305129020e+01 3.489180472147442202e+01 4.903423157935671384e+01
9.594114293757748102e-02 1.423807676666865341e+01 3.423807676666935862e+01 4.775448862878415923e+01 4.775448862878415923e+01 6.775448710754986337e+01 6.181667571794122296e+01 6.032365077905362938e+01 6.860790794187438735e+01 7.880174304082859749e+01 7.053848792557884906e+01 7.163716650216133530e+01 7.990075583587000096e+01 8.209002866832659606e+01 7.385692941610756179e+01 6.915504669267971849e+01 4.918556363813872423e+01 3.505490596539697634e+01 4.212023480177159485e+01 5.620922863405790793e+01 5.564968726509595598e+01 4.740184551720429340e+01 4.156230851566517259e+01 2.156351404559593732e+01 2.641611379244934810e+01 4.613724561768550814e+01 5.972470381735379164e+01 6.796493833546797703e+01 7.784613196302203164e+01 6.708095843361073207e+01 4.707997134513825443e+01 3.707983130291023599e+01 5.059140248155075170e+01 5.887666567806178364e+01 6.121718193959613785e+01 4.121638868907529485e+01 5.489237556784937766e+01
3.950229235330715398e-03 2.000395022923497379e+01 3.652635383135011438e+01 4.807336153564527592e+01 6.148450863285803791e+01 6.018601514750111647e+01 5.434255231916810658e+01 5.434458492642611560e+01 6.261924722157719003e+01 6.530394967489500857e+01 5.059652405393717345e+01 5.169556405385976205e+01 6.579706301898605147e+01 8.573642353690550522e+01 7.808149961252932769e+01 5.812134423296151908e+01 4.399263455738582707e+01 4.918556363814618493e+01 6.209476829528295383e+01 5.922683713304481046e+01 4.740112702330350203e+01 2.741550446049093281e+01 2.497060380792638767e+01 2.433871068461944631e+01 4.425903690946724112e+01 5.432109057028893062e+01 6.326837328023253804e+01 7.151188852535668161e+01 8.147731161991745807e+01 7.536687649927003463e+01 6.536594527279508782e+01 5.708046488937456786e+01 4.524487075465290076e+01 6.524581700286800867e+01 6.950279776256512321e+01 5.276373054947151786e+01 5.535899931131161367e+01
7.711341127313005306e-02 8.242079220550319718e+00 1.978908460434263006e+01 3.978908463804194895e+01 4.165868451157820118e+01 4.022502714363840681e+01 3.437735674879037617e+01 3.437737140727263352e+01 5.434369683949608998e+01 4.535610433143306608e+01 3.907182109858719343e+01 5.059652405393717345e+01 6.469857659260688365e+01 8.463728106869585588e+01 8.026083612270055312e+01 6.030570328700762417e+01 5.398360393777427646e+01 6.915504676218039037e+01 6.509171308358986607e+01 4.514480308642044548e+01 3.100834030044615020e+01 4.740184686465382669e+01 4.496202935444676285e+01 4.433560955921998215e+01 2.838138089902118821e+01 4.837491305026229327e+01 4.329001408699835451e+01 5.329083859091533526e+01 6.741351865859846271e+01 8.732654134508409527e+01 8.157675392614086718e+01 6.157552268434289289e+01 5.280436742388226889e+01 7.280555552188995705e+01 8.105104589363008927e+01 7.276481175720398653e+01 7.536008656849250542e+01
9.541454368626212448e-03 2.000954145436827147e+01 3.652625968145523672e+01 4.022134338045788837e+01 2.759854355295484396e+01 3.129339200138775823e+01 2.024495107690653839e+01 4.022498895398089047e+01 5.119811293949489794e+01 3.123510202334794172e+01 5.119861769341839874e+01 6.728465749667714135e+01 6.366537426810619849e+01 7.192936964896614427e+01 8.190179135222142293e+01 8.026083612270055312e+01 6.811073297118053915e+01 8.219770764051376943e+01 6.979043305292552191e+01 4.985651333073832348e+01 3.572139266523168288e+01 3.547949944510652642e+01 5.544593249151405701e+01 5.663420204090947863e+01 4.837491305026229327e+01 3.259799207365809792e+01 5.258949110145499617e+01 6.259736543045747936e+01 6.259736543050122748e+01 8.252445190361036964e+01 8.986397401248980543e+01 8.109175002862092185e+01 6.435211363887070490e+01 8.109175002862092185e+01 8.473995556735833645e+01 7.645811707909045651e+01 7.632239700494251622e+01
2.297228869525369793e-03 2.000229681924189151e+01 2.400162220214981090e+01 2.016510457838727532e+01 2.750913933454577531e+01 1.130153170426372711e+01 3.101532093290870051e+01 3.744431143986376043e+01 4.017805475476061616e+01 2.652286602558144324e+01 4.649280099637188357e+01 5.300263839929348109e+01 4.371723808983433202e+01 5.369552330732655321e+01 6.779503201012278168e+01 8.773469890450286357e+01 8.805226625591853917e+01 8.473008007558745192e+01 7.651552413275311437e+01 6.084997239440880890e+01 4.088532853280093349e+01 5.544593249157660608e+01 4.012899392089232720e+01 6.007730864517227332e+01 6.084502265663810050e+01 5.258949110153881179e+01 3.744817934929977810e+01 4.261387278096125897e+01 6.259736543050122748e+01 7.857404003068629095e+01 8.679896672335897279e+01 9.264039083349351245e+01 8.435317188350947504e+01 8.319327352751878379e+01 7.319688558475819207e+01 5.646532404475117772e+01 5.632881555475920976e+01
