MOVIE_S12_data/elevation_000599.asc
nrows	50
cellsize	150.0
xllcorner	0
ncols	50
yllcorner	0
NODATA_value	-9999
[rows 0 to 16 of 50, columns 0 to 36 of 50]
8.271705653423140625e-02 2.127631151761726416e-02 9.425194436011796739e-02 4.939197167322698090e-02 3.975871534419905817e-02 6.171646774684565184e-02 1.696294146011132625e-02 1.936121709489252440e-02 4.216450047424835645e-02 2.297044857093000214e-02 6.704298068806634203e-02 4.162315340452049650e-02 3.835349583220235004e-02 2.777463300387698203e-02 2.207885817162396139e-02 7.161913568127860341e-02 9.025521335945362045e-02 3.502399586135773735e-02 8.040414306008919487e-02 3.131346976591601466e-02 7.604099264847130613e-02 2.387740603804927586e-02 5.687112022313325910e-02 4.074439634684711570e-02 8.709178300582484655e-02 7.612946965408906586e-02 1.077918208624280109e-02 9.929772718869623455e-03 4.600412614040166881e-02 2.152795518990661267e-02 2.378824418737431057e-02 9.511189423522797837e-02 9.406546861214974686e-02 1.749038473908382007e-03 2.223905489293687143e-03 6.269637160239108220e-02 9.476101746191394060e-02
7.639902522890137937e-02 2.002127631151726206e+01 2.009425194435976181e+01 2.004939196910997978e+01 6.364314035680930459e+00 2.006171646325252667e+01 1.001696294146002408e+01 2.001936121709453786e+01 1.418430012420532371e+01 2.002297044793098024e+01 2.006704298068770953e+01 2.485012040530620414e+00 2.003835349583184566e+01 2.002777463300352068e+01 1.416421448190244803e+01 2.007161913568092260e+01 3.378234959466606124e+00 2.003502399586100324e+01 2.008040414305973442e+01 2.003131346976556060e+01 7.147108804513916169e+00 2.002387740603769473e+01 2.005687112022277674e+01 1.318497526346728010e+00 2.008709178300546938e+01 1.421826509338491462e+01 2.001077918208588713e+01 8.174895581996201699e+00 2.004600412614004767e+01 2.002152795518955131e+01 2.002378824418702052e+01 6.419667214570187852e+00 2.009294894174503909e+01 2.000174903847355168e+01 2.181066772428059242e+00 4.641203420679726577e+00 2.009467950235244160e+01
7.813061968023242432e-02 1.422026624341233436e+01 3.422026626134363170e+01 3.303098068680024113e+01 1.303098070234765515e+01 3.303098070273853182e+01 3.001696294145966704e+01 3.001696294145966704e+01 3.418430012420602537e+01 3.894699603794840925e+01 2.494673264810084845e+01 4.946841860117264567e+00 2.494673265351190850e+01 3.781804953033883976e+01 3.416421448190173749e+01 2.671187207886991999e+01 6.711568292799953817e+00 1.825857983473161994e+01 3.825928402997679001e+01 3.470639521654370441e+01 1.470639826469839484e+01 3.470639521640764258e+01 2.259886633305520576e+01 2.598866325675690092e+00 2.259886633305517734e+01 3.421826509338308853e+01 3.645917687622272041e+01 2.231703120634885451e+01 2.817489567975570353e+01 3.710951251550748253e+01 1.711011657142287135e+01 2.641959860041824726e+01 3.468941585514884451e+01 2.516841280846012907e+01 4.484169875456176513e+00 2.244655733946335729e+01 1.523937930144407460e+01
1.795629399984677299e-03 1.414393125313080901e+01 3.414393125278614605e+01 4.131525213616001935e+01 3.303098071460604501e+01 2.717311632608324956e+01 4.717311635935097769e+01 5.001696294145895649e+01 4.470982685159953718e+01 2.485489838978989852e+01 1.072034455190150481e+01 2.494673265351190850e+01 9.535156537527450737e+00 2.953482614199343104e+01 4.274040575597789626e+01 3.030422433849259889e+01 1.030367433333548277e+01 3.030422433849259889e+01 4.654503153412375838e+01 4.299052946188927393e+01 2.625340364817100536e+01 3.543417625284269690e+01 1.543418496181818078e+01 3.887179578477354180e+00 2.388717959121483858e+01 3.909914483602630497e+01 4.594953529948431026e+01 4.231703299455136857e+01 4.817489722117120721e+01 4.538990777464790938e+01 2.865711244269328972e+01 4.538990777464790938e+01 3.918638318721832547e+01 2.744603067776139582e+01 6.947121770709710376e+00 2.744601587374683049e+01 2.900478754124462810e+01
2.526786264046545702e-02 2.002526786264010994e+01 3.188856461744105530e+01 3.895963242930771742e+01 4.724390367676991787e+01 4.717311636037719325e+01 5.545739256781782700e+01 5.134788584865484751e+01 3.135112501735225621e+01 1.720920136561115399e+01 3.072019102650511968e+01 3.781804953036910888e+01 2.953482614199343814e+01 1.445881617662803365e+01 3.445813945129430778e+01 3.408420885910168607e+01 1.408331906342856499e+01 3.408420885910168607e+01 4.869670827364336674e+01 5.453731284894693232e+01 4.625338909480967686e+01 4.371760938676921882e+01 2.518906049871253217e+01 5.189068688285598085e+00 2.518906817414784527e+01 1.653784500024504212e+01 2.428669808924966134e+01 4.594953529948431026e+01 6.610455578399025001e+01 5.692520646072644297e+01 4.865458068706503525e+01 4.505364776804581339e+01 2.502391766821489938e+01 1.067305102495468994e+01 1.493309729929310947e+01 2.744557957665774239e+01 4.749011987590274941e+01
8.483503398980346555e-02 5.858337725886086034e+00 1.188856461744141235e+01 1.895963242930701398e+01 3.050663781309973288e+01 5.050663781310043987e+01 6.289157796641124776e+01 4.289745629471168797e+01 3.135112895043003434e+01 2.298270384758343354e+01 4.298110948786392527e+01 5.216575167384819878e+01 3.810976404675640339e+01 1.811029989313208688e+01 3.807601536774902229e+01 4.235473083085515356e+01 2.408333365154637917e+01 2.040787440181012613e+01 3.195492926897048847e+01 5.195789104790227242e+01 5.382101016607587951e+01 4.430002728005989354e+01 2.757795223204874802e+01 1.053028617413979973e+01 7.080985440410795029e+00 2.988853292615662127e+01 4.594953529948431026e+01 3.727578250966082862e+01 5.191083367251564340e+01 7.201122179295333581e+01 6.482404891468026165e+01 4.752526433567454944e+01 2.751918384084961744e+01 1.329338893297313717e+01 3.337835918545046354e+01 2.659093667111557835e+01 4.074608678112763016e+01
4.163169627051844027e-03 2.000416316962669683e+01 3.188856461744176940e+01 3.895963242930771742e+01 4.724390367676991787e+01 5.879090906056263321e+01 7.117172611270716232e+01 5.366980634872429334e+01 3.367308556651157403e+01 4.298110948786393237e+01 4.298110948786393237e+01 4.388304928410043715e+01 2.388380256876599717e+01 3.225235185482915767e+01 4.634970304970803312e+01 5.236379283743346491e+01 3.822666640669265092e+01 2.557185227364780999e+01 4.557360638380156104e+01 6.024682741915871986e+01 4.577798112387458929e+01 2.689190511174645692e+01 1.828479418893680020e+01 2.423048488976824189e+01 8.459551044948803167e+00 2.305285763029283785e+01 4.510694320068392926e+01 5.779810104851033969e+01 6.610428311906390775e+01 7.004154980550414678e+01 5.653854666580624411e+01 3.653793333170304436e+01 3.594309950521950014e+01 1.591614094831238724e+01 3.592001965666209884e+01 4.659894939218415999e+01 4.659892674703037585e+01
2.434392073152260791e-02 2.002434392073116598e+01 3.005883922493522320e+01 5.005883922493450910e+01 5.414226089665061892e+01 5.196687954110721819e+01 6.020484793452826722e+01 6.195038407708410944e+01 4.521951224095231225e+01 6.195038407708410944e+01 6.297538283023059336e+01 4.824719683810096882e+01 2.824816032793711429e+01 4.824719683810096882e+01 6.053309411981878441e+01 6.655382315755272771e+01 5.224114936657213804e+01 3.223852041809878699e+01 3.971430939931397575e+01 5.971920061914793365e+01 5.382122598886017784e+01 4.430011646500893363e+01 3.633493821617821595e+01 2.767067886358551476e+01 9.844704435735158299e+00 2.978073791925396918e+01 4.291170686987523908e+01 5.120035696040665840e+01 6.119933298678866862e+01 6.175563352282298268e+01 4.175516458837238076e+01 3.020787393247390185e+01 2.020342194464797814e+01 3.594309950521949304e+01 2.378604971721689409e+01 4.378910556703920776e+01 6.100532317864612963e+01
5.883922493566802470e-02 1.005883922493558025e+01 3.005883922493522320e+01 4.834088182400900280e+01 3.442395378366853720e+01 3.190480252944200501e+01 4.611584327208900191e+01 6.609253065570779029e+01 6.521312276939072206e+01 7.349297823439545141e+01 6.755061634549386440e+01 4.755395198760219699e+01 3.341213781831330465e+01 4.457767548158139448e+01 6.457469447485850367e+01 6.638817021161717946e+01 4.638126146537953076e+01 4.378573377402343425e+01 5.971920061861191442e+01 6.800909837382137368e+01 6.212315282011612538e+01 5.383023661949599159e+01 4.869476408773747522e+01 2.649536443683787468e+01 1.123089853595049625e+01 1.535443872378001906e+01 2.292432675057304792e+01 3.291795796084647208e+01 4.704109721940196209e+01 6.706326974995326395e+01 5.768402162629798369e+01 3.768361645175298236e+01 2.354068806782756340e+01 4.354159950089867692e+01 4.378910556703920776e+01 3.273288739702880434e+01 5.273505464588875213e+01
2.016265153036126551e-02 2.002016265153000774e+01 2.647682475225799692e+01 3.166050377623600909e+01 2.033209479734378178e+01 4.019931222354205147e+01 5.910522826515374817e+01 5.779995394011638865e+01 6.601387772347482041e+01 7.590540467355430110e+01 7.340649592226120035e+01 5.341083937691731620e+01 4.048319949973620879e+01 5.341083937691731620e+01 7.285643551085182423e+01 7.467892366564454676e+01 6.638817021161717946e+01 6.379146186549401421e+01 7.208199132891139982e+01 7.124818540343188999e+01 5.383023661950216621e+01 3.384281201131218353e+01 3.969699314039650773e+01 3.269369943725958905e+01 1.270853695744902190e+01 3.269369943625007124e+01 2.266798429612335397e+01 4.265565135676904163e+01 5.081289219688271430e+01 7.083488755478077792e+01 5.768402162629798369e+01 3.768361645175298236e+01 4.354159950089867692e+01 2.898474411225187808e+01 4.898497208739062359e+01 5.273505651576316211e+01 4.428010837076622153e+01
1.256007409845548775e-02 3.215123464094697514e+00 6.459556337343683730e+00 1.180479841047985090e+01 3.006411837928364150e+01 4.070744513561013633e+01 4.778768707996388798e+01 3.797177222194582669e+01 4.792794154279172147e+01 6.767196633744094925e+01 7.680696517766389775e+01 5.681206849522961733e+01 5.202992833369692249e+01 6.876300067542113936e+01 8.168807651519880153e+01 8.351020817058909529e+01 7.348687176786991415e+01 6.518651495034471566e+01 5.914174555215471685e+01 5.379228631034047936e+01 4.293533483795730632e+01 3.969699314027544546e+01 1.969392030083126599e+01 1.676423523700284690e+01 1.446693481416735416e+01 3.448408818582708335e+01 4.265565135676904163e+01 3.083181442961214103e+01 4.494956210494325433e+01 6.496822322551325612e+01 6.596953629676519881e+01 5.768402162629798369e+01 5.298501161430356632e+01 3.298481397973900187e+01 4.453182282476328879e+01 6.453228224380137590e+01 5.842307887019472901e+01
1.283213977233468341e-02 2.001283213977198017e+01 2.647682475225799692e+01 1.263305407919898649e+01 1.735056461572935760e+01 2.236084321523586027e+01 2.793281844259569269e+01 4.788586308103104727e+01 6.601387772347482041e+01 7.590540467355430110e+01 8.123739058808298807e+01 7.680696517766389775e+01 7.202585273793597764e+01 8.030711295702641905e+01 8.937737394227232812e+01 6.934606321647626714e+01 5.515993160868225686e+01 4.513828291232627521e+01 3.912590186477433463e+01 3.381386440362015122e+01 2.883985341952636361e+01 2.425050869544353560e+01 3.969699314054165740e+01 3.629030366626928128e+01 1.625840633190203377e+01 3.043552691054897608e+01 5.042498511500389213e+01 5.081289219688271430e+01 4.235355166710681374e+01 5.390042140938768966e+01 7.393626724843669251e+01 6.712760094721060966e+01 4.712695930554038171e+01 3.798482174574716908e+01 5.798507490382232277e+01 7.281807495504634176e+01 7.843600925847975702e+01
9.594114293757748102e-02 1.164294652672999320e+01 3.164294652672963792e+01 2.747748921728228311e+01 3.798018156043261229e+01 4.233461877029546372e+01 4.788586308103104727e+01 5.609949624403499513e+01 6.629462946442998827e+01 6.518934528445750232e+01 6.158262940660915774e+01 6.962198895971403090e+01 7.773470360155555170e+01 8.905922802057675369e+01 9.178307757304608572e+01 8.155236437902381397e+01 6.150837422528201159e+01 6.518651495034471566e+01 5.914174555215471685e+01 5.106797220354063427e+01 3.109956668424280224e+01 4.421895466730898505e+01 5.250773220540333597e+01 3.812596174333358334e+01 1.810129752992012087e+01 2.968217073032254660e+01 4.379934662707585602e+01 6.381021681061658057e+01 6.236856625981992153e+01 7.066394690823652525e+01 8.222906876046923230e+01 6.712760094721060966e+01 6.333039192170412690e+01 4.333004701709823081e+01 6.333039192170412690e+01 8.104503644001199802e+01 8.093828914021430876e+01
3.950229235330715398e-03 2.000395022923497379e+01 3.992721777419088625e+01 5.020808081570019255e+01 5.005864697444548739e+01 4.354022130310998762e+01 3.529033736535070176e+01 4.377716495895588622e+01 4.658389371067650586e+01 4.538966436292697892e+01 4.755911031618696683e+01 4.985710835175166267e+01 6.131992161428677690e+01 8.096282385749697141e+01 7.227882337409005231e+01 8.607202156971908380e+01 8.155236437902381397e+01 7.308599374663374704e+01 5.304621331297791187e+01 3.890779631033004904e+01 5.106797220354063427e+01 5.935675001438908538e+01 5.159105921530518657e+01 3.999924170739633666e+01 1.999757671508346135e+01 3.999929439765136152e+01 4.800980075319398566e+01 5.192359290093375535e+01 5.600418080087796113e+01 6.037545937426050102e+01 6.867489738002660715e+01 8.713045500318276027e+01 7.161606698276811755e+01 6.333039192170412690e+01 5.275812806827956081e+01 6.690030414130296776e+01 8.690245427413077550e+01
7.711341127313005306e-02 1.421924903500420534e+01 3.421924903500490700e+01 4.034241833375612174e+01 3.114491528389599040e+01 3.165438513424307132e+01 1.521064191590480696e+01 2.674446416520467906e+01 4.355779469930182302e+01 3.129193869343986023e+01 3.834987324940779274e+01 5.821072982020618980e+01 6.060251889080826970e+01 6.555533924918535149e+01 5.832821079748534743e+01 7.799148716697816042e+01 8.310409310606708289e+01 6.306789438720046093e+01 4.889509709425718853e+01 5.891572910850625533e+01 6.720986488864932085e+01 5.743746298850318510e+01 3.744888489738608683e+01 2.334253221581509763e+01 3.999913223355879666e+01 2.468335576973097290e+01 2.806693346657595711e+01 3.196709036749203392e+01 3.601346439000706567e+01 4.034374442799639127e+01 6.037545937426050102e+01 7.576473903795931619e+01 8.578571699173741649e+01 7.275879827689684021e+01 6.690030414130296776e+01 8.104503644001235330e+01 8.420691686444955337e+01
9.541454368626212448e-03 2.000954145436827147e+01 2.411315281614042405e+01 2.035259709992181243e+01 2.838630575715027149e+01 1.172916756873961752e+01 3.152837218185058887e+01 1.889258474741559723e+01 2.374144196275063123e+01 4.366852853352458652e+01 5.022931234162452085e+01 5.398693231813001603e+01 4.075575919715094386e+01 4.574405784339069925e+01 5.279585504881713121e+01 6.680617726012175694e+01 8.636127533419949032e+01 7.722654400400327290e+01 6.046647751856801278e+01 7.722654400400327290e+01 7.047411373219765096e+01 6.153322519272776248e+01 4.570375846018492894e+01 2.576328990133985286e+01 4.570372476758024760e+01 4.463884092544697069e+01 4.800980075320305929e+01 3.955523569822676677e+01 5.600418080087796113e+01 6.037545937426050102e+01 4.740537240622847293e+01 5.744211113078758046e+01 7.749595983451358450e+01 9.276218423415325276e+01 8.690245427413077550e+01 8.420691686444955337e+01 6.415633444127040264e+01
2.297228869525369793e-03 2.054253932948980399e+00 4.117096423543235240e+00 6.213666075152071144e+00 8.395844789257211005e+00 2.838630575715037452e+01 3.973582716975971607e+01 3.883363645975000367e+01 2.336317832972641995e+01 2.674161090828708254e+01 3.032983351966309016e+01 3.410347649672750237e+01 5.398693197969149082e+01 6.555533918218347367e+01 7.253373287925113289e+01 6.680617726012175694e+01 8.636127533419949032e+01 8.878927948997795738e+01 8.050643729317239661e+01 7.376476011729251070e+01 5.373233176358121455e+01 4.218126025266504087e+01 3.328337012128220351e+01 2.853423467654090828e+01 4.846808631387216337e+01 6.079759797611245631e+01 6.785563014244409885e+01 5.108857227093041331e+01 6.785563014244409885e+01 7.381349458740838543e+01 5.375055329458096764e+01 7.381349458740838543e+01 8.578571699173734544e+01 9.018496270779819213e+01 8.190167117629724203e+01 8.108761344810247351e+01 6.783568487031411109e+01
