MOVIE_S12_data/elevation_000581.asc
nrows	50
cellsize	150.0
xllcorner	0
ncols	50
yllcorner	0
NODATA_value	-9999
[rows 17 to 33 of 50, columns 0 to 36 of 50]
5.436832538903087209e-02 2.034690737552585560e+00 4.024981431588101621e+00 6.046172561394585365e+00 8.111486672990173119e+00 2.819770018596587846e+01 3.383649033189886524e+01 3.635023424595124908e+01 2.784810333433765095e+01 3.324493808497935987e+01 5.007767183256904531e+01 4.565885314252670213e+01 4.985331731002265343e+01 4.985331731002265343e+01 7.003365042605709334e+01 8.369905307362401459e+01 9.147373461386187898e+01 9.511620429339753002e+01 8.672213978513902077e+01 9.026143813772436886e+01 7.871895274651481600e+01 7.043656271372952915e+01 5.710913045879112815e+01 5.487871698128621034e+01 3.518095025997013892e+01 4.905004527018746785e+01 6.895037527684119993e+01 7.744917854889753528e+01 7.563202778813214877e+01 5.582699005326865915e+01 5.969268133086823269e+01 7.429262956362521209e+01 9.445830127960863365e+01 8.767906622611316436e+01 6.780015368003803644e+01 5.673694558307347791e+01 6.036519130288700552e+01
9.647730019007895452e-02 2.009647730018972211e+01 2.407614248525780098e+01 2.022842672522331853e+01 2.230829693780111000e+01 1.814959354224325594e+01 3.824580639648130642e+01 5.631466807027933186e+01 3.944105675508635045e+01 5.337839725566127669e+01 6.172916397409671418e+01 6.582988381020275881e+01 7.003365042603415702e+01 7.003365042607005364e+01 7.832282741520963043e+01 7.542596680381195995e+01 8.367086228968551609e+01 8.344865421822200346e+01 6.670731881969743426e+01 8.030091957353880616e+01 8.857420093216563828e+01 8.526239053756533792e+01 6.928281692162943273e+01 4.937108268914752784e+01 3.803125732303399076e+01 5.779250365010859269e+01 7.046525904307102905e+01 7.875339177964883675e+01 8.479136846842804687e+01 6.790644979652022073e+01 8.019901806205496086e+01 8.852722995129549588e+01 9.122529968751899787e+01 8.183255990902605959e+01 6.198774070726251040e+01 4.812909222297482614e+01 4.078960552285697361e+01
9.953738903938927352e-02 1.424167301277046427e+01 3.424167301277116593e+01 4.032389952225857854e+01 4.241594608548304990e+01 3.234829521687831289e+01 3.234829521855476031e+01 5.248365786647860176e+01 5.960464719635673703e+01 6.795573790137302694e+01 6.394312364142395211e+01 7.276013279079320739e+01 7.037596092710066387e+01 6.210150825462215352e+01 6.124117246234996514e+01 5.536563826664328047e+01 7.542596680381195995e+01 7.444514989546462402e+01 5.510155028919511011e+01 6.031609885876353161e+01 8.030091957353880616e+01 9.205516249094330306e+01 7.753407949136580157e+01 6.378445720259830409e+01 4.390626982278057255e+01 4.305352530627703800e+01 5.050953246924935058e+01 6.201294499992100384e+01 8.201133474677810398e+01 8.813167407726460567e+01 9.644023922172284813e+01 8.537512142378857050e+01 7.123967743786295159e+01 8.537512142378857050e+01 7.604765808854128295e+01 6.780015368003803644e+01 6.036519130288700552e+01
3.582433992925927735e-02 1.158282972372167485e+01 2.572496534745237540e+01 4.572496534745049246e+01 4.722221103470167236e+01 5.248365653085682681e+01 5.248365786647860176e+01 6.083635197672092687e+01 6.563248231522838694e+01 6.061643511169097565e+01 4.301426988637232540e+01 6.023347725361530536e+01 5.600049725752873542e+01 4.178374607011741659e+01 4.090511259477553807e+01 6.124117246234996514e+01 6.629265423952672620e+01 5.878803440711963191e+01 4.596118254437680406e+01 5.771701836992492929e+01 7.771584562386001949e+01 8.377088828518026276e+01 6.377087633679555978e+01 5.380185150842615371e+01 6.378672499138617269e+01 4.723867811568201347e+01 6.717263786301569439e+01 7.875339177963851967e+01 9.030259167171074353e+01 9.349756866750841766e+01 8.350292797364333808e+01 7.522142541033487362e+01 5.711374661807236208e+01 7.417064166840204109e+01 6.589254726532847428e+01 7.417064166840204109e+01 6.988769639402505618e+01
8.338298177320474514e-02 1.422551860550428060e+01 3.422551860550498759e+01 4.170037834484804762e+01 2.793439667074165200e+01 4.170037834474341309e+01 4.016956382558278449e+01 4.894386124069033883e+01 4.537711768658111566e+01 4.909404688404964645e+01 3.106685070063089782e+01 3.979741501791298219e+01 3.589979335264037275e+01 2.982872755632202555e+01 4.670880992325856340e+01 4.930225202451204325e+01 4.605295917455563881e+01 3.837254885865323217e+01 5.878803440711963191e+01 7.444514989546462402e+01 8.598585351811996702e+01 9.205516249094330306e+01 8.205515722063391593e+01 6.791208017298696120e+01 7.293997384076216406e+01 5.296133596520846964e+01 5.717804627861570310e+01 6.871045584654743266e+01 8.871939702025508723e+01 8.521439499378142557e+01 6.522845582688844956e+01 5.524357609671977087e+01 4.820852699025291344e+01 6.061792554209468875e+01 4.596337054936443423e+01 6.345396460118357851e+01 7.161727206740499696e+01
1.813270376062421294e-02 2.001813270376026921e+01 2.261710788668827732e+01 2.392238972865600033e+01 1.414783697898447734e+01 2.760916694530259718e+01 1.957713123556525048e+01 3.695493990349385172e+01 3.091218466299313405e+01 2.867445173690512661e+01 3.672378507966594441e+01 1.926837758195958017e+01 2.143151646090716156e+01 2.365419102057350642e+01 2.614674720110159711e+01 2.872001205886596864e+01 3.140659691407350351e+01 5.198102860993873975e+01 6.356250933948658854e+01 7.114895645882059227e+01 7.939546121782721855e+01 8.935330064352068291e+01 9.619823426828092749e+01 8.448987902604046951e+01 6.448485642253520211e+01 6.293817968712980360e+01 6.871045584654743266e+01 8.545768916519016045e+01 9.701157107519264855e+01 9.349756866750841766e+01 8.350292797364333808e+01 7.473504592727395845e+01 5.477042281689978864e+01 4.072008227627980403e+01 3.606039440496152793e+01 4.361476550734370505e+01 6.023692240506084516e+01
2.351309638313057310e-02 1.319912155164643552e+00 2.618992413850113277e+00 3.926219369945645354e+00 5.241601585987925915e+00 6.576923186891843187e+00 7.952232691650317875e+00 2.820580495207648397e+01 3.182165816585129647e+01 1.431797812918739154e+01 1.634785169897352830e+01 3.644980101986269716e+01 4.186008079270910542e+01 3.394401167746277537e+01 4.670880992325844261e+01 4.336075979832233429e+01 5.198102860993873975e+01 3.633385393647593986e+01 4.329439325347080114e+01 5.107710404652047487e+01 6.118827750802241638e+01 7.529150337915886837e+01 9.515584866523261098e+01 9.278168094813851496e+01 7.603053257980862156e+01 7.448273200596510435e+01 8.871939702025515828e+01 9.701157107572107918e+01 1.019373165263866383e+02 9.655328422860989690e+01 7.664289225933603689e+01 7.492368866869536248e+01 6.114260883052312323e+01 4.125246470995437420e+01 5.203183589077830362e+01 3.216959417733231419e+01 4.837466783652456570e+01
2.372884694381488524e-02 1.972339991322068542e+01 2.260995628977582328e+01 2.392238389305567736e+01 2.519604752700992378e+01 1.250349085817839523e+01 2.759390984667017221e+01 9.929645253001128324e+00 1.153371313843874013e+01 1.438818992448530310e+01 3.472855743351992430e+01 4.205738450134032291e+01 5.030490762659697168e+01 5.439636887122513542e+01 5.437347301550363454e+01 6.376598999949794688e+01 5.680647064414802827e+01 5.680647064414802117e+01 4.249996690568000446e+01 5.029500563552215908e+01 5.936094457642727917e+01 7.090319336958648933e+01 9.076404203597692799e+01 1.043382638434172236e+02 9.604556117100678136e+01 9.449702604611593415e+01 1.027897084459331865e+02 1.019373165263866383e+02 8.205174563362920992e+01 8.570081588265419725e+01 7.664289225933603689e+01 5.669582422793348542e+01 4.674237984802000767e+01 6.114260883052312323e+01 6.029272196320427213e+01 4.837388509620718935e+01 2.849641682485423999e+01
6.296921807001566729e-02 1.428079290672268442e+01 3.469779474585317303e+01 3.900116032031336744e+01 2.122954238471643151e+01 3.092130912754647554e+01 3.306901363583188669e+01 1.281284446377336650e+01 3.182144231116090083e+01 3.472854982686271086e+01 1.856436722021277674e+01 2.162868463150692122e+01 4.211472277278659249e+01 5.518844367240228621e+01 6.687600597048759710e+01 8.232690188768619066e+01 7.687277066480969268e+01 6.798870887301532662e+01 4.785241077368354468e+01 6.798870887301532662e+01 7.862875571874714353e+01 8.753964237186056607e+01 9.901709440979658439e+01 9.653646149887791239e+01 1.025135393492703315e+02 9.588558882122370619e+01 1.043268149265514637e+02 9.718574188958351101e+01 7.729326652441292822e+01 6.576449736913897937e+01 5.869911150263956046e+01 5.336895701075464871e+01 6.082955401556938568e+01 7.188476045067071141e+01 5.511052796058157810e+01 3.521460662132438557e+01 2.989878960729437907e+01
8.175220331382776484e-02 1.423056458449952544e+01 3.434531821744177194e+01 4.533683686659718859e+01 2.779319065337330130e+01 4.534284110237060617e+01 3.612147198727460307e+01 1.576039952773273534e+01 3.612146045512027825e+01 4.739043724099788335e+01 3.898921870253463595e+01 4.211472277278659249e+01 2.628502639732830914e+01 3.820217271546348314e+01 5.860184437978459471e+01 6.945114890836993027e+01 8.105088400493673362e+01 7.554014692354274985e+01 5.556091980093663807e+01 6.066161984813761876e+01 7.220047603195163788e+01 9.206654531985869028e+01 9.051153369072511623e+01 7.604645001984060571e+01 8.204783543546047042e+01 7.539419788597443528e+01 9.251512348109011441e+01 1.054344825794826903e+02 9.273200120032923621e+01 7.282024430775710755e+01 7.865226287625345947e+01 6.489404371616461731e+01 8.076789281263383202e+01 6.361102975327885645e+01 4.367558596584146358e+01 5.511052796057957437e+01 4.953454818676233629e+01
7.631710034972485901e-02 1.301065482676144036e+01 3.159134475747750415e+01 5.262888841957769159e+01 3.994990819433429152e+01 4.534284110237060617e+01 4.440759842106236022e+01 2.480943916007561612e+01 2.042765949457962549e+01 4.087029572265002031e+01 5.417737341834504150e+01 5.520121709997467008e+01 4.682752533465651368e+01 3.151069415759697634e+01 4.078754909201413881e+01 5.263745186689420308e+01 7.277368702363325781e+01 8.378101698663834895e+01 7.554014692354274985e+01 7.189363983229426935e+01 8.884114595614546772e+01 1.003215099994550030e+02 8.204783543546047042e+01 6.142542399900275996e+01 7.909951941255042129e+01 6.345475399722239729e+01 8.332542775958269488e+01 9.623423194006893766e+01 1.009808232269516850e+02 9.273200120032923621e+01 9.307634032848132222e+01 8.482902658662656847e+01 7.772821978838592827e+01 5.776349817813920140e+01 5.517338913318403115e+01 7.188476045067071141e+01 6.124268116252098082e+01
9.124702163186203252e-02 2.009124702163150644e+01 3.731042186259475102e+01 4.885742724639062118e+01 5.836253286992022282e+01 6.407339741342519801e+01 5.349554841534423133e+01 3.663127819150539466e+01 4.087029572265002031e+01 2.534148445638179581e+01 4.584252949498586105e+01 5.952413530274747444e+01 6.038701856845041505e+01 5.204255861592204013e+01 3.763678945299339773e+01 5.806714044685392651e+01 7.271074968612703060e+01 8.098279445752393713e+01 8.991953049761454508e+01 9.176524282303991242e+01 1.000194761638390588e+02 9.450568252757672383e+01 7.425329656470019302e+01 5.354490517195034727e+01 5.844033107300509045e+01 5.414031159685848849e+01 7.484222289083729152e+01 7.570609299541207804e+01 9.623423194006893766e+01 9.427546946556367402e+01 8.588088224169617035e+01 9.427546946556367402e+01 8.600602272320200825e+01 7.772821978838592827e+01 7.513706118833188441e+01 8.341390124017327423e+01 7.706848099362285609e+01
8.187870513261463756e-02 9.026150615131850685e+00 2.057315599892456959e+01 4.057315599892527302e+01 5.174931032778181361e+01 6.003343087479694162e+01 6.481336898446519967e+01 5.671471184049993042e+01 5.417737341834504150e+01 4.584252949498586105e+01 3.073094137073530874e+01 4.530673427313168844e+01 6.551079492646306335e+01 6.523072225564257565e+01 4.496905315732647779e+01 4.576233734286956434e+01 5.260320488088100888e+01 6.165908976321409085e+01 7.581161394987401536e+01 9.575101867082048557e+01 8.987538533886986158e+01 8.604870949617989595e+01 6.545556481601691701e+01 6.449126724384780118e+01 4.378382691532281257e+01 5.033732461187685914e+01 5.881658183032610765e+01 7.345856086673950358e+01 9.398888804342253422e+01 8.420517971529960732e+01 6.579238878186320960e+01 8.420517971529960732e+01 9.726492018754382229e+01 9.203868354787248052e+01 8.053946473952430551e+01 7.228395334732827848e+01 6.596670626549044414e+01
2.239863785106879432e-02 2.002239863785071350e+01 3.004789127588992059e+01 3.760717979223875318e+01 3.174931785345960833e+01 5.174931032778181361e+01 6.289730027767199516e+01 7.289719870157509263e+01 6.695125893282940410e+01 4.679250116407122562e+01 3.487145432090692054e+01 4.942234871149823761e+01 6.953290648020431775e+01 7.351764310367066457e+01 5.412636652315239161e+01 6.600823475104505178e+01 6.600823475104505178e+01 8.098279445752393713e+01 8.991953049761454508e+01 8.406487666450615848e+01 6.987674080319698078e+01 8.406487666450615848e+01 6.923447727427682707e+01 4.852390613654184648e+01 3.936021326539587761e+01 5.997255332456697374e+01 7.615764209742464175e+01 8.458010364822476390e+01 8.747864777964716154e+01 7.583662908946097048e+01 5.581819841110478109e+01 6.875902150161104487e+01 8.747864777964716154e+01 8.377562610220397232e+01 6.387146502680428028e+01 5.239656822243725998e+01 4.610781246765866825e+01
1.991760116496149591e-02 2.001991760116460739e+01 1.004789278277614173e+01 1.760718224296055467e+01 3.760718002550866146e+01 3.461321475621683419e+01 4.461321475470091968e+01 6.461319911903042623e+01 7.516980320505020075e+01 5.531259470850844195e+01 4.679250116407122562e+01 4.271551178971776608e+01 5.712402066226405850e+01 7.707285843680543280e+01 6.577276630178296557e+01 8.248562947180818128e+01 8.602254008103531646e+01 8.699481267205051438e+01 7.812553633638046335e+01 6.983962914299061708e+01 5.612001109910643493e+01 7.522793425511895293e+01 7.357299243883625195e+01 5.648813829933242658e+01 3.596473920520337231e+01 5.648813829933242658e+01 5.552630643705934688e+01 7.616195526985615061e+01 7.910696215545964094e+01 5.904724060955165044e+01 4.875727526153842462e+01 5.904724060955165044e+01 7.910696215545964094e+01 8.854048488203301304e+01 6.863038125828778391e+01 7.228395334732827848e+01 6.599500997736751629e+01
1.766589122093755945e-02 4.017665891220921104e+00 2.401765726618351238e+01 1.789253818830336229e+01 2.392276507985852874e+01 4.392276143998768845e+01 6.289730027767199516e+01 7.289719870157509263e+01 8.355573220362462905e+01 7.516980320505020075e+01 6.695125893282940410e+01 5.296283848324034693e+01 5.365895868904421206e+01 7.365550193151142366e+01 8.574573170943487810e+01 9.401579948731634317e+01 9.283201652736957499e+01 7.277757698465666181e+01 5.894769825390099527e+01 5.039110655324019916e+01 4.759593583616365464e+01 6.696247257682571785e+01 6.506826858827035664e+01 4.444032737628690199e+01 3.271610343841226864e+01 4.096112892952204732e+01 6.157196089361098501e+01 7.214967978406548355e+01 6.380952106333850082e+01 5.718189532283747667e+01 4.273000199336654958e+01 6.272826809886353061e+01 8.177687361590162141e+01 9.183259090283475246e+01 8.854048488203301304e+01 8.159136459095769567e+01 7.332660555248061485e+01
6.490672536223988931e-02 2.006490672536188313e+01 3.230192499490918578e+01 3.789253564589846945e+01 4.392276143998768845e+01 5.220692079900732807e+01 6.054419782614695578e+01 6.883156483206586529e+01 6.683991235152736010e+01 7.512754349921178232e+01 8.116920577406672521e+01 6.717000311436842708e+01 6.785589813226818023e+01 7.002338502843268486e+01 8.981656883634987310e+01 9.474297996078739459e+01 8.658210146574138832e+01 8.699481267205051438e+01 7.394649346456155570e+01 5.438567601638299465e+01 4.079795132498257715e+01 5.389210636322010828e+01 5.050409791085978384e+01 5.020787620891449166e+01 2.982861001115737665e+01 4.417755062073417349e+01 6.476637002942504751e+01 6.057715287821921635e+01 4.380289383011254500e+01 3.718373850871186903e+01 4.717855505760280721e+01 5.340919470162882732e+01 6.339072736969382760e+01 8.346551835252492424e+01 8.743553658131439477e+01 6.748249496975095951e+01 5.335449547195822362e+01
