MOVIE_S12_data/elevation_000455.asc
nrows	50
cellsize	150.0
xllcorner	0
ncols	50
yllcorner	0
NODATA_value	-9999
[rows 17 to 33 of 50, columns 0 to 36 of 50]
5.436832538903087209e-02 2.005436832538867620e+01 3.594253536040464780e+01 2.764175698538454284e+01 1.790623385470091833e+01 3.183532878791110221e+01 3.410666124595873328e+01 1.806716847763123113e+01 2.108228192346006580e+01 4.108232768734708884e+01 4.914680765598009771e+01 3.504420304290157873e+01 3.975825087563009674e+01 4.578849552518438060e+01 5.245523732565428787e+01 6.245561352516953946e+01 8.245682197227181121e+01 9.776325749773495488e+01 7.764966933814905303e+01 7.358403903150798442e+01 5.356770487039467810e+01 4.202581729924807519e+01 5.637024479125660292e+01 6.458004521587649549e+01 5.742771002309621053e+01 3.741916832939185156e+01 5.742771002309621053e+01 6.897143060544311766e+01 6.066311027283983037e+01 4.823423511080704884e+01 5.974886069401795652e+01 7.978045411005079757e+01 9.131480655750038977e+01 8.141918474782967508e+01 7.323811718260705561e+01 6.661547028633459888e+01 4.825164430213066424e+01
9.647730019007895452e-02 1.423861292392115452e+01 3.423861292392185618e+01 4.599850667762927259e+01 3.205514469209874306e+01 3.783925245137373139e+01 4.635127673899219758e+01 2.701144292608416464e+01 4.108243600733484158e+01 2.555441788243402357e+01 2.914652393700157873e+01 4.914680043575987156e+01 5.390062510486398395e+01 6.578922427436519627e+01 7.245621774872061849e+01 8.074221761473644676e+01 9.074349348844967267e+01 9.186191924927645402e+01 7.176276267312431401e+01 5.762424818440690188e+01 4.869475617516694399e+01 6.202760455223037894e+01 7.034084771963080129e+01 7.282887731170067980e+01 5.282011488555301071e+01 4.127628749806404329e+01 5.282011488555301071e+01 7.282887731170067980e+01 7.653517492435068448e+01 5.715117706687829724e+01 6.234383691864952226e+01 8.238995257862346477e+01 8.315047295041644304e+01 6.332576141479761134e+01 5.337017649378979200e+01 4.673059663814652254e+01 4.097672196412946022e+01
9.953738903938927352e-02 2.009953738903903542e+01 3.726436749973818507e+01 4.881137289120237455e+01 5.225463542575224807e+01 5.755851216166361439e+01 5.529489090761673253e+01 3.855849822783670788e+01 5.262616872225600417e+01 3.262548717778955165e+01 4.914680643720779329e+01 4.328875465885463569e+01 6.328940258897009841e+01 8.218772156708976695e+01 8.350354205365934490e+01 7.523992884022882777e+01 7.783258555782022370e+01 8.609385690721879314e+01 8.287330331708061237e+01 6.282078097009655693e+01 6.282078097009655693e+01 6.022427657948544777e+01 8.026392546299177866e+01 8.115226001810208345e+01 6.574728522104841488e+01 4.575472539183457599e+01 6.574728522104841488e+01 8.115226001810208345e+01 7.716619751973838959e+01 7.127915423520016702e+01 8.238995257862106314e+01 9.072651291211222713e+01 9.131480655750038977e+01 8.141918474782967508e+01 7.323811718260705561e+01 6.661547028633459888e+01 6.087520170954305598e+01
3.582433992925927735e-02 8.980096249928495311e+00 2.052710163372121599e+01 4.052710163372787378e+01 4.342874964906568636e+01 5.171282954122317932e+01 6.325883508693009816e+01 5.270086332041890387e+01 6.081284621680435265e+01 4.262553920274239516e+01 6.091391999689264480e+01 6.328940252240879261e+01 7.157515599528326788e+01 7.408279067317008071e+01 6.581247904384414937e+01 5.524128779916884469e+01 5.783719323199832019e+01 7.783258555782022370e+01 9.121182294148354686e+01 8.287330331707973130e+01 8.287330331704689002e+01 7.437390062321209427e+01 8.026392546299177866e+01 8.211092641914210333e+01 6.206964078448472577e+01 5.178204443231334864e+01 6.206964078448472577e+01 8.211092641914210333e+01 9.727997258837187644e+01 9.137877725954781738e+01 9.055518002730269700e+01 8.234639876069972786e+01 9.055518002710904568e+01 9.110373956459315536e+01 8.636010373970491116e+01 8.096849193675079448e+01 7.276996475388342844e+01
8.338298177320474514e-02 2.008338298175234016e+01 2.932049385793475693e+01 3.448447288487158602e+01 2.342874229402606545e+01 3.497574767482407054e+01 5.497570272907908162e+01 7.270077157395300560e+01 7.094879677134581186e+01 6.263533826487172007e+01 7.095750028460872727e+01 7.186570629883954098e+01 6.542101112836614618e+01 6.253712175378421279e+01 4.580179308156375839e+01 4.368031505525402736e+01 6.369370805174619221e+01 8.231429442711878153e+01 9.057192069467329532e+01 8.966170769431310816e+01 9.791253586746968551e+01 9.448370331389868682e+01 1.003852268656637676e+02 9.044241523616055645e+01 7.810462565574286486e+01 5.809034906257405595e+01 7.810462565574286486e+01 9.044241523616055645e+01 9.476979269048005960e+01 8.897026238208616178e+01 8.059343247851114711e+01 6.237910304179474963e+01 8.059343247796196863e+01 7.120235906559805983e+01 6.643151978938914226e+01 6.954385921246024793e+01 5.298397126353593478e+01
1.813270376062421294e-02 4.606447381171880018e+00 9.320492589082238766e+00 1.448447038402550646e+01 3.448447288484779705e+01 3.757087805137967962e+01 5.757092067301771721e+01 6.985666430419402673e+01 6.159706741389130258e+01 5.900441678004600732e+01 6.721666985135080097e+01 5.180513341494112467e+01 4.592588097491339738e+01 4.694902708440923078e+01 3.423928595542028575e+01 5.425930411685251897e+01 6.599353875043276219e+01 6.232553261425023550e+01 7.334858824276722089e+01 6.968229830926055968e+01 8.150747137501413420e+01 8.976717457933757771e+01 1.012914781732062579e+02 9.231557605587802584e+01 7.221825726579547222e+01 7.221825726579547222e+01 8.643696382874486517e+01 8.941180591622814688e+01 7.488277457293125394e+01 6.904754606261366234e+01 6.987979270543186772e+01 5.235588101958722262e+01 7.236275090125062093e+01 5.707176518016669320e+01 5.229090320799621594e+01 6.134651608604713147e+01 4.159352526878600287e+01
2.351309638313057310e-02 2.002351308268661256e+01 2.932049385796736729e+01 3.448447288487408002e+01 4.276882648510244422e+01 5.757092507184584917e+01 6.585589700500641186e+01 6.159709717720856759e+01 4.160191264392879162e+01 3.900466291259113660e+01 5.572617746365141755e+01 4.878759518903961379e+01 3.239992638598561570e+01 2.693726439958724583e+01 4.694902708440922368e+01 5.370695210655514273e+01 4.598276916385214008e+01 6.069976850032289661e+01 5.334904819836689427e+01 6.996638404330869321e+01 6.151772175028333578e+01 7.306281472730563564e+01 9.304308688239049729e+01 1.006556703916940450e+02 9.231557605587802584e+01 9.231557605587802584e+01 9.525512761252795713e+01 7.538063869713278109e+01 6.121941305854475246e+01 5.487084710293420642e+01 4.987009934851673876e+01 4.530655047688540549e+01 5.994865200042982423e+01 5.675640477246589910e+01 4.079213871953160009e+01 6.073426334296337359e+01 5.078784447412031966e+01
2.372884694381488524e-02 1.466869838147655791e+01 3.642760685636055484e+01 3.612605889290806971e+01 4.448517736453456450e+01 4.677503761309082364e+01 5.501966362810579625e+01 6.059368191542038318e+01 4.745816153236645363e+01 2.744928556881565385e+01 3.851870378584796129e+01 4.039294036049712844e+01 2.356093682857992277e+01 4.357786146367908486e+01 3.085570781409819219e+01 3.368319921450552101e+01 3.701945995921982302e+01 4.067876744747587026e+01 4.495463428405518869e+01 4.996589519539585922e+01 5.891538792477755493e+01 6.891388251783041596e+01 8.305226117922377682e+01 1.030169150518013623e+02 1.020395925650752673e+02 1.077684697852541689e+02 8.798313858182666536e+01 7.389311536752227028e+01 8.120174172783512745e+01 7.488277457293125394e+01 6.987979270543186772e+01 5.994865200042983133e+01 4.001307445140198382e+01 3.684308774195141467e+01 3.377886004661640840e+01 4.974196390386536848e+01 4.646132290346044869e+01
6.296921807001566729e-02 1.861711549372899555e+01 2.460373688656456181e+01 1.610955971468949244e+01 3.281210902702999732e+01 2.712577894326672023e+01 4.478456847534302199e+01 5.232376901492967392e+01 3.232026640016191266e+01 3.571506759274918608e+01 1.850918065252409761e+01 2.038156567522222673e+01 4.039294036049712844e+01 5.186686647169038622e+01 5.087516581513530411e+01 4.784651262177121822e+01 4.264234104970093142e+01 6.069976850445098648e+01 6.496626183421557243e+01 5.911078666858431063e+01 6.629923090350055759e+01 8.628334434872033398e+01 9.715296516994449405e+01 9.619332803740191196e+01 8.193248345185735104e+01 9.619332803740044824e+01 1.019666903005775112e+02 9.377812792328876412e+01 9.467279129217736511e+01 7.479400751068503439e+01 6.064819462528603111e+01 5.064504083747998919e+01 5.994865200042957554e+01 5.675640477246589910e+01 4.974196390386586586e+01 2.983379210989550501e+01 2.747929660813057495e+01
8.175220331382776484e-02 2.008171416531748577e+01 3.244726421263389504e+00 4.566363620202398721e+00 2.194468919007720586e+01 1.590589799111965519e+01 3.560287217810044069e+01 4.185890663152880364e+01 3.357079687852502303e+01 1.599000084858634274e+01 3.599699799555146740e+01 4.039294034872346373e+01 2.545671204119973652e+01 4.547847263740493418e+01 5.911893375770230818e+01 6.785530448609993925e+01 5.680163883719873752e+01 5.334870037181122626e+01 7.334904365302828921e+01 7.910262939322177544e+01 7.910262939322177544e+01 9.453810524548569560e+01 9.937394775080198883e+01 8.782171936106109911e+01 6.777867320208483193e+01 7.624986126579607060e+01 8.459309377676318320e+01 9.965893194855426884e+01 9.136948663989792863e+01 8.882982169220323954e+01 7.886611189008196732e+01 7.063228155191440294e+01 7.353943468316420251e+01 5.678520166255617596e+01 3.686391693976234762e+01 4.390133420273215847e+01 4.155674384841370284e+01
7.631710034972485901e-02 1.383758001270953164e+00 1.806324196889935862e+01 2.423167854563387991e+01 6.464679555155742108e+00 7.819250355680072317e+00 2.782155544566114358e+01 3.118812414409876510e+01 1.356482842861875504e+01 3.357079687852502303e+01 3.013279543047535114e+01 5.015443536484883680e+01 4.547847263740493418e+01 3.079854492743618621e+01 5.083287168842654324e+01 6.502488957938858505e+01 7.679790802660515681e+01 7.334904365302828921e+01 6.749596777226592792e+01 8.747961882596339933e+01 9.906578438928913499e+01 9.350805364516990892e+01 7.938475384310909533e+01 9.240288159350491526e+01 7.623758586133166659e+01 5.623595576961483999e+01 7.624985369903056664e+01 8.810841892943768983e+01 7.136606878434479029e+01 8.810841892943768983e+01 8.574169504340491699e+01 6.580798177083082123e+01 5.425349297872411114e+01 4.533389193350105018e+01 4.834685945122532047e+01 6.384249133729726111e+01 6.149240195005298659e+01
9.124702163186203252e-02 2.009124702163150644e+01 2.744266742948585502e+01 2.575384922819968025e+01 2.646394903119430353e+01 2.782147365026101937e+01 9.775712744291947587e+00 1.118290486038496745e+01 3.118812414409876510e+01 4.185890663152880364e+01 5.015443536788184531e+01 5.843752596383583864e+01 5.911893375770299741e+01 5.083287168842654324e+01 3.670092047445790939e+01 5.674294115825990303e+01 7.189219146303352659e+01 8.083840026780383425e+01 8.747961882596339933e+01 9.573261717532369630e+01 1.013431941363137128e+02 8.523945318821955652e+01 6.524567404358404588e+01 7.259395665925478625e+01 6.434434887584127694e+01 5.021185441007088457e+01 7.021825008761975084e+01 6.913175980340575677e+01 5.982369121349483976e+01 7.982050795623173656e+01 9.394600695321314276e+01 8.245870627531918728e+01 7.353943468438458808e+01 5.685791323767692518e+01 6.831219148903313965e+01 7.654835652724871409e+01 7.814436751707187057e+01
8.187870513261463756e-02 2.008187870513225803e+01 3.830666988531204709e+01 4.456044959789496573e+01 4.243423296745649509e+01 2.242339259294086773e+01 2.977826746624908338e+01 2.114088169390503680e+01 1.503158205562465000e+01 3.503122118015819098e+01 4.735655685463925835e+01 4.907737560128585130e+01 6.908371974283339512e+01 6.502488957938858505e+01 5.087778352025843276e+01 4.357758043376284718e+01 5.254800402128130798e+01 6.411752950941108509e+01 7.826779882028736779e+01 9.823877201992304720e+01 9.307959044873344112e+01 7.308509534950482589e+01 6.154199200238848988e+01 5.260439363213279762e+01 6.473497640087195748e+01 4.505372617370817778e+01 6.060838321195367229e+01 4.914184697420994041e+01 6.327428056478193952e+01 8.327296558892322764e+01 8.566950936123171800e+01 8.785559001889681952e+01 8.504798210927361879e+01 7.682706745911174551e+01 7.860920996763057644e+01 7.032455563168643664e+01 6.365772034397673451e+01
2.239863785106879432e-02 1.002239863785115581e+01 2.416453426158235729e+01 4.416453426158306428e+01 5.071906916750052829e+01 3.657146521973653108e+01 4.055049033856158047e+01 4.055049033856158758e+01 2.657503464892408118e+01 1.907078766060405783e+01 2.906681560379925244e+01 4.907737560128585130e+01 6.072253405056662956e+01 7.227125432487584078e+01 7.090268427337917956e+01 5.775469345673116095e+01 5.360595801080883405e+01 6.777062683697478462e+01 8.776291285632207462e+01 1.010574107229674894e+02 9.277177102634747996e+01 8.980687361484190490e+01 8.086873324611397607e+01 6.475985841288921563e+01 4.476809592017760053e+01 4.005550522680918135e+01 4.061958660853096603e+01 6.060838321195367229e+01 6.730793367796790960e+01 7.558829545404933015e+01 6.574492216609971251e+01 6.792300027407067375e+01 8.785559001889681952e+01 8.446758127945894046e+01 6.446632259538858989e+01 5.032404976855736578e+01 4.365750160311999650e+01
1.991760116496149591e-02 2.001968180358795379e+01 3.230288521795198164e+01 4.606655713111597805e+01 5.434654166068953884e+01 5.658821508651529797e+01 5.991598241560045324e+01 5.486510591591112984e+01 4.658258680096393789e+01 3.321104129261830451e+01 2.348487741066014678e+01 3.242694199820223844e+01 4.398278247068311941e+01 6.399593279342290941e+01 8.044707580737716057e+01 7.776676984664842962e+01 6.777062683697478462e+01 6.995847928184112163e+01 8.994585922997715954e+01 8.951330374692902581e+01 7.278023909556954152e+01 8.951330374692902581e+01 8.405853684595282971e+01 7.308661744672068039e+01 6.475120989781486003e+01 5.526632692721089768e+01 3.526871986411987336e+01 5.134447351798545611e+01 4.734856113620902107e+01 6.162480249213887618e+01 5.166890634394825810e+01 6.574492216609971251e+01 8.566950936123171800e+01 8.446758127945894046e+01 6.446632259538858989e+01 6.365772034397673451e+01 6.365772034397673451e+01
1.766589122093755945e-02 4.017665891220921104e+00 2.401779920230857002e+01 2.606703381292402000e+01 3.986497820082443155e+01 4.589508622324503762e+01 5.296593841628764210e+01 6.124492907674772368e+01 6.150206315260028589e+01 5.177467456158995418e+01 3.762888796563011340e+01 2.848117534015495522e+01 4.849377673667146382e+01 6.344651605547027629e+01 6.044672116545402218e+01 8.044707580737716057e+01 8.776291285632207462e+01 8.994585922997715954e+01 8.644012001728158623e+01 7.815700076810382768e+01 6.124270323845505004e+01 7.820097116900157630e+01 6.405233853859205340e+01 7.820097116900168999e+01 7.896163749211835636e+01 6.355277773443280154e+01 5.134447351798531400e+01 3.133616394882182732e+01 3.575613868512081694e+01 4.160805114173430042e+01 6.162480249357978579e+01 7.048479849855165469e+01 7.884755297806049157e+01 9.275209733987274774e+01 8.446758127945894046e+01 8.365867924498456887e+01 6.817969600917176365e+01
6.490672536223988931e-02 2.006426599493181229e+01 1.004789278277614173e+01 1.452002873777568226e+01 1.986525357602356223e+01 2.589548046756391741e+01 3.296654827841476276e+01 4.451355056192246451e+01 6.451211494798948820e+01 6.592042182841781539e+01 5.427239294653554680e+01 3.425467901177786700e+01 3.514874077638049243e+01 4.410279423373593488e+01 6.411685462490497400e+01 7.167930561108346410e+01 9.166570549674912627e+01 9.229367964632037058e+01 7.230139664983320813e+01 5.816283444187835983e+01 5.307227328474551342e+01 6.925809878003209974e+01 4.992112559562736607e+01 6.925809878003209974e+01 7.072061970758274185e+01 5.079627021578541957e+01 4.864655368830988635e+01 2.863117044273777978e+01 4.864652357199329202e+01 6.154694129433718786e+01 5.826849172139830557e+01 5.029418112957289111e+01 6.610976302916793657e+01 7.436469527602542939e+01 8.430679044049186643e+01 8.451043408746576802e+01 6.450944638003596765e+01
