MOVIE_S12_data/elevation_000546.asc
nrows	50
cellsize	150.0
xllcorner	0
ncols	50
yllcorner	0
NODATA_value	-9999
[rows 0 to 16 of 50, columns 0 to 36 of 50]
8.271705653423140625e-02 2.127631151761726416e-02 9.425194436011796739e-02 4.939197167322698090e-02 3.975871534419905817e-02 6.171646774684565184e-02 1.696294146011132625e-02 1.936121709489252440e-02 4.216450047424835645e-02 2.297044857093000214e-02 6.704298068806634203e-02 4.162315340452049650e-02 3.835349583220235004e-02 2.777463300387698203e-02 2.207885817162396139e-02 7.161913568127860341e-02 9.025521335945362045e-02 3.502399586135773735e-02 8.040414306008919487e-02 3.131346976591601466e-02 7.604099264847130613e-02 2.387740603804927586e-02 5.687112022313325910e-02 4.074439634684711570e-02 8.709178300582484655e-02 7.612946965408906586e-02 1.077918208624280109e-02 9.929772718869623455e-03 4.600412614040166881e-02 2.152795518990661267e-02 2.378824418737431057e-02 9.511189423522797837e-02 9.406546861214974686e-02 1.749038473908382007e-03 2.223905489293687143e-03 6.269637160239108220e-02 9.476101746191394060e-02
7.639902522890137937e-02 2.002127631151726206e+01 2.009425194435976181e+01 1.419152759540430253e+01 2.003975871534384368e+01 6.386271788083631051e+00 2.001696294145975585e+01 1.416149684082571802e+01 1.759335296584350772e+01 2.002297044857057529e+01 2.567059238076801808e+00 2.004162315337655187e+01 1.418048911956327807e+01 1.416991025673495308e+01 1.416421448190244803e+01 2.007161913568092260e+01 3.423588546692793777e+00 2.003502399586100324e+01 2.008040414305973442e+01 6.697980136432611253e+00 2.007604099264811737e+01 1.002387740605501243e+01 2.005687112022277674e+01 2.002849897589494432e+01 2.008709160539596539e+01 1.383570370575317288e+00 2.001077918192716254e+01 1.415218996909405291e+01 2.004600412614004767e+01 5.366202876328385329e+00 2.002378824418702052e+01 2.009511189423487210e+01 1.009406546861206344e+01 2.000174903847151953e+01 2.110409016185986086e+00 2.006269637160203700e+01 1.423689664119299003e+01
7.813061968023242432e-02 1.007813061968031931e+01 3.007813061968067458e+01 3.419152759540500597e+01 3.455123759736024880e+01 1.455123759736096289e+01 2.271620340663786308e+01 3.416149684082500926e+01 3.369248984548494974e+01 1.507382057747540038e+01 5.087131337429697808e+00 2.511301265077342393e+01 3.418048911963082048e+01 3.416991025674222726e+01 3.416421448190173749e+01 2.680420556560723000e+01 6.804205565606874728e+00 2.680420556560651946e+01 3.376904794829743395e+01 1.376904794829814804e+01 3.376904794829885503e+01 2.416601312617665798e+01 3.830841236799414418e+01 3.288069811935804410e+01 2.269402300938742911e+01 2.693813934736156490e+00 2.269402302813470840e+01 3.415693970357258991e+01 3.078240923523149064e+01 1.090886187638750826e+01 3.078240923523149064e+01 3.837833671317582684e+01 2.423620109234276399e+01 2.423645795988757712e+01 4.230404843045303842e+00 2.423645795988800344e+01 3.423689664119369525e+01
1.795629399984677299e-03 2.000179562939963063e+01 3.007813061968067458e+01 5.007813061968138157e+01 4.283550884482185950e+01 2.609824298115327323e+01 4.271620340663714899e+01 5.100047465409875969e+01 4.083139530903743974e+01 2.372070644089352598e+01 9.800522004373441121e+00 9.566270207559679051e+00 2.547834435357945182e+01 4.899807890703725377e+01 4.376902906378664682e+01 2.440809336732792190e+01 1.033973947641021596e+01 3.034895799406997696e+01 4.205331919576104838e+01 2.531605333209086695e+01 4.205331919576104838e+01 4.416604890203399236e+01 3.908043184093697420e+01 1.874390537651128241e+01 4.579432017900290752e+00 2.265362599326903137e+01 1.683542766216844200e+01 3.680949216970061855e+01 3.696606852057969661e+01 1.721170919150291567e+01 3.696606852057969661e+01 5.252047232615300487e+01 3.534746732903676758e+01 1.533336340107642037e+01 6.387060912596711937e+00 2.053495374182634947e+01 4.054884902118621426e+01
2.526786264046545702e-02 2.002526786264010994e+01 3.188856461744089899e+01 3.895963242930589132e+01 4.724390367676750202e+01 4.609824298115255914e+01 5.438251422861416984e+01 5.883845432804600506e+01 4.936347263907921956e+01 3.445826145355124481e+01 1.487388078275435355e+01 1.286495724114987027e+01 2.649270958551172939e+01 4.524937004269487062e+01 4.187651383218148027e+01 2.188698129010989035e+01 3.034895799406995209e+01 1.651189581012393504e+01 3.652519675248002784e+01 4.531605333209157038e+01 5.360032457955377083e+01 5.135928358026109919e+01 3.993558850059078225e+01 2.005880222615238040e+01 5.924777605892921351e+00 2.592058228602430958e+01 3.680657266052300258e+01 4.502021406662049685e+01 4.425546386954329847e+01 2.469212459572357687e+01 4.425546386954329847e+01 5.168784907580970156e+01 3.167505033318521868e+01 2.866624383319279090e+01 8.651619175409217988e+00 2.280258037366456847e+01 4.282237968237739523e+01
8.483503398980346555e-02 5.858337725886036296e+00 1.188856461744125603e+01 1.895963242930660542e+01 3.050663781309891576e+01 5.050663781309820166e+01 6.189706277236656007e+01 4.262715371468507186e+01 3.155271499677611757e+01 2.283482056249650327e+01 3.445826145870826451e+01 1.631262472300627309e+01 3.044564999727467125e+01 5.025510528144354083e+01 5.015978100262796602e+01 3.343397475684550813e+01 4.111745313315469019e+01 2.110027164696411006e+01 3.525086290186349203e+01 5.528065483442330930e+01 5.458676627114186175e+01 3.455444852711976722e+01 2.300676245198377146e+01 1.484175871321817120e+01 7.282466072497188136e+00 2.728290508325945396e+01 2.927836628883149928e+01 4.928238943116468107e+01 5.241479532373128336e+01 3.822247070166935856e+01 5.241479532373128336e+01 5.997426834615289692e+01 4.289712291139978362e+01 3.099697186565716578e+01 1.097659227306131235e+01 2.513141562735101076e+01 4.515767728703785622e+01
4.163169627051844027e-03 2.000416316962669683e+01 3.188856461744089899e+01 3.895963242930589132e+01 4.724390367676750202e+01 5.879090906055981236e+01 7.002259736463877005e+01 5.355709247940125550e+01 3.480953803721257600e+01 4.217663984305372082e+01 3.985220736433601019e+01 1.992877482644324516e+01 3.405151732498072903e+01 5.385631192847009174e+01 6.169888041954906299e+01 5.342209827843435477e+01 4.689775956309070892e+01 2.687419072315815782e+01 3.744197340120053497e+01 5.747146250029205561e+01 6.295290480925594778e+01 5.135928358026109919e+01 3.881590928635660021e+01 1.882946617076188289e+01 2.728221069912647323e+01 9.277484744712470643e+00 2.927848685069450951e+01 4.398075330391230864e+01 5.221448828921221974e+01 5.691700480039694554e+01 6.172433010277531906e+01 5.144533161900666585e+01 3.460114625370955821e+01 1.456899440582090222e+01 3.099697185417174339e+01 2.167468279030770617e+01 3.168916716297990632e+01
2.434392073152260791e-02 8.189309730008854871e+00 1.818930973000903251e+01 3.233144535374048445e+01 5.233144535374118789e+01 5.804347704831141641e+01 6.632774829577461162e+01 6.157129427561094559e+01 4.796986197499300886e+01 6.059625381242388187e+01 4.414291068920771011e+01 2.422496213719200853e+01 3.257304102374158106e+01 4.657736955532378431e+01 6.638161912931893482e+01 5.846487782402218869e+01 3.843004129893110843e+01 3.843004129893110843e+01 5.519134944417225341e+01 6.576131055231736866e+01 6.916415736235781253e+01 4.928057258311400091e+01 3.515516654852906697e+01 3.881590306843995108e+01 3.070354057169882012e+01 1.070242574447067518e+01 1.702694641423785527e+01 2.409726706807198582e+01 3.561862334002525898e+01 5.543208645620070030e+01 5.341811866927336894e+01 3.341992317094711495e+01 2.418262380441432668e+01 1.728708740449078718e+01 3.736376238479171974e+01 4.170204985102692063e+01 4.999280329824697588e+01
5.883922493566802470e-02 2.005883922493531202e+01 3.647358097747175520e+01 4.647358097747193284e+01 5.121051687242889727e+01 3.804347704831071297e+01 5.478074291198069545e+01 6.478074291198204548e+01 6.704586013924817678e+01 5.677540074564103634e+01 3.359445288054042322e+01 2.975316279481701187e+01 4.908023528240983069e+01 5.237789995923615294e+01 7.221030628196020018e+01 6.675494154869971908e+01 4.999739278623100347e+01 5.846487782402218869e+01 6.675494154869971908e+01 6.466894219021043000e+01 6.345512997689723989e+01 5.518330462362737165e+01 4.482987356352990105e+01 3.278910795556753754e+01 1.278756988504161463e+01 3.070362482078975930e+01 3.694838005041848561e+01 4.398073537407589129e+01 5.221756092459161636e+01 6.368941886993777501e+01 6.214455546067042491e+01 5.144533161900666585e+01 4.306739603824683371e+01 3.736376238744642819e+01 2.144216641585197891e+01 2.700787961456435582e+01 4.114220577541506429e+01
2.016265153036126551e-02 1.416229827526143659e+01 3.416229827526213825e+01 4.535265249615989092e+01 3.121051687242819384e+01 2.649647166451779157e+01 3.649647166451813973e+01 5.063860728824958812e+01 7.063860728825100921e+01 6.156788109864525893e+01 4.354080660548915915e+01 4.908023528240983069e+01 3.838735663024679923e+01 4.944783110082403965e+01 6.904591463562772446e+01 7.831594006276475284e+01 7.003167749180958879e+01 6.383693763399620735e+01 5.555991336014339765e+01 4.474355090497254395e+01 4.705296296421142443e+01 3.525823314615714565e+01 3.656894572562085699e+01 1.660142011936193640e+01 1.456228290387472946e+01 3.446425554388599721e+01 3.124418990520814177e+01 4.278978985507232835e+01 5.692129325976113563e+01 7.686905192140329746e+01 6.681839153118974650e+01 4.685816039791021836e+01 3.533166824036557330e+01 2.638376737775994840e+01 4.144729143182502185e+01 4.698907905778250438e+01 3.643740846201787775e+01
1.256007409845548775e-02 2.001256007409810067e+01 2.702991916481940748e+01 3.074382592836047579e+01 1.706838124869699058e+01 2.462767070888166998e+01 3.357194261888114539e+01 4.511894800267406680e+01 6.511894800267548078e+01 7.092051242289059587e+01 6.267494777758444258e+01 6.592457250484042675e+01 4.794748614918668039e+01 6.592457250484042675e+01 7.729184259836941351e+01 7.939271866505303876e+01 6.965083548351391585e+01 4.972326231030018562e+01 3.563851149806346541e+01 3.064021900409260013e+01 2.710485330028969031e+01 2.372427634444674993e+01 2.056200749099627245e+01 3.656895572221657176e+01 3.456400253085861607e+01 1.710228544395033268e+01 3.710437558295640770e+01 5.083814671178339495e+01 5.915872172693833875e+01 6.811413032327043027e+01 7.509606469837042653e+01 6.356798854142530786e+01 5.021024371731861180e+01 3.023894505536433996e+01 5.021024371731861180e+01 6.467314841272158787e+01 4.796251628577704196e+01
1.283213977233468341e-02 3.494385258886298917e+00 7.029919164819051325e+00 1.074382592836012051e+01 2.229083131215283942e+01 4.229083131215354285e+01 5.291194195634457031e+01 6.185621386634404928e+01 7.340321925013796545e+01 6.977028256515743010e+01 7.796135296301910955e+01 7.575656730328014987e+01 6.751442551467663122e+01 7.575656812107528992e+01 8.523976089081732255e+01 6.522525439673053427e+01 5.117363691421395089e+01 4.414328575037468738e+01 3.879539446403904179e+01 5.057956289462337907e+01 4.705296586736007924e+01 4.367956124550391905e+01 2.688607729194970375e+01 4.682985918264535741e+01 3.895323909076437729e+01 1.894343521857918233e+01 3.304315584683151741e+01 3.098578938369497138e+01 3.979518118338058486e+01 5.389042676336373461e+01 7.401910266185630860e+01 5.871954034424001634e+01 3.876347084483680305e+01 3.840123239178565484e+01 4.092071992142746950e+01 6.087769630177688640e+01 6.792373553024199850e+01
9.594114293757748102e-02 2.009594114293722100e+01 2.702991916481940748e+01 2.229083131215243085e+01 3.902809717582101712e+01 5.057510255961574330e+01 6.446371397897065947e+01 7.273860615136794650e+01 6.648854596009761053e+01 4.985882999994520048e+01 6.648854578664487747e+01 7.296095994308464583e+01 7.296095995061530459e+01 8.113740051938610520e+01 8.743825339776714145e+01 6.741258990699968479e+01 7.108736762674641341e+01 5.819944565547224613e+01 4.480756995706281742e+01 6.475134346164888655e+01 6.675977543048853136e+01 4.682985918264537162e+01 3.504378976398542278e+01 5.316507916740865625e+01 3.309930208130616336e+01 3.895323161055989658e+01 2.164042655170680618e+01 4.167046821948009949e+01 5.915885722095852373e+01 6.811431623997245310e+01 7.283689060214177857e+01 5.287194254997929477e+01 4.768694154937229968e+01 4.732493222266221977e+01 6.087769630177688640e+01 5.502929209676310052e+01 7.499699305176108055e+01
3.950229235330715398e-03 1.414608585296640619e+01 3.414608585296711141e+01 4.229083131215171676e+01 5.057510255961332746e+01 5.033565579913698684e+01 4.448362249105376520e+01 6.446371397897065947e+01 5.827440006603460176e+01 3.835174653537981015e+01 5.827440006589414168e+01 5.308223981875311637e+01 5.308223981875331532e+01 7.296095995061530459e+01 8.584817573717565153e+01 8.743825339776714145e+01 8.647645079921429101e+01 7.142834554899859256e+01 5.143556454672069833e+01 7.142834554899859256e+01 6.904477403555628712e+01 4.912737218900985425e+01 5.496104412624585933e+01 6.136305487225572364e+01 5.316507835497157686e+01 4.368370903405227779e+01 2.365099794620053686e+01 3.522699710329905542e+01 4.938126065404014753e+01 6.936989235511026664e+01 8.111649512964366693e+01 7.283689057721983318e+01 5.765913719245055802e+01 5.884085380897595741e+01 7.556070620945494909e+01 7.499699305176108055e+01 8.327707752680824171e+01
7.711341127313005306e-02 2.007711341127277649e+01 3.984081808562193316e+01 4.793227919425514472e+01 3.965692097625845491e+01 3.035757228342516001e+01 5.033565579913698684e+01 5.344781833925070202e+01 5.123067836026304889e+01 3.132076104599914501e+01 4.827107999584486464e+01 3.901112121243323116e+01 4.638558874614561489e+01 5.785531045213369339e+01 7.769336735365922664e+01 9.157087963290796040e+01 8.831579079020640677e+01 6.777468700673939850e+01 6.551828709115940796e+01 7.981634512943669790e+01 7.733042702916679900e+01 6.904477403555628712e+01 6.540215109902922563e+01 5.698110706374851020e+01 4.663735051244954377e+01 2.660353027703485651e+01 4.368371023161905953e+01 5.196724867809187742e+01 5.982112169716499039e+01 5.982112177836979328e+01 7.980520977140716354e+01 8.591234305912318803e+01 7.177671783078875478e+01 7.881422592332803845e+01 8.709569808071520924e+01 8.357941030233591562e+01 7.531330208483204558e+01
9.541454368626212448e-03 1.155654683816104189e+01 3.155654683816068484e+01 3.965692097069321420e+01 1.968842032306589118e+01 3.114232722135054843e+01 3.351877638506672241e+01 3.351360612051802690e+01 4.080759128745022224e+01 2.503754734528173742e+01 2.839570793054843634e+01 3.236318140716002745e+01 5.220077012034025188e+01 6.386554834801781766e+01 6.384187411184534966e+01 7.679646677389307285e+01 8.480875698113192129e+01 8.829703509957138863e+01 8.569648883233200820e+01 9.020645654075778452e+01 8.020005992382630211e+01 7.154538859269800355e+01 5.155036641986888668e+01 3.740798565607271797e+01 3.280020958865056713e+01 2.977617141763615294e+01 3.187669965813188711e+01 3.574457601135139129e+01 3.984190102788092958e+01 5.982112177948469167e+01 7.475949224467078125e+01 8.475348753836050264e+01 9.176470323015813335e+01 8.581576067761749016e+01 7.755168149960192636e+01 7.047435520362553518e+01 5.533254550821992268e+01
2.297228869525369793e-03 2.000229722886917116e+01 2.399432977096520148e+01 2.599773267960199163e+01 2.805251185441752426e+01 1.117973761139830202e+01 1.356662338387632438e+01 3.349409620188904313e+01 2.089039228397816572e+01 4.080759128727761720e+01 4.827107999567950003e+01 5.220077012034025188e+01 3.894836792425526539e+01 4.420406919687584235e+01 5.063114094394529729e+01 5.773884836051318104e+01 7.030038838343841689e+01 8.843211750570186780e+01 9.607463866751652404e+01 7.605353568865712077e+01 6.190409292846010914e+01 5.191685043293718849e+01 4.525954300357407334e+01 5.740677282430840478e+01 5.281121476858818653e+01 3.299570529278044262e+01 5.189420494024471253e+01 4.989094901811753147e+01 5.982112177584412649e+01 4.650683644202118217e+01 5.648620259178993308e+01 7.647032630652084606e+01 8.909053234244501596e+01 6.910465642168171030e+01 5.753397983338290089e+01 5.047749361792349276e+01 4.419830653665919584e+01
