MOVIE_S12_data/elevation_000971.asc
nrows	50
cellsize	150.0
xllcorner	0
ncols	50
yllcorner	0
NODATA_value	-9999
[rows 17 to 33 of 50, columns 0 to 36 of 50]
5.436832538903087209e-02 1.159845004248244571e+01 3.134892363875918875e+01 4.474711391176183639e+01 3.207892612492517515e+01 3.536003526179403877e+01 2.390349175039246177e+01 4.387659297849011608e+01 4.600171253083177447e+01 3.598418256908477275e+01 5.601924251710592983e+01 6.917531351307980003e+01 5.501948514726336725e+01 5.721064748945090628e+01 7.723412925801443407e+01 8.459616705383265867e+01 8.944691449487613966e+01 8.103947966300088979e+01 8.821929864815669475e+01 6.996864584449959068e+01 6.996864584449957647e+01 6.427976836018682150e+01 4.425658985685002733e+01 6.427937568335977403e+01 6.167452492256916941e+01 5.340678984280435770e+01 3.743221911971849636e+01 4.314531690462092683e+01 4.953918642181730547e+01 5.846225118317615710e+01 7.253771606990284226e+01 9.248447411263377660e+01 9.113630871735081485e+01 7.133937405650182484e+01 5.142489028415967312e+01 5.442744994954473015e+01 6.805009711973259812e+01
9.647730019007895452e-02 2.009647730018972211e+01 3.968424937450731704e+01 4.883680573441960604e+01 5.141744301575335641e+01 5.215622055635630971e+01 3.802489380220356452e+01 3.543279692164500716e+01 5.541103984659746118e+01 5.015355113864745107e+01 5.015355113864745107e+01 7.018027419567522429e+01 7.504569037049220981e+01 7.723412925801443407e+01 8.377249535380371981e+01 7.535807358581533322e+01 7.535807358581533322e+01 6.076275013555036963e+01 7.773665343179690979e+01 8.994109040691088808e+01 7.842374101359926897e+01 5.842114306130931567e+01 5.321632323455222746e+01 7.254948989275722226e+01 6.327122373328530358e+01 4.323020015632084778e+01 4.348798533299626712e+01 6.316903573850908771e+01 6.947250432987873126e+01 7.772751184876352681e+01 8.663721896939625822e+01 9.237196290194023618e+01 8.691438077949170804e+01 6.696389164250005877e+01 5.288836466580526974e+01 4.295075198576643771e+01 4.814140358910974982e+01
9.953738903938927352e-02 2.009953738903903542e+01 2.053729305698434970e+01 4.054544678273276048e+01 5.281984800316789830e+01 6.114659103590716427e+01 5.800385452189124180e+01 4.696665671832203515e+01 6.369367621478725283e+01 7.018027419567522429e+01 7.018027419567522429e+01 7.846732150514769444e+01 8.061012847135252457e+01 7.465270477965297857e+01 7.535807358581533322e+01 5.499376955950696555e+01 5.499376955950696555e+01 4.974947199519856156e+01 6.933270441204211920e+01 8.939684265686980780e+01 8.667783672420537755e+01 7.842374101359926897e+01 6.478150080137372413e+01 8.149060185739723750e+01 6.753488280576372915e+01 4.751089321376122854e+01 6.351438429858756507e+01 5.295484300093682606e+01 6.717473972604508958e+01 8.735551765287088699e+01 8.653359231067780399e+01 7.240140129426674775e+01 7.974147073534777519e+01 8.108144532692030282e+01 7.111368606791344860e+01 5.655580755061374987e+01 3.663322661390278512e+01
3.582433992925927735e-02 4.206112622207435869e+00 2.420885767498285901e+01 3.644203029420060602e+01 3.276119975952381225e+01 5.189285672212987777e+01 6.212139874975161291e+01 6.694628171911055858e+01 7.523361265086549565e+01 7.179227228069680677e+01 6.335201529567611800e+01 7.179227228069680677e+01 6.025139077186111791e+01 5.428617119384011858e+01 6.294721865019894835e+01 5.452073404968675163e+01 4.060085091952369396e+01 4.869942702972800674e+01 5.981980451068140781e+01 7.497895016664668333e+01 9.543257586546590687e+01 9.301817639817329564e+01 8.477153525753401198e+01 8.609828553024821929e+01 6.616190470226241871e+01 5.200269869399874523e+01 7.164947854862528231e+01 6.727951911798226092e+01 6.717473972604508958e+01 8.735551765287088699e+01 7.825064336505064944e+01 5.829976749712557194e+01 5.978851658858027207e+01 7.123241208479986142e+01 6.680480565552103656e+01 4.688829379546481135e+01 3.276746756923412818e+01
8.338298177320474514e-02 2.008338298177284997e+01 1.087278450471015034e+01 1.641980929726761929e+01 2.349115666062785124e+01 3.349681133323362303e+01 5.366012224197220348e+01 6.857896475086775467e+01 7.657145750512722771e+01 6.171593161175727005e+01 4.329207701448512324e+01 6.171593161175727005e+01 5.957254185635189714e+01 3.988931522142862462e+01 4.897700946787229981e+01 3.415178929973269106e+01 4.591579569705371000e+01 6.627529843738264503e+01 8.066861110018156467e+01 8.939684265686980780e+01 9.074087378216951549e+01 9.074087378216951549e+01 9.912691911606540884e+01 8.827516099405528394e+01 6.834363167754258939e+01 5.757101865171520672e+01 7.753831365091380690e+01 8.821026402791183330e+01 8.735551765287088699e+01 9.568482629636132231e+01 7.974147073534777519e+01 5.978851658858027207e+01 4.571530859465195817e+01 5.130196886501585851e+01 6.354379262716312837e+01 4.919412945717277097e+01 2.916370121323305398e+01
1.813270376062421294e-02 2.001813270376026921e+01 3.088361480504574885e+01 2.720805820547802156e+01 4.354260553416434476e+01 5.189285672212987777e+01 6.192391567845400857e+01 4.862244518332863663e+01 6.516132100459952881e+01 5.332204615508057799e+01 3.332829009659462827e+01 4.332516812583765642e+01 4.027004920543100042e+01 3.079966128858087515e+01 2.861979605459550058e+01 4.897700946787212217e+01 6.294721864556414204e+01 7.469716240657426454e+01 8.532438633562136943e+01 8.474097131575899766e+01 7.035502351545244437e+01 7.035502351545244437e+01 9.074087378216951549e+01 9.651254182882014732e+01 7.753955801534900161e+01 6.514092218334745610e+01 7.753955801534900161e+01 9.744882528911121256e+01 8.919007355765754141e+01 8.087827183537346798e+01 7.331521895861504845e+01 7.390704200109303201e+01 5.713983930009755596e+01 3.721831483846214894e+01 4.399561324724114542e+01 4.695512120434607795e+01 4.422176457055867616e+01
2.351309638313057310e-02 2.002351309638277499e+01 3.725227200440595254e+01 4.723796619384147988e+01 5.554533775995741252e+01 5.865144772737826173e+01 5.705706280646103323e+01 3.692027501131268963e+01 4.544878406665797854e+01 5.368141802103676952e+01 4.331717455124750416e+01 2.328756261946082162e+01 2.000043362410543679e+01 2.349221819671789646e+01 4.380627209015938206e+01 5.740553555525652740e+01 7.312071386396262085e+01 7.053987540353969621e+01 6.501523885210117726e+01 6.721810976476852773e+01 5.596026089771420686e+01 7.035502351545244437e+01 9.074087378216951549e+01 1.056833386246311903e+02 9.331161480251243745e+01 7.512255617481184800e+01 9.331161480251243745e+01 9.505170436107573551e+01 7.500744385784759061e+01 6.086831477103910260e+01 5.334382381170843246e+01 6.390061299985926269e+01 5.944667082120302126e+01 4.987261985107616624e+01 2.989597552658584689e+01 2.697295429640399789e+01 2.444456009309526578e+01
2.372884694381488524e-02 8.968000756943050433e+00 2.311013638067425191e+01 4.311013638067495890e+01 4.021357282809732681e+01 3.854277631407865101e+01 3.855690745179915524e+01 3.592746292632961769e+01 2.522647071615178405e+01 4.316535628012718462e+01 3.479201199032011260e+01 1.723819028200698611e+01 3.747542685626877557e+01 2.357473506416818765e+01 4.388945449476395311e+01 4.433912482049558434e+01 5.315686681189772855e+01 5.013837439912467886e+01 5.063797463100133456e+01 4.687686762845219590e+01 6.721810976476852773e+01 7.701099203379529001e+01 8.472630471491329729e+01 9.313986305015897926e+01 1.032595412916393087e+02 9.502400746919690278e+01 1.032595412916393087e+02 1.009306091044343390e+02 8.087827183537346798e+01 7.388761694116819001e+01 5.391360905855027852e+01 4.398197804120155041e+01 3.953166419988926350e+01 3.526463805292399911e+01 3.551651112340212535e+01 4.111403217437601398e+01 3.857421879484648741e+01
6.296921807001566729e-02 2.006296921806966083e+01 3.725227200440595254e+01 3.419766595556208699e+01 1.990208836243147772e+01 2.726769820436028269e+01 1.834808127423348623e+01 1.573970405332080702e+01 3.129863011605808154e+01 3.276077765734386560e+01 1.464499400153470710e+01 3.485188217060640881e+01 4.590096181527363228e+01 4.388945449484637606e+01 2.725332715910564829e+01 2.993281085170175260e+01 3.277843964594605097e+01 3.572342867624977458e+01 3.887951256858649884e+01 4.344924871205849115e+01 4.988071935219696940e+01 5.663902505562018774e+01 6.431350607357229876e+01 7.875354251172211661e+01 9.914582823068690232e+01 9.749224525385218953e+01 8.921595454470526931e+01 9.749224525385218953e+01 9.392503632343287734e+01 7.388761694116819001e+01 6.390061299985926269e+01 5.545588237088593075e+01 4.935714127745804802e+01 5.520077714331218033e+01 4.183510780536186502e+01 6.105634357977544369e+01 5.852362770185435181e+01
8.175220331382776484e-02 2.008175220331347077e+01 2.268312727484117985e+01 2.395941488617193116e+01 5.703514122129400121e+00 7.008170277730505937e+00 8.321234639548322320e+00 9.704663702292030791e+00 1.113323568101898609e+01 1.257661340725568877e+01 3.276077766224667442e+01 1.818225113707393703e+01 3.247961081247938608e+01 5.282848615140640902e+01 4.164057496842295336e+01 4.169689919713319881e+01 5.315686681176864425e+01 4.749557356230521776e+01 4.799359801283254257e+01 6.378838472183319652e+01 5.361008243653427030e+01 6.799433949304251712e+01 8.472630471491329729e+01 9.313986305015897926e+01 9.903789768293171392e+01 8.749688139399327724e+01 6.922108699091947415e+01 8.133674125105503094e+01 8.961469734257160269e+01 9.221982454885613834e+01 8.374348236267923085e+01 7.543632956715333648e+01 6.085684501466771223e+01 6.840367217489252027e+01 4.846874430485802776e+01 6.840367217489252027e+01 6.914339536330142266e+01
7.631710034972485901e-02 1.333706327273589398e+00 2.593587903971072972e+00 3.873956703301429272e+00 2.393797225210528978e+01 2.650502708641534610e+01 1.303625007752797238e+01 2.987836993983806266e+01 2.542217814552101274e+01 2.681349197099962467e+01 4.101668608893631074e+01 2.074651195360972977e+01 4.104352552654198405e+01 5.342892060324609105e+01 6.200499974515574308e+01 6.205990055914152492e+01 7.048096475194526533e+01 6.188279242860739515e+01 6.237030779814268300e+01 6.833861812260795432e+01 6.376927438351953725e+01 8.239135480171155734e+01 9.678837011038066862e+01 1.043188701265830360e+02 9.076174156419631345e+01 7.076829666187360601e+01 5.921009455896871287e+01 6.133106416318011611e+01 7.706959312125822237e+01 7.706959312125822237e+01 8.534910519199571866e+01 8.916445790657986947e+01 8.085382235416402352e+01 7.669405478102815721e+01 5.841738635481057429e+01 7.669405478102815721e+01 7.005202434076301188e+01
9.124702163186203252e-02 1.726734608999044696e+01 1.075479599555751165e+01 2.396846108940160036e+01 3.223433537244494573e+01 3.741450269805645945e+01 1.789338841657899692e+01 3.796634512349823609e+01 4.625830342080819690e+01 4.708061045758381624e+01 4.945756507109761912e+01 3.086229857731347082e+01 2.465129409406483418e+01 4.499554150430498112e+01 5.754431729526874051e+01 7.483846543075563318e+01 8.325712227410330968e+01 8.225015955084494124e+01 8.274739385238304124e+01 8.870476751919827052e+01 7.819454898236236318e+01 9.257610877202750999e+01 9.845537165785174238e+01 8.434750580980829682e+01 9.845537165785174238e+01 8.133674125105503094e+01 6.133106416318011611e+01 4.973484332457378088e+01 5.704322304454009895e+01 5.704322304454010606e+01 7.706959312125822237e+01 8.756685201785106187e+01 8.974905993649883840e+01 8.668989666001704109e+01 7.838995799497448047e+01 8.668989666001704109e+01 7.849786148960843946e+01
8.187870513261463756e-02 2.008133686892632852e+01 3.054119077901625090e+01 2.485858319560995611e+01 4.491950234724517088e+01 4.574733434148718914e+01 2.953045848592501343e+01 2.690209425443186575e+01 4.113671499887092864e+01 6.078044751633559173e+01 5.122475247579239266e+01 5.122475247579239266e+01 4.499554150446792988e+01 2.873654010335566156e+01 4.911200756491606967e+01 5.446587744459274205e+01 7.483846543032294107e+01 8.994407234356371816e+01 8.833170013952617694e+01 9.673295135914644050e+01 9.857586976734229722e+01 8.692500597255849470e+01 7.865504361984366710e+01 7.020560285492337016e+01 9.019697529694059313e+01 8.961469734250236741e+01 7.806795244895617714e+01 6.290881103745949332e+01 4.275655223224995183e+01 5.704322304454009895e+01 7.706959312125822237e+01 6.757314862279582712e+01 6.976135692397576804e+01 8.974905993649883840e+01 9.567352787230514366e+01 8.411270203016012204e+01 7.581917888341259015e+01
2.239863785106879432e-02 1.416454095137437896e+01 3.416539900069059144e+01 4.493153870297658159e+01 5.334741990825906299e+01 5.754288630278097116e+01 4.948986591733731899e+01 3.855651882258064944e+01 4.113671499887094285e+01 6.078044751683760438e+01 7.159494629049422088e+01 6.122639380230807404e+01 4.085872117054893238e+01 3.173213853313029631e+01 4.006493047986263178e+01 6.043287031552992516e+01 6.114527182176021824e+01 7.390564832597080169e+01 6.793018201333514128e+01 8.833170013952617694e+01 9.278870069990927050e+01 7.280069117134991075e+01 5.864725738450335513e+01 7.048675706499714977e+01 7.876124057965219549e+01 8.149736792247256290e+01 7.524135048170811046e+01 5.903050702213725032e+01 3.878085588922442639e+01 5.903050702213725032e+01 6.340275070899186716e+01 5.337633265180871689e+01 6.757314862279582712e+01 8.756685201785106187e+01 8.738091099549437502e+01 6.735540355386805800e+01 5.579785575493566085e+01
1.991760116496149591e-02 2.001991760116460739e+01 3.090989258955038110e+01 3.723444855713151469e+01 4.551873081619125827e+01 5.446300807086452522e+01 6.623227966816752144e+01 5.827429364999924388e+01 6.078044751683760438e+01 6.873068023246908353e+01 7.786105404328961299e+01 5.748783921925400620e+01 5.931924769872337322e+01 3.895017416510091124e+01 3.739545106630538385e+01 4.196344383092164065e+01 4.676716933916765839e+01 5.353721399472215126e+01 6.528058467660781616e+01 8.568770438031786796e+01 9.767395546119141159e+01 8.692332510735882067e+01 7.048690577610726393e+01 5.044116200624312540e+01 7.048690577610726393e+01 6.147932895225472549e+01 6.695474143868102601e+01 4.682606287775991660e+01 3.502125522035471050e+01 5.533344345310177204e+01 4.323744376711440651e+01 6.340275070899186716e+01 7.272439613484671384e+01 8.273326185606823913e+01 8.751387782423857686e+01 7.595396312943303485e+01 6.425986258565384901e+01
1.766589122093755945e-02 5.362890729469448559e+00 1.090989269172178844e+01 1.723444801205866028e+01 2.617871992205910914e+01 4.032085556399839987e+01 6.032085886839490740e+01 7.023255677062624613e+01 6.397198611518349765e+01 7.220199352489449041e+01 7.535564454353485075e+01 7.786105404328961299e+01 6.773316514058747373e+01 4.806112414322550563e+01 4.651348701474959313e+01 6.231986471205635780e+01 6.114527182176030351e+01 6.114527182176030351e+01 8.153119409727146660e+01 9.409500419480528421e+01 8.941231124180872314e+01 6.941836684492069764e+01 6.562509714993504417e+01 4.551371258428290645e+01 5.910010044994360356e+01 4.722057735035105708e+01 5.255415836268594632e+01 4.946218967529201649e+01 3.162707051518852452e+01 5.092149885885432781e+01 3.708042628873256064e+01 4.429593653315390611e+01 5.442391456222289037e+01 7.447075870351677906e+01 7.922067938971157730e+01 5.919798535186394872e+01 4.764285104246211233e+01
6.490672536223988931e-02 2.006490672536188313e+01 3.090989306442745388e+01 3.723444855713151469e+01 4.551873081619125827e+01 5.446300807086452522e+01 5.437847771631345495e+01 5.032104001052061193e+01 4.403737495887514797e+01 5.911726186172000297e+01 5.546776864525299544e+01 7.535564454423956704e+01 7.667620932450294902e+01 5.978116915155158040e+01 5.825841461745053351e+01 7.530030805995735932e+01 8.153119409717753285e+01 8.153119409729673350e+01 8.994407334760859385e+01 9.114929949440156065e+01 8.722746675100481184e+01 6.723031923662307463e+01 5.305353830909496082e+01 4.478811484915690500e+01 3.885203609424129212e+01 3.542097093283887688e+01 3.227845279883252516e+01 2.930763861985262153e+01 2.840111131535142874e+01 3.073880680313406444e+01 5.092077880158755221e+01 6.444725568023659434e+01 7.272439613484671384e+01 8.273326185606823913e+01 8.460337606210394767e+01 6.457936517048281644e+01 5.042534161610353749e+01
