MOVIE_S12_data/elevation_000404.asc
nrows	50
cellsize	150.0
xllcorner	0
ncols	50
yllcorner	0
NODATA_value	-9999
[rows 17 to 33 of 50, columns 0 to 36 of 50]
5.436832538903087209e-02 2.095609777708342225e+00 4.147566481878642186e+00 6.291791551554223538e+00 8.473970453914128953e+00 1.069619267613633262e+01 1.299035001484193153e+01 1.566296298521316643e+01 3.587027665406714760e+01 4.444242590688321570e+01 3.043720543056601358e+01 3.569177389961595281e+01 4.137708596713594744e+01 5.058147679490290471e+01 6.214262828636930891e+01 8.202943274508081117e+01 9.729991020592360940e+01 7.758487165636752536e+01 6.342174094717461230e+01 6.363386161613556169e+01 4.342968851182889267e+01 3.836704436331093859e+01 3.723295327118515274e+01 5.061102098592645859e+01 3.552827873149163196e+01 4.985275849449428875e+01 6.997505535939801291e+01 7.334466884117763641e+01 6.141595860426974696e+01 5.990845193868772611e+01 7.418776002814848880e+01 9.428465218182850549e+01 9.282500806648833702e+01 8.450071292758443064e+01 7.689077372246062225e+01 6.740849339558033648e+01 4.733496972984440987e+01
9.647730019007895452e-02 1.161563078370019042e+01 1.231253172709709531e+01 2.629131210717638822e+01 2.847326623318849315e+01 2.224314935874850363e+01 3.298906920674031795e+01 2.112614633042414169e+01 2.572804934123971421e+01 3.358498758011311480e+01 4.030719594553805507e+01 5.555949272682521922e+01 6.161857821777714861e+01 6.161857821777714861e+01 7.880756135594488399e+01 7.851741186447509335e+01 8.681913085240918804e+01 9.150385652387915059e+01 7.184833339927331508e+01 5.172706902409569096e+01 6.363386161613556169e+01 5.858281834005891398e+01 4.307780215057375273e+01 5.963897819020095170e+01 3.941277095647634354e+01 5.375667458423483680e+01 7.384011533372056135e+01 8.440760294662473484e+01 8.157426156254683747e+01 8.007400345918665607e+01 8.839476759665562611e+01 9.873872659267429697e+01 7.860313456625067374e+01 6.436670629850641490e+01 5.677749107839117215e+01 6.740928135609813410e+01 5.667874366665355268e+01
9.953738903938927352e-02 2.009953738903903542e+01 3.231204638368595283e+01 2.645455420136435265e+01 4.645328187983287194e+01 3.638458228513754023e+01 4.595747541669329195e+01 2.708874447082371262e+01 4.266222464901409950e+01 4.970718126630522704e+01 4.978818607159765719e+01 5.443507862009303722e+01 7.179650542042460870e+01 8.155979236100854735e+01 7.522127527320574814e+01 5.841030257286997340e+01 7.522127527320574814e+01 8.681913085240918804e+01 8.003938084708083522e+01 6.602072385707897695e+01 8.003938084708083522e+01 6.936304213486278059e+01 4.920580957555605295e+01 6.524224310086394496e+01 4.503938415546035401e+01 4.849424641144536707e+01 5.617743732034008275e+01 6.784221116808795671e+01 8.770471402513109638e+01 9.707470096158805006e+01 8.880723687149924217e+01 8.880723687149922796e+01 9.282500806648833702e+01 8.450071292758443064e+01 6.740928135609846095e+01 4.732758671825521191e+01 4.197769419274199976e+01
3.582433992925927735e-02 1.417795996366033506e+01 3.417795996603490494e+01 4.645328186791622471e+01 5.473609832452736867e+01 5.637955990948503882e+01 5.365742198251870576e+01 3.561861263382409248e+01 4.269627031577939391e+01 6.283165598564422538e+01 6.724402626034897423e+01 7.179650542042460870e+01 7.601156264167735799e+01 6.585025555855062862e+01 5.792389883712593246e+01 4.681823835377428367e+01 5.841030257286997340e+01 7.851741186447509335e+01 8.877309442982983967e+01 8.591742739225347236e+01 8.346181335850062055e+01 6.352313988123653132e+01 5.829285793186581088e+01 7.131444513098222160e+01 5.117522934584565064e+01 6.281204638244546601e+01 7.623709265383732259e+01 8.440760295272735902e+01 9.583603276247576730e+01 8.880723687149924217e+01 6.885212355554298824e+01 6.885212355554298824e+01 8.296341225852495427e+01 8.001275332822250164e+01 7.573863502163631267e+01 6.740928135609846095e+01 6.204222270748249457e+01
8.338298177320474514e-02 1.422551860550428060e+01 3.422551860550498759e+01 4.402671624706668752e+01 5.557388475823412222e+01 7.071001243446008289e+01 6.185716114199979643e+01 4.835655504566621943e+01 6.182223504318825036e+01 7.125904241361807578e+01 7.282735211194122371e+01 6.453583020155771521e+01 6.812572836171398194e+01 4.875376162719639694e+01 3.786391966860037428e+01 5.792329470462998842e+01 7.522127486907666594e+01 8.286335282586581741e+01 6.862378581024067614e+01 8.286335316681221741e+01 9.160901354623608484e+01 8.346181335850062055e+01 6.839378415672240408e+01 7.799362297860925253e+01 5.795608943572814553e+01 7.799362297860925253e+01 9.091350126627035877e+01 9.463843802556911555e+01 9.199089122736880597e+01 8.957318176218234385e+01 7.469684092644061479e+01 5.473101808606099183e+01 7.416514010285904135e+01 6.005033870912273386e+01 6.705431047119211030e+01 6.749037425191127682e+01 5.922013161520821001e+01
1.813270376062421294e-02 7.577422163945201738e+00 1.574238797322253269e+01 2.728939335703338998e+01 4.728939673783863640e+01 5.088820616876378011e+01 6.483875484062157568e+01 6.722650548162552298e+01 6.514578029631191214e+01 7.097913739276042122e+01 6.453583020155771521e+01 4.447966503156038698e+01 5.028739517726426556e+01 4.606080569336064201e+01 3.251794241524092399e+01 5.255347230451312157e+01 7.132046823157729420e+01 6.376764383519290647e+01 5.439949705471924091e+01 6.862378581024067614e+01 8.877309442982983967e+01 9.637085116682715125e+01 8.249247728835467797e+01 8.615362912335322676e+01 6.806521671798900286e+01 8.615362912335322676e+01 9.463843802556911555e+01 7.468645668419067363e+01 7.203549161831482195e+01 7.203549161831482195e+01 6.134617554440129794e+01 4.806810613497063400e+01 5.910916355645974107e+01 4.592136107257550037e+01 4.707934148653279038e+01 5.004457012209938682e+01 3.923418716096654180e+01
2.351309638313057310e-02 1.416564872011420562e+01 3.416564872011490905e+01 4.402671674741482377e+01 5.491386656761864771e+01 3.676690459871190342e+01 5.491386656761864060e+01 5.926684318422609010e+01 4.516253644114294019e+01 5.101549305594566164e+01 6.222003392586383086e+01 5.035397980525516459e+01 3.032248523106501636e+01 2.602886606926669444e+01 2.875052243348075010e+01 4.290601869080627040e+01 5.707304484523493215e+01 4.368384686574640341e+01 6.376764383519290647e+01 8.144509035128528751e+01 8.978068586186782341e+01 9.985192997477219023e+01 1.021302044782190848e+02 9.604651036568063205e+01 8.792202923922945956e+01 9.604651036568063205e+01 9.245576280046655882e+01 7.250396810943978210e+01 5.838671530595652825e+01 5.206691056117559668e+01 4.721786292664239681e+01 4.304815157321520047e+01 3.912588358330030758e+01 3.592283236227460463e+01 3.293989905943259089e+01 3.004940488293520673e+01 4.290167632878213766e+01
2.372884694381488524e-02 1.416587135238813211e+01 3.416646097272769822e+01 4.259926515424664473e+01 3.674932983519840235e+01 2.676826779662751932e+01 4.673039178188084009e+01 5.101549305262815182e+01 3.102024735483743711e+01 5.101549304814879093e+01 4.803152940728909215e+01 3.384302451906686571e+01 2.276287944522040974e+01 4.278914050151315251e+01 4.878744639586100362e+01 3.275054481595714861e+01 3.701471208581681083e+01 5.707304484527211486e+01 5.370556445550774782e+01 6.129672276589779045e+01 7.136614994589344008e+01 8.562685277380516879e+01 1.057610778226545420e+02 1.060618916433636372e+02 9.778347421922970284e+01 1.060618916433636372e+02 9.245576280046655882e+01 7.250396810943978210e+01 7.203549161831482195e+01 7.203549161831482195e+01 5.875553825792508889e+01 5.717996344534071085e+01 5.910916355645974107e+01 5.590927782738751262e+01 5.051642726797748395e+01 3.052199806977151297e+01 2.603813170869569404e+01
6.296921807001566729e-02 2.006296918638077642e+01 2.268839872558849891e+01 2.267586076564056796e+01 1.676844739310717713e+01 2.782799716655839362e+01 2.923205812255027780e+01 3.500319885577651746e+01 2.394915754485866799e+01 4.394610613278829447e+01 3.710356655363144540e+01 1.969501947756530669e+01 3.865082439102709344e+01 5.058858499543188714e+01 5.653279486439620172e+01 3.659965197970728923e+01 5.665718875567196733e+01 6.540609019716832506e+01 7.280014615217349672e+01 7.992568891138519405e+01 8.826532389028484715e+01 8.894601184195099108e+01 1.090801507745004955e+02 9.607485358686500376e+01 7.781428230849030570e+01 9.607485358686500376e+01 1.007234143879520758e+02 9.245576280046655882e+01 9.199089122736880597e+01 8.698383084447723945e+01 7.871736588391519263e+01 7.714443088696341988e+01 6.424131700604098683e+01 4.426378252725535134e+01 3.719289789320612982e+01 4.019268751393811101e+01 4.019268751403684803e+01
8.175220331382776484e-02 1.383641313122067507e+00 2.688297459228954356e+00 2.262717313899144855e+01 2.588649963509853436e+01 7.824181024717626443e+00 9.231376114178221570e+00 1.500487881934123457e+01 3.277008833632403650e+01 3.455296598447796441e+01 1.710220458334885052e+01 3.636521514082728146e+01 2.494727537895550995e+01 4.492020142166810359e+01 5.868621169908593771e+01 5.665718875567196733e+01 4.249875815472177010e+01 4.750221116800607746e+01 5.267441883187237295e+01 5.977161049269215454e+01 6.877595659020562380e+01 8.894601184195099108e+01 1.030794631107301740e+02 8.779887826385991900e+01 6.785714514385951190e+01 8.779887826385991900e+01 1.030794630699191003e+02 9.795695419930770242e+01 8.968399725533828359e+01 9.795695419930770242e+01 8.729027533703309416e+01 6.733374048068637308e+01 5.580293253118598074e+01 6.383752112327904626e+01 4.385953361951286666e+01 5.173494113825976370e+01 6.017556602171042357e+01
7.631710034972485901e-02 2.007588436922943131e+01 2.268837942373589556e+01 4.557374713292952961e+00 5.890708046626291328e+00 2.587719948584215857e+01 2.923051668520380275e+01 1.129972687415831523e+01 1.277015611834594289e+01 1.455189773109545470e+01 3.455093402089642751e+01 4.483293791891998836e+01 4.492020142166810359e+01 3.049424651337462322e+01 5.045705833997263312e+01 6.516906505097685454e+01 6.257833206903980994e+01 5.518036922958719259e+01 7.280014615217349672e+01 6.689590170499828048e+01 8.705425317211010849e+01 9.727867479293837505e+01 9.426102909915282169e+01 7.485302368159624109e+01 6.123367953671800024e+01 7.485302368159268838e+01 9.426102904678324990e+01 8.798060935747571421e+01 6.973958984284840312e+01 8.798060935747571421e+01 9.555776172964655757e+01 8.403535330474295506e+01 7.576836456560913291e+01 6.383752112319591276e+01 5.279941527911153543e+01 7.170567275880743807e+01 7.997368919684558364e+01
9.124702163186203252e-02 2.006021214080826809e+01 3.281265207878357160e+01 1.870079188513773616e+01 2.589104997957202769e+01 1.658116121118532504e+01 3.657891285760516098e+01 3.130433950079045857e+01 3.277056883058751424e+01 1.654876796027147279e+01 3.053515088969077240e+01 5.042672626506467282e+01 5.870265534231768356e+01 4.203463747331191769e+01 3.698263860340101417e+01 5.692827840933419026e+01 7.243911762798077802e+01 7.530844483466026418e+01 7.161098502387642384e+01 8.705425317211010849e+01 9.538788937679767344e+01 1.035592212208064069e+02 8.598816502808364248e+01 6.605769136853743362e+01 5.495354906404990913e+01 6.605769136853743362e+01 8.598816502804619688e+01 7.971179354909331494e+01 5.979568673701191273e+01 7.971179354909331494e+01 9.544054591551875433e+01 8.909209573439025576e+01 9.206715152933743695e+01 7.276753633687580702e+01 7.276753633701078172e+01 8.103450926191413828e+01 8.054219388054613660e+01
8.187870513261463756e-02 2.008095221825421817e+01 3.832027537808264128e+01 3.875147248965995317e+01 3.657891307433262540e+01 3.072320105840454829e+01 4.484876671920898161e+01 4.031386997039415832e+01 2.053951534731971762e+01 3.635910520538435975e+01 3.635921658901020237e+01 5.629701671170465715e+01 7.020188844456235699e+01 6.196229921170908028e+01 5.692827840933419026e+01 4.428232507119254535e+01 6.420186654170829854e+01 8.181285646160385738e+01 9.176025433709639856e+01 1.000893800069015782e+02 9.770445722955037127e+01 8.356071795508090361e+01 8.380449312460019939e+01 6.387894288144828892e+01 4.982095168439463606e+01 6.971173594494530334e+01 7.115431561455396547e+01 7.307309127839948815e+01 5.316978681349522873e+01 6.723417285800063325e+01 7.647984675019903023e+01 6.915037913079544296e+01 8.326019014280184649e+01 9.272421538945619091e+01 8.657061506203369561e+01 7.656898436782162776e+01 6.828503843700180198e+01
2.239863785106879432e-02 1.002241256226054666e+01 2.416594669141506913e+01 4.419323783401200956e+01 5.656332648108448780e+01 5.071585458492594256e+01 5.440469272799715128e+01 3.447726007919951030e+01 4.031386997039417253e+01 2.481383647587019325e+01 4.457585363895898212e+01 5.744331761586607143e+01 7.131512410357679244e+01 7.962431191215220849e+01 7.243911762798077802e+01 5.838028769094901094e+01 5.369163996073466194e+01 6.775758315137775867e+01 8.761930807942511024e+01 1.001474339979161527e+02 8.770639640681606863e+01 6.942567080366659127e+01 7.981952639976924502e+01 5.990274442654207121e+01 4.583842666266146182e+01 6.041837346494865812e+01 5.122208067951290644e+01 6.531469812727145552e+01 4.765061380203717789e+01 6.003062869554670300e+01 5.656370935260461152e+01 5.507805451360695770e+01 7.499117269548798959e+01 8.815303753953962485e+01 7.828834535917343374e+01 5.828173151483016312e+01 4.826059149276775884e+01
1.991760116496149591e-02 1.416205322489603624e+01 3.416205322489673790e+01 4.624238117349714372e+01 4.843017716823615615e+01 5.671444833703939992e+01 6.272146273396806038e+01 5.440469272799715128e+01 5.287923861301315753e+01 3.871798584958373368e+01 2.930844510002290448e+01 4.912121472051813953e+01 5.109721156532577879e+01 6.797824032036132280e+01 7.806845944463444198e+01 7.825640115763553695e+01 6.775758315137775867e+01 6.992966110591983409e+01 8.979461299210448999e+01 8.795317122839455237e+01 7.186563288423182883e+01 5.942988423288953470e+01 7.942190737584859050e+01 7.191031864835512977e+01 5.200568173147595274e+01 4.050946774092570024e+01 3.713456881859561065e+01 5.254258810951188963e+01 5.299070805518328342e+01 4.011853740467940099e+01 4.248802478609892574e+01 5.001591177955800305e+01 5.996017896250386769e+01 7.987997908726457297e+01 8.657061506203369561e+01 7.656898436782162776e+01 5.827281496488478041e+01
1.766589122093755945e-02 2.001766589122058093e+01 2.783623122272380712e+01 2.624238117356639677e+01 2.843017716838992826e+01 4.390397513323230072e+01 5.097504294513841927e+01 5.925931417620448372e+01 6.704049137644263112e+01 5.465785854040847624e+01 3.469520535818857354e+01 3.516772560329697939e+01 3.952718487399818770e+01 4.952901551600094621e+01 6.385646075913363973e+01 8.399740172685081063e+01 8.761930807942511024e+01 8.979461299210448999e+01 8.795317122839455237e+01 6.795898982512464670e+01 7.162799047417591680e+01 5.187287042190199315e+01 7.186563288423182883e+01 8.017554481223265839e+01 6.867530889055998955e+01 6.041657053551091394e+01 4.671012064181288537e+01 3.261042695230773347e+01 3.305994816039665807e+01 3.520216966256764124e+01 5.512727706513635439e+01 6.992007902488424520e+01 7.818535679911197178e+01 8.815303753953962485e+01 8.189998522357986133e+01 7.344370702572908272e+01 5.737627344870318069e+01
6.490672536223988931e-02 3.913908519959752752e+00 7.836231222723450074e+00 1.210024554983569622e+01 1.787374824173185317e+01 2.390397513328701962e+01 3.097504294515237078e+01 4.252204832894447861e+01 6.252204832891148101e+01 6.072962790887719109e+01 4.059184710009340336e+01 5.514441242583274772e+01 5.372542707063560385e+01 4.894917516201351049e+01 5.908784690362232084e+01 7.339368847015622066e+01 9.345385484269495180e+01 8.975052586615485950e+01 6.975550498472007632e+01 6.975550498472007632e+01 5.163547184506454357e+01 4.584498767717644085e+01 6.583758819239091054e+01 6.846816995787912674e+01 7.674578480448862194e+01 7.480652586602174381e+01 6.077831474100368325e+01 4.829302176797807533e+01 2.834717282505182112e+01 4.829302176531465562e+01 5.977527111302897822e+01 6.803374746037778209e+01 7.799442783014960412e+01 8.732516615312761132e+01 6.836363886739191287e+01 5.515888559034741689e+01 4.657322287217245815e+01
