MOVIE_S12_data/elevation_000668.asc
nrows	50
cellsize	150.0
xllcorner	0
ncols	50
yllcorner	0
NODATA_value	-9999
[rows 17 to 33 of 50, columns 0 to 36 of 50]
5.436832538903087209e-02 2.005436832538867620e+01 3.800965106148269257e+01 3.763077820443027122e+01 2.934641551648020652e+01 1.296783580501622701e+01 1.559396446221070143e+01 1.829076391206371710e+01 2.645572972154006308e+01 3.645572976421399147e+01 5.059787373282131995e+01 7.059822445084813580e+01 7.407839439318098584e+01 7.626632710216301803e+01 8.455199106638025341e+01 8.925808816272713386e+01 8.573660926066551724e+01 9.160479420053370347e+01 8.157040178724487589e+01 6.164919050673114498e+01 4.740472329391795370e+01 4.243015719994941293e+01 5.093367286124882298e+01 3.507873314034848278e+01 5.522991982170388070e+01 6.810861139945480147e+01 7.328556358948819138e+01 5.920019250155110768e+01 5.770364718241140167e+01 7.768976395818322089e+01 8.235316431414291571e+01 9.054474595100302281e+01 8.321191845529016007e+01 6.329789878311297713e+01 5.176999684562750303e+01 4.177967366725210496e+01 4.100103779090713374e+01
9.647730019007895452e-02 2.009647730018972211e+01 3.309075896093082036e+01 4.065004788772893107e+01 4.125239966580578965e+01 3.296785128715798407e+01 3.559397778965750092e+01 2.585005337227750033e+01 3.829070134053490193e+01 5.474049726755609413e+01 6.474076985683423402e+01 7.247556958577405339e+01 6.415738506061212831e+01 7.247556958577405339e+01 7.797078916277911276e+01 7.981989442317097883e+01 6.561068470089605853e+01 7.150543152680357650e+01 8.372987985723727888e+01 6.383279512304943637e+01 6.748397820134366043e+01 5.146334845780810241e+01 5.522991982780055054e+01 5.522991982780055054e+01 3.969946984882155760e+01 5.398520810427869776e+01 7.402127799625085913e+01 7.917082537926908969e+01 7.187912626210911071e+01 8.589205218577957623e+01 9.284965266023465347e+01 8.469325757003970523e+01 8.830365884518253949e+01 7.688771595094929978e+01 5.695794794785046378e+01 4.283438014977861030e+01 3.283877006378533991e+01
9.953738903938927352e-02 6.424092709376120425e+00 1.309075937604272788e+01 2.065004883622713905e+01 3.219705421996600592e+01 5.219705197592211476e+01 5.413182861806927093e+01 3.585005337584542673e+01 5.413182861806927093e+01 6.657126765928526879e+01 6.828068268728128487e+01 6.244957752645674987e+01 4.411778169271089212e+01 6.244957752645674987e+01 5.784765259475954480e+01 7.150543152679772163e+01 5.134519418270661362e+01 7.150543152679772163e+01 8.713138648868951464e+01 8.372987985723727888e+01 7.971954254163217968e+01 6.309611118745718983e+01 7.524980067952242280e+01 6.330891068690759482e+01 4.316110763085128355e+01 5.745101994679695423e+01 7.745093842320331134e+01 9.059241694331689132e+01 9.171795690728045258e+01 9.132139629954137661e+01 8.140437861399168185e+01 6.481457128061997253e+01 6.845163346245573166e+01 8.245134602795869228e+01 7.103025337375937909e+01 6.106150679468290576e+01 4.704821891338715290e+01
3.582433992925927735e-02 1.003582433992917267e+01 3.003582433992881562e+01 4.065004788772893107e+01 4.893426558515093916e+01 6.048123337055086779e+01 6.413046350747551116e+01 5.584971705607337356e+01 6.413046350747551116e+01 6.828068268728128487e+01 4.824218081298152327e+01 5.191931442000169028e+01 3.424848385858943089e+01 4.934349860055334602e+01 4.371171798844639511e+01 5.540244601994306350e+01 4.430840816177632746e+01 6.437771109940450742e+01 6.700896762383830207e+01 8.540028282846846253e+01 9.118801373084932038e+01 8.301342091974311188e+01 7.064381529654859548e+01 5.055635173730378540e+01 6.330891068690699797e+01 5.081588746651055999e+01 6.247604087911819448e+01 8.240734674653508307e+01 9.992290364715570661e+01 8.316075089826921385e+01 6.327183448114494269e+01 5.328971381758179149e+01 5.434355433581195882e+01 7.251374097311075673e+01 7.671022192971325637e+01 6.843478990317497335e+01 5.328926968081768933e+01
8.338298177320474514e-02 2.008338298177284997e+01 3.003582433992881562e+01 5.003582433992810508e+01 6.049988307251585695e+01 5.464726249926933122e+01 5.890889843711754992e+01 5.307889843820926501e+01 5.890774953521025026e+01 5.962484587162668959e+01 5.131135030975559630e+01 3.204043173567351488e+01 2.678829004492522969e+01 2.951766097639123032e+01 3.234048035527241893e+01 3.552152633192851283e+01 3.942032123481983064e+01 4.687217867427160201e+01 5.692198208753315924e+01 7.121041857704371125e+01 9.130489057247891083e+01 9.050709152594818363e+01 7.064381529654855285e+01 5.666633678895392734e+01 7.667736831980266743e+01 7.089998894583729339e+01 6.035022270904257624e+01 7.193484701295099626e+01 9.174672472726372519e+01 9.132139629954137661e+01 8.140437861399168185e+01 6.430485570629035408e+01 4.435535429230334614e+01 6.424766772379568636e+01 6.513974711272337004e+01 4.845375140552689430e+01 6.145406915418050176e+01
1.813270376062421294e-02 2.001813270376026921e+01 3.725205625384526797e+01 4.879906163763799043e+01 4.050971303836423232e+01 3.465374831293693347e+01 3.895540382142063152e+01 3.310577714552483997e+01 3.895530260603181461e+01 3.967374936724610990e+01 3.967375025953610646e+01 2.317801782416643519e+01 4.302921501258555281e+01 4.348430780356331837e+01 3.974974558572539252e+01 5.540244601994306350e+01 5.939797720776341805e+01 4.638293457604643777e+01 6.651614034813572118e+01 8.274329774444633756e+01 9.279408147184567213e+01 9.647686412948931434e+01 7.667736831980283796e+01 6.429987307757924953e+01 8.419824657097491638e+01 8.849682737283590939e+01 7.193484701295099626e+01 8.849682737283590939e+01 8.650552236267280648e+01 7.653833850756798540e+01 6.829062854369398394e+01 5.962969266499904109e+01 3.964297784854244355e+01 5.316888373676085422e+01 5.057787703498237875e+01 3.691444969722907388e+01 4.547590475929816733e+01
2.351309638313057310e-02 8.967785006382365864e+00 2.051479039017508654e+01 4.051479039017578998e+01 4.050883314028235560e+01 2.051178467081588863e+01 2.896530209712656045e+01 1.896474870112074385e+01 3.895486692568202614e+01 3.967374813032170522e+01 1.979969123728880120e+01 3.967375025953610646e+01 5.131158192166557797e+01 6.348883648717820449e+01 5.383413098984154743e+01 5.383413098984154743e+01 7.395928351772532494e+01 6.651614034813572118e+01 5.424685561694062130e+01 6.436617215231171940e+01 7.863017288332487453e+01 9.867938957174042969e+01 9.237665385386139860e+01 7.584583131313384285e+01 9.237665385386139860e+01 9.992290364715570661e+01 9.174672472726372519e+01 9.235880095912538934e+01 7.243025065212179925e+01 5.831406918956219698e+01 4.832898862852955801e+01 4.316839317965361289e+01 3.816967307051557157e+01 3.331927143692435322e+01 3.059763212398682697e+01 2.797150802241271705e+01 2.549081451562203071e+01
2.372884694381488524e-02 2.002372884694345956e+01 2.278141839098412902e+01 2.415208463308066200e+01 2.553553005012223664e+01 2.686189275009159516e+01 8.964704089768009254e+00 2.889922559599839502e+01 3.260524358115522858e+01 3.430367082672862722e+01 1.750570852311764725e+01 3.739404022256618276e+01 5.490139832542543274e+01 6.318423570906514186e+01 7.395928351772532494e+01 7.395928351772532494e+01 8.226940373455698818e+01 8.274329774444633756e+01 7.443431232309742995e+01 6.703961934932549127e+01 8.128932914201347160e+01 1.013289508135713106e+02 1.037812344126632809e+02 9.560785799614242819e+01 9.963214880231268467e+01 9.963214880231268467e+01 1.080061440860357322e+02 9.304564940890561786e+01 7.311922175507430666e+01 5.900331999500627234e+01 6.829062854369398394e+01 6.085079348089355733e+01 4.087697427171839593e+01 5.330139942951610976e+01 4.473237523130523385e+01 4.795448843158109042e+01 3.089169602309995355e+01
6.296921807001566729e-02 1.420657684674275556e+00 2.781485319553816282e+00 4.151862739208884712e+00 5.535291666941040134e+00 6.928757695524280891e+00 2.692925151512615400e+01 1.109671125350581811e+01 1.261290734106408351e+01 1.430321585223339831e+01 1.688520479799547758e+01 3.688573729372794929e+01 3.490064879794034169e+01 5.163751008697093425e+01 6.739278167725488800e+01 7.009268201519608965e+01 7.821509010828377484e+01 7.390810768041737333e+01 8.219060844928577581e+01 8.715879843719983455e+01 9.544784044029772474e+01 1.064739310523526825e+02 1.123971082661701359e+02 9.369360417407526143e+01 7.938106426211498956e+01 7.938106426211498956e+01 9.963214880231268467e+01 9.521938214495644104e+01 7.530032156981157243e+01 7.895553729005837340e+01 6.498926530717120897e+01 5.086835268464557913e+01 5.241312182196855218e+01 6.911093532867877798e+01 6.469016676868650961e+01 5.663614546639831815e+01 3.666432712161271468e+01
8.175220331382776484e-02 2.008175219749602647e+01 2.213239160814486794e+01 1.848252332159944800e+01 2.553553005012223664e+01 1.325330567412697036e+01 3.319846511619555685e+01 3.113115460274359947e+01 3.261321469371761594e+01 1.769291572217952790e+01 3.688176398887957674e+01 2.063155007857771039e+01 2.335320968596584734e+01 4.335396020404992612e+01 4.746748630186800000e+01 5.011133469731731083e+01 6.388423421863218721e+01 5.391013204772295353e+01 6.805250886736385496e+01 8.804477375070692347e+01 1.005190798514457811e+02 8.620130453336041398e+01 9.213901936831101125e+01 8.531246959755672776e+01 6.519937038936154750e+01 8.165248983883088840e+01 9.002460388440216832e+01 9.856723036771170143e+01 9.521938214495644104e+01 9.318700484156919117e+01 7.908813507437025692e+01 6.085413804755139466e+01 7.237686731577709054e+01 8.063072261233938320e+01 6.342120580600701629e+01 4.930334516824693480e+01 4.820288714782917339e+01
7.631710034972485901e-02 1.007694657377504832e+01 3.008481936678972701e+01 3.930417338925134629e+01 3.319846712100468267e+01 2.737921677393164543e+01 2.737921677534189513e+01 4.724738182139514464e+01 4.133585853960213541e+01 2.134440709345814113e+01 4.133574619189870702e+01 3.477418311028777254e+01 4.335396020404992612e+01 2.747892590594691953e+01 4.747983212372262329e+01 3.856333362887000504e+01 4.390901782532965569e+01 6.392071008165350321e+01 7.023958542198684540e+01 9.023115984047555571e+01 9.213901936831101125e+01 7.194639964400944621e+01 8.134561011834672684e+01 7.860810319482507680e+01 5.857924101004053341e+01 6.158716243986042826e+01 7.006776766365740627e+01 8.655307402731635591e+01 9.492291599047806017e+01 1.011314595591622520e+02 8.906063919008659013e+01 8.081233050673161245e+01 8.906063919008659013e+01 9.154355045955465187e+01 7.748237813278076658e+01 6.925412918827252895e+01 6.815619056656936436e+01
9.124702163186203252e-02 2.009124702163150644e+01 3.011018959787968896e+01 5.018086745909280921e+01 5.304346386650317413e+01 4.724738023175267898e+01 4.724738338797390469e+01 5.545480848082225123e+01 4.518283327435081276e+01 2.519343264766820667e+01 4.518283327434895824e+01 5.477471339683980034e+01 5.576319451287389484e+01 4.747983119266795882e+01 3.189628497206869540e+01 5.189742232629573948e+01 6.389529937230942380e+01 6.391547671337405490e+01 8.395191109261010354e+01 9.851600950577790172e+01 9.563775637176749456e+01 7.542560930476004444e+01 6.128216592505274463e+01 7.279052876920458459e+01 6.763163972565628512e+01 5.010591659254495767e+01 7.006776766365740627e+01 6.643781286029941668e+01 8.655307402731635591e+01 8.076411500222671691e+01 9.513981616886363213e+01 9.127633276086653780e+01 9.986663063085231329e+01 9.051189282607096231e+01 8.225211513378224026e+01 7.972984921372440681e+01 7.146613698951490790e+01
8.187870513261463756e-02 1.422401432886369044e+01 3.422401432886439210e+01 4.377015075653939391e+01 5.206383597848787304e+01 5.740530453581705217e+01 5.787596860291510836e+01 6.620194074304339438e+01 5.344741343446272452e+01 3.413793818586056261e+01 3.186027167940889271e+01 4.599893745767819553e+01 6.595561544685779154e+01 6.018105529932468301e+01 4.344414686365371381e+01 3.875662809065795500e+01 5.875775082758515566e+01 7.488546783672303775e+01 8.488441594108665811e+01 9.169500315880121377e+01 8.316535365183665363e+01 8.316535365183665363e+01 7.279052876920458459e+01 5.281023741861023524e+01 4.766816594709548127e+01 4.540554105189781353e+01 5.233254313256210821e+01 7.232943645078023565e+01 8.496742408591968854e+01 6.636794647791144541e+01 8.496742408591968854e+01 7.081737773405180292e+01 8.800732279648116219e+01 8.225211513378224026e+01 6.229497781897249808e+01 6.814028800540910424e+01 5.147351708942623105e+01
2.239863785106879432e-02 2.002239863785071350e+01 2.795686634142881033e+01 2.378000522151036122e+01 3.739112111074332034e+01 3.739112111074332034e+01 3.785021133735875054e+01 5.787596860291510836e+01 6.237756870744401283e+01 4.568322697552362399e+01 5.184411409751990618e+01 3.941989919723996394e+01 5.355385418607931314e+01 7.172784022328934839e+01 6.344481135345249356e+01 5.290003510055581160e+01 4.660202046934715980e+01 5.660311990377674363e+01 7.660215757232145961e+01 8.316535365183665363e+01 6.267075604474385386e+01 6.267075604474385386e+01 7.718287960177266882e+01 7.279052876920458459e+01 6.078422471055077381e+01 4.082307327800639740e+01 5.492090835453854680e+01 7.493952257771944403e+01 7.654875929305082138e+01 5.621453315157015140e+01 7.654875929305082138e+01 5.962147551119134903e+01 7.903092972295880259e+01 8.225211513378224026e+01 6.229497781897249808e+01 4.814389685123069285e+01 4.144940662776448193e+01
1.991760116496149591e-02 3.944372762130316623e+00 7.951559390410686490e+00 1.222834257121247425e+01 1.740302018473855483e+01 2.372404064869203566e+01 3.525555333895201215e+01 5.531906300816881839e+01 7.389496082079926964e+01 6.564092128265347981e+01 6.541208038095197708e+01 4.545031071860666572e+01 6.541208038095197708e+01 8.174477745280979946e+01 8.118206676827816182e+01 6.293299809035180203e+01 5.815020596215889270e+01 7.488546783672363460e+01 8.488441594108765287e+01 8.316535365183665363e+01 6.267075604474385386e+01 4.859259925016936421e+01 5.969303972056821550e+01 6.383994074332598956e+01 5.784111282475193150e+01 3.787594030176515503e+01 5.198130653408215807e+01 7.198793893714345415e+01 6.977068391255723157e+01 4.943243044858546398e+01 6.109842349667572847e+01 5.100800759302315868e+01 6.318891810496394612e+01 8.319890082590025315e+01 7.640343532252171599e+01 6.084490480149759861e+01 4.668694771583201231e+01
1.766589122093755945e-02 2.001766589122058093e+01 2.795686634142881033e+01 2.395041279303527659e+01 3.739112111074332034e+01 4.371561984204439710e+01 5.202607604015124565e+01 6.370850866487974429e+01 7.756055361233626400e+01 7.677383077791185428e+01 7.366462903421461306e+01 5.957786251111278375e+01 5.808947149623125483e+01 7.801252713420008433e+01 9.121284514822647793e+01 8.293066715967849234e+01 7.814887663369542281e+01 8.643109067254370359e+01 9.240509681235441519e+01 7.171109312012833925e+01 5.741324093243422055e+01 4.601680440567476182e+01 3.973313532539690840e+01 4.902475494864561512e+01 5.113848324349209662e+01 3.504858965246076252e+01 5.501761327883360053e+01 7.316110724130004428e+01 6.477558695797986843e+01 6.109842349667572847e+01 4.073824553335671794e+01 4.353282208945080356e+01 5.737758029922265735e+01 7.719991747822534478e+01 8.906993599636058434e+01 7.495742039892903108e+01 6.669236322919580573e+01
6.490672536223988931e-02 2.006490672523798580e+01 3.988350092476435549e+01 4.390569444884229711e+01 5.212090078042339769e+01 5.374193128478581372e+01 5.393733868894228323e+01 5.898767068830315452e+01 5.505808612479831510e+01 5.636102790613011848e+01 7.677383077791185428e+01 7.949712828815721366e+01 7.801252713420008433e+01 7.801252713420008433e+01 9.790805419299893231e+01 8.638908605634406968e+01 7.811272302022486258e+01 8.638908605634406968e+01 9.354714885969799809e+01 7.285045164278689356e+01 5.852451647729169082e+01 6.601796069016958768e+01 5.455560685079518635e+01 3.383340263087725219e+01 3.116424152351566335e+01 5.113848503413930047e+01 6.333033452998181900e+01 6.477558695797986843e+01 4.464703174813855213e+01 5.054254907361325877e+01 3.530812658940364912e+01 4.228467459396895123e+01 6.549243213235138228e+01 8.265263542521554996e+01 8.746530613536428689e+01 7.749950468757990052e+01 6.924513523604025522e+01
