MOVIE_S12_data/elevation_000978.asc
nrows	50
cellsize	150.0
xllcorner	0
ncols	50
yllcorner	0
NODATA_value	-9999
[rows 17 to 33 of 50, columns 0 to 36 of 50]
5.436832538903087209e-02 1.419650427969074791e+01 3.419663267741827894e+01 4.700803538085762057e+01 3.285625700856868292e+01 4.495203777943046930e+01 2.857956109224309316e+01 2.857956109223245988e+01 4.857992471486278419e+01 3.464293612654216048e+01 5.464292809701243669e+01 6.641933225435678878e+01 5.227701433713760082e+01 5.227701433713760082e+01 7.227697432740316685e+01 7.950330941472252277e+01 8.778810559262903723e+01 8.980427119866338614e+01 9.065743413606382717e+01 7.238042306143961468e+01 7.238042306143961468e+01 6.175798449750404018e+01 4.175712771097882126e+01 6.172158546764834597e+01 5.714571754618359023e+01 3.714884609285275019e+01 3.946518560744147663e+01 4.501219661951869710e+01 5.133662658395920886e+01 6.288273923342794802e+01 8.286764466306196653e+01 8.608864844952208273e+01 7.784672046553203018e+01 6.946791427588978252e+01 4.940534566871382793e+01 5.201151416859024579e+01 6.885122161292007092e+01
9.647730019007895452e-02 1.423861292392115452e+01 3.423861292392185618e+01 5.359429911570168059e+01 5.285923388528221523e+01 5.684914286174390696e+01 4.272193024511564374e+01 3.752414580966928526e+01 5.685787801901651761e+01 4.878507388255255250e+01 4.878507388255255250e+01 6.878503918797689209e+01 7.227697432740276895e+01 7.227697432740316685e+01 8.056165017322527433e+01 8.301376332150611859e+01 7.716368729196352660e+01 6.981775314884291106e+01 8.394060109432028582e+01 9.237242395900064196e+01 7.590117264751519599e+01 5.589968415057497708e+01 5.070135772230204907e+01 7.004134318937903458e+01 6.099395934060660096e+01 4.099790848065762816e+01 4.653623047623722186e+01 6.500709856394836095e+01 7.132935413353355614e+01 6.766289221579053503e+01 8.764323882883518024e+01 7.784672046553203018e+01 5.784139065579281436e+01 6.370081609719206739e+01 5.835258220537021856e+01 4.045934000890678561e+01 5.201517929110438132e+01
9.953738903938927352e-02 2.009953738903903542e+01 2.531002786848257102e+01 4.531002786848186048e+01 5.071728030608633730e+01 5.900465216046332984e+01 6.271655067841088993e+01 4.907112537279962083e+01 6.579673233540118815e+01 6.878503918797689209e+01 6.878503918797689209e+01 7.706967097993960181e+01 7.182787178459734889e+01 6.355133951622387656e+01 7.182787220959468755e+01 6.301831949756829232e+01 5.715911631634144641e+01 5.566496691886490567e+01 7.567166875332793552e+01 8.779434313123894640e+01 8.418300222818331235e+01 7.590117264751519599e+01 6.224912095984067406e+01 7.898560868466751117e+01 6.499296655586726956e+01 4.499793054849862983e+01 6.499296655586726956e+01 5.722621848440341097e+01 7.721507325197612204e+01 8.764323882883518024e+01 8.540490111154007025e+01 6.540899818588613357e+01 5.125130637129579014e+01 4.368959937800288174e+01 3.834575379925413330e+01 3.574766588994516781e+01 5.577346958841668112e+01
3.582433992925927735e-02 8.980096249928338992e+00 2.898009624992798194e+01 3.438612080241409075e+01 3.071577646008574547e+01 4.933936042365577634e+01 5.828487113149689236e+01 6.906666707144616169e+01 7.733569426726458573e+01 7.285023625299473338e+01 6.450423518182202542e+01 7.285023625299473338e+01 6.182493472820846137e+01 4.353534658622349696e+01 6.182494969504304549e+01 5.615154049835057748e+01 4.299839048327937974e+01 5.056932747160757913e+01 5.952573158130899600e+01 7.367543902579241433e+01 9.365688354910749069e+01 9.053207723206898550e+01 8.225117439319735979e+01 8.338682825503138929e+01 6.340233340280451557e+01 4.926186875751147909e+01 6.925565642643418585e+01 7.136412796261139135e+01 7.354965290633484187e+01 9.352432348289470099e+01 8.758578483613501930e+01 6.759805019608246823e+01 7.126560975969167089e+01 6.370081609719193949e+01 5.128490903093614861e+01 3.127885232145454708e+01 4.089068426547345325e+01
8.338298177320474514e-02 4.671697659184420814e+00 9.385742867094576170e+00 1.438574286709055805e+01 2.105240953639507850e+01 2.999668246173334296e+01 4.413898816465291475e+01 6.414190258522532417e+01 7.366200394870416801e+01 6.262315936322025323e+01 4.392369457109172970e+01 6.262315936322025323e+01 5.354334303641149262e+01 3.353567481758335589e+01 5.024921951082658467e+01 3.613579619598199599e+01 4.769213344930668796e+01 6.770730542829761589e+01 7.885502325240693722e+01 8.779434313123894640e+01 9.139644271245259688e+01 9.139644271245261109e+01 9.965451731608636976e+01 8.557129789829882327e+01 6.558879968216861300e+01 5.442562950047236825e+01 7.441754748513780271e+01 9.134050473989327656e+01 9.352432348289470099e+01 9.441065903055118724e+01 8.612915398279687906e+01 8.758571609039029227e+01 8.403879728949620187e+01 7.577468584250505046e+01 5.958533785787968640e+01 4.675309954561436854e+01 2.675355304200603968e+01
1.813270376062421294e-02 2.001813270376026921e+01 2.938544519769758523e+01 2.852776263419459823e+01 4.105297643542358799e+01 4.933936042365577634e+01 5.828487113149689236e+01 6.779710979717098951e+01 5.375044786134922958e+01 5.421396487645687046e+01 3.407488565423930993e+01 4.414442526534811151e+01 4.182224213817097791e+01 2.648067653824792700e+01 3.024916298321338104e+01 5.024921951082658467e+01 6.443233163212377690e+01 7.598136001688071417e+01 8.615757718742783311e+01 8.553286087479835942e+01 7.141120443351036329e+01 7.141120443351036329e+01 9.139644271245261109e+01 9.384285980253821435e+01 7.441754748513780271e+01 6.109207612762789097e+01 7.441754645979514748e+01 9.439311324474846288e+01 9.286474890402485016e+01 8.286912189031208698e+01 6.613982218343410580e+01 8.286913821522615820e+01 7.577468584250505046e+01 5.577893838216847655e+01 6.097245865904938711e+01 5.269099199756941232e+01 4.248807464698803926e+01
2.351309638313057310e-02 1.416564872011420562e+01 3.416564872011490905e+01 4.852000401626734316e+01 4.755015275124439711e+01 3.921094864595871599e+01 4.408319056541897396e+01 5.249823009606316049e+01 3.961761380350402817e+01 5.783415344413602810e+01 4.414442526534811151e+01 2.482222692436484124e+01 2.184086009661523420e+01 4.182224213566532001e+01 5.024921950994244924e+01 5.853209620135641700e+01 7.411169098159702173e+01 7.152776757933995100e+01 6.616546052051603510e+01 6.831843276209907856e+01 5.726018243869694402e+01 7.141120443351036329e+01 9.139644271245259688e+01 1.026644691858591329e+02 8.935175927074899960e+01 7.263740347858953328e+01 7.523029544066959318e+01 9.520340026431347269e+01 8.458385307308064682e+01 6.459276124680418718e+01 5.458656319282442126e+01 6.564325587090250735e+01 6.137808656737223600e+01 5.737735245712110554e+01 4.163453059600069395e+01 3.269373523197877063e+01 2.562819266841050236e+01
2.372884694381488524e-02 1.416586447142224792e+01 3.416586633711186494e+01 4.327777340310415610e+01 3.411613080473232884e+01 1.919800354564561928e+01 2.398727843927018100e+01 3.806921190405265776e+01 2.962017678227478612e+01 4.471648868958131828e+01 3.643496702473807147e+01 1.905570729509942396e+01 3.904896765862967101e+01 2.539747475929548415e+01 4.538317806058852710e+01 4.582144691456515773e+01 5.448657754782205842e+01 5.151531155460993006e+01 5.200901568597250701e+01 4.830133789668187205e+01 6.831843276209907856e+01 7.794034463210492447e+01 8.549783184869335173e+01 9.376042160996301789e+01 1.008829374515789397e+02 9.261347131567160318e+01 9.520340076863915613e+01 1.034730035815674540e+02 9.286456211728827270e+01 7.978283748691598021e+01 5.978644939926840607e+01 4.563783848142541189e+01 4.137444212601200633e+01 3.737640036191737636e+01 3.359935459446796102e+01 2.988855202530493571e+01 4.562092683293275996e+01
6.296921807001566729e-02 2.006296921806698208e+01 3.674463439063519843e+01 3.026040230436823109e+01 1.674006783128796272e+01 7.648287098096565373e+00 2.765024882370187242e+01 1.807743920932610848e+01 3.243177609015570795e+01 3.387480730155088082e+01 1.643948035591807155e+01 3.643496701518672864e+01 4.733049248617236060e+01 4.538317804115159504e+01 2.903796808715290823e+01 3.167804273954060434e+01 3.447033551909161986e+01 3.735260791290591698e+01 4.043992152200317491e+01 4.492182130285898012e+01 5.126059798273812618e+01 5.793701975227967438e+01 6.550260013705057816e+01 7.964777249516025392e+01 9.962112448068013748e+01 1.000956442890239231e+02 9.181141361817536506e+01 9.659197677059633236e+01 9.242210011607342324e+01 7.243767524608867348e+01 5.829317475086552491e+01 5.719070625042510869e+01 6.137808656737223600e+01 5.737735769149426091e+01 3.772833283134703208e+01 4.988399616271580328e+01 5.603320927993073752e+01
8.175220331382776484e-02 2.007632839885485865e+01 1.675072067554307154e+01 2.388659972631592865e+01 5.731492211523669056e+00 2.572370155800641101e+01 9.607986208862579147e+00 1.100133940380950470e+01 1.243020399511120822e+01 1.387396008113381640e+01 3.387479423836538928e+01 4.471622535535184539e+01 5.978064293602020030e+01 5.731710363822728027e+01 4.903392313977683159e+01 4.322329112921867988e+01 5.448657754782205842e+01 4.891704521190824551e+01 4.940275598939759760e+01 6.494422857122404480e+01 5.494053022825108457e+01 6.909344168194473923e+01 8.549783184869335173e+01 9.376042160996301789e+01 1.000956442890239231e+02 8.856812767993503144e+01 7.185911059529796319e+01 7.662859779953961947e+01 9.659197677059633236e+01 8.657222014264242205e+01 7.829097660719844498e+01 7.133618191494664984e+01 7.187042154196201693e+01 5.187114002376547006e+01 4.479799934732163536e+01 6.480088036812550456e+01 7.559082854139097662e+01
7.631710034972485901e-02 1.341228164417075375e+00 2.608676665466028943e+00 3.886429795465906167e+00 2.387765672200454503e+01 1.367509359678509107e+01 2.961026164402904826e+01 3.100335101452620989e+01 2.657455247274011612e+01 3.387260843856304859e+01 1.734521016147043326e+01 3.149624689883185980e+01 4.369425315726423520e+01 5.197651425793508650e+01 6.611709522876678591e+01 6.324093527958883243e+01 7.151772196742801668e+01 6.307627099547975291e+01 6.356162975619982802e+01 6.941831013333202804e+01 6.495046827559143310e+01 8.321755999677743887e+01 9.734167831161026641e+01 1.039495959602503206e+02 9.181141361817536506e+01 7.185911059529796319e+01 6.037904405973293365e+01 7.180105613885054083e+01 7.905817402417235940e+01 7.905817402417235940e+01 8.733209441345765356e+01 9.132118357524348085e+01 8.015298118309333120e+01 7.187042154196201693e+01 5.374503735223292011e+01 7.308341435546536502e+01 7.640118861806274708e+01
9.124702163186203252e-02 2.009124702163109077e+01 2.260872939571030571e+01 1.205051224830999068e+01 3.088296753417332852e+01 3.356646384398264615e+01 2.223804369738731523e+01 4.206474158240439465e+01 4.657477697476765854e+01 4.563014550376839651e+01 3.735526623834433479e+01 2.095939376357750561e+01 2.369196808763868134e+01 3.783581006666688040e+01 4.776755390326934503e+01 6.775466418726915663e+01 8.533989245902179732e+01 8.307272661289046312e+01 8.355758733028895335e+01 8.940459547535039064e+01 7.909546426811422748e+01 9.320816420186541507e+01 9.811971599149704559e+01 8.400523560175534499e+01 9.811971599149704559e+01 8.330372302333198320e+01 6.338051955687009809e+01 5.187522761568340002e+01 5.912961293654360873e+01 5.912961293654360873e+01 7.905817402417235940e+01 8.761740110309725083e+01 8.980755537869114846e+01 8.202693597596183395e+01 6.789092662855526328e+01 8.202693597596183395e+01 8.468353592754037606e+01
8.187870513261463756e-02 1.425283330524718828e+01 3.443681987829719304e+01 3.213728787330393288e+01 2.614313109574399974e+01 4.584299998752721450e+01 3.624179453298988562e+01 3.299865465260838704e+01 5.266740680861352075e+01 5.434455991070394276e+01 3.347201998605857654e+01 4.097661579744976734e+01 4.369425422299499218e+01 2.777683432270298169e+01 4.776755415351978939e+01 5.709718089276535125e+01 7.707292565023686848e+01 8.767118236619656102e+01 8.606437651696296598e+01 9.432885554267274131e+01 9.906834485711280536e+01 8.662939414566699270e+01 7.837340276537352679e+01 6.997429048885877023e+01 8.984680350433039564e+01 9.158200904881331894e+01 8.006879917519286494e+01 6.496655333981968283e+01 4.497055141055280814e+01 5.912961293654360873e+01 7.905817402417235940e+01 6.759442455466898991e+01 6.978476881178221447e+01 8.980755537869114846e+01 8.787882068184022444e+01 8.218459290984472432e+01 7.389996029448171555e+01
2.239863785106879432e-02 1.156940402164368642e+01 2.571153964537488790e+01 4.571153964537559489e+01 4.592771323829641972e+01 5.414859802902299890e+01 5.612259867078729769e+01 4.689044010485554992e+01 4.952690745703125685e+01 6.290379053170082813e+01 4.809687859697501722e+01 6.042703929078763281e+01 4.075420058304970894e+01 3.079061675816885923e+01 4.078590263677475747e+01 6.057095679201135852e+01 5.942694322290514464e+01 7.193522614958770589e+01 6.608274044261203528e+01 8.606437651696296598e+01 9.164597157649113512e+01 7.176348235555535382e+01 5.854364153591892261e+01 7.620536481472211676e+01 8.445803224526551389e+01 8.042008974877148830e+01 6.412849838392216384e+01 5.585531049248415059e+01 4.107737413267167881e+01 6.111832097429352473e+01 6.345834141916470372e+01 5.345766423216501551e+01 6.759442455466898991e+01 8.761740110309725083e+01 8.804222182595222534e+01 6.804204376551935241e+01 5.389990332506785364e+01
1.991760116496149591e-02 2.001991760116460739e+01 3.052787909751441120e+01 3.655924164733756498e+01 4.363965112708192606e+01 5.197164659933419983e+01 6.360153837308396163e+01 6.659989609340381378e+01 6.857035811512888301e+01 7.640905285061651853e+01 7.130351409616062597e+01 5.978968301319578416e+01 5.783769460299935616e+01 3.785954053620160664e+01 3.623250457874631536e+01 4.059621352632835567e+01 4.530758299602246097e+01 5.196366239784006069e+01 6.348979923285793348e+01 8.347189386364544816e+01 8.580614838893583851e+01 6.594681963265313129e+01 5.188191755585522458e+01 5.633687645236015129e+01 7.297761846694379528e+01 6.086448368387762287e+01 5.585363329646091302e+01 3.577972901524901062e+01 5.585531049248415059e+01 6.345834141916468951e+01 4.348569515846570965e+01 6.345834141916470372e+01 7.353470792080780427e+01 8.354001365499094334e+01 8.425296424267236262e+01 7.270590749630099481e+01 6.125081362318726974e+01
1.766589122093755945e-02 5.181643686166748530e+00 1.052686852452518629e+01 1.655709542196565209e+01 2.362816377691787295e+01 3.517558905093267185e+01 5.521598260795403235e+01 6.337714902672972528e+01 6.556401625950313417e+01 7.383622217763844731e+01 7.791606283560255974e+01 7.830868258397488546e+01 6.610916663171242647e+01 4.679662392447063013e+01 4.517108742143405919e+01 6.057095679201135852e+01 5.942694322290514464e+01 5.942694322290514464e+01 7.940383115884593224e+01 9.173813124509297268e+01 9.164597157649113512e+01 7.176348235555535382e+01 6.473428771032148177e+01 4.473181919434048837e+01 5.870331653319365728e+01 5.293675856498069976e+01 4.264646452437568058e+01 3.233888316044794209e+01 5.186412158139879836e+01 5.137850707624395596e+01 3.772539294058322668e+01 4.526573673495013850e+01 5.524073552504854234e+01 7.524664977776875219e+01 7.596859058749986104e+01 5.596856718310036882e+01 4.442156173252291751e+01
6.490672536223988931e-02 2.006490672536188313e+01 3.052787909751441120e+01 3.655924164733756498e+01 4.363965112708192606e+01 5.197164659933419983e+01 5.751444525486330406e+01 4.337883668419610217e+01 4.556656331961341522e+01 6.159032976352128941e+01 5.792120498386292837e+01 7.791606283560255974e+01 7.504074020787213328e+01 5.832656326529406954e+01 5.670137673721867344e+01 7.341531636800837646e+01 7.940383115884593224e+01 7.940383115884593224e+01 8.767118236619656102e+01 9.072297491163799066e+01 9.089558021836988644e+01 7.101362463242087131e+01 5.697054132099253820e+01 4.537583232024744717e+01 3.859981140905998842e+01 3.523503256080776680e+01 3.202043489827654099e+01 2.900246113880340104e+01 4.103256725233747204e+01 3.140620730109373682e+01 4.293528231035448073e+01 6.291216659610611828e+01 7.353470792080780427e+01 8.354001365499094334e+01 8.156982801202563849e+01 6.157081363606089752e+01 4.742869613500261750e+01
