MOVIE_S12_data/elevation_000769.asc
nrows	50
cellsize	150.0
xllcorner	0
ncols	50
yllcorner	0
NODATA_value	-9999
[rows 17 to 33 of 50, columns 0 to 36 of 50]
5.436832538903087209e-02 1.005475829676475463e+01 2.421064118209361382e+01 4.432689558707576083e+01 5.904883432276199073e+01 6.363005770324754451e+01 5.105399180433938255e+01 3.104855522478035468e+01 4.183675601586860182e+01 6.182944066937030669e+01 6.525196817978788033e+01 4.526751480902720459e+01 5.869258761759095222e+01 5.502678919251516731e+01 7.299157081127378888e+01 8.192431954745194389e+01 9.345416261273157943e+01 8.291543552545364548e+01 6.284189443680660503e+01 5.281626818731785278e+01 4.524463878453224197e+01 4.038828820718073587e+01 3.601938545897114352e+01 3.396859913106457185e+01 3.440517511201714740e+01 4.856841777366103940e+01 6.862335585475071298e+01 6.613868619845736418e+01 7.064172137011111374e+01 5.379792003509408005e+01 7.364395059268721866e+01 8.420191334375326164e+01 8.433217023891316444e+01 6.432112866447344857e+01 5.277073440560116779e+01 5.102422829252557079e+01 7.037066846537156550e+01
9.647730019007895452e-02 2.009647730018972211e+01 3.383727186757232630e+01 4.212154311514998994e+01 5.106581502523653171e+01 6.261282040935254400e+01 5.708298739826795298e+01 3.708707115047149472e+01 5.708298739826795298e+01 7.010515172060840428e+01 7.352567933012633716e+01 5.681005734823900610e+01 7.352567933012633716e+01 7.500352010907633371e+01 8.327745571295015736e+01 8.839758746441540893e+01 9.668410321898032578e+01 9.124972160936012244e+01 7.688137051141308120e+01 5.681455946095690024e+01 5.941743779623480748e+01 5.455620784020254632e+01 5.605862950853072846e+01 3.789479278941449536e+01 3.888181075324948210e+01 5.892383595930259332e+01 7.411526433319805562e+01 8.307837489675951304e+01 8.337544612256158416e+01 6.918119019822995597e+01 8.336267776937032181e+01 9.101404558017704005e+01 8.623762405382704799e+01 6.622701488971270578e+01 5.208012088500596803e+01 4.209190250695456115e+01 5.542000468823290049e+01
9.953738903938927352e-02 6.766204055706084297e+00 1.383727186757162109e+01 2.278154377757093485e+01 3.432854916136385981e+01 5.432854916136456325e+01 6.535853266316131283e+01 5.123060454893438731e+01 4.973867473972052977e+01 6.387043672791082827e+01 8.384476189743219265e+01 7.678383283216662392e+01 8.505775264427863647e+01 8.668092913411810230e+01 7.839422088410671563e+01 6.839085430379788022e+01 8.513343271768856368e+01 9.668410321898032578e+01 8.521159342884529053e+01 6.839465299064437431e+01 7.948739358843100433e+01 7.461971431591913984e+01 6.194504988695334191e+01 4.189906683729136461e+01 5.892383595930259332e+01 4.574996454331770224e+01 5.471046965851109434e+01 6.628931501438901819e+01 8.635314833576374838e+01 9.208042065688179889e+01 8.265972914910072689e+01 7.153492095719361998e+01 8.535005333475525902e+01 8.037410110581907929e+01 6.956276763983628086e+01 4.956188046425099003e+01 3.544814724902495584e+01
3.582433992925927735e-02 2.003582433992890444e+01 3.059258561501104268e+01 3.662281250662904597e+01 4.369388031871959299e+01 5.197815198048725449e+01 6.352515804655313048e+01 7.121188944502370077e+01 6.972078112043854503e+01 7.799526317294693456e+01 8.277377885546481195e+01 8.863351472648663787e+01 7.911970756094815727e+01 7.083312010391840374e+01 5.838942858183207107e+01 5.684220263808384033e+01 6.839085430379788022e+01 8.839758746441540893e+01 9.681356613815930245e+01 8.847444223952581410e+01 8.772682512787415021e+01 6.764684160698402593e+01 5.346564482193124945e+01 4.675534555980389939e+01 6.680870361766521626e+01 6.580124143754051147e+01 5.519557391186420858e+01 7.525943738180401965e+01 9.464653610076032919e+01 9.063667667660145355e+01 7.724014681038542562e+01 5.778381938031298404e+01 6.618274137265915158e+01 7.052756755670526445e+01 6.788333415162098561e+01 5.960016999200601617e+01 4.939826402728428434e+01
8.338298177320474514e-02 5.247360776716448960e+00 1.059258561496498352e+01 1.662281250652036135e+01 2.369388031838596120e+01 3.524088570217888616e+01 5.524088570379629459e+01 6.580481680506815678e+01 7.403691927920560545e+01 7.691435582592342257e+01 6.276839044111414978e+01 6.862783304740659673e+01 6.757067645234262443e+01 5.083047432133505339e+01 4.684293522401988952e+01 6.098506498190669589e+01 8.099025221408732023e+01 8.366386189664147821e+01 8.366386189664147821e+01 9.195319053608291426e+01 8.992641544320363778e+01 6.984270264837880404e+01 7.198867147182754422e+01 5.192674223863414085e+01 7.198867147199223382e+01 8.358333854498221172e+01 6.416360086262423579e+01 8.358333854498221172e+01 8.805739720632847423e+01 7.652881459106465911e+01 6.241249569586450718e+01 6.409822023198650243e+01 4.642190268345273552e+01 5.057585287241486327e+01 5.960016795406447443e+01 3.962397069194627619e+01 4.547485168040483927e+01
1.813270376062421294e-02 2.001813270376026921e+01 3.059258561501104268e+01 3.662281250662904597e+01 4.369388031870666822e+01 5.197815193711756621e+01 6.252401989172477670e+01 4.583619019510366854e+01 6.252401989172477670e+01 6.862783304740658252e+01 4.862617940832564756e+01 6.154068647020163496e+01 5.325524348186995383e+01 3.928751640853131022e+01 5.342577865714774532e+01 7.342900216442524197e+01 7.780184959845816195e+01 6.365050866083328884e+01 6.365050866083328884e+01 8.366386189664147821e+01 9.826683496440954002e+01 8.618597137104808326e+01 6.610795730309870066e+01 5.901370917778753267e+01 7.908491398468197531e+01 9.256448746960532503e+01 7.835278631075266276e+01 9.256448746960532503e+01 7.978811202097119804e+01 5.982132543750907416e+01 4.830021337553193206e+01 4.415205119329456096e+01 4.025403176764160662e+01 3.649810884905158304e+01 5.191999471308699299e+01 4.547485673911569393e+01 2.552687438662169583e+01
2.351309638313057310e-02 1.416564872011420562e+01 3.416564872011554854e+01 5.293099761957526539e+01 4.709286906476604173e+01 5.293100113905359905e+01 5.427592485649779519e+01 3.429028254773076867e+01 5.427592485649779519e+01 6.106791857039831228e+01 4.107085319837828052e+01 5.325524348186995383e+01 3.326549418471544328e+01 5.325524348186995383e+01 6.757067645234261022e+01 7.534780822150574409e+01 6.951228410931980761e+01 4.950478921801698817e+01 6.951228410931980761e+01 8.562451704868128388e+01 9.141417530108694223e+01 9.452293684307070976e+01 8.618597137122449681e+01 7.320220542841009603e+01 7.320220542841009603e+01 9.328702876472173955e+01 9.843987267522545892e+01 8.966700239995158483e+01 6.970546951801732405e+01 5.558269224695151678e+01 6.826028241215740877e+01 6.409831033254693011e+01 6.018651576401125425e+01 4.870645799634033324e+01 3.199476529814285186e+01 2.892193746907069141e+01 4.368078556930910850e+01
2.372884694381488524e-02 1.416586447093715684e+01 3.416586526971915561e+01 3.256740606870575050e+01 2.655076258360358921e+01 3.256740624978390031e+01 3.827132654406020862e+01 2.721930734206354785e+01 4.720993325505921945e+01 5.440223011305829459e+01 3.441248367012143916e+01 4.587857359025595372e+01 2.942517063757605555e+01 4.940821443595487494e+01 6.173316083092287698e+01 5.533926153070313347e+01 5.533926155179041473e+01 4.318165742341703606e+01 5.732435060787714320e+01 7.139984602262366309e+01 7.139984602221316834e+01 8.636041949875416890e+01 9.531138907925127057e+01 9.328702876471923844e+01 9.328702876472173955e+01 1.016298494489777937e+02 1.037798866305658407e+02 8.382125434742972914e+01 6.970546951801732405e+01 6.264532448246858820e+01 8.261099908881264753e+01 8.296965742195202154e+01 6.233898564559548561e+01 5.462993685514813791e+01 3.524340978914602118e+01 4.887943360960322536e+01 3.955798140562290399e+01
6.296921807001566729e-02 2.006296888491117869e+01 2.273957898937921840e+01 2.407887810170034371e+01 5.035057350788664898e+00 3.013819796404414220e+01 1.827671547475618752e+01 3.827132654406020862e+01 4.739840165687798645e+01 4.887858666092506610e+01 4.587857359025595372e+01 2.589968994727047402e+01 2.571881110227054990e+01 4.496999738659423684e+01 4.173650262530142641e+01 5.034017605208410373e+01 3.534291970490119184e+01 4.050172349763542456e+01 4.584488987712268937e+01 5.139135079477708956e+01 5.805855181719452673e+01 6.700594171703997404e+01 8.115904153462713566e+01 1.011761035782703999e+02 1.015948168851486884e+02 1.015948168852808919e+02 1.098786227235589763e+02 9.793698582632354999e+01 7.894866972111417169e+01 7.676561455356615227e+01 9.087986206873776496e+01 7.747681895625123616e+01 5.644023719515050885e+01 4.214079453971742595e+01 5.462993688676608883e+01 6.311034527324548549e+01 4.949320605152658459e+01
8.175220331382776484e-02 1.409198826513770486e+00 2.739579036989246319e+00 4.078878097354090571e+00 5.443793335656000210e+00 1.046073890654124838e+01 3.042993561716409445e+01 4.148204040577937235e+01 2.733000880235358565e+01 2.889066568044921723e+01 3.632632932495256739e+01 2.055657830966700672e+01 2.243646811691301224e+01 2.499491011750882308e+01 2.761423890481352927e+01 3.035314041462314094e+01 3.534291960356033258e+01 4.136766219939073608e+01 4.769027342822890603e+01 6.768464669250711552e+01 7.807049312896134552e+01 8.636041949875416890e+01 9.531138600326391952e+01 9.509634844362190620e+01 8.159694424946975744e+01 8.159694424946975744e+01 1.015948168852808919e+02 1.071781739130299798e+02 9.890649604508035964e+01 9.672300571109055056e+01 9.058660140880103029e+01 6.985821422650461443e+01 5.485645984499174688e+01 5.368485361156101732e+01 7.118632864575107533e+01 7.763806017151249250e+01 6.936174484946120344e+01
7.631710034972485901e-02 2.007631710034937100e+01 2.273957904116035778e+01 1.822101372108667050e+01 2.543070593359223253e+01 7.463997522915384764e+00 2.746112263096301476e+01 3.099873266436732777e+01 1.316918960986482467e+01 1.473597133910272206e+01 1.632501072341461779e+01 1.883803502371419469e+01 3.882465736244812149e+01 4.496999738659423684e+01 4.171868010968189822e+01 4.187127630019893587e+01 5.515977969680241699e+01 5.166492845964769742e+01 6.768464669250711552e+01 5.837985686621387060e+01 7.251734382200632467e+01 9.249829701394754977e+01 8.923894540709470391e+01 7.509781700922562209e+01 6.745490948440706802e+01 8.745418553519398586e+01 9.614203900755794052e+01 1.037148677579781832e+02 9.304814779766689981e+01 8.476443317443282410e+01 9.304814779766689981e+01 8.439747002147856847e+01 7.592941826913894943e+01 7.478236030774064602e+01 8.326056036855396769e+01 8.072909302513551211e+01 7.244645176208194925e+01
9.124702163186203252e-02 1.423338264536293707e+01 3.423338264536364051e+01 3.822101373592744977e+01 3.574454327336708559e+01 2.746056677025058690e+01 9.513394444224049451e+00 1.098367434377195551e+01 3.098959420680789023e+01 3.474387371208925401e+01 3.632632953030624634e+01 2.040244316510085909e+01 4.005322512041934857e+01 5.264459083607477652e+01 6.151351131973327568e+01 6.179618672099731214e+01 6.972661038610401363e+01 7.165617220634776174e+01 7.993291601812234148e+01 6.992412280904315480e+01 8.664499879884718325e+01 9.078591979585270622e+01 7.923913220840059068e+01 6.095514233443962127e+01 6.038319033042971995e+01 6.785897692730425490e+01 8.200050796743120429e+01 8.371652103840442294e+01 8.304847943892389139e+01 6.476481457333186142e+01 8.304847943892389139e+01 9.597676288806060541e+01 9.459836898379559500e+01 8.305132338639886314e+01 7.476947433077026517e+01 6.769311051346322472e+01 5.243143995919391642e+01
8.187870513261463756e-02 2.008187870513225803e+01 3.647163569459130628e+01 4.647163569459147681e+01 4.584475434831833951e+01 2.584299789485341137e+01 2.951306854513966371e+01 1.599390966119720403e+01 2.929610655435473276e+01 4.953351776756385050e+01 4.837026340082749698e+01 3.421795775734734946e+01 2.461714499637132647e+01 4.429762703224458420e+01 5.756403692019223683e+01 6.168996030787997142e+01 6.887758418172428776e+01 7.717740104117517319e+01 8.617347880672247129e+01 8.990640656284882937e+01 9.818069684228301242e+01 8.250215569474138988e+01 6.250223702097639489e+01 5.095445320683094792e+01 6.428828222751863564e+01 5.371606637230770076e+01 6.371677090465401250e+01 8.371652103840442294e+01 7.476462387388244224e+01 5.476403518691829220e+01 6.769334792974474624e+01 8.653353553290233435e+01 8.631986811467716336e+01 6.631399923352273618e+01 5.475449496532664995e+01 4.767382605801079620e+01 4.163614208838629338e+01
2.239863785106879432e-02 8.187364447128400613e+00 1.818736444712857647e+01 3.232950007086002842e+01 5.232950007086073185e+01 4.584481351960579332e+01 4.389153804412201509e+01 2.509848394219113388e+01 2.666571319480026148e+01 4.725595461652611817e+01 6.307241143512955972e+01 5.193378294391288819e+01 3.190006801668749148e+01 2.930397050949384763e+01 4.919428362772644903e+01 4.132175478809454461e+01 4.854791385446971219e+01 5.772538302006775979e+01 6.943201694126946677e+01 8.946725389421156649e+01 9.082230886851839102e+01 8.253853139568886377e+01 7.843053373070492285e+01 5.843036989059650210e+01 4.428771032806945840e+01 6.428828233001534898e+01 8.200050796743120429e+01 8.153358948409234586e+01 6.769334792974473203e+01 4.769267794321895337e+01 5.824956947945985064e+01 7.824964560061718544e+01 8.500076515686184564e+01 8.305132338639886314e+01 7.476947433077026517e+01 6.769311051346322472e+01 6.165706913981503590e+01
1.991760116496149591e-02 2.001991760116460739e+01 3.052686852441307153e+01 3.655709541596880285e+01 4.362816322783439915e+01 5.191243447529659960e+01 5.416980062707271060e+01 3.953322300849661985e+01 3.843356181049352926e+01 5.575533440132867469e+01 6.626268269008026834e+01 4.603434831615457767e+01 5.195909028216845371e+01 3.799541464101375965e+01 3.470881714433370036e+01 5.490055846798960459e+01 5.154983851261111027e+01 6.333083128275406182e+01 8.344027463689118918e+01 9.772337900353767282e+01 8.253853151837324731e+01 6.253884935012147395e+01 6.839662066682828367e+01 6.075264730227568322e+01 4.075220689695701992e+01 6.075264730227568322e+01 7.720319056472028763e+01 7.324962657032787661e+01 5.324942023289928983e+01 4.191915042367971722e+01 6.159990941459876979e+01 6.867116092327189847e+01 6.500116611991812476e+01 8.500076515686184564e+01 8.059651533040822358e+01 6.058700976241696878e+01 4.902677603611783752e+01
1.766589122093755945e-02 5.181643686164182583e+00 1.052686852441271625e+01 1.655709541596809586e+01 2.362816322783369571e+01 3.517516861162661712e+01 5.517516861162732056e+01 6.038881437065215607e+01 5.930945229876085278e+01 6.770558977711050375e+01 7.458655560179632005e+01 6.626268269008026834e+01 6.663379119893158986e+01 4.966711447546992986e+01 4.473111602960006650e+01 6.325578126469804374e+01 6.333083128275406182e+01 8.012171196751164359e+01 9.170570610638509379e+01 9.408483413273769713e+01 7.408605154952239502e+01 5.994367487690898599e+01 4.839616098104558972e+01 5.737195583770321861e+01 3.737161106891394269e+01 4.891877254265061481e+01 6.891921896159136907e+01 7.106188798636976856e+01 5.106156853720537470e+01 3.691917515342748857e+01 4.159946162770403078e+01 4.867064135023848337e+01 6.281337564401501794e+01 8.281310558992322512e+01 8.887692082205556687e+01 7.732761299458336168e+01 6.837810254680101707e+01
6.490672536223988931e-02 2.006490672536188313e+01 3.052686852441307153e+01 3.655709541596880285e+01 4.362816322783439915e+01 5.191243447529659960e+01 6.345943985908952101e+01 5.684492050123945006e+01 6.132218290025889473e+01 6.617878022704050522e+01 6.836795702596573676e+01 7.665325035582739588e+01 7.809871638146761086e+01 6.986970352870979184e+01 5.915990781421947275e+01 7.338725765674452362e+01 8.344027463683440260e+01 9.170570604625277156e+01 8.586744495189209658e+01 9.415182618983087082e+01 8.465731769446801991e+01 6.465780043448216929e+01 5.051516926272117303e+01 3.896791928725947685e+01 3.420934405677480328e+01 5.420962366188939541e+01 7.354990168954304863e+01 6.679780555246682638e+01 4.679747649251477526e+01 3.265517459746480711e+01 5.265543724821242222e+01 6.867116092327189847e+01 7.206808100378395920e+01 8.034863530926025987e+01 9.614572464254895579e+01 8.465796529643186830e+01 7.575523628697344236e+01
