MOVIE_S12_data/elevation_000781.asc
nrows	50
cellsize	150.0
xllcorner	0
ncols	50
yllcorner	0
NODATA_value	-9999
[rows 0 to 16 of 50, columns 0 to 36 of 50]
8.271705653423140625e-02 2.127631151761726416e-02 9.425194436011796739e-02 4.939197167322698090e-02 3.975871534419905817e-02 6.171646774684565184e-02 1.696294146011132625e-02 1.936121709489252440e-02 4.216450047424835645e-02 2.297044857093000214e-02 6.704298068806634203e-02 4.162315340452049650e-02 3.835349583220235004e-02 2.777463300387698203e-02 2.207885817162396139e-02 7.161913568127860341e-02 9.025521335945362045e-02 3.502399586135773735e-02 8.040414306008919487e-02 3.131346976591601466e-02 7.604099264847130613e-02 2.387740603804927586e-02 5.687112022313325910e-02 4.074439634684711570e-02 8.709178300582484655e-02 7.612946965408906586e-02 1.077918208624280109e-02 9.929772718869623455e-03 4.600412614040166881e-02 2.152795518990661267e-02 2.378824418737431057e-02 9.511189423522797837e-02 9.406546861214974686e-02 1.749038473908382007e-03 2.223905489293687143e-03 6.269637160239108220e-02 9.476101746191394060e-02
7.639902522890137937e-02 2.002127631151726206e+01 2.009425194435976181e+01 1.419152759540430253e+01 1.418189433907527430e+01 2.006171646774648920e+01 6.341518261796842637e+00 5.364586055343402826e+00 2.004216450047389131e+01 2.002297044857057529e+01 8.232008789965398421e+00 2.004162315340416356e+01 2.003835349583184566e+01 2.401337949391578519e+00 2.002207885817126964e+01 2.007161913568092260e+01 1.009025521335936659e+01 2.003502399586100324e+01 4.794449350970425350e+00 2.003131346976556060e+01 1.421817661637929575e+01 1.416601302976912535e+01 2.005510237858401013e+01 1.158774076529603825e+01 2.008701292515963033e+01 1.343577970703043745e+00 2.001077908431107844e+01 1.415233359046292172e+01 2.004600412614004767e+01 4.872240455916545976e+00 2.002378824418702052e+01 1.163961731722690374e+01 2.009405410692408367e+01 2.109934145252823523e+00 1.956205000453820730e+01 2.005878526324255873e+01 1.009476066587125942e+01
7.813061968023242432e-02 2.007813061967987878e+01 3.645103268613807046e+01 3.419152759540500597e+01 3.418189433907598129e+01 3.300818492846273955e+01 1.300818492846345009e+01 1.091158801759574182e+01 3.091158801759609887e+01 2.823200878996575369e+01 2.237414441369660167e+01 3.651628003742629147e+01 2.479179516805999839e+01 4.791795168060355437e+00 2.479179516806071248e+01 3.837452646082026320e+01 2.423239083709006536e+01 2.964516185169748397e+01 9.645161851697126920e+00 2.378729747542782746e+01 3.421817661637858521e+01 3.416601302976982879e+01 3.982758166953418311e+01 3.158455093847511463e+01 2.261333918375060037e+01 2.613579240704946294e+00 2.261357717600595052e+01 3.415982113741096526e+01 2.987224045591499433e+01 9.872240455916502455e+00 2.987224045591499433e+01 2.575087523010408930e+01 3.096467819506833052e+01 2.215683114524657782e+01 5.142326319469978202e+00 2.510887197911565138e+01 2.164174546033774504e+01
1.795629399984677299e-03 8.166761438677173857e+00 2.230889706240837711e+01 4.230889706240908055e+01 4.933811654701697336e+01 2.933811654701768390e+01 2.300818492846327246e+01 1.694181490915111965e+01 3.694181490915182309e+01 4.823200878996645713e+01 4.237414441369730866e+01 4.368442111192467792e+01 2.723518405518609242e+01 7.235184055186449470e+00 1.878218943897876159e+01 3.878218943897946502e+01 4.423239083708935482e+01 2.964516185169748397e+01 1.567538874325245324e+01 3.567538874325315845e+01 5.207156872288872052e+01 4.760210655589738593e+01 3.956342269020691305e+01 3.396671913359574546e+01 2.389133596988366293e+01 3.891332370704823518e+00 1.803166428651906728e+01 3.797952342919163016e+01 3.541924241814599839e+01 1.541924241816874463e+01 3.541924241816570174e+01 4.556884212445292803e+01 4.135240792958779110e+01 2.144379532636180841e+01 7.311630897409149732e+00 2.727489074662191726e+01 4.163637103982407695e+01
2.526786264046545702e-02 2.002526786264010994e+01 2.816676143867681859e+01 4.816676143867610449e+01 5.762238779447857695e+01 4.300818492846256902e+01 4.300818492846256191e+01 2.450110436933579905e+01 3.694181490915183019e+01 5.694181490915253363e+01 5.311251152774547535e+01 3.540014986446448830e+01 1.540014986446378131e+01 1.006361117993261622e+01 3.006361117993297327e+01 4.706646068644166547e+01 5.792943309916038430e+01 4.234205540991994354e+01 2.234205540991923655e+01 4.234205540991994354e+01 5.315405593285071717e+01 3.393609769525524911e+01 2.015462135039152258e+01 2.569379617139992078e+01 5.732481606501462323e+00 2.389060755899154387e+01 1.803345237109541088e+01 3.802594800868267555e+01 4.249031023002945062e+01 2.249031023003409402e+01 3.541924241816570174e+01 5.541924241808873575e+01 4.098926273050459201e+01 2.107631852975132247e+01 9.533853118685421180e+00 2.949252045299553515e+01 3.326253396004847929e+01
8.483503398980346555e-02 2.008483503398944947e+01 3.299538515662968052e+01 4.127965640173033535e+01 5.127965639635045392e+01 6.300818492846185848e+01 5.278537561679870294e+01 3.450110436933614722e+01 5.278537561679870294e+01 5.897037590401673413e+01 3.897037590401603069e+01 2.482824028028458230e+01 3.295036252588142389e+01 1.295036252588072045e+01 2.449736790967303079e+01 3.863950353340348443e+01 5.863950353340418786e+01 5.062632665738213689e+01 3.234205540991958827e+01 5.062632665738213689e+01 5.436853930722072903e+01 3.546179484354560429e+01 2.762159657247672939e+01 7.593450027298396243e+00 2.567738790002109184e+01 3.389330822063310933e+01 3.802673575431690978e+01 4.628120884902519805e+01 5.077458146991786947e+01 3.663244585376454410e+01 3.882024184858804006e+01 5.882024184856300053e+01 4.920132382231522428e+01 3.395275095797574494e+01 1.400598724542243723e+01 1.331349760201536547e+01 2.743948848330136414e+01
4.163169627051844027e-03 6.328718489963783611e+00 1.299538515663039107e+01 2.299538515663021343e+01 3.713752078036066706e+01 5.713752078035050630e+01 6.278537561679905110e+01 5.450110436933543667e+01 6.278537561679905110e+01 5.897037590401673413e+01 3.897037590401603069e+01 4.482824028028528573e+01 3.600033393253346503e+01 1.600033393253276159e+01 2.600033393253258396e+01 3.754733931632468824e+01 5.754733931632539168e+01 6.062632665738249216e+01 5.234205540992029171e+01 6.062632665738249216e+01 5.335570668196044153e+01 3.083686084014678741e+01 1.645759409418028696e+01 8.929756236860528773e+00 2.892463174341140331e+01 3.907456068480653499e+01 4.505807044662238781e+01 5.130261414929076125e+01 5.950872340272967165e+01 5.663244585374874873e+01 5.882024184856300053e+01 6.555648345528828713e+01 5.411827679824045134e+01 3.865039020327535724e+01 1.872000293093673307e+01 1.611405709741791270e+01 3.023606221763969160e+01
2.434392073152260791e-02 2.002434392073116598e+01 3.299538515662968052e+01 4.127965640173033535e+01 5.049852869073666284e+01 4.221425744908749778e+01 4.888092411574270812e+01 5.644021357592470167e+01 6.472448481087701566e+01 6.725464715147992933e+01 5.897037590401673413e+01 5.610061357958634431e+01 3.928831367864055579e+01 1.928831367863985236e+01 3.343044930237030599e+01 5.343044930237100942e+01 6.583161056378858689e+01 7.736536676139790814e+01 6.744051861521423064e+01 5.921008392625417827e+01 5.259141747730367911e+01 4.440865734913703022e+01 3.592874735749400372e+01 2.893184010529400041e+01 1.086322921517138163e+01 3.085840199350908364e+01 2.524904340120348678e+01 3.155577006904034221e+01 4.552095420826363181e+01 6.526084851890192340e+01 7.488021619129295914e+01 5.735531671610900162e+01 3.753875906565045995e+01 2.602139983811707680e+01 3.865039020327535724e+01 1.900080583477167195e+01 3.310687959993006046e+01
5.883922493566802470e-02 2.005883922493531202e+01 2.673411300377813760e+01 3.026964690971090732e+01 3.404929163980356321e+01 2.221425744907997313e+01 2.888092411574652374e+01 3.644021357593080523e+01 5.058234919966125887e+01 7.058234919964044707e+01 6.195847795659386037e+01 4.195847795659457091e+01 2.781634233286412083e+01 2.355232800575198837e+01 4.355232800575127783e+01 5.832545609757956839e+01 6.987246147967388765e+01 6.912651079676308541e+01 4.929365705574526402e+01 3.935408457940264526e+01 3.270283400803388218e+01 2.693351401469428197e+01 2.158928897502138256e+01 3.199253277919837402e+01 1.224008599735651082e+01 1.709078946835631996e+01 3.697464688747994899e+01 5.130263539194378808e+01 4.552095420826363181e+01 6.526084851890192340e+01 6.667138664459005781e+01 4.690901798327895733e+01 3.543284143030216882e+01 4.591422182220495785e+01 4.191627667865967766e+01 2.198221977673041039e+01 3.341931577393659580e+01
2.016265153036126551e-02 3.353495984863701374e+00 6.734113003777782325e+00 1.026964690971055028e+01 1.404929163980285622e+01 2.071595830646940684e+01 2.778702611833475800e+01 4.778702611833139002e+01 5.644021357592470878e+01 7.644021357576647802e+01 6.195847795659386037e+01 4.195847795659457091e+01 3.936334771665622867e+01 4.355232800575127783e+01 3.004118485098237556e+01 4.158819023477447985e+01 6.158819023477376930e+01 7.736536676139790814e+01 6.744051861521423064e+01 5.921008392625417827e+01 5.259141747730367911e+01 4.684469609560296277e+01 3.428986695370547721e+01 1.428666405646053583e+01 3.224324226143522054e+01 3.697410556910964630e+01 3.697533497789711276e+01 5.679502843579867744e+01 6.526084851890192340e+01 7.349649259719583938e+01 6.923408786138756454e+01 4.947397460128875935e+01 5.526157777815741667e+01 4.697393277368880149e+01 2.706192081553741247e+01 4.191627667865967766e+01 3.201419067616938463e+01
1.256007409845548775e-02 2.001256007409810067e+01 2.673411300377813760e+01 2.441178253344175175e+01 2.819142726353405948e+01 3.037922325835709003e+01 4.778702611833139002e+01 4.043613675900783022e+01 5.457827238273828385e+01 7.457827238270706971e+01 7.024274920257711585e+01 6.195847795659386037e+01 5.350548334038668230e+01 5.832545609830918920e+01 5.004118485098166502e+01 3.820615066025934681e+01 5.234828628398980044e+01 7.234828628398838646e+01 6.807118191303497667e+01 5.656199177732280248e+01 4.831000561234422719e+01 3.905504542742735197e+01 1.906761996210884291e+01 1.598304198358304617e+01 3.598654165097530466e+01 4.669617671114695412e+01 5.354608027009940230e+01 4.987573009258547785e+01 6.402054946961794712e+01 8.401671262395986162e+01 7.744807008000199744e+01 6.923408786138756454e+01 6.468265076781277401e+01 4.486282700419035052e+01 3.077519445218621286e+01 5.066791898263306848e+01 4.373031037852291547e+01
1.283213977233468341e-02 1.415496776350341079e+01 3.415496776350427410e+01 4.441178253344432392e+01 4.819142726353499739e+01 5.037922325835629067e+01 5.866349450429679990e+01 6.043613675899869975e+01 6.872040798932380312e+01 6.627104427193140168e+01 6.476754862651175415e+01 7.311488501518591931e+01 7.350548334038474252e+01 7.234828628398837225e+01 5.234828628398979333e+01 4.820615066025899154e+01 6.649042190749844394e+01 7.534299549778206995e+01 5.982623754230077395e+01 3.987953872786903986e+01 2.833241603392749397e+01 2.406787410014243633e+01 3.905504542710256288e+01 3.598654165097530466e+01 1.840839957263854743e+01 3.841225328172181719e+01 3.354081172764389862e+01 5.221755866676848967e+01 5.888610470619193649e+01 6.716726501513522862e+01 7.716626181047749355e+01 8.237752819697331574e+01 7.094446346475348264e+01 5.464156884177567264e+01 3.477331954606270870e+01 5.464156884177567264e+01 6.414659591250986637e+01
9.594114293757748102e-02 1.427684047299796077e+01 3.439460956422918514e+01 3.795720071684892361e+01 4.012573351845555436e+01 4.855739427899626293e+01 4.866042861901668459e+01 4.840123073348181748e+01 5.673220698525162931e+01 4.617760986619323660e+01 4.467964135601536668e+01 5.886860274072832055e+01 7.900886378767526708e+01 8.063255753100607137e+01 7.234828628398837225e+01 6.234828628398944517e+01 7.649042190737618796e+01 6.710034425872552788e+01 4.717938258729716239e+01 3.563731600760373652e+01 4.831000561234422719e+01 3.073571183418954433e+01 5.070829788775336056e+01 3.841238068172572184e+01 3.841238068172571474e+01 2.088910246076071786e+01 2.643649513557636865e+01 3.221123647205041607e+01 3.888046658792171684e+01 4.888482805428146349e+01 6.888738135810235974e+01 7.414927837109020459e+01 5.437235340682499185e+01 4.291592652847790390e+01 4.627143627297792250e+01 4.542233978482341428e+01 5.943355052668373162e+01
3.950229235330715398e-03 2.000395022923041921e+01 2.405492797368622249e+01 1.970331891812441327e+01 2.022558013090068485e+01 4.024851818606482823e+01 2.861521634841112061e+01 2.835874691835162054e+01 4.261185817349480942e+01 3.201428099082342982e+01 5.206284054630686597e+01 6.254302113002238173e+01 7.082262506716804751e+01 7.124615941819951104e+01 7.960871630563573831e+01 8.234828628398803119e+01 7.599441760418497438e+01 5.610666500686867408e+01 4.458159296090510537e+01 5.559897167521014438e+01 5.895836675836428498e+01 3.968142992550365022e+01 5.895836675836428498e+01 5.841581246866549293e+01 4.279242813138593249e+01 2.278743416290199875e+01 4.279242813138589696e+01 5.221755866676849678e+01 5.888610470619193649e+01 6.716726501513522862e+01 7.716626181047749355e+01 7.414927837109020459e+01 5.437235340682499185e+01 6.273106541922866342e+01 6.028008253235035596e+01 5.686878936956360064e+01 7.344482604325477837e+01
7.711341127313005306e-02 2.057408497226284272e+00 4.047482877640908860e+00 6.067787966703392932e+00 2.607938264007412243e+01 3.123875736924490099e+01 1.446700458599176109e+01 1.680783909961962053e+01 2.258187533041418149e+01 4.261185893650372236e+01 4.711608290243251673e+01 4.248824919193411631e+01 5.701907733503569631e+01 5.113115842722285009e+01 7.124615941819951104e+01 8.444545247897308116e+01 8.423932312734567063e+01 7.275421354345698433e+01 5.456670459902812098e+01 7.275421354345698433e+01 5.962922146476310559e+01 5.962922146476310559e+01 6.787347367885250549e+01 5.633503533664791263e+01 4.471745682877620709e+01 2.471197177479199780e+01 4.471745658117893640e+01 5.728058797739919328e+01 6.556446812792022172e+01 6.728204631509505873e+01 8.727551488976163796e+01 8.237752819697331574e+01 6.835019059649515327e+01 8.237752819697331574e+01 8.006647449773622327e+01 7.664760332793532882e+01 8.488059973963406435e+01
9.541454368626212448e-03 1.984158263932990351e+01 2.402699854697489812e+01 2.607938264873542167e+01 9.065914822250570992e+00 1.122257053991597431e+01 3.123875737097682048e+01 3.682970065714065555e+01 2.058760885706226418e+01 2.379046425113742913e+01 2.707912717219537413e+01 3.092976531816772123e+01 3.696448093296761783e+01 4.591752822628082953e+01 5.593701015007606969e+01 7.015908921443967472e+01 9.036395116088743862e+01 8.270129248265924105e+01 7.445773197806731503e+01 8.270129248265924105e+01 7.952766858851826726e+01 7.393274170745876006e+01 5.979114679872039062e+01 4.805183722629971754e+01 2.804555482805823630e+01 4.471745682877620709e+01 2.971261882382967201e+01 3.727457053992294789e+01 4.727906275686773085e+01 6.728204631509505873e+01 7.778181206369964684e+01 8.777731347883992896e+01 8.814951472590965409e+01 8.535588785386117650e+01 7.705950193142439275e+01 8.076305288311390029e+01 8.663032245463240599e+01
2.297228869525369793e-03 1.000229722885975292e+01 3.000228728790515120e+01 3.739080933538525642e+01 2.907955401196504042e+01 1.878230340998121051e+01 3.874559105106533252e+01 4.562306382708032260e+01 2.558845013112038913e+01 4.382202767169923874e+01 4.711608290243251673e+01 3.777755724673666293e+01 3.910119848961033995e+01 4.666806219691100210e+01 5.562866101625302662e+01 6.723038936991622450e+01 8.742558715809326486e+01 9.283146972691599785e+01 8.283641128109725571e+01 7.455959729684488480e+01 6.700014005516949567e+01 6.199905500817585846e+01 4.564955231026071658e+01 3.150165434108351903e+01 4.805183722890946996e+01 5.633503540687414102e+01 4.971906949826764333e+01 3.561217974821821031e+01 4.193968632644742911e+01 4.950262053020062325e+01 5.950576615081800469e+01 7.950390676752179786e+01 8.535588785386114807e+01 7.377680824273309668e+01 5.699305111553339032e+01 6.070176462233602876e+01 6.657757991457994251e+01
