MOVIE_S12_data/elevation_000609.asc
nrows	50
cellsize	150.0
xllcorner	0
ncols	50
yllcorner	0
NODATA_value	-9999
[rows 0 to 16 of 50, columns 0 to 36 of 50]
8.271705653423140625e-02 2.127631151761726416e-02 9.425194436011796739e-02 4.939197167322698090e-02 3.975871534419905817e-02 6.171646774684565184e-02 1.696294146011132625e-02 1.936121709489252440e-02 4.216450047424835645e-02 2.297044857093000214e-02 6.704298068806634203e-02 4.162315340452049650e-02 3.835349583220235004e-02 2.777463300387698203e-02 2.207885817162396139e-02 7.161913568127860341e-02 9.025521335945362045e-02 3.502399586135773735e-02 8.040414306008919487e-02 3.131346976591601466e-02 7.604099264847130613e-02 2.387740603804927586e-02 5.687112022313325910e-02 4.074439634684711570e-02 8.709178300582484655e-02 7.612946965408906586e-02 1.077918208624280109e-02 9.929772718869623455e-03 4.600412614040166881e-02 2.152795518990661267e-02 2.378824418737431057e-02 9.511189423522797837e-02 9.406546861214974686e-02 1.749038473908382007e-03 2.223905489293687143e-03 6.269637160239108220e-02 9.476101746191394060e-02
7.639902522890137937e-02 2.002127631151726206e+01 2.009425194435976181e+01 2.004939197167287190e+01 6.364314035680930459e+00 2.006171646774648920e+01 1.001696294146002408e+01 2.001936121709453786e+01 1.418430012420532371e+01 2.002297044857057529e+01 2.006704298068770953e+01 2.466979403767855850e+00 2.003835349583184566e+01 2.002777463300352068e+01 1.416421448190244803e+01 2.007161913568092260e+01 3.470872232273527036e+00 2.003502399586100324e+01 1.422253976679116505e+01 1.417344909349699122e+01 2.007604099264811737e+01 8.968149316037285601e+00 2.005687112022277674e+01 1.315897639438237565e+00 2.008709178300546938e+01 2.007612946965373268e+01 2.001077918208588713e+01 8.174895581996201699e+00 2.004600412614004767e+01 1.002152795519391937e+01 2.002378824418702052e+01 1.423724750093017732e+01 2.009406546861179521e+01 2.121744796940186362e+00 1.933844527958548554e+01 2.006189461023489073e+01 1.184675691761157879e+01
7.813061968023242432e-02 1.422026624341130763e+01 3.422026624341201284e+01 3.303098070234694461e+01 1.303098070234765515e+01 3.303098070234835859e+01 3.001696294145966704e+01 3.001696294145966704e+01 3.418430012420602537e+01 3.914240963369108783e+01 2.490858346120219480e+01 4.910368290893971199e+00 2.491037528876109519e+01 3.763736254890957156e+01 3.416421448190173749e+01 2.690084393512407601e+01 6.900843935123718964e+00 2.690084393512336192e+01 3.422253976679186849e+01 3.417344909349769466e+01 2.529808093459209672e+01 2.896814931603692855e+01 2.259046633428424400e+01 2.593648740767666272e+00 1.673317991839606478e+01 3.673120663822514587e+01 3.645916682945910736e+01 2.231703120572740318e+01 2.817489558199655875e+01 2.416366361685733466e+01 3.830577629955661934e+01 3.423723210630000580e+01 2.426748927638947251e+01 4.253751932482409792e+00 2.422102536357650493e+01 3.756669013559559289e+01 3.326407936755254013e+01
1.795629399984677299e-03 1.414393125313080901e+01 3.414393125313009847e+01 4.131525194981055904e+01 3.303098070234835859e+01 2.717311632607885485e+01 4.717311632607955829e+01 5.001696294145895649e+01 4.498689782732249398e+01 2.504281078064755306e+01 1.093849356434120423e+01 2.491037528876109519e+01 9.327802752678785225e+00 2.348398599242669249e+01 4.349964138403321101e+01 3.049294997565960585e+01 1.049294997565924881e+01 3.049294997565960585e+01 4.443407547261463009e+01 5.358235218205499706e+01 4.529808093459280371e+01 4.095651687185223722e+01 2.387697702900210572e+01 3.881950496505447212e+00 2.387697702900218033e+01 3.595917754982944814e+01 4.301756213703037446e+01 4.231703120572810661e+01 4.817489558199726218e+01 4.416368671909040700e+01 4.973493648763587061e+01 3.813766979211519725e+01 2.644399795907506601e+01 6.423056240140452289e+00 1.780919298430348974e+01 3.149181203312413402e+01 5.066211317978815032e+01
2.526786264046545702e-02 2.002526786264010994e+01 3.188856461744105530e+01 3.895963242930771742e+01 4.724390367676991787e+01 4.717311632607955829e+01 5.545738757354175874e+01 5.168068539075732559e+01 3.180720187619190753e+01 1.777888623382781930e+01 3.086284254538561100e+01 1.420009624066530662e+01 2.373021811178904983e+01 2.528152389927348409e+01 4.472435098847670787e+01 3.877722122312014363e+01 2.463508559938994935e+01 1.614980422515172975e+01 3.029193984888293301e+01 5.029193984888363644e+01 4.423595196800246043e+01 2.427588265781965404e+01 1.273406625166939143e+01 5.178314701869705772e+00 2.454579727207658735e+01 1.598875906745742981e+01 2.305415745507013980e+01 3.717385597724689461e+01 5.712551680250280839e+01 5.331390461318085272e+01 4.138561003720299425e+01 2.132737035549490301e+01 9.779764380045204319e+00 2.644399795907506601e+01 1.642492201771232274e+01 3.063829010593165592e+01 5.124973223432116498e+01
8.483503398980346555e-02 5.858337725886086034e+00 1.188856461744141235e+01 1.895963242930701398e+01 3.050663781309973288e+01 5.050663781310043987e+01 6.317989718692466994e+01 4.326267810897009980e+01 3.180720187619190753e+01 2.405159221196809227e+01 4.251751109367381076e+01 3.442659172541493007e+01 1.912246452685895903e+01 3.745347357895928297e+01 5.290834329156010085e+01 5.291935684685084595e+01 4.051416202987093840e+01 2.051416202987165249e+01 3.206116741366457745e+01 5.206116741366528089e+01 5.246445219805983839e+01 4.095651687263714535e+01 3.271197146938754940e+01 2.517152269249346475e+01 7.051194789064015644e+00 2.704203977169574458e+01 4.301756213703037446e+01 3.935600506889733907e+01 5.930950142310331330e+01 4.494246134561301176e+01 2.486335726336099938e+01 1.331517662223645004e+01 2.965218471323174754e+01 3.804347158940535678e+01 3.652195227516033071e+01 3.060551186566098991e+01 5.080550295274585437e+01
4.163169627051844027e-03 2.000416316962669683e+01 3.188856461744176940e+01 3.895963242930771742e+01 4.724390367676991787e+01 5.879090906056263321e+01 7.144387883393567051e+01 5.432175710039265937e+01 3.456866313938246549e+01 4.376328425312787829e+01 5.181917058923801989e+01 4.091991753475302573e+01 2.258041675271298487e+01 3.286055810321593640e+01 5.192939517018608342e+01 5.684409364842745305e+01 3.684409364842674961e+01 2.606116399212404033e+01 4.606116399212474732e+01 6.034543866112748134e+01 5.999556015804212450e+01 3.999635023618775165e+01 3.999631138915511741e+01 2.840026809832301780e+01 8.411604371147646475e+00 2.254681565809689303e+01 4.260091467530057940e+01 5.930950142310331330e+01 6.182005576517713763e+01 4.162881729287367705e+01 2.744583907931364664e+01 1.589695796536860328e+01 3.592844654954355121e+01 4.530056913822090081e+01 5.151776207498772209e+01 5.080550295274585437e+01 5.922471029298327494e+01
2.434392073152260791e-02 2.002434392073116598e+01 2.822380503421335618e+01 4.822380503421405962e+01 5.906208137126163393e+01 5.647016250516382740e+01 6.474114102546310789e+01 6.255696180485332292e+01 4.593534692101017924e+01 6.255696180485332292e+01 5.907905139262607719e+01 3.914535912286907404e+01 2.623420087493452257e+01 4.478926583872114975e+01 6.015421169633658849e+01 6.512836489589065536e+01 5.209139088368022641e+01 3.209139088367952297e+01 5.209139088368022641e+01 6.896810487706989079e+01 5.896868351336637915e+01 3.999635023618775165e+01 2.000477994348245403e+01 2.976785363978081378e+01 9.784484626304438493e+00 2.391094421610342380e+01 4.381458844931008656e+01 5.331580928881348314e+01 6.485993443471865305e+01 5.016274280560021737e+01 3.004846463431010761e+01 3.593979428964171774e+01 1.989598534645159233e+01 2.544049777851110150e+01 3.146967646518314865e+01 4.566954204399532102e+01 6.591883518403254527e+01
5.883922493566802470e-02 8.223805034212999132e+00 2.236594065794420061e+01 4.236594065794490405e+01 3.907696213721503398e+01 3.648282640927626375e+01 5.061954246007248770e+01 7.059480876631533874e+01 6.577780645198556897e+01 7.402417981491510091e+01 6.015758422586512211e+01 4.097618216786261769e+01 3.024430748110412281e+01 4.946296254976716256e+01 6.761759728940339187e+01 6.623352650741239245e+01 4.623352650741097136e+01 4.363839626747244438e+01 6.037566213114242686e+01 6.068652568603140196e+01 4.068547026020458190e+01 3.068746022322836708e+01 3.183490694843655078e+01 1.185087071077417953e+01 2.977126719189124060e+01 1.610173310033904315e+01 2.503858527713025950e+01 3.658271830041867645e+01 5.658119188953143919e+01 5.855713677652004634e+01 5.016275241829535503e+01 4.755350044437275869e+01 2.745300855539306895e+01 2.514583937460625407e+01 4.523094265284687765e+01 4.218731747548167021e+01 6.240963049217075564e+01
2.016265153036126551e-02 2.002016265153000774e+01 3.650807628167389396e+01 3.640505490983098014e+01 2.493660374578028538e+01 4.493046803804555367e+01 6.474091819498688949e+01 6.387061638318079559e+01 6.387060955665452155e+01 7.221443090643562357e+01 6.805697610035053913e+01 5.740520433902739228e+01 3.856849088120258529e+01 3.959667358308556118e+01 5.932925152210867026e+01 7.451779775487487711e+01 6.623352650741239245e+01 6.363839626747314782e+01 7.192266751493635013e+01 6.896810487706989079e+01 5.896868351336637915e+01 4.603807134215942654e+01 3.335168982826099437e+01 1.336951046254254294e+01 3.335168982826099437e+01 3.609281670862225866e+01 2.393935809548719362e+01 4.393623851337573427e+01 5.288061070689438026e+01 7.287826935631478875e+01 6.184740719572811685e+01 4.163277040866502432e+01 4.755350044437275869e+01 2.899298699181388983e+01 4.910077265732387275e+01 6.240963049217075564e+01 5.645456474742717035e+01
1.256007409845548775e-02 2.001256007409810067e+01 2.884710999466480530e+01 1.640861359198618175e+01 3.640505490983098014e+01 5.320440763446254095e+01 5.816855678881650249e+01 4.412396181199267886e+01 4.412396180200877183e+01 6.387060980534180032e+01 7.458521506103942045e+01 5.461132132457455413e+01 5.827659911322709974e+01 4.935570417704078494e+01 6.761759912356798452e+01 8.339869979616014461e+01 7.341880379400727463e+01 6.516246757099067111e+01 5.806678641210117320e+01 5.248448962663902506e+01 4.728226010291708548e+01 3.774923565981922735e+01 1.771261261215864735e+01 3.266022155005238403e+01 1.587863521988242610e+01 3.622012227770651549e+01 4.393623851337573427e+01 3.288038646612785953e+01 4.702281817417178189e+01 6.702257288496093679e+01 7.029588754483060598e+01 6.184740719572811685e+01 5.312803410865640785e+01 3.299220455912703187e+01 5.312776687437310130e+01 6.921722537947718479e+01 7.678526972544968032e+01
1.283213977233468341e-02 4.377189944479120243e+00 8.849325899052340461e+00 2.298867113773097515e+01 4.292608241259505775e+01 4.973807342462701087e+01 4.150831534403680223e+01 3.020950591597494750e+01 4.412396184808564925e+01 6.387065162328441659e+01 7.948462215195227998e+01 7.458521506103942045e+01 7.760535625987974129e+01 6.930279885829605746e+01 7.760536034434595365e+01 7.515364468699745260e+01 5.517129045105487251e+01 4.509285051208505735e+01 3.793952911691430785e+01 3.233634131781656151e+01 2.714616371826600982e+01 2.228565769730886004e+01 3.774838142770613558e+01 3.752011556069957976e+01 1.766475103151496029e+01 3.177249923526467512e+01 5.173772304270048750e+01 5.288061070689437315e+01 4.702281817417178189e+01 6.116604296433369115e+01 8.116148684778319478e+01 7.343885889129371947e+01 5.312796656110917581e+01 4.117136869505501551e+01 4.056312179313980693e+01 5.217714602408306490e+01 7.250236704917242037e+01
9.594114293757748102e-02 2.009594114293722100e+01 2.884710999466480530e+01 3.712512965869518666e+01 4.221067439490380480e+01 4.150358129855982270e+01 2.171919354877842778e+01 4.150358266505809013e+01 5.816935697133082073e+01 6.308902291686866448e+01 5.940419607539180191e+01 6.806178462975290699e+01 7.639480961902042111e+01 8.799885052868266655e+01 9.111606579687729379e+01 8.339869979616014461e+01 7.341880379400727463e+01 5.806678641210118030e+01 5.806678641210117320e+01 4.910639626928992385e+01 2.876228301973251078e+01 4.239853938053823157e+01 4.487640057067076782e+01 2.656534764464180753e+01 1.947946356114081823e+01 3.952169279295125648e+01 5.223355948346514310e+01 6.608882637174609442e+01 6.702257288496093679e+01 7.130582964795547696e+01 7.964654261112345068e+01 8.175859078961927651e+01 6.137661869539287807e+01 5.278858585061166053e+01 4.725411508082063961e+01 6.751767268756962892e+01 8.101721700226708833e+01
3.950229235330715398e-03 2.000395022923448352e+01 2.395631602247194536e+01 2.592737109660764361e+01 2.207199354847703532e+01 3.006033851805610979e+01 1.672162322206380480e+01 3.655820781260480601e+01 5.496938987478824146e+01 4.305250052798000127e+01 4.524321233638430328e+01 4.801647248812366797e+01 5.957487134562858699e+01 7.965512377558239621e+01 7.099667755588394868e+01 8.523194743702192966e+01 8.630413926266751901e+01 6.685995636106881079e+01 4.626660711483207677e+01 3.593540448092068829e+01 4.910639626928992385e+01 5.267564713159073619e+01 3.611510724999706667e+01 4.136042715801634273e+01 2.186387933354197344e+01 2.383423519138780833e+01 4.390051634674961178e+01 4.596084800883615173e+01 5.565362990273985844e+01 5.115756355818196255e+01 6.801596561569931509e+01 7.964654372960335138e+01 8.158311958210094872e+01 7.310808962968472713e+01 5.626367248338002014e+01 6.751767284903736766e+01 8.795798362642878487e+01
7.711341127313005306e-02 2.010586389364461102e+00 3.953158114078993535e+00 5.923816670407588525e+00 7.923816670407596519e+00 1.005582383396371959e+01 1.249921272108984560e+01 2.664200282570165257e+01 4.107103995854257050e+01 2.890735411462049242e+01 3.646674651917234655e+01 5.447047088674372617e+01 5.919004116387050374e+01 6.419783409495111925e+01 5.682220844351289202e+01 7.688950993834608028e+01 8.707586740586819474e+01 6.685995636106881079e+01 6.311435893157141663e+01 4.211788709052448354e+01 6.311435893157141663e+01 5.770990561724348566e+01 4.335464034214339790e+01 4.447982831525753511e+01 2.429392134425494021e+01 4.390051634674914993e+01 2.842503414836220088e+01 3.176599370922242827e+01 3.555951447603840165e+01 3.957527408528519430e+01 5.115756355818196255e+01 7.130582965138086138e+01 8.415255104973512346e+01 8.510735226577997992e+01 7.062117007397444013e+01 8.511358500142806349e+01 8.162019485979344324e+01
9.541454368626212448e-03 1.986038581237457379e+01 2.394525471217715307e+01 2.592736334329072889e+01 1.459048346365926996e+01 3.006033851805526425e+01 3.250435571657607881e+01 1.606269594659200095e+01 2.106269595658148575e+01 4.107103995854257050e+01 2.998039904240697595e+01 3.445253913855842853e+01 3.916660028041354025e+01 4.416666237062858613e+01 5.123833258956067738e+01 6.539896133802101019e+01 8.549727398387203436e+01 7.782110830090117304e+01 5.702262388437299023e+01 5.808012545076476840e+01 5.912318507457112560e+01 6.256048962737180119e+01 5.098687334582783137e+01 4.721350545475144855e+01 2.677575241706064446e+01 4.721350545422345135e+01 4.850782746250005317e+01 4.074076745838922875e+01 5.565362990273985844e+01 5.967322279732054824e+01 4.666478520478139558e+01 5.563357370381174150e+01 6.989129581236375088e+01 9.010595165525711536e+01 9.111029822809953771e+01 8.162019485979344324e+01 6.161853059684030143e+01
2.297228869525369793e-03 1.417051237006558750e+01 3.444125080803868855e+01 4.167089859861462031e+01 2.166155437061398459e+01 4.167099264231470812e+01 4.437248795207646168e+01 3.606895391921072047e+01 2.032671027452584767e+01 2.380826339705716421e+01 2.983849158117021005e+01 3.739783792232393012e+01 5.741990802838372332e+01 6.419783409495111925e+01 7.128562082158346414e+01 6.539896133802101019e+01 8.549727398387203436e+01 8.620287290631765131e+01 7.782110830090117304e+01 8.072287235412656514e+01 7.214152448362015946e+01 6.251789719211287633e+01 4.593226970722769664e+01 3.657276836321618418e+01 2.933891180822593725e+01 4.125155321770697725e+01 6.173221791133573078e+01 5.232986624684464516e+01 6.919069838818732876e+01 7.316339327122338432e+01 5.300195686572144638e+01 7.316339327122338432e+01 8.415255928384129902e+01 8.770850878619700097e+01 7.935956734343147900e+01 7.857284161524849253e+01 6.528890437622784759e+01
