MOVIE_S12_data/elevation_000355.asc
nrows	50
cellsize	150.0
xllcorner	0
ncols	50
yllcorner	0
NODATA_value	-9999
[rows 0 to 16 of 50, columns 0 to 36 of 50]
8.271705653423140625e-02 2.127631151761726416e-02 9.425194436011796739e-02 4.939197167322698090e-02 3.975871534419905817e-02 6.171646774684565184e-02 1.696294146011132625e-02 1.936121709489252440e-02 4.216450047424835645e-02 2.297044857093000214e-02 6.704298068806634203e-02 4.162315340452049650e-02 3.835349583220235004e-02 2.777463300387698203e-02 2.207885817162396139e-02 7.161913568127860341e-02 9.025521335945362045e-02 3.502399586135773735e-02 8.040414306008919487e-02 3.131346976591601466e-02 7.604099264847130613e-02 2.387740603804927586e-02 5.687112022313325910e-02 4.074439634684711570e-02 8.709178300582484655e-02 7.612946965408906586e-02 1.077918208624280109e-02 9.929772718869623455e-03 4.600412614040166881e-02 2.152795518990661267e-02 2.378824418737431057e-02 9.511189423522797837e-02 9.406546861214974686e-02 1.749038473908382007e-03 2.223905489293687143e-03 6.269637160239108220e-02 9.476101746191394060e-02
7.639902522890137937e-02 2.002127631151726206e+01 2.009425194435976181e+01 1.419152759540430253e+01 1.003975871534428599e+01 2.006171646774648920e+01 2.001696294145975585e+01 4.607675894506147785e+00 2.004216450047389131e+01 1.156997574286040553e+01 2.006704298068770953e+01 2.004162315340416356e+01 2.785564774805988630e+00 2.002777463300352068e+01 1.416421448190269849e+01 2.007161913568092260e+01 7.161323022380031489e+00 2.003502399585910965e+01 2.008040053697271787e+01 2.003131106999317979e+01 1.330952602859030387e+00 2.002387740257244531e+01 1.005716172143284837e+01 2.004074439634649352e+01 1.423200104666482346e+01 2.003775923216771915e+01 3.933444605316651632e+00 2.000992977271851458e+01 1.418813974987122606e+01 2.002152795518955131e+01 8.188754053465652660e+00 2.009511189423487210e+01 2.009406546861112730e+01 1.842898274270556858e+00 2.000222390548893969e+01 2.006269637160203700e+01 9.039011322756408617e+00
7.813061968023242432e-02 2.007813061967987878e+01 3.828606687686079368e+01 3.419152759540500597e+01 2.418189433907548747e+01 3.832402996280517726e+01 2.932172110241686269e+01 9.321721102416505644e+00 2.932172110241686269e+01 2.571210135764009408e+01 3.810770450958464295e+01 2.555907026190279652e+01 5.559065755932145692e+00 2.555907026190280007e+01 3.416421448190340016e+01 3.471819275771125746e+01 1.472061236569271259e+01 3.471819263949809198e+01 2.322289093311921704e+01 3.119806918061426515e+00 2.112067719773853369e+01 2.112598211969536521e+01 2.999348767019113637e+01 3.006727731578351026e+01 3.429436602868557316e+01 2.798893678799647944e+01 7.935835994760840784e+00 2.801072295236726006e+01 3.418813974987051552e+01 3.647310533017069645e+01 1.973575944371573243e+01 3.647300973195486051e+01 2.369192523078435997e+01 3.691898928354657716e+00 2.369192523078450918e+01 3.479475005906255092e+01 2.058459293455826611e+01
1.795629399984677299e-03 1.000179562939989708e+01 2.414393125313059585e+01 4.414393125313129929e+01 4.418189433907619446e+01 4.565165272097202376e+01 2.565165272097131677e+01 1.509522379431281358e+01 3.509522379431351879e+01 4.571129325908862029e+01 2.982388502535421893e+01 9.823080083044391841e+00 2.554155227626167246e+01 1.970195781962553028e+01 3.973369390800264256e+01 4.299173397657703077e+01 2.626757153551703894e+01 4.023502929235332459e+01 2.438583934775919460e+01 4.389808028032399889e+00 2.436494934585756056e+01 3.419418658665392741e+01 4.794465232547877775e+01 5.006817947653909329e+01 4.070261767689902399e+01 2.063460720528212278e+01 2.801072295214602192e+01 1.504099164211229933e+01 3.522931501084158867e+01 4.802016592152034491e+01 3.973577258390581335e+01 4.363990832790968710e+01 2.368488058949418473e+01 9.991960650801631871e+00 6.492506675786509085e+00 2.651435949968561090e+01 4.046231510428290790e+01
2.526786264046545702e-02 2.002526786264010994e+01 3.232025473227988499e+01 3.959673202328254860e+01 4.817497970310819255e+01 5.393592396843421710e+01 4.141977911465038886e+01 2.141977911464968543e+01 4.141977911465038886e+01 4.708896160141957665e+01 2.708869722804136515e+01 1.294655532081653959e+01 3.294625529757143312e+01 3.971538530479945450e+01 4.808134069356007245e+01 5.452969933599221974e+01 4.626195604685001683e+01 3.195524910789596262e+01 1.194828318268207745e+01 2.436579279178799595e+01 6.254815155557927220e+00 2.625668618230236007e+01 3.911704833903633727e+01 5.911094472664037625e+01 4.899790976465887837e+01 3.483406740153631631e+01 4.108171526435987175e+01 2.050886170133983555e+01 3.507507535212062066e+01 5.531747723338670397e+01 5.756865243783978059e+01 3.884599585552185630e+01 1.923335678624529876e+01 2.851075752068366498e+01 8.502694591098386212e+00 2.265518565230263448e+01 4.266372544457475868e+01
8.483503398980346555e-02 5.859702928930532906e+00 1.190026373057624554e+01 1.901925055293846611e+01 3.081524249258905712e+01 5.159246980527697701e+01 4.970405036211258931e+01 3.036405102464900096e+01 4.970405036211258931e+01 5.294710502043454170e+01 3.294663611698531014e+01 1.961322198771294367e+01 1.849355728307535429e+01 3.263600586608237819e+01 5.265255364981871367e+01 6.612231815298511606e+01 5.616940490378883766e+01 3.796230503769057663e+01 1.797709387534439074e+01 2.754858714489784788e+01 7.582257100762904933e+00 1.912537873964097557e+01 3.776026817882735287e+01 4.624060940166700107e+01 5.473874672787946594e+01 5.487222658707332812e+01 4.772119785438380291e+01 2.710294423929904539e+01 4.772119785439899431e+01 6.084534285902157080e+01 4.101622791730838458e+01 2.965788047782690029e+01 3.477978350280764630e+01 1.169254958419347545e+01 1.327843319292605528e+01 3.172040785343321545e+01 4.688148688927097396e+01
4.163169627051844027e-03 1.831360509739518960e+01 3.132868084316987023e+01 3.959673202328254860e+01 4.817497970310819255e+01 6.015142679212765131e+01 5.864832227211190485e+01 4.450618664838044936e+01 5.864832227211190485e+01 5.030392894755131294e+01 3.030367254338100125e+01 3.961334221726031757e+01 2.266384556423655638e+01 3.680600869027174582e+01 5.680700943281517112e+01 5.792978782769133517e+01 3.797122834871256458e+01 2.797410198717914298e+01 3.796230503769059084e+01 3.584018701660331629e+01 2.757485251427538842e+01 9.489151970655298030e+00 2.947915119002428241e+01 2.590209698700461516e+01 4.615612959404490567e+01 6.049065876012286935e+01 5.609284170597727837e+01 3.653447548923369936e+01 5.609284172136242574e+01 6.898813615820164102e+01 5.756865243784493913e+01 4.939699800963146004e+01 3.381104965869874235e+01 1.397121330078172363e+01 3.172040786586756766e+01 2.017872496699688512e+01 3.060145555537231132e+01
2.434392073152260791e-02 8.186157877529350202e+00 1.814354723589530138e+01 3.204397872754134369e+01 5.162157802132018958e+01 5.873483365218109498e+01 6.701910489964429019e+01 6.450618664838187044e+01 6.444657492785580644e+01 4.444585317466784602e+01 5.030392894755131294e+01 4.713639521572513047e+01 2.713598151934271030e+01 3.868299380254088504e+01 5.868395590490256097e+01 6.612231815298511606e+01 5.616940490378883766e+01 4.795050808820194277e+01 4.710765988615421662e+01 3.883045937501471911e+01 3.214994344697852569e+01 1.216153461137357183e+01 1.171812395992596301e+01 3.164895682187239601e+01 3.504452993752869361e+01 5.121735869381478068e+01 6.436356632015274215e+01 5.141624405648707352e+01 6.587225632306299872e+01 6.627714768677083157e+01 5.805006542280371917e+01 5.048560550133307601e+01 3.778092204499439788e+01 1.790055846902345849e+01 1.793161534402426582e+01 2.018849403666087738e+01 2.858395894989228836e+01
5.883922493566802470e-02 2.005882800295247392e+01 3.612810738122568210e+01 4.596418993651312235e+01 4.608572301150713457e+01 3.873483365218039154e+01 5.287696927591183993e+01 7.287696927591325391e+01 7.273116658730904760e+01 6.444657492785580644e+01 4.980624671166699358e+01 3.566401044519042784e+01 3.868299380255097475e+01 5.542236975319415393e+01 6.697081795398896986e+01 7.310444218018848517e+01 6.330180162368625219e+01 5.094215343450846234e+01 3.883137086641018243e+01 1.884426375708217449e+01 1.604534332575642352e+01 3.214994344697852569e+01 1.332436352592789142e+01 1.963390379586653012e+01 2.848636386922815689e+01 3.971387287043130954e+01 5.846486725201919654e+01 7.197641351075024829e+01 6.957056479464728227e+01 4.961647455404887808e+01 3.803638873220621974e+01 3.045203441447871739e+01 2.381910510654675761e+01 3.778093275741295543e+01 2.078690485716376557e+01 4.073252050452387607e+01 4.200900924819720927e+01
2.016265153036126551e-02 1.416229827526143659e+01 3.416229827526213825e+01 4.608572301150713457e+01 2.608572301150643113e+01 4.318494348078306899e+01 5.074423294096774839e+01 5.902850418842994884e+01 6.902850418843129887e+01 7.809637751585697174e+01 6.273619256220543861e+01 4.273507943785626395e+01 5.868395629450821360e+01 6.697083088166117193e+01 6.804440729302996260e+01 5.307284811026259064e+01 5.272024482416638591e+01 3.678904218698220774e+01 2.301092643459893594e+01 3.883137086641018243e+01 3.603261416578330767e+01 3.504270489271630851e+01 1.499065304930574172e+01 3.493200625823438088e+01 4.686726155523167137e+01 5.538338477163917872e+01 6.619376510260188695e+01 8.141440409145722867e+01 7.777131190260855931e+01 6.627714768677083157e+01 5.234779579728294863e+01 3.231962166641289258e+01 4.380774599793307544e+01 2.502500600554700227e+01 4.073580767467273489e+01 4.901726897325930565e+01 6.175962959789642071e+01
1.256007409845548775e-02 2.001256007409810067e+01 2.629858503771320954e+01 2.958656478382038557e+01 1.901465519964083128e+01 2.318494348078236555e+01 3.074423294096704495e+01 4.074423294096739312e+01 5.488636856469884151e+01 7.488636856470026260e+01 7.102338967239732881e+01 5.273510670172137793e+01 7.102338967239732881e+01 7.392886563668967881e+01 5.389336404303168138e+01 3.969529114010720861e+01 3.302290490860477945e+01 2.747891646633105367e+01 4.299921770962424716e+01 5.127840282412903861e+01 4.836167000069278288e+01 2.821823747778490343e+01 1.667432170612033104e+01 3.673185381130667082e+01 3.199978969299358766e+01 4.097231752180154274e+01 5.263588638499329164e+01 7.300279377468744713e+01 8.269332122547325525e+01 6.282113738188662921e+01 4.868584222044727738e+01 4.051201318071692015e+01 4.923877113544415351e+01 2.917758066612889323e+01 3.150823993603749784e+01 4.570374703444731068e+01 6.570529639766108687e+01
1.283213977233468341e-02 3.136307377544462760e+00 6.298585037712855161e+00 9.586564783820030300e+00 1.375685306496156279e+01 2.042351973162834611e+01 2.749458754349394596e+01 3.643885945349342137e+01 4.798586483728634278e+01 6.798586483728776386e+01 8.102558375667858570e+01 7.273727842268949928e+01 8.102558375667858570e+01 7.392886563668967881e+01 5.389336404303168138e+01 5.976162659534023192e+01 5.141112286328274905e+01 3.139818066765628402e+01 4.294993253286927626e+01 6.296932380088276204e+01 5.676832465409971462e+01 3.897440487833844713e+01 1.890892544067543213e+01 2.045074051836166618e+01 4.052819055738446252e+01 5.308069213630428607e+01 6.966562343570920746e+01 6.881656346156184156e+01 7.730524239518440766e+01 7.460170417707867330e+01 5.467762316333578809e+01 6.051325138335093357e+01 5.361442663993508262e+01 3.356278016128366914e+01 5.156206520869515231e+01 3.884858696216009832e+01 4.888061729037892178e+01
9.594114293757748102e-02 2.009594114293722100e+01 2.629858503771320954e+01 2.113357016761274920e+01 3.375685306496226445e+01 3.008678468351637392e+01 4.749458754349465295e+01 5.577885879095684629e+01 6.472313070095732712e+01 7.627013608475024853e+01 7.770551186967981039e+01 7.770551186967981039e+01 8.598853101403814492e+01 8.219545054302817277e+01 7.392886563668967881e+01 5.994810546110698368e+01 3.992710660202042305e+01 3.772160773316073090e+01 5.774218541935425719e+01 7.124884531130852849e+01 5.958601885288904754e+01 4.124662087818049372e+01 2.117125394514258119e+01 4.052819055738446252e+01 2.457130851151199380e+01 4.467870492515913128e+01 5.464078890543314060e+01 4.876899082714117384e+01 6.881656346156184156e+01 8.279080866483586476e+01 7.460170417707867330e+01 6.047994287392172907e+01 4.046369675680859501e+01 5.361442709602346923e+01 6.188120704323019794e+01 4.519978712519396424e+01 6.519870477453642366e+01
3.950229235330715398e-03 1.414608585296640619e+01 3.414608585296711141e+01 4.113357016761345619e+01 4.941784141507564954e+01 5.008678468351708091e+01 5.837105593097927425e+01 6.000960840127965668e+01 6.254532809223071155e+01 7.078759642603127133e+01 5.771873881290975561e+01 5.771873881290975561e+01 7.770551186967981039e+01 8.409386268565037881e+01 6.410110027326577153e+01 4.993936611301225525e+01 5.994810546110698368e+01 4.479801630962282388e+01 6.482158658035388044e+01 6.552962012618382914e+01 4.521985163056407941e+01 3.101168946710030738e+01 2.346240824979745554e+01 4.354990756990133605e+01 4.467870492515913128e+01 2.887952190511030892e+01 3.489085742010468039e+01 4.366432716464824892e+01 5.755288788966140601e+01 7.792906841835520027e+01 7.678028311005220985e+01 5.681652500391343352e+01 4.625849004116101071e+01 6.625139837940656662e+01 7.345304460715902906e+01 5.676089594247410730e+01 5.935354281248477548e+01
7.711341127313005306e-02 1.421924903500420534e+01 3.421924903500490700e+01 5.083708012188714065e+01 4.497921574559711644e+01 4.861898901740720902e+01 4.448598725884946248e+01 4.030736457457235389e+01 4.272421267245754706e+01 5.463825211970848983e+01 4.359463121976038735e+01 5.771873881290975561e+01 7.770551186967981039e+01 8.994123224333138467e+01 6.995684480920164106e+01 6.150475515834843776e+01 7.310013479202019937e+01 5.481536056544221935e+01 7.310013479202019937e+01 6.775945978253486146e+01 4.743969960000737274e+01 4.600476191330840692e+01 2.590193269369746432e+01 4.600476191206104204e+01 5.736095079365995275e+01 4.902686543209446768e+01 3.412987758011966832e+01 5.430750058896493471e+01 6.352093299183452046e+01 8.396982572151650004e+01 8.502532684356033599e+01 6.625139837940656662e+01 5.333961967334864340e+01 7.331308464040554895e+01 8.496892372792733283e+01 7.672496599141027218e+01 7.931017405758885275e+01
9.541454368626212448e-03 1.415167707809970210e+01 3.415167707810040554e+01 3.083708012185406844e+01 2.497921574558410995e+01 2.913581835137677345e+01 2.635767841159377056e+01 2.628071400290274084e+01 4.636145512181204253e+01 3.465097498013913935e+01 5.463825211970848983e+01 7.185363491347384013e+01 7.034849507814587355e+01 7.864139334732386999e+01 8.977274382955893373e+01 8.150261398733081819e+01 8.310040988043256505e+01 7.482781259526571205e+01 8.310040988043313348e+01 7.617819224671363543e+01 6.413201210858517243e+01 4.987540738806389840e+01 2.974247624815730617e+01 3.054088159036677297e+01 5.039549996161984069e+01 5.819838692808911418e+01 3.798074843284484814e+01 5.223334428592838918e+01 7.259927373645507487e+01 8.342587767479960803e+01 9.442993687575599893e+01 8.155972840363189391e+01 6.333975563345858006e+01 8.155972840363189391e+01 9.279824142706470980e+01 8.320863108229886507e+01 7.492857974335267102e+01
2.297228869525369793e-03 2.000229722886917116e+01 3.607137995622736781e+01 2.778710871519664849e+01 1.083708012185290848e+01 1.305930234407511215e+01 1.533827488787687088e+01 3.535676874631317901e+01 4.178990737497354502e+01 2.908956442761362027e+01 4.909477884404488890e+01 5.402084327653909668e+01 5.035128727226034329e+01 6.567328373361507943e+01 7.395440057647508070e+01 8.549732712823464453e+01 9.371640596453046612e+01 8.350002992822953729e+01 7.507315874655100174e+01 6.822195315225539503e+01 5.570076719375038010e+01 3.549800529906444524e+01 4.987540738806389840e+01 3.390718493621707097e+01 5.375261445795022297e+01 6.361953886434096717e+01 4.333544564797999499e+01 4.744901252016239113e+01 5.458524767821440093e+01 6.901876795700562184e+01 8.945289325649433465e+01 9.152456239869893295e+01 8.328641364735237573e+01 9.152456239869893295e+01 7.868235004416848710e+01 6.456645866127212230e+01 5.501774881050860699e+01
