MOVIE_S12_data/elevation_000999.asc
nrows	50
cellsize	150.0
xllcorner	0
ncols	50
yllcorner	0
NODATA_value	-9999
[rows 0 to 16 of 50, columns 0 to 36 of 50]
8.271705653423140625e-02 2.127631151761726416e-02 9.425194436011796739e-02 4.939197167322698090e-02 3.975871534419905817e-02 6.171646774684565184e-02 1.696294146011132625e-02 1.936121709489252440e-02 4.216450047424835645e-02 2.297044857093000214e-02 6.704298068806634203e-02 4.162315340452049650e-02 3.835349583220235004e-02 2.777463300387698203e-02 2.207885817162396139e-02 7.161913568127860341e-02 9.025521335945362045e-02 3.502399586135773735e-02 8.040414306008919487e-02 3.131346976591601466e-02 7.604099264847130613e-02 2.387740603804927586e-02 5.687112022313325910e-02 4.074439634684711570e-02 8.709178300582484655e-02 7.612946965408906586e-02 1.077918208624280109e-02 9.929772718869623455e-03 4.600412614040166881e-02 2.152795518990661267e-02 2.378824418737431057e-02 9.511189423522797837e-02 9.406546861214974686e-02 1.749038473908382007e-03 2.223905489293687143e-03 6.269637160239108220e-02 9.476101746191394060e-02
7.639902522890137937e-02 2.002127631151726206e+01 1.423638756809094374e+01 8.214357780950559018e+00 2.003975871534384368e+01 2.006171646774648920e+01 2.001696294145964572e+01 5.183339012038136850e+00 2.004216201646521611e+01 2.002297044857057529e+01 2.006704271833095632e+01 4.305637480516748106e+00 2.003835349583184566e+01 1.416991025673470261e+01 2.002207885817126964e+01 2.293841357903496636e+00 2.009025521335909659e+01 1.417715961959243387e+01 2.008040414305973442e+01 6.152839816690513608e+00 2.007604099264811737e+01 1.712575234074555652e+01 2.005687112022277674e+01 1.371110649884933474e+00 2.008709178300546938e+01 2.007611061702020550e+01 1.415291480581731776e+01 2.000992977271851458e+01 6.712670792807039710e+00 2.002152795518955131e+01 1.416592386791844937e+01 1.423724751796630272e+01 2.009406546861179521e+01 2.086893179044660318e+00 2.000222390548893969e+01 1.420483199533346585e+01 2.009476101746155763e+01
7.813061968023242432e-02 2.007813061967987878e+01 3.423638756809022965e+01 2.235649340468125956e+01 2.454428939950479105e+01 3.371136792103779101e+01 1.371136766626263004e+01 2.518333915817708757e+01 2.518333900418587490e+01 3.097230365023967380e+01 1.097230414718347369e+01 1.844777310467654630e+01 3.258994536703821865e+01 3.416991025673399207e+01 2.452990931449035727e+01 4.529909335403276671e+00 2.452990931449035727e+01 3.417715961959314086e+01 3.296932594064387700e+01 1.270024642322347042e+01 3.296932594064387700e+01 3.832586181011687643e+01 2.279530002386252363e+01 8.698930312486238492e+00 3.290935815185525470e+00 2.479034200228325702e+01 3.415291480581802119e+01 3.378373860269083195e+01 1.378373860467245215e+01 3.378373860269083195e+01 3.416592386791915459e+01 3.423724751796700616e+01 2.418346285248815164e+01 4.183462852488506023e+00 2.418346285248886218e+01 3.420483199533416752e+01 3.244362975366544077e+01
1.795629399984677299e-03 1.414393125313080901e+01 3.414393125313009847e+01 4.235649340468054902e+01 3.868642502323524468e+01 4.037803471509210596e+01 2.037803433292941335e+01 4.037803471509210596e+01 4.518333859182200030e+01 3.011443977314149834e+01 1.597230414718351632e+01 3.597230512762812538e+01 4.673211762939986613e+01 3.835612616759314619e+01 1.835612624838736551e+01 6.809120864596025946e+00 2.680912083044718486e+01 4.639468221697391215e+01 4.126793157422688552e+01 2.234313592302403606e+01 4.126793157422688552e+01 3.670791407293118880e+01 1.907413928896382771e+01 2.431285577589705227e+01 4.654563630434624955e+00 1.878321131781198972e+01 3.876376558722672172e+01 4.206800919770132907e+01 2.533074398846476427e+01 4.206800919770132907e+01 5.142905420505455538e+01 4.045760563977652424e+01 2.045760563977582080e+01 6.315470016044619328e+00 2.045760563977531987e+01 4.045760563977460578e+01 4.072790100112764122e+01
2.526786264046545702e-02 8.969539772639544495e+00 2.311167539637024504e+01 4.311167539636953450e+01 5.868642502323453414e+01 4.866232630338094367e+01 3.037803433293058930e+01 4.866232630338094367e+01 5.839869595227138177e+01 4.174580836506164161e+01 2.174580683907987577e+01 3.588794247882078992e+01 5.588796090974919650e+01 4.664039397488114957e+01 2.916614341813303213e+01 9.166143468551164020e+00 1.811041537855016514e+01 3.811041528734260453e+01 5.122512853218588447e+01 3.701360211697638647e+01 4.921217880918065646e+01 3.211512042523519739e+01 3.670785551205688080e+01 2.600755332149265087e+01 6.030814745006389366e+00 2.601064391810498933e+01 4.111673885233791026e+01 4.939271899896029083e+01 4.533074397073306017e+01 5.361501264734177141e+01 4.314211301006120891e+01 2.314111265516230986e+01 1.558182303225814813e+01 8.510755215838445409e+00 1.851075521583862127e+01 3.851075521583932471e+01 4.967217291112695676e+01
8.483503398980346555e-02 2.008483503398944947e+01 2.896953977263918745e+01 4.896953977263847690e+01 5.150447586897478658e+01 5.866233763715970184e+01 5.037803509725359419e+01 5.866233763715970184e+01 5.329281610276726866e+01 3.329281222295742282e+01 4.174580847896547908e+01 5.003018197488113827e+01 5.030087097278192942e+01 4.201664754973885607e+01 3.164683808904857543e+01 1.164683816033531194e+01 3.164683808904857543e+01 3.811041528734192951e+01 5.811041408715783518e+01 5.714771660583088675e+01 5.737859761915219536e+01 4.951651637697711550e+01 4.148391623104184589e+01 2.154263826813039984e+01 7.416752468729283621e+00 1.407888267133215265e+01 2.114110885348904745e+01 3.526161701178515528e+01 5.525229285818728187e+01 5.947490278052182333e+01 3.947140227363317422e+01 4.314152215139195334e+01 3.090120313724819567e+01 1.090121243450721167e+01 3.090120313725038770e+01 3.851075521583933181e+01 5.851075521584003525e+01
4.163169627051844027e-03 1.414629879335812745e+01 3.414629879335883089e+01 4.565924533239829941e+01 3.154774738266933554e+01 4.565925245980945846e+01 5.718211047101574707e+01 7.172726461697651246e+01 6.157725903096720543e+01 4.743494787700594628e+01 6.157725903096720543e+01 5.786013704968159033e+01 4.201665135017974251e+01 2.201665236153059624e+01 1.754451640653109479e+01 1.484940123643702670e+01 3.484940116640141383e+01 4.784771368471962205e+01 4.850771823729035503e+01 6.850771669691097543e+01 6.429200910072384545e+01 4.399151431123465983e+01 4.389817446858799599e+01 2.881885660256375559e+01 8.844398346939579270e+00 2.882312201970753307e+01 4.111675039777642127e+01 4.111675039872535820e+01 6.110775836251404058e+01 6.776351051298826178e+01 5.379858465653138921e+01 3.383533168093875076e+01 2.228886710481343769e+01 1.334460132163333768e+01 3.334482192651301347e+01 4.566854717537255937e+01 4.738538963454532649e+01
2.434392073152260791e-02 1.988440630565942513e+01 2.824014347783570145e+01 3.174219180072843471e+01 1.741453399041916583e+01 2.895698796501886108e+01 4.891665964117439103e+01 5.178348312617111304e+01 7.002043162338041782e+01 6.743496101999458858e+01 6.371807149730319253e+01 4.371807743677199198e+01 2.957594182171500918e+01 3.615878798149798001e+01 3.168665202801782854e+01 3.484940116640141383e+01 1.956344644434726021e+01 2.850771835434625956e+01 4.264985397755937413e+01 6.264985357877671390e+01 5.826011325353325532e+01 3.808126711327338398e+01 2.400019402665824586e+01 1.694462747115457191e+01 1.028315252840334537e+01 3.026223413336797563e+01 4.074600468713563117e+01 5.001360730794004184e+01 5.820713904532216532e+01 6.804763816724492642e+01 6.201491298209476355e+01 5.051064709260734276e+01 3.937095173674120474e+01 1.937482821518177190e+01 1.738521149984225289e+01 2.738521336246621729e+01 4.738538963454532649e+01
5.883922493566802470e-02 2.005883922493531202e+01 8.106229317155349889e+00 1.175771213430765272e+01 3.174219189305655320e+01 2.427397213546447574e+01 3.183025147823623513e+01 4.181492141090924264e+01 5.591158107038793190e+01 7.585217168803850996e+01 6.112294564809136688e+01 4.112294720543830095e+01 3.957594182170488750e+01 5.615878442664364201e+01 5.168664962267906304e+01 4.588800181313183657e+01 2.588800176468413028e+01 2.605230328957764740e+01 4.019443891295613014e+01 6.019443857650306740e+01 6.379282750912808808e+01 4.387282563615090680e+01 3.727817194110568977e+01 1.734868954512086958e+01 3.026207333409064049e+01 1.248411227711467397e+01 3.246188290340716520e+01 3.032779806975702641e+01 4.021450352975744380e+01 5.981271108612259724e+01 6.352299626300109026e+01 4.351744415172455405e+01 2.937483677879635025e+01 3.937588574126185392e+01 3.738548787852464983e+01 2.174956930456950488e+01 2.930885892672601045e+01
2.016265153036126551e-02 3.106229650773354223e+00 2.267906635951008809e+01 3.159313805855739687e+01 4.001030857271375396e+01 4.424187044152837700e+01 3.426722039236158679e+01 4.241891285078239804e+01 5.392927163777442701e+01 7.386633428635597909e+01 6.940715825943843242e+01 5.266995258807894942e+01 5.371807734223747133e+01 6.785990301726192797e+01 5.657845206160232721e+01 3.657845144118567760e+01 4.588800181313183657e+01 3.105230328957755859e+01 4.519443891276323910e+01 6.519443846412740129e+01 6.208493646273703348e+01 4.503970340746771228e+01 2.517814833172766242e+01 3.727817194108929044e+01 3.403368272463622191e+01 1.405496574212418714e+01 2.037317829240341283e+01 4.017070268904486596e+01 5.820713904532216532e+01 6.804763816724492642e+01 6.352299626304745317e+01 4.351744415172455405e+01 4.937693470373656623e+01 4.729705846969227423e+01 2.729657126938112555e+01 2.882063718680357667e+01 4.882118171351841340e+01
1.256007409845548775e-02 2.001256007409810067e+01 1.310343912931765331e+01 2.202968666982683033e+01 3.344374729435406834e+01 5.267437755240617037e+01 5.421652049069514590e+01 6.235566579934699405e+01 7.062442071393145682e+01 8.214236981241937485e+01 8.095426956634439364e+01 7.266995377719952387e+01 7.371801937648814373e+01 7.072059093347237990e+01 5.072058707407145306e+01 5.657845206160232721e+01 5.659930506945662643e+01 3.659930525182965511e+01 5.659930506945662643e+01 6.785641572323373794e+01 4.811663485019595754e+01 3.408989708337619362e+01 4.503970340746771228e+01 3.646547840069048618e+01 1.648868207988061840e+01 3.403317395087289299e+01 2.160532952521665351e+01 4.154396282107343552e+01 5.750292766986755311e+01 6.578002383777591433e+01 7.181272003179722674e+01 6.352299626304252200e+01 5.319494044139970157e+01 3.319424957457410130e+01 4.729705846969227423e+01 4.296287823196865219e+01 4.296287823196864508e+01
1.283213977233468341e-02 2.001283213977198017e+01 3.307998736160397613e+01 4.086506886727411114e+01 4.948700930386813468e+01 6.055522285238844660e+01 6.179267782397842268e+01 5.593311073149078538e+01 5.593311073149077828e+01 6.421974437153394888e+01 6.682096914094879025e+01 6.532773495574816991e+01 7.361547590287777609e+01 7.900493576698994502e+01 7.072059113126324803e+01 6.728975453653215766e+01 4.728975492832375238e+01 5.659930506945662643e+01 5.659930506945662643e+01 6.785641572323373794e+01 4.811663485019595754e+01 4.811663485019595754e+01 5.233634902134345879e+01 3.234063298834066558e+01 1.822237591245066568e+01 3.819716650997720819e+01 3.570621111860688046e+01 3.052683298810320878e+01 3.757573328542640922e+01 4.907718796671542805e+01 6.901270215004856823e+01 6.910760181319531625e+01 4.910568723458232654e+01 3.755860752165330041e+01 5.755949104799569938e+01 6.296437743117342478e+01 6.296437743117342478e+01
9.594114293757748102e-02 1.164110269469545855e+01 2.575857201723079726e+01 4.559953612679333190e+01 5.336603303005376375e+01 5.243245980261115591e+01 4.176908655741613074e+01 3.590215564673401616e+01 3.590215564673400905e+01 5.593311073149077828e+01 4.681817376382297624e+01 4.532494040674204427e+01 5.946904977755287547e+01 7.947185217062143181e+01 8.985349864797156272e+01 7.557401227643060793e+01 5.883676031193642331e+01 7.557401227643060793e+01 7.659930270463176782e+01 7.605323807828223437e+01 6.785641572323373794e+01 6.785641572323373794e+01 5.414403613066022558e+01 3.409950197712275610e+01 1.998239545208745227e+01 3.995581825397151476e+01 5.563866029417831527e+01 5.045760053023714420e+01 5.750292766986755311e+01 6.578002383777591433e+01 7.730327604029869804e+01 7.739368409108615765e+01 5.755949104769229763e+01 4.650289526114159600e+01 4.698671999950824585e+01 6.112943473162162178e+01 8.113302175358909096e+01
3.950229235330715398e-03 1.414608585296640619e+01 3.414608585296711141e+01 3.998994761076505711e+01 3.258780369979336911e+01 2.949929932800246135e+01 3.307289065099034531e+01 2.165312219884559042e+01 4.176908655741613074e+01 5.267685440807481001e+01 3.266112739948774646e+01 5.267685440807481001e+01 6.776417358477164044e+01 7.604853001662138468e+01 6.985075454182775445e+01 8.399132359052568120e+01 7.883675938537324157e+01 8.712100807121075263e+01 8.710140948170875674e+01 6.707682917942794631e+01 6.707682917942794631e+01 6.592191189809609853e+01 4.590793311768577212e+01 4.171593356128338570e+01 2.176965665087667645e+01 4.174221725384423820e+01 4.958401460372004976e+01 5.552240946260307197e+01 6.173291726114057809e+01 6.883580967367140602e+01 7.712814412847336598e+01 8.584852820109325933e+01 6.650446493956216898e+01 6.064557304695098594e+01 6.112943473162162178e+01 6.112943473162162178e+01 8.113302175358909096e+01
7.711341127313005306e-02 2.007711341127277649e+01 2.386751575895739919e+01 1.998994604062614044e+01 2.223588873074966088e+01 1.091958281921234608e+01 1.309959600972442395e+01 1.532168922746100037e+01 3.540786078353934840e+01 4.202165763135718635e+01 2.629008918243625104e+01 4.634731740430663649e+01 4.776140025239200781e+01 6.416161383507491678e+01 5.570803106779169411e+01 6.985075454182775445e+01 8.985349864797156272e+01 8.839936460917444094e+01 6.837544883039763022e+01 6.707682917942794631e+01 4.704782747511173113e+01 5.440940506239417118e+01 4.590846980089008866e+01 2.592946569450509742e+01 4.174221459633142928e+01 2.502849927957620224e+01 2.730847882589306863e+01 3.406895683200291813e+01 4.130337061029232615e+01 4.874579610991535361e+01 6.037378380143989887e+01 8.039515198262088802e+01 8.650857639689445477e+01 8.064908120713052142e+01 8.113302175358909096e+01 8.113302175358909096e+01 8.941932002898437304e+01
9.541454368626212448e-03 1.934042351667381032e+00 3.867515329758712372e+00 5.847810415712069165e+00 7.868115504816499239e+00 1.562910898418323846e+01 3.072838538975457823e+01 3.540786078353925603e+01 1.891166517727663532e+01 2.190282976769054457e+01 4.202156382108824317e+01 3.141352301398849534e+01 5.143182983508136630e+01 4.416034480321562938e+01 5.123201969829579383e+01 6.537451866224627395e+01 8.537677422884092948e+01 8.253327022859852491e+01 6.251108719360681221e+01 4.834246929794749548e+01 3.938843966772886063e+01 3.439789710703905712e+01 3.033022973372327158e+01 4.590846980088966234e+01 5.329519770989929128e+01 4.500424245387395672e+01 2.863458492991959403e+01 4.872439472131834748e+01 6.173291578180086248e+01 6.883580967367140602e+01 7.712814412847336598e+01 8.868694294747258766e+01 9.088332714248920752e+01 8.259473962692193538e+01 8.149183694806163203e+01 8.978053494034725190e+01 9.234845363437214871e+01
2.297228869525369793e-03 2.000228689044275399e+01 1.541452071365452881e+01 2.584781085003105972e+01 2.786811601771472979e+01 1.591253359658984046e+01 3.575302983904607146e+01 4.734996349955136452e+01 3.905529853089254289e+01 2.717960466903730321e+01 4.707623788040668700e+01 5.143198334474381994e+01 3.708550727497778610e+01 5.709016721937164363e+01 7.123304367867554276e+01 6.537451866224627395e+01 8.537677422884092948e+01 8.099230894697144834e+01 6.097003552456985176e+01 4.940041246478428150e+01 5.355006642597594180e+01 5.440943068231469226e+01 3.531367872995354418e+01 5.532867597828825268e+01 6.466068147831693125e+01 5.182531551044317553e+01 3.172904697297066434e+01 3.652944128963913784e+01 5.659460396795857662e+01 7.433194909127956862e+01 8.589080649097074627e+01 9.674632011809343624e+01 7.673296305846425014e+01 6.257417261004990650e+01 6.147068808528204187e+01 7.253810697909804617e+01 8.082817531309112269e+01
