MOVIE_S12_data/elevation_000854.asc
nrows	50
cellsize	150.0
xllcorner	0
ncols	50
yllcorner	0
NODATA_value	-9999
[rows 17 to 33 of 50, columns 0 to 36 of 50]
5.436832538903087209e-02 2.005436832538867620e+01 3.982805995160226331e+01 4.099558430133181730e+01 3.774807155403717474e+01 3.188977410146367930e+01 3.188976537493945074e+01 5.188950754971529733e+01 5.790167197454639592e+01 3.790162087120177858e+01 5.790167197454639592e+01 6.490854978558596144e+01 4.817110777515532050e+01 6.490858637618707405e+01 8.348449039431403662e+01 8.518583855543538164e+01 9.347049109067340567e+01 8.870327268922318353e+01 6.877108993423127004e+01 5.452715987425739286e+01 5.608756058162396840e+01 7.282736394628531684e+01 5.696306507111798823e+01 3.691434865982739666e+01 3.953960098695838354e+01 5.953553995403336785e+01 6.740572979903201656e+01 5.914382679035925605e+01 4.695779098297463605e+01 5.855358375108419722e+01 7.854916715701645558e+01 9.206198884456703979e+01 7.183614176474199553e+01 5.764847081452974464e+01 4.782189526667197299e+01 4.962510547747588419e+01 6.445653027678703495e+01
9.647730019007895452e-02 1.164348269582611195e+01 2.578562139075064508e+01 4.578623606774105070e+01 5.775226153291384179e+01 5.189119499865550011e+01 5.188951825368256721e+01 6.017108711565467161e+01 6.618639451626269476e+01 4.944862651942980136e+01 5.204375886024214282e+01 7.204392526230303417e+01 6.817122374772695537e+01 7.645573846379180338e+01 7.908903396468464564e+01 7.908903396468464564e+01 8.736921632656402892e+01 9.086903269490832713e+01 7.095475261658313570e+01 6.877108993423127004e+01 7.031917451915099093e+01 7.264451321116911231e+01 5.217866796800954887e+01 4.053503779880337987e+01 5.951167795175611985e+01 5.369402779433772821e+01 7.363819988704658215e+01 7.369430767953681993e+01 5.364753500283580223e+01 7.369430767953681993e+01 8.676088709625055628e+01 9.624305894902364855e+01 7.602829927668207688e+01 6.180394342660353857e+01 5.958734996005454576e+01 3.985793995904269593e+01 4.463208240195531573e+01
9.953738903938927352e-02 1.424167301277046427e+01 3.424167301277116593e+01 4.756571760659249293e+01 4.975269859579344001e+01 5.802858970527071847e+01 6.025588914274304386e+01 6.851449454814195406e+01 7.773374632069466372e+01 6.944874680558039870e+01 7.204392526230303417e+01 8.032903017228341014e+01 7.482692593540060955e+01 6.656618606421901063e+01 5.920604449945606973e+01 5.920604449945606973e+01 7.908903396468464564e+01 9.146310561914738457e+01 9.086903269490832713e+01 8.870327268922318353e+01 9.023639243961608258e+01 8.068558774243042819e+01 6.450229370491814507e+01 4.444539647282417860e+01 6.447965288802504347e+01 7.363819991893910810e+01 8.172955478691744702e+01 8.192373189379762266e+01 6.370663329289008203e+01 8.192373189379762266e+01 9.141829540921548869e+01 8.316174194120867469e+01 8.316174194120867469e+01 8.194906530465458161e+01 6.445653027678703495e+01 4.463208240195531573e+01 3.329128147065433296e+01
3.582433992925927735e-02 2.003582433992890444e+01 2.871139531137205836e+01 2.756789286295443020e+01 2.975558059697729618e+01 4.611991142678646582e+01 4.026459773948793952e+01 6.025588914274304386e+01 7.664724534564291503e+01 6.847610952737480261e+01 7.664724534564291503e+01 7.429559303680306925e+01 6.340818392859956987e+01 4.685683451425404655e+01 4.534433599902672540e+01 6.502963728356085937e+01 6.177352100604790763e+01 7.661831331259757860e+01 8.714625838794128754e+01 9.543282525911428138e+01 8.902973377698029367e+01 6.985577124617179834e+01 5.599046034867856036e+01 6.421217332954957158e+01 5.154156611588198444e+01 6.316085422966245488e+01 8.319623551631740099e+01 9.188699395349620147e+01 8.368198206618357915e+01 9.188699395349620147e+01 8.316174194120867469e+01 6.317209699017280400e+01 6.317209699017280400e+01 7.729519619969416055e+01 7.279009091449599111e+01 6.129463207638441702e+01 4.754166697647396234e+01
8.338298177320474514e-02 4.347397308885395439e+00 8.711755113605205381e+00 1.342580032151480296e+01 1.945602721263824719e+01 2.612269385848701475e+01 4.026453887781212870e+01 6.025138800405471784e+01 6.688292789374412450e+01 4.902958501005966241e+01 6.688292789374412450e+01 6.604355399455079123e+01 4.637158484126961611e+01 3.570968359778506596e+01 5.518698664129379239e+01 6.636634249102679917e+01 4.762136095876052622e+01 6.636634249102679917e+01 6.719862643380491818e+01 7.976258490350781472e+01 8.804245778959086977e+01 8.352642952189530945e+01 6.991843026387449811e+01 7.701129999852039987e+01 5.735284765825510789e+01 7.743577961740560056e+01 9.154530205662548781e+01 1.002201469809356524e+02 9.193431587606707467e+01 9.713176549910977542e+01 8.234637984529179278e+01 6.236117896058979682e+01 4.902830632797745380e+01 6.902653645973832397e+01 6.934999272238879087e+01 6.106653737632908019e+01 4.415116806327895915e+01
1.813270376062421294e-02 2.001813270376026921e+01 2.871139531137205836e+01 3.342511937425610569e+01 3.945459454138531896e+01 4.611991142662757426e+01 4.710943903369567920e+01 5.549031792185374456e+01 5.875284726871719698e+01 3.922216198216837313e+01 5.776719457479233455e+01 4.998477225119628287e+01 4.350785802064417851e+01 3.056065718027339528e+01 4.804619243214002466e+01 5.046780433549557898e+01 3.934817880117095967e+01 5.780156974614616416e+01 5.579560377447266006e+01 5.989282896942870593e+01 7.976258490350781472e+01 9.604277023258001122e+01 8.957186404815649894e+01 8.410538506218024679e+01 6.406997893926754273e+01 8.412570471657774362e+01 9.867315191220239967e+01 8.866946511399483200e+01 7.192686994026466607e+01 7.712764066804574270e+01 7.653030807883912701e+01 5.650540105850028993e+01 4.237210224232666178e+01 5.480893899761366583e+01 5.201110987340493352e+01 4.106854845473954896e+01 4.172337719643110887e+01
2.351309638313057310e-02 1.416564872011420562e+01 3.416564872011490905e+01 3.584570575051206021e+01 2.872212621420150569e+01 3.747456228838132120e+01 2.831270576389907845e+01 4.435192160754969137e+01 5.201349687992028237e+01 3.249375217017242790e+01 4.341586658031421564e+01 3.416831424407599371e+01 2.405213105669307794e+01 2.626523306561994175e+01 2.866420292062262476e+01 3.109490910865128299e+01 3.373580474993026002e+01 5.305286035647093712e+01 4.607780399201099897e+01 6.571254574199880949e+01 6.779599746237218483e+01 8.028367442684358934e+01 8.856858186946864464e+01 9.242103071005331572e+01 7.412584784438662666e+01 9.242103071005331572e+01 9.038727895321611072e+01 7.037874810383057422e+01 6.036803733978280917e+01 6.297343670760489687e+01 6.715617985901577924e+01 5.823621233390559127e+01 3.825132961057288838e+01 3.482683182700239399e+01 3.202834739197010805e+01 4.473831119824018288e+01 2.473950470671119106e+01
2.372884694381488524e-02 2.002372873116893714e+01 2.347609681037270235e+01 2.360446259632463395e+01 6.496051711059558365e+00 2.658797325015486024e+01 1.814073642589062985e+01 3.613007312050549302e+01 5.154391092627711402e+01 4.345432527572415893e+01 2.389706980386997515e+01 2.124749670742705376e+01 4.076744432960921216e+01 3.187212600741594670e+01 4.804619243213929991e+01 5.046780433549557898e+01 5.305286035647093712e+01 3.753781263326006012e+01 5.693162228727364038e+01 6.554543023863121221e+01 5.380964526093460165e+01 6.035842380465006585e+01 7.442886888082111341e+01 9.441842538110840621e+01 8.827700853595256092e+01 1.024269984722120910e+02 9.867292385932749710e+01 8.866882714047333991e+01 7.143204179266980702e+01 5.141814315690156434e+01 4.715938879063705969e+01 4.331911741343858324e+01 5.823621215583521860e+01 5.480721814041584139e+01 4.812854011424315814e+01 2.814442222864304810e+01 3.004250725602238958e+01
6.296921807001566729e-02 2.006296921799788890e+01 3.257948343439499794e+00 4.588853283649694248e+00 2.135225907662385580e+01 8.425165895810000194e+00 9.798849980474745536e+00 2.379043977898199458e+01 3.962597783584841693e+01 3.561637850762933510e+01 1.849956120127042780e+01 3.810634408823157315e+01 3.717916368469298050e+01 5.128123174843810261e+01 4.045957805944743768e+01 6.003613349010090872e+01 6.514810175464616293e+01 5.693162228717889661e+01 4.200694083079796570e+01 4.589476103448320288e+01 5.972097325389125899e+01 7.960691328464878325e+01 7.442886888082111341e+01 9.441842538110840621e+01 1.082452176891360551e+02 1.053579634442852608e+02 9.823369388331543917e+01 7.823020469964671975e+01 6.407653931442926876e+01 6.557078152708558605e+01 5.870638029102955358e+01 5.745461596122157744e+01 7.147001017355336216e+01 5.596920542051034175e+01 3.598212492726459999e+01 4.812920440245071774e+01 4.954522620920510434e+01
8.175220331382776484e-02 1.383128034684958152e+00 2.093359637544045881e+01 2.428883562259241558e+01 2.387475180512683082e+01 2.243010541904772737e+01 2.952700071474513877e+01 1.178911307611229198e+01 3.148756341393021074e+01 1.594319468069007328e+01 3.534785643981182801e+01 4.605546635380193266e+01 5.673346225360548090e+01 6.494970459413909225e+01 6.003613349010090872e+01 5.082602749041304691e+01 7.061238811931723092e+01 6.747380522058465147e+01 4.777454300934396514e+01 6.554543023863121221e+01 5.630128449113365718e+01 7.616077378173795864e+01 9.441842538110840621e+01 1.027082948581161759e+02 9.952719834990774928e+01 8.540765641637561600e+01 9.952719834990774928e+01 9.237522743206770315e+01 8.408909006279681364e+01 8.558237555795933815e+01 7.286117390712695396e+01 7.748081410132124347e+01 5.953602702392885249e+01 4.539732777068742564e+01 5.596920554493910771e+01 6.426018952321457789e+01 5.423727840880633266e+01
7.631710034972485901e-02 2.007625788995909843e+01 1.205261643216796763e+01 3.179997509722368321e+01 4.305660694203665884e+01 4.203016437336282252e+01 3.578851331470868757e+01 1.418691661568234785e+01 1.383621784543392153e+01 3.352513904956254720e+01 1.996199149069984813e+01 3.952911939963148313e+01 5.170490313911849967e+01 6.302315791821104796e+01 7.888297207597128136e+01 6.477432563615209915e+01 7.061238811931747250e+01 7.573820720677755958e+01 5.906719086188452650e+01 6.016054658837204983e+01 7.616077378173795864e+01 7.031232228923394700e+01 9.028018469382197964e+01 1.002503291309273976e+02 9.060737945846388186e+01 7.132025433674671433e+01 9.060737945846388186e+01 9.916660492865321430e+01 9.096322438004682454e+01 9.916660492865321430e+01 9.290756268874250168e+01 8.795610590669026863e+01 7.369958905866043608e+01 5.539137777796941009e+01 7.369958905866043608e+01 8.281801006410363186e+01 7.445682971831809027e+01
9.124702163186203252e-02 2.009124477660103736e+01 3.179997490691787476e+01 2.597187046906769936e+01 4.517079893086508946e+01 4.412708488940137386e+01 2.381157638451437109e+01 3.578851331513867251e+01 2.779607234756477041e+01 2.993345294553001068e+01 3.952911917831198707e+01 2.407380187595763843e+01 3.529920895501987133e+01 5.481113242262449603e+01 7.023232629434792784e+01 8.470671774415666277e+01 9.056314306571694317e+01 8.723950718347340683e+01 7.895745399444631119e+01 7.161588116855638475e+01 8.834079937967288743e+01 9.028018469382197964e+01 9.856843669007251663e+01 9.197314331339046589e+01 7.203045225456227740e+01 6.239465113144057540e+01 8.233768080831868019e+01 8.927594353831300111e+01 7.119158997053509097e+01 8.927594353831300111e+01 9.818398234058724938e+01 9.003444646980089772e+01 8.371268229760072188e+01 7.540602314720477750e+01 8.371268229760072188e+01 8.788943487427104628e+01 7.960237673219818078e+01
8.187870513261463756e-02 2.008187870513028628e+01 3.674447138489438913e+01 4.517079893086508946e+01 5.105062674258727640e+01 4.412708488940137386e+01 4.412708488940137386e+01 3.522982421223215255e+01 4.735635283718414712e+01 4.374969846866069645e+01 5.170484397349054007e+01 3.278192447778157259e+01 2.870037327866498700e+01 4.237964971790608359e+01 5.869912545392516279e+01 6.539851096374019335e+01 7.294210682107276966e+01 8.122101685043507757e+01 9.120565652248522781e+01 9.159053312430978622e+01 9.987928614329958066e+01 9.720705485918323063e+01 8.893156759763338925e+01 8.921639335465505383e+01 7.569000424935931903e+01 5.573214358725493156e+01 7.569000424935931903e+01 8.107740717529098617e+01 6.124593328215222954e+01 8.107740717529098617e+01 8.680625670638933400e+01 7.031436010348254229e+01 8.377041829235810155e+01 9.192573365892693005e+01 8.788943487427104628e+01 7.633867575236939729e+01 5.959596888381394564e+01
2.239863785106879432e-02 8.193739598723237094e+00 1.989575563535052893e+01 3.499853854155421118e+01 5.761106460506592697e+01 6.365684843737010823e+01 6.269028551101897762e+01 4.936020229598823050e+01 5.092935995995048160e+01 6.340399008209175236e+01 6.045631330323548980e+01 4.394983609988248219e+01 4.812416048844255556e+01 3.353633865023677885e+01 3.834293640458869135e+01 4.530035443429493114e+01 5.298362819139374835e+01 6.296483084324164992e+01 7.706529997948686628e+01 9.705238893679582191e+01 1.030407183877444339e+02 8.308736598680233953e+01 6.898988921784111028e+01 6.926381680519800454e+01 6.926381680519800454e+01 5.056983177928756845e+01 7.053690678467538078e+01 7.446691587757803177e+01 5.459201997874863821e+01 6.599223179133089445e+01 7.420361642273861946e+01 5.882776059056013906e+01 6.399162510737856735e+01 8.377041829235810155e+01 7.960237673219818078e+01 5.959596888381394564e+01 4.804797123813777660e+01
1.991760116496149591e-02 2.001991760116460739e+01 3.674415923248092497e+01 3.793562942771573887e+01 4.622821475280407100e+01 6.038636646702919819e+01 6.066098625040766734e+01 6.832212891167615965e+01 7.050754617649093348e+01 7.875589946088753379e+01 7.184409806372548246e+01 6.359810572866492606e+01 5.978935478139028703e+01 3.921861209143359162e+01 4.613458645372137568e+01 4.876270996377265021e+01 5.719099053521635767e+01 6.829650204939613900e+01 8.809844592009858388e+01 9.802470476873564564e+01 8.974799420243954273e+01 9.042111027915119337e+01 7.047819944015381566e+01 5.636330171834747205e+01 4.929736560890326302e+01 4.572330657157531419e+01 6.569417976809626225e+01 8.069839673762884047e+01 6.599223179133089445e+01 4.607485537290751410e+01 6.599223179133089445e+01 4.989778099367752162e+01 6.349590369296482351e+01 8.328845849829335179e+01 8.114246186256423243e+01 6.113583104948151714e+01 4.699218476816636070e+01
1.766589122093755945e-02 2.001766589122058093e+01 2.525579510708886133e+01 1.788711323836466605e+01 3.206851485916239142e+01 4.425956749903607346e+01 4.026291607220122870e+01 6.066098625040766734e+01 6.024546284106887839e+01 6.613422790171046017e+01 6.786143020130805326e+01 7.617220886022140292e+01 6.817596115303069837e+01 5.169372305668488110e+01 4.771275799269107409e+01 6.634447862661431827e+01 7.614853274931355998e+01 8.491592768813980285e+01 9.638163534249859765e+01 8.974799420243954273e+01 6.980387717913262691e+01 7.564537381048118903e+01 6.933455398012597470e+01 7.529668635127109155e+01 6.111254723768048791e+01 4.114405784530377019e+01 6.111254723768048791e+01 7.249228283365032155e+01 5.260938719451942092e+01 4.108526374603148668e+01 6.101288754476394161e+01 4.358296432048394564e+01 5.768866640687372893e+01 7.751581470617496450e+01 8.700265944599205170e+01 6.699563754593765452e+01 6.552701761378224887e+01
6.490672536223988931e-02 2.613873331546610057e+00 5.191876712387240467e+00 2.525581244010695769e+01 3.217728283387634036e+01 2.392795446020604544e+01 3.862267750616673823e+01 4.217557061955745468e+01 4.005200445672496556e+01 4.596653148062685545e+01 4.771147454722031966e+01 6.786143020130805326e+01 7.903567174274976992e+01 6.472165475297175874e+01 6.134400429421764755e+01 7.662222567764470682e+01 9.329812727920619864e+01 8.497406920463421898e+01 9.227399053239929572e+01 8.974799420243954273e+01 6.980387717913262691e+01 5.568880924360141194e+01 4.936997823785132766e+01 5.533840471227509283e+01 5.768797955945471756e+01 3.772637037281234740e+01 5.768797955945471756e+01 7.072709012855790434e+01 5.083933499731442396e+01 3.673818565561957428e+01 5.152219426263358315e+01 3.843526008746952272e+01 5.835440507763530604e+01 7.627153090184764039e+01 8.453574270629444243e+01 8.113297886782312673e+01 7.113029018790473401e+01
