MOVIE_S12_data/elevation_000653.asc
nrows	50
cellsize	150.0
xllcorner	0
ncols	50
yllcorner	0
NODATA_value	-9999
[rows 17 to 33 of 50, columns 0 to 36 of 50]
5.436832538903087209e-02 2.005436832538867620e+01 3.009647730019052148e+01 5.009647730019122491e+01 4.110453894986012813e+01 3.281653926645452657e+01 1.643728067252769520e+01 1.908849156601904795e+01 3.912966678685165078e+01 4.964192192337313259e+01 4.033586171378927787e+01 5.188714404854638218e+01 7.185928440095166536e+01 7.670491552787618161e+01 8.498329350851369668e+01 8.979227192926299495e+01 8.515821608966228951e+01 9.113472875005211904e+01 8.633553695519937321e+01 6.644990950473265912e+01 5.233967886814529180e+01 4.526663031166230411e+01 3.893711771864320781e+01 3.448756321012771764e+01 5.447517713196785394e+01 6.688731948001607464e+01 7.450774789586979807e+01 6.626856224344221857e+01 6.043793217020628106e+01 8.034494844342889053e+01 8.283995980757090649e+01 9.107140427499430757e+01 8.637788564852121453e+01 6.650044920422631378e+01 5.500129828193567505e+01 4.607010241262902639e+01 5.077179408222202994e+01
9.647730019007895452e-02 1.009647730019016620e+01 3.009647730019052148e+01 4.208198450322632311e+01 5.036624960121829986e+01 4.476260559399207750e+01 3.647551424408401033e+01 2.805776590110461299e+01 3.545734723413885092e+01 5.546802848288229626e+01 5.447859259016247080e+01 6.860378944870288365e+01 8.013656881701972168e+01 8.904700780154487916e+01 8.061005772189174934e+01 7.919274933060847843e+01 6.478883946848091568e+01 7.075489175228217675e+01 8.850776459239925487e+01 6.862588139194626535e+01 7.227427493475937581e+01 5.525802898744784386e+01 5.891451937111336434e+01 5.447517713196785394e+01 3.866113640818480945e+01 5.864133693823389137e+01 7.304152694071126461e+01 8.299671676874007176e+01 8.034494844342889053e+01 8.857756362153322982e+01 8.879158159079760537e+01 8.050749340124559694e+01 8.415443222978434790e+01 8.063758070553667778e+01 6.074432467542476388e+01 4.664103665933689769e+01 3.664568214454940431e+01
9.953738903938927352e-02 2.009953738903903542e+01 1.501091671800207727e+01 2.208198452986742666e+01 3.362898991365953094e+01 5.362898975364745269e+01 5.636191049690714294e+01 4.808651659544712231e+01 4.808628471794319381e+01 6.373643318029030524e+01 7.445096076493003068e+01 7.074153365026820950e+01 6.232023584914274750e+01 7.074153365026820950e+01 6.028044751286515179e+01 7.075489175228217675e+01 5.050027027867239582e+01 7.075489175228217675e+01 8.601209776868411438e+01 8.850776459239925487e+01 8.341914880223085049e+01 7.518403582781870398e+01 7.609200281757159701e+01 5.696419293083496882e+01 4.292969794897351932e+01 4.483940540872993097e+01 5.483918782585315910e+01 6.894243290975558125e+01 8.882056191064395989e+01 8.724457498415469558e+01 7.724180242910520633e+01 6.050051600255343942e+01 6.415298375545900456e+01 7.829287707621898562e+01 7.482131555255514854e+01 6.485808240199384045e+01 4.975965468746869647e+01
3.582433992925927735e-02 5.582826302181526756e+00 2.558282629953649945e+01 4.208198450322632311e+01 5.036624960121829986e+01 6.191324151665844511e+01 5.769393583585620888e+01 6.579848420372964313e+01 6.806907982550470138e+01 6.474917040191209594e+01 5.634304796322575726e+01 6.062833561613634714e+01 4.213709001259983467e+01 6.062833561613634714e+01 4.863840468816962215e+01 5.456490774293483526e+01 4.340458110585966267e+01 6.359380165510410876e+01 6.565931447878237748e+01 7.473472061927505194e+01 9.513568753453174054e+01 8.752986101854720857e+01 6.830383073481786482e+01 5.699809559216553367e+01 4.809222181293753096e+01 6.480189496133354510e+01 5.240167447873950124e+01 6.651247031142446531e+01 8.639723020385969221e+01 7.896045746209382798e+01 5.895246176678608663e+01 4.893883366434398141e+01 4.999599855194998810e+01 6.701560157282379748e+01 6.433233093952304671e+01 6.162801165629208811e+01 5.801557028673647665e+01
8.338298177320474514e-02 2.008338298177284997e+01 2.558282629953649945e+01 4.558282624992528298e+01 5.801057722761098034e+01 5.436981866636934058e+01 3.780408521744119810e+01 5.436981866638801364e+01 6.887413869018355683e+01 5.634304787562145833e+01 3.619874115424495642e+01 4.209887191261535833e+01 3.211863412422464137e+01 4.736069680772862966e+01 5.017455037773626003e+01 3.444576278908475331e+01 3.837053664590126800e+01 4.545411913158511652e+01 5.444149556571450432e+01 6.876010804423509626e+01 8.915871132786111275e+01 9.564014108899434063e+01 7.619600228953171950e+01 5.625952657805563462e+01 6.810917800909584230e+01 7.638977620248844858e+01 5.906428438696967476e+01 7.233658164165233018e+01 9.221369986712451805e+01 8.724457498415469558e+01 7.724180242910520633e+01 6.000430513992421311e+01 3.998416727394950243e+01 4.706142334644568592e+01 4.428879690141399550e+01 4.161334632414143897e+01 4.489203097303531820e+01
1.813270376062421294e-02 2.001799579234534576e+01 3.984723082440888220e+01 5.213960720665318860e+01 3.812450950463320254e+01 4.621052522705196708e+01 2.625455309544730298e+01 4.621052522674554552e+01 4.912566708115632252e+01 4.705020670044435604e+01 3.868284806767266559e+01 2.203427813833979343e+01 2.455514930863142098e+01 2.727798943969422396e+01 3.007961649902154377e+01 5.017455037775361859e+01 5.851569915618132711e+01 4.545411913158511652e+01 6.565931447878105587e+01 8.205753869699759662e+01 9.224683443714437203e+01 9.627038865120509570e+01 7.627860576211226373e+01 6.334215024257721183e+01 8.335378822054863690e+01 8.720185510592385469e+01 6.903715635980172749e+01 7.532800518154567726e+01 9.518989716085744135e+01 8.338083354331463681e+01 7.337623164392020669e+01 6.508942483048647887e+01 5.292602032004655399e+01 3.291020531444832642e+01 3.013662925222044109e+01 2.746399341257012594e+01 2.488199750381757269e+01
2.351309638313057310e-02 1.157051837713826181e+01 3.157026543260157680e+01 4.393999003625527422e+01 2.398789886014431261e+01 3.132132832994100013e+01 1.918294105299709784e+01 2.918438014351894694e+01 4.912566708083222267e+01 3.868284861181137302e+01 1.862801403982313175e+01 3.868284861164204358e+01 4.462778649070853731e+01 4.736069680772862966e+01 4.425846030848733648e+01 4.425846030848733648e+01 6.445725525920245502e+01 6.565931447878105587e+01 5.333214920460403619e+01 6.342715398224017775e+01 7.781676721397725771e+01 9.825342988666113797e+01 9.162711481337703390e+01 7.335377427898212943e+01 9.162711481337703390e+01 9.713645873506433759e+01 8.309569096127934529e+01 9.518989716085744135e+01 8.923805133695411484e+01 6.923718553981164803e+01 5.508354615878037919e+01 4.506869498797019702e+01 3.799133192186534558e+01 5.292602032004656820e+01 5.014989052805974268e+01 4.747550607674905621e+01 4.129812296523589765e+01
2.372884694381488524e-02 2.002372884629812688e+01 2.276341252989208286e+01 2.410830595642593366e+01 2.544349419603919316e+01 1.133818313009958167e+01 2.835562348098878616e+01 2.987278268424151761e+01 3.138691841299284491e+01 3.309915981051354805e+01 1.630261783088953820e+01 3.635152144635100768e+01 3.835054978436986062e+01 5.852351389984843877e+01 6.445725525912213527e+01 6.445725525920006760e+01 7.288004889144967535e+01 8.205753869691268676e+01 7.361484055411244753e+01 6.612115061155732576e+01 8.052470321197880310e+01 1.009586805749920586e+02 1.016211366078913585e+02 9.335380216211501647e+01 1.016211366078913585e+02 9.898012453003597955e+01 1.029411938392691752e+02 1.029504805112304950e+02 8.295057995589390032e+01 8.295057995589390032e+01 7.337623164392020669e+01 6.227972691565572916e+01 4.225777023411861677e+01 6.227944704799059394e+01 5.971797129202140297e+01 3.970280544013765933e+01 2.815014730414148758e+01
6.296921807001566729e-02 1.405281328498065418e+00 2.750626916490693130e+00 4.105197839447891184e+00 5.469186518388843510e+00 6.866047109928005376e+00 8.344489651837163180e+00 9.843553029828898460e+00 1.135541092186582013e+01 1.305792739318656004e+01 1.564020475993641490e+01 1.826781661516901423e+01 3.835054978466750697e+01 5.065969475938720734e+01 6.202189147187876017e+01 7.044604378347089835e+01 7.623603162629360952e+01 6.780043284002469761e+01 7.623603216241106395e+01 8.650967661499278449e+01 9.495034746708626017e+01 1.030524987875541996e+02 9.475941706932229636e+01 1.030524987799503975e+02 9.324271314458232496e+01 7.922904513688513362e+01 9.324271314458232496e+01 9.709047938880584638e+01 7.709364184019014488e+01 6.295015685841300979e+01 5.537974153930042576e+01 4.933858991087056722e+01 5.641849111697843711e+01 7.056566482397754214e+01 6.800382980829785140e+01 5.371346221221622841e+01 3.369810785362911787e+01
8.175220331382776484e-02 1.968641504041641355e+01 2.272190120299731575e+01 2.411884344843011263e+01 1.254025082969390859e+01 2.668962376275315052e+01 1.988560957120517614e+01 2.984822770424267802e+01 3.138687166103730775e+01 1.620065394363999189e+01 3.561515050079075451e+01 3.835054978466750697e+01 2.216186518336519384e+01 4.227842482973911586e+01 4.180994263033282010e+01 5.465069073024238122e+01 5.916644512008674184e+01 4.755193680465513495e+01 6.780043283991217606e+01 8.798616387849462228e+01 9.976280185630687924e+01 9.307161326670760104e+01 7.482229151203405593e+01 9.307161318518953408e+01 8.445142598600985195e+01 6.544222215890394523e+01 8.445142598600985195e+01 9.752580019564405234e+01 9.123597216210428940e+01 7.539113057989297317e+01 7.539113057989297317e+01 5.935422902843023252e+01 7.643000187308877003e+01 7.682009980499476853e+01 5.681318383591660393e+01 4.525414715089808482e+01 4.525414715089808482e+01
7.631710034972485901e-02 1.007725226259137230e+01 3.010445301700227461e+01 4.074943717049949754e+01 2.667551235353777983e+01 2.667098991274541930e+01 3.977288337685650532e+01 4.800267488573533115e+01 3.364709742725547414e+01 1.967170568569938283e+01 3.947944312377607190e+01 4.888545377087677934e+01 2.925071837186624180e+01 2.633190308201430341e+01 3.023910152165326792e+01 3.449047065055202665e+01 3.897137754876662541e+01 5.916644511998144651e+01 5.920433534192125791e+01 7.091604796549876255e+01 9.132744728886279972e+01 8.479085429066873303e+01 6.486503897343263247e+01 8.239665801197148198e+01 7.425155296081399570e+01 5.669076739934800457e+01 6.945860691141636778e+01 8.249733155924610628e+01 9.081331544931542510e+01 9.539122863759581605e+01 8.764612598509111763e+01 7.936071049836004931e+01 8.764612598509111763e+01 8.510262987880624053e+01 7.355351189321733330e+01 6.526910148459322158e+01 6.526910148459319316e+01
9.124702163186203252e-02 2.009124645708444135e+01 3.014718955238700104e+01 5.032714515833850299e+01 4.660224901127872954e+01 4.074725703735956017e+01 5.461251754294346483e+01 6.121181315623221053e+01 4.311384650119207151e+01 2.336194855579190488e+01 4.311405635035950468e+01 5.547041831220347063e+01 5.112307817400338195e+01 4.640795198727675341e+01 3.298144896857790087e+01 5.312123477762344237e+01 5.322370236576082903e+01 5.322370236576082903e+01 7.351349527609173151e+01 8.798616387851255638e+01 9.184467737821924516e+01 7.190615731419170231e+01 5.778829735871803308e+01 6.754595298504479217e+01 5.502604901911004021e+01 4.965837000442649440e+01 6.836133991289638345e+01 6.250602045538565221e+01 8.249733155924610628e+01 8.503055904308354229e+01 9.330329693263439594e+01 8.935936437779281505e+01 9.763580872084644113e+01 9.186691706896597509e+01 8.356440887342456847e+01 8.186967006230315747e+01 7.945498075655586945e+01
8.187870513261463756e-02 1.422401432886369044e+01 3.422401432886439210e+01 4.462322797876504410e+01 5.292879840356640386e+01 6.035207188286891977e+01 5.847162487190315261e+01 6.665744150637068799e+01 5.143356902438849687e+01 3.217493518812371889e+01 2.958618009947339189e+01 4.094392374630611187e+01 5.908965652375309929e+01 5.816749763358261305e+01 3.798251722791714968e+01 5.816749763358261305e+01 7.351349527583336396e+01 7.351349527617331603e+01 8.195120142992418266e+01 8.783149803345212092e+01 7.953577148135286734e+01 8.334284075185198049e+01 6.339276741279435612e+01 4.920701434646286287e+01 4.416414387360857319e+01 4.360312217943058499e+01 4.846411770835262445e+01 6.833039627683670858e+01 8.177806198601544452e+01 6.507235214772492782e+01 7.525033043610751804e+01 6.940617722547922597e+01 8.935936437779281505e+01 8.356440887342456847e+01 6.357045623383113764e+01 6.187354825518515611e+01 6.187354825518514900e+01
2.239863785106879432e-02 2.002239863785071350e+01 2.827825092766252268e+01 2.460480116241400594e+01 3.849063700056142778e+01 4.453987622809941627e+01 3.862697292215155898e+01 5.848345636693605343e+01 6.034021140017159723e+01 4.350942684531476345e+01 4.925160175260457862e+01 3.646653128309195324e+01 5.027730722951439191e+01 6.658699225659766796e+01 5.816749763358261305e+01 4.655538628288482528e+01 5.820675588763900521e+01 7.853805522961744146e+01 9.263582064735206245e+01 7.953577148135286734e+01 5.953113662920484472e+01 6.539035852223824463e+01 7.368128646921027780e+01 6.923601550747109457e+01 5.786581336051866487e+01 3.780729611717014649e+01 4.925585193685278540e+01 6.713422707550412838e+01 7.284472367972517759e+01 5.352836582930732590e+01 5.527423949277154236e+01 7.525033043610751804e+01 9.097885858287739325e+01 8.356440887342456847e+01 6.357045623383113764e+01 4.944318675279060926e+01 4.189023197435334822e+01
1.991760116496149591e-02 4.102400505829083777e+00 8.272688787775470232e+00 1.312340133516965146e+01 1.846862728153710620e+01 2.449887255611078984e+01 3.604914809524954933e+01 5.610649298781640226e+01 7.195173513716603964e+01 6.351314106183540531e+01 6.168646006786420344e+01 4.182742540763346994e+01 6.168646006786420344e+01 7.888249702041184719e+01 7.523506790840583847e+01 5.663933573137012445e+01 6.679977408155130547e+01 8.698286543891511258e+01 8.433828806185640303e+01 6.433298603010952377e+01 5.433338618922086027e+01 4.538851001359748949e+01 5.722464571863201854e+01 6.551413022587891533e+01 5.475473827225594903e+01 3.475585133283369288e+01 5.003956600490761986e+01 7.002372777886304789e+01 6.457266068796451464e+01 4.458236933098469024e+01 6.457266068796451464e+01 6.273792981563060067e+01 8.270351808941670413e+01 8.409961899063519297e+01 6.410556960100014123e+01 5.257091992110771628e+01 6.187354825518514900e+01
1.766589122093755945e-02 2.001766589122058093e+01 2.827825092766252268e+01 2.726779522862739213e+01 3.849063700056142778e+01 4.453987622809941627e+01 5.290159168095556197e+01 6.443765113711118886e+01 6.555790420602149027e+01 6.774535935938664011e+01 7.013541522797829941e+01 5.573487972069387553e+01 5.226051394271895134e+01 7.250989499355442547e+01 8.540655384688102458e+01 7.696051378577121227e+01 8.540892089955640643e+01 9.559966866780000316e+01 9.263582064735206245e+01 7.803697976778791201e+01 5.803285982890349715e+01 4.389007557607921939e+01 3.722300177358575013e+01 5.145066843104389420e+01 4.779718806219008798e+01 3.183857800603163213e+01 5.183760080634114331e+01 6.927146284078609995e+01 5.957508784871958341e+01 3.958187084782770881e+01 4.641547630751814779e+01 6.055339698076338095e+01 8.052069622582071418e+01 9.240257039843748998e+01 8.085036819762918014e+01 7.255604919333880787e+01 8.085036819762918014e+01
6.490672536223988931e-02 1.420704234909306507e+01 3.420704234909235453e+01 4.729988775317038119e+01 4.580702681249554331e+01 4.889219884650136549e+01 5.213486935281635226e+01 5.556254438636683091e+01 4.556718456672131623e+01 4.775381383133723290e+01 6.774535935938664011e+01 7.605484605955599875e+01 7.251043201969839913e+01 6.649556692664191360e+01 8.703160090319981634e+01 9.106293920743416948e+01 8.277952632778097097e+01 9.106293920743416948e+01 9.069299250830519554e+01 7.068207953926807363e+01 5.653982197219717420e+01 6.389193094623399105e+01 5.145066843104390131e+01 3.144945342644471964e+01 2.779816952064906488e+01 4.465491720107580420e+01 4.098512395679104969e+01 6.098362459968731741e+01 5.486264140903129771e+01 3.486767268892617011e+01 5.486264140903129771e+01 6.400045672412917952e+01 7.227254986830817529e+01 8.225965607899605914e+01 8.879061913697687203e+01 7.879554299720588517e+01 7.051547849930474854e+01
