MOVIE_S12_data/elevation_000313.asc
nrows	50
cellsize	150.0
xllcorner	0
ncols	50
yllcorner	0
NODATA_value	-9999
[rows 0 to 16 of 50, columns 0 to 36 of 50]
8.271705653423140625e-02 2.127631151761726416e-02 9.425194436011796739e-02 4.939197167322698090e-02 3.975871534419905817e-02 6.171646774684565184e-02 1.696294146011132625e-02 1.936121709489252440e-02 4.216450047424835645e-02 2.297044857093000214e-02 6.704298068806634203e-02 4.162315340452049650e-02 3.835349583220235004e-02 2.777463300387698203e-02 2.207885817162396139e-02 7.161913568127860341e-02 9.025521335945362045e-02 3.502399586135773735e-02 8.040414306008919487e-02 3.131346976591601466e-02 7.604099264847130613e-02 2.387740603804927586e-02 5.687112022313325910e-02 4.074439634684711570e-02 8.709178300582484655e-02 7.612946965408906586e-02 1.077918208624280109e-02 9.929772718869623455e-03 4.600412614040166881e-02 2.152795518990661267e-02 2.378824418737431057e-02 9.511189423522797837e-02 9.406546861214974686e-02 1.749038473908382007e-03 2.223905489293687143e-03 6.269637160239108220e-02 9.476101746191394060e-02
7.639902522890137937e-02 2.002127631151726206e+01 2.009425194435976181e+01 1.419152759540430253e+01 1.418189433907527430e+01 2.006171646774648920e+01 8.181928750737300859e+00 2.001936121709453786e+01 5.042164500474268785e+00 2.002297044857057529e+01 2.006704298068770953e+01 2.990462276502456884e+00 2.003835349583184566e+01 2.002777463300352068e+01 8.966350768170858743e+00 2.007161913568092260e+01 2.009025521335909659e+01 8.275033751758407163e+00 1.323300077164254906e+00 2.003131346943272106e+01 2.007604099259728869e+01 8.188835814970891747e+00 2.005687112022277674e+01 1.418288002007792237e+01 1.422922740673690001e+01 2.007612946965373268e+01 6.677445848752880053e+00 3.858931567316382427e+00 2.004600412327127046e+01 2.002152795513590178e+01 1.002378824418746106e+01 2.009511189423487210e+01 2.009406546861179521e+01 1.812463959324281060e+00 2.000222390548893969e+01 1.420483199533321539e+01 1.423689664198103699e+01
7.813061968023242432e-02 1.422026624341130763e+01 3.422026624341201284e+01 3.419152759540500597e+01 3.418189433908126063e+01 2.232406437446800140e+01 2.818192875073694381e+01 3.020614229541789086e+01 1.020614229541753559e+01 3.020614229541789086e+01 2.597188624554149783e+01 5.971886246502164042e+00 2.597188602260596824e+01 3.725061667456181880e+01 2.310848639194163567e+01 3.725062545681951320e+01 3.260144136206562138e+01 1.264116370663202460e+01 2.131290907561082548e+01 3.110130170685183160e+00 2.311657177983237688e+01 2.811977565685818092e+01 2.232886406269714286e+01 3.418288002007862758e+01 3.422922740673760700e+01 3.374851366061758284e+01 1.374851366061829339e+01 7.781254270080079749e+00 2.778125427006343173e+01 3.830805824024890427e+01 2.416592386791901959e+01 3.517765118385396761e+01 1.517765116129886316e+01 3.630645777506102956e+00 2.363064578703926344e+01 3.420483199533250485e+01 3.423689863630778518e+01
1.795629399984677299e-03 2.000179562939963063e+01 3.647450491937854622e+01 4.647450491937837569e+01 5.060833561359108046e+01 3.646619999819845503e+01 4.089659197191502926e+01 2.089659197191432227e+01 2.020614229541735796e+01 3.849041354189892417e+01 2.905795324471672458e+01 9.057953245743975756e+00 1.905795324574379990e+01 3.905795324878419450e+01 4.310848649939672583e+01 4.914967792892969811e+01 2.904579559653590692e+01 3.273355482735417610e+01 2.437452089462173177e+01 4.379481570666587054e+00 1.592117634441289020e+01 3.578231625366510116e+01 3.645997961134742127e+01 5.055012915980365307e+01 4.529551904440989318e+01 2.529551904441060728e+01 3.186373717478756618e+01 1.186373717471874478e+01 2.341074255851146546e+01 4.341074255967493656e+01 4.416592388040130146e+01 4.346192359489287327e+01 2.548759927422475968e+01 5.487599159276629557e+00 1.962973310589157450e+01 3.962934584837156393e+01 4.952735609704705411e+01
2.526786264046545702e-02 8.190233671917654945e+00 1.819023367191747909e+01 3.233236929564792916e+01 5.233236929564721862e+01 5.646619999818819480e+01 4.918086321823727047e+01 3.089659197191414464e+01 3.434827791914781159e+01 4.849041354010762461e+01 3.239128657784456777e+01 1.239128657907727948e+01 3.239128657784456777e+01 3.905795325012847030e+01 5.905795332491188532e+01 5.742310733103445131e+01 4.126615362580723456e+01 2.619343864742417338e+01 6.200699262065389128e+00 2.437685758176627004e+01 3.253413055233233564e+01 4.409363882607235752e+01 5.640206449294116453e+01 5.943765466814034681e+01 3.943765466814105736e+01 3.942302663501403259e+01 1.942302663490342240e+01 2.186373717471892064e+01 4.014800846576336824e+01 5.169501444922368449e+01 5.206995713198870135e+01 4.383131350741323473e+01 2.737742184312212856e+01 7.377421524322773649e+00 2.737731889215798020e+01 3.028437582292108132e+01 5.053331758622613279e+01
8.483503398980346555e-02 7.155902845855249161e+00 1.471519230603972872e+01 2.471519230603955108e+01 3.885732792977100303e+01 5.885732792977170647e+01 5.918086321634341118e+01 4.503872759564459471e+01 5.434827791914604944e+01 5.001497531683131115e+01 3.001497532192009032e+01 1.587283969819120699e+01 2.741984508198351733e+01 4.741984507845231178e+01 6.097648971200052159e+01 5.112158371477890029e+01 3.307624674296452838e+01 1.326362122605152649e+01 7.493313528306109639e+00 2.740272507293972382e+01 2.568992795637658588e+01 3.979170960556815828e+01 5.959316591421676179e+01 6.772192591559991115e+01 5.943765466814034681e+01 4.519652932695528591e+01 2.519652932679978008e+01 3.600587279845036903e+01 5.014800848989007420e+01 5.533125604241745066e+01 3.541277129210838837e+01 2.387557903911933366e+01 1.680524682615682153e+01 2.690647810981510801e+01 1.022009774238355462e+01 3.028441757919079791e+01 4.508548939905330855e+01
4.163169627051844027e-03 2.000416316962669683e+01 3.471519230604043571e+01 4.299946355350262905e+01 5.299946355350245142e+01 5.845138751051273829e+01 6.673565875797594060e+01 6.503872759564164596e+01 6.070542498749190230e+01 4.070542499841053541e+01 2.656328937468799367e+01 2.034497565319070844e+01 4.034497565126829954e+01 5.570411609123904384e+01 5.273339185704470111e+01 3.310260627763496899e+01 2.322453405408235128e+01 3.307557669348919660e+01 2.709306747217843636e+01 9.379188832184597757e+00 2.351220350092430067e+01 4.350494097700817520e+01 5.751394003812225719e+01 6.715403579308343751e+01 6.519652933022071295e+01 4.519652932695528591e+01 3.226759713866550072e+01 5.226759713890605497e+01 6.429014418133061781e+01 6.356171547171036451e+01 5.206995339756519314e+01 4.383131346083990110e+01 3.344165508730244341e+01 1.350807748508700890e+01 3.025055766083057662e+01 1.654465872886385469e+01 2.809959359866559581e+01
2.434392073152260791e-02 1.002434392073161007e+01 2.416647954446281332e+01 4.416647954446352031e+01 5.518865337418283445e+01 3.845138751051203485e+01 5.518865337418283445e+01 6.673565875797594060e+01 6.070542498749190230e+01 4.070542499841054251e+01 4.550895344554231770e+01 2.550895344813384114e+01 3.667490727168669906e+01 5.667490726152963987e+01 6.097648971200052159e+01 5.112158371477890029e+01 4.291799906733978531e+01 4.331679717801173268e+01 2.445820601273637607e+01 1.072984899260048586e+01 3.071869344284666781e+01 2.924272571708213775e+01 4.923463060603330632e+01 4.643128252793412258e+01 6.097306266514413409e+01 6.055186848620172668e+01 4.640973276239694911e+01 4.859752875722255538e+01 6.859752875851992826e+01 6.222379015790517798e+01 5.412269069981728364e+01 4.665154916328006607e+01 3.578980396545782838e+01 1.586510008059611820e+01 3.578980398417342457e+01 3.663871661461485019e+01 2.410437885329399776e+01
5.883922493566802470e-02 2.005883922493531202e+01 3.830861516819451396e+01 4.576056295836036014e+01 3.747629171090017053e+01 2.690438212671993057e+01 3.845138751051203485e+01 5.845138751051273829e+01 6.898969579267054542e+01 6.070542498749190230e+01 4.550895344554231770e+01 3.153918033968900758e+01 5.153918033597882697e+01 6.495917812313759043e+01 6.499852399707036454e+01 5.605143965774487214e+01 4.776850514842968209e+01 4.255713529569703724e+01 3.353493465581541244e+01 1.358399858157596896e+01 1.292275537913570993e+01 3.291130861797238083e+01 4.057850507227848880e+01 3.185075277050388465e+01 4.643128252793412258e+01 6.715403579308343751e+01 6.640973276321797414e+01 6.859752875851992826e+01 6.545150059700868894e+01 4.582942626578406475e+01 3.434887627056718884e+01 2.679527689344951114e+01 2.012911231777797028e+01 1.986509883332741211e+01 3.976904919305917474e+01 5.273819999920872448e+01 4.425489633572519921e+01
2.016265153036126551e-02 2.002016265153000774e+01 2.629831297203858043e+01 2.963164630537188415e+01 1.747629171089946354e+01 3.747629171090017053e+01 4.499600906087165697e+01 5.328028030833527140e+01 6.328028030833491613e+01 7.379322400252220859e+01 5.820584700079024287e+01 3.820584700635544095e+01 5.820584700079024287e+01 6.827031573800699960e+01 4.826246605811231660e+01 3.670535906717880437e+01 2.776087754329997281e+01 2.259937713257220437e+01 1.775114577285077644e+01 3.357614444536517340e+01 3.291130861797130791e+01 1.515658018033986920e+01 2.117710342687897551e+01 4.057727920541110223e+01 5.397383201200095471e+01 6.228231102664113195e+01 7.188963005700431097e+01 8.011084254335347055e+01 7.353422817497043695e+01 6.222379015790517798e+01 4.497318549283937017e+01 2.505271577846879083e+01 3.993759673657572051e+01 2.403536926005729057e+01 4.390939482343083000e+01 5.841704970257802643e+01 6.184085592885839588e+01
1.256007409845548775e-02 3.136035311870570386e+00 6.298312972038936586e+00 9.631646305372241201e+00 1.410378226037178173e+01 1.944900709862017507e+01 2.499600906087236751e+01 3.499600906087201224e+01 4.913814468460246587e+01 6.913814468460388696e+01 6.649011791320155851e+01 4.820584700635508568e+01 6.649011791320155851e+01 7.654469603608261252e+01 5.846572996476220396e+01 3.845305483875613106e+01 4.329329616984109208e+01 2.329531412996717776e+01 3.774685388777951545e+01 4.602905509558791408e+01 4.342364745161231809e+01 2.928976507782799032e+01 1.748756961916533115e+01 3.730901829613743814e+01 3.397158334328086937e+01 5.398571827663617739e+01 5.203009962535698207e+01 7.188962976092504675e+01 7.371601290778208693e+01 5.414465488865806009e+01 4.016136579123507744e+01 2.864469517094354600e+01 4.842061283569449159e+01 3.790608507852513753e+01 3.052293826248936526e+01 4.457409103199449163e+01 6.417319560411957013e+01
1.283213977233468341e-02 2.001283213977198017e+01 2.044044859576963447e+01 2.963164630537188415e+01 2.824591788410248228e+01 3.043371387892601376e+01 4.499600906087165697e+01 3.764511970154543974e+01 5.178725532527589337e+01 7.178725532527447228e+01 7.649011772691227407e+01 6.820584699522473215e+01 7.649011772691227407e+01 7.260985680271910780e+01 5.260704080055514709e+01 5.846572996476220396e+01 4.737578341102936008e+01 2.737576217126205336e+01 4.151723306257183310e+01 6.151957512055792421e+01 5.755601454859969124e+01 4.574312311320700530e+01 3.746380446761709493e+01 1.985045888098467159e+01 3.982436800061643112e+01 3.792281088915140685e+01 5.784682149186149758e+01 6.792494464369268314e+01 7.785884110838949823e+01 6.626858094811201738e+01 4.662702084189594132e+01 3.256656116241899923e+01 5.237990060312556295e+01 5.658268047204162343e+01 5.031453585598564615e+01 3.806977435609935156e+01 5.204320260960857780e+01
9.594114293757748102e-02 1.423807676666840294e+01 3.423807676666768884e+01 4.872471984323053107e+01 4.824591788410177173e+01 5.043371387892530322e+01 5.871798512638891765e+01 5.764511970154472920e+01 6.592939094900934549e+01 7.732871577082440240e+01 6.917274913984226714e+01 6.833942992214613810e+01 7.649070187489532202e+01 8.088228335708370764e+01 7.260985680271910780e+01 6.797382872295558798e+01 5.184855218831528845e+01 3.184572213004910779e+01 4.599006793973969565e+01 6.599218429543955722e+01 6.731635647930217203e+01 5.318214426934294892e+01 4.153164270387021872e+01 2.155658137054047430e+01 2.639306429298020262e+01 3.270540314089490153e+01 3.977215820880142161e+01 4.976153889322069546e+01 6.963806110481246492e+01 6.626858094811201738e+01 4.662702084189594132e+01 5.237990060392348823e+01 3.941897912944234150e+01 5.914632410922542505e+01 6.428005553265894889e+01 4.470417414858102489e+01 5.775476173796628387e+01
3.950229235330715398e-03 2.000395022923497379e+01 3.188084299472509286e+01 3.895191080659104443e+01 4.723618205405323778e+01 5.878318743784596023e+01 6.806632615848508294e+01 6.198063094885588242e+01 6.955198529860479084e+01 6.168659791618869548e+01 4.976509082002328910e+01 4.893576056968879584e+01 6.262914041353714367e+01 8.212528829890658244e+01 7.951690044516276146e+01 5.969524604746055729e+01 3.969002346351850719e+01 4.599006793974075435e+01 6.012931032650913465e+01 6.422945371199325848e+01 5.595351337105967104e+01 3.904792724184515151e+01 2.492703130206210105e+01 2.443486079626316609e+01 4.440517409037584429e+01 5.264987641817403130e+01 5.969942696562080897e+01 6.792494464369268314e+01 7.785884110838949823e+01 7.438420164381147970e+01 6.626858094811201738e+01 6.422035171873110926e+01 4.456872728891902824e+01 6.422035171873110926e+01 7.235622410970387364e+01 5.606563958939337766e+01 6.071329791362364858e+01
7.711341127313005306e-02 5.850616103169412163e+00 1.188084299472473759e+01 1.895191080659033744e+01 3.049891619038305635e+01 5.049891619038375978e+01 4.782905253954269398e+01 4.083198527876324135e+01 5.604314435727614097e+01 4.299218294103717852e+01 3.849832035985610190e+01 5.796773238455444499e+01 6.833942992214613810e+01 8.792083558764980467e+01 7.124226974862638428e+01 5.124223802574888254e+01 4.969467947035769839e+01 6.599218431617309477e+01 7.008465770795402250e+01 5.010020174995906217e+01 3.597296507281330236e+01 2.842391959780027477e+01 4.490299178572366401e+01 4.441570259800080578e+01 2.863797260153448931e+01 4.863049676732433113e+01 6.005782955189862804e+01 6.822770062739603247e+01 6.882657893128425997e+01 8.849385431464044416e+01 8.015102344758696518e+01 6.064001494984774610e+01 5.118671179519989067e+01 7.073717168049678605e+01 8.359506495105468105e+01 7.550115638841162991e+01 8.015030697355021516e+01
9.541454368626212448e-03 2.000954145436827147e+01 3.188084299472509286e+01 3.895191080659104443e+01 4.723618205405323778e+01 5.575158561088217368e+01 4.746199322206931726e+01 2.739063905189684434e+01 4.311298045555358982e+01 3.081198468329114704e+01 5.033120070516107347e+01 6.607591300567268888e+01 7.073099562871536250e+01 7.898104113877852228e+01 7.951691344345631762e+01 6.538724478263138451e+01 6.384050256207452634e+01 7.797103178938264989e+01 7.593838415333701164e+01 5.595351338173187372e+01 5.104253315114547718e+01 3.106656310515087682e+01 5.104253315114547718e+01 5.691368840977406762e+01 4.863049676732433113e+01 3.304800715683681744e+01 4.011746754678136284e+01 4.905205837762773768e+01 6.307139235476159200e+01 8.272082841831286260e+01 8.828700193648008110e+01 7.884385856787611147e+01 5.998034676460788006e+01 7.884385856787611147e+01 8.640416596078536315e+01 7.812175221708088202e+01 7.376961204306628872e+01
2.297228869525369793e-03 2.000229722882276207e+01 2.519585680863176691e+01 2.712621467065478242e+01 3.541522671005520095e+01 4.422649666168101845e+01 2.775683353913342444e+01 1.962860508993819408e+01 2.409157293377299069e+01 4.377628962011530689e+01 5.234618323416837882e+01 5.685097174475514947e+01 5.110167750677474885e+01 7.073099538768158823e+01 8.188643202185666325e+01 8.537755058072090719e+01 8.383178186407266708e+01 8.268624997695079060e+01 7.441463630947464480e+01 6.735502617395108871e+01 5.375471052794210181e+01 3.378513776775043453e+01 5.375471052798201299e+01 6.676958093327124288e+01 6.133070349293569734e+01 5.304768712770804484e+01 3.821054150583309905e+01 5.821005874678449032e+01 7.154327210112275282e+01 7.910368224603280396e+01 8.737794771749726408e+01 8.756776676466135712e+01 7.373076014175659054e+01 8.756776676466135712e+01 7.812175221708088202e+01 5.814581818710068717e+01 6.399663380394672885e+01
