MOVIE_S12_data/elevation_000194.asc
nrows	50
cellsize	150.0
xllcorner	0
ncols	50
yllcorner	0
NODATA_value	-9999
[rows 0 to 16 of 50, columns 0 to 36 of 50]
8.271705653423140625e-02 2.127631151761726416e-02 9.425194436011796739e-02 4.939197167322698090e-02 3.975871534419905817e-02 6.171646774684565184e-02 1.696294146011132625e-02 1.936121709489252440e-02 4.216450047424835645e-02 2.297044857093000214e-02 6.704298068806634203e-02 4.162315340452049650e-02 3.835349583220235004e-02 2.777463300387698203e-02 2.207885817162396139e-02 7.161913568127860341e-02 9.025521335945362045e-02 3.502399586135773735e-02 8.040414306008919487e-02 3.131346976591601466e-02 7.604099264847130613e-02 2.387740603804927586e-02 5.687112022313325910e-02 4.074439634684711570e-02 8.709178300582484655e-02 7.612946965408906586e-02 1.077918208624280109e-02 9.929772718869623455e-03 4.600412614040166881e-02 2.152795518990661267e-02 2.378824418737431057e-02 9.511189423522797837e-02 9.406546861214974686e-02 1.749038473908382007e-03 2.223905489293687143e-03 6.269637160239108220e-02 9.476101746191394060e-02
7.639902522890137937e-02 2.002127631151726206e+01 2.009425194435976181e+01 2.004939197167287190e+01 1.158676409913661409e+01 8.226682277024178092e+00 2.001696294145975585e+01 4.870073717821531645e+00 2.004216450047389131e+01 2.002297044857057529e+01 3.153109979929910711e+00 2.004162315340416356e+01 1.418048911956302760e+01 8.972046543003113328e+00 2.002207885817126964e+01 1.007161913568136491e+01 2.009025521335909659e+01 2.003502399580190740e+01 2.008040403231512627e+01 2.003130891142980374e+01 1.262822650842323480e+00 8.349056644285477446e+00 2.005687112022277674e+01 1.418288002007792237e+01 2.008709178300546938e+01 3.456746488568162246e+00 2.001077918208588713e+01 2.000992977271851458e+01 8.210969935417590904e+00 1.416366357892098193e+01 1.157079362797999167e+01 1.423724751796630272e+01 1.423620156035964612e+01 2.000167707517701032e+01 1.917876475931594493e+00 2.006269637160203700e+01 2.009476101746155763e+01
7.813061968023242432e-02 1.422026624341130763e+01 3.422026624341201284e+01 3.987103534659750892e+01 3.158676409913625704e+01 1.717095418702349363e+01 2.987007371782113196e+01 9.870073717821489012e+00 2.987007371782184606e+01 2.627658521770240085e+01 6.276585217702045583e+00 2.627658521770240085e+01 3.418048911952326563e+01 2.311418216673381210e+01 2.897204654300274029e+01 2.421375475943205657e+01 3.835589012891227156e+01 3.293332619023357211e+01 2.294583514218092546e+01 2.947126492975358225e+00 2.125838689082223709e+01 2.726434284132096053e+01 2.353263322317949502e+01 3.418288002007862758e+01 2.948697333954112665e+01 9.486973380123382427e+00 9.354424734763997051e+00 2.935442479671416294e+01 1.715524184541659025e+01 3.416366357892168537e+01 2.571292925171119492e+01 3.423724751796700616e+01 3.423637604127929279e+01 2.550996206108579756e+01 5.509982516467077041e+00 5.141168332033101862e+00 2.514119334175671128e+01
1.795629399984677299e-03 2.000179562939963063e+01 2.819023367191815410e+01 4.819023367191886109e+01 4.545522543448639397e+01 2.871795957081621253e+01 3.541707568007301887e+01 1.541707568007373119e+01 3.541707568007443285e+01 2.981211912363517058e+01 9.812119123634813533e+00 1.782359060149476804e+01 3.782359060149547503e+01 4.311418216673150994e+01 4.897204654299031290e+01 4.421375486251737641e+01 3.879485920085568296e+01 1.879486760326453165e+01 4.652732223820234658e+00 2.294712455312332722e+01 1.708928655506837657e+01 3.709048212874955652e+01 3.778765866538428497e+01 3.948697329895872343e+01 1.948697338012320657e+01 2.948697333954112665e+01 1.371878253948380788e+01 3.371878251713169306e+01 2.870224722920890059e+01 4.543950727650148025e+01 4.571292925171189836e+01 5.305464598339512605e+01 4.305482785592842276e+01 2.922388267481386848e+01 9.223889280008082281e+00 7.450569408791595905e+00 2.159270502218257093e+01
2.526786264046545702e-02 8.190233671917797054e+00 2.233236929564899853e+01 4.233236929564970552e+01 5.700223081827911642e+01 4.871795957081691597e+01 4.174163100041108265e+01 2.174163100041037922e+01 4.174163100041108265e+01 3.346360284033665522e+01 1.346360284033595178e+01 3.346360284033665522e+01 3.196572622522596774e+01 5.196572622522667473e+01 5.772711562406642116e+01 4.783705592231709147e+01 3.962080699594595501e+01 2.586764265973813437e+01 5.867645702281803821e+00 2.586764265908478322e+01 3.709077205154706292e+01 4.538016964371848161e+01 5.857416132785266427e+01 4.777123267594868139e+01 2.843124529012220592e+01 3.830709718788827445e+01 1.830709721689496305e+01 3.830709718788827445e+01 4.870224714133948396e+01 5.698650864758752732e+01 5.891296192731982018e+01 3.891302664425615632e+01 2.477089124219986260e+01 1.477089124226032624e+01 2.922388267513024829e+01 9.807592012746734866e+00 2.980759013111375211e+01
8.483503398980346555e-02 2.008483503398944947e+01 3.647450491938069916e+01 3.974452102648530882e+01 5.974450508411558758e+01 5.588376662414253104e+01 3.588376662414182761e+01 3.588376662414182761e+01 5.002590224787328310e+01 3.731260463493423174e+01 1.731260463493352475e+01 3.731260463493423174e+01 5.196572622522667473e+01 6.024999747268886807e+01 4.951278934393964448e+01 2.975380249828510415e+01 1.978457575873235541e+01 1.311947677354006991e+01 7.089340145844861496e+00 2.708225313098359521e+01 2.519409139455800783e+01 3.933622508816443997e+01 5.933167103377672902e+01 5.671549905861112251e+01 3.997825067391197251e+01 4.463165249481009766e+01 2.463165253723160930e+01 2.985410260068727695e+01 4.985410253205709807e+01 6.799671218373931936e+01 5.645014722355104198e+01 4.109543253969113152e+01 2.109544656259697248e+01 3.352149573739374233e+01 1.352149877628774099e+01 2.980758884254460739e+01 1.833562066697100335e+01
4.163169627051844027e-03 2.000416316962669683e+01 1.974452237307387037e+01 3.388665798121368056e+01 5.388665343690412612e+01 6.416803787160573336e+01 5.588376662414253104e+01 5.588376662414253104e+01 5.604305493607699162e+01 3.604305493607628819e+01 2.190091931234483980e+01 2.996171527560726489e+01 4.150872065940018985e+01 6.150872065940089328e+01 5.772711562406642116e+01 4.783705592231908810e+01 3.962080699594595501e+01 3.300723387498457839e+01 2.708965163279456334e+01 8.864053164677104135e+00 2.300632243270787924e+01 4.300704031088261559e+01 5.669247554518510412e+01 6.826249238369796046e+01 5.997825032652011146e+01 5.170272028347432069e+01 3.170272034909696046e+01 4.985410253205709807e+01 4.618403421700011791e+01 5.971346299061509200e+01 3.971351974937838492e+01 2.816651437446232364e+01 3.523758160249879268e+01 3.619410865589404125e+01 1.619411119541193855e+01 3.619410834918401321e+01 3.833561738657518703e+01
2.434392073152260791e-02 7.095411732596968335e+00 2.123754735441167085e+01 4.123754561358856563e+01 4.977399929123517808e+01 5.413837621985435788e+01 5.413837621985435788e+01 6.242307874165696546e+01 5.823085093090064390e+01 3.823085093089994047e+01 2.744792127459722764e+01 4.744792127459793107e+01 5.824598652307016522e+01 6.979299190686408849e+01 6.341284080920352295e+01 5.195132961436148378e+01 4.371629941970517308e+01 3.385482933734513722e+01 1.391369873458441830e+01 1.013405443467901890e+01 3.013712466563306691e+01 2.838641768540261268e+01 4.839541239282284124e+01 5.587169506763829219e+01 6.416982266120051293e+01 5.998698465644109490e+01 4.170272034909660874e+01 5.998698465644109490e+01 6.032616982718897702e+01 5.816646637915069817e+01 3.816651437386895651e+01 3.971351974929967099e+01 5.523736431853750872e+01 4.447825999545813147e+01 3.033624679925113554e+01 2.019411119541186750e+01 4.019410844016820761e+01
5.883922493566802470e-02 1.420097480828051317e+01 3.420094415668095422e+01 4.391628567476271172e+01 2.977393048230275951e+01 3.413828858313811310e+01 3.413828858313811310e+01 5.413837621985435788e+01 6.651512217836383911e+01 5.500721073478273837e+01 3.500721073478203493e+01 4.159005689832867603e+01 6.159005689832937946e+01 7.066191446823611955e+01 5.516128743479381313e+01 3.533798670064343384e+01 2.383374452708816804e+01 1.957033626315254082e+01 3.380179765550406756e+01 3.013595246372375414e+01 1.205411587762859860e+01 3.205506481594370172e+01 4.172193745331212966e+01 3.586187982345354897e+01 5.587169506763829219e+01 6.998698086076437619e+01 6.170272021785142869e+01 6.998698086076437619e+01 8.032616863821894526e+01 6.644979807221152157e+01 4.711078627938378816e+01 5.971346218948946927e+01 6.799669797887310096e+01 5.862019520611656986e+01 4.339667022591473255e+01 2.339667427151355383e+01 2.962220161122418816e+01
2.016265153036126551e-02 2.002016265153000774e+01 2.654496822237953069e+01 2.997495487479024234e+01 1.563179419516346869e+01 1.999615199988339143e+01 3.999617862760706544e+01 4.816116280712338238e+01 6.816148849088885697e+01 6.329148198224493882e+01 4.500721073478238310e+01 6.159005689832937946e+01 6.987432814579257467e+01 6.239401608699513702e+01 4.258637291137205949e+01 3.112566801814219275e+01 4.371629941970517308e+01 3.947732447361951102e+01 4.754133518414891313e+01 3.546153178196696842e+01 1.558943733584466784e+01 1.416230097202713978e+01 2.172098266238991471e+01 4.172261484141973398e+01 5.874766633531302773e+01 7.008807161914049288e+01 6.578637622994847334e+01 7.407088221186073440e+01 8.056574435766799525e+01 7.539361326721360967e+01 6.125291954029273711e+01 7.539361326721360967e+01 6.945822168325884149e+01 6.082677416057363473e+01 4.082678959590077028e+01 2.668465401762064459e+01 4.668464945126721233e+01
1.256007409845548775e-02 3.256988496713699721e+00 6.544968242820831783e+00 9.974939945671039254e+00 2.997495487479024234e+01 3.999617862760706544e+01 2.816111780941126241e+01 4.816116280712338238e+01 6.799301293659765122e+01 7.329148198224628175e+01 6.500721073478379708e+01 7.329148198224628175e+01 7.232188473371444104e+01 5.246614744027584720e+01 4.105796647268503818e+01 4.515201161961615384e+01 5.920012262379926682e+01 5.463948233106096808e+01 4.069577818540278713e+01 2.083167933822884876e+01 3.546159522295305067e+01 3.416152356243951971e+01 1.632525301264155360e+01 3.046518957481752921e+01 4.682226617223214049e+01 5.008508076476508819e+01 4.578013334318095673e+01 6.056229094189158957e+01 6.056229094189158957e+01 7.884969332922180740e+01 8.125263120201331901e+01 7.531627270971236499e+01 5.531631057643132721e+01 4.117417514723216954e+01 3.484961982689730320e+01 3.104901182234041812e+01 5.104900598138625867e+01
1.283213977233468341e-02 2.001283213977198017e+01 2.654496822237953069e+01 2.411706488730732900e+01 2.411707716397794599e+01 4.411727224869821384e+01 4.230325570280690073e+01 3.970812344364812674e+01 5.385027007109961517e+01 7.385059397566855921e+01 7.391780441896749210e+01 8.219670919592481084e+01 8.061350990329404453e+01 6.912239729670010036e+01 5.246614744027584720e+01 6.497512794659024848e+01 6.150462155943207421e+01 4.631650425827035633e+01 2.644423665168760351e+01 4.069577818540295056e+01 4.890544976249665154e+01 3.032659782196516574e+01 3.632305546058677237e+01 1.854064587963149435e+01 3.008526920876357025e+01 4.667579313195495416e+01 3.423395702716973688e+01 4.055606407642873990e+01 5.055881673219726480e+01 7.056576515158582197e+01 8.796532043620615582e+01 6.796541991225865331e+01 5.382328574739011628e+01 6.117416386179511534e+01 5.484961211022691430e+01 3.563732649975149513e+01 4.977946202617314952e+01
9.594114293757748102e-02 2.009594114293722100e+01 3.828822671739521155e+01 4.411537135167256451e+01 4.411721138901432226e+01 5.240269350190069986e+01 6.230340158548600016e+01 5.970822931682047852e+01 6.799301293659765122e+01 7.065567085958936389e+01 5.392705417000384216e+01 7.065567085958936389e+01 8.523696321917581997e+01 8.061350990329404453e+01 7.232188473371444104e+01 6.972048428005004439e+01 5.316471182081844660e+01 3.319892738925163655e+01 3.630715729291517135e+01 5.463948233178025760e+01 5.797693301927628085e+01 4.413737809706947246e+01 4.072005527774680900e+01 2.072281338480943447e+01 2.182855500117061709e+01 2.667832004148515423e+01 4.667579313195495416e+01 6.056229094189158957e+01 6.884735798548794605e+01 7.884969332922180740e+01 8.334544060384104114e+01 8.210715056142170454e+01 7.382325515266650484e+01 7.563723843146813408e+01 5.563731891984831890e+01 4.196188182008803125e+01 4.977946202617314242e+01
3.950229235330715398e-03 1.000395022925186694e+01 2.414608586951357339e+01 4.414608746196219613e+01 4.767237722821619883e+01 5.595480945106893955e+01 7.007987252385989052e+01 6.179987434709122596e+01 6.179987434709122596e+01 6.237613938142578007e+01 4.238115952385064844e+01 6.237613938142578007e+01 6.525018138032473303e+01 7.938318391024898801e+01 7.565667949674343618e+01 5.546331766672606989e+01 4.125990095980748151e+01 4.726297120757421766e+01 5.042066465022066524e+01 6.466576382290926972e+01 7.181614631214833366e+01 5.637666350408682803e+01 4.292834834870608773e+01 2.293139900812623111e+01 4.182569349686256999e+01 2.564190272641029367e+01 4.563898804611930160e+01 5.490377543399675631e+01 6.067443829599400829e+01 6.701157392180782324e+01 6.334062115502700152e+01 8.334544060384104114e+01 8.505583074950017419e+01 6.505589244648017200e+01 5.350888719584045106e+01 5.350888719584044395e+01 6.977943647899959956e+01
7.711341127313005306e-02 2.007711341106070435e+01 3.766180986084384585e+01 3.353072384889199498e+01 2.767308214983986758e+01 4.767237722821619883e+01 6.179987434709122596e+01 4.180511669789440532e+01 4.180511669789440532e+01 4.636406152909570011e+01 3.531017144888856052e+01 5.530684645793586895e+01 5.111222830859288280e+01 7.110417424682803755e+01 7.565667949674343618e+01 5.546331766672607699e+01 5.127426133621922588e+01 6.741277405092070296e+01 7.058223273748296833e+01 7.347457176027815251e+01 6.192466529909466288e+01 4.809173315577783825e+01 2.809406574807337975e+01 2.575956510371825559e+01 4.575632730018919148e+01 4.563898804611930160e+01 2.956276698982579632e+01 3.490443401866121320e+01 4.067490481646326828e+01 4.700024712314224473e+01 5.855576598262671695e+01 7.856242237625151859e+01 9.333951966861675942e+01 8.179277720706232913e+01 7.350886098647569611e+01 7.350886098647569611e+01 8.179277720706231491e+01
9.541454368626212448e-03 2.000954145436827147e+01 1.767293151437487353e+01 1.353096592141677057e+01 2.767308214983986758e+01 4.767237722821619883e+01 4.782917892479509447e+01 4.766143171886025698e+01 2.766348928759290970e+01 2.636592495547725434e+01 3.213942663605082117e+01 3.846397203486905880e+01 5.260481172788701087e+01 7.259621247764428631e+01 8.397765089337400468e+01 7.565667949674343618e+01 6.557659427338063551e+01 7.980905860394659612e+01 7.841787626678438983e+01 6.518999505134068784e+01 4.518319435324178812e+01 3.363788006823390475e+01 4.809173315577780272e+01 2.864555705054939594e+01 4.864265927204922235e+01 5.784652106171115094e+01 4.956095548320594446e+01 3.434047519248668578e+01 5.434343311657980280e+01 6.692116913585965676e+01 7.527867491553512025e+01 8.684437955046678326e+01 9.764902457970507044e+01 8.925570718182669339e+01 8.437917309455720272e+01 9.278766101965929636e+01 7.641105954607483852e+01
2.297228869525369793e-03 1.763199041520775223e+00 3.530965994487147430e+00 2.353097295129160926e+01 3.445281323728378453e+01 3.172684529837536971e+01 2.783174557185467890e+01 3.574067150285228678e+01 2.059242235153955036e+01 4.059109676171202352e+01 5.213680840189444865e+01 5.846015744207308984e+01 6.674002820741273467e+01 7.914411602315566086e+01 7.650265445198503755e+01 8.478403743584455299e+01 8.573676472010635052e+01 8.427696707895849215e+01 6.427573523867286553e+01 5.012618138316156546e+01 4.012344177958070190e+01 4.777937896914157534e+01 5.159127683056892266e+01 3.159278844793548657e+01 4.573157403865386783e+01 6.573786469523925291e+01 5.782697531277319314e+01 3.781937133234600168e+01 5.782697531277319314e+01 7.160155006210897000e+01 8.327223676184445367e+01 9.436647958407455405e+01 8.596301086746841236e+01 6.880147798198510145e+01 6.389892955624564763e+01 8.099388578605116606e+01 7.418132337386683162e+01
