MOVIE_S12_data/elevation_000185.asc
nrows	50
cellsize	150.0
xllcorner	0
ncols	50
yllcorner	0
NODATA_value	-9999
[rows 17 to 33 of 50, columns 0 to 36 of 50]
5.436832538903087209e-02 1.782105176551749048e+00 3.516325115599985729e+00 5.270441154214037027e+00 7.059295536213861411e+00 8.932467159377265986e+00 1.083939233786846579e+01 1.277286531595980890e+01 3.277372031439929856e+01 4.451594385449509872e+01 5.785580826765424689e+01 6.276202636328301310e+01 5.447221534625931838e+01 5.079887605566942455e+01 6.519474103278521682e+01 5.933260587276438969e+01 7.934718724057179884e+01 7.968144163780877420e+01 5.967920193854480715e+01 4.552893420869823871e+01 5.736916877193444719e+01 5.290105880750733292e+01 4.981488305519676629e+01 3.412538501774834288e+01 4.412342863730621190e+01 6.413450407113697338e+01 6.267496221673972201e+01 4.266542023445145304e+01 5.114975223850245811e+01 6.270290247926441651e+01 8.270151321898923413e+01 7.950027004337408698e+01 5.909502046102513617e+01 6.659485706248963766e+01 4.782284623921242428e+01 6.599886170953344333e+01 7.439162051148592525e+01
9.647730019007895452e-02 2.009647729973321617e+01 2.351632492622595549e+01 1.681744653652594934e+01 2.705929519524202576e+01 2.307460936913988547e+01 3.083950551057240830e+01 3.277372031439929856e+01 1.622833901828534309e+01 3.622937259715570946e+01 4.823038493809816174e+01 4.829472377344088585e+01 3.445485487739854591e+01 3.962082253047891101e+01 4.517240147991318366e+01 5.412902824760502796e+01 6.569005648947735665e+01 8.569961434528292443e+01 7.220651236018211705e+01 5.220014220225714041e+01 7.220651236018211705e+01 7.174858833077624354e+01 5.741831471684817956e+01 3.740998974756552542e+01 5.741831471684817956e+01 7.243112413516161041e+01 6.704144357656052478e+01 4.703171222456818867e+01 6.704144357656052478e+01 7.943203388553196476e+01 9.097342732242660190e+01 7.838639562670930161e+01 5.796285173407303404e+01 4.596087639404571945e+01 3.997610273589734220e+01 4.539699221575193633e+01 6.255461307713454744e+01
9.953738903938927352e-02 1.164654277228933843e+01 3.164650891082445483e+01 3.681741418586602066e+01 4.509867036230377124e+01 4.307485087268598534e+01 4.888011417393097702e+01 2.887753543753120056e+01 3.622937259715570946e+01 1.994224578183424867e+01 3.994351506420505871e+01 2.828187989425305560e+01 4.829472377340113809e+01 5.964154319333270848e+01 6.519474103278521682e+01 7.348282298888959474e+01 8.243347493234870171e+01 9.398472496791097797e+01 8.049208071263902298e+01 6.220668001189902441e+01 8.049208071263902298e+01 6.345258590911052465e+01 4.343917248112597207e+01 5.741831471684817956e+01 4.593898007039179276e+01 6.595181709806361425e+01 7.531695214951275830e+01 5.858799695125664186e+01 5.459826528831229808e+01 6.874608104424653732e+01 8.874134062558300684e+01 8.672198419668838199e+01 7.498111753360187492e+01 6.659485706248963766e+01 5.410436681148922133e+01 3.349573874504482518e+01 4.849540869353491956e+01
3.582433992925927735e-02 2.003582433992890444e+01 3.993044479233393673e+01 4.634728541535761082e+01 4.853335265914669350e+01 5.680972750923763925e+01 5.716772912929617689e+01 4.302054095697670277e+01 4.797210328400703361e+01 3.380525559385883128e+01 2.386457088711235741e+01 4.387462598583352502e+01 3.514302149182706358e+01 4.117631306130495972e+01 4.750720545107618875e+01 5.752096481686054830e+01 6.908000487882004848e+01 8.908782146845949512e+01 9.049269843114835510e+01 7.634968710464231378e+01 8.219318390052100654e+01 6.218331921368704940e+01 4.803024514027251968e+01 6.804407288983560420e+01 5.261108965756643840e+01 7.262218081831230165e+01 8.685442508964763419e+01 7.858845661239868718e+01 6.063356858334645949e+01 8.063183994025061452e+01 9.287810808750511171e+01 8.374693575387674116e+01 7.538516698081417644e+01 7.316499906273426745e+01 6.255461307715577846e+01 4.849540869353491956e+01 2.799277810201685313e+01
8.338298177320474514e-02 2.008338298177284997e+01 2.794046288618240936e+01 2.634660824963197356e+01 2.853437822119716927e+01 4.603439171382184014e+01 5.603730117116998599e+01 6.302637530402009958e+01 6.038188879922622476e+01 4.362369682508993662e+01 3.142458466068867651e+01 5.143908938827578226e+01 4.929745154847725530e+01 5.148745003646327234e+01 6.752863399569751834e+01 6.166698603930649369e+01 8.167990398987326728e+01 9.737269934512994496e+01 9.159126133374505230e+01 9.634556692578999559e+01 8.735959758962339095e+01 6.735016341211215263e+01 5.320017781915163368e+01 7.321079099499924325e+01 6.017683447074721670e+01 8.018428711219365823e+01 9.131829457277248707e+01 7.132576861567235937e+01 8.063183994025061452e+01 8.890353962456947556e+01 7.875924382271119839e+01 6.415792807352531213e+01 5.484388060309537849e+01 5.258576526895149783e+01 5.397657586272146801e+01 5.061577113999962307e+01 4.328773417972298887e+01
1.813270376062421294e-02 3.940455406524312920e+00 7.940455406524329796e+00 1.220446973363657683e+01 1.775147169588896645e+01 2.775147169972812833e+01 4.189361053400850921e+01 6.189396449891407315e+01 7.129389712689531677e+01 5.972869551156193069e+01 4.297848873250453750e+01 5.972869551156193069e+01 6.931599428645914429e+01 7.150504398134773965e+01 7.979225744416314114e+01 8.167990398987326728e+01 8.996549001010508562e+01 8.573275042500382881e+01 7.159129074300871309e+01 8.573275042500382881e+01 9.322917777552306973e+01 7.321079099499924325e+01 5.987364467871386609e+01 7.987936415314180749e+01 7.017967256447633417e+01 8.848802435704135405e+01 9.958423657478290636e+01 8.287064360610901304e+01 9.958423657478290636e+01 8.961725344812542460e+01 7.038618667895291026e+01 4.972941980984934673e+01 4.341170415449098385e+01 3.787726939196689102e+01 3.331582059605441515e+01 3.004172659036619208e+01 2.690420010208267243e+01
2.351309638313057310e-02 2.002351309638277499e+01 2.794046288618240936e+01 2.375147512363680846e+01 3.775152537967004918e+01 2.929847713481778015e+01 4.084548345693187343e+01 6.084604597931497239e+01 7.597659433685583963e+01 6.769248188891687334e+01 6.299648481533453293e+01 7.128462880633308885e+01 6.837372178546259249e+01 6.008855456513241933e+01 6.570030839498713249e+01 6.886355476446871648e+01 7.418383383943252340e+01 6.589905299225702606e+01 5.744379770838862953e+01 7.744914650550371960e+01 9.573271185490746404e+01 8.744048774554048009e+01 6.743563508783056193e+01 8.744048774554048009e+01 8.432258621919628183e+01 9.850119444447732064e+01 1.111149100768815998e+02 1.028580003955391788e+02 9.294849443495468222e+01 7.275772264571519088e+01 6.088966024613372952e+01 7.038603422236528218e+01 6.243487534557981888e+01 4.171641655441617758e+01 4.369756382269970629e+01 5.061572204318410684e+01 3.406228594898806250e+01
2.372884694381488524e-02 1.416586447067489019e+01 3.416586447067559362e+01 4.375151168804290336e+01 5.203641004143108972e+01 4.929866031968906270e+01 5.758540354407872996e+01 6.913634481796502484e+01 6.442956035126331926e+01 4.769225302957813284e+01 6.442956035126331926e+01 6.429032075356498410e+01 5.600491239305385704e+01 4.008286600714233572e+01 4.569444013316160635e+01 4.885745142552396914e+01 5.805144110886484299e+01 4.589148992799737670e+01 5.589605718891189667e+01 6.744854970015215656e+01 8.744974331085539632e+01 9.574944089273985526e+01 8.157623470619708428e+01 9.574944089273985526e+01 1.043514399580428744e+02 1.015712833518763034e+02 9.325237783537419034e+01 1.006568924958367717e+02 1.012486091623356685e+02 8.961725344812542460e+01 8.129134690729098622e+01 7.272743070102389140e+01 5.214221259219211646e+01 5.642863365520139496e+01 5.615865680975559826e+01 6.313886229411825468e+01 4.437007253043783805e+01
6.296921807001566729e-02 1.420512782408777674e+01 3.420663617225946496e+01 3.848062707408068661e+01 3.848974767085828574e+01 4.677505546785042867e+01 5.918151925947159242e+01 6.503783781941265829e+01 5.614534437312347848e+01 3.614523401265759617e+01 5.330012621996938549e+01 5.274082341316351830e+01 3.599994551014701472e+01 2.853462292434330294e+01 3.154974088432465962e+01 3.471203500816086773e+01 3.804542508295917713e+01 5.805144106705645157e+01 6.954482252010059540e+01 7.621372411306047923e+01 8.449760615960911991e+01 9.344220570220413435e+01 1.015980469663110028e+02 1.027863396920553214e+02 9.446917191643358080e+01 8.990411400546604170e+01 7.299267171053008951e+01 8.045819986488045572e+01 8.637448090570644865e+01 9.471328808267801946e+01 8.929623876341216260e+01 6.900415984949439974e+01 6.412526160759833260e+01 7.693542657233017223e+01 7.245337190153195195e+01 7.340605427406175920e+01 6.500215062420515721e+01
8.175220331382776484e-02 2.008175220331347077e+01 2.291541657239961793e+01 1.848966328480197774e+01 1.848978854022905338e+01 3.849006367395174522e+01 3.918175793166518872e+01 4.503947462951580150e+01 4.858601293248154462e+01 2.858594399269755471e+01 3.329999471532202904e+01 4.129230301210824905e+01 2.445213826784000943e+01 4.445503937808204853e+01 5.155402328352560914e+01 5.471660515109473266e+01 5.805132246600450685e+01 4.453516267328752321e+01 4.953666092834075130e+01 5.620701943943731749e+01 6.515689838950373769e+01 7.930195649113424849e+01 9.929875792540562429e+01 9.446917191643358080e+01 7.421854118854876958e+01 8.014981360544146582e+01 6.119980878587878692e+01 6.605835977826541239e+01 6.605835991953541964e+01 8.301496264671018821e+01 9.471258433341411376e+01 8.929634055049980645e+01 8.447941360391079968e+01 9.280974607100922924e+01 9.605576104396872950e+01 8.743335111690632289e+01 8.224339297252927850e+01
7.631710034972485901e-02 1.494079510366395303e+00 2.915417619403795069e+00 4.347647367482655234e+00 2.434764816060149428e+01 3.349260647790192991e+01 2.503962394973275707e+01 4.503955240246722269e+01 4.461308613226275810e+01 3.632921206606351205e+01 1.915785342922174905e+01 2.128986059277937315e+01 4.129230301210824905e+01 2.999916003696171884e+01 5.000315009797330390e+01 6.418700202774756747e+01 7.282645143552066713e+01 6.454267022728805614e+01 6.368602194389956850e+01 6.587429186768565614e+01 8.449760615960911991e+01 9.344220570220413435e+01 1.057124135205938558e+02 9.406351613466505057e+01 8.014981360544139477e+01 5.978363073312245746e+01 5.208205857654144211e+01 5.427977963601723843e+01 5.427977963713344423e+01 6.605835991491959192e+01 8.637444058567795935e+01 9.304201903144351604e+01 1.013616898337631227e+02 1.045069144013024669e+02 9.520511292366795431e+01 7.821979927126501764e+01 6.427931716694693876e+01
9.124702163186203252e-02 2.009124702163150644e+01 2.291541657239961793e+01 2.434764816060149428e+01 6.421550756943497085e+00 1.349261856880973909e+01 3.009523271150301937e+01 3.166659129702514974e+01 3.358224692266118439e+01 1.632942630447560717e+01 3.632946328071157183e+01 3.125519718452524032e+01 4.908862185578382764e+01 5.000315009797330390e+01 3.589701435307653554e+01 5.590242700129279996e+01 7.105000051043066378e+01 8.104879594048972535e+01 8.368955350085896328e+01 8.587681119842110888e+01 9.416050112354558621e+01 8.978870029825863242e+01 9.740028660226806778e+01 7.717855885902747559e+01 6.541760386242887648e+01 7.288157297593997441e+01 6.446232457976967112e+01 4.414981089349118548e+01 5.850359123637844050e+01 7.884751762683177390e+01 8.969419268146043578e+01 7.278227523562958368e+01 8.969419268146043578e+01 9.017829947355855325e+01 7.457450002447481552e+01 8.682574796977394271e+01 7.106845230169680860e+01
8.187870513261463756e-02 1.162888408892503023e+01 3.162888408892467496e+01 3.470540625582496119e+01 2.056368591347159480e+01 8.565775826619068667e+00 1.009521405242282732e+01 1.166656245505958722e+01 1.358221502550187409e+01 3.358224692266118439e+01 3.632946328071157183e+01 5.064171527211374979e+01 5.064171527211374979e+01 5.590242700129280706e+01 5.590242700129279996e+01 4.275787985754634946e+01 5.276160244174997871e+01 6.690947861026532451e+01 8.691003962751827316e+01 9.568728800383732391e+01 7.546353080222175436e+01 6.952985131366996541e+01 8.382851736746926008e+01 8.422172300267408218e+01 7.288157297594025863e+01 5.253382322292036832e+01 6.069037677393231434e+01 4.042403586804594795e+01 6.010251784183532209e+01 6.502878501140804701e+01 7.046942165122099766e+01 6.099861199350045382e+01 8.134505049721742864e+01 8.175262704101642441e+01 6.078840448918881378e+01 6.406634587829377381e+01 6.340535036892109844e+01
2.239863785106879432e-02 2.002239863785071350e+01 3.991315533638487523e+01 4.884499127331366708e+01 3.684924254403982502e+01 2.856577665876014649e+01 1.765450324876097810e+01 3.163983112566695510e+01 1.566656224988659218e+01 2.979442515170534378e+01 4.971997653941271267e+01 6.461408817574583452e+01 6.987890720001082911e+01 7.590700271134738841e+01 7.105000051043066378e+01 6.276471400731441008e+01 5.218941749702094057e+01 6.374172635294926437e+01 8.374422120693569127e+01 8.804342627086211337e+01 6.777617023918030270e+01 5.512468651392872943e+01 7.546353080222175436e+01 7.585842790443187766e+01 5.551668617409850981e+01 4.538033788403993896e+01 5.705043450431255536e+01 3.682718687894893606e+01 3.984471605598442068e+01 4.471726712226456613e+01 5.011242056845155446e+01 6.187272295711543535e+01 8.221273045604986862e+01 8.334948948645613598e+01 6.282911791599864415e+01 4.805314155583452163e+01 4.290580167010292456e+01
1.991760116496149591e-02 2.001991760116460739e+01 3.724620904868307747e+01 4.879321443247579282e+01 5.177562105982352847e+01 3.179574175836180672e+01 3.179707225184265340e+01 3.849529056403070371e+01 1.858386152835073091e+01 3.854176281274806115e+01 5.120656891390516563e+01 6.296442872806045443e+01 7.123689031195043242e+01 7.086203557463042557e+01 7.914858897629014223e+01 8.047972504254197190e+01 6.374172635729249237e+01 8.047972504254197190e+01 9.202628527626217192e+01 8.213157505899992827e+01 6.182996684498648676e+01 4.745885451975148328e+01 6.777617023918030270e+01 8.422172300267408218e+01 7.208649506416614372e+01 5.177261064147038638e+01 3.749090923879636250e+01 3.334409589951436459e+01 5.353001896196811060e+01 6.502878235189535872e+01 7.046942102100378236e+01 7.884828264898519024e+01 9.055968645600690081e+01 8.375522590025074976e+01 6.291477602519425716e+01 6.244667493608801578e+01 6.340535036892109844e+01
1.766589122093755945e-02 8.961937801220173583e+00 2.050894318501289249e+01 4.050894318501359948e+01 6.002863299141096576e+01 5.177562105982352847e+01 5.180693753499926402e+01 4.675446095608386088e+01 3.269310979472465561e+01 2.300110179383680276e+01 4.294893771928898474e+01 4.308709408271046470e+01 5.680312868246820557e+01 5.097973877559401501e+01 7.086203557463042557e+01 7.962011329633361356e+01 8.374427170164905476e+01 9.202723599843923807e+01 8.252561784351755136e+01 7.239000147278284203e+01 6.214116068662348624e+01 4.187205545200335166e+01 6.214116068662348624e+01 7.549291465015546976e+01 6.956443312199706952e+01 6.611501109255952713e+01 5.078306274154403610e+01 3.062213642554025128e+01 5.078306104674096844e+01 6.014825982727224130e+01 6.733373881259662141e+01 6.733373882234910468e+01 8.761862042864125044e+01 9.219938936940231144e+01 8.361630391374384885e+01 8.128795455316468122e+01 7.514945424319709844e+01
6.490672536223988931e-02 2.006490672536188313e+01 3.056142731836679260e+01 3.659165420992252393e+01 4.366272202178812023e+01 5.194699326925591265e+01 6.349399865305711188e+01 6.050669995528332379e+01 5.091968334120796413e+01 3.298378186876910689e+01 2.792449219577430952e+01 3.157541029480412931e+01 3.691665197285843902e+01 4.396568734610125517e+01 5.147116114520306240e+01 6.548393046966046427e+01 8.544417655672772582e+01 8.848109003032257647e+01 6.822604606599105637e+01 5.385776557451014668e+01 4.374384987615085407e+01 3.685635527868422656e+01 5.707388437796845437e+01 5.522774556960298753e+01 4.928929625437100270e+01 5.378458314590515954e+01 4.540283617352991996e+01 2.829709936608627174e+01 3.384641111223220378e+01 3.988989576225327482e+01 4.701013680774615011e+01 6.138177438248172280e+01 8.170305209583952433e+01 8.748899993073784742e+01 9.089648967907632482e+01 7.107345577232673861e+01 5.690786740117904685e+01
