MOVIE_S12_data/elevation_000226.asc
nrows	50
cellsize	150.0
xllcorner	0
ncols	50
yllcorner	0
NODATA_value	-9999
[rows 0 to 16 of 50, columns 0 to 36 of 50]
8.271705653423140625e-02 2.127631151761726416e-02 9.425194436011796739e-02 4.939197167322698090e-02 3.975871534419905817e-02 6.171646774684565184e-02 1.696294146011132625e-02 1.936121709489252440e-02 4.216450047424835645e-02 2.297044857093000214e-02 6.704298068806634203e-02 4.162315340452049650e-02 3.835349583220235004e-02 2.777463300387698203e-02 2.207885817162396139e-02 7.161913568127860341e-02 9.025521335945362045e-02 3.502399586135773735e-02 8.040414306008919487e-02 3.131346976591601466e-02 7.604099264847130613e-02 2.387740603804927586e-02 5.687112022313325910e-02 4.074439634684711570e-02 8.709178300582484655e-02 7.612946965408906586e-02 1.077918208624280109e-02 9.929772718869623455e-03 4.600412614040166881e-02 2.152795518990661267e-02 2.378824418737431057e-02 9.511189423522797837e-02 9.406546861214974686e-02 1.749038473908382007e-03 2.223905489293687143e-03 6.269637160239108220e-02 9.476101746191394060e-02
7.639902522890137937e-02 2.002127631151726206e+01 2.009425194435976181e+01 2.004939197167287190e+01 8.204724524621530790e+00 1.160872185153946390e+01 2.001696294145975585e+01 2.001936121709123384e+01 2.004216449971366387e+01 2.744625718330011122e+00 2.006704298019676713e+01 1.418375877713559596e+01 2.003835349583184566e+01 6.694441299670572221e+00 2.002207885817126964e+01 1.007161913568119083e+01 2.009025516830468661e+01 2.003502399586100324e+01 1.281324291007577720e+00 2.002594341891002472e+01 2.007604098849570917e+01 7.583166867037810732e+00 2.005687112022277674e+01 2.004074439634649352e+01 7.646381243190401911e+00 2.007612946965373268e+01 3.662262898787342458e+00 2.000992977271851458e+01 2.004600412614004767e+01 6.051754846745205363e+00 2.002378824418702052e+01 1.009511189423531441e+01 2.009406546861179521e+01 2.000174903847355168e+01 2.000222390548893969e+01 2.006269637151885377e+01 2.010413587904220645e+00
7.813061968023242432e-02 1.422026624341130763e+01 3.422026624341201284e+01 3.648899592039983020e+01 1.820472452462170665e+01 3.160872185205894880e+01 3.989299236707849872e+01 3.963397261732207966e+01 1.963397262103448071e+01 5.491836997303780166e+00 2.549183699716645890e+01 3.418375877831804388e+01 3.376550933158928558e+01 1.376550911153610990e+01 3.376550931215173534e+01 2.421375475941489341e+01 3.835584932820206205e+01 2.248606322734332252e+01 2.485053227171788226e+00 2.247876445702056358e+01 3.584651482452755289e+01 2.172533793525746404e+01 2.391320291118526598e+01 3.593065249065376321e+01 1.659065315318971656e+01 2.737616966232801019e+01 7.376169662328364574e+00 2.737616966232801019e+01 3.237631016708272114e+01 1.237631016708201948e+01 3.237631016708272114e+01 2.423724751796651589e+01 3.837938314169620924e+01 3.587771481149695774e+01 2.475536298093116727e+01 4.757624866878012782e+00 2.201041358777440138e+01
1.795629399984677299e-03 2.000179562939963063e+01 3.376300234117340437e+01 4.204727364092848774e+01 3.820472452543037178e+01 3.820472452538187724e+01 4.747861802518664120e+01 2.747861802656191088e+01 1.333648240283121034e+01 8.825170330637142513e+00 2.882517033046265809e+01 4.203310084273205405e+01 4.204980809684952447e+01 2.531251449533164077e+01 4.204980816477542049e+01 4.421375488293858069e+01 3.783910752013555623e+01 1.783852904952998841e+01 3.695488408985641460e+00 1.783895177412025035e+01 3.785908221416004693e+01 4.172836805756571010e+01 3.805583994109841939e+01 4.487492440065631172e+01 2.813765853698243546e+01 3.129849236509165422e+01 1.129849236509201127e+01 3.129849236509165422e+01 4.066058141454835351e+01 2.132058207708133324e+01 4.066058141455011565e+01 4.423724751796721932e+01 4.237341577245381785e+01 2.760030042691733243e+01 7.600301084952830522e+00 2.475762486701596288e+01 1.889976049060921426e+01
2.526786264046545702e-02 6.691934529307160595e+00 1.376300234117269738e+01 2.790513796490390064e+01 4.790513796501294053e+01 5.820472454230238668e+01 4.276457281880457373e+01 2.276457281865201310e+01 3.333648240310767363e+01 2.882517033073819945e+01 1.374882996981049565e+01 3.374882996988976203e+01 5.272355095992439544e+01 4.531251536066918817e+01 5.359685348577475850e+01 4.765290540388268425e+01 3.942670724064133481e+01 2.491715012214131519e+01 4.917166462940882887e+00 2.491823181111789154e+01 4.057868831099309403e+01 4.886925736452040780e+01 5.806228424123325738e+01 5.642192978445910967e+01 4.813765853698313890e+01 3.546878064623275861e+01 1.546878064623347093e+01 3.546878064623275861e+01 4.960485332455036911e+01 3.546271770081278163e+01 4.960485332455719742e+01 4.823129023287063433e+01 2.823129355200190105e+01 1.408915793018342910e+01 1.008099577673702107e+01 1.576526689422776961e+01 3.576524830711625214e+01
8.483503398980346555e-02 1.008483503398971592e+01 3.008483503395676806e+01 3.009293395972693119e+01 5.009293395957750761e+01 5.690670844290416142e+01 3.690670844238346149e+01 3.690670844238346149e+01 5.104884417355637538e+01 3.791911825105218981e+01 1.791911825095206368e+01 2.443927964630766070e+01 3.858141527003910909e+01 5.858141527073794919e+01 5.087737812761866252e+01 3.106338471936950896e+01 1.954152891358253896e+01 1.247117698404739627e+01 6.145745244542744068e+00 2.614639252419193838e+01 2.057756260557798100e+01 3.471999489801474681e+01 5.472303696815971819e+01 5.856279141381718034e+01 3.856279141381789088e+01 2.701578603002578305e+01 2.081400548448186427e+01 3.495614110821231435e+01 5.495614110821160381e+01 5.546271770081348507e+01 5.784133701523315807e+01 4.139212382926273648e+01 2.139212536359627137e+01 3.258097033868524051e+01 1.258099577673704239e+01 3.258097033868524051e+01 2.470953880370813849e+01
4.163169627051844027e-03 2.000416316962669683e+01 3.008483503390608860e+01 5.008483503175278884e+01 5.837720503677098094e+01 6.519097990473011350e+01 5.690670844290416142e+01 5.690670844290416142e+01 5.383048143976796496e+01 3.383048143946491138e+01 2.228347605567198642e+01 4.228347605580006530e+01 4.076921126486373481e+01 6.076921126597126488e+01 5.909796657731929770e+01 4.765290540388268425e+01 3.942707053530253347e+01 3.239429772635116933e+01 2.614700841853308333e+01 7.927441745054202293e+00 2.207061747591683343e+01 4.207164415617235420e+01 5.577682383724840065e+01 6.684706266127500385e+01 5.530005727748495303e+01 4.701578603002506895e+01 2.897897129375898118e+01 3.346311612515493294e+01 5.346311612515422240e+01 6.369921796710244166e+01 4.369922678663731119e+01 2.955709117328225943e+01 4.139212382926273648e+01 3.514170420208341028e+01 1.514173337539498299e+01 3.514170420208341028e+01 4.470950518024599063e+01
2.434392073152260791e-02 1.416647954446259838e+01 3.416647954449332047e+01 4.441178253362694051e+01 4.833410523621761712e+01 5.259811956333167160e+01 5.259811956333284400e+01 6.088239082864262741e+01 6.211475284170559519e+01 4.228347605580006530e+01 2.831370294722736602e+01 3.861340767422738196e+01 5.861340767492080062e+01 6.905348284924826885e+01 6.245767539025928983e+01 5.100226500521258544e+01 4.276759541329534642e+01 3.290813008579121401e+01 1.298838742488720399e+01 9.207777924063444530e+00 2.921256792311882577e+01 2.747948879095031671e+01 4.748724173219810041e+01 5.434436534159852528e+01 6.263507568294629380e+01 5.726324254121855262e+01 3.897897129375862590e+01 5.346311612515422240e+01 5.346311612515422951e+01 6.110409038639936341e+01 4.110409658214869921e+01 4.369922678663731119e+01 4.960595785027778248e+01 2.960603853523338458e+01 1.805903320535292522e+01 2.366976202949770069e+01 4.366971116955561882e+01
5.883922493566802470e-02 2.005883922492290239e+01 2.673411300377057032e+01 2.441178253344175175e+01 2.833410523620546684e+01 3.259811956331800076e+01 3.259811956331800076e+01 5.259811956333289373e+01 7.056774761553465680e+01 5.538477075937671401e+01 3.538477075909308667e+01 4.831370294741070381e+01 6.689767913839315838e+01 6.970662703571937868e+01 5.420099617460291341e+01 3.439776515272156132e+01 2.290782530154299579e+01 1.864489738320346035e+01 3.290812894141263456e+01 2.921256792098966315e+01 1.114564523494979831e+01 3.115097202279196864e+01 4.019564656758038268e+01 3.433505800190572188e+01 5.434436534159852528e+01 6.726324254121691126e+01 5.897897129375791536e+01 6.726324254121691126e+01 7.346311612515280842e+01 6.938832485449898968e+01 5.265110204994014254e+01 6.369921796710244166e+01 5.788957016798068622e+01 4.110896431073168600e+01 2.110900461200506939e+01 4.110896431073168600e+01 3.309785243530835430e+01
2.016265153036126551e-02 3.353495984863701374e+00 6.734113003777782325e+00 1.026964690971055028e+01 1.419196961247426536e+01 1.845598393958654881e+01 3.000298932337926772e+01 4.414512494711071611e+01 6.414512494714526269e+01 6.366904216176715892e+01 4.538477075909343483e+01 6.366904216176715892e+01 7.659797459169226386e+01 6.143057496833791475e+01 4.163155803538963085e+01 3.019392721981648009e+01 4.276759541329534642e+01 3.853347819881202696e+01 4.675738961724538001e+01 3.942140071899407872e+01 3.115097826259569658e+01 1.311625372775803910e+01 2.018866398278509777e+01 3.433505882738801773e+01 5.434464134139720670e+01 7.266090941607070874e+01 6.661486832180096940e+01 7.490540922406854918e+01 8.139817949279195375e+01 8.093530053186512419e+01 7.265108719189609587e+01 7.017973721880839832e+01 5.054976043477267922e+01 4.381643301163716586e+01 2.427128227217350442e+01 4.427123440195379800e+01 5.309775623711125547e+01
1.256007409845548775e-02 2.001256007409810067e+01 2.673411300377946986e+01 2.181665229350327095e+01 3.419196961247763511e+01 3.845598393959087247e+01 2.698401259381111927e+01 4.698401259381860484e+01 6.681528278334208437e+01 7.366904224665593404e+01 6.538477075966069663e+01 7.366904224665593404e+01 7.079503189617362580e+01 5.093001890876765714e+01 3.954177664226255473e+01 4.999960721241030370e+01 5.824502811167972283e+01 5.551809880953612719e+01 4.129336941824063700e+01 2.139189452403574876e+01 1.801186348560446149e+01 1.466364755651184559e+01 3.467012955524312190e+01 4.516294786467074829e+01 5.265127130057434357e+01 5.265129653916306296e+01 4.660616406912087939e+01 6.139095349632016507e+01 6.139095349632017218e+01 7.968512849016912014e+01 7.809989528624389266e+01 6.459517842245467989e+01 4.482098319937029629e+01 3.075938086776875124e+01 2.898532748008390314e+01 4.898526484713698181e+01 6.457167257373338032e+01
1.283213977233468341e-02 1.415496776350341079e+01 3.415496776350411778e+01 4.181665229350962676e+01 5.010092355080750082e+01 5.526822823910536897e+01 4.112614821072263993e+01 3.853101797760211156e+01 5.267315360047883388e+01 7.267315309993097117e+01 8.182212162402336730e+01 8.182212162402336730e+01 7.909493109919520748e+01 6.759665384638837793e+01 5.093001890876765714e+01 6.759665384638837793e+01 6.257866806228541634e+01 4.710986054351079133e+01 2.654545895656121957e+01 4.129145107173492590e+01 3.753145404759395376e+01 3.467013332514099488e+01 1.687222012510040159e+01 3.687938531660093844e+01 3.264060214880446864e+01 4.749903921852883570e+01 3.505090822194222966e+01 4.137969376208586425e+01 5.138792409340859280e+01 7.139398289923171603e+01 6.980080751407011519e+01 5.006452949001447195e+01 4.016205281363529167e+01 3.968253808726836951e+01 4.898526484713698181e+01 3.628829491346646563e+01 5.043042592748749087e+01
9.594114293757748102e-02 2.009594114293722100e+01 3.051315286242746438e+01 3.654337975398319571e+01 4.361444756584879201e+01 5.189871881331099246e+01 6.112613904827011169e+01 5.853101778421628154e+01 6.681528278334208437e+01 7.597926056182875243e+01 6.186234197742693652e+01 6.186234197742693652e+01 7.597926056182875243e+01 7.909493109919520748e+01 7.079503189617362580e+01 6.859900013018436482e+01 4.828127311907513075e+01 3.346719525621145408e+01 3.678120011884600871e+01 5.551809880953612719e+01 5.313707314003872284e+01 3.312758796548182261e+01 1.897926697607442037e+01 2.023037789741786341e+01 2.263818433597601398e+01 2.748911202761409101e+01 4.749903921852891386e+01 6.139095349632016507e+01 6.968055593138362269e+01 7.968512849016912014e+01 7.809989528626451261e+01 6.818789665244594289e+01 5.158497301965898174e+01 4.958894171625077973e+01 6.384742576993374996e+01 4.384758437249672625e+01 5.043042592748749087e+01
3.950229235330715398e-03 5.167928024178575441e+00 1.051315286242710911e+01 1.654337975398248872e+01 2.361444756584808857e+01 3.516145294964100998e+01 5.516145294964171342e+01 7.423849670800305489e+01 6.997615247152231177e+01 6.170501580409824527e+01 4.773886455579060595e+01 4.773886455579060595e+01 6.186234197742693652e+01 8.182212162402336730e+01 7.716346462225449443e+01 5.707801500822778706e+01 4.249026889626707515e+01 4.828127311907513075e+01 5.151076521459442148e+01 6.576564897825880962e+01 5.486847238722644704e+01 4.113321513157927711e+01 2.112329735829486665e+01 4.023727134537259786e+01 4.264591902034887738e+01 2.680858801095713773e+01 4.681821267369672768e+01 5.942342348003920449e+01 7.112482439748424667e+01 7.349330448353434520e+01 8.191586228638252010e+01 7.964221960700471925e+01 7.133583259403442867e+01 6.093802549338715124e+01 7.213063610477568943e+01 5.384758408842630217e+01 7.043010482796343297e+01
7.711341127313005306e-02 2.007711341127277649e+01 3.051315286242746438e+01 3.654337975398319571e+01 4.361444756584879201e+01 5.189871881331099246e+01 6.344572419710391387e+01 5.426904455839270014e+01 5.426904455839269303e+01 4.172743297797019579e+01 3.774109966322009768e+01 5.772364532035823004e+01 6.770842608492579018e+01 8.767113892038132406e+01 7.716346462225449443e+01 5.707801500822778706e+01 5.289055118923113241e+01 6.859900013018436482e+01 7.174938930290655037e+01 6.076965985156283523e+01 4.657904005888935473e+01 2.656072143260869822e+01 4.113261080910121592e+01 2.487237076228800703e+01 4.488154995329506391e+01 4.681821267369672768e+01 3.112241624155592490e+01 5.071398598109589528e+01 5.284446857795580854e+01 5.343417678670261495e+01 7.361736552354237517e+01 8.917767027643768074e+01 8.912632008280743889e+01 8.077441730585478297e+01 8.212996928513804562e+01 7.384726745144126880e+01 8.212996928513804562e+01
9.541454368626212448e-03 1.000954145436871379e+01 2.415167707809991526e+01 4.415167707810061870e+01 5.929654332930315519e+01 5.358628286858017020e+01 4.995860901376788377e+01 5.254962306783918535e+01 3.428361104899069289e+01 3.018130641846408935e+01 4.018126467800946244e+01 5.172202198301797438e+01 6.584167040996905484e+01 8.580231949953567039e+01 8.542213748406108209e+01 7.716346462225449443e+01 6.718744695199607975e+01 8.129123392119356595e+01 6.744036588459984216e+01 5.248015057185968146e+01 3.245786303951520324e+01 4.657904005888935473e+01 4.757920901057219965e+01 2.756937212454757358e+01 4.757935444046296425e+01 5.942342348003912633e+01 5.113402781903616301e+01 3.571230291460680917e+01 3.919590473110825002e+01 4.921635771665128800e+01 6.080821745602663242e+01 8.087714240680327293e+01 8.890964758464916429e+01 8.062490198518308659e+01 8.062490198518308659e+01 8.648359972828559705e+01 8.104787005676483602e+01
2.297228869525369793e-03 2.000229722886917116e+01 3.829381270183161945e+01 4.142502950917361204e+01 3.985076446320140775e+01 3.416132645351118668e+01 2.996483525914259261e+01 3.919792942141943826e+01 2.428344981470374719e+01 4.427632780369170007e+01 5.844366017321279116e+01 6.119257924981786800e+01 6.719014690118108035e+01 7.381182784173753930e+01 8.131520123668818201e+01 8.956679267521076326e+01 8.713948229251272437e+01 7.329753403305228687e+01 5.329099927394366887e+01 3.912532603460970648e+01 5.248015057185968146e+01 6.076965985156131467e+01 5.035443538434722655e+01 3.034304211087162884e+01 5.035443538434722655e+01 6.759366577265274145e+01 6.402609988955528308e+01 4.726967500326202298e+01 5.925335045038867321e+01 4.537607427770962687e+01 5.696266649644638846e+01 7.703809018575111622e+01 8.062490198518308659e+01 6.062094062366239910e+01 6.062094062366239910e+01 6.647996525585811867e+01 7.465895427467410173e+01
