MOVIE_S12_data/elevation_000527.asc
nrows	50
cellsize	150.0
xllcorner	0
ncols	50
yllcorner	0
NODATA_value	-9999
[rows 0 to 16 of 50, columns 0 to 36 of 50]
8.271705653423140625e-02 2.127631151761726416e-02 9.425194436011796739e-02 4.939197167322698090e-02 3.975871534419905817e-02 6.171646774684565184e-02 1.696294146011132625e-02 1.936121709489252440e-02 4.216450047424835645e-02 2.297044857093000214e-02 6.704298068806634203e-02 4.162315340452049650e-02 3.835349583220235004e-02 2.777463300387698203e-02 2.207885817162396139e-02 7.161913568127860341e-02 9.025521335945362045e-02 3.502399586135773735e-02 8.040414306008919487e-02 3.131346976591601466e-02 7.604099264847130613e-02 2.387740603804927586e-02 5.687112022313325910e-02 4.074439634684711570e-02 8.709178300582484655e-02 7.612946965408906586e-02 1.077918208624280109e-02 9.929772718869623455e-03 4.600412614040166881e-02 2.152795518990661267e-02 2.378824418737431057e-02 9.511189423522797837e-02 9.406546861214974686e-02 1.749038473908382007e-03 2.223905489293687143e-03 6.269637160239108220e-02 9.476101746191394060e-02
7.639902522890137937e-02 2.002127624932500183e+01 2.009425194435976181e+01 1.419152759540430253e+01 2.003975871534384368e+01 6.386271788083631051e+00 2.001696294145975585e+01 1.416149684082571802e+01 1.847465728503982163e+01 2.002297044857057529e+01 2.586806613653713782e+00 2.004162315340416356e+01 2.003835349583184566e+01 8.972046543003113328e+00 2.002207885817126964e+01 2.007161913568092260e+01 3.625789119292183837e+00 2.003502399586100324e+01 2.008040414305973442e+01 7.102381281631421572e+00 2.007604099264811737e+01 1.995167010263220675e+01 2.005687112022277674e+01 1.323744994546014242e+00 2.008709178300546938e+01 1.423200718701965251e+01 2.001077918208588713e+01 1.000992977271895690e+01 2.004600412614004767e+01 5.366752793438417157e+00 2.002378824418702052e+01 1.164211724032652384e+01 1.423619930861280558e+01 2.000167455060744715e+01 2.210854426986219590e+00 2.006269637160203700e+01 1.164176640125432982e+01
7.813061968023242432e-02 1.007813061968031931e+01 3.007813062052738573e+01 3.419152759540500597e+01 3.455123759736024880e+01 1.455123759736096289e+01 2.271620340663786308e+01 3.416149684082500926e+01 3.393726299552458414e+01 1.574534601140665657e+01 5.126836802427673589e+00 2.514789749321656842e+01 3.725631779046400993e+01 2.311418216673431658e+01 3.725631779046601366e+01 2.721789515982731089e+01 7.217895159827667051e+00 2.721789515982731089e+01 3.538665252909432724e+01 1.604665319163073534e+01 3.538665252909231640e+01 3.398981664085247445e+01 1.415137452084259806e+01 2.609393687612461488e+00 2.260944026303035770e+01 3.428066505121581997e+01 3.829420102018185901e+01 2.415206539645015837e+01 3.091375631179965922e+01 1.091375475569075704e+01 3.091375432940724011e+01 2.578424924540088981e+01 3.423578731940703079e+01 2.443307169073055363e+01 4.433076649208432585e+00 2.443307773453826570e+01 2.578390202498502859e+01
1.795629399984677299e-03 2.000179562939963063e+01 3.007813062076092692e+01 5.007813063975152801e+01 4.283550884482185950e+01 2.609824298115327323e+01 4.271620340663714899e+01 5.100047465409875969e+01 4.192699245299028377e+01 2.622555905015674327e+01 7.776143139877281563e+00 1.778750529406142533e+01 3.779862723712108163e+01 4.311418216673502002e+01 4.254454527371150618e+01 2.254454527371221673e+01 1.099753988991990639e+01 3.099753988991955111e+01 4.433092443909363567e+01 3.018878881536193859e+01 4.433092443909363567e+01 4.198591143375573864e+01 2.384103632602196754e+01 3.908533292535720793e+00 1.774094346972020375e+01 3.666619842388895734e+01 4.903874832727330357e+01 4.415206539645086536e+01 3.723831235179842025e+01 1.723831007602762710e+01 3.723831235179842025e+01 4.578417501886738705e+01 3.840743861729099962e+01 2.669763155798782250e+01 6.697630717497614405e+00 2.669763155798782961e+01 4.578390202498431449e+01
2.526786264046545702e-02 2.002526786264010994e+01 3.188856461744089899e+01 3.895963242930589132e+01 4.724390367676750202e+01 4.609824298115255914e+01 5.438251422861416984e+01 5.599256431866785988e+01 4.704878961170980745e+01 3.059620579867108958e+01 1.057778544796222242e+01 3.059620579867108958e+01 3.779862723712108163e+01 5.779773870490907228e+01 5.082881652117310978e+01 3.516782817106065551e+01 1.516782817106136605e+01 2.930996379479256930e+01 4.930996379479327629e+01 5.018878881536264203e+01 5.000939240084572646e+01 3.933106818394658433e+01 1.936025767302965050e+01 5.218776856696552002e+00 2.392872352385984414e+01 2.123819333823797351e+01 3.519050152528216557e+01 5.474355735920310195e+01 4.552261274887379727e+01 2.618258198605978748e+01 4.552261274887379727e+01 4.426973911940102369e+01 2.426973802551457382e+01 1.012760242034776148e+01 1.564190262749386129e+01 2.669763155798782961e+01 4.669764570896136036e+01
8.483503398980346555e-02 5.858337725886036296e+00 1.188856461744125603e+01 1.895963242930660542e+01 3.050663781309891576e+01 5.050663781309820166e+01 5.925391086940820173e+01 3.925839653388055694e+01 2.770986376007192220e+01 1.875505974122620856e+01 1.391485848746625464e+01 3.393247526091214183e+01 4.746908046269874859e+01 5.901168476555423581e+01 5.149775978961488931e+01 3.149775978961559986e+01 2.071483013331355849e+01 3.149775978961559986e+01 5.149775978961488931e+01 5.327119630593147548e+01 3.326939590682790993e+01 2.172234969101054602e+01 1.277806777062406596e+01 2.521875889610327803e+01 7.152249834787787641e+00 2.715243574744263100e+01 4.121980821227129610e+01 4.950334893324065888e+01 5.446689919232691324e+01 4.032471774926664665e+01 5.446689919232691324e+01 4.985624467533206428e+01 3.262760276529369463e+01 1.262760242034774016e+01 3.262760276529369463e+01 2.978403823207543510e+01 4.978404348865239371e+01
4.163169627051844027e-03 2.000416316962669683e+01 3.188856461744089899e+01 3.895963242930589132e+01 4.724390367676750202e+01 5.879090906055981236e+01 6.753743234419519581e+01 5.290626794931726806e+01 3.290804397757300848e+01 3.876538816720952951e+01 2.287425250479940431e+01 1.917774633427800524e+01 3.073556374983234107e+01 5.073209585613420103e+01 5.978203103707649291e+01 4.703938545364949420e+01 2.703938545365020474e+01 4.071483013331285150e+01 5.978203103707649291e+01 6.155828164091391130e+01 4.347028223610951159e+01 2.346853327765765940e+01 3.277888655234092141e+01 2.268131511995516902e+01 8.539000325350629694e+00 2.853831657569796221e+01 2.121964894279879132e+01 3.536213350474741901e+01 5.536150481591123196e+01 6.032473132886548939e+01 5.571401223269405989e+01 3.571400989273851678e+01 2.157187433033800161e+01 1.542816258840373678e+01 3.542816298951672849e+01 4.978404348865239371e+01 5.806850773655276754e+01
2.434392073152260791e-02 8.189309730008854871e+00 1.818930973000903251e+01 3.233144535374048445e+01 5.233144535374118789e+01 6.780202656469633382e+01 7.610326300774127617e+01 6.118953626199757423e+01 5.290626794931726806e+01 3.920940759709460366e+01 4.287876539819097133e+01 3.918722065339504468e+01 2.508539085938647162e+01 3.922838618218973750e+01 5.922305915625568673e+01 5.411045326551472101e+01 3.411045326551543155e+01 5.411045326551472101e+01 6.899910138077274269e+01 5.980522679639497596e+01 3.979908722171946778e+01 3.761094149452544855e+01 5.095958810941020545e+01 3.682028545151926124e+01 2.853920025067508703e+01 1.052907470577158300e+01 3.052929749223479661e+01 4.121981370896486396e+01 6.121871288178446946e+01 6.726102115251063651e+01 4.726101502789907727e+01 3.311887970867885400e+01 3.880878011979007169e+01 1.880877960731774579e+01 2.298745204858802182e+01 3.712958761124689033e+01 5.712958931627041181e+01
5.883922493566802470e-02 2.005883922493531202e+01 3.647358097746975147e+01 4.647358097747193284e+01 5.143889213917177727e+01 4.776136159714398133e+01 5.629961151785452245e+01 6.460160237893116175e+01 6.748900144931175760e+01 5.920553529677091120e+01 5.577199532948165484e+01 3.577787844594242728e+01 3.264786879199282055e+01 3.663412507281842068e+01 5.662837710271245584e+01 6.239472451297632460e+01 4.565745864930753584e+01 6.239472451297632460e+01 7.219543815375919849e+01 6.391223001537080961e+01 5.980522679639497596e+01 5.761598212100717831e+01 4.665898706226962389e+01 3.441449245099942544e+01 1.441421850241754044e+01 1.221938321524320692e+01 2.636176508169070587e+01 4.636310919306892941e+01 6.130164175221368339e+01 7.284699280650646358e+01 6.140331841889171471e+01 4.726101502789907727e+01 4.229033337967291573e+01 2.229033272643164310e+01 4.229033337967291573e+01 3.151548070277513602e+01 4.306248606856641459e+01
2.016265153036126551e-02 1.416229827526143659e+01 3.416229827526213825e+01 4.508260990309487681e+01 3.141415637194531740e+01 4.363139378388134304e+01 3.626940055070836877e+01 5.042877736958917012e+01 7.047305894103979540e+01 6.991158205360046907e+01 4.991518674200115413e+01 5.577199532948165484e+01 4.080993384669168478e+01 4.817702779273799507e+01 6.491171724061179304e+01 7.394172989676742702e+01 6.565745864930612186e+01 6.564915602809334416e+01 5.736588328750274002e+01 4.391349359604005542e+01 4.888435366141344929e+01 4.555095275836821855e+01 3.837514933415422291e+01 1.837481243457528279e+01 3.392836260334716059e+01 1.392809853081164562e+01 3.392836475408903851e+01 3.301942752143456516e+01 4.456677386793134588e+01 6.456540918162762921e+01 7.554562180988430953e+01 5.748882381487858595e+01 3.748882182209175085e+01 2.594181644313268720e+01 4.594181728055001912e+01 5.151547821391172732e+01 4.306248606856641459e+01
1.256007409845548775e-02 2.001256007409810067e+01 2.714461618192414605e+01 2.506425622566970901e+01 2.246787190524613109e+01 2.361564504181224677e+01 3.256143488471517600e+01 4.411722411401765953e+01 6.415735173951337345e+01 7.819541105688678329e+01 6.991158205360046907e+01 6.908789963018003277e+01 5.080574047731410303e+01 6.817313495639369592e+01 7.645694516043238309e+01 8.047907152332987835e+01 7.219591431207102517e+01 5.736588328750709564e+01 3.736616677836942557e+01 3.236568198461804968e+01 2.888394824314223897e+01 2.555052663260215340e+01 2.250051888076519191e+01 3.837511697526106502e+01 3.565612699400329433e+01 1.565583538290582766e+01 2.036988814155471772e+01 4.037030380577009936e+01 5.556512802271085860e+01 6.384987633679170216e+01 7.384982623449468520e+01 6.577329498501678984e+01 4.994181754157801123e+01 2.994181644313261614e+01 4.994181754157801123e+01 6.822583862225873474e+01 5.720462094653483831e+01
1.283213977233468341e-02 3.548366045758899467e+00 7.140472087718041649e+00 1.092011684244442016e+01 1.577083061075463100e+01 3.578057121349821301e+01 5.193105653090114515e+01 6.088902802688268423e+01 7.245986113996258382e+01 7.810428151551013798e+01 8.121978814588611328e+01 7.908674448728834250e+01 7.080280039341187148e+01 7.908674448728834250e+01 8.633624373336770930e+01 6.633879808934655387e+01 5.219861721877770577e+01 4.553186443892623458e+01 4.053141627337562625e+01 5.236595416021781801e+01 4.888435366141344929e+01 3.449530679342342410e+01 3.664318428523053939e+01 5.078421783246789545e+01 3.752932638832778167e+01 1.752900701339509482e+01 3.752932629862359448e+01 2.889816523161835704e+01 3.556522840584760559e+01 4.556569669772864017e+01 6.556455934769299176e+01 7.426205323512955658e+01 5.528704389712960676e+01 3.528704128138091534e+01 3.994181644233033524e+01 5.994181097688367998e+01 7.720462724900366425e+01
9.594114293757748102e-02 2.009594114293722100e+01 2.714461618192414605e+01 2.509865089187388776e+01 3.578057121349819880e+01 4.407777437630311823e+01 5.866329462182349630e+01 6.693148049762261564e+01 7.225554278943910447e+01 5.804200142749922264e+01 6.117158289016001049e+01 7.536369344937914150e+01 7.840633153623848273e+01 8.676567157106909178e+01 8.852388754289529516e+01 6.852628606822402446e+01 7.219591431207102517e+01 5.967305290215752933e+01 4.656211556287966147e+01 6.656023850896617944e+01 5.449515830470973299e+01 4.863777125633482257e+01 5.664273217792427317e+01 5.109212753379195249e+01 3.942767674604635175e+01 1.942732304555944012e+01 3.942626858052077665e+01 4.889813022313213509e+01 5.556512802271085860e+01 6.384987633679170216e+01 7.384982623449468520e+01 6.597749658258858574e+01 4.597749095333610825e+01 4.423131319112530235e+01 5.994176532714691064e+01 5.408395164390291399e+01 7.408392897586898584e+01
3.950229235330715398e-03 1.414610433137813672e+01 3.414835470424431207e+01 4.549239513986001526e+01 4.795257663153032723e+01 4.448985352535125770e+01 3.861902201388133449e+01 5.866329462182348919e+01 6.222909376684825844e+01 4.389646564520462846e+01 4.702770454465893124e+01 6.534714291675423681e+01 5.837158798424539441e+01 7.517383548746022370e+01 8.629668754144509535e+01 8.852388754289529516e+01 8.795355613137471096e+01 7.322598081132522907e+01 5.322875390424826492e+01 7.322598081132522907e+01 7.449341367761874722e+01 6.863614151259972118e+01 5.695018381168641497e+01 3.695061556408411008e+01 2.280794332124652968e+01 2.267175401893227615e+01 4.267213057056726910e+01 5.452419622246350173e+01 4.866690978355224928e+01 6.021324210674278277e+01 8.021136145103724857e+01 7.426205323512962764e+01 5.752449621812402114e+01 5.577831852192593942e+01 7.251559261167287218e+01 7.408392687430175272e+01 8.236829571675190209e+01
7.711341127313005306e-02 1.421999304972980482e+01 3.424342985751156476e+01 3.953193560270121054e+01 2.790954480694361806e+01 2.445156611794058676e+01 4.447509139256703747e+01 5.066799740047113687e+01 5.390632926597621122e+01 3.388633142483070770e+01 3.702045187815686234e+01 5.703638880974750691e+01 4.682784977737335907e+01 5.788988912703193535e+01 7.466672259503880582e+01 8.301876307764774765e+01 8.955401245270141430e+01 6.955633944000619806e+01 6.736884378111709282e+01 8.150914614952017700e+01 7.489453650844943411e+01 6.308136610200308070e+01 5.461926253893985717e+01 4.527023985372020576e+01 2.526978043016908870e+01 4.267217706044368697e+01 2.745273028105474111e+01 3.452424195877151192e+01 4.866690978439817883e+01 6.866544410253061415e+01 8.849704706352565609e+01 8.580925948501131018e+01 7.752450981864616608e+01 7.577836090391339496e+01 8.406362209021841636e+01 8.232316133078808207e+01 7.409796327873127098e+01
9.541454368626212448e-03 2.000798766082419178e+01 2.381148388260737292e+01 1.987214636916754529e+01 1.375236963905917875e+01 3.364997967033990989e+01 4.413241014176690413e+01 3.059956285586066471e+01 3.902612288473055457e+01 2.631460778213661911e+01 4.520724936053043308e+01 4.845561136795899415e+01 3.787672020198291278e+01 5.788988912703193535e+01 5.463757350182570605e+01 7.205543867612658460e+01 8.039980521789740919e+01 8.955401245270141430e+01 8.736636046633120145e+01 8.136628012638843188e+01 6.648008033817929174e+01 4.595829676806066288e+01 3.490575502475702052e+01 3.081951293696928573e+01 2.843209490564725428e+01 4.843259688137050745e+01 4.745321068251889329e+01 3.310988779709529695e+01 5.311013479300412854e+01 6.742400546108780190e+01 7.636754767356634943e+01 8.791356982406072973e+01 9.408124766526485416e+01 8.416024033525371806e+01 7.593647676518226319e+01 6.891482067228014330e+01 5.422503119798780347e+01
2.297228869525369793e-03 1.900613221840888434e+00 3.807538426280469235e+00 5.741011645698933741e+00 7.721308296765724499e+00 2.716998465886755554e+01 3.285640621983851872e+01 1.644073603899759917e+01 1.900246671269034948e+01 2.205477635140594828e+01 2.518218760152568336e+01 2.843234410218618891e+01 3.329333046417607278e+01 3.830296459606132231e+01 4.497645906447969111e+01 5.204663057450503061e+01 6.358301113983532815e+01 8.362898992242335794e+01 8.738617078596540466e+01 6.703438147041394757e+01 5.232559831372189052e+01 4.219140212528920131e+01 5.461926252917874081e+01 4.166985564776998530e+01 4.843259677351038306e+01 3.308223183397507938e+01 5.308258440581879967e+01 5.311013479300412854e+01 3.914072337380934385e+01 4.808558393227246341e+01 5.963170699647722728e+01 7.962905871581156703e+01 8.585255210210898724e+01 6.602040142825546809e+01 5.607623421137858344e+01 4.902251279815643414e+01 4.270412638615215428e+01
