MOVIE_S12_data/elevation_000557.asc
nrows	50
cellsize	150.0
xllcorner	0
ncols	50
yllcorner	0
NODATA_value	-9999
[rows 17 to 33 of 50, columns 0 to 36 of 50]
5.436832538903087209e-02 2.005436832538867620e+01 2.478512714689700402e+01 7.835064391323753874e+00 1.003034959111757907e+01 1.226641756861738664e+01 1.462344017257256468e+01 1.704879642293593633e+01 3.704885563877881793e+01 3.719261260360236321e+01 5.719282550386810016e+01 4.620246821250943015e+01 5.912778223434825264e+01 6.515809733354903699e+01 7.182490453669210240e+01 7.938441988021632767e+01 8.766844522269464335e+01 9.484297558962950347e+01 8.653481738494220110e+01 8.682837154268314350e+01 7.787923564223389405e+01 6.904185670882318959e+01 5.177007512048545124e+01 5.174377582635939632e+01 5.891440104282700219e+01 3.935605563535427365e+01 5.915289754069080175e+01 6.909654550466029832e+01 7.149592594666380307e+01 5.153346724097106346e+01 7.149592594666380307e+01 8.399561616039216005e+01 9.507239183521811299e+01 8.507807164756563623e+01 7.679855109316075357e+01 6.043867687180580361e+01 6.410697784635232210e+01
9.647730019007895452e-02 1.423861292392115452e+01 3.423861292392185618e+01 2.197720912317613440e+01 3.003038817645622061e+01 2.043138346106043102e+01 3.462349216329272394e+01 2.859580513857151374e+01 2.773924796733836473e+01 4.773937118551745584e+01 6.547705437656350114e+01 6.620279304993607639e+01 7.448697959863193319e+01 7.613608995133959922e+01 7.394221794581076779e+01 7.394221794581076779e+01 8.224316291201135698e+01 8.327836181933592741e+01 6.651557278004625573e+01 7.672441719228652346e+01 8.502707943898229814e+01 8.081858447779124788e+01 6.618689130857013936e+01 7.204737036338931944e+01 6.272511674345970789e+01 4.284905343210507311e+01 5.688158657458196643e+01 7.682058605281731900e+01 7.977207631488961681e+01 6.044566905918526345e+01 6.782745612566560567e+01 8.781874478690511410e+01 9.072422040205933058e+01 9.878797713037121753e+01 8.870877430813132491e+01 8.042904540603900898e+01 7.550029788718283896e+01
9.953738903938927352e-02 1.424167301277046427e+01 3.424167301277116593e+01 4.197810222706126382e+01 4.871572708966626664e+01 3.457353898815129867e+01 4.043145874197740142e+01 4.273798984101551213e+01 4.188142648874403307e+01 4.406925007799632255e+01 6.406953740820493692e+01 7.402347935583154026e+01 7.028286592187680526e+01 5.612753314877435429e+01 5.393723838055154118e+01 5.393723838055154118e+01 7.394221794581076779e+01 7.432785005380628718e+01 5.497435841612725227e+01 5.671957924243310600e+01 7.085853423528455153e+01 9.088591138239085865e+01 8.752911201803014762e+01 8.067321054257681112e+01 6.071475152002600595e+01 4.663170112288949554e+01 5.812387485168171253e+01 7.808775087344079679e+01 8.871006222286011678e+01 7.198491790270509227e+01 8.781874478690511410e+01 8.762768794160274410e+01 7.145096323598885135e+01 8.762768794160274410e+01 8.268505417855487849e+01 7.440638809145053756e+01 7.440638809145053756e+01
3.582433992925927735e-02 2.003582433992890444e+01 3.380876458392079797e+01 4.206960555240170407e+01 5.350371968653009702e+01 5.457372807466408915e+01 6.043165910215473247e+01 6.273827329389365559e+01 6.188170069500156245e+01 6.406953740820493692e+01 6.832852011421582006e+01 5.431633110502298223e+01 6.027906946295794199e+01 4.198785666703086861e+01 3.979836527647793787e+01 5.979656122372858107e+01 6.725462283803351227e+01 5.896157619680376882e+01 4.603495237203561885e+01 6.603138152282087958e+01 7.672441719226733881e+01 9.676100566978666961e+01 9.071205828184069730e+01 7.075322859021558486e+01 5.922425919309631581e+01 5.158982363443239905e+01 7.155043433757863625e+01 8.634964059828813276e+01 1.002487049786488313e+02 9.197985234152365308e+01 9.161192037287236190e+01 7.223791643366776327e+01 6.012702384524648380e+01 7.959680018906762200e+01 7.440638809145053756e+01 5.433267961615663211e+01 5.433267961615663211e+01
8.338298177320474514e-02 6.750049420584418591e+00 1.382111156696194776e+01 2.536682878749839531e+01 4.530833747356734165e+01 5.078400462188714215e+01 5.521300384970940200e+01 5.289870597010185804e+01 5.289870629499151278e+01 6.099598466493233673e+01 6.008842118983619685e+01 4.042123456441787255e+01 4.764980020905166924e+01 3.198048257793115212e+01 3.272190288189732854e+01 4.846704287070871686e+01 5.263790263152723270e+01 3.896436455780614239e+01 5.896157619680376882e+01 7.432785005380628718e+01 8.275593523975905441e+01 9.104579706446303078e+01 9.898027630612298822e+01 8.742008010851050415e+01 7.819498048988249650e+01 5.823802936562330501e+01 6.421460737324684942e+01 7.833488420928182450e+01 9.826959638036129263e+01 9.500830394886605745e+01 8.594191128683441150e+01 6.656153590679505783e+01 5.255690732296497458e+01 7.223791643365633774e+01 6.702992829711095624e+01 6.021213270500823711e+01 4.003389713889252732e+01
1.813270376062421294e-02 2.001813270376026921e+01 3.380876454825326505e+01 4.206822341381567298e+01 4.406216217114422307e+01 2.914297094699200485e+01 3.497141933163214134e+01 3.340489553753526053e+01 3.340489553759724117e+01 5.289870610367378134e+01 5.010946623885565288e+01 4.764980020905166924e+01 2.783996308767655847e+01 2.378808143629681027e+01 2.603933643535804876e+01 2.845648739441297081e+01 3.263516214998316656e+01 5.263790263299200944e+01 6.385654384213366797e+01 6.868722576602252161e+01 6.285977549687587640e+01 8.275593523975261689e+01 9.475651411839120897e+01 9.231012114857867346e+01 7.236504993971698241e+01 6.977474706892412826e+01 8.417362622318898957e+01 9.241810319208134672e+01 9.500830394886605745e+01 7.561774450240528722e+01 7.917597845855502214e+01 6.677938662585782481e+01 4.693088585339074825e+01 6.057260641774767862e+01 4.688425571992360119e+01 4.989271361080430012e+01 4.706858645723249168e+01
2.351309638313057310e-02 1.417200224121155649e+01 3.428204684653848489e+01 3.805739560874420135e+01 3.493430787725726816e+01 1.468378762041694685e+01 2.911683629169345622e+01 2.022944581668151542e+01 3.270047721750776759e+01 3.431147747324787645e+01 3.007455684994857847e+01 3.793291421702479482e+01 2.072196370949265187e+01 4.078447546988912364e+01 4.605805512336787899e+01 4.846704292123144597e+01 3.277832915748341236e+01 5.274909004907296861e+01 4.392162258735073266e+01 4.876981395007052811e+01 5.508489478215892632e+01 6.657361947174312888e+01 8.645852113824689411e+01 1.005412449924690748e+02 9.231171632199804833e+01 8.973889006118560019e+01 9.802132059789296648e+01 1.014476316869094603e+02 8.203960278400968775e+01 7.917597845855502214e+01 5.966769979113750821e+01 6.204802293279053771e+01 4.165056784407864399e+01 5.183428192619026476e+01 3.254027563816165980e+01 2.972441167046683930e+01 2.699931207664855748e+01
2.372884694381488524e-02 1.996920035414893491e+01 2.262620633114942592e+01 1.806132254243519952e+01 2.522689937415058736e+01 7.113278787986646812e+00 1.194377916912121762e+01 2.895293668858240821e+01 1.264038470339306741e+01 1.421326297525822824e+01 1.582764622274768129e+01 1.783218998190018212e+01 3.793291421702479482e+01 4.078447546988912364e+01 6.079946651901905597e+01 6.100481728214339938e+01 4.432369070634864983e+01 3.743258471133179199e+01 5.738880132997111616e+01 6.868722576602252161e+01 7.497796780828181795e+01 6.766736580289915537e+01 8.170905262985108664e+01 1.016777668494824098e+02 1.071762767201322646e+02 9.888761059958847000e+01 1.071762767201322646e+02 9.570814629990772460e+01 7.637790668183782827e+01 6.263136142801725015e+01 5.449949710085540744e+01 4.810637270750669359e+01 5.615942186606366704e+01 3.689367853542579923e+01 5.278478660624500662e+01 3.453665791156173270e+01 4.706858645723249168e+01
6.296921807001566729e-02 1.343338017428750142e+00 2.626338616237822166e+00 3.917333071374828002e+00 5.219222226456011526e+00 2.520651735035471219e+01 9.069245244339516177e+00 1.044395021991234351e+01 3.041484013409065312e+01 3.430795787462840707e+01 3.594255311958026056e+01 2.005352151908526182e+01 4.009798592735741352e+01 4.446175116734201538e+01 6.439318801998527420e+01 7.250276627178452316e+01 6.425482959827698437e+01 4.896956390545768301e+01 4.527596605170513300e+01 6.520600624170847937e+01 8.286156086355700268e+01 8.755775361320488059e+01 9.585823596352076947e+01 9.718662565567274214e+01 8.890444364112683218e+01 7.892127668266520857e+01 9.718662565567274214e+01 9.892866819360297370e+01 9.012003210788920171e+01 7.411622142951570424e+01 7.411622142951570424e+01 5.966661363333653867e+01 5.344228516532982098e+01 5.717207407993617352e+01 6.065131466713958019e+01 4.020873264794417423e+01 6.065131466713958019e+01
8.175220331382776484e-02 2.008174668219854198e+01 2.262908569332264719e+01 2.283324031892027151e+01 1.183405955190519876e+01 2.761089847976437284e+01 3.462591050424426697e+01 3.043377038347389174e+01 1.468868652293520682e+01 3.476236850316649907e+01 4.835741514351502701e+01 4.009798592735752010e+01 2.446446132731985301e+01 4.446175116734203669e+01 5.742777097532314912e+01 7.152041330658489926e+01 7.715851174569360182e+01 6.888969353234911353e+01 5.937662463290556047e+01 5.468704889702705429e+01 6.617781584752518143e+01 8.607385998656110360e+01 9.620277926210178521e+01 8.566322164441012887e+01 6.896016572813832113e+01 6.896016572813832113e+01 8.740173631254918973e+01 7.896343652023220727e+01 9.308851519228902305e+01 9.352433706602731434e+01 8.723946943987482427e+01 7.916252400497664610e+01 6.760870389695527649e+01 7.121502609184010169e+01 5.068353044928525009e+01 6.065131466713958019e+01 6.894807206791645626e+01
7.631710034972485901e-02 1.421845272408079985e+01 3.421845272408150151e+01 3.875581459884225666e+01 3.327727083044000977e+01 2.183245309505610265e+01 3.903233715079245059e+01 3.789958565423545878e+01 1.781196227741173033e+01 3.789958565419993874e+01 5.105719048175917152e+01 5.272362570817663396e+01 4.446175116088704016e+01 2.920270016575035399e+01 4.333512864406128529e+01 6.257609012383395708e+01 7.702351581900497024e+01 8.531780364265020467e+01 7.927937838192887909e+01 6.617781584752519564e+01 8.286156086355700268e+01 9.437164232436219891e+01 8.792174339103023328e+01 6.797954916547975301e+01 5.746894864718745310e+01 7.738960941927017245e+01 6.746027093723162693e+01 6.487499346768400699e+01 7.896343652023220727e+01 9.892866819360297370e+01 9.857354605502877121e+01 9.582836442267173993e+01 8.542535420105654964e+01 6.532891546323098453e+01 7.121502609184010169e+01 7.826179722116945925e+01 7.164323693304275764e+01
9.124702163186203252e-02 2.009124702163150644e+01 3.731042186260031457e+01 4.885742724639413126e+01 4.812880426635123143e+01 3.496375827327133123e+01 4.812837316823467404e+01 3.422454717648788858e+01 3.789958565423553694e+01 2.270892450800489470e+01 4.276354575268939584e+01 5.631579856155072861e+01 5.742776981789988611e+01 4.916749759388331142e+01 3.437734414175274367e+01 5.431550727329076977e+01 5.712217276483414707e+01 7.504120981757064612e+01 8.499986875737343439e+01 8.607386001136346465e+01 9.437165040939159155e+01 9.623331453672638247e+01 8.816869570080379503e+01 7.163900998967166345e+01 5.172129093007120559e+01 6.480728871369669264e+01 5.338157393348347313e+01 6.746018592711881467e+01 8.739562710596884187e+01 9.271638429623830291e+01 7.857372553300893969e+01 9.271638429623841660e+01 9.361292178206025483e+01 8.542535420105654964e+01 8.074042077069915990e+01 6.119656963446733045e+01 5.404082175442809444e+01
8.187870513261463756e-02 9.026150615131850685e+00 2.057315599892456959e+01 4.057315599892527302e+01 5.329685064247916415e+01 5.648091762819397843e+01 6.254716584585712980e+01 5.425156864366729081e+01 5.105719058496126905e+01 4.276354575268939584e+01 2.799732788629527747e+01 4.216172561703132970e+01 6.217126090078932776e+01 6.135280202352337398e+01 4.144832666666786025e+01 4.086729121416111354e+01 4.688794440285244036e+01 5.683096520833196053e+01 7.085965936155662348e+01 9.081854960728693982e+01 9.650324234289453784e+01 8.679979209021860243e+01 6.913557369005847875e+01 7.505903749608188491e+01 6.480728871369646527e+01 4.488201069415300992e+01 5.638651734385864245e+01 7.046682282203003922e+01 9.039605621132976410e+01 8.377217660216732042e+01 6.443231611737616049e+01 8.255848406031233822e+01 9.084330844457996079e+01 9.135178555135935596e+01 7.560098922786758635e+01 5.554792408176077601e+01 4.149828452206823215e+01
2.239863785106879432e-02 2.002239863785071350e+01 2.897501579590526788e+01 3.388296567806685999e+01 3.348885852483795844e+01 4.376156337020164955e+01 5.451188747986024907e+01 6.445829115991779190e+01 6.617294390418753380e+01 4.616452888705944702e+01 3.201248220709666015e+01 4.616452888705944702e+01 6.617294390422404149e+01 6.961867770920684961e+01 5.036528143457195483e+01 6.077413725940475331e+01 5.712217276483414707e+01 5.945788137934783890e+01 7.934770865135718054e+01 8.725375901394917832e+01 7.277761544320991050e+01 8.666253914395673519e+01 7.505903749607828956e+01 5.553724091249381445e+01 4.807350629668465558e+01 4.145575929275289440e+01 6.138974508963237753e+01 7.784416326545500908e+01 8.786722233950769123e+01 7.548761371060223269e+01 5.548856402739497895e+01 6.255923847236692836e+01 8.255848406031233822e+01 8.304428905640683922e+01 6.294107138941698310e+01 5.140497083416708080e+01 6.142133087947985359e+01
1.991760116496149591e-02 4.491388697531849772e+00 9.075233669377343659e+00 1.405784623139387080e+01 1.955787169638834655e+01 2.635193814466351725e+01 3.632561320611394962e+01 5.619010364106908639e+01 6.617294390422622996e+01 4.616452888705945412e+01 4.616452888705944702e+01 3.958084152227530694e+01 5.372478432510411750e+01 7.373675958854363444e+01 6.183064615900788397e+01 7.852289767578221813e+01 7.117552392867129640e+01 7.349552717152776893e+01 8.764838936031601691e+01 7.689394704250901214e+01 5.692989112779168437e+01 7.688009006247786203e+01 7.062496404091392321e+01 6.487143737129088095e+01 5.806744201390996807e+01 3.812404859158380077e+01 4.964555373555027984e+01 6.957549599309062671e+01 7.958245353092284802e+01 5.958319964610589636e+01 4.841776113635507528e+01 6.255923847236692836e+01 8.255848406031233822e+01 8.784865320251464027e+01 6.774941131827378626e+01 7.143769092479267613e+01 7.591555167047685870e+01
1.766589122093755945e-02 2.001766589122058093e+01 2.897501579590526788e+01 3.388296567806685999e+01 3.929048509440517734e+01 4.625785842359039890e+01 5.451188747986024907e+01 6.445829116098541078e+01 7.447334241977696934e+01 6.617294390422738104e+01 6.617294390422404149e+01 4.958239175748002481e+01 5.027280529758105843e+01 7.028097014682066401e+01 8.173186963795789950e+01 9.003884775399626506e+01 9.114181715329650046e+01 9.347612454943033811e+01 8.297531003985022835e+01 6.223195421558890672e+01 4.778094776100460450e+01 5.889564651002729789e+01 6.487143737130089960e+01 4.541733905271933480e+01 5.135659074961942849e+01 3.526742426591683000e+01 4.938433581437497111e+01 6.932588996914701340e+01 6.521304126004976354e+01 5.692881547563198552e+01 4.325388905739111323e+01 6.325313111286430257e+01 7.854549052429347000e+01 8.854535032591971344e+01 8.784865320251464027e+01 7.955681588397382598e+01 7.125751127472746305e+01
6.490672536223988931e-02 2.006490672536188313e+01 3.056142731840027693e+01 3.659165420999323715e+01 4.366272202193849239e+01 5.194699333272642860e+01 6.349399888112979085e+01 7.147263374532248292e+01 6.318866592651791336e+01 7.147263374532248292e+01 7.789194697972587278e+01 6.372540464253572878e+01 6.441614172035927766e+01 6.660588529773849586e+01 8.663322248666987946e+01 9.091401374608531682e+01 8.264813349580390422e+01 9.091401374608531682e+01 8.240986249846936573e+01 7.245877454700008968e+01 5.889564651003055928e+01 3.877472215231200892e+01 5.085808673512755718e+01 4.775179880429456603e+01 3.138255579387267602e+01 5.135659074961901638e+01 6.348920432284555915e+01 6.043223420353918840e+01 5.214804203395343762e+01 3.692940530279133782e+01 4.270284849570978025e+01 5.026194968733562263e+01 6.026147561934112673e+01 8.026063195625715707e+01 8.542247296297006187e+01 6.539019203296207650e+01 5.132490425742884099e+01
