MOVIE_S12_data/elevation_000753.asc
nrows	50
cellsize	150.0
xllcorner	0
ncols	50
yllcorner	0
NODATA_value	-9999
[rows 17 to 33 of 50, columns 0 to 36 of 50]
5.436832538903087209e-02 2.005436832538867620e+01 3.901829224225894421e+01 2.507185723959547374e+01 4.335558365130972902e+01 4.537537335224446622e+01 4.607616877849042680e+01 2.607622697526487698e+01 3.762323495477587443e+01 5.762339859414529286e+01 6.236781166119218511e+01 4.417059210418467785e+01 5.417127855483673926e+01 6.936695121740282843e+01 7.765299746684561910e+01 8.767786000292360882e+01 9.377460849408791432e+01 7.360403502757945660e+01 5.943704779102424851e+01 5.049046312072374576e+01 4.342185463813462576e+01 3.871434282743332034e+01 3.445759814293246137e+01 3.163780253538008225e+01 5.163466175308494144e+01 6.450926717538986566e+01 7.232661265189003075e+01 7.719565036279475123e+01 7.349314215760583124e+01 8.355310765076309565e+01 9.195477062836060611e+01 8.598080683944588998e+01 6.589569578594743859e+01 5.434700689878318514e+01 4.539847707254882181e+01 4.539847707254882181e+01 5.582434621398800090e+01
9.647730019007895452e-02 1.423861292392115452e+01 3.423861292392185618e+01 4.507181349704067941e+01 4.507181289945453528e+01 6.021785028427456155e+01 4.021836453368560171e+01 3.240078229736548110e+01 5.240069730574339246e+01 6.590573446975832894e+01 7.245658188371159270e+01 6.417186350668912098e+01 7.245658179546161648e+01 8.246010095984792088e+01 9.129309553982628245e+01 8.299730218314545027e+01 9.129225540271589523e+01 8.790377662258163127e+01 7.503049280089159367e+01 5.496836796964695537e+01 5.756725432199938552e+01 5.285212108977071921e+01 5.446067834181701528e+01 5.048557013379294034e+01 3.594356336126318752e+01 5.602287865668731115e+01 7.191476433178466721e+01 8.373803855719728517e+01 9.366992264435386062e+01 9.452016374211744676e+01 8.631546010465967811e+01 8.631546010465967811e+01 8.067111881406252394e+01 6.060393053033309485e+01 4.645465695818064944e+01 3.644415812956035694e+01 4.167162499672944875e+01
9.953738903938927352e-02 1.164654277283200656e+01 2.578867839656320982e+01 4.578867839656391681e+01 6.507135359922534690e+01 6.848738124916319236e+01 6.021785011582605307e+01 4.394778975179412583e+01 4.504989669929966567e+01 5.919205747264179962e+01 7.919114558585940244e+01 7.551819030249150444e+01 7.770889229937255038e+01 8.601630380265243048e+01 8.128397235475431160e+01 6.298223063417295009e+01 8.128397235475431160e+01 9.284518643829584050e+01 8.341036537830899533e+01 6.652590235507999239e+01 7.764406507918563705e+01 7.291191252234075648e+01 6.140850636195696666e+01 4.170613024208135755e+01 5.602287865668731115e+01 4.323339717468128640e+01 5.477704961593641997e+01 7.512953017021621349e+01 9.348341858786490377e+01 8.631546010465967811e+01 6.641115239300664541e+01 6.641115239300664541e+01 8.046565806756200345e+01 7.482964434417887389e+01 6.430074985756395733e+01 4.426869772927310720e+01 3.010884104129543104e+01
3.582433992925927735e-02 2.003582433992890444e+01 3.243846594612320899e+01 4.072786440933806063e+01 4.968052381925411254e+01 6.125086922301874637e+01 7.222825920413524159e+01 6.394758342431124021e+01 6.504965476345591924e+01 7.333011660598380388e+01 6.977345417249959780e+01 5.572209015143575073e+01 5.788188932283674148e+01 7.240257440509380160e+01 6.414155822003849039e+01 5.320453049560902770e+01 6.452620210321926209e+01 8.455125852765968375e+01 9.505905327222113499e+01 8.664799933413870292e+01 8.492703140552553975e+01 6.547573269194150214e+01 5.164412654164884486e+01 4.704032950477238728e+01 6.664919651036801440e+01 6.337902004352616103e+01 5.264866424426868718e+01 6.424727849586189166e+01 8.483438546590134877e+01 8.666304848370099023e+01 7.224098914608337907e+01 5.228509525508657418e+01 7.076833852707551387e+01 6.768870465556150862e+01 6.471217369368847017e+01 5.845755538415617281e+01 4.504905920519480844e+01
8.338298177320474514e-02 6.113609873328503141e+00 1.243816519366599849e+01 2.138243711094293431e+01 3.292944572601683006e+01 5.293287549841510753e+01 6.380106448885351256e+01 5.560320201687571284e+01 6.380106448885351256e+01 5.998427344374108827e+01 5.180422240343568774e+01 4.208852191192706726e+01 6.151998825722517950e+01 5.702550030866099462e+01 4.465348833623643543e+01 5.831980739849557693e+01 7.819650801016409503e+01 8.306196413332008888e+01 8.306201159992910732e+01 9.133963626911570088e+01 8.492703140552553975e+01 6.547573269194150214e+01 7.117288618226514529e+01 5.278667299591698026e+01 7.227498865679953610e+01 8.154781437554268564e+01 6.424727849586189166e+01 8.154781437554268564e+01 8.254814842687088117e+01 7.258822055121436279e+01 5.851339175241923130e+01 4.561346606327871456e+01 5.081002995975916292e+01 4.772152795191791341e+01 4.473747665109042515e+01 4.812540570169055343e+01 4.571655268445390874e+01
1.813270376062421294e-02 2.001813270376026921e+01 3.243846593596060046e+01 4.071522789100518480e+01 4.658354690665431974e+01 5.455880134539184212e+01 5.395351389855927238e+01 3.594798528695486795e+01 5.395351389855927238e+01 5.180422228989549183e+01 3.251035154125459314e+01 4.664710342005664501e+01 5.076077413900922863e+01 3.771620479403961212e+01 5.126255057174090268e+01 7.093855742402080011e+01 7.725745640759836874e+01 6.317527651655215948e+01 6.317527654608110765e+01 8.306201159992910732e+01 9.315204140464828697e+01 8.492703140552553975e+01 7.840031089657544783e+01 5.903034121639947784e+01 7.840031089657544783e+01 9.348341858786490377e+01 8.483438546590134877e+01 8.839541725037240383e+01 6.849899600367336916e+01 5.437721904305939802e+01 4.437248733621046881e+01 4.044278000036243270e+01 3.665673572480343267e+01 3.356692980381326663e+01 3.058228829376572122e+01 2.811596974645009084e+01 2.569914938389155523e+01
2.351309638313057310e-02 1.416564872019907106e+01 3.416564880187016939e+01 4.380424967382516854e+01 2.786538930574203476e+01 3.719613843803333708e+01 3.596681552866637332e+01 2.615861663788878388e+01 4.577559365191525131e+01 4.623468997682064696e+01 2.685946043440397801e+01 2.727864297290623341e+01 3.146590984096694399e+01 5.076079318086163283e+01 5.950554235692959537e+01 6.748883691848944011e+01 6.060059750909419307e+01 4.930169898103878978e+01 6.317527654608110765e+01 8.306201159992910732e+01 8.848545611859582039e+01 9.676823487458220541e+01 8.656833161860544124e+01 7.270430083222882445e+01 7.270430083222882445e+01 9.215169564533466939e+01 9.873581285139071895e+01 8.527639630903186685e+01 6.536605805074744069e+01 5.123892456818875019e+01 6.435187095427335180e+01 6.043359145662440568e+01 5.665568319811131914e+01 3.745097342505538762e+01 5.058792996272051568e+01 4.812540570169055343e+01 4.571655242715362277e+01
2.372884694381488524e-02 2.002372884206261006e+01 2.268065415173830957e+01 2.930642167370037754e+01 1.609896922289918209e+01 1.883197436064662966e+01 1.632387228323719341e+01 3.596710514490199984e+01 4.480518232417242075e+01 3.669477400229760633e+01 2.155608313481290850e+01 4.104841078742185800e+01 4.356493373139232261e+01 4.600451195594061460e+01 4.023330259708242096e+01 5.318994550467454019e+01 4.106605269568100169e+01 6.060059750909419307e+01 7.725745640759836874e+01 8.215277222822651026e+01 6.853167465116791846e+01 8.524070743479346390e+01 9.416662646393189107e+01 9.215169564533466939e+01 9.215169564533466939e+01 1.004323624049818733e+02 9.053893363746850298e+01 7.064747348772401381e+01 6.066224822099449199e+01 6.123331282401775155e+01 7.942413956248604734e+01 7.373297398311217421e+01 5.378589836587283202e+01 4.300588582297916673e+01 6.298840997670212261e+01 5.967867942233395695e+01 3.969093778109382242e+01
6.296921807001566729e-02 1.370410118991241211e+00 2.680653683152080635e+00 2.052362341538418278e+01 6.473886423804654733e+00 7.850741492942930222e+00 2.767249035631678566e+01 3.110461507331950770e+01 3.260409173648203307e+01 1.709259585057206365e+01 3.669477400229460073e+01 3.453236928936116357e+01 2.399979197565150812e+01 2.648788592564137545e+01 2.902414419071602580e+01 3.376981816201048048e+01 5.321723396835746200e+01 5.979905172513404921e+01 6.356778287750629630e+01 6.225931172844175876e+01 5.711072160292274447e+01 6.594039212161568742e+01 8.002958128627807355e+01 1.000189757675385351e+02 9.706802719111423983e+01 9.925306522568119760e+01 9.873581285139071895e+01 8.880508523323175041e+01 7.218964931984864108e+01 7.534338762695097103e+01 8.937303306350182197e+01 8.195608357820117362e+01 6.900826656552327165e+01 4.904266096865439550e+01 6.900826656552338534e+01 6.792102266421184709e+01 4.969797419477150413e+01
8.175220331382776484e-02 2.008175220331347077e+01 2.203018924754364960e+01 4.553825306250513627e+00 2.462100472816910113e+01 2.767707107450122805e+01 9.876154978928575190e+00 1.131565997036676841e+01 1.283154017186388174e+01 1.460558666803323291e+01 3.435920169249553879e+01 2.052099306819208024e+01 3.444243137428669854e+01 4.600451195594060749e+01 4.849928834068803241e+01 3.345872825177351473e+01 3.678545768288058326e+01 4.029767502356246212e+01 4.398488136957744388e+01 4.839164419721794275e+01 6.225931172844175876e+01 8.215277222822651026e+01 9.416662646393189107e+01 9.124327119911454531e+01 7.712769630750142369e+01 7.930811799397363870e+01 9.925306522568119760e+01 1.002680403842490193e+02 9.207267214026998658e+01 9.520940499111294741e+01 9.456163296005654217e+01 7.469517983688733409e+01 6.058553691412741671e+01 6.900826656552338534e+01 7.723776224915776822e+01 7.788753881506458754e+01 6.965938464989639556e+01
7.631710034972485901e-02 2.007631710034937100e+01 3.360598997293693913e+01 1.897249560051358941e+01 1.650106924541316289e+01 3.721301575774921844e+01 2.968215291555753765e+01 1.616319339610122441e+01 3.260409170067848805e+01 2.356914075860215263e+01 1.715310853422598925e+01 3.687314839597767957e+01 4.831470950584849078e+01 6.218698763704317400e+01 6.109035949959982759e+01 4.461967348441410053e+01 4.793013634184583083e+01 5.979905172513404921e+01 5.776004625907362566e+01 5.776004625907361856e+01 6.225931172844175876e+01 8.215277222868661511e+01 9.586738435062642338e+01 7.591888411967381955e+01 6.302993584303352748e+01 8.296808400420805185e+01 9.775662884115210716e+01 1.053040655732733342e+02 9.407629745517245112e+01 8.576868791282059590e+01 9.407629745517245112e+01 8.872609834669800932e+01 8.051392923853893535e+01 8.872609834669800932e+01 8.915418556570588748e+01 7.994006112485416793e+01 7.165911867686813252e+01
9.124702163186203252e-02 1.423338264536268660e+01 3.423338264536197784e+01 4.041809640816268967e+01 2.899200029295649372e+01 4.747705242311263873e+01 4.080178359413054778e+01 2.115231869939590581e+01 4.080178360133743354e+01 3.242213170071502049e+01 3.687314839597767957e+01 2.128856088159328763e+01 4.092353410682243720e+01 5.334405224723867889e+01 7.245345199279628901e+01 6.421685440205608586e+01 6.758818129885013093e+01 7.583774687472933351e+01 7.758889938841723222e+01 6.916206495266304444e+01 8.215277222868419926e+01 9.043113825424316587e+01 9.001805559766114584e+01 7.007881607526751111e+01 5.596973241128306142e+01 6.953090369984747099e+01 8.364376627049978197e+01 8.534209862981927586e+01 8.405769300195677829e+01 6.573940486759434521e+01 8.234704671742700555e+01 9.065376395425467138e+01 9.409684806856030548e+01 8.255304564476114138e+01 7.427217274098539690e+01 6.087741594446978866e+01 5.166086396098272360e+01
8.187870513261463756e-02 2.008187870513225803e+01 3.647163569716268228e+01 4.647163570382674891e+01 5.128193617768710766e+01 6.022985938708954734e+01 4.622909807477100230e+01 2.666063747072565704e+01 4.622909807477100230e+01 4.656805371057194520e+01 4.092353410682243720e+01 4.092353410682243720e+01 2.563720562178842854e+01 4.519038840010552605e+01 5.403774042497292385e+01 5.829152914452949830e+01 6.522348261930660840e+01 7.346245135306348573e+01 8.232583866455371435e+01 8.910016930040565342e+01 9.738166934991639323e+01 1.007205005812648295e+02 8.448790555983434558e+01 6.454477815822372122e+01 5.043110527922330277e+01 5.542262089568797734e+01 6.540171966629250733e+01 8.534209862981927586e+01 7.575404639020750608e+01 5.572906215196501734e+01 6.231933192436407865e+01 8.234704671742700555e+01 8.581747836028337417e+01 6.582042243874877840e+01 5.427370183745204457e+01 4.720267555852647234e+01 4.087813018473794102e+01
2.239863785106879432e-02 8.187364447128400613e+00 1.818736444712857647e+01 3.232950007086002842e+01 5.232950007087837463e+01 6.551871957570487837e+01 5.240219156894743691e+01 3.288115591818261407e+01 5.240219156894743691e+01 6.662327679885682130e+01 6.052715130788295284e+01 5.255912316504682735e+01 3.306328315768914194e+01 3.057213545131785537e+01 3.456625145711963398e+01 3.879822034681218668e+01 4.561695738376858600e+01 5.429734697600827076e+01 6.565295487947598474e+01 8.555112716029053388e+01 9.486328461156762160e+01 8.067080748183299477e+01 7.950212370943158646e+01 5.955484125812871099e+01 4.544120440052569876e+01 6.539726502187194512e+01 7.491961065508522211e+01 8.301428600157019844e+01 6.818531377558210238e+01 4.816559375721207203e+01 6.818531377558210238e+01 8.167606526856991422e+01 8.556902358192907343e+01 8.255304564476114138e+01 7.427217274098539690e+01 6.720164554636025400e+01 5.567271023234326321e+01
1.991760116496149591e-02 2.001991760116460739e+01 3.090989269172536780e+01 3.723444801206643007e+01 3.723444801210896316e+01 5.551871927912858951e+01 6.058491758923548076e+01 4.665032206878203169e+01 4.665032206878203169e+01 6.628843292524705078e+01 6.643946433786835826e+01 4.680969760089847398e+01 5.255912316504682735e+01 3.793015684495011186e+01 5.403774042497292385e+01 5.829152914452949830e+01 4.743489645373388441e+01 5.869909360882302707e+01 7.851606088379939763e+01 9.382842698440222762e+01 8.654322662994741222e+01 6.652969378581407511e+01 7.388555706713771087e+01 6.162592405382826399e+01 4.166731090750562316e+01 6.076386409051851700e+01 5.490036218681704128e+01 7.491961038075066881e+01 6.283481854073349382e+01 4.281908581297481931e+01 6.164835184033213977e+01 6.164835184033214688e+01 6.553985653985269266e+01 8.556902358192907343e+01 7.876474506468966297e+01 5.876701821548144977e+01 4.722020135455273504e+01
1.766589122093755945e-02 5.362890729469448559e+00 1.090989269172178844e+01 1.723444801205866028e+01 2.723444801205883792e+01 4.137658363579028986e+01 6.137658363584340293e+01 6.628843292524705078e+01 6.628843292524705078e+01 7.451951310968900088e+01 7.467290287258782655e+01 6.643946433786835826e+01 6.563972352632116269e+01 4.761381519907384074e+01 6.563972352632116269e+01 7.531871574241742451e+01 5.717388696850717622e+01 7.531871574241742451e+01 8.678455895817057808e+01 9.683712258467490130e+01 7.679661171075613879e+01 6.265422222029508248e+01 5.388621034117291941e+01 5.805389078732395802e+01 3.801330335815813299e+01 4.059940959493695090e+01 6.075165853951042294e+01 7.280458080441535174e+01 5.783088535879380032e+01 3.781839140946456013e+01 4.163327710837641149e+01 4.919507455354742831e+01 6.334926964463912924e+01 8.337707210578253125e+01 8.704494458418177771e+01 7.550052948629677019e+01 6.721905208511866192e+01
6.490672536223988931e-02 2.006490672536188313e+01 3.090989269172536780e+01 3.723444801206643007e+01 4.551871927219600877e+01 5.499571757955042273e+01 6.327908321187874918e+01 6.657051479817270945e+01 7.015241203284165294e+01 6.429524362300757900e+01 6.648277098504954097e+01 7.476648012149320266e+01 7.549842015320987798e+01 6.725707588787834368e+01 7.549842015320987798e+01 8.524245212126216131e+01 7.697557201763241608e+01 8.524245212126216131e+01 8.229390029335129952e+01 9.058528343282780781e+01 8.047411397607390882e+01 6.046638695215175119e+01 4.632376703813112329e+01 5.848079146422983143e+01 5.299415617243475651e+01 3.299409696295394667e+01 4.455390295337493711e+01 6.452335781046429020e+01 5.311365949380159890e+01 3.310373225738483427e+01 5.311389529872329263e+01 6.921527717304297767e+01 7.126525224809898873e+01 7.956856396685705590e+01 9.295555222064008660e+01 8.466574731331175485e+01 8.255911529640566471e+01
