MOVIE_S12_data/elevation_000974.asc
nrows	50
cellsize	150.0
xllcorner	0
ncols	50
yllcorner	0
NODATA_value	-9999
[rows 0 to 16 of 50, columns 0 to 36 of 50]
8.271705653423140625e-02 2.127631151761726416e-02 9.425194436011796739e-02 4.939197167322698090e-02 3.975871534419905817e-02 6.171646774684565184e-02 1.696294146011132625e-02 1.936121709489252440e-02 4.216450047424835645e-02 2.297044857093000214e-02 6.704298068806634203e-02 4.162315340452049650e-02 3.835349583220235004e-02 2.777463300387698203e-02 2.207885817162396139e-02 7.161913568127860341e-02 9.025521335945362045e-02 3.502399586135773735e-02 8.040414306008919487e-02 3.131346976591601466e-02 7.604099264847130613e-02 2.387740603804927586e-02 5.687112022313325910e-02 4.074439634684711570e-02 8.709178300582484655e-02 7.612946965408906586e-02 1.077918208624280109e-02 9.929772718869623455e-03 4.600412614040166881e-02 2.152795518990661267e-02 2.378824418737431057e-02 9.511189423522797837e-02 9.406546861214974686e-02 1.749038473908382007e-03 2.223905489293687143e-03 6.269637160239108220e-02 9.476101746191394060e-02
7.639902522890137937e-02 2.002127631151726206e+01 2.009425194435976181e+01 2.004939197167287190e+01 8.204724524621388682e+00 2.006171646774648920e+01 5.563964903712378174e+00 2.001936121709453786e+01 2.004216450047389131e+01 4.611285125982185207e+00 2.006704298068770953e+01 8.985895063403599892e+00 2.003835349583184566e+01 1.831226131008795832e+01 2.216613930940004362e+00 1.485739369642202412e+01 2.009025521335909659e+01 1.417715961959243387e+01 2.008040414305973442e+01 7.304266237588647570e+00 2.007604099264811737e+01 1.416601302976912535e+01 2.005687112022277674e+01 2.004074439634512572e+01 1.411624140070867117e+00 2.007612946965373268e+01 2.001077918208588713e+01 1.415206539644994521e+01 7.117071938005907761e+00 2.002152795518955131e+01 1.416592386791819891e+01 2.009511189423487210e+01 2.190635142055981976e+00 2.000174903847355168e+01 1.154922927574176050e+01 2.006265453889520600e+01 2.009476101746155763e+01
7.813061968023242432e-02 2.007813061967987878e+01 3.983307226065329587e+01 3.648899577208228351e+01 1.820472452462121282e+01 3.133746759560904138e+01 1.133746759560868611e+01 3.133746759560833084e+01 2.932533033389290011e+01 9.325330333892543067e+00 2.932533033389290011e+01 2.053290044719591023e+01 3.727016631086449650e+01 3.196123419520324305e+01 2.279533271246335957e+01 5.370730408609618145e+00 2.495801863145064559e+01 3.417715961959314086e+01 3.584235330647094742e+01 1.697136871110947709e+01 3.584235330647094742e+01 3.416601302976982879e+01 3.684623704767799524e+01 1.688018235105263543e+01 2.739070763270808229e+00 1.428600622325336644e+01 3.428563836999526870e+01 3.415206539645065220e+01 1.467636139819051877e+01 3.467636139819122576e+01 3.416592386791748481e+01 2.429881992708465432e+01 4.298820248834892332e+00 2.429881992708465432e+01 3.154917015028437532e+01 3.983036297742113874e+01 3.308007677500545185e+01
1.795629399984677299e-03 1.154880101319239927e+01 3.154880101319204400e+01 4.648899577208210587e+01 3.234686014835166645e+01 3.800413426227617464e+01 1.800413426227547120e+01 3.800413426227476066e+01 3.448930812883651242e+01 1.448930812883581076e+01 3.448930812883651242e+01 4.053290044719519614e+01 4.881717169465680684e+01 4.064447654273782717e+01 2.715985511203295388e+01 7.623251371251477337e+00 2.715985888609230514e+01 3.936274924979987588e+01 4.580930663489749577e+01 3.538229052552944154e+01 4.581034242307695337e+01 5.121216166904920186e+01 3.121096810826305301e+01 2.408407789549337963e+01 4.084416351263428169e+00 2.408407789549337963e+01 4.256985882373589902e+01 4.296063264565341910e+01 2.622336678198323767e+01 4.296063264565341910e+01 4.058518085103798967e+01 2.058518094842162327e+01 6.443045318510473685e+00 2.644291121484151930e+01 3.826418869847094584e+01 4.651562324244367375e+01 4.136454881080656776e+01
2.526786264046545702e-02 7.584557322825042469e+00 2.172669294655624483e+01 4.172669294655695182e+01 5.234686014835095591e+01 4.628840550973837509e+01 2.800413426227564884e+01 4.628840550973837509e+01 4.115597479550329751e+01 2.115597479550259408e+01 3.081923974739062189e+01 5.081923974739132888e+01 4.636052155173501177e+01 2.667871926008147554e+01 1.296491160969212686e+01 2.715985888609230514e+01 1.167886407925977821e+01 3.115343573777637332e+01 4.595992058635057020e+01 5.621008728702567225e+01 5.938224109391185124e+01 4.942225186609168475e+01 3.122683629425590013e+01 1.121248317486474733e+01 5.438987274220608015e+00 2.543854789294357133e+01 4.151479855826434573e+01 4.983270324453334155e+01 4.622336678198394111e+01 5.450763802944614156e+01 3.890759982050146704e+01 1.890498187103837680e+01 8.904875138100265985e+00 1.330292216443093700e+01 1.830274960720891642e+01 3.826424697069662528e+01 5.136509642504378093e+01
8.483503398980346555e-02 2.008483503398944947e+01 2.172669294655624128e+01 3.586882857028768967e+01 5.586882857028839311e+01 5.628840550973855272e+01 4.800413426227635227e+01 5.628840550973855272e+01 4.944024604296549796e+01 3.010024670550190962e+01 4.944024604296549796e+01 5.910351099485352222e+01 5.043803059026215152e+01 3.071251537030486745e+01 1.700657579129829955e+01 3.487574182469737138e+01 1.497386970830504538e+01 2.018238414673014702e+01 3.136470388622140604e+01 4.884600756793098242e+01 5.117226463662863978e+01 3.121113739977751678e+01 2.121220377593989426e+01 2.680302184430309964e+01 6.839267358248425133e+00 2.683859219628004666e+01 2.150327390876306310e+01 3.564664807941447577e+01 5.567573295687823531e+01 5.891233847853987982e+01 3.890759984965493601e+01 3.146883753859260935e+01 1.146561273688279314e+01 3.146883710207504947e+01 3.826424697069662528e+01 2.682687153013282355e+01 4.091726350703223858e+01
4.163169627051844027e-03 1.414629879335812745e+01 3.414629879335883089e+01 5.001096419401914517e+01 5.151487031822284735e+01 5.328411293473300248e+01 6.156567426199113413e+01 6.728031518434202951e+01 5.838451795296481350e+01 4.424238232923335801e+01 5.838451795296481350e+01 5.832333218115933704e+01 4.285199975932934535e+01 2.324295337337392198e+01 3.648998501583187704e+01 3.854672978353978863e+01 1.834868945939163254e+01 3.738708370365802125e+01 3.082559950938253124e+01 4.875373345157161253e+01 5.938224109391185124e+01 4.942225186609591958e+01 4.119151165766766098e+01 2.316850520761064658e+01 2.683859219628004666e+01 8.854438245574211663e+00 2.883617693360973533e+01 3.091463004391811964e+01 5.090380997658090223e+01 5.716893268430976605e+01 3.715867874569573814e+01 2.301313468496909209e+01 3.146883213300829496e+01 1.542620313259144638e+01 3.519419172959175768e+01 4.672493503585786101e+01 3.748598674667941566e+01
2.434392073152260791e-02 1.416647954446259838e+01 3.416647954446330004e+01 3.345222603122126515e+01 3.151719432910714858e+01 3.328651239894145419e+01 4.728506807761787201e+01 4.728506807761787201e+01 6.223246879705070000e+01 6.424238232923477199e+01 6.413531231496085638e+01 4.423808195550428479e+01 3.030991478411078077e+01 4.285199975932934535e+01 5.109029891121761580e+01 4.233070056497803790e+01 2.188877622241824739e+01 4.233070056497803790e+01 4.156176527690792710e+01 5.663323627107165237e+01 7.348939611783994508e+01 6.541492816559278367e+01 5.143799422392902443e+01 4.316370119565203112e+01 3.713733975364164053e+01 2.885348888664084299e+01 1.091728073609944438e+01 3.091600796480807034e+01 4.756139324591311635e+01 5.746433490038021574e+01 5.130805267600369035e+01 3.715867874059425446e+01 3.829553344727644770e+01 1.828334655701561218e+01 3.829550635270823733e+01 5.185423919165798168e+01 5.685155733315919235e+01
5.883922493566802470e-02 2.005883922493531202e+01 2.810718822067973122e+01 1.345292582482255561e+01 1.737524850071296711e+01 2.173960617694632447e+01 2.728660680749198519e+01 3.395325956542321677e+01 4.809457175059709755e+01 6.808957404816874259e+01 6.154640721797075287e+01 4.166149154429014345e+01 4.012779222848313054e+01 5.832333218115933704e+01 6.116455470577510312e+01 4.025551917176798611e+01 2.566089547551607453e+01 3.939747870169317423e+01 5.925802207172225877e+01 6.750313406550122863e+01 6.541492816559278367e+01 4.562386937554212807e+01 5.142053628828632128e+01 5.490285421245440745e+01 4.282441920270240843e+01 3.239045760690773079e+01 1.239170029341547163e+01 1.946254732234891804e+01 2.945458611010652916e+01 4.928161075336661412e+01 6.545715508158026807e+01 4.899647931139940482e+01 2.897545611533285737e+01 3.750606028751571586e+01 2.287167799877573060e+01 3.729830805973363539e+01 5.932161345827305610e+01
2.016265153036126551e-02 2.002016265153000774e+01 8.107700997223851402e+00 2.810718821772439213e+01 3.151719432910714858e+01 4.173849288224710108e+01 3.806902200585187046e+01 5.395097233371522094e+01 4.809457175059709044e+01 6.808957404816874259e+01 6.981830185571301683e+01 5.311619431614275300e+01 5.416119915976151589e+01 6.827480342462072826e+01 5.758527568299732735e+01 3.662143949185041691e+01 3.102132803167694775e+01 5.198146653999871347e+01 6.956309230620848894e+01 6.673238860659718341e+01 5.836868953877608845e+01 5.142053628828632128e+01 3.150292195199746814e+01 3.495177960023509911e+01 3.454047811028457460e+01 1.454211356217818896e+01 3.239045760685912967e+01 3.936809843173504930e+01 4.756139324591311635e+01 5.746433490038021574e+01 6.316010565411342270e+01 4.312971357069432088e+01 4.899647943624185586e+01 4.572102816083773291e+01 2.630168829540554043e+01 4.632065747448533699e+01 6.464621317442436066e+01
1.256007409845548775e-02 3.256988496713699721e+00 2.325660008532320333e+01 2.443743935581827387e+01 4.443569813512090150e+01 5.979656328308180235e+01 5.806576590820944972e+01 6.634712535843767967e+01 6.808957404816874259e+01 7.637036584350437352e+01 8.134105158383489709e+01 7.306229220117923262e+01 7.410942547016006188e+01 7.225018151426576196e+01 5.151087279676163888e+01 5.758527568299732735e+01 3.699253972218630793e+01 5.806438403241494939e+01 7.255075758730296798e+01 5.249428460369334459e+01 3.829954601002879855e+01 3.194222001000190758e+01 2.615501197974733216e+01 2.080686951603032497e+01 1.672429215335243313e+01 3.454047811700531412e+01 4.282442026278464198e+01 5.219934067995019689e+01 5.973824269308293111e+01 6.802337595067002951e+01 7.143974989190658675e+01 6.316010565411342270e+01 6.499532683592421733e+01 5.050364072562963003e+01 3.047215403760534613e+01 3.630445806098873618e+01 4.631279217806790882e+01
1.283213977233468341e-02 2.001283213773685787e+01 2.322807418356110887e+01 4.308735556365319752e+01 5.271780104833226233e+01 6.602486204838571382e+01 5.773795240775294957e+01 6.602486204838561434e+01 6.831025747857249542e+01 7.660071493483808069e+01 7.157228292589853424e+01 7.007835142855341815e+01 7.837012271701176758e+01 8.063856305727637164e+01 7.225018151426576196e+01 5.806438403241494939e+01 4.451040248133003274e+01 6.547730269219810850e+01 7.255075764049932729e+01 5.249428460369702520e+01 5.836868952338455330e+01 5.202226911207235105e+01 4.490373085561362387e+01 3.541560651413962546e+01 1.860573305590017412e+01 2.188791849335116879e+01 2.560100940776468192e+01 3.225839094905832383e+01 3.979218280788058593e+01 5.129423532350546111e+01 7.127297126966877272e+01 6.846304613485473567e+01 4.836201982343597905e+01 3.679818708497364099e+01 5.050364072562963713e+01 5.633685688798175306e+01 6.464621317442437487e+01
9.594114293757748102e-02 1.423795276511656738e+01 3.423051637480220677e+01 4.093128270481152953e+01 4.277239444614298947e+01 4.863123620756668686e+01 3.773560344793433785e+01 5.602309875282315232e+01 4.830477421054741427e+01 6.504894550707956569e+01 5.156524039378525259e+01 5.007191096322414126e+01 6.421693035510099890e+01 8.422907367886182328e+01 8.703556276167115868e+01 7.389632693721878809e+01 5.516379921476018211e+01 7.389632693721878809e+01 8.097050048601990113e+01 7.255075763889405494e+01 6.940299169147638736e+01 5.119806171627603675e+01 3.853515667267473788e+01 4.032467399939504560e+01 2.050404661508747139e+01 4.067731723193107740e+01 4.555235743632466949e+01 3.225839094908240412e+01 5.219962234406185786e+01 6.802337595067002951e+01 7.956477575046632467e+01 7.680288320104484967e+01 5.685771318296940535e+01 4.575142680848893662e+01 4.680995881899696087e+01 5.839469986902258825e+01 7.853139240068706783e+01
3.950229235330715398e-03 2.000395022923497379e+01 3.493900479325009201e+01 2.076849175171091488e+01 2.277131784344109988e+01 2.862949732291839311e+01 2.773545961576955676e+01 4.410914330278377093e+01 3.675718959183560486e+01 4.799564259962713919e+01 3.742212452121528088e+01 5.742516747995357207e+01 7.258902613611867594e+01 7.133853581389129772e+01 7.963914920032537736e+01 8.414148654403608418e+01 7.579080616963616990e+01 8.414148654403608418e+01 9.330496640329889146e+01 7.296420589583001970e+01 7.296420589583001970e+01 6.139853516088692231e+01 3.909504661879660148e+01 2.325123517382522564e+01 4.072455305171465767e+01 4.913944598240190231e+01 5.718469116228812510e+01 3.724438630721651577e+01 5.718491588585568763e+01 7.276393770780350678e+01 8.106646183256535210e+01 8.531257532902205298e+01 6.584288760431897458e+01 5.994441909790766232e+01 6.100634003328792687e+01 6.690546754694182141e+01 8.687065297041860390e+01
7.711341127313005306e-02 2.007711341127277649e+01 2.383234069318035253e+01 6.619051260468602038e+00 8.629126890987043552e+00 1.618841657586563798e+01 3.408743488281641731e+01 2.410793547016873717e+01 3.946690404939270991e+01 2.799397774591057697e+01 4.643316296577884117e+01 4.428791737987047128e+01 5.499948846212632958e+01 5.132737136639286746e+01 6.680864054007598440e+01 6.680864054007598440e+01 8.684334462155047163e+01 9.783316892813917320e+01 7.758172210222460308e+01 7.296420589583001970e+01 5.231435994961797320e+01 5.990409659150503785e+01 5.199682497184654295e+01 4.351962070838115437e+01 2.610827626959189374e+01 4.642087458352717277e+01 6.546927116733623109e+01 5.718491588585568763e+01 4.573448034147924091e+01 5.277563959501144808e+01 6.430396502483901600e+01 8.432047530805527913e+01 8.598412717303203578e+01 8.008305026972800533e+01 8.114722119657341182e+01 8.704791446842195057e+01 8.665269027165645355e+01
9.541454368626212448e-03 1.916466632859813002e+00 3.832119203302119637e+00 2.381517611715417004e+01 2.862670911337460566e+01 1.167909829763916285e+01 1.408681535935465234e+01 1.654864517894182541e+01 1.946594500890611812e+01 2.289591671192645350e+01 2.643145061982425759e+01 3.014535740080103210e+01 3.499607031194928197e+01 4.076957884237369711e+01 4.679983949491588646e+01 6.094411669699064049e+01 8.096685353891301418e+01 9.195827901061369403e+01 7.162675725054126019e+01 5.695515029325219558e+01 4.765135372297483229e+01 3.929500356923830395e+01 3.490729247746894259e+01 3.063782848099102551e+01 2.875710204596630604e+01 4.911677088474296937e+01 6.153957858123662561e+01 7.399115339088757537e+01 6.569700713783666401e+01 7.276393770780350678e+01 8.106646183256535210e+01 9.263087399290274959e+01 9.239571818109878620e+01 8.402918617590516703e+01 8.291353699701954838e+01 9.128156345865359356e+01 7.837674853828842458e+01
2.297228869525369793e-03 2.000229722886917116e+01 2.383234069458842797e+01 2.382848966061762397e+01 3.667710149605859016e+01 1.667909829919802434e+01 3.408743509885307077e+01 3.654939743375557981e+01 2.549292119254748812e+01 4.289720626307686757e+01 4.643316296577884117e+01 5.014763121100610732e+01 4.014541560963131417e+01 6.014984681238090047e+01 6.680864054007598440e+01 6.094447351907479060e+01 8.098176438943700362e+01 9.486805358855107784e+01 7.459063163022106835e+01 5.996559057884719834e+01 4.956052168208321973e+01 5.854456131570681521e+01 3.798235188954428310e+01 5.103631005250240094e+01 4.911677088474296937e+01 3.260624480449231299e+01 5.304934737590669869e+01 6.433582644224492242e+01 7.057559240937553113e+01 7.836814328353470671e+01 8.855190075086127877e+01 9.833977465259836492e+01 7.810154634331873069e+01 6.374837860178794102e+01 6.262939144891915788e+01 7.384219391969013202e+01 8.222103112983332096e+01
