MOVIE_S12_data/elevation_000379.asc
nrows	50
cellsize	150.0
xllcorner	0
ncols	50
yllcorner	0
NODATA_value	-9999
[rows 17 to 33 of 50, columns 0 to 36 of 50]
5.436832538903087209e-02 2.005436832538867620e+01 1.289752278115070183e+01 2.600520757532224536e+01 2.809035171589327717e+01 1.495013447917095739e+01 3.294850721665115856e+01 1.759446095544278066e+01 2.097493646899505038e+01 2.462581823576715934e+01 2.840329534715954551e+01 3.286638529512493534e+01 3.755555057314406753e+01 4.453674636891348371e+01 5.587399003592159374e+01 7.565373976426951685e+01 8.209527391133778451e+01 6.203766099420478497e+01 5.202850780941375319e+01 4.536616832871869320e+01 3.934070569991046540e+01 5.304334971159980228e+01 5.531420405581853572e+01 3.522663936132456541e+01 4.942942354493205670e+01 6.952132097678952505e+01 7.300714727603188692e+01 5.298439933878083252e+01 6.356833337975241704e+01 5.510685915550440939e+01 6.926713131790155842e+01 8.927370855918979942e+01 8.901832246706875651e+01 8.073453872667086273e+01 7.317450740102350437e+01 6.684847275662896493e+01 4.981066569215236939e+01
9.647730019007895452e-02 2.009647730018972211e+01 3.289752278115140882e+01 2.922745439970551473e+01 4.318849935881006985e+01 3.492424772721643933e+01 2.250738642833008285e+01 3.793684131295656670e+01 3.094715761244446384e+01 4.446317837601713308e+01 4.242261207669795198e+01 4.242261207669795198e+01 5.726990192030832816e+01 5.726990192030833526e+01 5.843409570418417331e+01 7.823585230823249503e+01 9.041271671884321393e+01 8.038061955912418455e+01 7.206646745277127764e+01 5.935069349318077059e+01 4.824342187083092170e+01 6.765952153885592679e+01 5.888766671397961261e+01 3.876306999190965996e+01 5.888767684373243583e+01 7.389934280783592158e+01 8.129576664601457026e+01 6.194600830931819502e+01 8.129576664601457026e+01 6.926713131790155842e+01 8.341566635421442300e+01 9.487545061010744973e+01 7.487718124022860877e+01 6.073257593514995989e+01 5.316983077826637327e+01 4.684280799406774776e+01 4.129482081177039277e+01
9.953738903938927352e-02 1.424167301277046427e+01 3.424167301277116593e+01 4.922745439970831427e+01 5.751172564888993577e+01 5.066856220352013196e+01 3.402966780337123964e+01 3.192048178258616886e+01 5.073381462131517594e+01 5.073381462131517594e+01 6.216638775501917280e+01 5.636859526499044648e+01 7.039393826971223689e+01 7.705965595260072121e+01 7.823585230823249503e+01 8.650001412469080719e+01 8.396163922590714890e+01 9.221913258168814309e+01 8.771528116049579182e+01 7.646390580952052574e+01 5.956368688120109312e+01 6.811347093646679696e+01 4.778814308999752569e+01 5.888767684373229372e+01 4.546300478482755381e+01 5.971661596342819678e+01 7.980378948554346152e+01 7.350180041497156935e+01 9.024455185206889496e+01 8.927370855918979942e+01 9.374051849509386614e+01 9.155299395587941547e+01 8.901832246706875651e+01 8.073453872667086273e+01 7.317450740102350437e+01 6.684847320271970261e+01 6.129989995135512970e+01
3.582433992925927735e-02 2.003582433992890444e+01 2.964814069041056044e+01 3.519514265266325026e+01 4.347941390012544360e+01 6.214770131643341244e+01 5.391084646711828299e+01 4.187844496049341814e+01 4.599055889804125741e+01 6.584937129661227573e+01 7.876024624003444785e+01 7.616349701627140689e+01 7.372187230770073540e+01 6.540651227237897558e+01 7.372187230770073540e+01 8.067391715483522319e+01 6.393924581538973939e+01 8.067391715483522319e+01 9.481165922725391226e+01 8.769826329533246678e+01 7.832167698826961555e+01 6.306783052168881198e+01 5.680775019285167104e+01 7.166770564379987718e+01 5.154344538051766733e+01 6.191550705856144532e+01 8.199418370257694733e+01 9.350417033501203434e+01 1.017953417217159711e+02 9.374051849509386614e+01 7.374208787272898746e+01 7.155442222087552295e+01 8.569603920929503715e+01 8.196048149576139963e+01 7.370933588401270242e+01 7.061999482165782638e+01 6.381844042496452829e+01
8.338298177320474514e-02 4.797428189683501820e+00 9.648140690410203391e+00 1.519514265266254327e+01 3.519514265266325026e+01 5.347941390012562124e+01 6.347941390012597651e+01 5.334348722500791240e+01 6.584937129661227573e+01 7.409464592993325027e+01 7.416185669656044865e+01 6.592775325255318819e+01 6.359421212267706380e+01 4.507652353016757729e+01 6.359421212267706380e+01 7.240170500052435898e+01 5.223750726808299305e+01 7.240170500052435898e+01 7.537802675476351055e+01 8.700041015732142569e+01 9.361902613868933543e+01 8.253696861795654627e+01 6.673800240232769454e+01 7.836483014958139393e+01 5.827345663223719896e+01 7.836483014958145077e+01 9.026956687612504027e+01 9.918195818635868477e+01 9.529368348879452810e+01 8.943656182639827534e+01 7.741186826801261134e+01 5.740969912118605833e+01 6.741078369459931707e+01 7.370933588401270242e+01 5.373716715878281747e+01 5.065332939395940315e+01 5.065331933545549958e+01
1.813270376062421294e-02 2.001813270376026921e+01 2.379027631414090393e+01 3.519514265266182917e+01 2.519514265266272091e+01 3.519514265266307262e+01 5.519514265266377606e+01 7.319966592160899665e+01 8.145227424777600334e+01 8.124761116288814833e+01 6.592775325255315977e+01 4.583249031466624501e+01 5.171825655944657996e+01 3.484553889229557910e+01 5.176823802992768719e+01 5.620121562293486761e+01 4.498838701270243234e+01 6.527258452362643482e+01 6.151961604714116305e+01 7.537802675476351055e+01 9.481165922725391226e+01 9.456230191730823265e+01 8.059933401960283561e+01 8.664422275192727341e+01 6.834302918044285491e+01 8.664422275192727341e+01 9.918195818635868477e+01 7.918547686959040277e+01 7.529543660012848250e+01 6.943799074419115414e+01 7.058042270001750751e+01 6.631533979039868143e+01 4.740892775688793392e+01 5.846568178402321081e+01 5.526449623952755275e+01 3.961085363441910090e+01 3.070175306839298202e+01
2.351309638313057310e-02 1.416564872011420562e+01 3.416564872011490905e+01 5.207454756160179699e+01 4.519514265266342790e+01 5.347941390012562124e+01 6.347941390012597651e+01 6.961533479498218924e+01 6.860700359988418029e+01 6.433836568375710385e+01 5.268762043443405929e+01 5.171825655944596178e+01 3.144843936206720514e+01 2.719573353074425270e+01 3.139152230031311674e+01 3.581774751055423422e+01 4.265139776819088979e+01 4.990680874278772450e+01 6.991103730806143801e+01 8.045325667772468137e+01 8.872552986439355038e+01 9.872501201554726435e+01 1.003107636980105610e+02 9.665347787825605508e+01 8.838663111871998979e+01 9.665347787825605508e+01 9.439988694823199467e+01 7.440338222016731606e+01 6.285444052193516740e+01 5.529132678718484328e+01 5.057541060378758857e+01 4.631163502742305127e+01 4.231503916400615140e+01 3.847428446614528497e+01 3.528459586248900592e+01 4.737724755820350708e+01 2.743472104668719069e+01
2.372884694381488524e-02 1.157073508580574916e+01 2.571296899405255942e+01 4.571978214210181335e+01 4.683657640551849255e+01 5.505235637761633427e+01 6.042563706730108919e+01 4.845575554291430365e+01 4.951331799459314453e+01 4.412644215075152232e+01 4.932958714236893627e+01 3.233713060443720622e+01 2.383332544170795941e+01 4.412369574001156991e+01 3.169773371118937533e+01 5.209313096856789116e+01 6.092295412409172428e+01 6.516806672003080791e+01 6.970236678254752860e+01 6.034018338238329449e+01 7.044220546580856990e+01 8.461582187143548595e+01 1.045838021541412672e+02 1.076880939275365279e+02 9.950233325699103659e+01 1.076880939275365279e+02 1.026843475597474367e+02 8.943656182639827534e+01 6.943799074419115414e+01 6.943799074419115414e+01 6.472243609185575508e+01 6.631533979039868143e+01 6.231459883780355113e+01 5.556120091209854195e+01 3.558039036201641636e+01 3.089267243910290262e+01 4.735729211775786496e+01
6.296921807001566729e-02 1.420515232594687305e+01 3.420938740586200311e+01 4.352300680795386256e+01 2.689859534106989969e+01 4.355106432030250829e+01 4.260030176543449443e+01 3.531290179282066077e+01 4.916290279346394954e+01 2.950388698099369833e+01 3.787101987277520720e+01 2.068865442345281735e+01 4.093825965294470848e+01 5.251095797111542396e+01 5.209313096856789116e+01 3.641925916117772033e+01 4.051376507445590391e+01 4.480922191241423036e+01 4.942436044220957569e+01 5.964268959443668194e+01 7.130122907413660016e+01 8.547178731043432265e+01 1.054379195728385241e+02 9.776641745528036154e+01 7.962535507045090810e+01 9.776641745528036154e+01 1.082762809220167810e+02 9.772082462007720949e+01 8.943656182639827534e+01 8.943656182639827534e+01 8.472285341764167299e+01 8.160779885772214470e+01 6.263132382228005213e+01 4.263401677720585070e+01 4.499579450457666496e+01 5.085167446060795982e+01 5.909704455775178644e+01
8.175220331382776484e-02 2.007992904805671586e+01 2.488860832944583379e+01 2.466672210758623507e+01 1.536265790739691006e+01 3.532385444910637773e+01 4.248781719835753279e+01 2.504908701970155960e+01 4.166280168804509287e+01 3.529159528629975284e+01 1.765481234689907808e+01 2.143656373319571529e+01 2.536419946455228569e+01 4.568629504063784452e+01 6.008162912179712123e+01 5.684111631416453747e+01 4.559984413709356943e+01 6.516806672003080791e+01 6.970236678254752860e+01 6.120463771369270489e+01 7.285231745085930299e+01 9.286454624846003014e+01 1.003008860491763983e+02 8.956384416372102919e+01 6.943824763478970397e+01 8.843087221729032876e+01 8.843087221729034297e+01 9.788167631112850131e+01 8.966411219218157669e+01 9.788167631112850131e+01 8.487009352317959099e+01 6.486991244350939212e+01 5.332071971401401100e+01 5.018894235327474718e+01 6.498901927008719781e+01 6.498901927008719781e+01 6.596187637962390227e+01
7.631710034972485901e-02 2.007604262028323205e+01 3.324233427800723728e+00 4.675708715990282371e+00 2.454651419452342509e+01 2.801445264914366007e+01 2.932732722567777017e+01 1.787850878350164052e+01 3.244194907718608079e+01 1.510342726743024322e+01 3.529159535712199869e+01 4.170518994853301109e+01 4.568629504063784452e+01 3.130432671314546411e+01 5.170092321487090459e+01 6.686381678931742556e+01 6.593549654380919378e+01 5.584165705184258144e+01 7.602933603577588428e+01 8.131048056508092259e+01 8.958180901009112063e+01 1.011234509172005005e+02 9.208643500674806148e+01 7.198233261320181953e+01 6.211776987297967878e+01 6.825653990262836146e+01 8.843087221729032876e+01 8.785269066843771668e+01 6.951542128565148460e+01 8.785269066843771668e+01 9.315523235806169566e+01 8.160779885772214470e+01 7.332298359299070967e+01 5.913492444433778417e+01 7.847698013564243524e+01 8.498882341772701920e+01 7.430397152155062201e+01
9.124702163186203252e-02 1.421627232107350869e+00 1.828542244050765575e+01 2.433412478514161137e+01 6.636877638058648721e+00 8.037171754954865577e+00 9.447896937197018730e+00 1.088760521212505594e+01 1.262203820769008544e+01 3.278278244749631654e+01 3.156510330580463020e+01 5.187258351604748441e+01 6.008162912179712123e+01 5.170092321487090459e+01 3.808943144341728981e+01 5.256919695139198012e+01 7.284099488942270284e+01 7.602933603577588428e+01 6.865817916398989951e+01 8.286084562255953756e+01 1.028424504768176746e+02 1.005251500753060725e+02 9.116801750106513680e+01 7.567150413979663881e+01 5.514644861647825280e+01 6.977167044309385346e+01 8.991496266612229249e+01 7.958976673891646669e+01 5.917160192955583398e+01 7.958976673891646669e+01 8.749199411109736957e+01 8.859286489905686324e+01 8.742321384070621093e+01 7.327935743510425937e+01 8.742321384070621093e+01 8.662045416823868038e+01 6.671170920491788081e+01
8.187870513261463756e-02 2.008187870513225803e+01 1.582312593166465220e+01 2.936362077464934472e+01 2.127884939447798018e+01 2.802761072999080483e+01 1.761091536375858979e+01 3.171057696678161264e+01 1.488837601908531916e+01 3.516932769842278361e+01 4.787737982085183575e+01 6.024427697041568308e+01 6.507115531056520297e+01 6.686381678931742556e+01 5.850666910059771197e+01 4.646746967361696079e+01 6.681248808753593948e+01 8.591590507149577149e+01 8.871332218538171333e+01 9.697774125141648938e+01 9.454988315787598196e+01 8.020224999044245351e+01 8.292580596908157986e+01 6.260324483296409426e+01 5.055520883209015892e+01 7.119256982652146348e+01 8.440396623495796291e+01 7.278371180246298877e+01 5.219395734835841694e+01 7.278371180246298877e+01 6.726040137445767186e+01 6.838340248911671893e+01 8.260956070036438348e+01 9.327855183880998879e+01 9.562754119039128398e+01 8.558261010190959439e+01 6.671170920491786660e+01
2.239863785106879432e-02 1.894067200167101817e+01 3.328020872150754883e+01 3.989613250346209128e+01 4.277296726483446321e+01 4.488550490759534739e+01 2.760257102889186953e+01 4.358413700349964159e+01 3.514882001566951431e+01 1.905983571812053512e+01 3.941332352921850912e+01 4.829869979959977400e+01 4.452917644286669940e+01 6.507115531056520297e+01 7.514121370769099428e+01 6.090431141979711072e+01 5.740875126939302930e+01 7.173064685422696130e+01 9.180775294143893461e+01 9.750928346591952334e+01 8.439124265748081655e+01 6.581690881601335263e+01 8.439124265748081655e+01 6.714525034884209731e+01 4.643331588937940069e+01 5.560731590756157061e+01 7.000564107125974544e+01 6.683996166415015239e+01 4.613925552015027165e+01 5.901583017551438104e+01 5.262497418009913730e+01 5.376759305173273162e+01 7.430261698485358579e+01 8.761664959949006004e+01 8.726187542925012508e+01 6.720479226887368895e+01 5.754854836928010542e+01
1.991760116496149591e-02 1.416205322489603624e+01 3.416205322489673790e+01 4.476031214348063259e+01 5.304496448776958317e+01 5.597986956737582176e+01 4.766114460007497655e+01 5.601517512567184554e+01 4.787659243639979678e+01 2.915052184725848150e+01 2.365402857914260437e+01 2.775447537645092666e+01 4.829869979959977400e+01 6.160140788299905523e+01 6.999198254754730897e+01 8.107608832768740115e+01 7.173064685422696130e+01 8.591590507149577149e+01 9.089318149316669349e+01 8.249726659833619635e+01 6.881541505959559402e+01 5.570489017689104827e+01 7.598579921396786574e+01 7.305054389595348141e+01 5.289569927630473956e+01 4.083663985847647382e+01 5.671551305332269521e+01 5.350698191231394674e+01 5.901583017551438104e+01 3.823195997822519132e+01 4.055419487915551713e+01 4.846673361889553888e+01 5.891159413959103119e+01 7.933396699875304137e+01 9.562754119039128398e+01 8.558261010190959439e+01 6.824806315700446646e+01
1.766589122093755945e-02 2.001766589122058093e+01 2.849921128948054871e+01 2.476025992931170094e+01 3.953781544398543701e+01 4.660888630881490258e+01 5.489332997122328806e+01 6.644046025703978842e+01 5.811858292568995665e+01 4.366347634989939053e+01 2.924080361734633016e+01 4.829869979959977400e+01 3.473802309814082889e+01 4.096147376022397424e+01 5.562550143954177884e+01 7.602852226626659160e+01 9.180775294143893461e+01 9.372629999251671506e+01 8.249726659833619635e+01 6.220071940069082217e+01 6.814544044020833269e+01 4.859936205815019861e+01 6.881541505959559402e+01 8.112627728191699816e+01 6.977156786824858159e+01 5.068375722453318843e+01 3.592229850479768771e+01 3.270484826088559771e+01 4.907215616735194175e+01 3.317402529787036514e+01 5.397500122654084720e+01 6.912238776895354420e+01 7.746462130871283591e+01 8.761682661845702569e+01 8.458465132109834883e+01 7.459545863268431276e+01 6.631451051852400269e+01
6.490672536223988931e-02 4.235195006503754023e+00 8.499209333616001061e+00 1.321325454152635892e+01 1.953780986186323076e+01 2.660887767372883062e+01 3.815588306335127555e+01 5.815590348039058455e+01 7.257148923040647048e+01 5.576968702615585016e+01 3.512470306650948970e+01 5.576968702615585016e+01 4.399477093236432523e+01 6.160140788299905523e+01 5.409364097040671027e+01 6.860363159814350809e+01 8.880497134134809301e+01 8.533380202627684241e+01 6.503451595770683014e+01 6.814544044020547631e+01 4.793492337799268910e+01 4.281342380665062564e+01 5.704260674676746845e+01 7.731257583554059920e+01 7.960452451372526639e+01 6.510818718902365276e+01 5.668144861347850139e+01 4.907215616735194175e+01 2.827054927121417904e+01 4.907204269401940167e+01 6.241996657648204661e+01 6.791293754978194386e+01 7.641933553674344637e+01 8.832312939889170877e+01 7.631825661001325045e+01 5.631062341182523312e+01 4.630372416296524563e+01
