MOVIE_S12_data/elevation_000154.asc
nrows	50
cellsize	150.0
xllcorner	0
ncols	50
yllcorner	0
NODATA_value	-9999
[rows 0 to 16 of 50, columns 0 to 36 of 50]
8.271705653423140625e-02 2.127631151761726416e-02 9.425194436011796739e-02 4.939197167322698090e-02 3.975871534419905817e-02 6.171646774684565184e-02 1.696294146011132625e-02 1.936121709489252440e-02 4.216450047424835645e-02 2.297044857093000214e-02 6.704298068806634203e-02 4.162315340452049650e-02 3.835349583220235004e-02 2.777463300387698203e-02 2.207885817162396139e-02 7.161913568127860341e-02 9.025521335945362045e-02 3.502399586135773735e-02 8.040414306008919487e-02 3.131346976591601466e-02 7.604099264847130613e-02 2.387740603804927586e-02 5.687112022313325910e-02 4.074439634684711570e-02 8.709178300582484655e-02 7.612946965408906586e-02 1.077918208624280109e-02 9.929772718869623455e-03 4.600412614040166881e-02 2.152795518990661267e-02 2.378824418737431057e-02 9.511189423522797837e-02 9.406546861214974686e-02 1.749038473908382007e-03 2.223905489293687143e-03 6.269637160239108220e-02 9.476101746191394060e-02
7.639902522890137937e-02 2.002127631151726206e+01 2.009425194435976181e+01 2.004939197167287190e+01 1.158676409913661409e+01 8.226682277024035983e+00 2.001696294145975585e+01 4.491497172094489621e+00 2.004216450047389131e+01 2.002297044857057529e+01 2.006704298068770953e+01 1.981854031800282812e+01 3.418970514725224064e+00 1.002790193448631939e+01 2.002207885817126964e+01 1.161856030785734717e+01 2.009025521335909659e+01 2.003502399586100324e+01 1.263028935038255751e+00 2.002936687779617841e+01 2.007604099264811737e+01 7.583166866211452195e+00 2.005687112022277674e+01 1.418288002007792237e+01 1.422922740673690001e+01 2.007612946965373268e+01 3.344112515419582987e+00 2.000992977271851458e+01 1.418813974987122606e+01 2.002152795518955131e+01 7.094856056052879723e+00 2.009511189423487210e+01 1.423620110123477822e+01 2.000174469222483964e+01 1.909149083980476336e+00 2.006269637160203700e+01 2.009476101746155763e+01
7.813061968023242432e-02 1.422026624341130763e+01 3.422026624341201284e+01 3.987103534659750892e+01 3.158676409913625704e+01 1.717095418702303533e+01 2.907981184950714137e+01 9.079811849505764698e+00 2.907981184950714137e+01 3.980143721845394822e+01 1.988677619594083623e+01 8.342629958362815401e+00 2.345571626080246119e+01 3.003490019403826139e+01 3.003628922303325766e+01 2.575880238563943436e+01 3.396597189049002452e+01 1.399430063313229411e+01 2.447726690556442986e+00 1.399473121550521881e+01 3.399351834694935093e+01 2.172530025050919988e+01 2.172530025050919988e+01 3.418288002007862758e+01 3.422922740673760700e+01 2.672472953433402054e+01 6.724729534333663494e+00 2.672472953433402054e+01 3.418813974987051552e+01 3.537912730351578006e+01 1.603912796605219526e+01 3.537912730351578006e+01 3.423621162674882612e+01 2.617313361155127538e+01 6.173163411092667197e+00 4.941541258296076933e+00 2.494146803263553736e+01
1.795629399984677299e-03 2.000179562939963063e+01 2.896953977263934377e+01 4.896953977263863322e+01 4.545522543448392838e+01 2.871795957081534567e+01 3.407981184950848785e+01 1.407981184950580733e+01 3.407981184950848785e+01 4.798571486870385883e+01 3.200873209345810722e+01 1.205653612804476182e+01 2.618673778802405394e+01 4.606473540987871473e+01 5.005563428723790764e+01 4.572849750784427414e+01 4.208782202873580047e+01 2.362978465974824260e+01 3.647246978364579562e+00 2.364668775948060642e+01 4.226197668442326005e+01 4.172504331398423005e+01 3.586740910130452420e+01 5.000760609582591343e+01 3.827173491812708761e+01 1.827173491812638417e+01 1.206995437258210480e+01 1.488969533726561423e+01 3.489148863078060714e+01 4.432339921351509560e+01 3.018126358978339852e+01 4.432339921351509560e+01 4.559595949323225028e+01 3.064526236316578789e+01 1.064529936609148919e+01 7.110845836482629245e+00 2.711072885301399893e+01
2.526786264046545702e-02 8.969539772639700814e+00 2.311167539637090229e+01 4.311167539637160928e+01 5.700223081827623872e+01 4.871795957081463513e+01 3.962681381176302153e+01 1.962681381175819695e+01 3.962681381176302153e+01 5.169487928485352057e+01 3.599680968433090555e+01 1.605653301325230942e+01 3.018202149176829963e+01 5.003354684100079197e+01 5.808619552242920037e+01 3.780766286410675292e+01 3.770577128952655244e+01 2.485331560057139910e+01 4.853292356675638963e+00 2.485331560032854625e+01 4.031601643388006551e+01 4.872662110641834232e+01 5.586662327365632308e+01 5.241387054185853600e+01 3.241387054185783256e+01 3.761626520750284186e+01 1.761695633483189738e+01 2.196076310996207326e+01 3.488864516832305185e+01 5.488121507909122698e+01 5.018126358978410195e+01 5.315516583352597735e+01 3.731191070823583544e+01 1.731196603082078056e+01 2.963044732337366938e+01 9.630608989877456949e+00 1.343540115498690568e+01
8.483503398980346555e-02 2.008483503398944947e+01 3.646788194906311986e+01 3.820015193057155045e+01 5.825241887264626683e+01 5.962681381188637175e+01 3.962681381176303574e+01 2.669788162362379680e+01 4.669788162363410322e+01 4.352013228502799080e+01 2.361529165067176805e+01 3.599680968433088424e+01 2.759709590285425307e+01 4.747098135858371393e+01 5.213241566409526229e+01 3.187415597670948486e+01 1.829430165286508725e+01 1.199685237621843292e+01 6.065970482507090367e+00 2.150698417971727849e+01 2.047551798667201695e+01 3.459071949198000340e+01 5.457186276784606349e+01 6.069814178932073645e+01 5.241387054185853600e+01 3.761626520750284186e+01 2.428362300087320236e+01 4.195865596312683721e+01 3.350774945049364817e+01 5.350280894439106305e+01 5.901312998071288263e+01 3.901337392316821706e+01 2.487125542437496861e+01 3.731191070823583544e+01 3.219113228666110160e+01 1.219134658853535491e+01 3.219113228666110160e+01
4.163169627051844027e-03 8.169169755975326908e+00 1.817033290904712928e+01 3.819695764640120217e+01 4.079067954112797167e+01 6.084213728492485274e+01 5.498215288800135880e+01 3.669788162362414852e+01 5.498215288800135880e+01 4.950998455515532015e+01 2.964389202548453639e+01 4.950998455515509988e+01 3.911136526920212475e+01 5.563741882182443277e+01 5.808619552242902273e+01 3.780766286410674581e+01 3.770577128952712087e+01 3.122297106546202272e+01 2.606880618359696200e+01 7.826872870074440769e+00 2.783180811266472787e+01 4.514493597965464744e+01 5.342894788386078631e+01 6.636379120202322213e+01 6.588123018581963208e+01 5.135308714827846899e+01 3.135469079406353998e+01 5.135308714827846899e+01 4.505456143308483519e+01 6.176524975036017651e+01 5.429917981597954935e+01 3.429934411263771210e+01 4.487116578880502971e+01 3.597066545671285098e+01 1.597099131862752586e+01 3.219113227948112410e+01 4.047444840694529944e+01
2.434392073152260791e-02 2.002434392073116598e+01 2.767532494751482730e+01 2.078957847273801107e+01 3.492670579293985611e+01 5.494756449340356852e+01 6.498215290422307078e+01 5.669788162365647111e+01 6.498215291758204160e+01 5.767008335264879548e+01 3.857305912366111755e+01 4.950998455515527752e+01 5.889044556709616529e+01 6.703870926563966748e+01 6.261736913849792785e+01 5.107851202475132624e+01 4.280230751419688318e+01 3.853127507110480821e+01 2.907568619691548406e+01 9.089263088171533056e+00 2.909456437886251123e+01 2.514387061772812615e+01 4.514493597965464744e+01 4.564326185363063360e+01 6.020209606617631692e+01 5.962789168257215522e+01 4.290167786517109505e+01 5.962789168257215522e+01 5.919430411988243179e+01 6.584598942464187132e+01 4.584632851711423740e+01 5.429917981597954935e+01 5.383176713849087491e+01 3.869224467655888589e+01 1.869264658838634219e+01 3.869224743417134960e+01 5.189802665010800808e+01
5.883922493566802470e-02 4.058839224536010093e+00 8.141322157222687039e+00 2.816256637688850617e+01 4.104636583743619127e+01 4.740075880482127957e+01 5.580380550711608123e+01 6.483784988167496977e+01 7.655452600026757182e+01 6.650198527730263720e+01 5.835814309544563372e+01 5.835814309544559109e+01 7.737030453728152679e+01 6.653552204868523745e+01 5.434419836687044381e+01 3.435305699462529105e+01 2.280353234572739396e+01 1.853614024610902788e+01 1.453392359386510790e+01 2.909455269059867177e+01 1.099621052566222978e+01 3.100204703128101968e+01 3.881944929724034665e+01 3.132699193162527251e+01 5.171216438999996967e+01 6.125235228410787158e+01 6.289792692678281583e+01 7.116727228231734159e+01 7.916412645345060639e+01 7.412972492669189251e+01 5.739325284154570284e+01 5.709734075681922150e+01 3.709957123108547705e+01 2.555258996441938990e+01 3.869224743538912037e+01 2.361630622730207207e+01 3.361630204585392079e+01
2.016265153036126551e-02 1.986842778200242421e+01 2.813159537817217526e+01 1.544437669266705448e+01 2.099162759444155668e+01 2.731732915303975773e+01 3.626969338720914493e+01 4.785464802826217579e+01 6.808731645682256328e+01 6.930017568453384058e+01 7.749282333984466220e+01 7.800770570465067522e+01 6.980198341286269681e+01 4.981640472501776173e+01 3.827383237457804910e+01 3.010986220946410441e+01 4.280230751419688318e+01 3.853855432204436937e+01 3.454050152739802115e+01 3.912785906054917007e+01 3.100204703128101968e+01 1.293889078964648043e+01 1.957893963999362796e+01 3.876683944419544758e+01 4.714967464035703415e+01 4.131679154843477875e+01 5.539395221918340440e+01 7.539578117465602247e+01 8.463586793420098786e+01 8.567618268430958040e+01 7.739264232864938720e+01 6.537544148165471825e+01 5.132434422962103326e+01 3.132609251321802901e+01 4.746465232430070813e+01 2.746530802100830115e+01 4.746465232430070813e+01
1.256007409845548775e-02 1.418059080525802251e+01 3.445861983602232925e+01 3.548186556811351977e+01 4.104636583743619127e+01 4.740075880482127957e+01 5.577857959811706223e+01 5.029362373164001099e+01 5.535237033565432085e+01 4.957500019480845310e+01 6.930017568453384058e+01 7.977677324973349471e+01 7.807000679196127635e+01 6.653552204868523745e+01 5.717006364581445865e+01 3.718036096679667679e+01 5.717006364581445865e+01 5.636746898636073411e+01 4.221115455999347432e+01 2.221279563865692097e+01 1.828704253035572336e+01 3.294537583269895009e+01 1.508352132740500018e+01 3.291346260589035921e+01 2.724109838410857520e+01 4.131679154843477875e+01 6.125235228410787158e+01 6.463128242422079950e+01 6.463128242422079950e+01 8.446707839536657048e+01 8.178031944086166050e+01 6.179549315272279841e+01 4.765548106423450037e+01 3.888537923728679147e+01 5.154696705879807439e+01 3.154779092087040482e+01 4.309476349416927832e+01
1.283213977233468341e-02 1.415496776350341079e+01 3.415496776350411778e+01 4.913485830701028334e+01 5.757332872976808602e+01 4.932778771374763949e+01 4.354791205981506863e+01 3.050521210809028005e+01 3.562890266289536356e+01 4.221262013878472175e+01 5.201927333216527671e+01 6.585415504967096467e+01 8.551864920571058803e+01 7.130092603462223622e+01 5.131686879634239062e+01 5.717006364581445865e+01 6.365948085737738893e+01 4.810644117810740994e+01 2.811455158353113504e+01 4.221115455999347432e+01 3.829950458180562123e+01 4.336852671296215789e+01 3.508295885674981207e+01 1.725370665587306718e+01 3.725460637900174277e+01 4.877257411062370807e+01 5.393797576109447078e+01 4.462593749165788637e+01 5.617687767389801934e+01 7.618021408703765474e+01 8.562854483603715039e+01 6.567310363275940688e+01 5.153419279746371728e+01 5.888161348698918829e+01 5.613503646941680358e+01 3.613610556257953021e+01 5.027805632518035850e+01
9.594114293757748102e-02 9.064805098774186831e+00 2.072394646974965937e+01 4.086362603148358374e+01 4.608225562556491894e+01 2.942606302744989577e+01 2.367925000895762366e+01 3.362286632200802217e+01 4.765459708340022615e+01 6.181651268576853653e+01 5.789976425739047983e+01 7.559268504690523116e+01 8.572229399120826088e+01 7.956842383422032583e+01 7.130092603462223622e+01 6.952969583378308016e+01 4.955389834455333187e+01 3.541764032058312495e+01 3.811358737569776878e+01 5.636746898636073411e+01 5.408816238901120954e+01 3.408039024393519867e+01 1.993981355239500886e+01 2.084738829900841495e+01 2.392109244553711278e+01 2.877024412172142220e+01 3.393252901964895329e+01 4.393523244974078779e+01 5.808188200772880805e+01 7.808741352062308749e+01 9.304758403681938717e+01 7.976938264951273538e+01 7.152108953876569331e+01 6.682429637449644133e+01 4.682652223300256367e+01 4.613608441999308951e+01 5.027805632518035850e+01
3.950229235330715398e-03 2.000395022595564853e+01 3.704449422481526710e+01 4.105298834385146023e+01 3.279529482705320476e+01 1.791812408021650782e+01 3.783752160877585169e+01 5.177482031629383386e+01 6.170245360755915698e+01 7.575031013171343375e+01 7.679426153655606413e+01 7.179512508767012946e+01 6.326116657199610671e+01 7.707406530781331355e+01 7.587139228080305031e+01 5.590082481214754750e+01 4.435829809671837864e+01 5.540467396953954449e+01 5.224972453753363055e+01 6.635084829865283496e+01 6.169694811432439963e+01 4.186337294944713960e+01 2.186520744264761973e+01 4.084616007792494941e+01 2.609837546942216235e+01 4.609854291765980605e+01 5.393797439735529053e+01 6.222430927766053799e+01 7.222806217559737263e+01 7.675785112346427752e+01 7.310607128066281746e+01 9.305404793554588139e+01 8.096256036522260047e+01 6.096803568112648719e+01 6.682429637449644133e+01 5.768284167656563710e+01 7.027503736818232483e+01
7.711341127313005306e-02 1.800406188017705844e+01 2.475366280909613792e+01 2.804174842059847705e+01 1.284921817501667896e+01 3.279529482705320476e+01 4.608225562053225843e+01 6.351058398588995857e+01 5.529854246013453434e+01 6.366405899962623494e+01 6.582833665466972661e+01 5.152845922065817774e+01 4.806625334935388594e+01 6.863826801752431095e+01 8.409673194434260779e+01 7.258580105954608541e+01 5.435440786651084721e+01 7.258580105954608541e+01 7.222140727801370019e+01 6.755743342254591255e+01 4.755310935474485490e+01 3.340895521273508706e+01 4.186302563756007089e+01 2.470742085356614481e+01 4.470575985004318653e+01 3.153891804118869757e+01 3.553788599122989922e+01 5.554452091506093581e+01 6.735193831764992467e+01 5.677924451295570663e+01 6.832658549043216567e+01 8.832845898052852363e+01 8.924042570033375910e+01 8.096256036522260047e+01 8.595682957284428483e+01 7.767846979650057904e+01 7.676248073719388287e+01
9.541454368626212448e-03 2.498142399674885716e+00 5.111687624542423869e+00 8.130206011011997802e+00 2.804174842102702669e+01 3.650098037508196569e+01 5.036718079455773989e+01 5.250185354466810139e+01 3.519484879553404255e+01 5.343593837149402503e+01 4.944317605789937886e+01 3.718349209672425104e+01 5.746442822106403980e+01 6.863826801750171569e+01 8.908331125537128514e+01 8.255688109127889618e+01 7.432835168729964437e+01 8.255688109127889618e+01 8.005376805764339565e+01 7.176815532443727363e+01 6.169694813277506285e+01 5.341223645839105671e+01 4.673644340095352590e+01 2.673662168449991583e+01 4.673650223405324056e+01 5.154310521529689026e+01 5.554452091506093581e+01 4.157031496359670797e+01 4.734750838920591320e+01 6.735193831764992467e+01 8.506973266842780390e+01 9.660121724974916901e+01 9.274118926605714819e+01 8.816859378224529564e+01 7.986366492124926708e+01 8.261590650490182952e+01 6.260331029775563394e+01
2.297228869525369793e-03 1.858554528054422894e+00 3.895797650642227605e+00 6.068071291231452058e+00 8.214888044585878291e+00 2.245912028096743995e+01 3.322906682017310231e+01 3.543504156927043880e+01 2.517280663736492485e+01 4.225894048630069477e+01 2.928540884874507100e+01 4.944317605789937886e+01 6.582833571144043106e+01 7.003118531452106765e+01 7.831623774757856893e+01 7.917007708226933005e+01 8.745325510579259287e+01 8.331568148435655985e+01 6.331477947364555092e+01 5.176590793752972530e+01 4.420189657818341544e+01 3.712638215132444230e+01 3.276239898643203219e+01 2.909083040757381866e+01 4.909387665143505330e+01 5.804138340708913546e+01 6.212545699272744315e+01 6.157687956194467915e+01 5.157555518490638491e+01 6.572003557805186347e+01 8.572098612845822174e+01 8.687688341318798280e+01 7.270341728334739173e+01 7.660189676206030640e+01 5.983608807342131541e+01 7.660189676206030640e+01 6.995882932333603321e+01
