MOVIE_S13_data/elevation_000302.asc
nrows	150
cellsize	150.0
xllcorner	0
ncols	150
yllcorner	0
NODATA_value	-9999
[rows 68 to 84 of 150, columns 74 to 110 of 150]
1.198671231393234677e+02 1.059715370446413942e+02 1.034129479056167753e+02 1.163299549931291921e+02 1.127200878103638928e+02 1.323920219956529820e+02 1.388685683497793377e+02 1.212284815697278759e+02 1.096652730974020216e+02 1.013848562592791041e+02 1.048447529026862384e+02 9.924202740324996341e+01 8.475384426436318108e+01 7.350781089847922090e+01 5.245843574062890013e+01 5.258728829324178378e+01 7.363734081525267072e+01 8.605848716243997387e+01 9.818799050380582116e+01 9.195594209078005576e+01 7.280620750007275888e+01 7.841503490075170646e+01 6.060990447131509029e+01 7.982431833002915766e+01 9.425341282973792545e+01 8.251071001767449786e+01 6.237504582593953728e+01 7.212816880416755794e+01 9.213135550347324454e+01 9.313594590945551488e+01 7.371034543870369760e+01 7.165108140765133271e+01 5.547781301782283236e+01 4.144222229426775783e+01 5.943525285230876420e+01 5.969129814398849021e+01 4.293455415500120864e+01
1.183480316899555760e+02 1.044511106755121261e+02 9.456219636266604311e+01 9.662473134718672441e+01 1.156790211610389889e+02 1.216401598036839715e+02 1.249857951814993839e+02 1.111030220132192454e+02 1.249857951814993839e+02 1.161856264157834175e+02 1.061395422668899755e+02 9.589912019790942566e+01 7.541729009245386806e+01 6.049243875817435878e+01 7.089695723965132856e+01 4.992183067806577412e+01 6.480896442875030061e+01 8.547142233287007684e+01 8.703438228325168780e+01 8.180293801646793383e+01 7.841503490075002958e+01 5.910509363622291090e+01 5.672307541767887784e+01 7.612650783264534482e+01 8.995979882290369289e+01 6.993315547382940167e+01 5.557465625765198070e+01 7.579882193823893033e+01 7.896215182740689897e+01 8.710228001356216510e+01 8.136980814419771946e+01 8.201566492316399604e+01 6.856711080382697787e+01 5.338059072725616971e+01 3.930982055359044836e+01 3.955145610793550048e+01 5.968963270155030898e+01
1.322792297633659189e+02 1.224405039060218598e+02 1.075175110762964437e+02 8.770079786936783250e+01 1.019124981605172309e+02 1.019124981605172309e+02 1.162077550401777728e+02 9.722719494246750571e+01 1.162077550401777728e+02 1.079174021961762264e+02 8.777100951157049735e+01 7.746209913345651898e+01 7.001755246300326974e+01 8.141627923923098820e+01 6.938712616467745420e+01 4.848012194957806287e+01 6.938712616467745420e+01 7.863625554242484839e+01 6.953755690524603494e+01 6.446600027191198024e+01 6.671312977429275293e+01 5.149705964283975845e+01 7.111656312599046714e+01 8.415816299962031621e+01 8.857515997092203008e+01 7.074278048280038433e+01 5.051024991699923561e+01 7.074183688695077876e+01 5.889470059296174753e+01 6.751661972417716129e+01 6.008287516875548562e+01 7.470157817478275319e+01 8.050255564093281180e+01 6.769519980115711633e+01 5.730825105149136078e+01 3.721211076642440929e+01 5.547556221458850700e+01
1.239645246276852220e+02 1.180408428030860790e+02 1.125817890778375272e+02 1.019124981605172309e+02 8.193326369966379730e+01 9.675388200472664835e+01 9.874747238786939363e+01 8.829833585919040218e+01 1.080655383388491799e+02 1.161856264157834175e+02 1.061395422668899755e+02 9.784420585387336189e+01 9.063804291543601721e+01 8.260696231906689491e+01 6.179936438649446728e+01 4.706262540749018797e+01 6.582439072689179227e+01 5.859949616087155277e+01 6.364315240331084311e+01 5.144815262795465571e+01 4.695517903848092800e+01 6.648102160249936787e+01 7.393868264830540227e+01 6.589260950572818842e+01 7.420712187433051099e+01 6.020206498295073771e+01 4.590869800611032758e+01 6.001239035995756410e+01 4.726653988917255589e+01 4.727178269200432226e+01 4.552853113661308981e+01 6.558584236370980136e+01 7.665235725508679820e+01 7.219532753715206752e+01 6.211354640771538982e+01 5.378382452897860588e+01 3.547087212636508724e+01
1.043178946380421905e+02 9.835794468118962186e+01 9.284584747728094101e+01 1.053752421390178995e+02 9.675388200472664835e+01 7.653105242187523061e+01 7.866017820816497874e+01 9.297339924058864824e+01 1.126647560221314279e+02 1.085806264735133766e+02 1.167533665542079717e+02 9.941469724492623072e+01 7.896374585641773081e+01 6.393303410114577190e+01 5.634036313821184194e+01 6.582646346739957721e+01 4.508742893796070916e+01 4.427031114029432501e+01 4.345588311357735734e+01 4.264328558152708837e+01 5.812303765396248423e+01 6.748437256901267745e+01 6.529454980518761431e+01 4.688955853175333743e+01 5.779978510529065971e+01 5.711962279780014029e+01 5.643502161430803454e+01 3.990343201287155495e+01 5.315239533286973028e+01 3.309377871959004835e+01 3.651277450855889128e+01 4.771820054185948123e+01 6.833628087436137832e+01 5.206567164458532204e+01 5.206572848088294592e+01 3.378470956152039406e+01 5.271480177873168316e+01
1.189128880887712825e+02 9.923520817473546174e+01 9.221417114474392918e+01 8.551861945069131821e+01 8.176572176411795567e+01 9.320769010604300320e+01 7.278503960732098221e+01 8.997791259775553385e+01 9.449460135881885492e+01 8.865997871666735364e+01 1.085806264735133766e+02 9.941469724492623072e+01 7.896374585641773081e+01 8.495369083639546659e+01 7.137592855878327214e+01 4.653003252777856602e+01 5.577207269680963719e+01 6.469186937553163830e+01 5.781566130393193959e+01 6.165899279290560031e+01 4.153692557701236154e+01 6.053020552825540079e+01 5.865103679451334528e+01 3.858284686459130342e+01 3.782205849799415631e+01 3.706106009166876447e+01 3.630024416605720461e+01 5.419164828453619975e+01 3.415461244311783418e+01 5.213200582472767763e+01 3.202015181227390883e+01 5.070126584964413041e+01 5.037077223954055682e+01 5.038377602173791558e+01 3.207431829707843463e+01 3.912238640907921905e+01 5.918133563276251152e+01
1.116889864772132768e+02 1.189128880887712825e+02 1.017601457899226176e+02 1.053752421390178995e+02 1.017499354182627371e+02 9.749229458481423194e+01 8.997857423205334726e+01 6.940996317893804246e+01 7.412507891691112150e+01 9.449460135901894375e+01 1.066987979619963909e+02 1.076830396724370473e+02 9.941469724492623072e+01 8.022147925593608875e+01 5.923751937958814295e+01 4.757002521552318086e+01 6.667567583018134769e+01 7.531645980307189348e+01 7.839345554650317638e+01 6.997559126171722710e+01 6.048269258738240239e+01 4.043225445383929895e+01 3.966018523324483880e+01 5.853797644002289502e+01 5.788369806289674813e+01 5.709053308150290462e+01 5.465450206801533994e+01 3.522334994648631579e+01 3.923243101453562787e+01 5.938797411577851904e+01 5.109985077296386180e+01 3.093441920470046114e+01 3.015840635207525366e+01 3.032757959018593397e+01 5.031366788882567676e+01 5.916015506370539612e+01 5.180307484064229584e+01
1.313434833916381024e+02 1.296279220880563798e+02 1.214605762634901396e+02 1.113354842049651694e+02 9.749229458481423194e+01 7.752705753891872575e+01 7.362789059230398436e+01 6.981008213284964370e+01 6.614586938784334791e+01 7.824248960182903545e+01 9.246759021011386892e+01 1.041142987953594172e+02 1.063410988801789472e+02 8.930016742097296856e+01 7.687536441345446292e+01 6.786444885652196035e+01 4.906685321077490158e+01 6.936122151408443415e+01 8.847443156401710951e+01 8.120962841807271104e+01 6.434314040448201411e+01 4.355292346429185102e+01 5.974300768804122441e+01 4.592178522340148561e+01 6.613556031054680773e+01 7.160814985247725417e+01 5.162315843139447225e+01 5.528185686971951895e+01 4.267778429654139671e+01 6.303291762346633220e+01 5.828130274093227570e+01 4.292032569664509367e+01 4.924171657836219396e+01 2.905668525084473330e+01 3.528189140200303342e+01 5.942310326485844740e+01 7.199724789962857585e+01
1.303065896588103101e+02 1.221147122915293295e+02 1.150821098609548727e+02 1.031125431652094306e+02 8.324196374945219645e+01 9.749229458481423194e+01 9.378484313979171816e+01 9.016454540089357295e+01 8.417312133961823406e+01 6.354334053966091034e+01 7.558447090753448094e+01 9.590472279938856559e+01 8.641451917593225573e+01 8.641472524076655759e+01 7.981356668487990191e+01 7.044608316088759636e+01 5.013579578218784150e+01 6.023499474254739283e+01 8.035366647232260107e+01 7.301181810128082361e+01 5.180947423597719137e+01 6.435559883913973067e+01 7.279411043921383850e+01 6.022385317526310189e+01 5.303847388103990568e+01 7.328166506176920336e+01 7.173223159229857515e+01 6.918394636361838934e+01 4.877763864495697987e+01 6.918639231616026564e+01 6.738977077012029326e+01 5.627747882004818081e+01 3.853552636187559699e+01 2.839323653427985406e+01 4.938389556632377975e+01 6.123731062163653860e+01 6.990712307254884195e+01
1.122220553775729144e+02 1.022235088193366011e+02 9.513640243667009599e+01 8.983483876327973405e+01 9.469894386750287651e+01 1.113354096563746509e+02 1.056839234438470072e+02 8.565906485113994506e+01 7.107161170742206480e+01 6.180029382368635282e+01 7.990956046000741253e+01 7.857597652419764245e+01 8.638163757714455926e+01 6.607190848812977890e+01 7.199912007218463827e+01 5.167473033816020944e+01 7.044575168416372435e+01 7.854919546704734046e+01 8.847443162183824938e+01 7.981987578310176445e+01 5.939597066749669807e+01 7.981987578310176445e+01 8.869264689052626238e+01 7.870947319989203095e+01 5.847824060928927992e+01 7.870947319989203095e+01 8.083938509779538606e+01 6.064941438971251131e+01 6.918652952118544874e+01 7.752686168041456938e+01 7.592175429785800134e+01 5.695284576112204178e+01 4.781574412302383337e+01 2.773714382787481725e+01 4.716472967855248299e+01 4.196167676986848249e+01 6.158412605538582341e+01
1.303065896588103101e+02 1.114440302433639971e+02 1.150821098609548727e+02 1.013434350067172574e+02 1.146057278594306297e+02 1.228127696461860694e+02 1.114732913598136150e+02 9.152420794294461359e+01 9.027097464199562182e+01 7.909748196434313172e+01 5.942263465530257349e+01 5.813800789115681056e+01 7.667108276006923973e+01 7.325310891170656191e+01 5.323359352510558296e+01 7.198817693455235656e+01 6.826572362261705962e+01 8.269826269245460537e+01 1.027735593141431707e+02 8.807860688082382694e+01 6.986779576981949447e+01 8.807851060766209628e+01 9.873204633717139700e+01 7.870945680264470923e+01 6.529011659810136337e+01 8.541914817834990004e+01 8.913875176210862605e+01 7.497031585756158734e+01 8.913875176210862605e+01 8.291236782011584694e+01 7.390019099690361770e+01 6.560122795315642463e+01 5.100409949510648744e+01 2.964347340048140822e+01 2.682247779459125780e+01 4.597179471870674661e+01 4.627335975821906544e+01
1.394620043300215002e+02 1.312697078028542137e+02 1.294340064382589333e+02 1.212368826701339941e+02 1.256316882219467459e+02 1.168214365374237502e+02 1.086586461933090249e+02 9.726564361152762217e+01 7.698831967981823254e+01 6.234070263570981041e+01 7.990954544687900807e+01 7.670248725892396635e+01 5.632051369012848596e+01 5.504277321072086693e+01 7.356942695572605828e+01 5.639873784038296378e+01 7.678168861875801099e+01 8.440651520993414181e+01 9.266240202444454610e+01 9.803536819136223812e+01 8.977297050387581123e+01 9.804516631800304083e+01 9.954474989106874716e+01 7.956811931528983450e+01 7.956811936984881584e+01 9.369120033200321984e+01 9.034641296747147976e+01 9.496984205533550494e+01 8.880762835541109723e+01 6.878911419765127278e+01 5.441336249537338432e+01 4.528559059388833674e+01 3.834037348693275504e+01 5.077104819747698627e+01 3.921615504580366718e+01 2.593710976607663454e+01 4.542242393778217036e+01
1.260128984649964821e+02 1.296284855774149776e+02 1.330273294136378013e+02 1.313772806309823977e+02 1.117048252687010716e+02 9.777122613951907226e+01 8.882535474348247817e+01 9.874200046839573019e+01 8.510234685228414264e+01 6.446897435269407595e+01 8.510234503751138391e+01 8.505622150025106976e+01 6.807063659591335636e+01 7.555406362702294132e+01 8.023019899383497489e+01 5.976731931269443976e+01 6.071061704324677066e+01 6.390496132161143805e+01 8.441571865150505971e+01 9.641057615311594020e+01 1.045832110071174128e+02 1.144842629437549277e+02 1.078135730667134879e+02 9.954471757448909841e+01 9.954478128161957784e+01 8.421399498779504711e+01 6.951931821451007920e+01 8.415094923964466034e+01 8.677942833070339645e+01 8.291236782012718720e+01 7.390019099690347559e+01 6.560122795630748271e+01 5.325207710335878630e+01 6.286652319145621703e+01 4.427862468281914232e+01 4.542255576993091637e+01 2.507276704815440738e+01
1.238602996725917222e+02 1.099882584942991031e+02 1.133740222055603510e+02 1.272894302678778331e+02 1.256316882219467459e+02 1.127225631672252177e+02 9.294263022514989814e+01 7.858749304095294974e+01 8.731510196371135635e+01 6.667582245235415428e+01 8.731129902002000165e+01 9.680513177962886573e+01 8.850265518916637575e+01 8.533724419102357217e+01 6.484161517677843278e+01 8.023046915529627654e+01 7.524996170423108310e+01 8.441571865150548604e+01 6.885247243696971964e+01 7.624260284648750030e+01 8.647985529785668746e+01 1.063412969987108880e+02 1.097074128967652484e+02 9.953276321471864208e+01 9.123812068758476812e+01 7.557515179270390604e+01 5.505326291319794052e+01 6.856424003013680135e+01 6.626440286012521597e+01 8.070054984684477972e+01 7.987851458698820295e+01 7.385415054364599996e+01 7.348160898909846139e+01 7.181201038307615647e+01 5.905193898674671260e+01 3.892411592681970234e+01 2.448479884122101424e+01
1.304713696694189764e+02 1.108281345995306566e+02 9.946612673829645246e+01 1.116979676234396237e+02 1.198533396124555424e+02 1.130768770136944426e+02 9.376394286347401419e+01 8.866134938038374003e+01 6.996929713734544976e+01 8.731510196371135635e+01 9.558122502786227415e+01 1.057558199443670475e+02 9.130590940569945246e+01 7.097103037162344208e+01 7.270192172512810203e+01 9.301478476367708481e+01 9.550854004326447466e+01 9.323470455794920042e+01 7.296556247453516164e+01 9.323470455794920042e+01 1.045832110071174128e+02 1.144842523419703326e+02 1.015459409180169672e+02 8.093038584932735091e+01 7.054971228069348399e+01 6.371701849638484561e+01 6.848731719558465159e+01 4.815798171640800973e+01 5.186698619429068913e+01 7.053061335887596783e+01 5.939817779318688906e+01 5.341031782280501972e+01 6.787559037512987459e+01 6.082247563865136897e+01 5.077473144611027323e+01 4.337944122804184133e+01 2.389957683652085763e+01
1.386460443800547750e+02 1.230469246780322976e+02 1.033899544465607363e+02 9.196477508013600755e+01 1.056081721936821936e+02 1.015569814034691802e+02 9.415972819047479447e+01 7.377506042355396687e+01 9.052543066763392687e+01 8.466147647364635986e+01 1.046822684118933893e+02 9.760988770099115186e+01 7.756772414794268400e+01 9.130590940569945246e+01 8.302001540139343660e+01 1.012205243903589889e+02 1.091690283815341758e+02 8.946968332247041644e+01 7.777393256159002988e+01 8.742437816722355137e+01 1.015045636416356984e+02 1.211619313006959970e+02 1.097071885262486006e+02 9.953274997280303182e+01 9.123812068755901805e+01 8.434197038729745088e+01 6.929248847013623447e+01 4.890853567189402185e+01 4.186276876501532485e+01 5.718714223910329508e+01 5.412544145935405027e+01 3.929673062050800070e+01 4.853519231451426919e+01 5.283619467346787246e+01 2.278957196255159801e+01 2.307460799215236236e+01 4.248253675159478604e+01
1.222871104574402494e+02 1.312113952647041231e+02 1.198533396124555424e+02 1.056081721936821936e+02 8.576147162031286086e+01 8.156495275634624420e+01 7.811459043821380988e+01 7.991658430837945559e+01 9.932694849050506036e+01 1.046822684118933893e+02 1.128599872309224565e+02 1.023834416847712987e+02 8.257647923543262891e+01 1.023834416847712987e+02 9.722505264297008409e+01 1.111747120887124822e+02 1.172808176625061947e+02 1.028491770677543542e+02 8.310060548864770169e+01 1.028491770677543542e+02 1.153967632996204031e+02 1.144256998171634194e+02 1.058934022021301615e+02 9.753482844641372651e+01 9.688149968493462438e+01 7.627617673220579775e+01 6.172681564068123095e+01 6.929248847013251122e+01 5.718714223910329508e+01 3.711116468162843063e+01 3.423233768970482060e+01 3.160642745323256264e+01 2.935247295472839468e+01 4.490069387128216505e+01 4.162238428292682357e+01 2.249122225903749239e+01 4.278592087185506188e+01
