MOVIE_S13_data/elevation_000006.asc
nrows	150
cellsize	150.0
xllcorner	0
ncols	150
yllcorner	0
NODATA_value	-9999
[rows 102 to 118 of 150, columns 111 to 147 of 150]
9.580271427469868684e+01 1.148232685952095977e+02 1.076942916343299004e+02 9.701551432179998358e+01 7.743607453661051920e+01 9.532566243472533074e+01 8.705786486736562324e+01 7.067827291337859208e+01 8.037316532433652583e+01 6.010979601053210786e+01 8.037316532433658267e+01 8.723551423820416062e+01 6.913086757996572373e+01 8.723551423847071362e+01 9.315681503906438365e+01 1.013942911339426587e+02 1.104714403744960549e+02 9.892409745724584980e+01 9.063969587031402853e+01 8.919106575123311131e+01 7.305909573855689132e+01 5.304897182133076683e+01 6.638905443281485930e+01 6.070661770587474138e+01 7.744833191725579979e+01 7.650820470077563584e+01 5.821798257632988083e+01 7.650820470077566426e+01 7.125468496843203070e+01 5.125468496843061672e+01 3.970767958463769531e+01 3.263661177277197112e+01 2.631205645243499092e+01 2.131205645243490210e+01 1.672374177502358705e+01 1.264125887038488472e+01 8.792257075787345499e+00
9.956889172006677313e+01 1.040697278570424089e+02 1.121187023190279177e+02 1.060705816403685446e+02 9.176013264656522495e+01 1.060705603497241611e+02 9.882843253370910475e+01 8.472313482012384611e+01 8.874169903779224455e+01 6.907180667844325228e+01 8.874169903827962003e+01 9.713727428866580738e+01 8.890131194586192009e+01 9.713727428866577895e+01 1.089049015337770356e+02 1.006694480554922109e+02 1.089049015337770356e+02 1.050489467612163708e+02 8.504971619942479322e+01 7.090493611650491346e+01 6.090001531626650433e+01 7.305909573855689132e+01 7.305909573855689132e+01 8.071330748121697241e+01 8.899840620700913973e+01 8.651145934347017885e+01 7.822582988492847278e+01 8.651145934347017885e+01 7.953895621589553855e+01 6.799195083210159396e+01 5.970767958463839875e+01 5.263661177277267456e+01 4.631205645243569791e+01 4.131205645243560554e+01 2.827074715881630596e+01 3.264125887038559171e+01 1.768213538512959815e+01
9.147446323730727613e+01 8.415452749090867712e+01 9.834128087121939643e+01 1.178994544877239719e+02 1.120582994971283881e+02 1.151004523286344323e+02 1.065879086033633740e+02 1.046727925037533993e+02 9.783853845801809257e+01 8.359846859311620904e+01 9.783853846793483910e+01 1.069493162137862043e+02 9.873292998481046823e+01 1.069493159539859306e+02 9.888496488390919126e+01 8.056425003126763329e+01 9.888496828847668496e+01 1.081364980210714037e+02 9.919208213697861254e+01 8.919106575123311131e+01 6.984892445137623440e+01 8.919106575123311131e+01 9.306201935643490231e+01 9.279812501223277366e+01 8.385777240182312653e+01 7.557705344990881713e+01 6.891363674951125518e+01 7.719424109243415444e+01 7.707490605691064900e+01 8.535556750662966863e+01 7.533691420809554984e+01 6.705263209482647824e+01 6.583942899780791436e+01 5.655501840628555499e+01 4.827074715881700939e+01 4.596640663259250204e+01 3.182427100886079785e+01
7.132095209809979508e+01 9.147446323747426788e+01 1.006711801075708621e+02 1.089227385627224294e+02 1.123021325996034676e+02 1.033577936151639420e+02 8.633610010696627057e+01 1.033577936151639420e+02 1.066623528514641066e+02 1.038027190022653201e+02 1.093701112822648014e+02 9.703149031794663415e+01 7.889747030632361202e+01 9.703149031794663415e+01 9.061684904422412501e+01 7.035080479052091107e+01 7.975672373907640633e+01 9.989257005996796579e+01 1.131264763980260710e+02 9.813632826592356651e+01 8.399393896292606598e+01 9.813632826592356651e+01 9.865370977152345233e+01 7.866186833121042810e+01 6.452624767830644714e+01 5.558680334871611706e+01 4.892362137097244812e+01 6.075274714487643735e+01 5.708442563935827252e+01 7.294341907331966013e+01 6.705263209482647824e+01 4.705263190189700140e+01 4.583942849739293735e+01 4.583942849739293735e+01 5.291742646893144553e+01 4.463315338338057359e+01 3.163553622637098073e+01
8.143624386776340884e+01 8.640940901630668236e+01 8.050308783733197515e+01 1.006725903343926802e+02 1.038060780329108184e+02 8.358538555785067103e+01 7.478894100460786376e+01 9.489552574030901155e+01 8.647022018818576328e+01 1.008054364350687280e+02 1.009867762159628199e+02 8.134078762294222997e+01 6.903976341828389707e+01 8.757727185834170314e+01 8.345172038487389443e+01 6.314022009870343055e+01 8.345172038487389443e+01 9.325708793758708737e+01 9.325708793758708737e+01 1.077682183942625471e+02 1.039933319063786001e+02 1.067469682298883527e+02 1.045600930410763425e+02 9.279812501223277366e+01 8.385777240182312653e+01 7.229409971160306725e+01 5.230389067796708247e+01 4.076117155158865302e+01 5.458321297474701339e+01 5.295265157348210039e+01 6.708834608382980491e+01 5.291049633467380886e+01 3.291049627807580436e+01 2.583942846621008371e+01 3.767446267130235071e+01 2.463315336331408290e+01 3.991980747383222905e+01
7.555298378698256556e+01 6.609904594001137923e+01 8.640976464318538319e+01 1.026367565356237037e+02 1.025647161982762867e+02 8.150710905109789906e+01 6.721947554843450234e+01 7.968875915057746795e+01 7.231085315396329349e+01 9.238435891864163807e+01 9.277077433563069064e+01 7.297345661934866712e+01 6.158931305047871518e+01 6.780140444955453916e+01 7.802324359349786675e+01 5.776232866528945920e+01 7.802324359349786675e+01 7.341129840630114245e+01 7.969024807555381074e+01 9.954788950159786509e+01 1.067469682298883527e+02 8.675497743823629548e+01 8.456803906191791498e+01 9.387389069137610420e+01 8.832918478209231239e+01 8.057474345574634356e+01 6.903321613926239309e+01 5.458321297474701339e+01 3.458756371037112132e+01 3.881412065102441744e+01 5.709188438728140369e+01 6.119476887420822919e+01 5.291049633467380886e+01 3.767446267130235071e+01 1.767446265693267904e+01 1.308614797952136222e+01 2.718846973656578214e+01
5.513189850778226742e+01 7.552338294015129350e+01 8.682994268632347712e+01 8.312317781352270174e+01 1.026367565356237321e+02 9.572251096491682176e+01 7.968875915057746795e+01 5.960421874197749759e+01 7.362355694138402384e+01 8.197381355747472753e+01 9.358263134633561720e+01 8.500562746165115868e+01 6.523945402948685057e+01 5.377768690262437445e+01 6.732727305074753588e+01 5.290744676365341093e+01 7.310924992773458087e+01 6.357998641505201931e+01 8.333419317194409359e+01 9.382699158197669931e+01 1.020626539370681201e+02 9.042357610256586042e+01 7.043196200055378142e+01 7.388216922808526022e+01 6.833784308053279233e+01 8.247389634457270802e+01 7.615004157932098394e+01 6.201426291441206473e+01 4.881096623204265939e+01 2.880992416297189251e+01 4.527524786472500296e+01 5.355664616599906935e+01 5.400439450499337113e+01 3.400439427636878520e+01 3.767446267130235071e+01 2.718846973656578214e+01 7.188469733325423938e+00
5.302568918699517297e+01 7.349410617440453564e+01 6.718246473539998931e+01 7.810051647466171687e+01 9.800689463777155197e+01 8.746006443399988939e+01 7.911138395329881234e+01 7.362355694138402384e+01 5.349119862531921399e+01 6.514695126383983848e+01 8.520281563477286113e+01 9.321727903105301039e+01 8.179537980324791135e+01 6.732727305074753588e+01 4.738931279325303336e+01 4.829544767251595516e+01 5.431752676390969015e+01 7.402197080210444824e+01 7.991139653346806426e+01 7.414736833588385423e+01 9.382699158197669931e+01 9.387389069137610420e+01 7.388216922808526022e+01 5.974685562003882922e+01 5.420312895281976751e+01 6.733664347237575498e+01 6.307487308112091995e+01 4.787848424950311710e+01 3.373742823551503278e+01 4.527524811234602709e+01 2.527150734172615643e+01 4.186958511851475606e+01 5.015151351421566517e+01 5.400439449423333116e+01 4.133060536811323260e+01 2.133060535705902083e+01 2.718846973656578214e+01
5.094794929216925539e+01 6.956822714672206587e+01 5.910965958554309907e+01 7.228507696182899167e+01 9.215380256041397899e+01 7.911138395329881234e+01 5.902793047067780208e+01 6.491023780609295102e+01 4.972155558666944586e+01 6.404671934845913484e+01 8.455632092627253371e+01 8.611725701824830992e+01 7.790346949183964398e+01 5.760929768860081879e+01 4.317129596093613486e+01 5.449167868457378461e+01 6.400557952861018407e+01 6.933796269341367235e+01 6.014148297874962878e+01 7.991139653346806426e+01 9.411135278699917706e+01 8.582245849726746201e+01 8.582245849726746201e+01 7.973760887709056533e+01 6.733664347237575498e+01 4.734716846448509386e+01 4.308468067176503524e+01 3.908469548018840101e+01 5.373371066980342903e+01 5.355665108767153981e+01 4.186958511851475606e+01 2.186446961267618150e+01 3.601259401190375087e+01 5.600961217913150847e+01 4.961487750687489040e+01 4.133060536811323260e+01 3.416717292568574038e+01
4.891479500273476333e+01 5.157170639778684773e+01 6.741556061589349724e+01 7.512489908949153516e+01 8.561103250843613921e+01 7.911138395329879813e+01 5.902793047067779497e+01 4.473727609368538793e+01 6.491023780604476201e+01 7.822405679086551800e+01 7.913917510282669809e+01 6.672619813608508821e+01 8.043708171371339688e+01 7.190049201892610142e+01 5.960688501192301914e+01 3.943621096747535404e+01 4.398335215470203252e+01 4.938227997595526375e+01 6.099154773883856961e+01 8.075350400542434670e+01 8.582245849726746201e+01 6.571367013271779456e+01 6.571367013271779456e+01 7.991251145985840765e+01 7.561722810495716374e+01 6.733664347237575498e+01 6.307487308112091995e+01 5.322181207199550101e+01 5.418952745290756923e+01 3.419267611673744511e+01 2.662925892708367215e+01 1.955431393393385164e+01 3.370221497227284146e+01 5.370055578634828919e+01 4.600398428310556653e+01 3.754790091417434184e+01 3.458314107500183354e+01
6.721706228854330334e+01 4.610160886078280384e+01 5.136300169427998696e+01 5.872088668046520610e+01 7.750212269049985991e+01 7.607270327778057606e+01 5.591067521827081777e+01 4.163033038311565548e+01 5.753821776058497761e+01 6.551663418292517349e+01 5.765235033928625086e+01 5.318434438026641686e+01 6.914765249425073534e+01 6.214920252589776339e+01 5.383761856050954009e+01 3.687120714136600697e+01 5.702406520223432551e+01 6.933796269341367235e+01 7.753579095288563394e+01 8.894963040702626245e+01 8.360596667242612057e+01 7.160339788324931476e+01 5.141973929700711921e+01 7.160339788324931476e+01 7.430733226637238431e+01 8.261400618963391196e+01 8.149274587806606007e+01 6.832588336549831354e+01 4.833405711137936578e+01 5.418952745290756923e+01 3.740236859572350170e+01 1.739724976158242242e+01 3.438651734960782846e+01 4.266968110974942618e+01 3.773517741437551365e+01 1.773958731497038244e+01 1.674644023666703418e+01
4.973021890240618603e+01 6.432008191170299938e+01 4.401742445095462841e+01 6.228323574802499252e+01 7.026943226955458499e+01 6.578012538941835885e+01 5.726227971205489808e+01 5.599616992371498014e+01 3.740093199118718559e+01 5.310584453580465691e+01 3.984897230918037536e+01 5.164160731373528535e+01 5.034807943575435729e+01 5.074935992611064961e+01 3.370770679427992178e+01 5.383761855311740163e+01 6.533111643842040905e+01 7.928065549327838824e+01 7.928065549327838824e+01 8.758379111369211500e+01 7.530264284915656958e+01 5.513888638779408780e+01 4.502388158471031687e+01 5.784590566588437355e+01 5.414628446163556674e+01 6.822854763470049022e+01 7.654466753900366882e+01 7.660649519031753130e+01 6.832588336549831354e+01 5.518387493638913099e+01 3.519706225944547384e+01 2.105037545968917101e+01 1.438182106882259959e+01 3.155742607076584250e+01 3.444436258860428524e+01 2.356706378105631217e+01 3.564186599051299531e+00
6.495102526439580970e+01 7.268591148406795810e+01 6.228324230750631330e+01 4.199656242558209129e+01 6.027815475724899130e+01 5.721663893375769305e+01 3.697951226640007860e+01 3.574043101695175295e+01 3.451536861652691357e+01 3.339105294888324238e+01 3.227165307111737036e+01 3.116749978805474086e+01 4.970227058281800936e+01 3.064048170312712216e+01 5.073239564508586597e+01 6.202894377675053761e+01 7.320906190270335401e+01 5.883433431689340409e+01 5.883433431689340409e+01 7.928065549327838824e+01 8.360596667242612057e+01 7.210858369148100167e+01 5.193811099176395629e+01 3.765899321496946328e+01 5.175932254994113180e+01 4.805794867634769219e+01 6.529531424777727011e+01 7.361433211749054806e+01 6.781335525341708603e+01 4.784439352038030790e+01 3.370424730367614075e+01 4.105106415821693844e+01 3.155742607076530604e+01 1.155330199073193853e+01 2.616020477594994631e+01 6.157001740380492194e+00 2.356706378105631217e+01
8.602877921287741003e+01 8.255778675838746494e+01 6.228324489493190441e+01 6.027815475597596162e+01 4.001090529348842040e+01 3.875024373081915741e+01 5.701554969138974371e+01 4.574225998189577069e+01 5.459470269796585740e+01 5.340000453455979113e+01 5.222472385023087327e+01 3.558095845033246007e+01 2.961086170898280301e+01 2.853339770913405715e+01 4.633281537396279504e+01 5.091793496430891963e+01 5.524961244012254014e+01 4.452664039865330636e+01 6.482292313913843884e+01 7.812012456160061902e+01 8.985610069053534232e+01 7.407389755609325732e+01 6.243592741811873736e+01 5.175932254994113180e+01 3.160050321215030067e+01 5.175932254994113180e+01 4.512140687467024946e+01 6.198214409679452785e+01 7.361433211757746164e+01 6.195434734824311818e+01 5.369316699873210297e+01 4.788798610249619259e+01 2.788721645668216098e+01 2.880964830609583061e+01 8.806069582518235350e+00 2.615971754838862395e+01 3.444321347044249393e+01
8.751295930446983107e+01 7.842483855448782037e+01 6.506116283236904962e+01 4.475582769736496402e+01 4.673481885206455644e+01 5.900273738256264267e+01 6.664896384898635517e+01 5.932804000368807351e+01 7.165380792617206396e+01 6.390836022588631948e+01 4.472889603930327240e+01 5.522259558473493257e+01 4.971882782002437295e+01 4.718447069657954529e+01 2.717937278440323468e+01 3.131101629327487856e+01 3.551761251450335521e+01 4.179396933163751271e+01 4.919824445642922228e+01 6.110894754101406789e+01 8.156958242703193207e+01 6.575098818809730972e+01 4.556680937045219792e+01 3.392767971667935001e+01 2.789616431136199992e+01 4.357216561823172896e+01 3.349642784115618355e+01 4.512140687467024946e+01 6.529531424777727011e+01 6.509702456952501848e+01 5.922858392524680227e+01 5.616992394951771672e+01 4.298734070979112687e+01 2.295242421371661479e+01 2.873773668099657641e+01 3.709104115589031636e+01 3.415418881323054734e+01
7.057871551006753919e+01 5.883188971487328445e+01 4.974178384735881053e+01 6.506116283236904962e+01 6.694326259552119041e+01 5.757453837139014752e+01 7.770166352464413251e+01 7.715063898948643839e+01 7.405946391124531658e+01 5.556550633718292431e+01 6.395489047335352240e+01 6.183747486954951711e+01 5.217041648080863325e+01 4.369838236874208803e+01 2.625024833556375370e+01 4.665800452683445343e+01 5.524961244012217065e+01 6.198574151714834102e+01 6.975649337155138596e+01 7.812012456160061902e+01 8.112427406566021659e+01 6.096458598619410196e+01 4.668031844299350297e+01 5.409764711424647743e+01 4.357216561777438102e+01 2.353448370417755342e+01 3.971588117065115853e+01 4.804913422133112277e+01 5.853975132810519710e+01 4.503788620498119144e+01 3.915990674971022401e+01 5.333887640535338903e+01 5.122879377675457846e+01 4.298734070979112687e+01 3.692859230508028645e+01 2.833451063100651623e+01 3.656961323505164074e+01
7.593125009513315149e+01 5.560859901274027095e+01 7.006454820420078988e+01 7.842483938038120073e+01 8.594110088417039606e+01 6.924974318942355467e+01 8.594110088417039606e+01 8.949974241637382022e+01 7.197400453609634496e+01 6.878240579584290515e+01 6.545919767052660632e+01 4.472551314918262477e+01 3.310511232153584871e+01 2.493976352258588491e+01 4.368569132563729340e+01 5.195091683369073365e+01 5.248026129752739166e+01 6.078023981816713217e+01 7.083013046378761146e+01 8.773852044817142826e+01 7.954623910334174752e+01 7.520064214013824255e+01 6.686451330206364219e+01 6.372167809142437278e+01 4.357216561288281298e+01 3.971588117065115853e+01 1.971620235918380715e+01 3.011748779414675425e+01 4.432861956054746599e+01 4.503788620497802953e+01 2.495633413339042761e+01 3.430384452448906529e+01 4.234940497160411610e+01 4.270506604316031485e+01 2.763613669393074090e+01 7.443511507623536971e+00 2.124565979434422047e+01
