MOVIE_S13_data/elevation_000086.asc
nrows	150
cellsize	150.0
xllcorner	0
ncols	150
yllcorner	0
NODATA_value	-9999
[rows 85 to 101 of 150, columns 37 to 73 of 150]
4.525369284535673131e+01 5.699930354215305073e+01 7.716286874616493208e+01 7.143696725882932697e+01 5.134084083330706250e+01 7.146972309276860358e+01 8.157700420217381065e+01 7.341844427564080888e+01 5.966014582161995605e+01 7.387159963917348193e+01 9.404790018703837973e+01 9.083600828800565807e+01 8.996564476113741193e+01 8.426951255107879035e+01 9.145490737988723140e+01 1.016988108336620087e+02 1.222787647559272131e+02 1.345802443801583763e+02 1.146232297248658085e+02 1.007214345241902720e+02 9.526884916122466507e+01 1.149309702350088571e+02 1.302705305591416050e+02 1.186555931307775040e+02 9.885902238340321446e+01 1.186555931307775040e+02 1.224147021841117891e+02 1.024866404239497797e+02 8.893835344142195254e+01 9.085454418635798390e+01 1.108702182614455580e+02 1.218013977473436995e+02 1.343460332775218831e+02 1.255916536487708584e+02 1.101587031296281083e+02 1.002985987595853317e+02 9.308709686080702284e+01
4.133387225872229465e+01 5.930036599513715601e+01 6.070377211979751308e+01 6.234239614103513816e+01 4.746374293125779786e+01 6.772181143076842602e+01 7.011711950338812471e+01 5.331753128343702031e+01 5.587431522596980216e+01 7.597192257932481141e+01 8.408417092616774369e+01 7.061036000367526810e+01 7.564383661437433659e+01 8.988308522581900206e+01 1.090108610901206134e+02 1.199605010788910988e+02 1.307205763594202494e+02 1.305251535645548984e+02 1.106431075782186610e+02 1.079793606631169638e+02 8.836850434277381794e+01 1.021890860936695020e+02 1.198534104169853123e+02 1.120567362149860884e+02 9.234763829192047524e+01 1.120567362149860884e+02 1.169379339258364752e+02 1.024866404239493107e+02 8.268441947376084045e+01 8.420723717929742236e+01 9.249046849173896589e+01 1.046731056199399177e+02 1.263023078585899128e+02 1.345299274916189347e+02 1.257704302794204523e+02 1.115302165681509479e+02 9.224510997737617402e+01
3.750019921768411280e+01 3.890045653857159635e+01 4.032045010164699761e+01 4.210922556470781331e+01 6.245637068400365877e+01 6.731516515170575587e+01 5.020043009070835183e+01 7.033417384950178075e+01 7.597192257932481141e+01 5.955666643821403028e+01 6.391923999544822976e+01 8.408417092616774369e+01 9.342534949668349498e+01 9.882899309488753659e+01 1.059753916957645998e+02 1.142656755647009987e+02 1.232515117331051044e+02 1.246512529613161462e+02 1.048407437768454855e+02 9.101143195869072144e+01 8.361500739943242877e+01 9.191520235655674753e+01 1.058843063867415140e+02 9.895834451416915556e+01 8.669743775810847808e+01 1.063672097193028208e+02 1.086442487380014086e+02 8.881231119704139587e+01 7.737929736913521594e+01 9.719427426017800542e+01 1.125239464526234627e+02 1.213791302977516295e+02 1.305113329960453541e+02 1.377019854561304157e+02 1.180940293231481064e+02 1.043782280751077565e+02 1.086084179490916739e+02
4.670632230910022997e+01 5.930039764931869684e+01 6.070377448847414570e+01 4.376541079713076954e+01 4.503117155223709744e+01 4.711336317173175559e+01 6.731516515170575587e+01 7.866884245960959277e+01 8.797960923121337373e+01 7.957983458997208004e+01 6.433684541090771347e+01 6.819420265345320331e+01 7.322142897164046360e+01 7.861041011017366031e+01 8.576232404879554849e+01 9.483580275982770047e+01 1.091325980747366913e+02 1.291225125024965905e+02 1.189071692798135729e+02 1.106431058693459022e+02 9.767704114745522759e+01 7.804332564719358345e+01 9.269007396614132688e+01 7.926881937646692222e+01 9.022473621354501461e+01 1.089082009895417400e+02 1.097903416680233306e+02 9.385965867992258893e+01 7.405133148032365398e+01 8.805873574061898523e+01 1.078643255142704618e+02 1.040397862174089170e+02 1.138697510335179999e+02 1.221660854288333269e+02 1.319755153680340243e+02 1.238370667092903261e+02 1.086084179490916739e+02
6.106269836530614015e+01 7.529880852852502926e+01 6.644747784598843054e+01 4.621912734493616171e+01 6.529448790088943610e+01 6.731502885772457034e+01 5.794541884705266455e+01 7.807473657527262390e+01 9.613207432655300977e+01 7.595593462248088201e+01 8.449068269272032694e+01 8.837435681684704036e+01 7.769342571128825625e+01 9.789969699858396268e+01 9.292641741813250178e+01 1.130790713466431470e+02 1.232515117331051044e+02 1.228743787550376112e+02 1.141059045543859156e+02 1.059185421421559994e+02 1.058842889969307208e+02 9.269007396614132688e+01 7.299153015279992474e+01 9.192857152090007844e+01 1.061734273560251438e+02 1.158570863908036159e+02 1.009642680830971528e+02 8.230619077058020139e+01 7.087047117234962457e+01 9.070044878473453309e+01 9.628999549849409334e+01 9.180829280891225608e+01 9.413703668294823501e+01 1.080309115214890880e+02 1.279659565719784808e+02 1.305045589364589205e+02 1.282370162590519271e+02
8.121906142756189695e+01 8.044108317643227224e+01 6.035210094645707812e+01 4.869371366536149282e+01 6.885761596547000352e+01 8.094009387030756386e+01 7.807473613609349172e+01 7.217130225248051545e+01 9.232688778193625012e+01 8.762388828558458442e+01 1.044253020933490319e+02 1.062113867464293548e+02 8.673869367779136041e+01 1.062113867464293548e+02 1.130790713466431470e+02 1.213532579533167564e+02 1.285809217951447749e+02 1.088565554642495670e+02 9.514602867655376883e+01 8.646898057321153885e+01 9.674993089115200462e+01 9.002981740250027087e+01 7.027299962396470789e+01 9.002981740250034193e+01 1.070148291446705429e+02 1.036649141633889002e+02 9.542227454287440480e+01 8.772606914514491905e+01 6.784371742723361365e+01 7.178306215267895141e+01 7.674269010947716652e+01 8.291183746045712155e+01 1.024770630913745748e+02 1.221660854288333269e+02 1.246826676307939863e+02 1.105098308697823768e+02 1.246826676307939863e+02
8.942266341537789742e+01 8.867899663140691757e+01 7.594371849041101541e+01 5.585666065570306671e+01 5.251570076554107658e+01 7.261466386125258055e+01 8.483081091745080471e+01 9.232688778193625012e+01 1.006421159183673097e+02 1.077662662715277122e+02 1.160165630121767748e+02 1.152170262289747740e+02 1.010492208307068296e+02 1.152170262289747740e+02 1.320349646561411987e+02 1.237080408974469350e+02 1.320349646561411987e+02 1.228743787550376112e+02 1.141059045543859156e+02 9.674993089115211831e+01 7.721822611440740047e+01 8.743291189052756351e+01 6.760231081671304310e+01 7.912167485048766480e+01 9.881644160306913705e+01 9.542225670267497151e+01 7.560578091983519755e+01 8.140988649783440678e+01 6.485577497965152816e+01 8.480882335006297978e+01 9.628999549849409334e+01 1.024770630913745748e+02 1.107232741949975150e+02 1.149638949201145834e+02 1.163661511325310300e+02 9.652767454242220424e+01 1.049124013329195719e+02
9.773078644146744409e+01 8.866321737392037505e+01 6.856242404287112890e+01 7.595035943343268059e+01 7.262401155287508914e+01 5.643022399895478713e+01 7.652819833724223031e+01 8.710404782708125992e+01 9.249707567349229009e+01 9.888176233947214655e+01 1.060159978046107483e+02 1.142874751770561517e+02 1.211245150027394430e+02 1.272561220060566143e+02 1.189472808520888663e+02 1.038278931314747098e+02 1.189472808520888663e+02 1.272561220060566143e+02 1.163141691496258261e+02 9.674993089115211831e+01 8.936764038823793044e+01 6.966435124111079347e+01 6.501966225107688047e+01 8.475662783057119043e+01 9.884834060670289091e+01 9.542173292313603383e+01 7.560577854081643068e+01 6.134553594394892428e+01 8.140988649545515443e+01 8.117850728885028389e+01 9.515349009456612350e+01 1.149845648983300634e+02 1.091967194658236764e+02 9.512178586046664464e+01 1.091967194658236764e+02 1.049124013329191598e+02 8.515452540176751484e+01
9.675372688853752834e+01 9.693031102295718426e+01 8.279135461302892907e+01 8.200557026966745866e+01 6.188041850455655890e+01 7.652819831591165212e+01 6.246866594669972983e+01 6.694868166894350736e+01 7.231821319489098698e+01 7.869161032846909620e+01 8.583733270068653098e+01 9.752441275528560993e+01 1.176157187003851305e+02 1.189472808520888663e+02 9.912961732836120632e+01 9.401478751329354111e+01 9.912961732836120632e+01 1.189472808520888663e+02 1.127723471602869125e+02 9.259007384494810822e+01 7.858864345660863648e+01 6.966433029564659307e+01 6.246307916762010137e+01 7.349369902856510350e+01 8.684247758432651665e+01 8.870762873118036396e+01 7.913692177827547880e+01 5.900523840774055628e+01 7.913692177827547880e+01 9.029017654068098864e+01 9.851133294705422827e+01 1.099380753423767771e+02 1.009334050509944802e+02 8.117424603730901822e+01 1.009334050509944802e+02 1.095951333224108311e+02 8.980083294601028854e+01
8.254032872608209459e+01 1.026882286199874983e+02 1.028391480876581028e+02 8.603564346572890997e+01 6.588527502051302065e+01 8.603564344051596890e+01 8.259717092781278325e+01 8.710404782708125992e+01 8.340646852282874590e+01 9.249707567349230430e+01 1.060159978046107483e+02 1.142874751770561517e+02 1.258522775533626969e+02 1.189472808520888663e+02 9.912961732836120632e+01 8.525155841708634341e+01 9.912961732836120632e+01 1.189472808520888663e+02 1.187768982089227165e+02 9.850132483923115956e+01 9.809951412612788602e+01 8.956539913529468322e+01 7.365140251643660463e+01 5.938405774396471770e+01 7.660844139439818434e+01 6.878302550913713276e+01 7.392065521383044313e+01 5.671802327048041548e+01 6.322639959662883058e+01 7.043504402593256941e+01 8.194838705160854886e+01 1.016852728957759098e+02 9.346514492728137213e+01 7.369429095626279036e+01 9.346514492728137213e+01 1.112183504289367306e+02 9.221057387685212348e+01
9.042519370249401334e+01 9.873552049673901365e+01 1.087982178380030689e+02 9.435550457130686652e+01 8.603564346572890997e+01 7.223825111211284877e+01 8.651420989073722012e+01 1.066662135463259204e+02 1.035563890144804731e+02 1.118360222643275534e+02 1.208650859670244273e+02 1.258024037644964892e+02 1.291907092470460725e+02 1.142762127637885499e+02 9.450359769126960430e+01 8.061284532190508401e+01 1.002948625642190166e+02 1.085271048024567335e+02 1.167439935008024179e+02 1.034742467500285841e+02 9.522543911332391531e+01 1.011524704161544292e+02 8.772177736678033000e+01 7.078418093380996368e+01 5.642672281753701213e+01 5.441678691462976047e+01 5.370744332772118668e+01 7.157236460447920479e+01 8.312972575639955153e+01 9.029017654068098864e+01 9.851133294705422827e+01 1.004996815416935334e+02 8.721305194378102499e+01 6.738938433131684747e+01 8.721305194378098236e+01 9.465810372201244149e+01 8.316940378324905225e+01
7.024614538048811596e+01 8.033661172986046495e+01 1.005137756751275191e+02 1.066662202890017426e+02 8.651420989647174054e+01 8.389196297206605379e+01 8.125975696645693347e+01 9.293751699616562689e+01 1.130609181069176259e+02 1.266431661142150489e+02 1.183312607171064457e+02 1.059001137428483190e+02 1.092489477627825210e+02 1.132491382032740006e+02 9.609864238883420740e+01 7.639248585029802996e+01 9.461928197807363006e+01 8.885847318180283594e+01 1.085271047866300052e+02 9.197624455359968465e+01 7.531003000662173008e+01 9.197624471574840754e+01 9.889750631160515582e+01 8.484095397808259520e+01 7.660844139321233115e+01 7.185278215060020557e+01 5.164237672577102956e+01 6.095043520775300294e+01 7.508622420527105135e+01 9.883638940953528618e+01 9.473049522056129490e+01 8.067919729295907416e+01 8.171495578637599522e+01 6.179018130861081914e+01 7.860123778962625352e+01 7.485928030427331237e+01 8.275420258050948519e+01
9.042519370249401334e+01 9.042519370249402755e+01 1.087982178380030689e+02 1.149367830154957915e+02 1.066662201426467078e+02 9.818187032245300827e+01 9.030571285749392985e+01 1.097277531428658364e+02 1.213113366880681241e+02 1.183312607171064457e+02 9.852555715293009087e+01 9.199823723770060724e+01 9.531736932371859439e+01 9.348509127452491896e+01 9.207614006364660497e+01 7.231975417735922917e+01 7.491630385491781396e+01 8.476909227507051980e+01 9.291483764178909155e+01 8.372727227053238153e+01 6.366612675438057067e+01 8.343571988326972644e+01 9.426693807402129721e+01 9.897529586179291528e+01 7.908549877529287642e+01 7.043848235355818588e+01 5.025726934003148472e+01 7.043848857180985590e+01 8.792439060452274191e+01 9.909189969095709216e+01 8.648455384136708801e+01 6.659193406823696648e+01 7.390270387366757632e+01 5.652126287516782810e+01 5.859981637837657331e+01 6.071502518836911833e+01 6.287197185962089918e+01
1.024340092373400637e+02 1.105356644600332459e+02 1.074997379199838861e+02 1.074999331152308741e+02 1.157835232117109285e+02 1.182559143003592794e+02 1.019816900039469516e+02 1.187099581762000469e+02 1.324652125597714871e+02 1.124767861739465218e+02 1.183312607171064457e+02 1.036741625846731409e+02 8.399535124336141223e+01 7.958937526780326266e+01 9.346921267901367969e+01 8.659670447686397665e+01 6.673085424026020007e+01 6.449995013045470671e+01 8.121055136639166960e+01 7.657616296026060354e+01 5.643453860420856927e+01 6.773440349475845323e+01 8.181968359193663787e+01 8.369984137819213288e+01 7.908549600378377420e+01 5.900307367914079748e+01 4.888804184626106064e+01 6.904432528407781433e+01 7.228688107742136992e+01 9.109795295523996117e+01 7.967509286629029930e+01 7.142908985304910630e+01 5.380496196493169236e+01 7.390310345999201047e+01 7.860123779034869074e+01 8.065822140900174020e+01 6.922392277714219233e+01
9.290885819363442977e+01 9.668273838048408209e+01 8.726419165241352971e+01 8.726419214594946538e+01 1.074999339482242391e+02 1.179645483418066050e+02 1.220242011659482415e+02 1.302507560711428027e+02 1.408095460544837465e+02 1.324652125597714871e+02 1.235383263646510699e+02 1.036741625842439731e+02 1.036741625828264830e+02 9.346921267928567545e+01 7.374308805498260710e+01 7.081684243945002777e+01 8.647796212389754089e+01 8.076743731689120409e+01 6.138767427471437088e+01 5.932075429889761153e+01 7.387213230433323474e+01 5.370149497442618269e+01 7.131045881657645680e+01 6.369596124498259115e+01 7.781826494888144907e+01 6.767107239141510888e+01 4.754103315366651827e+01 5.651672851993423308e+01 7.632038884108079912e+01 7.724754821876283017e+01 6.899245117297040508e+01 5.126156515422977122e+01 7.142919306544867197e+01 6.247075314607809560e+01 8.240167864895462913e+01 9.721741070665829909e+01 8.900552197876349680e+01
7.268699962483827903e+01 7.635770439889847694e+01 7.283626881554869215e+01 9.221091733168670146e+01 9.790379367771026864e+01 9.790380378561673069e+01 1.133432650659327692e+02 1.233226495956482296e+02 1.383122440279212242e+02 1.283032613165279372e+02 1.199860594972792995e+02 1.049551014174801367e+02 8.527011818337587101e+01 8.000934632359010834e+01 9.346921267548430023e+01 9.059186167921394883e+01 9.126677904109027395e+01 7.150006251428222015e+01 8.141478393604536734e+01 7.940198369067944384e+01 6.387979270857858438e+01 7.131045879649127528e+01 5.114180778493172141e+01 4.940394588585540703e+01 6.711126693591651815e+01 6.632771306640358944e+01 4.621631910531610288e+01 6.440987349601554968e+01 6.510211766516489718e+01 6.672328818556346164e+01 4.856998456811886200e+01 6.899245117297040508e+01 7.967509162561994174e+01 8.240167864895438754e+01 7.249515138835185724e+01 8.137028249200308494e+01 1.011571718375306546e+02
5.896294554704496704e+01 6.238007136652441176e+01 6.682339488233121472e+01 7.171593351512011338e+01 7.737783761919232006e+01 8.477375963401723880e+01 9.509668770352872968e+01 1.150729950183047379e+02 1.299695531586577602e+02 1.100025658359008531e+02 1.001570626496263259e+02 9.362671243598094861e+01 1.049551014143163030e+02 8.983222594668708894e+01 1.079331242050603379e+02 1.051661584799684590e+02 8.550946757206290272e+01 8.550946757205088034e+01 9.531389478485388622e+01 7.548291529235189046e+01 8.386447304231393218e+01 7.130388317527786057e+01 6.285302212573154890e+01 6.711129229937390051e+01 4.699315640277509232e+01 6.390138371519526572e+01 6.442624951790988064e+01 4.435120236528126725e+01 4.417955019431933295e+01 4.577315698240893482e+01 6.672328821693982093e+01 5.511070840122393122e+01 7.518863332503235597e+01 9.006632650367254200e+01 9.230820590955741523e+01 1.005522776063521491e+02 9.750968532511453191e+01
