MOVIE_S13_data/elevation_000534.asc
nrows	150
cellsize	150.0
xllcorner	0
ncols	150
yllcorner	0
NODATA_value	-9999
[rows 34 to 50 of 150, columns 74 to 110 of 150]
3.606514938567561757e+01 5.626966715210095060e+01 6.590037263287541691e+01 5.284504464007833491e+01 7.306319835082983616e+01 8.960319371659336696e+01 9.858652547855822945e+01 1.101702240018849892e+02 1.132410592057079839e+02 9.309165846264093602e+01 8.799669888134459939e+01 6.903138303540755771e+01 5.923162441215332308e+01 5.219826056774034839e+01 6.568808621910160639e+01 6.185745145887817387e+01 5.340974062964286873e+01 3.373287987546753897e+01 3.059211124494812850e+01 3.300123885210672370e+01 5.270073331492265822e+01 5.903860456283804581e+01 5.903860820444840840e+01 7.872526121520326114e+01 8.677921002411520135e+01 8.677921002411518714e+01 9.503171106342502128e+01 8.398929671637290539e+01 7.406166331846850426e+01 6.146036333092408199e+01 4.141771062503068634e+01 6.146036333092408199e+01 5.551698467182993113e+01 6.959282149593487077e+01 8.942482484037363122e+01 7.729153121117458625e+01 5.744255490086674598e+01
3.411920205805238027e+01 5.290961585906276099e+01 6.381152584551594487e+01 7.306320015041740135e+01 8.138617578353493798e+01 9.694925877831244065e+01 1.052362748247070670e+02 1.136978141365735695e+02 1.073592301727334757e+02 8.718183675897030582e+01 7.278964957376807376e+01 6.526124754309137188e+01 5.923112472271844098e+01 6.825399855404543814e+01 7.991982534656889925e+01 6.580462578886029235e+01 4.620235893652709080e+01 5.128052219919577936e+01 3.159416627365576602e+01 5.130300670266103680e+01 3.849747243803867036e+01 5.815189037820589135e+01 6.830775616061869471e+01 7.372945075973035500e+01 7.963334192718251359e+01 8.787522103770795923e+01 9.932374681716937914e+01 9.631325824364388666e+01 7.649077027995760147e+01 6.450769124754012296e+01 4.452502577094159619e+01 5.045633415477643524e+01 7.036280994102533271e+01 7.540148079100664802e+01 9.523154670270520228e+01 8.550261441972047294e+01 7.114381411878824224e+01
5.430812899553843209e+01 3.573325231053935624e+01 4.582092668087447151e+01 6.015691606047813167e+01 8.051748607217793108e+01 7.689769513525774869e+01 8.537287270058621402e+01 1.026338778739562514e+02 1.141940535656747642e+02 1.014243201038606941e+02 9.309165846319270088e+01 8.540605602677268848e+01 8.543217708978112057e+01 8.581154413942806514e+01 8.546773156653068781e+01 6.580462094703788978e+01 6.580140265640777386e+01 5.229521727349667515e+01 3.259648527184831579e+01 5.229666655031545730e+01 5.815189037820589135e+01 4.432948500224623700e+01 4.874105115295450474e+01 5.418122776644449345e+01 6.005235012165042718e+01 7.128070035038953733e+01 9.104326250978789403e+01 9.050661920545876171e+01 7.068518797818934729e+01 5.665267299277505941e+01 4.769768367451673186e+01 6.761885560992207900e+01 6.044328969336697099e+01 7.447664218740302999e+01 9.429850090028193677e+01 8.001066525852746736e+01 6.018378336369916326e+01
3.736294657962353938e+01 5.593742293756674400e+01 6.431378998808199299e+01 7.452722292796036641e+01 7.666838144814585121e+01 6.506611816109685265e+01 7.428462184044758487e+01 8.587752178411132320e+01 1.059081374052010460e+02 1.057507438792380157e+02 9.420669873251259219e+01 8.589594910518020754e+01 8.934908872070980124e+01 8.105387405653007704e+01 8.464543484090148695e+01 6.496756255786860379e+01 5.111185092683738418e+01 5.322690038834045367e+01 3.360043697987376987e+01 4.499845914210267495e+01 6.453273713597261008e+01 5.818614375072986178e+01 6.255426568159936096e+01 6.469822843624210407e+01 7.963334192718251359e+01 7.383478450856260622e+01 9.363229788941400500e+01 9.050513664706666361e+01 7.068517184051565039e+01 5.665267298992402800e+01 5.181346705116758500e+01 7.167258008250898627e+01 8.028233018868368731e+01 7.447664218740302999e+01 9.429850090028193677e+01 8.701869800017244927e+01 6.719698810259434651e+01
3.851778147606360392e+01 5.874732289707340271e+01 6.536225301526880571e+01 6.878353434083797424e+01 5.572738784767694398e+01 7.671378924745697248e+01 9.061213540412752820e+01 9.891493041670516106e+01 1.089330874531766540e+02 9.740092296217535761e+01 7.747372370210796078e+01 6.604770163495304303e+01 7.443655808530222373e+01 6.128318448562376375e+01 6.535551213374087354e+01 6.190449284217264392e+01 5.471638352368693603e+01 3.503181282713669020e+01 5.329383838145196961e+01 6.138618361299356252e+01 7.259660807459556509e+01 7.780545120737163245e+01 8.219786425273841246e+01 8.436837275498895394e+01 9.261994098309105539e+01 9.363229788941400500e+01 1.019156575668531417e+02 8.793380040814270160e+01 6.811308516931691770e+01 7.649030512947565796e+01 6.329534531315368184e+01 5.828301146876319194e+01 7.810304958155478516e+01 9.429850090028193677e+01 1.025185677723652304e+02 9.522960092373475049e+01 7.710742688549267143e+01
4.691510570433744931e+01 4.023959386820931172e+01 4.339237802608909789e+01 4.688002703484875155e+01 5.473587409350525235e+01 6.262250818278408815e+01 7.052100476911333260e+01 8.059746402705791013e+01 1.006268067929105996e+02 9.552399864215995251e+01 7.561428933287358234e+01 6.162083793419402156e+01 5.474572217129053797e+01 5.019699976851430989e+01 4.614106224106107845e+01 4.272671655430118420e+01 3.938541256920861855e+01 3.605042063696987498e+01 5.574106185708178884e+01 6.504281732668280824e+01 6.513582238888336917e+01 6.986743120555628650e+01 7.507222206075445570e+01 8.095709968876468565e+01 8.790923015498070470e+01 9.622496351487889399e+01 1.077754236518422459e+02 9.614488562365332314e+01 7.955754752046573230e+01 9.133167083510079465e+01 8.311609559091448318e+01 6.400644745025491034e+01 7.081773095159505260e+01 8.226202826399908474e+01 1.020829341120715554e+02 1.051409470162169697e+02 9.692996911485212763e+01
6.062929181057801031e+01 4.157037817615225350e+01 6.185895213559181371e+01 6.878353434083797424e+01 5.544416531075012244e+01 6.196101591728443481e+01 7.628810558249929841e+01 9.632251330011918355e+01 1.089330865845947756e+02 9.552399864215995251e+01 7.561428933287358234e+01 8.144570817811066377e+01 7.443655808530222373e+01 5.622157829727866840e+01 6.535551213348645661e+01 6.190399853300009880e+01 4.635807923493976546e+01 5.574105923067767776e+01 3.758454634381337911e+01 5.550233077067151299e+01 4.556227305012532014e+01 5.035850827521920081e+01 5.559767791067849885e+01 6.143916865935864280e+01 6.824563576937106291e+01 7.948268954994667013e+01 9.942009868686290019e+01 1.075884561530578338e+02 9.937597464123224711e+01 9.442156917691386298e+01 7.459502820141604218e+01 8.382383724903573352e+01 8.018620707444249263e+01 9.885693954003573936e+01 1.103057347858527493e+02 1.098355543519361106e+02 1.015611524634414309e+02
4.346165211766268754e+01 4.589968303843583186e+01 6.361612348411922113e+01 8.324400591397190396e+01 7.645595522315559833e+01 7.621957796649581951e+01 7.214032228784097356e+01 8.370461570831965048e+01 1.037381254260834993e+02 1.038673821943490481e+02 9.552399864215995251e+01 8.989927199799939217e+01 7.002278141861697236e+01 7.002278030571260103e+01 7.964175197076983181e+01 5.997553493203826491e+01 5.997553494839414157e+01 6.543728177338287821e+01 5.152140960705357031e+01 3.913200816003084270e+01 5.880593932421350445e+01 6.986743120555628650e+01 7.507222206075445570e+01 8.095709968876468565e+01 8.790923015498070470e+01 9.622496351487889399e+01 1.011453980618717878e+02 1.070471225856647237e+02 1.090592622684344661e+02 1.026394982074956630e+02 8.604532272223701739e+01 1.026394982074956630e+02 1.000094353989267546e+02 1.082318366875378928e+02 1.100996119631535493e+02 9.972562856923836705e+01 8.124036603898328224e+01
4.477971105477842428e+01 6.354286424918782927e+01 5.531386732104792259e+01 6.909828286514574813e+01 8.910194960181503632e+01 9.631750454958933005e+01 8.370461570831965048e+01 1.004738925918351384e+02 1.120429801966963623e+02 1.178606412846106934e+02 1.095490280271499728e+02 9.823027656908192284e+01 8.989926342997047470e+01 8.989893144716148754e+01 8.789200728307690724e+01 7.964175197064467682e+01 7.964176759652423243e+01 7.935335249461908802e+01 5.993023217387062829e+01 4.026306872381828583e+01 5.992985095004146956e+01 7.614526611591445260e+01 8.437841653659933172e+01 8.151002289743034623e+01 8.978635299148392335e+01 9.530721252080221007e+01 8.111960707524734460e+01 8.698502545477742842e+01 8.893814611290892458e+01 1.031761203697534484e+02 1.058637346223620455e+02 1.140877858327644958e+02 1.112742420698787384e+02 1.029940732169146145e+02 8.990421292784225216e+01 9.140075925121230682e+01 7.092695448055047791e+01
4.610900356141528533e+01 6.656612190350165292e+01 7.495722097532352279e+01 8.324400591706964292e+01 9.205031143878051125e+01 1.003457646834311134e+02 1.037381254347853599e+02 1.120429823125506630e+02 1.148813865351375370e+02 1.065640765525000404e+02 8.985108222266424605e+01 9.346557588733263344e+01 8.867513330292362639e+01 9.684823986697753639e+01 9.043345053130369138e+01 8.214680715005907530e+01 8.192405713612431839e+01 7.508687998424923649e+01 5.532903582247260488e+01 4.140019100989791667e+01 6.105848086160555255e+01 5.666057172699807154e+01 6.754534859665726287e+01 6.198389944156568987e+01 7.303031135208921398e+01 7.591551029775132520e+01 6.728770623122312600e+01 8.485991242319620653e+01 7.488834026054549042e+01 8.633135616882606200e+01 1.064428759488874903e+02 1.146119348217215475e+02 9.448920824689213305e+01 8.270077367208931207e+01 7.539786682129997075e+01 8.711157642787183875e+01 8.116385686588137105e+01
4.748750616321656537e+01 5.309423792112632157e+01 5.908446456504191957e+01 6.548925609382327195e+01 7.247609099205308780e+01 8.367468020106601045e+01 1.034916364822292394e+02 1.181041281809460486e+02 9.811617243850950842e+01 8.687289621187241551e+01 8.019696987250549114e+01 7.430358769558405641e+01 6.964466667620501994e+01 8.250088047553315107e+01 8.215461547391151953e+01 6.255422057357753118e+01 6.253819852723779604e+01 6.651874541203758895e+01 6.265295630064478161e+01 4.300851599992233787e+01 4.371554603233975200e+01 4.536811749751394984e+01 4.808123287897929288e+01 5.083797114501372505e+01 5.368119472193240682e+01 5.657478049657739660e+01 5.955421114963002793e+01 6.523781867698001236e+01 8.485991242592497485e+01 1.031761203697534484e+02 1.147972886358934943e+02 1.228542024708108613e+02 1.112742420698787384e+02 1.029940732169146145e+02 8.711157642787183875e+01 6.655716456810810655e+01 7.934273898128158464e+01
6.799444950584484104e+01 7.318847826593776063e+01 7.890495966884068935e+01 8.512977943161990879e+01 9.205031143878051125e+01 1.003457646834311134e+02 1.118471116680293562e+02 1.264476733475138559e+02 1.148813865351375370e+02 1.065640765525000404e+02 9.960219297828743379e+01 9.346572262648773233e+01 8.250088047553315107e+01 6.355259186788987336e+01 7.899712837683513555e+01 6.829026403591193173e+01 4.877030663938029420e+01 4.701522798468812425e+01 4.533132367537827179e+01 5.024542064309441969e+01 6.327445543197796951e+01 6.489617267036871340e+01 4.840727234170913107e+01 6.786256163727313151e+01 7.289312570689632764e+01 7.024450541852861818e+01 7.894362855574235027e+01 6.523781867698001236e+01 8.485991242518109345e+01 9.982545434232106629e+01 1.139283544550806369e+02 1.222844780503549202e+02 1.141350694756522728e+02 1.040538353913268992e+02 9.380360165954222396e+01 7.335285353633108230e+01 5.874925525493701173e+01
5.627067237086338736e+01 7.650007515394621294e+01 8.855326671352123924e+01 9.431931397015164009e+01 1.009740010403341159e+02 1.092621432911029586e+02 1.192619647974894121e+02 1.241676449672543043e+02 1.157790429278367412e+02 1.180230424923965700e+02 1.030928858410848221e+02 8.278667715876072464e+01 7.846109534881604475e+01 5.948915734587797033e+01 7.079315698295557979e+01 5.132538559790456389e+01 6.829026616309100461e+01 5.325949108585767533e+01 6.493646373396336458e+01 5.778297620162710047e+01 7.684291061114876698e+01 6.997905779290884709e+01 5.057766668473813354e+01 6.437766851616487429e+01 8.460190716819931822e+01 9.065060284962649462e+01 9.317487973191124695e+01 8.485991242518109345e+01 7.160945590747316203e+01 9.148514068403498811e+01 9.377147725745075491e+01 1.139283544550806369e+02 1.058690046999178662e+02 8.562103354063040683e+01 7.532292507571040119e+01 6.799255006026049841e+01 7.335249277639925936e+01
7.650007515394621294e+01 6.330947865741800484e+01 6.854209190666487928e+01 7.434514035549767641e+01 8.100993982978688734e+01 9.097819840620537946e+01 1.109698036744627245e+02 1.157790429278367412e+02 9.535073452889143653e+01 1.013340475307471991e+02 8.917314620805555592e+01 8.278667715876072464e+01 6.292961374733945945e+01 7.334468792375524515e+01 5.391287486019928110e+01 7.079316357368900015e+01 7.899492959087915267e+01 5.973062676252268233e+01 7.923812194065483538e+01 7.139721246869360982e+01 8.547411000408000348e+01 7.214135634370313710e+01 5.278911506741167159e+01 7.214135634370313710e+01 7.958089750581206090e+01 8.826307576639580077e+01 1.000856375804882816e+02 9.982545434232103787e+01 8.559742497588068488e+01 7.961360340204717545e+01 9.115728778481899042e+01 1.113110971814107160e+02 1.141350694756522728e+02 1.040538353913268992e+02 9.574501912027416495e+01 8.852471728726163747e+01 9.378260709702752251e+01
8.978984550762059769e+01 8.338640359585455997e+01 8.855326671352123924e+01 9.431931397015164009e+01 1.009740010403341159e+02 1.092621432911029586e+02 1.192619647974894121e+02 1.131419310695122533e+02 9.269007685054798173e+01 8.086300645784614005e+01 7.482256918551981073e+01 6.976177886218862056e+01 7.797385568420347113e+01 5.685160081184040592e+01 6.796697939230185170e+01 7.900646845502555493e+01 8.748726133242311676e+01 6.835481936991763519e+01 8.748726142013967433e+01 9.123523221422597373e+01 8.808856525432865681e+01 7.523604813017011850e+01 5.590970411802388895e+01 5.722943019579246737e+01 6.088790589598323066e+01 7.194684372927052607e+01 9.175452505298261485e+01 1.064106431145230118e+02 1.056993437980581803e+02 9.115728778481899042e+01 1.080279776539030223e+02 1.196670319853191700e+02 1.198646956381670918e+02 1.079848195891084828e+02 9.620417464175272926e+01 8.779513563791041975e+01 8.293968943372009051e+01
8.149938093264806582e+01 9.298167234458526309e+01 1.069295634125999754e+02 1.040838007932776321e+02 1.123698750200663596e+02 1.213199120801755555e+02 1.328863299458552376e+02 1.215351357144592157e+02 1.097588104947441963e+02 1.013338201148001474e+02 9.516177569878128395e+01 8.314442797332131363e+01 6.326017999984691897e+01 5.963803505088407775e+01 6.734716599122448599e+01 8.573240967163606285e+01 9.633554321216031724e+01 8.219890560682901537e+01 9.633554321289938116e+01 9.310244553189220085e+01 7.981201283009937697e+01 6.039783881135797117e+01 7.523604813017011850e+01 6.322880691298267664e+01 8.031855490871512870e+01 6.686848952277222224e+01 7.809645625255352286e+01 9.806527367194973976e+01 1.095650852839740281e+02 1.113110971814107160e+02 1.196670319853191273e+02 1.198646956381670918e+02 9.967268683482301128e+01 9.963432073423284407e+01 7.912825062718997060e+01 6.719523287430038749e+01 6.239260839952041238e+01
6.470339598938075198e+01 7.886943998487873841e+01 9.407642158768148022e+01 8.410942177953592136e+01 9.301740982731305962e+01 1.045545080231290029e+02 1.246235877117586881e+02 1.250121621103586591e+02 1.132429022028630499e+02 1.048221223057028197e+02 9.027792860736390423e+01 7.010137231198505958e+01 8.223387409470970510e+01 6.263346285406431946e+01 8.223387782345876929e+01 8.035504017936301580e+01 9.926467835998380451e+01 1.021515459996380031e+02 9.974692293855683545e+01 8.479180568731709400e+01 6.518634160297712299e+01 7.981201283009937697e+01 8.808856525432865681e+01 6.957623415732453509e+01 8.933843793210770912e+01 8.060604528097458399e+01 7.415224314948900997e+01 8.110302595226728783e+01 9.109294924682419037e+01 1.053600818806346098e+02 1.256101044505109741e+02 1.150663411393428248e+02 9.482152222278699583e+01 8.292475114608555486e+01 7.600426182527300512e+01 8.779513563791041975e+01 8.293968943372009051e+01
