MOVIE_S13_data/elevation_000101.asc
nrows	150
cellsize	150.0
xllcorner	0
ncols	150
yllcorner	0
NODATA_value	-9999
[rows 0 to 16 of 150, columns 37 to 73 of 150]
8.884754177262699226e-02 6.929726548558100274e-02 7.395023591448830758e-02 4.828361932999872264e-02 4.897713358561925356e-02 8.568734790590110117e-02 1.075183056328203948e-02 6.823539046102447547e-02 7.194897206013613211e-02 1.557559815681563986e-02 7.704183385687686514e-02 1.685416958384493638e-02 9.680445094065920353e-02 7.639902522890137937e-02 4.559330980047965332e-02 5.839666421669215124e-02 9.739037529851846120e-02 3.670263267501718690e-02 2.041064012308905357e-02 6.895211126444661387e-02 9.031524355919069713e-02 1.560024811392830661e-02 7.641644294168103979e-02 3.888124420523987601e-02 6.873285589001959517e-02 4.772367030474261584e-02 9.504926490987847254e-02 5.760415539182907330e-02 9.666222459857021221e-02 9.627991409191682948e-02 1.286757495974483190e-02 9.381044340810595905e-02 7.584058927755046864e-02 1.435327048224320848e-02 5.777975670406795827e-02 2.716720951219454838e-02 4.735230246529398453e-03
2.008884754177227094e+01 2.006929726548522552e+01 2.007395023572146897e+01 2.965583449287883866e+00 8.993248176814761408e+00 2.007342518919673680e+01 1.415353870106996403e+01 1.167227546954970840e+01 2.006924009790934349e+01 2.000443569511712738e+01 8.329707798753311909e-01 2.001628002198448186e+01 1.423893574329060208e+01 2.007639901778488678e+01 5.209571104743724312e+00 2.005839666421633538e+01 1.423952599902959371e+01 1.003670263267510343e+01 2.002041064012273353e+01 2.006895211126409251e+01 3.939317038156687989e+00 2.001560024811357152e+01 1.421855206667275695e+01 2.003888124420488381e+01 3.050156825889732914e+00 2.004772367030438573e+01 1.423718702555432003e+01 2.005760415539147345e+01 4.360676551710797710e+00 2.009627991409156067e+01 8.957139484959052211e+00 2.009381043872008021e+01 1.421797621290330227e+01 1.415649573514980020e+01 2.005735140446850551e+01 7.674004197097995528e-01 2.000473523024617251e+01
3.837903226509875765e+01 2.718191976042077940e+01 7.181953662845704578e+00 2.296555669417773160e+01 2.898952411382948569e+01 2.532088826801168935e+01 3.418064563983278248e+01 2.639375370483995553e+01 3.299024688113376413e+01 1.336138538093418937e+01 1.589440254347564307e+00 2.158921918285101071e+01 3.423794666935086894e+01 3.055479505809528007e+01 1.055479594299225887e+01 3.055479826872069538e+01 3.423952599903029892e+01 2.417883825640630491e+01 3.832097388013599470e+01 2.786163974091999762e+01 7.861639740920352004e+00 2.786163974092070816e+01 3.421855206667346039e+01 2.606526612713330593e+01 6.065270271667356994e+00 2.606510054288757772e+01 3.423774507129326850e+01 2.872504154756237327e+01 8.725034356430683147e+00 2.872504154756237327e+01 2.050414486954337789e+01 3.724155621656984749e+01 3.421797576523193385e+01 3.415750090430774577e+01 2.150808571117035939e+01 1.508141160450539475e+00 2.150816621508630178e+01
4.387690389760796705e+01 3.023846423514481785e+01 1.023192506959031434e+01 2.429787871061274274e+01 4.364804277877897221e+01 4.528465837078077527e+01 5.348089540701022315e+01 4.849375369964560889e+01 4.109974170672446547e+01 2.234837479212398037e+01 2.348629872348686476e+00 1.649061820560249458e+01 3.649046719547730078e+01 3.883907689285396003e+01 2.055479594321225889e+01 2.210180132938535280e+01 4.210180682596489987e+01 4.417883825640701190e+01 4.738726708138830901e+01 3.203192802206110201e+01 1.203192802206181256e+01 3.203192802206251599e+01 4.333086132310987892e+01 2.333088105808423762e+01 9.188745509439451453e+00 2.333088081570551964e+01 4.333076599351062441e+01 3.343909329799314634e+01 1.343907956434104101e+01 3.343909329799314634e+01 4.050416468717328655e+01 4.878856381818309984e+01 4.395246640758565349e+01 3.575571993032909290e+01 2.225040776297358391e+01 2.250410779475743528e+00 2.225041638230803898e+01
3.558607328557022242e+01 1.557715238039028982e+01 3.023846423514481785e+01 1.917638894877047662e+01 3.332048347031457070e+01 5.331502404673479134e+01 4.869233068874512327e+01 4.040464590498979192e+01 3.221551305937880727e+01 2.066191879755407612e+01 3.110016859975566206e+00 1.725263948412692372e+01 3.725495008297908583e+01 4.883912703234042141e+01 3.469693173407200248e+01 3.364880675479262351e+01 5.038614291093968944e+01 5.065000121772083475e+01 3.065000121772013131e+01 1.910299583392741241e+01 2.357893340585453146e+01 4.031619926952471644e+01 4.666418871674128610e+01 2.666421436271945211e+01 1.252207884277275518e+01 3.252207122812797735e+01 4.758074733937091594e+01 2.758121332869130171e+01 2.010574623100782432e+01 3.343909080355907548e+01 5.343922254592248322e+01 4.954087844952922381e+01 3.022094214242119747e+01 1.654552927085335057e+01 1.667641186304178902e+01 2.994218863927848862e+00 8.274645154833157434e+00
2.147487864412235226e+01 3.558607328557346960e+01 4.387690389872811636e+01 2.812185050837542022e+01 3.918376560786580143e+01 5.919353913343450557e+01 4.040508232714532966e+01 2.044923915711063245e+01 2.459843588912742618e+01 3.626242431906687269e+00 4.118883404586054731e+00 2.412010786670719398e+01 3.383708185096269716e+01 4.798030553629024553e+01 5.469694713476951620e+01 5.364881966137780722e+01 6.193319678936837391e+01 5.893427246518303519e+01 4.513322272548349900e+01 2.513322272548279201e+01 4.357893340585523845e+01 5.186320465331743179e+01 5.019971471335705360e+01 3.019974822733504283e+01 1.605761274870543076e+01 3.605753937483874694e+01 5.585810423301949612e+01 4.758073251821487304e+01 2.827071204037845931e+01 4.010582925915890229e+01 6.010662810746080709e+01 5.008657105917285435e+01 2.706589856602074207e+01 2.405517914858594963e+01 4.054224283237314985e+00 2.299474417791567760e+01 2.811275483407797893e+01
2.606331778459970394e+01 4.607948619291821757e+01 5.641927197801695115e+01 4.227170143629793131e+01 5.641927197801838645e+01 5.923126928732857976e+01 4.040380345488742364e+01 2.044921593887316291e+01 5.989084704380670310e+00 2.460464649198316778e+01 2.412010786671326557e+01 5.551113152311748955e+00 1.969383222848857429e+01 3.526964611311538533e+01 4.483545431783633717e+01 5.320115405683700516e+01 6.080771564943430718e+01 6.608246790852666663e+01 5.341749397294569235e+01 4.513322272548349900e+01 3.582367240198014713e+01 5.582367240198085057e+01 5.397935164224389126e+01 3.397939290450231198e+01 1.983725747879763901e+01 3.138426285368696611e+01 5.138423381928155464e+01 5.655615362575713334e+01 3.981771765794219675e+01 5.655615362575713334e+01 5.404168793248592806e+01 4.383366910667052707e+01 2.661669966158422795e+01 5.232792952872497239e+00 2.034589120889536318e+01 6.554553197949304355e+00 2.645249675535707468e+01
3.273103155702948897e+01 3.871924019499962100e+01 5.874469735571780404e+01 6.228357300209734859e+01 6.509244008872374820e+01 4.509223152094097742e+01 3.095427539285735818e+01 2.748243565502356489e+01 7.521452988693524411e+00 2.748243553633260206e+01 3.383758549288467066e+01 2.555243206389496535e+01 6.994488820151120834e+00 2.696248050178262901e+01 2.478311222733511343e+01 4.080539878400845311e+01 4.080539878400914944e+01 4.608111497899999165e+01 6.608246790852666663e+01 6.410794364944405288e+01 4.737067778577306854e+01 6.410794364944405288e+01 5.564824028335937811e+01 3.564827717558650733e+01 2.410127180590977503e+01 4.410125619808247421e+01 5.966812886367100788e+01 6.810396626199919012e+01 5.981797362451560218e+01 5.404168793248592806e+01 3.649620158072207943e+01 3.536567733069659880e+01 1.718845495637955523e+01 6.069123396302875229e+00 2.583102987222066815e+01 2.645249675535659861e+01 9.084892993090106117e+00
4.029462828674008534e+01 5.874469735571780404e+01 5.874469735571780404e+01 7.098900239475837282e+01 5.943045933835804817e+01 5.114107392969238930e+01 3.681093422313370667e+01 1.687492698622459386e+01 8.799831176319008463e+00 2.282556061101810130e+01 4.278710299624378877e+01 3.528108012143727024e+01 2.699591032043613836e+01 8.447354206592651238e+00 1.447754186422570477e+01 2.080212460492639792e+01 2.974749406033656385e+01 4.975143162763938420e+01 5.965681806509002172e+01 6.549945554917415791e+01 6.737067778577448962e+01 7.565494903323697429e+01 6.393207219721315937e+01 4.944647534348712981e+01 2.944649664415817014e+01 4.043120167442276625e+01 6.043112615656156805e+01 7.091807277309102631e+01 6.270781956034937821e+01 5.204131332450395320e+01 3.461048768843130574e+01 2.222013169501564889e+01 1.440901262791799375e+01 6.909207712812891700e+00 2.808526779920650185e+01 3.590529317368104500e+01 2.896661758164792744e+01
5.185913799026834425e+01 6.861244307041727097e+01 7.876161919690528634e+01 6.270393829045336531e+01 4.267646973658793996e+01 3.093461096147219891e+01 2.281865862520105281e+01 1.933600481784823799e+01 1.002244745937445991e+01 2.988069586630380670e+01 4.821886809138734975e+01 4.858271972007004535e+01 2.949726812469333836e+01 9.495638973245712933e+00 2.949726812282386135e+01 4.080539878318430169e+01 4.347149891245811659e+01 5.099328234716960395e+01 3.997089989823515310e+01 4.573677183542351088e+01 5.886841948503600008e+01 6.715105114547215237e+01 6.944627429157182519e+01 4.944647534348712981e+01 3.577105196449459612e+01 5.577102081278985679e+01 6.871480900886497523e+01 6.270781956034937821e+01 4.239383146787829304e+01 4.834366082722030455e+01 4.246385465408685889e+01 3.649118458533384768e+01 2.762158023812929741e+01 7.756129807846946278e+00 2.790145099799132566e+01 4.633869671195957807e+01 3.976714762129476810e+01
7.188761378157782644e+01 7.314218110290133268e+01 7.559932456184434102e+01 6.474037400218654170e+01 5.645523718380349010e+01 5.114107392969238930e+01 3.915091401562062146e+01 1.172455597503555147e+01 1.473544784115577855e+01 2.065103187691792641e+01 4.003744868330285556e+01 4.043484814422471629e+01 2.054733595826204606e+01 1.054827038070002487e+01 3.055000795575703876e+01 3.315400761874749236e+01 2.199847852635515721e+01 3.816334325230555891e+01 2.621681543867001096e+01 3.237896766049308894e+01 3.919955644876473855e+01 5.044815901554245841e+01 7.037070919284622050e+01 6.284207158723769737e+01 4.284211977633191992e+01 6.284207158723769737e+01 7.172593827098523889e+01 5.156081174656154076e+01 3.706654327331153098e+01 2.797149644478723829e+01 2.219708475199971431e+01 1.687144538545036809e+01 2.278269739937654847e+01 8.605412572100322066e+00 1.855138197436493286e+01 3.829333758193359216e+01 5.381377988026704173e+01
6.607083149355690921e+01 5.314255495755855208e+01 5.559963262360857073e+01 5.645523718380349010e+01 3.644341272575569235e+01 4.230474040560308424e+01 3.286329454663029992e+01 1.293178661066170143e+01 1.471028197961663508e+01 3.823627871215805385e+01 4.003744868330285556e+01 4.858271972007081274e+01 3.671659245344761757e+01 1.719671918281326839e+01 1.206884118930281602e+01 1.315349195725336706e+01 1.424295882293157156e+01 1.897748384268744104e+01 3.871966322034081287e+01 5.191442626944758842e+01 5.886841948503600008e+01 6.715105114547215237e+01 7.867434216087342236e+01 7.112579313754615384e+01 5.438912501028632818e+01 7.112579313754615384e+01 7.751441068578620275e+01 5.746704056208049138e+01 5.665595150435157024e+01 4.660840286679297151e+01 3.828084222910952406e+01 2.994318670727877318e+01 9.815219879045853801e+00 2.872540900154582033e+01 3.656971886998360333e+01 4.634914930471148864e+01 5.763483535476294151e+01
4.607237624330694814e+01 3.900350611704287473e+01 4.145633192172616077e+01 4.512661643216112139e+01 4.230474040560308424e+01 2.224532586594254724e+01 1.469341434256899426e+01 1.826521593178883407e+01 3.737253533152383511e+01 5.203936638141869508e+01 5.980538618419615915e+01 4.802107635735563207e+01 2.848086280998816378e+01 3.673952880576023006e+01 2.101293390225603019e+01 3.315400761220027448e+01 3.424433327654625003e+01 1.583914992326124604e+01 3.583916262928491392e+01 4.427902981410051808e+01 6.613076142854019679e+01 7.773518736759722003e+01 7.929279059863873158e+01 8.267238614421594889e+01 7.438901134818600269e+01 7.471707218648121795e+01 6.463183019631428294e+01 5.629798237024406404e+01 5.044872702691514377e+01 3.828084280340678447e+01 1.810812189646076220e+01 2.880570493494373707e+01 1.068503770865883418e+01 1.644464754214436653e+01 2.267609973688768576e+01 2.998507934432616295e+01 4.944132575856306033e+01
6.607083149355690921e+01 5.047364407890569282e+01 3.046682498085704438e+01 2.508598619258044948e+01 3.662501633473154072e+01 1.654088907300998557e+01 3.472299436060396260e+01 3.823325043144164681e+01 2.675163836090610303e+01 4.090975341773123120e+01 6.091258250389090989e+01 5.630454806162163095e+01 3.964458194952279513e+01 4.929862556433022291e+01 3.256032466240056067e+01 4.731189128927134391e+01 3.699648792225917049e+01 1.697225290246702301e+01 2.222091953710567935e+01 4.427901222480609533e+01 6.206358988161331069e+01 5.783035015494377262e+01 5.986559483129134662e+01 7.369007851884845195e+01 8.063385240487143335e+01 6.051017628572959950e+01 4.619170018186370186e+01 3.603556748806499144e+01 3.019254176685478086e+01 2.499173358845033022e+01 3.207662321975590203e+01 1.193269370840248556e+01 3.081902552134533479e+01 3.600192190654585289e+01 4.208848738945202683e+01 4.517900706976080727e+01 4.366435172601481440e+01
6.033768024663961427e+01 5.875716236673554249e+01 4.902680371531243964e+01 3.862453999246118030e+01 1.852934110442688365e+01 2.115799682432347240e+01 4.122971018001683774e+01 5.505378973005390719e+01 4.676844641415187454e+01 3.831398492827216984e+01 5.831745557918068812e+01 6.779822450358227570e+01 5.946358051311320025e+01 6.084634497720520585e+01 5.256221521651888651e+01 3.903328715626946632e+01 1.902510425492591750e+01 3.699623350799627275e+01 1.965102228113292782e+01 3.376752998714919585e+01 4.750333942893563943e+01 4.387213596490116885e+01 4.597797515517682854e+01 5.967773361295598988e+01 7.898995572004983501e+01 7.057201434530050221e+01 5.038548473642850922e+01 5.629798237024406404e+01 5.044872702691514377e+01 4.521859994216799095e+01 4.044248074370654678e+01 3.207656484718704348e+01 1.321160227478105575e+01 2.338985346382909825e+01 3.719419555656031662e+01 6.016813747002501600e+01 6.338817481741824622e+01
4.035891912747607080e+01 5.181868544286600553e+01 4.074129859537612930e+01 2.065986764455640312e+01 3.862456933590521402e+01 4.122971018001683774e+01 2.828754449996916520e+01 4.830781284568504930e+01 6.443377765967814241e+01 5.831745557918068812e+01 5.464735268695246617e+01 7.464754075310888481e+01 7.408651481486920432e+01 5.408901015788772071e+01 5.083728313861192305e+01 4.048328697027373835e+01 2.049732246603698016e+01 3.869318451087639232e+01 3.962735916114626633e+01 2.236182691365440078e+01 2.767729853574287802e+01 3.432742375138271740e+01 4.605978454637389774e+01 6.502229107336923164e+01 7.883883418740380478e+01 7.887817565619995719e+01 7.057201434530050221e+01 6.155895450170870475e+01 4.129133338496692573e+01 3.298094024344401021e+01 2.658599691614513105e+01 2.078338022128541951e+01 3.335535213871654037e+01 1.451337252992720828e+01 3.468309269427262365e+01 5.305045557960139035e+01 6.478979336545204148e+01
5.181870788163307395e+01 3.193921556369606662e+01 3.579482155903205864e+01 2.218490425992371584e+01 3.380020095167795802e+01 5.379479494528643357e+01 4.830781284568504930e+01 3.615316296638570748e+01 5.029493129060958267e+01 7.029222650124528116e+01 7.464754075310888481e+01 6.942628202954068684e+01 6.043186617301156360e+01 5.192740159775662079e+01 3.411635624808774025e+01 2.260583250838903169e+01 4.048328697027409362e+01 4.825751727728535911e+01 5.059890583421078247e+01 3.128184864480022753e+01 2.536883681282714420e+01 4.538049807669017355e+01 5.667189088018379550e+01 6.254650519150537491e+01 5.888707200952856624e+01 7.883883418740380478e+01 7.579404006407970940e+01 5.566258900023326106e+01 5.328473282902963604e+01 5.328473267853880202e+01 4.686410224692808413e+01 4.101031556142604728e+01 3.560926720680883761e+01 1.543794416687252813e+01 2.441234017846816329e+01 3.609736306169413211e+01 5.638892900604864167e+01
