MOVIE_S13_data/elevation_000314.asc
nrows	150
cellsize	150.0
xllcorner	0
ncols	150
yllcorner	0
NODATA_value	-9999
[rows 68 to 84 of 150, columns 74 to 110 of 150]
1.276489539112318710e+02 1.436366670637615073e+02 1.387549087510571439e+02 1.385717627536734824e+02 1.261033981674740829e+02 1.172099324038788382e+02 9.866918881815603015e+01 9.648591085088989416e+01 9.731113583893142049e+01 8.422977841131572063e+01 8.859362832060079995e+01 9.684959877111911908e+01 8.514712140356671455e+01 7.428361988807706950e+01 5.463528920671163291e+01 7.188319420424107875e+01 5.588257015140323603e+01 7.555895185360907362e+01 8.563629308214136415e+01 7.727716875794972395e+01 7.505275922121050769e+01 7.882544886342974166e+01 5.885975869360922985e+01 7.821519197511921107e+01 8.479572022773957940e+01 7.434794837251291710e+01 5.225806458574221125e+01 6.369310637879268455e+01 8.546104646295610507e+01 8.893810207160412062e+01 8.027957754510124744e+01 7.190750151051241801e+01 6.125494101046598416e+01 4.142606167152261776e+01 5.921547298106062840e+01 6.761088358561897849e+01 5.846134932107197102e+01
1.394417254142726676e+02 1.385364133490857910e+02 1.212333519849341457e+02 1.198167166538396344e+02 1.291426859518233528e+02 1.268043450347628465e+02 1.185977265027825780e+02 1.164257125137447986e+02 1.125010220035900375e+02 1.042690656631048256e+02 1.074152236639099556e+02 9.628130917294784297e+01 7.620378799638899636e+01 6.219630038398168637e+01 7.188319420424107875e+01 5.227776184979512664e+01 7.187458546688353067e+01 7.790832068391674170e+01 7.343608199524724967e+01 5.677104731892585932e+01 6.129237871786334324e+01 6.899616431027639862e+01 5.485515858136573542e+01 7.465085952261266300e+01 6.900177240156155278e+01 5.395147589518605002e+01 4.583927028495672573e+01 6.768759781039717893e+01 7.305245058386208257e+01 8.144889480448524921e+01 8.535468821888228774e+01 7.770171477027837170e+01 6.554031659433476875e+01 5.712269202953687852e+01 3.934675980865850420e+01 5.921547100382818485e+01 5.871697665545909928e+01
1.392976568890520639e+02 1.308947473763920755e+02 1.253099424750146795e+02 1.062921059832390682e+02 1.097665228240326911e+02 1.234251055826163963e+02 1.214483784893145781e+02 1.214483784893143934e+02 1.296647727355497466e+02 1.107406347598096090e+02 9.066763405133464460e+01 7.903017045890747738e+01 7.147444317172121941e+01 8.208435779958655587e+01 7.048033769323457420e+01 5.088643809691387077e+01 6.847595519300206490e+01 5.957391530005732250e+01 6.505820463230136852e+01 4.547689353149975489e+01 6.108683434332032647e+01 4.942265546759804096e+01 6.908550333454022052e+01 6.760284960337348537e+01 5.916015755180009705e+01 3.925517704716266820e+01 4.167479176988040024e+01 5.715355792607087437e+01 5.293993153117756378e+01 6.524864701761606511e+01 6.525049119268928166e+01 6.900769573375387722e+01 4.862112739143146456e+01 3.731385599236119077e+01 5.504674036321804920e+01 5.535838542694509101e+01 3.885212367618379403e+01
1.220426992214277107e+02 1.107233999275694316e+02 1.192992567855515205e+02 1.136263727817363787e+02 9.581194967653247829e+01 1.072560776952764598e+02 1.013364958260656010e+02 1.013364958260656010e+02 1.214483784893144076e+02 1.189693513808941816e+02 1.074152236639099556e+02 9.915148239732791069e+01 9.154634133426867493e+01 9.040547550611736938e+01 7.048008104613992941e+01 6.851579969394558134e+01 4.893157069914146717e+01 4.755306148187974458e+01 4.669183090796818902e+01 6.381558755036291330e+01 4.427340362292163434e+01 6.270510929992958182e+01 6.187157598786811263e+01 5.949957017528736714e+01 4.038809759439936187e+01 5.260098904914124773e+01 3.812034154975551559e+01 3.732525221884424838e+01 4.711921062707681784e+01 4.533428517855909945e+01 6.003675923889866795e+01 7.224782804175025319e+01 6.515646020345526779e+01 5.419038284346935797e+01 3.537735194825749829e+01 3.564313939028928502e+01 5.535840223234333735e+01
1.230630483928974286e+02 1.091860441662849297e+02 9.902898562485478351e+01 9.338110561717003577e+01 1.062458345679870035e+02 8.727225653105435299e+01 8.700649249316049350e+01 1.053089338823619414e+02 1.136514715473467021e+02 1.206007626549830007e+02 1.091614477781341321e+02 1.008091028422581843e+02 9.855483168557167062e+01 7.648721775889363528e+01 7.539599892452507390e+01 6.865586191973871166e+01 4.911601499569692919e+01 6.714115644013065776e+01 6.039003474692027140e+01 7.188015532837766841e+01 6.270668977683634893e+01 4.310907079668895392e+01 4.230987714308423620e+01 4.151384482204766613e+01 5.995285367665920262e+01 4.346275603298446555e+01 5.792738631995913323e+01 5.606240623967912029e+01 3.619533556435832367e+01 3.541279242608642619e+01 4.627519635672690868e+01 6.138457448092465540e+01 5.892935449392470559e+01 5.146679983657198676e+01 5.148998013062492873e+01 3.350900323665430847e+01 5.290875657409726074e+01
1.365659983204074877e+02 1.272825033185505816e+02 1.139980605360445338e+02 9.364374556741840649e+01 8.595141658879407487e+01 9.958444732350069728e+01 7.933371653190170036e+01 8.495942706689417889e+01 1.004510364976925416e+02 1.004398440904647885e+02 1.007768540321056747e+02 8.163019260526203880e+01 8.715235842585322246e+01 7.614228392068595497e+01 5.525298105423537010e+01 5.068564621764564038e+01 6.285425167797216517e+01 7.689569525374724890e+01 7.965109366589575757e+01 8.111284441400202638e+01 6.047745879935264668e+01 4.686659722159030395e+01 6.190123844116757823e+01 6.130561951395506526e+01 6.685143213843491594e+01 4.728988971392357854e+01 6.685690982559293616e+01 6.306087865111643964e+01 3.880965729972423617e+01 5.420924040605783034e+01 3.435939164235616516e+01 5.310755283722107123e+01 5.060996072481773922e+01 3.178611499340281554e+01 3.193487188090072237e+01 4.019419059095247349e+01 4.087443805335520608e+01
1.349274682132535474e+02 1.283388903002193615e+02 1.080646912894524831e+02 1.140028666965800852e+02 1.004321357925151972e+02 8.007050098462633514e+01 7.607951239414880718e+01 7.323104787766293100e+01 8.009258063907813607e+01 9.866296305023287516e+01 9.805697057873699407e+01 7.914317237273083094e+01 6.813165723441858290e+01 6.259265070535300168e+01 6.682454956677595703e+01 5.182630210841737295e+01 7.173998295091543298e+01 9.093713151459988353e+01 9.475892502978202003e+01 8.473538321311383470e+01 6.992014932674760530e+01 5.078240388216531187e+01 6.991993173153963426e+01 7.291509969539198721e+01 5.327563946568585607e+01 6.685690991476727163e+01 7.508293891004120724e+01 7.498772970314384168e+01 6.018961379518932375e+01 4.112859778468107663e+01 5.314439313427465095e+01 3.339605029312522788e+01 3.274144240775470394e+01 5.015199482472801407e+01 3.077682510714753406e+01 4.775981188317825854e+01 5.436241568131070778e+01
1.264752703506501206e+02 1.366109779831203639e+02 1.283388903002193615e+02 1.169386697233886423e+02 9.662920333408011686e+01 8.221767575102610692e+01 9.643916425878802556e+01 9.027635373091625581e+01 7.001096914744495336e+01 9.025880901872947959e+01 1.058017223275879246e+02 9.500499539341466004e+01 8.715235842570662328e+01 8.137998519701879729e+01 7.248018524068432100e+01 5.296999184241140313e+01 7.257204001185695574e+01 9.081489960994055366e+01 8.641135647173602763e+01 6.640820348812852103e+01 5.694794186252406121e+01 6.415090791602455056e+01 7.818488857977654050e+01 7.743893001345266214e+01 5.771051902874343398e+01 7.743893001345266214e+01 8.723870663993061214e+01 6.814345949626607535e+01 4.830077748684955452e+01 6.085289952129187441e+01 5.983654292559246812e+01 4.069795710929988530e+01 5.262532317585964847e+01 5.024210991988245212e+01 4.948495853872589123e+01 2.989705070187934766e+01 3.336919789895740962e+01
1.348940261254057020e+02 1.317217645096937417e+02 1.234654475771845767e+02 1.093627903554233569e+02 8.900659155721766069e+01 1.025777083157492626e+02 1.073286650524603516e+02 8.807387160112045876e+01 6.788744832226574033e+01 8.512409323829561458e+01 9.352563065176893531e+01 9.840392099729136532e+01 9.035135708302102842e+01 7.428765565997440490e+01 5.461523662301889459e+01 7.247873703951320579e+01 6.261242245649624039e+01 8.250920245407547782e+01 9.475890597269912519e+01 8.214238671256048008e+01 6.228472534549337780e+01 8.214238819269475300e+01 9.289076994654519126e+01 8.239766895354961207e+01 6.255157397294993871e+01 8.239766895354961207e+01 7.889029861534703514e+01 5.878480372405830678e+01 5.809433281643375580e+01 7.648414635978163290e+01 6.817114498207756412e+01 5.158693785000686205e+01 6.806887805280338455e+01 6.958645692082974676e+01 5.533018975359982505e+01 2.927507257240326410e+01 3.411981477916886263e+01
1.376544917609431593e+02 1.175815953166442824e+02 1.031738532816805645e+02 9.671164743662097862e+01 1.034270487808480112e+02 1.107108588928590933e+02 9.034944480280252321e+01 7.859716268425309238e+01 8.510761870868236656e+01 6.506798181261873992e+01 8.226872107155068647e+01 8.028340334720409999e+01 7.031395453591254352e+01 7.543016490350895253e+01 5.578051160186598167e+01 7.542195730720158053e+01 8.250919954152811897e+01 7.660110566338275362e+01 9.677260985397867898e+01 8.886821842479545808e+01 6.869162307138849144e+01 8.886821842479545808e+01 9.091115629823076461e+01 7.092940165997488577e+01 8.239766895354961207e+01 9.064939112496436735e+01 8.723872401339426119e+01 7.034749872083045830e+01 7.227286352073974740e+01 8.654186935812121817e+01 7.961256502113442934e+01 7.115215578515707762e+01 7.021752688319421054e+01 7.850384917707185650e+01 6.103829507043776204e+01 4.377844189660351049e+01 2.839367852907928125e+01
1.376695037961906678e+02 1.175819348505623196e+02 1.234654475771845767e+02 1.085044009388766568e+02 1.236929381660646072e+02 1.190425990268682028e+02 1.073286668456071880e+02 9.895508961852921459e+01 9.351251024910354204e+01 8.226872107805729684e+01 6.235534166417462387e+01 6.047556023930004443e+01 5.908747547132204403e+01 5.771561110840359277e+01 5.798434493086742947e+01 7.756592191482934595e+01 8.924851019530908047e+01 9.677260985397867898e+01 1.050286958895561469e+02 9.722134379162162077e+01 7.873969643267264473e+01 9.722134379162162077e+01 9.913086743798351108e+01 9.091115629823076461e+01 8.159849424610244739e+01 1.016051792706572456e+02 9.889194569134170365e+01 9.055998029070363486e+01 9.248406089895185289e+01 8.255684899916845154e+01 7.363053495201008047e+01 6.534895604755556064e+01 5.034264703589354184e+01 6.700701912285846618e+01 6.174575721759071456e+01 4.163755981140821660e+01 2.778075968624096603e+01
1.458615941688254054e+02 1.376695037961906678e+02 1.369575295732167604e+02 1.287216309665818130e+02 1.280042324734720580e+02 1.189144204007894814e+02 1.105380214361320270e+02 1.068458043822219707e+02 8.655180014381139131e+01 8.333992659281830129e+01 6.343269221626870547e+01 8.029390152236939571e+01 7.292531292458218672e+01 7.152987040707164113e+01 7.753650634528216301e+01 6.112920001391243829e+01 8.085065677012460128e+01 8.890451600675606869e+01 9.730785095397901330e+01 1.073300965197735195e+02 9.899895135477058261e+01 1.073398578707867443e+02 1.156624403026317793e+02 9.578247110139453468e+01 1.016051792706572456e+02 9.916660561915348637e+01 9.099142782058181922e+01 9.916660561915348637e+01 8.841637895873334685e+01 6.840188148307844074e+01 5.432936549990689201e+01 4.553034843597928472e+01 3.902912771626584743e+01 5.129170245404268513e+01 5.414868685614521837e+01 4.593494339283325445e+01 2.716799912637616288e+01
1.410278392580860896e+02 1.494354410286722441e+02 1.435985780198462294e+02 1.340125615878038730e+02 1.137183071892906696e+02 9.925972282089978194e+01 9.016716007887767148e+01 1.003525907575047995e+02 8.655180287653712412e+01 6.649367996912330625e+01 8.333993355911619005e+01 9.172624299885647758e+01 9.318492090180377829e+01 9.193168214349145728e+01 8.442431448706847164e+01 6.449200912655442153e+01 6.543475084839688805e+01 6.867727307874288556e+01 8.889002355603142291e+01 1.015252294998319087e+02 1.099102649782538492e+02 1.200746922280853681e+02 1.237854879580301599e+02 1.156624403026317793e+02 1.006992727810624757e+02 8.921027837710637698e+01 7.100581406340002388e+01 8.604980307511225135e+01 9.424124132562451450e+01 8.255684899916845154e+01 7.363053495201008047e+01 6.270551729208596470e+01 4.293621008447620824e+01 3.166437174903325413e+01 4.508413991275812549e+01 2.630332939489875343e+01 2.997153958618356384e+01
1.325040777829005378e+02 1.293344652811530011e+02 1.234260763295673371e+02 1.376289884390273244e+02 1.280042324734720580e+02 1.147552953151900965e+02 9.438679519485879155e+01 8.004932286972940858e+01 7.424909937910079805e+01 6.897147463746107121e+01 8.055142366748917482e+01 1.008562055209876007e+02 1.042980725367061012e+02 8.385932089796720845e+01 6.957669817662808498e+01 8.442978978583109040e+01 7.681819505458788910e+01 8.890451600675606869e+01 7.382106095990266681e+01 8.101886743402154423e+01 9.132535048715250525e+01 1.117379587451508769e+02 1.150298484187631374e+02 1.051438922360128601e+02 9.252995615533770035e+01 7.255709883367842394e+01 6.099004339334582880e+01 6.605697481851599662e+01 8.273554886434519062e+01 7.969471066804355530e+01 7.397441211684133577e+01 7.097758866450712389e+01 5.952974374594517570e+01 4.508500056771006825e+01 2.544137891898161641e+01 4.424525740852352840e+01 4.368137875357799516e+01
1.241504521963290983e+02 1.293344652811530295e+02 1.089214041309021610e+02 1.184232251326523482e+02 1.267785414646387494e+02 1.174675899051575669e+02 9.713004458145080378e+01 9.303111568257483555e+01 7.277723451780693154e+01 8.318332119994609286e+01 9.753342420605505936e+01 1.092489111273498139e+02 9.820567990071006648e+01 7.772797381337447575e+01 7.505172030499778657e+01 9.552356048831981639e+01 9.124030607464024456e+01 9.886660062781611202e+01 7.833933004239692366e+01 9.886660062781611202e+01 1.099102649782538492e+02 1.200746922280853681e+02 1.069162714764922697e+02 8.706814179741968474e+01 7.704568158542907952e+01 6.994641437935889883e+01 7.450698168933968191e+01 5.454557279487496402e+01 6.886104250580079622e+01 5.978996538507163194e+01 5.396442230850514221e+01 6.810159289449205744e+01 6.347715744431855711e+01 4.407955796474779930e+01 3.666474275046446252e+01 2.459033380517012191e+01 2.400834488836681402e+01
1.206428905789767043e+02 1.328159223113974292e+02 1.124615747620871531e+02 9.794920893373347326e+01 1.103926552772752530e+02 1.060477560012621296e+02 9.713004458145080378e+01 7.684138164147809391e+01 9.303111568254803387e+01 9.303111568257483555e+01 1.118844164211076730e+02 1.078447201187016589e+02 8.739722408651731200e+01 9.820567990071006648e+01 8.119700112498101419e+01 1.017078004216325979e+02 1.116126310554062542e+02 1.045509418054531778e+02 8.405575822225169702e+01 9.289754985593268088e+01 1.073666513971506618e+02 1.275464035354374346e+02 1.150298484187631374e+02 1.051438922360128601e+02 9.699220663695595590e+01 8.994004507443497687e+01 7.592178745326090450e+01 5.595098533134284935e+01 4.897855409885196565e+01 5.974592072494284167e+01 4.008239058166008562e+01 5.579849377247604281e+01 5.330207786013647109e+01 4.749303626030247472e+01 2.789546555061146904e+01 3.966618795068335146e+01 4.282938623888912844e+01
1.114419884894066684e+02 1.213354831684180652e+02 1.267785414646387494e+02 1.103926552772752530e+02 9.001327123821768339e+01 8.572354299170319791e+01 8.168190662960088844e+01 9.713004458139360509e+01 8.637746614576222726e+01 1.067192565291742028e+02 1.217186209643250123e+02 1.155396818793374365e+02 9.518072190624410212e+01 1.085247175525519339e+02 8.807397765623430530e+01 1.085247178271129940e+02 1.154321480648860216e+02 9.507527517607697121e+01 9.595258990633631413e+01 1.129044443727875233e+02 1.215959532263411660e+02 1.175653074252726640e+02 1.090790844859340467e+02 1.007622481589641410e+02 1.026159532818849840e+02 8.273617176407780960e+01 6.857791425962295762e+01 7.592178745326090450e+01 6.412261232740196704e+01 4.431259665717050211e+01 5.576328625249914950e+01 3.618182097604570657e+01 3.370335350059417578e+01 3.126655074369295662e+01 4.639341541847554140e+01 5.282940972591818962e+01 4.213145206765035056e+01
