MOVIE_S13_data/elevation_000958.asc
nrows	150
cellsize	150.0
xllcorner	0
ncols	150
yllcorner	0
NODATA_value	-9999
[rows 68 to 84 of 150, columns 37 to 73 of 150]
4.626638597086343907e+01 6.616211131042689431e+01 5.655458047788722808e+01 3.660896608393368012e+01 4.842314527052630524e+01 5.112346728880301328e+01 3.257310027991269408e+01 4.636362436086530892e+01 6.585957882770793503e+01 8.203699150138366747e+01 7.408722830911383994e+01 7.512193232247810215e+01 8.301944375673186016e+01 6.705663745222324224e+01 4.642522453063577359e+01 6.705663745390104680e+01 7.102447822550001888e+01 9.091025186378648471e+01 9.081349447159969657e+01 8.247571792899455545e+01 7.184319882834059001e+01 5.202359975651481250e+01 5.894684270411715232e+01 7.630167371992929759e+01 9.057164175222283120e+01 9.270858138510440938e+01 8.898094749999179953e+01 1.041446123754347326e+02 9.607655661272691816e+01 8.699478144703513749e+01 1.053364331252452217e+02 9.948887264617775372e+01 1.194536929406069277e+02 1.317640049168275596e+02 1.395102520564944655e+02 1.294697559025319435e+02 1.211787616024210479e+02
6.615901628912729393e+01 7.432352134443640068e+01 6.285290327558627865e+01 4.293585779841638583e+01 6.285290327416927170e+01 5.403758070926252799e+01 3.459769590885464652e+01 5.403757580193602905e+01 6.225422985885398219e+01 6.814383738158544190e+01 7.638960675752045404e+01 8.783915876069501394e+01 8.123812833784833742e+01 6.118247159509972022e+01 6.705663745390104680e+01 5.059876770414469860e+01 6.519136859315521804e+01 8.510716896050212199e+01 9.910217412387835623e+01 7.897155776524556359e+01 6.488585170862381801e+01 5.348955573788378359e+01 7.333078516761030130e+01 7.820839925047253871e+01 7.186276581197195412e+01 7.263443902488768344e+01 8.677551318541630110e+01 8.996134562075737051e+01 7.538153594886182418e+01 8.025840000793697016e+01 8.528629692918511296e+01 9.199131795306556114e+01 1.035863003048152677e+02 1.235145997748525417e+02 1.312460828161248116e+02 1.111114403887173268e+02 1.008921846122031099e+02
6.980094873041575454e+01 8.957628098798838323e+01 7.107870016394861068e+01 5.186905386496825088e+01 7.107870016394861068e+01 6.212466520444097284e+01 5.401375409577251929e+01 3.751592063799127885e+01 4.287946021307237743e+01 4.861049332498057396e+01 5.979359856945651330e+01 7.955047572662022048e+01 8.946022615826940694e+01 8.123812833784833742e+01 7.394025111543290052e+01 5.373919985669617461e+01 6.812858535485776201e+01 8.797009552379932984e+01 9.647442297260961652e+01 7.636174055475430578e+01 6.230365556033547847e+01 7.333116572612614448e+01 5.568036337476889486e+01 5.831678734626783012e+01 6.098996132506012202e+01 6.373224135095511400e+01 6.669332866490253764e+01 6.982504510396874764e+01 7.650715891881556274e+01 9.644698759159813051e+01 1.053364331252442696e+02 1.120089907113350733e+02 1.061752355006240407e+02 1.260929216605982361e+02 1.395102520564944655e+02 1.294697559025319435e+02 1.211787616024210479e+02
7.793792737087247247e+01 8.616850540000797309e+01 7.996268701371050724e+01 6.593358790442913175e+01 7.996268701371050724e+01 7.345778317178516659e+01 5.904724219511371786e+01 3.973170348373785288e+01 5.905038563551295283e+01 6.814383738158544190e+01 6.235166371677024699e+01 8.212738159880235855e+01 9.245328862275056281e+01 7.265935581638079555e+01 5.851203980012742534e+01 7.394025111543290052e+01 6.812858911248355298e+01 8.797090623048568148e+01 9.496684029254289783e+01 7.486387526834673167e+01 7.636174055475999012e+01 8.387182762600598096e+01 7.554062061911379544e+01 5.842900810702818148e+01 7.831112556777758016e+01 8.374627422085156070e+01 8.086200615455616969e+01 8.142248026373061975e+01 9.644698759159629731e+01 8.809515402941570983e+01 9.960047833823644226e+01 1.191327895304406752e+02 1.260929216605982361e+02 1.343457748589315202e+02 1.516593906963416032e+02 1.400006074935259051e+02 1.316368138981120808e+02
5.806543427917114286e+01 6.955971837627592436e+01 8.938277447374174756e+01 8.575458694128269599e+01 7.929362313258533845e+01 5.958132009464524970e+01 4.592163715138759272e+01 4.229326932912614012e+01 6.160880260277274090e+01 7.439777956910052126e+01 8.212738159880235855e+01 9.042754979827081740e+01 9.318363481718715491e+01 7.340569402767538065e+01 6.191701016236397948e+01 8.176483537834609194e+01 8.797093406088968948e+01 9.618935387732422271e+01 1.033344205638836826e+02 8.905185890352736067e+01 9.647442299177654945e+01 9.888199420521301874e+01 8.029189605952961983e+01 6.038539475407215917e+01 7.440251341501196691e+01 9.451012351392904520e+01 1.010519820605411638e+02 1.016256526179433166e+02 1.100084112007826320e+02 1.078558044057274117e+02 1.159221417473830797e+02 1.271824238432263741e+02 1.333946177382665610e+02 1.417474415400018302e+02 1.432965142661056177e+02 1.231013208277112483e+02 1.113754486434123976e+02
7.511489795697583816e+01 8.616851548364479640e+01 9.762689053601191347e+01 8.984538472314406476e+01 7.278120375393119446e+01 5.313310372709041474e+01 6.535491998165373673e+01 4.662100751382356378e+01 4.673952573570170443e+01 6.619434824691208519e+01 7.932330187129872456e+01 8.923029718182506542e+01 1.014035236921829295e+02 8.997345759496160156e+01 7.187409961932713998e+01 6.745229786589081300e+01 7.890960758761249849e+01 9.286593378564759860e+01 1.126547658650808330e+02 1.092468685830888120e+02 1.021724389311238639e+02 8.198682794188609080e+01 7.042807686979938353e+01 6.237290681461046660e+01 8.231690824818477381e+01 8.855821387661003996e+01 9.182452650520494331e+01 9.182452650520819759e+01 1.120380166198567196e+02 1.159982465875233828e+02 1.243697760371102845e+02 1.190812962222281755e+02 1.131525243276784636e+02 1.333946177382665610e+02 1.436958352533369236e+02 1.335913729160000969e+02 1.199389092141618107e+02
6.673303180019030378e+01 8.656474005826589746e+01 9.562968947862886182e+01 7.582338155568351112e+01 6.185027011026085120e+01 6.698600992230285556e+01 7.069870261223559282e+01 5.106463988916576113e+01 6.619434824691208519e+01 5.146034128553605314e+01 6.120908292079903390e+01 7.519900187329243124e+01 9.501264945150778374e+01 9.987232516847619479e+01 8.586587089732810796e+01 8.725792916131383947e+01 7.359269022685010953e+01 9.335747379210205565e+01 1.108956605371816266e+02 1.208082904569486402e+02 1.105379347516363993e+02 9.888199420560071928e+01 8.609928784381548894e+01 6.607086464154131988e+01 6.591492991380850697e+01 6.847276158217248110e+01 7.168961230032896026e+01 9.182452650520878024e+01 1.004157616723892943e+02 9.574402049263925107e+01 1.089466613275696290e+02 9.881202643291089771e+01 1.131525243276784494e+02 1.333946177382665610e+02 1.353347225488597871e+02 1.151160998974376071e+02 1.049100223214914678e+02
7.818956024677613925e+01 9.480405265396544223e+01 9.562968947862886182e+01 7.582338155568351112e+01 7.582338155568351112e+01 8.677203929882919908e+01 7.564143307409490546e+01 5.587051193097177304e+01 7.564142712335673480e+01 7.110568390391833304e+01 5.692015605374437115e+01 7.670037456643049723e+01 9.215964182906253654e+01 1.004011185982514291e+02 1.056331439789363600e+02 9.959405173557888702e+01 7.987226062902324486e+01 8.292975674790068297e+01 9.277113911428983783e+01 1.125428058110281881e+02 1.201594996288268646e+02 1.043161075442014862e+02 8.412902475647639733e+01 6.993965505656690596e+01 8.594331164243655508e+01 8.855821387661003996e+01 7.511988151477952158e+01 7.661989710996093095e+01 8.022880158764709790e+01 8.409816029031809137e+01 8.871177003212670797e+01 9.633803265040138797e+01 1.106764868901805983e+02 1.309277676502060217e+02 1.436958352533369236e+02 1.335913729160000969e+02 1.199387392868751618e+02
9.800544844202333650e+01 1.062663568819950655e+02 1.038673878906045900e+02 9.562968947862886182e+01 9.562968947862886182e+01 8.623112504621460062e+01 6.641962545064357926e+01 6.468884741040032793e+01 8.386435351524022508e+01 8.219699437128838326e+01 6.237864975119859423e+01 6.574896723906151408e+01 7.236146396165757722e+01 8.635279019213967899e+01 1.061786218056099926e+02 1.065656629714180070e+02 8.684696864878540623e+01 9.685495411775976038e+01 1.108956605371816266e+02 1.208082904569827889e+02 1.118011340375530835e+02 9.158622106399504048e+01 8.151204475521194581e+01 7.477765932589078091e+01 9.492929629021864457e+01 1.001734300039794618e+02 7.998649892644931469e+01 9.679007896674139033e+01 9.448756718511384634e+01 9.417771096416872467e+01 1.030122610206967835e+02 1.166079496970793770e+02 1.128932176690293545e+02 1.331361219554788704e+02 1.470296631008987447e+02 1.268348438534301295e+02 1.124940944854620142e+02
1.003218828872548443e+02 9.202291585489332704e+01 1.003218828680259236e+02 1.103396222112913989e+02 1.024186166709396844e+02 8.259306932286332881e+01 8.042701307076431760e+01 7.869960352023973371e+01 8.450226099408114067e+01 8.219699440995060513e+01 8.219699440995060513e+01 7.229706527278138140e+01 9.209692354711970097e+01 8.635279019213967899e+01 1.061786218056099926e+02 1.148161575202178284e+02 9.666402644730294469e+01 1.148161575202178284e+02 1.249363669566032371e+02 1.264644529921107505e+02 1.201594996288383328e+02 1.100573201118641862e+02 9.421715815789133330e+01 7.995965988262220492e+01 1.001397812125755848e+02 1.053925628562513310e+02 8.517894823775829138e+01 9.946132684714162053e+01 1.147276891973212400e+02 1.084998526794049241e+02 1.228044338722632034e+02 1.316376099997835354e+02 1.331361219554788704e+02 1.289953044827954898e+02 1.372771831033275589e+02 1.411077273171365221e+02 1.327490963311583982e+02
8.861056969526566718e+01 7.203253688504109675e+01 8.202772636995791800e+01 9.157018356537129478e+01 9.986813512372201274e+01 1.024186166709396844e+02 1.002434908948789172e+02 9.851111536523450241e+01 1.043377963609610219e+02 1.020261340237531158e+02 1.003384018229046148e+02 8.219431574171736088e+01 1.003384018229046148e+02 1.061786218056099926e+02 1.144494470043631793e+02 1.247438876590028372e+02 1.164672994955327852e+02 1.247438876590028372e+02 1.205306597732345892e+02 1.062851823793306210e+02 1.205306597732345892e+02 1.227952174169079171e+02 1.062331459314143274e+02 8.602374144823696156e+01 1.062331459314143274e+02 1.114966186703845210e+02 9.125175583551747138e+01 1.114966186703845210e+02 1.280795871834021398e+02 1.287507952441317229e+02 1.288230053885533550e+02 1.205518464673912007e+02 1.200414362234833305e+02 1.089947715119433269e+02 1.257252459314026822e+02 1.256685039384263547e+02 1.173383726966333285e+02
6.863367606752757411e+01 6.207094692492097465e+01 7.892997360814717922e+01 7.158425678161690087e+01 8.570596958918505948e+01 1.057276484793379723e+02 1.061709134724798957e+02 1.046327740900746761e+02 9.629083010621495475e+01 1.046327740900746761e+02 1.102617320096113929e+02 1.019995313525220837e+02 1.102617320096113929e+02 1.152313544187065020e+02 1.152313544187065020e+02 1.236578700606121686e+02 1.214435289000260241e+02 1.131125192595352189e+02 1.115151705459883971e+02 9.202117959442556128e+01 1.115151705459883971e+02 1.208432782802894678e+02 1.133885827177210217e+02 9.314995122192445365e+01 1.133885827177210217e+02 1.198723985430827383e+02 1.029331638407965528e+02 1.055641538779816386e+02 1.258188556305042596e+02 1.288230051299826471e+02 1.172865421029419650e+02 1.005645572772490794e+02 1.000609139340725164e+02 9.746931757562248322e+01 1.174476919720908086e+02 1.156480706945668402e+02 9.734177728447293987e+01
7.448477274399252224e+01 5.457650440670497716e+01 5.899645152670650106e+01 7.892997360816593755e+01 9.586819063266717933e+01 1.002929648036934509e+02 8.607135908840395189e+01 9.459703374686223754e+01 7.624741388642276263e+01 9.459703374686223754e+01 9.892220750941791607e+01 1.072643994202079654e+02 1.090978721545377823e+02 9.453787424846338183e+01 9.453787424846338183e+01 1.152313544187065020e+02 1.131125192595352189e+02 9.295165578158245978e+01 9.885663597969863758e+01 8.304504996717783172e+01 9.235859791097595917e+01 1.125123950129282377e+02 1.217477566087646892e+02 1.048374809552207267e+02 1.217477566087646892e+02 1.315587418143095988e+02 1.231945155117621766e+02 1.258188556305042596e+02 1.341806432081839091e+02 1.205518464669897725e+02 1.005645572772490794e+02 8.914679303221693374e+01 8.609982833497834065e+01 1.059130734209919353e+02 1.189265684098478886e+02 1.073304558266181061e+02 8.757660157559358538e+01
6.053551123604945161e+01 4.910588863322792719e+01 5.767139011503713419e+01 6.760364324680162440e+01 8.757299820856894712e+01 9.195838226620209355e+01 7.199120327720119406e+01 7.933002946287861334e+01 6.637874154633215085e+01 8.473959194310286591e+01 7.886496022561129848e+01 9.892220750941791607e+01 1.005988542639782821e+02 8.019727574185904473e+01 1.005988542639782821e+02 1.061107782133465349e+02 9.777661569953936294e+01 9.885663597969863758e+01 7.876101782297334353e+01 7.598156501785342698e+01 9.605688858647307882e+01 1.055245748285801142e+02 1.145318485591785418e+02 1.250696049556422764e+02 1.334141210916716602e+02 1.307385023638771031e+02 1.224706736842274779e+02 1.239619456298405282e+02 1.244077798765627847e+02 1.161361004200145288e+02 1.172865421028848800e+02 9.964754660319418633e+01 8.000108259316303361e+01 9.964754660319418633e+01 1.107397527143648830e+02 9.102155099488578571e+01 8.035528261132573391e+01
5.915621052251943013e+01 4.516963492413687220e+01 5.915621052251943013e+01 7.907998097275171290e+01 9.586819063266717933e+01 9.211274432120660549e+01 7.933002942410875846e+01 5.966970977045473745e+01 5.911080053471989970e+01 6.487855779727981087e+01 7.626927346795257279e+01 9.631026215830281956e+01 9.414730866471130355e+01 7.417485875575805210e+01 9.414730866471130355e+01 9.450917601897269549e+01 7.769277263837693681e+01 9.126120625329731695e+01 7.121845929552337395e+01 7.045160200096705694e+01 7.709979308891462324e+01 8.604834806188574703e+01 1.002823937230235742e+02 1.204597427758999828e+02 1.365962042989518750e+02 1.166196873278922226e+02 1.024704566330315458e+02 1.039642306626781760e+02 1.128836226507134626e+02 9.617947495757238130e+01 1.128836226507029892e+02 9.545889840204142729e+01 7.589289530267295447e+01 9.545889840204142729e+01 1.086139434884236579e+02 8.887170759500872919e+01 7.521062206268572936e+01
6.164119917692055850e+01 4.183970498933602045e+01 6.164119917692055850e+01 7.751315697243447289e+01 8.580112550334638399e+01 8.379601190294560809e+01 6.402126552839953888e+01 5.308986967410582736e+01 7.237905676928572518e+01 8.473959194310286591e+01 9.306467982290975272e+01 1.046517962123697032e+02 8.860794772291390586e+01 6.895746997609137452e+01 8.858869867039814494e+01 8.531543327939776589e+01 6.615671525595855940e+01 7.972661686360915212e+01 6.456808111036940545e+01 8.458029060070602156e+01 9.718359689315366268e+01 1.055245748285801142e+02 1.145318485591785418e+02 1.187871788897489722e+02 1.271086402187708018e+02 1.239619456298405282e+02 1.039642306626781760e+02 8.992723112912970862e+01 1.013385126715358666e+02 8.484246995695079363e+01 1.046141373371569898e+02 9.154569123650144036e+01 7.199467152856703933e+01 9.154569123650144036e+01 1.025072503738249878e+02 9.059583782806259933e+01 7.100520297414745130e+01
5.842897264929803214e+01 3.863689179360535064e+01 5.842897264929802503e+01 5.759895105713805208e+01 7.751315697243447289e+01 7.270882444126813482e+01 6.453141144278633590e+01 4.988168973452111032e+01 6.067422277597514579e+01 7.445335369494061695e+01 9.441606888979215739e+01 9.465913846628679096e+01 8.369370129386129520e+01 6.418424102417168342e+01 7.718364725782818425e+01 7.360761456527144730e+01 5.723427899312695644e+01 5.972343598160684763e+01 7.972661686360915212e+01 8.936596643321006184e+01 9.374266505065845934e+01 9.893177046230701421e+01 1.045176830743207432e+02 9.860706437934425139e+01 1.187871788897489722e+02 1.302529915555462594e+02 1.180966479948285297e+02 1.013385126715358666e+02 8.165113427994000972e+01 7.755661723564661258e+01 9.208444500962788482e+01 8.785089032710122581e+01 6.825235045131199740e+01 8.279056214022226357e+01 8.279056214022241988e+01 8.675378626571391294e+01 6.676841813407837378e+01
