MOVIE_S13_data/elevation_000669.asc
nrows	150
cellsize	150.0
xllcorner	0
ncols	150
yllcorner	0
NODATA_value	-9999
[rows 85 to 101 of 150, columns 37 to 73 of 150]
6.844422057814283278e+01 6.047611244993576207e+01 4.436516639687864227e+01 6.431900260407553560e+01 7.326957627589585798e+01 7.692837140756196845e+01 6.287816433007378691e+01 6.555964986114767612e+01 7.417395395644165035e+01 5.852916835864709810e+01 7.835323393731808039e+01 9.106240310210996824e+01 1.010291516961723772e+02 1.105388342591745925e+02 1.021906342945898274e+02 9.501731079764755350e+01 7.497265584768740609e+01 9.501731079764755350e+01 1.093115070443859196e+02 1.176673159421190178e+02 1.277437694887767066e+02 1.255005681543531182e+02 1.055469338848485705e+02 9.408503323044347155e+01 9.742657666959352980e+01 7.757110096063404114e+01 8.992191225681114020e+01 8.107415541534879821e+01 8.399742896368448442e+01 9.224285403916310599e+01 8.733959338852493204e+01 7.953407894972127679e+01 5.783919555488525077e+01 5.818686188067362508e+01 7.799043974276440849e+01 8.651658936641055675e+01 7.555072889507479772e+01
6.047598652339419090e+01 4.049115971874548592e+01 6.028341339692398293e+01 7.167811046112414886e+01 7.325459852364426183e+01 6.502158151263883212e+01 4.894130348352767612e+01 5.162300902382411749e+01 5.439644492244968177e+01 7.417395395644165035e+01 8.661406605784439705e+01 9.692696853550661729e+01 1.045469188225567052e+02 9.893552345932985759e+01 8.211664347063745595e+01 8.611949011157233258e+01 7.081999406400800012e+01 8.495430892461092753e+01 1.050415011614236391e+02 1.152721485327644615e+02 1.253455817852360212e+02 1.272789596681716660e+02 1.173038762145079943e+02 1.013974402455302197e+02 8.154312236505862188e+01 7.403670748053507111e+01 7.006316822305763026e+01 6.703914160677507539e+01 6.415366304918005369e+01 8.002867578076843813e+01 8.827044254634182607e+01 8.785594838861403844e+01 7.589825119801935216e+01 5.609859202116317078e+01 7.008461933056817372e+01 8.995269515119034054e+01 9.541171909369639081e+01
5.777315570029373504e+01 3.783322917762681925e+01 5.540707789501357894e+01 6.383145958686694144e+01 6.149961971179891407e+01 4.525304235364896499e+01 6.502190076700553334e+01 7.137705008266853213e+01 7.416082965188657283e+01 8.242465579984242652e+01 9.390268719872688052e+01 7.847942360375721194e+01 8.894544839536845870e+01 8.995296687235430966e+01 7.059062638784861576e+01 6.614044261340359299e+01 8.611949011157233258e+01 7.974436845900831372e+01 8.681926760339705140e+01 9.685360993462545309e+01 1.169835941764905414e+02 1.189841109181746646e+02 9.906516305673240197e+01 8.915389530455723843e+01 8.105906801753060620e+01 9.389321345088021076e+01 8.410180587546302888e+01 8.689348218304998284e+01 8.002867578076939026e+01 6.020663041154632111e+01 7.624876004038057431e+01 7.406233626293993666e+01 7.191797635166660996e+01 5.444554780821457740e+01 7.424252051926856666e+01 9.220895748966061944e+01 9.220895748975296158e+01
5.246995183961545450e+01 3.521202418921642163e+01 3.642752591576694954e+01 5.635394453237878309e+01 4.167184796113871670e+01 6.149961971179891407e+01 7.325539968169529459e+01 8.684308607988168660e+01 8.030761693226450859e+01 8.630120920791421213e+01 8.044684823241408367e+01 6.740087012214644346e+01 6.901844343275888605e+01 7.762497042239874645e+01 6.172437139163281472e+01 8.165203927840930476e+01 9.444787860652039058e+01 9.981241421132818914e+01 1.069186020555579830e+02 1.152721485327644615e+02 1.253455817852360212e+02 1.272789596699786898e+02 1.123944141777004404e+02 9.250705268282354155e+01 9.508377765282928351e+01 1.091776766858148733e+02 1.039728920171160667e+02 1.018175896172761838e+02 8.827044254711800875e+01 7.624876004038057431e+01 5.644985065845331462e+01 5.426819717615454408e+01 5.211467499896103561e+01 7.007119277336244068e+01 7.828248338157027320e+01 7.235584009545439699e+01 7.235584009545439699e+01
3.364206345665118647e+01 5.276851740462414142e+01 5.628265226524590048e+01 3.815014277972183265e+01 5.804806507409088567e+01 6.800203823938355185e+01 8.146789930451969042e+01 6.699566144572975190e+01 5.923037806902623004e+01 6.853417323981229003e+01 6.332178711243609825e+01 7.034071455350571966e+01 5.505248655128821866e+01 5.775997195265106399e+01 7.762599827234001282e+01 8.997207997841796612e+01 1.050788301362607342e+02 1.088761713621410649e+02 1.130708971014831121e+02 1.104591134604087728e+02 1.188141307169916985e+02 1.304517901136429430e+02 1.206787059866376808e+02 1.039643889978175793e+02 1.149840779600376948e+02 1.109159586897542056e+02 1.026471316450226112e+02 9.356100389192114619e+01 7.370411517307631755e+01 6.226555285340533885e+01 7.624875986094021130e+01 7.399974933952199763e+01 6.794891021725776170e+01 5.026238931136874299e+01 6.826098853428490543e+01 5.835129351620169302e+01 7.817068355255133838e+01
4.800489690168848966e+01 4.984305434474485708e+01 6.547390457762990934e+01 5.804803749432946347e+01 4.014565188395233264e+01 5.419277364482167059e+01 6.339810237367061063e+01 6.485680072429886422e+01 4.727221942505308050e+01 4.881709476920436686e+01 5.036649636848293454e+01 5.229369991255112637e+01 7.228272679723370686e+01 5.551838950131265449e+01 7.921491645873426535e+01 8.733650519066561912e+01 8.499207070931063868e+01 8.877499364407967164e+01 9.295454518452893922e+01 9.034693282773166345e+01 1.019454627915414022e+02 1.220889983193420107e+02 1.322098789887502903e+02 1.239100427279629173e+02 1.141367441046657376e+02 9.423615156528769887e+01 8.278448132014189298e+01 7.576796156425069739e+01 6.949381554735676048e+01 7.370411517307603333e+01 9.034027725303889156e+01 8.652386163351124537e+01 6.895665794896383716e+01 5.672665367907309530e+01 4.843166117842223173e+01 6.650141976550563072e+01 6.526416599086557824e+01
6.902354750930518890e+01 6.900700168150081026e+01 7.679839798562015574e+01 6.823132352619973062e+01 6.000507023443114463e+01 4.217426165047581321e+01 4.363996357889256927e+01 4.510985676242042075e+01 6.485161927904717061e+01 6.853347653496459202e+01 7.017667176688608777e+01 5.394263996111511261e+01 7.353292510559165862e+01 7.921548391949387735e+01 6.357392687070201021e+01 6.732172728017387442e+01 7.085672482581352938e+01 7.462055019349608642e+01 7.878100365143878037e+01 9.884745921529940915e+01 1.037224020497557575e+02 1.179590151765944341e+02 1.381452751615887280e+02 1.398803828482903384e+02 1.224233234081824122e+02 1.109159586897542056e+02 1.026471316450226112e+02 9.562462427649238350e+01 7.941432191209980829e+01 9.356100379828478708e+01 1.018175657096687843e+02 9.034172332500820346e+01 7.049611387128962292e+01 7.598000053845183288e+01 6.649653248262616501e+01 4.666670225829450658e+01 4.543801380609404106e+01
7.538122015304946899e+01 7.800029021906212279e+01 8.631799669452216506e+01 7.616373385973109578e+01 5.619372050679766772e+01 5.210041761116776371e+01 6.341870302612541366e+01 5.081148883188768650e+01 6.113844417201220693e+01 8.038592233467065284e+01 8.198465917787771673e+01 7.353292510591394660e+01 5.746069083098022645e+01 7.755098277330240819e+01 8.395380030156756845e+01 8.733664530339954979e+01 9.087549784090010974e+01 8.877501375765508840e+01 9.295457400159759231e+01 8.731585425989803184e+01 9.890914738876728052e+01 1.190456109068368278e+02 1.372913945165069833e+02 1.257901177937179824e+02 1.116998527378202368e+02 1.213338708174687071e+02 1.130850555093577867e+02 1.075404401068013840e+02 9.927647046080087989e+01 1.075404401068185791e+02 1.094220818647889217e+02 9.935813828938157144e+01 9.078894643008266030e+01 8.182854448880198106e+01 6.208316832680697672e+01 4.819882686242644354e+01 6.526416599087171733e+01
6.373627043834524386e+01 5.783226157934728207e+01 7.800029021906212279e+01 8.471374085398971943e+01 7.616373385973109578e+01 6.353233966725903059e+01 7.667781463187937163e+01 5.672761555615690554e+01 7.646594857437537485e+01 8.807813733671774514e+01 8.533928429514246261e+01 6.473337532996411881e+01 6.054478720091913146e+01 8.107124046631096803e+01 9.205233812679942673e+01 9.822421316888512877e+01 1.050283357762973822e+02 1.088786851601722532e+02 1.130741426197261319e+02 9.890914738876728052e+01 1.157747469835980212e+02 1.274102895452493698e+02 1.290299089823311647e+02 1.091191351551245816e+02 9.770156755192682851e+01 1.069333136816780581e+02 9.325980177926096815e+01 9.740034059745173067e+01 1.056342547559245872e+02 1.021277529668923734e+02 8.981803549410359722e+01 9.084535080722204725e+01 9.820911809224489275e+01 8.377904966011017507e+01 6.403749701981972464e+01 5.019014073852201108e+01 6.981966685746428425e+01
4.376340229718989860e+01 5.547195866293659350e+01 7.666336451067846269e+01 9.240761731584777294e+01 9.273249032884284304e+01 8.404559456764540926e+01 8.378300383320552669e+01 6.368870032253808233e+01 8.378300383320552669e+01 9.411338663626953860e+01 7.353629268670678698e+01 8.533928429514246261e+01 8.107124046631096803e+01 6.561176468483165536e+01 7.144273212643388149e+01 7.775477950174689568e+01 8.461638070742858986e+01 9.375768073422652549e+01 1.141464872430701547e+02 1.190456109068368278e+02 1.274102895452493698e+02 1.269403781920573664e+02 1.309311568724284598e+02 1.110135946217743310e+02 9.701931382307030560e+01 8.712358103110861407e+01 8.175814681537821116e+01 7.743818101487504180e+01 9.175418923426457241e+01 8.219690197460040793e+01 8.300826271235355591e+01 7.068698308220024273e+01 7.935120274993114720e+01 7.588381192654415486e+01 7.181571953502989913e+01 5.222010667641724524e+01 6.328412232755742650e+01
5.493388035896880695e+01 7.207512913693472001e+01 8.514277230110980099e+01 7.357707108065395119e+01 8.720315895553318342e+01 9.526017652814792314e+01 9.234092452263745088e+01 7.517224940393607824e+01 9.234092452263745088e+01 1.009368195954592835e+02 8.046652071788963667e+01 1.009368195954592835e+02 9.477871585424914258e+01 7.766404297940169954e+01 7.383788503011317061e+01 9.439783279286405104e+01 1.050277935589709841e+02 1.134437708743562325e+02 1.104182479799771954e+02 1.307352496028438509e+02 1.209140362952271630e+02 1.065117488982399578e+02 1.209140362952223882e+02 1.251025764110199248e+02 1.151736437031272402e+02 9.799696330579517678e+01 1.016389399315337414e+02 9.175418923426457241e+01 7.172312007931334676e+01 6.805180079664837933e+01 6.464371313293290200e+01 6.210857734230985017e+01 5.971482008741022440e+01 5.733405696811612273e+01 5.518577046515299855e+01 6.602747074861208887e+01 7.938312734429571549e+01
6.236554025242973864e+01 6.490120396977722805e+01 6.749851434377328019e+01 6.020750784589579752e+01 7.832137460977793353e+01 7.540219672038013243e+01 9.526017652814792314e+01 9.554551312933718066e+01 1.041855582664649518e+02 1.093373529659969563e+02 9.074122315851998621e+01 1.093373529659969563e+02 1.065858280378027700e+02 9.817955777119922800e+01 8.310641097329005333e+01 8.577093071584759798e+01 1.002276257282642433e+02 1.205188363219345433e+02 1.307352496028438509e+02 1.212183828450748138e+02 1.117759990444918685e+02 9.201702523956775792e+01 1.117759990444918685e+02 1.249463190834963484e+02 1.260952109910888623e+02 1.178438775712137101e+02 1.119371070473682011e+02 9.999499700931473001e+01 9.068661775150108895e+01 7.068099520429562688e+01 8.450203523738831279e+01 8.185484676532929882e+01 6.456745415237365648e+01 7.691084556637974856e+01 6.487363692084376510e+01 8.297919027308482498e+01 9.403306062981567948e+01
4.262583922011344839e+01 4.521348822371198395e+01 4.783678037432987651e+01 5.055785843595405993e+01 5.930294918273970239e+01 7.904620391097371623e+01 9.579324236026133121e+01 1.040732956075809028e+02 1.125219863168509136e+02 1.195079140760321650e+02 1.111324160323987371e+02 1.195079140760321650e+02 1.238330181097197311e+02 1.035336758816235943e+02 9.757474580731432923e+01 1.002276257282642433e+02 1.144998049937532585e+02 1.086206540870597479e+02 1.170160026727119629e+02 1.128034892264350475e+02 9.235556733043519273e+01 8.288971701395915659e+01 9.610783091127397881e+01 1.159487777994345521e+02 1.341318815492439569e+02 1.225963379850314965e+02 1.036709950602263461e+02 8.373548702362663221e+01 7.736700304557413688e+01 9.068661775150108895e+01 9.301512778692867300e+01 7.362567375357291155e+01 7.582378780304627242e+01 9.232958786099278825e+01 7.881474597197410503e+01 9.288146606736854949e+01 9.086245363716911072e+01
5.657918530678801261e+01 6.490120396977722805e+01 5.915100553721286047e+01 7.021675504374260868e+01 5.492126504214769511e+01 7.462196555871322801e+01 7.592750094292719609e+01 8.432375120531195023e+01 9.885337300399746141e+01 1.071393991467511029e+02 1.186698109493543001e+02 1.140418198241406174e+02 1.056091201876205758e+02 1.140418198241406174e+02 1.179191398076232673e+02 1.205188363219345433e+02 1.052729284309380944e+02 8.825146276874544071e+01 1.052729284309380944e+02 1.110729504445839098e+02 9.610783091127396460e+01 7.572184868084602272e+01 8.709552364132295565e+01 1.075238584952509484e+02 1.258630345622882345e+02 1.058756859112771451e+02 9.439463249761043073e+01 9.152561269245839526e+01 9.152852729560814282e+01 1.054139660945397736e+02 8.935538369617302124e+01 8.306237482729535770e+01 9.554696904015712278e+01 1.037169054602612590e+02 9.870137202894035511e+01 9.927401188044972002e+01 9.118449976079298835e+01
7.069563179099441186e+01 8.458647915053671795e+01 7.308603137901789637e+01 8.032598758581487175e+01 6.056467980058463496e+01 6.034228346482159822e+01 6.452387940812147349e+01 7.149558167653739815e+01 7.897408949536270484e+01 9.042618550881167039e+01 1.103651252048756959e+02 1.038344353159617413e+02 8.517097660849363194e+01 1.038344353159617413e+02 1.170132536538341412e+02 1.082534845395436918e+02 9.686049599625606277e+01 7.651960149384359511e+01 9.686049599625606277e+01 1.026365667105997517e+02 8.221157618590565619e+01 7.051585800785889546e+01 9.084419293297209208e+01 1.032214383458491369e+02 1.116541747092880712e+02 1.225963379850314965e+02 1.143233334207060494e+02 1.030238301481529959e+02 1.115337462762316392e+02 1.159972278138635886e+02 1.081445952013230851e+02 9.633547343889605941e+01 1.048038896863072154e+02 1.180743848451459996e+02 1.040001571543221957e+02 8.532726648379232870e+01 7.181931593439348660e+01
7.462033153751325187e+01 9.451636210292845419e+01 9.294102179631175886e+01 8.659151337013827288e+01 6.677813684004235029e+01 7.171643459580127455e+01 8.432375120531195023e+01 7.507870491896565568e+01 9.494012886552548025e+01 1.071393991467511029e+02 1.057464691993265404e+02 9.539004839805703284e+01 7.501891542544709068e+01 8.818776526536450433e+01 9.930942209651273345e+01 9.984859542594941217e+01 7.952426723298059130e+01 6.938272552256756853e+01 8.966890377722802441e+01 8.934928172326905838e+01 8.660544208730605931e+01 6.632357011256866031e+01 8.660544208730617299e+01 8.280421186991598859e+01 9.723593101093092628e+01 1.176717313314922251e+02 1.310592562084759720e+02 1.229221672575711182e+02 1.157513258077799350e+02 1.071741353973076798e+02 1.154140674993917344e+02 1.153410641831975170e+02 1.078718970624205724e+02 9.440749859207146244e+01 1.070501438149012756e+02 9.927401187790184167e+01 9.118449976079298835e+01
7.579433330207010044e+01 9.156107901908701763e+01 1.030700949839877723e+02 9.361070330072428192e+01 7.375759457177716172e+01 9.155784469902066292e+01 9.983011864829461501e+01 8.498469736390578078e+01 1.032187666574057801e+02 1.117576087376166640e+02 9.131718914964692146e+01 7.691941832721462902e+01 6.788701029735216252e+01 8.101036451471635758e+01 7.893260773416287179e+01 9.333818639347354917e+01 8.325385094673742969e+01 6.302435720989535639e+01 7.586708424901880221e+01 6.905036950532615947e+01 7.771865639659787917e+01 6.238675701566202747e+01 6.998745763714524060e+01 9.030845051236079257e+01 1.022225467861709802e+02 1.106860661094790856e+02 1.224960917826228552e+02 1.119547106414634499e+02 1.035833570918776303e+02 8.720182548684860535e+01 1.054563027060507494e+02 1.025866140685323842e+02 9.391359736634549904e+01 7.586758146212370946e+01 9.645588155093670935e+01 9.706038422436098756e+01 8.736886769324017621e+01
