MOVIE_S13_data/elevation_000781.asc
nrows	150
cellsize	150.0
xllcorner	0
ncols	150
yllcorner	0
NODATA_value	-9999
[rows 0 to 16 of 150, columns 111 to 147 of 150]
2.685791151154911724e-02 5.525790689732266309e-02 3.884972223143366016e-02 6.506161732042968493e-02 9.630811411938361433e-02 3.233120577317956379e-02 5.924318389914483979e-02 9.546854641286118409e-03 8.294521402378342290e-02 5.320363282275041711e-02 5.932880634034757433e-02 5.613034539302926007e-02 1.151422758422792139e-02 8.780238390647859825e-02 1.138712246984807663e-03 1.930634269457022489e-02 4.840176901645443230e-02 9.231827863399598433e-02 6.992822357175910997e-02 9.021741119345681736e-02 3.400184085134592277e-02 5.510003463054011230e-02 6.000302134656529396e-02 2.342684778988213257e-02 9.354401193897299294e-03 3.401672236087196349e-02 8.712543420425600260e-03 7.381784214984254966e-04 1.771529143580683613e-02 8.606502508694707787e-02 6.136863120672856470e-02 7.499905534955707276e-02 5.744714333121184180e-02 4.821317496663417995e-02 8.887210374095839971e-02 3.440918432965248824e-02 2.609784180149634855e-02
2.002685791151119332e+01 2.005516231276780559e+01 2.895992579374222053e+00 7.667746431260574980e+00 2.009618434824232125e+01 1.417446682950425441e+01 1.420137880763022054e+01 7.568836332900935382e+00 2.008294521402342880e+01 2.005320362536087941e+01 1.252428778884145943e+00 2.005603283583280927e+01 1.885115148791179962e+01 1.422993801612997800e+01 1.414327433597805950e+01 1.001930634269506015e+01 2.004840176901609894e+01 6.758984946332131649e+00 2.006897122311658421e+01 2.009021741119310178e+01 1.830054860841704434e+00 2.005510003241010608e+01 1.420213864507774915e+01 1.416556247152095693e+01 1.000935440119398478e+01 2.003401672236051567e+01 2.000871254341821981e+01 4.000738178421515023e+00 2.001771529143545081e+01 2.008606502508659020e+01 2.006136863120637415e+01 5.238976850292756282e+00 5.830949835227444034e+00 2.004821317496627842e+01 2.008887210374060217e+01 1.003440918410592353e+01 2.002609784180114261e+01
2.701891222714522200e+01 7.021677563051584414e+00 2.289505076147639429e+01 2.698378377083624002e+01 2.311673661591769502e+01 3.417446682950495784e+01 3.420137880763092397e+01 1.651310780137275103e+01 3.583264741981592749e+01 2.244965283519290367e+01 2.447657388218864138e+00 2.244962415956763380e+01 3.298102086924049559e+01 3.422994845449782986e+01 3.414327433597876649e+01 2.156631172669860774e+01 3.383185983201592251e+01 1.383005281061234193e+01 3.382908707937229309e+01 2.361627363181946393e+01 3.633394124824802951e+00 2.362963798090692791e+01 3.420213865044777890e+01 3.416556247152166037e+01 2.415149002492518804e+01 3.829362564032606997e+01 2.808322108309480925e+01 8.083221083060180945e+00 2.808322108309480925e+01 3.308362225581933558e+01 1.308362225582004790e+01 2.523897685029311333e+01 2.583094977159504779e+01 1.477522174522652421e+01 3.477522163011443723e+01 2.417654551278867459e+01 3.830756047802691455e+01
2.999876179055842584e+01 1.000310152952314802e+01 2.999876179083551619e+01 4.316364536980680100e+01 4.419017077345367994e+01 5.273267224234925266e+01 4.476568463710206203e+01 2.805999338081230476e+01 3.624738515030285413e+01 1.661816306268162435e+01 1.844739093432559329e+01 4.162643232418830053e+00 1.901404335956433655e+01 4.135343319278680241e+01 4.985081775739910626e+01 4.156631956715912679e+01 4.212233454780100317e+01 2.383006705169756856e+01 3.957585826648470118e+01 1.959751378968053004e+01 5.459135928992929543e+00 2.545314662965467534e+01 2.814585339281772391e+01 4.813379867982735050e+01 4.415149002493410535e+01 4.399458427172533703e+01 2.399458427157278706e+01 1.244757888778006638e+01 3.244757888784413780e+01 3.911384914737450202e+01 1.911384914737521612e+01 3.911384914737450202e+01 4.184628937902293444e+01 2.184628955709187537e+01 4.184628937902293444e+01 4.417669763255511839e+01 3.417226649763725987e+01
2.068178018386822714e+01 2.999876179083551619e+01 1.485381699219632345e+01 3.486866357980994735e+01 4.871700689477210489e+01 6.288077316566375430e+01 5.629090676403696847e+01 4.804592296247652428e+01 4.426224136091103389e+01 3.535852881454565022e+01 2.501725561441445578e+01 5.384337658127206439e+00 2.537604191383364594e+01 3.852160400529233897e+01 3.853645909457428331e+01 5.852687275181897775e+01 4.383365803031185948e+01 4.383365803031185237e+01 3.809650671794039312e+01 1.810540908146796468e+01 2.545314662967021491e+01 8.155931676501833039e+00 2.814585339299629041e+01 3.950314515736216237e+01 5.782454881910259559e+01 5.227885557902146019e+01 4.073185016829526006e+01 2.244757888778024224e+01 2.097560754200463506e+01 4.097560754205052547e+01 2.618491695924056728e+01 4.618491695923985674e+01 5.013054780227264473e+01 3.339329494087947126e+01 5.013054780227264473e+01 5.219486838331693690e+01 3.418878286131541699e+01
3.459371344578990914e+01 2.877118344704650710e+01 3.486866357980994735e+01 2.040089372142593049e+01 3.455324062387842332e+01 4.827828606824868274e+01 6.831331774728440109e+01 5.854941768201027230e+01 3.833043953928094538e+01 2.433596726677910382e+01 2.042893173781395788e+01 6.612927829553251868e+00 1.219494549204610934e+01 1.834670078657513059e+01 3.268221959845705271e+01 5.267816509998990426e+01 6.384791752873912429e+01 5.808979856415882637e+01 3.809670032453927746e+01 3.809670032453922772e+01 3.240718725339863937e+01 1.241975975636837504e+01 1.124195264553163476e+01 3.122525597090448812e+01 3.792067852373889281e+01 5.782454881911264266e+01 5.073185079801279329e+01 3.658971451151169418e+01 2.764227420867142015e+01 4.764227420875802466e+01 4.032705258297102091e+01 4.032705258297101381e+01 6.032705258297030326e+01 5.339329451957541295e+01 6.167754421582147728e+01 4.391059713585473645e+01 2.391059713585403301e+01
4.742834055935843907e+01 4.839347674919957143e+01 4.709828868027084781e+01 2.706845229943085940e+01 2.824717388036194521e+01 4.240856961882948184e+01 6.244903512772106779e+01 5.583841685336251714e+01 4.593668693492367794e+01 2.839694289671892236e+01 8.405359869364685821e+00 2.660518074275269385e+01 3.224392775692476931e+01 3.852564969771651704e+01 3.384010604872207040e+01 5.523967985101975131e+01 7.472338524633740064e+01 6.317890165668570290e+01 5.423865083956919619e+01 3.889104577437728949e+01 1.890645164438199188e+01 3.240718725339824857e+01 1.346408881678525660e+01 2.162365727694222883e+01 3.574045739781901432e+01 5.565430153553140258e+01 6.487398734513185161e+01 5.592654545474671579e+01 3.658654611867089557e+01 5.592654545474671579e+01 6.032705258297031037e+01 6.032705258297030326e+01 6.861132383043090499e+01 6.056834752620703455e+01 5.228407627874483410e+01 4.172280114103112680e+01 2.172280114103042337e+01
6.555156766547214886e+01 5.866959259718456821e+01 3.862756555557345450e+01 4.709832288960464552e+01 3.532304377470393320e+01 5.536374335457237095e+01 6.165043715148333092e+01 4.191989630812623346e+01 2.783211589694570165e+01 1.784520001561381974e+01 9.685703866429594910e+00 2.967415345648838709e+01 4.104967950851048641e+01 4.737083175998617435e+01 5.412376198301014796e+01 6.387199560372419427e+01 6.643925832743821047e+01 4.644529110788233339e+01 3.490734622155419231e+01 2.597209179451343530e+01 3.889104577437728949e+01 3.576078743428163165e+01 1.578882182222433528e+01 3.562846716819390025e+01 4.757837338225037627e+01 5.471398867798225041e+01 6.310170766754654181e+01 6.487081732307439097e+01 5.072868174240234396e+01 6.487081739261736857e+01 6.600957617988972004e+01 6.317511989720627241e+01 5.489084864974407196e+01 5.228407627874483410e+01 3.228407627874413066e+01 3.814194065501338571e+01 3.586493676476011672e+01
6.712173986024549777e+01 6.696070505701649722e+01 5.019959115918082659e+01 5.168685583623498303e+01 4.949409546295500206e+01 6.365664632902202413e+01 6.253219231240849751e+01 4.263432306429425722e+01 2.852645457263655260e+01 1.854034964729067525e+01 1.098752098571457303e+01 3.097572647439062266e+01 2.127544334514705682e+01 2.774450864403426209e+01 4.157621870602979186e+01 6.136233733378177391e+01 7.008974697225215778e+01 5.009470601629353581e+01 3.596219472366588832e+01 4.595665632292850233e+01 4.000445520836583313e+01 2.005100443393678944e+01 3.568884450866065805e+01 2.133247055126462755e+01 2.764745082410787802e+01 3.470237193987354374e+01 4.622832895486849480e+01 6.630829178319957862e+01 7.072868174312317535e+01 6.600957617988972004e+01 4.600957617988830606e+01 4.967964456133390883e+01 3.489084864974336853e+01 3.856091703118897129e+01 3.429690270407668606e+01 1.814194065501268227e+01 2.659493527121960454e+01
6.605286655264529827e+01 7.852416315065745778e+01 7.023982973158831555e+01 6.586108170676401130e+01 6.953432690086971490e+01 7.024532391536962450e+01 6.192735694244068867e+01 5.671147278536206215e+01 4.685347247191189268e+01 3.850868388262892239e+01 3.097441171269679927e+01 1.286858650141538618e+01 3.285451733317658096e+01 4.737143857009551340e+01 4.157621870602978476e+01 6.136233733378177391e+01 7.008974697225215778e+01 5.009470601629353581e+01 5.595111792219108793e+01 5.066771565850620362e+01 3.071858204332373887e+01 2.342860170918538287e+01 4.334946315377302994e+01 2.648943214060608042e+01 4.646271521076231892e+01 5.471398867798225041e+01 6.310170971390557071e+01 7.474262053298517117e+01 7.017092185512701974e+01 5.017092185512559865e+01 3.862391647133267725e+01 2.967964456133320539e+01 2.390614186943684771e+01 1.856091703118826786e+01 1.429690270407598263e+01 1.037458000131226754e+01 6.594935271219961592e+00
6.862871219609755258e+01 6.862870620738692651e+01 7.668766476524700693e+01 8.587839371477068084e+01 7.616101711900043369e+01 5.603158185509978750e+01 4.163982881796457747e+01 5.019932771071343325e+01 4.520603116226424589e+01 3.843989442740875973e+01 3.422403553347628957e+01 1.423846551450284004e+01 3.422417791372247109e+01 4.572102310507320055e+01 6.136233733378177391e+01 6.958563473791011234e+01 7.837404718827403372e+01 7.008974697225215778e+01 6.329496806139980691e+01 4.332952896991085368e+01 4.681880404788007155e+01 2.690457108156044441e+01 4.681880404788007155e+01 4.646271521076231892e+01 3.463595755682570854e+01 4.356009035005877195e+01 5.509437998530148661e+01 7.515080006678624613e+01 7.845519310258950441e+01 6.690818771879658300e+01 5.796391580879610927e+01 4.967964456133390883e+01 4.390614186943755470e+01 3.010792241498098676e+01 2.843903832780718588e+01 3.037458000131262281e+01 2.659493527122031864e+01
4.868407330629001706e+01 4.868407330282975209e+01 6.862870620738692651e+01 7.918845301174035001e+01 7.092318082085800768e+01 7.024532391536962450e+01 5.021434711857235555e+01 3.006148094772688850e+01 2.561531604676696716e+01 1.848760216286304825e+01 1.670778064424207798e+01 3.412141363194233890e+01 1.743811732658281244e+01 3.742990953350192029e+01 4.901836345106947590e+01 6.063388108611594873e+01 6.892935017042482571e+01 7.788884333745554045e+01 6.329496806139981402e+01 6.329496806139980691e+01 5.043693023920387475e+01 3.054656979202015421e+01 5.043693023920387475e+01 6.294523983690808677e+01 4.461441278874723793e+01 6.294523983690808677e+01 7.191039257558999509e+01 8.351172516453276273e+01 8.247772981528481751e+01 7.674272976315806716e+01 6.845802457570023591e+01 6.627009521952801663e+01 5.839219366244388709e+01 5.010792241498169375e+01 4.843903832780789287e+01 4.416251489611517655e+01 2.414975212303747654e+01
3.388103229331854749e+01 4.868407330177652170e+01 6.862870452501746854e+01 7.092318082085800768e+01 5.091958841991991136e+01 5.677850498606298402e+01 5.206516281636889687e+01 4.107483537391046724e+01 2.108000907846081162e+01 3.847415449832137568e+01 2.823891814671105394e+01 4.488608885536363147e+01 3.742990953350192029e+01 2.072091626589137547e+01 4.072332410281073578e+01 4.059073856123470136e+01 4.955643890850475941e+01 6.959572006263074684e+01 8.329133642867874698e+01 6.571986194740784981e+01 4.584322432122947788e+01 3.438057132829976581e+01 4.841939369659581871e+01 6.830611620369197112e+01 5.874969094706025885e+01 7.297070204979526409e+01 7.446631640415129993e+01 6.618159270879617395e+01 6.247655434147256415e+01 6.247655434147256415e+01 4.845721509378622471e+01 4.626934911175401055e+01 5.778659111369554324e+01 4.950197787629831936e+01 4.606182672172285919e+01 3.789552333435258902e+01 3.828938309736603429e+01
4.868407337380418909e+01 4.868407330747074013e+01 6.862871409752862917e+01 7.092318082085800768e+01 5.091958841991991136e+01 3.678486439892166260e+01 4.378688815077693874e+01 2.382784321081725309e+01 4.107483539390076288e+01 4.935803259966362333e+01 4.238060006799382506e+01 5.228669736832434012e+01 3.225834736689458282e+01 4.072332410357486054e+01 2.424841123441691337e+01 3.318738449506606258e+01 5.323371551633579202e+01 6.405761392819471212e+01 7.408375014959442240e+01 7.399025920727785888e+01 5.854838503987422627e+01 3.872023722949908375e+01 5.854838503987422627e+01 7.616407805861982183e+01 7.882471486393974658e+01 8.032458735873981936e+01 6.032337251221938601e+01 4.618085374763919049e+01 5.353201470805094431e+01 4.247595569370076163e+01 5.212743201793053771e+01 3.212711014867358017e+01 4.950197787629690538e+01 2.950163031480284914e+01 3.463107996048761095e+01 1.796146860939312973e+01 2.427092363762962179e+01
6.862875637164707143e+01 6.862871580096978619e+01 7.668812653631664489e+01 6.727868864920891667e+01 4.726660828952761761e+01 3.573038105773741080e+01 2.682874742784244404e+01 4.378609490924934278e+01 3.111023226863591518e+01 5.108765101616232585e+01 6.239574979720477899e+01 6.058106434825630515e+01 4.381992781317187990e+01 5.256728455413239942e+01 4.426855124736753311e+01 2.812431892707512304e+01 3.568772308142838057e+01 4.572555450458712301e+01 6.578789865077023080e+01 7.458001809967288409e+01 5.392908144723779174e+01 4.726632863714383603e+01 4.806162003982836239e+01 6.790054302066640446e+01 8.247285369356291085e+01 7.092522288603693426e+01 6.198062371557598027e+01 5.353201470805094431e+01 3.353166212903486354e+01 3.247593148304732580e+01 4.044574355628372331e+01 2.456781959380372271e+01 3.482425210027927420e+01 3.222045919583887041e+01 1.535946714465860374e+01 6.415195063200054726e+00 4.270969993524473374e+00
5.795938537257473655e+01 6.536099884072018540e+01 7.397076137147566044e+01 7.557535805733137124e+01 6.403403392447528120e+01 4.908791084314220399e+01 2.912514332079184598e+01 4.908681933667308783e+01 3.663292469786370731e+01 5.662996825311999771e+01 7.432723481282843636e+01 7.214453805928889096e+01 6.385251966865134676e+01 5.889719173859907642e+01 3.883079667520600964e+01 3.136347383078544837e+01 5.143758869553953872e+01 6.405761392817908018e+01 7.408375014959442240e+01 8.290283186725660869e+01 7.441442725882019715e+01 5.672796522811304243e+01 5.691174997120806722e+01 7.616407805864237446e+01 7.418809657003370717e+01 5.418705047708098732e+01 4.263991675012754001e+01 3.369563568576043622e+01 2.853165784793388937e+01 2.353165784555256934e+01 2.044559084631163159e+01 1.749675172321382988e+01 1.482413930408963054e+01 1.222036108447317559e+01 9.659623485815277633e+00 2.641526673474460907e+01 1.841309867065404760e+01
3.730566915763512270e+01 4.442607454053079863e+01 5.644118339495935999e+01 7.754569333669837761e+01 6.558890990454622738e+01 4.558098793909545066e+01 3.146173550941857044e+01 5.144270119702947142e+01 5.077104481746709297e+01 4.605379767593031914e+01 6.020553910054071167e+01 8.020026472219474556e+01 7.157782645134498978e+01 5.152798251690899889e+01 5.143751149771258468e+01 5.143758869553953872e+01 3.629265201808603791e+01 5.640638658122178128e+01 7.346162060016153816e+01 8.279426024339082346e+01 8.105330396985611685e+01 7.017958893196252745e+01 6.836177274743852195e+01 8.506780418092752427e+01 7.524390221263122669e+01 5.524281145345665323e+01 4.369565330213649901e+01 5.206000046304558992e+01 3.205968763511383912e+01 4.353183841854286840e+01 3.458775762302818180e+01 3.749688191732877129e+01 3.482425210028382168e+01 1.782458939013834609e+01 2.965970903535198744e+01 3.794418261570736206e+01 3.841296411887547180e+01
