MOVIE_S13_data/elevation_000032.asc
nrows	150
cellsize	150.0
xllcorner	0
ncols	150
yllcorner	0
NODATA_value	-9999
[rows 85 to 101 of 150, columns 111 to 147 of 150]
5.182896171969062493e+01 4.547076159583077271e+01 4.398278756924180755e+01 6.401665195127057473e+01 6.007044620461329743e+01 6.525043129005322839e+01 5.898646209706434718e+01 4.456611106917853249e+01 3.552935336910018549e+01 1.878001964305159888e+01 3.671311852434907763e+01 1.855794804709511681e+01 3.221028722790097021e+01 3.175357544098229567e+01 1.351121925677214897e+01 3.338285603664863999e+01 3.726346895645134083e+01 4.817118978788065675e+01 4.188499631595167472e+01 2.214342049930889544e+01 4.188505525811081043e+01 5.516735113114027911e+01 5.958912591623401056e+01 6.561361759982692377e+01 6.006770818777190613e+01 5.205877900170722938e+01 4.014796208027004809e+01 2.033871555943991893e+01 3.527126270128712804e+01 3.687362840115721241e+01 1.675882002846102026e+01 2.926905636096929086e+01 2.695012854394585844e+01 2.067037644616640435e+01 1.209027580586637640e+01 1.081170507793698299e+01 2.085468255626715006e+01
6.595129994457934686e+01 6.553050221671347231e+01 5.807707984660040523e+01 7.242079177351828889e+01 7.321257225871727314e+01 5.411820494720010544e+01 5.246843773890160634e+01 4.130258777306300999e+01 2.189516185455009634e+01 3.254032032720593293e+01 4.489526695652479304e+01 3.335160492237772445e+01 4.618480354952107092e+01 3.704496215958362626e+01 2.576505896951967856e+01 1.535007806177012668e+01 3.469713063079898774e+01 5.899347696369002847e+01 5.012889706195790751e+01 4.188505525811081043e+01 2.715252741368825085e+01 3.851008856686156179e+01 5.836368477724970205e+01 6.573344968956092771e+01 4.639454494181249089e+01 3.244365479640979544e+01 2.578079122291204683e+01 4.014796208027004809e+01 4.014796208027005520e+01 4.267179057902156813e+01 2.258585764082398839e+01 4.267179057902156813e+01 3.651068947792870034e+01 2.023282195964725005e+01 2.983294396559467998e+01 3.119325646415534692e+01 3.730954670425898456e+01
5.728191278684152365e+01 7.791220103307846045e+01 7.835604748105832584e+01 7.895866664339705210e+01 6.961106709318079311e+01 5.411820494720010544e+01 3.492629715463794327e+01 2.520427138385572263e+01 3.568133140614594367e+01 4.925532450236816118e+01 5.974537979122835196e+01 5.677362057237020565e+01 5.199899560729654269e+01 4.446254251174694616e+01 3.576180545400959687e+01 1.668298840016856488e+01 3.649667123604680796e+01 5.236748517114106960e+01 6.223052392943738909e+01 5.077914946140045060e+01 3.100555906949662344e+01 5.077914946140045060e+01 6.665812735181350490e+01 6.573344968956079981e+01 4.639454494181249089e+01 5.028765724461758424e+01 3.063176967224410419e+01 5.028765724461758424e+01 5.965185392293486188e+01 4.936928556313667826e+01 2.927975708156390766e+01 4.936400872115647331e+01 4.506598642137392119e+01 3.699875792026413279e+01 4.494876573569905531e+01 4.428369037545927966e+01 2.463180986371508041e+01
6.332438431631738496e+01 8.402777618281636762e+01 7.937763065110692651e+01 6.835341509208564048e+01 5.186700107476328014e+01 4.253320822105570898e+01 2.886480039064039715e+01 3.169896377618103145e+01 5.093389468828807054e+01 6.282931854205001088e+01 6.319474578550286736e+01 4.381032092080783968e+01 3.278172288088875774e+01 3.832437131022139454e+01 1.863688845983693199e+01 3.649676822753471583e+01 2.455106876398934901e+01 3.435242202276749879e+01 5.406113640969940803e+01 5.491075015281429472e+01 3.509628931519107908e+01 4.906490582046613724e+01 6.902386682349131775e+01 7.374087143378247333e+01 6.573344968956079981e+01 5.617376430006737564e+01 3.665175572127681392e+01 4.673624436681794236e+01 6.608963241677523115e+01 5.765183552929852340e+01 3.933470794316604469e+01 5.765183552929852340e+01 6.353460156133863990e+01 5.198759617687372270e+01 4.370332492900202226e+01 3.663225711713641886e+01 3.060203022558069108e+01
7.709175121102421713e+01 8.454869045078690704e+01 7.137096251480090814e+01 5.238827654633769981e+01 4.130553936941668525e+01 3.263470652471438171e+01 4.813117336451314543e+01 4.286463945869316206e+01 4.534530590434329156e+01 6.442594152501372662e+01 7.134984062725213505e+01 5.412265924950546747e+01 3.443398767508411140e+01 2.057238155107043553e+01 3.834316356789567948e+01 4.650724670213826073e+01 3.195833584135460725e+01 5.164857805828538773e+01 6.224886661423520451e+01 6.090709165288301108e+01 4.101947678231823602e+01 4.494702681785933862e+01 5.900634515677074887e+01 7.904138849021171609e+01 6.979250323552832924e+01 5.053269793058096582e+01 4.652586830299390641e+01 6.416870854186990414e+01 7.410129225079998605e+01 6.766980525761080401e+01 5.940386318310741132e+01 6.766980525761080401e+01 5.525033031279494367e+01 3.525033031279424023e+01 2.370332492900131527e+01 1.663225711713571542e+01 1.060203022558033581e+01
7.709177895035699635e+01 7.651157896422390081e+01 5.755180169003497070e+01 4.653994474617521604e+01 3.687233407106884187e+01 4.628256264886297799e+01 5.980414737470115938e+01 5.638300580952987673e+01 6.442594152501372662e+01 7.240179200039123941e+01 6.702060058588786262e+01 5.883366795442527319e+01 4.153691368520362914e+01 2.194363139948912078e+01 4.153691368520362204e+01 5.526112969751361703e+01 5.164857805828538773e+01 4.586019569076210445e+01 6.562296927416137748e+01 6.756122343260202001e+01 4.759882809344520638e+01 6.487447348776927925e+01 5.900634515677074887e+01 7.904138849021171609e+01 7.780471915315892772e+01 6.979250323552832924e+01 6.020604035961996203e+01 7.381789827445230401e+01 7.588716557710418442e+01 5.543202727799871354e+01 5.543202727799871354e+01 5.696513972418684091e+01 5.755354063144077514e+01 5.198759617687372270e+01 4.370332492900202226e+01 3.663225711713641886e+01 3.060203022558069108e+01
8.480455376544541934e+01 7.862174430258369284e+01 5.968063304560282489e+01 4.870548585348233672e+01 4.006748430876510980e+01 5.919770501181641009e+01 7.332573210053936918e+01 7.541279603337000026e+01 7.391850787879178597e+01 6.570266983036637498e+01 5.844288847653195518e+01 3.881823509902695690e+01 4.288244430517067229e+01 2.330613038437984841e+01 2.754661208124223037e+01 4.712345415240501012e+01 6.200350858607400539e+01 6.562296927416137748e+01 7.380076421986552759e+01 7.587725505961891770e+01 5.648691906813334640e+01 7.587725505961891770e+01 7.904138849021171609e+01 8.736346360966979319e+01 8.144272015732143188e+01 7.300735959709670908e+01 7.937896611143644066e+01 7.213336373066778151e+01 6.379059432333756519e+01 5.543202727799871354e+01 3.495933751851914906e+01 3.648566091636055830e+01 3.706850103002595631e+01 5.152401990058933023e+01 5.913177245012769134e+01 5.226079840293146361e+01 3.098290186215663766e+01
8.484164928850530885e+01 8.667981365153619322e+01 7.565744432523879937e+01 6.267826271938412930e+01 4.361446302805110520e+01 5.467788032131084464e+01 7.360698831514213225e+01 7.988637350058361619e+01 5.982758740548133858e+01 4.486773332694981775e+01 5.182408225033949378e+01 2.746158833834228119e+01 2.532288088440650853e+01 4.288244431632783460e+01 4.712345415221786027e+01 3.420396833607564702e+01 5.386824561469190087e+01 7.039284663962808963e+01 7.917541091329871961e+01 8.484480642856534871e+01 7.063478350018199592e+01 8.484480642856534871e+01 7.838862662055107933e+01 7.007474030556976174e+01 6.981089892936553554e+01 5.295069336955702965e+01 6.981089892936599028e+01 6.379059432333756519e+01 4.368125917232770661e+01 4.957114707290550371e+01 4.248396138400666899e+01 2.265524852757620522e+01 2.320480278763080406e+01 4.151166467135305282e+01 3.678393816563755081e+01 3.780429507320734928e+01 3.626577237519598640e+01
7.923461938268332005e+01 9.219410151732731151e+01 8.114931389391492189e+01 6.647499113220223421e+01 4.749134906811201517e+01 6.647499113220223421e+01 8.162015590595837011e+01 7.573736275350493941e+01 6.639160736280399533e+01 5.252549897921013411e+01 3.210444727471134030e+01 2.732352959765575662e+01 4.490186203063293391e+01 5.307963476990959606e+01 6.200350842404912299e+01 4.810760832039212431e+01 4.256856007653904328e+01 5.140250411167724565e+01 6.533038611959777597e+01 8.488818771454513978e+01 9.072995807608937469e+01 8.379523446130296804e+01 6.372108193548867661e+01 5.000333316198278055e+01 5.368650499842267010e+01 4.182989406128380949e+01 6.133231691639172567e+01 6.379059432333756519e+01 4.368125917232770661e+01 2.951360370978115455e+01 3.954237539134332025e+01 3.313661650201814268e+01 1.378616366318268049e+01 2.747093457616701073e+01 1.783965190575401394e+01 3.412417394154289951e+01 2.197919122723396512e+01
8.382233782080075457e+01 8.408514773328496972e+01 6.514000752255986981e+01 5.427540574576381260e+01 5.604152857725720338e+01 7.443083685674149308e+01 8.128690661398245254e+01 6.206487000919603503e+01 4.930357470513411045e+01 4.114136759530244092e+01 3.836647582980940285e+01 2.880729557842715849e+01 3.402593066337164629e+01 3.949957018837687173e+01 5.962266573123064006e+01 6.777565429850277212e+01 5.396935061451563342e+01 7.039284663962808963e+01 7.917541091329871961e+01 8.804804614964261589e+01 7.973597204864194055e+01 7.263578722735540794e+01 6.372108193548867661e+01 4.365192806135660675e+01 3.363509136528551835e+01 3.448209336004165948e+01 5.397228563774305599e+01 6.570110594804629045e+01 5.729047147844080001e+01 3.954227593505642346e+01 1.950022204539498460e+01 2.889504647873929954e+01 8.849546619542906001e+00 7.435871716994163272e+00 6.033284231913285112e+00 2.410621555225123558e+01 2.270577468795072562e+01
8.280895469532703146e+01 8.159232076485393748e+01 6.270838047984290142e+01 7.314716593278768642e+01 6.689006521667772631e+01 8.293543763870209773e+01 7.787618021629842247e+01 5.890164651663743456e+01 4.633977760738746099e+01 4.091295425292615562e+01 4.976169703336546490e+01 3.039812206654501381e+01 5.067879073924370914e+01 5.962266573123062585e+01 4.850314157201435705e+01 6.861854974539762964e+01 7.360464032826369873e+01 8.172338285548126180e+01 9.392570302889926381e+01 7.385839303019375279e+01 5.965361670938217031e+01 5.255533320310223644e+01 4.650702267073318552e+01 4.094735173243877568e+01 4.792088361680078634e+01 2.786065708022582399e+01 3.731246741699875002e+01 5.150678668252256642e+01 4.311127386370989001e+01 2.891974326740059098e+01 3.099635714265426856e+01 1.095113097601698726e+01 2.889504647867304143e+01 2.747057785290877163e+01 2.410298534080739330e+01 4.079354206836976360e+00 2.724241386666533149e+00
9.080562178703314657e+01 8.831361792450364590e+01 6.930291872467128655e+01 8.831361792450364590e+01 8.020614140900701727e+01 8.651934872896916318e+01 6.719907188991379599e+01 5.647568869614587328e+01 6.445915876741374007e+01 5.396962728667582354e+01 3.313416774124399211e+01 3.338476870161064625e+01 5.359383864451758939e+01 6.630736135531921605e+01 6.861854974539762964e+01 5.933225156108795773e+01 7.349607630597016339e+01 9.325147377134554461e+01 9.980301538237659997e+01 7.973597204858178600e+01 7.973597204864194055e+01 7.263578722735540794e+01 6.658130253477592930e+01 6.101369904494760021e+01 5.623601260037446536e+01 4.319264287808530156e+01 2.314140963574658016e+01 3.877433518180760075e+01 3.479437807210691602e+01 1.475070409757666745e+01 1.316531474069878449e+01 2.097357699166581924e+01 3.922758841940075314e+01 3.827708028391594297e+01 1.823603563435688812e+01 2.410647392995508653e+01 2.274693371054763347e+01
1.020240319087683503e+02 9.646941379305303599e+01 8.012091844511546412e+01 9.646941379305303599e+01 9.957535051308174445e+01 9.463715466982013425e+01 8.343560428131745255e+01 7.536478169512251668e+01 7.010386511619796579e+01 4.979298129916510618e+01 3.522068407612326268e+01 5.359467483669916277e+01 3.782606553179766706e+01 5.229634125435182312e+01 7.223467912520159473e+01 7.928229825854312196e+01 7.565909005358616923e+01 9.540372600246649881e+01 8.694826546438748949e+01 7.861277886740154486e+01 7.929783757632336005e+01 7.095814300581763234e+01 6.917658510922872495e+01 6.623436552681266676e+01 5.201268453350651555e+01 4.078416545190556519e+01 2.072868471264687429e+01 1.871037888820493578e+01 1.703739367920786307e+01 3.478088916055524038e+01 2.473646792690133722e+01 4.093949837706195893e+01 4.093949837706195893e+01 4.659413724618960373e+01 3.827799072300279448e+01 3.889771885127307627e+01 3.182666125380622901e+01
1.003059750196167244e+02 1.077482071972636533e+02 9.950505353891981031e+01 1.010922369607997524e+02 9.294616078741290721e+01 9.440912580994316272e+01 9.156773605723259379e+01 7.179683954471299501e+01 5.747880795361818684e+01 5.794845913920711666e+01 3.736705867305835937e+01 5.794845784501769970e+01 4.119257672462010333e+01 6.152485958028118063e+01 7.457751677172426241e+01 8.586593273646495561e+01 9.540372600246649881e+01 9.105158905386461754e+01 7.861277886718563934e+01 5.845673953947211743e+01 6.436030677694476765e+01 5.080940660336932524e+01 4.903368937359729074e+01 5.082971570712641096e+01 3.779100354020037145e+01 2.362462694913416783e+01 4.070062791908983257e+01 3.169032182634974149e+01 3.707826303049776584e+01 2.712758770442794898e+01 4.478454109743443468e+01 5.311509398788849978e+01 6.079817749665123472e+01 4.889781240253603301e+01 2.889770631711440174e+01 1.889770629586856998e+01 1.182663848399362827e+01
8.620444231438169425e+01 1.061844934510989020e+02 1.068035643782283870e+02 8.720623628081956724e+01 7.330848230391259790e+01 7.477570723004672004e+01 8.866696414420441386e+01 7.276006021010162783e+01 6.116884024695767863e+01 4.054834011124368232e+01 5.794845916870645652e+01 6.624273799751036051e+01 6.152486246959515626e+01 4.630167794968556905e+01 5.818503150969986848e+01 7.783979149156935762e+01 9.203678698622410081e+01 8.271822310392990119e+01 6.255444256892326393e+01 5.092760236244848926e+01 4.422013814910557983e+01 3.919924436838829251e+01 3.482950776792666403e+01 3.075015227868959755e+01 2.683082434624152768e+01 2.897235445667806175e+01 4.900130027236364327e+01 4.938817678773202147e+01 5.475594169703705205e+01 3.726332502679131409e+01 4.733277361649974324e+01 6.742589486004770549e+01 6.889855276173767606e+01 4.889781240253604011e+01 4.718250936777673843e+01 3.889775935982524402e+01 3.182666125380172062e+01
1.003059750196167244e+02 1.001063522844868885e+02 9.196848087685269491e+01 8.504285917250776095e+01 7.958547435792807789e+01 6.066320991050549338e+01 7.116269840864232776e+01 6.453085768447488135e+01 4.394278961383317039e+01 6.116884024695767863e+01 6.943252842288846693e+01 7.397818711742741016e+01 5.418344760044064401e+01 6.649647882753453132e+01 5.447318843546896971e+01 6.454176017756570616e+01 8.397039931347059394e+01 8.533353438362867394e+01 6.517126783664215850e+01 7.107665898416379946e+01 6.436030677694476765e+01 5.932526461998463674e+01 5.090779485643736990e+01 3.082776723564925092e+01 4.689178933227988466e+01 4.905560189288403450e+01 3.751199511812276199e+01 5.763688285855790383e+01 6.570463118889774989e+01 5.740222220620807292e+01 6.570463118889774989e+01 6.282393111950723608e+01 5.793525864105125578e+01 5.197597384660840447e+01 4.059980820085650066e+01 3.181270987619993562e+01 3.415659568355275866e+01
1.032614879034754267e+02 8.370142596313249328e+01 7.237986459255252214e+01 6.536597983478877438e+01 5.975191747920675311e+01 5.438056623451196714e+01 5.087342149506683597e+01 4.781561510448173635e+01 5.064860906996036505e+01 6.452929922242773841e+01 8.445395696178800904e+01 7.961155543064462847e+01 6.009699515816296156e+01 7.961155543064462847e+01 6.166691334466398899e+01 8.114168734330016264e+01 9.203678698622410081e+01 9.366408760089491636e+01 8.533353438362867394e+01 8.254434923663596635e+01 6.829999725640723796e+01 5.514629870839480219e+01 3.504130964302089524e+01 4.501131129125887043e+01 5.924714207399090782e+01 6.435229032811339778e+01 4.420606791944700120e+01 6.435229032811339778e+01 7.354569551527676197e+01 6.406833734735515407e+01 5.615141645307006257e+01 4.389018402538484054e+01 3.889042492059869716e+01 3.979535093848006966e+01 2.520283525246991729e+01 1.135433003665857221e+01 2.643070448547362261e+01
