MOVIE_S13_data/elevation_000432.asc
nrows	150
cellsize	150.0
xllcorner	0
ncols	150
yllcorner	0
NODATA_value	-9999
[rows 34 to 50 of 150, columns 0 to 36 of 150]
6.455108993161302877e-02 1.420668671366268754e+01 3.420668671366339453e+01 4.358461611082391585e+01 2.944248575725824679e+01 3.027732722010481581e+01 4.407554674588908483e+01 3.407554667456207653e+01 4.562255205848200745e+01 6.562255256357019562e+01 7.508021323488728171e+01 6.678322850130653876e+01 5.777685772484902316e+01 3.768082065261960878e+01 4.989454348045038046e+01 4.989454348045038756e+01 4.991627472882972683e+01 2.958722611848846284e+01 4.079298937347489584e+01 2.324828865770980713e+01 4.337621177819350748e+01 3.977666721822706819e+01 5.987155184696876375e+01 6.468640690860740960e+01 5.068394525405308570e+01 4.216237746969328271e+01 6.224277670430804221e+01 7.412050083117220822e+01 8.081123512164953127e+01 7.494085590324951340e+01 9.498358424698422198e+01 9.642718600160171150e+01 8.815339774847294052e+01 7.391080525229945408e+01 5.405202846779297232e+01 7.391080525229945408e+01 7.861377072754598316e+01
2.024332444148535439e-03 1.414415995617497401e+01 3.414415995617426347e+01 5.135206460289864339e+01 4.944248597008288471e+01 5.027732682622014693e+01 5.856155593633098277e+01 4.562255205848200745e+01 6.235981639773657292e+01 7.390682072983854312e+01 6.335831349591608586e+01 4.636754005834455938e+01 5.851022670912017531e+01 4.989454348045038046e+01 2.978075890755266286e+01 4.318994862281783753e+01 4.716436214110697733e+01 3.854525442473950392e+01 2.099557821611280772e+01 4.112583320300418421e+01 5.169155953140082005e+01 5.987155184697157750e+01 6.817501675203246236e+01 7.905361260955035618e+01 7.054537905335035930e+01 5.375966122584161866e+01 4.868171566675142259e+01 5.404690655140895927e+01 6.073903225021735608e+01 7.494085590324952761e+01 9.498358424698422198e+01 8.815339774847294052e+01 6.827736447698060829e+01 7.015784920131748947e+01 5.033938343206614974e+01 7.015784920131748947e+01 6.628834932122252610e+01
9.707512844716031930e-02 2.009707512844680366e+01 2.306779336806431857e+01 3.447265970657468870e+01 4.050288659813372050e+01 4.757395440999509617e+01 5.585822564822474590e+01 6.562255256357019562e+01 7.390682072983854312e+01 6.939367786388783088e+01 4.903260516047306083e+01 3.450089097812020356e+01 3.804766177476564337e+01 5.245123300157279544e+01 4.318994862281783753e+01 2.306389716139336699e+01 3.697891430044426642e+01 1.883620052038252268e+01 2.264318484138002674e+01 4.277059447584212393e+01 5.333683809855821067e+01 6.164034797224663720e+01 7.390534967813326261e+01 8.219136649578655351e+01 8.212581134759921042e+01 7.383092795113016393e+01 5.872046781339211918e+01 7.412050083117220822e+01 7.412050083117220822e+01 8.910066635506254329e+01 9.232727237614916760e+01 8.815339774847294052e+01 6.827736447698060829e+01 5.425427119191012082e+01 4.682448674465609173e+01 6.212044995046672824e+01 4.651826671626601950e+01
8.916398461424913935e-02 4.453521789334078385e+00 8.925657744333618027e+00 1.447265970658586021e+01 2.050288659814102843e+01 2.757395441000637959e+01 3.912095979379848387e+01 5.912095979377182431e+01 6.716801874327711630e+01 5.891380715507748533e+01 5.851022670912017531e+01 3.804766177476564337e+01 2.393365900323506068e+01 3.634836388823619302e+01 3.380970295925855140e+01 3.511397386192356862e+01 1.684964996881941701e+01 3.697891430041048011e+01 4.277059447577212126e+01 2.834326637215695044e+01 3.323179853482234591e+01 5.333683809855821067e+01 5.384006607178424986e+01 6.803658874656852618e+01 8.807379191344224978e+01 8.708179986235796832e+01 7.879074637524090008e+01 8.708179986235796832e+01 9.416288465210614334e+01 8.652712257021809705e+01 7.244346746871160292e+01 7.848065979665312852e+01 7.023308614363493518e+01 6.737503239455038795e+01 5.914596254269805087e+01 4.238993260163537258e+01 6.212044995046672824e+01
5.738623160518319517e-05 2.000005738623125140e+01 2.892565774432875969e+01 2.525558936288785006e+01 4.050288659803194946e+01 4.757395440999509617e+01 5.585822564822474590e+01 6.740523102563984992e+01 5.891380715507748533e+01 3.928737172752308737e+01 4.503582157373387673e+01 5.226220008135659612e+01 3.634836388823619302e+01 1.666793506848791395e+01 1.369306234715740622e+01 1.499053904803216675e+01 3.511397397267528220e+01 3.108861525317623276e+01 5.119935414707789079e+01 4.846064976158732662e+01 3.996951101981532872e+01 4.112962674998611590e+01 5.273352147448670735e+01 7.280079696694829750e+01 8.209863580368795510e+01 7.383232429906655625e+01 8.209863580368795510e+01 8.617123790266012406e+01 7.791241700216902188e+01 7.659400138857282059e+01 5.843201318666177713e+01 7.023308614363493518e+01 5.043890648330835091e+01 5.623648747779320445e+01 3.941294257258790168e+01 5.914596254293071809e+01 7.035625221247843797e+01
4.605142656856162087e-02 1.418818705029938698e+01 3.418818705029867289e+01 4.525558936286162037e+01 5.353986059541131937e+01 5.825354244640147527e+01 4.976768349308294859e+01 5.825353357552603484e+01 5.891380715507747823e+01 3.928737172752308027e+01 2.563665196484444309e+01 3.590685047997206425e+01 3.027781394928270586e+01 1.186927874248253900e+01 3.197832563117241023e+01 3.355988128338227483e+01 4.301776415934635622e+01 5.119935414711340371e+01 5.950867638419376249e+01 6.835778712827008974e+01 5.002403632624715613e+01 5.273352147448670735e+01 6.951227949606895606e+01 8.108791023448684143e+01 7.216412853582912135e+01 5.399960597628774650e+01 7.216412853582912135e+01 7.470350697322629685e+01 5.808114861801453799e+01 6.834965613848572730e+01 4.856137978928406085e+01 5.777237751369796115e+01 5.386228799737495621e+01 3.646592061994453360e+01 5.623648735606561644e+01 6.392309262754391597e+01 6.737193916553866302e+01
5.674351268809080251e-02 9.001015422687169476e+00 1.900101542268699362e+01 3.314315104641744369e+01 5.314315104617013930e+01 4.790189691568565422e+01 2.897469144322769807e+01 4.790184821024114115e+01 4.793266438653078154e+01 5.282608314853005282e+01 3.590685047997206425e+01 1.611991070253377245e+01 1.018553431473313076e+01 3.027687607131013081e+01 1.806176653061013582e+01 3.818168728103012910e+01 5.193822146921965555e+01 6.051332010614514445e+01 6.954250829283056134e+01 7.838484839524183201e+01 6.422456469024508863e+01 7.280079696694829750e+01 8.108791023448684143e+01 7.954190984653337182e+01 6.391596513767716203e+01 4.421154007726946134e+01 6.391596513767716203e+01 6.583727626835405999e+01 4.666602368530979561e+01 6.171286805872537684e+01 5.777237751369796115e+01 3.799156950032716651e+01 3.403474797043802624e+01 5.273537410336066245e+01 4.091317918399310827e+01 4.414953678673130355e+01 4.755982438401123602e+01
2.296829293879562237e-02 1.416510391666987090e+01 3.416510391667057434e+01 4.728528662173942365e+01 5.356840851604805209e+01 3.937118741299327951e+01 1.877494283815157416e+01 3.784906153775381199e+01 2.215126873139211483e+01 4.031364355846950787e+01 3.577426332739312898e+01 2.746790146507214203e+01 9.022171141090595370e+00 2.910718774250096175e+01 3.821628341524498040e+01 2.477821478535314270e+01 3.192063139333016508e+01 4.098970820061915532e+01 5.534938686323995682e+01 7.547572001212394355e+01 8.426914266683263577e+01 8.249888236687966980e+01 7.256238862676721624e+01 6.430754800828734119e+01 5.153294058650477893e+01 3.764898334817068104e+01 5.734782345087454303e+01 5.760942703221257233e+01 3.777252197729281136e+01 4.188293516484611700e+01 4.927068736574256036e+01 3.161354420283963051e+01 4.549075090889579798e+01 5.809586038315833179e+01 5.596537118670502764e+01 5.810461429186354820e+01 6.154835164657043123e+01
3.063233560239582431e-02 1.437838836367877171e+01 3.525028440717611744e+01 5.120640127598548474e+01 4.501560342468038556e+01 2.522691273187665928e+01 1.165125557728271843e+01 2.480857427138922944e+01 7.744350423232918779e+00 2.784840956718107918e+01 2.565895417698417447e+01 7.366498936987000867e+00 1.085797361869490096e+01 2.287345293149478564e+01 4.330314691505426339e+01 3.906170793820025011e+01 3.557613569562820288e+01 5.574511353272778535e+01 6.954250829283056134e+01 7.149455002797552083e+01 7.950429927018120679e+01 7.422086206909979467e+01 5.439423394747499430e+01 4.465870380459911360e+01 3.812125511567379732e+01 3.207935158966544265e+01 4.623896264121430022e+01 4.445152458178807109e+01 4.578062542598584628e+01 2.766047765136276482e+01 2.928889580263186687e+01 4.927068736432504181e+01 5.949540116718866045e+01 7.172631381661066996e+01 7.785925455966538777e+01 7.797014206527181557e+01 8.143132313549841683e+01
6.807557293158894574e-02 1.981360385634836518e+01 2.536632315285733696e+01 4.311888341459633267e+01 3.698635560331214833e+01 1.832710156234733034e+01 1.089773242211063753e+01 3.281578616923813030e+00 3.676317026266177734e+00 4.677471722483084626e+00 5.732782436033669882e+00 2.584211824419233494e+01 3.505902978093183719e+01 4.287965780226898005e+01 5.162751576229047146e+01 5.921455905500947381e+01 4.568227638447355332e+01 6.405002324612142672e+01 6.830122514754150131e+01 5.206248411913562535e+01 6.830122514754150131e+01 8.249888236687966980e+01 7.256238862676721624e+01 6.430754800828734119e+01 5.770154869184815993e+01 4.621976136980673289e+01 2.631547856632311166e+01 2.435606648869142532e+01 2.570454894359993503e+01 4.578115349254660771e+01 3.180714005944112799e+01 5.167224677792079035e+01 6.398169218988302731e+01 7.817351797793128299e+01 6.995690746953822270e+01 7.473665602808998187e+01 7.982561996840495055e+01
9.367352646185668485e-02 8.879643531724529026e+00 2.331612504979974076e+01 3.073032150222515568e+01 2.379387828852748044e+01 2.000027697846531538e+01 2.724849961262923337e+00 1.989566654561080128e+01 2.144518322945528155e+01 4.270108620280542056e+00 2.426201974230005476e+01 3.392227606792107508e+01 4.137225155870132909e+01 4.990403493100860288e+01 6.031321462033425007e+01 7.409567252224786671e+01 6.580795080020176613e+01 7.409569138932245380e+01 6.027544154459625503e+01 4.066741053051917731e+01 6.027544154459625503e+01 7.415960369752642123e+01 6.591812067514720752e+01 6.715908702333659619e+01 4.804444142777515481e+01 3.413477075063405408e+01 2.246853922909775747e+01 4.257956046311914378e+01 3.584388745979322977e+01 5.392593349535351166e+01 5.167224677793257825e+01 3.603737608744160070e+01 5.579120479690390511e+01 6.372883836152772119e+01 5.026202366364415752e+01 5.502924785653009820e+01 6.011614737812777065e+01
4.548348706971258593e-02 1.629400296876373488e+01 2.001478136344437431e+01 2.123616283759341528e+01 1.775406540200817895e+00 2.168590033074835333e+00 2.220555839028872214e+01 2.070627090072938259e+01 7.765281800861037809e+00 4.687631970844282847e+00 1.410367296421347483e+01 1.373924784751074668e+01 2.047669453790557270e+01 3.089100012417325303e+01 5.185671539933314023e+01 6.196677850681804500e+01 5.356247061570979895e+01 6.196678206225421093e+01 5.334295569671122195e+01 3.363159804361642102e+01 5.334295569671122195e+01 6.269241745551308043e+01 4.607084861913055107e+01 6.026778039231349737e+01 4.783988057824716833e+01 3.959373503784587456e+01 2.122934269429039844e+01 4.133938492834639788e+01 4.989696750879733855e+01 6.377632216450875546e+01 6.398169225844549857e+01 5.002013503538909589e+01 4.050215220404193417e+01 4.405081674301454342e+01 5.207230427793192717e+01 7.177065731283076389e+01 7.982561996839469032e+01
4.695337527364121244e-02 4.380590844309709686e-01 8.292396610778699495e-01 1.220649189189866979e+00 1.520708030071351047e+01 2.750068725963210170e+00 2.687759176464767208e+01 3.477099897020905672e+01 2.181668470029537232e+01 2.254714546613244508e+01 5.276831865398507126e+00 2.611619982584005584e+01 4.137017174167267797e+01 4.988911149854524751e+01 6.029584072433166853e+01 5.168797436996836581e+01 3.289393555085928966e+01 5.168797436996836581e+01 4.739975774727337665e+01 2.760658719132002048e+01 4.739975774727337665e+01 5.445929281092625018e+01 3.453333477922819128e+01 4.295499718169119063e+01 3.207527192848680642e+01 1.948878359729171805e+01 2.379226170006831964e+01 4.373140037100323951e+01 5.834068186298105019e+01 7.765567681983861803e+01 7.794324946259685305e+01 6.715497719461158965e+01 4.746794821637368500e+01 6.372883836152772119e+01 6.372883836143795833e+01 6.598657631780235988e+01 8.573466409778896491e+01
7.098462208137588936e-02 2.007081752718483258e+01 2.112645252356141867e+01 3.532490354610337224e+00 1.337896550945652940e+01 1.316919335976839633e+01 3.236658635514482540e+01 4.613357482143949539e+01 3.191236522433666423e+01 9.986195146674788248e+00 5.695965750651002857e+00 2.564879234484391191e+01 3.455985166644241247e+01 3.325411184116718744e+01 4.126042628687388003e+01 4.211144682200041700e+01 2.296656452184266328e+01 3.361599928835136097e+01 3.530281872206682436e+01 2.229236321391971742e+01 4.210981040310489476e+01 5.703606858939783564e+01 4.295503557745749390e+01 2.289048878325645120e+01 1.783059691349926013e+01 3.792408695513528727e+01 4.373140037100323951e+01 3.038004244164667611e+01 5.014568272930092263e+01 6.477899217448984359e+01 7.303111340280968022e+01 7.536583694317162951e+01 5.882181599549264206e+01 6.715497724819699954e+01 8.348335989829395487e+01 8.573466409778845332e+01 9.399753635132184115e+01
6.786455232800275850e-02 1.507812639669276678e+01 3.381683212563763874e+01 3.417246183219424438e+01 1.939548724137471680e+01 3.255300508800129933e+01 2.692482565292104013e+01 4.641240818090564346e+01 3.600851219878905596e+01 1.598928305191976662e+01 2.561878622469158273e+01 6.296386954203077480e+00 2.626990891802648065e+01 1.383697932391385343e+01 3.183740331838709281e+01 3.079580264873610318e+01 2.872299908470084162e+01 1.439271916468462997e+01 1.556365227119033356e+01 3.529348505696943761e+01 4.988996884360798134e+01 4.291814086626288116e+01 2.880021308263630075e+01 1.618613797277694388e+01 2.379348268869443572e+01 4.383724822778282260e+01 5.829420443314954525e+01 4.438547863004027505e+01 3.822061698214118053e+01 4.515738854006200143e+01 5.641226660760059985e+01 7.620815185197177755e+01 7.853828708648443069e+01 8.677952306147511763e+01 9.518864295620642224e+01 8.969825047500998494e+01 8.135119131081148680e+01
6.717327238284666324e-02 2.006717327238249027e+01 3.984959718248239113e+01 4.542644359771407636e+01 3.757931945913014715e+01 4.538586383247000100e+01 4.062002640503628470e+01 5.020848009318735450e+01 3.026239521058201376e+01 3.610439400135476262e+01 3.287266400322096871e+01 1.871997898710664998e+01 6.901215042145891765e+00 9.694154618282336600e+00 2.635916183812152980e+01 8.541237403476207746e+00 8.965407459240070764e+00 9.390056965894054031e+00 2.751594532283847272e+01 3.163497173418289066e+01 3.195185045631349752e+01 3.306837416371469374e+01 1.456839969815829861e+01 3.459906740102770328e+01 4.388823854016200698e+01 3.803336840785962636e+01 5.807579165416122891e+01 6.405204558777316493e+01 4.800840551816381208e+01 6.477899217448984359e+01 7.303111340280968022e+01 8.449642283121953312e+01 9.606481222118520691e+01 1.019315191189548528e+02 9.062462077439641916e+01 7.813141986456881227e+01 6.136541789918938150e+01
2.900726248362994752e-02 1.157601093759979527e+01 3.157248439845760757e+01 4.296618971937428455e+01 5.191388804938161172e+01 6.345913450682496659e+01 6.039875045815631438e+01 5.835008586064117964e+01 5.020849542025489853e+01 4.858865427997041309e+01 3.324861072935186002e+01 1.336822278279013787e+01 2.611088352730891415e+01 7.508666032728894102e+00 7.938377662934684942e+00 1.317707125071943608e+01 2.793600234946534044e+01 2.929398297459601963e+01 1.000236572080747877e+01 1.090968390035210156e+01 1.183292465711962471e+01 1.292756538555879153e+01 3.273516371699829364e+01 2.881898252117105486e+01 4.909775658324743119e+01 5.807594334251991341e+01 6.640567238156592111e+01 7.593689250113111200e+01 6.767500983945038229e+01 7.593689250113111200e+01 9.034475515748859209e+01 8.208992931550021410e+01 7.630134200714036297e+01 8.208992787840625738e+01 8.089239002181962235e+01 6.228039268073784740e+01 4.988457927465919539e+01
