MOVIE_S13_data/elevation_000881.asc
nrows	150
cellsize	150.0
xllcorner	0
ncols	150
yllcorner	0
NODATA_value	-9999
[rows 102 to 118 of 150, columns 37 to 73 of 150]
7.822069550568603802e+01 6.414211680564164908e+01 8.429788957397332183e+01 9.073002349471266825e+01 7.616041735457049811e+01 7.529322262880842231e+01 9.549772733567164096e+01 1.016995425782425713e+02 1.099676915953601224e+02 1.157677776992827177e+02 1.076506045798605129e+02 1.066866443496239896e+02 8.965981470539007603e+01 6.967659233961448706e+01 7.142870013745246638e+01 9.153032704447531387e+01 9.003062391483464921e+01 7.006045476131271244e+01 8.970920440666753848e+01 7.567270866018745323e+01 8.437354755278757068e+01 6.939211599275313347e+01 8.936731602795515528e+01 1.056122147034592871e+02 1.144831478362156645e+02 1.103796201419277736e+02 9.836284442428738828e+01 7.843404303620420137e+01 7.843404303620420137e+01 7.452331994939662252e+01 5.478741054673362498e+01 7.026696426423168873e+01 7.035726235436055731e+01 5.704304326063270025e+01 7.675602929600383106e+01 9.571251608289145452e+01 8.891330082961796677e+01
8.881943745969780935e+01 6.860050239181899201e+01 8.290252885366045632e+01 1.029323632592133464e+02 9.047018212801138759e+01 8.960497910638164853e+01 9.180962827527470438e+01 1.119078862752761694e+02 1.216285720591874053e+02 1.018607408755132155e+02 8.767637970914501011e+01 9.501779556229185175e+01 8.413449196220817328e+01 6.416752856550284889e+01 7.897904418155670214e+01 8.721063336537596911e+01 8.469679009905162559e+01 6.470943181373795028e+01 7.763383946365928523e+01 6.151815562190657971e+01 6.438501986287930379e+01 7.042050803049069430e+01 7.748054369485689108e+01 8.643079416565294082e+01 1.005964971233689909e+02 1.203482533400557486e+02 1.066505811385289775e+02 9.836284442428738828e+01 9.836284442428738828e+01 8.275474363172621395e+01 7.026696426423518460e+01 5.032152395961966818e+01 5.041860039990126552e+01 7.035945748029055835e+01 7.583756165523790571e+01 7.583756165523811887e+01 7.923181752877081863e+01
9.444160890572693745e+01 7.419395494661178247e+01 8.498935835978485898e+01 1.045545862275945836e+02 1.105808919772677115e+02 1.097240800304735870e+02 1.119078862752761694e+02 1.108585624754471439e+02 1.191313289974408320e+02 1.065586498830897142e+02 8.656930383671681284e+01 7.497995424250159147e+01 6.922863361364029799e+01 6.372086823302247893e+01 5.903660988864501746e+01 7.502912899651859391e+01 8.264280163566218107e+01 7.440946017483670971e+01 5.762548084172173191e+01 7.763402075468290775e+01 8.401545449700346069e+01 8.070870800228072994e+01 9.039516685017355258e+01 1.056122147034592871e+02 1.144831478362156645e+02 1.092411757536737582e+02 1.002919205578440653e+02 9.200000405044852414e+01 8.498449049964811763e+01 8.005935250291510386e+01 7.554992994255388794e+01 6.610805187966013818e+01 4.589808885348747225e+01 6.324993200241564040e+01 5.593477163244507011e+01 7.583756165523810466e+01 7.110745543203438501e+01
8.434830484332677258e+01 9.444160890572693745e+01 9.431275091875048133e+01 1.122215325571780937e+02 1.173091986064340944e+02 1.149503268702548979e+02 1.066698179198210710e+02 9.076580841989719772e+01 1.075511537135410549e+02 1.146818018602822633e+02 1.032049226014929815e+02 9.501779556229185175e+01 8.001939722947980727e+01 8.366923298632153205e+01 6.917288142863043277e+01 5.508945869564398379e+01 7.128495896939232068e+01 5.440226976878086873e+01 7.440946017161262205e+01 7.029496364514385220e+01 8.443341609787064783e+01 1.003647401028653832e+02 1.084682438977070262e+02 1.183156518195009284e+02 1.151558126072803674e+02 9.506124582946762303e+01 8.094114597275522272e+01 7.215713522934028390e+01 6.528393851271802362e+01 6.040323620146382666e+01 5.583075564652319400e+01 5.134436259182248818e+01 6.324993200241801361e+01 4.290658498319012182e+01 6.049428136763053487e+01 6.528538439192030296e+01 5.757668346644830848e+01
9.449976453099807827e+01 1.127655684784812138e+02 1.139398887682229429e+02 1.155804346339449609e+02 9.725507530136361822e+01 9.725507530136361822e+01 8.658486219644652238e+01 7.916137750419888164e+01 9.857351820514276142e+01 1.050523082375576820e+02 1.133493452072489589e+02 1.081531720806656125e+02 9.999535453344910252e+01 9.700514576841312930e+01 7.933945453394250080e+01 6.120884609028556866e+01 5.127673470805913070e+01 7.128495896939232068e+01 8.264280147524969777e+01 9.036320929104064703e+01 9.863401513585003499e+01 1.119585131366035142e+02 1.057509024529781669e+02 1.115485541043886570e+02 1.140921402770680970e+02 1.092411757536737582e+02 9.758722749525902884e+01 7.766055066616686986e+01 8.498449049964811763e+01 8.005935250291510386e+01 6.206143812019868733e+01 7.124685386060733094e+01 7.149273512518735174e+01 5.464175611528217757e+01 4.009581676084321344e+01 5.656682100799743296e+01 4.118548831737499683e+01
1.145700614052560979e+02 1.227554683767439627e+02 1.214758335598976373e+02 1.014304288338788922e+02 8.720855865622633019e+01 7.716944961784649593e+01 8.721226245960509971e+01 7.020288659554337585e+01 9.027052024360095572e+01 8.516862838953093728e+01 9.769983491046573931e+01 1.059805741830502228e+02 1.053932068589134872e+02 9.402182592146149887e+01 8.512006771228672619e+01 6.957030462734381615e+01 4.959497028108458494e+01 6.729386588471058417e+01 7.544538795249798113e+01 8.434102710400964042e+01 9.577051206817537832e+01 9.976652780165392187e+01 8.553512521092469001e+01 9.142472749100760154e+01 9.404950732173558947e+01 1.082092184740305498e+02 1.058770072271685905e+02 9.171220131053902946e+01 9.585115255060000550e+01 7.597240471450967902e+01 8.179475515420315901e+01 9.005102681428238043e+01 8.286760093505532154e+01 6.875467852517319045e+01 5.779460127621182863e+01 3.741434056719980816e+01 3.573016673851814318e+01
1.170945150172422302e+02 1.211497810625384517e+02 1.111218619268773580e+02 1.028337410535793452e+02 9.572577442347439103e+01 8.721226245960509971e+01 6.715895610478833078e+01 6.417881514017436473e+01 8.421990103988119358e+01 7.373303044554336338e+01 7.784277200406626207e+01 9.449336455312301553e+01 9.727765796923186770e+01 7.753912589134452560e+01 6.598615646305930227e+01 5.870234623276381569e+01 6.723921505876414528e+01 4.731366504291616337e+01 5.624936446517831001e+01 6.777410505461523371e+01 8.767013842780245625e+01 9.141925305541779778e+01 7.129790543185069396e+01 8.987159131867815631e+01 7.982332403577596835e+01 9.404950732173558947e+01 1.140921402770239723e+02 1.117707953897567705e+02 1.041296489140551955e+02 9.585115255060000550e+01 9.696416129257295324e+01 8.808239915405809484e+01 7.880001826531282916e+01 5.890813815418133714e+01 4.450170629050675331e+01 4.772858093672881807e+01 5.865144489305362185e+01
1.086742067249580970e+02 1.128809395326857015e+02 9.278654257447288956e+01 8.272937543519974213e+01 7.563734000086236620e+01 6.931144402966509688e+01 7.866150389931418374e+01 5.862534097891965956e+01 7.310447214754240974e+01 6.378240263821120948e+01 6.637064313778780900e+01 8.623535429614392456e+01 1.001723913864899487e+02 9.402182592146149887e+01 8.588161116065552392e+01 7.867475464110017924e+01 6.572883580531798486e+01 4.575075931857237066e+01 6.572883410849067332e+01 7.617147042796888456e+01 8.440575564666028185e+01 7.728042764864487424e+01 6.369291775020700896e+01 6.975910735009672692e+01 8.987159131867875317e+01 9.991985860138102282e+01 1.199421221372282673e+02 1.151996001678870272e+02 1.068550891318397191e+02 1.028087140771025645e+02 8.284235435414336735e+01 6.887756329901824870e+01 6.003959790448093514e+01 5.330176504452580133e+01 5.632346732755276975e+01 6.786054939372468198e+01 6.786054939372468198e+01
1.060278234722240569e+02 1.211497810625384517e+02 1.111218619268773580e+02 1.010691053888892554e+02 8.098076291470989929e+01 6.681340625829231783e+01 6.079148842613820847e+01 5.685381933347071737e+01 5.303090480647454541e+01 5.481326811977303493e+01 7.476645796149364287e+01 7.180532253125068110e+01 8.598885696453915273e+01 1.001723914094621080e+02 9.501216642592748940e+01 7.491200293193705306e+01 6.417826905616988142e+01 4.420650279708359420e+01 6.204140352802578207e+01 5.619064024160280724e+01 7.617124100820785770e+01 5.717077537343874383e+01 7.107359618428540671e+01 7.938461708677363049e+01 8.836898062463880876e+01 9.995743537082283581e+01 1.051553350391189952e+02 9.682260696718340398e+01 8.679012479743262531e+01 1.036014804394336579e+02 9.696416129257295324e+01 8.808239915405809484e+01 7.982981111314981604e+01 7.323307337692685337e+01 7.622379212530681514e+01 8.446926339882921297e+01 8.774896709914841608e+01
1.144524072544276407e+02 1.218274192382956329e+02 1.017799609819321915e+02 8.755461306064718485e+01 7.751296275660727986e+01 8.686450220259933985e+01 7.233634677172487670e+01 7.689117676943281765e+01 6.931353010588159691e+01 4.919003262557286860e+01 6.609119160625849076e+01 5.760467574350185060e+01 7.180532253125068110e+01 8.776005515792503786e+01 8.913460166170361276e+01 6.902080964587896972e+01 5.487614800242012336e+01 6.054298422826646231e+01 4.208424616480502323e+01 6.202124801456395176e+01 7.404030643112083965e+01 6.579574865480556412e+01 5.097809912561341150e+01 5.995787577336955110e+01 7.157163433656384655e+01 9.167046839527552038e+01 9.358240518450546119e+01 7.680756257878910276e+01 7.526325482916058718e+01 9.464014691588438666e+01 1.021355414574483547e+02 9.380840044820756418e+01 8.535547162670192733e+01 7.704482419948591598e+01 7.444636922299183368e+01 8.275457260692304828e+01 7.571145418786903747e+01
1.064213401480436829e+02 1.146874646910641360e+02 1.159305696707937443e+02 1.058981539999488177e+02 9.760316931015704256e+01 1.007057807509556682e+02 9.240621057167236074e+01 8.003690434946078369e+01 5.997530812464618322e+01 6.609119160625849076e+01 4.595255180973281739e+01 6.305517742474960130e+01 5.936894829691920705e+01 7.945701611857951718e+01 8.279852079446429514e+01 8.321554422130262196e+01 7.481300889208628746e+01 6.015723217092426722e+01 4.061881907409973991e+01 5.850171218138055451e+01 6.112951599230068922e+01 4.572645089337208901e+01 5.468476856763869165e+01 6.628896635294660200e+01 8.638976626575056628e+01 9.619094081562775500e+01 8.463004191824028055e+01 6.527254711503411500e+01 6.632729419231323220e+01 8.632303027988129429e+01 8.224803140006785895e+01 7.378525390257880190e+01 7.704482419948591598e+01 5.700856473990245377e+01 5.440771924846372798e+01 7.118201818330217634e+01 6.568578086190377974e+01
8.635843314407945570e+01 1.031221859915106762e+02 9.957841394531088497e+01 9.127457809718038106e+01 9.388561680343271121e+01 1.021686899995257676e+02 9.423074550270081318e+01 7.415762284161925777e+01 8.003690434946078369e+01 7.440106350555446113e+01 6.305517742474960130e+01 4.295312738844727818e+01 6.018350655048700304e+01 6.639932948911948074e+01 6.271416765635026991e+01 8.279818775475789039e+01 7.786939822075757434e+01 5.935941295149015673e+01 5.795631615560139949e+01 3.856702362538535311e+01 4.109784410637833219e+01 4.710721815365300813e+01 6.717261308169554468e+01 8.308777549733895285e+01 9.467723946424966641e+01 8.787160641310002518e+01 6.787257802091293968e+01 5.629879128026263402e+01 7.028698427197808485e+01 7.639321367506957472e+01 6.222484231763239393e+01 6.222484231763239393e+01 7.001113170687905551e+01 6.287704926600133604e+01 4.281272353229037009e+01 6.287704926600133604e+01 5.737977673905577092e+01
7.473278084526610598e+01 9.414466782743262740e+01 8.798869193469312222e+01 7.118891311526647314e+01 7.380291487689424912e+01 9.058841079802910201e+01 1.025255441644378038e+02 9.423074550270081318e+01 9.140782600328722651e+01 7.137781018239242314e+01 5.717021643479948523e+01 5.013372945217868448e+01 4.016086205568981171e+01 4.632155705401631707e+01 6.573311235345666148e+01 6.714059879826427846e+01 7.301321955224047144e+01 6.042479949885677115e+01 4.984737486954944785e+01 3.712451447847895025e+01 5.819076170349669752e+01 6.717261369280207361e+01 5.713170968566341656e+01 7.134381922047202806e+01 9.138386594644786953e+01 9.047197340387822351e+01 7.046535743328608703e+01 7.028698204144870942e+01 5.022912038592034634e+01 6.472393389983889733e+01 4.802680655716657299e+01 5.836060868665518342e+01 4.995944839188001652e+01 5.339990065250964335e+01 3.676791283385659881e+01 4.887516124293879471e+01 4.675081895512879981e+01
6.571629303178653458e+01 8.584668116009774508e+01 7.900445431489076498e+01 5.959356453361483119e+01 6.220719428103750914e+01 8.229086009498337262e+01 8.967039984313500156e+01 8.112136830887864392e+01 8.962018872072934528e+01 8.535403376476656945e+01 6.654913225977421121e+01 6.849826445934192520e+01 5.153899483873054521e+01 3.748248130935620992e+01 5.479089870827162656e+01 4.710852411583864807e+01 5.297510288694254399e+01 5.529154686467793312e+01 3.531398274065540477e+01 5.349483991069362787e+01 5.967097290634223583e+01 6.806367510375936547e+01 7.721287563428248291e+01 7.134381922047896296e+01 9.138386602048444729e+01 9.879426670950819300e+01 9.047196467679103193e+01 7.858978189370961331e+01 6.472393389983892575e+01 4.464982645204320022e+01 4.092369913377472557e+01 3.829397486346704227e+01 3.577313086366286399e+01 3.334785456491053424e+01 3.099104720006994995e+01 2.883415618171149930e+01 2.671329292342510442e+01
7.578148709594358934e+01 8.489683255260230510e+01 6.481341004787080351e+01 5.061664821921141311e+01 6.481313486214976649e+01 8.487390825424166962e+01 7.947181934679043991e+01 6.096917496083749910e+01 7.947644648216085272e+01 9.492501723170929040e+01 8.662587325042626674e+01 7.992706942453146723e+01 6.573309012865813372e+01 5.479089870827162656e+01 3.490561905467321679e+01 3.310065576134324772e+01 5.046155293329933045e+01 5.052025983971729062e+01 5.169408652277537186e+01 3.351618657969152792e+01 3.964057948281909205e+01 5.379565981855596846e+01 7.386147531832197899e+01 9.138386600530361648e+01 9.962393049087850727e+01 1.023184069654137147e+02 9.074888644424471806e+01 8.243656930806712069e+01 6.750623208222529570e+01 4.744116427853883522e+01 6.099626581604340458e+01 4.988516682193981211e+01 4.995944839188001652e+01 4.752651500740836354e+01 5.103674435830821920e+01 4.887516124293879471e+01 4.515236006888228815e+01
7.148650473914695169e+01 8.002397467685796073e+01 5.994391755077609218e+01 4.576917529784530103e+01 6.582523011586400230e+01 8.393858167737626275e+01 7.102829572944429515e+01 5.112187480051423449e+01 7.101193541074775339e+01 8.291380460188599955e+01 9.066336143523777480e+01 7.936635509767300789e+01 7.124717673935246864e+01 6.305300972633450129e+01 5.479089759905857449e+01 5.046155285894248976e+01 3.058750680458161852e+01 3.054465634690413722e+01 3.176413197504062325e+01 4.225060602060717940e+01 5.848005103936474569e+01 5.230961997961189525e+01 6.651267339139134549e+01 8.735366002398684770e+01 1.002996618130878517e+02 9.398964521550881557e+01 7.397914208732971986e+01 6.243191002919261479e+01 5.533077321076603283e+01 5.904280250071976610e+01 7.580975501130886585e+01 6.407230931515344707e+01 7.001113170687879972e+01 6.757950793396057065e+01 6.358682990460499695e+01 5.001382845380526732e+01 2.996948089510787838e+01
6.273228816628149218e+01 6.954624695708294269e+01 6.144880276475178249e+01 4.142645661817277869e+01 5.556950566349588172e+01 6.426686813695843625e+01 6.438619028132161759e+01 4.456720255544454545e+01 5.474041884659963841e+01 7.464999989399528602e+01 8.252469513941149160e+01 6.299146028721641244e+01 5.223462382433339002e+01 4.604654327896261634e+01 5.581763536799613235e+01 4.880245752322186803e+01 2.882700798824890853e+01 4.877884453201308190e+01 5.175881581096553674e+01 4.622454051101549055e+01 6.568989749112540721e+01 7.247668259435201321e+01 8.108568795738850099e+01 8.584831285670750844e+01 8.033996081634869313e+01 9.443052789058786800e+01 9.074900598826039300e+01 8.243657051126484703e+01 6.536159336098356221e+01 7.906749189369217845e+01 8.737724117311584848e+01 8.409997772879943057e+01 8.380904844954807231e+01 6.963460792179009218e+01 5.528062038822059066e+01 3.522527420406991183e+01 4.414105327987324756e+01
