MOVIE_S13_data/elevation_000751.asc
nrows	150
cellsize	150.0
xllcorner	0
ncols	150
yllcorner	0
NODATA_value	-9999
[rows 68 to 84 of 150, columns 0 to 36 of 150]
1.785472517327646447e-02 2.001785472517292064e+01 3.735065215802180205e+01 4.908627931540772238e+01 3.993511445955325456e+01 3.993456838736265979e+01 5.961041938460465417e+01 5.019987942469288100e+01 4.787230159178265154e+01 2.770758879162930555e+01 4.787230159178265154e+01 5.061258846107943299e+01 3.063477763519552610e+01 2.995934337846917472e+01 3.419437038455752997e+01 5.410051948770065877e+01 6.916250858751897113e+01 8.064439168689770554e+01 8.571334633613035692e+01 8.571334633613035692e+01 9.399600518680209404e+01 8.802368652577456487e+01 6.815562763097831578e+01 5.411028097554761018e+01 4.410546681060628060e+01 4.309183729357231840e+01 6.304058751582554976e+01 5.756720709019280235e+01 3.747711782571646211e+01 5.756720709019280235e+01 6.738160911014256271e+01 5.914110774435687290e+01 4.608279576850266324e+01 6.591973257485481952e+01 5.409528073978793827e+01 5.414502694289982543e+01 3.866214972279045980e+01
6.217744477647316192e-02 1.420433333266210241e+01 3.420684553847058851e+01 3.599949183411944631e+01 2.627928266451126760e+01 4.570346578095665535e+01 4.450619879425539693e+01 5.019987929912541347e+01 3.002156119350563301e+01 2.149014979369686174e+01 3.779422202175094725e+01 3.967686273911500905e+01 2.415148978393835577e+01 4.429564539995720196e+01 5.410051948770065877e+01 5.410051948770065877e+01 7.397617865491932321e+01 7.985535989988272831e+01 6.571471461296333416e+01 6.571471461296333416e+01 8.571334633613035692e+01 8.330047233933306927e+01 6.344188062065055789e+01 5.196793986525899101e+01 6.404256418602594181e+01 4.867371165111868692e+01 6.855453613775328847e+01 6.164534580301213396e+01 4.166662790961602525e+01 5.516536882519526586e+01 7.395048178156321228e+01 7.109176916706942961e+01 5.124771852927546689e+01 7.107240016568545116e+01 7.349818234150968976e+01 6.174428193761422534e+01 4.191927039361383578e+01
7.615112199268188331e-02 2.007615112199232499e+01 2.776080766993452897e+01 1.694084308212320167e+01 3.588773109204352352e+01 2.856542512639783382e+01 2.424300176741424195e+01 3.181241776238435293e+01 3.346393476656857757e+01 1.550765911321498081e+01 1.739080799664175103e+01 1.931298981799993797e+01 2.170987467339723409e+01 4.200485685483312182e+01 5.364045932851698950e+01 6.306202396463483950e+01 7.134575376665915769e+01 6.340709026210874555e+01 5.157187900339967257e+01 6.311969481613049027e+01 8.311848529894851367e+01 9.153502316277742068e+01 7.845126002017832434e+01 5.860280715706930010e+01 7.453869539771712027e+01 5.469148444668631015e+01 7.453869539771712027e+01 6.634600694321623848e+01 4.655968868753706147e+01 5.595043256621226391e+01 7.701209300434440763e+01 7.681166334732770906e+01 5.699736867907824234e+01 7.681166334732770906e+01 8.266151040246988657e+01 6.522255411664224312e+01 4.536039039809610784e+01
5.080276927167222401e-02 1.291097628669013098e+01 8.591784995884424347e+00 2.474225840779843821e+01 2.630316616233533011e+01 8.186263640453855572e+00 9.780604809415063272e+00 1.139798151274954563e+01 1.303626151889941731e+01 3.346393639877020831e+01 3.779422202175094725e+01 3.378618775934263141e+01 4.200485685483312182e+01 2.515487303638395034e+01 4.534709765440422302e+01 4.305061596041491612e+01 5.610218170313144270e+01 4.340177427078702266e+01 6.340709026210874555e+01 7.985535989988272831e+01 9.140126090889432930e+01 9.250652678705536403e+01 7.262937790256600579e+01 7.005217790268171996e+01 8.155505536344533368e+01 6.170979251939647980e+01 8.155505536344533368e+01 7.135984676490852507e+01 5.170350063344317704e+01 6.913801291252170245e+01 8.389707775110748855e+01 8.341299917922724205e+01 6.360899168352863597e+01 8.341299917922724205e+01 7.456521743302128868e+01 5.475974287002410534e+01 6.522255411664225733e+01
2.757019857663320014e-02 1.474719624350238290e+00 2.925675515166914931e+00 4.433292995715132356e+00 5.956961443362835062e+00 2.630311974261285712e+01 3.017794900407638536e+01 3.181241776238432450e+01 2.224766741013088023e+01 2.332732836848066427e+01 4.360063738486348939e+01 5.389821016748272342e+01 5.361583548019036272e+01 3.531977020403418521e+01 2.876658580845817781e+01 3.144635340736030216e+01 3.607849170117454918e+01 5.024357072899992005e+01 7.024611977354831538e+01 7.791306854811504934e+01 9.790953077027693041e+01 1.007408373684155976e+02 9.250652678705536403e+01 8.409660286715185862e+01 8.155505536344533368e+01 7.573041327849044535e+01 8.979082380562093135e+01 7.831202670011984424e+01 5.864829239525220572e+01 6.557315410380708443e+01 8.533015866862464804e+01 9.172504623336148200e+01 7.347991777919030199e+01 9.172504623336148200e+01 8.274859900802634627e+01 6.363010115969136393e+01 7.644158073484823035e+01
2.042370046829022814e-03 2.000204236986588668e+01 2.320862903401668831e+01 2.131768883749186827e+01 1.156647311708011827e+01 2.040972749536206976e+01 4.047574822147316809e+01 4.252662231163535012e+01 3.664958045778806195e+01 3.771553027396830515e+01 3.771561385907250497e+01 5.780834099571288220e+01 5.536130697396919231e+01 5.536130697396919231e+01 3.702111702966616491e+01 5.150843216653598233e+01 3.634186416671983011e+01 4.636282301226136582e+01 5.791374788017900954e+01 7.256916870862578151e+01 8.085131122801011827e+01 8.979424012993931115e+01 1.013386322668196442e+02 1.039946965055381156e+02 1.014425272281716701e+02 9.561698528091254445e+01 9.234829063712970765e+01 7.249801581236198444e+01 7.249801581236197023e+01 8.533015866862464804e+01 9.362919617454795684e+01 1.017036383288509427e+02 9.334608057926411107e+01 1.017036383288509427e+02 9.159043195137091686e+01 7.505057639125674029e+01 8.214442629990386990e+01
3.445835553305376733e-03 1.414558145928450372e+01 3.414558146582994169e+01 3.851106972908854686e+01 3.572456634037245493e+01 3.955869974966815050e+01 4.883684466846725059e+01 6.254529627758696364e+01 5.671505978376146828e+01 5.780534714224880588e+01 5.780834099571288220e+01 6.609711570761174926e+01 7.530530790351426162e+01 6.533609892422705911e+01 4.704872033805917653e+01 6.303310035116405885e+01 4.302766410327760127e+01 4.268528018884150299e+01 4.740417019499813023e+01 5.256966581329076149e+01 6.151421584689420996e+01 7.306076214086436948e+01 9.305853024238531646e+01 9.907625308974461120e+01 9.053347980106396165e+01 9.435192535386431700e+01 1.006729229619433710e+02 9.234829063712970765e+01 9.234829063712970765e+01 9.257505506039629495e+01 9.036848706051127067e+01 9.290573450043028458e+01 9.290573450043029879e+01 1.013345118487041958e+02 1.030012443717167372e+02 9.483370964044347318e+01 8.872808573794182507e+01
8.088694405094523643e-02 2.008088694405059016e+01 3.659874121885576415e+01 4.488300515230888976e+01 4.454165543265449401e+01 4.739879826197705626e+01 4.781878146598695167e+01 5.610305449802535804e+01 5.771992451942044511e+01 5.912479427714006874e+01 6.740906826265914731e+01 6.837985649621806772e+01 7.666413227779395356e+01 7.533779838419671648e+01 6.119662466851678317e+01 7.059251662341092981e+01 5.059218953764111859e+01 6.269100321911718510e+01 6.154784780527216270e+01 6.671183949818832559e+01 6.521889738823148264e+01 7.936024802668707423e+01 9.935718701403706632e+01 8.726003976965201048e+01 7.013255976364004596e+01 7.389326421051127625e+01 8.254011183549003761e+01 9.105391488018518942e+01 9.257505506039629495e+01 7.257351253892153409e+01 7.039325353428472454e+01 7.290264276380550257e+01 7.290264276380550257e+01 9.290573450043029879e+01 9.768235572127331068e+01 1.061348702268343516e+02 9.687059663830549994e+01
2.980189240634343456e-02 2.002980185844897676e+01 1.659874122798972707e+01 2.767786450250001096e+01 2.454165539488446157e+01 2.739879825202525510e+01 2.781878145786387080e+01 3.986388211879149424e+01 3.771992450188074031e+01 3.912479426194081356e+01 5.204992484142180587e+01 4.837985645183114514e+01 6.610770120408024297e+01 8.415335926808526779e+01 8.119615549959613077e+01 7.887427893854078320e+01 6.214013833132049314e+01 7.887427893854078320e+01 8.154650630618364460e+01 8.671001232774762002e+01 8.521721585310822888e+01 9.349819968749291377e+01 8.833919425670423209e+01 7.820775107820401217e+01 5.863418946729064629e+01 5.973860840396262262e+01 6.233603614025550854e+01 8.254011183549003761e+01 8.306607905102200107e+01 7.472843500381790705e+01 5.642429440922161632e+01 5.891406408012803553e+01 7.749984826409057348e+01 8.350221081742472506e+01 7.762860248183481815e+01 9.768235572127331068e+01 1.067241738779001849e+02
3.197269080214139303e-02 2.531972690802146708e+00 5.051735844197006386e+00 7.677864501391469254e+00 1.039951977115057957e+01 1.325666262829346209e+01 1.627177607407115190e+01 1.986388211460671371e+01 2.357778887814781754e+01 2.757778887814788860e+01 3.204992483314762097e+01 3.782342752504408168e+01 5.782342753667611390e+01 6.415335914411387819e+01 8.415335926808526779e+01 9.041912821432032388e+01 8.213868896569067601e+01 8.764511700924033732e+01 7.945342220535613365e+01 7.945342220535613365e+01 7.945342220535613365e+01 9.925890182451783517e+01 7.983025785251261652e+01 5.968314555780910524e+01 4.981512981350289948e+01 4.833942140612099081e+01 6.825367290378342489e+01 7.122349412026183302e+01 7.157342909563681133e+01 5.491502546272641183e+01 4.839733180177317706e+01 5.291063241166703790e+01 5.766970956784221869e+01 6.359462637233578164e+01 7.349754548054389147e+01 8.760185632128813893e+01 1.077628551212583545e+02
8.792919550159562780e-02 2.008792919351151340e+01 2.505173584724289881e+01 2.182000012512298426e+01 2.454165539488221270e+01 2.739879825202525510e+01 3.041391169780318293e+01 2.696222575056831872e+01 4.357778888328703459e+01 4.757778888457187350e+01 4.359693021694054238e+01 5.782342753667611390e+01 4.782342752504443695e+01 6.196556314879812533e+01 8.196556322814899431e+01 8.475419984519109562e+01 8.260078642179340136e+01 7.608809252793814437e+01 5.933630408519650246e+01 5.933630408519650246e+01 7.363897752838194322e+01 9.349073340217512396e+01 8.833919425670423209e+01 7.820775107820401217e+01 6.161558907122926598e+01 4.174871894739359846e+01 5.575716868376203195e+01 5.021448432496800507e+01 5.862086639022376744e+01 4.353265140413336098e+01 6.328915797180065539e+01 7.269033318082944106e+01 7.749984826409057348e+01 7.382660886329547623e+01 9.188173635433466302e+01 1.019363842123593855e+02 1.006703113397250746e+02
2.533091249361700895e-02 2.002533082874651527e+01 3.832764771754781918e+01 4.182000013234146252e+01 4.454165540341252694e+01 4.739879826197705626e+01 5.041391170952141465e+01 4.110436137430362891e+01 4.110436137430362891e+01 6.110436139947118761e+01 6.359693023651728794e+01 7.188120473474548078e+01 6.782342754830844456e+01 7.610770253395246243e+01 8.475419984519109562e+01 6.478120785642758506e+01 6.258334828808897754e+01 6.783879864336240928e+01 4.738217812099889414e+01 6.645934487532632318e+01 7.472399496795902962e+01 8.476948060968976506e+01 8.322739675663460446e+01 7.315982069460996229e+01 6.476324246211314062e+01 5.575700155207586306e+01 3.588555675122297828e+01 3.608803079485690546e+01 3.909186633775130559e+01 5.885492121961131318e+01 7.132179611235457628e+01 8.382423774070214506e+01 9.474912137321692285e+01 9.384388930071588675e+01 1.022763971933882914e+02 9.480026960480243758e+01 8.060886671392877645e+01
4.340274325774365338e-02 1.004340274325765670e+01 2.418553836693947190e+01 4.418553853874514914e+01 5.255070412296017679e+01 5.105777542415476944e+01 5.933957415364043442e+01 6.110436139947118761e+01 6.110436139947118761e+01 6.938863603260087132e+01 7.824460073907962965e+01 6.994861680405395532e+01 6.729336558464284224e+01 7.561729091341814524e+01 8.260078642179340136e+01 6.258334828808897754e+01 4.804631615347802409e+01 5.824631816447342914e+01 4.134388682194152409e+01 4.598656513712703031e+01 5.635655653936995435e+01 7.656213321128252858e+01 7.477454610530497803e+01 5.475199154235880172e+01 4.488310902788682455e+01 3.827286466915158059e+01 3.197353645800302857e+01 5.178422352445622323e+01 5.820044607774681822e+01 6.466912359905400365e+01 5.670038448643460072e+01 6.798873107240331137e+01 8.710844683997189009e+01 8.017612747734766288e+01 8.842511507220061162e+01 8.475746371412728308e+01 6.639492501505611699e+01
3.499897289517878152e-02 2.003499897289442444e+01 2.847550184981468036e+01 3.306377774421513749e+01 3.255121540897297194e+01 3.105819482052545766e+01 4.520028881791375852e+01 6.519899903036062483e+01 6.411097958161315091e+01 7.242072009798334875e+01 6.994861680405395532e+01 4.907429182738230367e+01 4.632667314458142727e+01 6.299050847819849963e+01 7.136909281633948865e+01 7.108589418858365150e+01 5.824631813867416241e+01 3.765669322447929090e+01 3.561180292429656902e+01 5.622295500622666964e+01 7.472399496795902962e+01 8.476948060968976506e+01 8.322739675663460446e+01 7.315982069460996229e+01 6.474397860314317654e+01 4.966469861033759514e+01 2.980847751510225407e+01 3.471671169355642661e+01 3.985248489694431839e+01 4.534703439325286922e+01 6.492910462453895093e+01 8.382423774119007476e+01 7.716062225646442130e+01 6.083285543633569148e+01 7.716062225646442130e+01 7.643982640974111575e+01 5.627941367356589097e+01
4.124372989540939227e-02 4.211532011036887901e+00 8.475546338149060333e+00 1.306386101556025636e+01 1.840908585380864082e+01 3.255121540897297194e+01 5.255070412296017679e+01 6.081150346363569525e+01 4.398406303040255949e+01 6.081150346363634895e+01 6.825787528613719246e+01 5.518824006035770680e+01 3.407311129451284160e+01 4.200266750698526153e+01 6.299050847821372656e+01 6.280205761364647543e+01 4.235973207074162161e+01 3.149360348215000371e+01 3.137450450296755733e+01 5.197109132031967960e+01 6.799649465553447669e+01 7.604972737692625628e+01 8.341393245176843152e+01 7.195681700282733573e+01 6.132899045083883749e+01 4.170734733163978802e+01 2.766746860241078565e+01 4.751851092273430055e+01 5.941844711873986284e+01 6.407364863044853109e+01 6.160979047038220102e+01 8.188004743195031665e+01 6.900828415746561006e+01 5.001100696751304753e+01 6.900828415746561006e+01 6.971968883101607162e+01 4.950914829078845969e+01
5.361688789861147886e-02 2.005361688789825791e+01 2.847550198029608026e+01 2.461086616772335134e+01 3.840893003303600040e+01 3.473893814838294247e+01 5.473648839701252911e+01 5.249069889281458501e+01 3.266623433004830446e+01 5.249069889281458501e+01 5.984014183714121060e+01 3.889406065878904428e+01 2.718144547342579287e+01 4.814986380507789931e+01 6.334875192350143891e+01 6.321287009195317808e+01 4.611753976398991028e+01 2.567920986952339391e+01 4.611753979933246939e+01 5.445846628403418777e+01 4.885083132476712109e+01 6.799649465553447669e+01 7.516364558125076201e+01 5.534984572667425340e+01 4.393470044388508455e+01 4.559988379687391813e+01 2.573475260946231202e+01 3.979680537023536857e+01 5.952408682606929347e+01 7.093091455478847251e+01 8.172446132539431574e+01 7.543465171752953324e+01 6.229173239491875336e+01 4.329649149337336667e+01 6.229173239491875336e+01 6.388540832033187655e+01 4.364240648619017549e+01
9.650549294000117240e-02 1.423864111667107579e+01 3.423864111667177923e+01 4.461066969364656387e+01 5.289361063954449094e+01 5.473648839701252911e+01 5.862099607015018421e+01 4.548169222995236538e+01 2.595289799002019038e+01 4.548169222995236538e+01 5.759946943226463389e+01 3.659169116100378005e+01 2.196553512009692710e+01 3.385406111250501482e+01 5.487526386376303122e+01 5.484174055288474392e+01 3.433249784936865012e+01 2.262003486393241403e+01 4.283618276243922196e+01 3.503293869111065106e+01 4.885083132476712109e+01 6.799649465553447669e+01 6.374446630455975793e+01 6.149127533674951707e+01 5.120875746253332750e+01 3.138125994600812518e+01 2.383287597950798187e+01 4.371491397435165283e+01 4.242711017834918863e+01 5.664040646974185478e+01 7.736494791954368111e+01 6.723627876023910233e+01 4.780067967334480983e+01 3.737787883269934497e+01 5.403187110963053641e+01 5.793084048307338918e+01 3.815722421262794484e+01
