MOVIE_S13_data/elevation_000997.asc
nrows	150
cellsize	150.0
xllcorner	0
ncols	150
yllcorner	0
NODATA_value	-9999
[rows 102 to 118 of 150, columns 37 to 73 of 150]
6.377792226408967480e+01 8.336522213128532144e+01 9.924068101152359134e+01 8.727543137437004361e+01 6.722056688984365280e+01 6.678721564360117213e+01 8.151533735364235156e+01 1.022374937859563460e+02 9.803160386009521687e+01 1.064692309755284469e+02 1.147227082366100461e+02 1.014833652795074954e+02 8.176432667670476917e+01 7.107326309422663257e+01 9.087479430531149660e+01 9.847773667219698268e+01 8.411191360933882777e+01 6.411600164022583215e+01 6.393256582305647839e+01 6.825334969011291264e+01 7.406545387500773359e+01 8.112525351464569212e+01 9.255051714203688107e+01 1.123181902850660521e+02 1.112375652651463440e+02 9.974377325644806547e+01 9.082330368798504594e+01 8.258413304894523321e+01 8.671137435684217110e+01 7.446869378517695282e+01 6.293354635470216607e+01 4.314823494766847745e+01 5.978634326791652143e+01 5.760232857760793479e+01 4.555766899246423662e+01 6.549129350205751621e+01 6.792947509958686680e+01
7.159237584614191974e+01 7.600872860866034841e+01 9.602397618762520892e+01 9.655031075455326572e+01 7.924948348352558014e+01 8.151533735364235156e+01 7.996279361121796114e+01 9.466869901554562716e+01 1.152615671718532298e+02 1.138175346035645674e+02 1.024478045722625410e+02 8.680985381493287889e+01 8.538283768113714700e+01 6.547182849570670271e+01 8.538283768113714700e+01 9.027064111935503377e+01 7.035024215848949325e+01 5.867326267422641450e+01 7.876959358419769330e+01 8.818288688348199855e+01 9.391204378519371687e+01 9.391118527479827094e+01 1.091039042734564930e+02 1.205240520970738913e+02 1.094114631660317798e+02 1.004958550009552170e+02 9.234141639750302488e+01 8.569804282706800791e+01 7.967341587685866955e+01 7.540954456748001178e+01 7.118239745843622757e+01 5.978634326791652143e+01 4.000394097925166648e+01 3.779851561110452707e+01 5.527479318895466065e+01 5.368574038123330894e+01 5.210924889834986118e+01
8.033293689956236960e+01 9.602397618762520892e+01 9.602397618762520892e+01 1.084861159971679569e+02 9.999399242654246223e+01 1.022374937859563460e+02 1.007002104544476708e+02 1.091904150306039583e+02 1.048148984318155641e+02 1.056216306457552889e+02 8.596707708606020049e+01 7.452559824548502831e+01 6.692697604055805982e+01 6.080726999683785294e+01 7.573298528862852663e+01 8.393908310893297653e+01 7.589869743956215586e+01 5.574532629037939557e+01 7.005825700829834091e+01 8.999877403787941432e+01 9.789138676514585313e+01 1.061179143515312404e+02 1.218696633747013180e+02 1.152235785551332583e+02 9.542900047148860665e+01 8.135966676694560817e+01 7.241102686392675025e+01 6.571639277532133860e+01 5.967397167529720292e+01 5.543944946360578285e+01 6.964470513887479797e+01 6.163847603308559542e+01 4.185605823768231915e+01 5.527504878509633102e+01 3.543665491273392831e+01 3.381817653518364608e+01 3.221099528308228344e+01
9.190414148456366661e+01 1.089482465475017676e+02 1.163468706390930407e+02 1.124241688837442155e+02 1.042146615401446041e+02 1.042146615401446041e+02 1.084106956545426073e+02 9.904201983498015238e+01 8.505723355857212198e+01 9.903946789008600149e+01 1.024478045722625410e+02 9.427407555375701520e+01 8.680984973104855840e+01 6.991501041774289149e+01 5.561628388455918071e+01 7.105594736491241292e+01 6.927725587631633175e+01 5.292417793200073106e+01 7.313042544839652237e+01 8.166415728186537137e+01 7.801794706979553951e+01 9.540867990767691253e+01 1.105504080999950958e+02 1.187614574190965726e+02 1.094188436080097091e+02 1.005412848741230931e+02 8.964953263273676498e+01 6.969729912098063096e+01 7.967341587685866955e+01 6.964470513887479797e+01 4.975664401418140415e+01 4.599547533416920686e+01 6.163847603308367695e+01 6.226708550049013269e+01 4.246825409032661724e+01 5.368574038125959902e+01 5.201531779328249883e+01
1.122689953974823425e+02 1.207069396654047893e+02 1.142666001125090958e+02 1.042146615401446041e+02 8.447051850225403768e+01 8.447051850225403768e+01 8.865565494779166045e+01 9.017917066039480289e+01 7.101894443559518777e+01 9.018006012236720892e+01 9.626249990003893231e+01 1.044669803707377440e+02 9.796157783924277851e+01 8.393899599124661393e+01 7.105594736487222463e+01 5.084713887813285993e+01 4.900851126635342325e+01 6.927725587631410065e+01 5.693304310234236709e+01 6.161521780519954206e+01 6.724286970683661480e+01 8.719857619868896847e+01 9.075618503692490435e+01 1.105504080999950958e+02 1.162099556459180860e+02 9.641711038150634749e+01 8.234765811055363827e+01 8.964953263273676498e+01 9.252592854430470481e+01 7.363520520172444606e+01 5.370328771869324669e+01 5.738942615080078014e+01 7.406071891213176173e+01 7.047733732066407697e+01 5.233201189563899902e+01 7.047949486206884728e+01 5.925094615240007556e+01
1.142942655616894996e+02 1.200515869691846547e+02 1.002541666502550584e+02 8.632770350449902708e+01 7.749473901244958540e+01 7.043802811245997475e+01 7.465500437342326734e+01 7.910607065849315234e+01 6.200315546348883800e+01 8.197800892092426750e+01 7.643908534693355250e+01 9.181785094048646556e+01 8.361144018851911142e+01 9.181785092487422162e+01 7.928285174160475890e+01 6.661584580311168224e+01 4.632280990186009006e+01 5.046120394891123340e+01 7.069839317129807910e+01 8.166415728186537137e+01 8.719857619868896847e+01 7.670839726675851011e+01 9.075618503692490435e+01 1.105504080999951384e+02 1.174588285931337310e+02 1.104051344186987222e+02 1.022143005404764864e+02 9.579999741547720760e+01 7.589123873156891875e+01 6.434305808324023701e+01 6.365236114735417772e+01 7.732990474975687789e+01 8.556221451702738534e+01 8.040535572958462751e+01 6.638045825433624714e+01 7.186429345257710111e+01 5.194628757189127555e+01
1.037167949354877692e+02 1.121478233132439186e+02 1.142666001125090958e+02 1.054315452531823780e+02 9.723141163355705885e+01 8.301787722411022230e+01 6.307153995773792587e+01 5.907059217046205646e+01 5.518113883510827833e+01 7.069961442944118346e+01 6.485181628362015260e+01 8.185414909590882360e+01 6.363624646719747346e+01 8.185414909749987089e+01 8.268345439342435554e+01 6.459661743868655037e+01 4.429921017825435570e+01 6.459661743868385031e+01 7.527100906983957884e+01 8.351254429985300476e+01 9.244039335714951733e+01 9.655377874377896319e+01 1.047588212281779079e+02 1.070876498100628993e+02 9.768847335558955081e+01 1.060444086747629058e+02 1.142606466249250872e+02 1.040021669209872499e+02 9.252592854430470481e+01 8.430567023009147931e+01 7.779001950050715664e+01 9.183944318955057895e+01 1.005357197319009828e+02 9.235871210886732285e+01 8.625713467965637449e+01 8.010976690854228366e+01 6.602321861921687685e+01
8.338474024433948273e+01 9.774387410840390089e+01 1.181367014032143601e+02 1.095015733640445603e+02 8.974291949135179891e+01 7.574653380523976409e+01 8.301734990606782105e+01 7.650445893057599278e+01 5.639589365604672366e+01 5.037160024036269590e+01 6.685798075841128707e+01 7.362384332784286300e+01 5.335840652349092750e+01 7.362384332783693708e+01 7.443441586207133298e+01 5.426289189616903741e+01 4.249637562663892965e+01 4.864052938456639907e+01 5.510980897019017277e+01 6.420805572991375243e+01 7.840276579323395367e+01 9.826789124802118636e+01 1.013219693733449134e+02 8.733832159543294438e+01 8.373651440021733094e+01 8.629674657128408910e+01 1.060444086747629058e+02 1.072271512083231215e+02 9.910239453677932886e+01 9.910239453677932886e+01 9.768815773394806001e+01 9.901562964496822872e+01 8.921843978698750277e+01 7.281415859062991558e+01 8.314530796155189307e+01 9.129501036793355695e+01 8.596589553411136819e+01
1.037167949354877692e+02 1.121478233132439186e+02 1.076849664262304032e+02 1.055061769811475472e+02 1.037297601119471722e+02 9.553008201894233764e+01 8.588994075431709518e+01 6.598032536267120918e+01 7.650445893057599278e+01 6.685798075845995925e+01 4.622413694098209191e+01 6.309077291898150008e+01 4.617522664908987196e+01 6.686865602429809030e+01 6.699704382580299011e+01 5.868945771918517096e+01 4.079942026427303858e+01 6.107948626238677292e+01 7.527100906984122730e+01 8.351254429985300476e+01 9.244039335714899153e+01 8.689577621016678677e+01 9.140379423145891735e+01 7.326913377400421723e+01 7.221379110794832457e+01 8.629674657128408910e+01 1.060444086747629058e+02 9.910239453677932886e+01 7.969376038907178383e+01 7.969376038907178383e+01 9.346045579869765163e+01 9.084432564347613948e+01 7.130499210436757096e+01 6.146589975776441861e+01 6.354834405400353603e+01 7.996759311057986963e+01 9.384247875910220671e+01
1.040296987708100147e+02 1.076849664262304032e+02 8.781469233812906339e+01 8.564323437666512007e+01 9.971098157097296166e+01 9.987786036149081781e+01 8.009596956922354138e+01 8.009596956922354138e+01 9.408978134432713603e+01 7.512089732035322243e+01 6.309077344587607428e+01 4.206076543079201713e+01 3.959654092756739630e+01 5.740300922705710462e+01 5.634266294144740073e+01 3.843348180571668848e+01 5.868945745182148244e+01 6.937688838742529640e+01 8.288061621071365437e+01 9.109339189325631025e+01 8.095100486296638564e+01 6.678736811149542518e+01 7.647574617764676930e+01 6.303397139631946544e+01 7.738956314466678066e+01 9.719755664946301010e+01 1.039099315194011695e+02 9.418589196745789138e+01 8.537841771736663077e+01 6.592231280599391141e+01 8.537841771736663077e+01 9.901562964496822872e+01 8.568446769690319798e+01 6.609270746205750413e+01 5.208450748064885261e+01 6.609270746205750413e+01 8.200589707721429988e+01
8.416332135764270106e+01 1.008134661049590335e+02 9.146095557119895147e+01 7.153595178778842012e+01 9.146095557119895147e+01 1.080835931194305601e+02 9.987786036149081781e+01 9.987786036149081781e+01 8.735470709156868452e+01 6.740755756969963386e+01 5.293144212389956493e+01 5.717127576929125610e+01 5.740310188781559475e+01 3.690172077999230993e+01 3.611732099310233224e+01 5.634266294133863795e+01 6.698882803057514934e+01 6.639856066477669572e+01 6.269550498279709672e+01 7.593069169931114004e+01 6.762369520368942233e+01 5.215043636123368742e+01 5.601878839825909751e+01 6.345136897611389060e+01 7.779387443617248721e+01 9.763513569187796293e+01 9.579785740896640789e+01 7.640619432478989381e+01 6.665328368568788164e+01 5.965262445117163992e+01 7.287546188460297003e+01 8.095936829291946424e+01 8.106664612655534086e+01 6.142330746891617110e+01 4.736043258213896223e+01 6.120187635061581943e+01 6.935933563042078731e+01
7.263644030871445523e+01 9.255984042349523122e+01 8.481928764339536997e+01 6.480449264506927420e+01 8.481928764339536997e+01 9.825091511490542473e+01 9.702197708136149856e+01 8.894424700216764279e+01 8.952197144477014490e+01 6.959288732421165946e+01 6.740755233573075600e+01 7.737306976513788470e+01 6.577797020309104425e+01 5.470215040020784869e+01 3.449832579642123420e+01 5.287839773580409997e+01 5.483881557767835346e+01 4.617239137063950949e+01 6.007521239149817660e+01 6.287195509266462068e+01 4.718571226742550806e+01 6.762369764507168668e+01 7.647574617764676930e+01 8.359459951430044100e+01 7.779306036106852673e+01 9.760075402067137418e+01 1.039099315128595151e+02 9.418589195897179422e+01 8.610202586683769255e+01 7.287546188360695965e+01 5.316558247919722646e+01 6.706333553447612417e+01 7.516396327295089463e+01 7.532037306034798974e+01 6.120187154597110180e+01 4.130914184330518424e+01 5.568462463148949126e+01
6.550447188497523143e+01 8.551585476076806458e+01 7.904151400336603217e+01 5.893536438996710558e+01 6.999939818402668834e+01 8.999096739909678888e+01 8.560363919376348463e+01 6.905287554605786227e+01 8.560363919376348463e+01 8.952197144477014490e+01 8.735433663598745113e+01 8.532964156620785445e+01 6.514634658822788538e+01 4.999616682571222270e+01 3.722945962139023379e+01 3.268587657833548121e+01 3.493572461196946222e+01 3.744273186673682829e+01 4.006198724267590450e+01 4.270581203398130299e+01 4.888844332269049175e+01 6.342126155115433761e+01 8.362562921957919571e+01 1.007773678515630706e+02 9.760075402067137418e+01 1.057910717550687423e+02 1.001013344826603486e+02 8.069346663374297179e+01 6.946693415614396372e+01 6.065178517460816465e+01 5.359243326261717044e+01 4.725051085962185482e+01 6.239340797369524694e+01 5.922478822560260880e+01 5.694046393950990392e+01 5.471124056993580353e+01 3.572731238674113996e+01
5.937881178783442238e+01 7.948219580302729526e+01 7.366791948761203912e+01 5.347931425528331317e+01 7.366791948761203912e+01 7.562540279975341662e+01 6.742044152862374062e+01 5.738092471981568821e+01 7.164571636087465833e+01 9.149678017215525472e+01 8.694388450014160696e+01 7.692590897267203331e+01 6.865760377662412850e+01 6.191713672897449783e+01 5.159796448903352228e+01 3.141922995272284069e+01 5.159796456941801068e+01 5.737716356632002856e+01 6.007540803333923662e+01 5.426385867581478806e+01 6.933898383164974177e+01 6.077365913567458477e+01 7.260340688814825683e+01 9.256326360848942159e+01 9.844445047885776034e+01 1.066485329036344893e+02 1.082294535462300473e+02 9.698793397535244765e+01 8.828502969406744683e+01 8.020716637063709697e+01 7.329329504438997844e+01 6.239340797367241009e+01 4.252444438664385729e+01 3.931051079089785816e+01 3.700168397391676933e+01 3.474499135636277458e+01 3.252384011856749169e+01
5.371928682297004087e+01 6.830758909574753091e+01 6.915361012057253731e+01 4.891207070131923018e+01 6.915361012057253731e+01 6.742044152862374062e+01 4.721114822537177247e+01 6.742044152862374062e+01 6.874075569480586978e+01 7.708830178950265122e+01 7.870643677004891003e+01 5.860877078320325495e+01 4.843620273561010237e+01 4.166714056355885987e+01 3.584921002099304843e+01 3.029484962950575522e+01 5.046281915878860502e+01 6.834535760938858573e+01 7.640128936466626897e+01 7.463138677476119653e+01 8.290926635414217571e+01 8.103943495801411245e+01 8.927539645289049020e+01 9.518734525453673712e+01 7.857447131918620187e+01 9.518734525503958821e+01 1.093442993306589699e+02 1.012745379887116570e+02 8.700578555178411477e+01 7.897988333554700091e+01 6.796295087662679180e+01 4.818761766630114352e+01 4.417682805224692544e+01 5.913446039022939971e+01 5.114937108079919170e+01 5.471124056993580353e+01 5.251966000023789860e+01
6.830758909574753091e+01 4.805588151224248605e+01 6.298923013153109451e+01 4.466682525284475958e+01 6.493295738895368174e+01 6.181539204817936195e+01 4.158549302600471265e+01 5.444328665523548239e+01 4.852449707686174918e+01 6.874075569480586978e+01 8.694388450014160696e+01 7.692590897267203331e+01 6.865760377662613223e+01 6.191713676295347568e+01 4.931989061005680242e+01 2.919515374755878412e+01 4.935070555408828596e+01 4.820271084143512041e+01 5.672797032400633555e+01 7.674120325714719115e+01 8.116981669450166237e+01 8.821995645323030999e+01 7.998958389727104645e+01 7.629228778607411243e+01 6.699164151209284057e+01 8.697251266222912136e+01 1.012745379887116570e+02 8.199015703401400401e+01 7.897988333554700091e+01 5.944813546976011054e+01 5.410171823089311260e+01 5.571306483295554557e+01 6.418514677984161665e+01 7.221305596142019567e+01 7.092139885997224269e+01 6.180366578178735892e+01 4.196045461117873998e+01
7.042795781951147660e+01 6.298923013153109451e+01 4.271403678165977169e+01 4.061689597284370024e+01 5.525983168952409130e+01 5.352175180494560891e+01 5.177949456769560754e+01 3.422304962770571990e+01 5.443340582676139405e+01 6.219710913624707871e+01 7.050634235154259954e+01 7.366677180554461302e+01 8.192575291521238512e+01 6.270284039142086385e+01 4.234390525707575392e+01 2.809980167983195898e+01 4.666152596845747524e+01 3.661834555572187355e+01 5.672083541381434912e+01 7.525137054497636768e+01 6.110112023574922802e+01 7.525137354253219257e+01 5.991073117308828699e+01 5.616330934030322197e+01 6.785085467153457728e+01 8.782349986488210902e+01 9.876849952787377163e+01 7.949063879553919776e+01 6.827734164691054275e+01 6.554771602571682365e+01 6.807531763462552021e+01 6.561499325160164631e+01 8.338116596293620830e+01 8.846847791855535093e+01 6.985497529222197954e+01 5.013337523041814592e+01 5.604419758730735879e+01
