MOVIE_S13_data/elevation_000613.asc
nrows	150
cellsize	150.0
xllcorner	0
ncols	150
yllcorner	0
NODATA_value	-9999
[rows 17 to 33 of 150, columns 37 to 73 of 150]
5.072091721866352998e+01 4.564238925663834578e+01 2.782316750787452975e+01 1.890004303185009604e+01 3.926362832626389832e+01 4.971579483037955072e+01 5.583985264952661254e+01 5.583985264952697491e+01 7.245023014706504227e+01 6.972907617529938307e+01 6.141072878569849536e+01 5.208290542748851237e+01 7.212216196313633532e+01 7.361894379885008277e+01 5.359773580099425772e+01 4.205105801012157229e+01 6.205969397178649416e+01 7.462055044074492116e+01 8.292666770080978722e+01 7.964244936577287604e+01 5.949645857539533012e+01 4.924510790774520785e+01 4.195686452733417582e+01 3.546317802070828407e+01 4.789871231327871470e+01 4.354447955122719094e+01 5.194209979817838274e+01 4.626014474055617853e+01 3.723497175820008209e+01 3.106519245990342171e+01 1.088578176501941641e+01 1.210108820513246464e+01 3.650078419752339443e+01 5.291774999346714026e+01 3.925298829224310282e+01 4.475420654006797605e+01 5.207904948056716421e+01
5.978236683729874557e+01 4.153258180669070043e+01 4.002777076665483236e+01 2.006868922861977822e+01 4.010663955883871523e+01 2.958259401213775064e+01 3.561671976176005927e+01 4.336587727560079486e+01 5.533030880433587129e+01 7.586921196281845425e+01 8.045133453181608729e+01 6.362256635844313024e+01 8.045133453181608729e+01 8.192496856064640554e+01 6.761132116605188003e+01 4.759464465486784235e+01 5.619449292843483335e+01 7.034805704096413592e+01 9.039456019837042788e+01 8.790093085204544820e+01 7.785843337062337355e+01 6.956945397058414926e+01 6.238371250847634286e+01 5.592417600463419092e+01 6.427680068157624760e+01 4.576128121045625363e+01 3.732425087823031618e+01 3.473926594778821197e+01 1.771538766416754740e+01 1.174582019136532907e+01 3.105802959570719679e+01 3.623392066670468381e+01 3.047193056102824826e+01 5.130753795715411769e+01 5.115324262188681814e+01 6.521978762165423404e+01 6.152026443672766476e+01
6.724432983548952336e+01 5.978235327258958165e+01 4.848550674089535306e+01 4.012113972045987964e+01 2.173573248588805384e+01 4.179255246416296643e+01 5.251627888822958568e+01 6.367637053717192686e+01 7.245023014706504227e+01 8.426122876086476765e+01 8.611813062744491276e+01 8.373282548104170075e+01 9.206146717136127222e+01 8.396925289089156763e+01 6.393495990432036535e+01 5.467110326941656240e+01 7.468856133685257248e+01 8.452635549745809840e+01 8.855101456103514579e+01 8.038120444552217236e+01 8.855101456103514579e+01 7.611768321533804738e+01 6.436677831677809536e+01 5.595632872148892289e+01 4.910424201653186316e+01 3.732425087859811441e+01 1.706555516332846167e+01 1.481749961816681704e+01 1.260845855135016258e+01 3.189724508015340376e+01 3.830240873612456909e+01 4.571517195172287984e+01 5.115777028417268468e+01 5.992997173819492218e+01 7.149369893021378175e+01 7.977874565142300867e+01 8.168077808617333346e+01
5.715416362333350264e+01 6.554459828555096124e+01 5.412308120571622538e+01 4.341974842534355616e+01 2.335832935952636547e+01 2.430760942378344325e+01 4.349952542990246940e+01 5.494265263936278387e+01 6.692273807774201089e+01 7.748588794285825543e+01 6.587372706224194019e+01 7.895311065123800631e+01 8.734636496630487557e+01 9.227857587287215324e+01 8.299547432835636585e+01 6.467146049008948694e+01 8.299547432835636585e+01 9.173391065402427103e+01 7.207044669749606669e+01 6.047508485461725058e+01 7.042814465006969726e+01 6.773470043345869840e+01 4.733396219789499071e+01 3.548105560609943865e+01 4.066441674810318574e+01 2.034698050592543339e+01 3.732425087855714452e+01 3.504496957978655303e+01 3.280524602034333981e+01 1.350725826218943126e+01 2.545985886237551199e+01 2.531354799752689289e+01 3.562910146352929530e+01 5.041116603999014245e+01 7.177966776214664435e+01 7.637118293748092412e+01 8.458122221476261871e+01
3.702938248780790076e+01 4.983329522300120829e+01 4.574485963786900555e+01 2.567595979795336447e+01 4.341974842456974670e+01 4.432172126099274578e+01 2.692297947832996741e+01 3.845487182579788055e+01 5.852808339148580785e+01 5.730471230427705365e+01 5.166362367464813588e+01 5.873004037088394114e+01 7.038725723646726351e+01 9.065428402090849147e+01 9.301721027302001232e+01 8.470566218361562960e+01 9.301721027302001232e+01 9.992092452113924139e+01 8.855101456103514579e+01 7.042814465006968305e+01 5.022804321195038568e+01 7.042814465006965463e+01 5.636771028162167596e+01 4.413492427658766104e+01 2.375030762808141205e+01 4.066441674810318574e+01 4.910424138976556208e+01 5.344879101057042448e+01 3.358363077148944598e+01 3.327891893776879328e+01 1.440841854675877087e+01 3.486406111012661313e+01 5.349773289124514974e+01 6.548838414421446430e+01 7.300852315618239174e+01 5.623391829351167814e+01 7.300852315618239174e+01
3.148296015093401579e+01 2.974858201533272961e+01 2.803337509535058203e+01 4.574486993315051109e+01 5.412288270987644268e+01 4.883024431966463652e+01 2.881307820816681442e+01 4.883025466619149313e+01 5.613069519073399505e+01 4.317638663937167820e+01 6.321564179650073356e+01 7.895311065123800631e+01 8.734636496630487557e+01 9.904641859847093599e+01 1.075671121192840758e+02 9.608137013396643056e+01 8.780503086116546285e+01 8.999394394162453636e+01 8.171494545955722799e+01 6.459687764859175729e+01 4.424444995064244779e+01 5.690438303927815156e+01 4.793353183196346379e+01 2.747740354067425983e+01 3.814334610508522161e+01 5.257423140133037975e+01 6.666618854290300078e+01 4.636470130530982203e+01 3.817342788159537292e+01 1.531459294895744883e+01 2.818207130411875028e+01 2.937750613605493655e+01 4.688620006456520173e+01 6.218365880768697451e+01 5.385331091222537481e+01 4.436857759846779459e+01 6.474492826196961914e+01
5.157565196046287781e+01 4.983329623669817465e+01 4.220050520043321285e+01 4.069825252548843508e+01 6.086669247070994970e+01 5.719718506400573688e+01 4.883025466619149313e+01 3.154758675167395054e+01 3.613277983338817734e+01 5.613069519073399505e+01 7.159056913879152262e+01 8.782280599536078114e+01 8.484404678543872080e+01 9.326183321875423360e+01 9.924156755589956447e+01 7.943290493799426599e+01 6.793819115869193581e+01 7.633490561099522154e+01 6.167294369144862287e+01 6.535071951862174444e+01 5.690438298193312505e+01 3.643139354714583789e+01 3.147836635771573199e+01 3.927582686837426706e+01 5.636770955804998806e+01 6.700511669757545974e+01 6.276663006595148175e+01 4.636476433531081653e+01 2.599399998168950532e+01 1.595550884756086418e+01 3.587702490401231614e+01 4.082662909773651450e+01 4.280580484945454600e+01 4.518798389092537349e+01 3.336615406106464121e+01 4.973436641270886582e+01 5.301531923895485932e+01
5.611396234138401695e+01 6.887465085830091027e+01 6.238036401823071486e+01 5.492779428295843758e+01 6.927582686845670423e+01 6.230785350609066597e+01 4.221409691221302296e+01 5.156729247136438232e+01 3.472916524601924948e+01 5.475239608375843403e+01 5.910514807396014447e+01 7.044534426790049508e+01 6.448120640456058084e+01 8.484404678543872080e+01 9.625205794875617471e+01 8.780503086116546285e+01 6.793819115869193581e+01 5.624518722896685574e+01 5.051204533162700727e+01 4.495713767683116657e+01 4.072134744650591642e+01 3.675470736388199811e+01 4.334711351694966197e+01 5.976017674183162853e+01 6.815936321987459223e+01 6.932179609694526334e+01 5.438592660714766680e+01 3.401063965326063254e+01 2.798056534183533373e+01 1.659769115559504726e+01 3.683037801385896159e+01 2.063454268023900084e+01 2.270472952315137860e+01 2.481396117767842213e+01 2.696296710106799566e+01 2.928133654315078260e+01 3.251177273506228715e+01
4.030803360534801527e+01 6.046007138988441199e+01 7.460028325156866913e+01 7.520449726018755143e+01 7.511135361053125337e+01 5.486725231134412439e+01 5.864482485937027434e+01 3.860921739981960599e+01 5.475239583139740773e+01 4.061168268862601849e+01 4.495290589718332086e+01 5.025749302801473561e+01 5.730696954139150279e+01 6.742372541155795318e+01 8.783819460368509624e+01 9.608137013396643056e+01 8.459196542909208461e+01 7.633490561099522154e+01 6.167294369144862287e+01 5.947411065754834425e+01 5.518248269685095408e+01 5.169438722586934887e+01 6.382148286646450686e+01 7.221136846286509581e+01 6.932179609694526334e+01 4.903279680179686295e+01 5.275589754201156723e+01 3.834604967770553685e+01 1.808604956849304202e+01 3.683037801153023594e+01 1.774381461292178841e+01 3.698644754466735662e+01 4.286841436322593069e+01 4.518798389092537349e+01 4.737470316237124024e+01 4.973436641224326138e+01 3.427241296026694073e+01
4.547016525060303849e+01 4.596365501075757720e+01 6.617720052394980712e+01 8.086734898704548868e+01 8.353488801380626683e+01 6.915045333723196563e+01 6.145275590987129988e+01 4.140208357941376249e+01 6.145275584547685810e+01 6.060658961772389830e+01 6.504991407398533454e+01 6.132372511291336536e+01 7.763096000762151050e+01 7.763096000762151050e+01 9.625205794875617471e+01 9.856881665418359262e+01 9.042971789408640859e+01 8.999394394162453636e+01 8.171494545955722799e+01 7.953810831575221130e+01 7.478801545247488036e+01 7.397826998253674446e+01 7.494088712739534230e+01 6.666433858900988696e+01 6.814493905075596558e+01 5.275477879607515774e+01 3.233044718555832731e+01 3.931046645350176760e+01 1.914504284537558831e+01 3.937741439200141258e+01 3.798839419083637381e+01 1.899457650941741704e+01 3.927048252970067921e+01 4.720977346294377242e+01 6.046736555170205918e+01 5.851458931971598076e+01 3.801291478062666584e+01
5.102364257683392879e+01 6.617720052394980712e+01 5.214804586895137817e+01 6.647085115137900857e+01 8.684800275149505921e+01 8.950223989428367588e+01 6.986285605250353115e+01 6.145275590987118619e+01 4.554634145220237684e+01 6.564382566198169400e+01 7.979522340404621161e+01 8.162955363594717539e+01 9.004786956815999588e+01 9.800973833678902736e+01 9.600997412365786943e+01 8.715777043447593542e+01 7.061757598458480345e+01 8.336582235584496914e+01 7.517889104137876188e+01 8.336582235584496914e+01 8.961061016392389433e+01 8.089457559964176880e+01 6.076998142342261389e+01 4.629082896604838737e+01 4.781716803995853837e+01 5.071048391104925201e+01 4.082713269124862165e+01 2.065485848054805373e+01 3.942547088965579150e+01 4.778335896705873154e+01 4.482655164525977654e+01 3.927048252973026621e+01 2.025085948205301989e+01 2.586924740558750102e+01 4.805848386620230883e+01 5.975872683857142675e+01 5.851458934688260882e+01
5.708716259999049214e+01 7.743800528741904543e+01 7.243918067378675119e+01 5.927393428332249670e+01 7.366776801943561281e+01 9.405651248845768464e+01 8.475289732400243281e+01 6.442694984539856762e+01 5.021559277966842672e+01 5.104232364323839022e+01 7.133638332658037484e+01 8.931168409596276092e+01 9.844969710622825687e+01 1.017675171490867712e+02 8.211287622506466732e+01 6.801684815409747387e+01 5.893207496867431416e+01 7.002047133151177150e+01 5.500374571198167217e+01 7.333831399414086150e+01 6.971966393818505026e+01 7.603448313115107737e+01 6.778040425870372587e+01 5.377899458026070789e+01 3.330401686198045041e+01 4.213400796848112861e+01 2.219485853002785447e+01 4.096520251049253858e+01 3.722321654099152255e+01 5.761513221695182096e+01 5.711597627289224732e+01 3.511321386375353626e+01 4.055217279587311197e+01 2.152177356077323367e+01 4.174703711968266617e+01 3.939507794617316705e+01 5.978565443980841820e+01
6.424900789973237636e+01 8.465130747987988968e+01 8.609163473149079948e+01 6.568817111971297606e+01 7.589932906152702685e+01 9.628131415975785501e+01 8.696844522851492343e+01 6.665217742268173140e+01 5.594809388168189201e+01 5.635298897715360766e+01 6.047604141055436600e+01 6.955276270553734719e+01 8.402386052234228941e+01 1.044399938762336575e+02 9.600997412365786943e+01 8.156945867618281909e+01 6.156602581924259709e+01 4.969705308911748887e+01 4.462508364957199802e+01 5.905615501197400619e+01 5.535023969477205696e+01 6.778040425870372587e+01 4.820574798219062274e+01 5.324446203074832340e+01 4.369418351572537773e+01 2.375725288659832302e+01 4.253439498505582606e+01 3.655323207702190302e+01 5.697419959639420028e+01 6.594062229846822731e+01 6.707443554288818177e+01 5.765529755312320503e+01 4.867446227995277752e+01 4.151995910547803703e+01 2.279982997878394002e+01 3.719913434652431761e+01 5.819205105400794054e+01
7.603137868928143916e+01 9.308098544897055149e+01 9.330594673281107987e+01 7.290079098189470130e+01 9.330594673281107987e+01 1.046839796596379557e+02 9.531079362216389939e+01 8.238428970655965600e+01 6.199689760561800256e+01 6.191629476464078152e+01 8.083958066893828232e+01 8.931168409596276092e+01 9.844969710622825687e+01 1.022208359696496274e+02 1.000657624091457194e+02 8.972985825983730024e+01 7.823200596333587953e+01 7.002047095418845402e+01 5.905615501197400619e+01 3.848431535740463261e+01 5.366353616067211618e+01 5.153159572724626969e+01 4.940145542407304191e+01 3.432866350667241306e+01 2.536458549425907094e+01 3.266727979318621067e+01 5.218305726320907922e+01 5.697419959639420028e+01 6.530276949195651071e+01 7.646058894920967930e+01 6.806263056163460590e+01 6.495248164265125013e+01 4.530165953285671776e+01 4.400127068680369291e+01 2.370979268019636876e+01 4.410705375633857273e+01 5.964993440177221373e+01
9.642634918665009991e+01 1.048434741761773807e+02 1.017129163990054224e+02 8.470134981862385359e+01 1.017129163990054224e+02 1.068558772282108293e+02 8.665590000228371537e+01 7.219624306117539447e+01 8.238428970655965600e+01 6.869556556539930625e+01 7.856828441790982254e+01 9.880506918020957130e+01 1.022208359696496274e+02 8.245167300469792337e+01 8.028603354738510234e+01 8.878183308237422011e+01 8.057483590948567098e+01 6.843677733028319210e+01 5.630133647630614036e+01 3.569949660325428198e+01 3.310387276333093354e+01 3.101755745196194525e+01 2.899027098068103570e+01 2.699425763773952269e+01 4.562582832561854929e+01 5.246500800615162774e+01 4.830859214403785984e+01 6.724118278734046328e+01 8.243316125027352825e+01 6.238055662158054560e+01 4.752411198053775365e+01 5.514268526159101214e+01 4.555636416162018776e+01 2.501718921983352217e+01 4.350876182071419862e+01 3.232864948132001359e+01 3.916145683753298812e+01
8.518393031798203197e+01 9.353796348564233654e+01 1.051777979950937265e+02 1.050600447069160452e+02 1.134491612845453403e+02 1.090451192582343793e+02 8.887016287620814126e+01 8.665590000228371537e+01 9.625224089709118402e+01 7.595171924599080171e+01 9.625224089709118402e+01 1.070550433845442200e+02 1.000657624091457194e+02 8.028603354738510234e+01 6.613376977908212950e+01 7.610657589002285306e+01 6.046303421400091338e+01 6.012709307247497748e+01 3.952480452529516697e+01 5.630133647630614036e+01 5.366353616060212772e+01 4.288049540469371124e+01 4.944558916623642375e+01 4.699493986775436838e+01 2.900023070570479788e+01 3.985884935176528643e+01 6.305864116385590989e+01 7.521905948571480849e+01 7.704170602243902977e+01 5.679304360849148026e+01 4.166665030260234914e+01 3.426357470532169458e+01 3.005191623487888464e+01 2.594542833543676963e+01 4.631813398978668772e+01 5.261433553952858233e+01 5.957363129557929682e+01
6.511359574398390748e+01 7.666614275649868659e+01 9.681944451100729054e+01 1.026584013474611794e+02 1.000381559669419431e+02 1.083974753069472285e+02 1.090451192582343793e+02 1.068558772282108293e+02 9.625224089709118402e+01 9.038151805099131764e+01 1.045039045302044940e+02 9.695236542458935958e+01 8.878126967717201978e+01 8.304254108927690936e+01 7.610657589002285306e+01 5.594648253134293725e+01 4.967835098910348535e+01 4.362228656190250575e+01 5.419473750669661882e+01 6.843677803958831873e+01 7.160716839841933279e+01 6.334819533103509315e+01 5.152324612940941506e+01 3.104327489311500443e+01 4.948730316169991994e+01 5.844444752945579324e+01 6.412939274635235165e+01 8.712417123585191803e+01 7.704170602243902977e+01 5.679304360849148026e+01 6.268267224228569745e+01 4.602442661105743582e+01 5.000949250615428809e+01 4.635677976192358329e+01 2.729270783813738888e+01 4.549311389856847399e+01 5.207024743876309003e+01
