MOVIE_S13_data/elevation_000461.asc
nrows	150
cellsize	150.0
xllcorner	0
ncols	150
yllcorner	0
NODATA_value	-9999
[rows 0 to 16 of 150, columns 111 to 147 of 150]
2.685791151154911724e-02 5.525790689732266309e-02 3.884972223143366016e-02 6.506161732042968493e-02 9.630811411938361433e-02 3.233120577317956379e-02 5.924318389914483979e-02 9.546854641286118409e-03 8.294521402378342290e-02 5.320363282275041711e-02 5.932880634034757433e-02 5.613034539302926007e-02 1.151422758422792139e-02 8.780238390647859825e-02 1.138712246984807663e-03 1.930634269457022489e-02 4.840176901645443230e-02 9.231827863399598433e-02 6.992822357175910997e-02 9.021741119345681736e-02 3.400184085134592277e-02 5.510003463054011230e-02 6.000302134656529396e-02 2.342684778988213257e-02 9.354401193897299294e-03 3.401672236087196349e-02 8.712543420425600260e-03 7.381784214984254966e-04 1.771529143580683613e-02 8.606502508694707787e-02 6.136863120672856470e-02 7.499905534955707276e-02 5.744714333121184180e-02 4.821317496663417995e-02 8.887210374095839971e-02 3.440918432965248824e-02 2.609784180149634855e-02
2.002685791151119332e+01 2.776913176656415239e+00 2.003884972223107752e+01 2.006506161732007598e+01 7.167375925984889484e+00 2.003233120577282378e+01 2.005924318389878991e+01 1.000954685464119898e+01 2.008294521402342880e+01 1.263660757317830008e+00 2.005928498867667642e+01 1.419826608783393596e+01 2.001151422758387355e+01 7.647091844091056245e+00 1.414327433597805950e+01 2.001930634269421461e+01 4.218690050157968052e+00 2.009231827863364117e+01 1.421206384730283467e+01 2.009021741119310178e+01 2.003400184085099056e+01 1.745408545482519891e+00 1.062916664442061965e+01 2.002342683873322926e+01 1.415149002492617747e+01 2.003401672236051567e+01 8.952984453419661648e+00 2.000073817842114465e+01 5.181693086379051572e+00 2.008606502508659020e+01 2.006136863120637415e+01 2.007499905534920259e+01 3.708930860032327192e+00 2.004821317441627215e+01 1.163587747095080438e+01 2.003436270953283582e+01 1.416823346553257146e+01
1.966626007936141107e+01 5.524124455630207819e+00 2.552412445563056309e+01 3.545164717344778893e+01 1.611164783598420414e+01 3.545164717344778893e+01 3.000954685455327464e+01 3.000954685431026903e+01 2.248110940764666665e+01 2.476356100704566021e+00 2.248110741494987508e+01 3.419827798762273119e+01 3.593134223181137799e+01 1.659136375409149977e+01 3.414327433597876649e+01 2.848270437727057214e+01 8.482704377270215090e+00 2.848270437727057214e+01 3.421206384730353989e+01 3.798300840273393675e+01 1.770458991970030382e+01 3.441786491225165889e+00 2.297298119646566406e+01 2.678314954439091977e+01 3.415149004676484878e+01 3.723725570088256376e+01 2.049998983721238233e+01 3.052691792462794140e+01 1.052691792462758613e+01 3.052691792462794140e+01 2.960660932693992820e+01 9.606609106228264139e+00 1.265320277003173999e+01 3.199313087628121721e+01 3.163577086660577820e+01 3.991670423427965630e+01 3.416823346553327667e+01
2.838126731277344561e+01 8.381267312773090339e+00 2.252340293650429359e+01 4.252340293650500058e+01 2.765865321977692304e+01 4.439591908344710447e+01 5.000954685253294230e+01 4.310194027074835788e+01 2.370319361240528622e+01 3.695850625862628913e+00 2.370319361006073322e+01 3.940538493986318969e+01 4.487572947683802482e+01 3.073349946003741451e+01 4.487601646229042984e+01 3.307101905468219627e+01 1.307101905468149106e+01 2.721315467841269253e+01 4.721315467841339597e+01 3.972897858303997509e+01 1.944263828917936010e+01 5.163113819198017929e+00 2.538436979579221742e+01 4.137884480699211309e+01 5.163524116520145668e+01 4.878426108467528621e+01 4.049998983721308576e+01 3.052691792462794140e+01 1.719358459129437122e+01 3.719358459129507821e+01 3.397096719326678027e+01 1.397096691094814958e+01 3.265320305156379277e+01 2.898313442089196812e+01 4.898313577904869476e+01 4.649588429432154157e+01 3.649588429432171921e+01
2.550482690650403939e+01 1.136269128277283613e+01 2.550482690650403939e+01 4.550482690650474638e+01 4.765865321977762648e+01 5.594292446723982692e+01 4.895999187492125060e+01 2.906715662457214222e+01 1.492859293273337684e+01 4.922337041658340517e+00 2.490418420584523318e+01 1.939760673313303485e+01 3.940619225051622720e+01 5.073353632497208565e+01 4.940095067323700562e+01 2.940095067323630218e+01 1.884452174657785051e+01 3.884452174657855750e+01 5.317939127243633379e+01 3.295346153917959953e+01 1.856999923863239133e+01 6.910534181322076641e+00 1.270337823751614970e+01 3.301699455682598483e+01 4.976032330920816804e+01 5.807485196653637161e+01 5.881118917213553487e+01 4.547785583878725646e+01 2.613785650129368676e+01 4.547785583865515235e+01 3.855928195472897357e+01 1.855928158835946462e+01 3.855928195472899489e+01 4.898313577904868765e+01 5.235374867059039161e+01 3.235374867059110215e+01 1.821161304686064852e+01
2.346924085294133988e+01 1.452496894294124274e+01 3.452496894294194618e+01 5.097420599968155130e+01 6.252121138347447271e+01 5.984611417097026731e+01 3.985098601056877499e+01 3.200498840931585676e+01 1.199819649832919666e+01 2.493237790442279689e+01 6.737671805895142363e+00 2.675175464672291881e+01 3.940619225051626273e+01 5.940884682564320940e+01 5.768522192069920607e+01 4.516907706691542757e+01 2.516907706691472058e+01 4.516907706691542757e+01 5.506420364209344598e+01 3.485184277250739626e+01 2.045665433485771345e+01 8.775633303672261576e+00 2.904289006999270129e+01 2.227541242226368823e+01 2.949768812960103403e+01 4.124918504454925028e+01 6.138675439385384180e+01 4.613785650129439375e+01 4.027999212502513871e+01 4.924973205183449210e+01 2.924973126494817777e+01 3.270141721919898714e+01 2.924973126494817777e+01 4.924973205183449210e+01 5.129686929158123121e+01 4.129686929158106068e+01 3.301259804411886023e+01
3.888929799794618702e+01 1.888932674766101627e+01 2.268993475221864742e+01 3.423694013601156882e+01 5.423694013601227226e+01 5.399119691080609584e+01 3.399391888087463087e+01 1.984753857437340230e+01 3.200498840931585676e+01 2.805743814997180507e+01 8.040590358463086673e+00 2.805743814997209640e+01 4.174874505732623220e+01 4.932052005538146489e+01 5.764323645199038282e+01 5.345334831437762091e+01 3.411334897691419599e+01 5.345334831437762091e+01 5.457589830423599153e+01 3.435756725279359358e+01 1.993812470391025471e+01 1.088443140408246279e+01 1.513708309837642396e+01 3.547398225959842932e+01 4.976032330920478586e+01 5.807485196653637161e+01 6.968284505911240956e+01 6.613785650129581484e+01 6.027999212502584214e+01 4.557966300894145917e+01 4.339186691742825275e+01 5.270141844579291046e+01 3.924973126588344030e+01 5.753401147574700758e+01 4.301259804411903787e+01 2.301259804411833088e+01 1.301259804411815502e+01
3.502464680909309180e+01 2.347764142507217144e+01 4.268993475221935086e+01 3.423694013601156882e+01 5.423694013601227226e+01 5.139709935020493958e+01 3.139864441600631295e+01 3.399391888087463087e+01 4.092585356497437488e+01 2.091347501316087332e+01 9.352285656774343536e+00 1.539117825741989876e+01 2.172329963462054891e+01 2.928941849678780684e+01 4.932091790493463179e+01 6.239762022437709987e+01 4.825548460064564438e+01 6.239762022437709987e+01 6.045571055118309545e+01 4.027937931314799869e+01 3.340086908950785727e+01 1.306912282112655177e+01 3.340086908950613065e+01 2.191331215229668672e+01 4.225431731323890716e+01 5.574099073282110339e+01 6.404099395688132290e+01 7.562083489185476992e+01 7.386395516707105457e+01 6.557966661349294668e+01 6.339186950587038183e+01 6.753401637744720176e+01 5.924973283778550126e+01 6.753401637744720176e+01 5.129686929158123121e+01 4.129686929158106068e+01 3.301259804411744625e+01
4.864161973710741194e+01 2.864161922001530414e+01 4.864161973710741194e+01 4.578394551980449023e+01 6.252121138347447271e+01 5.967739089396926033e+01 4.294702581348476400e+01 5.399119691080609584e+01 4.921172306236651650e+01 3.073398456172505178e+01 1.070876745378896722e+01 3.071533748063490066e+01 4.173379526794975192e+01 4.932052005537492789e+01 4.932091790493463890e+01 6.939860130446726316e+01 6.825548460064706546e+01 7.513922338144011803e+01 5.516383588620124101e+01 5.000059406736696133e+01 2.972507781998988818e+01 1.529870947401708747e+01 3.566363904147701902e+01 4.225431731307708816e+01 2.938730060702103941e+01 3.555622450632038323e+01 4.725613329857601741e+01 6.733152153548900287e+01 7.798911052520745102e+01 6.798947073585800638e+01 5.970583053016217434e+01 5.263477246227363793e+01 5.523750044509158386e+01 6.352122423353970504e+01 5.230996922577772068e+01 3.230996922577843122e+01 1.816783360204798115e+01
4.129072986066432804e+01 3.620090868019958208e+01 5.620090951149001768e+01 6.578394551980591132e+01 7.406821676726839598e+01 7.121963544159918058e+01 6.294011446521142261e+01 6.392118115641007137e+01 4.635972382648771628e+01 2.626603264302113772e+01 1.207502737064088727e+01 2.777393202686766571e+01 3.926210392226490598e+01 4.703412083164904089e+01 5.681399091380816202e+01 6.552348539251254067e+01 7.369923270837531959e+01 6.929911759672604887e+01 4.930881049373752489e+01 3.500626092369803644e+01 3.798757263632360548e+01 1.759513806430353355e+01 3.205559079632394059e+01 5.230864366182909464e+01 4.114605520622205148e+01 5.574099073282110339e+01 4.986394154914363952e+01 6.992944257878902192e+01 6.970580295300422335e+01 4.970585810732020349e+01 3.970585809029095259e+01 3.263479027793760423e+01 3.523752375569392115e+01 5.197445186546718787e+01 5.736586962118857258e+01 4.645210484950887775e+01 3.645210484951105911e+01
6.129073126761410606e+01 4.620090868018446173e+01 6.448521094297234413e+01 8.056847587481860273e+01 7.053938982715742156e+01 6.224116848631408061e+01 5.549106062011649954e+01 4.356418255212912527e+01 4.785593998562172402e+01 2.767977550036808410e+01 1.345446106555656307e+01 3.358865480495170175e+01 2.130826700782165517e+01 3.084407836421195626e+01 4.839634545694852363e+01 4.637369925347456956e+01 6.552348539251254067e+01 6.302071256545228550e+01 4.298729808104749850e+01 3.124181596892438151e+01 2.204739364486527009e+01 2.125256326843837940e+01 4.165129258030086135e+01 5.539922794545960016e+01 6.127856423525683027e+01 6.957346019295472672e+01 6.992944257878902192e+01 7.821804636461875759e+01 7.798911052520745102e+01 6.798947073585800638e+01 5.783262041045293245e+01 3.783265397392629836e+01 2.369051836780643328e+01 3.736595631359530501e+01 3.736595631311357835e+01 4.207158632327173819e+01 3.421404661644415768e+01
7.448522790581753839e+01 6.620091034279556652e+01 7.448522790581753839e+01 7.228040011142786625e+01 5.220193686120013155e+01 4.199084488772150792e+01 3.482959551065924586e+01 2.812057555877234449e+01 4.171023099814649271e+01 3.522078026220646763e+01 1.507472574828826417e+01 1.731043294901044760e+01 3.744950313436439160e+01 2.553000049827697282e+01 3.327864747821257652e+01 5.198254175532662913e+01 7.031283433795461235e+01 7.128365905798160895e+01 5.973171806279989937e+01 4.606467262282528452e+01 2.574452343021687994e+01 4.165129258033604032e+01 2.675659001061205089e+01 4.708402923138310570e+01 6.122004642321698498e+01 6.190576676255540889e+01 8.192354410942897402e+01 8.110328135942472727e+01 7.282232645742749355e+01 7.416241944652846030e+01 5.416258182623973028e+01 4.002044946416925342e+01 3.736595631359530501e+01 1.736596304746956321e+01 3.170910396859272851e+01 2.207159968733554223e+01 2.433735926691279872e+01
6.645695056026556813e+01 7.472783850839752517e+01 8.470887706501139292e+01 8.056847587481860273e+01 7.053938982715742156e+01 6.224116848631408061e+01 5.549106062011649954e+01 4.171023099814649271e+01 2.018802534188282394e+01 1.739751514555398870e+01 2.931008158841312294e+01 3.863519387903055247e+01 4.571817203136721020e+01 2.908711139654613120e+01 3.560539914720048671e+01 4.312679784845642672e+01 5.643467084162043079e+01 7.596271394511637709e+01 6.478592826754599798e+01 4.982338363159868777e+01 2.958210538696638991e+01 4.982338363159079364e+01 4.708402923001916207e+01 3.270397688967057803e+01 4.181264328281676512e+01 5.604098907208017977e+01 7.606459260320384885e+01 7.282232645742749355e+01 5.282260894080767599e+01 5.868039057961025406e+01 5.160935232409170936e+01 4.528481409320762197e+01 3.951132206847562145e+01 3.170910396864312730e+01 1.170910879797708226e+01 7.929464067884776313e+00 4.337358027349262457e+00
4.656188020785170778e+01 5.647823687834728190e+01 7.643566424218388988e+01 7.845969066770025790e+01 6.841059222272568263e+01 6.009162580519024743e+01 5.336076738882299964e+01 4.008279441912017660e+01 1.986902642952087561e+01 3.756503478041074118e+01 4.591001149460692687e+01 5.782033698897914320e+01 5.118881815047015493e+01 3.261408414717071480e+01 5.118881815047015493e+01 6.215430224333122311e+01 7.031283433795461235e+01 7.062994513103890881e+01 5.068035734842206352e+01 3.642323823864753507e+01 3.683362178501094064e+01 5.692772028838051313e+01 6.122004607194044468e+01 5.291984876635695656e+01 4.015583454931506679e+01 5.439555104494385773e+01 7.442261447343018688e+01 7.282232645742750776e+01 5.282260894080768310e+01 3.868047417758351969e+01 3.160940636568613726e+01 2.528485104534883376e+01 1.951134835345247609e+01 1.416612351520389446e+01 1.118469954520414866e+01 8.297948199255994695e+00 2.433735926727449339e+01
4.999096838211168858e+01 6.990136364881045949e+01 8.470887706501139292e+01 7.014670356369070703e+01 5.003654804668961731e+01 3.989905055608853957e+01 3.311682325037825336e+01 2.724686386270109750e+01 2.163215797038782995e+01 3.177318917922142560e+01 4.349328778184344202e+01 6.365998513883380383e+01 5.922646999626086739e+01 4.173236028125560892e+01 3.824498294114705033e+01 5.696636078484861088e+01 7.150620585389958705e+01 7.595161093019777354e+01 5.603976078283282192e+01 4.186011211971642609e+01 5.692772028838244580e+01 4.959441544732258222e+01 6.954657220711844445e+01 6.604934867243696317e+01 4.599910581148984079e+01 6.604934867243696317e+01 8.035055869098387404e+01 7.035110194567347719e+01 6.206777750298576990e+01 5.540112632937947978e+01 4.334068841466602606e+01 2.334070353235663831e+01 1.941838082959289125e+01 3.416607347608660916e+01 2.532683521692358752e+01 2.244008795787405575e+01 3.163626156330196082e+01
4.346279473556133155e+01 6.333271034563953350e+01 8.011331728681655306e+01 7.845969066770025790e+01 6.841059222272568263e+01 6.009162580519024743e+01 5.336076738882299964e+01 4.385625113120547525e+01 2.356596058565940766e+01 4.385625113120547525e+01 5.760131380233474374e+01 7.197985430302787790e+01 6.879431630429117206e+01 5.493783710757833205e+01 5.696636078484861088e+01 4.425488097069784033e+01 6.332210069192399260e+01 7.986423349933794213e+01 6.788499907675131340e+01 4.794149605484498267e+01 6.788499907675131340e+01 6.954657220711844445e+01 6.954657220711844445e+01 7.272245754106411653e+01 5.270313093518236514e+01 7.272245754106411653e+01 7.206773100614988437e+01 5.206782399982165543e+01 4.206782398216677876e+01 3.540115731546830347e+01 2.937093042391201791e+01 3.748283911636847421e+01 3.941847292452870022e+01 4.770256775620465817e+01 4.532683435815138751e+01 4.244101430974014733e+01 3.992053281076321269e+01
6.333271034563953350e+01 5.188733086485665069e+01 6.340344419900419837e+01 8.336684745733580826e+01 7.820078317445393168e+01 5.808524098205377584e+01 5.808524098205376873e+01 4.618465997087430708e+01 2.588303239131346345e+01 2.900045605217032474e+01 4.927205298180882664e+01 5.511441872679696274e+01 7.520721651723637535e+01 7.442425244770767279e+01 7.150620585389958705e+01 5.505137941057795103e+01 5.214379181200126112e+01 7.163182668063615210e+01 7.614001455246169314e+01 5.948057886630501656e+01 6.205984500098303869e+01 8.194816504938398793e+01 8.946591547208143425e+01 8.100756477309755610e+01 6.272000482388871490e+01 8.100756477309755610e+01 8.035055869098387404e+01 6.206777750298577701e+01 5.879897989363622912e+01 3.879902084077406244e+01 4.937090878048148568e+01 5.748278763695380889e+01 5.654482306963487304e+01 4.826300930069760398e+01 4.159650518127522645e+01 3.556613690804173444e+01 3.414915287555915313e+01
