MOVIE_S13_data/elevation_000259.asc
nrows	150
cellsize	150.0
xllcorner	0
ncols	150
yllcorner	0
NODATA_value	-9999
[rows 34 to 50 of 150, columns 74 to 110 of 150]
4.962420718956298771e+01 5.457477126753425267e+01 6.026345566764439354e+01 6.692088233789448282e+01 7.689736423021136602e+01 9.678427644661350371e+01 9.112482130534436919e+01 7.133782741769979907e+01 6.145447141876007890e+01 5.478321008284913773e+01 6.617248570276893815e+01 6.092016037041992860e+01 5.662176770493574196e+01 3.637028120015747135e+01 3.468753353751665713e+01 3.301108551204498553e+01 3.152261680440183156e+01 3.013197863545794064e+01 4.862816944695056520e+01 5.596988909715295790e+01 6.231089179453442028e+01 4.312073000909024501e+01 4.639068163140705536e+01 2.839864870912991179e+01 4.303349596805622213e+01 6.402116316423041553e+01 8.084768839337007762e+01 7.253246338945464800e+01 7.513179110782895975e+01 8.345023741002867723e+01 8.633222919298253828e+01 6.884592262801245965e+01 8.633222919298253828e+01 9.440370185394415614e+01 7.318325990982287976e+01 5.490888317520369810e+01 5.914104072318656335e+01
6.256999429556184822e+01 7.444541360920362649e+01 8.020084100490642243e+01 8.684082033841237092e+01 9.512488329069169879e+01 1.050938444889732892e+02 9.946507491456740979e+01 8.952059119399362430e+01 8.123132436152199887e+01 6.617248570276967712e+01 4.619404449463443285e+01 4.076141225146328395e+01 3.893562463904294901e+01 5.662704187194849936e+01 5.498938150675915892e+01 5.335002524894361642e+01 3.568401081624513438e+01 5.049920097589007639e+01 4.683907793595000157e+01 6.694868695656107604e+01 7.026449405861900743e+01 6.066546639566409027e+01 4.969227762503457768e+01 2.935517802588633529e+01 4.387837357114945291e+01 6.403927955987248311e+01 7.370855615901587043e+01 8.234293128051520227e+01 8.866119252417630037e+01 9.695493358386883642e+01 9.589580781654817088e+01 8.790193439908313167e+01 9.589580781654817088e+01 9.824347233119607381e+01 7.967519100051822534e+01 5.937360657689404064e+01 7.346533383215013657e+01
4.982827624946121858e+01 6.953867129321321272e+01 8.440599230990207502e+01 9.270560602326197852e+01 1.027006540919520745e+02 1.034269950674262333e+02 9.509024016141728453e+01 9.509024016141728453e+01 7.780561576706848825e+01 5.776112972498778930e+01 4.351419392422460675e+01 6.092092378058065094e+01 5.913493377146918561e+01 6.746376752192232118e+01 6.348771122002251843e+01 4.343098104580420227e+01 5.591554980712008671e+01 4.532093349024577833e+01 6.536243480459259558e+01 7.521537949816080015e+01 7.214108062323813897e+01 5.598541068468711046e+01 3.077203566285819036e+01 3.292363088564852802e+01 5.169027157215573709e+01 5.989492665122601522e+01 4.262188597299915216e+01 7.081624577655004771e+01 6.876123123060447995e+01 8.474836024393488287e+01 9.178876974467718242e+01 1.000885968746853933e+02 1.042529122297730311e+02 8.387474935486321215e+01 6.950700692823602367e+01 6.548966952007391740e+01 8.579854836917868965e+01
6.953867129321321272e+01 5.743509260886661139e+01 6.444835598005501254e+01 7.443038902132732915e+01 9.438159559847665037e+01 9.509024016141728453e+01 7.506157198069361414e+01 7.506157198069361414e+01 7.675054017245064131e+01 6.557486998423999580e+01 4.547791242346173846e+01 5.555534776211717940e+01 7.559439034253159662e+01 7.237501991879057073e+01 5.247969161213352152e+01 6.348938898062399971e+01 7.164557657168339233e+01 5.296568496869634401e+01 7.289506960850999917e+01 7.943036635964762127e+01 6.385642632276035613e+01 4.360849195906026665e+01 3.177953270479293479e+01 5.135063113064482820e+01 3.772902072528128059e+01 4.098753358656198742e+01 4.446343872825387677e+01 5.271451830386046566e+01 7.241294216738080536e+01 6.485728108451252183e+01 7.187548454345682103e+01 8.334866640919267411e+01 1.033181653115147611e+02 9.824347233119607381e+01 8.122655096800917818e+01 7.982992802779510555e+01 7.631223218882357173e+01
8.245327249700245886e+01 7.734990231725704746e+01 7.368528378075156127e+01 9.270560602326197852e+01 1.027006540919520745e+02 9.509024016141725610e+01 7.506157198069361414e+01 6.092492614353236746e+01 6.844301349948761981e+01 4.836600889038071927e+01 5.970640984459145528e+01 7.388320374427652837e+01 7.559439034253159662e+01 7.935359118252951305e+01 5.958302527269123772e+01 7.935359118252951305e+01 8.102212826774595555e+01 6.452926217268461073e+01 8.102212826774595555e+01 7.119271314416307916e+01 5.120843045824031492e+01 5.287909398134028294e+01 3.296988517878053671e+01 3.450108296395288932e+01 5.454033497296069299e+01 5.989492665122601522e+01 6.360353920569374253e+01 5.089613197924321497e+01 5.602445379584669638e+01 7.585279921467530073e+01 9.178876974467718242e+01 1.000885968746853933e+02 1.116374405618095977e+02 1.099834114704083419e+02 1.016141756998872410e+02 1.002080725460029385e+02 8.649033098164065336e+01
7.416413181252291054e+01 8.578816847888872132e+01 9.365558490665192437e+01 1.019735065338683597e+02 1.035205794521915692e+02 9.280364700209624118e+01 8.309876912211063882e+01 7.149837231732379905e+01 5.144322005612887239e+01 5.508209449012976222e+01 7.481690192551145913e+01 8.806004591604661869e+01 9.564467894268490511e+01 8.737750042211385448e+01 7.107211978720768286e+01 8.737750042211385448e+01 9.240052275254802794e+01 8.432297508901635297e+01 8.195550032783991412e+01 7.261876426366536919e+01 5.132967452881167958e+01 3.465649062836730820e+01 5.326332632411479295e+01 5.454033497296069299e+01 3.721638943439825198e+01 5.718598827469594426e+01 6.816444429082083900e+01 7.055345099297069567e+01 7.585279921467530073e+01 8.412464087693967940e+01 9.927948354775381290e+01 9.461274771404886508e+01 9.679192063273443125e+01 1.050472200942821104e+02 1.111109498008440539e+02 1.152448333449112283e+02 1.068936367048003859e+02
5.748956182217160915e+01 6.646228379857933533e+01 7.800047565650791626e+01 9.794008572768315446e+01 9.514718645455248236e+01 7.491783045773287597e+01 6.695815496888829443e+01 5.476040665621525960e+01 7.149835858124157539e+01 7.481690227864399390e+01 6.652935928028360024e+01 8.032947824286186744e+01 1.001606588640512001e+02 9.841771205877012108e+01 9.056253945471165423e+01 9.239090981869668440e+01 8.401547802130529874e+01 8.160862525447809901e+01 7.375964429147731494e+01 5.463296877074641600e+01 5.170355586914163837e+01 3.585642247164379626e+01 5.496487118576659014e+01 6.510191518443870962e+01 5.718598827469594426e+01 3.991676108377362908e+01 5.987749278872470882e+01 7.092687346973578144e+01 8.138837507287810524e+01 8.052235254552833510e+01 7.974480077168003334e+01 7.476352615444378102e+01 7.693305966073509694e+01 9.118713955784956227e+01 9.118713955784957648e+01 1.064738794684828491e+02 1.164467304621435062e+02
6.458569896669756361e+01 8.456156632270760554e+01 9.472594534130804789e+01 1.062648127378424192e+02 9.951756910216522556e+01 8.401275664872767379e+01 5.860253774445270381e+01 5.963535537306469791e+01 7.252006486257440088e+01 9.165944208763275469e+01 8.032947824286186744e+01 9.444556575008944321e+01 1.031306464025256560e+02 9.316793948544162163e+01 8.487776075921266283e+01 7.830648371044551936e+01 6.382536495912782470e+01 6.162388240365892500e+01 6.644612720806554762e+01 5.293726208876426398e+01 3.756338562488329558e+01 5.490284663190600867e+01 5.037630934852791853e+01 7.096045821721953928e+01 6.816444429082083900e+01 5.987749278872470882e+01 4.262039767894553677e+01 6.264053411882363065e+01 6.193182908856559976e+01 6.028662830181646370e+01 7.357782424206496330e+01 6.066941792628963270e+01 6.587765182621546955e+01 7.138031106096292433e+01 7.834676261405215314e+01 8.823924820062177332e+01 1.081803015961058207e+02
8.394046068515982029e+01 7.613630093595257620e+01 8.762538043059682025e+01 1.076072042213911146e+02 9.117033011943622967e+01 7.117551595397986830e+01 6.140756971784906426e+01 7.812586659115487464e+01 6.700255607196238827e+01 8.005712210820816210e+01 9.966390178418119206e+01 1.085616532573169906e+02 9.480366559607614363e+01 7.495185592234908256e+01 6.516392961291138874e+01 5.858344385858745085e+01 5.280580694424212851e+01 4.740891575225107601e+01 5.930564984957830887e+01 3.927803550301181446e+01 5.773499304171403423e+01 6.565555605108333737e+01 7.096354065428435831e+01 7.940642773842107260e+01 7.900278365527599078e+01 5.896320239575082667e+01 6.264053110545614089e+01 4.539893353275728316e+01 4.771077951540895157e+01 5.013780057112279565e+01 5.433627842193855884e+01 7.443354505811875299e+01 8.569371373093838429e+01 9.118713955784956227e+01 9.820977489836376151e+01 1.064738794684828491e+02 1.164467304621435062e+02
8.673419044065052219e+01 9.607069287441937888e+01 1.043903595515972853e+02 1.159564841854134301e+02 9.951756910547484836e+01 8.416535788202715196e+01 6.431579069967668261e+01 8.416535788202718038e+01 8.579981497538793178e+01 7.607194453121319100e+01 8.967819186403546894e+01 1.096496122099007664e+02 1.031306464025256560e+02 9.316793948544162163e+01 8.487776075921266283e+01 7.830648371044551936e+01 7.261293252659160657e+01 6.117188450748255946e+01 4.099870087635083848e+01 5.924186412527585333e+01 6.743311531329298703e+01 7.984866719962684556e+01 8.794305219646902572e+01 9.777125949526303827e+01 8.726954435466160476e+01 7.709400593014318304e+01 5.703707959368071556e+01 4.997312061522172399e+01 6.789258251908935904e+01 7.034733091200713773e+01 5.485803964506644093e+01 7.495874992169412110e+01 8.979376181164282400e+01 9.806316121389204454e+01 1.080356788299890951e+02 1.116289701019056508e+02 1.032806148521496397e+02
7.621197788071408752e+01 9.026277486471896339e+01 1.102536301190646526e+02 1.127186555345864605e+02 9.255458566073515669e+01 8.728330351296470724e+01 6.731871027919130768e+01 8.138993631973171716e+01 1.015111503622232192e+02 9.552768545341250217e+01 8.967819186403546894e+01 1.096496122099007664e+02 1.133870319780692171e+02 1.052009040965986486e+02 1.028970805761113922e+02 9.513123218824101457e+01 7.525000966050806994e+01 6.237502310135258909e+01 4.226339073717966244e+01 6.236159483935714576e+01 5.329612066133970671e+01 6.000199381645237651e+01 6.997712239661824185e+01 8.972026946819724458e+01 9.119478802156400832e+01 7.125327081121548645e+01 7.487554059790352312e+01 5.478838272469663906e+01 7.487554059790352312e+01 7.912129431331949547e+01 5.915843270317986935e+01 6.285575599351825105e+01 6.992644209643893305e+01 7.982913950261102798e+01 9.975838412067462002e+01 1.032806148521496397e+02 8.333256833608810155e+01
9.026277486482308632e+01 9.026277486471900602e+01 1.102536301198424127e+02 1.068028071255157414e+02 8.665277909032759851e+01 7.248214125352961901e+01 8.728330351296470724e+01 7.792552443951589680e+01 9.211980034286675334e+01 1.122955335535442316e+02 1.096496122099007664e+02 1.179922400368621709e+02 1.052009040965986486e+02 8.533186999247128313e+01 8.304495739626229067e+01 8.304495739626229067e+01 7.525000965127439656e+01 5.528364382475037075e+01 4.519179716762280208e+01 4.425833747641087257e+01 6.436526612556801297e+01 7.984868812556211992e+01 8.794472556521671436e+01 9.777177426522509052e+01 9.946038118185525434e+01 9.119478802156400832e+01 8.002668196695479708e+01 6.007639723065939563e+01 8.002668196695479708e+01 8.345512439070277821e+01 6.359502001351054901e+01 8.276960356433190213e+01 7.911459464838308975e+01 9.806316121389204454e+01 1.080356788299890951e+02 1.032806148521496397e+02 8.333256833608810155e+01
1.102536306218773490e+02 1.102536301198424127e+02 1.186083120815228540e+02 1.129173609124197952e+02 9.665784314741227945e+01 7.655606889618455568e+01 9.665784314741227945e+01 9.802913578887488200e+01 9.432604417578311029e+01 1.145060039379133201e+02 1.174822414779296054e+02 1.093186823469242341e+02 1.103682483422604008e+02 9.115137534594339286e+01 7.129478772748619519e+01 6.316578686360994510e+01 6.963518392078650265e+01 4.961195348617925305e+01 6.526689578026845595e+01 4.571128658064662886e+01 6.573388147099475987e+01 8.073684352449311064e+01 9.142247215080227818e+01 9.975358546345390209e+01 1.097655022309660637e+02 9.627802415255625590e+01 7.637427615751101939e+01 6.678568767411262286e+01 8.664717911337578471e+01 8.800414021301872936e+01 6.817543995097565812e+01 8.800414021301872936e+01 9.903252824562710543e+01 1.073043364549174612e+02 1.135098396213671634e+02 1.051690535664423862e+02 9.748076921899686909e+01
1.030283313138283461e+02 1.231544166954353017e+02 1.188480363550938250e+02 9.863520513840292381e+01 8.442049193365050996e+01 9.075030093444139823e+01 8.813798460676991908e+01 1.082961863505794327e+02 1.145060039379133201e+02 1.145963117407281544e+02 1.064242009817701273e+02 8.946975546448972239e+01 9.311210141233209470e+01 8.233956101056628540e+01 8.371954659216642369e+01 7.415472206679802980e+01 5.419140630511907375e+01 6.963518392078637476e+01 6.723181283750001569e+01 4.717074518438665365e+01 5.257730375565271430e+01 7.265406652568022139e+01 7.152826017336791153e+01 8.144752527503358408e+01 1.013974190265708160e+02 1.045472955405676743e+02 9.491073165616954554e+01 7.565153120318925062e+01 9.491073165616954554e+01 9.296966693777731905e+01 7.310756003874318765e+01 8.711721204800410590e+01 1.070987429058446878e+02 1.212640122492576324e+02 1.051690535664423862e+02 8.514589359934167589e+01 9.101054137292243240e+01
1.030283313138283461e+02 1.231544166954353017e+02 1.173376250529243521e+02 9.712716270305715227e+01 9.445461160710731008e+01 1.109199116782580745e+02 1.023737756393206837e+02 1.082961863505794327e+02 1.178829855147005645e+02 9.803578851068064637e+01 8.653762857494004379e+01 7.953054467225732083e+01 7.327769953007498316e+01 6.832425428120731681e+01 6.386945440671063068e+01 5.977751475261109704e+01 7.415472206679790190e+01 6.936729918142614792e+01 4.932882940066230759e+01 6.723181312111847774e+01 7.257569419299169056e+01 6.156719517402389386e+01 8.147536616208512328e+01 9.975358546345390209e+01 1.097655022309660637e+02 1.175294244779682913e+02 1.038176360781854584e+02 8.969076126639637891e+01 1.038176360781854584e+02 9.927425638990570178e+01 7.933739400890674176e+01 9.296966693777731905e+01 1.129579219844723212e+02 1.070569003745465295e+02 9.284978646561199866e+01 9.101054137019846735e+01 7.105843946627190633e+01
1.231544166954353017e+02 1.315315572000349391e+02 1.256918996083430784e+02 1.114115456765610475e+02 1.087280507404261556e+02 1.230149738035408831e+02 1.225941506116443378e+02 1.285060752145645324e+02 1.260213827441624090e+02 1.145963117407281544e+02 1.064242009817701273e+02 9.939323588005673571e+01 9.311210141233209470e+01 8.815350094176780260e+01 7.789571395237443596e+01 7.966947467331362986e+01 7.194322688174831626e+01 5.192973058129469166e+01 6.936121198555478884e+01 5.329658114632712085e+01 5.615790168058460807e+01 7.610100928794169306e+01 8.843101745544453252e+01 1.024793831660702068e+02 9.761483589623625789e+01 9.761483589623625789e+01 1.133803180767799006e+02 1.096710253851467201e+02 1.134288854694969331e+02 9.341121705477847570e+01 9.081440269927020381e+01 1.075567419285514319e+02 1.125842452287547530e+02 9.872578127639934564e+01 7.873579733914725409e+01 8.608300535015841604e+01 8.034569430472275542e+01
1.211813506559473979e+02 1.295606020845346791e+02 1.333020381606352203e+02 1.316444462550403216e+02 1.289680219697616508e+02 1.360859916619511694e+02 1.260539900170906265e+02 1.177650464504502423e+02 1.110563384480265370e+02 1.052532546888089939e+02 1.000704402641283082e+02 9.534375187419708197e+01 1.035057202948859896e+02 9.997130225783861590e+01 9.758449412061445116e+01 8.784531101226069438e+01 6.794275561481119041e+01 5.378482954364290691e+01 7.377110952377364583e+01 7.328337401539955920e+01 7.610118153243747940e+01 6.031921562300404105e+01 7.438324463655173702e+01 8.913538005698460154e+01 7.772890400904060471e+01 8.521387763617948963e+01 9.672005398845801949e+01 1.166654514790114376e+02 1.217022668023244591e+02 1.134288854694969331e+02 1.108306314436135551e+02 1.191072474168720277e+02 1.042430003543279469e+02 8.422641887137532990e+01 7.426719363443463351e+01 6.615201807311579785e+01 6.103754594912046372e+01
