MOVIE_S13_data/elevation_000225.asc
nrows	150
cellsize	150.0
xllcorner	0
ncols	150
yllcorner	0
NODATA_value	-9999
[rows 119 to 135 of 150, columns 0 to 36 of 150]
5.358388947715440193e-02 2.005358388947679771e+01 2.935913423745413553e+01 3.445115838459080493e+01 2.278221692369487172e+01 3.145043031317118576e+01 4.105132411061646280e+01 5.481819156191561859e+01 7.431847292418217421e+01 7.457933323555052141e+01 6.045896056872956592e+01 5.943476893482490198e+01 7.629005373002134149e+01 8.270115603654670622e+01 9.067009834714994554e+01 8.986469954176509134e+01 6.984893594789124904e+01 5.576527117555463064e+01 4.955857272877597808e+01 5.952406883607637411e+01 5.707424037010115825e+01 4.211168005649550139e+01 6.206176047463642931e+01 7.601512659646367354e+01 7.149626586790581939e+01 7.149626586790583360e+01 7.166648174413997197e+01 8.586448214062325235e+01 1.060377456242928105e+02 1.057564026561585848e+02 9.081038953801007096e+01 7.074084143415802828e+01 9.081038953801007096e+01 9.915331248498301875e+01 9.099646735701792011e+01 8.393982885615665168e+01 7.823847219722691193e+01
9.610063126937995470e-02 1.423823625500045509e+01 3.423823625500116208e+01 5.068297385701152535e+01 4.248297373136735899e+01 3.728391105268376293e+01 5.798658294663491120e+01 6.854777749395381647e+01 6.901060900178562463e+01 6.461096734199828973e+01 4.638453675283282962e+01 4.792676836556073994e+01 6.783934672803049182e+01 6.321292586113440137e+01 7.967619480650498076e+01 9.205796708357763691e+01 7.203761416171460041e+01 7.571141737391005222e+01 5.707739599305124756e+01 7.703374204936875458e+01 7.036714657582912480e+01 5.208646155820796508e+01 4.777522649157199908e+01 6.769628736841461603e+01 8.418739576915609746e+01 9.157950544488927846e+01 9.177309421632720898e+01 1.001277047765405399e+02 9.989712772901033588e+01 8.580491739710609522e+01 8.322481336540423058e+01 6.310234059321764732e+01 8.322481336540423058e+01 8.436712829543097314e+01 9.263160952677729654e+01 9.907090129482160989e+01 8.218902552045133802e+01
7.276759767036948545e-02 2.007276759767001550e+01 3.304533109022181492e+01 4.132960233766741709e+01 5.027387424769339930e+01 5.802770416093510164e+01 6.636414596974103119e+01 6.901060900178562463e+01 4.930787965150936714e+01 5.292338773533843010e+01 3.639582847673348454e+01 5.509421483293898092e+01 5.985314035249889031e+01 5.187394949852890136e+01 7.165636642999298545e+01 8.891855577962063251e+01 9.205796708357763691e+01 8.533966368807129754e+01 6.857270171102500456e+01 8.533966368807129754e+01 8.036518520160097978e+01 6.616239960799018149e+01 5.405221792795132529e+01 5.587782493030225339e+01 6.736473006221190474e+01 8.153612845048060365e+01 1.016954917590149847e+02 1.054112966775532385e+02 9.164857213473912623e+01 7.158753154329913571e+01 7.686152875392102146e+01 5.668973052083848785e+01 6.862642660968306529e+01 6.425248523623776009e+01 8.104588055030302485e+01 8.403339014334581236e+01 9.154636552431121288e+01
5.410910321759920122e-02 6.378664423554385010e+00 1.304533109022110970e+01 2.198960300022042347e+01 3.613173862395187541e+01 5.613173862395257885e+01 6.413376412296931051e+01 6.374396931285278356e+01 5.268534103904764265e+01 3.416123939062048009e+01 3.060956136122692328e+01 3.509287710155982865e+01 4.044517332471273363e+01 4.931822680825841587e+01 6.069025422512422097e+01 8.060559727815908104e+01 8.417679691537723841e+01 8.417679691537723841e+01 8.859274446915293311e+01 9.690715635956240703e+01 9.456797079521172122e+01 8.067936821968621075e+01 6.066026080781347218e+01 7.584982035956190316e+01 6.736473006221190474e+01 7.892336213379461185e+01 9.907552716421257344e+01 9.717478176956460345e+01 7.715548185441377882e+01 6.706884244765048209e+01 5.880994079287894749e+01 5.294153417408760021e+01 4.837325932139217599e+01 5.254072512403396189e+01 7.203175895793430072e+01 6.266135269733759827e+01 7.980245987339151270e+01
8.267786763791994120e-02 1.008267786763783214e+01 2.422481349136853268e+01 4.132960233766738156e+01 5.027387424769363378e+01 5.830461925323996297e+01 4.423626005798261218e+01 4.966314573303500879e+01 3.558232215321723402e+01 2.566659665678505320e+01 4.561425893369029438e+01 5.509345364651375831e+01 5.148877310380598260e+01 6.856030179380491063e+01 7.739439992729899132e+01 7.462184885539623735e+01 6.390769121408364839e+01 6.390769121408364839e+01 7.831050558600072975e+01 9.833927700358981383e+01 1.008251045762860372e+02 8.067936821968622496e+01 7.062464933598567995e+01 8.902661532977030845e+01 8.744066925914691524e+01 9.579331832963113413e+01 1.074318665013788490e+02 1.054112966775532385e+02 9.542135754285664007e+01 8.475451151063006705e+01 6.464414824340286714e+01 7.314378786477634264e+01 6.371431202244270509e+01 4.342163978727456453e+01 5.928644807328863919e+01 5.076348113613009616e+01 7.128829528193533349e+01
6.631016962878631682e-02 2.006631016962843006e+01 3.836694911509872696e+01 5.250908473882863348e+01 6.290882438620262462e+01 5.006410406993033746e+01 3.012692732406275553e+01 3.745472634387324717e+01 2.142443346308187913e+01 4.139327724737023573e+01 3.979688790304441426e+01 5.974022134078681034e+01 7.190813613640391111e+01 8.047018588155869168e+01 6.857576708872312565e+01 5.422175546266554846e+01 4.937878758695645587e+01 6.390769121408364839e+01 8.417679691537723841e+01 9.577546854665857268e+01 1.040148632845501453e+02 9.909098472395058366e+01 9.073408710338665628e+01 9.909098472395058366e+01 9.803306967966683771e+01 9.211609605788437705e+01 9.211609605788437705e+01 1.004860512593583195e+02 1.010763017993815964e+02 8.108627285130407358e+01 8.475451151062991073e+01 7.365325903188906409e+01 5.347606964665865803e+01 4.577110851360973953e+01 3.904825402460747341e+01 5.554991543404433685e+01 6.387038567006521106e+01
6.823395580091534685e-02 1.421038667965211388e+01 3.421210550343252521e+01 4.292562044878204119e+01 4.292562045161509587e+01 4.208051398508635543e+01 3.382932058914731499e+01 1.744378860535207210e+01 3.161648542973175680e+01 4.966030626360853262e+01 5.973508097464524269e+01 6.805984274003255052e+01 7.340419506081065038e+01 6.503249908079621378e+01 5.982674966025098229e+01 3.975925974624163928e+01 6.019680448055746780e+01 7.353301961051050739e+01 8.786760451823789708e+01 7.568534279449623625e+01 9.244938497482451112e+01 1.009280810038857652e+02 9.255746795298291829e+01 9.255746795298291829e+01 7.781380025541834300e+01 7.188959536096507463e+01 7.188959536096507463e+01 9.211609605788437705e+01 9.861658043695830145e+01 1.010763017993815964e+02 8.781106447800941339e+01 6.778890400266644178e+01 7.365095781636752292e+01 6.602580146997121346e+01 5.555610353869763429e+01 3.554755779979304009e+01 4.700813557015859345e+01
7.768263131119747256e-02 2.007635014293873610e+01 3.027772272614164706e+01 2.292798476444692568e+01 4.292562045161506035e+01 3.382932058276893628e+01 1.382679322675880584e+01 3.382932058914731499e+01 4.570317233270477431e+01 5.978350294795281172e+01 6.087637522501835718e+01 6.682843143032346234e+01 6.503249907945142638e+01 4.460770633725737611e+01 5.058998961944193695e+01 3.455873225761835243e+01 4.469660728126148541e+01 5.919843470277942288e+01 7.244466796541618692e+01 6.385642279978732461e+01 8.417642903559415402e+01 9.255746795298291829e+01 7.233435811330157605e+01 7.233435811330157605e+01 7.781380025541834300e+01 5.756908289469012630e+01 7.781380025541834300e+01 9.269586523891670993e+01 7.840462721169060956e+01 9.269586523891670993e+01 9.602282385959831856e+01 8.781106447800941339e+01 7.081418250473927856e+01 5.061007183612474591e+01 4.054780641379828410e+01 3.336727343806312973e+01 4.984522822473360293e+01
7.631010328431753718e-03 1.998953091160477413e+01 1.027622380244560141e+01 2.599796544745242599e+01 3.340540538294602868e+01 2.799067281841044164e+01 1.138552486593189883e+01 2.552128229482084265e+01 4.547617961817532972e+01 5.487085893760504973e+01 4.047865368134884534e+01 4.645292309449906298e+01 5.502764238862255297e+01 4.660921397319355464e+01 3.027992098498011941e+01 5.058998962391414977e+01 4.037813350446726446e+01 4.601385728352144611e+01 5.193630613169946031e+01 6.385642279978732461e+01 8.417642903559415402e+01 9.083349879658115356e+01 7.060992617809387184e+01 5.802380658069851904e+01 7.170978830338839316e+01 5.149135929309577620e+01 7.170978830338839316e+01 8.364877114095214949e+01 6.408644168348236292e+01 8.364877114095214949e+01 9.532630936154311030e+01 9.086648558268082354e+01 7.081418202401111728e+01 6.903024420985391885e+01 6.071212075010632958e+01 4.984522822473360293e+01 3.053808522738218656e+01
4.583726557775372884e-02 1.379170736733109415e+00 2.715478535161396589e+00 1.224031883123068809e+01 2.485848896154000798e+01 8.009662234529770330e+00 9.743613838528002447e+00 2.973682142479642465e+01 3.458057441783430619e+01 3.616703310457330645e+01 2.616344200371110063e+01 4.025669334106622443e+01 4.284765591115932182e+01 2.634179453994395459e+01 4.660921397992226645e+01 5.900594918359201557e+01 6.083580897592933923e+01 5.000667709554888063e+01 7.049329173059271625e+01 8.077635704756538360e+01 9.244938497482451112e+01 8.491385089982006207e+01 6.468504656319115043e+01 5.041229822653372139e+01 6.297594037334602035e+01 4.613951519400837498e+01 6.213839129451344689e+01 6.664840837033452203e+01 5.504545744788919848e+01 6.672229926924728716e+01 8.695537802907858804e+01 9.282538823382273563e+01 8.081435529699868425e+01 7.227143860725310276e+01 6.603182455158351161e+01 5.404535945956493492e+01 3.400498635880821041e+01
7.859053197723891993e-02 2.007859053197688226e+01 2.271940538995210446e+01 4.652972752572141601e+00 6.031909925858781385e+00 2.601081910385892826e+01 2.973682142476166135e+01 1.221632844900119252e+01 1.400918965477456801e+01 1.595199625735103766e+01 1.793700041150114899e+01 2.001619148870689457e+01 2.260192277322581234e+01 4.284765591115932182e+01 4.660921397992226645e+01 6.698518116190977878e+01 7.883632929970902126e+01 6.189482374823137434e+01 6.677459108530266008e+01 8.703961210829220363e+01 8.868089279033618766e+01 9.083349879658115356e+01 7.060992617809387184e+01 6.297594037334602035e+01 4.286458013673203027e+01 4.101368151473680967e+01 4.203768658268477765e+01 4.647899884789327274e+01 5.546620144488512949e+01 6.714383991269170338e+01 8.737611092006390834e+01 8.438378369389701561e+01 6.340461097710375071e+01 5.157695151654608168e+01 4.568703907561013011e+01 4.056647406255439137e+01 4.444377054079072309e+01
9.890458264248647158e-02 1.701505172559330958e+01 3.374076086162489929e+01 2.977663065094966299e+01 1.754999735684277695e+01 3.449820810531544879e+01 4.026041187363790641e+01 2.221306591711282508e+01 1.918233969522238525e+01 3.593022479154070226e+01 3.816980937308677113e+01 4.025677347072705459e+01 2.522121090947000610e+01 4.548949761820298221e+01 5.112821241852306287e+01 7.151855790470254703e+01 9.052423922513364118e+01 8.223901742812543603e+01 8.703961210829220363e+01 8.275707727907261813e+01 6.846129021597242570e+01 7.754088027563462049e+01 6.916871304068199322e+01 7.033536687025869583e+01 5.017212018623548175e+01 3.610637561532661266e+01 5.607780078988940886e+01 6.664840837033452203e+01 7.502454756997725838e+01 8.406979947512299134e+01 9.574698425459679640e+01 8.706981083709366942e+01 6.614177202832877356e+01 7.227145267848081289e+01 6.603073835764809019e+01 6.059429270928025346e+01 6.174174203683928397e+01
6.002193532796171876e-02 2.006002193532760813e+01 3.525226485933798415e+01 4.280108684696437393e+01 3.785211932099669951e+01 4.658780006641976001e+01 4.185568559367249719e+01 4.189422934014317690e+01 3.066850112139614382e+01 2.772206959776233859e+01 4.692108858854003728e+01 5.390693704802919228e+01 4.548949761820298221e+01 3.079753707820956521e+01 5.112821241852305576e+01 6.452900025377900306e+01 7.290711482814994326e+01 8.464791180124906589e+01 8.868089279033618766e+01 6.846129021597242570e+01 5.418678964733270931e+01 6.272291314688156660e+01 4.901961788457921898e+01 6.589711097858318567e+01 5.347774265984977404e+01 3.358101292712481012e+01 5.347774265984977404e+01 6.237220403943769753e+01 6.909516411362160682e+01 7.746911725582803854e+01 8.757852294820634143e+01 9.548704040096926349e+01 8.706981083709366942e+01 7.333085372522386081e+01 6.500892337244124519e+01 5.872184399300316926e+01 5.354499259848235937e+01
9.288278742204289506e-02 2.009287935766423772e+01 1.525660358570952901e+01 2.281638881589854861e+01 3.436508673619974275e+01 5.432487731953784049e+01 6.102836739146837886e+01 5.732663173998673045e+01 4.950068979724573381e+01 4.144386056471772406e+01 3.819185157268896802e+01 5.694514622877740351e+01 5.954472411099898466e+01 3.982906238380761010e+01 3.792275352245439279e+01 4.403729187858890981e+01 5.588895004354290563e+01 7.633152833093460288e+01 8.342773004728006470e+01 6.320416027842600926e+01 5.156278485149125146e+01 4.263264233439844730e+01 3.754946750804684541e+01 5.121544767789470143e+01 5.095085545333264321e+01 3.112361529508846303e+01 5.095085545766461621e+01 4.229396252822185431e+01 4.892628389106990738e+01 5.898480567282002340e+01 7.920552255442311207e+01 9.559638506206289321e+01 8.408292486025759160e+01 6.500819241111354074e+01 4.415556154966346725e+01 3.737922727784636834e+01 3.187926299519669371e+01
5.483986668867355668e-02 5.828343188551782461e+00 2.583086346059920402e+01 4.280108684696437393e+01 5.103951378309027120e+01 6.254316951460150165e+01 5.914085290204706524e+01 5.837526833961808137e+01 6.537704905069738004e+01 6.014428676786200612e+01 4.769209384997287771e+01 6.472207861031031939e+01 6.026941680969230219e+01 5.428756095036748519e+01 4.810986229293783367e+01 6.452900025363972247e+01 5.855330040421653592e+01 7.895561587526357528e+01 9.179981834828620890e+01 8.012568982657654715e+01 7.109330619535404594e+01 6.272291314688156660e+01 5.121544875745748016e+01 3.137497259866398380e+01 4.536481150192674505e+01 2.871611193204902790e+01 3.390809894106838129e+01 5.381081309273331925e+01 6.909516411362160682e+01 7.746911725582803854e+01 8.757852294820634143e+01 8.740927501794013210e+01 6.739428239379827801e+01 5.556127643482464862e+01 5.871881147760755226e+01 5.271916566390952852e+01 4.669216183855739644e+01
3.275272397204486569e-02 2.003275272397169005e+01 3.392760243301207623e+01 4.726868313697245583e+01 5.770002850218818224e+01 4.939650182220577790e+01 3.825820734477301244e+01 3.972030745936231000e+01 5.641684868754022375e+01 7.403608636923522113e+01 6.619819861115095705e+01 7.403608794373577950e+01 8.061930404216965940e+01 7.471089435486717889e+01 6.263321416818922671e+01 7.694779781564545829e+01 7.895561587526357528e+01 8.726092925208341455e+01 9.123912191264402338e+01 7.955076830176737701e+01 7.115860485956874015e+01 6.402282233467134631e+01 5.796160209454226475e+01 4.536481152187203492e+01 2.561958015118576881e+01 4.282425492944349799e+01 5.112588986229853560e+01 6.216424850546310665e+01 6.085569773715076280e+01 6.920808297649438146e+01 7.495728734728228915e+01 7.797854744845648156e+01 8.408292486025759160e+01 7.585361363856347339e+01 7.905185678024145091e+01 7.320134533059943749e+01 5.525937632095610041e+01
9.327661483462378056e-02 2.009327661483427008e+01 1.974159278126901285e+01 3.374502663420546611e+01 4.613513864346894877e+01 2.937230578135862658e+01 2.385406076497742234e+01 2.885437413051528210e+01 4.890849702868507620e+01 6.508770046945862475e+01 6.682801241590205166e+01 8.687041996226254525e+01 8.443771723326608480e+01 8.662452398620477823e+01 8.297495844231977458e+01 8.458458969336149380e+01 7.630505936365122466e+01 8.458458969336149380e+01 8.283810188134556540e+01 6.260861963277871922e+01 5.097556400985911296e+01 4.392002902646635931e+01 3.797114948822360248e+01 3.274910443695481632e+01 4.244669800696996020e+01 2.305302738179571520e+01 4.032320631003826605e+01 4.453756187311044101e+01 4.087014452699622069e+01 5.481482832377949421e+01 5.481482832377949421e+01 5.779736097080377277e+01 7.797854744845648156e+01 7.736290350748500089e+01 6.906701141574747282e+01 6.834812444266609077e+01 6.014478466688102998e+01
