MOVIE_S13_data/elevation_000219.asc
nrows	150
cellsize	150.0
xllcorner	0
ncols	150
yllcorner	0
NODATA_value	-9999
[rows 68 to 84 of 150, columns 37 to 73 of 150]
7.908857650021916186e+01 5.894463635681092484e+01 4.488053498371235150e+01 5.634201374527614092e+01 7.052497706943570677e+01 9.078634084779271518e+01 8.046119072106830572e+01 6.356805065019564438e+01 7.472465821176035661e+01 7.351111114469286179e+01 5.139864304123216243e+01 3.672045889528164508e+01 5.445352563397622703e+01 4.927353303224482062e+01 6.868625445179344524e+01 7.189052053279534960e+01 6.353803583646919861e+01 4.749023355615498332e+01 6.745306950703722748e+01 7.487192534250405629e+01 7.833306570843983252e+01 8.398008221454657019e+01 9.014860039686763571e+01 9.696304439860115565e+01 1.052922983078990740e+02 1.153940549452330373e+02 1.215648299725128538e+02 1.048550120032126358e+02 8.463930746208998812e+01 1.048550120032126358e+02 1.215614768208157841e+02 1.198895310629705335e+02 1.282272574124965558e+02 1.211975983099819274e+02 1.354191014500357539e+02 1.344220523300497234e+02 1.255765977387741685e+02
7.192997916711453854e+01 5.188966991461803957e+01 4.902995951064173141e+01 5.744590102791257635e+01 6.744515496999130733e+01 8.770692952031380685e+01 9.211573340064320803e+01 8.376386231521850334e+01 8.445559205191116803e+01 7.018981804045851902e+01 5.710802612691794167e+01 3.784696449744251368e+01 5.783233835196934791e+01 6.860423559141669614e+01 7.665383735369904628e+01 8.872673347676199285e+01 7.581895603883837964e+01 6.154216695247141899e+01 5.159567566340875544e+01 5.481359047062716883e+01 5.815131923165917982e+01 6.361947464838740274e+01 6.968994007362353216e+01 7.651971239340063846e+01 8.682197246461302598e+01 1.071041163325892853e+02 1.205948179907968978e+02 1.003475310299054115e+02 8.865480202110144603e+01 9.414737612272229228e+01 1.013174823004397638e+02 1.156610700309847033e+02 1.358063189163440256e+02 1.413164932607243998e+02 1.401864860024697350e+02 1.205533484777470221e+02 1.064502688820249432e+02
5.997257466059967612e+01 6.599960279899495674e+01 6.901099230069728208e+01 5.511071174299249975e+01 7.521544888201387380e+01 8.770692952031380685e+01 1.079145262566609915e+02 8.948424001753642187e+01 7.526113502787517007e+01 5.618275585432827057e+01 4.232725681342846968e+01 3.898115253516662193e+01 5.850819130248184052e+01 5.137581101481970336e+01 6.025356613049460464e+01 8.037854332393266077e+01 9.009544358268180986e+01 7.829731438131240395e+01 5.812843412249354458e+01 7.487192534250553422e+01 7.833306570843983252e+01 6.474851255406929340e+01 8.512533904517250960e+01 9.696304439860115565e+01 1.052922983078990740e+02 1.153940549452330373e+02 1.289293157131241401e+02 1.161626519430834037e+02 9.579901483923615046e+01 9.658445877071761743e+01 1.168052340276318830e+02 1.156610700309847033e+02 1.358063189163440256e+02 1.450702158006137950e+02 1.370086480672431151e+02 1.344220523300497234e+02 1.255765977387741685e+02
7.001762010061088404e+01 8.624717379763481517e+01 8.027325873180986093e+01 6.004201933262594082e+01 7.149264244470433027e+01 9.178003793918978204e+01 9.236219962920448268e+01 8.067236109956903078e+01 6.103797014079011518e+01 4.730535040654044820e+01 6.201176168552955659e+01 5.902236824753367728e+01 4.069510106751164358e+01 6.070143625535268939e+01 7.972274190586560394e+01 8.037854408458771616e+01 1.005654015186686934e+02 8.599074665026628850e+01 6.563583720826298418e+01 8.599074665026628850e+01 9.350659946898294095e+01 8.512533904517250960e+01 7.240642118381541081e+01 8.268071029950624506e+01 9.450715702670781582e+01 1.146644424196657468e+02 1.307384292817194762e+02 1.103108938983816927e+02 1.090632869429081921e+02 1.027128546419896793e+02 1.228482858996027574e+02 1.358063189163440256e+02 1.441281862745103695e+02 1.338131571354934408e+02 1.174961660664929326e+02 1.288971504918794437e+02 1.208083395144223147e+02
8.440872229799563797e+01 9.202156001222088832e+01 7.167290529192244719e+01 6.711315736671481602e+01 8.747075716474398632e+01 1.001239655572358771e+02 8.397006913170012865e+01 6.372804888673375245e+01 5.255478132203169395e+01 6.691390042804769678e+01 7.074587139945502656e+01 5.084506212636641465e+01 4.192603135742902509e+01 6.190633133771548557e+01 7.185438608870657617e+01 7.808879013079612719e+01 8.646728006431683866e+01 9.436517416707015116e+01 8.003223131035788640e+01 9.436517416707015116e+01 1.130666091665347750e+02 9.285362477864016739e+01 8.691327137516830703e+01 8.539121593990921610e+01 1.056947546847294177e+02 1.229404243170770741e+02 1.390938407637326577e+02 1.305734782998584933e+02 1.273881114983037577e+02 1.144045974452726711e+02 1.144066272433108367e+02 1.343798060741742688e+02 1.396939220414464558e+02 1.257431113315523561e+02 1.060040240630321620e+02 1.143467439835146990e+02 1.009658208624624933e+02
1.046631806661838482e+02 1.003642851327108474e+02 8.345061358096111803e+01 7.621283951219245978e+01 9.583038535997461338e+01 9.307698730282393740e+01 7.264713312089962471e+01 5.855814448081650880e+01 7.228333407825770962e+01 8.067227589634524065e+01 6.708454559736472333e+01 7.009155423473070812e+01 6.190633133804469423e+01 4.369075540757299336e+01 6.321642246607399329e+01 5.798716275067939563e+01 7.216410623863900753e+01 9.243039817349949772e+01 1.003758481205217805e+02 9.416869227278802157e+01 9.416888969935290277e+01 1.025147859699823840e+02 1.071950584872250403e+02 1.056947546847294177e+02 1.056947546847294319e+02 1.257532899884459994e+02 1.265842517138676158e+02 1.348394951112148306e+02 1.426327106426931550e+02 1.343718961947712671e+02 1.259758854593079462e+02 1.426405532904632025e+02 1.316384741730775261e+02 1.120438298206349401e+02 1.020128121699047767e+02 9.436879216670824633e+01 8.931568813251148242e+01
1.026940325370334222e+02 1.120329924388238112e+02 1.037296905717975477e+02 8.802959854090929070e+01 1.049030156743691578e+02 9.529555675349044463e+01 7.488560248047177481e+01 6.369784975685653450e+01 8.407762640853880498e+01 9.524942004672638518e+01 8.703688579280998283e+01 8.317145244761529455e+01 7.198159716537242048e+01 6.363578471378508539e+01 4.546168250462071114e+01 5.948360546293972817e+01 7.961343174451150162e+01 9.706366392434489399e+01 8.815338797828675865e+01 7.379505657104098759e+01 7.379505719866693880e+01 9.416882563184330479e+01 1.051743749488711046e+02 1.087001566196511959e+02 1.098519811944874931e+02 1.181243111622330417e+02 1.066250142571863364e+02 1.233209815362323383e+02 1.290572835949765818e+02 1.373125862697187927e+02 1.458597751254694685e+02 1.541374734405547429e+02 1.396939220414464558e+02 1.299181381865619471e+02 1.218411519968563113e+02 1.143467439835146990e+02 9.645374385804186090e+01
8.764527433413711321e+01 9.462644197047954719e+01 1.028440183028043293e+02 1.082567623193669704e+02 1.165439515398835226e+02 1.036468868051908316e+02 9.001680216219119757e+01 6.944290726717329676e+01 9.001680216219119757e+01 1.009416960646801726e+02 8.918394621600292282e+01 6.872898411006738684e+01 5.514584604270074664e+01 5.090864341610457444e+01 4.672626083229253879e+01 6.664047893819444823e+01 6.850534809881216347e+01 8.414601788540687721e+01 7.575854794999338537e+01 5.954417746892311669e+01 7.976230256677877151e+01 8.743854508617225463e+01 8.485795530839560286e+01 8.844586203157287230e+01 8.963337097214484572e+01 1.023389983388236431e+02 9.494587667867413927e+01 1.127815164505420142e+02 1.091236212695602745e+02 1.280989833763541696e+02 1.380497553916550544e+02 1.435722781591174169e+02 1.355058826714927704e+02 1.355058826714927704e+02 1.324050741780610281e+02 1.127679353421827244e+02 1.106124912332967511e+02
6.784112086617804493e+01 7.488071806544819253e+01 8.629120304244403883e+01 1.060125900927890541e+02 1.171585494236796592e+02 9.703138468950923823e+01 8.251447573064081098e+01 8.137948227174831572e+01 9.838778921257983257e+01 9.252473525065217075e+01 7.171781972063830324e+01 6.189022496372694349e+01 7.471062305007595228e+01 7.033356330425348801e+01 6.664047894015925522e+01 4.859152787962680264e+01 6.850534809891587429e+01 7.193008863986977985e+01 5.568227329187821084e+01 7.575849265615288175e+01 6.384328497129968838e+01 6.699222488192698677e+01 7.031021590884496675e+01 7.387171571896688249e+01 7.771251753004631269e+01 8.195801954488945285e+01 8.714840136145488714e+01 9.265519453946713213e+01 9.985375710253646275e+01 1.099047219114123806e+02 1.297991637337970303e+02 1.355058826714927704e+02 1.158325081551925422e+02 1.158325081551925422e+02 1.297023931571548871e+02 1.324050741780610281e+02 1.302746952590391629e+02
8.764527433413711321e+01 9.462644197047954719e+01 1.028440183028043293e+02 1.142637715937637353e+02 1.158504012437266653e+02 1.112335701912300294e+02 1.029264794738811020e+02 1.018149010545356390e+02 1.101166453090626050e+02 1.009265063118710231e+02 8.871350520776319115e+01 6.792434459017403015e+01 8.871350520776319115e+01 7.517897233299242998e+01 5.512724241299054739e+01 6.847646975431280225e+01 5.053962689850251877e+01 5.196930826807709991e+01 7.193010529946884901e+01 8.280940331041578872e+01 8.420576866963313023e+01 8.743862842228655552e+01 9.080853126517895646e+01 9.437826437985297900e+01 9.817874846349741347e+01 1.023389983388236431e+02 1.074025306651236207e+02 1.127815164562015440e+02 1.198519428226047410e+02 1.280989833763541696e+02 1.380497553916550544e+02 1.355058826714927704e+02 1.158325081551925422e+02 1.016752619011320320e+02 1.126864598627879417e+02 1.185389552046967196e+02 1.266643642703611050e+02
1.003318263527576306e+02 1.045716431834373878e+02 1.126161482092957868e+02 1.103729670206872271e+02 9.676170374802951812e+01 1.103729670206872271e+02 1.081729507276398294e+02 1.162427808361283326e+02 1.127746019563999056e+02 9.216456922259780526e+01 7.990243133698699296e+01 8.814676356093715981e+01 8.254924939081320190e+01 6.232888660543146386e+01 7.517897233299242998e+01 7.548986001309829419e+01 5.542040827970106420e+01 7.193013749077569230e+01 5.439475938312277492e+01 7.442407953518664954e+01 8.537026818186903654e+01 9.726824626879049163e+01 9.765922497647616751e+01 1.059834699584011162e+02 1.088077809764002239e+02 1.036421372433265731e+02 1.107848916092985547e+02 1.190392694882297064e+02 1.279879649499014818e+02 1.394817017813832365e+02 1.493697373424789419e+02 1.380951338828911616e+02 1.267076821184408288e+02 1.068786794434489451e+02 9.264430271194113686e+01 9.858352424854760443e+01 1.152004093600275638e+02
1.015547931261991152e+02 8.552147239196787609e+01 1.015547931261991152e+02 1.023526538005005477e+02 8.333636770429582441e+01 1.023526538005005477e+02 8.913355916760129105e+01 1.051754862803583848e+02 1.210511174212479943e+02 1.092570185552554420e+02 1.007368112366105919e+02 9.009163038915930599e+01 7.052586327357346363e+01 8.254924939081320190e+01 8.345266410786311440e+01 6.315819425248974284e+01 7.549251814771709235e+01 8.281019612949765474e+01 7.442407953518664954e+01 5.686251719609296629e+01 7.697885728657051629e+01 7.685401740488858024e+01 7.720567331542282830e+01 8.901750900691328638e+01 8.857598941993472863e+01 8.325316983128529102e+01 9.056087602354507737e+01 9.968970520380671019e+01 1.113279113064193098e+02 1.312814940045620062e+02 1.413157397477050949e+02 1.217527118142707110e+02 1.102595619328894969e+02 1.012562721042349807e+02 1.070176817704002588e+02 8.693722302476545849e+01 1.019172439392213789e+02
9.357302194887418523e+01 7.433369414909758177e+01 9.357302194887418523e+01 9.516517324755579921e+01 7.597890227054465129e+01 8.612067837187102270e+01 7.802428831006434962e+01 9.718055288026936012e+01 1.094431537803354786e+02 1.145162826407868266e+02 9.447120830969764427e+01 8.012214690368504932e+01 9.081331033348810422e+01 9.364630751720476098e+01 7.325902059693977719e+01 7.749314460261969373e+01 9.183047888860890851e+01 8.243436733823027396e+01 6.213096349183812350e+01 6.399778545155545828e+01 5.972584386821522173e+01 6.250516866099274438e+01 6.539871926665344404e+01 6.847907246586306940e+01 7.396452672160000930e+01 9.450626014525103358e+01 1.035296907469558647e+02 1.099204469755483871e+02 1.170065711377462492e+02 1.252423173402551271e+02 1.351912565304100156e+02 1.350992219182062968e+02 1.154193166552036587e+02 1.211834274536282550e+02 1.119323516306433106e+02 9.190162565554690843e+01 8.181652162698138397e+01
8.677089237252771170e+01 6.729911174221246029e+01 7.806284769276810209e+01 8.606896417737073079e+01 8.060566582092251053e+01 6.662216450715231986e+01 7.368190270438957157e+01 8.240869175581465811e+01 9.584465806037140112e+01 1.149158038153235850e+02 1.086461869737443209e+02 9.030194058127997891e+01 1.086461869737443209e+02 1.019875201085860823e+02 8.241205196606121319e+01 9.784021692264892067e+01 8.835671114422314076e+01 6.784111062181877116e+01 8.243436733823027396e+01 8.534131643477628870e+01 7.395511127656092754e+01 6.410351339465526621e+01 8.448703831657380192e+01 8.901750900691328638e+01 7.428869001397282545e+01 7.862458545884662442e+01 8.317679667068293270e+01 8.972792775603399207e+01 9.696398534806625946e+01 1.070514070637126025e+02 1.269617352117800237e+02 1.431661896434787593e+02 1.350992219182062968e+02 1.316900330462578665e+02 1.119323516306433248e+02 1.101216188486738474e+02 9.606700185170035411e+01
7.362979564365970475e+01 7.708256139576856469e+01 5.830107897177762766e+01 7.568147297923080430e+01 6.090889447815018087e+01 8.060566582091615828e+01 9.292367068101469840e+01 1.008941062478485406e+02 1.094431537803354786e+02 1.166191265365377348e+02 1.186789884697353870e+02 1.103974590670572553e+02 1.186789884697353870e+02 1.110406248983063335e+02 9.684070671034716327e+01 1.110406248983063335e+02 9.274317079747109460e+01 7.216885155409148922e+01 9.274317079747109460e+01 1.026953461467072373e+02 8.781082209218996582e+01 6.732146709642697147e+01 8.781082209218996582e+01 1.015457450486963040e+02 9.483823675188666869e+01 9.909222696676980036e+01 1.035350117325092612e+02 9.347342502934968422e+01 1.135977396617480366e+02 1.252423173402551271e+02 1.351912565299860773e+02 1.371220425058732246e+02 1.290477175738033679e+02 1.224067472371231418e+02 1.163542702933478807e+02 1.107771434811101017e+02 1.160409777300803427e+02
7.635379141744179776e+01 5.783818145960901802e+01 5.269856159243605731e+01 5.584894713382850284e+01 7.568147298802176692e+01 7.495753866702874291e+01 8.864069334215734841e+01 1.077628760898152649e+02 1.089963062447474442e+02 9.707630220741154403e+01 1.109753817368637101e+02 1.164595999046429995e+02 1.082546968711314577e+02 1.164596971771449887e+02 1.169651131857939532e+02 1.134267540324885459e+02 9.745218987056223625e+01 7.692605189456570258e+01 9.745218987056223625e+01 1.007145199596299108e+02 8.031198220974621904e+01 8.781082209218996582e+01 7.267030237405150217e+01 9.320288124976978850e+01 1.071809172779558708e+02 1.153748321396530656e+02 1.218489282964069389e+02 1.135977396617450239e+02 1.077588739190726130e+02 1.276940085266231222e+02 1.428940449333924221e+02 1.233123809924006054e+02 1.091248065637619931e+02 1.023329521623428491e+02 9.624565360205863840e+01 9.073102983382096909e+01 1.034573377244886387e+02
5.950082169323439274e+01 4.886468842918299060e+01 6.879210354541048389e+01 6.999059288081386399e+01 6.999059288081461716e+01 8.942047292464236818e+01 1.022370155441652599e+02 1.089963062447474442e+02 8.948289684685525458e+01 8.332708544837589670e+01 9.368343563785221306e+01 9.908905885796812640e+01 8.881144368694688751e+01 1.082546963637809085e+02 1.193298222153713652e+02 9.926190225294406844e+01 8.480052886578293680e+01 9.745218987056223625e+01 1.057760605204504856e+02 1.007145199596299108e+02 1.007145199596299108e+02 1.004246720980258800e+02 7.999836297357424542e+01 7.957907419250304315e+01 8.691045650055612271e+01 9.640346086277840243e+01 1.098734567764041827e+02 1.295218569349925986e+02 1.276940085266205358e+02 1.359395509916514015e+02 1.450162318815740150e+02 1.254588758793882164e+02 1.290477175738033679e+02 1.195206243660961718e+02 9.944855351695737511e+01 9.049965199513233927e+01 8.353982524803966214e+01
