MOVIE_S13_data/elevation_000896.asc
nrows	150
cellsize	150.0
xllcorner	0
ncols	150
yllcorner	0
NODATA_value	-9999
[rows 51 to 67 of 150, columns 37 to 73 of 150]
6.513366192192903270e+01 5.503978698275346204e+01 7.522753686488768210e+01 7.741960944199330186e+01 9.053009776850157664e+01 9.896807086253421915e+01 1.091224533937181036e+02 1.207979772466974993e+02 1.093775608734031692e+02 1.004916712932640337e+02 8.646576279265039489e+01 8.520427147774269372e+01 8.738035141908952141e+01 9.651638538590209748e+01 9.071205427100647967e+01 1.105292802839872053e+02 1.046608787029272492e+02 8.478449792787627359e+01 7.819623539543050583e+01 9.060615507144298419e+01 1.104506171751592660e+02 1.029019865893942409e+02 9.469351165002365178e+01 7.768344792674004395e+01 9.252061349080433672e+01 7.242879832882547930e+01 8.464107237290599528e+01 7.123206564142927277e+01 8.136785618550304378e+01 9.551442839513347849e+01 1.153471405357027493e+02 1.113184136576541334e+02 9.148891105914644584e+01 7.738415971817462946e+01 9.253679059219894043e+01 1.007715028048007895e+02 8.186997044505206134e+01
7.471812432903439571e+01 6.931479195042064134e+01 6.931479195042064134e+01 8.950216583176542429e+01 1.061203409294712685e+02 1.039340998730220349e+02 1.121442637522688841e+02 1.090742215955294654e+02 1.008612247923980902e+02 1.090742215702116624e+02 1.063220460492549932e+02 1.050731331793447794e+02 1.072348856561859378e+02 1.154318952815671366e+02 1.105292802839872053e+02 1.187263969121060256e+02 1.128565611276269749e+02 1.046608787029272349e+02 9.235000717496089351e+01 9.235000717496089351e+01 1.121412747051668219e+02 1.075535040734661152e+02 8.773400151593200746e+01 9.764375279469899738e+01 9.854716349732510139e+01 7.855951566385971319e+01 9.854716349732510139e+01 9.134557573864431390e+01 7.988935260541786931e+01 9.147316103260340014e+01 1.113211246060232895e+02 1.122483478428358978e+02 9.243874219636946066e+01 8.093068640119058443e+01 1.008112666903091252e+02 1.099786117127424490e+02 1.017440331487325125e+02
8.310540306460954696e+01 8.950216583176542429e+01 8.950216583176542429e+01 9.792519382122343075e+01 1.006839942808081929e+02 8.407245123239472662e+01 1.006839942808081929e+02 9.914836660619094744e+01 8.099966428697118204e+01 9.914835640874609624e+01 1.090742247387054817e+02 1.208661965711237656e+02 1.125719374144978673e+02 1.125719374144978673e+02 1.144836221639215665e+02 1.227670153849820167e+02 1.243936790103214776e+02 1.161202319239696266e+02 1.121412747051668219e+02 1.121412747051668219e+02 1.203361805945907435e+02 1.157512587496849932e+02 9.768466264687369005e+01 1.157512587496849932e+02 1.055788901186599702e+02 8.569038653198805378e+01 1.055788901186599702e+02 1.080836690616170301e+02 8.993373006105477430e+01 9.986189749404343274e+01 1.195432244752345667e+02 1.204983752938726127e+02 1.090430780527841534e+02 1.008112666903091252e+02 8.659158316637945063e+01 9.805430719581597998e+01 1.178464333927434353e+02
7.683805334662747555e+01 8.389143642543749024e+01 9.202014321064562807e+01 1.033999266262485861e+02 9.246697168380612197e+01 7.262083918838921193e+01 8.185876764803882111e+01 8.282935856003419417e+01 7.108691752801414054e+01 8.099966428697118204e+01 1.008612248101289879e+02 1.125719374144978673e+02 9.209680183307514767e+01 9.209680183307516188e+01 9.405497644234529275e+01 1.110453745709186677e+02 1.126927716963389940e+02 9.573242656346492652e+01 1.096342669147649787e+02 1.179484524187655268e+02 1.324463917376099857e+02 1.256322082599474470e+02 1.174223455000584693e+02 1.256322082599474470e+02 1.137917804520402001e+02 9.721281873215578173e+01 1.137917804520402001e+02 1.180102003162229636e+02 1.097900649270320343e+02 1.180102003162229636e+02 1.279327814867867943e+02 1.303407309587397549e+02 1.105033272241211932e+02 9.652545471726816118e+01 9.211881832426684014e+01 1.119079660754749028e+02 1.261097557943833607e+02
5.673135233539226618e+01 6.394145640410538078e+01 7.552526387463520052e+01 9.531984066227749963e+01 9.270877937572593908e+01 8.185876764803882111e+01 6.199712155305633843e+01 6.297059579838729348e+01 8.282935856003417996e+01 9.914836657915395790e+01 1.090742256255003184e+02 1.107731897393665577e+02 9.809383019915989621e+01 7.734596991141727074e+01 8.202441363063392998e+01 1.026891380573900676e+02 1.008813286016340243e+02 8.371004795520562425e+01 8.910680701042896601e+01 1.096342669147649787e+02 1.123922971787048084e+02 1.265256957514715879e+02 1.220953578653964371e+02 1.138678139716223967e+02 1.220953578653964371e+02 1.170081461445411151e+02 1.252360140210814166e+02 1.241850888573861056e+02 1.216085148388032451e+02 1.298206837532468114e+02 1.412798742095505986e+02 1.303414502714338710e+02 1.105033317878585990e+02 1.163135682568554898e+02 9.960647091590857372e+01 1.061055086506293463e+02 1.259163374856293416e+02
7.683805334662747555e+01 8.389143642543749024e+01 9.202014321064562807e+01 9.013321780037784947e+01 7.865883223612999586e+01 6.460911697315229674e+01 5.564917750391615670e+01 6.565019060714804766e+01 7.711504453658693592e+01 9.115208509744695675e+01 1.110076159434549794e+02 1.024099231632942661e+02 8.178282535308809997e+01 6.999681176655660408e+01 9.075835384687293583e+01 9.473811337058414495e+01 8.022385778829510627e+01 7.437610220963027530e+01 9.511916081587403937e+01 1.054042675293797515e+02 9.792981218131964738e+01 1.182660054844518527e+02 1.121226218684646625e+02 9.388820086374146001e+01 1.121226218684646625e+02 1.282801887992702916e+02 1.183154784095299163e+02 1.042331808337750232e+02 1.016358227471887687e+02 1.132052990513034416e+02 1.330866213573457344e+02 1.386494694037483555e+02 1.303414502714338710e+02 1.276491052991717368e+02 1.084315646837352460e+02 1.259163374856293416e+02 1.342032833641800096e+02
8.192008706699783716e+01 9.689052728531483183e+01 9.518173915957125075e+01 8.191475515333794988e+01 6.202668104026807328e+01 5.041755215190192274e+01 7.043237321087667624e+01 7.958570037008477982e+01 8.709239363947260415e+01 9.531026830985049969e+01 1.067696897659784128e+02 1.001800093232112374e+02 7.951546277213773806e+01 6.478278244493785110e+01 8.556796832679921749e+01 8.061819479677347999e+01 6.549246679738304522e+01 7.150542598176264164e+01 7.777708857443272450e+01 8.476058905919600761e+01 1.054042675293797515e+02 1.106515964635530906e+02 1.038780074176818999e+02 8.391499342445972331e+01 1.038780074176818999e+02 1.200529972338415376e+02 1.000818327539686692e+02 9.005699990067583371e+01 1.085822948137702326e+02 1.168051709453430078e+02 1.257158676506266346e+02 1.371743159421937435e+02 1.431696326420562855e+02 1.365367430755059956e+02 1.224080873032003893e+02 1.365367430755059956e+02 1.304872329501545209e+02
6.905051371533423321e+01 8.884876066992421784e+01 8.112485996451775350e+01 6.706798076946415677e+01 6.718554039835763092e+01 4.711232267539971019e+01 5.296292673797483275e+01 5.967955714082166452e+01 6.723154923828153073e+01 7.869979401242829908e+01 9.855689555082109621e+01 9.587115350735855657e+01 7.517103235844355424e+01 6.033325821382338461e+01 7.554550817951867714e+01 5.970297206763850539e+01 7.024036411638148536e+01 9.099602547750848203e+01 9.852304137265183215e+01 1.054042675293797515e+02 1.047962192355506659e+02 9.070796714226145241e+01 9.722366941994107492e+01 7.730579288138396521e+01 9.722366941994107492e+01 1.133898207928167068e+02 1.037465739982851005e+02 8.375919294066399345e+01 8.858722877789709571e+01 9.753433288941481294e+01 1.091069643837889629e+02 1.290119600541177647e+02 1.233388858007611617e+02 1.373574933192518301e+02 1.423273041048044831e+02 1.364651215551370740e+02 1.160834315135324744e+02
7.400239671847560885e+01 8.344048621402284027e+01 7.289536084003714222e+01 5.288830761367219679e+01 6.024178934733038915e+01 4.388594408079701026e+01 5.217904887889267940e+01 6.635132715667094772e+01 8.623457435261745729e+01 9.531026830994383658e+01 8.996387863338631519e+01 9.791151265951999960e+01 8.972092191065428324e+01 7.554550817934647000e+01 5.445873253059919961e+01 7.554550817951867714e+01 8.910978613395390369e+01 9.099602547750849624e+01 1.114756640699676922e+02 1.090913824509811718e+02 9.654932092899687746e+01 7.663367574383090641e+01 8.395356095761881932e+01 7.157699635395886162e+01 9.147387372933027905e+01 9.343949693513170018e+01 9.343949693513168597e+01 7.865523743755900909e+01 8.753116640119327485e+01 9.908477724681661414e+01 1.190627105081875499e+02 1.274362983217554302e+02 1.092961162784364859e+02 1.274362983217554302e+02 1.426213136248333626e+02 1.424334561308442630e+02 1.220530903146760835e+02
6.554473829689035824e+01 6.349833267694174310e+01 6.349833267694174310e+01 5.678077032580973338e+01 4.006075382158380904e+01 5.178164786675326070e+01 7.179851060544767449e+01 6.852709169486179519e+01 8.840630463921837645e+01 8.686650467882769533e+01 7.085775463047033895e+01 8.686643342161271164e+01 8.766018626608516229e+01 6.682857923151510704e+01 5.189769976390999773e+01 7.293001566089061782e+01 8.582797349655487551e+01 9.395413826906994359e+01 1.052466201203187524e+02 9.500677370202136274e+01 8.092216495306141155e+01 8.395356095761881932e+01 6.400346228142737459e+01 8.395356095761881932e+01 9.700518935245166574e+01 8.875545714799640962e+01 7.356673233173312099e+01 9.343949693513168597e+01 1.068368864930269808e+02 1.157652741689559832e+02 1.272731147764452544e+02 1.192216466765096214e+02 9.935401919778574609e+01 1.192216466765096214e+02 1.227643048077748915e+02 1.367898528107116647e+02 1.310944451961631501e+02
6.511696409611886338e+01 6.171401930107342082e+01 4.336841313015001731e+01 3.655739219192992095e+01 5.091108386058081692e+01 6.849678116571224962e+01 8.002831891553788068e+01 8.840630498137051063e+01 8.379213846352445216e+01 7.880403028201688187e+01 5.929953549237490762e+01 7.880402238318004038e+01 8.285709081632920459e+01 7.039802246263882068e+01 4.955102370435464820e+01 7.039802246263712959e+01 6.617007890448739715e+01 7.758580165511961013e+01 9.708698961431200303e+01 8.675695314398483049e+01 6.677134428782771636e+01 7.411783541349477389e+01 5.972796770786406739e+01 7.978836996291641981e+01 8.874893675242469726e+01 6.890212600246113084e+01 8.875545714799640962e+01 1.016926198663612837e+02 1.065402793430894803e+02 1.095753302525464363e+02 1.123448908487475109e+02 1.041216163601778106e+02 9.271763293825239316e+01 1.125991041836016677e+02 1.086836414586025796e+02 1.285802880362102769e+02 1.394232231432953029e+02
5.268967084400181733e+01 5.025085858084948143e+01 3.317997530768516867e+01 5.343337297617186721e+01 6.504867884664430733e+01 7.918627417624897191e+01 8.443646677095055963e+01 7.784977565516271625e+01 6.365224339198167769e+01 7.156208256261632528e+01 5.100864200202727972e+01 6.308429412547523185e+01 6.249476783926223078e+01 6.793653770735035380e+01 4.732083255162189772e+01 5.438380045925600825e+01 7.447848276212400265e+01 8.956776968847644582e+01 9.208746575668402556e+01 8.009335136126949806e+01 7.177956629990771376e+01 5.385466318835553068e+01 7.411782927891839279e+01 7.803604570162113419e+01 8.135338025040198318e+01 6.577037402295022162e+01 8.565470873179413047e+01 8.993431572437427235e+01 8.665211974287447561e+01 8.967317049565498621e+01 9.864488447668014715e+01 8.424372871728810708e+01 8.996740740010352511e+01 9.602629475733857589e+01 1.075860801524148229e+02 1.274854508931524038e+02 1.278910102979161820e+02
3.827032675346234925e+01 2.998628630716563848e+01 5.025085858084948143e+01 6.171399405297973573e+01 7.264148985908434497e+01 6.624574603928596161e+01 6.624574603942618012e+01 6.921888951461035333e+01 4.888130078860235983e+01 5.675309043608982051e+01 5.645375875641280317e+01 4.277563628818813868e+01 6.150627458232957423e+01 6.540667872987387454e+01 4.519209179647856445e+01 5.393606413817416723e+01 6.478789200080586852e+01 8.206561174553155524e+01 7.792525385671603999e+01 6.376305937934291279e+01 5.154168433952985851e+01 7.186622862370600728e+01 5.645999605484946926e+01 5.832473994571798670e+01 6.138429759895833371e+01 8.136610545360642277e+01 8.631288809809267093e+01 7.009320844572648923e+01 7.266679171489877831e+01 7.566513442724645699e+01 7.876992923114812584e+01 8.473974471791011354e+01 1.047947463926412581e+02 1.127427065876328527e+02 1.237095354924695414e+02 1.356963374707718231e+02 1.194784869363183617e+02
2.688781276146030663e+01 4.716803577690777161e+01 5.854257076183495911e+01 6.324595739980863129e+01 5.275466470285356024e+01 4.931872371739008543e+01 6.624547925451581420e+01 6.296035200321685465e+01 3.860271013120963346e+01 3.627350494113417056e+01 3.712042552899446690e+01 3.965859917967958381e+01 5.707686008894796004e+01 5.947337574895864520e+01 4.305261765107541549e+01 6.309886628884076742e+01 7.936017735249043881e+01 7.915261084533898384e+01 6.964153368343758643e+01 4.928025592229755603e+01 6.964206378751921989e+01 8.013715779479090884e+01 7.078830291395084373e+01 7.841977137984943624e+01 6.166473177394567529e+01 6.406390773272580930e+01 6.648376184625553265e+01 8.624646737482909487e+01 9.246323900672385321e+01 8.071332236535096172e+01 9.864488447668014715e+01 1.047947463926412581e+02 9.488292319604023817e+01 1.106811606589826766e+02 1.320333731584456984e+02 1.347338003620010625e+02 1.194784869363183617e+02
2.760869114872632224e+01 4.788296596502441815e+01 5.709553215494656797e+01 5.040153228043966038e+01 3.821476031096105430e+01 5.244565966584891470e+01 5.355541374895283013e+01 5.437564986151126334e+01 3.507897040336996497e+01 4.934347574784330703e+01 5.760036778734741603e+01 3.827728637577869364e+01 3.909059971957645985e+01 3.994755378285443470e+01 4.093949037662098078e+01 6.151118324237690160e+01 6.386297820677044257e+01 5.898451914424727960e+01 6.592007299994020286e+01 4.771629659079853525e+01 6.220585934363917602e+01 8.230932800437857111e+01 9.073015821775724987e+01 8.984371482273971310e+01 7.579994037190780887e+01 7.812781483958455908e+01 8.049637953077582608e+01 8.049692211362931005e+01 1.003515251590782498e+02 9.476466782849995241e+01 9.006819297434962834e+01 1.099793118117851094e+02 1.151857131494505779e+02 1.093257181805766010e+02 1.293329924787446146e+02 1.262272384220228503e+02 1.057498705106495436e+02
4.788208006440616771e+01 2.862979610546208420e+01 4.891315884821406001e+01 3.076400164324630282e+01 3.152564925681695840e+01 3.229574297082191237e+01 3.306975128462016045e+01 3.389616364941682036e+01 5.437557290971235346e+01 6.390021475170652110e+01 6.950357500117667087e+01 6.090706630711704150e+01 6.032276490281781633e+01 6.053460634347811720e+01 6.106325392204551150e+01 4.235592411023675652e+01 4.341921178427237749e+01 4.447170191174393494e+01 4.552062584011306967e+01 6.546160243856567718e+01 7.533393417406387016e+01 7.989632297123881699e+01 8.765018045606083774e+01 9.603601598405711570e+01 9.565789120004046708e+01 9.798160108508261601e+01 1.003551819673549090e+02 1.003655775811104718e+02 1.086070829782715350e+02 1.146642495700043867e+02 1.041576175368005579e+02 1.026719831785093504e+02 1.167441137996620171e+02 1.293329924787445009e+02 1.374789314211254805e+02 1.346804128643207719e+02 1.244281484130236493e+02
3.258798045364085283e+01 3.641671922976721021e+01 2.969136954453513155e+01 4.998125114058186114e+01 5.382989847694862107e+01 5.273524729189630733e+01 3.536260510808788382e+01 4.235124712617249543e+01 4.365345348254957969e+01 5.934512891648184763e+01 8.154186820341352870e+01 8.548616779153303469e+01 7.856121561448941293e+01 6.645502166228757801e+01 4.610339530344558767e+01 6.283761353726949750e+01 6.386293717447097151e+01 6.489035153990097626e+01 5.739345937041874635e+01 4.753559286244961157e+01 6.479577148375298634e+01 5.934207273977843045e+01 6.713873652193726116e+01 8.167195963493959709e+01 1.020829081664228539e+02 1.021901352477284917e+02 1.055564062793411750e+02 1.065501951355484351e+02 1.147915371619157270e+02 1.175618487596030661e+02 1.240341250864427849e+02 1.225534649314743660e+02 1.307618003388041359e+02 1.447794868760455529e+02 1.427258334384956413e+02 1.227813493912782548e+02 1.228155770435415945e+02
