MOVIE_S13_data/elevation_000617.asc
nrows	150
cellsize	150.0
xllcorner	0
ncols	150
yllcorner	0
NODATA_value	-9999
[rows 102 to 118 of 150, columns 0 to 36 of 150]
7.465892062736491364e-02 2.126615624797668858e+00 4.189458117315247421e+00 6.384743317109045080e+00 8.634919118961070339e+00 1.188675359194974135e+01 1.532477005737145070e+01 1.910555044220726018e+01 3.896355631772991757e+01 4.848031627399144838e+01 5.291424014561161471e+01 5.757427426685119087e+01 5.399699657004305209e+01 7.102808879238028794e+01 7.902511105156034432e+01 7.931659093986773712e+01 7.126920803508514268e+01 5.608955593824715180e+01 5.865586297564748719e+01 7.816767551498993782e+01 9.588494997111156692e+01 9.438448600497356722e+01 8.618030486261754675e+01 7.812732760308038849e+01 6.036279514029244808e+01 7.812732760308038849e+01 8.110860941145351433e+01 8.278684408144232520e+01 6.365484287391785045e+01 5.500316577408495533e+01 6.863103835683776310e+01 8.771405876345264119e+01 9.595318004262061606e+01 7.635572525944485278e+01 6.509795586711841509e+01 5.779767360932297748e+01 5.623436533708535023e+01
5.256003946987738984e-02 2.005256003946952248e+01 2.418943025098680977e+01 2.052681697905207514e+01 2.400643856199344839e+01 1.223412018749368535e+01 1.500317747710561456e+01 1.820738672479785691e+01 3.802636469490735749e+01 2.859290760650046082e+01 3.308460201856166805e+01 3.780283982788162689e+01 4.446577268760147206e+01 5.151317557283334736e+01 6.538382687966961271e+01 8.465454245163225266e+01 8.368305499710783124e+01 6.747495574030118348e+01 7.000207939737373408e+01 8.620350026134921961e+01 1.009792780219051451e+02 9.232942076980832269e+01 1.009792780178956519e+02 8.784307302293342445e+01 7.968458526625477134e+01 8.784307302293342445e+01 1.003119549287641803e+02 8.278684408144232520e+01 8.025775244433111766e+01 6.116573249945496116e+01 7.422032562841400249e+01 9.335315179251580275e+01 1.041794295383538014e+02 8.776098640421143671e+01 6.825214737937906762e+01 7.733307331211891267e+01 6.011922718947979405e+01
4.895353024219195603e-02 1.419108915402580706e+01 3.419108934197142702e+01 4.052629312746565660e+01 4.234938580834757715e+01 4.106384499374148334e+01 2.931153054261536894e+01 3.843308951765600767e+01 2.307093659314666212e+01 4.320351481873390753e+01 4.123962634384336923e+01 5.757427426685119087e+01 5.399751176016013687e+01 7.102808879238028794e+01 7.102808879238028794e+01 9.029706979923533083e+01 9.486498942438107917e+01 8.681826752880239439e+01 8.932208724869744287e+01 9.738082727912072301e+01 9.055052750473721801e+01 7.148231719348511604e+01 9.055052748050586331e+01 9.466636578738527419e+01 8.627492549849944226e+01 8.890688323011129057e+01 9.729641635608341232e+01 1.019960059069347125e+02 8.823440222866111071e+01 7.220802842313844394e+01 7.467059766366733697e+01 9.374633729088742484e+01 1.016614260657503905e+02 8.200323577345315584e+01 8.776098640421143671e+01 8.480820262195555870e+01 6.535981327618664238e+01
3.701814731466852859e-02 2.003701767684671964e+01 2.850149351007291898e+01 3.308980843933240834e+01 4.137407348867330370e+01 5.137407882638164125e+01 4.939700285676423164e+01 5.177743758223040516e+01 3.210292768506580785e+01 5.177743758223040516e+01 5.269645045350375057e+01 6.898354321989326365e+01 7.348904235274429197e+01 8.150269335838756035e+01 8.070319632176496327e+01 8.070319644708980888e+01 8.899221006694287439e+01 9.698261728752585498e+01 8.910768630640734500e+01 9.744272289484277394e+01 8.190586898164556828e+01 6.127524092356010499e+01 8.190586898164556828e+01 8.295609151994564456e+01 6.598216908813111559e+01 6.861576668380784838e+01 8.890688323011129057e+01 1.081344930127180106e+02 9.929096463989293397e+01 9.125387995073413094e+01 9.374633729088742484e+01 1.017982067936548134e+02 1.099097033491886037e+02 1.016614260657503905e+02 8.735317297676638759e+01 7.360752406376998636e+01 8.480820262195555870e+01
6.719129721006188161e-02 4.237479578351540432e+00 8.501493905463712863e+00 1.308980858287490889e+01 2.308980858287473126e+01 3.723194420657790715e+01 5.723194416421004860e+01 6.087641236220035523e+01 4.630739023534579957e+01 6.087641236220035523e+01 7.220042543901259080e+01 8.021997510737692494e+01 7.637828044724771814e+01 6.808432669512302482e+01 6.066566134819498046e+01 6.066566134820927658e+01 8.070319642241894087e+01 7.670970970980164338e+01 6.877426527053454208e+01 8.573887407947454165e+01 7.502899296228373771e+01 5.456208440398201276e+01 7.502899296228373771e+01 7.455889712237350864e+01 5.433469016614381530e+01 6.861583117231333517e+01 8.891253220032368176e+01 8.791208297654299031e+01 1.021584861512124434e+02 1.014906807109342139e+02 1.014906807109342139e+02 1.094818619919202263e+02 1.111100972952470016e+02 1.153606595812475604e+02 1.013569162790113865e+02 8.328989930890455184e+01 8.950836175084327806e+01
3.121663039542149631e-02 2.003121663039506473e+01 2.850149389812951028e+01 3.308980857666825415e+01 2.161783723709917737e+01 4.161783722627858850e+01 5.230828689034974133e+01 7.230828656298928081e+01 6.675903173981392058e+01 7.080441215537923938e+01 6.256977625668154985e+01 7.080441215537923938e+01 6.482613936488917261e+01 4.808142935882626290e+01 4.653677762291756892e+01 6.653451946369105485e+01 8.264750687666945339e+01 6.229460836735201923e+01 5.699235509217342610e+01 7.664779827223811992e+01 6.912070434383868189e+01 4.878400881295281266e+01 6.912067782518660408e+01 6.871989752270120277e+01 4.855948885665290504e+01 6.870051672631481665e+01 8.592747851721968289e+01 7.355524245636955527e+01 9.204900223232617407e+01 8.198972531869264913e+01 8.198972531869264913e+01 1.014906807109342139e+02 9.181879097862999117e+01 1.054693635154243481e+02 1.112380959692383442e+02 9.716278337335204185e+01 1.092692797710369632e+02
1.928029293696056565e-02 1.416141591666803556e+01 3.416141591666873722e+01 4.990210755966238310e+01 4.161783722627858850e+01 3.230828691359577931e+01 4.645042253724299997e+01 6.645042245816183879e+01 6.415230178653121129e+01 6.086411599720555188e+01 4.268900887359039586e+01 6.086411599720555188e+01 5.653564853343967656e+01 3.656483413702428464e+01 5.653564853343967656e+01 7.121200322384133585e+01 8.264748950658106708e+01 6.229460831683839217e+01 4.790536978511818234e+01 6.825576887310678842e+01 6.386978254338583838e+01 4.362859852277972550e+01 6.386956339170640007e+01 6.351349657004094240e+01 4.340496426557753296e+01 5.758490995080836683e+01 7.199009698637570409e+01 6.342852528042769933e+01 7.776151041979302647e+01 6.782160908380086539e+01 8.770142291346387253e+01 8.614285728829396760e+01 7.785148403773216330e+01 9.181879097862999117e+01 1.111100972952470016e+02 1.170213273315151667e+02 1.157702302620033663e+02
1.242802616660093618e-02 2.001242802616624417e+01 3.898332862452976855e+01 4.564885338817087046e+01 5.463715579907217545e+01 5.230828689034974133e+01 6.059255667416736202e+01 5.833272161799701649e+01 4.427572770243479283e+01 5.262939256513600839e+01 3.274361008526582140e+01 5.262939256513600839e+01 5.137920642649542913e+01 3.140822044773920041e+01 4.293105140176655254e+01 6.291960079186229393e+01 7.410349602158308358e+01 6.281693220840403313e+01 4.251188506999936578e+01 6.281693220840403313e+01 5.893646957175893419e+01 3.892373157424457730e+01 5.909813343554608878e+01 5.371562488410236824e+01 3.882581211418417411e+01 4.513883389104636024e+01 5.180307588306398259e+01 7.199527103668116013e+01 5.771287709158076495e+01 7.188393869488417920e+01 7.674945987385969204e+01 6.621645225791395717e+01 8.614285728829396760e+01 1.017276103806747471e+02 1.129052148162465983e+02 1.185995155881877849e+02 1.068586365481487803e+02
6.518940535573533590e-02 1.157391276531680369e+01 3.036003342343900613e+01 2.487892859318017713e+01 3.834515303498879035e+01 4.011241260457936164e+01 4.863783878246795211e+01 5.009744146355858874e+01 3.022730904998224233e+01 3.753046629513713839e+01 2.613610879523913866e+01 4.600079840517923913e+01 4.691355819633981383e+01 2.693806723439865891e+01 4.691355819472985900e+01 6.272786997090175731e+01 5.981032349534735459e+01 4.551715096918098880e+01 3.763747348621627964e+01 5.783470752218709521e+01 5.418281385265294148e+01 3.456535465599284862e+01 4.875549155834256965e+01 3.366897054100560638e+01 5.289181429308107596e+01 5.503863251926429712e+01 5.723850113648330762e+01 6.519303138730326452e+01 5.135791156570562066e+01 5.181881214346432074e+01 5.668840212926382094e+01 6.493869284871816205e+01 7.399078745017523318e+01 8.552578740242552158e+01 1.049171659621291894e+02 1.102099441121399650e+02 8.984035280835415449e+01
2.959841564326779612e-02 2.002959841564291210e+01 3.174807313587300683e+01 1.314751866600817820e+01 1.817457981842864712e+01 1.914014285334719290e+01 4.006353184185458360e+01 4.510155888997859108e+01 3.753046629478474472e+01 1.768052363616250844e+01 3.116375765419958555e+01 3.939784248001957678e+01 3.730888221669672333e+01 2.276820269141805397e+01 3.430669559860113793e+01 5.435476095208495906e+01 5.144095633533370915e+01 3.129787165418775885e+01 5.144095633533395784e+01 6.453140879980816180e+01 5.106174834377940641e+01 4.637973544036710649e+01 2.867042815148721857e+01 3.074526885868830917e+01 3.284154434198683248e+01 3.497194263714242624e+01 3.715152031443749081e+01 5.688721452450257487e+01 4.532400016846894175e+01 6.537395199978730886e+01 7.026941742728155305e+01 7.392810764557290781e+01 7.981885274503837024e+01 8.627659136718581578e+01 9.465954764726116366e+01 1.048112549038163195e+02 1.068586365481487803e+02
4.698265578524447872e-02 2.004698265578488758e+01 2.187420235224524845e+01 3.128004120602109861e+00 4.026030601565594225e+00 2.403717190494688438e+01 2.293321309304192113e+01 2.592424578355792875e+01 2.884054317812796242e+01 2.378493720253485222e+01 1.121476301987301838e+01 3.116373400039741881e+01 1.732630640138289024e+01 3.470488227997703490e+01 4.167184073284233392e+01 4.942770888774563787e+01 4.207059473050568243e+01 2.737258770625430415e+01 4.746886000521271143e+01 5.228369056321317032e+01 4.392463540171775094e+01 2.635918615191599201e+01 4.619198914638620579e+01 5.075421367032485165e+01 5.289193581295189972e+01 4.913262745803726972e+01 5.712613354892168616e+01 4.032942728485666350e+01 4.344891066052851869e+01 4.664824387366449088e+01 4.998113829996844260e+01 5.358154322212265441e+01 5.941271313161551149e+01 6.585542878716219661e+01 7.609789073689272243e+01 9.053054107011996621e+01 1.107589060399917713e+02
9.002763389687669371e-02 9.773841433115285637e-01 1.865615326646973049e+00 2.119339312324650493e+01 2.396130105225285689e+01 5.307712766146368111e+00 6.224427305752703532e+00 2.513413927911865997e+01 8.883150208257507785e+00 9.846722911907805909e+00 2.979841535173547129e+01 1.261968380770104226e+01 1.361518338040752774e+01 1.469562525389876484e+01 3.358701383920892880e+01 3.725557684383603174e+01 2.202494036451705739e+01 3.961124809745343356e+01 4.078824528649442982e+01 4.223212258517465756e+01 2.427245349514464223e+01 4.429019716790416084e+01 3.152222698506814069e+01 5.148968463369945425e+01 6.512204116059804448e+01 6.929704333704204089e+01 6.896235424519643686e+01 5.038504352721931667e+01 6.390291558308187803e+01 6.090186429625011044e+01 6.212335054080886465e+01 7.339800995888579394e+01 6.073558709377766718e+01 8.120669350600425673e+01 8.255106028872897639e+01 1.028533036871995705e+02 1.106727216553773872e+02
2.862646671724250469e-02 1.881615884399025163e+01 2.183662736979852426e+01 2.942053374772252639e+01 1.408908927577298442e+01 2.530021320547763963e+01 2.623103135562016774e+01 7.529371780273663717e+00 2.756611273781229698e+01 1.230464332348775081e+01 3.657549247804464443e+01 3.175498151996428930e+01 1.720451625210753832e+01 3.459765140747297352e+01 1.623496304822376857e+01 1.733170000436321345e+01 1.843352982622977621e+01 1.959528858963721021e+01 2.077121867245002207e+01 2.221435018620428892e+01 4.223212254325937920e+01 5.260550994957063153e+01 5.148968463369945425e+01 3.694964403480491200e+01 5.685553634030963366e+01 7.098295216952740816e+01 7.971694052674025954e+01 7.206158305966440025e+01 8.094249397363586240e+01 8.113033873828717901e+01 7.891684557060843019e+01 8.745209070304922250e+01 6.688476915523715149e+01 7.733754222396004252e+01 9.737242383907670273e+01 1.112000489804185293e+02 1.023535005007347962e+02
2.093865863459240181e-02 1.090122481051827918e+01 3.040266283663432034e+01 3.926839337270851615e+01 2.038178915766498989e+01 3.926229323887639566e+01 3.148584824004984739e+01 1.116137116512372174e+01 3.148683011805513843e+01 3.957421824830502999e+01 4.800186204751294383e+01 4.034129051020356371e+01 2.085431460407557580e+01 4.036779346839237803e+01 2.620695051666593756e+01 3.734544403745012886e+01 3.844830628562866082e+01 2.853914110927701842e+01 4.078824527830080626e+01 2.368892030264561654e+01 4.359893137325086343e+01 5.476672104133459129e+01 6.498376678924857686e+01 5.685553634030963366e+01 4.293488396129360041e+01 6.156748133016775881e+01 7.468089606928337787e+01 8.075776509861965735e+01 8.525557877537606544e+01 9.345117915991507118e+01 1.016197879846370995e+02 9.455915515079441036e+01 7.372268313050372512e+01 9.445576960328821770e+01 1.055924474939044444e+02 1.040343514099706397e+02 9.570218393652672262e+01
4.558729753488720976e-02 1.891391944245391699e+01 3.604364781748536473e+01 4.719207608628053663e+01 3.926881048945243435e+01 3.263489082955970133e+01 4.006770718142838206e+01 3.001577548090061143e+01 1.693044811214132750e+01 3.740441186601096746e+01 5.320673059409060102e+01 3.461029055627550832e+01 4.036779346839237803e+01 2.687062912730903363e+01 3.979926266903061105e+01 5.446830475490132528e+01 5.688829222222808113e+01 4.008693967707792893e+01 5.189361089644263814e+01 4.359916800865337905e+01 2.667155573570900984e+01 4.619391771298070637e+01 5.800242658945027330e+01 7.098295216946436881e+01 5.693951190990429723e+01 4.991308682383726847e+01 5.516903255185476951e+01 6.108342924264086804e+01 6.849875808624376816e+01 7.954052548487671004e+01 9.888888017089603011e+01 1.034027044214262929e+02 8.405213990599244767e+01 1.034266717275363163e+02 1.073228655160803413e+02 8.719574613450841127e+01 7.562622334811624114e+01
7.199635315621916165e-02 2.007199635315586406e+01 3.523400432579798291e+01 4.401877360740009948e+01 5.666264231154362108e+01 4.285666927674977700e+01 5.770529152106288251e+01 4.180482839502227677e+01 2.119389851147579407e+01 4.180482839502227677e+01 5.886779996351592104e+01 4.782113110016070578e+01 5.025008001138424873e+01 3.120800917150476295e+01 5.025008001138424873e+01 6.566915421542321951e+01 6.847951575466649388e+01 6.015513766758219560e+01 6.559898650800455755e+01 4.566262486417478073e+01 3.165770882534377861e+01 3.002590334764100177e+01 4.408026819239487537e+01 6.464314177180726517e+01 7.681598368940899491e+01 6.969972595992750541e+01 7.493257414912437753e+01 8.075776509861965735e+01 8.838425353601459733e+01 9.703764738717914895e+01 1.088453911000577392e+02 1.143878942750203009e+02 1.054450486415583299e+02 1.142830456614973826e+02 1.156555028765170761e+02 1.040343514099706397e+02 9.570218393654634781e+01
2.919883531702183437e-03 6.701017267752562567e+00 1.506610243317871856e+01 2.763181053192404946e+01 4.799400404532151043e+01 5.820004054471903032e+01 6.665335263161793478e+01 4.712968437605746885e+01 2.779374738828512648e+01 3.030803254970258109e+01 5.131776278035550121e+01 6.620871793384610271e+01 5.567629820418365227e+01 3.687932699841734063e+01 4.235200435429602095e+01 5.316358446926847137e+01 7.179714071360727701e+01 7.376134031983607997e+01 5.377226962957908540e+01 3.972637839901619117e+01 5.150274245069389423e+01 3.246285957222070806e+01 5.220977026846598079e+01 6.483064945874551199e+01 8.057618361940963325e+01 7.232900302331536579e+01 7.774333148204303257e+01 8.384633865557682952e+01 9.097148053841564774e+01 9.923688230058829163e+01 1.107719478645752389e+02 1.138941352484059024e+02 1.057059142638282623e+02 1.078691298196498991e+02 1.161500833451683974e+02 1.125717961672561387e+02 1.066385578810906480e+02
