MOVIE_S13_data/elevation_000500.asc
nrows	150
cellsize	150.0
xllcorner	0
ncols	150
yllcorner	0
NODATA_value	-9999
[rows 119 to 135 of 150, columns 0 to 36 of 150]
5.358388947715440193e-02 5.398808727725619150e+00 1.094581068997786133e+01 1.727036601031450758e+01 2.482965547049892052e+01 3.637666085417270523e+01 5.637665532545278069e+01 5.406239832835991876e+01 3.399744772562829809e+01 4.109746667700408551e+01 6.114197421957289436e+01 6.961658216129225707e+01 5.026695095603965058e+01 6.961658216129225707e+01 7.185076242711518546e+01 5.390147129599238696e+01 4.982216761390934323e+01 6.877969473634574626e+01 7.088958201754608979e+01 7.180888473920769854e+01 5.231413900143122930e+01 7.180888473920769854e+01 7.899007005510192414e+01 8.479173289703588523e+01 7.730733342806463781e+01 5.769318437384961840e+01 5.578109428530553515e+01 6.100272693069675967e+01 7.078035956102029047e+01 9.050747246398906043e+01 1.037182380275005329e+02 8.742263503477811071e+01 1.037182380275005329e+02 9.704184633742640642e+01 8.079843187944833005e+01 8.188125494399253057e+01 9.561794184912545802e+01
9.610063126937995470e-02 2.009610063126902446e+01 3.094581029105680159e+01 3.727036515486371826e+01 4.482965361045732067e+01 5.311382101117965249e+01 6.466068790723586801e+01 6.235508109823445011e+01 4.298959165213306477e+01 6.114197421957289436e+01 6.943387883301490149e+01 8.019924686986701090e+01 7.152355734798393883e+01 8.019924686986701090e+01 8.166755571802335112e+01 6.769874935253008630e+01 6.107323505868425428e+01 7.754708269564460466e+01 8.572725439702719541e+01 6.604370726081675969e+01 5.914979592078699255e+01 6.819243544629885889e+01 8.790023877330119717e+01 8.533883483285575267e+01 6.566575452267113633e+01 7.730733342806463781e+01 6.120176753505925404e+01 8.064391601250463282e+01 8.887136431108092438e+01 9.876566335380152850e+01 9.559706850532069211e+01 7.636573045041593844e+01 8.531748592093769901e+01 8.838390811381778178e+01 6.966304170979076105e+01 6.824290609271777441e+01 8.593940513983542928e+01
7.276759767036948545e-02 7.143835409535875591e+00 1.470312486972048660e+01 2.470312486972066424e+01 3.884526049345211618e+01 5.884526049345281962e+01 7.496154503148062531e+01 7.131114155393102294e+01 5.715901720508152550e+01 7.131114155396049625e+01 8.432543742890683802e+01 9.272722480151334423e+01 8.001275770792132391e+01 7.160529550963076417e+01 8.001275770792132391e+01 8.738500712641236134e+01 8.068113137608513341e+01 8.891235638521817464e+01 9.398257291500289057e+01 8.572725439702719541e+01 6.647241978975600318e+01 8.618182542642819044e+01 9.616052291898293447e+01 9.158126323257111778e+01 7.184097135895058273e+01 8.905706363340388521e+01 8.082775510732707858e+01 6.992814201401940011e+01 8.126119432279945443e+01 1.010992124212589687e+02 9.642539715818365664e+01 7.718593052930832243e+01 6.602459426409896537e+01 7.775019122617989353e+01 6.092466542181757205e+01 5.845482378385521827e+01 7.429933823277288241e+01
5.410910321759920122e-02 2.005410910321724316e+01 3.470312486972119359e+01 4.298739611718338693e+01 5.298739611718356457e+01 5.863161341302465956e+01 5.496154503160088467e+01 7.496154503148059689e+01 7.717132723233295621e+01 8.101619861505383824e+01 6.404118628031530136e+01 8.101619861505383824e+01 6.990212483814126188e+01 5.141556945068479223e+01 6.990212483814126188e+01 7.835163588627453635e+01 7.683437965424744220e+01 8.524188577040688131e+01 9.960232725745576943e+01 9.444305479168239970e+01 7.779116263648094787e+01 9.444305479168239970e+01 1.056339865311305175e+02 8.576043465403130028e+01 8.318922930632287205e+01 9.984463035385529395e+01 9.790371731334573724e+01 7.973298738059763480e+01 9.790371731334573724e+01 1.093853597833302445e+02 1.045521909479436147e+02 9.337996191564687365e+01 7.775019122617989353e+01 5.831729123123798786e+01 5.426714784201012520e+01 5.036436205767645191e+01 5.479152321447620011e+01
8.267786763791994120e-02 1.162968325143053683e+01 2.577181887516173830e+01 4.577181887516244529e+01 4.863161341303615615e+01 3.863161341304694218e+01 5.277374903677739582e+01 7.277374903670146011e+01 7.020686018120190397e+01 6.181859981157342077e+01 5.241737728194952695e+01 7.261431956795753706e+01 6.151043248015778175e+01 4.139363695760396666e+01 6.151043248015778175e+01 5.810954186416029188e+01 5.660202327769794550e+01 7.088144428335810687e+01 8.567420862834396189e+01 9.410079055621235966e+01 9.764368395208471441e+01 1.059311610291422454e+02 1.139288260520498426e+02 1.056339865311302049e+02 1.030449947652471110e+02 1.113351573686232285e+02 1.078416195063414733e+02 9.955846728325175832e+01 1.078416195063414733e+02 1.114183651699448347e+02 9.198693724175652164e+01 7.842956352525757779e+01 6.877741106940119664e+01 7.775019122526182969e+01 7.378346712458301226e+01 6.557517814175312765e+01 4.590626045756091855e+01
6.631016962878631682e-02 1.420844579335986246e+01 3.420844579336056768e+01 4.046664760376357606e+01 2.863161341304729035e+01 4.863161341303615615e+01 6.691588464703355044e+01 6.695083335221129062e+01 6.181859981157342077e+01 4.169816064873366201e+01 5.323921572575957839e+01 6.160959549202187446e+01 5.480463212621634028e+01 3.472556546342790540e+01 5.454665741242290977e+01 4.390346985641241417e+01 6.403831393782188286e+01 6.904423161351752469e+01 6.530672956807521246e+01 8.515894649541864680e+01 9.427652291899720183e+01 1.060655504422245912e+02 1.066523774625433845e+02 9.836767981520296189e+01 1.009637200583759977e+02 1.002059364490213937e+02 9.191961213770504457e+01 9.191961213770504457e+01 9.191961213770504457e+01 1.002059364490214364e+02 1.058138107947937101e+02 9.613201732380460385e+01 8.805391711951706668e+01 8.158080168900958995e+01 7.352195392326377998e+01 6.279569978869805880e+01 4.308319858271035230e+01
6.823395580091534685e-02 1.421036957953199042e+01 3.421036957953128166e+01 2.046664760377017345e+01 4.046664760376357606e+01 5.691588465186124779e+01 6.095624576984822340e+01 4.651789207750108091e+01 6.095624576984822340e+01 5.323921572575957839e+01 3.317231524402541964e+01 4.614448386849662853e+01 4.506141854738946506e+01 2.871480065946530758e+01 3.446883448521882798e+01 5.454665741242290977e+01 6.078296237287788273e+01 4.880833734620067332e+01 5.641398240411528064e+01 6.544421467983667640e+01 7.718844844669064287e+01 9.765807670822154307e+01 9.509853410954637809e+01 7.835135668589094848e+01 8.094910534018580961e+01 9.191961213770504457e+01 7.190197399987940230e+01 7.190197399987940230e+01 7.190197399987940230e+01 9.191961213770504457e+01 9.536944924029383230e+01 9.688650000525478845e+01 7.754752323385966406e+01 6.383212945753534484e+01 5.399059689782348670e+01 4.696304901294905676e+01 4.031500173316788249e+01
7.768263131119747256e-02 2.007768263131084296e+01 2.863600314215793574e+01 1.530266980882704253e+01 2.944480543255774307e+01 4.944480543254089611e+01 5.183506668321032151e+01 3.211254490977815834e+01 5.183506668321032151e+01 6.161116385300390874e+01 4.614448526979492016e+01 2.612917809264148161e+01 2.505535549778324977e+01 4.506241992667840890e+01 3.347648796060726539e+01 3.695383604339357220e+01 4.060990647785860119e+01 4.730127879986600448e+01 5.630036473811716036e+01 6.640280048332009244e+01 8.081194902931737545e+01 1.012725294575450334e+02 8.681125026830784464e+01 6.679417583000019931e+01 6.679417583000019931e+01 8.354332822838507866e+01 7.776500446711017389e+01 5.775109995569426502e+01 7.776500446711017389e+01 8.950289608693991283e+01 7.534771706045501105e+01 8.950289608693991283e+01 9.128787293805082470e+01 8.158080173925534950e+01 7.053530746273149532e+01 5.094778632774328742e+01 5.670457796072314949e+01
7.631010328431753718e-03 4.271645337440622470e+00 8.636003142160433299e+00 2.863600314202117048e+01 3.997892533689880423e+01 4.440585136700550350e+01 3.655271982641198747e+01 2.336917755060759916e+01 4.337159597373593556e+01 4.686757327744309976e+01 3.852948171667905797e+01 2.156216944659198376e+01 4.155265316126751429e+01 4.145333155739514552e+01 5.354709418499201234e+01 4.995922531708970382e+01 5.069915580658380350e+01 5.704379877761757456e+01 6.378835353078597592e+01 8.414465341600318027e+01 9.523889388863675265e+01 1.018223718737955039e+02 9.353187332817500987e+01 7.525438695296213609e+01 5.524233920075818816e+01 6.740501603023601263e+01 7.221413962547410392e+01 5.220408143755134489e+01 7.221414608725235951e+01 7.746263037661807971e+01 6.119432561524699565e+01 8.055094008754626600e+01 9.210812844898453022e+01 8.426401357509227807e+01 6.484869119715716579e+01 7.053529947029083758e+01 5.311258058610376764e+01
4.583726557775372884e-02 2.004583726557739709e+01 2.293936344972009778e+01 2.438276737900410041e+01 1.997968584474738307e+01 2.740135737031911844e+01 1.927283567959916155e+01 1.706142816550146790e+01 3.925629352375249681e+01 3.559441316233115771e+01 1.851616104700826426e+01 2.593793702359387510e+01 4.668508284830213029e+01 6.165099045524102195e+01 7.000597715150726685e+01 6.879334340341883092e+01 7.081167334038470074e+01 7.087842937906093255e+01 7.722850369541035320e+01 9.257334981447182543e+01 9.588207879765150210e+01 9.026461279227892476e+01 7.351175955406155538e+01 8.354332822838534867e+01 6.740501603023601263e+01 4.739760958184474759e+01 6.054251879388276336e+01 4.720433693178473078e+01 6.721163200020576767e+01 5.744820287061082809e+01 5.224810086389750552e+01 6.379891410222847270e+01 8.381757175612773381e+01 9.235231786632557771e+01 8.426401357509227807e+01 8.078482079115053693e+01 7.269524926221886574e+01
7.859053197723891993e-02 1.507161960548665913e+00 2.939391708627534516e+00 4.382767381601604839e+00 5.837553316508226509e+00 7.328265301508092300e+00 8.835822024396923879e+00 2.885147097182240472e+01 3.272644697665099045e+01 1.558364469674542008e+01 3.559441316233115771e+01 4.515047148574104341e+01 5.746781969556064240e+01 7.061526792673217301e+01 6.711429792229539260e+01 7.544396363183379606e+01 8.544347561170543770e+01 9.092385512574193740e+01 9.733329417677215645e+01 9.001660533346473869e+01 7.586353096860949563e+01 8.197325525148372094e+01 6.195658255577166784e+01 8.197325525148372094e+01 7.569404614461865322e+01 6.054253223369560999e+01 4.053669532336073900e+01 5.601168454552735199e+01 5.623664334462466741e+01 4.330299013569446487e+01 5.485169264078687945e+01 6.900134850524413821e+01 8.902095636149560676e+01 1.074287178749614498e+02 9.354272011678580157e+01 8.531983078377915319e+01 7.783758778277572787e+01
9.890458264248647158e-02 2.009888954824277718e+01 2.293938878496826916e+01 2.438276738003920130e+01 1.400243080078054625e+01 2.144486567720024439e+01 2.882554563492506006e+01 1.107890963161896103e+01 1.271190015578193311e+01 3.272644697665099045e+01 4.392700462260794581e+01 5.931516441795896810e+01 6.204042711879225180e+01 5.047737011423167530e+01 4.701010619242375554e+01 5.703934950833366457e+01 7.127336431258584071e+01 9.129837913023604301e+01 9.550163815553197821e+01 8.172682787822873252e+01 6.171112767766346252e+01 6.906778755885365229e+01 5.439521211770698272e+01 6.945265019067572609e+01 7.774355806349537090e+01 6.867158485717857275e+01 5.589048924068512036e+01 3.600448395106336363e+01 3.622859297663376310e+01 5.622887009484797005e+01 6.395991265370407319e+01 7.221907166140671563e+01 8.119139714147453901e+01 9.283694015187118964e+01 7.950618489429965052e+01 6.551495767504044920e+01 5.803367903211625389e+01
6.002193532796171876e-02 1.420215761019670175e+01 3.420219355905647518e+01 4.212704933353609960e+01 2.399951609976569600e+01 4.098474719413723477e+01 2.176716951641909858e+01 3.109423480681953578e+01 3.268813198116826868e+01 1.675224330186889432e+01 3.089416713400376224e+01 4.433688678886072410e+01 4.193584787922898016e+01 3.631185973353134955e+01 5.637562382467130817e+01 6.624277442136488503e+01 7.462315231720127429e+01 8.473040759951496170e+01 8.721267578804392429e+01 6.719575342502740511e+01 5.564314968245781756e+01 4.905786737168092770e+01 4.732301910736593697e+01 4.944248930938017850e+01 6.618969512632762076e+01 6.840889084110969520e+01 6.008342438369797378e+01 5.164602617053594003e+01 3.163565282665672740e+01 3.764829142423950969e+01 4.397586436043426517e+01 5.292125358514043398e+01 6.446721745718423335e+01 8.447887526825803661e+01 9.354272011678580157e+01 8.531983078377915319e+01 7.783758778277572787e+01
9.288278742204289506e-02 1.423501841115286837e+01 3.423501841115215427e+01 5.192836193195695671e+01 3.808872408867229353e+01 4.982987016366859478e+01 3.176022358139068658e+01 4.982172772503233915e+01 3.676052561462097401e+01 3.677028754389764487e+01 2.106451097336358202e+01 2.430760756324743710e+01 2.778721470267964477e+01 3.312942469085790265e+01 3.945189505869824131e+01 4.611964819758484424e+01 5.614277260228529087e+01 7.634277624044455024e+01 8.569774867579290856e+01 7.569067540351849743e+01 6.150474862035221690e+01 4.149662155840533728e+01 5.365691551886676081e+01 3.789193440631451892e+01 5.789977841933202285e+01 6.008740325118729686e+01 4.004111122950496338e+01 4.590024106883757327e+01 2.911346444614164142e+01 4.912550152664956471e+01 6.395991265370407319e+01 7.221908350243239738e+01 7.994291727110979195e+01 8.820283460108383622e+01 9.199356547994707967e+01 7.980169772850162246e+01 7.065029365485550272e+01
5.483986668867355668e-02 2.005483986668831875e+01 3.538836681563827113e+01 4.433276663390535788e+01 5.774817994300718738e+01 5.971248803655069537e+01 5.161258695628032456e+01 5.971248803655093695e+01 5.680001151737255327e+01 4.942809518001172364e+01 3.260863359284337548e+01 3.585243313143433141e+01 4.782434280559478168e+01 4.193584787922898016e+01 4.948712233017665341e+01 6.624277442136488503e+01 7.462315231720157271e+01 8.473040759951504697e+01 7.740751685703021678e+01 5.739347119316986578e+01 4.739140225332901224e+01 4.031832290683677655e+01 3.364751741959101849e+01 3.272406357337104055e+01 5.273378025202885055e+01 5.112023022777058401e+01 4.283037083143529600e+01 2.588792991780401209e+01 4.590023410007499649e+01 5.741612444576083618e+01 7.411210524063635319e+01 6.585625945386335900e+01 6.002137473376153309e+01 7.994291727585974172e+01 8.326484081835906181e+01 6.253277253270837122e+01 5.087018703724658764e+01
3.275272397204486569e-02 7.103820535837550132e+00 1.604809244588175687e+01 3.019022852952765135e+01 5.019030507358091597e+01 5.914519299597599655e+01 5.469150562454576203e+01 5.886242278256815297e+01 6.333538192858381422e+01 6.103200526203009701e+01 5.267142034690179742e+01 5.592686577520743185e+01 6.429101683761352604e+01 5.351338238871011299e+01 6.963436094009982469e+01 7.801056176833442635e+01 8.376969707272655796e+01 8.595046202907158772e+01 8.569774867579290856e+01 7.569067540351863954e+01 6.740049402510008747e+01 5.455043608151499512e+01 3.454123589117728699e+01 2.786944737113117654e+01 4.391788427671755812e+01 4.283037083143356227e+01 2.281903169668545317e+01 4.283037083143529600e+01 5.419056189354211739e+01 5.175086326980816409e+01 5.645464623074857968e+01 4.591242606055278941e+01 6.002137473376175336e+01 7.994291728001641673e+01 8.299892676741795583e+01 6.457317860516248231e+01 6.494788809868428814e+01
9.327661483462378056e-02 2.009322340468365198e+01 3.538749549429336838e+01 4.433276493914423355e+01 5.328602651832420634e+01 3.914223950577661526e+01 3.468901765142689442e+01 3.885940658796995706e+01 4.333170027090987730e+01 5.473824814943430539e+01 6.076940640043207509e+01 6.905573891630569960e+01 7.905829371764937719e+01 7.368858683929059339e+01 8.206710107459542769e+01 7.793740437688208544e+01 6.384090051895671536e+01 6.602073725066112786e+01 8.595046202907158772e+01 7.765792104394819262e+01 5.764416196105401724e+01 4.609339294276892929e+01 5.455043608151499512e+01 3.805701392490102819e+01 2.390674247721166523e+01 4.013613394443601123e+01 2.071063904798525357e+01 4.072091140143619725e+01 4.543772012189311482e+01 3.178695172732005148e+01 3.649818525685034132e+01 4.542952811367179322e+01 5.695269790673287247e+01 7.687807732096995039e+01 7.874738955410450103e+01 5.923194744186194072e+01 4.525978816385548953e+01
