MOVIE_S13_data/elevation_000540.asc
nrows	150
cellsize	150.0
xllcorner	0
ncols	150
yllcorner	0
NODATA_value	-9999
[rows 85 to 101 of 150, columns 37 to 73 of 150]
8.084891168022976160e+01 6.636632805686866732e+01 4.662609460457351673e+01 6.636138894667440979e+01 6.222775979170400262e+01 7.596246618267652195e+01 6.931234782940580885e+01 4.958827122682397004e+01 5.392107898514750985e+01 5.938092972432486505e+01 7.311644320037189004e+01 9.126701070304797270e+01 9.810350315995606252e+01 7.750567794794514498e+01 9.732478217276727150e+01 1.058066713011939868e+02 1.160579822780399581e+02 1.305476499214433659e+02 1.296200299772888513e+02 1.212954401728932083e+02 1.296200299772888513e+02 1.418609324815749630e+02 1.335470940174457724e+02 1.336669823107584989e+02 1.253743831034380207e+02 1.218495028460834106e+02 1.118839720975172582e+02 1.016032453138515308e+02 7.645945355336243665e+01 7.268895316522468875e+01 8.876570634324241382e+01 8.876570287400706150e+01 9.368551661140764963e+01 8.542579369713857318e+01 6.845677037259265774e+01 8.248975214938141676e+01 9.540853962860516901e+01
6.935580264489735214e+01 6.195230087005553798e+01 4.217542740775324717e+01 5.601321764666448644e+01 4.860504687238861266e+01 6.744682804159154443e+01 6.615362122434952141e+01 4.646144114115325152e+01 6.619370813977646151e+01 7.899017516748497769e+01 8.714969244788038338e+01 9.135897680605761195e+01 8.296420260033458760e+01 6.997187542278443573e+01 7.698417364075916680e+01 8.706289624692067264e+01 1.015683146346365646e+02 1.179439065481597169e+02 1.262822008150769193e+02 1.229868058894590916e+02 1.313141761500583868e+02 1.429262512985527849e+02 1.309030801545426641e+02 1.221425870685076802e+02 1.054380943730857894e+02 1.221425870685076802e+02 1.190537315603504283e+02 1.130755863134815939e+02 9.955296776136601977e+01 8.876570634324241382e+01 6.885623875021481410e+01 8.506111780587507099e+01 8.258606068222027830e+01 6.562470945028840674e+01 8.542579369713857318e+01 9.656907097072283364e+01 1.105313900968368017e+02
5.532599823174704312e+01 5.335304894555600441e+01 5.247144692241490560e+01 3.612296438179941305e+01 5.167184539079823224e+01 5.842603440512601054e+01 5.980915663242215174e+01 4.383366420495048743e+01 5.780657462293920190e+01 7.782490234929069572e+01 8.526256977473076404e+01 7.692148120313075310e+01 6.300532133816853531e+01 7.443591063145132125e+01 9.461406608071978042e+01 1.058066713011939868e+02 1.146406051543264084e+02 9.776884645240488680e+01 1.113386283611979053e+02 1.028114832889160795e+02 1.144825923298884334e+02 1.346037776510407866e+02 1.226157152220513780e+02 1.026732044864168074e+02 9.393784935118029011e+01 1.138641614383270166e+02 9.909073053720189250e+01 9.909073053720189250e+01 1.073628201764978769e+02 9.703325574806704878e+01 7.921749494466504871e+01 6.526598190357404405e+01 6.285113681334286184e+01 8.040151373702695992e+01 8.804443378612681670e+01 8.632489338934554723e+01 9.261384605706371076e+01
3.580218184316242258e+01 3.341052748670446704e+01 3.451910167618414249e+01 5.444114493024589052e+01 3.780384726557763031e+01 3.899350693316180383e+01 4.019164775970619985e+01 5.998781106368505078e+01 6.977746539588096653e+01 7.934527777145567029e+01 7.150105357348330415e+01 5.707248397051738209e+01 7.104962885570424191e+01 9.109738677654003425e+01 1.030341654432066463e+02 1.084284347587740882e+02 1.000855966468526788e+02 8.617286408674424081e+01 9.116601156662696326e+01 9.877722905972397882e+01 1.130752420003705652e+02 1.332064050331821363e+02 1.204298612617421895e+02 1.004934976947071164e+02 8.636028411646103109e+01 9.849888819156774389e+01 9.423145704897586938e+01 7.910071772096254961e+01 9.842654083772677609e+01 1.074263612094017333e+02 9.332173778789223206e+01 8.414474836600305707e+01 7.475015090607108448e+01 6.069646067579799364e+01 7.682607871976992442e+01 6.652835069878995000e+01 7.272501463122405596e+01
3.184919089764490607e+01 5.182262200472352731e+01 4.030226107304817162e+01 5.957783911706074775e+01 5.976559160125734849e+01 4.892642873984892304e+01 5.999134875198469530e+01 4.210574027471007952e+01 6.046187431717252991e+01 6.676593721490921496e+01 5.170705385626499151e+01 5.975110845214913269e+01 6.961344428950138763e+01 8.370044296129607631e+01 1.038468498661631401e+02 1.000855966468526788e+02 8.003875979937846807e+01 1.000855966468526788e+02 1.113387945518813922e+02 1.189715249729418360e+02 1.152783127157424872e+02 1.354044350292709566e+02 1.189356579748269809e+02 9.900429218247246865e+01 8.746155468706511726e+01 7.848286190865478318e+01 7.424139358725675208e+01 7.023038510939608159e+01 8.509116067818460749e+01 9.336250309445027540e+01 9.707844003121604715e+01 1.002781447517110678e+02 8.852278700287617141e+01 7.825877631094306253e+01 5.855427176596005268e+01 7.620480161521304296e+01 6.782303927268559107e+01
5.035017438180529581e+01 5.173684437311629125e+01 4.643098890050110583e+01 6.560813140467237758e+01 7.695934474072467424e+01 6.288669179004221377e+01 7.012707379962544962e+01 6.188196053073288283e+01 4.403076453389402189e+01 4.705109669110505166e+01 5.691364095879178109e+01 7.087844570511509801e+01 8.793620033416421222e+01 9.795724836866352803e+01 9.969850626631161106e+01 9.137293787958107316e+01 7.615762607590698963e+01 8.317094876534162040e+01 9.211200468860538138e+01 1.037516588433746989e+02 1.239554155017305703e+02 1.437359059075183438e+02 1.272202705386372230e+02 1.157011456109675720e+02 1.067710028597648915e+02 9.849888819156771547e+01 8.860801442397374217e+01 6.871547299078740423e+01 6.529032522440627417e+01 8.164412425960708219e+01 7.379484589793169391e+01 8.859845415685870762e+01 8.764083488987600390e+01 8.244229331711434838e+01 7.420875362843403877e+01 5.647697237509796508e+01 7.620494929222891756e+01
5.858829094644173807e+01 7.116491553002543924e+01 6.565481287277798117e+01 5.648303350947177393e+01 7.618705581901541279e+01 8.273360936280829492e+01 7.932281722890490983e+01 5.950377753658965219e+01 4.555225344867114501e+01 6.530863984268974320e+01 7.508500168012814413e+01 8.502324975581251465e+01 9.916805380651450719e+01 9.521493885990854267e+01 8.689777065509200327e+01 7.143826238153488362e+01 9.125459755729482936e+01 1.032547980665904390e+02 1.116328332329246393e+02 1.206607341838134460e+02 1.323262705731726783e+02 1.365682012434255341e+02 1.282431216684102537e+02 1.193298147358077870e+02 1.077980363949256031e+02 9.385761455878753168e+01 7.386971236544225405e+01 8.860801442397374217e+01 8.164412850253066267e+01 6.191341599874532875e+01 5.958194223894670927e+01 7.609102258243788697e+01 6.826336167884251438e+01 7.223188698696519339e+01 5.443934406921592739e+01 7.026126711239361100e+01 7.473775346785186002e+01
5.316096978588309696e+01 7.297741608281049253e+01 8.458992408839226584e+01 6.763754433897588569e+01 8.458992408839817756e+01 9.479042825172724918e+01 7.494945209025712529e+01 6.684176829332803038e+01 4.708801032968938216e+01 6.103461263712125628e+01 8.086158967822719035e+01 9.061470313256189968e+01 9.194182641021458835e+01 8.689777065509200327e+01 6.703494079980278286e+01 8.689777065509200327e+01 9.896357770300092227e+01 1.094969203450892650e+02 1.114426662600568108e+02 1.133597647799921617e+02 1.222172666265433634e+02 1.282431216684102537e+02 1.082670647815949820e+02 1.110426591490198120e+02 9.108284197562385032e+01 7.950566438743824449e+01 9.385761455878774484e+01 1.021365654153222380e+02 8.990637439881848536e+01 8.135355046387198286e+01 7.467436866211910740e+01 5.634946233785039738e+01 5.436385507027237196e+01 5.239421544037933387e+01 7.063585591766516814e+01 7.842322109039437805e+01 9.504611580644306912e+01
5.316096978588309696e+01 6.489668187033220192e+01 7.633410947068908570e+01 8.786590569069630874e+01 9.628533610068113546e+01 8.896021251678389774e+01 6.914607816103959692e+01 5.521713536211603213e+01 4.864058889691572318e+01 6.839389367862892755e+01 7.894424429619104444e+01 7.014207158698154387e+01 7.202058802617403899e+01 7.982554473190812416e+01 6.409825381721269366e+01 7.717660726827084261e+01 8.255938772755206401e+01 9.333431742670839526e+01 9.243301292055289764e+01 9.270873964570964176e+01 1.134737651405890517e+02 1.282424104817556838e+02 1.082670343284818841e+02 9.418275956266563753e+01 8.660691740039578690e+01 9.108284197562385032e+01 1.077980363954554264e+02 1.035764346641734619e+02 9.531934329684166585e+01 8.163999307540791506e+01 6.203433389240321816e+01 7.609110362977520481e+01 7.413469220257971415e+01 7.021472534289415535e+01 5.072565433485862485e+01 6.906183773999070752e+01 7.729534085265540000e+01
3.681384357044759525e+01 4.831824787859896730e+01 6.808179665927490021e+01 7.664342867022919847e+01 8.492349655495375771e+01 9.113668447983936005e+01 7.131149168330196630e+01 7.494948010669570237e+01 6.839389367947902088e+01 5.092199555370817876e+01 7.067468587620541598e+01 5.614739158176993783e+01 5.806181266523663709e+01 6.002500394217113922e+01 6.318867566963526627e+01 6.638181243257047015e+01 7.015619951907964946e+01 7.415995937355616263e+01 7.845712233448141149e+01 9.264557006633995684e+01 1.129684442434282658e+02 1.274151800061984687e+02 1.172097074081095940e+02 9.730097317718559680e+01 1.065635902434752893e+02 1.051957998191300305e+02 1.067387808039819390e+02 8.697426866816766733e+01 7.561295000321369741e+01 6.820137157007484063e+01 8.163999307540791506e+01 8.984021901124050657e+01 8.120497701423181525e+01 6.141632239149178929e+01 6.906183754089704507e+01 4.905688597318784616e+01 6.749494662829302172e+01
5.667130645060984051e+01 4.055090466931147120e+01 6.034742866927739868e+01 5.688726341094154293e+01 7.081807444968239906e+01 9.070707785568410486e+01 9.113668447983936005e+01 8.548667844159686524e+01 6.517880259165454504e+01 5.387638189102253961e+01 5.348684683142420937e+01 7.272842824044566612e+01 7.777425979992020189e+01 7.982553206547611069e+01 6.806898369602188836e+01 8.619295185628119782e+01 7.563863034583302181e+01 9.417305039416902446e+01 9.862896230964450695e+01 8.695318450515863162e+01 9.864388144368926703e+01 1.190812509441951619e+02 1.254711243743443987e+02 1.087944682535404439e+02 1.253523396649143962e+02 1.251582262405271990e+02 1.150302349264145079e+02 1.035764346641734619e+02 9.353712237347190239e+01 7.385375458618469224e+01 9.353712237347190239e+01 9.525191052830273009e+01 7.538983983382871656e+01 8.120730565144377522e+01 6.906183773120893932e+01 6.749494981840066998e+01 4.735656259004996116e+01
6.857664131655489825e+01 6.034742866927739868e+01 4.439741695398991794e+01 6.414853265863933984e+01 7.527685049716460242e+01 8.355288589670192323e+01 9.349615180374760826e+01 9.382203511952216957e+01 7.778905062646809654e+01 5.725463733109791775e+01 7.323709021614246240e+01 6.484083656964023135e+01 8.463994933029817958e+01 9.391379818540369229e+01 7.400211274028558250e+01 9.290369765308140870e+01 8.262211075693683426e+01 1.029023690606913561e+02 1.157607581879363181e+02 1.013041966331230981e+02 1.013080288734253145e+02 1.218217206107464534e+02 1.370078879734749648e+02 1.287456153891819497e+02 1.323369239879851875e+02 1.241438079261968426e+02 1.200753883501432568e+02 1.001845886288058693e+02 8.628837631701692601e+01 8.775543848523398083e+01 9.353712237347190239e+01 1.035039653753038493e+02 9.525191052830273009e+01 9.717287651317754182e+01 8.044945563166143643e+01 6.057303239855160371e+01 4.611161641064600047e+01
7.169191552070694229e+01 7.238531124640715575e+01 6.414853265863933984e+01 4.858527935237685114e+01 5.556039960128372002e+01 6.537242459781866444e+01 8.518127702320082051e+01 9.613776425007046100e+01 7.610334542061667662e+01 6.148258212425989200e+01 8.197129076555924598e+01 7.624331402216562026e+01 9.292111071435100200e+01 1.011269483297369050e+02 8.099694307689657080e+01 1.008848109613256412e+02 9.688693415801850506e+01 9.690735438191620688e+01 1.173756148048159247e+02 1.217916781661905361e+02 1.218668844294406739e+02 1.303978157660614841e+02 1.396838709913342598e+02 1.197455927537361191e+02 1.197430107049668635e+02 1.043081911944620543e+02 1.186220137861417214e+02 1.142965824104998376e+02 1.060104689839621130e+02 1.074953420298095352e+02 1.133446978007546875e+02 1.115412878317557954e+02 1.033730538624769792e+02 9.299815321193280226e+01 7.304112753828974292e+01 5.908678914320002917e+01 5.139782590961920050e+01
6.992586294790068280e+01 8.560339997398286016e+01 6.578610036879413769e+01 5.188392959444502139e+01 7.159045276642777367e+01 8.355274226078824995e+01 9.349607136740310409e+01 9.802642553876619047e+01 7.803610987493887308e+01 6.654422021680471744e+01 8.652288475837715964e+01 9.614740580066404618e+01 1.044270884387065195e+02 1.094133983396605458e+02 9.260761202526629177e+01 1.094133983396605458e+02 1.171486452512924643e+02 1.173756148048159247e+02 1.257819353563866827e+02 1.256379421959139790e+02 1.175073981497251765e+02 1.256379421959139790e+02 1.338320851124773867e+02 1.139107765724804722e+02 9.986605324421758212e+01 9.279563933602231884e+01 9.874954359628053169e+01 1.127878561820710672e+02 1.100233709355747038e+02 1.017941332765053488e+02 1.010981428254837908e+02 9.805746834195380757e+01 8.347533243946408277e+01 8.713878511003738936e+01 8.715243112105855516e+01 7.853473581825976169e+01 6.607638221236345544e+01
6.992586294789981594e+01 8.971189493824418548e+01 7.507324550414162445e+01 5.537159618698059660e+01 7.507324549108315637e+01 8.670618199482622401e+01 9.503231515885870806e+01 1.063769270757382088e+02 9.484415615738474514e+01 7.808080838004573820e+01 7.508807711307881050e+01 8.913398552762120630e+01 1.092413173896798213e+02 1.209880704417062560e+02 1.127609643367335792e+02 1.166436885343674845e+02 1.085128979238974125e+02 1.166479661076600394e+02 1.275162143233608560e+02 1.160128278557720449e+02 9.841400771747277076e+01 1.137207970206479217e+02 1.218315139815684915e+02 1.279937998104315824e+02 1.196870358495823865e+02 1.045700553559633335e+02 8.459754848018819473e+01 9.772048103080533110e+01 9.380169978697891509e+01 8.184387189086130832e+01 8.115910682937419551e+01 7.811009908491648446e+01 8.100394606416173815e+01 6.707639715965109417e+01 7.546022239386321928e+01 7.280759040198071830e+01 6.786997962576606369e+01
6.552813414705204309e+01 8.530220985330542760e+01 8.334767961524710245e+01 7.507324550414162445e+01 6.071530281745610580e+01 6.689784765939842259e+01 8.083653713423589693e+01 1.008767597420053477e+02 1.064091756440257797e+02 9.805497555186646252e+01 8.653469864992486293e+01 8.763746896887728610e+01 1.077325005998506811e+02 1.181231919797269256e+02 1.100366146609605948e+02 1.070201424742929674e+02 8.944984535789150470e+01 1.070201424742929674e+02 1.175249525951003733e+02 1.002676295898287009e+02 8.911659868755531022e+01 9.463702092706198243e+01 1.066669921406053163e+02 1.147223886409717721e+02 1.217158098284531320e+02 1.018706650515223515e+02 8.774664198621280775e+01 7.773853899903316744e+01 7.385645029604805245e+01 7.034427869572512293e+01 6.702143952341792499e+01 6.386959015246125659e+01 6.082414428695304309e+01 5.791484993252092295e+01 5.525837900796746283e+01 5.271148197068779950e+01 5.071906153260601258e+01
8.209336587864908097e+01 9.352168526460718567e+01 9.954449011084651033e+01 7.952446871045681576e+01 6.560435609431711157e+01 8.538819721913115757e+01 7.934569537649464621e+01 9.346715119327359389e+01 1.136269121206809984e+02 1.149882416528339064e+02 1.066189135676753637e+02 1.018126772722082052e+02 1.161017406428704248e+02 1.100366146609605948e+02 9.093375593813112800e+01 9.652885371799926872e+01 8.004722903278906188e+01 9.897981230845277878e+01 1.094694751268448698e+02 9.052893420248027212e+01 8.147850548368417378e+01 8.378860382401377649e+01 8.768640291736770109e+01 1.066669921406053163e+02 1.180319950209148629e+02 1.158413580766451787e+02 1.059055289554479629e+02 9.188491228658421051e+01 8.382119724777932390e+01 9.027584448551284879e+01 7.856939264214193486e+01 8.395254827347061166e+01 8.102314775788904910e+01 7.747378426103952620e+01 5.737394510831394001e+01 6.062838014360665539e+01 5.552771619869373865e+01
