MOVIE_S13_data/elevation_000240.asc
nrows	150
cellsize	150.0
xllcorner	0
ncols	150
yllcorner	0
NODATA_value	-9999
[rows 17 to 33 of 150, columns 74 to 110 of 150]
7.109602654669090782e+01 7.531578111872315162e+01 6.705730798668537318e+01 5.775283339813206140e+01 7.446072885135750141e+01 8.857317766546645998e+01 8.917775713509043101e+01 9.135440732086794924e+01 7.727046233077776094e+01 9.135440732086794924e+01 9.146355279002149530e+01 7.576890500602591771e+01 5.573809617948003137e+01 6.160434788255458471e+01 5.675426551302751221e+01 3.673972732812102748e+01 3.077942693471793589e+01 4.741944411495649092e+01 4.222603095033191778e+01 2.243637676750496013e+01 2.656517419229329136e+01 4.566558363516061547e+01 5.343357984682924666e+01 4.515827112538738675e+01 2.564337580861641186e+01 4.569049238273596814e+01 6.152999799295827188e+01 4.263692208611304579e+01 3.902890511807422769e+01 1.906665644231365775e+01 1.258775559304118197e+01 1.436750007293817966e+01 3.405682369971028578e+01 3.015426643823710862e+01 4.114006692863844705e+01 6.105429322005162618e+01 5.182431040087090679e+01
6.485425234477986578e+01 6.794082513044041605e+01 7.613482122656272111e+01 7.774192904123739822e+01 8.598747217223572648e+01 8.330777914153694041e+01 8.330777914153694041e+01 9.157840975645542869e+01 9.721869749224002533e+01 9.457910073757096825e+01 8.317828493043461435e+01 6.316337305786089473e+01 5.158653728900255686e+01 4.155256188382912086e+01 3.790890732057509638e+01 3.440355639248727471e+01 5.072003718819854612e+01 5.901437552285165822e+01 4.677865573677553357e+01 2.691973513497205062e+01 4.566557400004045064e+01 3.841759321810931027e+01 5.813764169076736721e+01 5.404007937067670042e+01 3.564372865025657688e+01 5.404007920861931069e+01 6.070269142951568142e+01 4.263643775018421422e+01 2.329233414367065080e+01 1.341291900606348442e+01 3.242300497501477707e+01 3.414461432915322092e+01 1.814744798095349410e+01 3.795006826190525118e+01 5.031388081924901456e+01 5.155378836027079359e+01 3.772067206969949638e+01
5.366082471135311494e+01 4.853979306726633070e+01 6.794082513044041605e+01 7.047555555483816647e+01 7.342500955656532824e+01 6.354224094798534850e+01 6.354224094798534850e+01 8.330777914153694041e+01 9.624906564157790001e+01 8.628743333265710191e+01 6.627780072194595107e+01 5.625963061885082084e+01 4.806316253535485572e+01 6.160477339027954002e+01 5.794375485587688956e+01 3.829499092735103005e+01 5.833155432778819005e+01 6.310750050401317424e+01 4.310883243219874572e+01 3.216242609675650499e+01 5.210982223537708791e+01 5.217945517919212506e+01 6.654782101272064665e+01 6.460742693031309614e+01 5.608038230293129089e+01 6.413401383364347907e+01 5.329069380803663591e+01 3.497388765213712958e+01 2.384359918227698216e+01 1.399765984918946771e+01 3.407961307462814915e+01 4.619898975466456648e+01 3.795006826040759051e+01 2.226173936325240987e+01 4.202741147730622373e+01 3.170317785786800613e+01 3.969310998533960344e+01
3.493809091615840146e+01 5.131804453292139812e+01 5.398544588552574908e+01 5.103148920229273955e+01 5.389906479141378526e+01 4.990473044353259979e+01 6.933143263852923610e+01 6.810498464006602148e+01 8.796523222127859754e+01 9.457910073757092562e+01 8.457308015884881058e+01 7.388983316062376616e+01 5.386191962285928980e+01 7.388983316062376616e+01 6.242468250875950275e+01 4.237253151857287037e+01 6.242468250875950275e+01 7.140129636412120817e+01 5.788642067808353886e+01 3.787570103148745915e+01 5.788642063641363222e+01 7.252197803105927676e+01 7.538498629259972006e+01 6.701021381412010669e+01 7.333776397410650816e+01 6.104562249880621039e+01 4.703300260374478370e+01 3.594432181245123559e+01 3.436691713169449969e+01 1.458393825641095631e+01 3.194468260171970186e+01 4.740396910737629099e+01 5.031385678293716524e+01 4.202669991663495352e+01 2.657452378797614045e+01 3.347934309980941947e+01 5.337490657887874335e+01
2.951159396265612855e+01 3.202279159247591878e+01 3.476280668161635390e+01 3.755200478066028325e+01 4.045219740763991467e+01 4.379750476351090072e+01 5.222911516639508278e+01 7.174940797484039479e+01 8.424484560316747661e+01 9.421990384244614347e+01 8.458581556796902134e+01 6.457546477634539883e+01 7.388983316062376616e+01 8.218024172776323155e+01 6.679976020078485988e+01 4.675063550575779203e+01 6.093632898412210608e+01 8.095533536609393366e+01 6.456571078189693935e+01 4.452785141403860791e+01 6.456571039805730550e+01 8.131324386246666336e+01 6.108569114404139100e+01 4.718402795155419227e+01 5.795690082603058357e+01 5.297851195990708106e+01 5.867306163559541687e+01 3.844506736195193497e+01 2.313086207252691295e+01 2.567859951568032884e+01 1.541739519688173310e+01 3.142019247767078483e+01 5.397801867969621981e+01 5.464384742163635167e+01 3.789834826432790749e+01 5.337490657887874335e+01 4.598540615654355435e+01
4.888579902450796055e+01 3.850793489885077037e+01 5.398544588552574908e+01 5.103148920229269692e+01 5.961808160546189583e+01 6.301966844670682377e+01 4.909782027661361070e+01 5.627245488391523764e+01 6.600617854754790415e+01 8.591955100227256992e+01 8.458581556796903556e+01 7.872510431145094856e+01 9.287734816970194629e+01 8.987799472318546634e+01 7.215368351000840619e+01 5.212113681181927660e+01 6.312640144046359580e+01 8.314433232639721894e+01 7.285993775081890078e+01 5.454988238330729899e+01 7.285971144198346394e+01 8.131326852706536101e+01 6.108569119605029130e+01 5.795690082603056936e+01 3.894493775915237421e+01 3.436618486528339389e+01 4.657463918690197602e+01 4.880296468810258403e+01 4.087249649704596521e+01 3.544047192705808413e+01 1.600773803198296363e+01 3.582359049070426238e+01 5.045722089639955499e+01 6.242816080777698318e+01 5.787326588578520159e+01 6.619814580561896378e+01 6.019049205423404914e+01
6.586451621511514531e+01 5.772309921493432938e+01 4.951743470736514041e+01 6.893224538720613737e+01 7.869695693890948007e+01 7.328918582556607930e+01 5.366645161582810175e+01 7.328918582556607930e+01 8.424484560316747661e+01 9.421990384244614347e+01 1.045982216216996648e+02 9.873482416860736066e+01 9.313891094244428359e+01 7.313102331004012058e+01 6.157551953047405391e+01 6.629266205403196466e+01 8.044383632561498132e+01 9.143577187260713401e+01 8.287384034254856147e+01 7.458156209690089611e+01 8.287430290948303480e+01 8.968437643970304407e+01 8.131327472763513242e+01 6.621960413570479886e+01 5.795690082603058357e+01 4.657463918690197602e+01 2.818799861369553028e+01 3.967423763632032774e+01 3.801553676270266635e+01 3.641014027005344644e+01 1.659876751966087483e+01 2.024886328104170730e+01 3.310648655011245012e+01 5.409990034092378153e+01 7.205727956113247501e+01 8.044395822703592103e+01 8.033423452170421797e+01
8.056892807261000655e+01 7.714233421219989850e+01 6.893224538720613737e+01 6.893224538720613737e+01 8.870128169734813639e+01 7.946376680598416442e+01 5.955847830342528226e+01 6.398615245029914433e+01 7.299686761215689046e+01 8.659758634793686838e+01 1.066354104292464910e+02 1.184633173011973213e+02 1.014316959456510574e+02 8.987799472318546634e+01 7.313102331004012058e+01 8.630344099821765269e+01 8.865226886218955826e+01 8.030167977647870714e+01 7.767327726599937421e+01 8.602977178920167489e+01 8.181327746613040119e+01 7.012731633189152092e+01 6.175050484112035321e+01 6.435177070038878355e+01 5.907734026739196764e+01 4.458377504601816099e+01 2.397751410467655120e+01 3.183489869287879515e+01 1.821173996577142518e+01 1.754564545377965956e+01 1.769830171920342465e+01 3.732915354366955540e+01 5.045713360045496643e+01 5.766312474099780161e+01 5.170087542333386921e+01 7.205727935138563112e+01 7.276874648904951925e+01
7.642536904239435103e+01 8.232380877802303587e+01 7.413701371784233629e+01 7.966522744832015235e+01 8.781123658166499979e+01 9.013333336928155859e+01 8.103028772833653193e+01 7.198201239163380194e+01 9.096503058128587327e+01 1.007921452231249049e+02 1.068338647576115505e+02 9.832051463074641617e+01 1.095009962439664690e+02 1.014316959456510574e+02 9.313891094244428359e+01 9.170305968199194524e+01 8.030167977651342426e+01 6.000524990459296504e+01 5.736784050612157415e+01 7.432875925412292872e+01 7.344623581917193178e+01 5.318863553352937146e+01 4.156559062883388123e+01 4.417317316075686762e+01 4.789063660402936762e+01 3.272578784965883614e+01 1.982996232425281846e+01 1.915677441366305445e+01 3.565850127817413551e+01 3.732762307889178288e+01 1.876188012090794643e+01 3.866847910148005951e+01 4.684204353015451971e+01 3.741873187682365653e+01 5.766312764810101044e+01 6.370793511732406245e+01 6.157186251277789779e+01
6.171845064707681416e+01 6.704215360321521189e+01 5.403314461132887203e+01 5.968847782126652390e+01 7.966522744832015235e+01 9.630484520703551254e+01 1.006970331290072949e+02 9.217289818720419703e+01 1.007573480085653017e+02 1.008736331854886146e+02 8.659578534071255262e+01 8.396071256432267660e+01 8.928428447915908350e+01 1.035494991735414487e+02 9.170305968200730717e+01 7.143871722459002171e+01 7.515729335075091910e+01 6.594993658008479542e+01 4.566896864378823295e+01 5.688001299845926440e+01 6.526578682365835959e+01 6.434853236754045724e+01 4.417260188497892415e+01 3.008971522279146171e+01 3.849824534445649959e+01 2.079992299507241071e+01 3.963044425703587592e+01 4.142194669473235535e+01 4.026570253395015442e+01 4.697737075349800051e+01 3.280095560058777693e+01 2.053974504631088394e+01 2.683381050607376750e+01 4.632310428240035804e+01 4.610758242229409376e+01 4.527984403132684577e+01 5.001174316886250892e+01
4.248495543177843814e+01 4.681690561114988469e+01 5.856820324325370564e+01 7.861778506533096333e+01 6.919745435619815055e+01 7.675102766914982055e+01 8.812674815183729038e+01 1.074763335390509127e+02 1.042202049411188369e+02 8.396071256432267660e+01 7.218852741782575322e+01 7.218852741782575322e+01 7.488851359519379969e+01 9.520562226187067267e+01 8.949638986764126969e+01 6.921784510128239276e+01 5.483709523392838747e+01 4.766610723895700374e+01 4.185171440356596406e+01 3.671113642551122780e+01 5.148965420613569677e+01 4.810518060769888393e+01 4.910802445957309459e+01 3.927400656764087472e+01 2.176928608809907928e+01 4.059362131662941664e+01 3.471858776887317077e+01 5.477720703085132214e+01 6.198430009377448613e+01 6.119528994504037200e+01 4.879165642563418714e+01 4.045681520965640487e+01 2.245327932920886127e+01 3.972459281836570710e+01 2.638065666132338549e+01 4.299011320571608508e+01 3.047409980441786459e+01
4.290092493762654868e+01 6.319449034499204032e+01 7.528034376101423675e+01 8.681001522020751793e+01 8.894429332803485977e+01 9.630484520703551254e+01 1.043165779108953188e+02 1.154859082491506257e+02 1.125418224261321996e+02 1.008736331854886146e+02 8.235595449077811736e+01 6.201805906266547908e+01 7.592454725383585412e+01 8.179387666067346174e+01 9.016855396542142387e+01 8.352183100806907134e+01 6.797301840894348857e+01 6.797301811335087507e+01 5.616446828700820504e+01 5.148965420613569677e+01 3.145798262367181408e+01 2.818057855419775493e+01 3.424649285519394226e+01 2.273769630527902308e+01 4.156184257506980373e+01 4.990636097192124510e+01 5.477720703129379132e+01 6.314754667339600758e+01 7.629926763704611403e+01 6.612668304130038166e+01 5.769307922630477492e+01 4.522821221909789102e+01 2.453660084135881192e+01 2.441341049922106166e+01 4.434821410191246116e+01 2.840090347299254958e+01 4.828906707466945392e+01
5.468560041829505991e+01 4.794406030625044934e+01 6.817454022271685687e+01 8.159868541898489980e+01 8.844538460816147563e+01 9.594352293606065984e+01 1.041049686808655821e+02 1.154903485011248847e+02 1.027052402199354333e+02 9.438919390926201913e+01 9.073191678180468500e+01 7.592454725405319493e+01 5.561841286776029136e+01 6.147483272890266193e+01 7.645783848673215743e+01 8.484033387425176898e+01 8.824184996449689322e+01 8.482573986198802629e+01 6.778640274264435561e+01 4.774288468197424606e+01 5.148965420613185984e+01 4.352153625431798645e+01 2.369944826759435941e+01 4.248621855028061844e+01 5.081357389282062087e+01 4.065120903704075062e+01 6.110889311275477809e+01 7.862955694572980292e+01 6.785892930744188334e+01 4.752730712257240242e+01 3.739983152622482265e+01 2.973820084376844619e+01 4.522821994356014841e+01 4.493572733642373151e+01 3.369473659991938774e+01 4.995512798689893685e+01 5.734768877680104282e+01
7.481785014286576541e+01 6.817453822263632901e+01 5.322285823820794803e+01 7.337823255328649452e+01 6.852064933188978557e+01 7.610531362447795800e+01 8.760197741370910762e+01 1.073382860264173075e+02 9.438919390926201913e+01 7.413220687704560419e+01 8.006534101237383538e+01 8.431130299502726189e+01 7.006267117698975255e+01 4.978102444729807274e+01 5.615580082138131246e+01 7.312992230812480443e+01 8.261311381457886682e+01 7.436405271589951838e+01 7.598646603237631325e+01 6.628263934456407469e+01 5.339980841398131162e+01 4.423260347140590909e+01 2.439205590393745382e+01 2.834305591449041728e+01 3.280625103526032404e+01 5.275708102435478253e+01 4.983189291467068927e+01 7.023214835944885692e+01 7.629884552330014458e+01 6.612668304440458655e+01 5.487291298481426338e+01 3.451525067731719787e+01 5.487291298481426338e+01 6.277431931357372008e+01 4.094600813746720291e+01 6.277431931357372008e+01 6.876393266600256027e+01
7.888674458309201043e+01 8.159862778604113487e+01 7.332242595064653301e+01 5.899344701588839257e+01 6.725382998854306038e+01 8.719284181508838572e+01 1.041049686808655821e+02 1.012789102549198788e+02 9.116378361095654270e+01 8.006534101237383538e+01 5.975912411522175205e+01 6.921121151942199390e+01 7.758598590024642760e+01 6.473645157518340909e+01 4.446568549596745612e+01 5.989080139323912277e+01 6.828460112308836472e+01 5.434557650543218443e+01 5.801931469145193887e+01 5.438193699453579200e+01 3.920656607257813420e+01 2.538077140328011438e+01 4.422780239427715543e+01 4.760948707851906647e+01 4.167542005310778563e+01 6.118846630573160184e+01 7.023217462669946087e+01 6.164621527127680878e+01 8.196080756630162512e+01 7.153265910499035840e+01 5.155381308005285490e+01 3.965910166219290289e+01 5.995181566913505122e+01 7.173621604497913040e+01 5.354535063190670741e+01 7.173024241904232667e+01 7.236615898328901153e+01
6.479927673480135297e+01 8.477331224653144659e+01 8.570201979425567629e+01 6.574813036118816001e+01 8.570982355695561239e+01 8.139518567566788931e+01 1.011896218968528842e+02 9.296217742456121869e+01 7.266901168596534433e+01 6.249884274142782914e+01 5.532654033329320242e+01 4.845537700040763696e+01 6.264763365578930632e+01 7.107207447311398596e+01 5.989081318499161455e+01 3.965763067329071134e+01 5.530889984461999376e+01 5.216096708745210719e+01 3.799669743859929838e+01 4.629220903768681694e+01 2.637065782405145242e+01 4.524257572302793307e+01 4.491179544670625745e+01 6.388040483978846851e+01 6.193429574855680642e+01 6.193410281678654172e+01 8.232023158128065177e+01 7.601350010337094432e+01 8.196080029489350238e+01 7.992286752448946174e+01 5.902800685994689900e+01 4.497551921027405086e+01 6.566841615141720467e+01 8.428605677592878465e+01 7.556761885331356154e+01 7.730746528012620900e+01 6.435537125909587530e+01
7.209676912877002053e+01 8.852032262062824941e+01 9.390428072892864009e+01 7.578437189065989799e+01 9.390428072892864009e+01 1.011896218968528842e+02 1.093480561751645439e+02 1.012789102549715210e+02 9.116378361127549113e+01 8.281559455526328861e+01 7.563249287956605826e+01 6.264762487525170087e+01 3.739900583388035216e+01 5.708490655304399297e+01 5.551463273862177061e+01 5.402532736611905051e+01 3.519932386123413437e+01 3.219665056983200202e+01 2.926818253086505095e+01 2.806274454498714732e+01 2.723652771579574505e+01 4.719352842895889921e+01 5.456098903517931831e+01 4.619263808601206023e+01 5.465083715791502073e+01 6.556038845864944165e+01 8.512530429263851772e+01 9.631887811385540488e+01 1.022434339415387825e+02 8.878687780975316457e+01 7.270475048932655682e+01 5.213181414920907741e+01 6.645386848791802947e+01 8.877313156940340377e+01 8.167297823760979725e+01 6.380399263639972673e+01 5.062142631380001490e+01
