MOVIE_S13_data/elevation_000715.asc
nrows	150
cellsize	150.0
xllcorner	0
ncols	150
yllcorner	0
NODATA_value	-9999
[rows 68 to 84 of 150, columns 37 to 73 of 150]
5.924292283397749515e+01 5.669403732214934877e+01 7.727213117551212918e+01 8.710494490456531480e+01 7.375054840195564054e+01 5.657705440382746076e+01 4.229839772285315291e+01 5.905833624717354269e+01 6.709930081702540861e+01 8.010595188800965616e+01 6.067991447400159188e+01 4.036720567052654474e+01 6.045563506058196168e+01 7.170228599403050396e+01 6.361251003116093017e+01 5.403958197832236010e+01 7.460540486789513182e+01 7.697653052166300824e+01 5.712872132287167659e+01 6.294199673300685305e+01 4.486650251687087376e+01 6.503360557728744595e+01 7.999157006925214830e+01 7.427831386978448336e+01 9.381782242266896787e+01 1.040718232381182418e+02 1.042866772640189055e+02 1.049121168869112211e+02 1.128303501114099987e+02 1.174657773659453994e+02 9.854144085800960795e+01 9.816916617768420394e+01 7.968665432995851461e+01 7.865874185312348743e+01 9.785040135496427638e+01 1.052585921728821177e+02 1.131407536765406263e+02
6.291567077622677573e+01 7.726023135968142697e+01 8.573591320464683463e+01 7.727282200752819108e+01 6.009436021544343731e+01 4.589148955985550060e+01 5.064075820637675918e+01 6.228022839482176920e+01 8.165875628185014534e+01 7.771838780044801354e+01 5.777848062486911118e+01 4.331512051741894709e+01 6.360959682950598904e+01 7.654336392596724181e+01 8.329175747622639392e+01 6.582191599502787938e+01 8.329175789643845462e+01 8.509994175294735896e+01 7.697652773874341392e+01 6.651869477691336385e+01 4.638112572744699946e+01 6.544545082361020150e+01 6.029402925917712253e+01 7.833174146520315162e+01 8.326755921088010837e+01 8.318138938817513406e+01 9.527866026706730906e+01 1.035538344511985827e+02 1.134699591314519722e+02 1.254839196370057692e+02 1.145844105324644460e+02 1.015115940245030259e+02 8.351157333223639512e+01 8.306037466961359428e+01 1.045796901690800382e+02 1.176951334319603717e+02 1.176951497462206504e+02
5.815267550890881409e+01 7.792068778722781985e+01 8.128773632286845441e+01 6.127168510871655371e+01 4.964182585440903495e+01 6.545265579423964653e+01 7.028259328702789333e+01 6.469435720954801639e+01 8.396608207737776297e+01 8.310454716758198401e+01 6.356220767774486546e+01 5.255617785515536156e+01 4.810119318801000077e+01 6.840642839752833027e+01 8.609479295495734164e+01 8.660387453858541562e+01 9.534416506683761838e+01 9.582218795226890506e+01 7.635939250028431502e+01 7.452409566628722359e+01 6.644908241376538172e+01 4.856142897349143084e+01 6.860238217165137087e+01 5.854483441561416157e+01 6.358683069711458558e+01 6.909941241487041452e+01 7.564930414267878689e+01 8.542292311345835287e+01 1.051343974206761800e+02 1.196625322189984217e+02 1.015654896492793284e+02 8.910746643797726563e+01 1.015115940245030259e+02 9.318617339770733565e+01 9.025171470890457215e+01 9.708617900421982938e+01 1.117560197096293706e+02
7.068754354900002568e+01 8.371440309798748558e+01 8.930968812094788234e+01 7.781659509350254211e+01 6.938701594472173895e+01 5.362597030308891988e+01 7.310118614847611695e+01 8.396608207737776297e+01 9.198820953978275838e+01 8.730514344379827207e+01 6.727659297543516459e+01 7.211601637860144365e+01 5.215663452490534979e+01 5.835901817607853559e+01 7.245914840452846306e+01 9.172579012990958347e+01 1.031434268582480485e+02 8.375506695736946483e+01 7.635939379011246331e+01 5.657427244867955096e+01 5.173187564278325823e+01 6.864547293235703762e+01 5.173187564587365017e+01 7.174075942256190785e+01 8.326755921088010837e+01 8.873554155893779694e+01 9.527866026706730906e+01 1.035538344511985827e+02 1.134699591314519722e+02 1.217251991575753607e+02 1.035264591880055463e+02 9.373520606468561311e+01 1.114364258220860506e+02 1.082482151991068093e+02 9.889007570650836954e+01 1.169811186641896796e+02 1.176951454173087797e+02
6.016185428492470777e+01 7.477095011301751981e+01 9.528805891519814963e+01 8.826396983218317871e+01 7.019365791072164029e+01 5.648636562022893770e+01 7.581179842260019086e+01 8.975192334099183711e+01 1.005648523062834556e+02 9.497730543271100601e+01 8.714857643440826962e+01 7.464231618073063146e+01 5.637533430315559002e+01 7.604957693038568323e+01 7.246420163021117844e+01 9.180380624227528585e+01 1.004439767492232960e+02 8.375506696559442332e+01 6.418561885169762604e+01 7.414276219989838523e+01 5.427333319685823909e+01 7.407408140817244657e+01 5.429273302074839336e+01 7.417872990276333667e+01 8.584641707858708060e+01 9.968732981500068036e+01 1.030650849669595743e+02 1.112620593897468098e+02 1.218502068181487061e+02 1.296897590360282209e+02 1.192411103204262730e+02 1.023858916412762881e+02 1.023858916412764302e+02 1.204869600921595776e+02 1.175376391979093995e+02 1.140500071158237745e+02 1.330558366007626319e+02
6.940071394501323709e+01 8.936601197187991374e+01 9.703508505140834473e+01 7.840788620662665664e+01 6.495492531060276065e+01 6.137085205771591490e+01 6.297926868660400856e+01 7.407869350378923912e+01 9.276095104987285822e+01 1.027334599263883490e+02 9.217862852941016172e+01 7.242089979494069496e+01 6.085257048586048967e+01 8.059504346175395995e+01 9.174368791677439106e+01 9.989039319746765955e+01 9.244228244155821983e+01 7.301398267287463284e+01 7.774498512792061433e+01 5.801593978889393100e+01 7.414297655972494283e+01 7.412196699554974089e+01 7.417872990276333667e+01 5.797494124226019352e+01 7.200550434217336715e+01 8.714456663323578312e+01 8.356651178781791600e+01 9.402319375548854907e+01 1.109161352281653734e+02 1.222695163530343052e+02 1.284595770416969174e+02 1.149616406236964110e+02 1.149616406244927873e+02 1.149616406244927873e+02 1.338262613561106207e+02 1.330558454465428042e+02 1.369921717591886363e+02
8.405772952458842440e+01 9.859946907808343042e+01 9.383010719772838115e+01 7.519049741572112566e+01 8.386681667952395003e+01 6.630950607263402219e+01 8.197474462672271045e+01 7.059683868544600216e+01 7.632692214711428846e+01 9.492526202730390139e+01 1.002796451263407249e+02 8.602276966290243365e+01 6.645359796424037313e+01 7.703617560217816163e+01 9.643527488472021503e+01 1.036112045910934398e+02 8.426135504298089529e+01 9.244228244155821983e+01 8.032331307886478555e+01 6.068735241198443475e+01 8.032331307886475713e+01 9.350755483883693842e+01 8.391884590342219497e+01 6.433582861048024881e+01 6.210798218085743372e+01 6.762877251482753138e+01 7.456749822165598118e+01 8.326961273296861066e+01 9.445952574175974803e+01 1.140111714874962558e+02 1.300368536259968266e+02 1.338262609824818981e+02 1.338262613561106207e+02 1.338262613561106207e+02 1.419575208041394205e+02 1.373760917302854523e+02 1.291448747226119167e+02
1.046724385027576432e+02 1.069953979927579155e+02 8.837686519784156758e+01 9.383010719772838115e+01 8.451609140371060391e+01 7.130167693005488161e+01 8.996268980979318997e+01 8.931765156342041223e+01 9.492526202730390139e+01 8.627027307804929990e+01 1.048640582738908762e+02 9.188609578910492814e+01 7.244165374577075056e+01 9.188609578910492814e+01 1.044306575502880037e+02 1.036055645721789773e+02 9.795500229598893327e+01 9.668207585020029171e+01 7.727623389805889076e+01 6.340533542620025287e+01 7.727623389805886234e+01 9.668207584885729489e+01 9.080800702064668428e+01 7.132251684994226082e+01 8.173185921969542278e+01 6.701547667236982875e+01 8.653796315794070892e+01 9.669484126277669134e+01 1.020847470359629483e+02 1.020847470359629483e+02 1.171951906681353961e+02 1.270541574104580889e+02 1.338805080197851964e+02 1.256567685500706517e+02 1.338805080197851964e+02 1.259068067234625232e+02 1.092821957490160685e+02
1.074158091628626437e+02 1.148839191690386770e+02 1.069953979927579155e+02 1.109732332687678138e+02 9.774466233623925859e+01 8.068140021670957651e+01 8.211296483065204654e+01 1.006856135440215638e+02 1.127369074324940073e+02 9.936889415409939375e+01 1.048640582738908762e+02 9.986368070856829604e+01 8.373913251162682059e+01 8.625076713422001262e+01 1.055561466428521840e+02 1.228467112965032157e+02 1.172668379995798205e+02 9.942355187847844888e+01 8.003838896844487749e+01 6.622761361651511436e+01 7.752165162166444645e+01 9.691009437072629851e+01 9.894798835266352910e+01 8.005320257317691812e+01 9.466367199557330991e+01 7.831178368523923439e+01 7.237182374667308693e+01 7.725640378286486509e+01 8.265116540082047436e+01 8.950134602653257332e+01 9.916878845450204949e+01 1.187648866877272837e+02 1.239479265913230677e+02 1.057869252887725793e+02 1.239479265913230677e+02 1.176771516703792173e+02 9.777963783149138521e+01
9.548068396198461016e+01 1.150614916191030943e+02 1.100766088738117503e+02 1.118131701917838967e+02 1.070768702698195227e+02 9.377385487488113824e+01 9.520877844114461652e+01 1.006856135440215638e+02 1.194828790237401108e+02 1.181305580193572666e+02 1.237299726212424105e+02 1.109326235033387746e+02 1.029997280652255398e+02 1.055495076113318191e+02 1.137448778215872522e+02 1.184901661309379080e+02 1.072981819466211135e+02 9.218563657324038729e+01 7.277724204470004565e+01 7.009699444197599405e+01 8.952663841311925808e+01 1.049513475854537319e+02 9.950882658982898477e+01 9.377966485871343139e+01 1.059448059888446210e+02 9.777513329279551613e+01 7.854403762294938929e+01 9.669484126277669134e+01 1.020847470359629483e+02 1.089668375711146240e+02 1.171951906681353961e+02 1.270541574104580889e+02 1.157218469194217363e+02 9.583067489094835878e+01 1.057762609051850262e+02 1.101565983380702107e+02 9.025847580615349841e+01
1.093535916474683063e+02 1.042473644074466108e+02 9.019168100063353677e+01 9.193142544384640757e+01 1.059854551390754693e+02 1.124500282262341671e+02 1.139078631282681329e+02 1.103706140678240928e+02 1.021414944560642795e+02 1.103706140678240928e+02 1.105297638928774120e+02 1.022923742295432845e+02 1.048730443456304613e+02 1.131103016224240889e+02 1.276425093590480486e+02 1.104317047788978812e+02 9.107551538751573617e+01 7.989231056200527803e+01 9.218563657324038729e+01 7.409292557757022735e+01 8.781510895541924810e+01 1.071734523874413156e+02 1.191519148544320359e+02 1.133402465421170433e+02 1.117913707994396049e+02 9.226208572455327328e+01 9.226208572455327328e+01 9.439261392926681538e+01 1.139533773207202927e+02 1.191058999186020628e+02 1.272992977257109715e+02 1.297681109765987060e+02 1.099025638867981343e+02 9.583831131232237510e+01 8.588743354341535508e+01 1.043847849540179169e+02 8.452495035487164898e+01
9.863352648635265041e+01 9.430224288802109811e+01 7.611831294300658612e+01 7.785775647326140358e+01 9.297611964281783514e+01 1.012088448302253312e+02 1.132768297969631845e+02 1.004280877681746205e+02 8.224890299339296007e+01 1.004280877681746205e+02 9.904027246127689921e+01 8.238637248137672486e+01 8.497024330012976634e+01 1.048730443456304613e+02 1.195693466933653042e+02 1.001854810093484929e+02 8.902809733545515769e+01 9.925640362353404100e+01 1.015207927898605220e+02 8.278738874266520043e+01 8.119797798534699496e+01 1.005521986259983152e+02 1.172590826450848454e+02 1.269640331715248749e+02 1.200353451021679376e+02 1.117913707994396049e+02 1.117913707994395907e+02 1.139533773207202927e+02 1.158741641563962901e+02 9.931355023774683843e+01 1.076787815024651280e+02 1.158741641563962901e+02 1.135479596996561611e+02 9.366256386714916005e+01 7.959058190616026707e+01 9.239477796527276610e+01 7.938041413174707372e+01
7.876018590832129007e+01 8.240701185277782770e+01 6.623944570278801791e+01 6.796516062178609729e+01 7.311617801188643284e+01 9.297611964281783514e+01 1.038878938042302025e+02 8.514993963160982560e+01 7.226819680488675601e+01 9.219519872472866950e+01 9.079963876175025916e+01 7.086022455733970560e+01 8.083963151374601352e+01 9.492866087968035060e+01 1.148223782409686891e+02 1.164332244950384734e+02 1.001854810093484929e+02 1.164332244950384734e+02 1.101845293636992835e+02 9.395773327515205153e+01 9.237279893527687591e+01 8.985945560442176827e+01 9.951428785822189127e+01 1.188913310356537352e+02 1.327231126901360483e+02 1.245278176295829695e+02 1.216377579711666499e+02 1.134421547274015580e+02 1.076787815024651280e+02 8.779074778071409924e+01 8.779074778071409924e+01 1.044091574306391124e+02 1.148792972563980612e+02 1.065174105796472190e+02 8.662657288665469935e+01 7.250881593323785523e+01 9.245246436347196095e+01
8.054724708103236708e+01 6.266319412875753159e+01 5.831773577776888828e+01 5.925829213979765342e+01 7.893302024161729946e+01 9.829331078064697635e+01 9.565443286437673009e+01 7.572971378997546310e+01 6.518295572245696690e+01 8.514993963160982560e+01 8.449424235220513424e+01 6.451633535078015314e+01 8.300590518175533816e+01 8.965623553699306569e+01 9.789812493601095866e+01 1.068013572129571287e+02 1.195693466934273346e+02 1.276425093944903892e+02 1.213793626968348320e+02 1.133162739699837260e+02 1.060411150773688007e+02 1.010098823634112364e+02 1.172590826450848311e+02 1.269640331715248749e+02 1.245278176295829695e+02 1.047654787341781741e+02 1.105537337845354955e+02 9.359315419943081338e+01 9.723551366148079467e+01 9.619641987955981222e+01 7.616611003974981031e+01 8.675905795009789756e+01 1.066775398996868915e+02 1.032903427497137159e+02 8.338772837230109758e+01 6.924833411016778939e+01 8.852007377952065781e+01
6.083326880858258079e+01 5.405578777894525899e+01 5.111372880854776213e+01 7.054368799079763619e+01 7.049185243703701076e+01 9.014041369594828268e+01 9.443719467082806318e+01 7.938596786418199258e+01 5.936970390601922531e+01 7.938596786418261786e+01 7.933596894496514551e+01 5.930558027006102151e+01 6.300592764989191608e+01 6.970524447127999679e+01 7.864686468028007482e+01 9.273656264100995372e+01 1.126292765797071667e+02 1.109395685980910855e+02 1.109395685980911139e+02 1.191748817516167520e+02 1.254487044264480033e+02 1.203945559743887088e+02 1.284693725850972328e+02 1.259454414632436539e+02 1.237874103989908292e+02 1.105537337845354955e+02 9.071140006822349733e+01 8.360690296446409775e+01 7.721929256704409283e+01 8.992662312185817086e+01 7.033304602165119945e+01 9.041416749057684399e+01 1.033721395708021618e+02 1.001817675060913615e+02 8.026485066218791076e+01 6.611966001809813065e+01 6.855455092173687603e+01
7.283158536742621436e+01 6.619901177799546588e+01 4.685263206921248980e+01 5.463687739725916970e+01 6.834338630462116271e+01 8.798892240336539317e+01 8.619831969411210082e+01 6.622737462090776717e+01 5.461173558545456075e+01 7.466808920457026488e+01 6.953146725632828407e+01 5.438543775363136490e+01 6.603217385725943700e+01 8.601494359550957824e+01 9.789812493601095866e+01 1.068013572129571287e+02 1.051118941022969153e+02 9.104890645322493015e+01 9.104890645322493015e+01 1.109395685980910855e+02 1.154196436813749926e+02 1.236547729468067018e+02 1.259454414632436539e+02 1.062431415931722967e+02 1.040890709307986981e+02 1.139382406648947779e+02 1.105537337845354955e+02 1.035384094218502469e+02 8.408612086543811870e+01 6.984191341547034426e+01 6.545792996587891821e+01 7.513226858147339726e+01 8.925218208190619862e+01 8.811375739806021556e+01 7.986636834443365274e+01 6.310669224583577375e+01 8.308638918098054660e+01
5.336349598058203725e+01 5.906556734524284735e+01 4.386229492520931217e+01 6.317737939226155675e+01 7.337182732660210149e+01 7.248755591998742887e+01 7.119103574231502307e+01 7.014943753866313614e+01 5.042873585606973563e+01 6.478720268524439518e+01 4.940325736058782269e+01 6.953146724819025337e+01 8.273618022432013674e+01 9.426025095168880341e+01 1.019650710127111353e+02 1.040438013318790524e+02 9.580560533222413255e+01 7.695974746941691080e+01 9.535815419882959532e+01 1.013595244749176061e+02 9.553563241102058612e+01 1.154196436813749926e+02 1.237874103989908292e+02 1.040890709307986981e+02 9.012601091203180204e+01 9.421569650541380270e+01 1.081652363234795047e+02 1.122299661819307772e+02 9.815804267833517827e+01 8.992662312185817086e+01 8.099523077013537886e+01 6.092252168728528972e+01 7.671577298497045660e+01 7.674538335876563622e+01 5.988231373860043050e+01 7.986611267394938807e+01 7.724907940707866771e+01
