MOVIE_S13_data/elevation_000813.asc
nrows	150
cellsize	150.0
xllcorner	0
ncols	150
yllcorner	0
NODATA_value	-9999
[rows 17 to 33 of 150, columns 111 to 147 of 150]
6.845633328808236229e+01 7.964190740232514543e+01 8.795157469454184707e+01 7.724887222166314871e+01 5.679139051913688263e+01 6.278324818380708905e+01 6.546956741987290229e+01 5.306476281654575189e+01 3.244231703097265296e+01 3.991489200556674888e+01 5.004842732746658385e+01 7.041210450420889799e+01 7.863706296028138354e+01 6.229480953393395026e+01 4.270176225523261593e+01 6.286523735851150718e+01 5.007342405485745473e+01 6.741074206794031909e+01 5.903012300461345063e+01 7.309760004970067371e+01 9.276784226808985068e+01 9.506501221219475894e+01 9.169209537503715524e+01 9.997655179225328936e+01 9.182833309096596963e+01 8.028755642533789683e+01 7.133446032170249396e+01 6.305320919917284073e+01 6.138674709923113681e+01 4.112260388090265906e+01 5.954169612560647806e+01 4.007033970476212659e+01 4.838546467679757512e+01 4.129507981336475808e+01 2.129527733858853367e+01 1.373598813520001194e+01 1.845002835138292596e+01
6.194534895556906662e+01 6.413796811938141218e+01 7.247398477294453301e+01 8.570785691626227276e+01 7.724887222166314871e+01 7.143584366647475292e+01 5.103595314587639820e+01 3.666579568933777011e+01 5.306476281654575189e+01 6.023026591580207167e+01 6.864475104281069662e+01 7.881541826488437152e+01 7.761354802580322598e+01 6.040871738693223136e+01 4.721519251346794732e+01 6.762084304925993195e+01 7.006276071481178747e+01 6.642347783734048505e+01 7.885888060788504106e+01 8.701556753462153893e+01 8.608761538997271145e+01 8.079276191679304020e+01 7.613904344925110479e+01 8.195760889262366788e+01 8.023768250102128263e+01 7.200940107033272852e+01 8.023768250102128263e+01 7.577126130083340172e+01 5.542848622877909293e+01 5.566080355686429471e+01 5.917989533184660900e+01 5.389308163269184604e+01 5.543681489515486049e+01 3.543738134699995612e+01 4.129507981336477940e+01 3.373586500946156264e+01 3.844982109918865376e+01
4.201589855342086821e+01 4.419315725282078233e+01 5.927603381817330330e+01 6.760261691250691740e+01 7.918500548699499575e+01 7.479617700499106547e+01 5.990128527569434169e+01 3.963249583889264471e+01 5.990179864325403969e+01 6.994282841990323618e+01 7.460135081154126624e+01 8.304184914320687483e+01 7.927196085323683405e+01 6.053964001496209590e+01 6.628602436915275575e+01 5.596520672686958875e+01 7.653245988213551243e+01 8.625571254920700426e+01 9.444675718326189440e+01 8.031472440292495207e+01 6.627608778016428914e+01 6.104870660000094063e+01 5.645778720228437209e+01 6.222229369475081029e+01 7.038452179539763165e+01 5.236873549675203776e+01 7.038452179539763165e+01 8.414251744549937939e+01 7.577126130083340172e+01 7.718523271689707599e+01 7.761282168105361734e+01 7.317865784301808674e+01 6.372008804468369902e+01 5.543681489515486049e+01 4.136145237899715710e+01 3.307715945187685236e+01 2.848884471070076430e+01
2.807530172357783371e+01 3.312974074062184116e+01 3.935954654048884294e+01 5.081838681565839977e+01 7.082967271918386132e+01 6.632940858096175418e+01 4.600355854086078011e+01 5.990179864325403258e+01 4.533312012202416241e+01 4.960743190513867518e+01 5.421373330887355024e+01 7.366542101261536857e+01 8.719457148360156395e+01 7.986885905899993077e+01 8.246003722008155989e+01 6.291110137720541218e+01 8.364231615858382440e+01 1.001802823337614257e+02 9.022683538745896215e+01 7.207874987141266843e+01 5.244573716931273566e+01 4.727594840685113553e+01 4.270506773447064575e+01 5.646697774614909804e+01 6.218906828354237604e+01 4.262198420506388175e+01 6.218906828354237604e+01 7.111782117244291612e+01 6.294472835242003583e+01 7.111782117244291612e+01 7.356912235545179612e+01 6.202207520587002421e+01 5.373774426911906232e+01 4.666667615679409664e+01 3.307715945187685236e+01 1.307715925568618864e+01 8.488844578274912678e+00
4.609277504994621921e+01 4.712696079122327575e+01 5.297787197802145442e+01 5.341093136477091718e+01 7.343564370588485701e+01 7.127938690365772345e+01 5.087010343466437945e+01 7.127938690365772345e+01 5.963101013549469798e+01 6.994282841990323618e+01 7.460135081154126624e+01 6.186798911739325746e+01 7.635092753050705028e+01 9.679365060574188817e+01 9.203222727633931299e+01 7.340319648867411217e+01 9.203222727633931299e+01 9.190501284891665534e+01 7.202768300611748487e+01 6.219115181530828806e+01 7.207874987141265422e+01 6.683160651416675080e+01 5.646697774614906251e+01 3.692521970570535217e+01 5.566670692404954224e+01 3.603253122469859449e+01 5.566670692404954224e+01 6.138467005904525564e+01 4.358831255405534932e+01 6.138467005904529117e+01 6.528475081375198386e+01 4.528474880311741657e+01 3.373774341929196652e+01 2.666667560742624588e+01 2.063644871587086627e+01 3.307715945187685236e+01 2.848884360440861840e+01
5.976159378871125938e+01 6.710322111743013807e+01 7.298902669119733844e+01 7.343564370588485701e+01 8.179430246024305973e+01 7.975814832991761705e+01 7.127938690365772345e+01 5.912509071124065940e+01 7.966461091295599317e+01 8.853514449892600169e+01 8.917026065685801939e+01 6.867486616625765805e+01 8.233846249332457035e+01 1.027352218021171382e+02 1.022207825299436479e+02 9.388143582849335189e+01 1.022207825299436479e+02 1.001802823337614257e+02 9.022683538745896215e+01 8.196634792751711984e+01 7.786333918161864176e+01 5.816233842700015799e+01 4.436373733322577095e+01 3.298345333119221578e+01 4.756063913763858153e+01 3.019542660665196010e+01 4.223128312851603283e+01 4.702758901936332592e+01 3.426379173712097526e+01 4.664392317692106360e+01 6.657871000522214899e+01 6.202207520587002421e+01 5.373774426911906232e+01 4.666667615679409664e+01 4.063644909959806029e+01 4.892070949732625706e+01 3.731667812793281058e+01
5.180909695983189778e+01 6.240889845195581387e+01 6.379161214902769927e+01 7.195477816737876253e+01 7.309659197660835162e+01 8.129082842581374280e+01 8.617942711799815925e+01 6.557776937269011341e+01 8.617942711799815925e+01 1.064486342663766010e+02 9.757721198272091101e+01 8.053931033063963696e+01 8.543115132735657369e+01 1.058073892656195767e+02 1.020458100911746442e+02 9.376644573166623786e+01 9.270723405879230938e+01 1.009883584641149810e+02 8.892812671140781333e+01 7.902749565577246926e+01 7.080070198306106022e+01 6.426260963996638509e+01 5.837200649834140620e+01 4.756063913763858153e+01 2.768202966914576990e+01 2.488210457975845102e+01 2.218591278800457900e+01 3.322411883625045448e+01 2.716646105350100981e+01 5.144898909793440112e+01 5.932136667088368398e+01 5.112740107150885649e+01 5.932136667088368398e+01 6.361264416085553819e+01 5.526486324020768848e+01 4.317360411427634403e+01 2.317333682015218344e+01
4.401585917425954619e+01 4.276160966944630815e+01 4.416361648894439895e+01 5.710022512234075975e+01 5.350512371094298203e+01 7.054840371776585073e+01 7.872437937197638291e+01 8.617942711799747713e+01 7.749233848954568771e+01 9.804621086939111763e+01 1.093316253802015012e+02 1.009603580612737943e+02 1.058073892656195767e+02 1.020458100911746442e+02 9.045585794082256825e+01 7.365634117953933924e+01 7.259192295530773720e+01 8.939556221237715761e+01 8.067649068457770056e+01 6.092491328154429198e+01 5.118642495377706325e+01 4.472568923030749488e+01 3.883782215289065931e+01 3.413846843297184819e+01 4.181543426273043451e+01 4.488007959568331273e+01 3.890032920906467240e+01 1.891920380811646396e+01 2.703565563910743563e+01 4.297872402255791258e+01 4.942530299094111257e+01 3.133107173031857329e+01 4.942530299094111257e+01 5.526486324020768848e+01 3.512984057579637209e+01 4.102725217485738085e+01 3.731446819570825824e+01
2.525825996277547958e+01 2.881250307257709764e+01 3.274330335589419150e+01 3.741080206546147480e+01 4.402343141538203497e+01 5.100458961276063263e+01 6.228668399242090459e+01 8.183412274153988619e+01 9.804621086939111763e+01 9.804621086939113184e+01 1.183837140158064614e+02 1.124984164692657203e+02 1.041869343997989432e+02 9.376644573166623786e+01 7.365634117953933924e+01 6.202517730094690052e+01 6.096204442893752429e+01 8.040409440372002337e+01 8.892812671140781333e+01 7.902749565577246926e+01 7.080070198306106022e+01 5.476491137035709755e+01 5.262125305331664293e+01 5.376775509313593915e+01 6.141190001351124295e+01 4.826110299688082250e+01 2.840390312941451256e+01 3.597312855373773743e+01 1.616146389896903202e+01 3.321244038712738700e+01 3.131439028049156903e+01 2.139951479404966150e+01 4.122452349947251093e+01 3.928972026030327669e+01 4.102725194835014122e+01 2.096319417551289277e+01 3.418568771731581535e+01
4.491878304876024686e+01 4.276161608284822790e+01 4.416361648891152214e+01 5.710022302638830638e+01 5.350512374171835717e+01 7.054840371776677443e+01 7.872437937202811042e+01 9.006471170254754099e+01 9.658252421739391025e+01 1.049268110621929821e+02 1.124984164692657203e+02 1.008825446663759635e+02 8.404545763460306773e+01 9.662379096391553901e+01 8.829509169887451492e+01 7.209030282636568643e+01 5.197618789696031882e+01 7.209030282636568643e+01 7.492972018849880556e+01 8.326531558597933724e+01 8.265154389692933989e+01 7.442173927155069180e+01 7.225555345918382955e+01 7.096306965625031182e+01 5.130372222265868487e+01 3.995112787128402942e+01 4.826110299692773253e+01 3.233573891076973439e+01 3.321244038712738700e+01 1.350275452709471402e+01 1.162967293920279133e+01 2.871454950265947659e+01 3.178232205632842877e+01 1.928242975454620733e+01 2.419544707846822718e+01 1.350470740013550142e+01 3.343508116866415492e+01
5.793163354374968321e+01 6.240998918164277143e+01 6.379161066340233788e+01 7.195458050696642260e+01 7.309659690382244435e+01 8.129102055309137143e+01 8.847947914400539560e+01 8.017435952821611522e+01 7.647433630104083591e+01 9.558845798227198998e+01 1.041869343997989432e+02 8.404545763460306773e+01 7.238972746934149427e+01 8.247398740189684929e+01 6.813221224847929136e+01 6.721195030437537810e+01 4.710740581320193598e+01 6.069539840255881558e+01 5.479934930517452329e+01 7.492972016672150914e+01 8.451299178831402514e+01 7.617770240150476013e+01 8.451299178831402514e+01 7.918498085409365217e+01 6.780250468182951806e+01 5.961274012337378281e+01 6.035022945452557508e+01 5.215765646062965288e+01 4.045970879899333283e+01 2.946435940864331116e+01 2.875308945966223106e+01 9.060130586941809838e+00 2.308531985066572645e+01 5.137620837869445900e+00 4.184158006633276194e+00 1.539793266759689061e+01 2.192116724302069741e+01
5.796651092741538491e+01 7.788990843665949626e+01 7.513638446479312449e+01 8.347011131787736815e+01 8.614894298659478977e+01 7.781432062502443614e+01 7.255751838727452707e+01 6.005267899757139105e+01 6.716631879653478165e+01 8.138407718354753229e+01 1.014788980534904681e+02 9.672781806508511693e+01 7.656985744882889833e+01 6.231312528512859927e+01 5.651284884728993774e+01 6.424981787635103103e+01 4.414298497848295710e+01 4.059461575169868297e+01 5.693017671027629234e+01 6.526565976563756522e+01 7.444675131089994125e+01 5.604136417777802137e+01 7.444675131089994125e+01 7.082574891970833164e+01 6.245553374546365433e+01 7.072033622068070713e+01 7.005354665883636756e+01 5.433655122485133404e+01 4.450572309152352091e+01 3.724431069697497065e+01 2.765461134262314502e+01 7.636784299501626627e+00 6.495312995850346383e+00 2.513986127263363102e+01 2.208858723495799836e+01 2.852303593434515783e+00 1.920810727763816894e+00
6.486057951949030098e+01 7.184166784307159048e+01 5.503271330608212963e+01 7.186233017221783825e+01 7.453897866738448386e+01 5.771045904316773800e+01 5.246435211403009902e+01 6.406362074505680937e+01 8.415764996233545503e+01 8.138407718354753229e+01 1.014788980534904681e+02 9.780161201441772789e+01 7.764489487372554777e+01 6.599957405623742090e+01 5.700361561178237935e+01 4.941507719381759500e+01 6.424981787634966679e+01 5.693017683432337606e+01 3.683791174810621527e+01 5.340576038983093810e+01 6.173963239133613001e+01 4.599640032190619365e+01 6.610953328964123443e+01 6.081736487141061787e+01 4.257848660501575466e+01 6.074535530183464260e+01 5.858233561883164953e+01 3.593085654372234927e+01 2.277870002581940412e+01 2.898455722502176357e+01 9.259087025321619535e+00 2.765461134262314857e+01 2.129306802607117888e+01 2.280562029850971228e+01 2.968845984403121463e+01 1.035319715977414745e+01 2.192120884735239272e+01
4.472687102609653209e+01 5.289432810463090107e+01 4.340514515939709383e+01 5.789499171116874265e+01 6.063549146741131324e+01 4.611772644856073811e+01 6.620735073323490383e+01 8.086710898543724113e+01 9.242259590930281377e+01 1.014788980534904681e+02 1.097928387809963198e+02 1.061200688173874482e+02 9.449512773422623013e+01 8.548404245301806270e+01 6.583564275085161910e+01 6.363120988134343037e+01 7.115895615871613700e+01 5.103642346214727610e+01 5.340576038983093810e+01 3.332435925456184123e+01 5.001138406725222296e+01 3.890273872530911348e+01 5.899846693345183724e+01 5.249903380573507405e+01 3.258162421042492696e+01 5.249903363899728959e+01 5.587831527520801700e+01 4.610849137825867672e+01 3.091668788046044725e+01 1.089508358833607637e+01 2.927884028590253251e+01 3.757388094114045174e+01 4.422002382864405945e+01 3.700045182073002792e+01 3.828112834566238831e+01 2.150323620137480773e+01 3.675864898207277776e+01
3.090446279310553024e+01 3.296041774551260062e+01 3.521585476854652796e+01 3.773520996869085309e+01 4.049746138596903222e+01 4.456424222173968275e+01 6.465330594017093802e+01 7.904492315706990269e+01 8.966458345853693856e+01 9.800260598902045217e+01 1.096182066381796716e+02 1.035954476836831333e+02 9.526091298579372335e+01 9.431475472247062442e+01 8.598467307405067572e+01 8.378138194898605207e+01 7.949489823227530394e+01 7.115895615871674806e+01 6.173963243768536557e+01 5.001138406729820929e+01 2.994219456282696257e+01 4.691464106156468006e+01 5.524453917111015500e+01 4.585596532597427455e+01 2.591167900364114018e+01 3.862881265397268749e+01 3.735318199887812796e+01 2.947807533649534406e+01 3.209067156322333858e+01 1.206784771292993064e+01 1.761030749388208960e+01 3.725352478828971670e+01 5.453142141886837635e+01 5.726002127804826358e+01 5.037549858009129622e+01 4.153336795237328971e+01 3.419995379891577159e+01
4.472528931930852281e+01 4.177447460942381952e+01 5.531384739109221016e+01 4.677976893250242085e+01 6.063515555796595180e+01 6.465330594017092380e+01 5.061874466268199058e+01 7.071150378422433391e+01 6.955696941457989624e+01 8.116591199179394778e+01 1.012739845805257062e+02 9.197285119279452204e+01 7.512604474464450277e+01 9.197279475704729634e+01 8.423438770659416264e+01 7.590081943742436010e+01 7.676078019731951940e+01 6.843752946602640463e+01 6.874663192847624771e+01 5.834108433738694544e+01 4.691464106151465785e+01 2.685670007486498534e+01 4.389079283807988219e+01 3.991508666476402567e+01 1.988148735424490710e+01 1.860046255232651902e+01 1.732699950060267113e+01 3.379593545239212915e+01 1.377436235140398679e+01 3.209067156320374181e+01 3.725352478828863667e+01 2.642962449384947021e+01 4.030411322533726803e+01 6.044441775949517393e+01 5.527007124113293912e+01 3.564131595846757250e+01 2.158155518570398357e+01
6.480925671839912638e+01 5.339185878072777314e+01 7.022249436019075119e+01 6.099909127070742443e+01 6.688730038876585127e+01 7.904288547273812071e+01 6.221178981905651284e+01 5.794322091122704421e+01 7.216578674519942638e+01 9.227434492950152389e+01 9.995097249222556002e+01 8.363604134744042540e+01 6.353238445197007422e+01 7.289018469347605844e+01 6.840112020711912066e+01 5.581414524382585540e+01 6.051030079255292549e+01 4.836029743419184257e+01 4.866651431210240730e+01 6.286696549523018973e+01 5.481083241203776879e+01 4.389079283808945320e+01 2.384278616011498286e+01 2.174672865173358005e+01 3.991508637740395216e+01 3.862185194063230398e+01 3.449559068806713924e+01 1.553315664385837991e+01 1.975178537878040785e+01 3.790971733285861234e+01 5.385478017692507535e+01 3.618346029923126395e+01 5.458728842024318340e+01 5.842482244094200894e+01 4.687781705714969860e+01 3.859354580968809501e+01 3.256331891813292856e+01
