MOVIE_S13_data/elevation_000457.asc
nrows	150
cellsize	150.0
xllcorner	0
ncols	150
yllcorner	0
NODATA_value	-9999
[rows 0 to 16 of 150, columns 74 to 110 of 150]
5.749081722927729468e-03 3.629681375060200832e-02 8.741799938168597073e-02 7.263291526386228721e-03 5.857399189406291978e-02 8.731330962161718001e-02 3.630618544195033520e-02 7.185593038516514819e-02 5.935038074533013908e-02 7.614202185280467827e-02 4.815685309663852998e-02 9.814354592594957960e-02 3.991452038036677474e-02 2.124123546757742537e-02 1.214974992080066797e-02 2.570154219468600079e-02 1.179868983328052900e-02 9.409614575768115996e-02 1.331318630972126021e-02 8.404654718125811885e-02 7.702286428117921524e-02 4.695555662739317460e-02 5.087377137750126975e-03 2.024096763385865513e-02 9.357472153847064267e-02 4.140087719974334945e-02 7.813061968023242432e-02 1.247740392222477374e-02 4.721527198231234915e-03 3.602233847268464934e-02 3.505096355572021732e-02 2.053645245529352181e-02 6.405041132120847802e-02 5.773034302272540830e-02 5.600267519745975170e-02 3.156087784290764059e-02 4.109390628380502758e-02
2.000574908172257338e+01 2.003629681375024774e+01 2.008741799938132999e+01 4.595577968969347893e+00 2.005857399189370938e+01 2.008731330948357297e+01 1.588607236854617799e+00 2.007185586577839587e+01 2.005935038074497356e+01 1.421827764558388019e+01 1.419029247682771455e+01 1.164514892971856774e+01 2.003991452038001242e+01 1.002124123546749068e+01 6.042376641476099763e+00 2.002570154219433007e+01 2.001179868983292565e+01 2.867597100065251592e+00 2.001331318630936451e+01 1.424065346215598638e+01 1.996756034868340990e+01 5.820875458345107667e+00 2.000508737713739649e+01 1.012737661707964776e+01 2.009357472153811486e+01 1.379331214607084277e+01 2.007808899614483522e+01 2.001241651960658174e+01 5.194065399627115776e-01 1.994010250811270524e+01 1.632330281685970874e+01 2.002053645244611957e+01 1.006405659890642745e+01 2.005773034302237079e+01 6.086229566752758835e+00 2.003156087784255135e+01 1.418322953001488074e+01
1.520632833917266069e+01 3.520645000995175167e+01 2.931267434313131659e+01 9.309623177945503869e+00 2.931267434313131659e+01 2.314586371315856184e+01 3.145605125177667105e+00 2.314586355243688942e+01 3.482000433497166370e+01 3.421827764558458540e+01 3.419029247682841799e+01 2.578728455344976922e+01 3.002124123546713363e+01 3.002124123546713363e+01 1.236693196181291299e+01 3.236693196181361998e+01 2.565165106479087598e+01 5.668156830916558420e+00 2.559819881721080748e+01 3.446854127696228431e+01 3.212216537935450589e+01 1.185510569984068141e+01 3.213377938388046573e+01 2.475051709554891133e+01 3.911058128103955767e+01 3.279862222068391731e+01 3.516366613515667439e+01 1.517645198369962856e+01 1.034262064671253922e+00 2.101770949562986601e+01 3.487098477917533756e+01 3.834036534523261253e+01 2.420689937164714323e+01 3.241078488709027994e+01 1.241078488708957295e+01 3.241078488709027994e+01 3.418322953001558773e+01
2.415060026501354074e+01 4.349216830394846056e+01 3.447960098605662438e+01 1.447360100498068469e+01 3.446461697181757700e+01 2.465927455141086355e+01 4.716953527814445657e+00 2.471333022243905830e+01 1.481893557896201408e+01 2.084918077811731862e+01 4.085068475061915905e+01 4.578728455345047621e+01 5.002124123546641954e+01 3.943799977367921628e+01 1.943799977367851284e+01 3.943799977367780230e+01 2.853086899095335838e+01 8.554904228613938955e+00 2.265811523279817763e+01 4.227850009137493004e+01 3.997006509480297609e+01 1.900850890263426862e+01 3.997006509480297609e+01 4.575397886306243578e+01 4.674092831703105588e+01 2.879258544629660577e+01 2.777822775955418066e+01 2.136779968137503261e+01 1.549801482317142431e+00 6.386776769786044916e+00 3.016194315628850120e+01 4.839180551267609331e+01 4.422137447673094357e+01 4.069505613455247328e+01 2.135505679708888849e+01 4.069505613455247328e+01 4.795057028276691824e+01
3.829274926164449511e+01 5.243888787132788565e+01 4.025661123757063820e+01 2.024710444595410408e+01 4.025068867856909094e+01 3.296317216773879721e+01 2.471738060435214379e+01 6.974284119746856803e+00 2.697503304703020532e+01 4.085068475061855509e+01 3.084946016910629396e+01 4.499319864835377558e+01 6.499608812292945004e+01 4.772227102114141672e+01 2.943799977367869047e+01 3.377469273315047360e+01 1.380680681933882425e+01 2.853086899095335838e+01 1.611039651514239424e+01 3.597546408468760148e+01 4.894451533573722912e+01 3.126039201609356510e+01 4.927869212320319292e+01 5.143184735968105770e+01 4.182076261365006076e+01 2.895870183083021487e+01 1.162969115123832609e+01 2.287526074089081263e+00 2.126268358136853465e+01 6.669676808907790466e+00 2.668332920440798617e+01 2.857673174194719934e+01 4.839180555778767712e+01 4.963932804455178882e+01 3.549719242082034043e+01 4.963932804455178882e+01 4.550483345666240353e+01
5.829388732487001334e+01 5.441682418767513241e+01 3.439125898754623734e+01 3.024734902843084683e+01 4.855864781763249027e+01 4.279758063611007657e+01 2.279507108768435941e+01 8.652646836340252889e+00 2.279507108768435941e+01 4.279758063613112284e+01 5.085190933213195308e+01 4.499319864835377558e+01 6.499608812292945004e+01 5.772227102114159436e+01 4.358013539741013886e+01 3.761622369158337165e+01 1.765504329506943293e+01 3.761622369158337165e+01 3.597546408468760148e+01 2.460945436168562850e+01 4.340283325466482012e+01 5.347871932559561969e+01 6.322703999869050051e+01 4.331257455622466779e+01 2.460712562083690003e+01 1.599396031192653211e+01 9.380538073839360891e+00 2.810262695972937319e+00 2.439982336423255305e+01 2.653444355661344289e+01 1.219257137584873973e+01 3.221286546749477253e+01 4.685533616313892935e+01 5.826304204573532530e+01 5.549719242082104387e+01 5.501625840115519139e+01 3.501624624125611263e+01
6.058096525194167725e+01 6.272603664777074073e+01 5.441682418767513241e+01 4.439554261209561048e+01 5.857342967103414821e+01 4.552620136059675104e+01 3.036269934592449360e+01 1.036136215177385722e+01 2.450388012263702464e+01 4.450714017575986503e+01 6.302901127216991739e+01 6.499608812292945004e+01 7.327921267455791110e+01 7.186440664487403751e+01 5.579775754729003268e+01 3.584536345843850569e+01 2.173544360003103293e+01 4.168928438615672150e+01 5.168497325105865059e+01 3.210306443888215000e+01 4.428370740634962033e+01 6.385952984494377915e+01 6.421665481945427700e+01 5.118055378417306400e+01 4.159455746442721136e+01 3.300764776123921962e+01 2.288204847275160603e+01 3.335017774039732874e+00 2.355747912925401977e+01 4.004662524246511879e+01 3.221286546749239932e+01 1.875046424848961735e+01 3.031998349762953993e+01 5.009599824991339290e+01 6.410227473159807232e+01 6.330068782422748086e+01 5.175361290125422187e+01
5.077228592463902856e+01 5.903101724794306904e+01 6.900894349042916076e+01 6.443810576325459749e+01 5.420817329155065778e+01 3.725701973767777986e+01 1.725957128061688906e+01 1.209558209082244673e+01 3.209815594621485957e+01 3.473498026024952168e+01 5.074752591002448554e+01 5.877036793725383035e+01 6.187120229959545981e+01 7.009277791810833946e+01 5.580207512757164068e+01 3.584584905178832770e+01 4.168928438615672150e+01 2.902635535729925209e+01 4.897231746858285817e+01 5.168497325105865059e+01 4.596208475918527370e+01 6.550124826408833201e+01 5.610283043832372840e+01 3.618970067492286091e+01 2.603772869412226854e+01 3.438416159712868136e+01 2.316582262243218082e+01 3.860395614704525968e+00 2.394989456194689126e+01 3.426408375771572423e+01 4.685533616298011594e+01 3.289247273711325192e+01 2.731655430170913590e+01 3.623037061334564868e+01 4.764866997718446129e+01 6.726084759434436933e+01 5.502466722922093822e+01
3.079569158519132799e+01 4.078710625746475671e+01 6.075746559181335726e+01 6.009704074439846977e+01 3.997332981221173043e+01 2.579009828717290986e+01 3.725701973763975872e+01 3.209815594527046301e+01 1.473310398440338354e+01 3.473498026058577892e+01 3.116396624031106199e+01 4.752965910992953269e+01 4.183147979839571917e+01 6.187120229959545981e+01 6.407795689516672155e+01 5.580198214178160043e+01 4.162134536427983988e+01 3.899441663345461251e+01 4.312667718719572463e+01 6.308494151666211280e+01 6.550124826408833201e+01 7.366212935764089309e+01 6.421665481945427700e+01 5.430763015365298685e+01 3.460407723898504173e+01 1.444402723801941590e+01 1.440466551564642650e+01 4.387919915888554456e+00 6.091601829948883662e+00 2.594088991858430404e+01 3.760690218319075484e+01 5.264655955247282293e+01 4.712440097170910747e+01 4.136249359763217370e+01 6.103527216224730267e+01 7.545026512386890261e+01 6.330924706625407339e+01
5.077228592463902856e+01 5.903101724794306904e+01 6.900894349042916076e+01 5.779632976821024215e+01 3.738259227909419025e+01 4.586742828161138164e+01 4.321267382755166864e+01 2.326010689838507162e+01 3.473497952187172899e+01 1.757578020152838150e+01 1.963862269158783391e+01 2.740384467506837751e+01 4.770097862590048976e+01 6.198824884604447760e+01 6.986740284142130974e+01 6.952740338525579489e+01 5.306638896990033771e+01 5.048193441537210902e+01 6.308494151666211280e+01 7.136094719942556708e+01 7.519548522212632236e+01 6.689595647193033301e+01 5.810914260787869523e+01 4.645197503282951601e+01 3.796294498797720962e+01 2.527916732800903787e+01 5.159796228137071061e+00 2.450927615976046070e+01 2.594088991837924851e+01 8.905694320419794252e+00 2.925850895268644081e+01 4.101973863023209788e+01 5.528020581097552366e+01 6.103528206587404981e+01 6.922036198318434685e+01 7.543368395736813170e+01 5.543287185133000605e+01
5.731378912837463702e+01 6.623134888220482708e+01 7.772879556303180948e+01 6.637247689871188072e+01 4.913548462819480989e+01 5.326121247559596839e+01 3.393273112096401434e+01 3.737906085866206496e+01 4.586529105094153635e+01 2.912298012183688201e+01 3.964177038341092185e+01 2.276209785840032396e+01 4.254382556047833219e+01 4.234537532269779092e+01 5.381866768355355646e+01 7.314810425228588997e+01 6.690846477204694054e+01 7.014286983815969734e+01 7.815484769468272930e+01 7.743132209316318892e+01 6.363141019729287251e+01 4.686940206399859932e+01 4.980372785564869531e+01 2.955494177215480534e+01 1.781511832354285119e+01 1.247093818973549340e+01 5.707608924776685910e+00 2.196600197227038720e+01 3.581397557050654967e+01 2.925850895268644081e+01 1.235732303563917256e+01 2.675927144963548798e+01 4.457948258543400044e+01 5.883665464399857115e+01 6.103947795040752311e+01 6.933565516478489599e+01 6.957805098684183065e+01
3.802991953925835134e+01 4.956336012207277975e+01 6.950268351851138959e+01 7.988476601752238082e+01 7.040157375388024263e+01 6.192403426996163063e+01 4.387895137139795310e+01 5.729626136516767332e+01 5.741581862240757061e+01 4.912769468199739009e+01 4.501061436316160780e+01 2.499816568573761799e+01 3.166477840306257363e+01 5.166676385038254438e+01 6.986740284142130974e+01 8.093939230376292926e+01 8.611838965765521436e+01 8.158167199238319256e+01 7.156538481710082067e+01 5.740150042458581936e+01 5.469027662075866658e+01 3.535706323162416709e+01 5.469018889104032155e+01 3.796299846093941710e+01 2.660238001142499442e+01 6.479918462637060728e+00 2.582477248378124202e+01 3.347139365572373038e+01 4.386651866483861539e+01 4.101973863023209788e+01 3.267711738260886278e+01 1.598358492042242140e+01 3.032231051960194534e+01 4.680547771843917815e+01 4.090956177553675133e+01 6.103947795040752311e+01 8.090674907155447215e+01
3.474616651322495642e+01 5.470617492264455706e+01 6.699512817012710286e+01 7.542736949660340429e+01 8.691689554068830148e+01 7.179321781812662095e+01 6.361346695199977574e+01 7.179321781812662095e+01 7.423119905713619460e+01 6.006503771009848691e+01 4.775980800264378701e+01 2.774537620030256235e+01 3.206925561829456228e+01 5.207858760366880801e+01 6.822211422126412117e+01 7.978153952147192740e+01 7.913658051276516403e+01 6.912118274906819693e+01 5.325089403819556111e+01 4.323367974892434518e+01 4.639982296425171882e+01 2.656970414992738228e+01 3.705181719160541576e+01 2.967145008197431366e+01 9.999454603120920382e+00 7.025750631253642631e+00 1.260147153561988453e+01 1.809402557138553647e+01 3.699159000487999549e+01 5.503740772633477008e+01 4.457948059300368726e+01 2.769276406788423728e+01 1.976860213018924739e+01 2.653975425806643074e+01 3.829040494357040814e+01 5.256347323411155514e+01 7.061255468130512725e+01
4.627945116614912280e+01 4.122696757379312515e+01 4.725259929038678308e+01 5.878271501060081761e+01 7.869403311591437955e+01 8.775205080901460519e+01 7.772218602685667577e+01 6.941617597019669006e+01 6.273343335575545865e+01 4.589409220669575973e+01 3.174536821895792826e+01 4.775980800264378701e+01 5.207858760366880801e+01 3.991440642835258501e+01 5.146684581614462672e+01 7.148835049519549045e+01 7.083872390641542438e+01 5.080875781280222014e+01 4.078787145336338682e+01 3.325402632798588343e+01 4.077350760274745767e+01 2.107990814472006846e+01 1.742882369624954819e+01 1.432655394629921375e+01 2.824616394613942560e+01 7.582518632070634368e+00 1.685675060715543339e+01 3.175958881318678806e+01 2.721474922821261089e+01 4.676843106797101512e+01 5.622959505028997285e+01 4.791497773627327916e+01 4.005023656498184437e+01 2.399093630673148425e+01 4.430102690932132248e+01 5.247417302986580268e+01 5.055553277631751286e+01
6.621729364469113932e+01 4.878044885964469302e+01 6.719822824789136462e+01 6.136781268630858932e+01 8.127409657093559758e+01 7.944904273877055800e+01 5.938330920162270843e+01 4.936811759182679538e+01 4.269944565081934229e+01 3.666900159523942193e+01 3.729235733413419496e+01 5.731735225440773007e+01 6.822211422126406433e+01 5.406467731712085367e+01 5.257007496051514295e+01 7.259174596910503396e+01 7.913658051276516403e+01 6.912118274906819693e+01 4.957476923640631128e+01 4.639204396257910190e+01 2.652776963196189541e+01 4.077357391607547754e+01 3.705181719160539444e+01 3.393115961642688916e+01 2.807596546739604548e+01 8.139848126912740511e+00 2.814821776255192987e+01 3.924393283261075283e+01 4.676843106797101512e+01 4.093019813019962072e+01 6.086317267506539253e+01 5.798969510271000871e+01 3.715762984766386268e+01 4.430102690932132248e+01 2.867703897264990687e+01 3.224397513567066653e+01 3.625875740773604150e+01
7.691005401201492475e+01 5.876411574995826470e+01 7.691005401201492475e+01 8.127409657093559758e+01 8.949451618504816963e+01 8.775205080901460519e+01 7.772218602685667577e+01 6.941617597019669006e+01 6.106403794411512820e+01 4.103336249071043085e+01 5.731735225440773007e+01 4.623880828474717930e+01 6.628008259879322850e+01 7.408648624052338505e+01 6.672715168094678972e+01 8.088487997983393996e+01 8.453189218398360083e+01 7.790559894099848748e+01 6.960777363694762698e+01 5.468809932290351838e+01 3.638769398147955769e+01 5.468502059897761569e+01 5.162841783852966415e+01 4.144909142150319070e+01 2.285333874704765478e+01 8.697911316872801279e+00 2.439921480059312486e+01 3.472555274058264274e+01 5.596335804525982383e+01 6.086317267506539253e+01 6.914467037303424490e+01 6.641734626549633447e+01 5.326643597014631837e+01 5.726785176888473927e+01 4.044032458583425438e+01 4.135310596059883892e+01 5.643009848188127364e+01
8.683439719007580493e+01 7.863870652426655283e+01 8.683439719007580493e+01 8.294377381774714308e+01 9.123133055417304149e+01 9.762476026346520541e+01 8.943025261976850970e+01 6.936898788630099943e+01 5.519017551352686013e+01 4.619774366163779433e+01 6.623855254828160355e+01 6.628008259879322850e+01 5.694279507594865208e+01 7.700238377438776638e+01 8.675012903739229841e+01 7.851773844431534144e+01 6.422387188566632688e+01 7.851773844431534144e+01 7.643051564721326940e+01 5.639644705653558532e+01 5.639642763551992033e+01 5.741135932743123504e+01 3.831907782421721720e+01 2.433890432551621430e+01 2.952265535949468855e+01 9.257340423913031913e+00 1.615956680438064552e+01 3.798476552303083764e+01 5.148275884130129754e+01 5.941839031176704111e+01 5.469206794805574390e+01 6.272024143997478518e+01 7.581657756193517628e+01 6.887712825175232467e+01 6.058046048215603463e+01 5.300011729401693117e+01 6.976511535678866949e+01
