MOVIE_S13_data/elevation_000780.asc
nrows	150
cellsize	150.0
xllcorner	0
ncols	150
yllcorner	0
NODATA_value	-9999
[rows 34 to 50 of 150, columns 37 to 73 of 150]
1.022131671994335420e+02 1.105701207424114898e+02 1.023755389427234519e+02 1.041768473291372175e+02 1.041768473291372175e+02 1.123679894821557497e+02 1.001064110211215734e+02 8.039805550081131003e+01 7.058375903746539848e+01 6.364480194674551683e+01 5.742378034295640532e+01 6.472297543868688763e+01 4.497360418271570381e+01 4.132185379440180384e+01 3.787633678947292992e+01 3.450991319927025103e+01 3.122066731642048509e+01 4.834147915506523674e+01 4.654561696667527571e+01 2.659264088350690614e+01 4.659072476810903396e+01 5.954297558061060158e+01 6.652449670264346082e+01 7.469835442149415883e+01 7.365649309272173184e+01 5.712319579240933365e+01 7.365649309272173184e+01 6.279727705175623242e+01 4.238251644657560746e+01 3.480760343360473996e+01 3.710134114625441981e+01 5.741744617212201973e+01 6.638615669224928695e+01 6.858831495188907468e+01 5.818444265720297182e+01 5.056526411937105792e+01 3.196435916635834928e+01
9.371728636234244902e+01 9.908351724286322337e+01 8.243380329085046299e+01 8.424708564487336560e+01 8.424708564487336560e+01 1.041768473291372175e+02 1.083203032245154560e+02 9.844829786881440725e+01 9.025223326096640619e+01 8.329837751145132074e+01 7.708337121638125211e+01 7.288782372162216916e+01 5.640581856213487555e+01 6.111725005171106062e+01 5.485436602202177880e+01 3.495190354862325677e+01 5.114931596008856474e+01 4.546080483946400363e+01 2.855974455598443029e+01 4.659016914381112429e+01 3.141017486035582706e+01 5.134528855077020637e+01 6.456247056012509233e+01 7.853291813236897667e+01 8.505971052928113352e+01 7.683369583097234568e+01 7.955769941945594326e+01 5.903078532332614259e+01 5.899527602030256190e+01 3.865591154346995495e+01 5.741744617212222579e+01 4.988510339789505110e+01 7.037879444949686558e+01 7.536701762453995457e+01 5.590187590558527120e+01 4.199984822314151955e+01 5.180146610234529447e+01
9.146394209127612385e+01 8.727971900872013578e+01 7.093307191576634807e+01 7.015834220522589249e+01 8.010664618133868942e+01 9.424299075192358544e+01 1.141107039063508637e+02 1.112895119036832909e+02 1.018088143210112406e+02 9.372454339087022390e+01 9.158335168834993567e+01 8.425871488752716232e+01 7.608442266776266649e+01 5.861551283436972426e+01 3.876408284882538169e+01 5.485436602202177880e+01 5.074797053932478974e+01 3.056771815848946261e+01 4.811044194731018564e+01 5.620814057811998765e+01 5.134528855077020637e+01 3.653905683335293730e+01 5.059202298788123642e+01 6.630111200871976962e+01 7.105864853944127901e+01 7.926094602044545923e+01 8.796314034668347404e+01 7.495951347438807488e+01 5.438479915288873912e+01 4.265383418801821591e+01 6.308069662237082298e+01 6.437467636156942774e+01 7.880147737831252641e+01 7.536701762453996878e+01 5.590187590558526409e+01 6.160308359384379884e+01 5.467378414181755630e+01
8.375556185380963825e+01 6.840898401938964923e+01 6.217126502299541357e+01 8.194960777043682754e+01 9.830753756351450079e+01 1.082619356009547431e+02 1.084561140841392870e+02 9.866336650363409433e+01 8.361965820310574315e+01 7.408023903696350487e+01 7.192816522015290559e+01 7.338492257182430478e+01 6.927190830386759046e+01 6.132017193703004665e+01 4.149774979436487143e+01 6.132011815698291457e+01 5.193797642523320235e+01 3.200263881516162456e+01 5.189049575730155794e+01 6.181383069633057659e+01 6.373033128381421619e+01 4.903734163687479963e+01 4.231853583678405784e+01 4.665567251634912793e+01 5.144282290554190951e+01 7.105864853944127901e+01 8.730322508235101964e+01 8.337333796060318036e+01 6.877783467623883951e+01 4.823671504538839372e+01 5.350280654204470210e+01 7.407989121102076524e+01 9.322827839505559666e+01 8.348817086109107777e+01 7.536701762453996878e+01 6.904793323157039708e+01 4.941442595652133463e+01
7.049073855905449193e+01 5.592264453938160074e+01 6.321711821001364484e+01 7.304827137322067188e+01 8.715148817062733144e+01 1.070633426514568782e+02 1.003881732938312297e+02 8.075804120164569611e+01 7.090578335935876453e+01 6.393674325270872316e+01 5.798474430946221503e+01 5.366437121554542244e+01 4.952306873334329396e+01 4.553764912131058651e+01 6.132017158222584641e+01 6.947425644125202382e+01 6.011575164537578075e+01 5.193764482289991946e+01 3.405926116637385093e+01 4.877403405202791475e+01 6.884788954735670075e+01 6.666093986626839296e+01 5.625904613736018689e+01 6.054555779576683960e+01 7.105864853944127901e+01 5.944395319461550287e+01 7.907160303094676124e+01 8.927163975831865628e+01 6.877783467623885372e+01 5.502237951948756489e+01 7.407989121102076524e+01 6.807120885881958827e+01 8.858857037319567951e+01 9.431393754758435932e+01 8.621642100417312804e+01 7.007126802351059780e+01 5.044797042922233032e+01
5.094467240331459124e+01 7.050372122750542303e+01 8.301590329099340693e+01 9.124680153502406199e+01 1.011999081781611949e+02 1.101389899683274081e+02 1.084561140841392870e+02 9.866336650363409433e+01 9.057310724773850552e+01 7.408023903696350487e+01 7.766639073828106632e+01 7.133782130659423615e+01 5.167860649716244836e+01 6.528840532934439977e+01 7.348715435507283189e+01 6.791953854784821942e+01 5.681697737036842710e+01 3.705223370059000132e+01 3.608207573337850249e+01 5.592071257575188525e+01 6.691124597626948400e+01 8.083700207537941651e+01 7.590811666173124195e+01 8.019624904860417303e+01 8.730322508235101964e+01 7.907160303094676124e+01 6.990380969229336472e+01 8.959926869960604279e+01 8.295489286589925371e+01 6.231103799804441934e+01 8.295489286589925371e+01 8.858857037319567951e+01 9.694587536281008511e+01 8.621400675392804658e+01 6.700270968279346562e+01 7.263005840786738077e+01 5.723047492564860761e+01
6.588238264707896974e+01 7.873329709789395281e+01 8.623096114577107585e+01 9.023633696596408527e+01 9.023633977044205778e+01 9.023633916584090287e+01 1.005618399583521381e+02 1.087788810849303616e+02 1.018088143210112406e+02 9.372454339087022390e+01 8.044327264715958847e+01 6.018725203258563283e+01 5.866145035100809224e+01 7.833191960378186991e+01 7.765936739399268163e+01 5.978088730199395684e+01 4.008160100605778808e+01 5.681697737039317531e+01 5.592071257575188525e+01 3.896091082894956514e+01 5.298548987737383698e+01 6.982123921088982854e+01 8.076446576150011936e+01 8.076589940549307300e+01 8.895425704457225891e+01 9.787554866069430659e+01 8.123472326569113022e+01 9.787554866069430659e+01 9.133794791225156473e+01 7.430985144655552688e+01 9.133794791225156473e+01 1.026173236321776869e+02 9.435973663674518264e+01 8.620404250858996420e+01 6.700250147640170439e+01 5.337086255498086018e+01 5.752542483750556102e+01
7.407230726540726096e+01 7.919419030311685503e+01 6.629458051515594263e+01 7.032483036939663634e+01 7.032483037067085263e+01 8.644303277809785868e+01 8.059483105938679159e+01 1.005618399583521381e+02 1.034953734992232341e+02 8.243521890418141140e+01 7.038213138264937641e+01 7.920291860322350885e+01 6.737419097143306601e+01 8.577926384408652893e+01 6.931458800238546303e+01 5.033287317586958665e+01 4.225475671024727831e+01 6.190798265583476478e+01 6.691123992533405840e+01 5.874850956761452636e+01 4.191727140881373259e+01 6.166059654568109494e+01 6.115920450840459210e+01 6.115923668417183734e+01 8.076535361163800530e+01 9.735489611832542778e+01 1.010254502534432248e+02 1.093560199629962710e+02 1.031066665228329384e+02 9.476684024092273262e+01 9.964974272324968751e+01 9.139335565908746162e+01 7.475652694341857796e+01 7.835378294693482815e+01 7.351872348555305337e+01 6.308116070319295687e+01 4.354193705357555899e+01
6.440975398933409224e+01 4.807088284347820917e+01 5.208824572456320112e+01 5.635786869547892053e+01 6.128330841246940253e+01 6.650613955292445212e+01 7.400080866680062286e+01 9.400324316924415768e+01 1.119227263688354412e+02 9.988450185635002754e+01 8.279552287633863727e+01 8.200709354348563807e+01 8.507663776070141637e+01 8.423481336217034254e+01 6.571577652575282968e+01 6.414192805912840356e+01 4.453241396861842105e+01 5.841869195995742103e+01 7.795981112643718802e+01 6.869788466061592658e+01 5.091168940386082653e+01 4.497221164030295171e+01 4.723831213742931112e+01 6.688889838504051966e+01 6.985401815569606754e+01 8.160109147947812858e+01 8.841869283103733324e+01 9.642080629709418815e+01 1.060416483548655577e+02 1.028361481533827089e+02 8.301488572319965442e+01 7.185674952143034488e+01 6.509343950270226742e+01 5.901342749044265901e+01 5.415419825341328419e+01 4.964982596319784136e+01 6.300271188335295136e+01
4.472867068236035948e+01 4.762811908996788901e+01 6.689941337586449777e+01 7.615138957906916062e+01 8.111338053833729589e+01 8.644303355362646357e+01 9.400324316924415768e+01 8.816695453875644262e+01 1.080932903348911793e+02 1.121694810969665497e+02 1.036875697153142823e+02 9.949197289261510946e+01 1.045395815655623295e+02 8.921471100693291589e+01 7.844247720734503559e+01 6.643063472095739996e+01 4.686672103271580880e+01 6.070824856779691459e+01 8.024569478988253479e+01 7.657993881437708694e+01 5.785440384449470486e+01 5.894287138972104856e+01 6.690145385055346594e+01 5.061898150564977072e+01 5.607750541143131784e+01 6.225322531465753428e+01 6.913824905883579675e+01 7.883257512848859960e+01 9.800513183891447966e+01 1.111148897679528460e+02 9.964974272324968751e+01 9.139335565908746162e+01 8.448623787186477330e+01 7.835378294693482815e+01 7.351873977438526708e+01 6.907624226500612963e+01 6.243565535243496356e+01
5.607300742312686026e+01 6.690366842110080370e+01 5.229602274842214626e+01 5.809120604400101229e+01 6.423744239975619053e+01 8.411464530901511694e+01 1.030245668420438818e+02 1.080932903348911793e+02 1.162971562540185033e+02 1.097280972349764170e+02 1.008534902695134292e+02 9.261331413590639272e+01 9.818025089763152380e+01 8.292334965509783729e+01 7.029004383092767227e+01 5.080101995275242643e+01 6.643063472095739996e+01 5.359609110779478414e+01 7.311094300649696720e+01 8.521634134073386235e+01 7.129935678160768475e+01 7.855865629431170305e+01 6.990261955295646601e+01 5.660732026073380752e+01 5.487146112446895785e+01 6.461766268621485665e+01 7.822664279823824529e+01 9.642080629709418815e+01 1.060438018252499148e+02 1.011663163240089887e+02 9.300209567235063446e+01 8.687660072758230001e+01 8.130450888342738835e+01 7.615637638366388273e+01 7.237648999248723669e+01 6.417017643555085726e+01 4.458483022824265163e+01
6.998000593138834802e+01 7.639837053993984739e+01 5.669444204215216843e+01 7.639836986297767396e+01 8.411464461230775669e+01 7.481897551127352131e+01 8.636468251576432920e+01 1.062986043297891570e+02 1.129439838787377255e+02 9.307161755685774551e+01 8.166551862507520809e+01 7.291573795245528800e+01 7.842919608457953018e+01 7.475211019182675898e+01 5.530246363384888042e+01 5.698267384630609200e+01 7.644437369788161618e+01 7.311094300649696720e+01 6.093089204989288987e+01 8.048381835804991624e+01 9.090413897387801967e+01 9.623239683518015397e+01 8.193057988524809332e+01 6.279401858281183735e+01 5.805048122177866787e+01 7.760145358984711095e+01 9.265064573117547297e+01 1.052619837336946915e+02 1.068322997166028472e+02 8.727343758683414876e+01 7.363157985103536873e+01 6.757430837054951667e+01 6.204196088759624672e+01 5.688406258534978832e+01 5.305201848039710200e+01 4.938987115711784526e+01 4.582669285869643261e+01
8.984374902474797864e+01 8.190057402433384937e+01 6.206309162897336051e+01 7.274437637658981259e+01 9.265678010429181199e+01 9.478940133468347540e+01 1.030245668420438818e+02 1.145217593311255939e+02 1.212240977450812807e+02 1.088132709861897638e+02 8.897189170733969377e+01 8.421414610373531673e+01 6.467126577545478483e+01 6.000435318054622513e+01 7.475211019182675898e+01 6.381592740801051633e+01 8.335110031495909766e+01 8.613653885793453924e+01 6.650153783429036025e+01 8.559313736376005011e+01 1.052536400365572575e+02 8.654269580848560395e+01 7.255271309122639423e+01 8.080480194434554164e+01 6.130091926915810063e+01 8.086433661658388417e+01 9.783674476266580200e+01 1.092341600277933367e+02 1.068322997166028472e+02 8.727343758683414876e+01 9.300209567235063446e+01 8.525367116483639052e+01 6.595548155409485958e+01 7.615637638366388273e+01 7.237668487847669496e+01 6.878572677039878158e+01 6.536318272303309129e+01
9.601417593451023436e+01 7.605452869920404169e+01 6.948235480626533445e+01 8.944899659765397359e+01 1.008960879603337162e+02 1.107293006171235135e+02 1.055358029378204208e+02 1.125855282505789177e+02 1.208715339104162325e+02 1.170782378974397062e+02 1.040028350595045907e+02 8.421404504892571197e+01 7.116881535137461867e+01 6.609170152243726193e+01 8.566338160687988079e+01 7.247310189771067712e+01 9.155876303871234256e+01 9.270148444825622391e+01 7.300664767729119831e+01 9.270148444825622391e+01 1.052719595896140561e+02 8.615965043917611865e+01 9.175751618520573061e+01 8.494903800712118880e+01 6.535949832555834860e+01 7.001896684067961019e+01 8.131631238871007383e+01 1.010066424238138012e+02 1.150591950611837149e+02 1.068322997166028472e+02 9.901124847669585449e+01 7.955509605686792440e+01 7.955509605686792440e+01 9.337770655568169786e+01 8.481289823277613493e+01 6.379445159214670014e+01 4.962350226066068615e+01
1.042528617721850139e+02 9.601417593451023436e+01 7.945598846429055584e+01 9.771532891308513058e+01 1.049035354177305095e+02 9.080213311422559741e+01 8.564096492932277727e+01 9.264432733801666586e+01 1.041262570965746903e+02 1.241457663286910105e+02 1.048253731859424676e+02 8.501841535361189983e+01 9.081973898802540646e+01 7.292815962274478636e+01 9.262850579026940068e+01 8.378078476085677551e+01 1.003854098168421132e+02 1.009366219078193723e+02 8.280026538860136043e+01 1.009366219078439002e+02 1.132129898309203782e+02 1.052719595896140561e+02 9.211912954988112290e+01 7.248302513224317067e+01 7.332641025476250718e+01 8.963842506300861146e+01 8.386615644658044744e+01 1.035739142946519422e+02 1.190456858673913700e+02 1.108647763885835218e+02 1.072032929730129069e+02 9.901124847669585449e+01 9.901124847669585449e+01 9.615472465583343364e+01 7.912854231467393618e+01 6.945414007072062645e+01 5.098472992680705573e+01
1.113302597759458763e+02 1.077223898933676907e+02 9.944833921143688826e+01 1.077074572133042949e+02 9.663208579614511962e+01 7.675986063529558123e+01 9.663866534598422220e+01 1.125875792995644105e+02 1.208715339104162325e+02 1.324214315143702265e+02 1.130824060994209219e+02 1.048253731859424676e+02 1.008664361097058588e+02 8.272250031728863462e+01 1.008664361097058588e+02 1.035863129044337398e+02 1.118409065797815032e+02 1.108557246567488050e+02 1.026027035079111869e+02 1.108557246567488050e+02 1.141391361294195264e+02 9.436212655124732862e+01 8.047168367517009813e+01 9.211912954988112290e+01 8.718913269410543876e+01 8.934445062172183327e+01 1.035739142926023675e+02 1.118073364782550101e+02 1.108647763885835218e+02 9.126837941616477679e+01 9.700803120256257728e+01 9.156204564708525595e+01 9.826848029580796151e+01 9.530224283484990622e+01 7.481613978119160890e+01 6.101977222487047214e+01 5.235322786238420179e+01
9.133842340217915989e+01 1.054865347709479977e+02 1.081421943155931444e+02 9.986149722807068940e+01 9.166917029023922225e+01 7.176104215968699407e+01 8.583745077734451456e+01 1.057480195002828083e+02 1.164249961147481969e+02 1.252330982679538494e+02 1.169153681803348661e+02 1.169153681803253448e+02 1.107896841007547408e+02 1.025345112632500246e+02 1.107896841007547408e+02 1.184054889137652253e+02 1.197880616923263943e+02 1.139094154674916126e+02 1.139094154674916126e+02 1.222240183958359836e+02 1.141391361294195264e+02 9.436212655124732862e+01 9.436212655124732862e+01 9.652266986373572877e+01 1.069175942811557718e+02 1.090880308005819330e+02 1.173342016412771329e+02 1.170738255922681219e+02 9.750222191797654148e+01 8.617250636089545424e+01 7.737225103685251781e+01 7.196914440532526669e+01 7.866641858023783129e+01 8.120690495991620139e+01 7.491163592997806120e+01 5.551793133380476775e+01 7.179287389160910493e+01
