MOVIE_S13_data/elevation_000078.asc
nrows	150
cellsize	150.0
xllcorner	0
ncols	150
yllcorner	0
NODATA_value	-9999
[rows 102 to 118 of 150, columns 37 to 73 of 150]
8.251223001280017399e+01 8.647193637651689357e+01 9.137276410675127636e+01 9.659006406562433256e+01 1.024152145113527581e+02 1.091175497684690470e+02 1.172765492303054771e+02 1.271890503548496980e+02 1.412483695401302555e+02 1.308928188811426594e+02 1.223545243448933491e+02 1.154775671768075398e+02 1.212896393569968865e+02 1.216750570375866545e+02 1.134501133398522370e+02 1.087781046921288066e+02 1.005520318054078359e+02 9.168213505572651911e+01 7.214640619335280292e+01 8.192497217300412160e+01 8.804927311209512197e+01 9.013791624591502227e+01 8.193413931914651016e+01 7.406811665846483095e+01 6.296683031745921966e+01 4.377644586253428116e+01 4.396316308699697117e+01 6.296620411314050614e+01 6.449623082116526973e+01 4.650754490267239305e+01 6.668331501186007415e+01 7.665066890745413275e+01 6.353809814462479011e+01 8.349626296490045263e+01 9.988638172547314298e+01 1.098509832946121492e+02 1.177729112199204877e+02
8.063906380266837459e+01 8.063906380334886137e+01 1.007338563198284049e+02 9.792649460057296551e+01 1.042968365485668869e+02 1.113840791162256210e+02 1.195133382408696434e+02 1.308997173302319368e+02 1.311212675775082346e+02 1.196328328112274875e+02 1.107249881841623846e+02 1.024834087846271160e+02 1.066099693686291232e+02 1.102233432792567811e+02 9.362420164928217048e+01 1.102233432792567811e+02 1.073242620796265072e+02 8.813445224265869626e+01 8.594496156556542132e+01 9.980597211525673629e+01 1.021968129222464086e+02 9.322685041487078195e+01 8.492994984453613938e+01 7.723554461598158127e+01 5.655894665660515130e+01 4.206288602591762071e+01 6.081211357321355138e+01 4.274278816753078303e+01 4.428803555721300711e+01 6.449517580120324567e+01 7.495424946078892958e+01 9.175013131794996468e+01 7.765795879079996666e+01 7.170158360936311226e+01 8.166683410937569931e+01 9.575963048909407860e+01 1.156997012688766375e+02
6.046941192279568611e+01 8.063906380341583713e+01 9.055221059942451234e+01 7.773118613618068196e+01 8.415204651879253106e+01 9.133832999820374710e+01 1.030088985433982174e+02 1.228247885399896688e+02 1.228977413479241108e+02 1.029804644568751684e+02 9.146375474681119044e+01 8.257169806873683626e+01 8.669442575254831240e+01 1.007712970074968695e+02 8.231672406994400149e+01 1.020036178883718492e+02 1.026615982712094848e+02 1.073210221220281682e+02 1.055328971053610729e+02 1.080833055122636353e+02 8.803773335990125304e+01 7.383130083161660195e+01 6.476830746145252249e+01 7.542566047857582134e+01 6.410758739984990484e+01 4.421682263995997886e+01 4.057791933192213918e+01 5.961741271118080476e+01 6.412482479121644019e+01 6.945961569520116541e+01 7.717161685015985029e+01 8.705992785954835256e+01 9.759117608327316873e+01 8.579451860311402811e+01 8.579451860311402811e+01 1.057296658787551706e+02 1.154964002993916807e+02
8.056527285761909241e+01 6.604181130714550818e+01 7.033854363448438107e+01 9.055221059942451234e+01 9.426110640965049470e+01 1.113840791162256210e+02 1.195133382408696434e+02 1.245642724677215796e+02 1.163250908524048413e+02 1.178116235611906717e+02 1.066099693686291232e+02 8.669442575254831240e+01 7.266006282630645785e+01 8.501834781189531043e+01 7.496706902618785762e+01 9.389678977597982623e+01 7.982033898181047959e+01 9.411859115421594879e+01 8.959011020864954844e+01 9.773984772656896780e+01 1.021968129222464086e+02 9.322685041487078195e+01 7.542566047857879141e+01 5.494475439533588457e+01 5.007294102158049043e+01 6.410702734425939298e+01 5.961493101227091529e+01 3.938374453982505941e+01 4.520633741175323905e+01 5.114706316632651806e+01 5.803510368163948385e+01 6.980878088886420585e+01 9.122825943444208008e+01 1.057296658787551706e+02 1.057296658787551706e+02 1.139782448478323431e+02 1.071179720743148209e+02
9.411669050611722298e+01 8.034400905868963605e+01 8.203773495091034818e+01 9.880308940802812856e+01 1.142356017594016890e+02 1.223611725895935365e+02 1.304057307715777370e+02 1.104926988309914009e+02 9.636701731635652379e+01 9.785830519289703489e+01 1.119540766082506735e+02 9.908260142108478874e+01 7.919274322231416363e+01 6.516199374011860357e+01 7.965756054685262200e+01 8.378493261527415825e+01 6.444969808303123671e+01 8.071353259768693533e+01 6.969485838697163160e+01 8.629052877260113519e+01 1.023454114395467514e+02 8.228725209829538301e+01 6.802399130592525012e+01 7.542566047857222600e+01 7.059826461942482467e+01 6.587533091498912086e+01 5.759963585428778998e+01 3.855082959786467001e+01 5.878980109426674971e+01 7.099240312320995372e+01 7.877540191436487760e+01 8.774690113129301494e+01 1.001223734875068772e+02 1.051945270343366161e+02 1.000546337405417177e+02 1.083168647204462474e+02 1.121058064436175243e+02
9.548418312076834980e+01 1.004832027468606555e+02 1.021832006351990429e+02 1.103694730548180445e+02 1.193771596918147821e+02 1.274926189636456826e+02 1.277680865585631409e+02 1.078460725911334919e+02 9.372743452441361001e+01 8.373746530311919400e+01 1.037024968357961541e+02 1.057862098006185363e+02 9.325825364852930477e+01 7.965756054685262200e+01 5.972177471058638076e+01 7.541323735788184024e+01 5.509621417204630234e+01 6.657381520963191690e+01 5.809762224717606216e+01 7.809419147652774029e+01 8.906864658484414576e+01 9.645572914197113334e+01 8.816215095122761625e+01 7.399733754279183984e+01 6.296640161882604048e+01 5.644899310702739115e+01 3.738316468074594923e+01 5.742572432752002953e+01 4.870830638911322552e+01 5.882740844798406954e+01 7.301257800778051887e+01 9.303584539912455398e+01 9.934371469119618325e+01 8.523314581729079009e+01 8.009513081596774953e+01 9.679539010001688837e+01 9.214285742422518410e+01
1.152950559932036612e+02 1.184604628292231325e+02 1.101758936963714604e+02 1.101097399643709167e+02 9.936698000907530570e+01 1.160664774770530556e+02 1.230124044404000188e+02 1.030755051511800673e+02 8.895146372069845597e+01 7.743031381397945268e+01 9.054322679744248603e+01 9.753691602818675221e+01 7.759028038978800623e+01 6.606817417149051153e+01 5.604036780943440021e+01 6.847022423244638389e+01 4.831763786205385713e+01 4.639646649493239039e+01 6.349405397189916300e+01 6.032367607063103065e+01 8.057684993699098186e+01 8.309643944033294360e+01 7.920382000919001086e+01 6.530843761885947174e+01 4.008519348443633135e+01 3.622360326638125372e+01 5.644420193699989596e+01 5.391460883178825725e+01 6.297986234961829410e+01 7.713300178225007642e+01 8.723966457758639592e+01 9.896942223984561338e+01 8.936277671063439243e+01 7.111335897656574900e+01 6.856164690171266329e+01 8.536719226015341633e+01 7.803166419077098226e+01
1.088796831872391664e+02 1.101758936963714604e+02 9.004137718816878078e+01 9.003949250924763703e+01 8.775482073404307926e+01 1.071693629461341573e+02 1.232675471832155409e+02 1.033304666732461499e+02 1.033304666732461357e+02 9.054322679744248603e+01 7.058224384607078150e+01 8.423100975123000467e+01 8.085427111771818431e+01 7.787351050451566437e+01 7.129247614855148640e+01 5.119177805765024658e+01 6.847022423138581360e+01 6.397855010994103253e+01 4.377425527630111901e+01 6.133935981172825080e+01 6.975575084031224549e+01 6.306720115131180648e+01 7.091638448909435510e+01 5.078571096886638969e+01 5.447975881485983507e+01 3.541062502972454951e+01 5.563094719387582643e+01 7.393427830905451970e+01 8.204317576680993795e+01 9.112372987070259001e+01 9.879329297697999834e+01 7.900554380043546132e+01 7.900554380043546132e+01 6.108942839065424124e+01 5.958511669068022343e+01 6.539057288039542470e+01 7.693209230207565952e+01
1.171640276127185842e+02 1.087833254874057616e+02 9.593864053750886001e+01 7.585463598989989009e+01 7.878886323855094531e+01 9.888694062202281998e+01 1.174400321109153396e+02 9.748609330977288323e+01 8.336606497116902403e+01 7.582749645561709428e+01 6.980584536235252813e+01 6.425395463323094702e+01 6.085889427176773125e+01 5.785417657305476524e+01 5.490222116935880337e+01 7.129258457997036658e+01 6.762367446958829476e+01 6.397855012864033597e+01 6.146239231120560476e+01 4.124266486756612693e+01 5.899194977041985055e+01 4.879490256516717039e+01 6.165352993431860540e+01 5.333628254285071790e+01 3.427009610098198777e+01 4.107117694532129804e+01 4.884082450070754078e+01 6.298410912773926640e+01 8.288297580180933721e+01 9.363757114097319345e+01 9.053813084643238085e+01 7.056310414005500320e+01 5.897471300206404266e+01 5.284773317416563998e+01 7.292866487819505039e+01 8.536719226015341633e+01 9.363181621887960659e+01
1.185980832710761206e+02 1.004524899736356360e+02 8.034114420194983097e+01 6.878783145054542558e+01 8.884119907858719500e+01 9.934542083173113269e+01 1.083420608616233665e+02 1.115823692609933175e+02 9.578463210497602631e+01 9.578463210497601210e+01 8.976732909810435501e+01 7.156053978502237101e+01 8.085427111771805642e+01 6.438718989150979155e+01 7.495346930888763382e+01 7.495346912445089060e+01 8.177103867683963756e+01 8.401247717901975420e+01 6.975575092670948152e+01 5.899194977041985766e+01 3.876856180744795921e+01 3.708714924361877507e+01 5.333614854561876228e+01 3.314178850943621057e+01 5.219730669257118905e+01 5.870458501956029096e+01 6.712973635108541259e+01 7.706317285918355253e+01 8.777752079846668209e+01 7.365271646519948945e+01 8.099803924439093805e+01 8.726836664483330708e+01 6.899046898142698581e+01 4.886251047304522643e+01 5.897471304628655986e+01 7.056310765861063317e+01 8.469283460983463385e+01
9.854370323175641033e+01 1.025805728379955895e+02 8.445162018593413222e+01 6.442661887011227861e+01 7.094602508070062186e+01 7.989719112073952090e+01 9.410434841512982018e+01 1.142620310758621969e+02 1.157320390549224385e+02 1.078187174065511584e+02 8.786497475611963637e+01 8.309046983812217491e+01 9.143635565373207896e+01 7.146786681094334881e+01 9.143635565799719700e+01 9.492543946591530357e+01 1.017312165812024460e+02 8.217467282552861718e+01 6.214600952958566893e+01 5.048589118952758525e+01 5.898357159330502952e+01 5.494880076625437937e+01 3.474878284028077502e+01 3.311744573124308744e+01 3.202270646349339245e+01 4.325211050006004854e+01 6.157036174530267658e+01 7.883970302001358732e+01 7.950614487870592484e+01 5.946250507857380541e+01 6.096060555496487154e+01 6.970380150752772863e+01 6.140847438110844791e+01 4.564698291474026348e+01 6.580795930463443710e+01 8.064938516544033575e+01 8.891576117239300459e+01
8.433028937053094864e+01 9.021684071687043627e+01 7.440249443624995251e+01 6.025572004624503819e+01 7.440519467948463728e+01 9.448734435290302258e+01 1.083420608616233665e+02 1.018447473439175184e+02 9.863996438226166674e+01 1.069864253306350719e+02 1.078187174065511584e+02 9.720899117103594733e+01 9.969389164995247654e+01 8.299979102677356479e+01 9.969389164995654085e+01 1.011783003329718014e+02 9.286836557067798026e+01 9.043204120403589741e+01 7.888431712893482484e+01 7.061104534560109869e+01 6.783145736210211396e+01 5.635638167905156592e+01 3.646321891122073566e+01 5.139582835439949093e+01 3.123657477277262728e+01 5.042443599521858033e+01 5.042443598561889928e+01 6.371202618484673508e+01 7.201229437086328744e+01 6.682943400312241522e+01 4.668443529593660912e+01 5.762617766434695454e+01 4.121653537251808785e+01 4.707839595133359722e+01 5.349525188600569692e+01 6.063487175850366384e+01 7.220911198485917737e+01
7.863822659335679077e+01 7.015522478404000140e+01 7.690106155162506241e+01 5.686989980160648628e+01 7.102280693493850094e+01 9.109242357031202175e+01 9.587490244126507832e+01 8.156662488909940123e+01 7.835011532270740986e+01 9.529570072468034425e+01 1.054232057185424196e+02 1.171530168960747318e+02 1.112111174231970807e+02 1.029609172649180948e+02 1.075593303984881715e+02 9.286836555401096405e+01 7.272765716310065898e+01 7.862673398933371516e+01 8.428033764430529118e+01 7.177875481340649344e+01 5.992962736621549169e+01 3.989926004754428845e+01 5.654435660569960476e+01 5.840945198710218023e+01 4.416420448114079278e+01 3.028175226293224043e+01 4.946184819198757765e+01 4.355933786638870231e+01 6.371193216867113307e+01 6.011443443448494151e+01 3.992832572535913727e+01 3.743146111170776180e+01 4.912007308976527042e+01 6.722398495813273200e+01 7.357318417155292423e+01 8.064938516544033575e+01 8.891576117239300459e+01
5.860019251697649878e+01 7.863822659219630395e+01 7.369363048521195481e+01 5.365761284752908011e+01 6.781782165677022078e+01 8.787908785483308804e+01 8.575831487877896109e+01 6.726087176965944536e+01 6.668354318764539812e+01 7.677829588955114559e+01 9.114328288819588408e+01 1.113883755472117798e+02 1.182346848665210359e+02 1.099360847342679790e+02 9.925671080759126141e+01 7.914275338338327970e+01 6.748088884693213174e+01 5.852341027301767440e+01 6.416217400576671537e+01 6.346405540658906830e+01 4.347031112694722310e+01 5.992962736621549169e+01 6.824019934898537088e+01 5.892563242709763927e+01 3.881396956514383589e+01 4.939798763250635716e+01 2.933355792192407563e+01 4.850257845951162494e+01 5.682336138255566027e+01 5.075530297815208058e+01 3.385282892693834356e+01 5.402809367128380558e+01 6.593057093747188446e+01 6.922137419644904810e+01 8.909122969457287411e+01 9.433374090555399505e+01 8.605609707163323208e+01
5.191660732254537436e+01 7.195966264081232566e+01 6.641276839780277896e+01 5.059427444472167679e+01 7.063827276684527590e+01 7.955496198443198352e+01 7.119509638931022266e+01 5.733098070216494335e+01 6.541034569996871539e+01 7.549476853550089572e+01 8.986093491624504281e+01 1.101123549546934868e+02 1.099360847340558394e+02 8.988411917919447092e+01 9.575720391422224509e+01 9.595831141123682073e+01 8.348010751727630918e+01 7.005464796353058432e+01 5.007912932984898902e+01 4.717043748123094815e+01 6.346405539818218955e+01 7.177875454983075088e+01 6.898744215122276557e+01 4.886459176285228523e+01 5.892601695621647906e+01 5.775097969755830718e+01 4.850431420430201968e+01 2.838688799946744368e+01 4.755117076085454642e+01 3.061242036090671803e+01 5.075527825886678102e+01 5.705725372157650099e+01 6.536420078480595919e+01 6.445031693276118290e+01 7.279443073366465455e+01 8.285484569509739572e+01 6.630991510034351677e+01
4.753266435478995078e+01 6.231914453862317771e+01 4.635755455821800552e+01 6.641276835103826670e+01 7.411794452257619525e+01 6.578076358334416796e+01 5.130142953432319786e+01 6.528844113425363105e+01 8.545161826327132815e+01 9.401607874113719276e+01 1.041457197332567830e+02 1.152587177821676363e+02 1.099360847330956403e+02 8.988411917919442828e+01 7.561777805027892896e+01 8.568749098236482098e+01 7.514978439227145657e+01 5.509021220473966451e+01 7.005464796353058432e+01 5.315203693731624668e+01 7.317939467032688583e+01 8.319225994636279609e+01 6.310361397213652168e+01 6.898744215122276557e+01 7.728904563923265414e+01 6.220400170320608169e+01 4.992401361944630622e+01 2.980398496508859552e+01 2.743990442589914025e+01 4.613823853347530957e+01 4.604423354694434067e+01 3.691120273352217396e+01 5.009501863359363938e+01 4.414887871650854123e+01 6.445031693276118290e+01 7.464682133267334052e+01 5.487953580376382234e+01
6.231914453862317771e+01 4.226310839414369980e+01 5.916764267769958252e+01 6.748092072288834231e+01 6.578076358334416796e+01 4.595182987879550751e+01 6.578076358334416796e+01 7.955496198443198352e+01 7.947919470417240007e+01 8.663324613302373223e+01 8.663331423470143022e+01 1.067205645131437421e+02 1.080985997078112320e+02 8.804095846455309982e+01 7.376077833766488823e+01 6.548364371933182326e+01 6.047694167668569776e+01 7.514978315003034481e+01 7.988904080331445812e+01 5.976010239034003035e+01 7.988904082689990105e+01 9.147447915373915350e+01 8.319225994852371286e+01 7.793404533161297820e+01 6.630048596047761578e+01 5.385401279855702938e+01 3.324492323691261220e+01 4.992401361922049574e+01 4.666454837842777437e+01 2.655753105394197533e+01 2.594077377869411549e+01 2.532425159854211216e+01 3.104447357735222468e+01 4.923305601660629804e+01 5.900194388424087322e+01 7.055991446288874158e+01 6.323041947154002429e+01
