MOVIE_S13_data/elevation_000551.asc
nrows	150
cellsize	150.0
xllcorner	0
ncols	150
yllcorner	0
NODATA_value	-9999
[rows 51 to 67 of 150, columns 111 to 147 of 150]
6.221789493321085729e+01 7.962771243334796623e+01 5.966149251728229785e+01 7.304325885358785797e+01 6.719962672201856435e+01 8.715103479914169782e+01 1.001384567202940303e+02 9.432004705023511804e+01 9.156152826815009860e+01 7.151008480333221939e+01 6.736286094507651967e+01 4.707624688484381892e+01 3.466615249530483567e+01 5.048456479103487027e+01 5.048456479103487027e+01 6.056095776646133544e+01 4.025089501688944438e+01 4.609811393692708492e+01 2.976513838351499786e+01 3.585029331172669487e+01 1.606896850259046161e+01 3.444971077964812167e+01 2.761256812033123964e+01 3.922478394564082294e+01 3.051166571737930511e+01 1.016208037317527513e+01 2.938188647292029287e+01 2.866198964340686572e+01 3.047532409559756417e+01 2.594255698781216068e+01 6.099951591529713113e+00 5.482380616654245920e+00 4.889770957123898754e+00 2.324400173099521894e+01 2.300832039046665756e+01 1.678804996453745346e+01 2.086974599430279653e+01
8.229129137744649825e+01 7.601642489902953059e+01 7.126646642715672897e+01 7.601642489902953059e+01 8.715103479914169782e+01 9.533403908506384994e+01 1.022105005859775702e+02 9.078185908763114753e+01 8.258486795373796951e+01 7.151008480333221939e+01 5.134237635340928563e+01 4.100583865138517581e+01 4.971816805613536872e+01 6.399268882270128955e+01 7.087635960399560986e+01 6.885954502191701465e+01 6.056094815353041128e+01 5.775213158504278965e+01 4.968525421257470498e+01 4.414957618771600067e+01 3.444971077950826555e+01 1.468256659872926129e+01 1.369651062598227931e+01 3.111088558282136773e+01 1.121943846411307888e+01 1.884032800293532617e+01 9.149890986843253415e+00 8.437429827917975800e+00 7.731125548800500624e+00 7.041702936538613677e+00 2.600070651715723002e+01 1.953825647830231915e+01 2.342813987291544464e+01 4.065348053681371532e+00 3.460995473505574793e+00 5.225586877757565141e+00 1.633817925431430229e+00
8.937699220073052686e+01 9.002149163705466606e+01 8.534449898111937216e+01 9.569609927553857176e+01 1.036493825751234823e+02 9.733579420163552243e+01 9.403495193300487642e+01 7.419962917423458748e+01 6.264114998417598912e+01 5.502790349661096059e+01 4.861166060293688673e+01 5.134237635342593364e+01 6.973869555641059037e+01 7.826720958594877686e+01 7.365084984933348267e+01 6.469798582092013817e+01 5.669443743251665069e+01 4.711446356538422719e+01 3.915025544227356846e+01 3.785060012250117722e+01 3.647301739222729111e+01 3.337776816099913191e+01 1.351532665700201541e+01 1.230406289926554031e+01 1.325758859876099116e+01 3.205654450609529960e+01 2.345402954160403297e+01 2.825165310254029905e+01 1.404071216448226878e+01 1.642442820191504538e+01 3.360848529817543806e+01 4.006947843825317790e+01 3.184736973840937324e+01 1.924753089074940604e+01 2.286949853469208804e+01 2.561404978786099296e+00 2.141619053557944241e+01
1.094418026253401877e+02 1.093958139975121924e+02 1.048222046346955665e+02 9.654092882630791905e+01 8.831617570555019370e+01 7.741641200562710878e+01 9.148901088975172513e+01 9.078185908763114753e+01 7.504707534192648666e+01 6.878708166161565885e+01 6.291002140812631183e+01 6.562747222439183759e+01 7.979997662166042005e+01 8.196676497748173063e+01 6.504271648357563151e+01 4.269978297703958958e+01 4.094011225023523792e+01 2.854153057217918033e+01 1.927693005596068687e+01 1.793434181766584246e+01 1.658687974987662272e+01 1.523280728861880817e+01 3.330974933329041221e+01 3.216677331675570883e+01 1.652777117832293641e+01 3.674988314846591209e+01 4.369607142563429392e+01 3.584765419954794652e+01 1.959968200969693441e+01 3.338432982245773673e+01 4.294082099875355851e+01 4.662466228049323291e+01 3.334379568312895259e+01 1.271667173011793039e+01 8.347292210179519500e+00 2.488837338295461876e+01 3.087620826541800767e+01
1.124575474926856913e+02 1.063141610125541661e+02 9.810067366288475910e+01 8.503397111553869081e+01 6.835475394313625941e+01 6.325176099383003248e+01 7.976054220763732872e+01 8.793878999030182797e+01 9.490695344303686909e+01 8.882976260166903160e+01 8.300817337197288737e+01 8.571197053815006939e+01 7.896838941416069702e+01 6.785250946437095365e+01 5.373825395126019799e+01 4.801223980328952479e+01 2.810934292121318379e+01 2.119629692679208333e+01 3.924153650901310897e+01 3.785060032610311964e+01 1.909586031804417772e+01 3.510410053337526648e+01 4.332019616099719883e+01 4.016655042454517854e+01 2.007904198701478293e+01 3.139390952873648288e+01 5.050381274029253120e+01 4.419229480749115169e+01 2.563742078465186580e+01 4.387084635298193547e+01 5.213548466474009047e+01 3.843360149426496264e+01 1.835380452986457200e+01 3.334365680333380766e+01 2.390949568011138737e+01 3.804779904820270531e+01 3.522199326820928889e+01
9.262309099195596218e+01 9.262309099195596218e+01 7.820301806079434925e+01 7.679144347761285871e+01 5.675351368569841526e+01 5.318870228764728125e+01 6.010251114637359393e+01 7.664009164288650311e+01 7.595504448777015227e+01 7.355955813629735474e+01 7.122884931421265264e+01 6.895816790473607227e+01 7.073274160644619712e+01 5.071797696329073091e+01 3.952867486660723273e+01 4.330607551758432550e+01 2.319501578570301348e+01 3.536236637268842742e+01 4.953531430331374708e+01 4.189192996767414456e+01 2.184978630410874345e+01 4.189192996723987505e+01 5.810092698234629438e+01 3.796773690792754508e+01 2.375661190026545100e+01 4.386461175090303755e+01 5.406511004781487628e+01 5.517192488985480026e+01 4.620452118030362954e+01 5.441013225713769685e+01 4.394290282002420867e+01 2.402991937367629660e+01 3.843360149426618477e+01 4.665063523742691132e+01 4.406550439545909370e+01 4.646045322194743221e+01 3.646045322194725458e+01
8.025552301762633078e+01 7.268906776109750467e+01 6.664027973179641151e+01 6.244852654588326146e+01 7.679144347761285871e+01 6.858848827304503004e+01 4.850205036569407469e+01 6.425651188813132819e+01 5.591319438397014352e+01 5.351025693649658166e+01 5.117493708558165366e+01 4.890148309775511137e+01 6.306151734568543787e+01 5.439075470742845653e+01 3.430055298543233278e+01 2.526300583004165290e+01 3.742531683210455640e+01 5.159486551144909328e+01 6.370826223393886778e+01 4.482441988758692730e+01 2.472191059709605909e+01 3.898065510210512485e+01 5.939888580658741546e+01 4.781322478494730177e+01 2.767749710066243551e+01 4.785537940661705392e+01 6.242667182231053857e+01 7.441860305724051727e+01 6.425173271443865985e+01 4.456401464980359606e+01 3.051786179703041668e+01 4.394290282002420867e+01 4.030282792157201754e+01 6.013937874364960123e+01 5.231831759821668015e+01 3.231831759821597672e+01 1.817618197448452833e+01
9.144452497598938123e+01 7.734843635138655316e+01 8.661275684477541859e+01 8.244820748229423657e+01 8.455943737663983484e+01 6.899048300382476384e+01 4.890595195457667188e+01 4.416425357786371109e+01 4.169722669644473712e+01 3.930506270825795667e+01 3.697722324165931695e+01 3.470265060713941097e+01 5.164101813093338222e+01 4.757757332299527775e+01 2.744056627026684581e+01 4.540614336115799432e+01 5.369059234316973317e+01 6.576441419079375805e+01 6.185775163023901513e+01 4.789560608829741284e+01 2.777227543672721310e+01 4.199191361068442063e+01 6.171549084849451816e+01 5.618620819518610432e+01 4.785537903110771651e+01 3.390173734928048077e+01 4.606477644046707809e+01 6.751458585557448089e+01 6.649032631764758605e+01 4.673333354883317980e+01 3.603932330913579563e+01 5.585456984270896896e+01 6.013937874364960123e+01 5.192646544337397785e+01 4.364219419591236715e+01 3.657112638404701954e+01 3.024657106371072501e+01
1.054648346103975172e+02 9.144452497598938123e+01 1.054648346103975172e+02 9.348530776528528463e+01 7.631014280957970186e+01 5.626443488188758124e+01 6.899046984701851670e+01 5.578399368888960907e+01 6.178331637184894021e+01 5.938256129986667986e+01 5.704859198802787290e+01 5.164101832031763450e+01 3.154816796626459663e+01 2.968204754569392634e+01 4.741555616766012093e+01 4.170471399865769513e+01 6.177050469980132164e+01 6.775257486245293137e+01 4.770872350396232520e+01 3.348422424988186208e+01 4.789560608829741284e+01 3.568720627809678092e+01 5.576491402243780726e+01 6.432264803510896911e+01 4.403949295038961509e+01 4.217494771197616643e+01 5.418107041153255921e+01 7.440115872476532388e+01 7.461165501152973434e+01 6.182083446049995246e+01 4.203297332331407432e+01 6.182083446049995246e+01 5.518919957970447854e+01 3.518919957970518908e+01 2.364219419591308124e+01 1.657112638404773008e+01 1.024657106371108206e+01
1.124278269650466058e+02 1.112699846816510387e+02 9.932842468034955630e+01 7.941880803371392972e+01 6.525963407963716634e+01 7.046376010479322360e+01 8.407895112688315464e+01 7.583004751803548515e+01 7.393525203128517376e+01 6.023464183357027935e+01 4.017057121541962772e+01 3.650831027159187414e+01 5.121177203547767220e+01 3.270793497453673382e+01 5.285716865995065916e+01 6.176380791153834338e+01 7.003279302668812534e+01 6.626161642531273799e+01 4.621011546248016799e+01 3.852424796398393170e+01 5.859782620636398320e+01 4.175859296524546238e+01 6.181091729215317088e+01 7.264922282324359060e+01 5.312824346182458868e+01 6.246406957628358469e+01 5.654120335719012047e+01 7.676313353054044342e+01 7.575417097632650609e+01 5.604945750653632786e+01 5.348567183315987705e+01 6.995188147489338348e+01 6.347347082716608213e+01 5.192646544337397785e+01 4.364219419591236715e+01 3.024657106371072501e+01 3.024657106371072501e+01
9.193030297218486169e+01 1.063932364384453706e+02 9.932848939788436837e+01 7.941880818277851972e+01 7.941880803371392972e+01 9.042455922629872589e+01 9.159222525988630537e+01 7.981832734532294182e+01 5.984451414660501456e+01 4.563314284040136215e+01 6.023464183357027935e+01 5.070710185854391483e+01 5.577833405048980353e+01 3.578116516174631556e+01 5.588455595630793482e+01 7.134309351828781587e+01 8.258222711178524378e+01 6.259501955814247509e+01 6.395975054688955908e+01 4.389726673083923458e+01 6.395975054688955908e+01 6.181091729215317088e+01 5.180671083599624893e+01 7.181512374831002887e+01 6.748306968907466796e+01 7.337911021005659506e+01 7.676313353054044342e+01 8.505176877714775685e+01 8.385430544325048174e+01 7.575417097632650609e+01 7.320687835412113031e+01 8.131188572722881247e+01 6.918058720253097249e+01 6.090522317190170298e+01 5.853084231117161806e+01 4.058863686861544551e+01 2.058863686861474207e+01
7.749013940802242928e+01 9.617444848469286001e+01 1.075524517110583389e+02 9.932848939788436837e+01 9.932842468034955630e+01 9.852192886019740570e+01 8.339416714867658698e+01 6.344752827687332797e+01 5.184191344230320198e+01 6.569470858635611421e+01 7.393530053953499248e+01 7.072926562206255596e+01 5.999084701617488236e+01 3.987421135212228762e+01 4.287482858790701101e+01 6.299968840977787465e+01 7.953324997835102295e+01 8.258201208880828403e+01 7.000457298380671034e+01 4.995616503623070770e+01 7.000457298380671034e+01 8.003457973763629241e+01 6.184426501586931124e+01 8.003457973763629241e+01 8.761341120011252315e+01 9.346019379639116664e+01 8.506538583904425366e+01 7.678594132496161251e+01 7.419168517490382442e+01 8.245632933227643946e+01 7.487128560822486634e+01 6.660614947549105125e+01 6.090522317190170298e+01 4.094100328645975395e+01 4.678838790980641704e+01 4.887290811607764596e+01 3.732590273228492350e+01
6.734717494202770638e+01 8.771196684496993612e+01 9.511988529485863353e+01 1.035755165731254408e+02 1.043221962195712678e+02 8.454437807201969690e+01 7.045158226104837240e+01 6.042163504961521880e+01 6.083931837693540956e+01 8.010220083094785082e+01 8.324629946406477643e+01 6.309448084576628446e+01 4.885886225903409752e+01 4.566816453100195616e+01 6.299968840977787465e+01 5.108210120213260552e+01 6.531654459879845831e+01 8.540633364049959653e+01 7.708197752070502418e+01 5.706405455573995766e+01 7.708197752070502418e+01 8.998319320741958904e+01 8.178598248075080335e+01 8.998319320741958904e+01 8.200616893673584684e+01 7.373236705868851004e+01 7.678605978266395482e+01 5.679152043997169130e+01 5.419604078848604445e+01 6.784347475549856199e+01 6.660614947549105125e+01 4.668445506329316430e+01 5.251938426389975234e+01 4.678838790980641704e+01 2.682165039065635881e+01 3.611571777719149168e+01 3.415759773683558365e+01
6.173223905589151883e+01 8.206382560624489031e+01 7.470270277892620925e+01 9.178823970076214778e+01 1.035755165731254408e+02 9.443328714579551786e+01 7.457926658820446164e+01 7.457926658820446164e+01 7.241061987971666269e+01 8.901080808747960305e+01 8.062998527112443981e+01 6.048073787988607108e+01 6.899681186582456860e+01 5.173492781629926895e+01 7.187620908804326803e+01 6.270466521577456831e+01 6.381465385147610903e+01 8.396561903758055223e+01 8.531752907033177280e+01 6.865104403365552344e+01 8.531752907033177280e+01 8.804030150678143229e+01 7.977878290289871188e+01 8.126905222104936399e+01 7.046500126879521986e+01 5.373619711437428492e+01 7.046196237585441224e+01 6.264685756905674907e+01 4.264247520587486662e+01 4.784287564907323542e+01 6.197910899669711426e+01 5.251938426389975234e+01 3.259895220481184452e+01 4.255916823435581620e+01 3.611571777719149168e+01 1.613873344703601376e+01 2.718173878765633589e+01
5.650754296060865300e+01 7.316002305169566000e+01 6.298802663020003934e+01 7.470270277892620925e+01 9.511988529485863353e+01 1.026158587016753785e+02 9.443328714579551786e+01 9.443328714579551786e+01 9.228004354778566665e+01 1.004632438776692283e+02 8.897303876227370267e+01 7.210804449076863420e+01 7.859047125071487017e+01 5.844768476270007795e+01 7.859047125071487017e+01 7.694982147539586492e+01 7.806112077870027122e+01 9.230597313375955082e+01 9.681570290678448032e+01 8.859884684163166924e+01 8.717555299153505644e+01 7.650789598057608032e+01 5.979179256016118416e+01 6.128458551092705875e+01 6.218753218185934628e+01 4.218156858393481912e+01 6.218735890884656214e+01 7.092107906877181733e+01 5.370091549955162691e+01 3.369359114123344767e+01 5.370091549955162691e+01 6.077787033575901887e+01 4.255916823435581620e+01 2.261822076941218640e+01 1.707322594980141162e+01 1.190965529656484989e+01 7.195654164773118922e+00
5.238733102002083797e+01 5.287542614350168435e+01 7.316001159573045243e+01 7.681693897945795868e+01 8.526521720904769097e+01 9.798466688755510745e+01 8.952416529110453780e+01 9.798466688755510745e+01 9.517416449462530181e+01 1.036315658001589810e+02 1.006081637126042949e+02 9.227117286663701634e+01 8.693537562202160984e+01 6.851102437273023327e+01 8.693537562202160984e+01 9.711299764564759585e+01 9.822287918986253885e+01 9.571892760449729565e+01 8.573661985869088653e+01 7.747366423391530077e+01 7.080935647433364011e+01 5.892433167028411134e+01 4.823876424673008501e+01 4.713608413063703040e+01 5.187443584399368035e+01 3.510659216828200613e+01 5.511400531128952451e+01 5.641931051255529894e+01 4.869909190255166465e+01 2.869230806706767822e+01 4.869909190255166465e+01 6.035956078604105102e+01 5.081511828731234459e+01 4.255867309962825829e+01 3.702856155366324487e+01 2.594581700426899218e+01 2.718173878765633589e+01
6.704397483532605406e+01 4.681171095697979467e+01 6.246222759966729399e+01 5.651640318096329452e+01 7.681698095425839767e+01 8.778897604763531604e+01 6.914689836039971738e+01 8.074622230746227558e+01 7.476997297640438944e+01 9.517416449462530181e+01 1.061817807802593734e+02 9.782578120724211601e+01 9.701198791896992191e+01 8.866991812869957812e+01 9.701198791896992191e+01 9.573820903574544161e+01 1.040863326491735421e+02 8.746263085913616919e+01 6.748469760869453182e+01 5.748074095517012694e+01 5.080890275943519896e+01 4.477356685946243431e+01 4.005613040823589444e+01 3.558175079309419431e+01 3.186680182687121743e+01 2.878030445512919044e+01 4.490064947703395859e+01 3.641474641134234247e+01 4.410922677423246796e+01 2.410341544475785724e+01 3.207599096876161582e+01 4.621777318788639377e+01 4.449544436470632292e+01 4.096256754263739452e+01 4.939071201411913137e+01 4.536570298650875088e+01 3.420776620986315919e+01
