MOVIE_S13_data/elevation_000712.asc
nrows	150
cellsize	150.0
xllcorner	0
ncols	150
yllcorner	0
NODATA_value	-9999
[rows 0 to 16 of 150, columns 74 to 110 of 150]
5.749081722927729468e-03 3.629681375060200832e-02 8.741799938168597073e-02 7.263291526386228721e-03 5.857399189406291978e-02 8.731330962161718001e-02 3.630618544195033520e-02 7.185593038516514819e-02 5.935038074533013908e-02 7.614202185280467827e-02 4.815685309663852998e-02 9.814354592594957960e-02 3.991452038036677474e-02 2.124123546757742537e-02 1.214974992080066797e-02 2.570154219468600079e-02 1.179868983328052900e-02 9.409614575768115996e-02 1.331318630972126021e-02 8.404654718125811885e-02 7.702286428117921524e-02 4.695555662739317460e-02 5.087377137750126975e-03 2.024096763385865513e-02 9.357472153847064267e-02 4.140087719974334945e-02 7.813061968023242432e-02 1.247740392222477374e-02 4.721527198231234915e-03 3.602233847268464934e-02 3.505096355572021732e-02 2.053645245529352181e-02 6.405041132120847802e-02 5.773034302272540830e-02 5.600267519745975170e-02 3.156087784290764059e-02 4.109390628380502758e-02
2.000574908172257338e+01 2.864723938496798183e+00 2.008741799938132999e+01 2.000726329152603000e+01 1.160557937568668052e+01 2.008729899956096077e+01 2.003626503034396933e+01 1.399303008343197874e+00 2.004889112704178800e+01 8.799152431190361057e+00 2.004815244326548651e+01 2.009814354592559482e+01 1.158691990417278106e+01 7.580530695652089257e+00 2.001214974992044660e+01 2.002570154219433007e+01 2.531553870775594905e+00 2.009409614575732661e+01 2.001331318630936451e+01 1.422618217091233284e+01 2.007702286428082417e+01 2.004695555662703654e+01 4.009927773261482642e+00 2.002024096763350514e+01 1.423594308270740605e+01 1.958602451953428769e+01 1.147497675172552611e+01 1.953567307595915992e+01 5.510798919063504275e-01 2.003586335068193947e+01 2.003505096355536352e+01 1.002053645297229956e+01 2.006405041132085287e+01 5.402955181271189566e+00 2.005600267519710300e+01 1.417369650157398375e+01 2.004109390628345011e+01
1.986400241937036881e+01 5.721866795639668268e+00 1.726887217943238895e+01 3.726887217943692576e+01 2.574771499941788377e+01 3.502504917474841051e+01 1.614628334562836542e+01 2.729687877055280154e+00 2.273280717678508367e+01 2.321504488309506442e+01 2.686091135939340546e+01 3.987118501414750682e+01 3.158691987858213679e+01 1.652480260565108949e+01 3.586480188851405870e+01 2.505292224465267736e+01 5.071482069379492863e+00 1.919999673271764351e+01 3.918313439511424434e+01 3.422618217091303450e+01 3.074281296633803962e+01 1.070243907987756771e+01 1.328748591160847958e+01 3.235317245976381173e+01 3.425054333231896919e+01 3.783914536382933846e+01 3.087409743375884474e+01 2.107727370087869190e+01 1.097642235849649595e+00 2.110580246512166980e+01 3.830432196631535646e+01 2.416267315170003016e+01 3.094995714352307559e+01 1.094995714352343086e+01 3.094995714352307559e+01 3.417369650157468897e+01 2.485994825653703089e+01
2.877183820229553035e+01 8.771838202291787567e+00 2.877183820229553035e+01 4.555314343072171113e+01 4.574771499941859076e+01 4.056195226500845052e+01 2.407980963252855133e+01 4.072024420438804526e+00 2.407982291366762695e+01 3.763317221444577854e+01 4.749391976970917995e+01 5.607065511972097482e+01 4.480907330143585199e+01 2.807180798944339983e+01 4.113465972076615174e+01 2.766652379615189616e+01 7.697234790043093078e+00 1.922537250162500655e+01 3.919735090165729474e+01 3.859513153529506013e+01 1.857556873026532429e+01 2.228349271878899174e+01 3.386939114498071746e+01 3.200548679378317019e+01 5.270333064816535540e+01 3.741400934556909164e+01 3.486806951660964415e+01 2.163595994349362073e+01 1.644817891002345656e+00 2.163748129866305447e+01 3.574410333108563975e+01 4.416286795975281620e+01 3.727451246385936656e+01 1.727451246386007710e+01 3.727451246385936656e+01 4.156290434591333138e+01 2.156280432758854460e+01
1.421514874181000820e+01 1.509639352262860079e+01 2.510176982084601960e+01 4.510176982078699837e+01 5.376241516164626688e+01 2.835030904521263295e+01 1.277771408624780491e+01 1.299173309795310871e+01 6.018211667964100009e+00 3.153119218952951641e+01 3.779694306857557962e+01 5.888924327952972959e+01 5.635607830462758017e+01 4.807180798666729515e+01 3.286507646041820863e+01 1.294181660395938316e+01 1.177650649434228036e+01 3.174195362608675097e+01 4.747805356588777670e+01 4.462788913933715662e+01 2.461949571556622374e+01 4.229845932323790691e+01 5.058347521000589353e+01 5.357095961224567304e+01 4.633071600105716925e+01 3.490283785611170941e+01 1.633661947825996918e+01 1.982686805795710683e+01 2.193386106716244566e+00 3.805251548632449410e+00 2.151456331823406387e+01 4.174100135025581437e+01 4.483380192404307962e+01 2.483380192404449005e+01 4.483380192404307962e+01 4.421202098663592750e+01 2.421186897553026540e+01
1.847916306892229343e+01 2.176306018929538411e+01 4.176306018924235985e+01 5.338604101973142946e+01 5.143535083719363143e+01 3.101372928046572497e+01 2.524747766904442514e+01 1.359487707299460801e+01 7.402665959566208542e+00 1.738652585046103383e+01 3.767060869628511455e+01 5.084206527400468900e+01 6.109217492537400318e+01 5.082508054181475643e+01 3.090168551772994121e+01 1.685143205604857641e+01 1.603280904662084083e+01 2.755364218102950602e+01 4.753484652204679861e+01 5.291249183991273242e+01 4.462788913933715662e+01 3.531746171928342193e+01 5.531934601341210822e+01 5.237772085986684090e+01 3.167950642122758254e+01 1.737309506355862965e+01 2.297692232927411027e+01 2.971424796050520456e+00 2.218171407271239559e+01 2.738652652941340548e+01 2.740372154765620749e+01 4.742913985568453228e+01 5.311807316681153424e+01 3.897593754777494013e+01 5.311807316681153424e+01 3.610028511605754886e+01 1.609996042791387083e+01
2.295129902392195120e+01 4.176306018924235985e+01 3.331006557308749194e+01 5.331006557296207404e+01 5.627618227597773881e+01 3.639899349981111243e+01 2.274464992695611443e+01 2.883793072418445647e+01 8.832346557388236263e+00 2.883793383074031880e+01 2.333738399498128047e+01 3.435909698480305963e+01 5.308190799262669657e+01 5.491504793219823455e+01 3.501227284074445834e+01 2.099689648788568164e+01 2.073433016025011710e+01 4.070608444384526337e+01 5.581635863376531148e+01 6.782986126267725524e+01 5.531934601341210822e+01 4.946140356070849720e+01 6.360367586166331222e+01 5.237772085986684090e+01 3.167950642122758254e+01 2.832386818735850298e+01 8.416296036850884121e+00 3.522427016795964594e+00 2.131382640964726605e+01 1.837506084290424369e+01 2.978122037834791058e+01 4.369215069648019067e+01 6.347438269055863458e+01 5.897593754776702468e+01 5.471625832552174273e+01 3.471425854120795407e+01 2.057209638285717901e+01
2.829652386217053106e+01 4.829652386215025928e+01 4.485707095687959622e+01 6.159433669536907274e+01 5.627618228519109067e+01 3.639899349981305932e+01 4.222088655537795887e+01 3.710455861539377764e+01 2.882855602489094338e+01 1.087039860222423293e+01 3.090007697206621273e+01 4.864167778429236932e+01 5.956434533311401935e+01 5.928705546576847496e+01 3.940521556181368368e+01 2.542686729882856511e+01 4.070608444384526337e+01 2.801933213322008598e+01 3.955246564533226206e+01 5.954694329835918154e+01 7.531954114905906295e+01 6.946167013032972193e+01 6.841003916721236067e+01 6.098211203334801667e+01 5.237772085986684090e+01 3.634841135233743614e+01 2.696134986615728479e+01 2.333092365563955184e+01 4.305917147885891083e+00 1.857472275993447042e+01 3.958511989417934984e+01 5.560825400373090588e+01 4.736833504143815077e+01 5.569028003645935598e+01 5.971851339411682602e+01 3.971429542875620911e+01 2.557209638250249029e+01
3.407002655406699176e+01 5.407002655403848479e+01 6.485707095658283095e+01 7.314134199279959603e+01 6.456438825141238169e+01 5.627618228519073540e+01 5.686779234812505734e+01 3.687015038631544428e+01 3.238423266394750755e+01 1.233557368133492815e+01 1.993905832682171564e+01 3.029243990760524596e+01 5.149996222503889953e+01 6.146996726372965725e+01 4.157827880367651829e+01 3.069779688419746222e+01 5.043442125173520196e+01 4.214665480207558801e+01 3.743458011494596605e+01 5.157080415584474054e+01 7.156933943529895714e+01 6.417707202948092515e+01 4.821343398292884075e+01 4.821343398292883364e+01 4.250862031545435116e+01 3.736174006120318580e+01 3.880763502137022414e+01 2.485381459311711438e+01 4.861424017512618434e+00 2.486210183229752957e+01 3.266361185281898827e+01 3.739387707876717570e+01 2.742639599529048766e+01 3.890144313804218967e+01 5.893432447257389128e+01 5.134801299466136015e+01 3.134559907035578163e+01
5.407002655403848479e+01 4.476047623056359015e+01 6.476047623050239110e+01 7.817866017144568502e+01 5.816022675334345138e+01 5.816022675334345138e+01 4.989228493653010332e+01 3.687382618602936191e+01 1.680255533438873172e+01 1.405324671972227257e+01 3.412622907271564543e+01 4.884484036262323059e+01 6.018981668621361791e+01 6.974330979628477678e+01 5.602468976556615132e+01 3.636122665236339202e+01 5.602468976556615132e+01 6.214194473782283268e+01 4.637367100328962977e+01 6.571232576818437110e+01 6.752210393481948358e+01 4.721814460499356159e+01 3.572847888874525779e+01 2.845203840205628865e+01 2.285590210177230119e+01 1.767772129034441875e+01 2.319672370373471182e+01 2.541031580826379255e+01 5.418010296866680342e+00 7.558678878354992747e+00 1.199489304753518581e+01 1.735800130047632805e+01 3.739387707876717570e+01 5.569028003645935598e+01 6.727286417132928875e+01 5.801764209547949491e+01 3.801226568658321270e+01
7.304474742936069731e+01 5.630748161435569443e+01 7.304474742936069731e+01 7.231233034364429102e+01 5.229823351013195065e+01 3.814915099369653717e+01 4.160010966708369295e+01 2.154818751051789860e+01 3.588098358046057967e+01 1.579601038706825555e+01 2.741317876106740314e+01 4.157866046387656667e+01 6.147942717731579876e+01 7.434469149011364664e+01 6.241436229300753524e+01 4.285527402233987715e+01 6.241436229300753524e+01 7.465597584658779340e+01 6.051381895929390708e+01 7.465597584658779340e+01 7.587700126935574474e+01 6.417707202948092515e+01 5.579960755012925944e+01 4.820916690097722324e+01 4.186825298006216656e+01 3.123191320813225147e+01 1.066968831839767162e+01 6.216076945058430780e+00 2.541972680666393103e+01 1.578723089823798986e+01 3.266361210375603008e+01 3.739387707876717570e+01 2.896368939121288122e+01 4.044775790693399387e+01 6.047117826647903627e+01 6.634206212896640409e+01 4.801227642698290765e+01
8.459175277957926653e+01 7.630748161421077214e+01 8.002052111341906482e+01 7.056151929689394819e+01 6.080023122062288365e+01 4.660682677673731433e+01 2.657995833812269382e+01 4.160010966708369295e+01 3.767007543853939922e+01 1.758791848835316074e+01 3.767007543853939922e+01 4.971015731744091681e+01 4.603814614225169066e+01 6.604875399576353345e+01 7.063353141170300376e+01 5.663050106543852991e+01 5.811819797222560879e+01 7.699885948453963636e+01 8.051344757013292508e+01 8.219623049095883971e+01 7.394305152838529693e+01 7.394305152838529693e+01 5.614013606010047397e+01 4.541437776253994230e+01 3.429164877533595046e+01 1.755404428558366448e+01 7.022423352193595925e+00 2.621578943550249718e+01 2.254500758666895877e+01 3.612178687307343949e+01 3.026350047966738188e+01 5.026529677390200845e+01 4.891018917038763192e+01 5.721846311069334234e+01 6.879421646896898324e+01 7.637907038028072293e+01 6.803196451116787102e+01
7.928310095019807591e+01 8.432685983352705250e+01 6.142517355626254272e+01 4.639741993089887018e+01 5.250814079786616162e+01 3.249581128519632500e+01 4.660682677673731433e+01 4.043846376972339840e+01 2.038027967875265034e+01 3.766986385015229644e+01 2.450661706119016259e+01 2.969483514164924998e+01 4.971017287993197442e+01 6.800738471478311453e+01 7.801819212110325452e+01 7.637783851148920178e+01 7.699885948453963636e+01 8.378293866573523019e+01 7.578694371792308004e+01 7.394305152838529693e+01 5.403063340424520788e+01 5.403063340424520788e+01 4.775770039254381771e+01 2.893849949403793786e+01 1.995675467852150220e+01 7.828915239950372751e+00 2.701708734365766773e+01 3.529523330017434546e+01 4.255095087135764942e+01 5.083585945227913783e+01 5.026529677377393313e+01 5.855857542064833154e+01 5.944116393163488254e+01 6.769027161128093439e+01 7.195370292844438609e+01 7.779260997413375378e+01 7.412388337801280613e+01
7.116657214789016450e+01 7.970003946238929871e+01 5.985882276944948899e+01 4.609402226246469070e+01 3.924483294222506657e+01 3.849112202681671135e+01 5.907574387852491782e+01 4.241285122551767017e+01 2.237380281043092367e+01 4.241281700153409417e+01 4.454223249840421772e+01 4.971017280486228174e+01 3.970606201185091066e+01 4.970915361491217510e+01 6.971946684329948596e+01 8.916041599492356795e+01 8.088244569751995527e+01 7.578694371792308004e+01 5.407253977110649146e+01 5.954490836462983339e+01 5.986284564298397015e+01 3.997777862629342849e+01 4.991707176142480051e+01 3.830382400560660727e+01 1.625171337318277764e+01 1.635188016910958098e+01 8.638005976013472420e+00 3.494865537862310134e+01 3.630935299679721595e+01 3.909312655791615043e+01 4.195868951700858673e+01 4.492240643936357714e+01 3.960098935502538353e+01 5.279886610831567850e+01 5.209838149542806462e+01 5.791565057638940317e+01 5.424661089569960382e+01
7.369227570401601213e+01 7.970263529437586669e+01 5.986326754513062554e+01 6.567408382443088044e+01 5.065248884289243136e+01 6.336767652482262037e+01 5.607252672385781977e+01 4.438860052722630911e+01 2.439160873775909266e+01 3.073371872550707451e+01 3.740501638674600571e+01 4.496588810452975338e+01 5.971429645857870128e+01 6.800969585407413831e+01 7.801936258576763805e+01 8.088244569751995527e+01 6.099540573549487021e+01 6.682018355875891302e+01 5.954490836462983339e+01 3.953317445514279171e+01 4.849728869460561498e+01 4.991466132496414332e+01 3.001808063866625531e+01 4.084805961426165055e+01 3.282769979035930419e+01 2.665466378063642239e+01 9.210313937603409329e+00 2.950878948922544254e+01 1.636188995698687521e+01 1.915859631142755504e+01 2.204384766880412982e+01 2.502652663740209249e+01 2.811361822438003344e+01 3.295599468441736946e+01 3.809518846028925765e+01 4.436401822329637668e+01 6.418650614771118512e+01
8.182084636888316709e+01 8.798983839802437501e+01 7.970263529437586669e+01 7.900227523803347651e+01 7.069742654355125921e+01 6.219812907647002476e+01 4.188285391238472499e+01 2.771627865445875116e+01 2.957218244717345002e+01 4.956310623653237002e+01 5.741133141236652904e+01 6.497349513208318683e+01 5.761756516040448162e+01 7.176609687774009672e+01 9.179108277176942465e+01 8.213352258823189800e+01 6.682018355875891302e+01 4.701593497150797418e+01 5.623436689597438942e+01 4.833108469903987015e+01 2.922448060066943043e+01 4.039208121784237449e+01 3.808783769029730593e+01 2.143791017735220805e+01 3.111774558780149746e+01 1.166126808893366196e+01 9.783302423650361845e+00 1.248036401314873878e+01 3.244966327576872800e+01 3.909312638454429845e+01 4.057140706861078883e+01 4.492240643914844611e+01 4.798643380145074389e+01 3.442165269269521843e+01 3.924546122867065634e+01 4.436681704031484941e+01 6.430202353456490982e+01
8.335365521088397145e+01 9.489619232940940208e+01 8.862486322560377516e+01 7.862573890350344641e+01 7.034252367264649308e+01 6.278291795228534511e+01 5.007443758920983612e+01 3.012895350391869442e+01 4.956310623653824621e+01 3.774277102422995966e+01 5.771783724278197525e+01 7.530211481908658300e+01 7.763127945293642540e+01 8.593155025182777251e+01 7.968708995803743278e+01 6.880310436839803856e+01 5.457954029006888419e+01 5.558266503014072413e+01 3.642492044700840381e+01 2.976808714694250568e+01 2.340616069647175124e+01 2.035285346811503615e+01 1.809487403559693064e+01 1.599342701861647420e+01 1.419666490139552728e+01 3.111996875887146530e+01 2.978710821918526008e+01 1.065599668309942949e+01 3.063417429479175169e+01 3.851805452280351716e+01 5.089614513854443345e+01 6.073567582620206196e+01 6.247320467896425811e+01 5.424519931907232717e+01 5.695435803956232235e+01 6.430202353456490982e+01 5.249313544917745844e+01
