MOVIE_S13_data/elevation_000482.asc
nrows	150
cellsize	150.0
xllcorner	0
ncols	150
yllcorner	0
NODATA_value	-9999
[rows 34 to 50 of 150, columns 111 to 147 of 150]
7.010089133310043508e+01 5.019730597113435522e+01 5.684072176353676298e+01 7.117132342762096187e+01 9.245461979495952676e+01 8.437232262249548853e+01 8.437232262249548853e+01 1.042828552927682608e+02 1.154971244763605682e+02 1.071768210634383820e+02 1.135101118396609792e+02 9.977951595612749713e+01 9.158688226089596185e+01 8.712048916092051343e+01 6.723290649895083959e+01 5.304043091299887180e+01 6.723290649852056333e+01 8.712048765125521754e+01 7.659771719506359489e+01 6.508517817892436597e+01 5.119398133959014530e+01 3.120024996698132824e+01 5.119398133959014530e+01 6.332820338780016556e+01 6.426928928363273030e+01 6.427169722698718601e+01 7.854916193504273281e+01 7.719285576762347034e+01 6.864904991976510473e+01 6.864904991976510473e+01 5.712543061766985630e+01 4.298294038849732601e+01 5.712543061766985630e+01 5.447163401200421617e+01 4.552736210200490063e+01 3.724309085454270729e+01 3.091853553420548550e+01
7.430774595266163374e+01 5.434166228388715325e+01 7.357970097437409152e+01 7.272077760887465558e+01 9.145947631284427359e+01 1.042828552927682608e+02 1.042828552927682608e+02 1.124843862039658973e+02 1.040199991124496677e+02 8.738402362082413788e+01 9.358486859179265593e+01 1.077058631894011995e+02 9.390097879362679123e+01 7.406410483079869778e+01 6.252829933161280707e+01 6.723290649895083959e+01 6.723290649902054383e+01 8.712048928866920505e+01 7.424694004735779629e+01 5.430033024477746295e+01 4.274847353586760335e+01 5.119398130174844397e+01 3.508000394453829074e+01 5.507876299295858757e+01 7.417572814817010851e+01 8.387955027735645785e+01 7.579205087151727582e+01 6.578952760568694202e+01 5.750219148564070082e+01 5.083499469439493623e+01 4.506118580380578464e+01 2.884072599463032560e+01 4.780911125571820719e+01 4.869529858191518201e+01 4.041365893447252944e+01 4.070275088503842653e+01 3.848052866281619089e+01
6.283306159480024888e+01 6.843774608490734579e+01 6.498772754827425047e+01 8.498464261242274631e+01 9.924360416872741553e+01 1.041449880709492817e+02 9.943462064271170675e+01 1.076367534016434320e+02 9.532541301613301243e+01 7.652530373565667787e+01 8.002233500992433335e+01 9.942083722230184151e+01 1.020892324001284663e+02 9.064802197991789967e+01 7.252479008984560949e+01 8.712048916092051343e+01 8.712048934176945636e+01 9.531666596846233119e+01 8.247223489043305733e+01 7.097110645254427652e+01 6.273075952404926880e+01 5.790691957948993007e+01 3.790886806526622621e+01 4.608509559422353874e+01 6.022669411133119866e+01 8.014449420417835768e+01 6.750374022074298352e+01 4.750064275053826179e+01 3.750060111190340706e+01 3.083393399100846821e+01 2.506043127690429273e+01 1.989645348015364235e+01 2.786483656628598737e+01 3.126244779556041564e+01 2.040187486063314637e+01 2.070275088503913707e+01 1.848052866281690498e+01
8.283779140453219725e+01 8.847917924452224270e+01 7.495828365365225920e+01 9.329587598241677426e+01 1.041449880709492817e+02 8.478312935945149320e+01 8.021141316818487610e+01 9.288597345038614606e+01 8.715214718491620260e+01 6.831697941758650927e+01 8.423748716392206859e+01 8.684122909167548698e+01 9.485300417306115150e+01 1.005599466307776879e+02 9.237151845276892459e+01 1.005599466307776737e+02 9.730756895972785969e+01 8.842512675930453270e+01 8.021177523542419863e+01 7.390911338779548601e+01 6.290369527745673395e+01 4.291655178060678111e+01 4.424283809031380343e+01 6.422604897801301149e+01 6.606042324084164363e+01 8.594901368322425128e+01 7.579205087151727582e+01 6.578952760568694202e+01 5.750219148564070082e+01 5.083499469439493623e+01 4.506118580380578464e+01 3.372457741849233059e+01 1.372431948131607093e+01 1.126248966172943788e+01 8.854772600014074513e+00 6.560615261308437418e+00 4.338393039086206215e+00
1.019065173425641859e+02 1.033250382501281734e+02 9.501100157119354606e+01 1.033250382501281734e+02 1.019857270859473459e+02 8.268223457745068572e+01 6.946331124272123247e+01 7.386961902096436461e+01 8.318943688180534934e+01 6.321334490476909451e+01 6.906195056381268671e+01 6.821781644470000572e+01 8.127714056291269173e+01 1.002741272717647689e+02 1.035772422870139167e+02 1.031165185780184714e+02 8.330160524989030080e+01 6.921882479586643910e+01 6.028100848015404978e+01 5.395456855025060605e+01 4.817622587699822390e+01 6.290369527745673395e+01 6.422627925413316063e+01 5.494101759091034864e+01 7.488870625610682907e+01 8.121900129073107166e+01 6.968427191933328402e+01 6.074896234844853637e+01 5.247204013753869845e+01 4.762474354059321513e+01 3.819678766124446412e+01 1.819645543631528284e+01 3.372457741849233059e+01 3.126244779556042985e+01 2.040177798380679519e+01 2.070275088503964156e+01 2.433839303908656149e+01
1.079318931697320352e+02 9.971433599387940205e+01 1.048047587899430937e+02 9.659711743463171274e+01 9.443547202978101041e+01 9.288597345038614606e+01 7.386961902096436461e+01 6.065732219610112708e+01 7.263618222623618692e+01 7.532748442897744212e+01 5.638594587786437984e+01 7.532748411336581285e+01 8.980191574201215587e+01 9.707618865504623784e+01 8.285721593131545148e+01 9.746417183729833766e+01 9.730756895972811549e+01 8.842512675930457533e+01 8.021177523542419863e+01 7.313805928821010127e+01 5.318075201471299351e+01 7.313805928821010127e+01 8.311064597553935585e+01 6.647898872964334771e+01 8.311064597553935585e+01 7.293829783904122621e+01 5.296480000971221358e+01 4.142832473210713573e+01 3.248612402598781301e+01 2.763547304153092909e+01 2.304716695994324738e+01 2.968139812540781364e+01 4.617409943875601641e+01 4.868604923127496420e+01 4.040177798380749863e+01 4.070275088504034500e+01 3.000178699485149991e+01
9.654243725620440841e+01 8.003353773366478663e+01 9.347194869423641705e+01 7.695745348954984877e+01 7.481456974738878785e+01 8.872710957855538538e+01 8.744804050486980884e+01 7.263618222623618692e+01 5.368135868338168848e+01 6.635905543695847086e+01 5.250682210984296461e+01 7.153909133867119863e+01 6.612812307133361855e+01 7.785772882307080067e+01 6.874114950983809536e+01 8.285721593131953000e+01 1.035772423275330283e+02 9.456055781191227538e+01 7.470353826251744067e+01 6.318001634665476018e+01 6.318001634665475308e+01 8.136202664049984890e+01 9.458479219058017406e+01 8.637659403590721752e+01 8.341020335457875490e+01 6.343288191148799626e+01 5.190322032278634623e+01 4.191176388312693035e+01 5.156105557297846786e+01 3.157480568266326415e+01 3.459257333001754375e+01 4.909460206756988754e+01 5.736100967260004779e+01 5.921175512723392842e+01 5.335389075096508549e+01 5.000178699485078937e+01 3.000178699485149991e+01
7.748571358375849627e+01 6.879395461429737679e+01 7.386135816736113213e+01 7.439761307574121929e+01 6.106979654529768453e+01 8.056139897290289298e+01 9.083946074808483218e+01 7.172197371090521756e+01 5.832607785296420388e+01 4.709962671174476867e+01 6.635905543695847086e+01 6.622337862257047902e+01 5.265990564280600950e+01 5.811743667123936774e+01 6.643023751389259246e+01 7.820471353959335659e+01 9.904240576608818003e+01 1.027601703564249789e+02 9.130609826791362593e+01 7.470353826251744067e+01 7.728336857345105670e+01 9.130609826783852156e+01 9.880374450629344096e+01 9.661417523988427547e+01 9.169436661924785881e+01 7.601429230720032137e+01 5.603918133280911462e+01 6.155050521628228211e+01 4.157160592967467494e+01 5.156105557297846786e+01 5.457677358320040639e+01 6.285427244844375139e+01 5.644029828459331100e+01 3.921175512723463896e+01 3.335389075096579603e+01 4.440961884096633128e+01 3.421071001954431523e+01
8.759182245272639022e+01 7.960516714960679963e+01 6.012028398209334767e+01 5.490774184995185436e+01 5.418040995536517102e+01 7.367007682087424314e+01 8.424688436802682645e+01 8.040764199462411455e+01 6.366806718348755112e+01 4.417152442756065511e+01 6.025828788591511653e+01 4.616139058290535502e+01 6.622337791147587893e+01 5.411863274031493631e+01 8.546770757353795034e+01 9.558116204975881658e+01 1.075691382302128289e+02 1.143961575199412692e+02 1.027601703565087092e+02 9.456055781191230381e+01 9.712928265730245414e+01 9.880374450629344096e+01 7.886474879153462325e+01 7.668712470562175554e+01 8.596271869300706214e+01 8.429594479430743093e+01 7.601429230720032137e+01 6.982850980559555865e+01 5.156314149849421824e+01 6.982850980559392440e+01 7.384516804475548213e+01 5.384516804475690321e+01 3.970303242102644958e+01 2.815602703723434530e+01 1.921175512723534595e+01 2.440961884096704537e+01 2.673194931130328200e+01
6.802714659847406153e+01 7.375750736039940136e+01 7.075171878550250426e+01 6.750690302163728518e+01 4.795328514590840996e+01 5.655880201158468878e+01 7.039224939608658360e+01 7.241839175146009211e+01 5.317748643553987620e+01 5.523457123800156410e+01 4.002739447628761837e+01 6.029323002015372168e+01 7.466878100847044664e+01 8.806419986448932491e+01 8.104144265569171068e+01 8.359358581911492081e+01 9.179852322527463571e+01 9.450992099285639370e+01 9.450992099285639370e+01 1.027542899563586758e+02 8.889148089961709331e+01 8.061225693930573755e+01 8.252362267806030616e+01 6.267774282103526673e+01 6.609702742323631242e+01 7.491201245930955110e+01 8.317867319963889372e+01 7.981817144423996524e+01 7.153786893407041703e+01 7.981817144422046795e+01 6.618661424204621824e+01 5.724234233203128497e+01 4.895807108454696532e+01 4.229140441787900073e+01 3.026748321723598778e+01 1.026748321723634483e+01 6.731949311303638162e+00
7.375750622504361331e+01 5.428912468746646169e+01 5.125347188144429111e+01 4.833387026713782575e+01 4.545919870438427779e+01 4.262833677940083277e+01 5.920737547079828289e+01 5.707430181642489941e+01 5.495561944191637593e+01 3.687657297457802485e+01 5.693416758605863492e+01 6.868773445566479552e+01 8.121453407811308978e+01 7.304114689876045929e+01 6.205410524053727528e+01 6.399217386772481575e+01 8.359358570746991290e+01 9.450992099285639370e+01 7.474290147958633668e+01 9.450992099285639370e+01 8.061225693930570912e+01 6.076959099757687000e+01 6.658137329508987534e+01 7.191555368319377806e+01 5.211194272389055016e+01 5.509605761775964083e+01 7.171399339658287886e+01 8.872447347740782675e+01 8.047411458915306071e+01 7.204447861827796373e+01 5.204447861827654975e+01 3.790234299454510136e+01 2.895807108454626189e+01 2.229140441787971127e+01 1.712742662293657858e+01 3.026748321723598778e+01 2.673194931130328200e+01
5.901467302766119616e+01 7.375750703947151976e+01 6.502877349218680081e+01 6.787533669809459980e+01 6.505334573533551179e+01 5.921085828422933872e+01 3.949577359994461290e+01 3.733344923916412483e+01 3.521146535126406008e+01 3.502518697370519618e+01 5.489309765372424010e+01 7.326214416861962775e+01 6.988468015029455671e+01 5.346210964310568414e+01 5.027193822057042638e+01 6.145818023343664294e+01 8.103731085087360952e+01 8.703868987956015246e+01 6.738995754719655906e+01 8.703868987956015246e+01 8.061225693930563807e+01 6.076959099757687000e+01 4.677531961565743046e+01 5.667834645537365645e+01 5.667834645531012683e+01 4.366667322605838564e+01 6.347126559729123585e+01 7.726228585628808787e+01 6.064796246961867610e+01 7.726228585628808787e+01 6.618661424207157040e+01 5.724234233204172995e+01 3.862133603643481194e+01 4.229140441788041471e+01 3.712742662293728557e+01 4.067211480722498607e+01 3.238784355976479645e+01
7.273369124588937495e+01 8.665796544931093592e+01 8.456813092934463327e+01 8.488716723260087349e+01 7.106163012446066318e+01 6.295173971318526185e+01 5.785737663734126102e+01 3.813680601935580228e+01 5.290131919701073571e+01 3.312133927663980870e+01 4.545205461754187581e+01 5.935837623154734644e+01 5.535800053635089313e+01 4.215333969960134652e+01 6.173718507325491345e+01 7.789535875776135754e+01 8.923528518765360218e+01 8.082521514903400828e+01 6.131822966565160726e+01 8.082521514903400828e+01 7.926228013518962712e+01 6.780159898357271686e+01 5.667834645529213589e+01 3.684831259457717323e+01 3.684831259457717323e+01 5.087414680565681380e+01 7.069092396822438218e+01 6.902748032594553251e+01 4.918554231770845320e+01 6.902748032594553251e+01 7.683810654749370883e+01 6.690560728393919021e+01 5.862133603643551538e+01 5.287912085355703340e+01 3.287912085355632996e+01 2.133211546976340500e+01 1.238784355976408946e+01
9.236168126992939165e+01 8.647725606819351185e+01 7.839503372465794939e+01 7.194129962077691687e+01 5.723600820728347571e+01 4.332111720344376238e+01 4.113366816454656316e+01 5.785321113238619262e+01 6.103261706842324230e+01 4.545264558879135564e+01 3.140386203493530815e+01 4.953290514477667017e+01 3.566980197030719069e+01 5.535800053635089313e+01 6.988470827598533219e+01 7.207702543681406837e+01 7.647867347531651205e+01 6.833401889326751188e+01 5.602302001110676599e+01 7.541495081133653855e+01 7.100369060381741804e+01 5.118945739048091070e+01 3.974215338677507958e+01 3.083707929561278149e+01 5.069936628293798009e+01 6.491151906842901553e+01 7.558408791979309171e+01 5.572348314306787387e+01 4.212532388051648269e+01 6.201229586719166065e+01 5.698750617363172921e+01 6.686151635716849739e+01 7.245231013633213024e+01 6.116339210101923385e+01 4.961638671722630534e+01 4.067211480722698980e+01 3.238784355976479645e+01
9.216901932127170483e+01 7.269578860602099724e+01 5.898525648478900507e+01 5.247605610269039289e+01 4.652040390116732027e+01 6.295264087890386406e+01 5.508946293325160326e+01 6.081156613232135300e+01 7.335760420176262642e+01 5.935901082171611876e+01 4.953290514484345408e+01 2.970906495793307656e+01 4.951708872266375039e+01 6.347444234958538800e+01 6.645098684092063479e+01 5.266521951600824281e+01 6.222556165123125282e+01 4.901738094230829290e+01 6.833401889326751188e+01 7.751400077175668457e+01 6.605443421994267794e+01 5.781853023544291403e+01 4.755886295568119948e+01 2.767817186208359459e+01 4.755886296169913408e+01 4.964257428989402143e+01 5.787522067637438994e+01 5.572348314310535500e+01 3.579670575940357935e+01 4.819186929485537974e+01 4.291174257702388672e+01 4.702932464828133874e+01 5.280347140980259013e+01 5.754645113192331252e+01 4.874661978495210946e+01 4.579742266815704710e+01 2.573287255204230917e+01
8.833745828453825766e+01 7.477081821386596516e+01 7.839503233730647480e+01 6.848693651409732297e+01 4.896886465580677594e+01 6.848453802180978300e+01 7.464945789775767082e+01 8.036796367445904821e+01 7.326680757964791724e+01 6.231970335043280329e+01 4.263377531803147491e+01 2.856222119022520545e+01 4.682643387790647438e+01 4.992924599536432595e+01 5.323986562083457841e+01 3.888892526704545816e+01 4.285178250950912826e+01 6.222556165123125282e+01 7.647867347531504834e+01 6.925836245248008538e+01 4.944399292943720070e+01 3.799022553664672586e+01 3.094565082326085914e+01 2.462907774782346948e+01 4.069771245549692651e+01 2.976808746864035982e+01 4.640026164788321239e+01 5.701696353904418402e+01 4.819186929485537974e+01 2.824120778083984007e+01 3.137950708989058413e+01 3.292427567618372564e+01 5.283803911166830858e+01 4.536386398730783753e+01 2.809807729432459666e+01 4.500169164895587670e+01 3.417611628533950352e+01
8.667680198241218648e+01 8.194458654964816446e+01 7.748001027781293715e+01 7.094105109420493704e+01 5.146254386237236389e+01 6.270753082112110377e+01 8.217959219611050514e+01 7.642520646926475081e+01 5.683548314215956054e+01 4.548161692831403968e+01 3.797656449500986753e+01 4.680879678396625820e+01 2.697166635500684606e+01 3.026827047312054475e+01 3.365397585728290153e+01 5.323986562083468499e+01 6.222556165123125282e+01 7.033814417614831882e+01 6.483493593924255549e+01 6.711738045835092237e+01 6.605443421994267794e+01 5.781853025139753299e+01 5.080816041755129220e+01 3.488166369303028347e+01 2.077958230655609384e+01 1.823919254102220577e+01 2.890131081017544190e+01 4.295972089389061921e+01 4.441952125275852836e+01 3.618026726752162148e+01 2.140213251790188309e+01 4.134884889936841290e+01 5.418331939268607300e+01 3.405084923764568572e+01 1.658052591732330328e+01 2.644222283227503922e+01 3.447875462381686162e+01
