MOVIE_S13_data/elevation_000653.asc
nrows	150
cellsize	150.0
xllcorner	0
ncols	150
yllcorner	0
NODATA_value	-9999
[rows 68 to 84 of 150, columns 0 to 36 of 150]
1.785472517327646447e-02 2.001784524980080349e+01 2.302212636835443504e+01 1.345381672146362106e+01 3.181556679825087386e+01 2.881859763074294634e+01 1.118500111720994994e+01 3.108779599576515906e+01 2.228259023608606171e+01 3.682298771319327813e+01 3.865816854947500048e+01 2.645790945715116038e+01 4.621984469132108586e+01 4.938386998520216764e+01 3.633945228926447868e+01 5.586436895428436600e+01 6.776878780525488821e+01 7.349574998179008389e+01 8.153280012961394618e+01 8.577251570932706670e+01 8.625774229667094062e+01 9.437061114791291061e+01 8.774996179366709725e+01 7.597477581498630173e+01 6.162212358259414913e+01 4.220799768254789086e+01 5.593330250081151434e+01 7.533507625986560186e+01 7.365533363282331436e+01 6.559447674528725258e+01 4.968116616022575727e+01 4.582746130723725031e+01 5.451021431039195875e+01 6.824255138224042128e+01 8.769245280060262360e+01 8.300736656916035372e+01 6.606912833469714030e+01
6.217744477647316192e-02 1.124355268737376790e+01 3.098945732864005720e+01 2.748465665728593876e+01 3.279094095384392915e+01 3.876106571731478567e+01 2.111033959107096791e+01 1.352594290053912829e+01 1.521040682008722200e+01 1.695811007850852903e+01 1.880763665078615077e+01 2.068162918189455013e+01 4.051584356828499267e+01 2.969916078593075071e+01 4.938386996606445223e+01 6.387818084968207444e+01 4.982387796514088052e+01 5.477676974138155686e+01 6.664146543296020297e+01 6.664146543296020297e+01 6.697893489526745725e+01 8.625774229667094062e+01 8.167913052801908691e+01 6.223321521959540092e+01 4.850437486885827099e+01 6.161514408092933337e+01 4.867693996005435508e+01 6.240757288853339446e+01 8.190763202526218834e+01 7.716996648137785542e+01 6.341245728806006809e+01 5.068165908357998006e+01 7.010657538275957279e+01 8.200537531429760918e+01 8.892815569181452418e+01 6.875931507949063359e+01 5.450369902535131672e+01
7.615112199268188331e-02 1.927537752340128918e+01 3.680115909244364047e+01 4.704798247620787066e+01 5.121606791322096086e+01 4.063647372710375549e+01 4.026189869979955915e+01 2.351864371587323532e+01 3.508738583156667801e+01 2.273397217775576706e+01 3.865779818452444516e+01 4.051584356663374820e+01 2.352628589016854121e+01 4.333068355358211221e+01 4.934074986166977794e+01 5.207593378989920296e+01 3.813504256424486272e+01 4.247774699558777911e+01 4.742339374743354341e+01 5.332337748056158944e+01 6.300146270393886283e+01 8.224967099595936304e+01 7.943673763885959715e+01 5.972008859615451115e+01 6.792643570750836091e+01 5.820932685086722103e+01 5.368808007320117071e+01 6.742113783848928676e+01 8.686182591720287860e+01 9.092747567469564274e+01 7.529928173155842330e+01 5.586995383431538187e+01 7.529928126203567729e+01 9.460194237846661736e+01 8.631629798097849005e+01 6.613848413725889941e+01 7.466663172616965483e+01
5.080276927167222401e-02 1.419293839591119877e+01 3.419294348986722554e+01 4.563517288795525673e+01 5.391746220468516526e+01 6.082552286904856942e+01 5.145750839473193849e+01 3.755076389849532603e+01 4.848862057522129021e+01 2.876192411104691260e+01 4.848843768102811680e+01 3.757802818365722430e+01 4.333071571781353981e+01 2.688592269010062452e+01 2.960976603756270009e+01 3.238429541592903860e+01 5.129645008371873871e+01 6.151415861195086165e+01 6.466903236046920256e+01 7.073448942937487516e+01 8.013707932623708530e+01 8.224967099595937725e+01 8.780684455225910767e+01 7.099071088928711504e+01 7.189911093945856635e+01 6.940864476861392518e+01 7.312375013046356287e+01 6.196743767115184198e+01 7.318191058984038477e+01 9.267512755911681666e+01 8.336624296427035574e+01 6.557729606221653285e+01 6.708002728298176010e+01 8.652699150119852334e+01 9.464517440590843478e+01 7.780569162319608267e+01 9.377081494580635024e+01
2.757019857663320014e-02 2.002757019857627796e+01 2.930535408642539252e+01 2.563531581089603506e+01 4.140431100672944353e+01 4.968663173310810066e+01 5.863017335559221266e+01 5.720772625738016615e+01 5.542760438554726221e+01 3.580144265633805389e+01 5.542760833914672958e+01 4.894224280241243719e+01 5.479298921493232655e+01 4.665185988380228110e+01 3.442862931881871447e+01 5.207593443964595536e+01 3.813621357782140819e+01 4.294067639735013131e+01 4.785961947353565193e+01 6.797861927982587815e+01 8.434861061249813474e+01 1.016868267055693877e+02 9.959949093147950805e+01 9.099330072083201060e+01 8.300801896916939882e+01 8.307317926313839962e+01 8.948056574930964757e+01 7.065093838343645416e+01 8.950458497457942997e+01 1.007655645475690847e+02 9.309535041077849371e+01 7.931860734852472206e+01 8.082367132592291625e+01 9.460207663463808103e+01 1.062626997049768960e+02 9.794200246995382031e+01 1.020935613240197597e+02
2.042370046829022814e-03 4.590357110698628951e+00 9.304403458803747640e+00 1.507793071411416541e+01 2.140266826163714597e+01 3.034821378079941567e+01 4.449271620121248105e+01 6.448691540840280823e+01 6.357669061828762125e+01 4.969588613435201552e+01 5.542760851490695018e+01 6.277035187247517456e+01 6.791466299036474652e+01 4.834806126870825693e+01 4.103779538346262967e+01 6.059958165077161141e+01 5.821716554553918854e+01 5.067901733562832334e+01 6.797794777534724631e+01 5.556991154280257206e+01 7.605104173597001704e+01 9.515117711127420819e+01 1.056595933318634906e+02 1.092517440129103932e+02 1.017712199083953806e+02 1.020757852960622927e+02 9.821308946765546466e+01 8.441275631998496465e+01 9.823853848053808235e+01 1.019506381902482843e+02 9.968628470838643807e+01 9.878870613308315285e+01 1.002960269628290604e+02 1.020111205381513173e+02 1.055923056987824538e+02 9.704179011048231018e+01 1.055923116970871831e+02
3.445835553305376733e-03 1.933005929556676605e+01 2.922746710153998251e+01 3.507923620419560962e+01 4.140431100672944353e+01 4.968663164407127653e+01 5.863017305345874775e+01 6.203052815436708300e+01 7.032621118432790297e+01 6.926521042180010568e+01 7.503776341890457502e+01 8.241851275561535317e+01 7.609293566893467187e+01 6.791466299065642431e+01 5.233769728546673861e+01 5.486739887569320473e+01 7.443829504837832189e+01 6.229169420086450515e+01 7.971469158472176275e+01 6.991402924531882945e+01 6.560357438690992637e+01 7.593730385542592387e+01 9.705971431463441945e+01 1.061758436307008679e+02 9.764641259173633614e+01 9.495655044772546205e+01 1.034948576795993773e+02 1.039626684829580086e+02 1.019506381902482843e+02 8.128531073440723276e+01 7.902629937339894184e+01 9.361887202662056495e+01 1.020111205472130678e+02 8.105994237670819302e+01 8.490455521585225540e+01 7.601948261398104023e+01 9.094886466418128634e+01
8.088694405094523643e-02 1.442290837108799018e+01 3.538649589278057306e+01 5.083330983622154520e+01 5.346653060161014537e+01 6.165863813498604173e+01 5.875958046992023043e+01 4.199386855839660626e+01 5.875958074245497187e+01 6.560146819746019275e+01 6.779235843927644112e+01 7.608726760498541353e+01 8.554395160680618915e+01 8.007796084899777611e+01 7.188552557691517109e+01 7.443829504837832189e+01 8.263869246864514650e+01 8.309799425579650745e+01 9.173478181599496395e+01 9.086710052320900388e+01 8.649850908503020719e+01 9.515117711127420819e+01 1.056595933318634906e+02 9.764641259173633614e+01 7.700408137150203913e+01 7.433393905095982745e+01 9.158996250110145354e+01 1.017865378801229923e+02 9.326312200390508167e+01 8.507746897880214476e+01 6.467600561934207803e+01 8.507746897877233039e+01 8.594416061235455118e+01 7.723751075153458601e+01 6.321887868674058808e+01 7.437926734999658152e+01 8.933286693340696161e+01
2.980189240634343456e-02 2.002980189240598818e+01 3.020148999759716446e+01 3.101243511729215641e+01 3.327683613276695951e+01 4.719329841367609646e+01 3.889555808137699700e+01 3.042807212598852118e+01 4.695172105729185574e+01 4.556373783413638279e+01 4.775589332300893375e+01 5.721852816852441492e+01 7.259861210317546920e+01 8.261266258515198047e+01 9.044733772558703322e+01 8.223077867416908759e+01 9.044733772558703322e+01 8.947048808721231694e+01 8.126093378055357164e+01 8.126093378055357164e+01 7.719314224164230609e+01 8.538593903809201890e+01 9.522023361857661428e+01 9.717050584271569846e+01 7.660895341901948541e+01 6.268144886033334728e+01 8.305008020640985933e+01 9.326312200390508167e+01 7.274518280736708675e+01 7.827698119230599616e+01 5.806283084123332827e+01 7.827698119221383877e+01 7.722245004238558863e+01 5.525178753034157353e+01 7.722245004500031484e+01 9.351925399404063910e+01 1.039872592182396431e+02
3.197269080214139303e-02 2.493802510388801075e+00 2.159241469060754071e+01 1.678981415589179349e+01 3.138057931783896137e+01 3.424027919167915712e+01 1.887244872107981664e+01 2.265250336101307127e+01 2.691787801825581639e+01 3.139331544775160765e+01 3.717566926874707178e+01 4.426357414494079023e+01 5.428865057335188737e+01 7.431900501619058730e+01 8.064588450312291457e+01 6.272464156923833656e+01 8.064588450312291457e+01 8.126093378055357164e+01 6.176675659593561107e+01 6.176675659593561107e+01 5.775979555767399631e+01 6.740464807438974049e+01 8.698163640889481485e+01 9.148950882300189846e+01 7.660895341901948541e+01 5.642632682053418591e+01 7.617925455372777321e+01 8.468406103660660733e+01 7.875474806205987477e+01 5.853352101911806216e+01 5.238023334412748966e+01 7.244165861897423042e+01 6.762012016907937095e+01 5.132563213638118782e+01 7.242880388845249229e+01 8.177915920802564642e+01 8.748573377952062913e+01
8.792919550159562780e-02 2.008792919550123912e+01 6.057285862270219035e+00 8.618023782422067569e+00 1.136523649706571781e+01 1.422238564276689488e+01 2.422585787237980171e+01 4.268049076787036000e+01 3.681181531637692217e+01 4.556373783345486572e+01 5.721852816852441492e+01 6.430382779477120891e+01 7.259861210317546920e+01 8.261266258515198047e+01 7.247771012170372273e+01 5.310556088435323829e+01 7.247771012170372273e+01 6.896059422892189161e+01 6.085333083517904385e+01 4.816686917621015596e+01 6.747646889965814410e+01 8.538593903809201890e+01 9.522023361857661428e+01 8.296066225541534322e+01 6.261643915035269714e+01 5.117874514765295402e+01 5.601288343898539779e+01 7.297910179679207943e+01 8.171061178273562575e+01 6.708001718547292569e+01 4.713255117043169662e+01 6.346078756625827566e+01 4.767266175536101969e+01 5.680187177369457885e+01 5.680130942057738253e+01 6.139916803742452345e+01 6.691038655473643360e+01
2.533091249361700895e-02 2.002533091249326347e+01 2.620382594131910281e+01 2.863125983481103987e+01 2.551446457075109819e+01 2.316906683571233927e+01 4.253327847613026336e+01 4.057822253095358889e+01 5.098099028725526694e+01 6.514511090282817918e+01 7.389645846859319533e+01 8.152572489415491930e+01 7.321897248567174188e+01 8.152572489415491930e+01 6.602032704258692775e+01 4.673235292609219727e+01 5.779590724521660405e+01 5.492229652323751310e+01 4.163458311065272710e+01 6.085333083517904385e+01 7.561862234060838261e+01 8.714465557996942380e+01 9.397276244265061962e+01 8.545741201471615511e+01 7.883707241103842023e+01 5.861257728600547523e+01 4.464709039393926560e+01 5.313486265681549980e+01 6.337345833552529939e+01 5.696437087293700330e+01 4.294537160078041893e+01 4.357790091008931199e+01 6.346078756625826145e+01 6.648769749821546782e+01 7.668416141537529995e+01 8.177915920802564642e+01 8.748573377952062913e+01
4.340274325774365338e-02 8.208350358211925268e+00 1.820777290191877640e+01 3.233985397972004705e+01 4.554263309153642325e+01 3.472891973909343477e+01 5.149675383899990777e+01 6.061313943975554963e+01 6.890870219461399415e+01 7.930912027554826693e+01 8.066681226231581547e+01 7.123227615045347250e+01 5.241145526028518020e+01 7.123227615045347250e+01 7.148744247737735691e+01 5.212468766234663065e+01 3.861387835637064825e+01 3.577582625255413262e+01 5.492229652323746336e+01 6.305608967631071238e+01 5.948404204488166869e+01 7.894987897308287472e+01 8.217998744605117167e+01 6.508648104953046243e+01 8.217998744601059968e+01 7.297910179673439757e+01 5.901994971418491076e+01 3.921425996444972384e+01 4.787214327039013995e+01 3.715986641637928756e+01 3.960810198686819206e+01 4.655356081107929356e+01 5.535905916515955738e+01 7.550287748229447971e+01 9.500408085285049253e+01 9.148999010730304349e+01 8.310774656215282619e+01
3.499897289517878152e-02 2.003499897289482234e+01 3.644994944895783107e+01 4.642692758221785709e+01 6.051399833324188648e+01 5.476531402829237294e+01 6.306822276910087766e+01 7.068403028064612670e+01 6.229449183374863708e+01 7.068403028234992291e+01 6.612261025544658821e+01 5.157840824857728279e+01 4.186457662528486168e+01 6.281521387297844683e+01 7.582978324243211432e+01 6.588645904371294648e+01 5.101403964502562616e+01 3.186205548940852239e+01 3.745255136124580275e+01 4.380625888104692933e+01 5.485715194176807330e+01 7.425604690574265021e+01 7.369624953832285996e+01 5.357596190586586715e+01 6.294150341775159774e+01 7.136868200690643960e+01 6.742161246866287172e+01 5.401292423615441862e+01 3.425297084611299425e+01 5.401302409723475506e+01 4.762972229394468826e+01 6.649428806004524972e+01 7.494890829053815651e+01 7.174251607010725706e+01 9.223456701497913457e+01 8.145840406480284912e+01 6.311638004047207318e+01
4.124372989540939227e-02 1.004846619978690292e+01 2.428536435831053808e+01 4.463917453489909093e+01 5.257615632752994372e+01 6.076286434570189954e+01 6.141142605681969258e+01 6.024977896954513312e+01 4.117151084789946935e+01 6.024977897067844879e+01 5.573857223569884667e+01 3.675211545599646712e+01 3.449869397776020463e+01 4.658426708924780257e+01 6.746154987563542704e+01 6.166789103199190691e+01 4.242176433276485170e+01 2.884053856924853321e+01 4.242176433276485170e+01 6.166789103196585842e+01 7.117479290260459379e+01 8.243229994446910780e+01 7.648281062556611687e+01 6.294150341775158353e+01 4.303929467380871188e+01 6.294150341775159774e+01 5.815808349262139387e+01 4.981713259183364784e+01 3.251641633085483818e+01 5.224563106632329834e+01 6.759366234173653254e+01 6.165263172604807096e+01 8.193657902860535103e+01 9.223456701497913457e+01 8.884816956750346151e+01 7.311206324352700392e+01 5.341995227126356838e+01
5.361688789861147886e-02 2.005361688789825791e+01 3.799692710446584698e+01 3.941252145372394722e+01 3.395995291275798422e+01 5.257615598156789360e+01 4.030096198301712462e+01 4.030104310690988001e+01 3.034576581360449410e+01 4.934166540161425019e+01 4.079314584621484840e+01 2.642435820163426285e+01 4.720672280222404993e+01 6.389035126916132157e+01 6.055693992229882383e+01 5.015376465321373445e+01 4.212385999899409939e+01 2.619051810230819655e+01 3.739166691341497284e+01 5.093964744216611251e+01 7.029144453647295165e+01 8.004621683776927910e+01 6.804032381454935319e+01 4.803078048385542331e+01 3.738866406279623789e+01 5.575440158426802384e+01 4.742928101906728244e+01 3.012639360297576374e+01 4.981711967482119974e+01 4.491442847326528209e+01 6.486086544674483889e+01 8.193657902860535103e+01 9.044149690351733284e+01 8.125885785081950985e+01 7.293468268902572049e+01 6.068006256281850597e+01 4.730833909413502880e+01
9.650549294000117240e-02 2.005744373126309910e+01 2.942042540292996122e+01 2.185676917953841070e+01 3.941251546363515246e+01 5.102684100943683632e+01 4.030104250279568845e+01 1.893210826565186977e+01 4.030104287233145044e+01 3.506860049550761005e+01 2.015300407021769047e+01 4.079314584621484840e+01 5.573857223569881825e+01 5.743531661887143258e+01 4.686104413361550058e+01 3.316514834493213471e+01 2.260540953284000665e+01 4.212385998533110865e+01 3.987776766196615341e+01 5.911867928670637440e+01 7.002360480790753172e+01 6.188150887445566894e+01 5.176636492888154351e+01 5.170260009911260113e+01 3.197712054507012880e+01 4.512744024776508667e+01 2.776234484756388099e+01 3.513059810279819573e+01 5.490199558330973417e+01 6.486086502073862903e+01 6.486086544674424204e+01 8.516566395462314176e+01 8.704570057575374165e+01 6.708970937853068506e+01 5.373281842372351491e+01 4.764783791910463151e+01 4.260215615806474432e+01
