MOVIE_S13_data/elevation_000842.asc
nrows	150
cellsize	150.0
xllcorner	0
ncols	150
yllcorner	0
NODATA_value	-9999
[rows 119 to 135 of 150, columns 74 to 110 of 150]
5.932368035360752856e+01 3.926052027902056807e+01 5.932368035728736544e+01 5.112629615348493672e+01 3.200065010431113421e+01 3.660337433035963528e+01 1.649374829297831013e+01 2.188556916347540948e+01 3.251567868226053548e+01 5.192702716464690127e+01 5.666892312623034655e+01 3.777815625874156069e+01 3.988499514570672488e+01 2.717102113538282637e+01 2.696718531067879354e+01 2.202518222033566886e+01 4.296759192368728719e+01 4.636290596801632802e+01 4.187441742810083412e+01 4.332820962795077691e+01 4.478607277528917763e+01 5.215409513838046252e+01 3.961734610350652730e+01 5.536675432264587471e+01 5.704232625290564584e+01 4.004751857650829550e+01 6.028264501205963199e+01 7.193410587725965399e+01 7.216712393144288740e+01 6.756742185642804088e+01 8.434787724423267719e+01 9.873150264384810271e+01 1.070565722404930113e+02 1.087561170603092648e+02 1.170990346317778119e+02 1.137545079779472843e+02 1.052772006156377387e+02
5.345780004127046681e+01 5.345780004127046681e+01 6.760518912076877029e+01 5.986994536222565699e+01 5.161731026550689450e+01 3.607600267782493120e+01 1.590490103376903086e+01 3.606874756119727010e+01 4.879759571122484374e+01 6.019574481774886010e+01 5.335879634215945089e+01 3.623864106398118423e+01 2.606676391770352552e+01 3.932749475477750423e+01 2.050099981437262997e+01 4.235924139748976103e+01 2.408895150150800646e+01 2.558508294834632224e+01 2.712229752609619382e+01 2.872580271275116104e+01 3.031721790558535190e+01 3.187501054904380382e+01 3.350235719573458937e+01 3.515634898114534934e+01 3.680889615090672606e+01 5.704232625303821180e+01 6.336117452557076746e+01 6.687511176571153726e+01 5.201575065117248187e+01 5.591460638568437957e+01 7.604031515886597958e+01 7.871567888081433750e+01 9.460975067501067315e+01 8.875013385992106407e+01 1.087561170603092648e+02 1.076079333294446627e+02 9.959928775875101792e+01
7.348516817147279312e+01 7.348516817147279312e+01 6.459286548301635378e+01 5.027015407939859415e+01 4.047702061327361633e+01 3.473831997633545399e+01 1.532328980224743198e+01 2.966308777979190836e+01 4.963057372241211596e+01 5.524802322818995037e+01 4.668735305389193968e+01 2.589518830678114014e+01 2.773447216759998568e+01 1.897885065213390021e+01 4.528809632684443187e+01 5.235159602998223960e+01 4.501049917422967184e+01 4.639243303512569128e+01 3.310364576834094663e+01 4.924299860626743452e+01 5.069496321907445946e+01 3.590162427751598528e+01 5.373493566244694364e+01 5.537262092353613951e+01 5.472791043485077722e+01 4.030448562605567275e+01 4.314961459270646316e+01 4.668907883471714371e+01 6.098900225252747731e+01 7.604031322687133354e+01 6.231345044032936897e+01 6.791296135077017482e+01 7.461358428580291502e+01 8.875013385992106407e+01 1.087561170603092648e+02 9.798078721862505347e+01 8.037825213570766891e+01
6.776393782830596990e+01 6.782128578489846404e+01 5.385731289459187110e+01 3.194915239177470312e+01 2.138931354402017959e+01 1.450981344577173004e+01 3.375294884986057298e+01 4.238643546449721811e+01 5.509799751176039706e+01 4.342852230228876920e+01 2.741837158129387575e+01 3.633065589988326138e+01 1.748670836418438768e+01 3.096200782281533748e+01 3.021441151128877678e+01 4.070994757205567538e+01 6.127396903677909279e+01 5.927046060364973812e+01 3.905349640126099331e+01 5.927046328265076625e+01 4.496752100025938148e+01 5.611947366061460230e+01 4.356466353404815095e+01 6.374836389294752337e+01 6.755676456526255436e+01 6.053098939145690593e+01 4.826864387282354585e+01 5.032767473531868063e+01 7.048943236120028644e+01 8.939683090184234970e+01 7.393015055059147755e+01 8.794436187860799237e+01 8.794436187860800658e+01 1.029245842458493740e+02 1.054351554756770071e+02 8.998876994722934342e+01 7.060594431542693883e+01
4.762536538398577335e+01 4.999027257998675822e+01 4.047379242393436272e+01 4.965340980808837656e+01 3.508795742647952665e+01 1.394257402942837309e+01 3.207758997301480264e+01 4.039975255762040973e+01 4.214715762517269582e+01 2.808394205787897135e+01 1.511635423542922929e+01 1.605805850318523298e+01 2.383800266739721252e+01 4.331376746510075293e+01 5.099197248146921879e+01 5.938248340988003804e+01 6.127394393792204852e+01 6.599309442808538506e+01 4.582532803667740495e+01 6.599309462590142061e+01 5.172195493938242095e+01 7.185043458374296677e+01 6.374836411562075256e+01 5.220387623692661805e+01 7.233073720142883190e+01 7.425730277170853810e+01 5.412177979572520314e+01 5.574327744774783611e+01 7.586797775398576960e+01 9.273105549510124490e+01 9.394317743710959689e+01 1.022592605632307965e+02 1.079655881838863962e+02 9.984084461233999264e+01 8.621980356756660058e+01 8.313590622582735534e+01 6.358633607255180920e+01
3.353507268185921930e+01 3.007138957553984326e+01 2.669570389026936752e+01 4.196919163032566047e+01 3.938072146678602081e+01 3.337118331668391846e+01 1.314405930773985354e+01 3.240083772294533304e+01 3.268136143353085288e+01 1.381902415010618057e+01 3.401931858627806093e+01 2.455328300669901509e+01 4.202308724473859769e+01 3.617151169496354157e+01 4.985341147658820660e+01 6.948677977130451211e+01 8.143565574878437019e+01 7.423383173135140112e+01 5.594372273621897307e+01 7.427935164702522286e+01 5.936419700685752332e+01 7.943693372529061492e+01 7.902445698918454298e+01 5.894482541030980371e+01 7.902445698918454298e+01 8.061038281687973495e+01 6.052017971677340569e+01 7.586797775398576960e+01 6.435928501534219492e+01 7.596402663218152895e+01 9.011417068536015051e+01 1.101375837394544703e+02 1.013301506989901242e+02 9.017213400583237615e+01 7.249360127157279976e+01 9.017213400583219141e+01 7.439307266710231659e+01
5.352381668951058202e+01 4.679642415283650081e+01 2.689323645033145382e+01 2.204135794152909611e+01 1.935176742611135836e+01 1.672931257870560273e+01 3.069247397179968573e+01 1.236915016828139713e+01 1.252720149663581850e+01 3.206479299005373207e+01 4.197796378304242637e+01 4.423394936862671756e+01 5.312016250382485794e+01 5.560388945850400688e+01 6.379463683733303014e+01 7.351652690370312371e+01 8.168266513544645591e+01 8.432132286133774812e+01 7.604485565280602088e+01 8.432243363099813394e+01 6.943349026079211228e+01 8.756549185777573996e+01 8.730546614775657588e+01 6.901578529672751472e+01 8.730829502708259326e+01 8.769655977713219386e+01 6.765382465200262629e+01 8.769655977713219386e+01 7.856062644630502234e+01 7.856062644630503655e+01 9.857706082257800517e+01 1.081383110415016091e+02 9.333391561138763848e+01 7.399870325929695980e+01 6.259695019971239560e+01 7.341706710089179921e+01 6.909897176286359866e+01
4.845315484960175212e+01 3.434221963040890557e+01 4.679642415283125700e+01 3.351624707477943588e+01 3.351639882159759054e+01 3.099503142274245349e+01 4.046847509852473479e+01 3.179662738943136446e+01 1.159637808627677558e+01 1.852357913634378406e+01 2.741375546614817793e+01 4.245425072568301061e+01 6.477201362555823039e+01 6.789999430960931193e+01 5.980860458972904325e+01 5.412411778033286680e+01 6.509097776284291115e+01 7.321531712243302081e+01 8.447198841051361740e+01 9.770707896387885683e+01 8.944756947047461892e+01 9.767745797820569464e+01 9.731009443580265383e+01 8.903492694745438030e+01 9.732347144223390956e+01 9.600606432184940786e+01 7.924026295838157807e+01 9.600606432184940786e+01 9.857706082257800517e+01 9.857706082257800517e+01 1.069014845438975811e+02 1.001311490213098523e+02 8.090566967145491617e+01 6.962664075123569773e+01 6.073470739564415055e+01 5.362906835634154135e+01 4.921319263343409744e+01
4.323064393982201636e+01 5.436391430241449285e+01 6.189555751213979562e+01 5.351612862991219544e+01 5.353844874117706354e+01 5.102844450115929931e+01 4.335826634766530674e+01 3.109116940228800274e+01 1.112583775572119826e+01 3.136875685738260700e+01 4.490264496187075594e+01 5.488397063841401291e+01 6.161201775847045070e+01 5.337077146594243970e+01 4.033294102213621102e+01 4.286366431048925563e+01 4.575118349392831618e+01 5.689927253587807598e+01 7.628105946216861355e+01 8.404216930180017187e+01 8.324278603711515245e+01 9.137036204122563277e+01 9.906741632979178291e+01 9.077418456258267554e+01 9.906741632979179712e+01 1.075727562884138564e+02 9.924807605348706829e+01 1.029375663266688150e+02 9.569204175030509418e+01 8.739875210531113225e+01 8.999647563517555682e+01 9.828990107288360889e+01 9.702063175736462597e+01 8.835789117921109437e+01 8.035327994394299367e+01 7.341706710089179921e+01 6.909897176286359866e+01
6.337092195804228822e+01 7.177588033350606622e+01 7.211983157425682123e+01 6.313332305352913210e+01 5.472393021845434902e+01 4.839883728364364401e+01 3.559127007408450538e+01 1.545830394696558763e+01 1.065586455448831238e+01 3.071094670764397705e+01 3.741104262004996883e+01 4.778100528077178666e+01 5.005383988770748260e+01 3.358472561894451047e+01 2.864360563944815397e+01 3.517600192206057130e+01 5.475355243231368974e+01 7.321531712243302081e+01 7.854360737290437555e+01 6.487647741371388577e+01 6.446474570849981944e+01 8.038114693657799137e+01 8.913653951805471820e+01 7.097865498296191333e+01 8.913653951805471820e+01 9.741324264245088216e+01 8.912459276314876888e+01 8.290308191108384506e+01 8.290308191108384506e+01 6.732590458661952937e+01 6.993332841945031930e+01 8.999647563517555682e+01 1.020760699587995788e+02 9.094480631455613207e+01 8.296269446548093640e+01 7.605600633846842129e+01 7.011266984349791187e+01
8.347410978865259779e+01 7.797315621804374075e+01 5.776892073361837987e+01 4.361303060795739839e+01 3.472222725826141954e+01 2.844927044198772847e+01 2.288766025411946359e+01 3.132389174626997885e+01 1.018865684561823315e+01 2.575014364710477821e+01 2.408838806123053189e+01 3.565174796334387963e+01 3.637791587198508836e+01 2.154709319647616894e+01 3.358412930592975698e+01 5.331644657627912665e+01 6.283629963050277922e+01 7.178318673401163608e+01 6.375663229784890262e+01 5.167141868328171483e+01 5.397349973132889289e+01 6.809524945606527524e+01 7.143627798602550172e+01 6.166647764771738593e+01 8.085957380046468757e+01 8.912459276314876888e+01 6.919043495524407206e+01 7.502901459993664446e+01 6.275990832200915293e+01 5.558648822456804339e+01 6.865970727163136189e+01 8.877104653883260710e+01 9.409927206799119404e+01 7.481015383800979635e+01 6.342763042487620595e+01 5.634418918182520741e+01 5.025805317421312424e+01
7.895495726715978435e+01 7.308793392506242981e+01 7.211983157425682123e+01 6.313332305352913210e+01 5.472393021846569638e+01 4.839883728397976626e+01 4.281309087488870091e+01 4.087128418689421494e+01 3.019460317934650107e+01 9.528701344363021519e+00 2.751851827241629067e+01 2.070160958683999297e+01 1.576994173800970422e+01 3.637791587198508836e+01 5.005390575172690149e+01 6.141552294384335653e+01 6.759692135345508746e+01 5.958794327633503229e+01 4.465330836963354244e+01 4.212625236734765366e+01 6.018204697451301399e+01 4.785855767666848948e+01 5.277420080986304640e+01 5.962855538650843101e+01 7.918962577748648357e+01 8.801062132172017982e+01 7.502901459993664446e+01 5.538065946534849360e+01 6.452652701032387483e+01 4.837155703975169985e+01 6.275990832200915293e+01 8.290308191108384506e+01 9.596957923940050250e+01 9.094480631455613207e+01 8.296269446548093640e+01 7.605600633846842129e+01 6.816420134069556980e+01
5.890488274959641046e+01 5.303007416651678341e+01 6.719461710970308843e+01 6.190303345372442578e+01 5.885329613885504330e+01 4.669683374255795627e+01 3.861173538526658433e+01 4.652760203442278453e+01 3.903597973761013407e+01 2.861029713457515555e+01 8.870208285750230459e+00 1.133265235311588626e+01 3.366012470055431294e+01 3.273463307521456755e+01 5.270641407856017224e+01 6.654055381876614206e+01 5.644607257124829403e+01 4.028303146322589612e+01 3.309064251547270175e+01 3.704170784640692915e+01 4.105190102712909095e+01 5.069631404419635601e+01 6.084938471593645914e+01 7.565632626745554035e+01 8.810376480180703140e+01 7.972092063051437094e+01 5.971299268614989586e+01 6.338451587249242181e+01 4.555211034305289530e+01 4.366458821165127091e+01 5.782102178679662075e+01 7.801550688765779284e+01 7.597105780321611235e+01 9.011644287413760424e+01 9.069326758165037461e+01 7.130139537062491684e+01 5.986774977513096019e+01
4.645246344441508768e+01 3.912215224547915682e+01 5.114545680206697398e+01 4.213840621861912439e+01 3.925489148184850308e+01 3.861173561613995986e+01 2.011180619607373998e+01 3.511497852147176246e+01 4.307655300780464813e+01 2.856288875884074940e+01 8.409708242474390971e+00 2.840651918219304761e+01 4.035669071025010624e+01 5.270510757885892161e+01 5.278836698094557534e+01 5.280751655443860670e+01 3.907447929011105003e+01 2.849788548597587834e+01 4.844224724451785846e+01 5.640730610023653924e+01 6.018204697451301399e+01 5.570763839095535275e+01 7.386864882959019951e+01 8.463302282203824234e+01 8.908267126337501907e+01 6.907698310561615074e+01 5.492786667678626600e+01 4.336272327708407204e+01 3.975113948929659102e+01 3.954646586311031342e+01 6.104023666549623073e+01 6.920398907540936762e+01 6.186740189016159519e+01 8.182848911816998339e+01 9.868218481170259793e+01 8.750402433083166898e+01 7.949736494052403657e+01
6.326418966865391980e+01 5.114545680206697398e+01 3.183672837845525905e+01 2.892448161964476583e+01 2.625397745713391018e+01 2.371534330039525429e+01 3.511532645067931213e+01 1.648401402347542444e+01 3.174045776842491406e+01 2.904938847707077798e+01 7.949589070307487404e+00 2.052872069616319095e+01 3.643108066773608300e+01 4.695767525084630023e+01 3.309515196788777303e+01 4.124576884189244907e+01 2.468207349300146092e+01 4.477019210338276878e+01 3.731914192265986685e+01 5.671093603824395046e+01 7.494732823625510321e+01 7.527838877316507649e+01 8.340609647628707535e+01 8.497937448057859910e+01 7.654365709317487187e+01 6.827631822123456118e+01 7.167297781069562745e+01 5.394615232867685251e+01 3.391236043346084017e+01 3.783628021741395031e+01 4.286852545994268837e+01 4.935970600846080458e+01 6.335636446207339390e+01 8.332140372459154776e+01 8.293812656675183348e+01 7.475503605304885468e+01 7.475503605304885468e+01
4.329788049338198164e+01 3.798330668631004414e+01 4.531534714274757647e+01 3.959813224632020479e+01 3.674547912409529715e+01 3.660108844673088413e+01 4.313682740802492788e+01 3.173971090984746724e+01 1.287558736737032739e+01 2.733767078640002524e+01 7.490011927494352406e+00 2.069587042820705491e+01 3.772895137623554263e+01 3.559347456837969759e+01 1.887671221541299360e+01 2.116956763918254936e+01 3.394244738883319457e+01 4.944922485971995485e+01 5.112028093597750456e+01 4.784193082177527856e+01 5.880876386639850040e+01 7.794217256214047040e+01 8.205997917774271855e+01 7.207457270074905864e+01 5.674134015075080129e+01 4.829715013896262832e+01 6.331664950825337002e+01 5.084761633311654094e+01 3.085985488500957175e+01 5.084761633314379026e+01 6.258922805309311599e+01 5.675827639107241396e+01 7.666639063708552726e+01 8.921608695206775508e+01 7.475503605304885468e+01 5.486670444677169911e+01 5.486670444677169911e+01
6.326418966865391980e+01 4.771170889839071805e+01 6.522058661171823246e+01 5.344132927887385165e+01 5.042049602830662280e+01 5.602367331670399153e+01 4.398953717708270261e+01 2.593918751615114004e+01 2.396958220627429625e+01 9.425103744082443669e+00 7.031020903880239814e+00 2.943364379318937907e+01 3.529860719697611415e+01 1.575447203922552575e+01 3.559938714861978326e+01 4.124576884189244907e+01 4.859468031221076956e+01 6.008367738436001559e+01 7.020797140868600650e+01 6.689549390113872107e+01 7.494732823625510321e+01 8.608129068766831438e+01 7.379454159452612316e+01 5.381698464659754677e+01 4.382455757206828650e+01 3.675881455686737098e+01 4.333664862446521227e+01 4.830916809078133412e+01 2.831686514640125196e+01 3.831472437502808503e+01 5.830361180653461872e+01 7.666639063708552726e+01 8.495040971861368462e+01 8.103930830759450998e+01 6.126190810083724614e+01 4.965506153314685633e+01 4.058118787295060059e+01
