MOVIE_S13_data/elevation_000929.asc
nrows	150
cellsize	150.0
xllcorner	0
ncols	150
yllcorner	0
NODATA_value	-9999
[rows 85 to 101 of 150, columns 111 to 147 of 150]
7.416226852238258971e+01 5.281809135834829760e+01 4.392598149084204806e+01 5.468726308732498609e+01 4.027766351917858145e+01 4.480835147321938194e+01 3.547802752283673300e+01 1.522981864584697398e+01 3.206604774796500124e+01 4.082986104045539122e+01 4.523411688430678623e+01 3.979333374000516699e+01 5.271880421891849977e+01 4.578008513271710456e+01 3.455739461968023107e+01 1.481142862148946548e+01 3.070199832113395644e+01 1.251159675055814269e+01 2.863305932192887582e+01 2.868938155150763336e+01 1.109445865991163416e+01 3.111003924561798328e+01 4.158692943161251776e+01 4.144839987421291738e+01 2.876833978293912963e+01 3.042695968551836216e+01 3.851589181823630526e+01 2.572699095487369902e+01 5.893876773459358454e+00 2.277170611809640377e+01 3.415676818082305832e+00 2.291834619369257453e+01 2.174279341885909389e+01 1.954240299474538700e+00 1.562622642516151794e+00 1.172262613336738202e+00 7.821254560163026781e-01
6.811436978800767861e+01 6.708662316476922172e+01 4.561030152929456705e+01 3.331975296374922380e+01 2.826849919517897547e+01 2.408027984637352858e+01 2.025329941043884219e+01 1.990289180727141982e+01 1.448777251804411748e+01 3.364120357626910618e+01 2.694698266144254362e+01 2.674516859083820819e+01 4.030963180713495575e+01 4.729374833272265732e+01 4.198386217603837167e+01 3.142989163412818954e+01 1.157799151180394404e+01 9.263306522683928179e+00 8.817071762704127735e+00 8.374235643294300147e+00 1.093636203228008696e+01 2.619769776904114877e+01 2.715454045946666284e+01 2.777358526454974097e+01 9.547240618472553564e+00 2.646625024976010820e+01 2.380082121390982408e+01 1.143560381485741040e+01 4.179651075068343324e+00 3.870637520566517775e+00 4.506070646931378931e+00 2.901462315562334915e+00 2.508270349186767945e+00 1.444060053778850694e+01 2.170423302949026123e+01 2.136800524512027977e+01 2.116450471435954483e+01
8.876318767077015082e+01 7.556565247963865772e+01 6.333643166418459458e+01 4.842396544751294840e+01 4.308381991163702196e+01 4.480874762822772794e+01 3.175776484971775560e+01 3.907087516954180018e+01 2.769858025400244728e+01 1.373845312677839203e+01 1.320142581659018610e+01 2.959789621116108194e+01 2.293351391464025113e+01 3.142647276468021644e+01 3.016619619182232981e+01 2.964839461483659377e+01 9.912691244773188970e+00 2.940386353694331589e+01 2.877169566262363887e+01 1.016886900457879328e+01 7.772246483989591503e+00 7.366635697612865741e+00 6.969431684883274691e+00 1.754301168280620971e+01 7.592714554085053358e+00 5.441167452854108078e+00 5.042846306114108224e+00 4.665673122517815408e+00 4.158670494707166654e+00 2.367913591118222527e+01 2.307693214901278012e+01 1.421560392830603448e+01 2.256011773836198131e+01 9.163743438819505371e+00 2.069761754018449551e+01 4.096263197945676637e+01 3.442415890840734960e+01
7.997092791896852759e+01 7.820422562533002520e+01 7.238798698003142817e+01 6.980820119453872508e+01 6.446214225778227558e+01 6.145963615125405255e+01 5.282702503374927971e+01 5.480534784818948424e+01 4.127580269629535081e+01 3.151486146673088840e+01 3.245788014076097028e+01 1.243465295470032039e+01 1.196752138103686569e+01 1.150019584858309862e+01 1.103302152735797392e+01 1.056743074211087396e+01 2.450053310063579914e+01 3.316230401730239663e+01 1.355955126961098500e+01 2.988735602486272214e+01 9.676858832870056659e+00 2.755614881301163166e+01 2.673319662896782489e+01 6.410240956540688373e+00 6.010235263365593994e+00 2.281902111258276022e+01 8.970033911727567144e+00 7.894080375607366307e+00 2.327639292663810977e+01 3.726096189202911546e+01 3.828176588766808663e+01 3.157294888786319831e+01 3.472805273312745555e+01 1.449889740678418626e+01 3.479414704882513121e+01 4.951794342144402350e+01 3.421596756843415932e+01
5.990835198805063300e+01 5.812745588592564161e+01 5.222055050010374089e+01 6.154438264566698535e+01 6.979543688351638764e+01 6.633977159987735206e+01 6.007388853361410952e+01 5.194237161636957723e+01 4.313704717649230957e+01 3.362875048711090642e+01 1.366281758375752986e+01 3.234411126505807488e+01 1.805265601258029662e+01 3.154391340309516778e+01 3.120206136356367210e+01 2.494140678476747652e+01 3.808979860708479492e+01 3.568271373813076508e+01 1.594839126369707571e+01 3.568290970522129868e+01 3.567826059358106505e+01 3.733420395107273038e+01 1.467069716294068016e+01 2.860819855834362357e+01 2.707443019702665055e+01 1.067803593938267781e+01 2.546507414334519837e+01 2.660708636936904270e+01 1.243781259127628580e+01 2.342370158257583057e+01 4.424723263312811383e+01 4.586604918122404939e+01 2.536875440526405256e+01 2.614252653754384070e+01 4.333885373462505441e+01 4.989128144389242436e+01 3.423496439518236656e+01
6.578454443014642550e+01 4.552579237533663559e+01 3.784055459975389368e+01 4.128106826473549518e+01 5.811119993295601205e+01 4.728362593861183427e+01 4.769486886786221191e+01 3.218745255552883577e+01 3.480218558701351128e+01 1.487054853628858631e+01 1.779752925955726539e+01 4.042481233504867077e+01 3.739382854633345943e+01 2.726585179507787515e+01 4.642497324784754653e+01 4.634010683325115565e+01 4.959215735328155006e+01 3.804009080170450119e+01 1.834088377316309959e+01 3.804009272730459656e+01 4.741362852463435473e+01 2.521835379119260168e+01 3.749152320557445961e+01 4.416408595548510618e+01 3.272688349625994420e+01 1.366572995505599764e+01 3.296674702105576671e+01 3.693479505778300620e+01 1.649351766345670356e+01 3.696724549322581765e+01 5.391844979922889536e+01 4.235790463865015454e+01 4.006588738002688643e+01 4.660938610436751617e+01 5.519818660302961177e+01 4.160697853040633021e+01 2.160697355170887946e+01
6.004813922534474813e+01 6.578454443014642550e+01 4.984536311703686096e+01 2.962594007072778624e+01 4.327373645337252128e+01 3.835886962663464317e+01 2.798182998862661819e+01 3.598235048628230004e+01 1.606232888375300050e+01 3.471611453544763037e+01 4.142941972053698407e+01 5.419629363925515264e+01 5.451362880677193345e+01 3.586731874084116356e+01 5.451362878913128185e+01 5.509092502659959223e+01 3.572831991121219630e+01 2.179695705407848649e+01 3.804009272730844771e+01 4.610959465585966655e+01 5.495296797022110269e+01 3.362851949019928810e+01 5.495296797022131585e+01 5.073523323619014747e+01 3.053061046949687096e+01 1.674319297628371572e+01 3.644840746654521269e+01 4.237521376941119655e+01 2.143028979861062666e+01 3.613801077849883825e+01 5.743378652694841691e+01 5.717386224397007766e+01 6.102529824274134285e+01 5.452159469574273487e+01 4.554702306857421945e+01 3.724396247983960961e+01 3.091783730206221392e+01
3.954462997987710793e+01 5.402155536956398407e+01 5.777720962165933827e+01 4.326654363268580994e+01 2.321747858289152333e+01 1.906960406282145826e+01 1.818825497417451587e+01 1.731033545035759147e+01 1.835453843660658535e+01 3.815091789638933761e+01 5.034612588557773449e+01 6.470576234678364358e+01 6.313656629773934981e+01 4.929074347796900923e+01 6.313656636877129813e+01 5.785980755137253340e+01 3.828424823240045072e+01 2.430869145957764843e+01 4.401779681658575782e+01 6.341154018751383603e+01 6.288997530562890859e+01 4.648564293673235426e+01 6.288997530755543863e+01 5.478485458232704275e+01 4.008044564857413405e+01 2.018695322848952856e+01 4.008044564857413405e+01 4.989927024730321392e+01 2.861799267713284678e+01 3.847331661648038903e+01 5.973727620838437247e+01 7.814367311672479843e+01 6.035563893967010785e+01 4.032854344306107208e+01 2.618581724967740243e+01 1.724154447543874724e+01 1.091698915424949767e+01
2.531789495909989540e+01 4.371371513055694180e+01 4.255871494621447937e+01 4.005648945965332786e+01 2.033990484569758905e+01 3.901559471705659377e+01 2.620259823268330024e+01 3.131839470436731787e+01 3.815265543866803455e+01 2.169247964037979770e+01 3.604041578861617978e+01 4.763097953605654311e+01 6.788268575196299537e+01 6.866773964633068772e+01 6.934805722710373743e+01 5.962015860076915885e+01 4.662984690685394185e+01 2.691017377933738786e+01 3.578405012041863387e+01 5.539909454290049240e+01 7.420729017212602230e+01 6.651956174330148031e+01 6.178238415795928518e+01 4.627223068802314998e+01 2.620855403760527125e+01 2.893455613093413348e+01 4.854899454225818545e+01 5.856453347455573066e+01 3.919820661310657073e+01 5.856453347455572356e+01 6.830427860112952487e+01 6.406280558765793387e+01 6.189316516664125345e+01 5.450802938297114508e+01 4.554702366446655759e+01 3.724396245712240727e+01 3.091783730206221392e+01
4.358325124749791968e+01 2.366846231916305143e+01 2.251407284739785908e+01 2.161188259593706817e+01 4.036510161348410008e+01 4.881492955114641319e+01 3.515336217925599982e+01 5.149364363975890768e+01 4.598088210677361332e+01 2.560707517918649856e+01 2.728229648710368949e+01 4.169260304537113626e+01 6.196748886510997778e+01 7.497119186915691103e+01 5.564259701451286588e+01 4.179752424760307861e+01 3.186082739771174843e+01 3.157596822283115046e+01 5.127129145076401784e+01 5.539909454291027657e+01 7.478366416456272248e+01 6.787004757612901074e+01 4.717620117773209643e+01 3.293083005558142418e+01 4.627223068805474071e+01 4.041842020986180017e+01 5.762018774405850507e+01 6.915632934070902138e+01 6.060033388149983580e+01 6.915632934070902138e+01 6.406281443813314525e+01 4.405499529422849747e+01 4.186724636196512250e+01 5.341499686892095156e+01 4.524198051550942523e+01 4.503490392938648057e+01 3.674850286849424208e+01
4.456187211778494373e+01 2.317224235743527672e+01 4.257491920349738734e+01 4.174960394001788444e+01 5.060399935006144290e+01 6.382599262447403987e+01 4.692678823776554253e+01 5.195587316691682389e+01 3.168172331930415453e+01 4.598088211493432453e+01 3.177525386548596487e+01 5.205676897839870065e+01 6.718095157156713526e+01 7.885931844633533672e+01 6.903229390780938957e+01 4.972055399613731197e+01 3.576636253546950428e+01 5.127238267213085976e+01 3.884898717057588868e+01 5.841796194699315237e+01 7.618066412574980006e+01 6.787004757612864125e+01 4.717620117773209643e+01 3.951590809493447409e+01 6.009797864101724940e+01 6.095372129539066464e+01 6.948765187744893979e+01 7.670324454014937032e+01 6.842024700202716758e+01 6.086115050985129926e+01 6.557497936644718095e+01 4.772645843222500162e+01 2.772450093420807704e+01 3.703385603068608134e+01 2.524770581235465983e+01 3.674867778449991107e+01 1.674821800778209280e+01
3.107757365930174487e+01 2.539952688326769703e+01 4.615555377477447507e+01 5.683348601929279198e+01 6.588741692195939947e+01 7.560798459520005110e+01 6.728466768971595968e+01 5.637560404800399283e+01 3.610900061866524169e+01 5.637560412340265259e+01 5.205676897839870065e+01 3.852838721138365230e+01 5.025327834281986839e+01 7.052463046792959744e+01 7.067492594756838287e+01 5.131041313688066197e+01 3.993072989945421369e+01 5.948278431088665030e+01 4.770131166631808384e+01 4.873034121225341408e+01 6.810558268173278407e+01 7.638856758017166726e+01 6.787004757612864125e+01 5.130245004541066578e+01 5.400769507400795533e+01 7.480122382718933238e+01 7.996660784249014853e+01 5.996772422428458782e+01 4.842075754738914384e+01 4.086146983052624648e+01 4.557549821386025002e+01 4.684493477969665065e+01 3.703397366014878145e+01 1.703404892992921660e+01 1.370071559659594129e+01 2.922852185810115344e+01 2.260606987907331344e+01
4.532264066235248379e+01 4.615556148120909796e+01 2.820194595614075439e+01 3.725879507687842818e+01 4.894528677894047775e+01 6.922208126867222688e+01 6.860609627520287290e+01 5.048693592224186943e+01 4.135182870126490684e+01 6.173835046194302834e+01 6.718095168356923352e+01 4.867974256160021440e+01 4.867974256160022151e+01 6.896217716219085503e+01 7.881501132480944705e+01 6.406313782657095146e+01 4.463034363953909178e+01 6.406313782657095146e+01 5.744841942712930205e+01 6.810558268173278407e+01 6.244947800012338490e+01 8.176062731427632002e+01 8.061661454043925801e+01 7.211289414232825834e+01 7.480122382718933238e+01 8.329061892393501410e+01 8.824904567409254241e+01 7.670324454014937032e+01 6.297998922138427247e+01 4.298038202565015098e+01 3.143337989641427654e+01 2.684506521923919209e+01 2.258105089216871164e+01 3.678776631868908709e+01 1.678786910110129682e+01 9.228579641596400762e+00 6.455078660470279672e+00
6.528596985787670803e+01 5.011564126041786693e+01 2.992888796191048684e+01 5.011564025336112849e+01 6.405963808468561638e+01 7.757612790194325214e+01 7.711205603521462137e+01 6.796227354403752940e+01 5.318107079949076166e+01 5.102279560379515289e+01 7.129454456801906304e+01 6.042477352767892285e+01 5.778575848447904661e+01 7.729959893378223512e+01 7.982468289809797568e+01 6.052081140653782398e+01 5.033535705355785694e+01 6.963424767394042192e+01 7.105509564964360436e+01 8.484386452951382296e+01 8.176062731427632002e+01 8.991185025137623654e+01 8.319404161710065182e+01 7.490424704822011392e+01 8.319404161710065182e+01 8.092102513331590785e+01 7.506418982385366689e+01 7.351678667954968205e+01 7.126318308823223902e+01 5.143321062324037030e+01 4.557549821386025002e+01 4.684493477975854603e+01 3.412805504424380842e+01 3.092999744111022054e+01 3.678776631873869718e+01 2.077558466054312802e+01 2.645504446867635551e+01
6.298554545858785758e+01 5.195976913733513669e+01 3.175835964482411811e+01 3.559161216204721967e+01 5.574256429865923934e+01 6.716585361039918212e+01 7.545825445317987601e+01 8.174422494653379090e+01 7.342781755396232768e+01 5.875134310551567296e+01 7.891611009749728112e+01 7.473369851890075211e+01 6.949372674883073842e+01 8.632426806336275149e+01 8.796546814366099909e+01 6.963424767394042192e+01 5.721385712889544806e+01 7.642718482573913263e+01 9.042158436478341343e+01 8.929753778674380271e+01 8.101305770964360420e+01 8.443382378764356133e+01 7.314860521299468132e+01 5.478125681283311366e+01 7.314860521335475596e+01 6.091239424323294571e+01 5.505052858180820152e+01 5.350180755702778157e+01 6.765019976730883400e+01 7.143226445473926844e+01 6.557497936644718095e+01 6.241256499437524496e+01 5.412786942320949635e+01 4.247697513603623065e+01 4.905923575982649254e+01 4.077545119871608392e+01 3.417101064252332776e+01
4.866337304796174834e+01 3.436914328239228666e+01 5.195976913733513669e+01 5.574256429865893381e+01 4.179860115070804483e+01 4.702868784023829107e+01 6.131423086884910845e+01 8.128604679071064254e+01 8.722019311107442263e+01 7.043155328258765735e+01 8.722019311107442263e+01 9.484610984173679071e+01 8.962946194393707344e+01 9.793562398935618774e+01 9.719849913545512266e+01 8.453888763528397021e+01 6.679464270803647707e+01 8.453888763528397021e+01 9.410827522159996761e+01 8.101305770964360420e+01 6.093745543928385189e+01 6.681746320786817250e+01 5.602214834575025293e+01 4.459366148586245515e+01 6.484275193052658892e+01 6.091239424323293861e+01 4.089503994435399648e+01 3.934667948391489034e+01 5.764339420538947678e+01 5.752771355806878972e+01 6.582045182993664412e+01 6.428507320687290871e+01 7.075643897508605562e+01 6.247614224332343724e+01 4.867074222745900158e+01 2.867070316347549408e+01 1.712369777799258586e+01
3.705148268343519646e+01 5.460556118226583777e+01 6.298556067498128641e+01 7.027346948652342462e+01 5.193384534781355200e+01 6.716585361039918212e+01 5.659776080835068512e+01 6.816820387400979087e+01 8.809641376023813564e+01 9.050623024651609683e+01 9.880264128780336819e+01 9.492898302371973784e+01 9.799308938400703539e+01 9.380649497798579262e+01 1.021898472075872633e+02 9.424353743351450419e+01 8.605972694344177398e+01 9.424353743351450419e+01 8.582810762798119697e+01 6.578785768877288831e+01 5.570457001400523467e+01 4.660699583389067868e+01 4.161932611566462725e+01 3.733080304182577436e+01 5.259541377099574078e+01 4.917306046878076842e+01 4.623187857775798904e+01 2.934449666786957067e+01 4.118599147611922717e+01 3.751347992935018993e+01 5.014654829844702988e+01 4.428892697728569772e+01 5.842765872853427567e+01 6.587554858580458017e+01 5.695615351327389675e+01 4.540837424401514255e+01 3.415904602925423461e+01
