MOVIE_S13_data/elevation_000383.asc
nrows	150
cellsize	150.0
xllcorner	0
ncols	150
yllcorner	0
NODATA_value	-9999
[rows 68 to 84 of 150, columns 37 to 73 of 150]
5.470507943753264612e+01 6.614326507889533957e+01 8.574813587682503169e+01 7.631262314668089175e+01 5.605235433994233318e+01 4.193814016230216879e+01 5.440817735126258015e+01 5.078004873892517423e+01 3.176356650310292906e+01 3.255198284264726283e+01 3.333813164561894382e+01 5.079285590279807394e+01 3.750968692199468535e+01 5.781255083667861072e+01 6.939600484774952349e+01 7.723335878282259159e+01 8.555104933558554592e+01 9.977927957967462191e+01 9.987602805391297522e+01 1.056746309045814058e+02 1.079085386048751616e+02 1.150487603636366458e+02 1.067958378797151227e+02 9.836227125465593701e+01 1.117409088887936832e+02 1.199912809624307783e+02 1.278968099809012102e+02 1.197733273380174523e+02 1.034098069473992467e+02 1.214220283443027597e+02 1.246309829730333263e+02 1.165013799407471993e+02 1.165013799517463866e+02 1.246309839802815134e+02 1.359850760827854117e+02 1.289065775713718267e+02 1.086288678042298983e+02
5.966265686895233245e+01 7.935200626699268867e+01 9.387933908642612835e+01 8.217453773919010018e+01 6.198644968477376693e+01 4.838802249548308509e+01 6.878335825203831178e+01 6.001745561975874210e+01 4.339571556766339455e+01 5.066325915027975668e+01 5.097218021042916547e+01 3.444931455830256084e+01 5.468385685134270346e+01 6.435673269654627404e+01 7.732332402941266025e+01 6.945564636847917939e+01 7.577440861096738445e+01 8.311206477131713655e+01 9.146639237347585549e+01 1.032174303419614034e+02 1.198681511168439755e+02 1.117311108339458627e+02 1.198681511168439755e+02 1.182970310863782970e+02 1.163698115807776077e+02 1.221913200741822294e+02 1.197733273380174523e+02 9.999792797829736912e+01 9.345451717562771421e+01 1.132853644608173198e+02 1.106205036092008953e+02 9.669789270068959297e+01 9.669789270068962139e+01 1.081733439390866209e+02 1.278776887086713003e+02 1.371553223647004245e+02 1.270696976332412476e+02
6.854203679402316141e+01 7.362865342389352463e+01 9.317167712658311984e+01 8.302782587969475969e+01 6.288754098983599761e+01 6.288754098983599761e+01 7.709597121798068997e+01 7.162578257934838177e+01 6.332566074013661250e+01 5.731360801946834727e+01 3.764630103059856481e+01 5.468428825351222144e+01 3.572525279431084044e+01 5.315144761647235327e+01 6.135165390624050019e+01 4.878681366102232175e+01 5.481973360016348096e+01 6.236786189623988719e+01 7.457404822572289049e+01 9.480238787804391620e+01 1.052432651522988181e+02 9.194536850236052317e+01 1.099959566486943316e+02 1.105279063121156753e+02 9.645159924763423476e+01 1.022855085708984433e+02 1.197733273380174523e+02 9.999792797829736912e+01 8.590739543777682741e+01 9.827508702648989924e+01 9.077515686244683479e+01 8.518021825714806994e+01 1.050678312564554915e+02 1.196925129715957326e+02 1.311154903320748417e+02 1.371458119577668242e+02 1.371929002414161971e+02
7.835367116784360064e+01 9.317167712658311984e+01 1.013346639745648474e+02 9.130440144612531128e+01 8.302782587969475969e+01 8.302782587969477390e+01 8.648220215645307007e+01 7.249559836799943469e+01 6.095144405681064370e+01 4.092140339362034496e+01 5.765852565823320219e+01 6.429697543143838345e+01 5.598666158884191191e+01 3.700262179885500302e+01 4.164656393219365782e+01 6.150927231462042499e+01 7.577440861096738445e+01 8.311206477131713655e+01 9.146510370714923965e+01 9.715391930473495563e+01 8.539912871440520803e+01 8.196149403225827257e+01 1.018382396681532356e+02 1.022855085708984433e+02 8.230524272489836335e+01 1.022855085708984433e+02 1.062752903986693553e+02 1.089271940468899373e+02 9.827508702818633424e+01 7.832601671893867490e+01 7.662217352988221819e+01 9.658768006466213762e+01 9.168026377308581232e+01 1.031810022163371627e+02 1.229749057812123283e+02 1.181528957269147639e+02 1.175169314558244480e+02
9.784364999464786194e+01 1.060235429094193904e+02 1.078363471732712782e+02 9.648198977172168611e+01 8.776895142058316424e+01 7.961642297382573474e+01 6.701902188556296380e+01 6.433480764985415590e+01 4.431855868451440728e+01 6.095144405681064370e+01 6.912779823188607509e+01 7.392450440268306977e+01 5.356190829494819639e+01 5.729851430182336003e+01 3.831021109541986647e+01 5.001284573361787977e+01 6.448418989129474710e+01 8.476791101364560177e+01 9.119786419012508816e+01 7.705110051242725433e+01 7.093939060861266910e+01 8.539828009715576229e+01 1.052198799305447494e+02 9.522141783609011156e+01 7.517314702375790603e+01 9.522141783609011156e+01 8.303870477335668454e+01 8.858363955014360158e+01 9.463135482700536727e+01 8.695276808004183522e+01 7.138877641602378787e+01 7.902741679663458285e+01 9.897398628679660249e+01 1.143882321840639804e+02 1.206309677130126232e+02 1.043183637982061498e+02 1.034886682762096513e+02
1.050177708521665778e+02 1.134099658883711186e+02 9.951720021674186967e+01 8.002396518228150057e+01 6.892894324172630149e+01 6.010941866794595256e+01 5.292633430819110174e+01 4.925063540840586285e+01 6.433463603748263893e+01 4.940335612202449056e+01 6.931206880447541607e+01 8.226127519849110570e+01 6.786044270936706369e+01 4.821747653510341536e+01 3.924044210478147932e+01 5.959571712550936695e+01 6.935265207972391011e+01 8.410947401619010577e+01 7.575790513433692297e+01 6.199716130370612888e+01 8.293935978558820921e+01 9.445432025054402914e+01 1.033823562346003371e+02 8.332355773309782876e+01 6.902959154302781997e+01 8.733351892706286890e+01 6.788537877619354788e+01 8.735633751627578647e+01 8.264878529854452438e+01 6.681019265516364669e+01 6.983951369175649404e+01 8.991219297669367450e+01 9.721852627968736726e+01 9.456067960092411795e+01 1.051898935633111307e+02 9.284649107731348749e+01 1.069070335135516103e+02
8.464660420847269506e+01 1.050177708521665778e+02 1.041101344306660224e+02 8.448641102682667281e+01 7.086932637418927072e+01 5.953059566217437037e+01 7.271965542436433338e+01 6.343947566139771510e+01 7.292398733903372943e+01 5.313980076974489464e+01 7.292404647753936331e+01 8.383518564283656360e+01 6.427020121285667642e+01 6.726742397519836913e+01 5.362408599020965738e+01 4.057658736517895193e+01 6.096542214981480612e+01 7.072425195810049559e+01 5.457397170215713800e+01 6.906056874198928597e+01 6.526019386556923507e+01 8.605775276349078240e+01 9.301509613781875885e+01 8.379228313835605491e+01 6.351863654270403003e+01 7.662495217452885754e+01 5.860167338985384333e+01 7.900663031864078789e+01 6.370474647666753043e+01 6.697873632412319012e+01 8.710731295140682562e+01 7.417773176589727768e+01 7.726343462295830022e+01 8.044780491577932935e+01 8.530659542382655047e+01 1.051898935633111307e+02 1.167498778133681867e+02
9.061318077772942559e+01 1.015114037861248306e+02 1.015235630907426128e+02 8.197319418498284449e+01 6.836735822745760061e+01 6.938251080359407297e+01 8.720241513361963825e+01 8.298651184015074023e+01 7.669926176120539196e+01 5.708266840016714383e+01 6.851413272722560066e+01 8.788035584899755293e+01 8.383518568023968953e+01 8.234770098546094630e+01 6.924991146684509147e+01 6.076808731661013496e+01 4.192673712262978825e+01 6.234425555217121939e+01 6.488161152445181301e+01 4.878269408922892580e+01 6.301616727741502899e+01 8.413675136788609166e+01 7.305059986119346149e+01 7.312521384927617873e+01 7.454788390383838248e+01 5.615914880350696592e+01 7.653638550914045879e+01 6.112479116886103014e+01 8.143629541506862779e+01 8.710731295140682562e+01 7.173582907022569088e+01 9.175081807165770442e+01 9.721852627968736726e+01 1.003680352981928792e+02 8.694091645264980173e+01 9.178030768859326827e+01 9.692474726091985815e+01
7.280712858489097528e+01 9.309951372828224692e+01 1.015235630907425843e+02 8.197319418498284449e+01 7.946731907680175766e+01 8.299019068876505401e+01 9.694844443324352312e+01 8.315450008046438768e+01 6.378878512268762080e+01 6.851413272722567172e+01 8.483522144094794726e+01 9.609510089991029247e+01 8.905508714160156103e+01 7.892682545535376448e+01 6.639873586352155144e+01 4.592265841759181910e+01 6.233927945436764162e+01 4.337663326879653169e+01 4.441793420767613298e+01 4.546762861126011757e+01 6.595678167414928339e+01 7.584400307092556659e+01 7.054629849824182486e+01 5.261271743657445654e+01 5.406180703820140820e+01 7.456362806638622942e+01 6.146473051350101713e+01 8.143629541239882030e+01 7.556853228491567620e+01 9.560232890794375749e+01 9.175081749800115460e+01 7.665073845697517640e+01 9.657102957372440244e+01 1.099140268128714126e+02 1.068165386552360587e+02 1.116310511179547404e+02 1.167498778133681867e+02
8.638667882685504651e+01 1.015114037861248306e+02 1.098531207819317359e+02 1.015235630907425843e+02 9.312305977443928384e+01 1.025705541931483680e+02 9.178817845038172152e+01 7.248268671937697150e+01 7.173953228110153191e+01 8.788035595487538387e+01 9.609511721688176067e+01 9.498563495019610059e+01 7.486363717566329967e+01 6.040803475295415836e+01 5.008580152166107524e+01 6.639873586352155144e+01 7.064854733053194025e+01 5.016863362333662479e+01 6.488074999364910411e+01 6.595676069672124697e+01 4.702750845219734543e+01 6.752872689761336744e+01 5.059393612209226632e+01 7.110979954154238669e+01 6.864476349376927544e+01 8.288028259287936805e+01 6.525914387500398561e+01 8.547825664065184981e+01 9.560232892473570132e+01 1.038044176857586507e+02 1.047416673672678371e+02 9.077465379443881943e+01 8.193123890758563732e+01 1.017657680926076722e+02 1.133830658342219948e+02 1.195962442164434663e+02 1.277006123765846013e+02
9.479605897453474483e+01 1.029184114059426776e+02 1.051458589949971838e+02 1.135492055869123789e+02 1.129988622062730457e+02 1.115845342927230064e+02 9.178817845038172152e+01 8.026888340628870822e+01 8.127879039436319886e+01 9.927437845516384129e+01 1.013931742302272596e+02 8.135227577939772914e+01 6.699292448110222153e+01 5.509155011627857590e+01 5.739136535896592761e+01 7.779717672053557465e+01 7.899798253186129671e+01 5.939051284383648976e+01 7.898245072282715284e+01 7.559821695409365816e+01 6.632099197538541091e+01 4.860401170858325059e+01 6.911331387163961892e+01 7.945295594631970459e+01 8.884860630924605118e+01 8.928223933146200864e+01 6.915260947386359192e+01 8.928244516723242441e+01 1.033213138616505660e+02 1.148354256200966290e+02 1.187087370238647566e+02 1.099138116855074685e+02 9.342316445622510912e+01 8.795308750803093290e+01 9.368979939333959805e+01 9.994844901970346029e+01 1.138641644910754707e+02
9.521229627142334095e+01 8.252994741230313025e+01 8.476087661612592683e+01 1.034230249750788033e+02 1.118323349145281611e+02 1.160342204876184269e+02 9.607222138288348390e+01 9.390240035751050129e+01 9.493911603276728783e+01 1.091164923776964741e+02 1.025002216027452562e+02 8.418957108931374478e+01 6.391106751887294735e+01 5.985284107831317613e+01 6.661492520172937759e+01 8.610537368246366441e+01 8.806745965232367723e+01 7.385736161509981912e+01 8.806130469360714130e+01 7.868107893957785848e+01 5.833223309274258384e+01 6.911331387163961892e+01 5.134084577508669867e+01 7.185391419054535334e+01 8.296696683403274619e+01 9.461329900075500632e+01 8.928244516723242441e+01 7.502814970885239632e+01 8.663172697052382887e+01 1.065903393279151175e+02 1.203390652773231579e+02 1.212903610237856213e+02 1.131619504200887434e+02 9.605439920885446270e+01 1.038671439936656924e+02 1.195962442164434663e+02 1.138641644910754707e+02
7.489133341030603219e+01 6.823940915971398624e+01 7.533035540531747642e+01 8.300352068660876625e+01 9.745323844730305041e+01 1.178353645749076719e+02 1.160342204876184269e+02 1.138172216573667015e+02 1.148829696074703151e+02 1.083663988338338413e+02 8.839212358464966712e+01 7.413668882277835337e+01 8.418957108930891309e+01 6.473592965834241397e+01 8.498722109086915566e+01 8.097420757499975252e+01 1.010143002676214792e+02 9.400336426352529884e+01 9.140317520049181610e+01 7.129015325993930219e+01 7.279598102897894307e+01 8.019411473312101180e+01 7.185457450502865129e+01 5.415044701899810775e+01 6.608576985137968052e+01 8.633309883172437083e+01 1.033213138616505660e+02 8.922390856200478026e+01 8.215342275051503407e+01 9.216287470185008601e+01 1.062687651979898078e+02 1.261681974517466500e+02 1.238404540270803409e+02 1.059250355648636912e+02 1.228649067163997586e+02 1.285066480660093475e+02 1.334347088300308997e+02
6.080517788138877933e+01 7.069690387599966641e+01 9.098950738818665229e+01 1.034230249750788033e+02 1.118323349145281611e+02 1.105324782641280450e+02 1.022337827151106069e+02 1.105324782641280450e+02 1.137117527044100882e+02 1.105439142282944829e+02 9.057878362857631771e+01 9.424245335584913619e+01 8.416796376644518318e+01 6.987819333445015957e+01 9.002356367634210699e+01 1.010143002676214792e+02 1.092642416339329543e+02 1.113609246735577045e+02 9.140319106513277347e+01 9.140319106513275926e+01 9.289412877198466845e+01 9.092233392803210279e+01 7.075146791187066242e+01 5.619839899055813959e+01 7.665937778559903393e+01 9.256168638411196525e+01 1.008218356364151447e+02 1.091742528287348080e+02 9.629439437349455488e+01 9.159200537099140149e+01 1.031151052838848017e+02 1.230199697545476027e+02 1.336387217402129863e+02 1.255371263436310016e+02 1.336387217402129863e+02 1.390901568725935533e+02 1.306058202448774921e+02
7.226077664699634795e+01 8.919346241108875972e+01 9.098950738818666650e+01 1.113617623271225625e+02 1.147227552183589268e+02 1.006503782230617077e+02 8.258167845852064204e+01 1.006503782230617077e+02 9.377390183993330197e+01 1.079180610555921049e+02 1.105439142282944829e+02 1.124038756467239466e+02 9.828591970662540689e+01 8.156757203343455842e+01 8.001485370320295942e+01 9.419445840715266627e+01 1.141260063821394937e+02 1.143547563492177375e+02 1.002508273028305155e+02 9.199384928982054532e+01 8.870039365849578417e+01 8.552556241330722742e+01 7.871092794003563142e+01 5.829826153978817160e+01 6.522106081838087732e+01 7.246333958579002399e+01 8.411328980292350366e+01 1.041024149829916894e+02 1.162184813248681508e+02 1.015738162489780905e+02 1.197699136625479071e+02 1.312600317965915622e+02 1.332878448088663674e+02 1.249201995090605948e+02 1.332878448088663674e+02 1.282721487650427719e+02 1.094596985214495248e+02
9.254522440795322780e+01 1.008917972390610487e+02 1.032302416469916864e+02 9.502773769045614927e+01 9.502773769045614927e+01 9.240773058681550367e+01 7.280501284170885867e+01 8.560998359328308993e+01 7.980951101669619163e+01 9.726760884888102510e+01 1.042663346118956014e+02 1.125952876333285531e+02 1.098198734696305792e+02 1.015746630747428725e+02 9.005903221851556850e+01 1.082786975188569727e+02 1.168341048261812603e+02 1.053245434890215932e+02 8.614689825644322241e+01 7.196053316795530463e+01 6.862099074831050416e+01 6.535544730567502825e+01 6.215039865309302769e+01 6.190415366336411296e+01 8.201304540517196529e+01 9.256168638411196525e+01 1.008218356364151447e+02 1.123490271303056147e+02 1.297216897914956064e+02 1.214819655394766897e+02 1.297216897914956064e+02 1.320215702508769198e+02 1.231229407505901179e+02 1.045371544499950716e+02 1.231229407505901179e+02 1.197836533133130530e+02 9.915442200274075901e+01
1.049564130883763795e+02 9.665692931962189505e+01 9.450122283361736208e+01 7.562666045836824935e+01 9.178488350866317091e+01 8.328889450046219167e+01 6.578184514656922488e+01 6.578721190441228828e+01 7.155359723887943346e+01 7.752321660580633989e+01 8.447094882512509173e+01 9.582559936822188718e+01 1.157965933813725314e+02 1.182433633530889807e+02 1.100055150804470969e+02 1.182433633530889807e+02 1.085916642263327248e+02 8.864155238683594007e+01 7.707499835115790177e+01 9.199384928982054532e+01 8.870039365849578417e+01 8.552556145938387999e+01 6.730373033797778248e+01 6.543946716235235783e+01 8.605635286348295665e+01 9.811137575349530948e+01 1.048368056376644120e+02 1.130879326761405395e+02 1.230636214081266218e+02 1.267424487083143134e+02 1.183691121779563247e+02 1.236533074757165878e+02 1.033230496477326881e+02 9.442265325204515136e+01 1.130710604549862097e+02 1.046569717012885548e+02 9.202008973236958411e+01
