MOVIE_S13_data/elevation_000315.asc
nrows	150
cellsize	150.0
xllcorner	0
ncols	150
yllcorner	0
NODATA_value	-9999
[rows 119 to 135 of 150, columns 37 to 73 of 150]
5.169688295497548580e+01 4.559177350233947124e+01 4.012738736951177287e+01 3.529003307942393519e+01 4.679804406394844563e+01 5.107634326192986407e+01 3.115610320338630146e+01 5.119289500840655904e+01 6.142638382446845924e+01 6.574346616969947377e+01 5.983455655366613257e+01 8.000895952629706187e+01 8.617306641884985652e+01 7.050563186691918816e+01 7.533678883288654049e+01 9.341207298296993145e+01 1.017711579361591703e+02 1.009954613758874729e+02 9.459440245462556618e+01 7.479643758380892393e+01 6.456915586490444525e+01 6.920681428343347363e+01 8.066737226137126981e+01 1.004304769244099163e+02 1.049489736862455942e+02 8.833169702949319912e+01 1.049489736862455942e+02 9.300954863206793277e+01 7.487235507363486420e+01 9.300954863206793277e+01 9.680790917358527281e+01 1.050769664293454042e+02 1.130817358918601059e+02 1.015183440173033347e+02 8.475732610335113293e+01 9.535040490086866782e+01 1.036402659623569775e+02
7.189857885275540639e+01 6.580753375294597163e+01 5.261364980588972173e+01 3.283718289782934363e+01 4.968950208950083436e+01 4.804303588136566106e+01 2.984391878263332387e+01 3.877877523424310624e+01 5.034596044500084844e+01 7.047851110636028693e+01 8.000896554726745080e+01 8.837585848317438320e+01 9.906514217962738655e+01 9.070527212281315599e+01 9.553385648520290374e+01 1.038925818021373146e+02 9.522040651705110292e+01 8.121682728552265473e+01 8.957598239675328955e+01 7.842951992853451770e+01 5.853117691830433955e+01 7.842951992853451770e+01 9.403165231012195591e+01 9.433426303536998603e+01 8.609673053536833720e+01 7.686508906512025874e+01 9.669771502330802093e+01 8.477175696303145003e+01 6.491537764524740339e+01 8.477175696303145003e+01 7.699618167033133886e+01 9.361303405659424470e+01 1.047973741441893196e+02 8.475732610335113293e+01 7.318790958865798757e+01 7.531093707577535667e+01 9.207486587442160442e+01
7.802783575307250885e+01 5.903074491326350426e+01 4.515983899225674492e+01 4.826431658353690324e+01 2.978227219956787408e+01 2.801541216169377790e+01 4.804293020670689174e+01 5.821586097642703095e+01 6.720551976837906238e+01 7.883689515914669244e+01 8.888697256310257444e+01 8.071896268473909686e+01 8.888696933119443599e+01 9.040421392583826332e+01 9.869156182422659640e+01 1.009952711722873318e+02 8.121682677874279932e+01 6.719498192284548566e+01 6.976803806739225422e+01 7.436778747213347174e+01 5.444180120590964833e+01 6.598197858670674520e+01 8.582301544090782386e+01 8.609673053536833720e+01 6.617956504110800608e+01 8.377077602486424723e+01 9.201262066465859846e+01 7.815296385710335869e+01 5.823442483534471137e+01 7.475213343488364615e+01 6.550613631561631678e+01 7.956541184810735956e+01 9.938215988302675896e+01 1.015183440173033347e+02 8.378061275763430160e+01 6.375818616262146321e+01 7.670161594706254959e+01
7.550653830666166755e+01 7.244622179109322246e+01 6.449130284430003712e+01 5.262067101774913880e+01 4.418465748056919296e+01 2.673212580151838580e+01 3.827426857941386373e+01 5.844952610536128645e+01 7.419768855791784290e+01 6.641675760927523697e+01 7.497662502327823120e+01 6.096146145596220833e+01 7.408901541231986698e+01 7.042225822067089780e+01 8.939683647948706380e+01 9.768059223051739082e+01 8.700977246019806444e+01 6.719498192042208018e+01 5.574962033724704469e+01 6.747818578473997775e+01 5.072861179054356739e+01 6.485226138926918793e+01 8.470715321810757814e+01 8.009147918701617641e+01 6.012209602591686775e+01 6.383152260197006456e+01 8.050773556432804412e+01 7.214729837462819262e+01 5.217386564250809045e+01 5.480234116777895537e+01 6.635846673363788284e+01 8.041341891082112170e+01 1.002318240360036583e+02 1.116286777118865814e+02 9.207486587442160442e+01 7.670161594706254959e+01 5.669782942715550433e+01
6.782692099343277903e+01 6.461790258726260561e+01 5.651221381969840962e+01 4.517016159898919625e+01 2.518926487140440074e+01 4.502513841758170088e+01 5.508824576773052684e+01 6.687605670598642860e+01 5.879555282735999100e+01 4.494229321981052294e+01 5.835579525398944156e+01 5.098251271003024243e+01 5.407051836125547339e+01 7.408901541231986698e+01 6.941985946913025884e+01 8.939683647948706380e+01 9.521985458452412843e+01 7.896736717169169140e+01 6.210135096499475083e+01 4.773874575159911871e+01 4.719443627401356167e+01 6.132134898901678355e+01 8.119727062405472395e+01 8.088019697544780229e+01 7.225884269327158904e+01 5.223424251628528481e+01 7.225884269372032520e+01 6.660766484672889476e+01 4.660034362612559278e+01 6.660766484672903687e+01 7.277810581571371529e+01 7.941402073156878316e+01 8.765158997165701749e+01 9.758105879116152437e+01 8.330717862722698897e+01 6.914475949883788530e+01 5.915034967659723009e+01
5.824731837184462790e+01 5.653209475941793016e+01 3.668950789721738204e+01 4.237049052651687475e+01 2.411944681202615115e+01 3.828619682316819706e+01 5.900851630154178906e+01 5.830714975057044569e+01 4.984191462656212224e+01 3.469388901836945394e+01 3.833966399642834944e+01 4.250616598728495887e+01 4.767210491248768989e+01 5.524900477933076104e+01 6.941985946913025884e+01 8.939683647948720591e+01 9.026925146787563392e+01 7.210775189358223258e+01 4.572331876455010047e+01 4.247635985730367025e+01 6.244098019278803235e+01 7.536599911094718607e+01 7.992342860788723158e+01 6.162041783691819319e+01 6.187170079649558119e+01 4.774109891386247995e+01 6.778120597236505773e+01 6.282663653599314557e+01 4.281107571531751432e+01 4.701938757109920175e+01 5.281546834345104457e+01 5.950627598400375717e+01 6.949627984775356992e+01 8.933176161538396798e+01 9.746792816955668570e+01 8.090909760535616613e+01 6.089574689061380042e+01
4.723027615018364145e+01 5.551717118867078682e+01 4.256723302504008188e+01 2.264135252860819492e+01 4.256723151655332060e+01 5.280364551676144913e+01 5.422275159744876305e+01 4.591474990294629777e+01 2.999275880920513515e+01 3.664459806147762322e+01 5.659948011568005910e+01 6.253133075111610850e+01 6.770338504034259586e+01 5.924694357834582092e+01 7.925509890304613236e+01 9.068165631314568031e+01 7.926556528261251344e+01 6.208214588599177830e+01 5.972786898809172840e+01 3.970605621518079431e+01 5.972786898809172840e+01 7.689057228709029346e+01 7.245708333141492119e+01 5.332680557591889681e+01 4.182545127389266071e+01 6.187170079947210155e+01 7.603730376800021418e+01 5.917231181512621419e+01 3.915550471738116300e+01 5.917231181512621419e+01 7.277810581571371529e+01 7.941402073156878316e+01 8.765158997165701749e+01 9.758105879116152437e+01 9.507447255109305218e+01 7.504160718673198005e+01 8.090909373485206402e+01
2.732634540525953071e+01 4.428414178909113730e+01 4.150038127151068323e+01 2.164265926309195365e+01 3.994056831785563588e+01 4.830234916724416649e+01 4.214233607505542523e+01 2.594989257344114719e+01 4.591474990341203011e+01 5.659948011544555868e+01 4.819214121827461383e+01 5.973662860781931272e+01 7.948700205281480180e+01 7.081413723123549175e+01 8.753492739261125166e+01 8.254200550547038517e+01 6.271805843133743963e+01 5.121119920135276260e+01 4.226636611354956585e+01 3.711149215984225691e+01 4.868100192544147831e+01 6.866254907947381980e+01 7.312293541271239405e+01 5.257416970590087857e+01 3.822895741617010401e+01 5.345981764235530420e+01 6.048171726347060684e+01 5.221773742743310720e+01 3.620470444492384843e+01 4.777521212937177353e+01 6.192838084514404073e+01 8.183245113079061639e+01 8.860378753444457800e+01 9.686214981179901429e+01 1.033630533025560680e+02 9.507447255109305218e+01 9.079817470846346339e+01
4.427963025928549712e+01 2.412273329216160178e+01 4.140386860983539208e+01 3.998651450222281767e+01 2.027102098806355457e+01 3.851982683907350236e+01 2.229812433239503022e+01 4.214233607505542523e+01 4.004656881506247146e+01 6.008179227328260907e+01 6.808411862774846668e+01 7.618741140554382696e+01 8.753677270984510983e+01 9.078566697911037409e+01 9.907056622319014139e+01 8.507936971035788076e+01 6.530493966477234835e+01 5.380470808823181272e+01 5.460904352615472845e+01 3.459349333103394031e+01 5.144417715136915348e+01 5.969901232185165441e+01 6.466854417141436784e+01 6.650063356219341415e+01 5.345981764235530420e+01 3.344253067327479556e+01 4.892679477816270150e+01 3.219996742540693901e+01 3.656939103129624868e+01 5.658590657049623474e+01 6.825356079609480275e+01 7.456218489344126965e+01 6.874596264208381058e+01 8.860378753444457800e+01 9.755498732254207539e+01 8.744695344093452150e+01 7.910350017166186376e+01
3.843446211497630571e+01 4.140390855109605894e+01 2.097893178322675212e+01 3.854380568583729172e+01 3.717280280663754155e+01 1.893870183942287611e+01 3.851982684119193578e+01 5.044656392853980265e+01 6.008179227318622395e+01 6.839893443996774636e+01 7.780497546258008867e+01 6.970411071565224859e+01 7.758033843393737072e+01 7.971650433263619107e+01 8.786554531551156799e+01 9.318435241508367994e+01 8.186885743479301425e+01 7.370429785173566017e+01 6.274373331894570072e+01 5.135820332921031195e+01 3.142571787870912559e+01 4.835564230304598965e+01 4.468940127061591738e+01 6.466854417141436784e+01 6.172184777677994560e+01 4.892679477732741589e+01 2.890285280687560743e+01 4.892639019807732126e+01 5.658527568888936798e+01 4.324685716768206589e+01 4.826181584930662893e+01 5.461272110389128187e+01 6.616649129231579707e+01 8.603091563496907668e+01 8.924185022937356848e+01 6.896515011395004535e+01 5.876400323907159873e+01
5.840689328332722852e+01 4.970532292552293541e+01 3.854380568555158249e+01 1.850226256609328956e+01 1.770266239871035907e+01 3.480414078929711508e+01 3.117860056351983999e+01 4.525743384966077798e+01 6.528260586071529303e+01 7.116061191787005669e+01 6.308613897423732197e+01 5.040957330227703181e+01 5.825623643196778545e+01 6.036508286473582530e+01 7.930138966819767177e+01 8.902358490989027473e+01 9.074262215396137776e+01 8.253794304037771212e+01 6.817526738187152091e+01 5.291774145170919041e+01 3.293021381771252720e+01 2.832991846889913390e+01 4.563048646284763521e+01 5.389349491374867540e+01 6.121384363861223221e+01 4.121929984966561022e+01 2.704572142740892815e+01 4.707381473897568469e+01 6.419331562639692379e+01 6.325387545208472773e+01 6.825128823911633447e+01 6.460321525646517671e+01 8.280221732855531513e+01 9.428227814427746978e+01 9.755498732254207539e+01 8.744695344093452150e+01 7.910154735341939158e+01
5.606533887943356120e+01 5.037498479917287852e+01 4.503705688982149979e+01 3.622926167686579646e+01 1.679329722257245905e+01 3.622926366044075763e+01 5.105840510996054604e+01 5.943146873290876187e+01 6.645750834870517565e+01 5.839329235133094897e+01 4.373703669491395374e+01 3.917802056603284910e+01 4.462019605899617147e+01 5.193773716419163122e+01 6.152506417620846690e+01 8.086395860417565018e+01 8.253794304037771212e+01 6.270451433843788180e+01 6.000667201106616488e+01 4.001290844099522559e+01 5.293619701202935346e+01 4.563048646284763521e+01 2.559713819285761716e+01 4.296528945405085409e+01 5.123099632909929824e+01 4.525781636616334680e+01 2.521976213060579042e+01 4.523969882624076178e+01 4.427569284265995009e+01 5.841001172038593836e+01 7.815750231761543887e+01 8.449508708251637756e+01 9.274510976092976478e+01 9.615232667980335179e+01 8.797850884425940876e+01 9.615232669579552294e+01 8.411789120475604875e+01
3.554847627115788811e+01 2.907661046731041310e+01 2.278313909262904957e+01 3.506500178866426154e+01 1.595541554093818171e+01 2.956702991105161260e+01 4.944160925402551499e+01 5.413662576832498985e+01 5.523550481505035492e+01 3.896932374165910318e+01 3.238760975374523099e+01 3.788989090683085692e+01 5.164178528220920583e+01 7.095222613021114455e+01 7.930138966819765756e+01 8.902358490989027473e+01 8.253794304037771212e+01 6.270451433843788180e+01 4.856309740398807406e+01 6.000667201106616488e+01 6.823286681861463876e+01 5.389349491374681378e+01 4.296528945405085409e+01 2.292844220150217538e+01 4.296517056159866144e+01 4.100684503961329597e+01 2.341871901441607662e+01 3.010560033657969825e+01 4.429202431903534176e+01 6.449302034629857872e+01 7.048949668233838395e+01 7.871199444995971817e+01 9.021503249210857689e+01 8.626925881965181020e+01 6.819878974489310508e+01 8.626925891173449656e+01 9.243459589689233269e+01
5.606533887943356120e+01 5.037498497614078730e+01 3.762118085101452181e+01 1.475256055836427294e+01 1.955064335458628122e+01 3.525677910981815444e+01 4.840896804165295464e+01 3.461753362665108114e+01 4.304093003253036898e+01 2.755093905686954869e+01 3.642605745590822863e+01 5.587805791730443161e+01 4.663487126347730083e+01 5.627602713527939926e+01 6.735948786437900537e+01 8.679080474269737522e+01 8.832824017680260908e+01 6.851359111105614375e+01 6.851359111105612953e+01 7.672356824618293558e+01 7.370790072045355146e+01 5.377648899510845126e+01 4.112074811365758364e+01 2.108815711312562513e+01 3.858678857287958408e+01 2.097478663549183509e+01 4.073148527434553756e+01 5.010129423681487282e+01 5.844246807311652248e+01 5.878955360592269841e+01 5.022460082830615846e+01 6.203845879702016219e+01 8.203382912210366840e+01 7.808864929456854043e+01 5.803079001588046992e+01 7.099712513854593965e+01 9.085080187276457764e+01
5.131977573059491249e+01 4.695652610154377271e+01 3.733417525844044604e+01 1.733773229128534155e+01 1.355401017565544564e+01 3.351521323520130835e+01 3.663632755205753710e+01 2.059168103027036523e+01 2.333827072894599297e+01 4.304093003253036898e+01 5.523550481505035492e+01 5.232708636459744156e+01 6.592407792378539000e+01 6.025747874397036696e+01 7.960445851622698399e+01 9.497791670560408761e+01 8.871832097428345776e+01 7.927176402173574843e+01 7.096298314504204541e+01 6.877848704594497065e+01 6.788877801708521531e+01 4.793098748607671666e+01 3.376510826330323312e+01 3.857451410606918785e+01 1.856570123584928567e+01 3.685790275942132865e+01 4.519983709359446777e+01 5.567590911084204919e+01 5.878955360593174362e+01 3.835580560944598005e+01 5.878955360593174362e+01 7.258799218788762175e+01 7.129726656513525995e+01 6.302855093800624786e+01 5.068116746651340776e+01 6.516720557181508866e+01 8.507179602409169661e+01
3.132485400825616750e+01 2.696402416519335432e+01 2.288344525115686778e+01 3.288290221343548581e+01 1.271772567819158795e+01 3.200142954659030892e+01 1.684362741052549950e+01 3.663637753838405331e+01 4.304093003235763604e+01 3.733686016093379578e+01 5.681177287758229966e+01 7.167806941798880871e+01 7.979030787240559164e+01 7.960445851622698399e+01 8.775438705091021063e+01 8.573805713463572431e+01 7.576303752369130962e+01 6.047261591186638441e+01 5.112563768479151349e+01 4.896163757327274624e+01 5.022135219258638728e+01 4.621759591609382767e+01 4.246531655118065629e+01 3.887889549643757192e+01 3.649389364138882996e+01 1.683396483590689385e+01 3.686140544247587059e+01 3.502151530460605500e+01 4.363100600646287575e+01 3.193083897375035107e+01 4.395113618599233973e+01 5.327693089824673933e+01 5.684541751672885113e+01 4.252141735092114772e+01 5.181948230963182311e+01 6.367759988699310014e+01 8.359782566435328022e+01
5.131977573059491249e+01 4.695652610154377271e+01 4.287557373653466186e+01 3.307098480192968282e+01 1.187511647381420765e+01 1.323265525013314736e+01 3.310252685214362600e+01 3.663637757946182916e+01 5.617459461542984656e+01 5.681177287740107573e+01 6.488020680487238678e+01 7.534496352980525558e+01 7.850861943641857010e+01 7.850861943641857010e+01 8.670724234857567581e+01 7.739932207623958504e+01 5.752444109716539344e+01 4.769325296993859808e+01 4.070382800496524567e+01 3.495681508665320081e+01 3.036878322612003345e+01 2.636226101993645443e+01 2.257886325721265663e+01 1.898893463279827287e+01 3.146122203276315688e+01 1.561738767235849856e+01 1.813241020426909600e+01 2.068680682733434750e+01 2.333575440406438517e+01 2.639433094549322334e+01 2.953046973890166527e+01 3.283492538550971318e+01 3.634602261310101312e+01 5.684541751672885113e+01 7.129726651221987765e+01 8.030526059583100107e+01 9.177664960815394579e+01
